197
0 0.0  0.681946  0.647062  0.464206  0.517694  0.338576  0.453870  0.686073  0.559868  0.680088  0.549291  0.606646  0.671445  0.731449  0.580234  0.727296  0.744346  0.647133  0.304257  0.577395  0.499219  0.591148  0.656948  0.559120  0.564112  0.736985  0.768562  0.592835  0.559568  0.493390  0.796141  0.722680  0.584713  0.671259  0.554332  0.661623  0.545833  0.512165  0.722251  0.759620  0.786366  0.589385  0.638382  0.713712  0.612645  0.201792  0.572789  0.757088  0.540232  0.634912  0.603364  0.465459  0.598218  0.704528  0.583051  0.666013  0.760757  0.639563  0.407191  0.625827  0.734339  0.779221  0.695431  0.698276  0.720493  0.747035  0.677509  0.606632  0.563787  0.707674  0.711224  0.684231  0.511173  0.706092  0.567609  0.779141  0.567122  0.674877  0.732512  0.733620  0.769660  0.750592  0.438480  0.510800  0.518086  0.795718  0.735459  0.667611  0.755142  0.752846  0.778769  0.690983  0.766621  0.736034  0.723797  0.634245  0.585536  0.681964  0.658641  0.729186  0.808088  0.423395  0.585271  0.648993  0.603250  0.722429  0.549156  0.561270  0.683445  0.653247  0.561737  0.688682  0.585762  0.679954  0.631814  0.470157  0.745365  0.723693  0.709124  0.506526  0.606130  0.681188  0.590834  0.788924  0.758751  0.613871  0.981144  0.733653  0.776463  0.601698  0.819491  0.708180  0.732331  0.655208  0.730439  0.708509  0.754099  0.612075  0.540954  0.699257  0.736663  0.729024  0.808059  0.569357  0.642694  0.688706  0.587081  0.617123  0.513549  0.882265  0.731299  0.713524  0.845962  0.779907  0.728798  1.000000  0.804997  0.820821  0.777016  0.697539  0.735611  0.695771  0.775785  0.933263  0.880512  0.682880  0.595328  0.671892  0.624849  0.559842  0.730784  0.456359  0.596860  0.795971  0.815830  0.754397  0.798889  0.766411  0.634427  0.652706  0.521895  0.678432  0.810238  0.780731  0.567129  0.756031  0.698532  0.625431  0.472928  0.457733  0.518114  0.779328  0.488608  0.768552  0.554820  0.758682  0.791459 
1  0.681946 0.0  0.378620  0.493046  0.565485  0.574110  0.574133  0.482916  0.381137  0.597737  0.616518  0.508302  0.595060  0.703306  0.740413  0.791041  0.503619  0.346704  0.560812  0.594551  0.611361  0.434032  0.315657  0.608016  0.575520  0.550489  0.707481  0.485580  0.519189  0.700567  0.829766  0.678273  0.705709  0.590861  0.701980  0.337419  0.576376  0.527233  0.562339  0.541787  0.632291  0.560216  0.487018  0.490867  0.467007  0.629132  0.355162  0.713523  0.483751  0.476172  0.418891  0.542247  0.632076  0.446054  0.507470  0.644333  0.438192  0.368541  0.651275  0.574469  0.477298  0.785705  0.684944  0.711834  0.684119  0.661543  0.639999  0.253576  0.279283  0.410744  0.799365  0.097568  0.574436  0.419807  0.264750  0.674527  0.425826  0.663982  0.764308  0.685863  0.769521  0.755786  0.506176  0.663496  0.710462  0.756982  0.774046  0.647074  0.770789  0.674966  0.767471  0.300347  0.691189  0.660416  0.830711  0.657875  0.519260  0.733234  0.714267  0.714337  0.673182  0.660271  0.738616  0.611735  0.662730  0.330631  0.526772  0.645239  0.527272  0.632941  0.560617  0.711165  0.335223  0.635396  0.666191  0.649586  0.878593  0.654582  0.260897  0.448352  0.553863  0.606329  0.628683  0.767768  0.806515  0.385438  0.831566  0.747968  0.607225  0.599424  0.800356  0.535365  0.790365  0.775979  0.563385  0.589742  0.661453  0.348621  0.532731  0.767945  0.430897  0.681878  0.788465  0.589754  0.483875  0.606370  0.414273  0.340799  0.468069  0.747615  0.725058  0.770704  0.681355  0.730771  0.677538  0.758106  0.717438  0.752379  0.702839  0.711549  0.562195  0.521838  0.801854  0.732073  0.646825  0.593790  0.550840  0.568167  0.697713  0.574484  0.735629  0.620645  0.596035  0.741956  0.587227  0.658365  0.693408  0.759584  0.350140  0.478427  0.668946  0.487061  0.849317  0.490662  0.650801  0.666430  0.627127  0.699203  0.629127  0.588752  0.788278  0.764970  0.610003  0.790528  0.466737  0.723420  0.821448 
2  0.647062  0.378620 0.0  0.594888  0.684385  0.732578  0.584196  0.190023  0.221230  0.496475  0.725088  0.442652  0.422414  0.730449  0.655350  0.761846  0.406770  0.438634  0.676655  0.789424  0.510426  0.487779  0.371983  0.573886  0.455123  0.635689  0.716239  0.468146  0.534380  0.732999  0.626335  0.601716  0.641110  0.594860  0.692094  0.462549  0.654715  0.576152  0.731443  0.527450  0.605732  0.562006  0.419518  0.599787  0.490167  0.736970  0.375067  0.720100  0.554963  0.455133  0.330388  0.589655  0.481192  0.323232  0.779938  0.521397  0.502888  0.423340  0.597427  0.546889  0.516189  0.785276  0.713976  0.640404  0.756725  0.761095  0.590902  0.395311  0.349988  0.516487  0.832602  0.400123  0.644968  0.243797  0.517004  0.758322  0.577731  0.659838  0.723004  0.682873  0.617947  0.681599  0.641735  0.684750  0.683029  0.660452  0.625078  0.614281  0.678702  0.621566  0.726007  0.397874  0.676577  0.742717  0.802455  0.609173  0.625853  0.641839  0.722780  0.570776  0.722813  0.704784  0.717144  0.640385  0.534970  0.206819  0.414529  0.622164  0.500672  0.453122  0.646701  0.624811  0.296815  0.693358  0.832583  0.613970  0.787406  0.711208  0.312358  0.546929  0.390771  0.642483  0.675131  0.719232  0.715223  0.389360  0.684533  0.636517  0.666613  0.429244  0.768894  0.592001  0.726784  0.708025  0.607385  0.674449  0.749512  0.369088  0.521568  0.746220  0.209982  0.750347  0.661381  0.711658  0.500762  0.629456  0.412571  0.410403  0.533722  0.693120  0.661520  0.698935  0.668053  0.768279  0.656091  0.755800  0.795941  0.737956  0.668268  0.814565  0.610920  0.565520  0.632146  0.780183  0.574272  0.596808  0.437470  0.624003  0.661418  0.560831  0.761320  0.574123  0.695219  0.712143  0.676638  0.751101  0.644029  0.671005  0.376005  0.391313  0.669400  0.516178  0.764016  0.518662  0.803090  0.752307  0.637191  0.733830  0.672706  0.542904  0.668941  0.748527  0.759343  0.728604  0.454713  0.644117  0.830993 
3  0.464206  0.493046  0.594888 0.0  0.434881  0.475259  0.558602  0.646636  0.582006  0.684681  0.646143  0.554198  0.615189  0.715122  0.697341  0.688039  0.623456  0.684760  0.466952  0.562875  0.560469  0.675571  0.656137  0.648283  0.460547  0.619362  0.719189  0.600712  0.481366  0.493895  0.731765  0.690525  0.569494  0.605002  0.647194  0.612691  0.517361  0.527029  0.718791  0.704392  0.709946  0.681014  0.537648  0.601677  0.601718  0.464260  0.652699  0.751843  0.377464  0.640666  0.621960  0.437353  0.708436  0.620874  0.390019  0.643190  0.627794  0.648371  0.553045  0.394518  0.578357  0.841765  0.887201  0.696157  0.732245  0.723939  0.626587  0.610432  0.494689  0.517223  0.837606  0.494301  0.522073  0.571032  0.475663  0.737412  0.487690  0.572456  0.677215  0.794692  0.745827  0.777137  0.620198  0.511029  0.422674  0.699428  0.818530  0.756851  0.804903  0.703711  0.676624  0.654052  0.709816  0.808830  0.785142  0.631336  0.424069  0.719677  0.660502  0.638919  0.670963  0.568489  0.518370  0.714410  0.580090  0.676533  0.646615  0.615363  0.685778  0.642058  0.690356  0.686273  0.487124  0.641333  0.760345  0.530977  0.729814  0.642381  0.505691  0.580719  0.658898  0.437285  0.723044  0.825305  0.871634  0.535265  0.756805  0.711893  0.677322  0.338061  0.723534  0.734680  0.757595  0.571981  0.706850  0.800139  0.705216  0.550189  0.373060  0.701825  0.594291  0.633496  0.744594  0.639883  0.585129  0.803070  0.663931  0.520501  0.599617  0.769505  0.722478  0.767224  0.585549  0.823694  0.840073  0.834936  0.697217  0.727879  0.680367  0.717749  0.754937  0.583522  0.689858  0.753367  0.656424  0.758322  0.723347  0.525721  0.696887  0.431503  0.801238  0.571316  0.675427  0.777270  0.724320  0.837995  0.726145  0.777035  0.636382  0.670915  0.674688  0.534155  0.725575  0.632569  0.573654  0.825922  0.636520  0.722761  0.460452  0.463698  0.627063  0.807559  0.496802  0.772441  0.567456  0.648197  0.823348 
4  0.517694  0.565485  0.684385  0.434881 0.0  0.526120  0.468438  0.705749  0.526622  0.666726  0.584627  0.630169  0.705413  0.682994  0.718785  0.714347  0.573796  0.608989  0.506340  0.597476  0.326588  0.578256  0.606592  0.726464  0.408813  0.718968  0.689425  0.626329  0.429595  0.378423  0.689637  0.758372  0.632968  0.746532  0.495566  0.682464  0.414155  0.337361  0.612974  0.645898  0.741456  0.592835  0.609015  0.445272  0.554546  0.562699  0.586012  0.960766  0.435847  0.692096  0.623590  0.403031  0.719629  0.599527  0.558268  0.724379  0.652698  0.640364  0.525606  0.548907  0.512940  0.713428  0.776010  0.700866  0.741597  0.774062  0.686357  0.587859  0.623678  0.566379  0.824817  0.588332  0.585453  0.539848  0.605431  0.848386  0.385299  0.517299  0.739328  0.786394  0.819640  0.819229  0.541172  0.636304  0.346265  0.578861  0.643569  0.783119  0.728103  0.707694  0.677946  0.630518  0.708431  0.704330  0.749081  0.627106  0.488875  0.626131  0.651107  0.788456  0.629113  0.630962  0.598531  0.810479  0.640476  0.499531  0.614919  0.548381  0.718078  0.719226  0.628075  0.756689  0.659547  0.673253  0.764329  0.643455  0.787991  0.552001  0.490240  0.596781  0.561571  0.469680  0.742014  0.778010  0.752158  0.618792  0.687954  0.800359  0.721786  0.221574  0.619711  0.745071  0.730399  0.696704  0.637400  0.714058  0.769964  0.592860  0.447312  0.749954  0.593119  0.693394  0.846122  0.614368  0.530837  0.754918  0.618753  0.575502  0.528949  0.714120  0.641371  0.722954  0.740229  0.764701  0.717828  0.704206  0.827417  0.713350  0.760910  0.809223  0.702202  0.640803  0.684967  0.823236  0.776474  0.717743  0.671145  0.531924  0.584134  0.447562  0.766828  0.553540  0.621950  0.772763  0.655187  0.743980  0.806852  0.756814  0.629733  0.596174  0.654297  0.586084  0.730811  0.743456  0.571916  0.775180  0.735982  0.645312  0.517562  0.336194  0.570995  0.858717  0.468570  0.742982  0.534588  0.695433  0.748479 
5  0.338576  0.574110  0.732578  0.475259  0.526120 0.0  0.481019  0.593962  0.664381  0.697728  0.590528  0.740400  0.709147  0.667308  0.569758  0.738336  0.625237  0.659535  0.365202  0.547764  0.513752  0.621802  0.668124  0.666757  0.692249  0.836382  0.673950  0.647616  0.602026  0.470226  0.784956  0.769517  0.485268  0.779055  0.584446  0.689366  0.545364  0.529930  0.700168  0.725241  0.668017  0.640094  0.553460  0.677406  0.655113  0.262517  0.613050  0.755812  0.588842  0.617227  0.593092  0.592037  0.674749  0.582879  0.581205  0.716204  0.733221  0.580482  0.561939  0.557341  0.578354  0.838909  0.740579  0.800643  0.716376  0.737468  0.727720  0.605965  0.664048  0.666872  0.746830  0.591646  0.585285  0.710433  0.632179  0.740593  0.598807  0.624038  0.766175  0.738041  0.748827  0.725470  0.491018  0.497977  0.585103  0.734600  0.787689  0.866944  0.693533  0.697572  0.762576  0.641074  0.788047  0.737700  0.805655  0.737881  0.551097  0.741711  0.684830  0.708258  0.797216  0.370415  0.532709  0.723828  0.671126  0.599067  0.615859  0.602663  0.569945  0.653930  0.679201  0.663026  0.610746  0.649605  0.804899  0.536810  0.731312  0.600338  0.619152  0.743371  0.618682  0.469944  0.656332  0.661790  0.714877  0.691437  0.674300  0.782392  0.764320  0.529557  0.805333  0.659644  0.807124  0.601810  0.707203  0.663036  0.893383  0.655874  0.596102  0.712410  0.740816  0.653073  0.748677  0.659637  0.634548  0.705497  0.611031  0.581647  0.588712  0.890505  0.731376  0.869029  0.694047  0.825536  0.803777  0.758615  0.775237  0.735007  0.774527  0.726303  0.695862  0.603996  0.671800  0.784842  0.764621  0.766743  0.654919  0.609306  0.612373  0.496099  0.771902  0.538138  0.591343  0.779544  0.750328  0.818988  0.753065  0.663069  0.668122  0.691032  0.643282  0.659764  0.812706  0.766008  0.508565  0.715809  0.686143  0.612881  0.449976  0.612407  0.624610  0.758085  0.555210  0.779084  0.480927  0.722510  0.687549 
6  0.453870  0.574133  0.584196  0.558602  0.468438  0.481019 0.0  0.596628  0.550614  0.831444  0.444571  0.587976  0.632689  0.684663  0.670036  0.781439  0.670371  0.649123  0.387985  0.616155  0.411626  0.537634  0.553813  0.698983  0.557460  0.641533  0.636737  0.574992  0.657982  0.448889  0.708681  0.762353  0.489765  0.695704  0.593610  0.529934  0.420870  0.396811  0.680405  0.724659  0.627584  0.627132  0.655530  0.528008  0.594074  0.410260  0.588577  0.762459  0.482442  0.705181  0.662838  0.514104  0.570734  0.640631  0.408134  0.629672  0.619401  0.462923  0.497092  0.542730  0.709040  0.774113  0.718163  0.791834  0.720489  0.775541  0.635806  0.552555  0.631759  0.660557  0.663761  0.553411  0.440217  0.675806  0.563493  0.785511  0.519759  0.615909  0.628239  0.746971  0.663708  0.799773  0.477012  0.538621  0.414231  0.769157  0.866997  0.862657  0.741526  0.603502  0.565634  0.690882  0.730240  0.757446  0.875547  0.707817  0.492080  0.711099  0.709989  0.769069  0.721484  0.429963  0.538565  0.819989  0.645674  0.585494  0.672806  0.666253  0.655135  0.637429  0.670941  0.701301  0.626823  0.752638  0.741453  0.542808  0.771810  0.546911  0.631361  0.608803  0.632904  0.431019  0.672689  0.766760  0.796362  0.641402  0.837496  0.807600  0.757413  0.439790  0.792231  0.776825  0.775497  0.627417  0.637897  0.693024  0.716053  0.600305  0.548245  0.766746  0.683013  0.602461  0.781115  0.699783  0.548440  0.758419  0.496431  0.638668  0.561952  0.784763  0.833521  0.802102  0.692365  0.787877  0.762671  0.905404  0.698108  0.818684  0.748979  0.762419  0.708968  0.673780  0.793073  0.755744  0.917794  0.755681  0.568884  0.440186  0.555059  0.517412  0.778991  0.428793  0.543879  0.785073  0.803310  0.757412  0.769903  0.726680  0.576684  0.682260  0.562084  0.641152  0.891638  0.567103  0.637254  0.771162  0.658013  0.633001  0.504016  0.544026  0.642199  0.787441  0.492300  0.719560  0.700469  0.672913  0.830412 
7  0.686073  0.482916  0.190023  0.646636  0.705749  0.593962  0.596628 0.0  0.344664  0.440372  0.642642  0.458911  0.597536  0.680598  0.706589  0.712111  0.335753  0.411159  0.633264  0.687426  0.608249  0.505158  0.293571  0.594218  0.570466  0.653136  0.762045  0.368573  0.559830  0.575468  0.804065  0.780442  0.633157  0.694884  0.603049  0.508043  0.644059  0.582462  0.741585  0.595893  0.609598  0.464258  0.486136  0.556168  0.525906  0.504487  0.531845  0.753408  0.604680  0.394070  0.410866  0.554910  0.460643  0.511393  0.607596  0.505948  0.431978  0.522165  0.759393  0.542983  0.368859  0.683833  0.717694  0.583478  0.766860  0.670601  0.529604  0.343681  0.381344  0.430769  0.743476  0.427522  0.682565  0.282660  0.465958  0.787486  0.562064  0.714146  0.814381  0.684774  0.648233  0.736042  0.625857  0.624415  0.599051  0.612101  0.659898  0.664274  0.672498  0.570267  0.705540  0.297277  0.729784  0.603006  0.703771  0.515191  0.554332  0.552363  0.655604  0.635058  0.672951  0.681748  0.687591  0.534648  0.497343  0.184850  0.436676  0.704118  0.474276  0.537552  0.637630  0.654317  0.161491  0.609645  0.647059  0.704563  0.749852  0.759664  0.077253  0.406815  0.311981  0.573339  0.759416  0.742678  0.765622  0.448489  0.797966  0.752695  0.670354  0.603795  0.667054  0.610864  0.760315  0.722763  0.518184  0.671346  0.706319  0.348069  0.628579  0.723819  0.198993  0.775770  0.668938  0.621212  0.501848  0.627494  0.393044  0.465434  0.602478  0.656590  0.727019  0.736555  0.618706  0.831342  0.678251  0.704450  0.703589  0.824552  0.634424  0.857123  0.557605  0.546738  0.684217  0.776226  0.806855  0.711062  0.509629  0.695678  0.780038  0.656697  0.699142  0.637693  0.649766  0.730847  0.631831  0.713035  0.645710  0.579694  0.352378  0.415777  0.570772  0.341357  0.668135  0.588227  0.666406  0.789546  0.629783  0.650691  0.670304  0.585780  0.642654  0.700044  0.582991  0.731786  0.559801  0.575994  0.745177 
8  0.559868  0.381137  0.221230  0.582006  0.526622  0.664381  0.550614  0.344664 0.0  0.517669  0.719416  0.501093  0.707192  0.686802  0.782023  0.745705  0.460490  0.411817  0.678223  0.705961  0.562875  0.487875  0.372410  0.604520  0.668166  0.610747  0.729595  0.474095  0.642614  0.544717  0.764434  0.785715  0.730461  0.621808  0.663694  0.477416  0.629756  0.605353  0.700914  0.534766  0.646936  0.482095  0.390839  0.521695  0.548806  0.561342  0.566770  0.811240  0.623359  0.515971  0.393156  0.511655  0.485511  0.493528  0.565948  0.579517  0.537906  0.439940  0.703200  0.487542  0.451371  0.832365  0.663297  0.683425  0.686719  0.633115  0.633483  0.464591  0.392801  0.585247  0.742788  0.477173  0.744353  0.223315  0.487780  0.719209  0.523770  0.731957  0.712415  0.751321  0.587876  0.724386  0.592729  0.548590  0.725677  0.738384  0.576187  0.636935  0.621275  0.602278  0.603691  0.296496  0.600131  0.639414  0.754876  0.697053  0.522824  0.566036  0.693948  0.684397  0.729781  0.733548  0.730210  0.586979  0.549357  0.182266  0.451987  0.699685  0.563654  0.537977  0.570426  0.663693  0.177678  0.548777  0.778748  0.692720  0.842219  0.644145  0.187060  0.368593  0.387450  0.510250  0.682833  0.775234  0.773284  0.424519  0.708610  0.802002  0.729830  0.587138  0.880452  0.474855  0.699101  0.726852  0.538471  0.510207  0.805269  0.277158  0.435596  0.676420  0.321180  0.829234  0.672161  0.636375  0.582669  0.642916  0.322305  0.428943  0.461058  0.719568  0.699079  0.698349  0.684064  0.639247  0.681038  0.725398  0.701117  0.685940  0.732865  0.826079  0.635566  0.581796  0.765473  0.736832  0.747706  0.683324  0.482838  0.595482  0.754340  0.652587  0.678597  0.687675  0.673738  0.708826  0.703239  0.704211  0.619640  0.655508  0.307826  0.332929  0.715159  0.361956  0.712047  0.563772  0.658587  0.717204  0.684802  0.627245  0.666309  0.614177  0.697687  0.754606  0.592896  0.792179  0.522392  0.598299  0.835097 
9  0.680088  0.597737  0.496475  0.684681  0.666726  0.697728  0.831444  0.440372  0.517669 0.0  0.758525  0.260475  0.346444  0.646026  0.684296  0.654225  0.469025  0.516641  0.587580  0.674562  0.590397  0.565319  0.437749  0.548455  0.557171  0.488845  0.537856  0.488679  0.635414  0.641127  0.788805  0.647744  0.655381  0.550846  0.781887  0.553739  0.601369  0.642110  0.780374  0.315348  0.586895  0.533339  0.573149  0.664177  0.551497  0.687844  0.588916  0.727402  0.577067  0.410339  0.603913  0.663228  0.536067  0.570627  0.657788  0.521705  0.584480  0.463662  0.727922  0.572875  0.616659  0.769043  0.647136  0.590317  0.660675  0.660680  0.490262  0.532030  0.533706  0.543335  0.608905  0.521152  0.706290  0.567269  0.522729  0.691818  0.576863  0.730296  0.696143  0.820014  0.603235  0.699588  0.680304  0.711773  0.515378  0.635133  0.669572  0.698509  0.708233  0.571381  0.607648  0.507572  0.544829  0.642004  0.687251  0.390106  0.584494  0.587352  0.683488  0.579521  0.577871  0.631264  0.605887  0.582088  0.600616  0.569665  0.592218  0.674417  0.562220  0.374701  0.523850  0.621663  0.447500  0.601175  0.667830  0.622814  0.766358  0.716317  0.413039  0.404183  0.584192  0.790441  0.687978  0.733415  0.726548  0.556346  0.563307  0.560244  0.604934  0.653843  0.798390  0.619692  0.665347  0.670517  0.542313  0.557047  0.812706  0.600701  0.558124  0.616542  0.468257  0.712349  0.805676  0.607588  0.635528  0.486098  0.566709  0.530182  0.635820  0.755557  0.656860  0.757784  0.674912  0.747668  0.658721  0.872324  0.630125  0.713919  0.582385  0.782636  0.505646  0.495934  0.750822  0.607858  0.756279  0.432565  0.542896  0.673728  0.700072  0.693932  0.728239  0.742413  0.771631  0.641626  0.602119  0.611393  0.659631  0.777185  0.511760  0.423259  0.578519  0.423310  0.770270  0.576751  0.728977  0.721627  0.604606  0.835178  0.612326  0.612000  0.819582  0.767760  0.695130  0.781859  0.635346  0.665554  0.793807 
10  0.549291  0.616518  0.725088  0.646143  0.584627  0.590528  0.444571  0.642642  0.719416  0.758525 0.0  0.663012  0.681642  0.769136  0.660358  0.721133  0.634681  0.584477  0.491452  0.595455  0.611804  0.633481  0.703025  0.718488  0.547031  0.787369  0.719811  0.670314  0.583521  0.451210  0.879463  0.820051  0.384866  0.679680  0.590155  0.537740  0.492536  0.644302  0.547760  0.721020  0.816848  0.714341  0.703067  0.626165  0.617946  0.449874  0.641015  0.819180  0.719332  0.708028  0.642240  0.598027  0.639755  0.590240  0.693309  0.719695  0.604134  0.736852  0.618320  0.553318  0.637053  0.739227  0.726420  0.732573  0.778042  0.780383  0.774762  0.731702  0.606694  0.673712  0.774115  0.686491  0.432942  0.701654  0.609844  0.713360  0.579045  0.502519  0.818788  0.678819  0.827392  0.759838  0.496489  0.531190  0.546623  0.768157  0.798902  0.743982  0.738938  0.684381  0.776083  0.717846  0.710970  0.715712  0.776166  0.652300  0.650553  0.766748  0.693571  0.761102  0.746866  0.584201  0.488961  0.743617  0.767376  0.652846  0.822160  0.484894  0.552032  0.633244  0.633264  0.662894  0.560127  0.684926  0.696025  0.483052  0.762621  0.559156  0.598839  0.702836  0.710741  0.515268  0.756090  0.785919  0.869717  0.587186  0.796051  0.719902  0.726043  0.506375  0.776730  0.725296  0.660225  0.500729  0.701966  0.652482  0.822298  0.650102  0.584366  0.700592  0.669775  0.590128  0.814408  0.718412  0.613348  0.783902  0.711980  0.636247  0.723446  0.750226  0.715551  0.844896  0.710027  0.802053  0.870311  0.795735  0.813321  0.777956  0.722096  0.716360  0.722560  0.703538  0.871506  0.703104  0.834295  0.797614  0.662120  0.358451  0.412835  0.572413  0.863789  0.448590  0.557532  0.846017  0.812259  0.743244  0.704919  0.876725  0.621226  0.642935  0.607477  0.741675  0.861197  0.602523  0.456489  0.746454  0.761825  0.575483  0.361940  0.536865  0.509307  0.736761  0.513585  0.710567  0.503964  0.624973  0.826975 
11  0.606646  0.508302  0.442652  0.554198  0.630169  0.740400  0.587976  0.458911  0.501093  0.260475  0.663012 0.0  0.478941  0.744337  0.693713  0.720207  0.467945  0.403201  0.585914  0.698045  0.585968  0.484695  0.140429  0.479457  0.679076  0.601831  0.641227  0.306486  0.644683  0.669472  0.666370  0.754438  0.636887  0.627909  0.584479  0.512898  0.640947  0.628263  0.749636  0.422791  0.723432  0.602554  0.414393  0.677920  0.584432  0.648630  0.513024  0.749387  0.570712  0.322760  0.491238  0.577506  0.473802  0.520165  0.586621  0.532737  0.553912  0.490566  0.558269  0.634850  0.519441  0.695958  0.758535  0.622658  0.658509  0.672047  0.525737  0.418589  0.393537  0.557736  0.724830  0.507326  0.757393  0.419284  0.515485  0.784565  0.552084  0.653861  0.657661  0.726741  0.714393  0.667144  0.640180  0.768976  0.667117  0.637363  0.689858  0.662530  0.665830  0.541594  0.651053  0.431134  0.601461  0.720518  0.700774  0.587128  0.534148  0.605990  0.771792  0.725698  0.702775  0.763539  0.773276  0.658919  0.590307  0.418271  0.443729  0.647425  0.626669  0.407499  0.605490  0.519678  0.392624  0.631201  0.749426  0.668171  0.759510  0.722232  0.419815  0.424669  0.432721  0.642007  0.634667  0.713832  0.754835  0.606322  0.731017  0.719384  0.629123  0.618925  0.670276  0.615909  0.719192  0.685894  0.508559  0.608567  0.705850  0.440630  0.626224  0.625766  0.375759  0.702002  0.763079  0.561563  0.636977  0.721295  0.536116  0.549713  0.617027  0.755519  0.782200  0.747654  0.729430  0.728583  0.731162  0.763968  0.617514  0.674203  0.681230  0.712843  0.524189  0.521200  0.727323  0.805518  0.694082  0.666306  0.540429  0.607385  0.593201  0.557439  0.797953  0.581328  0.552704  0.732687  0.679446  0.721719  0.676278  0.694871  0.451094  0.332261  0.788834  0.351610  0.680435  0.534140  0.586238  0.775387  0.625289  0.776857  0.666018  0.615279  0.691598  0.783021  0.638821  0.746553  0.544181  0.640084  0.736253 
12  0.671445  0.595060  0.422414  0.615189  0.705413  0.709147  0.632689  0.597536  0.707192  0.346444  0.681642  0.478941 0.0  0.595605  0.778582  0.546915  0.764202  0.544987  0.690047  0.663235  0.731571  0.610027  0.475852  0.443391  0.652969  0.418948  0.568490  0.589739  0.660581  0.721613  0.710001  0.647136  0.721357  0.497751  0.708125  0.522700  0.595870  0.616754  0.815805  0.527983  0.508704  0.653919  0.650741  0.674939  0.585954  0.718977  0.682414  0.711196  0.523303  0.597935  0.654884  0.506082  0.518830  0.590729  0.656063  0.529695  0.508875  0.589936  0.719593  0.599435  0.657946  0.680672  0.744679  0.569054  0.632126  0.663765  0.464093  0.631739  0.584417  0.549602  0.766394  0.665274  0.683390  0.575875  0.646536  0.737271  0.676427  0.653618  0.636807  0.713214  0.780456  0.556202  0.723461  0.754735  0.669807  0.530561  0.662938  0.643627  0.685442  0.574791  0.562366  0.625617  0.619516  0.572380  0.676476  0.424049  0.659907  0.561508  0.635389  0.629432  0.597476  0.753048  0.714182  0.628775  0.382937  0.646219  0.498290  0.817976  0.537557  0.473949  0.309953  0.437467  0.559368  0.507433  0.647954  0.857800  0.838205  0.740422  0.645508  0.480001  0.583289  0.665213  0.765459  0.676434  0.736009  0.550582  0.714778  0.745469  0.561125  0.506274  0.721662  0.603452  0.750081  0.766019  0.449494  0.585369  0.786600  0.674398  0.725546  0.606704  0.625620  0.626721  0.685300  0.480056  0.633084  0.546905  0.486817  0.664953  0.628513  0.663868  0.710844  0.662394  0.653308  0.651626  0.662252  0.620833  0.579081  0.606285  0.697723  0.669787  0.456119  0.482965  0.669900  0.749718  0.711182  0.586845  0.619047  0.705443  0.727501  0.719189  0.751007  0.734687  0.749812  0.808064  0.655501  0.586236  0.596846  0.633643  0.577637  0.445359  0.760022  0.475765  0.688763  0.592804  0.836666  0.736607  0.562851  0.823048  0.777342  0.656683  0.685180  0.723056  0.709111  0.788038  0.643870  0.572171  0.709201 
13  0.731449  0.703306  0.730449  0.715122  0.682994  0.667308  0.684663  0.680598  0.686802  0.646026  0.769136  0.744337  0.595605 0.0  0.758296  0.362477  0.650375  0.708408  0.821769  0.805901  0.718639  0.746272  0.585296  0.592512  0.726331  0.602000  0.543145  0.729040  0.623160  0.683121  0.567274  0.649215  0.799426  0.504412  0.709518  0.661503  0.697146  0.702211  0.757672  0.561266  0.509356  0.677734  0.626962  0.699670  0.667574  0.726779  0.661374  0.752950  0.591942  0.687586  0.722406  0.816408  0.663554  0.663078  0.644190  0.589219  0.627511  0.624794  0.829198  0.877874  0.666457  0.697364  0.533780  0.446902  0.549715  0.571086  0.614034  0.619442  0.722117  0.638764  0.733445  0.652029  0.762811  0.696807  0.783479  0.544814  0.701611  0.718120  0.642067  0.567135  0.604732  0.460288  0.719363  0.802540  0.784705  0.630848  0.595875  0.564463  0.612720  0.609566  0.676572  0.551658  0.399601  0.525574  0.592052  0.579568  0.683691  0.521870  0.696485  0.705027  0.264974  0.766769  0.700256  0.564930  0.693451  0.682579  0.685974  0.751717  0.670236  0.735776  0.605863  0.573718  0.630551  0.594357  0.641524  0.705029  0.621205  0.752886  0.754215  0.677708  0.585189  0.667378  0.604831  0.718106  0.705142  0.676960  0.727675  0.396937  0.533384  0.752428  0.736016  0.532381  0.662535  0.766389  0.572820  0.615161  0.648874  0.704399  0.723742  0.429453  0.616385  0.795083  0.655482  0.698736  0.751340  0.505169  0.603348  0.682197  0.737633  0.532988  0.586641  0.616978  0.615232  0.649242  0.639592  0.682268  0.660209  0.410932  0.424139  0.711222  0.548441  0.536858  0.541049  0.777294  0.496970  0.573142  0.657060  0.813214  0.709910  0.693153  0.663843  0.696561  0.711502  0.642573  0.419484  0.618977  0.610328  0.543727  0.603342  0.651881  0.812572  0.694126  0.709524  0.689036  0.808421  0.769621  0.720653  0.780894  0.846918  0.715312  0.738213  0.744120  0.734937  0.758819  0.722606  0.490354  0.584803 
14  0.580234  0.740413  0.655350  0.697341  0.718785  0.569758  0.670036  0.706589  0.782023  0.684296  0.660358  0.693713  0.778582  0.758296 0.0  0.864108  0.723057  0.625948  0.597264  0.436308  0.650418  0.712476  0.711375  0.659422  0.737110  0.785799  0.788775  0.658869  0.582596  0.589384  0.808571  0.870229  0.577166  0.716597  0.594113  0.745485  0.608635  0.511283  0.437533  0.658075  0.787095  0.707066  0.823567  0.701196  0.847503  0.586925  0.684621  0.792442  0.662071  0.645826  0.710777  0.621660  0.710377  0.718541  0.741025  0.709047  0.691232  0.689900  0.628987  0.710785  0.611565  0.700648  0.794842  0.804606  0.849367  0.836725  0.859071  0.580665  0.789229  0.644651  0.708662  0.517688  0.598473  0.716292  0.643721  0.868930  0.641487  0.682567  0.851983  0.816018  0.806510  0.777356  0.530502  0.507726  0.646059  0.782329  0.777143  0.822833  0.760590  0.733249  0.726759  0.766459  0.756468  0.810021  0.846146  0.816231  0.640905  0.738202  0.740331  0.784804  0.741474  0.535348  0.453509  0.763139  0.750493  0.621823  0.731739  0.524243  0.722654  0.745632  0.678638  0.704849  0.740419  0.798427  0.776300  0.537897  0.836469  0.484458  0.671897  0.758999  0.787739  0.737946  0.728740  0.825410  0.829384  0.775680  0.850363  0.842341  0.773530  0.584125  0.855234  0.877063  0.759665  0.533870  0.784145  0.752881  0.724439  0.676864  0.557293  0.792026  0.644472  0.524497  0.828839  0.771349  0.617059  0.750042  0.659471  0.716291  0.747084  0.630473  0.839097  0.798198  0.753882  0.841467  0.803053  0.864539  0.701701  0.777833  0.713469  0.875769  0.748317  0.708790  0.774385  0.805985  0.780916  0.748274  0.660863  0.503958  0.613898  0.661886  0.771566  0.675910  0.265287  0.727337  0.805884  0.814707  0.747228  0.765073  0.749706  0.731546  0.470484  0.678797  0.787432  0.749123  0.595517  0.791785  0.638471  0.465185  0.570881  0.699367  0.505280  0.781795  0.612615  0.877712  0.687333  0.725307  0.862152 
15  0.727296  0.791041  0.761846  0.688039  0.714347  0.738336  0.781439  0.712111  0.745705  0.654225  0.721133  0.720207  0.546915  0.362477  0.864108 0.0  0.624092  0.746943  0.749124  0.778425  0.631743  0.708828  0.693834  0.616604  0.672681  0.623867  0.631714  0.708533  0.696951  0.679790  0.603994  0.556167  0.792688  0.584789  0.795211  0.712833  0.685159  0.677136  0.778282  0.669047  0.552026  0.632893  0.620587  0.728332  0.695587  0.679662  0.760423  0.730733  0.716648  0.663336  0.716485  0.653387  0.660646  0.658566  0.691279  0.568934  0.729464  0.625560  0.705082  0.700127  0.671744  0.739869  0.532036  0.415429  0.613470  0.398446  0.648557  0.612331  0.609344  0.751127  0.598617  0.787759  0.666410  0.738668  0.669702  0.556832  0.857506  0.702268  0.514048  0.626493  0.557667  0.460383  0.715001  0.844158  0.710918  0.688976  0.539244  0.591341  0.741085  0.667888  0.498419  0.693303  0.440650  0.512243  0.471406  0.524085  0.800423  0.581904  0.653885  0.678454  0.418674  0.741894  0.754202  0.587862  0.657118  0.670708  0.624025  0.728858  0.578536  0.615931  0.611263  0.533469  0.735554  0.547137  0.728410  0.881359  0.551295  0.783365  0.575582  0.789897  0.698621  0.828973  0.613307  0.599596  0.747925  0.596644  0.573734  0.421497  0.606597  0.818061  0.772966  0.506922  0.623821  0.670898  0.686678  0.495046  0.649352  0.689742  0.708912  0.434078  0.728839  0.794587  0.669548  0.635195  0.688241  0.592857  0.703706  0.706626  0.690630  0.723190  0.609056  0.691799  0.678952  0.642330  0.660806  0.733716  0.619919  0.454268  0.513292  0.734691  0.714134  0.829727  0.642806  0.610647  0.435432  0.596465  0.703769  0.776482  0.801575  0.697423  0.653751  0.752263  0.809445  0.590040  0.317114  0.548902  0.535729  0.604640  0.606591  0.716853  0.754138  0.661387  0.767147  0.618045  0.739778  0.724959  0.662964  0.781436  0.721271  0.827921  0.806149  0.798464  0.771841  0.629323  0.688155  0.540495  0.756912 
16  0.744346  0.503619  0.406770  0.623456  0.573796  0.625237  0.670371  0.335753  0.460490  0.469025  0.634681  0.467945  0.764202  0.650375  0.723057  0.624092 0.0  0.474665  0.603476  0.768382  0.595580  0.544464  0.499809  0.633497  0.433857  0.601971  0.670334  0.552754  0.474875  0.570785  0.750706  0.842218  0.671368  0.534740  0.647683  0.547748  0.649726  0.581093  0.574746  0.634160  0.625426  0.401739  0.479165  0.442147  0.389268  0.696257  0.503776  0.756047  0.573519  0.532192  0.514025  0.548546  0.537281  0.264293  0.696585  0.578036  0.510310  0.513323  0.630826  0.573450  0.288665  0.699766  0.755163  0.746412  0.775936  0.729679  0.678096  0.445252  0.453265  0.516618  0.819559  0.452571  0.656609  0.389401  0.526658  0.826233  0.551108  0.626210  0.731889  0.679611  0.652604  0.797346  0.651992  0.635629  0.581515  0.623030  0.772344  0.617000  0.784386  0.675271  0.817420  0.520936  0.629273  0.679595  0.715499  0.661063  0.632680  0.525071  0.721341  0.764889  0.716940  0.642121  0.650451  0.688805  0.565685  0.456080  0.509885  0.766128  0.535575  0.582405  0.641348  0.619732  0.534075  0.694461  0.677976  0.636997  0.747785  0.715834  0.492978  0.585921  0.511413  0.556785  0.754994  0.756408  0.711232  0.421546  0.713963  0.738882  0.576095  0.491418  0.778495  0.628942  0.701438  0.575855  0.654686  0.693639  0.756779  0.425853  0.525719  0.763429  0.386683  0.631524  0.775920  0.652728  0.404974  0.699344  0.583846  0.499995  0.430340  0.682440  0.748678  0.663981  0.757367  0.728219  0.733277  0.930209  0.770144  0.731493  0.663760  0.753956  0.586074  0.622592  0.733977  0.748114  0.659193  0.745037  0.488537  0.599717  0.709730  0.640819  0.856404  0.682093  0.641064  0.739183  0.643676  0.666430  0.651903  0.719239  0.381550  0.577301  0.773840  0.440698  0.783258  0.573192  0.620443  0.796017  0.659834  0.706771  0.699898  0.633199  0.663035  0.890653  0.568400  0.753763  0.439562  0.795193  0.720327 
17  0.647133  0.346704  0.438634  0.684760  0.608989  0.659535  0.649123  0.411159  0.411817  0.516641  0.584477  0.403201  0.544987  0.708408  0.625948  0.746943  0.474665 0.0  0.608985  0.574442  0.683473  0.459098  0.239221  0.551815  0.620281  0.513944  0.705609  0.338539  0.458338  0.608706  0.639048  0.791556  0.688714  0.536694  0.631648  0.436401  0.705888  0.616596  0.839800  0.464847  0.590640  0.568680  0.162245  0.519184  0.445298  0.579862  0.512855  0.863691  0.602944  0.406335  0.472990  0.596114  0.580082  0.513056  0.672964  0.679052  0.544305  0.429183  0.665416  0.605145  0.551665  0.719835  0.704405  0.687173  0.683823  0.696501  0.646238  0.439418  0.415963  0.547335  0.679865  0.495676  0.655441  0.396529  0.435581  0.689439  0.624923  0.603068  0.775029  0.686514  0.653715  0.690764  0.717040  0.693195  0.622848  0.579994  0.740708  0.638454  0.733832  0.570201  0.693755  0.292302  0.662680  0.659681  0.771170  0.598891  0.551729  0.691501  0.688180  0.684185  0.746526  0.730959  0.634122  0.664533  0.474608  0.322318  0.542410  0.666108  0.640457  0.616768  0.494108  0.631959  0.358514  0.606591  0.672245  0.598610  0.676190  0.727286  0.354643  0.492263  0.394281  0.672773  0.743297  0.778360  0.783328  0.456404  0.795570  0.755871  0.645332  0.634193  0.728130  0.664657  0.769315  0.860392  0.463644  0.599822  0.741391  0.412260  0.543571  0.606906  0.476968  0.835196  0.626721  0.549217  0.545465  0.719833  0.370106  0.361375  0.517133  0.674950  0.721590  0.720249  0.778671  0.787522  0.685415  0.889217  0.651598  0.685223  0.808145  0.752425  0.655741  0.474334  0.733400  0.800781  0.692600  0.749085  0.504444  0.640753  0.686050  0.596962  0.771166  0.643545  0.648917  0.725134  0.715084  0.627793  0.694411  0.694769  0.509463  0.454166  0.689136  0.383317  0.795107  0.648968  0.711773  0.692159  0.584963  0.805567  0.606902  0.641732  0.673910  0.880540  0.599123  0.701454  0.524501  0.676451  0.782641 
18  0.304257  0.560812  0.676655  0.466952  0.506340  0.365202  0.387985  0.633264  0.678223  0.587580  0.491452  0.585914  0.690047  0.821769  0.597264  0.749124  0.603476  0.608985 0.0  0.591447  0.603454  0.563744  0.569929  0.755960  0.564135  0.707349  0.655191  0.623082  0.556667  0.547033  0.695138  0.802533  0.522702  0.686602  0.508734  0.577742  0.547304  0.520457  0.621137  0.753363  0.656388  0.631412  0.693059  0.634007  0.448705  0.323994  0.716477  0.904221  0.496289  0.688378  0.650601  0.558793  0.694624  0.630388  0.579504  0.653422  0.720300  0.645977  0.438579  0.575495  0.646087  0.855028  0.811271  0.825111  0.785159  0.768653  0.689517  0.599734  0.637141  0.727493  0.753812  0.602645  0.573316  0.641202  0.537982  0.700785  0.522468  0.510671  0.940027  0.855907  0.908995  0.805690  0.358231  0.564651  0.433220  0.730343  0.737789  0.742719  0.749308  0.693065  0.661678  0.623378  0.750935  0.742481  0.698256  0.653244  0.440654  0.867345  0.672135  0.815995  0.776992  0.489925  0.608381  0.746454  0.609744  0.516756  0.651513  0.554602  0.663354  0.716171  0.626429  0.739591  0.601679  0.751472  0.750738  0.368046  0.917646  0.586198  0.627270  0.621212  0.632723  0.474856  0.777542  0.761233  0.772739  0.706264  0.754580  0.733195  0.811311  0.606680  0.784475  0.775088  0.781156  0.614543  0.763248  0.729179  0.737191  0.712072  0.551405  0.738237  0.587696  0.672694  0.652587  0.767106  0.594320  0.769968  0.610733  0.568609  0.620645  0.799282  0.815040  0.766628  0.811639  0.783227  0.723104  0.788444  0.778328  0.699656  0.790586  0.739258  0.755843  0.582814  0.829543  0.864390  0.734227  0.703001  0.617304  0.455603  0.520503  0.477222  0.732905  0.588065  0.611135  0.787866  0.803511  0.722352  0.802014  0.668153  0.569286  0.577891  0.631483  0.654430  0.765039  0.687548  0.617815  0.925027  0.704983  0.592853  0.353618  0.588379  0.571822  0.772987  0.512548  0.841981  0.636336  0.764866  0.799831 
19  0.577395  0.594551  0.789424  0.562875  0.597476  0.547764  0.616155  0.687426  0.705961  0.674562  0.595455  0.698045  0.663235  0.805901  0.436308  0.778425  0.768382  0.574442  0.591447 0.0  0.597983  0.714628  0.666723  0.853630  0.710268  0.742066  0.741863  0.768177  0.698070  0.517000  0.792776  0.833072  0.613982  0.697412  0.686806  0.638772  0.706823  0.641117  0.317458  0.703137  0.758162  0.662183  0.622941  0.637416  0.682128  0.688652  0.643897  0.728423  0.638741  0.812589  0.696693  0.746775  0.781421  0.736890  0.722133  0.817068  0.652616  0.729450  0.645903  0.733783  0.697159  0.838218  0.694138  0.789783  0.781108  0.766114  0.786548  0.652620  0.597289  0.607114  0.723984  0.704798  0.626641  0.649146  0.722286  0.892463  0.684456  0.551871  0.821323  0.877357  0.717212  0.835416  0.607128  0.552187  0.689159  0.754057  0.715431  0.806769  0.763798  0.681955  0.801805  0.746445  0.774914  0.756588  0.785149  0.804012  0.702363  0.720692  0.794158  0.671463  0.708512  0.496476  0.490527  0.807108  0.585663  0.787708  0.775490  0.557729  0.734948  0.658674  0.708869  0.782511  0.770436  0.670025  0.761136  0.540591  0.803990  0.370100  0.661990  0.772994  0.736603  0.659827  0.633374  0.789807  0.792074  0.780447  0.798782  0.851144  0.780280  0.684331  0.793081  0.773448  0.803478  0.464629  0.797587  0.707864  0.710536  0.787127  0.699592  0.682768  0.740040  0.549530  0.763154  0.731470  0.657917  0.820823  0.837433  0.682436  0.690785  0.852929  0.853184  0.789429  0.785140  0.789582  0.852591  0.845089  0.844780  0.881774  0.839244  0.772990  0.746045  0.693693  0.849333  0.742548  0.896824  0.663248  0.607986  0.642539  0.472978  0.740530  0.769331  0.600360  0.370225  0.697042  0.718223  0.873764  0.727065  0.786543  0.718484  0.681049  0.458336  0.683872  0.792546  0.710928  0.548965  0.804673  0.679270  0.464822  0.653935  0.714698  0.583458  0.872511  0.589361  0.719090  0.798589  0.789151  0.738601 
