197
0 0.0  0.605059  0.584010  0.502623  0.572591  0.261675  0.394995  0.666576  0.645005  0.673482  0.723696  0.637118  0.702357  0.860430  0.609837  0.798803  0.637630  0.701514  0.336732  0.579124  0.520381  0.638110  0.646157  0.788295  0.575072  0.659959  0.790910  0.690171  0.628362  0.579422  0.765601  0.782022  0.499186  0.732377  0.484156  0.700373  0.483207  0.517049  0.567452  0.742695  0.799964  0.765603  0.612610  0.609765  0.576082  0.300742  0.580451  0.832799  0.434135  0.664865  0.670923  0.522005  0.749041  0.636072  0.472895  0.741824  0.655465  0.654911  0.515840  0.516754  0.669104  0.822678  0.881078  0.859790  0.843391  0.789306  0.628372  0.631563  0.520942  0.585576  0.863292  0.620310  0.590275  0.640496  0.609918  0.844110  0.536272  0.613535  0.874841  0.702561  0.693466  0.797243  0.542583  0.473516  0.584740  0.830019  0.671179  0.965147  0.850237  0.794040  0.727606  0.716795  0.840409  0.720782  0.764825  0.739689  0.572864  0.793526  0.816620  0.747920  0.789964  0.544889  0.595523  0.737161  0.720386  0.623160  0.737056  0.644209  0.696565  0.696699  0.768518  0.667743  0.636528  0.742537  0.786218  0.503523  0.842921  0.600345  0.641231  0.774066  0.707115  0.587914  0.759570  0.927632  0.816096  0.646635  0.762321  0.799670  0.806938  0.663546  0.795345  0.661834  0.838226  0.583242  0.621760  0.636734  0.834469  0.754609  0.514823  0.748859  0.554778  0.718313  0.824466  0.746666  0.652701  0.659477  0.705323  0.654376  0.584551  0.792769  0.868980  0.787775  0.856098  0.875798  0.711122  0.955017  0.808545  0.736400  0.694792  0.841714  0.775428  0.653631  0.775616  0.884122  0.839751  0.691924  0.643679  0.453780  0.609593  0.557028  0.839951  0.527567  0.577726  0.816126  0.786548  0.781885  0.726638  0.743397  0.685144  0.672979  0.496820  0.652054  0.666288  0.660322  0.533546  0.878420  0.713717  0.673661  0.379897  0.612139  0.646075  0.697723  0.641771  0.826393  0.601372  0.691825  0.834367 
1  0.605059 0.0  0.505333  0.552062  0.550343  0.650502  0.573425  0.421430  0.413398  0.664297  0.648470  0.456574  0.653535  0.648871  0.795286  0.672677  0.435930  0.390825  0.631158  0.834258  0.611933  0.349039  0.444169  0.741989  0.585791  0.694952  0.658219  0.316349  0.626606  0.666342  0.765359  0.760856  0.730269  0.654816  0.656823  0.374830  0.724655  0.644264  0.792576  0.564428  0.684320  0.523817  0.480370  0.485407  0.408321  0.775221  0.408908  0.710585  0.563446  0.492246  0.437251  0.642079  0.548149  0.613322  0.486670  0.598470  0.651943  0.299220  0.699341  0.560189  0.470292  0.812701  0.861555  0.798113  0.688797  0.679305  0.590936  0.210015  0.320416  0.476254  0.783160  0.198473  0.659493  0.452630  0.379741  0.694620  0.681467  0.610382  0.902018  0.705699  0.707688  0.746004  0.617781  0.696161  0.615221  0.664399  0.736991  0.810781  0.695425  0.637606  0.840423  0.372030  0.817941  0.706399  0.880246  0.725034  0.538649  0.748497  0.766775  0.712666  0.724623  0.731852  0.698663  0.632120  0.680711  0.363415  0.491652  0.701347  0.627611  0.585570  0.535772  0.639617  0.360054  0.789536  0.813604  0.663862  0.788306  0.816030  0.441898  0.566514  0.450098  0.760160  0.621063  0.773168  0.804748  0.442659  0.737325  0.644913  0.698957  0.613323  0.790773  0.706530  0.767006  0.731564  0.531960  0.633323  0.864748  0.207658  0.560515  0.717890  0.434282  0.789407  0.713051  0.654317  0.493820  0.731495  0.403654  0.313941  0.501291  0.620824  0.788629  0.708892  0.821428  0.652537  0.696159  0.686321  0.773675  0.657553  0.800967  0.818424  0.650386  0.623164  0.742438  0.670497  0.622361  0.668016  0.647942  0.757722  0.659263  0.650238  0.734393  0.584876  0.736215  0.631906  0.760115  0.812117  0.748762  0.767217  0.380293  0.526835  0.633372  0.391131  0.785235  0.655677  0.667593  0.830900  0.615828  0.694876  0.745619  0.571653  0.705140  0.833805  0.631312  0.838199  0.494508  0.606906  0.797915 
2  0.584010  0.505333 0.0  0.702217  0.597198  0.577335  0.709915  0.296076  0.140828  0.506689  0.728032  0.427148  0.551121  0.710702  0.704117  0.696698  0.462498  0.439778  0.793826  0.771256  0.629314  0.539139  0.343779  0.594444  0.637226  0.650376  0.710908  0.546297  0.543432  0.601890  0.806893  0.731578  0.729707  0.612115  0.633769  0.482184  0.590240  0.601880  0.795125  0.586432  0.699078  0.420548  0.408735  0.567877  0.388702  0.734196  0.455036  0.759771  0.613872  0.430859  0.350200  0.573595  0.504792  0.484887  0.654751  0.560459  0.527382  0.536244  0.646235  0.520232  0.579599  0.801535  0.667033  0.782683  0.654510  0.810139  0.599411  0.334555  0.486275  0.500428  0.766983  0.325693  0.750069  0.169941  0.496450  0.766396  0.724036  0.672778  0.758985  0.784069  0.812170  0.756618  0.713567  0.766580  0.623797  0.631416  0.707071  0.685701  0.763941  0.614606  0.699671  0.369695  0.810822  0.743298  0.675973  0.632195  0.672393  0.581122  0.751690  0.724192  0.625357  0.703748  0.693614  0.776547  0.489439  0.273069  0.567871  0.748669  0.492214  0.574614  0.596245  0.609319  0.268890  0.617928  0.823874  0.639688  0.851009  0.789603  0.255986  0.562808  0.323220  0.671354  0.650430  0.649555  0.813808  0.568662  0.777517  0.713394  0.690490  0.629594  0.805695  0.641325  0.786275  0.709788  0.614456  0.676382  0.799079  0.412029  0.717773  0.682930  0.228895  0.770734  0.713855  0.763436  0.618132  0.711956  0.518734  0.429065  0.468837  0.649978  0.734567  0.752976  0.717000  0.738646  0.790064  0.696236  0.720049  0.677827  0.677413  0.809144  0.649142  0.607135  0.846163  0.710406  0.713435  0.707894  0.431317  0.806825  0.689750  0.574938  0.690022  0.667455  0.668094  0.793175  0.650993  0.743570  0.583204  0.849866  0.273708  0.370051  0.698672  0.396842  0.694197  0.358219  0.710721  0.765412  0.739066  0.651832  0.711014  0.536953  0.706974  0.788991  0.636818  0.813975  0.594514  0.701352  0.886293 
3  0.502623  0.552062  0.702217 0.0  0.420809  0.599415  0.417781  0.637883  0.602384  0.578113  0.673706  0.571435  0.678804  0.784670  0.615462  0.803605  0.705601  0.561374  0.529728  0.555402  0.471016  0.605393  0.555507  0.714515  0.484690  0.718015  0.700359  0.620985  0.565751  0.516142  0.704260  0.815607  0.538528  0.685716  0.561676  0.516185  0.489891  0.498915  0.627407  0.892322  0.737941  0.707651  0.591898  0.714599  0.584032  0.505989  0.564412  0.873297  0.494533  0.634752  0.592543  0.504601  0.632477  0.613135  0.319775  0.706630  0.716264  0.595498  0.504526  0.483836  0.609547  0.866111  0.787213  0.691024  0.765060  0.775570  0.663257  0.652023  0.583779  0.436872  0.813492  0.625471  0.525641  0.641723  0.645873  0.758212  0.484339  0.612384  0.741880  0.751049  0.845987  0.719355  0.487870  0.538350  0.486308  0.761371  0.785051  0.676638  0.746198  0.634360  0.792099  0.589517  0.785634  0.724601  0.801141  0.661497  0.441568  0.661478  0.708816  0.663424  0.827190  0.644840  0.665510  0.746357  0.718011  0.676851  0.671569  0.731264  0.660015  0.666966  0.711246  0.786419  0.651047  0.709611  0.662404  0.580522  0.811080  0.661412  0.626873  0.665064  0.679147  0.575763  0.690471  0.729927  0.704607  0.684557  0.734474  0.786996  0.674824  0.557633  0.740564  0.744422  0.762180  0.719721  0.665825  0.761109  0.744335  0.489026  0.432866  0.801888  0.590443  0.815049  0.744763  0.693305  0.515123  0.721362  0.533778  0.539148  0.515203  0.863240  0.652634  0.902878  0.848962  0.680589  0.713392  0.753303  0.683039  0.729905  0.773370  0.630048  0.669606  0.724394  0.813473  0.658589  0.868934  0.764681  0.587825  0.580757  0.739100  0.482555  0.714333  0.457432  0.635533  0.769962  0.849827  0.687294  0.769604  0.731978  0.690621  0.722625  0.692292  0.601801  0.802219  0.675432  0.602515  0.761628  0.721250  0.723919  0.588482  0.429234  0.544271  0.722069  0.487586  0.775864  0.404190  0.789923  0.784805 
4  0.572591  0.550343  0.597198  0.420809 0.0  0.448657  0.501939  0.697794  0.539488  0.718785  0.612172  0.611503  0.718029  0.788616  0.677908  0.781277  0.596896  0.648601  0.555184  0.726562  0.150108  0.621918  0.731836  0.714142  0.522285  0.651689  0.724313  0.545375  0.452473  0.342649  0.723783  0.799488  0.588404  0.707696  0.582443  0.546123  0.487405  0.414154  0.643479  0.678882  0.680250  0.676609  0.522344  0.517634  0.598024  0.607921  0.525702  0.791472  0.461200  0.730896  0.555779  0.552155  0.536759  0.585129  0.604255  0.649241  0.628971  0.556817  0.663112  0.506274  0.483003  0.793516  0.892798  0.771793  0.723221  0.848106  0.788085  0.566903  0.542066  0.747821  0.837005  0.539528  0.545330  0.595922  0.676770  0.751651  0.350412  0.548985  0.800876  0.824536  0.712102  0.748720  0.511178  0.651596  0.382194  0.664793  0.673784  0.811863  0.756905  0.595226  0.801805  0.636308  0.737277  0.713428  0.853712  0.650584  0.529849  0.703769  0.825807  0.885090  0.796429  0.551653  0.633952  0.817474  0.583083  0.572770  0.540443  0.713314  0.544931  0.680878  0.736546  0.757713  0.640574  0.640769  0.826623  0.633098  0.748274  0.681189  0.635130  0.718630  0.628364  0.529040  0.811710  0.774924  0.794435  0.702556  0.801732  0.828290  0.671523  0.285141  0.771026  0.735804  0.766872  0.629870  0.781914  0.765830  0.681362  0.588296  0.540613  0.681996  0.665534  0.717734  0.864418  0.712001  0.537429  0.860371  0.503258  0.627176  0.587659  0.759993  0.655055  0.826705  0.776079  0.833528  0.871511  0.897713  0.849926  0.832161  0.831227  0.904703  0.743100  0.634392  0.805075  0.843556  0.693120  0.746881  0.570458  0.563322  0.617320  0.404092  0.744024  0.534090  0.651763  0.910269  0.777442  0.794916  0.802703  0.738476  0.577446  0.713867  0.680841  0.581811  0.800467  0.672718  0.581156  0.851566  0.709690  0.674984  0.574950  0.406478  0.719278  0.744139  0.513667  0.782899  0.425816  0.661958  0.924308 
5  0.261675  0.650502  0.577335  0.599415  0.448657 0.0  0.402378  0.623793  0.634190  0.641271  0.516387  0.512414  0.761969  0.818676  0.598583  0.802604  0.743932  0.614331  0.281520  0.686478  0.472690  0.639411  0.710624  0.689965  0.592653  0.672573  0.786062  0.709797  0.566440  0.646578  0.783888  0.822307  0.463669  0.709383  0.650558  0.701560  0.503723  0.603632  0.748677  0.714730  0.687632  0.702685  0.722562  0.755396  0.593880  0.162664  0.668843  0.756508  0.552975  0.645826  0.619460  0.600825  0.768146  0.692382  0.511495  0.749388  0.737756  0.681273  0.449448  0.694981  0.740831  0.880371  0.765165  0.814223  0.737951  0.652946  0.731799  0.621120  0.579800  0.527026  0.827884  0.658820  0.646300  0.737208  0.685224  0.787179  0.614639  0.578737  0.837418  0.822852  0.775370  0.778073  0.604539  0.560469  0.562852  0.767991  0.725676  0.777011  0.827241  0.699315  0.667549  0.761028  0.853942  0.826431  0.809606  0.714480  0.581744  0.865142  0.761104  0.733076  0.741395  0.529680  0.698216  0.754769  0.743060  0.697205  0.580590  0.669257  0.841064  0.774210  0.650078  0.743899  0.848293  0.735184  0.771947  0.537545  0.842545  0.784867  0.656302  0.701242  0.703024  0.591861  0.867254  0.841822  0.745032  0.700369  0.827650  0.699717  0.793851  0.644085  0.878757  0.702305  0.792029  0.541349  0.699224  0.631220  0.848934  0.643386  0.597450  0.795738  0.617888  0.625541  0.840199  0.732140  0.618469  0.790806  0.607562  0.597891  0.668697  0.797008  0.822912  0.755850  0.800015  0.827420  0.709431  0.791797  0.762388  0.842227  0.768239  0.825186  0.741567  0.651774  0.752466  0.847353  0.734553  0.845004  0.778532  0.555588  0.673797  0.465985  0.919092  0.521244  0.499269  0.779713  0.785011  0.849362  0.779161  0.784466  0.753125  0.726299  0.472137  0.770417  0.833705  0.748698  0.565841  0.760052  0.719768  0.638000  0.466716  0.648966  0.734961  0.737392  0.571997  0.840180  0.731289  0.697047  0.758986 
6  0.394995  0.573425  0.709915  0.417781  0.501939  0.402378 0.0  0.554966  0.716578  0.649737  0.555681  0.663691  0.817030  0.713224  0.723862  0.805176  0.627319  0.658197  0.380068  0.599638  0.542098  0.630977  0.573818  0.784391  0.637842  0.779617  0.851189  0.594429  0.573685  0.524609  0.767708  0.741709  0.500617  0.795470  0.585887  0.574595  0.513391  0.562337  0.745886  0.682899  0.719063  0.726163  0.686052  0.689714  0.558517  0.428005  0.559149  0.806975  0.510399  0.660796  0.610767  0.600895  0.728557  0.705493  0.495295  0.808307  0.632919  0.615227  0.534768  0.515287  0.786775  0.798558  0.733627  0.743905  0.817420  0.785837  0.652584  0.683582  0.671900  0.595845  0.735376  0.685272  0.606720  0.728922  0.592078  0.790877  0.614197  0.600490  0.768895  0.837732  0.805314  0.846037  0.448387  0.452153  0.459181  0.712995  0.789994  0.855609  0.719328  0.679713  0.679340  0.639747  0.728093  0.806309  0.793606  0.675523  0.591363  0.738951  0.771973  0.858731  0.834164  0.485043  0.704704  0.805547  0.667811  0.644069  0.717137  0.643626  0.721332  0.631449  0.750185  0.812007  0.534194  0.886984  0.728102  0.529652  0.723503  0.640877  0.694867  0.657416  0.739168  0.650750  0.819456  0.787059  0.831805  0.715215  0.760557  0.727455  0.766501  0.590166  0.763841  0.673545  0.719337  0.663646  0.732737  0.764288  0.774803  0.742104  0.504666  0.815284  0.681538  0.661159  0.734613  0.779389  0.539883  0.763395  0.631196  0.669960  0.569457  0.774368  0.887722  0.789788  0.783000  0.704524  0.781782  0.868374  0.743902  0.674850  0.772487  0.871109  0.647268  0.618392  0.854792  0.831539  0.670073  0.654771  0.650650  0.527274  0.622660  0.476414  0.786423  0.524820  0.692515  0.837568  0.766666  0.756970  0.785550  0.712883  0.665383  0.667908  0.503420  0.701952  0.800894  0.752174  0.564414  0.787783  0.736427  0.677481  0.403368  0.580245  0.615860  0.838794  0.485103  0.764100  0.542629  0.736925  0.866084 
7  0.666576  0.421430  0.296076  0.637883  0.697794  0.623793  0.554966 0.0  0.184571  0.553853  0.645951  0.490245  0.661525  0.703959  0.699382  0.787796  0.523694  0.479464  0.721023  0.832555  0.718625  0.537440  0.386989  0.667186  0.555389  0.583365  0.670228  0.442339  0.500096  0.709606  0.731729  0.835142  0.673926  0.599071  0.815536  0.531390  0.714573  0.726940  0.828477  0.598611  0.666631  0.540042  0.402333  0.569936  0.463380  0.772960  0.660564  0.756949  0.705057  0.399816  0.470984  0.612396  0.508069  0.504092  0.771508  0.564808  0.593272  0.438060  0.682304  0.546414  0.463037  0.749470  0.661529  0.685232  0.575034  0.717055  0.641566  0.498397  0.360465  0.434620  0.757767  0.489896  0.703764  0.313649  0.548736  0.836238  0.711946  0.554064  0.759456  0.682598  0.639860  0.805670  0.673300  0.641086  0.665044  0.642270  0.550026  0.662574  0.785085  0.643413  0.632555  0.345803  0.700676  0.741788  0.746325  0.631089  0.639976  0.594427  0.697195  0.627285  0.686490  0.700725  0.762199  0.732050  0.552758  0.146135  0.489510  0.755726  0.574425  0.677939  0.620653  0.677831  0.247337  0.652492  0.718351  0.755017  0.780990  0.771815  0.206346  0.451036  0.374182  0.751140  0.778619  0.736611  0.776877  0.539290  0.771831  0.768244  0.638362  0.577577  0.836824  0.679112  0.733055  0.822211  0.594599  0.608893  0.762348  0.436266  0.621200  0.712291  0.186797  0.743176  0.655867  0.709548  0.579173  0.617076  0.442938  0.500723  0.483076  0.654623  0.678656  0.718808  0.719710  0.770310  0.704530  0.833623  0.744809  0.804689  0.677428  0.847076  0.582611  0.550599  0.839660  0.770216  0.657453  0.621075  0.329233  0.637745  0.729667  0.673010  0.801169  0.813915  0.745874  0.752221  0.770835  0.688880  0.657686  0.758518  0.516415  0.447606  0.762605  0.437245  0.730273  0.574314  0.767618  0.767600  0.664817  0.789215  0.713037  0.632766  0.628061  0.835570  0.663336  0.828199  0.595380  0.708833  0.859609 
8  0.645005  0.413398  0.140828  0.602384  0.539488  0.634190  0.716578  0.184571 0.0  0.429624  0.640295  0.360699  0.731934  0.604908  0.659691  0.703034  0.441007  0.414549  0.663338  0.640635  0.822882  0.516213  0.401757  0.626717  0.491552  0.562623  0.653953  0.442039  0.605065  0.618156  0.804562  0.717188  0.647787  0.575115  0.711506  0.397690  0.657276  0.594981  0.788114  0.594664  0.614181  0.452787  0.502126  0.587452  0.479536  0.644007  0.475902  0.771703  0.691845  0.553199  0.354640  0.620625  0.599292  0.516251  0.535991  0.507867  0.497472  0.545680  0.865879  0.612081  0.479939  0.715686  0.636310  0.729894  0.737888  0.738575  0.655955  0.544809  0.348727  0.431156  0.767922  0.392191  0.702902  0.198697  0.377308  0.830241  0.544871  0.680687  0.734144  0.834548  0.682613  0.694188  0.589136  0.742238  0.681178  0.749350  0.696794  0.778494  0.753221  0.590241  0.740267  0.367650  0.797992  0.778834  0.725070  0.598684  0.620560  0.568886  0.662897  0.790009  0.710865  0.652603  0.619764  0.814583  0.635243  0.343213  0.489221  0.609333  0.570073  0.517469  0.557777  0.591294  0.120053  0.679392  0.742012  0.665280  0.814048  0.804546  0.163272  0.416390  0.396286  0.636075  0.705542  0.753541  0.828476  0.474618  0.775314  0.616606  0.578768  0.559031  0.858902  0.689253  0.729783  0.833212  0.671457  0.645859  0.734197  0.352205  0.603280  0.661613  0.269637  0.768640  0.799945  0.651399  0.541655  0.600901  0.497004  0.374435  0.545868  0.792171  0.750854  0.722872  0.813988  0.830896  0.730847  0.803910  0.751238  0.685146  0.712130  0.825834  0.676138  0.538722  0.741426  0.796801  0.758913  0.659406  0.354275  0.605291  0.715912  0.725940  0.754907  0.707199  0.724666  0.829022  0.689947  0.663798  0.743611  0.667948  0.301160  0.391216  0.743619  0.318146  0.663637  0.684881  0.729299  0.719641  0.685002  0.627304  0.639277  0.645456  0.687630  0.798921  0.633092  0.736775  0.537525  0.694035  0.902482 
9  0.673482  0.664297  0.506689  0.578113  0.718785  0.641271  0.649737  0.553853  0.429624 0.0  0.767651  0.486580  0.577367  0.701557  0.767353  0.661550  0.645116  0.552968  0.744671  0.741922  0.791290  0.658273  0.505634  0.519097  0.723425  0.620678  0.631906  0.563963  0.688358  0.667112  0.714245  0.735132  0.636878  0.575681  0.762134  0.599015  0.646316  0.645288  0.690811  0.520893  0.682699  0.580632  0.552029  0.514096  0.625190  0.710537  0.679662  0.764681  0.549863  0.358692  0.588048  0.670010  0.566556  0.573452  0.774169  0.578815  0.458931  0.569348  0.632183  0.603621  0.774475  0.800921  0.714026  0.621040  0.642258  0.619851  0.642490  0.525494  0.614537  0.647490  0.825172  0.486938  0.587778  0.419268  0.691121  0.674731  0.672711  0.683318  0.695362  0.781958  0.561142  0.675933  0.698818  0.782627  0.637549  0.627332  0.602844  0.728694  0.587220  0.517501  0.699796  0.596387  0.659467  0.635386  0.803951  0.599287  0.735952  0.562723  0.671705  0.640851  0.697307  0.750413  0.773774  0.622042  0.514245  0.584656  0.609126  0.793467  0.480273  0.465751  0.362999  0.575397  0.497672  0.607002  0.809542  0.770956  0.766774  0.645801  0.569523  0.419750  0.599081  0.795863  0.720853  0.733949  0.780407  0.562148  0.783374  0.726557  0.516652  0.588023  0.848125  0.656712  0.704137  0.751780  0.587653  0.523044  0.737034  0.541758  0.711675  0.739425  0.503913  0.727589  0.778882  0.550534  0.655271  0.654589  0.575879  0.628499  0.623993  0.682698  0.675644  0.532487  0.716185  0.608514  0.620891  0.805854  0.680547  0.647275  0.730181  0.770463  0.540260  0.579646  0.663446  0.740297  0.680854  0.619339  0.517909  0.671636  0.832241  0.724274  0.895920  0.690070  0.728176  0.703937  0.781842  0.689307  0.716140  0.692452  0.552671  0.525354  0.793743  0.477430  0.740842  0.539471  0.759181  0.781908  0.553567  0.772667  0.718673  0.617794  0.692493  0.767185  0.734612  0.714164  0.627979  0.615380  0.785740 
10  0.723696  0.648470  0.728032  0.673706  0.612172  0.516387  0.555681  0.645951  0.640295  0.767651 0.0  0.707270  0.735296  0.839453  0.449948  0.797044  0.620902  0.755594  0.565642  0.557566  0.530430  0.646984  0.770978  0.738257  0.686266  0.819077  0.763050  0.658293  0.651756  0.507761  0.806031  0.848134  0.427679  0.652945  0.531367  0.703130  0.605419  0.631082  0.633506  0.729815  0.730690  0.764557  0.764984  0.666345  0.657557  0.538462  0.696002  0.875346  0.598944  0.697212  0.660369  0.637836  0.726635  0.772570  0.587227  0.606142  0.754558  0.718549  0.547426  0.528336  0.749624  0.890442  0.754621  0.905252  0.706806  0.738123  0.778679  0.713667  0.717815  0.718109  0.813500  0.586376  0.574239  0.704835  0.610575  0.813231  0.660415  0.571577  0.875654  0.844498  0.799566  0.748923  0.521222  0.557241  0.608489  0.671909  0.850225  0.722943  0.764812  0.737411  0.773365  0.689485  0.789537  0.746588  0.816305  0.690622  0.537920  0.774316  0.825040  0.831931  0.835865  0.489704  0.440499  0.697758  0.785887  0.642404  0.726398  0.459065  0.704826  0.726318  0.758594  0.660260  0.692166  0.658278  0.836615  0.449980  0.767051  0.628127  0.688189  0.645500  0.734330  0.526099  0.739156  0.833111  0.878156  0.732547  0.886421  0.803887  0.809190  0.497249  0.843542  0.796159  0.706375  0.696076  0.736783  0.768175  0.808478  0.685609  0.616270  0.723713  0.696150  0.617091  0.788768  0.790206  0.733129  0.776323  0.684717  0.683035  0.671592  0.772856  0.805812  0.853792  0.935094  0.775124  0.891069  0.839320  0.703685  0.761064  0.845877  0.827311  0.757163  0.740580  0.905356  0.865298  0.713907  0.768060  0.702820  0.482709  0.498354  0.587006  0.806097  0.474942  0.560119  0.819562  0.855063  0.832592  0.786117  0.747171  0.715908  0.676258  0.620392  0.723001  0.728598  0.739733  0.555827  0.797603  0.866160  0.637273  0.597556  0.653327  0.508024  0.817344  0.583200  0.840637  0.621769  0.754008  0.741210 
11  0.637118  0.456574  0.427148  0.571435  0.611503  0.512414  0.663691  0.490245  0.360699  0.486580  0.707270 0.0  0.603323  0.627392  0.742845  0.844740  0.478579  0.314717  0.659870  0.813304  0.651027  0.588417  0.282785  0.641508  0.705775  0.582908  0.616740  0.390755  0.538137  0.690116  0.743328  0.813430  0.710065  0.615126  0.681548  0.434257  0.687343  0.593397  0.714001  0.535978  0.693853  0.490704  0.363711  0.609072  0.509456  0.742468  0.519125  0.880698  0.659192  0.409074  0.443340  0.546759  0.490114  0.475829  0.639734  0.613722  0.541104  0.489134  0.645096  0.563756  0.589493  0.709987  0.727681  0.750842  0.735866  0.723244  0.615944  0.443373  0.516609  0.534073  0.760777  0.479543  0.682346  0.466928  0.440970  0.820028  0.662019  0.731404  0.659053  0.798184  0.781775  0.667612  0.655794  0.781978  0.697416  0.659981  0.627537  0.670051  0.737205  0.616098  0.739064  0.410504  0.700464  0.699524  0.710487  0.557308  0.643370  0.631693  0.617134  0.790189  0.645075  0.744653  0.822300  0.659848  0.525125  0.381781  0.515413  0.752336  0.583154  0.574726  0.629550  0.622136  0.365328  0.524816  0.706568  0.756776  0.717503  0.726176  0.459960  0.432663  0.450033  0.665797  0.802220  0.940155  0.769489  0.568624  0.687746  0.731770  0.603381  0.754643  0.859608  0.633805  0.610418  0.750130  0.634358  0.646661  0.751476  0.394209  0.626029  0.752024  0.423027  0.798840  0.779023  0.678375  0.559990  0.623051  0.396035  0.433317  0.482460  0.725967  0.691013  0.705718  0.686737  0.744411  0.633077  0.857324  0.748819  0.756494  0.704275  0.763441  0.625070  0.611660  0.809525  0.712765  0.680514  0.699992  0.515382  0.690747  0.690501  0.725151  0.792474  0.706558  0.709675  0.743472  0.768960  0.686435  0.540107  0.824085  0.467885  0.383356  0.691202  0.370890  0.697722  0.524999  0.783074  0.707800  0.656883  0.681490  0.609544  0.627952  0.654738  0.788739  0.758611  0.726252  0.579093  0.766218  0.832669 
12  0.702357  0.653535  0.551121  0.678804  0.718029  0.761969  0.817030  0.661525  0.731934  0.577367  0.735296  0.603323 0.0  0.706941  0.787772  0.586455  0.640858  0.531854  0.654754  0.794044  0.677947  0.651920  0.630215  0.546634  0.705965  0.428540  0.514432  0.604445  0.758148  0.722054  0.720768  0.742925  0.734179  0.493380  0.687115  0.604249  0.634173  0.768206  0.829916  0.588097  0.619235  0.524399  0.562662  0.625824  0.666943  0.717123  0.648997  0.780886  0.712802  0.630579  0.653203  0.646702  0.709988  0.618898  0.698265  0.511708  0.452250  0.683524  0.748775  0.646284  0.665201  0.668375  0.658117  0.710632  0.616310  0.670476  0.507565  0.589895  0.555258  0.548585  0.692349  0.649930  0.852679  0.565599  0.637385  0.737697  0.681209  0.733213  0.700019  0.707460  0.565561  0.598588  0.749828  0.738904  0.726841  0.578710  0.638071  0.746200  0.693267  0.535710  0.585703  0.564059  0.572806  0.683782  0.690127  0.412160  0.626882  0.445783  0.620302  0.623146  0.618149  0.669404  0.711405  0.603579  0.433551  0.613734  0.572233  0.861859  0.607512  0.488511  0.440997  0.526381  0.540043  0.455575  0.732517  0.714843  0.850150  0.978498  0.715411  0.502988  0.548955  0.752675  0.691406  0.648664  0.716555  0.601119  0.670433  0.608253  0.619495  0.589810  0.683760  0.598893  0.737990  0.787648  0.592555  0.446780  0.730971  0.556062  0.647412  0.626100  0.619054  0.833673  0.653173  0.554109  0.584746  0.537044  0.686428  0.704909  0.659101  0.651535  0.710692  0.710009  0.703621  0.721644  0.664831  0.777052  0.713532  0.690748  0.667562  0.830235  0.411560  0.501552  0.724722  0.655397  0.592735  0.628251  0.529288  0.707876  0.749748  0.712118  0.672551  0.752121  0.744731  0.805395  0.688986  0.595209  0.668620  0.751514  0.649834  0.549593  0.719542  0.574720  0.736480  0.576900  0.765246  0.688264  0.669380  0.681653  0.746985  0.678868  0.759758  0.696451  0.657587  0.754491  0.677067  0.547898  0.727769 
13  0.860430  0.648871  0.710702  0.784670  0.788616  0.818676  0.713224  0.703959  0.604908  0.701557  0.839453  0.627392  0.706941 0.0  0.788412  0.327186  0.650370  0.757618  0.749719  0.807097  0.794853  0.754626  0.764614  0.678487  0.717773  0.644280  0.570404  0.769249  0.691065  0.828885  0.588482  0.642677  0.785784  0.694512  0.815755  0.769253  0.767998  0.833730  0.920952  0.796594  0.421261  0.698820  0.725694  0.687232  0.757218  0.694312  0.647413  0.692799  0.742692  0.637912  0.838267  0.664477  0.681895  0.747034  0.874775  0.739001  0.683558  0.824882  0.814178  0.774229  0.708349  0.631412  0.580902  0.546237  0.567247  0.556404  0.624139  0.744724  0.738739  0.720217  0.769235  0.783623  0.750757  0.708615  0.690683  0.604327  0.784195  0.785325  0.660037  0.469059  0.739662  0.509235  0.750470  0.765801  0.797813  0.660616  0.628539  0.649205  0.709960  0.743058  0.602912  0.686480  0.438083  0.598829  0.521616  0.608345  0.833202  0.535755  0.769366  0.720382  0.348511  0.790574  0.767003  0.514855  0.744658  0.716672  0.608843  0.841612  0.674455  0.616547  0.699465  0.576051  0.746569  0.571659  0.649753  0.824597  0.685811  0.811639  0.652350  0.722636  0.675272  0.764525  0.620900  0.848595  0.633609  0.705452  0.667921  0.351843  0.613848  0.769114  0.799979  0.528239  0.723085  0.821047  0.645906  0.647606  0.706428  0.656998  0.687492  0.504512  0.751138  0.802859  0.723269  0.561118  0.835060  0.534267  0.762875  0.733819  0.742859  0.615875  0.680892  0.659885  0.593705  0.662688  0.637598  0.748221  0.643061  0.570723  0.331338  0.768879  0.601571  0.676063  0.474984  0.653278  0.622993  0.575092  0.707885  0.742397  0.801101  0.770669  0.706876  0.701356  0.821736  0.635433  0.392731  0.554455  0.617355  0.651940  0.714494  0.658507  0.724195  0.622578  0.628100  0.712383  0.836322  0.741409  0.715057  0.743139  0.772505  0.823606  0.786487  0.767472  0.706943  0.658172  0.750929  0.404033  0.851422 
14  0.609837  0.795286  0.704117  0.615462  0.677908  0.598583  0.723862  0.699382  0.659691  0.767353  0.449948  0.742845  0.787772  0.788412 0.0  0.789208  0.715712  0.775172  0.691028  0.435825  0.691943  0.678315  0.673421  0.766044  0.637240  0.738883  0.859148  0.692286  0.686389  0.604260  0.734132  0.863098  0.711005  0.708671  0.622048  0.809229  0.639466  0.631353  0.446068  0.771899  0.845928  0.656297  0.710781  0.570666  0.683612  0.575689  0.735099  0.788198  0.701848  0.810903  0.758403  0.720818  0.679658  0.720188  0.721326  0.755567  0.750591  0.641770  0.635953  0.723432  0.784289  0.869120  0.789445  0.856213  0.774516  0.830203  0.740616  0.732577  0.678960  0.749567  0.765444  0.820820  0.738229  0.719536  0.679751  0.823168  0.613961  0.623655  0.913790  0.735587  0.809430  0.803143  0.526248  0.603835  0.598038  0.740556  0.878591  0.767624  0.894252  0.678211  0.840810  0.688866  0.806425  0.847354  0.753986  0.739060  0.606074  0.808270  0.838699  0.719646  0.872532  0.469517  0.519198  0.794642  0.823162  0.759679  0.802160  0.609160  0.773667  0.723870  0.773092  0.787105  0.846300  0.768898  0.801593  0.548629  0.793900  0.555791  0.748119  0.663203  0.646672  0.643756  0.769808  0.818402  0.867696  0.664882  0.795321  0.837044  0.818621  0.656560  0.797189  0.704811  0.794766  0.531849  0.828718  0.796654  0.853802  0.827009  0.582186  0.713941  0.794864  0.483050  0.857390  0.847523  0.683178  0.759866  0.797485  0.734347  0.806972  0.811083  0.939101  0.795447  0.917935  0.791500  0.883390  0.825037  0.787274  0.825747  0.748820  0.953799  0.782076  0.825437  0.778186  0.821743  0.847377  0.833057  0.761764  0.626644  0.564554  0.602315  0.923600  0.604501  0.275639  0.806526  0.777065  0.849142  0.820874  0.828006  0.686297  0.671566  0.521204  0.653534  0.798809  0.861940  0.549803  0.834119  0.822402  0.567472  0.704871  0.678730  0.362859  0.880111  0.646667  0.878911  0.724486  0.863565  0.857418 
15  0.798803  0.672677  0.696698  0.803605  0.781277  0.802604  0.805176  0.787796  0.703034  0.661550  0.797044  0.844740  0.586455  0.327186  0.789208 0.0  0.719210  0.717538  0.819615  0.792022  0.712207  0.769916  0.770690  0.616711  0.736927  0.581085  0.618118  0.736266  0.778529  0.787843  0.664876  0.666425  0.752799  0.625559  0.880669  0.605902  0.789244  0.676274  0.786379  0.667554  0.611719  0.688625  0.668139  0.739113  0.613776  0.789743  0.724722  0.626470  0.740654  0.671716  0.701311  0.685764  0.634322  0.749788  0.710021  0.674311  0.642409  0.628540  0.807926  0.761172  0.708680  0.614013  0.657934  0.444017  0.468773  0.624947  0.578175  0.775906  0.582244  0.690599  0.620536  0.758903  0.770535  0.558147  0.793777  0.666227  0.746061  0.759441  0.614399  0.699221  0.529671  0.480616  0.748293  0.840696  0.723755  0.749417  0.649036  0.620711  0.668131  0.663866  0.628297  0.714899  0.481443  0.461131  0.608574  0.612905  0.788118  0.559432  0.767818  0.779767  0.531870  0.729648  0.876184  0.483414  0.680940  0.748687  0.703543  0.769253  0.741920  0.734666  0.675097  0.497044  0.713334  0.545699  0.745871  0.743636  0.684111  0.741193  0.748522  0.582398  0.730717  0.902299  0.635571  0.619908  0.663652  0.665653  0.734573  0.450912  0.535611  0.760260  0.748379  0.663231  0.659328  0.858219  0.745643  0.612843  0.741108  0.839495  0.704866  0.426512  0.720007  0.919293  0.662250  0.685959  0.756964  0.595492  0.709748  0.720480  0.686144  0.770586  0.694157  0.620808  0.614630  0.582595  0.614261  0.695867  0.680348  0.493485  0.479371  0.713964  0.748708  0.651775  0.609466  0.685222  0.613801  0.683994  0.650035  0.831118  0.808431  0.774849  0.731805  0.812305  0.813766  0.700441  0.389174  0.557910  0.603415  0.637467  0.659214  0.686326  0.773553  0.712955  0.630684  0.755757  0.795099  0.788430  0.716732  0.904247  0.793470  0.765047  0.868500  0.736979  0.780528  0.689502  0.739048  0.593258  0.637658 
16  0.637630  0.435930  0.462498  0.705601  0.596896  0.743932  0.627319  0.523694  0.441007  0.645116  0.620902  0.478579  0.640858  0.650370  0.715712  0.719210 0.0  0.618846  0.791626  0.735090  0.535053  0.464687  0.565852  0.611958  0.473634  0.694693  0.747728  0.500728  0.425925  0.620516  0.683481  0.784466  0.657361  0.527281  0.649668  0.521714  0.667521  0.686171  0.777085  0.634288  0.632603  0.570337  0.506231  0.507692  0.437335  0.738784  0.606092  0.874496  0.638928  0.559772  0.455901  0.507324  0.486551  0.223280  0.599542  0.574527  0.519847  0.522094  0.725337  0.687446  0.278514  0.903799  0.687331  0.800439  0.705142  0.749489  0.700245  0.437490  0.446429  0.546675  0.759856  0.544549  0.693247  0.440062  0.568162  0.758588  0.521738  0.655750  0.763931  0.783020  0.766658  0.672141  0.665793  0.784174  0.615102  0.736612  0.706362  0.756948  0.730377  0.583858  0.739677  0.570267  0.681337  0.665751  0.782833  0.634594  0.586955  0.687522  0.621105  0.797631  0.717565  0.747399  0.637425  0.616393  0.639362  0.500308  0.485532  0.627025  0.437031  0.527639  0.620606  0.605924  0.568036  0.624205  0.697834  0.652736  0.769474  0.784701  0.576898  0.497344  0.445960  0.634155  0.647290  0.724304  0.712967  0.450989  0.806591  0.647719  0.630493  0.566211  0.746234  0.700270  0.758188  0.731729  0.516654  0.727184  0.854887  0.447260  0.566528  0.697603  0.453240  0.792753  0.800795  0.672930  0.454421  0.690284  0.519468  0.542316  0.438520  0.776146  0.770984  0.792148  0.797982  0.845080  0.739087  0.867108  0.742284  0.660045  0.729866  0.806371  0.659876  0.584615  0.720432  0.821060  0.727786  0.688551  0.527280  0.648408  0.761465  0.690774  0.761693  0.540920  0.815043  0.789210  0.768027  0.817232  0.673711  0.838107  0.393371  0.564692  0.628426  0.544929  0.800844  0.601382  0.745571  0.810103  0.679369  0.730454  0.590527  0.638678  0.711880  0.853181  0.564964  0.894460  0.509661  0.647748  0.707059 
17  0.701514  0.390825  0.439778  0.561374  0.648601  0.614331  0.658197  0.479464  0.414549  0.552968  0.755594  0.314717  0.531854  0.757618  0.775172  0.717538  0.618846 0.0  0.577450  0.710355  0.628983  0.481238  0.211570  0.598553  0.537983  0.612546  0.779169  0.224452  0.671468  0.718792  0.760118  0.776776  0.649856  0.562703  0.735402  0.427344  0.616289  0.658222  0.769155  0.587958  0.696389  0.614528  0.103166  0.624705  0.421262  0.643542  0.540262  0.757175  0.626654  0.466104  0.506480  0.632983  0.599117  0.524087  0.629729  0.692275  0.541632  0.296834  0.840099  0.623149  0.597306  0.795651  0.676828  0.667482  0.694914  0.748661  0.631095  0.437402  0.414719  0.484310  0.735661  0.402928  0.651356  0.369670  0.281192  0.843594  0.712086  0.578161  0.749423  0.840722  0.654102  0.685285  0.793498  0.777751  0.634078  0.600884  0.701370  0.673276  0.622417  0.616324  0.803682  0.272407  0.711025  0.680404  0.748621  0.664425  0.608381  0.620071  0.618832  0.732112  0.661390  0.729533  0.688505  0.723852  0.573831  0.449181  0.554802  0.699750  0.638020  0.564973  0.594335  0.615921  0.467519  0.684040  0.729491  0.718005  0.832189  0.900719  0.413350  0.551942  0.422865  0.775234  0.624305  0.777533  0.832898  0.500414  0.774488  0.728399  0.731155  0.486772  0.837220  0.701777  0.807742  0.783828  0.733449  0.729841  0.715905  0.351136  0.652057  0.710529  0.381265  0.752902  0.665543  0.798127  0.528011  0.716267  0.476444  0.316872  0.605749  0.780357  0.701423  0.723922  0.783732  0.787327  0.680396  0.820842  0.760912  0.750763  0.677860  0.747632  0.501610  0.503923  0.751387  0.739556  0.678506  0.641285  0.488579  0.700052  0.762177  0.693820  0.757386  0.588120  0.586982  0.656813  0.590472  0.660383  0.671193  0.653011  0.506580  0.514862  0.697539  0.385083  0.725836  0.608833  0.814952  0.796786  0.644359  0.643888  0.674805  0.686468  0.771837  0.928428  0.596863  0.714653  0.527854  0.735666  0.749100 
18  0.336732  0.631158  0.793826  0.529728  0.555184  0.281520  0.380068  0.721023  0.663338  0.744671  0.565642  0.659870  0.654754  0.749719  0.691028  0.819615  0.791626  0.577450 0.0  0.694861  0.397703  0.625379  0.677443  0.589984  0.638069  0.628803  0.758993  0.694948  0.687008  0.577538  0.843173  0.781565  0.400762  0.817285  0.551765  0.645841  0.359186  0.546317  0.626050  0.615798  0.711622  0.726832  0.713058  0.632666  0.557280  0.434788  0.704055  0.848915  0.575312  0.670789  0.679748  0.568504  0.671790  0.708490  0.551328  0.672815  0.660683  0.739302  0.485080  0.664306  0.627461  0.856396  0.752662  0.760773  0.936254  0.809529  0.775897  0.636876  0.677690  0.648683  0.738101  0.694114  0.625293  0.691402  0.607491  0.873196  0.573022  0.671220  0.745491  0.753084  0.790169  0.742239  0.514022  0.664145  0.568846  0.832680  0.769473  0.661249  0.765700  0.748578  0.821711  0.630421  0.635453  0.801808  0.809768  0.761752  0.391401  0.718844  0.628390  0.841828  0.751051  0.492399  0.562848  0.744227  0.756443  0.760564  0.757330  0.710975  0.695584  0.699411  0.769570  0.809002  0.644916  0.666949  0.846262  0.465867  0.856242  0.706173  0.750652  0.699875  0.691809  0.566106  0.654370  0.684451  0.806741  0.697826  0.874897  0.729895  0.787851  0.625704  0.794855  0.749157  0.722964  0.550260  0.724872  0.749473  0.813504  0.662015  0.506314  0.743756  0.680033  0.684113  0.738617  0.766345  0.578149  0.768237  0.667610  0.675829  0.590307  0.766255  0.798681  0.842454  0.790854  0.881085  0.767714  0.851074  0.773999  0.771909  0.731087  0.845072  0.644986  0.653177  0.837953  0.853307  0.718403  0.743750  0.663481  0.373715  0.708646  0.582564  0.790142  0.512964  0.581811  0.907651  0.802099  0.783082  0.766189  0.726402  0.662234  0.697761  0.562984  0.765449  0.716407  0.657829  0.542553  0.870633  0.642365  0.697101  0.296945  0.636137  0.553994  0.751620  0.509593  0.797598  0.636614  0.648251  0.896285 
19  0.579124  0.834258  0.771256  0.555402  0.726562  0.686478  0.599638  0.832555  0.640635  0.741922  0.557566  0.813304  0.794044  0.807097  0.435825  0.792022  0.735090  0.710355  0.694861 0.0  0.585835  0.846764  0.700182  0.754398  0.755751  0.809761  0.712674  0.834046  0.745554  0.663647  0.928403  0.796185  0.519115  0.752329  0.566214  0.672904  0.643724  0.731655  0.417048  0.756937  0.785028  0.725529  0.841802  0.687954  0.613269  0.716977  0.687227  0.861059  0.661473  0.788399  0.719627  0.741197  0.788337  0.766372  0.730107  0.760849  0.763770  0.695672  0.727532  0.729385  0.718118  0.780720  0.878204  0.735860  0.809035  0.744731  0.716795  0.707845  0.706966  0.651125  0.765554  0.732497  0.718681  0.749653  0.712488  0.795610  0.590064  0.674939  0.856558  0.823348  0.763910  0.732222  0.589123  0.632588  0.679161  0.836513  0.833749  0.787471  0.864511  0.846137  0.875128  0.661496  0.890529  0.787213  0.869162  0.747996  0.772791  0.777944  0.789317  0.851769  0.836087  0.544656  0.452339  0.884899  0.733888  0.771808  0.654058  0.606759  0.789720  0.790924  0.798143  0.859821  0.719082  0.717581  0.800703  0.631405  0.746622  0.344840  0.721657  0.815163  0.721265  0.633171  0.863988  0.949148  0.736966  0.742438  0.827727  0.761594  0.812028  0.630673  0.870172  0.785942  0.789908  0.388515  0.717403  0.781043  0.979666  0.816852  0.624048  0.846340  0.694359  0.321586  0.745766  0.692592  0.714658  0.762866  0.660957  0.807468  0.773440  0.752587  0.791744  0.901515  0.851562  0.745430  0.753914  0.939259  0.907695  0.731286  0.802797  0.874446  0.832356  0.794708  0.837594  0.906389  0.800696  0.687825  0.701442  0.601726  0.467695  0.666406  0.861086  0.609136  0.405292  0.786187  0.819463  0.783400  0.834075  0.860517  0.657399  0.718896  0.460012  0.766585  0.806552  0.818668  0.510729  0.803257  0.794738  0.428842  0.616029  0.617980  0.576994  0.907888  0.594104  0.834234  0.580720  0.871658  0.908654 
