197
0 0.0  0.668231  0.738355  0.477501  0.535001  0.288884  0.417228  0.517328  0.724112  0.581309  0.572805  0.576013  0.728009  0.754526  0.646537  0.717832  0.710912  0.759963  0.441853  0.720796  0.563477  0.599151  0.755561  0.672519  0.681990  0.638674  0.670977  0.650664  0.756467  0.490690  0.781338  0.777671  0.596163  0.568792  0.573185  0.739619  0.557429  0.539109  0.586384  0.710785  0.822817  0.764442  0.665239  0.721026  0.551560  0.323994  0.717672  0.723038  0.442801  0.697470  0.730966  0.566031  0.784792  0.699054  0.492726  0.752830  0.695175  0.659496  0.569841  0.559776  0.678033  0.819683  0.666952  0.731612  0.772819  0.757853  0.667662  0.621869  0.655744  0.588954  0.789842  0.679212  0.550313  0.587778  0.523014  0.886559  0.554938  0.600338  0.785994  0.817160  0.720968  0.845434  0.504264  0.461706  0.615471  0.726081  0.681199  0.768129  0.705718  0.718920  0.768419  0.606169  0.675814  0.741710  0.834864  0.717446  0.429494  0.763271  0.803234  0.782708  0.761769  0.568247  0.612763  0.736574  0.700966  0.651296  0.602674  0.554109  0.685967  0.694666  0.769600  0.701767  0.579998  0.857650  0.711454  0.422726  0.774290  0.712158  0.694234  0.641900  0.626914  0.651934  0.896966  0.813770  0.742529  0.604069  0.899402  0.819349  0.781042  0.659047  0.791307  0.783545  0.725205  0.608977  0.618636  0.708392  0.745208  0.632609  0.510228  0.723398  0.688408  0.667494  0.765325  0.744268  0.625306  0.735658  0.588390  0.582996  0.616894  0.840692  0.756475  0.712671  0.649478  0.712274  0.721515  0.871418  0.743067  0.789119  0.862374  0.752518  0.709813  0.646935  0.824581  0.806114  0.774170  0.713984  0.630921  0.574014  0.706936  0.537589  0.770875  0.516387  0.643037  0.822598  0.781253  0.813974  0.767311  0.737562  0.666351  0.603432  0.603968  0.587579  0.718906  0.743409  0.471329  0.778126  0.699275  0.655519  0.452679  0.578682  0.653988  0.906314  0.573951  0.836502  0.671823  0.688647  0.827303 
1  0.668231 0.0  0.435976  0.707651  0.511011  0.730573  0.540234  0.387511  0.452041  0.590436  0.712187  0.422065  0.608043  0.623681  0.703748  0.770356  0.427511  0.478439  0.637001  0.799994  0.591336  0.510396  0.422898  0.543221  0.570631  0.639628  0.641583  0.501601  0.521901  0.619451  0.793837  0.794551  0.713534  0.653209  0.612609  0.396850  0.619369  0.492638  0.803313  0.647068  0.717396  0.559443  0.432507  0.374319  0.410128  0.573024  0.347875  0.699391  0.537645  0.426872  0.486108  0.588461  0.540428  0.526160  0.622196  0.629661  0.551301  0.300762  0.747160  0.491108  0.580871  0.717809  0.659462  0.800089  0.741494  0.762383  0.657357  0.392648  0.329206  0.372974  0.854998  0.241813  0.730894  0.475546  0.322054  0.788113  0.642935  0.667310  0.665818  0.731343  0.651012  0.770604  0.631157  0.621438  0.611339  0.618976  0.702835  0.747260  0.687492  0.634551  0.630841  0.290890  0.727738  0.773845  0.763042  0.573528  0.607451  0.596231  0.652436  0.664492  0.632010  0.616654  0.672035  0.688238  0.567465  0.407244  0.471011  0.798182  0.579733  0.604686  0.559513  0.713854  0.457427  0.677647  0.717861  0.708026  0.833026  0.689703  0.445671  0.434164  0.528920  0.550947  0.736044  0.686165  0.776023  0.496083  0.843965  0.713670  0.669254  0.568413  0.860655  0.717709  0.824525  0.813316  0.632612  0.584922  0.836961  0.349506  0.631085  0.667762  0.402871  0.667521  0.695955  0.599226  0.579914  0.562540  0.376221  0.343820  0.409922  0.593958  0.681323  0.743160  0.759133  0.840792  0.707063  0.774364  0.774921  0.690363  0.724555  0.785847  0.550503  0.570533  0.769380  0.779721  0.729898  0.694054  0.558847  0.643059  0.710408  0.632281  0.745245  0.643466  0.710535  0.761764  0.781446  0.756203  0.640571  0.725249  0.403190  0.489770  0.657750  0.525367  0.661534  0.667304  0.641622  0.796337  0.642281  0.847385  0.622381  0.584108  0.814632  0.832409  0.571264  0.859684  0.371454  0.650246  0.825959 
2  0.738355  0.435976 0.0  0.645895  0.561181  0.696332  0.609470  0.317999  0.173261  0.415970  0.674097  0.403462  0.515353  0.586659  0.702891  0.674531  0.437791  0.494625  0.720834  0.764812  0.640523  0.563714  0.506354  0.711333  0.578038  0.637705  0.610428  0.521967  0.461584  0.599895  0.683203  0.803979  0.650930  0.598023  0.528581  0.421619  0.599311  0.625718  0.790350  0.554807  0.626279  0.469187  0.423869  0.600428  0.577236  0.691553  0.585821  0.711298  0.539112  0.466324  0.349391  0.679188  0.559209  0.428611  0.694125  0.591473  0.563948  0.451845  0.772300  0.621602  0.458099  0.704890  0.711639  0.782413  0.772222  0.730997  0.551956  0.394012  0.372249  0.547424  0.775615  0.401707  0.754284  0.214907  0.552369  0.781084  0.625412  0.671798  0.885867  0.751460  0.783488  0.745544  0.685086  0.653935  0.690188  0.603719  0.679966  0.695117  0.747429  0.632669  0.747700  0.353594  0.657864  0.704697  0.811905  0.530270  0.629110  0.630914  0.747361  0.770613  0.645232  0.507601  0.715764  0.667452  0.576522  0.215759  0.443926  0.662927  0.524715  0.553911  0.677891  0.697801  0.270461  0.664190  0.723097  0.638945  0.767771  0.732728  0.251040  0.488768  0.231962  0.594777  0.648544  0.748264  0.812122  0.485114  0.695697  0.679693  0.582710  0.575374  0.692958  0.578924  0.706477  0.671872  0.606738  0.663605  0.695805  0.393056  0.649600  0.604192  0.205879  0.804174  0.670279  0.637836  0.523212  0.622352  0.509923  0.457236  0.565274  0.859127  0.691529  0.759890  0.757319  0.789085  0.665853  0.755605  0.695828  0.676810  0.680085  0.858480  0.695228  0.608173  0.768491  0.829388  0.708265  0.612326  0.438129  0.605370  0.773351  0.695624  0.819088  0.680162  0.636056  0.817456  0.691529  0.639535  0.704105  0.643031  0.361372  0.453804  0.698990  0.394516  0.744158  0.439999  0.648337  0.775762  0.667659  0.669792  0.616958  0.583027  0.708705  0.751918  0.524313  0.730570  0.487182  0.571039  0.809411 
3  0.477501  0.707651  0.645895 0.0  0.560336  0.492938  0.476905  0.749813  0.596122  0.624157  0.547703  0.646567  0.752897  0.778979  0.713119  0.771381  0.589617  0.616625  0.448895  0.832855  0.552980  0.644415  0.646337  0.722896  0.653445  0.718516  0.715182  0.501628  0.581132  0.432909  0.867028  0.837121  0.698089  0.838286  0.628630  0.535335  0.437054  0.510683  0.713785  0.617843  0.701387  0.594674  0.572757  0.540234  0.643813  0.549378  0.598780  0.889600  0.298625  0.764249  0.599919  0.408851  0.598106  0.607291  0.459582  0.793626  0.898525  0.534902  0.508606  0.426776  0.564259  0.810296  0.697142  0.738113  0.772786  0.743465  0.693588  0.528100  0.616688  0.508470  0.809616  0.637691  0.640049  0.625437  0.563998  0.722603  0.469492  0.551810  0.765728  0.789442  0.728072  0.684012  0.480677  0.675959  0.492348  0.740224  0.787602  0.735909  0.750566  0.650093  0.792460  0.559152  0.752709  0.677717  0.838746  0.643152  0.497471  0.668095  0.813231  0.748558  0.662747  0.561451  0.562197  0.752434  0.615824  0.509513  0.633596  0.627345  0.767752  0.677880  0.732499  0.768299  0.656709  0.741887  0.798098  0.485131  0.754679  0.677884  0.668406  0.673948  0.588005  0.672166  0.857842  0.804040  0.853621  0.569666  0.801320  0.741897  0.716463  0.477155  0.839844  0.796511  0.759750  0.592867  0.737415  0.724584  0.831643  0.556695  0.213532  0.779915  0.552979  0.660301  0.736579  0.757680  0.582035  0.732731  0.594719  0.622795  0.540553  0.724952  0.765357  0.737196  0.800885  0.754490  0.732845  0.846085  0.791544  0.741342  0.752192  0.925765  0.760644  0.626685  0.799410  0.741638  0.709553  0.698349  0.655769  0.538818  0.626165  0.457227  0.789927  0.484846  0.665411  0.776053  0.690476  0.791850  0.690134  0.713121  0.593640  0.642129  0.637732  0.671944  0.885937  0.658400  0.504347  0.825923  0.700907  0.680239  0.566784  0.583617  0.627861  0.849216  0.536326  0.877758  0.487665  0.750619  0.805034 
4  0.535001  0.511011  0.561181  0.560336 0.0  0.618232  0.413161  0.649839  0.656961  0.682889  0.545400  0.621266  0.675909  0.775473  0.615409  0.809985  0.703661  0.553664  0.554339  0.645263  0.170220  0.550984  0.630668  0.669982  0.446185  0.750022  0.675120  0.549017  0.526776  0.347331  0.876700  0.755434  0.557973  0.685372  0.495681  0.555789  0.433976  0.269929  0.654705  0.657395  0.804020  0.603267  0.658193  0.475966  0.677058  0.559065  0.513612  0.741763  0.398496  0.659875  0.630061  0.406468  0.679007  0.604531  0.491357  0.637980  0.659642  0.639737  0.624793  0.551790  0.464114  0.754759  0.732413  0.734999  0.688833  0.766247  0.665436  0.613952  0.641701  0.524754  0.758680  0.623497  0.435876  0.535876  0.588323  0.875949  0.385620  0.431508  0.795182  0.733657  0.773445  0.815481  0.548830  0.582981  0.370713  0.710610  0.813135  0.672293  0.730310  0.743917  0.850329  0.602495  0.765336  0.744943  0.731965  0.676637  0.371178  0.735807  0.755829  0.741203  0.798080  0.655807  0.693771  0.754247  0.686412  0.751525  0.594621  0.610847  0.694549  0.673065  0.694680  0.685985  0.653563  0.685334  0.757272  0.584164  0.855692  0.697985  0.609587  0.590691  0.763492  0.422844  0.796900  0.893207  0.757549  0.665877  0.807779  0.764938  0.681941  0.181213  0.827180  0.712578  0.790150  0.692760  0.679131  0.705312  0.864512  0.572701  0.354913  0.716972  0.622794  0.656381  0.795254  0.669674  0.452683  0.622534  0.712561  0.548725  0.543900  0.712305  0.720107  0.747841  0.699615  0.736405  0.806201  0.777168  0.818104  0.742483  0.743599  0.805661  0.668798  0.666476  0.766908  0.791347  0.786400  0.685606  0.727384  0.507939  0.592281  0.547857  0.821685  0.473828  0.648595  0.740381  0.763872  0.763939  0.795608  0.727660  0.620718  0.671387  0.598729  0.657193  0.883742  0.671051  0.612168  0.845064  0.642205  0.698331  0.565283  0.405611  0.611674  0.741646  0.362814  0.856195  0.592274  0.727736  0.789676 
5  0.288884  0.730573  0.696332  0.492938  0.618232 0.0  0.401202  0.800938  0.623132  0.669249  0.587558  0.619478  0.692184  0.831197  0.555167  0.704214  0.679228  0.681635  0.393948  0.682874  0.617784  0.583640  0.627119  0.649685  0.551379  0.692943  0.820283  0.689901  0.640432  0.532557  0.708350  0.745301  0.447775  0.673076  0.725554  0.617231  0.508381  0.627041  0.601930  0.670891  0.734687  0.736559  0.611871  0.637260  0.594713  0.224752  0.577105  0.828006  0.530700  0.687200  0.588465  0.501182  0.705859  0.576434  0.584960  0.747130  0.738370  0.657213  0.521192  0.532854  0.692642  0.826636  0.726862  0.741474  0.715713  0.757604  0.662740  0.772873  0.661484  0.614724  0.837857  0.652560  0.477087  0.711916  0.665642  0.780905  0.543368  0.514992  0.760036  0.824396  0.756654  0.718982  0.492388  0.371933  0.574503  0.716632  0.730812  0.767488  0.691270  0.743428  0.738759  0.639007  0.633598  0.824484  0.864437  0.740419  0.532006  0.740833  0.865801  0.790293  0.896005  0.417942  0.601434  0.841886  0.716656  0.620800  0.682158  0.635213  0.687986  0.742712  0.605655  0.702089  0.736074  0.772143  0.734649  0.495824  0.845103  0.567150  0.679650  0.646791  0.805994  0.630263  0.727105  0.866682  0.739647  0.836667  0.781541  0.763442  0.730174  0.615728  0.746255  0.736253  0.834866  0.648589  0.750931  0.758323  0.775643  0.592921  0.548934  0.642488  0.631087  0.804845  0.799532  0.756696  0.497772  0.661694  0.640109  0.592274  0.672203  0.784789  0.698483  0.809669  0.827613  0.845289  0.794648  0.858818  0.884403  0.755921  0.854295  0.798043  0.747260  0.676174  0.806634  0.774478  0.705171  0.766578  0.747932  0.636360  0.574225  0.441026  0.795934  0.596423  0.535095  0.691249  0.634798  0.773461  0.829299  0.699906  0.607509  0.704021  0.517610  0.641900  0.852923  0.669553  0.485789  0.848690  0.715694  0.743239  0.477341  0.554063  0.614489  0.809881  0.586628  0.809271  0.567153  0.750057  0.752630 
6  0.417228  0.540234  0.609470  0.476905  0.413161  0.401202 0.0  0.720502  0.681539  0.742666  0.576947  0.657255  0.721399  0.698127  0.593476  0.658347  0.635476  0.685856  0.371142  0.586129  0.454377  0.550876  0.608071  0.719109  0.569392  0.652758  0.662734  0.637252  0.550519  0.515377  0.847257  0.796961  0.534907  0.657752  0.489931  0.598905  0.542599  0.441838  0.518264  0.636961  0.730060  0.672802  0.715071  0.612039  0.596554  0.498329  0.771282  0.784062  0.483579  0.671204  0.686591  0.538908  0.682745  0.616984  0.464542  0.661947  0.684804  0.642301  0.477394  0.449034  0.611486  0.806158  0.737055  0.794285  0.778414  0.840763  0.683541  0.597726  0.461038  0.700938  0.793967  0.621630  0.500454  0.703859  0.599627  0.900737  0.447721  0.533690  0.765355  0.843301  0.799578  0.746590  0.538096  0.568026  0.511356  0.770360  0.721772  0.746239  0.701342  0.752767  0.910319  0.663404  0.741231  0.646366  0.807425  0.741826  0.439045  0.743736  0.736177  0.804409  0.690585  0.591030  0.604628  0.695995  0.661505  0.676366  0.710252  0.675641  0.643532  0.798556  0.806502  0.661596  0.608668  0.775888  0.764191  0.540043  0.872225  0.673139  0.577299  0.595586  0.685697  0.550709  0.674040  0.770889  0.916892  0.652496  0.800213  0.798645  0.829781  0.516997  0.775473  0.810101  0.737544  0.782511  0.755149  0.754918  0.778726  0.590451  0.469858  0.799465  0.526891  0.660717  0.895037  0.735597  0.571237  0.709833  0.622574  0.641747  0.627082  0.762977  0.720925  0.731594  0.835370  0.833123  0.851615  0.708259  0.774163  0.848434  0.817006  0.811022  0.649058  0.656678  0.774843  0.683640  0.824086  0.734256  0.760825  0.505596  0.616813  0.388429  0.685909  0.409921  0.550292  0.800930  0.817629  0.751602  0.754270  0.780932  0.642123  0.602596  0.695888  0.615185  0.738032  0.650826  0.639108  0.700778  0.648713  0.641159  0.433057  0.643033  0.642492  0.725150  0.506553  0.716703  0.709989  0.723198  0.808983 
7  0.517328  0.387511  0.317999  0.749813  0.649839  0.800938  0.720502 0.0  0.153822  0.551745  0.725426  0.498166  0.633741  0.658065  0.746946  0.736754  0.463319  0.400629  0.624731  0.729089  0.466646  0.498400  0.392292  0.611308  0.659883  0.509892  0.625969  0.501246  0.461962  0.734725  0.716103  0.722606  0.696948  0.550944  0.687438  0.468191  0.681887  0.566340  0.772499  0.636100  0.688450  0.514436  0.476892  0.540501  0.490950  0.678536  0.498451  0.776991  0.656979  0.478594  0.343445  0.587932  0.556407  0.532958  0.675380  0.653101  0.483847  0.579748  0.744085  0.571842  0.460950  0.734396  0.714039  0.741506  0.724858  0.729852  0.683069  0.353241  0.508975  0.672329  0.677663  0.501305  0.718992  0.231832  0.481926  0.751477  0.607138  0.682242  0.757009  0.745669  0.618913  0.524110  0.656049  0.787533  0.559874  0.713779  0.781122  0.667203  0.698665  0.622377  0.650800  0.389235  0.723116  0.722757  0.569430  0.659152  0.612960  0.697329  0.739158  0.720476  0.617003  0.698843  0.739135  0.612426  0.577584  0.085467  0.481446  0.634660  0.531914  0.456213  0.574444  0.615555  0.311502  0.683840  0.722850  0.706486  0.644005  0.694551  0.181801  0.434551  0.311045  0.565992  0.633140  0.819725  0.741092  0.497618  0.749871  0.746378  0.661629  0.639943  0.811315  0.575428  0.714943  0.727692  0.660206  0.567042  0.774540  0.480235  0.631603  0.770547  0.167494  0.811118  0.694769  0.591750  0.595245  0.722373  0.426182  0.487142  0.535443  0.693728  0.590420  0.645506  0.762822  0.829067  0.651250  0.958512  0.742309  0.804791  0.742023  0.845899  0.627059  0.578207  0.769758  0.767946  0.667636  0.684489  0.490243  0.728938  0.695608  0.638189  0.776127  0.562166  0.673146  0.870714  0.607262  0.740728  0.635648  0.659150  0.457688  0.309571  0.836625  0.367800  0.774014  0.541614  0.672039  0.775136  0.553843  0.789195  0.793467  0.543468  0.720101  0.772772  0.702538  0.716049  0.602291  0.731871  0.723550 
8  0.724112  0.452041  0.173261  0.596122  0.656961  0.623132  0.681539  0.153822 0.0  0.522957  0.818030  0.462837  0.586268  0.690093  0.745919  0.760891  0.587756  0.403702  0.544041  0.734814  0.629901  0.468588  0.360272  0.595191  0.581080  0.575149  0.658118  0.542945  0.438825  0.637362  0.753090  0.736703  0.676413  0.503674  0.623802  0.489209  0.645868  0.703789  0.787172  0.620914  0.567108  0.530925  0.389813  0.500590  0.526534  0.676678  0.471384  0.732921  0.630339  0.499457  0.416249  0.563289  0.544489  0.450181  0.723731  0.609770  0.627684  0.531761  0.508822  0.608321  0.502987  0.734217  0.760369  0.638905  0.703850  0.751345  0.581158  0.427185  0.372416  0.620306  0.725885  0.431952  0.638822  0.282471  0.479847  0.612679  0.605270  0.630837  0.766805  0.733745  0.729847  0.801075  0.780803  0.604045  0.620165  0.738294  0.691751  0.616581  0.666159  0.671588  0.708793  0.405818  0.696521  0.794830  0.766715  0.590464  0.528577  0.725791  0.722985  0.720084  0.695045  0.716925  0.790523  0.654004  0.566251  0.129517  0.425214  0.690113  0.499317  0.637863  0.600303  0.626021  0.224800  0.633318  0.700838  0.625901  0.740445  0.724103  0.132203  0.412322  0.442275  0.633081  0.826878  0.826288  0.782954  0.533771  0.856264  0.712032  0.628093  0.662974  0.721929  0.618946  0.771876  0.741343  0.605522  0.706597  0.784552  0.293596  0.638089  0.711116  0.281529  0.803606  0.777989  0.613593  0.636467  0.606988  0.384936  0.421640  0.419175  0.694841  0.812982  0.760890  0.697598  0.692928  0.653965  0.877691  0.835366  0.716087  0.748228  0.778347  0.653824  0.573507  0.848139  0.770957  0.629700  0.720733  0.491277  0.652178  0.653674  0.568426  0.790087  0.724645  0.703156  0.737234  0.627740  0.769811  0.567954  0.652467  0.321503  0.398929  0.639377  0.370436  0.749715  0.466981  0.682080  0.762145  0.545898  0.703650  0.641567  0.635451  0.669708  0.760892  0.618371  0.685144  0.602628  0.686513  0.824696 
9  0.581309  0.590436  0.415970  0.624157  0.682889  0.669249  0.742666  0.551745  0.522957 0.0  0.720990  0.423412  0.529863  0.626247  0.741749  0.631230  0.576845  0.519916  0.828780  0.930801  0.537383  0.561122  0.493279  0.522659  0.709574  0.548861  0.619174  0.569236  0.684069  0.657597  0.668679  0.722526  0.655632  0.543208  0.774305  0.492052  0.716939  0.652089  0.711528  0.563676  0.541991  0.477153  0.367250  0.659140  0.620494  0.741159  0.701142  0.795328  0.576233  0.372659  0.543859  0.566813  0.617931  0.539505  0.714776  0.543905  0.566681  0.593197  0.767420  0.660159  0.643858  0.718171  0.718080  0.714944  0.749668  0.723033  0.675656  0.537622  0.639938  0.564742  0.779894  0.523004  0.679700  0.585083  0.499214  0.706970  0.669350  0.602125  0.716416  0.559866  0.593813  0.701290  0.696916  0.713132  0.688000  0.550965  0.689176  0.588933  0.690928  0.579007  0.639925  0.456588  0.661172  0.743977  0.763666  0.629103  0.731638  0.534889  0.712162  0.672013  0.562524  0.627564  0.712923  0.622247  0.552623  0.478772  0.605375  0.708665  0.567534  0.434331  0.487520  0.663003  0.498108  0.629524  0.720124  0.703000  0.723423  0.743678  0.523387  0.459375  0.451352  0.639223  0.758847  0.686280  0.663039  0.614505  0.769817  0.555398  0.654437  0.664177  0.797234  0.676151  0.780441  0.853468  0.479418  0.498703  0.741766  0.509382  0.779310  0.621330  0.414074  0.746021  0.775033  0.577275  0.682988  0.615139  0.431678  0.574410  0.630918  0.761746  0.702462  0.622569  0.758623  0.855982  0.726915  0.688337  0.642628  0.773789  0.755656  0.772936  0.579316  0.479681  0.698443  0.721769  0.651230  0.521905  0.524470  0.754003  0.734912  0.596302  0.710371  0.593831  0.810105  0.650419  0.747947  0.751111  0.619447  0.754045  0.601335  0.512820  0.672288  0.441458  0.716816  0.494831  0.806327  0.808490  0.633995  0.775037  0.659302  0.616222  0.793627  0.847320  0.651281  0.845717  0.607577  0.575333  0.785432 
10  0.572805  0.712187  0.674097  0.547703  0.545400  0.587558  0.576947  0.725426  0.818030  0.720990 0.0  0.631002  0.615033  0.812697  0.560931  0.775237  0.731692  0.794381  0.578897  0.640494  0.601810  0.686983  0.662630  0.704267  0.614450  0.844928  0.755533  0.575283  0.619825  0.653412  0.823661  0.771062  0.554658  0.677663  0.568932  0.680005  0.599601  0.555173  0.492897  0.737817  0.788143  0.627394  0.693078  0.626127  0.683418  0.567452  0.673944  0.789849  0.599070  0.764394  0.739058  0.602763  0.712525  0.640450  0.656852  0.755119  0.780983  0.639269  0.543653  0.650678  0.684938  0.895711  0.864909  0.794214  0.816854  0.920918  0.757587  0.618272  0.678470  0.634184  0.792399  0.575666  0.463935  0.699669  0.569392  0.775028  0.605904  0.561533  0.801758  0.753690  0.809927  0.760556  0.490830  0.619034  0.616388  0.786146  0.849520  0.878214  0.710337  0.649633  0.901882  0.632147  0.789244  0.676317  0.844056  0.738973  0.704996  0.754858  0.749629  0.749020  0.712116  0.559788  0.456244  0.704558  0.743084  0.657948  0.703156  0.584579  0.732023  0.803102  0.682737  0.824681  0.689036  0.695740  0.770980  0.563258  0.876901  0.582624  0.633979  0.727386  0.626650  0.575476  0.839839  0.823404  0.905385  0.644110  0.723605  0.812932  0.778120  0.586532  0.881755  0.733089  0.884621  0.648270  0.695744  0.726385  0.771174  0.624875  0.498263  0.887342  0.627081  0.658974  0.723196  0.709468  0.700046  0.778739  0.657484  0.747223  0.712325  0.748408  0.757056  0.815491  0.806461  0.717510  0.773184  0.795754  0.723326  0.851595  0.861535  0.909006  0.751740  0.688509  0.862494  0.665367  0.779808  0.811136  0.638920  0.445573  0.499027  0.558667  0.870677  0.292323  0.513559  0.852575  0.799092  0.798094  0.810863  0.782958  0.764254  0.702625  0.539542  0.799376  0.836265  0.648068  0.564155  0.798224  0.672279  0.604247  0.552742  0.534110  0.519980  0.856212  0.641302  0.785778  0.650248  0.738772  0.855505 
11  0.576013  0.422065  0.403462  0.646567  0.621266  0.619478  0.657255  0.498166  0.462837  0.423412  0.631002 0.0  0.605103  0.685592  0.758354  0.660282  0.564892  0.296884  0.641416  0.696428  0.694518  0.556195  0.354686  0.522531  0.554985  0.647198  0.666758  0.400153  0.658851  0.695893  0.683692  0.774767  0.587315  0.623945  0.699261  0.541536  0.719878  0.614758  0.679368  0.460560  0.671929  0.481453  0.278508  0.582384  0.581262  0.668106  0.474949  0.731750  0.637304  0.368425  0.411292  0.515834  0.560379  0.523965  0.616620  0.597070  0.559749  0.554764  0.642598  0.635967  0.547296  0.756517  0.637146  0.778377  0.634236  0.814544  0.608754  0.432687  0.626730  0.475336  0.724051  0.433395  0.721532  0.420515  0.458163  0.712160  0.602327  0.654694  0.854849  0.739465  0.684411  0.712476  0.586819  0.691268  0.690541  0.673369  0.635595  0.759922  0.746432  0.612774  0.740916  0.443261  0.593053  0.579044  0.793585  0.630400  0.668157  0.678826  0.708547  0.629019  0.655284  0.695090  0.722491  0.723222  0.551122  0.473996  0.388799  0.667507  0.509585  0.463784  0.552693  0.609482  0.371403  0.640245  0.647090  0.795737  0.742901  0.826583  0.381642  0.390797  0.439537  0.675829  0.759579  0.648747  0.772411  0.502194  0.649420  0.737395  0.683223  0.625613  0.757086  0.669968  0.691076  0.760695  0.601174  0.684242  0.676536  0.575446  0.605610  0.732226  0.389853  0.776614  0.682028  0.566263  0.553964  0.666251  0.426722  0.448141  0.547794  0.692731  0.808864  0.802852  0.722051  0.741700  0.749307  0.754793  0.655346  0.710223  0.732097  0.744777  0.639564  0.584490  0.722265  0.675430  0.689214  0.655292  0.478534  0.705294  0.754655  0.685597  0.712041  0.707186  0.834279  0.740507  0.673457  0.746890  0.687407  0.671196  0.372417  0.310431  0.806663  0.375547  0.634986  0.636156  0.763325  0.804132  0.677065  0.590795  0.589850  0.596875  0.710983  0.751427  0.666385  0.781149  0.542481  0.673631  0.794165 
12  0.728009  0.608043  0.515353  0.752897  0.675909  0.692184  0.721399  0.633741  0.586268  0.529863  0.615033  0.605103 0.0  0.646513  0.706585  0.626255  0.660660  0.574688  0.671312  0.791329  0.628143  0.664221  0.634436  0.428452  0.701763  0.411153  0.571756  0.597124  0.665613  0.779954  0.637936  0.737318  0.802939  0.539710  0.696877  0.570035  0.660756  0.647705  0.715819  0.567728  0.601291  0.584119  0.532011  0.696801  0.700381  0.654604  0.651338  0.743883  0.653617  0.579648  0.569868  0.657074  0.603685  0.649020  0.753020  0.516745  0.560513  0.673127  0.751460  0.636678  0.595247  0.755704  0.661904  0.633135  0.609723  0.720509  0.501669  0.638109  0.587410  0.644005  0.718083  0.657865  0.672179  0.664412  0.609476  0.784173  0.815636  0.703831  0.607787  0.666709  0.638815  0.573495  0.788017  0.704876  0.655012  0.564178  0.691381  0.730767  0.714931  0.611727  0.685340  0.568883  0.501221  0.652575  0.642283  0.301864  0.733648  0.711688  0.608677  0.617969  0.505549  0.773499  0.775686  0.720571  0.497205  0.564963  0.529244  0.730473  0.624472  0.485617  0.480465  0.483035  0.604254  0.609379  0.688954  0.766725  0.788205  0.768072  0.562043  0.564557  0.651786  0.551734  0.776095  0.680148  0.896064  0.559793  0.669090  0.540282  0.628800  0.613365  0.787830  0.506795  0.628269  0.743266  0.580210  0.449098  0.746964  0.660988  0.717803  0.619564  0.563976  0.794157  0.645911  0.507127  0.604036  0.558575  0.560676  0.689600  0.540091  0.673301  0.592943  0.646719  0.752518  0.744940  0.634134  0.759444  0.579275  0.663065  0.730103  0.740918  0.421670  0.666662  0.735178  0.747144  0.520794  0.526829  0.572395  0.760918  0.716202  0.765348  0.865809  0.774178  0.760389  0.753312  0.636568  0.618246  0.596208  0.564957  0.636109  0.491741  0.813364  0.549489  0.704273  0.560424  0.797587  0.725959  0.554634  0.820343  0.654192  0.761522  0.720242  0.703710  0.715269  0.590719  0.627393  0.600995  0.742210 
13  0.754526  0.623681  0.586659  0.778979  0.775473  0.831197  0.698127  0.658065  0.690093  0.626247  0.812697  0.685592  0.646513 0.0  0.833052  0.318102  0.708730  0.819941  0.804381  0.788611  0.818912  0.710476  0.746302  0.693749  0.724289  0.702243  0.652678  0.732210  0.749519  0.740744  0.659680  0.756225  0.810145  0.644409  0.727265  0.673614  0.787126  0.784187  0.773172  0.699256  0.525140  0.654655  0.760612  0.817609  0.749185  0.774065  0.749271  0.685158  0.727590  0.676810  0.667568  0.692218  0.616296  0.695412  0.717348  0.564549  0.788886  0.707329  0.779239  0.770875  0.723178  0.584147  0.570540  0.490891  0.625828  0.598124  0.717670  0.626256  0.663893  0.770975  0.687667  0.802911  0.769394  0.677443  0.644436  0.639582  0.660898  0.790935  0.697787  0.645773  0.655195  0.510610  0.749237  0.781283  0.713019  0.572077  0.613280  0.676119  0.653795  0.698279  0.649249  0.673058  0.469818  0.525731  0.566156  0.536243  0.685719  0.647700  0.753599  0.656879  0.427188  0.752161  0.806474  0.498505  0.748953  0.816942  0.738679  0.770006  0.644052  0.682245  0.614100  0.584072  0.694179  0.475170  0.780062  0.827337  0.616790  0.867523  0.687622  0.664719  0.752669  0.773757  0.649756  0.629637  0.620199  0.683078  0.755357  0.404768  0.539168  0.726793  0.742454  0.633455  0.677645  0.768922  0.665017  0.557350  0.768002  0.709423  0.658798  0.545963  0.663769  0.726065  0.667211  0.710819  0.767700  0.535646  0.731863  0.527436  0.705473  0.631686  0.572338  0.714360  0.613581  0.597724  0.679502  0.743996  0.607936  0.418732  0.452421  0.764667  0.717129  0.795096  0.672636  0.623753  0.494088  0.743156  0.789664  0.754735  0.806105  0.769497  0.842535  0.793037  0.826727  0.768465  0.489497  0.599378  0.780053  0.665363  0.622252  0.725434  0.769672  0.690656  0.691720  0.678848  0.840488  0.760453  0.589786  0.809225  0.747722  0.784349  0.821509  0.698357  0.677353  0.674595  0.695006  0.500216  0.841892 
14  0.646537  0.703748  0.702891  0.713119  0.615409  0.555167  0.593476  0.746946  0.745919  0.741749  0.560931  0.758354  0.706585  0.833052 0.0  0.827521  0.720801  0.750746  0.572716  0.302878  0.611357  0.610155  0.738917  0.865536  0.754712  0.782026  0.697884  0.664626  0.630190  0.660984  0.919109  0.852536  0.632261  0.805880  0.670139  0.829964  0.653802  0.622705  0.534509  0.776189  0.852144  0.672808  0.674992  0.715973  0.712496  0.559949  0.788578  0.839706  0.564910  0.699224  0.640890  0.747546  0.689881  0.720584  0.666066  0.732226  0.823457  0.745811  0.658412  0.704962  0.703232  0.797143  0.844302  0.862917  0.730081  0.918131  0.750354  0.634068  0.670750  0.655021  0.810953  0.650782  0.707226  0.616310  0.696677  0.773371  0.695330  0.692556  0.895008  0.821869  0.713444  0.806955  0.588333  0.615444  0.524493  0.733337  0.845169  0.858521  0.804923  0.755373  0.705804  0.714456  0.800716  0.894271  0.852480  0.839061  0.706082  0.786605  0.803014  0.858155  0.737094  0.524568  0.592668  0.736794  0.780893  0.751687  0.705344  0.499716  0.664870  0.756707  0.762453  0.746651  0.677924  0.743755  0.762216  0.495315  0.836086  0.396919  0.716570  0.690921  0.800581  0.690315  0.716749  0.790194  0.868509  0.717703  0.854983  0.857573  0.790862  0.695883  0.818532  0.803585  0.789204  0.521743  0.737723  0.780156  0.858814  0.748922  0.606011  0.871624  0.785134  0.532064  0.862014  0.767861  0.671674  0.819597  0.704514  0.660395  0.696446  0.826737  0.734971  0.828957  0.753273  0.812596  0.816882  0.907238  0.875511  0.818301  0.852262  0.853876  0.772703  0.750429  0.865898  0.805661  0.869733  0.735416  0.731845  0.473361  0.590826  0.657668  0.773653  0.639004  0.359334  0.863587  0.809456  0.697333  0.710977  0.816376  0.691690  0.571544  0.485810  0.705373  0.859642  0.726867  0.431471  0.915587  0.706135  0.538956  0.492947  0.758597  0.563794  0.774043  0.507135  0.823094  0.618463  0.782476  0.861735 
15  0.717832  0.770356  0.674531  0.771381  0.809985  0.704214  0.658347  0.736754  0.760891  0.631230  0.775237  0.660282  0.626255  0.318102  0.827521 0.0  0.711388  0.664954  0.797346  0.758592  0.824037  0.682824  0.670412  0.524198  0.724017  0.606949  0.610787  0.693864  0.667304  0.801408  0.628583  0.711029  0.760286  0.668484  0.753210  0.770522  0.807158  0.792756  0.815952  0.720150  0.561728  0.669563  0.774190  0.717383  0.754336  0.760681  0.646530  0.703626  0.742355  0.755249  0.772073  0.803578  0.707023  0.737306  0.726691  0.593885  0.785386  0.647494  0.793223  0.812078  0.775808  0.694761  0.532430  0.392723  0.611282  0.569118  0.584286  0.673227  0.683201  0.643156  0.657659  0.649057  0.757788  0.604332  0.682855  0.698205  0.773208  0.743512  0.645931  0.472387  0.674200  0.477158  0.773215  0.664853  0.730759  0.672210  0.700673  0.562934  0.765755  0.641683  0.638942  0.717895  0.492051  0.524137  0.604729  0.659210  0.701500  0.627241  0.684699  0.625474  0.475349  0.720587  0.838578  0.481274  0.732066  0.766473  0.717818  0.731724  0.623224  0.633209  0.615710  0.544625  0.689219  0.659633  0.678202  0.716952  0.700697  0.812142  0.666652  0.651533  0.622861  0.705629  0.619028  0.632148  0.679068  0.735107  0.676111  0.314095  0.459685  0.667834  0.845995  0.699783  0.766830  0.718873  0.704535  0.645590  0.640562  0.673016  0.674384  0.448461  0.780442  0.863181  0.695380  0.696950  0.735895  0.539643  0.763500  0.783134  0.739829  0.609084  0.619169  0.645615  0.751179  0.576543  0.593698  0.667812  0.504680  0.340315  0.375962  0.628678  0.591882  0.688507  0.599698  0.796034  0.572374  0.608670  0.610941  0.740933  0.805138  0.816384  0.802719  0.822213  0.839603  0.649869  0.360739  0.527803  0.521296  0.660549  0.677674  0.747858  0.701004  0.684459  0.719108  0.728210  0.875880  0.736750  0.670557  0.769392  0.771773  0.774668  0.798344  0.760818  0.855975  0.656237  0.730974  0.574952  0.714608 
16  0.710912  0.427511  0.437791  0.589617  0.703661  0.679228  0.635476  0.463319  0.587756  0.576845  0.731692  0.564892  0.660660  0.708730  0.720801  0.711388 0.0  0.562267  0.655821  0.650450  0.643338  0.554949  0.476849  0.699729  0.459452  0.625071  0.683139  0.604702  0.657550  0.555331  0.740603  0.778385  0.608366  0.473451  0.614738  0.494231  0.701660  0.565377  0.784796  0.534142  0.635503  0.616450  0.612901  0.599237  0.516643  0.741073  0.432748  0.727604  0.519139  0.504785  0.378719  0.605476  0.558674  0.282301  0.607246  0.524043  0.605094  0.566616  0.686231  0.478542  0.223914  0.718798  0.702974  0.770645  0.732814  0.673763  0.803355  0.561599  0.424884  0.523310  0.787654  0.463815  0.658030  0.533218  0.523111  0.820806  0.656853  0.572750  0.781575  0.786599  0.629981  0.787785  0.625906  0.707215  0.618621  0.606236  0.708983  0.701308  0.731961  0.655711  0.702973  0.475648  0.703686  0.754960  0.805546  0.608510  0.626627  0.609896  0.707450  0.821924  0.750403  0.616810  0.730220  0.690584  0.540106  0.401368  0.512098  0.558811  0.424410  0.532850  0.710874  0.673835  0.530428  0.661897  0.699088  0.715039  0.817417  0.797010  0.473390  0.582259  0.487958  0.629031  0.754510  0.743907  0.814410  0.520386  0.778582  0.662187  0.624283  0.558223  0.749331  0.780524  0.714858  0.820028  0.576600  0.630868  0.743931  0.473872  0.614459  0.759079  0.477014  0.728372  0.839627  0.699524  0.329525  0.684000  0.574420  0.463821  0.441478  0.750230  0.748881  0.799283  0.707223  0.760032  0.590173  0.825048  0.698605  0.641779  0.779099  0.852081  0.662023  0.742330  0.812105  0.752020  0.692627  0.760958  0.567245  0.655602  0.685789  0.603452  0.700558  0.626267  0.753316  0.788053  0.744343  0.799979  0.780180  0.789358  0.433384  0.524244  0.748389  0.558915  0.757351  0.476510  0.697184  0.784030  0.657493  0.714350  0.668594  0.641053  0.745023  0.727231  0.603657  0.786306  0.612930  0.655044  0.844541 
17  0.759963  0.478439  0.494625  0.616625  0.553664  0.681635  0.685856  0.400629  0.403702  0.519916  0.794381  0.296884  0.574688  0.819941  0.750746  0.664954  0.562267 0.0  0.705942  0.755065  0.626906  0.489632  0.266384  0.709994  0.690639  0.591294  0.616859  0.311139  0.630900  0.633625  0.829612  0.734789  0.702595  0.721857  0.646857  0.347678  0.702015  0.731435  0.679696  0.499513  0.663506  0.444283  0.193655  0.418145  0.449690  0.749272  0.420934  0.875030  0.557663  0.470671  0.527090  0.597089  0.636072  0.392769  0.586163  0.628895  0.646924  0.418135  0.734956  0.572353  0.475900  0.704384  0.651397  0.732064  0.682796  0.710699  0.676854  0.298633  0.368882  0.399193  0.695332  0.361077  0.743130  0.492512  0.385242  0.680627  0.569235  0.672071  0.858030  0.671726  0.612525  0.745965  0.668642  0.607479  0.494330  0.686083  0.754158  0.592105  0.699986  0.592306  0.707148  0.400217  0.741829  0.795530  0.702514  0.595221  0.538486  0.656954  0.654768  0.701525  0.765123  0.703243  0.665712  0.659940  0.577970  0.396991  0.513480  0.701586  0.494976  0.554888  0.594361  0.662496  0.343705  0.681498  0.699307  0.691410  0.741333  0.739402  0.317713  0.531907  0.456850  0.683073  0.668312  0.803191  0.738260  0.579404  0.753891  0.861067  0.517517  0.590089  0.762910  0.694998  0.694161  0.793543  0.487317  0.614070  0.723474  0.377699  0.588683  0.752975  0.518954  0.777010  0.798235  0.608580  0.502071  0.631950  0.444218  0.396069  0.525127  0.699656  0.761039  0.720380  0.725462  0.785312  0.709493  0.855368  0.787036  0.643906  0.564790  0.803552  0.439949  0.454340  0.702811  0.727432  0.682174  0.636034  0.557061  0.727623  0.794309  0.613340  0.686804  0.673317  0.652627  0.868893  0.817892  0.673035  0.700072  0.712355  0.557283  0.393061  0.658039  0.315254  0.807635  0.463186  0.720711  0.666241  0.648097  0.781736  0.559583  0.527640  0.731249  0.708934  0.625801  0.795324  0.610891  0.724311  0.803838 
18  0.441853  0.637001  0.720834  0.448895  0.554339  0.393948  0.371142  0.624731  0.544041  0.828780  0.578897  0.641416  0.671312  0.804381  0.572716  0.797346  0.655821  0.705942 0.0  0.611150  0.498778  0.645462  0.752796  0.730830  0.580275  0.756468  0.767191  0.561235  0.639971  0.567255  0.818645  0.857644  0.451289  0.738994  0.595784  0.660212  0.542090  0.598109  0.632339  0.631966  0.820279  0.608710  0.648184  0.547263  0.663165  0.324443  0.656173  0.923194  0.655819  0.681930  0.648219  0.629354  0.723018  0.675566  0.555262  0.742650  0.699829  0.710907  0.488444  0.509642  0.731571  0.807573  0.835054  0.749597  0.797848  0.757402  0.651506  0.561517  0.722395  0.671712  0.755669  0.581536  0.573118  0.696600  0.625041  0.752715  0.585373  0.570626  0.866058  0.846691  0.839876  0.816534  0.483305  0.459805  0.473853  0.572146  0.697760  0.712570  0.681307  0.716299  0.670653  0.628412  0.699739  0.658448  0.755691  0.708131  0.625211  0.576767  0.691004  0.834069  0.801630  0.466911  0.587821  0.720831  0.772252  0.680649  0.693678  0.467094  0.769205  0.767235  0.755635  0.700148  0.635571  0.742552  0.823225  0.346565  0.855251  0.651507  0.570722  0.682178  0.663331  0.622834  0.693921  0.820919  0.848874  0.804857  0.796190  0.749229  0.716310  0.579604  0.748946  0.703988  0.830403  0.661193  0.697822  0.673358  0.846178  0.684275  0.439753  0.787801  0.610667  0.539287  0.701882  0.691791  0.574707  0.662446  0.609586  0.669927  0.568450  0.792309  0.678893  0.727073  0.679175  0.837373  0.724766  0.811322  0.816001  0.828081  0.796236  0.761389  0.613973  0.592591  1.000000  0.839287  0.760793  0.774001  0.563228  0.394768  0.614990  0.542634  0.740175  0.553272  0.654046  0.760711  0.774319  0.786854  0.711928  0.750664  0.672647  0.699866  0.608905  0.644159  0.765997  0.671557  0.491574  0.844821  0.625344  0.690426  0.257740  0.507475  0.645138  0.850570  0.508663  0.904292  0.630878  0.778945  0.880106 
19  0.720796  0.799994  0.764812  0.832855  0.645263  0.682874  0.586129  0.729089  0.734814  0.930801  0.640494  0.696428  0.791329  0.788611  0.302878  0.758592  0.650450  0.755065  0.611150 0.0  0.695558  0.790406  0.738298  0.779096  0.767688  0.787347  0.693457  0.760934  0.752385  0.507495  0.726814  0.888758  0.644331  0.770561  0.694521  0.622170  0.686868  0.593161  0.283499  0.764790  0.823035  0.699349  0.814067  0.674730  0.600108  0.646698  0.787490  0.782753  0.651504  0.717714  0.765390  0.758557  0.769941  0.703271  0.724035  0.769308  0.667027  0.766378  0.712997  0.703584  0.652341  0.829455  0.872208  0.848040  0.723272  0.843747  0.681527  0.726055  0.746729  0.821073  0.736373  0.778377  0.742312  0.663386  0.769105  0.914733  0.652541  0.521586  0.864126  0.849035  0.713484  0.853776  0.593734  0.658572  0.719440  0.801457  0.773314  0.915147  0.759549  0.694790  0.752255  0.686205  0.812403  0.904219  0.857979  0.779779  0.565554  0.734653  0.750152  0.768792  0.897789  0.521777  0.576507  0.859281  0.804286  0.762488  0.729575  0.526667  0.711430  0.733748  0.823074  0.705969  0.827458  0.800861  0.747166  0.622411  0.877907  0.518030  0.782891  0.679718  0.734606  0.661835  0.841293  0.844379  0.808847  0.671209  0.852204  0.758220  0.805080  0.693150  0.914605  0.817474  0.854160  0.579136  0.747346  0.768170  0.859225  0.685689  0.705828  0.779949  0.759542  0.474963  0.857716  0.754914  0.690579  0.700728  0.701732  0.646613  0.700306  0.849958  0.816542  0.847477  0.839030  0.942528  0.820302  0.754633  0.851374  0.786323  0.943908  0.871417  0.777112  0.797480  0.860485  0.869597  0.843376  0.754223  0.774864  0.574807  0.493291  0.739010  0.854945  0.526542  0.398409  0.818787  0.821238  0.788013  0.824931  0.888826  0.690291  0.760636  0.451486  0.782512  0.773228  0.785484  0.517002  0.862711  0.634016  0.530905  0.664961  0.740323  0.497159  0.794042  0.748195  0.806522  0.712764  0.745040  0.894260 
