197
0 0.0  0.583019  0.699784  0.498072  0.644086  0.268076  0.355605  0.673668  0.715373  0.713196  0.578990  0.666923  0.706707  0.722610  0.587566  0.676378  0.542722  0.592766  0.431884  0.638107  0.530155  0.490545  0.571218  0.732182  0.724116  0.726189  0.719231  0.631209  0.613746  0.506440  0.757868  0.773599  0.468701  0.814591  0.556727  0.658628  0.500127  0.503268  0.742453  0.634041  0.658810  0.705640  0.596993  0.643858  0.609548  0.390123  0.544636  0.770943  0.514075  0.647476  0.677419  0.536315  0.699312  0.591170  0.564688  0.725497  0.574994  0.617991  0.398309  0.635282  0.664466  0.766754  0.691038  0.730904  0.731058  0.741581  0.807169  0.727278  0.620534  0.614141  0.679925  0.623766  0.585859  0.606151  0.630079  0.688891  0.623000  0.491461  0.852948  0.730099  0.740070  0.779561  0.557250  0.416548  0.565017  0.748834  0.638916  0.690555  0.728984  0.736146  0.779852  0.606911  0.746326  0.679651  0.791994  0.714083  0.503515  0.743300  0.751064  0.785246  0.742063  0.542384  0.591128  0.701325  0.703777  0.705446  0.697758  0.568499  0.619702  0.721005  0.656592  0.608463  0.686762  0.776514  0.689796  0.474768  0.783573  0.623850  0.627454  0.633406  0.727018  0.584451  0.755005  0.854483  0.790842  0.699660  0.801267  0.744778  0.699455  0.593028  0.878450  0.664370  0.744087  0.671714  0.615049  0.755833  0.774868  0.720629  0.546965  0.748223  0.747615  0.694116  0.807242  0.627338  0.703504  0.651528  0.524765  0.614768  0.579059  0.756106  0.828852  0.757542  0.858033  0.851304  0.797372  0.841491  0.803833  0.756039  0.719802  0.775238  0.688734  0.691622  0.808956  0.769114  0.690273  0.709733  0.537866  0.520124  0.639246  0.547963  0.790025  0.601569  0.682850  0.866086  0.702362  0.830293  0.806663  0.828708  0.679347  0.735771  0.567001  0.650484  0.819159  0.711598  0.527617  0.849219  0.783529  0.655551  0.400372  0.655760  0.601102  0.826171  0.582166  0.813920  0.542983  0.680855  0.771190 
1  0.583019 0.0  0.395083  0.572265  0.493084  0.512382  0.669498  0.404224  0.426630  0.544433  0.667683  0.490784  0.579257  0.701206  0.764312  0.742817  0.621860  0.425641  0.606814  0.729760  0.580557  0.460490  0.489056  0.575569  0.524119  0.639378  0.694374  0.485441  0.481317  0.565355  0.583168  0.800540  0.760912  0.610195  0.530819  0.373854  0.674283  0.574291  0.641746  0.595910  0.609937  0.551571  0.291399  0.686366  0.317491  0.703520  0.479343  0.826484  0.519322  0.545787  0.462324  0.507475  0.561395  0.461080  0.542097  0.560548  0.540744  0.323130  0.562685  0.499234  0.513673  0.776614  0.749207  0.661929  0.696695  0.675736  0.733426  0.250057  0.459283  0.369885  0.694302  0.273832  0.678810  0.439757  0.321256  0.652909  0.517266  0.575860  0.761729  0.774608  0.665971  0.645843  0.629306  0.748177  0.609077  0.671754  0.640234  0.696706  0.701690  0.727724  0.733395  0.352209  0.689564  0.726740  0.667828  0.520180  0.510456  0.549337  0.616774  0.649078  0.779514  0.755874  0.660619  0.678237  0.531207  0.433677  0.496903  0.601611  0.575929  0.640809  0.501052  0.730096  0.356566  0.718491  0.791843  0.495445  0.801205  0.741520  0.482864  0.538458  0.481890  0.628447  0.701570  0.842987  0.672792  0.577239  0.602643  0.698060  0.752508  0.646908  0.735963  0.661528  0.786666  0.696578  0.653027  0.565118  0.805100  0.286943  0.631196  0.655190  0.454616  0.721258  0.882525  0.753066  0.393140  0.713734  0.272330  0.339691  0.392215  0.676772  0.632874  0.671374  0.742578  0.800697  0.734530  0.777285  0.698750  0.688585  0.771152  0.883106  0.487454  0.658903  0.725520  0.778361  0.703925  0.644009  0.584747  0.724817  0.757301  0.601226  0.711565  0.643831  0.634456  0.732134  0.691025  0.762524  0.677521  0.686803  0.369109  0.450272  0.650319  0.403897  0.738531  0.489192  0.767496  0.757494  0.644904  0.684880  0.631711  0.590277  0.780677  0.808850  0.566750  0.844556  0.489377  0.642492  0.744274 
2  0.699784  0.395083 0.0  0.674842  0.506454  0.534875  0.667808  0.290345  0.181818  0.551116  0.625707  0.469728  0.569674  0.684081  0.756313  0.634072  0.374764  0.459278  0.698250  0.747983  0.640894  0.504460  0.446169  0.653158  0.436854  0.612091  0.707511  0.481517  0.571684  0.564977  0.760388  0.641092  0.643158  0.666065  0.671760  0.479249  0.700395  0.646152  0.691104  0.613361  0.672837  0.411901  0.384074  0.523423  0.403877  0.695415  0.491543  0.761063  0.627508  0.512491  0.358530  0.615432  0.501892  0.549867  0.559501  0.594653  0.562755  0.381539  0.610424  0.509879  0.545498  0.705289  0.710709  0.716677  0.703567  0.673293  0.695876  0.479324  0.416021  0.568011  0.738290  0.369050  0.723064  0.264116  0.460177  0.748346  0.664658  0.683156  0.733608  0.680261  0.803737  0.707704  0.606926  0.602127  0.516168  0.539040  0.734382  0.613927  0.736700  0.675121  0.634373  0.379510  0.640542  0.736424  0.660518  0.613304  0.511409  0.539028  0.664958  0.697198  0.789171  0.731577  0.664059  0.727241  0.607606  0.201217  0.484844  0.711300  0.513940  0.544620  0.561662  0.643409  0.371695  0.563810  0.670680  0.668178  0.692562  0.605361  0.320650  0.544889  0.320106  0.721744  0.660988  0.752423  0.804153  0.440216  0.688347  0.623869  0.705826  0.583971  0.685378  0.531251  0.805396  0.718787  0.641713  0.628858  0.824396  0.402005  0.652772  0.766173  0.197316  0.789199  0.822299  0.604928  0.510140  0.644919  0.456928  0.447678  0.471782  0.733075  0.743745  0.856664  0.714325  0.757020  0.836146  0.758185  0.689306  0.770412  0.741020  0.755332  0.577352  0.505168  0.651508  0.840081  0.795070  0.584403  0.535802  0.617231  0.671066  0.640657  0.918443  0.671955  0.642840  0.696802  0.700030  0.640125  0.672442  0.617210  0.256269  0.512425  0.735764  0.387246  0.660152  0.490193  0.585043  0.781948  0.690133  0.767787  0.688106  0.592564  0.674699  0.929363  0.668144  0.830830  0.567751  0.725296  0.769687 
3  0.498072  0.572265  0.674842 0.0  0.555544  0.515610  0.462005  0.599830  0.602707  0.633593  0.515446  0.557062  0.677234  0.740897  0.716384  0.724413  0.666891  0.674553  0.546480  0.730062  0.537763  0.652090  0.541717  0.663688  0.581411  0.644550  0.577031  0.591844  0.436321  0.493860  0.702210  0.785614  0.476239  0.629129  0.563626  0.595005  0.436621  0.293044  0.742736  0.673142  0.700905  0.620523  0.505918  0.634383  0.523506  0.499828  0.568535  0.804729  0.451475  0.556138  0.654863  0.434201  0.606622  0.596134  0.339128  0.599621  0.651572  0.709718  0.520207  0.514930  0.564477  0.833645  0.709815  0.694026  0.637263  0.702644  0.607930  0.578423  0.579734  0.473010  0.771492  0.593995  0.574211  0.719043  0.558081  0.754143  0.449982  0.540288  0.860490  0.793127  0.738158  0.849787  0.446916  0.594049  0.516522  0.807173  0.747897  0.799687  0.784309  0.665235  0.789650  0.607031  0.802443  0.706812  0.742603  0.700579  0.448992  0.765037  0.752377  0.709512  0.751353  0.486824  0.695422  0.682127  0.677728  0.666122  0.589447  0.674042  0.615031  0.627800  0.677645  0.634554  0.585832  0.672640  0.774189  0.574311  0.816892  0.630677  0.579519  0.727374  0.622491  0.625764  0.884629  0.776782  0.828907  0.555765  0.772297  0.749554  0.662121  0.449244  0.765214  0.775888  0.767964  0.648965  0.597517  0.714304  0.813414  0.579383  0.305871  0.759606  0.656834  0.671408  0.812414  0.788830  0.538370  0.687028  0.539771  0.608502  0.599114  0.729528  0.811766  0.729587  0.740714  0.795668  0.714783  0.794559  0.749076  0.808573  0.721883  0.743171  0.764750  0.590330  0.765952  0.777133  0.746413  0.702987  0.580026  0.498201  0.624202  0.416366  0.818222  0.560264  0.627767  0.921880  0.676535  0.737281  0.737092  0.701053  0.597293  0.609208  0.643667  0.598484  0.810045  0.729067  0.564677  0.877941  0.653198  0.649478  0.428422  0.509579  0.630730  0.751660  0.535328  0.766098  0.529490  0.755913  0.830636 
4  0.644086  0.493084  0.506454  0.555544 0.0  0.600276  0.482183  0.689183  0.518485  0.617061  0.630793  0.594319  0.672108  0.756554  0.567652  0.750837  0.559962  0.598986  0.517973  0.626958  0.308785  0.577394  0.663638  0.666434  0.497211  0.720021  0.740470  0.644340  0.564335  0.430624  0.803937  0.722065  0.590957  0.675436  0.538091  0.481527  0.526262  0.374615  0.755395  0.727059  0.700398  0.621572  0.583283  0.478248  0.603530  0.530006  0.590156  0.925794  0.496317  0.733859  0.654965  0.461264  0.625798  0.640033  0.388338  0.614905  0.533503  0.602869  0.620050  0.548869  0.549216  0.776019  0.669108  0.764834  0.712192  0.698815  0.788974  0.489270  0.543962  0.515500  0.870574  0.568988  0.463871  0.578250  0.669646  0.769047  0.273654  0.494188  0.783193  0.727261  0.711751  0.682986  0.553836  0.647187  0.420026  0.680305  0.759443  0.683604  0.748899  0.705859  0.756126  0.642947  0.704832  0.768625  0.722392  0.664971  0.528217  0.687086  0.792842  0.776356  0.746007  0.568800  0.660059  0.761042  0.659704  0.647384  0.601846  0.624177  0.725700  0.684730  0.737171  0.760474  0.614807  0.759862  0.740847  0.562967  0.803697  0.732836  0.603008  0.651407  0.633389  0.475983  0.648072  0.847866  0.767694  0.571798  0.827273  0.686997  0.716085  0.159417  0.772528  0.607269  0.669104  0.621187  0.725663  0.648529  0.766911  0.569108  0.378057  0.744454  0.627571  0.700051  0.724567  0.746877  0.460867  0.721777  0.566849  0.564711  0.493630  0.800409  0.782072  0.735288  0.727319  0.792999  0.720083  0.794767  0.751454  0.766889  0.847030  0.872955  0.687138  0.688667  0.800106  0.855046  0.815832  0.777191  0.612916  0.421688  0.700998  0.518724  0.876553  0.656965  0.501128  0.815764  0.702953  0.762759  0.677461  0.830901  0.681707  0.630202  0.608586  0.581317  0.784414  0.605466  0.568651  0.831672  0.752852  0.672510  0.546416  0.372256  0.608550  0.710011  0.478518  0.663705  0.479932  0.767506  0.797349 
5  0.268076  0.512382  0.534875  0.515610  0.600276 0.0  0.479352  0.605089  0.671592  0.646721  0.587300  0.660956  0.810265  0.687251  0.595675  0.775557  0.629685  0.693086  0.417903  0.618408  0.567346  0.594339  0.621179  0.724951  0.616606  0.720698  0.765717  0.689538  0.601736  0.581038  0.745116  0.878852  0.504070  0.748314  0.574741  0.617254  0.532222  0.665863  0.625243  0.684983  0.845156  0.622954  0.790289  0.638500  0.642530  0.113092  0.620682  0.961279  0.603691  0.641242  0.644206  0.442592  0.730580  0.698653  0.497885  0.762824  0.699389  0.613178  0.402447  0.497490  0.682495  0.724420  0.748674  0.772349  0.796412  0.688642  0.726017  0.709358  0.635693  0.655174  0.779857  0.637268  0.590204  0.670593  0.668093  0.770917  0.682050  0.577459  0.826406  0.734772  0.764591  0.704218  0.523966  0.600886  0.557202  0.659573  0.777833  0.744243  0.703184  0.757910  0.765849  0.656486  0.802993  0.732248  0.783581  0.671734  0.541390  0.724547  0.873557  0.678729  0.658373  0.514531  0.567720  0.792797  0.764798  0.621322  0.724183  0.639802  0.715940  0.722542  0.645309  0.729428  0.698810  0.629742  0.676993  0.524881  0.744344  0.742254  0.618873  0.631984  0.584902  0.541991  0.683008  0.775437  0.772878  0.763670  0.817437  0.658392  0.707744  0.552723  0.773792  0.589371  0.820768  0.548110  0.665846  0.672138  0.733329  0.667021  0.455987  0.791696  0.692043  0.613583  0.794967  0.691098  0.661432  0.679595  0.626969  0.610742  0.684431  0.802978  0.745894  0.836795  0.827550  0.738378  0.765657  0.822751  0.898509  0.664949  0.844031  0.699822  0.659296  0.721172  0.795733  0.799656  0.779638  0.700418  0.674374  0.490290  0.745652  0.612753  0.911435  0.557774  0.561454  0.814452  0.717772  0.744935  0.736900  0.718031  0.656690  0.660276  0.624586  0.609143  0.770068  0.644170  0.588310  0.792613  0.760726  0.732404  0.384104  0.580317  0.687967  0.769839  0.619288  0.670585  0.655239  0.747155  0.772804 
6  0.355605  0.669498  0.667808  0.462005  0.482183  0.479352 0.0  0.496633  0.678340  0.611116  0.644358  0.553740  0.728086  0.728218  0.671761  0.716061  0.590940  0.583028  0.287574  0.619629  0.568118  0.581520  0.740749  0.703835  0.595075  0.722802  0.723520  0.503700  0.542076  0.417142  0.897024  0.785051  0.470271  0.637764  0.538937  0.757395  0.578968  0.472877  0.679345  0.749431  0.677942  0.580135  0.606522  0.592918  0.486917  0.402225  0.616498  0.777950  0.630230  0.539997  0.741367  0.545899  0.772680  0.566335  0.486638  0.668945  0.698113  0.694597  0.507379  0.545915  0.569332  0.688605  0.660042  0.830955  0.826940  0.671671  0.674928  0.514825  0.625372  0.618809  0.820737  0.656167  0.490377  0.756794  0.733948  0.816156  0.465319  0.593036  0.730227  0.706202  0.694295  0.712339  0.487728  0.446750  0.457044  0.701207  0.733932  0.768573  0.693785  0.702018  0.759493  0.709520  0.699528  0.747851  0.699432  0.743105  0.505556  0.649152  0.771830  0.833849  0.674033  0.450604  0.571444  0.780570  0.774172  0.589664  0.681775  0.556018  0.711514  0.603241  0.691902  0.783300  0.674712  0.703320  0.719980  0.444387  0.739153  0.635074  0.617948  0.651713  0.689941  0.498311  0.790280  0.814785  0.799327  0.692513  0.734699  0.774929  0.796146  0.608171  0.869041  0.662458  0.717861  0.617291  0.741517  0.837590  0.638691  0.595263  0.483909  0.711446  0.554623  0.642437  0.818596  0.595473  0.540511  0.811832  0.502715  0.700220  0.662514  0.744021  0.725674  0.748050  0.685157  0.775430  0.739673  0.793281  0.864450  0.843900  0.696792  0.903823  0.656258  0.782518  0.718363  0.818386  0.693710  0.775039  0.724569  0.565743  0.579424  0.439120  0.762625  0.510010  0.605687  0.757243  0.652138  0.764036  0.799190  0.683633  0.572081  0.648675  0.587303  0.648803  0.744838  0.768064  0.601174  0.818547  0.611159  0.625522  0.389114  0.557038  0.635339  0.809133  0.545693  0.750017  0.514621  0.705911  0.781352 
7  0.673668  0.404224  0.290345  0.599830  0.689183  0.605089  0.496633 0.0  0.234257  0.564984  0.665670  0.371045  0.640131  0.768375  0.796806  0.689755  0.434253  0.437410  0.605381  0.649540  0.661955  0.557457  0.318655  0.714169  0.584065  0.591245  0.704683  0.519632  0.561463  0.629170  0.735287  0.740945  0.717223  0.593701  0.572967  0.515557  0.678132  0.653281  0.731486  0.586258  0.708998  0.542581  0.346397  0.464057  0.431270  0.727905  0.469125  0.776469  0.703090  0.336286  0.330503  0.568408  0.513811  0.414870  0.625784  0.517367  0.544629  0.554420  0.679608  0.575231  0.510673  0.782187  0.631547  0.661009  0.779747  0.649157  0.543907  0.430955  0.377832  0.494111  0.691727  0.512137  0.643118  0.187102  0.360158  0.695065  0.552680  0.636222  0.671855  0.649587  0.679569  0.789218  0.627196  0.624559  0.598012  0.613446  0.678150  0.682708  0.765458  0.596034  0.678354  0.367940  0.680226  0.633706  0.782233  0.639306  0.632771  0.708945  0.747640  0.665963  0.599183  0.622762  0.673035  0.579084  0.574920  0.137108  0.493717  0.755022  0.545910  0.584384  0.529410  0.657610  0.130704  0.661195  0.624561  0.679325  0.776910  0.751530  0.217577  0.453744  0.311448  0.667041  0.745178  0.743040  0.776091  0.504225  0.705984  0.730421  0.687418  0.572579  0.818409  0.654917  0.727839  0.717148  0.517789  0.644532  0.794880  0.432311  0.539319  0.716880  0.118739  0.753990  0.705446  0.657012  0.526221  0.672500  0.432773  0.470246  0.518731  0.691852  0.649975  0.803404  0.731128  0.752712  0.722991  0.705424  0.764074  0.613353  0.680621  0.788732  0.638373  0.583838  0.748235  0.686697  0.743630  0.608644  0.442153  0.646756  0.763527  0.691882  0.838619  0.694938  0.720824  0.621639  0.722238  0.670796  0.697176  0.674054  0.351657  0.350295  0.681523  0.287144  0.685329  0.577983  0.729328  0.738774  0.705045  0.669505  0.628505  0.574589  0.746701  0.668871  0.643881  0.740295  0.608456  0.672580  0.836022 
8  0.715373  0.426630  0.181818  0.602707  0.518485  0.671592  0.678340  0.234257 0.0  0.617365  0.689903  0.406155  0.553428  0.789408  0.722293  0.721356  0.429255  0.394902  0.635578  0.768138  0.560877  0.513625  0.538817  0.543339  0.570909  0.534130  0.666003  0.502248  0.582466  0.636167  0.730488  0.772120  0.672844  0.653614  0.694222  0.481356  0.717096  0.597155  0.755853  0.562703  0.634169  0.496958  0.526250  0.542111  0.610836  0.578062  0.498325  0.713643  0.633098  0.479962  0.411561  0.698540  0.527222  0.408631  0.682465  0.499895  0.481305  0.441278  0.737401  0.517941  0.491017  0.868333  0.761123  0.688736  0.747208  0.677318  0.684446  0.480363  0.469576  0.567079  0.778715  0.406726  0.606112  0.243273  0.397956  0.754404  0.558853  0.492980  0.654723  0.720434  0.670140  0.741007  0.602505  0.752329  0.576258  0.613416  0.760586  0.651586  0.785468  0.700027  0.695036  0.355224  0.588320  0.688576  0.862018  0.522362  0.600544  0.618554  0.781949  0.766585  0.656797  0.699068  0.734437  0.586966  0.598485  0.088068  0.359319  0.651774  0.597563  0.561823  0.561686  0.514020  0.213104  0.707876  0.716576  0.615688  0.766588  0.733601  0.215982  0.410793  0.359721  0.671371  0.720612  0.750340  0.730306  0.357832  0.789079  0.632756  0.525926  0.656199  0.825671  0.681589  0.722490  0.694529  0.633970  0.702234  0.734613  0.298185  0.619913  0.722274  0.383731  0.713782  0.652192  0.614253  0.576625  0.762516  0.411702  0.390620  0.520778  0.694037  0.627843  0.615508  0.756850  0.773904  0.681767  0.748512  0.781857  0.672236  0.672622  0.809675  0.606279  0.576109  0.859017  0.660684  0.718697  0.634997  0.514076  0.698917  0.718466  0.679528  0.795740  0.712628  0.815422  0.752560  0.703965  0.683186  0.661476  0.636609  0.432029  0.450707  0.716348  0.394946  0.841313  0.575449  0.570022  0.690198  0.701439  0.780190  0.637271  0.688181  0.762654  0.769667  0.577992  0.759894  0.396038  0.656341  0.750516 
9  0.713196  0.544433  0.551116  0.633593  0.617061  0.646721  0.611116  0.564984  0.617365 0.0  0.799618  0.478575  0.540819  0.603423  0.742192  0.681074  0.568631  0.562853  0.716589  0.807581  0.629619  0.643965  0.492498  0.561431  0.598313  0.557676  0.677762  0.466797  0.614920  0.668017  0.699881  0.755993  0.697088  0.644540  0.673890  0.500267  0.735920  0.678508  0.862351  0.421981  0.558711  0.486765  0.473900  0.666154  0.506169  0.589378  0.458154  0.722825  0.647435  0.481344  0.560656  0.675738  0.535987  0.515829  0.663300  0.442762  0.521707  0.616164  0.740696  0.600998  0.654058  0.690846  0.704122  0.639550  0.729516  0.690588  0.509148  0.514803  0.497458  0.562970  0.768024  0.565690  0.739702  0.554457  0.519978  0.713715  0.598269  0.634234  0.743038  0.601088  0.715341  0.691176  0.623782  0.684752  0.695892  0.563392  0.644611  0.605097  0.700253  0.575358  0.633750  0.495657  0.607693  0.754804  0.674328  0.472007  0.705500  0.536864  0.643042  0.695588  0.578568  0.667525  0.763361  0.602523  0.518454  0.566133  0.580372  0.775548  0.546051  0.432527  0.419824  0.567434  0.558467  0.622392  0.726922  0.643660  0.807523  0.805807  0.555496  0.417486  0.583042  0.625111  0.647946  0.695080  0.863587  0.605840  0.767271  0.702720  0.525831  0.751918  0.773521  0.607085  0.739260  0.812830  0.502892  0.429931  0.674497  0.470558  0.675711  0.730702  0.424896  0.768691  0.692320  0.626980  0.537577  0.601888  0.636603  0.501557  0.617381  0.708516  0.670267  0.696531  0.683000  0.686729  0.562949  0.712072  0.710194  0.701753  0.738350  0.771313  0.601146  0.568379  0.786663  0.753067  0.628957  0.646032  0.535897  0.802045  0.701370  0.739343  0.681988  0.617671  0.693653  0.757953  0.626780  0.618135  0.669986  0.657467  0.516223  0.408991  0.646935  0.426227  0.681367  0.580268  0.653490  0.707165  0.597685  0.838940  0.679614  0.610865  0.714158  0.745561  0.619586  0.717660  0.589510  0.587817  0.822854 
10  0.578990  0.667683  0.625707  0.515446  0.630793  0.587300  0.644358  0.665670  0.689903  0.799618 0.0  0.813435  0.739542  0.770167  0.490434  0.801210  0.565484  0.632506  0.649005  0.538748  0.557082  0.607712  0.755377  0.665522  0.675657  0.769453  0.720909  0.641999  0.695222  0.626036  0.817326  0.769230  0.593525  0.670065  0.513353  0.609954  0.495787  0.589332  0.654770  0.843782  0.640911  0.786168  0.687174  0.639144  0.728202  0.447060  0.607420  0.826263  0.556221  0.772075  0.661180  0.645677  0.768414  0.644514  0.524942  0.822031  0.745369  0.666142  0.597296  0.556997  0.658778  0.789692  0.789569  0.849724  0.844946  0.774061  0.688664  0.622470  0.722046  0.727607  0.772490  0.695977  0.502574  0.732973  0.666810  0.745720  0.553908  0.646036  0.809501  0.764373  0.782308  0.772488  0.411956  0.591151  0.429332  0.698778  0.759003  0.735999  0.808109  0.814373  0.813172  0.679070  0.744564  0.704079  0.653381  0.792328  0.552435  0.753836  0.663840  0.755409  0.839399  0.465617  0.535229  0.700104  0.782334  0.727499  0.690865  0.404512  0.673271  0.749923  0.852232  0.850669  0.636421  0.746754  0.773367  0.363164  0.767125  0.523230  0.633197  0.643930  0.785817  0.485820  0.797242  0.897244  0.786022  0.716414  0.695202  0.879359  0.700461  0.664631  0.777517  0.785471  0.839703  0.718295  0.685099  0.811381  0.823622  0.702535  0.531524  0.770205  0.629527  0.636735  0.811485  0.775031  0.614850  0.744123  0.537672  0.714889  0.730277  0.695403  0.724401  0.891299  0.867930  0.704131  0.751182  0.858589  0.765099  0.810348  0.831086  0.738203  0.818901  0.668231  0.795786  0.802635  0.711207  0.760948  0.673393  0.403820  0.472550  0.610424  0.834743  0.389373  0.478068  0.797474  0.729212  0.735113  0.750985  0.651510  0.681023  0.730871  0.598564  0.830093  0.751399  0.578585  0.471524  0.810117  0.774401  0.669137  0.477218  0.754503  0.606389  0.804594  0.592868  0.692722  0.765636  0.759106  0.841527 
11  0.666923  0.490784  0.469728  0.557062  0.594319  0.660956  0.553740  0.371045  0.406155  0.478575  0.813435 0.0  0.536037  0.702393  0.643931  0.717615  0.589971  0.352453  0.723699  0.676719  0.708974  0.526717  0.323543  0.648819  0.583314  0.685059  0.624402  0.323600  0.549458  0.676280  0.766508  0.665870  0.703161  0.605809  0.606949  0.444277  0.661429  0.671353  0.732791  0.584784  0.625384  0.506762  0.394639  0.570156  0.576451  0.603364  0.396217  0.831754  0.677995  0.425480  0.458376  0.556269  0.492818  0.606518  0.558545  0.588605  0.517713  0.468123  0.589118  0.600990  0.591981  0.731002  0.790864  0.739412  0.696591  0.736070  0.583326  0.561145  0.565300  0.495177  0.787879  0.317540  0.753167  0.343405  0.362492  0.766895  0.666926  0.659083  0.766302  0.807063  0.680952  0.732475  0.648930  0.683531  0.698251  0.708513  0.609109  0.650107  0.797476  0.626234  0.703348  0.265650  0.698270  0.639828  0.716467  0.598967  0.664312  0.627375  0.688169  0.813095  0.601907  0.703480  0.696837  0.683776  0.533074  0.426137  0.413661  0.610262  0.553681  0.581917  0.554110  0.476300  0.406665  0.634100  0.665588  0.728931  0.744553  0.790213  0.473756  0.464615  0.406326  0.630564  0.678792  0.724224  0.676449  0.448936  0.732170  0.725110  0.599040  0.567169  0.764345  0.572928  0.694399  0.766719  0.586117  0.568057  0.749670  0.526240  0.595018  0.717740  0.496568  0.734520  0.621252  0.589407  0.571925  0.619324  0.533250  0.385609  0.434501  0.727094  0.597728  0.765387  0.660807  0.608639  0.778649  0.794811  0.723725  0.676875  0.742186  0.793824  0.607161  0.599904  0.827141  0.759151  0.652996  0.568155  0.508610  0.680616  0.711818  0.724457  0.776966  0.650610  0.801925  0.653985  0.769461  0.700528  0.671819  0.840678  0.397013  0.316059  0.760873  0.250837  0.719543  0.533237  0.701507  0.737249  0.558299  0.704858  0.740207  0.553555  0.783425  0.815450  0.689883  0.786091  0.551715  0.653389  0.818303 
12  0.706707  0.579257  0.569674  0.677234  0.672108  0.810265  0.728086  0.640131  0.553428  0.540819  0.739542  0.536037 0.0  0.629327  0.728563  0.530539  0.597819  0.658028  0.675212  0.761509  0.710595  0.568717  0.650652  0.417284  0.695539  0.490024  0.518008  0.711182  0.603404  0.698122  0.724463  0.659282  0.724943  0.503319  0.705405  0.594588  0.572075  0.689802  0.715039  0.582720  0.545471  0.612625  0.517912  0.646670  0.750069  0.689665  0.618395  0.855354  0.625402  0.566128  0.640578  0.693784  0.620224  0.548381  0.742228  0.549761  0.503904  0.652237  0.756549  0.639990  0.691696  0.693694  0.614698  0.629232  0.614990  0.585412  0.636933  0.539317  0.695227  0.587116  0.687516  0.603361  0.749197  0.538457  0.605187  0.598977  0.689236  0.690459  0.709145  0.665564  0.650159  0.649565  0.765628  0.750877  0.751379  0.543503  0.605615  0.633258  0.659092  0.532655  0.760024  0.607806  0.616208  0.600160  0.678836  0.294860  0.696050  0.539936  0.574290  0.518275  0.611549  0.682394  0.767600  0.583991  0.435452  0.623140  0.660987  0.679958  0.646556  0.486564  0.484153  0.472550  0.557280  0.447521  0.587928  0.769349  0.789840  0.758070  0.632514  0.583388  0.538740  0.664391  0.677444  0.684630  0.743423  0.558909  0.743462  0.619292  0.545009  0.662639  0.719600  0.534992  0.653942  0.711016  0.443340  0.497948  0.615492  0.598577  0.586496  0.651149  0.495619  0.743797  0.719069  0.507787  0.653558  0.572959  0.617197  0.617329  0.666494  0.654693  0.612617  0.593734  0.747140  0.682122  0.628439  0.746360  0.677103  0.689808  0.631642  0.747859  0.422217  0.473236  0.688289  0.642741  0.699230  0.499290  0.486990  0.697980  0.772651  0.639953  0.809850  0.712491  0.766848  0.732548  0.612877  0.675365  0.682190  0.726372  0.577869  0.571469  0.660516  0.539513  0.590822  0.513596  0.729121  0.781683  0.593441  0.685933  0.692427  0.625384  0.750056  0.677737  0.640920  0.654861  0.668076  0.488191  0.678322 
13  0.722610  0.701206  0.684081  0.740897  0.756554  0.687251  0.728218  0.768375  0.789408  0.603423  0.770167  0.702393  0.629327 0.0  0.757437  0.273078  0.609800  0.703855  0.753336  0.832331  0.675163  0.731104  0.618257  0.674979  0.767651  0.533946  0.566918  0.586748  0.648219  0.788756  0.529096  0.738011  0.775948  0.613920  0.757364  0.750691  0.789406  0.806742  0.730471  0.680523  0.522030  0.722771  0.684960  0.788535  0.658860  0.703984  0.664892  0.700385  0.777174  0.753707  0.622725  0.693662  0.681368  0.749483  0.728685  0.638520  0.561958  0.728609  0.700853  0.634558  0.775241  0.609336  0.446555  0.433091  0.676751  0.511396  0.669785  0.688610  0.654753  0.756193  0.745985  0.748328  0.790812  0.807047  0.681849  0.576711  0.660875  0.763425  0.632821  0.612825  0.730905  0.475125  0.751094  0.686712  0.708375  0.634967  0.631200  0.661659  0.697577  0.646073  0.576836  0.722663  0.412974  0.569081  0.547279  0.697436  0.748465  0.593124  0.703283  0.579324  0.276962  0.738172  0.856975  0.427806  0.586796  0.698452  0.563772  0.754278  0.769656  0.696839  0.685192  0.534383  0.669092  0.563502  0.778317  0.841298  0.625268  0.714529  0.680534  0.736570  0.611904  0.730316  0.666686  0.665915  0.701417  0.673820  0.674229  0.300506  0.565874  0.735284  0.748465  0.637401  0.644004  0.819890  0.675643  0.624115  0.546952  0.758218  0.770848  0.530312  0.620086  0.733986  0.642430  0.582255  0.673125  0.443257  0.670125  0.722000  0.679899  0.564089  0.524919  0.646002  0.723476  0.642600  0.530549  0.692033  0.596657  0.530720  0.490807  0.670478  0.626004  0.660513  0.563158  0.640257  0.519481  0.659412  0.705812  0.728802  0.823920  0.695929  0.700337  0.745268  0.768387  0.656406  0.458536  0.703855  0.483439  0.591786  0.705200  0.654406  0.806676  0.701544  0.705999  0.744149  0.768818  0.742312  0.666074  0.784547  0.713681  0.811177  0.791727  0.753529  0.760425  0.807761  0.858545  0.339160  0.738459 
14  0.587566  0.764312  0.756313  0.716384  0.567652  0.595675  0.671761  0.796806  0.722293  0.742192  0.490434  0.643931  0.728563  0.757437 0.0  0.771740  0.723615  0.692328  0.728890  0.398761  0.746552  0.679642  0.622187  0.722638  0.690218  0.782035  0.838551  0.699035  0.723353  0.673837  0.823480  0.964752  0.442594  0.731200  0.516875  0.714580  0.633098  0.759865  0.480461  0.812297  0.719017  0.655221  0.591960  0.740109  0.764981  0.526818  0.669795  0.771658  0.635497  0.798699  0.667255  0.669240  0.743260  0.801835  0.603206  0.772122  0.716214  0.667660  0.598012  0.705748  0.776365  0.823612  0.747209  0.811467  0.796860  0.846848  0.686868  0.727480  0.822126  0.683691  0.833491  0.675468  0.486295  0.655388  0.684731  0.820668  0.752329  0.663514  0.787544  0.924370  0.896121  0.730470  0.533061  0.572242  0.606134  0.813186  0.839089  0.796081  0.864423  0.734299  0.834789  0.691628  0.754889  0.817365  0.762554  0.821657  0.741282  0.712807  0.861037  0.791403  0.794399  0.621456  0.506376  0.834101  0.743605  0.665412  0.722741  0.549622  0.697111  0.798768  0.774416  0.853044  0.682887  0.771912  0.804873  0.636227  0.913927  0.441928  0.647146  0.764963  0.656339  0.637924  0.670983  0.812198  0.937183  0.753287  0.876802  0.827031  0.733964  0.705228  0.804240  0.825523  0.752205  0.548008  0.697060  0.732546  0.850629  0.746366  0.712153  0.773158  0.676097  0.599407  0.802234  0.816924  0.758748  0.829625  0.689527  0.579993  0.644930  0.831767  0.809519  0.759227  0.877471  0.863768  0.825941  0.910074  0.751256  0.724455  0.673185  0.841523  0.759624  0.725808  0.702283  0.707599  0.833009  0.677920  0.799887  0.696908  0.503768  0.667864  0.748972  0.460254  0.336613  0.890235  0.755289  0.830999  0.768033  0.734639  0.614492  0.806659  0.408608  0.838493  0.806358  0.713325  0.438938  0.785449  0.780359  0.459813  0.583779  0.582306  0.584743  0.768751  0.571879  0.670655  0.617170  0.747647  0.830861 
15  0.676378  0.742817  0.634072  0.724413  0.750837  0.775557  0.716061  0.689755  0.721356  0.681074  0.801210  0.717615  0.530539  0.273078  0.771740 0.0  0.691308  0.712726  0.770581  0.733640  0.730917  0.644819  0.674258  0.569912  0.648577  0.591749  0.622588  0.738768  0.682920  0.735970  0.551864  0.746443  0.731533  0.626189  0.797585  0.770339  0.829311  0.721366  0.747414  0.700300  0.534492  0.577591  0.763799  0.752442  0.658798  0.748631  0.646238  0.763607  0.789314  0.780775  0.748435  0.787750  0.678534  0.708518  0.748542  0.599351  0.692449  0.685786  0.658078  0.753642  0.693222  0.599645  0.587777  0.391059  0.577223  0.560868  0.689813  0.765132  0.718341  0.818041  0.775446  0.748299  0.784808  0.787637  0.724863  0.596866  0.830655  0.715138  0.565183  0.605178  0.585471  0.543993  0.700289  0.776818  0.819616  0.609884  0.629932  0.717681  0.691148  0.611708  0.526423  0.651540  0.443724  0.509128  0.473935  0.716090  0.728825  0.667919  0.792524  0.596450  0.511054  0.742431  0.741890  0.510984  0.671932  0.846415  0.705930  0.754469  0.596215  0.641355  0.571324  0.527205  0.709934  0.554765  0.707968  0.774929  0.544770  0.793583  0.775968  0.663156  0.672771  0.823158  0.572002  0.773344  0.776058  0.667858  0.639488  0.551765  0.512168  0.752396  0.761125  0.568021  0.766504  0.869465  0.780744  0.658443  0.695217  0.708555  0.675959  0.409946  0.649412  0.827100  0.625420  0.660374  0.736803  0.653565  0.637995  0.660105  0.711503  0.612441  0.543806  0.613949  0.658838  0.561698  0.615808  0.754728  0.650051  0.445906  0.406319  0.623152  0.781189  0.663047  0.595832  0.721112  0.469365  0.687000  0.674387  0.695222  0.772041  0.673268  0.699018  0.815978  0.898542  0.634675  0.334056  0.616556  0.494626  0.643825  0.749193  0.658737  0.751310  0.749880  0.634055  0.718344  0.695197  0.708415  0.593551  0.788010  0.723325  0.686903  0.772092  0.775253  0.725484  0.654019  0.733272  0.508653  0.758162 
16  0.542722  0.621860  0.374764  0.666891  0.559962  0.629685  0.590940  0.434253  0.429255  0.568631  0.565484  0.589971  0.597819  0.609800  0.723615  0.691308 0.0  0.525607  0.673494  0.713770  0.592880  0.436439  0.544949  0.613159  0.439699  0.631277  0.687214  0.485449  0.523463  0.564780  0.731246  0.783401  0.691932  0.533725  0.665535  0.578679  0.549302  0.551632  0.651339  0.751398  0.599383  0.529214  0.590280  0.449614  0.378002  0.648280  0.557982  0.748267  0.535276  0.527499  0.455792  0.513776  0.531802  0.135758  0.650636  0.565023  0.531098  0.498244  0.607438  0.506247  0.238344  0.719548  0.742258  0.724096  0.653413  0.786889  0.657046  0.489055  0.429591  0.499175  0.709724  0.415266  0.595003  0.424048  0.354332  0.757287  0.564185  0.610388  0.728687  0.711665  0.762959  0.693764  0.621440  0.664077  0.575438  0.686719  0.673885  0.675604  0.689252  0.669038  0.733077  0.543975  0.639253  0.731911  0.716459  0.698499  0.608903  0.685755  0.683356  0.717191  0.680275  0.660846  0.632950  0.605230  0.576818  0.581909  0.447870  0.744784  0.559476  0.587134  0.620119  0.712523  0.456753  0.696164  0.589656  0.646197  0.847790  0.736702  0.549919  0.506842  0.585411  0.621796  0.694186  0.748598  0.747783  0.393043  0.789505  0.721237  0.635567  0.612050  0.843819  0.601324  0.707486  0.746019  0.556393  0.633660  0.662199  0.477351  0.611337  0.721724  0.482764  0.652407  0.649221  0.619446  0.504850  0.630167  0.487018  0.497727  0.597807  0.693207  0.696601  0.772943  0.790761  0.663814  0.721883  0.707615  0.770303  0.777122  0.654198  0.758854  0.588146  0.638335  0.723957  0.771489  0.653543  0.632606  0.438562  0.729376  0.713489  0.653695  0.825689  0.691971  0.723130  0.777324  0.717984  0.817139  0.797270  0.777942  0.419827  0.637776  0.789413  0.410952  0.788836  0.380331  0.710352  0.790359  0.746220  0.745174  0.654922  0.535982  0.739470  0.793142  0.634930  0.739654  0.622547  0.748530  0.766059 
17  0.592766  0.425641  0.459278  0.674553  0.598986  0.693086  0.583028  0.437410  0.394902  0.562853  0.632506  0.352453  0.658028  0.703855  0.692328  0.712726  0.525607 0.0  0.608305  0.763379  0.601655  0.551330  0.121587  0.570990  0.533236  0.618602  0.608623  0.386510  0.573315  0.641785  0.805751  0.766245  0.582125  0.601784  0.696805  0.460977  0.645937  0.608599  0.791205  0.507027  0.584629  0.461221  0.181441  0.590315  0.395037  0.589972  0.403830  0.753407  0.611570  0.347738  0.660866  0.596684  0.561811  0.558895  0.544809  0.682706  0.538241  0.352676  0.724310  0.540073  0.510818  0.707578  0.677375  0.638995  0.746777  0.689387  0.665997  0.417187  0.584674  0.452203  0.746765  0.289377  0.590679  0.569563  0.438765  0.726278  0.662298  0.579656  0.786941  0.739080  0.765282  0.677336  0.604743  0.612893  0.634279  0.630231  0.830968  0.545776  0.673830  0.604800  0.583000  0.242512  0.629156  0.728473  0.782112  0.513157  0.606307  0.654710  0.748876  0.721670  0.649572  0.696556  0.795308  0.636463  0.580333  0.471642  0.513342  0.751063  0.509599  0.524087  0.606230  0.646071  0.339402  0.556028  0.711466  0.492228  0.742107  0.748249  0.462619  0.521309  0.499496  0.638869  0.715503  0.783610  0.796899  0.549812  0.749701  0.669123  0.651038  0.516756  0.739899  0.541123  0.720843  0.636878  0.544289  0.653024  0.760119  0.347214  0.543288  0.733202  0.441763  0.779019  0.746982  0.676862  0.435049  0.661467  0.449209  0.337578  0.504154  0.872904  0.790633  0.728759  0.699581  0.800722  0.657767  0.771753  0.782191  0.629918  0.688250  0.874805  0.642982  0.538320  0.757628  0.715711  0.650332  0.597065  0.619106  0.628268  0.682293  0.704866  0.761486  0.741985  0.681159  0.665185  0.613903  0.737254  0.571217  0.678716  0.457762  0.412371  0.628467  0.446722  0.679136  0.569684  0.701238  0.828786  0.623179  0.650526  0.605146  0.611452  0.758703  0.758050  0.755300  0.747356  0.535194  0.659969  0.767693 
18  0.431884  0.606814  0.698250  0.546480  0.517973  0.417903  0.287574  0.605381  0.635578  0.716589  0.649005  0.723699  0.675212  0.753336  0.728890  0.770581  0.673494  0.608305 0.0  0.622002  0.511414  0.587361  0.749081  0.781830  0.664913  0.634329  0.699556  0.679206  0.573612  0.521716  0.670809  0.790091  0.482002  0.743896  0.667834  0.623402  0.597627  0.561244  0.575151  0.654116  0.681527  0.737522  0.717946  0.547524  0.601245  0.210515  0.646603  0.756922  0.539380  0.633150  0.587463  0.600344  0.767742  0.647935  0.462806  0.845967  0.713191  0.614142  0.445122  0.565899  0.660993  0.753886  0.867137  0.774587  0.836236  0.779462  0.713549  0.624885  0.735001  0.712167  0.784602  0.596969  0.629631  0.626770  0.686449  0.880964  0.535152  0.608178  0.819542  0.730455  0.829247  0.770698  0.390716  0.460800  0.511069  0.638544  0.761261  0.833541  0.625744  0.716183  0.721016  0.595514  0.753595  0.625296  0.790162  0.799555  0.580023  0.716478  0.653534  0.747650  0.690181  0.435107  0.662678  0.735880  0.712056  0.564207  0.793409  0.572984  0.618732  0.760476  0.768569  0.781597  0.643067  0.762665  0.648793  0.386400  0.773553  0.613939  0.647951  0.714716  0.693072  0.485570  0.768318  0.738993  0.773489  0.637527  0.870417  0.809834  0.661869  0.511552  0.743389  0.736302  0.753642  0.673424  0.643905  0.714093  0.722794  0.646649  0.402943  0.759493  0.713460  0.714444  0.790684  0.781671  0.491506  0.765680  0.623095  0.599269  0.581835  0.775457  0.872593  0.833166  0.816191  0.786347  0.716896  0.766577  0.809026  0.846274  0.801168  0.825628  0.744123  0.627157  0.751167  0.766973  0.845427  0.661329  0.706481  0.460528  0.542310  0.470477  0.831569  0.533409  0.478325  0.809348  0.772939  0.739068  0.730745  0.676899  0.632949  0.685721  0.566693  0.613262  0.704111  0.642756  0.515046  0.717430  0.755690  0.725624  0.381393  0.622673  0.566927  0.779883  0.446903  0.650034  0.694832  0.776048  0.818844 
19  0.638107  0.729760  0.747983  0.730062  0.626958  0.618408  0.619629  0.649540  0.768138  0.807581  0.538748  0.676719  0.761509  0.832331  0.398761  0.733640  0.713770  0.763379  0.622002 0.0  0.676289  0.700027  0.743241  0.841197  0.578046  0.745203  0.821546  0.744030  0.730978  0.651911  0.803486  0.794732  0.486784  0.812959  0.685333  0.615827  0.721479  0.688214  0.342808  0.783608  0.702045  0.652318  0.684314  0.605289  0.677425  0.542602  0.685093  0.816758  0.611604  0.802330  0.749182  0.677112  0.790321  0.707902  0.549056  0.716029  0.664336  0.767780  0.629784  0.743739  0.685643  0.930113  0.768935  0.763420  0.756214  0.783451  0.688748  0.677429  0.768157  0.761992  0.761290  0.806215  0.711838  0.701759  0.706417  0.765501  0.659971  0.754450  0.909587  0.852826  0.743554  0.840269  0.662051  0.507580  0.623418  0.723884  0.747035  0.781341  0.777518  0.740620  0.789529  0.782537  0.712165  0.760730  0.813298  0.676575  0.717946  0.785388  0.801987  0.762427  0.817879  0.503603  0.670170  0.714022  0.782153  0.717583  0.700918  0.504808  0.761290  0.698907  0.649081  0.930409  0.732870  0.832964  0.822655  0.619912  0.856662  0.386831  0.713236  0.623638  0.684811  0.612477  0.743489  0.847822  0.827150  0.726178  0.823955  0.754487  0.794128  0.677541  0.829963  0.646360  0.831564  0.526468  0.794381  0.730326  0.825545  0.643032  0.719875  0.750629  0.738045  0.324666  0.908385  0.808442  0.683653  0.777934  0.754872  0.770415  0.723865  0.854918  0.722879  0.779590  0.804277  0.868501  0.813841  0.877977  0.899938  0.733686  0.725437  0.785954  0.749403  0.708509  0.827416  0.752238  0.738731  0.758799  0.675916  0.562670  0.593000  0.663738  0.901072  0.704777  0.503161  0.815743  0.760488  0.812372  0.820339  0.813653  0.674631  0.797532  0.541644  0.665381  0.809256  0.780131  0.580681  0.959780  0.831870  0.496964  0.634153  0.686053  0.414323  0.806991  0.697783  0.897375  0.678588  0.719151  0.913198 
