197
0 0.0  0.672605  0.634538  0.512970  0.645444  0.330636  0.393498  0.638764  0.594238  0.807925  0.607449  0.602601  0.800401  0.906616  0.772208  0.848103  0.634361  0.594659  0.429121  0.586095  0.534048  0.594506  0.726880  0.713800  0.625746  0.731166  0.731382  0.807002  0.619257  0.598511  0.851375  0.720960  0.413175  0.735478  0.660349  0.628737  0.515297  0.448035  0.691369  0.701170  0.710667  0.657959  0.677839  0.659795  0.753547  0.229592  0.589594  0.787645  0.603506  0.743895  0.727340  0.572042  0.739439  0.626041  0.598422  0.795970  0.564299  0.592966  0.552243  0.531792  0.603016  0.773792  0.792364  0.758875  0.830879  0.849101  0.774778  0.625642  0.734592  0.637203  0.858391  0.629429  0.656525  0.608316  0.645056  0.869270  0.581270  0.665581  0.842058  0.865108  0.660219  0.820332  0.510846  0.539927  0.489845  0.759723  0.867516  0.813089  0.778807  0.583181  0.781925  0.706135  0.701888  0.739661  0.877532  0.719298  0.525675  0.812918  0.705064  0.713083  0.714978  0.521407  0.601184  0.744910  0.665519  0.680483  0.815625  0.591681  0.683745  0.706357  0.700203  0.840195  0.627428  0.703047  0.707781  0.592356  0.817068  0.748979  0.621629  0.663794  0.647956  0.648864  0.756423  0.772553  0.858774  0.766881  0.915150  0.750495  0.655481  0.733120  0.814730  0.752030  0.873726  0.650596  0.743364  0.809086  0.857984  0.740524  0.561860  0.791915  0.654622  0.720789  0.738999  0.751647  0.731702  0.715846  0.675931  0.613732  0.717768  0.846648  0.736745  0.891143  0.894421  0.789147  0.838989  0.813239  0.691019  0.826425  0.798436  0.839361  0.742254  0.765053  0.876275  0.843461  0.815236  0.703645  0.622550  0.527650  0.674105  0.582203  0.803106  0.475344  0.621016  0.787419  0.764441  0.868273  0.717959  0.743426  0.761526  0.637961  0.710834  0.695726  0.881295  0.672909  0.601155  0.844738  0.674900  0.708610  0.523923  0.642444  0.540756  0.860196  0.544455  0.811609  0.523614  0.779884  0.851462 
1  0.672605 0.0  0.368950  0.544870  0.489072  0.638193  0.699883  0.411937  0.534139  0.576858  0.740254  0.365691  0.638040  0.653377  0.740911  0.721957  0.407829  0.397067  0.628541  0.785689  0.582717  0.504385  0.404211  0.626961  0.488712  0.644492  0.684481  0.429852  0.626817  0.595375  0.676660  0.759826  0.773400  0.692843  0.673343  0.412436  0.504575  0.635377  0.668375  0.617693  0.702992  0.528266  0.487122  0.556534  0.443746  0.659979  0.348947  0.805100  0.578911  0.567979  0.599856  0.580212  0.510088  0.534787  0.520417  0.628840  0.507741  0.407898  0.577471  0.513103  0.588173  0.755628  0.690603  0.797742  0.784990  0.747086  0.604262  0.238851  0.283913  0.508771  0.675011  0.169888  0.704145  0.361344  0.256437  0.706296  0.612487  0.679729  0.728675  0.883125  0.697714  0.779948  0.690689  0.660071  0.619702  0.690935  0.717202  0.721423  0.877652  0.643364  0.774573  0.389265  0.634310  0.663103  0.754523  0.617121  0.577137  0.736167  0.614172  0.804139  0.721752  0.748243  0.691505  0.717373  0.572498  0.357882  0.578255  0.739670  0.547069  0.645270  0.681508  0.706844  0.431496  0.675357  0.896922  0.608329  0.721693  0.806632  0.383015  0.522641  0.481400  0.636139  0.683099  0.688293  0.641238  0.560393  0.721605  0.738407  0.667125  0.607347  0.825651  0.598857  0.732174  0.782681  0.549813  0.598070  0.842955  0.224114  0.563764  0.679917  0.471821  0.665116  0.716680  0.635669  0.472319  0.648255  0.394339  0.349063  0.454198  0.747134  0.728103  0.813815  0.778346  0.685535  0.892949  0.840164  0.664327  0.668869  0.785609  0.815176  0.683468  0.584520  0.802430  0.739422  0.758018  0.665634  0.498275  0.718886  0.715594  0.706062  0.746067  0.636419  0.721631  0.853319  0.733867  0.759002  0.717235  0.782613  0.397875  0.472430  0.746092  0.539235  0.756816  0.587145  0.768627  0.663972  0.655936  0.661463  0.659005  0.543577  0.712814  0.884652  0.678547  0.813572  0.506778  0.745426  0.754858 
2  0.634538  0.368950 0.0  0.739943  0.704020  0.614984  0.696290  0.236214  0.157038  0.470372  0.723895  0.517462  0.543476  0.739787  0.719206  0.697799  0.456334  0.442626  0.761372  0.748985  0.656426  0.363791  0.333419  0.712946  0.594764  0.651717  0.724518  0.427951  0.493763  0.616235  0.681209  0.833814  0.707327  0.631883  0.660249  0.467836  0.627549  0.618247  0.758545  0.584740  0.643980  0.594627  0.549438  0.479100  0.447798  0.661904  0.457700  0.728625  0.564085  0.561337  0.464967  0.522979  0.493677  0.405437  0.609951  0.631183  0.550714  0.539333  0.759587  0.689449  0.488686  0.709822  0.763104  0.746371  0.749044  0.757755  0.580961  0.384349  0.447917  0.593958  0.727068  0.461849  0.627466  0.212926  0.594837  0.781743  0.649316  0.646381  0.765037  0.850080  0.657282  0.756504  0.627542  0.718226  0.663465  0.625963  0.760624  0.742452  0.774400  0.626711  0.794288  0.366483  0.635673  0.714840  0.837020  0.660443  0.654179  0.577992  0.678193  0.774987  0.613646  0.768553  0.735213  0.828510  0.526866  0.208349  0.521960  0.715168  0.566944  0.477347  0.707166  0.660322  0.289189  0.683378  0.748825  0.700831  0.793884  0.802869  0.228983  0.449659  0.341270  0.630586  0.759447  0.810520  0.745958  0.603508  0.775679  0.807151  0.715906  0.671474  0.874723  0.619552  0.677735  0.747985  0.633105  0.654872  0.802103  0.386477  0.533728  0.760311  0.209221  0.754129  0.738793  0.667521  0.575801  0.661414  0.480418  0.454265  0.456072  0.697185  0.691632  0.780308  0.732945  0.767537  0.699373  0.779806  0.861955  0.635528  0.677008  0.754920  0.597529  0.648309  0.863924  0.835966  0.732628  0.694058  0.437485  0.660361  0.783595  0.614580  0.693593  0.690634  0.820248  0.710669  0.685662  0.770368  0.819810  0.626310  0.404413  0.491550  0.727957  0.462214  0.792392  0.554285  0.746657  0.942730  0.664465  0.735043  0.716914  0.601296  0.704732  0.880404  0.684788  0.718098  0.397381  0.726243  0.850625 
3  0.512970  0.544870  0.739943 0.0  0.490912  0.513950  0.480947  0.696076  0.625481  0.578212  0.578925  0.757568  0.702723  0.736103  0.736819  0.789038  0.577515  0.650897  0.456505  0.686226  0.467804  0.648038  0.718564  0.739810  0.583782  0.612751  0.673077  0.658934  0.557157  0.562403  0.914490  0.778528  0.475134  0.729391  0.621818  0.681938  0.499875  0.497747  0.597128  0.705719  0.777171  0.728984  0.640953  0.519253  0.511120  0.517105  0.619692  0.915168  0.446592  0.587243  0.747175  0.495747  0.615077  0.652620  0.325175  0.731913  0.646266  0.538432  0.585216  0.389534  0.597251  0.743781  0.831126  0.797595  0.868348  0.820091  0.665330  0.581756  0.600527  0.636917  0.652623  0.643397  0.636934  0.617386  0.632341  0.892387  0.470140  0.521198  0.816704  0.845697  0.659067  0.813234  0.526845  0.519221  0.489468  0.816631  0.817088  0.757226  0.760656  0.598697  0.800538  0.580385  0.654792  0.812571  0.774404  0.714006  0.421911  0.687593  0.703060  0.732757  0.778627  0.606499  0.673900  0.795230  0.717393  0.645813  0.712517  0.495517  0.669844  0.687651  0.649871  0.769792  0.693748  0.784241  0.729631  0.548292  0.792054  0.716601  0.522140  0.761329  0.650544  0.458543  0.756607  0.780009  0.871659  0.628024  0.754166  0.723772  0.761838  0.503835  0.794550  0.693413  0.705908  0.728534  0.641770  0.754880  0.931262  0.699978  0.510433  0.789754  0.708531  0.616780  0.718655  0.789276  0.524541  0.839780  0.586778  0.596797  0.651774  0.668661  0.717993  0.796879  0.823333  0.862377  0.699851  0.806339  0.830602  0.753317  0.741831  0.727696  0.758635  0.724369  0.823489  0.779644  0.721072  0.665120  0.712901  0.479302  0.602350  0.581584  0.794951  0.519829  0.613619  0.823628  0.722865  0.679447  0.763632  0.790771  0.626424  0.694941  0.668847  0.571836  0.791027  0.735996  0.574427  0.753892  0.718641  0.679359  0.452156  0.408792  0.712146  0.866773  0.570281  0.806883  0.633303  0.625510  0.848890 
4  0.645444  0.489072  0.704020  0.490912 0.0  0.631706  0.551049  0.726438  0.604052  0.587045  0.549089  0.709496  0.764391  0.867056  0.684645  0.790690  0.592259  0.660400  0.538484  0.645005  0.314066  0.579514  0.571962  0.822255  0.610445  0.759273  0.743797  0.592572  0.559229  0.488868  0.776412  0.860767  0.696517  0.668913  0.490049  0.546525  0.492019  0.352804  0.755573  0.654113  0.720918  0.467933  0.663107  0.479221  0.473781  0.720779  0.560070  0.765503  0.599483  0.617452  0.576483  0.598290  0.737227  0.691814  0.531884  0.698892  0.844028  0.525734  0.699129  0.488785  0.521877  0.813491  0.751451  0.814587  0.710181  0.800556  0.656001  0.557990  0.616176  0.503689  0.869819  0.608163  0.608109  0.772777  0.580530  0.803526  0.347876  0.527500  0.870858  0.712990  0.836555  0.845926  0.516775  0.571566  0.309751  0.766032  0.771772  0.848306  0.773053  0.724779  0.718985  0.632988  0.750590  0.780080  0.869470  0.652791  0.375430  0.837276  0.690039  0.891682  0.694445  0.641180  0.637371  0.715201  0.684820  0.681553  0.623461  0.626207  0.657620  0.777234  0.682285  0.682624  0.576870  0.771488  0.741405  0.572268  0.807606  0.742410  0.668826  0.724863  0.610870  0.436014  0.778862  0.773962  0.855483  0.608513  0.847758  0.836273  0.769999  0.373847  0.782881  0.727652  0.714663  0.704133  0.741857  0.721681  0.769048  0.541820  0.442526  0.687920  0.546176  0.841839  0.859493  0.786239  0.438661  0.800269  0.509941  0.588425  0.515004  0.826948  0.729846  0.823373  0.858070  0.811759  0.819333  0.786643  0.749777  0.801491  0.726960  0.828130  0.692027  0.659658  0.895617  0.798420  0.768053  0.701356  0.638380  0.375584  0.679196  0.361842  0.891322  0.504703  0.637035  0.870837  0.721079  0.852022  0.725177  0.786265  0.615375  0.759333  0.630933  0.673503  0.725916  0.653490  0.570663  0.863234  0.681551  0.785779  0.593628  0.422488  0.662891  0.744664  0.413834  0.770605  0.527834  0.691189  0.806077 
5  0.330636  0.638193  0.614984  0.513950  0.631706 0.0  0.510974  0.509080  0.686759  0.657554  0.602383  0.801414  0.761744  0.804397  0.613871  0.793922  0.635161  0.647473  0.363556  0.569854  0.664937  0.623918  0.717579  0.818637  0.630392  0.770406  0.799977  0.703758  0.653003  0.588912  0.784403  0.784072  0.563260  0.590432  0.681264  0.700317  0.479285  0.523433  0.639935  0.750323  0.740042  0.729351  0.712032  0.645309  0.743326  0.127242  0.651806  0.831472  0.502187  0.575629  0.641085  0.626870  0.700127  0.690389  0.505145  0.680019  0.713020  0.761329  0.487879  0.612843  0.714599  0.779505  0.704513  0.757209  0.830179  0.684962  0.755857  0.613400  0.599367  0.544067  0.853290  0.655710  0.578033  0.607441  0.602291  0.631674  0.593003  0.583306  0.837494  0.738922  0.803785  0.727511  0.586847  0.311803  0.594186  0.760234  0.688205  0.783645  0.815023  0.640694  0.760647  0.683918  0.766222  0.737863  0.835121  0.773300  0.661703  0.827625  0.849535  0.835647  0.804211  0.604266  0.629300  0.784493  0.694195  0.677167  0.820609  0.592347  0.884140  0.725145  0.719389  0.768773  0.681532  0.600803  0.786518  0.488954  0.860895  0.688506  0.670730  0.696853  0.660279  0.653528  0.817755  0.778970  0.832624  0.716354  0.795116  0.759362  0.902831  0.669935  0.769671  0.734635  0.809616  0.690862  0.748477  0.826777  0.841043  0.649287  0.586079  0.832056  0.654322  0.603844  0.829254  0.726964  0.608771  0.781190  0.528750  0.571105  0.711827  0.737603  0.838220  0.800445  0.808915  0.816153  0.768769  0.825018  0.793812  0.800947  0.749470  0.821760  0.635036  0.749222  0.792117  0.908029  0.796525  0.665071  0.755063  0.477430  0.695468  0.517268  0.755310  0.642009  0.597435  0.894527  0.854600  0.816802  0.701664  0.754081  0.687796  0.665041  0.600247  0.678559  0.753222  0.670817  0.488955  0.767034  0.659136  0.585742  0.425044  0.633505  0.761386  0.798039  0.611434  0.781858  0.577190  0.839645  0.813618 
6  0.393498  0.699883  0.696290  0.480947  0.551049  0.510974 0.0  0.616135  0.624275  0.679431  0.627535  0.633842  0.758970  0.797419  0.642119  0.813469  0.745332  0.710789  0.391006  0.729825  0.478420  0.635693  0.694160  0.762642  0.540744  0.665694  0.782401  0.651512  0.684228  0.520052  0.805426  0.862411  0.550334  0.690368  0.549463  0.685156  0.482406  0.487731  0.626840  0.649681  0.690027  0.634727  0.626586  0.626118  0.585872  0.437120  0.609946  0.772991  0.486698  0.547848  0.708373  0.481759  0.603322  0.595042  0.492684  0.752920  0.652179  0.602694  0.502239  0.460558  0.552196  0.788980  0.740568  0.711911  0.768844  0.727190  0.800947  0.613521  0.622297  0.462400  0.778478  0.643713  0.463643  0.644020  0.680465  0.827992  0.524892  0.569936  0.677109  0.821310  0.787878  0.838826  0.432643  0.455149  0.499569  0.726164  0.771087  0.822089  0.767343  0.686678  0.809030  0.590906  0.741138  0.802956  0.760296  0.657874  0.557470  0.739414  0.666832  0.654451  0.563732  0.496548  0.628367  0.796368  0.603877  0.717129  0.693083  0.662104  0.639492  0.701579  0.780110  0.751583  0.739349  0.725164  0.818314  0.489297  0.772820  0.776225  0.808211  0.669953  0.686999  0.555501  0.771156  0.831855  0.855355  0.812195  0.805668  0.749067  0.695648  0.480447  0.822832  0.869010  0.881583  0.694832  0.744404  0.774439  0.751882  0.582054  0.483265  0.809281  0.602106  0.667559  0.838247  0.643471  0.589486  0.735909  0.634131  0.720548  0.722085  0.793667  0.777359  0.705983  0.866433  0.852907  0.714390  0.787225  0.796501  0.791475  0.777083  0.818529  0.715193  0.728476  0.897947  0.800527  0.845778  0.697961  0.694405  0.396840  0.529756  0.575959  0.891001  0.516887  0.578095  0.851551  0.733057  0.803109  0.767045  0.845509  0.646462  0.574056  0.629600  0.755995  0.735066  0.672350  0.611369  0.827419  0.822994  0.691835  0.414421  0.478397  0.674123  0.746168  0.497718  0.826221  0.514818  0.849144  0.947727 
7  0.638764  0.411937  0.236214  0.696076  0.726438  0.509080  0.616135 0.0  0.175826  0.526403  0.693968  0.336984  0.638799  0.793698  0.859437  0.697739  0.518289  0.436361  0.637727  0.730999  0.677184  0.569906  0.423177  0.702890  0.572093  0.584979  0.569313  0.543376  0.630141  0.610524  0.788080  0.732882  0.640598  0.644275  0.706933  0.483228  0.574307  0.732304  0.638819  0.580104  0.601098  0.530469  0.404944  0.497930  0.449857  0.670233  0.544585  0.790476  0.560875  0.481754  0.362012  0.661983  0.510503  0.483057  0.572874  0.566823  0.568841  0.444481  0.741951  0.639398  0.427794  0.695365  0.645413  0.719761  0.644591  0.712205  0.593108  0.414467  0.455908  0.531654  0.647347  0.380578  0.735179  0.209031  0.476486  0.700631  0.630882  0.684653  0.781674  0.756100  0.679500  0.675364  0.705184  0.692663  0.618278  0.629932  0.740333  0.714445  0.795215  0.737714  0.720490  0.407178  0.670101  0.749819  0.728950  0.689605  0.586279  0.601276  0.705027  0.728298  0.649187  0.702402  0.696104  0.653894  0.654203  0.134226  0.448733  0.766034  0.601400  0.660928  0.520552  0.628221  0.163794  0.560894  0.683678  0.755207  0.833390  0.790424  0.143312  0.380731  0.249449  0.569142  0.748924  0.778561  0.716357  0.422237  0.768941  0.816608  0.508925  0.685898  0.691196  0.644140  0.681518  0.805077  0.753672  0.659040  0.763358  0.411079  0.573442  0.771877  0.211610  0.769360  0.818365  0.663760  0.534404  0.662634  0.605599  0.542992  0.454488  0.695389  0.748992  0.736069  0.696542  0.721503  0.764200  0.789133  0.855832  0.722942  0.788950  0.776263  0.575564  0.512299  0.763590  0.785043  0.830146  0.675929  0.461997  0.665510  0.759556  0.673855  0.737847  0.763037  0.722646  0.783391  0.668405  0.794838  0.628869  0.752643  0.299991  0.425245  0.831291  0.313417  0.791602  0.533384  0.721788  0.798708  0.704613  0.840791  0.759780  0.667397  0.729424  0.857633  0.670044  0.884696  0.651009  0.685492  0.681965 
8  0.594238  0.534139  0.157038  0.625481  0.604052  0.686759  0.624275  0.175826 0.0  0.524373  0.708201  0.426225  0.538806  0.673364  0.710499  0.695660  0.447369  0.428270  0.718232  0.748121  0.525963  0.473874  0.454399  0.656106  0.584103  0.626608  0.704945  0.462867  0.537414  0.627604  0.708548  0.868111  0.716472  0.667465  0.722147  0.615781  0.600676  0.656247  0.755018  0.642873  0.639312  0.420271  0.501413  0.481153  0.479740  0.576339  0.512425  0.785841  0.618828  0.407669  0.397590  0.583540  0.479996  0.419695  0.684849  0.540287  0.555821  0.543932  0.640282  0.644641  0.510083  0.734863  0.734895  0.726235  0.770376  0.669639  0.670702  0.427478  0.429297  0.510937  0.701073  0.376923  0.672311  0.313464  0.389583  0.863069  0.650712  0.736891  0.811418  0.841127  0.650145  0.673097  0.697255  0.761581  0.690160  0.725742  0.699004  0.607851  0.785838  0.635679  0.680726  0.385705  0.638916  0.793072  0.759852  0.515450  0.610838  0.748398  0.565073  0.697666  0.637810  0.672106  0.732761  0.709225  0.651216  0.275195  0.442538  0.731848  0.608668  0.548131  0.665488  0.609962  0.235774  0.617203  0.745017  0.646407  0.783812  0.767867  0.097182  0.552923  0.370102  0.653101  0.856654  0.855125  0.735741  0.427868  0.718085  0.596184  0.689726  0.601758  0.750813  0.680761  0.786216  0.707931  0.552972  0.673742  0.831178  0.389137  0.648537  0.710945  0.311458  0.806512  0.796032  0.615309  0.593393  0.672836  0.404462  0.447599  0.435914  0.727258  0.670677  0.775288  0.692229  0.823489  0.820282  0.854317  0.599660  0.699544  0.746640  0.845785  0.630453  0.583390  0.744340  0.777389  0.831597  0.744206  0.369010  0.689650  0.645413  0.742205  0.802888  0.728850  0.596048  0.748100  0.753330  0.830855  0.720657  0.689528  0.372560  0.500595  0.642758  0.477408  0.780718  0.654534  0.724837  0.702084  0.708123  0.809309  0.698335  0.665411  0.722429  0.860942  0.750187  0.736722  0.508363  0.728901  0.781306 
9  0.807925  0.576858  0.470372  0.578212  0.587045  0.657554  0.679431  0.526403  0.524373 0.0  0.721313  0.493414  0.499191  0.690257  0.880029  0.688702  0.655193  0.494418  0.590019  0.752635  0.709889  0.656820  0.469563  0.546178  0.703017  0.568251  0.620676  0.474079  0.648251  0.625362  0.805455  0.784561  0.768385  0.559817  0.709781  0.567189  0.623635  0.652253  0.843771  0.521194  0.651983  0.597990  0.530443  0.645995  0.550695  0.654313  0.627828  0.661988  0.765816  0.492077  0.433074  0.686544  0.640704  0.623321  0.630598  0.545221  0.414324  0.552467  0.729794  0.677963  0.605677  0.703664  0.640314  0.652359  0.727855  0.662994  0.515072  0.655581  0.624719  0.636702  0.626856  0.654170  0.643781  0.600323  0.500269  0.687508  0.632112  0.638460  0.659334  0.740182  0.772132  0.855020  0.757857  0.772805  0.696048  0.438350  0.660496  0.694155  0.730731  0.594825  0.690717  0.563824  0.639949  0.554307  0.711269  0.502145  0.634781  0.584016  0.695095  0.656104  0.682084  0.732649  0.815720  0.623856  0.494272  0.568132  0.544987  0.815324  0.665016  0.391380  0.522526  0.652238  0.543114  0.663408  0.796843  0.704092  0.779852  0.710101  0.398034  0.387942  0.568223  0.761191  0.720984  0.697779  0.715451  0.616341  0.781550  0.535356  0.640403  0.665821  0.771722  0.583285  0.831371  0.744741  0.574587  0.612598  0.722916  0.586118  0.611829  0.707998  0.484738  0.701763  0.722898  0.603102  0.637992  0.623036  0.560135  0.672093  0.563168  0.708045  0.746417  0.656589  0.711620  0.830191  0.622504  0.776760  0.580563  0.637232  0.689551  0.795613  0.556999  0.489823  0.658417  0.744280  0.724801  0.577111  0.493880  0.715137  0.739529  0.690309  0.799936  0.711378  0.670657  0.693594  0.722082  0.792404  0.658360  0.697289  0.544450  0.501759  0.698986  0.463243  0.805417  0.599544  0.778321  0.731160  0.641010  0.760819  0.763267  0.576755  0.803289  0.815784  0.675487  0.686961  0.595177  0.662548  0.757637 
10  0.607449  0.740254  0.723895  0.578925  0.549089  0.602383  0.627535  0.693968  0.708201  0.721313 0.0  0.775875  0.735339  0.759300  0.634035  0.884725  0.580947  0.716948  0.529976  0.653186  0.562523  0.684654  0.686612  0.769996  0.640411  0.802997  0.796548  0.732288  0.647911  0.572919  0.779330  0.912332  0.615440  0.834246  0.524691  0.647270  0.505765  0.631294  0.666879  0.637506  0.842459  0.745217  0.686190  0.637426  0.724043  0.572832  0.617614  0.832851  0.590007  0.678281  0.749811  0.547119  0.730352  0.648305  0.661044  0.748378  0.691085  0.695867  0.561318  0.603936  0.670245  0.882826  0.795945  0.731466  0.860398  0.821969  0.814786  0.731819  0.717921  0.715913  0.852072  0.702751  0.591640  0.667611  0.678581  0.830371  0.613082  0.583538  0.807738  0.831169  0.750342  0.840688  0.529719  0.667376  0.617346  0.807803  0.739850  0.850575  0.821641  0.724655  0.876886  0.591756  0.905043  0.863179  0.856229  0.715147  0.602733  0.728561  0.819956  0.678634  0.732566  0.474407  0.424597  0.796907  0.715490  0.768118  0.768050  0.586592  0.742842  0.635126  0.753418  0.903940  0.770915  0.854195  0.794269  0.591675  0.799178  0.626785  0.729093  0.762405  0.665849  0.623001  0.724774  0.853140  0.901064  0.647642  0.824768  0.798969  0.741655  0.688574  0.820073  0.768617  0.806112  0.557983  0.829427  0.825359  0.841742  0.742912  0.672850  0.694328  0.695730  0.669356  0.890151  0.788080  0.753387  0.738941  0.658406  0.659302  0.676322  0.846175  0.810675  0.775603  0.899796  0.928143  0.699690  0.851043  0.876003  0.838075  0.828803  0.811670  0.837346  0.797873  0.888175  0.811155  0.828054  0.791239  0.783974  0.443161  0.506533  0.501328  0.875434  0.468543  0.643524  0.836576  0.673966  0.854596  0.768068  0.788669  0.700976  0.773525  0.566340  0.641550  0.810678  0.700641  0.534339  0.845108  0.770771  0.525384  0.636177  0.651105  0.460328  0.942570  0.528012  0.769539  0.561242  0.698252  0.775681 
11  0.602601  0.365691  0.517462  0.757568  0.709496  0.801414  0.633842  0.336984  0.426225  0.493414  0.775875 0.0  0.527991  0.724630  0.819962  0.623157  0.591143  0.376634  0.564923  0.765274  0.802718  0.449550  0.364259  0.638612  0.627596  0.591408  0.712893  0.328760  0.624008  0.590087  0.809769  0.745872  0.611593  0.581435  0.616184  0.475345  0.638915  0.655101  0.805511  0.574883  0.606814  0.604410  0.358154  0.566480  0.600511  0.706214  0.556691  0.822638  0.696994  0.365784  0.471816  0.580381  0.549955  0.511055  0.522768  0.548700  0.527705  0.509361  0.785084  0.541515  0.609536  0.730282  0.714365  0.753512  0.683396  0.755453  0.612796  0.627222  0.494527  0.529008  0.660723  0.455385  0.687127  0.575463  0.552172  0.678071  0.660079  0.668321  0.859289  0.745603  0.739307  0.789537  0.682294  0.739003  0.794012  0.540874  0.659330  0.734583  0.728638  0.674304  0.599931  0.493200  0.733101  0.657636  0.849768  0.718437  0.569589  0.547927  0.784128  0.850418  0.651731  0.668506  0.755248  0.700628  0.709953  0.473149  0.441939  0.640129  0.586069  0.553533  0.655722  0.624867  0.313672  0.710186  0.776800  0.736565  0.861146  0.744053  0.434382  0.392846  0.526215  0.597065  0.839663  0.786634  0.755918  0.583104  0.743813  0.694671  0.632041  0.681901  0.848777  0.648936  0.741029  0.810014  0.581278  0.641542  0.790924  0.534215  0.624948  0.736320  0.381187  0.829954  0.780830  0.514222  0.613441  0.635554  0.688804  0.397923  0.554415  0.669985  0.729356  0.730255  0.698087  0.812322  0.731219  0.759014  0.696765  0.825583  0.776325  0.720355  0.573898  0.583402  0.717863  0.767569  0.741241  0.595067  0.434683  0.563854  0.710022  0.622185  0.890918  0.664868  0.758865  0.793091  0.693318  0.729127  0.696844  0.738375  0.566119  0.322790  0.780790  0.326018  0.835167  0.568882  0.742428  0.818902  0.611900  0.651184  0.571328  0.530939  0.774241  0.788534  0.702817  0.729346  0.526003  0.631054  0.912740 
12  0.800401  0.638040  0.543476  0.702723  0.764391  0.761744  0.758970  0.638799  0.538806  0.499191  0.735339  0.527991 0.0  0.583955  0.690589  0.600827  0.741026  0.610920  0.859699  0.735873  0.717648  0.672581  0.636583  0.542180  0.671123  0.339739  0.446975  0.684980  0.717294  0.729057  0.685889  0.695560  0.721875  0.502882  0.773427  0.664644  0.651838  0.715212  0.657339  0.534923  0.576734  0.551464  0.587901  0.729973  0.730040  0.691690  0.547510  0.735518  0.610360  0.529900  0.639196  0.662416  0.664058  0.605819  0.683007  0.619375  0.527498  0.734620  0.785321  0.571564  0.720270  0.718464  0.671091  0.659748  0.593101  0.730963  0.464431  0.579508  0.652923  0.561022  0.715423  0.581326  0.741105  0.550954  0.553559  0.751450  0.583429  0.817261  0.783909  0.753483  0.577773  0.686129  0.771520  0.715459  0.629851  0.510312  0.587128  0.655488  0.646054  0.558144  0.621073  0.564576  0.637360  0.627336  0.707303  0.271456  0.748839  0.661835  0.658829  0.784453  0.594164  0.690290  0.834546  0.593384  0.551352  0.487156  0.560515  0.693698  0.617628  0.477272  0.462308  0.478418  0.524580  0.449685  0.647086  0.657313  0.745185  0.915008  0.557413  0.540901  0.641549  0.759554  0.752453  0.819651  0.673713  0.725886  0.777668  0.604356  0.432299  0.679213  0.640127  0.554667  0.672315  0.824713  0.597454  0.510584  0.758421  0.640367  0.658884  0.611246  0.678174  0.771166  0.720829  0.414725  0.729674  0.574480  0.579181  0.532429  0.629156  0.623944  0.667724  0.692538  0.677944  0.769385  0.713083  0.835382  0.705955  0.710533  0.669802  0.790197  0.516714  0.490000  0.737259  0.730060  0.631235  0.579153  0.659923  0.743464  0.775605  0.804971  0.721121  0.783948  0.762878  0.686894  0.785357  0.774859  0.522711  0.605461  0.637034  0.606820  0.765340  0.566565  0.751999  0.614915  0.793344  0.776811  0.551418  0.768329  0.784673  0.771363  0.728282  0.711036  0.761266  0.705798  0.718555  0.574361  0.832745 
13  0.906616  0.653377  0.739787  0.736103  0.867056  0.804397  0.797419  0.793698  0.673364  0.690257  0.759300  0.724630  0.583955 0.0  0.817691  0.331202  0.734608  0.713533  0.927546  0.819645  0.771842  0.774451  0.756855  0.602441  0.759346  0.557378  0.717479  0.626401  0.767055  0.670665  0.610420  0.728137  0.743308  0.664761  0.703751  0.717227  0.788925  0.746984  0.922171  0.729438  0.493586  0.695120  0.657192  0.854994  0.761602  0.760447  0.718620  0.765535  0.663122  0.763691  0.727492  0.721035  0.696456  0.642575  0.758925  0.678970  0.663663  0.725999  0.829894  0.800978  0.660401  0.676558  0.683190  0.496810  0.611017  0.624985  0.707076  0.654888  0.702330  0.780692  0.728904  0.809153  0.802122  0.806437  0.761048  0.694037  0.602380  0.870972  0.563673  0.643289  0.660363  0.513608  0.729782  0.668969  0.688368  0.688807  0.542943  0.463914  0.752351  0.700669  0.680996  0.806244  0.414242  0.505192  0.563985  0.595589  0.752097  0.673399  0.769363  0.636076  0.433513  0.807689  0.861263  0.416893  0.694433  0.768676  0.605479  0.778634  0.691418  0.687834  0.772055  0.673331  0.754842  0.620806  0.737669  0.747593  0.655569  0.803023  0.734444  0.695682  0.592096  0.799122  0.623654  0.762246  0.763239  0.812316  0.652635  0.426258  0.586635  0.778793  0.718389  0.522196  0.765740  0.793105  0.623596  0.545719  0.610087  0.735099  0.833898  0.481474  0.667516  0.800021  0.672850  0.706911  0.765783  0.624077  0.670251  0.620130  0.807630  0.632234  0.805332  0.590479  0.757400  0.612877  0.689310  0.661358  0.622585  0.424557  0.584624  0.876174  0.603391  0.659025  0.658311  0.718957  0.539445  0.636136  0.694578  0.731654  0.855182  0.852748  0.717955  0.733141  0.786900  0.636424  0.431135  0.607498  0.601104  0.578828  0.775147  0.757576  0.883654  0.727628  0.648347  0.684033  0.744920  0.755971  0.564507  0.841382  0.810013  0.870329  0.814521  0.766169  0.787583  0.660113  0.692670  0.475896  0.783787 
14  0.772208  0.740911  0.719206  0.736819  0.684645  0.613871  0.642119  0.859437  0.710499  0.880029  0.634035  0.819962  0.690589  0.817691 0.0  0.704634  0.712369  0.629513  0.535638  0.476470  0.683768  0.675041  0.771610  0.815094  0.777889  0.803134  0.852713  0.693243  0.663103  0.692256  0.911617  0.863603  0.639153  0.814302  0.552103  0.839631  0.567077  0.602441  0.490978  0.771440  0.755772  0.826600  0.823788  0.551158  0.675455  0.585821  0.776664  0.818891  0.595630  0.860543  0.726376  0.640749  0.672553  0.647211  0.694225  0.761570  0.729063  0.823220  0.648838  0.662812  0.691284  0.853469  0.829844  0.870115  0.831081  0.915159  0.719377  0.805687  0.661791  0.646201  0.810923  0.762043  0.708526  0.799331  0.746884  0.839471  0.664482  0.714071  0.771042  0.910754  0.683095  0.867954  0.658954  0.661340  0.783779  0.755384  0.747732  0.801498  0.858281  0.717538  0.813956  0.817215  0.764850  0.830041  0.969281  0.773862  0.610295  0.789214  0.906663  0.951189  0.873344  0.561365  0.510754  0.747954  0.915133  0.660162  0.688870  0.560353  0.653437  0.775667  0.831695  0.760586  0.828324  0.769526  0.855576  0.561436  0.848585  0.451718  0.695024  0.693215  0.760414  0.624457  0.725468  0.912805  0.795087  0.718738  0.820016  0.760166  0.817653  0.717210  0.897227  0.844065  0.809992  0.512179  0.773065  0.687762  0.846239  0.687549  0.734434  0.872295  0.679328  0.531115  0.868855  0.839820  0.622364  0.719964  0.708769  0.782822  0.629768  0.849633  0.841674  0.823122  0.818280  0.831176  0.858443  0.885046  0.865994  0.928910  0.801670  0.806388  0.852143  0.836284  0.816815  0.876301  0.932631  0.758539  0.763651  0.623960  0.586853  0.592042  0.747356  0.648902  0.297324  0.857377  0.835690  0.919542  0.865687  0.876581  0.663675  0.764581  0.446424  0.863076  0.815122  0.774932  0.417093  0.900743  0.795211  0.524412  0.641064  0.616278  0.480679  0.915221  0.621071  0.924577  0.754146  0.854878  0.969831 
15  0.848103  0.721957  0.697799  0.789038  0.790690  0.793922  0.813469  0.697739  0.695660  0.688702  0.884725  0.623157  0.600827  0.331202  0.704634 0.0  0.789900  0.655529  0.877238  0.831875  0.832606  0.710648  0.794391  0.658844  0.791105  0.822386  0.573774  0.765430  0.798394  0.734849  0.717585  0.648827  0.817957  0.756677  0.720969  0.697771  0.688761  0.812703  0.831349  0.634057  0.495649  0.696941  0.803315  0.740530  0.778730  0.802141  0.702720  0.738339  0.803455  0.725236  0.688691  0.813989  0.756662  0.681679  0.808957  0.498964  0.655496  0.808678  0.832078  0.754944  0.774665  0.553472  0.574980  0.572176  0.476322  0.576836  0.760700  0.751613  0.692792  0.771425  0.687254  0.623608  0.765921  0.720353  0.749405  0.587810  0.804375  0.819840  0.683817  0.691324  0.556185  0.492608  0.763446  0.892268  0.825233  0.690794  0.680482  0.652214  0.657982  0.694075  0.665542  0.753465  0.606552  0.504089  0.597210  0.629652  0.716502  0.677686  0.673537  0.728155  0.455609  0.848065  0.738909  0.469123  0.666406  0.745821  0.660066  0.875308  0.630873  0.565030  0.570689  0.513207  0.747493  0.599035  0.779117  0.759067  0.613381  0.778935  0.628013  0.668899  0.656317  0.730640  0.723832  0.786956  0.590906  0.783514  0.626121  0.530384  0.544404  0.734926  0.734953  0.529474  0.613142  0.789293  0.579785  0.635426  0.574665  0.789541  0.773162  0.386281  0.688479  0.856517  0.651705  0.693687  0.769301  0.521119  0.759232  0.747802  0.742582  0.637702  0.713937  0.599132  0.732601  0.493848  0.736634  0.756555  0.572511  0.434470  0.368372  0.759324  0.606068  0.685422  0.719957  0.743104  0.522983  0.674119  0.737704  0.727884  0.768899  0.627218  0.721776  0.790074  0.822318  0.594069  0.271732  0.585223  0.650978  0.660737  0.778539  0.721332  0.785090  0.704811  0.684798  0.717264  0.918807  0.689497  0.745308  0.870997  0.814164  0.774854  0.746473  0.801404  0.837929  0.720424  0.849580  0.431951  0.738490 
16  0.634361  0.407829  0.456334  0.577515  0.592259  0.635161  0.745332  0.518289  0.447369  0.655193  0.580947  0.591143  0.741026  0.734608  0.712369  0.789900 0.0  0.589355  0.679776  0.709533  0.628815  0.511081  0.465251  0.641834  0.535936  0.710216  0.667779  0.502230  0.465250  0.644498  0.785233  0.767225  0.656161  0.602815  0.692377  0.519351  0.628372  0.506189  0.797906  0.519627  0.744725  0.523211  0.533987  0.643372  0.338654  0.734347  0.534644  0.784366  0.679659  0.589328  0.400942  0.606340  0.502500  0.226483  0.588668  0.598663  0.609359  0.578246  0.643287  0.505177  0.246085  0.816586  0.673944  0.691489  0.698609  0.843521  0.711746  0.432575  0.532653  0.546945  0.814948  0.610175  0.663559  0.359622  0.520502  0.719293  0.638494  0.607482  0.681017  0.757902  0.704933  0.682418  0.697138  0.768951  0.569472  0.692974  0.706564  0.710059  0.802206  0.642208  0.764898  0.482439  0.674973  0.742394  0.809235  0.738974  0.676143  0.631568  0.744554  0.861295  0.724623  0.616784  0.665718  0.643442  0.700514  0.621788  0.517339  0.730410  0.560107  0.568449  0.681787  0.687616  0.398819  0.625073  0.749926  0.672535  0.825310  0.670267  0.473382  0.674597  0.392875  0.708743  0.669854  0.876193  0.722157  0.515509  0.830856  0.779367  0.710025  0.634185  0.896541  0.576815  0.695272  0.720694  0.616620  0.635054  0.763703  0.580801  0.627643  0.738434  0.412475  0.560068  0.714626  0.697075  0.465348  0.778529  0.556085  0.519814  0.545837  0.590658  0.722919  0.753118  0.808564  0.780142  0.758690  0.874429  0.847335  0.742971  0.640260  0.732772  0.672192  0.636581  0.803148  0.783926  0.675963  0.735736  0.545216  0.590723  0.707068  0.546535  0.817465  0.756702  0.783705  0.756447  0.794682  0.798819  0.811269  0.775876  0.423791  0.574455  0.736661  0.467099  0.799457  0.486469  0.664121  0.760933  0.721367  0.770227  0.705832  0.626926  0.707898  0.816112  0.749018  0.785421  0.565262  0.651416  0.864896 
17  0.594659  0.397067  0.442626  0.650897  0.660400  0.647473  0.710789  0.436361  0.428270  0.494418  0.716948  0.376634  0.610920  0.713533  0.629513  0.655529  0.589355 0.0  0.634133  0.726044  0.726746  0.520506  0.186732  0.529683  0.661329  0.723665  0.577273  0.338327  0.577674  0.589652  0.841396  0.824920  0.790557  0.682391  0.660602  0.428295  0.686922  0.608954  0.638351  0.617379  0.647931  0.583281  0.144181  0.519668  0.548506  0.679469  0.551898  0.715966  0.636278  0.393509  0.476106  0.550789  0.598700  0.557521  0.630448  0.569291  0.545938  0.522226  0.805546  0.417840  0.547563  0.712260  0.708596  0.678946  0.662651  0.871736  0.629846  0.434364  0.448150  0.513106  0.669257  0.438265  0.578923  0.410032  0.354249  0.797970  0.602978  0.537160  0.867048  0.670039  0.750747  0.729828  0.677532  0.654300  0.643094  0.611377  0.691037  0.689863  0.691998  0.675009  0.751362  0.283415  0.670778  0.748052  0.776571  0.766756  0.676064  0.486729  0.721610  0.717428  0.760859  0.745629  0.689388  0.654470  0.529823  0.379246  0.602919  0.646069  0.546146  0.609367  0.481031  0.613447  0.390008  0.645532  0.778440  0.510828  0.823316  0.666075  0.470188  0.503875  0.417391  0.625152  0.690285  0.683646  0.668484  0.530916  0.764917  0.716696  0.692100  0.684444  0.860751  0.685292  0.690950  0.722345  0.682175  0.622351  0.791630  0.439197  0.688896  0.718817  0.416551  0.631412  0.825327  0.612044  0.643391  0.639460  0.372303  0.399821  0.572790  0.659388  0.784076  0.661547  0.841836  0.702374  0.878377  0.732005  0.728821  0.694544  0.790799  0.793004  0.593535  0.620527  0.731949  0.666022  0.761542  0.612541  0.569381  0.665939  0.693433  0.686915  0.825447  0.729380  0.877746  0.828078  0.801944  0.813262  0.780066  0.722887  0.524018  0.455420  0.655623  0.341854  0.746019  0.562088  0.718881  0.785581  0.666562  0.763357  0.682209  0.631288  0.755928  0.774484  0.763518  0.731564  0.504559  0.754110  0.707869 
18  0.429121  0.628541  0.761372  0.456505  0.538484  0.363556  0.391006  0.637727  0.718232  0.590019  0.529976  0.564923  0.859699  0.927546  0.535638  0.877238  0.679776  0.634133 0.0  0.558584  0.485432  0.688215  0.582535  0.717934  0.670952  0.739057  0.684061  0.703338  0.537911  0.601448  0.793578  0.797377  0.398472  0.655608  0.580075  0.528830  0.552762  0.556302  0.656798  0.789062  0.829953  0.639635  0.645685  0.641409  0.585853  0.522887  0.679953  0.846719  0.584102  0.791409  0.625696  0.643210  0.723511  0.725001  0.555591  0.688777  0.762944  0.616961  0.485710  0.577679  0.746500  0.803611  0.695308  0.861795  0.809112  0.763279  0.851996  0.701982  0.709211  0.579040  0.746429  0.579453  0.571468  0.718733  0.617877  0.708623  0.569503  0.578636  0.879697  0.859800  0.710314  0.807175  0.482920  0.548151  0.522729  0.793084  0.807654  0.832236  0.795462  0.735717  0.778298  0.615634  0.830426  0.748150  0.821662  0.795111  0.581005  0.717965  0.757855  0.840899  0.815656  0.584877  0.580154  0.749575  0.687052  0.688950  0.758200  0.603213  0.641104  0.674806  0.797467  0.783693  0.612486  0.783154  0.771513  0.512909  0.873860  0.719833  0.687149  0.669769  0.635842  0.529907  0.726991  0.747022  0.889258  0.705644  0.679798  0.696037  0.810986  0.567852  0.776205  0.882414  0.787873  0.653394  0.685773  0.734112  0.816413  0.678354  0.526928  0.880307  0.600240  0.589854  0.714287  0.670560  0.641707  0.757980  0.689125  0.647737  0.659065  0.903569  0.763776  0.741562  0.908119  0.786626  0.764178  0.918025  0.788424  0.780220  0.747761  0.842957  0.602564  0.837569  0.761387  0.799664  0.670786  0.791918  0.712831  0.500614  0.606381  0.434870  0.778013  0.442929  0.624424  0.736283  0.765612  0.748116  0.779654  0.837007  0.759875  0.777101  0.596065  0.670176  0.826640  0.603774  0.594682  0.712609  0.816928  0.668000  0.386692  0.569138  0.653766  0.820683  0.543979  0.891252  0.651850  0.788572  0.874162 
19  0.586095  0.785689  0.748985  0.686226  0.645005  0.569854  0.729825  0.730999  0.748121  0.752635  0.653186  0.765274  0.735873  0.819645  0.476470  0.831875  0.709533  0.726044  0.558584 0.0  0.685147  0.807783  0.756329  0.732336  0.722722  0.946402  0.885778  0.717402  0.691891  0.666901  0.950085  0.880517  0.636942  0.830499  0.544447  0.687061  0.647803  0.692524  0.345010  0.831606  0.799536  0.816111  0.819610  0.644113  0.744564  0.731605  0.708364  0.930214  0.730960  0.759664  0.647747  0.656189  0.681300  0.818232  0.621078  0.725614  0.797394  0.739156  0.637670  0.702890  0.868002  0.820523  0.709136  0.706596  0.857779  0.927593  0.749827  0.707004  0.863943  0.694944  0.836060  0.734957  0.652497  0.689300  0.734153  0.837854  0.660082  0.677984  0.835432  0.802481  0.825375  0.880176  0.489283  0.526373  0.709725  0.914422  0.779931  0.727030  0.751861  0.742161  0.856905  0.655054  0.750248  0.779922  0.766013  0.861329  0.690263  0.753204  0.971923  0.838304  0.760678  0.530008  0.569131  0.884448  0.753989  0.655250  0.696624  0.544289  0.788720  0.773001  0.684325  0.754728  0.874182  0.811972  0.784657  0.527320  0.782295  0.289111  0.766413  0.698181  0.785068  0.727166  0.748382  0.872764  0.787620  0.700364  0.831404  0.856032  0.843392  0.611134  0.938499  0.751825  0.899687  0.540797  0.770222  0.808431  0.845467  0.686164  0.572017  0.840596  0.738708  0.447267  0.787425  0.821150  0.639838  0.763981  0.724812  0.676057  0.691265  0.770584  0.777919  0.825336  0.903471  0.839362  0.885123  0.849484  0.870147  0.970899  0.807765  0.818680  0.775397  0.905184  0.797353  0.902578  0.882431  0.770080  0.670224  0.609250  0.454932  0.701304  0.834115  0.559068  0.514883  0.813425  0.889012  0.883249  0.818643  0.804436  0.777247  0.756731  0.498687  0.663106  0.737202  0.761918  0.533041  0.812689  0.739171  0.448907  0.702287  0.653678  0.585088  0.876732  0.631893  0.927090  0.716386  0.869792  0.786332 
