197
0 0.0  0.540036  0.637146  0.430933  0.584597  0.317211  0.394851  0.676420  0.618917  0.575025  0.708904  0.673150  0.769318  0.842251  0.584919  0.730005  0.644417  0.620915  0.341966  0.577556  0.661914  0.580201  0.713758  0.820923  0.532800  0.729263  0.750742  0.674414  0.603033  0.564524  0.712394  0.817798  0.416407  0.756388  0.548939  0.654271  0.500045  0.585961  0.640858  0.755418  0.777970  0.710069  0.699286  0.613023  0.672066  0.388914  0.603720  0.851445  0.483299  0.728722  0.650885  0.574612  0.658620  0.626236  0.563634  0.705566  0.758664  0.598121  0.432824  0.616764  0.595152  0.763624  0.881090  0.832318  0.822285  0.861544  0.694480  0.697826  0.649495  0.633395  0.660192  0.588315  0.536479  0.635702  0.641520  0.791205  0.626633  0.541023  0.803520  0.833351  0.781086  0.726512  0.565376  0.533780  0.546599  0.695163  0.781159  0.740819  0.841495  0.700379  0.829340  0.535864  0.856523  0.834928  0.780952  0.599711  0.621777  0.677999  0.688203  0.673443  0.812105  0.556670  0.652151  0.643338  0.630728  0.692840  0.770853  0.493947  0.603199  0.692542  0.638908  0.693064  0.645821  0.722353  0.784181  0.499558  0.745669  0.659591  0.659412  0.728987  0.688768  0.620074  0.833071  0.756700  0.878716  0.613186  0.843117  0.712840  0.636417  0.592440  0.765893  0.680244  0.760054  0.642873  0.584211  0.627111  0.781395  0.745710  0.504584  0.842842  0.704177  0.653152  0.784154  0.784422  0.640724  0.707214  0.606202  0.636731  0.620479  0.727675  0.707845  0.780254  0.820765  0.769520  0.777639  0.868566  0.801510  0.806916  0.797223  0.731591  0.780750  0.773818  0.803051  0.765572  0.724796  0.675852  0.567993  0.555301  0.582653  0.583538  0.816397  0.590695  0.652868  0.857745  0.806633  0.755642  0.763106  0.692127  0.565609  0.662211  0.566615  0.624841  0.753136  0.648376  0.632751  0.700128  0.741560  0.684830  0.576477  0.651744  0.632161  0.672685  0.570170  0.791005  0.568253  0.721246  0.715399 
1  0.540036 0.0  0.337317  0.687392  0.608916  0.793275  0.660258  0.416730  0.427443  0.537128  0.634081  0.604713  0.630992  0.725690  0.699199  0.669546  0.387619  0.447241  0.662950  0.705782  0.599785  0.431293  0.440776  0.628252  0.523972  0.607679  0.720412  0.442446  0.533149  0.614588  0.789203  0.785912  0.678421  0.571874  0.677757  0.355255  0.628396  0.580303  0.813269  0.711538  0.548922  0.449339  0.446865  0.504015  0.416394  0.601624  0.322367  0.715859  0.589181  0.432964  0.444754  0.516308  0.644434  0.605910  0.660085  0.643202  0.563624  0.242094  0.598641  0.495923  0.454250  0.784600  0.690627  0.730934  0.720703  0.774640  0.612329  0.330285  0.333448  0.372476  0.760969  0.119992  0.594941  0.468600  0.353381  0.770021  0.614814  0.642341  0.831645  0.765523  0.734960  0.697238  0.663671  0.621180  0.652017  0.640687  0.768016  0.638407  0.725310  0.679253  0.693127  0.317175  0.652862  0.655298  0.730370  0.677266  0.576797  0.704772  0.657047  0.701904  0.690920  0.701701  0.778773  0.724204  0.635145  0.513360  0.580708  0.688142  0.667579  0.681118  0.611645  0.666198  0.467040  0.631353  0.702350  0.678271  0.650187  0.848298  0.388715  0.558965  0.552049  0.591374  0.683561  0.784045  0.748521  0.484122  0.847463  0.679701  0.602640  0.681483  0.767060  0.722949  0.652915  0.779047  0.639258  0.684972  0.769982  0.290846  0.570256  0.698207  0.432600  0.720867  0.807859  0.566931  0.514110  0.639373  0.308446  0.285992  0.378483  0.717670  0.739449  0.879889  0.811752  0.814214  0.772714  0.784037  0.678683  0.814455  0.715389  0.820462  0.668171  0.615149  0.751247  0.823320  0.826283  0.645437  0.545888  0.667553  0.733945  0.650454  0.696905  0.633853  0.706709  0.796196  0.754032  0.719100  0.732946  0.769133  0.362916  0.480796  0.748831  0.534079  0.745812  0.629336  0.623346  0.780258  0.667651  0.579598  0.839470  0.524537  0.666838  0.766383  0.546877  0.860259  0.500079  0.697486  0.772088 
2  0.637146  0.337317 0.0  0.674221  0.573469  0.581784  0.575821  0.291591  0.246997  0.603185  0.733327  0.387021  0.648233  0.653510  0.742829  0.615770  0.379618  0.461725  0.710416  0.725576  0.563031  0.479826  0.406418  0.634145  0.595732  0.578521  0.738628  0.529371  0.577244  0.610927  0.812752  0.750131  0.685988  0.602814  0.555711  0.354544  0.606665  0.620178  0.758212  0.477440  0.609541  0.459761  0.520144  0.446925  0.517851  0.637501  0.520374  0.920535  0.560865  0.583204  0.287831  0.442084  0.602233  0.357018  0.549011  0.614681  0.458979  0.586137  0.642264  0.581102  0.539865  0.808464  0.661944  0.741373  0.689368  0.703691  0.698668  0.413468  0.391706  0.544551  0.778310  0.376656  0.718788  0.223723  0.508916  0.756363  0.534905  0.667154  0.672538  0.694837  0.772029  0.715300  0.631840  0.652576  0.625836  0.589250  0.658211  0.712459  0.744404  0.570992  0.641727  0.273920  0.568385  0.709023  0.658736  0.589489  0.546480  0.552731  0.593984  0.694665  0.727836  0.690414  0.775219  0.652576  0.578712  0.236579  0.406306  0.723810  0.443751  0.505319  0.693735  0.608761  0.213379  0.679285  0.766952  0.638332  0.759333  0.708924  0.234969  0.455393  0.405768  0.534849  0.702846  0.733659  0.868726  0.428378  0.806563  0.542973  0.610489  0.588044  0.744593  0.624795  0.672708  0.752322  0.662642  0.654331  0.695863  0.334569  0.604506  0.704951  0.193236  0.798049  0.787186  0.629013  0.522075  0.667724  0.364358  0.397403  0.425989  0.747162  0.729903  0.700153  0.709738  0.750010  0.634294  0.838111  0.764356  0.781581  0.652247  0.807389  0.552486  0.646208  0.728852  0.742878  0.728398  0.611305  0.517592  0.644675  0.794032  0.648817  0.683097  0.678120  0.639631  0.878120  0.612622  0.673906  0.679407  0.638729  0.384090  0.492981  0.623187  0.428687  0.813472  0.481753  0.757102  0.716528  0.717573  0.687301  0.692717  0.638178  0.583102  0.896889  0.577909  0.825547  0.400587  0.627464  0.772240 
3  0.430933  0.687392  0.674221 0.0  0.514610  0.523775  0.422103  0.541017  0.619545  0.573207  0.443345  0.700662  0.652031  0.682401  0.686834  0.772706  0.655195  0.540456  0.342490  0.688219  0.565374  0.608081  0.566724  0.695119  0.611861  0.652508  0.716798  0.571525  0.577954  0.490825  0.803297  0.828531  0.625559  0.760667  0.553511  0.522229  0.623893  0.508732  0.729803  0.673382  0.697985  0.605952  0.607586  0.571482  0.545949  0.561110  0.561735  0.870189  0.308189  0.590104  0.602872  0.510645  0.646536  0.668252  0.314286  0.679017  0.804019  0.604371  0.553062  0.408592  0.601281  0.747388  0.733308  0.663891  0.803995  0.820644  0.706321  0.480740  0.585087  0.677410  0.745384  0.561581  0.598625  0.591058  0.596733  0.721647  0.409105  0.581971  0.718341  0.822945  0.819297  0.694151  0.693148  0.522260  0.495837  0.666488  0.745487  0.581315  0.794020  0.799828  0.705974  0.661743  0.774363  0.789954  0.787772  0.715683  0.409815  0.652693  0.673351  0.778867  0.729499  0.520938  0.634879  0.719482  0.660367  0.558751  0.569367  0.632892  0.727996  0.764879  0.683945  0.716047  0.623061  0.683226  0.742186  0.488240  0.903389  0.650470  0.599073  0.731106  0.582479  0.546028  0.840778  0.694582  0.755337  0.645040  0.844494  0.623865  0.777065  0.495910  0.793324  0.717952  0.801829  0.756381  0.713099  0.805602  0.857661  0.744825  0.334499  0.702593  0.653726  0.521445  0.788996  0.634839  0.626854  0.655173  0.618723  0.567069  0.543489  0.831670  0.774003  0.778057  0.757203  0.822112  0.751337  0.778859  0.818725  0.861048  0.793154  0.772843  0.666067  0.614486  0.710082  0.787520  0.849325  0.778412  0.622982  0.535817  0.747991  0.555814  0.855366  0.470942  0.488799  0.759084  0.746874  0.813553  0.746874  0.745316  0.625822  0.637489  0.671203  0.632478  0.682909  0.764442  0.589041  0.752068  0.701438  0.708417  0.535399  0.596809  0.667727  0.767833  0.488593  0.782694  0.543164  0.799882  0.691445 
4  0.584597  0.608916  0.573469  0.514610 0.0  0.647454  0.492978  0.633447  0.621849  0.641407  0.531808  0.584999  0.648225  0.757772  0.732471  0.765866  0.634163  0.708910  0.588506  0.756186  0.270177  0.525148  0.559083  0.722097  0.475193  0.791061  0.614191  0.650075  0.503575  0.393271  0.762732  0.717552  0.595942  0.705740  0.541356  0.548222  0.388628  0.375173  0.686037  0.637768  0.667280  0.609226  0.629979  0.495079  0.621876  0.552497  0.647048  0.872853  0.391103  0.648844  0.546003  0.525228  0.732756  0.575402  0.428329  0.819417  0.702153  0.596831  0.611193  0.542090  0.566012  0.834441  0.752579  0.787843  0.705746  0.776318  0.773636  0.551750  0.573106  0.566239  0.771826  0.696780  0.512361  0.607528  0.503467  0.813871  0.386109  0.549815  0.747389  0.758693  0.794650  0.707954  0.472152  0.608649  0.347594  0.697570  0.768086  0.695293  0.673845  0.659162  0.723736  0.554467  0.679657  0.732939  0.871380  0.570152  0.418946  0.626250  0.900191  0.752225  0.744046  0.561856  0.677172  0.734723  0.691640  0.578066  0.651772  0.611313  0.586957  0.780647  0.716079  0.751023  0.675249  0.716123  0.826917  0.524485  0.738030  0.711264  0.574233  0.595521  0.644864  0.486780  0.780900  0.851139  0.693883  0.608196  0.807651  0.745717  0.776805  0.294217  0.785868  0.704897  0.791908  0.646664  0.572853  0.732200  0.705310  0.651973  0.465545  0.774397  0.588107  0.635240  0.829738  0.647606  0.573133  0.703121  0.641768  0.623784  0.572065  0.710007  0.761109  0.844398  0.692776  0.823358  0.767154  0.779244  0.814561  0.736333  0.742718  0.811847  0.675021  0.688740  0.829223  0.887590  0.801112  0.758782  0.773836  0.483630  0.563153  0.441706  0.722316  0.469474  0.721617  0.847530  0.808099  0.738483  0.718306  0.689005  0.704575  0.616814  0.578195  0.622813  0.837881  0.769219  0.623405  0.798365  0.762637  0.778339  0.523381  0.430504  0.580116  0.803817  0.389260  0.733558  0.420294  0.654754  0.779050 
5  0.317211  0.793275  0.581784  0.523775  0.647454 0.0  0.462784  0.699031  0.710359  0.670926  0.546947  0.693166  0.696807  0.776955  0.574485  0.698075  0.690283  0.653180  0.433636  0.570833  0.582767  0.661239  0.588648  0.717279  0.693794  0.744549  0.803971  0.592058  0.609923  0.481342  0.755932  0.793191  0.552782  0.765780  0.623631  0.704575  0.554844  0.584189  0.633883  0.772977  0.714699  0.676270  0.606279  0.624239  0.681927  0.216002  0.617653  0.754602  0.461644  0.539546  0.593400  0.584100  0.665725  0.680261  0.583757  0.681446  0.741877  0.675602  0.505836  0.636060  0.621675  0.792618  0.854663  0.815395  0.735960  0.840703  0.748560  0.574221  0.587680  0.553163  0.742738  0.654065  0.608056  0.622276  0.664501  0.919298  0.557066  0.632708  0.878371  0.827886  0.763508  0.807580  0.485594  0.425604  0.550354  0.720357  0.817427  0.813507  0.736227  0.751806  0.763607  0.716482  0.789196  0.784542  0.849231  0.753394  0.481285  0.626470  0.775673  0.803679  0.827650  0.411972  0.568951  0.777959  0.621074  0.685710  0.649955  0.458274  0.702608  0.753149  0.732701  0.704178  0.703173  0.653597  0.842677  0.515499  0.672852  0.632501  0.713752  0.682491  0.640479  0.574140  0.904909  0.797888  0.764884  0.730947  0.854507  0.781209  0.735791  0.516534  0.748145  0.778803  0.659290  0.642933  0.607248  0.756899  0.699481  0.672248  0.511048  0.725998  0.675897  0.678176  0.765301  0.759495  0.758503  0.647189  0.708502  0.721479  0.622341  0.794397  0.808400  0.872423  0.772551  0.882273  0.734702  0.707823  0.887329  0.741548  0.818041  0.915932  0.570881  0.709126  0.716959  0.761823  0.732421  0.760717  0.761771  0.524668  0.698869  0.491784  0.787262  0.505406  0.620240  0.875659  0.749159  0.713060  0.834798  0.807424  0.643140  0.666301  0.668186  0.604363  0.750926  0.611915  0.544519  0.915468  0.844368  0.661582  0.447693  0.542429  0.584433  0.704102  0.644694  0.739765  0.585148  0.844358  0.768910 
6  0.394851  0.660258  0.575821  0.422103  0.492978  0.462784 0.0  0.635629  0.661959  0.642979  0.545685  0.666706  0.663311  0.762068  0.583627  0.808468  0.709232  0.640572  0.281587  0.605767  0.430482  0.638507  0.707528  0.676292  0.646572  0.769772  0.819932  0.770574  0.614039  0.534982  0.786338  0.798371  0.460673  0.635469  0.579615  0.623265  0.429602  0.462322  0.583602  0.648624  0.802364  0.612081  0.676906  0.690452  0.649343  0.490207  0.640671  0.861684  0.386812  0.703192  0.677673  0.568667  0.757341  0.669388  0.505292  0.720656  0.753898  0.697359  0.569608  0.647252  0.665122  0.806120  0.807287  0.782956  0.748895  0.733075  0.698995  0.618132  0.570961  0.601726  0.638790  0.649421  0.594416  0.630739  0.618238  0.805351  0.445248  0.585876  0.825664  0.845087  0.731530  0.794122  0.498463  0.461836  0.399647  0.704395  0.751860  0.745830  0.836875  0.695326  0.721685  0.662600  0.745626  0.786938  0.827027  0.658438  0.592590  0.739080  0.767826  0.737807  0.711767  0.619271  0.640715  0.779770  0.634733  0.538620  0.694630  0.629324  0.756789  0.654531  0.763566  0.637402  0.542269  0.724248  0.797588  0.566487  0.823320  0.767341  0.626470  0.644018  0.592398  0.456051  0.656348  0.795103  0.839805  0.689428  0.829386  0.737344  0.649465  0.476513  0.823324  0.842108  0.821945  0.652699  0.725638  0.659809  0.870719  0.525792  0.605146  0.658150  0.644266  0.648391  0.793153  0.728972  0.605420  0.802713  0.579677  0.653173  0.665534  0.815226  0.782666  0.690467  0.805372  0.906333  0.806366  0.692081  0.746455  0.830152  0.798997  0.827820  0.670298  0.695006  0.862868  0.749922  0.823142  0.830217  0.689520  0.558780  0.621313  0.434062  0.798197  0.501412  0.630559  0.776861  0.606689  0.765708  0.835840  0.802646  0.601530  0.632198  0.502437  0.638026  0.878903  0.606891  0.553922  0.785105  0.715344  0.651596  0.433439  0.516298  0.693165  0.802259  0.384315  0.836264  0.467608  0.709578  0.800464 
7  0.676420  0.416730  0.291591  0.541017  0.633447  0.699031  0.635629 0.0  0.203710  0.549294  0.764698  0.473173  0.572343  0.665450  0.746304  0.766767  0.562470  0.404761  0.727651  0.814775  0.651669  0.460167  0.449980  0.685307  0.731065  0.633584  0.525908  0.401588  0.603529  0.563081  0.746315  0.905099  0.589566  0.615804  0.628894  0.471535  0.658805  0.711533  0.658031  0.608316  0.567062  0.554719  0.376340  0.577468  0.524271  0.635727  0.545200  0.872346  0.588278  0.530561  0.382950  0.580719  0.630892  0.481470  0.582992  0.541440  0.553471  0.380306  0.665198  0.599178  0.528451  0.738354  0.657427  0.673606  0.743161  0.694560  0.622722  0.315165  0.392204  0.541940  0.701194  0.420191  0.721535  0.258145  0.570299  0.733816  0.552657  0.627265  0.691663  0.712361  0.664048  0.734320  0.599799  0.625990  0.787569  0.728505  0.734055  0.726431  0.610018  0.540122  0.705298  0.423624  0.615159  0.688341  0.684350  0.504307  0.564892  0.567305  0.618418  0.732336  0.648723  0.635979  0.656347  0.684808  0.570100  0.192893  0.466206  0.668111  0.479642  0.504650  0.616857  0.606469  0.151599  0.618587  0.683207  0.656300  0.963052  0.625290  0.161997  0.468688  0.236765  0.706626  0.665531  0.754006  0.769721  0.429343  0.722552  0.753572  0.638143  0.584575  0.749456  0.644991  0.756769  0.683896  0.615620  0.616257  0.734141  0.357396  0.631397  0.663326  0.139875  0.687093  0.795051  0.626813  0.610613  0.663386  0.452859  0.376359  0.505222  0.770440  0.734073  0.761417  0.844253  0.726762  0.765698  0.652375  0.708922  0.686476  0.822636  0.779940  0.716519  0.595082  0.739996  0.681538  0.660279  0.694873  0.538993  0.621992  0.785904  0.552478  0.727810  0.709325  0.768935  0.653554  0.590765  0.747138  0.623046  0.685691  0.333697  0.315498  0.922499  0.315156  0.772499  0.563523  0.755214  0.736226  0.578782  0.704579  0.647955  0.642419  0.709039  0.736365  0.629469  0.829094  0.537834  0.637089  0.693644 
8  0.618917  0.427443  0.246997  0.619545  0.621849  0.710359  0.661959  0.203710 0.0  0.521450  0.762224  0.447819  0.645923  0.680965  0.718467  0.695504  0.497838  0.405800  0.610309  0.768640  0.620671  0.446195  0.447069  0.579836  0.601395  0.638039  0.704266  0.543152  0.521808  0.557526  0.776529  0.682178  0.628359  0.566298  0.670695  0.455682  0.608909  0.580930  0.728295  0.536938  0.604574  0.538289  0.436155  0.560123  0.491088  0.856881  0.475376  0.777392  0.632349  0.427260  0.396277  0.631347  0.654593  0.582780  0.632749  0.572878  0.511885  0.506499  0.743204  0.540354  0.356662  0.683220  0.700878  0.716402  0.762414  0.739726  0.735942  0.446919  0.373687  0.520937  0.734887  0.464038  0.618095  0.288577  0.423013  0.805114  0.528223  0.568252  0.697677  0.751325  0.774267  0.699872  0.675546  0.839059  0.624964  0.528985  0.621036  0.601970  0.717878  0.605583  0.789090  0.345102  0.672379  0.767057  0.705829  0.657359  0.579444  0.529612  0.696029  0.689572  0.725146  0.663269  0.653354  0.798636  0.592947  0.207535  0.450959  0.663926  0.478402  0.516278  0.588046  0.612874  0.158064  0.668223  0.630676  0.680105  0.711542  0.713955  0.224498  0.521858  0.413925  0.667866  0.732009  0.863090  0.868134  0.394969  0.744345  0.746998  0.588403  0.589702  0.850370  0.713480  0.719178  0.789442  0.541842  0.590528  0.765866  0.414113  0.574883  0.805727  0.269644  0.664579  0.755150  0.527510  0.417300  0.661578  0.392224  0.417481  0.484493  0.693682  0.730588  0.762502  0.785238  0.617594  0.747131  0.808663  0.720026  0.761688  0.704687  0.747320  0.623793  0.577486  0.668499  0.709958  0.721725  0.633925  0.565540  0.652539  0.666931  0.647431  0.798550  0.648533  0.688675  0.701618  0.621714  0.681465  0.671252  0.774859  0.350867  0.448461  0.587577  0.423016  0.691032  0.597599  0.742045  0.732622  0.597326  0.686874  0.643444  0.729135  0.699526  0.744126  0.602979  0.838541  0.455267  0.800785  0.740526 
9  0.575025  0.537128  0.603185  0.573207  0.641407  0.670926  0.642979  0.549294  0.521450 0.0  0.733841  0.422760  0.475964  0.647914  0.707744  0.594606  0.646301  0.579150  0.713053  0.720443  0.648871  0.594922  0.500141  0.584395  0.675522  0.477604  0.651999  0.451261  0.599882  0.740805  0.752477  0.716989  0.775847  0.570059  0.751845  0.566409  0.612669  0.692550  0.715763  0.512287  0.589443  0.540025  0.496081  0.588729  0.670296  0.684875  0.542648  0.726391  0.606360  0.304151  0.499216  0.620206  0.549018  0.600643  0.577407  0.510793  0.396587  0.531786  0.664436  0.656400  0.502596  0.689513  0.671279  0.477343  0.729290  0.694888  0.581643  0.615383  0.560938  0.531063  0.780835  0.554721  0.762928  0.550442  0.571259  0.765637  0.703466  0.715495  0.623242  0.711886  0.732352  0.657475  0.786178  0.655626  0.725987  0.536120  0.645935  0.668013  0.821670  0.516025  0.774210  0.589319  0.593380  0.652781  0.654675  0.579076  0.663855  0.473391  0.599226  0.629776  0.715234  0.759966  0.787790  0.565396  0.486296  0.439349  0.540926  0.724303  0.620541  0.444480  0.502700  0.520296  0.569846  0.587286  0.653993  0.800506  0.753089  0.733291  0.478864  0.379694  0.363715  0.630082  0.721575  0.613063  0.811041  0.540651  0.712330  0.620380  0.707108  0.622643  0.697261  0.567058  0.681730  0.631258  0.524122  0.601546  0.748750  0.484953  0.640293  0.659480  0.565341  0.675341  0.626236  0.517436  0.699799  0.584258  0.548057  0.530992  0.565405  0.690732  0.801690  0.611252  0.719908  0.754180  0.749501  0.770107  0.771390  0.636994  0.604833  0.743705  0.552444  0.544534  0.587820  0.726000  0.668317  0.627853  0.520945  0.689503  0.708264  0.554677  0.785530  0.732537  0.772208  0.809294  0.621928  0.753657  0.684636  0.648803  0.628446  0.385173  0.693320  0.448406  0.728145  0.497949  0.779644  0.716351  0.623050  0.814512  0.710499  0.746468  0.697876  0.791116  0.712598  0.699303  0.607880  0.655474  0.763437 
10  0.708904  0.634081  0.733327  0.443345  0.531808  0.546947  0.545685  0.764698  0.762224  0.733841 0.0  0.723004  0.652795  0.718074  0.643830  0.805119  0.736690  0.595087  0.577867  0.574047  0.506467  0.588634  0.711828  0.737482  0.589423  0.748589  0.768935  0.677293  0.727016  0.661233  0.804128  0.892591  0.665972  0.735859  0.491824  0.637702  0.452918  0.566975  0.562752  0.707218  0.698807  0.685204  0.758606  0.740733  0.661422  0.539457  0.694078  0.857931  0.677654  0.707620  0.645552  0.553837  0.736581  0.563175  0.632947  0.664210  0.614869  0.766390  0.572984  0.683698  0.695648  0.804758  0.772208  0.749927  0.759559  0.773248  0.710410  0.576212  0.585477  0.728660  0.864989  0.725304  0.581553  0.719282  0.717880  0.898821  0.630979  0.490296  0.871428  0.828514  0.795664  0.828487  0.511854  0.615588  0.508068  0.874338  0.821828  0.751465  0.751808  0.813429  0.758066  0.781366  0.728538  0.739181  0.848911  0.715804  0.554676  0.776918  0.741989  0.739928  0.787693  0.530268  0.551303  0.719180  0.761616  0.645098  0.834520  0.519444  0.666375  0.862746  0.737347  0.791368  0.784249  0.671948  0.772112  0.494364  0.931269  0.588627  0.752872  0.717678  0.618112  0.613567  0.821909  0.763375  0.811035  0.741355  0.662778  0.795598  0.834131  0.640789  0.869328  0.777122  0.747030  0.571702  0.704662  0.786609  0.734042  0.698437  0.638622  0.852047  0.739385  0.648078  0.782123  0.720095  0.629605  0.704233  0.649770  0.747063  0.753109  0.762974  0.734844  0.712820  0.835565  0.817593  0.819069  0.825977  0.736325  0.771613  0.834515  0.744994  0.857571  0.732311  0.848020  0.860974  0.784856  0.705679  0.783525  0.469676  0.441954  0.498806  0.905499  0.457536  0.547327  0.735169  0.733856  0.764958  0.783219  0.829367  0.693359  0.703168  0.594218  0.675310  0.777411  0.740954  0.597300  0.772270  0.827617  0.677055  0.541672  0.527112  0.482888  0.758409  0.572323  0.671393  0.610142  0.743055  0.797782 
11  0.673150  0.604713  0.387021  0.700662  0.584999  0.693166  0.666706  0.473173  0.447819  0.422760  0.723004 0.0  0.476661  0.672336  0.725309  0.770278  0.572762  0.261374  0.691961  0.741117  0.622523  0.546247  0.388817  0.648227  0.589831  0.565664  0.614365  0.390348  0.544096  0.589727  0.701632  0.645290  0.676850  0.651869  0.672476  0.440469  0.757080  0.639196  0.681031  0.583187  0.603749  0.510098  0.364956  0.632342  0.643636  0.696340  0.557838  0.794354  0.661648  0.387943  0.440705  0.571159  0.387590  0.510174  0.617565  0.485884  0.589204  0.480152  0.791201  0.536496  0.619161  0.877063  0.619918  0.799726  0.672408  0.709934  0.577489  0.573103  0.356914  0.555605  0.761976  0.499371  0.697962  0.529871  0.434385  0.741594  0.658381  0.506833  0.667273  0.815349  0.692807  0.581600  0.598027  0.654656  0.629683  0.623439  0.706117  0.686240  0.679292  0.564219  0.696285  0.515042  0.618326  0.686750  0.806695  0.586470  0.598541  0.635855  0.646987  0.498421  0.586166  0.664618  0.689152  0.633613  0.664545  0.406508  0.409871  0.776004  0.601513  0.461113  0.660674  0.645274  0.506859  0.561881  0.670831  0.673577  0.769865  0.771268  0.397526  0.430142  0.412942  0.655394  0.716443  0.815375  0.718688  0.566886  0.762394  0.685206  0.666162  0.558697  0.714656  0.628339  0.695970  0.804571  0.509944  0.732408  0.714616  0.478285  0.653690  0.740966  0.385100  0.726368  0.822924  0.736200  0.567182  0.642417  0.554741  0.451542  0.619429  0.643683  0.716497  0.674724  0.762850  0.588725  0.763768  0.704162  0.773396  0.743584  0.620535  0.814938  0.675266  0.623456  0.864633  0.792562  0.610240  0.713440  0.597173  0.678558  0.727741  0.617862  0.760430  0.639218  0.583782  0.736120  0.854382  0.723327  0.635089  0.682654  0.548104  0.345128  0.731529  0.287152  0.737411  0.523897  0.751493  0.752592  0.664733  0.769983  0.733524  0.527858  0.797711  0.775691  0.545998  0.721224  0.487722  0.758797  0.754466 
12  0.769318  0.630992  0.648233  0.652031  0.648225  0.696807  0.663311  0.572343  0.645923  0.475964  0.652795  0.476661 0.0  0.659547  0.784509  0.611801  0.651583  0.577052  0.717272  0.783286  0.802866  0.604443  0.512656  0.489609  0.633517  0.379692  0.567174  0.523352  0.619152  0.739854  0.592078  0.788458  0.686751  0.554972  0.607489  0.615737  0.691848  0.624660  0.749037  0.536727  0.542112  0.587913  0.626246  0.715792  0.696812  0.715972  0.670055  0.690698  0.717340  0.566926  0.668138  0.690990  0.690222  0.648527  0.669032  0.513658  0.594358  0.625209  0.821446  0.772790  0.618761  0.638985  0.654645  0.613402  0.612014  0.650059  0.526414  0.685800  0.664869  0.628254  0.733416  0.629810  0.751916  0.659685  0.674250  0.736319  0.705356  0.806489  0.661150  0.835030  0.690756  0.626872  0.655769  0.739329  0.659858  0.538150  0.656103  0.691204  0.747527  0.685354  0.588778  0.628065  0.612688  0.619001  0.668380  0.420227  0.792718  0.537100  0.587191  0.617514  0.574722  0.783405  0.852802  0.519014  0.401721  0.644647  0.552427  0.734185  0.522229  0.527551  0.422653  0.515901  0.513377  0.509532  0.696055  0.756456  0.720711  0.796650  0.547879  0.489184  0.577727  0.634755  0.647243  0.698094  0.783955  0.662527  0.686105  0.571265  0.503528  0.662048  0.697287  0.517189  0.635462  0.769057  0.509278  0.590905  0.590103  0.662687  0.743579  0.661138  0.559998  0.863384  0.670533  0.501533  0.550809  0.546548  0.587589  0.674293  0.601932  0.648419  0.614307  0.735372  0.608153  0.731983  0.695859  0.842618  0.793798  0.665306  0.646842  0.838876  0.454788  0.590337  0.707639  0.589099  0.676303  0.590442  0.708674  0.751516  0.809841  0.716370  0.800400  0.581321  0.759331  0.729594  0.560863  0.685527  0.562796  0.770542  0.675274  0.619517  0.672898  0.548305  0.614906  0.571467  0.775352  0.663228  0.624165  0.776816  0.737664  0.795471  0.746814  0.771689  0.749189  0.725765  0.718591  0.604599  0.685756 
13  0.842251  0.725690  0.653510  0.682401  0.757772  0.776955  0.762068  0.665450  0.680965  0.647914  0.718074  0.672336  0.659547 0.0  0.735517  0.426594  0.742003  0.635569  0.756486  0.719817  0.764542  0.743713  0.767875  0.665236  0.690600  0.686624  0.555641  0.709112  0.758262  0.730252  0.599366  0.719508  0.809841  0.702907  0.716327  0.730359  0.754080  0.669907  0.869744  0.679291  0.543566  0.667795  0.728429  0.709698  0.716041  0.703068  0.694919  0.725000  0.806436  0.638013  0.606067  0.719081  0.755994  0.731800  0.836741  0.582303  0.588441  0.655670  0.818249  0.691970  0.764329  0.690422  0.457573  0.494215  0.627706  0.579816  0.662552  0.739595  0.723569  0.807259  0.648885  0.737232  0.662771  0.599196  0.717274  0.648628  0.728953  0.712872  0.665162  0.568404  0.608740  0.514504  0.850943  0.827453  0.730265  0.642381  0.619534  0.647977  0.770597  0.816059  0.605078  0.791903  0.458876  0.514022  0.632680  0.560345  0.778964  0.602673  0.670268  0.810647  0.394200  0.725351  0.841096  0.418090  0.647328  0.713415  0.686472  0.750128  0.684506  0.600441  0.761412  0.508070  0.684774  0.544527  0.650444  0.830208  0.660261  0.771558  0.649167  0.716052  0.648914  0.809723  0.578139  0.601970  0.722607  0.693366  0.693234  0.449221  0.510496  0.685044  0.728368  0.488284  0.692721  0.832131  0.678233  0.653902  0.560029  0.675643  0.815191  0.537044  0.701175  0.827505  0.668831  0.662673  0.645221  0.535840  0.656569  0.693529  0.624328  0.577428  0.663614  0.551312  0.717856  0.565571  0.544722  0.707365  0.652668  0.483340  0.542934  0.820926  0.541809  0.626839  0.563922  0.667027  0.536096  0.477500  0.652480  0.733583  0.828400  0.731762  0.723427  0.709707  0.866960  0.548292  0.364738  0.572437  0.647147  0.528184  0.587838  0.563186  0.826299  0.696468  0.639547  0.670844  0.712679  0.754555  0.679450  0.726041  0.803809  0.834446  0.833195  0.836324  0.808640  0.777275  0.645605  0.456421  0.787410 
14  0.584919  0.699199  0.742829  0.686834  0.732471  0.574485  0.583627  0.746304  0.718467  0.707744  0.643830  0.725309  0.784509  0.735517 0.0  0.779573  0.694104  0.721839  0.637049  0.450416  0.688562  0.694280  0.749914  0.744651  0.682246  0.779947  0.816580  0.624675  0.734323  0.602876  0.765639  0.781317  0.539277  0.699839  0.674556  0.742111  0.637344  0.578296  0.419582  0.668310  0.831155  0.691428  0.703129  0.778798  0.809330  0.596066  0.697342  0.913337  0.689921  0.743838  0.776539  0.603458  0.657810  0.673336  0.680475  0.738896  0.750695  0.632764  0.475234  0.592091  0.775103  0.655192  0.778798  0.762604  0.734628  0.743689  0.680956  0.720553  0.693965  0.762473  0.887714  0.759755  0.628887  0.730401  0.687585  0.830766  0.582452  0.598888  0.812162  0.798820  0.747802  0.852960  0.694606  0.567482  0.684217  0.715625  0.826397  0.809383  0.758585  0.775782  0.764726  0.739685  0.785268  0.748833  0.771766  0.788922  0.752140  0.762456  0.847671  0.786014  0.744370  0.509403  0.471941  0.646239  0.829254  0.786443  0.778019  0.522465  0.718877  0.805564  0.716563  0.774130  0.665721  0.803916  0.727835  0.552546  0.877173  0.469363  0.656134  0.755791  0.770264  0.613607  0.772987  0.886332  0.853019  0.802792  0.780144  0.797039  0.719777  0.633055  0.730924  0.739749  0.806603  0.606662  0.843910  0.800032  0.843099  0.693926  0.790985  0.824441  0.681023  0.466134  0.818287  0.766987  0.657739  0.737685  0.676884  0.672465  0.687764  0.824633  0.855338  0.768387  0.890093  0.855955  0.766869  0.859064  0.869554  0.883122  0.846006  0.775440  0.756464  0.684689  0.774387  0.894805  0.843390  0.727375  0.771012  0.569071  0.539513  0.493052  0.811890  0.577466  0.295654  0.863929  0.850235  0.804838  0.752488  0.877338  0.785443  0.765837  0.462374  0.769007  0.861647  0.744510  0.597476  0.823058  0.820379  0.662537  0.627216  0.702560  0.616684  0.940192  0.558507  0.829861  0.660412  0.749546  0.925947 
15  0.730005  0.669546  0.615770  0.772706  0.765866  0.698075  0.808468  0.766767  0.695504  0.594606  0.805119  0.770278  0.611801  0.426594  0.779573 0.0  0.756229  0.721498  0.777892  0.748271  0.684786  0.697541  0.760599  0.759019  0.694829  0.588790  0.556167  0.636650  0.782947  0.788866  0.615976  0.708168  0.869589  0.675105  0.870384  0.756100  0.713237  0.725064  0.872783  0.708721  0.506614  0.759380  0.823305  0.889383  0.674131  0.803488  0.669209  0.662300  0.720144  0.644379  0.736572  0.677781  0.709231  0.707612  0.752321  0.702695  0.656222  0.777919  0.775336  0.867000  0.636520  0.632402  0.599025  0.529071  0.620155  0.535115  0.636017  0.826644  0.644267  0.780843  0.665793  0.785488  0.750575  0.591554  0.801358  0.521681  0.792521  0.756510  0.657094  0.682044  0.575883  0.523524  0.732879  0.785889  0.764599  0.627222  0.617848  0.670562  0.718843  0.714757  0.518594  0.689612  0.503779  0.521610  0.617600  0.665816  0.793785  0.485725  0.608814  0.573922  0.471259  0.798137  0.771284  0.507455  0.671800  0.682011  0.718802  0.742294  0.649869  0.690727  0.746441  0.670979  0.708577  0.591780  0.696662  0.957018  0.740463  0.797712  0.652446  0.724416  0.625540  0.781833  0.567428  0.608128  0.744212  0.612918  0.593871  0.324823  0.634862  0.746910  0.712223  0.630917  0.791319  0.838590  0.649872  0.606816  0.624904  0.676113  0.705178  0.467692  0.699992  0.742219  0.674266  0.686753  0.736262  0.599211  0.706555  0.560883  0.612366  0.718753  0.576588  0.637919  0.665408  0.603967  0.622171  0.727522  0.601773  0.438830  0.380712  0.806812  0.591745  0.712439  0.672318  0.528306  0.556169  0.709444  0.727425  0.855877  0.801543  0.816703  0.755318  0.853338  0.791391  0.708247  0.295684  0.619327  0.571070  0.533434  0.791310  0.614546  0.732333  0.559947  0.674254  0.700078  0.863571  0.831284  0.569774  0.688244  0.723529  0.835097  0.742585  0.694412  0.862796  0.798676  0.748160  0.577650  0.857181 
16  0.644417  0.387619  0.379618  0.655195  0.634163  0.690283  0.709232  0.562470  0.497838  0.646301  0.736690  0.572762  0.651583  0.742003  0.694104  0.756229 0.0  0.473652  0.610267  0.810920  0.595242  0.565982  0.667187  0.759805  0.593083  0.681284  0.787394  0.573964  0.594093  0.595920  0.712728  0.674038  0.654201  0.625428  0.659063  0.634991  0.657346  0.573862  0.708565  0.565565  0.703881  0.469145  0.529552  0.358403  0.472172  0.727088  0.449447  0.731787  0.676014  0.486341  0.335964  0.579140  0.514837  0.289383  0.608246  0.699225  0.579416  0.507835  0.682345  0.531860  0.266586  0.751228  0.758894  0.729022  0.772285  0.682926  0.719222  0.533212  0.397033  0.538254  0.773937  0.465320  0.569450  0.394988  0.474936  0.836654  0.687552  0.500199  0.849342  0.797703  0.704932  0.711583  0.616044  0.696418  0.579075  0.627904  0.626250  0.656244  0.804245  0.703215  0.740848  0.587936  0.706557  0.701604  0.814541  0.619407  0.512399  0.623882  0.761987  0.658613  0.764323  0.607280  0.664310  0.648958  0.588340  0.438027  0.549270  0.702036  0.539953  0.664476  0.642184  0.684914  0.443900  0.696440  0.720475  0.642071  0.815272  0.712197  0.541289  0.679839  0.398090  0.695891  0.628315  0.830674  0.843671  0.473237  0.777789  0.732966  0.695730  0.544162  0.852642  0.684750  0.690888  0.719384  0.774644  0.709968  0.741277  0.595519  0.572669  0.702317  0.535178  0.676474  0.742958  0.654698  0.441341  0.671291  0.508903  0.490359  0.478295  0.688662  0.598746  0.739024  0.711361  0.768653  0.735280  0.819801  0.772446  0.729408  0.662458  0.825409  0.640233  0.591660  0.868062  0.844076  0.689923  0.727422  0.534730  0.701896  0.626350  0.648373  0.745163  0.647143  0.730143  0.811011  0.708527  0.693176  0.690759  0.686263  0.448284  0.666422  0.637564  0.601995  0.808556  0.575834  0.760690  0.871669  0.615985  0.740666  0.610854  0.568421  0.680012  0.764402  0.578021  0.827183  0.545401  0.738578  0.726464 
17  0.620915  0.447241  0.461725  0.540456  0.708910  0.653180  0.640572  0.404761  0.405800  0.579150  0.595087  0.261374  0.577052  0.635569  0.721839  0.721498  0.473652 0.0  0.685547  0.756537  0.547948  0.531523  0.157109  0.629881  0.610905  0.598391  0.607137  0.314042  0.557477  0.655697  0.726733  0.721551  0.732742  0.608423  0.675536  0.419643  0.620115  0.738568  0.786011  0.621877  0.626146  0.517053  0.105507  0.599544  0.537695  0.643698  0.461081  0.729023  0.624230  0.478619  0.454011  0.549315  0.641540  0.494737  0.546731  0.610685  0.521409  0.386855  0.716060  0.599539  0.557973  0.786958  0.708148  0.678561  0.760074  0.833202  0.508070  0.424617  0.381330  0.387320  0.735182  0.368023  0.598804  0.458976  0.478717  0.796164  0.653992  0.657186  0.716850  0.740791  0.779595  0.750913  0.708039  0.711154  0.563222  0.677412  0.747736  0.608699  0.767035  0.633096  0.670064  0.247452  0.662902  0.637226  0.751801  0.607110  0.577120  0.725492  0.699744  0.686814  0.679055  0.603485  0.646968  0.703660  0.564225  0.485979  0.565902  0.603063  0.607313  0.525673  0.621213  0.717476  0.435670  0.647676  0.649938  0.597352  0.733171  0.693851  0.369364  0.526264  0.451671  0.625459  0.726721  0.775799  0.689703  0.533406  0.786833  0.610191  0.625665  0.580154  0.785295  0.686507  0.700715  0.754372  0.598102  0.583306  0.750888  0.402442  0.570125  0.756541  0.442096  0.703118  0.678914  0.659630  0.541357  0.640492  0.439903  0.281502  0.529491  0.689954  0.716690  0.773998  0.792159  0.723973  0.761683  0.757961  0.702569  0.766422  0.652512  0.878950  0.590885  0.388131  0.753964  0.848609  0.722877  0.613169  0.508734  0.721788  0.690798  0.757666  0.738017  0.633778  0.788768  0.759875  0.700140  0.770835  0.571110  0.757353  0.511520  0.523591  0.705085  0.317469  0.705074  0.637675  0.700067  0.777199  0.583306  0.709598  0.662065  0.642464  0.753609  0.727436  0.601904  0.769284  0.567214  0.769967  0.723705 
18  0.341966  0.662950  0.710416  0.342490  0.588506  0.433636  0.281587  0.727651  0.610309  0.713053  0.577867  0.691961  0.717272  0.756486  0.637049  0.777892  0.610267  0.685547 0.0  0.760630  0.483428  0.625484  0.637851  0.816990  0.641953  0.757431  0.698405  0.591099  0.619832  0.545724  0.908050  0.825542  0.489485  0.781646  0.660630  0.559758  0.690979  0.566166  0.605893  0.687237  0.767713  0.732011  0.740711  0.503246  0.703716  0.346576  0.562690  0.811255  0.517839  0.633539  0.734880  0.553425  0.663548  0.542173  0.427021  0.748518  0.675322  0.563146  0.554753  0.623811  0.731368  0.822390  0.758021  0.649770  0.798817  0.752211  0.785329  0.556007  0.696811  0.617131  0.800022  0.625044  0.615010  0.752479  0.623909  0.838101  0.559255  0.582817  0.789546  0.750985  0.775053  0.795233  0.432133  0.549461  0.511628  0.753453  0.788135  0.716095  0.813683  0.712766  0.705541  0.770291  0.718153  0.779567  0.871017  0.733688  0.561757  0.761507  0.743688  0.766459  0.663145  0.523031  0.555490  0.728994  0.693915  0.650640  0.748847  0.542259  0.662027  0.711984  0.681287  0.809066  0.585171  0.748610  0.798878  0.521422  0.818150  0.603391  0.629872  0.629465  0.592190  0.580920  0.779663  0.714638  0.812496  0.657794  0.771968  0.741485  0.693083  0.589819  0.767177  0.727661  0.729291  0.688460  0.676915  0.761683  0.856730  0.614111  0.474351  0.754639  0.691049  0.674290  0.834261  0.677960  0.596542  0.747555  0.757665  0.656606  0.618460  0.747441  0.792868  0.779539  0.904108  0.821985  0.845491  0.844971  0.826619  0.751475  0.763511  0.815763  0.719700  0.688451  0.856427  0.786839  0.805930  0.784268  0.745017  0.502790  0.584343  0.538721  0.762934  0.553886  0.606897  0.905494  0.815757  0.831277  0.788040  0.827741  0.687536  0.669861  0.619248  0.636223  0.823431  0.749161  0.581728  0.706249  0.767931  0.682446  0.441251  0.581932  0.591585  0.877409  0.462754  0.836281  0.452821  0.765877  0.831503 
19  0.577556  0.705782  0.725576  0.688219  0.756186  0.570833  0.605767  0.814775  0.768640  0.720443  0.574047  0.741117  0.783286  0.719817  0.450416  0.748271  0.810920  0.756537  0.760630 0.0  0.717688  0.690139  0.652699  0.753553  0.581884  0.813975  0.781620  0.682431  0.787284  0.608779  0.834803  0.891530  0.603702  0.715765  0.571369  0.638470  0.656720  0.681799  0.367048  0.844045  0.851788  0.694965  0.741650  0.773443  0.677683  0.482471  0.740421  0.820044  0.680733  0.780212  0.756940  0.745381  0.737353  0.646276  0.560905  0.728386  0.832342  0.754660  0.613066  0.611163  0.669017  0.813806  0.744372  0.760771  0.751680  0.790022  0.776319  0.562428  0.838532  0.625203  0.824038  0.729016  0.721430  0.809174  0.743400  0.734736  0.717992  0.739466  0.926894  0.790216  0.943168  0.771420  0.682442  0.563423  0.583881  0.855727  0.721932  0.720638  0.751065  0.755561  0.742215  0.709157  0.790150  0.797638  0.901205  0.739683  0.652172  0.828437  0.737236  0.859675  0.881175  0.589232  0.479946  0.820812  0.682559  0.779922  0.809878  0.569917  0.759133  0.824706  0.751273  0.795671  0.697901  0.730662  0.788223  0.555778  0.799008  0.260226  0.679454  0.653322  0.818991  0.719097  0.842382  0.773370  0.815482  0.793291  0.892868  0.852044  0.756933  0.644209  0.813896  0.890570  0.750954  0.483945  0.660721  0.714500  0.822363  0.763062  0.652891  0.778521  0.706649  0.414107  0.829118  0.729922  0.733902  0.853189  0.659520  0.781250  0.846679  0.794316  0.807328  0.823956  0.821511  0.735212  0.962495  0.907292  0.796033  0.755803  0.844753  0.824871  0.823496  0.835466  0.828449  0.840647  0.819857  0.767908  0.712257  0.731623  0.598595  0.537770  0.858712  0.607016  0.495500  0.869917  0.706963  0.770828  0.750639  0.794276  0.693738  0.772914  0.389087  0.676444  0.949082  0.777682  0.530092  0.790210  0.889304  0.380556  0.556388  0.701917  0.595386  0.835733  0.648779  0.877869  0.654840  0.749309  0.903176 
