99
0 0.0  0.423147  0.534156  0.489654  0.539211  0.479500  0.772365  0.539175  0.385798  0.557886  0.608167  0.684834  0.483366  0.456416  0.789999  0.433813  0.507328  0.495072  0.497334  0.610938  0.546583  0.470999  0.487519  0.457740  0.445186  0.549472  0.513194  0.494465  0.563764  0.528845  0.528124  0.436074  0.513906  0.509391  0.442953  0.503196  0.360299  0.500725  0.705701  0.431397  0.433948  0.435266  0.449945  0.443381  0.698256  0.717224  0.555231  0.575220  0.429558  0.490302  0.602566  0.381436  0.544060  0.418447  0.703823  0.491252  0.600730  0.485076  0.452369  0.776476  0.705015  0.413359  0.557754  0.454488  0.547189  0.632770  0.647516  0.435978  0.437005  0.618127  0.533305  0.640717  0.510760  0.482141  0.598267  0.473209  0.673856  0.426120  0.484679  0.550576  0.646401  0.539607  0.556376  0.521976  0.568124  0.478859  0.530095  0.508724  0.797251  0.549220  0.510719  0.516346  0.529246  0.519110  0.491341  0.581278  0.474922  0.691049  0.458589 
1  0.423147 0.0  0.490304  0.432210  0.520363  0.492162  0.779165  0.558430  0.399563  0.574255  0.528752  0.719496  0.442932  0.350215  0.826871  0.407553  0.329215  0.471742  0.380785  0.627157  0.415281  0.301081  0.456176  0.361529  0.542635  0.385914  0.306463  0.299866  0.560139  0.655049  0.483957  0.292705  0.419782  0.690772  0.329886  0.291571  0.381173  0.597522  0.827682  0.383451  0.612225  0.325235  0.382351  0.512369  0.715415  0.803908  0.473621  0.454132  0.412957  0.474119  0.783949  0.560922  0.449482  0.516974  0.895136  0.344515  0.591660  0.597933  0.601019  0.799945  0.825000  0.269756  0.603471  0.490836  0.325992  0.675134  0.516916  0.435440  0.479881  0.504314  0.354408  0.764570  0.536363  0.385077  0.670392  0.545479  0.791985  0.545073  0.335353  0.633541  0.780094  0.435049  0.704211  0.675442  0.419721  0.360238  0.328213  0.470620  0.768975  0.473414  0.397523  0.437275  0.599625  0.572241  0.477394  0.310742  0.703654  0.677243  0.595738 
2  0.534156  0.490304 0.0  0.520583  0.512917  0.540912  0.819577  0.504240  0.297034  0.581062  0.462722  0.553325  0.494073  0.406194  0.919538  0.627551  0.481760  0.694014  0.501672  0.611874  0.434603  0.347408  0.486307  0.559780  0.755176  0.421125  0.395063  0.448636  0.600860  0.497063  0.524481  0.374816  0.391015  0.695430  0.474325  0.406099  0.286524  0.662340  0.782425  0.409664  0.449486  0.335035  0.432768  0.495888  0.685239  0.953947  0.528211  0.284638  0.599784  0.388440  0.604241  0.470565  0.717667  0.455002  0.859971  0.369423  0.636664  0.663762  0.592386  0.941334  0.908712  0.451285  0.530654  0.579089  0.392178  0.761776  0.618091  0.415396  0.259128  0.376587  0.379334  0.710079  0.295155  0.580377  0.530556  0.591055  0.838853  0.491231  0.420273  0.652611  0.790442  0.459138  0.533193  0.649824  0.525529  0.433730  0.531585  0.436450  0.838230  0.606485  0.406562  0.384347  0.666108  0.575028  0.451717  0.379290  0.575689  0.684311  0.740362 
3  0.489654  0.432210  0.520583 0.0  0.237008  0.477705  0.914636  0.567611  0.392224  0.470416  0.603018  0.687345  0.307229  0.487240  0.651949  0.444311  0.357961  0.546539  0.590758  0.463587  0.583689  0.512100  0.485897  0.598361  0.409108  0.527664  0.447093  0.264842  0.643811  0.460181  0.401962  0.462842  0.537919  0.630842  0.501445  0.493159  0.408563  0.543579  0.767919  0.373643  0.438808  0.453700  0.348038  0.469941  0.661754  0.619160  0.547102  0.501171  0.467094  0.488405  0.592406  0.272853  0.589609  0.363722  0.617451  0.475811  0.551482  0.477354  0.416198  0.731354  0.742596  0.481585  0.471964  0.455047  0.574669  0.597715  0.666615  0.446590  0.239141  0.453148  0.488870  0.492515  0.510811  0.420797  0.783962  0.376502  0.663298  0.573133  0.596639  0.482478  0.606570  0.311505  0.554069  0.619429  0.305215  0.519135  0.434830  0.467410  0.786328  0.514264  0.439463  0.500121  0.640628  0.470110  0.393800  0.461920  0.513663  0.626422  0.353470 
4  0.539211  0.520363  0.512917  0.237008 0.0  0.387709  0.858492  0.557314  0.479306  0.599134  0.642935  0.691617  0.261050  0.531603  0.813119  0.464589  0.359394  0.489328  0.573782  0.558796  0.595186  0.493742  0.434314  0.456074  0.385508  0.443762  0.497846  0.472538  0.517383  0.562977  0.283404  0.521788  0.522029  0.620166  0.456353  0.478959  0.439525  0.441540  0.708589  0.438151  0.490085  0.480284  0.473696  0.346470  0.562429  0.783529  0.546886  0.514442  0.468498  0.569829  0.606188  0.246433  0.531176  0.453516  0.647160  0.528894  0.684707  0.436895  0.295356  0.675871  0.663258  0.493862  0.606497  0.454769  0.500593  0.596432  0.637195  0.466146  0.400512  0.614155  0.534751  0.592585  0.520235  0.430806  0.793504  0.426902  0.641885  0.446136  0.449468  0.460610  0.686284  0.543816  0.595682  0.560231  0.279528  0.538042  0.452447  0.435841  0.706084  0.458619  0.483402  0.492389  0.426813  0.509337  0.474952  0.480837  0.502397  0.606275  0.418285 
5  0.479500  0.492162  0.540912  0.477705  0.387709 0.0  0.791343  0.578093  0.322876  0.470417  0.531523  0.670037  0.360888  0.524229  0.783966  0.452014  0.348826  0.470374  0.520789  0.564410  0.482871  0.454501  0.481071  0.482325  0.512353  0.477020  0.273854  0.336810  0.519253  0.511247  0.327989  0.339324  0.396975  0.584353  0.379414  0.300856  0.486548  0.539628  0.769838  0.538938  0.489904  0.401679  0.391558  0.280676  0.579852  0.710029  0.474821  0.451352  0.549929  0.480727  0.781533  0.383351  0.561048  0.387807  0.758347  0.431928  0.576184  0.410086  0.436731  0.759440  0.699348  0.414217  0.566332  0.621472  0.411675  0.601047  0.897307  0.395130  0.250741  0.482238  0.472334  0.566844  0.521423  0.367659  0.816968  0.543780  0.748112  0.681982  0.615074  0.439349  0.746974  0.376918  0.695705  0.538597  0.328734  0.417054  0.520257  0.485405  0.840306  0.531734  0.507157  0.472868  0.407252  0.503254  0.499908  0.483060  0.578887  0.557085  0.569442 
6  0.772365  0.779165  0.819577  0.914636  0.858492  0.791343 0.0  0.783889  0.941328  0.696773  0.817528  0.836439  0.875954  0.848820  0.711967  0.914383  0.827618  0.788869  0.807748  0.766604  0.844078  0.792177  0.910783  0.895899  0.796876  0.827026  0.865417  0.900056  0.882584  0.806868  0.730407  0.653068  0.849095  0.732455  0.839136  0.915015  0.748742  0.712136  0.636866  0.746089  0.870347  0.803369  0.806548  0.838105  0.772271  0.352118  0.810654  0.755968  0.782190  0.800311  0.766147  0.710338  0.886347  0.812314  0.413319  0.803012  0.761208  0.945341  0.771070  0.571454  0.416436  0.826355  0.820997  0.774484  0.900618  0.598473  0.903218  0.860196  0.684131  0.908778  0.924464  0.781692  0.802159  0.806380  0.707594  0.877924  0.482804  0.796728  0.877142  0.800905  0.703842  0.847852  0.806941  0.806534  0.802825  0.820238  0.783608  0.881972  0.376184  0.684021  0.850131  0.991055  0.846427  0.768089  0.630781  0.824131  0.705833  0.774097  0.803495 
7  0.539175  0.558430  0.504240  0.567611  0.557314  0.578093  0.783889 0.0  0.514592  0.595222  0.453338  0.678543  0.587913  0.570836  0.881450  0.438768  0.512689  0.650816  0.533758  0.588072  0.435308  0.630621  0.585887  0.659669  0.662279  0.623397  0.631693  0.546225  0.573355  0.715509  0.630513  0.491674  0.515964  0.654170  0.617207  0.589502  0.509843  0.559451  0.870901  0.436242  0.266136  0.680865  0.586140  0.522762  0.747126  0.756691  0.454442  0.635239  0.595411  0.631162  0.620497  0.469108  0.678133  0.725893  0.930849  0.590377  0.784900  0.520541  0.516003  0.771050  0.775710  0.610182  0.641855  0.546687  0.713462  0.658252  0.625449  0.656174  0.520632  0.557244  0.597741  0.569881  0.493224  0.588458  0.624554  0.527500  0.684797  0.621621  0.619511  0.598874  0.759455  0.688127  0.450209  0.590441  0.526620  0.681864  0.561453  0.590420  0.929769  0.632098  0.610023  0.586857  0.656701  0.508848  0.688315  0.643055  0.639391  0.400613  0.697815 
8  0.385798  0.399563  0.297034  0.392224  0.479306  0.322876  0.941328  0.514592 0.0  0.407422  0.564854  0.714127  0.441065  0.388603  0.687424  0.495114  0.365571  0.450908  0.407950  0.627423  0.434899  0.406233  0.390981  0.430703  0.542172  0.400092  0.464623  0.347378  0.493263  0.491007  0.304941  0.401489  0.490870  0.660924  0.521704  0.518788  0.302683  0.592171  0.770845  0.463767  0.534686  0.486401  0.423461  0.496041  0.670463  0.826293  0.425783  0.448987  0.480290  0.457582  0.622042  0.368928  0.526652  0.294390  0.817701  0.488696  0.630913  0.613218  0.452847  0.735821  0.697130  0.447466  0.526054  0.605132  0.388545  0.591104  0.524663  0.375883  0.500419  0.366080  0.373387  0.696685  0.547543  0.398839  0.619095  0.524332  0.765819  0.534607  0.413841  0.554195  0.678890  0.401353  0.461517  0.589339  0.311004  0.497588  0.339628  0.483002  0.661990  0.571662  0.420062  0.513724  0.555920  0.596866  0.402216  0.372791  0.609151  0.527875  0.475481 
9  0.557886  0.574255  0.581062  0.470416  0.599134  0.470417  0.696773  0.595222  0.407422 0.0  0.574330  0.765882  0.610876  0.545090  0.794163  0.512241  0.502489  0.575481  0.576073  0.600716  0.567542  0.509905  0.557666  0.515687  0.501002  0.586019  0.564003  0.494969  0.368869  0.535855  0.525539  0.458784  0.527730  0.372299  0.519672  0.485159  0.456403  0.469099  0.665656  0.686650  0.615524  0.483112  0.446021  0.708201  0.677874  0.803202  0.748643  0.547239  0.406381  0.575595  0.653967  0.554357  0.304396  0.455310  0.724350  0.518060  0.539853  0.505625  0.589820  0.745479  0.814599  0.699258  0.478095  0.509116  0.592508  0.553021  0.597409  0.448901  0.565544  0.579084  0.589352  0.530884  0.593533  0.498549  0.634185  0.666273  0.793023  0.560051  0.480837  0.498204  0.563932  0.623716  0.510055  0.387235  0.509735  0.507586  0.510057  0.713765  0.750499  0.662406  0.588249  0.428181  0.616890  0.494080  0.656256  0.406320  0.472846  0.684370  0.496483 
10  0.608167  0.528752  0.462722  0.603018  0.642935  0.531523  0.817528  0.453338  0.564854  0.574330 0.0  0.720264  0.618583  0.652089  0.863409  0.467595  0.546705  0.603433  0.480738  0.637984  0.456791  0.587116  0.626192  0.592948  0.530972  0.666178  0.511212  0.613161  0.575883  0.579167  0.758705  0.690295  0.488102  0.537733  0.542257  0.649590  0.543802  0.708644  0.908387  0.499675  0.427267  0.502013  0.579546  0.559977  0.866644  0.987241  0.486981  0.495577  0.537151  0.525355  0.720111  0.603736  0.622153  0.509427  0.871892  0.571099  0.663691  0.530445  0.369057  0.812170  0.897045  0.512168  0.649768  0.532159  0.634049  0.731967  0.654589  0.464824  0.641069  0.447095  0.544161  0.722620  0.379895  0.549720  0.627715  0.557089  0.796593  0.578922  0.517248  0.651685  0.755391  0.500973  0.381759  0.629803  0.589083  0.501496  0.448813  0.547343  0.782472  0.584733  0.409939  0.486345  0.636984  0.680402  0.409255  0.501999  0.580776  0.565695  0.595207 
11  0.684834  0.719496  0.553325  0.687345  0.691617  0.670037  0.836439  0.678543  0.714127  0.765882  0.720264 0.0  0.673195  0.648579  0.964849  0.560564  0.623152  0.486648  0.582268  0.697027  0.496879  0.721584  0.621316  0.645504  0.581390  0.727129  0.770130  0.681512  0.658596  0.503106  0.584202  0.711310  0.654363  0.679463  0.686042  0.719267  0.840336  0.549282  0.909189  0.534666  0.628330  0.692081  0.829064  0.554462  0.739397  0.852397  0.625692  0.530309  0.516331  0.553470  0.253467  0.672749  0.562318  0.688154  0.847327  0.666325  0.422362  0.692418  0.670277  0.849071  0.780295  0.666182  0.555691  0.589980  0.591636  0.716319  0.422686  0.723234  0.665954  0.568627  0.618214  0.573284  0.599782  0.688389  0.340253  0.661654  0.919795  0.583984  0.690685  0.529787  0.657914  0.506117  0.554494  0.689807  0.718888  0.663803  0.674670  0.517027  0.968857  0.527907  0.538776  0.653632  0.449303  0.646432  0.685543  0.547658  0.535946  0.638321  0.571843 
12  0.483366  0.442932  0.494073  0.307229  0.261050  0.360888  0.875954  0.587913  0.441065  0.610876  0.618583  0.673195 0.0  0.399534  0.663496  0.453870  0.290805  0.578990  0.474731  0.509501  0.477628  0.464088  0.410283  0.521780  0.488258  0.556725  0.418156  0.362880  0.475091  0.556163  0.366048  0.308489  0.423153  0.514293  0.435562  0.467831  0.359212  0.456385  0.625269  0.390450  0.618550  0.511921  0.414965  0.415877  0.611388  0.675462  0.451237  0.470586  0.568971  0.498337  0.645377  0.288779  0.672976  0.449015  0.646294  0.467426  0.595937  0.569687  0.512527  0.667913  0.826143  0.359844  0.543815  0.565057  0.456880  0.703229  0.650736  0.463181  0.422535  0.536637  0.422604  0.578537  0.565843  0.446371  0.684436  0.522936  0.664986  0.445955  0.304278  0.549072  0.677747  0.317605  0.660151  0.419707  0.373537  0.393628  0.438676  0.333716  0.796816  0.422534  0.495509  0.395198  0.452691  0.609242  0.491340  0.488884  0.562307  0.573232  0.541251 
13  0.456416  0.350215  0.406194  0.487240  0.531603  0.524229  0.848820  0.570836  0.388603  0.545090  0.652089  0.648579  0.399534 0.0  0.721765  0.390851  0.372177  0.482339  0.442354  0.621761  0.423693  0.380006  0.452259  0.519844  0.502137  0.365758  0.346680  0.396713  0.607034  0.525219  0.415580  0.379731  0.407337  0.593814  0.441732  0.416259  0.416281  0.594278  0.803884  0.586669  0.655198  0.447774  0.350740  0.342065  0.693741  0.878465  0.413077  0.408710  0.556487  0.411936  0.715638  0.486612  0.615744  0.401078  0.753135  0.344349  0.573570  0.608355  0.551790  0.805486  0.725648  0.257017  0.530483  0.555963  0.324460  0.675855  0.647963  0.349122  0.517333  0.359085  0.317129  0.693458  0.345606  0.385529  0.604159  0.497264  0.799012  0.461896  0.444489  0.590799  0.753995  0.328923  0.474892  0.546561  0.441809  0.311225  0.437281  0.537624  0.751417  0.620849  0.481563  0.419703  0.484292  0.680999  0.193177  0.266717  0.691598  0.672502  0.605525 
14  0.789999  0.826871  0.919538  0.651949  0.813119  0.783966  0.711967  0.881450  0.687424  0.794163  0.863409  0.964849  0.663496  0.721765 0.0  0.778585  0.643183  0.753975  0.907794  0.734901  0.744326  0.664364  0.845116  0.834225  0.801531  0.780960  0.700809  0.836882  0.824581  0.855064  0.747071  0.883565  0.816398  0.762106  0.780619  0.865534  0.753178  0.741125  0.657626  0.749290  0.789417  0.823214  0.811625  0.745115  0.326828  0.645561  0.799880  0.887069  0.690558  0.853411  0.924202  0.733065  0.728781  0.938635  0.797684  0.831961  0.824640  0.695277  0.668990  0.650507  0.668343  0.763332  0.728387  0.773680  0.672282  0.689436  0.748063  0.759621  0.747006  0.901504  0.702577  0.735127  0.688822  0.820597  0.835066  0.775720  0.637497  0.749848  0.831374  0.726917  0.754471  0.655678  0.861927  0.766752  0.678786  0.885291  0.760095  0.764060  0.682657  0.700949  0.774433  0.825370  0.716592  0.679361  0.784734  0.676507  0.729521  0.877367  0.676827 
15  0.433813  0.407553  0.627551  0.444311  0.464589  0.452014  0.914383  0.438768  0.495114  0.512241  0.467595  0.560564  0.453870  0.390851  0.778585 0.0  0.484007  0.528674  0.524228  0.575593  0.639242  0.512821  0.515006  0.434479  0.423987  0.487123  0.550716  0.547817  0.558493  0.578326  0.510131  0.364972  0.472474  0.587062  0.458301  0.550360  0.459368  0.612100  0.860184  0.543119  0.483417  0.492426  0.369231  0.500838  0.604904  0.806128  0.558839  0.538730  0.422221  0.526989  0.651251  0.450637  0.502438  0.425743  0.759238  0.456838  0.514281  0.477873  0.608859  0.814009  0.856370  0.560602  0.541970  0.546012  0.609849  0.561092  0.602285  0.414683  0.414699  0.508511  0.541330  0.631967  0.508815  0.456073  0.632657  0.409886  0.931679  0.455336  0.398233  0.575684  0.602099  0.493646  0.384944  0.554675  0.471819  0.473564  0.484201  0.462182  0.728965  0.427444  0.512508  0.488207  0.543204  0.648677  0.464942  0.466905  0.689415  0.652196  0.439227 
16  0.507328  0.329215  0.481760  0.357961  0.359394  0.348826  0.827618  0.512689  0.365571  0.502489  0.546705  0.623152  0.290805  0.372177  0.643183  0.484007 0.0  0.549897  0.448775  0.468801  0.438572  0.358078  0.354294  0.477775  0.527672  0.495444  0.423364  0.434286  0.617804  0.537266  0.453038  0.418038  0.415781  0.663316  0.448183  0.423320  0.363072  0.543918  0.693651  0.426906  0.735410  0.305009  0.395670  0.463357  0.658086  0.662996  0.620129  0.435879  0.519171  0.464690  0.636473  0.502866  0.558195  0.406840  0.907716  0.341129  0.609847  0.461110  0.555634  0.791588  0.828747  0.362397  0.653382  0.636534  0.287251  0.665763  0.683742  0.374192  0.465655  0.371408  0.299367  0.574349  0.389474  0.395050  0.662636  0.551203  0.909208  0.507276  0.357043  0.630752  0.635374  0.407821  0.631751  0.592056  0.429504  0.328277  0.476594  0.530466  0.701398  0.647945  0.428780  0.388352  0.583437  0.681217  0.308888  0.414284  0.669444  0.705852  0.468923 
17  0.495072  0.471742  0.694014  0.546539  0.489328  0.470374  0.788869  0.650816  0.450908  0.575481  0.603433  0.486648  0.578990  0.482339  0.753975  0.528674  0.549897 0.0  0.502203  0.465784  0.671865  0.635912  0.436755  0.485791  0.367368  0.521200  0.625091  0.606245  0.407126  0.500823  0.485850  0.470352  0.529832  0.438953  0.518223  0.626764  0.412397  0.453159  0.653800  0.557521  0.581075  0.500552  0.457324  0.565179  0.759197  0.618742  0.548096  0.585940  0.418235  0.595428  0.517627  0.512542  0.470143  0.366227  0.727429  0.474570  0.579610  0.441641  0.547544  0.704309  0.636713  0.514555  0.416259  0.430163  0.411991  0.480867  0.498076  0.540386  0.567869  0.565194  0.496472  0.529371  0.591228  0.543314  0.500826  0.452085  0.734026  0.316827  0.522195  0.639900  0.496814  0.490202  0.630832  0.439177  0.411542  0.488759  0.560809  0.582652  0.708817  0.415512  0.582049  0.475514  0.493136  0.522458  0.496316  0.470891  0.485563  0.631138  0.454977 
18  0.497334  0.380785  0.501672  0.590758  0.573782  0.520789  0.807748  0.533758  0.407950  0.576073  0.480738  0.582268  0.474731  0.442354  0.907794  0.524228  0.448775  0.502203 0.0  0.581252  0.408980  0.376894  0.373894  0.450948  0.561217  0.489787  0.387606  0.571875  0.554568  0.604111  0.565570  0.430432  0.463485  0.643142  0.335638  0.449922  0.591304  0.661130  0.755824  0.479080  0.574882  0.439200  0.432368  0.406668  0.709796  0.856706  0.491708  0.382665  0.519511  0.336660  0.764613  0.501783  0.710040  0.538211  0.816763  0.489111  0.704084  0.585941  0.580698  0.875416  0.901575  0.437205  0.619006  0.549820  0.385119  0.687447  0.620290  0.447049  0.542564  0.439728  0.415806  0.600527  0.330971  0.436362  0.589541  0.615455  0.845167  0.571560  0.325993  0.641425  0.590597  0.406394  0.480726  0.557455  0.484320  0.242879  0.503081  0.508761  0.858368  0.671843  0.548346  0.340280  0.649021  0.654589  0.416105  0.358363  0.532110  0.603322  0.628446 
19  0.610938  0.627157  0.611874  0.463587  0.558796  0.564410  0.766604  0.588072  0.627423  0.600716  0.637984  0.697027  0.509501  0.621761  0.734901  0.575593  0.468801  0.465784  0.581252 0.0  0.626301  0.723281  0.530130  0.579685  0.475181  0.735141  0.640649  0.600480  0.477720  0.451578  0.602576  0.628736  0.558612  0.536077  0.672180  0.530388  0.521753  0.288369  0.671542  0.522885  0.565677  0.641703  0.584135  0.435223  0.778185  0.642747  0.722670  0.749976  0.621091  0.644447  0.583129  0.447880  0.631896  0.550224  0.776250  0.707698  0.449879  0.470119  0.478939  0.665055  0.708958  0.577337  0.469806  0.219232  0.499806  0.773875  0.708595  0.478511  0.564146  0.688887  0.617497  0.368440  0.592097  0.733660  0.617916  0.454530  0.661714  0.509385  0.650243  0.511110  0.624565  0.414281  0.558691  0.563143  0.550477  0.622016  0.569492  0.590302  0.726504  0.463638  0.680293  0.653241  0.514172  0.289609  0.678117  0.583100  0.237940  0.566360  0.532564 
20  0.546583  0.415281  0.434603  0.583689  0.595186  0.482871  0.844078  0.435308  0.434899  0.567542  0.456791  0.496879  0.477628  0.423693  0.744326  0.639242  0.438572  0.671865  0.408980  0.626301 0.0  0.483133  0.470823  0.525976  0.650934  0.426007  0.452523  0.308865  0.617516  0.629915  0.446343  0.340780  0.425299  0.615822  0.477799  0.415076  0.385479  0.622046  0.863313  0.481026  0.542013  0.356655  0.376225  0.458716  0.780126  0.841744  0.469111  0.391063  0.476947  0.410124  0.471213  0.583576  0.671230  0.479766  0.761230  0.435939  0.675496  0.673506  0.610980  0.787653  1.000000  0.347735  0.645720  0.585346  0.449450  0.755992  0.622678  0.429246  0.473880  0.362178  0.438379  0.656029  0.450472  0.440692  0.515837  0.630529  0.876578  0.558244  0.487297  0.624488  0.822276  0.428249  0.541728  0.519905  0.518579  0.405518  0.425337  0.369407  0.793303  0.626290  0.409181  0.436255  0.568954  0.646749  0.401679  0.380317  0.752191  0.633475  0.586615 
21  0.470999  0.301081  0.347408  0.512100  0.493742  0.454501  0.792177  0.630621  0.406233  0.509905  0.587116  0.721584  0.464088  0.380006  0.664364  0.512821  0.358078  0.635912  0.376894  0.723281  0.483133 0.0  0.444664  0.424431  0.497166  0.320340  0.313163  0.388044  0.611530  0.482368  0.434969  0.317723  0.332518  0.693999  0.377540  0.338555  0.373959  0.636530  0.850990  0.475342  0.483434  0.458220  0.334170  0.353072  0.677013  0.739564  0.455360  0.428352  0.532588  0.587103  0.844737  0.620337  0.525556  0.416044  0.763605  0.370979  0.560620  0.709364  0.493106  0.667906  0.821887  0.330116  0.603899  0.624115  0.369672  0.670596  0.700373  0.425250  0.450864  0.277699  0.329948  0.696725  0.399935  0.357608  0.756626  0.383239  0.802564  0.481373  0.332647  0.671443  0.753905  0.472597  0.675732  0.590345  0.502181  0.341427  0.355003  0.498833  0.776964  0.663827  0.440150  0.287598  0.626084  0.751144  0.316518  0.326270  0.594048  0.725983  0.612431 
22  0.487519  0.456176  0.486307  0.485897  0.434314  0.481071  0.910783  0.585887  0.390981  0.557666  0.626192  0.621316  0.410283  0.452259  0.845116  0.515006  0.354294  0.436755  0.373894  0.530130  0.470823  0.444664 0.0  0.501791  0.430379  0.477040  0.392418  0.429196  0.448834  0.557836  0.345124  0.406858  0.409572  0.467301  0.382407  0.388039  0.454660  0.585845  0.794846  0.381521  0.550764  0.451738  0.365360  0.405371  0.744678  0.831703  0.568658  0.378348  0.404051  0.344027  0.637786  0.522701  0.582635  0.242296  0.791304  0.412315  0.505600  0.576853  0.580351  0.819829  0.821934  0.421786  0.565836  0.563492  0.504224  0.488560  0.562190  0.359056  0.319885  0.641428  0.413837  0.670115  0.471320  0.535165  0.520516  0.587805  0.792438  0.434493  0.396723  0.626249  0.545810  0.413889  0.579749  0.503771  0.515465  0.485117  0.351591  0.483141  0.789125  0.649460  0.385192  0.420998  0.574041  0.562432  0.368763  0.446389  0.686712  0.724138  0.373880 
23  0.457740  0.361529  0.559780  0.598361  0.456074  0.482325  0.895899  0.659669  0.430703  0.515687  0.592948  0.645504  0.521780  0.519844  0.834225  0.434479  0.477775  0.485791  0.450948  0.579685  0.525976  0.424431  0.501791 0.0  0.569902  0.448048  0.388006  0.348751  0.615389  0.499336  0.391145  0.377745  0.351642  0.446283  0.369479  0.363168  0.384272  0.588464  0.753982  0.499456  0.601932  0.360007  0.324443  0.523842  0.811028  0.762722  0.461418  0.408302  0.605534  0.476877  0.697538  0.510156  0.521116  0.482789  0.905386  0.469134  0.592346  0.605028  0.604566  0.877906  0.763047  0.329719  0.636561  0.571785  0.445137  0.776920  0.682847  0.392616  0.386109  0.352725  0.535566  0.701649  0.510094  0.292139  0.701408  0.531414  0.831920  0.482054  0.279507  0.536278  0.736184  0.475555  0.620823  0.616514  0.440592  0.432836  0.290796  0.499198  0.934504  0.543530  0.488899  0.265246  0.617350  0.720230  0.414931  0.470012  0.615239  0.604894  0.537589 
24  0.445186  0.542635  0.755176  0.409108  0.385508  0.512353  0.796876  0.662279  0.542172  0.501002  0.530972  0.581390  0.488258  0.502137  0.801531  0.423987  0.527672  0.367368  0.561217  0.475181  0.650934  0.497166  0.430379  0.569902 0.0  0.565820  0.485779  0.339588  0.478201  0.562055  0.437952  0.476953  0.522261  0.496593  0.412488  0.478004  0.380202  0.538600  0.818046  0.571595  0.481801  0.484163  0.449010  0.471457  0.599576  0.751549  0.568274  0.635135  0.413023  0.510173  0.565541  0.339713  0.578559  0.514673  0.862192  0.550397  0.468022  0.402046  0.464077  0.737116  0.770670  0.503654  0.453515  0.528077  0.346865  0.502171  0.527785  0.484138  0.558192  0.547945  0.526670  0.605486  0.435421  0.497743  0.643040  0.310842  0.878157  0.559370  0.544133  0.424175  0.596817  0.430697  0.680563  0.445120  0.540487  0.395304  0.399052  0.522653  0.729289  0.462025  0.519273  0.512911  0.542513  0.609551  0.586655  0.455924  0.563920  0.802940  0.450859 
25  0.549472  0.385914  0.421125  0.527664  0.443762  0.477020  0.827026  0.623397  0.400092  0.586019  0.666178  0.727129  0.556725  0.365758  0.780960  0.487123  0.495444  0.521200  0.489787  0.735141  0.426007  0.320340  0.477040  0.448048  0.565820 0.0  0.377974  0.380699  0.616636  0.581425  0.412927  0.235936  0.390053  0.663888  0.229502  0.303144  0.356053  0.681950  0.787787  0.617786  0.565393  0.444097  0.272457  0.405356  0.820695  0.827197  0.544898  0.375884  0.558185  0.603060  0.804782  0.574167  0.432536  0.338981  0.869120  0.429537  0.656637  0.716356  0.555037  0.757282  0.887040  0.365198  0.509328  0.527093  0.336167  0.701381  0.687727  0.451471  0.419615  0.259753  0.374971  0.681470  0.391165  0.386093  0.709122  0.550787  0.684190  0.427474  0.320150  0.593633  0.709481  0.407492  0.632581  0.498018  0.455973  0.407226  0.385586  0.392267  0.761662  0.615023  0.570805  0.470132  0.602149  0.632055  0.361194  0.336407  0.696495  0.710217  0.507183 
26  0.513194  0.306463  0.395063  0.447093  0.497846  0.273854  0.865417  0.631693  0.464623  0.564003  0.511212  0.770130  0.418156  0.346680  0.700809  0.550716  0.423364  0.625091  0.387606  0.640649  0.452523  0.313163  0.392418  0.388006  0.485779  0.377974 0.0  0.461734  0.589231  0.472930  0.485354  0.330278  0.470089  0.676182  0.445289  0.378413  0.500295  0.623340  0.901839  0.558324  0.627794  0.291500  0.418761  0.415051  0.802802  0.860591  0.544457  0.398751  0.468933  0.433299  0.769711  0.476818  0.615349  0.455281  0.878204  0.366452  0.668450  0.637667  0.633804  0.836814  0.831931  0.386457  0.678233  0.672796  0.366428  0.660563  0.685264  0.357851  0.485446  0.342872  0.377537  0.757523  0.500973  0.440741  0.608998  0.433636  0.934899  0.498250  0.349768  0.557601  0.804007  0.423856  0.556467  0.614960  0.563704  0.350517  0.355546  0.401467  0.919259  0.503127  0.548684  0.497165  0.437004  0.656753  0.314493  0.326605  0.614404  0.533210  0.428954 
27  0.494465  0.299866  0.448636  0.264842  0.472538  0.336810  0.900056  0.546225  0.347378  0.494969  0.613161  0.681512  0.362880  0.396713  0.836882  0.547817  0.434286  0.606245  0.571875  0.600480  0.308865  0.388044  0.429196  0.348751  0.339588  0.380699  0.461734 0.0  0.628870  0.504393  0.382920  0.373735  0.499383  0.635420  0.424291  0.345464  0.364795  0.558408  0.757185  0.465790  0.646113  0.423631  0.337649  0.452703  0.668244  0.766612  0.501429  0.490524  0.495848  0.622283  0.717001  0.524177  0.556613  0.397208  0.783057  0.296647  0.538122  0.565852  0.604585  0.711878  0.788894  0.388439  0.549303  0.617436  0.478114  0.650648  0.714507  0.304033  0.450787  0.427282  0.476198  0.654446  0.396343  0.354275  0.744633  0.520098  0.749259  0.486880  0.382716  0.449460  0.641444  0.333815  0.694349  0.561693  0.428359  0.357802  0.373197  0.413838  0.720304  0.553531  0.391453  0.421518  0.511421  0.669365  0.260501  0.454930  0.740188  0.719057  0.639629 
28  0.563764  0.560139  0.600860  0.643811  0.517383  0.519253  0.882584  0.573355  0.493263  0.368869  0.575883  0.658596  0.475091  0.607034  0.824581  0.558493  0.617804  0.407126  0.554568  0.477720  0.617516  0.611530  0.448834  0.615389  0.478201  0.616636  0.589231  0.628870 0.0  0.572453  0.431487  0.546912  0.553557  0.362506  0.572456  0.568931  0.614992  0.498971  0.769536  0.610119  0.797387  0.515897  0.572807  0.618842  0.695184  0.771256  0.531146  0.655777  0.442315  0.611098  0.623510  0.532294  0.270316  0.385288  0.697478  0.604524  0.568846  0.348985  0.638658  0.805530  0.628981  0.514618  0.536421  0.452607  0.466173  0.679079  0.728468  0.628382  0.453946  0.620908  0.690608  0.530770  0.633554  0.483188  0.560827  0.616381  0.717663  0.570016  0.579090  0.564598  0.603290  0.563863  0.666918  0.362279  0.656394  0.590801  0.509508  0.640496  0.690434  0.462941  0.623497  0.525407  0.532468  0.510368  0.520903  0.612322  0.606920  0.547814  0.460702 
29  0.528845  0.655049  0.497063  0.460181  0.562977  0.511247  0.806868  0.715509  0.491007  0.535855  0.579167  0.503106  0.556163  0.525219  0.855064  0.578326  0.537266  0.500823  0.604111  0.451578  0.629915  0.482368  0.557836  0.499336  0.562055  0.581425  0.472930  0.504393  0.572453 0.0  0.527471  0.418780  0.559067  0.542304  0.473408  0.543767  0.551179  0.402633  0.787474  0.631785  0.594789  0.602481  0.586090  0.512488  0.777161  0.803322  0.484052  0.544545  0.399954  0.545662  0.410377  0.648795  0.686698  0.522391  0.741208  0.577266  0.416977  0.462032  0.489504  0.821160  0.654451  0.549258  0.352864  0.665788  0.619884  0.681616  0.497698  0.553812  0.404104  0.494033  0.506722  0.535365  0.534695  0.540910  0.450416  0.497851  0.865429  0.552523  0.574839  0.428224  0.583030  0.382462  0.640358  0.639756  0.477108  0.527077  0.394648  0.422031  0.742694  0.424935  0.510770  0.545438  0.354427  0.556043  0.514474  0.429701  0.594032  0.608536  0.577532 
30  0.528124  0.483957  0.524481  0.401962  0.283404  0.327989  0.730407  0.630513  0.304941  0.525539  0.758705  0.584202  0.366048  0.415580  0.747071  0.510131  0.453038  0.485850  0.565570  0.602576  0.446343  0.434969  0.345124  0.391145  0.437952  0.412927  0.485354  0.382920  0.431487  0.527471 0.0  0.331112  0.498518  0.462575  0.466657  0.554620  0.326652  0.618079  0.805365  0.514484  0.522451  0.514287  0.340227  0.476286  0.781337  0.795817  0.561012  0.521101  0.430728  0.410712  0.575800  0.374274  0.433150  0.328455  0.722389  0.588039  0.453332  0.596216  0.509203  0.729793  0.764076  0.488170  0.521498  0.610627  0.361361  0.632372  0.631356  0.430636  0.478192  0.554345  0.489182  0.750508  0.571447  0.508677  0.557619  0.454760  0.823600  0.351169  0.372166  0.546164  0.587724  0.415079  0.612852  0.455077  0.326789  0.479573  0.601041  0.484905  0.772135  0.571566  0.612160  0.526072  0.538089  0.578466  0.488624  0.376959  0.685328  0.694407  0.412969 
31  0.436074  0.292705  0.374816  0.462842  0.521788  0.339324  0.653068  0.491674  0.401489  0.458784  0.690295  0.711310  0.308489  0.379731  0.883565  0.364972  0.418038  0.470352  0.430432  0.628736  0.340780  0.317723  0.406858  0.377745  0.476953  0.235936  0.330278  0.373735  0.546912  0.418780  0.331112 0.0  0.397587  0.605450  0.246033  0.291536  0.341228  0.564885  0.715257  0.509255  0.626525  0.442770  0.283751  0.415307  0.768672  0.896282  0.601056  0.453165  0.558347  0.391039  0.827269  0.436348  0.522000  0.407842  0.944240  0.478317  0.758821  0.536464  0.621133  0.780793  0.792296  0.369951  0.544278  0.538870  0.435584  0.480159  0.601063  0.379258  0.444901  0.352077  0.384195  0.662773  0.409993  0.258487  0.689104  0.443200  0.914499  0.568712  0.350862  0.600852  0.740096  0.339548  0.590021  0.436991  0.298069  0.451731  0.518824  0.560685  0.740555  0.653529  0.259384  0.274927  0.554199  0.760438  0.352145  0.341846  0.623408  0.673616  0.483758 
32  0.513906  0.419782  0.391015  0.537919  0.522029  0.396975  0.849095  0.515964  0.490870  0.527730  0.488102  0.654363  0.423153  0.407337  0.816398  0.472474  0.415781  0.529832  0.463485  0.558612  0.425299  0.332518  0.409572  0.351642  0.522261  0.390053  0.470089  0.499383  0.553557  0.559067  0.498518  0.397587 0.0  0.625469  0.397786  0.398571  0.414615  0.603617  0.843980  0.491436  0.583661  0.398370  0.337228  0.386979  0.685296  0.801146  0.418390  0.297196  0.399839  0.589440  0.826047  0.549023  0.502357  0.430631  0.949166  0.146598  0.621881  0.540810  0.650917  0.908129  0.775817  0.292715  0.642667  0.659845  0.445970  0.666288  0.648408  0.457864  0.474802  0.423533  0.437211  0.621719  0.589793  0.277385  0.713169  0.441227  0.914257  0.563751  0.389780  0.575364  0.615407  0.331971  0.669867  0.597048  0.367705  0.398026  0.417611  0.585031  0.793747  0.628675  0.546612  0.297535  0.620189  0.648992  0.494078  0.396530  0.635464  0.772947  0.502678 
33  0.509391  0.690772  0.695430  0.630842  0.620166  0.584353  0.732455  0.654170  0.660924  0.372299  0.537733  0.679463  0.514293  0.593814  0.762106  0.587062  0.663316  0.438953  0.643142  0.536077  0.615822  0.693999  0.467301  0.446283  0.496593  0.663888  0.676182  0.635420  0.362506  0.542304  0.462575  0.605450  0.625469 0.0  0.651655  0.581962  0.467116  0.494529  0.712108  0.610690  0.680890  0.623188  0.591794  0.637971  0.660405  0.731096  0.759881  0.647880  0.388886  0.648713  0.676099  0.621857  0.327285  0.423013  0.745918  0.523550  0.487270  0.406378  0.584894  0.746689  0.764433  0.749883  0.525591  0.520122  0.467000  0.548276  0.609389  0.585690  0.565091  0.667990  0.561407  0.552495  0.545926  0.615843  0.656408  0.458609  0.861920  0.482825  0.571688  0.588737  0.608413  0.636997  0.719106  0.256820  0.521042  0.560682  0.563203  0.647508  0.723027  0.630178  0.708124  0.694694  0.543859  0.538573  0.481223  0.505254  0.531129  0.571912  0.491763 
34  0.442953  0.329886  0.474325  0.501445  0.456353  0.379414  0.839136  0.617207  0.521704  0.519672  0.542257  0.686042  0.435562  0.441732  0.780619  0.458301  0.448183  0.518223  0.335638  0.672180  0.477799  0.377540  0.382407  0.369479  0.412488  0.229502  0.445289  0.424291  0.572456  0.473408  0.466657  0.246033  0.397786  0.651655 0.0  0.331694  0.405985  0.632603  0.803840  0.383655  0.723352  0.346169  0.337026  0.440093  0.741736  0.862368  0.405741  0.383469  0.520829  0.527250  0.771555  0.503449  0.522198  0.545664  0.840295  0.306438  0.644019  0.717938  0.503696  0.852994  0.854707  0.334594  0.562341  0.523064  0.457027  0.540925  0.706990  0.369735  0.394771  0.425029  0.456390  0.782101  0.501036  0.362714  0.651617  0.499100  0.846765  0.468834  0.251240  0.557389  0.703416  0.446691  0.585459  0.541290  0.614245  0.482543  0.309055  0.447229  0.827725  0.615834  0.541775  0.414403  0.439463  0.702438  0.334722  0.429766  0.690123  0.846256  0.566641 
35  0.503196  0.291571  0.406099  0.493159  0.478959  0.300856  0.915015  0.589502  0.518788  0.485159  0.649590  0.719267  0.467831  0.416259  0.865534  0.550360  0.423320  0.626764  0.449922  0.530388  0.415076  0.338555  0.388039  0.363168  0.478004  0.303144  0.378413  0.345464  0.568931  0.543767  0.554620  0.291536  0.398571  0.581962  0.331694 0.0  0.420151  0.491792  0.690157  0.508186  0.686620  0.410873  0.397953  0.506189  0.766889  0.878865  0.491029  0.509720  0.587317  0.548576  0.769003  0.470594  0.682848  0.573669  0.815205  0.278198  0.645148  0.592777  0.586659  0.795386  0.686788  0.347873  0.607274  0.591151  0.404014  0.615937  0.656872  0.498173  0.500680  0.283033  0.363511  0.658982  0.499736  0.320647  0.716674  0.562919  0.753558  0.510497  0.262788  0.524039  0.702842  0.351099  0.682986  0.755752  0.462631  0.409082  0.441195  0.448874  0.705774  0.644504  0.447565  0.344792  0.547694  0.609175  0.442089  0.367655  0.614719  0.642926  0.405670 
36  0.360299  0.381173  0.286524  0.408563  0.439525  0.486548  0.748742  0.509843  0.302683  0.456403  0.543802  0.840336  0.359212  0.416281  0.753178  0.459368  0.363072  0.412397  0.591304  0.521753  0.385479  0.373959  0.454660  0.384272  0.380202  0.356053  0.500295  0.364795  0.614992  0.551179  0.326652  0.341228  0.414615  0.467116  0.405985  0.420151 0.0  0.595858  0.748619  0.509819  0.750395  0.327767  0.568392  0.361801  0.649573  0.778599  0.623864  0.361070  0.447349  0.546377  0.596491  0.369030  0.519518  0.383328  0.908003  0.360266  0.581850  0.520908  0.569580  0.757504  0.771648  0.440225  0.539303  0.411103  0.468870  0.608032  0.566131  0.402397  0.410942  0.461771  0.469710  0.637200  0.340791  0.356827  0.614792  0.495568  0.761290  0.517035  0.358146  0.551962  0.674440  0.486832  0.625580  0.718576  0.347258  0.361091  0.388650  0.562336  0.658818  0.561806  0.397436  0.258282  0.532158  0.740203  0.368340  0.438691  0.721675  0.628251  0.533458 
37  0.500725  0.597522  0.662340  0.543579  0.441540  0.539628  0.712136  0.559451  0.592171  0.469099  0.708644  0.549282  0.456385  0.594278  0.741125  0.612100  0.543918  0.453159  0.661130  0.288369  0.622046  0.636530  0.585845  0.588464  0.538600  0.681950  0.623340  0.558408  0.498971  0.402633  0.618079  0.564885  0.603617  0.494529  0.632603  0.491792  0.595858 0.0  0.719814  0.485739  0.725916  0.533234  0.600484  0.524760  0.591533  0.769742  0.570995  0.648099  0.490639  0.655600  0.717941  0.540064  0.590033  0.611181  0.667805  0.631814  0.486829  0.459342  0.462732  0.629886  0.618203  0.530024  0.546674  0.275545  0.493302  0.687772  0.593778  0.572504  0.509305  0.657854  0.525333  0.490857  0.661958  0.638142  0.549032  0.585712  0.723141  0.547590  0.638641  0.450619  0.561605  0.588378  0.713240  0.458000  0.560163  0.670729  0.580634  0.586594  0.600521  0.456143  0.631340  0.606352  0.520280  0.345112  0.518293  0.497088  0.398074  0.561137  0.596206 
38  0.705701  0.827682  0.782425  0.767919  0.708589  0.769838  0.636866  0.870901  0.770845  0.665656  0.908387  0.909189  0.625269  0.803884  0.657626  0.860184  0.693651  0.653800  0.755824  0.671542  0.863313  0.850990  0.794846  0.753982  0.818046  0.787787  0.901839  0.757185  0.769536  0.787474  0.805365  0.715257  0.843980  0.712108  0.803840  0.690157  0.748619  0.719814 0.0  0.814274  0.770200  0.782052  0.829690  0.684374  0.703521  0.470499  0.750611  0.710626  0.734016  0.839401  0.870622  0.601758  0.655942  0.744140  0.547005  0.791983  0.920900  0.735606  0.792650  0.358910  0.539142  0.865070  0.697985  0.692157  0.723141  0.608223  0.804636  0.869161  0.616113  0.869371  0.745393  0.838753  0.874252  0.760558  0.906021  0.764816  0.525999  0.767166  0.860606  0.698291  0.789394  0.821976  0.866655  0.754501  0.636955  0.778511  0.780229  0.809602  0.539522  0.767485  0.910890  0.723827  0.684666  0.813169  0.855342  0.771549  0.764580  0.764593  0.791091 
39  0.431397  0.383451  0.409664  0.373643  0.438151  0.538938  0.746089  0.436242  0.463767  0.686650  0.499675  0.534666  0.390450  0.586669  0.749290  0.543119  0.426906  0.557521  0.479080  0.522885  0.481026  0.475342  0.381521  0.499456  0.571595  0.617786  0.558324  0.465790  0.610119  0.631785  0.514484  0.509255  0.491436  0.610690  0.383655  0.508186  0.509819  0.485739  0.814274 0.0  0.486999  0.436032  0.400540  0.366608  0.618955  0.693091  0.557324  0.585389  0.607529  0.378529  0.567299  0.424455  0.675493  0.433271  0.810775  0.453948  0.631174  0.471887  0.519858  0.788307  0.823177  0.504974  0.620328  0.535049  0.518996  0.669268  0.578258  0.357399  0.481862  0.432193  0.517027  0.602649  0.449134  0.393747  0.574189  0.705933  0.792431  0.446027  0.514346  0.566747  0.715897  0.549592  0.563637  0.538061  0.382441  0.482299  0.432814  0.420259  0.875221  0.590672  0.344153  0.534671  0.559038  0.556035  0.412096  0.447374  0.579591  0.497212  0.579945 
