99
0 0.0  0.439909  0.462365  0.456994  0.356595  0.697586  0.302227  0.462812  0.616225  0.593081  0.516812  0.370959  0.797516  0.473474  0.482866  0.556440  0.505322  0.604832  0.548140  0.487166  0.622560  0.580679  0.492424  0.457514  0.438389  0.492456  0.558881  0.579991  0.572837  0.505738  0.629247  0.598266  0.480061  0.435618  0.839732  0.750381  0.662466  0.597302  0.524470  0.510997  0.398531  0.850786  0.503704  0.756341  0.603137  0.418346  0.794838  0.739987  0.648951  0.688683  0.580982  0.378485  0.778831  0.645591  0.889092  0.528753  0.467600  0.840472  0.737295  0.520050  0.821003  0.371411  0.616997  0.483484  0.664817  0.628015  0.788760  0.423335  0.791156  0.406579  0.353019  0.486181  0.338852  0.515371  0.426218  0.458150  0.459189  0.674427  0.480155  0.579249  0.452604  0.378388  0.455590  0.534307  0.541339  0.510926  0.350247  0.534368  0.825876  0.507929  0.707122  0.514856  0.414667  0.708737  0.514231  0.490169  0.683524  0.395900  0.475866 
1  0.439909 0.0  0.234813  0.455218  0.488756  0.604213  0.296194  0.527849  0.592660  0.550938  0.559494  0.311503  0.839934  0.599511  0.426245  0.455908  0.549781  0.530186  0.667275  0.424521  0.550513  0.563225  0.513673  0.553519  0.364821  0.342459  0.810098  0.606903  0.374087  0.389815  0.633707  0.623682  0.415807  0.399308  0.809118  0.514445  0.764521  0.556356  0.441590  0.310269  0.396479  0.887215  0.619738  0.677046  0.588286  0.360982  0.652644  0.680817  0.590979  0.647796  0.611074  0.264997  0.655226  0.641856  0.825636  0.546814  0.628572  0.842834  0.687284  0.638716  0.861558  0.461228  0.533350  0.433093  0.703727  0.668356  0.823807  0.218218  0.854165  0.239683  0.438239  0.294764  0.336657  0.435773  0.340275  0.349190  0.381068  0.505793  0.324161  0.485371  0.376073  0.288173  0.423028  0.347852  0.601515  0.450284  0.309934  0.301417  0.810753  0.539235  0.582153  0.400304  0.272492  0.643833  0.560295  0.474616  0.593884  0.459479  0.302705 
2  0.462365  0.234813 0.0  0.501396  0.323147  0.441072  0.454502  0.418181  0.584398  0.594060  0.489846  0.362065  0.813872  0.642944  0.348012  0.478739  0.576149  0.533641  0.607553  0.301617  0.461336  0.604213  0.477193  0.512237  0.290830  0.368940  0.615535  0.648248  0.342533  0.417677  0.695656  0.729419  0.472927  0.402909  0.812004  0.578381  0.672042  0.580933  0.451277  0.455977  0.341108  0.756018  0.508380  0.665998  0.556308  0.313637  0.741682  0.675804  0.466868  0.757641  0.572989  0.326130  0.750043  0.700293  0.717607  0.509210  0.538120  0.730811  0.649094  0.590476  0.771459  0.465324  0.613434  0.510986  0.614042  0.597465  0.779271  0.312370  0.859211  0.343519  0.368521  0.388513  0.237895  0.567701  0.373378  0.433817  0.488151  0.554067  0.341056  0.562431  0.348414  0.406706  0.455933  0.525256  0.558368  0.541983  0.236456  0.457962  0.773629  0.610579  0.596291  0.411893  0.326561  0.690585  0.434739  0.576455  0.580580  0.399461  0.328062 
3  0.456994  0.455218  0.501396 0.0  0.320428  0.695735  0.414040  0.338084  0.594765  0.661975  0.581194  0.422391  0.775044  0.556493  0.360785  0.631946  0.578258  0.595537  0.581897  0.498981  0.445989  0.467354  0.697860  0.464805  0.498448  0.381120  0.617710  0.622327  0.462794  0.392605  0.676620  0.632912  0.399984  0.481486  0.856251  0.586949  0.715776  0.630020  0.464758  0.514577  0.332020  0.711943  0.576267  0.735037  0.562326  0.429918  0.745576  0.690658  0.724534  0.721263  0.489734  0.425220  0.726069  0.713515  0.799985  0.693089  0.517406  0.832451  0.767750  0.521112  0.849237  0.400201  0.621150  0.580727  0.584999  0.676876  0.823616  0.430056  0.892168  0.481362  0.375746  0.464162  0.317024  0.548724  0.384289  0.458735  0.451655  0.603112  0.433554  0.508930  0.354442  0.410219  0.434612  0.422597  0.467146  0.587590  0.277653  0.372707  0.780119  0.589766  0.682621  0.601337  0.424698  0.676844  0.532688  0.570297  0.520001  0.500416  0.415054 
4  0.356595  0.488756  0.323147  0.320428 0.0  0.478858  0.413486  0.516372  0.696090  0.605690  0.489876  0.416783  0.808420  0.627604  0.395223  0.450234  0.566605  0.601323  0.659431  0.452759  0.617415  0.626410  0.504606  0.571009  0.436975  0.412012  0.599180  0.618255  0.321328  0.374972  0.570641  0.721782  0.519622  0.374697  0.729762  0.654869  0.731709  0.621825  0.386064  0.469438  0.382415  0.837633  0.602920  0.671487  0.488808  0.368326  0.669142  0.769485  0.530495  0.677327  0.678017  0.381283  0.708041  0.673220  0.758511  0.527504  0.522090  0.770120  0.691920  0.533045  0.856082  0.503610  0.656142  0.440688  0.621841  0.597644  0.798362  0.292604  0.777217  0.423848  0.378512  0.386024  0.377437  0.410332  0.490270  0.354777  0.510303  0.522276  0.464381  0.518365  0.285184  0.596818  0.417320  0.424839  0.517220  0.482967  0.270791  0.294865  0.770781  0.601581  0.685783  0.385583  0.324120  0.608948  0.508142  0.520687  0.548497  0.463921  0.432409 
5  0.697586  0.604213  0.441072  0.695735  0.478858 0.0  0.459134  0.668103  0.640816  0.533439  0.373058  0.471140  0.791494  0.639656  0.558905  0.470579  0.354991  0.519511  0.603502  0.581932  0.497644  0.215735  0.560730  0.589546  0.535105  0.553636  0.518094  0.720362  0.456242  0.535295  0.574571  0.509597  0.572368  0.636982  0.749739  0.643405  0.707243  0.305443  0.548148  0.591195  0.561799  0.591192  0.467432  0.683346  0.614699  0.518669  0.556199  0.516609  0.586277  0.514847  0.582732  0.543861  0.585536  0.542086  0.810618  0.471800  0.687114  0.767212  0.712849  0.557335  0.659256  0.635278  0.421419  0.715816  0.567999  0.744439  0.608913  0.642460  0.822618  0.635952  0.572955  0.631264  0.714437  0.544995  0.675656  0.571567  0.497051  0.543735  0.605286  0.429138  0.597057  0.483449  0.463808  0.463418  0.622039  0.367063  0.542566  0.677413  0.766920  0.405534  0.582690  0.531875  0.519690  0.775692  0.502095  0.527386  0.406151  0.549139  0.571861 
6  0.302227  0.296194  0.454502  0.414040  0.413486  0.459134 0.0  0.462148  0.587910  0.522675  0.471335  0.485038  0.756325  0.542241  0.258154  0.352726  0.508919  0.424951  0.644381  0.323124  0.486653  0.603137  0.435366  0.266524  0.413907  0.448736  0.612405  0.702494  0.357692  0.440967  0.620174  0.535948  0.477827  0.295271  0.757255  0.604898  0.660663  0.494014  0.335326  0.350699  0.401787  0.746455  0.582587  0.583067  0.511694  0.337263  0.711171  0.704580  0.466479  0.649704  0.596137  0.324796  0.523648  0.640233  0.699806  0.419976  0.545218  0.751644  0.647804  0.444539  0.860245  0.342582  0.486488  0.474685  0.700844  0.500628  0.872370  0.371633  0.806952  0.359764  0.349344  0.323926  0.541107  0.427882  0.422565  0.363987  0.406235  0.537336  0.362525  0.426614  0.441447  0.206339  0.246114  0.580888  0.487385  0.518799  0.363424  0.322970  0.786522  0.525500  0.570964  0.593378  0.481545  0.694493  0.412849  0.514706  0.517792  0.382375  0.454320 
7  0.462812  0.527849  0.418181  0.338084  0.516372  0.668103  0.462148 0.0  0.669533  0.679156  0.639557  0.705972  0.754866  0.168110  0.453076  0.729763  0.629521  0.516869  0.666602  0.625093  0.448455  0.667213  0.510639  0.443471  0.612893  0.494867  0.622397  0.536498  0.473088  0.621996  0.570059  0.495217  0.507755  0.539688  0.810794  0.667897  0.827205  0.617711  0.605396  0.552464  0.492366  0.763088  0.535310  0.664835  0.434262  0.523806  0.790896  0.680488  0.584364  0.706926  0.467157  0.587484  0.836919  0.732340  0.922728  0.578449  0.268205  0.817729  0.746898  0.559008  0.825071  0.468473  0.664894  0.608077  0.835833  0.619679  0.906003  0.622280  0.813432  0.488444  0.481388  0.484229  0.471269  0.579112  0.444730  0.704668  0.436249  0.664668  0.495467  0.406577  0.392600  0.527310  0.562343  0.523852  0.471075  0.579814  0.503436  0.554428  0.858833  0.539591  0.472394  0.611099  0.521174  0.720355  0.514744  0.459916  0.634740  0.521329  0.445110 
8  0.616225  0.592660  0.584398  0.594765  0.696090  0.640816  0.587910  0.669533 0.0  0.243883  0.411688  0.571621  0.882098  0.732905  0.703124  0.669775  0.408402  0.464284  0.730469  0.646457  0.469361  0.613946  0.499913  0.425014  0.580582  0.636068  0.527312  0.609803  0.669909  0.513755  0.663581  0.540702  0.746692  0.591328  0.703789  0.349370  0.677498  0.567481  0.413525  0.545905  0.781045  0.726230  0.543292  0.661950  0.647412  0.501036  0.450284  0.616825  0.333005  0.603570  0.533440  0.602334  0.604798  0.573820  0.783906  0.410715  0.500903  0.676896  0.682508  0.456433  0.713185  0.534551  0.387104  0.615959  0.700583  0.497432  0.725423  0.473814  0.695869  0.610788  0.527773  0.447887  0.529052  0.423429  0.728703  0.591241  0.609373  0.545234  0.628263  0.656586  0.690348  0.570336  0.510047  0.776149  0.551800  0.602532  0.645878  0.656407  0.582949  0.538918  0.376266  0.489298  0.629121  0.758643  0.535990  0.544279  0.522797  0.461420  0.635649 
9  0.593081  0.550938  0.594060  0.661975  0.605690  0.533439  0.522675  0.679156  0.243883 0.0  0.368527  0.597246  0.708057  0.564171  0.579790  0.616563  0.436811  0.422092  0.605871  0.626787  0.498461  0.536186  0.455366  0.532246  0.558076  0.470903  0.595577  0.532598  0.606867  0.582426  0.583660  0.309624  0.561716  0.521953  0.766224  0.242051  0.565478  0.510269  0.477384  0.536574  0.654317  0.774993  0.522875  0.721649  0.656059  0.595367  0.635439  0.613672  0.514391  0.541851  0.520582  0.608380  0.731693  0.608938  0.629877  0.474434  0.621278  0.529341  0.797798  0.299645  0.751604  0.611071  0.171365  0.551939  0.505807  0.440090  0.772396  0.598902  0.629143  0.582748  0.669784  0.629667  0.718868  0.405494  0.631926  0.539861  0.454150  0.440257  0.640343  0.602970  0.752017  0.658175  0.530235  0.623300  0.498094  0.426533  0.513211  0.641384  0.655591  0.506887  0.301881  0.490177  0.587088  0.709060  0.491313  0.524850  0.422133  0.418018  0.597530 
10  0.516812  0.559494  0.489846  0.581194  0.489876  0.373058  0.471335  0.639557  0.411688  0.368527 0.0  0.491334  0.745315  0.468392  0.472822  0.490544  0.474976  0.253118  0.686417  0.415825  0.481172  0.491242  0.372558  0.497245  0.527536  0.499267  0.556232  0.659275  0.521933  0.519540  0.702659  0.601864  0.502555  0.466424  0.616551  0.436714  0.676372  0.386288  0.516703  0.586470  0.438060  0.701598  0.444620  0.653841  0.593164  0.560119  0.669986  0.664983  0.389054  0.597741  0.604995  0.606083  0.702515  0.564616  0.607971  0.422100  0.679053  0.560833  0.598135  0.334052  0.925032  0.524984  0.450792  0.524395  0.446867  0.518986  0.683292  0.624747  0.739186  0.498874  0.425020  0.552134  0.635090  0.472100  0.655830  0.484436  0.524735  0.404327  0.560206  0.467572  0.475286  0.521137  0.474259  0.641619  0.549075  0.365044  0.586152  0.703200  0.568327  0.408050  0.447619  0.326606  0.595559  0.766778  0.559155  0.441587  0.273234  0.461913  0.649534 
11  0.370959  0.311503  0.362065  0.422391  0.416783  0.471140  0.485038  0.705972  0.571621  0.597246  0.491334 0.0  0.762650  0.631511  0.363388  0.413537  0.442153  0.565531  0.627822  0.415214  0.477082  0.633911  0.554831  0.391107  0.409524  0.434181  0.464824  0.644554  0.331602  0.374897  0.623108  0.675615  0.324040  0.471957  0.700323  0.465203  0.628030  0.618593  0.350862  0.371415  0.381918  0.787838  0.599061  0.622968  0.584404  0.407997  0.680602  0.561673  0.439813  0.626301  0.409051  0.473144  0.735522  0.640013  0.879069  0.493725  0.646592  0.792831  0.647528  0.469883  0.900771  0.427733  0.503558  0.439816  0.599828  0.601242  0.755721  0.278224  0.678137  0.403513  0.366310  0.392068  0.446633  0.380182  0.447389  0.398179  0.428709  0.444733  0.411122  0.531620  0.375055  0.369170  0.455714  0.412916  0.516412  0.613294  0.372689  0.449803  0.776382  0.523751  0.560160  0.316008  0.401540  0.720408  0.501505  0.485752  0.521913  0.422511  0.306896 
12  0.797516  0.839934  0.813872  0.775044  0.808420  0.791494  0.756325  0.754866  0.882098  0.708057  0.745315  0.762650 0.0  0.800134  0.886919  0.737396  0.702801  0.789908  0.747716  0.835392  0.645698  0.718737  0.807293  0.681835  0.707558  0.797671  0.772459  0.802084  0.825507  0.680541  0.864439  0.818759  0.821937  0.651530  0.688823  0.691354  0.337318  0.815388  0.658876  0.885713  0.770450  0.804648  0.808184  0.683524  0.886722  0.724205  0.866775  0.728605  0.741463  0.737112  0.818422  0.758570  0.839187  0.689268  0.721647  0.670723  0.793814  0.657056  0.422632  0.732429  0.785513  0.727215  0.742660  0.745586  0.750680  0.672156  0.834020  0.699005  0.778287  0.907004  0.687576  0.820309  0.730460  0.718749  0.783052  0.715980  0.791909  0.680118  0.803415  0.790606  0.784838  0.614346  0.660538  0.858837  0.764183  0.656630  0.732136  0.835794  0.708584  0.747936  0.756503  0.673693  0.848130  0.450189  0.818067  0.775670  0.705814  0.689140  0.830749 
13  0.473474  0.599511  0.642944  0.556493  0.627604  0.639656  0.542241  0.168110  0.732905  0.564171  0.468392  0.631511  0.800134 0.0  0.623596  0.573740  0.620910  0.587241  0.657984  0.654757  0.527926  0.640516  0.438680  0.607257  0.618751  0.537899  0.673082  0.741569  0.594191  0.657433  0.603871  0.662079  0.573549  0.548039  0.823632  0.527223  0.750002  0.657344  0.507604  0.590646  0.642859  0.796854  0.644159  0.757913  0.465650  0.639144  0.768940  0.675948  0.635139  0.734949  0.343453  0.524608  0.651476  0.644608  0.784310  0.528646  0.417573  0.689957  0.788218  0.477853  0.716744  0.662430  0.651094  0.553407  0.711711  0.568114  0.774109  0.648482  0.830229  0.592103  0.667168  0.657857  0.561771  0.471246  0.551586  0.625979  0.464753  0.599704  0.624654  0.626115  0.580650  0.579374  0.442167  0.685797  0.575437  0.605640  0.670280  0.532442  0.827669  0.625427  0.531251  0.656543  0.721375  0.772037  0.470217  0.567746  0.569386  0.368073  0.597772 
14  0.482866  0.426245  0.348012  0.360785  0.395223  0.558905  0.258154  0.453076  0.703124  0.579790  0.472822  0.363388  0.886919  0.623596 0.0  0.486498  0.490335  0.433676  0.607640  0.331962  0.531018  0.524480  0.482054  0.420468  0.422121  0.330853  0.469304  0.643535  0.338759  0.407636  0.665156  0.763647  0.358563  0.407728  0.742310  0.628346  0.660893  0.617249  0.455695  0.376554  0.322008  0.651983  0.410684  0.612248  0.569323  0.340258  0.605636  0.677552  0.640480  0.633582  0.732888  0.392112  0.640641  0.658110  0.828557  0.449366  0.553923  0.737828  0.757211  0.482673  0.929072  0.412076  0.679493  0.594326  0.637930  0.640467  0.758555  0.471239  0.743455  0.454550  0.265976  0.436912  0.345517  0.502844  0.403814  0.357568  0.342593  0.583485  0.253588  0.555479  0.359242  0.343562  0.493636  0.494100  0.504943  0.607881  0.321080  0.363281  0.774390  0.526875  0.518483  0.426856  0.354910  0.606987  0.493977  0.508389  0.599306  0.432152  0.422607 
15  0.556440  0.455908  0.478739  0.631946  0.450234  0.470579  0.352726  0.729763  0.669775  0.616563  0.490544  0.413537  0.737396  0.573740  0.486498 0.0  0.417930  0.615844  0.554542  0.383124  0.383964  0.556074  0.502424  0.302592  0.437218  0.279529  0.601295  0.597948  0.357195  0.489923  0.456781  0.651946  0.372047  0.243048  0.670203  0.563480  0.705664  0.445049  0.437537  0.481407  0.395324  0.719179  0.562159  0.725605  0.421557  0.366769  0.524071  0.579102  0.630212  0.486103  0.521811  0.393207  0.503557  0.642185  0.892591  0.592634  0.483027  0.819183  0.599040  0.374638  0.846585  0.420325  0.570216  0.595591  0.704612  0.460031  0.701150  0.588075  0.852053  0.377664  0.431983  0.456500  0.378151  0.518946  0.530650  0.519930  0.562329  0.461957  0.491055  0.358765  0.501547  0.456198  0.367653  0.418030  0.552186  0.519599  0.412423  0.509321  0.679346  0.521061  0.734377  0.427179  0.345408  0.637696  0.533203  0.507203  0.511733  0.464173  0.430074 
16  0.505322  0.549781  0.576149  0.578258  0.566605  0.354991  0.508919  0.629521  0.408402  0.436811  0.474976  0.442153  0.702801  0.620910  0.490335  0.417930 0.0  0.343089  0.570314  0.488739  0.447381  0.323021  0.360624  0.458788  0.551324  0.610108  0.347071  0.610715  0.442993  0.522801  0.573936  0.451873  0.570790  0.497485  0.640646  0.477666  0.603537  0.404510  0.432976  0.524548  0.531166  0.648003  0.530993  0.574678  0.536320  0.512464  0.588768  0.574548  0.533137  0.552923  0.557847  0.546382  0.499251  0.518452  0.702480  0.526253  0.697451  0.645534  0.619587  0.435115  0.774481  0.593052  0.381448  0.482007  0.518378  0.454641  0.644648  0.585772  0.798560  0.515305  0.513665  0.523463  0.387618  0.540149  0.608631  0.501096  0.408676  0.390316  0.472991  0.453350  0.493788  0.604106  0.402390  0.515400  0.559042  0.436634  0.548949  0.595037  0.745126  0.406104  0.487695  0.476372  0.531409  0.717273  0.569906  0.365651  0.398667  0.394624  0.521889 
17  0.604832  0.530186  0.533641  0.595537  0.601323  0.519511  0.424951  0.516869  0.464284  0.422092  0.253118  0.565531  0.789908  0.587241  0.433676  0.615844  0.343089 0.0  0.625681  0.533022  0.581701  0.397359  0.533129  0.494802  0.558407  0.477380  0.485197  0.676750  0.578858  0.623276  0.703470  0.490962  0.635350  0.468046  0.772860  0.568790  0.651108  0.450309  0.562012  0.454600  0.600761  0.623267  0.299151  0.421618  0.670092  0.567692  0.535948  0.691361  0.535480  0.717711  0.605419  0.516148  0.669605  0.716711  0.762467  0.640104  0.637366  0.682048  0.689420  0.359388  0.785201  0.595794  0.358513  0.514857  0.642230  0.606919  0.724413  0.754117  0.739286  0.496264  0.631699  0.513696  0.543208  0.428202  0.599040  0.557979  0.478375  0.554097  0.469833  0.531926  0.472345  0.496206  0.460954  0.731948  0.460077  0.291520  0.580588  0.598411  0.784546  0.185625  0.663915  0.558501  0.376574  0.631983  0.576989  0.499740  0.372811  0.622308  0.491433 
18  0.548140  0.667275  0.607553  0.581897  0.659431  0.603502  0.644381  0.666602  0.730469  0.605871  0.686417  0.627822  0.747716  0.657984  0.607640  0.554542  0.570314  0.625681 0.0  0.675492  0.688315  0.578127  0.613680  0.767654  0.661014  0.638429  0.497202  0.480782  0.619783  0.634958  0.340654  0.532460  0.602410  0.760594  1.000000  0.709570  0.737104  0.739313  0.668632  0.618411  0.516721  0.761628  0.629831  0.707748  0.648772  0.610859  0.746076  0.793911  0.525781  0.671894  0.707568  0.612921  0.773280  0.682409  0.872589  0.547314  0.697465  0.934047  0.716166  0.772400  0.813773  0.605017  0.639158  0.703014  0.776458  0.571717  0.641696  0.572366  0.862478  0.712395  0.642073  0.638891  0.579191  0.736462  0.583204  0.746843  0.637000  0.385495  0.642524  0.613262  0.627654  0.772830  0.513504  0.599329  0.697918  0.657442  0.699570  0.633341  0.924780  0.763352  0.641803  0.613367  0.774302  0.776042  0.701705  0.604150  0.566214  0.700817  0.552776 
19  0.487166  0.424521  0.301617  0.498981  0.452759  0.581932  0.323124  0.625093  0.646457  0.626787  0.415825  0.415214  0.835392  0.654757  0.331962  0.383124  0.488739  0.533022  0.675492 0.0  0.589125  0.606573  0.528007  0.559819  0.372966  0.382084  0.563638  0.641837  0.445966  0.383030  0.765190  0.537560  0.371171  0.392756  0.812931  0.657242  0.628233  0.542999  0.462415  0.377655  0.345330  0.746280  0.630987  0.605207  0.606019  0.445053  0.677142  0.567735  0.628434  0.601798  0.629658  0.384889  0.683207  0.571236  0.843381  0.573181  0.545611  0.744740  0.684742  0.477463  0.813561  0.391124  0.536083  0.554756  0.675562  0.565162  0.739057  0.446929  0.859764  0.485954  0.306154  0.393516  0.249244  0.450032  0.400354  0.497735  0.427122  0.477220  0.259683  0.467297  0.281388  0.443147  0.471229  0.549292  0.530294  0.581010  0.360079  0.447634  0.713476  0.439057  0.634869  0.419729  0.328533  0.760113  0.615723  0.595658  0.383790  0.527416  0.352428 
20  0.622560  0.550513  0.461336  0.445989  0.617415  0.497644  0.486653  0.448455  0.469361  0.498461  0.481172  0.477082  0.645698  0.527926  0.531018  0.383964  0.447381  0.581701  0.688315  0.589125 0.0  0.568642  0.375432  0.336434  0.419581  0.430466  0.563422  0.660327  0.608275  0.409322  0.637981  0.634574  0.628664  0.365628  0.671666  0.499154  0.743245  0.524071  0.486163  0.501545  0.398089  0.749199  0.589807  0.555959  0.590793  0.525928  0.806475  0.597093  0.334918  0.653100  0.437901  0.533718  0.650653  0.582966  0.625000  0.419856  0.450699  0.760059  0.646997  0.408992  0.649523  0.480433  0.452150  0.490997  0.643501  0.497111  0.874580  0.523229  0.688335  0.460806  0.523665  0.534624  0.405745  0.331512  0.594060  0.560708  0.413696  0.460968  0.507068  0.240694  0.427284  0.494587  0.346148  0.592497  0.348225  0.580777  0.593465  0.523928  0.721653  0.498894  0.443196  0.402125  0.553095  0.754505  0.280898  0.478698  0.440689  0.467681  0.516476 
21  0.580679  0.563225  0.604213  0.467354  0.626410  0.215735  0.603137  0.667213  0.613946  0.536186  0.491242  0.633911  0.718737  0.640516  0.524480  0.556074  0.323021  0.397359  0.578127  0.606573  0.568642 0.0  0.486227  0.527226  0.540683  0.561639  0.526060  0.593893  0.517802  0.595200  0.545020  0.561133  0.676739  0.604604  0.682474  0.530244  0.671834  0.375907  0.566665  0.639024  0.517697  0.646456  0.252370  0.528568  0.593293  0.591559  0.359979  0.615696  0.492029  0.561119  0.709085  0.556831  0.533287  0.647643  0.616158  0.604257  0.712376  0.691655  0.662661  0.465993  0.756084  0.506676  0.359717  0.682065  0.621087  0.581677  0.537458  0.613498  0.752386  0.637471  0.602550  0.542328  0.617713  0.637839  0.685421  0.527318  0.506187  0.511835  0.542529  0.613395  0.561353  0.430283  0.485059  0.582124  0.587706  0.236837  0.372580  0.569311  0.781368  0.319831  0.604332  0.520393  0.522711  0.760490  0.739298  0.554924  0.605490  0.577601  0.575017 
22  0.492424  0.513673  0.477193  0.697860  0.504606  0.560730  0.435366  0.510639  0.499913  0.455366  0.372558  0.554831  0.807293  0.438680  0.482054  0.502424  0.360624  0.533129  0.613680  0.528007  0.375432  0.486227 0.0  0.510247  0.529305  0.375551  0.464484  0.642520  0.551214  0.479045  0.615264  0.478289  0.547298  0.392582  0.771096  0.513088  0.653744  0.452907  0.532273  0.476713  0.562433  0.738778  0.457178  0.588045  0.480980  0.582931  0.668509  0.658727  0.517981  0.648553  0.480942  0.546297  0.629832  0.524068  0.723021  0.567987  0.591512  0.598226  0.665686  0.257749  0.715243  0.473673  0.460082  0.563539  0.670458  0.455188  0.742327  0.508387  0.782857  0.440416  0.593871  0.433440  0.478771  0.352926  0.633308  0.455222  0.372530  0.473110  0.478265  0.479069  0.553187  0.429356  0.410309  0.594697  0.585811  0.418308  0.428404  0.561186  0.543847  0.503163  0.338325  0.390808  0.548745  0.565595  0.353818  0.445349  0.452563  0.431065  0.478195 
23  0.457514  0.553519  0.512237  0.464805  0.571009  0.589546  0.266524  0.443471  0.425014  0.532246  0.497245  0.391107  0.681835  0.607257  0.420468  0.302592  0.458788  0.494802  0.767654  0.559819  0.336434  0.527226  0.510247 0.0  0.374335  0.299985  0.634591  0.779246  0.408199  0.488042  0.693019  0.598692  0.472076  0.266960  0.669753  0.469847  0.628048  0.399731  0.285402  0.404615  0.409677  0.584510  0.648664  0.511041  0.482977  0.418535  0.673148  0.612288  0.605319  0.610614  0.507794  0.377006  0.747504  0.508389  0.732762  0.525509  0.453846  0.751751  0.705162  0.348658  0.803452  0.455073  0.546012  0.574862  0.480282  0.461501  0.687442  0.440337  0.644356  0.460813  0.534657  0.507356  0.280586  0.432217  0.491846  0.533193  0.507338  0.460153  0.523576  0.336802  0.294632  0.411399  0.422600  0.576806  0.406985  0.456467  0.372903  0.481374  0.696478  0.574866  0.455637  0.517369  0.369216  0.738693  0.462906  0.498445  0.465246  0.261751  0.547352 
24  0.438389  0.364821  0.290830  0.498448  0.436975  0.535105  0.413907  0.612893  0.580582  0.558076  0.527536  0.409524  0.707558  0.618751  0.422121  0.437218  0.551324  0.558407  0.661014  0.372966  0.419581  0.540683  0.529305  0.374335 0.0  0.427838  0.639351  0.696862  0.475013  0.403005  0.711938  0.687572  0.459043  0.409779  0.702523  0.547656  0.729291  0.608032  0.343506  0.406624  0.513501  0.703611  0.524164  0.580711  0.566518  0.462689  0.628647  0.719844  0.593460  0.618074  0.574130  0.379828  0.679107  0.740897  0.764537  0.465799  0.557504  0.794933  0.665041  0.547661  0.818703  0.380817  0.570611  0.354426  0.556425  0.593807  0.728635  0.408597  0.792336  0.361022  0.383267  0.335209  0.385722  0.625203  0.478147  0.313444  0.323519  0.496639  0.396692  0.437815  0.391518  0.479413  0.554721  0.445594  0.574936  0.619811  0.374284  0.386074  0.851267  0.610899  0.641934  0.232150  0.356730  0.655913  0.494238  0.410185  0.619662  0.461695  0.355332 
25  0.492456  0.342459  0.368940  0.381120  0.412012  0.553636  0.448736  0.494867  0.636068  0.470903  0.499267  0.434181  0.797671  0.537899  0.330853  0.279529  0.610108  0.477380  0.638429  0.382084  0.430466  0.561639  0.375551  0.299985  0.427838 0.0  0.586404  0.695238  0.382361  0.461174  0.681261  0.607759  0.390439  0.244597  0.790340  0.437935  0.689630  0.604434  0.378151  0.465492  0.391813  0.714718  0.406893  0.571672  0.470516  0.374658  0.721192  0.644324  0.482452  0.477423  0.541254  0.374819  0.674775  0.608613  0.855282  0.550960  0.470240  0.711314  0.807757  0.383811  0.785439  0.325160  0.623578  0.460526  0.668578  0.484629  0.711131  0.479659  0.747393  0.398453  0.381922  0.415207  0.292510  0.401778  0.412070  0.459071  0.372489  0.595339  0.275276  0.357972  0.336734  0.387241  0.421474  0.429488  0.523513  0.509278  0.274616  0.497677  0.718489  0.486764  0.569054  0.451767  0.352372  0.593574  0.569538  0.401627  0.557647  0.435990  0.455933 
26  0.558881  0.810098  0.615535  0.617710  0.599180  0.518094  0.612405  0.622397  0.527312  0.595577  0.556232  0.464824  0.772459  0.673082  0.469304  0.601295  0.347071  0.485197  0.497202  0.563638  0.563422  0.526060  0.464484  0.634591  0.639351  0.586404 0.0  0.532456  0.561700  0.576546  0.517285  0.545196  0.662673  0.575071  0.825406  0.594852  0.713081  0.480278  0.591575  0.487286  0.575660  0.661321  0.578562  0.613496  0.566408  0.582390  0.474124  0.579302  0.437796  0.628091  0.667540  0.582912  0.669764  0.481765  0.791321  0.420934  0.665053  0.797579  0.689274  0.437830  0.742976  0.538465  0.615325  0.682378  0.700326  0.400238  0.654555  0.615360  0.740725  0.682906  0.571487  0.723072  0.661304  0.427052  0.706127  0.597447  0.571778  0.392318  0.471389  0.558073  0.666197  0.526103  0.411330  0.635392  0.542517  0.512223  0.534732  0.548382  0.812219  0.447644  0.558308  0.700141  0.630080  0.762821  0.498771  0.519098  0.500038  0.445048  0.508124 
27  0.579991  0.606903  0.648248  0.622327  0.618255  0.720362  0.702494  0.536498  0.609803  0.532598  0.659275  0.644554  0.802084  0.741569  0.643535  0.597948  0.610715  0.676750  0.480782  0.641837  0.660327  0.593893  0.642520  0.779246  0.696862  0.695238  0.532456 0.0  0.675775  0.700876  0.474170  0.532765  0.486695  0.631992  0.914299  0.632374  0.836867  0.602992  0.709739  0.726849  0.691387  0.655200  0.755374  0.703406  0.600418  0.657355  0.695685  0.618412  0.530666  0.659635  0.714036  0.668498  0.672278  0.762351  0.941133  0.513042  0.619850  0.963258  0.779204  0.626105  0.868380  0.682129  0.596492  0.557635  0.815068  0.527648  0.750152  0.614568  0.918590  0.710351  0.667957  0.723632  0.708902  0.758146  0.691250  0.751853  0.638674  0.298237  0.639121  0.586315  0.532458  0.672646  0.736929  0.551245  0.547764  0.654904  0.693935  0.651440  0.918088  0.709599  0.564601  0.713358  0.696992  0.849770  0.559057  0.566252  0.633820  0.631068  0.673169 
28  0.572837  0.374087  0.342533  0.462794  0.321328  0.456242  0.357692  0.473088  0.669909  0.606867  0.521933  0.331602  0.825507  0.594191  0.338759  0.357195  0.442993  0.578858  0.619783  0.445966  0.608275  0.517802  0.551214  0.408199  0.475013  0.382361  0.561700  0.675775 0.0  0.369910  0.625567  0.615879  0.427605  0.512546  0.808247  0.607117  0.783378  0.486060  0.490876  0.412743  0.389414  0.642039  0.530213  0.669359  0.414317  0.505222  0.708574  0.560572  0.619991  0.652419  0.515675  0.436541  0.559187  0.587591  0.733809  0.463605  0.570442  0.839635  0.761707  0.433891  0.709470  0.536900  0.538569  0.433228  0.787428  0.660705  0.682969  0.342163  0.947048  0.403418  0.491539  0.352718  0.462655  0.409623  0.388158  0.447247  0.656750  0.517620  0.309577  0.443739  0.408454  0.492338  0.509359  0.271575  0.485243  0.558441  0.295368  0.417722  0.702902  0.581005  0.677743  0.431684  0.446770  0.657176  0.512501  0.550813  0.654823  0.467834  0.508106 
29  0.505738  0.389815  0.417677  0.392605  0.374972  0.535295  0.440967  0.621996  0.513755  0.582426  0.519540  0.374897  0.680541  0.657433  0.407636  0.489923  0.522801  0.623276  0.634958  0.383030  0.409322  0.595200  0.479045  0.488042  0.403005  0.461174  0.576546  0.700876  0.369910 0.0  0.712182  0.599077  0.439730  0.475034  0.824150  0.611720  0.738729  0.533947  0.470240  0.449795  0.438306  0.850572  0.518668  0.663168  0.679427  0.473038  0.636243  0.645765  0.461952  0.736463  0.583943  0.347736  0.679925  0.768461  0.787922  0.521652  0.655287  0.754517  0.616768  0.312743  0.825966  0.477378  0.589586  0.520081  0.687203  0.584065  0.773639  0.392481  0.654862  0.389937  0.271228  0.412994  0.332840  0.427803  0.518777  0.355085  0.635739  0.556757  0.412220  0.469354  0.411736  0.484602  0.474100  0.559757  0.457680  0.525701  0.373635  0.485126  0.808788  0.489631  0.769105  0.454786  0.474471  0.657567  0.504734  0.637031  0.516246  0.356112  0.362004 
30  0.629247  0.633707  0.695656  0.676620  0.570641  0.574571  0.620174  0.570059  0.663581  0.583660  0.702659  0.623108  0.864439  0.603871  0.665156  0.456781  0.573936  0.703470  0.340654  0.765190  0.637981  0.545020  0.615264  0.693019  0.711938  0.681261  0.517285  0.474170  0.625567  0.712182 0.0  0.616647  0.590122  0.561731  0.903829  0.628304  0.796371  0.503905  0.658218  0.594334  0.721756  0.819750  0.771116  0.798334  0.586330  0.719383  0.739735  0.727920  0.431802  0.607945  0.602793  0.700165  0.668881  0.657196  0.866268  0.573717  0.733957  0.931054  0.710838  0.673214  0.695973  0.578759  0.603820  0.568521  0.709591  0.590809  0.852097  0.724167  0.824010  0.716635  0.721373  0.614993  0.680865  0.706602  0.609623  0.731298  0.554711  0.457545  0.595753  0.479831  0.768482  0.685270  0.533197  0.635277  0.573116  0.585618  0.695878  0.667582  0.874709  0.664333  0.620290  0.710630  0.742062  0.824275  0.570045  0.581246  0.563912  0.626293  0.676769 
31  0.598266  0.623682  0.729419  0.632912  0.721782  0.509597  0.535948  0.495217  0.540702  0.309624  0.601864  0.675615  0.818759  0.662079  0.763647  0.651946  0.451873  0.490962  0.532460  0.537560  0.634574  0.561133  0.478289  0.598692  0.687572  0.607759  0.545196  0.532765  0.615879  0.599077  0.616647 0.0  0.665244  0.537797  0.777676  0.504613  0.659101  0.485376  0.647584  0.633132  0.621428  0.779441  0.526816  0.660458  0.503850  0.616327  0.575470  0.619231  0.617343  0.649511  0.511103  0.618844  0.600353  0.624658  0.721306  0.451926  0.654999  0.788298  0.684004  0.562380  0.790532  0.575518  0.542696  0.578707  0.638982  0.490737  0.680789  0.634875  0.756938  0.580044  0.592397  0.647897  0.621335  0.475549  0.646203  0.638350  0.609385  0.496483  0.604653  0.517439  0.545478  0.723068  0.421728  0.631188  0.599423  0.494881  0.561066  0.604157  0.791837  0.497853  0.339126  0.709660  0.672583  0.677003  0.542880  0.573063  0.549521  0.715484  0.700954 
32  0.480061  0.415807  0.472927  0.399984  0.519622  0.572368  0.477827  0.507755  0.746692  0.561716  0.502555  0.324040  0.821937  0.573549  0.358563  0.372047  0.570790  0.635350  0.602410  0.371171  0.628664  0.676739  0.547298  0.472076  0.459043  0.390439  0.662673  0.486695  0.427605  0.439730  0.590122  0.665244 0.0  0.380108  0.731821  0.654916  0.657579  0.632992  0.462858  0.484170  0.452237  0.759857  0.601762  0.697636  0.508989  0.419386  0.621448  0.731134  0.590401  0.625144  0.494096  0.453551  0.628103  0.583762  0.779281  0.477843  0.539115  0.758298  0.809110  0.528268  0.842328  0.395132  0.716986  0.534757  0.809584  0.556768  0.783966  0.562118  0.869294  0.419492  0.513154  0.431995  0.414965  0.484914  0.466976  0.521989  0.593913  0.512292  0.486376  0.521011  0.457805  0.295649  0.439701  0.503196  0.432666  0.618647  0.548765  0.459548  0.773899  0.518070  0.744199  0.480696  0.384133  0.781046  0.553536  0.550872  0.549153  0.426241  0.434108 
33  0.435618  0.399308  0.402909  0.481486  0.374697  0.636982  0.295271  0.539688  0.591328  0.521953  0.466424  0.471957  0.651530  0.548039  0.407728  0.243048  0.497485  0.468046  0.760594  0.392756  0.365628  0.604604  0.392582  0.266960  0.409779  0.244597  0.575071  0.631992  0.512546  0.475034  0.561731  0.537797  0.380108 0.0  0.683082  0.572608  0.566980  0.517461  0.271481  0.442924  0.391835  0.747195  0.578247  0.695526  0.486497  0.454131  0.635448  0.672882  0.503950  0.523245  0.429819  0.420515  0.757844  0.698550  0.659847  0.495260  0.542021  0.678826  0.772852  0.410197  0.818273  0.301410  0.463270  0.565330  0.489244  0.453693  0.807433  0.401133  0.858262  0.406813  0.404923  0.469593  0.423368  0.359607  0.589659  0.443756  0.500855  0.574058  0.508751  0.490541  0.441804  0.426104  0.366317  0.503814  0.505251  0.565282  0.411109  0.540151  0.577326  0.485740  0.640838  0.394396  0.504848  0.723759  0.506628  0.615110  0.484170  0.253657  0.431428 
34  0.839732  0.809118  0.812004  0.856251  0.729762  0.749739  0.757255  0.810794  0.703789  0.766224  0.616551  0.700323  0.688823  0.823632  0.742310  0.670203  0.640646  0.772860  1.000000  0.812931  0.671666  0.682474  0.771096  0.669753  0.702523  0.790340  0.825406  0.914299  0.808247  0.824150  0.903829  0.777676  0.731821  0.683082 0.0  0.711078  0.677827  0.627692  0.749780  0.752968  0.691838  0.649647  0.734616  0.808899  0.875813  0.707777  0.716550  0.728609  0.672601  0.773876  0.719649  0.797608  0.679176  0.813711  0.353115  0.704092  0.784265  0.449297  0.668202  0.530176  0.509409  0.812592  0.680342  0.776815  0.678658  0.765216  0.603925  0.717251  0.464710  0.658605  0.694602  0.773426  0.642218  0.635153  0.780464  0.719318  0.805673  0.688881  0.769388  0.744328  0.863263  0.799913  0.664251  0.826696  0.783110  0.710162  0.743050  0.786657  0.530294  0.854485  0.643567  0.778819  0.671217  0.765901  0.787926  0.681514  0.732336  0.814981  0.718959 
35  0.750381  0.514445  0.578381  0.586949  0.654869  0.643405  0.604898  0.667897  0.349370  0.242051  0.436714  0.465203  0.691354  0.527223  0.628346  0.563480  0.477666  0.568790  0.709570  0.657242  0.499154  0.530244  0.513088  0.469847  0.547656  0.437935  0.594852  0.632374  0.607117  0.611720  0.628304  0.504613  0.654916  0.572608  0.711078 0.0  0.710537  0.454944  0.568914  0.536203  0.485063  0.686016  0.493975  0.704193  0.581884  0.517409  0.617874  0.674384  0.401244  0.548829  0.515261  0.625969  0.641726  0.616668  0.597814  0.319523  0.638476  0.589277  0.659044  0.494439  0.785138  0.540966  0.321648  0.602792  0.445430  0.478606  0.708569  0.517788  0.703180  0.624810  0.617522  0.616166  0.601270  0.498518  0.665827  0.606874  0.479352  0.533695  0.655589  0.551665  0.511642  0.542078  0.515198  0.725475  0.616151  0.519084  0.585753  0.631418  0.683930  0.497683  0.254474  0.512868  0.613977  0.639720  0.542557  0.562764  0.457326  0.505234  0.632870 
36  0.662466  0.764521  0.672042  0.715776  0.731709  0.707243  0.660663  0.827205  0.677498  0.565478  0.676372  0.628030  0.337318  0.750002  0.660893  0.705664  0.603537  0.651108  0.737104  0.628233  0.743245  0.671834  0.653744  0.628048  0.729291  0.689630  0.713081  0.836867  0.783378  0.738729  0.796371  0.659101  0.657579  0.566980  0.677827  0.710537 0.0  0.681386  0.640728  0.658239  0.585776  0.740111  0.847464  0.720052  0.745740  0.658040  0.721682  0.637028  0.592612  0.764806  0.810699  0.600222  0.628463  0.813967  0.687340  0.820236  0.783102  0.610639  0.166113  0.586314  0.693839  0.589012  0.622829  0.744807  0.635221  0.571602  0.746600  0.642545  0.670322  0.700431  0.598679  0.742502  0.694597  0.618313  0.682370  0.620211  0.701243  0.763283  0.693416  0.772459  0.556262  0.711240  0.634787  0.812173  0.646609  0.721294  0.665372  0.901570  0.721880  0.755363  0.661651  0.671119  0.760943  0.433035  0.695579  0.617028  0.571483  0.652920  0.691832 
37  0.597302  0.556356  0.580933  0.630020  0.621825  0.305443  0.494014  0.617711  0.567481  0.510269  0.386288  0.618593  0.815388  0.657344  0.617249  0.445049  0.404510  0.450309  0.739313  0.542999  0.524071  0.375907  0.452907  0.399731  0.608032  0.604434  0.480278  0.602992  0.486060  0.533947  0.503905  0.485376  0.632992  0.517461  0.627692  0.454944  0.681386 0.0  0.548081  0.426156  0.644503  0.668757  0.385057  0.611802  0.630259  0.592641  0.581036  0.563157  0.475391  0.617708  0.601810  0.558097  0.524104  0.571348  0.659877  0.519898  0.708549  0.705841  0.629502  0.517307  0.757885  0.608687  0.586252  0.526827  0.533858  0.502949  0.524447  0.647817  0.667963  0.557982  0.578218  0.611784  0.672775  0.650398  0.643101  0.600269  0.522608  0.466955  0.540213  0.604827  0.601900  0.632273  0.509709  0.680461  0.566374  0.355547  0.502635  0.575667  0.708844  0.399822  0.457860  0.656527  0.589215  0.634878  0.734560  0.546438  0.434498  0.618837  0.545667 
38  0.524470  0.441590  0.451277  0.464758  0.386064  0.548148  0.335326  0.605396  0.413525  0.477384  0.516703  0.350862  0.658876  0.507604  0.455695  0.437537  0.432976  0.562012  0.668632  0.462415  0.486163  0.566665  0.532273  0.285402  0.343506  0.378151  0.591575  0.709739  0.490876  0.470240  0.658218  0.647584  0.462858  0.271481  0.749780  0.568914  0.640728  0.548081 0.0  0.320628  0.492221  0.739570  0.589637  0.672332  0.525685  0.375550  0.747554  0.526227  0.474160  0.613112  0.449634  0.457579  0.662885  0.613009  0.636658  0.717887  0.586351  0.751261  0.691519  0.322188  0.808351  0.373377  0.553813  0.411017  0.492429  0.453095  0.756697  0.499050  0.619968  0.409907  0.360769  0.509484  0.395363  0.234681  0.549170  0.457326  0.444973  0.481159  0.444928  0.372686  0.465200  0.456833  0.329231  0.575775  0.547910  0.533056  0.444867  0.543594  0.628569  0.494958  0.593332  0.431581  0.460474  0.760390  0.570026  0.455289  0.367588  0.419226  0.373786 
39  0.510997  0.310269  0.455977  0.514577  0.469438  0.591195  0.350699  0.552464  0.545905  0.536574  0.586470  0.371415  0.885713  0.590646  0.376554  0.481407  0.524548  0.454600  0.618411  0.377655  0.501545  0.639024  0.476713  0.404615  0.406624  0.465492  0.487286  0.726849  0.412743  0.449795  0.594334  0.633132  0.484170  0.442924  0.752968  0.536203  0.658239  0.426156  0.320628 0.0  0.213368  0.784303  0.435357  0.584840  0.579498  0.380135  0.589207  0.576788  0.541904  0.623068  0.499516  0.294540  0.727228  0.553039  0.847819  0.567027  0.601384  0.669051  0.663482  0.375732  0.753863  0.385489  0.576853  0.427266  0.589991  0.440148  0.698495  0.431460  0.661424  0.403008  0.435957  0.331778  0.348871  0.517622  0.464462  0.346671  0.455577  0.479926  0.363646  0.582888  0.343481  0.393363  0.510517  0.405579  0.481899  0.687642  0.441846  0.449783  0.757091  0.582576  0.548759  0.372829  0.460344  0.710976  0.551549  0.559128  0.557358  0.556860  0.439741 
