99
0 0.0  0.201762  0.507104  0.373547  0.636397  0.652703  0.419961  0.465309  0.564563  0.605693  0.307187  0.549341  0.766038  0.370134  0.406720  0.487864  0.581339  0.603881  0.413084  0.375260  0.586973  0.352434  0.567198  0.578254  0.551424  0.361384  0.283430  0.739808  0.384839  0.417905  0.445567  0.534392  0.347955  0.424298  0.759366  0.354454  0.738870  0.313827  0.404016  0.407447  0.282708  0.641156  0.324096  0.441511  0.595633  0.284745  0.672732  0.753047  0.787352  0.765692  0.503340  0.651521  0.321970  0.343970  0.523337  0.505737  0.755942  0.267333  0.597835  0.486255  0.444830  0.787630  0.517277  0.418074  0.391608  0.415963  0.638180  0.564515  0.764502  0.348978  0.547451  0.410407  0.508334  0.571757  0.342553  0.480970  0.430111  0.742954  0.667678  0.526089  0.442399  0.687807  0.325314  0.593845  0.486265  0.700204  0.595181  0.433487  0.463141  0.657209  0.652233  0.405513  0.764800  0.431513  0.835505  0.349410  0.431249  0.307220  0.407878 
1  0.201762 0.0  0.521905  0.468262  0.535851  0.674297  0.400181  0.308661  0.541217  0.723797  0.410042  0.577964  0.747651  0.416449  0.450859  0.541547  0.511908  0.537271  0.340523  0.352239  0.481450  0.558272  0.508865  0.605079  0.473541  0.400302  0.398744  0.740212  0.300210  0.427920  0.402003  0.470144  0.394449  0.298088  0.684520  0.358064  0.774651  0.312794  0.476765  0.356150  0.321797  0.575969  0.264556  0.568781  0.468790  0.316494  0.573456  0.738744  0.929291  0.785268  0.606527  0.630213  0.326627  0.354824  0.524583  0.407371  0.702009  0.251767  0.585476  0.467796  0.265130  0.751075  0.532386  0.411973  0.334146  0.428372  0.577746  0.426693  0.751833  0.422051  0.533763  0.346141  0.745998  0.555420  0.384284  0.445122  0.390366  0.715089  0.695316  0.414072  0.360122  0.743185  0.329428  0.628845  0.428931  0.694070  0.623504  0.401355  0.566025  0.583638  0.736227  0.275619  0.831862  0.410214  0.726968  0.306077  0.451487  0.507308  0.304326 
2  0.507104  0.521905 0.0  0.489160  0.441666  0.571139  0.468609  0.522702  0.570569  0.761285  0.480974  0.471239  0.748626  0.495277  0.520238  0.596898  0.447918  0.595966  0.427065  0.595405  0.454357  0.365326  0.642993  0.557170  0.586455  0.356624  0.499449  0.673852  0.484499  0.565320  0.456054  0.582572  0.494219  0.520528  0.570551  0.343255  0.656356  0.434503  0.542054  0.497207  0.429959  0.502300  0.427124  0.455543  0.438572  0.550494  0.641830  0.728967  0.747648  0.663079  0.466926  0.502077  0.508996  0.558752  0.414253  0.435793  0.714967  0.475406  0.536826  0.425033  0.502595  0.528449  0.497288  0.527658  0.534612  0.470068  0.518503  0.567425  0.626652  0.462662  0.489719  0.556491  0.679906  0.585950  0.472455  0.332362  0.421245  0.595135  0.572521  0.448074  0.417719  0.659707  0.541883  0.456966  0.500585  0.532570  0.600099  0.556537  0.480231  0.557522  0.633899  0.539328  0.738149  0.574551  0.723341  0.535284  0.518612  0.624479  0.515777 
3  0.373547  0.468262  0.489160 0.0  0.493138  0.658433  0.285411  0.466525  0.362025  0.539590  0.314281  0.458058  0.656658  0.283488  0.458179  0.459316  0.550943  0.453893  0.335524  0.409825  0.523872  0.302234  0.526769  0.592543  0.541133  0.425063  0.323613  0.738740  0.427079  0.269259  0.343500  0.528547  0.379797  0.448967  0.706595  0.405707  0.613358  0.389811  0.353894  0.341705  0.469759  0.497333  0.473045  0.472278  0.327299  0.428863  0.677001  0.692846  0.788793  0.723915  0.456299  0.521497  0.504206  0.315714  0.475564  0.447948  0.583719  0.425929  0.560550  0.457580  0.405630  0.697533  0.472583  0.474707  0.431532  0.226317  0.686656  0.413510  0.686037  0.524416  0.465605  0.550004  0.621935  0.547508  0.400098  0.345581  0.370806  0.533936  0.531913  0.485237  0.411486  0.730036  0.418174  0.515099  0.385378  0.491741  0.657016  0.703508  0.559709  0.527855  0.564197  0.450127  0.738966  0.294873  0.737023  0.458433  0.467710  0.610277  0.432972 
4  0.636397  0.535851  0.441666  0.493138 0.0  0.534080  0.468833  0.607257  0.586819  0.475671  0.427392  0.496410  0.674220  0.427783  0.528101  0.392826  0.526021  0.616654  0.566199  0.591273  0.272555  0.539422  0.549075  0.584774  0.376069  0.589160  0.596008  0.695596  0.575885  0.571588  0.601829  0.479252  0.553152  0.552093  0.753546  0.435648  0.586889  0.483007  0.325831  0.475279  0.542659  0.434326  0.605934  0.467003  0.322781  0.518865  0.700590  0.822601  0.691984  0.632719  0.545185  0.583863  0.565566  0.484886  0.480353  0.524106  0.637435  0.479925  0.519707  0.482813  0.644266  0.773952  0.552733  0.592737  0.599952  0.527544  0.597204  0.529519  0.582106  0.466982  0.453079  0.564699  0.525032  0.617608  0.470160  0.387031  0.440248  0.562754  0.664318  0.412107  0.601872  0.665289  0.602680  0.475885  0.444275  0.458661  0.530104  0.687125  0.382525  0.700293  0.591948  0.514266  0.632523  0.460101  0.546946  0.619469  0.485684  0.636807  0.574829 
5  0.652703  0.674297  0.571139  0.658433  0.534080 0.0  0.590149  0.594072  0.729947  0.444227  0.639710  0.586291  0.894023  0.576520  0.633421  0.557480  0.616335  0.476680  0.678579  0.569010  0.551184  0.653996  0.570777  0.581880  0.460171  0.736145  0.700976  0.921977  0.754042  0.590316  0.555023  0.583787  0.590213  0.623767  0.783519  0.619923  0.840558  0.667277  0.536790  0.661477  0.583346  0.472712  0.705769  0.424549  0.637777  0.596997  0.770767  0.826985  0.850672  0.875164  0.580002  0.559803  0.761428  0.669720  0.583558  0.623486  0.595810  0.680412  0.792321  0.318250  0.609038  0.547175  0.635677  0.729334  0.494295  0.654167  0.370945  0.626404  0.956343  0.617828  0.605702  0.707077  0.263917  0.655640  0.706400  0.695072  0.605984  0.387296  0.615098  0.468945  0.453745  0.929830  0.653756  0.566767  0.648895  0.509135  0.621172  0.559369  0.654288  0.565175  0.676396  0.728785  0.855714  0.796007  0.866214  0.538201  0.798953  0.683988  0.673127 
6  0.419961  0.400181  0.468609  0.285411  0.468833  0.590149 0.0  0.489234  0.309652  0.367705  0.359449  0.516652  0.771306  0.325487  0.538287  0.537092  0.621706  0.482707  0.457059  0.299750  0.596773  0.534373  0.459643  0.573351  0.576206  0.491995  0.470492  0.715081  0.483037  0.420040  0.454818  0.626991  0.463585  0.402050  0.741943  0.413133  0.719109  0.481121  0.402164  0.540816  0.511266  0.481966  0.365182  0.642476  0.384926  0.525884  0.739263  0.833276  0.763704  0.721956  0.465793  0.575398  0.383909  0.405305  0.466412  0.662315  0.608930  0.457527  0.731585  0.504111  0.354286  0.627730  0.628639  0.400027  0.465386  0.306586  0.577062  0.391791  0.652721  0.413974  0.423082  0.563600  0.504925  0.517438  0.417048  0.549709  0.413908  0.567638  0.497559  0.563948  0.422739  0.858048  0.454255  0.467798  0.482452  0.648983  0.524752  0.492260  0.716186  0.387325  0.632477  0.534737  0.786555  0.388455  0.784467  0.353519  0.460698  0.603822  0.409105 
7  0.465309  0.308661  0.522702  0.466525  0.607257  0.594072  0.489234 0.0  0.437338  0.630426  0.419208  0.635081  0.790123  0.462455  0.435723  0.602722  0.590242  0.545934  0.457696  0.380037  0.661397  0.386453  0.573146  0.532367  0.496905  0.479240  0.373613  0.767729  0.369709  0.431824  0.495942  0.608845  0.445532  0.509699  0.808164  0.529563  0.811255  0.354138  0.485455  0.339418  0.358759  0.648434  0.408945  0.565917  0.531580  0.479779  0.695247  0.837982  0.906411  0.813447  0.497204  0.591503  0.492108  0.377016  0.670269  0.556857  0.774785  0.451276  0.670089  0.567150  0.336020  0.614336  0.639183  0.350650  0.334472  0.455049  0.607566  0.386239  0.777137  0.225859  0.664203  0.341206  0.525927  0.452649  0.271291  0.494781  0.409536  0.583703  0.581692  0.533184  0.473325  0.754630  0.452774  0.587136  0.577247  0.639501  0.584036  0.401273  0.623677  0.332939  0.707226  0.464876  0.782369  0.457816  0.815585  0.330056  0.546631  0.462968  0.361755 
8  0.564563  0.541217  0.570569  0.362025  0.586819  0.729947  0.309652  0.437338 0.0  0.537352  0.465740  0.602847  0.756404  0.584608  0.568792  0.601742  0.621631  0.452043  0.477727  0.397544  0.665731  0.433623  0.556225  0.688384  0.770661  0.547916  0.461780  0.804400  0.579440  0.506583  0.409004  0.592259  0.472587  0.533547  0.783510  0.469348  0.761220  0.535346  0.483610  0.508821  0.615066  0.639724  0.587667  0.583846  0.529208  0.541354  0.846358  0.893721  0.761906  0.786972  0.518367  0.407297  0.553584  0.609369  0.548180  0.564323  0.700665  0.595796  0.742775  0.621880  0.485618  0.716943  0.621621  0.521335  0.540802  0.466411  0.653478  0.409018  0.761107  0.453075  0.475271  0.536355  0.588971  0.499669  0.574668  0.531849  0.476197  0.698567  0.543565  0.432364  0.518245  0.808849  0.511185  0.599670  0.454539  0.509406  0.539068  0.437121  0.553966  0.465170  0.728046  0.458844  1.000000  0.533960  0.796420  0.434801  0.661258  0.496301  0.369966 
9  0.605693  0.723797  0.761285  0.539590  0.475671  0.444227  0.367705  0.630426  0.537352 0.0  0.578274  0.620102  0.793589  0.655446  0.548231  0.617703  0.548494  0.520620  0.647114  0.635915  0.505483  0.536252  0.456740  0.479866  0.566262  0.576681  0.663405  0.819307  0.750927  0.559976  0.596035  0.713941  0.567280  0.561441  0.764801  0.552177  0.669389  0.585779  0.602949  0.647645  0.666537  0.699317  0.545126  0.557484  0.548108  0.612941  0.786694  0.687884  0.736352  0.841089  0.593171  0.601139  0.665913  0.643339  0.596104  0.522017  0.825385  0.639869  0.802122  0.545848  0.745417  0.632427  0.567128  0.674266  0.552472  0.638105  0.327482  0.524692  0.793725  0.668864  0.578902  0.664891  0.372597  0.573923  0.606824  0.587692  0.730232  0.352760  0.517028  0.583776  0.625074  0.838816  0.617939  0.641020  0.526203  0.545277  0.597100  0.614355  0.509805  0.509827  0.646002  0.551788  0.851461  0.613603  0.829543  0.531258  0.671544  0.627896  0.668382 
10  0.307187  0.410042  0.480974  0.314281  0.427392  0.639710  0.359449  0.419208  0.465740  0.578274 0.0  0.404405  0.659255  0.366030  0.299188  0.389818  0.569490  0.408353  0.316002  0.366517  0.687547  0.237431  0.606506  0.499863  0.485112  0.521754  0.323427  0.687426  0.386922  0.442483  0.239256  0.535681  0.328572  0.443329  0.774390  0.273248  0.555124  0.393410  0.202781  0.390823  0.424642  0.540002  0.463794  0.528836  0.426212  0.463007  0.718544  0.668635  0.639011  0.666338  0.593272  0.585885  0.373439  0.472348  0.501062  0.444052  0.597038  0.363616  0.595069  0.403835  0.454784  0.619222  0.436137  0.385522  0.551268  0.401191  0.705031  0.509019  0.699811  0.444197  0.398481  0.520317  0.631236  0.535163  0.486880  0.333495  0.472143  0.539303  0.498490  0.373469  0.329564  0.768117  0.412379  0.512322  0.309233  0.617294  0.477019  0.525246  0.523936  0.488462  0.591897  0.429747  0.705104  0.431109  0.622095  0.452905  0.461013  0.477167  0.306801 
11  0.549341  0.577964  0.471239  0.458058  0.496410  0.586291  0.516652  0.635081  0.602847  0.620102  0.404405 0.0  0.698893  0.482045  0.578566  0.290097  0.282066  0.520309  0.668028  0.626150  0.510447  0.395742  0.677394  0.478317  0.509772  0.500644  0.579831  0.671118  0.603254  0.497784  0.420411  0.555239  0.504352  0.735667  0.779156  0.421402  0.635836  0.576116  0.526455  0.601685  0.476907  0.227255  0.436251  0.436202  0.389601  0.561510  0.653547  0.696912  0.724981  0.745415  0.564763  0.603658  0.498241  0.499366  0.354548  0.541769  0.584583  0.562428  0.572616  0.364722  0.604728  0.701752  0.452705  0.597786  0.582876  0.496207  0.686907  0.628330  0.625478  0.505396  0.393852  0.509312  0.609100  0.633429  0.576129  0.518370  0.473739  0.662823  0.549547  0.523699  0.662170  0.808695  0.527624  0.239490  0.544902  0.456118  0.429203  0.670732  0.205401  0.646641  0.541329  0.539927  0.723701  0.460650  0.757804  0.571690  0.609125  0.577787  0.491572 
12  0.766038  0.747651  0.748626  0.656658  0.674220  0.894023  0.771306  0.790123  0.756404  0.793589  0.659255  0.698893 0.0  0.708048  0.812535  0.614026  0.744539  0.758874  0.708870  0.741903  0.757552  0.743080  0.782598  0.826223  0.637018  0.752275  0.634878  0.599040  0.779765  0.728483  0.680109  0.672939  0.750805  0.854447  0.694402  0.809249  0.668410  0.665550  0.579969  0.769312  0.673755  0.647499  0.782921  0.701259  0.649688  0.689794  0.371683  0.664719  0.641596  0.658694  0.723896  0.781350  0.836618  0.817851  0.801279  0.818248  0.800806  0.721965  0.714611  0.777823  0.750005  0.849715  0.674947  0.667493  0.742498  0.653427  0.900457  0.589390  0.655434  0.680911  0.676076  0.784630  0.953608  0.860931  0.757997  0.754111  0.621796  0.711481  0.769825  0.818411  0.721377  0.594787  0.870105  0.591488  0.692723  0.746206  0.689955  0.850821  0.612456  0.641809  0.725742  0.585354  0.768887  0.709693  0.643055  0.841710  0.665191  0.870522  0.748344 
13  0.370134  0.416449  0.495277  0.283488  0.427783  0.576520  0.325487  0.462455  0.584608  0.655446  0.366030  0.482045  0.708048 0.0  0.512613  0.531770  0.557015  0.574125  0.476977  0.430894  0.569946  0.396316  0.539128  0.638005  0.635672  0.449719  0.438656  0.521781  0.508487  0.384183  0.350116  0.626298  0.416360  0.330025  0.713601  0.322769  0.693824  0.447346  0.446456  0.422191  0.552150  0.586474  0.445740  0.577330  0.390984  0.434437  0.585248  0.616774  0.658473  0.730599  0.453224  0.525683  0.482703  0.373751  0.545447  0.499451  0.495166  0.440574  0.592485  0.432324  0.424344  0.629402  0.581004  0.520366  0.487339  0.369813  0.797113  0.454336  0.585308  0.400003  0.541992  0.434010  0.667295  0.570877  0.439557  0.395464  0.365115  0.702565  0.618049  0.385863  0.332356  0.740497  0.370081  0.576503  0.329173  0.536884  0.563492  0.613877  0.415122  0.515292  0.637908  0.478644  0.636591  0.398527  0.670181  0.425686  0.455172  0.450791  0.365877 
14  0.406720  0.450859  0.520238  0.458179  0.528101  0.633421  0.538287  0.435723  0.568792  0.548231  0.299188  0.578566  0.812535  0.512613 0.0  0.605038  0.588729  0.665468  0.442033  0.444052  0.678197  0.501310  0.534288  0.619355  0.640479  0.424862  0.448897  0.818639  0.274732  0.389219  0.439306  0.538803  0.363269  0.453658  0.831612  0.400427  0.794208  0.459554  0.272484  0.372121  0.344740  0.583724  0.359813  0.530595  0.461011  0.531442  0.624595  0.774986  0.845195  0.811561  0.526428  0.585446  0.404293  0.401552  0.493828  0.412613  0.776818  0.316805  0.616594  0.509737  0.403691  0.696385  0.486357  0.415692  0.383096  0.163572  0.642490  0.449655  0.811437  0.465614  0.485743  0.409254  0.721480  0.605854  0.453324  0.416846  0.320994  0.674479  0.663855  0.469067  0.499073  0.758321  0.343321  0.600012  0.499807  0.500598  0.606044  0.598265  0.506638  0.494787  0.571019  0.398780  0.779710  0.395849  0.754060  0.510247  0.340598  0.610190  0.382286 
15  0.487864  0.541547  0.596898  0.459316  0.392826  0.557480  0.537092  0.602722  0.601742  0.617703  0.389818  0.290097  0.614026  0.531770  0.605038 0.0  0.345216  0.670849  0.553729  0.711505  0.465244  0.377239  0.623843  0.423870  0.622139  0.584185  0.615181  0.726308  0.619356  0.512743  0.424925  0.543568  0.458246  0.659705  0.692561  0.517205  0.547542  0.530352  0.633914  0.558702  0.550634  0.367383  0.591864  0.547792  0.434906  0.612376  0.638517  0.559148  0.573628  0.685039  0.539991  0.553799  0.536009  0.550114  0.457904  0.622848  0.618753  0.577740  0.485238  0.393542  0.599764  0.672703  0.515593  0.664681  0.523850  0.527711  0.590046  0.568518  0.660423  0.467117  0.439554  0.560153  0.707783  0.687600  0.566733  0.484201  0.538324  0.658644  0.594206  0.536696  0.494673  0.635589  0.500734  0.314522  0.530660  0.375510  0.552423  0.626199  0.376064  0.529304  0.646199  0.531660  0.604236  0.539860  0.699881  0.580066  0.589561  0.599696  0.486952 
16  0.581339  0.511908  0.447918  0.550943  0.526021  0.616335  0.621706  0.590242  0.621631  0.548494  0.569490  0.282066  0.744539  0.557015  0.588729  0.345216 0.0  0.644212  0.502486  0.559030  0.571852  0.491615  0.512968  0.415836  0.399495  0.551214  0.645320  0.817425  0.524477  0.493426  0.427116  0.571474  0.522931  0.580671  0.647713  0.552154  0.688463  0.467014  0.453349  0.512688  0.532440  0.300819  0.488162  0.524857  0.594768  0.609305  0.690684  0.657806  0.808686  0.555082  0.471301  0.593326  0.569719  0.448925  0.501438  0.475594  0.578220  0.429510  0.575986  0.491719  0.481868  0.565941  0.520270  0.710206  0.596915  0.630410  0.639503  0.549881  0.764970  0.482380  0.439665  0.544703  0.582901  0.616639  0.527272  0.497366  0.600008  0.621366  0.630504  0.577444  0.493724  0.871322  0.386297  0.419587  0.590844  0.454266  0.412881  0.618273  0.351088  0.572934  0.538322  0.448335  0.693222  0.622963  0.734093  0.507513  0.551052  0.582494  0.588944 
17  0.603881  0.537271  0.595966  0.453893  0.616654  0.476680  0.482707  0.545934  0.452043  0.520620  0.408353  0.520309  0.758874  0.574125  0.665468  0.670849  0.644212 0.0  0.519217  0.495350  0.629017  0.411671  0.371032  0.637201  0.569438  0.714152  0.534065  0.892638  0.686970  0.656301  0.467310  0.592765  0.417016  0.601431  0.854697  0.596027  0.811309  0.569778  0.308300  0.488682  0.608707  0.495850  0.605112  0.681793  0.574446  0.629009  0.758489  0.716178  0.732316  0.769236  0.465834  0.314568  0.622617  0.556255  0.631012  0.548794  0.681408  0.642929  0.581331  0.604336  0.655280  0.466738  0.697104  0.664911  0.539710  0.631831  0.551356  0.500283  0.760118  0.594806  0.480246  0.738885  0.502946  0.469692  0.562489  0.529113  0.688150  0.508045  0.630825  0.471478  0.602424  0.755981  0.630983  0.540251  0.471025  0.452576  0.732127  0.478581  0.558209  0.474148  0.672824  0.534858  0.772638  0.563430  0.705305  0.635490  0.600143  0.436378  0.650842 
18  0.413084  0.340523  0.427065  0.335524  0.566199  0.678579  0.457059  0.457696  0.477727  0.647114  0.316002  0.668028  0.708870  0.476977  0.442033  0.553729  0.502486  0.519217 0.0  0.346084  0.596061  0.432478  0.526968  0.605453  0.450546  0.475216  0.364489  0.659829  0.227784  0.364184  0.403215  0.439521  0.366774  0.516717  0.637361  0.438992  0.651974  0.432733  0.370395  0.392780  0.273856  0.450741  0.465234  0.494861  0.472884  0.421676  0.613445  0.843579  0.760937  0.830242  0.474222  0.509333  0.353873  0.289225  0.608637  0.371546  0.609894  0.434986  0.585978  0.474272  0.388280  0.650916  0.620497  0.411972  0.452775  0.519194  0.519170  0.553766  0.793129  0.477093  0.402723  0.495453  0.722573  0.492277  0.335552  0.510483  0.449185  0.543813  0.659486  0.360518  0.377807  0.699455  0.428747  0.533557  0.441560  0.622936  0.520914  0.434698  0.567392  0.386410  0.639599  0.298593  0.581404  0.370026  0.821915  0.436956  0.446865  0.435984  0.395374 
19  0.375260  0.352239  0.595405  0.409825  0.591273  0.569010  0.299750  0.380037  0.397544  0.635915  0.366517  0.626150  0.741903  0.430894  0.444052  0.711505  0.559030  0.495350  0.346084 0.0  0.658119  0.479968  0.516719  0.587840  0.621106  0.422369  0.446779  0.774667  0.414484  0.367116  0.514933  0.633814  0.337678  0.364300  0.795673  0.500650  0.807717  0.394165  0.417451  0.423429  0.445971  0.574880  0.324906  0.508805  0.545619  0.430104  0.666014  0.844664  0.802752  0.737423  0.552966  0.548029  0.417539  0.421390  0.673210  0.530377  0.648512  0.464211  0.579502  0.437568  0.378533  0.556312  0.541858  0.344435  0.366453  0.319359  0.558961  0.525491  0.761551  0.363667  0.503301  0.403022  0.505129  0.536405  0.437117  0.432544  0.422256  0.539919  0.760992  0.393003  0.440233  0.784299  0.368981  0.611633  0.571814  0.663214  0.578831  0.364779  0.620655  0.416541  0.612221  0.405912  0.735146  0.465102  0.846856  0.369996  0.529879  0.362250  0.312799 
20  0.586973  0.481450  0.454357  0.523872  0.272555  0.551184  0.596773  0.661397  0.665731  0.505483  0.687547  0.510447  0.757552  0.569946  0.678197  0.465244  0.571852  0.629017  0.596061  0.658119 0.0  0.482046  0.710339  0.426281  0.397817  0.586717  0.599664  0.671439  0.453019  0.667110  0.478570  0.454273  0.543959  0.563057  0.665224  0.512644  0.660026  0.527051  0.400005  0.507982  0.542279  0.500204  0.572799  0.428911  0.528288  0.525187  0.628297  0.728860  0.796124  0.740061  0.488539  0.646206  0.522205  0.607559  0.613413  0.566697  0.682623  0.610657  0.581174  0.364666  0.555280  0.605565  0.645022  0.535584  0.560229  0.443406  0.593864  0.655447  0.686535  0.640895  0.470827  0.541970  0.470958  0.616552  0.461749  0.586516  0.517679  0.515277  0.604713  0.597692  0.464658  0.680655  0.479028  0.497026  0.620133  0.551453  0.529495  0.654570  0.540642  0.427379  0.540221  0.557109  0.838851  0.581091  0.842681  0.696237  0.481742  0.649948  0.606381 
21  0.352434  0.558272  0.365326  0.302234  0.539422  0.653996  0.534373  0.386453  0.433623  0.536252  0.237431  0.395742  0.743080  0.396316  0.501310  0.377239  0.491615  0.411671  0.432478  0.479968  0.482046 0.0  0.562742  0.604691  0.514032  0.461523  0.395045  0.629268  0.495127  0.299323  0.285264  0.433087  0.358824  0.421503  0.610093  0.431494  0.667041  0.445551  0.224314  0.550789  0.485800  0.427780  0.444792  0.435627  0.347271  0.522724  0.546427  0.698590  0.625377  0.677966  0.437215  0.458616  0.449082  0.471388  0.400104  0.384810  0.623011  0.485636  0.583522  0.425819  0.377181  0.699758  0.526566  0.489208  0.570390  0.382049  0.571189  0.511541  0.705918  0.482289  0.475360  0.402983  0.633787  0.467425  0.442428  0.389189  0.330205  0.652840  0.575944  0.328970  0.429519  0.642731  0.464369  0.516450  0.207964  0.634704  0.566205  0.509116  0.521405  0.569574  0.614952  0.354910  0.622516  0.512645  0.732718  0.532241  0.434040  0.577287  0.460089 
22  0.567198  0.508865  0.642993  0.526769  0.549075  0.570777  0.459643  0.573146  0.556225  0.456740  0.606506  0.677394  0.782598  0.539128  0.534288  0.623843  0.512968  0.371032  0.526968  0.516719  0.710339  0.562742 0.0  0.539080  0.665957  0.601924  0.575312  0.904458  0.506119  0.593092  0.481161  0.625173  0.450829  0.460992  0.808064  0.606419  0.836525  0.597621  0.619395  0.425509  0.627997  0.569223  0.568673  0.551288  0.479600  0.568794  0.819985  0.801338  0.808368  0.816539  0.478643  0.342862  0.590828  0.481526  0.683476  0.472599  0.636446  0.581111  0.698387  0.593021  0.494399  0.517749  0.598458  0.476761  0.543265  0.491800  0.400501  0.498177  0.982944  0.527057  0.614163  0.477519  0.524502  0.370228  0.538229  0.432332  0.557690  0.519303  0.641915  0.485207  0.508501  0.784293  0.506589  0.594388  0.538369  0.506427  0.641290  0.415084  0.592668  0.556222  0.669217  0.679772  0.852250  0.643744  0.821586  0.562381  0.695909  0.405092  0.494146 
23  0.578254  0.605079  0.557170  0.592543  0.584774  0.581880  0.573351  0.532367  0.688384  0.479866  0.499863  0.478317  0.826223  0.638005  0.619355  0.423870  0.415836  0.637201  0.605453  0.587840  0.426281  0.604691  0.539080 0.0  0.564833  0.613898  0.653016  0.701327  0.653686  0.571553  0.562305  0.498250  0.639963  0.580185  0.621745  0.592449  0.703635  0.694977  0.512615  0.584699  0.601018  0.309925  0.736525  0.507024  0.641324  0.671581  0.647519  0.705133  0.705678  0.722559  0.517595  0.542850  0.664909  0.479537  0.514308  0.434659  0.644713  0.624791  0.545127  0.506127  0.644272  0.612344  0.622278  0.525067  0.560587  0.562682  0.411549  0.557878  0.659718  0.602983  0.510173  0.553534  0.480200  0.575454  0.622185  0.662507  0.654815  0.461684  0.517524  0.538444  0.530834  0.744463  0.480641  0.350934  0.489246  0.390340  0.483557  0.565444  0.340227  0.639854  0.704950  0.642834  0.769214  0.534775  0.791848  0.566048  0.547238  0.584613  0.530882 
24  0.551424  0.473541  0.586455  0.541133  0.376069  0.460171  0.576206  0.496905  0.770661  0.566262  0.485112  0.509772  0.637018  0.635672  0.640479  0.622139  0.399495  0.569438  0.450546  0.621106  0.397817  0.514032  0.665957  0.564833 0.0  0.481992  0.571166  0.745150  0.599595  0.360398  0.711599  0.445341  0.530594  0.546459  0.658876  0.652975  0.688014  0.515947  0.590823  0.466851  0.583378  0.462711  0.476266  0.436392  0.564358  0.569804  0.728479  0.807155  0.737904  0.826173  0.537064  0.650933  0.487154  0.594407  0.517321  0.372116  0.680462  0.571307  0.538999  0.452078  0.548640  0.660413  0.546143  0.612475  0.723589  0.585394  0.429766  0.591193  0.829006  0.547641  0.450351  0.605990  0.482100  0.655146  0.483397  0.569552  0.633630  0.483720  0.655771  0.668072  0.442152  0.711653  0.494966  0.450125  0.626338  0.560967  0.552218  0.699925  0.473338  0.493884  0.598941  0.514520  0.754019  0.538662  0.752802  0.561211  0.531090  0.599554  0.621032 
25  0.361384  0.400302  0.356624  0.425063  0.589160  0.736145  0.491995  0.479240  0.547916  0.576681  0.521754  0.500644  0.752275  0.449719  0.424862  0.584185  0.551214  0.714152  0.475216  0.422369  0.586717  0.461523  0.601924  0.613898  0.481992 0.0  0.285600  0.767192  0.331520  0.322915  0.410274  0.516241  0.415311  0.374997  0.747295  0.334835  0.820799  0.400073  0.387761  0.486310  0.290134  0.525016  0.431823  0.502688  0.432980  0.302699  0.612278  0.771486  0.740715  0.736586  0.515993  0.601458  0.368350  0.319777  0.524094  0.441203  0.712329  0.210825  0.526483  0.539243  0.432713  0.757962  0.508722  0.399411  0.457371  0.281248  0.586420  0.453066  0.671159  0.329317  0.559772  0.369202  0.529309  0.572573  0.307146  0.339947  0.480463  0.601317  0.719789  0.406220  0.482637  0.693697  0.224804  0.541998  0.444620  0.589676  0.532588  0.467313  0.578817  0.359935  0.796956  0.287790  0.794644  0.462799  0.801072  0.301731  0.426909  0.426791  0.241301 
26  0.283430  0.398744  0.499449  0.323613  0.596008  0.700976  0.470492  0.373613  0.461780  0.663405  0.323427  0.579831  0.634878  0.438656  0.448897  0.615181  0.645320  0.534065  0.364489  0.446779  0.599664  0.395045  0.575312  0.653016  0.571166  0.285600 0.0  0.809738  0.329302  0.402931  0.457438  0.691213  0.374704  0.461995  0.675179  0.462269  0.720708  0.190140  0.348073  0.452085  0.249896  0.657661  0.347239  0.479565  0.386446  0.338077  0.680131  0.821061  0.793340  0.795858  0.526713  0.573665  0.366258  0.387033  0.480239  0.540853  0.662667  0.310710  0.496244  0.449775  0.234658  0.691855  0.423481  0.337465  0.443587  0.440808  0.596573  0.461942  0.714829  0.439364  0.504756  0.284903  0.557213  0.629404  0.312519  0.555140  0.364877  0.714269  0.709895  0.505105  0.422739  0.718980  0.338528  0.497613  0.416237  0.698296  0.487895  0.458306  0.732516  0.464414  0.643232  0.203900  0.700794  0.378931  0.798386  0.408299  0.509262  0.387854  0.447600 
27  0.739808  0.740212  0.673852  0.738740  0.695596  0.921977  0.715081  0.767729  0.804400  0.819307  0.687426  0.671118  0.599040  0.521781  0.818639  0.726308  0.817425  0.892638  0.659829  0.774667  0.671439  0.629268  0.904458  0.701327  0.745150  0.767192  0.809738 0.0  0.800505  0.734456  0.724060  0.773763  0.761736  0.853631  0.622389  0.690825  0.597868  0.895610  0.671048  0.658525  0.752897  0.607172  0.882138  0.681254  0.728476  0.853428  0.764278  0.348095  0.404218  0.491017  0.745874  0.815731  0.784965  0.781577  0.691452  0.638290  0.650988  0.693278  0.709691  0.664233  0.771590  0.783285  0.739619  0.776941  0.741062  0.665199  0.868665  0.685816  0.252709  0.782676  0.624684  0.684827  0.879136  0.858275  0.745010  0.715361  0.682372  0.806422  0.732392  0.767276  0.753730  0.389670  0.854642  0.654719  0.708649  0.592672  0.808386  0.962308  0.680819  0.734013  0.793710  0.732381  0.359425  0.650465  0.366425  0.727752  0.731483  0.956841  0.767945 
28  0.384839  0.300210  0.484499  0.427079  0.575885  0.754042  0.483037  0.369709  0.579440  0.750927  0.386922  0.603254  0.779765  0.508487  0.274732  0.619356  0.524477  0.686970  0.227784  0.414484  0.453019  0.495127  0.506119  0.653686  0.599595  0.331520  0.329302  0.800505 0.0  0.434244  0.431504  0.541115  0.385189  0.352262  0.696092  0.505718  0.742512  0.248508  0.449951  0.251652  0.402187  0.641841  0.276497  0.577297  0.382471  0.359031  0.554677  0.785794  0.808329  0.777966  0.434432  0.539936  0.343288  0.371606  0.597200  0.615402  0.569609  0.219320  0.504567  0.449318  0.359659  0.729387  0.556131  0.279146  0.418901  0.304294  0.670529  0.514093  0.811306  0.357092  0.578082  0.255560  0.731864  0.567772  0.307807  0.480909  0.453682  0.735653  0.643358  0.447491  0.450982  0.648399  0.353434  0.645086  0.566130  0.653361  0.601663  0.453871  0.563211  0.438202  0.689694  0.333145  0.712752  0.411956  0.802925  0.401140  0.375373  0.446617  0.279325 
29  0.417905  0.427920  0.565320  0.269259  0.571588  0.590316  0.420040  0.431824  0.506583  0.559976  0.442483  0.497784  0.728483  0.384183  0.389219  0.512743  0.493426  0.656301  0.364184  0.367116  0.667110  0.299323  0.593092  0.571553  0.360398  0.322915  0.402931  0.734456  0.434244 0.0  0.438584  0.477933  0.373005  0.388835  0.635197  0.382172  0.698754  0.399866  0.383956  0.298710  0.420456  0.478240  0.428154  0.517784  0.390737  0.439559  0.734905  0.771939  0.786166  0.586956  0.619301  0.576145  0.510113  0.425270  0.551299  0.433412  0.664698  0.497708  0.636696  0.503362  0.400270  0.705643  0.616691  0.428117  0.411332  0.413650  0.620249  0.490084  0.781418  0.431549  0.471496  0.425455  0.611679  0.549983  0.376267  0.378439  0.530981  0.606231  0.549742  0.444855  0.416657  0.670136  0.427259  0.562687  0.396158  0.520870  0.625115  0.558043  0.612721  0.411359  0.684685  0.389620  0.756136  0.450046  0.746906  0.447719  0.397590  0.497490  0.359275 
30  0.445567  0.402003  0.456054  0.343500  0.601829  0.555023  0.454818  0.495942  0.409004  0.596035  0.239256  0.420411  0.680109  0.350116  0.439306  0.424925  0.427116  0.467310  0.403215  0.514933  0.478570  0.285264  0.481161  0.562305  0.711599  0.410274  0.457438  0.724060  0.431504  0.438584 0.0  0.567889  0.229353  0.543864  0.655886  0.435112  0.583213  0.436478  0.369036  0.517736  0.419014  0.457561  0.502783  0.501350  0.236624  0.386421  0.651451  0.715180  0.636494  0.765423  0.487184  0.460103  0.401619  0.349857  0.421617  0.306711  0.698471  0.494445  0.657265  0.549575  0.467644  0.687171  0.472367  0.424497  0.492461  0.452517  0.693816  0.517206  0.739404  0.437781  0.528271  0.420889  0.571702  0.524035  0.451778  0.390567  0.403715  0.572580  0.632585  0.385150  0.552231  0.812282  0.509919  0.353198  0.290060  0.489616  0.574065  0.550155  0.557603  0.426010  0.604358  0.396730  0.655534  0.354496  0.764756  0.532713  0.416622  0.688918  0.515314 
31  0.534392  0.470144  0.582572  0.528547  0.479252  0.583787  0.626991  0.608845  0.592259  0.713941  0.535681  0.555239  0.672939  0.626298  0.538803  0.543568  0.571474  0.592765  0.439521  0.633814  0.454273  0.433087  0.625173  0.498250  0.445341  0.516241  0.691213  0.773763  0.541115  0.477933  0.567889 0.0  0.546689  0.548273  0.578414  0.585657  0.671750  0.491193  0.598026  0.509565  0.554647  0.538463  0.479476  0.561032  0.467169  0.589117  0.675586  0.702445  0.674631  0.650269  0.501914  0.651275  0.555743  0.595047  0.483705  0.469801  0.579027  0.638281  0.572241  0.349326  0.459951  0.579942  0.342046  0.481456  0.648719  0.498325  0.557716  0.653614  0.667417  0.501285  0.490882  0.583543  0.586145  0.569977  0.513521  0.513112  0.615382  0.629462  0.501713  0.646259  0.419487  0.785039  0.508611  0.589804  0.536956  0.612323  0.402424  0.569690  0.535496  0.510769  0.404059  0.524916  0.730592  0.491112  0.685774  0.501773  0.480526  0.528116  0.679614 
32  0.347955  0.394449  0.494219  0.379797  0.553152  0.590213  0.463585  0.445532  0.472587  0.567280  0.328572  0.504352  0.750805  0.416360  0.363269  0.458246  0.522931  0.417016  0.366774  0.337678  0.543959  0.358824  0.450829  0.639963  0.530594  0.415311  0.374704  0.761736  0.385189  0.373005  0.229353  0.546689 0.0  0.456595  0.588472  0.403045  0.700727  0.482929  0.428280  0.450550  0.298382  0.568549  0.390158  0.450551  0.365628  0.360030  0.674814  0.731686  0.706385  0.746077  0.428263  0.531263  0.385542  0.296490  0.603593  0.356790  0.654264  0.436777  0.665408  0.427899  0.448123  0.616284  0.499179  0.352982  0.399973  0.358179  0.588991  0.398203  0.754264  0.425820  0.409294  0.459164  0.642331  0.518208  0.401662  0.447188  0.402369  0.566902  0.568807  0.423459  0.336402  0.662461  0.482787  0.612982  0.421365  0.607178  0.490879  0.448744  0.554432  0.452240  0.571018  0.285392  0.799612  0.381519  0.828075  0.567781  0.455237  0.428482  0.445000 
33  0.424298  0.298088  0.520528  0.448967  0.552093  0.623767  0.402050  0.509699  0.533547  0.561441  0.443329  0.735667  0.854447  0.330025  0.453658  0.659705  0.580671  0.601431  0.516717  0.364300  0.563057  0.421503  0.460992  0.580185  0.546459  0.374997  0.461995  0.853631  0.352262  0.388835  0.543864  0.548273  0.456595 0.0  0.745397  0.434941  0.822872  0.323674  0.467081  0.354327  0.531533  0.545728  0.567812  0.600202  0.562350  0.491997  0.654750  0.736503  0.746450  0.835726  0.527807  0.491742  0.378979  0.405641  0.567210  0.498511  0.739446  0.477027  0.702988  0.525989  0.428406  0.740201  0.651285  0.378367  0.469801  0.438528  0.507930  0.469989  0.773860  0.290364  0.529009  0.395986  0.525633  0.637025  0.332405  0.573869  0.450896  0.742435  0.557125  0.540596  0.503946  0.760851  0.392299  0.587697  0.569291  0.674875  0.539530  0.398208  0.641663  0.417423  0.727277  0.299035  0.640669  0.414348  0.773837  0.455458  0.473257  0.447815  0.361070 
34  0.759366  0.684520  0.570551  0.706595  0.753546  0.783519  0.741943  0.808164  0.783510  0.764801  0.774390  0.779156  0.694402  0.713601  0.831612  0.692561  0.647713  0.854697  0.637361  0.795673  0.665224  0.610093  0.808064  0.621745  0.658876  0.747295  0.675179  0.622389  0.696092  0.635197  0.655886  0.578414  0.588472  0.745397 0.0  0.714664  0.359390  0.694615  0.673428  0.733772  0.758971  0.652770  0.760637  0.615793  0.664853  0.751845  0.664993  0.567268  0.633445  0.655831  0.647097  0.548612  0.718649  0.741299  0.713385  0.559831  0.713736  0.664442  0.681033  0.555564  0.746855  0.689217  0.689989  0.711529  0.694022  0.681193  0.830580  0.837160  0.703820  0.723738  0.626545  0.793992  0.845302  0.754003  0.678223  0.674357  0.616703  0.758837  0.809957  0.742290  0.581562  0.577411  0.748974  0.735523  0.675581  0.761582  0.671131  0.849991  0.654577  0.800022  0.638220  0.729892  0.576623  0.695214  0.628718  0.775802  0.647740  0.711818  0.736745 
35  0.354454  0.358064  0.343255  0.405707  0.435648  0.619923  0.413133  0.529563  0.469348  0.552177  0.273248  0.421402  0.809249  0.322769  0.400427  0.517205  0.552154  0.596027  0.438992  0.500650  0.512644  0.431494  0.606419  0.592449  0.652975  0.334835  0.462269  0.690825  0.505718  0.382172  0.435112  0.585657  0.403045  0.434941  0.714664 0.0  0.647541  0.377631  0.317229  0.394952  0.421175  0.499455  0.235567  0.506765  0.337545  0.423575  0.651787  0.512937  0.681739  0.587790  0.487847  0.525811  0.316572  0.350055  0.543934  0.490500  0.596702  0.424728  0.525818  0.403620  0.413629  0.653843  0.509297  0.430076  0.514455  0.266028  0.724695  0.394560  0.708489  0.512723  0.279363  0.372912  0.609086  0.486638  0.362954  0.375367  0.287734  0.623138  0.580872  0.499328  0.471506  0.724808  0.452457  0.509177  0.357794  0.613851  0.570545  0.562996  0.521724  0.427720  0.581579  0.496407  0.750417  0.456045  0.721943  0.581466  0.360689  0.457297  0.428162 
36  0.738870  0.774651  0.656356  0.613358  0.586889  0.840558  0.719109  0.811255  0.761220  0.669389  0.555124  0.635836  0.668410  0.693824  0.794208  0.547542  0.688463  0.811309  0.651974  0.807717  0.660026  0.667041  0.836525  0.703635  0.688014  0.820799  0.720708  0.597868  0.742512  0.698754  0.583213  0.671750  0.700727  0.822872  0.359390  0.647541 0.0  0.684445  0.725009  0.751033  0.783877  0.722317  0.852438  0.717178  0.631469  0.784592  0.736921  0.548832  0.399993  0.478641  0.722852  0.617642  0.782844  0.706166  0.781505  0.714223  0.792695  0.728609  0.833463  0.725186  0.735721  0.806538  0.722624  0.810407  0.906543  0.695184  0.862902  0.703475  0.611455  0.707213  0.571315  0.763147  0.833855  0.845100  0.703670  0.667505  0.734061  0.714405  0.872902  0.733052  0.717755  0.575031  0.739184  0.697753  0.583034  0.602482  0.565452  0.730407  0.629681  0.800882  0.613207  0.767744  0.472427  0.639179  0.483652  0.764779  0.756319  0.814986  0.774058 
37  0.313827  0.312794  0.434503  0.389811  0.483007  0.667277  0.481121  0.354138  0.535346  0.585779  0.393410  0.576116  0.665550  0.447346  0.459554  0.530352  0.467014  0.569778  0.432733  0.394165  0.527051  0.445551  0.597621  0.694977  0.515947  0.400073  0.190140  0.895610  0.248508  0.399866  0.436478  0.491193  0.482929  0.323674  0.694615  0.377631  0.684445 0.0  0.462163  0.414486  0.394131  0.515022  0.323148  0.504737  0.387073  0.334179  0.597094  0.803206  0.787801  0.817753  0.427467  0.656736  0.256906  0.385886  0.637419  0.466111  0.649590  0.382123  0.553737  0.446080  0.264404  0.737690  0.611773  0.436426  0.394965  0.386944  0.647207  0.508051  0.772291  0.308091  0.456705  0.347229  0.635980  0.450566  0.356352  0.501664  0.350066  0.593220  0.574358  0.418776  0.425279  0.827392  0.500481  0.587540  0.497429  0.659406  0.436925  0.481443  0.512256  0.507807  0.657436  0.369834  0.788140  0.399697  0.705775  0.325208  0.426332  0.358682  0.241902 
38  0.404016  0.476765  0.542054  0.353894  0.325831  0.536790  0.402164  0.485455  0.483610  0.602949  0.202781  0.526455  0.579969  0.446456  0.272484  0.633914  0.453349  0.308300  0.370395  0.417451  0.400005  0.224314  0.619395  0.512615  0.590823  0.387761  0.348073  0.671048  0.449951  0.383956  0.369036  0.598026  0.428280  0.467081  0.673428  0.317229  0.725009  0.462163 0.0  0.508378  0.312137  0.429055  0.436894  0.615402  0.447257  0.503048  0.662713  0.629674  0.711358  0.768680  0.468682  0.455589  0.461307  0.385588  0.355532  0.425130  0.660867  0.513570  0.594411  0.363814  0.454436  0.706682  0.541625  0.545998  0.496270  0.286526  0.657631  0.465665  0.717064  0.463912  0.454916  0.399509  0.606568  0.556142  0.429791  0.450997  0.429579  0.631673  0.609874  0.344516  0.422674  0.686590  0.415030  0.586119  0.327502  0.671096  0.523534  0.573548  0.617695  0.419152  0.574425  0.453771  0.688168  0.433311  0.631776  0.412282  0.398850  0.505858  0.422977 
39  0.407447  0.356150  0.497207  0.341705  0.475279  0.661477  0.540816  0.339418  0.508821  0.647645  0.390823  0.601685  0.769312  0.422191  0.372121  0.558702  0.512688  0.488682  0.392780  0.423429  0.507982  0.550789  0.425509  0.584699  0.466851  0.486310  0.452085  0.658525  0.251652  0.298710  0.517736  0.509565  0.450550  0.354327  0.733772  0.394952  0.751033  0.414486  0.508378 0.0  0.316591  0.577221  0.348628  0.563157  0.442465  0.174621  0.631033  0.658055  0.670845  0.681621  0.516611  0.569243  0.313738  0.374435  0.457125  0.563288  0.691600  0.359997  0.493505  0.424789  0.412304  0.741610  0.380014  0.437100  0.324008  0.325297  0.729843  0.331785  0.740135  0.305135  0.435535  0.304528  0.582109  0.519045  0.309527  0.547540  0.321836  0.629345  0.541414  0.463007  0.471838  0.890381  0.252748  0.546404  0.378257  0.628784  0.591601  0.545105  0.608760  0.466520  0.642467  0.388048  0.684660  0.418278  0.677314  0.320451  0.458697  0.449571  0.343132 
