99
0 0.0  0.478626  0.520692  0.625666  0.580304  0.563787  0.646328  0.583229  0.691276  0.708283  0.584151  0.570941  0.517396  0.619615  0.772547  0.493538  0.664981  0.560984  0.390022  0.695233  0.596734  0.518201  0.291575  0.543493  0.475634  0.600183  0.510044  0.619831  0.552800  0.568109  0.727722  0.637898  0.695461  0.636894  0.525244  0.564771  0.549393  0.594804  0.600346  0.533851  0.541455  0.461373  0.533777  0.467497  0.475428  0.696479  0.509366  0.681232  0.633275  0.526034  0.630526  0.539085  0.560804  0.551196  0.628686  0.552652  0.652481  0.608596  0.511216  0.646992  0.600817  0.694268  0.577262  0.630759  0.624934  0.653936  0.576039  0.521145  0.554276  0.541819  0.694406  0.565928  0.559600  0.319274  0.431904  0.545596  0.737432  0.473247  0.504056  0.779549  0.737849  0.437034  0.506668  0.712641  0.457181  0.339402  0.491800  0.459339  0.594642  0.395374  0.637160  0.574432  0.723531  0.606223  0.588637  0.546584  0.671825  0.581885  0.621408 
1  0.478626 0.0  0.544042  0.397756  0.509170  0.559467  0.534383  0.530981  0.463344  0.876301  0.553443  0.594503  0.524071  0.399290  0.730837  0.472601  0.469679  0.458245  0.270811  0.555183  0.513672  0.480592  0.417683  0.651915  0.396519  0.714855  0.507649  0.474353  0.376178  0.627445  0.720381  0.566624  0.554881  0.527385  0.415656  0.525055  0.525074  0.431658  0.507863  0.517231  0.349288  0.524486  0.567771  0.457121  0.397746  0.513406  0.546778  0.545042  0.506196  0.416446  0.534671  0.408429  0.497378  0.408534  0.390172  0.598738  0.500726  0.592809  0.458538  0.677379  0.342003  0.477902  0.442910  0.489282  0.529149  0.670451  0.458379  0.549647  0.451338  0.567389  0.560602  0.454175  0.487310  0.524727  0.427844  0.538185  0.494502  0.581646  0.565470  0.612514  0.570136  0.431421  0.453113  0.591713  0.342041  0.551105  0.443668  0.564649  0.582335  0.525473  0.523609  0.418368  0.744751  0.532990  0.513577  0.555400  0.513308  0.552042  0.556516 
2  0.520692  0.544042 0.0  0.524908  0.517633  0.490202  0.503698  0.526564  0.517785  0.736736  0.496939  0.430054  0.338681  0.325961  0.560323  0.429144  0.468137  0.499130  0.469022  0.686965  0.346649  0.407782  0.561469  0.436735  0.327921  0.627915  0.446201  0.438600  0.396013  0.476411  0.639690  0.636952  0.547412  0.472579  0.459610  0.394367  0.498267  0.400829  0.356574  0.479368  0.354451  0.527414  0.390511  0.528347  0.594279  0.475701  0.533758  0.447415  0.409478  0.561982  0.516827  0.497118  0.386603  0.433041  0.647307  0.495927  0.448264  0.501346  0.386106  0.703941  0.395951  0.618314  0.566505  0.480551  0.611597  0.629910  0.362552  0.416571  0.432433  0.500721  0.482051  0.503985  0.612590  0.487909  0.556934  0.285552  0.393090  0.388422  0.452837  0.682979  0.504082  0.450369  0.593965  0.379987  0.441299  0.547868  0.439205  0.379319  0.609440  0.427503  0.466048  0.650935  0.686338  0.393536  0.421465  0.410146  0.485139  0.584871  0.691723 
3  0.625666  0.397756  0.524908 0.0  0.472035  0.412538  0.488078  0.529986  0.367749  0.791212  0.547116  0.499711  0.369192  0.478637  0.596446  0.558944  0.281811  0.358118  0.484848  0.608915  0.420723  0.322476  0.546823  0.310252  0.506085  0.764899  0.353131  0.382783  0.503196  0.202139  0.746633  0.511888  0.452993  0.301079  0.530148  0.327801  0.535882  0.227807  0.529570  0.306429  0.414185  0.500051  0.427829  0.530006  0.447625  0.577293  0.526181  0.272276  0.428949  0.552434  0.408579  0.502064  0.385217  0.549458  0.673971  0.502906  0.363336  0.396837  0.416402  0.842179  0.567765  0.640705  0.611685  0.368969  0.322143  0.576801  0.572798  0.456836  0.370523  0.469853  0.262687  0.520779  0.431011  0.511668  0.539034  0.536025  0.231257  0.420838  0.517832  0.709067  0.396183  0.502264  0.630901  0.435868  0.582439  0.469154  0.445843  0.216810  0.555777  0.450467  0.520286  0.498800  0.682171  0.486517  0.280140  0.401694  0.301763  0.634504  0.692741 
4  0.580304  0.509170  0.517633  0.472035 0.0  0.381096  0.305416  0.491017  0.356399  0.707181  0.435932  0.340551  0.438381  0.590254  0.593965  0.506102  0.374167  0.377992  0.530103  0.594102  0.332746  0.338889  0.609053  0.492437  0.362025  0.705598  0.316089  0.314344  0.497675  0.360062  0.853638  0.508372  0.401329  0.430429  0.518127  0.276176  0.475344  0.275051  0.494790  0.323692  0.501817  0.448174  0.425312  0.681256  0.616721  0.657428  0.437008  0.287884  0.417952  0.653975  0.522848  0.555215  0.358170  0.568647  0.512934  0.433895  0.344227  0.281686  0.549099  0.679377  0.514331  0.555214  0.629463  0.338824  0.323592  0.701942  0.442107  0.549680  0.310029  0.545582  0.420095  0.653811  0.526071  0.535110  0.486982  0.452935  0.381729  0.518083  0.489753  0.741846  0.418377  0.431835  0.679999  0.342244  0.552657  0.605870  0.505769  0.417217  0.524929  0.515689  0.433276  0.753137  0.722411  0.379789  0.414211  0.441808  0.399963  0.648045  0.550402 
5  0.563787  0.559467  0.490202  0.412538  0.381096 0.0  0.354993  0.525510  0.324112  0.704756  0.491116  0.292269  0.460471  0.448637  0.639217  0.512626  0.356845  0.349427  0.569222  0.692345  0.262306  0.363786  0.572471  0.381545  0.490027  0.774354  0.437877  0.301686  0.429498  0.214277  0.774003  0.518786  0.286202  0.263692  0.444889  0.353608  0.669167  0.317018  0.509896  0.262063  0.594869  0.531522  0.416231  0.652267  0.584576  0.672202  0.380078  0.333159  0.347735  0.757262  0.460360  0.524332  0.430101  0.430479  0.427151  0.389639  0.353820  0.449853  0.353430  0.820147  0.485187  0.640926  0.598177  0.374544  0.335107  0.666169  0.495689  0.554491  0.411977  0.482444  0.247377  0.570403  0.565196  0.509123  0.479521  0.430769  0.361433  0.261662  0.622761  0.791340  0.290439  0.507854  0.689307  0.410377  0.591301  0.542311  0.609300  0.467561  0.555216  0.418727  0.614760  0.606939  0.804696  0.449354  0.401809  0.427169  0.461019  0.698540  0.536627 
6  0.646328  0.534383  0.503698  0.488078  0.305416  0.354993 0.0  0.424868  0.463043  0.653701  0.616661  0.431672  0.360451  0.402500  0.661202  0.545843  0.394338  0.393892  0.561551  0.624378  0.390662  0.325424  0.416241  0.526687  0.503020  0.670918  0.456109  0.352622  0.461855  0.399302  0.752014  0.629146  0.362176  0.289902  0.459776  0.351322  0.597197  0.341349  0.466988  0.358791  0.444196  0.511408  0.414383  0.591628  0.597328  0.493346  0.330445  0.454674  0.351190  0.656572  0.454485  0.430885  0.436369  0.574570  0.574957  0.600735  0.319798  0.349491  0.558569  0.719045  0.593150  0.549729  0.657852  0.519545  0.473187  0.683720  0.395849  0.399884  0.297838  0.613033  0.442602  0.480764  0.594085  0.595190  0.565395  0.385402  0.355501  0.453340  0.575286  0.710860  0.282454  0.500581  0.597531  0.393188  0.542069  0.573829  0.536253  0.369119  0.579551  0.481836  0.481968  0.707306  0.819636  0.394065  0.386902  0.463749  0.465932  0.606376  0.681167 
7  0.583229  0.530981  0.526564  0.529986  0.491017  0.525510  0.424868 0.0  0.503082  0.842887  0.558743  0.398135  0.424920  0.564662  0.640455  0.574983  0.482066  0.412165  0.558964  0.741492  0.351122  0.333377  0.676824  0.546984  0.641290  0.812955  0.500868  0.461070  0.534252  0.393563  0.924835  0.661689  0.435442  0.603308  0.496599  0.453379  0.423339  0.368211  0.596253  0.375469  0.511454  0.455190  0.552085  0.600703  0.606176  0.550519  0.453113  0.510531  0.546150  0.542791  0.471489  0.497087  0.478450  0.665238  0.582697  0.543721  0.496994  0.488482  0.497391  0.738343  0.583827  0.568831  0.536720  0.368833  0.430643  0.613939  0.431606  0.532503  0.455107  0.482805  0.466756  0.521631  0.692883  0.665128  0.489316  0.630401  0.446445  0.372350  0.566147  0.754073  0.422449  0.653659  0.507580  0.471113  0.558903  0.652331  0.521742  0.509633  0.721413  0.565630  0.437595  0.555501  0.925789  0.561471  0.352133  0.464334  0.463469  0.568004  0.521365 
8  0.691276  0.463344  0.517785  0.367749  0.356399  0.324112  0.463043  0.503082 0.0  0.633504  0.569689  0.290452  0.399725  0.445238  0.568451  0.524448  0.360419  0.360161  0.510037  0.650499  0.226205  0.392553  0.496068  0.405207  0.474976  0.747707  0.516780  0.414740  0.577642  0.335884  0.715741  0.531270  0.437949  0.306087  0.472994  0.461203  0.610249  0.266285  0.461096  0.370212  0.474007  0.530453  0.426473  0.637787  0.612253  0.555871  0.537315  0.407919  0.332426  0.740062  0.386866  0.401219  0.441947  0.491069  0.561911  0.384305  0.356444  0.419105  0.461351  0.846834  0.620817  0.607947  0.712279  0.220396  0.354825  0.540882  0.439339  0.604203  0.402729  0.461640  0.365962  0.490491  0.502735  0.499561  0.494175  0.420805  0.402211  0.360851  0.530492  0.658610  0.347063  0.524439  0.636959  0.357448  0.509249  0.512764  0.609371  0.379927  0.613941  0.432281  0.505152  0.616775  0.678632  0.378233  0.429504  0.387601  0.352475  0.692873  0.504429 
9  0.708283  0.876301  0.736736  0.791212  0.707181  0.704756  0.653701  0.842887  0.633504 0.0  0.608215  0.697512  0.736133  0.692552  0.643727  0.743013  0.720906  0.762237  0.792690  0.672399  0.653938  0.799670  0.704126  0.698971  0.669690  0.586695  0.733804  0.723976  0.638393  0.810922  0.468883  0.731319  0.723911  0.686138  0.734237  0.715094  0.847615  0.654794  0.612849  0.757663  0.555895  0.720371  0.589234  0.932497  0.676721  0.672082  0.678773  0.820073  0.821725  1.000000  0.765291  0.809765  0.842097  0.736764  0.805782  0.780733  0.772584  0.716498  0.642739  0.660013  0.621605  0.773562  0.634742  0.711607  0.707826  0.685555  0.769946  0.629631  0.627613  0.594862  0.717435  0.780136  0.745639  0.604951  0.777774  0.633222  0.615971  0.648844  0.858845  0.676257  0.837969  0.730527  0.779508  0.670301  0.719634  0.705204  0.722021  0.698946  0.594798  0.680994  0.742602  0.809687  0.624563  0.727775  0.745289  0.687140  0.714865  0.603377  0.824141 
10  0.584151  0.553443  0.496939  0.547116  0.435932  0.491116  0.616661  0.558743  0.569689  0.608215 0.0  0.537439  0.626120  0.409527  0.695899  0.337077  0.499078  0.460842  0.639714  0.616366  0.498890  0.468849  0.586938  0.507411  0.545222  0.647277  0.562501  0.558264  0.424133  0.660593  0.763207  0.556830  0.537754  0.572089  0.410292  0.401936  0.497612  0.442780  0.436916  0.616629  0.402983  0.377458  0.537548  0.671333  0.323745  0.591344  0.688096  0.569389  0.539377  0.722769  0.581236  0.376223  0.583866  0.559098  0.615021  0.634054  0.565001  0.509683  0.531862  0.682288  0.310287  0.637448  0.474608  0.554188  0.625943  0.794062  0.438171  0.637215  0.517505  0.372919  0.514428  0.228321  0.272231  0.490492  0.429430  0.528717  0.559197  0.630144  0.588228  0.720060  0.609049  0.414669  0.564167  0.538918  0.481891  0.560384  0.276061  0.468115  0.677207  0.569456  0.540126  0.665352  0.616579  0.481009  0.385368  0.564310  0.624946  0.471578  0.464704 
11  0.570941  0.594503  0.430054  0.499711  0.340551  0.292269  0.431672  0.398135  0.290452  0.697512  0.537439 0.0  0.334337  0.426167  0.772834  0.434984  0.365612  0.303802  0.606242  0.690413  0.315640  0.296886  0.497771  0.530068  0.554748  0.712227  0.400205  0.314941  0.569179  0.101909  0.709729  0.573021  0.399323  0.322031  0.397968  0.285186  0.570783  0.314870  0.529944  0.359519  0.454755  0.627787  0.374776  0.609619  0.540578  0.633377  0.412843  0.369093  0.420495  0.678664  0.253793  0.582809  0.438656  0.577028  0.626929  0.474621  0.398435  0.410312  0.427941  0.762615  0.592970  0.663491  0.696181  0.348282  0.442414  0.656729  0.363912  0.495909  0.511382  0.445796  0.308338  0.574271  0.466770  0.586632  0.541549  0.511991  0.452508  0.414757  0.626055  0.772829  0.480880  0.697422  0.672998  0.403741  0.679249  0.479801  0.563777  0.328635  0.599094  0.401240  0.443609  0.610556  0.627704  0.363959  0.360248  0.396513  0.325396  0.632486  0.473575 
12  0.517396  0.524071  0.338681  0.369192  0.438381  0.460471  0.360451  0.424920  0.399725  0.736133  0.626120  0.334337 0.0  0.467049  0.748830  0.517260  0.385383  0.286862  0.525369  0.740331  0.445414  0.411703  0.465621  0.522287  0.333221  0.658049  0.405818  0.416724  0.484773  0.428802  0.661481  0.631108  0.465894  0.383305  0.572985  0.312150  0.528716  0.274297  0.418564  0.234682  0.500328  0.600576  0.312783  0.680512  0.521517  0.627959  0.317291  0.516659  0.336079  0.706982  0.585109  0.484895  0.287821  0.571840  0.662571  0.551060  0.294395  0.387268  0.430061  0.717471  0.508886  0.711816  0.591115  0.362557  0.522115  0.661209  0.415822  0.550645  0.319201  0.512835  0.353063  0.479603  0.490522  0.486151  0.561563  0.363759  0.532610  0.292984  0.623159  0.691876  0.406664  0.448248  0.608399  0.388812  0.502224  0.408351  0.578621  0.362218  0.509136  0.494746  0.576985  0.659110  0.754040  0.371895  0.426987  0.403493  0.394901  0.629140  0.568854 
13  0.619615  0.399290  0.325961  0.478637  0.590254  0.448637  0.402500  0.564662  0.445238  0.692552  0.409527  0.426167  0.467049 0.0  0.607598  0.444573  0.535787  0.433986  0.492722  0.731876  0.494161  0.352570  0.469538  0.459119  0.397245  0.777210  0.416386  0.442924  0.424680  0.544644  0.675590  0.613923  0.516329  0.475051  0.416770  0.506344  0.453315  0.476396  0.346091  0.460482  0.293342  0.431777  0.333166  0.522037  0.429398  0.542198  0.519167  0.671245  0.410176  0.552519  0.535714  0.387121  0.411617  0.497495  0.592997  0.527611  0.555835  0.558977  0.464377  0.775063  0.397842  0.624967  0.541216  0.504085  0.602509  0.607720  0.373758  0.405268  0.520492  0.427985  0.457276  0.447252  0.519325  0.381275  0.515785  0.430573  0.424191  0.416477  0.572882  0.659422  0.515278  0.477673  0.571420  0.515248  0.402709  0.495165  0.451982  0.449178  0.644123  0.461938  0.385514  0.538205  0.686186  0.518142  0.476628  0.388817  0.529115  0.504218  0.602225 
14  0.772547  0.730837  0.560323  0.596446  0.593965  0.639217  0.661202  0.640455  0.568451  0.643727  0.695899  0.772834  0.748830  0.607598 0.0  0.578912  0.524097  0.672035  0.653648  0.423322  0.629860  0.656383  0.665707  0.676876  0.662293  0.715422  0.670487  0.589925  0.519306  0.589723  0.555892  0.589518  0.614928  0.577083  0.677505  0.696793  0.796400  0.546559  0.658020  0.674268  0.743904  0.626889  0.709006  0.694295  0.675398  0.686219  0.703146  0.548968  0.639821  0.672685  0.717446  0.603370  0.649757  0.744831  0.704454  0.682683  0.612767  0.751204  0.792439  0.717464  0.754518  0.671823  0.689593  0.608804  0.657936  0.270970  0.733727  0.675756  0.530852  0.581456  0.605506  0.697168  0.661384  0.490275  0.632353  0.749231  0.539495  0.595928  0.659815  0.366527  0.636276  0.611744  0.662525  0.687605  0.710702  0.708698  0.657080  0.552518  0.619689  0.715048  0.719789  0.799012  0.641565  0.722643  0.651078  0.654677  0.562546  0.644414  0.614881 
15  0.493538  0.472601  0.429144  0.558944  0.506102  0.512626  0.545843  0.574983  0.524448  0.743013  0.337077  0.434984  0.517260  0.444573  0.578912 0.0  0.457709  0.498436  0.572465  0.637274  0.552615  0.573656  0.438767  0.497094  0.452859  0.679313  0.505669  0.641409  0.463457  0.430320  0.770318  0.581970  0.614810  0.419307  0.510347  0.474575  0.612578  0.518207  0.465615  0.597699  0.418590  0.450206  0.436412  0.575844  0.544757  0.550077  0.549334  0.453046  0.432344  0.703710  0.586527  0.487792  0.613916  0.513467  0.606149  0.467264  0.551345  0.619649  0.496393  0.777627  0.333153  0.632308  0.573600  0.526907  0.614591  0.540553  0.449968  0.589036  0.587373  0.263278  0.409764  0.451722  0.341181  0.652190  0.531495  0.507445  0.491504  0.572775  0.656309  0.743708  0.492408  0.491372  0.684629  0.549696  0.480611  0.437943  0.314271  0.557768  0.631416  0.486854  0.456876  0.644997  0.711871  0.356331  0.463705  0.512728  0.488588  0.602483  0.518939 
16  0.664981  0.469679  0.468137  0.281811  0.374167  0.356845  0.394338  0.482066  0.360419  0.720906  0.499078  0.365612  0.385383  0.535787  0.524097  0.457709 0.0  0.391117  0.536137  0.752106  0.427770  0.358711  0.522939  0.372483  0.445575  0.699842  0.335786  0.242897  0.470635  0.321198  0.617659  0.632400  0.462750  0.404749  0.409687  0.429784  0.378663  0.437289  0.356042  0.454675  0.531697  0.551006  0.206874  0.615510  0.445738  0.513109  0.582625  0.329472  0.328024  0.476653  0.463480  0.465809  0.470166  0.412883  0.600755  0.483601  0.268923  0.562336  0.350197  0.780810  0.543843  0.625852  0.516085  0.354263  0.465092  0.625248  0.438824  0.506087  0.524846  0.513343  0.315689  0.586153  0.443111  0.449513  0.372141  0.374600  0.448827  0.309673  0.515943  0.742277  0.366682  0.497767  0.627437  0.382931  0.506654  0.532003  0.483007  0.315170  0.562356  0.425150  0.502268  0.648752  0.661602  0.292420  0.289658  0.292871  0.410043  0.645711  0.562824 
17  0.560984  0.458245  0.499130  0.358118  0.377992  0.349427  0.393892  0.412165  0.360161  0.762237  0.460842  0.303802  0.286862  0.433986  0.672035  0.498436  0.391117 0.0  0.512133  0.596056  0.433807  0.439694  0.515697  0.508951  0.517278  0.716514  0.366500  0.392228  0.522267  0.282819  0.661540  0.567752  0.485393  0.314151  0.514094  0.348536  0.453943  0.373213  0.502859  0.314004  0.350770  0.392199  0.359127  0.632305  0.599578  0.614387  0.433842  0.401996  0.311668  0.665424  0.369006  0.477992  0.378813  0.532898  0.650770  0.579902  0.304404  0.413379  0.454873  0.832065  0.527751  0.562135  0.596177  0.263302  0.462398  0.679072  0.403573  0.425950  0.431891  0.499987  0.331947  0.487513  0.541308  0.534171  0.542396  0.421293  0.297714  0.266627  0.498278  0.797273  0.433853  0.458293  0.609638  0.336770  0.518501  0.607907  0.570264  0.515142  0.602420  0.485121  0.391639  0.537248  0.671116  0.325877  0.411008  0.344705  0.407041  0.558527  0.482967 
18  0.390022  0.270811  0.469022  0.484848  0.530103  0.569222  0.561551  0.558964  0.510037  0.792690  0.639714  0.606242  0.525369  0.492722  0.653648  0.572465  0.536137  0.512133 0.0  0.540671  0.595153  0.453748  0.396803  0.495830  0.407536  0.637283  0.469330  0.549359  0.392802  0.555372  0.688387  0.664364  0.557640  0.484616  0.567664  0.638684  0.638135  0.385747  0.517144  0.448393  0.459904  0.519237  0.475518  0.450478  0.562859  0.554250  0.510745  0.433408  0.596030  0.439528  0.418994  0.631516  0.552510  0.263348  0.462262  0.628805  0.460841  0.595780  0.437022  0.857846  0.448549  0.468867  0.586674  0.545124  0.603547  0.734354  0.562072  0.574103  0.391557  0.552995  0.576412  0.576242  0.554956  0.588973  0.355005  0.372482  0.630260  0.518241  0.502541  0.590935  0.617357  0.328519  0.448196  0.642167  0.430792  0.427097  0.439236  0.475577  0.500485  0.517518  0.610061  0.458419  0.812054  0.616603  0.556701  0.446079  0.502406  0.573827  0.461043 
19  0.695233  0.555183  0.686965  0.608915  0.594102  0.692345  0.624378  0.741492  0.650499  0.672399  0.616366  0.690413  0.740331  0.731876  0.423322  0.637274  0.752106  0.596056  0.540671 0.0  0.671158  0.749052  0.592195  0.681410  0.647647  0.624669  0.628643  0.640703  0.651197  0.640034  0.600433  0.681243  0.717010  0.670782  0.667363  0.681725  0.728401  0.694590  0.616315  0.661550  0.605001  0.730931  0.613288  0.758620  0.612304  0.674136  0.667945  0.701264  0.654278  0.800047  0.721226  0.621813  0.691843  0.699472  0.675242  0.810215  0.681609  0.690070  0.577002  0.717953  0.718836  0.660788  0.738226  0.641050  0.687594  0.310980  0.674744  0.538649  0.627639  0.699899  0.743024  0.627518  0.669021  0.541666  0.664584  0.553142  0.615270  0.688249  0.732826  0.363029  0.668224  0.598692  0.734815  0.705000  0.645401  0.587122  0.636596  0.580298  0.594780  0.584598  0.689608  0.812951  0.602230  0.585566  0.759635  0.566413  0.725350  0.618800  0.772363 
20  0.596734  0.513672  0.346649  0.420723  0.332746  0.262306  0.390662  0.351122  0.226205  0.653938  0.498890  0.315640  0.445414  0.494161  0.629860  0.552615  0.427770  0.433807  0.595153  0.671158 0.0  0.327822  0.472765  0.481713  0.560745  0.812177  0.382674  0.377135  0.460382  0.364535  0.734575  0.462539  0.370737  0.354298  0.511468  0.269928  0.567971  0.462796  0.582189  0.328998  0.504611  0.515487  0.348970  0.632135  0.519930  0.625139  0.510242  0.463030  0.401701  0.679026  0.451279  0.529630  0.453873  0.499394  0.488270  0.541819  0.400443  0.409784  0.440179  0.617605  0.524123  0.663067  0.778592  0.353197  0.214821  0.760007  0.549236  0.570528  0.329864  0.489987  0.371851  0.594974  0.565475  0.556653  0.552489  0.426941  0.279544  0.428270  0.628055  0.598028  0.269530  0.463959  0.556390  0.462524  0.565992  0.602766  0.431280  0.354791  0.677638  0.456591  0.492893  0.644224  0.653814  0.342412  0.502232  0.449640  0.439831  0.627361  0.617989 
21  0.518201  0.480592  0.407782  0.322476  0.338889  0.363786  0.325424  0.333377  0.392553  0.799670  0.468849  0.296886  0.411703  0.352570  0.656383  0.573656  0.358711  0.439694  0.453748  0.749052  0.327822 0.0  0.467270  0.501452  0.477910  0.808727  0.430976  0.431491  0.493786  0.256952  0.746430  0.672606  0.526573  0.486419  0.470744  0.271421  0.526487  0.434588  0.459733  0.318763  0.460116  0.416262  0.407244  0.504763  0.620146  0.534974  0.513285  0.413019  0.404441  0.713924  0.324359  0.477297  0.419455  0.498756  0.605973  0.577057  0.389885  0.333380  0.457606  0.723568  0.529743  0.511222  0.636117  0.409256  0.412429  0.604429  0.443586  0.563710  0.510648  0.431364  0.516513  0.657665  0.476871  0.548777  0.456710  0.500413  0.301334  0.331275  0.609806  0.641838  0.258706  0.549287  0.706629  0.346236  0.531071  0.496405  0.636469  0.237426  0.566737  0.459013  0.499030  0.659331  0.803320  0.430140  0.445581  0.481083  0.272491  0.739225  0.531614 
22  0.291575  0.417683  0.561469  0.546823  0.609053  0.572471  0.416241  0.676824  0.496068  0.704126  0.586938  0.497771  0.465621  0.469538  0.665707  0.438767  0.522939  0.515697  0.396803  0.592195  0.472765  0.467270 0.0  0.469109  0.426475  0.690617  0.470216  0.645964  0.455654  0.604124  0.628289  0.598074  0.626449  0.645477  0.434156  0.517221  0.681716  0.581624  0.448376  0.499415  0.417445  0.508632  0.647121  0.549119  0.463941  0.583135  0.461128  0.557870  0.566280  0.601776  0.565690  0.472574  0.534134  0.374538  0.738666  0.596884  0.693105  0.613027  0.448665  0.666021  0.523658  0.603585  0.595841  0.568022  0.577950  0.725489  0.402924  0.474591  0.543429  0.543371  0.601969  0.414508  0.555590  0.295218  0.511910  0.418661  0.447495  0.508452  0.533687  0.630067  0.555667  0.418104  0.688942  0.539117  0.487949  0.283282  0.485114  0.558387  0.577570  0.479000  0.528070  0.647251  0.664510  0.547668  0.526109  0.505358  0.587856  0.578247  0.694580 
23  0.543493  0.651915  0.436735  0.310252  0.492437  0.381545  0.526687  0.546984  0.405207  0.698971  0.507411  0.530068  0.522287  0.459119  0.676876  0.497094  0.372483  0.508951  0.495830  0.681410  0.481713  0.501452  0.469109 0.0  0.466652  0.856887  0.458196  0.515312  0.431932  0.467980  0.771468  0.555389  0.446059  0.368282  0.515624  0.586087  0.439593  0.527128  0.482338  0.369929  0.508053  0.541834  0.473702  0.520615  0.471788  0.645586  0.477383  0.289246  0.402721  0.578781  0.540240  0.434299  0.466111  0.594016  0.495308  0.415940  0.538508  0.407572  0.401400  0.762963  0.533479  0.576753  0.661611  0.386435  0.433519  0.713964  0.454362  0.407946  0.468178  0.669014  0.455438  0.522953  0.564779  0.547893  0.471075  0.322452  0.533175  0.467439  0.507253  0.711195  0.493815  0.642148  0.580369  0.438578  0.546527  0.502180  0.507144  0.478540  0.628983  0.432876  0.444627  0.510102  0.796493  0.321937  0.449743  0.392197  0.525316  0.569274  0.509142 
24  0.475634  0.396519  0.327921  0.506085  0.362025  0.490027  0.503020  0.641290  0.474976  0.669690  0.545222  0.554748  0.333221  0.397245  0.662293  0.452859  0.445575  0.517278  0.407536  0.647647  0.560745  0.477910  0.426475  0.466652 0.0  0.643054  0.397881  0.546421  0.521324  0.447432  0.624429  0.710999  0.655508  0.520019  0.461711  0.421098  0.458312  0.525832  0.457287  0.486382  0.447766  0.451475  0.375584  0.704067  0.497532  0.610866  0.464469  0.470378  0.370958  0.559782  0.485884  0.548272  0.503708  0.498879  0.650416  0.461435  0.404261  0.450210  0.375364  0.818775  0.504969  0.664499  0.564185  0.488316  0.529859  0.702573  0.334767  0.420601  0.364959  0.378328  0.421216  0.480449  0.491778  0.513955  0.474347  0.355440  0.591276  0.405576  0.410985  0.680930  0.518954  0.434598  0.614426  0.533037  0.585660  0.529274  0.518130  0.457257  0.542390  0.316872  0.429324  0.535533  0.719680  0.522204  0.438694  0.431466  0.512017  0.563245  0.587569 
25  0.600183  0.714855  0.627915  0.764899  0.705598  0.774354  0.670918  0.812955  0.747707  0.586695  0.647277  0.712227  0.658049  0.777210  0.715422  0.679313  0.699842  0.716514  0.637283  0.624669  0.812177  0.808727  0.690617  0.856887  0.643054 0.0  0.742966  0.780001  0.775681  0.860214  0.359548  0.698765  0.820290  0.663981  0.724698  0.802201  0.839905  0.722605  0.718246  0.799571  0.702247  0.688494  0.780802  0.805289  0.644434  0.715023  0.692033  0.774381  0.743013  0.821076  0.888116  0.684020  0.586796  0.755971  0.773554  0.706652  0.748099  0.759830  0.589991  0.444094  0.774434  0.923260  0.751054  0.691844  0.803970  0.654432  0.743978  0.612200  0.681489  0.547953  0.651465  0.684007  0.783124  0.644039  0.781351  0.656524  0.738338  0.762850  0.825435  0.592095  0.803563  0.752775  0.763424  0.714858  0.827715  0.659151  0.666581  0.717627  0.735311  0.548780  0.755311  0.901700  0.246051  0.687056  0.733743  0.583731  0.728906  0.678802  0.947357 
26  0.510044  0.507649  0.446201  0.353131  0.316089  0.437877  0.456109  0.500868  0.516780  0.733804  0.562501  0.400205  0.405818  0.416386  0.670487  0.505669  0.335786  0.366500  0.469330  0.628643  0.382674  0.430976  0.470216  0.458196  0.397881  0.742966 0.0  0.486635  0.515536  0.380163  0.585161  0.589514  0.557494  0.436905  0.380572  0.354815  0.546827  0.458749  0.525874  0.382008  0.536389  0.419588  0.246684  0.724504  0.481176  0.661385  0.440679  0.444591  0.366611  0.496861  0.477725  0.531426  0.272059  0.599713  0.715427  0.524760  0.513225  0.322899  0.307901  0.775913  0.678769  0.686073  0.624171  0.443100  0.501819  0.617145  0.506110  0.414744  0.253807  0.562014  0.412292  0.452592  0.488954  0.388558  0.457531  0.350118  0.372659  0.383291  0.535994  0.701199  0.348430  0.456251  0.576248  0.338482  0.538707  0.571761  0.552871  0.386135  0.583618  0.347013  0.510458  0.655100  0.704391  0.340157  0.389429  0.352238  0.365666  0.641540  0.673354 
27  0.619831  0.474353  0.438600  0.382783  0.314344  0.301686  0.352622  0.461070  0.414740  0.723976  0.558264  0.314941  0.416724  0.442924  0.589925  0.641409  0.242897  0.392228  0.549359  0.640703  0.377135  0.431491  0.645964  0.515312  0.546421  0.780001  0.486635 0.0  0.534623  0.411726  0.835536  0.546069  0.392720  0.316060  0.541238  0.269640  0.504456  0.428359  0.531709  0.350836  0.552384  0.556555  0.403457  0.669279  0.604901  0.676261  0.449410  0.349888  0.386779  0.616711  0.440837  0.499285  0.345101  0.471131  0.562259  0.583668  0.464038  0.499169  0.453726  0.819959  0.576888  0.585854  0.549929  0.285702  0.324620  0.678349  0.503648  0.601750  0.461682  0.574965  0.432504  0.495657  0.434237  0.652173  0.549156  0.466645  0.330479  0.352790  0.517874  0.702782  0.365568  0.544764  0.720289  0.387308  0.651631  0.517589  0.508731  0.280754  0.621900  0.509892  0.524875  0.680703  0.688886  0.386841  0.500752  0.469675  0.393328  0.581399  0.562979 
28  0.552800  0.376178  0.396013  0.503196  0.497675  0.429498  0.461855  0.534252  0.577642  0.638393  0.424133  0.569179  0.484773  0.424680  0.519306  0.463457  0.470635  0.522267  0.392802  0.651197  0.460382  0.493786  0.455654  0.431932  0.521324  0.775681  0.515536  0.534623 0.0  0.512423  0.743042  0.669356  0.556112  0.515637  0.541847  0.524081  0.525708  0.588463  0.487448  0.567732  0.377457  0.553853  0.557941  0.448803  0.582134  0.606945  0.555853  0.454360  0.539505  0.453144  0.486539  0.431283  0.431970  0.439750  0.553864  0.583699  0.531540  0.639760  0.489858  0.748737  0.544667  0.604863  0.550916  0.547706  0.584838  0.615711  0.322800  0.572710  0.494213  0.541367  0.588398  0.578213  0.436107  0.375907  0.401340  0.570121  0.509785  0.609477  0.597299  0.773190  0.589469  0.226591  0.513997  0.551948  0.280278  0.410216  0.590024  0.544472  0.595572  0.451880  0.496655  0.522012  0.648398  0.566309  0.466682  0.477604  0.456540  0.538425  0.551512 
29  0.568109  0.627445  0.476411  0.202139  0.360062  0.214277  0.399302  0.393563  0.335884  0.810922  0.660593  0.101909  0.428802  0.544644  0.589723  0.430320  0.321198  0.282819  0.555372  0.640034  0.364535  0.256952  0.604124  0.467980  0.447432  0.860214  0.380163  0.411726  0.512423 0.0  0.881594  0.632181  0.420123  0.326194  0.394190  0.223161  0.529985  0.367073  0.527100  0.170316  0.542661  0.529655  0.408999  0.590140  0.504151  0.556429  0.605487  0.386218  0.276349  0.691191  0.355970  0.417439  0.355159  0.649222  0.550562  0.500005  0.212347  0.362286  0.507590  0.738730  0.595090  0.671071  0.649717  0.429723  0.383744  0.644104  0.546791  0.527810  0.367098  0.561800  0.260491  0.495569  0.479608  0.621731  0.552848  0.402803  0.263347  0.494427  0.588757  0.741931  0.290288  0.442066  0.580981  0.378569  0.601163  0.519298  0.608636  0.262089  0.651786  0.492162  0.505424  0.669036  0.691859  0.371674  0.504682  0.440037  0.331999  0.555553  0.718046 
30  0.727722  0.720381  0.639690  0.746633  0.853638  0.774003  0.752014  0.924835  0.715741  0.468883  0.763207  0.709729  0.661481  0.675590  0.555892  0.770318  0.617659  0.661540  0.688387  0.600433  0.734575  0.746430  0.628289  0.771468  0.624429  0.359548  0.585161  0.835536  0.743042  0.881594 0.0  0.631674  0.677099  0.807449  0.723643  0.831298  0.836923  0.719667  0.652679  0.792559  0.738193  0.624039  0.638899  0.876063  0.662002  0.767991  0.731425  0.713602  0.846301  0.985692  0.682657  0.693433  0.830665  0.745122  0.895556  0.833162  0.675759  0.699044  0.736342  0.426298  0.691861  0.911680  0.656482  0.734819  0.957496  0.771411  0.686501  0.721604  0.705573  0.704816  0.789178  0.628652  0.730649  0.720466  0.641361  0.697235  0.654062  0.722366  0.790988  0.601212  0.810321  0.681801  0.810444  0.769231  0.803522  0.668068  0.674609  0.797181  0.685950  0.586215  0.664179  0.899101  0.285651  0.824774  0.783212  0.771089  0.807087  0.740662  0.833868 
31  0.637898  0.566624  0.636952  0.511888  0.508372  0.518786  0.629146  0.661689  0.531270  0.731319  0.556830  0.573021  0.631108  0.613923  0.589518  0.581970  0.632400  0.567752  0.664364  0.681243  0.462539  0.672606  0.598074  0.555389  0.710999  0.698765  0.589514  0.546069  0.669356  0.632181  0.631674 0.0  0.687163  0.556395  0.631868  0.650239  0.745450  0.465099  0.587023  0.537286  0.657851  0.531021  0.674525  0.649648  0.384415  0.419474  0.653272  0.530568  0.654825  0.741493  0.636131  0.571350  0.701682  0.630442  0.716106  0.608886  0.711588  0.659535  0.576787  0.653108  0.647072  0.723036  0.544094  0.566564  0.539681  0.492061  0.671977  0.583309  0.585802  0.493942  0.590976  0.626809  0.450247  0.585920  0.605521  0.577201  0.607541  0.649517  0.596614  0.737206  0.617388  0.571193  0.743581  0.518483  0.625649  0.662145  0.641964  0.562672  0.460471  0.655832  0.556355  0.792518  0.667123  0.545991  0.623627  0.607056  0.615290  0.487981  0.619729 
32  0.695461  0.554881  0.547412  0.452993  0.401329  0.286202  0.362176  0.435442  0.437949  0.723911  0.537754  0.399323  0.465894  0.516329  0.614928  0.614810  0.462750  0.485393  0.557640  0.717010  0.370737  0.526573  0.626449  0.446059  0.655508  0.820290  0.557494  0.392720  0.556112  0.420123  0.677099  0.687163 0.0  0.477799  0.573016  0.402784  0.541657  0.369818  0.488218  0.437242  0.655988  0.517404  0.553998  0.531911  0.702859  0.729691  0.428568  0.487096  0.436999  0.692887  0.461477  0.520375  0.407225  0.548350  0.456819  0.464763  0.428151  0.461183  0.462792  0.722754  0.644908  0.495768  0.646830  0.315742  0.380111  0.591257  0.627155  0.559327  0.522314  0.506999  0.332666  0.519260  0.596832  0.552490  0.534375  0.540778  0.379015  0.468845  0.398161  0.812178  0.384277  0.608565  0.496877  0.458785  0.548776  0.575436  0.599882  0.295247  0.597106  0.496130  0.498464  0.481065  0.709803  0.436870  0.557651  0.353691  0.332018  0.612250  0.531749 
33  0.636894  0.527385  0.472579  0.301079  0.430429  0.263692  0.289902  0.603308  0.306087  0.686138  0.572089  0.322031  0.383305  0.475051  0.577083  0.419307  0.404749  0.314151  0.484616  0.670782  0.354298  0.486419  0.645477  0.368282  0.520019  0.663981  0.436905  0.316060  0.515637  0.326194  0.807449  0.556395  0.477799 0.0  0.475807  0.388719  0.507156  0.420090  0.452949  0.355950  0.519541  0.494460  0.334813  0.681317  0.502326  0.572093  0.364383  0.356565  0.379729  0.683237  0.429180  0.477814  0.400685  0.590934  0.633013  0.494180  0.347229  0.478845  0.424730  0.679336  0.547328  0.669033  0.665686  0.351493  0.364964  0.561527  0.438040  0.467804  0.382141  0.413818  0.347710  0.487841  0.542681  0.562121  0.530627  0.435281  0.365477  0.357684  0.421232  0.776079  0.192457  0.658554  0.684707  0.360092  0.591430  0.525921  0.559279  0.456404  0.603905  0.342931  0.470371  0.659857  0.671951  0.389279  0.451374  0.434060  0.398670  0.680360  0.517179 
34  0.525244  0.415656  0.459610  0.530148  0.518127  0.444889  0.459776  0.496599  0.472994  0.734237  0.410292  0.397968  0.572985  0.416770  0.677505  0.510347  0.409687  0.514094  0.567664  0.667363  0.511468  0.470744  0.434156  0.515624  0.461711  0.724698  0.380572  0.541238  0.541847  0.394190  0.723643  0.631868  0.573016  0.475807 0.0  0.559781  0.413371  0.480552  0.451636  0.553741  0.370148  0.603438  0.583982  0.491629  0.394421  0.591308  0.629489  0.490948  0.524996  0.539860  0.561257  0.269063  0.512575  0.529512  0.564881  0.435089  0.458935  0.594751  0.491730  0.805737  0.479118  0.542143  0.531474  0.511901  0.468904  0.627974  0.306068  0.362768  0.538652  0.344505  0.456893  0.492230  0.550506  0.556525  0.500228  0.379721  0.404903  0.607685  0.510366  0.810907  0.529414  0.486953  0.501062  0.461690  0.524155  0.607354  0.446034  0.406012  0.736697  0.488822  0.373495  0.542918  0.605018  0.429195  0.380468  0.446704  0.604048  0.558322  0.514245 
35  0.564771  0.525055  0.394367  0.327801  0.276176  0.353608  0.351322  0.453379  0.461203  0.715094  0.401936  0.285186  0.312150  0.506344  0.696793  0.474575  0.429784  0.348536  0.638684  0.681725  0.269928  0.271421  0.517221  0.586087  0.421098  0.802201  0.354815  0.269640  0.524081  0.223161  0.831298  0.650239  0.402784  0.388719  0.559781 0.0  0.522545  0.374871  0.484364  0.373383  0.565758  0.527367  0.384142  0.550807  0.592407  0.451248  0.431516  0.311712  0.358801  0.686876  0.404237  0.371219  0.426743  0.588170  0.524229  0.617138  0.366453  0.530635  0.475183  0.820972  0.528922  0.693663  0.564826  0.327311  0.371015  0.588884  0.495521  0.505368  0.362182  0.513333  0.231468  0.496050  0.463233  0.576518  0.528143  0.493143  0.393834  0.346171  0.448614  0.690736  0.372036  0.509294  0.669192  0.397393  0.593661  0.570899  0.586639  0.303097  0.682808  0.455173  0.494062  0.725324  0.669657  0.494797  0.406199  0.373940  0.242900  0.683588  0.645428 
36  0.549393  0.525074  0.498267  0.535882  0.475344  0.669167  0.597197  0.423339  0.610249  0.847615  0.497612  0.570783  0.528716  0.453315  0.796400  0.612578  0.378663  0.453943  0.638135  0.728401  0.567971  0.526487  0.681716  0.439593  0.458312  0.839905  0.546827  0.504456  0.525708  0.529985  0.836923  0.745450  0.541657  0.507156  0.413371  0.522545 0.0  0.621553  0.501221  0.534848  0.564003  0.512438  0.493425  0.493419  0.477509  0.624466  0.473271  0.538998  0.453309  0.542187  0.422181  0.538718  0.644891  0.613826  0.673130  0.376346  0.400439  0.478036  0.415283  0.678571  0.687616  0.618947  0.648473  0.521899  0.460131  0.728098  0.399209  0.519426  0.433245  0.601724  0.525482  0.451564  0.598715  0.673069  0.544774  0.500358  0.562479  0.466515  0.494320  0.811211  0.509955  0.578006  0.578815  0.443198  0.566367  0.556872  0.645284  0.520094  0.732688  0.518494  0.369980  0.580806  0.737479  0.531332  0.331311  0.488216  0.495049  0.704196  0.634657 
37  0.594804  0.431658  0.400829  0.227807  0.275051  0.317018  0.341349  0.368211  0.266285  0.654794  0.442780  0.314870  0.274297  0.476396  0.546559  0.518207  0.437289  0.373213  0.385747  0.694590  0.462796  0.434588  0.581624  0.527128  0.525832  0.722605  0.458749  0.428359  0.588463  0.367073  0.719667  0.465099  0.369818  0.420090  0.480552  0.374871  0.621553 0.0  0.416660  0.297022  0.517777  0.517463  0.362699  0.593949  0.426060  0.539701  0.431325  0.306993  0.313264  0.556892  0.431347  0.444196  0.418468  0.459187  0.642366  0.572624  0.260365  0.457363  0.347394  0.809218  0.474145  0.601878  0.505535  0.353215  0.417025  0.610873  0.417863  0.525108  0.348838  0.560735  0.346367  0.554585  0.523954  0.466417  0.452573  0.524624  0.362527  0.299342  0.533113  0.717904  0.316967  0.522069  0.405295  0.338791  0.620980  0.495232  0.537872  0.392826  0.643957  0.404137  0.458923  0.553198  0.724728  0.427779  0.353565  0.375605  0.443950  0.565042  0.604985 
38  0.600346  0.507863  0.356574  0.529570  0.494790  0.509896  0.466988  0.596253  0.461096  0.612849  0.436916  0.529944  0.418564  0.346091  0.658020  0.465615  0.356042  0.502859  0.517144  0.616315  0.582189  0.459733  0.448376  0.482338  0.457287  0.718246  0.525874  0.531709  0.487448  0.527100  0.652679  0.587023  0.488218  0.452949  0.451636  0.484364  0.501221  0.416660 0.0  0.481998  0.429580  0.461870  0.385272  0.795342  0.467900  0.505746  0.453556  0.494851  0.386448  0.554663  0.451657  0.355833  0.408225  0.406963  0.672110  0.554205  0.552945  0.481781  0.417402  0.714300  0.508223  0.641944  0.586660  0.522103  0.625031  0.823236  0.368307  0.308696  0.496601  0.396125  0.593172  0.610784  0.467302  0.348151  0.431821  0.409232  0.518824  0.321292  0.548470  0.757675  0.494438  0.569284  0.584354  0.431623  0.489692  0.440698  0.495423  0.541493  0.627378  0.422640  0.380895  0.648872  0.643968  0.440422  0.441253  0.390803  0.507688  0.728095  0.556364 
39  0.533851  0.517231  0.479368  0.306429  0.323692  0.262063  0.358791  0.375469  0.370212  0.757663  0.616629  0.359519  0.234682  0.460482  0.674268  0.597699  0.454675  0.314004  0.448393  0.661550  0.328998  0.318763  0.499415  0.369929  0.486382  0.799571  0.382008  0.350836  0.567732  0.170316  0.792559  0.537286  0.437242  0.355950  0.553741  0.373383  0.534848  0.297022  0.481998 0.0  0.452419  0.440246  0.419402  0.508103  0.591831  0.596616  0.505027  0.354556  0.357980  0.664369  0.461614  0.584528  0.437907  0.505991  0.569413  0.479388  0.357553  0.420241  0.463224  0.774446  0.553997  0.601215  0.591082  0.404451  0.355034  0.604221  0.504435  0.550023  0.408882  0.555489  0.419957  0.593424  0.584097  0.616483  0.507581  0.509614  0.362183  0.505715  0.617457  0.778940  0.385301  0.661355  0.638496  0.473123  0.572954  0.569889  0.511681  0.295876  0.656140  0.421658  0.555317  0.568821  0.802673  0.416403  0.524001  0.329568  0.408136  0.706748  0.478340 
