99
0 0.0  0.536495  0.547414  0.496451  0.671051  0.508691  0.787281  0.283423  0.321421  0.522776  0.369845  0.438672  0.557434  0.225596  0.489200  0.548960  0.680355  0.543670  0.405645  0.482562  0.564136  0.475520  0.749268  0.558552  0.862319  0.464980  0.460844  0.628520  0.835337  0.841367  0.469662  0.640169  0.415600  0.555214  0.743383  0.698318  0.319025  0.568912  0.631974  0.427035  0.638754  0.368249  0.515297  0.554147  0.398721  0.488843  0.694788  0.692467  0.680742  0.419870  0.501901  0.708502  0.494316  0.403029  0.585810  0.535272  0.456325  0.450891  0.573733  0.355591  0.497319  0.532686  0.453221  0.354852  0.353667  0.615030  0.478686  0.273422  0.619075  0.328203  0.374429  0.535137  0.411545  0.360317  0.753786  0.534949  0.631447  0.649582  0.619593  0.604957  0.527517  0.510843  0.704672  0.541920  0.535119  0.803518  0.485592  0.373366  0.688901  0.308663  0.546010  0.304389  0.555927  0.579991  0.295506  0.776074  0.358673  0.608794  0.515622 
1  0.536495 0.0  0.544791  0.543152  0.620025  0.653856  0.656692  0.485078  0.449553  0.576051  0.605887  0.561633  0.377976  0.530100  0.507298  0.576298  0.632456  0.570600  0.535490  0.593450  0.444015  0.428397  0.765415  0.472333  0.857173  0.662133  0.340089  0.451829  0.722742  0.792067  0.504154  0.645264  0.299732  0.386021  0.711439  0.389394  0.583850  0.410614  0.649033  0.563052  0.560167  0.567573  0.647424  0.529478  0.616935  0.547719  0.689083  0.681627  0.498059  0.644026  0.460903  0.754614  0.519545  0.638247  0.601671  0.578428  0.484911  0.534158  0.394099  0.554482  0.527153  0.550309  0.351737  0.561831  0.443773  0.524986  0.558666  0.590613  0.550333  0.528072  0.522684  0.751296  0.440209  0.601508  0.665262  0.642924  0.580508  0.516490  0.606166  0.414901  0.375088  0.579438  0.465228  0.701147  0.652325  0.708102  0.480866  0.433606  0.476340  0.508162  0.435165  0.541922  0.817243  0.491824  0.622077  0.692020  0.629556  0.555248  0.579854 
2  0.547414  0.544791 0.0  0.530583  0.270012  0.709547  0.669535  0.629353  0.608057  0.369957  0.549669  0.492862  0.597981  0.666794  0.436729  0.600991  0.520535  0.475242  0.636183  0.591344  0.527647  0.589252  0.777643  0.585042  0.670074  0.569610  0.471815  0.585402  0.658072  0.700093  0.475898  0.462222  0.595055  0.558499  0.768702  0.380198  0.605074  0.473786  0.670746  0.572132  0.321169  0.577563  0.531853  0.474037  0.532480  0.578549  0.618201  0.526948  0.811148  0.558999  0.435280  0.657126  0.676745  0.755634  0.424504  0.376060  0.560642  0.529199  0.437005  0.588868  0.415296  0.517095  0.555199  0.522782  0.665893  0.520843  0.651653  0.540202  0.450639  0.508204  0.699475  0.619455  0.516265  0.711336  0.622680  0.632578  0.768345  0.283841  0.534196  0.397549  0.298718  0.641917  0.398103  0.519329  0.561462  0.680911  0.454244  0.679641  0.475200  0.642043  0.525537  0.517009  0.458915  0.383211  0.581593  0.795250  0.609477  0.441885  0.515635 
3  0.496451  0.543152  0.530583 0.0  0.480193  0.641029  0.741579  0.539719  0.571862  0.497884  0.538036  0.556912  0.364909  0.607827  0.545459  0.373857  0.622810  0.397115  0.503315  0.519320  0.616709  0.483147  0.741515  0.553103  0.728590  0.577664  0.503968  0.605899  0.660910  0.824638  0.577276  0.346686  0.754236  0.506764  0.733075  0.581957  0.564607  0.686099  0.552895  0.501380  0.572108  0.605549  0.482320  0.597943  0.613994  0.651319  0.530552  0.373849  0.507768  0.509748  0.472409  0.679305  0.527259  0.653112  0.351896  0.544436  0.526400  0.457177  0.454444  0.492504  0.432677  0.593000  0.427893  0.521957  0.555199  0.505142  0.525336  0.471640  0.500543  0.489193  0.516860  0.450707  0.572991  0.552685  0.671904  0.602482  0.637735  0.480634  0.344915  0.574987  0.604441  0.503374  0.416088  0.321653  0.603863  0.766578  0.494695  0.629301  0.369257  0.489389  0.519676  0.679618  0.680014  0.376857  0.444242  0.720345  0.538742  0.544526  0.349219 
4  0.671051  0.620025  0.270012  0.480193 0.0  0.719998  0.553336  0.644185  0.540635  0.472269  0.421489  0.481499  0.355547  0.602565  0.483446  0.626531  0.443153  0.363622  0.546878  0.597351  0.589950  0.489980  0.678887  0.389632  0.675344  0.454791  0.431131  0.599758  0.822156  0.687376  0.354700  0.504811  0.683428  0.456729  0.573863  0.509102  0.605121  0.438280  0.583979  0.620363  0.378058  0.484523  0.602375  0.435300  0.487841  0.445669  0.624311  0.584109  0.605524  0.531821  0.454708  0.623147  0.519955  0.550920  0.470584  0.299428  0.551782  0.391191  0.407859  0.531952  0.513734  0.415316  0.464350  0.571450  0.570549  0.498351  0.514102  0.545371  0.287329  0.495150  0.627130  0.549906  0.584476  0.493981  0.571883  0.575812  0.605793  0.534623  0.701449  0.307362  0.342138  0.550612  0.406880  0.559268  0.359898  0.647095  0.448717  0.531355  0.426520  0.674632  0.495713  0.450720  0.509877  0.576462  0.653561  0.773821  0.528446  0.564766  0.549149 
5  0.508691  0.653856  0.709547  0.641029  0.719998 0.0  0.807411  0.619067  0.453978  0.416932  0.599657  0.692542  0.627265  0.442018  0.644203  0.323729  0.788594  0.661591  0.632284  0.607302  0.411639  0.570638  0.846545  0.528991  0.924783  0.493951  0.588720  0.672248  0.759933  0.982948  0.641212  0.565267  0.547597  0.534848  0.863969  0.629376  0.494641  0.563970  0.714298  0.747700  0.556479  0.592601  0.396204  0.657840  0.664159  0.723340  0.755725  0.313075  0.698843  0.523143  0.664115  0.713854  0.483246  0.478476  0.491683  0.540338  0.686614  0.657752  0.568928  0.557815  0.715416  0.505679  0.679571  0.592905  0.664228  0.540974  0.632511  0.476556  0.592898  0.573899  0.636434  0.360343  0.560351  0.500662  0.810793  0.707743  0.654421  0.552153  0.446051  0.638198  0.531047  0.611362  0.494148  0.394757  0.616440  0.847568  0.633770  0.532902  0.592694  0.656520  0.671474  0.417235  0.636115  0.496806  0.423215  0.777378  0.570572  0.624602  0.542651 
6  0.787281  0.656692  0.669535  0.741579  0.553336  0.807411 0.0  0.784508  0.811897  0.693219  0.769915  0.829744  0.722048  0.774217  0.618312  0.872139  0.605989  0.646442  0.762076  0.758668  0.830200  0.632405  0.564689  0.648816  0.515224  0.722889  0.620971  0.745732  0.493648  0.508862  0.733285  0.780790  0.846475  0.711005  0.521940  0.555384  0.683089  0.618164  0.705938  0.782407  0.588248  0.780244  0.857682  0.627193  0.736409  0.725213  0.677695  0.831246  0.714591  0.680258  0.584368  0.680387  0.832083  0.828757  0.628138  0.690159  0.759293  0.666082  0.724483  0.610728  0.672491  0.678755  0.800593  0.673008  0.686236  0.675890  0.683954  0.715144  0.660895  0.712218  0.708413  0.748392  0.867132  0.774693  0.263469  0.689750  0.779082  0.718362  0.963580  0.672158  0.671413  0.818401  0.750377  0.766111  0.731216  0.469115  0.681192  0.858469  0.615264  0.741319  0.784899  0.768140  0.666043  0.681454  0.728305  0.630596  0.718080  0.625304  0.754732 
7  0.283423  0.485078  0.629353  0.539719  0.644185  0.619067  0.784508 0.0  0.418621  0.574979  0.424019  0.471394  0.524988  0.495879  0.479088  0.519196  0.554391  0.572273  0.362505  0.381056  0.440544  0.455427  0.827894  0.403929  0.911734  0.474257  0.488515  0.444434  0.753639  0.838707  0.517474  0.573038  0.438207  0.398270  0.693715  0.523523  0.470878  0.393804  0.427915  0.446620  0.652480  0.441075  0.459073  0.438524  0.552469  0.482912  0.646219  0.565810  0.746503  0.407981  0.461012  0.710982  0.510303  0.399047  0.440078  0.585730  0.454906  0.470536  0.455337  0.352136  0.292148  0.516201  0.456097  0.429050  0.523397  0.567136  0.378281  0.439160  0.587455  0.355803  0.430214  0.583163  0.460136  0.498716  0.737774  0.594115  0.583944  0.610792  0.578006  0.579725  0.533278  0.480832  0.540359  0.481573  0.568272  0.749872  0.484282  0.376532  0.505664  0.429323  0.472201  0.381031  0.652522  0.460888  0.414982  0.714554  0.476820  0.612440  0.582428 
8  0.321421  0.449553  0.608057  0.571862  0.540635  0.453978  0.811897  0.418621 0.0  0.507648  0.588759  0.450962  0.547927  0.459252  0.403905  0.398949  0.667918  0.626899  0.535769  0.404533  0.516490  0.325102  0.685876  0.432049  0.849185  0.423796  0.407020  0.527129  0.814782  0.802710  0.543052  0.543184  0.581144  0.512587  0.790394  0.610191  0.460296  0.263271  0.648799  0.377183  0.534703  0.423608  0.550017  0.428410  0.521248  0.515754  0.810276  0.477929  0.742416  0.442192  0.314213  0.639599  0.468253  0.447387  0.510324  0.424054  0.480290  0.346967  0.470137  0.402528  0.413429  0.483959  0.329591  0.429972  0.471044  0.532978  0.271112  0.451112  0.531577  0.399936  0.414956  0.594165  0.345699  0.350721  0.783753  0.684578  0.605772  0.515960  0.488340  0.519490  0.454800  0.501836  0.636759  0.562610  0.415638  0.790735  0.442296  0.436613  0.484513  0.410333  0.405130  0.317479  0.568104  0.684148  0.413602  0.742989  0.329981  0.658674  0.472508 
9  0.522776  0.576051  0.369957  0.497884  0.472269  0.416932  0.693219  0.574979  0.507648 0.0  0.517551  0.576427  0.374185  0.496948  0.507173  0.520628  0.616407  0.515774  0.548891  0.559924  0.540154  0.444593  0.728200  0.552356  0.821672  0.484651  0.534968  0.627070  0.669211  0.822842  0.517407  0.548274  0.596634  0.581974  0.657877  0.397238  0.480911  0.498039  0.603497  0.467038  0.294944  0.542671  0.586588  0.504700  0.522407  0.552512  0.695177  0.498427  0.576015  0.528264  0.418354  0.696232  0.524215  0.550233  0.419924  0.376178  0.576979  0.554749  0.503823  0.564184  0.511965  0.601801  0.464271  0.621427  0.466864  0.425650  0.426306  0.543645  0.455820  0.499599  0.663688  0.671690  0.560770  0.519902  0.698408  0.742249  0.637523  0.339942  0.658464  0.537164  0.349868  0.513657  0.379032  0.425520  0.402625  0.763267  0.490151  0.659316  0.500472  0.517165  0.507199  0.614816  0.611590  0.400436  0.538087  0.765184  0.455309  0.517240  0.407085 
10  0.369845  0.605887  0.549669  0.538036  0.421489  0.599657  0.769915  0.424019  0.588759  0.517551 0.0  0.245647  0.426854  0.425351  0.466855  0.620071  0.619846  0.514403  0.334338  0.330658  0.497005  0.447332  0.728883  0.501968  0.730321  0.390266  0.353208  0.569393  0.772840  0.799349  0.501299  0.547559  0.503512  0.623755  0.717138  0.647926  0.376796  0.450970  0.676838  0.320971  0.491507  0.392804  0.711175  0.319808  0.372719  0.326042  0.644572  0.659690  0.525268  0.452888  0.493455  0.594710  0.312905  0.374241  0.491993  0.489150  0.441485  0.479026  0.536900  0.431147  0.518803  0.573950  0.418492  0.428755  0.404205  0.638393  0.295904  0.341858  0.605868  0.350093  0.430293  0.685035  0.308896  0.460711  0.711073  0.623541  0.783369  0.596003  0.546955  0.548244  0.577937  0.209903  0.481123  0.475423  0.561649  0.832604  0.507059  0.413013  0.487978  0.475969  0.484893  0.286136  0.515995  0.562051  0.243065  0.706917  0.373107  0.557784  0.627471 
11  0.438672  0.561633  0.492862  0.556912  0.481499  0.692542  0.829744  0.471394  0.450962  0.576427  0.245647 0.0  0.469386  0.450999  0.293504  0.653358  0.542931  0.504801  0.354324  0.344288  0.590510  0.402161  0.759907  0.565173  0.760859  0.453355  0.487586  0.579166  0.641005  0.661144  0.563597  0.606291  0.595971  0.519449  0.694072  0.588477  0.442649  0.397177  0.642817  0.386644  0.481454  0.385847  0.494807  0.424928  0.458273  0.409762  0.643290  0.529318  0.573387  0.347600  0.332877  0.694085  0.489518  0.469371  0.502483  0.513200  0.343877  0.441800  0.522095  0.260317  0.314830  0.595574  0.414427  0.352329  0.270312  0.407164  0.273466  0.389112  0.470634  0.290051  0.389122  0.608649  0.535072  0.434041  0.695228  0.686315  0.672773  0.719880  0.662556  0.462284  0.500615  0.516146  0.585326  0.508579  0.582925  0.783947  0.467942  0.358666  0.530835  0.407810  0.468221  0.355895  0.592322  0.304045  0.354035  0.711636  0.338270  0.538586  0.426796 
12  0.557434  0.377976  0.597981  0.364909  0.355547  0.627265  0.722048  0.524988  0.547927  0.374185  0.426854  0.469386 0.0  0.532760  0.433754  0.570186  0.699416  0.487176  0.490770  0.380588  0.478720  0.450616  0.635508  0.290701  0.740455  0.489011  0.356547  0.581329  0.739643  0.677276  0.552190  0.595375  0.575197  0.448740  0.861276  0.561230  0.513016  0.393416  0.456909  0.491747  0.548652  0.530199  0.610076  0.475103  0.605736  0.548740  0.503693  0.614293  0.554507  0.421173  0.377427  0.681809  0.585114  0.552977  0.514553  0.575024  0.413009  0.510493  0.291944  0.455509  0.532229  0.659748  0.446961  0.487198  0.498431  0.439989  0.487546  0.605705  0.538278  0.336918  0.563997  0.569858  0.455207  0.577511  0.772967  0.709642  0.565939  0.598348  0.567896  0.408390  0.568981  0.517830  0.567269  0.354993  0.540446  0.698022  0.400507  0.509361  0.532164  0.440744  0.352767  0.467356  0.672016  0.358141  0.455462  0.809244  0.321773  0.441796  0.459189 
13  0.225596  0.530100  0.666794  0.607827  0.602565  0.442018  0.774217  0.495879  0.459252  0.496948  0.425351  0.450999  0.532760 0.0  0.439638  0.531146  0.641128  0.635178  0.310522  0.465976  0.558512  0.401382  0.734326  0.536268  0.847109  0.509939  0.554309  0.641628  0.740047  0.776087  0.504388  0.527780  0.527803  0.614603  0.824744  0.695835  0.381710  0.416828  0.571249  0.402266  0.670330  0.272537  0.496415  0.457190  0.533779  0.439856  0.701798  0.629146  0.690861  0.295025  0.503660  0.656400  0.545317  0.244075  0.461065  0.626976  0.534748  0.497895  0.454951  0.386362  0.452367  0.588995  0.511318  0.344276  0.302854  0.501841  0.253318  0.298165  0.613242  0.308460  0.434821  0.604421  0.361250  0.388907  0.864058  0.657031  0.678650  0.750267  0.523900  0.575567  0.548995  0.504162  0.585694  0.418188  0.592254  0.744015  0.520080  0.293122  0.641208  0.426008  0.502667  0.314273  0.729940  0.603852  0.411181  0.767030  0.489470  0.651904  0.549557 
14  0.489200  0.507298  0.436729  0.545459  0.483446  0.644203  0.618312  0.479088  0.403905  0.507173  0.466855  0.293504  0.433754  0.439638 0.0  0.636565  0.526458  0.569191  0.471172  0.373107  0.519336  0.244572  0.815280  0.412774  0.722385  0.380758  0.467883  0.647607  0.662069  0.693160  0.582528  0.507214  0.580254  0.485382  0.710862  0.586145  0.526869  0.416906  0.671443  0.391380  0.497980  0.560680  0.621068  0.404236  0.277958  0.403186  0.616084  0.638803  0.577286  0.299160  0.312067  0.594237  0.332355  0.518927  0.460097  0.486311  0.435914  0.221734  0.362994  0.377236  0.457645  0.528159  0.305393  0.455777  0.317406  0.576202  0.406454  0.327057  0.470603  0.362797  0.477745  0.585969  0.500528  0.420222  0.703530  0.675698  0.614465  0.566288  0.653973  0.432425  0.571980  0.499321  0.468661  0.628899  0.483596  0.719705  0.400668  0.269681  0.377238  0.423432  0.446876  0.395782  0.651730  0.541818  0.298132  0.815535  0.397203  0.445267  0.546569 
15  0.548960  0.576298  0.600991  0.373857  0.626531  0.323729  0.872139  0.519196  0.398949  0.520628  0.620071  0.653358  0.570186  0.531146  0.636565 0.0  0.659755  0.722101  0.483320  0.580314  0.383707  0.642204  0.891080  0.591929  0.894349  0.526202  0.662832  0.527473  0.882646  0.982750  0.599572  0.500710  0.635296  0.511373  0.826923  0.512635  0.536225  0.594886  0.650055  0.530471  0.582349  0.566529  0.344158  0.689080  0.607377  0.625278  0.844140  0.379658  0.636220  0.600454  0.673474  0.589235  0.492430  0.477240  0.457957  0.509228  0.647864  0.593752  0.656176  0.527808  0.824226  0.489903  0.621500  0.642837  0.472816  0.540778  0.545275  0.558393  0.706893  0.573585  0.609803  0.453309  0.505130  0.542536  0.817562  0.718804  0.493762  0.453006  0.452363  0.669854  0.631934  0.571271  0.500012  0.493057  0.606865  0.861645  0.702880  0.563205  0.517872  0.527255  0.581190  0.530104  0.715162  0.542647  0.542051  0.687942  0.566864  0.670369  0.470982 
16  0.680355  0.632456  0.520535  0.622810  0.443153  0.788594  0.605989  0.554391  0.667918  0.616407  0.619846  0.542931  0.699416  0.641128  0.526458  0.659755 0.0  0.550865  0.646271  0.677291  0.603059  0.472806  0.645574  0.555349  0.629881  0.611677  0.577826  0.692546  0.701574  0.546362  0.530701  0.709869  0.720914  0.580395  0.544251  0.565605  0.606164  0.595405  0.392332  0.589726  0.493521  0.616739  0.711518  0.548843  0.667117  0.605601  0.449907  0.804671  0.401409  0.635793  0.607637  0.648388  0.630534  0.779152  0.572537  0.543185  0.619111  0.512104  0.498669  0.656288  0.597837  0.574911  0.654448  0.628202  0.542802  0.516515  0.681101  0.552357  0.721805  0.613721  0.601238  0.733979  0.627779  0.534606  0.621597  0.458394  0.680649  0.521744  0.704392  0.533348  0.623284  0.692287  0.562788  0.609946  0.523684  0.593377  0.599530  0.724165  0.548739  0.673412  0.593145  0.696723  0.427223  0.472408  0.633384  0.567492  0.605756  0.442561  0.573026 
17  0.543670  0.570600  0.475242  0.397115  0.363622  0.661591  0.646442  0.572273  0.626899  0.515774  0.514403  0.504801  0.487176  0.635178  0.569191  0.722101  0.550865 0.0  0.586116  0.465598  0.544240  0.509670  0.661753  0.430681  0.749937  0.621172  0.430487  0.559288  0.556927  0.739312  0.351502  0.431942  0.641476  0.528077  0.726178  0.578556  0.646479  0.480549  0.640071  0.434707  0.531987  0.678020  0.530108  0.470679  0.604422  0.612924  0.567876  0.659350  0.529775  0.544004  0.560869  0.675017  0.508281  0.543340  0.625141  0.232538  0.555407  0.691218  0.548662  0.487106  0.466455  0.486761  0.523517  0.598010  0.581662  0.368391  0.508925  0.534675  0.484949  0.452491  0.585654  0.656076  0.613894  0.498145  0.698410  0.670996  0.640976  0.455702  0.533287  0.451597  0.550713  0.503736  0.582045  0.563590  0.348312  0.650950  0.514993  0.650131  0.586278  0.603279  0.448029  0.673218  0.617001  0.426023  0.601972  0.739925  0.517412  0.477736  0.531242 
18  0.405645  0.535490  0.636183  0.503315  0.546878  0.632284  0.762076  0.362505  0.535769  0.548891  0.334338  0.354324  0.490770  0.310522  0.471172  0.483320  0.646271  0.586116 0.0  0.306400  0.563080  0.429669  0.738704  0.400574  0.744592  0.259283  0.348527  0.751773  0.677309  0.675561  0.565972  0.694763  0.572563  0.476312  0.754872  0.606217  0.398315  0.302345  0.538469  0.389297  0.575332  0.416980  0.612179  0.390294  0.427233  0.461209  0.733637  0.520438  0.683890  0.453057  0.466927  0.697390  0.360589  0.400806  0.493632  0.552981  0.453328  0.393150  0.405803  0.347342  0.438212  0.476370  0.426863  0.404930  0.267788  0.495869  0.274925  0.189769  0.423045  0.388052  0.406020  0.519829  0.353556  0.174373  0.851315  0.737685  0.704980  0.546178  0.712847  0.606827  0.551162  0.413087  0.581746  0.403987  0.549651  0.665467  0.532988  0.354914  0.563776  0.318030  0.566892  0.457046  0.597858  0.504168  0.370899  0.828406  0.502291  0.556105  0.551826 
19  0.482562  0.593450  0.591344  0.519320  0.597351  0.607302  0.758668  0.381056  0.404533  0.559924  0.330658  0.344288  0.380588  0.465976  0.373107  0.580314  0.677291  0.465598  0.306400 0.0  0.701278  0.516283  0.729899  0.372709  0.810313  0.363944  0.387364  0.585234  0.727817  0.737700  0.348713  0.390305  0.456594  0.498092  0.758336  0.617001  0.357419  0.373204  0.613134  0.375286  0.627676  0.348524  0.641381  0.308560  0.513746  0.365711  0.633622  0.551099  0.355432  0.313299  0.457054  0.636567  0.359560  0.550717  0.561796  0.608467  0.291856  0.450659  0.424510  0.392639  0.328992  0.575353  0.344247  0.345316  0.453085  0.487848  0.343052  0.349326  0.446824  0.455671  0.486895  0.599522  0.369959  0.455631  0.775750  0.701932  0.684577  0.579989  0.518579  0.483901  0.549346  0.494755  0.573672  0.475450  0.572676  0.848789  0.420562  0.408926  0.492791  0.382160  0.382013  0.310989  0.566342  0.428162  0.358344  0.774833  0.420608  0.730508  0.511893 
20  0.564136  0.444015  0.527647  0.616709  0.589950  0.411639  0.830200  0.440544  0.516490  0.540154  0.497005  0.590510  0.478720  0.558512  0.519336  0.383707  0.603059  0.544240  0.563080  0.701278 0.0  0.531155  0.729991  0.601078  0.874564  0.504794  0.412440  0.586163  0.712912  0.751739  0.611846  0.593807  0.408828  0.377392  0.788123  0.557759  0.440642  0.417341  0.793236  0.518052  0.688370  0.593358  0.473148  0.450802  0.550429  0.643068  0.636503  0.572575  0.738010  0.485076  0.593611  0.686910  0.568334  0.513405  0.549132  0.551675  0.587193  0.582534  0.546898  0.513682  0.598540  0.513125  0.532086  0.621303  0.483946  0.595633  0.468322  0.485136  0.571312  0.508394  0.580919  0.443807  0.476555  0.449846  0.766819  0.612006  0.539783  0.503071  0.436924  0.507334  0.559430  0.499352  0.554601  0.711085  0.554964  0.781661  0.634720  0.508209  0.736027  0.578685  0.499025  0.491048  0.637730  0.559129  0.488464  0.797519  0.489926  0.666650  0.566178 
21  0.475520  0.428397  0.589252  0.483147  0.489980  0.570638  0.632405  0.455427  0.325102  0.444593  0.447332  0.402161  0.450616  0.401382  0.244572  0.642204  0.472806  0.509670  0.429669  0.516283  0.531155 0.0  0.693544  0.106028  0.647451  0.454118  0.384536  0.481393  0.626417  0.680575  0.497098  0.371787  0.472879  0.415173  0.647422  0.568157  0.497836  0.265817  0.591602  0.478742  0.474038  0.417766  0.614979  0.456427  0.396387  0.296380  0.507084  0.614747  0.560412  0.567236  0.193352  0.653011  0.371878  0.532752  0.572112  0.421577  0.501928  0.281878  0.406490  0.389693  0.241039  0.541360  0.356919  0.371325  0.313673  0.570603  0.393299  0.395836  0.469675  0.365111  0.434470  0.637213  0.418391  0.483893  0.664686  0.577925  0.635770  0.531417  0.658102  0.372462  0.514480  0.389225  0.514280  0.576451  0.451390  0.737687  0.257095  0.434306  0.370498  0.504474  0.445287  0.583080  0.641731  0.489489  0.396970  0.767370  0.330219  0.463176  0.534633 
22  0.749268  0.765415  0.777643  0.741515  0.678887  0.846545  0.564689  0.827894  0.685876  0.728200  0.728883  0.759907  0.635508  0.734326  0.815280  0.891080  0.645574  0.661753  0.738704  0.729899  0.729991  0.693544 0.0  0.666307  0.281570  0.838556  0.750101  0.817336  0.484267  0.293750  0.711980  0.703520  0.883802  0.748137  0.431080  0.803646  0.656726  0.711140  0.715293  0.664125  0.715689  0.716791  0.841066  0.671346  0.694870  0.812966  0.666930  0.824323  0.732299  0.710620  0.687969  0.639849  0.783007  0.644869  0.670379  0.671862  0.727827  0.787431  0.688922  0.808297  0.669402  0.717080  0.655731  0.784219  0.724043  0.542073  0.719732  0.657544  0.574981  0.741669  0.682268  0.809888  0.807734  0.743182  0.482686  0.707540  0.773849  0.799280  0.882698  0.748061  0.788532  0.748996  0.714155  0.802186  0.622288  0.388997  0.845957  0.826070  0.734169  0.795643  0.754369  0.819901  0.669377  0.616938  0.696924  0.390510  0.657860  0.741146  0.798177 
23  0.558552  0.472333  0.585042  0.553103  0.389632  0.528991  0.648816  0.403929  0.432049  0.552356  0.501968  0.565173  0.290701  0.536268  0.412774  0.591929  0.555349  0.430681  0.400574  0.372709  0.601078  0.106028  0.666307 0.0  0.720048  0.385709  0.328877  0.421078  0.588826  0.730603  0.543004  0.483097  0.529762  0.403907  0.620752  0.475795  0.547715  0.315584  0.616401  0.477034  0.492677  0.442492  0.613788  0.405950  0.396796  0.407691  0.596207  0.514536  0.557871  0.422235  0.164478  0.660447  0.497872  0.485517  0.416108  0.550890  0.445519  0.211229  0.326173  0.362248  0.297945  0.506529  0.422755  0.365827  0.303342  0.373757  0.446993  0.412937  0.388501  0.388751  0.375730  0.551906  0.516378  0.428383  0.565994  0.572554  0.649154  0.513806  0.524606  0.437878  0.443590  0.510010  0.402959  0.421640  0.489846  0.685446  0.265691  0.517670  0.409232  0.386927  0.359467  0.561787  0.471247  0.453765  0.401294  0.779829  0.483209  0.409525  0.411939 
24  0.862319  0.857173  0.670074  0.728590  0.675344  0.924783  0.515224  0.911734  0.849185  0.821672  0.730321  0.760859  0.740455  0.847109  0.722385  0.894349  0.629881  0.749937  0.744592  0.810313  0.874564  0.647451  0.281570  0.720048 0.0  0.711979  0.796944  0.720743  0.624335  0.331733  0.706816  0.764896  0.757344  0.769407  0.404185  0.698592  0.789480  0.782762  0.683787  0.751711  0.646865  0.755759  0.869250  0.674982  0.779496  0.824432  0.688950  0.837986  0.816668  0.634751  0.635807  0.711831  0.810265  0.920248  0.776810  0.627338  0.735620  0.622572  0.765845  0.863694  0.650527  0.700775  0.651176  0.753512  0.792995  0.709178  0.790934  0.689656  0.724701  0.862564  0.844758  0.761673  0.764313  0.713596  0.598643  0.701486  0.800894  0.738720  0.898483  0.779201  0.701396  0.772732  0.728168  0.723691  0.873822  0.151107  0.748128  0.756514  0.738786  0.732504  0.847918  0.865117  0.664920  0.709197  0.738750  0.388058  0.760200  0.685339  0.702650 
25  0.464980  0.662133  0.569610  0.577664  0.454791  0.493951  0.722889  0.474257  0.423796  0.484651  0.390266  0.453355  0.489011  0.509939  0.380758  0.526202  0.611677  0.621172  0.259283  0.363944  0.504794  0.454118  0.838556  0.385709  0.711979 0.0  0.465568  0.709170  0.837853  0.620175  0.498815  0.539560  0.516717  0.600567  0.817522  0.601602  0.331381  0.369861  0.699529  0.334735  0.494935  0.460825  0.719866  0.460455  0.472893  0.408131  0.626006  0.535733  0.697124  0.411205  0.441627  0.606907  0.317396  0.347926  0.538440  0.546722  0.382425  0.435557  0.497864  0.357634  0.432720  0.540255  0.395625  0.318710  0.287312  0.573969  0.413274  0.323212  0.505505  0.366088  0.398986  0.651960  0.410312  0.375111  0.863537  0.731981  0.680051  0.577364  0.658072  0.595119  0.646859  0.357917  0.574671  0.507188  0.495787  0.720001  0.412747  0.297886  0.507824  0.305800  0.497354  0.422229  0.618326  0.482631  0.330694  0.888878  0.325619  0.604960  0.566584 
26  0.460844  0.340089  0.471815  0.503968  0.431131  0.588720  0.620971  0.488515  0.407020  0.534968  0.353208  0.487586  0.356547  0.554309  0.467883  0.662832  0.577826  0.430487  0.348527  0.387364  0.412440  0.384536  0.750101  0.328877  0.796944  0.465568 0.0  0.616043  0.623492  0.700688  0.442309  0.485152  0.406432  0.418126  0.779016  0.496052  0.489317  0.425070  0.605326  0.454721  0.525906  0.454877  0.661929  0.516098  0.485618  0.474762  0.498552  0.549440  0.536258  0.440723  0.303030  0.652630  0.414972  0.449292  0.503068  0.492657  0.484496  0.343703  0.375904  0.559539  0.415465  0.586065  0.465790  0.345526  0.390682  0.456951  0.391285  0.435769  0.452656  0.385875  0.480001  0.684279  0.566407  0.357032  0.666154  0.698588  0.649525  0.506621  0.614821  0.290713  0.528559  0.556790  0.483505  0.533388  0.486992  0.739613  0.426441  0.520757  0.428106  0.444633  0.346452  0.493534  0.684599  0.465978  0.400312  0.850105  0.402720  0.437270  0.549702 
27  0.628520  0.451829  0.585402  0.605899  0.599758  0.672248  0.745732  0.444434  0.527129  0.627070  0.569393  0.579166  0.581329  0.641628  0.647607  0.527473  0.692546  0.559288  0.751773  0.585234  0.586163  0.481393  0.817336  0.421078  0.720743  0.709170  0.616043 0.0  0.806232  0.757506  0.676351  0.626002  0.571509  0.444124  0.686046  0.484821  0.659861  0.631441  0.655319  0.584631  0.552498  0.601350  0.652963  0.586759  0.546401  0.569367  0.656699  0.675460  0.652101  0.535182  0.578621  0.819184  0.663552  0.690227  0.614533  0.527611  0.751371  0.590221  0.511471  0.519018  0.489643  0.590432  0.546400  0.725601  0.589508  0.594137  0.627609  0.697454  0.626236  0.732700  0.665038  0.578330  0.650976  0.621893  0.650608  0.696153  0.665669  0.476331  0.583345  0.548729  0.611394  0.680949  0.543710  0.587113  0.728916  0.703628  0.572015  0.547836  0.540725  0.681724  0.565171  0.670646  0.720242  0.644823  0.582429  0.778981  0.697207  0.324938  0.634552 
28  0.835337  0.722742  0.658072  0.660910  0.822156  0.759933  0.493648  0.753639  0.814782  0.669211  0.772840  0.641005  0.739643  0.740047  0.662069  0.882646  0.701574  0.556927  0.677309  0.727817  0.712912  0.626417  0.484267  0.588826  0.624335  0.837853  0.623492  0.806232 0.0  0.467096  0.788817  0.733306  0.801366  0.688261  0.602240  0.811066  0.769134  0.783514  0.650363  0.753253  0.655255  0.774372  0.734401  0.687435  0.753306  0.750414  0.716011  0.816074  0.744896  0.750751  0.804112  0.701392  0.710992  0.952170  0.706969  0.728352  0.656313  0.628604  0.699431  0.706301  0.741279  0.690736  0.731785  0.848351  0.728894  0.644125  0.617226  0.789078  0.653287  0.718708  0.761863  0.794433  0.888935  0.676028  0.449660  0.636408  0.689722  0.701160  0.762098  0.674481  0.743098  0.729237  0.776451  0.750112  0.755474  0.622024  0.818979  0.799635  0.648488  0.766952  0.776822  0.799029  0.719178  0.694671  0.897474  0.585269  0.724007  0.642361  0.647581 
29  0.841367  0.792067  0.700093  0.824638  0.687376  0.982948  0.508862  0.838707  0.802710  0.822842  0.799349  0.661144  0.677276  0.776087  0.693160  0.982750  0.546362  0.739312  0.675561  0.737700  0.751739  0.680575  0.293750  0.730603  0.331733  0.620175  0.700688  0.757506  0.467096 0.0  0.680218  0.596497  0.871003  0.670939  0.414381  0.684215  0.828538  0.766253  0.684065  0.785235  0.550416  0.779688  0.893625  0.695968  0.611076  0.775989  0.674250  0.781279  0.638805  0.702557  0.682530  0.689593  0.727554  0.886497  0.682813  0.699425  0.696117  0.647437  0.751296  0.757989  0.652638  0.595653  0.660436  0.878993  0.820292  0.660779  0.782937  0.798226  0.637704  0.730458  0.753023  0.872951  0.793618  0.828520  0.489252  0.660763  0.793519  0.776327  0.894780  0.705469  0.560391  0.840201  0.701800  0.790373  0.737045  0.349795  0.734643  0.788124  0.699908  0.747973  0.761743  0.721245  0.643342  0.653026  0.785218  0.525722  0.797493  0.687611  0.667766 
30  0.469662  0.504154  0.475898  0.577276  0.354700  0.641212  0.733285  0.517474  0.543052  0.517407  0.501299  0.563597  0.552190  0.504388  0.582528  0.599572  0.530701  0.351502  0.565972  0.348713  0.611846  0.497098  0.711980  0.543004  0.706816  0.498815  0.442309  0.676351  0.788817  0.680218 0.0  0.492920  0.511091  0.465413  0.731249  0.705314  0.451452  0.453092  0.568244  0.568554  0.392774  0.548907  0.547310  0.532350  0.434113  0.609857  0.491141  0.537829  0.615906  0.511256  0.484252  0.526019  0.627974  0.416678  0.478990  0.321711  0.570149  0.544362  0.486583  0.544975  0.455183  0.540977  0.493007  0.553336  0.473692  0.538353  0.396229  0.498294  0.368334  0.407357  0.482296  0.657470  0.479386  0.487509  0.729223  0.735307  0.604899  0.553769  0.704628  0.479065  0.562517  0.558109  0.398056  0.525890  0.189795  0.741841  0.474353  0.571777  0.478629  0.587416  0.429191  0.574987  0.477492  0.378557  0.513514  0.707767  0.434628  0.487413  0.508145 
31  0.640169  0.645264  0.462222  0.346686  0.504811  0.565267  0.780790  0.573038  0.543184  0.548274  0.547559  0.606291  0.595375  0.527780  0.507214  0.500710  0.709869  0.431942  0.694763  0.390305  0.593807  0.371787  0.703520  0.483097  0.764896  0.539560  0.485152  0.626002  0.733306  0.596497  0.492920 0.0  0.603258  0.530280  0.648448  0.565351  0.605465  0.617553  0.515217  0.545653  0.600101  0.585097  0.423272  0.496847  0.494344  0.527406  0.695689  0.436255  0.522275  0.565805  0.449318  0.586138  0.449018  0.563658  0.387521  0.508349  0.518747  0.465378  0.382050  0.443271  0.457969  0.596603  0.536105  0.499184  0.610902  0.298343  0.520674  0.584013  0.619791  0.609250  0.618663  0.517113  0.601884  0.469775  0.741619  0.579453  0.640504  0.365007  0.532262  0.510846  0.636160  0.562562  0.370943  0.365005  0.503209  0.716248  0.499717  0.706097  0.267737  0.518176  0.288736  0.670524  0.711405  0.384187  0.540076  0.720804  0.462452  0.484168  0.393806 
32  0.415600  0.299732  0.595055  0.754236  0.683428  0.547597  0.846475  0.438207  0.581144  0.596634  0.503512  0.595971  0.575197  0.527803  0.580254  0.635296  0.720914  0.641476  0.572563  0.456594  0.408828  0.472879  0.883802  0.529762  0.757344  0.516717  0.406432  0.571509  0.801366  0.871003  0.511091  0.603258 0.0  0.419270  0.929405  0.481943  0.551361  0.587339  0.717677  0.523506  0.524632  0.590867  0.614185  0.558884  0.586957  0.592167  0.824012  0.547192  0.640293  0.547522  0.426782  0.711852  0.433322  0.571184  0.578815  0.559280  0.644428  0.546800  0.570219  0.555862  0.383212  0.503554  0.561013  0.551624  0.540620  0.636576  0.495418  0.476746  0.451262  0.551211  0.544693  0.602757  0.450396  0.548821  0.819306  0.679865  0.540527  0.542245  0.623583  0.513690  0.503658  0.613348  0.671642  0.662113  0.591140  0.849244  0.564068  0.431158  0.611670  0.540812  0.452460  0.441891  0.637799  0.531288  0.526760  0.778363  0.466741  0.596153  0.596190 
33  0.555214  0.386021  0.558499  0.506764  0.456729  0.534848  0.711005  0.398270  0.512587  0.581974  0.623755  0.519449  0.448740  0.614603  0.485382  0.511373  0.580395  0.528077  0.476312  0.498092  0.377392  0.415173  0.748137  0.403907  0.769407  0.600567  0.418126  0.444124  0.688261  0.670939  0.465413  0.530280  0.419270 0.0  0.773492  0.463002  0.557236  0.536310  0.551384  0.531601  0.555828  0.549847  0.516017  0.486317  0.513919  0.507433  0.579549  0.533253  0.593946  0.407281  0.398086  0.761849  0.620415  0.533106  0.525123  0.512373  0.672152  0.424268  0.452187  0.480626  0.396389  0.497515  0.490598  0.560964  0.460717  0.539417  0.573258  0.495421  0.369159  0.490180  0.482957  0.472425  0.432868  0.520562  0.837626  0.655482  0.569955  0.494697  0.627406  0.319001  0.457254  0.458841  0.448131  0.593556  0.485719  0.708745  0.372116  0.518537  0.618834  0.403042  0.382575  0.441412  0.636571  0.441550  0.541970  0.763477  0.493267  0.502997  0.586682 
34  0.743383  0.711439  0.768702  0.733075  0.573863  0.863969  0.521940  0.693715  0.790394  0.657877  0.717138  0.694072  0.861276  0.824744  0.710862  0.826923  0.544251  0.726178  0.754872  0.758336  0.788123  0.647422  0.431080  0.620752  0.404185  0.817522  0.779016  0.686046  0.602240  0.414381  0.731249  0.648448  0.929405  0.773492 0.0  0.700655  0.783626  0.805089  0.639868  0.763251  0.664355  0.817840  1.000000  0.630042  0.734184  0.755702  0.683143  0.805940  0.659853  0.702869  0.682509  0.717643  0.727067  0.812693  0.767868  0.644058  0.758922  0.683782  0.730305  0.704568  0.634351  0.671633  0.612249  0.813871  0.778268  0.653573  0.777865  0.691172  0.779333  0.717168  0.829393  0.842323  0.793276  0.882623  0.488897  0.849788  0.730910  0.736099  0.852951  0.628522  0.694993  0.736762  0.588461  0.785839  0.597691  0.284776  0.701015  0.932692  0.797559  0.700037  0.674505  0.788306  0.677087  0.652401  0.795678  0.412194  0.691935  0.649430  0.708657 
35  0.698318  0.389394  0.380198  0.581957  0.509102  0.629376  0.555384  0.523523  0.610191  0.397238  0.647926  0.588477  0.561230  0.695835  0.586145  0.512635  0.565605  0.578556  0.606217  0.617001  0.557759  0.568157  0.803646  0.475795  0.698592  0.601602  0.496052  0.484821  0.811066  0.684215  0.705314  0.565351  0.481943  0.463002  0.700655 0.0  0.665235  0.532546  0.664865  0.577561  0.370234  0.693814  0.596676  0.488800  0.553102  0.479324  0.570895  0.497735  0.572222  0.665972  0.530991  0.722123  0.578330  0.648262  0.527040  0.536702  0.737033  0.584759  0.517090  0.558212  0.514991  0.565949  0.555148  0.705278  0.571447  0.596327  0.504358  0.517103  0.575454  0.579560  0.495774  0.578182  0.539661  0.558770  0.781403  0.496963  0.512610  0.321426  0.555152  0.475760  0.317447  0.524625  0.548853  0.496238  0.487291  0.711160  0.407000  0.647433  0.509773  0.674301  0.568079  0.720938  0.765451  0.506583  0.624169  0.714042  0.678496  0.317430  0.658872 
36  0.319025  0.583850  0.605074  0.564607  0.605121  0.494641  0.683089  0.470878  0.460296  0.480911  0.376796  0.442649  0.513016  0.381710  0.526869  0.536225  0.606164  0.646479  0.398315  0.357419  0.440642  0.497836  0.656726  0.547715  0.789480  0.331381  0.489317  0.659861  0.769134  0.828538  0.451452  0.605465  0.551361  0.557236  0.783626  0.665235 0.0  0.289417  0.714547  0.269545  0.494299  0.306462  0.685622  0.482066  0.360109  0.366583  0.677243  0.658897  0.552782  0.424650  0.445715  0.562203  0.277406  0.314333  0.521494  0.591613  0.253799  0.485138  0.467658  0.424973  0.387948  0.518127  0.466357  0.170363  0.297831  0.607421  0.293679  0.381178  0.399617  0.360857  0.375982  0.542606  0.422054  0.262859  0.861005  0.650910  0.776259  0.640640  0.633768  0.423053  0.603012  0.356871  0.532423  0.549579  0.435197  0.814108  0.503804  0.359458  0.536990  0.304967  0.520679  0.462946  0.381961  0.428532  0.389721  0.821953  0.369696  0.417185  0.549730 
37  0.568912  0.410614  0.473786  0.686099  0.438280  0.563970  0.618164  0.393804  0.263271  0.498039  0.450970  0.397177  0.393416  0.416828  0.416906  0.594886  0.595405  0.480549  0.302345  0.373204  0.417341  0.265817  0.711140  0.315584  0.782762  0.369861  0.425070  0.631441  0.783514  0.766253  0.453092  0.617553  0.587339  0.536310  0.805089  0.532546  0.289417 0.0  0.532994  0.321151  0.553309  0.274346  0.553422  0.257350  0.426663  0.482322  0.664924  0.528698  0.614880  0.352120  0.377694  0.639022  0.357198  0.448346  0.651547  0.485577  0.404204  0.369723  0.562216  0.374495  0.321597  0.428499  0.367860  0.478218  0.341501  0.513499  0.368517  0.428059  0.471348  0.367772  0.397658  0.620491  0.344734  0.283998  0.721763  0.675241  0.720570  0.556644  0.601835  0.456168  0.504863  0.316798  0.495105  0.621345  0.423072  0.767101  0.409331  0.284415  0.497379  0.430945  0.362087  0.412853  0.545419  0.427507  0.349227  0.799523  0.278943  0.468298  0.476436 
38  0.631974  0.649033  0.670746  0.552895  0.583979  0.714298  0.705938  0.427915  0.648799  0.603497  0.676838  0.642817  0.456909  0.571249  0.671443  0.650055  0.392332  0.640071  0.538469  0.613134  0.793236  0.591602  0.715293  0.616401  0.683787  0.699529  0.605326  0.655319  0.650363  0.684065  0.568244  0.515217  0.717677  0.551384  0.639868  0.664865  0.714547  0.532994 0.0  0.702296  0.498443  0.650240  0.643682  0.589401  0.614054  0.646060  0.372957  0.595658  0.392435  0.530889  0.596409  0.687302  0.541204  0.670259  0.601714  0.531628  0.494868  0.659753  0.539934  0.611503  0.661825  0.487534  0.630997  0.561602  0.631253  0.491408  0.680922  0.581236  0.580248  0.698708  0.634164  0.648956  0.740963  0.610177  0.656688  0.528126  0.608735  0.717651  0.596887  0.543232  0.652377  0.647083  0.554419  0.590518  0.596986  0.735092  0.624258  0.785098  0.567932  0.642449  0.571228  0.628808  0.454699  0.463720  0.612677  0.854804  0.676879  0.580245  0.614548 
39  0.427035  0.563052  0.572132  0.501380  0.620363  0.747700  0.782407  0.446620  0.377183  0.467038  0.320971  0.386644  0.491747  0.402266  0.391380  0.530471  0.589726  0.434707  0.389297  0.375286  0.518052  0.478742  0.664125  0.477034  0.751711  0.334735  0.454721  0.584631  0.753253  0.785235  0.568554  0.545653  0.523506  0.531601  0.763251  0.577561  0.269545  0.321151  0.702296 0.0  0.592344  0.329814  0.555726  0.535377  0.302370  0.357201  0.498732  0.584416  0.630804  0.297027  0.477733  0.625493  0.408524  0.349514  0.572905  0.504961  0.381063  0.431517  0.507945  0.480588  0.392245  0.551682  0.438266  0.326634  0.397487  0.502921  0.415039  0.335837  0.493460  0.290197  0.282856  0.751223  0.558204  0.312561  0.688069  0.659205  0.731745  0.713039  0.711598  0.427057  0.634791  0.309984  0.586382  0.440798  0.563954  0.735460  0.394534  0.357620  0.652771  0.316731  0.421810  0.410958  0.667098  0.505153  0.338853  0.721000  0.384451  0.531808  0.541474 
