99
0 0.0  0.708603  0.643672  0.727851  0.515162  0.404555  0.728854  0.686601  0.602925  0.724454  0.490608  0.489346  0.716048  0.517895  0.516481  0.612522  0.594731  0.469036  0.668567  0.555997  0.586902  0.363849  0.569247  0.489704  0.576112  0.527926  0.663839  0.523867  0.671939  0.496648  0.460555  0.315235  0.567641  0.368136  0.601538  0.555440  0.397254  0.698372  0.716825  0.469740  0.596411  0.514888  0.565975  0.511462  0.605062  0.490730  0.481344  0.521033  0.452920  0.625531  0.614896  0.680481  0.375807  0.770821  0.482493  0.621034  0.506870  0.713092  0.580735  0.646471  0.436030  0.595004  0.308844  0.601361  0.442604  0.536968  0.519535  0.483778  0.601081  0.415853  0.554245  0.399826  0.489847  0.531745  0.417089  0.328243  0.740898  0.556221  0.616404  0.593510  0.505484  0.647866  0.432913  0.657175  0.529193  0.497587  0.599538  0.534493  0.422699  0.613156  0.413687  0.363854  0.478043  0.524733  0.491168  0.489825  0.492954  0.661191  0.581938 
1  0.708603 0.0  0.805551  0.516816  0.675481  0.755595  0.728897  0.813171  0.801085  0.247349  0.823624  0.711291  0.778458  0.706184  0.756335  0.468069  0.857463  0.812109  0.847623  0.759034  0.986564  0.675753  0.818216  0.813608  0.869641  0.860250  0.638860  0.797256  0.628950  0.941855  0.775954  0.640229  0.385661  0.759449  0.718878  0.639696  0.608051  0.466216  0.629370  0.777099  0.886227  0.849974  0.557597  0.658770  0.789912  0.595041  0.778438  0.684552  0.588923  0.931779  0.809089  0.826322  0.787058  0.298117  0.695531  0.824884  0.725829  0.721852  0.830216  0.241719  0.890547  0.691058  0.775008  0.929730  0.718224  0.710248  0.719519  0.769853  0.777466  0.658242  0.844963  0.590852  0.646915  0.704299  0.784429  0.745522  0.723854  0.853056  0.726731  0.706380  0.655086  0.815593  0.776824  0.673889  0.698471  0.378443  0.719842  0.863798  0.606846  0.762807  0.590757  0.561953  0.799868  0.796911  0.711673  0.772910  0.794292  0.780302  0.604838 
2  0.643672  0.805551 0.0  0.820844  0.657959  0.628425  0.732427  0.465161  0.622027  0.810326  0.651831  0.453585  0.403957  0.488330  0.455252  0.742878  0.565872  0.466969  0.687342  0.457459  0.518386  0.482012  0.450534  0.564495  0.467157  0.588422  0.761339  0.506846  0.631589  0.665306  0.491559  0.592297  0.775714  0.518443  0.591565  0.547455  0.492753  0.864174  0.773858  0.540910  0.476251  0.569687  0.824641  0.588506  0.518624  0.394655  0.517716  0.508686  0.539462  0.646342  0.667630  0.522134  0.379587  0.683074  0.448127  0.505572  0.613744  0.803463  0.499819  0.661952  0.606562  0.793898  0.676587  0.482047  0.441189  0.383894  0.611676  0.599655  0.449022  0.529029  0.638756  0.482503  0.481084  0.569870  0.584554  0.598562  0.804306  0.515222  0.562956  0.694872  0.430518  0.659430  0.475069  0.693250  0.445068  0.758977  0.649550  0.433625  0.561613  0.541529  0.609564  0.680421  0.551468  0.535086  0.508315  0.531438  0.555245  0.598826  0.589618 
3  0.727851  0.516816  0.820844 0.0  0.751726  0.800328  0.722560  0.925395  0.817894  0.632602  0.800010  0.839662  0.752245  0.738857  0.709114  0.428604  0.774023  0.754713  0.868674  0.707429  0.839485  0.738703  0.752695  0.799467  0.824632  0.748725  0.590664  0.811284  0.870287  0.981360  0.776331  0.775440  0.555419  0.784905  0.718740  0.666519  0.628576  0.223337  0.802534  0.653186  0.810262  0.718046  0.637927  0.768126  0.801446  0.767562  0.858834  0.760672  0.697774  0.847655  0.815321  0.849292  0.732654  0.496173  0.622333  0.736054  0.741476  0.685992  0.818002  0.474942  0.818163  0.769237  0.743434  0.787145  0.709781  0.621280  0.685788  0.727690  0.766601  0.656859  0.768279  0.786059  0.668734  0.577732  0.655305  0.779743  0.598966  0.758392  0.786377  0.658669  0.719707  0.551687  0.675024  0.557503  0.788589  0.456919  0.805935  0.877746  0.655184  0.816069  0.683283  0.682861  0.680058  0.788028  0.674350  0.789655  0.683162  0.796311  0.719159 
4  0.515162  0.675481  0.657959  0.751726 0.0  0.487854  0.552187  0.682375  0.544856  0.802037  0.305068  0.407481  0.605952  0.362922  0.604998  0.747597  0.596478  0.646042  0.493680  0.451930  0.679339  0.466991  0.526396  0.528256  0.533231  0.537929  0.705601  0.625521  0.668373  0.510953  0.482884  0.328708  0.590824  0.427346  0.691285  0.432348  0.476369  0.838366  0.843861  0.512244  0.607524  0.671552  0.827915  0.558068  0.428636  0.550096  0.642366  0.600900  0.528619  0.579955  0.286258  0.556116  0.591378  0.709816  0.436076  0.600257  0.443592  0.605505  0.611262  0.664078  0.633009  0.650837  0.440155  0.643851  0.398072  0.481318  0.495865  0.428253  0.533842  0.469383  0.535882  0.475282  0.564820  0.477746  0.473053  0.435634  0.762318  0.613342  0.573108  0.692573  0.522483  0.569812  0.406484  0.524590  0.612461  0.812264  0.579286  0.613421  0.530628  0.553080  0.490973  0.477749  0.478111  0.564138  0.401921  0.524388  0.585205  0.510201  0.558543 
5  0.404555  0.755595  0.628425  0.800328  0.487854 0.0  0.609429  0.725657  0.502913  0.722620  0.481577  0.467502  0.585386  0.523301  0.622190  0.798158  0.592991  0.579947  0.414939  0.603269  0.414131  0.459306  0.605946  0.574645  0.564483  0.525753  0.718145  0.618773  0.653151  0.409385  0.542546  0.236409  0.709142  0.441218  0.559338  0.511008  0.430817  0.759541  0.732882  0.597347  0.740479  0.460855  0.724253  0.590694  0.556021  0.491460  0.602685  0.459755  0.441890  0.470601  0.653651  0.691694  0.390066  0.821894  0.479119  0.457235  0.617810  0.486339  0.622195  0.768953  0.554933  0.539067  0.188395  0.637037  0.587958  0.569921  0.340309  0.523813  0.618320  0.437298  0.556319  0.592167  0.449895  0.487066  0.468944  0.324708  0.576999  0.591621  0.568317  0.670467  0.524689  0.604930  0.504089  0.646252  0.534337  0.969131  0.550529  0.535889  0.515032  0.642011  0.538449  0.540005  0.533502  0.595741  0.528018  0.533608  0.573124  0.638304  0.469559 
6  0.728854  0.728897  0.732427  0.722560  0.552187  0.609429 0.0  0.771545  0.665735  0.755363  0.556117  0.538464  0.696565  0.474563  0.722545  0.749413  0.682275  0.706492  0.590824  0.553031  0.707503  0.571451  0.759480  0.642517  0.516282  0.691141  0.713743  0.645565  0.480855  0.649237  0.689947  0.539330  0.690519  0.557117  0.608813  0.536007  0.581036  0.694749  0.724613  0.660421  0.675396  0.495501  0.720907  0.582760  0.660228  0.588324  0.739451  0.652714  0.639158  0.658817  0.457996  0.688473  0.691997  0.641504  0.536261  0.610979  0.606060  0.293508  0.642459  0.674735  0.790864  0.734766  0.546351  0.679588  0.562141  0.557387  0.522440  0.597034  0.672533  0.631678  0.598571  0.557997  0.573068  0.569525  0.541130  0.554852  0.722756  0.611947  0.687631  0.461308  0.636393  0.362942  0.584942  0.428800  0.627939  0.726313  0.740066  0.639394  0.540370  0.649444  0.465564  0.538953  0.610834  0.742544  0.528025  0.657718  0.585800  0.631122  0.667652 
7  0.686601  0.813171  0.465161  0.925395  0.682375  0.725657  0.771545 0.0  0.451693  0.807486  0.675427  0.436311  0.370204  0.625819  0.456688  0.863000  0.465118  0.602552  0.629208  0.461824  0.421512  0.582349  0.410061  0.407495  0.424925  0.435412  0.700394  0.321541  0.835249  0.475928  0.566168  0.499673  0.871752  0.615412  0.415531  0.672439  0.674142  0.837762  0.782291  0.371209  0.438182  0.509285  0.632367  0.409228  0.364042  0.446750  0.493729  0.444515  0.314496  0.662568  0.526603  0.442802  0.433827  0.772496  0.469256  0.392447  0.327099  0.786309  0.480134  0.736124  0.588759  0.741246  0.567961  0.382173  0.457478  0.494471  0.595899  0.532275  0.339172  0.547609  0.568672  0.446952  0.681490  0.562457  0.601242  0.484186  0.620482  0.390657  0.432790  0.702199  0.444460  0.686800  0.399136  0.581475  0.477482  0.841730  0.495431  0.300667  0.573901  0.410328  0.685675  0.632897  0.414749  0.352820  0.377763  0.382131  0.294329  0.456640  0.642994 
8  0.602925  0.801085  0.622027  0.817894  0.544856  0.502913  0.665735  0.451693 0.0  0.695567  0.559322  0.406418  0.499809  0.416804  0.445536  0.794030  0.518550  0.710464  0.692181  0.432936  0.531594  0.517970  0.368462  0.399173  0.390172  0.417794  0.620741  0.324861  0.676972  0.646707  0.577434  0.570343  0.727768  0.359720  0.549854  0.586002  0.594336  0.611721  0.795366  0.407050  0.529604  0.419955  0.813742  0.342313  0.359323  0.401583  0.445564  0.323578  0.277154  0.606141  0.544220  0.398909  0.468457  0.738043  0.490392  0.474658  0.431728  0.573817  0.464913  0.689697  0.515707  0.668457  0.598617  0.467710  0.472076  0.368525  0.523590  0.470554  0.422615  0.494223  0.600314  0.331875  0.641305  0.617690  0.539884  0.534763  0.685708  0.403579  0.460497  0.681506  0.497980  0.615285  0.386766  0.674295  0.461208  0.812808  0.645522  0.355284  0.594470  0.453967  0.571001  0.570446  0.350973  0.404814  0.434423  0.507118  0.393043  0.488161  0.516990 
9  0.724454  0.247349  0.810326  0.632602  0.802037  0.722620  0.755363  0.807486  0.695567 0.0  0.721661  0.765316  0.863296  0.800644  0.651482  0.526049  0.806836  0.815359  0.875699  0.815689  0.831787  0.764593  0.755996  0.835876  0.711669  0.781908  0.731179  0.654958  0.739864  0.967600  0.712600  0.738262  0.390442  0.867457  0.835453  0.707754  0.772849  0.521423  0.707821  0.815880  0.866471  0.745435  0.702930  0.705516  0.789623  0.658632  0.753912  0.685493  0.735002  0.854245  0.760959  0.878890  0.731004  0.425391  0.661116  0.711015  0.890576  0.727372  0.734550  0.332194  0.732023  0.778882  0.672134  0.670481  0.696555  0.618618  0.794420  0.758814  0.719045  0.592221  0.850453  0.654352  0.659964  0.679650  0.728607  0.852961  0.733617  0.789797  0.712158  0.757000  0.662707  0.701702  0.701904  0.592678  0.679153  0.290194  0.816800  0.677343  0.676186  0.811520  0.615817  0.697899  0.815016  0.791950  0.798330  0.628940  0.786074  0.787657  0.796093 
10  0.490608  0.823624  0.651831  0.800010  0.305068  0.481577  0.556117  0.675427  0.559322  0.721661 0.0  0.417159  0.557918  0.501199  0.518171  0.787650  0.547008  0.636789  0.605308  0.555051  0.574905  0.467419  0.678904  0.605314  0.430012  0.646131  0.767865  0.582089  0.583117  0.677196  0.522314  0.446141  0.667614  0.306555  0.573994  0.524608  0.484453  0.809283  0.770694  0.684022  0.572178  0.695169  0.733636  0.447304  0.675682  0.466475  0.625191  0.484164  0.500793  0.613107  0.207436  0.613619  0.487863  0.750789  0.446196  0.543624  0.424822  0.519722  0.601373  0.658573  0.684788  0.652797  0.498374  0.603717  0.549452  0.608416  0.432078  0.522923  0.495786  0.415016  0.662244  0.521152  0.586207  0.456764  0.579930  0.603129  0.767988  0.569804  0.431547  0.676968  0.374586  0.520710  0.436278  0.539086  0.454889  0.743951  0.611303  0.534836  0.537050  0.544622  0.422189  0.430152  0.638210  0.604746  0.433039  0.463385  0.518986  0.667618  0.550021 
11  0.489346  0.711291  0.453585  0.839662  0.407481  0.467502  0.538464  0.436311  0.406418  0.765316  0.417159 0.0  0.542918  0.429037  0.598111  0.735224  0.529621  0.437085  0.595273  0.613766  0.507063  0.446772  0.511659  0.480238  0.466123  0.523488  0.716730  0.415791  0.720683  0.565587  0.506399  0.430493  0.727298  0.338254  0.542600  0.543189  0.386554  0.719023  0.740284  0.508654  0.498117  0.510134  0.764789  0.420039  0.382507  0.412689  0.539422  0.553897  0.385382  0.557323  0.427425  0.549786  0.390574  0.677034  0.512430  0.608158  0.519762  0.510143  0.540994  0.728160  0.624457  0.630758  0.440992  0.516507  0.467321  0.505982  0.316622  0.463667  0.500597  0.534393  0.588947  0.374608  0.645451  0.531694  0.497394  0.574693  0.663689  0.520511  0.479284  0.582091  0.306490  0.507153  0.498235  0.655854  0.454186  0.724156  0.508865  0.512776  0.516024  0.444451  0.588478  0.464528  0.629516  0.528521  0.561838  0.330529  0.425020  0.526579  0.565866 
12  0.716048  0.778458  0.403957  0.752245  0.605952  0.585386  0.696565  0.370204  0.499809  0.863296  0.557918  0.542918 0.0  0.477646  0.412801  0.806669  0.439922  0.472904  0.611209  0.532023  0.281992  0.518176  0.366329  0.292487  0.457361  0.450857  0.697788  0.337833  0.664427  0.440103  0.531257  0.639513  0.780750  0.546168  0.437441  0.710744  0.629032  0.800240  0.749992  0.370639  0.405646  0.375552  0.647668  0.416595  0.351686  0.523890  0.377936  0.481487  0.437644  0.569891  0.659637  0.370427  0.522947  0.843941  0.344777  0.393219  0.320563  0.597150  0.307945  0.779258  0.543268  0.669644  0.647003  0.396916  0.396337  0.410019  0.291969  0.675019  0.458095  0.544237  0.524586  0.476742  0.525003  0.595767  0.541890  0.589508  0.711496  0.467504  0.369904  0.619829  0.583652  0.682148  0.571160  0.596029  0.407784  0.813908  0.500833  0.427700  0.630913  0.377141  0.541574  0.741419  0.384157  0.383536  0.449661  0.460694  0.384721  0.391273  0.558518 
13  0.517895  0.706184  0.488330  0.738857  0.362922  0.523301  0.474563  0.625819  0.416804  0.800644  0.501199  0.429037  0.477646 0.0  0.597876  0.690480  0.598350  0.630508  0.626149  0.468979  0.516002  0.379343  0.448647  0.485988  0.450127  0.463097  0.709946  0.336636  0.689076  0.577624  0.478330  0.483401  0.700903  0.263563  0.495473  0.545464  0.512849  0.652948  0.709714  0.363497  0.510625  0.472347  0.797931  0.576689  0.544743  0.501931  0.493566  0.477866  0.455580  0.536380  0.464207  0.522130  0.374520  0.793790  0.501080  0.500619  0.576578  0.481564  0.475604  0.716341  0.586592  0.617907  0.571922  0.494458  0.334408  0.396199  0.476979  0.434199  0.510893  0.476241  0.523137  0.508687  0.579073  0.545172  0.604585  0.541994  0.772726  0.476706  0.446023  0.602148  0.349590  0.620850  0.615776  0.585489  0.593196  0.782376  0.647220  0.426447  0.607446  0.398132  0.474342  0.616314  0.589750  0.446604  0.387314  0.389580  0.499684  0.576391  0.614523 
14  0.516481  0.756335  0.455252  0.709114  0.604998  0.622190  0.722545  0.456688  0.445536  0.651482  0.518171  0.598111  0.412801  0.597876 0.0  0.689174  0.470659  0.452404  0.688743  0.397678  0.499606  0.580061  0.466470  0.519086  0.404028  0.463773  0.617129  0.500244  0.642278  0.669249  0.671004  0.642015  0.769951  0.676757  0.628886  0.603239  0.532497  0.681185  0.748933  0.393151  0.560060  0.615060  0.717557  0.398234  0.418591  0.471113  0.505373  0.356882  0.378180  0.676130  0.742044  0.441484  0.478986  0.806913  0.291419  0.431208  0.356075  0.759241  0.459935  0.687956  0.567770  0.627491  0.627534  0.366664  0.437513  0.469987  0.392218  0.529301  0.358318  0.449844  0.650023  0.371138  0.553951  0.514221  0.615777  0.498066  0.621016  0.496997  0.431609  0.685495  0.549960  0.773282  0.474370  0.625664  0.392679  0.790004  0.501903  0.597395  0.582289  0.522305  0.590660  0.530745  0.464794  0.418220  0.512066  0.359698  0.476460  0.419290  0.584773 
15  0.612522  0.468069  0.742878  0.428604  0.747597  0.798158  0.749413  0.863000  0.794030  0.526049  0.787650  0.735224  0.806669  0.690480  0.689174 0.0  0.765153  0.737811  0.872516  0.780128  0.800479  0.719091  0.704937  0.812866  0.696241  0.773164  0.767691  0.566423  0.795279  0.810678  0.609230  0.869632  0.585263  0.646677  0.647185  0.708407  0.587857  0.389829  0.637776  0.763305  0.837153  0.737599  0.707947  0.638866  0.772154  0.636306  0.795904  0.685955  0.741974  0.793053  0.664430  0.789239  0.681214  0.499535  0.674452  0.702643  0.701610  0.741919  0.727782  0.530658  0.745888  0.708239  0.825670  0.804176  0.673980  0.590864  0.603656  0.752560  0.794914  0.567757  0.905592  0.555020  0.571173  0.716070  0.697986  0.741204  0.749493  0.710401  0.689950  0.736624  0.718866  0.738738  0.593053  0.679899  0.535374  0.436977  0.801592  0.792878  0.616702  0.629496  0.607155  0.655447  0.763259  0.673258  0.713293  0.746191  0.578076  0.841024  0.640414 
16  0.594731  0.857463  0.565872  0.774023  0.596478  0.592991  0.682275  0.465118  0.518550  0.806836  0.547008  0.529621  0.439922  0.598350  0.470659  0.765153 0.0  0.633502  0.636941  0.229516  0.359839  0.631200  0.518824  0.400800  0.302109  0.316564  0.574575  0.406145  0.769699  0.560670  0.496098  0.606884  0.752890  0.518922  0.330429  0.625112  0.617535  0.805015  0.701415  0.359328  0.545978  0.359689  0.747778  0.295122  0.434180  0.497927  0.283362  0.378934  0.444426  0.680606  0.591606  0.310146  0.444862  0.827099  0.409799  0.353526  0.321895  0.645653  0.413361  0.865955  0.670088  0.579811  0.522654  0.280363  0.434307  0.335249  0.531756  0.552713  0.401687  0.520210  0.690409  0.492847  0.535349  0.654713  0.517319  0.455783  0.562528  0.307356  0.369277  0.576862  0.407765  0.701890  0.376541  0.651746  0.375550  0.839027  0.452021  0.240363  0.571230  0.403352  0.502216  0.564084  0.457745  0.360273  0.371673  0.457578  0.471052  0.321865  0.605550 
17  0.469036  0.812109  0.466969  0.754713  0.646042  0.579947  0.706492  0.602552  0.710464  0.815359  0.636789  0.437085  0.472904  0.630508  0.452404  0.737811  0.633502 0.0  0.536568  0.649879  0.508923  0.469065  0.477940  0.535861  0.625310  0.626809  0.708436  0.592681  0.629680  0.584169  0.591093  0.656355  0.730778  0.556288  0.697791  0.531537  0.438362  0.924609  0.734410  0.657528  0.439943  0.692688  0.786163  0.585139  0.615057  0.479704  0.569765  0.520466  0.553867  0.622831  0.593949  0.552755  0.507453  0.834131  0.486630  0.572807  0.671637  0.659982  0.630522  0.702232  0.504544  0.632166  0.612912  0.618137  0.578877  0.461402  0.458712  0.467693  0.541629  0.620635  0.566258  0.490969  0.536782  0.621808  0.612627  0.676972  0.801590  0.626676  0.518396  0.699342  0.444418  0.617759  0.498005  0.671507  0.553002  0.796565  0.602941  0.596554  0.600066  0.585397  0.590540  0.506571  0.542961  0.621623  0.560389  0.560393  0.591635  0.663199  0.575237 
18  0.668567  0.847623  0.687342  0.868674  0.493680  0.414939  0.590824  0.629208  0.692181  0.875699  0.605308  0.595273  0.611209  0.626149  0.688743  0.872516  0.636941  0.536568 0.0  0.685434  0.598607  0.683053  0.608201  0.645603  0.623253  0.572380  0.777937  0.649360  0.687924  0.414475  0.556155  0.522171  0.788256  0.548788  0.744415  0.667885  0.646190  0.742259  0.842783  0.566763  0.562459  0.639792  0.801183  0.572615  0.700082  0.685240  0.619726  0.682948  0.649888  0.286841  0.731521  0.535749  0.517487  0.914864  0.606699  0.611022  0.651643  0.759529  0.705866  0.926036  0.528729  0.777240  0.493112  0.533619  0.717913  0.711839  0.551602  0.500235  0.470629  0.641889  0.377441  0.697528  0.631663  0.621406  0.569247  0.417431  0.910837  0.523218  0.617160  0.675598  0.789391  0.636646  0.821218  0.674418  0.664308  0.787842  0.432225  0.563416  0.542976  0.668226  0.632612  0.665905  0.609546  0.789416  0.626551  0.656018  0.659617  0.625637  0.560804 
19  0.555997  0.759034  0.457459  0.707429  0.451930  0.603269  0.553031  0.461824  0.432936  0.815689  0.555051  0.613766  0.532023  0.468979  0.397678  0.780128  0.229516  0.649879  0.685434 0.0  0.266952  0.539938  0.362813  0.405138  0.417056  0.421429  0.712311  0.482529  0.665811  0.520821  0.663103  0.526509  0.793225  0.444502  0.247034  0.667143  0.638959  0.658691  0.736607  0.413466  0.639555  0.411892  0.666862  0.499095  0.341767  0.342269  0.338383  0.410005  0.375249  0.740289  0.583053  0.403297  0.367920  0.839481  0.336420  0.403366  0.314149  0.589882  0.362119  0.805168  0.599012  0.622086  0.544180  0.378375  0.410421  0.357834  0.525590  0.558775  0.500594  0.435695  0.564287  0.318346  0.554397  0.701504  0.586606  0.519491  0.620927  0.387593  0.358674  0.640419  0.533233  0.593097  0.472105  0.600084  0.509041  0.628317  0.525234  0.427251  0.601662  0.278426  0.613667  0.518777  0.332527  0.358519  0.321707  0.329663  0.343499  0.344134  0.624794 
20  0.586902  0.986564  0.518386  0.839485  0.679339  0.414131  0.707503  0.421512  0.531594  0.831787  0.574905  0.507063  0.281992  0.516002  0.499606  0.800479  0.359839  0.508923  0.598607  0.266952 0.0  0.622081  0.512288  0.548026  0.381777  0.390999  0.710290  0.252997  0.684129  0.626057  0.600350  0.624370  0.638799  0.614131  0.532091  0.710969  0.761253  0.773639  0.763331  0.519788  0.582969  0.344654  0.755204  0.476360  0.392939  0.560712  0.400002  0.495418  0.594830  0.585431  0.644505  0.374357  0.549018  0.823789  0.526691  0.251089  0.423837  0.842975  0.424373  0.861124  0.599647  0.674170  0.625925  0.385154  0.580473  0.386518  0.416543  0.581232  0.313922  0.513825  0.494438  0.436047  0.678449  0.587883  0.707151  0.633799  0.707931  0.380365  0.475484  0.618805  0.539247  0.775476  0.436341  0.753031  0.565821  0.686045  0.438041  0.440647  0.611080  0.374456  0.555044  0.663868  0.440324  0.474265  0.384214  0.384620  0.523924  0.385702  0.631085 
21  0.363849  0.675753  0.482012  0.738703  0.466991  0.459306  0.571451  0.582349  0.517970  0.764593  0.467419  0.446772  0.518176  0.379343  0.580061  0.719091  0.631200  0.469065  0.683053  0.539938  0.622081 0.0  0.611976  0.464221  0.604886  0.478319  0.645193  0.520109  0.692964  0.524924  0.454639  0.394348  0.642767  0.472766  0.506737  0.603184  0.510685  0.771847  0.802197  0.524122  0.489107  0.466389  0.812036  0.485282  0.531020  0.398083  0.352747  0.573761  0.410249  0.706616  0.507675  0.406357  0.523174  0.737716  0.309679  0.383884  0.475519  0.571284  0.412702  0.729020  0.608679  0.562165  0.301099  0.557989  0.361636  0.507547  0.307709  0.320042  0.525633  0.498159  0.609984  0.427057  0.496949  0.463481  0.636788  0.416807  0.617007  0.455864  0.435703  0.610597  0.302884  0.554121  0.443810  0.730197  0.407080  0.796373  0.608996  0.452015  0.470107  0.452967  0.507378  0.594419  0.523389  0.470237  0.542310  0.444500  0.439161  0.520534  0.609142 
22  0.569247  0.818216  0.450534  0.752695  0.526396  0.605946  0.759480  0.410061  0.368462  0.755996  0.678904  0.511659  0.366329  0.448647  0.466470  0.704937  0.518824  0.477940  0.608201  0.362813  0.512288  0.611976 0.0  0.480072  0.369930  0.531500  0.749029  0.474717  0.706099  0.510943  0.549081  0.527324  0.641152  0.507345  0.525046  0.565974  0.443316  0.663390  0.854989  0.466232  0.429098  0.539434  0.684893  0.472110  0.444894  0.408754  0.440890  0.376983  0.385029  0.652232  0.615937  0.485528  0.455897  0.659809  0.405616  0.520878  0.485570  0.786767  0.501807  0.793237  0.539168  0.783493  0.572643  0.519519  0.530978  0.369852  0.563095  0.511589  0.534116  0.433133  0.670599  0.473217  0.598380  0.530025  0.444959  0.582504  0.746243  0.472923  0.395886  0.754554  0.431678  0.650246  0.519182  0.749191  0.338316  0.731353  0.505958  0.453006  0.574476  0.487485  0.511231  0.525506  0.599757  0.549389  0.413373  0.348091  0.553892  0.444866  0.520330 
23  0.489704  0.813608  0.564495  0.799467  0.528256  0.574645  0.642517  0.407495  0.399173  0.835876  0.605314  0.480238  0.292487  0.485988  0.519086  0.812866  0.400800  0.535861  0.645603  0.405138  0.548026  0.464221  0.480072 0.0  0.484958  0.401477  0.562464  0.313508  0.640713  0.616700  0.653861  0.527181  0.716903  0.554008  0.301020  0.533799  0.546944  0.723325  0.682723  0.391446  0.521060  0.294598  0.722538  0.387232  0.353284  0.510506  0.396764  0.346785  0.304862  0.597434  0.604667  0.414906  0.484620  0.722770  0.393726  0.298607  0.369241  0.680670  0.292510  0.679295  0.594893  0.622914  0.587710  0.393044  0.251250  0.458551  0.425827  0.530557  0.426023  0.359909  0.632008  0.355670  0.573517  0.564539  0.483584  0.543349  0.630510  0.422030  0.371657  0.544465  0.477130  0.730242  0.419108  0.617563  0.440035  0.857486  0.514914  0.222300  0.596565  0.292981  0.531283  0.528457  0.406463  0.335863  0.323879  0.409532  0.335513  0.398359  0.563379 
24  0.576112  0.869641  0.467157  0.824632  0.533231  0.564483  0.516282  0.424925  0.390172  0.711669  0.430012  0.466123  0.457361  0.450127  0.404028  0.696241  0.302109  0.625310  0.623253  0.417056  0.381777  0.604886  0.369930  0.484958 0.0  0.360409  0.644156  0.359649  0.721351  0.662561  0.581296  0.491334  0.808627  0.466816  0.478292  0.647087  0.601271  0.756280  0.744278  0.327614  0.524343  0.295081  0.663994  0.448109  0.374144  0.403433  0.383416  0.434571  0.430598  0.688208  0.503719  0.290750  0.526029  0.864461  0.398681  0.364333  0.351149  0.689964  0.379084  0.778272  0.626539  0.683821  0.723610  0.392426  0.412657  0.433653  0.476265  0.569660  0.396398  0.506127  0.515298  0.440598  0.636684  0.515567  0.553655  0.497036  0.661101  0.284495  0.533525  0.517516  0.473538  0.713608  0.459573  0.787796  0.375079  0.735524  0.601563  0.328122  0.651958  0.465608  0.561235  0.542954  0.373934  0.425115  0.388140  0.362412  0.467781  0.392599  0.745721 
25  0.527926  0.860250  0.588422  0.748725  0.537929  0.525753  0.691141  0.435412  0.417794  0.781908  0.646131  0.523488  0.450857  0.463097  0.463773  0.773164  0.316564  0.626809  0.572380  0.421429  0.390999  0.478319  0.531500  0.401477  0.360409 0.0  0.656504  0.250606  0.672077  0.664337  0.581032  0.516725  0.807718  0.529965  0.430247  0.627258  0.582128  0.741191  0.778034  0.260489  0.631126  0.364313  0.583376  0.300035  0.388600  0.517907  0.332691  0.476542  0.429173  0.563499  0.551908  0.414035  0.438192  0.805614  0.369365  0.320010  0.171258  0.804028  0.284621  0.778146  0.663746  0.618061  0.601826  0.500552  0.431875  0.448188  0.456061  0.581941  0.534271  0.525358  0.676898  0.430208  0.673526  0.553667  0.611335  0.487244  0.600601  0.341321  0.385057  0.679789  0.565740  0.661050  0.481247  0.579594  0.474820  0.725851  0.596821  0.302093  0.556331  0.335697  0.606322  0.653277  0.401496  0.487048  0.457310  0.321783  0.381214  0.412142  0.686937 
26  0.663839  0.638860  0.761339  0.590664  0.705601  0.718145  0.713743  0.700394  0.620741  0.731179  0.767865  0.716730  0.697788  0.709946  0.617129  0.767691  0.574575  0.708436  0.777937  0.712311  0.710290  0.645193  0.749029  0.562464  0.644156  0.656504 0.0  0.570205  0.675633  0.802577  0.733921  0.762810  0.718721  0.660355  0.637478  0.629957  0.667499  0.662177  0.359406  0.657136  0.832129  0.635851  0.420227  0.667276  0.603874  0.770639  0.633249  0.564467  0.586437  0.740309  0.565743  0.680938  0.679828  0.683231  0.638611  0.658856  0.664991  0.742074  0.651330  0.760492  0.703139  0.416967  0.599010  0.557352  0.659015  0.590660  0.680207  0.745967  0.737640  0.734867  0.873655  0.665122  0.814380  0.621422  0.627475  0.720802  0.138585  0.704954  0.585756  0.677089  0.606506  0.781187  0.727936  0.683107  0.635689  0.699774  0.681118  0.586635  0.653082  0.606086  0.609415  0.740896  0.496781  0.752528  0.578789  0.686913  0.682325  0.792690  0.701644 
27  0.523867  0.797256  0.506846  0.811284  0.625521  0.618773  0.645565  0.321541  0.324861  0.654958  0.582089  0.415791  0.337833  0.336636  0.500244  0.566423  0.406145  0.592681  0.649360  0.482529  0.252997  0.520109  0.474717  0.313508  0.359649  0.250606  0.570205 0.0  0.583506  0.713982  0.569031  0.627131  0.711267  0.549635  0.330877  0.558778  0.567494  0.773376  0.689002  0.333300  0.499265  0.338698  0.768121  0.314039  0.327668  0.399245  0.199843  0.483348  0.508803  0.616861  0.587181  0.314838  0.476003  0.825272  0.360035  0.284839  0.350397  0.705401  0.388923  0.746851  0.688818  0.593070  0.620532  0.313053  0.439927  0.479085  0.536213  0.518763  0.465457  0.498721  0.619035  0.507864  0.620693  0.583582  0.527759  0.519502  0.562541  0.325227  0.358608  0.626562  0.441233  0.682590  0.514134  0.649969  0.372539  0.698470  0.506806  0.379586  0.500969  0.415443  0.548524  0.633508  0.354142  0.341756  0.370024  0.440801  0.418278  0.362023  0.657780 
28  0.671939  0.628950  0.631589  0.870287  0.668373  0.653151  0.480855  0.835249  0.676972  0.739864  0.583117  0.720683  0.664427  0.689076  0.642278  0.795279  0.769699  0.629680  0.687924  0.665811  0.684129  0.692964  0.706099  0.640713  0.721351  0.672077  0.675633  0.583506 0.0  0.662873  0.613077  0.595747  0.694899  0.542189  0.718747  0.653482  0.664876  0.809541  0.712801  0.694133  0.676458  0.731632  0.788297  0.686035  0.680643  0.559655  0.747510  0.823109  0.733660  0.622605  0.604813  0.711597  0.685786  0.639492  0.664554  0.789059  0.653796  0.526464  0.793389  0.627281  0.640900  0.790837  0.676941  0.738337  0.690243  0.696781  0.580256  0.646748  0.715334  0.592586  0.728984  0.613565  0.632403  0.675946  0.627736  0.703147  0.840326  0.652509  0.828848  0.470947  0.630874  0.318416  0.625850  0.529952  0.733934  0.753203  0.737775  0.666159  0.675887  0.742120  0.629902  0.636191  0.633363  0.833571  0.667710  0.614532  0.683491  0.725061  0.569726 
29  0.496648  0.941855  0.665306  0.981360  0.510953  0.409385  0.649237  0.475928  0.646707  0.967600  0.677196  0.565587  0.440103  0.577624  0.669249  0.810678  0.560670  0.584169  0.414475  0.520821  0.626057  0.524924  0.510943  0.616700  0.662561  0.664337  0.802577  0.713982  0.662873 0.0  0.479314  0.614852  0.896342  0.404226  0.592736  0.545545  0.634260  0.899973  0.846918  0.614993  0.612533  0.699194  0.896307  0.518698  0.595062  0.563530  0.702954  0.699555  0.730231  0.304339  0.566616  0.679750  0.599106  0.816275  0.689025  0.706016  0.693192  0.668342  0.682750  0.915458  0.374725  0.739144  0.478167  0.636758  0.491658  0.594361  0.525360  0.372722  0.564306  0.621973  0.396422  0.667186  0.552325  0.629549  0.546136  0.499049  0.667019  0.744503  0.702615  0.699646  0.632500  0.601172  0.613118  0.669510  0.648222  0.937605  0.324088  0.649635  0.585986  0.797803  0.567076  0.486695  0.722528  0.644665  0.684072  0.646270  0.686993  0.612070  0.557587 
30  0.460555  0.775954  0.491559  0.776331  0.482884  0.542546  0.689947  0.566168  0.577434  0.712600  0.522314  0.506399  0.531257  0.478330  0.671004  0.609230  0.496098  0.591093  0.556155  0.663103  0.600350  0.454639  0.549081  0.653861  0.581296  0.581032  0.733921  0.569031  0.613077  0.479314 0.0  0.493368  0.701166  0.486082  0.601175  0.548269  0.409383  0.773370  0.813891  0.580634  0.513495  0.705110  0.759821  0.626563  0.625369  0.588934  0.642659  0.717760  0.642896  0.462438  0.536826  0.615035  0.551240  0.775480  0.713674  0.618477  0.563591  0.661558  0.601436  0.748063  0.573500  0.782555  0.595274  0.540220  0.479236  0.527144  0.548201  0.534985  0.634373  0.398394  0.635189  0.675911  0.435574  0.296704  0.496019  0.513794  0.832936  0.653870  0.584079  0.604350  0.376823  0.652582  0.646301  0.674717  0.655206  0.762853  0.617023  0.628093  0.437038  0.568013  0.368047  0.488596  0.613198  0.730355  0.581389  0.516943  0.546807  0.631541  0.387832 
31  0.315235  0.640229  0.592297  0.775440  0.328708  0.236409  0.539330  0.499673  0.570343  0.738262  0.446141  0.430493  0.639513  0.483401  0.642015  0.869632  0.606884  0.656355  0.522171  0.526509  0.624370  0.394348  0.527324  0.527181  0.491334  0.516725  0.762810  0.627131  0.595747  0.614852  0.493368 0.0  0.816056  0.410063  0.596848  0.437648  0.625352  0.827637  0.824183  0.581888  0.691928  0.684628  0.754183  0.630329  0.668832  0.508085  0.543951  0.577129  0.373783  0.502246  0.556582  0.626944  0.516023  0.873700  0.510952  0.511166  0.516718  0.575385  0.579712  0.765192  0.485923  0.526438  0.279160  0.627252  0.559333  0.541063  0.411091  0.448322  0.540167  0.480808  0.382905  0.549443  0.613897  0.545712  0.496651  0.394031  0.676554  0.533087  0.527396  0.561531  0.448282  0.595997  0.474775  0.584286  0.540183  0.683317  0.517150  0.563962  0.543887  0.623147  0.416184  0.486062  0.619573  0.583382  0.544494  0.516444  0.614807  0.603837  0.612809 
32  0.567641  0.385661  0.775714  0.555419  0.590824  0.709142  0.690519  0.871752  0.727768  0.390442  0.667614  0.727298  0.780750  0.700903  0.769951  0.585263  0.752890  0.730778  0.788256  0.793225  0.638799  0.642767  0.641152  0.716903  0.808627  0.807718  0.718721  0.711267  0.694899  0.896342  0.701166  0.816056 0.0  0.749746  0.802611  0.597529  0.638865  0.497774  0.727903  0.690104  0.895544  0.869246  0.676285  0.776844  0.742410  0.750888  0.786559  0.672092  0.808619  0.821968  0.788324  0.857119  0.651043  0.452643  0.737158  0.787112  0.680245  0.720009  0.748199  0.405916  0.733828  0.674218  0.775419  0.845983  0.828012  0.607872  0.852601  0.740851  0.741591  0.715283  0.951105  0.731254  0.694148  0.527341  0.764469  0.848077  0.635648  0.858684  0.798023  0.683406  0.752852  0.620713  0.691193  0.744719  0.747361  0.444074  0.753113  0.816512  0.814616  0.756369  0.698888  0.663297  0.667515  0.727740  0.761008  0.731985  0.692508  0.853387  0.841512 
33  0.368136  0.759449  0.518443  0.784905  0.427346  0.441218  0.557117  0.615412  0.359720  0.867457  0.306555  0.338254  0.546168  0.263563  0.676757  0.646677  0.518922  0.556288  0.548788  0.444502  0.614131  0.472766  0.507345  0.554008  0.466816  0.529965  0.660355  0.549635  0.542189  0.404226  0.486082  0.410063  0.749746 0.0  0.558251  0.468266  0.380054  0.733399  0.641194  0.403697  0.608837  0.409981  0.731230  0.476053  0.556170  0.435224  0.563385  0.534221  0.458662  0.626295  0.372721  0.446385  0.476189  0.625671  0.550634  0.600803  0.632176  0.422711  0.483644  0.713001  0.548168  0.701251  0.378446  0.462136  0.374065  0.452772  0.365072  0.492126  0.404784  0.514150  0.675982  0.464350  0.492627  0.371555  0.496128  0.410047  0.635744  0.545062  0.502919  0.682450  0.431168  0.516484  0.411385  0.476810  0.463847  0.696010  0.544288  0.560960  0.382155  0.509177  0.345494  0.348539  0.441208  0.563752  0.492607  0.527402  0.432749  0.507759  0.324133 
34  0.601538  0.718878  0.591565  0.718740  0.691285  0.559338  0.608813  0.415531  0.549854  0.835453  0.573994  0.542600  0.437441  0.495473  0.628886  0.647185  0.330429  0.697791  0.744415  0.247034  0.532091  0.506737  0.525046  0.301020  0.478292  0.430247  0.637478  0.330877  0.718747  0.592736  0.601175  0.596848  0.802611  0.558251 0.0  0.610420  0.558122  0.712578  0.766789  0.346126  0.520886  0.387989  0.679234  0.459359  0.380096  0.406065  0.350048  0.370947  0.361373  0.516114  0.537551  0.432819  0.330908  0.782922  0.390775  0.282153  0.337475  0.682448  0.330408  0.892133  0.710473  0.629966  0.547375  0.401916  0.536859  0.345331  0.435032  0.643754  0.329196  0.433197  0.573462  0.447840  0.705685  0.600273  0.506943  0.506568  0.675204  0.463640  0.401453  0.507670  0.487035  0.763850  0.540694  0.631785  0.554624  0.659470  0.625926  0.332417  0.555182  0.356275  0.533362  0.642401  0.369215  0.381808  0.253447  0.359074  0.369418  0.497490  0.588973 
35  0.555440  0.639696  0.547455  0.666519  0.432348  0.511008  0.536007  0.672439  0.586002  0.707754  0.524608  0.543189  0.710744  0.545464  0.603239  0.708407  0.625112  0.531537  0.667885  0.667143  0.710969  0.603184  0.565974  0.533799  0.647087  0.627258  0.629957  0.558778  0.653482  0.545545  0.548269  0.437648  0.597529  0.468266  0.610420 0.0  0.292215  0.518602  0.734562  0.565033  0.648698  0.569151  0.655015  0.638097  0.543620  0.472216  0.483392  0.470072  0.450766  0.598814  0.537848  0.542178  0.543740  0.757608  0.510943  0.526119  0.497355  0.656619  0.510496  0.609036  0.634514  0.584346  0.543015  0.599296  0.477444  0.567816  0.433312  0.584034  0.683505  0.462001  0.661334  0.520209  0.409307  0.333582  0.442824  0.519752  0.815593  0.448932  0.466690  0.591803  0.481171  0.465257  0.365968  0.512473  0.478328  0.753927  0.719122  0.554359  0.265517  0.434156  0.191512  0.395307  0.520077  0.514513  0.569837  0.457518  0.540120  0.531861  0.379895 
36  0.397254  0.608051  0.492753  0.628576  0.476369  0.430817  0.581036  0.674142  0.594336  0.772849  0.484453  0.386554  0.629032  0.512849  0.532497  0.587857  0.617535  0.438362  0.646190  0.638959  0.761253  0.510685  0.443316  0.546944  0.601271  0.582128  0.667499  0.567494  0.664876  0.634260  0.409383  0.625352  0.638865  0.380054  0.558122  0.292215 0.0  0.625157  0.674993  0.639355  0.681271  0.707237  0.695347  0.642311  0.584000  0.501078  0.583209  0.442537  0.398201  0.694997  0.398349  0.631062  0.483542  0.624295  0.403578  0.691988  0.540898  0.699751  0.564526  0.648445  0.607569  0.629112  0.508476  0.691415  0.544398  0.453955  0.689964  0.599982  0.581504  0.324008  0.722476  0.491278  0.456790  0.309231  0.443304  0.415270  0.789253  0.615534  0.465112  0.610076  0.402598  0.670001  0.445821  0.643571  0.443923  0.654725  0.564223  0.580512  0.339091  0.634876  0.297071  0.402319  0.626968  0.657397  0.598418  0.574895  0.521729  0.638960  0.269421 
37  0.698372  0.466216  0.864174  0.223337  0.838366  0.759541  0.694749  0.837762  0.611721  0.521423  0.809283  0.719023  0.800240  0.652948  0.681185  0.389829  0.805015  0.924609  0.742259  0.658691  0.773639  0.771847  0.663390  0.723325  0.756280  0.741191  0.662177  0.773376  0.809541  0.899973  0.773370  0.827637  0.497774  0.733399  0.712578  0.518602  0.625157 0.0  0.655718  0.809942  0.877981  0.717368  0.727153  0.750043  0.700567  0.661761  0.824964  0.750810  0.725004  0.841535  0.759010  0.824339  0.754665  0.491138  0.735001  0.735626  0.748087  0.803913  0.789677  0.528088  0.732369  0.743906  0.802959  0.798607  0.677789  0.708974  0.723944  0.870934  0.786566  0.534380  0.809047  0.687133  0.650906  0.677480  0.734740  0.741426  0.657201  0.832841  0.714296  0.677700  0.644778  0.709627  0.685811  0.701025  0.669207  0.469606  0.818197  0.716487  0.612839  0.766598  0.617174  0.526975  0.790326  0.680556  0.720193  0.782430  0.678217  0.739945  0.750332 
38  0.716825  0.629370  0.773858  0.802534  0.843861  0.732882  0.724613  0.782291  0.795366  0.707821  0.770694  0.740284  0.749992  0.709714  0.748933  0.637776  0.701415  0.734410  0.842783  0.736607  0.763331  0.802197  0.854989  0.682723  0.744278  0.778034  0.359406  0.689002  0.712801  0.846918  0.813891  0.824183  0.727903  0.641194  0.766789  0.734562  0.674993  0.655718 0.0  0.779010  0.888588  0.764970  0.113632  0.730677  0.621525  0.685403  0.680311  0.761367  0.689248  0.866262  0.755327  0.708213  0.684306  0.610922  0.552402  0.679571  0.743835  0.792209  0.728223  0.714787  0.715183  0.399442  0.760092  0.884806  0.658506  0.746470  0.768969  0.791321  0.777563  0.549657  0.845944  0.615597  0.748529  0.641396  0.727121  0.681938  0.457398  0.901384  0.762636  0.788309  0.633839  0.697263  0.686072  0.738049  0.718875  0.748196  0.886909  0.708490  0.595601  0.731203  0.723672  0.726467  0.718514  0.747150  0.859804  0.767755  0.711565  0.825872  0.772595 
39  0.469740  0.777099  0.540910  0.653186  0.512244  0.597347  0.660421  0.371209  0.407050  0.815880  0.684022  0.508654  0.370639  0.363497  0.393151  0.763305  0.359328  0.657528  0.566763  0.413466  0.519788  0.524122  0.466232  0.391446  0.327614  0.260489  0.657136  0.333300  0.694133  0.614993  0.580634  0.581888  0.690104  0.403697  0.346126  0.565033  0.639355  0.809942  0.779010 0.0  0.615324  0.421841  0.709370  0.349601  0.418602  0.518163  0.335427  0.368659  0.329743  0.525341  0.584442  0.432161  0.515281  0.756138  0.378482  0.378614  0.364679  0.793720  0.481464  0.719720  0.574130  0.706970  0.519651  0.423932  0.364414  0.293741  0.525144  0.554418  0.441385  0.536460  0.730485  0.443203  0.574557  0.519986  0.574602  0.442228  0.542048  0.480439  0.385306  0.623962  0.482885  0.736688  0.492814  0.467892  0.468427  0.624784  0.537613  0.387693  0.568028  0.413354  0.584072  0.550721  0.390973  0.389452  0.298205  0.363168  0.269786  0.437673  0.685733 
