99
0 0.0  0.613003  0.792343  0.692292  0.773301  0.743267  0.736124  0.663955  0.794842  0.733273  0.603722  0.540704  0.796102  0.809366  0.703720  0.688405  0.655383  0.742354  0.726881  0.710997  0.762164  0.840582  0.758604  0.666195  0.639419  0.597060  0.797231  0.644963  0.617013  0.859663  0.721885  0.719275  0.778682  0.727587  0.618512  0.800799  0.824788  0.696758  0.646527  0.615857  0.730270  0.747948  0.737303  0.632131  0.692854  0.648597  0.757928  0.751368  0.739903  0.371767  0.544233  0.620607  0.671122  0.694751  0.683871  0.704175  0.821850  0.741323  0.673500  0.648800  0.810842  0.686559  0.754078  0.761516  0.722236  0.580445  0.714913  0.725084  0.691798  0.666163  0.687610  0.727904  0.754377  0.737448  0.770237  0.793663  0.691210  0.712039  0.662238  0.698605  0.688412  0.749930  0.677293  0.719997  0.871333  0.824867  0.735768  0.734615  0.804944  0.717109  0.721764  0.802015  0.697112  0.785596  0.814949  0.886212  0.661771  0.795769  0.796841 
1  0.613003 0.0  0.838714  0.692251  0.422552  0.478060  0.675272  0.810581  0.796758  0.740047  0.678921  0.641292  0.675321  0.710432  0.866426  0.712373  0.601775  0.864126  0.662813  0.603826  0.831463  0.587449  0.715208  0.797864  0.833449  0.657838  0.922766  0.586102  0.679527  0.798932  0.621008  0.772667  0.498874  0.606679  0.792542  0.704799  0.764234  0.829717  0.704447  0.767403  0.709386  0.792418  0.789224  0.675783  0.637431  0.763066  0.774680  0.669916  0.732026  0.792061  0.679994  0.930946  0.707946  0.779909  0.713668  0.796478  0.504597  0.691795  0.696513  0.705358  0.683734  0.684084  0.846612  0.828150  0.851426  0.284386  0.790008  0.761538  0.734985  0.764097  0.634568  0.719243  0.637988  0.777758  0.754036  0.820793  0.697602  0.545658  0.696543  0.734323  0.794104  0.670477  0.714100  0.815698  0.809607  0.733945  0.688300  0.772524  0.761357  0.723027  0.691509  0.727123  0.799997  0.612685  0.819320  0.883900  0.697051  0.798039  0.829161 
2  0.792343  0.838714 0.0  0.507142  0.857129  0.733835  0.379581  0.411556  0.434227  0.365768  0.550293  0.785676  0.550332  0.491067  0.404681  0.309982  0.374921  0.608745  0.546614  0.712451  0.581545  0.640317  0.409476  0.329098  0.446395  0.341227  0.515167  0.453499  0.319914  0.686973  0.442293  0.469564  0.741742  0.430129  0.472648  0.632515  0.490630  0.507104  0.398811  0.347893  0.485836  0.356160  0.436672  0.333103  0.296890  0.351340  0.425905  0.262204  0.320370  0.659411  0.551538  0.440188  0.388384  0.470110  0.410983  0.495034  0.409303  0.270287  0.713552  0.390675  0.491282  0.488584  0.566831  0.495894  0.439895  0.747353  0.661874  0.489806  0.504073  0.552488  0.491838  0.611210  0.381473  0.393016  0.431339  0.446618  0.585444  0.567336  0.338181  0.446988  0.472534  0.218535  0.422178  0.299976  0.448489  0.356856  0.509226  0.422286  0.637451  0.411802  0.504231  0.548497  0.471004  0.442481  0.376281  0.573540  0.472184  0.528940  0.405743 
3  0.692292  0.692251  0.507142 0.0  0.720748  0.768667  0.585681  0.623299  0.444985  0.635601  0.425023  0.668105  0.598520  0.503837  0.402230  0.531490  0.634128  0.657513  0.444045  0.617836  0.585516  0.604464  0.478428  0.455058  0.595119  0.534221  0.581777  0.595917  0.543725  0.659726  0.581370  0.499944  0.620794  0.613583  0.538396  0.577369  0.461562  0.499472  0.507091  0.522642  0.477843  0.408640  0.535132  0.517234  0.474439  0.473788  0.514136  0.549358  0.493396  0.670985  0.510229  0.555329  0.560604  0.512352  0.561568  0.356782  0.485333  0.565201  0.623986  0.514601  0.469837  0.579139  0.585408  0.458984  0.444675  0.726448  0.613575  0.458066  0.506307  0.571798  0.508561  0.420898  0.630451  0.473290  0.547275  0.559772  0.680052  0.475852  0.518844  0.566759  0.497150  0.432444  0.649610  0.433201  0.493674  0.526011  0.445134  0.509767  0.549272  0.540769  0.445706  0.563164  0.619161  0.405891  0.529034  0.534153  0.511954  0.563168  0.630443 
4  0.773301  0.422552  0.857129  0.720748 0.0  0.427859  0.892130  0.657445  0.817293  0.840242  0.701430  0.615738  0.770863  0.794429  0.628659  0.651187  0.657024  0.805349  0.720473  0.568526  0.776792  0.642341  0.935844  0.803886  0.841690  0.601045  0.792450  0.779189  0.633799  0.847903  0.797854  0.686800  0.355089  0.716416  0.727108  0.895302  0.698441  0.827744  0.690776  0.695079  0.784949  0.856300  0.714382  0.665157  0.693715  0.687008  0.893001  0.730646  0.693219  0.630376  0.753948  0.655259  0.769572  0.727083  0.868294  0.660524  0.672297  0.856880  0.558346  0.801146  0.798870  0.773111  0.927861  0.788602  0.808922  0.331321  0.901234  0.769775  0.755781  0.706979  0.619807  0.705802  0.729578  0.826272  0.802007  0.898224  0.653436  0.710276  0.713835  0.801086  0.768316  0.652465  0.700622  0.769969  0.866320  0.880366  0.657758  0.876877  0.791283  0.728800  0.749284  0.765973  0.661643  0.695205  0.879370  0.952894  0.602395  0.765676  0.820968 
5  0.743267  0.478060  0.733835  0.768667  0.427859 0.0  0.844774  0.683494  0.724239  0.664334  0.711869  0.510018  0.801359  0.777983  0.750023  0.643792  0.707459  0.865128  0.738656  0.566921  0.725293  0.686066  0.855666  0.752036  0.819878  0.653381  0.891745  0.767447  0.661473  0.879520  0.760105  0.814677  0.487187  0.849679  0.754337  0.788485  0.732363  0.844049  0.793309  0.577410  0.766560  0.764208  0.642391  0.667261  0.746895  0.570436  0.699901  0.763674  0.671147  0.619288  0.716965  0.868174  0.793666  0.747509  0.712104  0.683342  0.783893  0.705080  0.754092  0.798823  0.800741  0.786433  0.782014  0.560703  0.870550  0.502719  0.753652  0.765590  0.718705  0.739645  0.656222  0.709936  0.757610  0.747123  0.724866  0.845990  0.554348  0.609171  0.708888  0.702465  0.763470  0.701098  0.726533  0.770727  0.875679  0.723738  0.770742  0.755406  0.731055  0.773944  0.901772  0.786470  0.647158  0.729162  0.924152  0.880375  0.731714  0.840190  0.913778 
6  0.736124  0.675272  0.379581  0.585681  0.892130  0.844774 0.0  0.523659  0.475160  0.296372  0.553915  0.721672  0.608060  0.609622  0.502048  0.515976  0.612178  0.645560  0.562475  0.767124  0.569352  0.584452  0.412423  0.490329  0.317710  0.543881  0.621955  0.318609  0.636320  0.704602  0.343803  0.342420  0.795022  0.320396  0.396127  0.391842  0.635533  0.435913  0.391838  0.388757  0.276004  0.418224  0.486942  0.359790  0.358664  0.507183  0.289918  0.488771  0.427297  0.813803  0.596805  0.611053  0.454407  0.379004  0.270037  0.653258  0.460502  0.471049  0.564579  0.282728  0.477516  0.242074  0.681669  0.495795  0.360715  0.750788  0.648338  0.541429  0.310143  0.501065  0.584080  0.552774  0.411139  0.200799  0.300357  0.385159  0.759177  0.600311  0.519429  0.281997  0.290132  0.323767  0.357255  0.414625  0.538335  0.410545  0.620481  0.357687  0.677359  0.394753  0.569586  0.485787  0.517548  0.479359  0.456600  0.650699  0.617744  0.393667  0.593309 
7  0.663955  0.810581  0.411556  0.623299  0.657445  0.683494  0.523659 0.0  0.246643  0.476288  0.481071  0.595840  0.579220  0.549858  0.316150  0.398616  0.267476  0.439247  0.461194  0.803062  0.468329  0.541871  0.465172  0.493133  0.567095  0.176442  0.682825  0.409568  0.357891  0.702489  0.358844  0.450643  0.752826  0.495656  0.390611  0.486441  0.626869  0.430509  0.479960  0.256885  0.487037  0.442455  0.308633  0.254067  0.444697  0.259492  0.440153  0.390732  0.460385  0.597543  0.581315  0.278145  0.447798  0.422200  0.569262  0.429818  0.518590  0.409395  0.589405  0.369651  0.596477  0.322525  0.671948  0.503441  0.435670  0.646838  0.672114  0.431453  0.483796  0.467623  0.585370  0.551736  0.536913  0.428015  0.436962  0.417262  0.565136  0.535331  0.436247  0.436757  0.468442  0.440648  0.428280  0.405631  0.617786  0.409289  0.579314  0.365882  0.667101  0.364102  0.625568  0.519306  0.405600  0.596403  0.483976  0.583887  0.512569  0.501975  0.586310 
8  0.794842  0.796758  0.434227  0.444985  0.817293  0.724239  0.475160  0.246643 0.0  0.459386  0.579974  0.676396  0.603317  0.464009  0.515138  0.509187  0.285364  0.594868  0.516080  0.854648  0.607268  0.652836  0.441174  0.425799  0.480218  0.220350  0.477784  0.524180  0.480474  0.536515  0.450343  0.422523  0.755668  0.532649  0.386423  0.560910  0.496968  0.450055  0.493214  0.294351  0.517312  0.459946  0.325480  0.174987  0.475068  0.370945  0.456349  0.463488  0.368015  0.751681  0.531665  0.518854  0.417568  0.507695  0.531536  0.624118  0.409788  0.554799  0.603855  0.632595  0.653738  0.557780  0.591389  0.588216  0.591248  0.866382  0.634160  0.460535  0.462800  0.446794  0.637956  0.438859  0.432420  0.581548  0.649924  0.473384  0.881316  0.578437  0.501728  0.411313  0.442470  0.488728  0.518606  0.391819  0.559389  0.338831  0.508466  0.389879  0.611356  0.493439  0.596901  0.410708  0.508539  0.419374  0.513329  0.563110  0.616627  0.461431  0.508286 
9  0.733273  0.740047  0.365768  0.635601  0.840242  0.664334  0.296372  0.476288  0.459386 0.0  0.616687  0.723376  0.589058  0.445140  0.457041  0.466347  0.327862  0.646224  0.536246  0.751624  0.644187  0.708267  0.427426  0.283708  0.389525  0.452917  0.593958  0.343602  0.433283  0.679946  0.340227  0.398476  0.717009  0.321825  0.311186  0.476227  0.593972  0.553936  0.415294  0.534054  0.401661  0.345728  0.499695  0.525486  0.430571  0.386693  0.397693  0.465973  0.395283  0.562005  0.517690  0.446732  0.450636  0.394327  0.373289  0.481090  0.474535  0.380116  0.725559  0.386256  0.412280  0.293716  0.702256  0.549870  0.435195  0.704242  0.593886  0.463218  0.360781  0.553703  0.649073  0.474649  0.188726  0.328669  0.405534  0.347487  0.764953  0.598957  0.556986  0.311622  0.384425  0.429522  0.483994  0.338015  0.574502  0.296769  0.508551  0.441183  0.692588  0.425713  0.558544  0.499867  0.477653  0.555948  0.414144  0.680743  0.641195  0.530824  0.356433 
10  0.603722  0.678921  0.550293  0.425023  0.701430  0.711869  0.553915  0.481071  0.579974  0.616687 0.0  0.545245  0.478677  0.537934  0.564388  0.434986  0.481878  0.479438  0.496720  0.687280  0.176793  0.670536  0.641641  0.576004  0.516154  0.466023  0.635730  0.503650  0.478152  0.762482  0.621455  0.658350  0.594280  0.571799  0.626400  0.660885  0.543945  0.595421  0.530432  0.638582  0.691814  0.598879  0.471900  0.511341  0.609227  0.561189  0.595337  0.451625  0.529125  0.548414  0.389946  0.570251  0.519171  0.750883  0.621940  0.288278  0.505784  0.532711  0.602648  0.648002  0.533268  0.508270  0.497919  0.370422  0.502493  0.657075  0.585304  0.637307  0.544776  0.558801  0.243879  0.410533  0.573193  0.602385  0.671283  0.567195  0.687654  0.473798  0.438138  0.548106  0.573855  0.604519  0.608707  0.527839  0.653244  0.569326  0.491215  0.610699  0.685139  0.525746  0.486705  0.570348  0.464653  0.525389  0.650639  0.567412  0.469619  0.615844  0.630148 
11  0.540704  0.641292  0.785676  0.668105  0.615738  0.510018  0.721672  0.595840  0.676396  0.723376  0.545245 0.0  0.781555  0.750868  0.613119  0.637687  0.651989  0.719751  0.773458  0.525643  0.729113  0.857713  0.731644  0.662794  0.684562  0.678599  1.000000  0.769957  0.669491  0.698331  0.793472  0.739242  0.556602  0.698167  0.755129  0.832022  0.790798  0.750935  0.775074  0.588910  0.725888  0.638821  0.688600  0.693741  0.714495  0.611818  0.696767  0.642810  0.715586  0.676335  0.684696  0.639413  0.743342  0.761046  0.733985  0.741614  0.824261  0.729308  0.655354  0.775698  0.642645  0.828633  0.780489  0.677963  0.827736  0.541783  0.727994  0.670148  0.776716  0.649472  0.652462  0.775207  0.832783  0.764453  0.722676  0.706154  0.482300  0.751408  0.676079  0.784447  0.681321  0.744241  0.694430  0.692693  0.864860  0.791762  0.806157  0.867124  0.654524  0.624767  0.640296  0.807380  0.689482  0.741843  0.782112  0.849779  0.616986  0.729043  0.720494 
12  0.796102  0.675321  0.550332  0.598520  0.770863  0.801359  0.608060  0.579220  0.603317  0.589058  0.478677  0.781555 0.0  0.617103  0.554271  0.617931  0.563192  0.507500  0.446413  0.678835  0.434981  0.622909  0.603887  0.491156  0.473473  0.469379  0.529978  0.702520  0.504971  0.604537  0.661053  0.592646  0.591629  0.575051  0.576190  0.629131  0.437920  0.600388  0.590938  0.441095  0.498337  0.608010  0.485447  0.510030  0.599919  0.495901  0.551617  0.498679  0.611588  0.744959  0.326587  0.696602  0.413242  0.533664  0.530601  0.447022  0.537337  0.520480  0.605341  0.518223  0.565354  0.624117  0.523148  0.473463  0.578481  0.813191  0.488504  0.498387  0.651397  0.274444  0.460105  0.484741  0.643222  0.633987  0.652614  0.530586  0.748170  0.547123  0.397404  0.587554  0.630883  0.520171  0.637553  0.426951  0.598965  0.544238  0.462749  0.629923  0.443187  0.522093  0.435528  0.536197  0.386893  0.491810  0.630974  0.505510  0.363583  0.554143  0.622430 
13  0.809366  0.710432  0.491067  0.503837  0.794429  0.777983  0.609622  0.549858  0.464009  0.445140  0.537934  0.750868  0.617103 0.0  0.469676  0.421728  0.486714  0.554039  0.604502  0.861044  0.642814  0.649387  0.359887  0.407787  0.457136  0.390026  0.637048  0.467140  0.364672  0.623375  0.517558  0.539205  0.633060  0.467446  0.398909  0.443282  0.578091  0.463451  0.299975  0.524720  0.504921  0.481988  0.336564  0.429627  0.461153  0.395767  0.416259  0.439278  0.437593  0.706317  0.501905  0.438650  0.460887  0.464710  0.299851  0.382350  0.327072  0.415057  0.655402  0.485625  0.586006  0.501381  0.495799  0.563631  0.425239  0.752396  0.603244  0.540708  0.386068  0.652126  0.511008  0.648963  0.496848  0.515317  0.400981  0.397406  0.725947  0.602496  0.471755  0.542716  0.434300  0.448466  0.384765  0.457908  0.418270  0.410431  0.512652  0.552580  0.607591  0.374571  0.599004  0.531365  0.524001  0.527878  0.552868  0.653045  0.509944  0.393755  0.478248 
14  0.703720  0.866426  0.404681  0.402230  0.628659  0.750023  0.502048  0.316150  0.515138  0.457041  0.564388  0.613119  0.554271  0.469676 0.0  0.444608  0.434621  0.651409  0.360813  0.795010  0.566258  0.587977  0.473146  0.440913  0.486896  0.357392  0.618759  0.579143  0.325726  0.587432  0.519813  0.442754  0.645223  0.502293  0.392335  0.562543  0.449119  0.373427  0.524686  0.441354  0.369889  0.512476  0.402503  0.377261  0.546095  0.368586  0.497362  0.497910  0.447792  0.697724  0.575793  0.347624  0.410815  0.467860  0.546423  0.434613  0.457816  0.407250  0.635330  0.476820  0.483905  0.462385  0.588457  0.573966  0.476235  0.608182  0.630190  0.469399  0.536002  0.398294  0.400280  0.622755  0.569450  0.525929  0.631943  0.578769  0.717284  0.617774  0.388832  0.443403  0.627463  0.446324  0.554589  0.456148  0.457496  0.481430  0.633187  0.569481  0.579472  0.379285  0.482805  0.540228  0.506609  0.468276  0.601250  0.649250  0.504628  0.668854  0.571410 
15  0.688405  0.712373  0.309982  0.531490  0.651187  0.643792  0.515976  0.398616  0.509187  0.466347  0.434986  0.637687  0.617931  0.421728  0.444608 0.0  0.491312  0.477941  0.406675  0.747498  0.605576  0.643296  0.329214  0.282013  0.433605  0.458612  0.702443  0.407766  0.352752  0.701554  0.416142  0.393124  0.642048  0.389242  0.378960  0.584353  0.604252  0.368870  0.507924  0.372626  0.405686  0.449722  0.395894  0.349324  0.448387  0.480274  0.458390  0.361343  0.475262  0.605907  0.534125  0.492454  0.441194  0.349303  0.437759  0.522515  0.443183  0.415860  0.611721  0.393730  0.517968  0.327876  0.629982  0.664126  0.363607  0.757479  0.688579  0.548720  0.372174  0.591676  0.460425  0.508590  0.510044  0.546851  0.528980  0.481886  0.759132  0.561151  0.369987  0.408452  0.384582  0.452594  0.476634  0.327213  0.601220  0.419374  0.560660  0.409199  0.635034  0.351927  0.502601  0.477287  0.531244  0.449006  0.411803  0.694122  0.486380  0.425241  0.611967 
16  0.655383  0.601775  0.374921  0.634128  0.657024  0.707459  0.612178  0.267476  0.285364  0.327862  0.481878  0.651989  0.563192  0.486714  0.434621  0.491312 0.0  0.450186  0.386172  0.814760  0.549347  0.564450  0.488984  0.454020  0.454384  0.308628  0.653715  0.375005  0.359266  0.618154  0.490510  0.484068  0.581460  0.582717  0.464834  0.508704  0.659013  0.466649  0.464945  0.348211  0.387370  0.454878  0.329578  0.191386  0.521141  0.244465  0.486766  0.484049  0.393293  0.611063  0.584152  0.478811  0.487543  0.468230  0.472031  0.509951  0.449983  0.202038  0.597545  0.462075  0.551503  0.470318  0.593610  0.502357  0.549942  0.769341  0.586266  0.436030  0.434673  0.571451  0.488847  0.432510  0.476823  0.520973  0.455717  0.489453  0.769202  0.574344  0.410293  0.371877  0.345682  0.365056  0.338680  0.413077  0.560902  0.439098  0.616856  0.458523  0.578790  0.380681  0.408671  0.505688  0.501133  0.417505  0.644962  0.628704  0.398050  0.509141  0.530721 
17  0.742354  0.864126  0.608745  0.657513  0.805349  0.865128  0.645560  0.439247  0.594868  0.646224  0.479438  0.719751  0.507500  0.554039  0.651409  0.477941  0.450186 0.0  0.644469  0.797613  0.400237  0.775884  0.596910  0.621317  0.560996  0.487074  0.316657  0.736852  0.624394  0.672647  0.613778  0.732785  0.833308  0.746303  0.767207  0.604456  0.684262  0.592899  0.614379  0.614864  0.704264  0.705284  0.629331  0.589774  0.594576  0.568863  0.660475  0.593959  0.576535  0.760496  0.528276  0.580032  0.664164  0.710095  0.648484  0.697646  0.711043  0.686743  0.684879  0.759330  0.617545  0.727932  0.478273  0.492585  0.653561  0.880698  0.425425  0.629043  0.675355  0.463856  0.542245  0.605174  0.654735  0.611569  0.711029  0.665878  0.846657  0.794436  0.592005  0.693864  0.663040  0.570080  0.669075  0.662977  0.575295  0.640098  0.708822  0.650010  0.737557  0.616854  0.693026  0.666016  0.519476  0.686756  0.479345  0.342777  0.478582  0.580682  0.527954 
18  0.726881  0.662813  0.546614  0.444045  0.720473  0.738656  0.562475  0.461194  0.516080  0.536246  0.496720  0.773458  0.446413  0.604502  0.360813  0.406675  0.386172  0.644469 0.0  0.624213  0.547353  0.495967  0.391145  0.467820  0.381080  0.440167  0.632123  0.510526  0.474128  0.509858  0.574407  0.602185  0.684500  0.499453  0.437900  0.576605  0.476194  0.499583  0.549414  0.482816  0.450922  0.438235  0.440283  0.435635  0.541056  0.494926  0.467535  0.502889  0.440260  0.730818  0.465433  0.644017  0.363183  0.559395  0.556790  0.417306  0.396023  0.415576  0.522791  0.509393  0.449403  0.629324  0.549642  0.533365  0.600419  0.795888  0.543555  0.400258  0.473310  0.600432  0.558236  0.525605  0.532224  0.454538  0.439979  0.530337  0.767330  0.474372  0.475839  0.464994  0.483905  0.398744  0.504030  0.446813  0.430783  0.512880  0.436528  0.534086  0.455837  0.493137  0.483407  0.316524  0.580245  0.401268  0.560539  0.436722  0.437650  0.540845  0.488648 
19  0.710997  0.603826  0.712451  0.617836  0.568526  0.566921  0.767124  0.803062  0.854648  0.751624  0.687280  0.525643  0.678835  0.861044  0.795010  0.747498  0.814760  0.797613  0.624213 0.0  0.809172  0.701858  0.756901  0.699008  0.853215  0.612965  0.876328  0.714777  0.738343  0.782508  0.805745  0.734659  0.698107  0.708431  0.836958  0.746872  0.658935  0.681940  0.820576  0.699405  0.758925  0.841903  0.719450  0.815156  0.744110  0.737921  0.792537  0.734154  0.610633  0.749823  0.760087  0.853660  0.662402  0.773210  0.763700  0.675650  0.815730  0.728075  0.647504  0.664844  0.756236  0.746658  0.857439  0.640003  0.708721  0.686271  0.668115  0.822647  0.878249  0.782087  0.560379  0.631082  0.804158  0.808914  0.812916  0.774431  0.412156  0.633750  0.735943  0.865611  0.700896  0.673980  0.737612  0.668219  0.913767  0.777113  0.680131  0.709751  0.646686  0.788218  0.653173  0.679233  0.759885  0.560047  0.831922  0.640157  0.743080  0.789143  0.849704 
20  0.762164  0.831463  0.581545  0.585516  0.776792  0.725293  0.569352  0.468329  0.607268  0.644187  0.176793  0.729113  0.434981  0.642814  0.566258  0.605576  0.549347  0.400237  0.547353  0.809172 0.0  0.565990  0.621547  0.550928  0.600554  0.581867  0.530820  0.530475  0.311879  0.563115  0.504992  0.618936  0.674234  0.538100  0.623270  0.620509  0.534133  0.564104  0.532508  0.485285  0.608133  0.644793  0.560940  0.517403  0.666490  0.564419  0.662556  0.584289  0.704037  0.718628  0.567792  0.545188  0.534819  0.545810  0.615850  0.307666  0.574828  0.543816  0.643057  0.549857  0.562883  0.683030  0.529634  0.483459  0.664420  0.659350  0.610093  0.548395  0.698336  0.492411  0.259948  0.573982  0.651410  0.774758  0.648542  0.641068  0.658513  0.698264  0.632701  0.706597  0.546188  0.590296  0.600612  0.568233  0.550662  0.647065  0.514628  0.601703  0.646111  0.586371  0.575613  0.531682  0.475295  0.596045  0.691941  0.665369  0.490290  0.602291  0.651491 
21  0.840582  0.587449  0.640317  0.604464  0.642341  0.686066  0.584452  0.541871  0.652836  0.708267  0.670536  0.857713  0.622909  0.649387  0.587977  0.643296  0.564450  0.775884  0.495967  0.701858  0.565990 0.0  0.620664  0.698187  0.659248  0.664248  0.740438  0.583829  0.542104  0.640574  0.583239  0.683457  0.627859  0.650844  0.662342  0.654293  0.596476  0.665377  0.680961  0.595940  0.686463  0.697825  0.567578  0.585271  0.688661  0.517783  0.557463  0.530050  0.505879  0.712912  0.581367  0.704390  0.527014  0.612289  0.535300  0.597588  0.602018  0.621458  0.402040  0.689895  0.593140  0.566936  0.687117  0.630419  0.638843  0.680941  0.649625  0.615679  0.695234  0.631041  0.596004  0.459474  0.647367  0.678462  0.684256  0.606109  0.698076  0.536868  0.576232  0.617308  0.647700  0.584262  0.695938  0.619347  0.731226  0.693673  0.530690  0.653533  0.383892  0.595889  0.551718  0.503715  0.586036  0.563113  0.662184  0.597525  0.656180  0.751236  0.588327 
22  0.758604  0.715208  0.409476  0.478428  0.935844  0.855666  0.412423  0.465172  0.441174  0.427426  0.641641  0.731644  0.603887  0.359887  0.473146  0.329214  0.488984  0.596910  0.391145  0.756901  0.621547  0.620664 0.0  0.369699  0.458031  0.406030  0.585574  0.430635  0.489780  0.811496  0.356884  0.336422  0.691620  0.444967  0.374247  0.480403  0.492001  0.381621  0.562680  0.384862  0.406720  0.478943  0.356003  0.336424  0.470343  0.459266  0.462055  0.343557  0.421612  0.767740  0.546401  0.593579  0.514241  0.434069  0.401455  0.589089  0.353050  0.377278  0.708980  0.497181  0.597767  0.390964  0.598598  0.469967  0.392866  0.711427  0.492528  0.406050  0.458067  0.532375  0.508770  0.528999  0.354586  0.325950  0.406586  0.437870  0.827712  0.653747  0.323969  0.322660  0.486606  0.251294  0.375675  0.421545  0.608104  0.364691  0.416080  0.429443  0.596204  0.439364  0.641000  0.537714  0.488432  0.522367  0.305291  0.643099  0.545246  0.398228  0.425062 
23  0.666195  0.797864  0.329098  0.455058  0.803886  0.752036  0.490329  0.493133  0.425799  0.283708  0.576004  0.662794  0.491156  0.407787  0.440913  0.282013  0.454020  0.621317  0.467820  0.699008  0.550928  0.698187  0.369699 0.0  0.400718  0.459892  0.608986  0.338772  0.456790  0.712490  0.406623  0.278520  0.642844  0.399970  0.400373  0.453139  0.578052  0.483211  0.451318  0.416363  0.362076  0.458663  0.329068  0.281387  0.417030  0.476811  0.376728  0.409752  0.372927  0.624351  0.599841  0.476098  0.441101  0.348185  0.380920  0.507691  0.354545  0.433599  0.612430  0.465412  0.515694  0.403708  0.602291  0.569272  0.423402  0.668686  0.509366  0.459910  0.388985  0.459008  0.473881  0.565110  0.456823  0.446445  0.501292  0.334410  0.800419  0.534296  0.334813  0.435364  0.328644  0.545440  0.457950  0.338454  0.500588  0.503551  0.594744  0.562827  0.599864  0.379626  0.475910  0.344406  0.429045  0.450510  0.415056  0.648303  0.529704  0.558411  0.401663 
24  0.639419  0.833449  0.446395  0.595119  0.841690  0.819878  0.317710  0.567095  0.480218  0.389525  0.516154  0.684562  0.473473  0.457136  0.486896  0.433605  0.454384  0.560996  0.381080  0.853215  0.600554  0.659248  0.458031  0.400718 0.0  0.475868  0.501959  0.403998  0.459315  0.624551  0.380303  0.346826  0.789936  0.375423  0.296173  0.462765  0.548974  0.442977  0.519979  0.394492  0.269710  0.464565  0.413338  0.452675  0.376297  0.497583  0.439754  0.532484  0.493191  0.685334  0.644888  0.488199  0.513494  0.370142  0.359349  0.492618  0.393738  0.365844  0.668444  0.287702  0.516957  0.465826  0.767238  0.695165  0.388049  0.792516  0.675378  0.507544  0.335006  0.640652  0.532976  0.639040  0.345085  0.347089  0.380879  0.380793  0.865064  0.631749  0.526729  0.417534  0.382649  0.331168  0.379015  0.381645  0.411024  0.379106  0.530400  0.405336  0.654515  0.404930  0.663629  0.527037  0.518732  0.573048  0.382632  0.592632  0.619675  0.481099  0.385183 
25  0.597060  0.657838  0.341227  0.534221  0.601045  0.653381  0.543881  0.176442  0.220350  0.452917  0.466023  0.678599  0.469379  0.390026  0.357392  0.458612  0.308628  0.487074  0.440167  0.612965  0.581867  0.664248  0.406030  0.459892  0.475868 0.0  0.651071  0.512717  0.336911  0.744633  0.415944  0.446717  0.669476  0.543971  0.371280  0.556748  0.588725  0.494689  0.325224  0.197065  0.439365  0.460500  0.391784  0.135853  0.576402  0.196892  0.642675  0.434713  0.359114  0.723292  0.586907  0.494283  0.461862  0.313284  0.589805  0.441610  0.394729  0.390331  0.647434  0.510145  0.542557  0.527372  0.662956  0.530160  0.363852  0.593524  0.512464  0.357291  0.430814  0.519849  0.427992  0.571659  0.418942  0.555499  0.334967  0.542430  0.634398  0.592492  0.312728  0.463648  0.498958  0.338523  0.425390  0.370616  0.519027  0.414987  0.661973  0.513402  0.459013  0.434377  0.465946  0.455144  0.514306  0.570216  0.587619  0.590692  0.535781  0.475939  0.478973 
26  0.797231  0.922766  0.515167  0.581777  0.792450  0.891745  0.621955  0.682825  0.477784  0.593958  0.635730  1.000000  0.529978  0.637048  0.618759  0.702443  0.653715  0.316657  0.632123  0.876328  0.530820  0.740438  0.585574  0.608986  0.501959  0.651071 0.0  0.532090  0.612284  0.648293  0.583751  0.600926  0.692000  0.572373  0.729497  0.637358  0.587454  0.536719  0.644312  0.674953  0.699224  0.597469  0.749561  0.636027  0.587455  0.606836  0.703281  0.673865  0.641054  0.724841  0.632426  0.718965  0.685706  0.542010  0.560822  0.523613  0.601450  0.443145  0.815738  0.597117  0.544337  0.436688  0.315008  0.589352  0.676467  0.818992  0.466542  0.591753  0.606639  0.602482  0.566461  0.653828  0.511604  0.667534  0.659989  0.498221  0.784800  0.679016  0.676687  0.641975  0.651460  0.689228  0.663584  0.668654  0.615501  0.739808  0.628872  0.558113  0.701585  0.792659  0.642084  0.668316  0.559200  0.584731  0.537612  0.513160  0.590490  0.492662  0.616645 
27  0.644963  0.586102  0.453499  0.595917  0.779189  0.767447  0.318609  0.409568  0.524180  0.343602  0.503650  0.769957  0.702520  0.467140  0.579143  0.407766  0.375005  0.736852  0.510526  0.714777  0.530475  0.583829  0.430635  0.338772  0.403998  0.512717  0.532090 0.0  0.401309  0.741249  0.396783  0.188094  0.795212  0.419004  0.351168  0.478134  0.605528  0.534389  0.423036  0.521031  0.384843  0.443156  0.415287  0.512381  0.314639  0.405890  0.298637  0.350630  0.530688  0.655096  0.582177  0.575064  0.467283  0.381553  0.299926  0.576627  0.406113  0.398559  0.792026  0.380634  0.568813  0.407370  0.630156  0.591599  0.396316  0.824400  0.600898  0.469332  0.381209  0.472167  0.502956  0.567283  0.416808  0.316419  0.384856  0.374862  0.715431  0.608606  0.383414  0.403524  0.318407  0.345918  0.469010  0.462345  0.504221  0.341117  0.636166  0.408140  0.686957  0.317557  0.594448  0.614843  0.446478  0.503155  0.335020  0.743362  0.652906  0.405256  0.332836 
28  0.617013  0.679527  0.319914  0.543725  0.633799  0.661473  0.636320  0.357891  0.480474  0.433283  0.478152  0.669491  0.504971  0.364672  0.325726  0.352752  0.359266  0.624394  0.474128  0.738343  0.311879  0.542104  0.489780  0.456790  0.459315  0.336911  0.612284  0.401309 0.0  0.608412  0.472927  0.649740  0.640549  0.436075  0.451026  0.481020  0.491417  0.531852  0.357702  0.374925  0.360180  0.526834  0.312145  0.401639  0.401792  0.329594  0.426926  0.381647  0.514420  0.648069  0.384635  0.512141  0.371322  0.593902  0.499871  0.347954  0.475647  0.374812  0.598200  0.473461  0.589000  0.537510  0.586913  0.500031  0.505932  0.710961  0.596162  0.461818  0.511772  0.357459  0.561686  0.493679  0.501988  0.531312  0.513643  0.426413  0.683654  0.517131  0.454208  0.425977  0.499953  0.453502  0.436088  0.275568  0.581155  0.513324  0.567298  0.579804  0.597785  0.523967  0.582231  0.496878  0.385433  0.492583  0.565496  0.526285  0.487678  0.536642  0.460099 
29  0.859663  0.798932  0.686973  0.659726  0.847903  0.879520  0.704602  0.702489  0.536515  0.679946  0.762482  0.698331  0.604537  0.623375  0.587432  0.701554  0.618154  0.672647  0.509858  0.782508  0.563115  0.640574  0.811496  0.712490  0.624551  0.744633  0.648293  0.741249  0.608412 0.0  0.760533  0.738212  0.839114  0.711822  0.771786  0.557911  0.626287  0.526163  0.625436  0.703160  0.683706  0.759796  0.579168  0.631014  0.644204  0.614630  0.828257  0.557415  0.546987  0.844303  0.596528  0.714016  0.658866  0.668646  0.647413  0.639936  0.523710  0.666466  0.615881  0.646721  0.689701  0.692628  0.542967  0.603737  0.692721  0.894117  0.477765  0.603175  0.697884  0.615867  0.693523  0.612192  0.661290  0.769842  0.793838  0.753259  0.810727  0.658845  0.588328  0.688766  0.817380  0.734498  0.653179  0.726228  0.613044  0.652274  0.684194  0.604708  0.566488  0.773895  0.598787  0.630107  0.527298  0.594610  0.582577  0.468518  0.688240  0.640786  0.675785 
30  0.721885  0.621008  0.442293  0.581370  0.797854  0.760105  0.343803  0.358844  0.450343  0.340227  0.621455  0.793472  0.661053  0.517558  0.519813  0.416142  0.490510  0.613778  0.574407  0.805745  0.504992  0.583239  0.356884  0.406623  0.380303  0.415944  0.583751  0.396783  0.472927  0.760533 0.0  0.349027  0.689173  0.364038  0.427767  0.451309  0.560383  0.312919  0.503907  0.426605  0.441212  0.351648  0.304711  0.460064  0.370686  0.598145  0.382048  0.390364  0.291890  0.720433  0.419356  0.599699  0.382936  0.334984  0.450268  0.662041  0.383754  0.438681  0.645002  0.381510  0.519442  0.305880  0.580157  0.524972  0.354458  0.713216  0.518332  0.465715  0.457439  0.533228  0.470952  0.530239  0.285119  0.287909  0.312225  0.343016  0.722344  0.556816  0.331868  0.427908  0.487874  0.333289  0.462354  0.346770  0.422614  0.407254  0.443241  0.481066  0.704968  0.499180  0.511333  0.528455  0.644248  0.435759  0.329689  0.711574  0.478853  0.306921  0.405870 
31  0.719275  0.772667  0.469564  0.499944  0.686800  0.814677  0.342420  0.450643  0.422523  0.398476  0.658350  0.739242  0.592646  0.539205  0.442754  0.393124  0.484068  0.732785  0.602185  0.734659  0.618936  0.683457  0.336422  0.278520  0.346826  0.446717  0.600926  0.188094  0.649740  0.738212  0.349027 0.0  0.690379  0.441856  0.344326  0.417516  0.458735  0.469631  0.445343  0.464520  0.346828  0.382628  0.353360  0.463322  0.282085  0.368877  0.388960  0.493874  0.395209  0.591194  0.597740  0.499515  0.428420  0.360631  0.349522  0.637772  0.454981  0.266569  0.598957  0.218398  0.489156  0.410249  0.672839  0.417470  0.309679  0.857555  0.627293  0.379426  0.344689  0.527896  0.691278  0.480193  0.218132  0.226180  0.372866  0.322625  0.779962  0.524129  0.664059  0.390656  0.320911  0.307338  0.293515  0.460851  0.508804  0.433427  0.645787  0.329098  0.666724  0.446335  0.582025  0.580357  0.616561  0.490460  0.469588  0.639990  0.554467  0.278847  0.335860 
32  0.778682  0.498874  0.741742  0.620794  0.355089  0.487187  0.795022  0.752826  0.755668  0.717009  0.594280  0.556602  0.591629  0.633060  0.645223  0.642048  0.581460  0.833308  0.684500  0.698107  0.674234  0.627859  0.691620  0.642844  0.789936  0.669476  0.692000  0.795212  0.640549  0.839114  0.689173  0.690379 0.0  0.752703  0.696875  0.914495  0.559247  0.728263  0.757743  0.607850  0.785652  0.855210  0.712467  0.648839  0.807115  0.744342  0.796137  0.778892  0.832282  0.620571  0.819730  0.797462  0.659366  0.799262  0.746554  0.649521  0.830467  0.842507  0.616837  0.837355  0.637206  0.772379  0.850602  0.743034  0.774640  0.348414  0.814158  0.688640  0.762666  0.716684  0.665189  0.832795  0.775578  0.699699  0.774226  0.866667  0.536319  0.779780  0.695037  0.692451  0.797394  0.689054  0.856497  0.732764  0.861555  0.743815  0.745991  0.757898  0.757756  0.733545  0.701283  0.814482  0.725748  0.625679  0.863754  0.894413  0.654536  0.842324  0.676222 
33  0.727587  0.606679  0.430129  0.613583  0.716416  0.849679  0.320396  0.495656  0.532649  0.321825  0.571799  0.698167  0.575051  0.467446  0.502293  0.389242  0.582717  0.746303  0.499453  0.708431  0.538100  0.650844  0.444967  0.399970  0.375423  0.543971  0.572373  0.419004  0.436075  0.711822  0.364038  0.441856  0.752703 0.0  0.443812  0.537281  0.636243  0.450931  0.546571  0.441842  0.406187  0.391608  0.405764  0.492456  0.368461  0.463597  0.352584  0.486704  0.323287  0.737863  0.607576  0.616739  0.465417  0.314055  0.331300  0.640952  0.436765  0.458242  0.605720  0.368689  0.503673  0.341751  0.619998  0.531454  0.338502  0.858881  0.570112  0.431960  0.411107  0.553490  0.548815  0.537972  0.380190  0.364316  0.343671  0.353885  0.705438  0.498923  0.335046  0.345655  0.286396  0.451998  0.403054  0.465080  0.473949  0.540626  0.583716  0.319523  0.662863  0.431038  0.693285  0.566937  0.600854  0.528444  0.397095  0.692861  0.576248  0.441255  0.453546 
34  0.618512  0.792542  0.472648  0.538396  0.727108  0.754337  0.396127  0.390611  0.386423  0.311186  0.626400  0.755129  0.576190  0.398909  0.392335  0.378960  0.464834  0.767207  0.437900  0.836958  0.623270  0.662342  0.374247  0.400373  0.296173  0.371280  0.729497  0.351168  0.451026  0.771786  0.427767  0.344326  0.696875  0.443812 0.0  0.463942  0.555764  0.489651  0.428252  0.372436  0.382790  0.385048  0.397146  0.566679  0.499911  0.326452  0.332533  0.491363  0.420877  0.660530  0.525861  0.584341  0.524577  0.421131  0.346142  0.488951  0.531147  0.505788  0.642998  0.414371  0.678012  0.453167  0.714508  0.675908  0.475249  0.782733  0.642705  0.556260  0.444478  0.502730  0.572125  0.514439  0.450399  0.495723  0.391144  0.439436  0.706209  0.511900  0.383816  0.358591  0.414208  0.440710  0.353549  0.525227  0.584340  0.358536  0.611418  0.425259  0.628917  0.295477  0.605755  0.682270  0.482187  0.511460  0.456179  0.798611  0.455576  0.455447  0.476615 
35  0.800799  0.704799  0.632515  0.577369  0.895302  0.788485  0.391842  0.486441  0.560910  0.476227  0.660885  0.832022  0.629131  0.443282  0.562543  0.584353  0.508704  0.604456  0.576605  0.746872  0.620509  0.654293  0.480403  0.453139  0.462765  0.556748  0.637358  0.478134  0.481020  0.557911  0.451309  0.417516  0.914495  0.537281  0.463942 0.0  0.565207  0.528244  0.487641  0.467745  0.506745  0.514192  0.519890  0.562834  0.639175  0.505778  0.509168  0.383662  0.363778  0.684423  0.568969  0.529474  0.483535  0.550661  0.435717  0.781051  0.517140  0.547170  0.708916  0.377139  0.669672  0.398978  0.526165  0.608192  0.493104  0.888100  0.554818  0.544607  0.383278  0.610923  0.637881  0.588225  0.474831  0.489487  0.410460  0.442118  0.761946  0.517137  0.492753  0.469422  0.574489  0.552481  0.385345  0.522002  0.633474  0.401232  0.589745  0.514505  0.593588  0.508742  0.496471  0.588632  0.552634  0.365031  0.376710  0.616640  0.735301  0.335441  0.474197 
36  0.824788  0.764234  0.490630  0.461562  0.698441  0.732363  0.635533  0.626869  0.496968  0.593972  0.543945  0.790798  0.437920  0.578091  0.449119  0.604252  0.659013  0.684262  0.476194  0.658935  0.534133  0.596476  0.492001  0.578052  0.548974  0.588725  0.587454  0.605528  0.491417  0.626287  0.560383  0.458735  0.559247  0.636243  0.555764  0.565207 0.0  0.565532  0.664550  0.560663  0.567496  0.575653  0.489736  0.453652  0.548449  0.458585  0.611644  0.447178  0.505233  0.693520  0.476242  0.532370  0.401022  0.614418  0.578105  0.650191  0.500576  0.592494  0.556555  0.613897  0.427823  0.537990  0.557226  0.542147  0.512912  0.702395  0.542192  0.607318  0.581862  0.565379  0.516666  0.353002  0.631268  0.505659  0.532570  0.553979  0.659223  0.250259  0.433332  0.590139  0.692364  0.578599  0.493602  0.581671  0.597105  0.587044  0.226630  0.648535  0.505139  0.601144  0.319016  0.474887  0.544201  0.411618  0.537838  0.561456  0.623530  0.718579  0.626494 
37  0.696758  0.829717  0.507104  0.499472  0.827744  0.844049  0.435913  0.430509  0.450055  0.553936  0.595421  0.750935  0.600388  0.463451  0.373427  0.368870  0.466649  0.592899  0.499583  0.681940  0.564104  0.665377  0.381621  0.483211  0.442977  0.494689  0.536719  0.534389  0.531852  0.526163  0.312919  0.469631  0.728263  0.450931  0.489651  0.528244  0.565532 0.0  0.374697  0.354733  0.470862  0.407034  0.514250  0.432520  0.403073  0.410801  0.464769  0.499948  0.402471  0.775836  0.614882  0.411762  0.436115  0.625412  0.474934  0.580829  0.283942  0.469066  0.696526  0.428284  0.654657  0.368738  0.523414  0.491121  0.526955  0.737352  0.570364  0.472617  0.488585  0.492522  0.501687  0.526897  0.469235  0.472545  0.404142  0.487653  0.783178  0.774328  0.400765  0.518541  0.482785  0.412772  0.411849  0.411629  0.438715  0.406374  0.608717  0.411221  0.598433  0.524812  0.605571  0.571439  0.643301  0.473554  0.455702  0.531334  0.504304  0.524193  0.462321 
38  0.646527  0.704447  0.398811  0.507091  0.690776  0.793309  0.391838  0.479960  0.493214  0.415294  0.530432  0.775074  0.590938  0.299975  0.524686  0.507924  0.464945  0.614379  0.549414  0.820576  0.532508  0.680961  0.562680  0.451318  0.519979  0.325224  0.644312  0.423036  0.357702  0.625436  0.503907  0.445343  0.757743  0.546571  0.428252  0.487641  0.664550  0.374697 0.0  0.430917  0.374303  0.451764  0.411378  0.452560  0.449972  0.479205  0.386182  0.499117  0.598087  0.711110  0.704385  0.369658  0.565806  0.464175  0.471999  0.550152  0.562019  0.525021  0.700407  0.616583  0.563296  0.558762  0.590410  0.714355  0.452285  0.792068  0.569552  0.588792  0.492158  0.637614  0.679891  0.504572  0.436615  0.577840  0.527400  0.445317  0.796860  0.593072  0.393267  0.463535  0.475259  0.427841  0.436766  0.549713  0.429409  0.552963  0.625872  0.523913  0.654688  0.270673  0.620554  0.659527  0.608739  0.482743  0.584712  0.647673  0.682553  0.475376  0.479929 
39  0.615857  0.767403  0.347893  0.522642  0.695079  0.577410  0.388757  0.256885  0.294351  0.534054  0.638582  0.588910  0.441095  0.524720  0.441354  0.372626  0.348211  0.614864  0.482816  0.699405  0.485285  0.595940  0.384862  0.416363  0.394492  0.197065  0.674953  0.521031  0.374925  0.703160  0.426605  0.464520  0.607850  0.441842  0.372436  0.467745  0.560663  0.354733  0.430917 0.0  0.388836  0.366392  0.393921  0.239690  0.429627  0.244389  0.368045  0.432685  0.443169  0.791311  0.481117  0.384867  0.362814  0.452393  0.502884  0.420247  0.294153  0.276087  0.641710  0.422201  0.465348  0.422202  0.582828  0.565249  0.493362  0.686808  0.660316  0.455705  0.492055  0.428435  0.435474  0.600577  0.445358  0.416398  0.444185  0.437834  0.785906  0.544086  0.297487  0.463644  0.352880  0.399266  0.328232  0.305154  0.566868  0.476704  0.476740  0.386633  0.585955  0.281515  0.493382  0.319517  0.497952  0.483786  0.506428  0.603415  0.438375  0.459939  0.538237 
