99
0 0.0  0.497919  0.343296  0.371085  0.755928  0.549544  0.394034  0.539179  0.398632  0.567113  0.775533  0.747304  0.456865  0.457831  0.476599  0.422759  0.745420  0.253210  0.747834  0.547641  0.510850  0.295353  0.740646  0.826981  0.420099  0.565798  0.546464  0.571597  0.216717  0.445646  0.788469  0.387642  0.517619  0.554163  0.477260  0.467789  0.425514  0.513477  0.712786  0.642529  0.547425  0.543738  0.585412  0.699919  0.377678  0.537060  0.488864  0.601916  0.531050  0.478095  0.601498  0.379074  0.448796  0.435223  0.589923  0.408006  0.381068  0.243877  0.607496  0.394136  0.567316  0.372676  0.482839  0.379415  0.541970  0.366374  0.366553  0.556617  0.409271  0.664541  0.389556  0.419809  0.439573  0.293621  0.413567  0.599755  0.428097  0.533354  0.634525  0.404739  0.394536  0.520162  0.369604  0.460686  0.466762  0.410603  0.494738  0.355681  0.230656  0.460477  0.368130  0.584400  0.372977  0.441059  0.548273  0.528462  0.549977  0.669030  0.591779 
1  0.497919 0.0  0.438730  0.544425  0.522153  0.622368  0.511697  0.398737  0.639149  0.403531  0.692368  0.682215  0.385702  0.510567  0.604399  0.472901  0.698589  0.472371  0.620923  0.643864  0.621380  0.586377  0.616449  0.721296  0.554914  0.608943  0.727100  0.427421  0.536880  0.452362  0.698236  0.610904  0.693960  0.174279  0.321285  0.669631  0.656109  0.622751  0.585914  0.684770  0.500778  0.532276  0.447801  0.578170  0.405555  0.417295  0.629039  0.536064  0.350313  0.522322  0.264048  0.578973  0.575489  0.499232  0.461983  0.538999  0.560875  0.436696  0.588617  0.569769  0.516614  0.615901  0.607880  0.625706  0.382530  0.539870  0.373738  0.600251  0.586699  0.532801  0.540073  0.508428  0.476937  0.559970  0.399773  0.515922  0.514873  0.676983  0.400363  0.574762  0.562057  0.377482  0.667333  0.604914  0.671790  0.530245  0.618864  0.588799  0.506304  0.488169  0.541214  0.482337  0.455395  0.595516  0.482815  0.685286  0.509994  0.670927  0.252239 
2  0.343296  0.438730 0.0  0.227212  0.715370  0.500381  0.457365  0.398820  0.454699  0.581776  0.635879  0.727699  0.541301  0.596065  0.553046  0.558168  0.743203  0.530161  0.644958  0.515882  0.445588  0.444040  0.780924  0.632274  0.446610  0.566194  0.614910  0.442995  0.492500  0.488778  0.816891  0.434178  0.519406  0.477096  0.590089  0.536438  0.542419  0.535389  0.781145  0.724657  0.579483  0.522114  0.682670  0.710945  0.475670  0.506606  0.533288  0.503471  0.376295  0.486994  0.465043  0.409352  0.519058  0.527744  0.473933  0.580947  0.467307  0.361039  0.623006  0.378018  0.636115  0.454338  0.473021  0.501681  0.361423  0.365751  0.484737  0.414231  0.264799  0.620432  0.485517  0.422166  0.424467  0.346507  0.529031  0.502720  0.427663  0.499147  0.541804  0.409674  0.376171  0.486662  0.458760  0.515881  0.403525  0.466877  0.426857  0.486080  0.419397  0.652927  0.449581  0.484009  0.454473  0.490182  0.470831  0.423397  0.611270  0.746486  0.617689 
3  0.371085  0.544425  0.227212 0.0  0.742558  0.611079  0.351338  0.544807  0.489602  0.480433  0.632104  0.813841  0.528804  0.383505  0.476728  0.510956  0.716150  0.437757  0.740161  0.467557  0.508482  0.309554  0.698191  0.679256  0.475676  0.487350  0.482364  0.455822  0.463462  0.389018  0.748079  0.457232  0.544928  0.419787  0.572774  0.553856  0.523853  0.625598  0.798561  0.594206  0.642871  0.515630  0.681511  0.577817  0.592304  0.363972  0.595366  0.405562  0.348362  0.619802  0.562892  0.366830  0.437482  0.404285  0.558913  0.335900  0.447485  0.555635  0.558447  0.533741  0.670990  0.412953  0.451311  0.582591  0.339149  0.381305  0.329033  0.609053  0.334834  0.571680  0.524464  0.419274  0.469088  0.426607  0.435032  0.563972  0.395827  0.623319  0.450276  0.359291  0.540406  0.477481  0.469883  0.490218  0.398969  0.599644  0.495228  0.550632  0.522910  0.491604  0.517426  0.548755  0.394169  0.464695  0.434400  0.561708  0.694658  0.707289  0.579931 
4  0.755928  0.522153  0.715370  0.742558 0.0  0.681909  0.716065  0.677868  0.797478  0.627659  0.597276  0.386832  0.740604  0.718469  0.802731  0.536179  0.551196  0.691001  0.343500  0.734045  0.833047  0.656350  0.464550  0.306935  0.840336  1.000000  0.731380  0.766520  0.768047  0.809682  0.468873  0.832284  0.822665  0.666191  0.673390  0.940868  0.875289  0.869056  0.686854  0.696215  0.911379  0.777504  0.793189  0.872867  0.701827  0.481993  0.844236  0.659291  0.759610  0.623072  0.744285  0.789239  0.704995  0.653319  0.776869  0.789698  0.837084  0.790352  0.617824  0.801980  0.750534  0.717091  0.621913  0.895109  0.728435  0.751831  0.696515  0.840093  0.600388  0.665624  0.786073  0.648766  0.705288  0.700662  0.653243  0.767775  0.755539  0.674831  0.758106  0.772223  0.633158  0.779855  0.732099  0.717329  0.739858  0.799804  0.813334  0.651097  0.690380  0.798409  0.870166  0.697051  0.763991  0.753198  0.656596  0.785954  0.836436  0.594513  0.729939 
5  0.549544  0.622368  0.500381  0.611079  0.681909 0.0  0.553216  0.585243  0.400005  0.554956  0.817767  0.687340  0.522240  0.380391  0.389073  0.610747  0.722695  0.441793  0.735662  0.485775  0.520897  0.545765  0.589976  0.832520  0.572603  0.552677  0.752929  0.634827  0.487133  0.645873  0.781982  0.435344  0.461536  0.491813  0.500737  0.564993  0.447073  0.442798  0.751196  0.601080  0.595196  0.398066  0.477678  0.614844  0.445732  0.503565  0.511648  0.720430  0.324533  0.341679  0.481853  0.514536  0.383429  0.432150  0.553777  0.474547  0.444990  0.376290  0.701371  0.428119  0.657097  0.499407  0.621101  0.431805  0.416442  0.329961  0.466162  0.475533  0.562900  0.768334  0.430270  0.560800  0.553511  0.418837  0.432001  0.385183  0.476729  0.600107  0.574655  0.549660  0.420196  0.625873  0.377855  0.301770  0.618012  0.523229  0.420771  0.479298  0.363814  0.411786  0.515774  0.517289  0.430095  0.405167  0.698848  0.445289  0.557207  0.720629  0.530485 
6  0.394034  0.511697  0.457365  0.351338  0.716065  0.553216 0.0  0.524169  0.548168  0.513039  0.604863  0.667612  0.353970  0.383331  0.532321  0.434773  0.712458  0.480572  0.774900  0.554174  0.661997  0.458319  0.756777  0.543965  0.514321  0.492207  0.500011  0.478046  0.444169  0.492539  0.544919  0.471914  0.415384  0.480525  0.426573  0.635345  0.546125  0.558220  0.658120  0.664641  0.440608  0.590511  0.503770  0.571039  0.609169  0.484252  0.484042  0.501457  0.585254  0.621323  0.486078  0.500730  0.575972  0.485817  0.488461  0.616706  0.489694  0.473463  0.556419  0.476416  0.598278  0.449375  0.507134  0.666089  0.492564  0.504456  0.511106  0.553879  0.415220  0.570651  0.503100  0.296002  0.413882  0.455814  0.468029  0.555465  0.495014  0.681956  0.480287  0.474226  0.539208  0.471155  0.706384  0.520499  0.476753  0.616271  0.626912  0.512976  0.564927  0.624805  0.584250  0.482732  0.573708  0.484340  0.458223  0.499302  0.658474  0.588582  0.585930 
7  0.539179  0.398737  0.398820  0.544807  0.677868  0.585243  0.524169 0.0  0.564342  0.529520  0.653758  0.697038  0.559483  0.492012  0.661304  0.586423  0.612790  0.644681  0.559624  0.580891  0.621620  0.480456  0.639432  0.711613  0.579768  0.591923  0.621120  0.592089  0.656029  0.587732  0.662830  0.575390  0.705970  0.362788  0.349016  0.559360  0.492604  0.631148  0.634536  0.682843  0.573891  0.572806  0.496559  0.584763  0.538217  0.345163  0.630720  0.565107  0.565525  0.455715  0.239700  0.675936  0.516337  0.597975  0.376527  0.468035  0.496926  0.494738  0.650743  0.608181  0.580333  0.626064  0.498980  0.677652  0.392215  0.457596  0.385270  0.493200  0.578358  0.596687  0.528462  0.510536  0.501604  0.461984  0.522787  0.591637  0.550621  0.589936  0.401621  0.572092  0.575215  0.278325  0.508728  0.647697  0.513162  0.571915  0.599171  0.629198  0.620944  0.561588  0.512813  0.447822  0.519003  0.629007  0.473708  0.528198  0.565271  0.694589  0.240154 
8  0.398632  0.639149  0.454699  0.489602  0.797478  0.400005  0.548168  0.564342 0.0  0.519073  0.772606  0.748715  0.527697  0.398967  0.411777  0.760455  0.836802  0.498893  0.821055  0.413080  0.314650  0.425710  0.692431  0.721375  0.490316  0.408624  0.645506  0.480187  0.385470  0.427217  0.691533  0.378462  0.548040  0.576794  0.614152  0.534986  0.258107  0.441111  0.665808  0.626201  0.598885  0.256829  0.591193  0.621735  0.379380  0.563498  0.592658  0.624031  0.472012  0.393899  0.580838  0.305839  0.420137  0.400226  0.496512  0.459817  0.294887  0.373152  0.599571  0.459164  0.594925  0.494252  0.449380  0.332897  0.386026  0.482298  0.374223  0.596510  0.491191  0.687821  0.445783  0.540854  0.540500  0.368334  0.393858  0.590547  0.336730  0.577816  0.439590  0.406325  0.386918  0.520441  0.428378  0.356159  0.456070  0.444399  0.453481  0.350376  0.459409  0.335557  0.395224  0.459640  0.461700  0.443133  0.453722  0.351625  0.508852  0.577634  0.557667 
9  0.567113  0.403531  0.581776  0.480433  0.627659  0.554956  0.513039  0.529520  0.519073 0.0  0.668657  0.789139  0.411490  0.388503  0.563589  0.632595  0.635112  0.510629  0.799571  0.550242  0.573016  0.518864  0.633371  0.792511  0.489498  0.629397  0.502901  0.471558  0.567238  0.512265  0.750146  0.581575  0.618767  0.457938  0.440770  0.596585  0.461107  0.558595  0.534831  0.619068  0.564291  0.469571  0.497849  0.476107  0.404037  0.498280  0.473329  0.591881  0.442082  0.632209  0.514950  0.592312  0.518087  0.497454  0.296048  0.513190  0.528369  0.491624  0.606177  0.649361  0.515732  0.453097  0.448756  0.650471  0.419544  0.445166  0.335183  0.449141  0.596540  0.549405  0.489361  0.399895  0.346662  0.504981  0.483244  0.493948  0.493428  0.698216  0.624881  0.569229  0.593215  0.369044  0.514061  0.508842  0.410728  0.505208  0.590058  0.568557  0.539921  0.536718  0.430628  0.448878  0.606622  0.600308  0.577458  0.452157  0.384756  0.553001  0.508151 
10  0.775533  0.692368  0.635879  0.632104  0.597276  0.817767  0.604863  0.653758  0.772606  0.668657 0.0  0.578392  0.648104  0.533952  0.610935  0.633338  0.657690  0.585938  0.693491  0.618002  0.635445  0.624621  0.689566  0.620228  0.658343  0.589825  0.676253  0.739398  0.551472  0.780470  0.595273  0.581220  0.714894  0.690496  0.683453  0.790060  0.618922  0.738468  0.442909  0.257860  0.636644  0.562738  0.803453  0.703272  0.692642  0.671259  0.770192  0.665106  0.732103  0.743431  0.739204  0.648528  0.624623  0.607936  0.761899  0.539938  0.572453  0.674778  0.584836  0.685468  0.642868  0.676360  0.813883  0.639441  0.699314  0.689447  0.696421  0.671388  0.728451  0.703265  0.564317  0.637469  0.714203  0.587907  0.666412  0.804607  0.605458  0.457304  0.683323  0.530699  0.648408  0.716083  0.807941  0.567505  0.653141  0.553548  0.616726  0.565758  0.618613  0.725907  0.634552  0.597628  0.584908  0.564617  0.505414  0.537724  0.674943  0.385417  0.600654 
11  0.747304  0.682215  0.727699  0.813841  0.386832  0.687340  0.667612  0.697038  0.748715  0.789139  0.578392 0.0  0.724905  0.579853  0.783009  0.654502  0.421162  0.876896  0.378588  0.747869  0.771197  0.738617  0.482568  0.437704  0.718727  0.831075  0.743890  0.702330  0.838895  0.873318  0.361161  0.716796  0.847702  0.690640  0.685478  0.813894  0.731790  0.831362  0.681472  0.680275  0.830483  0.748250  0.788216  0.744481  0.646265  0.573594  0.761280  0.732202  0.757533  0.667773  0.693578  0.730966  0.768978  0.793304  0.693266  0.819828  0.709903  0.781523  0.638458  0.713114  0.876275  0.774065  0.571152  0.710880  0.634184  0.635186  0.659851  0.812261  0.750604  0.711675  0.744020  0.583113  0.714163  0.700438  0.658118  0.728603  0.685459  0.839765  0.826197  0.786202  0.694362  0.726344  0.872113  0.836752  0.816125  0.765544  0.753490  0.842407  0.710508  0.645120  0.790771  0.711673  0.756274  0.801658  0.762069  0.643110  0.858927  0.565539  0.716181 
12  0.456865  0.385702  0.541301  0.528804  0.740604  0.522240  0.353970  0.559483  0.527697  0.411490  0.648104  0.724905 0.0  0.447705  0.565655  0.560876  0.647150  0.515075  0.671133  0.591358  0.638265  0.324782  0.682223  0.720265  0.408020  0.482127  0.530495  0.583153  0.528485  0.503474  0.712919  0.493286  0.590928  0.469372  0.490204  0.421244  0.546604  0.640485  0.648146  0.671630  0.581391  0.549590  0.535665  0.591369  0.533508  0.414965  0.442508  0.545438  0.439456  0.589020  0.391479  0.625681  0.577608  0.464689  0.337607  0.522235  0.431681  0.477357  0.528598  0.411419  0.409065  0.534827  0.595256  0.500093  0.506864  0.481862  0.421707  0.462709  0.532072  0.600743  0.411955  0.524900  0.444419  0.438021  0.434448  0.534706  0.483419  0.607755  0.537280  0.518718  0.605012  0.451258  0.608061  0.591273  0.378082  0.497176  0.445154  0.452873  0.494197  0.607109  0.546987  0.252972  0.526210  0.480034  0.626620  0.517013  0.460480  0.661836  0.487448 
13  0.457831  0.510567  0.596065  0.383505  0.718469  0.380391  0.383331  0.492012  0.398967  0.388503  0.533952  0.579853  0.447705 0.0  0.430372  0.586671  0.729051  0.263637  0.663576  0.412925  0.205359  0.490733  0.796966  0.732706  0.420454  0.482439  0.600728  0.588782  0.507055  0.495698  0.751022  0.418038  0.474763  0.508582  0.543300  0.645756  0.278671  0.340698  0.746632  0.647348  0.483726  0.442093  0.661278  0.556306  0.549150  0.460265  0.708246  0.645286  0.592268  0.406728  0.585950  0.352673  0.377815  0.408214  0.590334  0.488563  0.348166  0.276837  0.502195  0.297059  0.583083  0.326467  0.432453  0.442073  0.466750  0.388311  0.426041  0.608268  0.496008  0.679599  0.327764  0.434161  0.614640  0.352439  0.515866  0.626960  0.289880  0.693811  0.594502  0.379322  0.287603  0.495516  0.450600  0.290780  0.581928  0.446913  0.375604  0.398179  0.467541  0.475309  0.382218  0.554585  0.358635  0.338894  0.654702  0.469942  0.628498  0.688794  0.661915 
14  0.476599  0.604399  0.553046  0.476728  0.802731  0.389073  0.532321  0.661304  0.411777  0.563589  0.610935  0.783009  0.565655  0.430372 0.0  0.623418  0.750846  0.352978  0.734093  0.376360  0.465387  0.514847  0.856029  0.766810  0.419234  0.609913  0.645317  0.561976  0.340221  0.686414  0.824308  0.373832  0.494592  0.563327  0.581678  0.614336  0.334953  0.321356  0.799221  0.690506  0.612100  0.417548  0.635859  0.608581  0.337165  0.490825  0.684081  0.661436  0.564537  0.375588  0.538664  0.493899  0.291958  0.367793  0.511770  0.432910  0.394416  0.327236  0.506864  0.402600  0.610523  0.408933  0.476509  0.419325  0.492907  0.480557  0.424419  0.621161  0.443299  0.605741  0.265247  0.572001  0.627924  0.426069  0.490509  0.530779  0.266549  0.699345  0.597886  0.437662  0.292758  0.614065  0.537522  0.328775  0.565090  0.436665  0.372018  0.358739  0.460991  0.571822  0.340764  0.592533  0.302284  0.368995  0.615350  0.405949  0.581297  0.695467  0.629655 
15  0.422759  0.472901  0.558168  0.510956  0.536179  0.610747  0.434773  0.586423  0.760455  0.632595  0.633338  0.654502  0.560876  0.586671  0.623418 0.0  0.739449  0.598618  0.750527  0.698483  0.633533  0.531741  0.790839  0.690964  0.602928  0.567794  0.320674  0.560075  0.721202  0.625939  0.781279  0.523806  0.578067  0.486537  0.545946  0.669010  0.657934  0.747720  0.684221  0.712478  0.608524  0.664711  0.613184  0.675661  0.665821  0.655111  0.757966  0.479170  0.642512  0.691921  0.567892  0.521841  0.514309  0.644654  0.644548  0.665936  0.607938  0.613606  0.440777  0.756858  0.671646  0.628430  0.555792  0.705281  0.620797  0.514376  0.549454  0.736089  0.377582  0.469748  0.636581  0.579472  0.578724  0.523820  0.558322  0.682839  0.620571  0.653267  0.588844  0.569937  0.593248  0.711709  0.598930  0.604545  0.504117  0.637858  0.674476  0.574504  0.588106  0.598882  0.663862  0.548209  0.642571  0.694520  0.571846  0.669390  0.724980  0.688868  0.593304 
16  0.745420  0.698589  0.743203  0.716150  0.551196  0.722695  0.712458  0.612790  0.836802  0.635112  0.657690  0.421162  0.647150  0.729051  0.750846  0.739449 0.0  0.675599  0.513686  0.723415  0.795820  0.618897  0.279043  0.581201  0.631240  0.810344  0.715577  0.715687  0.805933  0.703753  0.525940  0.763418  0.815394  0.638067  0.510096  0.712298  0.737868  0.806767  0.603848  0.692794  0.902811  0.818119  0.757589  0.769309  0.644530  0.622401  0.867824  0.701657  0.706689  0.720771  0.648399  0.680364  0.715231  0.721682  0.701132  0.686943  0.774412  0.553286  0.638477  0.837202  0.817578  0.762937  0.502283  0.740525  0.736593  0.660117  0.687412  0.761366  0.708701  0.749866  0.759150  0.660488  0.647892  0.699985  0.784261  0.848856  0.693758  0.712135  0.728556  0.759727  0.803277  0.684274  0.748659  0.758233  0.864925  0.696578  0.767269  0.734084  0.658329  0.592388  0.771236  0.713049  0.778918  0.765018  0.673431  0.746379  0.751683  0.580711  0.684268 
17  0.253210  0.472371  0.530161  0.437757  0.691001  0.441793  0.480572  0.644681  0.498893  0.510629  0.585938  0.876896  0.515075  0.263637  0.352978  0.598618  0.675599 0.0  0.731257  0.359461  0.406119  0.394187  0.739475  0.702745  0.455383  0.524686  0.567263  0.532805  0.410733  0.494290  0.858299  0.308467  0.561044  0.591401  0.571792  0.597222  0.347092  0.339495  0.569767  0.563958  0.688975  0.281532  0.578464  0.582335  0.430060  0.557126  0.724769  0.625696  0.479310  0.465660  0.607311  0.284908  0.448893  0.353274  0.523791  0.480386  0.148675  0.415440  0.574051  0.358643  0.632275  0.371922  0.505682  0.462549  0.431095  0.357097  0.501706  0.560464  0.461948  0.636725  0.302098  0.505669  0.453190  0.420415  0.324084  0.535547  0.277868  0.606854  0.646285  0.424478  0.250078  0.546908  0.476825  0.320861  0.554800  0.389348  0.435128  0.417212  0.482888  0.321302  0.318219  0.431323  0.373174  0.309449  0.500384  0.440466  0.571969  0.642033  0.653575 
18  0.747834  0.620923  0.644958  0.740161  0.343500  0.735662  0.774900  0.559624  0.821055  0.799571  0.693491  0.378588  0.671133  0.663576  0.734093  0.750527  0.513686  0.731257 0.0  0.801154  0.940247  0.752072  0.457555  0.298100  0.773608  0.838522  0.722877  0.849290  0.728189  0.790451  0.292635  0.802498  0.888142  0.679679  0.697594  0.900426  0.774517  0.767736  0.705255  0.786997  0.801538  0.745488  0.861969  0.887644  0.786421  0.699280  0.915969  0.723664  0.536659  0.737982  0.674236  0.728046  0.701324  0.621764  0.657449  0.853713  0.724241  0.779282  0.663083  0.681625  0.846378  0.776416  0.705032  0.792198  0.674205  0.585254  0.659288  0.714871  0.698946  0.713425  0.840229  0.701801  0.641167  0.734867  0.802686  0.745557  0.811787  0.665863  0.779155  0.615545  0.717907  0.634392  0.806781  0.703273  0.812083  0.736031  0.820084  0.815983  0.620407  0.794200  0.864057  0.680981  0.766516  0.815705  0.808411  0.777658  0.817236  0.610840  0.679222 
19  0.547641  0.643864  0.515882  0.467557  0.734045  0.485775  0.554174  0.580891  0.413080  0.550242  0.618002  0.747869  0.591358  0.412925  0.376360  0.698483  0.723415  0.359461  0.801154 0.0  0.375802  0.578714  0.745964  0.732590  0.569170  0.482511  0.699243  0.615856  0.420007  0.549111  0.734754  0.476963  0.443810  0.736189  0.599427  0.513026  0.465741  0.422644  0.674513  0.615073  0.510569  0.362902  0.609177  0.544904  0.419358  0.628083  0.675482  0.724428  0.536314  0.462601  0.614324  0.345340  0.506172  0.338531  0.651686  0.439499  0.437669  0.537586  0.672997  0.380447  0.411002  0.341297  0.566471  0.412700  0.507662  0.514748  0.456453  0.541833  0.537933  0.740572  0.419380  0.483598  0.611498  0.423605  0.443650  0.627874  0.353877  0.695872  0.536861  0.446075  0.415106  0.592840  0.485225  0.352353  0.591189  0.405658  0.579549  0.418403  0.497367  0.529239  0.321306  0.525365  0.455656  0.403393  0.509010  0.463711  0.532531  0.826778  0.689925 
20  0.510850  0.621380  0.445588  0.508482  0.833047  0.520897  0.661997  0.621620  0.314650  0.573016  0.635445  0.771197  0.638265  0.205359  0.465387  0.633533  0.795820  0.406119  0.940247  0.375802 0.0  0.597690  0.719445  0.754880  0.454490  0.472936  0.705538  0.676125  0.449096  0.513034  0.760979  0.487083  0.353570  0.659276  0.579240  0.524131  0.370325  0.439570  0.758509  0.628730  0.548229  0.466528  0.553865  0.523915  0.434050  0.518471  0.601936  0.687285  0.538246  0.417262  0.687880  0.514587  0.444039  0.377516  0.595969  0.430586  0.345357  0.467151  0.590480  0.459895  0.571035  0.430702  0.669549  0.361064  0.592439  0.454746  0.456235  0.561079  0.518194  0.656368  0.316028  0.467351  0.629235  0.454504  0.500888  0.558618  0.391909  0.651603  0.654620  0.350935  0.307369  0.586513  0.488624  0.278059  0.569406  0.419557  0.388919  0.329689  0.528425  0.478781  0.329285  0.719802  0.315032  0.398746  0.444063  0.295819  0.563600  0.715948  0.614296 
21  0.295353  0.586377  0.444040  0.309554  0.656350  0.545765  0.458319  0.480456  0.425710  0.518864  0.624621  0.738617  0.324782  0.490733  0.514847  0.531741  0.618897  0.394187  0.752072  0.578714  0.597690 0.0  0.632493  0.789092  0.393065  0.453825  0.475139  0.545871  0.441297  0.322149  0.786159  0.310733  0.519617  0.546828  0.477779  0.467778  0.490669  0.525713  0.666804  0.627748  0.412206  0.481816  0.619741  0.633108  0.464358  0.470083  0.530834  0.521328  0.520131  0.556399  0.525312  0.445005  0.520270  0.467823  0.377598  0.561563  0.526089  0.542286  0.682192  0.520728  0.519847  0.542281  0.399782  0.516630  0.435308  0.401641  0.239430  0.456986  0.432319  0.465329  0.483401  0.423539  0.470456  0.424524  0.431964  0.507617  0.493110  0.635354  0.516310  0.517154  0.447192  0.502616  0.510583  0.424645  0.499926  0.444467  0.348822  0.520245  0.450901  0.452581  0.443434  0.342647  0.467205  0.573486  0.520820  0.441464  0.540362  0.740667  0.626107 
22  0.740646  0.616449  0.780924  0.698191  0.464550  0.589976  0.756777  0.639432  0.692431  0.633371  0.689566  0.482568  0.682223  0.796966  0.856029  0.790839  0.279043  0.739475  0.457555  0.745964  0.719445  0.632493 0.0  0.444098  0.582295  0.861027  0.719424  0.653463  0.746337  0.759566  0.418270  0.853808  0.729161  0.622363  0.700783  0.800208  0.780766  0.870963  0.782169  0.686416  0.886572  0.845992  0.603001  0.769058  0.632172  0.680453  0.852595  0.765789  0.640036  0.738829  0.593905  0.691168  0.616325  0.739513  0.567431  0.680043  0.814236  0.685609  0.631170  0.626556  0.892714  0.721036  0.663085  0.852334  0.782507  0.733447  0.766863  0.781686  0.703700  0.734158  0.709445  0.660706  0.620718  0.668827  0.576274  0.747251  0.827450  0.642474  0.724658  0.799247  0.759575  0.638275  0.730698  0.730151  0.802093  0.875725  0.783829  0.795712  0.704961  0.701489  0.753984  0.489243  0.594673  0.741345  0.657265  0.701894  0.771636  0.630833  0.683328 
23  0.826981  0.721296  0.632274  0.679256  0.306935  0.832520  0.543965  0.711613  0.721375  0.792511  0.620228  0.437704  0.720265  0.732706  0.766810  0.690964  0.581201  0.702745  0.298100  0.732590  0.754880  0.789092  0.444098 0.0  0.739688  0.762178  0.757496  0.749667  0.744532  0.745985  0.407141  0.687399  0.795194  0.651439  0.643792  0.751568  0.635463  0.846497  0.777750  0.667313  0.884548  0.767257  0.901824  0.963380  0.696317  0.725873  0.861506  0.629697  0.743018  0.855367  0.714110  0.875332  0.810385  0.650853  0.801027  0.806073  0.772492  0.747765  0.674349  0.729542  0.783120  0.767665  0.630254  0.783159  0.690037  0.706664  0.643496  0.786173  0.802715  0.722986  0.695618  0.624153  0.687551  0.675678  0.660686  0.879640  0.758543  0.726641  0.860215  0.711561  0.741584  0.698023  0.817604  0.674229  0.719852  0.731368  0.707642  0.723657  0.786683  0.852919  0.739800  0.701563  0.722103  0.675206  0.753792  0.698360  0.808146  0.565322  0.775080 
24  0.420099  0.554914  0.446610  0.475676  0.840336  0.572603  0.514321  0.579768  0.490316  0.489498  0.658343  0.718727  0.408020  0.420454  0.419234  0.602928  0.631240  0.455383  0.773608  0.569170  0.454490  0.393065  0.582295  0.739688 0.0  0.529308  0.485202  0.438259  0.351548  0.469486  0.788945  0.518532  0.555060  0.458966  0.407055  0.678476  0.480189  0.493933  0.760910  0.637449  0.633920  0.483034  0.649031  0.510830  0.463687  0.534064  0.649910  0.637511  0.491975  0.546776  0.490572  0.480740  0.504376  0.539253  0.409379  0.418467  0.531310  0.486185  0.652703  0.453498  0.610952  0.444816  0.496342  0.577153  0.405862  0.393162  0.383129  0.400185  0.404058  0.720091  0.379092  0.394656  0.528444  0.412623  0.461626  0.301962  0.485545  0.553245  0.491765  0.415690  0.474644  0.546479  0.413300  0.448158  0.500066  0.493080  0.446814  0.455212  0.427199  0.479364  0.492906  0.441323  0.431347  0.469791  0.491718  0.414099  0.583782  0.683274  0.514192 
25  0.565798  0.608943  0.566194  0.487350  1.000000  0.552677  0.492207  0.591923  0.408624  0.629397  0.589825  0.831075  0.482127  0.482439  0.609913  0.567794  0.810344  0.524686  0.838522  0.482511  0.472936  0.453825  0.861027  0.762178  0.529308 0.0  0.492692  0.539466  0.676095  0.457206  0.789196  0.411234  0.416705  0.678904  0.754674  0.570766  0.510082  0.496453  0.802814  0.813633  0.581414  0.455468  0.520501  0.696347  0.522432  0.611088  0.485047  0.656835  0.391104  0.363673  0.631438  0.433613  0.521577  0.499863  0.729710  0.376375  0.518067  0.491862  0.697238  0.635270  0.557456  0.640337  0.487655  0.438310  0.475205  0.523739  0.554687  0.458096  0.497298  0.716029  0.653349  0.536925  0.717154  0.376933  0.492309  0.370778  0.406118  0.727368  0.524464  0.490367  0.494257  0.555420  0.333025  0.493560  0.550713  0.495367  0.577813  0.644183  0.510406  0.468717  0.518816  0.531321  0.570189  0.561823  0.652703  0.541331  0.595374  0.808306  0.496264 
26  0.546464  0.727100  0.614910  0.482364  0.731380  0.752929  0.500011  0.621120  0.645506  0.502901  0.676253  0.743890  0.530495  0.600728  0.645317  0.320674  0.715577  0.567263  0.722877  0.699243  0.705538  0.475139  0.719424  0.757496  0.485202  0.492692 0.0  0.490156  0.661438  0.518266  0.655421  0.511748  0.585448  0.575981  0.592010  0.601829  0.565294  0.711848  0.738501  0.700860  0.584373  0.736098  0.546946  0.651314  0.700407  0.640709  0.596514  0.241469  0.558893  0.705745  0.685206  0.576373  0.621339  0.590509  0.548421  0.645695  0.651078  0.638977  0.584939  0.693787  0.567572  0.672902  0.616767  0.749258  0.484786  0.397296  0.593736  0.626179  0.612515  0.490822  0.600879  0.656099  0.560668  0.506096  0.601401  0.697739  0.693400  0.620527  0.603369  0.576571  0.640048  0.498438  0.675178  0.542897  0.550922  0.758767  0.555342  0.691551  0.540802  0.668997  0.549222  0.545915  0.739080  0.651016  0.511420  0.591118  0.652928  0.568319  0.647143 
27  0.571597  0.427421  0.442995  0.455822  0.766520  0.634827  0.478046  0.592089  0.480187  0.471558  0.739398  0.702330  0.583153  0.588782  0.561976  0.560075  0.715687  0.532805  0.849290  0.615856  0.676125  0.545871  0.653463  0.749667  0.438259  0.539466  0.490156 0.0  0.525310  0.613909  0.763709  0.456608  0.508896  0.590677  0.569511  0.655566  0.538318  0.558874  0.710035  0.699064  0.507366  0.458016  0.534688  0.554640  0.579576  0.452377  0.554979  0.479151  0.631996  0.597965  0.574884  0.541698  0.586512  0.497681  0.551625  0.602453  0.554381  0.566046  0.530454  0.449822  0.544720  0.537122  0.440245  0.545555  0.430351  0.454782  0.467504  0.648423  0.417932  0.599097  0.522050  0.421486  0.379502  0.392226  0.534472  0.693440  0.560412  0.740993  0.572236  0.533325  0.598180  0.420160  0.630119  0.607517  0.492875  0.644662  0.556812  0.590351  0.606348  0.575496  0.421165  0.596417  0.620970  0.517312  0.340388  0.625185  0.632550  0.679431  0.556905 
28  0.216717  0.536880  0.492500  0.463462  0.768047  0.487133  0.444169  0.656029  0.385470  0.567238  0.551472  0.838895  0.528485  0.507055  0.340221  0.721202  0.805933  0.410733  0.728189  0.420007  0.449096  0.441297  0.746337  0.744532  0.351548  0.676095  0.661438  0.525310 0.0  0.640909  0.759502  0.458520  0.449009  0.590921  0.456415  0.730218  0.390527  0.522983  0.711755  0.651855  0.758008  0.393706  0.583472  0.624235  0.540712  0.531578  0.575102  0.638151  0.524504  0.488470  0.479878  0.461187  0.304768  0.292754  0.535853  0.408511  0.345382  0.358294  0.581642  0.393169  0.606230  0.281830  0.511814  0.339675  0.521756  0.508773  0.510396  0.450518  0.448500  0.638937  0.392055  0.519179  0.527816  0.355723  0.411754  0.511247  0.321327  0.581314  0.589484  0.445011  0.319991  0.573357  0.614748  0.289355  0.553145  0.291155  0.454556  0.178022  0.339394  0.528472  0.370424  0.441293  0.351798  0.347416  0.493464  0.330457  0.693760  0.567614  0.618802 
29  0.445646  0.452362  0.488778  0.389018  0.809682  0.645873  0.492539  0.587732  0.427217  0.512265  0.780470  0.873318  0.503474  0.495698  0.686414  0.625939  0.703753  0.494290  0.790451  0.549111  0.513034  0.322149  0.759566  0.745985  0.469486  0.457206  0.518266  0.613909  0.640909 0.0  0.716292  0.409188  0.480306  0.489699  0.577010  0.523261  0.525304  0.609444  0.680973  0.766357  0.529992  0.537038  0.676229  0.539808  0.595921  0.526356  0.494860  0.640891  0.427828  0.465353  0.599887  0.460228  0.512627  0.531592  0.541240  0.395101  0.463564  0.573513  0.632694  0.511509  0.472894  0.678261  0.475927  0.460623  0.501694  0.381213  0.477095  0.487198  0.340855  0.596334  0.559784  0.519639  0.622656  0.504363  0.503922  0.530657  0.482314  0.720101  0.421431  0.481609  0.401458  0.500714  0.531547  0.535194  0.467307  0.530769  0.595289  0.559086  0.418828  0.457566  0.522255  0.519141  0.468381  0.491959  0.530042  0.576237  0.616182  0.694358  0.503091 
30  0.788469  0.698236  0.816891  0.748079  0.468873  0.781982  0.544919  0.662830  0.691533  0.750146  0.595273  0.361161  0.712919  0.751022  0.824308  0.781279  0.525940  0.858299  0.292635  0.734754  0.760979  0.786159  0.418270  0.407141  0.788945  0.789196  0.655421  0.763709  0.759502  0.716292 0.0  0.784787  0.797709  0.566932  0.620438  0.820979  0.726372  0.855365  0.730041  0.691157  0.718192  0.759312  0.796651  0.807594  0.683148  0.600995  0.834582  0.727857  0.770030  0.762452  0.604950  0.799087  0.732284  0.673589  0.628828  0.749972  0.766484  0.679720  0.587606  0.747071  0.783368  0.800288  0.669094  0.784392  0.623467  0.735020  0.713955  0.670676  0.739958  0.637361  0.736973  0.651247  0.583448  0.695251  0.762718  0.845743  0.678160  0.628361  0.738188  0.687100  0.806193  0.747591  0.850593  0.660635  0.804224  0.781072  0.635466  0.748309  0.647942  0.773050  0.765699  0.749300  0.838608  0.789484  0.773324  0.669345  0.840002  0.597251  0.871625 
31  0.387642  0.610904  0.434178  0.457232  0.832284  0.435344  0.471914  0.575390  0.378462  0.581575  0.581220  0.716796  0.493286  0.418038  0.373832  0.523806  0.763418  0.308467  0.802498  0.476963  0.487083  0.310733  0.853808  0.687399  0.518532  0.411234  0.511748  0.456608  0.458520  0.409188  0.784787 0.0  0.360011  0.468135  0.657102  0.612972  0.472680  0.369643  0.668062  0.534239  0.599839  0.353916  0.702364  0.727560  0.342133  0.550644  0.581327  0.551193  0.550454  0.486962  0.551041  0.283051  0.478195  0.407975  0.472455  0.499474  0.293416  0.336080  0.530642  0.400546  0.474373  0.434471  0.451708  0.517138  0.549065  0.461043  0.335755  0.544645  0.385819  0.522370  0.409718  0.539273  0.645657  0.267724  0.472812  0.600077  0.337036  0.633135  0.650018  0.327480  0.396422  0.614344  0.485842  0.460584  0.554029  0.396079  0.460928  0.418187  0.581155  0.559832  0.373775  0.539308  0.333545  0.480916  0.612651  0.397914  0.593302  0.773793  0.612522 
32  0.517619  0.693960  0.519406  0.544928  0.822665  0.461536  0.415384  0.705970  0.548040  0.618767  0.714894  0.847702  0.590928  0.474763  0.494592  0.578067  0.815394  0.561044  0.888142  0.443810  0.353570  0.519617  0.729161  0.795194  0.555060  0.416705  0.585448  0.508896  0.449009  0.480306  0.797709  0.360011 0.0  0.615932  0.549648  0.642759  0.523565  0.526421  0.767843  0.700025  0.406906  0.559381  0.506314  0.548085  0.529901  0.509433  0.593322  0.667044  0.532239  0.412331  0.666548  0.417154  0.376583  0.498290  0.608489  0.574337  0.486982  0.423041  0.662293  0.435746  0.581698  0.495724  0.588928  0.554941  0.590951  0.416222  0.498785  0.624462  0.495420  0.619537  0.441109  0.520546  0.673185  0.520023  0.556247  0.591263  0.331819  0.685280  0.670418  0.393982  0.478428  0.608799  0.379688  0.516131  0.466581  0.404613  0.487802  0.327755  0.492564  0.526082  0.467108  0.609302  0.420219  0.466964  0.561004  0.218106  0.710683  0.734414  0.606754 
33  0.554163  0.174279  0.477096  0.419787  0.666191  0.491813  0.480525  0.362788  0.576794  0.457938  0.690496  0.690640  0.469372  0.508582  0.563327  0.486537  0.638067  0.591401  0.679679  0.736189  0.659276  0.546828  0.622363  0.651439  0.458966  0.678904  0.575981  0.590677  0.590921  0.489699  0.566932  0.468135  0.615932 0.0  0.251790  0.594180  0.677362  0.632446  0.660412  0.728906  0.601639  0.664249  0.483365  0.596388  0.534195  0.369729  0.579084  0.595488  0.365132  0.568560  0.247824  0.596210  0.448700  0.594535  0.527183  0.554855  0.571297  0.634634  0.614367  0.593861  0.583161  0.613575  0.418144  0.589638  0.449454  0.466994  0.534072  0.587095  0.463454  0.656318  0.583834  0.415801  0.430010  0.553185  0.497816  0.592017  0.655874  0.609627  0.369573  0.518653  0.492539  0.370537  0.596888  0.558443  0.501423  0.499888  0.663018  0.456003  0.477684  0.532831  0.672672  0.369675  0.621859  0.673256  0.483119  0.629007  0.509301  0.614135  0.318689 
34  0.477260  0.321285  0.590089  0.572774  0.673390  0.500737  0.426573  0.349016  0.614152  0.440770  0.683453  0.685478  0.490204  0.543300  0.581678  0.545946  0.510096  0.571792  0.697594  0.599427  0.579240  0.477779  0.700783  0.643792  0.407055  0.754674  0.592010  0.569511  0.456415  0.577010  0.620438  0.657102  0.549648  0.251790 0.0  0.645578  0.489881  0.633829  0.651143  0.750459  0.603800  0.501579  0.528144  0.563988  0.527787  0.368080  0.593501  0.608022  0.577025  0.564091  0.167245  0.618837  0.518133  0.502927  0.516318  0.573574  0.472589  0.519994  0.538009  0.374668  0.644882  0.564562  0.478123  0.579325  0.451113  0.574877  0.505847  0.683723  0.446790  0.630378  0.592489  0.521171  0.321402  0.512315  0.526903  0.542512  0.558181  0.709156  0.538196  0.360535  0.529964  0.464732  0.550842  0.643555  0.447795  0.468479  0.526355  0.465084  0.528965  0.532453  0.648933  0.382194  0.595335  0.486106  0.457775  0.518506  0.484052  0.561206  0.441138 
35  0.467789  0.669631  0.536438  0.553856  0.940868  0.564993  0.635345  0.559360  0.534986  0.596585  0.790060  0.813894  0.421244  0.645756  0.614336  0.669010  0.712298  0.597222  0.900426  0.513026  0.524131  0.467778  0.800208  0.751568  0.678476  0.570766  0.601829  0.655566  0.730218  0.523261  0.820979  0.612972  0.642759  0.594180  0.645578 0.0  0.548772  0.620629  0.786320  0.709555  0.263544  0.504450  0.704476  0.486197  0.635709  0.633584  0.280695  0.703264  0.570034  0.628322  0.671870  0.608171  0.576761  0.632390  0.394328  0.463796  0.488138  0.618768  0.553102  0.759921  0.423484  0.702167  0.577111  0.566907  0.661091  0.656754  0.567387  0.532069  0.568175  0.601003  0.641341  0.498386  0.641297  0.556023  0.593108  0.732189  0.469104  0.678927  0.550176  0.667832  0.574690  0.530209  0.673388  0.644330  0.422506  0.645809  0.702193  0.592870  0.622630  0.589333  0.613781  0.585896  0.596813  0.618482  0.723302  0.635966  0.372363  0.755649  0.538560 
36  0.425514  0.656109  0.542419  0.523853  0.875289  0.447073  0.546125  0.492604  0.258107  0.461107  0.618922  0.731790  0.546604  0.278671  0.334953  0.657934  0.737868  0.347092  0.774517  0.465741  0.370325  0.490669  0.780766  0.635463  0.480189  0.510082  0.565294  0.538318  0.390527  0.525304  0.726372  0.472680  0.523565  0.677362  0.489881  0.548772 0.0  0.331609  0.760906  0.629366  0.525005  0.317083  0.614786  0.641853  0.421250  0.416858  0.755148  0.720388  0.458638  0.435637  0.630370  0.405871  0.336510  0.400314  0.502431  0.403432  0.381919  0.396078  0.526659  0.398568  0.579819  0.282438  0.505367  0.425863  0.523908  0.436383  0.379663  0.489241  0.428253  0.661758  0.321539  0.513864  0.601599  0.241757  0.409971  0.605850  0.308788  0.662689  0.602010  0.356880  0.477844  0.462526  0.542868  0.288009  0.575905  0.344377  0.413364  0.391345  0.458500  0.382499  0.369247  0.590233  0.348646  0.329883  0.505615  0.309923  0.523016  0.728147  0.603651 
37  0.513477  0.622751  0.535389  0.625598  0.869056  0.442798  0.558220  0.631148  0.441111  0.558595  0.738468  0.831362  0.640485  0.340698  0.321356  0.747720  0.806767  0.339495  0.767736  0.422644  0.439570  0.525713  0.870963  0.846497  0.493933  0.496453  0.711848  0.558874  0.522983  0.609444  0.855365  0.369643  0.526421  0.632446  0.633829  0.620629  0.331609 0.0  0.723650  0.704836  0.508249  0.276367  0.617968  0.520726  0.419199  0.499710  0.542292  0.737570  0.544604  0.411961  0.670258  0.381682  0.477578  0.418274  0.517518  0.459293  0.360755  0.414064  0.634339  0.309789  0.521200  0.377529  0.491507  0.507882  0.521902  0.459869  0.519937  0.450014  0.568167  0.607328  0.393177  0.614267  0.549912  0.461785  0.470152  0.548712  0.391142  0.801091  0.573697  0.406293  0.508279  0.588899  0.469131  0.400472  0.578721  0.354645  0.474851  0.466130  0.505584  0.354824  0.438527  0.531950  0.539919  0.380898  0.603102  0.533864  0.582203  0.663042  0.627269 
38  0.712786  0.585914  0.781145  0.798561  0.686854  0.751196  0.658120  0.634536  0.665808  0.534831  0.442909  0.681472  0.648146  0.746632  0.799221  0.684221  0.603848  0.569767  0.705255  0.674513  0.758509  0.666804  0.782169  0.777750  0.760910  0.802814  0.738501  0.710035  0.711755  0.680973  0.730041  0.668062  0.767843  0.660412  0.651143  0.786320  0.760906  0.723650 0.0  0.459989  0.793212  0.795348  0.742355  0.724730  0.702848  0.711261  0.833125  0.711242  0.773669  0.684612  0.622213  0.684381  0.591241  0.764853  0.585055  0.770884  0.706765  0.692807  0.693761  0.730630  0.805723  0.717474  0.639063  0.800040  0.640445  0.762228  0.520165  0.691252  0.697916  0.781860  0.691237  0.537278  0.628086  0.651547  0.684760  0.741629  0.714783  0.364117  0.785946  0.630213  0.722433  0.747722  0.704836  0.709611  0.655290  0.746938  0.720353  0.606631  0.697100  0.737528  0.727171  0.597914  0.710220  0.663465  0.713089  0.622989  0.803556  0.348705  0.690475 
39  0.642529  0.684770  0.724657  0.594206  0.696215  0.601080  0.664641  0.682843  0.626201  0.619068  0.257860  0.680275  0.671630  0.647348  0.690506  0.712478  0.692794  0.563958  0.786997  0.615073  0.628730  0.627748  0.686416  0.667313  0.637449  0.813633  0.700860  0.699064  0.651855  0.766357  0.691157  0.534239  0.700025  0.728906  0.750459  0.709555  0.629366  0.704836  0.459989 0.0  0.777335  0.601264  0.911675  0.762167  0.725045  0.724825  0.813678  0.666470  0.693500  0.693558  0.696145  0.658580  0.708493  0.557558  0.681499  0.629828  0.550458  0.664492  0.624612  0.687176  0.808353  0.591881  0.631499  0.708943  0.673327  0.650811  0.583097  0.738604  0.626343  0.773328  0.569116  0.613505  0.761037  0.706214  0.707987  0.839409  0.609085  0.416029  0.674868  0.676720  0.664887  0.747565  0.781890  0.607780  0.646234  0.631108  0.623438  0.592354  0.726233  0.734682  0.674981  0.629256  0.630981  0.641746  0.677836  0.603396  0.781685  0.410540  0.718611 
