99
0 0.0  0.344482  0.698416  0.474959  0.576300  0.375160  0.326871  0.558387  0.343384  0.627352  0.344220  0.366922  0.398706  0.712777  0.781815  0.626627  0.524905  0.523361  0.588031  0.376605  0.592911  0.316731  0.548412  0.497306  0.380090  0.418411  0.538790  0.423033  0.651659  0.584743  0.590825  0.833428  0.600088  0.707872  0.404272  0.425997  0.471712  0.375243  0.495978  0.404004  0.714034  0.447518  0.539051  0.526529  0.495201  0.322693  0.472129  0.558268  0.454026  0.327908  0.461103  0.862299  0.580474  0.646814  0.540398  0.454382  0.332806  0.467244  0.577175  0.736718  0.395639  0.374965  0.524870  0.421194  0.509706  0.570875  0.328582  0.244469  0.386701  0.395499  0.594722  0.382093  0.401148  0.384431  0.291484  0.502279  0.455854  0.495269  0.659210  0.478968  0.338002  0.339373  0.513663  0.391448  0.344056  0.657848  0.516075  0.345496  0.678970  0.421228  0.570630  0.426581  0.681389  0.504619  0.720607  0.624073  0.477722  0.503184  0.566348 
1  0.344482 0.0  0.647340  0.613075  0.441981  0.312505  0.402264  0.702054  0.316033  0.686061  0.468516  0.427050  0.588636  0.727738  0.743800  0.663540  0.378547  0.562468  0.611940  0.300468  0.555648  0.417899  0.568621  0.495148  0.410252  0.400920  0.437400  0.304046  0.602863  0.785297  0.612414  0.697186  0.509096  0.598431  0.567923  0.226358  0.467545  0.439425  0.526662  0.318995  0.736086  0.379358  0.573781  0.671100  0.508537  0.399655  0.350392  0.761404  0.430618  0.386132  0.498543  0.801814  0.515737  0.727560  0.679773  0.530616  0.266295  0.550894  0.396898  0.673132  0.317323  0.401205  0.529803  0.492173  0.473235  0.469536  0.400068  0.344654  0.407029  0.443731  0.494033  0.481142  0.360744  0.439235  0.384168  0.446212  0.381283  0.463972  0.795914  0.413316  0.479596  0.442072  0.380934  0.320637  0.442373  0.667280  0.538714  0.290008  0.849924  0.407669  0.632371  0.383689  0.651662  0.574153  0.672837  0.478604  0.438929  0.461501  0.563016 
2  0.698416  0.647340 0.0  0.467581  0.643521  0.686181  0.583937  0.356767  0.652374  0.595343  0.559920  0.546677  0.588200  0.383663  0.682931  0.680886  0.628516  0.588860  0.696637  0.544691  0.565892  0.708658  0.617447  0.367422  0.690278  0.645248  0.374084  0.599961  0.328003  0.764027  0.622570  0.743770  0.600494  0.798560  0.586694  0.711835  0.515223  0.657705  0.461514  0.636165  0.774882  0.536640  0.521269  0.469937  0.571204  0.487762  0.618880  0.629557  0.551582  0.415030  0.598470  0.749469  0.467632  0.786819  0.513007  0.627149  0.511763  0.385960  0.624635  0.777408  0.627375  0.466570  0.449828  0.579606  0.589516  0.642776  0.628578  0.595938  0.578371  0.519197  0.664442  0.642217  0.640310  0.516344  0.605950  0.482086  0.590862  0.513794  0.839611  0.532177  0.598601  0.659794  0.638449  0.402108  0.613970  0.714328  0.571324  0.491996  0.809936  0.564332  0.538482  0.579494  0.616894  0.376202  0.678081  0.522636  0.608801  0.670506  0.415269 
3  0.474959  0.613075  0.467581 0.0  0.457874  0.503818  0.421577  0.476643  0.514256  0.473606  0.551062  0.557191  0.388748  0.600194  0.851891  0.557252  0.531343  0.582672  0.596814  0.512501  0.561923  0.493733  0.438074  0.508037  0.561123  0.544176  0.390695  0.548133  0.611150  0.649964  0.557740  0.704832  0.556657  0.581004  0.509353  0.544196  0.547046  0.440006  0.592593  0.547629  0.777638  0.518928  0.525559  0.502994  0.428892  0.457688  0.518546  0.557843  0.531031  0.497597  0.551875  0.724660  0.542370  0.762996  0.504591  0.507835  0.549964  0.353387  0.483368  0.760306  0.530887  0.493087  0.521611  0.626692  0.604690  0.583938  0.544589  0.495000  0.600061  0.566749  0.626793  0.415493  0.616867  0.449605  0.633427  0.631804  0.561469  0.469262  0.666946  0.451551  0.534109  0.481028  0.489900  0.488848  0.584288  0.606256  0.452329  0.547364  0.768186  0.491478  0.526042  0.574479  0.684123  0.378738  0.616184  0.325359  0.497321  0.447237  0.320222 
4  0.576300  0.441981  0.643521  0.457874 0.0  0.420345  0.430750  0.594543  0.466079  0.614649  0.491153  0.476837  0.524388  0.591249  0.816064  0.712335  0.511350  0.574774  0.612597  0.484775  0.716886  0.205971  0.356397  0.381893  0.499227  0.513305  0.485456  0.422297  0.528191  0.635546  0.470151  0.793949  0.540204  0.735052  0.518758  0.392744  0.335561  0.244457  0.538803  0.451401  0.578222  0.415222  0.465178  0.582415  0.400695  0.503581  0.462643  0.605521  0.557663  0.450984  0.479301  0.653905  0.574257  0.636230  0.461473  0.508407  0.480223  0.505061  0.438383  0.778881  0.453121  0.516292  0.369621  0.466273  0.516813  0.477686  0.440313  0.261773  0.397984  0.433274  0.497426  0.405091  0.463221  0.529608  0.279506  0.466051  0.324262  0.273020  0.745519  0.462231  0.444724  0.277174  0.543163  0.502201  0.445323  0.593677  0.482126  0.520031  0.645481  0.238379  0.593510  0.471274  0.636390  0.513744  0.715540  0.467017  0.375361  0.314019  0.349057 
5  0.375160  0.312505  0.686181  0.503818  0.420345 0.0  0.380902  0.625841  0.437935  0.576075  0.520120  0.523769  0.410510  0.650100  0.829247  0.698037  0.436352  0.609856  0.642164  0.384176  0.637665  0.445108  0.605293  0.396219  0.281175  0.485615  0.607427  0.291483  0.584765  0.711709  0.529286  0.776332  0.553753  0.658286  0.544508  0.266839  0.592029  0.505828  0.546584  0.377092  0.884300  0.295596  0.588638  0.599031  0.487245  0.264141  0.448702  0.663131  0.443210  0.403875  0.503879  0.731010  0.708063  0.787891  0.571221  0.683056  0.343842  0.542190  0.554811  0.731165  0.359577  0.412882  0.362651  0.451680  0.391201  0.415858  0.299633  0.367114  0.434129  0.307992  0.598223  0.559866  0.444442  0.346976  0.462086  0.419905  0.343936  0.435637  0.755160  0.315278  0.514122  0.465365  0.546370  0.465972  0.324530  0.759130  0.606630  0.411153  0.815928  0.389816  0.707971  0.480115  0.607253  0.585056  0.768739  0.549878  0.482499  0.527340  0.639559 
6  0.326871  0.402264  0.583937  0.421577  0.430750  0.380902 0.0  0.647710  0.409909  0.484189  0.329225  0.327847  0.444546  0.589121  0.690404  0.722110  0.578740  0.512370  0.649683  0.338078  0.540283  0.364964  0.574240  0.417313  0.368831  0.360040  0.563758  0.415541  0.465235  0.638908  0.567233  0.680249  0.547530  0.739333  0.530999  0.315933  0.579295  0.461424  0.548042  0.366977  0.739983  0.342501  0.497730  0.554527  0.497279  0.470622  0.379786  0.583980  0.462506  0.305462  0.448085  0.850653  0.514943  0.776803  0.599968  0.511027  0.444550  0.533628  0.545718  0.741345  0.444901  0.459595  0.556712  0.539254  0.485619  0.332980  0.344073  0.369590  0.411015  0.402433  0.510302  0.347133  0.399435  0.309024  0.471560  0.467954  0.471576  0.369650  0.693316  0.404220  0.436812  0.392110  0.397871  0.364110  0.456882  0.617974  0.521737  0.361140  0.721341  0.256245  0.644297  0.466354  0.524734  0.644498  0.781025  0.479641  0.434331  0.301682  0.495447 
7  0.558387  0.702054  0.356767  0.476643  0.594543  0.625841  0.647710 0.0  0.721675  0.619018  0.578763  0.531305  0.570847  0.295028  0.845113  0.665297  0.524439  0.649444  0.578602  0.632277  0.504220  0.592422  0.580923  0.700581  0.696209  0.716138  0.473247  0.539450  0.239671  0.542483  0.524358  0.835382  0.603749  0.652879  0.588283  0.688791  0.536175  0.573243  0.550529  0.729203  0.849079  0.596945  0.489275  0.471335  0.612631  0.742759  0.615201  0.544340  0.622403  0.651146  0.609641  0.813294  0.534829  0.899609  0.514364  0.589880  0.645976  0.644974  0.621773  0.833378  0.675415  0.614385  0.514882  0.603450  0.552910  0.635045  0.663072  0.729438  0.591781  0.601183  0.615636  0.612576  0.575538  0.606638  0.561385  0.488877  0.648205  0.712544  0.893616  0.519424  0.509548  0.639808  0.672199  0.641675  0.646278  0.655593  0.598645  0.622152  0.835728  0.597713  0.674717  0.763822  0.666133  0.419564  0.822123  0.518661  0.605842  0.490963  0.650312 
8  0.343384  0.316033  0.652374  0.514256  0.466079  0.437935  0.409909  0.721675 0.0  0.574138  0.411699  0.407481  0.384700  0.716127  0.806903  0.761492  0.397073  0.488978  0.671365  0.287727  0.580718  0.512938  0.693544  0.458286  0.374089  0.576284  0.492890  0.368140  0.613116  0.550872  0.623501  0.753858  0.559337  0.614001  0.633002  0.325163  0.404964  0.445091  0.511927  0.291667  0.803346  0.350456  0.499052  0.511435  0.511181  0.331661  0.381172  0.587999  0.393873  0.430675  0.528557  0.694216  0.541953  0.741193  0.629878  0.483532  0.387037  0.516165  0.507089  0.726730  0.390742  0.276840  0.416297  0.455670  0.352677  0.499399  0.429331  0.393103  0.354720  0.323492  0.581764  0.427067  0.326922  0.370306  0.290046  0.488281  0.343714  0.459889  0.792374  0.429434  0.446843  0.384785  0.462371  0.465916  0.384755  0.615699  0.509030  0.358736  0.694850  0.474535  0.651480  0.400719  0.692329  0.562285  0.729067  0.454801  0.349512  0.381584  0.551624 
9  0.627352  0.686061  0.595343  0.473606  0.614649  0.576075  0.484189  0.619018  0.574138 0.0  0.601690  0.482242  0.512482  0.412061  0.797656  0.625480  0.636266  0.733435  0.720908  0.610199  0.464264  0.651516  0.384703  0.574396  0.627342  0.464400  0.526035  0.690979  0.659352  0.509702  0.350203  0.792738  0.582883  0.793713  0.303117  0.688667  0.575408  0.496699  0.552304  0.583745  0.708746  0.711356  0.387239  0.462228  0.572969  0.599552  0.603935  0.686951  0.637225  0.624202  0.486591  0.664645  0.286163  0.741088  0.505530  0.523848  0.803342  0.479750  0.475991  0.747994  0.552819  0.613871  0.530999  0.493281  0.622670  0.596614  0.636394  0.611514  0.635231  0.556372  0.477416  0.486417  0.732642  0.615652  0.725541  0.670898  0.664163  0.567392  0.592926  0.599053  0.587939  0.555666  0.665554  0.629259  0.614573  0.660461  0.298031  0.627896  0.671526  0.481583  0.693756  0.527185  0.705129  0.489125  0.747023  0.544980  0.583119  0.634385  0.506513 
10  0.344220  0.468516  0.559920  0.551062  0.491153  0.520120  0.329225  0.578763  0.411699  0.601690 0.0  0.420906  0.552840  0.749422  0.673611  0.646052  0.581609  0.584923  0.554012  0.366757  0.570143  0.300900  0.510443  0.552167  0.393273  0.379305  0.430377  0.373765  0.524863  0.626227  0.644343  0.718021  0.601388  0.609510  0.535361  0.435942  0.481625  0.368697  0.383940  0.345936  0.717583  0.428282  0.507660  0.525784  0.584255  0.284906  0.347977  0.628369  0.405044  0.378545  0.407498  0.705604  0.583993  0.768226  0.504243  0.562673  0.425468  0.421837  0.580308  0.842667  0.427923  0.288054  0.403702  0.512641  0.389829  0.430222  0.427500  0.378675  0.407464  0.346951  0.619018  0.277337  0.376501  0.335360  0.459235  0.353633  0.462540  0.272326  0.730181  0.326725  0.433199  0.471938  0.415949  0.340157  0.370202  0.747433  0.600953  0.426610  0.749908  0.395931  0.549783  0.323660  0.700551  0.654569  0.747306  0.400025  0.337929  0.417646  0.545650 
11  0.366922  0.427050  0.546677  0.557191  0.476837  0.523769  0.327847  0.531305  0.407481  0.482242  0.420906 0.0  0.497267  0.633412  0.801249  0.570286  0.523423  0.430977  0.593259  0.493793  0.602933  0.543828  0.599613  0.443992  0.473411  0.440736  0.490875  0.493738  0.546533  0.623364  0.549717  0.799613  0.470527  0.713715  0.591020  0.366855  0.378671  0.397430  0.474216  0.436729  0.686610  0.407969  0.656245  0.579556  0.521425  0.397385  0.453681  0.572854  0.361241  0.444739  0.620343  0.795364  0.496135  0.770436  0.653571  0.627622  0.525085  0.463009  0.671680  0.783503  0.560759  0.368298  0.474528  0.470041  0.383342  0.403974  0.522370  0.419899  0.512301  0.367210  0.625428  0.453323  0.468413  0.448374  0.456516  0.416087  0.399814  0.480831  0.653092  0.444199  0.346713  0.459141  0.417768  0.430143  0.399028  0.746652  0.642247  0.391934  0.751246  0.436678  0.609767  0.487526  0.606104  0.563256  0.746340  0.552784  0.394378  0.405543  0.639147 
12  0.398706  0.588636  0.588200  0.388748  0.524388  0.410510  0.444546  0.570847  0.384700  0.512482  0.552840  0.497267 0.0  0.563395  0.706226  0.748781  0.510115  0.689571  0.472319  0.549194  0.652338  0.500855  0.576736  0.349088  0.485866  0.425664  0.643918  0.522162  0.549430  0.645013  0.649056  0.712410  0.662229  0.662859  0.518376  0.473645  0.554713  0.502096  0.370987  0.492372  0.761482  0.602068  0.498685  0.540784  0.460276  0.544445  0.476243  0.469916  0.458560  0.487214  0.328319  0.744491  0.539150  0.707506  0.483506  0.449139  0.323486  0.477636  0.531192  0.701140  0.446850  0.452432  0.535855  0.490414  0.628823  0.512804  0.507365  0.494609  0.508960  0.440672  0.434295  0.337494  0.420092  0.386596  0.544413  0.410607  0.469694  0.542389  0.661816  0.511782  0.451783  0.544122  0.498182  0.459478  0.540912  0.533777  0.431453  0.444028  0.811099  0.347546  0.532815  0.538430  0.610229  0.389880  0.714261  0.578155  0.439733  0.500435  0.525947 
13  0.712777  0.727738  0.383663  0.600194  0.591249  0.650100  0.589121  0.295028  0.716127  0.412061  0.749422  0.633412  0.563395 0.0  0.849453  0.666461  0.661372  0.670719  0.645804  0.722637  0.623642  0.507518  0.528690  0.628540  0.677163  0.572495  0.548779  0.654403  0.277003  0.599561  0.590209  0.773462  0.619175  0.701985  0.606446  0.642215  0.684944  0.641459  0.675789  0.703382  0.702428  0.617731  0.722095  0.425465  0.591409  0.598134  0.559747  0.573978  0.626950  0.624811  0.570182  0.874201  0.573577  0.792998  0.548578  0.506040  0.578508  0.474564  0.603625  0.734680  0.714154  0.645943  0.643020  0.604842  0.679627  0.698426  0.627162  0.591374  0.683394  0.518686  0.655089  0.583878  0.596823  0.624821  0.548432  0.475592  0.596986  0.703676  0.911923  0.666197  0.745005  0.658658  0.498046  0.619864  0.688778  0.722366  0.548652  0.631556  0.819270  0.610208  0.717807  0.561008  0.779620  0.473326  0.697874  0.562161  0.712610  0.560775  0.651418 
14  0.781815  0.743800  0.682931  0.851891  0.816064  0.829247  0.690404  0.845113  0.806903  0.797656  0.673611  0.801249  0.706226  0.849453 0.0  0.668584  0.768587  0.893778  0.769874  0.773160  0.695286  0.690813  0.668192  0.679355  0.701570  0.734127  0.761313  0.850081  0.827542  0.866479  0.758543  0.408194  0.752575  0.641498  0.610349  0.822393  0.638437  0.661944  0.830215  0.750783  0.651104  0.872479  0.718182  0.773176  0.766253  0.776170  0.788295  0.629728  0.790113  0.571308  0.760952  0.406673  0.838803  0.391445  0.705905  0.635951  0.792725  0.666564  0.655909  0.606773  0.683652  0.672894  0.761001  0.785560  0.774276  0.784434  0.770317  0.609363  0.815916  0.737914  0.726010  0.600882  0.732767  0.786384  0.669079  0.789712  0.869285  0.644715  0.477878  0.748673  0.837747  0.735931  0.633614  0.786217  0.721622  0.636990  0.622253  0.666314  0.634453  0.647178  0.689767  0.829031  0.574179  0.733664  0.572637  0.757424  0.764128  0.751028  0.770821 
15  0.626627  0.663540  0.680886  0.557252  0.712335  0.698037  0.722110  0.665297  0.761492  0.625480  0.646052  0.570286  0.748781  0.666461  0.668584 0.0  0.647736  0.732752  0.597308  0.819916  0.664488  0.770827  0.542870  0.564499  0.739125  0.651588  0.597982  0.663633  0.633315  0.631916  0.601449  0.611251  0.648142  0.883549  0.639514  0.752704  0.508800  0.735754  0.635356  0.581152  0.691567  0.662902  0.657215  0.713983  0.664250  0.687649  0.710283  0.604196  0.700919  0.726872  0.730076  0.794359  0.581099  0.845604  0.699340  0.651008  0.693111  0.583133  0.685936  0.738369  0.700261  0.642297  0.732600  0.694362  0.619990  0.703321  0.700768  0.607256  0.731660  0.661979  0.595373  0.716965  0.742949  0.699691  0.630332  0.783515  0.671287  0.699898  0.682142  0.566509  0.730346  0.603490  0.649880  0.683717  0.646488  0.492900  0.500610  0.543942  0.687474  0.632770  0.532632  0.682452  0.687575  0.589356  0.748121  0.533477  0.676575  0.633347  0.722614 
16  0.524905  0.378547  0.628516  0.531343  0.511350  0.436352  0.578740  0.524439  0.397073  0.636266  0.581609  0.523423  0.510115  0.661372  0.768587  0.647736 0.0  0.501727  0.714820  0.362973  0.612993  0.333428  0.571021  0.384403  0.307315  0.296322  0.569036  0.357054  0.576432  0.664526  0.711463  0.763115  0.595484  0.592285  0.569829  0.394158  0.440126  0.550701  0.405175  0.501192  0.736834  0.410896  0.661540  0.515524  0.499836  0.503127  0.409149  0.671089  0.318690  0.469885  0.503564  0.706332  0.566038  0.774236  0.626113  0.664750  0.504715  0.616443  0.634025  0.789220  0.336977  0.241674  0.279849  0.281858  0.419301  0.468926  0.421476  0.419620  0.403345  0.301086  0.434576  0.423106  0.417130  0.429694  0.530780  0.442481  0.439341  0.382511  0.677908  0.461309  0.474312  0.611808  0.367745  0.432440  0.380537  0.766265  0.617317  0.447208  0.719878  0.363460  0.606126  0.398957  0.699930  0.679247  0.858797  0.592967  0.400671  0.369106  0.547941 
17  0.523361  0.562468  0.588860  0.582672  0.574774  0.609856  0.512370  0.649444  0.488978  0.733435  0.584923  0.430977  0.689571  0.670719  0.893778  0.732752  0.501727 0.0  0.646965  0.560513  0.606439  0.410004  0.557087  0.491576  0.447626  0.569626  0.658434  0.540546  0.599753  0.535990  0.647929  0.973722  0.339569  0.747763  0.631017  0.516399  0.546584  0.550766  0.452252  0.491935  0.804610  0.473334  0.551059  0.611483  0.596734  0.618961  0.611132  0.745946  0.595007  0.573312  0.614540  0.824835  0.564329  0.856309  0.522215  0.631521  0.640737  0.619869  0.530164  0.775636  0.491494  0.378016  0.580664  0.513503  0.513169  0.532189  0.603908  0.483412  0.570854  0.664370  0.592723  0.583666  0.604450  0.582100  0.706817  0.583850  0.558855  0.480340  0.843353  0.377972  0.618611  0.550912  0.402865  0.647947  0.476493  0.814110  0.603742  0.623711  0.899643  0.518212  0.670552  0.567286  0.691440  0.598622  0.888546  0.674918  0.588085  0.533649  0.649574 
18  0.588031  0.611940  0.696637  0.596814  0.612597  0.642164  0.649683  0.578602  0.671365  0.720908  0.554012  0.593259  0.472319  0.645804  0.769874  0.597308  0.714820  0.646965 0.0  0.530864  0.628544  0.637958  0.509517  0.618093  0.597922  0.640246  0.482311  0.706303  0.536263  0.652234  0.735747  0.799560  0.553279  0.771549  0.645249  0.778136  0.567328  0.565435  0.672503  0.590907  0.686536  0.669921  0.718773  0.557434  0.610300  0.618879  0.734451  0.269633  0.763484  0.601746  0.467136  0.666992  0.672587  0.932908  0.562302  0.526936  0.565877  0.645767  0.552043  0.754875  0.642099  0.654006  0.668117  0.700588  0.725211  0.627878  0.670912  0.676976  0.765845  0.609908  0.668408  0.606963  0.589982  0.653703  0.660485  0.654734  0.652734  0.584083  0.718122  0.607625  0.511969  0.550581  0.655070  0.478147  0.614228  0.382369  0.652867  0.656400  0.730621  0.608085  0.474827  0.742819  0.652653  0.535999  0.671151  0.502027  0.588855  0.594643  0.579378 
19  0.376605  0.300468  0.544691  0.512501  0.484775  0.384176  0.338078  0.632277  0.287727  0.610199  0.366757  0.493793  0.549194  0.722637  0.773160  0.819916  0.362973  0.560513  0.530864 0.0  0.576196  0.462752  0.512359  0.455059  0.429123  0.466939  0.617199  0.381221  0.712090  0.732526  0.588471  0.648306  0.569784  0.661890  0.619616  0.348458  0.483674  0.346284  0.602904  0.327614  0.706384  0.293391  0.532476  0.553517  0.514670  0.235952  0.266068  0.652248  0.399013  0.376559  0.507990  0.745046  0.635011  0.688488  0.582959  0.557144  0.376874  0.545494  0.567045  0.712997  0.394376  0.376782  0.462536  0.394332  0.314148  0.406351  0.357139  0.416865  0.413477  0.391141  0.536858  0.331396  0.358364  0.269772  0.440700  0.409522  0.369047  0.387114  0.698467  0.258403  0.401909  0.444778  0.452161  0.423585  0.389274  0.737885  0.591098  0.264590  0.776690  0.399374  0.730756  0.420187  0.611162  0.543101  0.656756  0.544729  0.409371  0.433346  0.565776 
20  0.592911  0.555648  0.565892  0.561923  0.716886  0.637665  0.540283  0.504220  0.580718  0.464264  0.570143  0.602933  0.652338  0.623642  0.695286  0.664488  0.612993  0.606439  0.628544  0.576196 0.0  0.599737  0.386806  0.468005  0.540629  0.545274  0.472964  0.530206  0.534407  0.541146  0.373048  0.837314  0.459470  0.781446  0.355987  0.612006  0.537356  0.503088  0.444067  0.685413  0.769355  0.664271  0.306874  0.495997  0.439480  0.625341  0.536945  0.660782  0.528977  0.624401  0.612760  0.636472  0.352930  0.708499  0.436979  0.524560  0.480869  0.515347  0.594480  0.818325  0.505772  0.587448  0.620066  0.582108  0.733240  0.572360  0.675928  0.693404  0.599463  0.542038  0.629347  0.511034  0.665890  0.578866  0.661280  0.571452  0.564460  0.619859  0.728464  0.613624  0.532109  0.534044  0.633809  0.572433  0.611543  0.690489  0.455881  0.659563  0.670023  0.579027  0.513423  0.647429  0.691029  0.511068  0.761900  0.557572  0.532029  0.582914  0.436086 
21  0.316731  0.417899  0.708658  0.493733  0.205971  0.445108  0.364964  0.592422  0.512938  0.651516  0.300900  0.543828  0.500855  0.507518  0.690813  0.770827  0.333428  0.410004  0.637958  0.462752  0.599737 0.0  0.560504  0.433450  0.429851  0.262021  0.542319  0.455526  0.502745  0.522197  0.572044  0.639651  0.378113  0.699325  0.505824  0.347616  0.440224  0.426790  0.418571  0.233872  0.752942  0.375645  0.535381  0.589802  0.512692  0.503664  0.374258  0.604192  0.391667  0.465631  0.464537  0.752088  0.573606  0.627356  0.627932  0.515467  0.508627  0.527193  0.500643  0.691525  0.429141  0.425859  0.449968  0.386361  0.357398  0.571760  0.410264  0.220679  0.538970  0.412901  0.458438  0.374681  0.505520  0.394071  0.353928  0.463210  0.320863  0.214745  0.818842  0.285523  0.287972  0.212316  0.476617  0.305261  0.382093  0.711994  0.473320  0.382019  0.680900  0.318541  0.602587  0.353590  0.686799  0.562496  0.693190  0.481739  0.396697  0.401308  0.451521 
22  0.548412  0.568621  0.617447  0.438074  0.356397  0.605293  0.574240  0.580923  0.693544  0.384703  0.510443  0.599613  0.576736  0.528690  0.668192  0.542870  0.571021  0.557087  0.509517  0.512359  0.386806  0.560504 0.0  0.557831  0.486284  0.608517  0.450671  0.604215  0.563491  0.561568  0.199121  0.658191  0.550786  0.708724  0.280423  0.647585  0.522723  0.482022  0.713009  0.618429  0.688813  0.657706  0.381307  0.553264  0.521337  0.517340  0.577169  0.586686  0.659600  0.517152  0.503051  0.571491  0.276987  0.590819  0.469739  0.496399  0.449210  0.539841  0.369511  0.692816  0.457318  0.536128  0.512032  0.634178  0.714720  0.442617  0.575088  0.497414  0.618324  0.627353  0.533896  0.392987  0.679097  0.519131  0.429028  0.569075  0.596690  0.457645  0.634742  0.510952  0.507768  0.447727  0.592979  0.510419  0.479622  0.599139  0.188261  0.485802  0.643107  0.385599  0.592510  0.663392  0.701702  0.541930  0.727956  0.505703  0.577045  0.585982  0.444157 
23  0.497306  0.495148  0.367422  0.508037  0.381893  0.396219  0.417313  0.700581  0.458286  0.574396  0.552167  0.443992  0.349088  0.628540  0.679355  0.564499  0.384403  0.491576  0.618093  0.455059  0.468005  0.433450  0.557831 0.0  0.436152  0.448395  0.469551  0.446215  0.546646  0.568369  0.592863  0.739805  0.467593  0.608838  0.590868  0.509016  0.378887  0.546524  0.500839  0.455985  0.682061  0.489559  0.561029  0.430442  0.388779  0.488021  0.522518  0.372322  0.582999  0.347809  0.241843  0.819553  0.594473  0.662210  0.377454  0.536889  0.349419  0.489455  0.534124  0.678349  0.463530  0.461894  0.579060  0.548462  0.536080  0.553261  0.632805  0.473554  0.525576  0.505090  0.503447  0.260387  0.466325  0.301164  0.520334  0.553961  0.494946  0.507852  0.739797  0.301878  0.540246  0.404369  0.504786  0.475683  0.461459  0.627724  0.538622  0.436961  0.732087  0.461929  0.481599  0.590685  0.698163  0.517969  0.547124  0.548672  0.443714  0.378103  0.527507 
24  0.380090  0.410252  0.690278  0.561123  0.499227  0.281175  0.368831  0.696209  0.374089  0.627342  0.393273  0.473411  0.485866  0.677163  0.701570  0.739125  0.307315  0.447626  0.597922  0.429123  0.540629  0.429851  0.486284  0.436152 0.0  0.399238  0.523562  0.378278  0.677601  0.656580  0.659797  0.708888  0.520027  0.629629  0.555117  0.350287  0.424685  0.449629  0.499916  0.360690  0.842870  0.338287  0.578911  0.534319  0.563099  0.374584  0.339459  0.687616  0.438875  0.399524  0.574310  0.723778  0.636152  0.732188  0.668944  0.578643  0.359310  0.472459  0.528747  0.734503  0.349234  0.340392  0.445627  0.491521  0.417647  0.350218  0.257382  0.317718  0.480727  0.375674  0.522417  0.542167  0.539603  0.335596  0.428479  0.480202  0.318036  0.396122  0.748776  0.449852  0.336023  0.425464  0.451273  0.465283  0.447498  0.696346  0.531526  0.345559  0.832039  0.472755  0.703108  0.412435  0.669556  0.559845  0.722181  0.529106  0.418108  0.435783  0.541971 
25  0.418411  0.400920  0.645248  0.544176  0.513305  0.485615  0.360040  0.716138  0.576284  0.464400  0.379305  0.440736  0.425664  0.572495  0.734127  0.651588  0.296322  0.569626  0.640246  0.466939  0.545274  0.262021  0.608517  0.448395  0.399238 0.0  0.489707  0.310528  0.547388  0.644754  0.621460  0.739679  0.619859  0.560107  0.543494  0.346708  0.442485  0.392568  0.425482  0.244610  0.596345  0.329093  0.470701  0.581537  0.376918  0.350487  0.481475  0.647397  0.246831  0.437330  0.477398  0.747322  0.642357  0.730559  0.530724  0.605994  0.467537  0.530771  0.561234  0.594175  0.389578  0.286112  0.446972  0.377119  0.337926  0.403105  0.442171  0.423198  0.402960  0.408021  0.534216  0.480029  0.308151  0.425717  0.389213  0.554296  0.380210  0.390422  0.739050  0.273627  0.369295  0.439378  0.473157  0.394434  0.225234  0.678883  0.494086  0.450731  0.738791  0.442354  0.741007  0.346125  0.638889  0.509465  0.740009  0.568031  0.300167  0.369015  0.414696 
26  0.538790  0.437400  0.374084  0.390695  0.485456  0.607427  0.563758  0.473247  0.492890  0.526035  0.430377  0.490875  0.643918  0.548779  0.761313  0.597982  0.569036  0.658434  0.482311  0.617199  0.472964  0.542319  0.450671  0.469551  0.523562  0.489707 0.0  0.569123  0.451018  0.563524  0.534866  0.726876  0.518502  0.632687  0.472929  0.487224  0.462298  0.452578  0.599855  0.578084  0.783326  0.534525  0.491416  0.495773  0.450213  0.535294  0.548442  0.661867  0.523321  0.510675  0.519588  0.632515  0.443138  0.656988  0.454693  0.632771  0.515637  0.278765  0.514153  0.633593  0.621873  0.520050  0.524913  0.569558  0.575012  0.578747  0.545005  0.513925  0.671684  0.564791  0.569010  0.516311  0.479378  0.439840  0.493323  0.549668  0.540342  0.561472  0.605254  0.466920  0.512821  0.596191  0.617376  0.511268  0.537811  0.715691  0.359686  0.468853  0.664498  0.322701  0.554469  0.580353  0.623754  0.474228  0.708626  0.423491  0.454895  0.589636  0.432141 
27  0.423033  0.304046  0.599961  0.548133  0.422297  0.291483  0.415541  0.539450  0.368140  0.690979  0.373765  0.493738  0.522162  0.654403  0.850081  0.663633  0.357054  0.540546  0.706303  0.381221  0.530206  0.455526  0.604215  0.446215  0.378278  0.310528  0.569123 0.0  0.568588  0.722938  0.569130  0.802548  0.601618  0.616981  0.563961  0.293093  0.379474  0.441961  0.582951  0.303982  0.720052  0.408550  0.632844  0.554302  0.442098  0.245771  0.310515  0.721714  0.298548  0.375182  0.569159  0.792245  0.640488  0.790183  0.554131  0.496998  0.357867  0.526181  0.665104  0.693168  0.303193  0.233720  0.487978  0.395833  0.363035  0.496066  0.334601  0.441992  0.295891  0.289068  0.651725  0.387572  0.156526  0.418003  0.477072  0.556094  0.270344  0.505940  0.776689  0.364534  0.478005  0.432626  0.553086  0.520758  0.332621  0.823552  0.558516  0.267706  0.744702  0.438292  0.636526  0.504665  0.542568  0.630087  0.807597  0.596375  0.413227  0.563724  0.597382 
28  0.651659  0.602863  0.328003  0.611150  0.528191  0.584765  0.465235  0.239671  0.613116  0.659352  0.524863  0.546533  0.549430  0.277003  0.827542  0.633315  0.576432  0.599753  0.536263  0.712090  0.534407  0.502745  0.563491  0.546646  0.677601  0.547388  0.451018  0.568588 0.0  0.654015  0.545041  0.911182  0.688899  0.701432  0.540058  0.672859  0.576696  0.669009  0.577661  0.634325  0.799290  0.618799  0.660070  0.469924  0.539243  0.726904  0.583140  0.715558  0.539363  0.538223  0.608652  0.778256  0.594259  0.882686  0.626512  0.651152  0.647982  0.365186  0.639480  0.860993  0.707199  0.550308  0.508281  0.589783  0.593472  0.613738  0.789043  0.619868  0.526559  0.600180  0.638797  0.558404  0.756338  0.591279  0.719143  0.576490  0.689266  0.638992  0.836033  0.655958  0.643700  0.546820  0.662478  0.625061  0.679867  0.570179  0.555156  0.551827  1.000000  0.598130  0.624109  0.612171  0.804997  0.527515  0.772347  0.553765  0.646047  0.501792  0.570598 
29  0.584743  0.785297  0.764027  0.649964  0.635546  0.711709  0.638908  0.542483  0.550872  0.509702  0.626227  0.623364  0.645013  0.599561  0.866479  0.631916  0.664526  0.535990  0.652234  0.732526  0.541146  0.522197  0.561568  0.568369  0.656580  0.644754  0.563524  0.722938  0.654015 0.0  0.518847  0.789017  0.404485  0.728277  0.612791  0.670044  0.695554  0.518776  0.542765  0.639977  0.807879  0.650251  0.512375  0.595927  0.519323  0.686147  0.695537  0.746671  0.594114  0.560297  0.619778  0.602866  0.568314  0.653903  0.674099  0.716040  0.578055  0.622532  0.652569  0.814314  0.699399  0.677881  0.591960  0.690408  0.586597  0.496656  0.537399  0.612287  0.625851  0.646227  0.603600  0.549606  0.613222  0.593882  0.652318  0.688976  0.694478  0.560765  0.758128  0.547846  0.571421  0.660798  0.609474  0.717091  0.613048  0.702778  0.635315  0.616792  0.645116  0.457030  0.664842  0.557822  0.883334  0.564182  0.919808  0.672018  0.551691  0.474412  0.560986 
30  0.590825  0.612414  0.622570  0.557740  0.470151  0.529286  0.567233  0.524358  0.623501  0.350203  0.644343  0.549717  0.649056  0.590209  0.758543  0.601449  0.711463  0.647929  0.735747  0.588471  0.373048  0.572044  0.199121  0.592863  0.659797  0.621460  0.534866  0.569130  0.545041  0.518847 0.0  0.654621  0.424769  0.703825  0.283837  0.600533  0.642962  0.616665  0.538290  0.638046  0.732191  0.509027  0.421079  0.603453  0.518690  0.592976  0.603467  0.727300  0.593397  0.702241  0.504284  0.807166  0.223051  0.740081  0.642500  0.620689  0.600621  0.470431  0.488850  0.805886  0.755778  0.714884  0.668758  0.639513  0.610962  0.651768  0.587751  0.447762  0.651070  0.613086  0.540795  0.500210  0.696914  0.639557  0.478685  0.625851  0.620762  0.565325  0.511951  0.487805  0.572886  0.393407  0.570201  0.719419  0.580112  0.701181  0.337117  0.681571  0.684801  0.620480  0.636178  0.509550  0.707779  0.519219  0.773121  0.397846  0.501215  0.606806  0.583246 
31  0.833428  0.697186  0.743770  0.704832  0.793949  0.776332  0.680249  0.835382  0.753858  0.792738  0.718021  0.799613  0.712410  0.773462  0.408194  0.611251  0.763115  0.973722  0.799560  0.648306  0.837314  0.639651  0.658191  0.739805  0.708888  0.739679  0.726876  0.802548  0.911182  0.789017  0.654621 0.0  0.733691  0.705198  0.726270  0.767101  0.748930  0.673001  0.873614  0.771977  0.515354  0.723686  0.639059  0.788773  0.615623  0.735492  0.827549  0.774022  0.688248  0.834152  0.699178  0.356372  0.755254  0.379368  0.654963  0.729654  0.698294  0.751073  0.819084  0.546535  0.779828  0.783847  0.698603  0.752428  0.830423  0.686731  0.790111  0.637462  0.756670  0.750160  0.649327  0.654825  0.842827  0.735664  0.670583  0.797679  0.800988  0.656073  0.487465  0.742412  0.686205  0.814249  0.825985  0.846836  0.835521  0.651487  0.616871  0.712472  0.551902  0.579192  0.704347  0.765714  0.680675  0.761068  0.554174  0.740578  0.757403  0.795654  0.677344 
32  0.600088  0.509096  0.600494  0.556657  0.540204  0.553753  0.547530  0.603749  0.559337  0.582883  0.601388  0.470527  0.662229  0.619175  0.752575  0.648142  0.595484  0.339569  0.553279  0.569784  0.459470  0.378113  0.550786  0.467593  0.520027  0.619859  0.518502  0.601618  0.688899  0.404485  0.424769  0.733691 0.0  0.727421  0.557487  0.567324  0.416279  0.370088  0.480945  0.561603  0.796482  0.520312  0.523285  0.493771  0.518390  0.542725  0.556877  0.702781  0.453344  0.600621  0.534580  0.682028  0.311570  0.728556  0.587477  0.628372  0.615970  0.567152  0.612540  0.770291  0.490875  0.456855  0.523529  0.389622  0.575389  0.403723  0.493416  0.517371  0.468996  0.509751  0.635236  0.408178  0.566972  0.613128  0.503960  0.537558  0.455154  0.496434  0.770226  0.624855  0.492532  0.362919  0.558694  0.578901  0.492400  0.713851  0.498759  0.531027  0.791951  0.434332  0.714126  0.427347  0.735827  0.603924  0.790999  0.520138  0.409271  0.449512  0.536213 
33  0.707872  0.598431  0.798560  0.581004  0.735052  0.658286  0.739333  0.652879  0.614001  0.793713  0.609510  0.713715  0.662859  0.701985  0.641498  0.883549  0.592285  0.747763  0.771549  0.661890  0.781446  0.699325  0.708724  0.608838  0.629629  0.560107  0.632687  0.616981  0.701432  0.728277  0.703825  0.705198  0.727421 0.0  0.632692  0.639701  0.648365  0.646147  0.750849  0.542792  0.632156  0.622400  0.702336  0.704405  0.623101  0.547732  0.603630  0.725136  0.769695  0.629973  0.627582  0.639381  0.613518  0.653675  0.708357  0.782108  0.592277  0.624211  0.747898  0.476093  0.726256  0.612915  0.696194  0.730840  0.663159  0.658026  0.746746  0.635827  0.678181  0.615614  0.687542  0.652807  0.537658  0.727192  0.721911  0.705009  0.580984  0.670958  0.656460  0.634976  0.711960  0.766234  0.759445  0.754255  0.642840  0.801373  0.792136  0.722441  0.620303  0.608042  0.690924  0.835785  0.292072  0.714808  0.669965  0.583962  0.719778  0.714887  0.775028 
34  0.404272  0.567923  0.586694  0.509353  0.518758  0.544508  0.530999  0.588283  0.633002  0.303117  0.535361  0.591020  0.518376  0.606446  0.610349  0.639514  0.569829  0.631017  0.645249  0.619616  0.355987  0.505824  0.280423  0.590868  0.555117  0.543494  0.472929  0.563961  0.540058  0.612791  0.283837  0.726270  0.557487  0.632692 0.0  0.617373  0.451758  0.513624  0.694139  0.620787  0.649313  0.555754  0.365647  0.510480  0.471255  0.611644  0.568850  0.686585  0.568554  0.507027  0.562903  0.696672  0.426313  0.655995  0.420445  0.467910  0.653662  0.514930  0.531651  0.594947  0.588261  0.508345  0.500937  0.649502  0.612128  0.536482  0.501484  0.586989  0.601513  0.585690  0.553120  0.611791  0.654563  0.540842  0.574640  0.735480  0.480796  0.375413  0.589972  0.452081  0.505304  0.457140  0.640342  0.614796  0.621632  0.602835  0.341662  0.557623  0.593835  0.396532  0.580552  0.561577  0.613234  0.499400  0.668824  0.399942  0.486086  0.570757  0.453664 
35  0.425997  0.226358  0.711835  0.544196  0.392744  0.266839  0.315933  0.688791  0.325163  0.688667  0.435942  0.366855  0.473645  0.642215  0.822393  0.752704  0.394158  0.516399  0.778136  0.348458  0.612006  0.347616  0.647585  0.509016  0.350287  0.346708  0.487224  0.293093  0.672859  0.670044  0.600533  0.767101  0.567324  0.639701  0.617373 0.0  0.457958  0.434912  0.633407  0.355437  0.734065  0.387014  0.683791  0.654163  0.465868  0.326013  0.384433  0.643650  0.368431  0.375247  0.392432  0.748634  0.529166  0.757436  0.563027  0.501645  0.448033  0.597484  0.515191  0.721542  0.330506  0.384779  0.423034  0.499133  0.386961  0.544321  0.398628  0.387975  0.409761  0.391349  0.530765  0.441303  0.330737  0.296128  0.447022  0.412435  0.342551  0.422929  0.768277  0.447476  0.405977  0.445170  0.394871  0.385848  0.348516  0.631947  0.610982  0.356061  0.741137  0.486892  0.604342  0.491374  0.616107  0.643477  0.881295  0.530977  0.392729  0.475721  0.592057 
36  0.471712  0.467545  0.515223  0.547046  0.335561  0.592029  0.579295  0.536175  0.404964  0.575408  0.481625  0.378671  0.554713  0.684944  0.638437  0.508800  0.440126  0.546584  0.567328  0.483674  0.537356  0.440224  0.522723  0.378887  0.424685  0.442485  0.462298  0.379474  0.576696  0.695554  0.642962  0.748930  0.416279  0.648365  0.451758  0.457958 0.0  0.379388  0.570797  0.409183  0.697075  0.365989  0.627283  0.568737  0.521718  0.386217  0.577971  0.595701  0.372744  0.436010  0.435975  0.662468  0.606356  0.870509  0.587016  0.510209  0.522467  0.519469  0.577731  0.702250  0.545801  0.455903  0.484778  0.465722  0.609177  0.561465  0.410734  0.374034  0.505852  0.515774  0.610601  0.524013  0.477029  0.448950  0.505536  0.558828  0.419939  0.293488  0.672095  0.321990  0.434937  0.418094  0.491159  0.506546  0.560346  0.632371  0.469206  0.412698  0.771099  0.325253  0.765147  0.596744  0.545983  0.436486  0.619314  0.549556  0.508142  0.430133  0.651465 
37  0.375243  0.439425  0.657705  0.440006  0.244457  0.505828  0.461424  0.573243  0.445091  0.496699  0.368697  0.397430  0.502096  0.641459  0.661944  0.735754  0.550701  0.550766  0.565435  0.346284  0.503088  0.426790  0.482022  0.546524  0.449629  0.392568  0.452578  0.441961  0.669009  0.518776  0.616665  0.673001  0.370088  0.646147  0.513624  0.434912  0.379388 0.0  0.509376  0.370365  0.674012  0.401140  0.472978  0.541375  0.411944  0.433355  0.457315  0.522632  0.417477  0.357334  0.457506  0.661869  0.624243  0.667249  0.382246  0.530096  0.528228  0.488129  0.519948  0.671859  0.411966  0.417875  0.460891  0.505506  0.494695  0.353931  0.372699  0.367905  0.422707  0.369150  0.457981  0.410502  0.509770  0.497455  0.407390  0.567807  0.414654  0.395510  0.605584  0.205371  0.207472  0.326815  0.428969  0.406661  0.399354  0.688195  0.515435  0.526418  0.831755  0.225644  0.573737  0.422995  0.720252  0.440784  0.733393  0.429192  0.336440  0.327497  0.435013 
38  0.495978  0.526662  0.461514  0.592593  0.538803  0.546584  0.548042  0.550529  0.511927  0.552304  0.383940  0.474216  0.370987  0.675789  0.830215  0.635356  0.405175  0.452252  0.672503  0.602904  0.444067  0.418571  0.713009  0.500839  0.499916  0.425482  0.599855  0.582951  0.577661  0.542765  0.538290  0.873614  0.480945  0.750849  0.694139  0.633407  0.570797  0.509376 0.0  0.506964  0.816597  0.580476  0.703407  0.623874  0.584800  0.550689  0.561399  0.648720  0.448711  0.479167  0.642971  0.902168  0.516877  0.957063  0.544500  0.518143  0.420723  0.662894  0.601080  0.894756  0.547064  0.555608  0.403497  0.630114  0.489797  0.468967  0.625037  0.501386  0.440550  0.664794  0.526646  0.418154  0.590526  0.440967  0.509931  0.385878  0.540644  0.493894  0.765928  0.400015  0.528208  0.403714  0.440518  0.440753  0.558423  0.650035  0.539196  0.466219  0.801558  0.434516  0.681979  0.617932  0.867780  0.430683  0.651039  0.636183  0.453036  0.386918  0.640710 
39  0.404004  0.318995  0.636165  0.547629  0.451401  0.377092  0.366977  0.729203  0.291667  0.583745  0.345936  0.436729  0.492372  0.703382  0.750783  0.581152  0.501192  0.491935  0.590907  0.327614  0.685413  0.233872  0.618429  0.455985  0.360690  0.244610  0.578084  0.303982  0.634325  0.639977  0.638046  0.771977  0.561603  0.542792  0.620787  0.355437  0.409183  0.370365  0.506964 0.0  0.786508  0.388793  0.480713  0.641820  0.462830  0.222848  0.334715  0.626768  0.430930  0.445271  0.471755  0.859569  0.570354  0.764519  0.479273  0.408262  0.470404  0.553120  0.480288  0.839160  0.330629  0.363002  0.433408  0.440747  0.467051  0.576018  0.450182  0.192589  0.381223  0.399580  0.476984  0.317994  0.308947  0.503708  0.305678  0.522773  0.356458  0.458884  0.780083  0.422862  0.328847  0.449818  0.400515  0.410387  0.334261  0.604311  0.621041  0.226450  0.571663  0.420838  0.607219  0.456109  0.584855  0.646443  0.741954  0.498781  0.333795  0.404805  0.584686 
