99
0 0.0  0.583932  0.783198  0.411346  0.683080  0.641454  0.798759  0.608127  0.788727  0.770826  0.616281  0.701794  0.642877  0.318696  0.779102  0.710180  0.768084  0.755907  0.744958  0.714222  0.668239  0.639210  0.750991  0.689453  0.738137  0.778675  0.732874  0.559677  0.757638  0.766473  0.737368  0.595332  0.823652  0.671604  0.707216  0.731792  0.304385  0.722660  0.682323  0.622586  0.723526  0.900308  0.811400  0.726850  0.671627  0.871582  0.765784  0.720956  0.716982  0.699664  0.669781  0.648030  0.581479  0.806516  0.781194  0.690449  0.751731  0.537136  0.589083  0.675885  0.706278  0.687307  0.811623  0.702745  0.700275  0.531423  0.579874  0.534377  0.582105  0.594311  0.858651  0.715875  0.699843  0.812841  0.656740  0.776444  0.646387  0.812362  0.657070  0.749481  0.709410  0.888997  0.678772  0.706288  0.639995  0.725386  0.621948  0.551830  0.708688  0.766270  0.645603  0.751034  0.716553  0.697652  0.704974  0.785667  0.713260  0.755497  0.916733 
1  0.583932 0.0  0.514358  0.745063  0.400626  0.518685  0.345675  0.413183  0.782556  0.612540  0.436015  0.580256  0.539200  0.686104  0.495542  0.471145  0.697817  0.913654  0.426402  0.373802  0.420830  0.479109  0.681897  0.450425  0.463862  0.738736  0.546741  0.458291  0.656243  0.524849  0.569443  0.331018  0.338655  0.788111  0.504799  0.746673  0.700912  0.462781  0.503848  0.469655  0.602595  0.467062  0.683405  0.343060  0.607321  0.634728  0.487250  0.609288  0.475779  0.362114  0.553105  0.518802  0.379546  0.772298  0.329336  0.544328  0.437429  0.380618  0.320186  0.434447  0.496116  0.365121  0.706935  0.418034  0.467309  0.427323  0.320589  0.618206  0.319971  0.437491  0.603562  0.752792  0.435649  0.420906  0.365507  0.537514  0.569642  0.590806  0.424260  0.391253  0.476225  0.657150  0.589650  0.766391  0.739827  0.544551  0.510181  0.521472  0.401063  0.682549  0.493370  0.274660  0.507494  0.651221  0.305394  0.395842  0.433623  0.790933  0.821065 
2  0.783198  0.514358 0.0  0.772414  0.563746  0.603157  0.482671  0.558621  0.596210  0.727159  0.465462  0.499138  0.605592  0.743038  0.416587  0.405896  0.493646  0.828815  0.449883  0.633016  0.451403  0.472646  0.399265  0.494951  0.591739  0.726879  0.545092  0.620022  0.607141  0.477160  0.532659  0.520920  0.514420  0.839930  0.402453  0.514108  0.816100  0.540064  0.389660  0.454954  0.494371  0.646511  0.431658  0.437155  0.331482  0.499504  0.414158  0.567854  0.389933  0.612081  0.563883  0.662037  0.712767  0.811633  0.509238  0.433451  0.568328  0.545559  0.470560  0.546683  0.626553  0.414525  0.595333  0.449385  0.486903  0.464655  0.469531  0.768074  0.427895  0.473531  0.605372  0.565907  0.566386  0.386596  0.486319  0.515966  0.682346  0.680454  0.626633  0.404326  0.617002  0.589200  0.494033  0.545470  0.758823  0.383033  0.542571  0.496601  0.473686  0.623923  0.499857  0.536769  0.465305  0.551160  0.587211  0.545053  0.451282  0.662826  0.823741 
3  0.411346  0.745063  0.772414 0.0  0.819793  0.736652  0.750625  0.844539  0.847157  0.828028  0.714030  0.847600  0.540471  0.286718  0.732266  0.692788  0.791227  0.761400  0.699510  0.761207  0.709161  0.710604  0.829568  0.753574  0.828466  0.863476  0.805505  0.568326  0.683559  0.659873  0.726788  0.674417  0.805555  0.789759  0.647514  0.733366  0.452727  0.626471  0.706916  0.661395  0.684733  0.815017  0.808710  0.743970  0.790136  0.696693  0.822568  0.905362  0.785137  0.765066  0.706677  0.579682  0.824476  0.901757  0.739027  0.738876  0.651964  0.685060  0.592249  0.823049  0.884794  0.645580  0.703627  0.826456  0.822610  0.749185  0.735756  0.486672  0.677204  0.685796  0.893628  0.890038  0.807883  0.834022  0.517693  0.695968  0.799624  0.796928  0.725815  0.719938  0.717274  0.818372  0.742618  0.775322  0.830762  0.692002  0.768007  0.816859  0.737016  0.701555  0.768946  0.728246  0.814332  0.663889  0.840033  0.727278  0.832070  0.812710  0.675835 
4  0.683080  0.400626  0.563746  0.819793 0.0  0.522628  0.468967  0.427360  0.701102  0.681485  0.323672  0.653959  0.588767  0.799493  0.446662  0.462956  0.633332  0.650867  0.383184  0.498751  0.448433  0.395206  0.656615  0.335643  0.512498  0.669231  0.636814  0.621660  0.617704  0.412290  0.613126  0.357786  0.367780  0.711197  0.408845  0.707593  0.655175  0.507932  0.603551  0.358003  0.661408  0.523585  0.699181  0.330599  0.452631  0.647216  0.486010  0.719034  0.515146  0.424332  0.577360  0.619155  0.389130  0.748772  0.413687  0.538141  0.424606  0.321082  0.236358  0.362792  0.487019  0.392259  0.629563  0.363857  0.379765  0.378261  0.322038  0.642697  0.373439  0.508185  0.597328  0.651377  0.576560  0.617399  0.335924  0.463624  0.453076  0.571983  0.371021  0.416498  0.682792  0.589950  0.633515  0.703951  0.826620  0.523014  0.504923  0.429320  0.361948  0.585954  0.524990  0.527495  0.424072  0.538683  0.337774  0.331896  0.510647  0.752223  0.800475 
5  0.641454  0.518685  0.603157  0.736652  0.522628 0.0  0.508345  0.514049  0.461906  0.650215  0.636012  0.503762  0.453589  0.735644  0.558281  0.525324  0.566548  0.822132  0.549702  0.449145  0.598374  0.625829  0.628951  0.575424  0.628906  0.625382  0.470553  0.495509  0.412243  0.526787  0.501874  0.456759  0.565249  0.665452  0.536663  0.612316  0.550027  0.573056  0.568558  0.454623  0.532989  0.656984  0.747054  0.453543  0.456632  0.668586  0.554835  0.552506  0.437920  0.488095  0.494029  0.426191  0.639701  0.792554  0.510858  0.355238  0.612541  0.485108  0.530356  0.502355  0.602607  0.630376  0.541239  0.696482  0.581088  0.541375  0.473831  0.665949  0.503071  0.600362  0.620331  0.671269  0.512371  0.505807  0.558079  0.497543  0.486305  0.714303  0.570976  0.550285  0.575398  0.582020  0.624769  0.469571  0.767616  0.348630  0.546240  0.580994  0.499195  0.382712  0.494230  0.591644  0.599526  0.401650  0.571430  0.576080  0.543461  0.614281  0.658699 
6  0.798759  0.345675  0.482671  0.750625  0.468967  0.508345 0.0  0.613191  0.581470  0.732795  0.285279  0.622748  0.561468  0.571604  0.337258  0.630219  0.486812  0.638040  0.387851  0.606844  0.491055  0.295191  0.726638  0.432922  0.441539  0.723044  0.430486  0.366489  0.555022  0.409287  0.646085  0.399463  0.489079  0.909360  0.551618  0.723819  0.770868  0.424810  0.575998  0.481613  0.496607  0.634605  0.480721  0.491730  0.476554  0.693333  0.541143  0.642820  0.429770  0.417123  0.617749  0.506166  0.634084  0.837883  0.431578  0.538513  0.474122  0.483301  0.477780  0.340392  0.458658  0.442012  0.665146  0.395532  0.446426  0.478271  0.408448  0.687870  0.391876  0.519972  0.553275  0.767735  0.516860  0.473069  0.436355  0.344289  0.622259  0.510886  0.350499  0.452508  0.596322  0.714495  0.654160  0.501818  0.644210  0.668697  0.513652  0.501501  0.372812  0.568733  0.577086  0.445375  0.506209  0.561828  0.410360  0.358114  0.351574  0.672623  0.743762 
7  0.608127  0.413183  0.558621  0.844539  0.427360  0.514049  0.613191 0.0  0.524668  0.682642  0.451669  0.514347  0.504533  0.819303  0.564315  0.493776  0.535003  0.701975  0.492620  0.586152  0.695364  0.613268  0.592158  0.540628  0.531630  0.751828  0.518762  0.422194  0.554228  0.580025  0.590604  0.567739  0.544329  0.678683  0.431692  0.612792  0.768872  0.602568  0.448260  0.572593  0.373353  0.661550  0.676548  0.539994  0.556471  0.582864  0.442043  0.546604  0.581448  0.636794  0.586548  0.517683  0.608565  0.790201  0.573403  0.513058  0.658027  0.629547  0.530985  0.563278  0.618042  0.600562  0.553891  0.639651  0.602932  0.495539  0.583894  0.701171  0.569680  0.577662  0.744286  0.627233  0.544265  0.399533  0.528529  0.425292  0.541793  0.644154  0.545722  0.546210  0.406556  0.652716  0.551378  0.510900  0.735485  0.295368  0.552137  0.392375  0.387667  0.531140  0.531946  0.547857  0.515112  0.490461  0.582143  0.520295  0.480923  0.718416  0.784052 
8  0.788727  0.782556  0.596210  0.847157  0.701102  0.461906  0.581470  0.524668 0.0  0.526790  0.567496  0.587727  0.449625  0.855173  0.609705  0.546921  0.436943  0.746408  0.661421  0.628995  0.565976  0.658476  0.489826  0.648419  0.716359  0.662261  0.496612  0.418165  0.301726  0.723991  0.635064  0.582538  0.627619  0.782060  0.520506  0.735814  0.839792  0.627014  0.519456  0.693276  0.573357  0.489626  0.438814  0.655023  0.654153  0.596819  0.545227  0.627504  0.516125  0.646597  0.465114  0.423872  0.621126  0.802312  0.642902  0.511018  0.638063  0.619675  0.552630  0.618235  0.532571  0.531543  0.594345  0.652862  0.620192  0.637841  0.733119  0.809239  0.638820  0.595810  0.578360  0.678884  0.613718  0.428465  0.458022  0.502040  0.604590  0.510035  0.624677  0.595139  0.566277  0.593626  0.560557  0.596179  0.821777  0.606514  0.495368  0.556844  0.733278  0.334339  0.535656  0.603502  0.632874  0.426396  0.606331  0.584229  0.612837  0.739065  0.663945 
9  0.770826  0.612540  0.727159  0.828028  0.681485  0.650215  0.732795  0.682642  0.526790 0.0  0.676177  0.555849  0.504545  0.910156  0.782892  0.695804  0.600972  0.822420  0.568748  0.599786  0.637977  0.681264  0.478142  0.722492  0.685287  0.396228  0.570603  0.594123  0.672678  0.438807  0.622238  0.654076  0.642255  0.905787  0.638410  0.738890  0.776558  0.762269  0.604408  0.686904  0.524648  0.605881  0.714895  0.670442  0.643597  0.611897  0.638742  0.313556  0.659341  0.673246  0.465084  0.639409  0.729201  0.821139  0.588290  0.535442  0.656942  0.628085  0.703289  0.620597  0.586980  0.604904  0.713612  0.637979  0.628775  0.626353  0.714651  0.771080  0.699186  0.619538  0.400183  0.648411  0.726271  0.496044  0.598967  0.645262  0.374907  0.651098  0.756993  0.730910  0.538603  0.384322  0.503547  0.585947  0.892335  0.637173  0.615916  0.598432  0.648956  0.586051  0.512852  0.678597  0.537538  0.771778  0.768324  0.598365  0.663325  0.634532  0.745766 
10  0.616281  0.436015  0.465462  0.714030  0.323672  0.636012  0.285279  0.451669  0.567496  0.676177 0.0  0.696067  0.576822  0.684658  0.500788  0.519275  0.618979  0.706599  0.429010  0.392040  0.491318  0.512348  0.498985  0.382644  0.452584  0.729259  0.508850  0.687896  0.607048  0.341976  0.635495  0.337458  0.349765  0.826254  0.600974  0.585592  0.732612  0.404339  0.549464  0.291069  0.592867  0.699126  0.480621  0.390371  0.502392  0.659920  0.482479  0.753151  0.590035  0.355216  0.485443  0.541779  0.436787  0.838351  0.448935  0.526002  0.349349  0.418201  0.387476  0.426376  0.414562  0.415966  0.624940  0.428620  0.211206  0.394117  0.326971  0.730155  0.514739  0.347525  0.723748  0.639562  0.460039  0.509282  0.420343  0.421114  0.602887  0.559915  0.267811  0.416124  0.630279  0.717141  0.567704  0.712220  0.699249  0.489831  0.512920  0.574031  0.405574  0.643759  0.404277  0.505972  0.359970  0.512662  0.403934  0.406067  0.496451  0.803112  0.866866 
11  0.701794  0.580256  0.499138  0.847600  0.653959  0.503762  0.622748  0.514347  0.587727  0.555849  0.696067 0.0  0.390292  0.828334  0.529960  0.495875  0.590335  0.791970  0.509720  0.810593  0.586574  0.442106  0.484681  0.679043  0.431795  0.423945  0.405180  0.599492  0.651878  0.464927  0.263964  0.614352  0.531995  0.790610  0.595821  0.674535  0.607621  0.507668  0.467840  0.556470  0.566527  0.779237  0.694118  0.565271  0.411579  0.643155  0.417582  0.471212  0.441568  0.597522  0.450073  0.529729  0.674837  0.880110  0.589946  0.476467  0.496899  0.575625  0.631458  0.582838  0.590736  0.555704  0.549290  0.702482  0.665793  0.611160  0.624372  0.590270  0.504408  0.595854  0.545669  0.627359  0.515159  0.459101  0.551952  0.546541  0.515461  0.641310  0.554712  0.564893  0.518974  0.574613  0.278053  0.617119  0.773295  0.371231  0.350289  0.664977  0.640932  0.465402  0.531707  0.409501  0.617651  0.549424  0.490912  0.528809  0.649048  0.542885  0.804626 
12  0.642877  0.539200  0.605592  0.540471  0.588767  0.453589  0.561468  0.504533  0.449625  0.504545  0.576822  0.390292 0.0  0.695845  0.333152  0.549349  0.524726  0.674391  0.701069  0.668718  0.359274  0.380563  0.648283  0.720863  0.644915  0.736056  0.237544  0.480980  0.520753  0.579893  0.532776  0.515704  0.614143  0.633079  0.607505  0.523473  0.723163  0.581363  0.439473  0.449104  0.503931  0.574575  0.558660  0.491508  0.577975  0.613438  0.532256  0.565390  0.351208  0.626605  0.263874  0.396663  0.674158  0.877516  0.432371  0.457614  0.588774  0.636567  0.527970  0.519921  0.566200  0.507791  0.688260  0.520667  0.628810  0.507258  0.586494  0.609619  0.506693  0.546038  0.517731  0.606241  0.567387  0.453715  0.514675  0.515258  0.668003  0.624953  0.588146  0.596668  0.570265  0.641153  0.495110  0.506743  0.821992  0.553408  0.356353  0.551303  0.573413  0.566355  0.583883  0.622726  0.444347  0.368509  0.664358  0.561155  0.668646  0.563734  0.662811 
13  0.318696  0.686104  0.743038  0.286718  0.799493  0.735644  0.571604  0.819303  0.855173  0.910156  0.684658  0.828334  0.695845 0.0  0.498877  0.827212  0.761056  0.666100  0.739027  0.908475  0.741631  0.645031  0.786974  0.744324  0.888706  0.885702  0.680664  0.771547  0.757040  0.800642  0.685626  0.806892  0.830149  0.744560  0.751938  0.831305  0.394889  0.787332  0.647410  0.714763  0.792951  0.797648  0.704885  0.889672  0.838852  0.804144  0.799727  0.790507  0.819282  0.833539  0.712666  0.684410  0.890494  0.720577  0.741319  0.888579  0.824934  0.689071  0.685142  0.702560  0.615376  0.796243  0.817102  0.874522  0.770156  0.692354  0.729960  0.443527  0.763226  0.602603  0.727008  0.807668  0.828763  0.689302  0.722636  0.737264  0.888059  0.850897  0.822473  0.761128  0.737710  0.993353  0.761065  0.757782  0.775228  0.887057  0.708490  0.821032  0.683280  0.791326  0.780806  0.738767  0.726817  0.738225  0.718894  0.621122  0.882696  0.893057  0.602644 
14  0.779102  0.495542  0.416587  0.732266  0.446662  0.558281  0.337258  0.564315  0.609705  0.782892  0.500788  0.529960  0.333152  0.498877 0.0  0.477237  0.532443  0.645230  0.503791  0.534688  0.413119  0.460849  0.406328  0.483158  0.613541  0.587394  0.440386  0.532945  0.448911  0.464545  0.669187  0.579730  0.422707  0.735641  0.450307  0.509389  0.682256  0.462098  0.473949  0.433886  0.500357  0.432463  0.535100  0.493105  0.423143  0.466091  0.469981  0.601400  0.507896  0.450644  0.458527  0.408480  0.617654  0.804919  0.489166  0.475687  0.386371  0.488013  0.517275  0.538992  0.545147  0.371047  0.674215  0.558658  0.375413  0.482879  0.485555  0.643360  0.529787  0.419389  0.557931  0.663380  0.278679  0.391765  0.334921  0.217122  0.748209  0.498624  0.547348  0.382400  0.650468  0.680185  0.479341  0.600706  0.650399  0.705513  0.529155  0.502854  0.465752  0.532490  0.494893  0.496710  0.345669  0.454365  0.398292  0.366703  0.373071  0.614909  0.675820 
15  0.710180  0.471145  0.405896  0.692788  0.462956  0.525324  0.630219  0.493776  0.546921  0.695804  0.519275  0.495875  0.549349  0.827212  0.477237 0.0  0.682600  0.645716  0.531439  0.380771  0.400723  0.527110  0.545678  0.500168  0.555343  0.761998  0.466008  0.535096  0.538746  0.442544  0.530682  0.432100  0.571135  0.735344  0.494776  0.637089  0.691988  0.516599  0.313920  0.424925  0.515131  0.479113  0.499588  0.354401  0.474506  0.486661  0.395270  0.541121  0.239757  0.531535  0.507729  0.633397  0.518773  0.901468  0.519975  0.574893  0.476045  0.511871  0.424468  0.537355  0.446890  0.416965  0.709651  0.566647  0.577225  0.378464  0.517511  0.629833  0.450559  0.424925  0.695212  0.611617  0.501063  0.513420  0.562096  0.436658  0.642146  0.492973  0.425418  0.405894  0.595381  0.696998  0.553681  0.554044  0.835243  0.641554  0.493246  0.490563  0.381451  0.495154  0.421991  0.453924  0.447751  0.527054  0.491484  0.548915  0.573510  0.751467  0.743565 
16  0.768084  0.697817  0.493646  0.791227  0.633332  0.566548  0.486812  0.535003  0.436943  0.600972  0.618979  0.590335  0.524726  0.761056  0.532443  0.682600 0.0  0.799232  0.546232  0.722306  0.554623  0.600378  0.515449  0.550034  0.671055  0.469727  0.566599  0.470130  0.406264  0.498827  0.551639  0.612135  0.657957  0.759157  0.539875  0.648887  0.739698  0.656281  0.577416  0.574938  0.460136  0.557065  0.420002  0.551803  0.493743  0.525379  0.495978  0.636687  0.587348  0.675725  0.601294  0.344145  0.639780  0.820171  0.536757  0.432089  0.601026  0.517161  0.659825  0.629039  0.526929  0.667499  0.597102  0.489680  0.617890  0.512607  0.583554  0.771951  0.589988  0.592025  0.388520  0.700720  0.638541  0.410796  0.639750  0.599549  0.605829  0.525819  0.641760  0.628367  0.561456  0.381186  0.593515  0.374516  0.659420  0.530751  0.519687  0.590736  0.612024  0.451039  0.559691  0.573188  0.525329  0.585820  0.671225  0.542025  0.471024  0.627992  0.800910 
17  0.755907  0.913654  0.828815  0.761400  0.650867  0.822132  0.638040  0.701975  0.746408  0.822420  0.706599  0.791970  0.674391  0.666100  0.645230  0.645716  0.799232 0.0  0.791253  0.746286  0.694525  0.631585  0.772374  0.753282  0.758728  0.983984  0.686155  0.629855  0.797952  0.816578  0.713866  0.806470  0.770354  0.691255  0.773512  0.804488  0.757270  0.768468  0.626380  0.776883  0.773532  0.855349  0.790837  0.715974  0.725170  0.852615  0.802440  0.845952  0.738691  0.828904  0.650337  0.578889  0.862053  0.580258  0.787044  0.670535  0.758794  0.868045  0.866252  0.787700  0.770636  0.797762  0.688000  0.818433  0.770878  0.839277  0.798014  0.806765  0.800810  0.822138  0.694208  0.719063  0.674308  0.779281  0.748735  0.661726  1.000000  0.816878  0.718092  0.691915  0.721082  0.847535  0.721170  0.721562  0.583253  0.719847  0.669386  0.815691  0.780426  0.722854  0.824289  0.819529  0.737793  0.650504  0.832071  0.746268  0.895739  0.631324  0.246967 
18  0.744958  0.426402  0.449883  0.699510  0.383184  0.549702  0.387851  0.492620  0.661421  0.568748  0.429010  0.509720  0.701069  0.739027  0.503791  0.531439  0.546232  0.791253 0.0  0.485151  0.472486  0.480812  0.632942  0.294576  0.359613  0.828537  0.579224  0.474205  0.610169  0.414408  0.609228  0.331103  0.372702  0.819490  0.572050  0.697814  0.718648  0.335158  0.583100  0.312639  0.625763  0.513316  0.646302  0.437190  0.525733  0.553381  0.510747  0.721979  0.380300  0.434046  0.531130  0.731247  0.425520  0.834277  0.303040  0.524083  0.314881  0.318860  0.358322  0.351878  0.340407  0.301697  0.616669  0.445677  0.410612  0.385994  0.394979  0.704335  0.433641  0.332803  0.604288  0.734434  0.502461  0.394857  0.393196  0.549684  0.608518  0.487988  0.465577  0.385509  0.607567  0.672651  0.590162  0.641885  0.657279  0.448601  0.682261  0.535049  0.292869  0.608017  0.547130  0.400928  0.438618  0.486272  0.384165  0.516146  0.492784  0.757599  0.752155 
19  0.714222  0.373802  0.633016  0.761207  0.498751  0.449145  0.606844  0.586152  0.628995  0.599786  0.392040  0.810593  0.668718  0.908475  0.534688  0.380771  0.722306  0.746286  0.485151 0.0  0.381791  0.410998  0.464605  0.461808  0.341677  0.642457  0.713276  0.600247  0.584353  0.527890  0.784739  0.378340  0.259436  0.822242  0.629938  0.638835  0.670623  0.391602  0.532393  0.323273  0.620370  0.558457  0.553461  0.381414  0.536267  0.415518  0.493595  0.594069  0.475720  0.445984  0.524937  0.602705  0.432750  0.785746  0.487891  0.547986  0.504321  0.426757  0.358575  0.382299  0.437720  0.376080  0.722254  0.341293  0.352489  0.492218  0.401018  0.735535  0.324700  0.481243  0.583315  0.684735  0.449626  0.645112  0.519620  0.529672  0.694629  0.438895  0.570841  0.479721  0.597805  0.585234  0.644646  0.606819  0.882067  0.478407  0.625101  0.492371  0.435355  0.686255  0.656598  0.404264  0.500480  0.608735  0.460321  0.483061  0.273424  0.709413  0.907853 
20  0.668239  0.420830  0.451403  0.709161  0.448433  0.598374  0.491055  0.695364  0.565976  0.637977  0.491318  0.586574  0.359274  0.741631  0.413119  0.400723  0.554623  0.694525  0.472486  0.381791 0.0  0.544222  0.518203  0.410878  0.586049  0.687724  0.601613  0.614638  0.601101  0.326167  0.470493  0.414711  0.439733  0.757355  0.520625  0.566532  0.586074  0.423267  0.472144  0.324901  0.474028  0.466227  0.589530  0.449846  0.388095  0.559794  0.355689  0.719635  0.420532  0.557893  0.541249  0.438264  0.430794  0.792787  0.477972  0.477511  0.314101  0.529600  0.504224  0.452996  0.577525  0.489383  0.603485  0.481205  0.482204  0.460567  0.522234  0.629597  0.426587  0.438120  0.621913  0.644280  0.340581  0.607915  0.386309  0.406326  0.679971  0.475916  0.449835  0.522041  0.566660  0.614293  0.633299  0.584717  0.728471  0.603044  0.529069  0.588856  0.515480  0.536302  0.443359  0.386723  0.456724  0.566413  0.376974  0.345011  0.401138  0.520262  0.811733 
21  0.639210  0.479109  0.472646  0.710604  0.395206  0.625829  0.295191  0.613268  0.658476  0.681264  0.512348  0.442106  0.380563  0.645031  0.460849  0.527110  0.600378  0.631585  0.480812  0.410998  0.544222 0.0  0.536566  0.471319  0.496795  0.791070  0.418541  0.568969  0.621573  0.448410  0.592491  0.440941  0.408006  0.817166  0.465571  0.573654  0.663993  0.415469  0.441656  0.389004  0.693446  0.523449  0.562518  0.413325  0.510525  0.549740  0.498910  0.764203  0.440908  0.301293  0.631555  0.496337  0.367216  0.694274  0.531788  0.477931  0.408363  0.389913  0.374847  0.359608  0.398068  0.369590  0.532545  0.502163  0.548650  0.434900  0.478435  0.654385  0.406840  0.505566  0.531900  0.756443  0.360707  0.566018  0.336152  0.367996  0.846045  0.543922  0.380828  0.270894  0.674948  0.608667  0.573533  0.646119  0.658608  0.660632  0.632678  0.639663  0.403650  0.424692  0.519904  0.345568  0.474505  0.517018  0.399323  0.403064  0.480696  0.763002  0.747269 
22  0.750991  0.681897  0.399265  0.829568  0.656615  0.628951  0.726638  0.592158  0.489826  0.478142  0.498985  0.484681  0.648283  0.786974  0.406328  0.545678  0.515449  0.772374  0.632942  0.464605  0.518203  0.536566 0.0  0.556081  0.615546  0.478551  0.698498  0.571869  0.621955  0.572979  0.566038  0.652453  0.575256  0.747902  0.483475  0.536445  0.833817  0.536476  0.249725  0.565799  0.529274  0.403446  0.443384  0.577516  0.383384  0.599622  0.386761  0.523249  0.427093  0.656091  0.600218  0.557117  0.561355  0.655562  0.671345  0.404618  0.605240  0.594240  0.635127  0.566277  0.529139  0.549796  0.569127  0.578802  0.643289  0.580831  0.475885  0.692794  0.497198  0.524474  0.773657  0.664474  0.466676  0.466974  0.456944  0.449924  0.647426  0.485339  0.678595  0.515849  0.562213  0.534816  0.630483  0.606847  0.882457  0.480582  0.474172  0.738466  0.646967  0.560704  0.518226  0.501375  0.491162  0.668233  0.553395  0.589610  0.600787  0.495685  0.827256 
23  0.689453  0.450425  0.494951  0.753574  0.335643  0.575424  0.432922  0.540628  0.648419  0.722492  0.382644  0.679043  0.720863  0.744324  0.483158  0.500168  0.550034  0.753282  0.294576  0.461808  0.410878  0.471319  0.556081 0.0  0.352257  0.628383  0.492806  0.511857  0.732256  0.425750  0.608281  0.311764  0.499362  0.769442  0.556425  0.614507  0.667827  0.300676  0.491726  0.358521  0.657202  0.642332  0.521354  0.319806  0.620387  0.629743  0.523635  0.574548  0.490606  0.412065  0.576005  0.541873  0.232310  0.733726  0.306551  0.540062  0.402017  0.381835  0.377301  0.377297  0.559562  0.383878  0.732452  0.477444  0.340535  0.341494  0.298398  0.692315  0.394304  0.365802  0.709647  0.590532  0.392115  0.567709  0.512049  0.383589  0.649347  0.628198  0.342837  0.441217  0.597050  0.713768  0.509877  0.643197  0.748964  0.681401  0.565055  0.496040  0.363325  0.589139  0.550202  0.402941  0.498774  0.510986  0.361001  0.476387  0.448389  0.705174  0.694732 
24  0.738137  0.463862  0.591739  0.828466  0.512498  0.628906  0.441539  0.531630  0.716359  0.685287  0.452584  0.431795  0.644915  0.888706  0.613541  0.555343  0.671055  0.758728  0.359613  0.341677  0.586049  0.496795  0.615546  0.352257 0.0  0.573718  0.517301  0.652504  0.624136  0.481055  0.549201  0.450591  0.495410  0.816367  0.511059  0.723782  0.699895  0.473640  0.560109  0.524691  0.653992  0.519771  0.469149  0.495956  0.631540  0.559036  0.659661  0.664145  0.666657  0.474904  0.676492  0.572105  0.446371  0.926898  0.331308  0.629658  0.360473  0.317831  0.311409  0.388546  0.471867  0.425732  0.683077  0.350103  0.432439  0.380754  0.490167  0.678867  0.411891  0.358660  0.568258  0.695366  0.518708  0.550187  0.487171  0.593539  0.522413  0.562850  0.483268  0.483825  0.640528  0.592013  0.583112  0.553455  0.756389  0.614884  0.584531  0.649565  0.412009  0.552333  0.625509  0.411732  0.563806  0.570537  0.415362  0.641333  0.476007  0.707247  0.763891 
25  0.778675  0.738736  0.726879  0.863476  0.669231  0.625382  0.723044  0.751828  0.662261  0.396228  0.729259  0.423945  0.736056  0.885702  0.587394  0.761998  0.469727  0.983984  0.828537  0.642457  0.687724  0.791070  0.478551  0.628383  0.573718 0.0  0.705533  0.709247  0.678127  0.576379  0.506424  0.715231  0.676863  0.914430  0.748442  0.668005  0.821953  0.626463  0.728476  0.617182  0.568030  0.734843  0.577152  0.690678  0.555749  0.560864  0.572455  0.277147  0.653345  0.709119  0.402090  0.585121  0.625726  0.864401  0.687639  0.539441  0.604218  0.568345  0.643499  0.610020  0.635140  0.647932  0.640110  0.573125  0.678260  0.721326  0.634068  0.673857  0.669097  0.612143  0.409439  0.692803  0.577595  0.579507  0.654380  0.710709  0.321318  0.810090  0.624169  0.747379  0.541941  0.409356  0.387815  0.634837  0.902739  0.629931  0.515947  0.773350  0.697561  0.770596  0.509816  0.566701  0.648686  0.632899  0.529878  0.631961  0.652201  0.622537  0.857957 
26  0.732874  0.546741  0.545092  0.805505  0.636814  0.470553  0.430486  0.518762  0.496612  0.570603  0.508850  0.405180  0.237544  0.680664  0.440386  0.466008  0.566599  0.686155  0.579224  0.713276  0.601613  0.418541  0.698498  0.492806  0.517301  0.705533 0.0  0.467511  0.502576  0.586498  0.421947  0.573639  0.561372  0.752461  0.605837  0.633198  0.670764  0.607364  0.525625  0.593833  0.513994  0.617547  0.500098  0.615814  0.519632  0.605793  0.536062  0.536859  0.496641  0.617087  0.497080  0.468951  0.568861  0.772716  0.591752  0.441724  0.530914  0.557294  0.510165  0.567600  0.602416  0.577145  0.665905  0.632994  0.608934  0.612199  0.563715  0.738174  0.527047  0.586246  0.466906  0.659820  0.499369  0.514600  0.413165  0.450011  0.619057  0.522447  0.711951  0.650857  0.512833  0.513259  0.453286  0.479841  0.629683  0.629945  0.193935  0.722138  0.595338  0.360489  0.344006  0.620147  0.595839  0.562727  0.608589  0.554870  0.569664  0.706091  0.640990 
27  0.559677  0.458291  0.620022  0.568326  0.621660  0.495509  0.366489  0.422194  0.418165  0.594123  0.687896  0.599492  0.480980  0.771547  0.532945  0.535096  0.470130  0.629855  0.474205  0.600247  0.614638  0.568969  0.571869  0.511857  0.652504  0.709247  0.467511 0.0  0.343951  0.654609  0.434445  0.524685  0.611628  0.794895  0.333523  0.478882  0.746643  0.464612  0.459384  0.484256  0.461991  0.452331  0.620630  0.654431  0.534680  0.478420  0.512900  0.725253  0.560369  0.708510  0.537444  0.424591  0.683780  0.680065  0.603589  0.478002  0.624780  0.596939  0.517816  0.595953  0.581800  0.466921  0.639412  0.584331  0.566967  0.480866  0.558398  0.752652  0.581151  0.551399  0.600518  0.734872  0.559997  0.480935  0.425141  0.380350  0.623519  0.539802  0.636413  0.647093  0.481908  0.603792  0.554167  0.446773  0.615251  0.518086  0.509518  0.401452  0.652413  0.462369  0.428438  0.577610  0.553061  0.307588  0.585176  0.434006  0.605731  0.571453  0.754427 
28  0.757638  0.656243  0.607141  0.683559  0.617704  0.412243  0.555022  0.554228  0.301726  0.672678  0.607048  0.651878  0.520753  0.757040  0.448911  0.538746  0.406264  0.797952  0.610169  0.584353  0.601101  0.621573  0.621955  0.732256  0.624136  0.678127  0.502576  0.343951 0.0  0.615224  0.622457  0.723966  0.687998  0.765571  0.551472  0.648765  0.818907  0.629856  0.531084  0.511893  0.506024  0.664165  0.495380  0.647162  0.619767  0.591481  0.522166  0.551245  0.409919  0.582764  0.354087  0.420973  0.684294  0.814314  0.619210  0.467687  0.570365  0.599641  0.720903  0.625827  0.622669  0.667864  0.755616  0.624502  0.562902  0.601220  0.701098  0.796135  0.637742  0.693887  0.525877  0.706330  0.741254  0.454089  0.592721  0.564624  0.583837  0.524628  0.609794  0.542275  0.508730  0.603990  0.579151  0.410591  0.683862  0.469666  0.520321  0.517647  0.678996  0.316965  0.587858  0.535329  0.520635  0.512430  0.711285  0.533174  0.647987  0.673525  0.862572 
29  0.766473  0.524849  0.477160  0.659873  0.412290  0.526787  0.409287  0.580025  0.723991  0.438807  0.341976  0.464927  0.579893  0.800642  0.464545  0.442544  0.498827  0.816578  0.414408  0.527890  0.326167  0.448410  0.572979  0.425750  0.481055  0.576379  0.586498  0.654609  0.615224 0.0  0.463642  0.445994  0.493496  0.801232  0.424780  0.601400  0.763929  0.566775  0.340084  0.399827  0.475637  0.548849  0.586107  0.453870  0.543034  0.617147  0.504253  0.618631  0.348999  0.357250  0.504762  0.605266  0.433612  0.803814  0.485525  0.445599  0.439655  0.569481  0.451452  0.600580  0.427773  0.410717  0.532863  0.432680  0.514092  0.448415  0.499238  0.792476  0.512910  0.413411  0.674982  0.683921  0.372413  0.451040  0.451698  0.348398  0.722340  0.569992  0.474035  0.418245  0.476937  0.614144  0.399723  0.542283  0.771844  0.483841  0.494129  0.603560  0.431930  0.478288  0.418464  0.363522  0.351043  0.539749  0.418040  0.523701  0.467215  0.662744  0.773931 
30  0.737368  0.569443  0.532659  0.726788  0.613126  0.501874  0.646085  0.590604  0.635064  0.622238  0.635495  0.263964  0.532776  0.685626  0.669187  0.530682  0.551639  0.713866  0.609228  0.784739  0.470493  0.592491  0.566038  0.608281  0.549201  0.506424  0.421947  0.434445  0.622457  0.463642 0.0  0.517530  0.540689  0.780121  0.529483  0.546152  0.695056  0.668576  0.542090  0.440412  0.568968  0.634026  0.697640  0.479114  0.501389  0.670504  0.488390  0.477943  0.337070  0.629707  0.356395  0.532648  0.667733  0.823341  0.675883  0.465929  0.554846  0.656418  0.589221  0.624620  0.519677  0.646728  0.509316  0.707856  0.620062  0.632340  0.664375  0.770366  0.633217  0.601212  0.595395  0.727088  0.662174  0.383160  0.576843  0.582718  0.537758  0.549736  0.587073  0.612997  0.582966  0.436677  0.363218  0.597109  0.746884  0.483961  0.340810  0.638381  0.580879  0.423701  0.464731  0.524316  0.528950  0.574913  0.627066  0.524565  0.703705  0.580211  0.865081 
31  0.595332  0.331018  0.520920  0.674417  0.357786  0.456759  0.399463  0.567739  0.582538  0.654076  0.337458  0.614352  0.515704  0.806892  0.579730  0.432100  0.612135  0.806470  0.331103  0.378340  0.414711  0.440941  0.652453  0.311764  0.450591  0.715231  0.573639  0.524685  0.723966  0.445994  0.517530 0.0  0.339793  0.817941  0.622569  0.603114  0.628362  0.328531  0.368310  0.331723  0.556694  0.504644  0.498612  0.302558  0.410678  0.467762  0.478634  0.735982  0.417090  0.323053  0.499977  0.528864  0.385198  0.702376  0.301342  0.465455  0.481504  0.362864  0.323474  0.361765  0.461446  0.390106  0.632804  0.543807  0.309835  0.369784  0.278462  0.678685  0.425277  0.501733  0.626096  0.732246  0.303115  0.419867  0.289086  0.328792  0.562640  0.484198  0.452295  0.430437  0.576515  0.518147  0.586247  0.545970  0.762331  0.585341  0.494003  0.424929  0.433115  0.565598  0.521631  0.329827  0.361052  0.547010  0.396825  0.434232  0.335037  0.584087  0.817369 
32  0.823652  0.338655  0.514420  0.805555  0.367780  0.565249  0.489079  0.544329  0.627619  0.642255  0.349765  0.531995  0.614143  0.830149  0.422707  0.571135  0.657957  0.770354  0.372702  0.259436  0.439733  0.408006  0.575256  0.499362  0.495410  0.676863  0.561372  0.611628  0.687998  0.493496  0.540689  0.339793 0.0  0.805821  0.614252  0.735204  0.681917  0.472960  0.582576  0.386433  0.745844  0.578565  0.442879  0.317420  0.525523  0.581145  0.550702  0.655584  0.571737  0.367040  0.554050  0.626857  0.317297  0.862883  0.562556  0.575572  0.563202  0.481028  0.513003  0.486730  0.386644  0.587402  0.651804  0.436308  0.496008  0.361454  0.565573  0.623942  0.380422  0.479797  0.539431  0.768347  0.336088  0.637607  0.436520  0.537386  0.606926  0.538793  0.583865  0.320603  0.526624  0.619185  0.604156  0.611301  0.742201  0.698543  0.666554  0.578242  0.458230  0.692672  0.621157  0.296036  0.414681  0.579600  0.391076  0.544399  0.485371  0.822768  0.878747 
33  0.671604  0.788111  0.839930  0.789759  0.711197  0.665452  0.909360  0.678683  0.782060  0.905787  0.826254  0.790610  0.633079  0.744560  0.735641  0.735344  0.759157  0.691255  0.819490  0.822242  0.757355  0.817166  0.747902  0.769442  0.816367  0.914430  0.752461  0.794895  0.765571  0.801232  0.780121  0.817941  0.805821 0.0  0.667364  0.855996  0.702298  0.844661  0.717633  0.764462  0.741962  0.874742  0.875548  0.708898  0.656052  0.837066  0.809546  0.844476  0.801575  0.847662  0.859438  0.708627  0.724183  0.372506  0.766613  0.706744  0.745296  0.879011  0.736088  0.870092  0.845693  0.786587  0.634275  0.790084  0.792733  0.790856  0.674724  0.651080  0.740098  0.657019  0.961230  0.699741  0.730581  0.599819  0.723262  0.786449  0.914253  0.752659  0.711921  0.740255  0.830983  0.786358  0.874297  0.818802  0.441310  0.647188  0.666824  0.688677  0.816690  0.686896  0.623798  0.806038  0.886467  0.706759  0.713976  0.750050  0.834374  0.565891  0.546790 
34  0.707216  0.504799  0.402453  0.647514  0.408845  0.536663  0.551618  0.431692  0.520506  0.638410  0.600974  0.595821  0.607505  0.751938  0.450307  0.494776  0.539875  0.773512  0.572050  0.629938  0.520625  0.465571  0.483475  0.556425  0.511059  0.748442  0.605837  0.333523  0.551472  0.424780  0.529483  0.622569  0.614252  0.667364 0.0  0.626317  0.688030  0.492125  0.449678  0.549110  0.354696  0.652965  0.622801  0.620969  0.440060  0.574507  0.537940  0.598754  0.422866  0.562286  0.377070  0.544012  0.577365  0.824310  0.646675  0.446202  0.560387  0.507244  0.500930  0.564461  0.450842  0.443440  0.524419  0.643958  0.528369  0.589894  0.638379  0.685927  0.488528  0.478311  0.663166  0.761858  0.461519  0.385447  0.518234  0.706995  0.717750  0.620907  0.595591  0.463191  0.559766  0.682878  0.500109  0.599558  0.760714  0.420990  0.494911  0.538468  0.571120  0.592512  0.409352  0.574321  0.587595  0.287078  0.533753  0.541220  0.441910  0.689013  0.663533 
35  0.731792  0.746673  0.514108  0.733366  0.707593  0.612316  0.723819  0.612792  0.735814  0.738890  0.585592  0.674535  0.523473  0.831305  0.509389  0.637089  0.648887  0.804488  0.697814  0.638835  0.566532  0.573654  0.536445  0.614507  0.723782  0.668005  0.633198  0.478882  0.648765  0.601400  0.546152  0.603114  0.735204  0.855996  0.626317 0.0  0.737128  0.667680  0.467126  0.593289  0.501490  0.783508  0.658222  0.700441  0.495566  0.674888  0.570209  0.742174  0.598739  0.654377  0.544846  0.657516  0.707186  0.836046  0.714125  0.496954  0.692638  0.650642  0.674558  0.601388  0.622361  0.748544  0.458681  0.629386  0.614472  0.662336  0.719479  0.770668  0.630581  0.663345  0.716183  0.598487  0.537448  0.489444  0.491470  0.574087  0.799696  0.691127  0.575614  0.603581  0.612556  0.618982  0.590220  0.690037  0.773437  0.578346  0.609572  0.728677  0.643773  0.501606  0.397394  0.635639  0.539927  0.707368  0.665920  0.653414  0.646400  0.599831  0.745255 
36  0.304385  0.700912  0.816100  0.452727  0.655175  0.550027  0.770868  0.768872  0.839792  0.776558  0.732612  0.607621  0.723163  0.394889  0.682256  0.691988  0.739698  0.757270  0.718648  0.670623  0.586074  0.663993  0.833817  0.667827  0.699895  0.821953  0.670764  0.746643  0.818907  0.763929  0.695056  0.628362  0.681917  0.702298  0.688030  0.737128 0.0  0.657049  0.555228  0.590980  0.714305  0.813555  0.828174  0.751065  0.664781  0.854108  0.754901  0.807154  0.789509  0.649756  0.639433  0.656248  0.646718  0.826123  0.603086  0.689490  0.644043  0.652646  0.674927  0.608971  0.710056  0.688944  0.833469  0.598672  0.698734  0.709287  0.596365  0.378889  0.577957  0.654435  0.785626  0.707187  0.688761  0.760663  0.716400  0.654808  0.714928  0.850497  0.731935  0.737896  0.724044  0.882547  0.765909  0.750011  0.694490  0.770194  0.734302  0.739996  0.588228  0.741435  0.666146  0.655644  0.779794  0.746102  0.640480  0.681720  0.593439  0.737992  0.666335 
37  0.722660  0.462781  0.540064  0.626471  0.507932  0.573056  0.424810  0.602568  0.627014  0.762269  0.404339  0.507668  0.581363  0.787332  0.462098  0.516599  0.656281  0.768468  0.335158  0.391602  0.423267  0.415469  0.536476  0.300676  0.473640  0.626463  0.607364  0.464612  0.629856  0.566775  0.668576  0.328531  0.472960  0.844661  0.492125  0.667680  0.657049 0.0  0.376362  0.408376  0.636560  0.521732  0.586339  0.460654  0.453751  0.582051  0.510441  0.635971  0.434372  0.371699  0.511328  0.645996  0.395201  0.808754  0.373005  0.546328  0.364108  0.433552  0.307005  0.413736  0.382317  0.387227  0.704143  0.473623  0.404517  0.405492  0.355302  0.649959  0.379351  0.423438  0.589000  0.693019  0.487526  0.629594  0.387722  0.416475  0.558569  0.419029  0.445180  0.499640  0.647742  0.617000  0.546012  0.537641  0.861634  0.555831  0.524992  0.611146  0.371313  0.602366  0.611270  0.427981  0.562268  0.541960  0.421972  0.422458  0.486803  0.659033  0.848451 
38  0.682323  0.503848  0.389660  0.706916  0.603551  0.568558  0.575998  0.448260  0.519456  0.604408  0.549464  0.467840  0.439473  0.647410  0.473949  0.313920  0.577416  0.626380  0.583100  0.532393  0.472144  0.441656  0.249725  0.491726  0.560109  0.728476  0.525625  0.459384  0.531084  0.340084  0.542090  0.368310  0.582576  0.717633  0.449678  0.467126  0.555228  0.376362 0.0  0.541671  0.501435  0.586101  0.506020  0.434954  0.289710  0.670845  0.276767  0.624328  0.447624  0.362721  0.498800  0.598762  0.620140  0.691814  0.514389  0.412158  0.388699  0.378275  0.526123  0.437773  0.555875  0.503546  0.540806  0.497050  0.484060  0.424939  0.478416  0.751064  0.487812  0.558615  0.649751  0.741418  0.453801  0.449447  0.501927  0.477984  0.619202  0.584585  0.520766  0.512247  0.570511  0.638811  0.551067  0.542243  0.831853  0.390661  0.458273  0.578940  0.528710  0.537726  0.531695  0.478221  0.323052  0.573504  0.487034  0.465130  0.542666  0.554834  0.728046 
39  0.622586  0.469655  0.454954  0.661395  0.358003  0.454623  0.481613  0.572593  0.693276  0.686904  0.291069  0.556470  0.449104  0.714763  0.433886  0.424925  0.574938  0.776883  0.312639  0.323273  0.324901  0.389004  0.565799  0.358521  0.524691  0.617182  0.593833  0.484256  0.511893  0.399827  0.440412  0.331723  0.386433  0.764462  0.549110  0.593289  0.590980  0.408376  0.541671 0.0  0.554691  0.516385  0.541239  0.310053  0.415428  0.556932  0.463037  0.660028  0.380741  0.461559  0.496156  0.526601  0.370823  0.725411  0.330183  0.521345  0.391950  0.356794  0.460632  0.430064  0.590471  0.452317  0.643239  0.425699  0.515278  0.390163  0.353044  0.634553  0.429055  0.325750  0.625947  0.640548  0.279567  0.486921  0.362629  0.427303  0.621257  0.487749  0.418207  0.513251  0.591076  0.651308  0.591278  0.674975  0.743041  0.571006  0.426140  0.391720  0.491553  0.621988  0.468277  0.457502  0.481645  0.564543  0.470877  0.474094  0.401723  0.701715  0.721011 
