99
0 0.0  0.670545  0.479104  0.692462  0.640487  0.772041  0.742317  0.756809  0.813461  0.951559  0.544342  0.556033  0.713043  0.398702  0.532152  0.735954  0.574206  0.579083  0.845420  0.610285  0.658236  0.729723  0.960753  0.588884  0.647955  0.584718  0.564886  0.766118  0.820117  0.594254  0.559436  0.684545  0.669190  0.677164  0.516837  0.546251  0.579840  0.786324  0.699715  0.603904  0.730752  0.467920  0.321202  0.550278  0.403390  0.608458  0.709772  0.656122  0.570370  0.554640  0.693686  0.589933  0.790477  0.493913  0.718593  0.838176  0.519051  0.532763  0.740512  0.650600  0.596200  0.583806  0.760374  0.606688  0.754577  0.622498  0.743226  0.711087  0.654405  0.527952  0.590280  0.592707  0.644160  0.480646  0.646370  0.576898  0.723352  0.703318  0.359122  0.512556  0.674898  0.611506  0.665444  0.630841  0.670478  0.656566  0.650474  0.514724  0.859480  0.628985  1.000000  0.663065  0.657230  0.663214  0.387320  0.663321  0.626711  0.591140  0.599959 
1  0.670545 0.0  0.428802  0.376002  0.446069  0.681008  0.591887  0.330642  0.699229  0.634635  0.390905  0.589321  0.413734  0.569589  0.456800  0.481343  0.243022  0.453851  0.766539  0.498489  0.350024  0.643977  0.681284  0.506111  0.551983  0.308252  0.593344  0.343979  0.776927  0.420812  0.424710  0.479485  0.577233  0.431230  0.528414  0.555918  0.476788  0.737175  0.516866  0.418166  0.365759  0.563713  0.566412  0.493130  0.621507  0.424964  0.401504  0.322711  0.441485  0.544814  0.631288  0.553173  0.664810  0.480024  0.519953  0.662496  0.463170  0.635134  0.483987  0.588895  0.314316  0.461492  0.529825  0.414884  0.370194  0.440184  0.363005  0.463404  0.372316  0.389478  0.364967  0.579074  0.431846  0.490118  0.437003  0.608820  0.552551  0.424708  0.556597  0.436388  0.374531  0.385776  0.486336  0.413584  0.350510  0.675814  0.372427  0.582736  0.638803  0.405771  0.718062  0.385406  0.628444  0.434332  0.469684  0.438275  0.420485  0.388007  0.385301 
2  0.479104  0.428802 0.0  0.552258  0.390770  0.773361  0.636038  0.552971  0.751035  0.734574  0.502340  0.670748  0.630229  0.591453  0.431756  0.557555  0.409578  0.456975  0.877182  0.612107  0.462556  0.701757  0.795555  0.635938  0.534892  0.285410  0.619335  0.424556  0.861671  0.485691  0.508048  0.416656  0.652972  0.487759  0.560021  0.549814  0.624997  0.824540  0.679170  0.527601  0.377396  0.476630  0.486041  0.485784  0.584586  0.549463  0.434736  0.435512  0.638839  0.646775  0.504927  0.545039  0.819656  0.429919  0.653637  0.806396  0.395073  0.660982  0.443183  0.640788  0.336181  0.492505  0.548261  0.483378  0.536708  0.435389  0.458999  0.552705  0.381318  0.438832  0.447928  0.503257  0.514374  0.499565  0.340957  0.626361  0.453305  0.504473  0.637651  0.494278  0.456356  0.457674  0.574766  0.523352  0.534853  0.612039  0.475826  0.639751  0.700046  0.383033  0.833213  0.511611  0.611938  0.505547  0.636373  0.540170  0.477437  0.619182  0.525709 
3  0.692462  0.376002  0.552258 0.0  0.387956  0.615241  0.492882  0.472335  0.626105  0.822385  0.478673  0.584455  0.535876  0.596951  0.361763  0.449751  0.471089  0.696248  0.801650  0.487515  0.347863  0.732053  0.806513  0.626885  0.543299  0.314555  0.508974  0.477077  0.697144  0.491187  0.231190  0.346084  0.572363  0.334336  0.549328  0.583303  0.522549  0.731844  0.468390  0.261705  0.370046  0.659775  0.655151  0.353142  0.603132  0.263796  0.323808  0.336234  0.514430  0.652514  0.576131  0.500793  0.737540  0.476220  0.396456  0.730231  0.605429  0.649949  0.450322  0.566812  0.325013  0.439106  0.613478  0.364377  0.356804  0.479771  0.352002  0.438742  0.458826  0.395341  0.451681  0.535959  0.314343  0.424267  0.375867  0.701115  0.343891  0.296383  0.666501  0.495494  0.391912  0.439877  0.453167  0.338577  0.271013  0.577234  0.372639  0.690877  0.465651  0.393352  0.723558  0.328105  0.685034  0.294712  0.502798  0.443882  0.255453  0.445499  0.320121 
4  0.640487  0.446069  0.390770  0.387956 0.0  0.671802  0.671555  0.498336  0.786423  0.858431  0.395723  0.598182  0.691616  0.645989  0.395239  0.667293  0.359725  0.640173  0.717686  0.599964  0.448828  0.624988  0.794026  0.587442  0.490101  0.592374  0.584190  0.424499  0.843546  0.556860  0.437921  0.364927  0.639704  0.364834  0.576514  0.436211  0.602030  0.812313  0.502204  0.421532  0.456281  0.409631  0.599881  0.435356  0.492238  0.468612  0.531004  0.466519  0.490192  0.535687  0.351682  0.455509  0.777746  0.461295  0.570222  0.815195  0.420130  0.596956  0.445925  0.595290  0.414566  0.574837  0.638981  0.397894  0.406845  0.414836  0.432197  0.415208  0.482825  0.396883  0.490033  0.458702  0.604865  0.392583  0.388636  0.597098  0.471921  0.378489  0.499710  0.584389  0.402455  0.402708  0.560510  0.371972  0.408169  0.810025  0.502599  0.638278  0.607982  0.446765  0.751564  0.387019  0.623248  0.496742  0.604431  0.469726  0.502641  0.452452  0.433725 
5  0.772041  0.681008  0.773361  0.615241  0.671802 0.0  0.621393  0.601664  0.349358  0.654738  0.711217  0.768073  0.616153  0.654818  0.769926  0.832457  0.737390  0.674394  0.591383  0.840954  0.711802  0.226293  0.575859  0.798719  0.700296  0.682926  0.698343  0.708229  0.629532  0.677678  0.478579  0.697539  0.831788  0.585808  0.710352  0.793040  0.653554  0.707141  0.668385  0.743757  0.709397  0.674941  0.812533  0.715824  0.729163  0.669689  0.618963  0.624862  0.690490  0.630008  0.741947  0.613069  0.344414  0.658612  0.693898  0.621810  0.741801  0.658749  0.543366  0.591840  0.712076  0.672366  0.627105  0.720964  0.752537  0.695286  0.543368  0.710314  0.580462  0.617292  0.737967  0.697116  0.590014  0.566366  0.699071  0.735570  0.620710  0.629436  0.796929  0.636100  0.590844  0.549149  0.564620  0.667698  0.608223  0.530031  0.701824  0.619886  0.702270  0.717937  0.685063  0.633262  0.620073  0.682097  0.662967  0.713337  0.582471  0.663418  0.630088 
6  0.742317  0.591887  0.636038  0.492882  0.671555  0.621393 0.0  0.455251  0.656380  0.671233  0.602241  0.447639  0.563386  0.596812  0.555088  0.280207  0.444786  0.453732  0.742007  0.479697  0.649332  0.697129  0.717516  0.383547  0.518084  0.517838  0.369654  0.484071  0.697001  0.530247  0.597787  0.516841  0.500795  0.517269  0.543801  0.538891  0.530665  0.714219  0.454757  0.546912  0.470442  0.606802  0.681729  0.646665  0.693661  0.423082  0.531989  0.647461  0.464520  0.465213  0.699040  0.276918  0.818128  0.516240  0.380296  0.748883  0.531760  0.444380  0.510857  0.495079  0.523085  0.444511  0.618758  0.544966  0.548565  0.582943  0.446681  0.424602  0.447531  0.541453  0.624393  0.466315  0.474955  0.505888  0.537960  0.655953  0.493572  0.498862  0.635336  0.578923  0.403730  0.418027  0.377313  0.556294  0.484111  0.548933  0.413179  0.470264  0.618063  0.521697  0.651655  0.518563  0.502318  0.534486  0.444722  0.435039  0.491464  0.523838  0.502593 
7  0.756809  0.330642  0.552971  0.472335  0.498336  0.601664  0.455251 0.0  0.614924  0.755502  0.460969  0.627995  0.507208  0.680117  0.485700  0.540360  0.413039  0.486963  0.748088  0.519011  0.443648  0.601675  0.600444  0.624003  0.563461  0.266319  0.616221  0.393618  0.744002  0.489180  0.347897  0.502771  0.363561  0.233197  0.478598  0.557356  0.441920  0.717774  0.520897  0.454709  0.394367  0.636939  0.727115  0.487079  0.629339  0.415112  0.439126  0.417721  0.551546  0.550660  0.660729  0.428045  0.664623  0.383900  0.571204  0.575240  0.645533  0.664790  0.344089  0.582047  0.493409  0.585758  0.428515  0.414686  0.430198  0.404288  0.372443  0.365316  0.427078  0.269828  0.348656  0.490246  0.387139  0.479520  0.406902  0.669805  0.305002  0.346808  0.636989  0.519570  0.256220  0.379545  0.613969  0.465953  0.441329  0.734303  0.351529  0.473992  0.594527  0.376222  0.705273  0.289191  0.654229  0.405277  0.368022  0.286084  0.401393  0.395188  0.366925 
8  0.813461  0.699229  0.751035  0.626105  0.786423  0.349358  0.656380  0.614924 0.0  0.547488  0.779862  0.612988  0.651074  0.783474  0.764709  0.631869  0.727949  0.677662  0.822445  0.715459  0.531506  0.379088  0.591798  0.674344  0.842429  0.678981  0.656720  0.785154  0.740938  0.676777  0.643297  0.682762  0.694440  0.603259  0.711835  0.704797  0.677210  0.666877  0.693172  0.729246  0.577110  0.769263  0.753981  0.716073  0.657855  0.528983  0.629379  0.754155  0.649006  0.751594  0.677799  0.556590  0.423187  0.649078  0.644958  0.776889  0.846330  0.701492  0.710113  0.627689  0.610487  0.811197  0.877355  0.655157  0.607652  0.717568  0.604110  0.627991  0.673386  0.567562  0.655688  0.752341  0.735621  0.637157  0.612148  0.929206  0.658164  0.632763  0.850601  0.671275  0.674521  0.757827  0.592796  0.615704  0.620876  0.645409  0.682089  0.684610  0.653230  0.706632  0.693007  0.693452  0.688074  0.590485  0.586638  0.623834  0.510403  0.704049  0.714407 
9  0.951559  0.634635  0.734574  0.822385  0.858431  0.654738  0.671233  0.755502  0.547488 0.0  0.789950  0.804408  0.703264  0.851225  0.817082  0.635272  0.830935  0.711360  0.575770  0.735781  0.745235  0.700625  0.286911  0.725675  0.858311  0.798845  0.771768  0.769989  0.545201  0.803451  0.702228  0.766875  0.657860  0.548372  0.698151  0.855788  0.694183  0.415909  0.770390  0.719876  0.738659  0.774758  0.820869  0.845810  0.835027  0.720869  0.832791  0.778001  0.695777  0.695375  0.796997  0.641935  0.700288  0.721043  0.753538  0.377797  0.780772  0.708295  0.680279  0.720706  0.701026  0.705268  0.572518  0.744451  0.790264  0.749196  0.672879  0.635809  0.743187  0.634491  0.778001  0.765334  0.729512  0.807492  0.783965  0.854059  0.800456  0.649310  0.828762  0.808897  0.721060  0.734060  0.664406  0.838595  0.871355  0.771052  0.746380  0.645841  0.763482  0.695134  0.396306  0.596625  0.706862  0.778196  0.675047  0.752710  0.765805  0.697194  0.801640 
10  0.544342  0.390905  0.502340  0.478673  0.395723  0.711217  0.602241  0.460969  0.779862  0.789950 0.0  0.570570  0.669630  0.554910  0.389129  0.642305  0.347644  0.621771  0.840978  0.598975  0.488204  0.808846  0.763055  0.562597  0.531166  0.360328  0.568050  0.427680  0.769496  0.533867  0.373703  0.497981  0.581257  0.492799  0.592226  0.551769  0.597664  0.745825  0.578732  0.421653  0.399733  0.640415  0.564917  0.470150  0.481385  0.477324  0.423572  0.543380  0.616622  0.530331  0.542671  0.630686  0.677742  0.574019  0.537325  0.800396  0.459771  0.661793  0.477606  0.594451  0.368090  0.604929  0.550615  0.434108  0.475923  0.513623  0.498313  0.485217  0.331587  0.512594  0.348861  0.556984  0.471120  0.522814  0.367085  0.648102  0.434168  0.424073  0.668222  0.511573  0.506261  0.457694  0.594276  0.312527  0.446684  0.721441  0.353629  0.609540  0.654299  0.489628  0.759734  0.458213  0.631158  0.410155  0.543013  0.486243  0.455948  0.470584  0.385705 
11  0.556033  0.589321  0.670748  0.584455  0.598182  0.768073  0.447639  0.627995  0.612988  0.804408  0.570570 0.0  0.412639  0.547394  0.594244  0.522543  0.669797  0.447538  0.763827  0.457098  0.587202  0.710372  0.672690  0.659053  0.529163  0.585384  0.343822  0.540403  0.738679  0.557365  0.595224  0.539342  0.404311  0.657430  0.496348  0.550592  0.519882  0.715106  0.409135  0.680998  0.644585  0.512538  0.537825  0.601613  0.600846  0.611388  0.573075  0.620108  0.433217  0.501380  0.534216  0.563990  0.770251  0.451766  0.474994  0.851254  0.509879  0.301873  0.599840  0.555446  0.610884  0.384662  0.322724  0.636827  0.592945  0.531447  0.574144  0.508657  0.601723  0.596684  0.444443  0.537929  0.516798  0.638141  0.539960  0.648525  0.646376  0.654358  0.553181  0.529127  0.632595  0.639067  0.591858  0.574667  0.676474  0.700991  0.629697  0.437132  0.632518  0.676880  0.776459  0.573540  0.626020  0.522320  0.338658  0.601402  0.597979  0.529076  0.612414 
12  0.713043  0.413734  0.630229  0.535876  0.691616  0.616153  0.563386  0.507208  0.651074  0.703264  0.669630  0.412639 0.0  0.615008  0.658842  0.534517  0.604849  0.558065  0.625665  0.394338  0.523308  0.727020  0.565931  0.504481  0.596432  0.526548  0.300832  0.346647  0.575065  0.544407  0.502883  0.582557  0.270389  0.571346  0.484700  0.689730  0.466221  0.761411  0.272260  0.619370  0.589454  0.510873  0.519071  0.690411  0.576511  0.523154  0.514232  0.583279  0.473958  0.549598  0.642801  0.426223  0.791548  0.419293  0.508067  0.740690  0.643317  0.461719  0.510206  0.514538  0.565021  0.532672  0.306866  0.615262  0.535190  0.701979  0.488165  0.436405  0.627723  0.517402  0.508461  0.519404  0.418262  0.574867  0.549416  0.666455  0.545379  0.573858  0.507717  0.567549  0.468683  0.577417  0.492086  0.600095  0.571299  0.584919  0.552364  0.498341  0.506866  0.559588  0.626889  0.506167  0.626066  0.488941  0.357274  0.457343  0.673848  0.340686  0.541403 
13  0.398702  0.569589  0.591453  0.596951  0.645989  0.654818  0.596812  0.680117  0.783474  0.851225  0.554910  0.547394  0.615008 0.0  0.567267  0.675263  0.561623  0.542323  0.769681  0.556927  0.645612  0.676140  0.911618  0.567340  0.491535  0.709792  0.592976  0.614596  0.975050  0.452690  0.542386  0.681905  0.744553  0.576168  0.637641  0.563682  0.474009  0.732723  0.578179  0.657746  0.684618  0.331772  0.307177  0.440772  0.346553  0.715293  0.628763  0.654941  0.486137  0.526582  0.623028  0.650959  0.777360  0.445359  0.695399  0.807983  0.561180  0.721458  0.583820  0.630229  0.681684  0.589918  0.683147  0.714639  0.654129  0.630742  0.701485  0.500932  0.596895  0.602443  0.560293  0.474055  0.655215  0.654379  0.790431  0.418224  0.699345  0.664872  0.355540  0.517729  0.573463  0.505310  0.709344  0.625689  0.680343  0.680121  0.662910  0.447482  0.646310  0.686118  0.811601  0.674801  0.592103  0.561542  0.444634  0.728140  0.643496  0.509267  0.575946 
14  0.532152  0.456800  0.431756  0.361763  0.395239  0.769926  0.555088  0.485700  0.764709  0.817082  0.389129  0.594244  0.658842  0.567267 0.0  0.649367  0.477917  0.662155  0.816621  0.615202  0.402869  0.747110  0.767514  0.665431  0.476348  0.375709  0.602192  0.457297  0.877682  0.546801  0.454331  0.459920  0.721064  0.461378  0.617532  0.482893  0.590288  0.767486  0.549563  0.415674  0.378931  0.613933  0.613340  0.386710  0.478205  0.406290  0.303752  0.388971  0.574959  0.555880  0.563601  0.676772  0.681772  0.566179  0.648317  0.782424  0.441749  0.703560  0.518051  0.486945  0.398578  0.623444  0.695165  0.402615  0.457170  0.387793  0.388437  0.533675  0.335563  0.419869  0.286331  0.560653  0.603232  0.414073  0.443498  0.610223  0.378513  0.546662  0.538963  0.490994  0.494519  0.471784  0.521655  0.412949  0.535111  0.732230  0.348091  0.515965  0.606399  0.434077  0.794242  0.426724  0.678983  0.324751  0.560272  0.477833  0.317017  0.435270  0.383728 
15  0.735954  0.481343  0.557555  0.449751  0.667293  0.832457  0.280207  0.540360  0.631869  0.635272  0.642305  0.522543  0.534517  0.675263  0.649367 0.0  0.469357  0.355871  0.719385  0.455640  0.634892  0.627341  0.576874  0.329735  0.606823  0.566716  0.449620  0.583605  0.694394  0.550773  0.475204  0.530473  0.481115  0.410572  0.556558  0.571729  0.419927  0.667539  0.469039  0.540285  0.533468  0.559398  0.810615  0.573363  0.554104  0.515054  0.506033  0.571107  0.457611  0.424240  0.590471  0.398794  0.664699  0.470234  0.374310  0.644971  0.446282  0.441412  0.626958  0.255520  0.543458  0.408461  0.507688  0.472774  0.571629  0.609464  0.454798  0.546369  0.458550  0.542400  0.657814  0.561555  0.547975  0.572121  0.531485  0.603409  0.514971  0.520384  0.561289  0.599663  0.550717  0.548177  0.323029  0.589628  0.460699  0.546996  0.479677  0.489856  0.706264  0.632611  0.666644  0.549426  0.579795  0.534921  0.563148  0.628791  0.523813  0.481885  0.501015 
16  0.574206  0.243022  0.409578  0.471089  0.359725  0.737390  0.444786  0.413039  0.727949  0.830935  0.347644  0.669797  0.604849  0.561623  0.477917  0.469357 0.0  0.550681  0.713398  0.541790  0.435331  0.766302  0.711620  0.420942  0.604838  0.457070  0.505844  0.451117  0.774299  0.464919  0.386149  0.463606  0.444756  0.445997  0.417231  0.591313  0.465925  0.797270  0.524336  0.400779  0.417921  0.494363  0.646459  0.431480  0.708017  0.387760  0.383279  0.413130  0.538591  0.508105  0.612356  0.617307  0.617994  0.356151  0.593444  0.700419  0.465598  0.538180  0.482429  0.509285  0.348584  0.405306  0.523972  0.472698  0.529405  0.545659  0.493596  0.352920  0.355194  0.472844  0.427497  0.514129  0.455352  0.372387  0.478480  0.604712  0.448515  0.344530  0.560805  0.497043  0.310278  0.472404  0.415669  0.519966  0.391477  0.470050  0.477217  0.587271  0.612343  0.377253  0.843754  0.472472  0.461729  0.294279  0.611142  0.374233  0.489511  0.249343  0.365509 
17  0.579083  0.453851  0.456975  0.696248  0.640173  0.674394  0.453732  0.486963  0.677662  0.711360  0.621771  0.447538  0.558065  0.542323  0.662155  0.355871  0.550681 0.0  0.699444  0.443258  0.477923  0.730772  0.797919  0.317905  0.563061  0.509733  0.428561  0.637519  0.805180  0.542216  0.594443  0.526649  0.464766  0.513026  0.444784  0.560201  0.550889  0.654903  0.408612  0.647489  0.640834  0.522772  0.587912  0.681402  0.564948  0.575307  0.592333  0.573426  0.585016  0.376439  0.624517  0.440921  0.747396  0.452286  0.319594  0.747559  0.480176  0.549650  0.495601  0.311212  0.687435  0.467089  0.428837  0.630435  0.569323  0.523858  0.582878  0.550433  0.554314  0.527870  0.665019  0.550594  0.584224  0.503330  0.547764  0.572419  0.606076  0.542827  0.611135  0.687492  0.635308  0.466613  0.389517  0.593829  0.621038  0.591795  0.651818  0.621648  0.532197  0.513322  0.833197  0.588126  0.514583  0.501580  0.549252  0.563747  0.585177  0.586539  0.489098 
18  0.845420  0.766539  0.877182  0.801650  0.717686  0.591383  0.742007  0.748088  0.822445  0.575770  0.840978  0.763827  0.625665  0.769681  0.816621  0.719385  0.713398  0.699444 0.0  0.745277  0.846392  0.682753  0.475213  0.661043  0.819341  0.810712  0.781043  0.693985  0.546523  0.703025  0.727237  0.698305  0.564075  0.723664  0.642544  0.827348  0.663271  0.551068  0.719376  0.713140  0.719132  0.749375  0.807946  0.831815  0.967254  0.738665  0.581654  0.709983  0.664851  0.732007  0.743584  0.685216  0.645984  0.719212  0.730543  0.481665  0.882111  0.643749  0.587755  0.770404  0.742318  0.821750  0.586126  0.740071  0.694847  0.835695  0.605112  0.549221  0.783949  0.736249  0.786227  0.800603  0.631426  0.703185  0.705678  0.812544  0.827337  0.849170  0.845861  0.772189  0.675999  0.683222  0.698201  0.683917  0.797160  0.719846  0.683734  0.757201  0.638597  0.642086  0.205164  0.620881  0.738688  0.766687  0.712790  0.763756  0.663659  0.697652  0.836927 
19  0.610285  0.498489  0.612107  0.487515  0.599964  0.840954  0.479697  0.519011  0.715459  0.735781  0.598975  0.457098  0.394338  0.556927  0.615202  0.455640  0.541790  0.443258  0.745277 0.0  0.577674  0.793797  0.797795  0.569601  0.675213  0.524678  0.422718  0.552633  0.765841  0.616915  0.517471  0.648412  0.327815  0.485984  0.471489  0.505330  0.508832  0.733114  0.384712  0.600860  0.594214  0.513001  0.562075  0.474122  0.541635  0.490741  0.634117  0.611322  0.594344  0.536193  0.545646  0.576707  0.827828  0.571206  0.433829  0.756673  0.620636  0.457723  0.572403  0.514766  0.582453  0.583366  0.455309  0.695206  0.620115  0.643234  0.653765  0.615449  0.586150  0.513270  0.566680  0.434492  0.528074  0.562869  0.570934  0.576024  0.619046  0.566657  0.531753  0.540176  0.591539  0.568016  0.565946  0.735240  0.685803  0.581456  0.539719  0.311102  0.548304  0.593265  0.724380  0.584244  0.617920  0.666653  0.600040  0.589103  0.630708  0.544267  0.630671 
20  0.658236  0.350024  0.462556  0.347863  0.448828  0.711802  0.649332  0.443648  0.531506  0.745235  0.488204  0.587202  0.523308  0.645612  0.402869  0.634892  0.435331  0.477923  0.846392  0.577674 0.0  0.593985  0.750428  0.550669  0.471507  0.312319  0.529156  0.308181  0.730100  0.396053  0.359130  0.432781  0.505681  0.480434  0.463438  0.526261  0.487732  0.829731  0.562404  0.383064  0.480708  0.649321  0.611572  0.321002  0.508177  0.401819  0.434005  0.462609  0.525797  0.493099  0.593123  0.459064  0.689085  0.409112  0.576580  0.670142  0.575732  0.675593  0.488058  0.583697  0.375300  0.515713  0.578555  0.341458  0.246960  0.361271  0.354949  0.488643  0.271193  0.382926  0.420025  0.517103  0.423401  0.396121  0.285308  0.819084  0.243126  0.405315  0.647217  0.576385  0.456078  0.353093  0.567556  0.338305  0.407152  0.703834  0.259169  0.705468  0.600629  0.353696  0.756034  0.551340  0.641055  0.316530  0.543950  0.390203  0.333262  0.432681  0.400763 
21  0.729723  0.643977  0.701757  0.732053  0.624988  0.226293  0.697129  0.601675  0.379088  0.700625  0.808846  0.710372  0.727020  0.676140  0.747110  0.627341  0.766302  0.730772  0.682753  0.793797  0.593985 0.0  0.674214  0.750271  0.676310  0.601288  0.698179  0.620128  0.601659  0.673647  0.609039  0.700632  0.640503  0.677009  0.736819  0.821934  0.704872  0.722459  0.649478  0.568773  0.700010  0.700812  0.716087  0.565302  0.629091  0.704536  0.522673  0.728790  0.784934  0.659125  0.767167  0.725315  0.413810  0.756814  0.587728  0.727945  0.759273  0.640706  0.583057  0.674845  0.616290  0.647871  0.717410  0.640156  0.638147  0.642340  0.743012  0.607620  0.619654  0.616246  0.643522  0.683814  0.770104  0.532848  0.676224  0.761874  0.650263  0.512710  0.729138  0.614810  0.680870  0.631986  0.595426  0.622748  0.682423  0.750611  0.728748  0.677568  0.671815  0.638015  0.734611  0.619727  0.599093  0.584084  0.625419  0.613417  0.638086  0.698019  0.647758 
22  0.960753  0.681284  0.795555  0.806513  0.794026  0.575859  0.717516  0.600444  0.591798  0.286911  0.763055  0.672690  0.565931  0.911618  0.767514  0.576874  0.711620  0.797919  0.475213  0.797795  0.750428  0.674214 0.0  0.762898  0.824770  0.676150  0.730884  0.663346  0.439992  0.803459  0.732439  0.723922  0.775910  0.621406  0.594889  0.843655  0.768726  0.352768  0.532206  0.680556  0.728137  0.767616  0.836560  0.691648  0.842880  0.659645  0.793034  0.683030  0.705626  0.707762  0.881974  0.605905  0.648877  0.699832  0.649943  0.366907  0.724268  0.760108  0.560219  0.630463  0.820901  0.672687  0.640740  0.780963  0.839047  0.925691  0.819541  0.580549  0.672027  0.701244  0.788525  0.713291  0.725776  0.836362  0.749547  0.656678  0.717489  0.746296  0.827402  0.758144  0.647764  0.661573  0.684844  0.799760  0.793089  0.692161  0.811657  0.673658  0.651449  0.710495  0.445574  0.669100  0.697132  0.790144  0.685963  0.744999  0.683930  0.609982  0.724825 
23  0.588884  0.506111  0.635938  0.626885  0.587442  0.798719  0.383547  0.624003  0.674344  0.725675  0.562597  0.659053  0.504481  0.567340  0.665431  0.329735  0.420942  0.317905  0.661043  0.569601  0.550669  0.750271  0.762898 0.0  0.649263  0.529717  0.498979  0.580782  0.739349  0.527226  0.569101  0.540049  0.518332  0.479820  0.391798  0.609743  0.583204  0.806356  0.617425  0.624729  0.518388  0.507588  0.631877  0.544020  0.649869  0.558689  0.673824  0.601732  0.499876  0.372464  0.647481  0.396891  0.765206  0.448419  0.377973  0.627674  0.494433  0.577644  0.489544  0.311540  0.597005  0.453925  0.599491  0.543395  0.539416  0.629790  0.546372  0.589889  0.529306  0.447784  0.751467  0.498104  0.576747  0.503970  0.661272  0.593186  0.587844  0.519939  0.581748  0.498481  0.708020  0.537643  0.456155  0.628022  0.590591  0.517906  0.549832  0.598372  0.629013  0.509867  0.692029  0.550440  0.512635  0.565590  0.522668  0.657178  0.548665  0.539417  0.562056 
24  0.647955  0.551983  0.534892  0.543299  0.490101  0.700296  0.518084  0.563461  0.842429  0.858311  0.531166  0.529163  0.596432  0.491535  0.476348  0.606823  0.604838  0.563061  0.819341  0.675213  0.471507  0.676310  0.824770  0.649263 0.0  0.508697  0.619992  0.521325  0.798738  0.474815  0.574066  0.583498  0.528641  0.494086  0.550755  0.247844  0.576449  0.806513  0.576954  0.752681  0.573745  0.543523  0.496833  0.554373  0.526195  0.615328  0.547911  0.666219  0.517819  0.602196  0.444578  0.569956  0.856308  0.498938  0.583105  0.774813  0.589873  0.569366  0.543136  0.602634  0.728247  0.565491  0.639336  0.636801  0.569400  0.570991  0.557318  0.519299  0.584179  0.513188  0.429438  0.413680  0.358561  0.561812  0.576872  0.518376  0.629167  0.529803  0.503102  0.708217  0.377474  0.638550  0.697767  0.585835  0.589502  0.724576  0.544936  0.542717  0.800749  0.722319  0.729123  0.549242  0.656850  0.587087  0.547460  0.490897  0.611313  0.499224  0.498356 
25  0.584718  0.308252  0.285410  0.314555  0.592374  0.682926  0.517838  0.266319  0.678981  0.798845  0.360328  0.585384  0.526548  0.709792  0.375709  0.566716  0.457070  0.509733  0.810712  0.524678  0.312319  0.601288  0.676150  0.529717  0.508697 0.0  0.573697  0.345796  0.705808  0.582265  0.305351  0.309978  0.568584  0.417578  0.471127  0.489303  0.580468  0.811631  0.548793  0.506624  0.439298  0.497113  0.648357  0.325285  0.539504  0.375182  0.495173  0.304893  0.505826  0.603025  0.522055  0.481424  0.736735  0.484942  0.608516  0.715284  0.569886  0.680152  0.422473  0.494122  0.347901  0.447687  0.566976  0.422550  0.376842  0.555704  0.291170  0.444810  0.286025  0.412162  0.549763  0.637924  0.428457  0.357888  0.348919  0.695124  0.436628  0.394815  0.661263  0.467100  0.357748  0.508944  0.550652  0.261753  0.402373  0.577269  0.472467  0.631891  0.605750  0.384919  0.779197  0.346037  0.631024  0.371704  0.435200  0.396640  0.388032  0.430790  0.381811 
26  0.564886  0.593344  0.619335  0.508974  0.584190  0.698343  0.369654  0.616221  0.656720  0.771768  0.568050  0.343822  0.300832  0.592976  0.602192  0.449620  0.505844  0.428561  0.781043  0.422718  0.529156  0.698179  0.730884  0.498979  0.619992  0.573697 0.0  0.482723  0.584490  0.514211  0.451558  0.479421  0.324590  0.523610  0.480369  0.598833  0.492125  0.674568  0.342704  0.660020  0.528352  0.512114  0.619485  0.618286  0.554121  0.589564  0.543735  0.544292  0.371472  0.484220  0.547141  0.490839  0.544443  0.648929  0.473261  0.651480  0.659177  0.456605  0.524269  0.450320  0.629453  0.504534  0.365005  0.616422  0.560885  0.632735  0.640548  0.630058  0.489443  0.538122  0.613720  0.516531  0.509424  0.525663  0.472521  0.630143  0.533880  0.428203  0.598552  0.537643  0.444784  0.485966  0.473349  0.471983  0.543529  0.693481  0.599233  0.325204  0.602444  0.457027  0.718801  0.502259  0.615349  0.423843  0.459719  0.617220  0.563650  0.604580  0.460743 
27  0.766118  0.343979  0.424556  0.477077  0.424499  0.708229  0.484071  0.393618  0.785154  0.769989  0.427680  0.540403  0.346647  0.614596  0.457297  0.583605  0.451117  0.637519  0.693985  0.552633  0.308181  0.620128  0.663346  0.580782  0.521325  0.345796  0.482723 0.0  0.623345  0.454614  0.364261  0.329026  0.442289  0.285058  0.602710  0.643503  0.407670  0.766298  0.534992  0.373582  0.565428  0.581463  0.757384  0.395620  0.652721  0.341478  0.418352  0.428257  0.528706  0.628948  0.510861  0.468627  0.661414  0.479018  0.617330  0.557661  0.560780  0.535382  0.313764  0.526835  0.428868  0.468924  0.314460  0.316379  0.461298  0.446292  0.369291  0.346495  0.454454  0.365125  0.316772  0.594570  0.394710  0.496553  0.474643  0.558796  0.306490  0.317473  0.578403  0.556717  0.481203  0.425600  0.475644  0.463911  0.295139  0.639933  0.341665  0.550922  0.581169  0.325745  0.630066  0.210591  0.589622  0.369247  0.632963  0.356380  0.374276  0.323374  0.372783 
28  0.820117  0.776927  0.861671  0.697144  0.843546  0.629532  0.697001  0.744002  0.740938  0.545201  0.769496  0.738679  0.575065  0.975050  0.877682  0.694394  0.774299  0.805180  0.546523  0.765841  0.730100  0.601659  0.439992  0.739349  0.798738  0.705808  0.584490  0.623345 0.0  0.673799  0.745894  0.802478  0.615015  0.763336  0.595506  0.710100  0.691213  0.411123  0.574436  0.692554  0.860334  0.736818  0.803717  0.849099  0.844259  0.708364  0.798694  0.754567  0.825643  0.697573  0.774880  0.596433  0.796838  0.701817  0.706806  0.440170  0.905623  0.792578  0.688736  0.733238  0.651650  0.790100  0.681452  0.766594  0.726536  0.839793  0.635613  0.585088  0.730707  0.581833  0.905010  0.675251  0.642040  0.793467  0.722251  0.860935  0.757892  0.701089  0.897872  0.763700  0.653937  0.766023  0.722583  0.729858  0.808273  0.764296  0.728855  0.606730  0.742098  0.774433  0.586112  0.699722  0.759991  0.840926  0.705197  0.730061  0.848324  0.756748  0.733247 
29  0.594254  0.420812  0.485691  0.491187  0.556860  0.677678  0.530247  0.489180  0.676777  0.803451  0.533867  0.557365  0.544407  0.452690  0.546801  0.550773  0.464919  0.542216  0.703025  0.616915  0.396053  0.673647  0.803459  0.527226  0.474815  0.582265  0.514211  0.454614  0.673799 0.0  0.551816  0.494922  0.580707  0.399111  0.432105  0.531470  0.476365  0.798340  0.503306  0.566476  0.569245  0.433990  0.503820  0.593553  0.586201  0.450413  0.584169  0.436753  0.474451  0.489620  0.589059  0.503391  0.593007  0.362733  0.586093  0.838459  0.408617  0.626346  0.379472  0.399741  0.534300  0.432848  0.500983  0.487424  0.411157  0.554386  0.415792  0.423004  0.533168  0.387582  0.456958  0.457568  0.398168  0.508250  0.573088  0.440695  0.378502  0.406872  0.543185  0.445627  0.394368  0.311147  0.657713  0.503954  0.549623  0.494657  0.375815  0.515338  0.498137  0.405103  0.777037  0.548137  0.486234  0.408511  0.408793  0.574849  0.505209  0.474535  0.440466 
30  0.559436  0.424710  0.508048  0.231190  0.437921  0.478579  0.597787  0.347897  0.643297  0.702228  0.373703  0.595224  0.502883  0.542386  0.454331  0.475204  0.386149  0.594443  0.727237  0.517471  0.359130  0.609039  0.732439  0.569101  0.574066  0.305351  0.451558  0.364261  0.745894  0.551816 0.0  0.385426  0.454370  0.340265  0.446726  0.521217  0.608404  0.672858  0.648605  0.425793  0.380376  0.606372  0.642432  0.341702  0.605218  0.373561  0.347052  0.272906  0.420828  0.583486  0.641769  0.564109  0.679996  0.602966  0.570884  0.711077  0.450138  0.563466  0.489512  0.526506  0.369948  0.413095  0.548738  0.488986  0.409546  0.410514  0.379621  0.422915  0.394770  0.466940  0.464218  0.545310  0.372038  0.424750  0.289630  0.694409  0.333802  0.408550  0.647416  0.478405  0.408271  0.526461  0.408074  0.336300  0.504713  0.574648  0.349706  0.599622  0.648461  0.348086  0.746782  0.381278  0.581626  0.315293  0.572186  0.329776  0.443669  0.337756  0.277103 
31  0.684545  0.479485  0.416656  0.346084  0.364927  0.697539  0.516841  0.502771  0.682762  0.766875  0.497981  0.539342  0.582557  0.681905  0.459920  0.530473  0.463606  0.526649  0.698305  0.648412  0.432781  0.700632  0.723922  0.540049  0.583498  0.309978  0.479421  0.329026  0.802478  0.494922  0.385426 0.0  0.509792  0.428254  0.483672  0.526735  0.442153  0.752421  0.647788  0.440649  0.440473  0.689503  0.702102  0.415218  0.514410  0.391250  0.253852  0.261280  0.528572  0.519359  0.604070  0.616295  0.638967  0.525926  0.531280  0.798852  0.454997  0.658158  0.493940  0.578772  0.296220  0.525187  0.581845  0.468864  0.410238  0.320194  0.399329  0.320825  0.327760  0.405817  0.396037  0.464470  0.401945  0.463460  0.347996  0.729565  0.334258  0.376782  0.626446  0.599087  0.494077  0.433310  0.551173  0.373038  0.356299  0.615126  0.244570  0.567174  0.591391  0.306446  0.667919  0.358802  0.626169  0.426193  0.480380  0.481471  0.352557  0.498274  0.416746 
32  0.669190  0.577233  0.652972  0.572363  0.639704  0.831788  0.500795  0.363561  0.694440  0.657860  0.581257  0.404311  0.270389  0.744553  0.721064  0.481115  0.444756  0.464766  0.564075  0.327815  0.505681  0.640503  0.775910  0.518332  0.528641  0.568584  0.324590  0.442289  0.615015  0.580707  0.454370  0.509792 0.0  0.394820  0.566366  0.660565  0.477463  0.876414  0.212064  0.531657  0.554549  0.560114  0.604180  0.688822  0.614829  0.568178  0.535366  0.579754  0.492657  0.591650  0.624448  0.501356  0.691895  0.590634  0.471192  0.573182  0.701720  0.345413  0.460567  0.537281  0.546033  0.519224  0.272602  0.564330  0.508768  0.597367  0.472938  0.395656  0.707948  0.492825  0.666277  0.507494  0.541389  0.493964  0.591785  0.665137  0.432624  0.698711  0.609717  0.547665  0.509016  0.433865  0.408624  0.540383  0.562702  0.488621  0.636484  0.341579  0.543026  0.575167  0.590731  0.476326  0.671090  0.624445  0.484603  0.595364  0.562403  0.477895  0.537496 
33  0.677164  0.431230  0.487759  0.334336  0.364834  0.585808  0.517269  0.233197  0.603259  0.548372  0.492799  0.657430  0.571346  0.576168  0.461378  0.410572  0.445997  0.513026  0.723664  0.485984  0.480434  0.677009  0.621406  0.479820  0.494086  0.417578  0.523610  0.285058  0.763336  0.399111  0.340265  0.428254  0.394820 0.0  0.522366  0.499996  0.594742  0.841779  0.536872  0.398615  0.516491  0.664864  0.639961  0.489685  0.640298  0.440045  0.477592  0.355776  0.455530  0.493064  0.490524  0.449936  0.558760  0.395761  0.650549  0.711132  0.534090  0.504048  0.374640  0.589748  0.346344  0.336871  0.533927  0.426276  0.455351  0.465734  0.383042  0.301603  0.360781  0.253823  0.457599  0.437825  0.201769  0.482498  0.466904  0.537256  0.463767  0.354285  0.648664  0.584063  0.272928  0.435433  0.430267  0.377254  0.414285  0.570834  0.461371  0.477148  0.674099  0.479841  0.674663  0.379154  0.559887  0.404757  0.554303  0.344643  0.424427  0.292363  0.411878 
34  0.516837  0.528414  0.560021  0.549328  0.576514  0.710352  0.543801  0.478598  0.711835  0.698151  0.592226  0.496348  0.484700  0.637641  0.617532  0.556558  0.417231  0.444784  0.642544  0.471489  0.463438  0.736819  0.594889  0.391798  0.550755  0.471127  0.480369  0.602710  0.595506  0.432105  0.446726  0.483672  0.566366  0.522366 0.0  0.610616  0.511918  0.712588  0.474471  0.481922  0.526926  0.534250  0.634669  0.643718  0.577413  0.595718  0.668130  0.469744  0.436571  0.540961  0.531754  0.385286  0.728228  0.297324  0.444019  0.680934  0.583028  0.479412  0.506286  0.509276  0.548265  0.389091  0.334149  0.534101  0.471697  0.555527  0.531246  0.417814  0.503573  0.468953  0.603783  0.503059  0.517528  0.514858  0.515900  0.530164  0.543570  0.462956  0.578398  0.421716  0.432122  0.356826  0.386878  0.508596  0.533178  0.588560  0.518174  0.519761  0.516084  0.468979  0.747497  0.400613  0.519266  0.426314  0.544053  0.622028  0.515448  0.419760  0.486640 
35  0.546251  0.555918  0.549814  0.583303  0.436211  0.793040  0.538891  0.557356  0.704797  0.855788  0.551769  0.550592  0.689730  0.563682  0.482893  0.571729  0.591313  0.560201  0.827348  0.505330  0.526261  0.821934  0.843655  0.609743  0.247844  0.489303  0.598833  0.643503  0.710100  0.531470  0.521217  0.526735  0.660565  0.499996  0.610616 0.0  0.538395  0.630002  0.563738  0.614242  0.516125  0.608133  0.463128  0.486832  0.412065  0.556256  0.597176  0.536367  0.615253  0.494496  0.368219  0.552963  0.820941  0.472046  0.423680  0.866574  0.584926  0.611593  0.601028  0.646887  0.549574  0.644934  0.584327  0.490108  0.461734  0.474501  0.618320  0.556844  0.624474  0.550650  0.451445  0.430972  0.604112  0.569232  0.565592  0.530302  0.437440  0.407409  0.542689  0.627965  0.619149  0.558399  0.458788  0.481474  0.585423  0.771914  0.473073  0.687025  0.773812  0.610280  0.774695  0.619794  0.680349  0.484582  0.533199  0.538002  0.574822  0.678430  0.471079 
36  0.579840  0.476788  0.624997  0.522549  0.602030  0.653554  0.530665  0.441920  0.677210  0.694183  0.597664  0.519882  0.466221  0.474009  0.590288  0.419927  0.465925  0.550889  0.663271  0.508832  0.487732  0.704872  0.768726  0.583204  0.576449  0.580468  0.492125  0.407670  0.691213  0.476365  0.608404  0.442153  0.477463  0.594742  0.511918  0.538395 0.0  0.804037  0.335696  0.657809  0.528938  0.420859  0.577923  0.667032  0.548597  0.500832  0.562129  0.605096  0.324490  0.641495  0.643937  0.539412  0.657407  0.437016  0.441627  0.726514  0.626600  0.449483  0.325171  0.508604  0.536217  0.453260  0.459541  0.509393  0.635880  0.483019  0.463165  0.337738  0.527658  0.453598  0.650465  0.521020  0.526235  0.623428  0.611371  0.646653  0.601828  0.573136  0.424668  0.365715  0.521662  0.623950  0.512423  0.561326  0.512067  0.466064  0.628748  0.400883  0.758054  0.528430  0.603130  0.503230  0.582795  0.398120  0.438231  0.630566  0.679252  0.634308  0.486531 
37  0.786324  0.737175  0.824540  0.731844  0.812313  0.707141  0.714219  0.717774  0.666877  0.415909  0.745825  0.715106  0.761411  0.732723  0.767486  0.667539  0.797270  0.654903  0.551068  0.733114  0.829731  0.722459  0.352768  0.806356  0.806513  0.811631  0.674568  0.766298  0.411123  0.798340  0.672858  0.752421  0.876414  0.841779  0.712588  0.630002  0.804037 0.0  0.766114  0.773819  0.741222  0.711118  0.853610  0.809545  0.861511  0.787135  0.780909  0.870426  0.697035  0.777434  0.705090  0.693733  0.773536  0.753380  0.645173  0.431545  0.719850  0.765574  0.721801  0.786595  0.819890  0.792741  0.743180  0.864526  0.826065  0.687399  0.817050  0.705255  0.783858  0.684186  0.813826  0.843124  0.729431  0.795383  0.813801  0.666268  0.796953  0.809286  0.714562  0.838817  0.765492  0.679306  0.767799  0.844842  0.804199  0.638495  0.789150  0.753662  0.758422  0.895280  0.558356  0.756660  0.825773  0.743930  0.757064  0.852882  0.832671  0.735741  0.816893 
38  0.699715  0.516866  0.679170  0.468390  0.502204  0.668385  0.454757  0.520897  0.693172  0.770390  0.578732  0.409135  0.272260  0.578179  0.549563  0.469039  0.524336  0.408612  0.719376  0.384712  0.562404  0.649478  0.532206  0.617425  0.576954  0.548793  0.342704  0.534992  0.574436  0.503306  0.648605  0.647788  0.212064  0.536872  0.474471  0.563738  0.335696  0.766114 0.0  0.530851  0.499012  0.491720  0.563833  0.679104  0.621801  0.567740  0.693708  0.610408  0.465730  0.450964  0.677494  0.382673  0.664247  0.558246  0.497059  0.745166  0.677903  0.278626  0.459366  0.559913  0.501303  0.424222  0.284688  0.529164  0.553697  0.694284  0.570753  0.428035  0.564808  0.485171  0.554748  0.571392  0.469169  0.638789  0.548255  0.680743  0.641958  0.406263  0.685580  0.526657  0.579417  0.571657  0.421018  0.585635  0.570164  0.609744  0.554803  0.399777  0.624272  0.507807  0.681788  0.564160  0.676926  0.439785  0.390156  0.659656  0.591008  0.419665  0.583800 
39  0.603904  0.418166  0.527601  0.261705  0.421532  0.743757  0.546912  0.454709  0.729246  0.719876  0.421653  0.680998  0.619370  0.657746  0.415674  0.540285  0.400779  0.647489  0.713140  0.600860  0.383064  0.568773  0.680556  0.624729  0.752681  0.506624  0.660020  0.373582  0.692554  0.566476  0.425793  0.440649  0.531657  0.398615  0.481922  0.614242  0.657809  0.773819  0.530851 0.0  0.432860  0.561319  0.636761  0.350487  0.594937  0.439312  0.292175  0.414796  0.494659  0.510266  0.610688  0.486090  0.774250  0.556781  0.437479  0.845708  0.533366  0.561370  0.479836  0.503995  0.268251  0.436984  0.545815  0.312389  0.469252  0.451561  0.438406  0.416067  0.370345  0.377099  0.419651  0.519469  0.441597  0.150000  0.431349  0.573251  0.406135  0.388250  0.653423  0.529741  0.358312  0.436555  0.509493  0.276366  0.360078  0.647662  0.334253  0.682819  0.639895  0.447162  0.765026  0.387108  0.780643  0.355134  0.434388  0.422087  0.272198  0.511355  0.369285 
