30
0 0.0  0.630955  0.563844  0.086030  0.528216  0.278684  0.871663  0.640647  0.826915  0.530089  0.713260  0.644854  0.471562  0.881968  0.713726  0.023757  0.757951  0.540065  0.180032  0.061859  0.594038  0.725510  0.276934  0.352080  0.687320  0.281019  0.570323  0.577616  0.220356  0.493779 
1  0.630955 0.0  0.602088  0.695964  0.790797  0.769156  0.605492  0.714646  0.602363  0.639967  0.522229  0.671369  0.642668  0.667513  0.490903  0.739516  0.677920  0.703647  0.677602  0.793959  0.441389  0.433470  0.729989  0.756763  0.481338  0.764160  0.633047  0.768536  0.802722  0.756267 
2  0.563844  0.602088 0.0  0.556702  0.595729  0.644454  0.806626  0.501151  0.846101  0.629939  0.489809  0.864816  0.619890  0.751492  0.544804  0.623963  0.599360  0.485787  0.581348  0.663921  0.473474  0.526344  0.766883  0.674166  0.381003  0.665955  0.450619  0.777325  0.608141  0.688205 
3  0.086030  0.695964  0.556702 0.0  0.438121  0.382537  0.824918  0.555891  0.775391  0.532733  0.658481  0.649088  0.477431  0.786037  0.642921  0.324473  0.669294  0.405225  0.433076  0.110589  0.680694  0.627829  0.000000  0.353405  0.579263  0.252632  0.515481  0.569227  0.370527  0.414063 
4  0.528216  0.790797  0.595729  0.438121 0.0  0.572701  0.819732  0.447231  0.661054  0.243915  0.686128  0.580663  0.390692  0.848970  0.620631  0.576043  0.543062  0.417207  0.570966  0.419610  0.503137  0.633378  0.385559  0.577531  0.648828  0.547355  0.566735  0.518301  0.481073  0.330212 
5  0.278684  0.769156  0.644454  0.382537  0.572701 0.0  0.822268  0.682858  0.815279  0.639222  0.768619  0.629747  0.638759  0.797044  0.578047  0.228628  0.686244  0.431401  0.248369  0.385752  0.660781  0.753288  0.421008  0.392736  0.725334  0.269051  0.524100  0.693097  0.326717  0.526839 
6  0.871663  0.605492  0.806626  0.824918  0.819732  0.822268 0.0  0.779516  0.962038  0.871930  0.786645  0.800866  0.836900  0.262299  0.759645  0.756456  0.860696  0.940184  0.894489  1.000000  0.775941  0.874655  0.730148  0.896493  0.851284  0.851676  0.798303  0.857051  0.826010  0.856163 
7  0.640647  0.714646  0.501151  0.555891  0.447231  0.682858  0.779516 0.0  0.776166  0.398991  0.544891  0.647283  0.495390  0.675917  0.349825  0.679737  0.632909  0.425563  0.612461  0.581003  0.406860  0.423477  0.565135  0.643139  0.229550  0.491722  0.530675  0.630842  0.558865  0.594039 
8  0.826915  0.602363  0.846101  0.775391  0.661054  0.815279  0.962038  0.776166 0.0  0.599263  0.691900  0.560417  0.661829  0.737062  0.658182  0.688554  0.512297  0.690313  0.714911  0.688857  0.626144  0.645137  0.737188  0.696323  0.660876  0.623120  0.761869  0.575128  0.729088  0.625818 
9  0.530089  0.639967  0.629939  0.532733  0.243915  0.639222  0.871930  0.398991  0.599263 0.0  0.672311  0.574207  0.417644  0.696866  0.592124  0.629374  0.593214  0.504212  0.515780  0.612921  0.461030  0.459802  0.391954  0.429242  0.532369  0.583876  0.606231  0.514129  0.463841  0.444760 
10  0.713260  0.522229  0.489809  0.658481  0.686128  0.768619  0.786645  0.544891  0.691900  0.672311 0.0  0.665625  0.608994  0.672593  0.407146  0.660573  0.641375  0.590525  0.590211  0.808842  0.423203  0.609601  0.740178  0.678761  0.607380  0.713728  0.702398  0.697064  0.732787  0.625941 
11  0.644854  0.671369  0.864816  0.649088  0.580663  0.629747  0.800866  0.647283  0.560417  0.574207  0.665625 0.0  0.695897  0.868628  0.676256  0.607931  0.508520  0.632497  0.701343  0.678414  0.602777  0.718549  0.647954  0.636090  0.640254  0.703942  0.658916  0.350794  0.612713  0.535872 
12  0.471562  0.642668  0.619890  0.477431  0.390692  0.638759  0.836900  0.495390  0.661829  0.417644  0.608994  0.695897 0.0  0.761799  0.421258  0.509676  0.620420  0.275418  0.593939  0.445568  0.554400  0.590001  0.423490  0.564835  0.645926  0.551846  0.361613  0.601017  0.503795  0.468697 
13  0.881968  0.667513  0.751492  0.786037  0.848970  0.797044  0.262299  0.675917  0.737062  0.696866  0.672593  0.868628  0.761799 0.0  0.713914  0.820918  0.762786  0.880209  0.834864  0.859199  0.701405  0.825360  0.843983  0.787773  0.732177  0.796188  0.797408  0.877997  0.805230  0.754207 
14  0.713726  0.490903  0.544804  0.642921  0.620631  0.578047  0.759645  0.349825  0.658182  0.592124  0.407146  0.676256  0.421258  0.713914 0.0  0.670977  0.640139  0.581392  0.694744  0.677509  0.387199  0.313264  0.607043  0.683044  0.149769  0.661358  0.569618  0.682190  0.640425  0.510119 
15  0.023757  0.739516  0.623963  0.324473  0.576043  0.228628  0.756456  0.679737  0.688554  0.629374  0.660573  0.607931  0.509676  0.820918  0.670977 0.0  0.655122  0.475569  0.000000  0.317541  0.560594  0.684898  0.279786  0.316293  0.631234  0.131750  0.465495  0.677480  0.135705  0.532993 
16  0.757951  0.677920  0.599360  0.669294  0.543062  0.686244  0.860696  0.632909  0.512297  0.593214  0.641375  0.508520  0.620420  0.762786  0.640139  0.655122 0.0  0.779922  0.648065  0.653239  0.605655  0.609982  0.632770  0.625952  0.600754  0.735457  0.649786  0.570541  0.655774  0.610842 
17  0.540065  0.703647  0.485787  0.405225  0.417207  0.431401  0.940184  0.425563  0.690313  0.504212  0.590525  0.632497  0.275418  0.880209  0.581392  0.475569  0.779922 0.0  0.374024  0.314398  0.635818  0.669151  0.282236  0.535032  0.561343  0.463473  0.444973  0.415017  0.470633  0.498847 
18  0.180032  0.677602  0.581348  0.433076  0.570966  0.248369  0.894489  0.612461  0.714911  0.515780  0.590211  0.701343  0.593939  0.834864  0.694744  0.000000  0.648065  0.374024 0.0  0.291852  0.670273  0.733573  0.219172  0.358781  0.649791  0.120266  0.623014  0.650234  0.025398  0.535068 
19  0.061859  0.793959  0.663921  0.110589  0.419610  0.385752  1.000000  0.581003  0.688857  0.612921  0.808842  0.678414  0.445568  0.859199  0.677509  0.317541  0.653239  0.314398  0.291852 0.0  0.759481  0.684714  0.147223  0.291619  0.615307  0.290065  0.416985  0.585793  0.275525  0.454063 
20  0.594038  0.441389  0.473474  0.680694  0.503137  0.660781  0.775941  0.406860  0.626144  0.461030  0.423203  0.602777  0.554400  0.701405  0.387199  0.560594  0.605655  0.635818  0.670273  0.759481 0.0  0.144608  0.603032  0.639706  0.317468  0.679709  0.604116  0.617204  0.672151  0.655108 
21  0.725510  0.433470  0.526344  0.627829  0.633378  0.753288  0.874655  0.423477  0.645137  0.459802  0.609601  0.718549  0.590001  0.825360  0.313264  0.684898  0.609982  0.669151  0.733573  0.684714  0.144608 0.0  0.676852  0.632687  0.309752  0.692843  0.714952  0.521395  0.664497  0.637354 
22  0.276934  0.729989  0.766883  0.000000  0.385559  0.421008  0.730148  0.565135  0.737188  0.391954  0.740178  0.647954  0.423490  0.843983  0.607043  0.279786  0.632770  0.282236  0.219172  0.147223  0.603032  0.676852 0.0  0.362675  0.619701  0.368946  0.442423  0.428319  0.384682  0.481512 
23  0.352080  0.756763  0.674166  0.353405  0.577531  0.392736  0.896493  0.643139  0.696323  0.429242  0.678761  0.636090  0.564835  0.787773  0.683044  0.316293  0.625952  0.535032  0.358781  0.291619  0.639706  0.632687  0.362675 0.0  0.650814  0.422475  0.641552  0.554343  0.313039  0.417294 
24  0.687320  0.481338  0.381003  0.579263  0.648828  0.725334  0.851284  0.229550  0.660876  0.532369  0.607380  0.640254  0.645926  0.732177  0.149769  0.631234  0.600754  0.561343  0.649791  0.615307  0.317468  0.309752  0.619701  0.650814 0.0  0.640519  0.573171  0.590639  0.635148  0.539187 
25  0.281019  0.764160  0.665955  0.252632  0.547355  0.269051  0.851676  0.491722  0.623120  0.583876  0.713728  0.703942  0.551846  0.796188  0.661358  0.131750  0.735457  0.463473  0.120266  0.290065  0.679709  0.692843  0.368946  0.422475  0.640519 0.0  0.500248  0.573209  0.216251  0.477107 
26  0.570323  0.633047  0.450619  0.515481  0.566735  0.524100  0.798303  0.530675  0.761869  0.606231  0.702398  0.658916  0.361613  0.797408  0.569618  0.465495  0.649786  0.444973  0.623014  0.416985  0.604116  0.714952  0.442423  0.641552  0.573171  0.500248 0.0  0.637936  0.560148  0.641773 
27  0.577616  0.768536  0.777325  0.569227  0.518301  0.693097  0.857051  0.630842  0.575128  0.514129  0.697064  0.350794  0.601017  0.877997  0.682190  0.677480  0.570541  0.415017  0.650234  0.585793  0.617204  0.521395  0.428319  0.554343  0.590639  0.573209  0.637936 0.0  0.438767  0.159281 
28  0.220356  0.802722  0.608141  0.370527  0.481073  0.326717  0.826010  0.558865  0.729088  0.463841  0.732787  0.612713  0.503795  0.805230  0.640425  0.135705  0.655774  0.470633  0.025398  0.275525  0.672151  0.664497  0.384682  0.313039  0.635148  0.216251  0.560148  0.438767 0.0  0.623870 
29  0.493779  0.756267  0.688205  0.414063  0.330212  0.526839  0.856163  0.594039  0.625818  0.444760  0.625941  0.535872  0.468697  0.754207  0.510119  0.532993  0.610842  0.498847  0.535068  0.454063  0.655108  0.637354  0.481512  0.417294  0.539187  0.477107  0.641773  0.159281  0.623870 0.0 
