30
0 0.0  0.697201  0.712977  0.779102  0.533409  0.899762  0.600395  0.510541  0.598374  0.495075  0.964633  0.670837  0.630003  0.782474  0.374935  0.843353  0.716791  0.626264  0.565910  0.613511  0.582085  0.577289  0.606676  0.578888  0.536528  0.695096  0.512791  0.764393  0.721564  0.522800 
1  0.697201 0.0  0.115443  0.824570  0.435657  0.839896  0.499417  0.356587  0.436271  0.752757  1.000000  0.755225  0.686140  0.127748  0.524365  0.830851  0.729861  0.322253  0.672774  0.392858  0.318038  0.000000  0.273975  0.864737  0.709055  0.540140  0.640879  0.846195  0.560574  0.514048 
2  0.712977  0.115443 0.0  0.833708  0.366947  0.789649  0.559595  0.447389  0.455759  0.610807  0.810463  0.793416  0.597975  0.095602  0.593358  0.898822  0.691883  0.114727  0.620572  0.156795  0.398224  0.278257  0.321351  0.876528  0.533854  0.651448  0.592603  0.748537  0.500336  0.554469 
3  0.779102  0.824570  0.833708 0.0  0.895536  0.419115  0.840060  0.867840  0.720878  0.724457  0.683530  0.603744  0.717081  0.760344  0.712890  0.389045  0.592410  0.909728  0.809521  0.757318  0.836750  0.889054  0.755899  0.603215  0.640377  0.635876  0.721467  0.334821  0.787842  0.682940 
4  0.533409  0.435657  0.366947  0.895536 0.0  0.744270  0.478118  0.135473  0.499456  0.595654  0.868703  0.680483  0.687433  0.475531  0.532109  0.700953  0.748024  0.409086  0.536111  0.485818  0.000000  0.414334  0.391399  0.750186  0.612101  0.644317  0.413694  0.812115  0.560636  0.375586 
5  0.899762  0.839896  0.789649  0.419115  0.744270 0.0  0.745586  0.743221  0.702378  0.678132  0.773408  0.571548  0.550357  0.809247  0.702581  0.520688  0.425306  0.863767  0.720694  0.728264  0.764611  0.692956  0.683698  0.538772  0.684617  0.539146  0.669997  0.353674  0.640571  0.702625 
6  0.600395  0.499417  0.559595  0.840060  0.478118  0.745586 0.0  0.574827  0.099948  0.506852  0.835850  0.635926  0.497541  0.567779  0.595353  0.752554  0.656860  0.500443  0.227427  0.553983  0.384824  0.408866  0.390512  0.501480  0.335223  0.505682  0.479009  0.751286  0.379635  0.269993 
7  0.510541  0.356587  0.447389  0.867840  0.135473  0.743221  0.574827 0.0  0.492986  0.537468  0.806623  0.770162  0.671027  0.496484  0.422992  0.734988  0.701723  0.549278  0.561326  0.547777  0.227209  0.374080  0.483620  0.750493  0.496645  0.720241  0.428963  0.863266  0.625080  0.288481 
8  0.598374  0.436271  0.455759  0.720878  0.499456  0.702378  0.099948  0.492986 0.0  0.463131  0.782436  0.562433  0.438402  0.535873  0.474289  0.710781  0.730411  0.588198  0.344765  0.640382  0.486637  0.337014  0.415458  0.668382  0.506828  0.605393  0.369024  0.664730  0.418841  0.366665 
9  0.495075  0.752757  0.610807  0.724457  0.595654  0.678132  0.506852  0.537468  0.463131 0.0  0.843991  0.518170  0.439536  0.613438  0.415208  0.786770  0.571089  0.743768  0.420070  0.614399  0.504514  0.612411  0.524013  0.454380  0.103228  0.612233  0.251977  0.665343  0.641752  0.508283 
10  0.964633  1.000000  0.810463  0.683530  0.868703  0.773408  0.835850  0.806623  0.782436  0.843991 0.0  0.757983  0.928060  0.939139  0.946808  0.661335  0.803933  0.919479  0.875083  0.878594  0.990048  0.948151  0.790519  0.701600  0.843307  0.665787  0.861486  0.775357  0.893493  0.939663 
11  0.670837  0.755225  0.793416  0.603744  0.680483  0.571548  0.635926  0.770162  0.562433  0.518170  0.757983 0.0  0.561990  0.704543  0.749084  0.432794  0.385071  0.652548  0.650334  0.628092  0.716447  0.606964  0.771850  0.133008  0.565393  0.650389  0.439800  0.394636  0.692161  0.766679 
12  0.630003  0.686140  0.597975  0.717081  0.687433  0.550357  0.497541  0.671027  0.438402  0.439536  0.928060  0.561990 0.0  0.691549  0.583267  0.563845  0.458913  0.625933  0.464701  0.722687  0.547108  0.734860  0.571772  0.592069  0.464228  0.367344  0.504050  0.600937  0.487069  0.665897 
13  0.782474  0.127748  0.095602  0.760344  0.475531  0.809247  0.567779  0.496484  0.535873  0.613438  0.939139  0.704543  0.691549 0.0  0.593260  0.890757  0.653745  0.272649  0.590678  0.408230  0.545900  0.191841  0.378001  0.716419  0.600653  0.667579  0.501098  0.746555  0.548105  0.407717 
14  0.374935  0.524365  0.593358  0.712890  0.532109  0.702581  0.595353  0.422992  0.474289  0.415208  0.946808  0.749084  0.583267  0.593260 0.0  0.646152  0.748055  0.666022  0.504904  0.803637  0.491397  0.631817  0.554310  0.660032  0.360917  0.729527  0.352954  0.817035  0.617201  0.328624 
15  0.843353  0.830851  0.898822  0.389045  0.700953  0.520688  0.752554  0.734988  0.710781  0.786770  0.661335  0.432794  0.563845  0.890757  0.646152 0.0  0.531526  0.753468  0.730782  0.763406  0.817982  0.776980  0.772394  0.474829  0.784900  0.683309  0.717313  0.399084  0.649932  0.800335 
16  0.716791  0.729861  0.691883  0.592410  0.748024  0.425306  0.656860  0.701723  0.730411  0.571089  0.803933  0.385071  0.458913  0.653745  0.748055  0.531526 0.0  0.737730  0.502895  0.733246  0.686965  0.686080  0.622542  0.410863  0.669303  0.451908  0.694678  0.609763  0.597120  0.486986 
17  0.626264  0.322253  0.114727  0.909728  0.409086  0.863767  0.500443  0.549278  0.588198  0.743768  0.919479  0.652548  0.625933  0.272649  0.666022  0.753468  0.737730 0.0  0.584460  0.000000  0.542936  0.244444  0.373279  0.761654  0.724664  0.661737  0.539969  0.758194  0.486213  0.496274 
18  0.565910  0.672774  0.620572  0.809521  0.536111  0.720694  0.227427  0.561326  0.344765  0.420070  0.875083  0.650334  0.464701  0.590678  0.504904  0.730782  0.502895  0.584460 0.0  0.559292  0.505524  0.489398  0.490934  0.521842  0.322243  0.491896  0.447090  0.677448  0.522222  0.465007 
19  0.613511  0.392858  0.156795  0.757318  0.485818  0.728264  0.553983  0.547777  0.640382  0.614399  0.878594  0.628092  0.722687  0.408230  0.803637  0.763406  0.733246  0.000000  0.559292 0.0  0.443212  0.381829  0.530169  0.774152  0.558502  0.628430  0.567356  0.749585  0.521210  0.534505 
20  0.582085  0.318038  0.398224  0.836750  0.000000  0.764611  0.384824  0.227209  0.486637  0.504514  0.990048  0.716447  0.547108  0.545900  0.491397  0.817982  0.686965  0.542936  0.505524  0.443212 0.0  0.346072  0.310473  0.718208  0.515472  0.712286  0.532985  0.759469  0.561181  0.201387 
21  0.577289  0.000000  0.278257  0.889054  0.414334  0.692956  0.408866  0.374080  0.337014  0.612411  0.948151  0.606964  0.734860  0.191841  0.631817  0.776980  0.686080  0.244444  0.489398  0.381829  0.346072 0.0  0.210407  0.808153  0.532096  0.684403  0.417713  0.688558  0.553263  0.385613 
22  0.606676  0.273975  0.321351  0.755899  0.391399  0.683698  0.390512  0.483620  0.415458  0.524013  0.790519  0.771850  0.571772  0.378001  0.554310  0.772394  0.622542  0.373279  0.490934  0.530169  0.310473  0.210407 0.0  0.837726  0.476145  0.679460  0.435484  0.653499  0.556525  0.299147 
23  0.578888  0.864737  0.876528  0.603215  0.750186  0.538772  0.501480  0.750493  0.668382  0.454380  0.701600  0.133008  0.592069  0.716419  0.660032  0.474829  0.410863  0.761654  0.521842  0.774152  0.718208  0.808153  0.837726 0.0  0.650075  0.570288  0.630701  0.470559  0.631609  0.664632 
24  0.536528  0.709055  0.533854  0.640377  0.612101  0.684617  0.335223  0.496645  0.506828  0.103228  0.843307  0.565393  0.464228  0.600653  0.360917  0.784900  0.669303  0.724664  0.322243  0.558502  0.515472  0.532096  0.476145  0.650075 0.0  0.672967  0.360188  0.632114  0.465162  0.484919 
25  0.695096  0.540140  0.651448  0.635876  0.644317  0.539146  0.505682  0.720241  0.605393  0.612233  0.665787  0.650389  0.367344  0.667579  0.729527  0.683309  0.451908  0.661737  0.491896  0.628430  0.712286  0.684403  0.679460  0.570288  0.672967 0.0  0.679534  0.554651  0.472874  0.678160 
26  0.512791  0.640879  0.592603  0.721467  0.413694  0.669997  0.479009  0.428963  0.369024  0.251977  0.861486  0.439800  0.504050  0.501098  0.352954  0.717313  0.694678  0.539969  0.447090  0.567356  0.532985  0.417713  0.435484  0.630701  0.360188  0.679534 0.0  0.760613  0.550681  0.359877 
27  0.764393  0.846195  0.748537  0.334821  0.812115  0.353674  0.751286  0.863266  0.664730  0.665343  0.775357  0.394636  0.600937  0.746555  0.817035  0.399084  0.609763  0.758194  0.677448  0.749585  0.759469  0.688558  0.653499  0.470559  0.632114  0.554651  0.760613 0.0  0.741132  0.762581 
28  0.721564  0.560574  0.500336  0.787842  0.560636  0.640571  0.379635  0.625080  0.418841  0.641752  0.893493  0.692161  0.487069  0.548105  0.617201  0.649932  0.597120  0.486213  0.522222  0.521210  0.561181  0.553263  0.556525  0.631609  0.465162  0.472874  0.550681  0.741132 0.0  0.549573 
29  0.522800  0.514048  0.554469  0.682940  0.375586  0.702625  0.269993  0.288481  0.366665  0.508283  0.939663  0.766679  0.665897  0.407717  0.328624  0.800335  0.486986  0.496274  0.465007  0.534505  0.201387  0.385613  0.299147  0.664632  0.484919  0.678160  0.359877  0.762581  0.549573 0.0 
