30
0 0.0  1.000000  0.319467  0.478540  0.406465  0.489634  0.625592  0.654542  0.692871  0.084545  0.339522  0.776946  0.374356  0.756810  0.549969  0.512330  0.539869  0.482534  0.747769  0.710770  0.619276  0.438742  0.307820  0.109215  0.628003  0.108550  0.507558  0.616259  0.408115  0.581329 
1  1.000000 0.0  0.895220  0.915204  0.775896  0.862548  0.857976  0.883972  0.820401  0.919612  0.834288  0.774792  0.976260  0.666015  0.987304  0.924659  0.929412  0.797874  0.842428  0.877496  0.774311  0.910671  0.869507  0.866256  0.792301  0.860404  0.868716  0.984845  0.901515  0.895906 
2  0.319467  0.895220 0.0  0.491106  0.381232  0.289507  0.750019  0.504694  0.674699  0.156678  0.381917  0.822004  0.508254  0.844380  0.558915  0.459084  0.443423  0.394844  0.644844  0.727749  0.612591  0.508510  0.318344  0.434231  0.570079  0.326456  0.507628  0.492393  0.356603  0.572137 
3  0.478540  0.915204  0.491106 0.0  0.582933  0.535201  0.752711  0.494770  0.719279  0.602970  0.590683  0.826504  0.643700  0.775231  0.305311  0.752702  0.574449  0.623261  0.657455  0.619078  0.494537  0.570470  0.506107  0.469743  0.556428  0.427565  0.664614  0.750383  0.586650  0.521256 
4  0.406465  0.775896  0.381232  0.582933 0.0  0.500366  0.670476  0.323876  0.666187  0.551774  0.522130  0.721774  0.610009  0.801163  0.584549  0.560159  0.603116  0.429236  0.693496  0.643805  0.237396  0.467062  0.413286  0.582238  0.648566  0.460238  0.494336  0.433213  0.478484  0.481434 
5  0.489634  0.862548  0.289507  0.535201  0.500366 0.0  0.540197  0.537335  0.737367  0.475907  0.257348  0.857628  0.353612  0.736597  0.640417  0.375435  0.580161  0.484974  0.674323  0.696982  0.386449  0.170215  0.349149  0.491533  0.654456  0.600239  0.305209  0.489147  0.073659  0.556113 
6  0.625592  0.857976  0.750019  0.752711  0.670476  0.540197 0.0  0.604066  0.682258  0.573161  0.596296  0.773940  0.525843  0.715553  0.705263  0.438592  0.572035  0.438453  0.716827  0.584453  0.562482  0.512501  0.419566  0.527035  0.585821  0.641291  0.428625  0.297422  0.654971  0.442183 
7  0.654542  0.883972  0.504694  0.494770  0.323876  0.537335  0.604066 0.0  0.625445  0.646476  0.640089  0.800147  0.653513  0.755859  0.543089  0.545655  0.629533  0.434772  0.521203  0.434760  0.216558  0.655388  0.653489  0.614270  0.547215  0.561787  0.462033  0.584351  0.603152  0.574124 
8  0.692871  0.820401  0.674699  0.719279  0.666187  0.737367  0.682258  0.625445 0.0  0.747820  0.702449  0.741752  0.700931  0.538382  0.824247  0.744431  0.759190  0.621249  0.158022  0.506030  0.643209  0.713849  0.694078  0.721827  0.555081  0.601371  0.596016  0.668788  0.684734  0.447735 
9  0.084545  0.919612  0.156678  0.602970  0.551774  0.475907  0.573161  0.646476  0.747820 0.0  0.293854  0.911816  0.431340  0.799843  0.582169  0.269747  0.519172  0.491080  0.729959  0.668572  0.534834  0.394700  0.000000  0.276054  0.642313  0.180288  0.411848  0.611619  0.244640  0.635308 
10  0.339522  0.834288  0.381917  0.590683  0.522130  0.257348  0.596296  0.640089  0.702449  0.293854 0.0  0.727398  0.245911  0.852279  0.715851  0.197415  0.464076  0.439038  0.620557  0.690936  0.638252  0.175366  0.380135  0.423014  0.730884  0.383261  0.429416  0.460060  0.135684  0.642329 
11  0.776946  0.774792  0.822004  0.826504  0.721774  0.857628  0.773940  0.800147  0.741752  0.911816  0.727398 0.0  0.859456  0.302233  0.820861  0.683917  0.730744  0.767625  0.649097  0.488937  0.778169  0.853493  0.853647  0.900173  0.555845  0.964914  0.750098  0.645660  0.692809  0.610451 
12  0.374356  0.976260  0.508254  0.643700  0.610009  0.353612  0.525843  0.653513  0.700931  0.431340  0.245911  0.859456 0.0  0.819138  0.642035  0.076432  0.346492  0.564341  0.830147  0.681223  0.732821  0.237742  0.488477  0.537474  0.721167  0.568221  0.502677  0.451816  0.381653  0.621471 
13  0.756810  0.666015  0.844380  0.775231  0.801163  0.736597  0.715553  0.755859  0.538382  0.799843  0.852279  0.302233  0.819138 0.0  0.707866  0.815386  0.854698  0.718120  0.535729  0.513579  0.729947  0.826547  0.799353  0.770771  0.666385  0.787451  0.613516  0.826665  0.717579  0.661617 
14  0.549969  0.987304  0.558915  0.305311  0.584549  0.640417  0.705263  0.543089  0.824247  0.582169  0.715851  0.820861  0.642035  0.707866 0.0  0.708087  0.709642  0.645046  0.854687  0.674937  0.609452  0.853446  0.624997  0.664723  0.764064  0.634836  0.711616  0.777280  0.557867  0.724960 
15  0.512330  0.924659  0.459084  0.752702  0.560159  0.375435  0.438592  0.545655  0.744431  0.269747  0.197415  0.683917  0.076432  0.815386  0.708087 0.0  0.419342  0.554129  0.622021  0.741891  0.538584  0.047585  0.531636  0.319292  0.725281  0.545898  0.504869  0.370791  0.427851  0.508178 
16  0.539869  0.929412  0.443423  0.574449  0.603116  0.580161  0.572035  0.629533  0.759190  0.519172  0.464076  0.730744  0.346492  0.854698  0.709642  0.419342 0.0  0.637161  0.821931  0.743664  0.771153  0.354548  0.489294  0.506089  0.784440  0.580933  0.573809  0.517197  0.404148  0.613311 
17  0.482534  0.797874  0.394844  0.623261  0.429236  0.484974  0.438453  0.434772  0.621249  0.491080  0.439038  0.767625  0.564341  0.718120  0.645046  0.554129  0.637161 0.0  0.675982  0.396101  0.379333  0.550600  0.477813  0.585594  0.461925  0.536493  0.402176  0.399033  0.532656  0.352607 
18  0.747769  0.842428  0.644844  0.657455  0.693496  0.674323  0.716827  0.521203  0.158022  0.729959  0.620557  0.649097  0.830147  0.535729  0.854687  0.622021  0.821931  0.675982 0.0  0.448476  0.585654  0.660261  0.881261  0.696693  0.583071  0.648207  0.752579  0.691252  0.709336  0.643626 
19  0.710770  0.877496  0.727749  0.619078  0.643805  0.696982  0.584453  0.434760  0.506030  0.668572  0.690936  0.488937  0.681223  0.513579  0.674937  0.741891  0.743664  0.396101  0.448476 0.0  0.545962  0.713786  0.641552  0.828054  0.223553  0.687474  0.568036  0.626458  0.733803  0.412005 
20  0.619276  0.774311  0.612591  0.494537  0.237396  0.386449  0.562482  0.216558  0.643209  0.534834  0.638252  0.778169  0.732821  0.729947  0.609452  0.538584  0.771153  0.379333  0.585654  0.545962 0.0  0.586450  0.543777  0.604345  0.496907  0.451251  0.550384  0.528861  0.734716  0.533992 
21  0.438742  0.910671  0.508510  0.570470  0.467062  0.170215  0.512501  0.655388  0.713849  0.394700  0.175366  0.853493  0.237742  0.826547  0.853446  0.047585  0.354548  0.550600  0.660261  0.713786  0.586450 0.0  0.357557  0.443529  0.689561  0.477858  0.447341  0.378140  0.140029  0.502693 
22  0.307820  0.869507  0.318344  0.506107  0.413286  0.349149  0.419566  0.653489  0.694078  0.000000  0.380135  0.853647  0.488477  0.799353  0.624997  0.531636  0.489294  0.477813  0.881261  0.641552  0.543777  0.357557 0.0  0.334261  0.662333  0.161686  0.617348  0.505751  0.301581  0.609291 
23  0.109215  0.866256  0.434231  0.469743  0.582238  0.491533  0.527035  0.614270  0.721827  0.276054  0.423014  0.900173  0.537474  0.770771  0.664723  0.319292  0.506089  0.585594  0.696693  0.828054  0.604345  0.443529  0.334261 0.0  0.782364  0.325048  0.600214  0.551353  0.450819  0.670917 
24  0.628003  0.792301  0.570079  0.556428  0.648566  0.654456  0.585821  0.547215  0.555081  0.642313  0.730884  0.555845  0.721167  0.666385  0.764064  0.725281  0.784440  0.461925  0.583071  0.223553  0.496907  0.689561  0.662333  0.782364 0.0  0.695235  0.587620  0.701037  0.560381  0.555849 
25  0.108550  0.860404  0.326456  0.427565  0.460238  0.600239  0.641291  0.561787  0.601371  0.180288  0.383261  0.964914  0.568221  0.787451  0.634836  0.545898  0.580933  0.536493  0.648207  0.687474  0.451251  0.477858  0.161686  0.325048  0.695235 0.0  0.510781  0.503613  0.365579  0.574820 
26  0.507558  0.868716  0.507628  0.664614  0.494336  0.305209  0.428625  0.462033  0.596016  0.411848  0.429416  0.750098  0.502677  0.613516  0.711616  0.504869  0.573809  0.402176  0.752579  0.568036  0.550384  0.447341  0.617348  0.600214  0.587620  0.510781 0.0  0.189131  0.441638  0.544765 
27  0.616259  0.984845  0.492393  0.750383  0.433213  0.489147  0.297422  0.584351  0.668788  0.611619  0.460060  0.645660  0.451816  0.826665  0.777280  0.370791  0.517197  0.399033  0.691252  0.626458  0.528861  0.378140  0.505751  0.551353  0.701037  0.503613  0.189131 0.0  0.357962  0.514243 
28  0.408115  0.901515  0.356603  0.586650  0.478484  0.073659  0.654971  0.603152  0.684734  0.244640  0.135684  0.692809  0.381653  0.717579  0.557867  0.427851  0.404148  0.532656  0.709336  0.733803  0.734716  0.140029  0.301581  0.450819  0.560381  0.365579  0.441638  0.357962 0.0  0.602213 
29  0.581329  0.895906  0.572137  0.521256  0.481434  0.556113  0.442183  0.574124  0.447735  0.635308  0.642329  0.610451  0.621471  0.661617  0.724960  0.508178  0.613311  0.352607  0.643626  0.412005  0.533992  0.502693  0.609291  0.670917  0.555849  0.574820  0.544765  0.514243  0.602213 0.0 
