30
0 0.0  0.478930  0.583272  0.415302  0.713897  0.763755  0.294344  0.403243  0.662113  0.387095  0.806937  0.767743  0.451416  0.372281  0.446266  0.139939  0.509116  0.475535  0.357188  0.269272  0.549275  0.414852  0.536785  0.547407  0.493772  0.456988  0.563010  0.633500  0.700932  0.547773 
1  0.478930 0.0  0.575029  0.220199  0.619495  0.867920  0.343550  0.392774  0.800863  0.523714  0.705340  0.771371  0.550220  0.396363  0.431858  0.272878  0.350920  0.223184  0.024565  0.482901  0.357001  0.054297  0.668848  0.665710  0.573225  0.541451  0.608262  0.546339  0.662047  0.422082 
2  0.583272  0.575029 0.0  0.700144  0.554214  0.690872  0.633549  0.601274  0.407569  0.509229  0.597797  0.718551  0.755797  0.625641  0.565776  0.678396  0.720128  0.751064  0.677836  0.578384  0.746457  0.714657  0.233041  0.511929  0.248479  0.673491  0.684058  0.699008  0.668526  0.592071 
3  0.415302  0.220199  0.700144 0.0  0.652636  0.854679  0.454801  0.359676  0.682571  0.516576  0.647076  0.908150  0.608461  0.251466  0.447066  0.386584  0.251958  0.363776  0.258807  0.565339  0.082136  0.387548  0.680307  0.613438  0.655528  0.401842  0.603391  0.575295  0.510062  0.495942 
4  0.713897  0.619495  0.554214  0.652636 0.0  0.782667  0.673406  0.735175  0.571082  0.536704  0.473725  0.749073  0.675898  0.626223  0.452240  0.606969  0.558647  0.661394  0.644564  0.647597  0.546612  0.771491  0.476119  0.668450  0.491982  0.499200  0.851291  0.817734  0.493938  0.524860 
5  0.763755  0.867920  0.690872  0.854679  0.782667 0.0  0.783943  0.809149  0.654470  0.839698  0.610300  0.365685  0.963454  0.821244  0.861532  0.901089  0.756007  0.790810  0.866082  0.799368  0.669445  0.825251  0.742134  0.856991  0.801960  0.772071  0.857562  0.793207  0.873398  0.810127 
6  0.294344  0.343550  0.633549  0.454801  0.673406  0.783943 0.0  0.467383  0.672448  0.368166  0.726553  0.905410  0.421583  0.344406  0.528565  0.240313  0.603906  0.314368  0.343288  0.427353  0.536430  0.203212  0.649538  0.528184  0.536993  0.527013  0.388199  0.703941  0.634678  0.487844 
7  0.403243  0.392774  0.601274  0.359676  0.735175  0.809149  0.467383 0.0  0.635053  0.458377  0.749083  0.745779  0.727187  0.304721  0.205408  0.446014  0.433557  0.440059  0.325364  0.412761  0.408624  0.378416  0.484075  0.565641  0.472527  0.131395  0.541908  0.654102  0.613410  0.318009 
8  0.662113  0.800863  0.407569  0.682571  0.571082  0.654470  0.672448  0.635053 0.0  0.570196  0.248868  0.717916  0.755316  0.660237  0.533131  0.704908  0.773061  0.711622  0.658559  0.541550  0.692143  0.800010  0.387395  0.677656  0.548771  0.588333  0.690383  0.644173  0.747248  0.679155 
9  0.387095  0.523714  0.509229  0.516576  0.536704  0.839698  0.368166  0.458377  0.570196 0.0  0.640410  0.851718  0.490981  0.539247  0.278029  0.461533  0.525264  0.568788  0.518825  0.060143  0.540869  0.531047  0.542999  0.543823  0.470582  0.524175  0.543428  0.556026  0.641910  0.559240 
10  0.806937  0.705340  0.597797  0.647076  0.473725  0.610300  0.726553  0.749083  0.248868  0.640410 0.0  0.759814  0.832480  0.829882  0.652722  0.669194  0.761226  0.696340  0.683414  0.712367  0.803632  0.811593  0.496510  0.771070  0.564518  0.751541  0.820906  0.673134  0.809156  0.726757 
11  0.767743  0.771371  0.718551  0.908150  0.749073  0.365685  0.905410  0.745779  0.717916  0.851718  0.759814 0.0  0.908750  0.879117  1.000000  0.809233  0.888819  0.908124  0.870247  0.905689  0.792205  0.899899  0.802318  0.738037  0.705019  0.842235  0.876312  0.928450  0.919337  0.914103 
12  0.451416  0.550220  0.755797  0.608461  0.675898  0.963454  0.421583  0.727187  0.755316  0.490981  0.832480  0.908750 0.0  0.560950  0.687283  0.506915  0.618198  0.518135  0.632708  0.483615  0.570310  0.547741  0.549711  0.380389  0.623626  0.561805  0.019936  0.569128  0.719875  0.740751 
13  0.372281  0.396363  0.625641  0.251466  0.626223  0.821244  0.344406  0.304721  0.660237  0.539247  0.829882  0.879117  0.560950 0.0  0.455465  0.338663  0.350516  0.351994  0.318198  0.415320  0.180147  0.397832  0.619392  0.649429  0.657782  0.234591  0.504898  0.631261  0.503058  0.326349 
14  0.446266  0.431858  0.565776  0.447066  0.452240  0.861532  0.528565  0.205408  0.533131  0.278029  0.652722  1.000000  0.687283  0.455465 0.0  0.465881  0.552639  0.474161  0.321857  0.275928  0.457005  0.428314  0.619813  0.634802  0.428394  0.346713  0.615649  0.588101  0.521440  0.261932 
15  0.139939  0.272878  0.678396  0.386584  0.606969  0.901089  0.240313  0.446014  0.704908  0.461533  0.669194  0.809233  0.506915  0.338663  0.465881 0.0  0.412376  0.381357  0.296869  0.321034  0.447015  0.247912  0.575219  0.617806  0.536815  0.382054  0.449375  0.591097  0.517653  0.417430 
16  0.509116  0.350920  0.720128  0.251958  0.558647  0.756007  0.603906  0.433557  0.773061  0.525264  0.761226  0.888819  0.618198  0.350516  0.552639  0.412376 0.0  0.291648  0.460898  0.545443  0.072089  0.344111  0.715238  0.701840  0.621430  0.565754  0.614694  0.718975  0.406179  0.429530 
17  0.475535  0.223184  0.751064  0.363776  0.661394  0.790810  0.314368  0.440059  0.711622  0.568788  0.696340  0.908124  0.518135  0.351994  0.474161  0.381357  0.291648 0.0  0.386187  0.527651  0.401860  0.227483  0.707057  0.488535  0.726705  0.509572  0.673266  0.660721  0.478537  0.502878 
18  0.357188  0.024565  0.677836  0.258807  0.644564  0.866082  0.343288  0.325364  0.658559  0.518825  0.683414  0.870247  0.632708  0.318198  0.321857  0.296869  0.460898  0.386187 0.0  0.437903  0.400311  0.271676  0.587077  0.585992  0.636880  0.409811  0.592013  0.639035  0.473025  0.491214 
19  0.269272  0.482901  0.578384  0.565339  0.647597  0.799368  0.427353  0.412761  0.541550  0.060143  0.712367  0.905689  0.483615  0.415320  0.275928  0.321034  0.545443  0.527651  0.437903 0.0  0.546072  0.419416  0.536971  0.505064  0.475019  0.487075  0.517520  0.685781  0.628921  0.496240 
20  0.549275  0.357001  0.746457  0.082136  0.546612  0.669445  0.536430  0.408624  0.692143  0.540869  0.803632  0.792205  0.570310  0.180147  0.457005  0.447015  0.072089  0.401860  0.400311  0.546072 0.0  0.415553  0.662516  0.665912  0.683471  0.414750  0.563905  0.628978  0.324307  0.433759 
21  0.414852  0.054297  0.714657  0.387548  0.771491  0.825251  0.203212  0.378416  0.800010  0.531047  0.811593  0.899899  0.547741  0.397832  0.428314  0.247912  0.344111  0.227483  0.271676  0.419416  0.415553 0.0  0.722983  0.586646  0.698991  0.531727  0.468978  0.631502  0.616157  0.610241 
22  0.536785  0.668848  0.233041  0.680307  0.476119  0.742134  0.649538  0.484075  0.387395  0.542999  0.496510  0.802318  0.549711  0.619392  0.619813  0.575219  0.715238  0.707057  0.587077  0.536971  0.662516  0.722983 0.0  0.610312  0.350586  0.544351  0.770545  0.587991  0.662996  0.599700 
23  0.547407  0.665710  0.511929  0.613438  0.668450  0.856991  0.528184  0.565641  0.677656  0.543823  0.771070  0.738037  0.380389  0.649429  0.634802  0.617806  0.701840  0.488535  0.585992  0.505064  0.665912  0.586646  0.610312 0.0  0.518103  0.633540  0.527350  0.349779  0.760766  0.633604 
24  0.493772  0.573225  0.248479  0.655528  0.491982  0.801960  0.536993  0.472527  0.548771  0.470582  0.564518  0.705019  0.623626  0.657782  0.428394  0.536815  0.621430  0.726705  0.636880  0.475019  0.683471  0.698991  0.350586  0.518103 0.0  0.536063  0.575100  0.693137  0.600729  0.499559 
25  0.456988  0.541451  0.673491  0.401842  0.499200  0.772071  0.527013  0.131395  0.588333  0.524175  0.751541  0.842235  0.561805  0.234591  0.346713  0.382054  0.565754  0.509572  0.409811  0.487075  0.414750  0.531727  0.544351  0.633540  0.536063 0.0  0.597417  0.696958  0.589324  0.127444 
26  0.563010  0.608262  0.684058  0.603391  0.851291  0.857562  0.388199  0.541908  0.690383  0.543428  0.820906  0.876312  0.019936  0.504898  0.615649  0.449375  0.614694  0.673266  0.592013  0.517520  0.563905  0.468978  0.770545  0.527350  0.575100  0.597417 0.0  0.522872  0.691264  0.625689 
27  0.633500  0.546339  0.699008  0.575295  0.817734  0.793207  0.703941  0.654102  0.644173  0.556026  0.673134  0.928450  0.569128  0.631261  0.588101  0.591097  0.718975  0.660721  0.639035  0.685781  0.628978  0.631502  0.587991  0.349779  0.693137  0.696958  0.522872 0.0  0.770288  0.681299 
28  0.700932  0.662047  0.668526  0.510062  0.493938  0.873398  0.634678  0.613410  0.747248  0.641910  0.809156  0.919337  0.719875  0.503058  0.521440  0.517653  0.406179  0.478537  0.473025  0.628921  0.324307  0.616157  0.662996  0.760766  0.600729  0.589324  0.691264  0.770288 0.0  0.467495 
29  0.547773  0.422082  0.592071  0.495942  0.524860  0.810127  0.487844  0.318009  0.679155  0.559240  0.726757  0.914103  0.740751  0.326349  0.261932  0.417430  0.429530  0.502878  0.491214  0.496240  0.433759  0.610241  0.599700  0.633604  0.499559  0.127444  0.625689  0.681299  0.467495 0.0 
