30
0 0.0  0.744879  0.788057  0.762296  0.782294  0.806762  0.783374  0.696453  0.868549  0.944428  0.734872  0.883893  0.843518  0.839596  0.733933  0.799421  0.855273  0.888796  0.853038  0.790212  0.738083  0.771696  0.856952  0.834643  0.869137  0.918818  0.904978  0.731495  0.893500  0.951616 
1  0.744879 0.0  0.818093  0.724136  0.704467  0.564149  0.808795  0.607296  0.823669  0.724773  0.583771  0.581847  0.713304  0.577658  0.573452  0.592597  0.786015  0.561929  0.638753  0.794901  0.709414  0.541472  0.629861  0.663674  0.640165  0.789327  0.241603  0.677017  0.673735  0.622174 
2  0.788057  0.818093 0.0  0.569929  0.601598  0.707014  0.508050  0.911050  0.408913  0.472059  0.879778  0.519093  0.713320  0.669743  0.647501  0.544114  0.348122  0.926860  0.970191  0.403486  0.544179  0.605335  0.804279  0.532000  0.702572  0.454522  0.780870  0.608103  0.810300  0.689598 
3  0.762296  0.724136  0.569929 0.0  0.704445  0.825870  0.654373  0.901448  0.593852  0.339559  0.787079  0.507180  0.539004  0.720565  0.714443  0.677309  0.666107  0.873315  0.829262  0.603412  0.548120  0.692402  0.868752  0.291009  0.330540  0.462266  0.792623  0.690221  0.792965  0.621718 
4  0.782294  0.704467  0.601598  0.704445 0.0  0.612291  0.638922  0.695423  0.600511  0.680077  0.760818  0.671497  0.701405  0.683165  0.564890  0.451023  0.640997  0.876312  0.866148  0.476957  0.607775  0.457919  0.806303  0.912420  0.694789  0.671965  0.666809  0.513865  0.745207  0.712425 
5  0.806762  0.564149  0.707014  0.825870  0.612291 0.0  0.742458  0.581316  0.715430  0.650652  0.698642  0.645060  0.685239  0.706962  0.011766  0.523175  0.700358  0.683867  0.778583  0.657467  0.705860  0.291439  0.738325  0.822340  0.785476  0.622964  0.716849  0.664421  0.725051  0.610686 
6  0.783374  0.808795  0.508050  0.654373  0.638922  0.742458 0.0  0.774449  0.514130  0.457862  0.793404  0.418006  0.437610  0.508641  0.675229  0.586210  0.440711  0.823192  0.943794  0.505064  0.447458  0.678462  0.762056  0.667922  0.642307  0.379703  0.754073  0.644625  0.780131  0.598394 
7  0.696453  0.607296  0.911050  0.901448  0.695423  0.581316  0.774449 0.0  0.814208  0.820349  0.579441  0.790594  0.756770  0.614370  0.611690  0.645097  0.839390  0.622077  0.709546  0.744319  0.819803  0.693959  0.472256  0.810437  0.710479  0.728498  0.496345  0.878893  0.725550  0.581231 
8  0.868549  0.823669  0.408913  0.593852  0.600511  0.715430  0.514130  0.814208 0.0  0.673984  0.743670  0.712081  0.591929  0.613388  0.599714  0.693566  0.211918  0.960805  0.888413  0.722281  0.551433  0.729143  0.875341  0.585924  0.607246  0.482741  0.761691  0.749992  0.742335  0.727233 
9  0.944428  0.724773  0.472059  0.339559  0.680077  0.650652  0.457862  0.820349  0.673984 0.0  0.841189  0.404231  0.348043  0.515917  0.697524  0.682970  0.651881  0.790614  0.753101  0.630742  0.416459  0.657499  0.721117  0.429264  0.177026  0.552809  0.779467  0.763632  0.728799  0.499314 
10  0.734872  0.583771  0.879778  0.787079  0.760818  0.698642  0.793404  0.579441  0.743670  0.841189 0.0  0.785366  0.833432  0.700808  0.700217  0.786440  0.872133  0.642264  0.625777  0.679294  0.768522  0.663055  0.692404  0.898231  0.893847  1.000000  0.660214  0.749015  0.796701  0.636045 
11  0.883893  0.581847  0.519093  0.507180  0.671497  0.645060  0.418006  0.790594  0.712081  0.404231  0.785366 0.0  0.316975  0.340240  0.675123  0.570234  0.494387  0.820995  0.889528  0.539428  0.149137  0.685130  0.857153  0.485285  0.576991  0.566830  0.669057  0.650304  0.587660  0.575967 
12  0.843518  0.713304  0.713320  0.539004  0.701405  0.685239  0.437610  0.756770  0.591929  0.348043  0.833432  0.316975 0.0  0.410129  0.643408  0.587680  0.511293  0.804393  0.887754  0.539341  0.106409  0.613755  0.927792  0.344765  0.484153  0.486172  0.699067  0.689909  0.609637  0.633440 
13  0.839596  0.577658  0.669743  0.720565  0.683165  0.706962  0.508641  0.614370  0.613388  0.515917  0.700808  0.340240  0.410129 0.0  0.637883  0.516594  0.682655  0.781216  0.771550  0.489923  0.367268  0.589326  0.596364  0.693740  0.605462  0.549735  0.580967  0.714063  0.615494  0.410526 
14  0.733933  0.573452  0.647501  0.714443  0.564890  0.011766  0.675229  0.611690  0.599714  0.697524  0.700217  0.675123  0.643408  0.637883 0.0  0.451363  0.691773  0.768142  0.864521  0.517985  0.668003  0.401291  0.714621  0.667444  0.689228  0.794819  0.539333  0.736413  0.673521  0.526114 
15  0.799421  0.592597  0.544114  0.677309  0.451023  0.523175  0.586210  0.645097  0.693566  0.682970  0.786440  0.570234  0.587680  0.516594  0.451363 0.0  0.627758  0.842352  0.792396  0.379637  0.572052  0.393508  0.892263  0.647583  0.653757  0.664254  0.681738  0.714448  0.745564  0.607101 
16  0.855273  0.786015  0.348122  0.666107  0.640997  0.700358  0.440711  0.839390  0.211918  0.651881  0.872133  0.494387  0.511293  0.682655  0.691773  0.627758 0.0  0.846862  0.825265  0.527081  0.637660  0.669234  0.745788  0.653797  0.602429  0.223240  0.835008  0.588314  0.532467  0.665509 
17  0.888796  0.561929  0.926860  0.873315  0.876312  0.683867  0.823192  0.622077  0.960805  0.790614  0.642264  0.820995  0.804393  0.781216  0.768142  0.842352  0.846862 0.0  0.542708  0.807243  0.771703  0.733872  0.534227  0.917891  0.949313  0.729333  0.608889  0.959113  0.858089  0.831734 
18  0.853038  0.638753  0.970191  0.829262  0.866148  0.778583  0.943794  0.709546  0.888413  0.753101  0.625777  0.889528  0.887754  0.771550  0.864521  0.792396  0.825265  0.542708 0.0  0.767540  0.816636  0.656902  0.709205  0.830763  0.798987  0.912459  0.749410  0.848399  0.817490  0.844463 
19  0.790212  0.794901  0.403486  0.603412  0.476957  0.657467  0.505064  0.744319  0.722281  0.630742  0.679294  0.539428  0.539341  0.489923  0.517985  0.379637  0.527081  0.807243  0.767540 0.0  0.537443  0.424969  0.862589  0.655233  0.692668  0.552054  0.677724  0.619200  0.734201  0.643984 
20  0.738083  0.709414  0.544179  0.548120  0.607775  0.705860  0.447458  0.819803  0.551433  0.416459  0.768522  0.149137  0.106409  0.367268  0.668003  0.572052  0.637660  0.771703  0.816636  0.537443 0.0  0.559098  0.785295  0.495562  0.427682  0.496972  0.743191  0.644774  0.700327  0.523054 
21  0.771696  0.541472  0.605335  0.692402  0.457919  0.291439  0.678462  0.693959  0.729143  0.657499  0.663055  0.685130  0.613755  0.589326  0.401291  0.393508  0.669234  0.733872  0.656902  0.424969  0.559098 0.0  0.751497  0.790324  0.782978  0.677915  0.604108  0.629572  0.730285  0.503737 
22  0.856952  0.629861  0.804279  0.868752  0.806303  0.738325  0.762056  0.472256  0.875341  0.721117  0.692404  0.857153  0.927792  0.596364  0.714621  0.892263  0.745788  0.534227  0.709205  0.862589  0.785295  0.751497 0.0  0.784506  0.874380  0.744132  0.621410  0.765078  0.824015  0.764471 
23  0.834643  0.663674  0.532000  0.291009  0.912420  0.822340  0.667922  0.810437  0.585924  0.429264  0.898231  0.485285  0.344765  0.693740  0.667444  0.647583  0.653797  0.917891  0.830763  0.655233  0.495562  0.790324  0.784506 0.0  0.262772  0.576846  0.684958  0.755668  0.590229  0.639453 
24  0.869137  0.640165  0.702572  0.330540  0.694789  0.785476  0.642307  0.710479  0.607246  0.177026  0.893847  0.576991  0.484153  0.605462  0.689228  0.653757  0.602429  0.949313  0.798987  0.692668  0.427682  0.782978  0.874380  0.262772 0.0  0.611733  0.758517  0.832198  0.682988  0.654728 
25  0.918818  0.789327  0.454522  0.462266  0.671965  0.622964  0.379703  0.728498  0.482741  0.552809  1.000000  0.566830  0.486172  0.549735  0.794819  0.664254  0.223240  0.729333  0.912459  0.552054  0.496972  0.677915  0.744132  0.576846  0.611733 0.0  0.737741  0.686204  0.722991  0.508293 
26  0.904978  0.241603  0.780870  0.792623  0.666809  0.716849  0.754073  0.496345  0.761691  0.779467  0.660214  0.669057  0.699067  0.580967  0.539333  0.681738  0.835008  0.608889  0.749410  0.677724  0.743191  0.604108  0.621410  0.684958  0.758517  0.737741 0.0  0.725195  0.726283  0.518224 
27  0.731495  0.677017  0.608103  0.690221  0.513865  0.664421  0.644625  0.878893  0.749992  0.763632  0.749015  0.650304  0.689909  0.714063  0.736413  0.714448  0.588314  0.959113  0.848399  0.619200  0.644774  0.629572  0.765078  0.755668  0.832198  0.686204  0.725195 0.0  0.817584  0.861809 
28  0.893500  0.673735  0.810300  0.792965  0.745207  0.725051  0.780131  0.725550  0.742335  0.728799  0.796701  0.587660  0.609637  0.615494  0.673521  0.745564  0.532467  0.858089  0.817490  0.734201  0.700327  0.730285  0.824015  0.590229  0.682988  0.722991  0.726283  0.817584 0.0  0.530487 
29  0.951616  0.622174  0.689598  0.621718  0.712425  0.610686  0.598394  0.581231  0.727233  0.499314  0.636045  0.575967  0.633440  0.410526  0.526114  0.607101  0.665509  0.831734  0.844463  0.643984  0.523054  0.503737  0.764471  0.639453  0.654728  0.508293  0.518224  0.861809  0.530487 0.0 
