30
0 0.0  0.218329  0.655116  0.632092  0.703180  0.425381  0.769510  0.697883  0.639756  0.580417  0.344787  0.481135  0.839326  0.683285  0.828505  0.703547  0.668478  0.615013  0.780256  0.573442  0.655393  0.658982  0.314603  0.733022  0.725451  0.725407  0.704478  0.710177  0.786658  0.777600 
1  0.218329 0.0  0.722845  0.689378  0.736367  0.555875  0.729470  0.725626  0.781121  0.525993  0.334457  0.459036  0.763143  0.605050  0.747267  0.667649  0.710705  0.663248  0.632194  0.547180  0.635553  0.691515  0.430016  0.751498  0.730548  0.678250  0.731236  0.682332  0.755386  0.767399 
2  0.655116  0.722845 0.0  0.646107  0.642152  0.656396  0.493520  0.437238  0.512226  0.375487  0.482306  0.481281  0.508985  0.585102  0.581050  0.496352  0.517584  0.349609  0.064330  0.452419  0.544215  0.498010  0.607116  0.443086  0.552639  0.536310  0.510234  0.635081  0.552960  0.952741 
3  0.632092  0.689378  0.646107 0.0  0.448783  0.590323  0.432430  0.549276  0.340298  0.558795  0.532199  0.561341  0.380686  0.442883  0.432134  0.663084  0.633783  0.368768  0.642058  0.620094  0.447632  0.499732  0.754718  0.374724  0.476674  0.488450  0.549427  0.550602  0.796739  0.881320 
4  0.703180  0.736367  0.642152  0.448783 0.0  0.713480  0.411500  0.445004  0.506576  0.472118  0.722808  0.714506  0.312814  0.287001  0.084456  0.684881  0.720296  0.463215  0.500393  0.585992  0.315675  0.264160  0.830250  0.320668  0.026698  0.298911  0.538703  0.447045  0.840527  0.949420 
5  0.425381  0.555875  0.656396  0.590323  0.713480 0.0  0.541418  0.630547  0.625082  0.631664  0.377095  0.460641  0.652778  0.670243  0.633887  0.791830  0.736608  0.557850  0.614815  0.426711  0.644532  0.787628  0.566758  0.574233  0.709504  0.628031  0.762778  0.723051  0.775816  0.838468 
6  0.769510  0.729470  0.493520  0.432430  0.411500  0.541418 0.0  0.178242  0.385483  0.355153  0.628787  0.688213  0.390003  0.274942  0.300803  0.516896  0.444857  0.461232  0.518288  0.530630  0.100672  0.268251  0.762810  0.199736  0.434170  0.295905  0.473187  0.483455  0.668876  0.871495 
7  0.697883  0.725626  0.437238  0.549276  0.445004  0.630547  0.178242 0.0  0.486764  0.217757  0.633594  0.602819  0.534941  0.406019  0.270626  0.464670  0.484309  0.403467  0.320935  0.569201  0.353997  0.324517  0.657767  0.357812  0.590182  0.311785  0.310476  0.652481  0.715498  0.857116 
8  0.639756  0.781121  0.512226  0.340298  0.506576  0.625082  0.385483  0.486764 0.0  0.473509  0.501475  0.527645  0.458209  0.304570  0.478459  0.482146  0.665874  0.240662  0.432618  0.523726  0.359383  0.414026  0.553333  0.213464  0.438013  0.376592  0.500727  0.486124  0.575586  0.813352 
9  0.580417  0.525993  0.375487  0.558795  0.472118  0.631664  0.355153  0.217757  0.473509 0.0  0.582430  0.580347  0.559830  0.400966  0.415498  0.491272  0.520541  0.311766  0.167478  0.463550  0.509490  0.506553  0.645876  0.373211  0.592078  0.494306  0.450594  0.702506  0.555321  0.809844 
10  0.344787  0.334457  0.482306  0.532199  0.722808  0.377095  0.628787  0.633594  0.501475  0.582430 0.0  0.098000  0.706440  0.641886  0.717255  0.691379  0.751397  0.450275  0.565050  0.349278  0.625087  0.668250  0.297589  0.589900  0.802288  0.581422  0.678201  0.644670  0.697716  0.812817 
11  0.481135  0.459036  0.481281  0.561341  0.714506  0.460641  0.688213  0.602819  0.527645  0.580347  0.098000 0.0  0.656927  0.675168  0.615837  0.685134  0.682943  0.479251  0.529005  0.368619  0.704196  0.638099  0.423664  0.567145  0.632020  0.717761  0.737107  0.685420  0.589677  0.765178 
12  0.839326  0.763143  0.508985  0.380686  0.312814  0.652778  0.390003  0.534941  0.458209  0.559830  0.706440  0.656927 0.0  0.241431  0.190069  0.685747  0.673090  0.470785  0.519244  0.549983  0.306766  0.447918  0.760237  0.342830  0.324899  0.221389  0.613858  0.373391  0.813123  0.934043 
13  0.683285  0.605050  0.585102  0.442883  0.287001  0.670243  0.274942  0.406019  0.304570  0.400966  0.641886  0.675168  0.241431 0.0  0.075690  0.585480  0.722793  0.414785  0.466494  0.754858  0.009054  0.228301  0.673558  0.150368  0.334436  0.228881  0.537364  0.573564  0.689755  0.907794 
14  0.828505  0.747267  0.581050  0.432134  0.084456  0.633887  0.300803  0.270626  0.478459  0.415498  0.717255  0.615837  0.190069  0.075690 0.0  0.528568  0.555874  0.581480  0.581446  0.605680  0.295875  0.255812  0.727064  0.336346  0.211804  0.339571  0.575107  0.382761  0.740927  0.918440 
15  0.703547  0.667649  0.496352  0.663084  0.684881  0.791830  0.516896  0.464670  0.482146  0.491272  0.691379  0.685134  0.685747  0.585480  0.528568 0.0  0.106546  0.536298  0.486029  0.608032  0.668364  0.573901  0.718556  0.575011  0.591617  0.509239  0.304241  0.667428  0.587676  1.000000 
16  0.668478  0.710705  0.517584  0.633783  0.720296  0.736608  0.444857  0.484309  0.665874  0.520541  0.751397  0.682943  0.673090  0.722793  0.555874  0.106546 0.0  0.704626  0.599992  0.501871  0.726086  0.569471  0.685311  0.570615  0.638276  0.551763  0.352952  0.704516  0.505144  0.959929 
17  0.615013  0.663248  0.349609  0.368768  0.463215  0.557850  0.461232  0.403467  0.240662  0.311766  0.450275  0.479251  0.470785  0.414785  0.581480  0.536298  0.704626 0.0  0.315045  0.584128  0.485759  0.548461  0.490816  0.315440  0.511098  0.403101  0.534350  0.619664  0.637466  0.766783 
18  0.780256  0.632194  0.064330  0.642058  0.500393  0.614815  0.518288  0.320935  0.432618  0.167478  0.565050  0.529005  0.519244  0.466494  0.581446  0.486029  0.599992  0.315045 0.0  0.403890  0.491390  0.453697  0.578108  0.500846  0.524451  0.423928  0.446992  0.635859  0.440180  0.925587 
19  0.573442  0.547180  0.452419  0.620094  0.585992  0.426711  0.530630  0.569201  0.523726  0.463550  0.349278  0.368619  0.549983  0.754858  0.605680  0.608032  0.501871  0.584128  0.403890 0.0  0.636631  0.541128  0.463567  0.609132  0.693438  0.697297  0.628748  0.769161  0.640871  0.845024 
20  0.655393  0.635553  0.544215  0.447632  0.315675  0.644532  0.100672  0.353997  0.359383  0.509490  0.625087  0.704196  0.306766  0.009054  0.295875  0.668364  0.726086  0.485759  0.491390  0.636631 0.0  0.243013  0.567618  0.021541  0.237417  0.331450  0.591377  0.517937  0.749716  0.787280 
21  0.658982  0.691515  0.498010  0.499732  0.264160  0.787628  0.268251  0.324517  0.414026  0.506553  0.668250  0.638099  0.447918  0.228301  0.255812  0.573901  0.569471  0.548461  0.453697  0.541128  0.243013 0.0  0.787469  0.288265  0.353694  0.005136  0.459505  0.442699  0.809663  0.832278 
22  0.314603  0.430016  0.607116  0.754718  0.830250  0.566758  0.762810  0.657767  0.553333  0.645876  0.297589  0.423664  0.760237  0.673558  0.727064  0.718556  0.685311  0.490816  0.578108  0.463567  0.567618  0.787469 0.0  0.735289  0.719026  0.587154  0.660498  0.763570  0.635814  0.828310 
23  0.733022  0.751498  0.443086  0.374724  0.320668  0.574233  0.199736  0.357812  0.213464  0.373211  0.589900  0.567145  0.342830  0.150368  0.336346  0.575011  0.570615  0.315440  0.500846  0.609132  0.021541  0.288265  0.735289 0.0  0.403948  0.430609  0.599140  0.649845  0.684539  0.907531 
24  0.725451  0.730548  0.552639  0.476674  0.026698  0.709504  0.434170  0.590182  0.438013  0.592078  0.802288  0.632020  0.324899  0.334436  0.211804  0.591617  0.638276  0.511098  0.524451  0.693438  0.237417  0.353694  0.719026  0.403948 0.0  0.366119  0.565333  0.393449  0.794965  0.947285 
25  0.725407  0.678250  0.536310  0.488450  0.298911  0.628031  0.295905  0.311785  0.376592  0.494306  0.581422  0.717761  0.221389  0.228881  0.339571  0.509239  0.551763  0.403101  0.423928  0.697297  0.331450  0.005136  0.587154  0.430609  0.366119 0.0  0.463732  0.461399  0.685247  0.804960 
26  0.704478  0.731236  0.510234  0.549427  0.538703  0.762778  0.473187  0.310476  0.500727  0.450594  0.678201  0.737107  0.613858  0.537364  0.575107  0.304241  0.352952  0.534350  0.446992  0.628748  0.591377  0.459505  0.660498  0.599140  0.565333  0.463732 0.0  0.771980  0.628683  0.883882 
27  0.710177  0.682332  0.635081  0.550602  0.447045  0.723051  0.483455  0.652481  0.486124  0.702506  0.644670  0.685420  0.373391  0.573564  0.382761  0.667428  0.704516  0.619664  0.635859  0.769161  0.517937  0.442699  0.763570  0.649845  0.393449  0.461399  0.771980 0.0  0.814108  0.875127 
28  0.786658  0.755386  0.552960  0.796739  0.840527  0.775816  0.668876  0.715498  0.575586  0.555321  0.697716  0.589677  0.813123  0.689755  0.740927  0.587676  0.505144  0.637466  0.440180  0.640871  0.749716  0.809663  0.635814  0.684539  0.794965  0.685247  0.628683  0.814108 0.0  0.837042 
29  0.777600  0.767399  0.952741  0.881320  0.949420  0.838468  0.871495  0.857116  0.813352  0.809844  0.812817  0.765178  0.934043  0.907794  0.918440  1.000000  0.959929  0.766783  0.925587  0.845024  0.787280  0.832278  0.828310  0.907531  0.947285  0.804960  0.883882  0.875127  0.837042 0.0 
