30
0 0.0  0.398558  0.694334  0.751212  0.313891  0.471311  0.898959  0.373956  0.601186  0.635283  0.326573  0.453845  0.685648  0.416741  0.931517  0.407531  0.699066  0.719584  0.447529  0.221889  0.416502  0.469726  0.502959  0.033969  0.736419  0.459949  0.478303  0.548714  0.498382  0.695178 
1  0.398558 0.0  0.681250  0.722522  0.526484  0.439268  0.919523  0.176933  0.462132  0.709486  0.529234  0.260703  0.698063  0.264304  0.848721  0.348031  0.689638  0.793077  0.620273  0.151868  0.257240  0.560595  0.553452  0.347159  0.787171  0.242155  0.535094  0.683717  0.620773  0.518379 
2  0.694334  0.681250 0.0  0.441946  0.654860  0.639172  0.734438  0.634668  0.749760  0.620916  0.608463  0.682296  0.551843  0.630678  0.836372  0.614174  0.223072  0.541055  0.729518  0.596847  0.699216  0.432947  0.531328  0.816797  0.474001  0.630047  0.583868  0.642702  0.719476  0.207654 
3  0.751212  0.722522  0.441946 0.0  0.737427  0.621428  0.725179  0.801742  0.787280  0.726245  0.704059  0.658045  0.590889  0.664765  0.604048  0.696480  0.310564  0.360374  0.729533  0.720443  0.793111  0.658657  0.652324  0.791063  0.316164  0.896766  0.714349  0.670975  0.642197  0.406397 
4  0.313891  0.526484  0.654860  0.737427 0.0  0.607235  0.875543  0.582934  0.662063  0.624469  0.180761  0.523432  0.596493  0.419786  0.783464  0.493542  0.705057  0.710334  0.287232  0.513515  0.477161  0.498826  0.584435  0.529076  0.724729  0.685641  0.308122  0.489181  0.477574  0.690165 
5  0.471311  0.439268  0.639172  0.621428  0.607235 0.0  0.873282  0.457552  0.572357  0.762719  0.569405  0.356931  0.711953  0.228878  0.867759  0.010112  0.720083  0.824465  0.656357  0.381841  0.423150  0.538427  0.218118  0.452072  0.642382  0.482779  0.541392  0.614978  0.609445  0.612317 
6  0.898959  0.919523  0.734438  0.725179  0.875543  0.873282 0.0  0.915738  0.779034  0.756088  0.935131  0.864186  0.826673  0.761214  0.364437  0.851749  0.797719  0.643597  0.830764  0.862964  0.848721  0.892666  0.837414  0.798831  0.685733  0.969547  0.914579  0.868968  0.844417  0.608781 
7  0.373956  0.176933  0.634668  0.801742  0.582934  0.457552  0.915738 0.0  0.382491  0.694916  0.497492  0.220779  0.715184  0.356954  0.885290  0.472583  0.762792  0.750391  0.516767  0.283863  0.196123  0.648513  0.647161  0.364528  0.793974  0.141472  0.470277  0.618106  0.563094  0.793782 
8  0.601186  0.462132  0.749760  0.787280  0.662063  0.572357  0.779034  0.382491 0.0  0.782011  0.701789  0.523657  0.750267  0.600864  0.836341  0.563052  0.738272  0.808675  0.724016  0.523133  0.410752  0.694675  0.584327  0.463780  0.822567  0.415204  0.519193  0.726863  0.727593  0.668756 
9  0.635283  0.709486  0.620916  0.726245  0.624469  0.762719  0.756088  0.694916  0.782011 0.0  0.603802  0.770680  0.337721  0.641523  0.819623  0.689169  0.640813  0.723622  0.533511  0.784396  0.738941  0.635675  0.659233  0.631070  0.770488  0.768718  0.663026  0.621111  0.562228  0.704746 
10  0.326573  0.529234  0.608463  0.704059  0.180761  0.569405  0.935131  0.497492  0.701789  0.603802 0.0  0.480743  0.506923  0.518182  0.755439  0.363369  0.762766  0.702329  0.278586  0.381127  0.557714  0.343153  0.524606  0.391073  0.754822  0.538570  0.263130  0.365148  0.510533  0.594292 
11  0.453845  0.260703  0.682296  0.658045  0.523432  0.356931  0.864186  0.220779  0.523657  0.770680  0.480743 0.0  0.601638  0.000000  0.767754  0.409484  0.693045  0.712479  0.634538  0.054704  0.326583  0.540488  0.425733  0.372983  0.725470  0.334233  0.534785  0.543441  0.505747  0.692422 
12  0.685648  0.698063  0.551843  0.590889  0.596493  0.711953  0.826673  0.715184  0.750267  0.337721  0.506923  0.601638 0.0  0.638483  0.738603  0.575572  0.664543  0.846168  0.546939  0.723262  0.642243  0.491585  0.639718  0.710357  0.780061  0.637091  0.558275  0.525409  0.441632  0.708838 
13  0.416741  0.264304  0.630678  0.664765  0.419786  0.228878  0.761214  0.356954  0.600864  0.641523  0.518182  0.000000  0.638483 0.0  0.911970  0.196214  0.788404  0.828424  0.539769  0.279815  0.458142  0.530379  0.296151  0.485048  0.705969  0.407371  0.289256  0.457021  0.653681  0.585302 
14  0.931517  0.848721  0.836372  0.604048  0.783464  0.867759  0.364437  0.885290  0.836341  0.819623  0.755439  0.767754  0.738603  0.911970 0.0  0.847500  0.837865  0.735049  1.000000  0.892949  0.934796  0.834333  0.902742  0.946844  0.679651  0.832611  0.857221  0.993947  0.749349  0.801484 
15  0.407531  0.348031  0.614174  0.696480  0.493542  0.010112  0.851749  0.472583  0.563052  0.689169  0.363369  0.409484  0.575572  0.196214  0.847500 0.0  0.716134  0.727228  0.581940  0.329708  0.535768  0.433802  0.104019  0.452485  0.774930  0.495839  0.366485  0.509772  0.593262  0.512219 
16  0.699066  0.689638  0.223072  0.310564  0.705057  0.720083  0.797719  0.762792  0.738272  0.640813  0.762766  0.693045  0.664543  0.788404  0.837865  0.716134 0.0  0.467303  0.785420  0.618435  0.716872  0.649962  0.557740  0.677678  0.267876  0.730570  0.670789  0.746827  0.701593  0.396768 
17  0.719584  0.793077  0.541055  0.360374  0.710334  0.824465  0.643597  0.750391  0.808675  0.723622  0.702329  0.712479  0.846168  0.828424  0.735049  0.727228  0.467303 0.0  0.789478  0.680811  0.762272  0.687516  0.608148  0.625331  0.390573  0.944802  0.668241  0.787662  0.757715  0.469641 
18  0.447529  0.620273  0.729518  0.729533  0.287232  0.656357  0.830764  0.516767  0.724016  0.533511  0.278586  0.634538  0.546939  0.539769  1.000000  0.581940  0.785420  0.789478 0.0  0.471043  0.674704  0.404311  0.596081  0.407890  0.722205  0.672302  0.539235  0.229120  0.420161  0.714270 
19  0.221889  0.151868  0.596847  0.720443  0.513515  0.381841  0.862964  0.283863  0.523133  0.784396  0.381127  0.054704  0.723262  0.279815  0.892949  0.329708  0.618435  0.680811  0.471043 0.0  0.276612  0.539675  0.437309  0.275103  0.775912  0.309527  0.443162  0.594126  0.653048  0.682062 
20  0.416502  0.257240  0.699216  0.793111  0.477161  0.423150  0.848721  0.196123  0.410752  0.738941  0.557714  0.326583  0.642243  0.458142  0.934796  0.535768  0.716872  0.762272  0.674704  0.276612 0.0  0.614015  0.528280  0.293629  0.782218  0.210189  0.482962  0.524500  0.560360  0.790142 
21  0.469726  0.560595  0.432947  0.658657  0.498826  0.538427  0.892666  0.648513  0.694675  0.635675  0.343153  0.540488  0.491585  0.530379  0.834333  0.433802  0.649962  0.687516  0.404311  0.539675  0.614015 0.0  0.433705  0.540737  0.719903  0.672052  0.301560  0.442558  0.547223  0.519002 
22  0.502959  0.553452  0.531328  0.652324  0.584435  0.218118  0.837414  0.647161  0.584327  0.659233  0.524606  0.425733  0.639718  0.296151  0.902742  0.104019  0.557740  0.608148  0.596081  0.437309  0.528280  0.433705 0.0  0.497493  0.523343  0.416164  0.411818  0.634157  0.741546  0.521463 
23  0.033969  0.347159  0.816797  0.791063  0.529076  0.452072  0.798831  0.364528  0.463780  0.631070  0.391073  0.372983  0.710357  0.485048  0.946844  0.452485  0.677678  0.625331  0.407890  0.275103  0.293629  0.540737  0.497493 0.0  0.790381  0.414576  0.440258  0.527167  0.500783  0.686818 
24  0.736419  0.787171  0.474001  0.316164  0.724729  0.642382  0.685733  0.793974  0.822567  0.770488  0.754822  0.725470  0.780061  0.705969  0.679651  0.774930  0.267876  0.390573  0.722205  0.775912  0.782218  0.719903  0.523343  0.790381 0.0  0.668882  0.705784  0.765050  0.943195  0.456601 
25  0.459949  0.242155  0.630047  0.896766  0.685641  0.482779  0.969547  0.141472  0.415204  0.768718  0.538570  0.334233  0.637091  0.407371  0.832611  0.495839  0.730570  0.944802  0.672302  0.309527  0.210189  0.672052  0.416164  0.414576  0.668882 0.0  0.530428  0.556720  0.694289  0.748299 
26  0.478303  0.535094  0.583868  0.714349  0.308122  0.541392  0.914579  0.470277  0.519193  0.663026  0.263130  0.534785  0.558275  0.289256  0.857221  0.366485  0.670789  0.668241  0.539235  0.443162  0.482962  0.301560  0.411818  0.440258  0.705784  0.530428 0.0  0.511552  0.482558  0.634310 
27  0.548714  0.683717  0.642702  0.670975  0.489181  0.614978  0.868968  0.618106  0.726863  0.621111  0.365148  0.543441  0.525409  0.457021  0.993947  0.509772  0.746827  0.787662  0.229120  0.594126  0.524500  0.442558  0.634157  0.527167  0.765050  0.556720  0.511552 0.0  0.070280  0.664273 
28  0.498382  0.620773  0.719476  0.642197  0.477574  0.609445  0.844417  0.563094  0.727593  0.562228  0.510533  0.505747  0.441632  0.653681  0.749349  0.593262  0.701593  0.757715  0.420161  0.653048  0.560360  0.547223  0.741546  0.500783  0.943195  0.694289  0.482558  0.070280 0.0  0.662700 
29  0.695178  0.518379  0.207654  0.406397  0.690165  0.612317  0.608781  0.793782  0.668756  0.704746  0.594292  0.692422  0.708838  0.585302  0.801484  0.512219  0.396768  0.469641  0.714270  0.682062  0.790142  0.519002  0.521463  0.686818  0.456601  0.748299  0.634310  0.664273  0.662700 0.0 
