30
0 0.0  0.838516  0.756175  0.562861  0.487139  0.576954  0.847859  0.738384  0.519245  0.252898  0.697998  0.687346  0.434404  0.562437  0.864561  0.614373  0.165564  0.633658  0.777927  0.809671  0.626082  0.401295  0.764703  0.651128  0.528519  0.269033  0.699060  0.547370  0.677909  0.667528 
1  0.838516 0.0  0.842699  0.757223  1.000000  0.920837  0.956901  0.895182  0.938246  0.864895  0.893687  0.904327  0.634979  0.738478  0.968850  0.973988  0.952655  0.964482  0.913874  0.917605  0.983384  0.816231  0.993296  0.962293  0.857341  0.867877  0.850314  0.805917  0.943082  0.803988 
2  0.756175  0.842699 0.0  0.718208  0.500665  0.644733  0.629375  0.442637  0.613587  0.587302  0.584916  0.348694  0.653896  0.651907  0.650754  0.657282  0.721641  0.648165  0.527638  0.717177  0.675702  0.610523  0.583182  0.598533  0.428844  0.734530  0.443517  0.703289  0.553376  0.447417 
3  0.562861  0.757223  0.718208 0.0  0.692450  0.568067  0.650250  0.845709  0.575056  0.541015  0.703220  0.782512  0.407760  0.538170  0.779773  0.828405  0.372168  0.771300  0.739212  0.859214  0.772572  0.603417  0.778324  0.782728  0.623136  0.543678  0.831827  0.632579  0.822309  0.654446 
4  0.487139  1.000000  0.500665  0.692450 0.0  0.222235  0.609268  0.479950  0.489207  0.553794  0.488530  0.523892  0.537817  0.742320  0.637650  0.725449  0.502978  0.482049  0.670426  0.772635  0.559701  0.638922  0.655673  0.601969  0.529151  0.321591  0.591704  0.562031  0.656900  0.451559 
5  0.576954  0.920837  0.644733  0.568067  0.222235 0.0  0.624384  0.533334  0.469168  0.667185  0.361332  0.408720  0.740460  0.689293  0.705511  0.627293  0.665221  0.360521  0.642488  0.702870  0.662698  0.495241  0.631034  0.483017  0.584689  0.486830  0.458954  0.515792  0.508499  0.435290 
6  0.847859  0.956901  0.629375  0.650250  0.609268  0.624384 0.0  0.408198  0.686741  0.821413  0.719026  0.635477  0.688833  0.765842  0.285181  0.567011  0.774218  0.536427  0.461937  0.342239  0.422722  0.788302  0.391226  0.564131  0.661176  0.760569  0.604717  0.735860  0.490466  0.668281 
7  0.738384  0.895182  0.442637  0.845709  0.479950  0.533334  0.408198 0.0  0.561257  0.611210  0.547719  0.321429  0.787514  0.673751  0.353742  0.336313  0.788240  0.425455  0.242412  0.559818  0.350058  0.579787  0.417409  0.282977  0.552191  0.688489  0.039844  0.555552  0.064667  0.399488 
8  0.519245  0.938246  0.613587  0.575056  0.489207  0.469168  0.686741  0.561257 0.0  0.653875  0.634288  0.345471  0.670382  0.601227  0.641576  0.572652  0.576478  0.499533  0.612064  0.771995  0.640928  0.422707  0.693569  0.581218  0.035027  0.462621  0.415584  0.630822  0.527287  0.412020 
9  0.252898  0.864895  0.587302  0.541015  0.553794  0.667185  0.821413  0.611210  0.653875 0.0  0.684944  0.736714  0.444371  0.495994  0.682890  0.658697  0.160614  0.738435  0.681713  0.937866  0.766604  0.382755  0.721286  0.602588  0.651403  0.412298  0.759453  0.707735  0.757977  0.710649 
10  0.697998  0.893687  0.584916  0.703220  0.488530  0.361332  0.719026  0.547719  0.634288  0.684944 0.0  0.564475  0.677809  0.682468  0.608053  0.399199  0.732328  0.510512  0.680334  0.744585  0.425775  0.777454  0.456207  0.455910  0.637245  0.650725  0.432755  0.573084  0.656889  0.558618 
11  0.687346  0.904327  0.348694  0.782512  0.523892  0.408720  0.635477  0.321429  0.345471  0.736714  0.564475 0.0  0.743686  0.659665  0.482050  0.466926  0.714827  0.458746  0.446429  0.631356  0.505612  0.676751  0.589330  0.418321  0.505307  0.606679  0.279176  0.602744  0.328310  0.234290 
12  0.434404  0.634979  0.653896  0.407760  0.537817  0.740460  0.688833  0.787514  0.670382  0.444371  0.677809  0.743686 0.0  0.336626  0.839274  0.812430  0.603622  0.695402  0.702840  0.751383  0.804730  0.519649  0.675623  0.936748  0.566169  0.626028  0.812659  0.734748  0.811509  0.639639 
13  0.562437  0.738478  0.651907  0.538170  0.742320  0.689293  0.765842  0.673751  0.601227  0.495994  0.682468  0.659665  0.336626 0.0  0.686015  0.640454  0.679884  0.623774  0.746700  0.809153  0.860348  0.476320  0.740548  0.726551  0.581646  0.684129  0.717465  0.716473  0.882486  0.734349 
14  0.864561  0.968850  0.650754  0.779773  0.637650  0.705511  0.285181  0.353742  0.641576  0.682890  0.608053  0.482050  0.839274  0.686015 0.0  0.407393  0.751309  0.504291  0.176574  0.508068  0.510434  0.857052  0.404690  0.511191  0.690680  0.626366  0.405697  0.779142  0.361875  0.533889 
15  0.614373  0.973988  0.657282  0.828405  0.725449  0.627293  0.567011  0.336313  0.572652  0.658697  0.399199  0.466926  0.812430  0.640454  0.407393 0.0  0.719963  0.415196  0.421561  0.625870  0.155619  0.671636  0.002917  0.215650  0.729717  0.560750  0.392882  0.821128  0.436449  0.531799 
16  0.165564  0.952655  0.721641  0.372168  0.502978  0.665221  0.774218  0.788240  0.576478  0.160614  0.732328  0.714827  0.603622  0.679884  0.751309  0.719963 0.0  0.624116  0.746421  0.809241  0.666983  0.420278  0.607984  0.657701  0.523374  0.204041  0.609076  0.663046  0.727570  0.607294 
17  0.633658  0.964482  0.648165  0.771300  0.482049  0.360521  0.536427  0.425455  0.499533  0.738435  0.510512  0.458746  0.695402  0.623774  0.504291  0.415196  0.624116 0.0  0.455928  0.621757  0.286435  0.753554  0.379882  0.481233  0.608544  0.727199  0.473240  0.736065  0.510706  0.557961 
18  0.777927  0.913874  0.527638  0.739212  0.670426  0.642488  0.461937  0.242412  0.612064  0.681713  0.680334  0.446429  0.702840  0.746700  0.176574  0.421561  0.746421  0.455928 0.0  0.521861  0.489286  0.747588  0.397159  0.204478  0.539445  0.709691  0.308733  0.815734  0.206193  0.455132 
19  0.809671  0.917605  0.717177  0.859214  0.772635  0.702870  0.342239  0.559818  0.771995  0.937866  0.744585  0.631356  0.751383  0.809153  0.508068  0.625870  0.809241  0.621757  0.521861 0.0  0.707476  0.770429  0.568592  0.569446  0.761910  0.676830  0.516820  0.795750  0.589350  0.713902 
20  0.626082  0.983384  0.675702  0.772572  0.559701  0.662698  0.422722  0.350058  0.640928  0.766604  0.425775  0.505612  0.804730  0.860348  0.510434  0.155619  0.666983  0.286435  0.489286  0.707476 0.0  0.549727  0.073756  0.242212  0.613647  0.621353  0.432779  0.732386  0.335733  0.601797 
21  0.401295  0.816231  0.610523  0.603417  0.638922  0.495241  0.788302  0.579787  0.422707  0.382755  0.777454  0.676751  0.519649  0.476320  0.857052  0.671636  0.420278  0.753554  0.747588  0.770429  0.549727 0.0  0.649033  0.602597  0.355718  0.545542  0.629798  0.686046  0.746895  0.594997 
22  0.764703  0.993296  0.583182  0.778324  0.655673  0.631034  0.391226  0.417409  0.693569  0.721286  0.456207  0.589330  0.675623  0.740548  0.404690  0.002917  0.607984  0.379882  0.397159  0.568592  0.073756  0.649033 0.0  0.242678  0.765368  0.719680  0.420359  0.568857  0.477311  0.607138 
23  0.651128  0.962293  0.598533  0.782728  0.601969  0.483017  0.564131  0.282977  0.581218  0.602588  0.455910  0.418321  0.936748  0.726551  0.511191  0.215650  0.657701  0.481233  0.204478  0.569446  0.242212  0.602597  0.242678 0.0  0.610199  0.622688  0.368620  0.788297  0.328047  0.494351 
24  0.528519  0.857341  0.428844  0.623136  0.529151  0.584689  0.661176  0.552191  0.035027  0.651403  0.637245  0.505307  0.566169  0.581646  0.690680  0.729717  0.523374  0.608544  0.539445  0.761910  0.613647  0.355718  0.765368  0.610199 0.0  0.588598  0.562049  0.679536  0.645294  0.647718 
25  0.269033  0.867877  0.734530  0.543678  0.321591  0.486830  0.760569  0.688489  0.462621  0.412298  0.650725  0.606679  0.626028  0.684129  0.626366  0.560750  0.204041  0.727199  0.709691  0.676830  0.621353  0.545542  0.719680  0.622688  0.588598 0.0  0.614319  0.437763  0.721871  0.691156 
26  0.699060  0.850314  0.443517  0.831827  0.591704  0.458954  0.604717  0.039844  0.415584  0.759453  0.432755  0.279176  0.812659  0.717465  0.405697  0.392882  0.609076  0.473240  0.308733  0.516820  0.432779  0.629798  0.420359  0.368620  0.562049  0.614319 0.0  0.729710  0.107961  0.331616 
27  0.547370  0.805917  0.703289  0.632579  0.562031  0.515792  0.735860  0.555552  0.630822  0.707735  0.573084  0.602744  0.734748  0.716473  0.779142  0.821128  0.663046  0.736065  0.815734  0.795750  0.732386  0.686046  0.568857  0.788297  0.679536  0.437763  0.729710 0.0  0.772363  0.523337 
28  0.677909  0.943082  0.553376  0.822309  0.656900  0.508499  0.490466  0.064667  0.527287  0.757977  0.656889  0.328310  0.811509  0.882486  0.361875  0.436449  0.727570  0.510706  0.206193  0.589350  0.335733  0.746895  0.477311  0.328047  0.645294  0.721871  0.107961  0.772363 0.0  0.372999 
29  0.667528  0.803988  0.447417  0.654446  0.451559  0.435290  0.668281  0.399488  0.412020  0.710649  0.558618  0.234290  0.639639  0.734349  0.533889  0.531799  0.607294  0.557961  0.455132  0.713902  0.601797  0.594997  0.607138  0.494351  0.647718  0.691156  0.331616  0.523337  0.372999 0.0 
