30
0 0.0  0.906857  0.912513  0.323328  0.740746  0.729164  0.954372  0.748224  0.833715  0.788716  0.807753  0.810225  0.725358  0.795409  0.835667  0.819347  0.908411  0.738384  0.892211  0.819048  0.828791  0.821016  0.948176  0.781509  0.844110  0.903982  0.799320  0.704007  0.757546  0.753840 
1  0.906857 0.0  0.762457  0.852193  0.707339  0.672342  0.580903  0.686671  0.690848  0.748964  0.195997  0.652563  0.778712  0.651989  0.773532  0.485156  0.621611  0.727141  0.522022  0.548063  0.526116  0.525499  0.560045  0.673633  0.542006  0.684345  0.645547  0.726608  0.692213  0.734974 
2  0.912513  0.762457 0.0  0.869400  0.733244  0.802634  0.567653  0.554479  0.443140  0.692442  0.688022  0.280942  0.830211  0.678943  0.667345  0.724165  0.406121  0.728549  0.659214  0.712413  0.440837  0.680385  0.653966  0.445559  0.714191  0.530749  0.560284  0.739660  0.476121  0.732885 
3  0.323328  0.852193  0.869400 0.0  0.809359  0.745168  0.822422  0.836787  1.000000  0.840460  0.914433  0.888235  0.652535  0.808476  0.756314  0.855284  0.826779  0.770961  0.822960  0.887806  0.839220  0.845634  0.836835  0.992853  0.837980  0.810099  0.847619  0.680071  0.935651  0.682762 
4  0.740746  0.707339  0.733244  0.809359 0.0  0.129074  0.676812  0.609299  0.717384  0.336152  0.658546  0.766558  0.651587  0.475114  0.690805  0.498787  0.723624  0.505716  0.494811  0.538590  0.566345  0.523732  0.751578  0.753804  0.498310  0.714328  0.550780  0.321772  0.781380  0.300684 
5  0.729164  0.672342  0.802634  0.745168  0.129074 0.0  0.730792  0.804528  0.755614  0.462604  0.580306  0.689983  0.693488  0.431138  0.569187  0.200233  0.713680  0.484741  0.659447  0.666487  0.693190  0.409946  0.787591  0.682543  0.513557  0.674587  0.654571  0.456670  0.714147  0.375907 
6  0.954372  0.580903  0.567653  0.822422  0.676812  0.730792 0.0  0.370758  0.509608  0.672871  0.454522  0.397553  0.718027  0.692245  0.593226  0.707183  0.316895  0.765846  0.556866  0.475840  0.440767  0.604612  0.146087  0.485230  0.565164  0.460867  0.446186  0.670657  0.389692  0.832427 
7  0.748224  0.686671  0.554479  0.836787  0.609299  0.804528  0.370758 0.0  0.199114  0.627447  0.599287  0.335225  0.677807  0.738761  0.532993  0.614166  0.179053  0.762160  0.510191  0.548433  0.414664  0.618218  0.440085  0.345397  0.501226  0.345555  0.252577  0.694594  0.161341  0.739894 
8  0.833715  0.690848  0.443140  1.000000  0.717384  0.755614  0.509608  0.199114 0.0  0.693064  0.662290  0.180407  0.726851  0.603233  0.469737  0.659650  0.240462  0.653703  0.512481  0.583746  0.449068  0.669762  0.460779  0.213090  0.492783  0.575768  0.452513  0.761009  0.091629  0.696498 
9  0.788716  0.748964  0.692442  0.840460  0.336152  0.462604  0.672871  0.627447  0.693064 0.0  0.614328  0.669131  0.444444  0.349866  0.415231  0.462741  0.728659  0.448276  0.565643  0.522492  0.603353  0.398116  0.649693  0.609594  0.500550  0.553931  0.604906  0.581585  0.696976  0.267038 
10  0.807753  0.195997  0.688022  0.914433  0.658546  0.580306  0.454522  0.599287  0.662290  0.614328 0.0  0.637356  0.773759  0.590990  0.636345  0.607062  0.586409  0.781514  0.450041  0.192797  0.542367  0.459439  0.468863  0.545589  0.593469  0.603098  0.612464  0.714411  0.593017  0.766210 
11  0.810225  0.652563  0.280942  0.888235  0.766558  0.689983  0.397553  0.335225  0.180407  0.669131  0.637356 0.0  0.761185  0.669309  0.596193  0.859793  0.342446  0.695463  0.590408  0.594502  0.510923  0.572719  0.541269  0.251154  0.556717  0.449135  0.472111  0.733016  0.249456  0.726591 
12  0.725358  0.778712  0.830211  0.652535  0.651587  0.693488  0.718027  0.677807  0.726851  0.444444  0.773759  0.761185 0.0  0.599799  0.553655  0.737166  0.653474  0.320982  0.685367  0.755580  0.794335  0.777103  0.773221  0.715121  0.708823  0.820018  0.766021  0.267071  0.816992  0.657648 
13  0.795409  0.651989  0.678943  0.808476  0.475114  0.431138  0.692245  0.738761  0.603233  0.349866  0.590990  0.669309  0.599799 0.0  0.432792  0.607321  0.662102  0.590952  0.576367  0.587780  0.548657  0.489477  0.632810  0.705260  0.486487  0.602150  0.491232  0.600318  0.625073  0.527374 
14  0.835667  0.773532  0.667345  0.756314  0.690805  0.569187  0.593226  0.532993  0.469737  0.415231  0.636345  0.596193  0.553655  0.432792 0.0  0.635405  0.586102  0.595093  0.537947  0.621004  0.529671  0.525161  0.696314  0.621706  0.415506  0.544148  0.487952  0.513912  0.453058  0.607018 
15  0.819347  0.485156  0.724165  0.855284  0.498787  0.200233  0.707183  0.614166  0.659650  0.462741  0.607062  0.859793  0.737166  0.607321  0.635405 0.0  0.765474  0.600530  0.647415  0.552553  0.652988  0.478600  0.665310  0.746762  0.627230  0.621463  0.674817  0.603381  0.700595  0.532713 
16  0.908411  0.621611  0.406121  0.826779  0.723624  0.713680  0.316895  0.179053  0.240462  0.728659  0.586409  0.342446  0.653474  0.662102  0.586102  0.765474 0.0  0.804037  0.504653  0.525451  0.253958  0.565028  0.344869  0.146273  0.589158  0.515413  0.434128  0.760425  0.277972  0.699247 
17  0.738384  0.727141  0.728549  0.770961  0.505716  0.484741  0.765846  0.762160  0.653703  0.448276  0.781514  0.695463  0.320982  0.590952  0.595093  0.600530  0.804037 0.0  0.633813  0.654421  0.653493  0.638157  0.763712  0.709356  0.616396  0.725127  0.832782  0.343815  0.626653  0.409446 
18  0.892211  0.522022  0.659214  0.822960  0.494811  0.659447  0.556866  0.510191  0.512481  0.565643  0.450041  0.590408  0.685367  0.576367  0.537947  0.647415  0.504653  0.633813 0.0  0.303874  0.543284  0.496876  0.373415  0.588313  0.367109  0.480450  0.579170  0.800713  0.552207  0.538854 
19  0.819048  0.548063  0.712413  0.887806  0.538590  0.666487  0.475840  0.548433  0.583746  0.522492  0.192797  0.594502  0.755580  0.587780  0.621004  0.552553  0.525451  0.654421  0.303874 0.0  0.418507  0.456770  0.363317  0.560499  0.548183  0.513929  0.400336  0.687942  0.664439  0.771979 
20  0.828791  0.526116  0.440837  0.839220  0.566345  0.693190  0.440767  0.414664  0.449068  0.603353  0.542367  0.510923  0.794335  0.548657  0.529671  0.652988  0.253958  0.653493  0.543284  0.418507 0.0  0.570578  0.456010  0.416832  0.322456  0.084502  0.001173  0.683326  0.360360  0.629486 
21  0.821016  0.525499  0.680385  0.845634  0.523732  0.409946  0.604612  0.618218  0.669762  0.398116  0.459439  0.572719  0.777103  0.489477  0.525161  0.478600  0.565028  0.638157  0.496876  0.456770  0.570578 0.0  0.576094  0.580934  0.402309  0.509135  0.560436  0.679595  0.685598  0.612242 
22  0.948176  0.560045  0.653966  0.836835  0.751578  0.787591  0.146087  0.440085  0.460779  0.649693  0.468863  0.541269  0.773221  0.632810  0.696314  0.665310  0.344869  0.763712  0.373415  0.363317  0.456010  0.576094 0.0  0.441927  0.578028  0.421896  0.438566  0.740388  0.465649  0.697735 
23  0.781509  0.673633  0.445559  0.992853  0.753804  0.682543  0.485230  0.345397  0.213090  0.609594  0.545589  0.251154  0.715121  0.705260  0.621706  0.746762  0.146273  0.709356  0.588313  0.560499  0.416832  0.580934  0.441927 0.0  0.597755  0.470515  0.468726  0.815702  0.281391  0.648109 
24  0.844110  0.542006  0.714191  0.837980  0.498310  0.513557  0.565164  0.501226  0.492783  0.500550  0.593469  0.556717  0.708823  0.486487  0.415506  0.627230  0.589158  0.616396  0.367109  0.548183  0.322456  0.402309  0.578028  0.597755 0.0  0.501715  0.480455  0.530711  0.498407  0.575582 
25  0.903982  0.684345  0.530749  0.810099  0.714328  0.674587  0.460867  0.345555  0.575768  0.553931  0.603098  0.449135  0.820018  0.602150  0.544148  0.621463  0.515413  0.725127  0.480450  0.513929  0.084502  0.509135  0.421896  0.470515  0.501715 0.0  0.116583  0.670393  0.384094  0.601617 
26  0.799320  0.645547  0.560284  0.847619  0.550780  0.654571  0.446186  0.252577  0.452513  0.604906  0.612464  0.472111  0.766021  0.491232  0.487952  0.674817  0.434128  0.832782  0.579170  0.400336  0.001173  0.560436  0.438566  0.468726  0.480455  0.116583 0.0  0.726541  0.390746  0.623699 
27  0.704007  0.726608  0.739660  0.680071  0.321772  0.456670  0.670657  0.694594  0.761009  0.581585  0.714411  0.733016  0.267071  0.600318  0.513912  0.603381  0.760425  0.343815  0.800713  0.687942  0.683326  0.679595  0.740388  0.815702  0.530711  0.670393  0.726541 0.0  0.786680  0.563336 
28  0.757546  0.692213  0.476121  0.935651  0.781380  0.714147  0.389692  0.161341  0.091629  0.696976  0.593017  0.249456  0.816992  0.625073  0.453058  0.700595  0.277972  0.626653  0.552207  0.664439  0.360360  0.685598  0.465649  0.281391  0.498407  0.384094  0.390746  0.786680 0.0  0.675729 
29  0.753840  0.734974  0.732885  0.682762  0.300684  0.375907  0.832427  0.739894  0.696498  0.267038  0.766210  0.726591  0.657648  0.527374  0.607018  0.532713  0.699247  0.409446  0.538854  0.771979  0.629486  0.612242  0.697735  0.648109  0.575582  0.601617  0.623699  0.563336  0.675729 0.0 
