61
0 0.0  0.819386  0.860914  0.748287  0.849676  0.773834  0.554695  0.705426  0.610323  0.569460  0.765440  0.662279  0.791467  0.596628  0.673206  0.696446  0.807945  0.643021  0.619420  0.507029  0.813100  0.739925  0.635919  0.865202  0.794362  0.789038  0.836481  0.627081  0.771567  0.799791  0.812344  0.756998  0.754484  0.793314  0.789593  0.755088  0.542937  0.757611  0.611748  0.859489  0.578371  0.725611  0.828576  0.814054  0.816609  0.726167  0.762414  0.754606  0.782304  0.649415  0.780796  0.596214  0.730526  0.744058  0.829487  0.629417  0.787890  0.868691  0.778366  0.629668  0.743555 
1  0.819386 0.0  0.513406  0.695433  0.667591  0.678955  0.666016  0.546066  0.717451  0.736806  0.675578  0.620976  0.527575  0.578632  0.698094  0.690181  0.614743  0.594213  0.717808  0.713738  0.551270  0.545600  0.630608  0.501395  0.574228  0.606258  0.662105  0.550694  0.654958  0.698091  0.663969  0.694668  0.516383  0.630892  0.565251  0.525551  0.668674  0.525542  0.723442  0.567308  0.633259  0.720210  0.596612  0.545773  0.514242  0.726571  0.566219  0.584236  0.592295  0.744904  0.601126  0.648090  0.668196  0.701217  0.569838  0.613703  0.558089  0.515317  0.612601  0.756875  0.560071 
2  0.860914  0.513406 0.0  0.419090  0.355073  0.465932  0.789806  0.732814  0.900058  0.910542  0.688160  0.775878  0.654457  0.939420  0.782304  0.438146  0.437551  0.745658  0.928344  0.797729  0.531101  0.390255  0.759583  0.503986  0.557295  0.724661  0.433249  0.804412  0.280351  0.542820  0.339485  0.741305  0.479004  0.421356  0.348114  0.703792  0.902626  0.453887  0.708922  0.481165  0.838744  0.977849  0.705567  0.426095  0.692515  0.453763  0.626805  0.495749  0.449423  0.766774  0.718463  0.848101  0.678315  0.688731  0.437622  0.793047  0.481003  0.547624  0.803778  0.866011  0.633738 
3  0.748287  0.695433  0.419090 0.0  0.523472  0.528980  0.782921  0.875633  0.867898  0.759294  0.868238  0.885869  0.879311  0.813224  0.810443  0.616719  0.601064  0.816032  0.783856  0.866390  0.550663  0.521012  0.651124  0.639148  0.808553  0.766665  0.546641  1.000000  0.438659  0.511244  0.422068  0.875973  0.660578  0.356785  0.573602  0.828415  0.803335  0.531533  0.634446  0.677812  0.816596  0.737626  0.795319  0.530990  0.868488  0.570302  0.885767  0.559846  0.430923  0.905913  0.691688  0.838970  0.806268  0.613590  0.442145  0.708531  0.576059  0.630709  0.785784  0.820326  0.669531 
4  0.849676  0.667591  0.355073  0.523472 0.0  0.494442  0.839927  0.689559  0.868721  0.783867  0.665003  0.710977  0.659214  0.834003  0.700511  0.367207  0.353287  0.669383  0.826170  0.754511  0.519257  0.469590  0.650334  0.266747  0.685927  0.765988  0.535728  0.642540  0.394926  0.502780  0.392059  0.672475  0.478738  0.451857  0.414367  0.709845  0.694752  0.465871  0.837781  0.561976  0.870416  0.900906  0.599617  0.473371  0.701171  0.443658  0.744741  0.324533  0.461808  0.814460  0.748016  0.810720  0.744027  0.731349  0.502089  0.525940  0.426245  0.446352  0.741844  0.770457  0.783761 
5  0.773834  0.678955  0.465932  0.528980  0.494442 0.0  0.896713  0.699169  0.848049  0.808562  0.704073  0.653725  0.656014  0.882813  0.841014  0.486953  0.470851  0.685721  0.888312  0.762168  0.288239  0.293384  0.706438  0.388568  0.596456  0.719747  0.501201  0.764972  0.538655  0.466825  0.537305  0.819054  0.613690  0.551739  0.439821  0.718759  0.812728  0.463421  0.624102  0.537609  0.732430  0.908132  0.650650  0.209889  0.731293  0.511035  0.671454  0.244428  0.438377  0.825618  0.733871  0.855225  0.753804  0.565665  0.304952  0.598446  0.484770  0.516712  0.734666  0.833441  0.696948 
6  0.554695  0.666016  0.789806  0.782921  0.839927  0.896713 0.0  0.771689  0.216056  0.483274  0.741695  0.699641  0.794669  0.627937  0.392668  0.667519  0.859865  0.722876  0.349860  0.563292  0.875351  0.908510  0.764763  0.658475  0.728357  0.715578  0.855039  0.686263  0.847271  0.917809  0.733146  0.719817  0.743184  0.793352  0.678596  0.737500  0.652375  0.790109  0.744511  0.989445  0.667341  0.678389  0.711093  0.882645  0.738324  0.691413  0.611976  0.674838  0.845425  0.554538  0.779490  0.516287  0.729611  0.897853  0.752276  0.543949  0.779897  0.728817  0.505871  0.279020  0.735731 
7  0.705426  0.546066  0.732814  0.875633  0.689559  0.699169  0.771689 0.0  0.793360  0.859187  0.433571  0.666281  0.622234  0.813655  0.808246  0.737332  0.565767  0.685132  0.793557  0.706426  0.705656  0.659073  0.738553  0.766234  0.688884  0.631754  0.702666  0.293082  0.797043  0.698963  0.645528  0.655209  0.643726  0.783102  0.663393  0.481411  0.836403  0.602280  0.677772  0.749725  0.599762  0.783891  0.428269  0.715803  0.239684  0.770485  0.378925  0.749331  0.689805  0.797873  0.457556  0.698760  0.616601  0.802523  0.706384  0.409543  0.627513  0.550914  0.818692  0.829821  0.782177 
8  0.610323  0.717451  0.900058  0.867898  0.868721  0.848049  0.216056  0.793360 0.0  0.731979  0.772115  0.758429  0.613270  0.539680  0.482139  0.888805  0.782955  0.772573  0.368797  0.681859  0.834513  0.845144  0.619795  0.853110  0.921255  0.802674  0.839180  0.770601  0.719583  0.914600  0.895718  0.708952  0.774649  0.963196  0.837710  0.772516  0.697349  0.943331  0.709393  0.894587  0.666934  0.676906  0.701778  0.767374  0.897300  0.815989  0.671261  0.772246  0.817852  0.667712  0.806866  0.635651  0.713103  0.774562  0.829372  0.703077  0.819396  0.821424  0.398453  0.231419  0.741794 
9  0.569460  0.736806  0.910542  0.759294  0.783867  0.808562  0.483274  0.859187  0.731979 0.0  0.788932  0.707462  0.715416  0.273153  0.578019  0.688910  0.834094  0.731827  0.653159  0.307310  0.800318  0.799338  0.736207  0.778712  0.795030  0.952537  0.981477  0.728955  0.878599  0.782820  0.792733  0.821009  0.810009  0.812804  0.758837  0.821088  0.231487  0.791412  0.739140  0.779012  0.502732  0.403926  0.823980  0.894202  0.736388  0.736335  0.799451  0.902031  0.794737  0.314946  0.723546  0.410099  0.757918  0.727491  0.827531  0.706844  0.738491  0.826574  0.775356  0.713780  0.699816 
10  0.765440  0.675578  0.688160  0.868238  0.665003  0.704073  0.741695  0.433571  0.772115  0.788932 0.0  0.581770  0.623481  0.794210  0.810140  0.722518  0.661269  0.723376  0.669897  0.709390  0.719057  0.620419  0.739497  0.859009  0.686975  0.535297  0.846582  0.476662  0.745514  0.672705  0.720045  0.739210  0.752511  0.918943  0.774021  0.406919  0.824005  0.863216  0.863188  0.668622  0.798419  0.781977  0.529865  0.690029  0.544038  0.751475  0.439720  0.719586  0.724352  0.779188  0.326746  0.807194  0.638307  0.837770  0.680260  0.470521  0.669134  0.818251  0.834821  0.747327  0.767071 
11  0.662279  0.620976  0.775878  0.885869  0.710977  0.653725  0.699641  0.666281  0.758429  0.707462  0.581770 0.0  0.522112  0.648295  0.623288  0.690354  0.773155  0.361928  0.765639  0.774650  0.772226  0.722831  0.936432  0.714814  0.688278  0.609732  0.816379  0.535964  0.747703  0.729553  0.690008  0.349287  0.711184  0.872218  0.733798  0.703087  0.737857  0.700074  0.853972  0.798531  0.728521  0.805387  0.532033  0.746502  0.628571  0.813085  0.765961  0.694105  0.794579  0.796178  0.678618  0.739399  0.318423  0.748913  0.733887  0.677264  0.637139  0.635474  0.662778  0.769159  0.852080 
12  0.791467  0.527575  0.654457  0.879311  0.659214  0.656014  0.794669  0.622234  0.613270  0.715416  0.623481  0.522112 0.0  0.814466  0.615612  0.738474  0.586600  0.531122  0.741019  0.679503  0.790799  0.703770  0.861887  0.759750  0.611887  0.519254  0.782916  0.736526  0.732481  0.812787  0.697819  0.455607  0.620961  0.720425  0.560680  0.630070  0.755726  0.667508  0.830558  0.668536  0.805511  0.819456  0.565768  0.712901  0.681078  0.749290  0.711190  0.723696  0.792447  0.762827  0.568089  0.725995  0.499393  0.851766  0.833855  0.685402  0.793410  0.643441  0.750020  0.686532  0.907117 
13  0.596628  0.578632  0.939420  0.813224  0.834003  0.882813  0.627937  0.813655  0.539680  0.273153  0.794210  0.648295  0.814466 0.0  0.593434  0.828148  0.804167  0.696003  0.721623  0.231937  0.855665  0.836413  0.655704  0.894060  0.821768  0.663734  0.948766  0.794802  0.754970  0.931600  0.983203  0.804595  0.815477  0.717754  0.803791  0.794487  0.442178  0.842398  0.817021  0.913449  0.444936  0.355888  0.699449  0.845646  0.780037  0.737149  0.778282  0.828843  0.764813  0.364774  0.760562  0.375302  0.843597  0.731040  0.841087  0.704600  0.774946  0.902461  0.720698  0.659263  0.683666 
14  0.673206  0.698094  0.782304  0.810443  0.700511  0.841014  0.392668  0.808246  0.482139  0.578019  0.810140  0.623288  0.615612  0.593434 0.0  0.746155  0.858793  0.730517  0.343784  0.740451  0.804362  0.860964  0.708367  0.784998  0.752341  0.793543  0.925248  0.773471  0.738568  0.957876  0.923509  0.749322  0.799038  0.810231  0.794548  0.733201  0.697676  0.828106  0.761194  0.935592  0.787949  0.938009  0.682039  0.779339  0.759106  0.807001  0.684133  0.871223  0.790416  0.545799  0.791746  0.765606  0.756111  0.631217  0.891983  0.782924  0.680447  0.818269  0.576265  0.338644  0.689741 
15  0.696446  0.690181  0.438146  0.616719  0.367207  0.486953  0.667519  0.737332  0.888805  0.688910  0.722518  0.690354  0.738474  0.828148  0.746155 0.0  0.373799  0.621089  0.827950  0.865746  0.487716  0.429790  0.699335  0.418679  0.713031  0.688971  0.388888  0.680212  0.510002  0.500012  0.315101  0.764987  0.551099  0.481106  0.300917  0.584530  0.831797  0.544127  0.793872  0.470192  0.884562  0.867199  0.638639  0.422167  0.753605  0.351945  0.746500  0.477140  0.469705  0.842919  0.730129  0.868648  0.754908  0.652475  0.470858  0.580443  0.292694  0.520063  0.836582  0.870686  0.717602 
16  0.807945  0.614743  0.437551  0.601064  0.353287  0.470851  0.859865  0.565767  0.782955  0.834094  0.661269  0.773155  0.586600  0.804167  0.858793  0.373799 0.0  0.570748  0.769842  0.710272  0.473510  0.534820  0.736998  0.438258  0.671287  0.666941  0.413468  0.573362  0.462923  0.382095  0.346279  0.592824  0.485590  0.538790  0.353502  0.712561  0.923491  0.453637  0.691213  0.517417  0.837080  0.882644  0.649718  0.376818  0.622016  0.503002  0.622407  0.513652  0.385482  0.832596  0.763549  0.925333  0.647306  0.715851  0.454989  0.618904  0.256417  0.519130  0.753278  0.717975  0.768324 
17  0.643021  0.594213  0.745658  0.816032  0.669383  0.685721  0.722876  0.685132  0.772573  0.731827  0.723376  0.361928  0.531122  0.696003  0.730517  0.621089  0.570748 0.0  0.786111  0.781013  0.740660  0.702446  0.891495  0.667130  0.750776  0.605028  0.799297  0.683598  0.756557  0.784088  0.717241  0.308677  0.657837  0.677061  0.645370  0.544177  0.777662  0.756681  0.818776  0.733671  0.767904  0.979903  0.611025  0.719478  0.673126  0.828234  0.650114  0.726311  0.811483  0.657617  0.774267  0.783688  0.412427  0.891637  0.723573  0.643679  0.750096  0.752353  0.851098  0.698407  0.828332 
18  0.619420  0.717808  0.928344  0.783856  0.826170  0.888312  0.349860  0.793557  0.368797  0.653159  0.669897  0.765639  0.741019  0.721623  0.343784  0.827950  0.769842  0.786111 0.0  0.621230  0.868891  0.881866  0.699240  0.801984  0.715979  0.864699  0.843666  0.768612  0.707082  0.804093  0.769397  0.706608  0.773332  0.850855  0.742422  0.710734  0.610137  0.758426  0.697489  0.711524  0.653312  0.705612  0.725117  0.846588  0.902267  0.844019  0.844972  0.830330  0.764934  0.535557  0.789028  0.739263  0.811257  0.710043  0.797884  0.773691  0.805253  0.703377  0.477156  0.324946  0.724928 
19  0.507029  0.713738  0.797729  0.866390  0.754511  0.762168  0.563292  0.706426  0.681859  0.307310  0.709390  0.774650  0.679503  0.231937  0.740451  0.865746  0.710272  0.781013  0.621230 0.0  0.893472  0.816613  0.768099  0.856994  0.747930  0.704097  0.837187  0.700646  0.720436  0.874645  0.877357  0.778344  0.761793  0.763162  0.815342  0.802011  0.444577  0.805392  0.668659  0.864764  0.435622  0.324295  0.736258  0.679824  0.686640  0.663157  0.690170  0.704238  0.864642  0.465887  0.713250  0.369109  0.763560  0.806821  0.771360  0.769068  0.733906  0.891936  0.790111  0.611235  0.718617 
20  0.813100  0.551270  0.531101  0.550663  0.519257  0.288239  0.875351  0.705656  0.834513  0.800318  0.719057  0.772226  0.790799  0.855665  0.804362  0.487716  0.473510  0.740660  0.868891  0.893472 0.0  0.452473  0.763240  0.412271  0.781871  0.848977  0.421031  0.833442  0.496065  0.470399  0.387718  0.829296  0.637321  0.453334  0.356521  0.674379  0.850500  0.390160  0.722215  0.475918  0.755686  0.695028  0.654784  0.362644  0.736137  0.487038  0.676477  0.359276  0.482544  0.840475  0.829139  0.914308  0.668940  0.718177  0.346783  0.767076  0.387576  0.535398  0.620915  0.874098  0.653980 
21  0.739925  0.545600  0.390255  0.521012  0.469590  0.293384  0.908510  0.659073  0.845144  0.799338  0.620419  0.722831  0.703770  0.836413  0.860964  0.429790  0.534820  0.702446  0.881866  0.816613  0.452473 0.0  0.654812  0.539430  0.542839  0.645378  0.552105  0.717071  0.551170  0.350323  0.482636  0.723270  0.568909  0.549385  0.318073  0.636173  0.861297  0.272981  0.717030  0.448861  0.811403  0.868868  0.655111  0.284061  0.811648  0.555240  0.748942  0.355634  0.467064  0.841357  0.662019  0.860656  0.703367  0.600255  0.305265  0.581252  0.430062  0.373561  0.751338  0.832504  0.697001 
22  0.635919  0.630608  0.759583  0.651124  0.650334  0.706438  0.764763  0.738553  0.619795  0.736207  0.739497  0.936432  0.861887  0.655704  0.708367  0.699335  0.736998  0.891495  0.699240  0.768099  0.763240  0.654812 0.0  0.779435  0.737995  0.610264  0.670148  0.889779  0.707493  0.642925  0.714606  0.920239  0.579864  0.587533  0.704507  0.841302  0.781469  0.594486  0.405785  0.587764  0.722589  0.663948  0.650626  0.650873  0.849071  0.706956  0.666395  0.702425  0.580593  0.749652  0.754801  0.685070  0.831010  0.423363  0.725504  0.784447  0.691901  0.616819  0.814213  0.789475  0.293189 
23  0.865202  0.501395  0.503986  0.639148  0.266747  0.388568  0.658475  0.766234  0.853110  0.778712  0.859009  0.714814  0.759750  0.894060  0.784998  0.418679  0.438258  0.667130  0.801984  0.856994  0.412271  0.539430  0.779435 0.0  0.629514  0.672403  0.425412  0.741151  0.447888  0.351048  0.304101  0.722155  0.658462  0.437831  0.368419  0.671226  0.712762  0.382352  0.703027  0.503660  0.895354  0.895683  0.632990  0.406515  0.698859  0.475941  0.694757  0.409186  0.520522  0.771857  0.762747  0.821377  0.709232  0.599829  0.508891  0.654417  0.503616  0.542970  0.832447  0.976943  0.602685 
24  0.794362  0.574228  0.557295  0.808553  0.685927  0.596456  0.728357  0.688884  0.921255  0.795030  0.686975  0.688278  0.611887  0.821768  0.752341  0.713031  0.671287  0.750776  0.715979  0.747930  0.781871  0.542839  0.737995  0.629514 0.0  0.203963  0.743029  0.702367  0.866304  0.692310  0.851364  0.728323  0.634224  0.735465  0.727548  0.578521  0.774428  0.642718  0.761428  0.692690  0.770575  0.741157  0.711971  0.659703  0.690578  0.871409  0.666902  0.742235  0.694852  0.701424  0.685658  0.772408  0.622767  0.683594  0.653330  0.674194  0.633959  0.750605  0.798806  0.810037  0.715171 
25  0.789038  0.606258  0.724661  0.766665  0.765988  0.719747  0.715578  0.631754  0.802674  0.952537  0.535297  0.609732  0.519254  0.663734  0.793543  0.688971  0.666941  0.605028  0.864699  0.704097  0.848977  0.645378  0.610264  0.672403  0.203963 0.0  0.772600  0.592330  0.697715  0.734880  0.731599  0.635841  0.615651  0.761496  0.584602  0.617023  0.782601  0.620565  0.799220  0.727842  0.774557  0.778652  0.616724  0.689108  0.539291  0.707967  0.559258  0.747577  0.738896  0.816674  0.574120  0.754864  0.572574  0.639082  0.771438  0.645937  0.664290  0.768313  0.725963  0.761133  0.764981 
26  0.836481  0.662105  0.433249  0.546641  0.535728  0.501201  0.855039  0.702666  0.839180  0.981477  0.846582  0.816379  0.782916  0.948766  0.925248  0.388888  0.413468  0.799297  0.843666  0.837187  0.421031  0.552105  0.670148  0.425412  0.743029  0.772600 0.0  0.726453  0.559855  0.311775  0.427942  0.826225  0.703955  0.371687  0.552620  0.831227  0.853982  0.545344  0.768893  0.606978  0.906007  0.919385  0.783473  0.498291  0.732084  0.416021  0.724429  0.524464  0.456507  0.818939  0.731709  0.865577  0.827415  0.695214  0.484517  0.782164  0.442177  0.617604  0.609106  0.897750  0.674001 
27  0.627081  0.550694  0.804412  1.000000  0.642540  0.764972  0.686263  0.293082  0.770601  0.728955  0.476662  0.535964  0.736526  0.794802  0.773471  0.680212  0.573362  0.683598  0.768612  0.700646  0.833442  0.717071  0.889779  0.741151  0.702367  0.592330  0.726453 0.0  0.709322  0.762022  0.787524  0.609189  0.487879  0.776124  0.784119  0.398377  0.853283  0.735977  0.665300  0.687077  0.637839  0.814236  0.485790  0.600680  0.389921  0.856360  0.247090  0.686538  0.759170  0.732209  0.491068  0.764983  0.596461  0.909673  0.668253  0.380407  0.702714  0.593695  0.815656  0.739890  0.719580 
28  0.771567  0.654958  0.280351  0.438659  0.394926  0.538655  0.847271  0.797043  0.719583  0.878599  0.745514  0.747703  0.732481  0.754970  0.738568  0.510002  0.462923  0.756557  0.707082  0.720436  0.496065  0.551170  0.707493  0.447888  0.866304  0.697715  0.559855  0.709322 0.0  0.466783  0.372858  0.719919  0.727640  0.397662  0.485190  0.754266  0.791832  0.577464  0.668483  0.652250  0.721172  0.745307  0.741642  0.516059  0.767867  0.581433  0.882173  0.602102  0.441043  0.734638  0.666903  0.807330  0.850452  0.583359  0.468241  0.722413  0.603564  0.516488  0.780848  0.785802  0.654022 
29  0.799791  0.698091  0.542820  0.511244  0.502780  0.466825  0.917809  0.698963  0.914600  0.782820  0.672705  0.729553  0.812787  0.931600  0.957876  0.500012  0.382095  0.784088  0.804093  0.874645  0.470399  0.350323  0.642925  0.351048  0.692310  0.734880  0.311775  0.762022  0.466783 0.0  0.285116  0.703398  0.609007  0.367690  0.472494  0.808717  0.950528  0.467566  0.676457  0.553264  0.852701  0.787647  0.733847  0.394199  0.755491  0.484719  0.733705  0.438840  0.460726  0.948458  0.793231  0.805289  0.729971  0.683086  0.449146  0.681883  0.441172  0.544270  0.793080  0.925958  0.585149 
30  0.812344  0.663969  0.339485  0.422068  0.392059  0.537305  0.733146  0.645528  0.895718  0.792733  0.720045  0.690008  0.697819  0.983203  0.923509  0.315101  0.346279  0.717241  0.769397  0.877357  0.387718  0.482636  0.714606  0.304101  0.851364  0.731599  0.427942  0.787524  0.372858  0.285116 0.0  0.702386  0.520407  0.375308  0.528679  0.715189  0.910375  0.461055  0.731660  0.586751  0.817175  0.871932  0.686831  0.413860  0.736531  0.521225  0.679578  0.376087  0.450280  0.836595  0.747475  0.914450  0.750547  0.665461  0.433036  0.613252  0.486149  0.660092  0.654019  0.852224  0.783559 
31  0.756998  0.694668  0.741305  0.875973  0.672475  0.819054  0.719817  0.655209  0.708952  0.821009  0.739210  0.349287  0.455607  0.804595  0.749322  0.764987  0.592824  0.308677  0.706608  0.778344  0.829296  0.723270  0.920239  0.722155  0.728323  0.635841  0.826225  0.609189  0.719919  0.703398  0.702386 0.0  0.700512  0.813721  0.887955  0.673049  0.763044  0.688227  0.719503  0.723919  0.713459  0.957541  0.613666  0.754824  0.579754  0.702706  0.616872  0.839171  0.764415  0.759893  0.621298  0.738510  0.282955  0.784427  0.759652  0.530641  0.754576  0.725421  0.795502  0.592330  0.882163 
32  0.754484  0.516383  0.479004  0.660578  0.478738  0.613690  0.743184  0.643726  0.774649  0.810009  0.752511  0.711184  0.620961  0.815477  0.799038  0.551099  0.485590  0.657837  0.773332  0.761793  0.637321  0.568909  0.579864  0.658462  0.634224  0.615651  0.703955  0.487879  0.727640  0.609007  0.520407  0.700512 0.0  0.672102  0.525503  0.691141  0.814127  0.498198  0.569653  0.457568  0.674845  0.882647  0.589773  0.561379  0.707339  0.562069  0.631250  0.606150  0.590675  0.754670  0.684628  0.781322  0.698785  0.728776  0.620500  0.626114  0.521423  0.452162  0.758545  0.757275  0.578145 
33  0.793314  0.630892  0.421356  0.356785  0.451857  0.551739  0.793352  0.783102  0.963196  0.812804  0.918943  0.872218  0.720425  0.717754  0.810231  0.481106  0.538790  0.677061  0.850855  0.763162  0.453334  0.549385  0.587533  0.437831  0.735465  0.761496  0.371687  0.776124  0.397662  0.367690  0.375308  0.813721  0.672102 0.0  0.593251  0.870997  0.872247  0.511290  0.652107  0.606587  0.840686  0.782230  0.802371  0.483286  0.869988  0.522754  0.774199  0.487544  0.478253  0.798211  0.809539  0.794848  0.802861  0.666138  0.578805  0.856996  0.575918  0.590829  0.723379  0.738705  0.658609 
34  0.789593  0.565251  0.348114  0.573602  0.414367  0.439821  0.678596  0.663393  0.837710  0.758837  0.774021  0.733798  0.560680  0.803791  0.794548  0.300917  0.353502  0.645370  0.742422  0.815342  0.356521  0.318073  0.704507  0.368419  0.727548  0.584602  0.552620  0.784119  0.485190  0.472494  0.528679  0.887955  0.525503  0.593251 0.0  0.783517  0.925907  0.349960  0.741402  0.587673  0.861818  0.957558  0.741158  0.355706  0.763714  0.358652  0.631154  0.337709  0.516149  0.803963  0.649628  0.910472  0.702849  0.587480  0.406365  0.722882  0.372817  0.536870  0.864267  0.865382  0.687302 
35  0.755088  0.525551  0.703792  0.828415  0.709845  0.718759  0.737500  0.481411  0.772516  0.821088  0.406919  0.703087  0.630070  0.794487  0.733201  0.584530  0.712561  0.544177  0.710734  0.802011  0.674379  0.636173  0.841302  0.671226  0.578521  0.617023  0.831227  0.398377  0.754266  0.808717  0.715189  0.673049  0.691141  0.870997  0.783517 0.0  0.898729  0.745378  0.916822  0.744634  0.655953  0.761261  0.549954  0.606671  0.461411  0.731310  0.580726  0.699697  0.761936  0.758500  0.372611  0.794408  0.606020  0.838391  0.681529  0.442952  0.674655  0.788495  0.721437  0.779764  0.810999 
36  0.542937  0.668674  0.902626  0.803335  0.694752  0.812728  0.652375  0.836403  0.697349  0.231487  0.824005  0.737857  0.755726  0.442178  0.697676  0.831797  0.923491  0.777662  0.610137  0.444577  0.850500  0.861297  0.781469  0.712762  0.774428  0.782601  0.853982  0.853283  0.791832  0.950528  0.910375  0.763044  0.814127  0.872247  0.925907  0.898729 0.0  0.821685  0.775669  0.925254  0.488077  0.391167  0.790806  0.840434  0.783853  0.852589  0.645161  0.785833  0.796092  0.320376  0.722721  0.356117  0.780123  0.678537  0.754615  0.641261  0.707268  0.778335  0.841582  0.652745  0.670942 
37  0.757611  0.525542  0.453887  0.531533  0.465871  0.463421  0.790109  0.602280  0.943331  0.791412  0.863216  0.700074  0.667508  0.842398  0.828106  0.544127  0.453637  0.756681  0.758426  0.805392  0.390160  0.272981  0.594486  0.382352  0.642718  0.620565  0.545344  0.735977  0.577464  0.467566  0.461055  0.688227  0.498198  0.511290  0.349960  0.745378  0.821685 0.0  0.644663  0.530670  0.864526  0.819158  0.703453  0.381856  0.609644  0.379631  0.663081  0.409851  0.428827  0.783292  0.600821  0.804456  0.738808  0.603146  0.456128  0.751781  0.440591  0.378804  0.792216  0.844457  0.694118 
38  0.611748  0.723442  0.708922  0.634446  0.837781  0.624102  0.744511  0.677772  0.709393  0.739140  0.863188  0.853972  0.830558  0.817021  0.761194  0.793872  0.691213  0.818776  0.697489  0.668659  0.722215  0.717030  0.405785  0.703027  0.761428  0.799220  0.768893  0.665300  0.668483  0.676457  0.731660  0.719503  0.569653  0.652107  0.741402  0.916822  0.775669  0.644663 0.0  0.560395  0.811029  0.659355  0.702434  0.508883  0.726273  0.611923  0.685116  0.728990  0.586363  0.765014  0.862908  0.633716  0.930031  0.397965  0.708817  0.732335  0.737629  0.542227  0.774140  0.676633  0.408945 
39  0.859489  0.567308  0.481165  0.677812  0.561976  0.537609  0.989445  0.749725  0.894587  0.779012  0.668622  0.798531  0.668536  0.913449  0.935592  0.470192  0.517417  0.733671  0.711524  0.864764  0.475918  0.448861  0.587764  0.503660  0.692690  0.727842  0.606978  0.687077  0.652250  0.553264  0.586751  0.723919  0.457568  0.606587  0.587673  0.744634  0.925254  0.530670  0.560395 0.0  0.752680  0.900906  0.711955  0.536549  0.748084  0.678512  0.687303  0.567354  0.455474  0.856606  0.577416  0.920189  0.673126  0.457337  0.510157  0.666381  0.660793  0.403756  0.828165  0.890892  0.535458 
40  0.578371  0.633259  0.838744  0.816596  0.870416  0.732430  0.667341  0.599762  0.666934  0.502732  0.798419  0.728521  0.805511  0.444936  0.787949  0.884562  0.837080  0.767904  0.653312  0.435622  0.755686  0.811403  0.722589  0.895354  0.770575  0.774557  0.906007  0.637839  0.721172  0.852701  0.817175  0.713459  0.674845  0.840686  0.861818  0.655953  0.488077  0.864526  0.811029  0.752680 0.0  0.497248  0.840424  0.833492  0.864122  0.678855  0.620039  0.766448  0.838034  0.530817  0.630258  0.455759  0.718394  0.781603  0.845229  0.688005  0.743537  0.735241  0.791645  0.666590  0.575866 
41  0.725611  0.720210  0.977849  0.737626  0.900906  0.908132  0.678389  0.783891  0.676906  0.403926  0.781977  0.805387  0.819456  0.355888  0.938009  0.867199  0.882644  0.979903  0.705612  0.324295  0.695028  0.868868  0.663948  0.895683  0.741157  0.778652  0.919385  0.814236  0.745307  0.787647  0.871932  0.957541  0.882647  0.782230  0.957558  0.761261  0.391167  0.819158  0.659355  0.900906  0.497248 0.0  0.919193  0.847703  0.822653  0.877260  0.720850  0.814691  0.804503  0.568088  0.739194  0.531272  0.793443  0.741050  0.759122  0.752969  0.944985  0.878327  0.714093  0.719020  0.808369 
42  0.828576  0.596612  0.705567  0.795319  0.599617  0.650650  0.711093  0.428269  0.701778  0.823980  0.529865  0.532033  0.565768  0.699449  0.682039  0.638639  0.649718  0.611025  0.725117  0.736258  0.654784  0.655111  0.650626  0.632990  0.711971  0.616724  0.783473  0.485790  0.741642  0.733847  0.686831  0.613666  0.589773  0.802371  0.741158  0.549954  0.790806  0.703453  0.702434  0.711955  0.840424  0.919193 0.0  0.736837  0.494749  0.726601  0.419143  0.653492  0.742283  0.741325  0.478036  0.723645  0.603701  0.834985  0.670853  0.239328  0.525994  0.526943  0.700365  0.785941  0.851993 
43  0.814054  0.545773  0.426095  0.530990  0.473371  0.209889  0.882645  0.715803  0.767374  0.894202  0.690029  0.746502  0.712901  0.845646  0.779339  0.422167  0.376818  0.719478  0.846588  0.679824  0.362644  0.284061  0.650873  0.406515  0.659703  0.689108  0.498291  0.600680  0.516059  0.394199  0.413860  0.754824  0.561379  0.483286  0.355706  0.606671  0.840434  0.381856  0.508883  0.536549  0.833492  0.847703  0.736837 0.0  0.779096  0.429112  0.713562  0.170410  0.460339  0.848563  0.628116  0.919907  0.777474  0.674396  0.304819  0.580094  0.395021  0.429747  0.748930  0.759602  0.744920 
44  0.816609  0.514242  0.692515  0.868488  0.701171  0.731293  0.738324  0.239684  0.897300  0.736388  0.544038  0.628571  0.681078  0.780037  0.759106  0.753605  0.622016  0.673126  0.902267  0.686640  0.736137  0.811648  0.849071  0.698859  0.690578  0.539291  0.732084  0.389921  0.767867  0.755491  0.736531  0.579754  0.707339  0.869988  0.763714  0.461411  0.783853  0.609644  0.726273  0.748084  0.864122  0.822653  0.494749  0.779096 0.0  0.726639  0.229864  0.791935  0.722835  0.672434  0.584867  0.803860  0.588033  0.699099  0.706295  0.412278  0.747547  0.561058  0.731825  0.808573  0.661578 
45  0.726167  0.726571  0.453763  0.570302  0.443658  0.511035  0.691413  0.770485  0.815989  0.736335  0.751475  0.813085  0.749290  0.737149  0.807001  0.351945  0.503002  0.828234  0.844019  0.663157  0.487038  0.555240  0.706956  0.475941  0.871409  0.707967  0.416021  0.856360  0.581433  0.484719  0.521225  0.702706  0.562069  0.522754  0.358652  0.731310  0.852589  0.379631  0.611923  0.678512  0.678855  0.877260  0.726601  0.429112  0.726639 0.0  0.795228  0.512205  0.426458  0.732568  0.828161  0.838151  0.630678  0.536769  0.440079  0.646269  0.467360  0.551792  0.744229  0.818803  0.764844 
46  0.762414  0.566219  0.626805  0.885767  0.744741  0.671454  0.611976  0.378925  0.671261  0.799451  0.439720  0.765961  0.711190  0.778282  0.684133  0.746500  0.622407  0.650114  0.844972  0.690170  0.676477  0.748942  0.666395  0.694757  0.666902  0.559258  0.724429  0.247090  0.882173  0.733705  0.679578  0.616872  0.631250  0.774199  0.631154  0.580726  0.645161  0.663081  0.685116  0.687303  0.620039  0.720850  0.419143  0.713562  0.229864  0.795228 0.0  0.719736  0.615050  0.778775  0.566959  0.657832  0.624993  0.672660  0.750064  0.338184  0.594793  0.739649  0.763018  0.720295  0.644747 
47  0.754606  0.584236  0.495749  0.559846  0.324533  0.244428  0.674838  0.749331  0.772246  0.902031  0.719586  0.694105  0.723696  0.828843  0.871223  0.477140  0.513652  0.726311  0.830330  0.704238  0.359276  0.355634  0.702425  0.409186  0.742235  0.747577  0.524464  0.686538  0.602102  0.438840  0.376087  0.839171  0.606150  0.487544  0.337709  0.699697  0.785833  0.409851  0.728990  0.567354  0.766448  0.814691  0.653492  0.170410  0.791935  0.512205  0.719736 0.0  0.388441  0.883042  0.736191  0.822324  0.604575  0.659915  0.291335  0.706300  0.519098  0.504497  0.825389  0.854048  0.659209 
48  0.782304  0.592295  0.449423  0.430923  0.461808  0.438377  0.845425  0.689805  0.817852  0.794737  0.724352  0.794579  0.792447  0.764813  0.790416  0.469705  0.385482  0.811483  0.764934  0.864642  0.482544  0.467064  0.580593  0.520522  0.694852  0.738896  0.456507  0.759170  0.441043  0.460726  0.450280  0.764415  0.590675  0.478253  0.516149  0.761936  0.796092  0.428827  0.586363  0.455474  0.838034  0.804503  0.742283  0.460339  0.722835  0.426458  0.615050  0.388441 0.0  0.857767  0.775016  0.934059  0.708614  0.556904  0.444519  0.736089  0.354461  0.562225  0.774388  0.837261  0.664442 
49  0.649415  0.744904  0.766774  0.905913  0.814460  0.825618  0.554538  0.797873  0.667712  0.314946  0.779188  0.796178  0.762827  0.364774  0.545799  0.842919  0.832596  0.657617  0.535557  0.465887  0.840475  0.841357  0.749652  0.771857  0.701424  0.816674  0.818939  0.732209  0.734638  0.948458  0.836595  0.759893  0.754670  0.798211  0.803963  0.758500  0.320376  0.783292  0.765014  0.856606  0.530817  0.568088  0.741325  0.848563  0.672434  0.732568  0.778775  0.883042  0.857767 0.0  0.933562  0.326137  0.916278  0.778039  0.858135  0.727381  0.759792  0.758934  0.794998  0.573021  0.741470 
50  0.780796  0.601126  0.718463  0.691688  0.748016  0.733871  0.779490  0.457556  0.806866  0.723546  0.326746  0.678618  0.568089  0.760562  0.791746  0.730129  0.763549  0.774267  0.789028  0.713250  0.829139  0.662019  0.754801  0.762747  0.685658  0.574120  0.731709  0.491068  0.666903  0.793231  0.747475  0.621298  0.684628  0.809539  0.649628  0.372611  0.722721  0.600821  0.862908  0.577416  0.630258  0.739194  0.478036  0.628116  0.584867  0.828161  0.566959  0.736191  0.775016  0.933562 0.0  0.839724  0.581946  0.785174  0.758027  0.541035  0.799785  0.669867  0.821458  0.793753  0.744927 
51  0.596214  0.648090  0.848101  0.838970  0.810720  0.855225  0.516287  0.698760  0.635651  0.410099  0.807194  0.739399  0.725995  0.375302  0.765606  0.868648  0.925333  0.783688  0.739263  0.369109  0.914308  0.860656  0.685070  0.821377  0.772408  0.754864  0.865577  0.764983  0.807330  0.805289  0.914450  0.738510  0.781322  0.794848  0.910472  0.794408  0.356117  0.804456  0.633716  0.920189  0.455759  0.531272  0.723645  0.919907  0.803860  0.838151  0.657832  0.822324  0.934059  0.326137  0.839724 0.0  0.867256  0.659452  0.768803  0.674935  0.750704  0.785851  0.746473  0.629924  0.688648 
52  0.730526  0.668196  0.678315  0.806268  0.744027  0.753804  0.729611  0.616601  0.713103  0.757918  0.638307  0.318423  0.499393  0.843597  0.756111  0.754908  0.647306  0.412427  0.811257  0.763560  0.668940  0.703367  0.831010  0.709232  0.622767  0.572574  0.827415  0.596461  0.850452  0.729971  0.750547  0.282955  0.698785  0.802861  0.702849  0.606020  0.780123  0.738808  0.930031  0.673126  0.718394  0.793443  0.603701  0.777474  0.588033  0.630678  0.624993  0.604575  0.708614  0.916278  0.581946  0.867256 0.0  0.908484  0.726601  0.537277  0.618371  0.772963  0.797174  0.801238  0.820186 
53  0.744058  0.701217  0.688731  0.613590  0.731349  0.565665  0.897853  0.802523  0.774562  0.727491  0.837770  0.748913  0.851766  0.731040  0.631217  0.652475  0.715851  0.891637  0.710043  0.806821  0.718177  0.600255  0.423363  0.599829  0.683594  0.639082  0.695214  0.909673  0.583359  0.683086  0.665461  0.784427  0.728776  0.666138  0.587480  0.838391  0.678537  0.603146  0.397965  0.457337  0.781603  0.741050  0.834985  0.674396  0.699099  0.536769  0.672660  0.659915  0.556904  0.778039  0.785174  0.659452  0.908484 0.0  0.613406  0.753871  0.709000  0.720211  0.777585  0.716587  0.395757 
54  0.829487  0.569838  0.437622  0.442145  0.502089  0.304952  0.752276  0.706384  0.829372  0.827531  0.680260  0.733887  0.833855  0.841087  0.891983  0.470858  0.454989  0.723573  0.797884  0.771360  0.346783  0.305265  0.725504  0.508891  0.653330  0.771438  0.484517  0.668253  0.468241  0.449146  0.433036  0.759652  0.620500  0.578805  0.406365  0.681529  0.754615  0.456128  0.708817  0.510157  0.845229  0.759122  0.670853  0.304819  0.706295  0.440079  0.750064  0.291335  0.444519  0.858135  0.758027  0.768803  0.726601  0.613406 0.0  0.730262  0.440342  0.523119  0.841758  0.710116  0.791641 
55  0.629417  0.613703  0.793047  0.708531  0.525940  0.598446  0.543949  0.409543  0.703077  0.706844  0.470521  0.677264  0.685402  0.704600  0.782924  0.580443  0.618904  0.643679  0.773691  0.769068  0.767076  0.581252  0.784447  0.654417  0.674194  0.645937  0.782164  0.380407  0.722413  0.681883  0.613252  0.530641  0.626114  0.856996  0.722882  0.442952  0.641261  0.751781  0.732335  0.666381  0.688005  0.752969  0.239328  0.580094  0.412278  0.646269  0.338184  0.706300  0.736089  0.727381  0.541035  0.674935  0.537277  0.753871  0.730262 0.0  0.700456  0.639793  0.672852  0.776733  0.804698 
56  0.787890  0.558089  0.481003  0.576059  0.426245  0.484770  0.779897  0.627513  0.819396  0.738491  0.669134  0.637139  0.793410  0.774946  0.680447  0.292694  0.256417  0.750096  0.805253  0.733906  0.387576  0.430062  0.691901  0.503616  0.633959  0.664290  0.442177  0.702714  0.603564  0.441172  0.486149  0.754576  0.521423  0.575918  0.372817  0.674655  0.707268  0.440591  0.737629  0.660793  0.743537  0.944985  0.525994  0.395021  0.747547  0.467360  0.594793  0.519098  0.354461  0.759792  0.799785  0.750704  0.618371  0.709000  0.440342  0.700456 0.0  0.426319  0.710447  0.852181  0.738093 
57  0.868691  0.515317  0.547624  0.630709  0.446352  0.516712  0.728817  0.550914  0.821424  0.826574  0.818251  0.635474  0.643441  0.902461  0.818269  0.520063  0.519130  0.752353  0.703377  0.891936  0.535398  0.373561  0.616819  0.542970  0.750605  0.768313  0.617604  0.593695  0.516488  0.544270  0.660092  0.725421  0.452162  0.590829  0.536870  0.788495  0.778335  0.378804  0.542227  0.403756  0.735241  0.878327  0.526943  0.429747  0.561058  0.551792  0.739649  0.504497  0.562225  0.758934  0.669867  0.785851  0.772963  0.720211  0.523119  0.639793  0.426319 0.0  0.781974  0.691943  0.594724 
58  0.778366  0.612601  0.803778  0.785784  0.741844  0.734666  0.505871  0.818692  0.398453  0.775356  0.834821  0.662778  0.750020  0.720698  0.576265  0.836582  0.753278  0.851098  0.477156  0.790111  0.620915  0.751338  0.814213  0.832447  0.798806  0.725963  0.609106  0.815656  0.780848  0.793080  0.654019  0.795502  0.758545  0.723379  0.864267  0.721437  0.841582  0.792216  0.774140  0.828165  0.791645  0.714093  0.700365  0.748930  0.731825  0.744229  0.763018  0.825389  0.774388  0.794998  0.821458  0.746473  0.797174  0.777585  0.841758  0.672852  0.710447  0.781974 0.0  0.518722  0.786709 
59  0.629668  0.756875  0.866011  0.820326  0.770457  0.833441  0.279020  0.829821  0.231419  0.713780  0.747327  0.769159  0.686532  0.659263  0.338644  0.870686  0.717975  0.698407  0.324946  0.611235  0.874098  0.832504  0.789475  0.976943  0.810037  0.761133  0.897750  0.739890  0.785802  0.925958  0.852224  0.592330  0.757275  0.738705  0.865382  0.779764  0.652745  0.844457  0.676633  0.890892  0.666590  0.719020  0.785941  0.759602  0.808573  0.818803  0.720295  0.854048  0.837261  0.573021  0.793753  0.629924  0.801238  0.716587  0.710116  0.776733  0.852181  0.691943  0.518722 0.0  0.669906 
60  0.743555  0.560071  0.633738  0.669531  0.783761  0.696948  0.735731  0.782177  0.741794  0.699816  0.767071  0.852080  0.907117  0.683666  0.689741  0.717602  0.768324  0.828332  0.724928  0.718617  0.653980  0.697001  0.293189  0.602685  0.715171  0.764981  0.674001  0.719580  0.654022  0.585149  0.783559  0.882163  0.578145  0.658609  0.687302  0.810999  0.670942  0.694118  0.408945  0.535458  0.575866  0.808369  0.851993  0.744920  0.661578  0.764844  0.644747  0.659209  0.664442  0.741470  0.744927  0.688648  0.820186  0.395757  0.791641  0.804698  0.738093  0.594724  0.786709  0.669906 0.0 
