61
0 0.0  0.635444  0.703974  0.621835  0.791684  0.823529  0.611640  0.712896  0.626132  0.609216  0.675010  0.847237  0.606642  0.634690  0.572701  0.744533  0.776424  0.658865  0.588009  0.584346  0.767736  0.719545  0.555520  0.717344  0.820512  0.719384  0.865507  0.623997  0.689122  0.882688  0.741033  0.647158  0.753622  0.785474  0.770802  0.650598  0.494083  0.810353  0.712124  0.763883  0.511333  0.626587  0.718102  0.743826  0.634880  0.635404  0.657942  0.656990  0.752837  0.594992  0.744893  0.584845  0.748676  0.572972  0.799522  0.544453  0.733298  0.810052  0.785618  0.659886  0.690817 
1  0.635444 0.0  0.528660  0.629314  0.703085  0.588429  0.660515  0.578451  0.752157  0.675512  0.611142  0.620082  0.608585  0.731808  0.730293  0.587644  0.528608  0.580339  0.607804  0.634124  0.682282  0.579615  0.691711  0.627101  0.621721  0.563447  0.565906  0.562422  0.646168  0.680265  0.452330  0.631449  0.354441  0.685573  0.574726  0.608514  0.721435  0.533267  0.677087  0.646160  0.694680  0.671169  0.515031  0.548739  0.676018  0.733679  0.591314  0.575757  0.583265  0.606059  0.558889  0.791123  0.595406  0.680160  0.507065  0.527375  0.503441  0.549578  0.644491  0.564564  0.560728 
2  0.703974  0.528660 0.0  0.429885  0.441798  0.464035  0.922873  0.714815  0.867718  0.786078  0.614380  0.624697  0.747033  0.856555  0.766130  0.529250  0.446629  0.606985  0.932737  0.885182  0.473961  0.497173  0.674680  0.474789  0.670903  0.701176  0.382889  0.797481  0.364755  0.544187  0.576056  0.749201  0.611887  0.450370  0.522660  0.666337  0.826341  0.391205  0.695464  0.569326  0.797782  0.761813  0.640288  0.403264  0.679716  0.512828  0.665455  0.566817  0.374790  0.980390  0.657411  0.837493  0.813787  0.650182  0.440770  0.732089  0.533204  0.596987  0.775033  0.817496  0.666203 
3  0.621835  0.629314  0.429885 0.0  0.505538  0.502303  0.853074  0.837112  0.858422  0.696007  0.794657  0.707846  0.756842  0.815588  0.734158  0.579023  0.600362  0.774743  0.892507  0.766669  0.380936  0.432922  0.643251  0.614428  0.647768  0.756222  0.432558  0.702505  0.364511  0.441773  0.371329  0.840476  0.767737  0.360863  0.546570  0.769553  0.788274  0.508204  0.687889  0.585103  0.768257  0.670774  0.760808  0.484708  0.800211  0.610776  0.883280  0.581366  0.590055  0.888520  0.786184  0.824569  0.774519  0.586892  0.445699  0.756801  0.569226  0.762681  0.755361  0.809700  0.594106 
4  0.791684  0.703085  0.441798  0.505538 0.0  0.439076  0.753039  0.701000  0.714836  0.766888  0.703100  0.576446  0.629753  0.756386  0.772218  0.321579  0.375290  0.601804  0.741427  0.682702  0.375638  0.383228  0.681134  0.445514  0.654868  0.776461  0.496728  0.664536  0.242568  0.506611  0.439898  0.622107  0.557951  0.352983  0.355403  0.590581  0.822486  0.487452  0.722132  0.672317  0.844788  0.732921  0.650510  0.413022  0.603495  0.348162  0.629958  0.459232  0.334366  0.763142  0.674044  0.754427  0.656030  0.694350  0.386274  0.532710  0.385351  0.441003  0.757918  0.731656  0.693530 
5  0.823529  0.588429  0.464035  0.502303  0.439076 0.0  0.887482  0.674114  0.862251  0.722978  0.607104  0.627835  0.674115  0.728647  0.843273  0.399014  0.474728  0.561438  0.838824  0.873283  0.226788  0.370908  0.547139  0.395065  0.686987  0.720795  0.366164  0.682373  0.574486  0.381742  0.429543  0.736568  0.520037  0.603938  0.564385  0.794631  0.819126  0.351665  0.584377  0.503086  0.817626  0.862335  0.695423  0.346086  0.729767  0.517975  0.639203  0.278457  0.460852  0.826721  0.674953  0.850473  0.777520  0.643226  0.303321  0.702941  0.558536  0.555533  0.690963  0.784599  0.585341 
6  0.611640  0.660515  0.922873  0.853074  0.753039  0.887482 0.0  0.681729  0.275010  0.507204  0.701649  0.601855  0.631888  0.610404  0.311821  0.790515  0.771211  0.641261  0.275870  0.550445  0.796381  0.656357  0.608099  0.733744  0.764269  0.756437  0.855981  0.729251  0.725976  0.818744  0.781380  0.650247  0.750337  0.706965  0.744739  0.724298  0.633632  0.773848  0.708341  0.793220  0.751255  0.587433  0.725588  0.812985  0.688247  0.741429  0.627570  0.681682  0.798571  0.551916  0.717208  0.610186  0.713830  0.780519  0.832926  0.700437  0.707418  0.789247  0.361527  0.243522  0.778077 
7  0.712896  0.578451  0.714815  0.837112  0.701000  0.674114  0.681729 0.0  0.844791  0.725473  0.479571  0.626872  0.551178  0.589799  0.799502  0.660226  0.662685  0.723507  0.721981  0.743104  0.724782  0.598541  0.757320  0.720126  0.612960  0.588717  0.730301  0.309927  0.646597  0.707522  0.646381  0.617578  0.641155  0.680279  0.653683  0.451510  0.779787  0.706931  0.918239  0.557584  0.623259  0.751414  0.581362  0.524699  0.365559  0.738336  0.339223  0.641821  0.796595  0.820379  0.561686  0.814683  0.591646  0.715958  0.644406  0.368472  0.686157  0.571041  0.760974  0.647915  0.783892 
8  0.626132  0.752157  0.867718  0.858422  0.714836  0.862251  0.275010  0.844791 0.0  0.648754  0.741824  0.670395  0.453805  0.757496  0.431506  0.744080  0.876975  0.799574  0.328504  0.673983  0.846360  0.757800  0.608070  0.809859  0.715003  0.726124  0.715287  0.822352  0.778644  0.942026  0.809717  0.727962  0.722169  0.751587  0.816275  0.672727  0.677007  0.889710  0.642954  0.779026  0.574690  0.602430  0.647823  0.721435  0.820795  0.685637  0.751593  0.683002  0.820343  0.608244  0.697955  0.739333  0.812909  0.616045  0.788604  0.689826  0.782922  0.813013  0.273100  0.233266  0.739042 
9  0.609216  0.675512  0.786078  0.696007  0.766888  0.722978  0.507204  0.725473  0.648754 0.0  0.726058  0.692555  0.739314  0.263991  0.658289  0.667151  0.790161  0.762983  0.653114  0.315559  0.823054  0.779053  0.761909  0.734828  0.718828  0.799163  0.888894  0.727363  0.860245  0.795878  0.814761  0.910177  0.793370  0.742839  0.832712  0.773220  0.350824  0.856258  0.709589  0.847571  0.479723  0.288806  0.733665  0.854689  0.714165  0.731477  0.815353  0.662193  0.682521  0.174710  0.649950  0.548448  0.810334  0.808563  0.799667  0.759315  0.856188  0.835706  0.763004  0.584151  0.671835 
10  0.675010  0.611142  0.614380  0.794657  0.703100  0.607104  0.701649  0.479571  0.741824  0.726058 0.0  0.648413  0.522169  0.792281  0.725669  0.697053  0.698993  0.639519  0.790770  0.705021  0.668011  0.667726  0.578493  0.639712  0.600712  0.595722  0.659580  0.629961  0.745222  0.680670  0.615392  0.673998  0.714679  0.665363  0.680740  0.393630  0.730343  0.672702  0.682587  0.628477  0.721616  0.656125  0.384460  0.668258  0.468641  0.821809  0.439048  0.774709  0.755154  0.872891  0.264249  0.757960  0.607377  0.725150  0.674930  0.360462  0.744560  0.654502  0.701664  0.747912  0.743137 
11  0.847237  0.620082  0.624697  0.707846  0.576446  0.627835  0.601855  0.626872  0.670395  0.692555  0.648413 0.0  0.550056  0.790954  0.708292  0.572272  0.695580  0.367941  0.747525  0.710282  0.704704  0.649747  0.797711  0.709251  0.619918  0.696734  0.843969  0.692613  0.709488  0.736326  0.665758  0.277559  0.638880  0.742425  0.705692  0.759772  0.788418  0.738380  0.849034  0.759578  0.778063  0.731442  0.577306  0.773442  0.587222  0.751875  0.546049  0.798431  0.705214  0.723487  0.508245  0.734326  0.320533  0.861551  0.643106  0.617362  0.699226  0.798737  0.765594  0.613632  0.959798 
12  0.606642  0.608585  0.747033  0.756842  0.629753  0.674115  0.631888  0.551178  0.453805  0.739314  0.522169  0.550056 0.0  0.694845  0.675557  0.643525  0.696294  0.500299  0.694884  0.704524  0.659288  0.655684  0.725204  0.548218  0.627769  0.661162  0.722052  0.647675  0.620245  0.790567  0.566472  0.490549  0.723268  0.733152  0.584640  0.510381  0.825434  0.700065  0.703519  0.621997  0.718279  0.737191  0.590127  0.706416  0.684604  0.682249  0.656881  0.752349  0.772472  0.690252  0.591859  0.747915  0.444739  0.782221  0.701873  0.509428  0.685293  0.665123  0.585652  0.623050  0.801766 
13  0.634690  0.731808  0.856555  0.815588  0.756386  0.728647  0.610404  0.589799  0.757496  0.263991  0.792281  0.790954  0.694845 0.0  0.611084  0.880253  0.706696  0.768737  0.588998  0.351769  0.886589  0.804132  0.623314  0.764810  0.737404  0.676044  0.889566  0.738347  0.757047  0.835412  0.906330  0.764749  0.720389  0.809056  0.836891  0.626072  0.346616  0.831304  0.650530  0.663904  0.402083  0.333885  0.661111  0.763908  0.670718  0.861705  0.686172  0.776010  0.837123  0.311078  0.832957  0.412903  0.768016  0.737405  0.829421  0.730576  0.818593  0.800364  0.549256  0.666070  0.703731 
14  0.572701  0.730293  0.766130  0.734158  0.772218  0.843273  0.311821  0.799502  0.431506  0.658289  0.725669  0.708292  0.675557  0.611084 0.0  0.871148  0.781790  0.746298  0.332875  0.582456  0.863273  0.816451  0.752948  0.798354  0.831582  0.815421  1.000000  0.709165  0.768460  0.799128  0.847471  0.693881  0.701005  0.854489  0.756195  0.642934  0.628267  0.835412  0.619729  0.847281  0.587956  0.671577  0.747741  0.737420  0.862306  0.741485  0.810380  0.779997  0.901954  0.647332  0.800174  0.826693  0.710355  0.702762  0.714783  0.689872  0.793602  0.694197  0.391231  0.371304  0.766001 
15  0.744533  0.587644  0.529250  0.579023  0.321579  0.399014  0.790515  0.660226  0.744080  0.667151  0.697053  0.572272  0.643525  0.880253  0.871148 0.0  0.349745  0.669906  0.681708  0.879167  0.465630  0.390619  0.663635  0.482748  0.644257  0.699318  0.493681  0.691916  0.546554  0.399250  0.367171  0.764863  0.575930  0.477165  0.245849  0.716638  0.719538  0.441600  0.624072  0.606871  0.763559  0.898332  0.581698  0.428951  0.687434  0.286436  0.675364  0.486963  0.337267  0.856790  0.685801  0.828786  0.631147  0.607972  0.452996  0.650868  0.267221  0.470837  0.795448  0.714580  0.828200 
16  0.776424  0.528608  0.446629  0.600362  0.375290  0.474728  0.771211  0.662685  0.876975  0.790161  0.698993  0.695580  0.696294  0.706696  0.781790  0.349745 0.0  0.640182  0.902628  0.712428  0.518348  0.383656  0.662310  0.388873  0.729346  0.729707  0.418186  0.740363  0.547443  0.480908  0.365087  0.656368  0.625675  0.451443  0.476357  0.672535  0.881884  0.597705  0.784396  0.598774  0.745759  0.796355  0.650526  0.395183  0.728297  0.369394  0.663995  0.399886  0.453871  0.800079  0.771891  0.764253  0.633405  0.655017  0.555860  0.649465  0.269135  0.530360  0.858850  0.672298  0.761321 
17  0.658865  0.580339  0.606985  0.774743  0.601804  0.561438  0.641261  0.723507  0.799574  0.762983  0.639519  0.367941  0.500299  0.768737  0.746298  0.669906  0.640182 0.0  0.687469  0.793505  0.766676  0.699409  0.798760  0.662264  0.553540  0.700548  0.612284  0.647394  0.751927  0.672044  0.636126  0.428429  0.699632  0.766095  0.740356  0.560841  0.677850  0.715981  0.794309  0.786275  0.786487  0.823337  0.671958  0.662638  0.616282  0.808339  0.626217  0.721366  0.811131  0.764651  0.631185  0.783058  0.355768  0.802559  0.663444  0.588010  0.669320  0.768099  0.797556  0.752907  0.815527 
18  0.588009  0.607804  0.932737  0.892507  0.741427  0.838824  0.275870  0.721981  0.328504  0.653114  0.790770  0.747525  0.694884  0.588998  0.332875  0.681708  0.902628  0.687469 0.0  0.664907  0.883604  0.730470  0.665020  0.840181  0.779255  0.732317  0.876804  0.794648  0.735887  0.899999  0.829395  0.800220  0.685508  0.702396  0.835250  0.772078  0.706694  0.682800  0.686947  0.904877  0.690049  0.699922  0.656151  0.739360  0.850993  0.679784  0.764965  0.757612  0.740458  0.628365  0.766479  0.648441  0.732804  0.704391  0.847700  0.616535  0.662799  0.731614  0.439037  0.298816  0.704638 
19  0.584346  0.634124  0.885182  0.766669  0.682702  0.873283  0.550445  0.743104  0.673983  0.315559  0.705021  0.710282  0.704524  0.351769  0.582456  0.879167  0.712428  0.793505  0.664907 0.0  0.840972  0.709003  0.633999  0.776592  0.808756  0.757482  0.797154  0.749496  0.808819  0.824177  0.984885  0.709533  0.782017  0.749896  0.713251  0.790398  0.486982  0.734393  0.817926  0.810977  0.336972  0.428066  0.836259  0.778567  0.722487  0.808566  0.641214  0.740241  0.807855  0.290227  0.762110  0.382606  0.786860  0.712835  0.846140  0.696588  0.721777  0.729040  0.740697  0.535985  0.698360 
20  0.767736  0.682282  0.473961  0.380936  0.375638  0.226788  0.796381  0.724782  0.846360  0.823054  0.668011  0.704704  0.659288  0.886589  0.863273  0.465630  0.518348  0.766676  0.883604  0.840972 0.0  0.358348  0.802799  0.484347  0.758443  0.665424  0.538431  0.686678  0.441303  0.343355  0.356744  0.650185  0.525726  0.395820  0.253961  0.656800  0.768610  0.325863  0.685555  0.610960  0.832216  0.703896  0.568215  0.312436  0.586570  0.537010  0.669463  0.426969  0.392105  0.865525  0.700702  0.854543  0.709426  0.820606  0.374066  0.644937  0.505060  0.522406  0.696449  0.708629  0.736668 
21  0.719545  0.579615  0.497173  0.432922  0.383228  0.370908  0.656357  0.598541  0.757800  0.779053  0.667726  0.649747  0.655684  0.804132  0.816451  0.390619  0.383656  0.699409  0.730470  0.709003  0.358348 0.0  0.577202  0.354613  0.574807  0.529173  0.435824  0.645389  0.515473  0.428750  0.501811  0.682943  0.410655  0.559053  0.349611  0.645954  0.881577  0.361545  0.618877  0.565583  0.890292  0.886061  0.665212  0.166603  0.638170  0.472451  0.641653  0.252505  0.532649  0.842783  0.668822  0.856475  0.678677  0.567896  0.326967  0.591055  0.523497  0.523482  0.746936  0.892762  0.541362 
22  0.555520  0.691711  0.674680  0.643251  0.681134  0.547139  0.608099  0.757320  0.608070  0.761909  0.578493  0.797711  0.725204  0.623314  0.752948  0.663635  0.662310  0.798760  0.665020  0.633999  0.802799  0.577202 0.0  0.752477  0.666823  0.841707  0.712236  0.810092  0.698345  0.588090  0.701203  0.848339  0.523486  0.711154  0.614009  0.875688  0.715236  0.646003  0.323929  0.526683  0.759064  0.740214  0.657981  0.625468  0.644954  0.639917  0.641448  0.651095  0.721732  0.697022  0.700777  0.732952  0.623085  0.388424  0.644707  0.708631  0.669927  0.677045  0.809642  0.682528  0.283879 
23  0.717344  0.627101  0.474789  0.614428  0.445514  0.395065  0.733744  0.720126  0.809859  0.734828  0.639712  0.709251  0.548218  0.764810  0.798354  0.482748  0.388873  0.662264  0.840181  0.776592  0.484347  0.354613  0.752477 0.0  0.705956  0.664660  0.471479  0.747368  0.482038  0.443910  0.356215  0.689587  0.560962  0.573497  0.577632  0.701548  0.735128  0.394725  0.682331  0.436534  0.710206  0.845839  0.666295  0.454778  0.693262  0.413442  0.713858  0.332685  0.379765  0.848886  0.629008  0.826135  0.598828  0.603647  0.371369  0.642312  0.406919  0.604284  0.895008  0.777760  0.700434 
24  0.820512  0.621721  0.670903  0.647768  0.654868  0.686987  0.764269  0.612960  0.715003  0.718828  0.600712  0.619918  0.627769  0.737404  0.831582  0.644257  0.729346  0.553540  0.779255  0.808756  0.758443  0.574807  0.666823  0.705956 0.0  0.189679  0.701244  0.616983  0.663354  0.578302  0.779662  0.558503  0.718974  0.766092  0.653184  0.543024  0.720843  0.710041  0.775089  0.667947  0.692987  0.739032  0.637107  0.557251  0.592367  0.858546  0.628293  0.551565  0.613551  0.715270  0.627960  0.714476  0.495911  0.730187  0.739313  0.617252  0.732196  0.635489  0.739743  0.737008  0.654112 
25  0.719384  0.563447  0.701176  0.756222  0.776461  0.720795  0.756437  0.588717  0.726124  0.799163  0.595722  0.696734  0.661162  0.676044  0.815421  0.699318  0.729707  0.700548  0.732317  0.757482  0.665424  0.529173  0.841707  0.664660  0.189679 0.0  0.704287  0.660261  0.793528  0.675923  0.766013  0.582317  0.655206  0.678754  0.548411  0.567412  0.820255  0.624578  0.679912  0.619059  0.737247  0.733907  0.716211  0.588876  0.564248  0.653780  0.669491  0.644549  0.677068  0.741944  0.629533  0.759346  0.534199  0.846284  0.729189  0.613966  0.708502  0.669579  0.802039  0.654557  0.819813 
26  0.865507  0.565906  0.382889  0.432558  0.496728  0.366164  0.855981  0.730301  0.715287  0.888894  0.659580  0.843969  0.722052  0.889566  1.000000  0.493681  0.418186  0.612284  0.876804  0.797154  0.538431  0.435824  0.712236  0.471479  0.701244  0.704287 0.0  0.770574  0.557098  0.273648  0.336771  0.720177  0.585066  0.541962  0.514173  0.715865  0.883790  0.430654  0.746656  0.589675  0.934557  0.839841  0.757469  0.526803  0.736585  0.427876  0.787123  0.435466  0.421717  0.727922  0.763899  0.869816  0.880269  0.564464  0.537822  0.738941  0.474048  0.559544  0.695856  0.851836  0.760658 
27  0.623997  0.562422  0.797481  0.702505  0.664536  0.682373  0.729251  0.309927  0.822352  0.727363  0.629961  0.692613  0.647675  0.738347  0.709165  0.691916  0.740363  0.647394  0.794648  0.749496  0.686678  0.645389  0.810092  0.747368  0.616983  0.660261  0.770574 0.0  0.690438  0.726433  0.655932  0.521274  0.583205  0.682199  0.730469  0.511951  0.657596  0.660338  0.721180  0.694184  0.690630  0.729176  0.419567  0.754405  0.372040  0.584589  0.327275  0.641242  0.663163  0.799807  0.453886  0.625001  0.631310  0.858709  0.636631  0.361801  0.685254  0.556811  0.790350  0.713721  0.854510 
28  0.689122  0.646168  0.364755  0.364511  0.242568  0.574486  0.725976  0.646597  0.778644  0.860245  0.745222  0.709488  0.620245  0.757047  0.768460  0.546554  0.547443  0.751927  0.735887  0.808819  0.441303  0.515473  0.698345  0.482038  0.663354  0.793528  0.557098  0.690438 0.0  0.466542  0.498939  0.815781  0.588919  0.454787  0.519943  0.875126  0.792787  0.447197  0.627975  0.527922  0.709995  0.807070  0.733091  0.487957  0.726327  0.504665  0.698748  0.478302  0.481067  0.890271  0.775431  0.819072  0.821095  0.526884  0.432564  0.697757  0.551753  0.494110  0.721104  0.893628  0.531332 
29  0.882688  0.680265  0.544187  0.441773  0.506611  0.381742  0.818744  0.707522  0.942026  0.795878  0.680670  0.736326  0.790567  0.835412  0.799128  0.399250  0.480908  0.672044  0.899999  0.824177  0.343355  0.428750  0.588090  0.443910  0.578302  0.675923  0.273648  0.726433  0.466542 0.0  0.355519  0.766484  0.606703  0.343689  0.467259  0.723548  0.739663  0.456950  0.688958  0.616465  0.762746  0.698031  0.641754  0.434419  0.767297  0.427452  0.652956  0.563954  0.356253  0.828508  0.813007  0.860509  0.733632  0.723190  0.374677  0.652717  0.469135  0.637389  0.687568  0.728530  0.602475 
30  0.741033  0.452330  0.576056  0.371329  0.439898  0.429543  0.781380  0.646381  0.809717  0.814761  0.615392  0.665758  0.566472  0.906330  0.847471  0.367171  0.365087  0.636126  0.829395  0.984885  0.356744  0.501811  0.701203  0.356215  0.779662  0.766013  0.336771  0.655932  0.498939  0.355519 0.0  0.724704  0.636888  0.543994  0.414019  0.713606  0.879410  0.373883  0.635052  0.597265  0.912062  0.654218  0.657208  0.492334  0.712461  0.491594  0.735929  0.536243  0.451251  0.836360  0.728685  0.809538  0.703639  0.711688  0.361279  0.619617  0.525960  0.508923  0.561925  0.850615  0.711264 
31  0.647158  0.631449  0.749201  0.840476  0.622107  0.736568  0.650247  0.617578  0.727962  0.910177  0.673998  0.277559  0.490549  0.764749  0.693881  0.764863  0.656368  0.428429  0.800220  0.709533  0.650185  0.682943  0.848339  0.689587  0.558503  0.582317  0.720177  0.521274  0.815781  0.766484  0.724704 0.0  0.654072  0.644495  0.612886  0.588632  0.812246  0.684702  0.747873  0.742414  0.773823  0.817110  0.538346  0.645066  0.570629  0.745524  0.535270  0.790294  0.706925  0.751430  0.759693  0.808179  0.286017  0.879791  0.671030  0.618848  0.712330  0.743818  0.689433  0.761654  0.828863 
32  0.753622  0.354441  0.611887  0.767737  0.557951  0.520037  0.750337  0.641155  0.722169  0.793370  0.714679  0.638880  0.723268  0.720389  0.701005  0.575930  0.625675  0.699632  0.685508  0.782017  0.525726  0.410655  0.523486  0.560962  0.718974  0.655206  0.585066  0.583205  0.588919  0.606703  0.636888  0.654072 0.0  0.640676  0.534833  0.629585  0.751852  0.479053  0.535671  0.484533  0.668342  0.848020  0.469422  0.586754  0.619791  0.502890  0.751226  0.587553  0.650783  0.921559  0.730315  0.777003  0.702082  0.677422  0.494738  0.564484  0.637412  0.323495  0.702256  0.668070  0.474572 
33  0.785474  0.685573  0.450370  0.360863  0.352983  0.603938  0.706965  0.680279  0.751587  0.742839  0.665363  0.742425  0.733152  0.809056  0.854489  0.477165  0.451443  0.766095  0.702396  0.749896  0.395820  0.559053  0.711154  0.573497  0.766092  0.678754  0.541962  0.682199  0.454787  0.343689  0.543994  0.644495  0.640676 0.0  0.455191  0.707102  0.881742  0.405736  0.591753  0.541504  0.801461  0.722210  0.656277  0.564522  0.770945  0.576397  0.760762  0.599030  0.437347  0.751379  0.805888  0.770565  0.828952  0.607763  0.611211  0.715110  0.487848  0.774172  0.626504  0.666850  0.703983 
34  0.770802  0.574726  0.522660  0.546570  0.355403  0.564385  0.744739  0.653683  0.816275  0.832712  0.680740  0.705692  0.584640  0.836891  0.756195  0.245849  0.476357  0.740356  0.835250  0.713251  0.253961  0.349611  0.614009  0.577632  0.653184  0.548411  0.514173  0.730469  0.519943  0.467259  0.414019  0.612886  0.534833  0.455191 0.0  0.706190  0.842377  0.390972  0.697922  0.526329  0.766357  0.810640  0.606047  0.417798  0.679539  0.343711  0.724492  0.430416  0.417729  0.802899  0.698460  0.779885  0.695072  0.610731  0.423465  0.784708  0.389111  0.502176  0.726530  0.775602  0.646505 
35  0.650598  0.608514  0.666337  0.769553  0.590581  0.794631  0.724298  0.451510  0.672727  0.773220  0.393630  0.759772  0.510381  0.626072  0.642934  0.716638  0.672535  0.560841  0.772078  0.790398  0.656800  0.645954  0.875688  0.701548  0.543024  0.567412  0.715865  0.511951  0.875126  0.723548  0.713606  0.588632  0.629585  0.707102  0.706190 0.0  0.863783  0.608519  0.765425  0.653095  0.741519  0.805393  0.513080  0.581843  0.432108  0.805165  0.470868  0.606646  0.753784  0.777094  0.483920  0.848294  0.516691  0.794020  0.543500  0.307787  0.671488  0.696165  0.671256  0.685740  0.694674 
36  0.494083  0.721435  0.826341  0.788274  0.822486  0.819126  0.633632  0.779787  0.677007  0.350824  0.730343  0.788418  0.825434  0.346616  0.628267  0.719538  0.881884  0.677850  0.706694  0.486982  0.768610  0.881577  0.715236  0.735128  0.720843  0.820255  0.883790  0.657596  0.792787  0.739663  0.879410  0.812246  0.751852  0.881742  0.842377  0.863783 0.0  0.777050  0.683328  0.815072  0.425426  0.437848  0.768619  0.840826  0.745478  0.712422  0.782409  0.691244  0.820255  0.227748  0.813961  0.417928  0.749558  0.798948  0.792877  0.746217  0.774067  0.728982  0.831478  0.593977  0.745995 
37  0.810353  0.533267  0.391205  0.508204  0.487452  0.351665  0.773848  0.706931  0.889710  0.856258  0.672702  0.738380  0.700065  0.831304  0.835412  0.441600  0.597705  0.715981  0.682800  0.734393  0.325863  0.361545  0.646003  0.394725  0.710041  0.624578  0.430654  0.660338  0.447197  0.456950  0.373883  0.684702  0.479053  0.405736  0.390972  0.608519  0.777050 0.0  0.599594  0.480533  0.837442  0.849028  0.605242  0.248784  0.631672  0.424441  0.673949  0.312304  0.413174  0.916398  0.702172  0.808512  0.677372  0.625333  0.449169  0.786913  0.411716  0.405009  0.661285  0.876912  0.563925 
38  0.712124  0.677087  0.695464  0.687889  0.722132  0.584377  0.708341  0.918239  0.642954  0.709589  0.682587  0.849034  0.703519  0.650530  0.619729  0.624072  0.784396  0.794309  0.686947  0.817926  0.685555  0.618877  0.323929  0.682331  0.775089  0.679912  0.746656  0.721180  0.627975  0.688958  0.635052  0.747873  0.535671  0.591753  0.697922  0.765425  0.683328  0.599594 0.0  0.585401  0.737384  0.747038  0.737819  0.606304  0.744316  0.603344  0.663031  0.680870  0.732317  0.770858  0.823757  0.731898  0.900535  0.319147  0.685076  0.872076  0.792193  0.668258  0.761202  0.732174  0.381958 
39  0.763883  0.646160  0.569326  0.585103  0.672317  0.503086  0.793220  0.557584  0.779026  0.847571  0.628477  0.759578  0.621997  0.663904  0.847281  0.606871  0.598774  0.786275  0.904877  0.810977  0.610960  0.565583  0.526683  0.436534  0.667947  0.619059  0.589675  0.694184  0.527922  0.616465  0.597265  0.742414  0.484533  0.541504  0.526329  0.653095  0.815072  0.480533  0.585401 0.0  0.736994  0.853473  0.679539  0.610934  0.649684  0.630206  0.740594  0.536669  0.577922  0.788507  0.655395  0.865456  0.670450  0.405453  0.434088  0.631628  0.554178  0.368358  0.778948  0.842479  0.559016 
40  0.511333  0.694680  0.797782  0.768257  0.844788  0.817626  0.751255  0.623259  0.574690  0.479723  0.721616  0.778063  0.718279  0.402083  0.587956  0.763559  0.745759  0.786487  0.690049  0.336972  0.832216  0.890292  0.759064  0.710206  0.692987  0.737247  0.934557  0.690630  0.709995  0.762746  0.912062  0.773823  0.668342  0.801461  0.766357  0.741519  0.425426  0.837442  0.737384  0.736994 0.0  0.394307  0.682692  0.836142  0.757059  0.758856  0.834756  0.658396  0.716223  0.480512  0.748224  0.383069  0.754583  0.655340  0.705149  0.654719  0.743954  0.818424  0.836891  0.774920  0.727578 
41  0.626587  0.671169  0.761813  0.670774  0.732921  0.862335  0.587433  0.751414  0.602430  0.288806  0.656125  0.731442  0.737191  0.333885  0.671577  0.898332  0.796355  0.823337  0.699922  0.428066  0.703896  0.886061  0.740214  0.845839  0.739032  0.733907  0.839841  0.729176  0.807070  0.698031  0.654218  0.817110  0.848020  0.722210  0.810640  0.805393  0.437848  0.849028  0.747038  0.853473  0.394307 0.0  0.765694  0.862185  0.799540  0.937846  0.716669  0.848558  0.807782  0.432659  0.769206  0.548299  0.841744  0.751718  0.794563  0.843102  0.859423  0.727817  0.556129  0.691342  0.683482 
42  0.718102  0.515031  0.640288  0.760808  0.650510  0.695423  0.725588  0.581362  0.647823  0.733665  0.384460  0.577306  0.590127  0.661111  0.747741  0.581698  0.650526  0.671958  0.656151  0.836259  0.568215  0.665212  0.657981  0.666295  0.637107  0.716211  0.757469  0.419567  0.733091  0.641754  0.657208  0.538346  0.469422  0.656277  0.606047  0.513080  0.768619  0.605242  0.737819  0.679539  0.682692  0.765694 0.0  0.654067  0.477935  0.738639  0.397546  0.567034  0.722734  0.812217  0.489049  0.712935  0.536215  0.852144  0.643225  0.341333  0.643555  0.517454  0.621813  0.695716  0.704082 
43  0.743826  0.548739  0.403264  0.484708  0.413022  0.346086  0.812985  0.524699  0.721435  0.854689  0.668258  0.773442  0.706416  0.763908  0.737420  0.428951  0.395183  0.662638  0.739360  0.778567  0.312436  0.166603  0.625468  0.454778  0.557251  0.588876  0.526803  0.754405  0.487957  0.434419  0.492334  0.645066  0.586754  0.564522  0.417798  0.581843  0.840826  0.248784  0.606304  0.610934  0.836142  0.862185  0.654067 0.0  0.675232  0.580098  0.641796  0.355473  0.462143  0.869285  0.671082  0.946930  0.696100  0.550530  0.252962  0.667911  0.509876  0.458743  0.829318  0.793832  0.722026 
44  0.634880  0.676018  0.679716  0.800211  0.603495  0.729767  0.688247  0.365559  0.820795  0.714165  0.468641  0.587222  0.684604  0.670718  0.862306  0.687434  0.728297  0.616282  0.850993  0.722487  0.586570  0.638170  0.644954  0.693262  0.592367  0.564248  0.736585  0.372040  0.726327  0.767297  0.712461  0.570629  0.619791  0.770945  0.679539  0.432108  0.745478  0.631672  0.744316  0.649684  0.757059  0.799540  0.477935  0.675232 0.0  0.689414  0.235193  0.736286  0.783714  0.846945  0.603309  0.673083  0.553812  0.827495  0.688763  0.470077  0.602311  0.702838  0.797524  0.691640  0.790424 
45  0.635404  0.733679  0.512828  0.610776  0.348162  0.517975  0.741429  0.738336  0.685637  0.731477  0.821809  0.751875  0.682249  0.861705  0.741485  0.286436  0.369394  0.808339  0.679784  0.808566  0.537010  0.472451  0.639917  0.413442  0.858546  0.653780  0.427876  0.584589  0.504665  0.427452  0.491594  0.745524  0.502890  0.576397  0.343711  0.805165  0.712422  0.424441  0.603344  0.630206  0.758856  0.937846  0.738639  0.580098  0.689414 0.0  0.763721  0.444075  0.475618  0.729979  0.813632  0.828640  0.650810  0.665144  0.454039  0.645031  0.450270  0.596811  0.886618  0.767176  0.664518 
46  0.657942  0.591314  0.665455  0.883280  0.629958  0.639203  0.627570  0.339223  0.751593  0.815353  0.439048  0.546049  0.656881  0.686172  0.810380  0.675364  0.663995  0.626217  0.764965  0.641214  0.669463  0.641653  0.641448  0.713858  0.628293  0.669491  0.787123  0.327275  0.698748  0.652956  0.735929  0.535270  0.751226  0.760762  0.724492  0.470868  0.782409  0.673949  0.663031  0.740594  0.834756  0.716669  0.397546  0.641796  0.235193  0.763721 0.0  0.723537  0.658814  0.704936  0.418484  0.752846  0.592775  0.710110  0.696385  0.389379  0.709382  0.628605  0.677083  0.745760  0.602598 
47  0.656990  0.575757  0.566817  0.581366  0.459232  0.278457  0.681682  0.641821  0.683002  0.662193  0.774709  0.798431  0.752349  0.776010  0.779997  0.486963  0.399886  0.721366  0.757612  0.740241  0.426969  0.252505  0.651095  0.332685  0.551565  0.644549  0.435466  0.641242  0.478302  0.563954  0.536243  0.790294  0.587553  0.599030  0.430416  0.606646  0.691244  0.312304  0.680870  0.536669  0.658396  0.848558  0.567034  0.355473  0.736286  0.444075  0.723537 0.0  0.438380  0.861781  0.789206  0.893288  0.643245  0.559518  0.356792  0.676703  0.360246  0.553225  0.862661  0.757839  0.702940 
48  0.752837  0.583265  0.374790  0.590055  0.334366  0.460852  0.798571  0.796595  0.820343  0.682521  0.755154  0.705214  0.772472  0.837123  0.901954  0.337267  0.453871  0.811131  0.740458  0.807855  0.392105  0.532649  0.721732  0.379765  0.613551  0.677068  0.421717  0.663163  0.481067  0.356253  0.451251  0.706925  0.650783  0.437347  0.417729  0.753784  0.820255  0.413174  0.732317  0.577922  0.716223  0.807782  0.722734  0.462143  0.783714  0.475618  0.658814  0.438380 0.0  0.715616  0.692648  0.738396  0.655001  0.592559  0.406860  0.563914  0.493701  0.568635  0.782346  0.805142  0.635940 
49  0.594992  0.606059  0.980390  0.888520  0.763142  0.826721  0.551916  0.820379  0.608244  0.174710  0.872891  0.723487  0.690252  0.311078  0.647332  0.856790  0.800079  0.764651  0.628365  0.290227  0.865525  0.842783  0.697022  0.848886  0.715270  0.741944  0.727922  0.799807  0.890271  0.828508  0.836360  0.751430  0.921559  0.751379  0.802899  0.777094  0.227748  0.916398  0.770858  0.788507  0.480512  0.432659  0.812217  0.869285  0.846945  0.729979  0.704936  0.861781  0.715616 0.0  0.721291  0.435436  0.802550  0.700157  0.876619  0.740312  0.808463  0.746187  0.815787  0.643645  0.609966 
50  0.744893  0.558889  0.657411  0.786184  0.674044  0.674953  0.717208  0.561686  0.697955  0.649950  0.264249  0.508245  0.591859  0.832957  0.800174  0.685801  0.771891  0.631185  0.766479  0.762110  0.700702  0.668822  0.700777  0.629008  0.627960  0.629533  0.763899  0.453886  0.775431  0.813007  0.728685  0.759693  0.730315  0.805888  0.698460  0.483920  0.813961  0.702172  0.823757  0.655395  0.748224  0.769206  0.489049  0.671082  0.603309  0.813632  0.418484  0.789206  0.692648  0.721291 0.0  0.802345  0.763491  0.790331  0.634972  0.475659  0.710432  0.787843  0.616134  0.733283  0.837737 
51  0.584845  0.791123  0.837493  0.824569  0.754427  0.850473  0.610186  0.814683  0.739333  0.548448  0.757960  0.734326  0.747915  0.412903  0.826693  0.828786  0.764253  0.783058  0.648441  0.382606  0.854543  0.856475  0.732952  0.826135  0.714476  0.759346  0.869816  0.625001  0.819072  0.860509  0.809538  0.808179  0.777003  0.770565  0.779885  0.848294  0.417928  0.808512  0.731898  0.865456  0.383069  0.548299  0.712935  0.946930  0.673083  0.828640  0.752846  0.893288  0.738396  0.435436  0.802345 0.0  0.581053  0.717160  0.820511  0.619029  0.810783  0.825688  0.789067  0.692683  0.795495 
52  0.748676  0.595406  0.813787  0.774519  0.656030  0.777520  0.713830  0.591646  0.812909  0.810334  0.607377  0.320533  0.444739  0.768016  0.710355  0.631147  0.633405  0.355768  0.732804  0.786860  0.709426  0.678677  0.623085  0.598828  0.495911  0.534199  0.880269  0.631310  0.821095  0.733632  0.703639  0.286017  0.702082  0.828952  0.695072  0.516691  0.749558  0.677372  0.900535  0.670450  0.754583  0.841744  0.536215  0.696100  0.553812  0.650810  0.592775  0.643245  0.655001  0.802550  0.763491  0.581053 0.0  0.847570  0.653889  0.610028  0.614023  0.670193  0.837814  0.759556  0.813902 
53  0.572972  0.680160  0.650182  0.586892  0.694350  0.643226  0.780519  0.715958  0.616045  0.808563  0.725150  0.861551  0.782221  0.737405  0.702762  0.607972  0.655017  0.802559  0.704391  0.712835  0.820606  0.567896  0.388424  0.603647  0.730187  0.846284  0.564464  0.858709  0.526884  0.723190  0.711688  0.879791  0.677422  0.607763  0.610731  0.794020  0.798948  0.625333  0.319147  0.405453  0.655340  0.751718  0.852144  0.550530  0.827495  0.665144  0.710110  0.559518  0.592559  0.700157  0.790331  0.717160  0.847570 0.0  0.576967  0.835562  0.721695  0.553288  0.696513  0.702275  0.396962 
54  0.799522  0.507065  0.440770  0.445699  0.386274  0.303321  0.832926  0.644406  0.788604  0.799667  0.674930  0.643106  0.701873  0.829421  0.714783  0.452996  0.555860  0.663444  0.847700  0.846140  0.374066  0.326967  0.644707  0.371369  0.739313  0.729189  0.537822  0.636631  0.432564  0.374677  0.361279  0.671030  0.494738  0.611211  0.423465  0.543500  0.792877  0.449169  0.685076  0.434088  0.705149  0.794563  0.643225  0.252962  0.688763  0.454039  0.696385  0.356792  0.406860  0.876619  0.634972  0.820511  0.653889  0.576967 0.0  0.565892  0.470239  0.558917  0.756332  0.787652  0.624792 
55  0.544453  0.527375  0.732089  0.756801  0.532710  0.702941  0.700437  0.368472  0.689826  0.759315  0.360462  0.617362  0.509428  0.730576  0.689872  0.650868  0.649465  0.588010  0.616535  0.696588  0.644937  0.591055  0.708631  0.642312  0.617252  0.613966  0.738941  0.361801  0.697757  0.652717  0.619617  0.618848  0.564484  0.715110  0.784708  0.307787  0.746217  0.786913  0.872076  0.631628  0.654719  0.843102  0.341333  0.667911  0.470077  0.645031  0.389379  0.676703  0.563914  0.740312  0.475659  0.619029  0.610028  0.835562  0.565892 0.0  0.582381  0.547619  0.675485  0.722020  0.656191 
56  0.733298  0.503441  0.533204  0.569226  0.385351  0.558536  0.707418  0.686157  0.782922  0.856188  0.744560  0.699226  0.685293  0.818593  0.793602  0.267221  0.269135  0.669320  0.662799  0.721777  0.505060  0.523497  0.669927  0.406919  0.732196  0.708502  0.474048  0.685254  0.551753  0.469135  0.525960  0.712330  0.637412  0.487848  0.389111  0.671488  0.774067  0.411716  0.792193  0.554178  0.743954  0.859423  0.643555  0.509876  0.602311  0.450270  0.709382  0.360246  0.493701  0.808463  0.710432  0.810783  0.614023  0.721695  0.470239  0.582381 0.0  0.503791  0.752034  0.822636  0.858697 
57  0.810052  0.549578  0.596987  0.762681  0.441003  0.555533  0.789247  0.571041  0.813013  0.835706  0.654502  0.798737  0.665123  0.800364  0.694197  0.470837  0.530360  0.768099  0.731614  0.729040  0.522406  0.523482  0.677045  0.604284  0.635489  0.669579  0.559544  0.556811  0.494110  0.637389  0.508923  0.743818  0.323495  0.774172  0.502176  0.696165  0.728982  0.405009  0.668258  0.368358  0.818424  0.727817  0.517454  0.458743  0.702838  0.596811  0.628605  0.553225  0.568635  0.746187  0.787843  0.825688  0.670193  0.553288  0.558917  0.547619  0.503791 0.0  0.819491  0.631237  0.584754 
58  0.785618  0.644491  0.775033  0.755361  0.757918  0.690963  0.361527  0.760974  0.273100  0.763004  0.701664  0.765594  0.585652  0.549256  0.391231  0.795448  0.858850  0.797556  0.439037  0.740697  0.696449  0.746936  0.809642  0.895008  0.739743  0.802039  0.695856  0.790350  0.721104  0.687568  0.561925  0.689433  0.702256  0.626504  0.726530  0.671256  0.831478  0.661285  0.761202  0.778948  0.836891  0.556129  0.621813  0.829318  0.797524  0.886618  0.677083  0.862661  0.782346  0.815787  0.616134  0.789067  0.837814  0.696513  0.756332  0.675485  0.752034  0.819491 0.0  0.410372  0.754140 
59  0.659886  0.564564  0.817496  0.809700  0.731656  0.784599  0.243522  0.647915  0.233266  0.584151  0.747912  0.613632  0.623050  0.666070  0.371304  0.714580  0.672298  0.752907  0.298816  0.535985  0.708629  0.892762  0.682528  0.777760  0.737008  0.654557  0.851836  0.713721  0.893628  0.728530  0.850615  0.761654  0.668070  0.666850  0.775602  0.685740  0.593977  0.876912  0.732174  0.842479  0.774920  0.691342  0.695716  0.793832  0.691640  0.767176  0.745760  0.757839  0.805142  0.643645  0.733283  0.692683  0.759556  0.702275  0.787652  0.722020  0.822636  0.631237  0.410372 0.0  0.727287 
60  0.690817  0.560728  0.666203  0.594106  0.693530  0.585341  0.778077  0.783892  0.739042  0.671835  0.743137  0.959798  0.801766  0.703731  0.766001  0.828200  0.761321  0.815527  0.704638  0.698360  0.736668  0.541362  0.283879  0.700434  0.654112  0.819813  0.760658  0.854510  0.531332  0.602475  0.711264  0.828863  0.474572  0.703983  0.646505  0.694674  0.745995  0.563925  0.381958  0.559016  0.727578  0.683482  0.704082  0.722026  0.790424  0.664518  0.602598  0.702940  0.635940  0.609966  0.837737  0.795495  0.813902  0.396962  0.624792  0.656191  0.858697  0.584754  0.754140  0.727287 0.0 
