61
0 0.0  0.680662  0.810985  0.715676  0.671907  0.674966  0.548623  0.590856  0.545070  0.574873  0.737649  0.702408  0.631718  0.644093  0.598139  0.792645  0.723929  0.700601  0.684318  0.477338  0.776616  0.803852  0.751921  0.706246  0.718934  0.810688  0.841823  0.575512  0.646482  0.780757  0.761869  0.592162  0.686895  0.642352  0.727257  0.534703  0.579597  0.750937  0.668494  0.769135  0.609002  0.690453  0.760841  0.810938  0.572258  0.686021  0.645693  0.735974  0.730776  0.532120  0.758773  0.601349  0.683769  0.677796  0.843784  0.609849  0.633238  0.917646  0.783707  0.703753  0.569406 
1  0.680662 0.0  0.530566  0.612577  0.569303  0.511175  0.713520  0.547950  0.694312  0.713825  0.585118  0.478843  0.441272  0.775284  0.618998  0.512946  0.621381  0.560389  0.754499  0.767080  0.503845  0.532287  0.602583  0.475525  0.562764  0.543115  0.541654  0.533731  0.688299  0.720320  0.665260  0.614648  0.539541  0.666501  0.599674  0.515581  0.566441  0.418552  0.617995  0.605364  0.662321  0.658995  0.576274  0.504470  0.655703  0.627432  0.645253  0.543618  0.587488  0.723608  0.586693  0.714843  0.628410  0.569033  0.517882  0.637851  0.594757  0.610137  0.560163  0.598471  0.531726 
2  0.810985  0.530566 0.0  0.418967  0.313000  0.376071  0.827122  0.642110  0.781204  0.797217  0.716348  0.635414  0.741015  0.779722  0.847676  0.347404  0.375311  0.731330  0.794797  0.815683  0.541508  0.472011  0.600458  0.395062  0.573185  0.506221  0.458632  0.590838  0.553589  0.362819  0.595097  0.720397  0.547027  0.420383  0.392654  0.617062  0.774888  0.446674  0.673660  0.447796  0.756516  0.866059  0.651370  0.362033  0.759877  0.532251  0.664286  0.470058  0.358987  0.834538  0.698683  0.854073  0.644511  0.578889  0.501826  0.595251  0.527157  0.689348  0.776492  0.733675  0.696827 
3  0.715676  0.612577  0.418967 0.0  0.430958  0.445312  0.856374  0.777100  0.820459  0.804349  0.742138  0.838641  0.819276  0.776088  0.789294  0.498402  0.602005  0.788127  0.782911  0.690150  0.506354  0.547007  0.645336  0.484649  0.654532  0.841041  0.548482  0.747551  0.381643  0.439867  0.397729  0.775156  0.690133  0.260292  0.542224  0.738672  0.821173  0.583612  0.643613  0.658967  0.840692  0.729868  0.670265  0.388348  0.807355  0.561622  0.825452  0.533244  0.488851  0.842997  0.766824  0.846645  0.818205  0.647856  0.487953  0.827899  0.549732  0.630435  0.771932  0.852630  0.603995 
4  0.671907  0.569303  0.313000  0.430958 0.0  0.455355  0.613277  0.707096  0.713320  0.746527  0.619124  0.703027  0.734641  0.840236  0.818061  0.361708  0.297680  0.720447  0.835148  0.743846  0.391612  0.481534  0.742242  0.372833  0.658462  0.785226  0.427965  0.570313  0.353235  0.550994  0.422578  0.726218  0.497880  0.372493  0.411046  0.668758  0.758682  0.501719  0.635625  0.527059  0.702507  0.808707  0.604391  0.366764  0.581518  0.412448  0.687513  0.277272  0.326012  0.758547  0.749040  0.806362  0.667757  0.609867  0.440220  0.692846  0.404668  0.555504  0.712772  0.792195  0.740314 
5  0.674966  0.511175  0.376071  0.445312  0.455355 0.0  0.735557  0.704348  0.809755  0.832219  0.570790  0.711314  0.591104  0.885503  0.718019  0.435338  0.459433  0.675581  0.735907  0.752574  0.306126  0.452468  0.624634  0.469654  0.519621  0.597681  0.516929  0.650298  0.433316  0.395551  0.425696  0.791708  0.571504  0.498449  0.353550  0.707728  0.864142  0.391458  0.650814  0.567833  0.789654  0.729153  0.668747  0.255107  0.632294  0.475506  0.619516  0.356209  0.389255  0.779840  0.554111  0.738880  0.737004  0.644324  0.318482  0.522582  0.510634  0.410592  0.744553  0.848806  0.582663 
6  0.548623  0.713520  0.827122  0.856374  0.613277  0.735557 0.0  0.737700  0.228137  0.554256  0.765895  0.649998  0.590598  0.598493  0.300049  0.724917  0.734122  0.634933  0.294060  0.597837  0.762274  0.697107  0.590735  0.826293  0.730406  0.744260  0.779419  0.751330  0.774504  0.842183  0.812715  0.755201  0.667623  0.851525  0.617019  0.636485  0.461564  0.801032  0.761830  0.814827  0.567507  0.544170  0.608971  0.804997  0.658590  0.618538  0.702503  0.762931  0.817526  0.512630  0.694675  0.637951  0.679667  0.785490  0.829462  0.691830  0.837821  0.776041  0.306568  0.260322  0.688192 
7  0.590856  0.547950  0.642110  0.777100  0.707096  0.704348  0.737700 0.0  0.646327  0.740618  0.457630  0.630703  0.656266  0.667846  0.695046  0.691865  0.711100  0.594459  0.723008  0.758523  0.702353  0.604001  0.767625  0.578963  0.687749  0.606427  0.749762  0.337028  0.755075  0.713434  0.587954  0.610171  0.590439  0.709911  0.698391  0.358256  0.724812  0.750920  0.699897  0.596473  0.680098  0.845220  0.432896  0.612896  0.343099  0.730125  0.306266  0.725419  0.763736  0.743874  0.528851  0.667867  0.660173  0.685426  0.623306  0.465329  0.569483  0.626092  0.722400  0.765179  0.744249 
8  0.545070  0.694312  0.781204  0.820459  0.713320  0.809755  0.228137  0.646327 0.0  0.685162  0.807115  0.638378  0.788427  0.589375  0.323324  0.706130  0.780196  0.583298  0.311708  0.546048  0.797476  0.743462  0.601695  0.711793  0.738174  0.688620  0.833476  0.851941  0.667462  0.856093  0.719584  0.718941  0.792472  0.787709  0.735801  0.656887  0.552652  0.733545  0.696016  0.776025  0.682665  0.611897  0.728661  0.709115  0.800957  0.617605  0.755618  0.788974  0.819461  0.720174  0.737450  0.573401  0.753462  0.609129  0.845529  0.829487  0.675115  0.791626  0.320278  0.378175  0.591009 
9  0.574873  0.713825  0.797217  0.804349  0.746527  0.832219  0.554256  0.740618  0.685162 0.0  0.770300  0.707281  0.680982  0.348771  0.656750  0.721334  0.797554  0.736719  0.595882  0.364351  0.840541  0.801629  0.830039  0.801275  0.730611  0.676298  0.857156  0.779901  0.781347  0.789918  0.806303  0.734797  0.754460  0.783003  0.698288  0.761010  0.375274  0.782618  0.706638  0.807426  0.394912  0.485191  0.822763  0.674847  0.682485  0.701587  0.648905  0.807886  0.758358  0.342308  0.679505  0.434595  0.783077  0.700636  0.650848  0.652181  0.767214  0.822765  0.696836  0.534858  0.723761 
10  0.737649  0.585118  0.716348  0.742138  0.619124  0.570790  0.765895  0.457630  0.807115  0.770300 0.0  0.563134  0.478655  0.716146  0.719722  0.710860  0.730498  0.642095  0.859616  0.826111  0.835382  0.652494  0.700818  0.686363  0.483563  0.563575  0.750781  0.553797  0.688909  0.749010  0.748454  0.589278  0.670022  0.811054  0.707267  0.369963  0.632341  0.794881  0.726722  0.598640  0.809298  0.699104  0.448912  0.691850  0.457540  0.804150  0.450665  0.734351  0.695413  0.799071  0.406023  0.728540  0.644085  0.705887  0.632730  0.379444  0.717906  0.771730  0.717008  0.728404  0.796150 
11  0.702408  0.478843  0.635414  0.838641  0.703027  0.711314  0.649998  0.630703  0.638378  0.707281  0.563134 0.0  0.471250  0.693859  0.796060  0.630777  0.665839  0.421462  0.787262  0.771469  0.659415  0.636613  0.757626  0.672696  0.664446  0.664360  0.819438  0.690222  0.757981  0.793672  0.796707  0.291681  0.653957  0.728177  0.616327  0.627132  0.746701  0.660750  0.769842  0.705675  0.790455  0.842200  0.632067  0.716658  0.589581  0.733541  0.550147  0.598993  0.578838  0.852981  0.620442  0.755827  0.218611  0.861092  0.744099  0.578787  0.770117  0.748875  0.722381  0.659940  0.626305 
12  0.631718  0.441272  0.741015  0.819276  0.734641  0.591104  0.590598  0.656266  0.788427  0.680982  0.478655  0.471250 0.0  0.681797  0.636056  0.591177  0.687752  0.408764  0.635292  0.743456  0.705515  0.791803  0.797532  0.651940  0.559244  0.610489  0.730903  0.671296  0.738700  0.701880  0.701316  0.437269  0.644442  0.726829  0.786781  0.534406  0.693494  0.689763  0.803373  0.715111  0.694755  0.854309  0.538146  0.654080  0.552654  0.845413  0.660366  0.683833  0.702834  0.783167  0.497586  0.729196  0.393277  0.711327  0.670893  0.652560  0.634509  0.648679  0.693203  0.607517  0.892878 
13  0.644093  0.775284  0.779722  0.776088  0.840236  0.885503  0.598493  0.667846  0.589375  0.348771  0.716146  0.693859  0.681797 0.0  0.604373  0.794806  0.744315  0.798312  0.538550  0.428560  0.732850  0.831751  0.658912  0.858253  0.798738  0.701193  0.926580  0.689355  0.854166  0.739404  0.856187  0.772876  0.800730  0.764566  0.714704  0.621234  0.376754  0.706894  0.687845  0.787294  0.344143  0.316836  0.784227  0.850395  0.743474  0.683352  0.799895  0.806671  0.759212  0.365529  0.766421  0.471792  0.773018  0.771297  0.766073  0.647388  0.780900  0.721250  0.728141  0.596949  0.684573 
14  0.598139  0.618998  0.847676  0.789294  0.818061  0.718019  0.300049  0.695046  0.323324  0.656750  0.719722  0.796060  0.636056  0.604373 0.0  0.854760  0.669844  0.673193  0.280035  0.681512  0.880241  0.762796  0.707243  0.722067  0.675652  0.724541  0.842557  0.743014  0.742436  0.871469  0.813653  0.725908  0.708570  0.643895  0.818254  0.700890  0.643594  0.815801  0.739986  0.764107  0.670496  0.722845  0.783100  0.775150  0.720888  0.658037  0.772736  0.739868  0.909334  0.602473  0.715949  0.633118  0.609644  0.688660  0.858242  0.656044  0.753109  0.778595  0.490958  0.313744  0.652675 
15  0.792645  0.512946  0.347404  0.498402  0.361708  0.435338  0.724917  0.691865  0.706130  0.721334  0.710860  0.630777  0.591177  0.794806  0.854760 0.0  0.301782  0.634318  0.744307  0.831901  0.492126  0.405675  0.687244  0.431952  0.592536  0.566330  0.446579  0.591257  0.520828  0.385609  0.427839  0.621004  0.492495  0.357201  0.409582  0.591790  0.791879  0.406536  0.551171  0.516577  0.748026  0.911150  0.600091  0.414942  0.770850  0.343618  0.722886  0.393402  0.415420  0.775806  0.661196  0.866280  0.667917  0.629597  0.429292  0.648596  0.354219  0.471360  0.775243  0.912598  0.679545 
16  0.723929  0.621381  0.375311  0.602005  0.297680  0.459433  0.734122  0.711100  0.780196  0.797554  0.730498  0.665839  0.687752  0.744315  0.669844  0.301782 0.0  0.719143  0.761280  0.732221  0.540551  0.537884  0.675082  0.372636  0.684963  0.624264  0.451202  0.668016  0.520463  0.425887  0.434052  0.702163  0.541884  0.476970  0.405971  0.590219  0.813429  0.287506  0.707355  0.543034  0.766180  0.869151  0.751186  0.459752  0.687376  0.326117  0.721329  0.377964  0.368530  0.749444  0.611086  0.779280  0.630859  0.600487  0.422225  0.530293  0.351094  0.657258  0.835799  0.813978  0.756892 
17  0.700601  0.560389  0.731330  0.788127  0.720447  0.675581  0.634933  0.594459  0.583298  0.736719  0.642095  0.421462  0.408764  0.798312  0.673193  0.634318  0.719143 0.0  0.753226  0.710789  0.622294  0.733110  0.864693  0.729897  0.604734  0.570959  0.899200  0.569349  0.766288  0.601608  0.698207  0.247606  0.697999  0.784693  0.622393  0.695720  0.805983  0.687687  0.775782  0.738249  0.685141  0.698814  0.672769  0.671980  0.646119  0.786947  0.666234  0.607385  0.647828  0.695343  0.788837  0.664663  0.522905  0.769529  0.726508  0.608368  0.689053  0.631893  0.729015  0.682193  0.818480 
18  0.684318  0.754499  0.794797  0.782911  0.835148  0.735907  0.294060  0.723008  0.311708  0.595882  0.859616  0.787262  0.635292  0.538550  0.280035  0.744307  0.761280  0.753226 0.0  0.637952  0.739518  0.815442  0.644360  0.781223  0.754341  0.707585  0.694042  0.786418  0.797122  0.786713  0.734249  0.728219  0.748505  0.714289  0.756488  0.702630  0.649761  0.766783  0.610724  0.824585  0.727384  0.640194  0.620345  0.781086  0.749127  0.768735  0.815269  0.684501  0.754878  0.598695  0.721382  0.711872  0.813263  0.625060  0.765258  0.767583  0.709894  0.774548  0.422653  0.382195  0.614343 
19  0.477338  0.767080  0.815683  0.690150  0.743846  0.752574  0.597837  0.758523  0.546048  0.364351  0.826111  0.771469  0.743456  0.428560  0.681512  0.831901  0.732221  0.710789  0.637952 0.0  0.883549  0.727947  0.877951  0.775618  0.728928  0.799754  0.783018  0.691315  0.799310  0.724578  0.761297  0.802919  0.814763  0.807506  0.777966  0.667842  0.430589  0.796655  0.712883  0.766147  0.307488  0.389363  0.723206  0.832649  0.753315  0.720026  0.512403  0.742092  0.713676  0.270287  0.796763  0.337990  0.685457  0.759683  0.866025  0.722151  0.734967  0.708608  0.680982  0.642388  0.665975 
20  0.776616  0.503845  0.541508  0.506354  0.391612  0.306126  0.762274  0.702353  0.797476  0.840541  0.835382  0.659415  0.705515  0.732850  0.880241  0.492126  0.540551  0.622294  0.739518  0.883549 0.0  0.307689  0.722045  0.319057  0.764174  0.726753  0.367962  0.654027  0.529230  0.355160  0.486071  0.660199  0.526603  0.507515  0.465077  0.705739  0.856570  0.487869  0.740693  0.447770  0.848678  0.760835  0.618477  0.302660  0.658594  0.456151  0.791174  0.391839  0.428329  0.824677  0.759348  0.832062  0.721661  0.680601  0.223478  0.640160  0.432994  0.614070  0.743656  0.853399  0.831734 
21  0.803852  0.532287  0.472011  0.547007  0.481534  0.452468  0.697107  0.604001  0.743462  0.801629  0.652494  0.636613  0.791803  0.831751  0.762796  0.405675  0.537884  0.733110  0.815442  0.727947  0.307689 0.0  0.649315  0.354839  0.707283  0.722670  0.525270  0.630744  0.500372  0.429057  0.532243  0.806722  0.630624  0.570320  0.395778  0.656360  0.874037  0.209882  0.557833  0.389160  0.719611  0.758986  0.570700  0.239621  0.581771  0.370869  0.658881  0.321440  0.430058  0.760905  0.655438  0.827002  0.754022  0.590875  0.262919  0.672814  0.455339  0.400792  0.710223  0.773760  0.679005 
22  0.751921  0.602583  0.600458  0.645336  0.742242  0.624634  0.590735  0.767625  0.601695  0.830039  0.700818  0.757626  0.797532  0.658912  0.707243  0.687244  0.675082  0.864693  0.644360  0.877951  0.722045  0.649315 0.0  0.515371  0.779908  0.707789  0.665257  0.780444  0.644857  0.650878  0.750357  0.799969  0.517012  0.573929  0.652560  0.889812  0.708377  0.549380  0.353853  0.580295  0.730731  0.725440  0.737348  0.709792  0.785922  0.646529  0.766304  0.618516  0.532471  0.677418  0.816392  0.497123  0.761858  0.349152  0.715907  0.723136  0.789685  0.576577  0.834169  0.737885  0.227409 
23  0.706246  0.475525  0.395062  0.484649  0.372833  0.469654  0.826293  0.578963  0.711793  0.801275  0.686363  0.672696  0.651940  0.858253  0.722067  0.431952  0.372636  0.729897  0.781223  0.775618  0.319057  0.354839  0.515371 0.0  0.595379  0.575296  0.508213  0.730641  0.480785  0.319328  0.244442  0.683116  0.471856  0.462929  0.396943  0.640015  0.816822  0.314289  0.605583  0.601372  0.740689  0.713650  0.656190  0.527770  0.816887  0.496016  0.516729  0.395555  0.574616  0.787616  0.750226  0.783718  0.682213  0.709017  0.380188  0.686210  0.306285  0.534761  0.734126  0.799292  0.625720 
24  0.718934  0.562764  0.573185  0.654532  0.658462  0.519621  0.730406  0.687749  0.738174  0.730611  0.483563  0.664446  0.559244  0.798738  0.675652  0.592536  0.684963  0.604734  0.754341  0.728928  0.764174  0.707283  0.779908  0.595379 0.0  0.166148  0.698339  0.608503  0.611874  0.679084  0.604484  0.609506  0.570051  0.799077  0.641451  0.588433  0.756978  0.507716  0.602130  0.660322  0.741395  0.653257  0.583940  0.498717  0.603464  0.698440  0.514051  0.622958  0.727736  0.684317  0.549707  0.696894  0.499639  0.769327  0.600630  0.602357  0.747496  0.668028  0.684608  0.659658  0.678984 
25  0.810688  0.543115  0.506221  0.841041  0.785226  0.597681  0.744260  0.606427  0.688620  0.676298  0.563575  0.664360  0.610489  0.701193  0.724541  0.566330  0.624264  0.570959  0.707585  0.799754  0.726753  0.722670  0.707789  0.575296  0.166148 0.0  0.683237  0.706665  0.611847  0.633279  0.689135  0.523207  0.569863  0.755647  0.678828  0.506149  0.761150  0.659695  0.639751  0.574032  0.604481  0.784028  0.688055  0.670969  0.574788  0.744588  0.529615  0.541273  0.644159  0.731329  0.612239  0.672122  0.694396  0.682349  0.724325  0.637663  0.667619  0.665164  0.675348  0.723035  0.723893 
26  0.841823  0.541654  0.458632  0.548482  0.427965  0.516929  0.779419  0.749762  0.833476  0.857156  0.750781  0.819438  0.730903  0.926580  0.842557  0.446579  0.451202  0.899200  0.694042  0.783018  0.367962  0.525270  0.665257  0.508213  0.698339  0.683237 0.0  0.741023  0.513880  0.296677  0.333277  0.805356  0.563943  0.523995  0.486476  0.757704  0.890454  0.448023  0.726370  0.648427  0.874733  0.742344  0.692449  0.480964  0.689730  0.440163  0.678486  0.559531  0.386403  0.838518  0.691925  0.936536  0.751875  0.764495  0.426020  0.761891  0.351125  0.648978  0.684120  0.909450  0.747724 
27  0.575512  0.533731  0.590838  0.747551  0.570313  0.650298  0.751330  0.337028  0.851941  0.779901  0.553797  0.690222  0.671296  0.689355  0.743014  0.591257  0.668016  0.569349  0.786418  0.691315  0.654027  0.630744  0.780444  0.730641  0.608503  0.706665  0.741023 0.0  0.674133  0.806300  0.642252  0.619040  0.595201  0.817491  0.561976  0.456528  0.707489  0.724255  0.827731  0.627903  0.448914  0.747724  0.360230  0.688869  0.275139  0.620459  0.345032  0.663588  0.818518  0.731457  0.513512  0.779570  0.624214  0.707787  0.573407  0.373341  0.558948  0.524016  0.641231  0.742075  0.849628 
28  0.646482  0.688299  0.553589  0.381643  0.353235  0.433316  0.774504  0.755075  0.667462  0.781347  0.688909  0.757981  0.738700  0.854166  0.742436  0.520828  0.520463  0.766288  0.797122  0.799310  0.529230  0.500372  0.644857  0.480785  0.611874  0.611847  0.513880  0.674133 0.0  0.368614  0.427574  0.728554  0.670451  0.323449  0.426005  0.680650  0.649110  0.347563  0.538521  0.528002  0.638726  0.759487  0.692252  0.376071  0.776523  0.561685  0.729510  0.503406  0.395087  0.762759  0.679093  0.736474  0.728068  0.577562  0.439379  0.699242  0.463485  0.605235  0.687202  0.782121  0.596524 
29  0.780757  0.720320  0.362819  0.439867  0.550994  0.395551  0.842183  0.713434  0.856093  0.789918  0.749010  0.793672  0.701880  0.739404  0.871469  0.385609  0.425887  0.601608  0.786713  0.724578  0.355160  0.429057  0.650878  0.319328  0.679084  0.633279  0.296677  0.806300  0.368614 0.0  0.387205  0.697877  0.556311  0.465517  0.411653  0.750742  0.745629  0.355030  0.654279  0.519442  0.916254  0.741123  0.814619  0.419483  0.766454  0.502751  0.687311  0.507244  0.437529  0.766154  0.702592  0.754211  0.662605  0.595374  0.418870  0.642954  0.370059  0.561997  0.794265  0.792712  0.668051 
30  0.761869  0.665260  0.595097  0.397729  0.422578  0.425696  0.812715  0.587954  0.719584  0.806303  0.748454  0.796707  0.701316  0.856187  0.813653  0.427839  0.434052  0.698207  0.734249  0.761297  0.486071  0.532243  0.750357  0.244442  0.604484  0.689135  0.333277  0.642252  0.427574  0.387205 0.0  0.701174  0.541194  0.440518  0.374235  0.706319  0.755205  0.436151  0.672849  0.506209  0.844716  0.803076  0.647506  0.469832  0.707125  0.537809  0.765216  0.499991  0.302586  0.838152  0.685855  0.789898  0.633513  0.629283  0.370768  0.550467  0.468824  0.520333  0.710050  0.749412  0.722346 
31  0.592162  0.614648  0.720397  0.775156  0.726218  0.791708  0.755201  0.610171  0.718941  0.734797  0.589278  0.291681  0.437269  0.772876  0.725908  0.621004  0.702163  0.247606  0.728219  0.802919  0.660199  0.806722  0.799969  0.683116  0.609506  0.523207  0.805356  0.619040  0.728554  0.697877  0.701174 0.0  0.682555  0.701444  0.641423  0.692481  0.788570  0.677830  0.759526  0.696463  0.836533  0.758343  0.590176  0.648938  0.612904  0.845443  0.633733  0.612108  0.690761  0.749134  0.689641  0.749667  0.299947  0.695476  0.634694  0.480630  0.581533  0.580411  0.671121  0.644096  0.727599 
32  0.686895  0.539541  0.547027  0.690133  0.497880  0.571504  0.667623  0.590439  0.792472  0.754460  0.670022  0.653957  0.644442  0.800730  0.708570  0.492495  0.541884  0.697999  0.748505  0.814763  0.526603  0.630624  0.517012  0.471856  0.570051  0.569863  0.563943  0.595201  0.670451  0.556311  0.541194  0.682555 0.0  0.604739  0.586636  0.678828  0.782968  0.441474  0.492998  0.334274  0.612699  0.839482  0.589836  0.495741  0.568392  0.593586  0.691275  0.419293  0.543830  0.693860  0.634313  0.683146  0.595625  0.550800  0.610577  0.549602  0.511971  0.293567  0.762975  0.750566  0.548078 
33  0.642352  0.666501  0.420383  0.260292  0.372493  0.498449  0.851525  0.709911  0.787709  0.783003  0.811054  0.728177  0.726829  0.764566  0.643895  0.357201  0.476970  0.784693  0.714289  0.807506  0.507515  0.570320  0.573929  0.462929  0.799077  0.755647  0.523995  0.817491  0.323449  0.465517  0.440518  0.701444  0.604739 0.0  0.526201  0.696882  0.762474  0.453536  0.677404  0.734703  0.848858  0.697276  0.681310  0.508142  0.706721  0.398379  0.828314  0.444385  0.392953  0.674872  0.865392  0.785810  0.842431  0.606027  0.462024  0.705293  0.531982  0.550781  0.740426  0.677266  0.718330 
34  0.727257  0.599674  0.392654  0.542224  0.411046  0.353550  0.617019  0.698391  0.735801  0.698288  0.707267  0.616327  0.786781  0.714704  0.818254  0.409582  0.405971  0.622393  0.756488  0.777966  0.465077  0.395778  0.652560  0.396943  0.641451  0.678828  0.486476  0.561976  0.426005  0.411653  0.374235  0.641423  0.586636  0.526201 0.0  0.714086  0.738736  0.370539  0.670597  0.559991  0.715734  1.000000  0.567567  0.384887  0.705538  0.440367  0.709246  0.277875  0.326410  0.742916  0.728096  0.843106  0.583678  0.621733  0.417331  0.559651  0.337141  0.530854  0.813200  0.753044  0.759561 
35  0.534703  0.515581  0.617062  0.738672  0.668758  0.707728  0.636485  0.358256  0.656887  0.761010  0.369963  0.627132  0.534406  0.621234  0.700890  0.591790  0.590219  0.695720  0.702630  0.667842  0.705739  0.656360  0.889812  0.640015  0.588433  0.506149  0.757704  0.456528  0.680650  0.750742  0.706319  0.692481  0.678828  0.696882  0.714086 0.0  0.740628  0.651886  0.833029  0.663610  0.688198  0.722472  0.480203  0.498890  0.506365  0.658171  0.427783  0.644392  0.709594  0.672706  0.452342  0.710151  0.514392  0.837899  0.562287  0.362398  0.662366  0.633782  0.722790  0.732630  0.795292 
36  0.579597  0.566441  0.774888  0.821173  0.758682  0.864142  0.461564  0.724812  0.552652  0.375274  0.632341  0.746701  0.693494  0.376754  0.643594  0.791879  0.813429  0.805983  0.649761  0.430589  0.856570  0.874037  0.708377  0.816822  0.756978  0.761150  0.890454  0.707489  0.649110  0.745629  0.755205  0.788570  0.782968  0.762474  0.738736  0.740628 0.0  0.869720  0.699476  0.900001  0.395308  0.397540  0.781268  0.720626  0.818808  0.648123  0.660744  0.729896  0.842880  0.311578  0.752872  0.375944  0.906499  0.739938  0.832296  0.609155  0.795216  0.788307  0.688400  0.647376  0.676006 
37  0.750937  0.418552  0.446674  0.583612  0.501719  0.391458  0.801032  0.750920  0.733545  0.782618  0.794881  0.660750  0.689763  0.706894  0.815801  0.406536  0.287506  0.687687  0.766783  0.796655  0.487869  0.209882  0.549380  0.314289  0.507716  0.659695  0.448023  0.724255  0.347563  0.355030  0.436151  0.677830  0.441474  0.453536  0.370539  0.651886  0.869720 0.0  0.591725  0.397020  0.765081  0.736541  0.578679  0.313981  0.665964  0.506423  0.703321  0.309549  0.551063  0.717169  0.671469  0.745634  0.666560  0.531227  0.248370  0.683395  0.432693  0.294882  0.626913  0.830145  0.624844 
38  0.668494  0.617995  0.673660  0.643613  0.635625  0.650814  0.761830  0.699897  0.696016  0.706638  0.726722  0.769842  0.803373  0.687845  0.739986  0.551171  0.707355  0.775782  0.610724  0.712883  0.740693  0.557833  0.353853  0.605583  0.602130  0.639751  0.726370  0.827731  0.538521  0.654279  0.672849  0.759526  0.492998  0.677404  0.670597  0.833029  0.699476  0.591725 0.0  0.469404  0.753994  0.688812  0.662862  0.721995  0.717735  0.672476  0.708935  0.670499  0.680196  0.729153  0.800729  0.637217  0.819029  0.308888  0.616861  0.644958  0.770369  0.562908  0.736195  0.732632  0.412011 
39  0.769135  0.605364  0.447796  0.658967  0.527059  0.567833  0.814827  0.596473  0.776025  0.807426  0.598640  0.705675  0.715111  0.787294  0.764107  0.516577  0.543034  0.738249  0.824585  0.766147  0.447770  0.389160  0.580295  0.601372  0.660322  0.574032  0.648427  0.627903  0.528002  0.519442  0.506209  0.696463  0.334274  0.734703  0.559991  0.663610  0.900001  0.397020  0.469404 0.0  0.698010  0.735471  0.640746  0.513669  0.674212  0.515068  0.698247  0.486499  0.573161  0.808851  0.579850  0.796299  0.634845  0.518772  0.531367  0.698546  0.526105  0.364720  0.746158  0.888503  0.607003 
40  0.609002  0.662321  0.756516  0.840692  0.702507  0.789654  0.567507  0.680098  0.682665  0.394912  0.809298  0.790455  0.694755  0.344143  0.670496  0.748026  0.766180  0.685141  0.727384  0.307488  0.848678  0.719611  0.730731  0.740689  0.741395  0.604481  0.874733  0.448914  0.638726  0.916254  0.844716  0.836533  0.612699  0.848858  0.715734  0.688198  0.395308  0.765081  0.753994  0.698010 0.0  0.420811  0.588201  0.776500  0.628714  0.704400  0.770067  0.691230  0.836173  0.338135  0.780673  0.323052  0.670054  0.642606  0.764926  0.786831  0.737338  0.614522  0.670528  0.509111  0.564265 
41  0.690453  0.658995  0.866059  0.729868  0.808707  0.729153  0.544170  0.845220  0.611897  0.485191  0.699104  0.842200  0.854309  0.316836  0.722845  0.911150  0.869151  0.698814  0.640194  0.389363  0.760835  0.758986  0.725440  0.713650  0.653257  0.784028  0.742344  0.747724  0.759487  0.741123  0.803076  0.758343  0.839482  0.697276  1.000000  0.722472  0.397540  0.736541  0.688812  0.735471  0.420811 0.0  0.823784  0.849363  0.714613  0.767718  0.721589  0.827712  0.707008  0.436668  0.650481  0.534364  0.860807  0.713672  0.881911  0.743884  0.833621  0.817087  0.634647  0.756930  0.752178 
42  0.760841  0.576274  0.651370  0.670265  0.604391  0.668747  0.608971  0.432896  0.728661  0.822763  0.448912  0.632067  0.538146  0.784227  0.783100  0.600091  0.751186  0.672769  0.620345  0.723206  0.618477  0.570700  0.737348  0.656190  0.583940  0.688055  0.692449  0.360230  0.692252  0.814619  0.647506  0.590176  0.589836  0.681310  0.567567  0.480203  0.781268  0.578679  0.662862  0.640746  0.588201  0.823784 0.0  0.582953  0.511077  0.678918  0.450239  0.673296  0.623055  0.688877  0.477763  0.692967  0.636309  0.765105  0.621956  0.291375  0.657320  0.504839  0.762736  0.684072  0.680302 
43  0.810938  0.504470  0.362033  0.388348  0.366764  0.255107  0.804997  0.612896  0.709115  0.674847  0.691850  0.716658  0.654080  0.850395  0.775150  0.414942  0.459752  0.671980  0.781086  0.832649  0.302660  0.239621  0.709792  0.527770  0.498717  0.670969  0.480964  0.688869  0.376071  0.419483  0.469832  0.648938  0.495741  0.508142  0.384887  0.498890  0.720626  0.313981  0.721995  0.513669  0.776500  0.849363  0.582953 0.0  0.666526  0.425592  0.728948  0.257009  0.491446  0.849652  0.685218  0.710799  0.682643  0.538628  0.283508  0.620892  0.520132  0.413393  0.801103  0.825143  0.648658 
44  0.572258  0.655703  0.759877  0.807355  0.581518  0.632294  0.658590  0.343099  0.800957  0.682485  0.457540  0.589581  0.552654  0.743474  0.720888  0.770850  0.687376  0.646119  0.749127  0.753315  0.658594  0.581771  0.785922  0.816887  0.603464  0.574788  0.689730  0.275139  0.776523  0.766454  0.707125  0.612904  0.568392  0.706721  0.705538  0.506365  0.818808  0.665964  0.717735  0.674212  0.628714  0.714613  0.511077  0.666526 0.0  0.749111  0.166341  0.620869  0.628697  0.706248  0.617436  0.755228  0.566833  0.628105  0.837562  0.377769  0.619593  0.619305  0.808951  0.652594  0.674503 
45  0.686021  0.627432  0.532251  0.561622  0.412448  0.475506  0.618538  0.730125  0.617605  0.701587  0.804150  0.733541  0.845413  0.683352  0.658037  0.343618  0.326117  0.786947  0.768735  0.720026  0.456151  0.370869  0.646529  0.496016  0.698440  0.744588  0.440163  0.620459  0.561685  0.502751  0.537809  0.845443  0.593586  0.398379  0.440367  0.658171  0.648123  0.506423  0.672476  0.515068  0.704400  0.767718  0.678918  0.425592  0.749111 0.0  0.661285  0.521150  0.461576  0.687803  0.713406  0.716490  0.777676  0.609962  0.472955  0.691458  0.393778  0.672137  0.763829  0.758913  0.681622 
46  0.645693  0.645253  0.664286  0.825452  0.687513  0.619516  0.702503  0.306266  0.755618  0.648905  0.450665  0.550147  0.660366  0.799895  0.772736  0.722886  0.721329  0.666234  0.815269  0.512403  0.791174  0.658881  0.766304  0.516729  0.514051  0.529615  0.678486  0.345032  0.729510  0.687311  0.765216  0.633733  0.691275  0.828314  0.709246  0.427783  0.660744  0.703321  0.708935  0.698247  0.770067  0.721589  0.450239  0.728948  0.166341  0.661285 0.0  0.788222  0.724653  0.728386  0.443444  0.637171  0.600793  0.756876  0.690112  0.403451  0.684457  0.609243  0.725649  0.713095  0.707888 
47  0.735974  0.543618  0.470058  0.533244  0.277272  0.356209  0.762931  0.725419  0.788974  0.807886  0.734351  0.598993  0.683833  0.806671  0.739868  0.393402  0.377964  0.607385  0.684501  0.742092  0.391839  0.321440  0.618516  0.395555  0.622958  0.541273  0.559531  0.663588  0.503406  0.507244  0.499991  0.612108  0.419293  0.444385  0.277875  0.644392  0.729896  0.309549  0.670499  0.486499  0.691230  0.827712  0.673296  0.257009  0.620869  0.521150  0.788222 0.0  0.411351  0.741227  0.710066  0.794931  0.664831  0.565197  0.323098  0.731490  0.363832  0.430063  0.786086  0.761013  0.661526 
48  0.730776  0.587488  0.358987  0.488851  0.326012  0.389255  0.817526  0.763736  0.819461  0.758358  0.695413  0.578838  0.702834  0.759212  0.909334  0.415420  0.368530  0.647828  0.754878  0.713676  0.428329  0.430058  0.532471  0.574616  0.727736  0.644159  0.386403  0.818518  0.395087  0.437529  0.302586  0.690761  0.543830  0.392953  0.326410  0.709594  0.842880  0.551063  0.680196  0.573161  0.836173  0.707008  0.623055  0.491446  0.628697  0.461576  0.724653  0.411351 0.0  0.831920  0.705637  0.914663  0.634994  0.564823  0.393801  0.673785  0.453910  0.504605  0.834007  0.816538  0.615594 
49  0.532120  0.723608  0.834538  0.842997  0.758547  0.779840  0.512630  0.743874  0.720174  0.342308  0.799071  0.852981  0.783167  0.365529  0.602473  0.775806  0.749444  0.695343  0.598695  0.270287  0.824677  0.760905  0.677418  0.787616  0.684317  0.731329  0.838518  0.731457  0.762759  0.766154  0.838152  0.749134  0.693860  0.674872  0.742916  0.672706  0.311578  0.717169  0.729153  0.808851  0.338135  0.436668  0.688877  0.849652  0.706248  0.687803  0.728386  0.741227  0.831920 0.0  0.689560  0.253276  0.660060  0.659710  0.799902  0.757912  0.775887  0.866911  0.786574  0.680921  0.687455 
50  0.758773  0.586693  0.698683  0.766824  0.749040  0.554111  0.694675  0.528851  0.737450  0.679505  0.406023  0.620442  0.497586  0.766421  0.715949  0.661196  0.611086  0.788837  0.721382  0.796763  0.759348  0.655438  0.816392  0.750226  0.549707  0.612239  0.691925  0.513512  0.679093  0.702592  0.685855  0.689641  0.634313  0.865392  0.728096  0.452342  0.752872  0.671469  0.800729  0.579850  0.780673  0.650481  0.477763  0.685218  0.617436  0.713406  0.443444  0.710066  0.705637  0.689560 0.0  0.820205  0.718921  0.649004  0.584059  0.368617  0.755344  0.717697  0.658201  0.757590  0.628079 
51  0.601349  0.714843  0.854073  0.846645  0.806362  0.738880  0.637951  0.667867  0.573401  0.434595  0.728540  0.755827  0.729196  0.471792  0.633118  0.866280  0.779280  0.664663  0.711872  0.337990  0.832062  0.827002  0.497123  0.783718  0.696894  0.672122  0.936536  0.779570  0.736474  0.754211  0.789898  0.749667  0.683146  0.785810  0.843106  0.710151  0.375944  0.745634  0.637217  0.796299  0.323052  0.534364  0.692967  0.710799  0.755228  0.716490  0.637171  0.794931  0.914663  0.253276  0.820205 0.0  0.777888  0.734266  0.779073  0.750219  0.796041  0.737421  0.704451  0.666925  0.752699 
52  0.683769  0.628410  0.644511  0.818205  0.667757  0.737004  0.679667  0.660173  0.753462  0.783077  0.644085  0.218611  0.393277  0.773018  0.609644  0.667917  0.630859  0.522905  0.813263  0.685457  0.721661  0.754022  0.761858  0.682213  0.499639  0.694396  0.751875  0.624214  0.728068  0.662605  0.633513  0.299947  0.595625  0.842431  0.583678  0.514392  0.906499  0.666560  0.819029  0.634845  0.670054  0.860807  0.636309  0.682643  0.566833  0.777676  0.600793  0.664831  0.634994  0.660060  0.718921  0.777888 0.0  0.876402  0.669246  0.674151  0.645087  0.797425  0.647404  0.746579  0.787877 
53  0.677796  0.569033  0.578889  0.647856  0.609867  0.644324  0.785490  0.685426  0.609129  0.700636  0.705887  0.861092  0.711327  0.771297  0.688660  0.629597  0.600487  0.769529  0.625060  0.759683  0.680601  0.590875  0.349152  0.709017  0.769327  0.682349  0.764495  0.707787  0.577562  0.595374  0.629283  0.695476  0.550800  0.606027  0.621733  0.837899  0.739938  0.531227  0.308888  0.518772  0.642606  0.713672  0.765105  0.538628  0.628105  0.609962  0.756876  0.565197  0.564823  0.659710  0.649004  0.734266  0.876402 0.0  0.561311  0.815082  0.684834  0.527495  0.865009  0.677350  0.367839 
54  0.843784  0.517882  0.501826  0.487953  0.440220  0.318482  0.829462  0.623306  0.845529  0.650848  0.632730  0.744099  0.670893  0.766073  0.858242  0.429292  0.422225  0.726508  0.765258  0.866025  0.223478  0.262919  0.715907  0.380188  0.600630  0.724325  0.426020  0.573407  0.439379  0.418870  0.370768  0.634694  0.610577  0.462024  0.417331  0.562287  0.832296  0.248370  0.616861  0.531367  0.764926  0.881911  0.621956  0.283508  0.837562  0.472955  0.690112  0.323098  0.393801  0.799902  0.584059  0.779073  0.669246  0.561311 0.0  0.593472  0.444509  0.502496  0.866259  0.703395  0.666533 
55  0.609849  0.637851  0.595251  0.827899  0.692846  0.522582  0.691830  0.465329  0.829487  0.652181  0.379444  0.578787  0.652560  0.647388  0.656044  0.648596  0.530293  0.608368  0.767583  0.722151  0.640160  0.672814  0.723136  0.686210  0.602357  0.637663  0.761891  0.373341  0.699242  0.642954  0.550467  0.480630  0.549602  0.705293  0.559651  0.362398  0.609155  0.683395  0.644958  0.698546  0.786831  0.743884  0.291375  0.620892  0.377769  0.691458  0.403451  0.731490  0.673785  0.757912  0.368617  0.750219  0.674151  0.815082  0.593472 0.0  0.615259  0.570557  0.732339  0.739142  0.691129 
56  0.633238  0.594757  0.527157  0.549732  0.404668  0.510634  0.837821  0.569483  0.675115  0.767214  0.717906  0.770117  0.634509  0.780900  0.753109  0.354219  0.351094  0.689053  0.709894  0.734967  0.432994  0.455339  0.789685  0.306285  0.747496  0.667619  0.351125  0.558948  0.463485  0.370059  0.468824  0.581533  0.511971  0.531982  0.337141  0.662366  0.795216  0.432693  0.770369  0.526105  0.737338  0.833621  0.657320  0.520132  0.619593  0.393778  0.684457  0.363832  0.453910  0.775887  0.755344  0.796041  0.645087  0.684834  0.444509  0.615259 0.0  0.576439  0.846513  0.741956  0.688279 
57  0.917646  0.610137  0.689348  0.630435  0.555504  0.410592  0.776041  0.626092  0.791626  0.822765  0.771730  0.748875  0.648679  0.721250  0.778595  0.471360  0.657258  0.631893  0.774548  0.708608  0.614070  0.400792  0.576577  0.534761  0.668028  0.665164  0.648978  0.524016  0.605235  0.561997  0.520333  0.580411  0.293567  0.550781  0.530854  0.633782  0.788307  0.294882  0.562908  0.364720  0.614522  0.817087  0.504839  0.413393  0.619305  0.672137  0.609243  0.430063  0.504605  0.866911  0.717697  0.737421  0.797425  0.527495  0.502496  0.570557  0.576439 0.0  0.719249  0.650625  0.623692 
58  0.783707  0.560163  0.776492  0.771932  0.712772  0.744553  0.306568  0.722400  0.320278  0.696836  0.717008  0.722381  0.693203  0.728141  0.490958  0.775243  0.835799  0.729015  0.422653  0.680982  0.743656  0.710223  0.834169  0.734126  0.684608  0.675348  0.684120  0.641231  0.687202  0.794265  0.710050  0.671121  0.762975  0.740426  0.813200  0.722790  0.688400  0.626913  0.736195  0.746158  0.670528  0.634647  0.762736  0.801103  0.808951  0.763829  0.725649  0.786086  0.834007  0.786574  0.658201  0.704451  0.647404  0.865009  0.866259  0.732339  0.846513  0.719249 0.0  0.388997  0.748354 
59  0.703753  0.598471  0.733675  0.852630  0.792195  0.848806  0.260322  0.765179  0.378175  0.534858  0.728404  0.659940  0.607517  0.596949  0.313744  0.912598  0.813978  0.682193  0.382195  0.642388  0.853399  0.773760  0.737885  0.799292  0.659658  0.723035  0.909450  0.742075  0.782121  0.792712  0.749412  0.644096  0.750566  0.677266  0.753044  0.732630  0.647376  0.830145  0.732632  0.888503  0.509111  0.756930  0.684072  0.825143  0.652594  0.758913  0.713095  0.761013  0.816538  0.680921  0.757590  0.666925  0.746579  0.677350  0.703395  0.739142  0.741956  0.650625  0.388997 0.0  0.715770 
60  0.569406  0.531726  0.696827  0.603995  0.740314  0.582663  0.688192  0.744249  0.591009  0.723761  0.796150  0.626305  0.892878  0.684573  0.652675  0.679545  0.756892  0.818480  0.614343  0.665975  0.831734  0.679005  0.227409  0.625720  0.678984  0.723893  0.747724  0.849628  0.596524  0.668051  0.722346  0.727599  0.548078  0.718330  0.759561  0.795292  0.676006  0.624844  0.412011  0.607003  0.564265  0.752178  0.680302  0.648658  0.674503  0.681622  0.707888  0.661526  0.615594  0.687455  0.628079  0.752699  0.787877  0.367839  0.666533  0.691129  0.688279  0.623692  0.748354  0.715770 0.0 
