61
0 0.0  0.708202  0.772468  0.831574  0.649298  0.762120  0.550349  0.771807  0.623471  0.593190  0.737264  0.636865  0.659047  0.649929  0.668158  0.766521  0.798094  0.727668  0.562146  0.561023  0.769895  0.718911  0.727657  0.749699  0.726503  0.821152  0.839059  0.600634  0.719355  0.825238  0.836208  0.641420  0.765655  0.679672  0.757275  0.617084  0.540060  0.815398  0.679160  0.803232  0.498751  0.684520  0.658803  0.637962  0.720506  0.621902  0.618857  0.597871  0.747843  0.643829  0.740470  0.710326  0.684119  0.709690  0.715328  0.724882  0.708027  0.693827  0.747832  0.600165  0.564288 
1  0.708202 0.0  0.595911  0.691981  0.676297  0.665824  0.598316  0.548975  0.704795  0.572531  0.604364  0.513161  0.614620  0.734996  0.742159  0.522800  0.567133  0.521982  0.736047  0.536075  0.621974  0.601111  0.516638  0.663379  0.579692  0.673668  0.663192  0.519340  0.562212  0.595864  0.673494  0.588083  0.485665  0.567081  0.593040  0.587288  0.699005  0.556123  0.632830  0.607405  0.616804  0.637276  0.660029  0.588951  0.614282  0.668448  0.576090  0.511104  0.529340  0.747534  0.562268  0.700544  0.593052  0.665288  0.559287  0.569438  0.589498  0.602618  0.664145  0.668956  0.604045 
2  0.772468  0.595911 0.0  0.344336  0.358107  0.454324  0.822612  0.652080  0.776271  0.764066  0.583531  0.732788  0.651595  0.858221  0.814401  0.467043  0.484665  0.635459  0.791273  0.862170  0.560145  0.538681  0.596065  0.306805  0.718649  0.636558  0.502133  0.804134  0.479405  0.493614  0.364721  0.797889  0.612297  0.449517  0.565888  0.762756  0.927880  0.426356  0.736256  0.470082  0.945908  0.918534  0.626250  0.559345  0.647209  0.533396  0.652690  0.472155  0.484332  0.921589  0.653736  0.789741  0.646847  0.583472  0.546471  0.630449  0.483857  0.553637  0.775560  0.838112  0.622423 
3  0.831574  0.691981  0.344336 0.0  0.398893  0.479839  0.736585  0.853803  0.798033  0.771451  0.772988  1.000000  0.816652  0.878863  0.770103  0.535369  0.648414  0.806050  0.794823  0.907800  0.381827  0.471659  0.650350  0.547661  0.762001  0.759663  0.609796  0.777665  0.311351  0.390032  0.311614  0.778107  0.711950  0.341547  0.520588  0.803060  0.832676  0.446780  0.688629  0.568930  0.811925  0.719201  0.723032  0.496691  0.741641  0.503719  0.853000  0.540737  0.412684  0.801897  0.747664  0.852547  0.760711  0.565709  0.459193  0.725912  0.448788  0.551760  0.740447  0.862926  0.685811 
4  0.649298  0.676297  0.358107  0.398893 0.0  0.362849  0.836930  0.637209  0.806689  0.799673  0.760480  0.660118  0.610464  0.701014  0.712104  0.501071  0.250368  0.672822  0.825273  0.883347  0.485764  0.513547  0.631985  0.420839  0.672651  0.725976  0.474680  0.659532  0.425810  0.553638  0.480847  0.604633  0.525929  0.362215  0.358856  0.728784  0.760641  0.512257  0.653984  0.501708  0.731364  0.919965  0.622057  0.453451  0.717203  0.486389  0.664735  0.438752  0.349555  0.841890  0.709874  0.815543  0.658361  0.677351  0.492492  0.586770  0.450012  0.508160  0.843400  0.863479  0.735437 
5  0.762120  0.665824  0.454324  0.479839  0.362849 0.0  0.752294  0.744186  0.773432  0.853988  0.735934  0.769525  0.749722  0.776133  0.824067  0.409669  0.459800  0.757554  0.817757  0.838453  0.244925  0.331530  0.696016  0.394398  0.557505  0.706523  0.452031  0.588725  0.490524  0.366087  0.499382  0.734783  0.623710  0.455712  0.370274  0.782051  0.840315  0.402005  0.661021  0.520510  0.804009  0.869495  0.627115  0.241441  0.648020  0.533587  0.716674  0.277871  0.442440  0.912922  0.608754  0.753001  0.697610  0.651970  0.331213  0.598177  0.480479  0.510876  0.702890  0.853992  0.655711 
6  0.550349  0.598316  0.822612  0.736585  0.836930  0.752294 0.0  0.593144  0.371427  0.536842  0.760623  0.753467  0.528703  0.613226  0.384277  0.881597  0.807916  0.676908  0.262222  0.629327  0.682488  0.832193  0.755354  0.737411  0.766001  0.687279  0.811543  0.554210  0.705751  0.874698  0.899967  0.714603  0.767654  0.849489  0.772351  0.666400  0.660635  0.791962  0.654736  0.843235  0.558623  0.678695  0.757664  0.762368  0.680169  0.643916  0.704486  0.850189  0.714196  0.657037  0.832174  0.518386  0.775240  0.677772  0.791235  0.728767  0.794735  0.656675  0.352186  0.278680  0.695753 
7  0.771807  0.548975  0.652080  0.853803  0.637209  0.744186  0.593144 0.0  0.659414  0.792449  0.539980  0.598998  0.612682  0.857306  0.723711  0.720812  0.557966  0.585049  0.862068  0.677233  0.613689  0.616078  0.784657  0.656213  0.547442  0.657221  0.687867  0.341985  0.698733  0.816181  0.672536  0.648853  0.453897  0.765986  0.641166  0.548118  0.741567  0.677936  0.804704  0.678785  0.642180  0.838002  0.484027  0.625548  0.369797  0.714172  0.365784  0.645936  0.733028  0.714645  0.515022  0.897290  0.667579  0.776871  0.680307  0.455292  0.625996  0.448959  0.678727  0.796278  0.793637 
8  0.623471  0.704795  0.776271  0.798033  0.806689  0.773432  0.371427  0.659414 0.0  0.664387  0.803593  0.679073  0.635571  0.510302  0.329758  0.668906  0.872920  0.810929  0.301251  0.639596  0.777892  0.915123  0.789788  0.789727  0.854687  0.756866  0.823053  0.721119  0.753740  0.787932  0.783216  0.709915  0.727715  0.819552  0.811621  0.729560  0.497785  0.814346  0.693502  0.841781  0.665547  0.655892  0.748047  0.720093  0.724468  0.709532  0.783240  0.867438  0.881693  0.517023  0.726845  0.569300  0.709159  0.736466  0.734101  0.683109  0.736674  0.815702  0.495057  0.247940  0.669934 
9  0.593190  0.572531  0.764066  0.771451  0.799673  0.853988  0.536842  0.792449  0.664387 0.0  0.764896  0.815511  0.655782  0.319363  0.635823  0.830743  0.704405  0.711971  0.707908  0.353297  0.795369  0.808920  0.725553  0.815832  0.738809  0.863274  0.966368  0.690374  0.710612  0.868292  0.844510  0.632343  0.789898  0.770060  0.767330  0.772059  0.186905  0.717200  0.627550  0.858969  0.520803  0.416267  0.733646  0.915601  0.773537  0.766520  0.718015  0.901672  0.727729  0.346600  0.742519  0.368441  0.742895  0.728021  0.802442  0.615088  0.825407  0.867152  0.752834  0.587773  0.786169 
10  0.737264  0.604364  0.583531  0.772988  0.760480  0.735934  0.760623  0.539980  0.803593  0.764896 0.0  0.539288  0.551045  0.687445  0.733443  0.830028  0.728994  0.683975  0.720800  0.750917  0.799949  0.629270  0.822483  0.741332  0.623497  0.636840  0.728464  0.497033  0.788341  0.664847  0.788536  0.692425  0.652434  0.782871  0.678368  0.415688  0.745733  0.654047  0.905230  0.693464  0.750619  0.691339  0.419180  0.671784  0.486065  0.654226  0.511796  0.757643  0.761138  0.759523  0.323169  0.757107  0.647040  0.859119  0.697496  0.456672  0.680668  0.669486  0.891874  0.773859  0.772218 
11  0.636865  0.513161  0.732788  1.000000  0.660118  0.769525  0.753467  0.598998  0.679073  0.815511  0.539288 0.0  0.513980  0.720970  0.748918  0.696278  0.777479  0.368030  0.709115  0.793347  0.706239  0.773023  0.932067  0.652635  0.633245  0.634920  0.712322  0.550523  0.806103  0.801229  0.747036  0.344660  0.701273  0.769688  0.720386  0.592898  0.807293  0.720599  0.881283  0.664306  0.803059  0.790626  0.685173  0.576258  0.623713  0.691940  0.662628  0.615338  0.672924  0.750803  0.710721  0.709166  0.418276  0.874336  0.669323  0.741467  0.772628  0.709260  0.808777  0.759931  0.843596 
12  0.659047  0.614620  0.651595  0.816652  0.610464  0.749722  0.528703  0.612682  0.635571  0.655782  0.551045  0.513980 0.0  0.814363  0.584321  0.668828  0.682321  0.434821  0.595588  0.785112  0.720012  0.784708  0.767838  0.702776  0.699144  0.629284  0.796898  0.604236  0.648362  0.789803  0.712783  0.422206  0.697613  0.836991  0.662842  0.433896  0.812776  0.657708  0.746713  0.536955  0.711630  0.740124  0.559642  0.752503  0.605233  0.654363  0.583604  0.594327  0.777033  0.768171  0.527204  0.649902  0.540259  0.941460  0.699611  0.522001  0.669229  0.569989  0.702723  0.589976  0.879126 
13  0.649929  0.734996  0.858221  0.878863  0.701014  0.776133  0.613226  0.857306  0.510302  0.319363  0.687445  0.720970  0.814363 0.0  0.703639  0.780858  0.829378  0.722053  0.626649  0.252412  0.834015  0.862135  0.665473  0.733814  0.717019  0.766577  0.876527  0.813983  0.719172  0.885500  0.853278  0.767103  0.845958  0.885092  0.699973  0.724930  0.340017  0.853211  0.701058  0.829159  0.445869  0.340600  0.660231  0.895170  0.713155  0.755235  0.753437  0.834325  0.776060  0.239337  0.674898  0.483039  0.858787  0.614982  0.805511  0.723501  0.686160  0.827647  0.638159  0.603579  0.619689 
14  0.668158  0.742159  0.814401  0.770103  0.712104  0.824067  0.384277  0.723711  0.329758  0.635823  0.733443  0.748918  0.584321  0.703639 0.0  0.737466  0.859705  0.740151  0.272820  0.691556  0.926543  0.816508  0.736737  0.775993  0.659864  0.702698  0.762079  0.800374  0.805629  0.865222  0.794266  0.726160  0.752023  0.884441  0.686149  0.803785  0.654804  0.760848  0.770115  0.768787  0.606028  0.712794  0.646465  0.820188  0.683898  0.750215  0.806142  0.799973  0.727105  0.657499  0.736066  0.681792  0.676677  0.647398  0.735997  0.707956  0.775446  0.845749  0.394603  0.392646  0.711162 
15  0.766521  0.522800  0.467043  0.535369  0.501071  0.409669  0.881597  0.720812  0.668906  0.830743  0.830028  0.696278  0.668828  0.780858  0.737466 0.0  0.345694  0.650014  0.840663  0.862118  0.336828  0.466357  0.612947  0.448856  0.615426  0.632690  0.459422  0.743099  0.377973  0.340515  0.372508  0.684732  0.592230  0.434427  0.363502  0.657235  0.779893  0.492028  0.697534  0.602034  0.742806  0.892204  0.591433  0.482538  0.571651  0.370138  0.714954  0.517924  0.445147  0.823802  0.658476  0.784477  0.762784  0.629569  0.382310  0.580732  0.327634  0.637343  0.855734  0.738595  0.754613 
16  0.798094  0.567133  0.484665  0.648414  0.250368  0.459800  0.807916  0.557966  0.872920  0.704405  0.728994  0.777479  0.682321  0.829378  0.859705  0.345694 0.0  0.602412  0.743609  0.882441  0.469279  0.524482  0.698628  0.518000  0.706621  0.754024  0.290706  0.633818  0.489397  0.442442  0.459620  0.705410  0.494820  0.499384  0.299501  0.603766  0.876701  0.376207  0.625654  0.587317  0.828773  0.792175  0.701016  0.397543  0.709971  0.429412  0.715313  0.403793  0.544534  0.824557  0.730231  0.723689  0.576203  0.698380  0.641863  0.520701  0.172246  0.353451  0.822552  0.769856  0.681839 
17  0.727668  0.521982  0.635459  0.806050  0.672822  0.757554  0.676908  0.585049  0.810929  0.711971  0.683975  0.368030  0.434821  0.722053  0.740151  0.650014  0.602412 0.0  0.905060  0.722983  0.651037  0.660620  0.672828  0.615848  0.606547  0.771331  0.840272  0.594290  0.704647  0.792598  0.734054  0.375339  0.701089  0.804262  0.659905  0.667530  0.860192  0.724865  0.848801  0.630188  0.742347  0.821245  0.687348  0.786675  0.776184  0.721380  0.668358  0.727289  0.736425  0.683318  0.615995  0.789495  0.364356  0.801044  0.537844  0.563026  0.698088  0.694657  0.794711  0.744427  0.778186 
18  0.562146  0.736047  0.791273  0.794823  0.825273  0.817757  0.262222  0.862068  0.301251  0.707908  0.720800  0.709115  0.595588  0.626649  0.272820  0.840663  0.743609  0.905060 0.0  0.619284  0.715659  0.789806  0.648522  0.844650  0.741520  0.735706  0.815963  0.764388  0.731157  0.925787  0.802778  0.755403  0.672090  0.737969  0.675143  0.702693  0.675230  0.859764  0.720611  0.792020  0.601364  0.696026  0.617285  0.877550  0.757475  0.763928  0.806399  0.805572  0.884604  0.626023  0.849418  0.671067  0.793451  0.761228  0.767938  0.749308  0.745469  0.723003  0.348223  0.367376  0.785627 
19  0.561023  0.536075  0.862170  0.907800  0.883347  0.838453  0.629327  0.677233  0.639596  0.353297  0.750917  0.793347  0.785112  0.252412  0.691556  0.862118  0.882441  0.722983  0.619284 0.0  0.806262  0.795440  0.652527  0.790531  0.758450  0.780363  0.880174  0.677752  0.775755  0.887729  0.820494  0.709409  0.859602  0.780110  0.759775  0.637922  0.463774  0.880250  0.771599  0.733709  0.355565  0.458779  0.697282  0.842325  0.748492  0.675049  0.558441  0.815119  0.883012  0.270686  0.688426  0.346366  0.816841  0.652239  0.756044  0.777016  0.759813  0.791601  0.739534  0.726877  0.682004 
20  0.769895  0.621974  0.560145  0.381827  0.485764  0.244925  0.682488  0.613689  0.777892  0.795369  0.799949  0.706239  0.720012  0.834015  0.926543  0.336828  0.469279  0.651037  0.715659  0.806262 0.0  0.354094  0.734725  0.394119  0.713168  0.741983  0.453131  0.676084  0.580269  0.424470  0.452228  0.817531  0.650509  0.480263  0.389548  0.671514  0.980143  0.353227  0.699503  0.554700  0.849078  0.809879  0.646623  0.338224  0.732693  0.499395  0.571498  0.375551  0.370150  0.956462  0.693374  0.900055  0.774684  0.639892  0.320222  0.651952  0.437352  0.482025  0.687790  0.768138  0.716147 
21  0.718911  0.601111  0.538681  0.471659  0.513547  0.331530  0.832193  0.616078  0.915123  0.808920  0.629270  0.773023  0.784708  0.862135  0.816508  0.466357  0.524482  0.660620  0.789806  0.795440  0.354094 0.0  0.679093  0.436325  0.653028  0.513990  0.489519  0.631044  0.469513  0.454780  0.465143  0.700645  0.609541  0.486482  0.220407  0.707572  0.797824  0.323769  0.674198  0.469857  0.736698  0.746727  0.608370  0.265381  0.767773  0.454019  0.676723  0.304663  0.469742  0.809953  0.733693  0.792407  0.793064  0.515749  0.294890  0.730923  0.413132  0.551116  0.802133  0.827984  0.760851 
22  0.727657  0.516638  0.596065  0.650350  0.631985  0.696016  0.755354  0.784657  0.789788  0.725553  0.822483  0.932067  0.767838  0.665473  0.736737  0.612947  0.698628  0.672828  0.648522  0.652527  0.734725  0.679093 0.0  0.718632  0.677968  0.631001  0.770218  0.831805  0.650845  0.696628  0.697733  0.859922  0.569794  0.637184  0.608701  0.797369  0.698043  0.712787  0.373894  0.531845  0.689031  0.856717  0.709284  0.641094  0.718310  0.605194  0.771670  0.722163  0.627938  0.708642  0.751428  0.833294  0.680109  0.368309  0.604394  0.797149  0.769435  0.659390  0.684715  0.688249  0.287362 
23  0.749699  0.663379  0.306805  0.547661  0.420839  0.394398  0.737411  0.656213  0.789727  0.815832  0.741332  0.652635  0.702776  0.733814  0.775993  0.448856  0.518000  0.615848  0.844650  0.790531  0.394119  0.436325  0.718632 0.0  0.772585  0.711711  0.535269  0.674521  0.571195  0.417465  0.225028  0.621877  0.511062  0.538836  0.332972  0.674773  0.793669  0.473509  0.690324  0.603836  0.650223  0.931216  0.696297  0.507978  0.631561  0.545209  0.774649  0.421373  0.379378  0.765783  0.685159  0.689697  0.750248  0.711485  0.403352  0.703402  0.363439  0.563035  0.807900  0.730561  0.770394 
24  0.726503  0.579692  0.718649  0.762001  0.672651  0.557505  0.766001  0.547442  0.854687  0.738809  0.623497  0.633245  0.699144  0.717019  0.659864  0.615426  0.706621  0.606547  0.741520  0.758450  0.713168  0.653028  0.677968  0.772585 0.0  0.284789  0.691591  0.643089  0.688341  0.727633  0.742302  0.700459  0.629557  0.780608  0.566166  0.653470  0.772780  0.677884  0.754774  0.662096  0.715885  0.628768  0.505783  0.689975  0.638999  0.660763  0.635929  0.758551  0.658489  0.784886  0.607145  0.743814  0.551897  0.756748  0.615104  0.609595  0.688515  0.707599  0.676728  0.821939  0.774304 
25  0.821152  0.673668  0.636558  0.759663  0.725976  0.706523  0.687279  0.657221  0.756866  0.863274  0.636840  0.634920  0.629284  0.766577  0.702698  0.632690  0.754024  0.771331  0.735706  0.780363  0.741983  0.513990  0.631001  0.711711  0.284789 0.0  0.698679  0.599493  0.697903  0.544087  0.873695  0.766836  0.772031  0.729298  0.621586  0.591187  0.744625  0.682038  0.783571  0.573846  0.774575  0.723351  0.553393  0.711472  0.625632  0.677332  0.575251  0.610866  0.653538  0.809257  0.554775  0.787549  0.570944  0.689505  0.625329  0.632465  0.673139  0.582349  0.632545  0.793827  0.771133 
26  0.839059  0.663192  0.502133  0.609796  0.474680  0.452031  0.811543  0.687867  0.823053  0.966368  0.728464  0.712322  0.796898  0.876527  0.762079  0.459422  0.290706  0.840272  0.815963  0.880174  0.453131  0.489519  0.770218  0.535269  0.691591  0.698679 0.0  0.653464  0.459059  0.303590  0.287690  0.773383  0.658871  0.506010  0.487285  0.772926  0.961978  0.411843  0.709619  0.518926  0.833696  0.788602  0.656126  0.487813  0.731101  0.386924  0.750826  0.550795  0.404887  0.987667  0.740505  0.938782  0.808628  0.610212  0.449540  0.659107  0.469392  0.512347  0.845058  0.854700  0.817520 
27  0.600634  0.519340  0.804134  0.777665  0.659532  0.588725  0.554210  0.341985  0.721119  0.690374  0.497033  0.550523  0.604236  0.813983  0.800374  0.743099  0.633818  0.594290  0.764388  0.677752  0.676084  0.631044  0.831805  0.674521  0.643089  0.599493  0.653464 0.0  0.714966  0.736312  0.685932  0.662250  0.773567  0.847792  0.678637  0.555493  0.791865  0.738073  0.765339  0.593013  0.666222  0.752087  0.442970  0.741042  0.347655  0.733194  0.320257  0.702025  0.574796  0.763697  0.480326  0.769571  0.638061  0.757659  0.693028  0.403616  0.622656  0.591867  0.829955  0.669478  0.698901 
28  0.719355  0.562212  0.479405  0.311351  0.425810  0.490524  0.705751  0.698733  0.753740  0.710612  0.788341  0.806103  0.648362  0.719172  0.805629  0.377973  0.489397  0.704647  0.731157  0.775755  0.580269  0.469513  0.650845  0.571195  0.688341  0.697903  0.459059  0.714966 0.0  0.429351  0.464537  0.847850  0.605206  0.342185  0.474194  0.688848  0.908990  0.545570  0.619663  0.695357  0.797548  0.766511  0.774491  0.568691  0.815134  0.491143  0.771577  0.555094  0.568541  0.794382  0.736693  0.775676  0.785773  0.508634  0.523976  0.680103  0.438815  0.677787  0.645417  0.703702  0.631760 
29  0.825238  0.595864  0.493614  0.390032  0.553638  0.366087  0.874698  0.816181  0.787932  0.868292  0.664847  0.801229  0.789803  0.885500  0.865222  0.340515  0.442442  0.792598  0.925787  0.887729  0.424470  0.454780  0.696628  0.417465  0.727633  0.544087  0.303590  0.736312  0.429351 0.0  0.304621  0.666968  0.511819  0.404288  0.405250  0.760352  0.890004  0.476298  0.692262  0.495874  0.766273  0.764198  0.678772  0.422704  0.702268  0.498369  0.736860  0.521046  0.420893  0.798922  0.590427  0.785774  0.706516  0.533277  0.441895  0.747680  0.299848  0.518254  0.665399  0.823792  0.719353 
30  0.836208  0.673494  0.364721  0.311614  0.480847  0.499382  0.899967  0.672536  0.783216  0.844510  0.788536  0.747036  0.712783  0.853278  0.794266  0.372508  0.459620  0.734054  0.802778  0.820494  0.452228  0.465143  0.697733  0.225028  0.742302  0.873695  0.287690  0.685932  0.464537  0.304621 0.0  0.880207  0.592714  0.433330  0.421487  0.689705  0.824435  0.448808  0.695847  0.599473  0.843724  0.754370  0.702425  0.403910  0.755412  0.389899  0.702757  0.448552  0.584239  0.840059  0.816462  0.816797  0.706851  0.684922  0.440258  0.637822  0.488300  0.477340  0.745250  0.810117  0.729941 
31  0.641420  0.588083  0.797889  0.778107  0.604633  0.734783  0.714603  0.648853  0.709915  0.632343  0.692425  0.344660  0.422206  0.767103  0.726160  0.684732  0.705410  0.375339  0.755403  0.709409  0.817531  0.700645  0.859922  0.621877  0.700459  0.766836  0.773383  0.662250  0.847850  0.666968  0.880207 0.0  0.616844  0.794394  0.676643  0.697972  0.828253  0.729237  0.924299  0.687402  0.803845  0.861211  0.628606  0.732800  0.524016  0.758026  0.621387  0.703319  0.764967  0.733054  0.613188  0.769550  0.265582  0.839613  0.614184  0.543879  0.508553  0.703824  0.670653  0.706075  0.810416 
32  0.765655  0.485665  0.612297  0.711950  0.525929  0.623710  0.767654  0.453897  0.727715  0.789898  0.652434  0.701273  0.697613  0.845958  0.752023  0.592230  0.494820  0.701089  0.672090  0.859602  0.650509  0.609541  0.569794  0.511062  0.629557  0.772031  0.658871  0.773567  0.605206  0.511819  0.592714  0.616844 0.0  0.717295  0.514069  0.682539  0.758306  0.497012  0.553517  0.374810  0.772004  0.853506  0.582319  0.507391  0.545836  0.540642  0.713581  0.568240  0.561215  0.754114  0.659418  0.780937  0.655391  0.674243  0.509278  0.704066  0.475971  0.433801  0.718607  0.759557  0.493749 
33  0.679672  0.567081  0.449517  0.341547  0.362215  0.455712  0.849489  0.765986  0.819552  0.770060  0.782871  0.769688  0.836991  0.885092  0.884441  0.434427  0.499384  0.804262  0.737969  0.780110  0.480263  0.486482  0.637184  0.538836  0.780608  0.729298  0.506010  0.847792  0.342185  0.404288  0.433330  0.794394  0.717295 0.0  0.639573  0.731134  0.849157  0.445471  0.652257  0.764181  0.726837  0.781112  0.686415  0.434084  0.710741  0.482602  0.712752  0.511347  0.486680  0.735599  0.869663  0.889942  0.804604  0.609717  0.514190  0.871746  0.445290  0.596218  0.665139  0.698201  0.595002 
34  0.757275  0.593040  0.565888  0.520588  0.358856  0.370274  0.772351  0.641166  0.811621  0.767330  0.678368  0.720386  0.662842  0.699973  0.686149  0.363502  0.299501  0.659905  0.675143  0.759775  0.389548  0.220407  0.608701  0.332972  0.566166  0.621586  0.487285  0.678637  0.474194  0.405250  0.421487  0.676643  0.514069  0.639573 0.0  0.660095  0.812473  0.333581  0.675023  0.554504  0.853796  0.823103  0.550078  0.418934  0.644366  0.382607  0.668977  0.352867  0.397414  0.821414  0.660484  0.815229  0.696978  0.687772  0.371835  0.542813  0.318553  0.370338  0.844038  0.790506  0.646058 
35  0.617084  0.587288  0.762756  0.803060  0.728784  0.782051  0.666400  0.548118  0.729560  0.772059  0.415688  0.592898  0.433896  0.724930  0.803785  0.657235  0.603766  0.667530  0.702693  0.637922  0.671514  0.707572  0.797369  0.674773  0.653470  0.591187  0.772926  0.555493  0.688848  0.760352  0.689705  0.697972  0.682539  0.731134  0.660095 0.0  0.659153  0.751647  0.863926  0.645060  0.629412  0.837728  0.392720  0.714166  0.595008  0.734620  0.545313  0.635469  0.699827  0.610030  0.406426  0.745534  0.687956  0.775636  0.731927  0.464931  0.601596  0.664741  0.653901  0.755380  0.835610 
36  0.540060  0.699005  0.927880  0.832676  0.760641  0.840315  0.660635  0.741567  0.497785  0.186905  0.745733  0.807293  0.812776  0.340017  0.654804  0.779893  0.876701  0.860192  0.675230  0.463774  0.980143  0.797824  0.698043  0.793669  0.772780  0.744625  0.961978  0.791865  0.908990  0.890004  0.824435  0.828253  0.758306  0.849157  0.812473  0.659153 0.0  0.752339  0.766675  0.752158  0.262381  0.471931  0.664005  0.679506  0.697418  0.752381  0.666062  0.730987  0.831724  0.266120  0.725640  0.368282  0.799501  0.735765  0.892198  0.676233  0.843846  0.837473  0.717476  0.605297  0.860939 
37  0.815398  0.556123  0.426356  0.446780  0.512257  0.402005  0.791962  0.677936  0.814346  0.717200  0.654047  0.720599  0.657708  0.853211  0.760848  0.492028  0.376207  0.724865  0.859764  0.880250  0.353227  0.323769  0.712787  0.473509  0.677884  0.682038  0.411843  0.738073  0.545570  0.476298  0.448808  0.729237  0.497012  0.445471  0.333581  0.751647  0.752339 0.0  0.700590  0.524981  0.819006  0.814252  0.548145  0.351565  0.710450  0.362841  0.739093  0.254577  0.436600  0.772994  0.756727  0.844038  0.628790  0.540498  0.429367  0.611958  0.440387  0.456326  0.804903  0.777528  0.642664 
38  0.679160  0.632830  0.736256  0.688629  0.653984  0.661021  0.654736  0.804704  0.693502  0.627550  0.905230  0.881283  0.746713  0.701058  0.770115  0.697534  0.625654  0.848801  0.720611  0.771599  0.699503  0.674198  0.373894  0.690324  0.754774  0.783571  0.709619  0.765339  0.619663  0.692262  0.695847  0.924299  0.553517  0.652257  0.675023  0.863926  0.766675  0.700590 0.0  0.588329  0.681551  0.759860  0.759860  0.639372  0.673160  0.674664  0.698039  0.771862  0.631079  0.727197  0.707471  0.657193  0.846030  0.282241  0.696512  0.788594  0.718305  0.523457  0.814516  0.698583  0.464462 
39  0.803232  0.607405  0.470082  0.568930  0.501708  0.520510  0.843235  0.678785  0.841781  0.858969  0.693464  0.664306  0.536955  0.829159  0.768787  0.602034  0.587317  0.630188  0.792020  0.733709  0.554700  0.469857  0.531845  0.603836  0.662096  0.573846  0.518926  0.593013  0.695357  0.495874  0.599473  0.687402  0.374810  0.764181  0.554504  0.645060  0.752158  0.524981  0.588329 0.0  0.801138  0.800916  0.584812  0.557839  0.651274  0.572587  0.663996  0.456264  0.527862  0.790950  0.655218  0.848989  0.705473  0.530188  0.422099  0.662280  0.577075  0.398110  0.710122  0.782987  0.636985 
40  0.498751  0.616804  0.945908  0.811925  0.731364  0.804009  0.558623  0.642180  0.665547  0.520803  0.750619  0.803059  0.711630  0.445869  0.606028  0.742806  0.828773  0.742347  0.601364  0.355565  0.849078  0.736698  0.689031  0.650223  0.715885  0.774575  0.833696  0.666222  0.797548  0.766273  0.843724  0.803845  0.772004  0.726837  0.853796  0.629412  0.262381  0.819006  0.681551  0.801138 0.0  0.529456  0.638819  0.736174  0.748305  0.739927  0.740686  0.730966  0.840920  0.509718  0.838273  0.401609  0.595417  0.684262  0.792993  0.629294  0.842555  0.740486  0.768256  0.660119  0.653535 
41  0.684520  0.637276  0.918534  0.719201  0.919965  0.869495  0.678695  0.838002  0.655892  0.416267  0.691339  0.790626  0.740124  0.340600  0.712794  0.892204  0.792175  0.821245  0.696026  0.458779  0.809879  0.746727  0.856717  0.931216  0.628768  0.723351  0.788602  0.752087  0.766511  0.764198  0.754370  0.861211  0.853506  0.781112  0.823103  0.837728  0.471931  0.814252  0.759860  0.800916  0.529456 0.0  0.807335  0.936349  0.623150  0.803650  0.725972  0.858380  0.792668  0.335956  0.755573  0.393125  0.771813  0.719891  0.839444  0.707828  0.773099  0.863040  0.727633  0.773810  0.747611 
42  0.658803  0.660029  0.626250  0.723032  0.622057  0.627115  0.757664  0.484027  0.748047  0.733646  0.419180  0.685173  0.559642  0.660231  0.646465  0.591433  0.701016  0.687348  0.617285  0.697282  0.646623  0.608370  0.709284  0.696297  0.505783  0.553393  0.656126  0.442970  0.774491  0.678772  0.702425  0.628606  0.582319  0.686415  0.550078  0.392720  0.664005  0.548145  0.759860  0.584812  0.638819  0.807335 0.0  0.601719  0.492064  0.723992  0.459460  0.605159  0.692189  0.841340  0.464887  0.742500  0.655297  0.772145  0.648567  0.378002  0.662481  0.605105  0.801459  0.677693  0.624122 
43  0.637962  0.588951  0.559345  0.496691  0.453451  0.241441  0.762368  0.625548  0.720093  0.915601  0.671784  0.576258  0.752503  0.895170  0.820188  0.482538  0.397543  0.786675  0.877550  0.842325  0.338224  0.265381  0.641094  0.507978  0.689975  0.711472  0.487813  0.741042  0.568691  0.422704  0.403910  0.732800  0.507391  0.434084  0.418934  0.714166  0.679506  0.351565  0.639372  0.557839  0.736174  0.936349  0.601719 0.0  0.729589  0.591338  0.572149  0.207983  0.360244  0.822990  0.754932  0.773465  0.714791  0.631745  0.297144  0.622040  0.397576  0.526934  0.781220  0.776756  0.629533 
44  0.720506  0.614282  0.647209  0.741641  0.717203  0.648020  0.680169  0.369797  0.724468  0.773537  0.486065  0.623713  0.605233  0.713155  0.683898  0.571651  0.709971  0.776184  0.757475  0.748492  0.732693  0.767773  0.718310  0.631561  0.638999  0.625632  0.731101  0.347655  0.815134  0.702268  0.755412  0.524016  0.545836  0.710741  0.644366  0.595008  0.697418  0.710450  0.673160  0.651274  0.748305  0.623150  0.492064  0.729589 0.0  0.684225  0.304665  0.697141  0.785673  0.842905  0.550591  0.753418  0.574089  0.659070  0.569237  0.399157  0.662326  0.613529  0.659995  0.768275  0.773816 
45  0.621902  0.668448  0.533396  0.503719  0.486389  0.533587  0.643916  0.714172  0.709532  0.766520  0.654226  0.691940  0.654363  0.755235  0.750215  0.370138  0.429412  0.721380  0.763928  0.675049  0.499395  0.454019  0.605194  0.545209  0.660763  0.677332  0.386924  0.733194  0.491143  0.498369  0.389899  0.758026  0.540642  0.482602  0.382607  0.734620  0.752381  0.362841  0.674664  0.572587  0.739927  0.803650  0.723992  0.591338  0.684225 0.0  0.763520  0.572796  0.522108  0.758112  0.848874  0.805889  0.695374  0.643616  0.506761  0.697363  0.467917  0.489942  0.774563  0.732265  0.675981 
46  0.618857  0.576090  0.652690  0.853000  0.664735  0.716674  0.704486  0.365784  0.783240  0.718015  0.511796  0.662628  0.583604  0.753437  0.806142  0.714954  0.715313  0.668358  0.806399  0.558441  0.571498  0.676723  0.771670  0.774649  0.635929  0.575251  0.750826  0.320257  0.771577  0.736860  0.702757  0.621387  0.713581  0.712752  0.668977  0.545313  0.666062  0.739093  0.698039  0.663996  0.740686  0.725972  0.459460  0.572149  0.304665  0.763520 0.0  0.636291  0.668412  0.755853  0.554573  0.622142  0.683141  0.677383  0.636075  0.488170  0.618575  0.767756  0.696887  0.724316  0.677005 
47  0.597871  0.511104  0.472155  0.540737  0.438752  0.277871  0.850189  0.645936  0.867438  0.901672  0.757643  0.615338  0.594327  0.834325  0.799973  0.517924  0.403793  0.727289  0.805572  0.815119  0.375551  0.304663  0.722163  0.421373  0.758551  0.610866  0.550795  0.702025  0.555094  0.521046  0.448552  0.703319  0.568240  0.511347  0.352867  0.635469  0.730987  0.254577  0.771862  0.456264  0.730966  0.858380  0.605159  0.207983  0.697141  0.572796  0.636291 0.0  0.432184  0.873996  0.670296  0.837586  0.669322  0.673722  0.317544  0.651911  0.389638  0.481684  0.787087  0.636412  0.643117 
48  0.747843  0.529340  0.484332  0.412684  0.349555  0.442440  0.714196  0.733028  0.881693  0.727729  0.761138  0.672924  0.777033  0.776060  0.727105  0.445147  0.544534  0.736425  0.884604  0.883012  0.370150  0.469742  0.627938  0.379378  0.658489  0.653538  0.404887  0.574796  0.568541  0.420893  0.584239  0.764967  0.561215  0.486680  0.397414  0.699827  0.831724  0.436600  0.631079  0.527862  0.840920  0.792668  0.692189  0.360244  0.785673  0.522108  0.668412  0.432184 0.0  0.727207  0.633189  0.751618  0.642719  0.829463  0.442115  0.622304  0.489420  0.573113  0.828432  0.767149  0.559279 
49  0.643829  0.747534  0.921589  0.801897  0.841890  0.912922  0.657037  0.714645  0.517023  0.346600  0.759523  0.750803  0.768171  0.239337  0.657499  0.823802  0.824557  0.683318  0.626023  0.270686  0.956462  0.809953  0.708642  0.765783  0.784886  0.809257  0.987667  0.763697  0.794382  0.798922  0.840059  0.733054  0.754114  0.735599  0.821414  0.610030  0.266120  0.772994  0.727197  0.790950  0.509718  0.335956  0.841340  0.822990  0.842905  0.758112  0.755853  0.873996  0.727207 0.0  0.785366  0.453507  0.704949  0.815870  0.810664  0.645739  0.698698  0.865466  0.736691  0.602993  0.689347 
50  0.740470  0.562268  0.653736  0.747664  0.709874  0.608754  0.832174  0.515022  0.726845  0.742519  0.323169  0.710721  0.527204  0.674898  0.736066  0.658476  0.730231  0.615995  0.849418  0.688426  0.693374  0.733693  0.751428  0.685159  0.607145  0.554775  0.740505  0.480326  0.736693  0.590427  0.816462  0.613188  0.659418  0.869663  0.660484  0.406426  0.725640  0.756727  0.707471  0.655218  0.838273  0.755573  0.464887  0.754932  0.550591  0.848874  0.554573  0.670296  0.633189  0.785366 0.0  0.783861  0.657240  0.832722  0.541872  0.433708  0.636125  0.742854  0.652315  0.781204  0.681086 
51  0.710326  0.700544  0.789741  0.852547  0.815543  0.753001  0.518386  0.897290  0.569300  0.368441  0.757107  0.709166  0.649902  0.483039  0.681792  0.784477  0.723689  0.789495  0.671067  0.346366  0.900055  0.792407  0.833294  0.689697  0.743814  0.787549  0.938782  0.769571  0.775676  0.785774  0.816797  0.769550  0.780937  0.889942  0.815229  0.745534  0.368282  0.844038  0.657193  0.848989  0.401609  0.393125  0.742500  0.773465  0.753418  0.805889  0.622142  0.837586  0.751618  0.453507  0.783861 0.0  0.739939  0.712503  0.758914  0.666313  0.784113  0.733349  0.801989  0.577004  0.711727 
52  0.684119  0.593052  0.646847  0.760711  0.658361  0.697610  0.775240  0.667579  0.709159  0.742895  0.647040  0.418276  0.540259  0.858787  0.676677  0.762784  0.576203  0.364356  0.793451  0.816841  0.774684  0.793064  0.680109  0.750248  0.551897  0.570944  0.808628  0.638061  0.785773  0.706516  0.706851  0.265582  0.655391  0.804604  0.696978  0.687956  0.799501  0.628790  0.846030  0.705473  0.595417  0.771813  0.655297  0.714791  0.574089  0.695374  0.683141  0.669322  0.642719  0.704949  0.657240  0.739939 0.0  0.775851  0.687090  0.650129  0.747101  0.719523  0.793268  0.771149  0.824901 
53  0.709690  0.665288  0.583472  0.565709  0.677351  0.651970  0.677772  0.776871  0.736466  0.728021  0.859119  0.874336  0.941460  0.614982  0.647398  0.629569  0.698380  0.801044  0.761228  0.652239  0.639892  0.515749  0.368309  0.711485  0.756748  0.689505  0.610212  0.757659  0.508634  0.533277  0.684922  0.839613  0.674243  0.609717  0.687772  0.775636  0.735765  0.540498  0.282241  0.530188  0.684262  0.719891  0.772145  0.631745  0.659070  0.643616  0.677383  0.673722  0.829463  0.815870  0.832722  0.712503  0.775851 0.0  0.630099  0.723911  0.787043  0.447113  0.731514  0.678415  0.400328 
54  0.715328  0.559287  0.546471  0.459193  0.492492  0.331213  0.791235  0.680307  0.734101  0.802442  0.697496  0.669323  0.699611  0.805511  0.735997  0.382310  0.641863  0.537844  0.767938  0.756044  0.320222  0.294890  0.604394  0.403352  0.615104  0.625329  0.449540  0.693028  0.523976  0.441895  0.440258  0.614184  0.509278  0.514190  0.371835  0.731927  0.892198  0.429367  0.696512  0.422099  0.792993  0.839444  0.648567  0.297144  0.569237  0.506761  0.636075  0.317544  0.442115  0.810664  0.541872  0.758914  0.687090  0.630099 0.0  0.593052  0.416066  0.598454  0.842167  0.764714  0.685686 
55  0.724882  0.569438  0.630449  0.725912  0.586770  0.598177  0.728767  0.455292  0.683109  0.615088  0.456672  0.741467  0.522001  0.723501  0.707956  0.580732  0.520701  0.563026  0.749308  0.777016  0.651952  0.730923  0.797149  0.703402  0.609595  0.632465  0.659107  0.403616  0.680103  0.747680  0.637822  0.543879  0.704066  0.871746  0.542813  0.464931  0.676233  0.611958  0.788594  0.662280  0.629294  0.707828  0.378002  0.622040  0.399157  0.697363  0.488170  0.651911  0.622304  0.645739  0.433708  0.666313  0.650129  0.723911  0.593052 0.0  0.666594  0.637212  0.810775  0.610996  0.793271 
56  0.708027  0.589498  0.483857  0.448788  0.450012  0.480479  0.794735  0.625996  0.736674  0.825407  0.680668  0.772628  0.669229  0.686160  0.775446  0.327634  0.172246  0.698088  0.745469  0.759813  0.437352  0.413132  0.769435  0.363439  0.688515  0.673139  0.469392  0.622656  0.438815  0.299848  0.488300  0.508553  0.475971  0.445290  0.318553  0.601596  0.843846  0.440387  0.718305  0.577075  0.842555  0.773099  0.662481  0.397576  0.662326  0.467917  0.618575  0.389638  0.489420  0.698698  0.636125  0.784113  0.747101  0.787043  0.416066  0.666594 0.0  0.419876  0.674619  0.773972  0.705978 
57  0.693827  0.602618  0.553637  0.551760  0.508160  0.510876  0.656675  0.448959  0.815702  0.867152  0.669486  0.709260  0.569989  0.827647  0.845749  0.637343  0.353451  0.694657  0.723003  0.791601  0.482025  0.551116  0.659390  0.563035  0.707599  0.582349  0.512347  0.591867  0.677787  0.518254  0.477340  0.703824  0.433801  0.596218  0.370338  0.664741  0.837473  0.456326  0.523457  0.398110  0.740486  0.863040  0.605105  0.526934  0.613529  0.489942  0.767756  0.481684  0.573113  0.865466  0.742854  0.733349  0.719523  0.447113  0.598454  0.637212  0.419876 0.0  0.765264  0.723461  0.603958 
58  0.747832  0.664145  0.775560  0.740447  0.843400  0.702890  0.352186  0.678727  0.495057  0.752834  0.891874  0.808777  0.702723  0.638159  0.394603  0.855734  0.822552  0.794711  0.348223  0.739534  0.687790  0.802133  0.684715  0.807900  0.676728  0.632545  0.845058  0.829955  0.645417  0.665399  0.745250  0.670653  0.718607  0.665139  0.844038  0.653901  0.717476  0.804903  0.814516  0.710122  0.768256  0.727633  0.801459  0.781220  0.659995  0.774563  0.696887  0.787087  0.828432  0.736691  0.652315  0.801989  0.793268  0.731514  0.842167  0.810775  0.674619  0.765264 0.0  0.446547  0.727001 
59  0.600165  0.668956  0.838112  0.862926  0.863479  0.853992  0.278680  0.796278  0.247940  0.587773  0.773859  0.759931  0.589976  0.603579  0.392646  0.738595  0.769856  0.744427  0.367376  0.726877  0.768138  0.827984  0.688249  0.730561  0.821939  0.793827  0.854700  0.669478  0.703702  0.823792  0.810117  0.706075  0.759557  0.698201  0.790506  0.755380  0.605297  0.777528  0.698583  0.782987  0.660119  0.773810  0.677693  0.776756  0.768275  0.732265  0.724316  0.636412  0.767149  0.602993  0.781204  0.577004  0.771149  0.678415  0.764714  0.610996  0.773972  0.723461  0.446547 0.0  0.753026 
60  0.564288  0.604045  0.622423  0.685811  0.735437  0.655711  0.695753  0.793637  0.669934  0.786169  0.772218  0.843596  0.879126  0.619689  0.711162  0.754613  0.681839  0.778186  0.785627  0.682004  0.716147  0.760851  0.287362  0.770394  0.774304  0.771133  0.817520  0.698901  0.631760  0.719353  0.729941  0.810416  0.493749  0.595002  0.646058  0.835610  0.860939  0.642664  0.464462  0.636985  0.653535  0.747611  0.624122  0.629533  0.773816  0.675981  0.677005  0.643117  0.559279  0.689347  0.681086  0.711727  0.824901  0.400328  0.685686  0.793271  0.705978  0.603958  0.727001  0.753026 0.0 
