61
0 0.0  0.642309  0.807051  0.744310  0.683933  0.717149  0.568481  0.589549  0.690179  0.652346  0.663094  0.687367  0.720755  0.609423  0.615038  0.707721  0.815307  0.797181  0.676933  0.504015  0.846162  0.679988  0.704257  0.704233  0.737907  0.765572  0.745472  0.694979  0.841730  0.669270  0.809617  0.741492  0.816324  0.748321  0.650453  0.682073  0.514341  0.682806  0.784299  0.837013  0.575116  0.624730  0.589167  0.860964  0.599623  0.645786  0.706110  0.775436  0.791276  0.513396  0.700641  0.638188  0.672990  0.711778  0.842167  0.643200  0.672005  0.798959  0.706491  0.683496  0.562818 
1  0.642309 0.0  0.595775  0.611510  0.570963  0.556876  0.702515  0.501004  0.648436  0.601477  0.549943  0.632188  0.703274  0.756468  0.786736  0.601024  0.647918  0.585007  0.811248  0.606916  0.578998  0.680390  0.627890  0.654120  0.585208  0.658017  0.538281  0.561491  0.664093  0.648764  0.429435  0.676555  0.558416  0.600913  0.602633  0.457004  0.719806  0.493350  0.675426  0.505746  0.633175  0.689895  0.641684  0.531961  0.587317  0.662750  0.647141  0.624811  0.592869  0.661061  0.607867  0.689845  0.558675  0.777288  0.626716  0.522760  0.665115  0.597413  0.612109  0.695665  0.508034 
2  0.807051  0.595775 0.0  0.329697  0.289094  0.438932  0.863756  0.746162  0.765618  0.755202  0.744028  0.785094  0.821000  0.816388  0.804928  0.492840  0.446403  0.700147  0.894770  0.834705  0.479897  0.447725  0.709284  0.487766  0.712112  0.527482  0.506177  0.728874  0.346465  0.438014  0.550345  0.811439  0.600534  0.380876  0.428657  0.712660  0.780420  0.507589  0.578233  0.431814  0.851250  0.821187  0.701256  0.465709  0.729324  0.515061  0.736035  0.535988  0.481260  0.781092  0.714088  0.943511  0.722550  0.702042  0.476143  0.703184  0.496360  0.505020  0.765575  0.820825  0.627249 
3  0.744310  0.611510  0.329697 0.0  0.476067  0.540358  0.684297  0.791008  0.794393  0.757348  0.762414  0.830469  0.789621  0.858446  0.849173  0.521963  0.553695  0.822765  0.764083  0.686830  0.435527  0.496677  0.656834  0.570219  0.775709  0.669250  0.562985  0.920749  0.422917  0.419548  0.410553  0.822083  0.761517  0.322243  0.554206  0.799824  0.855360  0.379424  0.719320  0.651879  0.809071  0.714270  0.714691  0.428506  0.731989  0.541103  0.741421  0.544925  0.438321  0.901752  0.753170  0.837877  0.818850  0.593306  0.488063  0.708908  0.531977  0.666234  0.728691  0.712227  0.602604 
4  0.683933  0.570963  0.289094  0.476067 0.0  0.511098  0.680049  0.708136  0.698072  0.756479  0.727022  0.615030  0.674032  0.918823  0.797903  0.345644  0.340220  0.604303  0.786987  0.674396  0.514810  0.440451  0.715430  0.397629  0.773384  0.560454  0.493111  0.706767  0.378536  0.452799  0.438508  0.743977  0.531220  0.582368  0.407805  0.615403  0.764179  0.320715  0.736870  0.598631  0.733583  0.880532  0.591731  0.444142  0.728709  0.461817  0.605123  0.459917  0.402424  0.757069  0.687952  0.788764  0.640796  0.633045  0.426086  0.509932  0.371414  0.406172  0.680455  0.775651  0.750783 
5  0.717149  0.556876  0.438932  0.540358  0.511098 0.0  0.821254  0.774800  0.810762  0.790475  0.576445  0.696090  0.647206  0.874667  0.783175  0.429900  0.589175  0.771763  0.800744  0.792287  0.386971  0.341198  0.687535  0.438707  0.599336  0.646571  0.488828  0.607642  0.520315  0.386041  0.385998  0.745888  0.583704  0.582367  0.541773  0.702485  0.792256  0.403024  0.720467  0.555589  0.736221  0.800198  0.735354  0.270916  0.650516  0.540756  0.771433  0.151182  0.440548  0.825902  0.635704  0.768775  0.734511  0.647609  0.317172  0.625460  0.414813  0.517654  0.767076  0.701070  0.674458 
6  0.568481  0.702515  0.863756  0.684297  0.680049  0.821254 0.0  0.653540  0.292396  0.543016  0.712043  0.719399  0.719990  0.478230  0.356170  0.828959  0.723317  0.685851  0.355591  0.640989  0.808359  0.847196  0.732748  0.820072  0.656642  0.672768  0.904013  0.691253  0.768124  0.883469  0.805065  0.727801  0.819390  0.804524  0.716553  0.722400  0.516675  0.845984  0.673266  0.776454  0.511376  0.686512  0.709035  0.847139  0.633442  0.684324  0.730043  0.673478  0.851348  0.511332  0.762062  0.647816  0.769099  0.628297  0.801151  0.639679  0.772748  0.714368  0.445773  0.257907  0.608870 
7  0.589549  0.501004  0.746162  0.791008  0.708136  0.774800  0.653540 0.0  0.691985  0.829455  0.585417  0.554864  0.645874  0.650454  0.623779  0.781628  0.630263  0.681550  0.770245  0.723376  0.744408  0.732133  0.648605  0.732705  0.539510  0.556580  0.883188  0.232738  0.805538  0.695125  0.633229  0.695587  0.567105  0.740494  0.763495  0.493663  0.828531  0.687335  0.826334  0.595284  0.644828  0.764176  0.272863  0.659048  0.286869  0.673794  0.333341  0.690194  0.712593  0.744153  0.494744  0.767577  0.560197  0.862676  0.716634  0.450668  0.731977  0.691143  0.787498  0.647673  0.601098 
8  0.690179  0.648436  0.765618  0.794393  0.698072  0.810762  0.292396  0.691985 0.0  0.670194  0.810349  0.669630  0.685368  0.540112  0.385947  0.896796  0.779271  0.832600  0.313338  0.689978  0.766985  0.759745  0.671145  0.817536  0.719113  0.677030  0.880409  0.664455  0.815023  0.870706  0.771629  0.726304  0.785469  0.800603  0.709713  0.713179  0.534506  0.739188  0.702183  0.783086  0.661321  0.612558  0.673750  0.712694  0.777130  0.669736  0.713275  0.709260  0.831584  0.776546  0.794373  0.581034  0.744819  0.716324  0.697518  0.789440  0.711391  0.817054  0.442775  0.158207  0.792223 
9  0.652346  0.601477  0.755202  0.757348  0.756479  0.790475  0.543016  0.829455  0.670194 0.0  0.734138  0.805469  0.759788  0.239934  0.571782  0.809141  0.819353  0.923364  0.648224  0.314569  0.897438  0.775258  0.752867  0.801755  0.672745  0.800317  0.809464  0.772035  0.724505  0.904783  0.833351  0.779860  0.778672  0.749153  0.834895  0.775697  0.361041  0.785319  0.604123  0.767698  0.508155  0.460195  0.688017  0.836391  0.743370  0.795684  0.617096  0.876596  0.695942  0.301479  0.799553  0.489844  0.736233  0.890639  0.820717  0.664422  0.814170  0.797002  0.764055  0.586520  0.700321 
10  0.663094  0.549943  0.744028  0.762414  0.727022  0.576445  0.712043  0.585417  0.810349  0.734138 0.0  0.631069  0.533149  0.790181  0.875603  0.654306  0.817851  0.749640  0.767353  0.763633  0.762692  0.783111  0.853623  0.692427  0.542908  0.654302  0.662840  0.542296  0.704999  0.729629  0.754344  0.639031  0.560343  0.809913  0.714065  0.309224  0.758308  0.843231  0.766478  0.658346  0.708962  0.694989  0.473032  0.766619  0.576406  0.775421  0.439455  0.828109  0.705050  0.785661  0.373530  0.798418  0.614705  0.833615  0.665493  0.573177  0.803346  0.720211  0.720298  0.771318  0.747148 
11  0.687367  0.632188  0.785094  0.830469  0.615030  0.696090  0.719399  0.554864  0.669630  0.805469  0.631069 0.0  0.493002  0.710550  0.758525  0.762483  0.706888  0.446559  0.768590  0.652704  0.681292  0.671786  0.752088  0.649083  0.709368  0.655706  0.783796  0.662884  0.757508  0.711540  0.783238  0.346669  0.733071  0.811398  0.726017  0.537161  0.816665  0.740278  0.815110  0.717368  0.735966  0.816815  0.623344  0.786830  0.529578  0.782603  0.661142  0.774443  0.733328  0.616304  0.634580  0.756577  0.299252  0.829298  0.705084  0.690512  0.706556  0.673525  0.803314  0.711650  0.728880 
12  0.720755  0.703274  0.821000  0.789621  0.674032  0.647206  0.719990  0.645874  0.685368  0.759788  0.533149  0.493002 0.0  0.780602  0.667554  0.726281  0.680081  0.531971  0.715079  0.723833  0.697356  0.733574  0.810788  0.708628  0.650224  0.635366  0.697843  0.633052  0.659910  0.660137  0.712876  0.458574  0.615842  0.671030  0.612645  0.520920  0.756240  0.698771  0.830971  0.671209  0.759540  0.818871  0.523239  0.682898  0.681065  0.774819  0.602222  0.646208  0.777025  0.793868  0.532228  0.696933  0.437588  0.841593  0.698329  0.608152  0.602947  0.813619  0.588355  0.685631  0.801357 
13  0.609423  0.756468  0.816388  0.858446  0.918823  0.874667  0.478230  0.650454  0.540112  0.239934  0.790181  0.710550  0.780602 0.0  0.587828  0.752465  0.779583  0.829302  0.666484  0.377449  0.897456  0.795859  0.659116  0.675784  0.736806  0.725308  0.857735  0.677850  0.895288  0.906637  0.825634  0.781403  0.750578  0.786030  0.838045  0.807879  0.226975  0.834668  0.707981  0.868834  0.366615  0.399212  0.702252  0.774444  0.786916  0.719458  0.700914  0.853634  0.813461  0.406107  0.833073  0.430726  0.711776  0.751504  0.848619  0.694438  0.849528  0.879924  0.756028  0.624494  0.658960 
14  0.615038  0.786736  0.804928  0.849173  0.797903  0.783175  0.356170  0.623779  0.385947  0.571782  0.875603  0.758525  0.667554  0.587828 0.0  0.847766  0.758273  0.799468  0.383371  0.613701  0.780497  0.881941  0.768846  0.857574  0.595835  0.800016  0.818880  0.742038  0.819773  0.878476  0.869844  0.734677  0.842830  0.665828  0.722407  0.693739  0.673060  0.906609  0.695988  0.799360  0.641796  0.643778  0.648970  0.784142  0.810645  0.766912  0.758326  0.759660  0.896315  0.711299  0.870383  0.754075  0.694043  0.713677  0.720324  0.768662  0.752851  0.705534  0.535502  0.373953  0.662876 
15  0.707721  0.601024  0.492840  0.521963  0.345644  0.429900  0.828959  0.781628  0.896796  0.809141  0.654306  0.762483  0.726281  0.752465  0.847766 0.0  0.271235  0.680189  0.789671  0.851705  0.585938  0.400588  0.661384  0.446124  0.666520  0.717107  0.320249  0.631925  0.466556  0.485628  0.489510  0.739794  0.541648  0.515733  0.310873  0.656994  0.710251  0.511028  0.793041  0.462336  0.660808  0.909239  0.599842  0.482291  0.687798  0.442500  0.700285  0.407539  0.373894  0.795681  0.727702  0.838047  0.685021  0.626518  0.514380  0.570448  0.219288  0.573785  0.753542  0.793500  0.586007 
16  0.815307  0.647918  0.446403  0.553695  0.340220  0.589175  0.723317  0.630263  0.779271  0.819353  0.817851  0.706888  0.680081  0.779583  0.758273  0.271235 0.0  0.672815  0.765519  0.693247  0.460206  0.491598  0.716216  0.469188  0.656712  0.672032  0.345348  0.686492  0.452631  0.356809  0.438847  0.661250  0.592143  0.558986  0.327217  0.777586  0.751950  0.441543  0.595670  0.451674  0.826654  0.899810  0.651718  0.392478  0.754430  0.307238  0.726563  0.448168  0.358618  0.783243  0.747473  0.865250  0.677931  0.647339  0.448153  0.688372  0.414492  0.559479  0.776106  0.809076  0.825093 
17  0.797181  0.585007  0.700147  0.822765  0.604303  0.771763  0.685851  0.681550  0.832600  0.923364  0.749640  0.446559  0.531971  0.829302  0.799468  0.680189  0.672815 0.0  0.717356  0.884146  0.682512  0.764313  0.730462  0.730583  0.661400  0.570316  0.782261  0.658318  0.691625  0.775374  0.704695  0.450500  0.627301  0.780911  0.666324  0.638329  0.673519  0.713113  0.773287  0.799449  0.724321  0.872241  0.710777  0.683541  0.638164  0.753026  0.627631  0.665119  0.664661  0.761819  0.735052  0.765177  0.436904  0.806011  0.699542  0.654232  0.637005  0.597856  0.690137  0.706096  0.792864 
18  0.676933  0.811248  0.894770  0.764083  0.786987  0.800744  0.355591  0.770245  0.313338  0.648224  0.767353  0.768590  0.715079  0.666484  0.383371  0.789671  0.765519  0.717356 0.0  0.585501  0.899445  0.679267  0.723034  0.825916  0.840667  0.722238  0.836727  0.798443  0.761401  0.935720  0.837101  0.709288  0.740568  0.799800  0.741454  0.810443  0.530769  0.720622  0.786304  0.710431  0.701123  0.775742  0.804960  0.827721  0.736591  0.735895  0.679504  0.687244  0.869369  0.701313  0.755680  0.634122  0.774815  0.813927  0.767829  0.740987  0.828658  0.768804  0.443248  0.358216  0.658276 
19  0.504015  0.606916  0.834705  0.686830  0.674396  0.792287  0.640989  0.723376  0.689978  0.314569  0.763633  0.652704  0.723833  0.377449  0.613701  0.851705  0.693247  0.884146  0.585501 0.0  0.820102  0.778355  0.746318  0.819684  0.780579  0.813020  0.890698  0.797282  0.820391  0.811543  0.858189  0.774208  0.803879  0.853414  0.790645  0.720932  0.417826  0.784738  0.733602  0.941298  0.364475  0.429475  0.752750  0.694135  0.760239  0.784388  0.618541  0.822268  0.866364  0.244602  0.846570  0.446571  0.875176  0.705731  0.963006  0.716437  0.727423  0.836706  0.725454  0.583437  0.693696 
20  0.846162  0.578998  0.479897  0.435527  0.514810  0.386971  0.808359  0.744408  0.766985  0.897438  0.762692  0.681292  0.697356  0.897456  0.780497  0.585938  0.460206  0.682512  0.899445  0.820102 0.0  0.316085  0.772398  0.485324  0.717789  0.758171  0.332282  0.709870  0.535403  0.400597  0.351042  0.644434  0.582081  0.513212  0.468316  0.662873  0.898062  0.420514  0.658984  0.626666  0.798062  0.666733  0.661920  0.443536  0.774158  0.545666  0.646813  0.269703  0.312796  0.852098  0.726154  0.768294  0.737284  0.739790  0.339358  0.648525  0.353172  0.513890  0.651240  1.000000  0.727010 
21  0.679988  0.680390  0.447725  0.496677  0.440451  0.341198  0.847196  0.732133  0.759745  0.775258  0.783111  0.671786  0.733574  0.795859  0.881941  0.400588  0.491598  0.764313  0.679267  0.778355  0.316085 0.0  0.671347  0.488850  0.556530  0.666056  0.420436  0.626847  0.554954  0.463892  0.298344  0.694019  0.658784  0.605662  0.523855  0.667795  0.897951  0.368759  0.623199  0.461452  0.714731  0.831443  0.575813  0.333010  0.644975  0.496501  0.678528  0.294016  0.401818  0.898317  0.662505  0.876540  0.732011  0.573733  0.269012  0.661948  0.411627  0.406153  0.740843  0.790786  0.563347 
22  0.704257  0.627890  0.709284  0.656834  0.715430  0.687535  0.732748  0.648605  0.671145  0.752867  0.853623  0.752088  0.810788  0.659116  0.768846  0.661384  0.716216  0.730462  0.723034  0.746318  0.772398  0.671347 0.0  0.657957  0.780879  0.696196  0.796154  0.848643  0.508200  0.695376  0.728988  0.792280  0.536822  0.654807  0.688527  0.842657  0.671779  0.718310  0.499046  0.574494  0.647830  0.624210  0.830757  0.719104  0.606173  0.689114  0.743117  0.674023  0.593609  0.798145  0.751264  0.658139  0.739535  0.487383  0.662297  0.813461  0.674667  0.463146  0.715893  0.746767  0.272013 
23  0.704233  0.654120  0.487766  0.570219  0.397629  0.438707  0.820072  0.732705  0.817536  0.801755  0.692427  0.649083  0.708628  0.675784  0.857574  0.446124  0.469188  0.730583  0.825916  0.819684  0.485324  0.488850  0.657957 0.0  0.599294  0.794681  0.447218  0.796604  0.399592  0.442713  0.382546  0.744164  0.575444  0.325210  0.375192  0.666970  0.839011  0.501901  0.674890  0.598391  0.793353  0.876681  0.663126  0.458164  0.723986  0.486449  0.743057  0.368390  0.322697  0.836056  0.692868  0.788902  0.678004  0.682945  0.397599  0.731013  0.429304  0.541611  0.797945  0.816032  0.692503 
24  0.737907  0.585208  0.712112  0.775709  0.773384  0.599336  0.656642  0.539510  0.719113  0.672745  0.542908  0.709368  0.650224  0.736806  0.595835  0.666520  0.656712  0.661400  0.840667  0.780579  0.717789  0.556530  0.780879  0.599294 0.0  0.244716  0.710721  0.612836  0.733069  0.729680  0.701934  0.699762  0.674855  0.741749  0.608157  0.629554  0.822960  0.667027  0.738357  0.517692  0.694376  0.819721  0.584594  0.663410  0.605826  0.672537  0.574232  0.756240  0.670695  0.786598  0.524756  0.759875  0.720479  0.616014  0.754436  0.599663  0.666776  0.716490  0.759581  0.800254  0.693733 
25  0.765572  0.658017  0.527482  0.669250  0.560454  0.646571  0.672768  0.556580  0.677030  0.800317  0.654302  0.655706  0.635366  0.725308  0.800016  0.717107  0.672032  0.570316  0.722238  0.813020  0.758171  0.666056  0.696196  0.794681  0.244716 0.0  0.600949  0.690938  0.689896  0.664599  0.669566  0.632015  0.642553  0.772895  0.623135  0.491893  0.761744  0.715248  0.754556  0.602169  0.760761  0.728160  0.545065  0.668185  0.667630  0.745064  0.635692  0.638657  0.642544  0.689257  0.585205  0.718568  0.610513  0.709693  0.648021  0.614580  0.615216  0.803609  0.680269  0.827301  0.767060 
26  0.745472  0.538281  0.506177  0.562985  0.493111  0.488828  0.904013  0.883188  0.880409  0.809464  0.662840  0.783796  0.697843  0.857735  0.818880  0.320249  0.345348  0.782261  0.836727  0.890698  0.332282  0.420436  0.796154  0.447218  0.710721  0.600949 0.0  0.680868  0.368349  0.358639  0.321224  0.757231  0.658849  0.405645  0.432114  0.719091  0.859395  0.534321  0.726346  0.583580  0.763910  0.895440  0.600958  0.460331  0.837813  0.401828  0.668390  0.490264  0.337038  0.904834  0.712130  0.783093  0.879003  0.812253  0.507297  0.735445  0.383978  0.677650  0.832481  0.889748  0.692687 
27  0.694979  0.561491  0.728874  0.920749  0.706767  0.607642  0.691253  0.232738  0.664455  0.772035  0.542296  0.662884  0.633052  0.677850  0.742038  0.631925  0.686492  0.658318  0.798443  0.797282  0.709870  0.626847  0.848643  0.796604  0.612836  0.690938  0.680868 0.0  0.690004  0.739140  0.838517  0.689536  0.560763  0.736462  0.735027  0.596969  0.764753  0.644558  0.906105  0.554303  0.671571  0.805263  0.445283  0.664215  0.370401  0.712388  0.322045  0.801579  0.728395  0.717694  0.478973  0.729245  0.618197  0.889661  0.783229  0.401256  0.583457  0.597235  0.791548  0.805587  0.718134 
28  0.841730  0.664093  0.346465  0.422917  0.378536  0.520315  0.768124  0.805538  0.815023  0.724505  0.704999  0.757508  0.659910  0.895288  0.819773  0.466556  0.452631  0.691625  0.761401  0.820391  0.535403  0.554954  0.508200  0.399592  0.733069  0.689896  0.368349  0.690004 0.0  0.547411  0.489411  0.746426  0.708914  0.479727  0.636571  0.767775  0.639319  0.485264  0.550882  0.586332  0.763492  0.764786  0.660467  0.499875  0.657875  0.557256  0.758300  0.531287  0.504864  0.864766  0.747012  0.803448  0.662403  0.650404  0.558066  0.667338  0.501300  0.541006  0.716528  0.756161  0.685816 
29  0.669270  0.648764  0.438014  0.419548  0.452799  0.386041  0.883469  0.695125  0.870706  0.904783  0.729629  0.711540  0.660137  0.906637  0.878476  0.485628  0.356809  0.775374  0.935720  0.811543  0.400597  0.463892  0.695376  0.442713  0.729680  0.664599  0.358639  0.739140  0.547411 0.0  0.385449  0.765414  0.550420  0.355088  0.461925  0.720417  0.888277  0.565105  0.791163  0.495246  0.787792  0.703883  0.802317  0.397187  0.695796  0.382619  0.638328  0.441036  0.454180  0.840381  0.765887  0.886496  0.745087  0.689006  0.388264  0.610758  0.406368  0.597889  0.607183  0.906695  0.749337 
30  0.809617  0.429435  0.550345  0.410553  0.438508  0.385998  0.805065  0.633229  0.771629  0.833351  0.754344  0.783238  0.712876  0.825634  0.869844  0.489510  0.438847  0.704695  0.837101  0.858189  0.351042  0.298344  0.728988  0.382546  0.701934  0.669566  0.321224  0.838517  0.489411  0.385449 0.0  0.862802  0.604028  0.402822  0.453708  0.754469  0.872297  0.550849  0.610234  0.577838  0.746885  0.791257  0.657999  0.417400  0.710983  0.487005  0.758298  0.489056  0.539107  0.802292  0.718145  0.868355  0.780618  0.702775  0.465602  0.595831  0.451321  0.477809  0.657253  0.870482  0.759886 
31  0.741492  0.676555  0.811439  0.822083  0.743977  0.745888  0.727801  0.695587  0.726304  0.779860  0.639031  0.346669  0.458574  0.781403  0.734677  0.739794  0.661250  0.450500  0.709288  0.774208  0.644434  0.694019  0.792280  0.744164  0.699762  0.632015  0.757231  0.689536  0.746426  0.765414  0.862802 0.0  0.775048  0.838767  0.646699  0.624900  0.786184  0.715165  0.795538  0.756588  0.700364  0.978510  0.584503  0.660393  0.612203  0.798403  0.637657  0.749545  0.597594  0.801621  0.632670  0.837650  0.305638  0.821280  0.778171  0.624267  0.607235  0.648017  0.735839  0.706201  0.840744 
32  0.816324  0.558416  0.600534  0.761517  0.531220  0.583704  0.819390  0.567105  0.785469  0.778672  0.560343  0.733071  0.615842  0.750578  0.842830  0.541648  0.592143  0.627301  0.740568  0.803879  0.582081  0.658784  0.536822  0.575444  0.674855  0.642553  0.658849  0.560763  0.708914  0.550420  0.604028  0.775048 0.0  0.634956  0.517908  0.616351  0.822307  0.405975  0.715478  0.492116  0.684389  0.804643  0.704637  0.574847  0.600163  0.549149  0.666212  0.516690  0.557595  0.830974  0.629193  0.706280  0.718162  0.493927  0.622624  0.561681  0.563536  0.474952  0.799623  0.830815  0.543813 
33  0.748321  0.600913  0.380876  0.322243  0.582368  0.582367  0.804524  0.740494  0.800603  0.749153  0.809913  0.811398  0.671030  0.786030  0.665828  0.515733  0.558986  0.780911  0.799800  0.853414  0.513212  0.605662  0.654807  0.325210  0.741749  0.772895  0.405645  0.736462  0.479727  0.355088  0.402822  0.838767  0.634956 0.0  0.550017  0.773948  0.799736  0.551924  0.725853  0.628178  0.832228  0.697224  0.585251  0.549752  0.713299  0.453238  0.708941  0.502176  0.458724  0.717605  0.796586  0.772817  0.855331  0.645926  0.458055  0.788770  0.575692  0.633216  0.802119  0.869958  0.718344 
34  0.650453  0.602633  0.428657  0.554206  0.407805  0.541773  0.716553  0.763495  0.709713  0.834895  0.714065  0.726017  0.612645  0.838045  0.722407  0.310873  0.327217  0.666324  0.741454  0.790645  0.468316  0.523855  0.688527  0.375192  0.608157  0.623135  0.432114  0.735027  0.636571  0.461925  0.453708  0.646699  0.517908  0.550017 0.0  0.615375  0.694540  0.512117  0.698762  0.537119  0.826564  0.894635  0.633192  0.493026  0.693069  0.400386  0.649414  0.336906  0.441563  0.811893  0.825744  0.821033  0.679392  0.560671  0.516865  0.591394  0.306090  0.365865  0.790011  0.707508  0.708208 
35  0.682073  0.457004  0.712660  0.799824  0.615403  0.702485  0.722400  0.493663  0.713179  0.775697  0.309224  0.537161  0.520920  0.807879  0.693739  0.656994  0.777586  0.638329  0.810443  0.720932  0.662873  0.667795  0.842657  0.666970  0.629554  0.491893  0.719091  0.596969  0.767775  0.720417  0.754469  0.624900  0.616351  0.773948  0.615375 0.0  0.697500  0.745665  0.776995  0.688973  0.729005  0.774186  0.385828  0.646927  0.520323  0.765641  0.511000  0.636814  0.707445  0.704422  0.433354  0.790231  0.792086  0.862113  0.705814  0.334577  0.594962  0.667295  0.778739  0.801572  0.830020 
36  0.514341  0.719806  0.780420  0.855360  0.764179  0.792256  0.516675  0.828531  0.534506  0.361041  0.758308  0.816665  0.756240  0.226975  0.673060  0.710251  0.751950  0.673519  0.530769  0.417826  0.898062  0.897951  0.671779  0.839011  0.822960  0.761744  0.859395  0.764753  0.639319  0.888277  0.872297  0.786184  0.822307  0.799736  0.694540  0.697500 0.0  0.870914  0.673141  0.925741  0.441532  0.505566  0.709685  0.878649  0.760016  0.729702  0.730756  0.846991  0.821884  0.250348  0.809185  0.449389  0.827242  0.774899  0.844409  0.725968  0.826576  0.764635  0.778965  0.553980  0.800377 
37  0.682806  0.493350  0.507589  0.379424  0.320715  0.403024  0.845984  0.687335  0.739188  0.785319  0.843231  0.740278  0.698771  0.834668  0.906609  0.511028  0.441543  0.713113  0.720622  0.784738  0.420514  0.368759  0.718310  0.501901  0.667027  0.715248  0.534321  0.644558  0.485264  0.565105  0.550849  0.715165  0.405975  0.551924  0.512117  0.745665  0.870914 0.0  0.757706  0.581474  0.750511  0.815279  0.611229  0.301908  0.708004  0.520307  0.668950  0.354736  0.361585  0.836837  0.695198  0.794826  0.672827  0.596797  0.265747  0.719267  0.501714  0.500590  0.702215  0.897580  0.702154 
38  0.784299  0.675426  0.578233  0.719320  0.736870  0.720467  0.673266  0.826334  0.702183  0.604123  0.766478  0.815110  0.830971  0.707981  0.695988  0.793041  0.595670  0.773287  0.786304  0.733602  0.658984  0.623199  0.499046  0.674890  0.738357  0.754556  0.726346  0.906105  0.550882  0.791163  0.610234  0.795538  0.715478  0.725853  0.698762  0.776995  0.673141  0.757706 0.0  0.558108  0.704534  0.684832  0.780706  0.622681  0.818263  0.689428  0.669145  0.723913  0.624455  0.751221  0.719973  0.807261  0.798909  0.328950  0.597967  0.760373  0.589753  0.585601  0.777846  0.702803  0.526189 
39  0.837013  0.505746  0.431814  0.651879  0.598631  0.555589  0.776454  0.595284  0.783086  0.767698  0.658346  0.717368  0.671209  0.868834  0.799360  0.462336  0.451674  0.799449  0.710431  0.941298  0.626666  0.461452  0.574494  0.598391  0.517692  0.602169  0.583580  0.554303  0.586332  0.495246  0.577838  0.756588  0.492116  0.628178  0.537119  0.688973  0.925741  0.581474  0.558108 0.0  0.841154  0.806776  0.583599  0.395661  0.666734  0.603792  0.689733  0.525513  0.549150  0.917884  0.648301  0.780817  0.693718  0.566819  0.554469  0.687794  0.522248  0.342523  0.696460  0.823388  0.591154 
40  0.575116  0.633175  0.851250  0.809071  0.733583  0.736221  0.511376  0.644828  0.661321  0.508155  0.708962  0.735966  0.759540  0.366615  0.641796  0.660808  0.826654  0.724321  0.701123  0.364475  0.798062  0.714731  0.647830  0.793353  0.694376  0.760761  0.763910  0.671571  0.763492  0.787792  0.746885  0.700364  0.684389  0.832228  0.826564  0.729005  0.441532  0.750511  0.704534  0.841154 0.0  0.419419  0.773937  0.734887  0.769377  0.630890  0.701853  0.881800  0.755728  0.414542  0.802991  0.447443  0.751037  0.732193  0.815743  0.597515  0.719536  0.714032  0.693894  0.563678  0.606125 
41  0.624730  0.689895  0.821187  0.714270  0.880532  0.800198  0.686512  0.764176  0.612558  0.460195  0.694989  0.816815  0.818871  0.399212  0.643778  0.909239  0.899810  0.872241  0.775742  0.429475  0.666733  0.831443  0.624210  0.876681  0.819721  0.728160  0.895440  0.805263  0.764786  0.703883  0.791257  0.978510  0.804643  0.697224  0.894635  0.774186  0.505566  0.815279  0.684832  0.806776  0.419419 0.0  0.709194  0.774801  0.730108  0.831968  0.846727  0.825886  0.872643  0.482584  0.679037  0.494064  0.925220  0.725462  0.860734  0.835237  0.917609  0.937688  0.592966  0.620369  0.675571 
42  0.589167  0.641684  0.701256  0.714691  0.591731  0.735354  0.709035  0.272863  0.673750  0.688017  0.473032  0.623344  0.523239  0.702252  0.648970  0.599842  0.651718  0.710777  0.804960  0.752750  0.661920  0.575813  0.830757  0.663126  0.584594  0.545065  0.600958  0.445283  0.660467  0.802317  0.657999  0.584503  0.704637  0.585251  0.633192  0.385828  0.709685  0.611229  0.780706  0.583599  0.773937  0.709194 0.0  0.562547  0.390083  0.742308  0.572947  0.571937  0.614506  0.791615  0.500241  0.567709  0.583064  0.790011  0.637883  0.248787  0.637808  0.593579  0.666226  0.840908  0.636971 
43  0.860964  0.531961  0.465709  0.428506  0.444142  0.270916  0.847139  0.659048  0.712694  0.836391  0.766619  0.786830  0.682898  0.774444  0.784142  0.482291  0.392478  0.683541  0.827721  0.694135  0.443536  0.333010  0.719104  0.458164  0.663410  0.668185  0.460331  0.664215  0.499875  0.397187  0.417400  0.660393  0.574847  0.549752  0.493026  0.646927  0.878649  0.301908  0.622681  0.395661  0.734887  0.774801  0.562547 0.0  0.687285  0.497695  0.608153  0.341428  0.480182  0.956382  0.743566  0.796423  0.756040  0.681841  0.294959  0.634101  0.514940  0.395058  0.813408  0.749594  0.595271 
44  0.599623  0.587317  0.729324  0.731989  0.728709  0.650516  0.633442  0.286869  0.777130  0.743370  0.576406  0.529578  0.681065  0.786916  0.810645  0.687798  0.754430  0.638164  0.736591  0.760239  0.774158  0.644975  0.606173  0.723986  0.605826  0.667630  0.837813  0.370401  0.657875  0.695796  0.710983  0.612203  0.600163  0.713299  0.693069  0.520323  0.760016  0.708004  0.818263  0.666734  0.769377  0.730108  0.390083  0.687285 0.0  0.813468  0.302641  0.675483  0.764159  0.701755  0.467930  0.635020  0.656731  0.746822  0.635346  0.504872  0.648590  0.739429  0.726962  0.845394  0.648072 
45  0.645786  0.662750  0.515061  0.541103  0.461817  0.540756  0.684324  0.673794  0.669736  0.795684  0.775421  0.782603  0.774819  0.719458  0.766912  0.442500  0.307238  0.753026  0.735895  0.784388  0.545666  0.496501  0.689114  0.486449  0.672537  0.745064  0.401828  0.712388  0.557256  0.382619  0.487005  0.798403  0.549149  0.453238  0.400386  0.765641  0.729702  0.520307  0.689428  0.603792  0.630890  0.831968  0.742308  0.497695  0.813468 0.0  0.889022  0.459823  0.366311  0.785521  0.893741  0.757198  0.706371  0.666215  0.579852  0.684334  0.302514  0.660300  0.850528  0.751750  0.581041 
46  0.706110  0.647141  0.736035  0.741421  0.605123  0.771433  0.730043  0.333341  0.713275  0.617096  0.439455  0.661142  0.602222  0.700914  0.758326  0.700285  0.726563  0.627631  0.679504  0.618541  0.646813  0.678528  0.743117  0.743057  0.574232  0.635692  0.668390  0.322045  0.758300  0.638328  0.758298  0.637657  0.666212  0.708941  0.649414  0.511000  0.730756  0.668950  0.669145  0.689733  0.701853  0.846727  0.572947  0.608153  0.302641  0.889022 0.0  0.657851  0.608670  0.756426  0.613544  0.657993  0.608487  0.753377  0.673611  0.425884  0.614405  0.734980  0.716490  0.733594  0.793507 
47  0.775436  0.624811  0.535988  0.544925  0.459917  0.151182  0.673478  0.690194  0.709260  0.876596  0.828109  0.774443  0.646208  0.853634  0.759660  0.407539  0.448168  0.665119  0.687244  0.822268  0.269703  0.294016  0.674023  0.368390  0.756240  0.638657  0.490264  0.801579  0.531287  0.441036  0.489056  0.749545  0.516690  0.502176  0.336906  0.636814  0.846991  0.354736  0.723913  0.525513  0.881800  0.825886  0.571937  0.341428  0.675483  0.459823  0.657851 0.0  0.356236  0.821555  0.649701  0.777536  0.683167  0.663861  0.252111  0.560515  0.343814  0.441661  0.892705  0.740032  0.641256 
48  0.791276  0.592869  0.481260  0.438321  0.402424  0.440548  0.851348  0.712593  0.831584  0.695942  0.705050  0.733328  0.777025  0.813461  0.896315  0.373894  0.358618  0.664661  0.869369  0.866364  0.312796  0.401818  0.593609  0.322697  0.670695  0.642544  0.337038  0.728395  0.504864  0.454180  0.539107  0.597594  0.557595  0.458724  0.441563  0.707445  0.821884  0.361585  0.624455  0.549150  0.755728  0.872643  0.614506  0.480182  0.764159  0.366311  0.608670  0.356236 0.0  0.875796  0.633280  0.681575  0.746758  0.706792  0.486095  0.688221  0.533644  0.561972  0.845637  0.671061  0.715518 
49  0.513396  0.661061  0.781092  0.901752  0.757069  0.825902  0.511332  0.744153  0.776546  0.301479  0.785661  0.616304  0.793868  0.406107  0.711299  0.795681  0.783243  0.761819  0.701313  0.244602  0.852098  0.898317  0.798145  0.836056  0.786598  0.689257  0.904834  0.717694  0.864766  0.840381  0.802292  0.801621  0.830974  0.717605  0.811893  0.704422  0.250348  0.836837  0.751221  0.917884  0.414542  0.482584  0.791615  0.956382  0.701755  0.785521  0.756426  0.821555  0.875796 0.0  0.827535  0.328162  0.847934  0.693997  0.850518  0.747172  0.747339  0.794140  0.757633  0.657457  0.773813 
50  0.700641  0.607867  0.714088  0.753170  0.687952  0.635704  0.762062  0.494744  0.794373  0.799553  0.373530  0.634580  0.532228  0.833073  0.870383  0.727702  0.747473  0.735052  0.755680  0.846570  0.726154  0.662505  0.751264  0.692868  0.524756  0.585205  0.712130  0.478973  0.747012  0.765887  0.718145  0.632670  0.629193  0.796586  0.825744  0.433354  0.809185  0.695198  0.719973  0.648301  0.802991  0.679037  0.500241  0.743566  0.467930  0.893741  0.613544  0.649701  0.633280  0.827535 0.0  0.720109  0.677596  0.764619  0.631454  0.507013  0.761028  0.604395  0.807474  0.783810  0.696132 
51  0.638188  0.689845  0.943511  0.837877  0.788764  0.768775  0.647816  0.767577  0.581034  0.489844  0.798418  0.756577  0.696933  0.430726  0.754075  0.838047  0.865250  0.765177  0.634122  0.446571  0.768294  0.876540  0.658139  0.788902  0.759875  0.718568  0.783093  0.729245  0.803448  0.886496  0.868355  0.837650  0.706280  0.772817  0.821033  0.790231  0.449389  0.794826  0.807261  0.780817  0.447443  0.494064  0.567709  0.796423  0.635020  0.757198  0.657993  0.777536  0.681575  0.328162  0.720109 0.0  0.705824  0.724828  0.733698  0.707008  0.765233  0.777018  0.814696  0.697139  0.782540 
52  0.672990  0.558675  0.722550  0.818850  0.640796  0.734511  0.769099  0.560197  0.744819  0.736233  0.614705  0.299252  0.437588  0.711776  0.694043  0.685021  0.677931  0.436904  0.774815  0.875176  0.737284  0.732011  0.739535  0.678004  0.720479  0.610513  0.879003  0.618197  0.662403  0.745087  0.780618  0.305638  0.718162  0.855331  0.679392  0.792086  0.827242  0.672827  0.798909  0.693718  0.751037  0.925220  0.583064  0.756040  0.656731  0.706371  0.608487  0.683167  0.746758  0.847934  0.677596  0.705824 0.0  0.865858  0.791134  0.522085  0.661019  0.590687  0.827331  0.725852  0.824445 
53  0.711778  0.777288  0.702042  0.593306  0.633045  0.647609  0.628297  0.862676  0.716324  0.890639  0.833615  0.829298  0.841593  0.751504  0.713677  0.626518  0.647339  0.806011  0.813927  0.705731  0.739790  0.573733  0.487383  0.682945  0.616014  0.709693  0.812253  0.889661  0.650404  0.689006  0.702775  0.821280  0.493927  0.645926  0.560671  0.862113  0.774899  0.596797  0.328950  0.566819  0.732193  0.725462  0.790011  0.681841  0.746822  0.666215  0.753377  0.663861  0.706792  0.693997  0.764619  0.724828  0.865858 0.0  0.558967  0.722426  0.682039  0.572051  0.802306  0.747760  0.443242 
54  0.842167  0.626716  0.476143  0.488063  0.426086  0.317172  0.801151  0.716634  0.697518  0.820717  0.665493  0.705084  0.698329  0.848619  0.720324  0.514380  0.448153  0.699542  0.767829  0.963006  0.339358  0.269012  0.662297  0.397599  0.754436  0.648021  0.507297  0.783229  0.558066  0.388264  0.465602  0.778171  0.622624  0.458055  0.516865  0.705814  0.844409  0.265747  0.597967  0.554469  0.815743  0.860734  0.637883  0.294959  0.635346  0.579852  0.673611  0.252111  0.486095  0.850518  0.631454  0.733698  0.791134  0.558967 0.0  0.549068  0.365045  0.419484  0.775838  0.754531  0.787457 
55  0.643200  0.522760  0.703184  0.708908  0.509932  0.625460  0.639679  0.450668  0.789440  0.664422  0.573177  0.690512  0.608152  0.694438  0.768662  0.570448  0.688372  0.654232  0.740987  0.716437  0.648525  0.661948  0.813461  0.731013  0.599663  0.614580  0.735445  0.401256  0.667338  0.610758  0.595831  0.624267  0.561681  0.788770  0.591394  0.334577  0.725968  0.719267  0.760373  0.687794  0.597515  0.835237  0.248787  0.634101  0.504872  0.684334  0.425884  0.560515  0.688221  0.747172  0.507013  0.707008  0.522085  0.722426  0.549068 0.0  0.612289  0.637930  0.722004  0.670077  0.811041 
56  0.672005  0.665115  0.496360  0.531977  0.371414  0.414813  0.772748  0.731977  0.711391  0.814170  0.803346  0.706556  0.602947  0.849528  0.752851  0.219288  0.414492  0.637005  0.828658  0.727423  0.353172  0.411627  0.674667  0.429304  0.666776  0.615216  0.383978  0.583457  0.501300  0.406368  0.451321  0.607235  0.563536  0.575692  0.306090  0.594962  0.826576  0.501714  0.589753  0.522248  0.719536  0.917609  0.637808  0.514940  0.648590  0.302514  0.614405  0.343814  0.533644  0.747339  0.761028  0.765233  0.661019  0.682039  0.365045  0.612289 0.0  0.380627  0.668451  0.725998  0.653989 
57  0.798959  0.597413  0.505020  0.666234  0.406172  0.517654  0.714368  0.691143  0.817054  0.797002  0.720211  0.673525  0.813619  0.879924  0.705534  0.573785  0.559479  0.597856  0.768804  0.836706  0.513890  0.406153  0.463146  0.541611  0.716490  0.803609  0.677650  0.597235  0.541006  0.597889  0.477809  0.648017  0.474952  0.633216  0.365865  0.667295  0.764635  0.500590  0.585601  0.342523  0.714032  0.937688  0.593579  0.395058  0.739429  0.660300  0.734980  0.441661  0.561972  0.794140  0.604395  0.777018  0.590687  0.572051  0.419484  0.637930  0.380627 0.0  0.811638  0.760189  0.661097 
58  0.706491  0.612109  0.765575  0.728691  0.680455  0.767076  0.445773  0.787498  0.442775  0.764055  0.720298  0.803314  0.588355  0.756028  0.535502  0.753542  0.776106  0.690137  0.443248  0.725454  0.651240  0.740843  0.715893  0.797945  0.759581  0.680269  0.832481  0.791548  0.716528  0.607183  0.657253  0.735839  0.799623  0.802119  0.790011  0.778739  0.778965  0.702215  0.777846  0.696460  0.693894  0.592966  0.666226  0.813408  0.726962  0.850528  0.716490  0.892705  0.845637  0.757633  0.807474  0.814696  0.827331  0.802306  0.775838  0.722004  0.668451  0.811638 0.0  0.347079  0.786244 
59  0.683496  0.695665  0.820825  0.712227  0.775651  0.701070  0.257907  0.647673  0.158207  0.586520  0.771318  0.711650  0.685631  0.624494  0.373953  0.793500  0.809076  0.706096  0.358216  0.583437  1.000000  0.790786  0.746767  0.816032  0.800254  0.827301  0.889748  0.805587  0.756161  0.906695  0.870482  0.706201  0.830815  0.869958  0.707508  0.801572  0.553980  0.897580  0.702803  0.823388  0.563678  0.620369  0.840908  0.749594  0.845394  0.751750  0.733594  0.740032  0.671061  0.657457  0.783810  0.697139  0.725852  0.747760  0.754531  0.670077  0.725998  0.760189  0.347079 0.0  0.709971 
60  0.562818  0.508034  0.627249  0.602604  0.750783  0.674458  0.608870  0.601098  0.792223  0.700321  0.747148  0.728880  0.801357  0.658960  0.662876  0.586007  0.825093  0.792864  0.658276  0.693696  0.727010  0.563347  0.272013  0.692503  0.693733  0.767060  0.692687  0.718134  0.685816  0.749337  0.759886  0.840744  0.543813  0.718344  0.708208  0.830020  0.800377  0.702154  0.526189  0.591154  0.606125  0.675571  0.636971  0.595271  0.648072  0.581041  0.793507  0.641256  0.715518  0.773813  0.696132  0.782540  0.824445  0.443242  0.787457  0.811041  0.653989  0.661097  0.786244  0.709971 0.0 
