73
0 0.0  0.705023  0.537039  0.605457  0.557809  0.469958  0.639052  0.628607  0.816870  0.618759  0.595870  0.619748  0.546558  0.384910  0.739761  0.718188  0.531825  0.775310  0.412650  0.556127  0.627636  0.533821  0.737640  0.641911  0.562946  0.424526  0.508053  0.825129  0.594632  0.749396  0.512027  0.624120  0.539341  0.553975  0.667809  0.499566  0.547629  0.528871  0.600012  0.555217  0.564259  0.569371  0.713655  0.551199  0.615680  0.758650  0.548813  0.570864  0.580035  0.476853  0.492141  0.655378  0.434225  0.794651  0.592156  0.550319  0.534452  0.595243  0.552288  0.529318  0.518182  0.641510  0.470558  0.645161  0.577948  0.451013  0.741464  0.557916  0.545135  0.542572  0.525754  0.516481  0.536844 
1  0.705023 0.0  0.589065  0.722119  0.730692  0.763881  0.625070  0.768255  0.390246  0.674367  0.750000  0.739140  0.832958  0.790822  0.789819  0.749732  0.709394  0.480338  0.671102  0.716393  0.810592  0.754826  0.770983  0.647810  0.822574  0.790372  0.728634  0.686660  0.771592  0.789976  0.748764  0.757247  0.823246  0.799959  0.827001  0.794367  0.749068  0.711618  0.821998  0.862818  0.763160  0.724469  0.563828  0.661946  0.666806  0.780018  0.832882  0.821821  0.572514  0.682410  0.724803  0.552168  0.803491  0.596781  0.691823  0.738084  0.787132  0.785488  0.727151  0.717163  0.742864  0.746163  0.835551  0.726390  0.836501  0.789012  0.491969  0.774316  0.709818  0.753652  0.759393  0.732160  0.675563 
2  0.537039  0.589065 0.0  0.556316  0.574812  0.570460  0.553663  0.629597  0.581483  0.531703  0.522646  0.576246  0.576854  0.586343  0.545295  0.510203  0.565482  0.578225  0.551937  0.528999  0.612849  0.562576  0.632198  0.574693  0.540513  0.558952  0.464034  0.829903  0.472714  0.554340  0.605123  0.542047  0.536180  0.562050  0.589918  0.531700  0.557465  0.582957  0.655872  0.584022  0.625072  0.572966  0.598495  0.551137  0.685020  0.514663  0.553330  0.609806  0.596244  0.515324  0.621761  0.503591  0.663055  0.532884  0.667476  0.526951  0.654445  0.577246  0.590591  0.523337  0.654564  0.678705  0.579806  0.601503  0.605109  0.533004  0.511880  0.567614  0.558170  0.454380  0.564005  0.516181  0.612178 
3  0.605457  0.722119  0.556316 0.0  0.627696  0.458809  0.695475  0.703456  0.865007  0.592271  0.504302  0.424543  0.439452  0.540515  0.708392  0.672329  0.426456  0.784152  0.495615  0.406799  0.430607  0.483360  0.779118  0.726171  0.498594  0.526352  0.427379  0.776396  0.562408  0.625616  0.562067  0.267520  0.529565  0.426461  0.364596  0.348853  0.515198  0.409604  0.371574  0.465291  0.405140  0.465234  0.776373  0.432813  0.704229  0.621391  0.400793  0.472460  0.469177  0.523965  0.432159  0.804438  0.442654  0.821759  0.450977  0.442814  0.422401  0.484408  0.472505  0.532303  0.502388  0.494476  0.534734  0.535577  0.415082  0.417032  0.695099  0.421846  0.474054  0.539130  0.375886  0.438132  0.554338 
4  0.557809  0.730692  0.574812  0.627696 0.0  0.460058  0.729805  0.681115  0.611533  0.430152  0.540103  0.544931  0.414503  0.439222  0.737429  0.685280  0.446577  0.675187  0.502170  0.437317  0.463750  0.523090  0.712960  0.713337  0.481362  0.599711  0.463190  0.770929  0.567932  0.632539  0.491641  0.539478  0.413528  0.486727  0.473947  0.571304  0.539941  0.545051  0.426157  0.525875  0.429974  0.539509  0.661516  0.455209  0.710071  0.478960  0.566123  0.513656  0.585260  0.382619  0.433059  0.673428  0.502610  0.689377  0.481148  0.443944  0.474962  0.567241  0.456177  0.407689  0.574865  0.558785  0.460379  0.497901  0.430615  0.477187  0.626314  0.407286  0.545904  0.496898  0.492587  0.408837  0.479943 
5  0.469958  0.763881  0.570460  0.458809  0.460058 0.0  0.736720  0.721601  0.764402  0.475740  0.501533  0.431834  0.433648  0.385151  0.680468  0.785852  0.487585  0.756715  0.415800  0.411006  0.481350  0.571625  0.674850  0.650493  0.449000  0.413614  0.414252  0.709004  0.573147  0.765904  0.400534  0.536149  0.494164  0.452922  0.366465  0.355074  0.600652  0.491664  0.373131  0.461606  0.551439  0.562900  0.763493  0.451754  0.662529  0.677057  0.442270  0.470048  0.614434  0.472237  0.348567  0.581117  0.490235  1.000000  0.373961  0.458791  0.362092  0.488482  0.507033  0.488847  0.390022  0.468589  0.594937  0.354549  0.440704  0.422458  0.747418  0.415297  0.371632  0.443137  0.293145  0.431371  0.539420 
6  0.639052  0.625070  0.553663  0.695475  0.729805  0.736720 0.0  0.454148  0.747279  0.701535  0.653903  0.766763  0.664824  0.750848  0.594876  0.712610  0.711172  0.750172  0.737201  0.734482  0.753775  0.706301  0.788636  0.651029  0.767714  0.750965  0.727929  0.771631  0.761856  0.715779  0.748059  0.740620  0.698200  0.733667  0.673119  0.819160  0.746792  0.752181  0.684573  0.752869  0.732276  0.703437  0.691147  0.645231  0.356604  0.711774  0.679282  0.707752  0.528171  0.645437  0.737023  0.720145  0.718137  0.668040  0.721177  0.741697  0.751643  0.725984  0.773513  0.825395  0.753727  0.697946  0.791315  0.717728  0.627861  0.750268  0.800119  0.731976  0.694798  0.640223  0.770577  0.727683  0.828383 
7  0.628607  0.768255  0.629597  0.703456  0.681115  0.721601  0.454148 0.0  0.778342  0.611099  0.782695  0.820355  0.835504  0.757118  0.592160  0.723865  0.738709  0.713077  0.643873  0.804198  0.756803  0.738283  0.699976  0.674896  0.656553  0.751893  0.722517  0.615034  0.708250  0.730678  0.746950  0.759997  0.656148  0.797529  0.680762  0.808058  0.744114  0.661163  0.736381  0.626446  0.733905  0.675402  0.760299  0.703421  0.425385  0.820697  0.760144  0.705795  0.558371  0.637404  0.722342  0.800784  0.721093  0.729773  0.793306  0.668323  0.748264  0.724902  0.726806  0.666144  0.688371  0.699760  0.768603  0.714325  0.685475  0.740630  0.726348  0.667930  0.728593  0.641220  0.685153  0.746006  0.683173 
8  0.816870  0.390246  0.581483  0.865007  0.611533  0.764402  0.747279  0.778342 0.0  0.838695  0.750276  0.753385  0.701666  0.741950  0.686920  0.760153  0.690219  0.560353  0.647293  0.732818  0.717845  0.739259  0.715202  0.764497  0.875959  0.741791  0.712895  0.706700  0.753519  0.771873  0.788469  0.733533  0.678102  0.727342  0.695906  0.729507  0.751396  0.807913  0.677757  0.660132  0.729450  0.797536  0.554903  0.766057  0.651036  0.695911  0.745057  0.834595  0.524102  0.717000  0.708825  0.619737  0.735666  0.536590  0.715598  0.677324  0.749890  0.721947  0.753350  0.827267  0.678810  0.661634  0.709608  0.763020  0.677210  0.700452  0.397853  0.789771  0.752465  0.754154  0.786213  0.628304  0.753871 
9  0.618759  0.674367  0.531703  0.592271  0.430152  0.475740  0.701535  0.611099  0.838695 0.0  0.510425  0.423951  0.396072  0.511191  0.813402  0.786920  0.464772  0.751399  0.419310  0.421287  0.426885  0.384513  0.742261  0.590273  0.419994  0.372252  0.446459  0.708619  0.570181  0.899328  0.485654  0.534654  0.437896  0.550243  0.505724  0.443185  0.456435  0.465098  0.496306  0.447762  0.382234  0.556350  0.794935  0.424016  0.641344  0.643968  0.496455  0.426143  0.676351  0.545928  0.539042  0.682225  0.537726  0.792255  0.533475  0.492565  0.420241  0.441887  0.416873  0.428360  0.460300  0.443921  0.508070  0.514977  0.474008  0.450281  0.789327  0.322203  0.530768  0.445440  0.502005  0.482028  0.443193 
10  0.595870  0.750000  0.522646  0.504302  0.540103  0.501533  0.653903  0.782695  0.750276  0.510425 0.0  0.489968  0.418144  0.502683  0.752442  0.717403  0.457367  0.840179  0.481635  0.476533  0.461401  0.480480  0.687624  0.610261  0.384686  0.494611  0.436123  0.758169  0.597405  0.737482  0.492372  0.499543  0.542579  0.434644  0.474072  0.425298  0.476728  0.505250  0.492767  0.494559  0.430028  0.379580  0.675984  0.446151  0.615599  0.563090  0.520577  0.515492  0.650389  0.441354  0.464947  0.688454  0.471042  0.779484  0.445480  0.446049  0.489453  0.465105  0.496398  0.544058  0.521229  0.516398  0.496096  0.584490  0.448189  0.420370  0.700565  0.450468  0.539310  0.422189  0.403795  0.373286  0.497117 
11  0.619748  0.739140  0.576246  0.424543  0.544931  0.431834  0.766763  0.820355  0.753385  0.423951  0.489968 0.0  0.490133  0.505036  0.834941  0.801418  0.542429  0.776481  0.395722  0.425165  0.483048  0.462558  0.773003  0.672924  0.610151  0.511570  0.447782  0.664869  0.613496  0.767179  0.407201  0.459901  0.504155  0.429212  0.441253  0.391813  0.560719  0.330781  0.558924  0.569775  0.555689  0.532137  0.744875  0.410695  0.684946  0.626125  0.450473  0.453956  0.573106  0.480735  0.463353  0.769490  0.536012  0.724569  0.399953  0.516764  0.463107  0.501668  0.569498  0.515481  0.533031  0.525407  0.516110  0.468412  0.418756  0.512533  0.783469  0.291590  0.478256  0.442584  0.375412  0.448671  0.554553 
12  0.546558  0.832958  0.576854  0.439452  0.414503  0.433648  0.664824  0.835504  0.701666  0.396072  0.418144  0.490133 0.0  0.427633  0.800414  0.734312  0.409280  0.802204  0.529161  0.449541  0.361119  0.432506  0.640904  0.649522  0.344166  0.414973  0.461614  0.734946  0.562497  0.686876  0.495817  0.435946  0.346766  0.512668  0.436444  0.397939  0.490191  0.448796  0.379683  0.386629  0.453798  0.429727  0.780593  0.332475  0.747021  0.602796  0.476116  0.319065  0.483083  0.525079  0.431715  0.726932  0.505310  0.672632  0.371153  0.445053  0.546759  0.524239  0.400409  0.370559  0.378914  0.423211  0.493887  0.440454  0.410505  0.466595  0.849320  0.473709  0.497673  0.513341  0.507391  0.393106  0.573924 
13  0.384910  0.790822  0.586343  0.540515  0.439222  0.385151  0.750848  0.757118  0.741950  0.511191  0.502683  0.505036  0.427633 0.0  0.770540  0.820059  0.513928  0.716704  0.563222  0.473330  0.449255  0.452345  0.836186  0.692181  0.450068  0.475145  0.458712  0.713170  0.651908  0.738276  0.524088  0.552361  0.545191  0.577798  0.556008  0.468238  0.431174  0.587800  0.484373  0.455179  0.398521  0.544670  0.715981  0.397818  0.629365  0.600618  0.547873  0.486956  0.743645  0.456443  0.541992  0.713548  0.504102  0.764984  0.464556  0.400764  0.544632  0.573306  0.421162  0.485450  0.405055  0.499120  0.444972  0.579569  0.580508  0.446573  0.666275  0.430731  0.546440  0.484081  0.447443  0.459316  0.517391 
14  0.739761  0.789819  0.545295  0.708392  0.737429  0.680468  0.594876  0.592160  0.686920  0.813402  0.752442  0.834941  0.800414  0.770540 0.0  0.868829  0.662081  0.808712  0.811959  0.708135  0.751783  0.703145  0.738228  0.658916  0.770501  0.746167  0.746811  0.772592  0.796504  0.791762  0.715729  0.773680  0.681259  0.737218  0.822104  0.765302  0.810205  0.678010  0.771059  0.794378  0.740680  0.816555  0.800046  0.820302  0.547773  0.730660  0.692711  0.778393  0.629404  0.692449  0.747400  0.770307  0.663009  0.714539  0.731892  0.758879  0.775872  0.720818  0.714653  0.831178  0.717531  0.787843  0.702573  0.755187  0.743931  0.791126  0.723719  0.638931  0.742967  0.773019  0.809796  0.814080  0.795935 
15  0.718188  0.749732  0.510203  0.672329  0.685280  0.785852  0.712610  0.723865  0.760153  0.786920  0.717403  0.801418  0.734312  0.820059  0.868829 0.0  0.711829  0.782430  0.748128  0.718351  0.657923  0.822233  0.721468  0.643949  0.837118  0.777759  0.761753  0.647241  0.759106  0.687899  0.750326  0.846909  0.733281  0.802811  0.720196  0.804960  0.774219  0.785046  0.683730  0.793839  0.711583  0.754559  0.819570  0.744892  0.688048  0.793776  0.725702  0.780076  0.529445  0.600702  0.833670  0.665799  0.658794  0.745523  0.734651  0.744021  0.743084  0.724358  0.775129  0.751109  0.743987  0.739657  0.801938  0.742848  0.792707  0.763109  0.727627  0.754324  0.691174  0.785152  0.753966  0.781185  0.692561 
16  0.531825  0.709394  0.565482  0.426456  0.446577  0.487585  0.711172  0.738709  0.690219  0.464772  0.457367  0.542429  0.409280  0.513928  0.662081  0.711829 0.0  0.821041  0.485086  0.466226  0.439553  0.403685  0.710390  0.657371  0.442912  0.510398  0.577170  0.701394  0.583480  0.765303  0.490804  0.615130  0.391771  0.548957  0.491605  0.554430  0.411554  0.565373  0.388733  0.464448  0.312037  0.459500  0.772517  0.482594  0.710430  0.614636  0.480078  0.396279  0.440707  0.494544  0.523753  0.743831  0.361917  0.755178  0.506098  0.474014  0.238511  0.471041  0.358824  0.350009  0.495752  0.350628  0.573937  0.497854  0.505206  0.408126  0.820382  0.391257  0.518050  0.497016  0.422081  0.444148  0.436535 
17  0.775310  0.480338  0.578225  0.784152  0.675187  0.756715  0.750172  0.713077  0.560353  0.751399  0.840179  0.776481  0.802204  0.716704  0.808712  0.782430  0.821041 0.0  0.873500  0.801645  0.747118  0.785710  0.709455  0.710718  0.793922  0.767345  0.832217  0.745063  0.843238  0.742908  0.792246  0.736484  0.823966  0.709189  0.784184  0.794863  0.872077  0.753566  0.734986  0.777335  0.780632  0.816194  0.646384  0.737910  0.637672  0.815152  0.700673  0.739384  0.546604  0.710776  0.741079  0.468839  0.794762  0.630901  0.827489  0.771155  0.701228  0.868096  0.838937  0.896887  0.829735  0.777026  0.748443  0.769084  0.760161  0.782605  0.498593  0.737658  0.809683  0.836397  0.804408  0.758536  0.768556 
18  0.412650  0.671102  0.551937  0.495615  0.502170  0.415800  0.737201  0.643873  0.647293  0.419310  0.481635  0.395722  0.529161  0.563222  0.811959  0.748128  0.485086  0.873500 0.0  0.473184  0.456445  0.470130  0.707964  0.678679  0.480920  0.363703  0.418812  0.790987  0.695161  0.857371  0.409148  0.494576  0.502358  0.416354  0.401650  0.408687  0.547489  0.417528  0.448296  0.420438  0.479817  0.488892  0.801675  0.527459  0.652487  0.690305  0.563188  0.418299  0.642701  0.497642  0.353010  0.785605  0.511040  0.689419  0.387898  0.485417  0.391009  0.497479  0.455469  0.465040  0.535313  0.493097  0.505132  0.408401  0.379856  0.470520  0.757842  0.323347  0.360763  0.438510  0.335574  0.552836  0.449428 
19  0.556127  0.716393  0.528999  0.406799  0.437317  0.411006  0.734482  0.804198  0.732818  0.421287  0.476533  0.425165  0.449541  0.473330  0.708135  0.718351  0.466226  0.801645  0.473184 0.0  0.353699  0.544743  0.786547  0.615804  0.431463  0.408865  0.388226  0.706129  0.614098  0.755221  0.490372  0.375892  0.378710  0.499674  0.275443  0.464658  0.386563  0.428693  0.407694  0.424843  0.498301  0.528279  0.713640  0.499249  0.678001  0.629823  0.522628  0.447519  0.705985  0.532497  0.365161  0.767744  0.481577  0.777974  0.447714  0.367333  0.425223  0.480430  0.460647  0.527220  0.531432  0.558280  0.630751  0.431177  0.372119  0.467166  0.815980  0.497485  0.520333  0.420109  0.493444  0.449728  0.553812 
20  0.627636  0.810592  0.612849  0.430607  0.463750  0.481350  0.753775  0.756803  0.717845  0.426885  0.461401  0.483048  0.361119  0.449255  0.751783  0.657923  0.439553  0.747118  0.456445  0.353699 0.0  0.532035  0.784379  0.701050  0.423488  0.418052  0.457142  0.813067  0.484004  0.750715  0.388396  0.383325  0.454454  0.356991  0.409832  0.412255  0.402608  0.474018  0.442562  0.382837  0.486531  0.459371  0.790809  0.509886  0.708308  0.666263  0.487808  0.523246  0.478621  0.552480  0.355576  0.679242  0.539937  0.754533  0.414770  0.489003  0.518187  0.593631  0.567956  0.594462  0.333674  0.460251  0.536789  0.458983  0.380280  0.597042  0.753319  0.413223  0.434379  0.342336  0.292596  0.477606  0.488235 
21  0.533821  0.754826  0.562576  0.483360  0.523090  0.571625  0.706301  0.738283  0.739259  0.384513  0.480480  0.462558  0.432506  0.452345  0.703145  0.822233  0.403685  0.785710  0.470130  0.544743  0.532035 0.0  0.768025  0.654268  0.448248  0.450841  0.607873  0.661834  0.533405  0.607228  0.405501  0.483942  0.211004  0.492829  0.603004  0.440245  0.434791  0.515082  0.460425  0.496460  0.400034  0.370374  0.703724  0.488293  0.640243  0.543977  0.441219  0.441143  0.555305  0.525899  0.577984  0.681711  0.335239  0.863963  0.475595  0.494448  0.442223  0.470782  0.339399  0.396662  0.428205  0.434393  0.475876  0.438695  0.513695  0.488705  0.798501  0.566842  0.406390  0.546981  0.531381  0.522422  0.371317 
22  0.737640  0.770983  0.632198  0.779118  0.712960  0.674850  0.788636  0.699976  0.715202  0.742261  0.687624  0.773003  0.640904  0.836186  0.738228  0.721468  0.710390  0.709455  0.707964  0.786547  0.784379  0.768025 0.0  0.599702  0.634300  0.769825  0.730980  0.695551  0.674104  0.685485  0.763093  0.726177  0.695748  0.709000  0.574250  0.768268  0.723940  0.749929  0.733618  0.788564  0.762938  0.863830  0.678526  0.788989  0.682618  0.849814  0.720273  0.755395  0.595820  0.581926  0.749880  0.722991  0.770354  0.773080  0.678565  0.647214  0.735538  0.827231  0.754843  0.677650  0.699879  0.674318  0.771986  0.690484  0.687351  0.749299  0.682857  0.676030  0.683287  0.702760  0.601008  0.654213  0.775717 
23  0.641911  0.647810  0.574693  0.726171  0.713337  0.650493  0.651029  0.674896  0.764497  0.590273  0.610261  0.672924  0.649522  0.692181  0.658916  0.643949  0.657371  0.710718  0.678679  0.615804  0.701050  0.654268  0.599702 0.0  0.604921  0.746223  0.697195  0.704321  0.694422  0.605737  0.706655  0.750573  0.692415  0.726120  0.682367  0.623493  0.708131  0.635933  0.673635  0.682643  0.679060  0.647447  0.662771  0.710217  0.626121  0.704553  0.658012  0.655783  0.615987  0.703908  0.622181  0.670184  0.704740  0.593863  0.739074  0.668869  0.650129  0.730971  0.732263  0.571178  0.607406  0.768638  0.739934  0.692987  0.630342  0.581456  0.681939  0.605132  0.723879  0.586429  0.680653  0.747371  0.666093 
24  0.562946  0.822574  0.540513  0.498594  0.481362  0.449000  0.767714  0.656553  0.875959  0.419994  0.384686  0.610151  0.344166  0.450068  0.770501  0.837118  0.442912  0.793922  0.480920  0.431463  0.423488  0.448248  0.634300  0.604921 0.0  0.376230  0.489278  0.717717  0.542718  0.751964  0.439773  0.458109  0.502673  0.397887  0.482904  0.521232  0.484006  0.445932  0.501951  0.484777  0.514040  0.426766  0.791035  0.472752  0.678017  0.667595  0.508674  0.371837  0.529071  0.483106  0.436075  0.692943  0.438253  0.748006  0.488009  0.421277  0.388144  0.492509  0.383100  0.429463  0.391776  0.456645  0.443197  0.376673  0.411408  0.425735  0.804535  0.406664  0.386381  0.517947  0.385823  0.482404  0.414590 
25  0.424526  0.790372  0.558952  0.526352  0.599711  0.413614  0.750965  0.751893  0.741791  0.372252  0.494611  0.511570  0.414973  0.475145  0.746167  0.777759  0.510398  0.767345  0.363703  0.408865  0.418052  0.450841  0.769825  0.746223  0.376230 0.0  0.494482  0.744263  0.554996  0.839551  0.331685  0.462492  0.414631  0.398604  0.455986  0.418361  0.517020  0.428312  0.369662  0.383188  0.573838  0.437715  0.841022  0.400169  0.619084  0.632393  0.498663  0.425140  0.519676  0.531580  0.390109  0.657479  0.468221  0.734200  0.472771  0.493570  0.410399  0.545754  0.376110  0.488854  0.400806  0.548731  0.480405  0.439331  0.497302  0.405256  0.756587  0.498409  0.427043  0.460619  0.385789  0.488166  0.405005 
26  0.508053  0.728634  0.464034  0.427379  0.463190  0.414252  0.727929  0.722517  0.712895  0.446459  0.436123  0.447782  0.461614  0.458712  0.746811  0.761753  0.577170  0.832217  0.418812  0.388226  0.457142  0.607873  0.730980  0.697195  0.489278  0.494482 0.0  0.762547  0.540472  0.742883  0.428935  0.410363  0.459416  0.425376  0.378349  0.382095  0.435771  0.447354  0.562646  0.382847  0.405639  0.438362  0.783182  0.532198  0.722064  0.575220  0.491886  0.454542  0.560069  0.462257  0.408857  0.764835  0.502547  0.807253  0.460937  0.447752  0.415798  0.486141  0.576499  0.537803  0.540401  0.490874  0.554786  0.374839  0.416713  0.541532  0.756012  0.298535  0.420445  0.377298  0.421125  0.333843  0.492703 
27  0.825129  0.686660  0.829903  0.776396  0.770929  0.709004  0.771631  0.615034  0.706700  0.708619  0.758169  0.664869  0.734946  0.713170  0.772592  0.647241  0.701394  0.745063  0.790987  0.706129  0.813067  0.661834  0.695551  0.704321  0.717717  0.744263  0.762547 0.0  0.711659  0.806418  0.679492  0.741062  0.782258  0.699289  0.747620  0.871298  0.808140  0.681676  0.765890  0.862272  0.739007  0.638115  0.746121  0.650517  0.788503  0.813507  0.696886  0.745744  0.750873  0.768037  0.747368  0.760859  0.687557  0.711454  0.699525  0.824208  0.793465  0.750289  0.777248  0.776045  0.777556  0.778175  0.915886  0.744843  0.717624  0.742494  0.779104  0.747565  0.781676  0.695545  0.794843  0.718092  0.664056 
28  0.594632  0.771592  0.472714  0.562408  0.567932  0.573147  0.761856  0.708250  0.753519  0.570181  0.597405  0.613496  0.562497  0.651908  0.796504  0.759106  0.583480  0.843238  0.695161  0.614098  0.484004  0.533405  0.674104  0.694422  0.542718  0.554996  0.540472  0.711659 0.0  0.729520  0.498402  0.557465  0.607628  0.669228  0.605115  0.574325  0.649759  0.545805  0.622607  0.628665  0.545237  0.572943  0.793551  0.483240  0.624788  0.558421  0.581457  0.478018  0.656065  0.419045  0.572974  0.710029  0.606627  0.691070  0.552831  0.535237  0.574570  0.567820  0.472463  0.521185  0.584460  0.603168  0.485942  0.509330  0.635768  0.574480  0.827430  0.510226  0.589120  0.623678  0.596130  0.520950  0.548312 
29  0.749396  0.789976  0.554340  0.625616  0.632539  0.765904  0.715779  0.730678  0.771873  0.899328  0.737482  0.767179  0.686876  0.738276  0.791762  0.687899  0.765303  0.742908  0.857371  0.755221  0.750715  0.607228  0.685485  0.605737  0.751964  0.839551  0.742883  0.806418  0.729520 0.0  0.713276  0.775800  0.839751  0.853265  0.846296  0.799679  0.764325  0.794409  0.751110  0.707023  0.797900  0.743220  0.882988  0.770122  0.596474  0.790235  0.682943  0.755766  0.668752  0.713697  0.728050  0.745523  0.844508  0.774718  0.806247  0.761765  0.749966  0.766108  0.684073  0.717604  0.782880  0.633205  0.687128  0.796584  0.745280  0.784524  0.745955  0.776103  0.741918  0.775156  0.776456  0.835744  0.763206 
30  0.512027  0.748764  0.605123  0.562067  0.491641  0.400534  0.748059  0.746950  0.788469  0.485654  0.492372  0.407201  0.495817  0.524088  0.715729  0.750326  0.490804  0.792246  0.409148  0.490372  0.388396  0.405501  0.763093  0.706655  0.439773  0.331685  0.428935  0.679492  0.498402  0.713276 0.0  0.394464  0.540311  0.413516  0.373620  0.411220  0.485338  0.357124  0.340276  0.411231  0.495716  0.465435  0.779844  0.496782  0.661308  0.564875  0.468817  0.524817  0.500347  0.490295  0.438689  0.683343  0.445440  0.802251  0.338751  0.368259  0.464551  0.487060  0.536216  0.531678  0.526646  0.491992  0.537476  0.487521  0.334569  0.623540  0.809589  0.441189  0.439720  0.471406  0.376464  0.514408  0.529853 
31  0.624120  0.757247  0.542047  0.267520  0.539478  0.536149  0.740620  0.759997  0.733533  0.534654  0.499543  0.459901  0.435946  0.552361  0.773680  0.846909  0.615130  0.736484  0.494576  0.375892  0.383325  0.483942  0.726177  0.750573  0.458109  0.462492  0.410363  0.741062  0.557465  0.775800  0.394464 0.0  0.585350  0.424960  0.385957  0.363304  0.523508  0.459660  0.513103  0.494442  0.494824  0.485221  0.788106  0.470970  0.651979  0.666073  0.399175  0.521854  0.557588  0.515401  0.440784  0.650229  0.496616  0.827107  0.467499  0.432202  0.613749  0.417292  0.598462  0.454311  0.496598  0.534505  0.547321  0.437045  0.476827  0.538206  0.760982  0.459763  0.345278  0.377640  0.352254  0.434224  0.459996 
32  0.539341  0.823246  0.536180  0.529565  0.413528  0.494164  0.698200  0.656148  0.678102  0.437896  0.542579  0.504155  0.346766  0.545191  0.681259  0.733281  0.391771  0.823966  0.502358  0.378710  0.454454  0.211004  0.695748  0.692415  0.502673  0.414631  0.459416  0.782258  0.607628  0.839751  0.540311  0.585350 0.0  0.599903  0.528681  0.520233  0.432332  0.383172  0.520919  0.419113  0.503253  0.363318  0.749358  0.440218  0.652689  0.665546  0.396816  0.462828  0.555436  0.534646  0.564068  0.726244  0.493006  0.795655  0.534213  0.503695  0.495883  0.434289  0.598664  0.397039  0.455918  0.455564  0.468038  0.520749  0.459408  0.447720  0.749902  0.519242  0.524170  0.438376  0.553302  0.565931  0.280216 
33  0.553975  0.799959  0.562050  0.426461  0.486727  0.452922  0.733667  0.797529  0.727342  0.550243  0.434644  0.429212  0.512668  0.577798  0.737218  0.802811  0.548957  0.709189  0.416354  0.499674  0.356991  0.492829  0.709000  0.726120  0.397887  0.398604  0.425376  0.699289  0.669228  0.853265  0.413516  0.424960  0.599903 0.0  0.345182  0.445475  0.509782  0.311347  0.454190  0.375751  0.475475  0.466303  0.740531  0.542219  0.646310  0.526941  0.561738  0.541872  0.519414  0.511602  0.344407  0.740696  0.510861  0.843789  0.419574  0.509558  0.529474  0.553235  0.468788  0.512286  0.554679  0.458667  0.505163  0.370802  0.284740  0.565369  0.718210  0.433913  0.392302  0.426041  0.472869  0.433583  0.533597 
34  0.667809  0.827001  0.589918  0.364596  0.473947  0.366465  0.673119  0.680762  0.695906  0.505724  0.474072  0.441253  0.436444  0.556008  0.822104  0.720196  0.491605  0.784184  0.401650  0.275443  0.409832  0.603004  0.574250  0.682367  0.482904  0.455986  0.378349  0.747620  0.605115  0.846296  0.373620  0.385957  0.528681  0.345182 0.0  0.427157  0.532856  0.455797  0.377235  0.429072  0.543102  0.497361  0.810486  0.395829  0.684747  0.634388  0.406742  0.525440  0.601420  0.581038  0.475041  0.850473  0.483341  0.869378  0.408018  0.412472  0.544761  0.528831  0.420402  0.556648  0.402832  0.475872  0.516892  0.355539  0.480228  0.429982  0.768721  0.390372  0.331127  0.397451  0.435163  0.489769  0.561313 
35  0.499566  0.794367  0.531700  0.348853  0.571304  0.355074  0.819160  0.808058  0.729507  0.443185  0.425298  0.391813  0.397939  0.468238  0.765302  0.804960  0.554430  0.794863  0.408687  0.464658  0.412255  0.440245  0.768268  0.623493  0.521232  0.418361  0.382095  0.871298  0.574325  0.799679  0.411220  0.363304  0.520233  0.445475  0.427157 0.0  0.458435  0.501085  0.449961  0.387729  0.511732  0.565783  0.854342  0.468485  0.686653  0.673695  0.487570  0.536740  0.558617  0.442389  0.476943  0.704982  0.451850  0.841987  0.378599  0.427621  0.524141  0.425961  0.510953  0.470589  0.512765  0.566741  0.381807  0.212677  0.418599  0.501245  0.747789  0.429296  0.409484  0.469010  0.479382  0.421512  0.538543 
36  0.547629  0.749068  0.557465  0.515198  0.539941  0.600652  0.746792  0.744114  0.751396  0.456435  0.476728  0.560719  0.490191  0.431174  0.810205  0.774219  0.411554  0.872077  0.547489  0.386563  0.402608  0.434791  0.723940  0.708131  0.484006  0.517020  0.435771  0.808140  0.649759  0.764325  0.485338  0.523508  0.432332  0.509782  0.532856  0.458435 0.0  0.490197  0.493732  0.442383  0.402523  0.483544  0.872738  0.450004  0.712654  0.570818  0.406658  0.455552  0.606057  0.502795  0.489213  0.768030  0.473565  0.818725  0.498669  0.475166  0.440319  0.392577  0.359444  0.411059  0.441576  0.406922  0.497672  0.580315  0.517404  0.504827  0.754744  0.419248  0.547642  0.493306  0.584343  0.465932  0.476290 
37  0.528871  0.711618  0.582957  0.409604  0.545051  0.491664  0.752181  0.661163  0.807913  0.465098  0.505250  0.330781  0.448796  0.587800  0.678010  0.785046  0.565373  0.753566  0.417528  0.428693  0.474018  0.515082  0.749929  0.635933  0.445932  0.428312  0.447354  0.681676  0.545805  0.794409  0.357124  0.459660  0.383172  0.311347  0.455797  0.501085  0.490197 0.0  0.426829  0.389401  0.391296  0.522217  0.721220  0.577721  0.698428  0.575720  0.499216  0.484278  0.662184  0.542123  0.480804  0.720310  0.508526  0.792043  0.356199  0.499088  0.478964  0.465126  0.362923  0.545840  0.464762  0.535366  0.519140  0.452937  0.347588  0.537396  0.783793  0.331278  0.507196  0.359417  0.384602  0.500588  0.506540 
38  0.600012  0.821998  0.655872  0.371574  0.426157  0.373131  0.684573  0.736381  0.677757  0.496306  0.492767  0.558924  0.379683  0.484373  0.771059  0.683730  0.388733  0.734986  0.448296  0.407694  0.442562  0.460425  0.733618  0.673635  0.501951  0.369662  0.562646  0.765890  0.622607  0.751110  0.340276  0.513103  0.520919  0.454190  0.377235  0.449961  0.493732  0.426829 0.0  0.340243  0.553630  0.406357  0.836572  0.530746  0.623760  0.620087  0.489335  0.493802  0.537260  0.455221  0.290873  0.738992  0.485322  0.836218  0.308901  0.428558  0.391543  0.477668  0.554900  0.453089  0.538593  0.460407  0.519226  0.431579  0.394426  0.524255  0.824024  0.388551  0.338805  0.440197  0.533305  0.462299  0.436307 
39  0.555217  0.862818  0.584022  0.465291  0.525875  0.461606  0.752869  0.626446  0.660132  0.447762  0.494559  0.569775  0.386629  0.455179  0.794378  0.793839  0.464448  0.777335  0.420438  0.424843  0.382837  0.496460  0.788564  0.682643  0.484777  0.383188  0.382847  0.862272  0.628665  0.707023  0.411231  0.494442  0.419113  0.375751  0.429072  0.387729  0.442383  0.389401  0.340243 0.0  0.457849  0.486485  0.711034  0.418907  0.617172  0.658117  0.500224  0.428627  0.669440  0.375770  0.450971  0.686056  0.414508  0.737050  0.417706  0.475117  0.449739  0.359568  0.452822  0.477995  0.436632  0.433747  0.432869  0.346790  0.441014  0.491131  0.838843  0.444561  0.498160  0.361257  0.418277  0.499992  0.501198 
40  0.564259  0.763160  0.625072  0.405140  0.429974  0.551439  0.732276  0.733905  0.729450  0.382234  0.430028  0.555689  0.453798  0.398521  0.740680  0.711583  0.312037  0.780632  0.479817  0.498301  0.486531  0.400034  0.762938  0.679060  0.514040  0.573838  0.405639  0.739007  0.545237  0.797900  0.495716  0.494824  0.503253  0.475475  0.543102  0.511732  0.402523  0.391296  0.553630  0.457849 0.0  0.497728  0.874067  0.594586  0.560213  0.638293  0.443620  0.427093  0.581674  0.528187  0.476609  0.760272  0.480363  0.759195  0.541677  0.487178  0.377985  0.293466  0.398895  0.527951  0.466385  0.477485  0.480357  0.434755  0.507935  0.335171  0.769626  0.590211  0.500194  0.512165  0.516202  0.494125  0.453133 
41  0.569371  0.724469  0.572966  0.465234  0.539509  0.562900  0.703437  0.675402  0.797536  0.556350  0.379580  0.532137  0.429727  0.544670  0.816555  0.754559  0.459500  0.816194  0.488892  0.528279  0.459371  0.370374  0.863830  0.647447  0.426766  0.437715  0.438362  0.638115  0.572943  0.743220  0.465435  0.485221  0.363318  0.466303  0.497361  0.565783  0.483544  0.522217  0.406357  0.486485  0.497728 0.0  0.795926  0.370350  0.633360  0.639124  0.553000  0.495626  0.511914  0.530540  0.523440  0.730504  0.441041  0.746057  0.523081  0.483287  0.458522  0.496710  0.450543  0.519861  0.482525  0.544089  0.554968  0.453542  0.494211  0.441480  0.811639  0.440568  0.484955  0.518604  0.446237  0.514435  0.434134 
42  0.713655  0.563828  0.598495  0.776373  0.661516  0.763493  0.691147  0.760299  0.554903  0.794935  0.675984  0.744875  0.780593  0.715981  0.800046  0.819570  0.772517  0.646384  0.801675  0.713640  0.790809  0.703724  0.678526  0.662771  0.791035  0.841022  0.783182  0.746121  0.793551  0.882988  0.779844  0.788106  0.749358  0.740531  0.810486  0.854342  0.872738  0.721220  0.836572  0.711034  0.874067  0.795926 0.0  0.688673  0.609702  0.822994  0.778691  0.877886  0.578210  0.662412  0.788446  0.512070  0.728832  0.448992  0.760754  0.856310  0.819088  0.805301  0.733129  0.814191  0.738744  0.633273  0.820026  0.832586  0.704845  0.851038  0.619056  0.782613  0.815341  0.843936  0.738288  0.804140  0.751773 
43  0.551199  0.661946  0.551137  0.432813  0.455209  0.451754  0.645231  0.703421  0.766057  0.424016  0.446151  0.410695  0.332475  0.397818  0.820302  0.744892  0.482594  0.737910  0.527459  0.499249  0.509886  0.488293  0.788989  0.710217  0.472752  0.400169  0.532198  0.650517  0.483240  0.770122  0.496782  0.470970  0.440218  0.542219  0.395829  0.468485  0.450004  0.577721  0.530746  0.418907  0.594586  0.370350  0.688673 0.0  0.782415  0.663572  0.367602  0.537444  0.623632  0.536066  0.475330  0.776843  0.408824  0.664182  0.557895  0.445238  0.471846  0.447690  0.393129  0.505283  0.411922  0.455172  0.522883  0.566624  0.544390  0.416449  0.749912  0.520841  0.426219  0.406753  0.477092  0.398629  0.393382 
44  0.615680  0.666806  0.685020  0.704229  0.710071  0.662529  0.356604  0.425385  0.651036  0.641344  0.615599  0.684946  0.747021  0.629365  0.547773  0.688048  0.710430  0.637672  0.652487  0.678001  0.708308  0.640243  0.682618  0.626121  0.678017  0.619084  0.722064  0.788503  0.624788  0.596474  0.661308  0.651979  0.652689  0.646310  0.684747  0.686653  0.712654  0.698428  0.623760  0.617172  0.560213  0.633360  0.609702  0.782415 0.0  0.604787  0.668648  0.688027  0.607277  0.581093  0.672589  0.659052  0.750968  0.766225  0.685821  0.695724  0.706763  0.606665  0.680160  0.731827  0.623808  0.644607  0.646264  0.596750  0.674563  0.597809  0.621299  0.713745  0.785724  0.694879  0.644028  0.624308  0.790642 
45  0.758650  0.780018  0.514663  0.621391  0.478960  0.677057  0.711774  0.820697  0.695911  0.643968  0.563090  0.626125  0.602796  0.600618  0.730660  0.793776  0.614636  0.815152  0.690305  0.629823  0.666263  0.543977  0.849814  0.704553  0.667595  0.632393  0.575220  0.813507  0.558421  0.790235  0.564875  0.666073  0.665546  0.526941  0.634388  0.673695  0.570818  0.575720  0.620087  0.658117  0.638293  0.639124  0.822994  0.663572  0.604787 0.0  0.691094  0.636710  0.652460  0.489970  0.508783  0.768425  0.641004  0.865035  0.677374  0.656646  0.648826  0.658278  0.573609  0.589793  0.631322  0.555640  0.651101  0.608132  0.587414  0.597353  0.796150  0.623053  0.658713  0.663286  0.587951  0.668051  0.674124 
46  0.548813  0.832882  0.553330  0.400793  0.566123  0.442270  0.679282  0.760144  0.745057  0.496455  0.520577  0.450473  0.476116  0.547873  0.692711  0.725702  0.480078  0.700673  0.563188  0.522628  0.487808  0.441219  0.720273  0.658012  0.508674  0.498663  0.491886  0.696886  0.581457  0.682943  0.468817  0.399175  0.396816  0.561738  0.406742  0.487570  0.406658  0.499216  0.489335  0.500224  0.443620  0.553000  0.778691  0.367602  0.668648  0.691094 0.0  0.425620  0.655728  0.593580  0.549611  0.648999  0.448209  0.791886  0.443047  0.478523  0.431099  0.516087  0.444774  0.505224  0.423477  0.464900  0.473757  0.484276  0.477968  0.454122  0.775248  0.519654  0.418618  0.513528  0.543076  0.438095  0.427028 
47  0.570864  0.821821  0.609806  0.472460  0.513656  0.470048  0.707752  0.705795  0.834595  0.426143  0.515492  0.453956  0.319065  0.486956  0.778393  0.780076  0.396279  0.739384  0.418299  0.447519  0.523246  0.441143  0.755395  0.655783  0.371837  0.425140  0.454542  0.745744  0.478018  0.755766  0.524817  0.521854  0.462828  0.541872  0.525440  0.536740  0.455552  0.484278  0.493802  0.428627  0.427093  0.495626  0.877886  0.537444  0.688027  0.636710  0.425620 0.0  0.560700  0.474120  0.535207  0.689772  0.436279  0.781984  0.463840  0.551615  0.444759  0.462057  0.407012  0.561584  0.413015  0.559022  0.583053  0.536917  0.484339  0.294674  0.679722  0.424009  0.545709  0.501126  0.478988  0.510198  0.576751 
48  0.580035  0.572514  0.596244  0.469177  0.585260  0.614434  0.528171  0.558371  0.524102  0.676351  0.650389  0.573106  0.483083  0.743645  0.629404  0.529445  0.440707  0.546604  0.642701  0.705985  0.478621  0.555305  0.595820  0.615987  0.529071  0.519676  0.560069  0.750873  0.656065  0.668752  0.500347  0.557588  0.555436  0.519414  0.601420  0.558617  0.606057  0.662184  0.537260  0.669440  0.581674  0.511914  0.578210  0.623632  0.607277  0.652460  0.655728  0.560700 0.0  0.517729  0.594871  0.583536  0.568669  0.582366  0.447889  0.508067  0.596476  0.648621  0.528602  0.537029  0.588258  0.547558  0.578674  0.554957  0.494826  0.594168  0.635505  0.626373  0.559718  0.543009  0.539799  0.702468  0.595399 
49  0.476853  0.682410  0.515324  0.523965  0.382619  0.472237  0.645437  0.637404  0.717000  0.545928  0.441354  0.480735  0.525079  0.456443  0.692449  0.600702  0.494544  0.710776  0.497642  0.532497  0.552480  0.525899  0.581926  0.703908  0.483106  0.531580  0.462257  0.768037  0.419045  0.713697  0.490295  0.515401  0.534646  0.511602  0.581038  0.442389  0.502795  0.542123  0.455221  0.375770  0.528187  0.530540  0.662412  0.536066  0.581093  0.489970  0.593580  0.474120  0.517729 0.0  0.494670  0.708762  0.448126  0.702762  0.570486  0.490096  0.380235  0.628504  0.576608  0.468307  0.483959  0.432326  0.500513  0.509451  0.538781  0.537069  0.664139  0.501163  0.441332  0.452801  0.537232  0.442113  0.531758 
50  0.492141  0.724803  0.621761  0.432159  0.433059  0.348567  0.737023  0.722342  0.708825  0.539042  0.464947  0.463353  0.431715  0.541992  0.747400  0.833670  0.523753  0.741079  0.353010  0.365161  0.355576  0.577984  0.749880  0.622181  0.436075  0.390109  0.408857  0.747368  0.572974  0.728050  0.438689  0.440784  0.564068  0.344407  0.475041  0.476943  0.489213  0.480804  0.290873  0.450971  0.476609  0.523440  0.788446  0.475330  0.672589  0.508783  0.549611  0.535207  0.594871  0.494670 0.0  0.705181  0.434259  0.779684  0.426841  0.378226  0.511450  0.489654  0.543152  0.518222  0.516616  0.540264  0.425451  0.291657  0.355764  0.512148  0.763642  0.371040  0.426585  0.546764  0.417536  0.522075  0.389309 
51  0.655378  0.552168  0.503591  0.804438  0.673428  0.581117  0.720145  0.800784  0.619737  0.682225  0.688454  0.769490  0.726932  0.713548  0.770307  0.665799  0.743831  0.468839  0.785605  0.767744  0.679242  0.681711  0.722991  0.670184  0.692943  0.657479  0.764835  0.760859  0.710029  0.745523  0.683343  0.650229  0.726244  0.740696  0.850473  0.704982  0.768030  0.720310  0.738992  0.686056  0.760272  0.730504  0.512070  0.776843  0.659052  0.768425  0.648999  0.689772  0.583536  0.708762  0.705181 0.0  0.744897  0.560984  0.677943  0.808952  0.743942  0.669686  0.645778  0.742986  0.674038  0.691519  0.738704  0.702735  0.678164  0.650305  0.458546  0.756870  0.751715  0.657137  0.734431  0.714282  0.675814 
52  0.434225  0.803491  0.663055  0.442654  0.502610  0.490235  0.718137  0.721093  0.735666  0.537726  0.471042  0.536012  0.505310  0.504102  0.663009  0.658794  0.361917  0.794762  0.511040  0.481577  0.539937  0.335239  0.770354  0.704740  0.438253  0.468221  0.502547  0.687557  0.606627  0.844508  0.445440  0.496616  0.493006  0.510861  0.483341  0.451850  0.473565  0.508526  0.485322  0.414508  0.480363  0.441041  0.728832  0.408824  0.750968  0.641004  0.448209  0.436279  0.568669  0.448126  0.434259  0.744897 0.0  0.797638  0.499846  0.500422  0.427929  0.421434  0.447021  0.320966  0.503941  0.395456  0.673636  0.442243  0.544666  0.475367  0.780950  0.457555  0.467391  0.505266  0.426662  0.422445  0.418987 
53  0.794651  0.596781  0.532884  0.821759  0.689377  1.000000  0.668040  0.729773  0.536590  0.792255  0.779484  0.724569  0.672632  0.764984  0.714539  0.745523  0.755178  0.630901  0.689419  0.777974  0.754533  0.863963  0.773080  0.593863  0.748006  0.734200  0.807253  0.711454  0.691070  0.774718  0.802251  0.827107  0.795655  0.843789  0.869378  0.841987  0.818725  0.792043  0.836218  0.737050  0.759195  0.746057  0.448992  0.664182  0.766225  0.865035  0.791886  0.781984  0.582366  0.702762  0.779684  0.560984  0.797638 0.0  0.787190  0.879435  0.906152  0.684094  0.896309  0.694272  0.694261  0.761502  0.784732  0.773869  0.709557  0.891722  0.583853  0.858416  0.715509  0.838288  0.845710  0.801750  0.731157 
