73
0 0.0  0.490520  0.567276  0.527537  0.552350  0.474548  0.766713  0.621276  0.598373  0.792800  0.598565  0.591966  0.386815  0.611621  0.445914  0.457197  0.752088  0.411508  0.465624  0.641936  0.403471  0.535993  0.377386  0.465009  0.361602  0.460824  0.514087  0.557914  0.387648  0.603559  0.703413  0.828295  0.465349  0.545162  0.759009  0.587976  0.783687  0.491565  0.622260  0.494059  0.499343  0.481996  0.609301  0.588442  0.409344  0.791321  0.577683  0.473334  0.539464  0.795556  0.243787  0.471341  0.532829  0.475923  0.283404  0.520874  0.460252  0.511225  0.838476  0.477002  0.501879  0.586353  0.518842  0.524000  0.412205  0.412123  0.425187  0.496569  0.508322  0.536826  0.500366  0.332781  0.676022 
1  0.490520 0.0  0.494028  0.502054  0.451316  0.554401  0.708424  0.693516  0.575126  0.691806  0.498426  0.420856  0.458842  0.631602  0.527783  0.521327  0.661383  0.578829  0.556980  0.586303  0.552660  0.542828  0.442013  0.605731  0.465313  0.514427  0.589175  0.481226  0.587764  0.563024  0.686060  0.489640  0.525140  0.528210  0.731448  0.427315  0.683629  0.626480  0.386543  0.528465  0.502702  0.583816  0.515526  0.446288  0.493542  0.709253  0.510644  0.502484  0.563906  0.705504  0.544877  0.439743  0.440996  0.489873  0.554195  0.584364  0.470576  0.512540  0.685465  0.554566  0.529733  0.515032  0.535521  0.490843  0.524986  0.508696  0.460783  0.505346  0.458371  0.445290  0.571620  0.444670  0.493631 
2  0.567276  0.494028 0.0  0.324503  0.515191  0.582634  0.710141  0.626055  0.434819  0.818203  0.488405  0.500565  0.487491  0.522109  0.531970  0.518630  0.821222  0.515582  0.555334  0.512606  0.512865  0.520867  0.517901  0.533011  0.555704  0.518545  0.479320  0.630618  0.498980  0.566010  0.657753  0.787928  0.458505  0.416480  0.709491  0.461608  0.844635  0.615907  0.432639  0.537275  0.508303  0.541625  0.546995  0.318404  0.462841  0.726349  0.391546  0.410704  0.408393  0.762879  0.513971  0.489919  0.493546  0.495006  0.491034  0.391846  0.453799  0.477525  0.919975  0.417956  0.381270  0.435134  0.450426  0.433726  0.400885  0.413075  0.485097  0.396250  0.445360  0.564411  0.443464  0.494589  0.767391 
3  0.527537  0.502054  0.324503 0.0  0.417702  0.446462  0.742588  0.731002  0.375329  0.860878  0.552279  0.646524  0.605317  0.597199  0.425993  0.583771  0.785771  0.616786  0.463955  0.604922  0.491694  0.537412  0.574126  0.604818  0.513300  0.447457  0.394789  0.592534  0.516250  0.585445  0.717462  0.763739  0.403170  0.423972  0.773577  0.478354  0.780919  0.552117  0.432550  0.392736  0.528893  0.611088  0.568004  0.401500  0.547574  0.887947  0.472692  0.435405  0.385042  0.829983  0.529885  0.520053  0.441136  0.458352  0.491976  0.444212  0.341498  0.620408  1.000000  0.544917  0.402795  0.476994  0.458334  0.496552  0.488952  0.501103  0.674388  0.518023  0.496731  0.583739  0.477880  0.445123  0.617440 
4  0.552350  0.451316  0.515191  0.417702 0.0  0.547778  0.709183  0.650149  0.444631  0.832604  0.552914  0.494844  0.524142  0.601208  0.500911  0.551603  0.786884  0.552727  0.449563  0.491562  0.396119  0.511046  0.523651  0.450728  0.431133  0.588223  0.416132  0.491832  0.489217  0.765112  0.837002  0.694899  0.291996  0.502290  0.777163  0.417308  0.795113  0.491702  0.550044  0.498709  0.471771  0.573816  0.472901  0.404227  0.526476  0.816630  0.413181  0.381694  0.395641  0.812322  0.500108  0.499175  0.429424  0.466275  0.480205  0.573302  0.429520  0.500334  0.929410  0.405491  0.429669  0.552597  0.465641  0.518030  0.474689  0.367992  0.586577  0.408588  0.456166  0.484878  0.402747  0.499137  0.723508 
5  0.474548  0.554401  0.582634  0.446462  0.547778 0.0  0.828365  0.704648  0.541960  0.824496  0.504330  0.468289  0.431869  0.561060  0.473519  0.447520  0.804349  0.445592  0.399617  0.551910  0.472134  0.341154  0.477700  0.412303  0.440937  0.488765  0.489129  0.699217  0.444408  0.646837  0.839411  0.640281  0.611547  0.473693  0.751489  0.556658  0.786842  0.419371  0.599073  0.479962  0.464191  0.293814  0.655010  0.609025  0.510334  0.800600  0.447171  0.482399  0.515366  0.790634  0.387753  0.529617  0.494489  0.502264  0.436146  0.433172  0.614544  0.358944  0.931020  0.488020  0.517972  0.486926  0.529218  0.535044  0.570103  0.445583  0.519117  0.480755  0.531701  0.633968  0.407519  0.418823  0.687515 
6  0.766713  0.708424  0.710141  0.742588  0.709183  0.828365 0.0  0.774876  0.734391  0.701722  0.690231  0.812565  0.819474  0.680661  0.766731  0.816064  0.624344  0.756227  0.765471  0.817443  0.765140  0.758493  0.874441  0.769519  0.741868  0.799490  0.725944  0.739064  0.721659  0.901837  0.748020  0.855065  0.749099  0.667736  0.590972  0.764456  0.651293  0.781755  0.698477  0.811540  0.783688  0.779346  0.702729  0.748719  0.813313  0.630105  0.842214  0.709994  0.716715  0.762738  0.716637  0.741124  0.802364  0.720941  0.782007  0.680686  0.790796  0.745931  0.595376  0.695403  0.808476  0.704957  0.869499  0.783062  0.732913  0.771765  0.696313  0.725716  0.687710  0.798174  0.780483  0.769928  0.863474 
7  0.621276  0.693516  0.626055  0.731002  0.650149  0.704648  0.774876 0.0  0.745579  0.674476  0.592190  0.713171  0.677359  0.667096  0.713185  0.689807  0.676665  0.624405  0.707387  0.737215  0.662668  0.785695  0.658797  0.743454  0.637191  0.726526  0.727101  0.645262  0.624325  0.621691  0.782706  0.662066  0.762534  0.728793  0.686820  0.672597  0.730362  0.683478  0.675547  0.714206  0.642766  0.654911  0.653029  0.733812  0.632611  0.726363  0.691447  0.598116  0.683014  0.812306  0.717803  0.747973  0.763666  0.657772  0.743341  0.749006  0.696216  0.746023  0.704764  0.765384  0.603121  0.719092  0.565847  0.632273  0.611683  0.773267  0.825965  0.660008  0.733683  0.710450  0.621213  0.706431  0.724288 
8  0.598373  0.575126  0.434819  0.375329  0.444631  0.541960  0.734391  0.745579 0.0  0.826346  0.615656  0.512113  0.472199  0.553660  0.550861  0.518426  0.803964  0.599766  0.478732  0.644942  0.556338  0.524477  0.515728  0.448893  0.443695  0.601971  0.541459  0.542070  0.563276  0.603410  0.848564  0.706537  0.404550  0.330814  0.671803  0.424770  0.626140  0.534353  0.522411  0.623903  0.573622  0.517650  0.510528  0.461178  0.488464  0.829419  0.598062  0.392555  0.459011  0.811025  0.496388  0.512794  0.448669  0.445461  0.392554  0.429659  0.441204  0.423875  0.827634  0.339578  0.559941  0.382084  0.325617  0.431471  0.471961  0.362769  0.457146  0.559108  0.419595  0.661723  0.519120  0.457482  0.684743 
9  0.792800  0.691806  0.818203  0.860878  0.832604  0.824496  0.701722  0.674476  0.826346 0.0  0.868148  0.823939  0.777809  0.711236  0.826225  0.733608  0.769261  0.733996  0.768439  0.752657  0.859094  0.769342  0.794830  0.843334  0.817217  0.735241  0.848920  0.747616  0.839828  0.851472  0.756738  0.765416  0.740985  0.853303  0.669431  0.730845  0.826838  0.781347  0.701082  0.785774  0.780349  0.841670  0.738150  0.700973  0.821345  0.836874  0.769671  0.765984  0.779648  0.864623  0.861971  0.807751  0.836897  0.820575  0.780074  0.848504  0.834215  0.733041  0.765442  0.819873  0.726434  0.765237  0.850322  0.797388  0.746065  0.786084  0.802814  0.758395  0.813379  0.733646  0.780790  0.854472  0.819109 
10  0.598565  0.498426  0.488405  0.552279  0.552914  0.504330  0.690231  0.592190  0.615656  0.868148 0.0  0.600342  0.635385  0.700846  0.627330  0.527624  0.885973  0.615175  0.586238  0.570217  0.545453  0.632547  0.559683  0.522275  0.643400  0.476311  0.569842  0.354979  0.521942  0.586240  0.697852  0.451346  0.517830  0.553823  0.793324  0.595408  0.802856  0.592099  0.425691  0.595707  0.523852  0.558764  0.612253  0.471293  0.637188  0.787383  0.531973  0.569079  0.626506  0.745192  0.567433  0.531794  0.647672  0.657361  0.601599  0.573978  0.659586  0.667701  0.772637  0.599648  0.554064  0.655602  0.635160  0.498590  0.601762  0.547483  0.591718  0.560607  0.504510  0.555480  0.560105  0.711903  0.567537 
11  0.591966  0.420856  0.500565  0.646524  0.494844  0.468289  0.812565  0.713171  0.512113  0.823939  0.600342 0.0  0.522521  0.540900  0.562060  0.507149  0.775569  0.527966  0.610959  0.450779  0.547163  0.576887  0.437363  0.477540  0.630085  0.528185  0.605819  0.633882  0.506398  0.719631  0.843611  0.691867  0.472624  0.542037  0.762236  0.410708  0.835555  0.494590  0.601100  0.587625  0.583000  0.552241  0.546985  0.501725  0.644903  0.867755  0.597550  0.576252  0.576913  0.761894  0.619139  0.661985  0.455811  0.585342  0.514919  0.516490  0.547759  0.507863  0.785793  0.514499  0.508805  0.587304  0.624398  0.664323  0.633708  0.460482  0.506037  0.528015  0.576587  0.524437  0.539444  0.602532  0.655185 
12  0.386815  0.458842  0.487491  0.605317  0.524142  0.431869  0.819474  0.677359  0.472199  0.777809  0.635385  0.522521 0.0  0.608966  0.427421  0.333647  0.734187  0.393702  0.583907  0.550747  0.532331  0.502354  0.407629  0.378848  0.495857  0.454632  0.396209  0.554522  0.362155  0.553495  0.745563  0.735265  0.503853  0.548419  0.796305  0.541984  0.725923  0.502984  0.501114  0.582565  0.344739  0.295501  0.714188  0.364818  0.396833  0.822974  0.524688  0.502977  0.523250  0.743966  0.473132  0.308185  0.603695  0.349788  0.420840  0.557703  0.566949  0.393597  0.825709  0.580739  0.472317  0.567184  0.582209  0.494177  0.421543  0.454831  0.392397  0.581459  0.468943  0.661380  0.500175  0.460185  0.743469 
13  0.611621  0.631602  0.522109  0.597199  0.601208  0.561060  0.680661  0.667096  0.553660  0.711236  0.700846  0.540900  0.608966 0.0  0.538351  0.704648  0.483415  0.650117  0.611360  0.746679  0.524668  0.599438  0.596730  0.551673  0.545284  0.556696  0.617187  0.628788  0.680651  0.614266  0.538780  0.622798  0.633106  0.578063  0.543048  0.578669  0.537368  0.643629  0.626739  0.761757  0.582609  0.584925  0.615944  0.582447  0.614023  0.583009  0.630101  0.646426  0.600600  0.803984  0.682415  0.656130  0.630983  0.625760  0.535763  0.595343  0.604863  0.586749  0.692704  0.584248  0.613223  0.554909  0.553743  0.572747  0.724728  0.587532  0.589655  0.541276  0.583659  0.603739  0.637583  0.693465  0.597855 
14  0.445914  0.527783  0.531970  0.425993  0.500911  0.473519  0.766731  0.713185  0.550861  0.826225  0.627330  0.562060  0.427421  0.538351 0.0  0.401373  0.839612  0.449946  0.516900  0.467244  0.531178  0.361705  0.489377  0.398902  0.462369  0.399352  0.457839  0.624112  0.476464  0.579726  0.807128  0.631229  0.527823  0.439594  0.751720  0.590849  0.908854  0.433529  0.494953  0.541397  0.438032  0.457339  0.578800  0.551687  0.430249  0.825222  0.515380  0.553928  0.560947  0.775169  0.435492  0.475718  0.595426  0.508092  0.493525  0.440941  0.539604  0.491484  0.835083  0.542535  0.527007  0.510999  0.413776  0.456291  0.492855  0.382044  0.465853  0.493774  0.553550  0.489464  0.559418  0.449056  0.751659 
15  0.457197  0.521327  0.518630  0.583771  0.551603  0.447520  0.816064  0.689807  0.518426  0.733608  0.527624  0.507149  0.333647  0.704648  0.401373 0.0  0.686495  0.495052  0.496672  0.531208  0.315873  0.486739  0.370832  0.426548  0.400671  0.392457  0.519052  0.554914  0.414644  0.606967  0.735799  0.784231  0.568509  0.556491  0.818864  0.697077  0.807717  0.454042  0.503948  0.582360  0.504624  0.468219  0.652818  0.602464  0.372656  0.846481  0.513968  0.536577  0.461912  0.771993  0.445851  0.362598  0.558752  0.525713  0.449759  0.495052  0.464945  0.427293  0.856470  0.508890  0.426301  0.556660  0.560844  0.639663  0.471855  0.462969  0.417966  0.433190  0.477305  0.669380  0.481651  0.421220  0.753147 
16  0.752088  0.661383  0.821222  0.785771  0.786884  0.804349  0.624344  0.676665  0.803964  0.769261  0.885973  0.775569  0.734187  0.483415  0.839612  0.686495 0.0  0.785712  0.793827  0.819773  0.793628  0.813932  0.732078  0.802184  0.837746  0.870910  0.778393  0.730795  0.891182  0.791206  0.726591  0.872212  0.786490  0.694004  0.574736  0.714154  0.488429  0.822606  0.761585  0.747441  0.840987  0.846925  0.656931  0.832622  0.820727  0.653186  0.770735  0.822752  0.788955  0.756316  0.769982  0.845916  0.810859  0.838561  0.723211  0.769319  0.793913  0.797047  0.419727  0.798323  0.823362  0.857298  0.864077  0.838621  0.809673  0.713351  0.789559  0.758430  0.740504  0.733457  0.764749  0.799491  0.867455 
17  0.411508  0.578829  0.515582  0.616786  0.552727  0.445592  0.756227  0.624405  0.599766  0.733996  0.615175  0.527966  0.393702  0.650117  0.449946  0.495052  0.785712 0.0  0.561844  0.547993  0.433411  0.540333  0.419463  0.472483  0.516211  0.485179  0.541785  0.518740  0.427661  0.633287  0.781196  0.636539  0.503256  0.603448  0.805482  0.607219  0.703567  0.402490  0.503347  0.488329  0.338659  0.533000  0.602507  0.588356  0.400167  0.805630  0.603234  0.503025  0.513867  0.837424  0.474180  0.382692  0.490656  0.584700  0.277666  0.519406  0.503686  0.437766  0.905740  0.612908  0.512366  0.439947  0.497496  0.432614  0.516273  0.380406  0.429009  0.639841  0.542214  0.556266  0.514170  0.406497  0.676545 
18  0.465624  0.556980  0.555334  0.463955  0.449563  0.399617  0.765471  0.707387  0.478732  0.768439  0.586238  0.610959  0.583907  0.611360  0.516900  0.496672  0.793827  0.561844 0.0  0.487541  0.476895  0.507631  0.410045  0.477123  0.610857  0.500520  0.438427  0.585568  0.488043  0.695502  0.778663  0.711020  0.365266  0.382755  0.749906  0.453238  0.915129  0.446694  0.522016  0.445604  0.524911  0.523839  0.554867  0.434201  0.609607  0.858921  0.523172  0.489212  0.455150  0.804104  0.541582  0.582994  0.450854  0.485992  0.485696  0.455228  0.370818  0.545370  0.774463  0.528678  0.316058  0.417263  0.380890  0.438732  0.503115  0.425963  0.469196  0.480822  0.427576  0.550109  0.400191  0.567944  0.692183 
19  0.641936  0.586303  0.512606  0.604922  0.491562  0.551910  0.817443  0.737215  0.644942  0.752657  0.570217  0.450779  0.550747  0.746679  0.467244  0.531208  0.819773  0.547993  0.487541 0.0  0.691196  0.526725  0.633224  0.493773  0.574898  0.619484  0.628927  0.568110  0.566233  0.639298  0.772316  0.815069  0.574368  0.623241  0.775515  0.623573  0.814972  0.622586  0.487830  0.564028  0.601751  0.556240  0.640139  0.574276  0.590850  0.773097  0.571183  0.587694  0.642562  0.796265  0.508230  0.504910  0.571675  0.603351  0.519932  0.569558  0.637622  0.587008  0.939212  0.532509  0.511234  0.526367  0.517992  0.496496  0.628979  0.552345  0.595227  0.620394  0.468335  0.290300  0.585796  0.536439  0.665701 
20  0.403471  0.552660  0.512865  0.491694  0.396119  0.472134  0.765140  0.662668  0.556338  0.859094  0.545453  0.547163  0.532331  0.524668  0.531178  0.315873  0.793628  0.433411  0.476895  0.691196 0.0  0.314350  0.347241  0.504837  0.454200  0.353164  0.429025  0.592089  0.370075  0.621314  0.763429  0.710396  0.459755  0.431672  0.702857  0.576468  0.871226  0.418519  0.510686  0.502232  0.371828  0.438713  0.488158  0.478238  0.316158  0.826138  0.425774  0.471788  0.516410  0.708706  0.361380  0.435768  0.489198  0.470236  0.385851  0.534091  0.513301  0.450863  0.801846  0.442536  0.538627  0.441956  0.553795  0.368453  0.412129  0.383488  0.436728  0.476723  0.478827  0.578016  0.538199  0.390040  0.665808 
21  0.535993  0.542828  0.520867  0.537412  0.511046  0.341154  0.758493  0.785695  0.524477  0.769342  0.632547  0.576887  0.502354  0.599438  0.361705  0.486739  0.813932  0.540333  0.507631  0.526725  0.314350 0.0  0.307939  0.380376  0.522796  0.412667  0.562640  0.570916  0.358647  0.673962  0.694910  0.701883  0.441538  0.531234  0.696786  0.508644  0.696659  0.451489  0.558714  0.579662  0.420679  0.400055  0.652380  0.552412  0.441595  0.821598  0.574358  0.484817  0.519093  0.795195  0.448456  0.453974  0.434559  0.510849  0.511585  0.609891  0.387373  0.376594  0.730853  0.487333  0.478106  0.456271  0.514698  0.520690  0.549189  0.429309  0.371585  0.491773  0.511707  0.594666  0.484660  0.417114  0.719866 
22  0.377386  0.442013  0.517901  0.574126  0.523651  0.477700  0.874441  0.658797  0.515728  0.794830  0.559683  0.437363  0.407629  0.596730  0.489377  0.370832  0.732078  0.419463  0.410045  0.633224  0.347241  0.307939 0.0  0.437329  0.487443  0.432167  0.539182  0.714720  0.417145  0.641750  0.795399  0.738826  0.530936  0.525214  0.737904  0.519923  0.800313  0.320397  0.438595  0.548004  0.366292  0.420098  0.558147  0.497790  0.401786  0.758203  0.603319  0.525956  0.597783  0.679186  0.458704  0.476963  0.517905  0.494048  0.416746  0.506481  0.502622  0.510011  0.736645  0.594483  0.533157  0.464202  0.422043  0.585560  0.579704  0.417271  0.424191  0.507291  0.576504  0.502343  0.530653  0.518026  0.716685 
23  0.465009  0.605731  0.533011  0.604818  0.450728  0.412303  0.769519  0.743454  0.448893  0.843334  0.522275  0.477540  0.378848  0.551673  0.398902  0.426548  0.802184  0.472483  0.477123  0.493773  0.504837  0.380376  0.437329 0.0  0.481997  0.480005  0.501282  0.662892  0.466621  0.542534  0.806471  0.706678  0.456729  0.550421  0.720629  0.576977  0.911753  0.462195  0.459709  0.520748  0.423309  0.493589  0.550467  0.488977  0.438359  0.907196  0.600054  0.571455  0.448063  0.799146  0.455161  0.416577  0.458229  0.580420  0.486036  0.542722  0.494159  0.485516  0.847153  0.555130  0.541351  0.500670  0.494969  0.569728  0.539744  0.317980  0.430267  0.599221  0.541187  0.570108  0.450870  0.373644  0.662599 
24  0.361602  0.465313  0.555704  0.513300  0.431133  0.440937  0.741868  0.637191  0.443695  0.817217  0.643400  0.630085  0.495857  0.545284  0.462369  0.400671  0.837746  0.516211  0.610857  0.574898  0.454200  0.522796  0.487443  0.481997 0.0  0.548619  0.454555  0.584183  0.450554  0.593300  0.796289  0.674743  0.521357  0.612509  0.748644  0.478383  0.839761  0.398381  0.509217  0.576899  0.426095  0.436699  0.556473  0.514920  0.385435  0.863481  0.585258  0.530113  0.563395  0.654408  0.468636  0.399931  0.563209  0.487156  0.400462  0.541207  0.503293  0.424087  0.748374  0.553911  0.597127  0.476234  0.499741  0.525035  0.475992  0.431030  0.393937  0.524704  0.601847  0.751630  0.451447  0.467814  0.669336 
25  0.460824  0.514427  0.518545  0.447457  0.588223  0.488765  0.799490  0.726526  0.601971  0.735241  0.476311  0.528185  0.454632  0.556696  0.399352  0.392457  0.870910  0.485179  0.500520  0.619484  0.353164  0.412667  0.432167  0.480005  0.548619 0.0  0.504823  0.695981  0.461106  0.580159  0.764524  0.731736  0.528961  0.477526  0.772706  0.441299  0.836569  0.495323  0.579137  0.541079  0.475216  0.378792  0.538690  0.481320  0.496317  0.871115  0.548028  0.580467  0.469627  0.717458  0.392526  0.433986  0.534156  0.442632  0.388180  0.639590  0.462317  0.446338  0.886491  0.438354  0.561646  0.471049  0.487816  0.563591  0.597977  0.377707  0.478893  0.519579  0.463114  0.551763  0.582485  0.437907  0.674416 
26  0.514087  0.589175  0.479320  0.394789  0.416132  0.489129  0.725944  0.727101  0.541459  0.848920  0.569842  0.605819  0.396209  0.617187  0.457839  0.519052  0.778393  0.541785  0.438427  0.628927  0.429025  0.562640  0.539182  0.501282  0.454555  0.504823 0.0  0.668960  0.551149  0.664691  0.834248  0.661276  0.435687  0.464508  0.781471  0.497202  0.824445  0.483033  0.545240  0.527140  0.522158  0.447909  0.593050  0.423730  0.566816  0.815250  0.387465  0.448343  0.419180  0.760365  0.642081  0.448692  0.524618  0.507213  0.522624  0.489988  0.474223  0.518635  0.901309  0.444512  0.520989  0.421449  0.377477  0.515883  0.454676  0.458176  0.395155  0.467974  0.433872  0.650649  0.570962  0.486066  0.748031 
27  0.557914  0.481226  0.630618  0.592534  0.491832  0.699217  0.739064  0.645262  0.542070  0.747616  0.354979  0.633882  0.554522  0.628788  0.624112  0.554914  0.730795  0.518740  0.585568  0.568110  0.592089  0.570916  0.714720  0.662892  0.584183  0.695981  0.668960 0.0  0.593618  0.383881  0.725300  0.543185  0.587717  0.599371  0.711846  0.561103  0.789312  0.615022  0.564989  0.574672  0.577637  0.582612  0.545157  0.512230  0.612350  0.718497  0.621228  0.624487  0.550687  0.769017  0.644158  0.606136  0.577499  0.463687  0.587429  0.582751  0.585045  0.654791  0.835183  0.569776  0.569806  0.509997  0.551980  0.677842  0.582777  0.609445  0.579173  0.588576  0.631587  0.546112  0.583459  0.557525  0.546130 
28  0.387648  0.587764  0.498980  0.516250  0.489217  0.444408  0.721659  0.624325  0.563276  0.839828  0.521942  0.506398  0.362155  0.680651  0.476464  0.414644  0.891182  0.427661  0.488043  0.566233  0.370075  0.358647  0.417145  0.466621  0.450554  0.461106  0.551149  0.593618 0.0  0.604936  0.770751  0.675589  0.489284  0.514307  0.828073  0.428684  0.879752  0.425171  0.534516  0.475671  0.581320  0.413144  0.499172  0.564366  0.401763  0.818476  0.484275  0.497229  0.533348  0.779827  0.517770  0.419320  0.533720  0.497769  0.415349  0.601349  0.498200  0.481070  0.818929  0.517104  0.586581  0.563709  0.506629  0.579635  0.568598  0.341631  0.480779  0.490004  0.484005  0.500189  0.563159  0.428616  0.758751 
29  0.603559  0.563024  0.566010  0.585445  0.765112  0.646837  0.901837  0.621691  0.603410  0.851472  0.586240  0.719631  0.553495  0.614266  0.579726  0.606967  0.791206  0.633287  0.695502  0.639298  0.621314  0.673962  0.641750  0.542534  0.593300  0.580159  0.664691  0.383881  0.604936 0.0  0.788766  0.654643  0.494974  0.676434  0.789078  0.581694  0.808517  0.599487  0.571811  0.540213  0.635260  0.611290  0.554372  0.522234  0.634824  0.854838  0.613960  0.544887  0.620862  0.758627  0.601949  0.793926  0.575608  0.564147  0.675518  0.662043  0.525867  0.661236  0.843312  0.617750  0.608284  0.542582  0.673903  0.712507  0.721382  0.659595  0.661402  0.594472  0.596577  0.677034  0.652183  0.607942  0.663847 
30  0.703413  0.686060  0.657753  0.717462  0.837002  0.839411  0.748020  0.782706  0.848564  0.756738  0.697852  0.843611  0.745563  0.538780  0.807128  0.735799  0.726591  0.781196  0.778663  0.772316  0.763429  0.694910  0.795399  0.806471  0.796289  0.764524  0.834248  0.725300  0.770751  0.788766 0.0  0.763847  0.784246  0.738710  0.831132  0.769577  0.707517  0.751760  0.779631  0.824571  0.852580  0.731490  0.787613  0.692289  0.743550  0.780621  0.703305  0.878671  0.759484  0.716599  0.763983  0.755950  0.817054  0.787835  0.725828  0.748864  0.764678  0.790081  0.788734  0.775249  0.819294  0.789348  0.788325  0.597520  0.731688  0.791586  0.744766  0.780414  0.837576  0.743409  0.662960  0.773176  0.807621 
31  0.828295  0.489640  0.787928  0.763739  0.694899  0.640281  0.855065  0.662066  0.706537  0.765416  0.451346  0.691867  0.735265  0.622798  0.631229  0.784231  0.872212  0.636539  0.711020  0.815069  0.710396  0.701883  0.738826  0.706678  0.674743  0.731736  0.661276  0.543185  0.675589  0.654643  0.763847 0.0  0.703859  0.599222  0.722160  0.662130  0.752395  0.651285  0.450554  0.760620  0.716830  0.803339  0.523663  0.590689  0.615065  0.740176  0.745794  0.773178  0.744351  0.793803  0.741515  0.627192  0.705278  0.710883  0.684440  0.726289  0.690432  0.606446  0.863367  0.672558  0.637363  0.591143  0.727444  0.629928  0.714407  0.540341  0.739301  0.743726  0.762980  0.729544  0.664057  0.671322  0.364318 
32  0.465349  0.525140  0.458505  0.403170  0.291996  0.611547  0.749099  0.762534  0.404550  0.740985  0.517830  0.472624  0.503853  0.633106  0.527823  0.568509  0.786490  0.503256  0.365266  0.574368  0.459755  0.441538  0.530936  0.456729  0.521357  0.528961  0.435687  0.587717  0.489284  0.494974  0.784246  0.703859 0.0  0.421371  0.714750  0.461005  0.879118  0.511056  0.569605  0.488167  0.457091  0.506771  0.613157  0.453676  0.571368  0.852753  0.399199  0.481396  0.423077  0.736738  0.489057  0.629097  0.473193  0.523569  0.488671  0.410861  0.344102  0.515148  0.743612  0.437520  0.545283  0.393993  0.479848  0.445698  0.560987  0.463585  0.514757  0.415696  0.466022  0.606064  0.450770  0.473675  0.674408 
33  0.545162  0.528210  0.416480  0.423972  0.502290  0.473693  0.667736  0.728793  0.330814  0.853303  0.553823  0.542037  0.548419  0.578063  0.439594  0.556491  0.694004  0.603448  0.382755  0.623241  0.431672  0.531234  0.525214  0.550421  0.612509  0.477526  0.464508  0.599371  0.514307  0.676434  0.738710  0.599222  0.421371 0.0  0.817657  0.399841  0.772944  0.546819  0.536812  0.623146  0.518341  0.444041  0.592735  0.426862  0.656663  0.776990  0.420928  0.477403  0.410864  0.724535  0.525097  0.627823  0.476569  0.481331  0.472619  0.430569  0.482344  0.416134  0.791535  0.508252  0.487474  0.441958  0.464132  0.427110  0.392533  0.453755  0.514502  0.400031  0.376758  0.532867  0.466088  0.521473  0.708145 
34  0.759009  0.731448  0.709491  0.773577  0.777163  0.751489  0.590972  0.686820  0.671803  0.669431  0.793324  0.762236  0.796305  0.543048  0.751720  0.818864  0.574736  0.805482  0.749906  0.775515  0.702857  0.696786  0.737904  0.720629  0.748644  0.772706  0.781471  0.711846  0.828073  0.789078  0.831132  0.722160  0.714750  0.817657 0.0  0.773031  0.522610  0.818471  0.706184  0.627707  0.726058  0.820742  0.739271  0.716704  0.671038  0.466695  0.516441  0.841765  0.803522  0.762782  0.801166  0.798559  0.814881  0.665354  0.739972  0.756279  0.756612  0.756185  0.692185  0.808594  0.666741  0.737495  0.789184  0.706845  0.778899  0.588533  0.655286  0.747459  0.681481  0.705695  0.755749  0.814226  0.760696 
35  0.587976  0.427315  0.461608  0.478354  0.417308  0.556658  0.764456  0.672597  0.424770  0.730845  0.595408  0.410708  0.541984  0.578669  0.590849  0.697077  0.714154  0.607219  0.453238  0.623573  0.576468  0.508644  0.519923  0.576977  0.478383  0.441299  0.497202  0.561103  0.428684  0.581694  0.769577  0.662130  0.461005  0.399841  0.773031 0.0  0.794911  0.499550  0.519825  0.498735  0.465922  0.573364  0.580333  0.436653  0.435361  0.870881  0.449965  0.422260  0.490153  0.718559  0.550786  0.595035  0.330139  0.440799  0.585598  0.454440  0.527111  0.485216  0.774644  0.401225  0.407659  0.443051  0.431735  0.505733  0.478205  0.313670  0.440431  0.448253  0.480823  0.619001  0.466936  0.462693  0.657983 
36  0.783687  0.683629  0.844635  0.780919  0.795113  0.786842  0.651293  0.730362  0.626140  0.826838  0.802856  0.835555  0.725923  0.537368  0.908854  0.807717  0.488429  0.703567  0.915129  0.814972  0.871226  0.696659  0.800313  0.911753  0.839761  0.836569  0.824445  0.789312  0.879752  0.808517  0.707517  0.752395  0.879118  0.772944  0.522610  0.794911 0.0  0.769274  0.773258  0.892103  0.796457  0.757825  0.732048  0.888989  0.739789  0.656633  0.871807  0.672442  0.729896  0.761939  0.840876  0.785345  0.841765  0.856924  0.776573  0.905343  0.741411  0.857433  0.480631  0.820928  0.884856  0.840406  0.777798  0.927919  0.830083  0.911701  0.868775  0.783036  0.821893  0.719892  0.750093  0.839877  0.841735 
37  0.491565  0.626480  0.615907  0.552117  0.491702  0.419371  0.781755  0.683478  0.534353  0.781347  0.592099  0.494590  0.502984  0.643629  0.433529  0.454042  0.822606  0.402490  0.446694  0.622586  0.418519  0.451489  0.320397  0.462195  0.398381  0.495323  0.483033  0.615022  0.425171  0.599487  0.751760  0.651285  0.511056  0.546819  0.818471  0.499550  0.769274 0.0  0.433596  0.469763  0.351019  0.356727  0.633415  0.525711  0.444937  0.792063  0.571144  0.474108  0.659630  0.739529  0.368255  0.490463  0.500991  0.471536  0.477915  0.502766  0.570659  0.378736  0.784224  0.521807  0.597859  0.515903  0.504577  0.466500  0.576674  0.393132  0.371407  0.518048  0.628614  0.611118  0.617393  0.444351  0.803474 
38  0.622260  0.386543  0.432639  0.432550  0.550044  0.599073  0.698477  0.675547  0.522411  0.701082  0.425691  0.601100  0.501114  0.626739  0.494953  0.503948  0.761585  0.503347  0.522016  0.487830  0.510686  0.558714  0.438595  0.459709  0.509217  0.579137  0.545240  0.564989  0.534516  0.571811  0.779631  0.450554  0.569605  0.536812  0.706184  0.519825  0.773258  0.433596 0.0  0.478179  0.563391  0.492169  0.524033  0.519858  0.490347  0.678001  0.461647  0.680124  0.620146  0.767259  0.577481  0.420303  0.499086  0.464005  0.588934  0.540367  0.563056  0.555095  0.741492  0.594667  0.499967  0.612563  0.557126  0.446903  0.519546  0.443468  0.529466  0.618485  0.608340  0.518939  0.522456  0.556667  0.436531 
39  0.494059  0.528465  0.537275  0.392736  0.498709  0.479962  0.811540  0.714206  0.623903  0.785774  0.595707  0.587625  0.582565  0.761757  0.541397  0.582360  0.747441  0.488329  0.445604  0.564028  0.502232  0.579662  0.548004  0.520748  0.576899  0.541079  0.527140  0.574672  0.475671  0.540213  0.824571  0.760620  0.488167  0.623146  0.627707  0.498735  0.892103  0.469763  0.478179 0.0  0.575991  0.551321  0.592175  0.661295  0.489802  0.906219  0.558594  0.555360  0.611977  0.761815  0.430185  0.479946  0.558538  0.461376  0.479349  0.395619  0.581592  0.435512  0.868925  0.548919  0.558918  0.464579  0.488656  0.572160  0.483882  0.467946  0.517122  0.505859  0.533594  0.489202  0.443162  0.529373  0.722495 
40  0.499343  0.502702  0.508303  0.528893  0.471771  0.464191  0.783688  0.642766  0.573622  0.780349  0.523852  0.583000  0.344739  0.582609  0.438032  0.504624  0.840987  0.338659  0.524911  0.601751  0.371828  0.420679  0.366292  0.423309  0.426095  0.475216  0.522158  0.577637  0.581320  0.635260  0.852580  0.716830  0.457091  0.518341  0.726058  0.465922  0.796457  0.351019  0.563391  0.575991 0.0  0.444519  0.529199  0.503755  0.359596  0.746767  0.640490  0.516010  0.475181  0.849558  0.540509  0.418842  0.600591  0.426007  0.413873  0.513890  0.515000  0.479084  0.828888  0.519441  0.498884  0.476035  0.509356  0.454470  0.563718  0.465098  0.411526  0.492118  0.620011  0.557441  0.446566  0.374721  0.708151 
41  0.481996  0.583816  0.541625  0.611088  0.573816  0.293814  0.779346  0.654911  0.517650  0.841670  0.558764  0.552241  0.295501  0.584925  0.457339  0.468219  0.846925  0.533000  0.523839  0.556240  0.438713  0.400055  0.420098  0.493589  0.436699  0.378792  0.447909  0.582612  0.413144  0.611290  0.731490  0.803339  0.506771  0.444041  0.820742  0.573364  0.757825  0.356727  0.492169  0.551321  0.444519 0.0  0.572026  0.442835  0.453410  0.779940  0.576411  0.511490  0.497535  0.693862  0.392499  0.473762  0.495901  0.394770  0.488872  0.601446  0.586390  0.458348  0.755704  0.448927  0.500930  0.641481  0.469134  0.606766  0.566068  0.367919  0.503963  0.410186  0.497651  0.613235  0.483997  0.372154  0.655013 
42  0.609301  0.515526  0.546995  0.568004  0.472901  0.655010  0.702729  0.653029  0.510528  0.738150  0.612253  0.546985  0.714188  0.615944  0.578800  0.652818  0.656931  0.602507  0.554867  0.640139  0.488158  0.652380  0.558147  0.550467  0.556473  0.538690  0.593050  0.545157  0.499172  0.554372  0.787613  0.523663  0.613157  0.592735  0.739271  0.580333  0.732048  0.633415  0.524033  0.592175  0.529199  0.572026 0.0  0.588718  0.646397  0.779683  0.590114  0.722420  0.587810  0.919735  0.641099  0.521252  0.525812  0.621830  0.602488  0.590388  0.556075  0.633237  0.772787  0.568763  0.596209  0.596555  0.461282  0.566867  0.578118  0.522000  0.557630  0.513919  0.594011  0.553563  0.584002  0.451156  0.443915 
43  0.588442  0.446288  0.318404  0.401500  0.404227  0.609025  0.748719  0.733812  0.461178  0.700973  0.471293  0.501725  0.364818  0.582447  0.551687  0.602464  0.832622  0.588356  0.434201  0.574276  0.478238  0.552412  0.497790  0.488977  0.514920  0.481320  0.423730  0.512230  0.564366  0.522234  0.692289  0.590689  0.453676  0.426862  0.716704  0.436653  0.888989  0.525711  0.519858  0.661295  0.503755  0.442835  0.588718 0.0  0.473931  0.772902  0.476904  0.482032  0.491553  0.834524  0.544254  0.510875  0.434301  0.572994  0.514373  0.431535  0.454008  0.495770  0.837782  0.454391  0.422715  0.356234  0.518958  0.361922  0.421884  0.490605  0.548707  0.437483  0.377744  0.444257  0.393244  0.577147  0.821015 
44  0.409344  0.493542  0.462841  0.547574  0.526476  0.510334  0.813313  0.632611  0.488464  0.821345  0.637188  0.644903  0.396833  0.614023  0.430249  0.372656  0.820727  0.400167  0.609607  0.590850  0.316158  0.441595  0.401786  0.438359  0.385435  0.496317  0.566816  0.612350  0.401763  0.634824  0.743550  0.615065  0.571368  0.656663  0.671038  0.435361  0.739789  0.444937  0.490347  0.489802  0.359596  0.453410  0.646397  0.473931 0.0  0.781931  0.588893  0.452620  0.473327  0.865443  0.368698  0.515946  0.496344  0.491074  0.368030  0.518040  0.611383  0.513612  0.821024  0.486393  0.585467  0.497772  0.524741  0.495112  0.612655  0.344079  0.429481  0.453546  0.624936  0.562356  0.500457  0.322798  0.681351 
45  0.791321  0.709253  0.726349  0.887947  0.816630  0.800600  0.630105  0.726363  0.829419  0.836874  0.787383  0.867755  0.822974  0.583009  0.825222  0.846481  0.653186  0.805630  0.858921  0.773097  0.826138  0.821598  0.758203  0.907196  0.863481  0.871115  0.815250  0.718497  0.818476  0.854838  0.780621  0.740176  0.852753  0.776990  0.466695  0.870881  0.656633  0.792063  0.678001  0.906219  0.746767  0.779940  0.779683  0.772902  0.781931 0.0  0.767209  0.787860  0.765459  0.794108  0.769966  0.832546  0.868910  0.720056  0.821569  0.763518  0.811966  0.840971  0.561913  0.837685  0.893321  0.787233  0.801350  0.809983  0.828186  0.753149  0.784304  0.888683  0.811330  0.779255  0.790277  0.695466  0.713995 
46  0.577683  0.510644  0.391546  0.472692  0.413181  0.447171  0.842214  0.691447  0.598062  0.769671  0.531973  0.597550  0.524688  0.630101  0.515380  0.513968  0.770735  0.603234  0.523172  0.571183  0.425774  0.574358  0.603319  0.600054  0.585258  0.548028  0.387465  0.621228  0.484275  0.613960  0.703305  0.745794  0.399199  0.420928  0.516441  0.449965  0.871807  0.571144  0.461647  0.558594  0.640490  0.576411  0.590114  0.476904  0.588893  0.767209 0.0  0.453444  0.425893  0.915859  0.520004  0.547821  0.474453  0.341871  0.493073  0.473299  0.471152  0.554787  0.765203  0.447564  0.484120  0.507444  0.463696  0.471917  0.479744  0.440137  0.535764  0.333538  0.399692  0.558234  0.475979  0.557662  0.572646 
47  0.473334  0.502484  0.410704  0.435405  0.381694  0.482399  0.709994  0.598116  0.392555  0.765984  0.569079  0.576252  0.502977  0.646426  0.553928  0.536577  0.822752  0.503025  0.489212  0.587694  0.471788  0.484817  0.525956  0.571455  0.530113  0.580467  0.448343  0.624487  0.497229  0.544887  0.878671  0.773178  0.481396  0.477403  0.841765  0.422260  0.672442  0.474108  0.680124  0.555360  0.516010  0.511490  0.722420  0.482032  0.452620  0.787860  0.453444 0.0  0.521285  0.807895  0.366823  0.492730  0.462961  0.528864  0.505748  0.394376  0.435974  0.443213  0.790192  0.411852  0.509961  0.347102  0.422792  0.540548  0.378376  0.335737  0.663694  0.508067  0.359985  0.540085  0.365646  0.481957  0.681787 
48  0.539464  0.563906  0.408393  0.385042  0.395641  0.515366  0.716715  0.683014  0.459011  0.779648  0.626506  0.576913  0.523250  0.600600  0.560947  0.461912  0.788955  0.513867  0.455150  0.642562  0.516410  0.519093  0.597783  0.448063  0.563395  0.469627  0.419180  0.550687  0.533348  0.620862  0.759484  0.744351  0.423077  0.410864  0.803522  0.490153  0.729896  0.659630  0.620146  0.611977  0.475181  0.497535  0.587810  0.491553  0.473327  0.765459  0.425893  0.521285 0.0  0.787591  0.556730  0.530804  0.471163  0.476502  0.568736  0.509051  0.358270  0.474262  0.839737  0.521037  0.550339  0.426850  0.433226  0.384392  0.479332  0.424431  0.537038  0.475231  0.468561  0.588307  0.452886  0.413908  0.700592 
49  0.795556  0.705504  0.762879  0.829983  0.812322  0.790634  0.762738  0.812306  0.811025  0.864623  0.745192  0.761894  0.743966  0.803984  0.775169  0.771993  0.756316  0.837424  0.804104  0.796265  0.708706  0.795195  0.679186  0.799146  0.654408  0.717458  0.760365  0.769017  0.779827  0.758627  0.716599  0.793803  0.736738  0.724535  0.762782  0.718559  0.761939  0.739529  0.767259  0.761815  0.849558  0.693862  0.919735  0.834524  0.865443  0.794108  0.915859  0.807895  0.787591 0.0  0.810716  0.772826  0.764434  0.974979  0.832997  0.916285  0.843103  0.757422  0.807071  0.799753  0.699528  0.699809  0.800449  0.786779  0.727625  0.831452  0.800548  0.838092  0.773783  0.855619  0.792744  0.714820  0.773410 
50  0.243787  0.544877  0.513971  0.529885  0.500108  0.387753  0.716637  0.717803  0.496388  0.861971  0.567433  0.619139  0.473132  0.682415  0.435492  0.445851  0.769982  0.474180  0.541582  0.508230  0.361380  0.448456  0.458704  0.455161  0.468636  0.392526  0.642081  0.644158  0.517770  0.601949  0.763983  0.741515  0.489057  0.525097  0.801166  0.550786  0.840876  0.368255  0.577481  0.430185  0.540509  0.392499  0.641099  0.544254  0.368698  0.769966  0.520004  0.366823  0.556730  0.810716 0.0  0.367564  0.467168  0.394140  0.331434  0.530406  0.540566  0.517493  0.888433  0.527107  0.616421  0.427551  0.480596  0.659335  0.524797  0.396589  0.389489  0.526227  0.587297  0.512200  0.497188  0.454457  0.743023 
51  0.471341  0.439743  0.489919  0.520053  0.499175  0.529617  0.741124  0.747973  0.512794  0.807751  0.531794  0.661985  0.308185  0.656130  0.475718  0.362598  0.845916  0.382692  0.582994  0.504910  0.435768  0.453974  0.476963  0.416577  0.399931  0.433986  0.448692  0.606136  0.419320  0.793926  0.755950  0.627192  0.629097  0.627823  0.798559  0.595035  0.785345  0.490463  0.420303  0.479946  0.418842  0.473762  0.521252  0.510875  0.515946  0.832546  0.547821  0.492730  0.530804  0.772826  0.367564 0.0  0.574670  0.594621  0.471206  0.607948  0.414005  0.578598  0.825024  0.554631  0.519164  0.582545  0.496377  0.542913  0.533574  0.431452  0.355349  0.450895  0.583696  0.593213  0.549567  0.365875  0.673691 
52  0.532829  0.440996  0.493546  0.441136  0.429424  0.494489  0.802364  0.763666  0.448669  0.836897  0.647672  0.455811  0.603695  0.630983  0.595426  0.558752  0.810859  0.490656  0.450854  0.571675  0.489198  0.434559  0.517905  0.458229  0.563209  0.534156  0.524618  0.577499  0.533720  0.575608  0.817054  0.705278  0.473193  0.476569  0.814881  0.330139  0.841765  0.500991  0.499086  0.558538  0.600591  0.495901  0.525812  0.434301  0.496344  0.868910  0.474453  0.462961  0.471163  0.764434  0.467168  0.574670 0.0  0.486782  0.513460  0.488363  0.449447  0.433770  0.828806  0.451659  0.411068  0.456158  0.401038  0.585556  0.482758  0.384477  0.614379  0.281968  0.560922  0.552395  0.500503  0.584042  0.617027 
53  0.475923  0.489873  0.495006  0.458352  0.466275  0.502264  0.720941  0.657772  0.445461  0.820575  0.657361  0.585342  0.349788  0.625760  0.508092  0.525713  0.838561  0.584700  0.485992  0.603351  0.470236  0.510849  0.494048  0.580420  0.487156  0.442632  0.507213  0.463687  0.497769  0.564147  0.787835  0.710883  0.523569  0.481331  0.665354  0.440799  0.856924  0.471536  0.464005  0.461376  0.426007  0.394770  0.621830  0.572994  0.491074  0.720056  0.341871  0.528864  0.476502  0.974979  0.394140  0.594621  0.486782 0.0  0.464547  0.409771  0.449125  0.468729  0.734790  0.469030  0.531965  0.581500  0.491020  0.478285  0.526802  0.482487  0.389643  0.487324  0.493593  0.606795  0.533988  0.548781  0.669643 
