73
0 0.0  0.774625  0.701957  0.804750  0.869006  0.830735  0.721357  0.850704  0.848442  0.819432  0.827867  0.823648  0.735656  0.820170  0.871707  0.805871  0.783789  0.840372  0.789818  0.819637  0.846489  0.720447  0.792466  0.810695  0.869602  0.852338  0.820523  0.717900  0.751118  0.776801  0.686478  0.762751  0.656148  0.777872  0.844384  0.863007  0.816432  0.867371  0.775561  0.615832  0.750070  0.951762  0.833503  0.568647  0.728215  0.847428  0.956282  0.804178  0.809597  0.818283  0.761380  0.819721  0.887462  0.949668  0.757746  0.899411  0.905746  0.876473  0.826959  0.823278  0.845537  0.774304  0.860903  0.912282  0.813978  0.725042  0.694946  0.756994  0.873124  0.814286  0.913413  0.816560  0.946894 
1  0.774625 0.0  0.719962  0.702667  0.856863  0.876775  0.870217  0.863523  0.782963  0.878127  0.845653  0.867787  0.817582  0.864998  0.754524  0.811000  0.868185  0.804320  0.917224  0.993363  0.731160  0.807174  0.790347  0.840937  0.984152  0.915566  0.848728  0.845749  0.814542  0.737500  0.907220  0.913121  0.744747  0.922379  0.797065  0.846851  0.920273  0.900708  0.906103  0.663953  0.930254  0.896249  0.923067  0.790366  0.890784  0.856676  0.690348  0.876211  0.923470  0.854975  0.735543  0.864290  0.911451  0.559857  0.868436  0.850156  0.853699  0.884363  0.796130  0.836415  0.867473  0.905616  0.875418  0.920332  0.855686  0.831883  0.921007  0.927858  0.838653  0.825442  0.845687  0.852779  0.754881 
2  0.701957  0.719962 0.0  0.391078  0.536463  0.518713  0.696924  0.511615  0.612067  0.431907  0.735522  0.571055  0.649661  0.440232  0.555032  0.531071  0.557528  0.501501  0.692149  0.529481  0.574992  0.662129  0.538260  0.460598  0.451956  0.437087  0.527316  0.570638  0.588693  0.749255  0.603894  0.602073  0.625499  0.585774  0.576837  0.495793  0.528797  0.474501  0.690101  0.567987  0.456902  0.514337  0.538935  0.732000  0.552056  0.596268  0.671605  0.768772  0.612284  0.536214  0.680912  0.504672  0.517391  0.822120  0.505679  0.776297  0.595464  0.550014  0.690560  0.515250  0.469948  0.536058  0.479421  0.496767  0.751486  0.635760  0.575416  0.475121  0.568178  0.704864  0.506227  0.750378  0.821023 
3  0.804750  0.702667  0.391078 0.0  0.529547  0.505635  0.527343  0.555704  0.558356  0.605658  0.764361  0.534643  0.504785  0.567786  0.529472  0.592358  0.568447  0.532993  0.589960  0.567678  0.518817  0.531152  0.405573  0.618136  0.553400  0.593776  0.582615  0.520902  0.606052  0.696460  0.481673  0.649203  0.604980  0.640965  0.589795  0.530774  0.443517  0.464217  0.777747  0.649635  0.601006  0.586073  0.589134  0.679077  0.646025  0.510499  0.582212  0.775562  0.477586  0.553972  0.564101  0.425756  0.612993  0.712129  0.561225  0.817612  0.498581  0.524268  0.660165  0.416040  0.478214  0.565222  0.497097  0.631081  0.759871  0.431922  0.555883  0.374286  0.494296  0.515085  0.487358  0.830384  0.813302 
4  0.869006  0.856863  0.536463  0.529547 0.0  0.480165  0.454301  0.653830  0.540300  0.428978  0.824969  0.591084  0.528294  0.570375  0.706467  0.390476  0.358236  0.481341  0.455277  0.419443  0.710378  0.396765  0.625010  0.495762  0.429993  0.476456  0.570443  0.451514  0.519241  0.928485  0.617331  0.411983  0.719857  0.482452  0.661083  0.407305  0.405006  0.328803  0.667260  0.620752  0.507033  0.520905  0.301341  0.664400  0.464654  0.548075  0.841722  0.935073  0.538806  0.602652  0.522634  0.506849  0.467783  0.884362  0.554977  0.869935  0.521919  0.638644  0.488698  0.486499  0.554927  0.541797  0.516171  0.663813  0.889432  0.643624  0.470600  0.358155  0.497560  0.519166  0.456140  0.662420  0.849796 
5  0.830735  0.876775  0.518713  0.505635  0.480165 0.0  0.479157  0.634599  0.520900  0.458030  0.748388  0.568635  0.615242  0.573952  0.493000  0.551424  0.400237  0.488996  0.448239  0.266467  0.610627  0.455058  0.609422  0.499637  0.404522  0.589885  0.397570  0.449415  0.690741  0.811117  0.588800  0.486028  0.587523  0.641497  0.576717  0.441472  0.521131  0.461196  0.822831  0.635573  0.522701  0.601624  0.587333  0.728246  0.515303  0.485293  0.721134  0.762880  0.501486  0.518363  0.513399  0.483039  0.538220  0.902558  0.540909  0.793711  0.643708  0.663988  0.465114  0.420632  0.490002  0.434065  0.383201  0.629084  0.975510  0.576011  0.477037  0.499069  0.574770  0.489276  0.509063  0.827642  0.749453 
6  0.721357  0.870217  0.696924  0.527343  0.454301  0.479157 0.0  0.552029  0.392877  0.487854  0.745441  0.580033  0.554589  0.462627  0.509908  0.515345  0.497820  0.470365  0.522172  0.527538  0.664541  0.355030  0.550127  0.575846  0.557624  0.482920  0.506570  0.415953  0.481747  0.877264  0.550426  0.656865  0.606468  0.672352  0.577997  0.485583  0.465463  0.521217  0.859946  0.687541  0.506880  0.626529  0.478874  0.720381  0.556188  0.497641  0.820581  0.797814  0.586751  0.481011  0.468696  0.360437  0.510848  0.833109  0.573826  0.795630  0.474816  0.621960  0.510664  0.596280  0.539702  0.611664  0.434870  0.541615  0.915714  0.514109  0.483316  0.551360  0.605891  0.484562  0.364659  0.844325  0.800542 
7  0.850704  0.863523  0.511615  0.555704  0.653830  0.634599  0.552029 0.0  0.718528  0.695470  0.801357  0.472193  0.710488  0.673459  0.654030  0.686033  0.648297  0.670335  0.579964  0.584660  0.368967  0.584690  0.452008  0.717188  0.593374  0.564931  0.737482  0.686156  0.632986  0.881038  0.572443  0.588112  0.681489  0.591645  0.493049  0.659373  0.578922  0.582833  0.710818  0.611533  0.705594  0.573979  0.646949  0.748873  0.541805  0.649227  0.861573  0.843271  0.631746  0.564408  0.557168  0.623742  0.645229  0.801874  0.561382  0.833386  0.543305  0.655509  0.622491  0.562042  0.632520  0.661548  0.631714  0.569560  0.773752  0.594346  0.713718  0.508369  0.643958  0.585928  0.537965  0.938202  0.902222 
8  0.848442  0.782963  0.612067  0.558356  0.540300  0.520900  0.392877  0.718528 0.0  0.484748  0.883640  0.577131  0.510879  0.533459  0.516631  0.515399  0.496162  0.393092  0.584369  0.439991  0.601298  0.525460  0.597786  0.437956  0.500201  0.548351  0.473852  0.461065  0.650603  0.937423  0.497129  0.467156  0.615421  0.455026  0.642421  0.433270  0.446816  0.504677  0.810965  0.623746  0.472598  0.408109  0.427433  0.741448  0.572764  0.404611  0.743298  0.904907  0.487288  0.444229  0.455150  0.339148  0.433912  0.882827  0.468704  0.889342  0.542524  0.674179  0.503500  0.508543  0.599000  0.572925  0.462396  0.576206  0.982843  0.565528  0.465915  0.450444  0.558394  0.633417  0.473238  0.858595  0.752220 
9  0.819432  0.878127  0.431907  0.605658  0.428978  0.458030  0.487854  0.695470  0.484748 0.0  0.847093  0.506043  0.467568  0.423072  0.619311  0.490774  0.432582  0.546482  0.451185  0.378535  0.581212  0.499015  0.527244  0.530840  0.440554  0.319640  0.448505  0.406250  0.539360  0.833716  0.445111  0.479954  0.682603  0.442388  0.626249  0.465403  0.479209  0.432070  0.868240  0.564308  0.514162  0.435815  0.481570  0.717907  0.398994  0.379675  0.767376  0.859539  0.527851  0.499659  0.538253  0.503335  0.445319  0.797787  0.470418  0.711422  0.585725  0.574384  0.428237  0.577972  0.430817  0.517278  0.408991  0.599315  0.812409  0.537494  0.353720  0.517081  0.588298  0.415637  0.449279  0.792385  0.733379 
10  0.827867  0.845653  0.735522  0.764361  0.824969  0.748388  0.745441  0.801357  0.883640  0.847093 0.0  0.760080  0.945882  0.895583  0.866596  0.831430  0.861558  0.934999  0.953020  0.838045  0.798509  0.903843  0.797692  0.934250  0.867312  0.825946  0.831794  0.748001  0.664923  0.805345  0.893540  0.802263  0.603538  0.789095  0.781562  0.924387  0.916816  0.890012  0.864995  0.620207  0.806491  0.726085  0.779912  0.795576  0.742578  0.809737  0.800857  0.715605  0.799677  0.840613  0.841602  0.895182  0.777129  0.828377  0.842034  0.895787  0.803466  0.829019  0.829780  0.765276  0.775187  0.861811  0.892675  0.779970  0.876047  0.767372  0.856329  0.823133  0.741899  0.812833  0.710025  0.777348  0.820826 
11  0.823648  0.867787  0.571055  0.534643  0.591084  0.568635  0.580033  0.472193  0.577131  0.506043  0.760080 0.0  0.529059  0.491549  0.734313  0.473077  0.565239  0.580409  0.541722  0.595334  0.599211  0.592500  0.480126  0.612308  0.515224  0.461334  0.437868  0.540048  0.426967  0.822219  0.532042  0.613318  0.670490  0.521346  0.679302  0.600154  0.536956  0.594871  0.858963  0.622004  0.547369  0.481065  0.588432  0.742704  0.631390  0.595885  0.813613  0.941616  0.469547  0.347299  0.544382  0.606275  0.561718  0.739431  0.530435  0.804408  0.396880  0.539639  0.512794  0.532381  0.534913  0.517802  0.521921  0.599779  0.881649  0.526203  0.644156  0.568133  0.456207  0.530637  0.562492  0.833213  0.892488 
12  0.735656  0.817582  0.649661  0.504785  0.528294  0.615242  0.554589  0.710488  0.510879  0.467568  0.945882  0.529059 0.0  0.553653  0.632210  0.572212  0.535731  0.498406  0.477083  0.584378  0.572473  0.623990  0.587711  0.431440  0.567600  0.432929  0.527619  0.580369  0.470257  0.821098  0.452586  0.551639  0.644930  0.541201  0.657510  0.576428  0.513010  0.522350  0.794353  0.652840  0.507011  0.456149  0.600740  0.762946  0.409870  0.541473  0.733494  0.795493  0.604937  0.474941  0.572749  0.453205  0.578095  0.930021  0.436163  0.851621  0.415145  0.517662  0.578806  0.637731  0.508309  0.454841  0.479462  0.675871  0.917587  0.394825  0.575924  0.567205  0.480897  0.488426  0.599101  0.853991  0.858611 
13  0.820170  0.864998  0.440232  0.567786  0.570375  0.573952  0.462627  0.673459  0.533459  0.423072  0.895583  0.491549  0.553653 0.0  0.592431  0.553001  0.509256  0.342249  0.555410  0.466930  0.710597  0.521479  0.494990  0.540418  0.474122  0.570084  0.460828  0.565945  0.541238  0.822144  0.637348  0.469868  0.673423  0.493446  0.629005  0.573265  0.484757  0.534058  0.795506  0.613188  0.547132  0.715449  0.365269  0.630161  0.562275  0.495428  0.820913  0.881729  0.579525  0.519322  0.477375  0.548860  0.456379  0.760264  0.447917  0.826619  0.445423  0.591793  0.643622  0.561853  0.506448  0.585533  0.499674  0.642778  0.843175  0.527027  0.457986  0.464555  0.572385  0.642757  0.463867  0.754292  0.830047 
14  0.871707  0.754524  0.555032  0.529472  0.706467  0.493000  0.509908  0.654030  0.516631  0.619311  0.866596  0.734313  0.632210  0.592431 0.0  0.688914  0.590079  0.681986  0.590457  0.595601  0.481417  0.734702  0.526558  0.549214  0.644572  0.679706  0.610837  0.584349  0.508231  0.826448  0.671308  0.623214  0.675070  0.537592  0.575073  0.735549  0.649483  0.648728  0.861663  0.676200  0.560978  0.514783  0.579230  0.697202  0.563335  0.664614  0.831485  0.884606  0.610519  0.574727  0.644964  0.641536  0.625006  0.788336  0.617852  0.844122  0.647664  0.634948  0.587159  0.552589  0.569291  0.572496  0.534177  0.715326  0.746431  0.589642  0.599748  0.710241  0.490785  0.662504  0.651581  0.826780  0.786712 
15  0.805871  0.811000  0.531071  0.592358  0.390476  0.551424  0.515345  0.686033  0.515399  0.490774  0.831430  0.473077  0.572212  0.553001  0.688914 0.0  0.462655  0.520039  0.640001  0.324538  0.629535  0.502221  0.551402  0.492243  0.446063  0.455664  0.502862  0.388465  0.585298  0.900654  0.620223  0.449438  0.607831  0.483456  0.626533  0.566890  0.573918  0.302860  0.683470  0.582713  0.568893  0.572617  0.473307  0.705162  0.516264  0.503451  0.854086  0.813858  0.618942  0.570324  0.513808  0.553233  0.494360  0.832991  0.520086  0.765346  0.551949  0.648040  0.396442  0.493623  0.493145  0.629124  0.401897  0.595214  0.902838  0.504302  0.477317  0.416545  0.573818  0.503592  0.438083  0.937836  0.750411 
16  0.783789  0.868185  0.557528  0.568447  0.358236  0.400237  0.497820  0.648297  0.496162  0.432582  0.861558  0.565239  0.535731  0.509256  0.590079  0.462655 0.0  0.454524  0.645727  0.456447  0.603659  0.419855  0.528520  0.501425  0.396942  0.410455  0.497425  0.442201  0.504153  0.882318  0.655979  0.498399  0.597706  0.581732  0.645598  0.381285  0.544919  0.392975  0.877540  0.644736  0.492533  0.490123  0.357448  0.758181  0.574943  0.560305  0.749119  0.829839  0.612826  0.577509  0.434656  0.519901  0.455332  0.784844  0.542685  0.797487  0.558562  0.711336  0.440535  0.533430  0.583494  0.524483  0.543017  0.539339  0.943628  0.630757  0.524971  0.384913  0.607888  0.582954  0.508751  0.903200  0.802718 
17  0.840372  0.804320  0.501501  0.532993  0.481341  0.488996  0.470365  0.670335  0.393092  0.546482  0.934999  0.580409  0.498406  0.342249  0.681986  0.520039  0.454524 0.0  0.569148  0.488222  0.669562  0.478780  0.491973  0.623254  0.416559  0.593536  0.396022  0.479004  0.559761  0.776352  0.506433  0.533385  0.722029  0.545341  0.636619  0.556199  0.522838  0.391195  0.817015  0.678654  0.623782  0.508894  0.391143  0.717865  0.552334  0.551115  0.796679  0.955044  0.510171  0.496890  0.468163  0.439865  0.408594  0.737947  0.524607  0.897181  0.580174  0.577936  0.403202  0.574488  0.557080  0.536355  0.401168  0.594123  0.916472  0.526666  0.473800  0.425812  0.574151  0.670770  0.408353  0.816359  0.749032 
18  0.789818  0.917224  0.692149  0.589960  0.455277  0.448239  0.522172  0.579964  0.584369  0.451185  0.953020  0.541722  0.477083  0.555410  0.590457  0.640001  0.645727  0.569148 0.0  0.503858  0.634488  0.482697  0.559782  0.476040  0.496661  0.448508  0.548033  0.587008  0.453526  0.937926  0.516000  0.533742  0.605794  0.371526  0.719715  0.535259  0.585665  0.554324  0.819632  0.682944  0.444155  0.476985  0.546432  0.660693  0.454391  0.557303  0.707675  0.922334  0.484597  0.267533  0.663784  0.481649  0.613975  0.922920  0.499356  0.810155  0.506746  0.521416  0.611428  0.607545  0.551555  0.513546  0.563820  0.455339  0.875194  0.510238  0.622313  0.637808  0.404508  0.573431  0.512311  0.960909  0.752581 
19  0.819637  0.993363  0.529481  0.567678  0.419443  0.266467  0.527538  0.584660  0.439991  0.378535  0.838045  0.595334  0.584378  0.466930  0.595601  0.324538  0.456447  0.488222  0.503858 0.0  0.500126  0.460263  0.452918  0.539398  0.534130  0.416051  0.528988  0.401244  0.611629  0.872515  0.603782  0.385886  0.669303  0.537795  0.636315  0.489000  0.405624  0.543804  0.783436  0.692097  0.597923  0.609815  0.338627  0.833245  0.466163  0.452967  0.715934  0.860818  0.614873  0.565876  0.451256  0.509787  0.535221  0.911114  0.414226  0.790790  0.523293  0.618835  0.475441  0.705338  0.536870  0.538234  0.484836  0.502468  0.869391  0.594309  0.520521  0.445435  0.532058  0.393920  0.411724  0.807768  0.799411 
20  0.846489  0.731160  0.574992  0.518817  0.710378  0.610627  0.664541  0.368967  0.601298  0.581212  0.798509  0.599211  0.572473  0.710597  0.481417  0.629535  0.603659  0.669562  0.634488  0.500126 0.0  0.625509  0.573220  0.690191  0.526626  0.610589  0.614736  0.643187  0.664894  0.789212  0.632596  0.665940  0.649501  0.632586  0.515235  0.608200  0.697276  0.583756  0.853678  0.522119  0.673667  0.487380  0.517912  0.682475  0.548483  0.598877  0.751902  0.850013  0.568438  0.489642  0.670531  0.594274  0.687898  0.783280  0.625477  0.770244  0.677383  0.568025  0.632485  0.549692  0.619040  0.667097  0.625341  0.558141  0.768097  0.604328  0.618616  0.616938  0.642073  0.647370  0.514946  0.808786  0.712303 
21  0.720447  0.807174  0.662129  0.531152  0.396765  0.455058  0.355030  0.584690  0.525460  0.499015  0.903843  0.592500  0.623990  0.521479  0.734702  0.502221  0.419855  0.478780  0.482697  0.460263  0.625509 0.0  0.584958  0.594111  0.397523  0.545713  0.498892  0.509056  0.441739  0.855231  0.486991  0.410538  0.531894  0.625034  0.640653  0.473328  0.496149  0.335596  0.891203  0.607128  0.572321  0.549675  0.459610  0.717356  0.666927  0.432602  0.740359  0.769607  0.474581  0.526739  0.491321  0.537138  0.425982  0.704429  0.608439  0.845898  0.511761  0.584570  0.453936  0.483201  0.526288  0.515988  0.435165  0.631807  0.789669  0.526795  0.480412  0.334433  0.417075  0.458406  0.477249  0.862872  0.758049 
22  0.792466  0.790347  0.538260  0.405573  0.625010  0.609422  0.550127  0.452008  0.597786  0.527244  0.797692  0.480126  0.587711  0.494990  0.526558  0.551402  0.528520  0.491973  0.559782  0.452918  0.573220  0.584958 0.0  0.509172  0.478157  0.529210  0.593858  0.488662  0.602971  0.783554  0.660268  0.488735  0.691339  0.511471  0.544559  0.559765  0.526948  0.632908  0.689486  0.696840  0.488966  0.522714  0.600074  0.783952  0.654645  0.637536  0.720417  0.814125  0.489704  0.591256  0.461064  0.558011  0.517581  0.817824  0.607820  0.760801  0.458629  0.487012  0.429792  0.493444  0.465070  0.598304  0.631960  0.490636  0.825309  0.479866  0.579502  0.468852  0.530626  0.512944  0.566827  0.802390  0.751598 
23  0.810695  0.840937  0.460598  0.618136  0.495762  0.499637  0.575846  0.717188  0.437956  0.530840  0.934250  0.612308  0.431440  0.540418  0.549214  0.492243  0.501425  0.623254  0.476040  0.539398  0.690191  0.594111  0.509172 0.0  0.620861  0.483388  0.510137  0.539814  0.510808  0.870799  0.448704  0.534435  0.546776  0.392869  0.637294  0.581224  0.541581  0.634194  0.883409  0.638625  0.439750  0.416481  0.599942  0.675393  0.401329  0.540670  0.750345  0.725523  0.532144  0.466609  0.467298  0.521201  0.553612  0.958517  0.436834  0.802207  0.510936  0.572130  0.510897  0.587802  0.397647  0.515545  0.443776  0.460804  0.891712  0.574882  0.434284  0.425648  0.531976  0.534969  0.477560  0.896874  0.768946 
24  0.869602  0.984152  0.451956  0.553400  0.429993  0.404522  0.557624  0.593374  0.500201  0.440554  0.867312  0.515224  0.567600  0.474122  0.644572  0.446063  0.396942  0.416559  0.496661  0.534130  0.526626  0.397523  0.478157  0.620861 0.0  0.559641  0.454091  0.486930  0.487375  0.847785  0.449896  0.512282  0.628095  0.587966  0.779806  0.446667  0.438387  0.421865  0.818430  0.661639  0.568743  0.553486  0.417302  0.861498  0.493395  0.546541  0.772624  0.876111  0.539022  0.509631  0.508629  0.490034  0.503929  0.823739  0.463161  0.823379  0.516367  0.511090  0.427763  0.575027  0.512659  0.503847  0.513254  0.513070  0.878504  0.463786  0.477931  0.452208  0.534442  0.584535  0.472600  0.839455  0.750784 
25  0.852338  0.915566  0.437087  0.593776  0.476456  0.589885  0.482920  0.564931  0.548351  0.319640  0.825946  0.461334  0.432929  0.570084  0.679706  0.455664  0.410455  0.593536  0.448508  0.416051  0.610589  0.545713  0.529210  0.483388  0.559641 0.0  0.475670  0.505992  0.429713  0.822849  0.437705  0.607330  0.577648  0.341535  0.723923  0.499919  0.606819  0.652482  0.953619  0.580333  0.483845  0.361966  0.501159  0.685344  0.483328  0.602111  0.614689  0.827857  0.568941  0.466446  0.501128  0.539145  0.374073  0.847638  0.407884  0.786409  0.495382  0.588181  0.548942  0.574873  0.360109  0.420946  0.532409  0.581710  0.909718  0.352108  0.575543  0.503521  0.590457  0.409662  0.440767  0.799977  0.822313 
26  0.820523  0.848728  0.527316  0.582615  0.570443  0.397570  0.506570  0.737482  0.473852  0.448505  0.831794  0.437868  0.527619  0.460828  0.610837  0.502862  0.497425  0.396022  0.548033  0.528988  0.614736  0.498892  0.593858  0.510137  0.454091  0.475670 0.0  0.450616  0.494121  0.791836  0.596306  0.448826  0.645505  0.499548  0.620740  0.538505  0.487550  0.556544  0.781778  0.691494  0.749112  0.475297  0.560394  0.700282  0.475727  0.432859  0.770978  0.804108  0.561019  0.575671  0.358962  0.463194  0.466111  0.864926  0.435520  0.918906  0.562986  0.609139  0.308365  0.602661  0.599072  0.586681  0.542586  0.475893  0.862023  0.566005  0.404551  0.477749  0.453381  0.537558  0.476699  0.756951  0.833862 
27  0.717900  0.845749  0.570638  0.520902  0.451514  0.449415  0.415953  0.686156  0.461065  0.406250  0.748001  0.540048  0.580369  0.565945  0.584349  0.388465  0.442201  0.479004  0.587008  0.401244  0.643187  0.509056  0.488662  0.539814  0.486930  0.505992  0.450616 0.0  0.613663  0.877346  0.563799  0.427945  0.678927  0.593483  0.623004  0.340599  0.553624  0.463854  0.703819  0.583099  0.432495  0.636897  0.513487  0.775803  0.642420  0.561693  0.789482  0.910130  0.599849  0.511674  0.418137  0.403764  0.492980  0.815201  0.462081  0.948148  0.630376  0.534641  0.487574  0.541878  0.477912  0.537011  0.450617  0.589436  0.927220  0.505042  0.557025  0.546045  0.558942  0.652966  0.547048  0.851279  0.874591 
28  0.751118  0.814542  0.588693  0.606052  0.519241  0.690741  0.481747  0.632986  0.650603  0.539360  0.664923  0.426967  0.470257  0.541238  0.508231  0.585298  0.504153  0.559761  0.453526  0.611629  0.664894  0.441739  0.602971  0.510808  0.487375  0.429713  0.494121  0.613663 0.0  0.858004  0.477002  0.637597  0.522282  0.424902  0.760342  0.480571  0.560728  0.540546  0.747359  0.593865  0.393024  0.582192  0.633404  0.726654  0.486846  0.549229  0.828764  0.824809  0.553412  0.475029  0.505698  0.630515  0.437863  0.817989  0.509739  0.756454  0.422169  0.613503  0.602778  0.577481  0.367530  0.509262  0.580873  0.497840  0.748215  0.389574  0.567676  0.536079  0.435668  0.472723  0.610716  0.865745  0.860819 
29  0.776801  0.737500  0.749255  0.696460  0.928485  0.811117  0.877264  0.881038  0.937423  0.833716  0.805345  0.822219  0.821098  0.822144  0.826448  0.900654  0.882318  0.776352  0.937926  0.872515  0.789212  0.855231  0.783554  0.870799  0.847785  0.822849  0.791836  0.877346  0.858004 0.0  0.901195  0.863525  0.671946  0.804114  0.817657  0.905573  0.944084  0.945440  0.758009  0.528522  0.801167  0.872425  0.914183  0.685658  0.822959  0.918806  0.553820  0.939550  0.805883  0.915714  0.877712  0.878301  0.918576  0.621953  0.830671  0.899268  0.902847  0.822622  0.823607  0.841446  0.879549  0.902620  0.920688  0.852326  0.833896  0.945309  0.869257  0.785865  0.885598  0.868872  0.881122  0.931422  0.707951 
30  0.686478  0.907220  0.603894  0.481673  0.617331  0.588800  0.550426  0.572443  0.497129  0.445111  0.893540  0.532042  0.452586  0.637348  0.671308  0.620223  0.655979  0.506433  0.516000  0.603782  0.632596  0.486991  0.660268  0.448704  0.449896  0.437705  0.596306  0.563799  0.477002  0.901195 0.0  0.584840  0.637036  0.317509  0.657768  0.554072  0.536674  0.637714  0.848356  0.724221  0.534405  0.411099  0.393064  0.706174  0.513853  0.491155  0.887140  0.810565  0.501163  0.417990  0.583230  0.532754  0.455229  0.824464  0.478668  0.822555  0.574451  0.566599  0.564184  0.423463  0.408873  0.439973  0.487102  0.625438  0.882282  0.448722  0.547422  0.493720  0.481587  0.371483  0.632487  0.847691  0.731411 
31  0.762751  0.913121  0.602073  0.649203  0.411983  0.486028  0.656865  0.588112  0.467156  0.479954  0.802263  0.613318  0.551639  0.469868  0.623214  0.449438  0.498399  0.533385  0.533742  0.385886  0.665940  0.410538  0.488735  0.534435  0.512282  0.607330  0.448826  0.427945  0.637597  0.863525  0.584840 0.0  0.589918  0.577365  0.618461  0.388316  0.461601  0.430830  0.760879  0.671725  0.502615  0.409850  0.452369  0.776219  0.587419  0.457334  0.766707  0.818676  0.563370  0.582546  0.323283  0.509386  0.526492  0.868900  0.504941  0.860752  0.569203  0.575584  0.374441  0.644959  0.652224  0.469042  0.500270  0.624272  0.984641  0.531560  0.555593  0.404350  0.508165  0.518654  0.375942  0.904700  0.793038 
32  0.656148  0.744747  0.625499  0.604980  0.719857  0.587523  0.606468  0.681489  0.615421  0.682603  0.603538  0.670490  0.644930  0.673423  0.675070  0.607831  0.597706  0.722029  0.605794  0.669303  0.649501  0.531894  0.691339  0.546776  0.628095  0.577648  0.645505  0.678927  0.522282  0.671946  0.637036  0.589918 0.0  0.650623  0.558096  0.622663  0.632476  0.660397  0.653024  0.619780  0.541426  0.598722  0.658972  0.759840  0.658147  0.505960  0.603524  0.717516  0.543291  0.622184  0.686465  0.570413  0.637704  0.586637  0.616230  0.592250  0.545662  0.563975  0.744435  0.612412  0.617835  0.723663  0.653715  0.568643  0.644209  0.731706  0.544007  0.669545  0.681366  0.575295  0.608651  0.717277  0.664327 
33  0.777872  0.922379  0.585774  0.640965  0.482452  0.641497  0.672352  0.591645  0.455026  0.442388  0.789095  0.521346  0.541201  0.493446  0.537592  0.483456  0.581732  0.545341  0.371526  0.537795  0.632586  0.625034  0.511471  0.392869  0.587966  0.341535  0.499548  0.593483  0.424902  0.804114  0.317509  0.577365  0.650623 0.0  0.691623  0.583943  0.579815  0.546981  0.897646  0.556355  0.382315  0.465492  0.546281  0.844047  0.446029  0.625606  0.747789  0.861571  0.539571  0.454346  0.556436  0.439923  0.547509  0.848984  0.526253  0.785809  0.486877  0.556080  0.554413  0.505964  0.426831  0.450091  0.496349  0.507044  0.725897  0.452906  0.573630  0.547899  0.509019  0.426931  0.544525  0.803023  0.815945 
34  0.844384  0.797065  0.576837  0.589795  0.661083  0.576717  0.577997  0.493049  0.642421  0.626249  0.781562  0.679302  0.657510  0.629005  0.575073  0.626533  0.645598  0.636619  0.719715  0.636315  0.515235  0.640653  0.544559  0.637294  0.779806  0.723923  0.620740  0.623004  0.760342  0.817657  0.657768  0.618461  0.558096  0.691623 0.0  0.739293  0.709903  0.693253  0.848212  0.627770  0.579114  0.604927  0.595989  0.675799  0.558746  0.655609  0.749633  0.819134  0.697636  0.750156  0.687856  0.632977  0.695151  0.897789  0.618116  0.789062  0.654295  0.747503  0.713610  0.658604  0.728184  0.610407  0.681720  0.634643  0.758611  0.681215  0.720704  0.644984  0.687936  0.606576  0.558251  0.874753  0.831744 
35  0.863007  0.846851  0.495793  0.530774  0.407305  0.441472  0.485583  0.659373  0.433270  0.465403  0.924387  0.600154  0.576428  0.573265  0.735549  0.566890  0.381285  0.556199  0.535259  0.489000  0.608200  0.473328  0.559765  0.581224  0.446667  0.499919  0.538505  0.340599  0.480571  0.905573  0.554072  0.388316  0.622663  0.583943  0.739293 0.0  0.556907  0.391955  0.747927  0.669775  0.406400  0.563161  0.346744  0.744544  0.462262  0.571213  0.843663  0.806234  0.576791  0.478259  0.403694  0.408706  0.518590  0.868106  0.501758  0.845857  0.587208  0.687758  0.372140  0.413414  0.460721  0.608259  0.441327  0.544781  0.883039  0.624735  0.441083  0.386972  0.538896  0.595487  0.566116  0.833786  0.809773 
36  0.816432  0.920273  0.528797  0.443517  0.405006  0.521131  0.465463  0.578922  0.446816  0.479209  0.916816  0.536956  0.513010  0.484757  0.649483  0.573918  0.544919  0.522838  0.585665  0.405624  0.697276  0.496149  0.526948  0.541581  0.438387  0.606819  0.487550  0.553624  0.560728  0.944084  0.536674  0.461601  0.632476  0.579815  0.709903  0.556907 0.0  0.455411  0.784317  0.604706  0.574099  0.474000  0.521035  0.741480  0.475054  0.618471  0.768925  0.833368  0.537174  0.516507  0.378020  0.427955  0.442852  0.979152  0.555939  0.806279  0.518093  0.612280  0.470850  0.513913  0.613881  0.557865  0.383211  0.634564  0.948552  0.475532  0.519432  0.481276  0.548877  0.523261  0.587113  0.850078  0.721604 
37  0.867371  0.900708  0.474501  0.464217  0.328803  0.461196  0.521217  0.582833  0.504677  0.432070  0.890012  0.594871  0.522350  0.534058  0.648728  0.302860  0.392975  0.391195  0.554324  0.543804  0.583756  0.335596  0.632908  0.634194  0.421865  0.652482  0.556544  0.463854  0.540546  0.945440  0.637714  0.430830  0.660397  0.546981  0.693253  0.391955  0.455411 0.0  0.902155  0.599912  0.556889  0.563829  0.455487  0.744495  0.636017  0.422729  0.799707  0.838686  0.526831  0.645180  0.449136  0.472763  0.551531  0.868320  0.454839  0.755012  0.528214  0.597422  0.475388  0.517487  0.634211  0.510132  0.459001  0.532250  0.977011  0.579036  0.512658  0.385884  0.489493  0.504084  0.392309  0.884360  0.798406 
38  0.775561  0.906103  0.690101  0.777747  0.667260  0.822831  0.859946  0.710818  0.810965  0.868240  0.864995  0.858963  0.794353  0.795506  0.861663  0.683470  0.877540  0.817015  0.819632  0.783436  0.853678  0.891203  0.689486  0.883409  0.818430  0.953619  0.781778  0.703819  0.747359  0.758009  0.848356  0.760879  0.653024  0.897646  0.848212  0.747927  0.784317  0.902155 0.0  0.674476  0.718629  0.863437  0.769809  0.745156  0.891377  0.774771  0.773934  0.855996  0.763166  0.751342  0.737980  0.864923  0.916193  0.751212  0.842231  0.774554  0.833411  0.742679  0.769032  0.809351  0.826587  0.857086  0.806122  0.774273  0.765174  0.743299  0.825773  0.710370  0.830063  0.749440  0.778655  0.869747  0.789618 
39  0.615832  0.663953  0.567987  0.649635  0.620752  0.635573  0.687541  0.611533  0.623746  0.564308  0.620207  0.622004  0.652840  0.613188  0.676200  0.582713  0.644736  0.678654  0.682944  0.692097  0.522119  0.607128  0.696840  0.638625  0.661639  0.580333  0.691494  0.583099  0.593865  0.528522  0.724221  0.671725  0.619780  0.556355  0.627770  0.669775  0.604706  0.599912  0.674476 0.0  0.490941  0.668134  0.620972  0.745718  0.620990  0.629617  0.630687  0.600192  0.576292  0.712145  0.577965  0.581597  0.641380  0.686835  0.616866  0.566360  0.632324  0.654377  0.714659  0.595494  0.740959  0.653511  0.640144  0.717372  0.703074  0.655442  0.702762  0.603643  0.698767  0.624982  0.599503  0.661999  0.708913 
40  0.750070  0.930254  0.456902  0.601006  0.507033  0.522701  0.506880  0.705594  0.472598  0.514162  0.806491  0.547369  0.507011  0.547132  0.560978  0.568893  0.492533  0.623782  0.444155  0.597923  0.673667  0.572321  0.488966  0.439750  0.568743  0.483845  0.749112  0.432495  0.393024  0.801167  0.534405  0.502615  0.541426  0.382315  0.579114  0.406400  0.574099  0.556889  0.718629  0.490941 0.0  0.337888  0.541945  0.725480  0.437023  0.504342  0.728488  0.830772  0.573771  0.417771  0.521749  0.551085  0.455972  0.871844  0.329734  0.726712  0.471450  0.563336  0.469261  0.535619  0.470438  0.460669  0.527459  0.506917  1.000000  0.427772  0.457387  0.571665  0.367479  0.406609  0.510213  0.864970  0.669978 
41  0.951762  0.896249  0.514337  0.586073  0.520905  0.601624  0.626529  0.573979  0.408109  0.435815  0.726085  0.481065  0.456149  0.715449  0.514783  0.572617  0.490123  0.508894  0.476985  0.609815  0.487380  0.549675  0.522714  0.416481  0.553486  0.361966  0.475297  0.636897  0.582192  0.872425  0.411099  0.409850  0.598722  0.465492  0.604927  0.563161  0.474000  0.563829  0.863437  0.668134  0.337888 0.0  0.557537  0.807613  0.408717  0.551832  0.856795  0.835917  0.526436  0.396593  0.471314  0.565594  0.567314  0.794784  0.408134  0.861601  0.480537  0.541042  0.451607  0.553508  0.448910  0.455599  0.497532  0.612528  0.904829  0.439493  0.526268  0.639119  0.448398  0.494277  0.537287  0.849939  0.700085 
42  0.833503  0.923067  0.538935  0.589134  0.301341  0.587333  0.478874  0.646949  0.427433  0.481570  0.779912  0.588432  0.600740  0.365269  0.579230  0.473307  0.357448  0.391143  0.546432  0.338627  0.517912  0.459610  0.600074  0.599942  0.417302  0.501159  0.560394  0.513487  0.633404  0.914183  0.393064  0.452369  0.658972  0.546281  0.595989  0.346744  0.521035  0.455487  0.769809  0.620972  0.541945  0.557537 0.0  0.705419  0.545854  0.512610  0.845691  0.895558  0.569111  0.532048  0.498132  0.471713  0.499581  0.768008  0.538726  0.868075  0.529220  0.648714  0.422893  0.514989  0.555857  0.505999  0.412121  0.607691  0.924994  0.471984  0.492311  0.486673  0.478797  0.652463  0.452751  0.876792  0.773231 
43  0.568647  0.790366  0.732000  0.679077  0.664400  0.728246  0.720381  0.748873  0.741448  0.717907  0.795576  0.742704  0.762946  0.630161  0.697202  0.705162  0.758181  0.717865  0.660693  0.833245  0.682475  0.717356  0.783952  0.675393  0.861498  0.685344  0.700282  0.775803  0.726654  0.685658  0.706174  0.776219  0.759840  0.844047  0.675799  0.744544  0.741480  0.744495  0.745156  0.745718  0.725480  0.807613  0.705419 0.0  0.705212  0.831009  0.706994  0.716633  0.756128  0.580709  0.776662  0.675162  0.805527  0.723916  0.669799  0.828093  0.768009  0.702405  0.790974  0.755440  0.752249  0.775277  0.763999  0.841324  0.685956  0.904879  0.806868  0.716805  0.821860  0.744483  0.787354  0.715018  0.698776 
44  0.728215  0.890784  0.552056  0.646025  0.464654  0.515303  0.556188  0.541805  0.572764  0.398994  0.742578  0.631390  0.409870  0.562275  0.563335  0.516264  0.574943  0.552334  0.454391  0.466163  0.548483  0.666927  0.654645  0.401329  0.493395  0.483328  0.475727  0.642420  0.486846  0.822959  0.513853  0.587419  0.658147  0.446029  0.558746  0.462262  0.475054  0.636017  0.891377  0.620990  0.437023  0.408717  0.545854  0.705212 0.0  0.480467  0.856597  0.823433  0.481309  0.439627  0.482529  0.656822  0.536422  0.661266  0.499305  0.811845  0.440056  0.622532  0.558732  0.468176  0.535142  0.279769  0.515583  0.526889  0.939449  0.491709  0.570794  0.653783  0.463311  0.391237  0.494352  0.842200  0.810454 
45  0.847428  0.856676  0.596268  0.510499  0.548075  0.485293  0.497641  0.649227  0.404611  0.379675  0.809737  0.595885  0.541473  0.495428  0.664614  0.503451  0.560305  0.551115  0.557303  0.452967  0.598877  0.432602  0.637536  0.540670  0.546541  0.602111  0.432859  0.561693  0.549229  0.918806  0.491155  0.457334  0.505960  0.625606  0.655609  0.571213  0.618471  0.422729  0.774771  0.629617  0.504342  0.551832  0.512610  0.831009  0.480467 0.0  0.824428  0.803725  0.512802  0.538923  0.503839  0.566320  0.572093  0.880759  0.559969  0.848853  0.465812  0.663459  0.500505  0.540725  0.588591  0.567501  0.428520  0.551946  0.858619  0.533754  0.353408  0.539571  0.477201  0.435567  0.356555  0.818111  0.839154 
46  0.956282  0.690348  0.671605  0.582212  0.841722  0.721134  0.820581  0.861573  0.743298  0.767376  0.800857  0.813613  0.733494  0.820913  0.831485  0.854086  0.749119  0.796679  0.707675  0.715934  0.751902  0.740359  0.720417  0.750345  0.772624  0.614689  0.770978  0.789482  0.828764  0.553820  0.887140  0.766707  0.603524  0.747789  0.749633  0.843663  0.768925  0.799707  0.773934  0.630687  0.728488  0.856795  0.845691  0.706994  0.856597  0.824428 0.0  0.817420  0.832652  0.735102  0.818815  0.694376  0.742511  0.598373  0.741065  0.695378  0.772029  0.792341  0.750741  0.752103  0.830830  0.745895  0.859197  0.815522  0.778137  0.715600  0.812387  0.809766  0.773421  0.793921  0.905609  0.873108  0.761435 
47  0.804178  0.876211  0.768772  0.775562  0.935073  0.762880  0.797814  0.843271  0.904907  0.859539  0.715605  0.941616  0.795493  0.881729  0.884606  0.813858  0.829839  0.955044  0.922334  0.860818  0.850013  0.769607  0.814125  0.725523  0.876111  0.827857  0.804108  0.910130  0.824809  0.939550  0.810565  0.818676  0.717516  0.861571  0.819134  0.806234  0.833368  0.838686  0.855996  0.600192  0.830772  0.835917  0.895558  0.716633  0.823433  0.803725  0.817420 0.0  0.808413  0.824216  0.888937  0.802479  0.921015  0.808861  0.784470  0.893961  0.780241  0.782429  0.912394  0.965468  0.791245  0.835531  0.850211  0.873766  0.844712  0.841903  0.886608  0.959491  0.980048  0.850243  0.811083  0.710951  0.800429 
48  0.809597  0.923470  0.612284  0.477586  0.538806  0.501486  0.586751  0.631746  0.487288  0.527851  0.799677  0.469547  0.604937  0.579525  0.610519  0.618942  0.612826  0.510171  0.484597  0.614873  0.568438  0.474581  0.489704  0.532144  0.539022  0.568941  0.561019  0.599849  0.553412  0.805883  0.501163  0.563370  0.543291  0.539571  0.697636  0.576791  0.537174  0.526831  0.763166  0.576292  0.573771  0.526436  0.569111  0.756128  0.481309  0.512802  0.832652  0.808413 0.0  0.448666  0.651270  0.589959  0.587287  0.901353  0.544327  0.911662  0.617545  0.546391  0.460399  0.568080  0.506717  0.411258  0.556193  0.444749  0.714635  0.475018  0.536813  0.597821  0.531162  0.466788  0.584426  0.796492  0.702144 
49  0.818283  0.854975  0.536214  0.553972  0.602652  0.518363  0.481011  0.564408  0.444229  0.499659  0.840613  0.347299  0.474941  0.519322  0.574727  0.570324  0.577509  0.496890  0.267533  0.565876  0.489642  0.526739  0.591256  0.466609  0.509631  0.466446  0.575671  0.511674  0.475029  0.915714  0.417990  0.582546  0.622184  0.454346  0.750156  0.478259  0.516507  0.645180  0.751342  0.712145  0.417771  0.396593  0.532048  0.580709  0.439627  0.538923  0.735102  0.824216  0.448666 0.0  0.576021  0.632991  0.491363  0.878750  0.497199  0.868028  0.505536  0.612987  0.498898  0.518390  0.484114  0.440117  0.401666  0.702569  0.837482  0.319322  0.577872  0.549735  0.515221  0.558403  0.478030  0.788748  0.806566 
50  0.761380  0.735543  0.680912  0.564101  0.522634  0.513399  0.468696  0.557168  0.455150  0.538253  0.841602  0.544382  0.572749  0.477375  0.644964  0.513808  0.434656  0.468163  0.663784  0.451256  0.670531  0.491321  0.461064  0.467298  0.508629  0.501128  0.358962  0.418137  0.505698  0.877712  0.583230  0.323283  0.686465  0.556436  0.687856  0.403694  0.378020  0.449136  0.737980  0.577965  0.521749  0.471314  0.498132  0.776662  0.482529  0.503839  0.818815  0.888937  0.651270  0.576021 0.0  0.421081  0.444470  0.822098  0.568749  0.822813  0.589713  0.639862  0.555704  0.764523  0.591876  0.432260  0.424951  0.565853  0.890753  0.547993  0.541283  0.524252  0.672018  0.553792  0.463979  0.833444  0.860367 
51  0.819721  0.864290  0.504672  0.425756  0.506849  0.483039  0.360437  0.623742  0.339148  0.503335  0.895182  0.606275  0.453205  0.548860  0.641536  0.553233  0.519901  0.439865  0.481649  0.509787  0.594274  0.537138  0.558011  0.521201  0.490034  0.539145  0.463194  0.403764  0.630515  0.878301  0.532754  0.509386  0.570413  0.439923  0.632977  0.408706  0.427955  0.472763  0.864923  0.581597  0.551085  0.565594  0.471713  0.675162  0.656822  0.566320  0.694376  0.802479  0.589959  0.632991  0.421081 0.0  0.333475  0.931331  0.615058  0.844118  0.594036  0.718546  0.478201  0.665805  0.442113  0.474218  0.424875  0.627688  0.749219  0.554009  0.466285  0.511455  0.530465  0.664919  0.441129  0.756439  0.735740 
52  0.887462  0.911451  0.517391  0.612993  0.467783  0.538220  0.510848  0.645229  0.433912  0.445319  0.777129  0.561718  0.578095  0.456379  0.625006  0.494360  0.455332  0.408594  0.613975  0.535221  0.687898  0.425982  0.517581  0.553612  0.503929  0.374073  0.466111  0.492980  0.437863  0.918576  0.455229  0.526492  0.637704  0.547509  0.695151  0.518590  0.442852  0.551531  0.916193  0.641380  0.455972  0.567314  0.499581  0.805527  0.536422  0.572093  0.742511  0.921015  0.587287  0.491363  0.444470  0.333475 0.0  0.889038  0.497909  0.789708  0.464671  0.513765  0.472142  0.475932  0.515369  0.529113  0.387607  0.556885  0.834927  0.606178  0.600255  0.460184  0.628745  0.500849  0.578135  0.893423  0.786901 
53  0.949668  0.559857  0.822120  0.712129  0.884362  0.902558  0.833109  0.801874  0.882827  0.797787  0.828377  0.739431  0.930021  0.760264  0.788336  0.832991  0.784844  0.737947  0.922920  0.911114  0.783280  0.704429  0.817824  0.958517  0.823739  0.847638  0.864926  0.815201  0.817989  0.621953  0.824464  0.868900  0.586637  0.848984  0.897789  0.868106  0.979152  0.868320  0.751212  0.686835  0.871844  0.794784  0.768008  0.723916  0.661266  0.880759  0.598373  0.808861  0.901353  0.878750  0.822098  0.931331  0.889038 0.0  0.772101  0.770393  0.713069  0.825137  0.869308  0.767783  0.881163  0.871181  0.897106  0.869415  0.824721  0.953060  0.957477  0.888741  0.797987  0.882468  0.859365  0.909693  0.786988 
