73
0 0.0  0.616249  0.586382  0.815847  0.516885  0.461351  0.748425  0.811251  0.386618  0.544158  0.391737  0.436950  0.898655  0.543835  0.413515  0.642084  0.604889  0.864096  0.870885  0.477853  0.413639  0.478578  0.916555  0.544427  0.843889  0.576379  0.478995  0.266446  0.603650  0.489964  0.645466  0.467527  0.801886  0.374604  0.596355  0.393019  0.463733  0.534314  0.612447  0.589321  0.514673  0.542616  0.617544  0.786284  0.497949  0.556509  0.528152  0.794259  0.682630  0.674247  0.483703  0.412446  0.597405  0.631073  0.408136  0.438183  0.531369  0.599915  0.607146  0.512765  0.446154  0.542284  0.342944  0.548907  0.808382  0.530479  0.525334  0.483927  0.460860  0.550272  0.401418  0.483005  0.463578 
1  0.616249 0.0  0.540397  0.813022  0.368969  0.557832  0.792300  0.799546  0.571696  0.493265  0.484308  0.535711  0.790085  0.516866  0.668878  0.423874  0.473026  0.836539  0.885491  0.387996  0.437608  0.563366  0.990924  0.455838  0.886164  0.382096  0.570291  0.625296  0.436634  0.563450  0.700653  0.500300  0.770916  0.468481  0.553518  0.550702  0.517519  0.626940  0.625328  0.512425  0.349764  0.529677  0.594199  0.901209  0.649936  0.479645  0.526046  0.879071  0.419646  0.641157  0.468973  0.676494  0.418058  0.456812  0.469907  0.487143  0.535318  0.412789  0.452616  0.499355  0.455341  0.427000  0.551571  0.611707  0.787362  0.508462  0.580198  0.426787  0.482119  0.464859  0.574140  0.459388  0.557681 
2  0.586382  0.540397 0.0  0.733845  0.456011  0.562703  0.770698  0.762232  0.508969  0.486488  0.467592  0.497366  0.896415  0.550080  0.478483  0.519825  0.423330  0.875496  0.844587  0.527604  0.555016  0.690931  0.848045  0.419891  0.742419  0.412140  0.550488  0.505490  0.379517  0.348930  0.680746  0.537293  0.787396  0.606228  0.626488  0.347637  0.560562  0.594592  0.464862  0.468293  0.431577  0.492523  0.509840  0.869066  0.544147  0.486723  0.445549  0.841526  0.511148  0.619504  0.596675  0.586775  0.518709  0.477940  0.526826  0.589821  0.579252  0.384484  0.439923  0.512431  0.563328  0.492530  0.459170  0.552459  0.876811  0.555853  0.467035  0.397834  0.533364  0.517489  0.511325  0.436935  0.404621 
3  0.815847  0.813022  0.733845 0.0  0.922423  0.886483  0.819335  0.630303  0.849901  0.911819  0.804908  0.822204  0.437549  0.803885  0.805755  0.809555  0.759022  0.698236  0.809113  0.887962  0.803460  0.742523  0.390563  0.848993  0.617153  0.908439  0.754513  0.782297  0.752071  0.852799  0.778677  0.859798  0.858598  0.875657  0.879852  0.992765  0.851546  0.828868  0.761930  0.879860  0.873157  0.797756  0.868025  0.722514  0.921048  0.862347  0.750034  0.733950  0.835316  0.650085  0.801519  0.883424  0.903965  0.952712  0.923816  0.871301  0.836312  0.875363  0.835465  0.782803  0.864277  0.932033  0.800814  0.918384  0.776500  0.755054  0.805656  0.872379  0.712134  0.863305  0.843414  0.947423  0.890284 
4  0.516885  0.368969  0.456011  0.922423 0.0  0.626620  0.768632  0.838123  0.491175  0.473972  0.547555  0.530913  0.888169  0.552335  0.577976  0.482013  0.426623  0.826245  0.837696  0.618772  0.624574  0.643956  0.856202  0.567605  0.809402  0.366204  0.658162  0.517346  0.337774  0.399723  0.783749  0.589345  0.717751  0.672472  0.558846  0.463709  0.557425  0.624548  0.588251  0.449194  0.401588  0.465460  0.524949  0.783507  0.580181  0.358020  0.476346  0.777318  0.462048  0.681031  0.517171  0.502530  0.504198  0.563083  0.531074  0.497748  0.618520  0.375377  0.425527  0.525306  0.600007  0.395954  0.463681  0.509378  0.815069  0.462477  0.400368  0.447307  0.520827  0.549258  0.605183  0.436571  0.453493 
5  0.461351  0.557832  0.562703  0.886483  0.626620 0.0  0.716789  0.792725  0.461283  0.432352  0.584758  0.461892  0.829282  0.564100  0.501847  0.553658  0.633484  0.956946  0.842604  0.503164  0.438917  0.432907  0.871135  0.525351  0.827805  0.519199  0.555834  0.494791  0.543650  0.594728  0.764137  0.407006  0.729091  0.390999  0.351500  0.432934  0.540931  0.621292  0.645083  0.485995  0.557370  0.552844  0.512643  0.778008  0.400431  0.511441  0.574928  0.753254  0.621385  0.617087  0.410690  0.559413  0.683189  0.366015  0.510754  0.487361  0.731724  0.531692  0.497010  0.428153  0.437428  0.488640  0.403679  0.543062  0.874653  0.528370  0.534684  0.583429  0.502827  0.461677  0.550094  0.507201  0.413606 
6  0.748425  0.792300  0.770698  0.819335  0.768632  0.716789 0.0  0.838720  0.820386  0.822694  0.770438  0.790778  0.739990  0.803215  0.829594  0.840280  0.785511  0.885508  0.828556  0.756673  0.772225  0.838526  0.819249  0.836450  0.832856  0.739579  0.701728  0.803649  0.742617  0.796103  0.833149  0.783495  0.874820  0.804830  0.897768  0.747263  0.792126  0.754478  0.741448  0.827233  0.762277  0.774803  0.781147  0.816094  0.921670  0.789408  0.749835  0.857399  0.821435  0.679638  0.726528  0.791132  0.871555  0.838650  0.816083  0.869357  0.735703  0.645642  0.727300  0.792971  0.805059  0.793881  0.863965  0.811213  0.828992  0.694350  0.851330  0.829088  0.710268  0.706221  0.792839  0.858883  0.733705 
7  0.811251  0.799546  0.762232  0.630303  0.838123  0.792725  0.838720 0.0  0.890091  0.813967  0.720678  0.767565  0.712208  0.875641  0.746944  0.779765  0.791150  0.701678  0.793503  0.844130  0.707242  0.812554  0.678460  0.749804  0.621366  0.688909  0.743947  0.753390  0.817658  0.760051  0.782713  0.796281  0.850967  0.827069  0.802621  0.809334  0.892822  0.749259  0.663718  0.819645  0.816519  0.710454  0.818825  0.784257  0.815061  0.811457  0.780500  0.499111  0.747647  0.634226  0.706336  0.767648  0.775335  0.889701  0.790325  0.754559  0.896547  0.765480  0.689339  0.772410  0.709866  0.767364  0.786689  0.800648  0.848235  0.754822  0.642270  0.688433  0.697612  0.776393  0.777860  0.801688  0.818019 
8  0.386618  0.571696  0.508969  0.849901  0.491175  0.461283  0.820386  0.890091 0.0  0.474062  0.564395  0.439477  0.836264  0.421374  0.406717  0.463911  0.541596  0.897414  0.775780  0.406519  0.512850  0.530196  0.818481  0.535752  0.849156  0.625551  0.421370  0.453187  0.509460  0.478986  0.802796  0.521573  0.764096  0.539821  0.407915  0.520301  0.474768  0.538830  0.648532  0.562393  0.502832  0.630779  0.400213  0.839950  0.539484  0.548302  0.510660  0.870497  0.549802  0.675489  0.442269  0.498119  0.693110  0.493700  0.369530  0.579721  0.532783  0.530869  0.604884  0.378981  0.425875  0.516217  0.354724  0.558661  0.866345  0.540070  0.532182  0.544821  0.575366  0.590057  0.479175  0.498165  0.576721 
9  0.544158  0.493265  0.486488  0.911819  0.473972  0.432352  0.822694  0.813967  0.474062 0.0  0.460297  0.525788  0.819512  0.507846  0.377845  0.453838  0.425274  0.783888  0.792955  0.429850  0.456960  0.517621  0.784837  0.483044  0.828556  0.411355  0.356876  0.444315  0.399393  0.452264  0.699528  0.426638  0.820721  0.479626  0.473341  0.504691  0.526585  0.460101  0.518680  0.386442  0.554900  0.487320  0.641550  0.763920  0.458616  0.552162  0.461473  0.681337  0.497503  0.604701  0.484384  0.458551  0.422829  0.500343  0.486459  0.491063  0.641517  0.426670  0.507614  0.507247  0.414498  0.472697  0.508807  0.515515  0.764030  0.448927  0.544038  0.454449  0.610742  0.507210  0.443587  0.481058  0.490739 
10  0.391737  0.484308  0.467592  0.804908  0.547555  0.584758  0.770438  0.720678  0.564395  0.460297 0.0  0.507777  0.860041  0.583925  0.540957  0.335963  0.425627  0.860197  0.802650  0.504237  0.556873  0.533073  0.935686  0.507228  0.848872  0.511983  0.486811  0.556298  0.442950  0.528280  0.683241  0.508694  0.850063  0.468104  0.606238  0.548628  0.479888  0.663162  0.585483  0.475176  0.576837  0.436526  0.485895  0.718643  0.519331  0.447760  0.323684  0.777519  0.480916  0.588070  0.621423  0.507085  0.553466  0.416363  0.580212  0.602123  0.619013  0.521259  0.382646  0.568421  0.511460  0.507903  0.460673  0.529830  0.778489  0.479013  0.490584  0.493938  0.583121  0.563347  0.543124  0.393769  0.531033 
11  0.436950  0.535711  0.497366  0.822204  0.530913  0.461892  0.790778  0.767565  0.439477  0.525788  0.507777 0.0  0.917374  0.497628  0.449075  0.530763  0.468118  0.870764  0.974057  0.488011  0.462480  0.485198  0.798996  0.569298  0.819928  0.594092  0.520046  0.497975  0.578896  0.500019  0.792676  0.447028  0.839783  0.346774  0.454930  0.436848  0.507924  0.657109  0.564101  0.543161  0.486543  0.462722  0.305573  0.772194  0.499264  0.436881  0.511066  0.826019  0.431236  0.513580  0.551358  0.505881  0.544023  0.499926  0.407266  0.536044  0.733840  0.465318  0.498812  0.487861  0.466643  0.569096  0.480187  0.481589  0.835248  0.601265  0.516558  0.428158  0.530441  0.645349  0.446477  0.464424  0.522134 
12  0.898655  0.790085  0.896415  0.437549  0.888169  0.829282  0.739990  0.712208  0.836264  0.819512  0.860041  0.917374 0.0  0.902307  0.988952  0.945771  0.805014  0.858862  0.870466  0.846829  0.878224  0.821739  0.452939  0.814794  0.518542  0.838162  0.863058  0.936512  0.852234  0.820549  0.803045  0.901396  0.944683  0.838560  0.886548  0.953989  0.891178  0.844522  0.754186  0.858347  0.864382  0.901746  0.854333  0.767680  0.822250  0.956083  0.936022  0.610135  0.830428  0.577881  0.863145  0.957755  0.865463  0.915671  0.946133  0.932134  0.872017  0.924463  0.845759  0.857400  0.873762  0.831052  0.814859  0.900149  0.925808  0.825726  0.959170  0.855751  0.591072  0.774640  0.867035  0.920615  0.822615 
13  0.543835  0.516866  0.550080  0.803885  0.552335  0.564100  0.803215  0.875641  0.421374  0.507846  0.583925  0.497628  0.902307 0.0  0.376426  0.539718  0.524370  0.796049  0.800166  0.484910  0.404025  0.511346  0.933074  0.460479  0.788871  0.411622  0.538693  0.494218  0.472095  0.490394  0.702945  0.443777  0.790696  0.342979  0.370790  0.444660  0.422265  0.598376  0.522270  0.611302  0.487458  0.612132  0.473819  0.782335  0.507198  0.534698  0.625733  0.771286  0.530775  0.586702  0.481652  0.373287  0.488773  0.538972  0.489644  0.628880  0.576711  0.617573  0.594616  0.405120  0.436786  0.516662  0.414958  0.514562  0.853160  0.563627  0.549043  0.521535  0.450177  0.525464  0.457983  0.550789  0.529642 
14  0.413515  0.668878  0.478483  0.805755  0.577976  0.501847  0.829594  0.746944  0.406717  0.377845  0.540957  0.449075  0.988952  0.376426 0.0  0.573867  0.566188  0.933451  0.850125  0.499170  0.457155  0.355966  0.827239  0.513939  0.875738  0.559819  0.453615  0.477003  0.485062  0.572772  0.699146  0.471215  0.726981  0.434453  0.525768  0.441632  0.447814  0.529731  0.557950  0.518364  0.556956  0.538753  0.384301  0.831534  0.339812  0.624323  0.578568  0.863210  0.533502  0.689614  0.412526  0.484460  0.633597  0.435776  0.438290  0.451944  0.503722  0.473123  0.590787  0.452411  0.509770  0.544729  0.524149  0.514903  0.873714  0.561875  0.603656  0.611528  0.550993  0.623230  0.396488  0.565791  0.565412 
15  0.642084  0.423874  0.519825  0.809555  0.482013  0.553658  0.840280  0.779765  0.463911  0.453838  0.335963  0.530763  0.945771  0.539718  0.573867 0.0  0.500754  0.812337  0.819232  0.429831  0.536226  0.480174  0.894914  0.466376  0.838771  0.414812  0.559358  0.581791  0.437275  0.551364  0.710520  0.573266  0.870673  0.528628  0.426686  0.560817  0.622516  0.646524  0.588141  0.467087  0.393509  0.622144  0.517163  0.783064  0.526561  0.573487  0.419434  0.806310  0.466828  0.594925  0.540937  0.366923  0.445793  0.402286  0.502685  0.516238  0.630501  0.604883  0.473692  0.577305  0.528307  0.487546  0.559566  0.459278  0.796606  0.588452  0.577191  0.383083  0.563960  0.559154  0.564075  0.519140  0.547225 
16  0.604889  0.473026  0.423330  0.759022  0.426623  0.633484  0.785511  0.791150  0.541596  0.425274  0.425627  0.468118  0.805014  0.524370  0.566188  0.500754 0.0  0.705637  0.865281  0.554672  0.526977  0.508559  0.879886  0.400045  0.792801  0.406191  0.488450  0.626012  0.489728  0.380802  0.788272  0.522424  0.851123  0.443827  0.485246  0.530095  0.491602  0.703850  0.692036  0.418771  0.485425  0.442357  0.536937  0.889397  0.496162  0.534206  0.486697  0.847877  0.596104  0.544785  0.535706  0.410688  0.428902  0.438779  0.593195  0.514292  0.652485  0.441441  0.410378  0.516669  0.616178  0.464759  0.564257  0.598014  0.883193  0.593203  0.369630  0.509958  0.570949  0.519250  0.489290  0.477002  0.477796 
17  0.864096  0.836539  0.875496  0.698236  0.826245  0.956946  0.885508  0.701678  0.897414  0.783888  0.860197  0.870764  0.858862  0.796049  0.933451  0.812337  0.705637 0.0  0.606385  0.821452  0.786783  0.820395  0.897001  0.874977  0.704279  0.862195  0.733315  0.925084  0.894744  0.910250  0.846835  0.826490  0.821231  0.855741  0.837256  0.892299  0.822306  0.884902  0.738503  0.822425  0.919721  0.948295  0.817476  0.807563  0.919673  0.895959  0.822795  0.951931  0.814529  0.649281  0.874530  0.827655  0.887116  0.884925  0.781372  0.902240  0.894587  0.813966  0.818131  0.743317  0.923877  0.827957  0.826849  0.861974  0.643146  0.694981  0.902465  0.866492  0.793083  0.754316  0.906858  0.826213  0.816378 
18  0.870885  0.885491  0.844587  0.809113  0.837696  0.842604  0.828556  0.793503  0.775780  0.792955  0.802650  0.974057  0.870466  0.800166  0.850125  0.819232  0.865281  0.606385 0.0  0.772226  0.809508  0.882209  0.817440  0.956024  0.785988  0.771812  0.863938  0.818052  0.838033  0.799720  0.757116  0.878456  0.884964  0.819094  0.860130  0.741377  0.787892  0.845736  0.769693  0.758081  0.835728  0.798423  0.811756  0.796205  0.832758  0.843390  0.779981  0.928957  0.827224  0.644197  0.771783  0.769106  0.898454  0.858857  0.763534  0.869358  0.859199  0.900378  0.904846  0.933951  0.694340  0.703840  0.794708  0.866672  0.557547  0.780069  0.829340  0.793254  0.720091  0.639762  0.896950  0.791905  0.864032 
19  0.477853  0.387996  0.527604  0.887962  0.618772  0.503164  0.756673  0.844130  0.406519  0.429850  0.504237  0.488011  0.846829  0.484910  0.499170  0.429831  0.554672  0.821452  0.772226 0.0  0.486141  0.586959  0.854019  0.577806  0.758800  0.541899  0.412162  0.576285  0.475986  0.514739  0.756555  0.469001  0.668074  0.433546  0.465143  0.497962  0.473836  0.597640  0.575750  0.414827  0.561109  0.548880  0.337208  0.783921  0.444558  0.600567  0.522732  0.964148  0.433045  0.567082  0.597921  0.397470  0.568608  0.582696  0.431032  0.540925  0.611867  0.522896  0.555025  0.510382  0.402958  0.571112  0.436091  0.493522  0.876532  0.535838  0.539659  0.457482  0.444334  0.467133  0.510975  0.469815  0.443502 
20  0.413639  0.437608  0.555016  0.803460  0.624574  0.438917  0.772225  0.707242  0.512850  0.456960  0.556873  0.462480  0.878224  0.404025  0.457155  0.536226  0.526977  0.786783  0.809508  0.486141 0.0  0.567939  0.914409  0.609625  0.927339  0.517342  0.357803  0.497170  0.626903  0.601963  0.800372  0.365401  0.855904  0.361342  0.400352  0.441331  0.496081  0.659107  0.511891  0.523023  0.537071  0.561003  0.451623  0.858344  0.427213  0.535972  0.663392  0.822971  0.486970  0.610731  0.469873  0.437188  0.621509  0.564705  0.432974  0.424698  0.610849  0.539298  0.583768  0.503618  0.360218  0.483547  0.519983  0.496854  0.763985  0.516454  0.458943  0.598227  0.465425  0.532462  0.405615  0.533689  0.560467 
21  0.478578  0.563366  0.690931  0.742523  0.643956  0.432907  0.838526  0.812554  0.530196  0.517621  0.533073  0.485198  0.821739  0.511346  0.355966  0.480174  0.508559  0.820395  0.882209  0.586959  0.567939 0.0  0.866018  0.589446  0.770975  0.516455  0.480384  0.459525  0.674160  0.540636  0.708561  0.378070  0.737236  0.360257  0.525765  0.389186  0.494392  0.679433  0.542612  0.486148  0.446367  0.520831  0.461972  0.828003  0.598386  0.586382  0.521644  0.832839  0.519686  0.596745  0.380193  0.495613  0.500155  0.563654  0.506075  0.663433  0.482964  0.500159  0.542940  0.464162  0.403423  0.406288  0.478669  0.477613  0.756531  0.546767  0.412518  0.577612  0.500402  0.598179  0.420720  0.567106  0.596218 
22  0.916555  0.990924  0.848045  0.390563  0.856202  0.871135  0.819249  0.678460  0.818481  0.784837  0.935686  0.798996  0.452939  0.933074  0.827239  0.894914  0.879886  0.897001  0.817440  0.854019  0.914409  0.866018 0.0  0.766792  0.569045  0.849344  0.884253  0.844857  0.872736  0.834954  0.754171  0.889366  0.852022  0.785232  0.929152  0.909137  0.877247  0.896761  0.832310  1.000000  0.790922  0.925176  0.801232  0.853179  0.920538  0.915644  0.743018  0.725325  0.940942  0.630099  0.858080  0.827189  0.886216  0.816541  0.943352  0.804426  0.879408  0.850555  0.913612  0.919556  0.933105  0.896308  0.889329  0.908882  0.760814  0.919835  0.923595  0.877800  0.677881  0.769597  0.901128  0.887189  0.878915 
23  0.544427  0.455838  0.419891  0.848993  0.567605  0.525351  0.836450  0.749804  0.535752  0.483044  0.507228  0.569298  0.814794  0.460479  0.513939  0.466376  0.400045  0.874977  0.956024  0.577806  0.609625  0.589446  0.766792 0.0  0.864200  0.600658  0.505113  0.577117  0.509117  0.350411  0.738997  0.476786  0.768954  0.662942  0.522365  0.583948  0.550010  0.606472  0.483738  0.583790  0.383838  0.470297  0.584314  0.848065  0.587273  0.534097  0.440890  0.838250  0.563288  0.717229  0.566081  0.558915  0.514833  0.421436  0.465510  0.614696  0.591619  0.441796  0.458998  0.543672  0.524702  0.475108  0.536322  0.627637  0.842140  0.493925  0.451368  0.515709  0.544301  0.504001  0.553257  0.442796  0.472134 
24  0.843889  0.886164  0.742419  0.617153  0.809402  0.827805  0.832856  0.621366  0.849156  0.828556  0.848872  0.819928  0.518542  0.788871  0.875738  0.838771  0.792801  0.704279  0.785988  0.758800  0.927339  0.770975  0.569045  0.864200 0.0  0.837208  0.863234  0.756060  0.781622  0.767349  0.794791  0.807639  0.774858  0.779799  0.761864  0.755448  0.781065  0.751549  0.820681  0.830338  0.818458  0.835511  0.787379  0.870475  0.795912  0.732379  0.920343  0.587635  0.803289  0.638947  0.851420  0.802082  0.776425  0.887957  0.707712  0.826753  0.742001  0.838678  0.817063  0.824161  0.801898  0.761341  0.785399  0.806513  0.834736  0.882935  0.728478  0.889005  0.675008  0.745292  0.658924  0.868023  0.832099 
25  0.576379  0.382096  0.412140  0.908439  0.366204  0.519199  0.739579  0.688909  0.625551  0.411355  0.511983  0.594092  0.838162  0.411622  0.559819  0.414812  0.406191  0.862195  0.771812  0.541899  0.517342  0.516455  0.849344  0.600658  0.837208 0.0  0.601590  0.571676  0.403308  0.515476  0.721667  0.522237  0.791300  0.589210  0.554774  0.564529  0.638950  0.562260  0.579331  0.505372  0.481063  0.541691  0.469587  0.721755  0.619291  0.388319  0.531680  0.831287  0.534607  0.684757  0.615377  0.661019  0.495060  0.472976  0.436051  0.515176  0.705447  0.441390  0.462246  0.552731  0.536424  0.439774  0.471201  0.521367  0.783619  0.493293  0.426566  0.483398  0.625175  0.529731  0.445063  0.521170  0.449913 
26  0.478995  0.570291  0.550488  0.754513  0.658162  0.555834  0.701728  0.743947  0.421370  0.356876  0.486811  0.520046  0.863058  0.538693  0.453615  0.559358  0.488450  0.733315  0.863938  0.412162  0.357803  0.480384  0.884253  0.505113  0.863234  0.601590 0.0  0.474718  0.443140  0.592665  0.713952  0.444248  0.814916  0.446491  0.518756  0.553161  0.530301  0.705453  0.573587  0.425989  0.396229  0.515232  0.408995  0.788588  0.431692  0.673925  0.579514  0.727977  0.461474  0.594167  0.352066  0.414608  0.572379  0.479426  0.445376  0.517708  0.656075  0.445454  0.547355  0.450378  0.442419  0.577505  0.380416  0.508169  0.833675  0.354034  0.652873  0.509101  0.637554  0.589272  0.452089  0.570224  0.577209 
27  0.266446  0.625296  0.505490  0.782297  0.517346  0.494791  0.803649  0.753390  0.453187  0.444315  0.556298  0.497975  0.936512  0.494218  0.477003  0.581791  0.626012  0.925084  0.818052  0.576285  0.497170  0.459525  0.844857  0.577117  0.756060  0.571676  0.474718 0.0  0.544402  0.672205  0.725552  0.536354  0.744930  0.433650  0.369929  0.336319  0.439771  0.527664  0.490312  0.527999  0.611490  0.599450  0.571903  0.821191  0.439219  0.638599  0.531805  0.885260  0.510705  0.680545  0.469341  0.380326  0.567339  0.556852  0.388135  0.540985  0.542029  0.597763  0.553794  0.557226  0.496432  0.523105  0.377082  0.545786  0.786178  0.568863  0.575620  0.593980  0.570590  0.628230  0.424363  0.571165  0.524095 
28  0.603650  0.436634  0.379517  0.752071  0.337774  0.543650  0.742617  0.817658  0.509460  0.399393  0.442950  0.578896  0.852234  0.472095  0.485062  0.437275  0.489728  0.894744  0.838033  0.475986  0.626903  0.674160  0.872736  0.509117  0.781622  0.403308  0.443140  0.544402 0.0  0.550997  0.707542  0.439117  0.767306  0.535522  0.587298  0.539507  0.544742  0.630762  0.591697  0.452904  0.508332  0.452841  0.518211  0.826561  0.519154  0.527126  0.493068  0.823377  0.524775  0.647718  0.435538  0.387139  0.385395  0.552114  0.535983  0.510865  0.577468  0.506383  0.448925  0.511834  0.562939  0.448597  0.415770  0.630773  0.811183  0.554157  0.487092  0.375301  0.584844  0.555369  0.601548  0.485092  0.547475 
29  0.489964  0.563450  0.348930  0.852799  0.399723  0.594728  0.796103  0.760051  0.478986  0.452264  0.528280  0.500019  0.820549  0.490394  0.572772  0.551364  0.380802  0.910250  0.799720  0.514739  0.601963  0.540636  0.834954  0.350411  0.767349  0.515476  0.592665  0.672205  0.550997 0.0  0.845223  0.544592  0.946340  0.465941  0.524167  0.430402  0.522388  0.558402  0.610968  0.508185  0.495444  0.443970  0.560949  0.834317  0.475834  0.487144  0.579981  0.810797  0.520186  0.659809  0.420888  0.493831  0.541948  0.542600  0.681692  0.451463  0.545815  0.445045  0.488158  0.531762  0.521997  0.477016  0.683920  0.577336  0.777181  0.558908  0.412143  0.524523  0.526153  0.543025  0.496914  0.376601  0.603011 
30  0.645466  0.700653  0.680746  0.778677  0.783749  0.764137  0.833149  0.782713  0.802796  0.699528  0.683241  0.792676  0.803045  0.702945  0.699146  0.710520  0.788272  0.846835  0.757116  0.756555  0.800372  0.708561  0.754171  0.738997  0.794791  0.721667  0.713952  0.725552  0.707542  0.845223 0.0  0.766531  0.641132  0.787452  0.729288  0.611976  0.662962  0.771417  0.639854  0.714350  0.804953  0.732157  0.820010  0.700427  0.858793  0.688457  0.703362  0.648945  0.748298  0.632077  0.673270  0.790057  0.766319  0.773256  0.714593  0.756791  0.727998  0.677465  0.834653  0.853694  0.700249  0.696766  0.725399  0.714741  0.664738  0.738331  0.776293  0.808965  0.778440  0.682837  0.707854  0.750474  0.811068 
31  0.467527  0.500300  0.537293  0.859798  0.589345  0.407006  0.783495  0.796281  0.521573  0.426638  0.508694  0.447028  0.901396  0.443777  0.471215  0.573266  0.522424  0.826490  0.878456  0.469001  0.365401  0.378070  0.889366  0.476786  0.807639  0.522237  0.444248  0.536354  0.439117  0.544592  0.766531 0.0  0.830800  0.466277  0.442301  0.476597  0.326920  0.599186  0.493759  0.549152  0.498901  0.487908  0.510690  0.668984  0.554915  0.501351  0.599565  0.856316  0.472600  0.722260  0.415288  0.401587  0.508388  0.616779  0.474012  0.454983  0.494383  0.571852  0.467014  0.410329  0.455151  0.536466  0.382068  0.590817  0.789624  0.547361  0.575160  0.588167  0.528784  0.505260  0.564060  0.542399  0.600839 
32  0.801886  0.770916  0.787396  0.858598  0.717751  0.729091  0.874820  0.850967  0.764096  0.820721  0.850063  0.839783  0.944683  0.790696  0.726981  0.870673  0.851123  0.821231  0.884964  0.668074  0.855904  0.737236  0.852022  0.768954  0.774858  0.791300  0.814916  0.744930  0.767306  0.946340  0.641132  0.830800 0.0  0.750278  0.751272  0.757985  0.840929  0.755364  0.806099  0.864554  0.812966  0.831696  0.757569  0.763610  0.749893  0.713720  0.764337  0.739924  0.909982  0.631639  0.879050  0.819096  0.805663  0.694486  0.789476  0.852951  0.777133  0.732746  0.802782  0.758408  0.845134  0.822077  0.803639  0.730819  0.835582  0.808919  0.824729  0.794646  0.616620  0.715804  0.825870  0.806142  0.785784 
33  0.374604  0.468481  0.606228  0.875657  0.672472  0.390999  0.804830  0.827069  0.539821  0.479626  0.468104  0.346774  0.838560  0.342979  0.434453  0.528628  0.443827  0.855741  0.819094  0.433546  0.361342  0.360257  0.785232  0.662942  0.779799  0.589210  0.446491  0.433650  0.535522  0.465941  0.787452  0.466277  0.750278 0.0  0.506463  0.341876  0.531970  0.652867  0.653575  0.603078  0.480608  0.659842  0.439562  0.718709  0.514827  0.544858  0.499500  0.766141  0.741575  0.631822  0.485079  0.349899  0.554346  0.564832  0.372277  0.509293  0.659169  0.579450  0.633961  0.595877  0.577220  0.506206  0.427932  0.462304  0.805661  0.473389  0.484758  0.629085  0.502869  0.477964  0.517291  0.554796  0.605674 
34  0.596355  0.553518  0.626488  0.879852  0.558846  0.351500  0.897768  0.802621  0.407915  0.473341  0.606238  0.454930  0.886548  0.370790  0.525768  0.426686  0.485246  0.837256  0.860130  0.465143  0.400352  0.525765  0.929152  0.522365  0.761864  0.554774  0.518756  0.369929  0.587298  0.524167  0.729288  0.442301  0.751272  0.506463 0.0  0.561725  0.519945  0.553785  0.567224  0.445740  0.644961  0.476212  0.503407  0.719430  0.454259  0.647746  0.598549  0.780684  0.631669  0.717146  0.464567  0.522845  0.530467  0.596354  0.450560  0.449894  0.595918  0.569727  0.529176  0.419901  0.495354  0.513356  0.364875  0.441571  0.806290  0.603987  0.512236  0.673629  0.569526  0.725178  0.451959  0.451000  0.579697 
35  0.393019  0.550702  0.347637  0.992765  0.463709  0.432934  0.747263  0.809334  0.520301  0.504691  0.548628  0.436848  0.953989  0.444660  0.441632  0.560817  0.530095  0.892299  0.741377  0.497962  0.441331  0.389186  0.909137  0.583948  0.755448  0.564529  0.553161  0.336319  0.539507  0.430402  0.611976  0.476597  0.757985  0.341876  0.561725 0.0  0.451640  0.651313  0.536588  0.555065  0.547283  0.537288  0.473859  0.934486  0.352681  0.554820  0.566490  0.793917  0.574164  0.598437  0.540893  0.406059  0.519542  0.630384  0.381250  0.549120  0.752126  0.476309  0.602068  0.491937  0.442097  0.571368  0.510166  0.554887  0.764522  0.500535  0.549964  0.531372  0.552973  0.656235  0.411502  0.606295  0.556593 
36  0.463733  0.517519  0.560562  0.851546  0.557425  0.540931  0.792126  0.892822  0.474768  0.526585  0.479888  0.507924  0.891178  0.422265  0.447814  0.622516  0.491602  0.822306  0.787892  0.473836  0.496081  0.494392  0.877247  0.550010  0.781065  0.638950  0.530301  0.439771  0.544742  0.522388  0.662962  0.326920  0.840929  0.531970  0.519945  0.451640 0.0  0.562348  0.573799  0.581120  0.484359  0.553495  0.494120  0.712901  0.558081  0.534067  0.534273  0.881532  0.583047  0.654140  0.329630  0.530173  0.587730  0.475243  0.465530  0.440293  0.636046  0.570560  0.556770  0.381834  0.441819  0.518127  0.435621  0.614638  0.876956  0.586794  0.576158  0.539290  0.448186  0.484124  0.432138  0.713801  0.544167 
37  0.534314  0.626940  0.594592  0.828868  0.624548  0.621292  0.754478  0.749259  0.538830  0.460101  0.663162  0.657109  0.844522  0.598376  0.529731  0.646524  0.703850  0.884902  0.845736  0.597640  0.659107  0.679433  0.896761  0.606472  0.751549  0.562260  0.705453  0.527664  0.630762  0.558402  0.771417  0.599186  0.755364  0.652867  0.553785  0.651313  0.562348 0.0  0.625093  0.556184  0.536522  0.657801  0.585707  0.738840  0.658305  0.611244  0.651589  0.961358  0.530970  0.691769  0.581450  0.570190  0.635502  0.625614  0.602637  0.564903  0.435803  0.617330  0.596140  0.440864  0.528301  0.629092  0.509662  0.580976  0.689663  0.624471  0.566740  0.663402  0.589601  0.570001  0.610967  0.550011  0.652360 
38  0.612447  0.625328  0.464862  0.761930  0.588251  0.645083  0.741448  0.663718  0.648532  0.518680  0.585483  0.564101  0.754186  0.522270  0.557950  0.588141  0.692036  0.738503  0.769693  0.575750  0.511891  0.542612  0.832310  0.483738  0.820681  0.579331  0.573587  0.490312  0.591697  0.610968  0.639854  0.493759  0.806099  0.653575  0.567224  0.536588  0.573799  0.625093 0.0  0.644347  0.516795  0.525536  0.434347  0.770597  0.495674  0.463100  0.502776  0.727760  0.470672  0.580677  0.537471  0.549477  0.531040  0.549648  0.568438  0.522026  0.517885  0.514876  0.449111  0.651617  0.492026  0.538567  0.571505  0.583280  0.801752  0.514679  0.551208  0.560784  0.395482  0.395997  0.469464  0.523557  0.524887 
39  0.589321  0.512425  0.468293  0.879860  0.449194  0.485995  0.827233  0.819645  0.562393  0.386442  0.475176  0.543161  0.858347  0.611302  0.518364  0.467087  0.418771  0.822425  0.758081  0.414827  0.523023  0.486148  1.000000  0.583790  0.830338  0.505372  0.425989  0.527999  0.452904  0.508185  0.714350  0.549152  0.864554  0.603078  0.445740  0.555065  0.581120  0.556184  0.644347 0.0  0.488539  0.550500  0.460948  0.797948  0.557576  0.474670  0.530899  0.880461  0.373877  0.622771  0.543826  0.534499  0.594586  0.409346  0.584011  0.473306  0.580093  0.456316  0.424971  0.504857  0.503462  0.521358  0.631874  0.541951  0.814085  0.276579  0.427576  0.463259  0.513988  0.498901  0.552690  0.635244  0.401624 
40  0.514673  0.349764  0.431577  0.873157  0.401588  0.557370  0.762277  0.816519  0.502832  0.554900  0.576837  0.486543  0.864382  0.487458  0.556956  0.393509  0.485425  0.919721  0.835728  0.561109  0.537071  0.446367  0.790922  0.383838  0.818458  0.481063  0.396229  0.611490  0.508332  0.495444  0.804953  0.498901  0.812966  0.480608  0.644961  0.547283  0.484359  0.536522  0.516795  0.488539 0.0  0.445191  0.475646  0.816720  0.546706  0.539726  0.524748  0.834652  0.455673  0.742889  0.464617  0.579405  0.535088  0.404746  0.583639  0.568546  0.497997  0.453729  0.452055  0.433171  0.515252  0.462782  0.509668  0.517260  0.942239  0.471516  0.506748  0.521842  0.486088  0.544385  0.536049  0.439680  0.445634 
41  0.542616  0.529677  0.492523  0.797756  0.465460  0.552844  0.774803  0.710454  0.630779  0.487320  0.436526  0.462722  0.901746  0.612132  0.538753  0.622144  0.442357  0.948295  0.798423  0.548880  0.561003  0.520831  0.925176  0.470297  0.835511  0.541691  0.515232  0.599450  0.452841  0.443970  0.732157  0.487908  0.831696  0.659842  0.476212  0.537288  0.553495  0.657801  0.525536  0.550500  0.445191 0.0  0.586534  0.793851  0.566419  0.559982  0.524400  0.922028  0.415967  0.587014  0.577661  0.528476  0.493750  0.444736  0.592220  0.497427  0.587326  0.383061  0.500623  0.621619  0.535474  0.557601  0.676090  0.600861  0.831521  0.625985  0.416663  0.515831  0.477822  0.510854  0.533466  0.406622  0.476401 
42  0.617544  0.594199  0.509840  0.868025  0.524949  0.512643  0.781147  0.818825  0.400213  0.641550  0.485895  0.305573  0.854333  0.473819  0.384301  0.517163  0.536937  0.817476  0.811756  0.337208  0.451623  0.461972  0.801232  0.584314  0.787379  0.469587  0.408995  0.571903  0.518211  0.560949  0.820010  0.510690  0.757569  0.439562  0.503407  0.473859  0.494120  0.585707  0.434347  0.460948  0.475646  0.586534 0.0  0.870826  0.481366  0.624203  0.548247  0.795577  0.338091  0.608066  0.482448  0.461387  0.469742  0.527384  0.458708  0.579907  0.528803  0.538396  0.648004  0.430043  0.603994  0.522489  0.460153  0.560087  0.890225  0.519194  0.560237  0.579261  0.623395  0.608916  0.446270  0.463682  0.574734 
43  0.786284  0.901209  0.869066  0.722514  0.783507  0.778008  0.816094  0.784257  0.839950  0.763920  0.718643  0.772194  0.767680  0.782335  0.831534  0.783064  0.889397  0.807563  0.796205  0.783921  0.858344  0.828003  0.853179  0.848065  0.870475  0.721755  0.788588  0.821191  0.826561  0.834317  0.700427  0.668984  0.763610  0.718709  0.719430  0.934486  0.712901  0.738840  0.770597  0.797948  0.816720  0.793851  0.870826 0.0  0.748525  0.739916  0.827445  0.773012  0.714834  0.703275  0.870541  0.706143  0.764207  0.870572  0.810993  0.911694  0.841552  0.788481  0.798408  0.787066  0.861703  0.765101  0.828266  0.793021  0.775996  0.778552  0.766315  0.815928  0.855509  0.724331  0.754119  0.853444  0.885600 
44  0.497949  0.649936  0.544147  0.921048  0.580181  0.400431  0.921670  0.815061  0.539484  0.458616  0.519331  0.499264  0.822250  0.507198  0.339812  0.526561  0.496162  0.919673  0.832758  0.444558  0.427213  0.598386  0.920538  0.587273  0.795912  0.619291  0.431692  0.439219  0.519154  0.475834  0.858793  0.554915  0.749893  0.514827  0.454259  0.352681  0.558081  0.658305  0.495674  0.557576  0.546706  0.566419  0.481366  0.748525 0.0  0.570663  0.433296  0.738739  0.502163  0.538446  0.485941  0.571227  0.476540  0.589799  0.514424  0.547985  0.628668  0.552777  0.575928  0.334600  0.489174  0.504507  0.429037  0.599350  0.792320  0.496061  0.541978  0.508660  0.556556  0.633853  0.380399  0.491214  0.478699 
45  0.556509  0.479645  0.486723  0.862347  0.358020  0.511441  0.789408  0.811457  0.548302  0.552162  0.447760  0.436881  0.956083  0.534698  0.624323  0.573487  0.534206  0.895959  0.843390  0.600567  0.535972  0.586382  0.915644  0.534097  0.732379  0.388319  0.673925  0.638599  0.527126  0.487144  0.688457  0.501351  0.713720  0.544858  0.647746  0.554820  0.534067  0.611244  0.463100  0.474670  0.539726  0.559982  0.624203  0.739916  0.570663 0.0  0.416493  0.845099  0.484640  0.565037  0.526639  0.566144  0.479538  0.301756  0.482100  0.506273  0.540661  0.497195  0.595321  0.679686  0.508523  0.451621  0.593368  0.498321  0.913174  0.406613  0.505588  0.505011  0.566975  0.555962  0.469847  0.349642  0.355251 
46  0.528152  0.526046  0.445549  0.750034  0.476346  0.574928  0.749835  0.780500  0.510660  0.461473  0.323684  0.511066  0.936022  0.625733  0.578568  0.419434  0.486697  0.822795  0.779981  0.522732  0.663392  0.521644  0.743018  0.440890  0.920343  0.531680  0.579514  0.531805  0.493068  0.579981  0.703362  0.599565  0.764337  0.499500  0.598549  0.566490  0.534273  0.651589  0.502776  0.530899  0.524748  0.524400  0.548247  0.827445  0.433296  0.416493 0.0  0.843943  0.428627  0.550873  0.652791  0.496084  0.605069  0.604221  0.499612  0.534839  0.562726  0.509203  0.498681  0.585545  0.539217  0.455292  0.470415  0.474073  0.805672  0.410137  0.463819  0.402331  0.543104  0.513629  0.558644  0.476740  0.524002 
47  0.794259  0.879071  0.841526  0.733950  0.777318  0.753254  0.857399  0.499111  0.870497  0.681337  0.777519  0.826019  0.610135  0.771286  0.863210  0.806310  0.847877  0.951931  0.928957  0.964148  0.822971  0.832839  0.725325  0.838250  0.587635  0.831287  0.727977  0.885260  0.823377  0.810797  0.648945  0.856316  0.739924  0.766141  0.780684  0.793917  0.881532  0.961358  0.727760  0.880461  0.834652  0.922028  0.795577  0.773012  0.738739  0.845099  0.843943 0.0  0.767385  0.720444  0.941190  0.922126  0.958332  0.903979  0.869087  0.941509  0.850396  0.797323  0.822755  0.823732  0.882238  0.894298  0.818767  0.858617  0.834827  0.848391  0.743326  0.779435  0.774302  0.693365  0.877963  0.896165  0.721946 
48  0.682630  0.419646  0.511148  0.835316  0.462048  0.621385  0.821435  0.747647  0.549802  0.497503  0.480916  0.431236  0.830428  0.530775  0.533502  0.466828  0.596104  0.814529  0.827224  0.433045  0.486970  0.519686  0.940942  0.563288  0.803289  0.534607  0.461474  0.510705  0.524775  0.520186  0.748298  0.472600  0.909982  0.741575  0.631669  0.574164  0.583047  0.530970  0.470672  0.373877  0.455673  0.415967  0.338091  0.714834  0.502163  0.484640  0.428627  0.767385 0.0  0.664262  0.506600  0.428477  0.514653  0.384606  0.481795  0.459971  0.647794  0.563406  0.459269  0.536115  0.543110  0.449826  0.579094  0.611055  0.837693  0.530919  0.438314  0.611371  0.540547  0.524451  0.517164  0.434114  0.442902 
49  0.674247  0.641157  0.619504  0.650085  0.681031  0.617087  0.679638  0.634226  0.675489  0.604701  0.588070  0.513580  0.577881  0.586702  0.689614  0.594925  0.544785  0.649281  0.644197  0.567082  0.610731  0.596745  0.630099  0.717229  0.638947  0.684757  0.594167  0.680545  0.647718  0.659809  0.632077  0.722260  0.631639  0.631822  0.717146  0.598437  0.654140  0.691769  0.580677  0.622771  0.742889  0.587014  0.608066  0.703275  0.538446  0.565037  0.550873  0.720444  0.664262 0.0  0.701847  0.648627  0.768449  0.582888  0.659153  0.673734  0.627567  0.630165  0.558058  0.661625  0.625428  0.605820  0.589805  0.524122  0.646926  0.589939  0.605123  0.630877  0.710949  0.659199  0.657674  0.597445  0.611904 
50  0.483703  0.468973  0.596675  0.801519  0.517171  0.410690  0.726528  0.706336  0.442269  0.484384  0.621423  0.551358  0.863145  0.481652  0.412526  0.540937  0.535706  0.874530  0.771783  0.597921  0.469873  0.380193  0.858080  0.566081  0.851420  0.615377  0.352066  0.469341  0.435538  0.420888  0.673270  0.415288  0.879050  0.485079  0.464567  0.540893  0.329630  0.581450  0.537471  0.543826  0.464617  0.577661  0.482448  0.870541  0.485941  0.526639  0.652791  0.941190  0.506600  0.701847 0.0  0.424753  0.455030  0.511372  0.383259  0.545825  0.640526  0.502777  0.494194  0.470828  0.517248  0.508739  0.454138  0.511449  0.882813  0.604945  0.637691  0.486276  0.534902  0.555670  0.435492  0.551096  0.533274 
51  0.412446  0.676494  0.586775  0.883424  0.502530  0.559413  0.791132  0.767648  0.498119  0.458551  0.507085  0.505881  0.957755  0.373287  0.484460  0.366923  0.410688  0.827655  0.769106  0.397470  0.437188  0.495613  0.827189  0.558915  0.802082  0.661019  0.414608  0.380326  0.387139  0.493831  0.790057  0.401587  0.819096  0.349899  0.522845  0.406059  0.530173  0.570190  0.549477  0.534499  0.579405  0.528476  0.461387  0.706143  0.571227  0.566144  0.496084  0.922126  0.428477  0.648627  0.424753 0.0  0.575816  0.612405  0.488722  0.499041  0.521304  0.481778  0.475739  0.531638  0.435272  0.588379  0.596012  0.501237  0.811254  0.382630  0.614228  0.512480  0.555811  0.456708  0.470777  0.477015  0.566090 
52  0.597405  0.418058  0.518709  0.903965  0.504198  0.683189  0.871555  0.775335  0.693110  0.422829  0.553466  0.544023  0.865463  0.488773  0.633597  0.445793  0.428902  0.887116  0.898454  0.568608  0.621509  0.500155  0.886216  0.514833  0.776425  0.495060  0.572379  0.567339  0.385395  0.541948  0.766319  0.508388  0.805663  0.554346  0.530467  0.519542  0.587730  0.635502  0.531040  0.594586  0.535088  0.493750  0.469742  0.764207  0.476540  0.479538  0.605069  0.958332  0.514653  0.768449  0.455030  0.575816 0.0  0.500510  0.495542  0.610870  0.551010  0.562062  0.409644  0.554183  0.478967  0.482964  0.642700  0.608910  0.895507  0.435571  0.476408  0.510081  0.464372  0.432676  0.505753  0.422820  0.526232 
53  0.631073  0.456812  0.477940  0.952712  0.563083  0.366015  0.838650  0.889701  0.493700  0.500343  0.416363  0.499926  0.915671  0.538972  0.435776  0.402286  0.438779  0.884925  0.858857  0.582696  0.564705  0.563654  0.816541  0.421436  0.887957  0.472976  0.479426  0.556852  0.552114  0.542600  0.773256  0.616779  0.694486  0.564832  0.596354  0.630384  0.475243  0.625614  0.549648  0.409346  0.404746  0.444736  0.527384  0.870572  0.589799  0.301756  0.604221  0.903979  0.384606  0.582888  0.511372  0.612405  0.500510 0.0  0.561093  0.451077  0.749055  0.470259  0.480618  0.610359  0.508530  0.441762  0.524208  0.538856  0.841161  0.341135  0.479043  0.585519  0.519028  0.590178  0.571383  0.446157  0.363266 
