73
0 0.0  0.702305  0.891253  0.752526  0.774400  0.616460  0.945161  0.808304  0.682163  0.728626  0.743319  0.812720  0.816610  0.661854  0.680907  0.839228  0.710939  0.779457  0.855742  0.739514  0.785926  0.662661  0.713146  0.787641  0.711369  0.851387  0.872779  0.823079  0.808923  0.752212  0.782624  0.772723  0.847482  0.539000  0.751136  0.867813  0.887802  0.713979  0.864309  0.737788  0.738253  0.787935  0.787379  0.807975  0.759779  0.581973  0.770420  0.745964  0.773219  0.858963  0.859372  0.778080  0.835345  0.806581  0.870377  0.678000  0.734187  0.785799  0.802537  0.817374  0.827942  0.824921  0.828008  0.856697  0.817484  0.823126  0.748709  0.745410  0.737501  0.696481  0.656126  0.776709  0.808505 
1  0.702305 0.0  0.342907  0.485687  0.636852  0.493357  0.526896  0.645828  0.464898  0.450898  0.434628  0.462596  0.438841  0.826359  0.901767  0.393020  0.535967  0.855793  0.495762  0.446817  0.790376  0.763639  0.515947  0.726442  0.850234  0.384596  0.485966  0.493906  0.592677  0.544830  0.366087  0.394889  0.423470  0.735994  0.525173  0.498440  0.454417  0.598586  0.547089  0.639771  0.835234  0.381403  0.623970  0.539926  0.467828  0.553552  0.520631  0.817929  0.401902  0.407902  0.897863  0.441590  0.408048  0.448829  0.410467  0.487533  0.716663  0.452471  0.572858  0.479036  0.388809  0.497788  0.536136  0.455858  0.586631  0.797286  0.554703  0.816226  0.401934  0.532342  0.649122  0.585487  0.499511 
2  0.891253  0.342907 0.0  0.522160  0.564878  0.517900  0.504537  0.622089  0.519747  0.429598  0.412571  0.539416  0.527951  0.786967  0.847003  0.441147  0.516912  0.821747  0.557314  0.455887  0.823056  0.670720  0.529849  0.778675  0.801679  0.365173  0.436435  0.620858  0.680956  0.499968  0.424368  0.434099  0.452547  0.562321  0.438093  0.648860  0.543530  0.600344  0.574671  0.733149  0.729465  0.419867  0.541509  0.503399  0.447176  0.614519  0.531222  0.744032  0.370445  0.497501  0.838224  0.470681  0.417563  0.518842  0.440722  0.506494  0.532860  0.553090  0.440739  0.494892  0.435013  0.336359  0.331218  0.596517  0.589710  0.725666  0.432659  0.605937  0.459081  0.572855  0.685098  0.602094  0.454941 
3  0.752526  0.485687  0.522160 0.0  0.526113  0.596767  0.443261  0.543892  0.488802  0.459463  0.516370  0.590406  0.445789  0.692021  0.779603  0.506361  0.462720  0.757079  0.520470  0.380903  0.792041  0.704886  0.520335  0.656465  0.812576  0.516060  0.615283  0.517006  0.555175  0.394531  0.538865  0.507693  0.572777  0.587106  0.461808  0.387998  0.485684  0.413553  0.559858  0.610116  0.810855  0.589271  0.444987  0.509868  0.396125  0.461371  0.449142  0.725711  0.600277  0.526346  0.800590  0.438818  0.478846  0.512404  0.449505  0.461131  0.514082  0.399270  0.442354  0.406616  0.569906  0.489809  0.558122  0.460946  0.450824  0.768626  0.565598  0.756318  0.533195  0.554074  0.695001  0.359031  0.601084 
4  0.774400  0.636852  0.564878  0.526113 0.0  0.583175  0.472768  0.551841  0.566739  0.494892  0.489709  0.532301  0.683069  0.707206  0.820680  0.618267  0.476725  0.940800  0.561441  0.554222  0.748591  0.823541  0.603117  0.696683  0.925304  0.523494  0.660390  0.694717  0.548702  0.588555  0.540286  0.678314  0.569440  0.509665  0.501249  0.659664  0.577689  0.468042  0.340546  0.692409  0.871343  0.514905  0.572012  0.607664  0.422516  0.627094  0.663132  0.831924  0.640800  0.656113  0.772126  0.589755  0.634614  0.596680  0.386662  0.578203  0.629924  0.523689  0.606579  0.513487  0.597166  0.618816  0.570328  0.528210  0.628736  0.734788  0.595693  0.792080  0.581147  0.537024  0.693882  0.598459  0.527315 
5  0.616460  0.493357  0.517900  0.596767  0.583175 0.0  0.472554  0.615330  0.598122  0.566619  0.652956  0.512856  0.699303  0.556028  0.564173  0.537923  0.629289  0.540596  0.635801  0.671719  0.740470  0.618539  0.598577  0.549651  0.660780  0.544976  0.626165  0.645884  0.635599  0.531882  0.541921  0.557636  0.730951  0.578833  0.474732  0.595798  0.557144  0.577145  0.627881  0.665066  0.494864  0.565644  0.612410  0.590728  0.556586  0.645638  0.661424  0.666637  0.586289  0.591576  0.599749  0.592506  0.623722  0.529995  0.618576  0.575153  0.551055  0.639500  0.676832  0.695998  0.675363  0.518595  0.672458  0.589909  0.506400  0.556498  0.611493  0.550189  0.647620  0.561827  0.635262  0.756222  0.659355 
6  0.945161  0.526896  0.504537  0.443261  0.472768  0.472554 0.0  0.432863  0.511727  0.466540  0.460808  0.505288  0.495021  0.729509  0.828625  0.550568  0.614730  0.865974  0.495404  0.406356  0.794943  0.810731  0.389491  0.745597  0.869932  0.587480  0.444611  0.516159  0.453350  0.466675  0.532558  0.453762  0.498326  0.530516  0.518825  0.502139  0.451277  0.472844  0.524059  0.719114  0.909054  0.509582  0.282677  0.427688  0.432795  0.605086  0.402415  0.832041  0.515912  0.534457  0.880082  0.409737  0.557145  0.478979  0.560576  0.556140  0.593094  0.326932  0.537633  0.445175  0.504753  0.570814  0.517068  0.410121  0.507055  0.737826  0.449909  0.702605  0.504193  0.462778  0.720154  0.581777  0.502190 
7  0.808304  0.645828  0.622089  0.543892  0.551841  0.615330  0.432863 0.0  0.457575  0.483473  0.399921  0.421134  0.518118  0.709081  0.836605  0.636089  0.557007  0.776549  0.381472  0.458390  0.789693  0.788461  0.446219  0.769993  0.832908  0.464622  0.533260  0.374729  0.412888  0.395222  0.557619  0.486998  0.540589  0.528932  0.564375  0.377423  0.409839  0.529527  0.563637  0.687415  0.812585  0.408892  0.497345  0.537134  0.494020  0.598499  0.437481  0.780255  0.483677  0.457984  0.806014  0.317775  0.500760  0.488212  0.539244  0.469465  0.636723  0.494789  0.436954  0.411669  0.622372  0.551089  0.598491  0.412876  0.408770  0.800049  0.459261  0.789712  0.447873  0.475306  0.737781  0.468480  0.486473 
8  0.682163  0.464898  0.519747  0.488802  0.566739  0.598122  0.511727  0.457575 0.0  0.452197  0.427475  0.480095  0.533006  0.713750  0.811426  0.544485  0.587761  0.791591  0.561726  0.552454  0.784740  0.809013  0.479985  0.721370  0.857438  0.439526  0.494089  0.495521  0.525490  0.409710  0.463890  0.420214  0.482719  0.597710  0.421293  0.470401  0.442493  0.560868  0.525844  0.595914  0.802781  0.409266  0.438045  0.550320  0.602402  0.699566  0.487798  0.659005  0.509518  0.467633  0.867230  0.516013  0.557357  0.468249  0.452502  0.492050  0.531266  0.479740  0.593103  0.450785  0.493767  0.489844  0.528971  0.404665  0.606432  0.717234  0.361014  0.681227  0.366496  0.463927  0.681075  0.509391  0.363021 
9  0.728626  0.450898  0.429598  0.459463  0.494892  0.566619  0.466540  0.483473  0.452197 0.0  0.416833  0.509676  0.546425  0.709441  0.888549  0.400549  0.474143  0.835209  0.458062  0.521373  0.747993  0.835695  0.463554  0.750991  0.903656  0.376446  0.413910  0.526741  0.482052  0.511472  0.494603  0.487650  0.368164  0.618518  0.571561  0.440980  0.504971  0.435350  0.634948  0.626275  0.761696  0.489384  0.513004  0.453431  0.475599  0.638972  0.466937  0.836370  0.417764  0.521453  0.848677  0.557474  0.476408  0.405502  0.435464  0.393248  0.649240  0.491204  0.585230  0.458031  0.543882  0.525906  0.480942  0.545444  0.475905  0.774650  0.478904  0.725489  0.377681  0.560054  0.681318  0.508871  0.527181 
10  0.743319  0.434628  0.412571  0.516370  0.489709  0.652956  0.460808  0.399921  0.427475  0.416833 0.0  0.486378  0.377139  0.850423  0.814072  0.432193  0.581737  0.807173  0.398802  0.399027  0.758878  0.869620  0.437981  0.634158  0.701464  0.419976  0.471232  0.448775  0.399266  0.475863  0.391643  0.502075  0.463979  0.585928  0.435584  0.359803  0.503306  0.462327  0.558809  0.576894  0.730186  0.402174  0.439045  0.455131  0.508680  0.643910  0.595237  0.795917  0.446754  0.436359  0.813615  0.379861  0.444681  0.386242  0.526108  0.415116  0.643059  0.540702  0.476401  0.465583  0.410941  0.394581  0.465884  0.374287  0.505124  0.999531  0.394662  0.742379  0.496919  0.517786  0.604837  0.416564  0.423974 
11  0.812720  0.462596  0.539416  0.590406  0.532301  0.512856  0.505288  0.421134  0.480095  0.509676  0.486378 0.0  0.407195  0.741183  0.748670  0.506329  0.454231  0.797512  0.377551  0.413608  0.889171  0.758085  0.439791  0.729185  0.788795  0.403700  0.503161  0.471309  0.415398  0.529073  0.596334  0.555883  0.574731  0.643426  0.560935  0.424411  0.517196  0.486812  0.574231  0.696749  0.800450  0.506385  0.272278  0.342629  0.443008  0.602536  0.431948  0.807996  0.479392  0.519055  0.888294  0.506332  0.491152  0.572860  0.496663  0.554832  0.569481  0.412740  0.529972  0.423401  0.497795  0.500223  0.509301  0.281651  0.404037  0.829973  0.525229  0.776610  0.539148  0.576013  0.695497  0.543772  0.452191 
12  0.816610  0.438841  0.527951  0.445789  0.683069  0.699303  0.495021  0.518118  0.533006  0.546425  0.377139  0.407195 0.0  0.757305  0.752595  0.532379  0.475455  0.737078  0.458978  0.468792  0.840870  0.857769  0.496415  0.686347  0.865237  0.435140  0.545530  0.466612  0.490369  0.489194  0.511798  0.476327  0.456260  0.563811  0.462175  0.398388  0.412594  0.386002  0.602651  0.656504  0.842212  0.516237  0.367316  0.535191  0.549746  0.563629  0.671133  0.798944  0.500189  0.533992  0.831945  0.466366  0.454067  0.470774  0.578249  0.440944  0.513063  0.429851  0.360829  0.445477  0.442222  0.514376  0.479211  0.506539  0.416811  0.837291  0.498275  0.749954  0.518961  0.502796  0.788378  0.435296  0.508643 
13  0.661854  0.826359  0.786967  0.692021  0.707206  0.556028  0.729509  0.709081  0.713750  0.709441  0.850423  0.741183  0.757305 0.0  0.416356  0.759979  0.740960  0.638653  0.765514  0.682735  0.727627  0.524466  0.792864  0.806904  0.504200  0.735259  0.760131  0.753958  0.804282  0.808939  0.710726  0.721579  0.746717  0.705904  0.704866  0.740582  0.737670  0.785022  0.840320  0.752360  0.565154  0.788985  0.797956  0.760335  0.746022  0.585302  0.794623  0.750500  0.757575  0.701926  0.759984  0.676251  0.792541  0.786781  0.749242  0.748033  0.693524  0.762544  0.804767  0.852592  0.747454  0.814575  0.672045  0.739717  0.749695  0.688198  0.739136  0.776329  0.685129  0.692994  0.698813  0.822597  0.730771 
14  0.680907  0.901767  0.847003  0.779603  0.820680  0.564173  0.828625  0.836605  0.811426  0.888549  0.814072  0.748670  0.752595  0.416356 0.0  0.874714  0.748176  0.711663  0.787735  0.837488  0.776541  0.568594  0.854454  0.914703  0.704924  0.908777  0.798522  0.858745  0.808883  0.876873  0.821157  0.876077  0.812740  0.633553  0.668389  0.825190  0.831013  0.831540  0.926230  0.802957  0.754738  0.764677  0.749851  0.710557  0.777615  0.672795  0.823838  0.795820  0.753354  0.771701  0.901851  0.791033  0.776309  0.809739  0.758838  0.812483  0.765273  0.886979  0.829547  0.795144  0.783055  0.889869  0.835206  0.840013  0.763319  0.864924  0.752740  0.786139  0.757998  0.786873  0.651427  0.850625  0.905241 
15  0.839228  0.393020  0.441147  0.506361  0.618267  0.537923  0.550568  0.636089  0.544485  0.400549  0.432193  0.506329  0.532379  0.759979  0.874714 0.0  0.517333  0.751542  0.509771  0.508083  0.743231  0.812564  0.494141  0.543054  0.818004  0.379836  0.469736  0.537373  0.519036  0.540337  0.410184  0.464122  0.467322  0.636807  0.493968  0.454681  0.469503  0.440179  0.528284  0.577487  0.875885  0.384535  0.450782  0.513114  0.506404  0.642850  0.498055  0.781420  0.441443  0.374120  0.813108  0.512567  0.461090  0.473181  0.419800  0.466495  0.569183  0.658123  0.557803  0.508863  0.394862  0.589839  0.484212  0.486895  0.534638  0.811656  0.502211  0.750109  0.570070  0.547168  0.671379  0.581061  0.404849 
16  0.710939  0.535967  0.516912  0.462720  0.476725  0.629289  0.614730  0.557007  0.587761  0.474143  0.581737  0.454231  0.475455  0.740960  0.748176  0.517333 0.0  0.715750  0.567670  0.626047  0.727259  0.713147  0.594125  0.524753  0.724072  0.432123  0.501375  0.502662  0.514905  0.462626  0.485614  0.536738  0.601472  0.554200  0.471155  0.516309  0.641247  0.478427  0.406711  0.577831  0.616714  0.541395  0.624112  0.472640  0.459191  0.508161  0.609453  0.726393  0.443786  0.502657  0.642839  0.461737  0.414712  0.520481  0.604796  0.536140  0.521981  0.492228  0.485294  0.473629  0.503936  0.503824  0.600596  0.572634  0.549259  0.670480  0.524172  0.635039  0.464034  0.385735  0.680195  0.470176  0.535522 
17  0.779457  0.855793  0.821747  0.757079  0.940800  0.540596  0.865974  0.776549  0.791591  0.835209  0.807173  0.797512  0.737078  0.638653  0.711663  0.751542  0.715750 0.0  0.883584  0.768605  0.670787  0.693689  0.811136  0.723892  0.457112  0.862140  0.665537  0.883618  0.886260  0.807521  0.852938  0.804933  0.753402  0.637014  0.810877  0.826622  0.779209  0.847973  0.833645  0.845030  0.479841  0.784099  0.856225  0.807599  0.796509  0.562551  0.820529  0.841013  0.753372  0.733635  0.724983  0.766467  0.835461  0.854777  0.843356  0.850202  0.834613  0.846448  0.767040  0.834764  0.746932  0.814365  0.828379  0.734360  0.720706  0.763512  0.777457  0.746913  0.798960  0.686070  0.696903  0.729609  0.773968 
18  0.855742  0.495762  0.557314  0.520470  0.561441  0.635801  0.495404  0.381472  0.561726  0.458062  0.398802  0.377551  0.458978  0.765514  0.787735  0.509771  0.567670  0.883584 0.0  0.578086  0.834678  0.869051  0.368593  0.521200  0.833574  0.538503  0.500347  0.471626  0.511341  0.485411  0.493574  0.480493  0.510463  0.713981  0.458622  0.492427  0.402335  0.500522  0.574900  0.573429  0.849154  0.526882  0.455468  0.395169  0.462116  0.603048  0.479863  0.803758  0.513726  0.472337  0.776325  0.481410  0.483645  0.454180  0.552574  0.539362  0.530838  0.419791  0.470569  0.468467  0.511302  0.480873  0.589103  0.523241  0.460832  0.849368  0.553585  0.840953  0.531547  0.613115  0.707940  0.446331  0.479044 
19  0.739514  0.446817  0.455887  0.380903  0.554222  0.671719  0.406356  0.458390  0.552454  0.521373  0.399027  0.413608  0.468792  0.682735  0.837488  0.508083  0.626047  0.768605  0.578086 0.0  0.672315  0.759848  0.490959  0.636530  0.771396  0.571888  0.492659  0.424288  0.441829  0.537481  0.535001  0.527448  0.629307  0.635686  0.509997  0.421792  0.458374  0.461147  0.534314  0.587203  0.856086  0.528107  0.608461  0.423945  0.403920  0.682821  0.341943  0.891623  0.483160  0.488701  0.889224  0.437342  0.497058  0.348873  0.554893  0.507843  0.563259  0.478816  0.351121  0.317653  0.449628  0.557143  0.434461  0.521729  0.506058  0.829357  0.607024  0.662226  0.592971  0.547185  0.671073  0.479681  0.445588 
20  0.785926  0.790376  0.823056  0.792041  0.748591  0.740470  0.794943  0.789693  0.784740  0.747993  0.758878  0.889171  0.840870  0.727627  0.776541  0.743231  0.727259  0.670787  0.834678  0.672315 0.0  0.773547  0.813751  0.835853  0.855937  0.745516  0.710174  0.811863  0.879136  0.748288  0.669938  0.764429  0.686550  0.764607  0.792732  0.733846  0.754638  0.852610  0.829010  0.841781  0.889014  0.787784  0.819051  0.763654  0.824135  0.793752  0.705238  0.837099  0.773745  0.821109  0.746677  0.788565  0.842872  0.785614  0.813205  0.739747  0.788156  0.733501  0.911895  0.694152  0.792453  0.764568  0.807908  0.803400  0.705863  0.889897  0.871705  0.712924  0.791142  0.834491  0.687881  0.762569  0.760250 
21  0.662661  0.763639  0.670720  0.704886  0.823541  0.618539  0.810731  0.788461  0.809013  0.835695  0.869620  0.758085  0.857769  0.524466  0.568594  0.812564  0.713147  0.693689  0.869051  0.759848  0.773547 0.0  0.736487  0.825170  0.604922  0.850314  0.764580  0.763143  0.756046  0.812676  0.837108  0.837028  0.793292  0.695923  0.797696  0.994470  0.765551  0.880102  0.825957  0.854819  0.612641  0.858335  0.899784  0.873890  0.791827  0.610327  0.815665  0.787040  0.833933  0.859937  0.781948  0.751860  0.868374  0.773074  0.823820  0.833662  0.753564  0.834925  0.839708  0.777248  0.818034  0.699902  0.724458  0.900413  0.857058  0.777011  0.867736  0.783147  0.814242  0.728194  0.623581  0.791977  0.852519 
22  0.713146  0.515947  0.529849  0.520335  0.603117  0.598577  0.389491  0.446219  0.479985  0.463554  0.437981  0.439791  0.496415  0.792864  0.854454  0.494141  0.594125  0.811136  0.368593  0.490959  0.813751  0.736487 0.0  0.732804  0.823897  0.587548  0.409870  0.449771  0.457436  0.364062  0.460577  0.479393  0.468515  0.484465  0.423910  0.512951  0.557107  0.484397  0.542537  0.639741  0.761155  0.479276  0.488224  0.420383  0.396938  0.562076  0.443282  0.694039  0.533960  0.501683  0.778327  0.325866  0.437296  0.419285  0.568174  0.371793  0.638327  0.289061  0.381626  0.470035  0.475089  0.491798  0.464228  0.341830  0.469410  0.780848  0.456362  0.770946  0.553675  0.505749  0.638379  0.374312  0.382336 
23  0.787641  0.726442  0.778675  0.656465  0.696683  0.549651  0.745597  0.769993  0.721370  0.750991  0.634158  0.729185  0.686347  0.806904  0.914703  0.543054  0.524753  0.723892  0.521200  0.636530  0.835853  0.825170  0.732804 0.0  0.758621  0.801403  0.684045  0.643935  0.648138  0.706398  0.812073  0.630867  0.745166  0.685611  0.797515  0.745449  0.667586  0.676276  0.768614  0.441429  0.841955  0.667824  0.693637  0.804298  0.687630  0.600066  0.753182  0.743115  0.723753  0.690569  0.828832  0.741262  0.713205  0.703340  0.571303  0.808603  0.689845  0.685275  0.772172  0.711101  0.679389  0.643154  0.764866  0.679319  0.623143  0.739898  0.780793  0.701557  0.672930  0.520209  0.643521  0.705393  0.661854 
24  0.711369  0.850234  0.801679  0.812576  0.925304  0.660780  0.869932  0.832908  0.857438  0.903656  0.701464  0.788795  0.865237  0.504200  0.704924  0.818004  0.724072  0.457112  0.833574  0.771396  0.855937  0.604922  0.823897  0.758621 0.0  0.816145  0.918422  0.859880  0.781781  0.777097  0.868270  1.000000  0.997292  0.619063  0.826506  0.860812  0.873965  0.807968  0.696879  0.795417  0.598438  0.798767  0.743782  0.840873  0.859387  0.539707  0.920772  0.793939  0.754206  0.842286  0.776518  0.841156  0.806186  0.808078  0.742789  0.963961  0.714275  0.722536  0.848010  0.758295  0.810327  0.796745  0.815669  0.832139  0.748335  0.827149  0.793802  0.738091  0.850900  0.728698  0.673035  0.847848  0.795084 
25  0.851387  0.384596  0.365173  0.516060  0.523494  0.544976  0.587480  0.464622  0.439526  0.376446  0.419976  0.403700  0.435140  0.735259  0.908777  0.379836  0.432123  0.862140  0.538503  0.571888  0.745516  0.850314  0.587548  0.801403  0.816145 0.0  0.383377  0.455356  0.419009  0.479568  0.476165  0.478036  0.380620  0.568905  0.492183  0.513751  0.609947  0.584630  0.543276  0.653127  0.827788  0.454489  0.542667  0.568843  0.644850  0.549891  0.577555  0.671892  0.354184  0.400921  0.827661  0.577949  0.415380  0.573235  0.328702  0.450167  0.597936  0.525181  0.628405  0.568879  0.482389  0.357007  0.437727  0.507525  0.536330  0.928232  0.454361  0.746945  0.374012  0.459063  0.682801  0.659088  0.490284 
26  0.872779  0.485966  0.436435  0.615283  0.660390  0.626165  0.444611  0.533260  0.494089  0.413910  0.471232  0.503161  0.545530  0.760131  0.798522  0.469736  0.501375  0.665537  0.500347  0.492659  0.710174  0.764580  0.409870  0.684045  0.918422  0.383377 0.0  0.569939  0.599280  0.368433  0.379619  0.375743  0.399428  0.655151  0.503874  0.496584  0.503842  0.563036  0.668999  0.686766  0.834880  0.423036  0.564525  0.523262  0.508960  0.553411  0.460340  0.906769  0.411866  0.435124  0.930829  0.622972  0.420555  0.627262  0.392891  0.449316  0.579695  0.437325  0.513087  0.657422  0.399618  0.472601  0.409376  0.627447  0.597963  0.908449  0.507197  0.727409  0.464231  0.515753  0.700014  0.551093  0.433461 
27  0.823079  0.493906  0.620858  0.517006  0.694717  0.645884  0.516159  0.374729  0.495521  0.526741  0.448775  0.471309  0.466612  0.753958  0.858745  0.537373  0.502662  0.883618  0.471626  0.424288  0.811863  0.763143  0.449771  0.643935  0.859880  0.455356  0.569939 0.0  0.386702  0.424219  0.440288  0.543128  0.584474  0.658407  0.609127  0.546433  0.340987  0.427120  0.622559  0.717000  0.870090  0.518012  0.538363  0.402966  0.502672  0.492183  0.443528  0.785351  0.433108  0.548885  0.838277  0.331808  0.570368  0.422477  0.544579  0.462090  0.707544  0.510490  0.476065  0.496030  0.497508  0.437432  0.465691  0.482374  0.409602  0.809273  0.475662  0.853120  0.618894  0.530920  0.814414  0.419541  0.552253 
28  0.808923  0.592677  0.680956  0.555175  0.548702  0.635599  0.453350  0.412888  0.525490  0.482052  0.399266  0.415398  0.490369  0.804282  0.808883  0.519036  0.514905  0.886260  0.511341  0.441829  0.879136  0.756046  0.457436  0.648138  0.781781  0.419009  0.599280  0.386702 0.0  0.377165  0.506585  0.502796  0.488512  0.638725  0.460380  0.365934  0.305431  0.539544  0.530491  0.686678  0.872893  0.599820  0.537455  0.470637  0.494996  0.730220  0.496638  0.808993  0.583643  0.552018  0.904607  0.390505  0.466866  0.498891  0.562561  0.520733  0.683751  0.486096  0.505016  0.457240  0.672737  0.533280  0.576945  0.455280  0.418639  0.809876  0.331252  0.830924  0.486411  0.464912  0.719950  0.421007  0.469460 
29  0.752212  0.544830  0.499968  0.394531  0.588555  0.531882  0.466675  0.395222  0.409710  0.511472  0.475863  0.529073  0.489194  0.808939  0.876873  0.540337  0.462626  0.807521  0.485411  0.537481  0.748288  0.812676  0.364062  0.706398  0.777097  0.479568  0.368433  0.424219  0.377165 0.0  0.399296  0.436673  0.524467  0.666849  0.514890  0.434395  0.424618  0.493720  0.488021  0.669419  0.744108  0.457745  0.427273  0.540093  0.316600  0.643010  0.418716  0.841467  0.644494  0.517957  0.786551  0.379961  0.406741  0.449152  0.523137  0.461298  0.618600  0.496100  0.492826  0.433841  0.509660  0.524644  0.565690  0.509544  0.374241  0.798346  0.470230  0.627575  0.503798  0.475520  0.742217  0.517124  0.415331 
30  0.782624  0.366087  0.424368  0.538865  0.540286  0.541921  0.532558  0.557619  0.463890  0.494603  0.391643  0.596334  0.511798  0.710726  0.821157  0.410184  0.485614  0.852938  0.493574  0.535001  0.669938  0.837108  0.460577  0.812073  0.868270  0.476165  0.379619  0.440288  0.506585  0.399296 0.0  0.503185  0.406825  0.576955  0.456026  0.600999  0.522702  0.564819  0.521553  0.666738  0.801996  0.401364  0.427221  0.504618  0.485500  0.509397  0.495925  0.853082  0.514672  0.447943  0.854172  0.548088  0.455604  0.517079  0.396716  0.357381  0.528118  0.468213  0.537672  0.505996  0.458063  0.518693  0.344927  0.644345  0.466914  0.808929  0.425269  0.784734  0.461541  0.512203  0.651840  0.502817  0.385234 
31  0.772723  0.394889  0.434099  0.507693  0.678314  0.557636  0.453762  0.486998  0.420214  0.487650  0.502075  0.555883  0.476327  0.721579  0.876077  0.464122  0.536738  0.804933  0.480493  0.527448  0.764429  0.837028  0.479393  0.630867  1.000000  0.478036  0.375743  0.543128  0.502796  0.436673  0.503185 0.0  0.336701  0.551130  0.328010  0.391435  0.494838  0.505945  0.572004  0.557155  0.711964  0.392346  0.486722  0.482532  0.553932  0.610847  0.483331  0.675468  0.439844  0.578799  0.904849  0.521809  0.461041  0.408295  0.472513  0.436398  0.642446  0.521087  0.605565  0.571866  0.441645  0.449291  0.445316  0.419259  0.499110  0.729137  0.386085  0.815558  0.399289  0.591131  0.710151  0.603648  0.419762 
32  0.847482  0.423470  0.452547  0.572777  0.569440  0.730951  0.498326  0.540589  0.482719  0.368164  0.463979  0.574731  0.456260  0.746717  0.812740  0.467322  0.601472  0.753402  0.510463  0.629307  0.686550  0.793292  0.468515  0.745166  0.997292  0.380620  0.399428  0.584474  0.488512  0.524467  0.406825  0.336701 0.0  0.559687  0.450460  0.468979  0.575817  0.544622  0.621489  0.740583  0.768345  0.464103  0.511711  0.549891  0.604893  0.696405  0.636060  0.784299  0.505615  0.357775  0.829958  0.442759  0.474491  0.540036  0.538922  0.276208  0.522456  0.529325  0.582295  0.556211  0.439787  0.434734  0.357160  0.449306  0.593244  0.867096  0.561236  0.801877  0.536646  0.507714  0.665717  0.531673  0.511579 
33  0.539000  0.735994  0.562321  0.587106  0.509665  0.578833  0.530516  0.528932  0.597710  0.618518  0.585928  0.643426  0.563811  0.705904  0.633553  0.636807  0.554200  0.637014  0.713981  0.635686  0.764607  0.695923  0.484465  0.685611  0.619063  0.568905  0.655151  0.658407  0.638725  0.666849  0.576955  0.551130  0.559687 0.0  0.572317  0.578320  0.550978  0.578880  0.547645  0.514480  0.640284  0.597002  0.599012  0.595448  0.504753  0.542528  0.524969  0.527380  0.562948  0.549686  0.527567  0.688389  0.641126  0.571748  0.548676  0.633931  0.596867  0.621078  0.566098  0.554215  0.616934  0.700248  0.603703  0.670366  0.605699  0.620885  0.598526  0.675825  0.600520  0.584883  0.670085  0.591117  0.616378 
34  0.751136  0.525173  0.438093  0.461808  0.501249  0.474732  0.518825  0.564375  0.421293  0.571561  0.435584  0.560935  0.462175  0.704866  0.668389  0.493968  0.471155  0.810877  0.458622  0.509997  0.792732  0.797696  0.423910  0.797515  0.826506  0.492183  0.503874  0.609127  0.460380  0.514890  0.456026  0.328010  0.450460  0.572317 0.0  0.496053  0.585088  0.458041  0.577935  0.629530  0.687617  0.496605  0.541443  0.460125  0.445016  0.620568  0.475739  0.787538  0.507291  0.476126  0.826207  0.545076  0.399406  0.540712  0.517423  0.552083  0.470116  0.598796  0.606911  0.573457  0.420082  0.481881  0.395770  0.599591  0.481763  0.736928  0.457694  0.753003  0.470453  0.435374  0.677185  0.505142  0.372173 
35  0.867813  0.498440  0.648860  0.387998  0.659664  0.595798  0.502139  0.377423  0.470401  0.440980  0.359803  0.424411  0.398388  0.740582  0.825190  0.454681  0.516309  0.826622  0.492427  0.421792  0.733846  0.994470  0.512951  0.745449  0.860812  0.513751  0.496584  0.546433  0.365934  0.434395  0.600999  0.391435  0.468979  0.578320  0.496053 0.0  0.494699  0.388379  0.551502  0.652588  0.759862  0.511860  0.470498  0.481961  0.517053  0.592461  0.427408  0.761112  0.719102  0.552551  0.871581  0.493029  0.387275  0.278527  0.522910  0.495600  0.580538  0.515421  0.485033  0.371483  0.464962  0.532246  0.540676  0.460201  0.523810  0.784630  0.605928  0.696623  0.440750  0.446483  0.662614  0.424988  0.587282 
36  0.887802  0.454417  0.543530  0.485684  0.577689  0.557144  0.451277  0.409839  0.442493  0.504971  0.503306  0.517196  0.412594  0.737670  0.831013  0.469503  0.641247  0.779209  0.402335  0.458374  0.754638  0.765551  0.557107  0.667586  0.873965  0.609947  0.503842  0.340987  0.305431  0.424618  0.522702  0.494838  0.575817  0.550978  0.585088  0.494699 0.0  0.532797  0.530082  0.692789  0.776205  0.608262  0.448205  0.401973  0.464329  0.567165  0.531723  0.873207  0.520956  0.388586  0.875989  0.363929  0.541133  0.458309  0.531193  0.462479  0.561606  0.564520  0.457169  0.366683  0.426381  0.463009  0.519509  0.291418  0.447605  0.762517  0.455784  0.733356  0.549691  0.436337  0.715276  0.434559  0.486562 
37  0.713979  0.598586  0.600344  0.413553  0.468042  0.577145  0.472844  0.529527  0.560868  0.435350  0.462327  0.486812  0.386002  0.785022  0.831540  0.440179  0.478427  0.847973  0.500522  0.461147  0.852610  0.880102  0.484397  0.676276  0.807968  0.584630  0.563036  0.427120  0.539544  0.493720  0.564819  0.505945  0.544622  0.578880  0.458041  0.388379  0.532797 0.0  0.567904  0.613966  0.771402  0.580901  0.444838  0.524069  0.580148  0.564827  0.515574  0.848448  0.430094  0.595113  0.924194  0.393437  0.520922  0.391310  0.442504  0.597356  0.600682  0.554295  0.364624  0.377305  0.572292  0.482693  0.585468  0.424129  0.615761  0.786991  0.576973  0.716144  0.423670  0.524355  0.684093  0.458474  0.514558 
38  0.864309  0.547089  0.574671  0.559858  0.340546  0.627881  0.524059  0.563637  0.525844  0.634948  0.558809  0.574231  0.602651  0.840320  0.926230  0.528284  0.406711  0.833645  0.574900  0.534314  0.829010  0.825957  0.542537  0.768614  0.696879  0.543276  0.668999  0.622559  0.530491  0.488021  0.521553  0.572004  0.621489  0.547645  0.577935  0.551502  0.530082  0.567904 0.0  0.641897  0.823214  0.629511  0.573914  0.507839  0.614057  0.611212  0.586062  0.856955  0.637668  0.676459  0.802947  0.575254  0.523058  0.502328  0.530809  0.609627  0.541168  0.545092  0.695834  0.614095  0.552923  0.612810  0.586588  0.560237  0.594803  0.788880  0.545834  0.749821  0.586349  0.599904  0.692690  0.512932  0.498597 
39  0.737788  0.639771  0.733149  0.610116  0.692409  0.665066  0.719114  0.687415  0.595914  0.626275  0.576894  0.696749  0.656504  0.752360  0.802957  0.577487  0.577831  0.845030  0.573429  0.587203  0.841781  0.854819  0.639741  0.441429  0.795417  0.653127  0.686766  0.717000  0.686678  0.669419  0.666738  0.557155  0.740583  0.514480  0.629530  0.652588  0.692789  0.613966  0.641897 0.0  0.819943  0.522155  0.685772  0.622464  0.522993  0.558528  0.642110  0.761861  0.727139  0.761258  0.849794  0.531204  0.564149  0.664993  0.715071  0.664066  0.640871  0.763119  0.698419  0.707847  0.640389  0.544486  0.609083  0.626058  0.604653  0.699663  0.649232  0.899042  0.733987  0.547634  0.730134  0.665400  0.655888 
40  0.738253  0.835234  0.729465  0.810855  0.871343  0.494864  0.909054  0.812585  0.802781  0.761696  0.730186  0.800450  0.842212  0.565154  0.754738  0.875885  0.616714  0.479841  0.849154  0.856086  0.889014  0.612641  0.761155  0.841955  0.598438  0.827788  0.834880  0.870090  0.872893  0.744108  0.801996  0.711964  0.768345  0.640284  0.687617  0.759862  0.776205  0.771402  0.823214  0.819943 0.0  0.799473  0.859571  0.792972  0.830246  0.627214  0.880911  0.924010  0.771153  0.834678  0.659300  0.827908  0.834636  0.852641  0.845387  0.764111  0.761592  0.861191  0.834110  0.822488  0.922679  0.937580  0.788086  0.765088  0.782076  0.882834  0.747983  0.732324  0.822737  0.648611  0.723378  0.720238  0.823992 
41  0.787935  0.381403  0.419867  0.589271  0.514905  0.565644  0.509582  0.408892  0.409266  0.489384  0.402174  0.506385  0.516237  0.788985  0.764677  0.384535  0.541395  0.784099  0.526882  0.528107  0.787784  0.858335  0.479276  0.667824  0.798767  0.454489  0.423036  0.518012  0.599820  0.457745  0.401364  0.392346  0.464103  0.597002  0.496605  0.511860  0.608262  0.580901  0.629511  0.522155  0.799473 0.0  0.482688  0.473762  0.481076  0.608142  0.456983  0.766532  0.404912  0.445682  0.889711  0.508081  0.336980  0.502215  0.498509  0.466339  0.571816  0.564212  0.500114  0.433004  0.542335  0.417309  0.466698  0.609669  0.458824  0.774904  0.391807  0.669171  0.504710  0.546030  0.735712  0.586053  0.457192 
42  0.787379  0.623970  0.541509  0.444987  0.572012  0.612410  0.282677  0.497345  0.438045  0.513004  0.439045  0.272278  0.367316  0.797956  0.749851  0.450782  0.624112  0.856225  0.455468  0.608461  0.819051  0.899784  0.488224  0.693637  0.743782  0.542667  0.564525  0.538363  0.537455  0.427273  0.427221  0.486722  0.511711  0.599012  0.541443  0.470498  0.448205  0.444838  0.573914  0.685772  0.859571  0.482688 0.0  0.378918  0.387201  0.536304  0.517158  0.869059  0.489441  0.508905  0.849160  0.456839  0.394149  0.467979  0.604392  0.553912  0.639337  0.455305  0.557340  0.512770  0.585489  0.478370  0.419771  0.390423  0.543958  0.888068  0.458458  0.823427  0.520061  0.479649  0.659834  0.504315  0.505012 
43  0.807975  0.539926  0.503399  0.509868  0.607664  0.590728  0.427688  0.537134  0.550320  0.453431  0.455131  0.342629  0.535191  0.760335  0.710557  0.513114  0.472640  0.807599  0.395169  0.423945  0.763654  0.873890  0.420383  0.804298  0.840873  0.568843  0.523262  0.402966  0.470637  0.540093  0.504618  0.482532  0.549891  0.595448  0.460125  0.481961  0.401973  0.524069  0.507839  0.622464  0.792972  0.473762  0.378918 0.0  0.514726  0.666352  0.444800  0.882019  0.519072  0.503634  0.854926  0.528755  0.340399  0.452046  0.606165  0.516829  0.546778  0.454238  0.470751  0.487278  0.466235  0.527198  0.444202  0.453603  0.437355  0.909015  0.441655  0.773283  0.554754  0.496765  0.714205  0.496910  0.427965 
44  0.759779  0.467828  0.447176  0.396125  0.422516  0.556586  0.432795  0.494020  0.602402  0.475599  0.508680  0.443008  0.549746  0.746022  0.777615  0.506404  0.459191  0.796509  0.462116  0.403920  0.824135  0.791827  0.396938  0.687630  0.859387  0.644850  0.508960  0.502672  0.494996  0.316600  0.485500  0.553932  0.604893  0.504753  0.445016  0.517053  0.464329  0.580148  0.614057  0.522993  0.830246  0.481076  0.387201  0.514726 0.0  0.703781  0.505761  0.746270  0.517866  0.589347  0.867257  0.524921  0.466376  0.459280  0.553540  0.545886  0.618729  0.349111  0.410494  0.544761  0.399202  0.551844  0.572951  0.457290  0.528315  0.744707  0.554889  0.699949  0.489948  0.505177  0.770807  0.399642  0.450149 
45  0.581973  0.553552  0.614519  0.461371  0.627094  0.645638  0.605086  0.598499  0.699566  0.638972  0.643910  0.602536  0.563629  0.585302  0.672795  0.642850  0.508161  0.562551  0.603048  0.682821  0.793752  0.610327  0.562076  0.600066  0.539707  0.549891  0.553411  0.492183  0.730220  0.643010  0.509397  0.610847  0.696405  0.542528  0.620568  0.592461  0.567165  0.564827  0.611212  0.558528  0.627214  0.608142  0.536304  0.666352  0.703781 0.0  0.510089  0.755573  0.571554  0.664080  0.589477  0.700298  0.641974  0.641425  0.557701  0.627769  0.537324  0.613322  0.672902  0.533108  0.479781  0.633552  0.587719  0.604871  0.527667  0.675728  0.572955  0.571050  0.518956  0.549020  0.551920  0.631746  0.619481 
46  0.770420  0.520631  0.531222  0.449142  0.663132  0.661424  0.402415  0.437481  0.487798  0.466937  0.595237  0.431948  0.671133  0.794623  0.823838  0.498055  0.609453  0.820529  0.479863  0.341943  0.705238  0.815665  0.443282  0.753182  0.920772  0.577555  0.460340  0.443528  0.496638  0.418716  0.495925  0.483331  0.636060  0.524969  0.475739  0.427408  0.531723  0.515574  0.586062  0.642110  0.880911  0.456983  0.517158  0.444800  0.505761  0.510089 0.0  0.855595  0.394253  0.522388  0.905318  0.499270  0.467930  0.451533  0.531172  0.453857  0.560444  0.495142  0.482845  0.417300  0.430557  0.558220  0.510885  0.493687  0.485025  0.836752  0.518197  0.731928  0.562739  0.433909  0.686683  0.459612  0.510813 
47  0.745964  0.817929  0.744032  0.725711  0.831924  0.666637  0.832041  0.780255  0.659005  0.836370  0.795917  0.807996  0.798944  0.750500  0.795820  0.781420  0.726393  0.841013  0.803758  0.891623  0.837099  0.787040  0.694039  0.743115  0.793939  0.671892  0.906769  0.785351  0.808993  0.841467  0.853082  0.675468  0.784299  0.527380  0.787538  0.761112  0.873207  0.848448  0.856955  0.761861  0.924010  0.766532  0.869059  0.882019  0.746270  0.755573  0.855595 0.0  0.687179  0.877717  0.752697  0.792481  0.805640  0.809242  0.801145  0.886620  0.694247  0.742549  0.776280  0.808100  0.757713  0.826117  0.769706  0.793395  0.865524  0.444514  0.849803  0.802559  0.781082  0.641316  0.578825  0.818189  0.745178 
48  0.773219  0.401902  0.370445  0.600277  0.640800  0.586289  0.515912  0.483677  0.509518  0.417764  0.446754  0.479392  0.500189  0.757575  0.753354  0.441443  0.443786  0.753372  0.513726  0.483160  0.773745  0.833933  0.533960  0.723753  0.754206  0.354184  0.411866  0.433108  0.583643  0.644494  0.514672  0.439844  0.505615  0.562948  0.507291  0.719102  0.520956  0.430094  0.637668  0.727139  0.771153  0.404912  0.489441  0.519072  0.517866  0.571554  0.394253  0.687179 0.0  0.487778  0.872721  0.675869  0.540667  0.561989  0.416953  0.451624  0.546764  0.390574  0.494641  0.413878  0.325385  0.436119  0.437516  0.579566  0.489559  0.729480  0.472900  0.707022  0.393446  0.464882  0.719741  0.572041  0.564742 
49  0.858963  0.407902  0.497501  0.526346  0.656113  0.591576  0.534457  0.457984  0.467633  0.521453  0.436359  0.519055  0.533992  0.701926  0.771701  0.374120  0.502657  0.733635  0.472337  0.488701  0.821109  0.859937  0.501683  0.690569  0.842286  0.400921  0.435124  0.548885  0.552018  0.517957  0.447943  0.578799  0.357775  0.549686  0.476126  0.552551  0.388586  0.595113  0.676459  0.761258  0.834678  0.445682  0.508905  0.503634  0.589347  0.664080  0.522388  0.877717  0.487778 0.0  0.809879  0.529369  0.484177  0.378647  0.412650  0.451967  0.600341  0.585300  0.543385  0.580622  0.501496  0.441737  0.383134  0.603278  0.594551  0.736956  0.460785  0.851017  0.438091  0.575101  0.639365  0.487499  0.502858 
50  0.859372  0.897863  0.838224  0.800590  0.772126  0.599749  0.880082  0.806014  0.867230  0.848677  0.813615  0.888294  0.831945  0.759984  0.901851  0.813108  0.642839  0.724983  0.776325  0.889224  0.746677  0.781948  0.778327  0.828832  0.776518  0.827661  0.930829  0.838277  0.904607  0.786551  0.854172  0.904849  0.829958  0.527567  0.826207  0.871581  0.875989  0.924194  0.802947  0.849794  0.659300  0.889711  0.849160  0.854926  0.867257  0.589477  0.905318  0.752697  0.872721  0.809879 0.0  0.835451  0.731471  0.803041  0.852886  0.676973  0.719344  0.935633  0.863947  0.869647  0.827799  0.844104  0.911571  0.789158  0.838751  0.787251  0.913388  0.772619  0.853881  0.688542  0.698914  0.807908  0.780528 
51  0.778080  0.441590  0.470681  0.438818  0.589755  0.592506  0.409737  0.317775  0.516013  0.557474  0.379861  0.506332  0.466366  0.676251  0.791033  0.512567  0.461737  0.766467  0.481410  0.437342  0.788565  0.751860  0.325866  0.741262  0.841156  0.577949  0.622972  0.331808  0.390505  0.379961  0.548088  0.521809  0.442759  0.688389  0.545076  0.493029  0.363929  0.393437  0.575254  0.531204  0.827908  0.508081  0.456839  0.528755  0.524921  0.700298  0.499270  0.792481  0.675869  0.529369  0.835451 0.0  0.416352  0.367990  0.480009  0.496127  0.586854  0.506986  0.569461  0.508181  0.446159  0.505239  0.541364  0.519995  0.503059  0.762899  0.485249  0.758041  0.532030  0.587982  0.672137  0.508486  0.553691 
52  0.835345  0.408048  0.417563  0.478846  0.634614  0.623722  0.557145  0.500760  0.557357  0.476408  0.444681  0.491152  0.454067  0.792541  0.776309  0.461090  0.414712  0.835461  0.483645  0.497058  0.842872  0.868374  0.437296  0.713205  0.806186  0.415380  0.420555  0.570368  0.466866  0.406741  0.455604  0.461041  0.474491  0.641126  0.399406  0.387275  0.541133  0.520922  0.523058  0.564149  0.834636  0.336980  0.394149  0.340399  0.466376  0.641974  0.467930  0.805640  0.540667  0.484177  0.731471  0.416352 0.0  0.457524  0.491693  0.478479  0.517417  0.387992  0.494203  0.454203  0.461441  0.433657  0.476465  0.568656  0.479012  0.780258  0.452440  0.768646  0.456992  0.538744  0.719908  0.556053  0.520652 
53  0.806581  0.448829  0.518842  0.512404  0.596680  0.529995  0.478979  0.488212  0.468249  0.405502  0.386242  0.572860  0.470774  0.786781  0.809739  0.473181  0.520481  0.854777  0.454180  0.348873  0.785614  0.773074  0.419285  0.703340  0.808078  0.573235  0.627262  0.422477  0.498891  0.449152  0.517079  0.408295  0.540036  0.571748  0.540712  0.278527  0.458309  0.391310  0.502328  0.664993  0.852641  0.502215  0.467979  0.452046  0.459280  0.641425  0.451533  0.809242  0.561989  0.378647  0.803041  0.367990  0.457524 0.0  0.579053  0.520127  0.640906  0.420636  0.610842  0.432271  0.445536  0.398176  0.579987  0.489432  0.392578  0.803192  0.538368  0.741763  0.508753  0.501966  0.711595  0.384294  0.579871 
