31
0 0.0  0.392805  0.932857  0.871088  0.339998  0.830514  0.472713  0.845929  0.665219  0.738327  0.714002  0.692108  0.807625  0.821296  0.850801  0.846919  0.884660  0.605799  0.571473  0.821213  0.886525  0.723701  0.840414  0.748026  0.762783  0.687676  0.330661  0.853969  0.871355  0.763842  0.782788 
1  0.392805 0.0  0.816886  0.831593  0.497797  0.817151  0.339108  0.887457  0.620883  0.704056  0.766358  0.587218  0.798524  0.900878  0.839083  0.995507  0.818747  0.473806  0.548528  0.755423  0.862881  0.917963  0.805612  0.695887  0.897391  0.859350  0.273132  0.775748  0.769238  0.884478  0.805168 
2  0.932857  0.816886 0.0  0.486366  0.899175  0.283589  0.828699  0.539785  0.824959  0.908618  0.503409  0.886571  0.941178  0.409476  0.654748  0.826346  0.882616  0.835410  0.766069  0.517153  0.843499  0.578898  0.412887  0.892642  0.259829  0.645512  0.763188  0.645822  0.365294  0.546197  0.446386 
3  0.871088  0.831593  0.486366 0.0  0.940237  0.404698  0.714288  0.535865  0.849808  0.860284  0.453492  0.831527  0.916989  0.440828  0.462216  0.851464  0.844940  0.856209  0.730367  0.614639  0.927212  0.550379  0.512307  0.822229  0.466160  0.724143  0.809087  0.483098  0.347888  0.501284  0.394786 
4  0.339998  0.497797  0.899175  0.940237 0.0  0.681022  0.266864  0.835860  0.774550  0.589779  0.782295  0.828730  0.771832  0.748671  0.886707  0.949675  0.709369  0.639950  0.598869  0.741993  0.860223  0.739231  0.932470  0.700179  0.876103  0.835172  0.509178  0.881262  0.725052  0.764132  0.975743 
5  0.830514  0.817151  0.283589  0.404698  0.681022 0.0  0.846267  0.549578  0.856361  0.929860  0.360946  0.884228  0.688825  0.448675  0.497833  1.000000  0.784700  0.788683  0.965865  0.579213  0.863784  0.553906  0.459055  0.892369  0.451833  0.534109  0.807050  0.532780  0.278364  0.513025  0.305103 
6  0.472713  0.339108  0.828699  0.714288  0.266864  0.846267 0.0  0.850847  0.591753  0.669727  0.802917  0.594719  0.811274  0.852735  0.875998  0.980084  0.833130  0.564493  0.654699  0.880407  0.660909  0.750338  0.781855  0.690341  0.750259  0.766371  0.435282  0.908799  0.841553  0.809442  0.863821 
7  0.845929  0.887457  0.539785  0.535865  0.835860  0.549578  0.850847 0.0  0.838025  0.860349  0.534663  0.896094  0.863416  0.577580  0.450659  0.875039  0.841827  0.952101  0.803271  0.601293  0.790608  0.636273  0.564491  0.833130  0.426001  0.577494  0.754788  0.298593  0.303656  0.496823  0.635047 
8  0.665219  0.620883  0.824959  0.849808  0.774550  0.856361  0.591753  0.838025 0.0  0.619990  0.821370  0.782677  0.839415  0.780912  0.891558  0.944526  0.731534  0.735743  0.597346  0.764544  0.611434  0.781041  0.857784  0.771079  0.837650  0.862664  0.684809  0.886888  0.760405  0.801843  0.799657 
9  0.738327  0.704056  0.908618  0.860284  0.589779  0.929860  0.669727  0.860349  0.619990 0.0  0.830421  0.813372  0.796468  0.851341  0.909435  0.966638  0.681202  0.674520  0.410643  0.891911  0.798230  0.811820  0.736883  0.796372  0.796671  0.841794  0.698661  0.830273  0.820527  0.882601  0.794572 
10  0.714002  0.766358  0.503409  0.453492  0.782295  0.360946  0.802917  0.534663  0.821370  0.830421 0.0  0.836365  0.856791  0.292861  0.605748  0.704223  0.680133  0.848133  0.748823  0.537973  0.793498  0.347476  0.397305  0.802432  0.540728  0.495065  0.840059  0.536451  0.504155  0.281100  0.012279 
11  0.692108  0.587218  0.886571  0.831527  0.828730  0.884228  0.594719  0.896094  0.782677  0.813372  0.836365 0.0  0.870863  0.672089  0.866265  0.905127  0.881543  0.717099  0.822003  0.874073  0.836431  0.853066  0.714809  0.520048  0.760811  0.859856  0.816245  0.902502  0.939701  0.833280  0.742447 
12  0.807625  0.798524  0.941178  0.916989  0.771832  0.688825  0.811274  0.863416  0.839415  0.796468  0.856791  0.870863 0.0  0.852102  0.763863  0.969733  0.775536  0.753087  0.861907  0.874700  0.806958  0.912214  0.843040  0.946071  0.915064  0.951872  0.846765  0.892246  0.929349  0.840294  0.752071 
13  0.821296  0.900878  0.409476  0.440828  0.748671  0.448675  0.852735  0.577580  0.780912  0.851341  0.292861  0.672089  0.852102 0.0  0.628617  0.740577  0.863257  0.854182  0.838230  0.378766  0.984106  0.351299  0.327176  0.838473  0.381553  0.531177  0.722539  0.548540  0.532208  0.261683  0.319122 
14  0.850801  0.839083  0.654748  0.462216  0.886707  0.497833  0.875998  0.450659  0.891558  0.909435  0.605748  0.866265  0.763863  0.628617 0.0  0.817905  0.866319  0.938241  0.940651  0.631820  0.926559  0.663006  0.710420  0.867554  0.543202  0.724410  0.840251  0.524466  0.510746  0.611073  0.600298 
15  0.846919  0.995507  0.826346  0.851464  0.949675  1.000000  0.980084  0.875039  0.944526  0.966638  0.704223  0.905127  0.969733  0.740577  0.817905 0.0  0.813420  0.967496  0.883620  0.868685  0.839501  0.859865  0.762475  0.935872  0.918261  0.843711  0.872415  0.820595  0.767508  0.763169  0.896096 
16  0.884660  0.818747  0.882616  0.844940  0.709369  0.784700  0.833130  0.841827  0.731534  0.681202  0.680133  0.881543  0.775536  0.863257  0.866319  0.813420 0.0  0.871773  0.849885  0.779752  0.607617  0.890874  0.829442  0.857930  0.866636  0.819570  0.716274  0.832961  0.827674  0.786895  0.771618 
17  0.605799  0.473806  0.835410  0.856209  0.639950  0.788683  0.564493  0.952101  0.735743  0.674520  0.848133  0.717099  0.753087  0.854182  0.938241  0.967496  0.871773 0.0  0.589300  0.949037  0.752414  0.903445  0.899199  0.681371  0.831413  0.798974  0.749660  0.868345  0.910662  0.843456  0.800310 
18  0.571473  0.548528  0.766069  0.730367  0.598869  0.965865  0.654699  0.803271  0.597346  0.410643  0.748823  0.822003  0.861907  0.838230  0.940651  0.883620  0.849885  0.589300 0.0  0.800723  0.830198  0.666081  0.757101  0.799372  0.920882  0.805811  0.637128  0.967499  0.868664  0.839021  0.818858 
19  0.821213  0.755423  0.517153  0.614639  0.741993  0.579213  0.880407  0.601293  0.764544  0.891911  0.537973  0.874073  0.874700  0.378766  0.631820  0.868685  0.779752  0.949037  0.800723 0.0  0.793193  0.409288  0.544713  0.840395  0.587770  0.501387  0.746831  0.505768  0.506550  0.459776  0.356301 
20  0.886525  0.862881  0.843499  0.927212  0.860223  0.863784  0.660909  0.790608  0.611434  0.798230  0.793498  0.836431  0.806958  0.984106  0.926559  0.839501  0.607617  0.752414  0.830198  0.793193 0.0  0.826699  0.809020  0.975644  0.940092  0.871747  0.765832  0.861409  0.890815  0.707673  0.814787 
21  0.723701  0.917963  0.578898  0.550379  0.739231  0.553906  0.750338  0.636273  0.781041  0.811820  0.347476  0.853066  0.912214  0.351299  0.663006  0.859865  0.890874  0.903445  0.666081  0.409288  0.826699 0.0  0.355104  0.890599  0.637793  0.437491  0.828228  0.564205  0.511440  0.376366  0.373548 
22  0.840414  0.805612  0.412887  0.512307  0.932470  0.459055  0.781855  0.564491  0.857784  0.736883  0.397305  0.714809  0.843040  0.327176  0.710420  0.762475  0.829442  0.899199  0.757101  0.544713  0.809020  0.355104 0.0  0.898749  0.478678  0.547648  0.778719  0.596417  0.468520  0.017828  0.260396 
23  0.748026  0.695887  0.892642  0.822229  0.700179  0.892369  0.690341  0.833130  0.771079  0.796372  0.802432  0.520048  0.946071  0.838473  0.867554  0.935872  0.857930  0.681371  0.799372  0.840395  0.975644  0.890599  0.898749 0.0  0.935234  0.935679  0.701091  0.895567  0.895786  0.926191  0.814481 
24  0.762783  0.897391  0.259829  0.466160  0.876103  0.451833  0.750259  0.426001  0.837650  0.796671  0.540728  0.760811  0.915064  0.381553  0.543202  0.918261  0.866636  0.831413  0.920882  0.587770  0.940092  0.637793  0.478678  0.935234 0.0  0.624907  0.909013  0.465632  0.132417  0.548210  0.503143 
25  0.687676  0.859350  0.645512  0.724143  0.835172  0.534109  0.766371  0.577494  0.862664  0.841794  0.495065  0.859856  0.951872  0.531177  0.724410  0.843711  0.819570  0.798974  0.805811  0.501387  0.871747  0.437491  0.547648  0.935679  0.624907 0.0  0.748823  0.591825  0.649015  0.420615  0.329116 
26  0.330661  0.273132  0.763188  0.809087  0.509178  0.807050  0.435282  0.754788  0.684809  0.698661  0.840059  0.816245  0.846765  0.722539  0.840251  0.872415  0.716274  0.749660  0.637128  0.746831  0.765832  0.828228  0.778719  0.701091  0.909013  0.748823 0.0  0.732037  0.789403  0.807476  0.762359 
27  0.853969  0.775748  0.645822  0.483098  0.881262  0.532780  0.908799  0.298593  0.886888  0.830273  0.536451  0.902502  0.892246  0.548540  0.524466  0.820595  0.832961  0.868345  0.967499  0.505768  0.861409  0.564205  0.596417  0.895567  0.465632  0.591825  0.732037 0.0  0.385377  0.697861  0.618208 
28  0.871355  0.769238  0.365294  0.347888  0.725052  0.278364  0.841553  0.303656  0.760405  0.820527  0.504155  0.939701  0.929349  0.532208  0.510746  0.767508  0.827674  0.910662  0.868664  0.506550  0.890815  0.511440  0.468520  0.895786  0.132417  0.649015  0.789403  0.385377 0.0  0.517805  0.418373 
29  0.763842  0.884478  0.546197  0.501284  0.764132  0.513025  0.809442  0.496823  0.801843  0.882601  0.281100  0.833280  0.840294  0.261683  0.611073  0.763169  0.786895  0.843456  0.839021  0.459776  0.707673  0.376366  0.017828  0.926191  0.548210  0.420615  0.807476  0.697861  0.517805 0.0  0.345647 
30  0.782788  0.805168  0.446386  0.394786  0.975743  0.305103  0.863821  0.635047  0.799657  0.794572  0.012279  0.742447  0.752071  0.319122  0.600298  0.896096  0.771618  0.800310  0.818858  0.356301  0.814787  0.373548  0.260396  0.814481  0.503143  0.329116  0.762359  0.618208  0.418373  0.345647 0.0 
