31
0 0.0  0.517102  0.773342  0.756143  0.727445  0.715151  0.735848  0.712391  0.814310  0.707461  0.787147  0.736679  0.453973  0.843035  0.821199  0.851121  0.768172  0.455986  0.781078  0.761080  0.801933  0.631713  0.762714  0.616012  0.764799  0.875271  0.833323  0.871029  0.636178  0.785832  0.739281 
1  0.517102 0.0  0.755241  0.707491  0.803973  0.722725  0.676990  0.689628  0.750180  0.718874  0.830947  0.866099  0.454151  0.828822  0.914950  0.798550  0.825312  0.000000  0.798822  0.783930  0.839147  0.751461  0.830191  0.655789  0.651227  0.860106  0.863308  0.803832  0.601928  0.829763  0.903668 
2  0.773342  0.755241 0.0  0.527610  0.222661  0.424852  0.878461  0.824431  0.275386  0.440150  0.870283  0.320560  0.788418  0.745851  0.387916  0.729353  0.279973  0.790128  0.743291  0.428020  0.706458  0.602708  0.754227  0.901578  0.694674  0.776444  0.674201  0.614238  0.905842  0.413934  0.547621 
3  0.756143  0.707491  0.527610 0.0  0.322618  0.358435  0.846313  0.728684  0.622188  0.581612  0.773542  0.364324  0.707718  0.851345  0.027330  0.773932  0.385286  0.702351  0.825454  0.374043  0.833332  0.751626  0.864749  0.917007  0.831877  0.842433  0.849610  0.757740  0.704287  0.356008  0.360767 
4  0.727445  0.803973  0.222661  0.322618 0.0  0.335888  0.791558  0.842975  0.477141  0.472776  0.783118  0.171724  0.718801  0.659812  0.488513  0.667551  0.227544  0.810948  0.783715  0.149318  0.764648  0.668671  0.698101  0.781961  0.736582  0.776518  0.784511  0.703205  0.799182  0.528806  0.483548 
5  0.715151  0.722725  0.424852  0.358435  0.335888 0.0  0.928215  0.665883  0.531789  0.422628  0.878038  0.293924  0.759965  0.799690  0.340350  0.673638  0.185669  0.748104  0.774869  0.284518  0.842637  0.641289  0.774077  0.882530  0.727856  0.628589  0.843487  0.714077  0.822467  0.381433  0.440501 
6  0.735848  0.676990  0.878461  0.846313  0.791558  0.928215 0.0  0.899727  0.866709  0.894642  0.809520  0.821775  0.586687  0.832255  0.830495  0.773796  0.845756  0.516251  0.832146  0.862132  0.891163  0.851962  0.885116  0.525388  0.681037  0.840614  0.801744  0.810810  0.508908  0.874462  0.897633 
7  0.712391  0.689628  0.824431  0.728684  0.842975  0.665883  0.899727 0.0  0.640352  0.865142  0.888727  0.809702  0.771162  0.716231  0.821156  0.901679  0.698178  0.805643  0.977420  0.723616  0.841844  0.962778  0.793921  0.768993  0.826248  0.781024  0.894498  0.619876  0.774852  0.836067  0.741939 
8  0.814310  0.750180  0.275386  0.622188  0.477141  0.531789  0.866709  0.640352 0.0  0.470382  0.880146  0.360597  0.774823  0.760613  0.440574  0.860060  0.252549  0.911151  0.759639  0.485267  0.796826  0.834099  0.698517  0.872516  0.736062  0.713012  0.754360  0.827855  0.825357  0.498508  0.472026 
9  0.707461  0.718874  0.440150  0.581612  0.472776  0.422628  0.894642  0.865142  0.470382 0.0  0.844519  0.438579  0.745116  0.781933  0.518130  0.752688  0.396810  0.773336  0.734821  0.370802  0.895822  0.733407  0.873197  0.734220  0.835421  0.788798  0.746182  0.648823  0.764141  0.630756  0.449025 
10  0.787147  0.830947  0.870283  0.773542  0.783118  0.878038  0.809520  0.888727  0.880146  0.844519 0.0  0.842412  0.877202  0.920449  0.789786  0.529565  0.913631  0.744781  0.603287  0.743592  0.618721  0.566323  0.521575  0.654313  0.777845  0.634893  0.524105  0.843725  0.719101  0.863672  0.803686 
11  0.736679  0.866099  0.320560  0.364324  0.171724  0.293924  0.821775  0.809702  0.360597  0.438579  0.842412 0.0  1.000000  0.736590  0.477446  0.722997  0.078554  0.776637  0.705047  0.268168  0.882766  0.774025  0.826395  0.706750  0.764267  0.734236  0.821208  0.720135  0.678046  0.456189  0.391722 
12  0.453973  0.454151  0.788418  0.707718  0.718801  0.759965  0.586687  0.771162  0.774823  0.745116  0.877202  1.000000 0.0  0.863126  0.779286  0.818956  0.787236  0.370208  0.775052  0.819358  0.766183  0.750329  0.729884  0.622042  0.621897  0.813909  0.736669  0.853389  0.717633  0.791687  0.716922 
13  0.843035  0.828822  0.745851  0.851345  0.659812  0.799690  0.832255  0.716231  0.760613  0.781933  0.920449  0.736590  0.863126 0.0  0.748847  0.926545  0.758840  0.881987  0.841459  0.775505  0.866032  0.850861  0.846578  0.945749  0.862578  0.918957  0.847029  0.745108  0.895370  0.778886  0.879446 
14  0.821199  0.914950  0.387916  0.027330  0.488513  0.340350  0.830495  0.821156  0.440574  0.518130  0.789786  0.477446  0.779286  0.748847 0.0  0.830316  0.445186  0.854330  0.760810  0.336029  0.822235  0.721388  0.835808  0.878246  0.818799  0.815278  0.865244  0.731984  0.846001  0.360097  0.358993 
15  0.851121  0.798550  0.729353  0.773932  0.667551  0.673638  0.773796  0.901679  0.860060  0.752688  0.529565  0.722997  0.818956  0.926545  0.830316 0.0  0.752891  0.864715  0.419790  0.809337  0.655244  0.224402  0.239334  0.668780  0.522360  0.562066  0.315756  0.857677  0.808929  0.791152  0.877165 
16  0.768172  0.825312  0.279973  0.385286  0.227544  0.185669  0.845756  0.698178  0.252549  0.396810  0.913631  0.078554  0.787236  0.758840  0.445186  0.752891 0.0  0.805526  0.793856  0.127880  0.775740  0.805557  0.852400  0.796729  0.804259  0.892380  0.900879  0.639718  0.766722  0.461608  0.454445 
17  0.455986  0.000000  0.790128  0.702351  0.810948  0.748104  0.516251  0.805643  0.911151  0.773336  0.744781  0.776637  0.370208  0.881987  0.854330  0.864715  0.805526 0.0  0.752202  0.770063  0.840072  0.882038  0.830992  0.532839  0.747186  0.783627  0.780018  0.784676  0.582935  0.821122  0.771834 
18  0.781078  0.798822  0.743291  0.825454  0.783715  0.774869  0.832146  0.977420  0.759639  0.734821  0.603287  0.705047  0.775052  0.841459  0.760810  0.419790  0.793856  0.752202 0.0  0.749285  0.616251  0.454215  0.456903  0.765175  0.637902  0.592874  0.426166  0.849307  0.744274  0.833892  0.746855 
19  0.761080  0.783930  0.428020  0.374043  0.149318  0.284518  0.862132  0.723616  0.485267  0.370802  0.743592  0.268168  0.819358  0.775505  0.336029  0.809337  0.127880  0.770063  0.749285 0.0  0.803207  0.783964  0.821058  0.858973  0.646953  0.823019  0.831583  0.533202  0.909207  0.468208  0.490003 
20  0.801933  0.839147  0.706458  0.833332  0.764648  0.842637  0.891163  0.841844  0.796826  0.895822  0.618721  0.882766  0.766183  0.866032  0.822235  0.655244  0.775740  0.840072  0.616251  0.803207 0.0  0.584071  0.752069  0.789741  0.737400  0.426325  0.645264  0.940846  0.826494  0.839596  0.813467 
21  0.631713  0.751461  0.602708  0.751626  0.668671  0.641289  0.851962  0.962778  0.834099  0.733407  0.566323  0.774025  0.750329  0.850861  0.721388  0.224402  0.805557  0.882038  0.454215  0.783964  0.584071 0.0  0.211297  0.802870  0.643326  0.580776  0.382715  0.951934  0.822122  0.798605  0.732888 
22  0.762714  0.830191  0.754227  0.864749  0.698101  0.774077  0.885116  0.793921  0.698517  0.873197  0.521575  0.826395  0.729884  0.846578  0.835808  0.239334  0.852400  0.830992  0.456903  0.821058  0.752069  0.211297 0.0  0.815840  0.636388  0.466451  0.429732  0.882854  0.826827  0.846319  0.827400 
23  0.616012  0.655789  0.901578  0.917007  0.781961  0.882530  0.525388  0.768993  0.872516  0.734220  0.654313  0.706750  0.622042  0.945749  0.878246  0.668780  0.796729  0.532839  0.765175  0.858973  0.789741  0.802870  0.815840 0.0  0.629376  0.803230  0.671575  0.784361  0.444261  0.880112  0.824768 
24  0.764799  0.651227  0.694674  0.831877  0.736582  0.727856  0.681037  0.826248  0.736062  0.835421  0.777845  0.764267  0.621897  0.862578  0.818799  0.522360  0.804259  0.747186  0.637902  0.646953  0.737400  0.643326  0.636388  0.629376 0.0  0.688989  0.474144  0.818494  0.670713  0.753831  0.751457 
25  0.875271  0.860106  0.776444  0.842433  0.776518  0.628589  0.840614  0.781024  0.713012  0.788798  0.634893  0.734236  0.813909  0.918957  0.815278  0.562066  0.892380  0.783627  0.592874  0.823019  0.426325  0.580776  0.466451  0.803230  0.688989 0.0  0.590179  0.801347  0.911311  0.792103  0.923787 
26  0.833323  0.863308  0.674201  0.849610  0.784511  0.843487  0.801744  0.894498  0.754360  0.746182  0.524105  0.821208  0.736669  0.847029  0.865244  0.315756  0.900879  0.780018  0.426166  0.831583  0.645264  0.382715  0.429732  0.671575  0.474144  0.590179 0.0  0.849885  0.814169  0.924911  0.757901 
27  0.871029  0.803832  0.614238  0.757740  0.703205  0.714077  0.810810  0.619876  0.827855  0.648823  0.843725  0.720135  0.853389  0.745108  0.731984  0.857677  0.639718  0.784676  0.849307  0.533202  0.940846  0.951934  0.882854  0.784361  0.818494  0.801347  0.849885 0.0  0.808132  0.711326  0.696694 
28  0.636178  0.601928  0.905842  0.704287  0.799182  0.822467  0.508908  0.774852  0.825357  0.764141  0.719101  0.678046  0.717633  0.895370  0.846001  0.808929  0.766722  0.582935  0.744274  0.909207  0.826494  0.822122  0.826827  0.444261  0.670713  0.911311  0.814169  0.808132 0.0  0.982559  0.895080 
29  0.785832  0.829763  0.413934  0.356008  0.528806  0.381433  0.874462  0.836067  0.498508  0.630756  0.863672  0.456189  0.791687  0.778886  0.360097  0.791152  0.461608  0.821122  0.833892  0.468208  0.839596  0.798605  0.846319  0.880112  0.753831  0.792103  0.924911  0.711326  0.982559 0.0  0.368300 
30  0.739281  0.903668  0.547621  0.360767  0.483548  0.440501  0.897633  0.741939  0.472026  0.449025  0.803686  0.391722  0.716922  0.879446  0.358993  0.877165  0.454445  0.771834  0.746855  0.490003  0.813467  0.732888  0.827400  0.824768  0.751457  0.923787  0.757901  0.696694  0.895080  0.368300 0.0 
