31
0 0.0  0.755395  0.784145  0.829241  0.672458  0.805048  0.714741  0.741179  0.854308  0.575112  0.753500  0.833509  0.728311  0.739342  0.718747  0.717220  0.640983  0.618549  0.834277  0.699505  0.790136  0.436939  0.674139  0.901245  0.591420  0.890920  0.822190  0.716984  0.900610  0.793800  0.754941 
1  0.755395 0.0  0.595176  0.841993  0.454691  0.487963  0.187158  0.423928  0.087265  0.789203  0.489901  0.831108  0.410151  0.199176  0.268142  0.479335  0.746846  0.829570  0.762823  0.299355  0.668300  0.736754  0.747392  0.323811  0.943887  0.461230  0.785539  0.731218  0.484107  0.798683  0.528651 
2  0.784145  0.595176 0.0  0.689151  0.463582  0.285581  0.391567  0.332344  0.538400  0.810050  0.116751  0.692514  0.285290  0.582182  0.352082  0.400987  0.802294  0.698931  0.803469  0.552385  0.696055  0.691389  0.766659  0.512179  0.750622  0.225905  0.826375  0.726646  0.262003  0.779620  0.025161 
3  0.829241  0.841993  0.689151 0.0  0.761204  0.712693  0.744889  0.641978  0.795466  0.770112  0.725021  0.430671  0.748058  0.847723  0.848908  0.776305  0.181259  0.622402  0.588910  0.767048  0.206056  0.775107  0.502371  0.744310  0.556170  0.752724  0.935091  0.154180  0.761641  0.685450  0.773319 
4  0.672458  0.454691  0.463582  0.761204 0.0  0.516931  0.308892  0.459588  0.314362  0.861133  0.390342  0.835956  0.354511  0.297396  0.305942  0.496481  0.759164  0.789136  0.824351  0.346184  0.754260  0.740903  0.809219  0.491279  0.877601  0.478075  0.794542  0.796448  0.448267  0.727448  0.399562 
5  0.805048  0.487963  0.285581  0.712693  0.516931 0.0  0.351999  0.332095  0.547594  0.798509  0.456614  0.708024  0.350534  0.558223  0.516434  0.553826  0.718713  0.709322  0.837521  0.515161  0.670388  0.827304  0.696639  0.628661  0.858048  0.274287  0.787729  0.802405  0.450955  0.712041  0.336398 
6  0.714741  0.187158  0.391567  0.744889  0.308892  0.351999 0.0  0.367582  0.288136  0.885752  0.420639  0.717619  0.475034  0.263187  0.000000  0.458705  0.789152  0.745371  0.848328  0.263942  0.716856  0.744585  0.716425  0.490219  0.795538  0.351928  0.720922  0.819413  0.365939  0.720719  0.318120 
7  0.741179  0.423928  0.332344  0.641978  0.459588  0.332095  0.367582 0.0  0.446159  0.882860  0.311524  0.627915  0.228319  0.584316  0.367188  0.343690  0.805129  0.659133  0.883320  0.389069  0.734137  0.743771  0.797533  0.529624  0.830459  0.310058  0.776469  0.882598  0.400256  0.854623  0.212762 
8  0.854308  0.087265  0.538400  0.795466  0.314362  0.547594  0.288136  0.446159 0.0  0.763556  0.455676  0.748029  0.437607  0.098439  0.293969  0.607096  0.797380  0.813652  0.734814  0.366587  0.703436  0.863078  0.700256  0.432645  0.968620  0.503147  0.819099  0.833055  0.435233  0.808960  0.509365 
9  0.575112  0.789203  0.810050  0.770112  0.861133  0.798509  0.885752  0.882860  0.763556 0.0  0.779778  0.696906  0.774499  0.825497  0.842367  0.790943  0.732218  0.738176  0.771861  0.740094  0.731930  0.692530  0.654988  0.933427  0.371859  0.879119  0.722735  0.638358  0.818365  0.778365  0.781033 
10  0.753500  0.489901  0.116751  0.725021  0.390342  0.456614  0.420639  0.311524  0.455676  0.779778 0.0  0.772776  0.329274  0.474692  0.405005  0.362627  0.652327  0.804815  0.784175  0.472185  0.751452  0.751589  0.648774  0.609040  0.899025  0.341886  0.707511  0.727336  0.073535  0.744856  0.182332 
11  0.833509  0.831108  0.692514  0.430671  0.835956  0.708024  0.717619  0.627915  0.748029  0.696906  0.772776 0.0  0.585231  0.763103  0.747840  0.866978  0.363144  0.489896  0.588888  0.813592  0.306164  0.752924  0.727834  0.861445  0.754690  0.669624  0.908312  0.445347  0.720141  0.629305  0.701388 
12  0.728311  0.410151  0.285290  0.748058  0.354511  0.350534  0.475034  0.228319  0.437607  0.774499  0.329274  0.585231 0.0  0.423987  0.348936  0.434828  0.712669  0.779881  0.782247  0.429012  0.742805  0.783317  0.705709  0.569162  0.780950  0.214549  0.782911  0.679217  0.336539  0.695502  0.315935 
13  0.739342  0.199176  0.582182  0.847723  0.297396  0.558223  0.263187  0.584316  0.098439  0.825497  0.474692  0.763103  0.423987 0.0  0.350080  0.541356  0.795203  0.830161  0.790502  0.136707  0.837109  0.633181  0.693802  0.408558  0.870788  0.523271  0.756231  0.776307  0.520260  0.726116  0.552815 
14  0.718747  0.268142  0.352082  0.848908  0.305942  0.516434  0.000000  0.367188  0.293969  0.842367  0.405005  0.747840  0.348936  0.350080 0.0  0.550336  0.765970  0.685464  0.763266  0.364556  0.794081  0.760656  0.743476  0.534180  0.844912  0.438775  0.788992  0.704455  0.503024  0.807321  0.481535 
15  0.717220  0.479335  0.400987  0.776305  0.496481  0.553826  0.458705  0.343690  0.607096  0.790943  0.362627  0.866978  0.434828  0.541356  0.550336 0.0  0.661571  0.871866  0.715518  0.545165  0.624525  0.761707  0.630438  0.589442  0.803349  0.496810  0.857499  0.650253  0.416732  0.793043  0.397490 
16  0.640983  0.746846  0.802294  0.181259  0.759164  0.718713  0.789152  0.805129  0.797380  0.732218  0.652327  0.363144  0.712669  0.795203  0.765970  0.661571 0.0  0.481245  0.514288  0.686232  0.349144  0.803859  0.594321  0.825905  0.671287  0.710559  0.800646  0.312511  0.625327  0.671199  0.669730 
17  0.618549  0.829570  0.698931  0.622402  0.789136  0.709322  0.745371  0.659133  0.813652  0.738176  0.804815  0.489896  0.779881  0.830161  0.685464  0.871866  0.481245 0.0  0.644328  0.735436  0.596442  0.711188  0.302453  0.755225  0.650137  0.701265  0.808658  0.646562  0.724274  0.720240  0.825423 
18  0.834277  0.762823  0.803469  0.588910  0.824351  0.837521  0.848328  0.883320  0.734814  0.771861  0.784175  0.588888  0.782247  0.790502  0.763266  0.715518  0.514288  0.644328 0.0  0.727559  0.509368  0.761203  0.647612  0.802199  0.727921  0.815042  1.000000  0.630106  0.787204  0.571147  0.749777 
19  0.699505  0.299355  0.552385  0.767048  0.346184  0.515161  0.263942  0.389069  0.366587  0.740094  0.472185  0.813592  0.429012  0.136707  0.364556  0.545165  0.686232  0.735436  0.727559 0.0  0.783575  0.745294  0.724567  0.370865  0.806708  0.414973  0.718444  0.738177  0.509669  0.903912  0.429046 
20  0.790136  0.668300  0.696055  0.206056  0.754260  0.670388  0.716856  0.734137  0.703436  0.731930  0.751452  0.306164  0.742805  0.837109  0.794081  0.624525  0.349144  0.596442  0.509368  0.783575 0.0  0.715375  0.526466  0.842817  0.883944  0.769625  0.872689  0.226000  0.675165  0.570336  0.738095 
21  0.436939  0.736754  0.691389  0.775107  0.740903  0.827304  0.744585  0.743771  0.863078  0.692530  0.751589  0.752924  0.783317  0.633181  0.760656  0.761707  0.803859  0.711188  0.761203  0.745294  0.715375 0.0  0.680983  0.699663  0.761745  0.786417  0.760384  0.920909  0.754688  0.872338  0.732540 
22  0.674139  0.747392  0.766659  0.502371  0.809219  0.696639  0.716425  0.797533  0.700256  0.654988  0.648774  0.727834  0.705709  0.693802  0.743476  0.630438  0.594321  0.302453  0.647612  0.724567  0.526466  0.680983 0.0  0.775503  0.691963  0.817341  0.910294  0.539665  0.622994  0.652086  0.735666 
23  0.901245  0.323811  0.512179  0.744310  0.491279  0.628661  0.490219  0.529624  0.432645  0.933427  0.609040  0.861445  0.569162  0.408558  0.534180  0.589442  0.825905  0.755225  0.802199  0.370865  0.842817  0.699663  0.775503 0.0  0.949995  0.497256  0.775792  0.703597  0.671318  0.780583  0.546456 
24  0.591420  0.943887  0.750622  0.556170  0.877601  0.858048  0.795538  0.830459  0.968620  0.371859  0.899025  0.754690  0.780950  0.870788  0.844912  0.803349  0.671287  0.650137  0.727921  0.806708  0.883944  0.761745  0.691963  0.949995 0.0  0.845664  0.859243  0.693411  0.786047  0.853443  0.848209 
25  0.890920  0.461230  0.225905  0.752724  0.478075  0.274287  0.351928  0.310058  0.503147  0.879119  0.341886  0.669624  0.214549  0.523271  0.438775  0.496810  0.710559  0.701265  0.815042  0.414973  0.769625  0.786417  0.817341  0.497256  0.845664 0.0  0.835844  0.740412  0.251325  0.823124  0.235824 
26  0.822190  0.785539  0.826375  0.935091  0.794542  0.787729  0.720922  0.776469  0.819099  0.722735  0.707511  0.908312  0.782911  0.756231  0.788992  0.857499  0.800646  0.808658  1.000000  0.718444  0.872689  0.760384  0.910294  0.775792  0.859243  0.835844 0.0  0.859147  0.724151  0.984024  0.820954 
27  0.716984  0.731218  0.726646  0.154180  0.796448  0.802405  0.819413  0.882598  0.833055  0.638358  0.727336  0.445347  0.679217  0.776307  0.704455  0.650253  0.312511  0.646562  0.630106  0.738177  0.226000  0.920909  0.539665  0.703597  0.693411  0.740412  0.859147 0.0  0.691557  0.643302  0.846181 
28  0.900610  0.484107  0.262003  0.761641  0.448267  0.450955  0.365939  0.400256  0.435233  0.818365  0.073535  0.720141  0.336539  0.520260  0.503024  0.416732  0.625327  0.724274  0.787204  0.509669  0.675165  0.754688  0.622994  0.671318  0.786047  0.251325  0.724151  0.691557 0.0  0.647714  0.283983 
29  0.793800  0.798683  0.779620  0.685450  0.727448  0.712041  0.720719  0.854623  0.808960  0.778365  0.744856  0.629305  0.695502  0.726116  0.807321  0.793043  0.671199  0.720240  0.571147  0.903912  0.570336  0.872338  0.652086  0.780583  0.853443  0.823124  0.984024  0.643302  0.647714 0.0  0.709543 
30  0.754941  0.528651  0.025161  0.773319  0.399562  0.336398  0.318120  0.212762  0.509365  0.781033  0.182332  0.701388  0.315935  0.552815  0.481535  0.397490  0.669730  0.825423  0.749777  0.429046  0.738095  0.732540  0.735666  0.546456  0.848209  0.235824  0.820954  0.846181  0.283983  0.709543 0.0 
