31
0 0.0  0.617068  0.710330  0.765146  0.663117  0.541863  0.833005  0.839705  0.789530  0.498730  0.595758  0.476271  0.537908  0.783802  0.744474  0.525343  0.616213  0.765025  0.785258  0.473636  0.456587  0.581465  0.448529  0.511973  0.728302  0.775979  0.894140  0.476350  0.832169  0.819866  0.295400 
1  0.617068 0.0  0.814638  0.772787  0.390466  0.565868  0.682010  0.918594  0.773436  0.532663  0.528390  0.484403  0.703027  0.799786  0.795032  0.471116  0.477456  0.905579  0.874388  0.635928  0.620481  0.519868  0.473134  0.530043  0.733842  0.708226  0.849165  0.666147  0.805842  0.835695  0.629555 
2  0.710330  0.814638 0.0  0.809387  0.743441  0.755726  0.640219  0.819358  0.531901  0.782800  0.848976  0.694002  0.802202  0.652084  0.609067  0.834821  0.784278  0.607996  0.553504  0.812498  0.658563  0.828707  0.858466  0.823772  0.666076  0.848774  0.740422  0.793947  0.670334  0.666040  0.702232 
3  0.765146  0.772787  0.809387 0.0  0.706644  0.729718  0.864534  0.942498  0.797305  0.841554  0.850872  0.681422  0.746848  0.789651  0.937466  0.945283  0.754674  0.751704  0.822486  0.800007  0.799945  0.827742  0.820331  0.776935  0.578804  0.583470  0.812752  0.848957  0.865102  0.888152  0.695083 
4  0.663117  0.390466  0.743441  0.706644 0.0  0.500854  0.865055  0.850245  0.816269  0.530165  0.370300  0.470425  0.568574  0.805584  0.911532  0.535364  0.247224  0.843744  0.853672  0.638129  0.559107  0.593483  0.623660  0.514285  0.898848  0.864968  0.853758  0.658933  0.885693  0.899311  0.596998 
5  0.541863  0.565868  0.755726  0.729718  0.500854 0.0  0.755036  0.754743  0.718319  0.419570  0.331332  0.471914  0.517963  0.803556  0.835941  0.507429  0.482002  0.851634  0.797356  0.624705  0.404745  0.444839  0.314902  0.356652  0.726926  0.773097  0.820256  0.520793  0.747715  0.674333  0.426129 
6  0.833005  0.682010  0.640219  0.864534  0.865055  0.755036 0.0  0.562580  0.473052  0.745315  0.855683  0.791015  0.749620  0.551281  0.574861  0.735007  0.871611  0.643284  0.502567  0.646775  0.849425  0.823493  0.840665  0.839121  0.778535  0.902639  0.611779  0.800995  0.490770  0.333480  0.782940 
7  0.839705  0.918594  0.819358  0.942498  0.850245  0.754743  0.562580 0.0  0.540219  0.698894  0.840476  0.853903  0.868774  0.756501  0.756703  0.738504  0.828214  0.740700  0.770563  0.808890  0.904301  0.840471  0.859892  0.732154  0.851718  0.893137  0.515444  0.793106  0.668799  0.831648  0.833357 
8  0.789530  0.773436  0.531901  0.797305  0.816269  0.718319  0.473052  0.540219 0.0  0.863839  0.855124  0.865843  0.736844  0.376254  0.728038  0.720248  0.841731  0.823595  0.569574  0.734898  0.728062  0.795996  0.759950  0.677059  0.807365  0.828473  0.777598  0.677383  0.412192  0.330153  0.838640 
9  0.498730  0.532663  0.782800  0.841554  0.530165  0.419570  0.745315  0.698894  0.863839 0.0  0.331591  0.298011  0.300288  0.650327  0.841391  0.426847  0.554518  0.861126  0.691960  0.441805  0.311188  0.580503  0.227819  0.034483  0.896883  0.700395  0.723450  0.436323  0.823273  0.806736  0.329610 
10  0.595758  0.528390  0.848976  0.850872  0.370300  0.331332  0.855683  0.840476  0.855124  0.331591 0.0  0.383079  0.394408  0.808175  0.780186  0.349089  0.424273  0.945168  0.838046  0.490230  0.481709  0.479486  0.288749  0.477586  0.848210  0.796603  0.793695  0.514627  0.824653  0.838347  0.367770 
11  0.476271  0.484403  0.694002  0.681422  0.470425  0.471914  0.791015  0.853903  0.865843  0.298011  0.383079 0.0  0.522733  0.713447  0.727656  0.490239  0.613681  0.853049  0.875976  0.674408  0.343683  0.458012  0.309862  0.344138  0.776860  0.774590  0.742397  0.567287  0.847070  0.689897  0.327282 
12  0.537908  0.703027  0.802202  0.746848  0.568574  0.517963  0.749620  0.868774  0.736844  0.300288  0.394408  0.522733 0.0  0.799101  0.759851  0.524416  0.637249  0.817414  0.723486  0.518153  0.506971  0.435499  0.369895  0.253107  0.880944  0.753864  0.760642  0.316428  0.737972  0.774188  0.453594 
13  0.783802  0.799786  0.652084  0.789651  0.805584  0.803556  0.551281  0.756501  0.376254  0.650327  0.808175  0.713447  0.799101 0.0  0.663160  0.747009  0.922975  0.823116  0.507827  0.784165  0.689055  0.849844  0.774365  0.690677  0.742319  0.910923  0.754452  0.753720  0.253410  0.443695  0.726716 
14  0.744474  0.795032  0.609067  0.937466  0.911532  0.835941  0.574861  0.756703  0.728038  0.841391  0.780186  0.727656  0.759851  0.663160 0.0  0.860802  0.959418  0.703811  0.530119  0.868661  0.745701  0.881311  0.772707  0.801618  0.772606  0.833808  0.642899  0.808252  0.523771  0.498389  0.759718 
15  0.525343  0.471116  0.834821  0.945283  0.535364  0.507429  0.735007  0.738504  0.720248  0.426847  0.349089  0.490239  0.524416  0.747009  0.860802 0.0  0.374811  0.909097  0.725588  0.611411  0.472000  0.484826  0.468580  0.569036  0.839274  0.887644  0.824607  0.448397  0.886571  0.775744  0.542208 
16  0.616213  0.477456  0.784278  0.754674  0.247224  0.482002  0.871611  0.828214  0.841731  0.554518  0.424273  0.613681  0.637249  0.922975  0.959418  0.374811 0.0  0.926730  0.919242  0.589909  0.547733  0.385384  0.504102  0.558734  0.837122  0.753485  0.854137  0.549748  0.876447  0.775571  0.585412 
17  0.765025  0.905579  0.607996  0.751704  0.843744  0.851634  0.643284  0.740700  0.823595  0.861126  0.945168  0.853049  0.817414  0.823116  0.703811  0.909097  0.926730 0.0  0.819275  0.831428  0.830930  0.770786  1.000000  0.792449  0.585972  0.782216  0.827163  0.809249  0.792366  0.803899  0.662515 
18  0.785258  0.874388  0.553504  0.822486  0.853672  0.797356  0.502567  0.770563  0.569574  0.691960  0.838046  0.875976  0.723486  0.507827  0.530119  0.725588  0.919242  0.819275 0.0  0.824363  0.687185  0.847334  0.837838  0.828632  0.745817  0.965236  0.633013  0.784247  0.512968  0.554768  0.796568 
19  0.473636  0.635928  0.812498  0.800007  0.638129  0.624705  0.646775  0.808890  0.734898  0.441805  0.490230  0.674408  0.518153  0.784165  0.868661  0.611411  0.589909  0.831428  0.824363 0.0  0.545657  0.661274  0.551617  0.557401  0.753547  0.801759  0.882891  0.539349  0.769040  0.772584  0.624406 
20  0.456587  0.620481  0.658563  0.799945  0.559107  0.404745  0.849425  0.904301  0.728062  0.311188  0.481709  0.343683  0.506971  0.689055  0.745701  0.472000  0.547733  0.830930  0.687185  0.545657 0.0  0.444686  0.347029  0.280756  0.889810  0.850793  0.791020  0.473202  0.819178  0.792954  0.026845 
21  0.581465  0.519868  0.828707  0.827742  0.593483  0.444839  0.823493  0.840471  0.795996  0.580503  0.479486  0.458012  0.435499  0.849844  0.881311  0.484826  0.385384  0.770786  0.847334  0.661274  0.444686 0.0  0.459121  0.420076  0.882884  0.713451  0.735729  0.636975  0.832508  0.756640  0.422874 
22  0.448529  0.473134  0.858466  0.820331  0.623660  0.314902  0.840665  0.859892  0.759950  0.227819  0.288749  0.309862  0.369895  0.774365  0.772707  0.468580  0.504102  1.000000  0.837838  0.551617  0.347029  0.459121 0.0  0.301768  0.788222  0.842082  0.809733  0.444037  0.731401  0.816772  0.346582 
23  0.511973  0.530043  0.823772  0.776935  0.514285  0.356652  0.839121  0.732154  0.677059  0.034483  0.477586  0.344138  0.253107  0.690677  0.801618  0.569036  0.558734  0.792449  0.828632  0.557401  0.280756  0.420076  0.301768 0.0  0.779069  0.844753  0.743201  0.473278  0.650325  0.726075  0.231508 
24  0.728302  0.733842  0.666076  0.578804  0.898848  0.726926  0.778535  0.851718  0.807365  0.896883  0.848210  0.776860  0.880944  0.742319  0.772606  0.839274  0.837122  0.585972  0.745817  0.753547  0.889810  0.882884  0.788222  0.779069 0.0  0.949992  0.861534  0.902148  0.847399  0.804506  0.747025 
25  0.775979  0.708226  0.848774  0.583470  0.864968  0.773097  0.902639  0.893137  0.828473  0.700395  0.796603  0.774590  0.753864  0.910923  0.833808  0.887644  0.753485  0.782216  0.965236  0.801759  0.850793  0.713451  0.842082  0.844753  0.949992 0.0  0.992167  0.844532  0.857609  0.866668  0.808795 
26  0.894140  0.849165  0.740422  0.812752  0.853758  0.820256  0.611779  0.515444  0.777598  0.723450  0.793695  0.742397  0.760642  0.754452  0.642899  0.824607  0.854137  0.827163  0.633013  0.882891  0.791020  0.735729  0.809733  0.743201  0.861534  0.992167 0.0  0.646159  0.629799  0.667211  0.776370 
27  0.476350  0.666147  0.793947  0.848957  0.658933  0.520793  0.800995  0.793106  0.677383  0.436323  0.514627  0.567287  0.316428  0.753720  0.808252  0.448397  0.549748  0.809249  0.784247  0.539349  0.473202  0.636975  0.444037  0.473278  0.902148  0.844532  0.646159 0.0  0.817629  0.733292  0.419095 
28  0.832169  0.805842  0.670334  0.865102  0.885693  0.747715  0.490770  0.668799  0.412192  0.823273  0.824653  0.847070  0.737972  0.253410  0.523771  0.886571  0.876447  0.792366  0.512968  0.769040  0.819178  0.832508  0.731401  0.650325  0.847399  0.857609  0.629799  0.817629 0.0  0.258493  0.805027 
29  0.819866  0.835695  0.666040  0.888152  0.899311  0.674333  0.333480  0.831648  0.330153  0.806736  0.838347  0.689897  0.774188  0.443695  0.498389  0.775744  0.775571  0.803899  0.554768  0.772584  0.792954  0.756640  0.816772  0.726075  0.804506  0.866668  0.667211  0.733292  0.258493 0.0  0.843673 
30  0.295400  0.629555  0.702232  0.695083  0.596998  0.426129  0.782940  0.833357  0.838640  0.329610  0.367770  0.327282  0.453594  0.726716  0.759718  0.542208  0.585412  0.662515  0.796568  0.624406  0.026845  0.422874  0.346582  0.231508  0.747025  0.808795  0.776370  0.419095  0.805027  0.843673 0.0 
