60
0 0.0  0.856421  0.302780  0.156123  0.487984  0.556311  0.581122  0.782216  0.183354  0.429029  0.957528  0.498749  0.387935  0.131816  0.352995  0.387947  0.129369  0.599192  0.531692  0.379914  0.538503  0.155800  0.111487  0.562464  0.099637  0.176907  0.148958  0.593682  0.387283  0.606367  0.151132  0.421482  0.460007  0.400023  0.172203  0.359371  0.153632  0.403257  0.209046  0.457394  0.461453  0.432334  0.179388  0.193173  0.413506  0.170181  0.195843  0.160454  0.577139  0.255771  0.039834  0.431976  0.235912  0.116889  0.440893  0.091332  0.447702  0.511430  0.366056  0.469944 
1  0.856421 0.0  0.634070  0.837063  0.873792  0.765563  0.406990  0.207159  0.898427  0.844300  0.563891  0.575505  0.585168  0.815272  0.597491  0.451772  0.860083  0.348057  0.838205  0.492986  0.531041  0.834085  0.879261  0.364566  0.764237  0.687491  0.827124  0.766981  0.539013  0.391779  0.821796  0.603183  0.480598  0.832578  0.870502  0.545775  0.863404  0.770847  0.840936  0.546516  0.643064  0.558490  0.877527  0.953013  0.738335  0.784444  0.652266  0.679730  0.585770  0.954297  0.782233  0.617791  0.794186  0.802345  0.584892  0.948500  0.808773  0.641399  0.515451  0.613246 
2  0.302780  0.634070 0.0  0.446858  0.464017  0.899171  0.387226  0.598583  0.422035  0.320813  0.568257  0.226503  0.300749  0.439355  0.196586  0.490210  0.363525  0.403273  0.395048  0.000000  0.185921  0.352452  0.378386  0.777069  0.485675  0.501241  0.444831  0.406697  0.017433  0.717418  0.383702  0.122202  0.000000  0.356080  0.494105  0.141273  0.377994  0.336629  0.571817  0.054682  0.148464  0.095394  0.523676  0.504270  0.368312  0.324469  0.285888  0.458963  0.264238  0.395721  0.516336  0.033412  0.425181  0.476336  0.225214  0.382699  0.360734  0.493638  0.188875  0.073538 
3  0.156123  0.837063  0.446858 0.0  0.288741  0.641088  0.692470  0.885227  0.041521  0.343916  0.915429  0.481300  0.400273  0.230503  0.445976  0.499007  0.072251  0.644848  0.411259  0.312741  0.392564  0.148122  0.105545  0.637712  0.205540  0.219304  0.230313  0.393977  0.382752  0.375622  0.217023  0.527598  0.360757  0.423076  0.191472  0.270074  0.159559  0.305832  0.255457  0.341363  0.489897  0.340978  0.320011  0.157563  0.213942  0.072678  0.423661  0.197426  0.475286  0.158869  0.291097  0.240944  0.169927  0.225642  0.310432  0.188387  0.300930  0.441971  0.404746  0.155302 
4  0.487984  0.873792  0.464017  0.288741 0.0  0.752352  0.463198  0.759392  0.360766  0.000000  0.880774  0.342430  0.372791  0.245115  0.371398  0.528252  0.480916  0.450859  0.325671  0.476417  0.433371  0.313770  0.353731  0.726469  0.277580  0.375501  0.336243  0.390837  0.537769  0.790211  0.275248  0.364934  0.533129  0.158268  0.326377  0.522644  0.303645  0.128871  0.429417  0.461790  0.326548  0.520111  0.382489  0.270950  0.360627  0.486446  0.308854  0.414048  0.325160  0.379138  0.272742  0.497403  0.182381  0.416901  0.408219  0.369988  0.264960  0.519478  0.359868  0.446039 
5  0.556311  0.765563  0.899171  0.641088  0.752352 0.0  0.566678  0.970651  0.553729  0.661724  0.505882  0.800541  0.851605  0.640560  0.863593  0.386444  0.505235  0.649187  0.719115  0.706595  0.666985  0.482551  0.571749  0.595420  0.647086  0.583531  0.602190  0.880267  0.636332  0.502947  0.587462  0.876635  0.689200  0.692063  0.605274  0.779137  0.544738  0.762668  0.480633  0.730636  0.950817  0.848592  0.537492  0.688159  0.753469  0.507119  0.652643  0.606278  0.861194  0.534664  0.625931  0.819557  0.630815  0.692407  0.712840  0.574243  0.695320  0.619738  0.805220  0.727958 
6  0.581122  0.406990  0.387226  0.692470  0.463198  0.566678 0.0  0.485255  0.561505  0.575310  0.398075  0.345918  0.425914  0.521890  0.399519  0.459347  0.528759  0.514562  0.524315  0.286881  0.250061  0.527732  0.587774  0.612081  0.668852  0.781991  0.667382  0.665560  0.218278  0.586595  0.718905  0.417011  0.252482  0.560698  0.521904  0.281399  0.705529  0.480595  0.695702  0.281865  0.448716  0.294338  0.765152  0.629557  0.438790  0.469234  0.487706  0.717715  0.403133  0.691762  0.702696  0.253746  0.721752  0.722200  0.412930  0.687743  0.463225  0.715789  0.284488  0.242368 
7  0.782216  0.207159  0.598583  0.885227  0.759392  0.970651  0.485255 0.0  0.847968  0.795675  0.612951  0.533561  0.611949  0.858022  0.704113  0.364739  0.767873  0.430530  0.809470  0.463993  0.466068  0.724348  0.751859  0.425377  0.952622  0.873705  0.865896  0.891124  0.450042  0.259459  0.915896  0.665869  0.579093  0.639159  0.868643  0.461561  0.891848  0.738467  0.857418  0.522956  0.742134  0.413559  0.908775  0.853901  0.759416  0.783755  0.625964  0.926048  0.548328  0.773431  0.927586  0.371475  0.857771  0.870152  0.472627  0.859539  0.679050  0.682099  0.576318  0.466948 
8  0.183354  0.898427  0.422035  0.041521  0.360766  0.553729  0.561505  0.847968 0.0  0.354471  0.816542  0.426034  0.477453  0.023197  0.336183  0.460267  0.107733  0.496917  0.369843  0.507887  0.397196  0.119272  0.186423  0.638282  0.015260  0.073733  0.121692  0.287444  0.222118  0.575705  0.061209  0.266816  0.333822  0.317699  0.154454  0.275651  0.163356  0.303496  0.074910  0.412724  0.450989  0.345752  0.030821  0.055876  0.492998  0.026351  0.299354  0.021621  0.351694  0.170215  0.000000  0.401865  0.175119  0.002194  0.257775  0.102452  0.334513  0.546962  0.336483  0.376575 
9  0.429029  0.844300  0.320813  0.343916  0.000000  0.661724  0.575310  0.795675  0.354471 0.0  1.000000  0.325258  0.349614  0.431035  0.305431  0.509802  0.385277  0.632865  0.347597  0.305069  0.387205  0.368838  0.296661  0.694857  0.382314  0.285403  0.362355  0.371394  0.354642  0.704569  0.414231  0.392872  0.237859  0.047850  0.359113  0.463289  0.335614  0.026977  0.377227  0.400051  0.451268  0.427959  0.286690  0.350697  0.489502  0.262140  0.237482  0.308444  0.250513  0.368329  0.383732  0.280726  0.342288  0.444896  0.333321  0.285035  0.067659  0.650934  0.361828  0.320066 
10  0.957528  0.563891  0.568257  0.915429  0.880774  0.505882  0.398075  0.612951  0.816542  1.000000 0.0  0.582350  0.614403  0.815676  0.521261  0.450800  0.874187  0.299181  0.833457  0.423034  0.478851  0.900156  0.919778  0.725130  0.812813  0.772163  0.799398  0.799798  0.542735  0.713701  0.852937  0.530142  0.515062  0.863233  0.708272  0.572698  0.785026  0.829888  0.809379  0.519116  0.472487  0.632464  0.750150  0.737119  0.755042  0.920962  0.698162  0.809883  0.500890  0.766847  0.899931  0.502748  0.871536  0.812330  0.663457  0.962453  0.864630  0.643965  0.532847  0.475412 
11  0.498749  0.575505  0.226503  0.481300  0.342430  0.800541  0.345918  0.533561  0.426034  0.325258  0.582350 0.0  0.230478  0.362965  0.222763  0.512251  0.498947  0.299751  0.506155  0.109613  0.089869  0.520188  0.411680  0.871550  0.358952  0.403412  0.393226  0.426854  0.182442  0.773926  0.401676  0.087008  0.174928  0.434195  0.379762  0.148149  0.385649  0.491521  0.391578  0.215122  0.270739  0.041600  0.430270  0.411154  0.316600  0.324790  0.249737  0.463441  0.105800  0.372275  0.480151  0.156577  0.417350  0.425808  0.159681  0.476457  0.404624  0.666221  0.168825  0.192013 
12  0.387935  0.585168  0.300749  0.400273  0.372791  0.851605  0.425914  0.611949  0.477453  0.349614  0.614403  0.230478 0.0  0.491577  0.226259  0.429839  0.387372  0.389239  0.306765  0.000000  0.227839  0.390411  0.293728  0.966556  0.452597  0.381408  0.528777  0.347102  0.090419  0.819325  0.474796  0.261606  0.204189  0.315214  0.460940  0.068920  0.471129  0.339803  0.547351  0.017428  0.168463  0.082611  0.529394  0.405827  0.438321  0.337579  0.231848  0.617545  0.173431  0.306122  0.477205  0.096574  0.458753  0.485625  0.108321  0.440629  0.308755  0.636284  0.177240  0.000000 
13  0.131816  0.815272  0.439355  0.230503  0.245115  0.640560  0.521890  0.858022  0.023197  0.431035  0.815676  0.362965  0.491577 0.0  0.525472  0.548625  0.150984  0.622710  0.290922  0.321316  0.332932  0.075080  0.108062  0.565317  0.168976  0.220149  0.278562  0.479163  0.328296  0.474259  0.156832  0.521075  0.357584  0.362841  0.231305  0.267292  0.096380  0.358320  0.175250  0.389786  0.491311  0.438913  0.189121  0.137090  0.217504  0.038952  0.227893  0.251456  0.441749  0.202000  0.260665  0.388461  0.270739  0.095409  0.421585  0.160126  0.396401  0.535879  0.541422  0.323232 
14  0.352995  0.597491  0.196586  0.445976  0.371398  0.863593  0.399519  0.704113  0.336183  0.305431  0.521261  0.222763  0.226259  0.525472 0.0  0.540550  0.265408  0.522920  0.256675  0.054103  0.146509  0.397688  0.235237  0.783102  0.426259  0.476323  0.447406  0.448325  0.046601  0.694571  0.399231  0.131437  0.046812  0.443354  0.531373  0.078206  0.396981  0.340046  0.577049  0.126840  0.249748  0.000000  0.428215  0.567097  0.301341  0.350220  0.231541  0.427302  0.238930  0.406938  0.473593  0.076284  0.468853  0.360649  0.105227  0.423494  0.324429  0.574147  0.101203  0.109891 
15  0.387947  0.451772  0.490210  0.499007  0.528252  0.386444  0.459347  0.364739  0.460267  0.509802  0.450800  0.512251  0.429839  0.548625  0.540550 0.0  0.503906  0.617205  0.559186  0.516989  0.561856  0.529725  0.409366  0.475281  0.464176  0.388822  0.408337  0.456035  0.502851  0.535043  0.440242  0.555225  0.541769  0.545188  0.470784  0.450360  0.422745  0.417703  0.466389  0.386937  0.472037  0.486466  0.536816  0.388812  0.483749  0.505259  0.559116  0.495554  0.522545  0.561864  0.465452  0.568367  0.551833  0.472098  0.500408  0.502257  0.519517  0.432221  0.490773  0.411780 
16  0.129369  0.860083  0.363525  0.072251  0.480916  0.505235  0.528759  0.767873  0.107733  0.385277  0.874187  0.498947  0.387372  0.150984  0.265408  0.503906 0.0  0.705476  0.397904  0.324660  0.299429  0.014916  0.007661  0.395727  0.179744  0.000000  0.000000  0.415970  0.373501  0.478904  0.068909  0.199135  0.322773  0.348931  0.144333  0.302912  0.026263  0.267188  0.117347  0.295543  0.361351  0.359894  0.039228  0.004547  0.328340  0.000000  0.231793  0.108372  0.333653  0.112418  0.023583  0.275815  0.108293  0.096829  0.447039  0.000000  0.386231  0.510612  0.362725  0.347735 
17  0.599192  0.348057  0.403273  0.644848  0.450859  0.649187  0.514562  0.430530  0.496917  0.632865  0.299181  0.299751  0.389239  0.622710  0.522920  0.617205  0.705476 0.0  0.714564  0.201183  0.453848  0.397776  0.591212  0.674800  0.693531  0.698229  0.560425  0.685649  0.290433  0.497174  0.698786  0.536882  0.257163  0.609806  0.623982  0.231392  0.706617  0.538557  0.748187  0.322147  0.423126  0.223681  0.685847  0.671678  0.522466  0.541323  0.391150  0.732119  0.469483  0.648682  0.723456  0.197506  0.722681  0.691934  0.250610  0.616630  0.497927  0.606961  0.311292  0.282182 
18  0.531692  0.838205  0.395048  0.411259  0.325671  0.719115  0.524315  0.809470  0.369843  0.347597  0.833457  0.506155  0.306765  0.290922  0.256675  0.559186  0.397904  0.714564 0.0  0.288116  0.374605  0.386945  0.310741  0.864678  0.348923  0.353774  0.339163  0.113071  0.471731  0.737989  0.412137  0.395882  0.309707  0.279231  0.310996  0.296155  0.358989  0.262417  0.229530  0.203571  0.374810  0.362267  0.369155  0.402082  0.094405  0.274317  0.147388  0.315589  0.307878  0.525575  0.283514  0.309172  0.377764  0.291715  0.298462  0.407012  0.361974  0.391915  0.310966  0.399223 
19  0.379914  0.492986  0.000000  0.312741  0.476417  0.706595  0.286881  0.463993  0.507887  0.305069  0.423034  0.109613  0.000000  0.321316  0.054103  0.516989  0.324660  0.201183  0.288116 0.0  0.085860  0.475787  0.342786  0.806534  0.254614  0.385033  0.294959  0.302948  0.298330  0.704636  0.265731  0.164336  0.298816  0.478009  0.407581  0.208971  0.379139  0.471523  0.352428  0.141993  0.083606  0.300369  0.373346  0.383644  0.297234  0.482002  0.320635  0.276992  0.075671  0.510690  0.424224  0.119472  0.269849  0.242108  0.167397  0.344442  0.591954  0.440877  0.087660  0.224705 
20  0.538503  0.531041  0.185921  0.392564  0.433371  0.666985  0.250061  0.466068  0.397196  0.387205  0.478851  0.089869  0.227839  0.332932  0.146509  0.561856  0.299429  0.453848  0.374605  0.085860 0.0  0.351791  0.358853  0.716376  0.298324  0.373036  0.257479  0.277012  0.222087  0.616062  0.270516  0.122499  0.167081  0.473385  0.297393  0.298434  0.258913  0.662525  0.406107  0.336974  0.040289  0.261282  0.310694  0.261265  0.326488  0.576271  0.170026  0.327078  0.079917  0.360637  0.366148  0.227454  0.310930  0.307172  0.174381  0.458288  0.436207  0.385730  0.227741  0.222140 
21  0.155800  0.834085  0.352452  0.148122  0.313770  0.482551  0.527732  0.724348  0.119272  0.368838  0.900156  0.520188  0.390411  0.075080  0.397688  0.529725  0.014916  0.397776  0.386945  0.475787  0.351791 0.0  0.167921  0.487097  0.067194  0.012727  0.033577  0.355870  0.324469  0.616562  0.107127  0.396449  0.238690  0.294324  0.043326  0.319164  0.096149  0.433481  0.112167  0.216421  0.323112  0.370075  0.035393  0.069200  0.412552  0.023921  0.293190  0.104181  0.368158  0.182135  0.186325  0.299028  0.062805  0.000000  0.364181  0.144301  0.315820  0.549452  0.422454  0.401837 
22  0.111487  0.879261  0.378386  0.105545  0.353731  0.571749  0.587774  0.751859  0.186423  0.296661  0.919778  0.411680  0.293728  0.108062  0.235237  0.409366  0.007661  0.591212  0.310741  0.342786  0.358853  0.167921 0.0  0.457985  0.048825  0.000000  0.079157  0.309474  0.297872  0.647083  0.000000  0.325989  0.377740  0.400435  0.005060  0.253125  0.120190  0.269899  0.038262  0.298955  0.355481  0.360097  0.071574  0.139770  0.589359  0.081030  0.324026  0.059071  0.357936  0.008663  0.016997  0.325803  0.000000  0.170366  0.325882  0.084162  0.385199  0.539931  0.492388  0.311619 
23  0.562464  0.364566  0.777069  0.637712  0.726469  0.595420  0.612081  0.425377  0.638282  0.694857  0.725130  0.871550  0.966556  0.565317  0.783102  0.475281  0.395727  0.674800  0.864678  0.806534  0.716376  0.487097  0.457985 0.0  0.611124  0.565673  0.650576  0.803566  0.725525  0.106799  0.680118  0.971067  0.654557  0.679006  0.617296  0.724770  0.633024  0.736007  0.639864  0.717182  0.832379  0.802449  0.545034  0.702198  0.739334  0.527778  0.796794  0.745930  0.839427  0.578277  0.579550  0.755744  0.699800  0.522122  0.798548  0.636385  0.683107  0.567748  0.842075  0.718901 
24  0.099637  0.764237  0.485675  0.205540  0.277580  0.647086  0.668852  0.952622  0.015260  0.382314  0.812813  0.358952  0.452597  0.168976  0.426259  0.464176  0.179744  0.693531  0.348923  0.254614  0.298324  0.067194  0.048825  0.611124 0.0  0.212983  0.135805  0.492019  0.328155  0.466319  0.175397  0.545506  0.211535  0.298099  0.203520  0.372213  0.331797  0.320577  0.250310  0.383287  0.496742  0.355539  0.169403  0.158624  0.374392  0.023315  0.209321  0.272904  0.404920  0.169674  0.196614  0.271773  0.182982  0.233874  0.383073  0.113105  0.337183  0.578083  0.428741  0.239191 
25  0.176907  0.687491  0.501241  0.219304  0.375501  0.583531  0.781991  0.873705  0.073733  0.285403  0.772163  0.403412  0.381408  0.220149  0.476323  0.388822  0.000000  0.698229  0.353774  0.385033  0.373036  0.012727  0.000000  0.565673  0.212983 0.0  0.115850  0.518614  0.346877  0.599454  0.253878  0.450742  0.417765  0.351508  0.210762  0.374658  0.244977  0.253617  0.243411  0.371801  0.454268  0.268182  0.159292  0.152372  0.415606  0.094013  0.320494  0.165897  0.560809  0.152604  0.120674  0.373201  0.275703  0.168976  0.412309  0.142908  0.326973  0.594980  0.483372  0.266249 
26  0.148958  0.827124  0.444831  0.230313  0.336243  0.602190  0.667382  0.865896  0.121692  0.362355  0.799398  0.393226  0.528777  0.278562  0.447406  0.408337  0.000000  0.560425  0.339163  0.294959  0.257479  0.033577  0.079157  0.650576  0.135805  0.115850 0.0  0.492788  0.278445  0.484140  0.291438  0.435549  0.409193  0.295588  0.152924  0.348873  0.217115  0.272036  0.183083  0.378449  0.457905  0.372984  0.191726  0.234679  0.437067  0.119590  0.271188  0.234521  0.484976  0.128852  0.149297  0.445150  0.039570  0.299883  0.296359  0.317196  0.388857  0.529086  0.365610  0.363971 
27  0.593682  0.766981  0.406697  0.393977  0.390837  0.880267  0.665560  0.891124  0.287444  0.371394  0.799798  0.426854  0.347102  0.479163  0.448325  0.456035  0.415970  0.685649  0.113071  0.302948  0.277012  0.355870  0.309474  0.803566  0.492019  0.518614  0.492788 0.0  0.300934  0.873708  0.378001  0.479627  0.472282  0.324751  0.463959  0.417532  0.428855  0.373134  0.590215  0.323078  0.548336  0.347628  0.430149  0.508714  0.172819  0.372444  0.315686  0.487089  0.499764  0.358337  0.360281  0.446800  0.475753  0.465035  0.346534  0.466733  0.353863  0.312563  0.498307  0.339710 
28  0.387283  0.539013  0.017433  0.382752  0.537769  0.636332  0.218278  0.450042  0.222118  0.354642  0.542735  0.182442  0.090419  0.328296  0.046601  0.502851  0.373501  0.290433  0.471731  0.298330  0.222087  0.324469  0.297872  0.725525  0.328155  0.346877  0.278445  0.300934 0.0  0.760661  0.405762  0.073806  0.086753  0.443196  0.324789  0.255345  0.432721  0.481703  0.339397  0.200998  0.039303  0.177487  0.416265  0.362579  0.317942  0.511448  0.297867  0.231700  0.103155  0.460948  0.391817  0.224197  0.382096  0.336092  0.220535  0.273574  0.470557  0.448709  0.085933  0.221283 
29  0.606367  0.391779  0.717418  0.375622  0.790211  0.502947  0.586595  0.259459  0.575705  0.704569  0.713701  0.773926  0.819325  0.474259  0.694571  0.535043  0.478904  0.497174  0.737989  0.704636  0.616062  0.616562  0.647083  0.106799  0.466319  0.599454  0.484140  0.873708  0.760661 0.0  0.356322  0.773912  0.668690  0.794686  0.458374  0.752336  0.576826  0.776939  0.621412  0.777086  0.815621  0.819544  0.524981  0.597080  0.932750  0.494806  0.652225  0.539000  0.803116  0.530991  0.488752  0.680756  0.442216  0.473989  0.922240  0.349103  0.724689  0.634964  0.875843  0.843307 
30  0.151132  0.821796  0.383702  0.217023  0.275248  0.587462  0.718905  0.915896  0.061209  0.414231  0.852937  0.401676  0.474796  0.156832  0.399231  0.440242  0.068909  0.698786  0.412137  0.265731  0.270516  0.107127  0.000000  0.680118  0.175397  0.253878  0.291438  0.378001  0.405762  0.356322 0.0  0.437746  0.340070  0.411423  0.323974  0.287088  0.100551  0.449081  0.160945  0.312910  0.558422  0.379747  0.325667  0.196856  0.241823  0.069707  0.348724  0.199161  0.475101  0.228797  0.279335  0.345761  0.194609  0.181482  0.294703  0.229375  0.237745  0.560265  0.410974  0.278288 
31  0.421482  0.603183  0.122202  0.527598  0.364934  0.876635  0.417011  0.665869  0.266816  0.392872  0.530142  0.087008  0.261606  0.521075  0.131437  0.555225  0.199135  0.536882  0.395882  0.164336  0.122499  0.396449  0.325989  0.971067  0.545506  0.450742  0.435549  0.479627  0.073806  0.773912  0.437746 0.0  0.152981  0.225217  0.548130  0.041925  0.543407  0.380868  0.520459  0.137995  0.152870  0.098840  0.394605  0.460271  0.282149  0.350263  0.262980  0.519406  0.241903  0.458314  0.485314  0.149461  0.405412  0.413195  0.136209  0.422240  0.337277  0.453166  0.000000  0.117728 
32  0.460007  0.480598  0.000000  0.360757  0.533129  0.689200  0.252482  0.579093  0.333822  0.237859  0.515062  0.174928  0.204189  0.357584  0.046812  0.541769  0.322773  0.257163  0.309707  0.298816  0.167081  0.238690  0.377740  0.654557  0.211535  0.417765  0.409193  0.472282  0.086753  0.668690  0.340070  0.152981 0.0  0.421456  0.300016  0.396286  0.347271  0.456477  0.376772  0.252433  0.040834  0.285487  0.406966  0.289168  0.359688  0.472098  0.373130  0.307118  0.101856  0.529004  0.267917  0.182108  0.252765  0.382474  0.175642  0.290886  0.473972  0.545697  0.031298  0.170624 
33  0.400023  0.832578  0.356080  0.423076  0.158268  0.692063  0.560698  0.639159  0.317699  0.047850  0.863233  0.434195  0.315214  0.362841  0.443354  0.545188  0.348931  0.609806  0.279231  0.478009  0.473385  0.294324  0.400435  0.679006  0.298099  0.351508  0.295588  0.324751  0.443196  0.794686  0.411423  0.225217  0.421456 0.0  0.392770  0.460993  0.372113  0.191702  0.305320  0.459466  0.368767  0.492790  0.450294  0.265278  0.395056  0.496941  0.330265  0.213364  0.365669  0.383381  0.398964  0.506811  0.351586  0.444810  0.411686  0.327546  0.158089  0.561401  0.524319  0.562165 
34  0.172203  0.870502  0.494105  0.191472  0.326377  0.605274  0.521904  0.868643  0.154454  0.359113  0.708272  0.379762  0.460940  0.231305  0.531373  0.470784  0.144333  0.623982  0.310996  0.407581  0.297393  0.043326  0.005060  0.617296  0.203520  0.210762  0.152924  0.463959  0.324789  0.458374  0.323974  0.548130  0.300016  0.392770 0.0  0.389137  0.225560  0.282413  0.250627  0.287773  0.393166  0.287757  0.290393  0.179312  0.276591  0.071133  0.234887  0.303335  0.419918  0.131839  0.207761  0.254485  0.244325  0.089148  0.344601  0.186790  0.339306  0.675778  0.409746  0.295325 
35  0.359371  0.545775  0.141273  0.270074  0.522644  0.779137  0.281399  0.461561  0.275651  0.463289  0.572698  0.148149  0.068920  0.267292  0.078206  0.450360  0.302912  0.231392  0.296155  0.208971  0.298434  0.319164  0.253125  0.724770  0.372213  0.374658  0.348873  0.417532  0.255345  0.752336  0.287088  0.041925  0.396286  0.460993  0.389137 0.0  0.393548  0.466402  0.323332  0.152770  0.040866  0.238507  0.301105  0.413464  0.361288  0.553246  0.364213  0.337146  0.000000  0.418971  0.378326  0.117705  0.299922  0.315660  0.267312  0.380842  0.530379  0.636592  0.189522  0.235630 
36  0.153632  0.863404  0.377994  0.159559  0.303645  0.544738  0.705529  0.891848  0.163356  0.335614  0.785026  0.385649  0.471129  0.096380  0.396981  0.422745  0.026263  0.706617  0.358989  0.379139  0.258913  0.096149  0.120190  0.633024  0.331797  0.244977  0.217115  0.428855  0.432721  0.576826  0.100551  0.543407  0.347271  0.372113  0.225560  0.393548 0.0  0.351079  0.172009  0.333686  0.413323  0.313859  0.139433  0.191227  0.321550  0.041294  0.244439  0.209565  0.397001  0.213777  0.259574  0.294068  0.254644  0.319850  0.340083  0.217947  0.389280  0.582042  0.509307  0.458711 
37  0.403257  0.770847  0.336629  0.305832  0.128871  0.762668  0.480595  0.738467  0.303496  0.026977  0.829888  0.491521  0.339803  0.358320  0.340046  0.417703  0.267188  0.538557  0.262417  0.471523  0.662525  0.433481  0.269899  0.736007  0.320577  0.253617  0.272036  0.373134  0.481703  0.776939  0.449081  0.380868  0.456477  0.191702  0.282413  0.466402  0.351079 0.0  0.432800  0.449817  0.398484  0.545773  0.345336  0.292444  0.245399  0.414497  0.364485  0.434941  0.301896  0.402378  0.368452  0.450102  0.199090  0.365181  0.430677  0.318071  0.209494  0.539919  0.380803  0.412249 
38  0.209046  0.840936  0.571817  0.255457  0.429417  0.480633  0.695702  0.857418  0.074910  0.377227  0.809379  0.391578  0.547351  0.175250  0.577049  0.466389  0.117347  0.748187  0.229530  0.352428  0.406107  0.112167  0.038262  0.639864  0.250310  0.243411  0.183083  0.590215  0.339397  0.621412  0.160945  0.520459  0.376772  0.305320  0.250627  0.323332  0.172009  0.432800 0.0  0.338939  0.401535  0.392273  0.183141  0.241084  0.408348  0.211757  0.290843  0.174881  0.404277  0.156194  0.150270  0.408555  0.115825  0.218816  0.402205  0.199728  0.290080  0.441048  0.300373  0.287879 
39  0.457394  0.546516  0.054682  0.341363  0.461790  0.730636  0.281865  0.522956  0.412724  0.400051  0.519116  0.215122  0.017428  0.389786  0.126840  0.386937  0.295543  0.322147  0.203571  0.141993  0.336974  0.216421  0.298955  0.717182  0.383287  0.371801  0.378449  0.323078  0.200998  0.777086  0.312910  0.137995  0.252433  0.459466  0.287773  0.152770  0.333686  0.449817  0.338939 0.0  0.111704  0.229813  0.323717  0.141240  0.298946  0.441867  0.317706  0.324654  0.162980  0.324892  0.430751  0.184867  0.360023  0.263960  0.287273  0.330344  0.447526  0.620640  0.243217  0.228251 
40  0.461453  0.643064  0.148464  0.489897  0.326548  0.950817  0.448716  0.742134  0.450989  0.451268  0.472487  0.270739  0.168463  0.491311  0.249748  0.472037  0.361351  0.423126  0.374810  0.083606  0.040289  0.323112  0.355481  0.832379  0.496742  0.454268  0.457905  0.548336  0.039303  0.815621  0.558422  0.152870  0.040834  0.368767  0.393166  0.040866  0.413323  0.398484  0.401535  0.111704 0.0  0.022039  0.530546  0.534345  0.360932  0.339883  0.203647  0.523463  0.104609  0.408574  0.492134  0.000000  0.582984  0.484283  0.011081  0.476766  0.330648  0.540987  0.136495  0.069826 
41  0.432334  0.558490  0.095394  0.340978  0.520111  0.848592  0.294338  0.413559  0.345752  0.427959  0.632464  0.041600  0.082611  0.438913  0.000000  0.486466  0.359894  0.223681  0.362267  0.300369  0.261282  0.370075  0.360097  0.802449  0.355539  0.268182  0.372984  0.347628  0.177487  0.819544  0.379747  0.098840  0.285487  0.492790  0.287757  0.238507  0.313859  0.545773  0.392273  0.229813  0.022039 0.0  0.348409  0.304270  0.300322  0.466662  0.302568  0.267949  0.003878  0.293404  0.326642  0.276339  0.451165  0.270764  0.217386  0.336842  0.347617  0.498970  0.127910  0.099935 
42  0.179388  0.877527  0.523676  0.320011  0.382489  0.537492  0.765152  0.908775  0.030821  0.286690  0.750150  0.430270  0.529394  0.189121  0.428215  0.536816  0.039228  0.685847  0.369155  0.373346  0.310694  0.035393  0.071574  0.545034  0.169403  0.159292  0.191726  0.430149  0.416265  0.524981  0.325667  0.394605  0.406966  0.450294  0.290393  0.301105  0.139433  0.345336  0.183141  0.323717  0.530546  0.348409 0.0  0.309379  0.298324  0.119860  0.236615  0.247987  0.551757  0.172155  0.244278  0.380318  0.269004  0.253914  0.367210  0.302962  0.410605  0.498578  0.420924  0.397280 
43  0.193173  0.953013  0.504270  0.157563  0.270950  0.688159  0.629557  0.853901  0.055876  0.350697  0.737119  0.411154  0.405827  0.137090  0.567097  0.388812  0.004547  0.671678  0.402082  0.383644  0.261265  0.069200  0.139770  0.702198  0.158624  0.152372  0.234679  0.508714  0.362579  0.597080  0.196856  0.460271  0.289168  0.265278  0.179312  0.413464  0.191227  0.292444  0.241084  0.141240  0.534345  0.304270  0.309379 0.0  0.416357  0.108872  0.158402  0.263716  0.474580  0.128790  0.155822  0.370775  0.123504  0.173854  0.271882  0.190106  0.384676  0.629336  0.388825  0.448480 
44  0.413506  0.738335  0.368312  0.213942  0.360627  0.753469  0.438790  0.759416  0.492998  0.489502  0.755042  0.316600  0.438321  0.217504  0.301341  0.483749  0.328340  0.522466  0.094405  0.297234  0.326488  0.412552  0.589359  0.739334  0.374392  0.415606  0.437067  0.172819  0.317942  0.932750  0.241823  0.282149  0.359688  0.395056  0.276591  0.361288  0.321550  0.245399  0.408348  0.298946  0.360932  0.300322  0.298324  0.416357 0.0  0.288675  0.407465  0.350517  0.286807  0.339399  0.352029  0.411158  0.312850  0.351170  0.320465  0.328108  0.258131  0.330350  0.359764  0.250754 
45  0.170181  0.784444  0.324469  0.072678  0.486446  0.507119  0.469234  0.783755  0.026351  0.262140  0.920962  0.324790  0.337579  0.038952  0.350220  0.505259  0.000000  0.541323  0.274317  0.482002  0.576271  0.023921  0.081030  0.527778  0.023315  0.094013  0.119590  0.372444  0.511448  0.494806  0.069707  0.350263  0.472098  0.496941  0.071133  0.553246  0.041294  0.414497  0.211757  0.441867  0.339883  0.466662  0.119860  0.108872  0.288675 0.0  0.315253  0.020594  0.402252  0.165062  0.087118  0.383423  0.062642  0.143084  0.523596  0.019118  0.527089  0.653708  0.397786  0.457905 
46  0.195843  0.652266  0.285888  0.423661  0.308854  0.652643  0.487706  0.625964  0.299354  0.237482  0.698162  0.249737  0.231848  0.227893  0.231541  0.559116  0.231793  0.391150  0.147388  0.320635  0.170026  0.293190  0.324026  0.796794  0.209321  0.320494  0.271188  0.315686  0.297867  0.652225  0.348724  0.262980  0.373130  0.330265  0.234887  0.364213  0.244439  0.364485  0.290843  0.317706  0.203647  0.302568  0.236615  0.158402  0.407465  0.315253 0.0  0.297125  0.367776  0.261229  0.292561  0.425790  0.220637  0.176897  0.307368  0.282506  0.286349  0.470440  0.333987  0.295527 
47  0.160454  0.679730  0.458963  0.197426  0.414048  0.606278  0.717715  0.926048  0.021621  0.308444  0.809883  0.463441  0.617545  0.251456  0.427302  0.495554  0.108372  0.732119  0.315589  0.276992  0.327078  0.104181  0.059071  0.745930  0.272904  0.165897  0.234521  0.487089  0.231700  0.539000  0.199161  0.519406  0.307118  0.213364  0.303335  0.337146  0.209565  0.434941  0.174881  0.324654  0.523463  0.267949  0.247987  0.263716  0.350517  0.020594  0.297125 0.0  0.476727  0.040705  0.177647  0.339380  0.322651  0.285508  0.314787  0.253189  0.410401  0.527465  0.405561  0.334810 
48  0.577139  0.585770  0.264238  0.475286  0.325160  0.861194  0.403133  0.548328  0.351694  0.250513  0.500890  0.105800  0.173431  0.441749  0.238930  0.522545  0.333653  0.469483  0.307878  0.075671  0.079917  0.368158  0.357936  0.839427  0.404920  0.560809  0.484976  0.499764  0.103155  0.803116  0.475101  0.241903  0.101856  0.365669  0.419918  0.000000  0.397001  0.301896  0.404277  0.162980  0.104609  0.003878  0.551757  0.474580  0.286807  0.402252  0.367776  0.476727 0.0  0.227256  0.307795  0.161841  0.390694  0.464717  0.114336  0.464460  0.368649  0.565670  0.105857  0.037223 
49  0.255771  0.954297  0.395721  0.158869  0.379138  0.534664  0.691762  0.773431  0.170215  0.368329  0.766847  0.372275  0.306122  0.202000  0.406938  0.561864  0.112418  0.648682  0.525575  0.510690  0.360637  0.182135  0.008663  0.578277  0.169674  0.152604  0.128852  0.358337  0.460948  0.530991  0.228797  0.458314  0.529004  0.383381  0.131839  0.418971  0.213777  0.402378  0.156194  0.324892  0.408574  0.293404  0.172155  0.128790  0.339399  0.165062  0.261229  0.040705  0.227256 0.0  0.007540  0.324440  0.167416  0.269250  0.396445  0.155040  0.372144  0.618439  0.476696  0.427083 
50  0.039834  0.782233  0.516336  0.291097  0.272742  0.625931  0.702696  0.927586  0.000000  0.383732  0.899931  0.480151  0.477205  0.260665  0.473593  0.465452  0.023583  0.723456  0.283514  0.424224  0.366148  0.186325  0.016997  0.579550  0.196614  0.120674  0.149297  0.360281  0.391817  0.488752  0.279335  0.485314  0.267917  0.398964  0.207761  0.378326  0.259574  0.368452  0.150270  0.430751  0.492134  0.326642  0.244278  0.155822  0.352029  0.087118  0.292561  0.177647  0.307795  0.007540 0.0  0.358569  0.280337  0.234903  0.349712  0.264359  0.403606  0.550236  0.521030  0.331313 
51  0.431976  0.617791  0.033412  0.240944  0.497403  0.819557  0.253746  0.371475  0.401865  0.280726  0.502748  0.156577  0.096574  0.388461  0.076284  0.568367  0.275815  0.197506  0.309172  0.119472  0.227454  0.299028  0.325803  0.755744  0.271773  0.373201  0.445150  0.446800  0.224197  0.680756  0.345761  0.149461  0.182108  0.506811  0.254485  0.117705  0.294068  0.450102  0.408555  0.184867  0.000000  0.276339  0.380318  0.370775  0.411158  0.383423  0.425790  0.339380  0.161841  0.324440  0.358569 0.0  0.292841  0.341401  0.166685  0.345856  0.350187  0.624886  0.052767  0.197273 
52  0.235912  0.794186  0.425181  0.169927  0.182381  0.630815  0.721752  0.857771  0.175119  0.342288  0.871536  0.417350  0.458753  0.270739  0.468853  0.551833  0.108293  0.722681  0.377764  0.269849  0.310930  0.062805  0.000000  0.699800  0.182982  0.275703  0.039570  0.475753  0.382096  0.442216  0.194609  0.405412  0.252765  0.351586  0.244325  0.299922  0.254644  0.199090  0.115825  0.360023  0.582984  0.451165  0.269004  0.123504  0.312850  0.062642  0.220637  0.322651  0.390694  0.167416  0.280337  0.292841 0.0  0.194456  0.383168  0.271102  0.391740  0.492870  0.316464  0.413432 
53  0.116889  0.802345  0.476336  0.225642  0.416901  0.692407  0.722200  0.870152  0.002194  0.444896  0.812330  0.425808  0.485625  0.095409  0.360649  0.472098  0.096829  0.691934  0.291715  0.242108  0.307172  0.000000  0.170366  0.522122  0.233874  0.168976  0.299883  0.465035  0.336092  0.473989  0.181482  0.413195  0.382474  0.444810  0.089148  0.315660  0.319850  0.365181  0.218816  0.263960  0.484283  0.270764  0.253914  0.173854  0.351170  0.143084  0.176897  0.285508  0.464717  0.269250  0.234903  0.341401  0.194456 0.0  0.314873  0.239462  0.396387  0.588674  0.432465  0.303706 
54  0.440893  0.584892  0.225214  0.310432  0.408219  0.712840  0.412930  0.472627  0.257775  0.333321  0.663457  0.159681  0.108321  0.421585  0.105227  0.500408  0.447039  0.250610  0.298462  0.167397  0.174381  0.364181  0.325882  0.798548  0.383073  0.412309  0.296359  0.346534  0.220535  0.922240  0.294703  0.136209  0.175642  0.411686  0.344601  0.267312  0.340083  0.430677  0.402205  0.287273  0.011081  0.217386  0.367210  0.271882  0.320465  0.523596  0.307368  0.314787  0.114336  0.396445  0.349712  0.166685  0.383168  0.314873 0.0  0.333611  0.395724  0.561018  0.092893  0.225342 
55  0.091332  0.948500  0.382699  0.188387  0.369988  0.574243  0.687743  0.859539  0.102452  0.285035  0.962453  0.476457  0.440629  0.160126  0.423494  0.502257  0.000000  0.616630  0.407012  0.344442  0.458288  0.144301  0.084162  0.636385  0.113105  0.142908  0.317196  0.466733  0.273574  0.349103  0.229375  0.422240  0.290886  0.327546  0.186790  0.380842  0.217947  0.318071  0.199728  0.330344  0.476766  0.336842  0.302962  0.190106  0.328108  0.019118  0.282506  0.253189  0.464460  0.155040  0.264359  0.345856  0.271102  0.239462  0.333611 0.0  0.310039  0.529348  0.502509  0.327036 
56  0.447702  0.808773  0.360734  0.300930  0.264960  0.695320  0.463225  0.679050  0.334513  0.067659  0.864630  0.404624  0.308755  0.396401  0.324429  0.519517  0.386231  0.497927  0.361974  0.591954  0.436207  0.315820  0.385199  0.683107  0.337183  0.326973  0.388857  0.353863  0.470557  0.724689  0.237745  0.337277  0.473972  0.158089  0.339306  0.530379  0.389280  0.209494  0.290080  0.447526  0.330648  0.347617  0.410605  0.384676  0.258131  0.527089  0.286349  0.410401  0.368649  0.372144  0.403606  0.350187  0.391740  0.396387  0.395724  0.310039 0.0  0.527917  0.358164  0.441975 
57  0.511430  0.641399  0.493638  0.441971  0.519478  0.619738  0.715789  0.682099  0.546962  0.650934  0.643965  0.666221  0.636284  0.535879  0.574147  0.432221  0.510612  0.606961  0.391915  0.440877  0.385730  0.549452  0.539931  0.567748  0.578083  0.594980  0.529086  0.312563  0.448709  0.634964  0.560265  0.453166  0.545697  0.561401  0.675778  0.636592  0.582042  0.539919  0.441048  0.620640  0.540987  0.498970  0.498578  0.629336  0.330350  0.653708  0.470440  0.527465  0.565670  0.618439  0.550236  0.624886  0.492870  0.588674  0.561018  0.529348  0.527917 0.0  0.545357  0.629118 
58  0.366056  0.515451  0.188875  0.404746  0.359868  0.805220  0.284488  0.576318  0.336483  0.361828  0.532847  0.168825  0.177240  0.541422  0.101203  0.490773  0.362725  0.311292  0.310966  0.087660  0.227741  0.422454  0.492388  0.842075  0.428741  0.483372  0.365610  0.498307  0.085933  0.875843  0.410974  0.000000  0.031298  0.524319  0.409746  0.189522  0.509307  0.380803  0.300373  0.243217  0.136495  0.127910  0.420924  0.388825  0.359764  0.397786  0.333987  0.405561  0.105857  0.476696  0.521030  0.052767  0.316464  0.432465  0.092893  0.502509  0.358164  0.545357 0.0  0.196278 
59  0.469944  0.613246  0.073538  0.155302  0.446039  0.727958  0.242368  0.466948  0.376575  0.320066  0.475412  0.192013  0.000000  0.323232  0.109891  0.411780  0.347735  0.282182  0.399223  0.224705  0.222140  0.401837  0.311619  0.718901  0.239191  0.266249  0.363971  0.339710  0.221283  0.843307  0.278288  0.117728  0.170624  0.562165  0.295325  0.235630  0.458711  0.412249  0.287879  0.228251  0.069826  0.099935  0.397280  0.448480  0.250754  0.457905  0.295527  0.334810  0.037223  0.427083  0.331313  0.197273  0.413432  0.303706  0.225342  0.327036  0.441975  0.629118  0.196278 0.0 
