60
0 0.0  0.745826  0.499053  0.135787  0.451810  0.570470  0.671628  0.866690  0.172123  0.413988  0.784931  0.445537  0.378296  0.193092  0.467788  0.502436  0.000000  0.601503  0.522123  0.316456  0.334098  0.133492  0.115373  0.568514  0.157972  0.142151  0.268004  0.451653  0.346210  0.561049  0.238440  0.389258  0.426533  0.347693  0.174875  0.440928  0.104952  0.455218  0.305653  0.448437  0.423381  0.418404  0.160934  0.134196  0.422294  0.170776  0.302815  0.054736  0.423650  0.156946  0.063355  0.291281  0.133710  0.088716  0.213117  0.074645  0.407120  0.567195  0.428532  0.438080 
1  0.745826 0.0  0.543816  0.854071  0.746380  0.820193  0.333926  0.190335  0.886047  0.857151  0.677092  0.541927  0.450173  0.907005  0.587419  0.595374  0.912749  0.388673  0.964346  0.604663  0.519651  0.802091  0.791019  0.492430  0.874284  0.845039  0.817083  0.951158  0.565490  0.414986  0.896817  0.579418  0.650945  0.799811  0.826440  0.453039  0.749002  0.846244  0.816932  0.739926  0.568074  0.603892  0.842185  0.876992  0.851141  0.820572  0.661286  0.880830  0.546496  0.816351  0.810115  0.629740  0.859109  0.785102  0.461765  0.887329  0.800402  0.562445  0.622342  0.535080 
2  0.499053  0.543816 0.0  0.546783  0.350814  1.000000  0.419150  0.617098  0.453799  0.411809  0.533199  0.210281  0.185917  0.473104  0.311154  0.511912  0.448031  0.356775  0.356829  0.071902  0.030937  0.392138  0.358295  0.818850  0.451065  0.471886  0.484098  0.467765  0.175624  0.733347  0.458881  0.233802  0.000000  0.336669  0.436602  0.018345  0.402760  0.393249  0.476803  0.039588  0.298150  0.115853  0.504802  0.477148  0.415266  0.324470  0.305728  0.529291  0.331166  0.363799  0.403470  0.004071  0.450585  0.449172  0.000000  0.485832  0.338086  0.582500  0.165695  0.164432 
3  0.135787  0.854071  0.546783 0.0  0.389745  0.586959  0.644967  0.856258  0.119527  0.230285  0.763332  0.419574  0.514077  0.188051  0.443048  0.463841  0.000000  0.589732  0.382573  0.399629  0.320572  0.025123  0.018539  0.565507  0.181272  0.113392  0.222048  0.516973  0.306028  0.619815  0.269957  0.357631  0.295558  0.365433  0.236857  0.397252  0.276349  0.382932  0.179407  0.262566  0.588763  0.317466  0.092445  0.186603  0.345512  0.141840  0.293269  0.219601  0.372639  0.127652  0.337312  0.375577  0.200283  0.298427  0.484289  0.363386  0.314041  0.511779  0.392449  0.395763 
4  0.451810  0.746380  0.350814  0.389745 0.0  0.799100  0.576697  0.682217  0.481791  0.079828  0.911780  0.399255  0.373807  0.300299  0.368229  0.379520  0.307749  0.644889  0.337469  0.451560  0.517880  0.329760  0.418535  0.749014  0.385669  0.428614  0.359412  0.299307  0.476367  0.715768  0.287269  0.253255  0.511262  0.276911  0.305237  0.510504  0.260168  0.103112  0.323286  0.343903  0.397294  0.391895  0.291592  0.382764  0.422049  0.482929  0.297051  0.469364  0.417660  0.431378  0.335473  0.442290  0.419428  0.382810  0.470730  0.278800  0.106795  0.600495  0.366503  0.536381 
5  0.570470  0.820193  1.000000  0.586959  0.799100 0.0  0.727853  0.975422  0.482627  0.912944  0.401085  0.699038  0.886775  0.584202  0.997131  0.481474  0.432407  0.743030  0.756516  0.704850  0.738378  0.514509  0.408190  0.587932  0.677827  0.593421  0.668283  0.872818  0.833262  0.546640  0.647033  0.948397  0.655091  0.771458  0.530240  0.688609  0.653907  0.705726  0.624015  0.678488  0.863101  0.747060  0.555560  0.661824  0.798595  0.519621  0.758238  0.653893  0.907968  0.572680  0.587788  0.876445  0.693605  0.667420  0.779961  0.613586  0.733050  0.499253  0.851195  0.840321 
6  0.671628  0.333926  0.419150  0.644967  0.576697  0.727853 0.0  0.378586  0.475224  0.590933  0.335901  0.375093  0.367530  0.741874  0.391865  0.593250  0.646621  0.441773  0.548055  0.293050  0.347215  0.537382  0.524427  0.823004  0.667069  0.709223  0.724356  0.671858  0.355624  0.561763  0.771901  0.356898  0.158005  0.677007  0.615511  0.276962  0.670401  0.467945  0.672963  0.195255  0.380938  0.314206  0.696078  0.829662  0.363456  0.590302  0.427509  0.699788  0.349730  0.661929  0.670030  0.315700  0.642959  0.724738  0.276677  0.731452  0.554448  0.616251  0.441796  0.361901 
7  0.866690  0.190335  0.617098  0.856258  0.682217  0.975422  0.378586 0.0  0.772178  0.776364  0.538660  0.490419  0.645859  0.880213  0.598523  0.465344  0.781485  0.333860  0.693523  0.505688  0.472993  0.779905  0.727278  0.450654  0.835856  0.878982  0.821113  0.907851  0.543198  0.332923  0.890070  0.660495  0.393770  0.789553  0.861870  0.441910  0.948764  0.726210  0.795991  0.444221  0.656053  0.438212  0.983949  0.779606  0.736752  0.844762  0.700240  0.987388  0.540513  0.785738  0.941446  0.563927  0.746199  0.908058  0.482541  0.877015  0.765230  0.610872  0.534007  0.410532 
8  0.172123  0.886047  0.453799  0.119527  0.481791  0.482627  0.475224  0.772178 0.0  0.368339  0.730233  0.470806  0.376748  0.020345  0.411621  0.433653  0.184691  0.419052  0.284611  0.308837  0.411429  0.223249  0.189022  0.401407  0.113759  0.092220  0.125054  0.360428  0.414664  0.605615  0.097555  0.348623  0.325929  0.442566  0.017824  0.297638  0.121421  0.432095  0.000000  0.434305  0.433439  0.351513  0.131965  0.131540  0.473274  0.120175  0.405103  0.000000  0.280559  0.071503  0.041285  0.309233  0.099076  0.009267  0.379725  0.004129  0.292420  0.556387  0.441308  0.420917 
9  0.413988  0.857151  0.411809  0.230285  0.079828  0.912944  0.590933  0.776364  0.368339 0.0  0.794793  0.494407  0.385874  0.422376  0.479667  0.533451  0.347182  0.653381  0.405506  0.333245  0.348736  0.405220  0.296536  0.725145  0.335026  0.344421  0.377268  0.376281  0.372405  0.767510  0.449851  0.358786  0.271333  0.000000  0.320200  0.320450  0.296492  0.156817  0.380912  0.357439  0.382662  0.322121  0.236916  0.338372  0.373993  0.389468  0.326730  0.402621  0.311572  0.436719  0.343326  0.356248  0.367088  0.344253  0.429049  0.344332  0.064092  0.744511  0.421730  0.353465 
10  0.784931  0.677092  0.533199  0.763332  0.911780  0.401085  0.335901  0.538660  0.730233  0.794793 0.0  0.643669  0.513371  0.788987  0.517750  0.488358  0.798760  0.302970  0.892872  0.529624  0.623080  0.895530  0.857737  0.822965  0.975027  0.888193  0.838490  0.808080  0.456591  0.852060  0.890318  0.615936  0.385123  0.879990  0.790773  0.769651  0.760427  0.821539  0.652010  0.628774  0.477962  0.541177  0.878838  0.892318  0.762193  0.851135  0.804832  0.788907  0.590828  0.852300  0.905123  0.572134  0.941695  0.959462  0.524619  0.823524  0.849036  0.631700  0.544317  0.525770 
11  0.445537  0.541927  0.210281  0.419574  0.399255  0.699038  0.375093  0.490419  0.470806  0.494407  0.643669 0.0  0.209227  0.445902  0.163386  0.534827  0.328729  0.276680  0.361935  0.188411  0.058222  0.386752  0.453449  0.889424  0.447982  0.392960  0.419729  0.424648  0.092292  0.926647  0.288024  0.118712  0.109500  0.463844  0.427910  0.000000  0.485122  0.428318  0.431703  0.141583  0.065620  0.220686  0.515711  0.414820  0.386457  0.404550  0.260333  0.424474  0.150159  0.363690  0.500064  0.022424  0.463357  0.441124  0.173506  0.375844  0.445284  0.625683  0.176993  0.086141 
12  0.378296  0.450173  0.185917  0.514077  0.373807  0.886775  0.367530  0.645859  0.376748  0.385874  0.513371  0.209227 0.0  0.645088  0.216062  0.369353  0.369544  0.462812  0.279110  0.150028  0.000000  0.384394  0.355288  0.959997  0.554639  0.525551  0.583373  0.564134  0.125319  0.686879  0.411395  0.112301  0.094189  0.302609  0.462908  0.054388  0.428081  0.368827  0.465910  0.042014  0.247064  0.154788  0.407545  0.444315  0.368924  0.280890  0.265204  0.524974  0.206110  0.379890  0.478822  0.043320  0.407841  0.433429  0.063743  0.553407  0.323543  0.577628  0.237785  0.120067 
13  0.193092  0.907005  0.473104  0.188051  0.300299  0.584202  0.741874  0.880213  0.020345  0.422376  0.788987  0.445902  0.645088 0.0  0.489926  0.464018  0.000000  0.639200  0.382781  0.221306  0.434962  0.039874  0.065390  0.638953  0.232297  0.189552  0.287220  0.455196  0.427105  0.502470  0.156967  0.519409  0.404651  0.479673  0.306713  0.343061  0.177383  0.395560  0.189383  0.314023  0.418422  0.345327  0.110049  0.254752  0.336141  0.051084  0.288058  0.306048  0.472592  0.146809  0.088363  0.404992  0.239620  0.284453  0.395134  0.215009  0.314625  0.521014  0.432176  0.424103 
14  0.467788  0.587419  0.311154  0.443048  0.368229  0.997131  0.391865  0.598523  0.411621  0.479667  0.517750  0.163386  0.216062  0.489926 0.0  0.566887  0.331457  0.424446  0.344397  0.071874  0.136723  0.328598  0.436391  0.973867  0.325529  0.479638  0.567745  0.470357  0.000000  0.676270  0.435769  0.266555  0.139642  0.339803  0.501058  0.048036  0.439371  0.390842  0.485156  0.000000  0.178453  0.122946  0.452903  0.481908  0.407930  0.362082  0.223490  0.493864  0.152824  0.409133  0.620997  0.067326  0.512379  0.471630  0.029586  0.424115  0.413369  0.593102  0.157251  0.000000 
15  0.502436  0.595374  0.511912  0.463841  0.379520  0.481474  0.593250  0.465344  0.433653  0.533451  0.488358  0.534827  0.369353  0.464018  0.566887 0.0  0.552725  0.466644  0.410202  0.461892  0.345596  0.582567  0.470383  0.493821  0.595673  0.554921  0.484525  0.351863  0.575991  0.532599  0.427569  0.472480  0.436985  0.549492  0.416324  0.486324  0.597003  0.466422  0.420939  0.454119  0.535632  0.552517  0.400220  0.565431  0.580563  0.488415  0.576196  0.510044  0.472930  0.513036  0.434412  0.393129  0.477828  0.403224  0.390931  0.557060  0.468907  0.531463  0.429988  0.502329 
16  0.000000  0.912749  0.448031  0.000000  0.307749  0.432407  0.646621  0.781485  0.184691  0.347182  0.798760  0.328729  0.369544  0.000000  0.331457  0.552725 0.0  0.496725  0.278119  0.370036  0.347117  0.089251  0.020276  0.587235  0.089515  0.154606  0.000000  0.348029  0.351481  0.492921  0.163983  0.369168  0.425605  0.388529  0.064379  0.345383  0.061162  0.320183  0.074187  0.347975  0.383736  0.298302  0.100470  0.000000  0.391489  0.144860  0.258567  0.107152  0.372797  0.081033  0.107090  0.378706  0.025702  0.114057  0.350761  0.135136  0.374110  0.596444  0.416048  0.351154 
17  0.601503  0.388673  0.356775  0.589732  0.644889  0.743030  0.441773  0.333860  0.419052  0.653381  0.302970  0.276680  0.462812  0.639200  0.424446  0.466644  0.496725 0.0  0.417610  0.294421  0.200156  0.616819  0.500326  0.685681  0.669862  0.626651  0.650791  0.634594  0.280916  0.460637  0.627592  0.380541  0.294727  0.532950  0.655474  0.366690  0.688238  0.622172  0.560185  0.288697  0.478079  0.304840  0.720615  0.712005  0.478809  0.467509  0.524584  0.727828  0.314019  0.607934  0.568436  0.273405  0.762771  0.725040  0.225837  0.705449  0.499846  0.541956  0.319709  0.256652 
18  0.522123  0.964346  0.356829  0.382573  0.337469  0.756516  0.548055  0.693523  0.284611  0.405506  0.892872  0.361935  0.279110  0.382781  0.344397  0.410202  0.278119  0.417610 0.0  0.348020  0.398117  0.308704  0.353823  0.883121  0.392252  0.350521  0.295799  0.076995  0.363444  0.695509  0.324239  0.307061  0.395595  0.289848  0.302494  0.333431  0.341652  0.366824  0.390607  0.306541  0.298237  0.278124  0.450897  0.273467  0.157647  0.383687  0.341831  0.451414  0.344667  0.457076  0.353885  0.367677  0.339441  0.415104  0.383079  0.421979  0.335882  0.286350  0.437407  0.386528 
19  0.316456  0.604663  0.071902  0.399629  0.451560  0.704850  0.293050  0.505688  0.308837  0.333245  0.529624  0.188411  0.150028  0.221306  0.071874  0.461892  0.370036  0.294421  0.348020 0.0  0.176048  0.304738  0.299745  0.658235  0.296783  0.440571  0.375211  0.269621  0.173249  0.820849  0.305509  0.100659  0.236726  0.607408  0.266507  0.166406  0.336013  0.592683  0.294101  0.350243  0.000000  0.230706  0.350053  0.329358  0.307355  0.526930  0.354887  0.384654  0.031663  0.364645  0.252224  0.235067  0.464698  0.354191  0.257823  0.368746  0.484727  0.589494  0.134163  0.276509 
20  0.334098  0.519651  0.030937  0.320572  0.517880  0.738378  0.347215  0.472993  0.411429  0.348736  0.623080  0.058222  0.000000  0.434962  0.136723  0.345596  0.347117  0.200156  0.398117  0.176048 0.0  0.372123  0.380936  0.719036  0.280992  0.332723  0.338266  0.411072  0.259906  0.798925  0.331651  0.000000  0.178974  0.594596  0.347309  0.198043  0.237088  0.471612  0.336913  0.154329  0.070157  0.207324  0.336001  0.382631  0.337521  0.470224  0.321704  0.244634  0.060996  0.428863  0.240312  0.266927  0.246478  0.366692  0.261202  0.422971  0.420339  0.717469  0.061347  0.229948 
21  0.133492  0.802091  0.392138  0.025123  0.329760  0.514509  0.537382  0.779905  0.223249  0.405220  0.895530  0.386752  0.384394  0.039874  0.328598  0.582567  0.089251  0.616819  0.308704  0.304738  0.372123 0.0  0.128930  0.483081  0.082924  0.045899  0.158890  0.366605  0.382031  0.682901  0.063047  0.438842  0.247940  0.373654  0.035259  0.387060  0.077351  0.312988  0.082332  0.347673  0.402237  0.418457  0.118658  0.072897  0.432524  0.040014  0.304167  0.012922  0.385260  0.125279  0.082765  0.409972  0.013238  0.072434  0.383984  0.074313  0.335863  0.526804  0.339328  0.395952 
22  0.115373  0.791019  0.358295  0.018539  0.418535  0.408190  0.524427  0.727278  0.189022  0.296536  0.857737  0.453449  0.355288  0.065390  0.436391  0.470383  0.020276  0.500326  0.353823  0.299745  0.380936  0.128930 0.0  0.477538  0.131770  0.076734  0.049424  0.322159  0.422598  0.607061  0.083301  0.306160  0.345213  0.421436  0.068646  0.289664  0.167382  0.303490  0.174591  0.267818  0.250443  0.349065  0.114425  0.011868  0.491173  0.117269  0.161044  0.000000  0.337919  0.181734  0.025897  0.465380  0.033868  0.107100  0.331349  0.113329  0.306963  0.490002  0.400420  0.299290 
23  0.568514  0.492430  0.818850  0.565507  0.749014  0.587932  0.823004  0.450654  0.401407  0.725145  0.822965  0.889424  0.959997  0.638953  0.973867  0.493821  0.587235  0.685681  0.883121  0.658235  0.719036  0.483081  0.477538 0.0  0.598949  0.634486  0.651733  0.911207  0.730042  0.069628  0.652765  0.870180  0.754775  0.702779  0.620394  0.767622  0.620223  0.824672  0.722741  0.798447  0.823494  0.818658  0.778033  0.525571  0.776657  0.375533  0.631342  0.609857  0.820977  0.566805  0.570012  0.758119  0.661256  0.490514  0.784254  0.585896  0.725662  0.520916  0.833076  0.731541 
24  0.157972  0.874284  0.451065  0.181272  0.385669  0.677827  0.667069  0.835856  0.113759  0.335026  0.975027  0.447982  0.554639  0.232297  0.325529  0.595673  0.089515  0.669862  0.392252  0.296783  0.280992  0.082924  0.131770  0.598949 0.0  0.261534  0.241189  0.467194  0.417476  0.469229  0.236395  0.426159  0.339931  0.240977  0.100298  0.370280  0.277528  0.415324  0.280953  0.360770  0.410979  0.326517  0.117278  0.223453  0.476554  0.163035  0.309782  0.145483  0.458571  0.161250  0.281591  0.318323  0.210737  0.237365  0.323859  0.155721  0.392803  0.543978  0.350808  0.306148 
25  0.142151  0.845039  0.471886  0.113392  0.428614  0.593421  0.709223  0.878982  0.092220  0.344421  0.888193  0.392960  0.525551  0.189552  0.479638  0.554921  0.154606  0.626651  0.350521  0.440571  0.332723  0.045899  0.076734  0.634486  0.261534 0.0  0.172486  0.493391  0.525076  0.472020  0.133978  0.493509  0.297202  0.307136  0.158220  0.418629  0.309766  0.398210  0.249096  0.314040  0.419488  0.374856  0.124445  0.227573  0.350516  0.104250  0.258768  0.234809  0.351305  0.111074  0.272158  0.257630  0.213382  0.119197  0.278973  0.182747  0.272267  0.542936  0.449518  0.439814 
26  0.268004  0.817083  0.484098  0.222048  0.359412  0.668283  0.724356  0.821113  0.125054  0.377268  0.838490  0.419729  0.583373  0.287220  0.567745  0.484525  0.000000  0.650791  0.295799  0.375211  0.338266  0.158890  0.049424  0.651733  0.241189  0.172486 0.0  0.499045  0.353621  0.480686  0.172373  0.409978  0.264617  0.289739  0.255518  0.338479  0.109630  0.380916  0.157949  0.285794  0.551853  0.385872  0.166928  0.214176  0.301942  0.040264  0.245843  0.224417  0.494254  0.114257  0.158114  0.362142  0.240981  0.230202  0.303824  0.192373  0.279973  0.458768  0.366703  0.252384 
27  0.451653  0.951158  0.467765  0.516973  0.299307  0.872818  0.671858  0.907851  0.360428  0.376281  0.808080  0.424648  0.564134  0.455196  0.470357  0.351863  0.348029  0.634594  0.076995  0.269621  0.411072  0.366605  0.322159  0.911207  0.467194  0.493391  0.499045 0.0  0.361682  0.857517  0.562990  0.418850  0.401401  0.375453  0.410890  0.267350  0.534373  0.302875  0.470855  0.308725  0.548835  0.306594  0.453146  0.500505  0.078010  0.406352  0.196699  0.558790  0.489608  0.449097  0.592131  0.503179  0.490609  0.385533  0.419266  0.441397  0.384137  0.348544  0.442440  0.338292 
28  0.346210  0.565490  0.175624  0.306028  0.476367  0.833262  0.355624  0.543198  0.414664  0.372405  0.456591  0.092292  0.125319  0.427105  0.000000  0.575991  0.351481  0.280916  0.363444  0.173249  0.259906  0.382031  0.422598  0.730042  0.417476  0.525076  0.353621  0.361682 0.0  0.775648  0.428843  0.264925  0.188914  0.432861  0.288224  0.148001  0.331629  0.459753  0.378575  0.140762  0.072357  0.216967  0.341750  0.284956  0.376697  0.443511  0.277875  0.316325  0.136385  0.450333  0.415096  0.176187  0.352692  0.270779  0.322866  0.423805  0.557295  0.633102  0.236355  0.223355 
29  0.561049  0.414986  0.733347  0.619815  0.715768  0.546640  0.561763  0.332923  0.605615  0.767510  0.852060  0.926647  0.686879  0.502470  0.676270  0.532599  0.492921  0.460637  0.695509  0.820849  0.798925  0.682901  0.607061  0.069628  0.469229  0.472020  0.480686  0.857517  0.775648 0.0  0.624790  0.783409  0.727223  0.700268  0.449268  0.820583  0.547410  0.734359  0.459246  0.704989  0.678511  0.745536  0.597062  0.556774  0.904709  0.437934  0.657128  0.539171  0.697154  0.636175  0.551037  0.748852  0.589127  0.493335  0.724042  0.512554  0.728190  0.587628  0.943879  0.824116 
30  0.238440  0.896817  0.458881  0.269957  0.287269  0.647033  0.771901  0.890070  0.097555  0.449851  0.890318  0.288024  0.411395  0.156967  0.435769  0.427569  0.163983  0.627592  0.324239  0.305509  0.331651  0.063047  0.083301  0.652765  0.236395  0.133978  0.172373  0.562990  0.428843  0.624790 0.0  0.447284  0.323358  0.302977  0.292046  0.385988  0.181099  0.420032  0.136182  0.287200  0.495144  0.366554  0.145175  0.124799  0.328272  0.000000  0.249562  0.101163  0.491864  0.133537  0.229769  0.422152  0.093830  0.158842  0.422746  0.134556  0.404076  0.472677  0.367563  0.336942 
31  0.389258  0.579418  0.233802  0.357631  0.253255  0.948397  0.356898  0.660495  0.348623  0.358786  0.615936  0.118712  0.112301  0.519409  0.266555  0.472480  0.369168  0.380541  0.307061  0.100659  0.000000  0.438842  0.306160  0.870180  0.426159  0.493509  0.409978  0.418850  0.264925  0.783409  0.447284 0.0  0.070024  0.391610  0.558294  0.095020  0.489034  0.384683  0.464374  0.158006  0.315305  0.041980  0.409286  0.415081  0.329263  0.392278  0.279553  0.455751  0.191191  0.294933  0.308316  0.015553  0.503187  0.386612  0.000000  0.583506  0.383365  0.627999  0.050644  0.013371 
32  0.426533  0.650945  0.000000  0.295558  0.511262  0.655091  0.158005  0.393770  0.325929  0.271333  0.385123  0.109500  0.094189  0.404651  0.139642  0.436985  0.425605  0.294727  0.395595  0.236726  0.178974  0.247940  0.345213  0.754775  0.339931  0.297202  0.264617  0.401401  0.188914  0.727223  0.323358  0.070024 0.0  0.477337  0.362735  0.157305  0.387699  0.614187  0.351590  0.151572  0.127069  0.121216  0.384685  0.423225  0.444492  0.509135  0.264599  0.341341  0.148352  0.414186  0.341414  0.176898  0.294592  0.302686  0.189338  0.225012  0.595641  0.630468  0.163187  0.205223 
33  0.347693  0.799811  0.336669  0.365433  0.276911  0.771458  0.677007  0.789553  0.442566  0.000000  0.879990  0.463844  0.302609  0.479673  0.339803  0.549492  0.388529  0.532950  0.289848  0.607408  0.594596  0.373654  0.421436  0.702779  0.240977  0.307136  0.289739  0.375453  0.432861  0.700268  0.302977  0.391610  0.477337 0.0  0.303845  0.420150  0.335355  0.280851  0.314857  0.420703  0.276892  0.446731  0.375980  0.384456  0.442921  0.534334  0.340760  0.321629  0.298801  0.385142  0.275250  0.350621  0.441639  0.444422  0.466106  0.268031  0.200141  0.578264  0.380836  0.551520 
34  0.174875  0.826440  0.436602  0.236857  0.305237  0.530240  0.615511  0.861870  0.017824  0.320200  0.790773  0.427910  0.462908  0.306713  0.501058  0.416324  0.064379  0.655474  0.302494  0.266507  0.347309  0.035259  0.068646  0.620394  0.100298  0.158220  0.255518  0.410890  0.288224  0.449268  0.292046  0.558294  0.362735  0.303845 0.0  0.227638  0.207314  0.277490  0.215652  0.252402  0.543059  0.390923  0.205574  0.239279  0.369327  0.038796  0.298104  0.188207  0.526624  0.151122  0.149729  0.397718  0.328748  0.299943  0.370605  0.085882  0.376351  0.511146  0.441924  0.264703 
35  0.440928  0.453039  0.018345  0.397252  0.510504  0.688609  0.276962  0.441910  0.297638  0.320450  0.769651  0.000000  0.054388  0.343061  0.048036  0.486324  0.345383  0.366690  0.333431  0.166406  0.198043  0.387060  0.289664  0.767622  0.370280  0.418629  0.338479  0.267350  0.148001  0.820583  0.385988  0.095020  0.157305  0.420150  0.227638 0.0  0.338447  0.388500  0.328299  0.248621  0.072142  0.191230  0.261307  0.480130  0.329221  0.491903  0.258293  0.426431  0.063089  0.376272  0.317515  0.117375  0.317388  0.303951  0.193471  0.431805  0.616338  0.542141  0.141799  0.204615 
36  0.104952  0.749002  0.402760  0.276349  0.260168  0.653907  0.670401  0.948764  0.121421  0.296492  0.760427  0.485122  0.428081  0.177383  0.439371  0.597003  0.061162  0.688238  0.341652  0.336013  0.237088  0.077351  0.167382  0.620223  0.277528  0.309766  0.109630  0.534373  0.331629  0.547410  0.181099  0.489034  0.387699  0.335355  0.207314  0.338447 0.0  0.300207  0.248727  0.338363  0.573828  0.356739  0.249972  0.216536  0.347928  0.000000  0.384477  0.227535  0.442942  0.100436  0.184922  0.293651  0.264450  0.215640  0.329335  0.265174  0.339962  0.586628  0.317672  0.300748 
37  0.455218  0.846244  0.393249  0.382932  0.103112  0.705726  0.467945  0.726210  0.432095  0.156817  0.821539  0.428318  0.368827  0.395560  0.390842  0.466422  0.320183  0.622172  0.366824  0.592683  0.471612  0.312988  0.303490  0.824672  0.415324  0.398210  0.380916  0.302875  0.459753  0.734359  0.420032  0.384683  0.614187  0.280851  0.277490  0.388500  0.300207 0.0  0.370183  0.561379  0.369216  0.521446  0.452718  0.300637  0.252753  0.436979  0.356990  0.413070  0.378328  0.353800  0.392318  0.541123  0.280956  0.337290  0.567634  0.365274  0.101848  0.704714  0.419751  0.460826 
38  0.305653  0.816932  0.476803  0.179407  0.323286  0.624015  0.672963  0.795991  0.000000  0.380912  0.652010  0.431703  0.465910  0.189383  0.485156  0.420939  0.074187  0.560185  0.390607  0.294101  0.336913  0.082332  0.174591  0.722741  0.280953  0.249096  0.157949  0.470855  0.378575  0.459246  0.136182  0.464374  0.351590  0.314857  0.215652  0.328299  0.248727  0.370183 0.0  0.417051  0.451658  0.365702  0.166232  0.261089  0.331399  0.000000  0.278467  0.245473  0.485491  0.170725  0.181059  0.344372  0.262678  0.141173  0.213727  0.139365  0.290376  0.554320  0.409127  0.440818 
39  0.448437  0.739926  0.039588  0.262566  0.343903  0.678488  0.195255  0.444221  0.434305  0.357439  0.628774  0.141583  0.042014  0.314023  0.000000  0.454119  0.347975  0.288697  0.306541  0.350243  0.154329  0.347673  0.267818  0.798447  0.360770  0.314040  0.285794  0.308725  0.140762  0.704989  0.287200  0.158006  0.151572  0.420703  0.252402  0.248621  0.338363  0.561379  0.417051 0.0  0.093398  0.229938  0.329534  0.541150  0.329233  0.447054  0.373165  0.343876  0.000544  0.529312  0.376035  0.195792  0.397023  0.340958  0.111482  0.360034  0.416145  0.546240  0.206592  0.145492 
40  0.423381  0.568074  0.298150  0.588763  0.397294  0.863101  0.380938  0.656053  0.433439  0.382662  0.477962  0.065620  0.247064  0.418422  0.178453  0.535632  0.383736  0.478079  0.298237  0.000000  0.070157  0.402237  0.250443  0.823494  0.410979  0.419488  0.551853  0.548835  0.072357  0.678511  0.495144  0.315305  0.127069  0.276892  0.543059  0.072142  0.573828  0.369216  0.451658  0.093398 0.0  0.107818  0.368336  0.482946  0.343806  0.182737  0.261942  0.546464  0.198677  0.411606  0.432321  0.022004  0.513344  0.502249  0.109257  0.403613  0.383221  0.575279  0.161366  0.099163 
41  0.418404  0.603892  0.115853  0.317466  0.391895  0.747060  0.314206  0.438212  0.351513  0.322121  0.541177  0.220686  0.154788  0.345327  0.122946  0.552517  0.298302  0.304840  0.278124  0.230706  0.207324  0.418457  0.349065  0.818658  0.326517  0.374856  0.385872  0.306594  0.216967  0.745536  0.366554  0.041980  0.121216  0.446731  0.390923  0.191230  0.356739  0.521446  0.365702  0.229938  0.107818 0.0  0.338329  0.528843  0.440041  0.535809  0.267835  0.367840  0.000000  0.422794  0.324373  0.144665  0.239440  0.314793  0.298614  0.309862  0.390781  0.545494  0.173931  0.333011 
42  0.160934  0.842185  0.504802  0.092445  0.291592  0.555560  0.696078  0.983949  0.131965  0.236916  0.878838  0.515711  0.407545  0.110049  0.452903  0.400220  0.100470  0.720615  0.450897  0.350053  0.336001  0.118658  0.114425  0.778033  0.117278  0.124445  0.166928  0.453146  0.341750  0.597062  0.145175  0.409286  0.384685  0.375980  0.205574  0.261307  0.249972  0.452718  0.166232  0.329534  0.368336  0.338329 0.0  0.181783  0.355835  0.129078  0.232073  0.179883  0.548226  0.180836  0.194152  0.359674  0.224857  0.288982  0.277821  0.256439  0.337256  0.578946  0.421269  0.456478 
43  0.134196  0.876992  0.477148  0.186603  0.382764  0.661824  0.829662  0.779606  0.131540  0.338372  0.892318  0.414820  0.444315  0.254752  0.481908  0.565431  0.000000  0.712005  0.273467  0.329358  0.382631  0.072897  0.011868  0.525571  0.223453  0.227573  0.214176  0.500505  0.284956  0.556774  0.124799  0.415081  0.423225  0.384456  0.239279  0.480130  0.216536  0.300637  0.261089  0.541150  0.482946  0.528843  0.181783 0.0  0.363336  0.085812  0.268269  0.188853  0.398042  0.149380  0.272293  0.334605  0.230443  0.146922  0.389732  0.301839  0.209766  0.487591  0.408358  0.272420 
44  0.422294  0.851141  0.415266  0.345512  0.422049  0.798595  0.363456  0.736752  0.473274  0.373993  0.762193  0.386457  0.368924  0.336141  0.407930  0.580563  0.391489  0.478809  0.157647  0.307355  0.337521  0.432524  0.491173  0.776657  0.476554  0.350516  0.301942  0.078010  0.376697  0.904709  0.328272  0.329263  0.444492  0.442921  0.369327  0.329221  0.347928  0.252753  0.331399  0.329233  0.343806  0.440041  0.355835  0.363336 0.0  0.418468  0.252616  0.290960  0.345158  0.403196  0.342133  0.355328  0.414738  0.416338  0.447625  0.349947  0.313146  0.240114  0.338685  0.393271 
45  0.170776  0.820572  0.324470  0.141840  0.482929  0.519621  0.590302  0.844762  0.120175  0.389468  0.851135  0.404550  0.280890  0.051084  0.362082  0.488415  0.144860  0.467509  0.383687  0.526930  0.470224  0.040014  0.117269  0.375533  0.163035  0.104250  0.040264  0.406352  0.443511  0.437934  0.000000  0.392278  0.509135  0.534334  0.038796  0.491903  0.000000  0.436979  0.000000  0.447054  0.182737  0.535809  0.129078  0.085812  0.418468 0.0  0.342496  0.085397  0.347429  0.089359  0.127365  0.535149  0.096727  0.000000  0.484117  0.198235  0.475824  0.651694  0.432976  0.484950 
46  0.302815  0.661286  0.305728  0.293269  0.297051  0.758238  0.427509  0.700240  0.405103  0.326730  0.804832  0.260333  0.265204  0.288058  0.223490  0.576196  0.258567  0.524584  0.341831  0.354887  0.321704  0.304167  0.161044  0.631342  0.309782  0.258768  0.245843  0.196699  0.277875  0.657128  0.249562  0.279553  0.264599  0.340760  0.298104  0.258293  0.384477  0.356990  0.278467  0.373165  0.261942  0.267835  0.232073  0.268269  0.252616  0.342496 0.0  0.312413  0.292549  0.307641  0.308458  0.319059  0.360187  0.306222  0.302395  0.330330  0.370935  0.585327  0.228846  0.270448 
47  0.054736  0.880830  0.529291  0.219601  0.469364  0.653893  0.699788  0.987388  0.000000  0.402621  0.788907  0.424474  0.524974  0.306048  0.493864  0.510044  0.107152  0.727828  0.451414  0.384654  0.244634  0.012922  0.000000  0.609857  0.145483  0.234809  0.224417  0.558790  0.316325  0.539171  0.101163  0.455751  0.341341  0.321629  0.188207  0.426431  0.227535  0.413070  0.245473  0.343876  0.546464  0.367840  0.179883  0.188853  0.290960  0.085397  0.312413 0.0  0.574919  0.080998  0.157893  0.345171  0.237884  0.327490  0.277599  0.188565  0.219320  0.668627  0.427849  0.434480 
48  0.423650  0.546496  0.331166  0.372639  0.417660  0.907968  0.349730  0.540513  0.280559  0.311572  0.590828  0.150159  0.206110  0.472592  0.152824  0.472930  0.372797  0.314019  0.344667  0.031663  0.060996  0.385260  0.337919  0.820977  0.458571  0.351305  0.494254  0.489608  0.136385  0.697154  0.491864  0.191191  0.148352  0.298801  0.526624  0.063089  0.442942  0.378328  0.485491  0.000544  0.198677  0.000000  0.548226  0.398042  0.345158  0.347429  0.292549  0.574919 0.0  0.390531  0.458609  0.096444  0.436634  0.519949  0.074414  0.510561  0.300942  0.508912  0.112479  0.061774 
49  0.156946  0.816351  0.363799  0.127652  0.431378  0.572680  0.661929  0.785738  0.071503  0.436719  0.852300  0.363690  0.379890  0.146809  0.409133  0.513036  0.081033  0.607934  0.457076  0.364645  0.428863  0.125279  0.181734  0.566805  0.161250  0.111074  0.114257  0.449097  0.450333  0.636175  0.133537  0.294933  0.414186  0.385142  0.151122  0.376272  0.100436  0.353800  0.170725  0.529312  0.411606  0.422794  0.180836  0.149380  0.403196  0.089359  0.307641  0.080998  0.390531 0.0  0.206406  0.349965  0.209389  0.055446  0.381022  0.231138  0.384894  0.524828  0.330328  0.362382 
50  0.063355  0.810115  0.403470  0.337312  0.335473  0.587788  0.670030  0.941446  0.041285  0.343326  0.905123  0.500064  0.478822  0.088363  0.620997  0.434412  0.107090  0.568436  0.353885  0.252224  0.240312  0.082765  0.025897  0.570012  0.281591  0.272158  0.158114  0.592131  0.415096  0.551037  0.229769  0.308316  0.341414  0.275250  0.149729  0.317515  0.184922  0.392318  0.181059  0.376035  0.432321  0.324373  0.194152  0.272293  0.342133  0.127365  0.308458  0.157893  0.458609  0.206406 0.0  0.415740  0.190109  0.167172  0.355853  0.320468  0.327395  0.605796  0.375089  0.374282 
51  0.291281  0.629740  0.004071  0.375577  0.442290  0.876445  0.315700  0.563927  0.309233  0.356248  0.572134  0.022424  0.043320  0.404992  0.067326  0.393129  0.378706  0.273405  0.367677  0.235067  0.266927  0.409972  0.465380  0.758119  0.318323  0.257630  0.362142  0.503179  0.176187  0.748852  0.422152  0.015553  0.176898  0.350621  0.397718  0.117375  0.293651  0.541123  0.344372  0.195792  0.022004  0.144665  0.359674  0.334605  0.355328  0.535149  0.319059  0.345171  0.096444  0.349965  0.415740 0.0  0.334323  0.280610  0.220363  0.398742  0.464662  0.520219  0.127293  0.364912 
52  0.133710  0.859109  0.450585  0.200283  0.419428  0.693605  0.642959  0.746199  0.099076  0.367088  0.941695  0.463357  0.407841  0.239620  0.512379  0.477828  0.025702  0.762771  0.339441  0.464698  0.246478  0.013238  0.033868  0.661256  0.210737  0.213382  0.240981  0.490609  0.352692  0.589127  0.093830  0.503187  0.294592  0.441639  0.328748  0.317388  0.264450  0.280956  0.262678  0.397023  0.513344  0.239440  0.224857  0.230443  0.414738  0.096727  0.360187  0.237884  0.436634  0.209389  0.190109  0.334323 0.0  0.203108  0.410436  0.108412  0.395192  0.567629  0.321998  0.337866 
53  0.088716  0.785102  0.449172  0.298427  0.382810  0.667420  0.724738  0.908058  0.009267  0.344253  0.959462  0.441124  0.433429  0.284453  0.471630  0.403224  0.114057  0.725040  0.415104  0.354191  0.366692  0.072434  0.107100  0.490514  0.237365  0.119197  0.230202  0.385533  0.270779  0.493335  0.158842  0.386612  0.302686  0.444422  0.299943  0.303951  0.215640  0.337290  0.141173  0.340958  0.502249  0.314793  0.288982  0.146922  0.416338  0.000000  0.306222  0.327490  0.519949  0.055446  0.167172  0.280610  0.203108 0.0  0.379009  0.136689  0.434733  0.501912  0.305236  0.327323 
54  0.213117  0.461765  0.000000  0.484289  0.470730  0.779961  0.276677  0.482541  0.379725  0.429049  0.524619  0.173506  0.063743  0.395134  0.029586  0.390931  0.350761  0.225837  0.383079  0.257823  0.261202  0.383984  0.331349  0.784254  0.323859  0.278973  0.303824  0.419266  0.322866  0.724042  0.422746  0.000000  0.189338  0.466106  0.370605  0.193471  0.329335  0.567634  0.213727  0.111482  0.109257  0.298614  0.277821  0.389732  0.447625  0.484117  0.302395  0.277599  0.074414  0.381022  0.355853  0.220363  0.410436  0.379009 0.0  0.323265  0.395672  0.531156  0.155069  0.238392 
55  0.074645  0.887329  0.485832  0.363386  0.278800  0.613586  0.731452  0.877015  0.004129  0.344332  0.823524  0.375844  0.553407  0.215009  0.424115  0.557060  0.135136  0.705449  0.421979  0.368746  0.422971  0.074313  0.113329  0.585896  0.155721  0.182747  0.192373  0.441397  0.423805  0.512554  0.134556  0.583506  0.225012  0.268031  0.085882  0.431805  0.265174  0.365274  0.139365  0.360034  0.403613  0.309862  0.256439  0.301839  0.349947  0.198235  0.330330  0.188565  0.510561  0.231138  0.320468  0.398742  0.108412  0.136689  0.323265 0.0  0.386234  0.543658  0.347097  0.230581 
56  0.407120  0.800402  0.338086  0.314041  0.106795  0.733050  0.554448  0.765230  0.292420  0.064092  0.849036  0.445284  0.323543  0.314625  0.413369  0.468907  0.374110  0.499846  0.335882  0.484727  0.420339  0.335863  0.306963  0.725662  0.392803  0.272267  0.279973  0.384137  0.557295  0.728190  0.404076  0.383365  0.595641  0.200141  0.376351  0.616338  0.339962  0.101848  0.290376  0.416145  0.383221  0.390781  0.337256  0.209766  0.313146  0.475824  0.370935  0.219320  0.300942  0.384894  0.327395  0.464662  0.395192  0.434733  0.395672  0.386234 0.0  0.605227  0.441978  0.459857 
57  0.567195  0.562445  0.582500  0.511779  0.600495  0.499253  0.616251  0.610872  0.556387  0.744511  0.631700  0.625683  0.577628  0.521014  0.593102  0.531463  0.596444  0.541956  0.286350  0.589494  0.717469  0.526804  0.490002  0.520916  0.543978  0.542936  0.458768  0.348544  0.633102  0.587628  0.472677  0.627999  0.630468  0.578264  0.511146  0.542141  0.586628  0.704714  0.554320  0.546240  0.575279  0.545494  0.578946  0.487591  0.240114  0.651694  0.585327  0.668627  0.508912  0.524828  0.605796  0.520219  0.567629  0.501912  0.531156  0.543658  0.605227 0.0  0.643567  0.566797 
58  0.428532  0.622342  0.165695  0.392449  0.366503  0.851195  0.441796  0.534007  0.441308  0.421730  0.544317  0.176993  0.237785  0.432176  0.157251  0.429988  0.416048  0.319709  0.437407  0.134163  0.061347  0.339328  0.400420  0.833076  0.350808  0.449518  0.366703  0.442440  0.236355  0.943879  0.367563  0.050644  0.163187  0.380836  0.441924  0.141799  0.317672  0.419751  0.409127  0.206592  0.161366  0.173931  0.421269  0.408358  0.338685  0.432976  0.228846  0.427849  0.112479  0.330328  0.375089  0.127293  0.321998  0.305236  0.155069  0.347097  0.441978  0.643567 0.0  0.130297 
59  0.438080  0.535080  0.164432  0.395763  0.536381  0.840321  0.361901  0.410532  0.420917  0.353465  0.525770  0.086141  0.120067  0.424103  0.000000  0.502329  0.351154  0.256652  0.386528  0.276509  0.229948  0.395952  0.299290  0.731541  0.306148  0.439814  0.252384  0.338292  0.223355  0.824116  0.336942  0.013371  0.205223  0.551520  0.264703  0.204615  0.300748  0.460826  0.440818  0.145492  0.099163  0.333011  0.456478  0.272420  0.393271  0.484950  0.270448  0.434480  0.061774  0.362382  0.374282  0.364912  0.337866  0.327323  0.238392  0.230581  0.459857  0.566797  0.130297 0.0 
