60
0 0.0  0.773289  0.443829  0.105439  0.558898  0.462632  0.672185  0.730049  0.085091  0.313336  0.776816  0.342752  0.471747  0.206876  0.422885  0.500096  0.055980  0.661509  0.297466  0.362462  0.358915  0.130008  0.104204  0.536764  0.134992  0.150584  0.026331  0.291528  0.423844  0.533125  0.102413  0.379966  0.477006  0.340679  0.081968  0.360210  0.116249  0.455256  0.176321  0.383781  0.387057  0.383405  0.161005  0.260646  0.483375  0.221783  0.285387  0.158371  0.442150  0.160141  0.105256  0.502745  0.170372  0.138673  0.439595  0.062432  0.353556  0.583454  0.448185  0.402284 
1  0.773289 0.0  0.454262  0.774577  0.804983  0.807585  0.249859  0.166048  0.806086  0.786290  0.399994  0.560156  0.435469  0.823724  0.535497  0.395882  0.752527  0.439754  0.890171  0.536821  0.499342  0.731335  0.777082  0.379484  0.783170  0.792900  0.870528  0.834848  0.562250  0.426733  0.759068  0.575537  0.556381  0.740432  0.805975  0.648691  0.852750  0.721781  0.677250  0.623533  0.545824  0.474942  0.814400  0.778746  0.787147  0.761549  0.790069  0.809594  0.501726  0.875782  0.716387  0.575786  0.864706  0.815040  0.608267  0.825759  0.773720  0.651437  0.487191  0.482987 
2  0.443829  0.454262 0.0  0.439371  0.306865  0.852175  0.428404  0.492928  0.400179  0.268404  0.503423  0.101886  0.163406  0.488039  0.228132  0.536605  0.235786  0.398478  0.210707  0.000000  0.083331  0.344021  0.370126  1.000000  0.486566  0.460013  0.430329  0.480839  0.090961  0.699480  0.408469  0.157099  0.000000  0.314638  0.596838  0.055964  0.512162  0.277618  0.549921  0.000000  0.304764  0.000000  0.442913  0.414456  0.418233  0.299995  0.296531  0.488989  0.135304  0.394943  0.382706  0.139503  0.457173  0.522842  0.127698  0.532536  0.331549  0.531811  0.175619  0.054507 
3  0.105439  0.774577  0.439371 0.0  0.314683  0.504310  0.667029  0.909030  0.101682  0.343173  0.842365  0.346925  0.485006  0.204896  0.481212  0.424970  0.049145  0.705320  0.383815  0.321321  0.174242  0.000000  0.064292  0.606602  0.250119  0.194884  0.102631  0.486798  0.333302  0.474382  0.152377  0.469526  0.346042  0.439463  0.188060  0.308241  0.248273  0.372108  0.192178  0.313947  0.526157  0.291744  0.227802  0.249172  0.393125  0.103770  0.345694  0.240772  0.371423  0.115706  0.202209  0.269702  0.245505  0.128269  0.346894  0.286951  0.269454  0.639394  0.273043  0.277455 
4  0.558898  0.804983  0.306865  0.314683 0.0  0.791206  0.592800  0.756721  0.316959  0.116403  0.805656  0.461457  0.290259  0.386378  0.307262  0.431204  0.403794  0.480797  0.378602  0.479218  0.552119  0.385687  0.335960  0.784489  0.354984  0.347912  0.360770  0.272355  0.572055  0.690037  0.303373  0.400444  0.525620  0.090403  0.214534  0.491185  0.155198  0.088476  0.347427  0.574988  0.302369  0.477918  0.381410  0.383764  0.408356  0.440104  0.379885  0.247791  0.313037  0.448170  0.379025  0.482193  0.380073  0.397045  0.362596  0.329446  0.288043  0.580475  0.434705  0.460884 
5  0.462632  0.807585  0.852175  0.504310  0.791206 0.0  0.646968  0.895230  0.477344  0.824984  0.392863  0.809734  0.832633  0.671071  0.928043  0.328565  0.585435  0.595498  0.744060  0.720141  0.751754  0.547444  0.404053  0.597964  0.639242  0.580775  0.549975  0.796051  0.730955  0.451351  0.586287  0.835547  0.790936  0.679571  0.642587  0.728836  0.625262  0.840746  0.667334  0.689786  0.850688  0.816827  0.634337  0.547866  0.705102  0.480548  0.697339  0.686872  0.930264  0.481304  0.606591  0.806390  0.580757  0.580822  0.695568  0.629336  0.796957  0.517381  0.812073  0.752440 
6  0.672185  0.249859  0.428404  0.667029  0.592800  0.646968 0.0  0.492930  0.570474  0.471945  0.348479  0.327365  0.389325  0.617639  0.465877  0.533618  0.576559  0.449727  0.545598  0.191388  0.328548  0.464508  0.471734  0.698686  0.683601  0.593309  0.662606  0.687733  0.246659  0.507010  0.666739  0.395749  0.278540  0.642642  0.648716  0.139657  0.600258  0.529612  0.702592  0.295070  0.358386  0.277049  0.603820  0.689364  0.467422  0.540905  0.477178  0.679152  0.414936  0.680536  0.543961  0.264713  0.796587  0.805710  0.291867  0.758899  0.500131  0.588224  0.360462  0.230197 
7  0.730049  0.166048  0.492928  0.909030  0.756721  0.895230  0.492930 0.0  0.760166  0.791646  0.524036  0.613249  0.551274  0.820037  0.605528  0.488291  0.708966  0.411854  0.872490  0.369067  0.467594  0.729676  0.699705  0.525399  0.909193  0.888482  0.777288  0.841012  0.564102  0.398268  0.939687  0.646040  0.405835  0.692567  0.888488  0.523691  0.900233  0.793979  0.858339  0.372315  0.700028  0.559338  0.924638  0.850470  0.752663  0.778387  0.670250  0.808607  0.569103  0.830209  0.873273  0.413150  0.919936  0.841295  0.471918  0.769820  0.799190  0.462739  0.550243  0.452989 
8  0.085091  0.806086  0.400179  0.101682  0.316959  0.477344  0.570474  0.760166 0.0  0.324483  0.769928  0.401392  0.427638  0.121383  0.337956  0.469388  0.010712  0.500213  0.257543  0.294968  0.217522  0.146939  0.238796  0.570214  0.070792  0.054414  0.050004  0.305226  0.294782  0.508230  0.009777  0.376564  0.396293  0.317493  0.055701  0.341584  0.094183  0.433138  0.066674  0.350015  0.308340  0.392103  0.180962  0.031080  0.432657  0.118426  0.206533  0.088513  0.405559  0.101240  0.000000  0.312198  0.099670  0.095017  0.369949  0.137627  0.341683  0.551080  0.370377  0.287588 
9  0.313336  0.786290  0.268404  0.343173  0.116403  0.824984  0.471945  0.791646  0.324483 0.0  0.770384  0.364981  0.295711  0.392244  0.463759  0.392037  0.326741  0.392845  0.347156  0.328190  0.454017  0.265135  0.455713  0.732594  0.350159  0.304316  0.241342  0.374359  0.396107  0.683322  0.357400  0.354444  0.407016  0.060423  0.378722  0.351588  0.221873  0.169457  0.359808  0.308555  0.389074  0.258236  0.377254  0.328877  0.304321  0.355080  0.195714  0.308922  0.260333  0.475707  0.310356  0.249958  0.319654  0.406523  0.279976  0.414008  0.006500  0.636673  0.455736  0.340861 
10  0.776816  0.399994  0.503423  0.842365  0.805656  0.392863  0.348479  0.524036  0.769928  0.770384 0.0  0.542867  0.522055  0.754057  0.547804  0.508466  0.785971  0.337769  0.815690  0.573108  0.540954  0.770146  0.792137  0.764172  0.745209  0.761664  0.804255  0.774326  0.628033  0.749796  0.694839  0.539146  0.469120  0.840688  0.743351  0.566291  0.841067  0.746472  0.793289  0.451571  0.521463  0.570144  0.751784  0.757771  0.847216  0.769842  0.636306  0.803663  0.581282  0.703954  0.831243  0.588477  0.920291  0.873032  0.490785  0.825311  0.858758  0.582780  0.561797  0.499975 
11  0.342752  0.560156  0.101886  0.346925  0.461457  0.809734  0.327365  0.613249  0.401392  0.364981  0.542867 0.0  0.101075  0.405930  0.113860  0.585154  0.373691  0.427509  0.446067  0.146038  0.138656  0.371795  0.303950  0.844295  0.392488  0.410515  0.314581  0.436455  0.192564  0.815094  0.351228  0.106511  0.174775  0.410296  0.467596  0.179128  0.397208  0.359067  0.400494  0.136793  0.087189  0.182160  0.295496  0.448022  0.411970  0.334983  0.257635  0.293024  0.200142  0.359961  0.410606  0.114494  0.333566  0.473755  0.100586  0.387507  0.491592  0.478450  0.105384  0.009125 
12  0.471747  0.435469  0.163406  0.485006  0.290259  0.832633  0.389325  0.551274  0.427638  0.295711  0.522055  0.101075 0.0  0.408591  0.249323  0.460388  0.274517  0.372318  0.269808  0.084970  0.131673  0.336731  0.237019  0.789739  0.470454  0.352920  0.470783  0.371168  0.026014  0.748232  0.472039  0.206043  0.160634  0.293754  0.531916  0.122872  0.485643  0.226929  0.418963  0.107206  0.286095  0.078224  0.361651  0.422761  0.337153  0.367798  0.208237  0.490088  0.162550  0.410117  0.502744  0.034688  0.454260  0.347345  0.042494  0.399569  0.329610  0.454610  0.113483  0.148738 
13  0.206876  0.823724  0.488039  0.204896  0.386378  0.671071  0.617639  0.820037  0.121383  0.392244  0.754057  0.405930  0.408591 0.0  0.433308  0.404153  0.110190  0.695841  0.273311  0.285766  0.372832  0.061168  0.098633  0.548923  0.226580  0.237690  0.250867  0.381047  0.363016  0.566266  0.140114  0.453739  0.379065  0.409596  0.139153  0.302801  0.214110  0.316424  0.163066  0.370962  0.460119  0.381567  0.081500  0.121035  0.380638  0.048129  0.321716  0.224552  0.503211  0.067465  0.226971  0.284200  0.155672  0.310151  0.376473  0.126045  0.248294  0.592601  0.358853  0.330231 
14  0.422885  0.535497  0.228132  0.481212  0.307262  0.928043  0.465877  0.605528  0.337956  0.463759  0.547804  0.113860  0.249323  0.433308 0.0  0.503454  0.333067  0.407286  0.349632  0.000000  0.126485  0.322084  0.361824  0.822899  0.557293  0.516534  0.424219  0.437017  0.085128  0.798674  0.503505  0.243637  0.000000  0.396079  0.496860  0.126941  0.408216  0.419441  0.507640  0.093481  0.240165  0.042595  0.501400  0.510799  0.286371  0.289823  0.241884  0.541623  0.209089  0.450252  0.400641  0.083155  0.354986  0.353938  0.118906  0.412893  0.369181  0.409312  0.111109  0.085188 
15  0.500096  0.395882  0.536605  0.424970  0.431204  0.328565  0.533618  0.488291  0.469388  0.392037  0.508466  0.585154  0.460388  0.404153  0.503454 0.0  0.411481  0.373386  0.422606  0.357262  0.442227  0.495298  0.397817  0.450328  0.520624  0.475944  0.481816  0.422819  0.608099  0.528029  0.493941  0.323075  0.420066  0.416746  0.443942  0.456647  0.451150  0.480540  0.469553  0.529647  0.532513  0.495990  0.462146  0.382335  0.499234  0.541679  0.478293  0.542414  0.447499  0.500230  0.564390  0.381969  0.502316  0.329845  0.519514  0.488895  0.459867  0.328044  0.547617  0.481319 
16  0.055980  0.752527  0.235786  0.049145  0.403794  0.585435  0.576559  0.708966  0.010712  0.326741  0.785971  0.373691  0.274517  0.110190  0.333067  0.411481 0.0  0.608176  0.302052  0.258755  0.329823  0.120458  0.060230  0.501861  0.090208  0.106060  0.100069  0.316914  0.331086  0.485924  0.068867  0.438977  0.291212  0.381011  0.101737  0.330972  0.064629  0.280102  0.179875  0.306996  0.314783  0.343662  0.017436  0.102479  0.246313  0.000000  0.311134  0.051446  0.311364  0.129785  0.025477  0.267889  0.138675  0.000000  0.321109  0.071167  0.276811  0.596726  0.295879  0.401320 
17  0.661509  0.439754  0.398478  0.705320  0.480797  0.595498  0.449727  0.411854  0.500213  0.392845  0.337769  0.427509  0.372318  0.695841  0.407286  0.373386  0.608176 0.0  0.491103  0.258196  0.284294  0.458642  0.463717  0.620398  0.661705  0.651407  0.607393  0.697239  0.220534  0.544492  0.837623  0.424375  0.249933  0.565451  0.537075  0.279074  0.631783  0.580839  0.558473  0.186988  0.291124  0.306397  0.687976  0.643502  0.479287  0.457441  0.402811  0.662575  0.408274  0.687409  0.650859  0.186274  0.727758  0.737178  0.359567  0.676826  0.578731  0.506439  0.296327  0.208971 
18  0.297466  0.890171  0.210707  0.383815  0.378602  0.744060  0.545598  0.872490  0.257543  0.347156  0.815690  0.446067  0.269808  0.273311  0.349632  0.422606  0.302052  0.491103 0.0  0.320659  0.315276  0.282202  0.334204  0.789116  0.426633  0.364194  0.302862  0.039859  0.290891  0.863313  0.390459  0.480171  0.283637  0.327849  0.381561  0.372066  0.366921  0.335918  0.234933  0.339275  0.521283  0.319108  0.333125  0.343717  0.038095  0.293972  0.250626  0.334142  0.402500  0.360482  0.331701  0.212081  0.394136  0.434303  0.302106  0.249705  0.390140  0.254086  0.315256  0.383685 
19  0.362462  0.536821  0.000000  0.321321  0.479218  0.720141  0.191388  0.369067  0.294968  0.328190  0.573108  0.146038  0.084970  0.285766  0.000000  0.357262  0.258755  0.258196  0.320659 0.0  0.194769  0.283092  0.329435  0.750897  0.331966  0.401227  0.338926  0.397342  0.251219  0.660977  0.421056  0.048648  0.191066  0.469443  0.283127  0.308180  0.360326  0.530963  0.228489  0.250115  0.215729  0.226314  0.359336  0.296266  0.343485  0.431440  0.256216  0.289827  0.095867  0.467504  0.379122  0.200720  0.314465  0.304894  0.242817  0.335947  0.495064  0.535148  0.148574  0.293905 
20  0.358915  0.499342  0.083331  0.174242  0.552119  0.751754  0.328548  0.467594  0.217522  0.454017  0.540954  0.138656  0.131673  0.372832  0.126485  0.442227  0.329823  0.284294  0.315276  0.194769 0.0  0.430691  0.318368  0.658078  0.373634  0.380751  0.308664  0.379742  0.181173  0.852023  0.357608  0.035625  0.160502  0.566301  0.368175  0.082525  0.444130  0.518007  0.395020  0.173810  0.074086  0.112367  0.270955  0.401388  0.279211  0.424786  0.285138  0.420328  0.020725  0.427840  0.283099  0.282741  0.206359  0.340280  0.173230  0.360900  0.584103  0.406747  0.176412  0.281435 
21  0.130008  0.731335  0.344021  0.000000  0.385687  0.547444  0.464508  0.729676  0.146939  0.265135  0.770146  0.371795  0.336731  0.061168  0.322084  0.495298  0.120458  0.458642  0.282202  0.283092  0.430691 0.0  0.141953  0.398299  0.092500  0.012053  0.010776  0.233057  0.294653  0.537028  0.047622  0.317439  0.343634  0.303110  0.000000  0.287749  0.029205  0.252205  0.078874  0.331417  0.345659  0.419875  0.094383  0.088655  0.512821  0.000000  0.349946  0.006519  0.371760  0.155930  0.051203  0.381123  0.055094  0.058920  0.354597  0.179721  0.337343  0.572442  0.287265  0.302458 
22  0.104204  0.777082  0.370126  0.064292  0.335960  0.404053  0.471734  0.699705  0.238796  0.455713  0.792137  0.303950  0.237019  0.098633  0.361824  0.397817  0.060230  0.463717  0.334204  0.329435  0.318368  0.141953 0.0  0.404755  0.052838  0.133307  0.119027  0.334008  0.360767  0.592026  0.006818  0.475560  0.283555  0.360875  0.035422  0.348077  0.050454  0.260867  0.144311  0.353735  0.329211  0.297209  0.034526  0.112565  0.492922  0.088398  0.303474  0.045491  0.404815  0.067816  0.019113  0.342490  0.044615  0.137581  0.311464  0.102382  0.356870  0.591483  0.297438  0.358041 
23  0.536764  0.379484  1.000000  0.606602  0.784489  0.597964  0.698686  0.525399  0.570214  0.732594  0.764172  0.844295  0.789739  0.548923  0.822899  0.450328  0.501861  0.620398  0.789116  0.750897  0.658078  0.398299  0.404755 0.0  0.731296  0.603717  0.507115  0.903974  0.709968  0.033356  0.631194  0.895835  0.782804  0.695412  0.582509  0.774997  0.654299  0.803470  0.537250  0.762803  0.812742  0.746140  0.600299  0.658331  0.687122  0.528952  0.563661  0.514388  0.923052  0.528066  0.692910  0.709186  0.654132  0.552561  0.723169  0.685465  0.712786  0.560372  0.793337  0.680415 
24  0.134992  0.783170  0.486566  0.250119  0.354984  0.639242  0.683601  0.909193  0.070792  0.350159  0.745209  0.392488  0.470454  0.226580  0.557293  0.520624  0.090208  0.661705  0.426633  0.331966  0.373634  0.092500  0.052838  0.731296 0.0  0.222083  0.277269  0.506146  0.413909  0.589581  0.152218  0.401396  0.354817  0.309755  0.194634  0.267038  0.034288  0.373163  0.172931  0.253225  0.491056  0.301984  0.195700  0.115864  0.268634  0.098103  0.274678  0.275241  0.447192  0.138201  0.163142  0.354365  0.170440  0.201391  0.279491  0.231684  0.315693  0.484217  0.392879  0.311691 
25  0.150584  0.792900  0.460013  0.194884  0.347912  0.580775  0.593309  0.888482  0.054414  0.304316  0.761664  0.410515  0.352920  0.237690  0.516534  0.475944  0.106060  0.651407  0.364194  0.401227  0.380751  0.012053  0.133307  0.603717  0.222083 0.0  0.217391  0.503712  0.243419  0.534714  0.160257  0.426969  0.291628  0.372614  0.121063  0.431647  0.201464  0.348202  0.246293  0.437767  0.429008  0.353881  0.133933  0.225419  0.306624  0.127396  0.284670  0.185596  0.517780  0.185598  0.166825  0.178245  0.074441  0.182837  0.261996  0.336108  0.335687  0.614517  0.319398  0.333828 
26  0.026331  0.870528  0.430329  0.102631  0.360770  0.549975  0.662606  0.777288  0.050004  0.241342  0.804255  0.314581  0.470783  0.250867  0.424219  0.481816  0.100069  0.607393  0.302862  0.338926  0.308664  0.010776  0.119027  0.507115  0.277269  0.217391 0.0  0.602036  0.352954  0.430216  0.227855  0.468317  0.337524  0.373589  0.146224  0.159248  0.169379  0.259200  0.176086  0.243184  0.478253  0.321290  0.243983  0.193768  0.196775  0.102571  0.368043  0.237111  0.416360  0.147587  0.224176  0.336493  0.184964  0.167833  0.314753  0.163149  0.318300  0.586732  0.357406  0.273874 
27  0.291528  0.834848  0.480839  0.486798  0.272355  0.796051  0.687733  0.841012  0.305226  0.374359  0.774326  0.436455  0.371168  0.381047  0.437017  0.422819  0.316914  0.697239  0.039859  0.397342  0.379742  0.233057  0.334008  0.903974  0.506146  0.503712  0.602036 0.0  0.293588  0.621503  0.431094  0.497513  0.300282  0.358240  0.427476  0.326714  0.468110  0.291932  0.468268  0.399276  0.428294  0.237460  0.424394  0.493364  0.030432  0.314108  0.229924  0.453206  0.519343  0.316185  0.495755  0.239583  0.457728  0.515833  0.292402  0.445566  0.332115  0.358665  0.416188  0.292821 
28  0.423844  0.562250  0.090961  0.333302  0.572055  0.730955  0.246659  0.564102  0.294782  0.396107  0.628033  0.192564  0.026014  0.363016  0.085128  0.608099  0.331086  0.220534  0.290891  0.251219  0.181173  0.294653  0.360767  0.709968  0.413909  0.243419  0.352954  0.293588 0.0  0.619490  0.318206  0.040602  0.211206  0.499208  0.390028  0.175084  0.467660  0.455350  0.305548  0.155355  0.000000  0.215114  0.366773  0.316412  0.370725  0.380372  0.241991  0.252110  0.001480  0.438701  0.461741  0.105422  0.333292  0.229232  0.139510  0.327981  0.496031  0.549961  0.185515  0.198884 
29  0.533125  0.426733  0.699480  0.474382  0.690037  0.451351  0.507010  0.398268  0.508230  0.683322  0.749796  0.815094  0.748232  0.566266  0.798674  0.528029  0.485924  0.544492  0.863313  0.660977  0.852023  0.537028  0.592026  0.033356  0.589581  0.534714  0.430216  0.621503  0.619490 0.0  0.484544  0.735849  0.749427  0.772809  0.513576  0.801115  0.464781  0.742930  0.514991  0.649909  0.676696  0.802833  0.632015  0.527384  0.767947  0.501471  0.681285  0.507247  0.776763  0.550005  0.459687  0.714704  0.454188  0.544871  0.724310  0.458815  0.818499  0.475384  0.713704  0.726527 
30  0.102413  0.759068  0.408469  0.152377  0.303373  0.586287  0.666739  0.939687  0.009777  0.357400  0.694839  0.351228  0.472039  0.140114  0.503505  0.493941  0.068867  0.837623  0.390459  0.421056  0.357608  0.047622  0.006818  0.631194  0.152218  0.160257  0.227855  0.431094  0.318206  0.484544 0.0  0.445257  0.311179  0.307248  0.208950  0.399928  0.222567  0.401944  0.248748  0.349723  0.384695  0.314076  0.317148  0.249125  0.453381  0.035418  0.230116  0.211536  0.465563  0.132923  0.237256  0.336337  0.190441  0.190474  0.296396  0.222981  0.300813  0.547561  0.436670  0.357830 
31  0.379966  0.575537  0.157099  0.469526  0.400444  0.835547  0.395749  0.646040  0.376564  0.354444  0.539146  0.106511  0.206043  0.453739  0.243637  0.323075  0.438977  0.424375  0.480171  0.048648  0.035625  0.317439  0.475560  0.895835  0.401396  0.426969  0.468317  0.497513  0.040602  0.735849  0.445257 0.0  0.044103  0.247056  0.525081  0.056149  0.411071  0.416711  0.464916  0.069670  0.110599  0.057539  0.527118  0.450003  0.308465  0.302837  0.265247  0.486578  0.162237  0.456285  0.406847  0.022009  0.504493  0.534066  0.118035  0.338042  0.341153  0.653470  0.045688  0.043775 
32  0.477006  0.556381  0.000000  0.346042  0.525620  0.790936  0.278540  0.405835  0.396293  0.407016  0.469120  0.174775  0.160634  0.379065  0.000000  0.420066  0.291212  0.249933  0.283637  0.191066  0.160502  0.343634  0.283555  0.782804  0.354817  0.291628  0.337524  0.300282  0.211206  0.749427  0.311179  0.044103 0.0  0.441244  0.296360  0.286819  0.283851  0.436895  0.400363  0.322443  0.075497  0.245671  0.231983  0.316049  0.296830  0.388741  0.190476  0.383111  0.000000  0.352659  0.302783  0.205253  0.316469  0.274909  0.188683  0.260448  0.541788  0.596406  0.160315  0.213314 
33  0.340679  0.740432  0.314638  0.439463  0.090403  0.679571  0.642642  0.692567  0.317493  0.060423  0.840688  0.410296  0.293754  0.409596  0.396079  0.416746  0.381011  0.565451  0.327849  0.469443  0.566301  0.303110  0.360875  0.695412  0.309755  0.372614  0.373589  0.358240  0.499208  0.772809  0.307248  0.247056  0.441244 0.0  0.265237  0.471302  0.411986  0.203207  0.336858  0.570948  0.163734  0.536670  0.303242  0.291701  0.381401  0.481613  0.236004  0.370202  0.332212  0.521689  0.414582  0.512473  0.337399  0.296655  0.406469  0.282774  0.175340  0.549325  0.511370  0.435996 
34  0.081968  0.805975  0.596838  0.188060  0.214534  0.642587  0.648716  0.888488  0.055701  0.378722  0.743351  0.467596  0.531916  0.139153  0.496860  0.443942  0.101737  0.537075  0.381561  0.283127  0.368175  0.000000  0.035422  0.582509  0.194634  0.121063  0.146224  0.427476  0.390028  0.513576  0.208950  0.525081  0.296360  0.265237 0.0  0.424217  0.202011  0.456638  0.208714  0.240407  0.547784  0.389890  0.183510  0.072289  0.364281  0.115822  0.329790  0.190715  0.510411  0.109255  0.310946  0.358327  0.177019  0.094050  0.277450  0.277415  0.355713  0.540363  0.326768  0.288652 
35  0.360210  0.648691  0.055964  0.308241  0.491185  0.728836  0.139657  0.523691  0.341584  0.351588  0.566291  0.179128  0.122872  0.302801  0.126941  0.456647  0.330972  0.279074  0.372066  0.308180  0.082525  0.287749  0.348077  0.774997  0.267038  0.431647  0.159248  0.326714  0.175084  0.801115  0.399928  0.056149  0.286819  0.471302  0.424217 0.0  0.240623  0.378078  0.308149  0.086204  0.000000  0.214687  0.255312  0.324831  0.381101  0.429827  0.185752  0.333012  0.047057  0.308899  0.353871  0.191643  0.329509  0.352990  0.150326  0.247937  0.457293  0.504295  0.197153  0.245683 
36  0.116249  0.852750  0.512162  0.248273  0.155198  0.625262  0.600258  0.900233  0.094183  0.221873  0.841067  0.397208  0.485643  0.214110  0.408216  0.451150  0.064629  0.631783  0.366921  0.360326  0.444130  0.029205  0.050454  0.654299  0.034288  0.201464  0.169379  0.468110  0.467660  0.464781  0.222567  0.411071  0.283851  0.411986  0.202011  0.240623 0.0  0.216656  0.188814  0.454501  0.382620  0.277152  0.169393  0.220032  0.337547  0.000000  0.212887  0.189653  0.419992  0.037630  0.317819  0.301797  0.169345  0.171232  0.339232  0.164842  0.295561  0.556397  0.388501  0.430880 
37  0.455256  0.721781  0.277618  0.372108  0.088476  0.840746  0.529612  0.793979  0.433138  0.169457  0.746472  0.359067  0.226929  0.316424  0.419441  0.480540  0.280102  0.580839  0.335918  0.530963  0.518007  0.252205  0.260867  0.803470  0.373163  0.348202  0.259200  0.291932  0.455350  0.742930  0.401944  0.416711  0.436895  0.203207  0.456638  0.378078  0.216656 0.0  0.249062  0.489295  0.307611  0.491203  0.407245  0.322722  0.322851  0.422373  0.263762  0.332941  0.218294  0.370082  0.316503  0.464078  0.258036  0.419305  0.493697  0.336018  0.229711  0.592960  0.374916  0.456841 
38  0.176321  0.677250  0.549921  0.192178  0.347427  0.667334  0.702592  0.858339  0.066674  0.359808  0.793289  0.400494  0.418963  0.163066  0.507640  0.469553  0.179875  0.558473  0.234933  0.228489  0.395020  0.078874  0.144311  0.537250  0.172931  0.246293  0.176086  0.468268  0.305548  0.514991  0.248748  0.464916  0.400363  0.336858  0.208714  0.308149  0.188814  0.249062 0.0  0.304707  0.525632  0.396097  0.184237  0.276282  0.310335  0.057132  0.359427  0.192244  0.528615  0.212686  0.189330  0.333466  0.190905  0.189670  0.249680  0.165768  0.315647  0.518405  0.467721  0.410138 
39  0.383781  0.623533  0.000000  0.313947  0.574988  0.689786  0.295070  0.372315  0.350015  0.308555  0.451571  0.136793  0.107206  0.370962  0.093481  0.529647  0.306996  0.186988  0.339275  0.250115  0.173810  0.331417  0.353735  0.762803  0.253225  0.437767  0.243184  0.399276  0.155355  0.649909  0.349723  0.069670  0.322443  0.570948  0.240407  0.086204  0.454501  0.489295  0.304707 0.0  0.029870  0.227854  0.421776  0.365360  0.435240  0.506718  0.320890  0.342403  0.033951  0.305669  0.315938  0.144277  0.345192  0.456568  0.180971  0.438650  0.424516  0.560475  0.078397  0.226246 
40  0.387057  0.545824  0.304764  0.526157  0.302369  0.850688  0.358386  0.700028  0.308340  0.389074  0.521463  0.087189  0.286095  0.460119  0.240165  0.532513  0.314783  0.291124  0.521283  0.215729  0.074086  0.345659  0.329211  0.812742  0.491056  0.429008  0.478253  0.428294  0.000000  0.676696  0.384695  0.110599  0.075497  0.163734  0.547784  0.000000  0.382620  0.307611  0.525632  0.029870 0.0  0.054697  0.446583  0.502877  0.333299  0.271515  0.183342  0.468944  0.205461  0.367110  0.312227  0.095317  0.408312  0.438169  0.011334  0.453295  0.375597  0.624684  0.027693  0.207106 
41  0.383405  0.474942  0.000000  0.291744  0.477918  0.816827  0.277049  0.559338  0.392103  0.258236  0.570144  0.182160  0.078224  0.381567  0.042595  0.495990  0.343662  0.306397  0.319108  0.226314  0.112367  0.419875  0.297209  0.746140  0.301984  0.353881  0.321290  0.237460  0.215114  0.802833  0.314076  0.057539  0.245671  0.536670  0.389890  0.214687  0.277152  0.491203  0.396097  0.227854  0.054697 0.0  0.400798  0.331411  0.372467  0.345012  0.138555  0.256391  0.087937  0.442052  0.439401  0.114105  0.379111  0.362224  0.107055  0.313850  0.436670  0.633462  0.072139  0.205343 
42  0.161005  0.814400  0.442913  0.227802  0.381410  0.634337  0.603820  0.924638  0.180962  0.377254  0.751784  0.295496  0.361651  0.081500  0.501400  0.462146  0.017436  0.687976  0.333125  0.359336  0.270955  0.094383  0.034526  0.600299  0.195700  0.133933  0.243983  0.424394  0.366773  0.632015  0.317148  0.527118  0.231983  0.303242  0.183510  0.255312  0.169393  0.407245  0.184237  0.421776  0.446583  0.400798 0.0  0.154122  0.385970  0.118784  0.274725  0.174370  0.434263  0.224869  0.089625  0.277388  0.244321  0.200903  0.497282  0.193661  0.319820  0.627479  0.378623  0.271910 
43  0.260646  0.778746  0.414456  0.249172  0.383764  0.547866  0.689364  0.850470  0.031080  0.328877  0.757771  0.448022  0.422761  0.121035  0.510799  0.382335  0.102479  0.643502  0.343717  0.296266  0.401388  0.088655  0.112565  0.658331  0.115864  0.225419  0.193768  0.493364  0.316412  0.527384  0.249125  0.450003  0.316049  0.291701  0.072289  0.324831  0.220032  0.322722  0.276282  0.365360  0.502877  0.331411  0.154122 0.0  0.230733  0.072800  0.354476  0.246071  0.426195  0.222235  0.252280  0.367270  0.223155  0.169442  0.293778  0.066639  0.421841  0.625826  0.441956  0.380364 
44  0.483375  0.787147  0.418233  0.393125  0.408356  0.705102  0.467422  0.752663  0.432657  0.304321  0.847216  0.411970  0.337153  0.380638  0.286371  0.499234  0.246313  0.479287  0.038095  0.343485  0.279211  0.512821  0.492922  0.687122  0.268634  0.306624  0.196775  0.030432  0.370725  0.767947  0.453381  0.308465  0.296830  0.381401  0.364281  0.381101  0.337547  0.322851  0.310335  0.435240  0.333299  0.372467  0.385970  0.230733 0.0  0.324676  0.315036  0.312093  0.323499  0.422175  0.322592  0.309243  0.276853  0.281607  0.477452  0.326036  0.426123  0.334607  0.330876  0.309801 
45  0.221783  0.761549  0.299995  0.103770  0.440104  0.480548  0.540905  0.778387  0.118426  0.355080  0.769842  0.334983  0.367798  0.048129  0.289823  0.541679  0.000000  0.457441  0.293972  0.431440  0.424786  0.000000  0.088398  0.528952  0.098103  0.127396  0.102571  0.314108  0.380372  0.501471  0.035418  0.302837  0.388741  0.481613  0.115822  0.429827  0.000000  0.422373  0.057132  0.506718  0.271515  0.345012  0.118784  0.072800  0.324676 0.0  0.201542  0.006542  0.166106  0.057743  0.049314  0.401205  0.001543  0.056554  0.486518  0.033909  0.560136  0.542613  0.483851  0.460115 
46  0.285387  0.790069  0.296531  0.345694  0.379885  0.697339  0.477178  0.670250  0.206533  0.195714  0.636306  0.257635  0.208237  0.321716  0.241884  0.478293  0.311134  0.402811  0.250626  0.256216  0.285138  0.349946  0.303474  0.563661  0.274678  0.284670  0.368043  0.229924  0.241991  0.681285  0.230116  0.265247  0.190476  0.236004  0.329790  0.185752  0.212887  0.263762  0.359427  0.320890  0.183342  0.138555  0.274725  0.354476  0.315036  0.201542 0.0  0.221772  0.192720  0.332224  0.335922  0.293333  0.258939  0.214640  0.332806  0.156686  0.203510  0.503809  0.171362  0.097514 
47  0.158371  0.809594  0.488989  0.240772  0.247791  0.686872  0.679152  0.808607  0.088513  0.308922  0.803663  0.293024  0.490088  0.224552  0.541623  0.542414  0.051446  0.662575  0.334142  0.289827  0.420328  0.006519  0.045491  0.514388  0.275241  0.185596  0.237111  0.453206  0.252110  0.507247  0.211536  0.486578  0.383111  0.370202  0.190715  0.333012  0.189653  0.332941  0.192244  0.342403  0.468944  0.256391  0.174370  0.246071  0.312093  0.006542  0.221772 0.0  0.447134  0.103533  0.209254  0.368673  0.186181  0.205962  0.263474  0.211354  0.268000  0.630151  0.368222  0.307822 
48  0.442150  0.501726  0.135304  0.371423  0.313037  0.930264  0.414936  0.569103  0.405559  0.260333  0.581282  0.200142  0.162550  0.503211  0.209089  0.447499  0.311364  0.408274  0.402500  0.095867  0.020725  0.371760  0.404815  0.923052  0.447192  0.517780  0.416360  0.519343  0.001480  0.776763  0.465563  0.162237  0.000000  0.332212  0.510411  0.047057  0.419992  0.218294  0.528615  0.033951  0.205461  0.087937  0.434263  0.426195  0.323499  0.166106  0.192720  0.447134 0.0  0.332059  0.467640  0.031804  0.562311  0.538269  0.073379  0.425641  0.342585  0.462291  0.150523  0.116816 
49  0.160141  0.875782  0.394943  0.115706  0.448170  0.481304  0.680536  0.830209  0.101240  0.475707  0.703954  0.359961  0.410117  0.067465  0.450252  0.500230  0.129785  0.687409  0.360482  0.467504  0.427840  0.155930  0.067816  0.528066  0.138201  0.185598  0.147587  0.316185  0.438701  0.550005  0.132923  0.456285  0.352659  0.521689  0.109255  0.308899  0.037630  0.370082  0.212686  0.305669  0.367110  0.442052  0.224869  0.222235  0.422175  0.057743  0.332224  0.103533  0.332059 0.0  0.143133  0.287270  0.114343  0.069867  0.480235  0.081806  0.365889  0.562120  0.358626  0.319973 
50  0.105256  0.716387  0.382706  0.202209  0.379025  0.606591  0.543961  0.873273  0.000000  0.310356  0.831243  0.410606  0.502744  0.226971  0.400641  0.564390  0.025477  0.650859  0.331701  0.379122  0.283099  0.051203  0.019113  0.692910  0.163142  0.166825  0.224176  0.495755  0.461741  0.459687  0.237256  0.406847  0.302783  0.414582  0.310946  0.353871  0.317819  0.316503  0.189330  0.315938  0.312227  0.439401  0.089625  0.252280  0.322592  0.049314  0.335922  0.209254  0.467640  0.143133 0.0  0.330684  0.134871  0.135378  0.383606  0.197029  0.373197  0.487370  0.414061  0.315501 
51  0.502745  0.575786  0.139503  0.269702  0.482193  0.806390  0.264713  0.413150  0.312198  0.249958  0.588477  0.114494  0.034688  0.284200  0.083155  0.381969  0.267889  0.186274  0.212081  0.200720  0.282741  0.381123  0.342490  0.709186  0.354365  0.178245  0.336493  0.239583  0.105422  0.714704  0.336337  0.022009  0.205253  0.512473  0.358327  0.191643  0.301797  0.464078  0.333466  0.144277  0.095317  0.114105  0.277388  0.367270  0.309243  0.401205  0.293333  0.368673  0.031804  0.287270  0.330684 0.0  0.358081  0.337995  0.246369  0.348067  0.436488  0.548064  0.146572  0.197762 
52  0.170372  0.864706  0.457173  0.245505  0.380073  0.580757  0.796587  0.919936  0.099670  0.319654  0.920291  0.333566  0.454260  0.155672  0.354986  0.502316  0.138675  0.727758  0.394136  0.314465  0.206359  0.055094  0.044615  0.654132  0.170440  0.074441  0.184964  0.457728  0.333292  0.454188  0.190441  0.504493  0.316469  0.337399  0.177019  0.329509  0.169345  0.258036  0.190905  0.345192  0.408312  0.379111  0.244321  0.223155  0.276853  0.001543  0.258939  0.186181  0.562311  0.114343  0.134871  0.358081 0.0  0.283394  0.275739  0.260984  0.420094  0.658639  0.486614  0.322298 
53  0.138673  0.815040  0.522842  0.128269  0.397045  0.580822  0.805710  0.841295  0.095017  0.406523  0.873032  0.473755  0.347345  0.310151  0.353938  0.329845  0.000000  0.737178  0.434303  0.304894  0.340280  0.058920  0.137581  0.552561  0.201391  0.182837  0.167833  0.515833  0.229232  0.544871  0.190474  0.534066  0.274909  0.296655  0.094050  0.352990  0.171232  0.419305  0.189670  0.456568  0.438169  0.362224  0.200903  0.169442  0.281607  0.056554  0.214640  0.205962  0.538269  0.069867  0.135378  0.337995  0.283394 0.0  0.391674  0.182486  0.266619  0.522473  0.492952  0.413065 
54  0.439595  0.608267  0.127698  0.346894  0.362596  0.695568  0.291867  0.471918  0.369949  0.279976  0.490785  0.100586  0.042494  0.376473  0.118906  0.519514  0.321109  0.359567  0.302106  0.242817  0.173230  0.354597  0.311464  0.723169  0.279491  0.261996  0.314753  0.292402  0.139510  0.724310  0.296396  0.118035  0.188683  0.406469  0.277450  0.150326  0.339232  0.493697  0.249680  0.180971  0.011334  0.107055  0.497282  0.293778  0.477452  0.486518  0.332806  0.263474  0.073379  0.480235  0.383606  0.246369  0.275739  0.391674 0.0  0.347094  0.500588  0.546945  0.251676  0.185866 
55  0.062432  0.825759  0.532536  0.286951  0.329446  0.629336  0.758899  0.769820  0.137627  0.414008  0.825311  0.387507  0.399569  0.126045  0.412893  0.488895  0.071167  0.676826  0.249705  0.335947  0.360900  0.179721  0.102382  0.685465  0.231684  0.336108  0.163149  0.445566  0.327981  0.458815  0.222981  0.338042  0.260448  0.282774  0.277415  0.247937  0.164842  0.336018  0.165768  0.438650  0.453295  0.313850  0.193661  0.066639  0.326036  0.033909  0.156686  0.211354  0.425641  0.081806  0.197029  0.348067  0.260984  0.182486  0.347094 0.0  0.384378  0.594307  0.486774  0.316673 
56  0.353556  0.773720  0.331549  0.269454  0.288043  0.796957  0.500131  0.799190  0.341683  0.006500  0.858758  0.491592  0.329610  0.248294  0.369181  0.459867  0.276811  0.578731  0.390140  0.495064  0.584103  0.337343  0.356870  0.712786  0.315693  0.335687  0.318300  0.332115  0.496031  0.818499  0.300813  0.341153  0.541788  0.175340  0.355713  0.457293  0.295561  0.229711  0.315647  0.424516  0.375597  0.436670  0.319820  0.421841  0.426123  0.560136  0.203510  0.268000  0.342585  0.365889  0.373197  0.436488  0.420094  0.266619  0.500588  0.384378 0.0  0.563093  0.392962  0.450668 
57  0.583454  0.651437  0.531811  0.639394  0.580475  0.517381  0.588224  0.462739  0.551080  0.636673  0.582780  0.478450  0.454610  0.592601  0.409312  0.328044  0.596726  0.506439  0.254086  0.535148  0.406747  0.572442  0.591483  0.560372  0.484217  0.614517  0.586732  0.358665  0.549961  0.475384  0.547561  0.653470  0.596406  0.549325  0.540363  0.504295  0.556397  0.592960  0.518405  0.560475  0.624684  0.633462  0.627479  0.625826  0.334607  0.542613  0.503809  0.630151  0.462291  0.562120  0.487370  0.548064  0.658639  0.522473  0.546945  0.594307  0.563093 0.0  0.604652  0.519739 
58  0.448185  0.487191  0.175619  0.273043  0.434705  0.812073  0.360462  0.550243  0.370377  0.455736  0.561797  0.105384  0.113483  0.358853  0.111109  0.547617  0.295879  0.296327  0.315256  0.148574  0.176412  0.287265  0.297438  0.793337  0.392879  0.319398  0.357406  0.416188  0.185515  0.713704  0.436670  0.045688  0.160315  0.511370  0.326768  0.197153  0.388501  0.374916  0.467721  0.078397  0.027693  0.072139  0.378623  0.441956  0.330876  0.483851  0.171362  0.368222  0.150523  0.358626  0.414061  0.146572  0.486614  0.492952  0.251676  0.486774  0.392962  0.604652 0.0  0.093968 
59  0.402284  0.482987  0.054507  0.277455  0.460884  0.752440  0.230197  0.452989  0.287588  0.340861  0.499975  0.009125  0.148738  0.330231  0.085188  0.481319  0.401320  0.208971  0.383685  0.293905  0.281435  0.302458  0.358041  0.680415  0.311691  0.333828  0.273874  0.292821  0.198884  0.726527  0.357830  0.043775  0.213314  0.435996  0.288652  0.245683  0.430880  0.456841  0.410138  0.226246  0.207106  0.205343  0.271910  0.380364  0.309801  0.460115  0.097514  0.307822  0.116816  0.319973  0.315501  0.197762  0.322298  0.413065  0.185866  0.316673  0.450668  0.519739  0.093968 0.0 
