60
0 0.0  0.758188  0.361589  0.097890  0.470405  0.535092  0.623675  0.813654  0.133314  0.476271  0.804715  0.357604  0.474547  0.132509  0.304389  0.436109  0.164195  0.669883  0.372567  0.288656  0.503340  0.112008  0.099843  0.688018  0.094193  0.009831  0.153515  0.459937  0.469939  0.570962  0.198884  0.408681  0.363264  0.335582  0.026352  0.467934  0.044214  0.377806  0.080802  0.388536  0.396407  0.394641  0.079670  0.126923  0.454830  0.208486  0.249648  0.114563  0.523008  0.043097  0.178094  0.409868  0.125640  0.173092  0.370991  0.066582  0.416359  0.611648  0.491419  0.362174 
1  0.758188 0.0  0.487425  0.882183  0.725097  0.831921  0.319059  0.199158  0.817330  0.801648  0.526013  0.650036  0.602869  0.851509  0.553641  0.384443  0.822783  0.274686  0.786664  0.641453  0.544561  0.888612  0.966576  0.380381  0.888807  0.795738  0.751705  0.814125  0.537515  0.346049  0.793379  0.539629  0.363093  0.840346  0.901756  0.534422  0.726229  0.803316  0.835378  0.572956  0.494451  0.594732  0.780830  0.825946  0.736599  0.816918  0.613266  0.725350  0.555432  0.718093  0.728012  0.566338  0.743268  0.867619  0.624865  0.877670  0.809458  0.479095  0.542592  0.552252 
2  0.361589  0.487425 0.0  0.473009  0.371521  0.974757  0.485931  0.577954  0.301142  0.323413  0.548520  0.120451  0.064876  0.397450  0.307851  0.468303  0.361066  0.363257  0.359506  0.059137  0.023189  0.235840  0.263713  0.825248  0.393216  0.567133  0.468776  0.429970  0.000000  0.698870  0.443570  0.311912  0.075724  0.381174  0.494455  0.001796  0.456154  0.322199  0.479741  0.079164  0.129652  0.060282  0.460080  0.542038  0.321696  0.206055  0.311260  0.530421  0.150411  0.404599  0.486929  0.037563  0.421327  0.503634  0.143455  0.536402  0.369865  0.444615  0.163457  0.000000 
3  0.097890  0.882183  0.473009 0.0  0.320723  0.551049  0.652659  0.824533  0.143816  0.376337  0.775330  0.479505  0.510284  0.063555  0.521404  0.509565  0.000000  0.712490  0.321259  0.277339  0.250213  0.000000  0.078269  0.589605  0.153115  0.197044  0.151438  0.412544  0.455321  0.488690  0.210029  0.356038  0.379073  0.370047  0.237889  0.303698  0.200624  0.386227  0.216730  0.356589  0.463409  0.330084  0.275581  0.265185  0.377745  0.080400  0.146290  0.227333  0.401578  0.025164  0.237651  0.330532  0.167520  0.139567  0.404972  0.188861  0.337078  0.561542  0.467261  0.251287 
4  0.470405  0.725097  0.371521  0.320723 0.0  0.696828  0.553296  0.780444  0.231453  0.080548  0.719770  0.458167  0.345158  0.461460  0.323799  0.431681  0.348368  0.540189  0.297350  0.516156  0.434849  0.400224  0.400740  0.747095  0.392838  0.356571  0.271237  0.403553  0.506321  0.797748  0.362349  0.398430  0.475475  0.220729  0.327930  0.403361  0.292223  0.221270  0.322990  0.350472  0.386489  0.509816  0.318160  0.371923  0.407525  0.480895  0.321012  0.375147  0.284762  0.412013  0.311193  0.432317  0.325085  0.284972  0.463853  0.236758  0.168624  0.571727  0.324079  0.552574 
5  0.535092  0.831921  0.974757  0.551049  0.696828 0.0  0.702196  0.944493  0.578063  0.745715  0.468381  0.795925  0.908830  0.524332  0.914825  0.530276  0.315991  0.604520  0.732204  0.691896  0.711423  0.498038  0.337193  0.622974  0.581222  0.605770  0.629653  0.912290  0.803943  0.442445  0.541093  0.902019  0.764664  0.812839  0.443162  0.762644  0.562917  0.686051  0.691155  0.773664  0.895739  0.623321  0.568266  0.547345  0.853833  0.501797  0.569235  0.740384  0.794142  0.549214  0.655789  0.800596  0.622300  0.709604  0.756314  0.557130  0.755161  0.575505  0.844532  0.757783 
6  0.623675  0.319059  0.485931  0.652659  0.553296  0.702196 0.0  0.376159  0.527965  0.550472  0.347250  0.360225  0.397029  0.583901  0.391219  0.434280  0.470123  0.369008  0.473424  0.209883  0.335665  0.479358  0.584146  0.550792  0.746420  0.584763  0.670833  0.683326  0.304174  0.580742  0.667799  0.384535  0.246607  0.570062  0.726029  0.294236  0.717017  0.548518  0.595276  0.220025  0.409444  0.250947  0.686168  0.636079  0.515783  0.483762  0.530290  0.642894  0.436599  0.531815  0.744409  0.264362  0.656856  0.638091  0.336585  0.635792  0.583905  0.358445  0.366156  0.301018 
7  0.813654  0.199158  0.577954  0.824533  0.780444  0.944493  0.376159 0.0  0.720372  0.666701  0.547658  0.640747  0.520370  0.830729  0.614743  0.415390  0.772288  0.386765  0.741518  0.419076  0.361888  0.768514  0.712058  0.529251  0.962416  0.917732  0.876799  0.899078  0.494929  0.345609  0.955824  0.557543  0.542822  0.766964  0.966498  0.489586  0.875800  0.814652  0.943855  0.509201  0.539198  0.478776  0.951047  0.821008  0.771231  0.627739  0.588049  0.877678  0.539386  0.828435  0.863290  0.509209  0.892856  1.000000  0.478368  0.802608  0.691758  0.547849  0.506504  0.368174 
8  0.133314  0.817330  0.301142  0.143816  0.231453  0.578063  0.527965  0.720372 0.0  0.327217  0.855111  0.448275  0.332465  0.042556  0.315168  0.374006  0.054546  0.543309  0.373415  0.346224  0.319778  0.287759  0.201229  0.494467  0.072718  0.037252  0.050661  0.326433  0.365296  0.605689  0.053454  0.357946  0.356859  0.368636  0.115027  0.312763  0.096745  0.350731  0.077102  0.387527  0.321177  0.338809  0.073078  0.147633  0.401337  0.095566  0.299070  0.027075  0.339699  0.077075  0.046732  0.327569  0.125013  0.064944  0.331954  0.031052  0.328969  0.622565  0.399700  0.362362 
9  0.476271  0.801648  0.323413  0.376337  0.080548  0.745715  0.550472  0.666701  0.327217 0.0  0.770942  0.494599  0.334805  0.409649  0.278123  0.387407  0.302819  0.498060  0.287186  0.394416  0.275413  0.314529  0.405326  0.697079  0.305514  0.378460  0.291769  0.325777  0.173611  0.822226  0.396379  0.349713  0.333385  0.052063  0.357421  0.326755  0.327251  0.000000  0.322551  0.361097  0.408823  0.331515  0.412024  0.283603  0.405978  0.220386  0.253071  0.452365  0.425537  0.337547  0.320811  0.378403  0.336371  0.332563  0.410662  0.411154  0.001444  0.623592  0.403920  0.291558 
10  0.804715  0.526013  0.548520  0.775330  0.719770  0.468381  0.347250  0.547658  0.855111  0.770942 0.0  0.543263  0.567896  0.915133  0.492510  0.428130  0.828406  0.348485  0.767004  0.564622  0.626550  0.886270  0.764978  0.890711  0.816020  0.742299  0.862039  0.880217  0.563237  0.750598  0.792454  0.593807  0.601219  0.800864  0.745100  0.543721  0.891272  0.772192  0.859673  0.570962  0.598461  0.643120  0.830052  0.740072  0.851538  0.794365  0.605155  0.844494  0.496256  0.781165  0.824733  0.587482  0.742125  0.791347  0.569364  0.689856  0.766177  0.648618  0.581967  0.555935 
11  0.357604  0.650036  0.120451  0.479505  0.458167  0.795925  0.360225  0.640747  0.448275  0.494599  0.543263 0.0  0.148743  0.377087  0.158447  0.421076  0.389760  0.371118  0.406891  0.155466  0.070549  0.499591  0.414373  0.808679  0.522146  0.381856  0.463458  0.440482  0.020229  0.720786  0.455857  0.141382  0.109060  0.412923  0.370996  0.278568  0.435322  0.455006  0.338108  0.121771  0.087580  0.130600  0.410984  0.400122  0.366516  0.412342  0.195520  0.447662  0.076927  0.391430  0.338415  0.141582  0.410369  0.384187  0.092060  0.438938  0.418707  0.687907  0.123188  0.035738 
12  0.474547  0.602869  0.064876  0.510284  0.345158  0.908830  0.397029  0.520370  0.332465  0.334805  0.567896  0.148743 0.0  0.473281  0.251471  0.517080  0.417112  0.365638  0.446957  0.062189  0.107417  0.324246  0.233120  0.870021  0.377388  0.477880  0.551557  0.549044  0.000000  0.672344  0.414421  0.280560  0.000000  0.397144  0.471363  0.105524  0.531518  0.334166  0.569532  0.103049  0.189786  0.056176  0.464551  0.520488  0.313841  0.259214  0.362441  0.497034  0.240578  0.424214  0.470094  0.030116  0.376364  0.460571  0.114404  0.556269  0.370939  0.477790  0.110228  0.097786 
13  0.132509  0.851509  0.397450  0.063555  0.461460  0.524332  0.583901  0.830729  0.042556  0.409649  0.915133  0.377087  0.473281 0.0  0.419018  0.536756  0.142821  0.591322  0.349978  0.355584  0.347767  0.105182  0.173624  0.640142  0.200994  0.111339  0.224398  0.590273  0.200497  0.491942  0.182777  0.389753  0.329492  0.411318  0.190289  0.344756  0.161872  0.452077  0.200410  0.368484  0.515683  0.366071  0.220863  0.178633  0.363056  0.148305  0.331858  0.206137  0.476891  0.175969  0.217272  0.321318  0.203177  0.337109  0.368064  0.296243  0.353389  0.511682  0.532743  0.319672 
14  0.304389  0.553641  0.307851  0.521404  0.323799  0.914825  0.391219  0.614743  0.315168  0.278123  0.492510  0.158447  0.251471  0.419018 0.0  0.534416  0.368643  0.425631  0.357291  0.127813  0.063563  0.236455  0.375367  0.695860  0.390974  0.376683  0.418207  0.437336  0.000000  0.697816  0.462304  0.132961  0.058634  0.338505  0.419427  0.090841  0.379332  0.288336  0.504245  0.058370  0.222019  0.062390  0.394042  0.422178  0.388988  0.295302  0.238552  0.432131  0.155683  0.340441  0.565847  0.058860  0.500848  0.481078  0.057483  0.486896  0.425094  0.571426  0.158308  0.000000 
15  0.436109  0.384443  0.468303  0.509565  0.431681  0.530276  0.434280  0.415390  0.374006  0.387407  0.428130  0.421076  0.517080  0.536756  0.534416 0.0  0.465356  0.454564  0.522566  0.454771  0.461349  0.507087  0.403595  0.394839  0.400857  0.491515  0.454389  0.546900  0.448168  0.508649  0.460472  0.484335  0.440694  0.571525  0.522224  0.500050  0.434688  0.477575  0.494676  0.408696  0.505101  0.556822  0.482745  0.475130  0.486426  0.409841  0.413189  0.371370  0.415434  0.390505  0.484407  0.437737  0.443489  0.453620  0.519594  0.507991  0.498017  0.463245  0.449484  0.562027 
16  0.164195  0.822783  0.361066  0.000000  0.348368  0.315991  0.470123  0.772288  0.054546  0.302819  0.828406  0.389760  0.417112  0.142821  0.368643  0.465356 0.0  0.586928  0.291494  0.275226  0.280550  0.074251  0.130027  0.544842  0.065066  0.069179  0.012796  0.362245  0.369723  0.530073  0.092457  0.311266  0.375486  0.234211  0.067480  0.302134  0.118136  0.384908  0.057497  0.234050  0.342388  0.314178  0.079074  0.100287  0.383943  0.025846  0.178468  0.066896  0.294108  0.129316  0.108045  0.363397  0.097511  0.070073  0.435711  0.072400  0.354377  0.495568  0.327970  0.394540 
17  0.669883  0.274686  0.363257  0.712490  0.540189  0.604520  0.369008  0.386765  0.543309  0.498060  0.348485  0.371118  0.365638  0.591322  0.425631  0.454564  0.586928 0.0  0.468728  0.335689  0.206200  0.480846  0.562293  0.540607  0.696075  0.611361  0.688767  0.618555  0.296650  0.562871  0.641543  0.399879  0.234032  0.506254  0.714524  0.311535  0.626080  0.502147  0.613998  0.289390  0.348449  0.231601  0.568872  0.561190  0.562022  0.582149  0.440951  0.465490  0.392698  0.524970  0.688953  0.292757  0.674218  0.707888  0.249998  0.738116  0.565639  0.538210  0.306536  0.272947 
18  0.372567  0.786664  0.359506  0.321259  0.297350  0.732204  0.473424  0.741518  0.373415  0.287186  0.767004  0.406891  0.446957  0.349978  0.357291  0.522566  0.291494  0.468728 0.0  0.308098  0.378212  0.349987  0.297562  0.751910  0.476069  0.389509  0.348757  0.155025  0.348317  0.788872  0.320359  0.332979  0.342222  0.372227  0.322401  0.441330  0.309239  0.386125  0.416129  0.321898  0.308302  0.311943  0.295574  0.406065  0.072576  0.268696  0.272533  0.270829  0.371946  0.483300  0.371843  0.356582  0.259974  0.414646  0.360310  0.234149  0.253737  0.281802  0.333865  0.296224 
19  0.288656  0.641453  0.059137  0.277339  0.516156  0.691896  0.209883  0.419076  0.346224  0.394416  0.564622  0.155466  0.062189  0.355584  0.127813  0.454771  0.275226  0.335689  0.308098 0.0  0.132102  0.284984  0.438850  0.717375  0.289173  0.334647  0.391170  0.362874  0.183367  0.719260  0.357731  0.095966  0.198600  0.406385  0.255417  0.173183  0.288870  0.464707  0.359270  0.192158  0.137993  0.152663  0.273736  0.355442  0.365970  0.536276  0.254087  0.372155  0.091384  0.311291  0.334167  0.183678  0.311193  0.293974  0.197331  0.396402  0.453757  0.459382  0.141041  0.282018 
20  0.503340  0.544561  0.023189  0.250213  0.434849  0.711423  0.335665  0.361888  0.319778  0.275413  0.626550  0.070549  0.107417  0.347767  0.063563  0.461349  0.280550  0.206200  0.378212  0.132102 0.0  0.420165  0.274612  0.804715  0.306285  0.206998  0.361839  0.272535  0.220237  0.772482  0.334568  0.165121  0.199958  0.435539  0.373027  0.218957  0.340532  0.385407  0.365789  0.180503  0.033481  0.251789  0.259151  0.346647  0.375072  0.424126  0.168488  0.267703  0.087592  0.328816  0.350534  0.167746  0.346398  0.389094  0.154545  0.191028  0.501099  0.512435  0.082172  0.310131 
21  0.112008  0.888612  0.235840  0.000000  0.400224  0.498038  0.479358  0.768514  0.287759  0.314529  0.886270  0.499591  0.324246  0.105182  0.236455  0.507087  0.074251  0.480846  0.349987  0.284984  0.420165 0.0  0.203163  0.546228  0.052157  0.061644  0.046164  0.246303  0.304197  0.573642  0.098132  0.357033  0.343310  0.329699  0.018973  0.363258  0.000000  0.323001  0.095629  0.341290  0.277118  0.355792  0.147646  0.122702  0.449665  0.129110  0.140500  0.172359  0.356423  0.057991  0.078016  0.332183  0.053546  0.175492  0.309626  0.023806  0.285842  0.525629  0.443122  0.396095 
22  0.099843  0.966576  0.263713  0.078269  0.400740  0.337193  0.584146  0.712058  0.201229  0.405326  0.764978  0.414373  0.233120  0.173624  0.375367  0.403595  0.130027  0.562293  0.297562  0.438850  0.274612  0.203163 0.0  0.544418  0.110499  0.062060  0.049032  0.421674  0.292931  0.545974  0.066035  0.423812  0.281575  0.341955  0.000000  0.346731  0.051918  0.275618  0.000000  0.328916  0.402126  0.381152  0.085295  0.127497  0.456564  0.114354  0.266532  0.136543  0.368351  0.249025  0.008519  0.374996  0.127867  0.072173  0.357839  0.122311  0.354281  0.600170  0.470832  0.371211 
23  0.688018  0.380381  0.825248  0.589605  0.747095  0.622974  0.550792  0.529251  0.494467  0.697079  0.890711  0.808679  0.870021  0.640142  0.695860  0.394839  0.544842  0.540607  0.751910  0.717375  0.804715  0.546228  0.544418 0.0  0.628461  0.638001  0.575619  0.892626  0.818560  0.064717  0.573970  0.837642  0.784260  0.804008  0.461874  0.817166  0.628209  0.724498  0.596388  0.602244  0.838736  0.813082  0.641030  0.660208  0.681853  0.417374  0.635380  0.517220  0.951317  0.541465  0.605025  0.766670  0.673499  0.585631  0.708663  0.608676  0.708891  0.606989  0.852229  0.792957 
24  0.094193  0.888807  0.393216  0.153115  0.392838  0.581222  0.746420  0.962416  0.072718  0.305514  0.816020  0.522146  0.377388  0.200994  0.390974  0.400857  0.065066  0.696075  0.476069  0.289173  0.306285  0.052157  0.110499  0.628461 0.0  0.215041  0.333848  0.495951  0.232711  0.435846  0.218581  0.367767  0.400482  0.398410  0.127245  0.357538  0.119087  0.371313  0.220207  0.436746  0.524664  0.222828  0.253258  0.116112  0.376495  0.163075  0.305956  0.252044  0.596105  0.237394  0.136915  0.353546  0.340105  0.131433  0.315001  0.182283  0.453296  0.529899  0.374432  0.260379 
25  0.009831  0.795738  0.567133  0.197044  0.356571  0.605770  0.584763  0.917732  0.037252  0.378460  0.742299  0.381856  0.477880  0.111339  0.376683  0.491515  0.069179  0.611361  0.389509  0.334647  0.206998  0.061644  0.062060  0.638001  0.215041 0.0  0.259115  0.692159  0.360117  0.520483  0.269573  0.515046  0.395166  0.329658  0.138602  0.369179  0.239124  0.401914  0.219637  0.409879  0.452276  0.231068  0.178890  0.308409  0.402562  0.051705  0.326667  0.220420  0.476184  0.112529  0.251994  0.301418  0.205724  0.159898  0.352196  0.094860  0.461084  0.557817  0.259947  0.402823 
26  0.153515  0.751705  0.468776  0.151438  0.271237  0.629653  0.670833  0.876799  0.050661  0.291769  0.862039  0.463458  0.551557  0.224398  0.418207  0.454389  0.012796  0.688767  0.348757  0.391170  0.361839  0.046164  0.049032  0.575619  0.333848  0.259115 0.0  0.495022  0.342530  0.553122  0.191010  0.500313  0.321519  0.365123  0.214696  0.356842  0.165994  0.263992  0.192662  0.326525  0.466741  0.407648  0.131577  0.179604  0.242122  0.081182  0.292436  0.178333  0.446695  0.183712  0.120262  0.234586  0.241168  0.142018  0.374584  0.262268  0.285414  0.470763  0.401166  0.369261 
27  0.459937  0.814125  0.429970  0.412544  0.403553  0.912290  0.683326  0.899078  0.326433  0.325777  0.880217  0.440482  0.549044  0.590273  0.437336  0.546900  0.362245  0.618555  0.155025  0.362874  0.272535  0.246303  0.421674  0.892626  0.495951  0.692159  0.495022 0.0  0.352622  0.705959  0.553757  0.408911  0.398449  0.348978  0.508867  0.356341  0.480596  0.287127  0.572204  0.435318  0.555218  0.387778  0.534228  0.440550  0.014342  0.229213  0.301008  0.491315  0.443738  0.345381  0.592690  0.270031  0.503621  0.483340  0.361959  0.446650  0.346296  0.202517  0.325883  0.347514 
28  0.469939  0.537515  0.000000  0.455321  0.506321  0.803943  0.304174  0.494929  0.365296  0.173611  0.563237  0.020229  0.000000  0.200497  0.000000  0.448168  0.369723  0.296650  0.348317  0.183367  0.220237  0.304197  0.292931  0.818560  0.232711  0.360117  0.342530  0.352622 0.0  0.841495  0.345960  0.000000  0.243471  0.402913  0.365414  0.157787  0.279133  0.519504  0.235516  0.208340  0.003746  0.229200  0.286442  0.321008  0.428221  0.353433  0.173180  0.360471  0.097427  0.385146  0.318457  0.229892  0.292605  0.302595  0.234654  0.371933  0.440002  0.614493  0.164199  0.233672 
29  0.570962  0.346049  0.698870  0.488690  0.797748  0.442445  0.580742  0.345609  0.605689  0.822226  0.750598  0.720786  0.672344  0.491942  0.697816  0.508649  0.530073  0.562871  0.788872  0.719260  0.772482  0.573642  0.545974  0.064717  0.435846  0.520483  0.553122  0.705959  0.841495 0.0  0.520125  0.676594  0.728808  0.780377  0.427626  0.733650  0.495302  0.794464  0.432072  0.638427  0.745277  0.667255  0.407052  0.487263  0.901167  0.536342  0.681198  0.604181  0.689304  0.412099  0.566720  0.794320  0.482885  0.468853  0.703545  0.434589  0.708967  0.547413  0.843016  0.783304 
30  0.198884  0.793379  0.443570  0.210029  0.362349  0.541093  0.667799  0.955824  0.053454  0.396379  0.792454  0.455857  0.414421  0.182777  0.462304  0.460472  0.092457  0.641543  0.320359  0.357731  0.334568  0.098132  0.066035  0.573970  0.218581  0.269573  0.191010  0.553757  0.345960  0.520125 0.0  0.467128  0.366980  0.359982  0.329938  0.462033  0.244569  0.324841  0.182438  0.304585  0.565800  0.390234  0.126715  0.204431  0.468654  0.103526  0.219498  0.232024  0.425801  0.164099  0.099202  0.347306  0.198907  0.135434  0.313214  0.201253  0.377083  0.572126  0.408859  0.323963 
31  0.408681  0.539629  0.311912  0.356038  0.398430  0.902019  0.384535  0.557543  0.357946  0.349713  0.593807  0.141382  0.280560  0.389753  0.132961  0.484335  0.311266  0.399879  0.332979  0.095966  0.165121  0.357033  0.423812  0.837642  0.367767  0.515046  0.500313  0.408911  0.000000  0.676594  0.467128 0.0  0.008717  0.509472  0.378275  0.021412  0.500549  0.265203  0.496008  0.048005  0.210530  0.026632  0.421338  0.446935  0.245462  0.316162  0.227961  0.452242  0.171082  0.336496  0.526578  0.035814  0.520011  0.349242  0.110406  0.374086  0.364412  0.602449  0.045125  0.110793 
32  0.363264  0.363093  0.075724  0.379073  0.475475  0.764664  0.246607  0.542822  0.356859  0.333385  0.601219  0.109060  0.000000  0.329492  0.058634  0.440694  0.375486  0.234032  0.342222  0.198600  0.199958  0.343310  0.281575  0.784260  0.400482  0.395166  0.321519  0.398449  0.243471  0.728808  0.366980  0.008717 0.0  0.450267  0.304359  0.124071  0.317799  0.414371  0.308213  0.197442  0.057744  0.163970  0.338966  0.370886  0.275559  0.485922  0.284184  0.307072  0.133540  0.379653  0.370033  0.146809  0.349240  0.374486  0.105748  0.298223  0.418079  0.471322  0.149080  0.204222 
33  0.335582  0.840346  0.381174  0.370047  0.220729  0.812839  0.570062  0.766964  0.368636  0.052063  0.800864  0.412923  0.397144  0.411318  0.338505  0.571525  0.234211  0.506254  0.372227  0.406385  0.435539  0.329699  0.341955  0.804008  0.398410  0.329658  0.365123  0.348978  0.402913  0.780377  0.359982  0.509472  0.450267 0.0  0.295119  0.478729  0.329714  0.229116  0.411643  0.360755  0.401395  0.416106  0.388228  0.272494  0.284060  0.486525  0.283814  0.352745  0.389933  0.369807  0.327161  0.470546  0.291264  0.280507  0.543344  0.337586  0.293305  0.604889  0.384756  0.431510 
34  0.026352  0.901756  0.494455  0.237889  0.327930  0.443162  0.726029  0.966498  0.115027  0.357421  0.745100  0.370996  0.471363  0.190289  0.419427  0.522224  0.067480  0.714524  0.322401  0.255417  0.373027  0.018973  0.000000  0.461874  0.127245  0.138602  0.214696  0.508867  0.365414  0.427626  0.329938  0.378275  0.304359  0.295119 0.0  0.255804  0.229622  0.369187  0.197907  0.387827  0.495408  0.361936  0.178693  0.167978  0.384633  0.023390  0.151552  0.237969  0.487269  0.197261  0.335792  0.414808  0.135674  0.155075  0.276399  0.234545  0.297566  0.515793  0.390003  0.398140 
35  0.467934  0.534422  0.001796  0.303698  0.403361  0.762644  0.294236  0.489586  0.312763  0.326755  0.543721  0.278568  0.105524  0.344756  0.090841  0.500050  0.302134  0.311535  0.441330  0.173183  0.218957  0.363258  0.346731  0.817166  0.357538  0.369179  0.356842  0.356341  0.157787  0.733650  0.462033  0.021412  0.124071  0.478729  0.255804 0.0  0.218673  0.543042  0.342306  0.167298  0.084623  0.096320  0.308846  0.308714  0.354897  0.586625  0.246005  0.413957  0.082194  0.429100  0.435685  0.104655  0.350762  0.381862  0.195416  0.250681  0.414857  0.491589  0.144443  0.178203 
36  0.044214  0.726229  0.456154  0.200624  0.292223  0.562917  0.717017  0.875800  0.096745  0.327251  0.891272  0.435322  0.531518  0.161872  0.379332  0.434688  0.118136  0.626080  0.309239  0.288870  0.340532  0.000000  0.051918  0.628209  0.119087  0.239124  0.165994  0.480596  0.279133  0.495302  0.244569  0.500549  0.317799  0.329714  0.229622  0.218673 0.0  0.342591  0.189690  0.312859  0.536370  0.219076  0.121015  0.232918  0.294990  0.165321  0.263978  0.179268  0.469589  0.180591  0.200006  0.293918  0.124842  0.262931  0.317839  0.230985  0.440108  0.528955  0.345275  0.345300 
37  0.377806  0.803316  0.322199  0.386227  0.221270  0.686051  0.548518  0.814652  0.350731  0.000000  0.772192  0.455006  0.334166  0.452077  0.288336  0.477575  0.384908  0.502147  0.386125  0.464707  0.385407  0.323001  0.275618  0.724498  0.371313  0.401914  0.263992  0.287127  0.519504  0.794464  0.324841  0.265203  0.414371  0.229116  0.369187  0.543042  0.342591 0.0  0.286482  0.501813  0.330940  0.425986  0.359118  0.447102  0.312647  0.507467  0.351052  0.491357  0.384835  0.452469  0.334701  0.445200  0.291814  0.356175  0.515187  0.423028  0.176564  0.642965  0.330058  0.422431 
38  0.080802  0.835378  0.479741  0.216730  0.322990  0.691155  0.595276  0.943855  0.077102  0.322551  0.859673  0.338108  0.569532  0.200410  0.504245  0.494676  0.057497  0.613998  0.416129  0.359270  0.365789  0.095629  0.000000  0.596388  0.220207  0.219637  0.192662  0.572204  0.235516  0.432072  0.182438  0.496008  0.308213  0.411643  0.197907  0.342306  0.189690  0.286482 0.0  0.300339  0.495535  0.262479  0.203234  0.219347  0.381453  0.060015  0.199708  0.100204  0.567906  0.163631  0.208985  0.338569  0.191117  0.181704  0.264773  0.197454  0.381958  0.437655  0.457092  0.241946 
39  0.388536  0.572956  0.079164  0.356589  0.350472  0.773664  0.220025  0.509201  0.387527  0.361097  0.570962  0.121771  0.103049  0.368484  0.058370  0.408696  0.234050  0.289390  0.321898  0.192158  0.180503  0.341290  0.328916  0.602244  0.436746  0.409879  0.326525  0.435318  0.208340  0.638427  0.304585  0.048005  0.197442  0.360755  0.387827  0.167298  0.312859  0.501813  0.300339 0.0  0.145668  0.149416  0.284486  0.412607  0.321381  0.368565  0.255426  0.294945  0.006358  0.406581  0.376454  0.137865  0.386632  0.288000  0.231980  0.338302  0.429471  0.515468  0.142403  0.094502 
40  0.396407  0.494451  0.129652  0.463409  0.386489  0.895739  0.409444  0.539198  0.321177  0.408823  0.598461  0.087580  0.189786  0.515683  0.222019  0.505101  0.342388  0.348449  0.308302  0.137993  0.033481  0.277118  0.402126  0.838736  0.524664  0.452276  0.466741  0.555218  0.003746  0.745277  0.565800  0.210530  0.057744  0.401395  0.495408  0.084623  0.536370  0.330940  0.495535  0.145668 0.0  0.171311  0.465218  0.527186  0.358399  0.331570  0.193824  0.434246  0.132494  0.410338  0.395952  0.167042  0.379288  0.406670  0.000000  0.422374  0.386959  0.450595  0.101789  0.031201 
41  0.394641  0.594732  0.060282  0.330084  0.509816  0.623321  0.250947  0.478776  0.338809  0.331515  0.643120  0.130600  0.056176  0.366071  0.062390  0.556822  0.314178  0.231601  0.311943  0.152663  0.251789  0.355792  0.381152  0.813082  0.222828  0.231068  0.407648  0.387778  0.229200  0.667255  0.390234  0.026632  0.163970  0.416106  0.361936  0.096320  0.219076  0.425986  0.262479  0.149416  0.171311 0.0  0.339529  0.345599  0.357553  0.455021  0.264431  0.362169  0.073377  0.417071  0.356322  0.192332  0.376701  0.281735  0.151424  0.269957  0.459886  0.468612  0.126215  0.234562 
42  0.079670  0.780830  0.460080  0.275581  0.318160  0.568266  0.686168  0.951047  0.073078  0.412024  0.830052  0.410984  0.464551  0.220863  0.394042  0.482745  0.079074  0.568872  0.295574  0.273736  0.259151  0.147646  0.085295  0.641030  0.253258  0.178890  0.131577  0.534228  0.286442  0.407052  0.126715  0.421338  0.338966  0.388228  0.178693  0.308846  0.121015  0.359118  0.203234  0.284486  0.465218  0.339529 0.0  0.225105  0.313401  0.090553  0.304045  0.218661  0.395603  0.126963  0.100637  0.412208  0.171376  0.104245  0.390935  0.196189  0.367848  0.489033  0.499939  0.279531 
43  0.126923  0.825946  0.542038  0.265185  0.371923  0.547345  0.636079  0.821008  0.147633  0.283603  0.740072  0.400122  0.520488  0.178633  0.422178  0.475130  0.100287  0.561190  0.406065  0.355442  0.346647  0.122702  0.127497  0.660208  0.116112  0.308409  0.179604  0.440550  0.321008  0.487263  0.204431  0.446935  0.370886  0.272494  0.167978  0.308714  0.232918  0.447102  0.219347  0.412607  0.527186  0.345599  0.225105 0.0  0.343635  0.039857  0.263421  0.273660  0.305512  0.109035  0.207339  0.452720  0.190023  0.309286  0.371487  0.252342  0.340740  0.487745  0.377453  0.375983 
44  0.454830  0.736599  0.321696  0.377745  0.407525  0.853833  0.515783  0.771231  0.401337  0.405978  0.851538  0.366516  0.313841  0.363056  0.388988  0.486426  0.383943  0.562022  0.072576  0.365970  0.375072  0.449665  0.456564  0.681853  0.376495  0.402562  0.242122  0.014342  0.428221  0.901167  0.468654  0.245462  0.275559  0.284060  0.384633  0.354897  0.294990  0.312647  0.381453  0.321381  0.358399  0.357553  0.313401  0.343635 0.0  0.196581  0.289132  0.350176  0.285120  0.557977  0.318430  0.301819  0.319790  0.264225  0.364421  0.311825  0.404451  0.273117  0.346941  0.214070 
45  0.208486  0.816918  0.206055  0.080400  0.480895  0.501797  0.483762  0.627739  0.095566  0.220386  0.794365  0.412342  0.259214  0.148305  0.295302  0.409841  0.025846  0.582149  0.268696  0.536276  0.424126  0.129110  0.114354  0.417374  0.163075  0.051705  0.081182  0.229213  0.353433  0.536342  0.103526  0.316162  0.485922  0.486525  0.023390  0.586625  0.165321  0.507467  0.060015  0.368565  0.331570  0.455021  0.090553  0.039857  0.196581 0.0  0.328914  0.025928  0.287613  0.147251  0.126701  0.345583  0.159180  0.042122  0.525076  0.000000  0.483382  0.575237  0.414484  0.565368 
46  0.249648  0.613266  0.311260  0.146290  0.321012  0.569235  0.530290  0.588049  0.299070  0.253071  0.605155  0.195520  0.362441  0.331858  0.238552  0.413189  0.178468  0.440951  0.272533  0.254087  0.168488  0.140500  0.266532  0.635380  0.305956  0.326667  0.292436  0.301008  0.173180  0.681198  0.219498  0.227961  0.284184  0.283814  0.151552  0.246005  0.263978  0.351052  0.199708  0.255426  0.193824  0.264431  0.304045  0.263421  0.289132  0.328914 0.0  0.264696  0.257020  0.179697  0.162590  0.241042  0.240880  0.343619  0.285460  0.233490  0.282253  0.474978  0.272052  0.174572 
47  0.114563  0.725350  0.530421  0.227333  0.375147  0.740384  0.642894  0.877678  0.027075  0.452365  0.844494  0.447662  0.497034  0.206137  0.432131  0.371370  0.066896  0.465490  0.270829  0.372155  0.267703  0.172359  0.136543  0.517220  0.252044  0.220420  0.178333  0.491315  0.360471  0.604181  0.232024  0.452242  0.307072  0.352745  0.237969  0.413957  0.179268  0.491357  0.100204  0.294945  0.434246  0.362169  0.218661  0.273660  0.350176  0.025928  0.264696 0.0  0.525485  0.140007  0.317263  0.313916  0.276869  0.177036  0.414648  0.194492  0.356138  0.519701  0.397507  0.415345 
48  0.523008  0.555432  0.150411  0.401578  0.284762  0.794142  0.436599  0.539386  0.339699  0.425537  0.496256  0.076927  0.240578  0.476891  0.155683  0.415434  0.294108  0.392698  0.371946  0.091384  0.087592  0.356423  0.368351  0.951317  0.596105  0.476184  0.446695  0.443738  0.097427  0.689304  0.425801  0.171082  0.133540  0.389933  0.487269  0.082194  0.469589  0.384835  0.567906  0.006358  0.132494  0.073377  0.395603  0.305512  0.285120  0.287613  0.257020  0.525485 0.0  0.412574  0.483375  0.044613  0.467454  0.430040  0.140133  0.507960  0.282532  0.565810  0.088204  0.102301 
49  0.043097  0.718093  0.404599  0.025164  0.412013  0.549214  0.531815  0.828435  0.077075  0.337547  0.781165  0.391430  0.424214  0.175969  0.340441  0.390505  0.129316  0.524970  0.483300  0.311291  0.328816  0.057991  0.249025  0.541465  0.237394  0.112529  0.183712  0.345381  0.385146  0.412099  0.164099  0.336496  0.379653  0.369807  0.197261  0.429100  0.180591  0.452469  0.163631  0.406581  0.410338  0.417071  0.126963  0.109035  0.557977  0.147251  0.179697  0.140007  0.412574 0.0  0.147277  0.511942  0.063609  0.110823  0.391890  0.199524  0.325271  0.609286  0.363349  0.383607 
50  0.178094  0.728012  0.486929  0.237651  0.311193  0.655789  0.744409  0.863290  0.046732  0.320811  0.824733  0.338415  0.470094  0.217272  0.565847  0.484407  0.108045  0.688953  0.371843  0.334167  0.350534  0.078016  0.008519  0.605025  0.136915  0.251994  0.120262  0.592690  0.318457  0.566720  0.099202  0.526578  0.370033  0.327161  0.335792  0.435685  0.200006  0.334701  0.208985  0.376454  0.395952  0.356322  0.100637  0.207339  0.318430  0.126701  0.162590  0.317263  0.483375  0.147277 0.0  0.261230  0.221650  0.176872  0.162664  0.138210  0.392219  0.595609  0.351627  0.389225 
51  0.409868  0.566338  0.037563  0.330532  0.432317  0.800596  0.264362  0.509209  0.327569  0.378403  0.587482  0.141582  0.030116  0.321318  0.058860  0.437737  0.363397  0.292757  0.356582  0.183678  0.167746  0.332183  0.374996  0.766670  0.353546  0.301418  0.234586  0.270031  0.229892  0.794320  0.347306  0.035814  0.146809  0.470546  0.414808  0.104655  0.293918  0.445200  0.338569  0.137865  0.167042  0.192332  0.412208  0.452720  0.301819  0.345583  0.241042  0.313916  0.044613  0.511942  0.261230 0.0  0.386495  0.421588  0.247471  0.338159  0.592165  0.554871  0.178055  0.245760 
52  0.125640  0.743268  0.421327  0.167520  0.325085  0.622300  0.656856  0.892856  0.125013  0.336371  0.742125  0.410369  0.376364  0.203177  0.500848  0.443489  0.097511  0.674218  0.259974  0.311193  0.346398  0.053546  0.127867  0.673499  0.340105  0.205724  0.241168  0.503621  0.292605  0.482885  0.198907  0.520011  0.349240  0.291264  0.135674  0.350762  0.124842  0.291814  0.191117  0.386632  0.379288  0.376701  0.171376  0.190023  0.319790  0.159180  0.240880  0.276869  0.467454  0.063609  0.221650  0.386495 0.0  0.099135  0.257577  0.240431  0.328165  0.566626  0.396832  0.353001 
53  0.173092  0.867619  0.503634  0.139567  0.284972  0.709604  0.638091  1.000000  0.064944  0.332563  0.791347  0.384187  0.460571  0.337109  0.481078  0.453620  0.070073  0.707888  0.414646  0.293974  0.389094  0.175492  0.072173  0.585631  0.131433  0.159898  0.142018  0.483340  0.302595  0.468853  0.135434  0.349242  0.374486  0.280507  0.155075  0.381862  0.262931  0.356175  0.181704  0.288000  0.406670  0.281735  0.104245  0.309286  0.264225  0.042122  0.343619  0.177036  0.430040  0.110823  0.176872  0.421588  0.099135 0.0  0.358493  0.175348  0.297255  0.454735  0.442389  0.288907 
54  0.370991  0.624865  0.143455  0.404972  0.463853  0.756314  0.336585  0.478368  0.331954  0.410662  0.569364  0.092060  0.114404  0.368064  0.057483  0.519594  0.435711  0.249998  0.360310  0.197331  0.154545  0.309626  0.357839  0.708663  0.315001  0.352196  0.374584  0.361959  0.234654  0.703545  0.313214  0.110406  0.105748  0.543344  0.276399  0.195416  0.317839  0.515187  0.264773  0.231980  0.000000  0.151424  0.390935  0.371487  0.364421  0.525076  0.285460  0.414648  0.140133  0.391890  0.162664  0.247471  0.257577  0.358493 0.0  0.270316  0.407107  0.546825  0.114835  0.196383 
55  0.066582  0.877670  0.536402  0.188861  0.236758  0.557130  0.635792  0.802608  0.031052  0.411154  0.689856  0.438938  0.556269  0.296243  0.486896  0.507991  0.072400  0.738116  0.234149  0.396402  0.191028  0.023806  0.122311  0.608676  0.182283  0.094860  0.262268  0.446650  0.371933  0.434589  0.201253  0.374086  0.298223  0.337586  0.234545  0.250681  0.230985  0.423028  0.197454  0.338302  0.422374  0.269957  0.196189  0.252342  0.311825  0.000000  0.233490  0.194492  0.507960  0.199524  0.138210  0.338159  0.240431  0.175348  0.270316 0.0  0.356491  0.390507  0.554269  0.451458 
56  0.416359  0.809458  0.369865  0.337078  0.168624  0.755161  0.583905  0.691758  0.328969  0.001444  0.766177  0.418707  0.370939  0.353389  0.425094  0.498017  0.354377  0.565639  0.253737  0.453757  0.501099  0.285842  0.354281  0.708891  0.453296  0.461084  0.285414  0.346296  0.440002  0.708967  0.377083  0.364412  0.418079  0.293305  0.297566  0.414857  0.440108  0.176564  0.381958  0.429471  0.386959  0.459886  0.367848  0.340740  0.404451  0.483382  0.282253  0.356138  0.282532  0.325271  0.392219  0.592165  0.328165  0.297255  0.407107  0.356491 0.0  0.505071  0.322804  0.459222 
57  0.611648  0.479095  0.444615  0.561542  0.571727  0.575505  0.358445  0.547849  0.622565  0.623592  0.648618  0.687907  0.477790  0.511682  0.571426  0.463245  0.495568  0.538210  0.281802  0.459382  0.512435  0.525629  0.600170  0.606989  0.529899  0.557817  0.470763  0.202517  0.614493  0.547413  0.572126  0.602449  0.471322  0.604889  0.515793  0.491589  0.528955  0.642965  0.437655  0.515468  0.450595  0.468612  0.489033  0.487745  0.273117  0.575237  0.474978  0.519701  0.565810  0.609286  0.595609  0.554871  0.566626  0.454735  0.546825  0.390507  0.505071 0.0  0.598350  0.465612 
58  0.491419  0.542592  0.163457  0.467261  0.324079  0.844532  0.366156  0.506504  0.399700  0.403920  0.581967  0.123188  0.110228  0.532743  0.158308  0.449484  0.327970  0.306536  0.333865  0.141041  0.082172  0.443122  0.470832  0.852229  0.374432  0.259947  0.401166  0.325883  0.164199  0.843016  0.408859  0.045125  0.149080  0.384756  0.390003  0.144443  0.345275  0.330058  0.457092  0.142403  0.101789  0.126215  0.499939  0.377453  0.346941  0.414484  0.272052  0.397507  0.088204  0.363349  0.351627  0.178055  0.396832  0.442389  0.114835  0.554269  0.322804  0.598350 0.0  0.085874 
59  0.362174  0.552252  0.000000  0.251287  0.552574  0.757783  0.301018  0.368174  0.362362  0.291558  0.555935  0.035738  0.097786  0.319672  0.000000  0.562027  0.394540  0.272947  0.296224  0.282018  0.310131  0.396095  0.371211  0.792957  0.260379  0.402823  0.369261  0.347514  0.233672  0.783304  0.323963  0.110793  0.204222  0.431510  0.398140  0.178203  0.345300  0.422431  0.241946  0.094502  0.031201  0.234562  0.279531  0.375983  0.214070  0.565368  0.174572  0.415345  0.102301  0.383607  0.389225  0.245760  0.353001  0.288907  0.196383  0.451458  0.459222  0.465612  0.085874 0.0 
