60
0 0.0  0.779531  0.335692  0.170623  0.387885  0.557210  0.647737  0.747314  0.201771  0.323688  0.775295  0.463024  0.448058  0.163763  0.431300  0.474180  0.039092  0.610565  0.439262  0.401761  0.417840  0.179699  0.220070  0.499939  0.115934  0.203384  0.157767  0.428529  0.392664  0.529985  0.111655  0.412621  0.402498  0.249104  0.188357  0.330647  0.048665  0.425751  0.095284  0.395801  0.486899  0.329680  0.114737  0.081040  0.388308  0.136827  0.283915  0.094167  0.458437  0.046549  0.100140  0.517292  0.111406  0.190192  0.391811  0.050579  0.449232  0.619119  0.325853  0.371111 
1  0.779531 0.0  0.607298  1.000000  0.793645  0.790586  0.373639  0.102278  0.849483  0.811266  0.500341  0.559349  0.470388  0.893057  0.658560  0.461278  0.923591  0.281586  0.813722  0.544102  0.489477  0.772243  0.830480  0.475494  0.756269  0.853639  0.858379  0.700721  0.470435  0.553698  0.870876  0.492807  0.589506  0.803958  0.688215  0.576740  0.783407  0.825910  0.832835  0.572166  0.523922  0.548564  0.887464  0.716933  0.886603  0.795411  0.664639  0.883492  0.534956  0.784812  0.788606  0.687869  0.822090  0.676535  0.529799  0.735963  0.747856  0.526815  0.523892  0.621027 
2  0.335692  0.607298 0.0  0.509555  0.424931  0.993767  0.343520  0.625019  0.406254  0.351683  0.572008  0.008935  0.184649  0.453551  0.218952  0.497888  0.301601  0.273783  0.349469  0.080075  0.095847  0.228204  0.385021  0.924340  0.414117  0.431267  0.494533  0.451571  0.033638  0.738634  0.509798  0.134407  0.080316  0.215119  0.552256  0.145018  0.423971  0.334640  0.445535  0.047138  0.123499  0.076140  0.412602  0.472578  0.404408  0.330120  0.279212  0.393988  0.161436  0.491969  0.527105  0.023619  0.472712  0.475381  0.033909  0.454814  0.229387  0.433117  0.145757  0.000000 
3  0.170623  1.000000  0.509555 0.0  0.223088  0.545398  0.736654  0.886675  0.046363  0.279986  0.884772  0.418863  0.547026  0.216054  0.365205  0.515583  0.049934  0.704071  0.353864  0.400427  0.383148  0.102888  0.110562  0.642083  0.142672  0.199054  0.190506  0.424625  0.258686  0.519777  0.167662  0.469882  0.373319  0.307371  0.119564  0.259282  0.247474  0.374428  0.146825  0.496887  0.388129  0.326063  0.198272  0.221436  0.332152  0.134528  0.222384  0.232844  0.450767  0.139972  0.052116  0.340230  0.151344  0.232280  0.367469  0.239420  0.384503  0.572914  0.484697  0.386525 
4  0.387885  0.793645  0.424931  0.223088 0.0  0.758509  0.590571  0.791882  0.376018  0.237326  0.708222  0.415744  0.296811  0.316481  0.245385  0.510788  0.353988  0.468868  0.345484  0.555035  0.531368  0.327980  0.292257  0.662313  0.373329  0.338984  0.361273  0.290480  0.555555  0.719194  0.264537  0.270750  0.479024  0.168767  0.345260  0.391366  0.398488  0.216843  0.402863  0.443119  0.267416  0.427752  0.279512  0.267593  0.477359  0.387533  0.329647  0.330493  0.452799  0.468403  0.266326  0.434244  0.377469  0.435133  0.469232  0.426135  0.267486  0.583283  0.484511  0.490685 
5  0.557210  0.790586  0.993767  0.545398  0.758509 0.0  0.716335  0.815612  0.364491  0.761300  0.423851  0.775776  0.951665  0.653476  0.797735  0.470803  0.522478  0.554374  0.625145  0.684363  0.784338  0.510092  0.488928  0.502427  0.587405  0.717091  0.632197  0.910613  0.807778  0.506704  0.529730  0.981146  0.657070  0.731555  0.602968  0.621810  0.760444  0.802999  0.700341  0.726758  0.826310  0.722191  0.600314  0.570133  0.783042  0.405893  0.645984  0.626252  0.835138  0.512290  0.546458  0.705154  0.505734  0.636644  0.729880  0.558501  0.814572  0.569609  0.835806  0.668555 
6  0.647737  0.373639  0.343520  0.736654  0.590571  0.716335 0.0  0.459752  0.513579  0.448488  0.363038  0.330061  0.353738  0.664330  0.398927  0.420526  0.597699  0.384193  0.492820  0.270819  0.334459  0.505972  0.558745  0.607646  0.533155  0.713133  0.555660  0.671996  0.315837  0.487676  0.572779  0.516780  0.282197  0.451816  0.691229  0.369470  0.727998  0.505887  0.649064  0.312257  0.402768  0.207044  0.689635  0.727715  0.490278  0.508207  0.487586  0.752448  0.433316  0.542400  0.689149  0.148475  0.696017  0.684243  0.273109  0.713845  0.492059  0.568955  0.444634  0.206328 
7  0.747314  0.102278  0.625019  0.886675  0.791882  0.815612  0.459752 0.0  0.781626  0.693538  0.543428  0.606370  0.640072  0.803055  0.667966  0.523311  0.810762  0.419164  0.696814  0.466265  0.538629  0.708887  0.732550  0.348560  0.838439  0.845308  0.793158  0.839024  0.547718  0.350381  0.919413  0.659679  0.357647  0.690882  0.795578  0.418279  0.800774  0.705091  0.920507  0.393465  0.523837  0.465296  0.769893  0.795644  0.742251  0.748921  0.719825  0.886964  0.524742  0.751828  0.837781  0.514920  0.959429  0.910098  0.488870  0.773085  0.731774  0.548779  0.477009  0.464325 
8  0.201771  0.849483  0.406254  0.046363  0.376018  0.364491  0.513579  0.781626 0.0  0.328971  0.810284  0.433697  0.416326  0.205139  0.327393  0.520978  0.117597  0.535174  0.335600  0.342229  0.342320  0.129596  0.290222  0.569729  0.107790  0.155267  0.041371  0.400502  0.441893  0.591706  0.166178  0.303477  0.351225  0.269664  0.000000  0.351965  0.010365  0.376887  0.071982  0.379800  0.361664  0.300855  0.075240  0.080558  0.399294  0.085491  0.186486  0.086771  0.362426  0.066142  0.184452  0.358927  0.115851  0.025310  0.377479  0.079970  0.405770  0.470771  0.334357  0.347583 
9  0.323688  0.811266  0.351683  0.279986  0.237326  0.761300  0.448488  0.693538  0.328971 0.0  0.768283  0.409630  0.375943  0.181518  0.315555  0.503623  0.349658  0.515639  0.321643  0.401135  0.360250  0.291011  0.433110  0.766985  0.423033  0.338454  0.375656  0.323400  0.384327  0.730098  0.374866  0.259484  0.398779  0.062846  0.362986  0.310123  0.303571  0.000000  0.354309  0.497298  0.324814  0.386156  0.270081  0.266524  0.270523  0.284775  0.323891  0.312265  0.299697  0.303206  0.370952  0.348590  0.285765  0.335492  0.234740  0.280342  0.055290  0.648152  0.421611  0.348771 
10  0.775295  0.500341  0.572008  0.884772  0.708222  0.423851  0.363038  0.543428  0.810284  0.768283 0.0  0.610107  0.578938  0.874674  0.506325  0.462087  0.771485  0.348393  0.845482  0.571567  0.506370  0.893240  0.838333  0.762682  0.795461  0.778399  0.810170  0.738398  0.536686  0.836764  0.767063  0.567963  0.490684  0.740302  0.753887  0.586623  0.803730  0.715276  0.770612  0.558470  0.570414  0.447519  0.805280  0.767741  0.882829  0.853305  0.701002  0.810037  0.482882  0.780653  0.768394  0.478196  0.837247  0.783637  0.427711  0.838773  0.898803  0.512005  0.474677  0.598325 
11  0.463024  0.559349  0.008935  0.418863  0.415744  0.775776  0.330061  0.606370  0.433697  0.409630  0.610107 0.0  0.139132  0.414409  0.190986  0.317171  0.420434  0.252077  0.411760  0.146129  0.039243  0.434763  0.388279  0.902776  0.424042  0.380098  0.362109  0.482289  0.169108  0.851244  0.446521  0.135070  0.098296  0.436153  0.406136  0.073043  0.407106  0.455066  0.416356  0.204676  0.133842  0.072377  0.398349  0.300822  0.502098  0.364490  0.208676  0.457631  0.114858  0.351983  0.328481  0.019717  0.377419  0.363752  0.153891  0.418704  0.392978  0.603817  0.106001  0.123172 
12  0.448058  0.470388  0.184649  0.547026  0.296811  0.951665  0.353738  0.640072  0.416326  0.375943  0.578938  0.139132 0.0  0.406216  0.241802  0.467906  0.253694  0.379326  0.285983  0.000000  0.089635  0.354125  0.199229  0.905252  0.451599  0.426130  0.474177  0.375674  0.085112  0.737377  0.516762  0.121952  0.058975  0.319729  0.270163  0.167905  0.482712  0.275636  0.581310  0.000000  0.083876  0.045508  0.575498  0.556137  0.288771  0.356702  0.391817  0.656037  0.169475  0.348331  0.446033  0.000000  0.427118  0.502020  0.000000  0.398622  0.345219  0.492315  0.160209  0.113142 
13  0.163763  0.893057  0.453551  0.216054  0.316481  0.653476  0.664330  0.803055  0.205139  0.181518  0.874674  0.414409  0.406216 0.0  0.396619  0.420113  0.197328  0.737654  0.409818  0.344305  0.397373  0.066394  0.065888  0.580382  0.305354  0.109738  0.209863  0.436898  0.349893  0.496075  0.105757  0.514158  0.347956  0.230071  0.257201  0.296371  0.161383  0.275221  0.140800  0.395073  0.477477  0.407053  0.250029  0.247323  0.374818  0.166917  0.183413  0.227549  0.409983  0.104207  0.220881  0.277710  0.201604  0.187571  0.325223  0.071253  0.303111  0.497396  0.404673  0.294775 
14  0.431300  0.658560  0.218952  0.365205  0.245385  0.797735  0.398927  0.667966  0.327393  0.315555  0.506325  0.190986  0.241802  0.396619 0.0  0.441145  0.432333  0.316719  0.383259  0.072655  0.130078  0.394224  0.299506  0.853611  0.561725  0.413361  0.549896  0.457040  0.062627  0.668427  0.432762  0.159764  0.035460  0.332525  0.503439  0.093219  0.499535  0.322335  0.474828  0.140434  0.137273  0.094817  0.408706  0.514286  0.348013  0.315212  0.301833  0.550265  0.276083  0.447304  0.495943  0.000000  0.511089  0.565240  0.005336  0.416103  0.215712  0.564568  0.091824  0.072968 
15  0.474180  0.461278  0.497888  0.515583  0.510788  0.470803  0.420526  0.523311  0.520978  0.503623  0.462087  0.317171  0.467906  0.420113  0.441145 0.0  0.532070  0.468784  0.471375  0.552544  0.461358  0.481456  0.406078  0.448346  0.474342  0.492582  0.484097  0.525126  0.538281  0.404274  0.467393  0.453476  0.530748  0.478168  0.477732  0.367812  0.556103  0.453870  0.550918  0.484375  0.373172  0.513742  0.491359  0.572793  0.532763  0.402681  0.557981  0.509927  0.502979  0.385613  0.424000  0.494039  0.518566  0.403170  0.445807  0.423724  0.403378  0.359106  0.484755  0.457255 
16  0.039092  0.923591  0.301601  0.049934  0.353988  0.522478  0.597699  0.810762  0.117597  0.349658  0.771485  0.420434  0.253694  0.197328  0.432333  0.532070 0.0  0.662172  0.493077  0.357737  0.336519  0.000000  0.108883  0.570936  0.145037  0.139676  0.000000  0.312309  0.286671  0.482513  0.030381  0.269632  0.370439  0.383536  0.010309  0.288324  0.116415  0.317248  0.085931  0.310769  0.247761  0.248469  0.120748  0.139582  0.232799  0.055739  0.304333  0.133991  0.370027  0.153713  0.030426  0.371930  0.050382  0.074023  0.378066  0.031213  0.386061  0.507273  0.323429  0.331864 
17  0.610565  0.281586  0.273783  0.704071  0.468868  0.554374  0.384193  0.419164  0.535174  0.515639  0.348393  0.252077  0.379326  0.737654  0.316719  0.468784  0.662172 0.0  0.399727  0.350157  0.356682  0.582201  0.472912  0.674656  0.570056  0.765910  0.671049  0.798693  0.259232  0.609232  0.610255  0.456512  0.166508  0.555595  0.684295  0.261475  0.632621  0.518971  0.712890  0.337097  0.387339  0.296915  0.685608  0.661788  0.545883  0.650731  0.370430  0.753079  0.384968  0.671473  0.649086  0.280781  0.683611  0.671317  0.270861  0.660494  0.549355  0.518676  0.346241  0.208414 
18  0.439262  0.813722  0.349469  0.353864  0.345484  0.625145  0.492820  0.696814  0.335600  0.321643  0.845482  0.411760  0.285983  0.409818  0.383259  0.471375  0.493077  0.399727 0.0  0.393391  0.343039  0.349837  0.310302  0.786481  0.262721  0.274968  0.321316  0.146255  0.309836  0.751148  0.292331  0.395717  0.341146  0.298656  0.460807  0.324734  0.428049  0.280636  0.285075  0.272106  0.321437  0.325224  0.227956  0.371833  0.080732  0.292234  0.194812  0.276085  0.395202  0.428303  0.318338  0.351770  0.325811  0.315939  0.293924  0.354751  0.286141  0.296730  0.458848  0.321376 
19  0.401761  0.544102  0.080075  0.400427  0.555035  0.684363  0.270819  0.466265  0.342229  0.401135  0.571567  0.146129  0.000000  0.344305  0.072655  0.552544  0.357737  0.350157  0.393391 0.0  0.305414  0.281646  0.181653  0.838512  0.401500  0.261568  0.233067  0.381588  0.198993  0.671995  0.413088  0.079351  0.169985  0.479390  0.329513  0.161633  0.275815  0.393404  0.257693  0.182343  0.010463  0.253241  0.247061  0.349965  0.354266  0.505594  0.172855  0.312808  0.141009  0.363672  0.336936  0.174308  0.348277  0.384090  0.132764  0.317774  0.379309  0.430764  0.075845  0.055555 
20  0.417840  0.489477  0.095847  0.383148  0.531368  0.784338  0.334459  0.538629  0.342320  0.360250  0.506370  0.039243  0.089635  0.397373  0.130078  0.461358  0.336519  0.356682  0.343039  0.305414 0.0  0.330258  0.252764  0.711473  0.329778  0.288863  0.375808  0.426842  0.252781  0.751542  0.333567  0.067556  0.137546  0.406237  0.311789  0.194861  0.323028  0.505272  0.391438  0.197767  0.000000  0.192066  0.226140  0.350622  0.331106  0.491014  0.243448  0.298698  0.038298  0.444493  0.374585  0.198599  0.297784  0.357907  0.306953  0.303529  0.453687  0.501490  0.053366  0.093153 
21  0.179699  0.772243  0.228204  0.102888  0.327980  0.510092  0.505972  0.708887  0.129596  0.291011  0.893240  0.434763  0.354125  0.066394  0.394224  0.481456  0.000000  0.582201  0.349837  0.281646  0.330258 0.0  0.237001  0.464927  0.000000  0.081058  0.114040  0.408744  0.347758  0.613626  0.105520  0.323593  0.365136  0.270146  0.025409  0.314549  0.177353  0.294488  0.000000  0.280052  0.427833  0.338149  0.108915  0.117385  0.472540  0.123691  0.339787  0.181617  0.486851  0.183782  0.104575  0.361289  0.083203  0.054392  0.308862  0.148017  0.315717  0.423362  0.483716  0.384525 
22  0.220070  0.830480  0.385021  0.110562  0.292257  0.488928  0.558745  0.732550  0.290222  0.433110  0.838333  0.388279  0.199229  0.065888  0.299506  0.406078  0.108883  0.472912  0.310302  0.181653  0.252764  0.237001 0.0  0.478773  0.031972  0.062295  0.032516  0.367380  0.255281  0.631431  0.054663  0.318135  0.345445  0.476232  0.003454  0.363257  0.000000  0.362716  0.031168  0.371539  0.257747  0.387976  0.045109  0.057845  0.451987  0.042902  0.270497  0.097133  0.282204  0.254579  0.070866  0.352436  0.000000  0.061986  0.212198  0.192101  0.312489  0.550742  0.453714  0.359890 
23  0.499939  0.475494  0.924340  0.642083  0.662313  0.502427  0.607646  0.348560  0.569729  0.766985  0.762682  0.902776  0.905252  0.580382  0.853611  0.448346  0.570936  0.674656  0.786481  0.838512  0.711473  0.464927  0.478773 0.0  0.604769  0.673371  0.674860  0.841482  0.612918  0.146433  0.590908  0.867925  0.744031  0.670623  0.606423  0.811033  0.616377  0.688879  0.572242  0.726494  0.944845  0.730714  0.560939  0.582909  0.817923  0.411518  0.718909  0.644129  0.897412  0.578633  0.597885  0.710902  0.546855  0.628827  0.627430  0.507134  0.722709  0.454488  0.826299  0.781304 
24  0.115934  0.756269  0.414117  0.142672  0.373329  0.587405  0.533155  0.838439  0.107790  0.423033  0.795461  0.424042  0.451599  0.305354  0.561725  0.474342  0.145037  0.570056  0.262721  0.401500  0.329778  0.000000  0.031972  0.604769 0.0  0.283611  0.286172  0.441913  0.410998  0.471534  0.126176  0.513732  0.397176  0.332276  0.153597  0.353499  0.256079  0.286220  0.283775  0.365028  0.465579  0.368371  0.165540  0.183932  0.341415  0.102737  0.273000  0.310909  0.540711  0.000000  0.231705  0.287326  0.235271  0.229832  0.350409  0.209976  0.293464  0.448379  0.322610  0.301099 
25  0.203384  0.853639  0.431267  0.199054  0.338984  0.717091  0.713133  0.845308  0.155267  0.338454  0.778399  0.380098  0.426130  0.109738  0.413361  0.492582  0.139676  0.765910  0.274968  0.261568  0.288863  0.081058  0.062295  0.673371  0.283611 0.0  0.293899  0.498761  0.387325  0.491223  0.267071  0.468380  0.309734  0.387180  0.198121  0.428871  0.289729  0.271504  0.207447  0.407594  0.524837  0.400296  0.094091  0.106057  0.308122  0.012130  0.303090  0.220575  0.421282  0.137638  0.133885  0.207471  0.230720  0.209911  0.358774  0.187343  0.326808  0.501737  0.396643  0.358886 
26  0.157767  0.858379  0.494533  0.190506  0.361273  0.632197  0.555660  0.793158  0.041371  0.375656  0.810170  0.362109  0.474177  0.209863  0.549896  0.484097  0.000000  0.671049  0.321316  0.233067  0.375808  0.114040  0.032516  0.674860  0.286172  0.293899 0.0  0.466501  0.305820  0.643558  0.230919  0.528116  0.328255  0.394976  0.206000  0.277465  0.150737  0.389446  0.218447  0.418511  0.492912  0.362670  0.189764  0.195882  0.339846  0.071081  0.344155  0.220865  0.348763  0.284228  0.120789  0.319661  0.269273  0.285793  0.267839  0.218634  0.282467  0.435153  0.394785  0.367531 
27  0.428529  0.700721  0.451571  0.424625  0.290480  0.910613  0.671996  0.839024  0.400502  0.323400  0.738398  0.482289  0.375674  0.436898  0.457040  0.525126  0.312309  0.798693  0.146255  0.381588  0.426842  0.408744  0.367380  0.841482  0.441913  0.498761  0.466501 0.0  0.399539  0.719320  0.534681  0.455641  0.321217  0.288524  0.505314  0.310115  0.490179  0.408340  0.450460  0.340020  0.439967  0.311351  0.513823  0.460954  0.153542  0.415866  0.230456  0.344780  0.382787  0.376756  0.372221  0.445820  0.417409  0.386678  0.425243  0.493969  0.447539  0.371251  0.395102  0.327312 
28  0.392664  0.470435  0.033638  0.258686  0.555555  0.807778  0.315837  0.547718  0.441893  0.384327  0.536686  0.169108  0.085112  0.349893  0.062627  0.538281  0.286671  0.259232  0.309836  0.198993  0.252781  0.347758  0.255281  0.612918  0.410998  0.387325  0.305820  0.399539 0.0  0.808833  0.338831  0.125354  0.251839  0.442940  0.369781  0.322362  0.343970  0.479987  0.202488  0.234319  0.019064  0.174486  0.278205  0.321707  0.466728  0.348705  0.284453  0.288203  0.131573  0.408463  0.287512  0.176627  0.318548  0.390713  0.224584  0.329489  0.541667  0.568894  0.155571  0.188046 
29  0.529985  0.553698  0.738634  0.519777  0.719194  0.506704  0.487676  0.350381  0.591706  0.730098  0.836764  0.851244  0.737377  0.496075  0.668427  0.404274  0.482513  0.609232  0.751148  0.671995  0.751542  0.613626  0.631431  0.146433  0.471534  0.491223  0.643558  0.719320  0.808833 0.0  0.421943  0.745892  0.807073  0.801551  0.414472  0.631214  0.578347  0.746770  0.363411  0.724658  0.814211  0.680219  0.500834  0.570388  0.858679  0.402897  0.605799  0.557896  0.761868  0.431415  0.474544  0.826465  0.555355  0.471619  0.839692  0.461271  0.783884  0.527542  0.884141  0.733019 
30  0.111655  0.870876  0.509798  0.167662  0.264537  0.529730  0.572779  0.919413  0.166178  0.374866  0.767063  0.446521  0.516762  0.105757  0.432762  0.467393  0.030381  0.610255  0.292331  0.413088  0.333567  0.105520  0.054663  0.590908  0.126176  0.267071  0.230919  0.534681  0.338831  0.421943 0.0  0.463027  0.306776  0.326978  0.175255  0.425528  0.269082  0.368356  0.203102  0.242099  0.548485  0.339832  0.202495  0.200035  0.307258  0.000000  0.275365  0.191575  0.400134  0.159244  0.205283  0.233324  0.292206  0.227542  0.469556  0.201834  0.378553  0.506305  0.434369  0.346670 
31  0.412621  0.492807  0.134407  0.469882  0.270750  0.981146  0.516780  0.659679  0.303477  0.259484  0.567963  0.135070  0.121952  0.514158  0.159764  0.453476  0.269632  0.456512  0.395717  0.079351  0.067556  0.323593  0.318135  0.867925  0.513732  0.468380  0.528116  0.455641  0.125354  0.745892  0.463027 0.0  0.031604  0.320073  0.447658  0.000000  0.417108  0.347901  0.554904  0.087119  0.197526  0.132678  0.487809  0.488832  0.434850  0.301834  0.256262  0.505633  0.152243  0.332693  0.472189  0.069858  0.548355  0.354042  0.089951  0.474584  0.364599  0.520797  0.025093  0.125716 
32  0.402498  0.589506  0.080316  0.373319  0.479024  0.657070  0.282197  0.357647  0.351225  0.398779  0.490684  0.098296  0.058975  0.347956  0.035460  0.530748  0.370439  0.166508  0.341146  0.169985  0.137546  0.365136  0.345445  0.744031  0.397176  0.309734  0.328255  0.321217  0.251839  0.807073  0.306776  0.031604 0.0  0.539671  0.284057  0.099136  0.175079  0.517733  0.262118  0.086709  0.082162  0.318493  0.292726  0.284730  0.304869  0.459095  0.391252  0.333232  0.197613  0.332565  0.296683  0.254381  0.472245  0.321940  0.153522  0.219443  0.383057  0.474979  0.157989  0.266349 
33  0.249104  0.803958  0.215119  0.307371  0.168767  0.731555  0.451816  0.690882  0.269664  0.062846  0.740302  0.436153  0.319729  0.230071  0.332525  0.478168  0.383536  0.555595  0.298656  0.479390  0.406237  0.270146  0.476232  0.670623  0.332276  0.387180  0.394976  0.288524  0.442940  0.801551  0.326978  0.320073  0.539671 0.0  0.334958  0.414722  0.273078  0.217550  0.337169  0.485974  0.345195  0.383527  0.390336  0.346008  0.319111  0.478528  0.167123  0.436977  0.401479  0.457207  0.280498  0.518460  0.272287  0.336377  0.464111  0.292134  0.135752  0.559519  0.334665  0.475013 
34  0.188357  0.688215  0.552256  0.119564  0.345260  0.602968  0.691229  0.795578  0.000000  0.362986  0.753887  0.406136  0.270163  0.257201  0.503439  0.477732  0.010309  0.684295  0.460807  0.329513  0.311789  0.025409  0.003454  0.606423  0.153597  0.198121  0.206000  0.505314  0.369781  0.414472  0.175255  0.447658  0.284057  0.334958 0.0  0.330332  0.207662  0.421984  0.187336  0.374090  0.481886  0.470029  0.118089  0.052961  0.344424  0.000000  0.304219  0.255898  0.521731  0.133135  0.155459  0.321396  0.202554  0.148679  0.268356  0.216701  0.356127  0.579072  0.444527  0.456930 
35  0.330647  0.576740  0.145018  0.259282  0.391366  0.621810  0.369470  0.418279  0.351965  0.310123  0.586623  0.073043  0.167905  0.296371  0.093219  0.367812  0.288324  0.261475  0.324734  0.161633  0.194861  0.314549  0.363257  0.811033  0.353499  0.428871  0.277465  0.310115  0.322362  0.631214  0.425528  0.000000  0.099136  0.414722  0.330332 0.0  0.436211  0.416851  0.333236  0.327196  0.131494  0.102270  0.313939  0.367093  0.273148  0.509378  0.211982  0.398224  0.000000  0.275821  0.330294  0.128720  0.278169  0.475338  0.233686  0.369094  0.513180  0.607666  0.179219  0.206222 
36  0.048665  0.783407  0.423971  0.247474  0.398488  0.760444  0.727998  0.800774  0.010365  0.303571  0.803730  0.407106  0.482712  0.161383  0.499535  0.556103  0.116415  0.632621  0.428049  0.275815  0.323028  0.177353  0.000000  0.616377  0.256079  0.289729  0.150737  0.490179  0.343970  0.578347  0.269082  0.417108  0.175079  0.273078  0.207662  0.436211 0.0  0.384728  0.147995  0.287981  0.424760  0.398649  0.286739  0.352953  0.295954  0.093417  0.295539  0.259130  0.470637  0.111603  0.091802  0.283346  0.220750  0.239625  0.307000  0.237512  0.356035  0.653496  0.374197  0.207419 
37  0.425751  0.825910  0.334640  0.374428  0.216843  0.802999  0.505887  0.705091  0.376887  0.000000  0.715276  0.455066  0.275636  0.275221  0.322335  0.453870  0.317248  0.518971  0.280636  0.393404  0.505272  0.294488  0.362716  0.688879  0.286220  0.271504  0.389446  0.408340  0.479987  0.746770  0.368356  0.347901  0.517733  0.217550  0.421984  0.416851  0.384728 0.0  0.366122  0.489034  0.443566  0.377736  0.333242  0.350813  0.365566  0.432638  0.434282  0.228326  0.336617  0.430728  0.381147  0.509225  0.351009  0.335139  0.523287  0.450630  0.235606  0.568642  0.363390  0.580244 
38  0.095284  0.832835  0.445535  0.146825  0.402863  0.700341  0.649064  0.920507  0.071982  0.354309  0.770612  0.416356  0.581310  0.140800  0.474828  0.550918  0.085931  0.712890  0.285075  0.257693  0.391438  0.000000  0.031168  0.572242  0.283775  0.207447  0.218447  0.450460  0.202488  0.363411  0.203102  0.554904  0.262118  0.337169  0.187336  0.333236  0.147995  0.366122 0.0  0.443026  0.378083  0.371786  0.233366  0.109678  0.370600  0.080226  0.186306  0.183375  0.447702  0.239315  0.203521  0.446002  0.259934  0.226071  0.303239  0.299646  0.366610  0.587097  0.387205  0.280506 
39  0.395801  0.572166  0.047138  0.496887  0.443119  0.726758  0.312257  0.393465  0.379800  0.497298  0.558470  0.204676  0.000000  0.395073  0.140434  0.484375  0.310769  0.337097  0.272106  0.182343  0.197767  0.280052  0.371539  0.726494  0.365028  0.407594  0.418511  0.340020  0.234319  0.724658  0.242099  0.087119  0.086709  0.485974  0.374090  0.327196  0.287981  0.489034  0.443026 0.0  0.088755  0.187290  0.324950  0.401290  0.411163  0.568097  0.342809  0.342834  0.127511  0.469460  0.419601  0.342640  0.326000  0.336264  0.151909  0.374267  0.405538  0.613789  0.197837  0.180259 
40  0.486899  0.523922  0.123499  0.388129  0.267416  0.826310  0.402768  0.523837  0.361664  0.324814  0.570414  0.133842  0.083876  0.477477  0.137273  0.373172  0.247761  0.387339  0.321437  0.010463  0.000000  0.427833  0.257747  0.944845  0.465579  0.524837  0.492912  0.439967  0.019064  0.814211  0.548485  0.197526  0.082162  0.345195  0.481886  0.131494  0.424760  0.443566  0.378083  0.088755 0.0  0.054881  0.474768  0.479416  0.391055  0.377125  0.320440  0.441181  0.213452  0.368032  0.489568  0.124829  0.462877  0.452754  0.017848  0.467475  0.409342  0.539250  0.083896  0.081585 
41  0.329680  0.548564  0.076140  0.326063  0.427752  0.722191  0.207044  0.465296  0.300855  0.386156  0.447519  0.072377  0.045508  0.407053  0.094817  0.513742  0.248469  0.296915  0.325224  0.253241  0.192066  0.338149  0.387976  0.730714  0.368371  0.400296  0.362670  0.311351  0.174486  0.680219  0.339832  0.132678  0.318493  0.383527  0.470029  0.102270  0.398649  0.377736  0.371786  0.187290  0.054881 0.0  0.326504  0.248038  0.378439  0.395593  0.242223  0.341485  0.006334  0.420881  0.308600  0.280829  0.330008  0.347296  0.194964  0.254008  0.368718  0.580793  0.171906  0.237393 
42  0.114737  0.887464  0.412602  0.198272  0.279512  0.600314  0.689635  0.769893  0.075240  0.270081  0.805280  0.398349  0.575498  0.250029  0.408706  0.491359  0.120748  0.685608  0.227956  0.247061  0.226140  0.108915  0.045109  0.560939  0.165540  0.094091  0.189764  0.513823  0.278205  0.500834  0.202495  0.487809  0.292726  0.390336  0.118089  0.313939  0.286739  0.333242  0.233366  0.324950  0.474768  0.326504 0.0  0.166593  0.266654  0.103181  0.258571  0.154918  0.408186  0.196458  0.204015  0.279697  0.199412  0.189445  0.359258  0.224869  0.347282  0.624414  0.401672  0.230989 
43  0.081040  0.716933  0.472578  0.221436  0.267593  0.570133  0.727715  0.795644  0.080558  0.266524  0.767741  0.300822  0.556137  0.247323  0.514286  0.572793  0.139582  0.661788  0.371833  0.349965  0.350622  0.117385  0.057845  0.582909  0.183932  0.106057  0.195882  0.460954  0.321707  0.570388  0.200035  0.488832  0.284730  0.346008  0.052961  0.367093  0.352953  0.350813  0.109678  0.401290  0.479416  0.248038  0.166593 0.0  0.347111  0.087720  0.175870  0.229355  0.471859  0.226053  0.344690  0.368212  0.121525  0.296654  0.302692  0.161214  0.366267  0.555348  0.403492  0.344557 
44  0.388308  0.886603  0.404408  0.332152  0.477359  0.783042  0.490278  0.742251  0.399294  0.270523  0.882829  0.502098  0.288771  0.374818  0.348013  0.532763  0.232799  0.545883  0.080732  0.354266  0.331106  0.472540  0.451987  0.817923  0.341415  0.308122  0.339846  0.153542  0.466728  0.858679  0.307258  0.434850  0.304869  0.319111  0.344424  0.273148  0.295954  0.365566  0.370600  0.411163  0.391055  0.378439  0.266654  0.347111 0.0  0.383662  0.193827  0.380512  0.349438  0.431151  0.298985  0.208891  0.299312  0.386283  0.265859  0.306946  0.325363  0.308485  0.362694  0.246448 
45  0.136827  0.795411  0.330120  0.134528  0.387533  0.405893  0.508207  0.748921  0.085491  0.284775  0.853305  0.364490  0.356702  0.166917  0.315212  0.402681  0.055739  0.650731  0.292234  0.505594  0.491014  0.123691  0.042902  0.411518  0.102737  0.012130  0.071081  0.415866  0.348705  0.402897  0.000000  0.301834  0.459095  0.478528  0.000000  0.509378  0.093417  0.432638  0.080226  0.568097  0.377125  0.395593  0.103181  0.087720  0.383662 0.0  0.358060  0.184884  0.266175  0.030213  0.064747  0.513569  0.053010  0.024992  0.392245  0.078757  0.419666  0.668130  0.441956  0.507925 
46  0.283915  0.664639  0.279212  0.222384  0.329647  0.645984  0.487586  0.719825  0.186486  0.323891  0.701002  0.208676  0.391817  0.183413  0.301833  0.557981  0.304333  0.370430  0.194812  0.172855  0.243448  0.339787  0.270497  0.718909  0.273000  0.303090  0.344155  0.230456  0.284453  0.605799  0.275365  0.256262  0.391252  0.167123  0.304219  0.211982  0.295539  0.434282  0.186306  0.342809  0.320440  0.242223  0.258571  0.175870  0.193827  0.358060 0.0  0.265579  0.250852  0.356586  0.286141  0.120422  0.353547  0.289806  0.334430  0.321906  0.237923  0.588992  0.249367  0.354378 
47  0.094167  0.883492  0.393988  0.232844  0.330493  0.626252  0.752448  0.886964  0.086771  0.312265  0.810037  0.457631  0.656037  0.227549  0.550265  0.509927  0.133991  0.753079  0.276085  0.312808  0.298698  0.181617  0.097133  0.644129  0.310909  0.220575  0.220865  0.344780  0.288203  0.557896  0.191575  0.505633  0.333232  0.436977  0.255898  0.398224  0.259130  0.228326  0.183375  0.342834  0.441181  0.341485  0.154918  0.229355  0.380512  0.184884  0.265579 0.0  0.444529  0.151466  0.264110  0.289763  0.182325  0.131635  0.420257  0.229466  0.255085  0.520607  0.421060  0.411476 
48  0.458437  0.534956  0.161436  0.450767  0.452799  0.835138  0.433316  0.524742  0.362426  0.299697  0.482882  0.114858  0.169475  0.409983  0.276083  0.502979  0.370027  0.384968  0.395202  0.141009  0.038298  0.486851  0.282204  0.897412  0.540711  0.421282  0.348763  0.382787  0.131573  0.761868  0.400134  0.152243  0.197613  0.401479  0.521731  0.000000  0.470637  0.336617  0.447702  0.127511  0.213452  0.006334  0.408186  0.471859  0.349438  0.266175  0.250852  0.444529 0.0  0.478063  0.578458  0.037797  0.441451  0.507622  0.052265  0.458651  0.263355  0.532425  0.051413  0.119303 
49  0.046549  0.784812  0.491969  0.139972  0.468403  0.512290  0.542400  0.751828  0.066142  0.303206  0.780653  0.351983  0.348331  0.104207  0.447304  0.385613  0.153713  0.671473  0.428303  0.363672  0.444493  0.183782  0.254579  0.578633  0.000000  0.137638  0.284228  0.376756  0.408463  0.431415  0.159244  0.332693  0.332565  0.457207  0.133135  0.275821  0.111603  0.430728  0.239315  0.469460  0.368032  0.420881  0.196458  0.226053  0.431151  0.030213  0.356586  0.151466  0.478063 0.0  0.030315  0.469155  0.088003  0.113040  0.324275  0.074460  0.439746  0.647134  0.379157  0.333590 
50  0.100140  0.788606  0.527105  0.052116  0.266326  0.546458  0.689149  0.837781  0.184452  0.370952  0.768394  0.328481  0.446033  0.220881  0.495943  0.424000  0.030426  0.649086  0.318338  0.336936  0.374585  0.104575  0.070866  0.597885  0.231705  0.133885  0.120789  0.372221  0.287512  0.474544  0.205283  0.472189  0.296683  0.280498  0.155459  0.330294  0.091802  0.381147  0.203521  0.419601  0.489568  0.308600  0.204015  0.344690  0.298985  0.064747  0.286141  0.264110  0.578458  0.030315 0.0  0.367191  0.277688  0.152551  0.262624  0.188022  0.304348  0.428853  0.426657  0.422471 
51  0.517292  0.687869  0.023619  0.340230  0.434244  0.705154  0.148475  0.514920  0.358927  0.348590  0.478196  0.019717  0.000000  0.277710  0.000000  0.494039  0.371930  0.280781  0.351770  0.174308  0.198599  0.361289  0.352436  0.710902  0.287326  0.207471  0.319661  0.445820  0.176627  0.826465  0.233324  0.069858  0.254381  0.518460  0.321396  0.128720  0.283346  0.509225  0.446002  0.342640  0.124829  0.280829  0.279697  0.368212  0.208891  0.513569  0.120422  0.289763  0.037797  0.469155  0.367191 0.0  0.278453  0.334218  0.229651  0.315739  0.423665  0.459887  0.153235  0.205429 
52  0.111406  0.822090  0.472712  0.151344  0.377469  0.505734  0.696017  0.959429  0.115851  0.285765  0.837247  0.377419  0.427118  0.201604  0.511089  0.518566  0.050382  0.683611  0.325811  0.348277  0.297784  0.083203  0.000000  0.546855  0.235271  0.230720  0.269273  0.417409  0.318548  0.555355  0.292206  0.548355  0.472245  0.272287  0.202554  0.278169  0.220750  0.351009  0.259934  0.326000  0.462877  0.330008  0.199412  0.121525  0.299312  0.053010  0.353547  0.182325  0.441451  0.088003  0.277688  0.278453 0.0  0.240012  0.286314  0.213759  0.404000  0.504177  0.369482  0.228615 
53  0.190192  0.676535  0.475381  0.232280  0.435133  0.636644  0.684243  0.910098  0.025310  0.335492  0.783637  0.363752  0.502020  0.187571  0.565240  0.403170  0.074023  0.671317  0.315939  0.384090  0.357907  0.054392  0.061986  0.628827  0.229832  0.209911  0.285793  0.386678  0.390713  0.471619  0.227542  0.354042  0.321940  0.336377  0.148679  0.475338  0.239625  0.335139  0.226071  0.336264  0.452754  0.347296  0.189445  0.296654  0.386283  0.024992  0.289806  0.131635  0.507622  0.113040  0.152551  0.334218  0.240012 0.0  0.342713  0.270063  0.395719  0.566012  0.367306  0.465661 
54  0.391811  0.529799  0.033909  0.367469  0.469232  0.729880  0.273109  0.488870  0.377479  0.234740  0.427711  0.153891  0.000000  0.325223  0.005336  0.445807  0.378066  0.270861  0.293924  0.132764  0.306953  0.308862  0.212198  0.627430  0.350409  0.358774  0.267839  0.425243  0.224584  0.839692  0.469556  0.089951  0.153522  0.464111  0.268356  0.233686  0.307000  0.523287  0.303239  0.151909  0.017848  0.194964  0.359258  0.302692  0.265859  0.392245  0.334430  0.420257  0.052265  0.324275  0.262624  0.229651  0.286314  0.342713 0.0  0.286180  0.404724  0.387669  0.068697  0.325360 
55  0.050579  0.735963  0.454814  0.239420  0.426135  0.558501  0.713845  0.773085  0.079970  0.280342  0.838773  0.418704  0.398622  0.071253  0.416103  0.423724  0.031213  0.660494  0.354751  0.317774  0.303529  0.148017  0.192101  0.507134  0.209976  0.187343  0.218634  0.493969  0.329489  0.461271  0.201834  0.474584  0.219443  0.292134  0.216701  0.369094  0.237512  0.450630  0.299646  0.374267  0.467475  0.254008  0.224869  0.161214  0.306946  0.078757  0.321906  0.229466  0.458651  0.074460  0.188022  0.315739  0.213759  0.270063  0.286180 0.0  0.376895  0.557484  0.402859  0.437699 
56  0.449232  0.747856  0.229387  0.384503  0.267486  0.814572  0.492059  0.731774  0.405770  0.055290  0.898803  0.392978  0.345219  0.303111  0.215712  0.403378  0.386061  0.549355  0.286141  0.379309  0.453687  0.315717  0.312489  0.722709  0.293464  0.326808  0.282467  0.447539  0.541667  0.783884  0.378553  0.364599  0.383057  0.135752  0.356127  0.513180  0.356035  0.235606  0.366610  0.405538  0.409342  0.368718  0.347282  0.366267  0.325363  0.419666  0.237923  0.255085  0.263355  0.439746  0.304348  0.423665  0.404000  0.395719  0.404724  0.376895 0.0  0.662807  0.404720  0.507247 
57  0.619119  0.526815  0.433117  0.572914  0.583283  0.569609  0.568955  0.548779  0.470771  0.648152  0.512005  0.603817  0.492315  0.497396  0.564568  0.359106  0.507273  0.518676  0.296730  0.430764  0.501490  0.423362  0.550742  0.454488  0.448379  0.501737  0.435153  0.371251  0.568894  0.527542  0.506305  0.520797  0.474979  0.559519  0.579072  0.607666  0.653496  0.568642  0.587097  0.613789  0.539250  0.580793  0.624414  0.555348  0.308485  0.668130  0.588992  0.520607  0.532425  0.647134  0.428853  0.459887  0.504177  0.566012  0.387669  0.557484  0.662807 0.0  0.582825  0.569752 
58  0.325853  0.523892  0.145757  0.484697  0.484511  0.835806  0.444634  0.477009  0.334357  0.421611  0.474677  0.106001  0.160209  0.404673  0.091824  0.484755  0.323429  0.346241  0.458848  0.075845  0.053366  0.483716  0.453714  0.826299  0.322610  0.396643  0.394785  0.395102  0.155571  0.884141  0.434369  0.025093  0.157989  0.334665  0.444527  0.179219  0.374197  0.363390  0.387205  0.197837  0.083896  0.171906  0.401672  0.403492  0.362694  0.441956  0.249367  0.421060  0.051413  0.379157  0.426657  0.153235  0.369482  0.367306  0.068697  0.402859  0.404720  0.582825 0.0  0.074059 
59  0.371111  0.621027  0.000000  0.386525  0.490685  0.668555  0.206328  0.464325  0.347583  0.348771  0.598325  0.123172  0.113142  0.294775  0.072968  0.457255  0.331864  0.208414  0.321376  0.055555  0.093153  0.384525  0.359890  0.781304  0.301099  0.358886  0.367531  0.327312  0.188046  0.733019  0.346670  0.125716  0.266349  0.475013  0.456930  0.206222  0.207419  0.580244  0.280506  0.180259  0.081585  0.237393  0.230989  0.344557  0.246448  0.507925  0.354378  0.411476  0.119303  0.333590  0.422471  0.205429  0.228615  0.465661  0.325360  0.437699  0.507247  0.569752  0.074059 0.0 
