60
0 0.0  0.860992  0.413055  0.139098  0.360754  0.573506  0.566994  0.741437  0.098442  0.464091  0.816147  0.416826  0.383634  0.128920  0.428952  0.495325  0.144710  0.661173  0.333722  0.501074  0.493197  0.065998  0.176235  0.577341  0.176930  0.229197  0.176644  0.449908  0.454693  0.560888  0.229291  0.338850  0.343558  0.387397  0.318991  0.482869  0.038977  0.526888  0.116587  0.346080  0.481107  0.360134  0.122740  0.144150  0.342540  0.107276  0.396495  0.021700  0.366928  0.145685  0.128835  0.372392  0.211883  0.106535  0.464550  0.154570  0.469903  0.766499  0.475776  0.350962 
1  0.860992 0.0  0.520709  0.975948  0.834317  0.988013  0.285987  0.152108  0.840897  0.839174  0.582371  0.472062  0.540929  0.940166  0.581147  0.582386  0.965430  0.421441  0.971818  0.622770  0.548928  0.804092  0.878297  0.548173  0.864160  0.877473  0.869504  0.929146  0.644518  0.367148  0.953457  0.561616  0.566553  0.902210  0.904290  0.576734  0.805890  0.964457  0.969025  0.490224  0.544203  0.604015  0.810760  0.980183  0.855233  0.842161  0.696600  0.828373  0.506788  0.854795  0.830218  0.555277  0.747224  0.823209  0.523357  0.805613  0.830787  0.638333  0.532790  0.599560 
2  0.413055  0.520709 0.0  0.461386  0.302174  0.898593  0.502775  0.662554  0.343242  0.433716  0.602447  0.108899  0.276132  0.522267  0.164400  0.466644  0.279005  0.307219  0.299733  0.088163  0.084995  0.383119  0.363319  0.962274  0.474987  0.397931  0.487687  0.518077  0.186805  0.914896  0.476948  0.240601  0.000029  0.217619  0.548989  0.080325  0.435071  0.381854  0.553608  0.015985  0.329348  0.097267  0.592242  0.498562  0.299941  0.365835  0.200051  0.479529  0.075336  0.409486  0.402645  0.000000  0.434215  0.591018  0.054123  0.463448  0.304408  0.555234  0.128904  0.124376 
3  0.139098  0.975948  0.461386 0.0  0.403501  0.588435  0.696496  0.867389  0.000000  0.398714  0.869899  0.414461  0.516946  0.218534  0.573482  0.351649  0.000000  0.616877  0.365211  0.347436  0.258912  0.178004  0.066245  0.773592  0.232136  0.312260  0.268281  0.561560  0.361000  0.483551  0.176010  0.511418  0.418462  0.318845  0.145623  0.334865  0.197806  0.364027  0.117780  0.379029  0.502803  0.254006  0.182804  0.195843  0.453899  0.127480  0.287641  0.325632  0.412455  0.144257  0.213870  0.398688  0.191105  0.205726  0.258873  0.234887  0.332069  0.695433  0.415544  0.456924 
4  0.360754  0.834317  0.302174  0.403501 0.0  0.946866  0.626095  0.876949  0.333793  0.042562  0.881969  0.339514  0.281448  0.380054  0.404712  0.561995  0.357571  0.623417  0.306115  0.506611  0.513650  0.236301  0.460156  0.751847  0.366226  0.283666  0.349791  0.341697  0.431188  0.782749  0.426081  0.193646  0.544590  0.243781  0.369832  0.466792  0.366019  0.193871  0.410877  0.515364  0.349541  0.480827  0.335963  0.336966  0.431000  0.620137  0.225950  0.383306  0.311283  0.500777  0.321528  0.427095  0.397221  0.359882  0.486922  0.364729  0.193989  0.663386  0.449661  0.396143 
5  0.573506  0.988013  0.898593  0.588435  0.946866 0.0  0.768547  0.966912  0.417325  0.717066  0.407244  0.875493  1.000000  0.599751  0.975323  0.449599  0.467390  0.783036  0.813041  0.767342  0.786705  0.521528  0.515122  0.700690  0.641384  0.636689  0.660040  0.825718  0.746175  0.452442  0.565790  0.937288  0.765832  0.782418  0.574211  0.704218  0.674320  0.851878  0.646724  0.882092  0.876953  0.797135  0.612452  0.607825  0.651612  0.567024  0.792165  0.681479  0.876783  0.593509  0.624408  0.783812  0.621090  0.573781  0.944493  0.655430  0.773658  0.599164  0.889116  0.755482 
6  0.566994  0.285987  0.502775  0.696496  0.626095  0.768547 0.0  0.413922  0.417988  0.685716  0.297068  0.452608  0.308845  0.634717  0.609834  0.602263  0.614188  0.362345  0.519427  0.136982  0.270060  0.589319  0.484250  0.794457  0.692515  0.611496  0.871919  0.761116  0.364808  0.592058  0.685280  0.493990  0.182148  0.617141  0.711235  0.253594  0.749006  0.603268  0.751861  0.183937  0.463048  0.301619  0.682010  0.757562  0.595586  0.553372  0.576114  0.726749  0.297260  0.752113  0.668803  0.292372  0.705860  0.750486  0.250182  0.662002  0.603131  0.549294  0.443656  0.233142 
7  0.741437  0.152108  0.662554  0.867389  0.876949  0.966912  0.413922 0.0  0.846820  0.818906  0.649560  0.527881  0.615425  0.950510  0.618687  0.391882  0.856381  0.424424  0.779120  0.571798  0.453810  0.777400  0.721793  0.561528  0.864465  0.966702  0.911090  0.889049  0.507619  0.424355  0.924119  0.728520  0.451750  0.697417  0.940131  0.605832  0.980207  0.807952  0.916231  0.522116  0.650956  0.554898  0.922420  0.951571  0.944209  0.795195  0.741024  0.904551  0.637600  0.907707  0.988544  0.438204  0.982360  0.846297  0.514566  0.860793  0.763200  0.554350  0.586730  0.564203 
8  0.098442  0.840897  0.343242  0.000000  0.333793  0.417325  0.417988  0.846820 0.0  0.397650  0.862667  0.411796  0.208672  0.132001  0.300033  0.429992  0.055744  0.633482  0.431363  0.333506  0.326764  0.134295  0.299691  0.467102  0.000000  0.247062  0.006834  0.316161  0.295716  0.661228  0.053529  0.351158  0.365240  0.438377  0.084537  0.259043  0.000000  0.353529  0.040670  0.398345  0.358077  0.303267  0.149165  0.000000  0.616271  0.073668  0.287881  0.152271  0.352109  0.156784  0.021085  0.392518  0.097346  0.090975  0.347090  0.016049  0.335422  0.513191  0.470799  0.459079 
9  0.464091  0.839174  0.433716  0.398714  0.042562  0.717066  0.685716  0.818906  0.397650 0.0  0.856084  0.587796  0.304815  0.384006  0.264205  0.541414  0.352581  0.526557  0.361095  0.408295  0.379330  0.442409  0.300743  0.822831  0.592883  0.323771  0.394137  0.332411  0.413982  0.780995  0.432486  0.242909  0.326710  0.087679  0.280205  0.410952  0.243506  0.038780  0.307866  0.332491  0.217548  0.346543  0.443744  0.447109  0.336282  0.382681  0.296521  0.218876  0.376936  0.387352  0.356304  0.260156  0.353858  0.272808  0.306473  0.414561  0.184853  0.709936  0.419956  0.338832 
10  0.816147  0.582371  0.602447  0.869899  0.881969  0.407244  0.297068  0.649560  0.862667  0.856084 0.0  0.648090  0.522565  0.875320  0.616320  0.528718  0.767216  0.359739  0.811036  0.624652  0.700704  0.862949  0.860542  0.846291  0.868297  0.923050  0.879474  0.860222  0.662247  0.851644  0.937402  0.507963  0.512696  0.866382  0.767826  0.645292  0.969228  0.858176  0.937970  0.581264  0.650833  0.596060  0.805732  0.808366  0.852850  0.820419  0.692412  0.933036  0.651969  0.849415  0.892361  0.612879  0.907917  0.864981  0.627035  0.832383  0.726216  0.619642  0.537813  0.521363 
11  0.416826  0.472062  0.108899  0.414461  0.339514  0.875493  0.452608  0.527881  0.411796  0.587796  0.648090 0.0  0.142269  0.499525  0.055197  0.413518  0.407041  0.348143  0.434481  0.082731  0.180826  0.457349  0.367105  0.974975  0.469837  0.574802  0.417433  0.366607  0.169200  0.895419  0.379014  0.079241  0.144185  0.529662  0.437444  0.146215  0.429342  0.456363  0.447273  0.119166  0.110002  0.188528  0.458624  0.436950  0.431996  0.445156  0.344777  0.444191  0.166291  0.510920  0.477924  0.177764  0.384943  0.583010  0.159026  0.442499  0.504555  0.570339  0.159207  0.143293 
12  0.383634  0.540929  0.276132  0.516946  0.281448  1.000000  0.308845  0.615425  0.208672  0.304815  0.522565  0.142269 0.0  0.541297  0.269020  0.483930  0.448396  0.471060  0.369306  0.000000  0.065404  0.367675  0.433780  0.929813  0.489702  0.447971  0.438245  0.416589  0.133245  0.667875  0.570933  0.113040  0.058774  0.266294  0.463751  0.148385  0.467229  0.442151  0.479460  0.135863  0.311625  0.025022  0.532422  0.554731  0.272456  0.332236  0.300535  0.474817  0.115601  0.428346  0.389311  0.087582  0.491774  0.546198  0.087088  0.551335  0.367612  0.527175  0.103487  0.114210 
13  0.128920  0.940166  0.522267  0.218534  0.380054  0.599751  0.634717  0.950510  0.132001  0.384006  0.875320  0.499525  0.541297 0.0  0.413211  0.479675  0.136066  0.640766  0.420848  0.385712  0.322884  0.180229  0.124748  0.723440  0.236108  0.206607  0.266201  0.433395  0.389192  0.530519  0.327477  0.446295  0.374375  0.433163  0.212410  0.367971  0.193283  0.323609  0.266525  0.323354  0.664896  0.419309  0.217459  0.164011  0.381016  0.068138  0.252806  0.170048  0.451906  0.111265  0.211804  0.460055  0.176080  0.149949  0.455115  0.273556  0.283041  0.526551  0.401378  0.250920 
14  0.428952  0.581147  0.164400  0.573482  0.404712  0.975323  0.609834  0.618687  0.300033  0.264205  0.616320  0.055197  0.269020  0.413211 0.0  0.377500  0.435262  0.444367  0.278309  0.000000  0.000000  0.358471  0.316549  0.926136  0.501883  0.394287  0.410513  0.599383  0.108323  0.840665  0.534828  0.186489  0.117284  0.495560  0.406175  0.142999  0.406043  0.364000  0.596222  0.078511  0.167452  0.081046  0.441075  0.378388  0.349295  0.363585  0.311201  0.508056  0.175881  0.420296  0.520613  0.071473  0.477912  0.490597  0.083063  0.543997  0.333863  0.704314  0.178548  0.000000 
15  0.495325  0.582386  0.466644  0.351649  0.561995  0.449599  0.602263  0.391882  0.429992  0.541414  0.528718  0.413518  0.483930  0.479675  0.377500 0.0  0.586953  0.476601  0.540189  0.449017  0.456136  0.533111  0.366085  0.504678  0.474381  0.603650  0.481933  0.543746  0.482816  0.460520  0.405580  0.414866  0.392966  0.561383  0.548583  0.455393  0.430857  0.549783  0.551890  0.555274  0.523241  0.501391  0.448196  0.527567  0.504592  0.502139  0.552154  0.448668  0.408951  0.547252  0.610623  0.523475  0.588488  0.538551  0.474543  0.450777  0.530573  0.442555  0.570641  0.508916 
16  0.144710  0.965430  0.279005  0.000000  0.357571  0.467390  0.614188  0.856381  0.055744  0.352581  0.767216  0.407041  0.448396  0.136066  0.435262  0.586953 0.0  0.595870  0.348730  0.411722  0.398073  0.097843  0.042566  0.485679  0.108208  0.058236  0.167644  0.290752  0.241860  0.477306  0.112266  0.398623  0.403874  0.357264  0.000000  0.369973  0.081342  0.322053  0.044395  0.385869  0.346507  0.448898  0.090225  0.067828  0.366670  0.202809  0.207034  0.014601  0.341732  0.240428  0.226271  0.323182  0.086688  0.033345  0.370356  0.005132  0.428692  0.673395  0.513180  0.338428 
17  0.661173  0.421441  0.307219  0.616877  0.623417  0.783036  0.362345  0.424424  0.633482  0.526557  0.359739  0.348143  0.471060  0.640766  0.444367  0.476601  0.595870 0.0  0.592274  0.275218  0.298970  0.633593  0.596275  0.825564  0.793522  0.775009  0.692531  0.714154  0.240383  0.546652  0.664764  0.406062  0.250954  0.510638  0.664589  0.304564  0.701438  0.598183  0.600962  0.377906  0.487516  0.251151  0.682745  0.883874  0.579774  0.713799  0.522538  0.725280  0.503878  0.720118  0.632268  0.278619  0.744435  0.667306  0.412448  0.701748  0.543913  0.588994  0.341750  0.309413 
18  0.333722  0.971818  0.299733  0.365211  0.306115  0.813041  0.519427  0.779120  0.431363  0.361095  0.811036  0.434481  0.369306  0.420848  0.278309  0.540189  0.348730  0.592274 0.0  0.411277  0.365138  0.330983  0.241582  0.849803  0.403934  0.370084  0.331141  0.000000  0.409726  0.742984  0.368667  0.384432  0.258244  0.404857  0.461314  0.266776  0.411290  0.332732  0.337280  0.430580  0.217541  0.368792  0.344039  0.415522  0.170614  0.389497  0.217415  0.396566  0.435285  0.467755  0.378556  0.389341  0.327647  0.353354  0.383872  0.295682  0.571172  0.133087  0.533318  0.290962 
19  0.501074  0.622770  0.088163  0.347436  0.506611  0.767342  0.136982  0.571798  0.333506  0.408295  0.624652  0.082731  0.000000  0.385712  0.000000  0.449017  0.411722  0.275218  0.411277 0.0  0.218166  0.321210  0.402750  0.773400  0.246360  0.441632  0.388287  0.417427  0.268999  0.893310  0.458458  0.080365  0.364904  0.402534  0.350182  0.251235  0.318819  0.467751  0.318353  0.260490  0.142956  0.127800  0.376327  0.378409  0.503798  0.512154  0.272880  0.396586  0.034365  0.406433  0.419531  0.187935  0.332580  0.334820  0.212775  0.377464  0.565869  0.666849  0.077068  0.187195 
20  0.493197  0.548928  0.084995  0.258912  0.513650  0.786705  0.270060  0.453810  0.326764  0.379330  0.700704  0.180826  0.065404  0.322884  0.000000  0.456136  0.398073  0.298970  0.365138  0.218166 0.0  0.415537  0.422530  0.721789  0.364971  0.363627  0.394142  0.455290  0.192551  0.857389  0.417359  0.050765  0.304656  0.577456  0.376504  0.287670  0.357615  0.459781  0.257432  0.264816  0.036877  0.245465  0.245666  0.227002  0.431139  0.538566  0.317467  0.383692  0.099696  0.416441  0.338767  0.287818  0.453847  0.263771  0.170606  0.300926  0.600221  0.481006  0.243807  0.195163 
21  0.065998  0.804092  0.383119  0.178004  0.236301  0.521528  0.589319  0.777400  0.134295  0.442409  0.862949  0.457349  0.367675  0.180229  0.358471  0.533111  0.097843  0.633593  0.330983  0.321210  0.415537 0.0  0.194469  0.466338  0.167215  0.207622  0.045408  0.296845  0.401325  0.671301  0.036126  0.337297  0.367337  0.384077  0.047855  0.272565  0.054016  0.327456  0.076644  0.384319  0.286828  0.353633  0.065176  0.018483  0.510748  0.083593  0.396259  0.059066  0.292253  0.232284  0.131073  0.366847  0.120745  0.106954  0.329021  0.111570  0.394083  0.652184  0.323398  0.516588 
22  0.176235  0.878297  0.363319  0.066245  0.460156  0.515122  0.484250  0.721793  0.299691  0.300743  0.860542  0.367105  0.433780  0.124748  0.316549  0.366085  0.042566  0.596275  0.241582  0.402750  0.422530  0.194469 0.0  0.447516  0.077537  0.100749  0.171270  0.454959  0.328965  0.587807  0.059510  0.410628  0.355674  0.369579  0.094368  0.368413  0.095565  0.356403  0.054838  0.329058  0.425035  0.477989  0.140153  0.000000  0.508096  0.152093  0.252212  0.015081  0.427067  0.066129  0.084907  0.340470  0.054166  0.166645  0.346615  0.121945  0.459028  0.568163  0.404205  0.287982 
23  0.577341  0.548173  0.962274  0.773592  0.751847  0.700690  0.794457  0.561528  0.467102  0.822831  0.846291  0.974975  0.929813  0.723440  0.926136  0.504678  0.485679  0.825564  0.849803  0.773400  0.721789  0.466338  0.447516 0.0  0.634788  0.738846  0.665153  0.889112  0.843302  0.109222  0.710216  0.929729  0.785254  0.774066  0.698107  0.723052  0.677370  0.904666  0.673285  0.769560  0.979024  0.831922  0.677512  0.691218  0.669735  0.444172  0.766851  0.666701  0.920963  0.553680  0.489887  0.774021  0.582955  0.565934  0.879557  0.710769  0.739901  0.499372  0.832320  0.726430 
24  0.176930  0.864160  0.474987  0.232136  0.366226  0.641384  0.692515  0.864465  0.000000  0.592883  0.868297  0.469837  0.489702  0.236108  0.501883  0.474381  0.108208  0.793522  0.403934  0.246360  0.364971  0.167215  0.077537  0.634788 0.0  0.249451  0.149626  0.515190  0.319153  0.398428  0.248968  0.487718  0.338735  0.316107  0.234605  0.420436  0.093660  0.311210  0.279497  0.325716  0.441563  0.301875  0.157726  0.230510  0.327836  0.043091  0.303647  0.286878  0.486120  0.180733  0.139460  0.485039  0.204253  0.294122  0.407008  0.098247  0.423326  0.591062  0.529572  0.367746 
25  0.229197  0.877473  0.397931  0.312260  0.283666  0.636689  0.611496  0.966702  0.247062  0.323771  0.923050  0.574802  0.447971  0.206607  0.394287  0.603650  0.058236  0.775009  0.370084  0.441632  0.363627  0.207622  0.100749  0.738846  0.249451 0.0  0.168378  0.562212  0.363568  0.446225  0.218965  0.483655  0.433183  0.356489  0.228847  0.333861  0.270859  0.376989  0.125264  0.483608  0.460792  0.337998  0.251767  0.252796  0.209922  0.193880  0.317571  0.245625  0.604733  0.169433  0.310544  0.357060  0.183925  0.244288  0.267639  0.121156  0.313207  0.500652  0.442537  0.308340 
26  0.176644  0.869504  0.487687  0.268281  0.349791  0.660040  0.871919  0.911090  0.006834  0.394137  0.879474  0.417433  0.438245  0.266201  0.410513  0.481933  0.167644  0.692531  0.331141  0.388287  0.394142  0.045408  0.171270  0.665153  0.149626  0.168378 0.0  0.399842  0.399919  0.453279  0.162415  0.432618  0.353165  0.339328  0.217158  0.438841  0.302604  0.338234  0.142377  0.397257  0.464962  0.396131  0.186826  0.225499  0.402234  0.128245  0.302246  0.215002  0.545444  0.106843  0.234051  0.392286  0.160554  0.155581  0.315656  0.203280  0.349808  0.566075  0.308455  0.431081 
27  0.449908  0.929146  0.518077  0.561560  0.341697  0.825718  0.761116  0.889049  0.316161  0.332411  0.860222  0.366607  0.416589  0.433395  0.599383  0.543746  0.290752  0.714154  0.000000  0.417427  0.455290  0.296845  0.454959  0.889112  0.515190  0.562212  0.399842 0.0  0.318452  0.830175  0.456041  0.402675  0.341911  0.391573  0.538699  0.458211  0.596104  0.367223  0.479457  0.490851  0.607387  0.331556  0.468440  0.679464  0.062327  0.413617  0.270689  0.520744  0.563977  0.471327  0.496328  0.392183  0.456517  0.454771  0.398836  0.525926  0.394943  0.239531  0.376602  0.387373 
28  0.454693  0.644518  0.186805  0.361000  0.431188  0.746175  0.364808  0.507619  0.295716  0.413982  0.662247  0.169200  0.133245  0.389192  0.108323  0.482816  0.241860  0.240383  0.409726  0.268999  0.192551  0.401325  0.328965  0.843302  0.319153  0.363568  0.399919  0.318452 0.0  0.760237  0.405680  0.072829  0.118386  0.592972  0.253197  0.340628  0.347097  0.485861  0.246912  0.256387  0.083340  0.078817  0.476276  0.284942  0.372982  0.547257  0.181454  0.336235  0.052375  0.481739  0.317238  0.139644  0.355839  0.425053  0.157993  0.339185  0.531453  0.766235  0.220860  0.280900 
29  0.560888  0.367148  0.914896  0.483551  0.782749  0.452442  0.592058  0.424355  0.661228  0.780995  0.851644  0.895419  0.667875  0.530519  0.840665  0.460520  0.477306  0.546652  0.742984  0.893310  0.857389  0.671301  0.587807  0.109222  0.398428  0.446225  0.453279  0.830175  0.760237 0.0  0.604907  0.818048  0.845403  0.853981  0.487423  0.843776  0.558338  0.785710  0.483698  0.675844  0.762140  0.866288  0.571773  0.557802  0.861382  0.537950  0.737608  0.496664  0.683490  0.542824  0.653440  0.776899  0.539127  0.505452  0.867410  0.390916  0.879094  0.653774  0.781046  0.850226 
30  0.229291  0.953457  0.476948  0.176010  0.426081  0.565790  0.685280  0.924119  0.053529  0.432486  0.937402  0.379014  0.570933  0.327477  0.534828  0.405580  0.112266  0.664764  0.368667  0.458458  0.417359  0.036126  0.059510  0.710216  0.248968  0.218965  0.162415  0.456041  0.405680  0.604907 0.0  0.373081  0.237920  0.359112  0.217868  0.323118  0.215846  0.407949  0.206213  0.377379  0.520255  0.274085  0.194093  0.162061  0.410832  0.001270  0.390904  0.147857  0.497093  0.162710  0.186755  0.376445  0.190414  0.238945  0.312905  0.302834  0.426844  0.614215  0.420758  0.400968 
31  0.338850  0.561616  0.240601  0.511418  0.193646  0.937288  0.493990  0.728520  0.351158  0.242909  0.507963  0.079241  0.113040  0.446295  0.186489  0.414866  0.398623  0.406062  0.384432  0.080365  0.050765  0.337297  0.410628  0.929729  0.487718  0.483655  0.432618  0.402675  0.072829  0.818048  0.373081 0.0  0.088551  0.377926  0.596067  0.106702  0.430887  0.325113  0.499864  0.079608  0.280581  0.112088  0.474427  0.506264  0.397040  0.347835  0.295843  0.547198  0.124368  0.357967  0.479066  0.110012  0.497192  0.517237  0.000000  0.620383  0.362124  0.562395  0.251902  0.135296 
32  0.343558  0.566553  0.000029  0.418462  0.544590  0.765832  0.182148  0.451750  0.365240  0.326710  0.512696  0.144185  0.058774  0.374375  0.117284  0.392966  0.403874  0.250954  0.258244  0.364904  0.304656  0.367337  0.355674  0.785254  0.338735  0.433183  0.353165  0.341911  0.118386  0.845403  0.237920  0.088551 0.0  0.463075  0.341925  0.150737  0.322916  0.436619  0.488344  0.214712  0.156117  0.163734  0.293849  0.326839  0.315587  0.489166  0.384899  0.324493  0.000000  0.426726  0.294938  0.243199  0.329708  0.344667  0.102263  0.268293  0.575653  0.587251  0.183184  0.155456 
33  0.387397  0.902210  0.217619  0.318845  0.243781  0.782418  0.617141  0.697417  0.438377  0.087679  0.866382  0.529662  0.266294  0.433163  0.495560  0.561383  0.357264  0.510638  0.404857  0.402534  0.577456  0.384077  0.369579  0.774066  0.316107  0.356489  0.339328  0.391573  0.592972  0.853981  0.359112  0.377926  0.463075 0.0  0.425739  0.576303  0.360539  0.132520  0.271931  0.637446  0.261215  0.364869  0.394169  0.354782  0.296405  0.490350  0.370680  0.401843  0.278428  0.442525  0.486612  0.376463  0.322880  0.273820  0.533019  0.346132  0.199252  0.586896  0.463014  0.488490 
34  0.318991  0.904290  0.548989  0.145623  0.369832  0.574211  0.711235  0.940131  0.084537  0.280205  0.767826  0.437444  0.463751  0.212410  0.406175  0.548583  0.000000  0.664589  0.461314  0.350182  0.376504  0.047855  0.094368  0.698107  0.234605  0.228847  0.217158  0.538699  0.253197  0.487423  0.217868  0.596067  0.341925  0.425739 0.0  0.483347  0.179043  0.326497  0.248258  0.307787  0.483830  0.378631  0.142298  0.210728  0.342651  0.108582  0.256668  0.114940  0.483418  0.189234  0.202570  0.336764  0.231150  0.339438  0.410768  0.216660  0.341366  0.615166  0.382448  0.337622 
35  0.482869  0.576734  0.080325  0.334865  0.466792  0.704218  0.253594  0.605832  0.259043  0.410952  0.645292  0.146215  0.148385  0.367971  0.142999  0.455393  0.369973  0.304564  0.266776  0.251235  0.287670  0.272565  0.368413  0.723052  0.420436  0.333861  0.438841  0.458211  0.340628  0.843776  0.323118  0.106702  0.150737  0.576303  0.483347 0.0  0.298635  0.579441  0.457227  0.163115  0.149320  0.210930  0.382658  0.353479  0.326491  0.494176  0.363708  0.384214  0.084380  0.424030  0.364678  0.203227  0.363806  0.460570  0.245618  0.383199  0.580472  0.575016  0.118798  0.204722 
36  0.038977  0.805890  0.435071  0.197806  0.366019  0.674320  0.749006  0.980207  0.000000  0.243506  0.969228  0.429342  0.467229  0.193283  0.406043  0.430857  0.081342  0.701438  0.411290  0.318819  0.357615  0.054016  0.095565  0.677370  0.093660  0.270859  0.302604  0.596104  0.347097  0.558338  0.215846  0.430887  0.322916  0.360539  0.179043  0.298635 0.0  0.273239  0.184784  0.430807  0.506296  0.313987  0.210465  0.200028  0.306716  0.000000  0.296063  0.200716  0.563179  0.184922  0.130489  0.367508  0.291606  0.149100  0.350624  0.251286  0.387273  0.518094  0.515620  0.334787 
37  0.526888  0.964457  0.381854  0.364027  0.193871  0.851878  0.603268  0.807952  0.353529  0.038780  0.858176  0.456363  0.442151  0.323609  0.364000  0.549783  0.322053  0.598183  0.332732  0.467751  0.459781  0.327456  0.356403  0.904666  0.311210  0.376989  0.338234  0.367223  0.485861  0.785710  0.407949  0.325113  0.436619  0.132520  0.326497  0.579441  0.273239 0.0  0.386226  0.497114  0.317406  0.502075  0.506736  0.295509  0.377302  0.323426  0.289392  0.356977  0.369857  0.481337  0.384289  0.599645  0.350402  0.414312  0.540995  0.350038  0.152541  0.586809  0.396251  0.502221 
38  0.116587  0.969025  0.553608  0.117780  0.410877  0.646724  0.751861  0.916231  0.040670  0.307866  0.937970  0.447273  0.479460  0.266525  0.596222  0.551890  0.044395  0.600962  0.337280  0.318353  0.257432  0.076644  0.054838  0.673285  0.279497  0.125264  0.142377  0.479457  0.246912  0.483698  0.206213  0.499864  0.488344  0.271931  0.248258  0.457227  0.184784  0.386226 0.0  0.400880  0.451020  0.445253  0.240553  0.245500  0.398148  0.146712  0.244816  0.301309  0.505537  0.182512  0.178852  0.351613  0.266333  0.180682  0.317176  0.185273  0.357577  0.495249  0.413367  0.380539 
39  0.346080  0.490224  0.015985  0.379029  0.515364  0.882092  0.183937  0.522116  0.398345  0.332491  0.581264  0.119166  0.135863  0.323354  0.078511  0.555274  0.385869  0.377906  0.430580  0.260490  0.264816  0.384319  0.329058  0.769560  0.325716  0.483608  0.397257  0.490851  0.256387  0.675844  0.377379  0.079608  0.214712  0.637446  0.307787  0.163115  0.430807  0.497114  0.400880 0.0  0.029420  0.317088  0.329273  0.325339  0.386440  0.567140  0.315304  0.320619  0.047221  0.401444  0.391171  0.299387  0.312786  0.400612  0.242470  0.383471  0.535364  0.612008  0.184832  0.238565 
40  0.481107  0.544203  0.329348  0.502803  0.349541  0.876953  0.463048  0.650956  0.358077  0.217548  0.650833  0.110002  0.311625  0.664896  0.167452  0.523241  0.346507  0.487516  0.217541  0.142956  0.036877  0.286828  0.425035  0.979024  0.441563  0.460792  0.464962  0.607387  0.083340  0.762140  0.520255  0.280581  0.156117  0.261215  0.483830  0.149320  0.506296  0.317406  0.451020  0.029420 0.0  0.029743  0.523961  0.430082  0.345664  0.391840  0.333025  0.523228  0.121710  0.355820  0.472799  0.201894  0.523017  0.453689  0.052713  0.437681  0.458513  0.571788  0.189290  0.010364 
41  0.360134  0.604015  0.097267  0.254006  0.480827  0.797135  0.301619  0.554898  0.303267  0.346543  0.596060  0.188528  0.025022  0.419309  0.081046  0.501391  0.448898  0.251151  0.368792  0.127800  0.245465  0.353633  0.477989  0.831922  0.301875  0.337998  0.396131  0.331556  0.078817  0.866288  0.274085  0.112088  0.163734  0.364869  0.378631  0.210930  0.313987  0.502075  0.445253  0.317088  0.029743 0.0  0.342374  0.502557  0.414746  0.548209  0.269350  0.443978  0.000000  0.465161  0.392919  0.131292  0.461924  0.281503  0.213361  0.246541  0.557089  0.572729  0.191614  0.176753 
42  0.122740  0.810760  0.592242  0.182804  0.335963  0.612452  0.682010  0.922420  0.149165  0.443744  0.805732  0.458624  0.532422  0.217459  0.441075  0.448196  0.090225  0.682745  0.344039  0.376327  0.245666  0.065176  0.140153  0.677512  0.157726  0.251767  0.186826  0.468440  0.476276  0.571773  0.194093  0.474427  0.293849  0.394169  0.142298  0.382658  0.210465  0.506736  0.240553  0.329273  0.523961  0.342374 0.0  0.169341  0.355435  0.093720  0.223773  0.114102  0.437873  0.040454  0.094570  0.345118  0.048909  0.270816  0.257021  0.183691  0.381096  0.476957  0.335480  0.312339 
43  0.144150  0.980183  0.498562  0.195843  0.336966  0.607825  0.757562  0.951571  0.000000  0.447109  0.808366  0.436950  0.554731  0.164011  0.378388  0.527567  0.067828  0.883874  0.415522  0.378409  0.227002  0.018483  0.000000  0.691218  0.230510  0.252796  0.225499  0.679464  0.284942  0.557802  0.162061  0.506264  0.326839  0.354782  0.210728  0.353479  0.200028  0.295509  0.245500  0.325339  0.430082  0.502557  0.169341 0.0  0.240856  0.055669  0.214573  0.209910  0.443476  0.130842  0.155730  0.372799  0.182453  0.182861  0.354939  0.226781  0.396265  0.489667  0.399523  0.339664 
44  0.342540  0.855233  0.299941  0.453899  0.431000  0.651612  0.595586  0.944209  0.616271  0.336282  0.852850  0.431996  0.272456  0.381016  0.349295  0.504592  0.366670  0.579774  0.170614  0.503798  0.431139  0.510748  0.508096  0.669735  0.327836  0.209922  0.402234  0.062327  0.372982  0.861382  0.410832  0.397040  0.315587  0.296405  0.342651  0.326491  0.306716  0.377302  0.398148  0.386440  0.345664  0.414746  0.355435  0.240856 0.0  0.409450  0.322041  0.452705  0.314337  0.523616  0.376353  0.350855  0.468979  0.336934  0.312118  0.383944  0.484427  0.418438  0.454783  0.322486 
45  0.107276  0.842161  0.365835  0.127480  0.620137  0.567024  0.553372  0.795195  0.073668  0.382681  0.820419  0.445156  0.332236  0.068138  0.363585  0.502139  0.202809  0.713799  0.389497  0.512154  0.538566  0.083593  0.152093  0.444172  0.043091  0.193880  0.128245  0.413617  0.547257  0.537950  0.001270  0.347835  0.489166  0.490350  0.108582  0.494176  0.000000  0.323426  0.146712  0.567140  0.391840  0.548209  0.093720  0.055669  0.409450 0.0  0.295152  0.080483  0.417444  0.080104  0.139584  0.600921  0.113390  0.232853  0.483397  0.082769  0.569306  0.610606  0.481286  0.524768 
46  0.396495  0.696600  0.200051  0.287641  0.225950  0.792165  0.576114  0.741024  0.287881  0.296521  0.692412  0.344777  0.300535  0.252806  0.311201  0.552154  0.207034  0.522538  0.217415  0.272880  0.317467  0.396259  0.252212  0.766851  0.303647  0.317571  0.302246  0.270689  0.181454  0.737608  0.390904  0.295843  0.384899  0.370680  0.256668  0.363708  0.296063  0.289392  0.244816  0.315304  0.333025  0.269350  0.223773  0.214573  0.322041  0.295152 0.0  0.374337  0.325810  0.400238  0.210974  0.348019  0.280720  0.312165  0.277234  0.222979  0.281205  0.548928  0.358207  0.384041 
47  0.021700  0.828373  0.479529  0.325632  0.383306  0.681479  0.726749  0.904551  0.152271  0.218876  0.933036  0.444191  0.474817  0.170048  0.508056  0.448668  0.014601  0.725280  0.396566  0.396586  0.383692  0.059066  0.015081  0.666701  0.286878  0.245625  0.215002  0.520744  0.336235  0.496664  0.147857  0.547198  0.324493  0.401843  0.114940  0.384214  0.200716  0.356977  0.301309  0.320619  0.523228  0.443978  0.114102  0.209910  0.452705  0.080483  0.374337 0.0  0.565869  0.046295  0.065877  0.365122  0.218050  0.289577  0.372327  0.236307  0.463431  0.510629  0.552263  0.410895 
48  0.366928  0.506788  0.075336  0.412455  0.311283  0.876783  0.297260  0.637600  0.352109  0.376936  0.651969  0.166291  0.115601  0.451906  0.175881  0.408951  0.341732  0.503878  0.435285  0.034365  0.099696  0.292253  0.427067  0.920963  0.486120  0.604733  0.545444  0.563977  0.052375  0.683490  0.497093  0.124368  0.000000  0.278428  0.483418  0.084380  0.563179  0.369857  0.505537  0.047221  0.121710  0.000000  0.437873  0.443476  0.314337  0.417444  0.325810  0.565869 0.0  0.478746  0.445675  0.128483  0.507218  0.537930  0.103485  0.487638  0.247781  0.555295  0.227671  0.086376 
49  0.145685  0.854795  0.409486  0.144257  0.500777  0.593509  0.752113  0.907707  0.156784  0.387352  0.849415  0.510920  0.428346  0.111265  0.420296  0.547252  0.240428  0.720118  0.467755  0.406433  0.416441  0.232284  0.066129  0.553680  0.180733  0.169433  0.106843  0.471327  0.481739  0.542824  0.162710  0.357967  0.426726  0.442525  0.189234  0.424030  0.184922  0.481337  0.182512  0.401444  0.355820  0.465161  0.040454  0.130842  0.523616  0.080104  0.400238  0.046295  0.478746 0.0  0.071292  0.460100  0.146657  0.108860  0.357908  0.125077  0.399213  0.736211  0.358389  0.379677 
50  0.128835  0.830218  0.402645  0.213870  0.321528  0.624408  0.668803  0.988544  0.021085  0.356304  0.892361  0.477924  0.389311  0.211804  0.520613  0.610623  0.226271  0.632268  0.378556  0.419531  0.338767  0.131073  0.084907  0.489887  0.139460  0.310544  0.234051  0.496328  0.317238  0.653440  0.186755  0.479066  0.294938  0.486612  0.202570  0.364678  0.130489  0.384289  0.178852  0.391171  0.472799  0.392919  0.094570  0.155730  0.376353  0.139584  0.210974  0.065877  0.445675  0.071292 0.0  0.252829  0.207133  0.191326  0.297939  0.389357  0.337968  0.537101  0.262092  0.281810 
51  0.372392  0.555277  0.000000  0.398688  0.427095  0.783812  0.292372  0.438204  0.392518  0.260156  0.612879  0.177764  0.087582  0.460055  0.071473  0.523475  0.323182  0.278619  0.389341  0.187935  0.287818  0.366847  0.340470  0.774021  0.485039  0.357060  0.392286  0.392183  0.139644  0.776899  0.376445  0.110012  0.243199  0.376463  0.336764  0.203227  0.367508  0.599645  0.351613  0.299387  0.201894  0.131292  0.345118  0.372799  0.350855  0.600921  0.348019  0.365122  0.128483  0.460100  0.252829 0.0  0.278020  0.333489  0.251486  0.441688  0.463905  0.549187  0.174098  0.205353 
52  0.211883  0.747224  0.434215  0.191105  0.397221  0.621090  0.705860  0.982360  0.097346  0.353858  0.907917  0.384943  0.491774  0.176080  0.477912  0.588488  0.086688  0.744435  0.327647  0.332580  0.453847  0.120745  0.054166  0.582955  0.204253  0.183925  0.160554  0.456517  0.355839  0.539127  0.190414  0.497192  0.329708  0.322880  0.231150  0.363806  0.291606  0.350402  0.266333  0.312786  0.523017  0.461924  0.048909  0.182453  0.468979  0.113390  0.280720  0.218050  0.507218  0.146657  0.207133  0.278020 0.0  0.211264  0.466439  0.194720  0.243984  0.594136  0.373259  0.500714 
53  0.106535  0.823209  0.591018  0.205726  0.359882  0.573781  0.750486  0.846297  0.090975  0.272808  0.864981  0.583010  0.546198  0.149949  0.490597  0.538551  0.033345  0.667306  0.353354  0.334820  0.263771  0.106954  0.166645  0.565934  0.294122  0.244288  0.155581  0.454771  0.425053  0.505452  0.238945  0.517237  0.344667  0.273820  0.339438  0.460570  0.149100  0.414312  0.180682  0.400612  0.453689  0.281503  0.270816  0.182861  0.336934  0.232853  0.312165  0.289577  0.537930  0.108860  0.191326  0.333489  0.211264 0.0  0.402468  0.305556  0.386433  0.544950  0.400307  0.355385 
54  0.464550  0.523357  0.054123  0.258873  0.486922  0.944493  0.250182  0.514566  0.347090  0.306473  0.627035  0.159026  0.087088  0.455115  0.083063  0.474543  0.370356  0.412448  0.383872  0.212775  0.170606  0.329021  0.346615  0.879557  0.407008  0.267639  0.315656  0.398836  0.157993  0.867410  0.312905  0.000000  0.102263  0.533019  0.410768  0.245618  0.350624  0.540995  0.317176  0.242470  0.052713  0.213361  0.257021  0.354939  0.312118  0.483397  0.277234  0.372327  0.103485  0.357908  0.297939  0.251486  0.466439  0.402468 0.0  0.283641  0.513554  0.689539  0.122933  0.234177 
55  0.154570  0.805613  0.463448  0.234887  0.364729  0.655430  0.662002  0.860793  0.016049  0.414561  0.832383  0.442499  0.551335  0.273556  0.543997  0.450777  0.005132  0.701748  0.295682  0.377464  0.300926  0.111570  0.121945  0.710769  0.098247  0.121156  0.203280  0.525926  0.339185  0.390916  0.302834  0.620383  0.268293  0.346132  0.216660  0.383199  0.251286  0.350038  0.185273  0.383471  0.437681  0.246541  0.183691  0.226781  0.383944  0.082769  0.222979  0.236307  0.487638  0.125077  0.389357  0.441688  0.194720  0.305556  0.283641 0.0  0.380180  0.667820  0.375730  0.293565 
56  0.469903  0.830787  0.304408  0.332069  0.193989  0.773658  0.603131  0.763200  0.335422  0.184853  0.726216  0.504555  0.367612  0.283041  0.333863  0.530573  0.428692  0.543913  0.571172  0.565869  0.600221  0.394083  0.459028  0.739901  0.423326  0.313207  0.349808  0.394943  0.531453  0.879094  0.426844  0.362124  0.575653  0.199252  0.341366  0.580472  0.387273  0.152541  0.357577  0.535364  0.458513  0.557089  0.381096  0.396265  0.484427  0.569306  0.281205  0.463431  0.247781  0.399213  0.337968  0.463905  0.243984  0.386433  0.513554  0.380180 0.0  0.592733  0.391679  0.549798 
57  0.766499  0.638333  0.555234  0.695433  0.663386  0.599164  0.549294  0.554350  0.513191  0.709936  0.619642  0.570339  0.527175  0.526551  0.704314  0.442555  0.673395  0.588994  0.133087  0.666849  0.481006  0.652184  0.568163  0.499372  0.591062  0.500652  0.566075  0.239531  0.766235  0.653774  0.614215  0.562395  0.587251  0.586896  0.615166  0.575016  0.518094  0.586809  0.495249  0.612008  0.571788  0.572729  0.476957  0.489667  0.418438  0.610606  0.548928  0.510629  0.555295  0.736211  0.537101  0.549187  0.594136  0.544950  0.689539  0.667820  0.592733 0.0  0.666052  0.553314 
58  0.475776  0.532790  0.128904  0.415544  0.449661  0.889116  0.443656  0.586730  0.470799  0.419956  0.537813  0.159207  0.103487  0.401378  0.178548  0.570641  0.513180  0.341750  0.533318  0.077068  0.243807  0.323398  0.404205  0.832320  0.529572  0.442537  0.308455  0.376602  0.220860  0.781046  0.420758  0.251902  0.183184  0.463014  0.382448  0.118798  0.515620  0.396251  0.413367  0.184832  0.189290  0.191614  0.335480  0.399523  0.454783  0.481286  0.358207  0.552263  0.227671  0.358389  0.262092  0.174098  0.373259  0.400307  0.122933  0.375730  0.391679  0.666052 0.0  0.079092 
59  0.350962  0.599560  0.124376  0.456924  0.396143  0.755482  0.233142  0.564203  0.459079  0.338832  0.521363  0.143293  0.114210  0.250920  0.000000  0.508916  0.338428  0.309413  0.290962  0.187195  0.195163  0.516588  0.287982  0.726430  0.367746  0.308340  0.431081  0.387373  0.280900  0.850226  0.400968  0.135296  0.155456  0.488490  0.337622  0.204722  0.334787  0.502221  0.380539  0.238565  0.010364  0.176753  0.312339  0.339664  0.322486  0.524768  0.384041  0.410895  0.086376  0.379677  0.281810  0.205353  0.500714  0.355385  0.234177  0.293565  0.549798  0.553314  0.079092 0.0 
