60
0 0.0  0.865544  0.456105  0.052205  0.459053  0.486827  0.653420  0.833353  0.063518  0.344287  0.907682  0.361427  0.538629  0.207142  0.367585  0.463346  0.127524  0.657542  0.466850  0.343660  0.498299  0.109459  0.140122  0.480456  0.081769  0.195927  0.113220  0.391840  0.289724  0.558606  0.108862  0.462878  0.413299  0.475909  0.223578  0.456671  0.064297  0.418806  0.063066  0.395822  0.421890  0.398796  0.045212  0.105547  0.497733  0.197022  0.289293  0.125453  0.413454  0.174130  0.071876  0.417525  0.209977  0.178915  0.483726  0.196300  0.426212  0.523063  0.418096  0.318361 
1  0.865544 0.0  0.595750  0.766531  0.935989  0.875964  0.351774  0.139256  0.809821  0.875428  0.557927  0.545893  0.579917  0.854674  0.486119  0.447983  0.796333  0.321133  0.866475  0.530241  0.542481  0.841466  0.779782  0.371618  0.800357  0.860754  0.967843  0.842961  0.461100  0.400804  0.836574  0.531882  0.655858  0.883426  0.755955  0.705643  0.800241  0.898829  0.893803  0.631727  0.579755  0.643936  0.950002  0.864083  0.773440  0.811625  0.708064  0.898860  0.569787  0.886815  0.856768  0.588843  0.882010  0.849541  0.508280  0.770344  0.760362  0.593065  0.602597  0.538678 
2  0.456105  0.595750 0.0  0.478267  0.288307  0.965089  0.509356  0.700135  0.265608  0.416212  0.531788  0.036224  0.327835  0.524117  0.135795  0.461494  0.235344  0.495580  0.285755  0.054836  0.091617  0.292368  0.414565  0.953562  0.429836  0.507982  0.481481  0.359739  0.000000  0.820147  0.437004  0.172468  0.145707  0.246938  0.508060  0.065500  0.434976  0.242315  0.584248  0.113727  0.224160  0.082314  0.563491  0.523572  0.385943  0.368173  0.264647  0.500329  0.282032  0.451418  0.454234  0.088650  0.540333  0.420886  0.071561  0.546222  0.365057  0.587241  0.148380  0.097082 
3  0.052205  0.766531  0.478267 0.0  0.261163  0.529568  0.774601  0.859627  0.000000  0.281221  0.835428  0.446183  0.472688  0.166523  0.416225  0.536679  0.145436  0.718278  0.313955  0.401779  0.347700  0.158384  0.076525  0.594901  0.195769  0.101517  0.206885  0.472604  0.258138  0.535645  0.269609  0.476301  0.432038  0.330532  0.179513  0.380883  0.206328  0.233138  0.288916  0.231647  0.464713  0.248967  0.294941  0.125792  0.300330  0.000000  0.338659  0.192400  0.439632  0.098646  0.154583  0.372999  0.205905  0.215333  0.393313  0.174423  0.264916  0.562806  0.353270  0.397254 
4  0.459053  0.935989  0.288307  0.261163 0.0  0.803751  0.497413  0.682296  0.394682  0.000000  0.863636  0.386076  0.397628  0.336355  0.306024  0.540398  0.413624  0.497612  0.330742  0.473120  0.455961  0.377421  0.365541  0.762977  0.327532  0.375151  0.312288  0.362987  0.494452  0.814534  0.348295  0.334933  0.463858  0.191596  0.389292  0.440163  0.326822  0.250456  0.415848  0.471622  0.369052  0.463471  0.313791  0.333381  0.362167  0.396256  0.317294  0.256312  0.456876  0.434060  0.467961  0.518746  0.305846  0.230874  0.503171  0.505176  0.271997  0.447251  0.361362  0.474105 
5  0.486827  0.875964  0.965089  0.529568  0.803751 0.0  0.779810  0.891516  0.484009  0.857002  0.385109  0.815153  0.904681  0.617427  0.876084  0.563377  0.465797  0.708133  0.770710  0.721223  0.756079  0.547542  0.544390  0.654804  0.670339  0.684506  0.655308  0.991674  0.720970  0.496057  0.718609  0.904095  0.729201  0.787465  0.501015  0.789534  0.561565  0.614594  0.613456  0.810811  0.820358  0.679236  0.678254  0.692556  0.747746  0.611665  0.787909  0.595028  0.800302  0.636094  0.631493  0.817427  0.621254  0.633713  0.718967  0.604495  0.839578  0.570873  0.774349  0.737823 
6  0.653420  0.351774  0.509356  0.774601  0.497413  0.779810 0.0  0.406632  0.542765  0.462410  0.267671  0.374414  0.471112  0.722863  0.298604  0.455937  0.621520  0.410063  0.529197  0.273596  0.324883  0.632710  0.483421  0.648700  0.817628  0.652874  0.768286  0.769819  0.289620  0.567037  0.654510  0.445718  0.181705  0.448163  0.774542  0.233681  0.703831  0.452174  0.764353  0.394761  0.420021  0.279090  0.726634  0.897244  0.599150  0.549826  0.501845  0.723924  0.320358  0.613094  0.729994  0.265685  0.642089  0.680232  0.279693  0.660416  0.547505  0.562294  0.423598  0.237060 
7  0.833353  0.139256  0.700135  0.859627  0.682296  0.891516  0.406632 0.0  0.781626  0.823486  0.634447  0.581838  0.554361  0.920103  0.529191  0.436777  0.800102  0.380181  0.754197  0.519108  0.533897  0.777214  0.887736  0.517555  0.850616  0.960293  0.956146  0.895770  0.507282  0.333854  0.890535  0.630324  0.558450  0.711771  0.789895  0.549015  0.957129  0.651920  0.900818  0.557613  0.576193  0.454197  0.813940  0.858929  0.933190  0.695208  0.776397  0.948051  0.691578  1.000000  0.890421  0.540274  0.921082  0.845455  0.506298  0.896579  0.755835  0.689696  0.476458  0.323271 
8  0.063518  0.809821  0.265608  0.000000  0.394682  0.484009  0.542765  0.781626 0.0  0.385327  0.848588  0.385421  0.387776  0.134069  0.249809  0.430341  0.078898  0.473894  0.331173  0.331386  0.153173  0.205826  0.249880  0.549123  0.104177  0.031149  0.190407  0.309069  0.342957  0.683652  0.076744  0.343492  0.364403  0.326749  0.136621  0.317395  0.081228  0.264465  0.124818  0.256688  0.358486  0.229790  0.063757  0.053742  0.476032  0.112513  0.357391  0.132987  0.417340  0.135946  0.026083  0.412305  0.119000  0.044350  0.379929  0.116555  0.246900  0.525372  0.435400  0.309984 
9  0.344287  0.875428  0.416212  0.281221  0.000000  0.857002  0.462410  0.823486  0.385327 0.0  0.824189  0.420444  0.349745  0.346683  0.356494  0.400106  0.447165  0.600763  0.404280  0.347431  0.418144  0.294726  0.362025  0.830010  0.403200  0.450900  0.388203  0.338189  0.312964  0.743822  0.212143  0.368795  0.361000  0.038542  0.363518  0.356867  0.266208  0.072672  0.290441  0.386709  0.306545  0.388846  0.347510  0.170385  0.367787  0.382765  0.374395  0.289000  0.352181  0.368761  0.406298  0.293365  0.505704  0.351098  0.414568  0.362977  0.079771  0.689890  0.385890  0.254120 
10  0.907682  0.557927  0.531788  0.835428  0.863636  0.385109  0.267671  0.634447  0.848588  0.824189 0.0  0.510266  0.468392  0.844421  0.654613  0.552328  0.790640  0.235003  0.805512  0.511333  0.479751  0.923272  0.818815  0.824067  0.818827  0.747688  0.876201  0.899663  0.588041  0.814261  0.882444  0.538288  0.510055  0.945075  0.826858  0.491687  0.864620  0.734331  0.907035  0.639949  0.528636  0.513823  0.776855  0.920725  0.845446  0.854283  0.698815  0.893414  0.571168  0.802665  0.848163  0.608979  0.941658  0.814419  0.536101  0.922679  0.844268  0.568587  0.577411  0.548562 
11  0.361427  0.545893  0.036224  0.446183  0.386076  0.815153  0.374414  0.581838  0.385421  0.420444  0.510266 0.0  0.140485  0.343551  0.086027  0.554167  0.463445  0.405822  0.533087  0.210576  0.154286  0.377711  0.366785  0.850696  0.314473  0.465306  0.402499  0.498850  0.146132  0.726123  0.429484  0.188442  0.105524  0.514144  0.501277  0.201294  0.339654  0.350618  0.347403  0.281550  0.104113  0.200144  0.491822  0.312637  0.348725  0.421525  0.264064  0.537912  0.148849  0.378742  0.438878  0.060979  0.423387  0.397105  0.161208  0.452198  0.492617  0.659168  0.000000  0.204184 
12  0.538629  0.579917  0.327835  0.472688  0.397628  0.904681  0.471112  0.554361  0.387776  0.349745  0.468392  0.140485 0.0  0.512221  0.134738  0.416557  0.272511  0.474984  0.299519  0.147690  0.058218  0.362605  0.423922  0.818639  0.466741  0.434839  0.420555  0.530262  0.103646  0.831619  0.483209  0.192603  0.053586  0.389024  0.485622  0.170912  0.422688  0.394319  0.361987  0.063614  0.236007  0.000000  0.419118  0.553204  0.394036  0.346092  0.302387  0.557402  0.226071  0.477780  0.505316  0.095572  0.478000  0.453536  0.057729  0.445976  0.275173  0.586657  0.051143  0.165960 
13  0.207142  0.854674  0.524117  0.166523  0.336355  0.617427  0.722863  0.920103  0.134069  0.346683  0.844421  0.343551  0.512221 0.0  0.630297  0.532695  0.109080  0.710933  0.251724  0.251034  0.290624  0.073392  0.084365  0.738125  0.136155  0.293950  0.176478  0.368728  0.414807  0.418108  0.257784  0.459302  0.421203  0.354867  0.287480  0.359248  0.284519  0.392741  0.156266  0.269438  0.483815  0.437392  0.016821  0.264096  0.325180  0.030642  0.255673  0.128975  0.548664  0.125942  0.136832  0.404417  0.169481  0.188027  0.277997  0.290746  0.275712  0.515803  0.441096  0.311010 
14  0.367585  0.486119  0.135795  0.416225  0.306024  0.876084  0.298604  0.529191  0.249809  0.356494  0.654613  0.086027  0.134738  0.630297 0.0  0.397094  0.358652  0.432606  0.406873  0.212434  0.031848  0.346456  0.309470  0.883858  0.516596  0.431917  0.505779  0.502974  0.187226  0.703141  0.429849  0.099397  0.036747  0.310405  0.606540  0.170070  0.579837  0.458545  0.538479  0.069262  0.145497  0.139952  0.524607  0.405980  0.350462  0.382736  0.337829  0.509473  0.158537  0.363133  0.510739  0.145396  0.472424  0.551289  0.059771  0.406945  0.319768  0.599680  0.128805  0.000000 
15  0.463346  0.447983  0.461494  0.536679  0.540398  0.563377  0.455937  0.436777  0.430341  0.400106  0.552328  0.554167  0.416557  0.532695  0.397094 0.0  0.609818  0.545004  0.482582  0.420910  0.561645  0.587659  0.535609  0.476569  0.528831  0.494065  0.465000  0.544303  0.520282  0.467112  0.477715  0.521780  0.455608  0.504857  0.573914  0.461832  0.556697  0.486140  0.505216  0.555834  0.542075  0.572381  0.494025  0.562223  0.556608  0.585953  0.604042  0.508228  0.515918  0.503143  0.500921  0.539927  0.500718  0.467781  0.500463  0.394407  0.455639  0.421884  0.499713  0.563087 
16  0.127524  0.796333  0.235344  0.145436  0.413624  0.465797  0.621520  0.800102  0.078898  0.447165  0.790640  0.463445  0.272511  0.109080  0.358652  0.609818 0.0  0.547109  0.239687  0.276093  0.421871  0.038208  0.025854  0.505525  0.061159  0.151527  0.046872  0.367158  0.357583  0.508272  0.009368  0.429548  0.296766  0.274130  0.004537  0.299719  0.120319  0.279342  0.071831  0.418394  0.378050  0.222843  0.107850  0.224990  0.329736  0.000000  0.285211  0.136030  0.406900  0.152084  0.000000  0.385662  0.022502  0.111626  0.411504  0.017832  0.303980  0.586672  0.436277  0.440181 
17  0.657542  0.321133  0.495580  0.718278  0.497612  0.708133  0.410063  0.380181  0.473894  0.600763  0.235003  0.405822  0.474984  0.710933  0.432606  0.545004  0.547109 0.0  0.632639  0.293039  0.338502  0.556856  0.646084  0.702666  0.837653  0.757491  0.737231  0.576648  0.278033  0.533729  0.610041  0.369903  0.324376  0.502209  0.720990  0.286833  0.665697  0.604640  0.741250  0.294448  0.428792  0.273832  0.638692  0.662313  0.626143  0.591259  0.455071  0.759941  0.330665  0.609829  0.653846  0.272358  0.868454  0.661502  0.402059  0.692335  0.484429  0.656980  0.308502  0.327552 
18  0.466850  0.866475  0.285755  0.313955  0.330742  0.770710  0.529197  0.754197  0.331173  0.404280  0.805512  0.533087  0.299519  0.251724  0.406873  0.482582  0.239687  0.632639 0.0  0.301040  0.412924  0.327041  0.391428  0.678547  0.359652  0.447951  0.313459  0.028524  0.354336  0.888166  0.379316  0.425746  0.446833  0.314585  0.235952  0.318988  0.467356  0.431649  0.380248  0.451480  0.452855  0.441400  0.433985  0.227203  0.033260  0.305938  0.313073  0.281183  0.384288  0.423593  0.433845  0.354440  0.352559  0.437238  0.380130  0.379285  0.318613  0.329587  0.410791  0.368877 
19  0.343660  0.530241  0.054836  0.401779  0.473120  0.721223  0.273596  0.519108  0.331386  0.347431  0.511333  0.210576  0.147690  0.251034  0.212434  0.420910  0.276093  0.293039  0.301040 0.0  0.214851  0.268204  0.314042  0.716993  0.384004  0.452164  0.497645  0.358057  0.288446  0.899054  0.360886  0.000000  0.154963  0.487667  0.243267  0.210685  0.281587  0.504971  0.358977  0.271094  0.041178  0.133659  0.302431  0.333505  0.364831  0.503481  0.281219  0.277003  0.000000  0.294113  0.381158  0.265847  0.322047  0.408190  0.232854  0.346125  0.539044  0.640259  0.133584  0.217658 
20  0.498299  0.542481  0.091617  0.347700  0.455961  0.756079  0.324883  0.533897  0.153173  0.418144  0.479751  0.154286  0.058218  0.290624  0.031848  0.561645  0.421871  0.338502  0.412924  0.214851 0.0  0.352081  0.466180  0.788831  0.345011  0.327612  0.395503  0.398181  0.147946  0.800493  0.287051  0.049098  0.167170  0.459523  0.290202  0.233602  0.328031  0.415746  0.352605  0.238374  0.039476  0.098012  0.425185  0.284207  0.374959  0.520358  0.216550  0.342302  0.068033  0.293750  0.288716  0.289807  0.397121  0.338475  0.232607  0.430285  0.411438  0.572337  0.173520  0.121624 
21  0.109459  0.841466  0.292368  0.158384  0.377421  0.547542  0.632710  0.777214  0.205826  0.294726  0.923272  0.377711  0.362605  0.073392  0.346456  0.587659  0.038208  0.556856  0.327041  0.268204  0.352081 0.0  0.213183  0.576894  0.011919  0.056196  0.085430  0.395740  0.220523  0.616199  0.145905  0.338932  0.373450  0.329417  0.098971  0.264336  0.107597  0.329626  0.062287  0.427332  0.238019  0.432541  0.141972  0.171196  0.430002  0.037117  0.232057  0.088229  0.306611  0.122486  0.054910  0.192595  0.136961  0.103315  0.331934  0.102508  0.363401  0.556020  0.385083  0.391237 
22  0.140122  0.779782  0.414565  0.076525  0.365541  0.544390  0.483421  0.887736  0.249880  0.362025  0.818815  0.366785  0.423922  0.084365  0.309470  0.535609  0.025854  0.646084  0.391428  0.314042  0.466180  0.213183 0.0  0.479454  0.169470  0.124825  0.135548  0.249725  0.267907  0.556803  0.000000  0.375571  0.454098  0.357752  0.139104  0.378990  0.175617  0.389447  0.039990  0.307348  0.351594  0.444428  0.106142  0.120023  0.511789  0.180433  0.235709  0.026465  0.358195  0.214527  0.035814  0.331648  0.150217  0.120126  0.387607  0.083028  0.359223  0.516539  0.504771  0.228796 
23  0.480456  0.371618  0.953562  0.594901  0.762977  0.654804  0.648700  0.517555  0.549123  0.830010  0.824067  0.850696  0.818639  0.738125  0.883858  0.476569  0.505525  0.702666  0.678547  0.716993  0.788831  0.576894  0.479454 0.0  0.652348  0.652961  0.559331  0.957145  0.793033  0.176141  0.669857  0.947641  0.851874  0.781420  0.613350  0.747576  0.653962  0.730317  0.557451  0.865185  0.902340  0.844697  0.510033  0.642874  0.879407  0.376317  0.815928  0.575521  0.930677  0.607004  0.603700  0.818136  0.592256  0.659374  0.904311  0.719528  0.810060  0.511350  0.751544  0.896428 
24  0.081769  0.800357  0.429836  0.195769  0.327532  0.670339  0.817628  0.850616  0.104177  0.403200  0.818827  0.314473  0.466741  0.136155  0.516596  0.528831  0.061159  0.837653  0.359652  0.384004  0.345011  0.011919  0.169470  0.652348 0.0  0.122418  0.295252  0.448438  0.411243  0.576379  0.218304  0.478093  0.373960  0.417963  0.161690  0.301758  0.170969  0.381518  0.282411  0.472767  0.502216  0.342974  0.215544  0.260150  0.332224  0.012476  0.212438  0.229613  0.578011  0.187461  0.196913  0.357615  0.227139  0.195155  0.420315  0.161332  0.376927  0.598373  0.481883  0.410391 
25  0.195927  0.860754  0.507982  0.101517  0.375151  0.684506  0.652874  0.960293  0.031149  0.450900  0.747688  0.465306  0.434839  0.293950  0.431917  0.494065  0.151527  0.757491  0.447951  0.452164  0.327612  0.056196  0.124825  0.652961  0.122418 0.0  0.284594  0.495153  0.359453  0.609930  0.199094  0.440768  0.388243  0.378414  0.181253  0.215048  0.187133  0.342415  0.232800  0.378588  0.390758  0.410281  0.273667  0.313950  0.379160  0.094385  0.351998  0.111014  0.444536  0.136465  0.192844  0.290188  0.255475  0.181297  0.271522  0.280420  0.462265  0.527715  0.472392  0.318081 
26  0.113220  0.967843  0.481481  0.206885  0.312288  0.655308  0.768286  0.956146  0.190407  0.388203  0.876201  0.402499  0.420555  0.176478  0.505779  0.465000  0.046872  0.737231  0.313459  0.497645  0.395503  0.085430  0.135548  0.559331  0.295252  0.284594 0.0  0.453164  0.273864  0.417465  0.189471  0.509207  0.283549  0.310386  0.144359  0.323482  0.235697  0.434633  0.167391  0.393456  0.503759  0.340265  0.177603  0.139376  0.380187  0.092836  0.227373  0.134903  0.609254  0.287472  0.158269  0.360102  0.088770  0.255040  0.282671  0.259253  0.353217  0.566781  0.485353  0.282645 
27  0.391840  0.842961  0.359739  0.472604  0.362987  0.991674  0.769819  0.895770  0.309069  0.338189  0.899663  0.498850  0.530262  0.368728  0.502974  0.544303  0.367158  0.576648  0.028524  0.358057  0.398181  0.395740  0.249725  0.957145  0.448438  0.495153  0.453164 0.0  0.281758  0.873399  0.511933  0.514663  0.379202  0.373223  0.578779  0.360695  0.531103  0.376691  0.553396  0.406346  0.404576  0.432011  0.370885  0.366730  0.010398  0.401021  0.238508  0.446636  0.419756  0.458183  0.592569  0.339110  0.489956  0.411538  0.379952  0.557698  0.409795  0.252287  0.493286  0.381382 
28  0.289724  0.461100  0.000000  0.258138  0.494452  0.720970  0.289620  0.507282  0.342957  0.312964  0.588041  0.146132  0.103646  0.414807  0.187226  0.520282  0.357583  0.278033  0.354336  0.288446  0.147946  0.220523  0.267907  0.793033  0.411243  0.359453  0.273864  0.281758 0.0  0.962107  0.260638  0.000000  0.331761  0.470758  0.349815  0.243182  0.353890  0.430455  0.383567  0.178180  0.043250  0.237656  0.266952  0.385034  0.467427  0.433075  0.233351  0.390010  0.063244  0.379169  0.342284  0.182581  0.407785  0.307948  0.366464  0.398629  0.458849  0.567234  0.145756  0.256754 
29  0.558606  0.400804  0.820147  0.535645  0.814534  0.496057  0.567037  0.333854  0.683652  0.743822  0.814261  0.726123  0.831619  0.418108  0.703141  0.467112  0.508272  0.533729  0.888166  0.899054  0.800493  0.616199  0.556803  0.176141  0.576379  0.609930  0.417465  0.873399  0.962107 0.0  0.479870  0.765096  0.766617  0.752431  0.526982  0.795132  0.455086  0.784413  0.542684  0.814457  0.754604  0.683604  0.556358  0.536818  0.808584  0.464312  0.531133  0.593123  0.708512  0.546653  0.525461  0.744015  0.582699  0.554819  0.743472  0.453210  0.716618  0.580449  0.849943  0.797499 
30  0.108862  0.836574  0.437004  0.269609  0.348295  0.718609  0.654510  0.890535  0.076744  0.212143  0.882444  0.429484  0.483209  0.257784  0.429849  0.477715  0.009368  0.610041  0.379316  0.360886  0.287051  0.145905  0.000000  0.669857  0.218304  0.199094  0.189471  0.511933  0.260638  0.479870 0.0  0.467434  0.464645  0.318528  0.203363  0.396317  0.219273  0.350631  0.217779  0.199697  0.549216  0.322736  0.199147  0.158076  0.468444  0.147637  0.293577  0.196845  0.455664  0.190252  0.162679  0.315398  0.113009  0.164475  0.304039  0.229798  0.388890  0.537715  0.303533  0.352831 
31  0.462878  0.531882  0.172468  0.476301  0.334933  0.904095  0.445718  0.630324  0.343492  0.368795  0.538288  0.188442  0.192603  0.459302  0.099397  0.521780  0.429548  0.369903  0.425746  0.000000  0.049098  0.338932  0.375571  0.947641  0.478093  0.440768  0.509207  0.514663  0.000000  0.765096  0.467434 0.0  0.153544  0.409106  0.427633  0.130904  0.435713  0.246182  0.366427  0.191528  0.185108  0.000000  0.492264  0.512613  0.311526  0.383100  0.309614  0.459817  0.248837  0.375040  0.502227  0.036742  0.508977  0.539483  0.101023  0.405129  0.346202  0.545040  0.106527  0.000000 
32  0.413299  0.655858  0.145707  0.432038  0.463858  0.729201  0.181705  0.558450  0.364403  0.361000  0.510055  0.105524  0.053586  0.421203  0.036747  0.455608  0.296766  0.324376  0.446833  0.154963  0.167170  0.373450  0.454098  0.851874  0.373960  0.388243  0.283549  0.379202  0.331761  0.766617  0.464645  0.153544 0.0  0.433463  0.394069  0.232500  0.359154  0.508493  0.342245  0.235790  0.162169  0.145150  0.316644  0.443537  0.308327  0.483833  0.312731  0.419589  0.075894  0.360516  0.324032  0.208448  0.437207  0.396653  0.314709  0.312836  0.470195  0.521836  0.180398  0.142858 
33  0.475909  0.883426  0.246938  0.330532  0.191596  0.787465  0.448163  0.711771  0.326749  0.038542  0.945075  0.514144  0.389024  0.354867  0.310405  0.504857  0.274130  0.502209  0.314585  0.487667  0.459523  0.329417  0.357752  0.781420  0.417963  0.378414  0.310386  0.373223  0.470758  0.752431  0.318528  0.409106  0.433463 0.0  0.374963  0.414411  0.416485  0.218042  0.334617  0.465722  0.266743  0.446367  0.334555  0.274183  0.371676  0.409340  0.334564  0.336243  0.219931  0.457764  0.381721  0.519540  0.341552  0.503354  0.501397  0.299058  0.188045  0.676326  0.396654  0.433233 
34  0.223578  0.755955  0.508060  0.179513  0.389292  0.501015  0.774542  0.789895  0.136621  0.363518  0.826858  0.501277  0.485622  0.287480  0.606540  0.573914  0.004537  0.720990  0.235952  0.243267  0.290202  0.098971  0.139104  0.613350  0.161690  0.181253  0.144359  0.578779  0.349815  0.526982  0.203363  0.427633  0.394069  0.374963 0.0  0.264621  0.189035  0.263132  0.181449  0.351113  0.568502  0.267957  0.217909  0.200530  0.224423  0.000000  0.273635  0.242768  0.561839  0.127807  0.193750  0.292014  0.136053  0.271244  0.356129  0.152933  0.422959  0.621555  0.426535  0.396271 
35  0.456671  0.705643  0.065500  0.380883  0.440163  0.789534  0.233681  0.549015  0.317395  0.356867  0.491687  0.201294  0.170912  0.359248  0.170070  0.461832  0.299719  0.286833  0.318988  0.210685  0.233602  0.264336  0.378990  0.747576  0.301758  0.215048  0.323482  0.360695  0.243182  0.795132  0.396317  0.130904  0.232500  0.414411  0.264621 0.0  0.352856  0.579241  0.361340  0.167760  0.187507  0.211437  0.367594  0.324087  0.309690  0.478189  0.312284  0.416380  0.114290  0.463136  0.267769  0.167472  0.322848  0.358424  0.136771  0.332703  0.398137  0.540063  0.160645  0.236780 
36  0.064297  0.800241  0.434976  0.206328  0.326822  0.561565  0.703831  0.957129  0.081228  0.266208  0.864620  0.339654  0.422688  0.284519  0.579837  0.556697  0.120319  0.665697  0.467356  0.281587  0.328031  0.107597  0.175617  0.653962  0.170969  0.187133  0.235697  0.531103  0.353890  0.455086  0.219273  0.435713  0.359154  0.416485  0.189035  0.352856 0.0  0.463433  0.167658  0.329216  0.481159  0.301323  0.173394  0.215809  0.363026  0.137298  0.258198  0.203476  0.501746  0.134227  0.224744  0.299931  0.192577  0.267016  0.292797  0.179630  0.323263  0.556539  0.539609  0.350795 
37  0.418806  0.898829  0.242315  0.233138  0.250456  0.614594  0.452174  0.651920  0.264465  0.072672  0.734331  0.350618  0.394319  0.392741  0.458545  0.486140  0.279342  0.604640  0.431649  0.504971  0.415746  0.329626  0.389447  0.730317  0.381518  0.342415  0.434633  0.376691  0.430455  0.784413  0.350631  0.246182  0.508493  0.218042  0.263132  0.579241  0.463433 0.0  0.327432  0.529788  0.416606  0.417960  0.336048  0.437582  0.349716  0.437679  0.367063  0.312828  0.347753  0.329684  0.479072  0.553554  0.255176  0.180819  0.480515  0.279206  0.148660  0.576102  0.295967  0.423412 
38  0.063066  0.893803  0.584248  0.288916  0.415848  0.613456  0.764353  0.900818  0.124818  0.290441  0.907035  0.347403  0.361987  0.156266  0.538479  0.505216  0.071831  0.741250  0.380248  0.358977  0.352605  0.062287  0.039990  0.557451  0.282411  0.232800  0.167391  0.553396  0.383567  0.542684  0.217779  0.366427  0.342245  0.334617  0.181449  0.361340  0.167658  0.327432 0.0  0.306474  0.474675  0.337661  0.201991  0.154859  0.364740  0.068413  0.302006  0.262122  0.488580  0.083064  0.228227  0.309514  0.242986  0.264531  0.367355  0.198706  0.257639  0.614962  0.344542  0.252442 
39  0.395822  0.631727  0.113727  0.231647  0.471622  0.810811  0.394761  0.557613  0.256688  0.386709  0.639949  0.281550  0.063614  0.269438  0.069262  0.555834  0.418394  0.294448  0.451480  0.271094  0.238374  0.427332  0.307348  0.865185  0.472767  0.378588  0.393456  0.406346  0.178180  0.814457  0.199697  0.191528  0.235790  0.465722  0.351113  0.167760  0.329216  0.529788  0.306474 0.0  0.115076  0.156938  0.223856  0.421146  0.251114  0.538230  0.209058  0.261738  0.053633  0.495205  0.272881  0.227581  0.338590  0.346996  0.239032  0.303122  0.479154  0.501520  0.099846  0.115554 
40  0.421890  0.579755  0.224160  0.464713  0.369052  0.820358  0.420021  0.576193  0.358486  0.306545  0.528636  0.104113  0.236007  0.483815  0.145497  0.542075  0.378050  0.428792  0.452855  0.041178  0.039476  0.238019  0.351594  0.902340  0.502216  0.390758  0.503759  0.404576  0.043250  0.754604  0.549216  0.185108  0.162169  0.266743  0.568502  0.187507  0.481159  0.416606  0.474675  0.115076 0.0  0.127544  0.485194  0.502209  0.308164  0.502612  0.412026  0.567060  0.184231  0.450561  0.426519  0.083171  0.438991  0.444094  0.058168  0.445989  0.387233  0.568981  0.113956  0.071624 
41  0.398796  0.643936  0.082314  0.248967  0.463471  0.679236  0.279090  0.454197  0.229790  0.388846  0.513823  0.200144  0.000000  0.437392  0.139952  0.572381  0.222843  0.273832  0.441400  0.133659  0.098012  0.432541  0.444428  0.844697  0.342974  0.410281  0.340265  0.432011  0.237656  0.683604  0.322736  0.000000  0.145150  0.446367  0.267957  0.211437  0.301323  0.417960  0.337661  0.156938  0.127544 0.0  0.344829  0.366757  0.334083  0.555118  0.351124  0.279693  0.072909  0.525613  0.217785  0.188013  0.256464  0.465681  0.231557  0.337962  0.450266  0.626184  0.139818  0.154218 
42  0.045212  0.950002  0.563491  0.294941  0.313791  0.678254  0.726634  0.813940  0.063757  0.347510  0.776855  0.491822  0.419118  0.016821  0.524607  0.494025  0.107850  0.638692  0.433985  0.302431  0.425185  0.141972  0.106142  0.510033  0.215544  0.273667  0.177603  0.370885  0.266952  0.556358  0.199147  0.492264  0.316644  0.334555  0.217909  0.367594  0.173394  0.336048  0.201991  0.223856  0.485194  0.344829 0.0  0.237041  0.273714  0.110402  0.376836  0.212667  0.517600  0.234151  0.149460  0.231541  0.145925  0.253057  0.275093  0.156335  0.320208  0.551874  0.376451  0.262757 
43  0.105547  0.864083  0.523572  0.125792  0.333381  0.692556  0.897244  0.858929  0.053742  0.170385  0.920725  0.312637  0.553204  0.264096  0.405980  0.562223  0.224990  0.662313  0.227203  0.333505  0.284207  0.171196  0.120023  0.642874  0.260150  0.313950  0.139376  0.366730  0.385034  0.536818  0.158076  0.512613  0.443537  0.274183  0.200530  0.324087  0.215809  0.437582  0.154859  0.421146  0.502209  0.366757  0.237041 0.0  0.291868  0.000000  0.272983  0.133934  0.521294  0.185192  0.086864  0.330759  0.244132  0.350702  0.406756  0.224230  0.346920  0.573448  0.386684  0.429481 
44  0.497733  0.773440  0.385943  0.300330  0.362167  0.747746  0.599150  0.933190  0.476032  0.367787  0.845446  0.348725  0.394036  0.325180  0.350462  0.556608  0.329736  0.626143  0.033260  0.364831  0.374959  0.430002  0.511789  0.879407  0.332224  0.379160  0.380187  0.010398  0.467427  0.808584  0.468444  0.311526  0.308327  0.371676  0.224423  0.309690  0.363026  0.349716  0.364740  0.251114  0.308164  0.334083  0.273714  0.291868 0.0  0.400649  0.253337  0.358637  0.361371  0.494346  0.374069  0.439759  0.374583  0.320616  0.328870  0.460781  0.350662  0.364829  0.544092  0.255282 
45  0.197022  0.811625  0.368173  0.000000  0.396256  0.611665  0.549826  0.695208  0.112513  0.382765  0.854283  0.421525  0.346092  0.030642  0.382736  0.585953  0.000000  0.591259  0.305938  0.503481  0.520358  0.037117  0.180433  0.376317  0.012476  0.094385  0.092836  0.401021  0.433075  0.464312  0.147637  0.383100  0.483833  0.409340  0.000000  0.478189  0.137298  0.437679  0.068413  0.538230  0.502612  0.555118  0.110402  0.000000  0.400649 0.0  0.371777  0.100303  0.359162  0.057717  0.187576  0.508049  0.121660  0.155049  0.501651  0.000000  0.488990  0.640235  0.402262  0.554190 
46  0.289293  0.708064  0.264647  0.338659  0.317294  0.787909  0.501845  0.776397  0.357391  0.374395  0.698815  0.264064  0.302387  0.255673  0.337829  0.604042  0.285211  0.455071  0.313073  0.281219  0.216550  0.232057  0.235709  0.815928  0.212438  0.351998  0.227373  0.238508  0.233351  0.531133  0.293577  0.309614  0.312731  0.334564  0.273635  0.312284  0.258198  0.367063  0.302006  0.209058  0.412026  0.351124  0.376836  0.272983  0.253337  0.371777 0.0  0.389038  0.195548  0.277696  0.288347  0.249780  0.329387  0.252160  0.236647  0.236376  0.279340  0.393380  0.271037  0.218561 
47  0.125453  0.898860  0.500329  0.192400  0.256312  0.595028  0.723924  0.948051  0.132987  0.289000  0.893414  0.537912  0.557402  0.128975  0.509473  0.508228  0.136030  0.759941  0.281183  0.277003  0.342302  0.088229  0.026465  0.575521  0.229613  0.111014  0.134903  0.446636  0.390010  0.593123  0.196845  0.459817  0.419589  0.336243  0.242768  0.416380  0.203476  0.312828  0.262122  0.261738  0.567060  0.279693  0.212667  0.133934  0.358637  0.100303  0.389038 0.0  0.433862  0.208617  0.209130  0.291536  0.222088  0.154095  0.176529  0.191426  0.387750  0.482352  0.465866  0.310197 
48  0.413454  0.569787  0.282032  0.439632  0.456876  0.800302  0.320358  0.691578  0.417340  0.352181  0.571168  0.148849  0.226071  0.548664  0.158537  0.515918  0.406900  0.330665  0.384288  0.000000  0.068033  0.306611  0.358195  0.930677  0.578011  0.444536  0.609254  0.419756  0.063244  0.708512  0.455664  0.248837  0.075894  0.219931  0.561839  0.114290  0.501746  0.347753  0.488580  0.053633  0.184231  0.072909  0.517600  0.521294  0.361371  0.359162  0.195548  0.433862 0.0  0.422266  0.496965  0.100639  0.426919  0.404034  0.000000  0.497800  0.275326  0.541095  0.189098  0.104553 
49  0.174130  0.886815  0.451418  0.098646  0.434060  0.636094  0.613094  1.000000  0.135946  0.368761  0.802665  0.378742  0.477780  0.125942  0.363133  0.503143  0.152084  0.609829  0.423593  0.294113  0.293750  0.122486  0.214527  0.607004  0.187461  0.136465  0.287472  0.458183  0.379169  0.546653  0.190252  0.375040  0.360516  0.457764  0.127807  0.463136  0.134227  0.329684  0.083064  0.495205  0.450561  0.525613  0.234151  0.185192  0.494346  0.057717  0.277696  0.208617  0.422266 0.0  0.213708  0.451994  0.260110  0.138379  0.436778  0.199251  0.531277  0.675600  0.399955  0.534036 
50  0.071876  0.856768  0.454234  0.154583  0.467961  0.631493  0.729994  0.890421  0.026083  0.406298  0.848163  0.438878  0.505316  0.136832  0.510739  0.500921  0.000000  0.653846  0.433845  0.381158  0.288716  0.054910  0.035814  0.603700  0.196913  0.192844  0.158269  0.592569  0.342284  0.525461  0.162679  0.502227  0.324032  0.381721  0.193750  0.267769  0.224744  0.479072  0.228227  0.272881  0.426519  0.217785  0.149460  0.086864  0.374069  0.187576  0.288347  0.209130  0.496965  0.213708 0.0  0.366987  0.144003  0.189309  0.486982  0.182692  0.502891  0.590526  0.486694  0.283612 
51  0.417525  0.588843  0.088650  0.372999  0.518746  0.817427  0.265685  0.540274  0.412305  0.293365  0.608979  0.060979  0.095572  0.404417  0.145396  0.539927  0.385662  0.272358  0.354440  0.265847  0.289807  0.192595  0.331648  0.818136  0.357615  0.290188  0.360102  0.339110  0.182581  0.744015  0.315398  0.036742  0.208448  0.519540  0.292014  0.167472  0.299931  0.553554  0.309514  0.227581  0.083171  0.188013  0.231541  0.330759  0.439759  0.508049  0.249780  0.291536  0.100639  0.451994  0.366987 0.0  0.281498  0.209036  0.222432  0.355441  0.512040  0.498814  0.087170  0.176401 
52  0.209977  0.882010  0.540333  0.205905  0.305846  0.621254  0.642089  0.921082  0.119000  0.505704  0.941658  0.423387  0.478000  0.169481  0.472424  0.500718  0.022502  0.868454  0.352559  0.322047  0.397121  0.136961  0.150217  0.592256  0.227139  0.255475  0.088770  0.489956  0.407785  0.582699  0.113009  0.508977  0.437207  0.341552  0.136053  0.322848  0.192577  0.255176  0.242986  0.338590  0.438991  0.256464  0.145925  0.244132  0.374583  0.121660  0.329387  0.222088  0.426919  0.260110  0.144003  0.281498 0.0  0.312906  0.381467  0.143044  0.351377  0.620989  0.405990  0.487834 
53  0.178915  0.849541  0.420886  0.215333  0.230874  0.633713  0.680232  0.845455  0.044350  0.351098  0.814419  0.397105  0.453536  0.188027  0.551289  0.467781  0.111626  0.661502  0.437238  0.408190  0.338475  0.103315  0.120126  0.659374  0.195155  0.181297  0.255040  0.411538  0.307948  0.554819  0.164475  0.539483  0.396653  0.503354  0.271244  0.358424  0.267016  0.180819  0.264531  0.346996  0.444094  0.465681  0.253057  0.350702  0.320616  0.155049  0.252160  0.154095  0.404034  0.138379  0.189309  0.209036  0.312906 0.0  0.376999  0.169428  0.385804  0.540026  0.446711  0.343923 
54  0.483726  0.508280  0.071561  0.393313  0.503171  0.718967  0.279693  0.506298  0.379929  0.414568  0.536101  0.161208  0.057729  0.277997  0.059771  0.500463  0.411504  0.402059  0.380130  0.232854  0.232607  0.331934  0.387607  0.904311  0.420315  0.271522  0.282671  0.379952  0.366464  0.743472  0.304039  0.101023  0.314709  0.501397  0.356129  0.136771  0.292797  0.480515  0.367355  0.239032  0.058168  0.231557  0.275093  0.406756  0.328870  0.501651  0.236647  0.176529  0.000000  0.436778  0.486982  0.222432  0.381467  0.376999 0.0  0.278325  0.499591  0.494696  0.132929  0.329144 
55  0.196300  0.770344  0.546222  0.174423  0.505176  0.604495  0.660416  0.896579  0.116555  0.362977  0.922679  0.452198  0.445976  0.290746  0.406945  0.394407  0.017832  0.692335  0.379285  0.346125  0.430285  0.102508  0.083028  0.719528  0.161332  0.280420  0.259253  0.557698  0.398629  0.453210  0.229798  0.405129  0.312836  0.299058  0.152933  0.332703  0.179630  0.279206  0.198706  0.303122  0.445989  0.337962  0.156335  0.224230  0.460781  0.000000  0.236376  0.191426  0.497800  0.199251  0.182692  0.355441  0.143044  0.169428  0.278325 0.0  0.337922  0.524321  0.341763  0.237528 
56  0.426212  0.760362  0.365057  0.264916  0.271997  0.839578  0.547505  0.755835  0.246900  0.079771  0.844268  0.492617  0.275173  0.275712  0.319768  0.455639  0.303980  0.484429  0.318613  0.539044  0.411438  0.363401  0.359223  0.810060  0.376927  0.462265  0.353217  0.409795  0.458849  0.716618  0.388890  0.346202  0.470195  0.188045  0.422959  0.398137  0.323263  0.148660  0.257639  0.479154  0.387233  0.450266  0.320208  0.346920  0.350662  0.488990  0.279340  0.387750  0.275326  0.531277  0.502891  0.512040  0.351377  0.385804  0.499591  0.337922 0.0  0.493436  0.381279  0.515940 
57  0.523063  0.593065  0.587241  0.562806  0.447251  0.570873  0.562294  0.689696  0.525372  0.689890  0.568587  0.659168  0.586657  0.515803  0.599680  0.421884  0.586672  0.656980  0.329587  0.640259  0.572337  0.556020  0.516539  0.511350  0.598373  0.527715  0.566781  0.252287  0.567234  0.580449  0.537715  0.545040  0.521836  0.676326  0.621555  0.540063  0.556539  0.576102  0.614962  0.501520  0.568981  0.626184  0.551874  0.573448  0.364829  0.640235  0.393380  0.482352  0.541095  0.675600  0.590526  0.498814  0.620989  0.540026  0.494696  0.524321  0.493436 0.0  0.586880  0.534582 
58  0.418096  0.602597  0.148380  0.353270  0.361362  0.774349  0.423598  0.476458  0.435400  0.385890  0.577411  0.000000  0.051143  0.441096  0.128805  0.499713  0.436277  0.308502  0.410791  0.133584  0.173520  0.385083  0.504771  0.751544  0.481883  0.472392  0.485353  0.493286  0.145756  0.849943  0.303533  0.106527  0.180398  0.396654  0.426535  0.160645  0.539609  0.295967  0.344542  0.099846  0.113956  0.139818  0.376451  0.386684  0.544092  0.402262  0.271037  0.465866  0.189098  0.399955  0.486694  0.087170  0.405990  0.446711  0.132929  0.341763  0.381279  0.586880 0.0  0.100160 
59  0.318361  0.538678  0.097082  0.397254  0.474105  0.737823  0.237060  0.323271  0.309984  0.254120  0.548562  0.204184  0.165960  0.311010  0.000000  0.563087  0.440181  0.327552  0.368877  0.217658  0.121624  0.391237  0.228796  0.896428  0.410391  0.318081  0.282645  0.381382  0.256754  0.797499  0.352831  0.000000  0.142858  0.433233  0.396271  0.236780  0.350795  0.423412  0.252442  0.115554  0.071624  0.154218  0.262757  0.429481  0.255282  0.554190  0.218561  0.310197  0.104553  0.534036  0.283612  0.176401  0.487834  0.343923  0.329144  0.237528  0.515940  0.534582  0.100160 0.0 
