60
0 0.0  0.771338  0.416020  0.213304  0.372607  0.561303  0.561787  0.712696  0.080029  0.334692  0.760987  0.465169  0.394657  0.262636  0.436737  0.537185  0.239237  0.572658  0.301919  0.433472  0.456970  0.108604  0.132152  0.493138  0.102274  0.079551  0.193743  0.382152  0.477691  0.510224  0.151185  0.362136  0.358817  0.476735  0.089418  0.398027  0.116625  0.424710  0.174125  0.479199  0.400088  0.393060  0.071050  0.158948  0.365610  0.185998  0.145198  0.155393  0.388810  0.245015  0.213811  0.395987  0.227424  0.104940  0.540219  0.154734  0.393245  0.614916  0.378743  0.564860 
1  0.771338 0.0  0.645470  0.814332  0.745357  0.832941  0.384329  0.087848  0.780973  0.807837  0.649713  0.443027  0.544464  0.819247  0.522985  0.430512  0.915645  0.378265  0.800618  0.527149  0.489944  0.786378  0.849804  0.445957  0.736255  0.845824  0.791594  0.826026  0.634049  0.430364  0.680110  0.490933  0.589384  0.782346  0.734728  0.615408  0.803993  0.823299  0.832998  0.600824  0.518398  0.499014  0.803161  0.774606  0.805351  0.796009  0.687038  0.756927  0.521427  0.831256  0.743099  0.566278  0.798089  0.718108  0.568477  0.842319  0.796704  0.595783  0.522097  0.553178 
2  0.416020  0.645470 0.0  0.534846  0.362094  0.822768  0.409217  0.590498  0.376858  0.412212  0.569517  0.264850  0.245215  0.358518  0.258650  0.495685  0.433751  0.352717  0.283453  0.128797  0.151023  0.384529  0.299602  0.780409  0.520734  0.336973  0.466064  0.544346  0.161156  0.740015  0.519002  0.202972  0.142861  0.282801  0.499184  0.036972  0.344340  0.361653  0.420751  0.101838  0.246298  0.019103  0.455486  0.449939  0.199066  0.326732  0.147469  0.453046  0.245577  0.338015  0.444939  0.052561  0.413066  0.537266  0.084218  0.427135  0.320729  0.505915  0.107328  0.000000 
3  0.213304  0.814332  0.534846 0.0  0.313644  0.688335  0.652474  0.916087  0.000000  0.185613  0.765921  0.367558  0.472145  0.219769  0.499908  0.527617  0.000000  0.675771  0.370248  0.140918  0.430985  0.031993  0.231899  0.630779  0.191892  0.158012  0.236518  0.486907  0.236407  0.537211  0.178052  0.359051  0.310056  0.352286  0.255884  0.239870  0.194890  0.305122  0.145596  0.336378  0.544418  0.370703  0.180422  0.232183  0.396829  0.097995  0.219288  0.243270  0.381247  0.237010  0.245418  0.344491  0.144353  0.110797  0.286529  0.211661  0.348746  0.669139  0.415790  0.314960 
4  0.372607  0.745357  0.362094  0.313644 0.0  0.759403  0.416501  0.769134  0.268926  0.024885  0.769341  0.440561  0.268639  0.209431  0.347235  0.504802  0.377509  0.477199  0.363655  0.514789  0.445352  0.310373  0.262910  0.715894  0.328725  0.313060  0.407217  0.314802  0.505244  0.784821  0.316832  0.278772  0.510223  0.244255  0.385740  0.464966  0.310659  0.288507  0.387485  0.500927  0.375653  0.472305  0.305950  0.206914  0.295250  0.521863  0.264818  0.407629  0.292623  0.445371  0.413837  0.414227  0.387046  0.324158  0.464384  0.370140  0.248202  0.553489  0.393873  0.430534 
5  0.561303  0.832941  0.822768  0.688335  0.759403 0.0  0.711472  0.724586  0.581282  0.741563  0.393709  0.811120  1.000000  0.638313  0.800151  0.485491  0.536922  0.743340  0.631183  0.775291  0.763015  0.549899  0.488238  0.706613  0.543686  0.585002  0.512100  0.851870  0.692809  0.375664  0.659069  0.876060  0.708909  0.755821  0.543443  0.825638  0.595054  0.742426  0.573278  0.868222  0.880553  0.639297  0.584552  0.628145  0.646848  0.503849  0.686892  0.550960  0.789909  0.574178  0.538434  0.643819  0.601984  0.543839  0.765053  0.632497  0.776992  0.368495  0.776532  0.791846 
6  0.561787  0.384329  0.409217  0.652474  0.416501  0.711472 0.0  0.465205  0.557553  0.463187  0.400340  0.309024  0.386552  0.511487  0.402308  0.470919  0.474229  0.343369  0.528152  0.262736  0.290779  0.607704  0.453197  0.655581  0.598547  0.662448  0.680117  0.805865  0.241831  0.580438  0.760545  0.325523  0.245693  0.593085  0.774543  0.371988  0.807081  0.590998  0.699492  0.264496  0.456468  0.319923  0.638199  0.656563  0.491634  0.505633  0.440766  0.713108  0.385710  0.586660  0.651153  0.293282  0.576549  0.708887  0.332344  0.610874  0.638445  0.518355  0.287702  0.179917 
7  0.712696  0.087848  0.590498  0.916087  0.769134  0.724586  0.465205 0.0  0.792166  0.782144  0.437063  0.552505  0.490781  0.860343  0.598075  0.485385  0.703756  0.427384  0.731508  0.450401  0.437705  0.707752  0.714002  0.422840  0.787569  0.922357  0.889214  0.906194  0.435470  0.296913  0.821058  0.560720  0.413649  0.697804  0.889800  0.410186  0.869724  0.608372  0.861867  0.446537  0.626168  0.483108  0.905491  0.859139  0.667735  0.712049  0.632724  0.903617  0.565651  0.687699  0.850180  0.447461  0.922967  0.845759  0.397207  0.971231  0.777283  0.582036  0.518076  0.510568 
8  0.080029  0.780973  0.376858  0.000000  0.268926  0.581282  0.557553  0.792166 0.0  0.261533  0.800706  0.357863  0.347402  0.086174  0.407612  0.543971  0.083354  0.573575  0.409353  0.331944  0.412094  0.200816  0.220827  0.537851  0.035055  0.074753  0.086213  0.362154  0.395469  0.678031  0.091819  0.326316  0.305413  0.266198  0.077704  0.326356  0.109917  0.292294  0.139471  0.438039  0.190713  0.312346  0.052229  0.028454  0.457914  0.055580  0.296639  0.036367  0.347249  0.077952  0.083992  0.314418  0.042653  0.018571  0.277893  0.095519  0.356052  0.567465  0.405866  0.325060 
9  0.334692  0.807837  0.412212  0.185613  0.024885  0.741563  0.463187  0.782144  0.261533 0.0  0.806471  0.482324  0.343354  0.290453  0.250885  0.392773  0.339045  0.508150  0.319458  0.369222  0.352639  0.343417  0.237556  0.737101  0.359509  0.389975  0.401491  0.320637  0.386709  0.808616  0.297877  0.266064  0.302296  0.100285  0.435116  0.408537  0.243525  0.000000  0.334599  0.283703  0.224068  0.397727  0.331504  0.392773  0.334804  0.261500  0.265902  0.455216  0.270089  0.424064  0.350482  0.410615  0.369923  0.323314  0.361763  0.312075  0.036823  0.626750  0.258214  0.200091 
10  0.760987  0.649713  0.569517  0.765921  0.769341  0.393709  0.400340  0.437063  0.800706  0.806471 0.0  0.551758  0.600389  0.951147  0.530564  0.523540  0.874175  0.368313  0.913746  0.535407  0.481015  0.745075  0.782559  0.779532  0.809111  0.721380  0.795279  0.802607  0.605218  0.788935  0.789720  0.621309  0.620675  0.793165  0.791037  0.524942  0.817637  0.820034  0.840137  0.618476  0.557466  0.548316  0.750131  0.772129  0.760143  0.851835  0.605606  0.768763  0.469487  0.716699  0.773576  0.619332  0.788815  0.680048  0.535071  0.875447  0.726020  0.605736  0.533869  0.554470 
11  0.465169  0.443027  0.264850  0.367558  0.440561  0.811120  0.309024  0.552505  0.357863  0.482324  0.551758 0.0  0.240538  0.446901  0.141102  0.531612  0.349005  0.444802  0.440722  0.168615  0.128739  0.313187  0.236545  0.880842  0.311552  0.346240  0.471989  0.452447  0.125609  0.951002  0.400325  0.101912  0.061893  0.481593  0.469476  0.129292  0.433924  0.377581  0.360084  0.171943  0.104282  0.182987  0.453503  0.325571  0.353860  0.384599  0.235419  0.442122  0.280127  0.369611  0.364592  0.089757  0.453680  0.363206  0.235039  0.422730  0.336981  0.636182  0.000000  0.246812 
12  0.394657  0.544464  0.245215  0.472145  0.268639  1.000000  0.386552  0.490781  0.347402  0.343354  0.600389  0.240538 0.0  0.420096  0.212119  0.429534  0.220163  0.349516  0.392191  0.044774  0.000000  0.363775  0.271494  0.917859  0.427607  0.440120  0.420641  0.514186  0.080061  0.739479  0.486889  0.081357  0.000000  0.310019  0.424400  0.069921  0.450894  0.371834  0.469298  0.165018  0.251615  0.069550  0.396425  0.483674  0.320231  0.261047  0.292004  0.504127  0.122369  0.440816  0.470953  0.157733  0.432039  0.355252  0.127294  0.442676  0.174968  0.480779  0.199314  0.165187 
13  0.262636  0.819247  0.358518  0.219769  0.209431  0.638313  0.511487  0.860343  0.086174  0.290453  0.951147  0.446901  0.420096 0.0  0.373273  0.478908  0.086525  0.660580  0.350179  0.347927  0.220248  0.017498  0.036748  0.554037  0.234554  0.210581  0.230749  0.514711  0.340636  0.496201  0.237229  0.439401  0.341894  0.394314  0.281453  0.302060  0.202167  0.314065  0.151705  0.378701  0.442803  0.346485  0.199953  0.163616  0.341780  0.000000  0.364333  0.124016  0.469678  0.042675  0.266764  0.290156  0.288278  0.184904  0.369502  0.193306  0.315561  0.490866  0.452553  0.251833 
14  0.436737  0.522985  0.258650  0.499908  0.347235  0.800151  0.402308  0.598075  0.407612  0.250885  0.530564  0.141102  0.212119  0.373273 0.0  0.537422  0.239699  0.463869  0.376902  0.056349  0.092215  0.260496  0.206223  0.826137  0.477254  0.431403  0.455987  0.512457  0.169187  0.684720  0.501203  0.131998  0.051489  0.289858  0.497348  0.124003  0.407740  0.275010  0.413910  0.084386  0.165252  0.069720  0.497653  0.332870  0.374501  0.313649  0.306768  0.438894  0.203358  0.343383  0.481841  0.000000  0.352901  0.417086  0.073839  0.453683  0.378960  0.547160  0.176745  0.197834 
15  0.537185  0.430512  0.495685  0.527617  0.504802  0.485491  0.470919  0.485385  0.543971  0.392773  0.523540  0.531612  0.429534  0.478908  0.537422 0.0  0.465851  0.419083  0.536330  0.456286  0.405564  0.472259  0.508682  0.513497  0.456699  0.427330  0.388007  0.562980  0.447411  0.561924  0.429470  0.534169  0.435661  0.524646  0.510143  0.466333  0.477404  0.424477  0.569151  0.506025  0.458499  0.395834  0.430663  0.504403  0.477765  0.388517  0.423284  0.523387  0.427236  0.520992  0.450429  0.501741  0.534852  0.458222  0.467499  0.450671  0.425965  0.413624  0.452330  0.552317 
16  0.239237  0.915645  0.433751  0.000000  0.377509  0.536922  0.474229  0.703756  0.083354  0.339045  0.874175  0.349005  0.220163  0.086525  0.239699  0.465851 0.0  0.606092  0.323551  0.312046  0.233688  0.020193  0.005615  0.517631  0.037984  0.031587  0.081403  0.274533  0.459929  0.494215  0.028474  0.357773  0.208043  0.302764  0.077445  0.287180  0.073333  0.326682  0.081462  0.320623  0.353171  0.347431  0.116054  0.000000  0.330177  0.150192  0.265358  0.051687  0.272143  0.155871  0.151617  0.319401  0.140632  0.101710  0.342680  0.111342  0.410633  0.350508  0.531316  0.325832 
17  0.572658  0.378265  0.352717  0.675771  0.477199  0.743340  0.343369  0.427384  0.573575  0.508150  0.368313  0.444802  0.349516  0.660580  0.463869  0.419083  0.606092 0.0  0.505769  0.328168  0.324126  0.632833  0.570371  0.741485  0.637054  0.618408  0.629959  0.574172  0.293247  0.562841  0.655275  0.451051  0.340591  0.362622  0.702915  0.259598  0.588243  0.575550  0.726632  0.185689  0.371827  0.307026  0.772939  0.660008  0.456361  0.530784  0.397583  0.679660  0.416159  0.610040  0.631892  0.294088  0.719958  0.636098  0.212116  0.593105  0.552505  0.497411  0.410008  0.229515 
18  0.301919  0.800618  0.283453  0.370248  0.363655  0.631183  0.528152  0.731508  0.409353  0.319458  0.913746  0.440722  0.392191  0.350179  0.376902  0.536330  0.323551  0.505769 0.0  0.317524  0.431398  0.373664  0.194010  0.756640  0.244017  0.421972  0.356429  0.078570  0.256586  0.752518  0.355512  0.322917  0.313410  0.385805  0.307503  0.235265  0.330834  0.384970  0.292712  0.270514  0.330322  0.285545  0.281669  0.303754  0.092697  0.357452  0.223862  0.346638  0.400898  0.540510  0.255874  0.272003  0.361104  0.391179  0.356083  0.284269  0.425131  0.314098  0.347589  0.436682 
19  0.433472  0.527149  0.128797  0.140918  0.514789  0.775291  0.262736  0.450401  0.331944  0.369222  0.535407  0.168615  0.044774  0.347927  0.056349  0.456286  0.312046  0.328168  0.317524 0.0  0.145943  0.289152  0.310619  0.718601  0.301043  0.304545  0.360661  0.426944  0.155176  0.669364  0.320253  0.075840  0.186930  0.413579  0.299353  0.208779  0.295052  0.519682  0.374161  0.143653  0.044359  0.240272  0.378938  0.259939  0.348050  0.381066  0.224083  0.264218  0.000000  0.398909  0.263054  0.184180  0.220706  0.254508  0.141884  0.353249  0.524849  0.544282  0.125957  0.236396 
20  0.456970  0.489944  0.151023  0.430985  0.445352  0.763015  0.290779  0.437705  0.412094  0.352639  0.481015  0.128739  0.000000  0.220248  0.092215  0.405564  0.233688  0.324126  0.431398  0.145943 0.0  0.339325  0.290313  0.785080  0.293960  0.316698  0.345353  0.331526  0.260643  0.774366  0.354877  0.065781  0.053317  0.358955  0.334174  0.179119  0.353284  0.449495  0.339742  0.221770  0.138511  0.129220  0.311363  0.337954  0.388128  0.515408  0.265307  0.397733  0.186783  0.252183  0.242815  0.149467  0.326543  0.373211  0.136041  0.327120  0.547092  0.561326  0.087320  0.307377 
21  0.108604  0.786378  0.384529  0.031993  0.310373  0.549899  0.607704  0.707752  0.200816  0.343417  0.745075  0.313187  0.363775  0.017498  0.260496  0.472259  0.020193  0.632833  0.373664  0.289152  0.339325 0.0  0.169658  0.445804  0.114959  0.000000  0.038137  0.409458  0.306816  0.586102  0.000000  0.391709  0.351913  0.251598  0.036681  0.459867  0.042530  0.302889  0.033517  0.409136  0.406435  0.360751  0.153684  0.079169  0.510749  0.003475  0.268653  0.112819  0.317356  0.146987  0.135018  0.208120  0.091852  0.020138  0.379533  0.053512  0.303711  0.560018  0.316576  0.301232 
22  0.132152  0.849804  0.299602  0.231899  0.262910  0.488238  0.453197  0.714002  0.220827  0.237556  0.782559  0.236545  0.271494  0.036748  0.206223  0.508682  0.005615  0.570371  0.194010  0.310619  0.290313  0.169658 0.0  0.465813  0.070419  0.045504  0.182664  0.301423  0.273069  0.535943  0.125490  0.329341  0.356802  0.372427  0.112305  0.392429  0.162411  0.335536  0.050241  0.381172  0.386048  0.388317  0.049519  0.059361  0.422000  0.170608  0.321963  0.029422  0.267369  0.163263  0.144084  0.317224  0.160354  0.082385  0.251032  0.000000  0.319085  0.504668  0.347938  0.304610 
23  0.493138  0.445957  0.780409  0.630779  0.715894  0.706613  0.655581  0.422840  0.537851  0.737101  0.779532  0.880842  0.917859  0.554037  0.826137  0.513497  0.517631  0.741485  0.756640  0.718601  0.785080  0.445804  0.465813 0.0  0.571730  0.614418  0.580497  0.828469  0.811581  0.153609  0.632608  0.782575  0.738933  0.742160  0.614614  0.696189  0.605635  0.851873  0.566071  0.721245  0.979414  0.741264  0.603427  0.599229  0.788103  0.486580  0.728178  0.580016  0.732665  0.652933  0.663829  0.787173  0.624191  0.542630  0.747828  0.658541  0.734184  0.636822  0.802852  0.777357 
24  0.102274  0.736255  0.520734  0.191892  0.328725  0.543686  0.598547  0.787569  0.035055  0.359509  0.809111  0.311552  0.427607  0.234554  0.477254  0.456699  0.037984  0.637054  0.244017  0.301043  0.293960  0.114959  0.070419  0.571730 0.0  0.249975  0.114091  0.524746  0.380255  0.458905  0.156534  0.482869  0.331613  0.311509  0.290787  0.348499  0.240981  0.320808  0.119624  0.338796  0.491356  0.278240  0.147522  0.159131  0.355332  0.140823  0.332683  0.139556  0.436883  0.025867  0.176606  0.288733  0.184870  0.166536  0.143866  0.157196  0.343041  0.499452  0.447004  0.265605 
25  0.079551  0.845824  0.336973  0.158012  0.313060  0.585002  0.662448  0.922357  0.074753  0.389975  0.721380  0.346240  0.440120  0.210581  0.431403  0.427330  0.031587  0.618408  0.421972  0.304545  0.316698  0.000000  0.045504  0.614418  0.249975 0.0  0.212371  0.449947  0.278650  0.560628  0.137442  0.400170  0.278961  0.404026  0.273651  0.469209  0.250916  0.373554  0.185983  0.449069  0.402569  0.382592  0.210601  0.217550  0.369074  0.077717  0.307835  0.217623  0.364402  0.086795  0.168262  0.362016  0.178761  0.242672  0.335762  0.192716  0.350798  0.487315  0.417477  0.393471 
26  0.193743  0.791594  0.466064  0.236518  0.407217  0.512100  0.680117  0.889214  0.086213  0.401491  0.795279  0.471989  0.420641  0.230749  0.455987  0.388007  0.081403  0.629959  0.356429  0.360661  0.345353  0.038137  0.182664  0.580497  0.114091  0.212371 0.0  0.416235  0.240424  0.408072  0.159522  0.439386  0.419266  0.367791  0.109962  0.268870  0.175225  0.380622  0.158334  0.321712  0.541843  0.220632  0.232298  0.197422  0.352346  0.034625  0.309249  0.310441  0.488680  0.090311  0.119086  0.385113  0.292823  0.202283  0.292718  0.150803  0.280068  0.503763  0.356031  0.311253 
27  0.382152  0.826026  0.544346  0.486907  0.314802  0.851870  0.805865  0.906194  0.362154  0.320637  0.802607  0.452447  0.514186  0.514711  0.512457  0.562980  0.274533  0.574172  0.078570  0.426944  0.331526  0.409458  0.301423  0.828469  0.524746  0.449947  0.416235 0.0  0.341772  0.713259  0.442654  0.388395  0.312780  0.253643  0.489030  0.373217  0.387366  0.250249  0.520716  0.269705  0.511895  0.230153  0.417832  0.456976  0.096977  0.286186  0.260047  0.553255  0.410918  0.439751  0.575478  0.299794  0.389863  0.410514  0.247412  0.546614  0.317257  0.216199  0.450896  0.436653 
28  0.477691  0.634049  0.161156  0.236407  0.505244  0.692809  0.241831  0.435470  0.395469  0.386709  0.605218  0.125609  0.080061  0.340636  0.169187  0.447411  0.459929  0.293247  0.256586  0.155176  0.260643  0.306816  0.273069  0.811581  0.380255  0.278650  0.240424  0.341772 0.0  0.761910  0.324662  0.039075  0.109989  0.543687  0.185799  0.244427  0.262120  0.430645  0.237703  0.190219  0.035202  0.145148  0.393916  0.298795  0.272271  0.572648  0.220295  0.252210  0.089359  0.318568  0.356565  0.268275  0.288771  0.239573  0.157912  0.301037  0.471644  0.485935  0.052229  0.253917 
29  0.510224  0.430364  0.740015  0.537211  0.784821  0.375664  0.580438  0.296913  0.678031  0.808616  0.788935  0.951002  0.739479  0.496201  0.684720  0.561924  0.494215  0.562841  0.752518  0.669364  0.774366  0.586102  0.535943  0.153609  0.458905  0.560628  0.408072  0.713259  0.761910 0.0  0.410417  0.749487  0.645659  0.717816  0.427358  0.669155  0.473381  0.806664  0.479152  0.815455  0.801464  0.673289  0.443608  0.444506  0.870304  0.443140  0.731839  0.465768  0.732288  0.561198  0.544636  0.801053  0.456470  0.423082  0.607198  0.508291  0.765831  0.560173  0.773090  0.794444 
30  0.151185  0.680110  0.519002  0.178052  0.316832  0.659069  0.760545  0.821058  0.091819  0.297877  0.789720  0.400325  0.486889  0.237229  0.501203  0.429470  0.028474  0.655275  0.355512  0.320253  0.354877  0.000000  0.125490  0.632608  0.156534  0.137442  0.159522  0.442654  0.324662  0.410417 0.0  0.473715  0.274135  0.342198  0.218030  0.204614  0.201520  0.262081  0.154172  0.455687  0.433275  0.411881  0.221630  0.231315  0.358445  0.070010  0.304606  0.101525  0.526226  0.105802  0.240595  0.231993  0.236399  0.186751  0.279645  0.201928  0.321040  0.556168  0.377298  0.394480 
31  0.362136  0.490933  0.202972  0.359051  0.278772  0.876060  0.325523  0.560720  0.326316  0.266064  0.621309  0.101912  0.081357  0.439401  0.131998  0.534169  0.357773  0.451051  0.322917  0.075840  0.065781  0.391709  0.329341  0.782575  0.482869  0.400170  0.439386  0.388395  0.039075  0.749487  0.473715 0.0  0.035932  0.328562  0.421988  0.062319  0.518654  0.416891  0.487360  0.091332  0.101617  0.000000  0.512703  0.468009  0.268231  0.241749  0.313610  0.419973  0.285790  0.465192  0.492297  0.159324  0.513939  0.504586  0.053297  0.431297  0.390716  0.533900  0.115354  0.070429 
32  0.358817  0.589384  0.142861  0.310056  0.510223  0.708909  0.245693  0.413649  0.305413  0.302296  0.620675  0.061893  0.000000  0.341894  0.051489  0.435661  0.208043  0.340591  0.313410  0.186930  0.053317  0.351913  0.356802  0.738933  0.331613  0.278961  0.419266  0.312780  0.109989  0.645659  0.274135  0.035932 0.0  0.500648  0.378390  0.144208  0.265959  0.481632  0.312190  0.148645  0.000000  0.268731  0.281304  0.295262  0.266731  0.444080  0.216482  0.294460  0.138891  0.437139  0.353268  0.211389  0.350541  0.423799  0.274284  0.334307  0.489287  0.612296  0.021452  0.229553 
33  0.476735  0.782346  0.282801  0.352286  0.244255  0.755821  0.593085  0.697804  0.266198  0.100285  0.793165  0.481593  0.310019  0.394314  0.289858  0.524646  0.302764  0.362622  0.385805  0.413579  0.358955  0.251598  0.372427  0.742160  0.311509  0.404026  0.367791  0.253643  0.543687  0.717816  0.342198  0.328562  0.500648 0.0  0.368054  0.448044  0.376969  0.254515  0.407571  0.441521  0.346995  0.494505  0.395705  0.298540  0.362944  0.451361  0.257951  0.319203  0.425503  0.427457  0.355356  0.542235  0.211538  0.304773  0.526832  0.233560  0.145046  0.594489  0.348423  0.483184 
34  0.089418  0.734728  0.499184  0.255884  0.385740  0.543443  0.774543  0.889800  0.077704  0.435116  0.791037  0.469476  0.424400  0.281453  0.497348  0.510143  0.077445  0.702915  0.307503  0.299353  0.334174  0.036681  0.112305  0.614614  0.290787  0.273651  0.109962  0.489030  0.185799  0.427358  0.218030  0.421988  0.378390  0.368054 0.0  0.379129  0.113775  0.292965  0.164828  0.397584  0.515317  0.360369  0.303009  0.128275  0.433917  0.027220  0.226869  0.153391  0.370926  0.143456  0.191435  0.362395  0.156942  0.269024  0.232296  0.197735  0.343269  0.535882  0.364737  0.334796 
35  0.398027  0.615408  0.036972  0.239870  0.464966  0.825638  0.371988  0.410186  0.326356  0.408537  0.524942  0.129292  0.069921  0.302060  0.124003  0.466333  0.287180  0.259598  0.235265  0.208779  0.179119  0.459867  0.392429  0.696189  0.348499  0.469209  0.268870  0.373217  0.244427  0.669155  0.204614  0.062319  0.144208  0.448044  0.379129 0.0  0.292495  0.464322  0.414294  0.291604  0.140529  0.173064  0.389854  0.363474  0.359763  0.392879  0.269341  0.235892  0.000000  0.475843  0.362622  0.177765  0.410507  0.271753  0.250918  0.417732  0.505484  0.581308  0.170141  0.217361 
36  0.116625  0.803993  0.344340  0.194890  0.310659  0.595054  0.807081  0.869724  0.109917  0.243525  0.817637  0.433924  0.450894  0.202167  0.407740  0.477404  0.073333  0.588243  0.330834  0.295052  0.353284  0.042530  0.162411  0.605635  0.240981  0.250916  0.175225  0.387366  0.262120  0.473381  0.201520  0.518654  0.265959  0.376969  0.113775  0.292495 0.0  0.302744  0.267945  0.329434  0.425352  0.304536  0.254595  0.133612  0.336165  0.000000  0.225807  0.235004  0.469343  0.061258  0.187811  0.308876  0.246365  0.234282  0.285238  0.203154  0.385472  0.562954  0.397134  0.290998 
37  0.424710  0.823299  0.361653  0.305122  0.288507  0.742426  0.590998  0.608372  0.292294  0.000000  0.820034  0.377581  0.371834  0.314065  0.275010  0.424477  0.326682  0.575550  0.384970  0.519682  0.449495  0.302889  0.335536  0.851873  0.320808  0.373554  0.380622  0.250249  0.430645  0.806664  0.262081  0.416891  0.481632  0.254515  0.292965  0.464322  0.302744 0.0  0.263500  0.524632  0.317453  0.477816  0.273142  0.377574  0.318851  0.412706  0.279972  0.302408  0.228291  0.389159  0.324790  0.361252  0.312757  0.352266  0.446625  0.259844  0.139951  0.478203  0.515338  0.413813 
38  0.174125  0.832998  0.420751  0.145596  0.387485  0.573278  0.699492  0.861867  0.139471  0.334599  0.840137  0.360084  0.469298  0.151705  0.413910  0.569151  0.081462  0.726632  0.292712  0.374161  0.339742  0.033517  0.050241  0.566071  0.119624  0.185983  0.158334  0.520716  0.237703  0.479152  0.154172  0.487360  0.312190  0.407571  0.164828  0.414294  0.267945  0.263500 0.0  0.314934  0.472174  0.371415  0.318350  0.220814  0.327454  0.122543  0.304760  0.260993  0.380304  0.157376  0.142522  0.288989  0.144581  0.199595  0.371021  0.158668  0.319467  0.540267  0.305381  0.290460 
39  0.479199  0.600824  0.101838  0.336378  0.500927  0.868222  0.264496  0.446537  0.438039  0.283703  0.618476  0.171943  0.165018  0.378701  0.084386  0.506025  0.320623  0.185689  0.270514  0.143653  0.221770  0.409136  0.381172  0.721245  0.338796  0.449069  0.321712  0.269705  0.190219  0.815455  0.455687  0.091332  0.148645  0.441521  0.397584  0.291604  0.329434  0.524632  0.314934 0.0  0.000000  0.110028  0.365041  0.366402  0.249540  0.448719  0.340222  0.258049  0.186605  0.318565  0.318832  0.126699  0.335284  0.269856  0.150836  0.357453  0.438961  0.549833  0.132627  0.176393 
40  0.400088  0.518398  0.246298  0.544418  0.375653  0.880553  0.456468  0.626168  0.190713  0.224068  0.557466  0.104282  0.251615  0.442803  0.165252  0.458499  0.353171  0.371827  0.330322  0.044359  0.138511  0.406435  0.386048  0.979414  0.491356  0.402569  0.541843  0.511895  0.035202  0.801464  0.433275  0.101617  0.000000  0.346995  0.515317  0.140529  0.425352  0.317453  0.472174  0.000000 0.0  0.120847  0.501074  0.470588  0.310807  0.332507  0.227867  0.455659  0.169141  0.255002  0.459822  0.089336  0.496320  0.467361  0.109724  0.457789  0.383254  0.536677  0.050000  0.032429 
41  0.393060  0.499014  0.019103  0.370703  0.472305  0.639297  0.319923  0.483108  0.312346  0.397727  0.548316  0.182987  0.069550  0.346485  0.069720  0.395834  0.347431  0.307026  0.285545  0.240272  0.129220  0.360751  0.388317  0.741264  0.278240  0.382592  0.220632  0.230153  0.145148  0.673289  0.411881  0.000000  0.268731  0.494505  0.360369  0.173064  0.304536  0.477816  0.371415  0.110028  0.120847 0.0  0.370820  0.409716  0.307641  0.560909  0.226838  0.398560  0.000000  0.433821  0.243183  0.236118  0.486606  0.346090  0.212959  0.364777  0.393896  0.509769  0.124612  0.143016 
42  0.071050  0.803161  0.455486  0.180422  0.305950  0.584552  0.638199  0.905491  0.052229  0.331504  0.750131  0.453503  0.396425  0.199953  0.497653  0.430663  0.116054  0.772939  0.281669  0.378938  0.311363  0.153684  0.049519  0.603427  0.147522  0.210601  0.232298  0.417832  0.393916  0.443608  0.221630  0.512703  0.281304  0.395705  0.303009  0.389854  0.254595  0.273142  0.318350  0.365041  0.501074  0.370820 0.0  0.136057  0.302027  0.096254  0.234079  0.183301  0.464474  0.151696  0.236395  0.303036  0.236248  0.163576  0.418806  0.141978  0.414590  0.510498  0.299282  0.227678 
43  0.158948  0.774606  0.449939  0.232183  0.206914  0.628145  0.656563  0.859139  0.028454  0.392773  0.772129  0.325571  0.483674  0.163616  0.332870  0.504403  0.000000  0.660008  0.303754  0.259939  0.337954  0.079169  0.059361  0.599229  0.159131  0.217550  0.197422  0.456976  0.298795  0.444506  0.231315  0.468009  0.295262  0.298540  0.128275  0.363474  0.133612  0.377574  0.220814  0.366402  0.470588  0.409716  0.136057 0.0  0.372263  0.191513  0.329959  0.141713  0.313394  0.250769  0.110370  0.299571  0.225924  0.227215  0.395336  0.189858  0.308398  0.475972  0.371605  0.438970 
44  0.365610  0.805351  0.199066  0.396829  0.295250  0.646848  0.491634  0.667735  0.457914  0.334804  0.760143  0.353860  0.320231  0.341780  0.374501  0.477765  0.330177  0.456361  0.092697  0.348050  0.388128  0.510749  0.422000  0.788103  0.355332  0.369074  0.352346  0.096977  0.272271  0.870304  0.358445  0.268231  0.266731  0.362944  0.433917  0.359763  0.336165  0.318851  0.327454  0.249540  0.310807  0.307641  0.302027  0.372263 0.0  0.370718  0.169436  0.285420  0.330003  0.402643  0.332462  0.407810  0.352751  0.330381  0.398317  0.263145  0.262764  0.282595  0.474233  0.236535 
45  0.185998  0.796009  0.326732  0.097995  0.521863  0.503849  0.505633  0.712049  0.055580  0.261500  0.851835  0.384599  0.261047  0.000000  0.313649  0.388517  0.150192  0.530784  0.357452  0.381066  0.515408  0.003475  0.170608  0.486580  0.140823  0.077717  0.034625  0.286186  0.572648  0.443140  0.070010  0.241749  0.444080  0.451361  0.027220  0.392879  0.000000  0.412706  0.122543  0.448719  0.332507  0.560909  0.096254  0.191513  0.370718 0.0  0.231256  0.000000  0.318199  0.033570  0.102750  0.446254  0.046907  0.061881  0.457726  0.053893  0.481712  0.481607  0.446235  0.407387 
46  0.145198  0.687038  0.147469  0.219288  0.264818  0.686892  0.440766  0.632724  0.296639  0.265902  0.605606  0.235419  0.292004  0.364333  0.306768  0.423284  0.265358  0.397583  0.223862  0.224083  0.265307  0.268653  0.321963  0.728178  0.332683  0.307835  0.309249  0.260047  0.220295  0.731839  0.304606  0.313610  0.216482  0.257951  0.226869  0.269341  0.225807  0.279972  0.304760  0.340222  0.227867  0.226838  0.234079  0.329959  0.169436  0.231256 0.0  0.240195  0.283050  0.295422  0.268066  0.346754  0.278936  0.266052  0.329736  0.332905  0.148509  0.458409  0.272703  0.286834 
47  0.155393  0.756927  0.453046  0.243270  0.407629  0.550960  0.713108  0.903617  0.036367  0.455216  0.768763  0.442122  0.504127  0.124016  0.438894  0.523387  0.051687  0.679660  0.346638  0.264218  0.397733  0.112819  0.029422  0.580016  0.139556  0.217623  0.310441  0.553255  0.252210  0.465768  0.101525  0.419973  0.294460  0.319203  0.153391  0.235892  0.235004  0.302408  0.260993  0.258049  0.455659  0.398560  0.183301  0.141713  0.285420  0.000000  0.240195 0.0  0.418668  0.228238  0.138252  0.382501  0.165710  0.139463  0.232997  0.273899  0.308738  0.605996  0.380579  0.343394 
48  0.388810  0.521427  0.245577  0.381247  0.292623  0.789909  0.385710  0.565651  0.347249  0.270089  0.469487  0.280127  0.122369  0.469678  0.203358  0.427236  0.272143  0.416159  0.400898  0.000000  0.186783  0.317356  0.267369  0.732665  0.436883  0.364402  0.488680  0.410918  0.089359  0.732288  0.526226  0.285790  0.138891  0.425503  0.370926  0.000000  0.469343  0.228291  0.380304  0.186605  0.169141  0.000000  0.464474  0.313394  0.330003  0.318199  0.283050  0.418668 0.0  0.417829  0.324452  0.088899  0.544708  0.511265  0.000000  0.478984  0.395155  0.433294  0.130045  0.064092 
49  0.245015  0.831256  0.338015  0.237010  0.445371  0.574178  0.586660  0.687699  0.077952  0.424064  0.716699  0.369611  0.440816  0.042675  0.343383  0.520992  0.155871  0.610040  0.540510  0.398909  0.252183  0.146987  0.163263  0.652933  0.025867  0.086795  0.090311  0.439751  0.318568  0.561198  0.105802  0.465192  0.437139  0.427457  0.143456  0.475843  0.061258  0.389159  0.157376  0.318565  0.255002  0.433821  0.151696  0.250769  0.402643  0.033570  0.295422  0.228238  0.417829 0.0  0.166250  0.372346  0.231573  0.196943  0.433446  0.160523  0.402490  0.607631  0.387637  0.343210 
50  0.213811  0.743099  0.444939  0.245418  0.413837  0.538434  0.651153  0.850180  0.083992  0.350482  0.773576  0.364592  0.470953  0.266764  0.481841  0.450429  0.151617  0.631892  0.255874  0.263054  0.242815  0.135018  0.144084  0.663829  0.176606  0.168262  0.119086  0.575478  0.356565  0.544636  0.240595  0.492297  0.353268  0.355356  0.191435  0.362622  0.187811  0.324790  0.142522  0.318832  0.459822  0.243183  0.236395  0.110370  0.332462  0.102750  0.268066  0.138252  0.324452  0.166250 0.0  0.392338  0.210024  0.336385  0.429878  0.241415  0.381566  0.537833  0.368928  0.324384 
51  0.395987  0.566278  0.052561  0.344491  0.414227  0.643819  0.293282  0.447461  0.314418  0.410615  0.619332  0.089757  0.157733  0.290156  0.000000  0.501741  0.319401  0.294088  0.272003  0.184180  0.149467  0.208120  0.317224  0.787173  0.288733  0.362016  0.385113  0.299794  0.268275  0.801053  0.231993  0.159324  0.211389  0.542235  0.362395  0.177765  0.308876  0.361252  0.288989  0.126699  0.089336  0.236118  0.303036  0.299571  0.407810  0.446254  0.346754  0.382501  0.088899  0.372346  0.392338 0.0  0.396546  0.318693  0.217347  0.327082  0.352939  0.563593  0.161558  0.206040 
52  0.227424  0.798089  0.413066  0.144353  0.387046  0.601984  0.576549  0.922967  0.042653  0.369923  0.788815  0.453680  0.432039  0.288278  0.352901  0.534852  0.140632  0.719958  0.361104  0.220706  0.326543  0.091852  0.160354  0.624191  0.184870  0.178761  0.292823  0.389863  0.288771  0.456470  0.236399  0.513939  0.350541  0.211538  0.156942  0.410507  0.246365  0.312757  0.144581  0.335284  0.496320  0.486606  0.236248  0.225924  0.352751  0.046907  0.278936  0.165710  0.544708  0.231573  0.210024  0.396546 0.0  0.276678  0.309936  0.294873  0.380859  0.547268  0.274128  0.273272 
53  0.104940  0.718108  0.537266  0.110797  0.324158  0.543839  0.708887  0.845759  0.018571  0.323314  0.680048  0.363206  0.355252  0.184904  0.417086  0.458222  0.101710  0.636098  0.391179  0.254508  0.373211  0.020138  0.082385  0.542630  0.166536  0.242672  0.202283  0.410514  0.239573  0.423082  0.186751  0.504586  0.423799  0.304773  0.269024  0.271753  0.234282  0.352266  0.199595  0.269856  0.467361  0.346090  0.163576  0.227215  0.330381  0.061881  0.266052  0.139463  0.511265  0.196943  0.336385  0.318693  0.276678 0.0  0.353220  0.158569  0.285093  0.648113  0.311566  0.283813 
54  0.540219  0.568477  0.084218  0.286529  0.464384  0.765053  0.332344  0.397207  0.277893  0.361763  0.535071  0.235039  0.127294  0.369502  0.073839  0.467499  0.342680  0.212116  0.356083  0.141884  0.136041  0.379533  0.251032  0.747828  0.143866  0.335762  0.292718  0.247412  0.157912  0.607198  0.279645  0.053297  0.274284  0.526832  0.232296  0.250918  0.285238  0.446625  0.371021  0.150836  0.109724  0.212959  0.418806  0.395336  0.398317  0.457726  0.329736  0.232997  0.000000  0.433446  0.429878  0.217347  0.309936  0.353220 0.0  0.265948  0.541988  0.587879  0.129994  0.224888 
55  0.154734  0.842319  0.427135  0.211661  0.370140  0.632497  0.610874  0.971231  0.095519  0.312075  0.875447  0.422730  0.442676  0.193306  0.453683  0.450671  0.111342  0.593105  0.284269  0.353249  0.327120  0.053512  0.000000  0.658541  0.157196  0.192716  0.150803  0.546614  0.301037  0.508291  0.201928  0.431297  0.334307  0.233560  0.197735  0.417732  0.203154  0.259844  0.158668  0.357453  0.457789  0.364777  0.141978  0.189858  0.263145  0.053893  0.332905  0.273899  0.478984  0.160523  0.241415  0.327082  0.294873  0.158569  0.265948 0.0  0.303250  0.528520  0.484298  0.362881 
56  0.393245  0.796704  0.320729  0.348746  0.248202  0.776992  0.638445  0.777283  0.356052  0.036823  0.726020  0.336981  0.174968  0.315561  0.378960  0.425965  0.410633  0.552505  0.425131  0.524849  0.547092  0.303711  0.319085  0.734184  0.343041  0.350798  0.280068  0.317257  0.471644  0.765831  0.321040  0.390716  0.489287  0.145046  0.343269  0.505484  0.385472  0.139951  0.319467  0.438961  0.383254  0.393896  0.414590  0.308398  0.262764  0.481712  0.148509  0.308738  0.395155  0.402490  0.381566  0.352939  0.380859  0.285093  0.541988  0.303250 0.0  0.531775  0.375971  0.613094 
57  0.614916  0.595783  0.505915  0.669139  0.553489  0.368495  0.518355  0.582036  0.567465  0.626750  0.605736  0.636182  0.480779  0.490866  0.547160  0.413624  0.350508  0.497411  0.314098  0.544282  0.561326  0.560018  0.504668  0.636822  0.499452  0.487315  0.503763  0.216199  0.485935  0.560173  0.556168  0.533900  0.612296  0.594489  0.535882  0.581308  0.562954  0.478203  0.540267  0.549833  0.536677  0.509769  0.510498  0.475972  0.282595  0.481607  0.458409  0.605996  0.433294  0.607631  0.537833  0.563593  0.547268  0.648113  0.587879  0.528520  0.531775 0.0  0.533794  0.533564 
58  0.378743  0.522097  0.107328  0.415790  0.393873  0.776532  0.287702  0.518076  0.405866  0.258214  0.533869  0.000000  0.199314  0.452553  0.176745  0.452330  0.531316  0.410008  0.347589  0.125957  0.087320  0.316576  0.347938  0.802852  0.447004  0.417477  0.356031  0.450896  0.052229  0.773090  0.377298  0.115354  0.021452  0.348423  0.364737  0.170141  0.397134  0.515338  0.305381  0.132627  0.050000  0.124612  0.299282  0.371605  0.474233  0.446235  0.272703  0.380579  0.130045  0.387637  0.368928  0.161558  0.274128  0.311566  0.129994  0.484298  0.375971  0.533794 0.0  0.051399 
59  0.564860  0.553178  0.000000  0.314960  0.430534  0.791846  0.179917  0.510568  0.325060  0.200091  0.554470  0.246812  0.165187  0.251833  0.197834  0.552317  0.325832  0.229515  0.436682  0.236396  0.307377  0.301232  0.304610  0.777357  0.265605  0.393471  0.311253  0.436653  0.253917  0.794444  0.394480  0.070429  0.229553  0.483184  0.334796  0.217361  0.290998  0.413813  0.290460  0.176393  0.032429  0.143016  0.227678  0.438970  0.236535  0.407387  0.286834  0.343394  0.064092  0.343210  0.324384  0.206040  0.273272  0.283813  0.224888  0.362881  0.613094  0.533564  0.051399 0.0 
