60
0 0.0  0.720151  0.411232  0.109164  0.343657  0.456432  0.610572  0.801652  0.140161  0.296319  0.909286  0.256314  0.497095  0.165633  0.449948  0.476349  0.148282  0.529480  0.325894  0.462653  0.325977  0.098569  0.163720  0.589158  0.149003  0.161216  0.028278  0.471074  0.341595  0.526981  0.154242  0.473343  0.334108  0.487862  0.183387  0.370450  0.205603  0.431512  0.034643  0.472041  0.309081  0.427685  0.153455  0.044728  0.452423  0.084215  0.260670  0.000000  0.348333  0.109633  0.104080  0.325085  0.023245  0.073798  0.426166  0.157649  0.454534  0.633749  0.374161  0.341509 
1  0.720151 0.0  0.545632  0.884712  0.779728  0.781592  0.293031  0.000000  0.732830  0.852597  0.625168  0.550532  0.542332  0.782568  0.415799  0.459787  0.811626  0.272186  0.750368  0.497310  0.590135  0.674691  0.780506  0.471265  0.774917  0.623650  0.810301  0.869516  0.548012  0.337480  0.830292  0.558387  0.568313  0.923714  0.811090  0.589148  0.735387  0.782738  0.752815  0.617110  0.543775  0.523641  0.749527  0.847770  0.760888  0.807447  0.726979  0.733919  0.532336  0.774841  0.853855  0.589273  0.744101  0.754359  0.559424  0.823712  0.858220  0.638567  0.516670  0.523066 
2  0.411232  0.545632 0.0  0.475067  0.396837  0.884476  0.310962  0.598858  0.243116  0.385643  0.529406  0.149609  0.137814  0.420788  0.188656  0.549545  0.324615  0.370590  0.313568  0.087484  0.051518  0.269113  0.311844  1.000000  0.483055  0.481793  0.548353  0.441472  0.028389  0.720013  0.487359  0.188327  0.064114  0.332998  0.387959  0.175600  0.447744  0.329493  0.454093  0.107905  0.182207  0.115019  0.347471  0.513375  0.351740  0.260314  0.228321  0.466664  0.197448  0.401941  0.523626  0.025379  0.408803  0.484283  0.040781  0.614696  0.344965  0.478348  0.140286  0.000000 
3  0.109164  0.884712  0.475067 0.0  0.268623  0.607239  0.707924  0.906490  0.001260  0.305032  0.803717  0.386880  0.319457  0.192025  0.453413  0.440659  0.102260  0.654847  0.317652  0.400731  0.301244  0.068888  0.017561  0.663482  0.253774  0.200979  0.348010  0.438176  0.260574  0.484298  0.150418  0.463771  0.281035  0.403682  0.091563  0.267501  0.282312  0.295873  0.218949  0.356921  0.404131  0.442036  0.266499  0.130851  0.325738  0.043276  0.301681  0.231068  0.470856  0.117484  0.128795  0.229639  0.282526  0.286311  0.350576  0.150297  0.340675  0.564622  0.480222  0.270325 
4  0.343657  0.779728  0.396837  0.268623 0.0  0.674880  0.565430  0.739103  0.351925  0.108494  0.785978  0.400618  0.362970  0.267833  0.359414  0.467727  0.314150  0.645741  0.261845  0.594303  0.423309  0.329390  0.345795  0.648365  0.391549  0.331024  0.357988  0.308574  0.434464  0.674360  0.400766  0.315633  0.391405  0.216347  0.365056  0.463705  0.367989  0.214859  0.307875  0.477947  0.305012  0.414763  0.315173  0.377875  0.409310  0.413919  0.224158  0.306925  0.383453  0.256626  0.442002  0.580412  0.405737  0.312544  0.488396  0.268392  0.184671  0.485632  0.394655  0.434479 
5  0.456432  0.781592  0.884476  0.607239  0.674880 0.0  0.751042  0.832061  0.387580  0.808660  0.274930  0.793661  0.862259  0.592080  0.838101  0.515430  0.407691  0.687112  0.850987  0.822447  0.785334  0.497023  0.561212  0.595847  0.601910  0.596259  0.576455  0.957388  0.762350  0.454296  0.559167  0.886361  0.767977  0.603743  0.657195  0.739126  0.467695  0.765991  0.578699  0.726095  0.879064  0.576382  0.581703  0.658766  0.661832  0.466416  0.714361  0.558110  0.833789  0.561521  0.579872  0.766676  0.608244  0.620802  0.661851  0.601907  0.793504  0.546408  0.892650  0.702626 
6  0.610572  0.293031  0.310962  0.707924  0.565430  0.751042 0.0  0.411039  0.597210  0.555441  0.340290  0.250719  0.421060  0.648208  0.376251  0.518774  0.500702  0.438037  0.533786  0.286521  0.331163  0.444596  0.608266  0.605573  0.706424  0.666274  0.689309  0.553513  0.282252  0.542518  0.698292  0.285627  0.161111  0.524457  0.715745  0.241789  0.663547  0.690832  0.702033  0.350449  0.445629  0.229537  0.792955  0.625451  0.544447  0.467137  0.502359  0.588112  0.313376  0.608157  0.541179  0.344312  0.825779  0.635720  0.347716  0.631709  0.530767  0.528027  0.309709  0.329774 
7  0.801652  0.000000  0.598858  0.906490  0.739103  0.832061  0.411039 0.0  0.716503  0.722667  0.558633  0.521976  0.750253  0.871499  0.629835  0.436541  0.781598  0.321804  0.599681  0.553218  0.454987  0.786577  0.745767  0.434000  0.785201  0.815504  0.797850  0.806681  0.433381  0.314592  0.895720  0.577741  0.501949  0.725394  0.918793  0.440544  0.755075  0.704357  0.901699  0.522128  0.639290  0.459286  0.742605  0.886988  0.797329  0.740446  0.805740  0.921467  0.562170  0.782560  0.865637  0.291711  0.854464  0.931776  0.557472  0.796781  0.712842  0.458073  0.488921  0.560633 
8  0.140161  0.732830  0.243116  0.001260  0.351925  0.387580  0.597210  0.716503 0.0  0.317099  0.817226  0.396716  0.396270  0.026913  0.302168  0.556007  0.173122  0.442487  0.346169  0.389480  0.371914  0.205171  0.306843  0.387940  0.000000  0.005557  0.112479  0.335532  0.367073  0.670439  0.066515  0.310273  0.299348  0.331891  0.075855  0.357800  0.100861  0.340149  0.000000  0.289051  0.306085  0.422491  0.154976  0.102399  0.430040  0.037161  0.287939  0.022856  0.326525  0.108271  0.124170  0.344468  0.178104  0.000000  0.383715  0.099856  0.340183  0.650488  0.430425  0.213585 
9  0.296319  0.852597  0.385643  0.305032  0.108494  0.808660  0.555441  0.722667  0.317099 0.0  0.764112  0.334887  0.301252  0.341465  0.248764  0.456635  0.350811  0.469912  0.324344  0.356761  0.437171  0.421715  0.367858  0.731604  0.341392  0.438279  0.391336  0.431023  0.227276  0.656854  0.329185  0.332593  0.245540  0.069476  0.392471  0.300588  0.395602  0.006466  0.387099  0.380656  0.314620  0.274451  0.295614  0.481495  0.245830  0.290819  0.315198  0.347369  0.389559  0.421220  0.315881  0.329167  0.227471  0.378550  0.348027  0.329152  0.000000  0.664851  0.336927  0.347147 
10  0.909286  0.625168  0.529406  0.803717  0.785978  0.274930  0.340290  0.558633  0.817226  0.764112 0.0  0.547747  0.528014  0.857185  0.507303  0.414097  0.765193  0.324727  0.816519  0.541600  0.590168  0.814766  0.867954  0.801381  0.816431  0.841568  0.891589  0.811927  0.548012  0.752625  0.717225  0.585474  0.516053  0.915925  0.765327  0.433406  0.807019  0.796191  0.763020  0.488958  0.542917  0.498227  0.796079  0.715911  0.810664  0.738409  0.656587  0.792994  0.514961  0.900981  0.793514  0.610202  0.754588  0.806566  0.612459  0.747662  0.764523  0.579554  0.507333  0.562616 
11  0.256314  0.550532  0.149609  0.386880  0.400618  0.793661  0.250719  0.521976  0.396716  0.334887  0.547747 0.0  0.113849  0.278073  0.111329  0.492178  0.463252  0.284442  0.463157  0.189837  0.117125  0.420535  0.449901  0.789453  0.396477  0.391865  0.457001  0.488979  0.136439  0.880012  0.352831  0.149262  0.112103  0.471999  0.414358  0.154790  0.385864  0.440702  0.406443  0.155260  0.213609  0.161822  0.479558  0.387322  0.331485  0.360948  0.340650  0.265614  0.061923  0.418575  0.324940  0.187548  0.418461  0.346939  0.144338  0.410373  0.395792  0.568333  0.052147  0.167178 
12  0.497095  0.542332  0.137814  0.319457  0.362970  0.862259  0.421060  0.750253  0.396270  0.301252  0.528014  0.113849 0.0  0.436278  0.135828  0.385353  0.268122  0.450757  0.365196  0.098301  0.113408  0.220484  0.385534  0.933972  0.468085  0.465720  0.575883  0.439078  0.030964  0.817567  0.370500  0.228864  0.103049  0.247633  0.489562  0.069107  0.468427  0.364694  0.456373  0.087494  0.166605  0.102011  0.559570  0.535235  0.283830  0.300818  0.356706  0.443004  0.216656  0.414069  0.538872  0.028253  0.446331  0.440442  0.080521  0.474926  0.321384  0.596276  0.154116  0.000000 
13  0.165633  0.782568  0.420788  0.192025  0.267833  0.592080  0.648208  0.871499  0.026913  0.341465  0.857185  0.278073  0.436278 0.0  0.409519  0.499868  0.017663  0.702718  0.477782  0.224664  0.305846  0.000000  0.000000  0.611370  0.225917  0.235966  0.335862  0.432684  0.288493  0.389610  0.226726  0.519077  0.410287  0.406908  0.294762  0.393189  0.131985  0.329914  0.280128  0.286215  0.482398  0.292729  0.197052  0.133808  0.276912  0.116522  0.304591  0.172826  0.501808  0.098852  0.304367  0.311466  0.229069  0.204367  0.336594  0.207181  0.316048  0.530385  0.415642  0.290026 
14  0.449948  0.415799  0.188656  0.453413  0.359414  0.838101  0.376251  0.629835  0.302168  0.248764  0.507303  0.111329  0.135828  0.409519 0.0  0.402950  0.264642  0.362814  0.321805  0.085289  0.009386  0.361195  0.210416  0.872667  0.497571  0.455146  0.449353  0.475168  0.098608  0.672068  0.423002  0.081471  0.072707  0.308189  0.493160  0.047829  0.391691  0.298745  0.378052  0.022143  0.156400  0.147558  0.433592  0.428945  0.278122  0.354756  0.355173  0.489536  0.249651  0.363270  0.375225  0.016654  0.512039  0.435912  0.072673  0.380494  0.313311  0.523656  0.102973  0.125117 
15  0.476349  0.459787  0.549545  0.440659  0.467727  0.515430  0.518774  0.436541  0.556007  0.456635  0.414097  0.492178  0.385353  0.499868  0.402950 0.0  0.476660  0.528326  0.484336  0.384163  0.454541  0.443841  0.435049  0.415179  0.523424  0.494823  0.471325  0.472077  0.477026  0.426894  0.469564  0.506286  0.430418  0.435174  0.544318  0.570021  0.370974  0.374818  0.452709  0.570516  0.505560  0.351540  0.331808  0.445950  0.428036  0.515595  0.472042  0.416981  0.464719  0.434292  0.489702  0.417615  0.514312  0.380797  0.465360  0.449654  0.473663  0.486763  0.293269  0.583172 
16  0.148282  0.811626  0.324615  0.102260  0.314150  0.407691  0.500702  0.781598  0.173122  0.350811  0.765193  0.463252  0.268122  0.017663  0.264642  0.476660 0.0  0.550588  0.243036  0.378320  0.286302  0.000000  0.000000  0.349470  0.139836  0.152773  0.000000  0.359652  0.332300  0.484445  0.052820  0.229936  0.317506  0.281630  0.101989  0.283038  0.000000  0.388581  0.163696  0.309495  0.362724  0.306647  0.112665  0.041075  0.316055  0.067654  0.334362  0.071268  0.310944  0.127262  0.150324  0.379646  0.024684  0.122942  0.341946  0.143143  0.370074  0.581623  0.431910  0.331304 
17  0.529480  0.272186  0.370590  0.654847  0.645741  0.687112  0.438037  0.321804  0.442487  0.469912  0.324727  0.284442  0.450757  0.702718  0.362814  0.528326  0.550588 0.0  0.472941  0.311904  0.350319  0.455733  0.506467  0.639767  0.505597  0.659299  0.645593  0.735319  0.173154  0.475914  0.633776  0.438123  0.166297  0.608580  0.721812  0.251348  0.597988  0.514037  0.682480  0.238302  0.328585  0.291452  0.612640  0.686691  0.509754  0.561431  0.429377  0.638917  0.415426  0.653322  0.624848  0.233757  0.594529  0.705016  0.240383  0.654261  0.540324  0.593306  0.275031  0.254276 
18  0.325894  0.750368  0.313568  0.317652  0.261845  0.850987  0.533786  0.599681  0.346169  0.324344  0.816519  0.463157  0.365196  0.477782  0.321805  0.484336  0.243036  0.472941 0.0  0.358605  0.420050  0.446474  0.290933  0.759289  0.380839  0.306490  0.217851  0.080429  0.365203  0.766200  0.308082  0.265206  0.354903  0.310480  0.287141  0.349672  0.365635  0.367427  0.406658  0.370189  0.335449  0.438531  0.352237  0.194173  0.017650  0.255624  0.207751  0.297874  0.353216  0.386964  0.353676  0.319422  0.293059  0.419039  0.357643  0.342437  0.260242  0.244073  0.397507  0.298360 
19  0.462653  0.497310  0.087484  0.400731  0.594303  0.822447  0.286521  0.553218  0.389480  0.356761  0.541600  0.189837  0.098301  0.224664  0.085289  0.384163  0.378320  0.311904  0.358605 0.0  0.109120  0.251156  0.331872  0.779623  0.318008  0.309224  0.365053  0.222996  0.216534  0.664831  0.284286  0.029392  0.154296  0.447594  0.374919  0.244418  0.272438  0.577693  0.264671  0.159520  0.020647  0.181567  0.329998  0.340931  0.361796  0.488323  0.344537  0.329709  0.064631  0.428961  0.303948  0.215774  0.283505  0.372549  0.257618  0.283266  0.306618  0.577212  0.186755  0.224932 
20  0.325977  0.590135  0.051518  0.301244  0.423309  0.785334  0.331163  0.454987  0.371914  0.437171  0.590168  0.117125  0.113408  0.305846  0.009386  0.454541  0.286302  0.350319  0.420050  0.109120 0.0  0.368684  0.345200  0.801738  0.298670  0.437703  0.355098  0.301391  0.335519  0.744192  0.413479  0.077116  0.174182  0.481065  0.322690  0.280945  0.352380  0.504671  0.263633  0.174610  0.061827  0.222246  0.395501  0.334572  0.220825  0.506597  0.191794  0.321307  0.063506  0.405462  0.320007  0.164737  0.141356  0.313665  0.083719  0.274219  0.503028  0.434284  0.110977  0.184515 
21  0.098569  0.674691  0.269113  0.068888  0.329390  0.497023  0.444596  0.786577  0.205171  0.421715  0.814766  0.420535  0.220484  0.000000  0.361195  0.443841  0.000000  0.455733  0.446474  0.251156  0.368684 0.0  0.245227  0.396219  0.015269  0.135752  0.071874  0.345618  0.278716  0.619836  0.040043  0.354630  0.264942  0.207277  0.013210  0.254610  0.044529  0.345120  0.000000  0.379713  0.288016  0.458167  0.084564  0.003114  0.431782  0.010631  0.263913  0.150581  0.307559  0.177898  0.031268  0.393721  0.137263  0.062515  0.201224  0.020599  0.306942  0.488605  0.421538  0.360505 
22  0.163720  0.780506  0.311844  0.017561  0.345795  0.561212  0.608266  0.745767  0.306843  0.367858  0.867954  0.449901  0.385534  0.000000  0.210416  0.435049  0.000000  0.506467  0.290933  0.331872  0.345200  0.245227 0.0  0.500822  0.029176  0.046568  0.125408  0.368540  0.334977  0.616647  0.000000  0.256590  0.278572  0.337970  0.043640  0.282286  0.217597  0.350353  0.006083  0.325993  0.377101  0.292161  0.103801  0.082624  0.481376  0.027894  0.219520  0.120469  0.240762  0.197959  0.115560  0.346382  0.120659  0.159286  0.368461  0.019130  0.383876  0.532159  0.390847  0.302910 
23  0.589158  0.471265  1.000000  0.663482  0.648365  0.595847  0.605573  0.434000  0.387940  0.731604  0.801381  0.789453  0.933972  0.611370  0.872667  0.415179  0.349470  0.639767  0.759289  0.779623  0.801738  0.396219  0.500822 0.0  0.499463  0.705665  0.649551  0.840467  0.623995  0.136413  0.574693  0.776874  0.729679  0.688953  0.565950  0.716903  0.631557  0.799606  0.643580  0.676345  0.795857  0.716279  0.673378  0.695700  0.752143  0.381679  0.603933  0.535638  0.915243  0.617740  0.592628  0.667056  0.610393  0.624588  0.799610  0.649094  0.745712  0.506436  0.782760  0.709966 
24  0.149003  0.774917  0.483055  0.253774  0.391549  0.601910  0.706424  0.785201  0.000000  0.341392  0.816431  0.396477  0.468085  0.225917  0.497571  0.523424  0.139836  0.505597  0.380839  0.318008  0.298670  0.015269  0.029176  0.499463 0.0  0.241463  0.182572  0.596216  0.370360  0.472753  0.223504  0.431237  0.324009  0.313018  0.175972  0.282403  0.225261  0.294174  0.267326  0.237654  0.461177  0.256134  0.248509  0.154313  0.384141  0.041037  0.283094  0.100609  0.499089  0.136738  0.169319  0.454063  0.200578  0.169569  0.301726  0.301554  0.298312  0.551597  0.414149  0.414855 
25  0.161216  0.623650  0.481793  0.200979  0.331024  0.596259  0.666274  0.815504  0.005557  0.438279  0.841568  0.391865  0.465720  0.235966  0.455146  0.494823  0.152773  0.659299  0.306490  0.309224  0.437703  0.135752  0.046568  0.705665  0.241463 0.0  0.243677  0.502966  0.205334  0.480673  0.238679  0.519694  0.358659  0.345588  0.174547  0.307016  0.194648  0.240955  0.108435  0.222260  0.378364  0.246620  0.160405  0.167293  0.303769  0.203995  0.303093  0.179358  0.315030  0.090668  0.343068  0.316099  0.166022  0.118709  0.307615  0.235744  0.310958  0.628762  0.369863  0.288517 
26  0.028278  0.810301  0.548353  0.348010  0.357988  0.576455  0.689309  0.797850  0.112479  0.391336  0.891589  0.457001  0.575883  0.335862  0.449353  0.471325  0.000000  0.645593  0.217851  0.365053  0.355098  0.071874  0.125408  0.649551  0.182572  0.243677 0.0  0.445482  0.264276  0.401813  0.251521  0.488357  0.263245  0.373644  0.191985  0.236437  0.128210  0.315467  0.258914  0.367633  0.448974  0.458129  0.121048  0.094325  0.334639  0.138371  0.285421  0.156538  0.382659  0.175136  0.078641  0.384084  0.193485  0.249184  0.317148  0.235594  0.354149  0.457528  0.413180  0.195761 
27  0.471074  0.869516  0.441472  0.438176  0.308574  0.957388  0.553513  0.806681  0.335532  0.431023  0.811927  0.488979  0.439078  0.432684  0.475168  0.472077  0.359652  0.735319  0.080429  0.222996  0.301391  0.345618  0.368540  0.840467  0.596216  0.502966  0.445482 0.0  0.395078  0.743031  0.578468  0.408486  0.332576  0.347517  0.545459  0.346925  0.452329  0.272328  0.484065  0.316824  0.455882  0.323304  0.418337  0.438576  0.251546  0.350619  0.243896  0.425133  0.530364  0.480801  0.502352  0.360835  0.441361  0.419334  0.346274  0.337789  0.261846  0.293364  0.385693  0.441742 
28  0.341595  0.548012  0.028389  0.260574  0.434464  0.762350  0.282252  0.433381  0.367073  0.227276  0.548012  0.136439  0.030964  0.288493  0.098608  0.477026  0.332300  0.173154  0.365203  0.216534  0.335519  0.278716  0.334977  0.623995  0.370360  0.205334  0.264276  0.395078 0.0  0.731419  0.351085  0.085036  0.206094  0.481461  0.337000  0.205247  0.346193  0.503491  0.262174  0.261380  0.018817  0.180417  0.378894  0.373284  0.370461  0.537097  0.331601  0.378713  0.136110  0.541069  0.474185  0.215928  0.295343  0.286525  0.121557  0.366708  0.509729  0.474161  0.027805  0.199152 
29  0.526981  0.337480  0.720013  0.484298  0.674360  0.454296  0.542518  0.314592  0.670439  0.656854  0.752625  0.880012  0.817567  0.389610  0.672068  0.426894  0.484445  0.475914  0.766200  0.664831  0.744192  0.619836  0.616647  0.136413  0.472753  0.480673  0.401813  0.743031  0.731419 0.0  0.487270  0.680500  0.673748  0.667239  0.583194  0.787648  0.436341  0.715720  0.422345  0.783786  0.715871  0.654690  0.488070  0.459171  0.942169  0.446308  0.716616  0.348156  0.567793  0.545200  0.492946  0.860545  0.454047  0.560854  0.749012  0.507585  0.844158  0.588804  0.818995  0.747989 
30  0.154242  0.830292  0.487359  0.150418  0.400766  0.559167  0.698292  0.895720  0.066515  0.329185  0.717225  0.352831  0.370500  0.226726  0.423002  0.469564  0.052820  0.633776  0.308082  0.284286  0.413479  0.040043  0.000000  0.574693  0.223504  0.238679  0.251521  0.578468  0.351085  0.487270 0.0  0.447746  0.369638  0.270967  0.206425  0.314226  0.214178  0.319177  0.113778  0.386832  0.480578  0.319813  0.210311  0.164904  0.231789  0.112054  0.335516  0.158394  0.474112  0.142344  0.269930  0.452753  0.186776  0.186486  0.295182  0.220979  0.303476  0.493054  0.411077  0.286242 
31  0.473343  0.558387  0.188327  0.463771  0.315633  0.886361  0.285627  0.577741  0.310273  0.332593  0.585474  0.149262  0.228864  0.519077  0.081471  0.506286  0.229936  0.438123  0.265206  0.029392  0.077116  0.354630  0.256590  0.776874  0.431237  0.519694  0.488357  0.408486  0.085036  0.680500  0.447746 0.0  0.000000  0.328915  0.471877  0.081685  0.400644  0.366141  0.494866  0.071739  0.217637  0.088126  0.479694  0.501031  0.321877  0.338692  0.219238  0.451357  0.247602  0.413415  0.469749  0.050414  0.381081  0.492617  0.071075  0.430079  0.426165  0.535320  0.145756  0.082365 
32  0.334108  0.568313  0.064114  0.281035  0.391405  0.767977  0.161111  0.501949  0.299348  0.245540  0.516053  0.112103  0.103049  0.410287  0.072707  0.430418  0.317506  0.166297  0.354903  0.154296  0.174182  0.264942  0.278572  0.729679  0.324009  0.358659  0.263245  0.332576  0.206094  0.673748  0.369638  0.000000 0.0  0.507991  0.339425  0.220406  0.371623  0.474760  0.333811  0.196490  0.085587  0.125176  0.299277  0.255442  0.228279  0.456202  0.331389  0.414130  0.038712  0.388735  0.320672  0.119727  0.199793  0.390932  0.195559  0.373646  0.463037  0.519129  0.208278  0.203027 
33  0.487862  0.923714  0.332998  0.403682  0.216347  0.603743  0.524457  0.725394  0.331891  0.069476  0.915925  0.471999  0.247633  0.406908  0.308189  0.435174  0.281630  0.608580  0.310480  0.447594  0.481065  0.207277  0.337970  0.688953  0.313018  0.345588  0.373644  0.347517  0.481461  0.667239  0.270967  0.328915  0.507991 0.0  0.316890  0.465780  0.384286  0.253994  0.405926  0.457089  0.348434  0.477658  0.396950  0.362478  0.321458  0.519241  0.235313  0.282360  0.339653  0.462571  0.305863  0.393158  0.365424  0.298101  0.486469  0.227941  0.169161  0.583024  0.341834  0.474966 
34  0.183387  0.811090  0.387959  0.091563  0.365056  0.657195  0.715745  0.918793  0.075855  0.392471  0.765327  0.414358  0.489562  0.294762  0.493160  0.544318  0.101989  0.721812  0.287141  0.374919  0.322690  0.013210  0.043640  0.565950  0.175972  0.174547  0.191985  0.545459  0.337000  0.583194  0.206425  0.471877  0.339425  0.316890 0.0  0.388234  0.220376  0.449855  0.165914  0.355053  0.441409  0.194237  0.142261  0.172056  0.383490  0.088368  0.293913  0.196068  0.472682  0.091425  0.218456  0.211414  0.147290  0.174006  0.223430  0.151301  0.368210  0.459029  0.361385  0.312195 
35  0.370450  0.589148  0.175600  0.267501  0.463705  0.739126  0.241789  0.440544  0.357800  0.300588  0.433406  0.154790  0.069107  0.393189  0.047829  0.570021  0.283038  0.251348  0.349672  0.244418  0.280945  0.254610  0.282286  0.716903  0.282403  0.307016  0.236437  0.346925  0.205247  0.787648  0.314226  0.081685  0.220406  0.465780  0.388234 0.0  0.303577  0.378820  0.286550  0.241064  0.062007  0.182049  0.390741  0.376506  0.443652  0.436314  0.277321  0.322448  0.059812  0.383025  0.393839  0.199561  0.318695  0.333552  0.118544  0.369837  0.458114  0.536117  0.194061  0.166488 
36  0.205603  0.735387  0.447744  0.282312  0.367989  0.467695  0.663547  0.755075  0.100861  0.395602  0.807019  0.385864  0.468427  0.131985  0.391691  0.370974  0.000000  0.597988  0.365635  0.272438  0.352380  0.044529  0.217597  0.631557  0.225261  0.194648  0.128210  0.452329  0.346193  0.436341  0.214178  0.400644  0.371623  0.384286  0.220376  0.303577 0.0  0.336256  0.230280  0.492402  0.486646  0.365479  0.246882  0.195919  0.327271  0.077594  0.203861  0.234321  0.442646  0.073239  0.296785  0.385582  0.252959  0.148438  0.350006  0.130620  0.127310  0.560851  0.406814  0.312134 
37  0.431512  0.782738  0.329493  0.295873  0.214859  0.765991  0.690832  0.704357  0.340149  0.006466  0.796191  0.440702  0.364694  0.329914  0.298745  0.374818  0.388581  0.514037  0.367427  0.577693  0.504671  0.345120  0.350353  0.799606  0.294174  0.240955  0.315467  0.272328  0.503491  0.715720  0.319177  0.366141  0.474760  0.253994  0.449855  0.378820  0.336256 0.0  0.433239  0.273765  0.284928  0.396477  0.342417  0.312366  0.395705  0.458662  0.317344  0.352619  0.324679  0.386629  0.316616  0.440470  0.295085  0.331804  0.417893  0.346466  0.184263  0.497341  0.247343  0.460281 
38  0.034643  0.752815  0.454093  0.218949  0.307875  0.578699  0.702033  0.901699  0.000000  0.387099  0.763020  0.406443  0.456373  0.280128  0.378052  0.452709  0.163696  0.682480  0.406658  0.264671  0.263633  0.000000  0.006083  0.643580  0.267326  0.108435  0.258914  0.484065  0.262174  0.422345  0.113778  0.494866  0.333811  0.405926  0.165914  0.286550  0.230280  0.433239 0.0  0.199675  0.599536  0.403808  0.218363  0.164076  0.380838  0.000000  0.189259  0.227403  0.336506  0.178152  0.177356  0.272481  0.116408  0.196159  0.454887  0.297464  0.312730  0.483134  0.359973  0.328824 
39  0.472041  0.617110  0.107905  0.356921  0.477947  0.726095  0.350449  0.522128  0.289051  0.380656  0.488958  0.155260  0.087494  0.286215  0.022143  0.570516  0.309495  0.238302  0.370189  0.159520  0.174610  0.379713  0.325993  0.676345  0.237654  0.222260  0.367633  0.316824  0.261380  0.783786  0.386832  0.071739  0.196490  0.457089  0.355053  0.241064  0.492402  0.273765  0.199675 0.0  0.112283  0.190578  0.321984  0.319698  0.358517  0.500819  0.268739  0.383327  0.015131  0.388591  0.218178  0.207546  0.364740  0.330413  0.114138  0.284213  0.411639  0.477162  0.225471  0.181645 
40  0.309081  0.543775  0.182207  0.404131  0.305012  0.879064  0.445629  0.639290  0.306085  0.314620  0.542917  0.213609  0.166605  0.482398  0.156400  0.505560  0.362724  0.328585  0.335449  0.020647  0.061827  0.288016  0.377101  0.795857  0.461177  0.378364  0.448974  0.455882  0.018817  0.715871  0.480578  0.217637  0.085587  0.348434  0.441409  0.062007  0.486646  0.284928  0.599536  0.112283 0.0  0.037126  0.549598  0.447813  0.242869  0.252338  0.175132  0.431184  0.210009  0.434229  0.528375  0.136166  0.371902  0.438187  0.000000  0.422234  0.326407  0.518686  0.185326  0.089592 
41  0.427685  0.523641  0.115019  0.442036  0.414763  0.576382  0.229537  0.459286  0.422491  0.274451  0.498227  0.161822  0.102011  0.292729  0.147558  0.351540  0.306647  0.291452  0.438531  0.181567  0.222246  0.458167  0.292161  0.716279  0.256134  0.246620  0.458129  0.323304  0.180417  0.654690  0.319813  0.088126  0.125176  0.477658  0.194237  0.182049  0.365479  0.396477  0.403808  0.190578  0.037126 0.0  0.387698  0.291271  0.355011  0.498582  0.301422  0.248012  0.000000  0.346246  0.265479  0.183547  0.342813  0.372751  0.139023  0.325042  0.495781  0.532732  0.178220  0.288212 
42  0.153455  0.749527  0.347471  0.266499  0.315173  0.581703  0.792955  0.742605  0.154976  0.295614  0.796079  0.479558  0.559570  0.197052  0.433592  0.331808  0.112665  0.612640  0.352237  0.329998  0.395501  0.084564  0.103801  0.673378  0.248509  0.160405  0.121048  0.418337  0.378894  0.488070  0.210311  0.479694  0.299277  0.396950  0.142261  0.390741  0.246882  0.342417  0.218363  0.321984  0.549598  0.387698 0.0  0.107717  0.327979  0.071144  0.271813  0.153840  0.466265  0.083231  0.233008  0.311046  0.187227  0.291780  0.386333  0.210876  0.376906  0.546249  0.402604  0.368797 
43  0.044728  0.847770  0.513375  0.130851  0.377875  0.658766  0.625451  0.886988  0.102399  0.481495  0.715911  0.387322  0.535235  0.133808  0.428945  0.445950  0.041075  0.686691  0.194173  0.340931  0.334572  0.003114  0.082624  0.695700  0.154313  0.167293  0.094325  0.438576  0.373284  0.459171  0.164904  0.501031  0.255442  0.362478  0.172056  0.376506  0.195919  0.312366  0.164076  0.319698  0.447813  0.291271  0.107717 0.0  0.272739  0.121637  0.400536  0.236180  0.491913  0.220005  0.208250  0.285911  0.212933  0.058406  0.453091  0.238145  0.354881  0.610563  0.425955  0.359225 
44  0.452423  0.760888  0.351740  0.325738  0.409310  0.661832  0.544447  0.797329  0.430040  0.245830  0.810664  0.331485  0.283830  0.276912  0.278122  0.428036  0.316055  0.509754  0.017650  0.361796  0.220825  0.431782  0.481376  0.752143  0.384141  0.303769  0.334639  0.251546  0.370461  0.942169  0.231789  0.321877  0.228279  0.321458  0.383490  0.443652  0.327271  0.395705  0.380838  0.358517  0.242869  0.355011  0.327979  0.272739 0.0  0.472781  0.210465  0.271239  0.325846  0.441702  0.337917  0.334447  0.284504  0.293701  0.395695  0.299310  0.383588  0.267982  0.401232  0.334133 
45  0.084215  0.807447  0.260314  0.043276  0.413919  0.466416  0.467137  0.740446  0.037161  0.290819  0.738409  0.360948  0.300818  0.116522  0.354756  0.515595  0.067654  0.561431  0.255624  0.488323  0.506597  0.010631  0.027894  0.381679  0.041037  0.203995  0.138371  0.350619  0.537097  0.446308  0.112054  0.338692  0.456202  0.519241  0.088368  0.436314  0.077594  0.458662  0.000000  0.500819  0.252338  0.498582  0.071144  0.121637  0.472781 0.0  0.227375  0.060681  0.402527  0.144221  0.190069  0.433481  0.078227  0.000000  0.374418  0.094679  0.511665  0.532682  0.495235  0.516801 
46  0.260670  0.726979  0.228321  0.301681  0.224158  0.714361  0.502359  0.805740  0.287939  0.315198  0.656587  0.340650  0.356706  0.304591  0.355173  0.472042  0.334362  0.429377  0.207751  0.344537  0.191794  0.263913  0.219520  0.603933  0.283094  0.303093  0.285421  0.243896  0.331601  0.716616  0.335516  0.219238  0.331389  0.235313  0.293913  0.277321  0.203861  0.317344  0.189259  0.268739  0.175132  0.301422  0.271813  0.400536  0.210465  0.227375 0.0  0.369062  0.335931  0.322929  0.182655  0.282377  0.292066  0.239216  0.310332  0.233594  0.228227  0.427518  0.326215  0.296206 
47  0.000000  0.733919  0.466664  0.231068  0.306925  0.558110  0.588112  0.921467  0.022856  0.347369  0.792994  0.265614  0.443004  0.172826  0.489536  0.416981  0.071268  0.638917  0.297874  0.329709  0.321307  0.150581  0.120469  0.535638  0.100609  0.179358  0.156538  0.425133  0.378713  0.348156  0.158394  0.451357  0.414130  0.282360  0.196068  0.322448  0.234321  0.352619  0.227403  0.383327  0.431184  0.248012  0.153840  0.236180  0.271239  0.060681  0.369062 0.0  0.376091  0.189339  0.243685  0.269340  0.282175  0.174856  0.306284  0.116823  0.357229  0.594964  0.279339  0.381349 
48  0.348333  0.532336  0.197448  0.470856  0.383453  0.833789  0.313376  0.562170  0.326525  0.389559  0.514961  0.061923  0.216656  0.501808  0.249651  0.464719  0.310944  0.415426  0.353216  0.064631  0.063506  0.307559  0.240762  0.915243  0.499089  0.315030  0.382659  0.530364  0.136110  0.567793  0.474112  0.247602  0.038712  0.339653  0.472682  0.059812  0.442646  0.324679  0.336506  0.015131  0.210009  0.000000  0.466265  0.491913  0.325846  0.402527  0.335931  0.376091 0.0  0.406902  0.503575  0.086003  0.422628  0.406883  0.153781  0.445982  0.388952  0.578507  0.061357  0.043441 
49  0.109633  0.774841  0.401941  0.117484  0.256626  0.561521  0.608157  0.782560  0.108271  0.421220  0.900981  0.418575  0.414069  0.098852  0.363270  0.434292  0.127262  0.653322  0.386964  0.428961  0.405462  0.177898  0.197959  0.617740  0.136738  0.090668  0.175136  0.480801  0.541069  0.545200  0.142344  0.413415  0.388735  0.462571  0.091425  0.383025  0.073239  0.386629  0.178152  0.388591  0.434229  0.346246  0.083231  0.220005  0.441702  0.144221  0.322929  0.189339  0.406902 0.0  0.145567  0.363003  0.134975  0.122456  0.291349  0.169026  0.365240  0.572871  0.426830  0.464347 
50  0.104080  0.853855  0.523626  0.128795  0.442002  0.579872  0.541179  0.865637  0.124170  0.315881  0.793514  0.324940  0.538872  0.304367  0.375225  0.489702  0.150324  0.624848  0.353676  0.303948  0.320007  0.031268  0.115560  0.592628  0.169319  0.343068  0.078641  0.502352  0.474185  0.492946  0.269930  0.469749  0.320672  0.305863  0.218456  0.393839  0.296785  0.316616  0.177356  0.218178  0.528375  0.265479  0.233008  0.208250  0.337917  0.190069  0.182655  0.243685  0.503575  0.145567 0.0  0.342839  0.247059  0.188802  0.477686  0.162414  0.261590  0.527569  0.432042  0.249039 
51  0.325085  0.589273  0.025379  0.229639  0.580412  0.766676  0.344312  0.291711  0.344468  0.329167  0.610202  0.187548  0.028253  0.311466  0.016654  0.417615  0.379646  0.233757  0.319422  0.215774  0.164737  0.393721  0.346382  0.667056  0.454063  0.316099  0.384084  0.360835  0.215928  0.860545  0.452753  0.050414  0.119727  0.393158  0.211414  0.199561  0.385582  0.440470  0.272481  0.207546  0.136166  0.183547  0.311046  0.285911  0.334447  0.433481  0.282377  0.269340  0.086003  0.363003  0.342839 0.0  0.286076  0.382543  0.168326  0.303055  0.419031  0.464669  0.145938  0.184678 
52  0.023245  0.744101  0.408803  0.282526  0.405737  0.608244  0.825779  0.854464  0.178104  0.227471  0.754588  0.418461  0.446331  0.229069  0.512039  0.514312  0.024684  0.594529  0.293059  0.283505  0.141356  0.137263  0.120659  0.610393  0.200578  0.166022  0.193485  0.441361  0.295343  0.454047  0.186776  0.381081  0.199793  0.365424  0.147290  0.318695  0.252959  0.295085  0.116408  0.364740  0.371902  0.342813  0.187227  0.212933  0.284504  0.078227  0.292066  0.282175  0.422628  0.134975  0.247059  0.286076 0.0  0.238340  0.367143  0.128882  0.332048  0.531588  0.396872  0.417035 
53  0.073798  0.754359  0.484283  0.286311  0.312544  0.620802  0.635720  0.931776  0.000000  0.378550  0.806566  0.346939  0.440442  0.204367  0.435912  0.380797  0.122942  0.705016  0.419039  0.372549  0.313665  0.062515  0.159286  0.624588  0.169569  0.118709  0.249184  0.419334  0.286525  0.560854  0.186486  0.492617  0.390932  0.298101  0.174006  0.333552  0.148438  0.331804  0.196159  0.330413  0.438187  0.372751  0.291780  0.058406  0.293701  0.000000  0.239216  0.174856  0.406883  0.122456  0.188802  0.382543  0.238340 0.0  0.340547  0.230672  0.245768  0.567995  0.366065  0.333180 
54  0.426166  0.559424  0.040781  0.350576  0.488396  0.661851  0.347716  0.557472  0.383715  0.348027  0.612459  0.144338  0.080521  0.336594  0.072673  0.465360  0.341946  0.240383  0.357643  0.257618  0.083719  0.201224  0.368461  0.799610  0.301726  0.307615  0.317148  0.346274  0.121557  0.749012  0.295182  0.071075  0.195559  0.486469  0.223430  0.118544  0.350006  0.417893  0.454887  0.114138  0.000000  0.139023  0.386333  0.453091  0.395695  0.374418  0.310332  0.306284  0.153781  0.291349  0.477686  0.168326  0.367143  0.340547 0.0  0.389839  0.423863  0.487880  0.116444  0.284074 
55  0.157649  0.823712  0.614696  0.150297  0.268392  0.601907  0.631709  0.796781  0.099856  0.329152  0.747662  0.410373  0.474926  0.207181  0.380494  0.449654  0.143143  0.654261  0.342437  0.283266  0.274219  0.020599  0.019130  0.649094  0.301554  0.235744  0.235594  0.337789  0.366708  0.507585  0.220979  0.430079  0.373646  0.227941  0.151301  0.369837  0.130620  0.346466  0.297464  0.284213  0.422234  0.325042  0.210876  0.238145  0.299310  0.094679  0.233594  0.116823  0.445982  0.169026  0.162414  0.303055  0.128882  0.230672  0.389839 0.0  0.352574  0.610235  0.271088  0.316538 
56  0.454534  0.858220  0.344965  0.340675  0.184671  0.793504  0.530767  0.712842  0.340183  0.000000  0.764523  0.395792  0.321384  0.316048  0.313311  0.473663  0.370074  0.540324  0.260242  0.306618  0.503028  0.306942  0.383876  0.745712  0.298312  0.310958  0.354149  0.261846  0.509729  0.844158  0.303476  0.426165  0.463037  0.169161  0.368210  0.458114  0.127310  0.184263  0.312730  0.411639  0.326407  0.495781  0.376906  0.354881  0.383588  0.511665  0.228227  0.357229  0.388952  0.365240  0.261590  0.419031  0.332048  0.245768  0.423863  0.352574 0.0  0.490338  0.490170  0.515203 
57  0.633749  0.638567  0.478348  0.564622  0.485632  0.546408  0.528027  0.458073  0.650488  0.664851  0.579554  0.568333  0.596276  0.530385  0.523656  0.486763  0.581623  0.593306  0.244073  0.577212  0.434284  0.488605  0.532159  0.506436  0.551597  0.628762  0.457528  0.293364  0.474161  0.588804  0.493054  0.535320  0.519129  0.583024  0.459029  0.536117  0.560851  0.497341  0.483134  0.477162  0.518686  0.532732  0.546249  0.610563  0.267982  0.532682  0.427518  0.594964  0.578507  0.572871  0.527569  0.464669  0.531588  0.567995  0.487880  0.610235  0.490338 0.0  0.642741  0.613227 
58  0.374161  0.516670  0.140286  0.480222  0.394655  0.892650  0.309709  0.488921  0.430425  0.336927  0.507333  0.052147  0.154116  0.415642  0.102973  0.293269  0.431910  0.275031  0.397507  0.186755  0.110977  0.421538  0.390847  0.782760  0.414149  0.369863  0.413180  0.385693  0.027805  0.818995  0.411077  0.145756  0.208278  0.341834  0.361385  0.194061  0.406814  0.247343  0.359973  0.225471  0.185326  0.178220  0.402604  0.425955  0.401232  0.495235  0.326215  0.279339  0.061357  0.426830  0.432042  0.145938  0.396872  0.366065  0.116444  0.271088  0.490170  0.642741 0.0  0.141100 
59  0.341509  0.523066  0.000000  0.270325  0.434479  0.702626  0.329774  0.560633  0.213585  0.347147  0.562616  0.167178  0.000000  0.290026  0.125117  0.583172  0.331304  0.254276  0.298360  0.224932  0.184515  0.360505  0.302910  0.709966  0.414855  0.288517  0.195761  0.441742  0.199152  0.747989  0.286242  0.082365  0.203027  0.474966  0.312195  0.166488  0.312134  0.460281  0.328824  0.181645  0.089592  0.288212  0.368797  0.359225  0.334133  0.516801  0.296206  0.381349  0.043441  0.464347  0.249039  0.184678  0.417035  0.333180  0.284074  0.316538  0.515203  0.613227  0.141100 0.0 
