60
0 0.0  0.769743  0.252232  0.120208  0.459084  0.541401  0.563237  0.682764  0.105604  0.422240  0.765331  0.490227  0.407668  0.058021  0.332580  0.428043  0.275912  0.647847  0.355230  0.498739  0.382572  0.125557  0.174106  0.461147  0.068274  0.049087  0.065693  0.365857  0.394058  0.559247  0.128317  0.329564  0.375490  0.264121  0.100242  0.447202  0.069826  0.394611  0.147617  0.390370  0.326959  0.310421  0.156584  0.125787  0.393114  0.098545  0.218005  0.074353  0.388119  0.176833  0.036816  0.378718  0.164848  0.095259  0.419478  0.121119  0.298131  0.513566  0.423632  0.371200 
1  0.769743 0.0  0.571247  0.833342  0.660324  0.744429  0.329672  0.189758  0.760297  0.690985  0.538544  0.532322  0.560498  0.725060  0.514018  0.366982  0.650544  0.259678  0.699956  0.514480  0.561061  0.720691  0.726268  0.324173  0.827594  0.835561  0.757214  0.813085  0.464680  0.424230  0.704490  0.515291  0.464304  0.723071  0.653304  0.595643  0.767160  0.856136  0.735562  0.510247  0.563684  0.483846  0.715135  0.787090  0.827640  0.737406  0.671448  0.774991  0.474234  0.797586  0.815365  0.447548  0.740013  0.763532  0.576111  0.771543  0.724725  0.544472  0.583375  0.464844 
2  0.252232  0.571247 0.0  0.449736  0.270299  0.839902  0.418927  0.647447  0.323258  0.419999  0.523140  0.140275  0.248361  0.388875  0.182560  0.505402  0.363162  0.437447  0.279407  0.016328  0.114114  0.294295  0.387402  0.747527  0.481878  0.435716  0.464952  0.423194  0.102142  0.717527  0.486253  0.378839  0.056025  0.271897  0.467169  0.037861  0.486552  0.293719  0.576355  0.032192  0.161585  0.000000  0.411636  0.333241  0.319841  0.341868  0.351003  0.571902  0.109075  0.286414  0.433276  0.036649  0.409234  0.475484  0.073622  0.412846  0.374090  0.511970  0.092816  0.053047 
3  0.120208  0.833342  0.449736 0.0  0.242332  0.481019  0.642511  0.873022  0.164070  0.346452  0.752208  0.335805  0.290949  0.105393  0.537638  0.398423  0.014480  0.640572  0.332762  0.409651  0.237429  0.061541  0.120354  0.665256  0.325490  0.133096  0.123250  0.434389  0.293181  0.555690  0.114955  0.515590  0.267528  0.370374  0.238905  0.259194  0.120923  0.315320  0.213999  0.347984  0.434595  0.220304  0.146182  0.086200  0.258676  0.036670  0.231286  0.180556  0.371996  0.192995  0.222436  0.424442  0.165776  0.176814  0.275353  0.174916  0.317345  0.468947  0.353826  0.277484 
4  0.459084  0.660324  0.270299  0.242332 0.0  0.708296  0.545268  0.739405  0.392179  0.172642  0.808301  0.316863  0.422613  0.386985  0.300283  0.437733  0.281736  0.592198  0.259876  0.424545  0.449061  0.320753  0.230243  0.751167  0.342699  0.227979  0.311844  0.209449  0.534144  0.717972  0.375090  0.330426  0.429482  0.222426  0.350659  0.535742  0.320190  0.086899  0.386662  0.434901  0.377342  0.491476  0.283707  0.314064  0.275505  0.467313  0.230422  0.365348  0.249523  0.417997  0.293784  0.429877  0.306655  0.373681  0.491394  0.240468  0.259861  0.593615  0.489213  0.423225 
5  0.541401  0.744429  0.839902  0.481019  0.708296 0.0  0.611798  0.793344  0.425981  0.704607  0.485747  0.750006  0.828512  0.574903  0.778754  0.487747  0.529724  0.674151  0.737382  0.733305  0.787880  0.438179  0.436148  0.540894  0.624184  0.534969  0.520263  0.790076  0.694850  0.485413  0.602061  0.811599  0.670277  0.666380  0.706049  0.704734  0.660239  0.726198  0.554273  0.712736  1.000000  0.697140  0.549173  0.530879  0.679569  0.468480  0.557636  0.583827  0.880959  0.501066  0.605201  0.663544  0.599125  0.584755  0.790062  0.526043  0.867006  0.445799  0.772934  0.712173 
6  0.563237  0.329672  0.418927  0.642511  0.545268  0.611798 0.0  0.466429  0.505459  0.552418  0.385790  0.331368  0.332447  0.578167  0.421296  0.452711  0.631515  0.305816  0.502979  0.197153  0.263683  0.531076  0.425575  0.675738  0.593258  0.621521  0.596493  0.600033  0.299708  0.515046  0.500227  0.439282  0.250049  0.554256  0.691037  0.312086  0.634497  0.469393  0.665671  0.256151  0.405578  0.277986  0.677457  0.606198  0.536070  0.554754  0.420287  0.553459  0.309417  0.540103  0.781484  0.218404  0.551861  0.597311  0.250879  0.639951  0.401870  0.463124  0.354243  0.244015 
7  0.682764  0.189758  0.647447  0.873022  0.739405  0.793344  0.466429 0.0  0.762803  0.657926  0.527254  0.543351  0.560811  0.856599  0.540755  0.431751  0.656991  0.341427  0.641484  0.525206  0.366763  0.683467  0.795176  0.495461  0.822068  0.885607  0.839564  0.771471  0.408799  0.296829  0.901714  0.576617  0.453719  0.677440  0.825047  0.494261  0.868284  0.712277  0.894813  0.458256  0.543955  0.461215  0.902640  0.844720  0.731467  0.674988  0.645022  0.799187  0.519704  0.833884  0.885094  0.484114  0.735899  0.818711  0.486871  0.745813  0.770675  0.571074  0.359037  0.396084 
8  0.105604  0.760297  0.323258  0.164070  0.392179  0.425981  0.505459  0.762803 0.0  0.339181  0.806408  0.402002  0.335649  0.031483  0.343306  0.472491  0.127880  0.480756  0.330558  0.205000  0.382781  0.145194  0.267329  0.508128  0.193374  0.007063  0.110189  0.280171  0.337690  0.594964  0.049922  0.325135  0.311357  0.235514  0.039283  0.336560  0.050196  0.413581  0.141596  0.195311  0.252885  0.202614  0.000000  0.124447  0.562560  0.000000  0.188420  0.145035  0.331320  0.094799  0.027887  0.266887  0.127027  0.066201  0.266943  0.048196  0.331320  0.618753  0.425236  0.261990 
9  0.422240  0.690985  0.419999  0.346452  0.172642  0.704607  0.552418  0.657926  0.339181 0.0  0.852112  0.407352  0.365846  0.379116  0.315314  0.389506  0.332257  0.445329  0.376137  0.336957  0.370496  0.286288  0.316757  0.659777  0.365622  0.346529  0.301844  0.286583  0.342408  0.651219  0.296578  0.329986  0.292417  0.100556  0.272917  0.299096  0.356174  0.176124  0.315109  0.412263  0.336826  0.291555  0.233339  0.337750  0.335511  0.285937  0.209179  0.275709  0.242568  0.401908  0.295706  0.398278  0.379613  0.345531  0.330573  0.332157  0.091178  0.615097  0.417004  0.354793 
10  0.765331  0.538544  0.523140  0.752208  0.808301  0.485747  0.385790  0.527254  0.806408  0.852112 0.0  0.541604  0.573125  0.730267  0.639618  0.483979  0.722144  0.357800  0.852852  0.495740  0.418920  0.764995  0.729418  0.795070  0.779265  0.767939  0.895834  0.789669  0.525235  0.815305  0.761479  0.530785  0.486434  0.712061  0.772603  0.512854  0.813812  0.852555  0.774143  0.565263  0.515537  0.477461  0.772457  0.788870  0.778275  0.789342  0.686544  0.809449  0.501416  0.780579  0.811532  0.515291  0.782419  0.712584  0.450980  0.806878  0.761839  0.578106  0.526594  0.533175 
11  0.490227  0.532322  0.140275  0.335805  0.316863  0.750006  0.331368  0.543351  0.402002  0.407352  0.541604 0.0  0.150961  0.359394  0.126496  0.462238  0.515242  0.232980  0.444348  0.192777  0.179353  0.345716  0.374386  0.938105  0.434716  0.402123  0.416222  0.335107  0.163707  0.733642  0.392958  0.088619  0.044769  0.417975  0.399895  0.004406  0.320722  0.427781  0.363224  0.161244  0.156157  0.145449  0.312090  0.358681  0.374485  0.449373  0.222048  0.441433  0.130215  0.402894  0.377818  0.083039  0.509781  0.340496  0.189211  0.360152  0.472729  0.684314  0.099343  0.116751 
12  0.407668  0.560498  0.248361  0.290949  0.422613  0.828512  0.332447  0.560811  0.335649  0.365846  0.573125  0.150961 0.0  0.392197  0.123145  0.424659  0.267809  0.426877  0.402250  0.111733  0.000000  0.367627  0.411257  0.766989  0.480832  0.392345  0.501099  0.356293  0.000000  0.822032  0.461740  0.160558  0.123999  0.282394  0.448654  0.054419  0.366955  0.272714  0.377284  0.051791  0.196104  0.000000  0.477065  0.348641  0.309948  0.373599  0.290716  0.403117  0.229920  0.399508  0.486428  0.037658  0.373721  0.466923  0.125220  0.420519  0.305346  0.434363  0.105357  0.132715 
13  0.058021  0.725060  0.388875  0.105393  0.386985  0.574903  0.578167  0.856599  0.031483  0.379116  0.730267  0.359394  0.392197 0.0  0.446933  0.448690  0.035042  0.526777  0.310840  0.389741  0.422078  0.222762  0.028976  0.598116  0.117762  0.232980  0.122211  0.359130  0.312587  0.428988  0.163635  0.464477  0.311323  0.329486  0.221584  0.272903  0.103553  0.364058  0.299172  0.355625  0.467561  0.323341  0.170907  0.154063  0.302069  0.090116  0.243086  0.183177  0.385750  0.125410  0.220109  0.397117  0.147593  0.192081  0.366602  0.185674  0.301485  0.548933  0.406918  0.267247 
14  0.332580  0.514018  0.182560  0.537638  0.300283  0.778754  0.421296  0.540755  0.343306  0.315314  0.639618  0.126496  0.123145  0.446933 0.0  0.482421  0.366276  0.333489  0.336352  0.061834  0.027971  0.291821  0.260264  0.848744  0.397665  0.415880  0.386533  0.487969  0.140639  0.623858  0.432292  0.244104  0.130356  0.310086  0.366844  0.000000  0.403313  0.276713  0.438018  0.000000  0.216200  0.129431  0.384623  0.399881  0.326316  0.217746  0.212149  0.392444  0.264675  0.366524  0.425874  0.056379  0.496031  0.438124  0.000000  0.503165  0.271152  0.577658  0.126243  0.103219 
15  0.428043  0.366982  0.505402  0.398423  0.437733  0.487747  0.452711  0.431751  0.472491  0.389506  0.483979  0.462238  0.424659  0.448690  0.482421 0.0  0.382356  0.508592  0.378295  0.523855  0.477148  0.386888  0.460030  0.430884  0.403140  0.386754  0.453242  0.326717  0.484616  0.445191  0.414347  0.472118  0.349657  0.485348  0.564156  0.502560  0.410615  0.408339  0.479162  0.537821  0.452331  0.479557  0.414856  0.493834  0.539538  0.470872  0.431537  0.530445  0.431244  0.538878  0.456288  0.433361  0.507444  0.463294  0.474094  0.472775  0.403884  0.589234  0.365759  0.562387 
16  0.275912  0.650544  0.363162  0.014480  0.281736  0.529724  0.631515  0.656991  0.127880  0.332257  0.722144  0.515242  0.267809  0.035042  0.366276  0.382356 0.0  0.551223  0.343241  0.262026  0.365687  0.000000  0.062544  0.474505  0.030743  0.109418  0.111047  0.344767  0.333134  0.380125  0.078230  0.276430  0.313558  0.250928  0.111292  0.303210  0.153157  0.285993  0.051434  0.367040  0.317054  0.330519  0.000000  0.179990  0.360871  0.039734  0.212652  0.143771  0.346410  0.100547  0.151559  0.416635  0.000000  0.104369  0.309634  0.000000  0.304034  0.416399  0.323416  0.352718 
17  0.647847  0.259678  0.437447  0.640572  0.592198  0.674151  0.305816  0.341427  0.480756  0.445329  0.357800  0.232980  0.426877  0.526777  0.333489  0.508592  0.551223 0.0  0.538293  0.256917  0.198656  0.499424  0.564702  0.602325  0.639161  0.647970  0.763135  0.628683  0.255963  0.534851  0.672177  0.484848  0.231892  0.568237  0.711862  0.193910  0.639227  0.551489  0.616548  0.226216  0.420106  0.318500  0.681871  0.667738  0.592305  0.397381  0.431437  0.656221  0.408861  0.596430  0.652130  0.346791  0.635728  0.543542  0.324400  0.646260  0.489492  0.534464  0.258265  0.322301 
18  0.355230  0.699956  0.279407  0.332762  0.259876  0.737382  0.502979  0.641484  0.330558  0.376137  0.852852  0.444348  0.402250  0.310840  0.336352  0.378295  0.343241  0.538293 0.0  0.388323  0.409265  0.334190  0.325400  0.686883  0.300473  0.289894  0.323288  0.000000  0.251789  0.696361  0.337038  0.333505  0.395384  0.396176  0.327215  0.290056  0.364189  0.231051  0.385535  0.352671  0.277718  0.357002  0.320082  0.223250  0.130615  0.300411  0.283543  0.322342  0.263831  0.324360  0.303758  0.228637  0.375593  0.228031  0.304947  0.257469  0.297693  0.203239  0.414234  0.301593 
19  0.498739  0.514480  0.016328  0.409651  0.424545  0.733305  0.197153  0.525206  0.205000  0.336957  0.495740  0.192777  0.111733  0.389741  0.061834  0.523855  0.262026  0.256917  0.388323 0.0  0.109280  0.338666  0.225823  0.644875  0.280415  0.299696  0.267877  0.368361  0.174336  0.792404  0.214816  0.113158  0.150225  0.443770  0.336913  0.213200  0.317382  0.455049  0.415319  0.179479  0.004304  0.140651  0.272885  0.347283  0.401874  0.439948  0.194958  0.379759  0.120658  0.371967  0.432921  0.194782  0.247140  0.276266  0.226629  0.298206  0.474281  0.564020  0.087103  0.137775 
20  0.382572  0.561061  0.114114  0.237429  0.449061  0.787880  0.263683  0.366763  0.382781  0.370496  0.418920  0.179353  0.000000  0.422078  0.027971  0.477148  0.365687  0.198656  0.409265  0.109280 0.0  0.304122  0.344398  0.673690  0.290173  0.394978  0.314131  0.286819  0.291084  0.701321  0.398734  0.036789  0.212608  0.492611  0.417636  0.110145  0.289899  0.416343  0.264162  0.166357  0.138597  0.180094  0.212368  0.368123  0.377596  0.445805  0.173236  0.319633  0.071234  0.271383  0.301782  0.160435  0.260493  0.247801  0.074347  0.299312  0.328316  0.539217  0.123599  0.213968 
21  0.125557  0.720691  0.294295  0.061541  0.320753  0.438179  0.531076  0.683467  0.145194  0.286288  0.764995  0.345716  0.367627  0.222762  0.291821  0.386888  0.000000  0.499424  0.334190  0.338666  0.304122 0.0  0.218143  0.530517  0.052422  0.064252  0.065539  0.334182  0.232430  0.565583  0.092749  0.319667  0.269577  0.316041  0.046592  0.287076  0.127417  0.258056  0.017255  0.285406  0.356662  0.362851  0.085193  0.000000  0.420449  0.086869  0.168532  0.109313  0.264425  0.104565  0.079404  0.369975  0.052485  0.117599  0.379368  0.077571  0.361377  0.471496  0.390003  0.297979 
22  0.174106  0.726268  0.387402  0.120354  0.230243  0.436148  0.425575  0.795176  0.267329  0.316757  0.729418  0.374386  0.411257  0.028976  0.260264  0.460030  0.062544  0.564702  0.325400  0.225823  0.344398  0.218143 0.0  0.418191  0.089989  0.000000  0.048489  0.317485  0.273851  0.580864  0.000000  0.293667  0.303142  0.169427  0.012320  0.364588  0.002685  0.244883  0.133308  0.353472  0.291144  0.303391  0.104686  0.076772  0.451313  0.078021  0.299550  0.049382  0.320198  0.049965  0.000000  0.319066  0.173880  0.059826  0.303042  0.015435  0.398409  0.604518  0.405320  0.304941 
23  0.461147  0.324173  0.747527  0.665256  0.751167  0.540894  0.675738  0.495461  0.508128  0.659777  0.795070  0.938105  0.766989  0.598116  0.848744  0.430884  0.474505  0.602325  0.686883  0.644875  0.673690  0.530517  0.418191 0.0  0.645207  0.520420  0.524586  0.902977  0.655668  0.056499  0.511979  0.834482  0.714727  0.717190  0.643310  0.687861  0.647008  0.682571  0.544015  0.652873  0.863297  0.697867  0.627032  0.634453  0.708392  0.366455  0.651618  0.486431  0.840822  0.605336  0.566507  0.668532  0.608587  0.669666  0.783401  0.591894  0.755811  0.561538  0.791963  0.645587 
24  0.068274  0.827594  0.481878  0.325490  0.342699  0.624184  0.593258  0.822068  0.193374  0.365622  0.779265  0.434716  0.480832  0.117762  0.397665  0.403140  0.030743  0.639161  0.300473  0.280415  0.290173  0.052422  0.089989  0.645207 0.0  0.182137  0.195580  0.506889  0.317220  0.450955  0.140239  0.521183  0.291073  0.401537  0.262245  0.352035  0.104605  0.366903  0.310776  0.296383  0.420416  0.247077  0.176095  0.109894  0.292477  0.015057  0.226111  0.207884  0.401250  0.025610  0.179897  0.358500  0.218244  0.200023  0.281316  0.150823  0.383090  0.485415  0.396572  0.330411 
25  0.049087  0.835561  0.435716  0.133096  0.227979  0.534969  0.621521  0.885607  0.007063  0.346529  0.767939  0.402123  0.392345  0.232980  0.415880  0.386754  0.109418  0.647970  0.289894  0.299696  0.394978  0.064252  0.000000  0.520420  0.182137 0.0  0.302655  0.381662  0.250781  0.451125  0.198676  0.439922  0.339029  0.382601  0.159548  0.224936  0.269593  0.321660  0.267084  0.334196  0.464828  0.414769  0.268495  0.315472  0.300039  0.033756  0.170040  0.205525  0.498987  0.082983  0.319377  0.362511  0.116165  0.264791  0.337566  0.158293  0.265458  0.615376  0.282235  0.292276 
26  0.065693  0.757214  0.464952  0.123250  0.311844  0.520263  0.596493  0.839564  0.110189  0.301844  0.895834  0.416222  0.501099  0.122211  0.386533  0.453242  0.111047  0.763135  0.323288  0.267877  0.314131  0.065539  0.048489  0.524586  0.195580  0.302655 0.0  0.472341  0.330678  0.442530  0.102333  0.438535  0.371730  0.295495  0.218344  0.377070  0.147331  0.275065  0.163653  0.381862  0.439445  0.340162  0.058023  0.228218  0.318791  0.000000  0.251060  0.129825  0.407267  0.143564  0.142038  0.332033  0.237525  0.206732  0.349362  0.202677  0.366838  0.493734  0.479993  0.404363 
27  0.365857  0.813085  0.423194  0.434389  0.209449  0.790076  0.600033  0.771471  0.280171  0.286583  0.789669  0.335107  0.356293  0.359130  0.487969  0.326717  0.344767  0.628683  0.000000  0.368361  0.286819  0.334182  0.317485  0.902977  0.506889  0.381662  0.472341 0.0  0.252973  0.759143  0.427167  0.473535  0.307579  0.348787  0.509555  0.273788  0.516083  0.288846  0.470562  0.336173  0.474161  0.322619  0.520567  0.425516  0.098279  0.261435  0.206052  0.434166  0.466976  0.385194  0.466652  0.326865  0.492225  0.489377  0.276465  0.399240  0.354589  0.203975  0.369289  0.396695 
28  0.394058  0.464680  0.102142  0.293181  0.534144  0.694850  0.299708  0.408799  0.337690  0.342408  0.525235  0.163707  0.000000  0.312587  0.140639  0.484616  0.333134  0.255963  0.251789  0.174336  0.291084  0.232430  0.273851  0.655668  0.317220  0.250781  0.330678  0.252973 0.0  0.707169  0.318249  0.073260  0.190989  0.421286  0.271005  0.186224  0.330825  0.463876  0.254870  0.204815  0.030547  0.155674  0.357322  0.318493  0.376556  0.453030  0.290482  0.354664  0.039241  0.363674  0.376695  0.192572  0.377756  0.347778  0.249499  0.408542  0.433588  0.507631  0.035954  0.269695 
29  0.559247  0.424230  0.717527  0.555690  0.717972  0.485413  0.515046  0.296829  0.594964  0.651219  0.815305  0.733642  0.822032  0.428988  0.623858  0.445191  0.380125  0.534851  0.696361  0.792404  0.701321  0.565583  0.580864  0.056499  0.450955  0.451125  0.442530  0.759143  0.707169 0.0  0.509472  0.672009  0.686883  0.754247  0.379937  0.787869  0.552214  0.712291  0.469480  0.610060  0.831283  0.673366  0.482710  0.532687  0.835010  0.569362  0.648142  0.455209  0.745278  0.560320  0.569749  0.847666  0.569634  0.478120  0.728427  0.471598  0.698008  0.571308  0.708272  0.701363 
30  0.128317  0.704490  0.486253  0.114955  0.375090  0.602061  0.500227  0.901714  0.049922  0.296578  0.761479  0.392958  0.461740  0.163635  0.432292  0.414347  0.078230  0.672177  0.337038  0.214816  0.398734  0.092749  0.000000  0.511979  0.140239  0.198676  0.102333  0.427167  0.318249  0.509472 0.0  0.377020  0.388848  0.352095  0.207837  0.297001  0.235059  0.292004  0.232519  0.392090  0.487865  0.273679  0.152678  0.256501  0.395950  0.000000  0.323166  0.154867  0.503370  0.018668  0.271214  0.263408  0.214715  0.142395  0.398183  0.161689  0.401091  0.516523  0.357326  0.331812 
31  0.329564  0.515291  0.378839  0.515590  0.330426  0.811599  0.439282  0.576617  0.325135  0.329986  0.530785  0.088619  0.160558  0.464477  0.244104  0.472118  0.276430  0.484848  0.333505  0.113158  0.036789  0.319667  0.293667  0.834482  0.521183  0.439922  0.438535  0.473535  0.073260  0.672009  0.377020 0.0  0.094412  0.355354  0.399580  0.109061  0.460362  0.255599  0.503027  0.068179  0.234859  0.212612  0.389546  0.534990  0.363914  0.297593  0.194381  0.407314  0.264234  0.412041  0.520729  0.065784  0.424464  0.447440  0.080514  0.536156  0.404282  0.420697  0.189113  0.017171 
32  0.375490  0.464304  0.056025  0.267528  0.429482  0.670277  0.250049  0.453719  0.311357  0.292417  0.486434  0.044769  0.123999  0.311323  0.130356  0.349657  0.313558  0.231892  0.395384  0.150225  0.212608  0.269577  0.303142  0.714727  0.291073  0.339029  0.371730  0.307579  0.190989  0.686883  0.388848  0.094412 0.0  0.464214  0.256842  0.287554  0.292482  0.468574  0.367202  0.066521  0.024633  0.116847  0.383850  0.398334  0.350839  0.392955  0.222868  0.277012  0.119897  0.303746  0.299692  0.192817  0.353054  0.315449  0.134428  0.277306  0.327441  0.478442  0.130183  0.238160 
33  0.264121  0.723071  0.271897  0.370374  0.222426  0.666380  0.554256  0.677440  0.235514  0.100556  0.712061  0.417975  0.282394  0.329486  0.310086  0.485348  0.250928  0.568237  0.396176  0.443770  0.492611  0.316041  0.169427  0.717190  0.401537  0.382601  0.295495  0.348787  0.421286  0.754247  0.352095  0.355354  0.464214 0.0  0.340571  0.429859  0.265312  0.194535  0.199502  0.335310  0.315439  0.415469  0.436012  0.414252  0.352659  0.432354  0.278424  0.320012  0.292653  0.406069  0.272323  0.399884  0.347555  0.308552  0.483158  0.309942  0.223685  0.506493  0.445808  0.361511 
34  0.100242  0.653304  0.467169  0.238905  0.350659  0.706049  0.691037  0.825047  0.039283  0.272917  0.772603  0.399895  0.448654  0.221584  0.366844  0.564156  0.111292  0.711862  0.327215  0.336913  0.417636  0.046592  0.012320  0.643310  0.262245  0.159548  0.218344  0.509555  0.271005  0.379937  0.207837  0.399580  0.256842  0.340571 0.0  0.254170  0.192058  0.259622  0.285122  0.292004  0.565863  0.381468  0.168264  0.250803  0.349603  0.089085  0.340016  0.188478  0.349597  0.077480  0.303461  0.331018  0.288747  0.136138  0.288266  0.247633  0.408324  0.457720  0.284859  0.266835 
35  0.447202  0.595643  0.037861  0.259194  0.535742  0.704734  0.312086  0.494261  0.336560  0.299096  0.512854  0.004406  0.054419  0.272903  0.000000  0.502560  0.303210  0.193910  0.290056  0.213200  0.110145  0.287076  0.364588  0.687861  0.352035  0.224936  0.377070  0.273788  0.186224  0.787869  0.297001  0.109061  0.287554  0.429859  0.254170 0.0  0.325446  0.536144  0.325854  0.135689  0.071151  0.173314  0.332622  0.280249  0.362347  0.420534  0.304812  0.317546  0.068881  0.346976  0.448299  0.058745  0.306260  0.228778  0.276125  0.322932  0.320301  0.531402  0.026299  0.137934 
36  0.069826  0.767160  0.486552  0.120923  0.320190  0.660239  0.634497  0.868284  0.050196  0.356174  0.813812  0.320722  0.366955  0.103553  0.403313  0.410615  0.153157  0.639227  0.364189  0.317382  0.289899  0.127417  0.002685  0.647008  0.104605  0.269593  0.147331  0.516083  0.330825  0.552214  0.235059  0.460362  0.292482  0.265312  0.192058  0.325446 0.0  0.378687  0.212853  0.206848  0.415492  0.286436  0.164981  0.215940  0.336002  0.052535  0.278410  0.221054  0.505363  0.135889  0.227979  0.394681  0.169132  0.240044  0.326224  0.186984  0.380820  0.488480  0.369695  0.283405 
37  0.394611  0.856136  0.293719  0.315320  0.086899  0.726198  0.469393  0.712277  0.413581  0.176124  0.852555  0.427781  0.272714  0.364058  0.276713  0.408339  0.285993  0.551489  0.231051  0.455049  0.416343  0.258056  0.244883  0.682571  0.366903  0.321660  0.275065  0.288846  0.463876  0.712291  0.292004  0.255599  0.468574  0.194535  0.259622  0.536144  0.378687 0.0  0.312134  0.377637  0.341604  0.407930  0.356701  0.284330  0.374691  0.416603  0.247763  0.316046  0.382522  0.384448  0.313910  0.430698  0.280446  0.273598  0.349779  0.333001  0.159615  0.468750  0.435920  0.470238 
38  0.147617  0.735562  0.576355  0.213999  0.386662  0.554273  0.665671  0.894813  0.141596  0.315109  0.774143  0.363224  0.377284  0.299172  0.438018  0.479162  0.051434  0.616548  0.385535  0.415319  0.264162  0.017255  0.133308  0.544015  0.310776  0.267084  0.163653  0.470562  0.254870  0.469480  0.232519  0.503027  0.367202  0.199502  0.285122  0.325854  0.212853  0.312134 0.0  0.320456  0.451870  0.387207  0.111921  0.134062  0.383983  0.047445  0.254050  0.233865  0.339988  0.015793  0.168505  0.369132  0.158491  0.220650  0.262582  0.245165  0.325267  0.586874  0.438969  0.404347 
39  0.390370  0.510247  0.032192  0.347984  0.434901  0.712736  0.256151  0.458256  0.195311  0.412263  0.565263  0.161244  0.051791  0.355625  0.000000  0.537821  0.367040  0.226216  0.352671  0.179479  0.166357  0.285406  0.353472  0.652873  0.296383  0.334196  0.381862  0.336173  0.204815  0.610060  0.392090  0.068179  0.066521  0.335310  0.292004  0.135689  0.206848  0.377637  0.320456 0.0  0.000000  0.156498  0.269380  0.394880  0.270827  0.483007  0.248279  0.300880  0.084278  0.354789  0.375094  0.292840  0.339223  0.347847  0.200808  0.272160  0.484711  0.484438  0.144702  0.235911 
40  0.326959  0.563684  0.161585  0.434595  0.377342  1.000000  0.405578  0.543955  0.252885  0.336826  0.515537  0.156157  0.196104  0.467561  0.216200  0.452331  0.317054  0.420106  0.277718  0.004304  0.138597  0.356662  0.291144  0.863297  0.420416  0.464828  0.439445  0.474161  0.030547  0.831283  0.487865  0.234859  0.024633  0.315439  0.565863  0.071151  0.415492  0.341604  0.451870  0.000000 0.0  0.006303  0.491799  0.526665  0.320476  0.377316  0.306891  0.505815  0.218771  0.417067  0.402313  0.130440  0.483814  0.413261  0.000000  0.505468  0.456120  0.614283  0.167636  0.010085 
41  0.310421  0.483846  0.000000  0.220304  0.491476  0.697140  0.277986  0.461215  0.202614  0.291555  0.477461  0.145449  0.000000  0.323341  0.129431  0.479557  0.330519  0.318500  0.357002  0.140651  0.180094  0.362851  0.303391  0.697867  0.247077  0.414769  0.340162  0.322619  0.155674  0.673366  0.273679  0.212612  0.116847  0.415469  0.381468  0.173314  0.286436  0.407930  0.387207  0.156498  0.006303 0.0  0.226562  0.315237  0.352482  0.565085  0.262401  0.316110  0.000000  0.320180  0.302037  0.170583  0.346576  0.347617  0.186046  0.251010  0.447533  0.505403  0.141028  0.173409 
42  0.156584  0.715135  0.411636  0.146182  0.283707  0.549173  0.677457  0.902640  0.000000  0.233339  0.772457  0.312090  0.477065  0.170907  0.384623  0.414856  0.000000  0.681871  0.320082  0.272885  0.212368  0.085193  0.104686  0.627032  0.176095  0.268495  0.058023  0.520567  0.357322  0.482710  0.152678  0.389546  0.383850  0.436012  0.168264  0.332622  0.164981  0.356701  0.111921  0.269380  0.491799  0.226562 0.0  0.210389  0.300552  0.026527  0.251229  0.277874  0.477010  0.124138  0.255106  0.185492  0.153577  0.153207  0.269002  0.193666  0.324028  0.514665  0.418313  0.196596 
43  0.125787  0.787090  0.333241  0.086200  0.314064  0.530879  0.606198  0.844720  0.124447  0.337750  0.788870  0.358681  0.348641  0.154063  0.399881  0.493834  0.179990  0.667738  0.223250  0.347283  0.368123  0.000000  0.076772  0.634453  0.109894  0.315472  0.228218  0.425516  0.318493  0.532687  0.256501  0.534990  0.398334  0.414252  0.250803  0.280249  0.215940  0.284330  0.134062  0.394880  0.526665  0.315237  0.210389 0.0  0.391593  0.070279  0.293606  0.250374  0.479657  0.072583  0.229664  0.416066  0.210501  0.207102  0.298962  0.147471  0.394520  0.596409  0.389195  0.333473 
44  0.393114  0.827640  0.319841  0.258676  0.275505  0.679569  0.536070  0.731467  0.562560  0.335511  0.778275  0.374485  0.309948  0.302069  0.326316  0.539538  0.360871  0.592305  0.130615  0.401874  0.377596  0.420449  0.451313  0.708392  0.292477  0.300039  0.318791  0.098279  0.376556  0.835010  0.395950  0.363914  0.350839  0.352659  0.349603  0.362347  0.336002  0.374691  0.383983  0.270827  0.320476  0.352482  0.300552  0.391593 0.0  0.327659  0.285881  0.356849  0.261733  0.434281  0.321993  0.375288  0.247989  0.397915  0.313896  0.469756  0.326612  0.217809  0.347846  0.314036 
45  0.098545  0.737406  0.341868  0.036670  0.467313  0.468480  0.554754  0.674988  0.000000  0.285937  0.789342  0.449373  0.373599  0.090116  0.217746  0.470872  0.039734  0.397381  0.300411  0.439948  0.445805  0.086869  0.078021  0.366455  0.015057  0.033756  0.000000  0.261435  0.453030  0.569362  0.000000  0.297593  0.392955  0.432354  0.089085  0.420534  0.052535  0.416603  0.047445  0.483007  0.377316  0.565085  0.026527  0.070279  0.327659 0.0  0.198389  0.090183  0.352099  0.085028  0.090543  0.471382  0.046801  0.047288  0.490261  0.087756  0.451496  0.502694  0.385015  0.375636 
46  0.218005  0.671448  0.351003  0.231286  0.230422  0.557636  0.420287  0.645022  0.188420  0.209179  0.686544  0.222048  0.290716  0.243086  0.212149  0.431537  0.212652  0.431437  0.283543  0.194958  0.173236  0.168532  0.299550  0.651618  0.226111  0.170040  0.251060  0.206052  0.290482  0.648142  0.323166  0.194381  0.222868  0.278424  0.340016  0.304812  0.278410  0.247763  0.254050  0.248279  0.306891  0.262401  0.251229  0.293606  0.285881  0.198389 0.0  0.269567  0.242986  0.335193  0.196852  0.244421  0.339122  0.302709  0.256749  0.256275  0.280111  0.424079  0.211815  0.219563 
47  0.074353  0.774991  0.571902  0.180556  0.365348  0.583827  0.553459  0.799187  0.145035  0.275709  0.809449  0.441433  0.403117  0.183177  0.392444  0.530445  0.143771  0.656221  0.322342  0.379759  0.319633  0.109313  0.049382  0.486431  0.207884  0.205525  0.129825  0.434166  0.354664  0.455209  0.154867  0.407314  0.277012  0.320012  0.188478  0.317546  0.221054  0.316046  0.233865  0.300880  0.505815  0.316110  0.277874  0.250374  0.356849  0.090183  0.269567 0.0  0.498385  0.161957  0.158563  0.316917  0.124405  0.145821  0.342047  0.107870  0.337224  0.541734  0.388888  0.211073 
48  0.388119  0.474234  0.109075  0.371996  0.249523  0.880959  0.309417  0.519704  0.331320  0.242568  0.501416  0.130215  0.229920  0.385750  0.264675  0.431244  0.346410  0.408861  0.263831  0.120658  0.071234  0.264425  0.320198  0.840822  0.401250  0.498987  0.407267  0.466976  0.039241  0.745278  0.503370  0.264234  0.119897  0.292653  0.349597  0.068881  0.505363  0.382522  0.339988  0.084278  0.218771  0.000000  0.477010  0.479657  0.261733  0.352099  0.242986  0.498385 0.0  0.324665  0.430316  0.000000  0.431796  0.536350  0.100714  0.459851  0.296524  0.511755  0.277448  0.077244 
49  0.176833  0.797586  0.286414  0.192995  0.417997  0.501066  0.540103  0.833884  0.094799  0.401908  0.780579  0.402894  0.399508  0.125410  0.366524  0.538878  0.100547  0.596430  0.324360  0.371967  0.271383  0.104565  0.049965  0.605336  0.025610  0.082983  0.143564  0.385194  0.363674  0.560320  0.018668  0.412041  0.303746  0.406069  0.077480  0.346976  0.135889  0.384448  0.015793  0.354789  0.417067  0.320180  0.124138  0.072583  0.434281  0.085028  0.335193  0.161957  0.324665 0.0  0.179590  0.376669  0.136146  0.226427  0.383682  0.259975  0.338175  0.544383  0.385727  0.300692 
50  0.036816  0.815365  0.433276  0.222436  0.293784  0.605201  0.781484  0.885094  0.027887  0.295706  0.811532  0.377818  0.486428  0.220109  0.425874  0.456288  0.151559  0.652130  0.303758  0.432921  0.301782  0.079404  0.000000  0.566507  0.179897  0.319377  0.142038  0.466652  0.376695  0.569749  0.271214  0.520729  0.299692  0.272323  0.303461  0.448299  0.227979  0.313910  0.168505  0.375094  0.402313  0.302037  0.255106  0.229664  0.321993  0.090543  0.196852  0.158563  0.430316  0.179590 0.0  0.250212  0.167170  0.213157  0.316966  0.068142  0.338482  0.586184  0.374635  0.352511 
51  0.378718  0.447548  0.036649  0.424442  0.429877  0.663544  0.218404  0.484114  0.266887  0.398278  0.515291  0.083039  0.037658  0.397117  0.056379  0.433361  0.416635  0.346791  0.228637  0.194782  0.160435  0.369975  0.319066  0.668532  0.358500  0.362511  0.332033  0.326865  0.192572  0.847666  0.263408  0.065784  0.192817  0.399884  0.331018  0.058745  0.394681  0.430698  0.369132  0.292840  0.130440  0.170583  0.185492  0.416066  0.375288  0.471382  0.244421  0.316917  0.000000  0.376669  0.250212 0.0  0.258050  0.380270  0.144136  0.314966  0.406930  0.578172  0.159492  0.151739 
52  0.164848  0.740013  0.409234  0.165776  0.306655  0.599125  0.551861  0.735899  0.127027  0.379613  0.782419  0.509781  0.373721  0.147593  0.496031  0.507444  0.000000  0.635728  0.375593  0.247140  0.260493  0.052485  0.173880  0.608587  0.218244  0.116165  0.237525  0.492225  0.377756  0.569634  0.214715  0.424464  0.353054  0.347555  0.288747  0.306260  0.169132  0.280446  0.158491  0.339223  0.483814  0.346576  0.153577  0.210501  0.247989  0.046801  0.339122  0.124405  0.431796  0.136146  0.167170  0.258050 0.0  0.221379  0.322903  0.166470  0.354106  0.514544  0.469587  0.344808 
53  0.095259  0.763532  0.475484  0.176814  0.373681  0.584755  0.597311  0.818711  0.066201  0.345531  0.712584  0.340496  0.466923  0.192081  0.438124  0.463294  0.104369  0.543542  0.228031  0.276266  0.247801  0.117599  0.059826  0.669666  0.200023  0.264791  0.206732  0.489377  0.347778  0.478120  0.142395  0.447440  0.315449  0.308552  0.136138  0.228778  0.240044  0.273598  0.220650  0.347847  0.413261  0.347617  0.153207  0.207102  0.397915  0.047288  0.302709  0.145821  0.536350  0.226427  0.213157  0.380270  0.221379 0.0  0.350108  0.250393  0.378086  0.592440  0.366702  0.360853 
54  0.419478  0.576111  0.073622  0.275353  0.491394  0.790062  0.250879  0.486871  0.266943  0.330573  0.450980  0.189211  0.125220  0.366602  0.000000  0.474094  0.309634  0.324400  0.304947  0.226629  0.074347  0.379368  0.303042  0.783401  0.281316  0.337566  0.349362  0.276465  0.249499  0.728427  0.398183  0.080514  0.134428  0.483158  0.288266  0.276125  0.326224  0.349779  0.262582  0.200808  0.000000  0.186046  0.269002  0.298962  0.313896  0.490261  0.256749  0.342047  0.100714  0.383682  0.316966  0.144136  0.322903  0.350108 0.0  0.342236  0.423422  0.579655  0.064908  0.104658 
55  0.121119  0.771543  0.412846  0.174916  0.240468  0.526043  0.639951  0.745813  0.048196  0.332157  0.806878  0.360152  0.420519  0.185674  0.503165  0.472775  0.000000  0.646260  0.257469  0.298206  0.299312  0.077571  0.015435  0.591894  0.150823  0.158293  0.202677  0.399240  0.408542  0.471598  0.161689  0.536156  0.277306  0.309942  0.247633  0.322932  0.186984  0.333001  0.245165  0.272160  0.505468  0.251010  0.193666  0.147471  0.469756  0.087756  0.256275  0.107870  0.459851  0.259975  0.068142  0.314966  0.166470  0.250393  0.342236 0.0  0.267904  0.496767  0.307976  0.342754 
56  0.298131  0.724725  0.374090  0.317345  0.259861  0.867006  0.401870  0.770675  0.331320  0.091178  0.761839  0.472729  0.305346  0.301485  0.271152  0.403884  0.304034  0.489492  0.297693  0.474281  0.328316  0.361377  0.398409  0.755811  0.383090  0.265458  0.366838  0.354589  0.433588  0.698008  0.401091  0.404282  0.327441  0.223685  0.408324  0.320301  0.380820  0.159615  0.325267  0.484711  0.456120  0.447533  0.324028  0.394520  0.326612  0.451496  0.280111  0.337224  0.296524  0.338175  0.338482  0.406930  0.354106  0.378086  0.423422  0.267904 0.0  0.545055  0.316284  0.382439 
57  0.513566  0.544472  0.511970  0.468947  0.593615  0.445799  0.463124  0.571074  0.618753  0.615097  0.578106  0.684314  0.434363  0.548933  0.577658  0.589234  0.416399  0.534464  0.203239  0.564020  0.539217  0.471496  0.604518  0.561538  0.485415  0.615376  0.493734  0.203975  0.507631  0.571308  0.516523  0.420697  0.478442  0.506493  0.457720  0.531402  0.488480  0.468750  0.586874  0.484438  0.614283  0.505403  0.514665  0.596409  0.217809  0.502694  0.424079  0.541734  0.511755  0.544383  0.586184  0.578172  0.514544  0.592440  0.579655  0.496767  0.545055 0.0  0.611688  0.451131 
58  0.423632  0.583375  0.092816  0.353826  0.489213  0.772934  0.354243  0.359037  0.425236  0.417004  0.526594  0.099343  0.105357  0.406918  0.126243  0.365759  0.323416  0.258265  0.414234  0.087103  0.123599  0.390003  0.405320  0.791963  0.396572  0.282235  0.479993  0.369289  0.035954  0.708272  0.357326  0.189113  0.130183  0.445808  0.284859  0.026299  0.369695  0.435920  0.438969  0.144702  0.167636  0.141028  0.418313  0.389195  0.347846  0.385015  0.211815  0.388888  0.277448  0.385727  0.374635  0.159492  0.469587  0.366702  0.064908  0.307976  0.316284  0.611688 0.0  0.157357 
59  0.371200  0.464844  0.053047  0.277484  0.423225  0.712173  0.244015  0.396084  0.261990  0.354793  0.533175  0.116751  0.132715  0.267247  0.103219  0.562387  0.352718  0.322301  0.301593  0.137775  0.213968  0.297979  0.304941  0.645587  0.330411  0.292276  0.404363  0.396695  0.269695  0.701363  0.331812  0.017171  0.238160  0.361511  0.266835  0.137934  0.283405  0.470238  0.404347  0.235911  0.010085  0.173409  0.196596  0.333473  0.314036  0.375636  0.219563  0.211073  0.077244  0.300692  0.352511  0.151739  0.344808  0.360853  0.104658  0.342754  0.382439  0.451131  0.157357 0.0 
