89
0 0.0  0.661444  0.556048  0.293366  0.568631  0.709384  0.784131  0.215642  0.725936  0.826883  0.689013  0.699331  0.767357  0.803207  0.551943  0.774079  0.771166  0.801527  0.637328  0.477068  0.576839  0.743437  0.751220  0.458299  0.836100  0.752982  0.823579  0.664666  0.750379  0.746934  0.573366  0.586636  0.632159  0.682610  0.760745  0.736459  0.865428  0.667032  0.521267  0.794251  0.610124  0.657509  0.820986  0.691087  0.416215  0.737905  0.556566  0.730506  0.299024  0.761162  0.650635  0.426537  0.370646  0.698899  0.777176  0.691538  0.607568  0.658686  0.295406  0.254417  0.422818  0.595296  0.625836  0.750674  0.944484  0.847846  0.663075  0.271099  0.508910  0.680767  0.768968  0.654199  0.857558  0.592542  0.492336  0.700680  0.695160  0.562271  0.950941  0.775952  0.863944  0.610513  0.672877  0.745557  0.752972  0.693784  0.717210  0.626506  0.716604 
1  0.661444 0.0  0.649159  0.564849  0.535127  0.745611  0.556346  0.694647  0.173307  0.861121  0.696252  0.767377  0.393222  0.727927  0.776073  0.786729  0.736317  0.742051  0.760321  0.841800  0.605931  0.769215  0.630877  0.776718  0.679390  0.762052  0.778682  0.746085  0.750761  0.386262  0.570462  0.678354  0.562469  0.708540  0.774819  0.843071  0.775611  0.750125  0.667784  0.658509  0.567488  0.613929  0.713140  0.310409  0.711020  0.297111  0.599301  0.357675  0.737971  0.694508  0.693856  0.756578  0.616490  0.814748  0.820020  0.397383  0.659394  0.757880  0.673165  0.785095  0.648833  0.351831  0.664059  0.905420  0.810860  0.917967  0.494288  0.647187  0.479156  0.636382  0.693565  0.737605  0.763693  0.634098  0.542681  0.712552  0.724035  0.660001  0.770678  0.796283  0.916303  0.690621  0.816231  0.782600  0.734193  0.704363  0.863941  0.327092  0.810931 
2  0.556048  0.649159 0.0  0.728429  0.406115  0.662412  0.551255  0.642153  0.665001  0.832885  0.295814  0.619384  0.623418  0.706144  0.566827  0.607783  0.828639  0.726056  0.699645  0.615513  0.301072  0.797798  0.357161  0.690325  0.800566  0.667077  0.776774  0.668278  0.755935  0.632349  0.607830  0.676358  0.623762  0.556488  0.741262  0.734737  0.755791  0.548538  0.665802  0.735742  0.749981  0.718629  0.606818  0.596208  0.671864  0.653331  0.412155  0.608101  0.621160  0.714960  0.366033  0.657425  0.723558  0.754445  0.805225  0.568039  0.470844  0.771047  0.630916  0.679588  0.683392  0.628631  0.674556  0.740422  0.739793  0.711548  0.563274  0.596025  0.278050  0.598000  0.673993  0.722456  0.783992  0.662930  0.553372  0.655363  0.635943  0.674523  0.569063  0.726532  0.795989  0.603863  0.626260  0.769046  0.806940  0.660359  0.817368  0.618876  0.658839 
3  0.293366  0.564849  0.728429 0.0  0.576478  0.669765  0.722905  0.306737  0.761529  0.746188  0.508382  0.703879  0.720159  0.760599  0.401336  0.682721  0.776501  0.750574  0.507194  0.498872  0.486615  0.890651  0.643779  0.467102  0.812399  0.724617  0.809199  0.650855  0.792235  0.634482  0.405701  0.503652  0.703347  0.699824  0.667059  0.750521  0.860152  0.676352  0.393879  0.708086  0.665490  0.670189  0.688844  0.620505  0.347208  0.759229  0.576377  0.782086  0.271499  0.710812  0.512191  0.351647  0.394254  0.787387  0.892870  0.684532  0.637943  0.643742  0.233694  0.375682  0.524480  0.679915  0.781517  0.851644  0.726075  0.933752  0.594201  0.276894  0.676432  0.599478  0.847758  0.687669  0.715614  0.743335  0.282678  0.749167  0.774799  0.616265  0.756344  0.640605  0.716374  0.736664  0.673090  0.778082  0.819440  0.725539  0.749820  0.734894  0.744881 
4  0.568631  0.535127  0.406115  0.576478 0.0  0.701011  0.728289  0.580923  0.637856  0.747636  0.255302  0.609425  0.648559  0.820462  0.652011  0.632337  0.820314  0.641898  0.608561  0.643639  0.272021  0.498442  0.269498  0.637630  0.707053  0.574951  0.746782  0.678624  0.625009  0.633221  0.603949  0.559054  0.539168  0.623675  0.652187  0.808504  0.734963  0.588641  0.428171  0.692860  0.725468  0.663230  0.687592  0.717491  0.630346  0.652508  0.315057  0.587242  0.529309  0.628951  0.477763  0.544808  0.594456  0.767194  0.724842  0.547617  0.158301  0.686079  0.610418  0.506647  0.493230  0.642580  0.694078  0.698805  0.677811  0.861501  0.606110  0.543586  0.391158  0.688271  0.785633  0.580362  0.724366  0.548316  0.394404  0.596021  0.721145  0.585799  0.661408  0.558030  0.629045  0.675106  0.511952  0.802785  0.766792  0.564816  0.708023  0.636363  0.769120 
5  0.709384  0.745611  0.662412  0.669765  0.701011 0.0  0.741093  0.724490  0.799122  0.579678  0.701362  0.608182  0.776665  0.628440  0.644788  0.165994  0.845393  0.482587  0.516640  0.599974  0.675365  0.638764  0.610628  0.673950  0.581938  0.539249  0.897941  0.253189  0.572055  0.777085  0.853159  0.636233  0.720062  0.572047  0.197999  0.271637  0.561055  0.508557  0.674031  0.793957  0.796983  0.834970  0.513477  0.809243  0.810553  0.804841  0.658376  0.766801  0.703671  0.397581  0.637780  0.598046  0.802442  0.858727  0.522470  0.755689  0.541797  0.372888  0.753789  0.763667  0.678759  0.744545  0.373286  0.579366  0.557909  0.618280  0.638263  0.824505  0.758768  0.690375  0.550829  0.551503  0.652995  0.443695  0.540218  0.634334  0.677954  0.416573  0.375966  0.265740  0.336802  0.640939  0.547645  0.578410  0.639102  0.323292  0.559284  0.844732  0.528706 
6  0.784131  0.556346  0.551255  0.722905  0.728289  0.741093 0.0  0.602431  0.644568  0.779617  0.625961  0.673305  0.594419  0.688510  0.568017  0.700665  0.596823  0.641628  0.809447  0.673131  0.700940  0.733585  0.725912  0.751889  0.734807  0.650804  0.744769  0.694378  0.811126  0.621257  0.603696  0.656057  0.554486  0.722295  0.644044  0.689543  0.742778  0.659788  0.694555  0.683854  0.631590  0.576784  0.900009  0.547895  0.557151  0.609363  0.622749  0.800013  0.607778  0.645842  0.599956  0.789927  0.623151  0.739340  0.618384  0.511379  0.645744  0.647038  0.648848  0.652529  0.627028  0.584918  0.711818  0.665256  0.736526  0.725866  0.454814  0.567716  0.581993  0.522935  0.668113  0.597873  0.767136  0.622562  0.518950  0.761101  0.615151  0.590005  0.755325  0.774672  0.726812  0.561961  0.725052  0.752762  0.696011  0.695358  0.709687  0.671988  0.715249 
7  0.215642  0.694647  0.642153  0.306737  0.580923  0.724490  0.602431 0.0  0.786565  0.972373  0.594392  0.806092  0.563717  0.831298  0.485195  0.845793  0.830984  0.823450  0.608306  0.575042  0.697349  0.687261  0.671079  0.546867  0.698289  0.718746  0.789134  0.833142  0.711144  0.825707  0.423498  0.624416  0.633282  0.761464  0.667142  0.850672  0.772747  0.776632  0.518666  0.700546  0.503948  0.547724  0.805641  0.580685  0.083699  0.562480  0.636186  0.727303  0.382512  0.733575  0.695020  0.367186  0.115245  0.863635  0.720795  0.686663  0.703957  0.687841  0.340264  0.310809  0.563190  0.713173  0.826002  0.779850  0.930949  0.844022  0.472611  0.339877  0.511503  0.711603  0.580061  0.696612  0.868747  0.668509  0.448503  0.740392  0.802451  0.581741  0.841775  0.910248  0.854553  0.618987  0.707533  0.856763  0.761828  0.744439  0.773767  0.602188  0.633276 
8  0.725936  0.173307  0.665001  0.761529  0.637856  0.799122  0.644568  0.786565 0.0  0.853418  0.756861  0.673993  0.306653  0.797203  0.741742  0.771712  0.784910  0.795633  0.718590  0.715723  0.608219  0.727463  0.706903  0.747671  0.910043  0.812799  0.876119  0.767046  0.821738  0.400316  0.741927  0.772026  0.606029  0.762801  0.792910  0.688584  0.871755  0.655285  0.692536  0.724568  0.605409  0.714952  0.731425  0.377817  0.775593  0.433117  0.736925  0.337757  0.625050  0.775309  0.658914  0.805136  0.816182  0.894505  0.769593  0.604867  0.693489  0.760977  0.602103  0.716244  0.701287  0.458668  0.749525  0.768928  0.804107  0.831170  0.656509  0.586843  0.650590  0.661858  0.939252  0.777556  0.745092  0.863095  0.482419  0.768952  0.815884  0.837605  0.810602  0.762112  0.786846  0.747229  0.700059  0.774850  0.789126  0.729219  0.830402  0.384339  0.865253 
9  0.826883  0.861121  0.832885  0.746188  0.747636  0.579678  0.779617  0.972373  0.853418 0.0  0.719943  0.396904  0.759491  0.462676  0.777319  0.616433  0.992889  0.587029  0.605600  0.627058  0.720798  0.479100  0.664368  0.851415  0.370892  0.487945  0.891082  0.571976  0.406972  0.923729  0.863241  0.714252  0.760201  0.547756  0.472371  0.468738  0.437948  0.327246  0.823531  0.940182  0.820495  0.790140  0.083905  0.798574  0.783179  0.726508  0.809938  0.747758  0.729923  0.454092  0.690107  0.749426  0.839937  0.801970  0.421280  0.859713  0.743264  0.613929  0.747400  0.825776  0.764091  0.830170  0.659376  0.409684  0.158382  0.453480  0.785157  0.835975  0.746960  0.784550  0.404044  0.480217  0.283495  0.475960  0.469943  0.403798  0.396599  0.263495  0.474984  0.596803  0.560175  0.444148  0.356312  0.463979  0.355207  0.637768  0.464630  0.852862  0.375447 
10  0.689013  0.696252  0.295814  0.508382  0.255302  0.701362  0.625961  0.594392  0.756861  0.719943 0.0  0.721705  0.620459  0.712481  0.642659  0.665442  0.850852  0.617295  0.562477  0.663315  0.470552  0.783852  0.292979  0.594240  0.734506  0.616924  0.761935  0.635449  0.750277  0.646210  0.706575  0.663791  0.674782  0.677827  0.712231  0.611200  0.747034  0.618156  0.680896  0.679959  0.820964  0.533331  0.581954  0.736935  0.642813  0.610058  0.423445  0.628012  0.620178  0.684964  0.453024  0.634337  0.653622  0.636839  0.700235  0.677288  0.276787  0.570504  0.492681  0.640099  0.579275  0.701802  0.657925  0.693994  0.678938  0.733150  0.663647  0.729519  0.414795  0.673208  0.705387  0.665430  0.713946  0.610901  0.512956  0.678006  0.551249  0.560981  0.649083  0.617664  0.541549  0.745771  0.809861  0.694812  0.769867  0.638430  0.712457  0.639974  0.668736 
11  0.699331  0.767377  0.619384  0.703879  0.609425  0.608182  0.673305  0.806092  0.673993  0.396904  0.721705 0.0  0.821053  0.449567  0.682640  0.473401  0.890831  0.575309  0.795759  0.594153  0.621696  0.450566  0.673852  0.742494  0.387912  0.528302  0.913369  0.511677  0.262701  0.744925  0.730393  0.825322  0.702409  0.456431  0.549515  0.502864  0.436578  0.207164  0.748058  0.827783  0.841921  0.709524  0.399584  0.925687  0.768101  0.801699  0.682838  0.699519  0.765566  0.463502  0.747331  0.831693  0.722008  0.883410  0.454197  0.756564  0.649630  0.540234  0.636490  0.756581  0.740001  0.785087  0.506046  0.429632  0.361847  0.392376  0.620621  0.673955  0.686802  0.655504  0.338133  0.244805  0.244125  0.494168  0.534425  0.231333  0.248783  0.483257  0.357974  0.537807  0.636058  0.127897  0.198106  0.542033  0.391819  0.584075  0.359813  0.725335  0.395913 
12  0.767357  0.393222  0.623418  0.720159  0.648559  0.776665  0.594419  0.563717  0.306653  0.759491  0.620459  0.821053 0.0  0.741938  0.635420  0.700419  0.772294  0.779919  0.758373  0.649356  0.659467  0.676420  0.688630  0.634356  0.840169  0.811881  0.838064  0.799119  0.801079  0.448266  0.701381  0.696522  0.627404  0.859395  0.694538  0.754177  0.727683  0.771520  0.657658  0.750310  0.651841  0.746266  0.773376  0.459132  0.668704  0.451976  0.584003  0.410697  0.676861  0.795477  0.623148  0.730026  0.680893  0.882139  0.757338  0.274363  0.749096  0.637482  0.499872  0.781738  0.600722  0.480946  0.715405  0.694745  0.815996  0.894413  0.648580  0.515704  0.568400  0.553799  0.804782  0.628571  0.841082  0.728969  0.523029  0.623733  0.861051  0.656648  0.804789  0.790652  0.779109  0.732219  0.586095  0.771862  0.748802  0.818466  0.900282  0.581482  0.802499 
13  0.803207  0.727927  0.706144  0.760599  0.820462  0.628440  0.688510  0.831298  0.797203  0.462676  0.712481  0.449567  0.741938 0.0  0.751594  0.626725  0.765551  0.574501  0.716695  0.614870  0.746656  0.256465  0.818620  0.827385  0.327873  0.453832  0.827137  0.497639  0.400963  0.804164  0.852606  0.842088  0.752126  0.491244  0.525670  0.606841  0.231983  0.585109  0.739443  0.773572  0.761754  0.770569  0.462771  0.742882  0.807290  0.782579  0.551171  0.800567  0.817804  0.536543  0.779181  0.731115  0.790696  0.877714  0.204144  0.783565  0.668205  0.566540  0.891573  0.729198  0.810539  0.857681  0.455629  0.314920  0.479868  0.295617  0.766233  0.846067  0.800283  0.765057  0.431166  0.436675  0.476307  0.439849  0.617701  0.534353  0.340258  0.329663  0.417545  0.679334  0.574798  0.484899  0.589165  0.339710  0.416918  0.515780  0.296835  0.881431  0.351198 
14  0.551943  0.776073  0.566827  0.401336  0.652011  0.644788  0.568017  0.485195  0.741742  0.777319  0.642659  0.682640  0.635420  0.751594 0.0  0.815225  0.843127  0.785834  0.371489  0.449598  0.527263  0.792325  0.708415  0.312617  0.775522  0.716076  0.886254  0.814364  0.757025  0.819730  0.515138  0.427662  0.732626  0.671985  0.789878  0.757346  0.743626  0.633173  0.403063  0.700074  0.693387  0.713819  0.715129  0.668559  0.475567  0.767785  0.682431  0.703672  0.417081  0.646321  0.499028  0.387011  0.539216  0.692082  0.775591  0.686758  0.739237  0.674573  0.428020  0.479620  0.287129  0.728866  0.657148  0.795054  0.796380  0.749221  0.744398  0.624324  0.592444  0.579024  0.738766  0.653661  0.713436  0.818595  0.495856  0.685393  0.776933  0.612876  0.690438  0.603532  0.648724  0.655068  0.728576  0.828717  0.744271  0.728793  0.704367  0.716147  0.795722 
15  0.774079  0.786729  0.607783  0.682721  0.632337  0.165994  0.700665  0.845793  0.771712  0.616433  0.665442  0.473401  0.700419  0.626725  0.815225 0.0  0.819789  0.349881  0.627769  0.558174  0.675349  0.642045  0.644911  0.624629  0.612910  0.516335  0.859691  0.314782  0.440503  0.898896  0.754259  0.694592  0.667743  0.540763  0.301746  0.552183  0.595071  0.603293  0.670909  0.664270  0.755203  0.683205  0.589729  0.806083  0.779222  0.855727  0.698550  0.757251  0.816329  0.407010  0.690770  0.665041  0.816858  0.767381  0.518904  0.795084  0.672041  0.458897  0.685978  0.650532  0.733080  0.716549  0.456402  0.635623  0.478345  0.593275  0.687937  0.785721  0.748698  0.733509  0.628695  0.560012  0.630344  0.583848  0.582820  0.598741  0.648636  0.427487  0.685972  0.383131  0.289671  0.593553  0.664087  0.668574  0.584642  0.226699  0.466364  0.804609  0.577846 
16  0.771166  0.736317  0.828639  0.776501  0.820314  0.845393  0.596823  0.830984  0.784910  0.992889  0.850852  0.890831  0.772294  0.765551  0.843127  0.819789 0.0  0.930604  0.826087  0.767010  0.769224  0.823301  0.800489  0.949145  0.811879  0.811644  0.194223  0.819458  0.909349  0.809751  0.759330  0.817144  0.779610  0.712633  0.962266  0.902220  0.825321  0.768935  0.875977  0.789136  0.899054  0.757623  0.946925  0.686609  0.829883  0.670705  0.780008  0.800566  0.863150  0.788299  0.877947  0.848537  0.920527  0.245786  0.802329  0.889215  0.759214  0.778815  0.786607  0.808170  0.759183  0.798355  0.822613  0.867586  0.853239  0.871578  0.690911  0.832257  0.797587  0.764063  0.896587  0.902750  0.902112  0.827442  0.898960  0.899830  0.923057  0.824498  0.891454  0.823863  0.838101  0.706968  0.890831  0.881467  0.898974  0.813102  0.924378  0.803541  0.837091 
17  0.801527  0.742051  0.726056  0.750574  0.641898  0.482587  0.641628  0.823450  0.795633  0.587029  0.617295  0.575309  0.779919  0.574501  0.785834  0.349881  0.930604 0.0  0.707001  0.633269  0.673834  0.481109  0.582104  0.772230  0.552747  0.499723  0.997137  0.407686  0.583752  0.730739  0.772070  0.846181  0.778173  0.496908  0.359820  0.239825  0.550669  0.639010  0.764915  0.734823  0.716636  0.704403  0.708505  0.720743  0.837968  0.783869  0.622707  0.785790  0.742208  0.244086  0.737297  0.706481  0.818394  0.836917  0.572183  0.798262  0.618642  0.464896  0.728107  0.756190  0.654275  0.852017  0.333975  0.664245  0.635993  0.554163  0.633055  0.745987  0.742554  0.853103  0.688213  0.512880  0.540180  0.551444  0.636392  0.529333  0.505163  0.392518  0.533607  0.257439  0.354008  0.551216  0.527574  0.540765  0.603473  0.444697  0.599205  0.832016  0.566297 
18  0.637328  0.760321  0.699645  0.507194  0.608561  0.516640  0.809447  0.608306  0.718590  0.605600  0.562477  0.795759  0.758373  0.716695  0.371489  0.627769  0.826087  0.707001 0.0  0.367071  0.631690  0.692544  0.591239  0.284819  0.735445  0.765482  0.840577  0.633890  0.766767  0.728441  0.690249  0.287779  0.831276  0.885524  0.653302  0.622400  0.762935  0.809035  0.168563  0.723286  0.725565  0.820828  0.652855  0.804476  0.539876  0.799731  0.557749  0.681026  0.544050  0.655763  0.594634  0.470977  0.608252  0.783889  0.822441  0.793124  0.508681  0.767727  0.409506  0.605513  0.302182  0.733783  0.726688  0.776829  0.771283  0.742189  0.679609  0.499566  0.711298  0.623142  0.835332  0.696064  0.803550  0.875842  0.487123  0.775581  0.763646  0.640430  0.661561  0.698268  0.760011  0.772015  0.712103  0.779332  0.852389  0.673350  0.864941  0.812084  0.690723 
19  0.477068  0.841800  0.615513  0.498872  0.643639  0.599974  0.673131  0.575042  0.715723  0.627058  0.663315  0.594153  0.649356  0.614870  0.449598  0.558174  0.767010  0.633269  0.367071 0.0  0.659021  0.585485  0.670567  0.441638  0.705581  0.653248  0.860807  0.622489  0.608846  0.696165  0.473631  0.416027  0.708414  0.692782  0.656467  0.519182  0.603751  0.573719  0.415466  0.651395  0.711397  0.749514  0.522280  0.714195  0.535882  0.671327  0.537812  0.686635  0.336567  0.493923  0.662188  0.421240  0.451446  0.834113  0.567375  0.644775  0.599377  0.517417  0.392762  0.413742  0.364868  0.739513  0.465439  0.658033  0.758063  0.597246  0.650096  0.452275  0.609964  0.606969  0.707116  0.590388  0.680095  0.515481  0.567063  0.632119  0.701271  0.712535  0.575042  0.454582  0.571107  0.678740  0.732002  0.642867  0.603943  0.448747  0.636934  0.716934  0.598252 
20  0.576839  0.605931  0.301072  0.486615  0.272021  0.675365  0.700940  0.697349  0.608219  0.720798  0.470552  0.621696  0.659467  0.746656  0.527263  0.675349  0.769224  0.673834  0.631690  0.659021 0.0  0.695508  0.409081  0.519541  0.641551  0.639311  0.796772  0.608666  0.638138  0.587134  0.669222  0.587169  0.601793  0.530868  0.570981  0.672689  0.655207  0.488981  0.532973  0.705735  0.741972  0.655592  0.651682  0.718390  0.630381  0.700859  0.372778  0.605945  0.606843  0.720104  0.384127  0.584306  0.479339  0.780797  0.739480  0.701983  0.286316  0.679457  0.584388  0.576987  0.585280  0.488241  0.654572  0.782836  0.700698  0.710371  0.550191  0.556532  0.309741  0.595519  0.687516  0.601549  0.667926  0.734253  0.486399  0.679991  0.621156  0.683308  0.661868  0.643381  0.576344  0.665114  0.528732  0.705246  0.719997  0.674973  0.610740  0.619349  0.736660 
21  0.743437  0.769215  0.797798  0.890651  0.498442  0.638764  0.733585  0.687261  0.727463  0.479100  0.783852  0.450566  0.676420  0.256465  0.792325  0.642045  0.823301  0.481109  0.692544  0.585485  0.695508 0.0  0.711453  0.718238  0.309942  0.297085  0.851151  0.505649  0.463408  0.802152  0.754764  0.853392  0.719387  0.506477  0.516140  0.457346  0.317861  0.472677  0.826010  0.814842  0.735038  0.752933  0.455494  0.755364  0.852004  0.801567  0.597736  0.813621  0.782597  0.578326  0.747264  0.743187  0.747398  0.740340  0.305181  0.799584  0.617593  0.475169  0.749119  0.822045  0.789932  0.765499  0.503160  0.321530  0.360644  0.259533  0.660346  0.704493  0.734206  0.643168  0.344654  0.430111  0.473211  0.339727  0.660603  0.343987  0.439460  0.401549  0.517694  0.432632  0.693237  0.543496  0.494744  0.346280  0.446933  0.579411  0.327313  0.846861  0.368312 
22  0.751220  0.630877  0.357161  0.643779  0.269498  0.610628  0.725912  0.671079  0.706903  0.664368  0.292979  0.673852  0.688630  0.818620  0.708415  0.644911  0.800489  0.582104  0.591239  0.670567  0.409081  0.711453 0.0  0.670066  0.792450  0.738277  0.833398  0.654645  0.724394  0.643952  0.694100  0.614311  0.751218  0.670875  0.658559  0.673901  0.615346  0.777733  0.506360  0.692862  0.789210  0.655258  0.572947  0.596976  0.711912  0.700940  0.420332  0.679134  0.598427  0.659892  0.332310  0.580544  0.740257  0.784087  0.685338  0.673338  0.138497  0.606542  0.550271  0.691406  0.614350  0.705384  0.786478  0.836981  0.648448  0.655018  0.666056  0.543437  0.474313  0.746968  0.730086  0.662566  0.680068  0.710152  0.492827  0.634481  0.647660  0.698095  0.589314  0.665870  0.573551  0.648034  0.630419  0.795212  0.630256  0.808880  0.652036  0.754349  0.630477 
23  0.458299  0.776718  0.690325  0.467102  0.637630  0.673950  0.751889  0.546867  0.747671  0.851415  0.594240  0.742494  0.634356  0.827385  0.312617  0.624629  0.949145  0.772230  0.284819  0.441638  0.519541  0.718238  0.670066 0.0  0.886519  0.802927  0.765925  0.808144  0.715192  0.687322  0.525336  0.155644  0.768892  0.728966  0.649198  0.673789  0.824942  0.668300  0.151196  0.704610  0.717906  0.685658  0.708166  0.653827  0.537060  0.705591  0.530427  0.702763  0.643697  0.820560  0.644350  0.484451  0.565938  0.852382  0.825242  0.622363  0.565763  0.675967  0.438897  0.491499  0.345615  0.711166  0.724417  0.755542  0.692154  0.797102  0.614790  0.450864  0.573753  0.570350  0.791415  0.652683  0.792455  0.733337  0.401962  0.722410  0.730523  0.514147  0.829756  0.726595  0.796211  0.709631  0.730775  0.842671  0.773374  0.779598  0.781466  0.770183  0.803717 
24  0.836100  0.679390  0.800566  0.812399  0.707053  0.581938  0.734807  0.698289  0.910043  0.370892  0.734506  0.387912  0.840169  0.327873  0.775522  0.612910  0.811879  0.552747  0.735445  0.705581  0.641551  0.309942  0.792450  0.886519 0.0  0.317288  0.845349  0.667166  0.414580  0.750324  0.720984  0.828482  0.771287  0.446936  0.592707  0.535009  0.313005  0.463606  0.885767  0.764824  0.688720  0.755227  0.370903  0.792429  0.903936  0.725230  0.663469  0.833328  0.765060  0.613860  0.751475  0.803778  0.812263  0.873009  0.225741  0.625723  0.778911  0.607170  0.820491  0.790994  0.772097  0.808688  0.587044  0.198591  0.443306  0.274368  0.841408  0.761775  0.702902  0.713770  0.357987  0.518242  0.369410  0.424591  0.675255  0.438183  0.376904  0.192014  0.502340  0.640387  0.724352  0.493858  0.514373  0.379202  0.433919  0.531133  0.239067  0.728874  0.291573 
25  0.752982  0.762052  0.667077  0.724617  0.574951  0.539249  0.650804  0.718746  0.812799  0.487945  0.616924  0.528302  0.811881  0.453832  0.716076  0.516335  0.811644  0.499723  0.765482  0.653248  0.639311  0.297085  0.738277  0.802927  0.317288 0.0  0.815488  0.479748  0.423640  0.694198  0.599980  0.679688  0.677870  0.438245  0.617478  0.508135  0.426324  0.503636  0.944963  0.867574  0.679102  0.728140  0.493756  0.789677  0.698653  0.676807  0.654285  0.657278  0.784168  0.543516  0.630742  0.707183  0.883881  0.770411  0.380757  0.706790  0.598207  0.490165  0.586608  0.745914  0.704689  0.738612  0.450334  0.442287  0.477786  0.457052  0.589851  0.675992  0.546305  0.729321  0.372350  0.354757  0.388300  0.248707  0.460294  0.417905  0.409044  0.229861  0.351403  0.555889  0.572898  0.369194  0.435939  0.482785  0.541065  0.623048  0.414841  0.779730  0.456548 
26  0.823579  0.778682  0.776774  0.809199  0.746782  0.897941  0.744769  0.789134  0.876119  0.891082  0.761935  0.913369  0.838064  0.827137  0.886254  0.859691  0.194223  0.997137  0.840577  0.860807  0.796772  0.851151  0.833398  0.765925  0.845349  0.815488 0.0  0.813569  0.909756  0.722935  0.837264  0.837729  0.850117  0.789130  0.845399  0.799766  0.860926  0.864206  0.853825  0.867947  0.910177  0.878298  0.840716  0.862777  0.821290  0.688507  0.864361  0.712668  0.776609  0.705325  0.738994  0.805151  0.889910  0.413307  0.920213  0.835561  0.798553  0.853550  0.862494  0.864498  0.878786  0.714679  0.782004  0.949612  0.951371  0.885597  0.804437  0.823326  0.844005  0.812748  0.903978  0.817891  0.950400  0.768679  0.760775  0.807941  0.930269  0.766571  0.858018  0.789500  0.917132  0.771725  0.834440  0.910039  0.816557  0.826786  0.922479  0.816394  0.880672 
27  0.664666  0.746085  0.668278  0.650855  0.678624  0.253189  0.694378  0.833142  0.767046  0.571976  0.635449  0.511677  0.799119  0.497639  0.814364  0.314782  0.819458  0.407686  0.633890  0.622489  0.608666  0.505649  0.654645  0.808144  0.667166  0.479748  0.813569 0.0  0.642017  0.716784  0.799794  0.762322  0.768530  0.628127  0.336238  0.482167  0.596057  0.609382  0.791047  0.662818  0.738948  0.772481  0.509430  0.707051  0.823477  0.851286  0.773786  0.696544  0.730806  0.397574  0.669066  0.811736  0.686622  0.766215  0.542436  0.636061  0.648553  0.505414  0.713620  0.822474  0.601490  0.806378  0.357946  0.796867  0.549434  0.563208  0.740183  0.829726  0.661713  0.796564  0.654793  0.605583  0.620512  0.435274  0.543242  0.526474  0.567231  0.365170  0.476103  0.260629  0.315290  0.579755  0.579770  0.588953  0.607137  0.205016  0.658655  0.712069  0.526136 
28  0.750379  0.750761  0.755935  0.792235  0.625009  0.572055  0.811126  0.711144  0.821738  0.406972  0.750277  0.262701  0.801079  0.400963  0.757025  0.440503  0.909349  0.583752  0.766767  0.608846  0.638138  0.463408  0.724394  0.715192  0.414580  0.423640  0.909756  0.642017 0.0  0.772350  0.823823  0.700169  0.723943  0.479795  0.525941  0.627481  0.440619  0.468850  0.814797  0.798049  0.739083  0.813618  0.294342  0.681677  0.819239  0.799932  0.583051  0.698266  0.823432  0.588485  0.699016  0.720019  0.756448  0.925212  0.413323  0.783711  0.649136  0.619557  0.800508  0.860857  0.715032  0.761209  0.548326  0.427562  0.411568  0.496484  0.625522  0.832559  0.639676  0.616503  0.309208  0.341259  0.237425  0.404258  0.569879  0.224715  0.306467  0.320275  0.450288  0.670162  0.589755  0.239352  0.286391  0.417257  0.203126  0.625636  0.441099  0.832668  0.537750 
29  0.746934  0.386262  0.632349  0.634482  0.633221  0.777085  0.621257  0.825707  0.400316  0.923729  0.646210  0.744925  0.448266  0.804164  0.819730  0.898896  0.809751  0.730739  0.728441  0.696165  0.587134  0.802152  0.643952  0.687322  0.750324  0.694198  0.722935  0.716784  0.772350 0.0  0.678616  0.840984  0.679677  0.661904  0.878666  0.795823  0.935284  0.846699  0.661426  0.670602  0.584484  0.648098  0.840610  0.236335  0.804283  0.146359  0.715288  0.267859  0.782248  0.903918  0.676427  0.592655  0.805852  0.701021  0.809352  0.457421  0.614605  0.783671  0.669967  0.598412  0.712191  0.263228  0.823969  0.733540  0.868711  0.831025  0.678872  0.651364  0.546235  0.648598  0.751681  0.676312  0.789887  0.832764  0.545392  0.730701  0.788789  0.750172  0.676184  0.814457  0.737365  0.813406  0.833843  0.801226  0.822872  0.806970  0.880686  0.308207  0.685092 
30  0.573366  0.570462  0.607830  0.405701  0.603949  0.853159  0.603696  0.423498  0.741927  0.863241  0.706575  0.730393  0.701381  0.852606  0.515138  0.754259  0.759330  0.772070  0.690249  0.473631  0.669222  0.754764  0.694100  0.525336  0.720984  0.599980  0.837264  0.799794  0.823823  0.678616 0.0  0.561885  0.611778  0.632064  0.663754  0.739868  0.810064  0.757498  0.560556  0.762298  0.615586  0.623913  0.800179  0.553553  0.431303  0.603276  0.719281  0.600614  0.513983  0.739070  0.608939  0.479526  0.464839  0.860982  0.842220  0.614729  0.742887  0.620127  0.451920  0.455984  0.498861  0.722297  0.677876  0.655901  0.789475  0.779050  0.603641  0.430119  0.545608  0.565231  0.759689  0.777154  0.821535  0.692457  0.522617  0.704554  0.631160  0.620868  0.804002  0.666495  0.793792  0.655481  0.698724  0.826212  0.745483  0.812646  0.700721  0.604998  0.763784 
31  0.586636  0.678354  0.676358  0.503652  0.559054  0.636233  0.656057  0.624416  0.772026  0.714252  0.663791  0.825322  0.696522  0.842088  0.427662  0.694592  0.817144  0.846181  0.287779  0.416027  0.587169  0.853392  0.614311  0.155644  0.828482  0.679688  0.837729  0.762322  0.700169  0.840984  0.561885 0.0  0.779736  0.782677  0.848110  0.685344  0.793954  0.713391  0.218089  0.703374  0.706920  0.656238  0.780396  0.747004  0.586602  0.658975  0.525268  0.757125  0.486408  0.738908  0.643321  0.468097  0.619056  0.769618  0.879415  0.739417  0.573418  0.755544  0.574701  0.503418  0.339522  0.680637  0.788373  0.827441  0.718291  0.712494  0.603205  0.538171  0.699365  0.692874  0.787458  0.665214  0.673239  0.868510  0.520177  0.682279  0.724275  0.666869  0.815899  0.665059  0.831158  0.718985  0.653169  0.871251  0.905489  0.751541  0.809609  0.750697  0.849291 
32  0.632159  0.562469  0.623762  0.703347  0.539168  0.720062  0.554486  0.633282  0.606029  0.760201  0.674782  0.702409  0.627404  0.752126  0.732626  0.667743  0.779610  0.778173  0.831276  0.708414  0.601793  0.719387  0.751218  0.768892  0.771287  0.677870  0.850117  0.768530  0.723943  0.679677  0.611778  0.779736 0.0  0.691442  0.719039  0.883981  0.785405  0.691868  0.630414  0.415781  0.281513  0.244370  0.726975  0.640743  0.650379  0.624979  0.645427  0.655711  0.684838  0.638485  0.683380  0.765611  0.648098  0.919043  0.762449  0.724539  0.772869  0.783300  0.657871  0.541514  0.720328  0.519786  0.653264  0.835325  0.921321  0.721276  0.534283  0.610487  0.701701  0.636977  0.731228  0.772492  0.759219  0.620211  0.518793  0.644123  0.675263  0.756119  0.561767  0.749364  0.723587  0.608486  0.670900  0.779699  0.807548  0.731050  0.716820  0.633680  0.719844 
33  0.682610  0.708540  0.556488  0.699824  0.623675  0.572047  0.722295  0.761464  0.762801  0.547756  0.677827  0.456431  0.859395  0.491244  0.671985  0.540763  0.712633  0.496908  0.885524  0.692782  0.530868  0.506477  0.670875  0.728966  0.446936  0.438245  0.789130  0.628127  0.479795  0.661904  0.632064  0.782677  0.691442 0.0  0.550704  0.624661  0.579099  0.293051  0.790950  0.780931  0.647410  0.783018  0.402551  0.757389  0.854015  0.778165  0.607868  0.712374  0.583964  0.630164  0.579096  0.733336  0.832586  0.818775  0.430123  0.711692  0.571561  0.414980  0.637320  0.711986  0.619009  0.707321  0.438837  0.492226  0.451046  0.511900  0.553119  0.678803  0.576824  0.479367  0.416717  0.370779  0.427816  0.409574  0.497350  0.271445  0.459991  0.186293  0.524769  0.515490  0.685781  0.288304  0.401041  0.519142  0.423598  0.634378  0.411564  0.640394  0.491021 
34  0.760745  0.774819  0.741262  0.667059  0.652187  0.197999  0.644044  0.667142  0.792910  0.472371  0.712231  0.549515  0.694538  0.525670  0.789878  0.301746  0.962266  0.359820  0.653302  0.656467  0.570981  0.516140  0.658559  0.649198  0.592707  0.617478  0.845399  0.336238  0.525941  0.878666  0.663754  0.848110  0.719039  0.550704 0.0  0.413938  0.574340  0.672152  0.718384  0.807204  0.589676  0.790824  0.487092  0.746592  0.713099  0.810116  0.645470  0.758524  0.770742  0.428657  0.565021  0.675090  0.819701  0.801340  0.464103  0.725559  0.620775  0.347921  0.777007  0.571273  0.764103  0.786805  0.455855  0.690894  0.540360  0.534395  0.600886  0.726828  0.687489  0.707696  0.580258  0.547830  0.500720  0.504445  0.443634  0.567333  0.593888  0.282859  0.572409  0.345063  0.270021  0.620981  0.553621  0.569828  0.590933  0.157252  0.599621  0.861759  0.543287 
35  0.736459  0.843071  0.734737  0.750521  0.808504  0.271637  0.689543  0.850672  0.688584  0.468738  0.611200  0.502864  0.754177  0.606841  0.757346  0.552183  0.902220  0.239825  0.622400  0.519182  0.672689  0.457346  0.673901  0.673789  0.535009  0.508135  0.799766  0.482167  0.627481  0.795823  0.739868  0.685344  0.883981  0.624661  0.413938 0.0  0.520459  0.620381  0.753123  0.723234  0.804092  0.808623  0.485016  0.807462  0.780808  0.866851  0.699845  0.670719  0.676107  0.225017  0.652644  0.729565  0.809613  0.772121  0.578035  0.850718  0.676335  0.374028  0.700893  0.874977  0.625012  0.841465  0.381048  0.430913  0.500409  0.532424  0.646584  0.840557  0.659547  0.692748  0.502678  0.557725  0.579513  0.603318  0.608114  0.574563  0.565394  0.535936  0.617354  0.190418  0.410937  0.505220  0.546943  0.566171  0.584775  0.383708  0.560530  0.855867  0.635831 
36  0.865428  0.775611  0.755791  0.860152  0.734963  0.561055  0.742778  0.772747  0.871755  0.437948  0.747034  0.436578  0.727683  0.231983  0.743626  0.595071  0.825321  0.550669  0.762935  0.603751  0.655207  0.317861  0.615346  0.824942  0.313005  0.426324  0.860926  0.596057  0.440619  0.935284  0.810064  0.793954  0.785405  0.579099  0.574340  0.520459 0.0  0.466638  0.795349  0.851579  0.808073  0.804297  0.397220  0.710640  0.965734  0.819694  0.763743  0.909811  0.842174  0.413533  0.701206  0.692508  0.741508  0.902836  0.196881  0.837325  0.713469  0.503874  0.825484  0.808587  0.715402  0.792692  0.478940  0.248309  0.287217  0.196488  0.777300  0.732876  0.763164  0.712557  0.376892  0.430240  0.425605  0.449632  0.561825  0.508066  0.458839  0.314343  0.389341  0.488829  0.565799  0.511180  0.480771  0.217883  0.383554  0.426211  0.272084  0.824181  0.273970 
37  0.667032  0.750125  0.548538  0.676352  0.588641  0.508557  0.659788  0.776632  0.655285  0.327246  0.618156  0.207164  0.771520  0.585109  0.633173  0.603293  0.768935  0.639010  0.809035  0.573719  0.488981  0.472677  0.777733  0.668300  0.463606  0.503636  0.864206  0.609382  0.468850  0.846699  0.757498  0.713391  0.691868  0.293051  0.672152  0.620381  0.466638 0.0  0.679481  0.748545  0.651997  0.636998  0.431509  0.738133  0.788228  0.688805  0.651559  0.709208  0.648774  0.519269  0.638898  0.651058  0.807481  0.761012  0.631753  0.728676  0.609062  0.484914  0.691624  0.754292  0.688195  0.712435  0.480572  0.504636  0.445405  0.518345  0.520837  0.710388  0.614966  0.481695  0.405057  0.445041  0.353303  0.398750  0.474675  0.383841  0.356780  0.288323  0.399203  0.447548  0.513696  0.274111  0.380661  0.500795  0.425318  0.523720  0.486787  0.727156  0.487270 
38  0.521267  0.667784  0.665802  0.393879  0.428171  0.674031  0.694555  0.518666  0.692536  0.823531  0.680896  0.748058  0.657658  0.739443  0.403063  0.670909  0.875977  0.764915  0.168563  0.415466  0.532973  0.826010  0.506360  0.151196  0.885767  0.944963  0.853825  0.791047  0.814797  0.661426  0.560556  0.218089  0.630414  0.790950  0.718384  0.753123  0.795349  0.679481 0.0  0.659431  0.659235  0.684609  0.791182  0.769293  0.584999  0.653657  0.655862  0.582918  0.372151  0.773787  0.486525  0.496735  0.482243  0.891154  0.889911  0.666296  0.628341  0.738168  0.404064  0.541853  0.336698  0.735030  0.833559  0.746731  0.688305  0.810019  0.682390  0.523830  0.635005  0.699619  0.900149  0.742214  0.800895  0.706123  0.476325  0.680789  0.870041  0.694034  0.713594  0.761134  0.768487  0.845516  0.726053  0.844515  0.891275  0.820407  0.888413  0.589624  0.767417 
39  0.794251  0.658509  0.735742  0.708086  0.692860  0.793957  0.683854  0.700546  0.724568  0.940182  0.679959  0.827783  0.750310  0.773572  0.700074  0.664270  0.789136  0.734823  0.723286  0.651395  0.705735  0.814842  0.692862  0.704610  0.764824  0.867574  0.867947  0.662818  0.798049  0.670602  0.762298  0.703374  0.415781  0.780931  0.807204  0.723234  0.851579  0.748545  0.659431 0.0  0.320658  0.313611  0.769436  0.689361  0.672295  0.698626  0.726031  0.703337  0.802338  0.780341  0.684709  0.853825  0.556813  0.858529  0.788619  0.746733  0.651676  0.805272  0.574287  0.639829  0.796760  0.678925  0.770908  0.803288  0.866593  0.876803  0.651511  0.541629  0.678838  0.740405  0.775967  0.800046  0.817695  0.711297  0.579136  0.611233  0.807577  0.703438  0.760273  0.753136  0.749320  0.626935  0.678766  0.860903  0.833578  0.772684  0.777913  0.563406  0.721152 
40  0.610124  0.567488  0.749981  0.665490  0.725468  0.796983  0.631590  0.503948  0.605409  0.820495  0.820964  0.841921  0.651841  0.761754  0.693387  0.755203  0.899054  0.716636  0.725565  0.711397  0.741972  0.735038  0.789210  0.717906  0.688720  0.679102  0.910177  0.738948  0.739083  0.584484  0.615586  0.706920  0.281513  0.647410  0.589676  0.804092  0.808073  0.651997  0.659235  0.320658 0.0  0.313663  0.718934  0.620459  0.517775  0.645706  0.748445  0.617778  0.738491  0.755671  0.715555  0.683075  0.584416  0.825499  0.835277  0.554661  0.654360  0.811980  0.583313  0.553599  0.670987  0.585883  0.744336  0.785368  0.893503  0.894561  0.610270  0.529234  0.553822  0.803292  0.771997  0.575731  0.738763  0.639190  0.481473  0.587224  0.782457  0.762981  0.768376  0.800517  0.694123  0.626499  0.663398  0.840861  0.707719  0.732179  0.807514  0.632047  0.729002 
41  0.657509  0.613929  0.718629  0.670189  0.663230  0.834970  0.576784  0.547724  0.714952  0.790140  0.533331  0.709524  0.746266  0.770569  0.713819  0.683205  0.757623  0.704403  0.820828  0.749514  0.655592  0.752933  0.655258  0.685658  0.755227  0.728140  0.878298  0.772481  0.813618  0.648098  0.623913  0.656238  0.244370  0.783018  0.790824  0.808623  0.804297  0.636998  0.684609  0.313611  0.313663 0.0  0.930752  0.647339  0.636173  0.538344  0.706490  0.789860  0.694781  0.689537  0.732192  0.735844  0.712822  0.782804  0.746428  0.630712  0.763778  0.795683  0.587922  0.610240  0.685762  0.643725  0.801465  0.700011  0.779145  0.723885  0.566673  0.560601  0.620720  0.672238  0.736083  0.793048  0.766413  0.788259  0.582603  0.619588  0.737868  0.781653  0.574555  0.720245  0.816012  0.614555  0.702785  0.845711  0.766971  0.758757  0.825832  0.653009  0.683818 
42  0.820986  0.713140  0.606818  0.688844  0.687592  0.513477  0.900009  0.805641  0.731425  0.083905  0.581954  0.399584  0.773376  0.462771  0.715129  0.589729  0.946925  0.708505  0.652855  0.522280  0.651682  0.455494  0.572947  0.708166  0.370903  0.493756  0.840716  0.509430  0.294342  0.840610  0.800179  0.780396  0.726975  0.402551  0.487092  0.485016  0.397220  0.431509  0.791182  0.769436  0.718934  0.930752 0.0  0.799553  0.972933  0.943084  0.617064  0.708497  0.687199  0.620965  0.615571  0.756450  0.777235  0.887756  0.381909  0.789329  0.701354  0.590422  0.772365  0.716499  0.757342  0.793105  0.580432  0.319149  0.111506  0.407161  0.759290  0.701414  0.707641  0.723390  0.351731  0.366287  0.256364  0.535653  0.454800  0.370141  0.289112  0.412337  0.402909  0.648971  0.538547  0.349409  0.213297  0.382047  0.373822  0.516010  0.528085  0.709250  0.561731 
43  0.691087  0.310409  0.596208  0.620505  0.717491  0.809243  0.547895  0.580685  0.377817  0.798574  0.736935  0.925687  0.459132  0.742882  0.668559  0.806083  0.686609  0.720743  0.804476  0.714195  0.718390  0.755364  0.596976  0.653827  0.792429  0.789677  0.862777  0.707051  0.681677  0.236335  0.553553  0.747004  0.640743  0.757389  0.746592  0.807462  0.710640  0.738133  0.769293  0.689361  0.620459  0.647339  0.799553 0.0  0.745790  0.177233  0.788290  0.281690  0.721634  0.769958  0.628715  0.699465  0.720014  0.867714  0.836795  0.432234  0.658857  0.701163  0.717269  0.743169  0.778533  0.257611  0.692010  0.817966  0.719643  0.865610  0.668228  0.690172  0.541972  0.603879  0.909059  0.694758  0.803161  0.633622  0.488233  0.791250  0.841579  0.650942  0.783236  0.794976  0.970245  0.700071  0.732500  0.849991  0.666598  0.817555  0.797078  0.289848  0.795032 
44  0.416215  0.711020  0.671864  0.347208  0.630346  0.810553  0.557151  0.083699  0.775593  0.783179  0.642813  0.768101  0.668704  0.807290  0.475567  0.779222  0.829883  0.837968  0.539876  0.535882  0.630381  0.852004  0.711912  0.537060  0.903936  0.698653  0.821290  0.823477  0.819239  0.804283  0.431303  0.586602  0.650379  0.854015  0.713099  0.780808  0.965734  0.788228  0.584999  0.672295  0.517775  0.636173  0.972933  0.745790 0.0  0.610815  0.640574  0.779489  0.369046  0.881182  0.652298  0.350261  0.113858  0.743783  0.809232  0.642852  0.667219  0.775662  0.489767  0.360411  0.496842  0.628390  0.854496  0.914474  0.852659  0.949722  0.690903  0.304197  0.633934  0.727298  0.845593  0.636360  0.732186  0.870870  0.487235  0.611752  0.801404  0.593694  0.811432  0.728960  0.876713  0.795176  0.758267  0.874674  0.658990  0.712289  0.888922  0.664958  0.786754 
