89
0 0.0  0.648821  0.573149  0.234339  0.573493  0.716569  0.753082  0.252993  0.760001  0.825040  0.660531  0.690747  0.723423  0.776854  0.452584  0.782064  0.798005  0.743922  0.463611  0.480388  0.565374  0.730059  0.644675  0.496589  0.765407  0.692193  0.873691  0.881721  0.784006  0.632104  0.456867  0.582711  0.561489  0.708586  0.677166  0.735859  0.771041  0.704207  0.486062  0.734333  0.715901  0.597312  0.730940  0.687616  0.276877  0.695744  0.465499  0.766730  0.382171  0.745195  0.672287  0.342630  0.352954  0.897144  0.736045  0.637554  0.625698  0.605352  0.265493  0.151504  0.467681  0.708501  0.747408  0.764443  0.785072  0.730985  0.558642  0.362652  0.488008  0.604435  0.869958  0.643614  0.876611  0.783246  0.449420  0.693435  0.750527  0.622476  0.743816  0.746852  0.741798  0.692820  0.694096  0.804602  0.866317  0.703405  0.773771  0.633667  0.658472 
1  0.648821 0.0  0.624206  0.653377  0.549512  0.851601  0.642164  0.524312  0.367455  0.836036  0.539428  0.776259  0.426689  0.769687  0.851434  0.628311  0.783602  0.749033  0.744237  0.666496  0.609661  0.747469  0.726820  0.632509  0.840855  0.761173  0.819352  0.829791  0.767171  0.310163  0.588209  0.714011  0.576578  0.640017  0.794437  0.787306  0.733122  0.632177  0.664515  0.658385  0.574415  0.668133  0.814910  0.268292  0.660791  0.329606  0.552504  0.295744  0.523454  0.705495  0.599407  0.848739  0.686443  0.721049  0.798260  0.338934  0.600931  0.724059  0.732488  0.628308  0.661574  0.336725  0.655147  0.874266  0.866552  0.871867  0.548024  0.741412  0.615031  0.538061  0.776058  0.681980  0.776876  0.653523  0.581518  0.694611  0.826213  0.552290  0.709223  0.656070  0.709872  0.706108  0.831942  0.787730  0.702881  0.795885  0.774799  0.260646  0.827305 
2  0.573149  0.624206 0.0  0.618943  0.367393  0.738044  0.523266  0.629424  0.664003  0.672948  0.397996  0.705568  0.511320  0.715211  0.608839  0.563049  0.803399  0.650057  0.702169  0.669027  0.368589  0.675817  0.507515  0.598057  0.763634  0.630828  0.805561  0.593012  0.720662  0.607671  0.604617  0.701050  0.670348  0.595342  0.728305  0.689971  0.664238  0.652928  0.618969  0.747527  0.592031  0.594325  0.671917  0.701788  0.598896  0.547881  0.349842  0.604483  0.599218  0.585980  0.403869  0.616344  0.602419  0.712537  0.597014  0.514311  0.398700  0.735736  0.564370  0.619827  0.615757  0.569846  0.584161  0.673966  0.723426  0.746573  0.543271  0.573745  0.231481  0.572989  0.642149  0.669892  0.730133  0.647864  0.484826  0.606291  0.683269  0.675461  0.631492  0.664158  0.679713  0.691473  0.581762  0.685587  0.810514  0.693257  0.605204  0.637119  0.746377 
3  0.234339  0.653377  0.618943 0.0  0.464394  0.624301  0.747460  0.386273  0.868780  0.730553  0.592412  0.696605  0.702799  0.638707  0.426109  0.762618  0.841939  0.727459  0.529867  0.269132  0.525867  0.740059  0.591528  0.534061  0.729795  0.708248  0.783877  0.676819  0.769232  0.653290  0.476412  0.409379  0.653553  0.595540  0.598985  0.628744  0.696025  0.791892  0.408879  0.670479  0.644669  0.591631  0.817871  0.688355  0.327974  0.639434  0.547519  0.629917  0.197199  0.769480  0.517058  0.412760  0.275717  0.793581  0.732010  0.643563  0.602912  0.616372  0.300150  0.430545  0.527196  0.676562  0.652307  0.757782  0.772255  0.851524  0.631680  0.444727  0.592142  0.714274  0.744781  0.741543  0.727655  0.700676  0.328310  0.576577  0.741593  0.600211  0.622868  0.725952  0.723113  0.734558  0.595081  0.738226  0.817315  0.687758  0.743542  0.693239  0.734896 
4  0.573493  0.549512  0.367393  0.464394 0.0  0.613301  0.592172  0.522900  0.735895  0.837053  0.295510  0.654748  0.672618  0.710787  0.664192  0.626643  0.693738  0.533765  0.632413  0.650812  0.251543  0.628197  0.275305  0.533376  0.652967  0.678340  0.849136  0.742275  0.704852  0.613317  0.662249  0.532269  0.646675  0.686829  0.551081  0.622137  0.748445  0.672168  0.495426  0.693716  0.632060  0.487263  0.644108  0.588492  0.657443  0.568086  0.352145  0.609498  0.560328  0.563433  0.379420  0.557460  0.534236  0.840640  0.702316  0.516679  0.202241  0.543758  0.563842  0.587972  0.534543  0.581500  0.623559  0.711728  0.692632  0.724087  0.564538  0.552688  0.333081  0.696273  0.724661  0.631018  0.675111  0.558396  0.429295  0.549303  0.623571  0.566857  0.553605  0.570257  0.627071  0.474169  0.581531  0.785017  0.613127  0.706612  0.722284  0.620052  0.670198 
5  0.716569  0.851601  0.738044  0.624301  0.613301 0.0  0.779972  0.913281  0.698377  0.598772  0.573204  0.598500  0.709041  0.523430  0.702153  0.194154  0.830588  0.393731  0.518192  0.542598  0.546722  0.611783  0.591903  0.641127  0.685285  0.552557  0.862067  0.269346  0.610502  0.757381  0.666581  0.662665  0.650117  0.461984  0.168519  0.409539  0.537047  0.658126  0.647296  0.769733  0.812723  0.758372  0.530253  0.804472  0.856160  0.789189  0.588590  0.759645  0.605743  0.425776  0.669668  0.651076  0.756877  0.665751  0.579951  0.832291  0.621997  0.336751  0.649314  0.701804  0.619902  0.769072  0.487480  0.664410  0.468325  0.531620  0.685222  0.773737  0.786548  0.601800  0.554841  0.424421  0.613553  0.573450  0.443918  0.588075  0.540112  0.454904  0.486160  0.433036  0.348551  0.533169  0.763317  0.618898  0.592025  0.267674  0.676210  0.818087  0.539200 
6  0.753082  0.642164  0.523266  0.747460  0.592172  0.779972 0.0  0.519451  0.633450  0.764235  0.601937  0.637800  0.583478  0.727302  0.737752  0.803550  0.569429  0.761082  0.667905  0.680211  0.703416  0.798177  0.568597  0.766257  0.717329  0.599576  0.769231  0.711580  0.667675  0.616459  0.504600  0.651260  0.632258  0.639293  0.695869  0.668591  0.790920  0.679335  0.730897  0.633044  0.553298  0.659310  0.800203  0.592078  0.713948  0.538528  0.607345  0.650850  0.639367  0.751028  0.697212  0.713776  0.593524  0.724222  0.651874  0.543039  0.649195  0.691413  0.744456  0.682871  0.736464  0.563249  0.735307  0.770763  0.694912  0.693879  0.403905  0.521866  0.577012  0.481897  0.707198  0.668780  0.737389  0.559674  0.521452  0.578294  0.656203  0.566331  0.588884  0.746807  0.722301  0.526257  0.767528  0.762837  0.721167  0.683921  0.721945  0.523353  0.716493 
7  0.252993  0.524312  0.629424  0.386273  0.522900  0.913281  0.519451 0.0  0.715713  0.917170  0.690069  0.615946  0.583398  0.830043  0.395671  0.639348  0.814779  0.774291  0.517179  0.393897  0.582789  0.805377  0.646216  0.581195  0.864804  0.806634  0.947155  0.872980  0.747360  0.713881  0.429096  0.577763  0.636728  0.830639  0.787672  0.844180  0.809950  0.887804  0.600827  0.671559  0.434292  0.590321  0.769241  0.673840  0.081144  0.627728  0.533432  0.698197  0.371493  0.779234  0.625162  0.332132  0.081785  0.893948  0.878927  0.664233  0.693511  0.706484  0.445496  0.296968  0.533729  0.685175  0.733765  0.784654  0.815812  1.000000  0.637691  0.331504  0.521452  0.664904  0.840899  0.730245  0.683276  0.679677  0.491433  0.759113  0.703634  0.665090  0.825379  0.800209  0.761512  0.639297  0.622919  0.864532  0.690706  0.879718  0.810246  0.646701  0.868255 
8  0.760001  0.367455  0.664003  0.868780  0.735895  0.698377  0.633450  0.715713 0.0  0.877627  0.676977  0.669659  0.299522  0.807389  0.637478  0.853470  0.741401  0.728384  0.780766  0.660649  0.643724  0.699988  0.559448  0.684594  0.757388  0.703967  0.760833  0.847555  0.772594  0.347801  0.766592  0.707034  0.740870  0.751322  0.735129  0.707780  0.718590  0.730496  0.700219  0.666042  0.700319  0.705646  0.774051  0.468384  0.670883  0.312676  0.786816  0.265781  0.669781  0.698902  0.708265  0.663643  0.642772  0.854960  0.811180  0.489807  0.666252  0.819663  0.668838  0.763370  0.623563  0.338007  0.774025  0.811311  0.856480  0.699144  0.610154  0.702172  0.665189  0.600406  0.778524  0.656924  0.836578  0.854018  0.470340  0.645520  0.700356  0.680715  0.773293  0.800718  0.714034  0.709959  0.848400  0.734405  0.730209  0.775369  0.793806  0.398740  0.823647 
9  0.825040  0.836036  0.672948  0.730553  0.837053  0.598772  0.764235  0.917170  0.877627 0.0  0.745410  0.336600  0.775130  0.507150  0.784144  0.616482  0.902036  0.610781  0.753805  0.663643  0.753131  0.545746  0.682462  0.874461  0.481284  0.423382  0.917211  0.536262  0.319161  0.811254  0.908552  0.675691  0.768805  0.339373  0.630877  0.613312  0.515649  0.452134  0.800699  0.834818  0.810082  0.842222  0.272034  0.768752  0.868650  0.908210  0.650043  0.787376  0.773041  0.522165  0.654717  0.706645  0.889403  0.861996  0.351117  0.898270  0.723359  0.504370  0.754161  0.799887  0.767303  0.790723  0.684303  0.528812  0.190962  0.427273  0.730347  0.855634  0.642487  0.732458  0.220702  0.252112  0.359707  0.521447  0.680184  0.300538  0.304793  0.269873  0.287011  0.604242  0.521955  0.517543  0.331425  0.417783  0.336860  0.497876  0.480512  0.798520  0.402918 
10  0.660531  0.539428  0.397996  0.592412  0.295510  0.573204  0.601937  0.690069  0.676977  0.745410 0.0  0.697020  0.735809  0.700413  0.631626  0.656149  0.765980  0.723291  0.648979  0.600424  0.426959  0.658398  0.316683  0.650851  0.740007  0.703881  0.689712  0.674576  0.644452  0.680010  0.601706  0.634702  0.632465  0.648766  0.559899  0.627924  0.619762  0.660317  0.670177  0.722056  0.723963  0.568528  0.628761  0.571395  0.585380  0.562873  0.387520  0.551105  0.548428  0.633743  0.387152  0.712440  0.633700  0.714240  0.653251  0.558850  0.272513  0.633536  0.685824  0.616923  0.574862  0.703353  0.552355  0.666039  0.776482  0.813860  0.571107  0.575202  0.398969  0.651812  0.647574  0.775167  0.718633  0.625491  0.586299  0.656736  0.654848  0.534961  0.759096  0.683868  0.627711  0.575717  0.550640  0.656657  0.639020  0.649132  0.642316  0.627784  0.730656 
11  0.690747  0.776259  0.705568  0.696605  0.654748  0.598500  0.637800  0.615946  0.669659  0.336600  0.697020 0.0  0.785852  0.479101  0.715165  0.560904  0.848802  0.627275  0.772838  0.565914  0.721579  0.563030  0.761199  0.671115  0.432285  0.333568  0.767723  0.545027  0.268877  0.755821  0.674393  0.802701  0.638762  0.392776  0.607781  0.507383  0.435596  0.349699  0.735247  0.636159  0.697607  0.672471  0.374119  0.697396  0.786470  0.569088  0.690239  0.788612  0.675455  0.588186  0.709099  0.728393  0.663737  0.853109  0.514352  0.595016  0.707483  0.543866  0.604529  0.633241  0.728682  0.764533  0.576033  0.452592  0.375289  0.477029  0.667394  0.708062  0.530371  0.559967  0.312278  0.213442  0.294928  0.444189  0.547345  0.344013  0.256793  0.282118  0.477843  0.546296  0.579319  0.197568  0.283469  0.519138  0.278095  0.490920  0.450001  0.680211  0.395212 
12  0.723423  0.426689  0.511320  0.702799  0.672618  0.709041  0.583478  0.583398  0.299522  0.775130  0.735809  0.785852 0.0  0.846931  0.801146  0.719861  0.877763  0.746878  0.845866  0.679152  0.512730  0.849579  0.635339  0.696442  0.869585  0.705439  0.871113  0.653892  0.715127  0.547987  0.599304  0.575829  0.509217  0.652233  0.786238  0.703497  0.725327  0.759982  0.684279  0.635966  0.558781  0.692523  0.707422  0.626378  0.691443  0.513677  0.636450  0.530786  0.568170  0.670121  0.578707  0.657787  0.714082  0.922190  0.795220  0.275230  0.642018  0.771252  0.671943  0.704689  0.599476  0.519120  0.827391  0.744937  0.754410  0.782835  0.608558  0.579179  0.560121  0.656686  0.847770  0.797007  0.735986  0.734896  0.491581  0.621214  0.738049  0.690702  0.756624  0.718675  0.703255  0.696357  0.563548  0.798747  0.731596  0.627161  0.848576  0.537066  0.783274 
13  0.776854  0.769687  0.715211  0.638707  0.710787  0.523430  0.727302  0.830043  0.807389  0.507150  0.700413  0.479101  0.846931 0.0  0.777471  0.574110  0.858094  0.567718  0.652469  0.538788  0.743002  0.327287  0.645910  0.813064  0.373237  0.402673  0.779989  0.623282  0.448828  0.742145  0.604862  0.880746  0.777460  0.566456  0.468898  0.513514  0.291387  0.505800  0.809977  0.710288  0.769069  0.764376  0.465348  0.787520  0.866313  0.839137  0.738166  0.794562  0.814362  0.518167  0.760951  0.763847  0.795815  0.911507  0.386415  0.668450  0.752996  0.582755  0.857621  0.846268  0.772337  0.767455  0.589590  0.387576  0.484345  0.242029  0.714839  0.835865  0.731934  0.784305  0.408522  0.541992  0.411794  0.434344  0.576393  0.503729  0.347243  0.387023  0.352340  0.394522  0.581046  0.511136  0.464978  0.257062  0.396783  0.536436  0.304843  0.899531  0.276603 
14  0.452584  0.851434  0.608839  0.426109  0.664192  0.702153  0.737752  0.395671  0.637478  0.784144  0.631626  0.715165  0.801146  0.777471 0.0  0.731190  0.818048  0.677342  0.400544  0.414084  0.562307  0.656490  0.595891  0.447337  0.847277  0.661412  0.775622  0.663857  0.834133  0.808017  0.512082  0.347580  0.730967  0.702291  0.671834  0.703889  0.669357  0.663027  0.417279  0.755039  0.639277  0.669647  0.674737  0.559502  0.594943  0.707322  0.661963  0.758232  0.435569  0.603414  0.639501  0.470802  0.497881  0.798942  0.865276  0.705615  0.673361  0.708163  0.391037  0.500793  0.188014  0.690160  0.662048  0.793703  0.696844  0.746812  0.715815  0.517413  0.547916  0.683626  0.660704  0.751292  0.673852  0.655232  0.423066  0.728816  0.851914  0.563690  0.768092  0.584331  0.736817  0.680769  0.597122  0.833003  0.650430  0.686683  0.795443  0.650225  0.626821 
15  0.782064  0.628311  0.563049  0.762618  0.626643  0.194154  0.803550  0.639348  0.853470  0.616482  0.656149  0.560904  0.719861  0.574110  0.731190 0.0  0.908979  0.346481  0.726990  0.567353  0.750181  0.579831  0.603082  0.691918  0.659576  0.639070  0.821122  0.325201  0.528825  0.721685  0.828504  0.647688  0.683971  0.628085  0.173391  0.402513  0.534375  0.590790  0.732126  0.687429  0.789759  0.783160  0.483711  0.730697  0.829685  0.782158  0.666141  0.724878  0.866518  0.445681  0.682868  0.622768  0.730202  0.784308  0.535278  0.781014  0.664055  0.324406  0.713227  0.674734  0.715376  0.788608  0.417016  0.642488  0.605006  0.583668  0.609809  0.680534  0.664786  0.646813  0.673626  0.460886  0.556916  0.497492  0.440814  0.463554  0.636854  0.352220  0.548890  0.289042  0.305846  0.648180  0.598790  0.548486  0.643221  0.349261  0.685515  0.691822  0.555395 
16  0.798005  0.783602  0.803399  0.841939  0.693738  0.830588  0.569429  0.814779  0.741401  0.902036  0.765980  0.848802  0.877763  0.858094  0.818048  0.908979 0.0  0.710413  0.863504  0.796622  0.855033  0.728480  0.772388  0.947821  0.822648  0.810918  0.345815  0.823488  0.886457  0.727094  0.828157  0.818139  0.757521  0.722336  0.671021  0.819160  0.802036  0.718536  0.910959  0.766018  0.897766  0.681026  0.928334  0.755194  0.944456  0.743650  0.984215  0.823914  0.821874  0.810983  0.843028  0.843546  0.854835  0.145696  0.785274  0.786877  0.807035  0.795174  0.857059  0.712415  0.750096  0.856756  0.882283  0.836356  0.919538  0.936865  0.690773  0.787053  0.823031  0.811966  0.793791  0.813836  0.877630  0.811524  0.789803  0.854309  0.798543  0.715513  0.765428  0.747741  0.792535  0.746963  0.756524  0.868023  0.759001  0.877236  0.947836  0.697302  0.815373 
17  0.743922  0.749033  0.650057  0.727459  0.533765  0.393731  0.761082  0.774291  0.728384  0.610781  0.723291  0.627275  0.746878  0.567718  0.677342  0.346481  0.710413 0.0  0.704126  0.662399  0.643238  0.441691  0.626017  0.759334  0.659062  0.507410  0.842182  0.365546  0.615039  0.720254  0.769332  0.797619  0.663811  0.530551  0.424610  0.248261  0.559144  0.667877  0.692953  0.715053  0.700581  0.753484  0.589872  0.836071  0.788404  0.764693  0.618185  0.732878  0.648012  0.319929  0.766409  0.686066  0.898224  0.852409  0.571542  0.783716  0.544569  0.248237  0.676761  0.773383  0.741345  0.693129  0.372194  0.486740  0.502070  0.674908  0.660148  0.758416  0.674124  0.723555  0.565317  0.431383  0.677223  0.544142  0.555898  0.576925  0.575373  0.411517  0.534096  0.218242  0.314036  0.654590  0.707889  0.492151  0.570799  0.314041  0.573466  0.796755  0.530691 
18  0.463611  0.744237  0.702169  0.529867  0.632413  0.518192  0.667905  0.517179  0.780766  0.753805  0.648979  0.772838  0.845866  0.652469  0.400544  0.726990  0.863504  0.704126 0.0  0.364035  0.533355  0.713309  0.518319  0.259546  0.822664  0.640988  0.883349  0.594673  0.727788  0.795759  0.529123  0.235376  0.815439  0.707739  0.619184  0.705477  0.683719  0.723457  0.265234  0.686218  0.818903  0.697406  0.680280  0.685302  0.587078  0.861328  0.646769  0.689905  0.537703  0.575518  0.522111  0.422991  0.593685  0.833643  0.750892  0.738430  0.518441  0.691969  0.546858  0.611856  0.329952  0.686329  0.630585  0.794667  0.658265  0.714723  0.620631  0.480715  0.640409  0.729958  0.673156  0.760845  0.692712  0.772590  0.470159  0.643874  0.713652  0.611857  0.701542  0.734758  0.670308  0.772518  0.733653  0.739446  0.678606  0.636536  0.744298  0.814779  0.738561 
19  0.480388  0.666496  0.669027  0.269132  0.650812  0.542598  0.680211  0.393897  0.660649  0.663643  0.600424  0.565914  0.679152  0.538788  0.414084  0.567353  0.796622  0.662399  0.364035 0.0  0.727517  0.631917  0.586530  0.438820  0.735629  0.512903  0.814836  0.446766  0.627000  0.722937  0.509698  0.417467  0.707374  0.596041  0.630253  0.417584  0.754294  0.662936  0.359975  0.659413  0.742276  0.666136  0.633516  0.708033  0.394072  0.624150  0.555460  0.709523  0.409859  0.490711  0.569010  0.408741  0.411399  0.718285  0.536530  0.505335  0.493707  0.511176  0.410478  0.429484  0.430255  0.750746  0.590199  0.612329  0.539728  0.540364  0.614522  0.406805  0.625412  0.699623  0.612364  0.582518  0.736073  0.732882  0.618941  0.636911  0.557769  0.672211  0.566500  0.583167  0.631389  0.501075  0.539317  0.584735  0.680803  0.587871  0.677923  0.666106  0.628851 
20  0.565374  0.609661  0.368589  0.525867  0.251543  0.546722  0.703416  0.582789  0.643724  0.753131  0.426959  0.721579  0.512730  0.743002  0.562307  0.750181  0.855033  0.643238  0.533355  0.727517 0.0  0.712920  0.374431  0.545341  0.674072  0.533429  0.846143  0.555941  0.642730  0.647897  0.566362  0.581215  0.683759  0.531931  0.553452  0.585840  0.674775  0.572030  0.556154  0.738584  0.688396  0.787250  0.627195  0.531441  0.731612  0.554641  0.344971  0.553629  0.587483  0.593121  0.443511  0.585483  0.637836  0.795887  0.791890  0.510866  0.214121  0.649951  0.521147  0.629394  0.448235  0.500815  0.626874  0.709820  0.570922  0.797402  0.612573  0.647354  0.371417  0.553559  0.734739  0.611648  0.730707  0.676946  0.488090  0.605729  0.642490  0.674273  0.689301  0.628326  0.652028  0.609242  0.525155  0.753863  0.623610  0.585508  0.726276  0.572490  0.668498 
21  0.730059  0.747469  0.675817  0.740059  0.628197  0.611783  0.798177  0.805377  0.699988  0.545746  0.658398  0.563030  0.849579  0.327287  0.656490  0.579831  0.728480  0.441691  0.713309  0.631917  0.712920 0.0  0.736988  0.764182  0.391339  0.280873  0.890731  0.552387  0.522512  0.714701  0.696595  0.792230  0.820594  0.404087  0.580623  0.507006  0.234843  0.351998  0.754821  0.671756  0.733616  0.720910  0.388835  0.667055  0.790742  0.729256  0.502264  0.701970  0.740860  0.577555  0.705644  0.782757  0.738150  0.670006  0.333508  0.669249  0.619811  0.549481  0.755882  0.791865  0.771438  0.688266  0.534600  0.393641  0.451364  0.185643  0.702991  0.772750  0.631383  0.671892  0.354755  0.364080  0.503718  0.435221  0.580522  0.440461  0.342791  0.204867  0.439672  0.509155  0.423229  0.478747  0.448737  0.318787  0.457398  0.461318  0.315345  0.706862  0.397691 
22  0.644675  0.726820  0.507515  0.591528  0.275305  0.591903  0.568597  0.646216  0.559448  0.682462  0.316683  0.761199  0.635339  0.645910  0.595891  0.603082  0.772388  0.626017  0.518319  0.586530  0.374431  0.736988 0.0  0.602761  0.743614  0.641538  0.785264  0.539068  0.634578  0.603186  0.687216  0.522564  0.742222  0.728119  0.562465  0.503419  0.626576  0.572796  0.599546  0.676647  0.688523  0.728217  0.606526  0.596192  0.630788  0.785537  0.506582  0.557129  0.608022  0.668009  0.405310  0.610148  0.717792  0.689744  0.743601  0.651129  0.088005  0.583727  0.589454  0.632863  0.526661  0.727911  0.628866  0.773527  0.717896  0.684251  0.564001  0.695517  0.445738  0.563301  0.693239  0.657014  0.567733  0.607340  0.498541  0.624539  0.756097  0.575018  0.587918  0.669493  0.543515  0.567839  0.529571  0.812328  0.703704  0.554968  0.687240  0.763480  0.745116 
23  0.496589  0.632509  0.598057  0.534061  0.533376  0.641127  0.766257  0.581195  0.684594  0.874461  0.650851  0.671115  0.696442  0.813064  0.447337  0.691918  0.947821  0.759334  0.259546  0.438820  0.545341  0.764182  0.602761 0.0  0.788900  0.640924  0.786251  0.699162  0.710665  0.553601  0.541080  0.347875  0.658725  0.678821  0.707322  0.720903  0.716073  0.675153  0.213641  0.620100  0.726813  0.728068  0.739353  0.709031  0.529573  0.691155  0.488453  0.580586  0.470276  0.720595  0.588804  0.449225  0.527651  0.905021  0.858877  0.697704  0.481404  0.764139  0.368152  0.438561  0.336208  0.706444  0.865788  0.765292  0.717137  0.895351  0.607822  0.335458  0.666482  0.554284  0.747404  0.689327  0.768286  0.760066  0.433213  0.636017  0.706005  0.642220  0.722244  0.659718  0.691149  0.679023  0.707331  0.750137  0.793732  0.763682  0.749333  0.694390  0.841725 
24  0.765407  0.840855  0.763634  0.729795  0.652967  0.685285  0.717329  0.864804  0.757388  0.481284  0.740007  0.432285  0.869585  0.373237  0.847277  0.659576  0.822648  0.659062  0.822664  0.735629  0.674072  0.391339  0.743614  0.788900 0.0  0.499472  0.994028  0.713548  0.464042  0.869915  0.680389  0.784818  0.833013  0.532975  0.634856  0.567221  0.302099  0.479154  0.869080  0.730255  0.701422  0.686100  0.575182  0.886500  0.814738  0.812276  0.676173  0.856635  0.781951  0.524570  0.714239  0.772021  0.783249  0.789281  0.352022  0.761108  0.713038  0.559729  0.755018  0.822114  0.805732  0.773204  0.572755  0.231855  0.465964  0.335595  0.773134  0.877217  0.720363  0.774017  0.411142  0.368164  0.414292  0.442036  0.618249  0.464346  0.387415  0.380081  0.467816  0.556062  0.630099  0.489136  0.414734  0.201884  0.398137  0.497821  0.122628  0.845095  0.215143 
25  0.692193  0.761173  0.630828  0.708248  0.678340  0.552557  0.599576  0.806634  0.703967  0.423382  0.703881  0.333568  0.705439  0.402673  0.661412  0.639070  0.810918  0.507410  0.640988  0.512903  0.533429  0.280873  0.641538  0.640924  0.499472 0.0  0.881723  0.487296  0.443757  0.734738  0.676227  0.758337  0.714829  0.460108  0.493407  0.516883  0.359915  0.468665  0.788989  0.826322  0.682529  0.693051  0.524274  0.709591  0.666142  0.634587  0.571479  0.770165  0.756669  0.531119  0.630255  0.678013  0.706359  0.864980  0.400501  0.708716  0.607415  0.487267  0.695666  0.611537  0.653801  0.832413  0.459553  0.413534  0.405537  0.430788  0.709210  0.726176  0.559026  0.695466  0.439855  0.402012  0.532871  0.210146  0.571710  0.395155  0.391466  0.295965  0.215296  0.472158  0.496167  0.352562  0.379665  0.506051  0.449531  0.439042  0.380526  0.788436  0.455818 
26  0.873691  0.819352  0.805561  0.783877  0.849136  0.862067  0.769231  0.947155  0.760833  0.917211  0.689712  0.767723  0.871113  0.779989  0.775622  0.821122  0.345815  0.842182  0.883349  0.814836  0.846143  0.890731  0.785264  0.786251  0.994028  0.881723 0.0  0.805814  0.936999  0.811090  0.711471  0.788623  0.882590  0.769620  0.814009  0.858770  0.882379  0.801275  0.810726  0.834800  0.707674  0.738160  0.857577  0.801804  0.897473  0.675533  0.890523  0.656548  0.772797  0.863711  0.780599  0.760939  0.889159  0.362193  0.923115  0.878463  0.875652  0.854858  0.830329  0.751674  0.773092  0.801584  0.828441  0.870209  0.947954  0.931489  0.797339  0.711842  0.625090  0.697021  0.797089  0.915440  0.877704  0.809716  0.759222  0.863213  0.925599  0.718756  0.725445  0.979712  0.926154  0.890626  0.713293  0.907938  0.882536  0.709971  0.851555  0.769152  0.831552 
27  0.881721  0.829791  0.593012  0.676819  0.742275  0.269346  0.711580  0.872980  0.847555  0.536262  0.674576  0.545027  0.653892  0.623282  0.663857  0.325201  0.823488  0.365546  0.594673  0.446766  0.555941  0.552387  0.539068  0.699162  0.713548  0.487296  0.805814 0.0  0.474496  0.802545  0.793001  0.693253  0.782022  0.642974  0.265197  0.390257  0.448486  0.537159  0.769642  0.728821  0.804551  0.722983  0.565029  0.729850  0.805078  0.868496  0.649966  0.738781  0.731153  0.453159  0.623485  0.696306  0.820382  0.747237  0.598432  0.712876  0.733770  0.438633  0.782146  0.858200  0.656305  0.775995  0.333913  0.650323  0.496290  0.595061  0.736743  0.692019  0.486649  0.616194  0.594327  0.475721  0.472251  0.458478  0.476784  0.566203  0.590700  0.294269  0.531467  0.350534  0.284251  0.587320  0.573421  0.557898  0.580716  0.332608  0.533021  0.765071  0.606482 
28  0.784006  0.767171  0.720662  0.769232  0.704852  0.610502  0.667675  0.747360  0.772594  0.319161  0.644452  0.268877  0.715127  0.448828  0.834133  0.528825  0.886457  0.615039  0.727788  0.627000  0.642730  0.522512  0.634578  0.710665  0.464042  0.443757  0.936999  0.474496 0.0  0.895752  0.689096  0.792879  0.577561  0.400416  0.519256  0.545076  0.405347  0.351805  0.718423  0.723796  0.565423  0.664484  0.282741  0.721769  0.713114  0.770986  0.645947  0.842314  0.612419  0.529466  0.628041  0.760552  0.609923  0.882210  0.437016  0.765005  0.695178  0.482052  0.620279  0.731196  0.823280  0.814024  0.550956  0.344639  0.319792  0.280877  0.735925  0.702085  0.628012  0.617145  0.347720  0.211095  0.202059  0.551286  0.598757  0.255166  0.294299  0.335782  0.422416  0.460278  0.498733  0.187730  0.279706  0.409827  0.211691  0.609129  0.454856  0.811012  0.338241 
29  0.632104  0.310163  0.607671  0.653290  0.613317  0.757381  0.616459  0.713881  0.347801  0.811254  0.680010  0.755821  0.547987  0.742145  0.808017  0.721685  0.727094  0.720254  0.795759  0.722937  0.647897  0.714701  0.603186  0.553601  0.869915  0.734738  0.811090  0.802545  0.895752 0.0  0.713545  0.711290  0.591174  0.666936  0.902985  0.762680  0.729323  0.659007  0.667793  0.649602  0.541341  0.579410  0.818039  0.280813  0.603274  0.304068  0.701929  0.248871  0.799615  0.784319  0.655740  0.622247  0.627975  0.748400  0.705713  0.490882  0.596405  0.773221  0.759333  0.702104  0.693311  0.292914  0.771117  0.765188  0.838154  0.790596  0.660735  0.632225  0.721837  0.690370  0.970121  0.672512  0.769454  0.811164  0.432637  0.800480  0.650752  0.610347  0.780321  0.802871  0.845040  0.707337  0.673524  0.823060  0.739418  0.705572  0.847889  0.300282  0.866939 
30  0.456867  0.588209  0.604617  0.476412  0.662249  0.666581  0.504600  0.429096  0.766592  0.908552  0.601706  0.674393  0.599304  0.604862  0.512082  0.828504  0.828157  0.769332  0.529123  0.509698  0.566362  0.696595  0.687216  0.541080  0.680389  0.676227  0.711471  0.793001  0.689096  0.713545 0.0  0.473521  0.697266  0.721353  0.763778  0.749335  0.894765  0.656145  0.529716  0.553218  0.450180  0.610473  0.785404  0.613057  0.570287  0.558507  0.562187  0.527508  0.519422  0.690386  0.673072  0.427235  0.415654  0.768242  0.759571  0.552874  0.665092  0.758689  0.498839  0.428065  0.510586  0.605615  0.706199  0.809483  0.827617  0.801366  0.626926  0.597469  0.559416  0.575260  0.707405  0.657097  0.770252  0.568671  0.517116  0.763869  0.753502  0.606982  0.710256  0.848333  0.764457  0.590741  0.659343  0.757514  0.758535  0.673008  0.741422  0.607050  0.707777 
31  0.582711  0.714011  0.701050  0.409379  0.532269  0.662665  0.651260  0.577763  0.707034  0.675691  0.634702  0.802701  0.575829  0.880746  0.347580  0.647688  0.818139  0.797619  0.235376  0.417467  0.581215  0.792230  0.522564  0.347875  0.784818  0.758337  0.788623  0.693253  0.792879  0.711290  0.473521 0.0  0.660875  0.697755  0.705138  0.839486  0.690218  0.750553  0.210323  0.671720  0.695700  0.711528  0.618400  0.587321  0.628116  0.785367  0.554343  0.764810  0.445398  0.705068  0.590801  0.514639  0.501345  0.906062  0.857617  0.713438  0.548277  0.738756  0.530405  0.606664  0.231264  0.710103  0.681958  0.795223  0.765009  0.752364  0.608316  0.646817  0.627554  0.724179  0.785836  0.654711  0.680456  0.607299  0.499543  0.675920  0.864536  0.636087  0.724559  0.673724  0.734957  0.813447  0.658531  0.803102  0.903659  0.738934  0.822024  0.767383  0.862267 
32  0.561489  0.576578  0.670348  0.653553  0.646675  0.650117  0.632258  0.636728  0.740870  0.768805  0.632465  0.638762  0.509217  0.777460  0.730967  0.683971  0.757521  0.663811  0.815439  0.707374  0.683759  0.820594  0.742222  0.658725  0.833013  0.714829  0.882590  0.782022  0.577561  0.591174  0.697266  0.660875 0.0  0.666906  0.741018  0.812725  0.764702  0.669524  0.689052  0.430081  0.292313  0.205614  0.789207  0.557631  0.585176  0.614329  0.619778  0.738152  0.747181  0.759789  0.605847  0.781199  0.668575  0.825100  0.803844  0.640543  0.625589  0.731106  0.605026  0.631318  0.811242  0.705870  0.756207  0.785141  0.896989  0.746047  0.692759  0.552267  0.672556  0.678234  0.779038  0.698027  0.650021  0.641872  0.548030  0.615701  0.778436  0.733410  0.744669  0.735499  0.646526  0.638214  0.614156  0.744924  0.786286  0.654390  0.720314  0.676820  0.786838 
33  0.708586  0.640017  0.595342  0.595540  0.686829  0.461984  0.639293  0.830639  0.751322  0.339373  0.648766  0.392776  0.652233  0.566456  0.702291  0.628085  0.722336  0.530551  0.707739  0.596041  0.531931  0.404087  0.728119  0.678821  0.532975  0.460108  0.769620  0.642974  0.400416  0.666936  0.721353  0.697755  0.666906 0.0  0.546264  0.596605  0.588308  0.285445  0.756811  0.799799  0.690579  0.736081  0.420567  0.642499  0.819727  0.698646  0.554770  0.564796  0.628105  0.443559  0.616758  0.711285  0.745292  0.770725  0.419234  0.633383  0.576721  0.516259  0.609469  0.733277  0.634094  0.596124  0.530319  0.556545  0.483905  0.617077  0.665169  0.722776  0.542886  0.536787  0.400955  0.247133  0.486376  0.462711  0.424479  0.268616  0.476705  0.132741  0.506707  0.569258  0.579037  0.265557  0.371126  0.444739  0.376999  0.487082  0.450137  0.659806  0.478901 
34  0.677166  0.794437  0.728305  0.598985  0.551081  0.168519  0.695869  0.787672  0.735129  0.630877  0.559899  0.607781  0.786238  0.468898  0.671834  0.173391  0.671021  0.424610  0.619184  0.630253  0.553452  0.580623  0.562465  0.707322  0.634856  0.493407  0.814009  0.265197  0.519256  0.902985  0.763778  0.705138  0.741018  0.546264 0.0  0.346914  0.427943  0.563068  0.702412  0.766523  0.760211  0.802516  0.453974  0.748504  0.835812  0.687503  0.609809  0.802323  0.783513  0.358639  0.553682  0.785386  0.739906  0.790108  0.574257  0.722034  0.714657  0.394588  0.710843  0.728767  0.651028  0.789873  0.387207  0.639966  0.524733  0.589281  0.676411  0.861349  0.596259  0.631945  0.575484  0.531049  0.561339  0.494394  0.518463  0.501155  0.659966  0.356041  0.564181  0.432426  0.275061  0.460225  0.620142  0.519557  0.589296  0.233480  0.455886  0.855394  0.559367 
35  0.735859  0.787306  0.689971  0.628744  0.622137  0.409539  0.668591  0.844180  0.707780  0.613312  0.627924  0.507383  0.703497  0.513514  0.703889  0.402513  0.819160  0.248261  0.705477  0.417584  0.585840  0.507006  0.503419  0.720903  0.567221  0.516883  0.858770  0.390257  0.545076  0.762680  0.749335  0.839486  0.812725  0.596605  0.346914 0.0  0.391978  0.573685  0.760810  0.864978  0.731695  0.738147  0.391106  0.684722  0.814618  0.791410  0.666892  0.715919  0.709257  0.244675  0.793401  0.673873  0.883634  0.813661  0.591926  0.764374  0.640328  0.173999  0.650800  0.744096  0.723660  0.728442  0.356703  0.650984  0.573686  0.452140  0.621874  0.783647  0.668759  0.701980  0.570067  0.600965  0.567199  0.619221  0.471961  0.446759  0.493315  0.533739  0.578501  0.187168  0.362270  0.576414  0.559503  0.469208  0.447843  0.314384  0.620410  0.772307  0.614544 
36  0.771041  0.733122  0.664238  0.696025  0.748445  0.537047  0.790920  0.809950  0.718590  0.515649  0.619762  0.435596  0.725327  0.291387  0.669357  0.534375  0.802036  0.559144  0.683719  0.754294  0.674775  0.234843  0.626576  0.716073  0.302099  0.359915  0.882379  0.448486  0.405347  0.729323  0.894765  0.690218  0.764702  0.588308  0.427943  0.391978 0.0  0.396988  0.687842  0.797357  0.825946  0.874792  0.451099  0.769175  0.984932  0.859811  0.707071  0.687624  0.772195  0.568521  0.678289  0.682009  0.852278  0.787145  0.188894  0.718632  0.599943  0.571309  0.740220  0.822412  0.645287  0.870189  0.601507  0.303090  0.410426  0.154119  0.648719  0.846754  0.693590  0.800853  0.458404  0.512761  0.423755  0.378939  0.592251  0.509684  0.376803  0.345066  0.426690  0.458188  0.512095  0.474659  0.475444  0.229626  0.415841  0.483998  0.239841  0.762594  0.310847 
37  0.704207  0.632177  0.652928  0.791892  0.672168  0.658126  0.679335  0.887804  0.730496  0.452134  0.660317  0.349699  0.759982  0.505800  0.663027  0.590790  0.718536  0.667877  0.723457  0.662936  0.572030  0.351998  0.572796  0.675153  0.479154  0.468665  0.801275  0.537159  0.351805  0.659007  0.656145  0.750553  0.669524  0.285445  0.563068  0.573685  0.396988 0.0  0.688817  0.755818  0.730198  0.683004  0.361510  0.741403  0.766305  0.706692  0.642433  0.658621  0.660684  0.598369  0.610422  0.637004  0.743732  0.743962  0.415297  0.723972  0.667640  0.588393  0.568573  0.604905  0.726360  0.624024  0.490262  0.372402  0.411447  0.508648  0.605225  0.733602  0.646106  0.638210  0.453823  0.315517  0.274622  0.461199  0.507979  0.323990  0.288489  0.301808  0.417324  0.493573  0.660951  0.248688  0.239161  0.493117  0.334658  0.611912  0.394568  0.667347  0.561185 
38  0.486062  0.664515  0.618969  0.408879  0.495426  0.647296  0.730897  0.600827  0.700219  0.800699  0.670177  0.735247  0.684279  0.809977  0.417279  0.732126  0.910959  0.692953  0.265234  0.359975  0.556154  0.754821  0.599546  0.213641  0.869080  0.788989  0.810726  0.769642  0.718423  0.667793  0.529716  0.210323  0.689052  0.756811  0.702412  0.760810  0.687842  0.688817 0.0  0.725138  0.685775  0.612407  0.625731  0.724286  0.509612  0.692685  0.574949  0.694355  0.536020  0.747382  0.577377  0.320352  0.618381  0.801950  0.827629  0.689286  0.561730  0.700906  0.476577  0.456321  0.186189  0.741879  0.856093  0.792436  0.701730  0.877484  0.586241  0.447316  0.610587  0.656219  0.741868  0.765031  0.686680  0.701926  0.443167  0.758056  0.763219  0.787283  0.808679  0.802871  0.722648  0.633295  0.695941  0.826973  0.870560  0.821332  0.764493  0.633640  0.656728 
39  0.734333  0.658385  0.747527  0.670479  0.693716  0.769733  0.633044  0.671559  0.666042  0.834818  0.722056  0.636159  0.635966  0.710288  0.755039  0.687429  0.766018  0.715053  0.686218  0.659413  0.738584  0.671756  0.676647  0.620100  0.730255  0.826322  0.834800  0.728821  0.723796  0.649602  0.553218  0.671720  0.430081  0.799799  0.766523  0.864978  0.797357  0.755818  0.725138 0.0  0.343826  0.357179  0.732733  0.570335  0.649972  0.679594  0.778051  0.740412  0.712714  0.721288  0.615857  0.696384  0.635009  0.863648  0.820223  0.653986  0.726276  0.690083  0.617488  0.765022  0.668762  0.652438  0.739610  0.797855  0.783818  0.932254  0.673646  0.646087  0.731566  0.708012  0.847960  0.779693  0.753676  0.742299  0.527596  0.674235  0.688668  0.706041  0.624291  0.743043  0.793792  0.611854  0.739166  0.767549  0.754447  0.777281  0.866944  0.582863  0.639656 
40  0.715901  0.574415  0.592031  0.644669  0.632060  0.812723  0.553298  0.434292  0.700319  0.810082  0.723963  0.697607  0.558781  0.769069  0.639277  0.789759  0.897766  0.700581  0.818903  0.742276  0.688396  0.733616  0.688523  0.726813  0.701422  0.682529  0.707674  0.804551  0.565423  0.541341  0.450180  0.695700  0.292313  0.690579  0.760211  0.731695  0.825946  0.730198  0.685775  0.343826 0.0  0.318682  0.751396  0.597387  0.602678  0.521227  0.589469  0.581038  0.752570  0.736475  0.639456  0.687404  0.494207  0.837648  0.834257  0.455868  0.713943  0.664544  0.625743  0.573321  0.729427  0.541746  0.757562  0.782717  0.895834  0.827458  0.603876  0.562370  0.666004  0.682577  0.809820  0.709974  0.705549  0.593694  0.513586  0.618017  0.686845  0.741060  0.667563  0.670384  0.695721  0.668622  0.559286  0.809096  0.681515  0.694256  0.678981  0.663922  0.798916 
41  0.597312  0.668133  0.594325  0.591631  0.487263  0.758372  0.659310  0.590321  0.705646  0.842222  0.568528  0.672471  0.692523  0.764376  0.669647  0.783160  0.681026  0.753484  0.697406  0.666136  0.787250  0.720910  0.728217  0.728068  0.686100  0.693051  0.738160  0.722983  0.664484  0.579410  0.610473  0.711528  0.205614  0.736081  0.802516  0.738147  0.874792  0.683004  0.612407  0.357179  0.318682 0.0  0.751748  0.633302  0.595244  0.533833  0.739574  0.679525  0.643679  0.644792  0.699771  0.722972  0.539961  0.809436  0.751258  0.620504  0.700834  0.638034  0.683824  0.675384  0.645997  0.671397  0.720897  0.764606  0.768739  0.784378  0.614208  0.628511  0.633468  0.691811  0.736738  0.705296  0.684014  0.681069  0.555472  0.589239  0.792391  0.746255  0.724645  0.799069  0.687664  0.508409  0.685170  0.725716  0.691770  0.617072  0.734995  0.596781  0.731253 
42  0.730940  0.814910  0.671917  0.817871  0.644108  0.530253  0.800203  0.769241  0.774051  0.272034  0.628761  0.374119  0.707422  0.465348  0.674737  0.483711  0.928334  0.589872  0.680280  0.633516  0.627195  0.388835  0.606526  0.739353  0.575182  0.524274  0.857577  0.565029  0.282741  0.818039  0.785404  0.618400  0.789207  0.420567  0.453974  0.391106  0.451099  0.361510  0.625731  0.732733  0.751396  0.751748 0.0  0.781134  0.837733  0.791258  0.656021  0.778779  0.642416  0.525238  0.534339  0.815848  0.745258  0.942887  0.419319  0.790644  0.574599  0.650672  0.630534  0.823875  0.662155  0.704966  0.663098  0.401340  0.152927  0.434983  0.635361  0.773965  0.787531  0.716637  0.341884  0.323304  0.251937  0.413727  0.562367  0.334733  0.268224  0.349021  0.405745  0.474513  0.517762  0.320715  0.328829  0.374375  0.325248  0.502870  0.401299  0.779551  0.403319 
43  0.687616  0.268292  0.701788  0.688355  0.588492  0.804472  0.592078  0.673840  0.468384  0.768752  0.571395  0.697396  0.626378  0.787520  0.559502  0.730697  0.755194  0.836071  0.685302  0.708033  0.531441  0.667055  0.596192  0.709031  0.886500  0.709591  0.801804  0.729850  0.721769  0.280813  0.613057  0.587321  0.557631  0.642499  0.748504  0.684722  0.769175  0.741403  0.724286  0.570335  0.597387  0.633302  0.781134 0.0  0.656138  0.297984  0.716934  0.258442  0.666967  0.687871  0.567818  0.815587  0.718706  0.779216  0.847764  0.444185  0.668441  0.681403  0.692919  0.705222  0.714741  0.248030  0.731882  0.873475  0.812431  0.738935  0.687700  0.712291  0.661884  0.650397  0.828199  0.788537  0.856111  0.722713  0.481352  0.720733  0.867346  0.664402  0.743760  0.652867  0.704117  0.729796  0.726172  0.771153  0.800214  0.728612  0.742720  0.358738  0.804223 
44  0.276877  0.660791  0.598896  0.327974  0.657443  0.856160  0.713948  0.081144  0.670883  0.868650  0.585380  0.786470  0.691443  0.866313  0.594943  0.829685  0.944456  0.788404  0.587078  0.394072  0.731612  0.790742  0.630788  0.529573  0.814738  0.666142  0.897473  0.805078  0.713114  0.603274  0.570287  0.628116  0.585176  0.819727  0.835812  0.814618  0.984932  0.766305  0.509612  0.649972  0.602678  0.595244  0.837733  0.656138 0.0  0.544228  0.617856  0.657331  0.463126  0.836175  0.687597  0.396611  0.129097  0.773392  0.774170  0.565508  0.718949  0.638900  0.452930  0.337579  0.592280  0.639727  0.675417  0.872599  0.827519  0.827330  0.582988  0.265821  0.479984  0.753698  0.763837  0.741199  0.777890  0.772057  0.568726  0.733909  0.737697  0.690442  0.796452  0.887400  0.806129  0.690164  0.609674  0.897529  0.722559  0.697369  0.783438  0.746953  0.780430 
