89
0 0.0  0.529097  0.585417  0.200923  0.571541  0.618151  0.618113  0.312112  0.683598  0.643141  0.558512  0.627610  0.657994  0.812427  0.515324  0.779811  0.748395  0.705056  0.534123  0.363016  0.640557  0.690982  0.749787  0.522003  0.685180  0.788539  0.754460  0.655563  0.774739  0.658054  0.442026  0.396416  0.613118  0.623062  0.698490  0.742631  0.633448  0.647726  0.502220  0.589075  0.557970  0.529697  0.628075  0.760194  0.345650  0.681649  0.479282  0.609884  0.287992  0.651730  0.594213  0.372512  0.218582  0.689695  0.673097  0.650452  0.568739  0.674839  0.323676  0.182703  0.496724  0.744718  0.630002  0.721789  0.693290  0.742507  0.509258  0.347675  0.615637  0.644974  0.787608  0.580389  0.712401  0.650940  0.477824  0.624883  0.830905  0.458410  0.640947  0.646004  0.648893  0.658139  0.700606  0.765049  0.698539  0.728271  0.782373  0.736432  0.715672 
1  0.529097 0.0  0.538145  0.563552  0.531821  0.748903  0.499805  0.662836  0.197584  0.920870  0.704285  0.714339  0.499034  0.804809  0.537020  0.759697  0.762457  0.813153  0.766249  0.669960  0.630637  0.712743  0.635703  0.671759  0.697204  0.609258  0.681651  0.681342  0.669101  0.219255  0.574794  0.705835  0.524045  0.728723  0.722619  0.792837  0.678717  0.592205  0.663681  0.469091  0.567702  0.557568  0.815619  0.180892  0.596178  0.171922  0.654430  0.275281  0.552519  0.701694  0.560622  0.679718  0.581696  0.678589  0.762975  0.331639  0.598256  0.689395  0.632928  0.578548  0.764656  0.327900  0.627000  0.696794  0.816665  0.820938  0.559518  0.625100  0.547529  0.569291  0.721141  0.666544  0.672010  0.632784  0.366673  0.663015  0.654309  0.588543  0.759483  0.662316  0.742858  0.588016  0.602169  0.794204  0.721449  0.666927  0.623073  0.307124  0.742636 
2  0.585417  0.538145 0.0  0.554776  0.378538  0.574677  0.596640  0.622419  0.669085  0.759298  0.367205  0.631849  0.551329  0.721125  0.596165  0.592777  0.718057  0.726447  0.592995  0.546088  0.396981  0.605544  0.420005  0.585408  0.726304  0.631463  0.730821  0.508758  0.673559  0.574419  0.637133  0.656260  0.620148  0.582840  0.607603  0.626570  0.605972  0.602120  0.602938  0.646188  0.629641  0.481768  0.602684  0.559799  0.686354  0.641274  0.422715  0.550479  0.561881  0.579797  0.480561  0.550081  0.575814  0.742358  0.666294  0.478360  0.285093  0.630165  0.586425  0.611064  0.518565  0.602981  0.588750  0.661008  0.785321  0.651689  0.573172  0.522585  0.255337  0.601055  0.618135  0.612423  0.729242  0.595710  0.571720  0.574111  0.601204  0.541526  0.654381  0.629450  0.621045  0.615004  0.579954  0.666201  0.619466  0.645436  0.781910  0.485944  0.742622 
3  0.200923  0.563552  0.554776 0.0  0.486873  0.745606  0.615510  0.329300  0.686722  0.739186  0.539654  0.647819  0.707623  0.661137  0.374455  0.676956  0.774556  0.650047  0.502589  0.389666  0.457274  0.703143  0.604742  0.450977  0.671252  0.549782  0.759895  0.697018  0.697350  0.583449  0.500952  0.466456  0.537495  0.682782  0.666369  0.704070  0.687257  0.544037  0.296758  0.549868  0.667648  0.628943  0.568996  0.704926  0.381376  0.612537  0.527825  0.701413  0.219740  0.704822  0.438265  0.350042  0.343649  0.783109  0.768123  0.672556  0.616404  0.587592  0.278828  0.294327  0.455532  0.748936  0.625512  0.626447  0.618747  0.713392  0.420998  0.283794  0.591997  0.573917  0.751310  0.582124  0.627808  0.626684  0.391128  0.578386  0.636318  0.526111  0.652761  0.727654  0.715895  0.578641  0.631554  0.707716  0.769953  0.633449  0.740095  0.649959  0.813550 
4  0.571541  0.531821  0.378538  0.486873 0.0  0.578839  0.544806  0.518881  0.744298  0.788337  0.258815  0.620696  0.640404  0.682153  0.507829  0.611578  0.777731  0.632849  0.658497  0.628317  0.320894  0.562246  0.256143  0.536858  0.601925  0.492959  0.725809  0.649593  0.663960  0.538049  0.503848  0.463205  0.680915  0.646592  0.657583  0.570891  0.640710  0.545849  0.511467  0.730274  0.612508  0.604458  0.600916  0.632673  0.579414  0.468532  0.253232  0.523966  0.542903  0.567526  0.362938  0.420017  0.491566  0.632590  0.608904  0.539575  0.273577  0.484949  0.527744  0.691881  0.438870  0.522717  0.531220  0.635463  0.625380  0.636890  0.544592  0.673295  0.320549  0.623953  0.721016  0.640289  0.718512  0.525447  0.349650  0.589098  0.638652  0.526968  0.613394  0.527426  0.552059  0.584345  0.564870  0.653821  0.615598  0.627921  0.682723  0.594253  0.663274 
5  0.618151  0.748903  0.574677  0.745606  0.578839 0.0  0.777210  0.724657  0.548813  0.465598  0.594105  0.451940  0.675125  0.520256  0.605446  0.246487  0.781919  0.350685  0.508614  0.558302  0.500960  0.567583  0.496639  0.654803  0.539656  0.455572  0.720575  0.317369  0.667843  0.712149  0.756040  0.635167  0.558529  0.591014  0.288211  0.284549  0.398277  0.474405  0.665548  0.731361  0.711402  0.648400  0.512345  0.749040  0.696438  0.795344  0.566511  0.746722  0.701268  0.358946  0.592698  0.595014  0.754398  0.786464  0.501067  0.725818  0.588726  0.391304  0.577484  0.738812  0.551018  0.737783  0.418267  0.586361  0.442548  0.495543  0.661772  0.659333  0.665840  0.641377  0.510673  0.550050  0.573695  0.487578  0.368885  0.490509  0.590708  0.309530  0.474644  0.294548  0.334536  0.521657  0.516361  0.470859  0.568859  0.386711  0.602237  0.766001  0.604549 
6  0.618113  0.499805  0.596640  0.615510  0.544806  0.777210 0.0  0.544864  0.544769  0.718026  0.567651  0.572022  0.586680  0.678629  0.675487  0.676540  0.688144  0.593364  0.576671  0.627535  0.601478  0.673114  0.595230  0.635758  0.628280  0.678771  0.663788  0.699253  0.649614  0.587685  0.475656  0.707742  0.569979  0.536454  0.650360  0.635369  0.641596  0.531619  0.569704  0.676242  0.595938  0.628501  0.833027  0.514411  0.527903  0.503882  0.553599  0.633857  0.769622  0.719804  0.584179  0.710411  0.588103  0.657371  0.571843  0.456027  0.627328  0.658085  0.610371  0.631420  0.675610  0.568564  0.582334  0.691205  0.812437  0.828625  0.435564  0.554985  0.505777  0.443104  0.682465  0.579000  0.708978  0.558256  0.447342  0.600107  0.619273  0.545011  0.530986  0.737666  0.683691  0.565364  0.572269  0.670280  0.681795  0.576122  0.751102  0.585035  0.714429 
7  0.312112  0.662836  0.622419  0.329300  0.518881  0.724657  0.544864 0.0  0.711599  0.807373  0.640307  0.638376  0.635831  0.693194  0.537813  0.619132  0.766969  0.804916  0.652384  0.506811  0.685665  0.741431  0.725406  0.397167  0.671214  0.576981  0.804546  0.722852  0.677165  0.646417  0.419265  0.587333  0.558791  0.724675  0.701891  0.820506  0.803033  0.736648  0.510682  0.512014  0.471870  0.514585  0.798889  0.641284  0.166578  0.631725  0.524860  0.593847  0.317379  0.703496  0.696323  0.381824  0.150991  0.753336  0.759237  0.616331  0.686268  0.761858  0.407988  0.239847  0.528349  0.616305  0.688053  0.726945  0.754335  0.822455  0.646301  0.223195  0.562790  0.536619  0.770544  0.556969  0.670978  0.727281  0.514163  0.651163  0.663089  0.547028  0.771248  0.754700  0.620520  0.602662  0.584818  0.750834  0.741780  0.681692  0.697101  0.689295  0.715380 
8  0.683598  0.197584  0.669085  0.686722  0.744298  0.548813  0.544769  0.711599 0.0  0.848051  0.600934  0.670202  0.365316  0.795807  0.732962  0.727409  0.821795  0.742960  0.632981  0.663662  0.567923  0.778722  0.547339  0.725937  0.732075  0.806133  0.809043  0.755356  0.755788  0.314610  0.706901  0.703205  0.602538  0.724262  0.791249  0.633633  0.673555  0.636688  0.611070  0.639617  0.532650  0.597048  0.773854  0.376094  0.686212  0.464504  0.699028  0.379736  0.624667  0.656657  0.572294  0.747577  0.655479  0.723699  0.775467  0.453481  0.669910  0.663019  0.606332  0.669881  0.606092  0.277195  0.698517  0.723760  0.810230  0.742735  0.659506  0.695702  0.656545  0.670036  0.709272  0.723446  0.711264  0.836775  0.483788  0.781178  0.794485  0.696079  0.812458  0.610967  0.803188  0.617948  0.686876  0.750411  0.678187  0.684007  0.747989  0.294724  0.803568 
9  0.643141  0.920870  0.759298  0.739186  0.788337  0.465598  0.718026  0.807373  0.848051 0.0  0.638344  0.402072  0.793989  0.414240  0.780119  0.643304  1.000000  0.542795  0.673656  0.578397  0.784805  0.393099  0.530008  0.778240  0.339718  0.508989  0.939652  0.579093  0.295443  0.762125  0.795583  0.683144  0.717432  0.512468  0.535098  0.533241  0.350914  0.277139  0.710533  0.779436  0.860771  0.781070  0.227497  0.737383  0.769600  0.809006  0.700556  0.726054  0.658791  0.501370  0.566033  0.677143  0.794928  0.739617  0.475694  0.757234  0.566701  0.488948  0.728401  0.687617  0.633459  0.727535  0.589996  0.422529  0.149793  0.354995  0.735591  0.692303  0.754002  0.680622  0.416086  0.392396  0.288903  0.443578  0.576763  0.333869  0.332788  0.309012  0.425300  0.467436  0.531528  0.430613  0.394129  0.332828  0.328483  0.480083  0.476969  0.854174  0.432507 
10  0.558512  0.704285  0.367205  0.539654  0.258815  0.594105  0.567651  0.640307  0.600934  0.638344 0.0  0.566497  0.546995  0.681096  0.464078  0.549582  0.675035  0.591259  0.629251  0.653696  0.387229  0.616008  0.270773  0.565503  0.686212  0.562130  0.718730  0.579409  0.561957  0.690009  0.575891  0.629655  0.654422  0.669489  0.571944  0.579679  0.653578  0.631544  0.593641  0.598046  0.574282  0.635793  0.575245  0.583597  0.645297  0.563064  0.539762  0.607593  0.611949  0.610556  0.317975  0.601454  0.619559  0.719425  0.611487  0.643044  0.172636  0.608936  0.609021  0.650780  0.597613  0.617993  0.495675  0.647322  0.671129  0.678028  0.600395  0.649271  0.434770  0.541728  0.591815  0.585385  0.679490  0.576352  0.430033  0.575489  0.572884  0.597116  0.579196  0.642138  0.641553  0.657720  0.527273  0.610363  0.671949  0.648248  0.707636  0.652934  0.654142 
11  0.627610  0.714339  0.631849  0.647819  0.620696  0.451940  0.572022  0.638376  0.670202  0.402072  0.566497 0.0  0.731355  0.478558  0.679203  0.371925  0.871232  0.533699  0.698617  0.551084  0.456767  0.432889  0.621614  0.732868  0.424816  0.376751  0.695006  0.480036  0.246850  0.687207  0.727366  0.652145  0.617955  0.303961  0.606169  0.521651  0.451446  0.285543  0.708767  0.688718  0.629119  0.644495  0.387670  0.772188  0.646844  0.689216  0.557222  0.607550  0.577664  0.476638  0.655005  0.702040  0.633169  0.825249  0.411825  0.687060  0.633629  0.552240  0.681262  0.713219  0.609311  0.615129  0.545562  0.399064  0.384009  0.404320  0.623505  0.658173  0.603651  0.596178  0.377404  0.186702  0.222615  0.483067  0.568761  0.256779  0.225616  0.295526  0.382234  0.502670  0.594664  0.273867  0.316447  0.417660  0.295890  0.529087  0.417340  0.723573  0.430363 
12  0.657994  0.499034  0.551329  0.707623  0.640404  0.675125  0.586680  0.635831  0.365316  0.793989  0.546995  0.731355 0.0  0.748686  0.669308  0.701709  0.655313  0.690842  0.663264  0.618634  0.520994  0.726999  0.603444  0.587863  0.856002  0.581750  0.816061  0.631973  0.648785  0.377748  0.646296  0.681245  0.575494  0.665643  0.714519  0.630849  0.694137  0.828326  0.493138  0.597084  0.517139  0.586729  0.725330  0.478926  0.539052  0.613974  0.512342  0.362130  0.493615  0.678325  0.530031  0.603937  0.593957  0.855175  0.741473  0.295256  0.640604  0.614885  0.568556  0.620233  0.617362  0.457569  0.709391  0.675869  0.691063  0.711401  0.586514  0.559547  0.544556  0.678212  0.689202  0.710567  0.811019  0.583320  0.481862  0.580179  0.631479  0.592116  0.753944  0.691765  0.641340  0.665479  0.565369  0.674544  0.727585  0.689563  0.820758  0.494704  0.720266 
13  0.812427  0.804809  0.721125  0.661137  0.682153  0.520256  0.678629  0.693194  0.795807  0.414240  0.681096  0.478558  0.748686 0.0  0.657063  0.552580  0.772058  0.607549  0.902361  0.585392  0.693013  0.219123  0.546909  0.840210  0.280132  0.472985  0.764863  0.580945  0.385051  0.798047  0.671701  0.731295  0.747284  0.510189  0.442798  0.510343  0.260240  0.346156  0.765308  0.779140  0.711611  0.656846  0.384747  0.704555  0.705438  0.706083  0.714430  0.713542  0.715406  0.550837  0.669942  0.798609  0.809269  0.734858  0.246843  0.751988  0.623789  0.544513  0.747565  0.690113  0.733684  0.736695  0.544853  0.218062  0.458422  0.299841  0.739455  0.739611  0.606951  0.611711  0.297191  0.372299  0.353926  0.362597  0.494417  0.393166  0.376027  0.304720  0.376918  0.532568  0.553788  0.461552  0.476948  0.208408  0.401506  0.492734  0.195699  0.779583  0.307430 
14  0.515324  0.537020  0.596165  0.374455  0.507829  0.605446  0.675487  0.537813  0.732962  0.780119  0.464078  0.679203  0.669308  0.657063 0.0  0.657200  0.748253  0.671475  0.374995  0.408004  0.500513  0.769234  0.666231  0.320780  0.626738  0.642421  0.771259  0.689957  0.647423  0.643235  0.426132  0.304150  0.641821  0.609370  0.741853  0.682168  0.715514  0.655384  0.301816  0.668028  0.707278  0.577705  0.738447  0.598824  0.427798  0.643195  0.541119  0.563198  0.364549  0.675731  0.468956  0.481732  0.485835  0.722229  0.765249  0.693178  0.601186  0.632822  0.452529  0.577555  0.128535  0.620675  0.626294  0.750516  0.729102  0.822606  0.643063  0.488692  0.533250  0.528407  0.687419  0.600673  0.761506  0.664909  0.486141  0.621417  0.700782  0.514303  0.663542  0.616259  0.639045  0.675463  0.780626  0.813740  0.777189  0.636274  0.714410  0.740189  0.626208 
15  0.779811  0.759697  0.592777  0.676956  0.611578  0.246487  0.676540  0.619132  0.727409  0.643304  0.549582  0.371925  0.701709  0.552580  0.657200 0.0  0.755172  0.374280  0.664681  0.583471  0.547184  0.631257  0.578286  0.706845  0.600990  0.540301  0.814592  0.329072  0.463359  0.737870  0.738546  0.721389  0.636997  0.539314  0.231544  0.412660  0.443621  0.547107  0.675481  0.640658  0.660209  0.635913  0.512963  0.699168  0.750919  0.717555  0.591778  0.634751  0.649130  0.280243  0.586598  0.518359  0.715685  0.777061  0.491598  0.631804  0.543202  0.473637  0.565327  0.626136  0.651073  0.664832  0.405374  0.618041  0.547340  0.546493  0.660051  0.731413  0.636991  0.677329  0.503840  0.442014  0.519761  0.551388  0.499587  0.481622  0.533694  0.466999  0.357890  0.441245  0.191383  0.597460  0.435571  0.533435  0.500880  0.404734  0.479853  0.741109  0.570202 
16  0.748395  0.762457  0.718057  0.774556  0.777731  0.781919  0.688144  0.766969  0.821795  1.000000  0.675035  0.871232  0.655313  0.772058  0.748253  0.755172 0.0  0.627358  0.776058  0.753675  0.695401  0.763350  0.700800  0.793149  0.782535  0.774514  0.195336  0.885458  0.754911  0.797253  0.588451  0.816083  0.756271  0.698792  0.814551  0.815551  0.754644  0.771362  0.756873  0.932552  0.704202  0.811164  0.880736  0.765834  0.771377  0.708854  0.756717  0.698681  0.755913  0.813432  0.837723  0.825034  0.744964  0.207712  0.796174  0.659135  0.703739  0.683429  0.775774  0.775833  0.803085  0.757067  0.735806  0.926161  0.864426  0.793121  0.784680  0.829203  0.735370  0.717668  0.746851  0.638101  0.878128  0.864661  0.749972  0.843264  0.838480  0.714491  0.812102  0.714847  0.761301  0.731348  0.764481  0.906733  0.863364  0.711176  0.881801  0.743353  0.795385 
17  0.705056  0.813153  0.726447  0.650047  0.632849  0.350685  0.593364  0.804916  0.742960  0.542795  0.591259  0.533699  0.690842  0.607549  0.671475  0.374280  0.627358 0.0  0.647977  0.503549  0.670419  0.528167  0.518698  0.622308  0.585786  0.352733  0.784758  0.344279  0.502498  0.791350  0.721348  0.719706  0.696509  0.534698  0.311085  0.266050  0.447783  0.521863  0.648755  0.714913  0.662874  0.655027  0.493100  0.798780  0.713265  0.779139  0.556374  0.730257  0.717152  0.335111  0.645756  0.656198  0.737331  0.692577  0.448672  0.670845  0.565141  0.311922  0.642597  0.712053  0.665321  0.697752  0.338151  0.573940  0.513690  0.445960  0.575275  0.788016  0.636843  0.632861  0.471779  0.499164  0.648872  0.429010  0.466149  0.514373  0.594383  0.367024  0.506125  0.255407  0.351194  0.556888  0.612985  0.552148  0.462237  0.271618  0.509020  0.701284  0.509873 
18  0.534123  0.766249  0.592995  0.502589  0.658497  0.508614  0.576671  0.652384  0.632981  0.673656  0.629251  0.698617  0.663264  0.902361  0.374995  0.664681  0.776058  0.647977 0.0  0.420748  0.540670  0.669741  0.523070  0.316641  0.778107  0.710128  0.810050  0.645976  0.634097  0.756502  0.523866  0.259519  0.681364  0.759838  0.558471  0.693536  0.637604  0.736035  0.177313  0.649468  0.627923  0.646703  0.616751  0.790453  0.580616  0.673469  0.642896  0.762447  0.513141  0.638911  0.585322  0.333484  0.579034  0.721955  0.710710  0.724437  0.515264  0.627155  0.530602  0.444645  0.252901  0.732213  0.668686  0.714935  0.664735  0.633329  0.583509  0.462233  0.601763  0.586623  0.693336  0.694011  0.706116  0.711076  0.510198  0.715002  0.684492  0.562111  0.680196  0.636328  0.617734  0.846100  0.670435  0.763165  0.688534  0.680714  0.694649  0.638644  0.763186 
19  0.363016  0.669960  0.546088  0.389666  0.628317  0.558302  0.627535  0.506811  0.663662  0.578397  0.653696  0.551084  0.618634  0.585392  0.408004  0.583471  0.753675  0.503549  0.420748 0.0  0.549054  0.503283  0.461331  0.305812  0.584381  0.527560  0.723533  0.453320  0.616566  0.575252  0.389583  0.458542  0.667051  0.616378  0.523719  0.552571  0.513291  0.551095  0.368624  0.748691  0.783057  0.697264  0.648873  0.549743  0.366419  0.582564  0.592534  0.587731  0.298498  0.470245  0.564816  0.371380  0.471622  0.658716  0.591596  0.677527  0.621460  0.476875  0.367837  0.465674  0.396456  0.604689  0.561131  0.595386  0.628558  0.591187  0.580448  0.363268  0.587077  0.587009  0.643877  0.518926  0.805913  0.505694  0.385390  0.639194  0.636583  0.652284  0.470874  0.516261  0.451859  0.597532  0.484952  0.605031  0.526205  0.573619  0.633849  0.568610  0.595504 
20  0.640557  0.630637  0.396981  0.457274  0.320894  0.500960  0.601478  0.685665  0.567923  0.784805  0.387229  0.456767  0.520994  0.693013  0.500513  0.547184  0.695401  0.670419  0.540670  0.549054 0.0  0.572367  0.350659  0.571983  0.729158  0.587446  0.716497  0.559390  0.613504  0.521745  0.501364  0.583223  0.575479  0.554266  0.486309  0.589858  0.643263  0.552165  0.458308  0.637674  0.550409  0.623111  0.602353  0.521812  0.562466  0.596226  0.314054  0.555608  0.533879  0.620376  0.333852  0.462588  0.517444  0.779798  0.601764  0.550712  0.296770  0.507351  0.513570  0.582575  0.582516  0.610489  0.568058  0.601258  0.529963  0.657937  0.522446  0.593693  0.377739  0.600028  0.650402  0.502026  0.622543  0.624345  0.343786  0.653308  0.655623  0.578739  0.556400  0.705353  0.574164  0.541024  0.500486  0.669636  0.641345  0.628918  0.568803  0.596624  0.669495 
21  0.690982  0.712743  0.605544  0.703143  0.562246  0.567583  0.673114  0.741431  0.778722  0.393099  0.616008  0.432889  0.726999  0.219123  0.769234  0.631257  0.763350  0.528167  0.669741  0.503283  0.572367 0.0  0.724159  0.715742  0.329547  0.390797  0.757317  0.577543  0.306697  0.749467  0.726803  0.680155  0.672060  0.470136  0.493396  0.463525  0.256836  0.429234  0.733901  0.666213  0.726024  0.560214  0.342759  0.653659  0.678748  0.772255  0.643130  0.802435  0.770511  0.415150  0.635868  0.627620  0.826997  0.716172  0.244588  0.614863  0.680314  0.478077  0.739577  0.609682  0.669702  0.694966  0.490222  0.327805  0.377172  0.329605  0.669327  0.734182  0.643364  0.701276  0.287024  0.385735  0.355606  0.322545  0.504054  0.513389  0.317038  0.269865  0.356706  0.517024  0.486917  0.378957  0.399847  0.390458  0.352205  0.493714  0.255301  0.712805  0.299835 
22  0.749787  0.635703  0.420005  0.604742  0.256143  0.496639  0.595230  0.725406  0.547339  0.530008  0.270773  0.621614  0.603444  0.546909  0.666231  0.578286  0.700800  0.518698  0.523070  0.461331  0.350659  0.724159 0.0  0.560774  0.716386  0.558210  0.728473  0.604040  0.616796  0.668889  0.559516  0.458037  0.872292  0.610551  0.549838  0.561144  0.710387  0.558068  0.523060  0.626082  0.702660  0.763247  0.597096  0.593177  0.564955  0.641833  0.346298  0.617234  0.612962  0.536017  0.360294  0.486314  0.675858  0.673018  0.752316  0.585485  0.175567  0.665850  0.549588  0.542774  0.514369  0.572708  0.667658  0.645475  0.545075  0.656873  0.636057  0.522595  0.387206  0.569341  0.694125  0.609200  0.730949  0.533609  0.439967  0.614013  0.733688  0.553526  0.573006  0.544255  0.567605  0.570019  0.500552  0.680413  0.626112  0.619052  0.677877  0.682531  0.525967 
23  0.522003  0.671759  0.585408  0.450977  0.536858  0.654803  0.635758  0.397167  0.725937  0.778240  0.565503  0.732868  0.587863  0.840210  0.320780  0.706845  0.793149  0.622308  0.316641  0.305812  0.571983  0.715742  0.560774 0.0  0.795232  0.672730  0.791919  0.605533  0.639238  0.655658  0.558662  0.215685  0.650951  0.766844  0.667505  0.658699  0.686390  0.775630  0.181916  0.662174  0.662854  0.621342  0.641188  0.693940  0.470751  0.700884  0.499095  0.580683  0.460133  0.770984  0.577933  0.344628  0.474541  0.760999  0.706783  0.692408  0.480610  0.619302  0.389364  0.499315  0.252213  0.565263  0.636022  0.726637  0.731976  0.651584  0.502632  0.503004  0.559986  0.560055  0.739519  0.615497  0.604503  0.708187  0.409897  0.632751  0.562576  0.607062  0.698479  0.655504  0.748162  0.611784  0.672943  0.665544  0.728364  0.663575  0.753216  0.634602  0.717015 
24  0.685180  0.697204  0.726304  0.671252  0.601925  0.539656  0.628280  0.671214  0.732075  0.339718  0.686212  0.424816  0.856002  0.280132  0.626738  0.600990  0.782535  0.585786  0.778107  0.584381  0.729158  0.329547  0.716386  0.795232 0.0  0.489521  0.944137  0.614046  0.256890  0.698857  0.672465  0.799138  0.693873  0.368935  0.566451  0.585695  0.269993  0.431317  0.758303  0.785066  0.531716  0.658911  0.439957  0.737971  0.727672  0.707087  0.601695  0.684971  0.748178  0.496467  0.668601  0.773950  0.847205  0.832181  0.259468  0.648624  0.655585  0.567286  0.747584  0.725678  0.656352  0.692705  0.567635  0.249707  0.427223  0.402771  0.663770  0.720874  0.538706  0.614404  0.362310  0.340784  0.446301  0.425162  0.528502  0.405833  0.394780  0.357111  0.440953  0.587707  0.455537  0.457217  0.524898  0.375328  0.411408  0.533995  0.185812  0.720079  0.254047 
25  0.788539  0.609258  0.631463  0.549782  0.492959  0.455572  0.678771  0.576981  0.806133  0.508989  0.562130  0.376751  0.581750  0.472985  0.642421  0.540301  0.774514  0.352733  0.710128  0.527560  0.587446  0.390797  0.558210  0.672730  0.489521 0.0  0.791798  0.400060  0.469514  0.722863  0.574791  0.737938  0.612581  0.483238  0.517167  0.525142  0.395635  0.441498  0.673766  0.736242  0.664835  0.667436  0.445477  0.623699  0.721690  0.772618  0.570405  0.635729  0.559790  0.465443  0.712424  0.631417  0.623507  0.723025  0.372858  0.634805  0.695879  0.514504  0.574086  0.665923  0.674603  0.625534  0.375082  0.427184  0.390285  0.392116  0.525583  0.681774  0.422489  0.652279  0.422764  0.275015  0.496296  0.190795  0.498448  0.370061  0.283146  0.212093  0.122435  0.366138  0.417701  0.264525  0.304211  0.443087  0.414752  0.563265  0.432732  0.728675  0.463012 
26  0.754460  0.681651  0.730821  0.759895  0.725809  0.720575  0.663788  0.804546  0.809043  0.939652  0.718730  0.695006  0.816061  0.764863  0.771259  0.814592  0.195336  0.784758  0.810050  0.723533  0.716497  0.757317  0.728473  0.791919  0.944137  0.791798 0.0  0.663027  0.912139  0.748620  0.772736  0.739734  0.721915  0.729638  0.758625  0.773426  0.742422  0.746358  0.785776  0.753621  0.837745  0.807540  0.841983  0.742080  0.788930  0.676422  0.771090  0.692961  0.702194  0.694270  0.829871  0.750810  0.885419  0.242667  0.792280  0.737942  0.685563  0.904718  0.671753  0.709704  0.607956  0.682972  0.800335  0.819316  0.872193  0.875833  0.697045  0.774953  0.719392  0.739375  0.763007  0.764789  0.931870  0.781830  0.721039  0.752641  0.804487  0.703016  0.768232  0.737211  0.818042  0.748236  0.814266  0.834058  0.818586  0.733911  0.819436  0.787280  0.759351 
27  0.655563  0.681342  0.508758  0.697018  0.649593  0.317369  0.699253  0.722852  0.755356  0.579093  0.579409  0.480036  0.631973  0.580945  0.689957  0.329072  0.885458  0.344279  0.645976  0.453320  0.559390  0.577543  0.604040  0.605533  0.614046  0.400060  0.663027 0.0  0.618807  0.742303  0.676828  0.642843  0.752167  0.556418  0.294059  0.359367  0.576706  0.598415  0.689617  0.841305  0.702375  0.811029  0.534882  0.609206  0.773025  0.715672  0.578215  0.704064  0.760813  0.443815  0.621331  0.672430  0.700256  0.774959  0.549095  0.714805  0.568082  0.389642  0.679972  0.707725  0.597358  0.749263  0.377032  0.575616  0.457815  0.502327  0.650171  0.686304  0.478390  0.627833  0.466627  0.548450  0.555444  0.482352  0.589422  0.459561  0.624225  0.259972  0.502698  0.317452  0.307265  0.456991  0.564860  0.560495  0.554268  0.135091  0.594494  0.717157  0.536786 
28  0.774739  0.669101  0.673559  0.697350  0.663960  0.667843  0.649614  0.677165  0.755788  0.295443  0.561957  0.246850  0.648785  0.385051  0.647423  0.463359  0.754911  0.502498  0.634097  0.616566  0.613504  0.306697  0.616796  0.639238  0.256890  0.469514  0.912139  0.618807 0.0  0.740412  0.804399  0.640007  0.674055  0.463753  0.515333  0.506091  0.465351  0.343188  0.720932  0.632378  0.640728  0.670475  0.304280  0.692431  0.772316  0.636232  0.573471  0.629037  0.636653  0.586790  0.596254  0.729769  0.730259  0.910877  0.388753  0.762896  0.604122  0.472753  0.679964  0.792680  0.682928  0.701439  0.581199  0.383927  0.287240  0.461732  0.627245  0.653616  0.600788  0.638019  0.299581  0.287517  0.246193  0.308883  0.580379  0.158351  0.177560  0.335270  0.414513  0.568016  0.541309  0.261680  0.267212  0.354612  0.280476  0.527069  0.371550  0.717093  0.451499 
29  0.658054  0.219255  0.574419  0.583449  0.538049  0.712149  0.587685  0.646417  0.314610  0.762125  0.690009  0.687207  0.377748  0.798047  0.643235  0.737870  0.797253  0.791350  0.756502  0.575252  0.521745  0.749467  0.668889  0.655658  0.698857  0.722863  0.748620  0.742303  0.740412 0.0  0.659784  0.739739  0.585865  0.694357  0.717657  0.682827  0.759890  0.601492  0.751230  0.603763  0.525494  0.528235  0.751315  0.336598  0.603847  0.245966  0.628482  0.318082  0.570456  0.661790  0.679485  0.641732  0.659356  0.794848  0.678587  0.370938  0.591393  0.768037  0.674356  0.659628  0.713241  0.291193  0.727485  0.746588  0.727325  0.834747  0.582381  0.686024  0.660352  0.588905  0.776132  0.666857  0.776841  0.701534  0.506092  0.650289  0.724279  0.777468  0.715649  0.731098  0.705950  0.693167  0.706987  0.815474  0.758334  0.726469  0.820152  0.326146  0.614730 
30  0.442026  0.574794  0.637133  0.500952  0.503848  0.756040  0.475656  0.419265  0.706901  0.795583  0.575891  0.727366  0.646296  0.671701  0.426132  0.738546  0.588451  0.721348  0.523866  0.389583  0.501364  0.726803  0.559516  0.558662  0.672465  0.574791  0.772736  0.676828  0.804399  0.659784 0.0  0.537904  0.686908  0.643962  0.658720  0.670095  0.737603  0.596524  0.511207  0.603056  0.565507  0.583787  0.723384  0.656614  0.379070  0.533022  0.655276  0.640692  0.537873  0.668319  0.678652  0.436709  0.397589  0.739767  0.713900  0.559245  0.549331  0.650934  0.453401  0.434156  0.572717  0.546059  0.635960  0.698124  0.841946  0.681830  0.557696  0.363179  0.452987  0.501288  0.672336  0.556530  0.675321  0.693610  0.446568  0.724642  0.656983  0.581123  0.742455  0.720086  0.812467  0.631071  0.658005  0.762569  0.714738  0.668072  0.682321  0.657182  0.691274 
31  0.396416  0.705835  0.656260  0.466456  0.463205  0.635167  0.707742  0.587333  0.703205  0.683144  0.629655  0.652145  0.681245  0.731295  0.304150  0.721389  0.816083  0.719706  0.259519  0.458542  0.583223  0.680155  0.458037  0.215685  0.799138  0.737938  0.739734  0.642843  0.640007  0.739739  0.537904 0.0  0.642549  0.794802  0.627949  0.645525  0.691832  0.709974  0.115028  0.627436  0.733640  0.756702  0.626701  0.763255  0.497171  0.637865  0.461289  0.623767  0.558643  0.740034  0.589611  0.240455  0.538048  0.719919  0.784481  0.576101  0.515893  0.694298  0.495433  0.473882  0.330639  0.709405  0.725916  0.669658  0.677929  0.733872  0.550904  0.488430  0.574731  0.658113  0.787758  0.726591  0.674012  0.664785  0.358839  0.711488  0.777439  0.515554  0.697971  0.719007  0.702439  0.689790  0.641498  0.734208  0.779636  0.636107  0.685478  0.711174  0.755925 
32  0.613118  0.524045  0.620148  0.537495  0.680915  0.558529  0.569979  0.558791  0.602538  0.717432  0.654422  0.617955  0.575494  0.747284  0.641821  0.636997  0.756271  0.696509  0.681364  0.667051  0.575479  0.672060  0.872292  0.650951  0.693873  0.612581  0.721915  0.752167  0.674055  0.585865  0.686908  0.642549 0.0  0.655951  0.626720  0.717206  0.749764  0.565700  0.660133  0.341444  0.199541  0.130116  0.782559  0.494697  0.555278  0.613787  0.609341  0.640368  0.633292  0.618530  0.716709  0.664693  0.622758  0.705796  0.752935  0.660126  0.719545  0.689453  0.638005  0.544342  0.720869  0.561722  0.640779  0.662393  0.778336  0.688046  0.528159  0.499279  0.670207  0.697612  0.719910  0.584439  0.635235  0.587162  0.470828  0.570025  0.670299  0.590104  0.697946  0.783058  0.723205  0.559510  0.648402  0.655996  0.714160  0.551224  0.653845  0.585578  0.706152 
33  0.623062  0.728723  0.582840  0.682782  0.646592  0.591014  0.536454  0.724675  0.724262  0.512468  0.669489  0.303961  0.665643  0.510189  0.609370  0.539314  0.698792  0.534698  0.759838  0.616378  0.554266  0.470136  0.610551  0.766844  0.368935  0.483238  0.729638  0.556418  0.463753  0.694357  0.643962  0.794802  0.655951 0.0  0.559471  0.573487  0.551081  0.183278  0.725635  0.615265  0.745903  0.594339  0.348682  0.699841  0.839964  0.709912  0.629946  0.623529  0.530236  0.558607  0.591151  0.762365  0.718298  0.769599  0.550567  0.597469  0.642509  0.505962  0.681190  0.637294  0.694843  0.738669  0.518989  0.384756  0.407404  0.509656  0.515275  0.659679  0.534089  0.492826  0.386354  0.275173  0.348427  0.449593  0.528512  0.375884  0.319375  0.198242  0.446926  0.581083  0.638907  0.233019  0.283605  0.478946  0.301179  0.476003  0.462581  0.613962  0.442793 
34  0.698490  0.722619  0.607603  0.666369  0.657583  0.288211  0.650360  0.701891  0.791249  0.535098  0.571944  0.606169  0.714519  0.442798  0.741853  0.231544  0.814551  0.311085  0.558471  0.523719  0.486309  0.493396  0.549838  0.667505  0.566451  0.517167  0.758625  0.294059  0.515333  0.717657  0.658720  0.627949  0.626720  0.559471 0.0  0.307468  0.522747  0.541776  0.668076  0.586955  0.707495  0.652949  0.445247  0.719308  0.696208  0.707420  0.552575  0.688186  0.699581  0.356746  0.629260  0.644879  0.695588  0.687540  0.547116  0.606007  0.622269  0.423804  0.651878  0.611960  0.595122  0.685437  0.355025  0.650264  0.482452  0.466869  0.543383  0.721650  0.508595  0.637611  0.578722  0.489722  0.521404  0.501889  0.377436  0.391002  0.570272  0.362344  0.433084  0.289600  0.239884  0.544528  0.519691  0.525765  0.552973  0.281277  0.586205  0.670959  0.517987 
35  0.742631  0.792837  0.626570  0.704070  0.570891  0.284549  0.635369  0.820506  0.633633  0.533241  0.579679  0.521651  0.630849  0.510343  0.682168  0.412660  0.815551  0.266050  0.693536  0.552571  0.589858  0.463525  0.561144  0.658699  0.585695  0.525142  0.773426  0.359367  0.506091  0.682827  0.670095  0.645525  0.717206  0.573487  0.307468 0.0  0.431306  0.526792  0.687176  0.778539  0.660205  0.692809  0.479768  0.676046  0.865779  0.759135  0.683520  0.781609  0.655459  0.207554  0.719646  0.550321  0.635730  0.718400  0.484756  0.749875  0.586591  0.189360  0.697451  0.624324  0.622602  0.656509  0.275218  0.514518  0.466084  0.433085  0.741987  0.753216  0.678911  0.713934  0.589353  0.498483  0.514751  0.483983  0.498522  0.382259  0.470526  0.357667  0.442943  0.247502  0.334576  0.530576  0.556489  0.437200  0.546109  0.329066  0.471731  0.739549  0.506598 
36  0.633448  0.678717  0.605972  0.687257  0.640710  0.398277  0.641596  0.803033  0.673555  0.350914  0.653578  0.451446  0.694137  0.260240  0.715514  0.443621  0.754644  0.447783  0.637604  0.513291  0.643263  0.256836  0.710387  0.686390  0.269993  0.395635  0.742422  0.576706  0.465351  0.759890  0.737603  0.691832  0.749764  0.551081  0.522747  0.431306 0.0  0.408390  0.725516  0.721258  0.810874  0.742145  0.398539  0.760864  0.828660  0.756412  0.646926  0.678163  0.690245  0.455390  0.639736  0.669795  0.822217  0.701370  0.153698  0.668968  0.626428  0.572718  0.733485  0.880912  0.651097  0.678775  0.586660  0.260827  0.530032  0.228986  0.660229  0.713651  0.694028  0.623072  0.388319  0.427939  0.523589  0.358844  0.516783  0.347091  0.333245  0.228429  0.245740  0.450958  0.530366  0.369024  0.397632  0.198767  0.431366  0.549133  0.115889  0.761895  0.097774 
37  0.647726  0.592205  0.602120  0.544037  0.545849  0.474405  0.531619  0.736648  0.636688  0.277139  0.631544  0.285543  0.828326  0.346156  0.655384  0.547107  0.771362  0.521863  0.736035  0.551095  0.552165  0.429234  0.558068  0.775630  0.431317  0.441498  0.746358  0.598415  0.343188  0.601492  0.596524  0.709974  0.565700  0.183278  0.541776  0.526792  0.408390 0.0  0.609079  0.719487  0.554836  0.718252  0.421051  0.665875  0.704777  0.627387  0.570771  0.581428  0.555610  0.564257  0.553399  0.607091  0.669126  0.672751  0.481119  0.604301  0.555315  0.584827  0.574294  0.684058  0.779232  0.614219  0.601223  0.366063  0.371924  0.417292  0.579839  0.711855  0.482432  0.548127  0.356922  0.311077  0.314109  0.561293  0.463213  0.303885  0.405554  0.380607  0.497635  0.575117  0.629362  0.305115  0.337935  0.547358  0.309195  0.447408  0.453325  0.627785  0.440839 
38  0.502220  0.663681  0.602938  0.296758  0.511467  0.665548  0.569704  0.510682  0.611070  0.710533  0.593641  0.708767  0.493138  0.765308  0.301816  0.675481  0.756873  0.648755  0.177313  0.368624  0.458308  0.733901  0.523060  0.181916  0.758303  0.673766  0.785776  0.689617  0.720932  0.751230  0.511207  0.115028  0.660133  0.725635  0.668076  0.687176  0.725516  0.609079 0.0  0.743131  0.656501  0.566821  0.721601  0.742652  0.555864  0.679560  0.652126  0.671556  0.478049  0.690068  0.546411  0.447969  0.549768  0.718404  0.757317  0.603531  0.497425  0.696677  0.403454  0.551001  0.308706  0.635605  0.654564  0.698164  0.650354  0.740773  0.546976  0.446036  0.625858  0.676985  0.833934  0.656515  0.690566  0.753941  0.524767  0.628283  0.731776  0.558095  0.725553  0.665630  0.722409  0.697881  0.685419  0.793756  0.761219  0.748087  0.848554  0.698599  0.671635 
39  0.589075  0.469091  0.646188  0.549868  0.730274  0.731361  0.676242  0.512014  0.639617  0.779436  0.598046  0.688718  0.597084  0.779140  0.668028  0.640658  0.932552  0.714913  0.649468  0.748691  0.637674  0.666213  0.626082  0.662174  0.785066  0.736242  0.753621  0.841305  0.632378  0.603763  0.603056  0.627436  0.341444  0.615265  0.586955  0.778539  0.721258  0.719487  0.743131 0.0  0.364561  0.272578  0.780456  0.529445  0.589507  0.631100  0.656625  0.700927  0.748699  0.765549  0.641066  0.728198  0.635000  0.782577  0.771318  0.611561  0.781101  0.645719  0.655445  0.661523  0.609753  0.594012  0.667762  0.649090  0.842025  0.822479  0.640191  0.594878  0.676389  0.633359  0.662271  0.666161  0.666954  0.756903  0.506122  0.538264  0.789726  0.733351  0.699970  0.730049  0.808919  0.752560  0.669710  0.725953  0.795076  0.707716  0.635225  0.573761  0.648463 
40  0.557970  0.567702  0.629641  0.667648  0.612508  0.711402  0.595938  0.471870  0.532650  0.860771  0.574282  0.629119  0.517139  0.711611  0.707278  0.660209  0.704202  0.662874  0.627923  0.783057  0.550409  0.726024  0.702660  0.662854  0.531716  0.664835  0.837745  0.702375  0.640728  0.525494  0.565507  0.733640  0.199541  0.745903  0.707495  0.660205  0.810874  0.554836  0.656501  0.364561 0.0  0.321240  0.778407  0.605583  0.536726  0.613753  0.695708  0.579446  0.706566  0.712706  0.530161  0.699679  0.644905  0.789940  0.684070  0.488814  0.717004  0.683561  0.647644  0.580068  0.802669  0.672324  0.622694  0.738315  0.880796  0.705906  0.645011  0.521742  0.589085  0.672480  0.653804  0.649689  0.609298  0.658550  0.371049  0.663641  0.714999  0.728382  0.723001  0.719360  0.672945  0.652914  0.639404  0.680128  0.693203  0.769999  0.744244  0.609921  0.702790 
41  0.529697  0.557568  0.481768  0.628943  0.604458  0.648400  0.628501  0.514585  0.597048  0.781070  0.635793  0.644495  0.586729  0.656846  0.577705  0.635913  0.811164  0.655027  0.646703  0.697264  0.623111  0.560214  0.763247  0.621342  0.658911  0.667436  0.807540  0.811029  0.670475  0.528235  0.583787  0.756702  0.130116  0.594339  0.652949  0.692809  0.742145  0.718252  0.566821  0.272578  0.321240 0.0  0.794110  0.521627  0.625187  0.676583  0.618943  0.596270  0.645459  0.738762  0.625839  0.703242  0.561609  0.813713  0.601742  0.556804  0.617604  0.683005  0.616046  0.600275  0.631484  0.620457  0.653694  0.734538  0.765906  0.801295  0.556080  0.687644  0.589172  0.640055  0.684318  0.615791  0.643406  0.625789  0.438958  0.709523  0.683431  0.696726  0.697804  0.703682  0.561532  0.571487  0.573229  0.567099  0.750300  0.707924  0.725187  0.564311  0.679868 
42  0.628075  0.815619  0.602684  0.568996  0.600916  0.512345  0.833027  0.798889  0.773854  0.227497  0.575245  0.387670  0.725330  0.384747  0.738447  0.512963  0.880736  0.493100  0.616751  0.648873  0.602353  0.342759  0.597096  0.641188  0.439957  0.445477  0.841983  0.534882  0.304280  0.751315  0.723384  0.626701  0.782559  0.348682  0.445247  0.479768  0.398539  0.421051  0.721601  0.780456  0.778407  0.794110 0.0  0.791280  0.754521  0.800506  0.645959  0.764740  0.648876  0.398966  0.607105  0.536288  0.758929  0.787181  0.404816  0.696731  0.589244  0.546989  0.594150  0.732755  0.611247  0.761323  0.538109  0.430299  0.164421  0.293691  0.672895  0.835365  0.685690  0.560734  0.318914  0.367431  0.419105  0.467567  0.461365  0.277305  0.301269  0.396666  0.414373  0.592750  0.382107  0.388238  0.385363  0.469207  0.257141  0.408658  0.353625  0.821777  0.360444 
43  0.760194  0.180892  0.559799  0.704926  0.632673  0.749040  0.514411  0.641284  0.376094  0.737383  0.583597  0.772188  0.478926  0.704555  0.598824  0.699168  0.765834  0.798780  0.790453  0.549743  0.521812  0.653659  0.593177  0.693940  0.737971  0.623699  0.742080  0.609206  0.692431  0.336598  0.656614  0.763255  0.494697  0.699841  0.719308  0.676046  0.760864  0.665875  0.742652  0.529445  0.605583  0.521627  0.791280 0.0  0.669695  0.227791  0.658214  0.173812  0.753903  0.606064  0.509695  0.692228  0.585679  0.768480  0.793071  0.335500  0.600593  0.732896  0.807365  0.752829  0.734831  0.184411  0.638561  0.705196  0.765776  0.694054  0.585384  0.623547  0.477837  0.605056  0.820093  0.664274  0.782695  0.629946  0.523320  0.731682  0.722696  0.596532  0.774211  0.717699  0.698579  0.700128  0.652881  0.735410  0.725040  0.735276  0.800889  0.347859  0.695545 
44  0.345650  0.596178  0.686354  0.381376  0.579414  0.696438  0.527903  0.166578  0.686212  0.769600  0.645297  0.646844  0.539052  0.705438  0.427798  0.750919  0.771377  0.713265  0.580616  0.366419  0.562466  0.678748  0.564955  0.470751  0.727672  0.721690  0.788930  0.773025  0.772316  0.603847  0.379070  0.497171  0.555278  0.839964  0.696208  0.865779  0.828660  0.704777  0.555864  0.589507  0.536726  0.625187  0.754521  0.669695 0.0  0.568052  0.565272  0.699421  0.313670  0.628092  0.618460  0.307129  0.249354  0.708275  0.727012  0.577543  0.617931  0.635239  0.466380  0.283885  0.500778  0.675202  0.721123  0.812749  0.727900  0.796299  0.583859  0.257841  0.540592  0.733987  0.702213  0.647431  0.759559  0.744186  0.495591  0.637906  0.715567  0.472574  0.796342  0.732730  0.776562  0.677294  0.487153  0.768784  0.700151  0.713777  0.858812  0.645612  0.685318 
