89
0 0.0  0.636089  0.602597  0.274026  0.520538  0.639607  0.655903  0.255112  0.547718  0.693660  0.478270  0.680118  0.692594  0.658629  0.398215  0.600792  0.736044  0.724358  0.477017  0.417063  0.477400  0.737882  0.441168  0.399865  0.684997  0.673069  0.731613  0.583985  0.759973  0.625402  0.441196  0.386405  0.539079  0.659571  0.745633  0.652063  0.801142  0.606015  0.401486  0.680602  0.637145  0.516567  0.704341  0.696571  0.240182  0.629253  0.486586  0.554738  0.311805  0.719698  0.433702  0.327075  0.216336  0.718945  0.600056  0.572762  0.535134  0.670174  0.270109  0.161661  0.446885  0.626084  0.621796  0.580987  0.660728  0.668776  0.477268  0.293351  0.606154  0.647438  0.715322  0.616512  0.668350  0.641020  0.406558  0.647220  0.695398  0.565557  0.613426  0.669635  0.673781  0.629161  0.731023  0.717076  0.664307  0.692698  0.774412  0.652496  0.664935 
1  0.636089 0.0  0.562255  0.661952  0.429391  0.658084  0.494308  0.596229  0.222344  0.726524  0.508196  0.567974  0.368601  0.643050  0.680552  0.739656  0.711915  0.644446  0.580138  0.656277  0.656658  0.623863  0.559066  0.696591  0.673604  0.709254  0.737517  0.627620  0.711707  0.268137  0.525160  0.617919  0.476754  0.642503  0.714667  0.771208  0.658017  0.696846  0.700406  0.656768  0.597820  0.493709  0.727709  0.222414  0.576548  0.227073  0.590510  0.261791  0.497423  0.673658  0.543615  0.711177  0.601216  0.692611  0.776715  0.366384  0.600711  0.689635  0.621166  0.612616  0.641342  0.302312  0.611055  0.712902  0.739562  0.782255  0.584912  0.568305  0.408416  0.579315  0.801323  0.693028  0.748906  0.575590  0.554928  0.675069  0.593421  0.608716  0.684106  0.735476  0.704618  0.626879  0.805598  0.893913  0.718765  0.650846  0.743892  0.281359  0.757015 
2  0.602597  0.562255 0.0  0.464607  0.378676  0.635848  0.612250  0.544943  0.640942  0.655954  0.341181  0.647313  0.623402  0.641995  0.526803  0.538901  0.744188  0.634684  0.581453  0.616790  0.291874  0.711126  0.359366  0.522071  0.685577  0.633140  0.744083  0.520574  0.613189  0.619688  0.519420  0.567701  0.569373  0.503417  0.702687  0.636937  0.601344  0.553490  0.431862  0.593171  0.607277  0.590846  0.607884  0.575245  0.505655  0.470243  0.429576  0.406227  0.512201  0.576738  0.341704  0.575656  0.550615  0.687581  0.615275  0.581204  0.314866  0.630089  0.486756  0.454312  0.557187  0.503460  0.624807  0.685532  0.694515  0.699980  0.611397  0.518018  0.211954  0.576057  0.608663  0.625180  0.556141  0.657428  0.492934  0.633248  0.576757  0.574971  0.649233  0.577665  0.607236  0.637980  0.585972  0.695930  0.633993  0.621801  0.555835  0.596627  0.592697 
3  0.274026  0.661952  0.464607 0.0  0.533203  0.653565  0.597841  0.303620  0.640242  0.756755  0.471442  0.618904  0.718666  0.709010  0.350802  0.646060  0.823403  0.740824  0.407587  0.407673  0.555562  0.579624  0.632283  0.474539  0.602592  0.627595  0.841077  0.561860  0.646177  0.586357  0.516852  0.371498  0.641071  0.560327  0.604955  0.758140  0.694377  0.598864  0.440809  0.620140  0.662035  0.520261  0.668312  0.559864  0.312489  0.718769  0.628109  0.636686  0.186149  0.564353  0.569642  0.263923  0.297243  0.606216  0.620061  0.705257  0.580925  0.691249  0.277978  0.287619  0.381869  0.568266  0.554776  0.684529  0.761890  0.645813  0.506643  0.285568  0.545103  0.484896  0.685255  0.644978  0.678836  0.702380  0.386277  0.708379  0.608714  0.488451  0.610930  0.721090  0.730806  0.570612  0.618905  0.527118  0.764186  0.661029  0.644702  0.623917  0.678187 
4  0.520538  0.429391  0.378676  0.533203 0.0  0.473087  0.618670  0.571019  0.533521  0.575643  0.195434  0.523304  0.532328  0.523787  0.493773  0.466816  0.683920  0.564084  0.460279  0.528951  0.285576  0.555227  0.203401  0.523846  0.624641  0.487697  0.727601  0.546402  0.566063  0.549486  0.557058  0.537364  0.666334  0.489091  0.547338  0.617239  0.612372  0.567296  0.454521  0.532427  0.553903  0.630400  0.637130  0.525072  0.566921  0.539177  0.304176  0.599143  0.530379  0.528223  0.325093  0.493439  0.507879  0.742493  0.674835  0.445775  0.167650  0.555539  0.551967  0.528011  0.596426  0.468429  0.549149  0.709222  0.534234  0.695969  0.481393  0.513087  0.320175  0.587278  0.587370  0.471069  0.638671  0.590551  0.402716  0.594266  0.652950  0.508943  0.594215  0.613173  0.598930  0.509291  0.560281  0.619333  0.641812  0.428644  0.674443  0.638026  0.586452 
5  0.639607  0.658084  0.635848  0.653565  0.473087 0.0  0.682271  0.707687  0.650781  0.483443  0.582622  0.459550  0.648350  0.460570  0.579517  0.178537  0.874029  0.286027  0.517153  0.440354  0.529377  0.410958  0.467003  0.652512  0.571665  0.396982  0.700544  0.253134  0.490768  0.595071  0.743562  0.562594  0.615699  0.518618  0.224522  0.277921  0.441742  0.504688  0.687814  0.533024  0.682849  0.717438  0.513847  0.726389  0.691303  0.697923  0.571052  0.592287  0.571397  0.301214  0.525451  0.612274  0.824565  0.695928  0.467280  0.629393  0.540251  0.320462  0.645190  0.652081  0.465469  0.581822  0.348145  0.547456  0.445494  0.469062  0.594402  0.609734  0.719184  0.616248  0.508436  0.446974  0.463599  0.425603  0.449445  0.468319  0.480433  0.345302  0.443974  0.299898  0.241035  0.458507  0.520470  0.510033  0.491717  0.248439  0.512186  0.734179  0.521361 
6  0.655903  0.494308  0.612250  0.597841  0.618670  0.682271 0.0  0.455886  0.551120  0.650318  0.502577  0.633145  0.580589  0.587769  0.638021  0.634454  0.669102  0.763919  0.546138  0.641764  0.688931  0.673876  0.620512  0.644604  0.618963  0.501456  0.706634  0.564617  0.551728  0.585433  0.486485  0.605232  0.524554  0.599300  0.654462  0.770197  0.642494  0.568828  0.695280  0.609010  0.696017  0.580149  0.792960  0.520166  0.613343  0.491205  0.669415  0.522618  0.581535  0.724934  0.584187  0.573996  0.507309  0.637106  0.628692  0.453211  0.643321  0.687576  0.658762  0.515925  0.506053  0.508927  0.607161  0.666098  0.789900  0.589716  0.324592  0.456855  0.418376  0.425406  0.626565  0.536023  0.627258  0.497629  0.502322  0.698365  0.660411  0.547278  0.600321  0.658022  0.640249  0.626660  0.607704  0.745201  0.643137  0.612084  0.613303  0.549340  0.597795 
7  0.255112  0.596229  0.544943  0.303620  0.571019  0.707687  0.455886 0.0  0.687580  0.670062  0.562095  0.572111  0.623906  0.777763  0.435671  0.595924  0.758418  0.691532  0.487102  0.387806  0.629643  0.779252  0.578936  0.423146  0.760395  0.538231  0.779316  0.833855  0.713453  0.553903  0.410952  0.459319  0.603509  0.656091  0.681034  0.790372  0.713428  0.590434  0.470567  0.577079  0.502193  0.437087  0.951305  0.576359  0.115698  0.487087  0.544170  0.575267  0.305456  0.670271  0.569060  0.333284  0.124289  0.853289  0.667615  0.575719  0.538983  0.651368  0.336698  0.255559  0.448249  0.637580  0.730146  0.694520  0.772735  0.800245  0.657136  0.274119  0.450094  0.523824  0.729392  0.736665  0.624677  0.827775  0.471580  0.603409  0.749025  0.533147  0.731542  0.721262  0.729022  0.622606  0.616178  0.796316  0.672506  0.739822  0.659190  0.643637  0.628350 
8  0.547718  0.222344  0.640942  0.640242  0.533521  0.650781  0.551120  0.687580 0.0  0.858530  0.754863  0.593989  0.291170  0.804151  0.493940  0.631429  0.642150  0.660802  0.716621  0.546716  0.601305  0.667223  0.574588  0.780787  0.736538  0.654519  0.715694  0.712667  0.731411  0.302931  0.615553  0.717965  0.676423  0.579592  0.815574  0.737179  0.681585  0.591957  0.581146  0.643813  0.436989  0.546369  0.746758  0.308064  0.661872  0.305591  0.635039  0.283439  0.644597  0.693648  0.492894  0.510872  0.632965  0.703059  0.685631  0.416294  0.591792  0.657245  0.565319  0.607834  0.677870  0.354950  0.707217  0.712772  0.734049  0.705815  0.521557  0.595440  0.585895  0.564198  0.728984  0.777894  0.767134  0.835033  0.498624  0.620060  0.776255  0.629683  0.728362  0.580767  0.606871  0.658991  0.695533  0.929363  0.622547  0.665869  0.776053  0.299854  0.660866 
9  0.693660  0.726524  0.655954  0.756755  0.575643  0.483443  0.650318  0.670062  0.858530 0.0  0.581442  0.336082  0.710250  0.349595  0.793068  0.484706  0.836221  0.392409  0.607195  0.459906  0.665568  0.408234  0.592536  0.740884  0.363370  0.388891  0.868867  0.476398  0.296055  0.824602  0.629773  0.713525  0.738857  0.376778  0.460300  0.488128  0.309736  0.350555  0.729050  0.642457  0.677300  0.756513  0.174156  0.802803  0.880456  0.779774  0.630214  0.690747  0.645181  0.597121  0.632231  0.786299  0.719371  0.662000  0.370516  0.838243  0.626702  0.475140  0.701534  0.635221  0.661571  0.738725  0.436468  0.333396  0.177184  0.343135  0.690145  0.736713  0.594033  0.579961  0.312274  0.341088  0.240112  0.368073  0.591758  0.328232  0.351058  0.316423  0.369811  0.508946  0.444832  0.313006  0.306760  0.328842  0.272921  0.503458  0.338664  0.701763  0.276568 
10  0.478270  0.508196  0.341181  0.471442  0.195434  0.582622  0.502577  0.562095  0.754863  0.581442 0.0  0.565616  0.574410  0.677653  0.538463  0.627662  0.700939  0.634307  0.596523  0.536459  0.356631  0.622161  0.193396  0.558745  0.646642  0.483688  0.899888  0.600396  0.550575  0.652858  0.584998  0.539422  0.660968  0.618560  0.586420  0.609171  0.508276  0.538810  0.559385  0.571186  0.565262  0.562010  0.645998  0.626497  0.585831  0.608626  0.378091  0.530709  0.575910  0.532120  0.337600  0.498202  0.530317  0.719997  0.624464  0.505133  0.205545  0.558078  0.568456  0.565351  0.478247  0.576266  0.635908  0.696200  0.644606  0.545790  0.528289  0.431412  0.371310  0.574661  0.564472  0.604810  0.601663  0.537333  0.405027  0.586089  0.588399  0.528968  0.547644  0.535422  0.571538  0.491521  0.536652  0.605373  0.661452  0.607187  0.670213  0.565463  0.711291 
11  0.680118  0.567974  0.647313  0.618904  0.523304  0.459550  0.633145  0.572111  0.593989  0.336082  0.565616 0.0  0.675298  0.370178  0.593321  0.464625  0.752012  0.419715  0.722839  0.500076  0.545534  0.312806  0.566607  0.679315  0.336781  0.290871  0.771216  0.479866  0.224036  0.671515  0.623351  0.655080  0.631778  0.309239  0.473039  0.374315  0.329444  0.277598  0.772707  0.628174  0.592843  0.527075  0.279652  0.668925  0.639945  0.670814  0.511825  0.670889  0.552513  0.423275  0.572625  0.643513  0.654169  0.877281  0.306875  0.715816  0.631953  0.423776  0.601383  0.634487  0.608323  0.801942  0.410651  0.402018  0.300690  0.345069  0.584782  0.629508  0.567397  0.542836  0.279833  0.168635  0.220917  0.369394  0.480291  0.212745  0.208768  0.229176  0.362444  0.426562  0.520172  0.181226  0.242201  0.413217  0.248422  0.472692  0.355061  0.752081  0.343553 
12  0.692594  0.368601  0.623402  0.718666  0.532328  0.648350  0.580589  0.623906  0.291170  0.710250  0.574410  0.675298 0.0  0.669364  0.560136  0.556345  0.727922  0.661675  0.746213  0.536981  0.569639  0.710735  0.602880  0.580830  0.807416  0.548432  0.847767  0.673135  0.643223  0.426261  0.574158  0.626278  0.533730  0.694685  0.682959  0.604612  0.635395  0.674884  0.529714  0.610521  0.507916  0.560268  0.694269  0.462540  0.647550  0.466313  0.540664  0.383981  0.648298  0.658669  0.570560  0.560405  0.616827  0.607816  0.693458  0.315264  0.512333  0.585194  0.528256  0.524899  0.642040  0.452037  0.771671  0.683885  0.756802  0.750460  0.570687  0.631007  0.536783  0.638342  0.740040  0.537182  0.640322  0.741548  0.412105  0.640866  0.641572  0.559636  0.687094  0.609006  0.634779  0.561029  0.678719  0.718876  0.701282  0.817467  0.635806  0.437210  0.660730 
13  0.658629  0.643050  0.641995  0.709010  0.523787  0.460570  0.587769  0.777763  0.804151  0.349595  0.677653  0.370178  0.669364 0.0  0.719712  0.446246  0.628226  0.492656  0.753239  0.560419  0.606188  0.197300  0.644956  0.578605  0.244728  0.341663  0.796365  0.438906  0.354472  0.770298  0.700731  0.716385  0.719732  0.435020  0.483555  0.478025  0.238478  0.410970  0.745843  0.800901  0.648800  0.790693  0.364898  0.600143  0.654655  0.717564  0.548324  0.628928  0.613146  0.474003  0.596436  0.655079  0.783997  0.784150  0.216914  0.545124  0.616869  0.443045  0.665930  0.779259  0.674053  0.736191  0.480435  0.249386  0.360730  0.304421  0.737646  0.723474  0.615912  0.572379  0.315074  0.370839  0.376070  0.271021  0.556729  0.313449  0.348906  0.306693  0.364473  0.451694  0.495291  0.403314  0.396990  0.231124  0.367589  0.444687  0.254874  0.692478  0.251957 
14  0.398215  0.680552  0.526803  0.350802  0.493773  0.579517  0.638021  0.435671  0.493940  0.793068  0.538463  0.593321  0.560136  0.719712 0.0  0.690434  0.707535  0.742083  0.305648  0.340764  0.574758  0.701112  0.551387  0.284863  0.636182  0.515675  0.755887  0.660879  0.571307  0.718104  0.405801  0.281559  0.632388  0.528656  0.595892  0.661334  0.678785  0.494806  0.273183  0.632046  0.554502  0.603188  0.575349  0.716444  0.355746  0.643494  0.611487  0.642441  0.357266  0.543263  0.506267  0.338825  0.420835  0.642453  0.687605  0.637637  0.632604  0.660451  0.437442  0.432606  0.178902  0.548167  0.563299  0.699737  0.719911  0.694691  0.581072  0.380740  0.477027  0.498590  0.655788  0.490892  0.716538  0.627573  0.434150  0.658361  0.666717  0.503792  0.618558  0.590300  0.751225  0.622653  0.545479  0.709138  0.575320  0.568919  0.773672  0.644067  0.719638 
15  0.600792  0.739656  0.538901  0.646060  0.466816  0.178537  0.634454  0.595924  0.631429  0.484706  0.627662  0.464625  0.556345  0.446246  0.690434 0.0  0.837694  0.317586  0.660103  0.467744  0.681611  0.611771  0.540116  0.622000  0.550616  0.441195  0.737944  0.248634  0.522225  0.720949  0.719088  0.631063  0.545055  0.547115  0.231821  0.308014  0.570587  0.450261  0.614149  0.684400  0.635425  0.613963  0.488620  0.708520  0.679760  0.701166  0.573275  0.715326  0.625331  0.355077  0.590454  0.579408  0.734462  0.729929  0.492656  0.531435  0.575852  0.319475  0.645785  0.641615  0.602284  0.569154  0.380881  0.573265  0.472914  0.499146  0.612167  0.605625  0.571049  0.684435  0.546931  0.421511  0.551597  0.395392  0.436417  0.407818  0.467956  0.366486  0.441651  0.311987  0.224145  0.475826  0.537120  0.477472  0.523821  0.258942  0.439261  0.746710  0.515555 
16  0.736044  0.711915  0.744188  0.823403  0.683920  0.874029  0.669102  0.758418  0.642150  0.836221  0.700939  0.752012  0.727922  0.628226  0.707535  0.837694 0.0  0.811486  0.802799  0.709925  0.777314  0.794476  0.714668  0.736945  0.777399  0.753766  0.177642  0.676925  0.776093  0.784606  0.720279  0.843243  0.695807  0.806996  0.786908  0.838866  0.835091  0.724628  0.726892  0.760250  0.692748  0.863869  0.990230  0.813706  0.802592  0.754109  0.763915  0.672962  0.884621  0.827735  0.757527  0.625262  0.840282  0.176934  0.851818  0.682099  0.667767  0.871724  0.731006  0.806150  0.891503  0.776898  0.657778  0.783537  0.898323  0.855802  0.738930  0.757976  0.643425  0.679172  0.638746  0.721085  0.816426  0.827075  0.742773  0.745772  0.766127  0.702401  0.892613  0.641493  0.779511  0.790755  0.736360  0.619474  0.707824  0.739337  0.773849  0.696654  0.735332 
17  0.724358  0.644446  0.634684  0.740824  0.564084  0.286027  0.763919  0.691532  0.660802  0.392409  0.634307  0.419715  0.661675  0.492656  0.742083  0.317586  0.811486 0.0  0.555392  0.426373  0.511559  0.458149  0.511381  0.568060  0.547052  0.391970  0.775017  0.365457  0.535055  0.677607  0.668795  0.632000  0.557293  0.514718  0.298237  0.258298  0.475684  0.558364  0.625600  0.655430  0.619759  0.643232  0.447004  0.752669  0.705192  0.677708  0.511112  0.669464  0.629311  0.233629  0.519523  0.590310  0.675363  0.678569  0.432921  0.693716  0.482016  0.263354  0.678183  0.553212  0.636709  0.785048  0.240577  0.501500  0.442715  0.494509  0.688107  0.694460  0.670740  0.602515  0.507449  0.497974  0.480329  0.435192  0.464165  0.471111  0.486157  0.362192  0.524616  0.225833  0.333416  0.436128  0.426588  0.504840  0.438761  0.311320  0.557055  0.682415  0.450521 
18  0.477017  0.580138  0.581453  0.407587  0.460279  0.517153  0.546138  0.487102  0.716621  0.607195  0.596523  0.722839  0.746213  0.753239  0.305648  0.660103  0.802799  0.555392 0.0  0.326759  0.530581  0.672357  0.505417  0.179310  0.690027  0.635675  0.803309  0.566981  0.614810  0.553808  0.461366  0.166445  0.540100  0.707040  0.477357  0.612043  0.765697  0.588331  0.157293  0.695351  0.735924  0.682616  0.623158  0.596645  0.469859  0.609587  0.547475  0.567333  0.449500  0.577399  0.558396  0.355441  0.455103  0.856795  0.625476  0.669523  0.521331  0.591787  0.427354  0.509373  0.259751  0.704017  0.668665  0.685778  0.645697  0.733748  0.699945  0.427307  0.629656  0.619557  0.645581  0.620616  0.721798  0.610369  0.420979  0.595397  0.662004  0.548132  0.649862  0.630964  0.757153  0.584279  0.597524  0.662251  0.742626  0.583299  0.663598  0.695856  0.685424 
19  0.417063  0.656277  0.616790  0.407673  0.528951  0.440354  0.641764  0.387806  0.546716  0.459906  0.536459  0.500076  0.536981  0.560419  0.340764  0.467744  0.709925  0.426373  0.326759 0.0  0.591956  0.537295  0.552499  0.305938  0.497212  0.512450  0.777763  0.482567  0.634885  0.576113  0.372433  0.356837  0.663016  0.553379  0.578053  0.416173  0.625004  0.565960  0.335495  0.672511  0.731901  0.609029  0.570329  0.599612  0.394789  0.636285  0.542927  0.534301  0.350784  0.513492  0.576729  0.355210  0.394454  0.842620  0.610187  0.525207  0.552183  0.496911  0.310913  0.387530  0.377548  0.503086  0.551234  0.572855  0.545070  0.555259  0.505525  0.352023  0.586033  0.607966  0.583927  0.544435  0.596619  0.541623  0.548195  0.566460  0.600768  0.507061  0.565595  0.539023  0.555476  0.545786  0.630767  0.608447  0.562853  0.458902  0.549184  0.659199  0.597926 
20  0.477400  0.656658  0.291874  0.555562  0.285576  0.529377  0.688931  0.629643  0.601305  0.665568  0.356631  0.545534  0.569639  0.606188  0.574758  0.681611  0.777314  0.511559  0.530581  0.591956 0.0  0.548763  0.268573  0.510931  0.608614  0.673449  0.772369  0.590610  0.526979  0.543753  0.583593  0.559851  0.530160  0.491099  0.474731  0.551525  0.558298  0.576336  0.435207  0.538892  0.539751  0.508044  0.543940  0.594639  0.575007  0.619632  0.357214  0.557798  0.571516  0.590803  0.319487  0.503968  0.529222  0.581458  0.678491  0.524433  0.279565  0.525630  0.549965  0.487643  0.491691  0.607738  0.521771  0.731451  0.520501  0.583073  0.492320  0.524013  0.315220  0.579937  0.687029  0.573905  0.670324  0.514192  0.351008  0.548682  0.570675  0.527048  0.543228  0.557408  0.531979  0.579304  0.514211  0.676918  0.691809  0.540568  0.694833  0.606108  0.522705 
21  0.737882  0.623863  0.711126  0.579624  0.555227  0.410958  0.673876  0.779252  0.667223  0.408234  0.622161  0.312806  0.710735  0.197300  0.701112  0.611771  0.794476  0.458149  0.672357  0.537295  0.548763 0.0  0.609759  0.637504  0.300778  0.278334  0.802207  0.438458  0.360576  0.699805  0.759800  0.638694  0.710208  0.443129  0.481004  0.408999  0.271212  0.397829  0.682751  0.650133  0.618684  0.749041  0.346184  0.695002  0.700498  0.724571  0.554261  0.803466  0.619777  0.477328  0.570467  0.631606  0.722275  0.766573  0.247701  0.609878  0.530417  0.432750  0.695928  0.795815  0.773843  0.674518  0.414388  0.267064  0.335484  0.248880  0.536248  0.900345  0.679637  0.655743  0.345937  0.317097  0.344820  0.331074  0.587340  0.347834  0.343657  0.261543  0.376931  0.410483  0.528496  0.329329  0.401108  0.264983  0.302995  0.421232  0.244285  0.787838  0.267504 
22  0.441168  0.559066  0.359366  0.632283  0.203401  0.467003  0.620512  0.578936  0.574588  0.592536  0.193396  0.566607  0.602880  0.644956  0.551387  0.540116  0.714668  0.511381  0.505417  0.552499  0.268573  0.609759 0.0  0.565375  0.588230  0.577830  0.720586  0.574973  0.715289  0.696360  0.564489  0.501980  0.532625  0.630820  0.551219  0.561618  0.619004  0.562334  0.494344  0.709399  0.597364  0.631955  0.526766  0.613708  0.588571  0.641728  0.358258  0.494576  0.554449  0.672549  0.326893  0.495788  0.597951  0.726595  0.639830  0.585688  0.152669  0.519826  0.514997  0.592187  0.461036  0.547568  0.612012  0.615153  0.634672  0.679912  0.432821  0.505673  0.352043  0.586180  0.623175  0.655569  0.592534  0.604939  0.376096  0.477771  0.609787  0.561133  0.519167  0.579571  0.571476  0.561124  0.595790  0.614613  0.688462  0.648499  0.720642  0.579073  0.635747 
23  0.399865  0.696591  0.522071  0.474539  0.523846  0.652512  0.644604  0.423146  0.780787  0.740884  0.558745  0.679315  0.580830  0.578605  0.284863  0.622000  0.736945  0.568060  0.179310  0.305938  0.510931  0.637504  0.565375 0.0  0.823377  0.646694  0.629395  0.789251  0.755349  0.650883  0.519130  0.193719  0.617967  0.728336  0.697619  0.598055  0.742537  0.614236  0.179691  0.685351  0.618418  0.571191  0.588275  0.724943  0.520346  0.627633  0.532401  0.603232  0.359717  0.627743  0.604045  0.399061  0.420859  0.842438  0.650424  0.560275  0.423828  0.562890  0.403936  0.400778  0.260456  0.540705  0.655397  0.691989  0.666920  0.677499  0.561699  0.461307  0.598375  0.600930  0.735474  0.552211  0.711460  0.726507  0.418614  0.686566  0.748435  0.428731  0.599401  0.673002  0.622555  0.725785  0.559951  0.617789  0.781241  0.496402  0.729863  0.607895  0.686535 
24  0.684997  0.673604  0.685577  0.602592  0.624641  0.571665  0.618963  0.760395  0.736538  0.363370  0.646642  0.336781  0.807416  0.244728  0.636182  0.550616  0.777399  0.547052  0.690027  0.497212  0.608614  0.300778  0.588230  0.823377 0.0  0.337431  0.848858  0.535833  0.339569  0.712192  0.624090  0.749599  0.635260  0.491872  0.544665  0.496218  0.203928  0.479774  0.653059  0.673913  0.581297  0.683776  0.429277  0.681022  0.801309  0.666810  0.535920  0.644934  0.697951  0.476121  0.633933  0.665618  0.730426  0.780650  0.240912  0.719721  0.706721  0.509594  0.652529  0.688579  0.683579  0.676620  0.531461  0.186831  0.456099  0.207277  0.612023  0.679801  0.618426  0.692935  0.330248  0.427139  0.329721  0.361786  0.515002  0.401594  0.391891  0.314851  0.316739  0.515148  0.567293  0.401218  0.432752  0.216391  0.371567  0.452736  0.180267  0.615586  0.224810 
25  0.673069  0.709254  0.633140  0.627595  0.487697  0.396982  0.501456  0.538231  0.654519  0.388891  0.483688  0.290871  0.548432  0.341663  0.515675  0.441195  0.753766  0.391970  0.635675  0.512450  0.673449  0.278334  0.577830  0.646694  0.337431 0.0  0.855937  0.496523  0.344719  0.645853  0.514576  0.554481  0.735937  0.337590  0.420245  0.399271  0.309892  0.342566  0.711308  0.637943  0.657769  0.699492  0.341071  0.699866  0.657879  0.560201  0.497982  0.602518  0.612640  0.432994  0.573817  0.614260  0.623534  0.748080  0.347526  0.652988  0.546160  0.370684  0.630057  0.506267  0.623066  0.730294  0.392168  0.344815  0.359756  0.353734  0.638049  0.783199  0.594585  0.575140  0.395478  0.266949  0.383791  0.197762  0.539130  0.340361  0.314485  0.180675  0.184453  0.417576  0.450689  0.328201  0.314060  0.377073  0.371836  0.404938  0.324187  0.745829  0.372463 
26  0.731613  0.737517  0.744083  0.841077  0.727601  0.700544  0.706634  0.779316  0.715694  0.868867  0.899888  0.771216  0.847767  0.796365  0.755887  0.737944  0.177642  0.775017  0.803309  0.777763  0.772369  0.802207  0.720586  0.629395  0.848858  0.855937 0.0  0.682237  0.814597  0.760026  0.694751  0.739448  0.767083  0.729127  0.827918  0.778975  0.807400  0.711662  0.791740  0.792656  0.905664  0.759058  0.804696  0.716701  0.803625  0.693853  0.825976  0.679519  0.865299  0.694300  0.791244  0.789020  0.683797  0.226615  0.788244  0.667610  0.788032  0.855864  0.889932  0.731374  0.709418  0.710256  0.645945  0.722820  0.948279  0.867466  0.667032  0.733014  0.818897  0.776393  0.691002  0.858497  0.792556  0.649516  0.843421  0.623451  0.847830  0.758040  0.759576  0.695439  0.810941  0.720666  0.729577  0.827470  0.790262  0.826269  0.901057  0.784385  0.736498 
27  0.583985  0.627620  0.520574  0.561860  0.546402  0.253134  0.564617  0.833855  0.712667  0.476398  0.600396  0.479866  0.673135  0.438906  0.660879  0.248634  0.676925  0.365457  0.566981  0.482567  0.590610  0.438458  0.574973  0.789251  0.535833  0.496523  0.682237 0.0  0.467570  0.696153  0.631099  0.668569  0.677414  0.514428  0.209720  0.331569  0.443316  0.521606  0.819377  0.697114  0.700216  0.576264  0.502335  0.609408  0.797380  0.554300  0.550484  0.727306  0.599421  0.395778  0.663194  0.551400  0.771467  0.713567  0.485229  0.651618  0.555216  0.339350  0.683660  0.625720  0.602696  0.674367  0.263916  0.458598  0.394640  0.502468  0.676299  0.753663  0.521895  0.505369  0.463618  0.495418  0.562886  0.422182  0.552874  0.489286  0.517964  0.341186  0.470110  0.254845  0.211471  0.462734  0.503595  0.496208  0.567910  0.237401  0.452751  0.682409  0.431687 
28  0.759973  0.711707  0.613189  0.646177  0.566063  0.490768  0.551728  0.713453  0.731411  0.296055  0.550575  0.224036  0.643223  0.354472  0.571307  0.522225  0.776093  0.535055  0.614810  0.634885  0.526979  0.360576  0.715289  0.755349  0.339569  0.344719  0.814597  0.467570 0.0  0.769601  0.659804  0.604461  0.633062  0.348301  0.429046  0.433344  0.326344  0.347097  0.677100  0.647732  0.713225  0.534749  0.236787  0.729632  0.528017  0.705360  0.604241  0.697078  0.584037  0.472498  0.590991  0.720405  0.651031  0.796574  0.328067  0.608422  0.633014  0.479969  0.663248  0.711306  0.685644  0.647937  0.448479  0.303865  0.306185  0.358759  0.630657  0.660694  0.616724  0.631711  0.211540  0.228432  0.198159  0.399977  0.522936  0.243884  0.187374  0.294803  0.345465  0.535976  0.508637  0.279432  0.251549  0.317299  0.226027  0.557338  0.367380  0.647972  0.298548 
29  0.625402  0.268137  0.619688  0.586357  0.549486  0.595071  0.585433  0.553903  0.302931  0.824602  0.652858  0.671515  0.426261  0.770298  0.718104  0.720949  0.784606  0.677607  0.553808  0.576113  0.543753  0.699805  0.696360  0.650883  0.712192  0.645853  0.760026  0.696153  0.769601 0.0  0.565406  0.647091  0.622523  0.667603  0.730740  0.680514  0.786352  0.674946  0.595471  0.644796  0.566606  0.556532  0.646258  0.222337  0.547910  0.200306  0.560264  0.216018  0.527575  0.709183  0.580863  0.692705  0.614976  0.619048  0.649035  0.409695  0.586097  0.659764  0.553713  0.622289  0.639435  0.228306  0.706320  0.753624  0.728931  0.702738  0.523694  0.767726  0.561404  0.618541  0.826172  0.737918  0.613097  0.751813  0.468871  0.592951  0.720303  0.611362  0.648569  0.676635  0.569633  0.617145  0.732596  0.696037  0.711185  0.787030  0.709812  0.268597  0.820664 
30  0.441196  0.525160  0.519420  0.516852  0.557058  0.743562  0.486485  0.410952  0.615553  0.629773  0.584998  0.623351  0.574158  0.700731  0.405801  0.719088  0.720279  0.668795  0.461366  0.372433  0.583593  0.759800  0.564489  0.519130  0.624090  0.514576  0.694751  0.631099  0.659804  0.565406 0.0  0.502365  0.588521  0.708720  0.699901  0.619429  0.729892  0.625305  0.452440  0.574754  0.532544  0.559383  0.621709  0.614911  0.350168  0.519608  0.615192  0.544064  0.386044  0.743168  0.623025  0.363666  0.388519  0.728721  0.755687  0.529488  0.554180  0.552968  0.396493  0.460938  0.404733  0.627648  0.743067  0.643922  0.684450  0.640524  0.404383  0.374554  0.429308  0.500246  0.659909  0.565925  0.649897  0.668367  0.458204  0.672228  0.719603  0.489081  0.561486  0.646761  0.668757  0.552436  0.594898  0.721024  0.623339  0.625887  0.718159  0.620347  0.678214 
31  0.386405  0.617919  0.567701  0.371498  0.537364  0.562594  0.605232  0.459319  0.717965  0.713525  0.539422  0.655080  0.626278  0.716385  0.281559  0.631063  0.843243  0.632000  0.166445  0.356837  0.559851  0.638694  0.501980  0.193719  0.749599  0.554481  0.739448  0.668569  0.604461  0.647091  0.502365 0.0  0.555032  0.779550  0.558693  0.758014  0.597886  0.744924  0.157470  0.620608  0.551969  0.681608  0.643390  0.641244  0.458604  0.732475  0.529920  0.702889  0.416934  0.764433  0.544069  0.348653  0.445093  0.785840  0.663378  0.597666  0.548292  0.593745  0.377801  0.458865  0.232574  0.593781  0.603544  0.661508  0.702807  0.733647  0.500132  0.499632  0.493188  0.628773  0.724957  0.621156  0.729675  0.719318  0.397308  0.513560  0.685669  0.510885  0.651257  0.694550  0.573073  0.639171  0.654740  0.722122  0.806706  0.569942  0.706912  0.698966  0.789511 
32  0.539079  0.476754  0.569373  0.641071  0.666334  0.615699  0.524554  0.603509  0.676423  0.738857  0.660968  0.631778  0.533730  0.719732  0.632388  0.545055  0.695807  0.557293  0.540100  0.663016  0.530160  0.710208  0.532625  0.617967  0.635260  0.735937  0.767083  0.677414  0.633062  0.622523  0.588521  0.555032 0.0  0.620537  0.700029  0.632730  0.810328  0.531053  0.682795  0.312119  0.286564  0.153273  0.663341  0.557164  0.544507  0.608831  0.677398  0.568781  0.590282  0.632275  0.519979  0.508255  0.571589  0.801055  0.591807  0.632127  0.694043  0.457674  0.592320  0.595589  0.666570  0.541823  0.633432  0.662942  0.655307  0.675855  0.565753  0.563101  0.654579  0.598890  0.739975  0.569863  0.593213  0.626021  0.441210  0.556685  0.561266  0.508662  0.665993  0.647809  0.599204  0.528374  0.565925  0.679693  0.710284  0.701148  0.698286  0.520165  0.602579 
33  0.659571  0.642503  0.503417  0.560327  0.489091  0.518618  0.599300  0.656091  0.579592  0.376778  0.618560  0.309239  0.694685  0.435020  0.528656  0.547115  0.806996  0.514718  0.707040  0.553379  0.491099  0.443129  0.630820  0.728336  0.491872  0.337590  0.729127  0.514428  0.348301  0.667603  0.708720  0.779550  0.620537 0.0  0.471812  0.557079  0.411956  0.149635  0.700029  0.714519  0.652122  0.715561  0.330096  0.639884  0.661153  0.731150  0.677855  0.585979  0.604827  0.570179  0.561407  0.680054  0.731921  0.795438  0.411552  0.604146  0.589957  0.448950  0.565217  0.664046  0.577844  0.606806  0.537946  0.373813  0.349923  0.417547  0.438274  0.568958  0.576552  0.593177  0.352657  0.272815  0.352753  0.375241  0.502691  0.347355  0.287645  0.239776  0.462537  0.442251  0.511557  0.227241  0.301209  0.520531  0.333339  0.480149  0.449867  0.658211  0.408304 
34  0.745633  0.714667  0.702687  0.604955  0.547338  0.224522  0.654462  0.681034  0.815574  0.460300  0.586420  0.473039  0.682959  0.483555  0.595892  0.231821  0.786908  0.298237  0.477357  0.578053  0.474731  0.481004  0.551219  0.697619  0.544665  0.420245  0.827918  0.209720  0.429046  0.730740  0.699901  0.558693  0.700029  0.471812 0.0  0.278947  0.522504  0.450629  0.624941  0.774193  0.606474  0.585266  0.368329  0.620170  0.577294  0.697378  0.575871  0.776808  0.614995  0.359577  0.549086  0.669392  0.694065  0.742254  0.439719  0.628263  0.579595  0.308547  0.609012  0.584720  0.575555  0.691615  0.304879  0.523334  0.400449  0.446562  0.578551  0.618490  0.624257  0.578293  0.477215  0.421917  0.543017  0.481605  0.473260  0.449216  0.532175  0.346809  0.386796  0.310212  0.181579  0.488942  0.489452  0.458347  0.486054  0.189704  0.565120  0.703135  0.510346 
35  0.652063  0.771208  0.636937  0.758140  0.617239  0.277921  0.770197  0.790372  0.737179  0.488128  0.609171  0.374315  0.604612  0.478025  0.661334  0.308014  0.838866  0.258298  0.612043  0.416173  0.551525  0.408999  0.561618  0.598055  0.496218  0.399271  0.778975  0.331569  0.433344  0.680514  0.619429  0.758014  0.632730  0.557079  0.278947 0.0  0.494467  0.520264  0.697585  0.662913  0.769985  0.716710  0.400703  0.594775  0.632027  0.727995  0.621387  0.653970  0.669015  0.157867  0.627844  0.661579  0.747339  0.710774  0.430680  0.622244  0.591109  0.204970  0.592762  0.622994  0.561839  0.634318  0.249933  0.464121  0.476459  0.423285  0.683458  0.664694  0.713076  0.531126  0.419186  0.469199  0.529710  0.482839  0.528329  0.473683  0.469567  0.350365  0.374490  0.189585  0.295065  0.499575  0.566693  0.406038  0.455927  0.332288  0.461587  0.558995  0.528395 
36  0.801142  0.658017  0.601344  0.694377  0.612372  0.441742  0.642494  0.713428  0.681585  0.309736  0.508276  0.329444  0.635395  0.238478  0.678785  0.570587  0.835091  0.475684  0.765697  0.625004  0.558298  0.271212  0.619004  0.742537  0.203928  0.309892  0.807400  0.443316  0.326344  0.786352  0.729892  0.597886  0.810328  0.411956  0.522504  0.494467 0.0  0.405181  0.623592  0.778872  0.616460  0.708430  0.279144  0.692980  0.875429  0.700888  0.613694  0.657620  0.676369  0.460365  0.581680  0.689334  0.676217  0.736331  0.206199  0.531162  0.606694  0.493795  0.672924  0.681912  0.713727  0.676059  0.544023  0.182368  0.334957  0.169226  0.674277  0.679273  0.612673  0.637790  0.300122  0.387474  0.365075  0.362024  0.463453  0.434931  0.355760  0.323164  0.369437  0.422714  0.410614  0.457854  0.378827  0.192395  0.364638  0.501629  0.201300  0.605066  0.192851 
37  0.606015  0.696846  0.553490  0.598864  0.567296  0.504688  0.568828  0.590434  0.591957  0.350555  0.538810  0.277598  0.674884  0.410970  0.494806  0.450261  0.724628  0.558364  0.588331  0.565960  0.576336  0.397829  0.562334  0.614236  0.479774  0.342566  0.711662  0.521606  0.347097  0.674946  0.625305  0.744924  0.531053  0.149635  0.450629  0.520264  0.405181 0.0  0.772338  0.660515  0.646887  0.603361  0.300972  0.627393  0.669710  0.602237  0.569512  0.606888  0.589635  0.470918  0.513344  0.622699  0.565477  0.762162  0.437885  0.634755  0.499111  0.489089  0.561939  0.803409  0.586137  0.537161  0.527391  0.364890  0.379940  0.380662  0.562601  0.681536  0.526816  0.494806  0.312476  0.265342  0.342735  0.430091  0.453820  0.301324  0.287340  0.264349  0.415578  0.419423  0.560649  0.241128  0.271594  0.371806  0.330720  0.524328  0.453156  0.648815  0.381876 
38  0.401486  0.700406  0.431862  0.440809  0.454521  0.687814  0.695280  0.470567  0.581146  0.729050  0.559385  0.772707  0.529714  0.745843  0.273183  0.614149  0.726892  0.625600  0.157293  0.335495  0.435207  0.682751  0.494344  0.179691  0.653059  0.711308  0.791740  0.819377  0.677100  0.595471  0.452440  0.157470  0.682795  0.700029  0.624941  0.697585  0.623592  0.772338 0.0  0.657279  0.608488  0.651592  0.796690  0.594889  0.525534  0.645793  0.536817  0.551053  0.407338  0.648366  0.566176  0.319248  0.487351  0.735443  0.619640  0.605227  0.510133  0.667546  0.424611  0.437254  0.209260  0.717740  0.711977  0.716848  0.657830  0.708420  0.586861  0.445599  0.535682  0.556368  0.767311  0.712416  0.722625  0.681190  0.393800  0.638151  0.700463  0.543541  0.695031  0.608109  0.703545  0.743072  0.665879  0.740390  0.762094  0.634769  0.739639  0.680411  0.688316 
39  0.680602  0.656768  0.593171  0.620140  0.532427  0.533024  0.609010  0.577079  0.643813  0.642457  0.571186  0.628174  0.610521  0.800901  0.632046  0.684400  0.760250  0.655430  0.695351  0.672511  0.538892  0.650133  0.709399  0.685351  0.673913  0.637943  0.792656  0.697114  0.647732  0.644796  0.574754  0.620608  0.312119  0.714519  0.774193  0.662913  0.778872  0.660515  0.657279 0.0  0.327106  0.319053  0.777572  0.658375  0.520209  0.642299  0.673963  0.549645  0.633094  0.834590  0.571123  0.649598  0.624549  0.892748  0.760227  0.689744  0.593554  0.679763  0.569244  0.592884  0.713166  0.540140  0.653308  0.728409  0.727793  0.544441  0.698707  0.600516  0.690758  0.641468  0.745693  0.672880  0.597651  0.622820  0.479181  0.616288  0.735535  0.600614  0.729801  0.677906  0.680303  0.616990  0.640000  0.726397  0.724689  0.628710  0.581087  0.601884  0.712807 
40  0.637145  0.597820  0.607277  0.662035  0.553903  0.682849  0.696017  0.502193  0.436989  0.677300  0.565262  0.592843  0.507916  0.648800  0.554502  0.635425  0.692748  0.619759  0.735924  0.731901  0.539751  0.618684  0.597364  0.618418  0.581297  0.657769  0.905664  0.700216  0.713225  0.566606  0.532544  0.551969  0.286564  0.652122  0.606474  0.769985  0.616460  0.646887  0.608488  0.327106 0.0  0.300450  0.667165  0.512675  0.609842  0.534149  0.651876  0.621643  0.601377  0.779798  0.579090  0.585145  0.492528  0.676439  0.674696  0.518826  0.672645  0.682475  0.515663  0.595711  0.656099  0.634616  0.579848  0.667315  0.655823  0.612630  0.731217  0.532230  0.443564  0.675822  0.727250  0.599328  0.606385  0.612940  0.507428  0.675782  0.621698  0.755304  0.660013  0.687675  0.633504  0.626940  0.487850  0.788204  0.707632  0.688191  0.616027  0.534137  0.714573 
41  0.516567  0.493709  0.590846  0.520261  0.630400  0.717438  0.580149  0.437087  0.546369  0.756513  0.562010  0.527075  0.560268  0.790693  0.603188  0.613963  0.863869  0.643232  0.682616  0.609029  0.508044  0.749041  0.631955  0.571191  0.683776  0.699492  0.759058  0.576264  0.534749  0.556532  0.559383  0.681608  0.153273  0.715561  0.585266  0.716710  0.708430  0.603361  0.651592  0.319053  0.300450 0.0  0.692109  0.532999  0.495421  0.530258  0.614131  0.580808  0.621929  0.723080  0.593728  0.626912  0.626444  0.639399  0.607095  0.515314  0.653785  0.697961  0.573840  0.514694  0.649163  0.596456  0.553333  0.811061  0.636581  0.672867  0.580554  0.482872  0.504081  0.659153  0.677648  0.652986  0.719183  0.693511  0.446704  0.577146  0.591668  0.519401  0.655609  0.611117  0.657738  0.493648  0.659141  0.614073  0.701746  0.554339  0.698627  0.577053  0.644384 
42  0.704341  0.727709  0.607884  0.668312  0.637130  0.513847  0.792960  0.951305  0.746758  0.174156  0.645998  0.279652  0.694269  0.364898  0.575349  0.488620  0.990230  0.447004  0.623158  0.570329  0.543940  0.346184  0.526766  0.588275  0.429277  0.341071  0.804696  0.502335  0.236787  0.646258  0.621709  0.643390  0.663341  0.330096  0.368329  0.400703  0.279144  0.300972  0.796690  0.777572  0.667165  0.692109 0.0  0.639401  0.677865  0.735156  0.617957  0.587620  0.703384  0.443563  0.602870  0.686246  0.732835  0.811346  0.352563  0.758158  0.512362  0.572524  0.655878  0.635445  0.639338  0.687933  0.542258  0.336201  0.163537  0.290645  0.628925  0.688918  0.503286  0.627158  0.289720  0.270202  0.221728  0.423812  0.522783  0.286617  0.243722  0.276226  0.307624  0.381630  0.433046  0.296342  0.315005  0.352466  0.263985  0.437934  0.360918  0.720873  0.329742 
43  0.696571  0.222414  0.575245  0.559864  0.525072  0.726389  0.520166  0.576359  0.308064  0.802803  0.626497  0.668925  0.462540  0.600143  0.716444  0.708520  0.813706  0.752669  0.596645  0.599612  0.594639  0.695002  0.613708  0.724943  0.681022  0.699866  0.716701  0.609408  0.729632  0.222337  0.614911  0.641244  0.557164  0.639884  0.620170  0.594775  0.692980  0.627393  0.594889  0.658375  0.512675  0.532999  0.639401 0.0  0.607417  0.152475  0.688216  0.192828  0.659767  0.617328  0.493604  0.590544  0.588674  0.594504  0.736975  0.392126  0.608487  0.647605  0.761034  0.562577  0.650696  0.258982  0.764287  0.712731  0.927412  0.762571  0.613301  0.629272  0.441322  0.500566  0.677178  0.591800  0.836308  0.555345  0.376508  0.625850  0.786943  0.537950  0.667258  0.667910  0.711217  0.668565  0.634720  0.821105  0.720378  0.661225  0.616600  0.294094  0.719412 
44  0.240182  0.576548  0.505655  0.312489  0.566921  0.691303  0.613343  0.115698  0.661872  0.880456  0.585831  0.639945  0.647550  0.654655  0.355746  0.679760  0.802592  0.705192  0.469859  0.394789  0.575007  0.700498  0.588571  0.520346  0.801309  0.657879  0.803625  0.797380  0.528017  0.547910  0.350168  0.458604  0.544507  0.661153  0.577294  0.632027  0.875429  0.669710  0.525534  0.520209  0.609842  0.495421  0.677865  0.607417 0.0  0.544255  0.558514  0.528507  0.365986  0.706537  0.584531  0.321555  0.116493  0.838346  0.738808  0.593928  0.645382  0.645031  0.345382  0.272269  0.455001  0.529773  0.613567  0.792913  0.853014  0.719506  0.598941  0.256114  0.527074  0.629393  0.645968  0.486906  0.723371  0.673838  0.488015  0.704654  0.672857  0.619978  0.699048  0.622880  0.720072  0.568731  0.656061  0.713772  0.750869  0.667985  0.796599  0.705155  0.707049 
