89
0 0.0  0.572015  0.539476  0.304333  0.562976  0.603616  0.576004  0.230879  0.695397  0.703523  0.535866  0.780757  0.728357  0.715061  0.450837  0.630711  0.760862  0.634953  0.406443  0.390004  0.552431  0.698623  0.547049  0.435653  0.752056  0.581506  0.791307  0.564235  0.728289  0.600464  0.429312  0.482127  0.502409  0.618261  0.729965  0.606874  0.747549  0.578941  0.468387  0.633491  0.657113  0.548358  0.547091  0.634494  0.260713  0.476478  0.596385  0.636831  0.304871  0.730791  0.501560  0.329433  0.250470  0.764314  0.709537  0.601522  0.498138  0.651521  0.272148  0.174072  0.485024  0.639847  0.645441  0.700003  0.706500  0.831516  0.480110  0.298098  0.555454  0.688618  0.630960  0.676526  0.659289  0.647827  0.386857  0.589794  0.653518  0.574427  0.683946  0.631213  0.727120  0.589626  0.561906  0.613094  0.830862  0.777164  0.734702  0.664013  0.669850 
1  0.572015 0.0  0.516024  0.562809  0.574104  0.729525  0.486001  0.634351  0.244721  0.645944  0.613817  0.558054  0.382145  0.707312  0.581603  0.760403  0.753897  0.694912  0.711356  0.516595  0.495473  0.744603  0.611291  0.716568  0.681064  0.574222  0.725817  0.690119  0.905264  0.270966  0.505658  0.762662  0.495625  0.629472  0.683576  0.691594  0.704110  0.573204  0.738851  0.546164  0.611953  0.513004  0.666297  0.199391  0.473781  0.261342  0.627421  0.234921  0.691835  0.636922  0.613803  0.677129  0.653497  0.777732  0.821701  0.357649  0.654075  0.715292  0.476388  0.542660  0.585077  0.307320  0.642448  0.687950  0.857599  0.795321  0.505639  0.567390  0.459337  0.588559  0.755162  0.585273  0.636235  0.662836  0.457829  0.634422  0.767491  0.625035  0.707247  0.713005  0.668292  0.638151  0.590833  0.666190  0.629388  0.685174  0.633222  0.283689  0.748361 
2  0.539476  0.516024 0.0  0.557173  0.321672  0.692546  0.616820  0.541579  0.560109  0.723382  0.354909  0.637760  0.622268  0.634564  0.536738  0.608507  0.732362  0.585164  0.517274  0.632597  0.333879  0.634040  0.366111  0.625276  0.500181  0.542868  0.633026  0.570055  0.589837  0.523613  0.536044  0.533035  0.622177  0.507123  0.622484  0.697210  0.630600  0.513041  0.519048  0.583914  0.540812  0.487548  0.649741  0.602602  0.575635  0.586444  0.430006  0.549910  0.603628  0.597776  0.298403  0.544945  0.562775  0.715966  0.545957  0.567706  0.416407  0.617601  0.553486  0.525548  0.572819  0.491447  0.752279  0.670480  0.744019  0.576968  0.450523  0.525086  0.221607  0.523276  0.613514  0.601678  0.722982  0.649412  0.346071  0.548066  0.710504  0.535899  0.592013  0.656187  0.584452  0.504423  0.576256  0.694678  0.598120  0.561482  0.621833  0.500320  0.627339 
3  0.304333  0.562809  0.557173 0.0  0.544625  0.606117  0.537367  0.316115  0.635822  0.718668  0.546708  0.576771  0.683666  0.698793  0.383457  0.652559  0.840352  0.687696  0.444801  0.340510  0.493354  0.625759  0.621044  0.424515  0.624741  0.647270  0.664935  0.595629  0.744071  0.583279  0.436774  0.394974  0.584282  0.648792  0.531316  0.540994  0.684098  0.559609  0.394171  0.580742  0.660364  0.588021  0.584060  0.623327  0.328327  0.689055  0.527832  0.646702  0.199745  0.624232  0.570219  0.320919  0.346028  0.723573  0.594601  0.625759  0.521319  0.658448  0.299522  0.288807  0.407607  0.618412  0.649285  0.655675  0.827468  0.756825  0.483008  0.294705  0.627835  0.512916  0.622156  0.576765  0.652113  0.622055  0.407320  0.558325  0.643549  0.497607  0.629638  0.693325  0.702137  0.548914  0.554137  0.654210  0.623182  0.582763  0.608160  0.615187  0.577224 
4  0.562976  0.574104  0.321672  0.544625 0.0  0.444652  0.531281  0.452436  0.595723  0.623558  0.203548  0.561608  0.497367  0.725016  0.554230  0.541829  0.678749  0.512869  0.595836  0.601224  0.267703  0.592167  0.180572  0.436388  0.630198  0.477957  0.848516  0.574402  0.539540  0.604627  0.547648  0.508194  0.692392  0.541638  0.550570  0.628692  0.764096  0.505083  0.506871  0.593283  0.607973  0.583255  0.575616  0.520921  0.556512  0.658347  0.300978  0.573460  0.480141  0.545938  0.334485  0.530939  0.532821  0.573708  0.538943  0.589300  0.182844  0.533368  0.552967  0.415488  0.510276  0.615876  0.596584  0.637167  0.569782  0.605967  0.516616  0.388146  0.320601  0.550538  0.628339  0.532364  0.492328  0.543027  0.439880  0.558353  0.581879  0.560002  0.653932  0.490912  0.669559  0.523923  0.460103  0.558399  0.598020  0.575597  0.633384  0.572146  0.631329 
5  0.603616  0.729525  0.692546  0.606117  0.444652 0.0  0.693559  0.711863  0.670824  0.529989  0.560101  0.435140  0.608575  0.509664  0.490403  0.194696  0.766322  0.300323  0.588229  0.496012  0.485271  0.456109  0.512303  0.524464  0.475624  0.550580  0.891328  0.290013  0.456430  0.629650  0.682657  0.547205  0.586377  0.538815  0.202815  0.273183  0.357851  0.533594  0.590653  0.601675  0.680079  0.608381  0.421480  0.672080  0.688109  0.777912  0.537833  0.644540  0.635060  0.357520  0.593386  0.503052  0.687575  0.827252  0.416507  0.568176  0.502680  0.331199  0.578093  0.541655  0.529315  0.662429  0.356541  0.585155  0.482296  0.462459  0.523326  0.622273  0.618385  0.639443  0.480525  0.398607  0.463899  0.469781  0.407511  0.460399  0.516021  0.356252  0.440902  0.229145  0.244785  0.465146  0.472615  0.466408  0.555747  0.307114  0.533261  0.682256  0.479970 
6  0.576004  0.486001  0.616820  0.537367  0.531281  0.693559 0.0  0.524523  0.612193  0.625091  0.504075  0.544979  0.573137  0.598250  0.546847  0.536875  0.638795  0.670496  0.665104  0.559060  0.582980  0.755659  0.598141  0.680251  0.734504  0.615398  0.699427  0.664554  0.523207  0.628741  0.504983  0.631465  0.596212  0.640317  0.601625  0.651368  0.651340  0.561863  0.537323  0.612944  0.544864  0.579933  0.626869  0.587079  0.517957  0.460355  0.504440  0.479306  0.652837  0.662604  0.609597  0.703908  0.553351  0.612945  0.671928  0.504364  0.607307  0.675965  0.601685  0.537465  0.709593  0.568097  0.705736  0.622104  0.693965  0.712657  0.380770  0.527275  0.489427  0.399933  0.502538  0.607586  0.654768  0.566151  0.498603  0.618203  0.716137  0.575553  0.615396  0.626401  0.657785  0.605548  0.544935  0.690453  0.651810  0.616852  0.689262  0.458955  0.549824 
7  0.230879  0.634351  0.541579  0.316115  0.452436  0.711863  0.524523 0.0  0.657285  0.785927  0.493464  0.764080  0.695895  0.700827  0.493987  0.706323  0.680167  0.669091  0.443108  0.383717  0.489467  0.653563  0.551507  0.444553  0.723241  0.570693  0.841995  0.724096  0.623243  0.560663  0.441314  0.466415  0.561852  0.642581  0.690400  0.768805  0.730352  0.722171  0.480230  0.525299  0.518200  0.564309  0.658356  0.653248  0.116424  0.556602  0.579203  0.626732  0.335104  0.684227  0.559502  0.330377  0.125167  0.822374  0.697685  0.629526  0.624402  0.636145  0.339386  0.301264  0.534549  0.588345  0.681236  0.627387  0.717534  0.747046  0.608533  0.256545  0.571836  0.621989  0.669639  0.576887  0.727241  0.701325  0.412297  0.620754  0.687653  0.570581  0.698166  0.712398  0.636357  0.616413  0.623739  0.648110  0.759629  0.783185  0.786429  0.593369  0.728138 
8  0.695397  0.244721  0.560109  0.635822  0.595723  0.670824  0.612193  0.657285 0.0  0.816599  0.650324  0.580674  0.373087  0.686843  0.643563  0.772640  0.647222  0.633349  0.681482  0.552436  0.595716  0.812232  0.530436  0.677412  0.672371  0.559103  0.775895  0.765242  0.703618  0.304748  0.532689  0.612734  0.556859  0.585141  0.646782  0.629929  0.641116  0.633226  0.667627  0.596412  0.616742  0.527207  0.763428  0.322052  0.617498  0.343760  0.579593  0.334354  0.545844  0.659124  0.489976  0.618351  0.655964  0.701608  0.625152  0.425425  0.599592  0.623938  0.603972  0.663129  0.530121  0.302843  0.632305  0.684556  0.792389  0.637778  0.592255  0.652157  0.654564  0.517173  0.666979  0.518679  0.699315  0.730135  0.417179  0.746788  0.601275  0.586922  0.589786  0.542769  0.638002  0.691862  0.668284  0.682072  0.788692  0.679392  0.813000  0.343578  0.848170 
9  0.703523  0.645944  0.723382  0.718668  0.623558  0.529989  0.625091  0.785927  0.816599 0.0  0.592300  0.251000  0.759369  0.386520  0.692058  0.546571  0.797098  0.526033  0.520205  0.527483  0.571635  0.385618  0.541864  0.839794  0.360641  0.400133  0.757045  0.457879  0.280271  0.758812  0.616529  0.671296  0.671639  0.390366  0.483029  0.508598  0.314845  0.388123  0.531104  0.763561  0.688597  0.842291  0.208297  0.672567  0.751582  0.749814  0.641974  0.612460  0.712657  0.447055  0.531715  0.728157  0.762236  0.785870  0.369556  0.715674  0.554755  0.538414  0.745480  0.685702  0.732131  0.816525  0.564693  0.320618  0.185507  0.355712  0.666108  0.696128  0.607393  0.691771  0.290439  0.357865  0.258022  0.378693  0.543743  0.304758  0.273463  0.308766  0.366371  0.474886  0.431556  0.373822  0.272851  0.323636  0.297490  0.437232  0.346526  0.793058  0.355737 
10  0.535866  0.613817  0.354909  0.546708  0.203548  0.560101  0.504075  0.493464  0.650324  0.592300 0.0  0.616876  0.613888  0.615933  0.547689  0.513742  0.770729  0.567873  0.520778  0.588186  0.363018  0.588762  0.212840  0.564839  0.522666  0.552323  0.764704  0.589670  0.637329  0.540991  0.598670  0.552421  0.587018  0.611949  0.546572  0.599736  0.738786  0.499098  0.577761  0.643539  0.649026  0.601208  0.568028  0.590239  0.583845  0.554370  0.368940  0.512006  0.507289  0.533983  0.332706  0.567375  0.549715  0.715460  0.576020  0.502002  0.217462  0.510223  0.598411  0.525490  0.504482  0.557236  0.483629  0.546661  0.701264  0.649680  0.590677  0.494992  0.364130  0.587524  0.660355  0.551090  0.647837  0.478046  0.425080  0.550845  0.548651  0.511494  0.554617  0.488288  0.637878  0.637535  0.465394  0.685607  0.665239  0.521474  0.641271  0.575297  0.656048 
11  0.780757  0.558054  0.637760  0.576771  0.561608  0.435140  0.544979  0.764080  0.580674  0.251000  0.616876 0.0  0.646305  0.335525  0.627507  0.516569  0.819371  0.501577  0.534909  0.554732  0.515812  0.328253  0.570617  0.649836  0.330218  0.277349  0.722898  0.449122  0.230077  0.713302  0.710685  0.576866  0.586272  0.282242  0.479594  0.499184  0.343150  0.307447  0.698838  0.628679  0.739953  0.580797  0.257326  0.756774  0.588813  0.621669  0.556035  0.589724  0.632707  0.424870  0.526607  0.792692  0.614029  0.799490  0.386919  0.673598  0.590753  0.387868  0.631246  0.644495  0.692677  0.615820  0.440016  0.339984  0.323173  0.369848  0.643321  0.590245  0.579172  0.582992  0.248344  0.159755  0.239519  0.362671  0.538862  0.222973  0.179327  0.210788  0.366435  0.431213  0.474671  0.233611  0.250891  0.407927  0.238811  0.440480  0.352357  0.738071  0.338292 
12  0.728357  0.382145  0.622268  0.683666  0.497367  0.608575  0.573137  0.695895  0.373087  0.759369  0.613888  0.646305 0.0  0.706262  0.669482  0.620136  0.570033  0.689679  0.577395  0.555912  0.618454  0.676094  0.479617  0.629277  0.696716  0.678457  0.826615  0.543606  0.749569  0.453832  0.669757  0.703430  0.583988  0.627410  0.651141  0.603878  0.656711  0.687641  0.673871  0.674570  0.574514  0.578069  0.581807  0.488162  0.615996  0.449481  0.646999  0.430550  0.642593  0.721303  0.512914  0.673418  0.617694  0.689439  0.780455  0.296847  0.596266  0.672234  0.517320  0.609408  0.584735  0.464103  0.831748  0.608638  0.708637  0.738721  0.544501  0.571575  0.492148  0.579246  0.759405  0.657896  0.663091  0.721305  0.482268  0.621263  0.833237  0.588636  0.718193  0.673774  0.678430  0.595912  0.674180  0.582479  0.607575  0.627328  0.669404  0.478191  0.668703 
13  0.715061  0.707312  0.634564  0.698793  0.725016  0.509664  0.598250  0.700827  0.686843  0.386520  0.615933  0.335525  0.706262 0.0  0.752662  0.475264  0.761102  0.389582  0.733362  0.579642  0.625902  0.198254  0.622892  0.604613  0.262771  0.400944  0.736894  0.440031  0.375764  0.844296  0.639240  0.647962  0.716199  0.500277  0.479882  0.358000  0.239722  0.406436  0.773394  0.822113  0.798243  0.675758  0.385950  0.684282  0.835252  0.635113  0.603984  0.657724  0.643356  0.491813  0.703964  0.707041  0.701850  0.968403  0.245724  0.693825  0.642035  0.551306  0.795360  0.744823  0.669583  0.569839  0.490964  0.257453  0.411581  0.251388  0.716984  0.692111  0.613967  0.553074  0.266303  0.411295  0.381487  0.332425  0.578082  0.351523  0.325451  0.290273  0.314854  0.481998  0.436301  0.456423  0.406225  0.270154  0.401889  0.506820  0.261579  0.665572  0.303618 
14  0.450837  0.581603  0.536738  0.383457  0.554230  0.490403  0.546847  0.493987  0.643563  0.692058  0.547689  0.627507  0.669482  0.752662 0.0  0.764089  0.746662  0.680344  0.365332  0.341407  0.433985  0.677902  0.500583  0.310582  0.697711  0.552794  0.742931  0.691750  0.657255  0.646755  0.457137  0.285782  0.593118  0.655471  0.638758  0.664132  0.733787  0.676454  0.300062  0.577612  0.743215  0.665756  0.638234  0.553804  0.455271  0.602839  0.539485  0.654629  0.339652  0.513288  0.465562  0.435076  0.468333  0.701856  0.653581  0.547720  0.559822  0.619651  0.374363  0.426429  0.206870  0.609657  0.580406  0.697690  0.645580  0.693462  0.526253  0.478371  0.534748  0.607958  0.663091  0.555035  0.752233  0.660740  0.411332  0.665419  0.610772  0.524118  0.640492  0.625641  0.581544  0.595349  0.696055  0.617918  0.689671  0.596541  0.789638  0.622005  0.711966 
15  0.630711  0.760403  0.608507  0.652559  0.541829  0.194696  0.536875  0.706323  0.772640  0.546571  0.513742  0.516569  0.620136  0.475264  0.764089 0.0  0.761989  0.326199  0.626700  0.524066  0.555176  0.453226  0.561155  0.731856  0.569149  0.438246  0.753860  0.286892  0.436946  0.557921  0.624684  0.597316  0.522154  0.524759  0.223572  0.331242  0.455453  0.595076  0.522866  0.756892  0.666727  0.641682  0.427879  0.796408  0.756060  0.689721  0.520663  0.603756  0.635251  0.366631  0.586622  0.641949  0.702248  0.819366  0.450057  0.698665  0.549602  0.334893  0.663463  0.633394  0.666164  0.702206  0.375193  0.487881  0.549527  0.532162  0.681953  0.652831  0.620791  0.664647  0.456832  0.376791  0.542029  0.491026  0.484830  0.416635  0.507175  0.370404  0.486897  0.313370  0.221947  0.495555  0.508304  0.446987  0.479889  0.263739  0.534430  0.727116  0.440767 
16  0.760862  0.753897  0.732362  0.840352  0.678749  0.766322  0.638795  0.680167  0.647222  0.797098  0.770729  0.819371  0.570033  0.761102  0.746662  0.761989 0.0  0.803017  0.893833  0.703082  0.722274  0.776395  0.654825  0.739090  0.716065  0.742165  0.178384  0.680776  0.746416  0.676629  0.641067  0.787769  0.817604  0.738549  0.781491  0.751301  0.724727  0.789890  0.806212  0.692898  0.865635  0.700419  0.907020  0.809060  0.813372  0.778986  0.803935  0.650229  0.830512  0.781117  0.699532  0.901172  0.803569  0.200476  0.854556  0.658055  0.730724  0.824547  0.654500  0.833484  0.815602  0.855011  0.753604  0.740002  0.826243  0.819642  0.790676  0.812129  0.783896  0.625787  0.732726  0.796535  0.728229  0.763804  0.817248  0.708245  0.937562  0.781425  0.827275  0.887671  0.809652  0.712771  0.723944  0.910543  0.884082  0.740062  0.753491  0.612465  0.709195 
17  0.634953  0.694912  0.585164  0.687696  0.512869  0.300323  0.670496  0.669091  0.633349  0.526033  0.567873  0.501577  0.689679  0.389582  0.680344  0.326199  0.803017 0.0  0.554200  0.593924  0.551477  0.412732  0.544887  0.557827  0.492378  0.450715  0.909353  0.350654  0.501300  0.672144  0.620490  0.641492  0.669743  0.552818  0.314222  0.239122  0.403818  0.531249  0.652486  0.681428  0.614568  0.675384  0.529483  0.689192  0.739096  0.666899  0.600763  0.722173  0.578191  0.290650  0.662811  0.686366  0.637629  0.792792  0.488812  0.660783  0.482134  0.255892  0.540480  0.619483  0.616831  0.633670  0.261323  0.421989  0.496388  0.472889  0.487066  0.637724  0.573613  0.618624  0.453171  0.464775  0.498284  0.445857  0.492868  0.476784  0.559130  0.370093  0.421291  0.248880  0.323442  0.454990  0.509304  0.430244  0.493454  0.356197  0.494607  0.696045  0.590370 
18  0.406443  0.711356  0.517274  0.444801  0.595836  0.588229  0.665104  0.443108  0.681482  0.520205  0.520778  0.534909  0.577395  0.733362  0.365332  0.626700  0.893833  0.554200 0.0  0.353813  0.493405  0.652518  0.498240  0.160270  0.734391  0.706841  0.921672  0.543530  0.709641  0.631379  0.434873  0.180011  0.705472  0.671434  0.629075  0.664647  0.617162  0.624088  0.174006  0.673979  0.593959  0.593137  0.608579  0.630377  0.484475  0.658010  0.507769  0.615290  0.436170  0.532649  0.585181  0.403838  0.562445  0.797378  0.636419  0.784965  0.537939  0.665678  0.447402  0.480441  0.254092  0.545350  0.527557  0.704253  0.604574  0.708156  0.513172  0.406260  0.621055  0.646398  0.653051  0.627505  0.612460  0.698887  0.385760  0.615801  0.590274  0.587151  0.650467  0.700766  0.738830  0.596763  0.661778  0.615363  0.673380  0.524669  0.663514  0.603588  0.636203 
19  0.390004  0.516595  0.632597  0.340510  0.601224  0.496012  0.559060  0.383717  0.552436  0.527483  0.588186  0.554732  0.555912  0.579642  0.341407  0.524066  0.703082  0.593924  0.353813 0.0  0.666398  0.488713  0.594321  0.296569  0.519514  0.517878  0.624558  0.435204  0.654672  0.607527  0.451445  0.321231  0.633225  0.654122  0.547078  0.483782  0.629026  0.564048  0.322546  0.664969  0.685310  0.668957  0.551301  0.639291  0.426067  0.564476  0.588596  0.585884  0.293863  0.449326  0.540820  0.380466  0.381995  0.732380  0.622319  0.546018  0.482798  0.475430  0.331066  0.359147  0.331864  0.556964  0.477400  0.652476  0.535663  0.593065  0.555009  0.405144  0.513152  0.517493  0.519194  0.525035  0.593315  0.585885  0.509422  0.565354  0.597220  0.491818  0.617310  0.500271  0.616988  0.488317  0.561519  0.572749  0.576031  0.518696  0.625704  0.757195  0.556561 
20  0.552431  0.495473  0.333879  0.493354  0.267703  0.485271  0.582980  0.489467  0.595716  0.571635  0.363018  0.515812  0.618454  0.625902  0.433985  0.555176  0.722274  0.551477  0.493405  0.666398 0.0  0.549643  0.311660  0.561586  0.628266  0.641124  0.749472  0.581263  0.494746  0.580737  0.603258  0.465076  0.707509  0.531011  0.601468  0.607975  0.654572  0.580045  0.537311  0.567297  0.549999  0.720892  0.575834  0.619825  0.643704  0.675715  0.349543  0.559353  0.595195  0.604399  0.354598  0.486912  0.518037  0.681949  0.622947  0.565455  0.301524  0.522752  0.539627  0.490354  0.491525  0.595565  0.521611  0.669038  0.614700  0.588088  0.520702  0.575935  0.303311  0.570242  0.693298  0.531187  0.533794  0.558012  0.419048  0.620756  0.518926  0.570224  0.577733  0.699758  0.628309  0.537189  0.596603  0.744329  0.667622  0.609620  0.605364  0.579884  0.697338 
21  0.698623  0.744603  0.634040  0.625759  0.592167  0.456109  0.755659  0.653563  0.812232  0.385618  0.588762  0.328253  0.676094  0.198254  0.677902  0.453226  0.776395  0.412732  0.652518  0.488713  0.549643 0.0  0.620365  0.726717  0.301911  0.278783  0.939332  0.456374  0.370918  0.736361  0.673789  0.729999  0.569704  0.453181  0.453041  0.374863  0.240330  0.411584  0.655043  0.723280  0.691301  0.729226  0.371592  0.824081  0.701585  0.754613  0.574428  0.723436  0.618695  0.319663  0.553565  0.551122  0.767140  0.792930  0.243280  0.616649  0.543462  0.458271  0.784457  0.705936  0.577712  0.650330  0.488155  0.276581  0.333542  0.238850  0.580835  0.753258  0.675156  0.658706  0.305633  0.325466  0.350289  0.372325  0.538882  0.380246  0.344367  0.255205  0.392793  0.482771  0.495673  0.312176  0.430522  0.290341  0.319564  0.376404  0.273237  0.675750  0.251202 
22  0.547049  0.611291  0.366111  0.621044  0.180572  0.512303  0.598141  0.551507  0.530436  0.541864  0.212840  0.570617  0.479617  0.622892  0.500583  0.561155  0.654825  0.544887  0.498240  0.594321  0.311660  0.620365 0.0  0.443960  0.693842  0.535527  0.837367  0.528495  0.533104  0.582479  0.592166  0.401614  0.643172  0.556966  0.612043  0.547863  0.514642  0.559859  0.449682  0.581969  0.680895  0.646834  0.677212  0.562130  0.588258  0.580047  0.415150  0.549623  0.576912  0.630431  0.341364  0.432295  0.595779  0.703240  0.582895  0.573797  0.157733  0.594472  0.583192  0.503343  0.463535  0.572670  0.686566  0.580268  0.573913  0.617914  0.573962  0.654241  0.367458  0.603071  0.576429  0.552676  0.569986  0.538264  0.403066  0.577456  0.612491  0.512152  0.691144  0.591867  0.575034  0.547768  0.451727  0.541883  0.620347  0.591973  0.553600  0.681206  0.642619 
23  0.435653  0.716568  0.625276  0.424515  0.436388  0.524464  0.680251  0.444553  0.677412  0.839794  0.564839  0.649836  0.629277  0.604613  0.310582  0.731856  0.739090  0.557827  0.160270  0.296569  0.561586  0.726717  0.443960 0.0  0.740363  0.677038  0.875792  0.609227  0.706556  0.660856  0.451235  0.179193  0.609658  0.634576  0.596354  0.710407  0.682993  0.586082  0.203443  0.705777  0.765495  0.659226  0.689003  0.625095  0.518060  0.698723  0.593059  0.558342  0.333035  0.641864  0.467014  0.357381  0.475416  0.776537  0.651323  0.702218  0.501882  0.612593  0.376284  0.413199  0.239192  0.629358  0.680732  0.723516  0.641042  0.820292  0.610871  0.442542  0.525004  0.579526  0.771871  0.625191  0.656786  0.659407  0.430151  0.589222  0.719724  0.518563  0.691339  0.699715  0.721659  0.646948  0.581980  0.618432  0.574872  0.704402  0.757763  0.756256  0.710819 
24  0.752056  0.681064  0.500181  0.624741  0.630198  0.475624  0.734504  0.723241  0.672371  0.360641  0.522666  0.330218  0.696716  0.262771  0.697711  0.569149  0.716065  0.492378  0.734391  0.519514  0.628266  0.301911  0.693842  0.740363 0.0  0.404723  0.809100  0.535700  0.298980  0.720176  0.795304  0.634528  0.683577  0.448725  0.452790  0.486468  0.197841  0.422215  0.689474  0.756790  0.603572  0.694213  0.316002  0.656594  0.805067  0.666578  0.634257  0.674632  0.567873  0.516381  0.633568  0.662318  0.674415  0.908588  0.244377  0.750659  0.733455  0.484883  0.778570  0.635602  0.739905  0.691313  0.533251  0.183984  0.371256  0.228019  0.684786  0.762854  0.587370  0.589927  0.320390  0.336540  0.352221  0.347495  0.542151  0.381648  0.395684  0.286592  0.325273  0.497176  0.526822  0.371502  0.378607  0.210151  0.356141  0.497022  0.181367  0.783036  0.235417 
25  0.581506  0.574222  0.542868  0.647270  0.477957  0.550580  0.615398  0.570693  0.559103  0.400133  0.552323  0.277349  0.678457  0.400944  0.552794  0.438246  0.742165  0.450715  0.706841  0.517878  0.641124  0.278783  0.535527  0.677038  0.404723 0.0  0.711693  0.482534  0.377487  0.622421  0.638583  0.593643  0.498408  0.404603  0.434309  0.372966  0.373551  0.367356  0.798238  0.661989  0.581526  0.580869  0.348434  0.695305  0.655733  0.685267  0.470518  0.621056  0.672097  0.355600  0.658746  0.689480  0.716563  0.841006  0.351540  0.592891  0.601677  0.349788  0.659376  0.640120  0.656765  0.718807  0.424409  0.350088  0.347721  0.368361  0.587741  0.633849  0.488393  0.583930  0.390172  0.333975  0.367909  0.187586  0.493612  0.343180  0.361010  0.199252  0.177974  0.386794  0.437959  0.333423  0.345673  0.391958  0.341864  0.415192  0.395644  0.695187  0.346760 
26  0.791307  0.725817  0.633026  0.664935  0.848516  0.891328  0.699427  0.841995  0.775895  0.757045  0.764704  0.722898  0.826615  0.736894  0.742931  0.753860  0.178384  0.909353  0.921672  0.624558  0.749472  0.939332  0.837367  0.875792  0.809100  0.711693 0.0  0.719848  0.746489  0.712368  0.781138  0.837360  0.771963  0.665606  0.786834  0.728678  0.758105  0.718001  0.739091  0.703046  0.682007  0.739048  0.884128  0.637349  0.833508  0.649940  0.912298  0.804362  0.681519  0.867462  0.869085  0.658124  0.724959  0.222072  0.770941  0.767462  0.849649  0.814184  0.657185  0.590865  0.826923  0.638717  0.859812  0.827362  0.804796  0.913000  0.730461  0.621002  0.672905  0.651787  0.769581  0.817106  0.795425  0.748356  0.736950  0.924542  0.702318  0.728833  0.871186  0.741628  0.848496  0.808058  0.710916  0.847295  0.922206  0.705000  0.954739  0.618150  0.893969 
27  0.564235  0.690119  0.570055  0.595629  0.574402  0.290013  0.664554  0.724096  0.765242  0.457879  0.589670  0.449122  0.543606  0.440031  0.691750  0.286892  0.680776  0.350654  0.543530  0.435204  0.581263  0.456374  0.528495  0.609227  0.535700  0.482534  0.719848 0.0  0.620931  0.651355  0.732763  0.690244  0.695163  0.536502  0.223307  0.345571  0.398395  0.523860  0.760989  0.705128  0.652387  0.664033  0.429419  0.687602  0.705040  0.648192  0.572479  0.666980  0.660535  0.417119  0.574250  0.634114  0.723877  0.653962  0.449511  0.598428  0.593528  0.365662  0.591577  0.718453  0.676515  0.681263  0.339367  0.540531  0.478322  0.495533  0.578863  0.675601  0.633504  0.647409  0.513628  0.445984  0.484479  0.422932  0.445246  0.513793  0.477183  0.372685  0.495526  0.297777  0.178020  0.470276  0.435282  0.570725  0.512689  0.239735  0.510683  0.712477  0.535545 
28  0.728289  0.905264  0.589837  0.744071  0.539540  0.456430  0.523207  0.623243  0.703618  0.280271  0.637329  0.230077  0.749569  0.375764  0.657255  0.436946  0.746416  0.501300  0.709641  0.654672  0.494746  0.370918  0.533104  0.706556  0.298980  0.377487  0.746489  0.620931 0.0  0.718308  0.618319  0.642820  0.583295  0.333960  0.467562  0.532936  0.353153  0.374158  0.683152  0.604760  0.586655  0.591861  0.252312  0.686031  0.655452  0.631962  0.647817  0.639354  0.623654  0.472446  0.490964  0.678406  0.663998  0.726969  0.386526  0.723291  0.634086  0.485425  0.749824  0.526904  0.716660  0.637936  0.492519  0.352149  0.276330  0.368707  0.644253  0.675278  0.687849  0.582150  0.219933  0.260702  0.207426  0.362373  0.436894  0.261280  0.227180  0.268983  0.384672  0.443213  0.500716  0.262920  0.280942  0.347081  0.291648  0.470896  0.305932  0.696913  0.306472 
29  0.600464  0.270966  0.523613  0.583279  0.604627  0.629650  0.628741  0.560663  0.304748  0.758812  0.540991  0.713302  0.453832  0.844296  0.646755  0.557921  0.676629  0.672144  0.631379  0.607527  0.580737  0.736361  0.582479  0.660856  0.720176  0.622421  0.712368  0.651355  0.718308 0.0  0.516347  0.685633  0.537243  0.590577  0.687784  0.613590  0.784131  0.675920  0.762201  0.569797  0.600224  0.513011  0.654009  0.224372  0.597602  0.200554  0.603051  0.251331  0.649529  0.715492  0.581138  0.627808  0.639550  0.665226  0.720138  0.411468  0.517888  0.718929  0.767090  0.678151  0.549169  0.189927  0.595128  0.804473  0.814749  0.685103  0.620385  0.598982  0.574966  0.526906  0.745934  0.590065  0.704729  0.637680  0.520132  0.558801  0.690238  0.541953  0.680128  0.653115  0.682685  0.787919  0.641874  0.611365  0.723179  0.693797  0.739160  0.288045  0.724706 
30  0.429312  0.505658  0.536044  0.436774  0.547648  0.682657  0.504983  0.441314  0.532689  0.616529  0.598670  0.710685  0.669757  0.639240  0.457137  0.624684  0.641067  0.620490  0.434873  0.451445  0.603258  0.673789  0.592166  0.451235  0.795304  0.638583  0.781138  0.732763  0.618319  0.516347 0.0  0.480665  0.579844  0.515969  0.740102  0.747850  0.832177  0.711710  0.436814  0.655584  0.453389  0.403656  0.796102  0.560736  0.392057  0.422158  0.508427  0.528030  0.469450  0.650043  0.560932  0.446179  0.448687  0.689356  0.639989  0.556640  0.503404  0.681940  0.480616  0.397526  0.384884  0.572867  0.582183  0.617550  0.741301  0.760180  0.640982  0.431188  0.395085  0.542929  0.653113  0.577436  0.699245  0.575276  0.518117  0.571425  0.742561  0.605442  0.486636  0.699044  0.635237  0.639820  0.599431  0.693477  0.787937  0.665828  0.712337  0.533750  0.660581 
31  0.482127  0.762662  0.533035  0.394974  0.508194  0.547205  0.631465  0.466415  0.612734  0.671296  0.552421  0.576866  0.703430  0.647962  0.285782  0.597316  0.787769  0.641492  0.180011  0.321231  0.465076  0.729999  0.401614  0.179193  0.634528  0.593643  0.837360  0.690244  0.642820  0.685633  0.480665 0.0  0.576053  0.709845  0.614533  0.663770  0.695218  0.578574  0.138805  0.642955  0.756528  0.679562  0.664178  0.644511  0.431712  0.693574  0.546466  0.657134  0.401019  0.655513  0.548661  0.296707  0.445612  0.735519  0.670794  0.520973  0.492719  0.683818  0.385465  0.472866  0.255124  0.682763  0.539889  0.694311  0.658159  0.613172  0.536023  0.453560  0.598412  0.593982  0.693905  0.619658  0.689521  0.659033  0.401149  0.594059  0.751587  0.640197  0.720591  0.586025  0.622966  0.749517  0.713297  0.681594  0.681827  0.543433  0.683459  0.661973  0.629825 
32  0.502409  0.495625  0.622177  0.584282  0.692392  0.586377  0.596212  0.561852  0.556859  0.671639  0.587018  0.586272  0.583988  0.716199  0.593118  0.522154  0.817604  0.669743  0.705472  0.633225  0.707509  0.569704  0.643172  0.609658  0.683577  0.498408  0.771963  0.695163  0.583295  0.537243  0.579844  0.576053 0.0  0.583735  0.752369  0.735432  0.703597  0.547752  0.571164  0.307625  0.253673  0.168158  0.755239  0.602586  0.686336  0.628103  0.541827  0.579692  0.617070  0.738448  0.626140  0.707928  0.571042  0.744238  0.611487  0.572786  0.736515  0.633058  0.544644  0.489026  0.736824  0.621646  0.621761  0.704981  0.769947  0.770742  0.572300  0.572514  0.605863  0.615188  0.679744  0.587660  0.690984  0.709214  0.477428  0.640438  0.670569  0.611310  0.751723  0.674613  0.595924  0.656076  0.611979  0.672261  0.767662  0.716984  0.753196  0.527344  0.621254 
33  0.618261  0.629472  0.507123  0.648792  0.541638  0.538815  0.640317  0.642581  0.585141  0.390366  0.611949  0.282242  0.627410  0.500277  0.655471  0.524759  0.738549  0.552818  0.671434  0.654122  0.531011  0.453181  0.556966  0.634576  0.448725  0.404603  0.665606  0.536502  0.333960  0.590577  0.515969  0.709845  0.583735 0.0  0.476405  0.467033  0.504792  0.174511  0.687830  0.652656  0.585371  0.693393  0.328880  0.610680  0.716304  0.621402  0.642761  0.529767  0.549912  0.496016  0.476771  0.527706  0.726010  0.619910  0.437117  0.475578  0.514204  0.461021  0.591576  0.583812  0.588620  0.560743  0.466362  0.450737  0.348793  0.525805  0.499582  0.591433  0.564045  0.567140  0.360795  0.280408  0.361865  0.405804  0.455885  0.303036  0.298985  0.234811  0.471796  0.471776  0.596178  0.216737  0.304236  0.462105  0.316570  0.462866  0.405672  0.644516  0.404467 
34  0.729965  0.683576  0.622484  0.531316  0.550570  0.202815  0.601625  0.690400  0.646782  0.483029  0.546572  0.479594  0.651141  0.479882  0.638758  0.223572  0.781491  0.314222  0.629075  0.547078  0.601468  0.453041  0.612043  0.596354  0.452790  0.434309  0.786834  0.223307  0.467562  0.687784  0.740102  0.614533  0.752369  0.476405 0.0  0.297405  0.461352  0.546269  0.576073  0.719908  0.581905  0.572005  0.427759  0.613504  0.691766  0.768733  0.588338  0.618695  0.704184  0.327722  0.684935  0.612556  0.769706  0.776383  0.481140  0.668711  0.641967  0.308727  0.691772  0.643135  0.619445  0.668245  0.339627  0.560231  0.515883  0.440212  0.626811  0.633080  0.603219  0.592596  0.463216  0.424704  0.496512  0.448818  0.480987  0.478381  0.416851  0.365441  0.527873  0.229462  0.190884  0.464146  0.529310  0.542375  0.459122  0.203802  0.503726  0.762290  0.431637 
35  0.606874  0.691594  0.697210  0.540994  0.628692  0.273183  0.651368  0.768805  0.629929  0.508598  0.599736  0.499184  0.603878  0.358000  0.664132  0.331242  0.751301  0.239122  0.664647  0.483782  0.607975  0.374863  0.547863  0.710407  0.486468  0.372966  0.728678  0.345571  0.532936  0.613590  0.747850  0.663770  0.735432  0.467033  0.297405 0.0  0.455564  0.426144  0.626168  0.750472  0.666179  0.749648  0.434466  0.782357  0.800883  0.796023  0.599093  0.650331  0.545870  0.186486  0.548913  0.614928  0.716266  0.777490  0.443710  0.736237  0.559798  0.232004  0.630532  0.639117  0.579497  0.629415  0.252230  0.482884  0.435354  0.371880  0.676587  0.718197  0.701607  0.567991  0.388724  0.418425  0.504509  0.472252  0.482726  0.498045  0.436772  0.384370  0.468565  0.226035  0.336120  0.483658  0.542474  0.475038  0.422642  0.269785  0.525900  0.658391  0.477744 
36  0.747549  0.704110  0.630600  0.684098  0.764096  0.357851  0.651340  0.730352  0.641116  0.314845  0.738786  0.343150  0.656711  0.239722  0.733787  0.455453  0.724727  0.403818  0.617162  0.629026  0.654572  0.240330  0.514642  0.682993  0.197841  0.373551  0.758105  0.398395  0.353153  0.784131  0.832177  0.695218  0.703597  0.504792  0.461352  0.455564 0.0  0.386519  0.613547  0.713760  0.624871  0.738871  0.336637  0.797624  0.838313  0.575395  0.514114  0.569583  0.677524  0.424813  0.651872  0.666582  0.775044  0.741571  0.202328  0.705513  0.471571  0.460499  0.700470  0.674110  0.756489  0.775421  0.497118  0.183424  0.305967  0.182796  0.665347  0.722795  0.670991  0.580112  0.342030  0.385390  0.354903  0.296115  0.451629  0.397490  0.369378  0.279526  0.333811  0.430804  0.502706  0.437733  0.379922  0.187981  0.335598  0.496979  0.195471  0.671704  0.209521 
37  0.578941  0.573204  0.513041  0.559609  0.505083  0.533594  0.561863  0.722171  0.633226  0.388123  0.499098  0.307447  0.687641  0.406436  0.676454  0.595076  0.789890  0.531249  0.624088  0.564048  0.580045  0.411584  0.559859  0.586082  0.422215  0.367356  0.718001  0.523860  0.374158  0.675920  0.711710  0.578574  0.547752  0.174511  0.546269  0.426144  0.386519 0.0  0.685788  0.679924  0.644002  0.590854  0.354248  0.658452  0.692807  0.630485  0.615443  0.555927  0.663509  0.453868  0.522617  0.656059  0.649457  0.748598  0.474693  0.552093  0.620521  0.530138  0.607962  0.680673  0.657224  0.576432  0.449853  0.432779  0.341509  0.404608  0.559765  0.675002  0.621468  0.480485  0.334425  0.238903  0.373505  0.462038  0.485329  0.289845  0.277612  0.255736  0.400767  0.416818  0.524173  0.249634  0.268623  0.418694  0.343051  0.444160  0.331224  0.498294  0.452688 
38  0.468387  0.738851  0.519048  0.394171  0.506871  0.590653  0.537323  0.480230  0.667627  0.531104  0.577761  0.698838  0.673871  0.773394  0.300062  0.522866  0.806212  0.652486  0.174006  0.322546  0.537311  0.655043  0.449682  0.203443  0.689474  0.798238  0.739091  0.760989  0.683152  0.762201  0.436814  0.138805  0.571164  0.687830  0.576073  0.626168  0.613547  0.685788 0.0  0.649723  0.651810  0.510869  0.677434  0.687563  0.557673  0.697524  0.648027  0.586951  0.357932  0.632063  0.526644  0.376997  0.429937  0.859989  0.729707  0.570115  0.569155  0.688165  0.403360  0.492477  0.229623  0.687588  0.694327  0.682720  0.676575  0.666413  0.572827  0.406166  0.634657  0.572346  0.564515  0.685128  0.634543  0.657024  0.344629  0.518226  0.753548  0.563128  0.697112  0.669762  0.684380  0.607953  0.644170  0.655040  0.680311  0.660452  0.673658  0.728979  0.704241 
39  0.633491  0.546164  0.583914  0.580742  0.593283  0.601675  0.612944  0.525299  0.596412  0.763561  0.643539  0.628679  0.674570  0.822113  0.577612  0.756892  0.692898  0.681428  0.673979  0.664969  0.567297  0.723280  0.581969  0.705777  0.756790  0.661989  0.703046  0.705128  0.604760  0.569797  0.655584  0.642955  0.307625  0.652656  0.719908  0.750472  0.713760  0.679924  0.649723 0.0  0.304631  0.308262  0.868835  0.600026  0.580245  0.640043  0.665170  0.649998  0.605762  0.796895  0.528612  0.599623  0.573840  0.810758  0.793228  0.530703  0.616064  0.598508  0.554390  0.558623  0.567841  0.645566  0.587543  0.727654  0.719594  0.766619  0.561593  0.651852  0.645048  0.658059  0.718224  0.596623  0.585504  0.624996  0.454532  0.618229  0.657231  0.647423  0.737233  0.622648  0.547170  0.604958  0.649467  0.830165  0.642199  0.794484  0.793970  0.566242  0.703514 
40  0.657113  0.611953  0.540812  0.660364  0.607973  0.680079  0.544864  0.518200  0.616742  0.688597  0.649026  0.739953  0.574514  0.798243  0.743215  0.666727  0.865635  0.614568  0.593959  0.685310  0.549999  0.691301  0.680895  0.765495  0.603572  0.581526  0.682007  0.652387  0.586655  0.600224  0.453389  0.756528  0.253673  0.585371  0.581905  0.666179  0.624871  0.644002  0.651810  0.304631 0.0  0.286450  0.662340  0.507850  0.558498  0.545625  0.605310  0.584226  0.675656  0.686352  0.664403  0.616877  0.565700  0.911454  0.687650  0.608320  0.586093  0.622401  0.535320  0.580566  0.699553  0.627256  0.562055  0.638877  0.664468  0.714586  0.648868  0.522333  0.608922  0.717845  0.657353  0.582423  0.652566  0.640176  0.461934  0.579693  0.543274  0.617369  0.633377  0.622222  0.511595  0.636705  0.539776  0.594323  0.721142  0.723568  0.739487  0.497193  0.699580 
41  0.548358  0.513004  0.487548  0.588021  0.583255  0.608381  0.579933  0.564309  0.527207  0.842291  0.601208  0.580797  0.578069  0.675758  0.665756  0.641682  0.700419  0.675384  0.593137  0.668957  0.720892  0.729226  0.646834  0.659226  0.694213  0.580869  0.739048  0.664033  0.591861  0.513011  0.403656  0.679562  0.168158  0.693393  0.572005  0.749648  0.738871  0.590854  0.510869  0.308262  0.286450 0.0  0.725105  0.533190  0.503562  0.595213  0.611509  0.557761  0.563155  0.626774  0.526611  0.679509  0.525414  0.925859  0.705870  0.485484  0.623350  0.602335  0.604085  0.509712  0.644042  0.511443  0.628192  0.710371  0.601311  0.744511  0.574618  0.582764  0.620434  0.656519  0.715160  0.727427  0.584537  0.672824  0.478546  0.592113  0.734794  0.599347  0.622146  0.573814  0.665724  0.631238  0.588786  0.612728  0.560548  0.701785  0.738580  0.626505  0.675093 
42  0.547091  0.666297  0.649741  0.584060  0.575616  0.421480  0.626869  0.658356  0.763428  0.208297  0.568028  0.257326  0.581807  0.385950  0.638234  0.427879  0.907020  0.529483  0.608579  0.551301  0.575834  0.371592  0.677212  0.689003  0.316002  0.348434  0.884128  0.429419  0.252312  0.654009  0.796102  0.664178  0.755239  0.328880  0.427759  0.434466  0.336637  0.354248  0.677434  0.868835  0.662340  0.725105 0.0  0.817166  0.710834  0.747126  0.670708  0.755592  0.714227  0.456851  0.598352  0.695434  0.645358  0.832495  0.382474  0.852571  0.596988  0.486031  0.734772  0.722920  0.608499  0.776070  0.498530  0.297905  0.163662  0.307930  0.618766  0.556492  0.619560  0.544505  0.302904  0.309410  0.260840  0.436902  0.523692  0.287359  0.226431  0.298347  0.310450  0.496267  0.391165  0.291343  0.290659  0.356641  0.286396  0.419994  0.387647  0.681485  0.340011 
43  0.634494  0.199391  0.602602  0.623327  0.520921  0.672080  0.587079  0.653248  0.322052  0.672567  0.590239  0.756774  0.488162  0.684282  0.553804  0.796408  0.809060  0.689192  0.630377  0.639291  0.619825  0.824081  0.562130  0.625095  0.656594  0.695305  0.637349  0.687602  0.686031  0.224372  0.560736  0.644511  0.602586  0.610680  0.613504  0.782357  0.797624  0.658452  0.687563  0.600026  0.507850  0.533190  0.817166 0.0  0.635843  0.168623  0.616068  0.209107  0.585743  0.689449  0.567501  0.699074  0.660569  0.632981  0.730093  0.412110  0.534557  0.628537  0.632499  0.695145  0.701847  0.210069  0.679094  0.755127  0.671566  0.729570  0.595964  0.621043  0.505329  0.661337  0.730024  0.577580  0.644490  0.595848  0.536730  0.636516  0.733710  0.504939  0.712966  0.566252  0.711143  0.595166  0.636144  0.912755  0.686938  0.774427  0.692465  0.307478  0.747665 
44  0.260713  0.473781  0.575635  0.328327  0.556512  0.688109  0.517957  0.116424  0.617498  0.751582  0.583845  0.588813  0.615996  0.835252  0.455271  0.756060  0.813372  0.739096  0.484475  0.426067  0.643704  0.701585  0.588258  0.518060  0.805067  0.655733  0.833508  0.705040  0.655452  0.597602  0.392057  0.431712  0.686336  0.716304  0.691766  0.800883  0.838313  0.692807  0.557673  0.580245  0.558498  0.503562  0.710834  0.635843 0.0  0.515464  0.528902  0.542653  0.330790  0.679449  0.519769  0.311940  0.122177  0.983800  0.823063  0.618260  0.551692  0.672980  0.393486  0.290779  0.501556  0.605334  0.614645  0.739360  0.858925  0.777270  0.528854  0.252326  0.526485  0.661939  0.647285  0.659237  0.815355  0.708029  0.488090  0.680707  0.622262  0.533959  0.670834  0.727972  0.605836  0.716992  0.687538  0.780674  0.591609  0.723420  0.687760  0.574123  0.816344 
