89
0 0.0  0.747951  0.595911  0.306085  0.550237  0.687168  0.635717  0.296729  0.648986  0.764437  0.544888  0.664762  0.711389  0.778141  0.459992  0.750229  0.741173  0.689343  0.367062  0.394645  0.472332  0.675285  0.556361  0.391133  0.757425  0.628497  0.882353  0.705929  0.645025  0.657184  0.484967  0.373940  0.566856  0.656233  0.724717  0.700231  0.747318  0.572918  0.579093  0.584297  0.529775  0.562455  0.829288  0.642359  0.344117  0.549707  0.534374  0.649270  0.322269  0.690156  0.582271  0.348857  0.231194  0.762623  0.775790  0.518138  0.577457  0.720313  0.230797  0.150786  0.484562  0.597649  0.635643  0.637754  0.729416  0.751077  0.486855  0.328324  0.660489  0.601756  0.784361  0.604125  0.677100  0.636814  0.373733  0.614304  0.722991  0.634061  0.599674  0.779467  0.746664  0.673877  0.575142  0.826942  0.646089  0.726266  0.632891  0.579423  0.756683 
1  0.747951 0.0  0.551969  0.695822  0.660482  0.701357  0.571493  0.660468  0.219452  0.831177  0.611172  0.727194  0.398602  0.772107  0.650033  0.681581  0.619766  0.721233  0.780446  0.725486  0.601323  0.741531  0.558624  0.742113  0.781644  0.623558  0.754249  0.707231  0.695530  0.242922  0.582345  0.678693  0.544440  0.587437  0.674128  0.689376  0.767947  0.649308  0.528099  0.654645  0.540488  0.480910  0.671159  0.231147  0.541519  0.260981  0.561854  0.332297  0.680626  0.724630  0.567091  0.636447  0.586507  0.717225  0.735978  0.471593  0.651226  0.758664  0.638306  0.579547  0.722122  0.316399  0.713843  0.751830  0.797676  0.764627  0.517182  0.622475  0.424736  0.636845  0.720862  0.657709  0.728332  0.647877  0.430200  0.718852  0.818435  0.569049  0.708078  0.711739  0.749315  0.671648  0.747787  0.853199  0.739675  0.746843  0.672604  0.305973  0.716153 
2  0.595911  0.551969 0.0  0.613038  0.316853  0.577229  0.573010  0.576143  0.628898  0.660962  0.398970  0.657284  0.467405  0.701622  0.556559  0.642719  0.708872  0.655962  0.712966  0.698250  0.351290  0.743227  0.447522  0.521473  0.674657  0.591519  0.766530  0.563257  0.733873  0.662683  0.538590  0.554032  0.758275  0.613762  0.660302  0.665030  0.640196  0.511617  0.614761  0.593005  0.609580  0.581476  0.623261  0.619723  0.614201  0.593638  0.430196  0.578126  0.573871  0.687649  0.308148  0.681501  0.588279  0.720556  0.674422  0.627558  0.400398  0.679048  0.518707  0.506080  0.539275  0.422791  0.517830  0.666763  0.702450  0.690590  0.551420  0.496953  0.288406  0.547201  0.722340  0.611248  0.631506  0.665208  0.440141  0.603181  0.707067  0.540068  0.698181  0.738932  0.523406  0.589286  0.506045  0.720953  0.619982  0.669345  0.641222  0.532278  0.682070 
3  0.306085  0.695822  0.613038 0.0  0.553680  0.607284  0.626941  0.410935  0.672304  0.750771  0.551324  0.712918  0.597242  0.822763  0.453691  0.668623  0.737395  0.651155  0.416663  0.528013  0.547861  0.798074  0.581315  0.517986  0.778417  0.571660  0.734314  0.630872  0.645398  0.653812  0.530018  0.433904  0.607264  0.654873  0.518909  0.696241  0.803495  0.581012  0.428617  0.574606  0.624593  0.618387  0.643585  0.684216  0.351217  0.663742  0.570030  0.656015  0.315187  0.653935  0.529116  0.397285  0.344348  0.699724  0.704742  0.603753  0.584035  0.625532  0.411012  0.322823  0.391138  0.537889  0.677217  0.696772  0.695849  0.829527  0.624788  0.353899  0.549150  0.531341  0.786443  0.643673  0.723552  0.623515  0.463316  0.595681  0.677448  0.522057  0.657824  0.676130  0.626609  0.682333  0.677314  0.766656  0.782993  0.767334  0.775486  0.603501  0.759391 
4  0.550237  0.660482  0.316853  0.553680 0.0  0.584802  0.612175  0.593261  0.538070  0.582902  0.278847  0.546955  0.633461  0.647955  0.515576  0.543231  0.756086  0.575284  0.631666  0.643650  0.329966  0.599485  0.195538  0.490544  0.712022  0.543080  0.872511  0.712411  0.565685  0.610364  0.515760  0.587420  0.703643  0.580751  0.422182  0.630934  0.590180  0.593088  0.465236  0.623227  0.649113  0.624299  0.513022  0.557584  0.547666  0.716961  0.347504  0.602813  0.520432  0.604676  0.332906  0.483981  0.533564  0.661366  0.663958  0.473973  0.242987  0.544358  0.610923  0.609807  0.493253  0.561698  0.606652  0.680791  0.563787  0.706244  0.470621  0.533030  0.289618  0.593999  0.692434  0.503420  0.562786  0.552106  0.425792  0.575575  0.613025  0.486881  0.727445  0.604133  0.584855  0.578193  0.606181  0.706140  0.717702  0.521534  0.615071  0.608074  0.583771 
5  0.687168  0.701357  0.577229  0.607284  0.584802 0.0  0.635429  0.842540  0.733784  0.448872  0.608864  0.540886  0.688463  0.477090  0.695635  0.098016  0.802409  0.346873  0.627667  0.588798  0.578309  0.464171  0.533943  0.509647  0.701906  0.454284  0.774614  0.349022  0.672224  0.728755  0.722708  0.620823  0.807525  0.559897  0.266112  0.351711  0.442144  0.590671  0.565209  0.705922  0.683156  0.724489  0.500889  0.718875  0.790712  0.786398  0.573971  0.706122  0.654713  0.345120  0.635117  0.595353  0.746795  0.751878  0.475822  0.784475  0.572952  0.329327  0.685571  0.721474  0.645638  0.685154  0.427940  0.557244  0.460660  0.512288  0.582852  0.747293  0.686225  0.727499  0.522746  0.525214  0.517639  0.453954  0.517417  0.412724  0.582758  0.372641  0.485540  0.232303  0.213915  0.531574  0.528194  0.593440  0.528630  0.255608  0.623171  0.766214  0.473556 
6  0.635717  0.571493  0.573010  0.626941  0.612175  0.635429 0.0  0.615914  0.560681  0.677859  0.668753  0.655050  0.549726  0.703953  0.568580  0.646949  0.694662  0.674303  0.757241  0.551312  0.606617  0.724454  0.628256  0.594050  0.711660  0.648970  0.694080  0.665233  0.706535  0.663768  0.442306  0.598722  0.519191  0.595250  0.606091  0.824773  0.658947  0.632851  0.609808  0.818291  0.507624  0.594061  0.786123  0.567822  0.536944  0.475905  0.591525  0.575355  0.708620  0.664946  0.547612  0.617041  0.594122  0.571908  0.656673  0.634432  0.603218  0.575198  0.609395  0.635869  0.672339  0.546116  0.645919  0.715103  0.746620  0.757908  0.359344  0.610350  0.518070  0.433531  0.634516  0.579740  0.760068  0.606949  0.553289  0.607307  0.739217  0.506846  0.671077  0.650358  0.663735  0.618203  0.661833  0.668561  0.609214  0.665282  0.668352  0.549084  0.715546 
7  0.296729  0.660468  0.576143  0.410935  0.593261  0.842540  0.615914 0.0  0.765533  0.757200  0.663873  0.643604  0.649573  0.820971  0.475911  0.713887  0.736805  0.730610  0.505211  0.368600  0.533023  0.734070  0.592653  0.498149  0.834924  0.717376  0.896175  0.714250  0.641893  0.619949  0.415567  0.511418  0.501678  0.728816  0.718427  0.801719  0.759764  0.730755  0.484907  0.610573  0.493288  0.562218  0.761358  0.732194  0.230602  0.641262  0.494099  0.713207  0.249659  0.685342  0.518707  0.329056  0.166758  0.787384  0.802027  0.583277  0.627490  0.666461  0.392495  0.245058  0.494521  0.615920  0.859187  0.746180  0.764605  0.851139  0.592771  0.231313  0.495205  0.727127  0.705423  0.490072  0.669461  0.669214  0.384445  0.504697  0.710939  0.538378  0.731367  0.781578  0.806345  0.537859  0.675698  0.735174  0.649805  0.627939  0.706090  0.612482  0.733481 
8  0.648986  0.219452  0.628898  0.672304  0.538070  0.733784  0.560681  0.765533 0.0  0.724506  0.778143  0.693349  0.321075  0.753504  0.674876  0.707076  0.756181  0.763174  0.690165  0.721107  0.663215  0.803055  0.591908  0.609902  0.725813  0.602119  0.770554  0.804542  0.728019  0.314699  0.782872  0.750034  0.723044  0.675613  0.783801  0.728535  0.740510  0.636859  0.666435  0.574678  0.580492  0.626450  0.732436  0.360909  0.758286  0.366948  0.645291  0.424278  0.601553  0.680709  0.807830  0.737844  0.709759  0.821600  0.959822  0.491624  0.653706  0.723699  0.561030  0.646336  0.762029  0.278817  0.722863  0.734125  0.830732  0.756591  0.528456  0.640817  0.657388  0.620667  0.682800  0.729069  0.743074  0.752596  0.503047  0.759522  0.762483  0.702093  0.712467  0.716046  0.709289  0.575231  0.744103  0.769967  0.737747  0.652771  0.848661  0.366976  0.700901 
9  0.764437  0.831177  0.660962  0.750771  0.582902  0.448872  0.677859  0.757200  0.724506 0.0  0.670675  0.453160  0.759191  0.387941  0.779992  0.626115  0.819074  0.616861  0.643303  0.602274  0.735072  0.409306  0.712275  0.646828  0.594732  0.552999  0.815133  0.553520  0.332897  0.736260  0.860787  0.698926  0.765487  0.451224  0.555889  0.519880  0.417943  0.341152  0.763382  0.728928  0.749728  0.786502  0.208493  0.737101  0.850586  0.871877  0.625997  0.693073  0.740915  0.483450  0.691227  0.795509  0.767991  0.782292  0.453887  0.801271  0.616265  0.514668  0.732517  0.711127  0.677023  0.753593  0.615865  0.405840  0.267836  0.397991  0.608131  0.757246  0.715126  0.786310  0.286074  0.382626  0.329082  0.354929  0.659476  0.385946  0.346057  0.363862  0.366761  0.415773  0.615740  0.315168  0.320965  0.430119  0.269174  0.446426  0.497520  0.824228  0.454193 
10  0.544888  0.611172  0.398970  0.551324  0.278847  0.608864  0.668753  0.663873  0.778143  0.670675 0.0  0.623438  0.549282  0.663444  0.527492  0.562136  0.675217  0.557375  0.598142  0.624446  0.333676  0.574584  0.264643  0.555520  0.699429  0.679449  0.839460  0.574884  0.527485  0.499219  0.535811  0.573420  0.573051  0.607511  0.626421  0.680614  0.684330  0.533893  0.551801  0.641374  0.655972  0.698452  0.661739  0.593887  0.634876  0.547700  0.382014  0.607694  0.624225  0.535106  0.393861  0.582149  0.508828  0.644305  0.588426  0.654790  0.264161  0.574879  0.543300  0.514860  0.578550  0.574154  0.639034  0.655274  0.665070  0.629495  0.750393  0.633557  0.352310  0.544667  0.543654  0.622636  0.665421  0.525547  0.474711  0.683411  0.696768  0.625710  0.602982  0.567825  0.607237  0.529317  0.609313  0.646010  0.608526  0.634073  0.576640  0.497328  0.658669 
11  0.664762  0.727194  0.657284  0.712918  0.546955  0.540886  0.655050  0.643604  0.693349  0.453160  0.623438 0.0  0.675510  0.459151  0.637767  0.583923  0.818143  0.480828  0.617155  0.670773  0.673629  0.371816  0.582993  0.699889  0.335994  0.328584  0.795281  0.594009  0.300797  0.671558  0.729266  0.749801  0.671538  0.313604  0.509108  0.502715  0.335729  0.259305  0.664437  0.576239  0.651105  0.644576  0.197189  0.696645  0.737230  0.718223  0.650576  0.811667  0.682057  0.510823  0.587107  0.686989  0.640396  0.810981  0.358962  0.645016  0.660976  0.401793  0.705540  0.682645  0.707162  0.648468  0.460092  0.467679  0.335787  0.500444  0.668782  0.678548  0.609221  0.645416  0.429847  0.204126  0.280884  0.457873  0.494675  0.203713  0.186425  0.261829  0.358755  0.462198  0.574736  0.210829  0.240526  0.414034  0.199911  0.430586  0.408886  0.700463  0.320233 
12  0.711389  0.398602  0.467405  0.597242  0.633461  0.688463  0.549726  0.649573  0.321075  0.759191  0.549282  0.675510 0.0  0.693755  0.591596  0.712348  0.766728  0.830675  0.602810  0.565542  0.576433  0.763612  0.614392  0.525042  0.696785  0.557910  0.720547  0.734886  0.776299  0.520229  0.612833  0.698010  0.660535  0.670893  0.741789  0.667170  0.709379  0.643192  0.653539  0.663403  0.520249  0.693456  0.658784  0.534739  0.538813  0.444086  0.602658  0.486338  0.653496  0.792145  0.580628  0.594749  0.609647  0.792060  0.717650  0.310206  0.620070  0.721955  0.613226  0.651573  0.675918  0.451174  0.646757  0.736853  0.826943  0.796223  0.696149  0.547030  0.517461  0.620678  0.859966  0.648931  0.825150  0.694313  0.396020  0.643059  0.692005  0.558412  0.625586  0.745465  0.685070  0.644092  0.501652  0.790864  0.794719  0.649218  0.755318  0.446846  0.618517 
13  0.778141  0.772107  0.701622  0.822763  0.647955  0.477090  0.703953  0.820971  0.753504  0.387941  0.663444  0.459151  0.693755 0.0  0.657903  0.525951  0.857367  0.475832  0.730972  0.555304  0.709852  0.303392  0.683780  0.742654  0.313373  0.487694  0.778865  0.554078  0.367493  0.780364  0.678833  0.772776  0.627995  0.447673  0.518638  0.559775  0.255513  0.526218  0.770502  0.831155  0.807247  0.670393  0.433796  0.724584  0.760820  0.725160  0.715068  0.655446  0.757375  0.508904  0.693376  0.715471  0.825501  0.794131  0.325718  0.753590  0.633937  0.536487  0.668050  0.749145  0.748852  0.746229  0.419967  0.370419  0.434679  0.220332  0.749832  0.746393  0.668317  0.827024  0.286699  0.426043  0.419560  0.399656  0.567025  0.442120  0.411409  0.334173  0.379418  0.532236  0.499681  0.462775  0.554930  0.244292  0.401313  0.544231  0.255508  0.693801  0.291546 
14  0.459992  0.650033  0.556559  0.453691  0.515576  0.695635  0.568580  0.475911  0.674876  0.779992  0.527492  0.637767  0.591596  0.657903 0.0  0.658562  0.840089  0.638308  0.317234  0.337806  0.591059  0.681912  0.589532  0.359383  0.823962  0.680273  0.758812  0.670871  0.620182  0.654553  0.510118  0.264654  0.666157  0.605749  0.592467  0.688303  0.761136  0.642507  0.447442  0.748393  0.650224  0.640310  0.659992  0.666688  0.491904  0.668968  0.680924  0.685048  0.386517  0.700548  0.589500  0.441511  0.575518  0.704426  0.817314  0.710786  0.564380  0.734765  0.364644  0.458792  0.182543  0.570930  0.742167  0.725556  0.749997  0.604214  0.564253  0.494801  0.593982  0.529221  0.760601  0.579554  0.607879  0.605505  0.511615  0.752603  0.647332  0.517658  0.759936  0.589832  0.723007  0.585296  0.712892  0.774751  0.764174  0.692307  0.661722  0.702680  0.713707 
15  0.750229  0.681581  0.642719  0.668623  0.543231  0.098016  0.646949  0.713887  0.707076  0.626115  0.562136  0.583923  0.712348  0.525951  0.658562 0.0  0.749218  0.271524  0.711650  0.475044  0.638967  0.520976  0.595367  0.723168  0.599023  0.511580  0.740747  0.289725  0.519733  0.741573  0.761207  0.716000  0.667421  0.646500  0.231613  0.400983  0.520138  0.546466  0.692696  0.770344  0.671260  0.598191  0.496776  0.722607  0.716668  0.715001  0.574720  0.714526  0.594574  0.364628  0.635717  0.598848  0.599582  0.782752  0.436934  0.709701  0.611631  0.375802  0.676537  0.834428  0.640763  0.590018  0.421484  0.681684  0.547753  0.539368  0.538981  0.651229  0.585139  0.614912  0.567702  0.510170  0.601910  0.529668  0.521870  0.542641  0.578543  0.431112  0.606140  0.281022  0.164493  0.490734  0.517685  0.461840  0.623996  0.288563  0.604089  0.763814  0.505139 
16  0.741173  0.619766  0.708872  0.737395  0.756086  0.802409  0.694662  0.736805  0.756181  0.819074  0.675217  0.818143  0.766728  0.857367  0.840089  0.749218 0.0  0.777656  0.790758  0.768429  0.745991  0.825162  0.722409  0.733606  0.833379  0.805428  0.231399  0.656749  0.811623  0.696696  0.743157  0.801013  0.853213  0.679297  0.755018  0.905353  0.806400  0.789013  0.818485  0.803282  0.785381  0.729626  0.826133  0.600531  0.835471  0.716737  0.673135  0.614746  0.846062  0.779215  0.715116  0.796505  0.856694  0.160547  0.809710  0.629617  0.720024  0.838893  0.788142  0.810656  0.748810  0.618628  0.722299  0.831507  0.829860  0.922890  0.765290  0.801562  0.738234  0.820946  0.718621  0.772727  0.831452  0.793521  0.757051  0.906338  0.865755  0.723392  0.803829  0.730466  0.694847  0.641213  0.792290  0.732916  0.795141  0.787096  0.966230  0.724206  0.773921 
17  0.689343  0.721233  0.655962  0.651155  0.575284  0.346873  0.674303  0.730610  0.763174  0.616861  0.557375  0.480828  0.830675  0.475832  0.638308  0.271524  0.777656 0.0  0.661957  0.515051  0.552430  0.504346  0.646187  0.713408  0.582135  0.473783  0.813948  0.464776  0.626631  0.625493  0.826386  0.617737  0.669603  0.647129  0.312206  0.264602  0.348948  0.611366  0.647482  0.807800  0.781309  0.687148  0.496880  0.775437  0.810202  0.773727  0.573663  0.726581  0.723829  0.247801  0.652740  0.601910  0.687967  0.741062  0.507600  0.747474  0.614800  0.247077  0.671682  0.730179  0.604433  0.662627  0.372252  0.583504  0.447592  0.422817  0.625232  0.657418  0.587336  0.576436  0.461951  0.425805  0.531617  0.408953  0.482725  0.528033  0.544479  0.407678  0.483725  0.252763  0.300203  0.567523  0.638568  0.464842  0.538692  0.382664  0.570496  0.714044  0.622842 
18  0.367062  0.780446  0.712966  0.416663  0.631666  0.627667  0.757241  0.505211  0.690165  0.643303  0.598142  0.617155  0.602810  0.730972  0.317234  0.711650  0.790758  0.661957 0.0  0.433894  0.564838  0.735921  0.426985  0.103822  0.746368  0.844667  0.890945  0.571024  0.720088  0.633400  0.491133  0.168172  0.766095  0.658125  0.533965  0.629977  0.763257  0.648898  0.252303  0.716510  0.588220  0.639651  0.756497  0.768733  0.549192  0.790500  0.666185  0.640998  0.503414  0.619903  0.596764  0.413682  0.568548  0.766194  0.634451  0.703238  0.483180  0.646041  0.343558  0.474572  0.296946  0.652310  0.632203  0.677274  0.679841  0.640598  0.560345  0.564792  0.591494  0.672331  0.667299  0.722117  0.622803  0.612450  0.546639  0.614498  0.788138  0.592161  0.733578  0.632027  0.704713  0.716910  0.631010  0.736114  0.742463  0.645411  0.890560  0.842676  0.657204 
19  0.394645  0.725486  0.698250  0.528013  0.643650  0.588798  0.551312  0.368600  0.721107  0.602274  0.624446  0.670773  0.565542  0.555304  0.337806  0.475044  0.768429  0.515051  0.433894 0.0  0.627974  0.537462  0.506720  0.441822  0.608088  0.507067  0.736285  0.491113  0.584500  0.620260  0.445039  0.466613  0.624076  0.572539  0.522421  0.623964  0.561125  0.677927  0.359904  0.747279  0.712411  0.704023  0.615976  0.645782  0.378711  0.737758  0.455658  0.586390  0.274756  0.501861  0.595479  0.455135  0.443905  0.681655  0.595960  0.612059  0.588501  0.465514  0.445961  0.454468  0.457892  0.550860  0.519422  0.776849  0.646428  0.499143  0.718701  0.382039  0.667036  0.556213  0.573588  0.550182  0.679031  0.542197  0.558423  0.490432  0.536942  0.534325  0.508829  0.545942  0.546466  0.604161  0.607154  0.467960  0.587819  0.485205  0.749216  0.591837  0.616432 
20  0.472332  0.601323  0.351290  0.547861  0.329966  0.578309  0.606617  0.533023  0.663215  0.735072  0.333676  0.673629  0.576433  0.709852  0.591059  0.638967  0.745991  0.552430  0.564838  0.627974 0.0  0.745176  0.388516  0.500027  0.611265  0.599638  0.772780  0.619645  0.575795  0.632512  0.553910  0.506174  0.741317  0.560827  0.652019  0.648013  0.687302  0.496094  0.516138  0.715906  0.700646  0.699774  0.666368  0.599005  0.601609  0.509286  0.416723  0.591787  0.544510  0.613680  0.358082  0.482693  0.550920  0.687129  0.684690  0.592522  0.307385  0.591046  0.622553  0.656992  0.503410  0.591038  0.695890  0.583773  0.641525  0.727801  0.469097  0.495106  0.340462  0.526807  0.662342  0.669458  0.613835  0.622449  0.461708  0.622728  0.575208  0.608968  0.640016  0.583589  0.578934  0.452946  0.598714  0.686344  0.669481  0.606816  0.711776  0.530410  0.635211 
21  0.675285  0.741531  0.743227  0.798074  0.599485  0.464171  0.724454  0.734070  0.803055  0.409306  0.574584  0.371816  0.763612  0.303392  0.681912  0.520976  0.825162  0.504346  0.735921  0.537462  0.745176 0.0  0.551124  0.804234  0.335730  0.222534  0.910728  0.605040  0.327426  0.711018  0.798899  0.837651  0.697484  0.496740  0.538811  0.364827  0.240303  0.432919  0.809544  0.775756  0.773130  0.815741  0.410236  0.756774  0.804186  0.733917  0.548068  0.795035  0.765822  0.487818  0.591968  0.667505  0.703394  0.793578  0.309104  0.619136  0.683135  0.475074  0.684772  0.729560  0.708390  0.762382  0.406832  0.312392  0.504450  0.288314  0.627277  0.731516  0.570237  0.681140  0.377062  0.367733  0.461663  0.342919  0.469726  0.329738  0.297071  0.245606  0.428194  0.453221  0.438043  0.403760  0.364484  0.201952  0.410765  0.464175  0.328214  0.752163  0.360497 
22  0.556361  0.558624  0.447522  0.581315  0.195538  0.533943  0.628256  0.592653  0.591908  0.712275  0.264643  0.582993  0.614392  0.683780  0.589532  0.595367  0.722409  0.646187  0.426985  0.506720  0.388516  0.551124 0.0  0.541808  0.703994  0.650334  0.908034  0.594878  0.528849  0.617982  0.621252  0.466982  0.591539  0.681908  0.533893  0.521605  0.603282  0.634475  0.428040  0.706350  0.660211  0.680751  0.592513  0.656471  0.559057  0.695539  0.389630  0.548346  0.618574  0.470329  0.303478  0.545011  0.657866  0.671609  0.635807  0.660047  0.145118  0.537150  0.519872  0.626712  0.425108  0.628401  0.598510  0.607852  0.592344  0.595566  0.603771  0.665142  0.400051  0.699165  0.750971  0.636436  0.536629  0.484847  0.444246  0.493412  0.770681  0.588261  0.559808  0.562660  0.653725  0.645548  0.625146  0.702532  0.553767  0.733163  0.665939  0.624042  0.718808 
23  0.391133  0.742113  0.521473  0.517986  0.490544  0.509647  0.594050  0.498149  0.609902  0.646828  0.555520  0.699889  0.525042  0.742654  0.359383  0.723168  0.733606  0.713408  0.103822  0.441822  0.500027  0.804234  0.541808 0.0  0.796211  0.649148  0.729698  0.638518  0.748102  0.641872  0.403037  0.300927  0.639140  0.684089  0.662488  0.661976  0.835887  0.594169  0.196135  0.764226  0.750726  0.620554  0.573570  0.664083  0.577539  0.666595  0.519633  0.572324  0.442650  0.655712  0.587032  0.399436  0.533407  0.778610  0.734162  0.654612  0.490034  0.654315  0.428656  0.427984  0.272811  0.682793  0.782949  0.754896  0.800331  0.709643  0.477861  0.481861  0.579319  0.627794  0.751550  0.644737  0.695925  0.698016  0.495057  0.651539  0.791607  0.502137  0.725960  0.674223  0.625094  0.714931  0.686185  0.733178  0.757538  0.672488  0.813281  0.672635  0.727614 
24  0.757425  0.781644  0.674657  0.778417  0.712022  0.701906  0.711660  0.834924  0.725813  0.594732  0.699429  0.335994  0.696785  0.313373  0.823962  0.599023  0.833379  0.582135  0.746368  0.608088  0.611265  0.335730  0.703994  0.796211 0.0  0.359937  0.839464  0.595723  0.285181  0.758037  0.647743  0.732818  0.751070  0.537100  0.741146  0.572554  0.280074  0.390514  0.815734  0.753421  0.743427  0.682590  0.476737  0.748819  0.753320  0.781849  0.737911  0.629013  0.736968  0.488455  0.615447  0.782223  0.683650  0.744800  0.257493  0.643364  0.734493  0.479836  0.715556  0.765356  0.804678  0.734807  0.519900  0.188275  0.517405  0.261645  0.715445  0.711132  0.608733  0.708622  0.328911  0.381119  0.399062  0.340590  0.430340  0.378764  0.408817  0.432683  0.421328  0.531308  0.588303  0.461196  0.436833  0.180765  0.400084  0.559929  0.198162  0.732573  0.207795 
25  0.628497  0.623558  0.591519  0.571660  0.543080  0.454284  0.648970  0.717376  0.602119  0.552999  0.679449  0.328584  0.557910  0.487694  0.680273  0.511580  0.805428  0.473783  0.844667  0.507067  0.599638  0.222534  0.650334  0.649148  0.359937 0.0  0.675741  0.507116  0.370975  0.686155  0.670897  0.628557  0.672142  0.390879  0.496279  0.501374  0.365273  0.372496  0.753609  0.676307  0.627207  0.557921  0.324455  0.719427  0.712998  0.689884  0.494135  0.844531  0.515059  0.501043  0.615508  0.543099  0.672262  0.730327  0.451147  0.707024  0.569210  0.416045  0.644122  0.743569  0.643057  0.745770  0.503193  0.412510  0.393028  0.434105  0.542856  0.754051  0.573199  0.577561  0.473328  0.288752  0.480853  0.191391  0.538817  0.398783  0.440411  0.254535  0.145285  0.406722  0.427529  0.301254  0.373236  0.491949  0.493967  0.452908  0.457046  0.747482  0.465967 
26  0.882353  0.754249  0.766530  0.734314  0.872511  0.774614  0.694080  0.896175  0.770554  0.815133  0.839460  0.795281  0.720547  0.778865  0.758812  0.740747  0.231399  0.813948  0.890945  0.736285  0.772780  0.910728  0.908034  0.729698  0.839464  0.675741 0.0  0.789204  0.801367  0.670592  0.796161  0.815538  0.823287  0.698189  0.751150  0.775640  0.919098  0.728161  0.773721  0.848468  0.736557  0.763270  0.930888  0.665040  0.752395  0.693169  0.797124  0.789105  0.766424  0.809107  0.906501  0.868082  0.755360  0.226627  0.818158  0.745354  0.686458  0.759125  0.746761  0.807420  0.762573  0.726631  0.836414  0.874019  0.906766  1.000000  0.831461  0.769248  0.765541  0.725093  0.822016  0.818280  0.891026  0.778171  0.879872  0.718302  0.876861  0.634833  0.812502  0.723596  0.772208  0.798051  0.808359  0.811956  0.844733  0.765576  0.796411  0.727584  0.812119 
27  0.705929  0.707231  0.563257  0.630872  0.712411  0.349022  0.665233  0.714250  0.804542  0.553520  0.574884  0.594009  0.734886  0.554078  0.670871  0.289725  0.656749  0.464776  0.571024  0.491113  0.619645  0.605040  0.594878  0.638518  0.595723  0.507116  0.789204 0.0  0.484596  0.606430  0.634512  0.817483  0.664504  0.627939  0.202244  0.413705  0.557134  0.609246  0.656892  0.774316  0.678823  0.676335  0.566975  0.654006  0.867258  0.702686  0.550303  0.743388  0.662108  0.407513  0.583515  0.700230  0.788657  0.745410  0.554381  0.670465  0.512030  0.416031  0.787214  0.705657  0.680303  0.700619  0.296624  0.553791  0.499581  0.550595  0.715726  0.719265  0.603664  0.684695  0.555932  0.495783  0.495194  0.368583  0.533090  0.504178  0.636197  0.459728  0.481082  0.377994  0.140951  0.476231  0.499629  0.519177  0.622415  0.210417  0.533152  0.802653  0.517084 
28  0.645025  0.695530  0.733873  0.645398  0.565685  0.672224  0.706535  0.641893  0.728019  0.332897  0.527485  0.300797  0.776299  0.367493  0.620182  0.519733  0.811623  0.626631  0.720088  0.584500  0.575795  0.327426  0.528849  0.748102  0.285181  0.370975  0.801367  0.484596 0.0  0.749908  0.738131  0.713524  0.662921  0.331765  0.521154  0.441445  0.423209  0.257429  0.675385  0.721520  0.641732  0.618678  0.280154  0.681810  0.722582  0.819721  0.579954  0.758808  0.651085  0.557807  0.607421  0.653756  0.628086  0.724266  0.377676  0.780718  0.604453  0.534073  0.798115  0.751818  0.707608  0.723176  0.530238  0.389357  0.298477  0.511006  0.635259  0.719832  0.551692  0.614468  0.255738  0.266272  0.250394  0.389202  0.519517  0.230006  0.237302  0.240987  0.476955  0.595890  0.552635  0.253293  0.288592  0.442831  0.382539  0.540757  0.406591  0.736319  0.388226 
29  0.657184  0.242922  0.662683  0.653812  0.610364  0.728755  0.663768  0.619949  0.314699  0.736260  0.499219  0.671558  0.520229  0.780364  0.654553  0.741573  0.696696  0.625493  0.633400  0.620260  0.632512  0.711018  0.617982  0.641872  0.758037  0.686155  0.670592  0.606430  0.749908 0.0  0.617705  0.669232  0.499548  0.690069  0.718816  0.743203  0.795635  0.586378  0.637126  0.594128  0.496306  0.615646  0.735108  0.406143  0.685235  0.184458  0.614478  0.179612  0.629145  0.699450  0.627488  0.667075  0.608858  0.779366  0.762968  0.448799  0.639578  0.804256  0.631312  0.663000  0.709159  0.282497  0.598402  0.663601  0.845239  0.834504  0.563288  0.611114  0.546599  0.635435  0.704173  0.756470  0.774493  0.743495  0.582866  0.607512  0.781519  0.599144  0.664962  0.718418  0.613329  0.718798  0.547279  0.794810  0.866617  0.702769  0.747853  0.245593  0.773820 
30  0.484967  0.582345  0.538590  0.530018  0.515760  0.722708  0.442306  0.415567  0.782872  0.860787  0.535811  0.729266  0.612833  0.678833  0.510118  0.761207  0.743157  0.826386  0.491133  0.445039  0.553910  0.798899  0.621252  0.403037  0.647743  0.670897  0.796161  0.634512  0.738131  0.617705 0.0  0.391960  0.712803  0.625970  0.730949  0.690767  0.818144  0.730579  0.581684  0.628962  0.434102  0.540671  0.786190  0.703870  0.386194  0.575630  0.525369  0.664017  0.439965  0.731589  0.661329  0.428587  0.344282  0.678076  0.690651  0.511383  0.607081  0.645803  0.494076  0.472298  0.480385  0.554242  0.607980  0.662870  0.808835  0.693098  0.537177  0.411045  0.566914  0.643764  0.660446  0.590045  0.705876  0.597474  0.451555  0.657644  0.633338  0.663842  0.698198  0.685056  0.700666  0.655046  0.705789  0.725326  0.746718  0.656753  0.820237  0.608388  0.826012 
31  0.373940  0.678693  0.554032  0.433904  0.587420  0.620823  0.598722  0.511418  0.750034  0.698926  0.573420  0.749801  0.698010  0.772776  0.264654  0.716000  0.801013  0.617737  0.168172  0.466613  0.506174  0.837651  0.466982  0.300927  0.732818  0.628557  0.815538  0.817483  0.713524  0.669232  0.391960 0.0  0.714732  0.677169  0.705716  0.614383  0.609581  0.709389  0.225760  0.520795  0.640615  0.651426  0.644714  0.523610  0.534662  0.751014  0.583503  0.586247  0.517813  0.723513  0.561825  0.509002  0.633048  0.746715  0.755694  0.722048  0.641503  0.701532  0.426414  0.536590  0.264057  0.660480  0.713904  0.782251  0.645628  0.746742  0.651169  0.536724  0.631475  0.643044  0.814788  0.730663  0.707611  0.730753  0.483254  0.652960  0.771029  0.563389  0.747954  0.625317  0.670134  0.686139  0.591463  0.730660  0.748211  0.758417  0.699066  0.695397  0.698083 
32  0.566856  0.544440  0.758275  0.607264  0.703643  0.807525  0.519191  0.501678  0.723044  0.765487  0.573051  0.671538  0.660535  0.627995  0.666157  0.667421  0.853213  0.669603  0.766095  0.624076  0.741317  0.697484  0.591539  0.639140  0.751070  0.672142  0.823287  0.664504  0.662921  0.499548  0.712803  0.714732 0.0  0.625795  0.675866  0.763830  0.776316  0.631916  0.659548  0.366497  0.203581  0.143062  0.611593  0.657951  0.538846  0.612729  0.647613  0.698792  0.705414  0.787351  0.660660  0.675896  0.549737  0.827026  0.746941  0.724114  0.699523  0.744789  0.630878  0.591629  0.615116  0.479320  0.756402  0.647739  0.737458  0.739911  0.666841  0.566627  0.640933  0.621679  0.740781  0.595221  0.717616  0.634236  0.521293  0.541386  0.756664  0.592248  0.646006  0.687231  0.629286  0.630433  0.589033  0.757643  0.853943  0.690158  0.661264  0.521781  0.608191 
33  0.656233  0.587437  0.613762  0.654873  0.580751  0.559897  0.595250  0.728816  0.675613  0.451224  0.607511  0.313604  0.670893  0.447673  0.605749  0.646500  0.679297  0.647129  0.658125  0.572539  0.560827  0.496740  0.681908  0.684089  0.537100  0.390879  0.698189  0.627939  0.331765  0.690069  0.625970  0.677169  0.625795 0.0  0.560704  0.607822  0.525581  0.182901  0.715180  0.709647  0.645594  0.567562  0.462395  0.714141  0.707921  0.617657  0.532196  0.649065  0.613017  0.504034  0.550173  0.716517  0.662055  0.742311  0.487508  0.670118  0.597662  0.549497  0.598794  0.704296  0.743127  0.611222  0.518344  0.490260  0.449074  0.393946  0.667590  0.716590  0.669420  0.553669  0.469136  0.259744  0.399106  0.580648  0.482967  0.392895  0.406437  0.191630  0.458505  0.530672  0.590111  0.326001  0.323478  0.541778  0.350692  0.568857  0.514407  0.595823  0.486404 
34  0.724717  0.674128  0.660302  0.518909  0.422182  0.266112  0.606091  0.718427  0.783801  0.555889  0.626421  0.509108  0.741789  0.518638  0.592467  0.231613  0.755018  0.312206  0.533965  0.522421  0.652019  0.538811  0.533893  0.662488  0.741146  0.496279  0.751150  0.202244  0.521154  0.718816  0.730949  0.705716  0.675866  0.560704 0.0  0.378386  0.474261  0.489987  0.660979  0.694964  0.626577  0.541301  0.515256  0.683936  0.763729  0.635827  0.675873  0.739553  0.727433  0.411289  0.576985  0.599492  0.760338  0.705749  0.517018  0.721169  0.644875  0.402035  0.763702  0.614705  0.586720  0.701704  0.422715  0.562662  0.482525  0.488264  0.735725  0.694031  0.583794  0.629471  0.546261  0.516305  0.596792  0.581153  0.421907  0.456923  0.520555  0.398648  0.464984  0.366091  0.196443  0.519842  0.661196  0.465255  0.516989  0.126430  0.503506  0.772892  0.535083 
35  0.700231  0.689376  0.665030  0.696241  0.630934  0.351711  0.824773  0.801719  0.728535  0.519880  0.680614  0.502715  0.667170  0.559775  0.688303  0.400983  0.905353  0.264602  0.629977  0.623964  0.648013  0.364827  0.521605  0.661976  0.572554  0.501374  0.775640  0.413705  0.441445  0.743203  0.690767  0.614383  0.763830  0.607822  0.378386 0.0  0.403515  0.547257  0.741829  0.728632  0.763341  0.690339  0.559221  0.712414  0.894896  0.800471  0.650543  0.686851  0.720710  0.142884  0.619808  0.755634  0.805136  0.823145  0.478822  0.795565  0.585324  0.294250  0.658726  0.594505  0.587185  0.701858  0.303038  0.580332  0.542118  0.471163  0.643444  0.772239  0.651819  0.656271  0.533694  0.555136  0.585142  0.456449  0.496445  0.496174  0.516976  0.385088  0.450753  0.145116  0.434724  0.575921  0.558094  0.425717  0.461592  0.359286  0.547267  0.744438  0.529691 
36  0.747318  0.767947  0.640196  0.803495  0.590180  0.442144  0.658947  0.759764  0.740510  0.417943  0.684330  0.335729  0.709379  0.255513  0.761136  0.520138  0.806400  0.348948  0.763257  0.561125  0.687302  0.240303  0.603282  0.835887  0.280074  0.365273  0.919098  0.557134  0.423209  0.795635  0.818144  0.609581  0.776316  0.525581  0.474261  0.403515 0.0  0.454459  0.630876  0.827409  0.772650  0.728862  0.385950  0.742447  0.806888  0.751041  0.711887  0.734380  0.724923  0.405944  0.700246  0.691045  0.864620  0.712406  0.241706  0.823394  0.561799  0.431063  0.747186  0.767185  0.704814  0.854976  0.494304  0.218457  0.348997  0.125888  0.709441  0.724497  0.634043  0.776100  0.361723  0.452745  0.404208  0.430367  0.590253  0.391103  0.401382  0.307237  0.412536  0.487173  0.510994  0.578558  0.518413  0.194600  0.412494  0.405891  0.153559  0.755124  0.228831 
37  0.572918  0.649308  0.511617  0.581012  0.593088  0.590671  0.632851  0.730755  0.636859  0.341152  0.533893  0.259305  0.643192  0.526218  0.642507  0.546466  0.789013  0.611366  0.648898  0.677927  0.496094  0.432919  0.634475  0.594169  0.390514  0.372496  0.728161  0.609246  0.257429  0.586378  0.730579  0.709389  0.631916  0.182901  0.489987  0.547257  0.454459 0.0  0.628365  0.664821  0.663288  0.665196  0.392768  0.639411  0.791032  0.747404  0.564493  0.617703  0.585848  0.543315  0.610724  0.680677  0.777595  0.670970  0.437514  0.642873  0.529233  0.592847  0.691055  0.673578  0.641098  0.607092  0.502881  0.508658  0.396804  0.447768  0.631671  0.700967  0.523288  0.607613  0.421387  0.306695  0.405041  0.416701  0.653174  0.296920  0.335883  0.254163  0.511032  0.545235  0.647015  0.277011  0.302321  0.476454  0.342941  0.504441  0.419169  0.570190  0.436313 
38  0.579093  0.528099  0.614761  0.428617  0.465236  0.565209  0.609808  0.484907  0.666435  0.763382  0.551801  0.664437  0.653539  0.770502  0.447442  0.692696  0.818485  0.647482  0.252303  0.359904  0.516138  0.809544  0.428040  0.196135  0.815734  0.753609  0.773721  0.656892  0.675385  0.637126  0.581684  0.225760  0.659548  0.715180  0.660979  0.741829  0.630876  0.628365 0.0  0.713279  0.633668  0.721755  0.596889  0.724832  0.513018  0.726126  0.593554  0.708400  0.348877  0.665826  0.537127  0.369595  0.547301  0.736684  0.780845  0.651179  0.462393  0.626413  0.551478  0.472561  0.260973  0.638226  0.748576  0.723571  0.680989  0.635028  0.528087  0.362038  0.541667  0.647857  0.734783  0.751099  0.567567  0.623004  0.464266  0.603461  0.807762  0.579452  0.754135  0.656324  0.715373  0.701790  0.609162  0.743174  0.886608  0.759490  0.833958  0.678263  0.699516 
39  0.584297  0.654645  0.593005  0.574606  0.623227  0.705922  0.818291  0.610573  0.574678  0.728928  0.641374  0.576239  0.663403  0.831155  0.748393  0.770344  0.803282  0.807800  0.716510  0.747279  0.715906  0.775756  0.706350  0.764226  0.753421  0.676307  0.848468  0.774316  0.721520  0.594128  0.628962  0.520795  0.366497  0.709647  0.694964  0.728632  0.827409  0.664821  0.713279 0.0  0.278048  0.365668  0.761101  0.789262  0.603565  0.628314  0.621283  0.627704  0.668368  0.693567  0.627599  0.703092  0.576768  0.743062  0.717710  0.595347  0.744016  0.661689  0.601163  0.559896  0.698428  0.721824  0.686763  0.727771  0.827664  0.834544  0.626215  0.645587  0.613362  0.678000  0.757404  0.713053  0.776750  0.677025  0.420223  0.694966  0.767148  0.742926  0.663223  0.667329  0.708927  0.602561  0.623088  0.909946  0.690301  0.718423  0.747441  0.595425  0.792150 
40  0.529775  0.540488  0.609580  0.624593  0.649113  0.683156  0.507624  0.493288  0.580492  0.749728  0.655972  0.651105  0.520249  0.807247  0.650224  0.671260  0.785381  0.781309  0.588220  0.712411  0.700646  0.773130  0.660211  0.750726  0.743427  0.627207  0.736557  0.678823  0.641732  0.496306  0.434102  0.640615  0.203581  0.645594  0.626577  0.763341  0.772650  0.663288  0.633668  0.278048 0.0  0.301795  0.721595  0.678437  0.534404  0.479795  0.625634  0.662260  0.645550  0.785954  0.669305  0.676783  0.448914  0.863807  0.689140  0.596746  0.675853  0.692580  0.649672  0.542942  0.634363  0.626897  0.713311  0.718272  0.764053  0.848945  0.649994  0.538180  0.504022  0.719684  0.800730  0.655011  0.645805  0.684719  0.472403  0.616448  0.695790  0.712992  0.501358  0.658102  0.700908  0.576790  0.567505  0.790144  0.609434  0.512656  0.758633  0.536048  0.752878 
41  0.562455  0.480910  0.581476  0.618387  0.624299  0.724489  0.594061  0.562218  0.626450  0.786502  0.698452  0.644576  0.693456  0.670393  0.640310  0.598191  0.729626  0.687148  0.639651  0.704023  0.699774  0.815741  0.680751  0.620554  0.682590  0.557921  0.763270  0.676335  0.618678  0.615646  0.540671  0.651426  0.143062  0.567562  0.541301  0.690339  0.728862  0.665196  0.721755  0.365668  0.301795 0.0  0.744082  0.438709  0.535719  0.545424  0.621505  0.553034  0.647942  0.675560  0.557612  0.677347  0.479700  0.752183  0.735140  0.575880  0.613283  0.820643  0.627124  0.582213  0.684623  0.707434  0.636328  0.803369  0.767407  0.788901  0.636289  0.592953  0.586089  0.634892  0.793579  0.661028  0.666161  0.681471  0.421251  0.586584  0.661750  0.689499  0.684082  0.695929  0.632025  0.596590  0.637882  0.820093  0.756915  0.717517  0.709312  0.601100  0.782121 
42  0.829288  0.671159  0.623261  0.643585  0.513022  0.500889  0.786123  0.761358  0.732436  0.208493  0.661739  0.197189  0.658784  0.433796  0.659992  0.496776  0.826133  0.496880  0.756497  0.615976  0.666368  0.410236  0.592513  0.573570  0.476737  0.324455  0.930888  0.566975  0.280154  0.735108  0.786190  0.644714  0.611593  0.462395  0.515256  0.559221  0.385950  0.392768  0.596889  0.761101  0.721595  0.744082 0.0  0.823209  0.794583  0.677309  0.566044  0.732468  0.684290  0.511085  0.630154  0.777621  0.722081  0.839278  0.387206  0.703705  0.555435  0.467270  0.648087  0.744902  0.635197  0.669887  0.523359  0.216081  0.073542  0.421179  0.578068  0.746086  0.608417  0.597930  0.359442  0.232138  0.213890  0.451330  0.508862  0.305233  0.199054  0.261147  0.382149  0.535349  0.577947  0.287807  0.294430  0.413352  0.332782  0.486210  0.325875  0.709391  0.347007 
43  0.642359  0.231147  0.619723  0.684216  0.557584  0.718875  0.567822  0.732194  0.360909  0.737101  0.593887  0.696645  0.534739  0.724584  0.666688  0.722607  0.600531  0.775437  0.768733  0.645782  0.599005  0.756774  0.656471  0.664083  0.748819  0.719427  0.665040  0.654006  0.681810  0.406143  0.703870  0.523610  0.657951  0.714141  0.683936  0.712414  0.742447  0.639411  0.724832  0.789262  0.678437  0.438709  0.823209 0.0  0.615399  0.265572  0.646471  0.144980  0.722574  0.671609  0.558397  0.612179  0.614852  0.625130  0.917228  0.482399  0.576453  0.666704  0.728334  0.696272  0.751174  0.288524  0.680536  0.800660  0.727048  0.855463  0.559986  0.691775  0.624542  0.692856  0.769818  0.635685  0.753824  0.726057  0.519221  0.716936  0.646169  0.601929  0.696439  0.644965  0.720698  0.751670  0.747411  0.843588  0.776469  0.700189  0.753446  0.420315  0.732125 
44  0.344117  0.541519  0.614201  0.351217  0.547666  0.790712  0.536944  0.230602  0.758286  0.850586  0.634876  0.737230  0.538813  0.760820  0.491904  0.716668  0.835471  0.810202  0.549192  0.378711  0.601609  0.804186  0.559057  0.577539  0.753320  0.712998  0.752395  0.867258  0.722582  0.685235  0.386194  0.534662  0.538846  0.707921  0.763729  0.894896  0.806888  0.791032  0.513018  0.603565  0.534404  0.535719  0.794583  0.615399 0.0  0.759461  0.586334  0.683813  0.436935  0.750461  0.597726  0.339714  0.170563  0.787253  0.801236  0.653548  0.599479  0.731185  0.333229  0.276337  0.380705  0.589767  0.837625  0.846109  0.769996  0.864438  0.677670  0.258616  0.594157  0.663949  0.625015  0.688383  0.697293  0.699955  0.423572  0.681695  0.690016  0.651891  0.687497  0.787205  0.694171  0.712244  0.691179  0.700584  0.781476  0.618734  0.714130  0.674004  0.786554 
