89
0 0.0  0.599818  0.640599  0.326832  0.553110  0.687332  0.658975  0.267177  0.717380  0.814629  0.591321  0.800457  0.691473  0.868412  0.603240  0.779676  0.872199  0.818694  0.524269  0.399948  0.490623  0.810415  0.654545  0.518160  0.692970  0.788827  0.904729  0.748284  0.719013  0.659455  0.481501  0.437766  0.551674  0.744135  0.630674  0.762178  0.778288  0.708955  0.365541  0.535490  0.638350  0.570988  0.722174  0.714390  0.316070  0.708359  0.536221  0.689265  0.364560  0.856556  0.675609  0.332061  0.167220  0.781552  0.820925  0.676142  0.585848  0.727607  0.441049  0.199420  0.400381  0.621211  0.754293  0.741451  0.753822  0.809926  0.687774  0.359370  0.642343  0.653390  0.793806  0.667162  0.777090  0.630180  0.433617  0.679730  0.630423  0.627594  0.748428  0.782768  0.755467  0.612032  0.666325  0.825725  0.862103  0.731220  0.782728  0.675369  0.777364 
1  0.599818 0.0  0.684354  0.685844  0.609274  0.721193  0.535159  0.763481  0.308591  0.853483  0.681809  0.721147  0.292442  0.770488  0.790743  0.843972  0.694004  0.733971  0.723852  0.647480  0.619401  0.732671  0.673532  0.667922  0.847528  0.671518  0.686703  0.768323  0.695131  0.330428  0.559182  0.748608  0.551700  0.698964  0.722237  0.770161  0.801648  0.703845  0.761998  0.523971  0.531259  0.509273  0.788225  0.306460  0.720923  0.313230  0.518637  0.235489  0.722470  0.793481  0.673126  0.801093  0.605406  0.755637  0.827662  0.313034  0.706357  0.669502  0.684966  0.607270  0.711019  0.365079  0.639839  0.708360  0.788167  0.760145  0.586820  0.713263  0.452980  0.685827  0.858616  0.720989  0.724158  0.583216  0.517994  0.675648  0.825377  0.628559  0.722235  0.699633  0.783763  0.687099  0.648347  0.816453  0.735565  0.741665  0.843101  0.456455  0.880255 
2  0.640599  0.684354 0.0  0.577177  0.302880  0.674523  0.585243  0.573648  0.604675  0.693557  0.428405  0.606542  0.579513  0.675603  0.635792  0.589008  0.736885  0.614835  0.696491  0.632410  0.386634  0.647650  0.408875  0.545477  0.723812  0.730480  0.718955  0.698681  0.645058  0.621330  0.555289  0.674931  0.594585  0.500730  0.761436  0.682187  0.795932  0.482068  0.588327  0.596305  0.641564  0.591777  0.700778  0.654557  0.633349  0.688652  0.332837  0.519129  0.598975  0.646954  0.382890  0.659707  0.619201  0.832370  0.676079  0.574418  0.464575  0.663742  0.527035  0.586729  0.596094  0.549858  0.648328  0.592707  0.750404  0.719435  0.613968  0.674552  0.146779  0.566863  0.668683  0.622173  0.722023  0.558720  0.557515  0.620047  0.611797  0.532050  0.730869  0.738456  0.585040  0.599795  0.506955  0.814911  0.718230  0.682672  0.659974  0.608897  0.687999 
3  0.326832  0.685844  0.577177 0.0  0.503252  0.645491  0.585596  0.477454  0.782532  0.879605  0.604819  0.651609  0.601548  0.853635  0.534578  0.643431  0.766306  0.753435  0.505392  0.395524  0.550013  0.700887  0.596954  0.558358  0.833320  0.684055  0.906635  0.683658  0.654617  0.696341  0.536873  0.416980  0.660915  0.657290  0.693230  0.817378  0.722217  0.624316  0.493715  0.532434  0.702082  0.677804  0.703965  0.611104  0.322020  0.746866  0.524466  0.654008  0.275130  0.592908  0.555908  0.338493  0.318316  0.692078  0.776439  0.648241  0.529692  0.713788  0.316706  0.305814  0.501181  0.624460  0.699659  0.770103  0.809446  0.758931  0.548470  0.324619  0.591712  0.649168  0.827205  0.599670  0.792219  0.698540  0.388188  0.715713  0.670187  0.602690  0.780463  0.749832  0.603563  0.747643  0.700413  0.718489  0.784003  0.727506  0.793937  0.576983  0.741027 
4  0.553110  0.609274  0.302880  0.503252 0.0  0.618593  0.666589  0.535936  0.721296  0.717776  0.198568  0.713050  0.505867  0.658206  0.631874  0.692473  0.780612  0.588441  0.600429  0.650619  0.285032  0.644225  0.199840  0.477954  0.744743  0.521591  0.943382  0.670263  0.610007  0.626569  0.457427  0.655830  0.693974  0.629758  0.689771  0.701654  0.762498  0.631626  0.495042  0.714090  0.599919  0.736429  0.717711  0.731828  0.570158  0.704482  0.307047  0.592370  0.622591  0.605491  0.331503  0.607043  0.515116  0.814496  0.721552  0.650947  0.132764  0.559521  0.502458  0.599950  0.602439  0.612642  0.628614  0.644206  0.645366  0.761207  0.545211  0.604220  0.295266  0.642908  0.665872  0.576267  0.661124  0.558054  0.416710  0.617071  0.689049  0.564699  0.591935  0.576956  0.547935  0.517063  0.461354  0.709787  0.733614  0.534494  0.752119  0.604959  0.772403 
5  0.687332  0.721193  0.674523  0.645491  0.618593 0.0  0.727860  0.841590  0.747661  0.596780  0.701619  0.467891  0.655121  0.529710  0.663318  0.242982  0.725083  0.285881  0.620173  0.562966  0.612066  0.497578  0.526925  0.785660  0.606154  0.542925  0.828921  0.333158  0.604428  0.753648  0.699005  0.608072  0.724536  0.555265  0.262715  0.344217  0.572228  0.504567  0.743822  0.742503  0.800027  0.683588  0.503362  0.683874  0.807631  0.835676  0.603638  0.660802  0.703042  0.318178  0.660121  0.690380  0.821937  0.692838  0.599159  0.837816  0.555706  0.331241  0.718107  0.658865  0.631125  0.747248  0.346384  0.656163  0.540904  0.520233  0.737165  0.706985  0.629315  0.684363  0.718254  0.529039  0.581332  0.563419  0.537987  0.487334  0.469065  0.521833  0.423882  0.333025  0.233671  0.532398  0.504110  0.527828  0.526613  0.296016  0.506069  0.780794  0.530985 
6  0.658975  0.535159  0.585243  0.585596  0.666589  0.727860 0.0  0.677005  0.629955  0.864624  0.526588  0.645739  0.695913  0.658526  0.697935  0.734972  0.716645  0.638800  0.665879  0.632802  0.725377  0.667294  0.653060  0.660007  0.805354  0.670628  0.750974  0.748253  0.649762  0.654482  0.430841  0.693711  0.536939  0.601966  0.700345  0.644061  0.712367  0.741153  0.638385  0.684578  0.602161  0.672692  0.722058  0.603592  0.519185  0.572036  0.697597  0.587105  0.614520  0.603801  0.667862  0.615573  0.606535  0.696230  0.722946  0.519209  0.602912  0.564554  0.575457  0.711305  0.690608  0.541288  0.711195  0.692694  0.879066  0.728568  0.398632  0.554940  0.553699  0.361591  0.768476  0.607593  0.672632  0.541034  0.633152  0.619197  0.710817  0.517902  0.492815  0.660538  0.704489  0.649267  0.686920  0.771647  0.684757  0.701049  0.660258  0.638083  0.715583 
7  0.267177  0.763481  0.573648  0.477454  0.535936  0.841590  0.677005 0.0  0.765993  0.809475  0.552236  0.727990  0.593936  0.825794  0.525032  0.648133  0.862840  0.748738  0.502627  0.530269  0.547107  0.850382  0.716208  0.436840  0.725921  0.703008  0.856397  0.785297  0.820665  0.663448  0.393039  0.539107  0.667285  0.681883  0.705844  0.792485  0.786101  0.749890  0.383214  0.563942  0.568080  0.593468  0.768537  0.640132  0.168188  0.556406  0.633403  0.704993  0.366965  0.779191  0.576543  0.474580  0.075101  0.773908  0.850912  0.640046  0.644202  0.723447  0.402114  0.336406  0.567593  0.631258  0.778687  0.760109  0.816623  0.824199  0.650743  0.263855  0.569797  0.620314  0.751042  0.662593  0.682367  0.658121  0.466363  0.679682  0.692801  0.566476  0.752934  0.757923  0.752016  0.576574  0.661929  0.758468  0.764602  0.716171  0.759517  0.663373  0.793365 
8  0.717380  0.308591  0.604675  0.782532  0.721296  0.747661  0.629955  0.765993 0.0  0.829544  0.663513  0.752661  0.352634  0.739467  0.835669  0.796650  0.641625  0.868572  0.722048  0.690931  0.610586  0.835313  0.627956  0.686661  0.838209  0.813688  0.744585  0.766905  0.812200  0.389590  0.715677  0.703238  0.613140  0.660485  0.760550  0.687554  0.733812  0.657393  0.696831  0.645683  0.593234  0.668159  0.820516  0.445149  0.718094  0.425153  0.774866  0.335302  0.629084  0.586517  0.645777  0.690628  0.728507  0.759015  0.784840  0.496756  0.721694  0.877983  0.554204  0.788245  0.681287  0.354145  0.776695  0.803888  0.787308  0.744015  0.654118  0.685722  0.641204  0.697257  0.758111  0.634171  0.795747  0.826022  0.501345  0.782842  0.766087  0.769421  0.692229  0.686946  0.762956  0.705358  0.775867  0.771596  0.760238  0.683837  0.812021  0.354470  0.788327 
9  0.814629  0.853483  0.693557  0.879605  0.717776  0.596780  0.864624  0.809475  0.829544 0.0  0.660804  0.444962  0.763984  0.360320  0.833705  0.627301  0.921616  0.594346  0.726964  0.723917  0.800198  0.476491  0.564225  0.899349  0.528529  0.489215  0.781227  0.569026  0.269976  0.878014  0.837638  0.802125  0.752913  0.446726  0.552349  0.537724  0.377278  0.422360  0.689397  0.827540  0.811614  0.786776  0.192336  0.837661  0.882351  0.852711  0.702134  0.790457  0.806271  0.643890  0.646210  0.854964  0.746161  0.842854  0.476086  0.777734  0.672340  0.623264  0.655324  0.756665  0.733278  0.736388  0.617079  0.440255  0.191103  0.395838  0.813281  0.793234  0.701980  0.811563  0.298591  0.428534  0.270936  0.462726  0.684844  0.479987  0.348570  0.338514  0.393042  0.497663  0.564366  0.367926  0.342726  0.348845  0.244097  0.450324  0.392384  0.900394  0.395831 
10  0.591321  0.681809  0.428405  0.604819  0.198568  0.701619  0.526588  0.552236  0.663513  0.660804 0.0  0.599068  0.597611  0.677029  0.531896  0.715304  0.828617  0.646883  0.593520  0.679925  0.421183  0.679611  0.215804  0.632405  0.623656  0.584900  0.834111  0.693597  0.687461  0.655754  0.648767  0.534326  0.667390  0.641504  0.652221  0.593958  0.699615  0.598781  0.391781  0.511144  0.592299  0.552042  0.581119  0.560960  0.577376  0.622775  0.285796  0.530374  0.619572  0.723041  0.443253  0.568116  0.642691  0.806900  0.657682  0.674990  0.243823  0.688976  0.630649  0.616031  0.634258  0.583543  0.610789  0.684914  0.631312  0.718863  0.551446  0.565630  0.471751  0.598098  0.682643  0.627358  0.729586  0.664803  0.419612  0.573524  0.590805  0.679139  0.616395  0.582510  0.677989  0.556909  0.520172  0.716347  0.768782  0.635776  0.691395  0.620138  0.797863 
11  0.800457  0.721147  0.606542  0.651609  0.713050  0.467891  0.645739  0.727990  0.752661  0.444962  0.599068 0.0  0.803915  0.550986  0.712278  0.477624  0.828836  0.422399  0.728726  0.572963  0.638936  0.543580  0.617939  0.751677  0.431410  0.412558  0.890707  0.475673  0.155804  0.641101  0.763458  0.755793  0.637478  0.432413  0.565809  0.556214  0.469159  0.302549  0.697836  0.780378  0.667735  0.707975  0.341890  0.815945  0.726892  0.716778  0.553092  0.761854  0.560445  0.654141  0.591890  0.766719  0.664451  0.863206  0.392162  0.719673  0.655139  0.569432  0.643363  0.780803  0.648522  0.740651  0.572022  0.445531  0.354783  0.408378  0.771862  0.767446  0.567804  0.625191  0.213747  0.161081  0.228125  0.468342  0.540154  0.103257  0.247974  0.234839  0.328250  0.466201  0.631432  0.218711  0.261843  0.493450  0.161358  0.593847  0.385383  0.745063  0.476003 
12  0.691473  0.292442  0.579513  0.601548  0.505867  0.655121  0.695913  0.593936  0.352634  0.763984  0.597611  0.803915 0.0  0.887605  0.667184  0.706263  0.784639  0.671673  0.735831  0.576453  0.614668  0.913266  0.560711  0.658778  0.762960  0.708629  0.826084  0.881399  0.726463  0.498273  0.643647  0.690980  0.598798  0.794208  0.710695  0.684528  0.807840  0.722894  0.607316  0.593290  0.547908  0.619020  0.779972  0.545105  0.682915  0.501021  0.560562  0.436917  0.691505  0.751683  0.628076  0.671426  0.565623  0.787530  0.765596  0.344881  0.576908  0.740063  0.511638  0.709306  0.625922  0.514796  0.741368  0.778644  0.663297  0.795523  0.585518  0.571472  0.556320  0.618609  0.807595  0.819805  0.744328  0.627564  0.463672  0.607180  0.763317  0.546387  0.657540  0.727119  0.639298  0.716111  0.549325  0.797628  0.748857  0.661940  0.714490  0.453487  0.832548 
13  0.868412  0.770488  0.675603  0.853635  0.658206  0.529710  0.658526  0.825794  0.739467  0.360320  0.677029  0.550986  0.887605 0.0  0.724818  0.567102  0.874924  0.521998  0.778671  0.713628  0.649190  0.162831  0.656130  0.827197  0.270161  0.374621  1.000000  0.439824  0.462836  0.819944  0.742965  0.756660  0.758155  0.549376  0.568473  0.529451  0.314794  0.527555  0.927011  0.896882  0.819012  0.737592  0.478936  0.684891  0.784489  0.781760  0.697422  0.771981  0.865897  0.574790  0.699975  0.813517  0.759614  0.778548  0.246267  0.781414  0.740050  0.498938  0.705245  0.718972  0.850618  0.868813  0.589213  0.376666  0.457036  0.261917  0.813109  0.751201  0.648965  0.719703  0.314599  0.463747  0.415147  0.439534  0.528653  0.552474  0.450012  0.313894  0.361173  0.512099  0.572558  0.391874  0.444833  0.370790  0.459236  0.563539  0.286216  0.682379  0.209667 
14  0.603240  0.790743  0.635792  0.534578  0.631874  0.663318  0.697935  0.525032  0.835669  0.833705  0.531896  0.712278  0.667184  0.724818 0.0  0.783756  0.833893  0.691534  0.320873  0.438758  0.609343  0.768701  0.595227  0.246264  0.785315  0.612523  0.781216  0.645438  0.734554  0.701251  0.426524  0.284579  0.786496  0.552596  0.728807  0.640993  0.812216  0.699501  0.455643  0.762620  0.651598  0.700770  0.696553  0.659611  0.503460  0.669695  0.620096  0.644445  0.426301  0.673341  0.641577  0.411349  0.523862  0.776886  0.694508  0.643692  0.664646  0.641943  0.426193  0.527505  0.234461  0.660403  0.712501  0.670592  0.672376  0.738191  0.635668  0.522696  0.606701  0.579941  0.857209  0.620167  0.674102  0.694241  0.554118  0.643495  0.740428  0.651278  0.677715  0.637943  0.688035  0.618385  0.639823  0.812208  0.757507  0.761940  0.644343  0.657560  0.641412 
15  0.779676  0.843972  0.589008  0.643431  0.692473  0.242982  0.734972  0.648133  0.796650  0.627301  0.715304  0.477624  0.706263  0.567102  0.783756 0.0  0.824535  0.341134  0.740916  0.549651  0.621481  0.466334  0.670542  0.713706  0.591779  0.467318  0.747351  0.368407  0.574525  0.719962  0.695718  0.743710  0.589163  0.580695  0.246640  0.321366  0.545585  0.547469  0.617743  0.744492  0.691494  0.743669  0.595176  0.706585  0.803330  0.780490  0.522930  0.785109  0.751765  0.364467  0.578363  0.612063  0.741060  0.831232  0.614896  0.594564  0.558225  0.453217  0.716330  0.787783  0.746673  0.764820  0.383829  0.516427  0.546143  0.526078  0.668427  0.759147  0.729311  0.670916  0.567205  0.551860  0.685697  0.625820  0.562877  0.473246  0.595396  0.511733  0.559278  0.402408  0.304992  0.551182  0.662789  0.591671  0.604057  0.297006  0.556104  0.678262  0.568899 
16  0.872199  0.694004  0.736885  0.766306  0.780612  0.725083  0.716645  0.862840  0.641625  0.921616  0.828617  0.828836  0.784639  0.874924  0.833893  0.824535 0.0  0.799378  0.879894  0.731226  0.807094  0.880989  0.723297  0.847676  0.902343  0.837321  0.239420  0.879676  0.861666  0.683915  0.739399  0.808775  0.766809  0.770650  0.801659  0.852223  0.868728  0.758885  0.886829  0.799660  0.777699  0.768364  0.940315  0.778272  0.982840  0.723653  0.811791  0.653943  0.804604  0.906492  0.763798  0.820917  0.747680  0.205482  0.762547  0.755032  0.738197  0.732808  0.939707  0.741228  0.817010  0.689224  0.724060  0.922500  0.813606  0.961895  0.805696  0.896467  0.714875  0.754993  0.805188  0.868851  0.876089  0.682190  0.836333  0.859722  0.869613  0.836748  0.884600  0.772855  0.884532  0.771854  0.858313  0.888286  0.855064  0.739035  0.877667  0.724988  0.902360 
17  0.818694  0.733971  0.614835  0.753435  0.588441  0.285881  0.638800  0.748738  0.868572  0.594346  0.646883  0.422399  0.671673  0.521998  0.691534  0.341134  0.799378 0.0  0.665952  0.573880  0.630513  0.449075  0.578545  0.689427  0.680480  0.470534  0.875448  0.470837  0.574984  0.736471  0.765374  0.692274  0.801278  0.496455  0.382601  0.260150  0.536726  0.654106  0.723515  0.767250  0.691660  0.698278  0.531884  0.751294  0.706022  0.797363  0.670067  0.764080  0.604672  0.300575  0.725553  0.713053  0.892271  0.788784  0.449014  0.665093  0.677812  0.315408  0.729607  0.612741  0.643692  0.717824  0.308636  0.597110  0.583773  0.578939  0.685340  0.729825  0.695806  0.656009  0.507056  0.612798  0.478495  0.522235  0.547624  0.453833  0.478390  0.456651  0.555458  0.281289  0.345265  0.527231  0.580223  0.505416  0.605143  0.404447  0.578345  0.789788  0.643739 
18  0.524269  0.723852  0.696491  0.505392  0.600429  0.620173  0.665879  0.502627  0.722048  0.726964  0.593520  0.728726  0.735831  0.778671  0.320873  0.740916  0.879894  0.665952 0.0  0.412412  0.530425  0.708302  0.540491  0.293755  0.783227  0.674626  0.853600  0.551092  0.748420  0.775149  0.484760  0.249757  0.730774  0.891815  0.628479  0.667838  0.708076  0.724690  0.211020  0.738556  0.744368  0.740650  0.762231  0.774306  0.548036  0.787520  0.638031  0.708430  0.543362  0.561379  0.598489  0.422950  0.553451  0.811593  0.719482  0.721433  0.623985  0.700347  0.449988  0.494734  0.272244  0.842428  0.705932  0.778141  0.656161  0.684949  0.694350  0.451852  0.715329  0.778931  0.832674  0.629814  0.725337  0.646996  0.461876  0.734497  0.677531  0.621866  0.689390  0.572255  0.670143  0.697397  0.565169  0.685609  0.849535  0.609935  0.735379  0.777042  0.749814 
19  0.399948  0.647480  0.632410  0.395524  0.650619  0.562966  0.632802  0.530269  0.690931  0.723917  0.679925  0.572963  0.576453  0.713628  0.438758  0.549651  0.731226  0.573880  0.412412 0.0  0.679238  0.572164  0.650091  0.346137  0.664026  0.588823  0.807234  0.606907  0.747158  0.634201  0.484280  0.558603  0.672615  0.608160  0.582469  0.528393  0.671548  0.606866  0.401162  0.828339  0.726174  0.749559  0.644677  0.661596  0.464254  0.617200  0.561760  0.677303  0.338840  0.597660  0.623731  0.417617  0.438511  0.755052  0.659884  0.591251  0.576502  0.531286  0.468127  0.460010  0.408318  0.642268  0.580857  0.568688  0.588939  0.636520  0.616887  0.504335  0.632614  0.690613  0.712308  0.529019  0.628054  0.540495  0.522851  0.595072  0.539749  0.507719  0.671050  0.516851  0.502212  0.570989  0.674498  0.682865  0.604119  0.546061  0.686654  0.693118  0.658452 
20  0.490623  0.619401  0.386634  0.550013  0.285032  0.612066  0.725377  0.547107  0.610586  0.800198  0.421183  0.638936  0.614668  0.649190  0.609343  0.621481  0.807094  0.630513  0.530425  0.679238 0.0  0.673333  0.343628  0.588864  0.835640  0.670504  0.763788  0.648385  0.538283  0.640899  0.660590  0.502636  0.578377  0.504160  0.666674  0.682884  0.738388  0.559829  0.547797  0.695442  0.632265  0.593750  0.570252  0.680149  0.580814  0.517081  0.277243  0.608211  0.487731  0.515229  0.369467  0.596038  0.591988  0.721973  0.576969  0.589669  0.320677  0.663444  0.609736  0.527518  0.556645  0.519083  0.645661  0.682839  0.708755  0.695234  0.568386  0.533690  0.421686  0.662283  0.627020  0.647870  0.641912  0.645901  0.507924  0.684016  0.659354  0.570334  0.720287  0.640382  0.578926  0.546985  0.488944  0.753525  0.676382  0.598734  0.659139  0.630658  0.661399 
21  0.810415  0.732671  0.647650  0.700887  0.644225  0.497578  0.667294  0.850382  0.835313  0.476491  0.679611  0.543580  0.913266  0.162831  0.768701  0.466334  0.880989  0.449075  0.708302  0.572164  0.673333 0.0  0.752460  0.726869  0.246125  0.268304  0.845803  0.409563  0.490823  0.841030  0.705258  0.861071  0.749693  0.486269  0.476339  0.456223  0.148783  0.499567  0.786137  0.732452  0.728536  0.665661  0.332009  0.681988  0.798361  0.795421  0.484143  0.729534  0.753793  0.418378  0.749778  0.772540  0.778728  0.824478  0.416571  0.736703  0.679781  0.484416  0.688000  0.796910  0.720644  0.878209  0.442230  0.382767  0.484098  0.264395  0.633491  0.789075  0.624573  0.678629  0.333083  0.346191  0.398152  0.393905  0.616433  0.368028  0.475000  0.282430  0.349215  0.501423  0.507124  0.427877  0.497739  0.293116  0.446066  0.466826  0.271161  0.722213  0.259641 
22  0.654545  0.673532  0.408875  0.596954  0.199840  0.526925  0.653060  0.716208  0.627956  0.564225  0.215804  0.617939  0.560711  0.656130  0.595227  0.670542  0.723297  0.578545  0.540491  0.650091  0.343628  0.752460 0.0  0.583039  0.737521  0.696171  0.830609  0.670719  0.613658  0.589269  0.656260  0.370177  0.773688  0.734536  0.694685  0.625345  0.558252  0.595923  0.368108  0.701931  0.730784  0.795112  0.570883  0.695250  0.682259  0.657275  0.514262  0.608847  0.481737  0.614432  0.378472  0.572758  0.706155  0.766734  0.624840  0.735841  0.136261  0.623910  0.542019  0.630482  0.534228  0.629764  0.557623  0.612871  0.624729  0.624830  0.600153  0.552794  0.480651  0.608162  0.642661  0.644230  0.697362  0.664584  0.512940  0.631195  0.701941  0.538769  0.696422  0.645496  0.644863  0.628403  0.601016  0.629352  0.679544  0.705252  0.750683  0.682429  0.658617 
23  0.518160  0.667922  0.545477  0.558358  0.477954  0.785660  0.660007  0.436840  0.686661  0.899349  0.632405  0.751677  0.658778  0.827197  0.246264  0.713706  0.847676  0.689427  0.293755  0.346137  0.588864  0.726869  0.583039 0.0  0.781294  0.680749  0.877701  0.742849  0.724084  0.765077  0.487533  0.244497  0.663144  0.723821  0.782293  0.766375  0.739480  0.879644  0.245130  0.758053  0.604836  0.704122  0.727916  0.660212  0.546011  0.655493  0.601874  0.644292  0.362579  0.766686  0.664288  0.466732  0.502396  0.819147  0.669203  0.651031  0.482368  0.706697  0.344567  0.510556  0.262134  0.655897  0.672385  0.677626  0.694487  0.703332  0.538248  0.518091  0.584661  0.688484  0.701174  0.746157  0.646429  0.690023  0.435888  0.807796  0.823091  0.601010  0.803786  0.752684  0.791471  0.687075  0.590206  0.742114  0.804042  0.706574  0.793039  0.732143  0.704578 
24  0.692970  0.847528  0.723812  0.833320  0.744743  0.606154  0.805354  0.725921  0.838209  0.528529  0.623656  0.431410  0.762960  0.270161  0.785315  0.591779  0.902343  0.680480  0.783227  0.664026  0.835640  0.246125  0.737521  0.781294 0.0  0.376811  0.883802  0.525388  0.404776  0.751051  0.751998  0.741523  0.775151  0.580769  0.581430  0.647269  0.259076  0.384545  0.789709  0.844807  0.719721  0.796358  0.488320  0.702866  0.796920  0.721247  0.650140  0.851271  0.777029  0.508777  0.598475  0.710737  0.796527  0.771586  0.324617  0.755813  0.621211  0.510145  0.754732  0.706533  0.804917  0.713913  0.585432  0.233209  0.412543  0.209434  0.669354  0.863998  0.676652  0.679426  0.394267  0.327133  0.452639  0.431914  0.621612  0.556054  0.314953  0.425052  0.380096  0.618760  0.558709  0.467474  0.481958  0.225184  0.470455  0.573438  0.180498  0.810909  0.303551 
25  0.788827  0.671518  0.730480  0.684055  0.521591  0.542925  0.670628  0.703008  0.813688  0.489215  0.584900  0.412558  0.708629  0.374621  0.612523  0.467318  0.837321  0.470534  0.674626  0.588823  0.670504  0.268304  0.696171  0.680749  0.376811 0.0  0.802158  0.451544  0.394670  0.726157  0.752433  0.709496  0.720444  0.384745  0.540398  0.509514  0.489253  0.482992  0.759895  0.805125  0.692680  0.697982  0.529853  0.679891  0.567946  0.664890  0.630197  0.701346  0.730697  0.502528  0.706172  0.727246  0.693663  0.729212  0.389406  0.680325  0.769523  0.452873  0.650062  0.833781  0.751213  0.656669  0.525715  0.492504  0.349291  0.446974  0.684692  0.718771  0.598479  0.614155  0.379520  0.441113  0.497062  0.238488  0.455088  0.391291  0.436724  0.194670  0.075101  0.457410  0.490070  0.299403  0.470121  0.348371  0.464671  0.408527  0.426047  0.754455  0.465916 
26  0.904729  0.686703  0.718955  0.906635  0.943382  0.828921  0.750974  0.856397  0.744585  0.781227  0.834111  0.890707  0.826084  1.000000  0.781216  0.747351  0.239420  0.875448  0.853600  0.807234  0.763788  0.845803  0.830609  0.877701  0.883802  0.802158 0.0  0.829077  0.859601  0.677688  0.823018  0.984489  0.888531  0.816213  0.896177  0.901413  0.741764  0.754756  0.719659  0.686984  0.859140  0.837613  0.857978  0.910194  0.735740  0.782298  0.789477  0.733449  0.819999  0.875642  0.734081  0.865947  0.819363  0.210870  0.808015  0.736965  0.702640  0.826540  0.769762  0.840280  0.765166  0.686113  0.749850  0.952167  0.866913  0.798186  0.782987  0.722911  0.678283  0.710104  0.708609  0.802056  0.748938  0.775266  0.818299  0.761839  0.874147  0.721566  0.848370  0.822587  0.886033  0.838850  0.796831  0.882267  0.978959  0.879943  0.873203  0.794173  0.887011 
27  0.748284  0.768323  0.698681  0.683658  0.670263  0.333158  0.748253  0.785297  0.766905  0.569026  0.693597  0.475673  0.881399  0.439824  0.645438  0.368407  0.879676  0.470837  0.551092  0.606907  0.648385  0.409563  0.670719  0.742849  0.525388  0.451544  0.829077 0.0  0.577032  0.726890  0.673971  0.637352  0.671367  0.515407  0.157204  0.386353  0.535141  0.602811  0.676149  0.777908  0.820627  0.758205  0.586462  0.698308  0.813141  0.837634  0.654247  0.792783  0.684807  0.448306  0.651702  0.788479  0.797552  0.793938  0.578921  0.656690  0.721189  0.412842  0.621968  0.821198  0.668119  0.735088  0.392834  0.565613  0.640796  0.567927  0.696710  0.786357  0.713597  0.719167  0.664593  0.573969  0.629205  0.468285  0.584147  0.508575  0.594724  0.438631  0.482309  0.280188  0.226989  0.554330  0.583862  0.535605  0.567808  0.188813  0.500370  0.798293  0.614231 
28  0.719013  0.695131  0.645058  0.654617  0.610007  0.604428  0.649762  0.820665  0.812200  0.269976  0.687461  0.155804  0.726463  0.462836  0.734554  0.574525  0.861666  0.574984  0.748420  0.747158  0.538283  0.490823  0.613658  0.724084  0.404776  0.394670  0.859601  0.577032 0.0  0.684585  0.672198  0.698567  0.658977  0.329713  0.653273  0.465006  0.446330  0.339083  0.666467  0.712930  0.669825  0.601458  0.240073  0.799176  0.759661  0.705601  0.599575  0.628229  0.663427  0.606284  0.674296  0.779445  0.726246  0.906841  0.468977  0.660400  0.716215  0.543140  0.723642  0.731182  0.681550  0.675309  0.718599  0.456514  0.289037  0.400666  0.724673  0.797053  0.641538  0.741792  0.385181  0.197135  0.228545  0.411395  0.526238  0.267194  0.214865  0.368505  0.353180  0.588373  0.627793  0.371530  0.278488  0.403166  0.261027  0.623884  0.389093  0.827872  0.367118 
29  0.659455  0.330428  0.621330  0.696341  0.626569  0.753648  0.654482  0.663448  0.389590  0.878014  0.655754  0.641101  0.498273  0.819944  0.701251  0.719962  0.683915  0.736471  0.775149  0.634201  0.640899  0.841030  0.589269  0.765077  0.751051  0.726157  0.677688  0.726890  0.684585 0.0  0.640838  0.682786  0.573485  0.655936  0.827568  0.837233  0.739640  0.679410  0.647250  0.627359  0.644332  0.607962  0.726464  0.191401  0.502022  0.181773  0.668074  0.294622  0.754461  0.672085  0.687648  0.656817  0.647349  0.825680  0.783529  0.433702  0.737583  0.763442  0.716887  0.794532  0.625013  0.318203  0.710116  0.757039  0.752696  0.716447  0.665802  0.697679  0.570520  0.635570  0.816663  0.768365  0.718713  0.779925  0.504768  0.738401  0.794966  0.686466  0.833055  0.710609  0.777818  0.737940  0.718160  0.848232  0.871160  0.764494  0.841973  0.324490  0.849158 
30  0.481501  0.559182  0.555289  0.536873  0.457427  0.699005  0.430841  0.393039  0.715677  0.837638  0.648767  0.763458  0.643647  0.742965  0.426524  0.695718  0.739399  0.765374  0.484760  0.484280  0.660590  0.705258  0.656260  0.487533  0.751998  0.752433  0.823018  0.673971  0.672198  0.640838 0.0  0.494759  0.535131  0.546036  0.757976  0.765437  0.715179  0.650944  0.490174  0.592688  0.612008  0.506954  0.723880  0.684239  0.405662  0.637244  0.503990  0.713967  0.431868  0.702998  0.606453  0.453646  0.372039  0.723503  0.713038  0.653439  0.719538  0.642887  0.451873  0.466696  0.707221  0.713316  0.766083  0.815646  0.817586  0.845642  0.586738  0.441490  0.481448  0.603852  0.779471  0.652457  0.847439  0.665359  0.531030  0.763045  0.790580  0.625159  0.728751  0.782399  0.824887  0.599535  0.728077  0.842225  0.824934  0.790281  0.685971  0.571288  0.803975 
31  0.437766  0.748608  0.674931  0.416980  0.655830  0.608072  0.693711  0.539107  0.703238  0.802125  0.534326  0.755793  0.690980  0.756660  0.284579  0.743710  0.808775  0.692274  0.249757  0.558603  0.502636  0.861071  0.370177  0.244497  0.741523  0.709496  0.984489  0.637352  0.698567  0.682786  0.494759 0.0  0.683370  0.712259  0.592418  0.736652  0.710646  0.662056  0.201858  0.721940  0.701565  0.763664  0.690978  0.748902  0.458777  0.747597  0.566680  0.549303  0.484879  0.772099  0.675123  0.357435  0.570776  0.846349  0.832647  0.766013  0.543245  0.659330  0.504007  0.542647  0.257699  0.670640  0.762041  0.767204  0.777848  0.735339  0.623496  0.452784  0.613189  0.682131  0.821140  0.654248  0.719580  0.733547  0.472730  0.718353  0.825187  0.657699  0.599293  0.662484  0.676097  0.817898  0.811318  0.783096  0.795610  0.747306  0.818485  0.771182  0.720320 
32  0.551674  0.551700  0.594585  0.660915  0.693974  0.724536  0.536939  0.667285  0.613140  0.752913  0.667390  0.637478  0.598798  0.758155  0.786496  0.589163  0.766809  0.801278  0.730774  0.672615  0.578377  0.749693  0.773688  0.663144  0.775151  0.720444  0.888531  0.671367  0.658977  0.573485  0.535131  0.683370 0.0  0.698542  0.722561  0.770846  0.726852  0.683396  0.647107  0.351907  0.242788  0.139136  0.682067  0.639637  0.610333  0.657800  0.649977  0.677013  0.667199  0.773036  0.608487  0.689639  0.666715  0.788411  0.738788  0.602722  0.690027  0.717289  0.800031  0.583538  0.696946  0.668348  0.691635  0.755507  0.846230  0.729246  0.586651  0.644060  0.683604  0.729532  0.703205  0.712955  0.734279  0.650918  0.494495  0.534566  0.660528  0.812727  0.741533  0.796012  0.651296  0.684678  0.685165  0.859037  0.731781  0.769132  0.910113  0.580338  0.769574 
33  0.744135  0.698964  0.500730  0.657290  0.629758  0.555265  0.601966  0.681883  0.660485  0.446726  0.641504  0.432413  0.794208  0.549376  0.552596  0.580695  0.770650  0.496455  0.891815  0.608160  0.504160  0.486269  0.734536  0.723821  0.580769  0.384745  0.816213  0.515407  0.329713  0.655936  0.546036  0.712259  0.698542 0.0  0.661993  0.624716  0.569164  0.267552  0.814502  0.670042  0.626805  0.736073  0.337411  0.766944  0.749977  0.776625  0.638354  0.696821  0.554317  0.696828  0.644731  0.715235  0.714727  0.800558  0.422166  0.676859  0.572157  0.605043  0.603334  0.805812  0.669419  0.713213  0.435125  0.551688  0.494101  0.488266  0.579792  0.695411  0.654292  0.521024  0.400716  0.290502  0.414835  0.444763  0.400962  0.331332  0.258794  0.187972  0.437080  0.468503  0.591916  0.207868  0.336904  0.416364  0.457118  0.718886  0.440612  0.673632  0.536033 
34  0.630674  0.722237  0.761436  0.693230  0.689771  0.262715  0.700345  0.705844  0.760550  0.552349  0.652221  0.565809  0.710695  0.568473  0.728807  0.246640  0.801659  0.382601  0.628479  0.582469  0.666674  0.476339  0.694685  0.782293  0.581430  0.540398  0.896177  0.157204  0.653273  0.827568  0.757976  0.592418  0.722561  0.661993 0.0  0.417522  0.628393  0.572602  0.661101  0.741221  0.690267  0.677573  0.550363  0.854802  0.683320  0.825010  0.616542  0.747806  0.856766  0.320952  0.661775  0.692771  0.784173  0.724815  0.612218  0.579894  0.618323  0.402562  0.675109  0.722026  0.667994  0.839220  0.411703  0.608466  0.447867  0.683747  0.595107  0.830666  0.624003  0.746480  0.482747  0.515174  0.552315  0.482988  0.612069  0.553705  0.459532  0.403615  0.606034  0.352026  0.233804  0.537263  0.603882  0.601388  0.589159  0.239019  0.504371  0.707456  0.611921 
35  0.762178  0.770161  0.682187  0.817378  0.701654  0.344217  0.644061  0.792485  0.687554  0.537724  0.593958  0.556214  0.684528  0.529451  0.640993  0.321366  0.852223  0.260150  0.667838  0.528393  0.682884  0.456223  0.625345  0.766375  0.647269  0.509514  0.901413  0.386353  0.465006  0.837233  0.765437  0.736652  0.770846  0.624716  0.417522 0.0  0.533263  0.578583  0.730933  0.821183  0.777618  0.729935  0.489983  0.671788  0.852545  0.657597  0.681895  0.731488  0.639139  0.222822  0.653772  0.611605  0.817429  0.840962  0.561556  0.720690  0.550323  0.243160  0.649469  0.793141  0.728831  0.696356  0.378130  0.589867  0.523484  0.490546  0.781726  0.710858  0.565936  0.665309  0.495046  0.561739  0.542607  0.657766  0.515226  0.584911  0.606221  0.408624  0.510208  0.282580  0.472615  0.476177  0.519931  0.542116  0.634540  0.345762  0.447223  0.874404  0.486387 
36  0.778288  0.801648  0.795932  0.722217  0.762498  0.572228  0.712367  0.786101  0.733812  0.377278  0.699615  0.469159  0.807840  0.314794  0.812216  0.545585  0.868728  0.536726  0.708076  0.671548  0.738388  0.148783  0.558252  0.739480  0.259076  0.489253  0.741764  0.535141  0.446330  0.739640  0.715179  0.710646  0.726852  0.569164  0.628393  0.533263 0.0  0.481182  0.816480  0.778430  0.778731  0.789094  0.343503  0.830876  0.874831  0.823828  0.694385  0.758432  0.698631  0.452773  0.656928  0.759223  0.820001  0.772108  0.208061  0.728464  0.675086  0.493095  0.725211  0.813733  0.603018  0.708113  0.601586  0.241891  0.331026  0.085340  0.685107  0.782362  0.699504  0.695156  0.400092  0.487469  0.404925  0.402940  0.571098  0.476186  0.483475  0.386527  0.427638  0.553351  0.536536  0.449565  0.437299  0.226838  0.376145  0.583754  0.232180  0.870493  0.260241 
37  0.708955  0.703845  0.482068  0.624316  0.631626  0.504567  0.741153  0.749890  0.657393  0.422360  0.598781  0.302549  0.722894  0.527555  0.699501  0.547469  0.758885  0.654106  0.724690  0.606866  0.559829  0.499567  0.595923  0.879644  0.384545  0.482992  0.754756  0.602811  0.339083  0.679410  0.650944  0.662056  0.683396  0.267552  0.572602  0.578583  0.481182 0.0  0.684299  0.551548  0.669513  0.668144  0.378839  0.713960  0.684591  0.705495  0.696436  0.620482  0.725607  0.608748  0.605307  0.740512  0.805491  0.670267  0.500552  0.634118  0.624670  0.497475  0.684932  0.662782  0.614495  0.675201  0.561433  0.441240  0.379849  0.441295  0.502415  0.705672  0.617212  0.580415  0.412696  0.328094  0.371160  0.490301  0.571827  0.277474  0.335030  0.358724  0.440867  0.596050  0.697725  0.275545  0.212061  0.539670  0.336140  0.550850  0.530401  0.674455  0.408785 
38  0.365541  0.761998  0.588327  0.493715  0.495042  0.743822  0.638385  0.383214  0.696831  0.689397  0.391781  0.697836  0.607316  0.927011  0.455643  0.617743  0.886829  0.723515  0.211020  0.401162  0.547797  0.786137  0.368108  0.245130  0.789709  0.759895  0.719659  0.676149  0.666467  0.647250  0.490174  0.201858  0.647107  0.814502  0.661101  0.730933  0.816480  0.684299 0.0  0.693000  0.678022  0.620429  0.680539  0.809830  0.579151  0.713701  0.604444  0.633165  0.396609  0.789843  0.568386  0.434633  0.490435  0.766347  0.774836  0.693973  0.558117  0.689584  0.371072  0.535409  0.355958  0.616242  0.777624  0.702883  0.796262  0.821949  0.574309  0.491394  0.589938  0.561608  0.811486  0.658895  0.721717  0.684752  0.406916  0.578970  0.727330  0.473979  0.814259  0.724459  0.658721  0.786444  0.684385  0.848750  0.888981  0.670915  0.749031  0.651540  0.754016 
39  0.535490  0.523971  0.596305  0.532434  0.714090  0.742503  0.684578  0.563942  0.645683  0.827540  0.511144  0.780378  0.593290  0.896882  0.762620  0.744492  0.799660  0.767250  0.738556  0.828339  0.695442  0.732452  0.701931  0.758053  0.844807  0.805125  0.686984  0.777908  0.712930  0.627359  0.592688  0.721940  0.351907  0.670042  0.741221  0.821183  0.778430  0.551548  0.693000 0.0  0.324889  0.242659  0.765047  0.682156  0.609382  0.621689  0.643652  0.668991  0.558183  0.750567  0.695807  0.788394  0.611693  0.864145  0.783241  0.585196  0.625295  0.692425  0.745875  0.583441  0.708988  0.611609  0.806375  0.757510  0.931919  0.761317  0.646311  0.623378  0.701383  0.772544  0.728994  0.696041  0.700734  0.855234  0.563478  0.710695  0.700443  0.716573  0.690105  0.754961  0.788509  0.796039  0.698334  0.719892  0.876290  0.715587  0.896182  0.609784  0.770134 
40  0.638350  0.531259  0.641564  0.702082  0.599919  0.800027  0.602161  0.568080  0.593234  0.811614  0.592299  0.667735  0.547908  0.819012  0.651598  0.691494  0.777699  0.691660  0.744368  0.726174  0.632265  0.728536  0.730784  0.604836  0.719721  0.692680  0.859140  0.820627  0.669825  0.644332  0.612008  0.701565  0.242788  0.626805  0.690267  0.777618  0.778731  0.669513  0.678022  0.324889 0.0  0.446348  0.725330  0.623347  0.606544  0.549955  0.586846  0.582681  0.689543  0.790122  0.652689  0.663422  0.600092  0.844444  0.693475  0.549167  0.723510  0.736368  0.610609  0.547539  0.619490  0.666232  0.714138  0.788176  0.682408  0.853188  0.609211  0.608725  0.616562  0.755409  0.758057  0.701227  0.754665  0.699887  0.543558  0.732500  0.681042  0.674704  0.653456  0.808835  0.685633  0.698153  0.710867  0.741326  0.791983  0.680492  0.626187  0.675589  0.726210 
41  0.570988  0.509273  0.591777  0.677804  0.736429  0.683588  0.672692  0.593468  0.668159  0.786776  0.552042  0.707975  0.619020  0.737592  0.700770  0.743669  0.768364  0.698278  0.740650  0.749559  0.593750  0.665661  0.795112  0.704122  0.796358  0.697982  0.837613  0.758205  0.601458  0.607962  0.506954  0.763664  0.139136  0.736073  0.677573  0.729935  0.789094  0.668144  0.620429  0.242659  0.446348 0.0  0.759305  0.634799  0.515181  0.538342  0.666731  0.695352  0.711788  0.737965  0.612403  0.739959  0.506317  0.831754  0.809211  0.603090  0.765792  0.675332  0.624295  0.626038  0.682755  0.721960  0.721554  0.725653  0.774292  0.782748  0.545301  0.499211  0.684886  0.690659  0.654581  0.677547  0.740386  0.663063  0.582686  0.651005  0.690381  0.675598  0.724889  0.706141  0.837661  0.748811  0.662636  0.737450  0.766376  0.760829  0.823903  0.645882  0.687573 
42  0.722174  0.788225  0.700778  0.703965  0.717711  0.503362  0.722058  0.768537  0.820516  0.192336  0.581119  0.341890  0.779972  0.478936  0.696553  0.595176  0.940315  0.531884  0.762231  0.644677  0.570252  0.332009  0.570883  0.727916  0.488320  0.529853  0.857978  0.586462  0.240073  0.726464  0.723880  0.690978  0.682067  0.337411  0.550363  0.489983  0.343503  0.378839  0.680539  0.765047  0.725330  0.759305 0.0  0.751131  0.845752  0.796791  0.586604  0.615984  0.678659  0.481950  0.576967  0.634577  0.785254  0.742357  0.287242  0.752437  0.572940  0.553100  0.700200  0.830568  0.621287  0.708492  0.597360  0.361833  0.123868  0.327657  0.648929  0.694708  0.726381  0.634466  0.421321  0.306071  0.340863  0.529001  0.495963  0.360082  0.358387  0.349573  0.374763  0.583407  0.606595  0.298588  0.362207  0.338962  0.358688  0.559523  0.432861  0.862627  0.316962 
43  0.714390  0.306460  0.654557  0.611104  0.731828  0.683874  0.603592  0.640132  0.445149  0.837661  0.560960  0.815945  0.545105  0.684891  0.659611  0.706585  0.778272  0.751294  0.774306  0.661596  0.680149  0.681988  0.695250  0.660212  0.702866  0.679891  0.910194  0.698308  0.799176  0.191401  0.684239  0.748902  0.639637  0.766944  0.854802  0.671788  0.830876  0.713960  0.809830  0.682156  0.623347  0.634799  0.751131 0.0  0.633728  0.325836  0.604699  0.240471  0.628530  0.831458  0.607648  0.749961  0.816162  0.802409  0.813172  0.464034  0.740461  0.821517  0.702555  0.678928  0.672859  0.308586  0.720142  0.824478  0.758330  0.822759  0.655206  0.606429  0.631467  0.623719  0.833450  0.688054  0.813476  0.694909  0.525642  0.784055  0.805686  0.677437  0.691207  0.708375  0.800690  0.683135  0.780654  0.820907  0.794475  0.706013  0.762845  0.333266  0.837441 
44  0.316070  0.720923  0.633349  0.322020  0.570158  0.807631  0.519185  0.168188  0.718094  0.882351  0.577376  0.726892  0.682915  0.784489  0.503460  0.803330  0.982840  0.706022  0.548036  0.464254  0.580814  0.798361  0.682259  0.546011  0.796920  0.567946  0.735740  0.813141  0.759661  0.502022  0.405662  0.458777  0.610333  0.749977  0.683320  0.852545  0.874831  0.684591  0.579151  0.609382  0.606544  0.515181  0.845752  0.633728 0.0  0.650401  0.626729  0.677754  0.373919  0.761635  0.637995  0.378629  0.137707  0.850521  0.807914  0.615210  0.793003  0.766035  0.493435  0.437166  0.540666  0.733114  0.805908  0.857333  0.721500  0.824256  0.668864  0.327180  0.503371  0.784711  0.737142  0.700434  0.745029  0.769663  0.530703  0.569964  0.625499  0.663181  0.872832  0.718064  0.815007  0.733138  0.676677  0.794685  0.731141  0.781290  0.742987  0.653797  0.849874 
