89
0 0.0  0.709768  0.543926  0.317330  0.548731  0.744439  0.667628  0.289619  0.783234  0.896631  0.558925  0.625770  0.768266  0.829931  0.518607  0.749959  0.770021  0.827248  0.519417  0.412426  0.607463  0.842053  0.606537  0.424715  0.778226  0.714831  0.837569  0.747286  0.744031  0.777459  0.503668  0.561532  0.641154  0.587846  0.710336  0.730004  0.756664  0.689602  0.471086  0.583632  0.708744  0.518424  0.692850  0.682634  0.249888  0.743146  0.627438  0.673964  0.292884  0.791617  0.585495  0.414155  0.193696  0.779291  0.819086  0.699543  0.654325  0.549212  0.316161  0.201679  0.458067  0.682643  0.632516  0.817993  0.798574  0.831887  0.532110  0.378735  0.640553  0.753492  0.768090  0.602025  0.659601  0.706381  0.508679  0.689668  0.775234  0.515656  0.742871  0.781247  0.710207  0.622112  0.572136  0.831504  0.745340  0.887968  0.714351  0.708984  0.730821 
1  0.709768 0.0  0.546935  0.738214  0.624511  0.806720  0.610998  0.665246  0.194949  0.893210  0.693500  0.794565  0.400513  0.774400  0.654164  0.783632  0.833983  0.880146  0.733890  0.685310  0.621861  0.804105  0.693732  0.705038  0.901495  0.712345  0.665454  0.761614  0.755378  0.190981  0.564000  0.842024  0.733175  0.722416  0.848783  0.721434  0.754776  0.777514  0.850906  0.577591  0.612062  0.624443  0.860316  0.297248  0.600404  0.364218  0.538284  0.242056  0.715775  0.728039  0.660934  0.762955  0.600108  0.740342  0.901316  0.369208  0.573371  0.744722  0.599640  0.616256  0.731841  0.317841  0.650566  0.833372  0.906849  0.774996  0.552257  0.624365  0.512214  0.601985  0.846132  0.774165  0.775870  0.737202  0.550589  0.697732  0.821477  0.646403  0.735798  0.746446  0.818601  0.662794  0.709619  0.818824  0.810575  0.826719  0.786405  0.261475  0.826957 
2  0.543926  0.546935 0.0  0.625129  0.483219  0.666594  0.652264  0.688466  0.681857  0.699654  0.415278  0.606979  0.557954  0.629388  0.575465  0.674504  0.826259  0.659260  0.746031  0.675691  0.468677  0.810841  0.336140  0.633177  0.672233  0.728243  0.747850  0.752226  0.668899  0.661453  0.605254  0.693636  0.634088  0.627973  0.704225  0.645130  0.662934  0.637383  0.640680  0.551808  0.635391  0.690192  0.657324  0.621509  0.623196  0.680124  0.461058  0.552477  0.577310  0.618539  0.350671  0.684674  0.666733  0.777546  0.680615  0.648167  0.433069  0.748375  0.535461  0.489542  0.627168  0.620475  0.647065  0.690883  0.719344  0.623201  0.651773  0.550938  0.293382  0.517536  0.743231  0.611108  0.792679  0.698682  0.499806  0.643020  0.712395  0.651788  0.668476  0.611789  0.710666  0.686672  0.562790  0.886102  0.753530  0.753803  0.801531  0.556519  0.676145 
3  0.317330  0.738214  0.625129 0.0  0.569859  0.700623  0.600040  0.381754  0.772921  0.726032  0.581000  0.672213  0.801045  0.767236  0.482999  0.661568  0.850120  0.771790  0.533936  0.450721  0.536482  0.865119  0.620006  0.438648  0.799837  0.654560  0.904377  0.667755  0.802320  0.700705  0.516033  0.497376  0.668282  0.726356  0.631347  0.644793  0.740505  0.605798  0.506952  0.657122  0.661327  0.602875  0.759919  0.640909  0.352626  0.717636  0.514987  0.751401  0.262518  0.796548  0.633450  0.476423  0.309671  0.745514  0.857554  0.801657  0.626345  0.704287  0.394359  0.334697  0.439902  0.704617  0.728716  0.821692  0.770205  0.681493  0.519758  0.387676  0.603394  0.542366  0.801940  0.637950  0.813038  0.715111  0.527167  0.708592  0.800831  0.523787  0.786106  0.757846  0.688762  0.772916  0.727593  0.814779  0.843673  0.702261  0.813995  0.615863  0.787326 
4  0.548731  0.624511  0.483219  0.569859 0.0  0.650666  0.642378  0.549796  0.702111  0.715803  0.279535  0.552874  0.619549  0.806070  0.576351  0.681739  0.795941  0.598287  0.538067  0.658048  0.263305  0.552988  0.252867  0.587915  0.688750  0.614182  0.809014  0.701095  0.672432  0.644374  0.553038  0.722879  0.648533  0.656316  0.563419  0.714275  0.766643  0.605285  0.572382  0.681259  0.598005  0.749847  0.681609  0.593347  0.625546  0.692551  0.379443  0.597999  0.592349  0.701925  0.302236  0.654988  0.545908  0.819594  0.737904  0.564296  0.185777  0.546866  0.539956  0.508870  0.547345  0.637722  0.524381  0.747337  0.649272  0.813160  0.632672  0.567501  0.433054  0.621826  0.792356  0.538566  0.720820  0.637961  0.464291  0.653136  0.771548  0.551741  0.761207  0.716155  0.686064  0.607447  0.628577  0.766613  0.689513  0.596787  0.617593  0.667539  0.673312 
5  0.744439  0.806720  0.666594  0.700623  0.650666 0.0  0.709828  0.801638  0.787604  0.530908  0.656607  0.687421  0.602597  0.499402  0.592597  0.209807  0.810729  0.373838  0.574770  0.552382  0.580133  0.562773  0.605046  0.687089  0.602298  0.541156  0.854629  0.205149  0.620914  0.743232  0.809704  0.661017  0.674126  0.688336  0.153739  0.293423  0.470691  0.581429  0.614513  0.868774  0.742146  0.740775  0.521676  0.778679  0.735164  0.841842  0.513291  0.768313  0.655644  0.400196  0.687473  0.650833  0.784758  0.763277  0.543948  0.827153  0.507955  0.369388  0.562244  0.746985  0.725184  0.786880  0.343893  0.594894  0.573035  0.520295  0.631659  0.716841  0.729840  0.683454  0.571223  0.584155  0.590352  0.463198  0.531785  0.460299  0.680719  0.555390  0.430845  0.379434  0.224192  0.647049  0.589449  0.561062  0.658297  0.218730  0.529529  0.712792  0.509778 
6  0.667628  0.610998  0.652264  0.600040  0.642378  0.709828 0.0  0.554476  0.616386  0.743359  0.650718  0.692193  0.582575  0.748201  0.712508  0.656695  0.720112  0.669482  0.787142  0.658025  0.655639  0.613770  0.618154  0.727418  0.721566  0.667012  0.686993  0.748917  0.710569  0.671341  0.532716  0.667924  0.620181  0.664431  0.670169  0.631406  0.790672  0.612279  0.755140  0.594273  0.596075  0.420246  0.855566  0.579158  0.596195  0.592623  0.623495  0.692786  0.700643  0.716019  0.732172  0.679926  0.701201  0.736890  0.743169  0.568457  0.713155  0.717870  0.554619  0.595697  0.741790  0.654766  0.649771  0.762812  0.740376  0.780303  0.474314  0.598285  0.687989  0.467009  0.767814  0.628919  0.714929  0.621543  0.657552  0.698842  0.644977  0.661849  0.649298  0.794304  0.735344  0.642092  0.665273  0.656827  0.719131  0.674514  0.680236  0.561350  0.703344 
7  0.289619  0.665246  0.688466  0.381754  0.549796  0.801638  0.554476 0.0  0.713597  0.878548  0.619910  0.640211  0.611419  0.841063  0.555061  0.814708  0.733311  0.777639  0.541249  0.509371  0.658832  0.727194  0.664960  0.551208  0.800696  0.755798  0.772824  0.754964  0.689507  0.692596  0.427499  0.577098  0.630821  0.721103  0.785747  0.853592  0.789098  0.685330  0.585099  0.545748  0.579091  0.643801  0.853115  0.663311  0.171234  0.607989  0.668878  0.686676  0.291463  0.832810  0.597648  0.460627  0.081521  0.943420  0.817634  0.635044  0.748998  0.797045  0.434172  0.330342  0.506437  0.626853  0.868928  0.834001  0.883810  0.848375  0.652817  0.320211  0.662479  0.627233  0.749588  0.619025  0.657975  0.806733  0.505044  0.680475  0.691705  0.751775  0.693939  0.803174  0.776528  0.712182  0.605899  0.845574  0.785462  0.825369  0.834401  0.647278  0.755336 
8  0.783234  0.194949  0.681857  0.772921  0.702111  0.787604  0.616386  0.713597 0.0  0.837783  0.654438  0.729174  0.404070  0.774647  0.680257  0.754245  0.850548  0.775783  0.932778  0.732754  0.656177  0.705491  0.591713  0.685684  0.796212  0.805667  0.866303  0.815645  0.827015  0.396354  0.710764  0.616071  0.694556  0.679806  0.839538  0.731728  0.742043  0.749994  0.599423  0.684861  0.680572  0.681328  0.802000  0.356103  0.797303  0.402598  0.628268  0.370847  0.670702  0.742998  0.682427  0.694991  0.716827  0.861284  0.848811  0.480487  0.688861  0.699657  0.518024  0.795940  0.741782  0.383380  0.799601  0.871003  0.846202  0.844625  0.634197  0.627768  0.641724  0.687580  0.996371  0.700207  0.773853  0.780362  0.464151  0.800423  0.813765  0.849390  0.854696  0.688504  0.878015  0.659715  0.754255  0.651641  0.835654  0.751389  0.807760  0.398166  0.796834 
9  0.896631  0.893210  0.699654  0.726032  0.715803  0.530908  0.743359  0.878548  0.837783 0.0  0.684467  0.391216  0.795741  0.476352  0.772009  0.609507  0.823729  0.648628  0.639150  0.702525  0.687374  0.372781  0.609086  0.806010  0.506749  0.512937  0.876238  0.496742  0.441845  0.859484  0.854013  0.642437  0.766839  0.430986  0.444518  0.578973  0.361612  0.408069  0.827069  0.808715  0.861937  0.808649  0.235055  0.847176  0.971241  0.886935  0.735971  0.823304  0.710627  0.662906  0.638493  0.816414  0.848057  0.862008  0.471179  0.884172  0.655640  0.557403  0.845460  0.738829  0.775794  0.779352  0.636978  0.489660  0.204498  0.317509  0.695699  0.773528  0.771432  0.741436  0.460237  0.466102  0.288164  0.589380  0.624597  0.368766  0.303863  0.285827  0.333677  0.658152  0.536088  0.503980  0.328548  0.501385  0.345178  0.567917  0.416134  0.923183  0.414577 
10  0.558925  0.693500  0.415278  0.581000  0.279535  0.656607  0.650718  0.619910  0.654438  0.684467 0.0  0.705581  0.555704  0.798066  0.512753  0.642789  0.811237  0.643777  0.583001  0.647093  0.430970  0.706164  0.175577  0.546307  0.593582  0.507864  0.889795  0.641653  0.609822  0.662394  0.619437  0.651116  0.646153  0.697310  0.592347  0.584932  0.682859  0.619060  0.565842  0.699530  0.690141  0.676506  0.642761  0.552588  0.646927  0.582882  0.400939  0.653271  0.689579  0.729015  0.340764  0.517887  0.609805  0.800796  0.672978  0.666961  0.305268  0.685025  0.594257  0.499038  0.586278  0.646240  0.756642  0.675261  0.702754  0.681738  0.644772  0.727704  0.406335  0.647608  0.744064  0.725728  0.720988  0.616743  0.636099  0.606354  0.741484  0.625035  0.632644  0.663534  0.649308  0.639085  0.694624  0.836251  0.613771  0.653080  0.703840  0.654758  0.833568 
11  0.625770  0.794565  0.606979  0.672213  0.552874  0.687421  0.692193  0.640211  0.729174  0.391216  0.705581 0.0  0.685476  0.435238  0.690341  0.603189  0.742590  0.506342  0.849079  0.695866  0.703829  0.425359  0.605147  0.746734  0.432234  0.454185  0.842447  0.537162  0.365909  0.705242  0.723755  0.790745  0.619933  0.285629  0.659560  0.550711  0.532111  0.332842  0.806635  0.825859  0.665802  0.655054  0.315253  0.665193  0.701622  0.706713  0.600039  0.696061  0.663961  0.536120  0.659763  0.804586  0.700046  0.855601  0.489488  0.783868  0.740074  0.476243  0.639457  0.743727  0.656912  0.773950  0.561409  0.429352  0.342389  0.476169  0.570864  0.713260  0.717262  0.624554  0.209867  0.305093  0.236200  0.428121  0.446343  0.316990  0.186207  0.349402  0.477790  0.646365  0.565937  0.185717  0.296542  0.561533  0.365132  0.488886  0.456841  0.774245  0.445067 
12  0.768266  0.400513  0.557954  0.801045  0.619549  0.602597  0.582575  0.611419  0.404070  0.795741  0.555704  0.685476 0.0  0.873526  0.767306  0.747004  0.824548  0.793694  0.876672  0.691873  0.595440  0.812932  0.601085  0.722620  0.800107  0.665590  0.830609  0.855286  0.751133  0.436462  0.724033  0.625486  0.597090  0.661320  0.745462  0.743271  0.807656  0.730108  0.641084  0.681121  0.573687  0.690426  0.744338  0.636948  0.625573  0.540276  0.529265  0.429987  0.638533  0.629008  0.642429  0.756280  0.633614  0.863323  0.809663  0.274955  0.678514  0.755740  0.627698  0.691223  0.577739  0.392364  0.762698  0.708785  0.770064  0.869091  0.606867  0.735458  0.596990  0.681554  0.841738  0.690698  0.673956  0.725405  0.416405  0.568287  0.813499  0.674335  0.625979  0.725074  0.793796  0.705698  0.567651  0.818440  0.900704  0.769575  0.735533  0.493296  0.859459 
13  0.829931  0.774400  0.629388  0.767236  0.806070  0.499402  0.748201  0.841063  0.774647  0.476352  0.798066  0.435238  0.873526 0.0  0.841682  0.655644  0.806943  0.573829  0.774119  0.636307  0.705536  0.223531  0.886572  0.815881  0.221917  0.457711  0.788426  0.642769  0.522498  0.868898  0.721388  0.782399  0.682427  0.484371  0.537048  0.442483  0.436470  0.499785  0.807744  0.822906  0.804788  0.822348  0.545594  0.821422  0.828557  0.861176  0.713751  0.776979  0.812363  0.420451  0.708314  0.788931  0.777300  0.728568  0.338703  0.797906  0.688036  0.580197  0.704851  0.852511  0.833662  0.738520  0.565067  0.292752  0.494585  0.260614  0.829879  0.705110  0.842050  0.850500  0.392527  0.428614  0.393702  0.579615  0.648199  0.548424  0.383054  0.351536  0.462239  0.607386  0.705231  0.409366  0.431354  0.273870  0.344764  0.444539  0.397562  0.661232  0.305142 
14  0.518607  0.654164  0.575465  0.482999  0.576351  0.592597  0.712508  0.555061  0.680257  0.772009  0.512753  0.690341  0.767306  0.841682 0.0  0.718549  0.890583  0.792956  0.452572  0.378495  0.575854  0.713823  0.583846  0.470659  0.795546  0.641938  0.802088  0.668518  0.758074  0.719326  0.527097  0.295754  0.825034  0.616490  0.705826  0.673014  0.775545  0.517871  0.213308  0.685623  0.755694  0.600757  0.794419  0.614471  0.509356  0.756094  0.667033  0.639412  0.516878  0.717705  0.376853  0.473170  0.542304  0.774546  0.798518  0.636449  0.541767  0.587769  0.419929  0.580627  0.329806  0.667969  0.732563  0.674736  0.715873  0.733639  0.581842  0.571051  0.600109  0.557241  0.769457  0.705241  0.745635  0.655862  0.493581  0.650979  0.667968  0.601392  0.679782  0.655965  0.774006  0.806388  0.695833  0.809076  0.773773  0.661788  0.794859  0.783070  0.739538 
15  0.749959  0.783632  0.674504  0.661568  0.681739  0.209807  0.656695  0.814708  0.754245  0.609507  0.642789  0.603189  0.747004  0.655644  0.718549 0.0  0.870962  0.509273  0.681312  0.625709  0.684722  0.591508  0.623400  0.730334  0.664533  0.543403  0.833380  0.325683  0.662192  0.785322  0.702140  0.783237  0.689063  0.620010  0.348941  0.347092  0.546471  0.652150  0.767036  0.726907  0.622104  0.681053  0.598815  0.708492  0.841517  0.702258  0.690438  0.747774  0.839876  0.512290  0.664997  0.655980  0.832204  0.675363  0.464919  0.836037  0.680220  0.373392  0.780635  0.764220  0.718602  0.687330  0.477174  0.617626  0.595135  0.658161  0.676930  0.729211  0.691651  0.657342  0.533727  0.571845  0.582092  0.573993  0.546955  0.633368  0.637892  0.264981  0.517123  0.387476  0.293651  0.614985  0.582716  0.614740  0.681628  0.237302  0.594801  0.811840  0.675063 
16  0.770021  0.833983  0.826259  0.850120  0.795941  0.810729  0.720112  0.733311  0.850548  0.823729  0.811237  0.742590  0.824548  0.806943  0.890583  0.870962 0.0  0.897101  0.690696  0.802733  0.783459  0.805655  0.814164  0.979564  0.848344  0.863597  0.241531  0.972982  0.932707  0.827751  0.762904  0.900738  0.822897  0.860177  0.757700  0.956590  0.897405  0.728455  0.859236  0.770964  0.814007  0.700755  0.992241  0.772503  0.773271  0.790246  0.890773  0.750951  0.806767  0.953408  0.783777  0.883785  0.805010  0.327545  0.873916  0.707348  0.744140  0.742341  0.804235  0.712814  0.769208  0.809615  0.774145  0.942197  0.942220  0.940414  0.840884  0.834566  0.794896  0.846549  0.802347  0.832915  0.943638  0.856500  0.783289  0.739566  0.865961  0.768094  0.799071  0.765735  0.655367  0.829889  0.855051  0.840900  0.928373  0.907304  0.857253  0.722352  0.838331 
17  0.827248  0.880146  0.659260  0.771790  0.598287  0.373838  0.669482  0.777639  0.775783  0.648628  0.643777  0.506342  0.793694  0.573829  0.792956  0.509273  0.897101 0.0  0.745116  0.548528  0.655451  0.534840  0.565408  0.724766  0.517966  0.604023  0.853903  0.468064  0.616926  0.788637  0.767540  0.792638  0.766973  0.598506  0.307846  0.262923  0.460510  0.593181  0.689589  0.799465  0.801511  0.634223  0.570181  0.820602  0.768415  0.811303  0.642883  0.811102  0.724391  0.266127  0.633318  0.716310  0.847593  0.738378  0.509878  0.748631  0.588518  0.284010  0.752333  0.799986  0.768951  0.679423  0.390001  0.620893  0.594113  0.512347  0.718684  0.765100  0.667761  0.748922  0.574463  0.559220  0.600693  0.552340  0.631261  0.617676  0.626512  0.424683  0.555434  0.348872  0.393911  0.548999  0.534553  0.520533  0.531042  0.367527  0.624494  0.830116  0.505247 
18  0.519417  0.733890  0.746031  0.533936  0.538067  0.574770  0.787142  0.541249  0.932778  0.639150  0.583001  0.849079  0.876672  0.774119  0.452572  0.681312  0.690696  0.745116 0.0  0.557957  0.545940  0.671980  0.613124  0.216742  0.741951  0.633720  0.819097  0.714343  0.728139  0.771593  0.628328  0.194578  0.727377  0.638935  0.580614  0.646965  0.767773  0.710654  0.212892  0.746478  0.817499  0.728031  0.517957  0.695585  0.609288  0.780372  0.619826  0.829173  0.540221  0.649592  0.621603  0.460998  0.536199  0.696588  0.648734  0.918456  0.524515  0.745078  0.465798  0.624435  0.368359  0.819066  0.591253  0.791676  0.626036  0.800076  0.668866  0.437495  0.745361  0.636332  0.672643  0.675452  0.811079  0.764782  0.572227  0.720695  0.705843  0.655916  0.707998  0.462193  0.664711  0.778459  0.800230  0.809853  0.736948  0.873919  0.786267  0.795286  0.730150 
19  0.412426  0.685310  0.675691  0.450721  0.658048  0.552382  0.658025  0.509371  0.732754  0.702525  0.647093  0.695866  0.691873  0.636307  0.378495  0.625709  0.802733  0.548528  0.557957 0.0  0.642982  0.565193  0.628973  0.420747  0.760840  0.560931  0.781743  0.604124  0.736801  0.815158  0.367344  0.428206  0.725348  0.561015  0.643592  0.576295  0.597198  0.689981  0.419366  0.684117  0.714109  0.711613  0.695118  0.625261  0.435726  0.633190  0.625235  0.710329  0.416150  0.560414  0.637328  0.406219  0.441488  0.794650  0.594477  0.567533  0.501973  0.568387  0.369200  0.434773  0.407922  0.751330  0.614107  0.597044  0.738431  0.567423  0.569803  0.332533  0.694957  0.652605  0.657097  0.546676  0.651458  0.483880  0.598324  0.592026  0.628615  0.612605  0.527868  0.459103  0.554791  0.477100  0.743172  0.674600  0.638653  0.578487  0.722806  0.706063  0.612749 
20  0.607463  0.621861  0.468677  0.536482  0.263305  0.580133  0.655639  0.658832  0.656177  0.687374  0.430970  0.703829  0.595440  0.705536  0.575854  0.684722  0.783459  0.655451  0.545940  0.642982 0.0  0.670110  0.374868  0.498291  0.711819  0.636953  0.874105  0.676446  0.682909  0.683808  0.553795  0.652247  0.769476  0.536315  0.702446  0.685365  0.705384  0.592042  0.549847  0.584336  0.736283  0.715809  0.632872  0.634507  0.696856  0.508784  0.396698  0.610228  0.570869  0.587762  0.501360  0.575447  0.537934  0.808864  0.770201  0.610280  0.382955  0.669249  0.610363  0.582339  0.576487  0.537894  0.668795  0.733350  0.724007  0.734199  0.563578  0.537674  0.371143  0.489812  0.735114  0.553828  0.636878  0.625664  0.403448  0.752280  0.703216  0.620860  0.617752  0.667250  0.666969  0.617563  0.584230  0.714383  0.677576  0.663248  0.743291  0.635394  0.642040 
21  0.842053  0.804105  0.810841  0.865119  0.552988  0.562773  0.613770  0.727194  0.705491  0.372781  0.706164  0.425359  0.812932  0.223531  0.713823  0.591508  0.805655  0.534840  0.671980  0.565193  0.670110 0.0  0.785178  0.724823  0.380350  0.332989  0.985367  0.539604  0.533117  0.803071  0.794351  0.766376  0.766508  0.496942  0.645926  0.523674  0.311316  0.507743  0.881170  0.854302  0.684913  0.732489  0.386956  0.781270  0.794195  0.862044  0.644682  0.781576  0.713168  0.577361  0.786286  0.714520  0.714563  0.819562  0.164404  0.696577  0.770045  0.561978  0.817691  0.706671  0.845459  0.764597  0.467940  0.460895  0.400140  0.315410  0.629667  0.770238  0.641402  0.773695  0.317715  0.375927  0.443587  0.400790  0.673693  0.444547  0.367487  0.308962  0.362522  0.438308  0.519672  0.404355  0.413128  0.317371  0.306914  0.431228  0.391371  0.713725  0.368391 
22  0.606537  0.693732  0.336140  0.620006  0.252867  0.605046  0.618154  0.664960  0.591713  0.609086  0.175577  0.605147  0.601085  0.886572  0.583846  0.623400  0.814164  0.565408  0.613124  0.628973  0.374868  0.785178 0.0  0.514051  0.786239  0.631118  0.792602  0.599309  0.630280  0.766903  0.767432  0.626955  0.759150  0.567429  0.547261  0.599075  0.746145  0.570850  0.581313  0.739426  0.627796  0.778093  0.532965  0.585383  0.640413  0.638974  0.463399  0.678904  0.596806  0.703992  0.360596  0.532613  0.614383  0.748821  0.701658  0.644884  0.214092  0.689412  0.525743  0.509553  0.552119  0.524219  0.652394  0.717001  0.599402  0.657169  0.636006  0.594711  0.402763  0.750238  0.805595  0.657958  0.667685  0.642206  0.478012  0.619732  0.684352  0.583309  0.652239  0.587882  0.577196  0.696417  0.589987  0.671058  0.824978  0.707850  0.733691  0.718504  0.682110 
23  0.424715  0.705038  0.633177  0.438648  0.587915  0.687089  0.727418  0.551208  0.685684  0.806010  0.546307  0.746734  0.722620  0.815881  0.470659  0.730334  0.979564  0.724766  0.216742  0.420747  0.498291  0.724823  0.514051 0.0  0.908520  0.679789  0.903545  0.802695  0.688228  0.730051  0.538480  0.266682  0.744182  0.775480  0.750326  0.748145  0.782139  0.822239  0.148119  0.679195  0.612761  0.735077  0.653529  0.730040  0.622540  0.723768  0.513488  0.606198  0.417777  0.781812  0.661220  0.477950  0.550429  0.849372  0.736636  0.817893  0.566281  0.646228  0.415652  0.458656  0.274116  0.637173  0.684128  0.830425  0.702717  0.823682  0.542890  0.512751  0.495949  0.770037  0.771177  0.662469  0.826281  0.721971  0.567798  0.710803  0.807755  0.635002  0.690323  0.674448  0.738027  0.746504  0.559856  0.744931  0.805943  0.682774  0.784559  0.730443  0.755243 
24  0.778226  0.901495  0.672233  0.799837  0.688750  0.602298  0.721566  0.800696  0.796212  0.506749  0.593582  0.432234  0.800107  0.221917  0.795546  0.664533  0.848344  0.517966  0.741951  0.760840  0.711819  0.380350  0.786239  0.908520 0.0  0.478866  0.872606  0.677394  0.403955  0.808903  0.638465  0.894748  0.728736  0.551802  0.681803  0.468072  0.364993  0.468065  0.830376  0.777255  0.741885  0.687499  0.467737  0.878028  0.963412  0.823708  0.699053  0.873830  0.852896  0.560809  0.611918  0.846598  0.797260  0.885397  0.240096  0.735179  0.718624  0.633743  0.786290  0.681770  0.757948  0.709139  0.582490  0.243006  0.474177  0.292839  0.689791  0.769832  0.654894  0.711637  0.458565  0.474290  0.428283  0.517427  0.608646  0.473476  0.408932  0.444075  0.497250  0.628446  0.644084  0.367439  0.474426  0.344491  0.490141  0.485218  0.263952  0.788022  0.359207 
25  0.714831  0.712345  0.728243  0.654560  0.614182  0.541156  0.667012  0.755798  0.805667  0.512937  0.507864  0.454185  0.665590  0.457711  0.641938  0.543403  0.863597  0.604023  0.633720  0.560931  0.636953  0.332989  0.631118  0.679789  0.478866 0.0  0.812946  0.541534  0.388721  0.609427  0.676057  0.795653  0.669153  0.428165  0.661859  0.522069  0.516880  0.442719  0.743572  0.704884  0.714115  0.720982  0.515619  0.834596  0.694562  0.693382  0.530405  0.706995  0.751918  0.412385  0.695313  0.720493  0.670594  0.813603  0.434114  0.665641  0.644638  0.471351  0.738561  0.669103  0.676577  0.862341  0.529198  0.493747  0.370375  0.382865  0.631838  0.812299  0.621671  0.544379  0.521590  0.346838  0.484905  0.277843  0.514290  0.404995  0.348178  0.250668  0.214045  0.594775  0.570364  0.326104  0.474964  0.446274  0.491037  0.430076  0.360964  0.757842  0.410291 
26  0.837569  0.665454  0.747850  0.904377  0.809014  0.854629  0.686993  0.772824  0.866303  0.876238  0.889795  0.842447  0.830609  0.788426  0.802088  0.833380  0.241531  0.853903  0.819097  0.781743  0.874105  0.985367  0.792602  0.903545  0.872606  0.812946 0.0  0.773200  0.892708  0.901095  0.748295  0.725860  0.841550  0.822511  0.836533  0.851839  0.881304  0.768704  0.800710  0.735263  0.844386  0.932970  0.851589  0.883697  0.832029  0.843301  0.845766  0.840982  0.785711  0.889671  0.774062  0.719774  0.787774  0.247882  0.807898  0.844744  0.826462  0.855980  0.791879  0.795661  0.858215  0.795089  0.864957  0.830382  0.827412  0.868267  0.762019  0.865682  0.760747  0.828507  0.916415  0.728524  0.901661  0.843369  0.833052  0.854281  0.950568  0.763417  0.725205  0.853720  0.915479  0.823757  0.874531  0.822016  0.853473  0.786389  0.810046  0.726800  0.942520 
27  0.747286  0.761614  0.752226  0.667755  0.701095  0.205149  0.748917  0.754964  0.815645  0.496742  0.641653  0.537162  0.855286  0.642769  0.668518  0.325683  0.972982  0.468064  0.714343  0.604124  0.676446  0.539604  0.599309  0.802695  0.677394  0.541534  0.773200 0.0  0.522488  0.787789  0.707883  0.731083  0.794817  0.601516  0.206844  0.386146  0.574860  0.651453  0.764757  0.794013  0.777507  0.706608  0.568825  0.642599  0.754225  0.825895  0.604049  0.686280  0.741086  0.390143  0.553230  0.781032  0.836098  0.839193  0.538004  0.679217  0.689343  0.443303  0.669947  0.733010  0.693811  0.744390  0.245667  0.621135  0.562997  0.530431  0.670436  0.784695  0.584203  0.743865  0.484458  0.478943  0.639784  0.412448  0.616881  0.526746  0.639625  0.430485  0.521908  0.340878  0.304971  0.475065  0.581811  0.713526  0.632093  0.406517  0.469591  0.783405  0.561033 
28  0.744031  0.755378  0.668899  0.802320  0.672432  0.620914  0.710569  0.689507  0.827015  0.441845  0.609822  0.365909  0.751133  0.522498  0.758074  0.662192  0.932707  0.616926  0.728139  0.736801  0.682909  0.533117  0.630280  0.688228  0.403955  0.388721  0.892708  0.522488 0.0  0.896667  0.649132  0.748984  0.657909  0.390524  0.674937  0.571838  0.512653  0.401905  0.835763  0.804564  0.668871  0.716410  0.290837  0.852172  0.764566  0.839043  0.749500  0.687762  0.794092  0.423340  0.714958  0.788927  0.620378  0.914564  0.531616  0.753387  0.716618  0.543311  0.738456  0.742961  0.753766  0.694825  0.668639  0.379366  0.369319  0.594369  0.620041  0.765146  0.701065  0.744624  0.324284  0.250661  0.245048  0.467749  0.521448  0.377136  0.182266  0.345096  0.284031  0.556290  0.648713  0.327737  0.223093  0.525114  0.304574  0.629306  0.326578  0.881686  0.368346 
29  0.777459  0.190981  0.661453  0.700705  0.644374  0.743232  0.671341  0.692596  0.396354  0.859484  0.662394  0.705242  0.436462  0.868898  0.719326  0.785322  0.827751  0.788637  0.771593  0.815158  0.683808  0.803071  0.766903  0.730051  0.808903  0.609427  0.901095  0.787789  0.896667 0.0  0.699319  0.727146  0.555919  0.689010  0.813295  0.879184  0.843526  0.745796  0.611159  0.716020  0.650642  0.478288  0.780841  0.191475  0.754644  0.194579  0.759677  0.189732  0.723842  0.811096  0.599735  0.675768  0.592816  0.707705  0.834901  0.460408  0.570423  0.816058  0.687013  0.661709  0.737340  0.299082  0.778399  0.792402  0.842571  0.896867  0.599664  0.790992  0.596476  0.646758  0.744279  0.737620  0.806448  0.762635  0.508078  0.775493  0.819489  0.673311  0.714295  0.754232  0.747195  0.609729  0.820633  0.796426  0.762488  0.828735  0.828628  0.318032  0.768648 
30  0.503668  0.564000  0.605254  0.516033  0.553038  0.809704  0.532716  0.427499  0.710764  0.854013  0.619437  0.723755  0.724033  0.721388  0.527097  0.702140  0.762904  0.767540  0.628328  0.367344  0.553795  0.794351  0.767432  0.538480  0.638465  0.676057  0.748295  0.707883  0.649132  0.699319 0.0  0.535762  0.692480  0.731310  0.707531  0.814899  0.893132  0.705537  0.463115  0.748878  0.606236  0.578031  0.864416  0.704287  0.358496  0.491482  0.629754  0.602790  0.482983  0.689636  0.576494  0.460077  0.335492  0.834785  0.818321  0.539674  0.662720  0.740380  0.432288  0.508893  0.519067  0.739597  0.780448  0.846071  0.933650  0.909599  0.629341  0.477300  0.375696  0.696381  0.698315  0.586686  0.785368  0.672963  0.555147  0.693042  0.737011  0.679709  0.674724  0.807642  0.798723  0.736632  0.647232  0.743991  0.704398  0.621399  0.724225  0.586502  0.744365 
31  0.561532  0.842024  0.693636  0.497376  0.722879  0.661017  0.667924  0.577098  0.616071  0.642437  0.651116  0.790745  0.625486  0.782399  0.295754  0.783237  0.900738  0.792638  0.194578  0.428206  0.652247  0.766376  0.626955  0.266682  0.894748  0.795653  0.725860  0.731083  0.748984  0.727146  0.535762 0.0  0.646642  0.600648  0.637323  0.746404  0.765544  0.739348  0.180636  0.731864  0.701254  0.695312  0.659298  0.650950  0.495026  0.792133  0.655301  0.677172  0.531271  0.719561  0.601628  0.426866  0.505118  0.870613  0.798622  0.763305  0.602417  0.782282  0.472762  0.498770  0.334379  0.732844  0.713770  0.736081  0.698031  0.660751  0.690736  0.612821  0.704767  0.676536  0.717327  0.637613  0.774139  0.808521  0.501578  0.705984  0.794368  0.617382  0.734577  0.665371  0.750046  0.740803  0.746491  0.734247  0.775220  0.718230  0.872711  0.703930  0.863860 
32  0.641154  0.733175  0.634088  0.668282  0.648533  0.674126  0.620181  0.630821  0.694556  0.766839  0.646153  0.619933  0.597090  0.682427  0.825034  0.689063  0.822897  0.766973  0.727377  0.725348  0.769476  0.766508  0.759150  0.744182  0.728736  0.669153  0.841550  0.794817  0.657909  0.555919  0.692480  0.646642 0.0  0.638651  0.743637  0.809002  0.846729  0.660672  0.605677  0.360289  0.303073  0.258014  0.739647  0.517776  0.723416  0.678656  0.647696  0.615646  0.660924  0.702003  0.693469  0.752391  0.592628  0.852596  0.771914  0.625752  0.782512  0.703210  0.643355  0.588535  0.763215  0.709267  0.622347  0.726145  0.890336  0.773971  0.591604  0.612639  0.764157  0.660477  0.726619  0.638698  0.675360  0.813745  0.519572  0.588198  0.679271  0.543746  0.745359  0.659907  0.774471  0.540170  0.607875  0.780229  0.704440  0.666632  0.827313  0.537428  0.778657 
33  0.587846  0.722416  0.627973  0.726356  0.656316  0.688336  0.664431  0.721103  0.679806  0.430986  0.697310  0.285629  0.661320  0.484371  0.616490  0.620010  0.860177  0.598506  0.638935  0.561015  0.536315  0.496942  0.567429  0.775480  0.551802  0.428165  0.822511  0.601516  0.390524  0.689010  0.731310  0.600648  0.638651 0.0  0.618909  0.569232  0.514356  0.218428  0.775708  0.699561  0.646552  0.728205  0.389952  0.798893  0.752556  0.775323  0.725289  0.656599  0.670347  0.580103  0.503450  0.756525  0.712857  0.719891  0.597196  0.689830  0.638090  0.473864  0.637056  0.725503  0.655160  0.654948  0.658634  0.576333  0.482277  0.468508  0.516651  0.812640  0.661968  0.446868  0.512562  0.283091  0.445592  0.387893  0.510635  0.399604  0.398673  0.264366  0.560144  0.532504  0.604902  0.246838  0.340536  0.535615  0.367475  0.596428  0.566174  0.774275  0.473841 
34  0.710336  0.848783  0.704225  0.631347  0.563419  0.153739  0.670169  0.785747  0.839538  0.444518  0.592347  0.659560  0.745462  0.537048  0.705826  0.348941  0.757700  0.307846  0.580614  0.643592  0.702446  0.645926  0.547261  0.750326  0.681803  0.661859  0.836533  0.206844  0.674937  0.813295  0.707531  0.637323  0.743637  0.618909 0.0  0.268581  0.534359  0.666830  0.761785  0.750886  0.714643  0.773069  0.514292  0.722159  0.736673  0.765815  0.642496  0.763843  0.711478  0.379969  0.664983  0.622700  0.847187  0.704138  0.568558  0.810407  0.521112  0.475928  0.752947  0.762741  0.641938  0.799413  0.331800  0.488026  0.472156  0.643484  0.679380  0.669727  0.709299  0.670681  0.528237  0.621374  0.483613  0.556654  0.517176  0.586224  0.686643  0.400786  0.459231  0.394009  0.223406  0.501170  0.629479  0.493835  0.529165  0.225244  0.721804  0.762651  0.578280 
35  0.730004  0.721434  0.645130  0.644793  0.714275  0.293423  0.631406  0.853592  0.731728  0.578973  0.584932  0.550711  0.743271  0.442483  0.673014  0.347092  0.956590  0.262923  0.646965  0.576295  0.685365  0.523674  0.599075  0.748145  0.468072  0.522069  0.851839  0.386146  0.571838  0.879184  0.814899  0.746404  0.809002  0.569232  0.268581 0.0  0.507105  0.614997  0.702607  0.818697  0.828478  0.758748  0.457919  0.811533  0.787299  0.885515  0.618523  0.796644  0.719729  0.184448  0.724898  0.663745  0.849880  0.764369  0.479443  0.901544  0.643892  0.196213  0.695253  0.684601  0.800936  0.793358  0.350329  0.596167  0.427370  0.456125  0.793591  0.775849  0.733599  0.642412  0.449001  0.533545  0.587512  0.614706  0.509686  0.623176  0.502124  0.409727  0.556940  0.233497  0.372429  0.601120  0.679443  0.599415  0.568509  0.360262  0.505348  0.824153  0.575217 
36  0.756664  0.754776  0.662934  0.740505  0.766643  0.470691  0.790672  0.789098  0.742043  0.361612  0.682859  0.532111  0.807656  0.436470  0.775545  0.546471  0.897405  0.460510  0.767773  0.597198  0.705384  0.311316  0.746145  0.782139  0.364993  0.516880  0.881304  0.574860  0.512653  0.843526  0.893132  0.765544  0.846729  0.514356  0.534359  0.507105 0.0  0.421461  0.849064  0.737299  0.749203  0.920433  0.355229  0.722224  0.882448  0.832621  0.630671  0.744743  0.692061  0.483851  0.756996  0.708002  0.709303  0.770682  0.374881  0.777828  0.675772  0.589518  0.749974  0.722970  0.702181  0.768777  0.541379  0.320481  0.365423  0.183772  0.830707  0.877353  0.722181  0.719294  0.381000  0.466639  0.411940  0.439369  0.608112  0.462341  0.410098  0.316408  0.456421  0.425640  0.531223  0.466338  0.372970  0.279552  0.486612  0.553393  0.303269  0.971292  0.225357 
37  0.689602  0.777514  0.637383  0.605798  0.605285  0.581429  0.612279  0.685330  0.749994  0.408069  0.619060  0.332842  0.730108  0.499785  0.517871  0.652150  0.728455  0.593181  0.710654  0.689981  0.592042  0.507743  0.570850  0.822239  0.468065  0.442719  0.768704  0.651453  0.401905  0.745796  0.705537  0.739348  0.660672  0.218428  0.666830  0.614997  0.421461 0.0  0.802031  0.756689  0.688518  0.699879  0.296573  0.728714  0.877036  0.744862  0.634843  0.686020  0.655375  0.560470  0.615313  0.624358  0.781828  0.716719  0.490901  0.710251  0.638895  0.518259  0.673050  0.725906  0.724685  0.671785  0.560620  0.415685  0.345891  0.371585  0.562453  0.675254  0.606622  0.579129  0.342658  0.309297  0.402488  0.379336  0.561116  0.366139  0.312570  0.286449  0.506921  0.541891  0.616038  0.361076  0.323709  0.504354  0.241743  0.581656  0.541354  0.685336  0.446576 
38  0.471086  0.850906  0.640680  0.506952  0.572382  0.614513  0.755140  0.585099  0.599423  0.827069  0.565842  0.806635  0.641084  0.807744  0.213308  0.767036  0.859236  0.689589  0.212892  0.419366  0.549847  0.881170  0.581313  0.148119  0.830376  0.743572  0.800710  0.764757  0.835763  0.611159  0.463115  0.180636  0.605677  0.775708  0.761785  0.702607  0.849064  0.802031 0.0  0.666246  0.690445  0.698179  0.729994  0.591352  0.513791  0.692136  0.588143  0.626575  0.325010  0.860837  0.530612  0.434755  0.541814  0.927777  0.769135  0.691528  0.537355  0.746421  0.444113  0.398161  0.338975  0.634473  0.725621  0.705290  0.747102  0.817527  0.632080  0.441415  0.621925  0.648906  0.851495  0.728512  0.800303  0.684029  0.495056  0.665926  0.752864  0.454733  0.641404  0.726569  0.634608  0.692975  0.738741  0.846441  0.916276  0.691524  0.831410  0.642932  0.734432 
39  0.583632  0.577591  0.551808  0.657122  0.681259  0.868774  0.594273  0.545748  0.684861  0.808715  0.699530  0.825859  0.681121  0.822906  0.685623  0.726907  0.770964  0.799465  0.746478  0.684117  0.584336  0.854302  0.739426  0.679195  0.777255  0.704884  0.735263  0.794013  0.804564  0.716020  0.748878  0.731864  0.360289  0.699561  0.750886  0.818697  0.737299  0.756689  0.666246 0.0  0.231316  0.355467  0.806182  0.636572  0.714931  0.578095  0.772358  0.671795  0.765618  0.762790  0.748403  0.754500  0.609370  0.876233  0.749284  0.682341  0.802276  0.721610  0.730245  0.603193  0.699814  0.668089  0.823933  0.839865  0.926066  0.776783  0.650673  0.650697  0.723930  0.749959  0.697346  0.566967  0.816487  0.756337  0.474068  0.628405  0.794328  0.692984  0.609883  0.709932  0.808286  0.633154  0.696747  0.827894  0.875854  0.788062  0.741939  0.691680  0.779781 
40  0.708744  0.612062  0.635391  0.661327  0.598005  0.742146  0.596075  0.579091  0.680572  0.861937  0.690141  0.665802  0.573687  0.804788  0.755694  0.622104  0.814007  0.801511  0.817499  0.714109  0.736283  0.684913  0.627796  0.612761  0.741885  0.714115  0.844386  0.777507  0.668871  0.650642  0.606236  0.701254  0.303073  0.646552  0.714643  0.828478  0.749203  0.688518  0.690445  0.231316 0.0  0.342606  0.723059  0.636397  0.667438  0.661221  0.543907  0.764393  0.688594  0.793201  0.749464  0.700177  0.559390  0.854858  0.785341  0.554713  0.704579  0.789207  0.632149  0.606390  0.823941  0.706887  0.801210  0.728497  0.839084  0.864987  0.676898  0.599367  0.576230  0.687747  0.750144  0.736270  0.777495  0.784991  0.606230  0.688219  0.750045  0.569182  0.762698  0.827859  0.688029  0.634195  0.666250  0.736342  0.767863  0.689756  0.686240  0.689328  0.720035 
41  0.518424  0.624443  0.690192  0.602875  0.749847  0.740775  0.420246  0.643801  0.681328  0.808649  0.676506  0.655054  0.690426  0.822348  0.600757  0.681053  0.700755  0.634223  0.728031  0.711613  0.715809  0.732489  0.778093  0.735077  0.687499  0.720982  0.932970  0.706608  0.716410  0.478288  0.578031  0.695312  0.258014  0.728205  0.773069  0.758748  0.920433  0.699879  0.698179  0.355467  0.342606 0.0  0.744752  0.433229  0.598428  0.638097  0.667623  0.590886  0.701330  0.763121  0.636930  0.687403  0.610509  0.848910  0.740432  0.583306  0.812107  0.666340  0.668653  0.544720  0.733271  0.675693  0.722849  0.718447  0.851683  0.763015  0.553360  0.540636  0.701655  0.749541  0.737272  0.731605  0.651873  0.716050  0.577908  0.695105  0.776884  0.648444  0.701986  0.736474  0.730866  0.653890  0.707660  0.809632  0.692279  0.634542  0.653164  0.626637  0.710523 
42  0.692850  0.860316  0.657324  0.759919  0.681609  0.521676  0.855566  0.853115  0.802000  0.235055  0.642761  0.315253  0.744338  0.545594  0.794419  0.598815  0.992241  0.570181  0.517957  0.695118  0.632872  0.386956  0.532965  0.653529  0.467737  0.515619  0.851589  0.568825  0.290837  0.780841  0.864416  0.659298  0.739647  0.389952  0.514292  0.457919  0.355229  0.296573  0.729994  0.806182  0.723059  0.744752 0.0  0.869718  0.813974  0.792845  0.622324  0.752981  0.789858  0.570686  0.554431  0.791358  0.774502  0.912290  0.456521  0.828907  0.574560  0.565844  0.744242  0.887254  0.612473  0.712288  0.613569  0.277065  0.194966  0.492141  0.578236  0.832439  0.697919  0.641760  0.348319  0.254937  0.271400  0.407318  0.558667  0.351565  0.342937  0.373064  0.454935  0.430758  0.566599  0.389090  0.351632  0.432967  0.353801  0.487727  0.440048  0.768366  0.363654 
43  0.682634  0.297248  0.621509  0.640909  0.593347  0.778679  0.579158  0.663311  0.356103  0.847176  0.552588  0.665193  0.636948  0.821422  0.614471  0.708492  0.772503  0.820602  0.695585  0.625261  0.634507  0.781270  0.585383  0.730040  0.878028  0.834596  0.883697  0.642599  0.852172  0.191475  0.704287  0.650950  0.517776  0.798893  0.722159  0.811533  0.722224  0.728714  0.591352  0.636572  0.636397  0.433229  0.869718 0.0  0.803599  0.185975  0.613347  0.333522  0.715931  0.694455  0.666097  0.741148  0.827765  0.708202  0.699290  0.442164  0.719703  0.736795  0.804644  0.728606  0.773169  0.338692  0.737447  0.816041  0.788031  0.778703  0.583101  0.708112  0.465807  0.745192  0.800675  0.654008  0.834536  0.688090  0.465189  0.647728  0.893883  0.465697  0.743600  0.776608  0.850138  0.638790  0.752281  0.885878  0.860669  0.630430  0.752121  0.301313  0.807725 
44  0.249888  0.600404  0.623196  0.352626  0.625546  0.735164  0.596195  0.171234  0.797303  0.971241  0.646927  0.701622  0.625573  0.828557  0.509356  0.841517  0.773271  0.768415  0.609288  0.435726  0.696856  0.794195  0.640413  0.622540  0.963412  0.694562  0.832029  0.754225  0.764566  0.754644  0.358496  0.495026  0.723416  0.752556  0.736673  0.787299  0.882448  0.877036  0.513791  0.714931  0.667438  0.598428  0.813974  0.803599 0.0  0.594696  0.652405  0.739023  0.411150  0.841168  0.639875  0.351822  0.139962  0.860454  0.722484  0.520004  0.630771  0.791658  0.318995  0.355687  0.555042  0.660390  0.641284  0.855470  0.897844  1.000000  0.510622  0.334012  0.457646  0.754427  0.803412  0.642767  0.760819  0.719544  0.558124  0.674986  0.784915  0.703056  0.742680  0.816264  0.806996  0.682887  0.726891  0.853228  0.814786  0.845299  0.786517  0.585709  0.684673 
