89
0 0.0  0.582397  0.482018  0.271536  0.486892  0.659655  0.528806  0.249566  0.702775  0.599515  0.463970  0.626062  0.640982  0.570121  0.426193  0.542237  0.790434  0.784640  0.471617  0.401801  0.606384  0.670095  0.614634  0.423000  0.805648  0.668013  0.761102  0.685759  0.643692  0.681669  0.403287  0.419881  0.549303  0.582851  0.694061  0.692788  0.576376  0.653870  0.456791  0.593451  0.523469  0.536703  0.710904  0.564652  0.299715  0.599314  0.528651  0.580642  0.294260  0.629826  0.495485  0.357639  0.251624  0.677720  0.692640  0.573158  0.558719  0.593558  0.284131  0.186222  0.458087  0.511822  0.716893  0.494640  0.529654  0.725572  0.602201  0.290441  0.581949  0.637635  0.664147  0.606186  0.640207  0.677676  0.411854  0.515649  0.592739  0.540696  0.668482  0.567063  0.649751  0.522788  0.743935  0.689966  0.679786  0.686875  0.743657  0.686323  0.673390 
1  0.582397 0.0  0.531066  0.561635  0.598936  0.638198  0.441724  0.637052  0.243597  0.716288  0.593652  0.605492  0.297859  0.552172  0.642625  0.701990  0.619385  0.650806  0.646520  0.618335  0.529666  0.749270  0.572557  0.764267  0.639449  0.487843  0.847329  0.689669  0.795255  0.261215  0.503939  0.654810  0.567467  0.727783  0.571687  0.748140  0.856233  0.704645  0.569247  0.478599  0.511751  0.491479  0.629759  0.245338  0.613883  0.237353  0.636659  0.260281  0.543746  0.690299  0.557470  0.764244  0.589136  0.648990  0.643694  0.325204  0.490457  0.674061  0.583602  0.525472  0.630940  0.302563  0.685639  0.675790  0.705878  0.700316  0.560801  0.560748  0.548846  0.611783  0.701229  0.646340  0.726160  0.687292  0.437832  0.596768  0.627349  0.620364  0.626433  0.727439  0.679245  0.595579  0.726470  0.591226  0.659881  0.719984  0.641329  0.236995  0.789002 
2  0.482018  0.531066 0.0  0.559684  0.289160  0.556904  0.500296  0.574604  0.650229  0.718938  0.321170  0.622758  0.510432  0.664701  0.564074  0.633419  0.648070  0.689108  0.640740  0.561019  0.344474  0.639048  0.373112  0.569055  0.557503  0.663272  0.674264  0.598810  0.648067  0.589691  0.534158  0.631707  0.593681  0.512938  0.492938  0.568216  0.620069  0.516617  0.667780  0.540616  0.547667  0.556520  0.651773  0.538432  0.520219  0.537511  0.378360  0.487003  0.477406  0.565754  0.375436  0.470188  0.568510  0.642417  0.575947  0.543262  0.373207  0.496014  0.533844  0.510844  0.622685  0.503897  0.639151  0.517984  0.641888  0.666042  0.575847  0.517747  0.210676  0.505215  0.649295  0.591514  0.634205  0.630029  0.411477  0.566383  0.542969  0.569249  0.520621  0.617993  0.559240  0.495426  0.547154  0.641618  0.597149  0.592541  0.686246  0.588201  0.734123 
3  0.271536  0.561635  0.559684 0.0  0.402902  0.631306  0.563243  0.283046  0.570830  0.694818  0.429770  0.643350  0.598407  0.666458  0.414935  0.629645  0.808175  0.629500  0.420515  0.362021  0.541280  0.619551  0.537226  0.362542  0.676092  0.568858  0.746378  0.661233  0.687211  0.571899  0.418723  0.428759  0.503422  0.577391  0.477271  0.647870  0.686521  0.606998  0.463922  0.498566  0.599791  0.602964  0.577921  0.650691  0.331475  0.563032  0.605375  0.720692  0.180275  0.701049  0.523592  0.292688  0.351704  0.644026  0.763180  0.550450  0.512545  0.680257  0.288513  0.295853  0.421944  0.489224  0.611879  0.520343  0.627536  0.724996  0.513055  0.279063  0.539308  0.539058  0.693456  0.591260  0.683196  0.656725  0.392391  0.631547  0.762496  0.422292  0.511725  0.655296  0.707755  0.676384  0.629128  0.746571  0.665763  0.664882  0.607487  0.632259  0.663415 
4  0.486892  0.598936  0.289160  0.402902 0.0  0.565760  0.502646  0.510181  0.623907  0.642005  0.191870  0.540834  0.583586  0.590132  0.469262  0.587958  0.728682  0.556645  0.514055  0.492022  0.260116  0.601293  0.163830  0.481583  0.640256  0.543058  0.790286  0.587127  0.607654  0.585789  0.500015  0.464512  0.534973  0.582501  0.531483  0.522074  0.569522  0.520549  0.505908  0.601173  0.553210  0.632949  0.520285  0.527872  0.538797  0.615832  0.293184  0.502857  0.532418  0.639019  0.328236  0.512698  0.461224  0.646751  0.700367  0.569968  0.161969  0.569823  0.445639  0.477231  0.441880  0.608791  0.546501  0.646178  0.617490  0.646171  0.484821  0.489033  0.308110  0.671675  0.708013  0.545707  0.547990  0.544924  0.439246  0.555186  0.528918  0.488378  0.579741  0.588466  0.511608  0.552211  0.524163  0.612676  0.658943  0.519213  0.525190  0.591177  0.609228 
5  0.659655  0.638198  0.556904  0.631306  0.565760 0.0  0.613066  0.668724  0.613795  0.508674  0.530566  0.504373  0.653311  0.491237  0.519468  0.167771  0.737658  0.296244  0.486599  0.549407  0.529573  0.459268  0.460758  0.532991  0.531214  0.467954  0.623145  0.275627  0.491751  0.713257  0.777292  0.591504  0.728003  0.471533  0.231102  0.279219  0.534939  0.424448  0.509143  0.686068  0.641738  0.652061  0.503363  0.778553  0.719905  0.741137  0.626046  0.571627  0.560713  0.315953  0.599281  0.571868  0.642783  0.725382  0.483623  0.673864  0.596497  0.349069  0.547885  0.628829  0.635715  0.641501  0.311953  0.543006  0.476590  0.472932  0.519043  0.629728  0.654851  0.599791  0.401791  0.454853  0.451063  0.472015  0.461131  0.419063  0.548592  0.395679  0.392688  0.324140  0.229667  0.454851  0.422094  0.446688  0.482438  0.259486  0.628026  0.742755  0.476038 
6  0.528806  0.441724  0.500296  0.563243  0.502646  0.613066 0.0  0.590745  0.566295  0.642953  0.519858  0.683524  0.512833  0.640072  0.621054  0.580785  0.529830  0.596151  0.596238  0.710689  0.555822  0.655040  0.515380  0.552112  0.516847  0.562275  0.649648  0.682869  0.626938  0.555153  0.549086  0.622290  0.557935  0.525222  0.607128  0.637566  0.658062  0.579445  0.604000  0.569616  0.560691  0.511977  0.576778  0.579304  0.612409  0.528696  0.594582  0.536260  0.597542  0.726404  0.522995  0.532364  0.623713  0.601502  0.666930  0.513566  0.538715  0.613201  0.541767  0.563963  0.575617  0.508130  0.572047  0.686805  0.687405  0.668815  0.379430  0.535142  0.487370  0.420747  0.582895  0.639374  0.643000  0.521243  0.448720  0.616236  0.654046  0.543653  0.606044  0.575408  0.709051  0.515077  0.608800  0.683484  0.624062  0.601251  0.529288  0.508815  0.629673 
7  0.249566  0.637052  0.574604  0.283046  0.510181  0.668724  0.590745 0.0  0.688316  0.732863  0.539453  0.601805  0.588976  0.640702  0.496106  0.585183  0.837759  0.522112  0.448543  0.468667  0.580626  0.610949  0.598374  0.475650  0.600323  0.570250  0.695637  0.657079  0.508328  0.622327  0.326273  0.450068  0.567078  0.585351  0.679416  0.706540  0.747005  0.723120  0.515342  0.547315  0.517232  0.460726  0.843773  0.617410  0.104328  0.534673  0.522979  0.657323  0.304068  0.603041  0.600982  0.286979  0.126091  0.775291  0.643083  0.593556  0.564507  0.688929  0.311970  0.231932  0.506574  0.571457  0.664720  0.686037  0.819418  0.741671  0.627100  0.265712  0.587083  0.568457  0.717875  0.490112  0.604874  0.851329  0.447618  0.671447  0.604536  0.628484  0.694235  0.706706  0.712244  0.546067  0.666524  0.755719  0.614430  0.729271  0.732130  0.573290  0.768530 
8  0.702775  0.243597  0.650229  0.570830  0.623907  0.613795  0.566295  0.688316 0.0  0.765030  0.586333  0.643610  0.363318  0.787428  0.663864  0.574979  0.744699  0.709495  0.632995  0.600855  0.473265  0.621352  0.574910  0.651070  0.617800  0.637956  0.596967  0.655802  0.744468  0.259923  0.741036  0.684887  0.602405  0.516080  0.581708  0.677843  0.770935  0.543819  0.564922  0.544421  0.585634  0.690117  0.641447  0.326589  0.607076  0.302977  0.568051  0.279202  0.630220  0.659276  0.597635  0.666140  0.556885  0.748630  0.678499  0.455703  0.557405  0.670655  0.509335  0.559895  0.621917  0.284230  0.637990  0.828172  0.657959  0.725763  0.518422  0.648936  0.645964  0.602019  0.777947  0.695137  0.787608  0.615810  0.492461  0.580380  0.587070  0.611121  0.677674  0.728863  0.708968  0.674589  0.769217  0.794729  0.671657  0.684457  0.775765  0.319091  0.649462 
9  0.599515  0.716288  0.718938  0.694818  0.642005  0.508674  0.642953  0.732863  0.765030 0.0  0.620784  0.301754  0.709052  0.345979  0.704823  0.524466  0.885934  0.452752  0.626953  0.632504  0.617889  0.399168  0.615262  0.772637  0.366365  0.336620  0.906198  0.419342  0.289674  0.654146  0.706184  0.722963  0.723624  0.418009  0.465017  0.482907  0.294112  0.362364  0.727314  0.713195  0.762672  0.744524  0.189871  0.761651  0.788177  0.711439  0.554238  0.648027  0.743376  0.473356  0.627536  0.644189  0.742517  0.694447  0.351823  0.782395  0.493411  0.525218  0.727524  0.764642  0.647284  0.727878  0.588508  0.350329  0.192648  0.324407  0.705021  0.661113  0.663249  0.639213  0.281660  0.354468  0.247709  0.367152  0.598048  0.309964  0.325242  0.297859  0.379743  0.526113  0.429479  0.349204  0.321987  0.334391  0.298816  0.469898  0.358472  0.785661  0.328313 
10  0.463970  0.593652  0.321170  0.429770  0.191870  0.530566  0.519858  0.539453  0.586333  0.620784 0.0  0.579673  0.675817  0.601863  0.520343  0.488980  0.749287  0.612517  0.584119  0.573592  0.338102  0.592012  0.198424  0.634861  0.566872  0.538435  0.830889  0.580044  0.648898  0.473757  0.512900  0.477169  0.575801  0.677079  0.561772  0.634535  0.603207  0.564934  0.592799  0.505761  0.611095  0.633153  0.602767  0.526728  0.527773  0.535930  0.376095  0.507578  0.523429  0.582223  0.375417  0.577487  0.565213  0.696821  0.561248  0.549947  0.194942  0.591427  0.458984  0.418178  0.497285  0.529609  0.635474  0.652573  0.597239  0.695207  0.529345  0.573992  0.327241  0.633756  0.648850  0.510609  0.728942  0.641457  0.506409  0.608508  0.486802  0.561333  0.546320  0.541697  0.572106  0.611283  0.523303  0.665261  0.614208  0.587088  0.570754  0.522368  0.584688 
11  0.626062  0.605492  0.622758  0.643350  0.540834  0.504373  0.683524  0.601805  0.643610  0.301754  0.579673 0.0  0.706014  0.258552  0.661860  0.456060  0.775398  0.412311  0.605414  0.472284  0.528405  0.311217  0.540898  0.641879  0.367234  0.286015  0.836236  0.458632  0.217065  0.636511  0.583121  0.667228  0.666050  0.276642  0.448601  0.480433  0.310071  0.307362  0.757934  0.634865  0.633246  0.706483  0.283843  0.560331  0.672803  0.529728  0.518655  0.595356  0.643416  0.427687  0.603437  0.604199  0.653399  0.864610  0.344329  0.569389  0.676969  0.394481  0.583337  0.685272  0.635567  0.650068  0.432172  0.348023  0.281285  0.352777  0.438326  0.714555  0.675968  0.621189  0.249978  0.174485  0.236349  0.356122  0.444425  0.213801  0.170696  0.248053  0.337288  0.385342  0.459368  0.188077  0.258220  0.360939  0.252025  0.389281  0.370629  0.768661  0.357520 
12  0.640982  0.297859  0.510432  0.598407  0.583586  0.653311  0.512833  0.588976  0.363318  0.709052  0.675817  0.706014 0.0  0.703253  0.606128  0.619155  0.786027  0.583566  0.525958  0.682862  0.558243  0.583465  0.576095  0.571911  0.729042  0.535524  0.838540  0.633523  0.695080  0.403110  0.619262  0.677230  0.555029  0.654417  0.648901  0.609611  0.709269  0.589685  0.611951  0.564666  0.560786  0.497519  0.544749  0.438141  0.607646  0.416787  0.571741  0.344449  0.554239  0.707525  0.543535  0.600536  0.590719  0.768299  0.682797  0.274184  0.554610  0.700919  0.573976  0.532241  0.579607  0.395812  0.661421  0.718491  0.758375  0.702214  0.619571  0.611720  0.597750  0.557898  0.732292  0.616135  0.628142  0.704250  0.503306  0.546218  0.674368  0.599786  0.641797  0.606676  0.565051  0.666987  0.721792  0.742206  0.696535  0.623967  0.737804  0.430915  0.698130 
13  0.570121  0.552172  0.664701  0.666458  0.590132  0.491237  0.640072  0.640702  0.787428  0.345979  0.601863  0.258552  0.703253 0.0  0.633303  0.423720  0.792018  0.411936  0.639832  0.577780  0.684370  0.205351  0.662650  0.763917  0.250230  0.358232  0.787230  0.505800  0.342524  0.727518  0.718820  0.680570  0.680885  0.440853  0.457683  0.412109  0.199132  0.442925  0.666437  0.674505  0.670918  0.651902  0.384242  0.708875  0.717052  0.676967  0.660918  0.649477  0.602371  0.409972  0.603636  0.719107  0.665986  0.698783  0.246118  0.706380  0.650102  0.547867  0.655795  0.739897  0.735449  0.728914  0.429234  0.244856  0.387482  0.236846  0.625115  0.668538  0.543900  0.621832  0.293936  0.390359  0.356261  0.327822  0.467177  0.393416  0.356936  0.239955  0.362083  0.417886  0.485326  0.393411  0.353277  0.238398  0.341320  0.534105  0.241936  0.709393  0.265315 
14  0.426193  0.642625  0.564074  0.414935  0.469262  0.519468  0.621054  0.496106  0.663864  0.704823  0.520343  0.661860  0.606128  0.633303 0.0  0.566057  0.829155  0.631406  0.305928  0.348636  0.473465  0.527253  0.558382  0.274360  0.677666  0.532938  0.601005  0.676807  0.622913  0.583317  0.456811  0.271124  0.586170  0.550461  0.559264  0.570218  0.719468  0.563692  0.272652  0.745878  0.611647  0.596511  0.812157  0.543294  0.474126  0.596766  0.609436  0.639687  0.324707  0.677906  0.492104  0.380245  0.379599  0.797028  0.608389  0.578966  0.516888  0.607768  0.406412  0.383827  0.218245  0.602497  0.704749  0.644537  0.677791  0.627917  0.591297  0.372733  0.579318  0.540028  0.617815  0.558674  0.654745  0.523492  0.432208  0.553590  0.705906  0.510780  0.591896  0.674602  0.694962  0.598335  0.557227  0.621679  0.630681  0.552088  0.744993  0.667189  0.724596 
15  0.542237  0.701990  0.633419  0.629645  0.587958  0.167771  0.580785  0.585183  0.574979  0.524466  0.488980  0.456060  0.619155  0.423720  0.566057 0.0  0.727547  0.316654  0.609692  0.515188  0.594889  0.517511  0.550826  0.679437  0.570145  0.449508  0.869496  0.259220  0.439759  0.592597  0.685712  0.626369  0.548090  0.513175  0.235039  0.315605  0.436994  0.541356  0.643147  0.627447  0.617589  0.732050  0.439114  0.623622  0.576866  0.748544  0.544707  0.615572  0.639663  0.309140  0.477529  0.695488  0.720349  0.755025  0.445610  0.679877  0.568103  0.350088  0.654387  0.707396  0.627673  0.692773  0.340635  0.555320  0.456887  0.531416  0.535117  0.647795  0.591651  0.581999  0.472645  0.431694  0.490670  0.451156  0.499597  0.415530  0.528501  0.382382  0.489954  0.312040  0.199909  0.457904  0.418565  0.517779  0.480764  0.276463  0.504855  0.688920  0.532909 
16  0.790434  0.619385  0.648070  0.808175  0.728682  0.737658  0.529830  0.837759  0.744699  0.885934  0.749287  0.775398  0.786027  0.792018  0.829155  0.727547 0.0  0.730059  0.753117  0.712881  0.873577  0.937732  0.765733  0.820802  0.691541  0.650194  0.184397  0.774882  1.000000  0.765790  0.608624  0.776516  0.694530  0.669813  0.782695  0.830847  0.795162  0.569691  0.850811  0.692441  0.626557  0.817324  0.780078  0.633649  0.737669  0.822159  0.816303  0.687690  0.787585  0.822017  0.808979  0.927309  0.728123  0.186678  0.780731  0.655332  0.797382  0.803881  0.837655  0.751365  0.745779  0.716102  0.687625  0.790003  0.807802  0.820608  0.725232  0.616384  0.589213  0.740982  0.705893  0.748631  0.868767  0.722950  0.786245  0.799730  0.865721  0.863101  0.750637  0.882349  0.718142  0.729736  0.739834  0.777862  0.921856  0.674651  0.888484  0.789461  0.699232 
17  0.784640  0.650806  0.689108  0.629500  0.556645  0.296244  0.596151  0.522112  0.709495  0.452752  0.612517  0.412311  0.583566  0.411936  0.631406  0.316654  0.730059 0.0  0.566402  0.480078  0.506009  0.454822  0.491770  0.560134  0.510144  0.391748  0.885770  0.357276  0.526005  0.609465  0.639243  0.576918  0.707010  0.534193  0.312405  0.262255  0.481228  0.559772  0.630074  0.673588  0.651995  0.593795  0.519244  0.633758  0.678701  0.523900  0.536752  0.667325  0.610929  0.264982  0.459579  0.582465  0.700390  0.726871  0.475805  0.686730  0.589137  0.255688  0.540871  0.635174  0.641883  0.697995  0.246147  0.478826  0.468259  0.515023  0.651557  0.602506  0.608797  0.592141  0.478523  0.487814  0.437265  0.423917  0.395326  0.452410  0.426778  0.345761  0.427057  0.208950  0.358745  0.475655  0.489818  0.447666  0.452195  0.355907  0.533390  0.621557  0.457315 
18  0.471617  0.646520  0.640740  0.420515  0.514055  0.486599  0.596238  0.448543  0.632995  0.626953  0.584119  0.605414  0.525958  0.639832  0.305928  0.609692  0.753117  0.566402 0.0  0.318084  0.568524  0.596250  0.443906  0.158438  0.606406  0.574541  0.875121  0.595232  0.783634  0.651797  0.490129  0.159968  0.643695  0.607539  0.655685  0.622086  0.678989  0.640894  0.181116  0.692906  0.637715  0.631071  0.712014  0.630020  0.517684  0.700635  0.586969  0.672270  0.390067  0.634221  0.514116  0.382694  0.425241  0.652340  0.702641  0.661117  0.473000  0.587678  0.401352  0.475235  0.271989  0.561709  0.577361  0.633831  0.617003  0.677888  0.614136  0.506337  0.689830  0.583940  0.646267  0.565092  0.734148  0.608258  0.438270  0.566132  0.711848  0.575038  0.566295  0.515181  0.510125  0.572622  0.618777  0.635354  0.769341  0.552806  0.635086  0.690425  0.640743 
19  0.401801  0.618335  0.561019  0.362021  0.492022  0.549407  0.710689  0.468667  0.600855  0.632504  0.573592  0.472284  0.682862  0.577780  0.348636  0.515188  0.712881  0.480078  0.318084 0.0  0.486815  0.551232  0.606231  0.303960  0.601255  0.522608  0.907070  0.491611  0.540153  0.528179  0.433824  0.320584  0.605083  0.519288  0.448073  0.453752  0.576817  0.568551  0.333322  0.611308  0.535713  0.618995  0.504829  0.602758  0.423218  0.500417  0.566141  0.539022  0.331742  0.528163  0.520880  0.348500  0.461835  0.754833  0.525642  0.595080  0.541631  0.423087  0.348122  0.357247  0.385558  0.582863  0.498094  0.600161  0.552432  0.523319  0.562640  0.313018  0.670946  0.583775  0.556552  0.466704  0.538492  0.531561  0.447477  0.484473  0.577220  0.503491  0.505225  0.505650  0.545511  0.498112  0.546782  0.480072  0.513943  0.500696  0.548573  0.707188  0.641079 
20  0.606384  0.529666  0.344474  0.541280  0.260116  0.529573  0.555822  0.580626  0.473265  0.617889  0.338102  0.528405  0.558243  0.684370  0.473465  0.594889  0.873577  0.506009  0.568524  0.486815 0.0  0.518445  0.268746  0.486423  0.664434  0.522991  0.776985  0.549632  0.623250  0.589561  0.557513  0.518741  0.580628  0.453812  0.523760  0.609231  0.562399  0.572787  0.536724  0.504194  0.529475  0.633813  0.669580  0.554719  0.603308  0.576056  0.362043  0.553997  0.495028  0.557842  0.309312  0.529303  0.540453  0.695198  0.549330  0.511001  0.259355  0.605644  0.505576  0.539144  0.523171  0.663287  0.658191  0.630194  0.516424  0.667485  0.511525  0.616919  0.349422  0.551222  0.613778  0.608329  0.511940  0.600046  0.355032  0.576438  0.631338  0.538363  0.551031  0.534198  0.545112  0.555717  0.443703  0.638908  0.556160  0.547594  0.706932  0.578780  0.601567 
21  0.670095  0.749270  0.639048  0.619551  0.601293  0.459268  0.655040  0.610949  0.621352  0.399168  0.592012  0.311217  0.583465  0.205351  0.527253  0.517511  0.937732  0.454822  0.596250  0.551232  0.518445 0.0  0.579423  0.687539  0.313888  0.303494  0.884850  0.510055  0.312247  0.706551  0.594032  0.715644  0.685542  0.379600  0.461386  0.395025  0.272427  0.400630  0.628219  0.759251  0.672434  0.646385  0.363979  0.631675  0.788393  0.673947  0.651826  0.685386  0.713438  0.433976  0.642321  0.625922  0.835264  0.690991  0.226193  0.637203  0.592154  0.424515  0.615063  0.683683  0.617292  0.652190  0.384111  0.250294  0.435670  0.239808  0.640593  0.680573  0.576598  0.766302  0.291544  0.298188  0.349332  0.365327  0.434350  0.377613  0.290913  0.238926  0.347395  0.437581  0.484647  0.394784  0.413432  0.270476  0.328108  0.410020  0.290467  0.737705  0.232503 
22  0.614634  0.572557  0.373112  0.537226  0.163830  0.460758  0.515380  0.598374  0.574910  0.615262  0.198424  0.540898  0.576095  0.662650  0.558382  0.550826  0.765733  0.491770  0.443906  0.606231  0.268746  0.579423 0.0  0.471338  0.606733  0.571848  0.694489  0.587880  0.615223  0.631056  0.561441  0.518990  0.659270  0.626219  0.597005  0.518562  0.632501  0.617660  0.500784  0.524347  0.643236  0.594761  0.549025  0.579369  0.586246  0.535033  0.370453  0.576828  0.626113  0.617956  0.317113  0.502438  0.569224  0.693583  0.570394  0.561747  0.137100  0.582661  0.497839  0.541877  0.536405  0.580525  0.572870  0.578001  0.630473  0.491482  0.519267  0.505320  0.360833  0.546990  0.553453  0.470424  0.601303  0.573980  0.364262  0.501182  0.587685  0.563503  0.575955  0.667269  0.660671  0.515030  0.520128  0.566022  0.537202  0.563859  0.662408  0.668340  0.716226 
23  0.423000  0.764267  0.569055  0.362542  0.481583  0.532991  0.552112  0.475650  0.651070  0.772637  0.634861  0.641879  0.571911  0.763917  0.274360  0.679437  0.820802  0.560134  0.158438  0.303960  0.486423  0.687539  0.471338 0.0  0.741138  0.631284  0.645325  0.607203  0.696474  0.632712  0.457265  0.209479  0.728834  0.678843  0.696872  0.643419  0.596148  0.643865  0.182751  0.642856  0.620428  0.708394  0.677038  0.685325  0.456428  0.622851  0.533311  0.621854  0.390277  0.675234  0.534511  0.319158  0.381681  0.815098  0.620515  0.582248  0.504522  0.601522  0.383184  0.455094  0.209232  0.633141  0.585963  0.648347  0.621030  0.750107  0.551236  0.339425  0.569430  0.581186  0.574886  0.717166  0.613328  0.607690  0.401859  0.534913  0.682588  0.383803  0.788634  0.642779  0.653974  0.635401  0.560449  0.637128  0.728103  0.820591  0.741509  0.655956  0.622154 
24  0.805648  0.639449  0.557503  0.676092  0.640256  0.531214  0.516847  0.600323  0.617800  0.366365  0.566872  0.367234  0.729042  0.250230  0.677666  0.570145  0.691541  0.510144  0.606406  0.601255  0.664434  0.313888  0.606733  0.741138 0.0  0.319108  0.814250  0.426199  0.355407  0.811086  0.730566  0.731075  0.572787  0.421284  0.569369  0.452147  0.211127  0.469866  0.579417  0.662116  0.628258  0.646613  0.331047  0.533797  0.778575  0.733688  0.597881  0.721405  0.738867  0.481300  0.549325  0.693193  0.735657  0.694615  0.241638  0.597207  0.707350  0.419645  0.660340  0.597199  0.630867  0.715745  0.495238  0.186510  0.379661  0.229908  0.571035  0.653110  0.636933  0.730018  0.300344  0.384164  0.304484  0.370881  0.553985  0.370597  0.359580  0.310615  0.294819  0.511797  0.463278  0.373326  0.407745  0.198901  0.333360  0.513161  0.163589  0.831612  0.227566 
25  0.668013  0.487843  0.663272  0.568858  0.543058  0.467954  0.562275  0.570250  0.637956  0.336620  0.538435  0.286015  0.535524  0.358232  0.532938  0.449508  0.650194  0.391748  0.574541  0.522608  0.522991  0.303494  0.571848  0.631284  0.319108 0.0  0.868525  0.414553  0.383551  0.707236  0.648285  0.575650  0.613378  0.362508  0.407041  0.436038  0.328479  0.363821  0.652502  0.714012  0.654463  0.674191  0.332664  0.608397  0.714059  0.573538  0.611590  0.711062  0.603150  0.438779  0.534121  0.726937  0.644158  0.738668  0.367452  0.601724  0.590108  0.352814  0.594930  0.618682  0.603065  0.738395  0.402819  0.368974  0.353756  0.350110  0.550667  0.714529  0.565954  0.507352  0.370899  0.292894  0.358892  0.179740  0.468840  0.333848  0.331009  0.205992  0.181737  0.323302  0.476819  0.293845  0.325552  0.334080  0.379691  0.389104  0.331277  0.611074  0.276859 
26  0.761102  0.847329  0.674264  0.746378  0.790286  0.623145  0.649648  0.695637  0.596967  0.906198  0.830889  0.836236  0.838540  0.787230  0.601005  0.869496  0.184397  0.885770  0.875121  0.907070  0.776985  0.884850  0.694489  0.645325  0.814250  0.868525 0.0  0.786049  0.662898  0.865201  0.729077  0.744134  0.896312  0.803806  0.819416  0.912404  0.780165  0.762780  0.707318  0.798387  0.813847  0.668959  0.857088  0.651279  0.789275  0.633313  0.806675  0.619999  0.681145  0.855334  0.678516  0.713953  0.882380  0.242592  0.834431  0.620241  0.819718  0.771200  0.640889  0.668057  0.606792  0.701898  0.803258  0.776885  0.893900  0.895211  0.671602  0.683374  0.779754  0.766418  0.682668  0.747358  0.821562  0.827255  0.756993  0.749376  0.775525  0.696165  0.751601  0.817120  0.753089  0.711698  0.752569  0.929442  0.775452  0.802477  0.846053  0.754991  0.843127 
27  0.685759  0.689669  0.598810  0.661233  0.587127  0.275627  0.682869  0.657079  0.655802  0.419342  0.580044  0.458632  0.633523  0.505800  0.676807  0.259220  0.774882  0.357276  0.595232  0.491611  0.549632  0.510055  0.587880  0.607203  0.426199  0.414553  0.786049 0.0  0.427466  0.738688  0.630772  0.692872  0.564963  0.423866  0.215105  0.305530  0.476867  0.487054  0.666407  0.629497  0.637244  0.592566  0.476291  0.642606  0.672704  0.721880  0.509293  0.637108  0.648289  0.353992  0.633370  0.522518  0.694733  0.696337  0.437942  0.682423  0.612841  0.345223  0.652724  0.565189  0.626509  0.660364  0.326369  0.449006  0.420332  0.483534  0.604236  0.653193  0.525267  0.609236  0.479542  0.476814  0.486099  0.394826  0.442539  0.455104  0.463101  0.358183  0.421587  0.321862  0.213033  0.437863  0.414290  0.544841  0.493065  0.209903  0.531884  0.680077  0.489967 
28  0.643692  0.795255  0.648067  0.687211  0.607654  0.491751  0.626938  0.508328  0.744468  0.289674  0.648898  0.217065  0.695080  0.342524  0.622913  0.439759  1.000000  0.526005  0.783634  0.540153  0.623250  0.312247  0.615223  0.696474  0.355407  0.383551  0.662898  0.427466 0.0  0.809633  0.658956  0.646795  0.578512  0.266699  0.517607  0.491870  0.350849  0.308731  0.632120  0.666735  0.671071  0.635339  0.266553  0.636670  0.683790  0.648452  0.546767  0.714122  0.577969  0.498926  0.623626  0.725204  0.662295  0.986070  0.331226  0.689428  0.595954  0.489898  0.660887  0.633059  0.687363  0.635534  0.484301  0.334419  0.261291  0.361321  0.698419  0.684134  0.650571  0.612604  0.206047  0.239715  0.207209  0.329263  0.523175  0.209517  0.212671  0.271818  0.275707  0.481468  0.513207  0.237555  0.223423  0.359545  0.226453  0.519431  0.343273  0.690705  0.334250 
29  0.681669  0.261215  0.589691  0.571899  0.585789  0.713257  0.555153  0.622327  0.259923  0.654146  0.473757  0.636511  0.403110  0.727518  0.583317  0.592597  0.765790  0.609465  0.651797  0.528179  0.589561  0.706551  0.631056  0.632712  0.811086  0.707236  0.865201  0.738688  0.809633 0.0  0.596638  0.680593  0.508476  0.611692  0.703838  0.674050  0.806837  0.643274  0.552668  0.535334  0.579511  0.532073  0.724691  0.202271  0.625236  0.189214  0.624472  0.226057  0.676541  0.672267  0.517949  0.527213  0.560659  0.774700  0.754076  0.424580  0.540924  0.632628  0.527625  0.664254  0.583823  0.231734  0.651279  0.785449  0.734763  0.639004  0.492779  0.621517  0.502064  0.662422  0.813470  0.598565  0.699579  0.764678  0.536735  0.589815  0.597685  0.641478  0.644025  0.728606  0.657326  0.584852  0.640496  0.753120  0.802625  0.672517  0.770553  0.264447  0.790244 
30  0.403287  0.503939  0.534158  0.418723  0.500015  0.777292  0.549086  0.326273  0.741036  0.706184  0.512900  0.583121  0.619262  0.718820  0.456811  0.685712  0.608624  0.639243  0.490129  0.433824  0.557513  0.594032  0.561441  0.457265  0.730566  0.648285  0.729077  0.630772  0.658956  0.596638 0.0  0.477509  0.667155  0.655286  0.625589  0.668578  0.735169  0.541681  0.474001  0.505695  0.576832  0.594692  0.697051  0.521716  0.311668  0.460605  0.562802  0.574899  0.402154  0.597074  0.574327  0.506556  0.418370  0.609427  0.757776  0.447654  0.539525  0.692721  0.440182  0.397199  0.383081  0.628215  0.713336  0.644703  0.707230  0.848104  0.530325  0.391520  0.479673  0.596553  0.627467  0.572223  0.712549  0.552001  0.411896  0.577263  0.689127  0.570920  0.609865  0.698567  0.652041  0.571602  0.679305  0.806846  0.717750  0.681031  0.636123  0.574700  0.720410 
31  0.419881  0.654810  0.631707  0.428759  0.464512  0.591504  0.622290  0.450068  0.684887  0.722963  0.477169  0.667228  0.677230  0.680570  0.271124  0.626369  0.776516  0.576918  0.159968  0.320584  0.518741  0.715644  0.518990  0.209479  0.731075  0.575650  0.744134  0.692872  0.646795  0.680593  0.477509 0.0  0.546415  0.719273  0.568408  0.744814  0.722192  0.684740  0.158159  0.597181  0.593932  0.610837  0.627163  0.650800  0.449530  0.723064  0.521430  0.644238  0.381581  0.641207  0.484054  0.318892  0.514383  0.631162  0.658897  0.701612  0.407118  0.602820  0.450786  0.482594  0.298451  0.671934  0.572982  0.589868  0.599823  0.657277  0.593635  0.481065  0.483815  0.564503  0.642463  0.586343  0.603654  0.620994  0.383691  0.664578  0.617778  0.562186  0.706002  0.591840  0.627861  0.554285  0.628818  0.663544  0.732505  0.614672  0.630703  0.664894  0.733158 
32  0.549303  0.567467  0.593681  0.503422  0.534973  0.728003  0.557935  0.567078  0.602405  0.723624  0.575801  0.666050  0.555029  0.680885  0.586170  0.548090  0.694530  0.707010  0.643695  0.605083  0.580628  0.685542  0.659270  0.728834  0.572787  0.613378  0.896312  0.564963  0.578512  0.508476  0.667155  0.546415 0.0  0.674345  0.594888  0.714602  0.609685  0.585947  0.608407  0.301393  0.256515  0.156342  0.678940  0.526436  0.641862  0.568663  0.584149  0.566521  0.618079  0.629893  0.591467  0.624316  0.527902  0.800182  0.734100  0.592480  0.661147  0.616373  0.621343  0.480645  0.662446  0.560829  0.634582  0.670115  0.669862  0.736304  0.560159  0.517354  0.548857  0.557481  0.638849  0.635234  0.645838  0.527798  0.460127  0.600893  0.594490  0.583162  0.551962  0.644143  0.639205  0.557196  0.572535  0.681809  0.658209  0.640310  0.670067  0.627309  0.721602 
33  0.582851  0.727783  0.512938  0.577391  0.582501  0.471533  0.525222  0.585351  0.516080  0.418009  0.677079  0.276642  0.654417  0.440853  0.550461  0.513175  0.669813  0.534193  0.607539  0.519288  0.453812  0.379600  0.626219  0.678843  0.421284  0.362508  0.803806  0.423866  0.266699  0.611692  0.655286  0.719273  0.674345 0.0  0.429695  0.468226  0.444528  0.172336  0.640783  0.621947  0.617042  0.624499  0.311112  0.603914  0.796128  0.667561  0.524157  0.515010  0.616025  0.429075  0.591349  0.690353  0.749853  0.654581  0.439744  0.570970  0.437525  0.454548  0.576592  0.661108  0.623209  0.562892  0.465192  0.421604  0.399402  0.444231  0.470271  0.647069  0.520981  0.474872  0.375971  0.272661  0.393233  0.475333  0.439711  0.342770  0.315235  0.213977  0.381658  0.461860  0.617454  0.243881  0.282552  0.461825  0.354457  0.564612  0.363440  0.620006  0.421046 
34  0.694061  0.571687  0.492938  0.477271  0.531483  0.231102  0.607128  0.679416  0.581708  0.465017  0.561772  0.448601  0.648901  0.457683  0.559264  0.235039  0.782695  0.312405  0.655685  0.448073  0.523760  0.461386  0.597005  0.696872  0.569369  0.407041  0.819416  0.215105  0.517607  0.703838  0.625589  0.568408  0.594888  0.429695 0.0  0.301860  0.325864  0.496691  0.654381  0.689137  0.598604  0.563541  0.370199  0.645607  0.751194  0.713925  0.462894  0.628373  0.583012  0.332635  0.586475  0.596266  0.781807  0.721944  0.466492  0.824106  0.552164  0.304403  0.743288  0.602729  0.639435  0.660719  0.292575  0.546769  0.386259  0.454536  0.568472  0.733907  0.596517  0.657152  0.559894  0.380963  0.435133  0.472107  0.413115  0.486523  0.502475  0.293246  0.404626  0.265942  0.170219  0.453863  0.527147  0.426056  0.530240  0.189704  0.489739  0.767909  0.524680 
35  0.692788  0.748140  0.568216  0.647870  0.522074  0.279219  0.637566  0.706540  0.677843  0.482907  0.634535  0.480433  0.609611  0.412109  0.570218  0.315605  0.830847  0.262255  0.622086  0.453752  0.609231  0.395025  0.518562  0.643419  0.452147  0.436038  0.912404  0.305530  0.491870  0.674050  0.668578  0.744814  0.714602  0.468226  0.301860 0.0  0.370625  0.483659  0.550524  0.602871  0.775232  0.783571  0.447936  0.753054  0.756340  0.776612  0.601716  0.568570  0.632491  0.178881  0.602652  0.515977  0.679328  0.815779  0.395636  0.521065  0.581000  0.220521  0.619527  0.638787  0.572619  0.647531  0.244933  0.490248  0.397715  0.375890  0.566757  0.627083  0.656632  0.560130  0.472971  0.451978  0.516347  0.488640  0.570280  0.415465  0.384542  0.386843  0.424250  0.188639  0.329534  0.432008  0.515121  0.448715  0.451663  0.251956  0.494789  0.756609  0.445317 
36  0.576376  0.856233  0.620069  0.686521  0.569522  0.534939  0.658062  0.747005  0.770935  0.294112  0.603207  0.310071  0.709269  0.199132  0.719468  0.436994  0.795162  0.481228  0.678989  0.576817  0.562399  0.272427  0.632501  0.596148  0.211127  0.328479  0.780165  0.476867  0.350849  0.806837  0.735169  0.722192  0.609685  0.444528  0.325864  0.370625 0.0  0.503286  0.635148  0.689014  0.740178  0.620120  0.318918  0.639936  0.645956  0.802161  0.632674  0.679981  0.748860  0.460447  0.583138  0.717723  0.636842  0.681220  0.222119  0.786569  0.657238  0.451841  0.719862  0.732659  0.571578  0.684181  0.409252  0.178514  0.285983  0.167232  0.629333  0.733309  0.556460  0.581550  0.316384  0.373539  0.295938  0.332167  0.506138  0.362953  0.359389  0.299912  0.352567  0.412918  0.451512  0.351658  0.366022  0.181510  0.330903  0.429331  0.192330  0.659144  0.207549 
37  0.653870  0.704645  0.516617  0.606998  0.520549  0.424448  0.579445  0.723120  0.543819  0.362364  0.564934  0.307362  0.589685  0.442925  0.563692  0.541356  0.569691  0.559772  0.640894  0.568551  0.572787  0.400630  0.617660  0.643865  0.469866  0.363821  0.762780  0.487054  0.308731  0.643274  0.541681  0.684740  0.585947  0.172336  0.496691  0.483659  0.503286 0.0  0.677196  0.681908  0.624644  0.651031  0.281707  0.639961  0.655023  0.650764  0.584972  0.475139  0.572483  0.486929  0.581700  0.556295  0.586832  0.774570  0.367396  0.638902  0.517245  0.467427  0.567072  0.495042  0.656494  0.579093  0.544741  0.421066  0.328628  0.366508  0.585241  0.711095  0.680828  0.527117  0.415740  0.278242  0.359183  0.441305  0.489569  0.294096  0.280378  0.217971  0.367977  0.467634  0.496353  0.251164  0.296340  0.406868  0.336400  0.449459  0.367179  0.612007  0.399909 
38  0.456791  0.569247  0.667780  0.463922  0.505908  0.509143  0.604000  0.515342  0.564922  0.727314  0.592799  0.757934  0.611951  0.666437  0.272652  0.643147  0.850811  0.630074  0.181116  0.333322  0.536724  0.628219  0.500784  0.182751  0.579417  0.652502  0.707318  0.666407  0.632120  0.552668  0.474001  0.158159  0.608407  0.640783  0.654381  0.550524  0.635148  0.677196 0.0  0.660492  0.502615  0.621672  0.587340  0.684863  0.520413  0.712104  0.442726  0.662004  0.338067  0.725791  0.536942  0.343425  0.475996  0.734853  0.748723  0.522776  0.483762  0.589308  0.392743  0.382589  0.240878  0.541480  0.657360  0.697727  0.723642  0.666783  0.548757  0.435964  0.626418  0.566327  0.663331  0.618453  0.840390  0.606397  0.347811  0.638516  0.629504  0.601929  0.779841  0.526866  0.616571  0.510692  0.639789  0.634183  0.761733  0.673469  0.702788  0.790292  0.719307 
39  0.593451  0.478599  0.540616  0.498566  0.601173  0.686068  0.569616  0.547315  0.544421  0.713195  0.505761  0.634865  0.564666  0.674505  0.745878  0.627447  0.692441  0.673588  0.692906  0.611308  0.504194  0.759251  0.524347  0.642856  0.662116  0.714012  0.798387  0.629497  0.666735  0.535334  0.505695  0.597181  0.301393  0.621947  0.689137  0.602871  0.689014  0.681908  0.660492 0.0  0.297410  0.273075  0.804237  0.650937  0.505296  0.624200  0.659444  0.618243  0.639943  0.641068  0.580472  0.705088  0.726113  0.795974  0.576295  0.646261  0.680860  0.610503  0.568087  0.596052  0.611669  0.592647  0.561841  0.715867  0.841009  0.672912  0.641803  0.592938  0.597106  0.633020  0.696699  0.646999  0.735517  0.676639  0.477390  0.609316  0.743637  0.685617  0.656066  0.651361  0.592579  0.606060  0.600148  0.727705  0.753928  0.740652  0.631719  0.559619  0.662726 
40  0.523469  0.511751  0.547667  0.599791  0.553210  0.641738  0.560691  0.517232  0.585634  0.762672  0.611095  0.633246  0.560786  0.670918  0.611647  0.617589  0.626557  0.651995  0.637715  0.535713  0.529475  0.672434  0.643236  0.620428  0.628258  0.654463  0.813847  0.637244  0.671071  0.579511  0.576832  0.593932  0.256515  0.617042  0.598604  0.775232  0.740178  0.624644  0.502615  0.297410 0.0  0.322798  0.694624  0.550186  0.498817  0.476821  0.481181  0.569616  0.591994  0.661656  0.640900  0.570582  0.582137  0.919951  0.589480  0.514922  0.536396  0.541107  0.523827  0.578132  0.727367  0.615943  0.634501  0.575813  0.717309  0.673631  0.584150  0.586069  0.607201  0.686309  0.530603  0.572319  0.698990  0.649018  0.460579  0.538496  0.669976  0.589147  0.579507  0.679838  0.691886  0.664171  0.586435  0.654118  0.760844  0.656889  0.659751  0.591445  0.729235 
41  0.536703  0.491479  0.556520  0.602964  0.632949  0.652061  0.511977  0.460726  0.690117  0.744524  0.633153  0.706483  0.497519  0.651902  0.596511  0.732050  0.817324  0.593795  0.631071  0.618995  0.633813  0.646385  0.594761  0.708394  0.646613  0.674191  0.668959  0.592566  0.635339  0.532073  0.594692  0.610837  0.156342  0.624499  0.563541  0.783571  0.620120  0.651031  0.621672  0.273075  0.322798 0.0  0.732807  0.484503  0.443572  0.531224  0.629036  0.663136  0.593174  0.775704  0.568741  0.661719  0.491107  0.726738  0.615212  0.587268  0.739370  0.622498  0.615703  0.605676  0.672815  0.650232  0.592343  0.621253  0.764285  0.668149  0.644277  0.563396  0.482270  0.610563  0.635587  0.548091  0.678818  0.554624  0.403727  0.608019  0.603811  0.569146  0.773502  0.640949  0.606851  0.564661  0.661036  0.700395  0.629968  0.700138  0.734653  0.588470  0.642913 
42  0.710904  0.629759  0.651773  0.577921  0.520285  0.503363  0.576778  0.843773  0.641447  0.189871  0.602767  0.283843  0.544749  0.384242  0.812157  0.439114  0.780078  0.519244  0.712014  0.504829  0.669580  0.363979  0.549025  0.677038  0.331047  0.332664  0.857088  0.476291  0.266553  0.724691  0.697051  0.627163  0.678940  0.311112  0.370199  0.447936  0.318918  0.281707  0.587340  0.804237  0.694624  0.732807 0.0  0.807484  0.735645  0.625645  0.540274  0.688410  0.608540  0.458160  0.624358  0.591735  0.790243  0.837186  0.349374  0.582339  0.545285  0.450993  0.543484  0.683505  0.686357  0.683408  0.448159  0.289892  0.153722  0.307632  0.661053  0.701676  0.654879  0.577216  0.333054  0.246984  0.228611  0.371386  0.468273  0.310944  0.241605  0.294859  0.315968  0.432940  0.398614  0.308086  0.292734  0.346559  0.241459  0.396500  0.363887  0.800356  0.327714 
43  0.564652  0.245338  0.538432  0.650691  0.527872  0.778553  0.579304  0.617410  0.326589  0.761651  0.526728  0.560331  0.438141  0.708875  0.543294  0.623622  0.633649  0.633758  0.630020  0.602758  0.554719  0.631675  0.579369  0.685325  0.533797  0.608397  0.651279  0.642606  0.636670  0.202271  0.521716  0.650800  0.526436  0.603914  0.645607  0.753054  0.639936  0.639961  0.684863  0.650937  0.550186  0.484503  0.807484 0.0  0.637937  0.191311  0.599807  0.194328  0.701480  0.650727  0.561815  0.638600  0.625428  0.711911  0.758114  0.325493  0.610891  0.738092  0.670765  0.812924  0.553132  0.248427  0.607710  0.704547  0.632376  0.707822  0.583292  0.673201  0.434412  0.644635  0.641996  0.522172  0.702939  0.642159  0.454054  0.718110  0.660732  0.505612  0.676414  0.583287  0.690141  0.672994  0.523853  0.670391  0.721222  0.699222  0.625704  0.250599  0.689345 
44  0.299715  0.613883  0.520219  0.331475  0.538797  0.719905  0.612409  0.104328  0.607076  0.788177  0.527773  0.672803  0.607646  0.717052  0.474126  0.576866  0.737669  0.678701  0.517684  0.423218  0.603308  0.788393  0.586246  0.456428  0.778575  0.714059  0.789275  0.672704  0.683790  0.625236  0.311668  0.449530  0.641862  0.796128  0.751194  0.756340  0.645956  0.655023  0.520413  0.505296  0.498817  0.443572  0.735645  0.637937 0.0  0.600693  0.534870  0.537256  0.401532  0.853458  0.482488  0.326008  0.125454  0.771494  0.691111  0.612699  0.578750  0.664502  0.334043  0.272980  0.449859  0.520455  0.738962  0.748210  0.757051  0.838253  0.622483  0.267377  0.543673  0.656652  0.679961  0.494905  0.629225  0.731563  0.455582  0.629521  0.668584  0.493952  0.738866  0.634688  0.709325  0.636452  0.579229  0.731340  0.656890  0.745021  0.705915  0.783673  0.754913 
