89
0 0.0  0.627306  0.526066  0.280575  0.570912  0.612006  0.604821  0.232645  0.584352  0.650002  0.470463  0.671213  0.610971  0.741671  0.461971  0.644435  0.761489  0.612436  0.471289  0.402617  0.556553  0.581016  0.514342  0.432010  0.710820  0.647797  0.797366  0.561099  0.692726  0.605531  0.396946  0.426781  0.527354  0.599783  0.636048  0.742301  0.627167  0.605223  0.436061  0.600517  0.583449  0.452809  0.670817  0.683939  0.263920  0.644794  0.509943  0.518358  0.297196  0.586816  0.508808  0.317047  0.232023  0.677279  0.624897  0.582614  0.512288  0.536967  0.276441  0.173679  0.427038  0.505322  0.619478  0.630353  0.629082  0.672329  0.467493  0.284939  0.618549  0.624688  0.591710  0.510816  0.705522  0.643939  0.455379  0.600294  0.524942  0.585576  0.657082  0.593735  0.554198  0.642301  0.566077  0.625041  0.768480  0.701681  0.673546  0.615313  0.573501 
1  0.627306 0.0  0.503220  0.489277  0.609849  0.623289  0.366235  0.559948  0.257353  0.749654  0.555295  0.681351  0.356275  0.677627  0.631570  0.768307  0.695997  0.578368  0.623623  0.769890  0.553338  0.655414  0.542334  0.655309  0.697502  0.698610  0.581286  0.542916  0.665841  0.261747  0.547598  0.593170  0.485208  0.606256  0.640997  0.659606  0.650551  0.513462  0.590556  0.648342  0.515307  0.585522  0.707364  0.223635  0.563240  0.221636  0.605727  0.216304  0.524409  0.688488  0.549629  0.596405  0.571754  0.668656  0.738425  0.312422  0.593886  0.592794  0.634479  0.540654  0.713311  0.304347  0.666838  0.663916  0.626163  0.603937  0.440139  0.610156  0.536239  0.650985  0.745336  0.679423  0.542388  0.627804  0.529485  0.736101  0.714671  0.561937  0.623778  0.701845  0.592338  0.633449  0.651076  0.664672  0.663454  0.546193  0.687718  0.245024  0.648924 
2  0.526066  0.503220 0.0  0.551738  0.333624  0.548946  0.538063  0.476831  0.560257  0.696072  0.370112  0.660492  0.568740  0.611139  0.500306  0.578057  0.646665  0.526672  0.610189  0.490322  0.296743  0.655335  0.349056  0.544715  0.627582  0.579125  0.814607  0.557951  0.589787  0.543869  0.436925  0.512410  0.510356  0.535698  0.639579  0.567111  0.653345  0.511387  0.572879  0.496713  0.647288  0.555113  0.606828  0.597511  0.553964  0.572893  0.352129  0.496770  0.509070  0.485152  0.310433  0.524652  0.595121  0.743341  0.542741  0.577329  0.375645  0.642154  0.499104  0.534178  0.585654  0.512688  0.552477  0.602278  0.674380  0.597544  0.601324  0.467646  0.207136  0.535012  0.623038  0.666953  0.737139  0.602178  0.380790  0.561869  0.605339  0.518799  0.535467  0.674734  0.571452  0.480288  0.554571  0.615703  0.675610  0.571600  0.588159  0.548303  0.526696 
3  0.280575  0.489277  0.551738 0.0  0.516020  0.597028  0.585178  0.356827  0.618799  0.886308  0.478654  0.598748  0.723304  0.657742  0.385171  0.748462  0.702506  0.598203  0.457138  0.336080  0.544044  0.532730  0.533838  0.465927  0.645233  0.669540  0.734684  0.616426  0.631469  0.571251  0.494027  0.400222  0.610313  0.600783  0.523196  0.511338  0.795714  0.710335  0.433769  0.572831  0.585653  0.559898  0.579677  0.593622  0.349975  0.684023  0.565056  0.560925  0.184731  0.669734  0.515951  0.294456  0.335325  0.675556  0.736256  0.729086  0.498249  0.496180  0.271574  0.276462  0.385064  0.654559  0.792070  0.676231  0.698458  0.726729  0.495825  0.255548  0.601173  0.537761  0.748367  0.553534  0.733512  0.653563  0.423375  0.561147  0.552804  0.592853  0.697176  0.663824  0.617423  0.542066  0.587026  0.680510  0.583125  0.594222  0.748910  0.581098  0.669800 
4  0.570912  0.609849  0.333624  0.516020 0.0  0.495142  0.548413  0.476494  0.560903  0.586104  0.194546  0.542354  0.607417  0.563618  0.589116  0.522819  0.880894  0.571681  0.546380  0.566243  0.276183  0.571706  0.181692  0.468474  0.655678  0.607375  0.805830  0.486687  0.604777  0.567017  0.561918  0.441156  0.545541  0.553175  0.521952  0.526461  0.598400  0.548264  0.525107  0.648770  0.500332  0.562601  0.521373  0.584679  0.540942  0.602878  0.315952  0.543040  0.468944  0.561150  0.316377  0.455519  0.516321  0.748131  0.493055  0.476692  0.169696  0.544811  0.606845  0.417732  0.512536  0.528280  0.522705  0.603177  0.579952  0.685606  0.483240  0.581413  0.291003  0.521302  0.641286  0.581921  0.549165  0.420994  0.413474  0.528516  0.544859  0.497257  0.595613  0.660881  0.496165  0.591596  0.545900  0.565434  0.656766  0.574152  0.520019  0.572051  0.663895 
5  0.612006  0.623289  0.548946  0.597028  0.495142 0.0  0.612128  0.734101  0.675816  0.533313  0.496119  0.394453  0.651253  0.471691  0.598015  0.158722  0.656675  0.270611  0.502987  0.515617  0.468715  0.455303  0.520022  0.581093  0.473553  0.406897  0.847980  0.248317  0.506900  0.645289  0.708296  0.581715  0.613234  0.487600  0.209334  0.267819  0.404915  0.451564  0.537655  0.709613  0.697510  0.672125  0.483612  0.674144  0.676053  0.739683  0.623640  0.721041  0.631256  0.302295  0.565871  0.554470  0.741796  0.684689  0.483080  0.626108  0.462878  0.315453  0.630272  0.567694  0.511700  0.729202  0.334348  0.487303  0.499907  0.462501  0.520670  0.600685  0.598674  0.624299  0.487115  0.436040  0.537167  0.369988  0.496169  0.428936  0.475093  0.350965  0.470535  0.290933  0.242424  0.496763  0.461213  0.495504  0.463288  0.261388  0.513329  0.683588  0.389831 
6  0.604821  0.366235  0.538063  0.585178  0.548413  0.612128 0.0  0.450686  0.565597  0.657587  0.510548  0.610227  0.562381  0.571382  0.607661  0.622526  0.759402  0.624049  0.684918  0.620512  0.599233  0.624777  0.582332  0.591257  0.629037  0.502385  0.724097  0.577092  0.627382  0.497839  0.392995  0.614986  0.597509  0.575113  0.675881  0.641273  0.624663  0.585458  0.568808  0.658510  0.527335  0.562118  0.672744  0.482559  0.529609  0.491096  0.697507  0.473287  0.574782  0.601800  0.570787  0.534224  0.409802  0.656097  0.596716  0.436864  0.568472  0.589325  0.559272  0.510190  0.598933  0.574090  0.567055  0.581437  0.602587  0.640935  0.315544  0.546769  0.487189  0.386840  0.465397  0.550462  0.575681  0.643016  0.447630  0.621983  0.597412  0.553129  0.508977  0.545632  0.643104  0.491532  0.618990  0.655297  0.507047  0.656656  0.600486  0.499819  0.604569 
7  0.232645  0.559948  0.476831  0.356827  0.476494  0.734101  0.450686 0.0  0.707130  0.685291  0.597526  0.686847  0.668155  0.591218  0.470193  0.743310  0.758851  0.631407  0.471106  0.391988  0.553535  0.675650  0.653329  0.474072  0.651037  0.663721  0.778234  0.683633  0.549626  0.597373  0.370200  0.535986  0.570618  0.597500  0.672353  0.730716  0.689777  0.598517  0.436035  0.536473  0.474939  0.493127  0.664285  0.567326  0.111468  0.590036  0.511453  0.656963  0.317764  0.712223  0.528052  0.326302  0.122149  0.698013  0.607461  0.579282  0.605365  0.639249  0.332318  0.275171  0.417118  0.657827  0.570461  0.700207  0.680424  0.783986  0.568430  0.252826  0.528670  0.665954  0.616694  0.581513  0.605877  0.678012  0.468313  0.645187  0.608034  0.583530  0.708329  0.665052  0.749470  0.578240  0.577017  0.675282  0.653846  0.694145  0.725758  0.731723  0.742817 
8  0.584352  0.257353  0.560257  0.618799  0.560903  0.675816  0.565597  0.707130 0.0  0.673851  0.542703  0.671166  0.360657  0.715043  0.633002  0.666854  0.737866  0.713157  0.674586  0.587042  0.712164  0.776638  0.523129  0.543061  0.685093  0.545153  0.761083  0.645561  0.624975  0.317855  0.601824  0.645284  0.561882  0.524897  0.615622  0.619897  0.646016  0.597545  0.604630  0.633293  0.611206  0.535385  0.679280  0.304700  0.683832  0.308567  0.668910  0.286882  0.539053  0.549136  0.523887  0.603681  0.673409  0.679924  0.712637  0.376975  0.518496  0.614602  0.590965  0.634543  0.590667  0.282444  0.608958  0.758667  0.718550  0.693013  0.552684  0.604103  0.635541  0.454729  0.736282  0.674587  0.822734  0.603968  0.420738  0.706712  0.622089  0.667470  0.625337  0.561677  0.604616  0.618246  0.660212  0.579113  0.628043  0.563587  0.700813  0.317424  0.753236 
9  0.650002  0.749654  0.696072  0.886308  0.586104  0.533313  0.657587  0.685291  0.673851 0.0  0.617627  0.322101  0.647530  0.358997  0.697705  0.515635  0.811484  0.444070  0.564327  0.649579  0.642866  0.369071  0.575330  0.587806  0.388005  0.371416  0.745793  0.395102  0.262987  0.755992  0.704772  0.692356  0.692064  0.397507  0.461522  0.530103  0.306193  0.429005  0.705191  0.724965  0.717152  0.712429  0.205785  0.635148  0.738643  0.683879  0.673900  0.691182  0.519480  0.485687  0.594975  0.811481  0.670191  0.737582  0.411507  0.695307  0.531737  0.541846  0.683486  0.687163  0.649378  0.674204  0.503798  0.360910  0.184373  0.324009  0.615185  0.662193  0.629828  0.721256  0.317627  0.260419  0.285114  0.391725  0.614056  0.307419  0.311843  0.289370  0.335863  0.456984  0.403465  0.337286  0.276285  0.312317  0.298071  0.473221  0.320517  0.748301  0.325165 
10  0.470463  0.555295  0.370112  0.478654  0.194546  0.496119  0.510548  0.597526  0.542703  0.617627 0.0  0.568481  0.608027  0.605721  0.554660  0.544056  0.715488  0.481101  0.512230  0.457643  0.317844  0.601994  0.188826  0.460011  0.464017  0.487095  0.570194  0.550761  0.663453  0.487181  0.581829  0.415864  0.611401  0.563201  0.538501  0.624967  0.639857  0.492534  0.500914  0.619253  0.593465  0.561583  0.497761  0.539576  0.544188  0.431272  0.397848  0.601764  0.481865  0.580134  0.353918  0.444412  0.422235  0.708521  0.585973  0.554488  0.207866  0.616466  0.588615  0.549854  0.552087  0.544276  0.546896  0.644287  0.618193  0.594644  0.509340  0.566715  0.342883  0.541959  0.470298  0.533474  0.577078  0.508837  0.525907  0.507054  0.539804  0.591726  0.562981  0.559108  0.490397  0.564144  0.494451  0.565022  0.725776  0.583448  0.550727  0.572030  0.628899 
11  0.671213  0.681351  0.660492  0.598748  0.542354  0.394453  0.610227  0.686847  0.671166  0.322101  0.568481 0.0  0.492513  0.394514  0.594363  0.348067  0.728725  0.417902  0.606709  0.520790  0.587426  0.319583  0.581164  0.617529  0.386204  0.320528  0.751750  0.370438  0.208445  0.687264  0.576753  0.676542  0.651037  0.264080  0.363937  0.420188  0.361234  0.304259  0.668491  0.605471  0.662616  0.568459  0.278861  0.683935  0.730056  0.708726  0.494921  0.737946  0.571419  0.465470  0.517290  0.688710  0.566989  0.743347  0.370720  0.681262  0.535061  0.404990  0.489057  0.568944  0.652553  0.605980  0.491114  0.323251  0.243415  0.302323  0.560673  0.610081  0.543210  0.529860  0.250982  0.155700  0.231989  0.360863  0.508271  0.228179  0.195328  0.248758  0.296529  0.456231  0.436759  0.205401  0.245696  0.348001  0.231471  0.379115  0.354175  0.651764  0.381472 
12  0.610971  0.356275  0.568740  0.723304  0.607417  0.651253  0.562381  0.668155  0.360657  0.647530  0.608027  0.492513 0.0  0.620534  0.520269  0.606023  0.713137  0.708006  0.687653  0.512298  0.489139  0.706184  0.591003  0.474036  0.721971  0.579433  0.711522  0.639890  0.675158  0.480273  0.636319  0.629355  0.537445  0.617550  0.565235  0.669452  0.588389  0.651954  0.556222  0.506162  0.475791  0.467242  0.576111  0.452683  0.705755  0.452097  0.582267  0.449278  0.622857  0.763765  0.451952  0.600911  0.558719  0.750593  0.779010  0.294577  0.423532  0.598770  0.607908  0.608871  0.599351  0.433829  0.621659  0.681944  0.684729  0.792326  0.532031  0.608634  0.507173  0.514318  0.716017  0.570957  0.608417  0.612269  0.461378  0.578658  0.731084  0.551584  0.648150  0.594695  0.574857  0.604874  0.589160  0.652756  0.636517  0.715724  0.685311  0.507709  0.691315 
13  0.741671  0.677627  0.611139  0.657742  0.563618  0.471691  0.571382  0.591218  0.715043  0.358997  0.605721  0.394514  0.620534 0.0  0.663307  0.432235  0.726792  0.459607  0.709053  0.524707  0.558601  0.202950  0.647364  0.717159  0.261847  0.301648  0.714690  0.487498  0.368404  0.681440  0.630873  0.691629  0.642755  0.406698  0.472235  0.431591  0.250161  0.448455  0.630304  0.698980  0.554978  0.521973  0.412040  0.667575  0.770359  0.684291  0.544954  0.650255  0.610412  0.362745  0.578198  0.673536  0.658039  0.712849  0.244641  0.669335  0.565413  0.568668  0.629389  0.648072  0.591305  0.707069  0.464818  0.212567  0.398199  0.243822  0.670749  0.661549  0.605868  0.627445  0.267516  0.314538  0.322304  0.310373  0.479273  0.388244  0.401499  0.281252  0.382909  0.431182  0.514846  0.421553  0.413111  0.244505  0.336593  0.400063  0.274999  0.731508  0.234575 
14  0.461971  0.631570  0.500306  0.385171  0.589116  0.598015  0.607661  0.470193  0.633002  0.697705  0.554660  0.594363  0.520269  0.663307 0.0  0.602505  0.649905  0.522168  0.265787  0.320525  0.578701  0.574447  0.452149  0.279106  0.695036  0.524486  0.783662  0.738029  0.701418  0.610117  0.399321  0.281230  0.545952  0.622173  0.571341  0.577835  0.602908  0.545048  0.276171  0.633161  0.611139  0.640223  0.635683  0.642402  0.422071  0.594191  0.586278  0.454774  0.424658  0.582787  0.508233  0.323564  0.447315  0.688084  0.561850  0.556266  0.469363  0.619095  0.349079  0.384495  0.198962  0.554727  0.508321  0.603705  0.555838  0.595317  0.518642  0.425154  0.605652  0.506056  0.802688  0.627516  0.611214  0.590418  0.480636  0.570170  0.626377  0.515960  0.633781  0.491625  0.521098  0.527986  0.636695  0.724325  0.648523  0.505874  0.757094  0.681206  0.622580 
15  0.644435  0.768307  0.578057  0.748462  0.522819  0.158722  0.622526  0.743310  0.666854  0.515635  0.544056  0.348067  0.606023  0.432235  0.602505 0.0  0.817315  0.313885  0.622369  0.474559  0.508267  0.468776  0.575428  0.628502  0.475913  0.483118  0.769201  0.254780  0.464082  0.732967  0.608187  0.614747  0.583267  0.535376  0.225411  0.270078  0.428576  0.495636  0.606260  0.623505  0.714794  0.618728  0.420210  0.707476  0.579314  0.676190  0.508659  0.635846  0.586313  0.326021  0.626496  0.596255  0.590132  0.626362  0.466799  0.605651  0.518304  0.302412  0.689277  0.680182  0.616190  0.685473  0.327657  0.548884  0.473589  0.496462  0.606449  0.595951  0.582939  0.650942  0.418427  0.402698  0.447715  0.424276  0.490841  0.435752  0.394833  0.335864  0.409023  0.302611  0.213059  0.465290  0.396788  0.460290  0.522798  0.244352  0.497686  0.750088  0.430854 
16  0.761489  0.695997  0.646665  0.702506  0.880894  0.656675  0.759402  0.758851  0.737866  0.811484  0.715488  0.728725  0.713137  0.726792  0.649905  0.817315 0.0  0.702311  0.763377  0.740192  0.601468  0.748571  0.810763  0.858812  0.721034  0.754645  0.173949  0.876549  0.791221  0.728032  0.692485  0.780301  0.906477  0.693443  0.679200  0.864845  0.762636  0.847753  0.613424  0.726846  0.667958  0.689574  0.970440  0.675665  0.748265  0.607689  0.698657  0.641402  0.773698  0.755854  0.688191  0.641521  0.712077  0.167297  0.743533  0.636909  0.718032  0.825123  0.688235  0.828410  0.771622  0.761323  0.751233  0.832622  0.820191  0.889757  0.678747  0.757123  0.616614  0.824677  0.848462  0.810465  0.847107  0.820753  0.711965  0.734198  0.982664  0.799004  0.691827  0.867073  0.764774  0.782346  0.799711  0.824800  0.794144  0.709309  0.674559  0.705072  0.872221 
17  0.612436  0.578368  0.526672  0.598203  0.571681  0.270611  0.624049  0.631407  0.713157  0.444070  0.481101  0.417902  0.708006  0.459607  0.522168  0.313885  0.702311 0.0  0.603636  0.490796  0.552282  0.423709  0.609129  0.550347  0.492163  0.370660  0.857049  0.370248  0.453648  0.663727  0.654735  0.610957  0.697149  0.515630  0.328224  0.217492  0.476129  0.537303  0.530933  0.640658  0.598222  0.639466  0.473826  0.638005  0.705368  0.685769  0.537863  0.712103  0.565488  0.257954  0.472014  0.554556  0.677237  0.747800  0.410974  0.629298  0.495471  0.234473  0.632400  0.663870  0.564248  0.649621  0.245057  0.461322  0.502820  0.443070  0.587500  0.680349  0.614167  0.623170  0.555218  0.368429  0.504349  0.426901  0.438554  0.491693  0.513586  0.311474  0.432410  0.230317  0.334536  0.499915  0.482800  0.483402  0.456868  0.308322  0.474444  0.625406  0.482278 
18  0.471289  0.623623  0.610189  0.457138  0.546380  0.502987  0.684918  0.471106  0.674586  0.564327  0.512230  0.606709  0.687653  0.709053  0.265787  0.622369  0.763377  0.603636 0.0  0.337407  0.540373  0.605065  0.510781  0.155564  0.605104  0.587160  0.729733  0.594828  0.698572  0.595257  0.523510  0.174985  0.676453  0.662736  0.537500  0.700134  0.678845  0.613754  0.176317  0.642225  0.633988  0.570043  0.597029  0.570024  0.449750  0.683607  0.405635  0.640539  0.362721  0.507434  0.512764  0.328430  0.505477  0.697433  0.731816  0.689069  0.555778  0.601750  0.422768  0.462987  0.241579  0.663672  0.653213  0.665956  0.723794  0.579483  0.513952  0.390688  0.620306  0.648288  0.599477  0.656363  0.679083  0.557384  0.354851  0.613537  0.660274  0.545705  0.650491  0.644899  0.571329  0.621221  0.517691  0.595948  0.516278  0.712073  0.618468  0.681038  0.744009 
19  0.402617  0.769890  0.490322  0.336080  0.566243  0.515617  0.620512  0.391988  0.587042  0.649579  0.457643  0.520790  0.512298  0.524707  0.320525  0.474559  0.740192  0.490796  0.337407 0.0  0.445033  0.516187  0.580462  0.317132  0.705878  0.495987  0.767037  0.549914  0.599254  0.579411  0.360111  0.356070  0.674071  0.612650  0.403944  0.478425  0.528448  0.554008  0.327977  0.771289  0.696478  0.582357  0.549043  0.647580  0.408697  0.671886  0.548617  0.556964  0.312282  0.495249  0.572197  0.371478  0.389040  0.703722  0.445161  0.526141  0.542610  0.521558  0.274072  0.356707  0.329160  0.622783  0.483394  0.609732  0.556331  0.570459  0.613569  0.316959  0.604336  0.491135  0.527957  0.475781  0.606817  0.460149  0.454515  0.536043  0.444003  0.534950  0.546007  0.414208  0.509275  0.595069  0.538273  0.629249  0.531850  0.472804  0.713872  0.701031  0.495617 
20  0.556553  0.553338  0.296743  0.544044  0.276183  0.468715  0.599233  0.553535  0.712164  0.642866  0.317844  0.587426  0.489139  0.558601  0.578701  0.508267  0.601468  0.552282  0.540373  0.445033 0.0  0.554890  0.303275  0.461206  0.581444  0.551932  0.773157  0.519585  0.611127  0.557478  0.453628  0.448233  0.661691  0.521896  0.595175  0.594314  0.504634  0.491117  0.418299  0.544095  0.605607  0.578401  0.523764  0.558983  0.609915  0.504934  0.350262  0.580523  0.529709  0.559860  0.345589  0.508766  0.509782  0.725848  0.522337  0.590812  0.279801  0.560861  0.527550  0.530355  0.541240  0.464149  0.639023  0.713483  0.580290  0.575313  0.428611  0.570294  0.354861  0.471293  0.680602  0.587669  0.619440  0.473404  0.423263  0.501413  0.582843  0.487433  0.594979  0.581461  0.533846  0.493432  0.608279  0.596190  0.564667  0.529269  0.583054  0.461473  0.571559 
21  0.581016  0.655414  0.655335  0.532730  0.571706  0.455303  0.624777  0.675650  0.776638  0.369071  0.601994  0.319583  0.706184  0.202950  0.574447  0.468776  0.748571  0.423709  0.605065  0.516187  0.554890 0.0  0.530783  0.642237  0.247373  0.295079  0.847056  0.460999  0.294516  0.689242  0.557575  0.685305  0.640781  0.428449  0.492030  0.378533  0.243499  0.406758  0.697883  0.717214  0.706786  0.624357  0.353173  0.757402  0.657299  0.710087  0.497767  0.642726  0.689147  0.398758  0.553140  0.572473  0.571166  0.733809  0.238376  0.663390  0.647770  0.382522  0.698424  0.757756  0.571439  0.633960  0.472200  0.286907  0.352631  0.235051  0.696360  0.741549  0.534736  0.665353  0.378529  0.313012  0.355702  0.303131  0.569167  0.370082  0.284447  0.267494  0.313138  0.362022  0.454260  0.334114  0.412589  0.266321  0.296130  0.414482  0.259092  0.586391  0.294918 
22  0.514342  0.542334  0.349056  0.533838  0.181692  0.520022  0.582332  0.653329  0.523129  0.575330  0.188826  0.581164  0.591003  0.647364  0.452149  0.575428  0.810763  0.609129  0.510781  0.580462  0.303275  0.530783 0.0  0.522403  0.656783  0.533711  0.760121  0.550240  0.539571  0.645555  0.557205  0.484145  0.663916  0.619016  0.491949  0.548068  0.648725  0.578978  0.475220  0.655380  0.590410  0.559085  0.609309  0.612060  0.597617  0.611368  0.349314  0.581843  0.559184  0.540643  0.336230  0.435899  0.557035  0.683846  0.590325  0.572382  0.151230  0.549947  0.414971  0.577477  0.408848  0.526678  0.573759  0.551326  0.568104  0.592739  0.590282  0.559849  0.340998  0.622221  0.541263  0.587580  0.634664  0.640911  0.372503  0.571493  0.656284  0.561914  0.539053  0.544782  0.518264  0.540881  0.504083  0.600788  0.569104  0.528950  0.620637  0.638993  0.604151 
23  0.432010  0.655309  0.544715  0.465927  0.468474  0.581093  0.591257  0.474072  0.543061  0.587806  0.460011  0.617529  0.474036  0.717159  0.279106  0.628502  0.858812  0.550347  0.155564  0.317132  0.461206  0.642237  0.522403 0.0  0.749612  0.616675  0.731053  0.526745  0.660269  0.581670  0.405603  0.195181  0.712269  0.537836  0.631798  0.526493  0.757729  0.514017  0.172513  0.569648  0.634876  0.678294  0.506184  0.732715  0.480229  0.615909  0.499302  0.529014  0.427377  0.584138  0.558726  0.317041  0.497826  0.731875  0.764496  0.620245  0.521906  0.578841  0.348590  0.417718  0.228490  0.602724  0.631234  0.698721  0.693100  0.591709  0.468386  0.437333  0.588985  0.562667  0.655794  0.550784  0.655233  0.724353  0.412316  0.609288  0.597837  0.472150  0.654565  0.599174  0.645571  0.698613  0.701755  0.639804  0.721665  0.579189  0.747716  0.713051  0.702025 
24  0.710820  0.697502  0.627582  0.645233  0.655678  0.473553  0.629037  0.651037  0.685093  0.388005  0.464017  0.386204  0.721971  0.261847  0.695036  0.475913  0.721034  0.492163  0.605104  0.705878  0.581444  0.247373  0.656783  0.749612 0.0  0.380212  0.821938  0.410196  0.370283  0.662744  0.602010  0.724914  0.712272  0.469733  0.491610  0.488688  0.205824  0.430302  0.644642  0.713323  0.687715  0.677619  0.302125  0.675383  0.694740  0.580410  0.524616  0.679753  0.587628  0.496059  0.610898  0.726076  0.693600  0.778891  0.220391  0.735290  0.632118  0.494389  0.679438  0.683272  0.812466  0.779458  0.522252  0.182638  0.353081  0.185756  0.640296  0.730117  0.593557  0.552093  0.317921  0.331886  0.335818  0.366906  0.516987  0.339323  0.261973  0.314262  0.325890  0.441527  0.547985  0.417671  0.442281  0.218012  0.306569  0.553734  0.154379  0.734030  0.236179 
25  0.647797  0.698610  0.579125  0.669540  0.607375  0.406897  0.502385  0.663721  0.545153  0.371416  0.487095  0.320528  0.579433  0.301648  0.524486  0.483118  0.754645  0.370660  0.587160  0.495987  0.551932  0.295079  0.533711  0.616675  0.380212 0.0  0.813393  0.414500  0.321622  0.621909  0.564004  0.623649  0.638584  0.327710  0.378991  0.410171  0.343226  0.358971  0.764220  0.553462  0.568733  0.568550  0.361980  0.735014  0.679099  0.631084  0.465938  0.669237  0.646612  0.386527  0.512340  0.612331  0.630014  0.831346  0.323277  0.633350  0.579404  0.356757  0.580359  0.650352  0.639338  0.573825  0.444910  0.363732  0.355079  0.335984  0.542792  0.595676  0.570644  0.603752  0.301666  0.311479  0.334392  0.166218  0.472377  0.330277  0.323055  0.193909  0.183542  0.360682  0.449731  0.314559  0.398370  0.302324  0.416345  0.348164  0.376395  0.640368  0.341569 
26  0.797366  0.581286  0.814607  0.734684  0.805830  0.847980  0.724097  0.778234  0.761083  0.745793  0.570194  0.751750  0.711522  0.714690  0.783662  0.769201  0.173949  0.857049  0.729733  0.767037  0.773157  0.847056  0.760121  0.731053  0.821938  0.813393 0.0  0.733997  0.868147  0.672769  0.615960  0.890480  0.936912  0.704826  0.800936  0.755819  0.823337  0.795766  0.776956  0.903564  0.797666  0.794601  0.784383  0.638716  0.879364  0.709163  0.793317  0.637801  0.812949  0.804227  0.689861  0.791172  0.649723  0.193614  0.811344  0.710794  0.740695  0.784386  0.763275  0.846327  0.756381  0.703410  0.732635  0.797729  0.813641  0.882766  0.638802  0.849316  0.661907  0.715020  0.747906  0.869608  0.793979  0.657734  0.837993  0.774652  0.901489  0.556275  0.807559  0.822706  0.651916  0.705235  0.778963  0.840836  0.836512  0.645486  0.873870  0.656872  0.759190 
27  0.561099  0.542916  0.557951  0.616426  0.486687  0.248317  0.577092  0.683633  0.645561  0.395102  0.550761  0.370438  0.639890  0.487498  0.738029  0.254780  0.876549  0.370248  0.594828  0.549914  0.519585  0.460999  0.550240  0.526745  0.410196  0.414500  0.733997 0.0  0.532770  0.622372  0.670770  0.650565  0.633492  0.480395  0.223037  0.290669  0.444047  0.530866  0.572126  0.660841  0.585570  0.734345  0.495427  0.537336  0.661022  0.674699  0.463394  0.582770  0.615335  0.338481  0.561206  0.641478  0.600196  0.687439  0.450198  0.599644  0.551680  0.292771  0.626757  0.672373  0.586627  0.703605  0.329316  0.539888  0.404310  0.516692  0.626967  0.673209  0.506809  0.718328  0.477023  0.412437  0.459689  0.401886  0.463079  0.408863  0.501264  0.404304  0.483251  0.293638  0.167536  0.478859  0.404423  0.484941  0.523974  0.177746  0.434058  0.688926  0.482437 
28  0.692726  0.665841  0.589787  0.631469  0.604777  0.506900  0.627382  0.549626  0.624975  0.262987  0.663453  0.208445  0.675158  0.368404  0.701418  0.464082  0.791221  0.453648  0.698572  0.599254  0.611127  0.294516  0.539571  0.660269  0.370283  0.321622  0.868147  0.532770 0.0  0.688206  0.692586  0.559242  0.675814  0.315172  0.507970  0.423662  0.274958  0.294717  0.650348  0.654630  0.596281  0.678267  0.268698  0.777392  0.566950  0.749713  0.630802  0.590063  0.651205  0.387809  0.585389  0.737072  0.632612  1.000000  0.371319  0.643126  0.574364  0.407804  0.798232  0.645102  0.705757  0.669108  0.473098  0.342441  0.274147  0.343451  0.534197  0.659475  0.516429  0.571003  0.216626  0.245503  0.191243  0.330039  0.576372  0.246917  0.198200  0.243039  0.306574  0.537140  0.470369  0.234871  0.233633  0.349333  0.231994  0.524826  0.365224  0.726963  0.310931 
29  0.605531  0.261747  0.543869  0.571251  0.567017  0.645289  0.497839  0.597373  0.317855  0.755992  0.487181  0.687264  0.480273  0.681440  0.610117  0.732967  0.728032  0.663727  0.595257  0.579411  0.557478  0.689242  0.645555  0.581670  0.662744  0.621909  0.672769  0.622372  0.688206 0.0  0.589333  0.720089  0.537958  0.671068  0.655255  0.631038  0.638556  0.696097  0.592048  0.576810  0.469059  0.593274  0.668282  0.221363  0.549048  0.186045  0.543469  0.201555  0.613414  0.712149  0.545859  0.665272  0.594529  0.599856  0.732039  0.332760  0.523247  0.636175  0.542116  0.590502  0.554566  0.252812  0.575099  0.670647  0.715163  0.819630  0.561210  0.572318  0.629496  0.574761  0.719483  0.662550  0.773792  0.722119  0.490838  0.620329  0.703323  0.577325  0.698045  0.657318  0.682921  0.697446  0.686038  0.882632  0.751257  0.668916  0.762365  0.282193  0.595588 
30  0.396946  0.547598  0.436925  0.494027  0.561918  0.708296  0.392995  0.370200  0.601824  0.704772  0.581829  0.576753  0.636319  0.630873  0.399321  0.608187  0.692485  0.654735  0.523510  0.360111  0.453628  0.557575  0.557205  0.405603  0.602010  0.564004  0.615960  0.670770  0.692586  0.589333 0.0  0.433237  0.530704  0.549176  0.654370  0.579266  0.610966  0.631896  0.433654  0.535754  0.494683  0.547832  0.553041  0.671534  0.352776  0.521399  0.502763  0.499628  0.437555  0.683369  0.502763  0.403636  0.398386  0.632044  0.613057  0.510804  0.585052  0.536878  0.452921  0.437355  0.387619  0.497131  0.595190  0.770912  0.745130  0.737658  0.486257  0.402690  0.379510  0.611664  0.572904  0.638406  0.655639  0.628283  0.450755  0.560764  0.624346  0.402781  0.591360  0.643257  0.620622  0.604018  0.643312  0.792648  0.744720  0.659617  0.563473  0.529460  0.672860 
31  0.426781  0.593170  0.512410  0.400222  0.441156  0.581715  0.614986  0.535986  0.645284  0.692356  0.415864  0.676542  0.629355  0.691629  0.281230  0.614747  0.780301  0.610957  0.174985  0.356070  0.448233  0.685305  0.484145  0.195181  0.724914  0.623649  0.890480  0.650565  0.559242  0.720089  0.433237 0.0  0.566630  0.577789  0.505438  0.681704  0.696304  0.688118  0.158746  0.669677  0.562639  0.589804  0.655099  0.630301  0.471070  0.590028  0.586430  0.584587  0.403028  0.670111  0.459720  0.341630  0.481514  0.752259  0.549807  0.567040  0.536329  0.607669  0.395685  0.436643  0.279259  0.569974  0.675214  0.525263  0.633276  0.721645  0.557046  0.387318  0.575169  0.590398  0.743040  0.602534  0.770240  0.678311  0.402202  0.658114  0.623218  0.517924  0.730253  0.592769  0.609195  0.564417  0.607342  0.613978  0.667415  0.614659  0.652930  0.689478  0.803761 
32  0.527354  0.485208  0.510356  0.610313  0.545541  0.613234  0.597509  0.570618  0.561882  0.692064  0.611401  0.651037  0.537445  0.642755  0.545952  0.583267  0.906477  0.697149  0.676453  0.674071  0.661691  0.640781  0.663916  0.712269  0.712272  0.638584  0.936912  0.633492  0.675814  0.537958  0.530704  0.566630 0.0  0.514131  0.662086  0.673437  0.693156  0.580653  0.663729  0.351080  0.253737  0.159829  0.592747  0.509867  0.548638  0.448381  0.580171  0.499005  0.599852  0.647423  0.614946  0.659982  0.515939  0.789225  0.597988  0.615267  0.504766  0.570864  0.508897  0.561060  0.640623  0.541100  0.590946  0.666040  0.639717  0.697569  0.620281  0.525433  0.587957  0.531707  0.662483  0.650383  0.602213  0.597062  0.505481  0.584378  0.500057  0.595071  0.579421  0.622680  0.558005  0.602550  0.687009  0.746151  0.632657  0.736203  0.737361  0.514067  0.652081 
33  0.599783  0.606256  0.535698  0.600783  0.553175  0.487600  0.575113  0.597500  0.524897  0.397507  0.563201  0.264080  0.617550  0.406698  0.622173  0.535376  0.693443  0.515630  0.662736  0.612650  0.521896  0.428449  0.619016  0.537836  0.469733  0.327710  0.704826  0.480395  0.315172  0.671068  0.549176  0.577789  0.514131 0.0  0.535592  0.447977  0.438217  0.169898  0.569292  0.641718  0.627309  0.566802  0.303707  0.577327  0.710891  0.675121  0.604766  0.622397  0.592289  0.482699  0.517107  0.684977  0.738306  0.742896  0.450904  0.747383  0.553286  0.459644  0.568045  0.713501  0.542081  0.518391  0.493949  0.438532  0.367274  0.404823  0.595121  0.646465  0.606969  0.474855  0.399065  0.292924  0.334560  0.399563  0.486879  0.282407  0.275752  0.229598  0.445221  0.488383  0.604636  0.220795  0.294994  0.462411  0.301573  0.420188  0.443405  0.603454  0.439570 
34  0.636048  0.640997  0.639579  0.523196  0.521952  0.209334  0.675881  0.672353  0.615622  0.461522  0.538501  0.363937  0.565235  0.472235  0.571341  0.225411  0.679200  0.328224  0.537500  0.403944  0.595175  0.492030  0.491949  0.631798  0.491610  0.378991  0.800936  0.223037  0.507970  0.655255  0.654370  0.505438  0.662086  0.535592 0.0  0.273850  0.557065  0.480705  0.649503  0.654666  0.613221  0.658964  0.403319  0.675437  0.752869  0.755741  0.478741  0.664626  0.628264  0.337092  0.532543  0.617333  0.617404  0.724803  0.419381  0.688528  0.588120  0.306141  0.589952  0.602487  0.521444  0.690041  0.363158  0.410261  0.445859  0.441504  0.647967  0.622948  0.633362  0.584679  0.371282  0.410956  0.486248  0.409483  0.471777  0.416599  0.466979  0.304862  0.441546  0.282684  0.188441  0.466290  0.402667  0.479035  0.545687  0.201129  0.521160  0.664104  0.453465 
35  0.742301  0.659606  0.567111  0.511338  0.526461  0.267819  0.641273  0.730716  0.619897  0.530103  0.624967  0.420188  0.669452  0.431591  0.577835  0.270078  0.864845  0.217492  0.700134  0.478425  0.594314  0.378533  0.548068  0.526493  0.488688  0.410171  0.755819  0.290669  0.423662  0.631038  0.579266  0.681704  0.673437  0.447977  0.273850 0.0  0.426273  0.565705  0.609390  0.767525  0.650344  0.603615  0.449788  0.689961  0.605935  0.691879  0.658789  0.659160  0.594367  0.176565  0.597964  0.534159  0.706249  0.887361  0.362989  0.670427  0.416925  0.201144  0.636219  0.667394  0.655237  0.615825  0.266245  0.481535  0.394243  0.432603  0.604597  0.690466  0.535101  0.587883  0.383474  0.447328  0.460637  0.446711  0.467632  0.485846  0.427374  0.391509  0.454457  0.196820  0.347266  0.466026  0.506201  0.517030  0.378916  0.298304  0.449019  0.788106  0.491380 
36  0.627167  0.650551  0.653345  0.795714  0.598400  0.404915  0.624663  0.689777  0.646016  0.306193  0.639857  0.361234  0.588389  0.250161  0.602908  0.428576  0.762636  0.476129  0.678845  0.528448  0.504634  0.243499  0.648725  0.757729  0.205824  0.343226  0.823337  0.444047  0.274958  0.638556  0.610966  0.696304  0.693156  0.438217  0.557065  0.426273 0.0  0.402231  0.629575  0.713438  0.661485  0.746583  0.318546  0.731496  0.758560  0.547411  0.566708  0.744579  0.565990  0.529550  0.561546  0.610017  0.752580  0.836958  0.191384  0.672119  0.615025  0.496938  0.640070  0.743628  0.680912  0.638295  0.458340  0.184977  0.314468  0.173858  0.651757  0.738776  0.589441  0.554362  0.324271  0.353637  0.311166  0.314881  0.602173  0.325855  0.391918  0.293575  0.360018  0.391802  0.478530  0.421904  0.456305  0.180824  0.347486  0.461641  0.179603  0.680815  0.199894 
37  0.605223  0.513462  0.511387  0.710335  0.548264  0.451564  0.585458  0.598517  0.597545  0.429005  0.492534  0.304259  0.651954  0.448455  0.545048  0.495636  0.847753  0.537303  0.613754  0.554008  0.491117  0.406758  0.578978  0.514017  0.430302  0.358971  0.795766  0.530866  0.294717  0.696097  0.631896  0.688118  0.580653  0.169898  0.480705  0.565705  0.402231 0.0  0.531215  0.621593  0.548701  0.537788  0.326047  0.543978  0.697315  0.516155  0.650509  0.647459  0.580485  0.446519  0.467549  0.567931  0.677531  0.686535  0.473793  0.554892  0.541510  0.491542  0.510420  0.615194  0.714281  0.606103  0.453934  0.421032  0.351079  0.356665  0.541856  0.636429  0.498907  0.448412  0.377358  0.236676  0.348697  0.364358  0.467839  0.253918  0.250300  0.223911  0.354308  0.486037  0.460390  0.235504  0.285993  0.419132  0.298249  0.478892  0.422073  0.610591  0.416588 
38  0.436061  0.590556  0.572879  0.433769  0.525107  0.537655  0.568808  0.436035  0.604630  0.705191  0.500914  0.668491  0.556222  0.630304  0.276171  0.606260  0.613424  0.530933  0.176317  0.327977  0.418299  0.697883  0.475220  0.172513  0.644642  0.764220  0.776956  0.572126  0.650348  0.592048  0.433654  0.158746  0.663729  0.569292  0.649503  0.609390  0.629575  0.531215 0.0  0.591098  0.521915  0.549895  0.649517  0.635672  0.465774  0.780117  0.508948  0.713213  0.377799  0.650519  0.585299  0.401113  0.453129  0.734320  0.622500  0.548260  0.570832  0.587795  0.373311  0.401455  0.210527  0.616725  0.630180  0.685929  0.600549  0.680900  0.503882  0.449558  0.603275  0.488182  0.783350  0.616922  0.633292  0.692838  0.345262  0.594969  0.731280  0.604456  0.632549  0.739021  0.692586  0.690831  0.590049  0.670572  0.686650  0.742692  0.770802  0.540937  0.638194 
39  0.600517  0.648342  0.496713  0.572831  0.648770  0.709613  0.658510  0.536473  0.633293  0.724965  0.619253  0.605471  0.506162  0.698980  0.633161  0.623505  0.726846  0.640658  0.642225  0.771289  0.544095  0.717214  0.655380  0.569648  0.713323  0.553462  0.903564  0.660841  0.654630  0.576810  0.535754  0.669677  0.351080  0.641718  0.654666  0.767525  0.713438  0.621593  0.591098 0.0  0.311167  0.262510  0.796888  0.500831  0.563991  0.530064  0.607784  0.587155  0.579037  0.605364  0.657418  0.625476  0.593969  0.800754  0.643100  0.581742  0.570870  0.707981  0.508887  0.572796  0.587144  0.552359  0.570528  0.772392  0.735881  0.648612  0.657475  0.630192  0.621651  0.646039  0.673174  0.600061  0.647035  0.733196  0.422692  0.610992  0.590067  0.610060  0.597911  0.643615  0.662861  0.612858  0.579655  0.683992  0.554759  0.669475  0.749150  0.578102  0.574073 
40  0.583449  0.515307  0.647288  0.585653  0.500332  0.697510  0.527335  0.474939  0.611206  0.717152  0.593465  0.662616  0.475791  0.554978  0.611139  0.714794  0.667958  0.598222  0.633988  0.696478  0.605607  0.706786  0.590410  0.634876  0.687715  0.568733  0.797666  0.585570  0.596281  0.469059  0.494683  0.562639  0.253737  0.627309  0.613221  0.650344  0.661485  0.548701  0.521915  0.311167 0.0  0.266938  0.575616  0.543282  0.517645  0.573617  0.457050  0.628330  0.482308  0.651101  0.524354  0.634899  0.511490  0.744170  0.552943  0.473011  0.726517  0.659886  0.638175  0.605664  0.621327  0.551716  0.628723  0.522024  0.678473  0.745271  0.614488  0.576827  0.555360  0.562442  0.624553  0.559093  0.696926  0.671747  0.560691  0.675138  0.583946  0.618522  0.536425  0.673079  0.684218  0.558834  0.514625  0.652886  0.575178  0.567436  0.580196  0.604449  0.639582 
41  0.452809  0.585522  0.555113  0.559898  0.562601  0.672125  0.562118  0.493127  0.535385  0.712429  0.561583  0.568459  0.467242  0.521973  0.640223  0.618728  0.689574  0.639466  0.570043  0.582357  0.578401  0.624357  0.559085  0.678294  0.677619  0.568550  0.794601  0.734345  0.678267  0.593274  0.547832  0.589804  0.159829  0.566802  0.658964  0.603615  0.746583  0.537788  0.549895  0.262510  0.266938 0.0  0.555453  0.564672  0.523511  0.506981  0.630389  0.536478  0.531964  0.664353  0.513575  0.701632  0.471102  0.753885  0.689594  0.459191  0.539198  0.627955  0.523281  0.615889  0.597148  0.494284  0.630456  0.691923  0.717962  0.753638  0.584024  0.585032  0.512799  0.679795  0.628427  0.584599  0.622284  0.613478  0.469483  0.555719  0.690094  0.556840  0.553488  0.475029  0.663276  0.538264  0.585952  0.648891  0.734213  0.583009  0.571122  0.532750  0.593043 
42  0.670817  0.707364  0.606828  0.579677  0.521373  0.483612  0.672744  0.664285  0.679280  0.205785  0.497761  0.278861  0.576111  0.412040  0.635683  0.420210  0.970440  0.473826  0.597029  0.549043  0.523764  0.353173  0.609309  0.506184  0.302125  0.361980  0.784383  0.495427  0.268698  0.668282  0.553041  0.655099  0.592747  0.303707  0.403319  0.449788  0.318546  0.326047  0.649517  0.796888  0.575616  0.555453 0.0  0.567809  0.809824  0.557780  0.521770  0.718606  0.647291  0.497231  0.530929  0.635690  0.637074  0.789360  0.366681  0.773798  0.551454  0.419006  0.496527  0.620835  0.606917  0.759923  0.551913  0.303032  0.166558  0.267861  0.537345  0.558922  0.536352  0.603771  0.305971  0.271293  0.235915  0.424579  0.439005  0.266042  0.213945  0.257306  0.330853  0.392266  0.434913  0.330532  0.291347  0.325240  0.279640  0.451001  0.324537  0.663792  0.356156 
43  0.683939  0.223635  0.597511  0.593622  0.584679  0.674144  0.482559  0.567326  0.304700  0.635148  0.539576  0.683935  0.452683  0.667575  0.642402  0.707476  0.675665  0.638005  0.570024  0.647580  0.558983  0.757402  0.612060  0.732715  0.675383  0.735014  0.638716  0.537336  0.777392  0.221363  0.671534  0.630301  0.509867  0.577327  0.675437  0.689961  0.731496  0.543978  0.635672  0.500831  0.543282  0.564672  0.567809 0.0  0.520696  0.177172  0.599936  0.200558  0.586241  0.752141  0.563343  0.521221  0.582764  0.638284  0.627689  0.385408  0.673271  0.639184  0.597812  0.621896  0.625460  0.246474  0.633977  0.615749  0.734447  0.704752  0.517190  0.690529  0.524074  0.672107  0.576978  0.641492  0.672357  0.698374  0.451984  0.669047  0.638317  0.648976  0.645646  0.595802  0.647498  0.606318  0.668488  0.729544  0.666460  0.617813  0.712639  0.290125  0.586140 
44  0.263920  0.563240  0.553964  0.349975  0.540942  0.676053  0.529609  0.111468  0.683832  0.738643  0.544188  0.730056  0.705755  0.770359  0.422071  0.579314  0.748265  0.705368  0.449750  0.408697  0.609915  0.657299  0.597617  0.480229  0.694740  0.679099  0.879364  0.661022  0.566950  0.549048  0.352776  0.471070  0.548638  0.710891  0.752869  0.605935  0.758560  0.697315  0.465774  0.563991  0.517645  0.523511  0.809824  0.520696 0.0  0.622027  0.517316  0.599298  0.360106  0.670297  0.560919  0.302119  0.124419  0.702088  0.568993  0.550889  0.482637  0.669700  0.331269  0.277053  0.400657  0.580455  0.700042  0.750810  0.670203  0.851912  0.516342  0.228233  0.536431  0.630824  0.583496  0.504487  0.674616  0.651347  0.445512  0.688295  0.663459  0.598858  0.621564  0.584808  0.508120  0.651017  0.569582  0.757714  0.632167  0.562467  0.693492  0.709485  0.697745 
