89
0 0.0  0.584232  0.506602  0.251227  0.485320  0.628513  0.463575  0.250519  0.670154  0.722994  0.577962  0.669682  0.571147  0.702708  0.453583  0.623271  0.662009  0.683492  0.455853  0.364205  0.525260  0.729844  0.592547  0.430723  0.691356  0.708228  0.771741  0.544924  0.549525  0.582781  0.397428  0.473152  0.588676  0.568343  0.662218  0.784569  0.701449  0.653380  0.402704  0.534193  0.595684  0.567127  0.762095  0.573713  0.242801  0.606740  0.493408  0.659901  0.320923  0.715139  0.548051  0.339484  0.273657  0.801273  0.637052  0.594626  0.554098  0.537354  0.278910  0.186966  0.433356  0.598276  0.564719  0.678509  0.664569  0.685073  0.468361  0.277867  0.519016  0.548314  0.703186  0.598731  0.618244  0.684185  0.438192  0.637222  0.710342  0.528766  0.742982  0.631849  0.654481  0.645040  0.636226  0.610935  0.607031  0.522541  0.660485  0.640446  0.691296 
1  0.584232 0.0  0.532953  0.675361  0.590634  0.600283  0.413018  0.554598  0.242628  0.776358  0.580098  0.593752  0.397519  0.692360  0.628038  0.645290  0.655622  0.672027  0.837983  0.594709  0.535644  0.661513  0.623071  0.673241  0.706293  0.575991  0.716315  0.517349  0.751484  0.269577  0.491730  0.759013  0.523024  0.582966  0.741314  0.695051  0.687717  0.665261  0.660262  0.581970  0.472132  0.524375  0.666358  0.227575  0.652099  0.223767  0.576950  0.234561  0.580319  0.619868  0.521155  0.588324  0.511570  0.733588  0.695288  0.324499  0.607185  0.623618  0.629617  0.603207  0.639153  0.299958  0.715403  0.685831  0.758989  0.601935  0.572980  0.599252  0.501731  0.597976  0.593954  0.614463  0.671597  0.722603  0.487990  0.622120  0.632902  0.554274  0.700623  0.624840  0.540462  0.581414  0.630577  0.651297  0.720756  0.592860  0.693874  0.287979  0.785163 
2  0.506602  0.532953 0.0  0.562772  0.413277  0.515771  0.584711  0.682712  0.576915  0.614995  0.380992  0.597687  0.562429  0.628831  0.576650  0.412215  0.741087  0.622296  0.518661  0.547021  0.311163  0.668519  0.317770  0.565772  0.606613  0.560962  0.728376  0.593615  0.616718  0.614565  0.537216  0.539516  0.520138  0.480380  0.618033  0.552424  0.610755  0.583479  0.551878  0.636346  0.567521  0.583590  0.567557  0.601252  0.545363  0.451427  0.408448  0.496669  0.474970  0.577013  0.348133  0.571981  0.600465  0.820045  0.640894  0.553362  0.370949  0.604602  0.585727  0.522711  0.474089  0.503418  0.586447  0.595805  0.685217  0.784076  0.494177  0.516986  0.231374  0.514691  0.598579  0.653544  0.535924  0.579484  0.427607  0.580027  0.547439  0.566196  0.552624  0.634705  0.576707  0.603791  0.543618  0.681641  0.564454  0.529123  0.615320  0.521853  0.688658 
3  0.251227  0.675361  0.562772 0.0  0.503687  0.605078  0.555894  0.321772  0.641904  0.748482  0.444032  0.586291  0.616535  0.714529  0.363907  0.689432  0.735398  0.638570  0.461643  0.408879  0.556685  0.654268  0.588341  0.418014  0.701179  0.614165  0.560392  0.599314  0.559064  0.638123  0.463671  0.365943  0.559681  0.631492  0.581520  0.597987  0.672959  0.637233  0.420456  0.663662  0.572140  0.609281  0.547771  0.597164  0.319311  0.702442  0.559941  0.599627  0.199243  0.603955  0.553265  0.290933  0.312619  0.771507  0.690088  0.613938  0.580900  0.540015  0.295556  0.293639  0.440889  0.582949  0.681095  0.752474  0.707937  0.639556  0.570695  0.323385  0.540593  0.547022  0.833033  0.562755  0.642193  0.617075  0.404767  0.748598  0.632399  0.487629  0.550977  0.672851  0.595676  0.712678  0.598891  0.711785  0.641561  0.653670  0.584481  0.630887  0.629664 
4  0.485320  0.590634  0.413277  0.503687 0.0  0.514113  0.539012  0.457562  0.594142  0.632623  0.221747  0.554964  0.543268  0.625829  0.583919  0.601729  0.795571  0.470471  0.552134  0.592757  0.299677  0.610339  0.182840  0.557840  0.640080  0.546812  0.720057  0.630221  0.549390  0.540177  0.431057  0.501447  0.561816  0.505501  0.569187  0.673430  0.592758  0.530293  0.489837  0.606012  0.645535  0.601479  0.553940  0.525252  0.536806  0.601995  0.308511  0.573872  0.550530  0.571652  0.329244  0.393245  0.571106  0.629520  0.561584  0.470280  0.172775  0.560228  0.541407  0.600436  0.479166  0.519167  0.544598  0.655425  0.599586  0.679940  0.580480  0.537263  0.331116  0.628002  0.664931  0.554396  0.667579  0.483573  0.370460  0.575253  0.630567  0.545144  0.599103  0.471446  0.559081  0.547713  0.538606  0.647229  0.624446  0.582111  0.534011  0.547594  0.578864 
5  0.628513  0.600283  0.515771  0.605078  0.514113 0.0  0.632652  0.677364  0.635350  0.520104  0.509339  0.419976  0.659064  0.447163  0.572101  0.186424  0.835345  0.284313  0.489836  0.500262  0.473661  0.468169  0.441196  0.586096  0.520034  0.474636  0.723393  0.257129  0.567103  0.692897  0.653054  0.543243  0.637253  0.512891  0.225249  0.282449  0.510943  0.497627  0.532297  0.645251  0.601198  0.646288  0.491292  0.739082  0.671018  0.573374  0.552536  0.526328  0.609326  0.341860  0.532972  0.598437  0.614699  0.704724  0.414863  0.674296  0.537425  0.293153  0.621678  0.638913  0.543064  0.684097  0.339843  0.595943  0.441889  0.464185  0.511118  0.604478  0.595306  0.515014  0.501538  0.434505  0.454595  0.464351  0.452309  0.447393  0.480059  0.340686  0.436118  0.306025  0.269648  0.555228  0.592264  0.379301  0.551193  0.259499  0.602906  0.773608  0.495863 
6  0.463575  0.413018  0.584711  0.555894  0.539012  0.632652 0.0  0.472744  0.570067  0.541375  0.554199  0.598134  0.597681  0.675110  0.575567  0.637672  0.725407  0.611213  0.603687  0.670738  0.520613  0.665787  0.573223  0.592390  0.653070  0.558212  0.697325  0.560820  0.668302  0.482326  0.487487  0.615907  0.472465  0.551612  0.596133  0.632476  0.669377  0.608001  0.613257  0.614995  0.526215  0.564461  0.714845  0.533806  0.539561  0.441672  0.545297  0.557677  0.588386  0.596096  0.561764  0.683951  0.495587  0.611868  0.652431  0.429843  0.524356  0.601891  0.461341  0.626903  0.576456  0.521083  0.615474  0.594377  0.652576  0.672531  0.362179  0.565404  0.470018  0.416871  0.642837  0.596003  0.632148  0.651270  0.536872  0.608490  0.666642  0.509050  0.654345  0.656747  0.572836  0.474249  0.629364  0.658763  0.580956  0.645783  0.668168  0.535286  0.658179 
7  0.250519  0.554598  0.682712  0.321772  0.457562  0.677364  0.472744 0.0  0.606986  0.822741  0.600065  0.567054  0.722208  0.749400  0.474518  0.536594  0.757528  0.636220  0.466950  0.398003  0.504095  0.739709  0.550484  0.425688  0.682162  0.622363  0.731059  0.687442  0.668717  0.545232  0.409503  0.448934  0.581174  0.561685  0.639190  0.721899  0.656801  0.655299  0.433076  0.588906  0.528112  0.553134  0.719885  0.592843  0.128074  0.472742  0.543017  0.615809  0.329116  0.692843  0.507168  0.365132  0.152103  0.716546  0.700913  0.560427  0.461401  0.641449  0.311663  0.264707  0.457650  0.521903  0.608078  0.747308  0.794317  0.739868  0.513485  0.250351  0.535316  0.545382  0.680082  0.635510  0.641372  0.646946  0.446054  0.543429  0.603783  0.578225  0.705363  0.674401  0.657647  0.632209  0.531020  0.759436  0.695192  0.563824  0.790583  0.580009  0.727306 
8  0.670154  0.242628  0.576915  0.641904  0.594142  0.635350  0.570067  0.606986 0.0  0.639917  0.669243  0.650771  0.331491  0.703715  0.600763  0.727328  0.720624  0.713136  0.668903  0.638488  0.629957  0.689800  0.543964  0.651307  0.561060  0.672261  0.736735  0.657603  0.641162  0.281484  0.607780  0.666383  0.570052  0.601535  0.687373  0.680122  0.696930  0.650509  0.565537  0.607511  0.535229  0.595220  0.739898  0.332421  0.643224  0.329384  0.635938  0.366701  0.561408  0.679622  0.569773  0.612803  0.620026  0.608794  0.673469  0.437924  0.657005  0.530986  0.574361  0.607954  0.659782  0.320339  0.581632  0.787617  0.689938  0.630193  0.421152  0.710717  0.576238  0.536217  0.727443  0.610052  0.635630  0.735206  0.457497  0.720753  0.740480  0.571313  0.636303  0.661391  0.528835  0.618422  0.611676  0.817820  0.671784  0.701841  0.750756  0.334483  0.685083 
9  0.722994  0.776358  0.614995  0.748482  0.632623  0.520104  0.541375  0.822741  0.639917 0.0  0.647894  0.287961  0.742889  0.376372  0.669433  0.493893  0.848306  0.532653  0.705250  0.634072  0.523346  0.396697  0.614400  0.639811  0.363986  0.371493  0.760369  0.434489  0.261756  0.667912  0.576979  0.765844  0.819363  0.392415  0.504891  0.521291  0.340077  0.420236  0.667611  0.682516  0.596584  0.709741  0.196423  0.789428  0.672281  0.760343  0.606726  0.804688  0.580801  0.479075  0.610684  0.643599  0.837725  0.884679  0.395027  0.660274  0.596922  0.553255  0.706731  0.531040  0.758117  0.719187  0.508315  0.358610  0.184407  0.310808  0.647965  0.720502  0.644216  0.642385  0.278255  0.333790  0.277514  0.449622  0.606473  0.345044  0.327030  0.318317  0.363211  0.519946  0.434401  0.283258  0.308560  0.332688  0.295293  0.473389  0.363604  0.712914  0.399256 
10  0.577962  0.580098  0.380992  0.444032  0.221747  0.509339  0.554199  0.600065  0.669243  0.647894 0.0  0.613170  0.561760  0.637658  0.565703  0.635728  0.819587  0.601575  0.526654  0.596330  0.369813  0.559969  0.233426  0.550803  0.611063  0.638828  0.725335  0.554390  0.616728  0.677724  0.564710  0.463233  0.582554  0.490477  0.528718  0.498025  0.540373  0.450471  0.544248  0.594672  0.481029  0.618537  0.597759  0.526653  0.506214  0.513099  0.321247  0.544408  0.502784  0.640156  0.337138  0.520575  0.579373  0.712075  0.545082  0.601109  0.197239  0.611328  0.610614  0.466316  0.612237  0.528254  0.599099  0.649558  0.644239  0.642752  0.523073  0.580251  0.350191  0.651198  0.641083  0.602509  0.593553  0.462009  0.446165  0.567123  0.525999  0.566017  0.609310  0.509645  0.512765  0.517726  0.483660  0.603898  0.631650  0.617328  0.654254  0.579882  0.574650 
11  0.669682  0.593752  0.597687  0.586291  0.554964  0.419976  0.598134  0.567054  0.650771  0.287961  0.613170 0.0  0.664767  0.375704  0.642674  0.423357  0.715468  0.466505  0.635518  0.514793  0.566246  0.326570  0.575567  0.618178  0.340397  0.328998  0.860498  0.416637  0.237408  0.637761  0.507872  0.752363  0.568079  0.296142  0.472327  0.496943  0.360336  0.342255  0.641491  0.653052  0.626528  0.684989  0.267674  0.660711  0.636041  0.583248  0.541946  0.611256  0.559809  0.417261  0.553737  0.613824  0.490558  0.864525  0.338508  0.699434  0.563847  0.406682  0.519665  0.554604  0.688710  0.706757  0.440497  0.388206  0.298614  0.356024  0.525077  0.686031  0.538034  0.577938  0.252720  0.195820  0.225443  0.379456  0.530213  0.224393  0.223804  0.268470  0.340121  0.444864  0.547317  0.207019  0.262482  0.354194  0.273507  0.387226  0.392054  0.735895  0.385198 
12  0.571147  0.397519  0.562429  0.616535  0.543268  0.659064  0.597681  0.722208  0.331491  0.742889  0.561760  0.664767 0.0  0.596495  0.746291  0.612211  0.702980  0.636176  0.656782  0.580780  0.555595  0.691108  0.553837  0.603250  0.762639  0.638164  0.747238  0.683668  0.735442  0.425305  0.678823  0.570516  0.532918  0.675182  0.543669  0.597296  0.688002  0.635719  0.636204  0.652833  0.516219  0.554576  0.635871  0.415925  0.694511  0.493477  0.611596  0.437305  0.573328  0.646857  0.630877  0.560115  0.623793  0.774148  0.754635  0.343947  0.551456  0.620161  0.497786  0.627083  0.574752  0.430695  0.595669  0.725555  0.692431  0.715063  0.525049  0.579119  0.562169  0.477301  0.682485  0.624852  0.721506  0.568021  0.461350  0.691819  0.620148  0.533829  0.685659  0.554840  0.607926  0.560803  0.627169  0.817958  0.657715  0.560797  0.687590  0.448533  0.739973 
13  0.702708  0.692360  0.628831  0.714529  0.625829  0.447163  0.675110  0.749400  0.703715  0.376372  0.637658  0.375704  0.596495 0.0  0.601893  0.478680  0.735385  0.486188  0.620274  0.548667  0.652988  0.221636  0.655872  0.679215  0.270912  0.328959  0.720445  0.398796  0.339586  0.590800  0.644307  0.559481  0.598836  0.441548  0.539773  0.438578  0.252958  0.493483  0.613033  0.727905  0.701215  0.667378  0.350745  0.699294  0.708651  0.619158  0.602839  0.676924  0.730930  0.509953  0.614156  0.696493  0.638791  0.722362  0.278049  0.652819  0.562703  0.420641  0.689099  0.511929  0.579504  0.688245  0.558395  0.219014  0.354586  0.268979  0.638641  0.668875  0.616110  0.557819  0.297440  0.370366  0.369071  0.323431  0.538949  0.395050  0.367275  0.319562  0.352764  0.446077  0.453558  0.426618  0.423405  0.307639  0.304234  0.479910  0.258347  0.883106  0.288609 
14  0.453583  0.628038  0.576650  0.363907  0.583919  0.572101  0.575567  0.474518  0.600763  0.669433  0.565703  0.642674  0.746291  0.601893 0.0  0.653456  0.774332  0.637406  0.344087  0.356710  0.570363  0.658326  0.496728  0.308877  0.680518  0.638626  0.667654  0.552795  0.707972  0.644059  0.409690  0.319403  0.582537  0.592964  0.468972  0.585082  0.716543  0.598035  0.288068  0.600327  0.693160  0.609109  0.601781  0.587849  0.424617  0.597684  0.564033  0.661856  0.384643  0.590134  0.588193  0.390939  0.438144  0.563668  0.579087  0.608506  0.520323  0.594460  0.368156  0.443706  0.232808  0.545533  0.651814  0.648774  0.566307  0.762867  0.558030  0.350101  0.579887  0.541781  0.693563  0.524782  0.634624  0.637527  0.446450  0.675367  0.617227  0.567801  0.689658  0.570989  0.683959  0.597943  0.624172  0.724767  0.672838  0.601832  0.653494  0.608114  0.755205 
15  0.623271  0.645290  0.412215  0.689432  0.601729  0.186424  0.637672  0.536594  0.727328  0.493893  0.635728  0.423357  0.612211  0.478680  0.653456 0.0  0.794667  0.360824  0.666755  0.521690  0.576613  0.554980  0.538214  0.600111  0.483741  0.431505  0.619338  0.267905  0.455471  0.681085  0.576549  0.575830  0.583916  0.536445  0.251380  0.316436  0.493438  0.450694  0.621045  0.575512  0.479513  0.691936  0.499043  0.647478  0.725779  0.736041  0.523792  0.707615  0.660871  0.340391  0.563046  0.701157  0.729453  0.778964  0.467033  0.694121  0.554060  0.365801  0.498595  0.680680  0.606693  0.564022  0.358843  0.496179  0.505567  0.461508  0.575765  0.588967  0.686864  0.632370  0.378470  0.452613  0.533875  0.467983  0.535309  0.512258  0.511275  0.414377  0.446756  0.357446  0.198039  0.418708  0.523845  0.503503  0.481121  0.276084  0.458148  0.818151  0.453256 
16  0.662009  0.655622  0.741087  0.735398  0.795571  0.835345  0.725407  0.757528  0.720624  0.848306  0.819587  0.715468  0.702980  0.735385  0.774332  0.794667 0.0  0.732752  0.792098  0.776888  0.709932  0.810740  0.652410  0.771006  0.737432  0.713888  0.202846  0.696117  0.917185  0.622956  0.724543  0.796446  0.717112  0.681552  0.729082  0.890590  0.805080  0.789569  0.801675  0.812047  0.809988  0.669531  0.751124  0.712489  0.776416  0.626573  0.762007  0.717235  0.802298  0.807841  0.548706  0.843633  0.770077  0.198876  0.833800  0.708382  0.745521  0.728575  0.694778  0.796033  0.790347  0.699841  0.728434  0.906561  0.843044  0.834289  0.739063  0.611749  0.699792  0.757347  0.909771  0.739791  0.763780  0.738015  0.861095  0.856344  0.915516  0.672882  0.689434  0.704237  0.730381  0.773151  0.824732  0.738541  0.780399  0.852206  0.728294  0.600727  0.765740 
17  0.683492  0.672027  0.622296  0.638570  0.470471  0.284313  0.611213  0.636220  0.713136  0.532653  0.601575  0.466505  0.636176  0.486188  0.637406  0.360824  0.732752 0.0  0.601787  0.521484  0.525906  0.488506  0.503248  0.616288  0.449690  0.477340  0.707588  0.377708  0.430227  0.630380  0.623204  0.545135  0.650031  0.561309  0.365812  0.271039  0.445351  0.609052  0.672576  0.608525  0.487242  0.617818  0.473115  0.681445  0.644544  0.629688  0.526825  0.724888  0.563874  0.252870  0.619459  0.580186  0.705845  0.699407  0.495680  0.609246  0.501386  0.249023  0.537994  0.677380  0.556372  0.765164  0.256744  0.575795  0.479700  0.510749  0.557367  0.622100  0.560570  0.520905  0.461127  0.520910  0.489768  0.442998  0.505872  0.452121  0.478132  0.356201  0.443389  0.247401  0.323030  0.472383  0.522702  0.457095  0.405964  0.306091  0.479539  0.670428  0.477849 
18  0.455853  0.837983  0.518661  0.461643  0.552134  0.489836  0.603687  0.466950  0.668903  0.705250  0.526654  0.635518  0.656782  0.620274  0.344087  0.666755  0.792098  0.601787 0.0  0.331997  0.546612  0.631504  0.421021  0.201959  0.565079  0.601069  0.889039  0.582693  0.677839  0.654590  0.453186  0.187104  0.641924  0.578974  0.598603  0.546526  0.671198  0.683091  0.187836  0.645470  0.718522  0.623686  0.661151  0.629878  0.496124  0.579127  0.506315  0.562953  0.416195  0.559835  0.583481  0.336501  0.453369  0.690124  0.542406  0.521418  0.466884  0.595971  0.491494  0.519437  0.247879  0.554313  0.529956  0.674360  0.584648  0.593358  0.550388  0.426686  0.654700  0.653108  0.679918  0.617623  0.673945  0.573978  0.449633  0.621739  0.671830  0.614862  0.580489  0.538944  0.626216  0.616437  0.598158  0.644105  0.594296  0.653346  0.700957  0.648837  0.624620 
19  0.364205  0.594709  0.547021  0.408879  0.592757  0.500262  0.670738  0.398003  0.638488  0.634072  0.596330  0.514793  0.580780  0.548667  0.356710  0.521690  0.776888  0.521484  0.331997 0.0  0.567453  0.593381  0.616178  0.310400  0.575590  0.485247  0.816171  0.556514  0.639237  0.549503  0.344386  0.391121  0.668591  0.611406  0.447009  0.502650  0.536395  0.550739  0.378540  0.625918  0.633817  0.630697  0.625468  0.612804  0.441250  0.633926  0.558266  0.587303  0.310472  0.615454  0.621949  0.364122  0.464412  0.730237  0.669259  0.578816  0.555708  0.469982  0.381680  0.383175  0.369992  0.599318  0.527567  0.533263  0.673398  0.543385  0.606297  0.372577  0.504495  0.638963  0.530985  0.500648  0.642647  0.575947  0.558861  0.559853  0.564534  0.529311  0.627956  0.475839  0.511236  0.492127  0.563572  0.520289  0.539544  0.440855  0.530033  0.625676  0.593547 
20  0.525260  0.535644  0.311163  0.556685  0.299677  0.473661  0.520613  0.504095  0.629957  0.523346  0.369813  0.566246  0.555595  0.652988  0.570363  0.576613  0.709932  0.525906  0.546612  0.567453 0.0  0.541967  0.365059  0.469400  0.603419  0.607708  0.750768  0.544975  0.625091  0.498690  0.476053  0.471396  0.586711  0.520893  0.601820  0.522216  0.564736  0.471508  0.502765  0.542947  0.423014  0.527668  0.649384  0.575913  0.516258  0.594484  0.377141  0.506449  0.461765  0.594239  0.304402  0.521426  0.550834  0.642282  0.529855  0.457940  0.302276  0.531950  0.536133  0.617065  0.427221  0.559387  0.569527  0.601725  0.503730  0.612679  0.460222  0.566764  0.328652  0.575458  0.697371  0.499505  0.636337  0.512820  0.362569  0.521371  0.564501  0.530279  0.584957  0.649545  0.589854  0.564036  0.499070  0.588761  0.566148  0.542674  0.597577  0.511433  0.631493 
21  0.729844  0.661513  0.668519  0.654268  0.610339  0.468169  0.665787  0.739709  0.689800  0.396697  0.559969  0.326570  0.691108  0.221636  0.658326  0.554980  0.810740  0.488506  0.631504  0.593381  0.541967 0.0  0.702620  0.671622  0.285550  0.274543  0.784173  0.564954  0.350030  0.749661  0.644942  0.732103  0.583259  0.370545  0.530825  0.424569  0.258503  0.398303  0.673498  0.719449  0.652750  0.675821  0.370601  0.674541  0.763127  0.624368  0.605725  0.701704  0.549876  0.420160  0.560388  0.626316  0.653058  0.837264  0.259366  0.588263  0.656196  0.415474  0.600010  0.710883  0.763801  0.548978  0.477612  0.300210  0.377971  0.249435  0.628071  0.702324  0.572134  0.624719  0.336469  0.344960  0.336785  0.386027  0.547104  0.411268  0.314802  0.318493  0.356311  0.407106  0.505110  0.363598  0.417884  0.323298  0.364890  0.445132  0.308453  0.554504  0.280938 
22  0.592547  0.623071  0.317770  0.588341  0.182840  0.441196  0.573223  0.550484  0.543964  0.614400  0.233426  0.575567  0.553837  0.655872  0.496728  0.538214  0.652410  0.503248  0.421021  0.616178  0.365059  0.702620 0.0  0.470486  0.680440  0.667088  0.730339  0.524150  0.583487  0.463534  0.631362  0.513507  0.563974  0.541479  0.607684  0.629260  0.578736  0.624459  0.455047  0.693865  0.765402  0.572685  0.574655  0.609520  0.481828  0.610206  0.402675  0.547809  0.474196  0.672199  0.337556  0.379824  0.610959  0.645817  0.627077  0.591516  0.160367  0.647033  0.479152  0.549455  0.450643  0.594451  0.624315  0.663052  0.588322  0.554561  0.546037  0.551761  0.310624  0.553172  0.570857  0.550779  0.537089  0.600247  0.408013  0.575219  0.623622  0.643859  0.553724  0.547412  0.520167  0.589030  0.484969  0.608022  0.688146  0.607301  0.674456  0.625917  0.587891 
23  0.430723  0.673241  0.565772  0.418014  0.557840  0.586096  0.592390  0.425688  0.651307  0.639811  0.550803  0.618178  0.603250  0.679215  0.308877  0.600111  0.771006  0.616288  0.201959  0.310400  0.469400  0.671622  0.470486 0.0  0.680404  0.666313  0.750188  0.633569  0.657307  0.535337  0.464474  0.218635  0.646450  0.604997  0.591161  0.699847  0.711090  0.562723  0.191388  0.640472  0.571803  0.682687  0.658979  0.622191  0.478328  0.603677  0.558665  0.641296  0.403914  0.591953  0.557309  0.338805  0.488739  0.790474  0.640982  0.607528  0.477222  0.581239  0.395910  0.439292  0.245606  0.630967  0.609890  0.751341  0.586533  0.686005  0.638622  0.426806  0.526741  0.594582  0.697439  0.654489  0.629435  0.595630  0.415326  0.538988  0.670147  0.506428  0.644058  0.570595  0.551354  0.570021  0.490733  0.674785  0.767910  0.663547  0.771794  0.601271  0.626560 
24  0.691356  0.706293  0.606613  0.701179  0.640080  0.520034  0.653070  0.682162  0.561060  0.363986  0.611063  0.340397  0.762639  0.270912  0.680518  0.483741  0.737432  0.449690  0.565079  0.575590  0.603419  0.285550  0.680440  0.680404 0.0  0.374890  0.722560  0.501169  0.315453  0.847337  0.545044  0.735205  0.653814  0.453839  0.498166  0.481272  0.214420  0.413558  0.756529  0.713912  0.594460  0.604821  0.396521  0.558871  0.620616  0.599020  0.632705  0.772138  0.697630  0.449085  0.574392  0.662191  0.642035  0.684731  0.222405  0.663740  0.606150  0.488320  0.731575  0.588243  0.717693  0.693153  0.477572  0.216373  0.406621  0.234601  0.536271  0.747010  0.658184  0.620772  0.317924  0.363849  0.252819  0.348657  0.551180  0.442057  0.387985  0.291378  0.365061  0.454007  0.482386  0.407195  0.367334  0.236552  0.335242  0.520106  0.198187  0.714693  0.246316 
25  0.708228  0.575991  0.560962  0.614165  0.546812  0.474636  0.558212  0.622363  0.672261  0.371493  0.638828  0.328998  0.638164  0.328959  0.638626  0.431505  0.713888  0.477340  0.601069  0.485247  0.607708  0.274543  0.667088  0.666313  0.374890 0.0  0.839033  0.490029  0.332276  0.527854  0.589607  0.582277  0.726874  0.370478  0.358622  0.339903  0.362773  0.370848  0.637350  0.624565  0.577469  0.599006  0.379923  0.673658  0.636265  0.715510  0.488117  0.705682  0.697408  0.404247  0.648738  0.606106  0.654572  0.708625  0.344995  0.615433  0.539235  0.350783  0.606716  0.653955  0.674048  0.716209  0.414936  0.374678  0.356780  0.358353  0.535303  0.522171  0.592804  0.592815  0.382102  0.340727  0.333049  0.201919  0.478245  0.363947  0.328009  0.211096  0.194378  0.376073  0.522050  0.308561  0.426569  0.371388  0.382375  0.390164  0.374734  0.648144  0.375549 
26  0.771741  0.716315  0.728376  0.560392  0.720057  0.723393  0.697325  0.731059  0.736735  0.760369  0.725335  0.860498  0.747238  0.720445  0.667654  0.619338  0.202846  0.707588  0.889039  0.816171  0.750768  0.784173  0.730339  0.750188  0.722560  0.839033 0.0  0.815551  0.797627  0.662964  0.633529  0.813549  0.804507  0.721782  0.656545  0.821012  0.749077  0.717368  0.790745  0.785905  0.705120  0.748505  0.768309  0.760280  0.804724  0.773616  0.750163  0.694737  0.730877  0.749458  0.684405  0.722061  0.783545  0.218444  0.772425  0.612917  0.783795  0.775553  0.727176  0.799530  0.662639  0.754968  0.849280  0.773447  0.817340  0.948070  0.719232  0.729053  0.618987  0.742539  0.809377  0.845059  1.000000  0.746045  0.853781  0.809187  0.714272  0.683472  0.681121  0.727591  0.698838  0.751190  0.809045  0.744683  0.806985  0.738108  0.833226  0.720567  0.779849 
27  0.544924  0.517349  0.593615  0.599314  0.630221  0.257129  0.560820  0.687442  0.657603  0.434489  0.554390  0.416637  0.683668  0.398796  0.552795  0.267905  0.696117  0.377708  0.582693  0.556514  0.544975  0.564954  0.524150  0.633569  0.501169  0.490029  0.815551 0.0  0.453979  0.686210  0.655975  0.672951  0.701833  0.620050  0.238625  0.353085  0.478921  0.541675  0.638844  0.681199  0.775320  0.763221  0.443928  0.589979  0.682520  0.609328  0.574914  0.642761  0.638555  0.352230  0.564565  0.654015  0.600944  0.663183  0.469701  0.560418  0.517529  0.376769  0.627132  0.595509  0.594870  0.678150  0.325366  0.526258  0.421009  0.425431  0.603590  0.710805  0.469573  0.580594  0.474183  0.518725  0.552940  0.400365  0.564513  0.477379  0.532778  0.357241  0.437085  0.306942  0.222467  0.546609  0.492235  0.464102  0.528477  0.208940  0.516765  0.725295  0.500919 
28  0.549525  0.751484  0.616718  0.559064  0.549390  0.567103  0.668302  0.668717  0.641162  0.261756  0.616728  0.237408  0.735442  0.339586  0.707972  0.455471  0.917185  0.430227  0.677839  0.639237  0.625091  0.350030  0.583487  0.657307  0.315453  0.332276  0.797627  0.453979 0.0  0.697293  0.627921  0.619800  0.652974  0.308713  0.504873  0.437989  0.321485  0.356077  0.775281  0.781961  0.730184  0.628623  0.252746  0.672724  0.834864  0.734112  0.598689  0.664924  0.630793  0.514180  0.620816  0.618061  0.650552  0.814734  0.333457  0.597266  0.642483  0.511993  0.637890  0.603799  0.641694  0.601081  0.499923  0.341620  0.277798  0.367891  0.739575  0.719766  0.630252  0.747430  0.198294  0.242347  0.219405  0.416498  0.515906  0.235905  0.201403  0.273516  0.373148  0.453636  0.441948  0.288838  0.278457  0.367020  0.232203  0.465297  0.352236  0.683870  0.345036 
29  0.582781  0.269577  0.614565  0.638123  0.540177  0.692897  0.482326  0.545232  0.281484  0.667912  0.677724  0.637761  0.425305  0.590800  0.644059  0.681085  0.622956  0.630380  0.654590  0.549503  0.498690  0.749661  0.463534  0.535337  0.847337  0.527854  0.662964  0.686210  0.697293 0.0  0.595033  0.596142  0.555236  0.597076  0.705593  0.704054  0.626190  0.603686  0.545677  0.629825  0.551491  0.586826  0.723404  0.230193  0.590336  0.219739  0.651800  0.208815  0.597935  0.700544  0.566142  0.599967  0.644693  0.649033  0.718564  0.435969  0.592176  0.600538  0.684445  0.726547  0.561835  0.239000  0.648709  0.729846  0.686370  0.779616  0.525581  0.717753  0.521994  0.501762  0.708313  0.639579  0.718757  0.639037  0.547849  0.614089  0.738638  0.661906  0.645392  0.554257  0.636499  0.619643  0.548126  0.808326  0.670992  0.644149  0.637297  0.268480  0.669332 
30  0.397428  0.491730  0.537216  0.463671  0.431057  0.653054  0.487487  0.409503  0.607780  0.576979  0.564710  0.507872  0.678823  0.644307  0.409690  0.576549  0.724543  0.623204  0.453186  0.344386  0.476053  0.644942  0.631362  0.464474  0.545044  0.589607  0.633529  0.655975  0.627921  0.595033 0.0  0.491062  0.575926  0.535610  0.698191  0.719724  0.754216  0.625892  0.486899  0.562604  0.522959  0.515992  0.624926  0.611914  0.385817  0.441093  0.545547  0.578898  0.444985  0.617223  0.520062  0.404728  0.397433  0.791147  0.676205  0.503237  0.651976  0.554236  0.421212  0.338783  0.411989  0.506218  0.619184  0.669209  0.630457  0.687980  0.467639  0.439456  0.497185  0.592326  0.642404  0.644979  0.621382  0.635804  0.448885  0.556342  0.600878  0.571555  0.662176  0.598482  0.605136  0.622715  0.653908  0.778826  0.740903  0.667949  0.590270  0.597339  0.643673 
31  0.473152  0.759013  0.539516  0.365943  0.501447  0.543243  0.615907  0.448934  0.666383  0.765844  0.463233  0.752363  0.570516  0.559481  0.319403  0.575830  0.796446  0.545135  0.187104  0.391121  0.471396  0.732103  0.513507  0.218635  0.735205  0.582277  0.813549  0.672951  0.619800  0.596142  0.491062 0.0  0.617427  0.713514  0.591373  0.641950  0.685691  0.717391  0.177269  0.624499  0.600155  0.605508  0.804050  0.682573  0.401122  0.542319  0.471552  0.636893  0.402581  0.680744  0.549113  0.361508  0.470929  0.675914  0.749338  0.554003  0.556273  0.622312  0.384251  0.448912  0.280375  0.654184  0.551534  0.721026  0.633701  0.682225  0.627810  0.439358  0.572395  0.684498  0.691538  0.691934  0.661118  0.700996  0.368121  0.578903  0.705120  0.500318  0.730322  0.550126  0.599796  0.742153  0.618321  0.637143  0.660449  0.574137  0.681545  0.661916  0.695966 
32  0.588676  0.523024  0.520138  0.559681  0.561816  0.637253  0.472465  0.581174  0.570052  0.819363  0.582554  0.568079  0.532918  0.598836  0.582537  0.583916  0.717112  0.650031  0.641924  0.668591  0.586711  0.583259  0.563974  0.646450  0.653814  0.726874  0.804507  0.701833  0.652974  0.555236  0.575926  0.617427 0.0  0.701566  0.732491  0.635644  0.582920  0.604299  0.625768  0.332830  0.275887  0.165651  0.645169  0.458265  0.625688  0.523921  0.612514  0.549212  0.608155  0.733859  0.643222  0.655791  0.562473  0.672716  0.641509  0.492969  0.608756  0.559826  0.573117  0.535960  0.709002  0.546784  0.668043  0.650445  0.687468  0.641779  0.578036  0.443646  0.578419  0.599922  0.634503  0.606756  0.561322  0.538755  0.462560  0.592851  0.600881  0.625901  0.620790  0.604398  0.585518  0.587760  0.531211  0.625118  0.627815  0.609301  0.594290  0.590546  0.654768 
33  0.568343  0.582966  0.480380  0.631492  0.505501  0.512891  0.551612  0.561685  0.601535  0.392415  0.490477  0.296142  0.675182  0.441548  0.592964  0.536445  0.681552  0.561309  0.578974  0.611406  0.520893  0.370545  0.541479  0.604997  0.453839  0.370478  0.721782  0.620050  0.308713  0.597076  0.535610  0.713514  0.701566 0.0  0.482401  0.557158  0.455094  0.180418  0.656955  0.710858  0.621582  0.649253  0.348843  0.578520  0.718281  0.642464  0.598619  0.584920  0.635046  0.568532  0.565407  0.614584  0.724619  0.700262  0.397407  0.642009  0.474551  0.545630  0.559835  0.549575  0.596380  0.538459  0.441732  0.398456  0.324997  0.444372  0.515691  0.679971  0.584938  0.499351  0.306372  0.275699  0.337440  0.411243  0.454703  0.309351  0.308035  0.239186  0.385294  0.517163  0.484597  0.238108  0.303906  0.424421  0.309583  0.512316  0.434122  0.606528  0.483995 
34  0.662218  0.741314  0.618033  0.581520  0.569187  0.225249  0.596133  0.639190  0.687373  0.504891  0.528718  0.472327  0.543669  0.539773  0.468972  0.251380  0.729082  0.365812  0.598603  0.447009  0.601820  0.530825  0.607684  0.591161  0.498166  0.358622  0.656545  0.238625  0.504873  0.705593  0.698191  0.591373  0.732491  0.482401 0.0  0.304062  0.456015  0.543620  0.634002  0.713984  0.616436  0.688686  0.458020  0.655399  0.733344  0.801353  0.508416  0.701912  0.680189  0.378942  0.573266  0.546447  0.671102  0.701489  0.467153  0.717560  0.599969  0.333956  0.603499  0.686551  0.580192  0.685686  0.367138  0.518889  0.401905  0.478344  0.532846  0.726774  0.573564  0.634568  0.474350  0.461479  0.525409  0.471472  0.393004  0.396089  0.529256  0.332500  0.458951  0.310908  0.197990  0.457820  0.492397  0.455089  0.532094  0.228730  0.566955  0.649695  0.474114 
35  0.784569  0.695051  0.552424  0.597987  0.673430  0.282449  0.632476  0.721899  0.680122  0.521291  0.498025  0.496943  0.597296  0.438578  0.585082  0.316436  0.890590  0.271039  0.546526  0.502650  0.522216  0.424569  0.629260  0.699847  0.481272  0.339903  0.821012  0.353085  0.437989  0.704054  0.719724  0.641950  0.635644  0.557158  0.304062 0.0  0.413321  0.468993  0.651911  0.719879  0.657198  0.669390  0.477544  0.661415  0.643100  0.755020  0.546245  0.538179  0.655131  0.195749  0.573841  0.587229  0.767056  0.703445  0.431649  0.705842  0.580390  0.208497  0.661063  0.544587  0.558282  0.661762  0.248642  0.407767  0.411228  0.464513  0.573667  0.661758  0.625167  0.552495  0.474127  0.461235  0.445074  0.443833  0.514453  0.495045  0.426753  0.366200  0.492918  0.213885  0.290607  0.449832  0.448197  0.463304  0.482887  0.290995  0.430968  0.776692  0.503087 
36  0.701449  0.687717  0.610755  0.672959  0.592758  0.510943  0.669377  0.656801  0.696930  0.340077  0.540373  0.360336  0.688002  0.252958  0.716543  0.493438  0.805080  0.445351  0.671198  0.536395  0.564736  0.258503  0.578736  0.711090  0.214420  0.362773  0.749077  0.478921  0.321485  0.626190  0.754216  0.685691  0.582920  0.455094  0.456015  0.413321 0.0  0.465891  0.629778  0.700543  0.602147  0.729329  0.342930  0.744217  0.749038  0.727099  0.664967  0.573093  0.759328  0.477685  0.617663  0.716499  0.791276  0.741504  0.223364  0.581439  0.621277  0.485761  0.626503  0.596528  0.583053  0.659731  0.519644  0.190163  0.317115  0.196441  0.597309  0.736336  0.593798  0.687194  0.319775  0.436979  0.365476  0.342641  0.535554  0.466582  0.394699  0.293187  0.353847  0.381059  0.522662  0.421225  0.327961  0.217717  0.364859  0.472886  0.197126  0.744477  0.204172 
37  0.653380  0.665261  0.583479  0.637233  0.530293  0.497627  0.608001  0.655299  0.650509  0.420236  0.450471  0.342255  0.635719  0.493483  0.598035  0.450694  0.789569  0.609052  0.683091  0.550739  0.471508  0.398303  0.624459  0.562723  0.413558  0.370848  0.717368  0.541675  0.356077  0.603686  0.625892  0.717391  0.604299  0.180418  0.543620  0.468993  0.465891 0.0  0.730643  0.688435  0.604789  0.536982  0.316070  0.581010  0.619443  0.639528  0.490916  0.606830  0.571796  0.485319  0.573501  0.554685  0.680791  0.771012  0.498745  0.595309  0.540074  0.489994  0.546390  0.691193  0.599307  0.669930  0.576586  0.472342  0.331646  0.428966  0.552334  0.595187  0.534368  0.579057  0.307231  0.268731  0.332137  0.399759  0.410404  0.301828  0.342126  0.273546  0.434495  0.427261  0.543939  0.264281  0.306603  0.428801  0.298262  0.460561  0.438306  0.560466  0.382631 
38  0.402704  0.660262  0.551878  0.420456  0.489837  0.532297  0.613257  0.433076  0.565537  0.667611  0.544248  0.641491  0.636204  0.613033  0.288068  0.621045  0.801675  0.672576  0.187836  0.378540  0.502765  0.673498  0.455047  0.191388  0.756529  0.637350  0.790745  0.638844  0.775281  0.545677  0.486899  0.177269  0.625768  0.656955  0.634002  0.651911  0.629778  0.730643 0.0  0.559068  0.546647  0.613481  0.654891  0.732447  0.521757  0.580073  0.490790  0.668653  0.408402  0.698457  0.501258  0.377973  0.477349  0.785156  0.630296  0.614860  0.543803  0.550213  0.361274  0.466003  0.241769  0.593736  0.578988  0.652531  0.609612  0.589543  0.558486  0.385921  0.526927  0.583932  0.648770  0.641298  0.639715  0.686600  0.355459  0.663594  0.773613  0.568644  0.653930  0.542231  0.697182  0.634022  0.647240  0.622765  0.767767  0.663995  0.710106  0.756783  0.716787 
39  0.534193  0.581970  0.636346  0.663662  0.606012  0.645251  0.614995  0.588906  0.607511  0.682516  0.594672  0.653052  0.652833  0.727905  0.600327  0.575512  0.812047  0.608525  0.645470  0.625918  0.542947  0.719449  0.693865  0.640472  0.713912  0.624565  0.785905  0.681199  0.781961  0.629825  0.562604  0.624499  0.332830  0.710858  0.713984  0.719879  0.700543  0.688435  0.559068 0.0  0.275209  0.286613  0.771143  0.671433  0.584050  0.597968  0.604650  0.560226  0.677991  0.808539  0.557699  0.578282  0.573660  0.831786  0.651116  0.601002  0.637189  0.658383  0.622119  0.530430  0.648012  0.566700  0.634793  0.747766  0.653129  0.628477  0.664528  0.573151  0.587619  0.585351  0.526922  0.731075  0.653363  0.718489  0.458031  0.631506  0.637553  0.664009  0.625929  0.747814  0.691167  0.580402  0.642494  0.583196  0.734958  0.735180  0.768476  0.555693  0.551915 
40  0.595684  0.472132  0.567521  0.572140  0.645535  0.601198  0.526215  0.528112  0.535229  0.596584  0.481029  0.626528  0.516219  0.701215  0.693160  0.479513  0.809988  0.487242  0.718522  0.633817  0.423014  0.652750  0.765402  0.571803  0.594460  0.577469  0.705120  0.775320  0.730184  0.551491  0.522959  0.600155  0.275887  0.621582  0.616436  0.657198  0.602147  0.604789  0.546647  0.275209 0.0  0.318721  0.663418  0.540535  0.507385  0.524178  0.563384  0.644789  0.577708  0.694874  0.572770  0.546468  0.507063  0.682337  0.635534  0.463470  0.740022  0.616362  0.578939  0.573485  0.599522  0.585263  0.674780  0.631096  0.685723  0.674369  0.611601  0.510811  0.536702  0.570543  0.655997  0.647987  0.521965  0.626996  0.509949  0.563923  0.647963  0.545929  0.612649  0.718104  0.625450  0.565092  0.611442  0.688815  0.599022  0.588681  0.581337  0.542712  0.582462 
41  0.567127  0.524375  0.583590  0.609281  0.601479  0.646288  0.564461  0.553134  0.595220  0.709741  0.618537  0.684989  0.554576  0.667378  0.609109  0.691936  0.669531  0.617818  0.623686  0.630697  0.527668  0.675821  0.572685  0.682687  0.604821  0.599006  0.748505  0.763221  0.628623  0.586826  0.515992  0.605508  0.165651  0.649253  0.688686  0.669390  0.729329  0.536982  0.613481  0.286613  0.318721 0.0  0.708386  0.538480  0.491234  0.539205  0.570117  0.605866  0.622536  0.610376  0.521685  0.562315  0.548894  0.717211  0.685124  0.629118  0.576428  0.635636  0.625105  0.570556  0.581949  0.567139  0.533199  0.700626  0.701658  0.610973  0.663425  0.539066  0.612356  0.624633  0.666921  0.665242  0.681443  0.602265  0.396300  0.523718  0.739971  0.586722  0.616959  0.670968  0.613277  0.571148  0.613011  0.643041  0.675708  0.615818  0.698239  0.490834  0.705180 
42  0.762095  0.666358  0.567557  0.547771  0.553940  0.491292  0.714845  0.719885  0.739898  0.196423  0.597759  0.267674  0.635871  0.350745  0.601781  0.499043  0.751124  0.473115  0.661151  0.625468  0.649384  0.370601  0.574655  0.658979  0.396521  0.379923  0.768309  0.443928  0.252746  0.723404  0.624926  0.804050  0.645169  0.348843  0.458020  0.477544  0.342930  0.316070  0.654891  0.771143  0.663418  0.708386 0.0  0.694414  0.598601  0.717914  0.555074  0.580939  0.650178  0.489626  0.621024  0.690940  0.715161  0.820551  0.374582  0.685727  0.601995  0.424969  0.633563  0.658788  0.586532  0.676060  0.530641  0.345932  0.178022  0.312582  0.613749  0.676444  0.670555  0.485530  0.318764  0.268590  0.240962  0.349362  0.454252  0.309091  0.284718  0.299178  0.420913  0.461802  0.410739  0.337247  0.285527  0.285604  0.265441  0.448033  0.364088  0.763623  0.338807 
43  0.573713  0.227575  0.601252  0.597164  0.525252  0.739082  0.533806  0.592843  0.332421  0.789428  0.526653  0.660711  0.415925  0.699294  0.587849  0.647478  0.712489  0.681445  0.629878  0.612804  0.575913  0.674541  0.609520  0.622191  0.558871  0.673658  0.760280  0.589979  0.672724  0.230193  0.611914  0.682573  0.458265  0.578520  0.655399  0.661415  0.744217  0.581010  0.732447  0.671433  0.540535  0.538480  0.694414 0.0  0.545455  0.201012  0.552150  0.217630  0.719501  0.591082  0.590430  0.620304  0.666950  0.777254  0.569307  0.362351  0.612115  0.656797  0.647522  0.560993  0.642937  0.269893  0.694658  0.721555  0.656706  0.776455  0.576493  0.660859  0.511451  0.603131  0.676592  0.536548  0.724437  0.580200  0.444323  0.754480  0.704506  0.553902  0.612522  0.671132  0.711724  0.582994  0.704821  0.817554  0.682996  0.585389  0.705914  0.276717  0.696363 
44  0.242801  0.652099  0.545363  0.319311  0.536806  0.671018  0.539561  0.128074  0.643224  0.672281  0.506214  0.636041  0.694511  0.708651  0.424617  0.725779  0.776416  0.644544  0.496124  0.441250  0.516258  0.763127  0.481828  0.478328  0.620616  0.636265  0.804724  0.682520  0.834864  0.590336  0.385817  0.401122  0.625688  0.718281  0.733344  0.643100  0.749038  0.619443  0.521757  0.584050  0.507385  0.491234  0.598601  0.545455 0.0  0.634529  0.547937  0.545673  0.346329  0.667476  0.615341  0.312732  0.148072  0.795197  0.760292  0.575607  0.644847  0.793555  0.356161  0.299490  0.410465  0.679463  0.594979  0.718414  0.807499  0.707264  0.539819  0.268274  0.484237  0.670606  0.640891  0.628308  0.563246  0.645525  0.492600  0.646416  0.623088  0.568995  0.662843  0.748094  0.801646  0.482448  0.631232  0.723642  0.649690  0.709390  0.778431  0.616731  0.789974 
