89
0 0.0  0.646476  0.586558  0.384017  0.533615  0.692871  0.683676  0.399407  0.646346  0.896673  0.645851  0.650046  0.606337  0.720772  0.545147  0.853226  0.721986  0.675403  0.525345  0.546810  0.641022  0.876006  0.647622  0.543216  0.759086  0.829851  0.945028  0.808176  0.742916  0.572675  0.423013  0.511796  0.655522  0.666819  0.729839  0.781686  0.825007  0.768007  0.520194  0.583609  0.712002  0.664579  0.674878  0.807767  0.319411  0.713239  0.583729  0.685180  0.396981  0.875919  0.592674  0.405010  0.354491  0.755933  0.719851  0.681652  0.589536  0.688717  0.336849  0.240610  0.492457  0.718988  0.704759  0.812820  0.785355  0.868697  0.633381  0.343283  0.564054  0.700676  0.757631  0.673385  0.788486  0.670541  0.436667  0.633371  0.742034  0.617043  0.711351  0.786980  0.826648  0.667000  0.777885  0.836294  0.846587  0.659310  0.802431  0.704559  0.756728 
1  0.646476 0.0  0.662503  0.741812  0.590225  0.981039  0.554573  0.705218  0.338308  0.991264  0.573515  0.716610  0.388577  0.844378  0.795562  0.750671  0.745161  0.784031  0.805861  0.796562  0.724920  0.785835  0.757664  0.742029  0.814468  0.708091  0.831660  0.833063  0.737974  0.306234  0.551723  0.738039  0.630311  0.783226  0.721912  0.746774  0.784128  0.718567  0.760788  0.584751  0.646686  0.566862  0.824928  0.421724  0.742243  0.259257  0.612296  0.276880  0.677818  0.805289  0.633454  0.735935  0.597158  0.779582  0.897348  0.304628  0.637091  0.767917  0.708655  0.706554  0.696969  0.331540  0.703423  0.703025  0.879288  0.863519  0.609366  0.671484  0.581015  0.634168  0.893996  0.798740  0.784652  0.693251  0.439964  0.786592  0.868201  0.671058  0.803696  0.794173  0.856413  0.631281  0.727215  0.817725  0.948006  0.800001  0.779833  0.248951  0.740743 
2  0.586558  0.662503 0.0  0.579400  0.470540  0.688054  0.704351  0.689201  0.636652  0.623883  0.356923  0.624984  0.693729  0.724404  0.684085  0.728284  0.818225  0.809182  0.748372  0.685201  0.421589  0.711894  0.421401  0.744406  0.666042  0.713905  0.671459  0.649937  0.733772  0.591383  0.670840  0.628697  0.726040  0.589602  0.644644  0.658923  0.771336  0.634255  0.601672  0.654998  0.580829  0.617053  0.751557  0.571919  0.662013  0.697658  0.471519  0.568039  0.671712  0.710463  0.443899  0.634989  0.651414  0.817144  0.762449  0.731777  0.505438  0.714204  0.666487  0.772395  0.657496  0.432909  0.721415  0.687786  0.702752  0.804029  0.671826  0.617621  0.318210  0.552325  0.776247  0.705923  0.716084  0.724094  0.548698  0.614427  0.771755  0.561605  0.679157  0.610732  0.786566  0.670777  0.636019  0.755556  0.708524  0.687941  0.709636  0.695232  0.749114 
3  0.384017  0.741812  0.579400 0.0  0.424221  0.845482  0.644616  0.392029  0.908972  0.879147  0.623415  0.671614  0.710730  0.917457  0.456590  0.750994  0.901664  0.764886  0.446943  0.519749  0.577615  0.726884  0.628328  0.550627  0.746900  0.750499  0.808027  0.777873  0.702489  0.705247  0.511738  0.375257  0.605381  0.721346  0.664080  0.690816  0.834683  0.570380  0.494930  0.733829  0.589113  0.685178  0.707431  0.668531  0.440344  0.661073  0.609849  0.633815  0.297147  0.727482  0.613737  0.305979  0.366876  0.836997  0.741047  0.703754  0.646741  0.730837  0.379005  0.413709  0.536677  0.642836  0.715783  0.653418  0.855144  0.802827  0.652856  0.302465  0.560336  0.650596  0.920962  0.668891  0.792160  0.742311  0.440998  0.669887  0.814605  0.547008  0.722731  0.714119  0.711590  0.684864  0.603047  0.795972  0.876867  0.822719  0.737235  0.687811  0.810342 
4  0.533615  0.590225  0.470540  0.424221 0.0  0.609527  0.756666  0.587056  0.634936  0.731084  0.307227  0.633985  0.553742  0.696610  0.567607  0.716380  0.779388  0.686975  0.764436  0.583556  0.269840  0.586617  0.355651  0.518378  0.714880  0.608554  0.894886  0.700465  0.605264  0.707298  0.568994  0.598019  0.773533  0.620128  0.638011  0.672051  0.773640  0.741401  0.534384  0.625552  0.601774  0.655795  0.728826  0.687327  0.565081  0.555380  0.448153  0.717497  0.653511  0.646968  0.472849  0.594333  0.555329  0.866501  0.752490  0.566173  0.245135  0.702251  0.574679  0.564556  0.531295  0.665155  0.656438  0.680150  0.734751  0.803670  0.584152  0.723331  0.256399  0.713354  0.893207  0.661773  0.659223  0.563948  0.539080  0.651113  0.638438  0.528298  0.656986  0.567674  0.633445  0.578785  0.558319  0.766174  0.662871  0.611245  0.654450  0.644860  0.719694 
5  0.692871  0.981039  0.688054  0.845482  0.609527 0.0  0.665230  0.823794  0.795352  0.560426  0.571364  0.544716  0.631493  0.575957  0.704396  0.260645  0.884587  0.368919  0.612613  0.536267  0.649145  0.658006  0.550289  0.662439  0.559315  0.517467  0.888454  0.320069  0.546735  0.675349  0.817865  0.682812  0.738054  0.583519  0.290660  0.389315  0.555233  0.702875  0.748562  0.822554  0.716523  0.812636  0.502165  0.747354  0.823808  0.831807  0.568985  0.742040  0.680354  0.341239  0.613589  0.731119  0.838290  0.796872  0.593799  0.692470  0.693887  0.413361  0.703045  0.780360  0.727292  0.798632  0.444010  0.646033  0.569464  0.450951  0.728542  0.785165  0.658045  0.759805  0.700840  0.607522  0.613458  0.563198  0.473983  0.472824  0.554816  0.515027  0.530022  0.444798  0.323145  0.575921  0.582895  0.506853  0.573793  0.340281  0.747341  0.780094  0.565070 
6  0.683676  0.554573  0.704351  0.644616  0.756666  0.665230 0.0  0.675710  0.697650  0.822835  0.622615  0.697373  0.696903  0.799178  0.786102  0.657215  0.712053  0.762526  0.686414  0.685605  0.700806  0.730423  0.710098  0.771105  0.725451  0.584406  0.857800  0.675751  0.732809  0.671974  0.530430  0.744281  0.661644  0.687763  0.598056  0.742855  0.751617  0.654955  0.759299  0.726014  0.591698  0.705550  0.754377  0.624913  0.734815  0.648649  0.611373  0.690671  0.631943  0.729920  0.591187  0.693856  0.638955  0.716373  0.720218  0.663801  0.739334  0.611837  0.631803  0.666091  0.676745  0.657124  0.687150  0.724766  0.775596  0.832142  0.402220  0.634930  0.577446  0.456170  0.696436  0.700443  0.681992  0.568139  0.497663  0.639669  0.640519  0.712631  0.711849  0.590146  0.742536  0.708651  0.598649  0.743884  0.766789  0.710438  0.694184  0.552179  0.716601 
7  0.399407  0.705218  0.689201  0.392029  0.587056  0.823794  0.675710 0.0  0.829296  0.829747  0.674060  0.701771  0.708556  0.822672  0.515831  0.782764  0.925866  0.819560  0.522214  0.525010  0.607427  0.668436  0.692085  0.509967  0.787411  0.834447  0.824210  0.829965  0.725616  0.644573  0.463032  0.532003  0.591407  0.730553  0.673239  0.899625  0.938906  0.694127  0.397205  0.545622  0.661406  0.585590  0.730244  0.715625  0.194137  0.746956  0.619254  0.718471  0.425259  0.848138  0.674575  0.384978  0.089234  0.794876  0.783103  0.724954  0.747837  0.779317  0.378725  0.365468  0.677848  0.654240  0.717402  0.789705  0.811567  0.842637  0.675613  0.237118  0.596799  0.682777  0.772284  0.594633  0.754373  0.851685  0.555380  0.661730  0.891932  0.650239  0.839288  0.774665  0.740814  0.616972  0.685916  0.890936  0.895064  0.735290  0.830627  0.801573  0.822535 
8  0.646346  0.338308  0.636652  0.908972  0.634936  0.795352  0.697650  0.829296 0.0  0.842936  0.686210  0.657818  0.471999  0.779889  0.711142  0.795876  0.682861  0.785423  0.686489  0.661976  0.759820  0.807983  0.658208  0.741997  0.780410  0.702410  0.629130  0.771851  0.738152  0.340119  0.637880  0.754633  0.638120  0.719562  0.776303  0.753908  0.791993  0.644335  0.711001  0.755925  0.614233  0.661887  0.771261  0.507259  0.704015  0.346634  0.756236  0.437926  0.748708  0.806405  0.603757  0.738796  0.750490  0.756399  0.832875  0.572966  0.588050  0.669598  0.657327  0.606277  0.671411  0.327227  0.742278  0.715934  0.910927  0.794235  0.669056  0.751168  0.754700  0.762110  0.804527  0.689029  0.800903  0.749370  0.631351  0.826797  0.724116  0.776745  0.866577  0.768475  0.797217  0.755185  0.673173  0.837932  0.911089  0.809333  0.777346  0.505597  0.875515 
9  0.896673  0.991264  0.623883  0.879147  0.731084  0.560426  0.822835  0.829747  0.842936 0.0  0.699165  0.437375  0.849460  0.435133  0.743762  0.666474  0.992721  0.605581  0.762388  0.647553  0.620789  0.389724  0.742880  0.854840  0.416442  0.498403  0.945694  0.530527  0.317346  0.932038  0.883132  0.861489  0.816963  0.556676  0.506762  0.588013  0.417547  0.381428  0.833644  0.779169  0.803326  0.883735  0.285664  0.897485  0.846840  0.872675  0.740510  0.906880  0.729471  0.527185  0.620654  0.664023  0.880180  0.774058  0.527716  0.880223  0.785444  0.611966  0.786824  0.838636  0.740355  0.826066  0.623548  0.467538  0.248062  0.384142  0.780810  0.910446  0.742788  0.707999  0.278961  0.361187  0.326720  0.455989  0.619263  0.386550  0.418915  0.249990  0.474163  0.622718  0.602677  0.418013  0.399542  0.348831  0.391409  0.639017  0.348394  0.821567  0.442367 
10  0.645851  0.573515  0.356923  0.623415  0.307227  0.571364  0.622615  0.674060  0.686210  0.699165 0.0  0.617261  0.617870  0.730207  0.675324  0.745354  0.779466  0.717440  0.689541  0.737864  0.364550  0.707443  0.232972  0.576258  0.719212  0.818624  0.820694  0.707296  0.695446  0.738186  0.736923  0.617509  0.708662  0.646433  0.629985  0.680672  0.554303  0.652668  0.676680  0.666608  0.597434  0.638115  0.553524  0.592380  0.635192  0.702229  0.516214  0.683471  0.524165  0.688952  0.398662  0.558368  0.731586  0.820915  0.669521  0.708898  0.193898  0.550248  0.567856  0.626774  0.576015  0.613321  0.682006  0.737714  0.656302  0.714398  0.662761  0.720906  0.465016  0.638777  0.658740  0.539997  0.662739  0.633304  0.571465  0.605441  0.742944  0.614934  0.617451  0.785892  0.570623  0.636726  0.539881  0.712510  0.736015  0.613990  0.724650  0.592856  0.737157 
11  0.650046  0.716610  0.624984  0.671614  0.633985  0.544716  0.697373  0.701771  0.657818  0.437375  0.617261 0.0  0.667870  0.497583  0.658537  0.612192  0.947702  0.536461  0.797775  0.611547  0.605432  0.557525  0.696475  0.695471  0.452029  0.525287  0.762865  0.546565  0.318031  0.861421  0.710661  0.770015  0.740180  0.381722  0.546870  0.617283  0.454857  0.409109  0.735856  0.786116  0.799709  0.700505  0.355480  0.888008  0.709499  0.941391  0.567690  0.642295  0.604873  0.627227  0.638097  0.799685  0.704722  0.935004  0.521598  0.713132  0.654918  0.437699  0.813762  0.714236  0.723507  0.745271  0.436908  0.442283  0.395718  0.501060  0.693160  0.742145  0.594081  0.656166  0.333506  0.221879  0.311502  0.472587  0.507373  0.227664  0.244415  0.301015  0.485933  0.498254  0.583853  0.254992  0.254429  0.476089  0.257575  0.545578  0.453507  0.758426  0.356613 
12  0.606337  0.388577  0.693729  0.710730  0.553742  0.631493  0.696903  0.708556  0.471999  0.849460  0.617870  0.667870 0.0  0.799180  0.717606  0.738990  0.848775  0.783907  0.742654  0.674314  0.607192  0.663026  0.604499  0.690319  0.803628  0.599839  0.759061  0.833641  0.855455  0.503133  0.650564  0.776990  0.666567  0.658102  0.645815  0.671332  0.793935  0.620401  0.678425  0.779291  0.648886  0.653612  0.689117  0.449739  0.692550  0.531793  0.700226  0.383061  0.680283  0.753876  0.683229  0.734504  0.714476  0.771714  0.787695  0.380207  0.697391  0.819731  0.649281  0.759162  0.638783  0.413114  0.749145  0.748858  0.744026  0.842356  0.606831  0.611203  0.621216  0.620709  0.764049  0.801795  0.849966  0.718804  0.503194  0.731998  0.853032  0.746821  0.754090  0.802650  0.709198  0.733639  0.614065  0.790730  0.806462  0.828873  0.924961  0.511343  0.837780 
13  0.720772  0.844378  0.724404  0.917457  0.696610  0.575957  0.799178  0.822672  0.779889  0.435133  0.730207  0.497583  0.799180 0.0  0.868708  0.551203  0.900424  0.540087  0.768486  0.686409  0.751348  0.284284  0.658753  0.752740  0.325397  0.393125  0.934831  0.628969  0.397736  0.835551  0.876155  0.861287  0.847959  0.554411  0.498993  0.517932  0.336767  0.584232  0.785573  0.622867  0.826543  0.732026  0.463140  0.842612  0.827562  0.771833  0.640032  0.774828  0.640695  0.543838  0.715040  0.726342  0.742029  0.696751  0.339579  0.869363  0.820577  0.551859  0.741961  0.794155  0.870545  0.830534  0.533296  0.300132  0.412242  0.392942  0.797095  0.778064  0.740275  0.807961  0.332323  0.513007  0.395964  0.383605  0.617696  0.468526  0.442560  0.408804  0.497618  0.579980  0.533959  0.466940  0.509987  0.305675  0.465479  0.572026  0.285333  0.847640  0.387092 
14  0.545147  0.795562  0.684085  0.456590  0.567607  0.704396  0.786102  0.515831  0.711142  0.743762  0.675324  0.658537  0.717606  0.868708 0.0  0.695137  0.873326  0.666790  0.385785  0.438051  0.549302  0.708235  0.628487  0.424676  0.802283  0.761267  0.736965  0.687243  0.657806  0.784172  0.462291  0.426623  0.749728  0.736526  0.697993  0.653041  0.741710  0.628320  0.350967  0.841584  0.646738  0.686784  0.712372  0.692482  0.447010  0.717784  0.681273  0.779389  0.460674  0.681623  0.666870  0.519233  0.479496  0.797432  0.767335  0.654719  0.614880  0.754730  0.489412  0.469347  0.277146  0.727639  0.709766  0.799174  0.793413  0.630746  0.542285  0.448107  0.654131  0.646138  0.622213  0.692089  0.779672  0.747348  0.594387  0.656534  0.680575  0.632182  0.670372  0.636015  0.735568  0.657414  0.709273  0.898752  0.742617  0.741183  0.734698  0.758741  0.751141 
15  0.853226  0.750671  0.728284  0.750994  0.716380  0.260645  0.657215  0.782764  0.795876  0.666474  0.745354  0.612192  0.738990  0.551203  0.695137 0.0  0.865780  0.423110  0.721695  0.714768  0.572041  0.611190  0.554593  0.842732  0.672406  0.622595  0.953942  0.311536  0.581746  0.894255  0.713685  0.687938  0.775237  0.578116  0.323551  0.403536  0.552541  0.679793  0.770173  0.701379  0.705907  0.689519  0.628860  0.776423  0.894764  0.827433  0.594700  0.778664  0.738216  0.424840  0.743724  0.673285  0.799880  0.695063  0.549620  0.813236  0.716771  0.427672  0.707539  0.824761  0.689685  0.731523  0.498428  0.616291  0.693212  0.599533  0.690893  0.744698  0.671533  0.763913  0.628282  0.535317  0.650547  0.666284  0.522993  0.559782  0.612675  0.546893  0.481987  0.472126  0.290246  0.576038  0.597810  0.619546  0.599821  0.327531  0.652425  0.884402  0.567162 
16  0.721986  0.745161  0.818225  0.901664  0.779388  0.884587  0.712053  0.925866  0.682861  0.992721  0.779466  0.947702  0.848775  0.900424  0.873326  0.865780 0.0  0.957831  0.837892  0.738316  0.853989  0.816149  0.845371  0.847953  0.837244  0.858422  0.089234  0.790213  0.925654  0.763806  0.769885  0.797151  0.803844  0.770133  0.820142  0.776847  0.916116  0.818584  0.936225  0.875150  0.763361  0.753629  0.949739  0.859991  0.774719  0.810674  0.796778  0.807555  0.841580  0.725213  0.864837  0.880096  0.902663  0.262810  0.867171  0.648022  0.811029  0.846297  0.767351  0.854110  0.890045  0.887045  0.850613  0.905498  0.978250  0.890027  0.769470  0.829968  0.746201  0.732322  0.859050  0.820045  0.830554  0.948723  0.786541  0.904688  0.877964  0.858926  0.778419  0.907741  0.778909  0.798128  0.833434  0.926848  0.848733  0.909744  0.868057  0.810778  0.941902 
17  0.675403  0.784031  0.809182  0.764886  0.686975  0.368919  0.762526  0.819560  0.785423  0.605581  0.717440  0.536461  0.783907  0.540087  0.666790  0.423110  0.957831 0.0  0.761947  0.631452  0.750037  0.500318  0.642263  0.607797  0.594103  0.548142  0.780349  0.436346  0.641814  0.754869  0.776959  0.696442  0.781728  0.641791  0.285699  0.406199  0.573950  0.686599  0.757099  0.736246  0.646035  0.663585  0.652865  0.863814  0.831122  0.759890  0.536299  0.774537  0.658354  0.270774  0.748678  0.690223  0.857013  0.747670  0.577064  0.760349  0.689465  0.399085  0.676021  0.647851  0.725105  0.789951  0.336739  0.660993  0.519727  0.623035  0.675340  0.807652  0.673870  0.841554  0.463710  0.644749  0.583431  0.541169  0.576932  0.530053  0.611254  0.416836  0.426827  0.233256  0.465230  0.629862  0.617575  0.582000  0.566399  0.483226  0.504331  0.865990  0.540634 
18  0.525345  0.805861  0.748372  0.446943  0.764436  0.612613  0.686414  0.522214  0.686489  0.762388  0.689541  0.797775  0.742654  0.768486  0.385785  0.721695  0.837892  0.761947 0.0  0.337734  0.636188  0.797182  0.633519  0.192478  0.811998  0.664239  0.831965  0.740382  0.797634  0.833312  0.611438  0.213356  0.797513  0.834084  0.706776  0.637146  0.691938  0.726981  0.338588  0.774404  0.763356  0.814039  0.697333  0.783291  0.617950  0.845618  0.577610  0.730702  0.508815  0.756129  0.657400  0.554320  0.557592  0.790272  0.775983  0.777797  0.565363  0.756093  0.437888  0.616760  0.192333  0.754373  0.721234  0.762832  0.721614  0.679433  0.799878  0.577649  0.739094  0.651503  0.683800  0.805142  0.787326  0.745655  0.503167  0.767863  0.673518  0.735048  0.700518  0.709275  0.832955  0.738060  0.637567  0.736685  0.777961  0.795260  0.776193  0.844466  0.725812 
19  0.546810  0.796562  0.685201  0.519749  0.583556  0.536267  0.685605  0.525010  0.661976  0.647553  0.737864  0.611547  0.674314  0.686409  0.438051  0.714768  0.738316  0.631452  0.337734 0.0  0.623019  0.654001  0.638520  0.462918  0.597425  0.597282  0.864235  0.705354  0.696909  0.715100  0.423270  0.423913  0.741606  0.768993  0.602039  0.676550  0.619657  0.702628  0.543373  0.734359  0.720902  0.819271  0.633383  0.797222  0.459817  0.762218  0.554053  0.651507  0.375543  0.504516  0.750212  0.414613  0.485682  0.741340  0.638323  0.815403  0.703710  0.573851  0.325756  0.481903  0.496300  0.735379  0.617729  0.762197  0.631650  0.581534  0.595174  0.434540  0.732348  0.696112  0.664028  0.621029  0.717541  0.579926  0.460901  0.637011  0.617321  0.749824  0.640799  0.540262  0.720913  0.714558  0.599118  0.617296  0.624734  0.570498  0.647747  0.792978  0.784471 
20  0.641022  0.724920  0.421589  0.577615  0.269840  0.649145  0.700806  0.607427  0.759820  0.620789  0.364550  0.605432  0.607192  0.751348  0.549302  0.572041  0.853989  0.750037  0.636188  0.623019 0.0  0.680418  0.277614  0.565440  0.727321  0.581451  0.837589  0.655642  0.689962  0.592587  0.590484  0.614409  0.694010  0.580115  0.710226  0.733527  0.795894  0.555005  0.531261  0.661820  0.765570  0.585408  0.587676  0.726047  0.594014  0.586708  0.345368  0.594853  0.581684  0.594854  0.347780  0.697070  0.663270  0.718792  0.891135  0.597295  0.293928  0.675824  0.618092  0.712356  0.599974  0.601392  0.656188  0.749921  0.690072  0.730512  0.666869  0.696365  0.536913  0.663804  0.729188  0.715516  0.683025  0.588229  0.509964  0.573506  0.721652  0.593450  0.640834  0.635186  0.705086  0.677999  0.631714  0.712956  0.771113  0.740809  0.651709  0.527272  0.732773 
21  0.876006  0.785835  0.711894  0.726884  0.586617  0.658006  0.730423  0.668436  0.807983  0.389724  0.707443  0.557525  0.663026  0.284284  0.708235  0.611190  0.816149  0.500318  0.797182  0.654001  0.680418 0.0  0.699400  0.863283  0.451173  0.365278  0.942035  0.630689  0.451676  0.763753  0.770953  0.752499  0.778423  0.509345  0.620787  0.477638  0.243898  0.480071  0.852690  0.755940  0.806981  0.810767  0.411718  0.889909  0.822362  0.752565  0.593820  0.729197  0.778156  0.492235  0.765690  0.710577  0.775172  0.890977  0.244472  0.817620  0.592925  0.425107  0.813889  0.736022  0.733654  0.853143  0.487004  0.395682  0.503740  0.356767  0.658399  0.731992  0.627648  0.722888  0.547314  0.332064  0.456882  0.437166  0.669245  0.400308  0.349418  0.307050  0.379595  0.602166  0.568387  0.484562  0.511163  0.331253  0.410694  0.485858  0.261185  0.787468  0.380625 
22  0.647622  0.757664  0.421401  0.628328  0.355651  0.550289  0.710098  0.692085  0.658208  0.742880  0.232972  0.696475  0.604499  0.658753  0.628487  0.554593  0.845371  0.642263  0.633519  0.638520  0.277614  0.699400 0.0  0.592332  0.781799  0.703141  0.909176  0.687120  0.664299  0.725456  0.541758  0.546656  0.734388  0.734550  0.633166  0.606016  0.658122  0.581385  0.570820  0.774174  0.692860  0.682723  0.634106  0.643467  0.664134  0.750849  0.459294  0.640433  0.676957  0.597378  0.411453  0.556156  0.736274  0.754836  0.627186  0.666318  0.151589  0.670416  0.477761  0.701180  0.517333  0.605503  0.702755  0.791208  0.674851  0.626088  0.662432  0.677353  0.372179  0.654329  0.624738  0.645788  0.698414  0.656298  0.442396  0.666699  0.711050  0.614286  0.503599  0.716804  0.732660  0.635779  0.570867  0.654068  0.777254  0.702238  0.746425  0.829498  0.727176 
23  0.543216  0.742029  0.744406  0.550627  0.518378  0.662439  0.771105  0.509967  0.741997  0.854840  0.576258  0.695471  0.690319  0.752740  0.424676  0.842732  0.847953  0.607797  0.192478  0.462918  0.565440  0.863283  0.592332 0.0  0.803594  0.749514  0.868665  0.780775  0.832524  0.710447  0.498565  0.311223  0.796646  0.691870  0.696410  0.753783  0.764496  0.763656  0.191233  0.656065  0.694674  0.791801  0.745299  0.870545  0.528121  0.756632  0.564770  0.746957  0.418182  0.829748  0.621404  0.417419  0.547328  0.800702  0.753231  0.713392  0.567837  0.746348  0.344631  0.520979  0.225611  0.733344  0.701923  0.795562  0.800093  0.817931  0.629656  0.612862  0.567554  0.655478  0.777669  0.738273  0.861317  0.746837  0.431474  0.725839  0.832537  0.609916  0.716957  0.698968  0.828511  0.703369  0.843664  0.797032  0.806834  0.700923  0.881611  0.651873  0.793620 
24  0.759086  0.814468  0.666042  0.746900  0.714880  0.559315  0.725451  0.787411  0.780410  0.416442  0.719212  0.452029  0.803628  0.325397  0.802283  0.672406  0.837244  0.594103  0.811998  0.597425  0.727321  0.451173  0.781799  0.803594 0.0  0.444695  0.855554  0.565312  0.307490  0.836834  0.724261  0.804548  0.761073  0.575570  0.622638  0.606116  0.223810  0.491850  0.809406  0.827125  0.805657  0.757596  0.356399  0.846171  0.778247  0.691967  0.732255  0.808924  0.743779  0.606017  0.705333  0.802931  0.749945  0.841372  0.321290  0.917207  0.857386  0.630201  0.731135  0.652737  0.752308  0.876090  0.575937  0.259092  0.456555  0.389532  0.768110  0.757120  0.685042  0.796006  0.291429  0.437543  0.430057  0.515163  0.504962  0.490352  0.386026  0.358724  0.466451  0.617397  0.610093  0.543516  0.647505  0.328273  0.445220  0.589483  0.257659  0.864478  0.362518 
25  0.829851  0.708091  0.713905  0.750499  0.608554  0.517467  0.584406  0.834447  0.702410  0.498403  0.818624  0.525287  0.599839  0.393125  0.761267  0.622595  0.858422  0.548142  0.664239  0.597282  0.581451  0.365278  0.703141  0.749514  0.444695 0.0  0.836362  0.505978  0.480397  0.775624  0.655753  0.718116  0.778855  0.471967  0.450692  0.518075  0.354576  0.484819  0.702674  0.831590  0.715644  0.684675  0.515599  0.613453  0.769489  0.670736  0.625929  0.603844  0.742366  0.526244  0.700925  0.672920  0.699539  0.784019  0.441025  0.757324  0.621136  0.527780  0.772128  0.721580  0.752243  0.865042  0.541442  0.431412  0.383060  0.551331  0.720264  0.758924  0.454683  0.757388  0.431567  0.389289  0.561341  0.318400  0.474962  0.339079  0.421249  0.158224  0.306007  0.508218  0.558559  0.409734  0.453911  0.516934  0.588070  0.449027  0.442184  0.831523  0.384916 
26  0.945028  0.831660  0.671459  0.808027  0.894886  0.888454  0.857800  0.824210  0.629130  0.945694  0.820694  0.762865  0.759061  0.934831  0.736965  0.953942  0.089234  0.780349  0.831965  0.864235  0.837589  0.942035  0.909176  0.868665  0.855554  0.836362 0.0  0.825591  0.974759  0.777018  0.664241  0.890711  0.900365  0.838418  0.818854  0.696296  0.910497  0.778671  0.822078  0.820845  0.833378  0.872957  0.956453  0.787327  0.838379  0.786486  0.820506  0.814369  0.769602  0.753471  0.799382  0.780478  0.896213  0.251920  0.816467  0.776437  0.859879  0.891376  0.775561  0.891863  0.825629  0.899908  0.861774  0.898274  0.913964  0.977637  0.797503  0.854864  0.912617  0.897584  0.823723  0.867043  0.909960  0.792054  0.877040  0.824307  0.808146  0.889283  0.956636  0.786068  0.855419  0.927445  0.813919  0.929317  0.961526  0.809631  0.796327  0.800686  0.962148 
27  0.808176  0.833063  0.649937  0.777873  0.700465  0.320069  0.675751  0.829965  0.771851  0.530527  0.707296  0.546565  0.833641  0.628969  0.687243  0.311536  0.790213  0.436346  0.740382  0.705354  0.655642  0.630689  0.687120  0.780775  0.565312  0.505978  0.825591 0.0  0.626088  0.708776  0.726844  0.726644  0.812769  0.684689  0.309098  0.433827  0.540487  0.586113  0.770467  0.805585  0.735089  0.903936  0.516748  0.684267  0.937432  0.823461  0.756931  0.741916  0.812890  0.435612  0.627069  0.666229  0.790448  0.852325  0.511055  0.778314  0.651923  0.408421  0.705212  0.762922  0.702658  0.746823  0.407050  0.588936  0.498655  0.493370  0.687178  0.752346  0.722588  0.637605  0.639950  0.595507  0.572088  0.637037  0.593024  0.606926  0.637455  0.520205  0.461161  0.431997  0.310222  0.650737  0.597855  0.659189  0.553591  0.250084  0.546954  0.940234  0.577275 
28  0.742916  0.737974  0.733772  0.702489  0.605264  0.546735  0.732809  0.725616  0.738152  0.317346  0.695446  0.318031  0.855455  0.397736  0.657806  0.581746  0.925654  0.641814  0.797634  0.696909  0.689962  0.451676  0.664299  0.832524  0.307490  0.480397  0.974759  0.626088 0.0  0.772569  0.749202  0.712468  0.749079  0.371645  0.579677  0.541845  0.409537  0.379014  0.751250  0.745630  0.653214  0.787398  0.354478  0.766365  0.737891  0.699547  0.642869  0.743982  0.824706  0.574100  0.684674  0.735240  0.722291  0.823870  0.490288  0.732973  0.712316  0.624893  0.686111  0.745804  0.886349  0.777970  0.548788  0.507978  0.410423  0.472351  0.654796  0.771297  0.666678  0.717776  0.316494  0.315682  0.222123  0.476930  0.536777  0.277179  0.203483  0.265745  0.412681  0.642349  0.665669  0.234777  0.322957  0.451154  0.289622  0.675429  0.431620  0.774811  0.486700 
29  0.572675  0.306234  0.591383  0.705247  0.707298  0.675349  0.671974  0.644573  0.340119  0.932038  0.738186  0.861421  0.503133  0.835551  0.784172  0.894255  0.763806  0.754869  0.833312  0.715100  0.592587  0.763753  0.725456  0.710447  0.836834  0.775624  0.777018  0.708776  0.772569 0.0  0.627307  0.782425  0.661469  0.696720  0.810205  0.813535  0.757922  0.711446  0.731822  0.688711  0.666751  0.602586  0.828252  0.191423  0.701539  0.291775  0.586298  0.310659  0.709742  0.816186  0.653491  0.696368  0.746413  0.825559  0.754220  0.520230  0.742498  0.762675  0.735033  0.716556  0.765919  0.412400  0.812753  0.855489  0.879140  0.742351  0.633664  0.757961  0.640383  0.731628  0.848457  0.762827  0.832913  0.703828  0.504368  0.771241  0.770171  0.740138  0.670929  0.707398  0.809942  0.711013  0.744794  0.806474  0.834508  0.780142  0.835437  0.350156  0.732386 
30  0.423013  0.551723  0.670840  0.511738  0.568994  0.817865  0.530430  0.463032  0.637880  0.883132  0.736923  0.710661  0.650564  0.876155  0.462291  0.713685  0.769885  0.776959  0.611438  0.423270  0.590484  0.770953  0.541758  0.498565  0.724261  0.655753  0.664241  0.726844  0.749202  0.627307 0.0  0.445340  0.697092  0.679552  0.807621  0.812729  0.761176  0.740130  0.539996  0.696156  0.646341  0.671070  0.772232  0.593259  0.389164  0.576738  0.617741  0.659410  0.482045  0.732216  0.727782  0.546234  0.476478  0.805422  0.771696  0.512163  0.715988  0.646103  0.535508  0.460116  0.524646  0.701882  0.692392  0.719791  0.809134  0.816252  0.555076  0.448235  0.465017  0.678847  0.865235  0.577017  0.817114  0.628173  0.383069  0.730979  0.829218  0.547902  0.770671  0.697147  0.754816  0.669742  0.731192  0.798734  0.675736  0.652882  0.676559  0.575568  0.708699 
31  0.511796  0.738039  0.628697  0.375257  0.598019  0.682812  0.744281  0.532003  0.754633  0.861489  0.617509  0.770015  0.776990  0.861287  0.426623  0.687938  0.797151  0.696442  0.213356  0.423913  0.614409  0.752499  0.546656  0.311223  0.804548  0.718116  0.890711  0.726644  0.712468  0.782425  0.445340 0.0  0.679142  0.788343  0.748369  0.809667  0.761602  0.747469  0.223368  0.774204  0.682160  0.617504  0.764850  0.753248  0.603356  0.790836  0.658523  0.738080  0.454264  0.739550  0.636343  0.421492  0.573696  0.783842  0.705269  0.713103  0.606611  0.894232  0.535587  0.525142  0.355095  0.815967  0.824011  0.764894  0.690690  0.810653  0.624442  0.533713  0.647539  0.759857  0.743145  0.641749  0.787481  0.697310  0.470325  0.781262  0.774127  0.517545  0.748892  0.783697  0.812462  0.769431  0.684358  0.713178  0.826032  0.693277  0.837410  0.685332  0.825606 
32  0.655522  0.630311  0.726040  0.605381  0.773533  0.738054  0.661644  0.591407  0.638120  0.816963  0.708662  0.740180  0.666567  0.847959  0.749728  0.775237  0.803844  0.781728  0.797513  0.741606  0.694010  0.778423  0.734388  0.796646  0.761073  0.778855  0.900365  0.812769  0.749079  0.661469  0.697092  0.679142 0.0  0.694824  0.631075  0.906447  0.708359  0.735586  0.668980  0.416212  0.391915  0.157966  0.741733  0.560472  0.726988  0.681353  0.738843  0.743991  0.690466  0.735032  0.740928  0.654460  0.616036  0.846027  0.722599  0.719537  0.659637  0.798728  0.628247  0.673552  0.685850  0.550955  0.744833  0.765123  0.837329  0.930625  0.618993  0.592261  0.707313  0.620476  0.745403  0.604506  0.840905  0.715196  0.506121  0.748962  0.738813  0.737187  0.677667  0.904372  0.651883  0.579286  0.703577  0.735994  0.730545  0.785093  0.854051  0.619076  0.762591 
33  0.666819  0.783226  0.589602  0.721346  0.620128  0.583519  0.687763  0.730553  0.719562  0.556676  0.646433  0.381722  0.658102  0.554411  0.736526  0.578116  0.770133  0.641791  0.834084  0.768993  0.580115  0.509345  0.734550  0.691870  0.575570  0.471967  0.838418  0.684689  0.371645  0.696720  0.679552  0.788343  0.694824 0.0  0.630137  0.635293  0.457425  0.138663  0.720161  0.682315  0.677180  0.639096  0.393258  0.799439  0.736923  0.666889  0.750928  0.635465  0.700773  0.594755  0.595107  0.784978  0.714319  0.750074  0.530228  0.723837  0.597229  0.606982  0.647462  0.717050  0.665122  0.639008  0.506128  0.530521  0.487141  0.538906  0.565384  0.696193  0.677211  0.597472  0.545017  0.347257  0.426760  0.556096  0.538711  0.429347  0.483609  0.263369  0.469178  0.620474  0.671913  0.275557  0.397979  0.616826  0.501153  0.575898  0.453143  0.556565  0.556683 
34  0.729839  0.721912  0.644644  0.664080  0.638011  0.290660  0.598056  0.673239  0.776303  0.506762  0.629985  0.546870  0.645815  0.498993  0.697993  0.323551  0.820142  0.285699  0.706776  0.602039  0.710226  0.620787  0.633166  0.696410  0.622638  0.450692  0.818854  0.309098  0.579677  0.810205  0.807621  0.748369  0.631075  0.630137 0.0  0.278923  0.553326  0.621054  0.666752  0.730870  0.745394  0.720086  0.487166  0.791056  0.792547  0.827286  0.632680  0.767832  0.836841  0.268931  0.739797  0.621038  0.732226  0.771104  0.591530  0.766077  0.769464  0.387577  0.737476  0.847602  0.722879  0.784534  0.397702  0.618030  0.530976  0.508333  0.719791  0.766147  0.585889  0.761122  0.544739  0.585976  0.664489  0.480217  0.557418  0.451995  0.588205  0.380952  0.539630  0.369934  0.180465  0.558485  0.580810  0.556488  0.646059  0.274511  0.613546  0.780188  0.491956 
35  0.781686  0.746774  0.658923  0.690816  0.672051  0.389315  0.742855  0.899625  0.753908  0.588013  0.680672  0.617283  0.671332  0.517932  0.653041  0.403536  0.776847  0.406199  0.637146  0.676550  0.733527  0.477638  0.606016  0.753783  0.606116  0.518075  0.696296  0.433827  0.541845  0.813535  0.812729  0.809667  0.906447  0.635293  0.278923 0.0  0.392704  0.602795  0.705443  0.825762  0.746270  0.674821  0.596155  0.734234  0.848472  0.779360  0.792443  0.716812  0.688713  0.207036  0.711171  0.692895  0.802463  0.757153  0.508314  0.883385  0.686271  0.318072  0.588303  0.771416  0.738523  0.832486  0.318143  0.471533  0.430864  0.556315  0.785185  0.811598  0.737215  0.662196  0.472226  0.588828  0.524502  0.636450  0.614555  0.552914  0.559870  0.475322  0.651116  0.210726  0.390379  0.616510  0.595413  0.601034  0.588111  0.358891  0.574160  0.762675  0.477082 
36  0.825007  0.784128  0.771336  0.834683  0.773640  0.555233  0.751617  0.938906  0.791993  0.417547  0.554303  0.454857  0.793935  0.336767  0.741710  0.552541  0.916116  0.573950  0.691938  0.619657  0.795894  0.243898  0.658122  0.764496  0.223810  0.354576  0.910497  0.540487  0.409537  0.757922  0.761176  0.761602  0.708359  0.457425  0.553326  0.392704 0.0  0.472544  0.693464  0.898881  0.812844  0.801347  0.424975  0.906699  0.849710  0.845144  0.767870  0.832328  0.655848  0.576246  0.611816  0.871811  0.872651  0.939091  0.179606  0.729692  0.618973  0.600709  0.896412  0.790121  0.756136  0.822136  0.557297  0.361244  0.333543  0.201219  0.834139  0.949293  0.747981  0.729940  0.523233  0.404594  0.367885  0.396289  0.729899  0.521878  0.503231  0.330490  0.425845  0.495053  0.597131  0.580219  0.467113  0.232470  0.386111  0.462335  0.283128  0.952109  0.300709 
37  0.768007  0.718567  0.634255  0.570380  0.741401  0.702875  0.654955  0.694127  0.644335  0.381428  0.652668  0.409109  0.620401  0.584232  0.628320  0.679793  0.818584  0.686599  0.726981  0.702628  0.555005  0.480071  0.581385  0.763656  0.491850  0.484819  0.778671  0.586113  0.379014  0.711446  0.740130  0.747469  0.735586  0.138663  0.621054  0.602795  0.472544 0.0  0.721585  0.645068  0.695614  0.629277  0.371636  0.706321  0.902502  0.689776  0.628886  0.622637  0.563031  0.575811  0.498365  0.724631  0.744997  0.813626  0.593415  0.630378  0.697229  0.528610  0.688298  0.729670  0.682104  0.676759  0.600164  0.531118  0.364004  0.503527  0.574242  0.723382  0.553577  0.667540  0.465028  0.315458  0.324651  0.377478  0.566525  0.309371  0.394668  0.272725  0.539807  0.595061  0.567773  0.280560  0.396663  0.501166  0.436936  0.574566  0.572192  0.754158  0.557545 
38  0.520194  0.760788  0.601672  0.494930  0.534384  0.748562  0.759299  0.397205  0.711001  0.833644  0.676680  0.735856  0.678425  0.785573  0.350967  0.770173  0.936225  0.757099  0.338588  0.543373  0.531261  0.852690  0.570820  0.191233  0.809406  0.702674  0.822078  0.770467  0.751250  0.731822  0.539996  0.223368  0.668980  0.720161  0.666752  0.705443  0.693464  0.721585 0.0  0.672169  0.648660  0.758242  0.693483  0.678560  0.597427  0.704863  0.699226  0.669759  0.422624  0.682293  0.517124  0.504346  0.447061  0.755333  0.813175  0.690818  0.602187  0.671156  0.531606  0.558324  0.370907  0.693376  0.788593  0.839510  0.656414  0.667556  0.615414  0.590018  0.628320  0.692942  0.828049  0.716190  0.756544  0.734605  0.514629  0.840213  0.752317  0.666543  0.704803  0.671373  0.698861  0.652947  0.713350  0.837753  0.979567  0.726966  0.931853  0.665096  0.858062 
39  0.583609  0.584751  0.654998  0.733829  0.625552  0.822554  0.726014  0.545622  0.755925  0.779169  0.666608  0.786116  0.779291  0.622867  0.841584  0.701379  0.875150  0.736246  0.774404  0.734359  0.661820  0.755940  0.774174  0.656065  0.827125  0.831590  0.820845  0.805585  0.745630  0.688711  0.696156  0.774204  0.416212  0.682315  0.730870  0.825762  0.898881  0.645068  0.672169 0.0  0.348702  0.428807  0.908956  0.699638  0.742710  0.695910  0.682886  0.793910  0.745071  0.765145  0.736160  0.836876  0.610857  0.942106  0.719308  0.623832  0.816456  0.719609  0.711251  0.606834  0.759237  0.714767  0.743769  0.751638  0.872175  0.746997  0.626998  0.560243  0.623849  0.684839  0.755221  0.724891  0.782721  0.773275  0.549668  0.708818  0.927618  0.654494  0.792709  0.785429  0.752855  0.725450  0.760209  0.883809  0.771259  0.897734  0.802351  0.675580  0.901790 
40  0.712002  0.646686  0.580829  0.589113  0.601774  0.716523  0.591698  0.661406  0.614233  0.803326  0.597434  0.799709  0.648886  0.826543  0.646738  0.705907  0.763361  0.646035  0.763356  0.720902  0.765570  0.806981  0.692860  0.694674  0.805657  0.715644  0.833378  0.735089  0.653214  0.666751  0.646341  0.682160  0.391915  0.677180  0.745394  0.746270  0.812844  0.695614  0.648660  0.348702 0.0  0.318679  0.745339  0.604677  0.563697  0.640394  0.577234  0.666858  0.682695  0.715588  0.741220  0.634539  0.634917  0.757206  0.926000  0.539522  0.828375  0.759134  0.700833  0.725553  0.822756  0.715731  0.853027  0.703090  0.835657  0.812368  0.582923  0.655452  0.663923  0.726997  0.730978  0.616470  0.764422  0.745330  0.583757  0.706297  0.806105  0.709332  0.665747  0.777979  0.641660  0.683740  0.698634  0.743822  0.840101  0.705805  0.720445  0.709316  0.760552 
41  0.664579  0.566862  0.617053  0.685178  0.655795  0.812636  0.705550  0.585590  0.661887  0.883735  0.638115  0.700505  0.653612  0.732026  0.686784  0.689519  0.753629  0.663585  0.814039  0.819271  0.585408  0.810767  0.682723  0.791801  0.757596  0.684675  0.872957  0.903936  0.787398  0.602586  0.671070  0.617504  0.157966  0.639096  0.720086  0.674821  0.801347  0.629277  0.758242  0.428807  0.318679 0.0  0.765063  0.641337  0.611185  0.514649  0.643506  0.666687  0.625761  0.806828  0.628973  0.784865  0.586934  0.916563  0.820112  0.563147  0.763547  0.711044  0.679357  0.624756  0.661191  0.790914  0.684121  0.726744  0.748776  0.784363  0.600343  0.626791  0.669271  0.658605  0.816618  0.674944  0.810071  0.678774  0.484425  0.733823  0.870497  0.706648  0.748416  0.822521  0.687430  0.617903  0.747425  0.844262  0.707191  0.681961  0.777681  0.650472  0.727863 
42  0.674878  0.824928  0.751557  0.707431  0.728826  0.502165  0.754377  0.730244  0.771261  0.285664  0.553524  0.355480  0.689117  0.463140  0.712372  0.628860  0.949739  0.652865  0.697333  0.633383  0.587676  0.411718  0.634106  0.745299  0.356399  0.515599  0.956453  0.516748  0.354478  0.828252  0.772232  0.764850  0.741733  0.393258  0.487166  0.596155  0.424975  0.371636  0.693483  0.908956  0.745339  0.765063 0.0  0.796047  0.926761  0.864307  0.640863  0.739929  0.666715  0.547707  0.681328  0.659109  0.853415  0.938961  0.397770  0.808190  0.764499  0.522420  0.756678  0.722911  0.632377  0.791778  0.574448  0.399496  0.335826  0.344734  0.760452  0.746149  0.702863  0.699213  0.400557  0.287280  0.223064  0.518173  0.427377  0.352980  0.340492  0.251248  0.469374  0.579597  0.538411  0.437810  0.367888  0.366503  0.279947  0.516811  0.423916  0.784274  0.512960 
43  0.807767  0.421724  0.571919  0.668531  0.687327  0.747354  0.624913  0.715625  0.507259  0.897485  0.592380  0.888008  0.449739  0.842612  0.692482  0.776423  0.859991  0.863814  0.783291  0.797222  0.726047  0.889909  0.643467  0.870545  0.846171  0.613453  0.787327  0.684267  0.766365  0.191423  0.593259  0.753248  0.560472  0.799439  0.791056  0.734234  0.906699  0.706321  0.678560  0.699638  0.604677  0.641337  0.796047 0.0  0.668208  0.197095  0.647625  0.263058  0.783426  0.707553  0.646181  0.794708  0.674672  0.883405  0.833296  0.391835  0.754122  0.758294  0.741584  0.753000  0.814475  0.275765  0.751065  0.805610  0.880943  0.745332  0.612191  0.728272  0.714680  0.720048  0.794664  0.669977  0.780801  0.711937  0.557840  0.878112  0.816164  0.740149  0.595537  0.754027  0.852930  0.804441  0.761928  0.776602  0.840512  0.777756  0.753709  0.389312  0.730304 
44  0.319411  0.742243  0.662013  0.440344  0.565081  0.823808  0.734815  0.194137  0.704015  0.846840  0.635192  0.709499  0.692550  0.827562  0.447010  0.894764  0.774719  0.831122  0.617950  0.459817  0.594014  0.822362  0.664134  0.528121  0.778247  0.769489  0.838379  0.937432  0.737891  0.701539  0.389164  0.603356  0.726988  0.736923  0.792547  0.848472  0.849710  0.902502  0.597427  0.742710  0.563697  0.611185  0.926761  0.668208 0.0  0.660406  0.688687  0.639417  0.425605  0.910700  0.811331  0.371618  0.188239  0.894786  0.719833  0.613219  0.719232  0.808758  0.423701  0.317458  0.676772  0.676299  0.839950  0.723361  0.905844  0.871473  0.648345  0.337746  0.600477  0.805958  0.838119  0.624503  0.825819  0.819896  0.457411  0.654905  0.711269  0.741846  0.683512  0.825321  0.879896  0.725815  0.619796  0.830295  0.783566  0.844728  0.908795  0.708551  0.883753 
