89
0 0.0  0.741035  0.567705  0.296935  0.655206  0.753376  0.689131  0.357320  0.609681  0.810194  0.592703  0.726765  0.583144  0.779178  0.610972  0.655766  0.891236  0.736505  0.534583  0.473454  0.563849  0.746042  0.633218  0.569208  0.775825  0.678059  0.861833  0.740416  0.723477  0.606690  0.690135  0.418730  0.661607  0.708443  0.789598  0.769209  0.770777  0.671416  0.539948  0.690481  0.594003  0.557076  0.727387  0.723204  0.285520  0.668020  0.586549  0.648555  0.374312  0.657744  0.623563  0.369954  0.373063  0.870011  0.809435  0.743679  0.609445  0.751757  0.335548  0.233007  0.389822  0.631743  0.687341  0.725750  0.735734  0.838539  0.586494  0.364470  0.559147  0.537016  0.732000  0.695658  0.701107  0.730502  0.503572  0.600970  0.710115  0.566766  0.593513  0.764716  0.676796  0.639077  0.698552  0.897041  0.775824  0.774469  0.680222  0.692753  0.699478 
1  0.741035 0.0  0.616257  0.627578  0.602741  0.796012  0.691836  0.567761  0.275702  0.680902  0.677143  0.651988  0.392779  0.786334  0.661388  0.790818  0.692066  0.816236  0.784223  0.700277  0.561301  0.691329  0.532511  0.576617  0.746472  0.652541  0.788990  0.693083  0.788355  0.374609  0.634993  0.657314  0.546934  0.719322  0.799349  0.820113  0.790933  0.637514  0.680498  0.626464  0.540653  0.587865  0.650666  0.246377  0.714195  0.318275  0.623866  0.234434  0.552007  0.759129  0.568172  0.776035  0.528435  0.762671  0.779127  0.344018  0.643064  0.725975  0.658929  0.640878  0.655836  0.275983  0.749468  0.701083  0.777921  0.792446  0.474499  0.654782  0.463979  0.648414  0.776481  0.627039  0.698983  0.651514  0.523190  0.709825  0.728085  0.636143  0.748752  0.818122  0.737811  0.643201  0.669071  0.735480  0.719336  0.714481  0.818943  0.313493  0.752138 
2  0.567705  0.616257 0.0  0.548709  0.392277  0.613425  0.585586  0.648387  0.591520  0.730043  0.343989  0.523858  0.603403  0.702840  0.588422  0.560939  0.728316  0.693451  0.646223  0.584520  0.398643  0.660782  0.455006  0.477670  0.748344  0.760232  0.659047  0.609808  0.664634  0.434213  0.754323  0.649694  0.585577  0.609460  0.603126  0.599751  0.621291  0.588083  0.538973  0.680355  0.629009  0.631278  0.724890  0.585992  0.614546  0.552225  0.461360  0.557155  0.704234  0.679621  0.386016  0.690634  0.633903  0.745537  0.698825  0.582786  0.408407  0.641759  0.534891  0.505547  0.559802  0.493774  0.685966  0.734200  0.784066  0.758203  0.571580  0.633887  0.193867  0.674410  0.767841  0.704628  0.760453  0.676440  0.531907  0.683092  0.693708  0.613594  0.741457  0.621514  0.701816  0.556030  0.590457  0.779993  0.733667  0.622426  0.740550  0.615695  0.695856 
3  0.296935  0.627578  0.548709 0.0  0.557057  0.738020  0.587032  0.468584  0.723923  0.795144  0.602909  0.744771  0.595265  0.765643  0.321350  0.555348  0.852911  0.728275  0.452787  0.487756  0.594073  0.714739  0.568977  0.423612  0.834383  0.649070  0.861999  0.708695  0.685005  0.672946  0.463060  0.369404  0.651107  0.603613  0.737235  0.689601  0.649405  0.679181  0.382868  0.585056  0.559904  0.638443  0.591594  0.627469  0.457060  0.705671  0.625721  0.649125  0.211981  0.679918  0.593710  0.449404  0.294665  0.781711  0.829033  0.659112  0.640370  0.717989  0.401027  0.335510  0.350817  0.585511  0.520386  0.772525  0.810492  0.828486  0.572777  0.326429  0.477696  0.578230  0.813867  0.621990  0.688662  0.691632  0.483660  0.592781  0.663116  0.646523  0.673232  0.554115  0.654945  0.647134  0.626736  0.668580  0.804868  0.657848  0.750392  0.667924  0.824722 
4  0.655206  0.602741  0.392277  0.557057 0.0  0.618658  0.721790  0.551167  0.606095  0.726354  0.273361  0.597534  0.594769  0.682001  0.607055  0.717396  0.718412  0.474961  0.615721  0.667603  0.261197  0.536058  0.225560  0.592977  0.782884  0.629496  0.914306  0.681215  0.777718  0.595264  0.514690  0.507990  0.715832  0.468915  0.554184  0.614593  0.716311  0.632400  0.481328  0.654583  0.547851  0.659267  0.536595  0.550141  0.569536  0.639046  0.346024  0.625278  0.497940  0.636491  0.458167  0.499040  0.618191  0.640804  0.662836  0.557114  0.251762  0.553077  0.642520  0.471181  0.518097  0.514212  0.559478  0.640261  0.686945  0.701067  0.585434  0.560527  0.332507  0.587472  0.752746  0.586089  0.675501  0.548363  0.382775  0.559115  0.548522  0.527933  0.744587  0.633561  0.556266  0.597661  0.551983  0.744763  0.663071  0.622173  0.679364  0.617606  0.691055 
5  0.753376  0.796012  0.613425  0.738020  0.618658 0.0  0.648796  0.836121  0.725999  0.542306  0.585154  0.534007  0.620152  0.592634  0.729686  0.270949  0.910254  0.330799  0.585086  0.393339  0.563238  0.518041  0.563115  0.666385  0.706746  0.542294  0.822186  0.285133  0.549015  0.676764  0.608143  0.659809  0.684302  0.669396  0.258232  0.378051  0.572069  0.552293  0.744276  0.738056  0.740553  0.699108  0.488897  0.764486  0.807292  0.731728  0.658492  0.797411  0.614351  0.380733  0.712041  0.579074  0.748087  0.799591  0.529232  0.721603  0.553131  0.359606  0.665532  0.608924  0.681385  0.658588  0.315288  0.593589  0.503896  0.618211  0.647714  0.774354  0.679020  0.693346  0.569511  0.509639  0.506225  0.532000  0.424249  0.546534  0.589676  0.448735  0.485211  0.320601  0.303921  0.623912  0.498379  0.564187  0.589833  0.325428  0.653262  0.791252  0.572670 
6  0.689131  0.691836  0.585586  0.587032  0.721790  0.648796 0.0  0.582460  0.636143  0.759732  0.569439  0.694136  0.671244  0.632931  0.613152  0.692001  0.588002  0.592509  0.626032  0.712861  0.675338  0.631215  0.621282  0.675916  0.775496  0.605565  0.725178  0.704948  0.709322  0.672146  0.513569  0.637484  0.551064  0.608536  0.673160  0.717827  0.715162  0.549117  0.579827  0.594569  0.693414  0.578971  0.735990  0.584230  0.569211  0.569459  0.678404  0.623645  0.651360  0.686388  0.694239  0.611644  0.560116  0.681132  0.683554  0.513614  0.662103  0.566767  0.652655  0.530920  0.689090  0.549751  0.637885  0.744090  0.744984  0.835215  0.323251  0.552084  0.546154  0.380870  0.737019  0.627172  0.737025  0.625453  0.516688  0.672410  0.675422  0.553473  0.615077  0.569573  0.620643  0.643324  0.701167  0.842814  0.690119  0.619294  0.609838  0.719349  0.701016 
7  0.357320  0.567761  0.648387  0.468584  0.551167  0.836121  0.582460 0.0  0.668482  0.751477  0.655792  0.681733  0.685441  0.742155  0.579018  0.768680  0.811377  0.803013  0.641063  0.429190  0.603657  0.693032  0.647939  0.591351  0.806982  0.751463  0.800919  0.826455  0.655364  0.617967  0.377797  0.650363  0.606464  0.791610  0.743227  0.731863  0.922733  0.609384  0.501138  0.600085  0.423900  0.489542  0.767906  0.694406  0.175861  0.558465  0.552579  0.746115  0.325884  0.795318  0.632365  0.415296  0.123161  0.788439  0.831048  0.659729  0.626606  0.670190  0.284405  0.262193  0.480780  0.640549  0.767056  0.862842  0.835539  0.793414  0.609223  0.264838  0.526397  0.652557  0.727270  0.714417  0.755029  0.713027  0.406697  0.571775  0.704990  0.525362  0.759711  0.762174  0.694164  0.527652  0.701370  0.826192  0.814794  0.687850  0.722782  0.671365  0.774663 
8  0.609681  0.275702  0.591520  0.723923  0.606095  0.725999  0.636143  0.668482 0.0  0.762942  0.647229  0.666431  0.430690  0.831142  0.711897  0.651858  0.818441  0.786211  0.681490  0.563153  0.687941  0.791761  0.633493  0.700890  0.836690  0.705479  0.784890  0.796683  0.821919  0.367815  0.779989  0.658681  0.634134  0.780035  0.726973  0.723235  0.772297  0.611216  0.718792  0.602173  0.658725  0.608271  0.723941  0.390573  0.817096  0.433665  0.640418  0.304652  0.602334  0.794813  0.567433  0.687441  0.803791  0.801521  0.728988  0.405373  0.674344  0.845304  0.688418  0.805256  0.639601  0.297463  0.773366  0.775797  0.732580  0.830140  0.591140  0.676264  0.750564  0.687007  0.805675  0.579767  0.921401  0.669623  0.577887  0.662664  0.723020  0.649198  0.765012  0.662976  0.826537  0.725553  0.720462  0.766257  0.860773  0.896486  0.848216  0.451691  0.729928 
9  0.810194  0.680902  0.730043  0.795144  0.726354  0.542306  0.759732  0.751477  0.762942 0.0  0.645942  0.397664  0.732947  0.383951  0.737356  0.591547  0.818852  0.565871  0.629699  0.674825  0.750952  0.337596  0.692570  0.700134  0.398829  0.526720  0.799521  0.565136  0.343959  0.798820  0.731027  0.750803  0.860347  0.389023  0.527484  0.666513  0.378539  0.377521  0.770794  0.806235  0.849140  0.702475  0.169095  0.811963  0.785781  0.841406  0.642930  0.822903  0.812983  0.508874  0.662552  0.756443  0.853290  0.837717  0.357022  0.813743  0.590351  0.571648  0.692724  0.755221  0.734387  0.724239  0.614832  0.396381  0.150351  0.399157  0.761400  0.808477  0.733332  0.639977  0.313767  0.463510  0.284027  0.456179  0.580156  0.336395  0.350546  0.264258  0.369243  0.619055  0.518446  0.389395  0.409669  0.393758  0.364728  0.478439  0.408685  0.757323  0.347915 
10  0.592703  0.677143  0.343989  0.602909  0.273361  0.585154  0.569439  0.655792  0.647229  0.645942 0.0  0.669505  0.633675  0.606581  0.553288  0.565953  0.751370  0.616458  0.570614  0.676823  0.441328  0.681887  0.296499  0.604453  0.675793  0.710674  0.817427  0.679534  0.711011  0.609057  0.563101  0.618691  0.662453  0.616372  0.591237  0.700999  0.660508  0.609059  0.652637  0.706554  0.550958  0.593940  0.696279  0.625676  0.517150  0.653163  0.376997  0.556710  0.573283  0.573936  0.414978  0.635298  0.639955  0.853882  0.636364  0.525328  0.233125  0.614618  0.598818  0.695857  0.607284  0.597788  0.677520  0.689264  0.704866  0.678763  0.666308  0.632493  0.331021  0.461848  0.558904  0.574923  0.745529  0.532755  0.474028  0.535669  0.695712  0.558764  0.651386  0.623248  0.629271  0.569188  0.584826  0.659424  0.703183  0.731227  0.709327  0.704831  0.708285 
11  0.726765  0.651988  0.523858  0.744771  0.597534  0.534007  0.694136  0.681733  0.666431  0.397664  0.669505 0.0  0.669913  0.365899  0.744968  0.456649  0.793978  0.528378  0.752234  0.599153  0.514263  0.448401  0.612455  0.598552  0.383303  0.337942  0.949545  0.520282  0.242265  0.788392  0.686053  0.833275  0.699011  0.316598  0.546019  0.543897  0.475066  0.385147  0.770626  0.740227  0.666153  0.725427  0.260858  0.719653  0.745036  0.741547  0.647923  0.560552  0.679294  0.522421  0.639170  0.716817  0.595089  0.790365  0.531202  0.633854  0.676309  0.465219  0.754399  0.777376  0.665248  0.783102  0.536180  0.356161  0.349880  0.478220  0.664049  0.743732  0.596167  0.652116  0.241584  0.233724  0.234005  0.435167  0.477669  0.182828  0.179798  0.317685  0.480753  0.444427  0.551934  0.204279  0.221065  0.494833  0.360496  0.532489  0.327648  0.695243  0.466592 
12  0.583144  0.392779  0.603403  0.595265  0.594769  0.620152  0.671244  0.685441  0.430690  0.732947  0.633675  0.669913 0.0  0.848473  0.636383  0.682554  0.775107  0.780944  0.786369  0.617474  0.603232  0.809718  0.663168  0.567423  0.751068  0.711829  0.802774  0.703531  0.722385  0.519559  0.646466  0.736788  0.525025  0.613245  0.708228  0.723928  0.818672  0.645844  0.628238  0.592863  0.606699  0.609418  0.730307  0.536403  0.655058  0.477887  0.572213  0.441576  0.703071  0.771850  0.551528  0.683801  0.523007  0.860413  0.800202  0.385394  0.619931  0.688015  0.557239  0.584420  0.729725  0.580200  0.653918  0.690277  0.737476  0.753038  0.544666  0.650209  0.608553  0.684775  0.829549  0.635444  0.674660  0.767062  0.482441  0.680375  0.742730  0.711069  0.756701  0.657263  0.731833  0.692764  0.560646  0.782786  0.780540  0.732414  0.751857  0.568926  0.686245 
13  0.779178  0.786334  0.702840  0.765643  0.682001  0.592634  0.632931  0.742155  0.831142  0.383951  0.606581  0.365899  0.848473 0.0  0.714984  0.521332  0.819972  0.559916  0.683854  0.581028  0.905050  0.259579  0.687044  0.723412  0.277811  0.393951  0.814395  0.466872  0.387205  0.878289  0.780468  0.761435  0.708208  0.552061  0.462405  0.468445  0.335283  0.473425  0.829610  0.743666  0.747546  0.768667  0.597859  0.837664  0.857898  0.690078  0.672426  0.674205  0.895812  0.512339  0.648108  0.731404  0.816485  0.828061  0.273268  0.733314  0.755262  0.522617  0.819529  0.769869  0.677783  0.707241  0.587781  0.305637  0.496635  0.367015  0.749959  0.756438  0.724617  0.750489  0.397072  0.473870  0.438115  0.588811  0.605533  0.506050  0.399919  0.343673  0.431237  0.605327  0.590166  0.455933  0.524500  0.381962  0.367949  0.551286  0.246852  0.819073  0.297423 
14  0.610972  0.661388  0.588422  0.321350  0.607055  0.729686  0.613152  0.579018  0.711897  0.737356  0.553288  0.744968  0.636383  0.714984 0.0  0.719309  0.721845  0.746524  0.420949  0.279005  0.580946  0.584237  0.626563  0.382200  0.796247  0.717461  0.744562  0.641349  0.743704  0.632950  0.510511  0.289276  0.631847  0.641801  0.718105  0.595482  0.789473  0.700587  0.331560  0.720877  0.782693  0.643022  0.716809  0.629366  0.492183  0.741860  0.739889  0.639736  0.439669  0.656792  0.470197  0.462286  0.531683  0.889605  0.743003  0.777750  0.474182  0.660105  0.471888  0.418328  0.268136  0.632288  0.730603  0.701420  0.772540  0.734960  0.614456  0.531768  0.559514  0.559020  0.713033  0.582083  0.794817  0.634950  0.466201  0.760476  0.784027  0.560580  0.709264  0.661257  0.638703  0.638390  0.655803  0.709886  0.753691  0.667795  0.725788  0.661564  0.715522 
15  0.655766  0.790818  0.560939  0.555348  0.717396  0.270949  0.692001  0.768680  0.651858  0.591547  0.565953  0.456649  0.682554  0.521332  0.719309 0.0  0.807815  0.397253  0.735999  0.639368  0.637903  0.619972  0.670277  0.705213  0.384980  0.620708  0.720500  0.407141  0.575158  0.744028  0.753618  0.764552  0.682607  0.472640  0.290876  0.465159  0.646611  0.599302  0.728965  0.721292  0.666271  0.651220  0.576689  0.697531  0.800752  0.746114  0.611904  0.692229  0.634497  0.483200  0.650740  0.685044  0.844301  0.807604  0.526566  0.800484  0.743589  0.453591  0.666866  0.665622  0.719854  0.686082  0.397495  0.680818  0.529579  0.562967  0.689484  0.624224  0.701529  0.783890  0.558247  0.554347  0.553708  0.453522  0.534899  0.378286  0.682468  0.434304  0.536158  0.398544  0.241615  0.453249  0.588908  0.591648  0.567409  0.326208  0.526718  0.783346  0.442715 
16  0.891236  0.692066  0.728316  0.852911  0.718412  0.910254  0.588002  0.811377  0.818441  0.818852  0.751370  0.793978  0.775107  0.819972  0.721845  0.807815 0.0  0.777307  0.714152  0.757874  0.831472  0.880018  0.770368  0.812400  1.000000  0.786938  0.139208  0.721640  0.904324  0.714872  0.730583  0.778419  0.755644  0.762810  0.803928  0.907080  0.824835  0.724937  0.841288  0.754293  0.782518  0.695730  0.986201  0.828178  0.744959  0.677395  0.738800  0.677132  0.741126  0.817549  0.712819  0.801237  0.846005  0.187139  0.901648  0.670937  0.738389  0.798239  0.824747  0.752637  0.845632  0.793179  0.710973  0.878466  0.746274  0.854265  0.730815  0.738592  0.729064  0.808506  0.768505  0.770202  0.717610  0.863566  0.804404  0.780336  0.872154  0.750082  0.805592  0.744436  0.711077  0.844733  0.866757  0.838737  0.860008  0.845946  0.828267  0.672465  0.809388 
17  0.736505  0.816236  0.693451  0.728275  0.474961  0.330799  0.592509  0.803013  0.786211  0.565871  0.616458  0.528378  0.780944  0.559916  0.746524  0.397253  0.777307 0.0  0.675632  0.567883  0.507600  0.415168  0.563941  0.686383  0.558740  0.424376  0.842426  0.292555  0.676686  0.810429  0.665969  0.676025  0.659369  0.646448  0.400529  0.316790  0.508986  0.610041  0.580820  0.671049  0.765044  0.718832  0.568835  0.772130  0.752323  0.781886  0.646348  0.755811  0.626614  0.362656  0.685015  0.709196  0.691475  0.808723  0.523127  0.714007  0.561660  0.143048  0.621456  0.726909  0.592001  0.759759  0.393678  0.653935  0.517594  0.498773  0.684537  0.688702  0.709622  0.743163  0.557097  0.522366  0.579364  0.475825  0.515819  0.499565  0.516400  0.472777  0.531855  0.339550  0.335976  0.478422  0.585599  0.561594  0.548633  0.373124  0.542708  0.791188  0.563672 
18  0.534583  0.784223  0.646223  0.452787  0.615721  0.585086  0.626032  0.641063  0.681490  0.629699  0.570614  0.752234  0.786369  0.683854  0.420949  0.735999  0.714152  0.675632 0.0  0.384159  0.612326  0.698005  0.468495  0.339556  0.772043  0.613884  0.848647  0.712495  0.729109  0.816401  0.542402  0.350955  0.736021  0.751501  0.608282  0.684367  0.660628  0.664802  0.222069  0.664521  0.710081  0.674910  0.636606  0.792298  0.591336  0.796984  0.548000  0.766839  0.541522  0.736710  0.583044  0.426351  0.561282  0.841545  0.716774  0.786520  0.477749  0.616293  0.488745  0.539801  0.336170  0.780184  0.686415  0.782048  0.731696  0.745029  0.592095  0.554094  0.570804  0.714453  0.716120  0.648545  0.688072  0.694311  0.546128  0.704752  0.661157  0.694399  0.608488  0.659467  0.598322  0.852236  0.695603  0.716609  0.792975  0.698419  0.797918  0.783480  0.733578 
19  0.473454  0.700277  0.584520  0.487756  0.667603  0.393339  0.712861  0.429190  0.563153  0.674825  0.676823  0.599153  0.617474  0.581028  0.279005  0.639368  0.757874  0.567883  0.384159 0.0  0.613702  0.610519  0.612591  0.402365  0.622906  0.596771  0.846105  0.672855  0.681324  0.690834  0.441271  0.424265  0.670264  0.659274  0.585709  0.549690  0.511432  0.666019  0.417921  0.723254  0.694590  0.704305  0.710599  0.679273  0.499708  0.679170  0.495179  0.604457  0.361681  0.645612  0.641877  0.374411  0.409355  0.763766  0.667997  0.682248  0.527227  0.493816  0.382691  0.457440  0.385084  0.639827  0.539002  0.747748  0.621411  0.648560  0.626072  0.484571  0.730228  0.628835  0.615340  0.581059  0.643164  0.449741  0.495626  0.608146  0.667210  0.608973  0.621007  0.511684  0.612507  0.550897  0.606962  0.659688  0.697781  0.572976  0.618792  0.765018  0.637525 
20  0.563849  0.561301  0.398643  0.594073  0.261197  0.563238  0.675338  0.603657  0.687941  0.750952  0.441328  0.514263  0.603232  0.905050  0.580946  0.637903  0.831472  0.507600  0.612326  0.613702 0.0  0.703826  0.244900  0.575080  0.656514  0.596644  0.817504  0.559884  0.699665  0.655378  0.565696  0.494076  0.660053  0.483863  0.551384  0.712136  0.767317  0.622258  0.566139  0.760107  0.644889  0.609741  0.611271  0.692542  0.566304  0.560006  0.312785  0.600629  0.408333  0.539027  0.341059  0.569449  0.504055  0.801760  0.634738  0.567417  0.399394  0.551899  0.421127  0.543414  0.526976  0.601389  0.647108  0.665722  0.584578  0.690077  0.518347  0.580411  0.366113  0.537892  0.679629  0.634677  0.686892  0.623339  0.504605  0.603103  0.668258  0.590877  0.611406  0.622521  0.580175  0.661375  0.448327  0.706141  0.665501  0.698248  0.719868  0.574259  0.655620 
21  0.746042  0.691329  0.660782  0.714739  0.536058  0.518041  0.631215  0.693032  0.791761  0.337596  0.681887  0.448401  0.809718  0.259579  0.584237  0.619972  0.880018  0.415168  0.698005  0.610519  0.703826 0.0  0.697517  0.765543  0.328300  0.351164  0.840238  0.541151  0.449347  0.868272  0.668999  0.817023  0.823740  0.394912  0.544999  0.508772  0.303161  0.434169  0.777733  0.798512  0.700323  0.747359  0.557047  0.763355  0.849727  0.749087  0.653040  0.722182  0.669696  0.395408  0.692948  0.696762  0.769496  0.793867  0.308347  0.719888  0.679636  0.530442  0.680453  0.682639  0.767963  0.683578  0.441104  0.381143  0.404934  0.274802  0.667341  0.773315  0.653136  0.721454  0.448652  0.359447  0.501547  0.365648  0.628609  0.420410  0.450988  0.343520  0.428876  0.502464  0.511368  0.486811  0.528082  0.296175  0.480976  0.397229  0.356284  0.780204  0.263274 
22  0.633218  0.532511  0.455006  0.568977  0.225560  0.563115  0.621282  0.647939  0.633493  0.692570  0.296499  0.612455  0.663168  0.687044  0.626563  0.670277  0.770368  0.563941  0.468495  0.612591  0.244900  0.697517 0.0  0.609721  0.670748  0.521603  0.765615  0.597124  0.637629  0.622266  0.637171  0.494730  0.653239  0.621629  0.605538  0.584392  0.632270  0.624073  0.496328  0.759644  0.673926  0.758932  0.599591  0.734803  0.618071  0.642850  0.451417  0.569367  0.580862  0.512382  0.358080  0.595240  0.691212  0.597722  0.610711  0.705789  0.230466  0.594220  0.526396  0.631864  0.542146  0.572265  0.620459  0.644944  0.516365  0.636322  0.597864  0.529978  0.364140  0.638496  0.696274  0.619701  0.650068  0.697285  0.491984  0.584740  0.694207  0.626919  0.554247  0.544901  0.501001  0.612195  0.632090  0.706884  0.653902  0.750131  0.696684  0.622314  0.700952 
23  0.569208  0.576617  0.477670  0.423612  0.592977  0.666385  0.675916  0.591351  0.700890  0.700134  0.604453  0.598552  0.567423  0.723412  0.382200  0.705213  0.812400  0.686383  0.339556  0.402365  0.575080  0.765543  0.609721 0.0  0.732592  0.663302  0.771560  0.690502  0.572557  0.670186  0.496741  0.277259  0.547121  0.664870  0.702572  0.767470  0.761580  0.614122  0.251076  0.679855  0.721494  0.625731  0.699307  0.671987  0.503179  0.655410  0.611639  0.581096  0.459447  0.745064  0.588630  0.471046  0.522557  0.785299  0.745968  0.648326  0.598680  0.621206  0.422028  0.512965  0.240130  0.711754  0.656714  0.771427  0.758994  0.771255  0.462976  0.423279  0.534699  0.608389  0.725844  0.657622  0.778418  0.709762  0.374943  0.671847  0.710065  0.656795  0.792756  0.634419  0.663003  0.679744  0.635836  0.799129  0.755834  0.744843  0.809155  0.630318  0.839312 
24  0.775825  0.746472  0.748344  0.834383  0.782884  0.706746  0.775496  0.806982  0.836690  0.398829  0.675793  0.383303  0.751068  0.277811  0.796247  0.384980  1.000000  0.558740  0.772043  0.622906  0.656514  0.328300  0.670748  0.732592 0.0  0.464440  0.847471  0.608092  0.436462  0.752713  0.781647  0.786737  0.700313  0.522192  0.571866  0.511821  0.300192  0.446854  0.773078  0.702520  0.720608  0.712344  0.360907  0.854076  0.856040  0.667914  0.667886  0.718324  0.723578  0.579826  0.580092  0.816529  0.659680  0.853569  0.326558  0.749065  0.815866  0.558912  0.778311  0.840484  0.805876  0.837574  0.599260  0.176370  0.443472  0.338907  0.628872  0.800059  0.604250  0.720547  0.423167  0.352557  0.456633  0.365983  0.673269  0.339815  0.418818  0.342970  0.492838  0.518557  0.475727  0.430487  0.435600  0.207608  0.408040  0.639304  0.223807  0.664504  0.287209 
25  0.678059  0.652541  0.760232  0.649070  0.629496  0.542294  0.605565  0.751463  0.705479  0.526720  0.710674  0.337942  0.711829  0.393951  0.717461  0.620708  0.786938  0.424376  0.613884  0.596771  0.596644  0.351164  0.521603  0.663302  0.464440 0.0  0.867558  0.549985  0.452337  0.729923  0.643969  0.680543  0.766262  0.446729  0.546182  0.429820  0.359330  0.446780  0.735146  0.734825  0.653039  0.668826  0.414520  0.739905  0.720629  0.788646  0.620721  0.705655  0.670212  0.528045  0.643663  0.701213  0.681418  0.748181  0.445757  0.612144  0.511892  0.445212  0.756349  0.760060  0.742100  0.635733  0.463125  0.423212  0.495973  0.451170  0.667719  0.749856  0.600561  0.595815  0.390841  0.399413  0.463170  0.191840  0.595867  0.309944  0.383881  0.206436  0.186249  0.460999  0.503050  0.384952  0.395406  0.432105  0.367866  0.510285  0.488577  0.706545  0.525512 
26  0.861833  0.788990  0.659047  0.861999  0.914306  0.822186  0.725178  0.800919  0.784890  0.799521  0.817427  0.949545  0.802774  0.814395  0.744562  0.720500  0.139208  0.842426  0.848647  0.846105  0.817504  0.840238  0.765615  0.771560  0.847471  0.867558 0.0  0.786046  0.790374  0.725023  0.760258  0.792797  0.803059  0.780398  0.820953  0.742621  0.815300  0.791065  0.766291  0.789071  0.703112  0.794183  0.953479  0.775731  0.809580  0.775047  0.835087  0.711011  0.802334  0.763049  0.695987  0.771195  0.824585  0.291192  0.885386  0.746033  0.874083  0.797405  0.753980  0.755682  0.805677  0.764478  0.855791  0.754170  0.936365  0.837107  0.740582  0.798154  0.748002  0.761002  0.775041  0.764035  0.907635  0.766513  0.677209  0.837452  0.889219  0.773433  0.824675  0.857039  0.838475  0.687126  0.722908  0.814713  0.878482  0.815768  0.861230  0.783114  0.796129 
27  0.740416  0.693083  0.609808  0.708695  0.681215  0.285133  0.704948  0.826455  0.796683  0.565136  0.679534  0.520282  0.703531  0.466872  0.641349  0.407141  0.721640  0.292555  0.712495  0.672855  0.559884  0.541151  0.597124  0.690502  0.608092  0.549985  0.786046 0.0  0.609618  0.806688  0.721246  0.784907  0.760786  0.593491  0.271603  0.337355  0.431702  0.617432  0.615204  0.692649  0.747394  0.819800  0.441893  0.773474  0.914214  0.855338  0.603824  0.733747  0.668070  0.378433  0.725229  0.683831  0.828892  0.821726  0.631957  0.647558  0.628654  0.334561  0.718893  0.678197  0.623125  0.677965  0.356951  0.608843  0.481839  0.538166  0.695105  0.757314  0.573063  0.608544  0.587613  0.522725  0.523827  0.570883  0.585632  0.589717  0.615030  0.383794  0.553743  0.355234  0.391857  0.541837  0.581326  0.546873  0.601360  0.221036  0.548952  0.727961  0.471690 
28  0.723477  0.788355  0.664634  0.685005  0.777718  0.549015  0.709322  0.655364  0.821919  0.343959  0.711011  0.242265  0.722385  0.387205  0.743704  0.575158  0.904324  0.676686  0.729109  0.681324  0.699665  0.449347  0.637629  0.572557  0.436462  0.452337  0.790374  0.609618 0.0  0.853306  0.787024  0.727860  0.727315  0.443193  0.615217  0.563990  0.459710  0.405879  0.790607  0.758032  0.765874  0.634531  0.295855  0.858643  0.601625  0.700470  0.632765  0.680588  0.731167  0.498485  0.562410  0.775073  0.702632  0.810040  0.388949  0.768153  0.612823  0.581560  0.728263  0.804199  0.709256  0.626228  0.470018  0.345348  0.315122  0.433425  0.693955  0.710920  0.576803  0.694907  0.213722  0.261997  0.224235  0.444340  0.537958  0.209301  0.228954  0.306369  0.469155  0.576958  0.651581  0.290085  0.293547  0.408023  0.258345  0.634496  0.463095  0.827164  0.410919 
29  0.606690  0.374609  0.434213  0.672946  0.595264  0.676764  0.672146  0.617967  0.367815  0.798820  0.609057  0.788392  0.519559  0.878289  0.632950  0.744028  0.714872  0.810429  0.816401  0.690834  0.655378  0.868272  0.622266  0.670186  0.752713  0.729923  0.725023  0.806688  0.853306 0.0  0.608750  0.810579  0.579869  0.588481  0.708142  0.608342  0.869324  0.668057  0.673736  0.548818  0.617437  0.538996  0.778899  0.346093  0.634166  0.220566  0.567106  0.267398  0.736591  0.791528  0.582486  0.675193  0.681423  0.694955  0.785163  0.381912  0.717784  0.782805  0.686421  0.575463  0.678950  0.272923  0.680034  0.770003  0.770043  0.810986  0.568581  0.668278  0.686311  0.627199  0.875158  0.724419  0.837111  0.903224  0.450301  0.668400  0.811806  0.611013  0.732251  0.769359  0.761419  0.682963  0.700368  0.765888  0.759911  0.797700  0.744742  0.281170  0.790906 
30  0.690135  0.634993  0.754323  0.463060  0.514690  0.608143  0.513569  0.377797  0.779989  0.731027  0.563101  0.686053  0.646466  0.780468  0.510511  0.753618  0.730583  0.665969  0.542402  0.441271  0.565696  0.668999  0.637171  0.496741  0.781647  0.643969  0.760258  0.721246  0.787024  0.608750 0.0  0.525272  0.547996  0.691393  0.604149  0.819148  0.752516  0.582269  0.451512  0.642928  0.524606  0.694966  0.754087  0.646186  0.405679  0.434358  0.533405  0.640560  0.484522  0.752310  0.555824  0.584388  0.332484  0.774018  0.830534  0.556283  0.693909  0.664960  0.363247  0.458798  0.489788  0.585862  0.747054  0.818093  0.793397  0.904036  0.549105  0.467234  0.423763  0.637634  0.769836  0.597219  0.682721  0.693528  0.507161  0.681922  0.716940  0.525381  0.757056  0.617116  0.745104  0.672805  0.557849  0.729889  0.699519  0.746122  0.777918  0.605612  0.674385 
31  0.418730  0.657314  0.649694  0.369404  0.507990  0.659809  0.637484  0.650363  0.658681  0.750803  0.618691  0.833275  0.736788  0.761435  0.289276  0.764552  0.778419  0.676025  0.350955  0.424265  0.494076  0.817023  0.494730  0.277259  0.786737  0.680543  0.792797  0.784907  0.727860  0.810579  0.525272 0.0  0.667884  0.833844  0.736514  0.653816  0.751450  0.720399  0.173413  0.692938  0.717019  0.639269  0.634095  0.672319  0.498138  0.598434  0.674232  0.704730  0.472000  0.647994  0.594112  0.451628  0.567450  0.866686  0.734444  0.758982  0.508472  0.637263  0.533106  0.488458  0.316589  0.724090  0.700845  0.780731  0.783159  0.830396  0.662127  0.544645  0.635394  0.626907  0.835076  0.757172  0.723750  0.813510  0.505833  0.737793  0.813200  0.678333  0.710964  0.702237  0.716533  0.738741  0.721143  0.663732  0.766681  0.694386  0.780958  0.803358  0.727506 
32  0.661607  0.546934  0.585577  0.651107  0.715832  0.684302  0.551064  0.606464  0.634134  0.860347  0.662453  0.699011  0.525025  0.708208  0.631847  0.682607  0.755644  0.659369  0.736021  0.670264  0.660053  0.823740  0.653239  0.547121  0.700313  0.766262  0.803059  0.760786  0.727315  0.579869  0.547996  0.667884 0.0  0.695307  0.711069  0.831991  0.676831  0.643593  0.658702  0.322251  0.294390  0.189938  0.728597  0.482762  0.613578  0.570764  0.637772  0.538174  0.593882  0.741178  0.587369  0.715774  0.584050  0.835874  0.763073  0.610452  0.699604  0.630617  0.652273  0.628648  0.614610  0.639360  0.635819  0.655439  0.769539  0.831197  0.598376  0.596435  0.580323  0.617318  0.752875  0.641387  0.610000  0.659774  0.451155  0.525607  0.709921  0.643204  0.681126  0.744287  0.700404  0.565129  0.669640  0.769654  0.788121  0.759454  0.675720  0.589895  0.797249 
33  0.708443  0.719322  0.609460  0.603613  0.468915  0.669396  0.608536  0.791610  0.780035  0.389023  0.616372  0.316598  0.613245  0.552061  0.641801  0.472640  0.762810  0.646448  0.751501  0.659274  0.483863  0.394912  0.621629  0.664870  0.522192  0.446729  0.780398  0.593491  0.443193  0.588481  0.691393  0.833844  0.695307 0.0  0.519000  0.564738  0.479397  0.197684  0.695344  0.739521  0.728975  0.671830  0.257664  0.625576  0.766726  0.651785  0.578585  0.538691  0.645147  0.598927  0.662593  0.751710  0.754893  0.765687  0.491482  0.642308  0.678237  0.557274  0.602822  0.589724  0.672398  0.644680  0.617130  0.348536  0.319705  0.587679  0.541423  0.723725  0.589020  0.557119  0.407329  0.333157  0.449161  0.579290  0.497186  0.316053  0.380371  0.206808  0.403038  0.519485  0.653153  0.259589  0.151597  0.586855  0.426507  0.608562  0.471814  0.677433  0.463701 
34  0.789598  0.799349  0.603126  0.737235  0.554184  0.258232  0.673160  0.743227  0.726973  0.527484  0.591237  0.546019  0.708228  0.462405  0.718105  0.290876  0.803928  0.400529  0.608282  0.585709  0.551384  0.544999  0.605538  0.702572  0.571866  0.546182  0.820953  0.271603  0.615217  0.708142  0.604149  0.736514  0.711069  0.519000 0.0  0.372605  0.585749  0.666622  0.753048  0.801678  0.735970  0.656255  0.510532  0.724973  0.735225  0.829779  0.671819  0.808126  0.693419  0.412579  0.575408  0.639261  0.723429  0.813274  0.491245  0.646698  0.687737  0.316866  0.642148  0.713175  0.647852  0.689506  0.417363  0.634002  0.399494  0.625287  0.599116  0.836282  0.621235  0.623153  0.537503  0.529571  0.556068  0.511234  0.401632  0.538607  0.650290  0.373524  0.527726  0.402638  0.148964  0.593974  0.485822  0.545359  0.547232  0.256018  0.462462  0.805976  0.539653 
35  0.769209  0.820113  0.599751  0.689601  0.614593  0.378051  0.717827  0.731863  0.723235  0.666513  0.700999  0.543897  0.723928  0.468445  0.595482  0.465159  0.907080  0.316790  0.684367  0.549690  0.712136  0.508772  0.584392  0.767470  0.511821  0.429820  0.742621  0.337355  0.563990  0.608342  0.819148  0.653816  0.831991  0.564738  0.372605 0.0  0.472992  0.605129  0.663814  0.760476  0.795547  0.701466  0.453611  0.694979  0.877425  0.693936  0.560086  0.752650  0.559636  0.170522  0.620067  0.605543  0.751002  0.705816  0.606267  0.718025  0.616150  0.379225  0.626162  0.756806  0.557420  0.728867  0.329801  0.524544  0.538547  0.431997  0.754308  0.751546  0.681422  0.651939  0.464292  0.588772  0.595130  0.450758  0.543198  0.615227  0.555493  0.410864  0.515760  0.239150  0.313622  0.461215  0.587494  0.498004  0.545059  0.326927  0.587561  0.788026  0.606730 
36  0.770777  0.790933  0.621291  0.649405  0.716311  0.572069  0.715162  0.922733  0.772297  0.378539  0.660508  0.475066  0.818672  0.335283  0.789473  0.646611  0.824835  0.508986  0.660628  0.511432  0.767317  0.303161  0.632270  0.761580  0.300192  0.359330  0.815300  0.431702  0.459710  0.869324  0.752516  0.751450  0.676831  0.479397  0.585749  0.472992 0.0  0.453193  0.621555  0.772238  0.751368  0.688499  0.409820  0.689705  0.819916  0.883686  0.682327  0.736271  0.821978  0.466978  0.621348  0.720875  0.880642  0.780512  0.226156  0.784661  0.830687  0.606232  0.723496  0.787938  0.727229  0.687736  0.620383  0.192890  0.249879  0.102264  0.697394  0.871468  0.545904  0.740038  0.421819  0.452525  0.395708  0.442674  0.548886  0.461695  0.483149  0.268136  0.332679  0.502680  0.512224  0.480946  0.516871  0.241335  0.353729  0.565777  0.247451  0.769513  0.258205 
37  0.671416  0.637514  0.588083  0.679181  0.632400  0.552293  0.549117  0.609384  0.611216  0.377521  0.609059  0.385147  0.645844  0.473425  0.700587  0.599302  0.724937  0.610041  0.664802  0.666019  0.622258  0.434169  0.624073  0.614122  0.446854  0.446780  0.791065  0.617432  0.405879  0.668057  0.582269  0.720399  0.643593  0.197684  0.666622  0.605129  0.453193 0.0  0.738068  0.590097  0.628841  0.654528  0.372737  0.702685  0.747059  0.664004  0.556638  0.655499  0.602102  0.617610  0.559743  0.761617  0.753873  0.760197  0.431122  0.705383  0.623069  0.450867  0.641289  0.713771  0.666364  0.621130  0.545460  0.455203  0.360679  0.513840  0.533259  0.669173  0.687022  0.608133  0.359252  0.233849  0.274105  0.434814  0.493828  0.374512  0.236489  0.302985  0.424231  0.533287  0.624553  0.187111  0.300200  0.469682  0.392398  0.583943  0.509676  0.641181  0.612610 
38  0.539948  0.680498  0.538973  0.382868  0.481328  0.744276  0.579827  0.501138  0.718792  0.770794  0.652637  0.770626  0.628238  0.829610  0.331560  0.728965  0.841288  0.580820  0.222069  0.417921  0.566139  0.777733  0.496328  0.251076  0.773078  0.735146  0.766291  0.615204  0.790607  0.673736  0.451512  0.173413  0.658702  0.695344  0.753048  0.663814  0.621555  0.738068 0.0  0.666455  0.732454  0.591200  0.622196  0.687638  0.533168  0.763160  0.623508  0.577434  0.308474  0.753320  0.557476  0.432031  0.495021  0.859883  0.816459  0.692487  0.545770  0.698456  0.551241  0.497821  0.227895  0.681945  0.801167  0.755021  0.640054  0.577637  0.460748  0.463866  0.639879  0.749041  0.778928  0.654112  0.737044  0.755840  0.458529  0.691824  0.777892  0.596431  0.768270  0.725358  0.753277  0.679568  0.584705  0.845200  0.818884  0.691596  0.877463  0.765448  0.846515 
39  0.690481  0.626464  0.680355  0.585056  0.654583  0.738056  0.594569  0.600085  0.602173  0.806235  0.706554  0.740227  0.592863  0.743666  0.720877  0.721292  0.754293  0.671049  0.664521  0.723254  0.760107  0.798512  0.759644  0.679855  0.702520  0.734825  0.789071  0.692649  0.758032  0.548818  0.642928  0.692938  0.322251  0.739521  0.801678  0.760476  0.772238  0.590097  0.666455 0.0  0.275830  0.397602  0.727150  0.701794  0.723585  0.633988  0.672713  0.668694  0.784020  0.788841  0.708632  0.752073  0.571650  0.788654  0.651921  0.624660  0.704167  0.721198  0.688081  0.696197  0.784152  0.621778  0.677278  0.742717  0.782679  0.634778  0.675846  0.767518  0.607205  0.647839  0.829217  0.657581  0.751482  0.619293  0.509067  0.682162  0.728987  0.775256  0.586619  0.637386  0.664903  0.650102  0.678592  0.809397  0.870667  0.676397  0.780801  0.634945  0.832157 
40  0.594003  0.540653  0.629009  0.559904  0.547851  0.740553  0.693414  0.423900  0.658725  0.849140  0.550958  0.666153  0.606699  0.747546  0.782693  0.666271  0.782518  0.765044  0.710081  0.694590  0.644889  0.700323  0.673926  0.721494  0.720608  0.653039  0.703112  0.747394  0.765874  0.617437  0.524606  0.717019  0.294390  0.728975  0.735970  0.795547  0.751368  0.628841  0.732454  0.275830 0.0  0.351992  0.791270  0.657605  0.572170  0.530063  0.557253  0.700870  0.645795  0.689777  0.745613  0.708852  0.495596  0.768973  0.768320  0.432588  0.727036  0.616749  0.674419  0.635863  0.671671  0.653227  0.680946  0.679363  0.783804  0.781579  0.614643  0.642399  0.597411  0.692352  0.862653  0.601310  0.649879  0.773237  0.483278  0.587759  0.674605  0.735953  0.726141  0.665542  0.658641  0.630170  0.730303  0.820836  0.802076  0.790686  0.709522  0.553104  0.735097 
41  0.557076  0.587865  0.631278  0.638443  0.659267  0.699108  0.578971  0.489542  0.608271  0.702475  0.593940  0.725427  0.609418  0.768667  0.643022  0.651220  0.695730  0.718832  0.674910  0.704305  0.609741  0.747359  0.758932  0.625731  0.712344  0.668826  0.794183  0.819800  0.634531  0.538996  0.694966  0.639269  0.189938  0.671830  0.656255  0.701466  0.688499  0.654528  0.591200  0.397602  0.351992 0.0  0.719745  0.516372  0.566818  0.598842  0.601243  0.652287  0.677002  0.817939  0.559885  0.710244  0.570831  0.846371  0.687873  0.586923  0.589054  0.738493  0.710948  0.583576  0.738193  0.673886  0.657575  0.717833  0.889401  0.851775  0.620211  0.533273  0.551808  0.678364  0.794522  0.621638  0.705821  0.583869  0.523113  0.573270  0.739230  0.706911  0.758549  0.756749  0.641593  0.641343  0.653044  0.740607  0.665353  0.687749  0.724615  0.635224  0.723949 
42  0.727387  0.650666  0.724890  0.591594  0.536595  0.488897  0.735990  0.767906  0.723941  0.169095  0.696279  0.260858  0.730307  0.597859  0.716809  0.576689  0.986201  0.568835  0.636606  0.710599  0.611271  0.557047  0.599591  0.699307  0.360907  0.414520  0.953479  0.441893  0.295855  0.778899  0.754087  0.634095  0.728597  0.257664  0.510532  0.453611  0.409820  0.372737  0.622196  0.727150  0.791270  0.719745 0.0  0.732220  0.893147  0.761080  0.719621  0.696254  0.638885  0.385551  0.628705  0.705895  0.805957  0.826452  0.490765  0.794781  0.587497  0.534298  0.601760  0.792401  0.541383  0.641113  0.519716  0.401898  0.175478  0.296025  0.672039  0.781175  0.660236  0.663448  0.385114  0.253694  0.262329  0.499367  0.517559  0.393925  0.356814  0.290203  0.409905  0.529424  0.498590  0.359750  0.358563  0.403556  0.397547  0.480059  0.450876  0.780504  0.415956 
43  0.723204  0.246377  0.585992  0.627469  0.550141  0.764486  0.584230  0.694406  0.390573  0.811963  0.625676  0.719653  0.536403  0.837664  0.629366  0.697531  0.828178  0.772130  0.792298  0.679273  0.692542  0.763355  0.734803  0.671987  0.854076  0.739905  0.775731  0.773474  0.858643  0.346093  0.646186  0.672319  0.482762  0.625576  0.724973  0.694979  0.689705  0.702685  0.687638  0.701794  0.657605  0.516372  0.732220 0.0  0.725922  0.213891  0.673663  0.210645  0.824523  0.744795  0.649919  0.712592  0.732580  0.733946  0.808309  0.344339  0.678467  0.622406  0.665737  0.682932  0.782646  0.226347  0.821300  0.730335  0.798973  0.828590  0.700322  0.618676  0.562108  0.530979  0.761280  0.622404  0.776544  0.696279  0.528765  0.773961  0.848505  0.635784  0.682902  0.710232  0.740278  0.739861  0.659187  0.864028  0.875564  0.791469  0.808589  0.380177  0.774400 
44  0.285520  0.714195  0.614546  0.457060  0.569536  0.807292  0.569211  0.175861  0.817096  0.785781  0.517150  0.745036  0.655058  0.857898  0.492183  0.800752  0.744959  0.752323  0.591336  0.499708  0.566304  0.849727  0.618071  0.503179  0.856040  0.720629  0.809580  0.914214  0.601625  0.634166  0.405679  0.498138  0.613578  0.766726  0.735225  0.877425  0.819916  0.747059  0.533168  0.723585  0.572170  0.566818  0.893147  0.725922 0.0  0.602522  0.697267  0.631377  0.361945  0.790646  0.642367  0.286693  0.088038  0.867119  0.702598  0.542945  0.531007  0.785264  0.327686  0.296476  0.552187  0.638453  0.844320  0.756691  0.861721  0.891885  0.611499  0.305286  0.512188  0.629822  0.725559  0.657778  0.665673  0.703385  0.519267  0.663904  0.664285  0.605049  0.769913  0.686589  0.815989  0.614906  0.637762  0.835921  0.696838  0.692123  0.829293  0.705142  0.785822 
