89
0 0.0  0.527653  0.628194  0.321991  0.573224  0.705856  0.681363  0.308191  0.651443  0.710998  0.578027  0.821848  0.651820  0.763494  0.515862  0.610014  0.795405  0.611681  0.503283  0.489659  0.560132  0.667219  0.625517  0.438196  0.685126  0.664359  0.840939  0.667510  0.711945  0.566230  0.415090  0.546755  0.528253  0.592302  0.752999  0.738167  0.768268  0.629675  0.524961  0.636468  0.649661  0.610090  0.699201  0.736558  0.316363  0.709284  0.496844  0.585882  0.293384  0.711503  0.669956  0.362572  0.287696  0.825801  0.722975  0.704656  0.507733  0.659575  0.250815  0.184168  0.416473  0.715191  0.652468  0.709405  0.770491  0.763255  0.504134  0.312295  0.620907  0.653915  0.768457  0.652185  0.667281  0.603284  0.512037  0.725846  0.779174  0.512433  0.711158  0.624979  0.790052  0.641981  0.701655  0.756687  0.758010  0.724255  0.746580  0.705635  0.752192 
1  0.527653 0.0  0.622114  0.586928  0.511341  0.770783  0.556561  0.617899  0.193123  0.872138  0.637417  0.737354  0.367401  0.850208  0.616557  0.698518  0.766329  0.706447  0.733557  0.646144  0.673552  0.728878  0.691099  0.609278  0.794122  0.606878  0.734056  0.697867  0.701054  0.355859  0.636734  0.667705  0.636750  0.669995  0.781035  0.768152  0.829949  0.674154  0.745933  0.647391  0.583825  0.505929  0.861799  0.304692  0.585107  0.247381  0.677941  0.327511  0.719310  0.684682  0.616298  0.731932  0.616888  0.768588  0.832853  0.372422  0.668587  0.725506  0.699279  0.761194  0.719048  0.333939  0.810832  0.781251  0.865417  0.799293  0.570937  0.673405  0.384286  0.621087  0.697889  0.757568  0.671743  0.678516  0.480073  0.626520  0.833715  0.600379  0.616687  0.697425  0.698617  0.624265  0.804901  0.813885  0.703136  0.670990  0.761110  0.288512  0.742811 
2  0.628194  0.622114 0.0  0.634114  0.366858  0.771763  0.535154  0.535651  0.628338  0.726182  0.390657  0.758343  0.620414  0.732218  0.612917  0.643657  0.705294  0.667813  0.682423  0.694170  0.468069  0.728658  0.485953  0.672867  0.592200  0.630214  0.711310  0.574205  0.698414  0.598497  0.670775  0.589325  0.669173  0.566891  0.642362  0.722037  0.628953  0.531038  0.673703  0.597845  0.624043  0.556931  0.756278  0.574038  0.562916  0.723412  0.411017  0.666923  0.476551  0.642585  0.342971  0.640315  0.604050  0.836796  0.566547  0.582049  0.425791  0.722101  0.570327  0.600522  0.604122  0.556823  0.703525  0.741202  0.694285  0.727613  0.659668  0.612788  0.264949  0.587925  0.669446  0.585649  0.613832  0.653121  0.504765  0.673059  0.683855  0.520152  0.620672  0.705600  0.625643  0.702597  0.564936  0.729253  0.716680  0.655262  0.692296  0.632219  0.738469 
3  0.321991  0.586928  0.634114 0.0  0.483311  0.761800  0.682801  0.268401  0.768217  0.807317  0.594579  0.643286  0.616226  0.706846  0.434420  0.704124  0.806704  0.715950  0.534020  0.490121  0.560640  0.791087  0.533923  0.439021  0.713048  0.590785  0.713668  0.702641  0.612956  0.776321  0.503242  0.554817  0.649507  0.731284  0.667444  0.688747  0.735264  0.677452  0.364346  0.746364  0.569845  0.673615  0.733483  0.670489  0.327095  0.722341  0.633499  0.664163  0.244060  0.645141  0.627608  0.345819  0.316876  0.703972  0.774244  0.643892  0.512842  0.648942  0.352591  0.378152  0.409932  0.660283  0.602458  0.786915  0.718001  0.696157  0.612400  0.271718  0.593461  0.535138  0.809734  0.553671  0.671690  0.666126  0.411933  0.552399  0.691722  0.574878  0.667390  0.538243  0.680413  0.700176  0.602904  0.731403  0.799698  0.730163  0.817982  0.686038  0.726287 
4  0.573224  0.511341  0.366858  0.483311 0.0  0.541309  0.526603  0.657008  0.624795  0.623253  0.317425  0.607857  0.595136  0.684467  0.601348  0.637972  0.835247  0.662968  0.526210  0.586806  0.373275  0.649969  0.268118  0.587347  0.716446  0.603892  0.778560  0.655715  0.541588  0.693324  0.660280  0.673652  0.553401  0.588937  0.612192  0.630135  0.725275  0.560796  0.606260  0.666424  0.621198  0.622994  0.521642  0.715993  0.639635  0.617007  0.319865  0.685057  0.561899  0.732132  0.449666  0.480847  0.592686  0.751090  0.570547  0.563919  0.265040  0.562206  0.579872  0.536765  0.515201  0.535866  0.611602  0.731974  0.635053  0.766170  0.484643  0.603396  0.393914  0.618975  0.729176  0.492111  0.732881  0.561011  0.470608  0.620121  0.681157  0.613113  0.627123  0.679359  0.691754  0.556782  0.606911  0.720619  0.689337  0.577291  0.582228  0.682852  0.618999 
5  0.705856  0.770783  0.771763  0.761800  0.541309 0.0  0.688379  0.768202  0.769373  0.572301  0.672186  0.481205  0.708053  0.581577  0.741067  0.232140  0.787752  0.289153  0.536668  0.586796  0.526068  0.592058  0.521977  0.699537  0.624706  0.539636  0.733177  0.227168  0.627141  0.703741  0.671109  0.665525  0.755210  0.565456  0.176527  0.283178  0.569774  0.592742  0.620725  0.794498  0.775690  0.614898  0.518186  0.752686  0.852020  0.664068  0.620576  0.653898  0.580833  0.391233  0.671197  0.607520  0.810880  0.733448  0.505668  0.723745  0.455018  0.362931  0.720840  0.809435  0.585386  0.616788  0.433664  0.597965  0.450577  0.539951  0.646962  0.689472  0.712124  0.636787  0.485885  0.662676  0.588239  0.498456  0.546496  0.522308  0.559983  0.383317  0.495014  0.452986  0.238432  0.509405  0.548472  0.545267  0.570926  0.232655  0.718325  0.746345  0.689776 
6  0.681363  0.556561  0.535154  0.682801  0.526603  0.688379 0.0  0.561102  0.640996  0.719113  0.561542  0.731995  0.575838  0.690310  0.684903  0.597780  0.658291  0.544121  0.769248  0.534465  0.635069  0.749493  0.729596  0.686048  0.724661  0.632713  0.799102  0.679518  0.710820  0.475140  0.548537  0.643559  0.711343  0.579137  0.688993  0.576716  0.800949  0.601504  0.730022  0.733709  0.627215  0.601160  0.852667  0.640998  0.530866  0.559268  0.705631  0.470298  0.633308  0.717853  0.640069  0.667097  0.622219  0.683643  0.704557  0.548317  0.620731  0.552857  0.663647  0.739975  0.794812  0.681280  0.648986  0.760776  0.670990  0.727741  0.322177  0.640494  0.634907  0.421210  0.661810  0.562771  0.652291  0.668769  0.542375  0.621446  0.690676  0.661847  0.629709  0.675966  0.669579  0.566232  0.578432  0.702041  0.691830  0.674140  0.669340  0.582099  0.747159 
7  0.308191  0.617899  0.535651  0.268401  0.657008  0.768202  0.561102 0.0  0.798219  0.831702  0.579118  0.701975  0.595057  0.765321  0.462249  0.622754  0.856905  0.832404  0.517290  0.531263  0.629306  0.831012  0.636141  0.514423  0.848410  0.752879  0.902923  0.603330  0.647432  0.671698  0.386292  0.632607  0.600247  0.780834  0.754568  0.884691  0.698334  0.703705  0.597582  0.581288  0.603040  0.667316  0.699210  0.674086  0.197173  0.638691  0.601662  0.610318  0.306094  0.764319  0.661645  0.334276  0.152333  0.762040  0.854087  0.573803  0.690727  0.706669  0.455608  0.259843  0.509134  0.667315  0.838973  0.830302  0.864297  0.803453  0.579906  0.318462  0.454171  0.691375  0.709150  0.651137  0.634389  0.625093  0.432308  0.621449  0.740412  0.558319  0.801299  0.806139  0.789502  0.662999  0.617109  0.754611  0.745780  0.701338  0.849694  0.714813  0.662525 
8  0.651443  0.193123  0.628338  0.768217  0.624795  0.769373  0.640996  0.798219 0.0  0.793517  0.748741  0.742789  0.509991  0.699927  0.765510  0.795597  0.816203  0.703294  0.650528  0.738449  0.593696  0.779579  0.645170  0.679233  0.803180  0.792741  0.728949  0.723526  0.716142  0.391900  0.600704  0.796798  0.584156  0.717086  0.755199  0.749796  0.849619  0.770452  0.717584  0.631538  0.618365  0.575407  0.762394  0.478010  0.690018  0.280101  0.708425  0.398929  0.779753  0.726661  0.615992  0.743906  0.741619  0.784348  0.924297  0.444338  0.598708  0.685296  0.669878  0.804485  0.670671  0.419371  0.748310  0.767426  0.836686  0.783452  0.642634  0.785126  0.602425  0.546066  0.774575  0.659497  0.784077  0.836676  0.397267  0.816231  0.774411  0.808178  0.696211  0.745951  0.812390  0.745263  0.705141  0.891327  0.717569  0.790188  0.713900  0.318812  0.745176 
9  0.710998  0.872138  0.726182  0.807317  0.623253  0.572301  0.719113  0.831702  0.793517 0.0  0.837337  0.413764  0.768999  0.357706  0.738982  0.671104  1.000000  0.660937  0.756345  0.610774  0.664000  0.473699  0.609862  0.724302  0.435790  0.360857  0.950696  0.426216  0.292794  0.883011  0.740393  0.717176  0.876823  0.394946  0.551872  0.571507  0.410175  0.435166  0.728503  0.832627  0.859243  0.709251  0.164554  0.746491  0.854904  0.958775  0.706640  0.709835  0.767131  0.508735  0.588952  0.849414  0.858611  0.862737  0.420762  0.894076  0.723480  0.524168  0.671814  0.806725  0.713123  0.878315  0.534661  0.428451  0.247278  0.370280  0.779298  0.738613  0.798381  0.697730  0.347986  0.381357  0.269455  0.448095  0.658313  0.393435  0.432317  0.363176  0.363693  0.604431  0.558633  0.365632  0.402805  0.395985  0.383281  0.468139  0.510629  0.812892  0.396075 
10  0.578027  0.637417  0.390657  0.594579  0.317425  0.672186  0.561542  0.579118  0.748741  0.837337 0.0  0.605330  0.689137  0.612306  0.528495  0.613463  0.770198  0.573024  0.537516  0.589760  0.332864  0.632886  0.243507  0.528155  0.678073  0.656953  0.819929  0.661101  0.684842  0.659363  0.537937  0.620500  0.650895  0.568285  0.651850  0.610691  0.696472  0.681139  0.526091  0.753850  0.695219  0.655302  0.675961  0.589359  0.529351  0.631015  0.460675  0.497581  0.620628  0.645435  0.437747  0.613881  0.630945  0.647324  0.626986  0.674122  0.295178  0.674131  0.593702  0.582132  0.646681  0.600534  0.664925  0.673621  0.667763  0.693611  0.549863  0.635649  0.527055  0.601625  0.692229  0.622977  0.694221  0.623154  0.555133  0.605277  0.694809  0.588215  0.555024  0.610170  0.588347  0.612728  0.628669  0.735352  0.593585  0.617398  0.682345  0.656546  0.698748 
11  0.821848  0.737354  0.758343  0.643286  0.607857  0.481205  0.731995  0.701975  0.742789  0.413764  0.605330 0.0  0.741005  0.398137  0.636176  0.532971  0.820967  0.636208  0.665961  0.583192  0.636695  0.457146  0.642967  0.759504  0.445347  0.275714  0.829419  0.597253  0.378406  0.746005  0.699982  0.731143  0.653147  0.265825  0.554938  0.524985  0.445009  0.338820  0.778979  0.621128  0.598304  0.647109  0.272493  0.788001  0.694078  0.749281  0.587812  0.737330  0.757852  0.527015  0.695573  0.742133  0.604151  0.822813  0.548304  0.613282  0.643835  0.452720  0.703915  0.725842  0.688621  0.763957  0.527912  0.358893  0.441665  0.466848  0.538297  0.736268  0.659205  0.620566  0.227992  0.214916  0.224933  0.439277  0.491142  0.246996  0.226933  0.196597  0.351648  0.619784  0.538711  0.156556  0.246831  0.425205  0.208502  0.655223  0.493001  0.751168  0.443673 
12  0.651820  0.367401  0.620414  0.616226  0.595136  0.708053  0.575838  0.595057  0.509991  0.768999  0.689137  0.741005 0.0  0.741961  0.687174  0.744853  0.776793  0.644280  0.723839  0.718341  0.623645  0.689994  0.552252  0.663144  0.774555  0.708820  0.808592  0.681781  0.755194  0.545429  0.643879  0.679389  0.575480  0.827637  0.773210  0.705883  0.800051  0.714715  0.632786  0.583202  0.604434  0.701579  0.695643  0.642909  0.640890  0.440255  0.583208  0.386219  0.682949  0.672288  0.488085  0.627603  0.601643  0.814994  0.856032  0.294676  0.590225  0.733956  0.630274  0.673951  0.671896  0.565451  0.790796  0.675172  0.727951  0.770607  0.568030  0.549344  0.495923  0.668837  0.751021  0.669297  0.793569  0.736644  0.555338  0.632304  0.872885  0.625804  0.702852  0.697326  0.774215  0.690675  0.579357  0.700487  0.790547  0.636542  0.711546  0.497749  0.828708 
13  0.763494  0.850208  0.732218  0.706846  0.684467  0.581577  0.690310  0.765321  0.699927  0.357706  0.612306  0.398137  0.741961 0.0  0.702218  0.539417  0.802977  0.476423  0.613401  0.570061  0.742066  0.202121  0.736941  0.730152  0.206388  0.441814  0.744970  0.514540  0.356895  0.806607  0.736686  0.880266  0.708705  0.550338  0.584341  0.541124  0.355334  0.479374  0.806393  0.766556  0.756524  0.631828  0.426808  0.826659  0.840581  0.665694  0.643789  0.803091  0.680024  0.553558  0.710975  0.756008  0.759400  0.755266  0.381815  0.803326  0.624420  0.576178  0.727161  0.800785  0.713397  0.706331  0.475735  0.316387  0.511288  0.337069  0.710345  0.786652  0.689336  0.752267  0.389018  0.349870  0.392054  0.440585  0.551348  0.597189  0.319529  0.377028  0.338015  0.578391  0.513389  0.478609  0.515398  0.310206  0.411714  0.518564  0.283005  0.855851  0.302394 
14  0.515862  0.616557  0.612917  0.434420  0.601348  0.741067  0.684903  0.462249  0.765510  0.738982  0.528495  0.636176  0.687174  0.702218 0.0  0.744179  0.874172  0.763979  0.354138  0.361421  0.519205  0.691563  0.584540  0.398821  0.671212  0.759109  0.788307  0.778398  0.729652  0.658054  0.437767  0.397028  0.681654  0.551091  0.704992  0.662120  0.754120  0.535571  0.320775  0.621390  0.685805  0.562611  0.745121  0.725613  0.499522  0.764066  0.671433  0.590625  0.449156  0.698670  0.610706  0.482039  0.639754  0.735861  0.795890  0.730862  0.623739  0.631921  0.447255  0.587967  0.322876  0.616095  0.669403  0.760320  0.794730  0.793096  0.627179  0.533513  0.546134  0.552908  0.801921  0.626368  0.837569  0.709163  0.524173  0.635400  0.683449  0.649222  0.737265  0.684325  0.768075  0.678991  0.715932  0.791816  0.749349  0.619378  0.827111  0.694040  0.754315 
15  0.610014  0.698518  0.643657  0.704124  0.637972  0.232140  0.597780  0.622754  0.795597  0.671104  0.613463  0.532971  0.744853  0.539417  0.744179 0.0  0.838578  0.409232  0.688711  0.555051  0.619288  0.662389  0.727743  0.685109  0.717823  0.598354  0.735351  0.344436  0.643222  0.731190  0.776392  0.660340  0.638086  0.550060  0.230012  0.434516  0.560829  0.564450  0.798398  0.735310  0.658388  0.656913  0.528975  0.824045  0.677992  0.811874  0.610236  0.621435  0.752539  0.383945  0.641291  0.778856  0.579887  0.889564  0.574492  0.674525  0.657395  0.407177  0.658458  0.745443  0.622671  0.770170  0.476221  0.575719  0.634968  0.542948  0.599194  0.720709  0.701152  0.708059  0.557012  0.504317  0.591494  0.413885  0.553359  0.543884  0.706366  0.379210  0.552936  0.307130  0.217469  0.586885  0.562271  0.587084  0.443317  0.248806  0.558702  0.635455  0.669143 
16  0.795405  0.766329  0.705294  0.806704  0.835247  0.787752  0.658291  0.856905  0.816203  1.000000  0.770198  0.820967  0.776793  0.802977  0.874172  0.838578 0.0  0.865809  0.791584  0.751127  0.825526  0.808631  0.795791  0.835747  0.862012  0.818913  0.207372  0.824944  0.891576  0.840326  0.770180  0.819219  0.771255  0.844110  0.866501  0.875995  0.890394  0.815407  0.848928  0.881141  0.833826  0.700188  0.812773  0.785287  0.898478  0.676823  0.781310  0.647967  0.860325  0.851610  0.769555  0.862118  0.844859  0.210130  0.776834  0.719716  0.777259  0.733240  0.938720  0.789243  0.795175  0.783008  0.844663  0.902205  0.904860  0.878296  0.692613  0.814114  0.611351  0.759841  0.778210  0.854087  0.907549  0.942574  0.782152  0.935441  0.873449  0.723458  0.878471  0.832671  0.686026  0.833603  0.848948  0.855591  0.948926  0.833883  0.951207  0.683691  0.843339 
17  0.611681  0.706447  0.667813  0.715950  0.662968  0.289153  0.544121  0.832404  0.703294  0.660937  0.573024  0.636208  0.644280  0.476423  0.763979  0.409232  0.865809 0.0  0.752895  0.651822  0.514479  0.504057  0.595352  0.689845  0.572112  0.533112  0.775173  0.377038  0.603108  0.826537  0.801109  0.728243  0.729208  0.592506  0.425258  0.306076  0.569227  0.590298  0.656106  0.739190  0.766365  0.651019  0.558461  0.740896  0.677133  0.745427  0.524058  0.759466  0.658058  0.363305  0.632359  0.714713  0.819339  0.870613  0.606780  0.808086  0.723997  0.368382  0.611491  0.698249  0.674797  0.762615  0.361403  0.601842  0.592392  0.518360  0.691967  0.745586  0.646580  0.711930  0.483848  0.609053  0.650766  0.469761  0.608310  0.513435  0.584370  0.382517  0.524506  0.260520  0.400456  0.603269  0.515850  0.554326  0.469211  0.467251  0.529298  0.829604  0.624973 
18  0.503283  0.733557  0.682423  0.534020  0.526210  0.536668  0.769248  0.517290  0.650528  0.756345  0.537516  0.665961  0.723839  0.613401  0.354138  0.688711  0.791584  0.752895 0.0  0.418086  0.656375  0.653359  0.660557  0.171451  0.837505  0.634117  0.866361  0.640248  0.659312  0.711737  0.607099  0.196760  0.617913  0.717153  0.686716  0.568982  0.626399  0.628110  0.118655  0.740165  0.781393  0.726555  0.622555  0.748985  0.554425  0.817388  0.668255  0.776855  0.573711  0.701058  0.559652  0.421051  0.501234  0.714474  0.799619  0.807089  0.537020  0.621895  0.428907  0.441664  0.254594  0.758774  0.765451  0.746292  0.676173  0.674967  0.722714  0.428642  0.654721  0.760059  0.733354  0.705638  0.665265  0.710380  0.527482  0.712935  0.759480  0.646536  0.641952  0.731710  0.729672  0.716299  0.641548  0.750041  0.845672  0.674967  0.816540  0.777572  0.681373 
19  0.489659  0.646144  0.694170  0.490121  0.586806  0.586796  0.534465  0.531263  0.738449  0.610774  0.589760  0.583192  0.718341  0.570061  0.361421  0.555051  0.751127  0.651822  0.418086 0.0  0.600939  0.503987  0.722075  0.402295  0.641352  0.525348  0.849182  0.485929  0.728427  0.605134  0.404074  0.535071  0.719925  0.673825  0.508662  0.484239  0.465554  0.730461  0.427061  0.779102  0.701481  0.593111  0.614252  0.694543  0.560282  0.746211  0.562251  0.681046  0.495225  0.570170  0.680618  0.394854  0.472323  0.778702  0.683852  0.559153  0.650733  0.525201  0.387910  0.419567  0.389614  0.644903  0.528879  0.587844  0.661214  0.632991  0.746194  0.462783  0.608704  0.627893  0.546374  0.479239  0.588962  0.623002  0.533604  0.667247  0.709564  0.576959  0.557154  0.519949  0.519673  0.542566  0.499202  0.608822  0.609573  0.520643  0.632186  0.695635  0.656816 
20  0.560132  0.673552  0.468069  0.560640  0.373275  0.526068  0.635069  0.629306  0.593696  0.664000  0.332864  0.636695  0.623645  0.742066  0.519205  0.619288  0.825526  0.514479  0.656375  0.600939 0.0  0.599654  0.314432  0.593577  0.649905  0.672622  0.838334  0.662782  0.657903  0.587069  0.565083  0.560640  0.645938  0.489829  0.530338  0.708728  0.562791  0.563387  0.563962  0.569312  0.669687  0.640802  0.696689  0.569095  0.573759  0.581210  0.307094  0.604626  0.633816  0.723837  0.333639  0.452122  0.597214  0.667964  0.643005  0.649696  0.339700  0.529570  0.562693  0.587837  0.508959  0.568068  0.657171  0.640861  0.619998  0.609890  0.453709  0.645869  0.404757  0.578589  0.580335  0.657340  0.712648  0.631210  0.345773  0.628308  0.559609  0.656351  0.647997  0.549171  0.580008  0.635629  0.563752  0.750799  0.717454  0.554200  0.749148  0.568220  0.666205 
21  0.667219  0.728878  0.728658  0.791087  0.649969  0.592058  0.749493  0.831012  0.779579  0.473699  0.632886  0.457146  0.689994  0.202121  0.691563  0.662389  0.808631  0.504057  0.653359  0.503987  0.599654 0.0  0.639454  0.767054  0.341111  0.346310  0.816066  0.586751  0.460425  0.763501  0.746302  0.809281  0.709885  0.534692  0.561750  0.520182  0.229052  0.502275  0.746538  0.736094  0.785421  0.703305  0.419696  0.710612  0.741318  0.751938  0.568344  0.813621  0.715337  0.483293  0.695777  0.696145  0.759397  0.708548  0.370257  0.637104  0.650313  0.436409  0.651050  0.799672  0.697926  0.758094  0.447050  0.302250  0.366036  0.105810  0.619889  0.806046  0.675797  0.700499  0.416220  0.452154  0.383729  0.371368  0.571593  0.480917  0.339524  0.216025  0.405161  0.561866  0.554726  0.438783  0.489589  0.292240  0.356358  0.504826  0.314240  0.774392  0.263279 
22  0.625517  0.691099  0.485953  0.533923  0.268118  0.521977  0.729596  0.636141  0.645170  0.609862  0.243507  0.642967  0.552252  0.736941  0.584540  0.727743  0.795791  0.595352  0.660557  0.722075  0.314432  0.639454 0.0  0.558603  0.735363  0.482789  0.859179  0.642081  0.637835  0.653817  0.642126  0.595724  0.745621  0.617386  0.602522  0.594020  0.591126  0.643363  0.431083  0.780398  0.677218  0.714793  0.664531  0.588512  0.655188  0.597730  0.308749  0.601163  0.548632  0.617009  0.328860  0.639283  0.740230  0.771762  0.635064  0.685650  0.148538  0.582017  0.585930  0.595372  0.495221  0.750817  0.624339  0.623065  0.564773  0.573160  0.599816  0.624788  0.494017  0.609376  0.698343  0.584178  0.662242  0.674194  0.493524  0.627124  0.689103  0.544652  0.638562  0.639355  0.735903  0.551150  0.550082  0.603817  0.740275  0.585038  0.683574  0.722964  0.710291 
23  0.438196  0.609278  0.672867  0.439021  0.587347  0.699537  0.686048  0.514423  0.679233  0.724302  0.528155  0.759504  0.663144  0.730152  0.398821  0.685109  0.835747  0.689845  0.171451  0.402295  0.593577  0.767054  0.558603 0.0  0.813345  0.784984  0.813743  0.712925  0.735295  0.783283  0.512714  0.194434  0.622160  0.602905  0.664101  0.759570  0.756649  0.756987  0.227379  0.630496  0.585530  0.743374  0.701831  0.791770  0.617538  0.684079  0.500081  0.608626  0.431018  0.751902  0.541955  0.459664  0.519450  0.789673  0.775916  0.616835  0.439320  0.686489  0.426619  0.487597  0.196077  0.679819  0.636806  0.709900  0.707991  0.769845  0.565994  0.459883  0.569625  0.536426  0.736187  0.706303  0.839617  0.736179  0.334934  0.666296  0.622309  0.582364  0.705133  0.700581  0.656362  0.695833  0.625154  0.739324  0.783373  0.680049  0.829960  0.777080  0.766714 
24  0.685126  0.794122  0.592200  0.713048  0.716446  0.624706  0.724661  0.848410  0.803180  0.435790  0.678073  0.445347  0.774555  0.206388  0.671212  0.717823  0.862012  0.572112  0.837505  0.641352  0.649905  0.341111  0.735363  0.813345 0.0  0.461856  0.846550  0.621223  0.391626  0.801956  0.720512  0.778218  0.638990  0.399153  0.480094  0.523005  0.177886  0.350984  0.815734  0.734442  0.829940  0.749858  0.442006  0.755492  0.764546  0.848103  0.729518  0.804547  0.785075  0.560892  0.689150  0.786770  0.872649  0.732268  0.336920  0.706431  0.752416  0.639919  0.772354  0.794191  0.702482  0.660654  0.604030  0.250436  0.391858  0.274206  0.650569  0.737380  0.594085  0.840860  0.469840  0.442948  0.400249  0.396712  0.556369  0.432536  0.396640  0.307923  0.379180  0.572452  0.634615  0.472294  0.498133  0.323044  0.425513  0.525442  0.202023  0.799187  0.275774 
25  0.664359  0.606878  0.630214  0.590785  0.603892  0.539636  0.632713  0.752879  0.792741  0.360857  0.656953  0.275714  0.708820  0.441814  0.759109  0.598354  0.818913  0.533112  0.634117  0.525348  0.672622  0.346310  0.482789  0.784984  0.461856 0.0  0.818752  0.509138  0.375027  0.762461  0.605651  0.742574  0.602524  0.467721  0.449356  0.539623  0.423296  0.366907  0.789027  0.800797  0.688835  0.758611  0.345543  0.704122  0.717137  0.689886  0.469007  0.596341  0.654303  0.468125  0.660797  0.589782  0.625741  0.748999  0.412676  0.587927  0.611473  0.396948  0.718810  0.749490  0.708666  0.641563  0.470863  0.432434  0.414715  0.546005  0.634558  0.812811  0.641650  0.647409  0.403709  0.298243  0.535891  0.286828  0.453908  0.396723  0.406747  0.289285  0.295259  0.510127  0.581425  0.420962  0.425027  0.498298  0.462131  0.486117  0.503948  0.780429  0.387450 
26  0.840939  0.734056  0.711310  0.713668  0.778560  0.733177  0.799102  0.902923  0.728949  0.950696  0.819929  0.829419  0.808592  0.744970  0.788307  0.735351  0.207372  0.775173  0.866361  0.849182  0.838334  0.816066  0.859179  0.813743  0.846550  0.818752 0.0  0.865061  0.860971  0.673290  0.782161  0.859041  0.783321  0.702857  0.727197  0.888516  0.962705  0.767864  0.825909  0.798566  0.870946  0.849922  0.914442  0.761626  0.901882  0.739305  0.894255  0.661667  0.850967  0.799397  0.699818  0.819093  0.768831  0.198010  0.928420  0.768341  0.701992  0.772127  0.739786  0.734074  0.797322  0.764619  0.774733  0.820989  0.926348  0.814690  0.814374  0.813833  0.787350  0.777603  0.858379  0.872003  0.896043  0.857133  0.676039  0.797776  0.970720  0.675977  0.917876  0.779946  0.841368  0.730195  0.766796  0.937389  0.881506  0.808007  0.775936  0.742097  0.804249 
27  0.667510  0.697867  0.574205  0.702641  0.655715  0.227168  0.679518  0.603330  0.723526  0.426216  0.661101  0.597253  0.681781  0.514540  0.778398  0.344436  0.824944  0.377038  0.640248  0.485929  0.662782  0.586751  0.642081  0.712925  0.621223  0.509138  0.865061 0.0  0.640092  0.741020  0.711355  0.791756  0.730287  0.649757  0.262884  0.454776  0.503091  0.616244  0.650799  0.829241  0.774995  0.714839  0.462917  0.655634  0.826392  0.786131  0.566251  0.608961  0.760180  0.301488  0.616158  0.700167  0.734740  0.747014  0.556368  0.771555  0.654772  0.395479  0.732360  0.701063  0.637601  0.658670  0.291380  0.540417  0.465485  0.506343  0.620252  0.785158  0.677824  0.641413  0.587615  0.575600  0.461367  0.394507  0.502718  0.553137  0.578031  0.423311  0.541104  0.383616  0.221549  0.544369  0.628770  0.702306  0.540521  0.173700  0.450391  0.742040  0.561288 
28  0.711945  0.701054  0.698414  0.612956  0.541588  0.627141  0.710820  0.647432  0.716142  0.292794  0.684842  0.378406  0.755194  0.356895  0.729652  0.643222  0.891576  0.603108  0.659312  0.728427  0.657903  0.460425  0.637835  0.735295  0.391626  0.375027  0.860971  0.640092 0.0  0.709839  0.741791  0.817512  0.658687  0.415332  0.525490  0.540899  0.506526  0.451275  0.729511  0.716116  0.721516  0.629234  0.363874  0.704487  0.604639  0.768045  0.553523  0.638127  0.753312  0.615108  0.662292  0.698446  0.589576  0.920134  0.415950  0.692428  0.724037  0.490256  0.731621  0.546725  0.638973  0.701000  0.553056  0.372780  0.345955  0.497160  0.634450  0.706900  0.712657  0.657438  0.224655  0.305251  0.127145  0.362699  0.548491  0.316889  0.157453  0.376795  0.429399  0.601973  0.653734  0.311250  0.240364  0.364295  0.363780  0.534072  0.499639  0.777802  0.427673 
29  0.566230  0.355859  0.598497  0.776321  0.693324  0.703741  0.475140  0.671698  0.391900  0.883011  0.659363  0.746005  0.545429  0.806607  0.658054  0.731190  0.840326  0.826537  0.711737  0.605134  0.587069  0.763501  0.653817  0.783283  0.801956  0.762461  0.673290  0.741020  0.709839 0.0  0.683948  0.783579  0.691021  0.618838  0.811360  0.736323  0.700388  0.593596  0.614698  0.697745  0.626296  0.525153  0.783965  0.240122  0.754861  0.276442  0.704015  0.292977  0.713534  0.735203  0.646273  0.686692  0.667197  0.745725  0.739280  0.476495  0.736189  0.709239  0.654366  0.710640  0.552474  0.264902  0.866880  0.853785  0.786385  0.864314  0.657629  0.791444  0.520407  0.633164  0.821683  0.636915  0.704848  0.744736  0.493840  0.653870  0.778578  0.595059  0.781713  0.746637  0.776302  0.804076  0.741481  0.754734  0.705158  0.779104  0.837857  0.210496  0.826865 
30  0.415090  0.636734  0.670775  0.503242  0.660280  0.671109  0.548537  0.386292  0.600704  0.740393  0.537937  0.699982  0.643879  0.736686  0.437767  0.776392  0.770180  0.801109  0.607099  0.404074  0.565083  0.746302  0.642126  0.512714  0.720512  0.605651  0.782161  0.711355  0.741791  0.683948 0.0  0.486821  0.626697  0.555830  0.757488  0.629529  0.793779  0.642718  0.574763  0.654294  0.604452  0.536858  0.830827  0.621409  0.507571  0.513108  0.628496  0.622276  0.487029  0.742155  0.626427  0.559045  0.382370  0.728372  0.729438  0.508024  0.683116  0.644016  0.407202  0.370468  0.441406  0.618380  0.796742  0.611690  0.838056  0.856929  0.576823  0.457735  0.532466  0.569788  0.872483  0.704746  0.750185  0.770464  0.436119  0.688369  0.710272  0.561208  0.703676  0.727473  0.725746  0.693819  0.704367  0.751655  0.745419  0.610549  0.816436  0.647198  0.687646 
31  0.546755  0.667705  0.589325  0.554817  0.673652  0.665525  0.643559  0.632607  0.796798  0.717176  0.620500  0.731143  0.679389  0.880266  0.397028  0.660340  0.819219  0.728243  0.196760  0.535071  0.560640  0.809281  0.595724  0.194434  0.778218  0.742574  0.859041  0.791756  0.817512  0.783579  0.486821 0.0  0.650964  0.778507  0.726711  0.750277  0.751921  0.795289  0.240382  0.627151  0.691841  0.672445  0.725262  0.633610  0.474800  0.787166  0.581851  0.786588  0.520040  0.772708  0.593871  0.436889  0.569491  0.840081  0.800069  0.725635  0.560488  0.654243  0.513127  0.513777  0.295582  0.741965  0.698296  0.934856  0.705049  0.742527  0.631201  0.593312  0.668792  0.699444  0.779944  0.747464  0.870535  0.756058  0.406027  0.718901  0.712989  0.573407  0.711569  0.746808  0.731688  0.666525  0.691168  0.760954  0.819135  0.738074  0.767934  0.773915  0.790022 
32  0.528253  0.636750  0.669173  0.649507  0.553401  0.755210  0.711343  0.600247  0.584156  0.876823  0.650895  0.653147  0.575480  0.708705  0.681654  0.638086  0.771255  0.729208  0.617913  0.719925  0.645938  0.709885  0.745621  0.622160  0.638990  0.602524  0.783321  0.730287  0.658687  0.691021  0.626697  0.650964 0.0  0.628636  0.766393  0.736603  0.818521  0.593401  0.598569  0.385501  0.394473  0.187917  0.683262  0.578751  0.522138  0.622943  0.636392  0.596171  0.687059  0.707297  0.637956  0.767025  0.552580  0.815751  0.770803  0.646586  0.657491  0.688148  0.627250  0.522568  0.723195  0.586012  0.761242  0.669704  0.807671  0.794250  0.611882  0.523797  0.702755  0.610671  0.671972  0.594243  0.647903  0.583510  0.590369  0.608844  0.685123  0.670818  0.742573  0.751838  0.612377  0.555797  0.681638  0.712238  0.788092  0.755052  0.742300  0.658705  0.733078 
33  0.592302  0.669995  0.566891  0.731284  0.588937  0.565456  0.579137  0.780834  0.717086  0.394946  0.568285  0.265825  0.827637  0.550338  0.551091  0.550060  0.844110  0.592506  0.717153  0.673825  0.489829  0.534692  0.617386  0.602905  0.399153  0.467721  0.702857  0.649757  0.415332  0.618838  0.555830  0.778507  0.628636 0.0  0.613432  0.674925  0.513805  0.173832  0.676114  0.690383  0.663509  0.623279  0.303938  0.720422  0.775432  0.770602  0.618859  0.538321  0.623546  0.593126  0.540850  0.642921  0.789078  0.831965  0.478301  0.641579  0.663158  0.557195  0.655500  0.674437  0.705580  0.560379  0.648783  0.369025  0.507043  0.535542  0.558364  0.700613  0.472681  0.577081  0.388178  0.283582  0.423905  0.350695  0.544340  0.328506  0.402801  0.289523  0.393141  0.570064  0.545807  0.280729  0.364394  0.482414  0.428815  0.507016  0.480625  0.679984  0.537861 
34  0.752999  0.781035  0.642362  0.667444  0.612192  0.176527  0.688993  0.754568  0.755199  0.551872  0.651850  0.554938  0.773210  0.584341  0.704992  0.230012  0.866501  0.425258  0.686716  0.508662  0.530338  0.561750  0.602522  0.664101  0.480094  0.449356  0.727197  0.262884  0.525490  0.811360  0.757488  0.726711  0.766393  0.613432 0.0  0.340252  0.501813  0.619502  0.730757  0.770044  0.675602  0.742904  0.525196  0.805593  0.796983  0.746994  0.547867  0.769196  0.641839  0.356960  0.572755  0.624448  0.704281  0.789734  0.530831  0.563348  0.685321  0.341298  0.736290  0.662119  0.761236  0.644388  0.391769  0.709492  0.463939  0.551482  0.696244  0.721261  0.622366  0.770040  0.592304  0.594581  0.566327  0.613961  0.410893  0.472831  0.515858  0.326366  0.648499  0.159191  0.239047  0.564385  0.513691  0.671389  0.693283  0.314577  0.533000  0.751498  0.684911 
35  0.738167  0.768152  0.722037  0.688747  0.630135  0.283178  0.576716  0.884691  0.749796  0.571507  0.610691  0.524985  0.705883  0.541124  0.662120  0.434516  0.875995  0.306076  0.568982  0.484239  0.708728  0.520182  0.594020  0.759570  0.523005  0.539623  0.888516  0.454776  0.540899  0.736323  0.629529  0.750277  0.736603  0.674925  0.340252 0.0  0.349938  0.571508  0.643824  0.856071  0.872221  0.759941  0.484611  0.861422  0.796043  0.751628  0.564065  0.763124  0.719937  0.193710  0.780020  0.698522  0.825369  0.756517  0.480286  0.681511  0.523531  0.214808  0.749845  0.780396  0.654448  0.619960  0.255007  0.437892  0.494599  0.499957  0.690412  0.728024  0.796613  0.672686  0.533151  0.520035  0.495299  0.641094  0.562280  0.548672  0.604403  0.370840  0.443984  0.205514  0.356700  0.486216  0.528060  0.535123  0.519340  0.258465  0.570351  0.783205  0.567385 
36  0.768268  0.829949  0.628953  0.735264  0.725275  0.569774  0.800949  0.698334  0.849619  0.410175  0.696472  0.445009  0.800051  0.355334  0.754120  0.560829  0.890394  0.569227  0.626399  0.465554  0.562791  0.229052  0.591126  0.756649  0.177886  0.423296  0.962705  0.503091  0.506526  0.700388  0.793779  0.751921  0.818521  0.513805  0.501813  0.349938 0.0  0.464492  0.766628  0.736937  0.757232  0.727740  0.368986  0.683386  0.759736  0.834052  0.653115  0.710930  0.713542  0.375409  0.656794  0.805129  0.824970  0.838862  0.171608  0.780015  0.667777  0.511882  0.672489  0.846336  0.710646  0.770807  0.584037  0.352483  0.380064  0.172920  0.695368  0.777220  0.809221  0.766421  0.448267  0.354919  0.462567  0.360381  0.536530  0.459187  0.416440  0.260915  0.377360  0.397443  0.503597  0.530855  0.414574  0.183529  0.501472  0.515672  0.078344  0.732893  0.235982 
37  0.629675  0.674154  0.531038  0.677452  0.560796  0.592742  0.601504  0.703705  0.770452  0.435166  0.681139  0.338820  0.714715  0.479374  0.535571  0.564450  0.815407  0.590298  0.628110  0.730461  0.563387  0.502275  0.643363  0.756987  0.350984  0.366907  0.767864  0.616244  0.451275  0.593596  0.642718  0.795289  0.593401  0.173832  0.619502  0.571508  0.464492 0.0  0.690282  0.575634  0.664948  0.610239  0.441486  0.710179  0.706372  0.690347  0.598412  0.566906  0.571397  0.581444  0.573765  0.692998  0.822466  0.806782  0.538243  0.659474  0.685056  0.561705  0.613058  0.657274  0.670690  0.724845  0.566409  0.426837  0.493089  0.572936  0.561896  0.554129  0.558366  0.590951  0.390800  0.299410  0.296241  0.372105  0.459270  0.465223  0.342411  0.248033  0.415734  0.495369  0.565265  0.369514  0.398332  0.434367  0.378303  0.580672  0.460572  0.728211  0.472063 
38  0.524961  0.745933  0.673703  0.364346  0.606260  0.620725  0.730022  0.597582  0.717584  0.728503  0.526091  0.778979  0.632786  0.806393  0.320775  0.798398  0.848928  0.656106  0.118655  0.427061  0.563962  0.746538  0.431083  0.227379  0.815734  0.789027  0.825909  0.650799  0.729511  0.614698  0.574763  0.240382  0.598569  0.676114  0.730757  0.643824  0.766628  0.690282 0.0  0.742728  0.715450  0.681506  0.639391  0.715973  0.656208  0.742202  0.610059  0.623895  0.422597  0.595841  0.598632  0.485473  0.477284  0.802904  0.819218  0.675093  0.543757  0.752174  0.473898  0.514353  0.160070  0.658212  0.781862  0.847734  0.713311  0.712170  0.581425  0.504052  0.537549  0.604839  0.786972  0.629447  0.724617  0.745842  0.406641  0.773660  0.693321  0.547186  0.801732  0.681683  0.787000  0.803927  0.598681  0.846820  0.857733  0.791755  0.742093  0.713161  0.642757 
39  0.636468  0.647391  0.597845  0.746364  0.666424  0.794498  0.733709  0.581288  0.631538  0.832627  0.753850  0.621128  0.583202  0.766556  0.621390  0.735310  0.881141  0.739190  0.740165  0.779102  0.569312  0.736094  0.780398  0.630496  0.734442  0.800797  0.798566  0.829241  0.716116  0.697745  0.654294  0.627151  0.385501  0.690383  0.770044  0.856071  0.736937  0.575634  0.742728 0.0  0.313385  0.219574  0.763152  0.604239  0.660941  0.709028  0.666840  0.685177  0.747120  0.790375  0.773457  0.837515  0.593471  0.908941  0.738681  0.633327  0.701931  0.594600  0.662207  0.603969  0.801514  0.737163  0.748761  0.779016  0.884935  0.800692  0.620920  0.609385  0.638154  0.649631  0.739120  0.745847  0.675323  0.674001  0.516055  0.588335  0.703731  0.668709  0.737914  0.788565  0.704593  0.687800  0.743426  0.680277  0.782838  0.685645  0.763722  0.655396  0.753746 
40  0.649661  0.583825  0.624043  0.569845  0.621198  0.775690  0.627215  0.603040  0.618365  0.859243  0.695219  0.598304  0.604434  0.756524  0.685805  0.658388  0.833826  0.766365  0.781393  0.701481  0.669687  0.785421  0.677218  0.585530  0.829940  0.688835  0.870946  0.774995  0.721516  0.626296  0.604452  0.691841  0.394473  0.663509  0.675602  0.872221  0.757232  0.664948  0.715450  0.313385 0.0  0.336422  0.733749  0.632565  0.496473  0.663189  0.707878  0.607239  0.703583  0.729507  0.549975  0.658671  0.548073  0.749005  0.711778  0.660718  0.720576  0.734930  0.620135  0.623853  0.666867  0.616134  0.694183  0.710241  0.801317  0.747987  0.680053  0.594837  0.644024  0.778949  0.840327  0.705106  0.751192  0.649543  0.563378  0.664480  0.724265  0.800318  0.705865  0.793780  0.648593  0.698390  0.582979  0.724994  0.833103  0.740561  0.716355  0.513903  0.706067 
41  0.610090  0.505929  0.556931  0.673615  0.622994  0.614898  0.601160  0.667316  0.575407  0.709251  0.655302  0.647109  0.701579  0.631828  0.562611  0.656913  0.700188  0.651019  0.726555  0.593111  0.640802  0.703305  0.714793  0.743374  0.749858  0.758611  0.849922  0.714839  0.629234  0.525153  0.536858  0.672445  0.187917  0.623279  0.742904  0.759941  0.727740  0.610239  0.681506  0.219574  0.336422 0.0  0.713597  0.679457  0.595496  0.662311  0.739178  0.646468  0.685422  0.843549  0.660315  0.650426  0.487150  0.801859  0.713517  0.559571  0.762200  0.700580  0.551574  0.584079  0.665933  0.588046  0.735730  0.878457  0.882648  0.811812  0.623464  0.573247  0.629674  0.579062  0.781009  0.699531  0.592888  0.800910  0.544565  0.591368  0.720554  0.691849  0.681675  0.673820  0.698427  0.669238  0.747274  0.760097  0.796181  0.643119  0.703496  0.591499  0.605030 
42  0.699201  0.861799  0.756278  0.733483  0.521642  0.518186  0.852667  0.699210  0.762394  0.164554  0.675961  0.272493  0.695643  0.426808  0.745121  0.528975  0.812773  0.558461  0.622555  0.614252  0.696689  0.419696  0.664531  0.701831  0.442006  0.345543  0.914442  0.462917  0.363874  0.783965  0.830827  0.725262  0.683262  0.303938  0.525196  0.484611  0.368986  0.441486  0.639391  0.763152  0.733749  0.713597 0.0  0.810678  0.779387  0.747371  0.570621  0.727799  0.602276  0.604272  0.581433  0.731710  0.700939  0.820158  0.456141  0.743550  0.570787  0.584966  0.781048  0.892315  0.585007  0.672735  0.618928  0.391087  0.229751  0.354996  0.657964  0.771830  0.600417  0.674716  0.398494  0.339775  0.248642  0.445209  0.407402  0.215033  0.300033  0.372280  0.337853  0.515483  0.469126  0.290929  0.280771  0.420525  0.282802  0.555768  0.425640  0.828105  0.494538 
43  0.736558  0.304692  0.574038  0.670489  0.715993  0.752686  0.640998  0.674086  0.478010  0.746491  0.589359  0.788001  0.642909  0.826659  0.725613  0.824045  0.785287  0.740896  0.748985  0.694543  0.569095  0.710612  0.588512  0.791770  0.755492  0.704122  0.761626  0.655634  0.704487  0.240122  0.621409  0.633610  0.578751  0.720422  0.805593  0.861422  0.683386  0.710179  0.715973  0.604239  0.632565  0.679457  0.810678 0.0  0.669286  0.363175  0.640668  0.216588  0.678165  0.725705  0.582468  0.705100  0.652654  0.754876  0.847795  0.458425  0.730502  0.696915  0.679379  0.696068  0.693321  0.311429  0.729267  0.784633  0.783313  0.829706  0.708822  0.625501  0.458766  0.629063  0.798962  0.689542  0.699978  0.670093  0.373006  0.763085  0.738837  0.584460  0.751714  0.733374  0.838730  0.758697  0.690398  0.802660  0.741679  0.739351  0.669001  0.334205  0.696731 
44  0.316363  0.585107  0.562916  0.327095  0.639635  0.852020  0.530866  0.197173  0.690018  0.854904  0.529351  0.694078  0.640890  0.840581  0.499522  0.677992  0.898478  0.677133  0.554425  0.560282  0.573759  0.741318  0.655188  0.617538  0.764546  0.717137  0.901882  0.826392  0.604639  0.754861  0.507571  0.474800  0.522138  0.775432  0.796983  0.796043  0.759736  0.706372  0.656208  0.660941  0.496473  0.595496  0.779387  0.669286 0.0  0.725475  0.525763  0.739879  0.412672  0.785789  0.694362  0.473065  0.217558  0.859465  0.762750  0.616036  0.703221  0.729205  0.389923  0.381565  0.496768  0.718725  0.876568  0.850905  0.713235  0.808876  0.540643  0.253125  0.534156  0.690415  0.602433  0.774054  0.685607  0.746141  0.542797  0.765391  0.629353  0.638650  0.670773  0.653522  0.772825  0.628327  0.675857  0.882873  0.728286  0.788601  0.807189  0.702407  0.743695 
