89
0 0.0  0.491090  0.454415  0.287650  0.479644  0.656683  0.602478  0.224106  0.709588  0.721373  0.532345  0.745122  0.685160  0.714583  0.422353  0.658137  0.734559  0.688299  0.426543  0.402079  0.474712  0.780262  0.524069  0.388423  0.794497  0.600993  0.895865  0.660853  0.689798  0.562350  0.422000  0.426792  0.483217  0.661328  0.676735  0.779785  0.737485  0.632828  0.484511  0.549958  0.492022  0.431066  0.682382  0.624112  0.287546  0.588107  0.509488  0.648288  0.295832  0.560061  0.490264  0.302401  0.249990  0.757883  0.708493  0.602087  0.538774  0.666804  0.298793  0.181768  0.385111  0.588542  0.637729  0.860259  0.625049  0.714379  0.548555  0.268559  0.542966  0.687148  0.597299  0.625023  0.624399  0.663897  0.396198  0.732198  0.647850  0.546556  0.685651  0.606843  0.609671  0.558276  0.635986  0.747581  0.765111  0.632042  0.699166  0.672431  0.663719 
1  0.491090 0.0  0.566618  0.715856  0.457542  0.684787  0.469343  0.549375  0.243457  0.758803  0.548041  0.721758  0.403024  0.782747  0.577331  0.805011  0.788439  0.726968  0.748856  0.646065  0.540901  0.624920  0.594222  0.692626  0.709070  0.648037  0.759604  0.674841  0.666591  0.270065  0.507324  0.566516  0.586838  0.562107  0.632204  0.821254  0.689881  0.575510  0.605968  0.623784  0.599727  0.526437  0.818726  0.204031  0.576405  0.221072  0.594953  0.254177  0.533096  0.634517  0.550069  0.670591  0.689755  0.730593  0.691056  0.363942  0.555286  0.596275  0.605838  0.635139  0.659866  0.303649  0.663509  0.707908  0.708392  0.647357  0.592581  0.575686  0.542745  0.576339  0.655743  0.683062  0.745806  0.607939  0.402805  0.604281  0.674956  0.523014  0.757217  0.786702  0.626874  0.628791  0.564049  0.748982  0.602586  0.630526  0.705476  0.248612  0.799933 
2  0.454415  0.566618 0.0  0.562024  0.327194  0.599628  0.558798  0.433324  0.523809  0.591115  0.366598  0.546378  0.584236  0.675711  0.585365  0.586433  0.631237  0.684409  0.595566  0.656506  0.361706  0.727855  0.381808  0.663804  0.536842  0.630519  0.739205  0.502272  0.616089  0.490811  0.580049  0.602841  0.569103  0.514429  0.687893  0.550797  0.625846  0.575579  0.654734  0.670256  0.573935  0.589790  0.587142  0.563254  0.701991  0.456216  0.374020  0.553912  0.517415  0.653263  0.370163  0.607622  0.605040  0.733011  0.748386  0.456600  0.361413  0.530552  0.505545  0.547129  0.511896  0.491679  0.564901  0.520274  0.754018  0.673611  0.511574  0.595909  0.205458  0.512575  0.730075  0.553720  0.732693  0.631548  0.416347  0.633134  0.568956  0.567873  0.593875  0.615434  0.565222  0.545469  0.631995  0.670281  0.564834  0.640088  0.723873  0.595665  0.618182 
3  0.287650  0.715856  0.562024 0.0  0.529975  0.712348  0.731296  0.285885  0.585733  0.808101  0.567985  0.613390  0.556290  0.818462  0.343703  0.732016  0.904205  0.642923  0.416584  0.332426  0.463067  0.666430  0.460777  0.360095  0.596822  0.644677  0.613597  0.662557  0.616319  0.601685  0.422006  0.339980  0.614748  0.600204  0.532112  0.655782  0.635809  0.578903  0.374623  0.646640  0.646532  0.575494  0.553201  0.542944  0.333736  0.673536  0.516610  0.652115  0.175750  0.682454  0.676305  0.333987  0.304316  0.756894  0.663565  0.663489  0.504684  0.604535  0.294764  0.281830  0.367842  0.686774  0.645609  0.763109  0.604601  0.778525  0.503084  0.289809  0.546187  0.583614  0.767196  0.600012  0.744438  0.624137  0.411081  0.588878  0.571703  0.549533  0.650100  0.618082  0.610771  0.573902  0.569980  0.632912  0.452306  0.651238  0.616363  0.637321  0.708087 
4  0.479644  0.457542  0.327194  0.529975 0.0  0.548843  0.560223  0.480318  0.611821  0.647659  0.197885  0.550260  0.576653  0.625145  0.535922  0.595278  0.776100  0.519860  0.556847  0.560525  0.319437  0.596903  0.179834  0.572856  0.654841  0.445470  0.739272  0.572772  0.666113  0.578142  0.468305  0.501729  0.518280  0.564466  0.573296  0.479344  0.540633  0.429653  0.564441  0.637133  0.572532  0.653664  0.570063  0.479276  0.631591  0.576580  0.324636  0.604848  0.633738  0.562928  0.336735  0.519938  0.531083  0.638928  0.557960  0.524289  0.163208  0.585545  0.542778  0.527428  0.502230  0.519561  0.535427  0.558002  0.576722  0.642361  0.457105  0.482205  0.322252  0.727403  0.608269  0.503506  0.645926  0.552250  0.356314  0.569849  0.548737  0.560873  0.518220  0.554589  0.592501  0.518980  0.601501  0.612609  0.663774  0.555961  0.633642  0.621485  0.642957 
5  0.656683  0.684787  0.599628  0.712348  0.548843 0.0  0.663939  0.707073  0.667963  0.521194  0.599420  0.485100  0.537436  0.495361  0.561017  0.199609  0.772209  0.283092  0.501812  0.541583  0.475432  0.400239  0.497836  0.644962  0.501585  0.526547  0.790322  0.264349  0.495411  0.724070  0.688702  0.578641  0.656632  0.504592  0.224082  0.288085  0.507764  0.576593  0.560710  0.649766  0.688580  0.658411  0.479300  0.651109  0.812018  0.787857  0.505982  0.615696  0.589229  0.339626  0.542044  0.576025  0.746787  0.643986  0.583510  0.735309  0.512446  0.328836  0.653274  0.619508  0.591880  0.651916  0.367581  0.550734  0.444032  0.403294  0.687867  0.686974  0.627265  0.530145  0.520079  0.481378  0.526294  0.459952  0.452698  0.475066  0.465338  0.408504  0.505068  0.284248  0.234833  0.504853  0.546311  0.459640  0.545622  0.288595  0.545735  0.598047  0.520219 
6  0.602478  0.469343  0.558798  0.731296  0.560223  0.663939 0.0  0.572390  0.665444  0.675596  0.596808  0.676728  0.648378  0.628902  0.602420  0.649088  0.730124  0.589924  0.540137  0.705545  0.586056  0.637659  0.543453  0.605953  0.635362  0.518237  0.809415  0.742815  0.643737  0.566127  0.485332  0.630547  0.583065  0.568293  0.602285  0.648578  0.677834  0.556617  0.643040  0.585883  0.542948  0.604950  0.748749  0.601432  0.497001  0.431305  0.567393  0.461750  0.528138  0.668064  0.490149  0.632643  0.571139  0.607437  0.566804  0.470072  0.688860  0.570945  0.629229  0.543620  0.579212  0.442384  0.607395  0.726771  0.722030  0.722325  0.373100  0.542505  0.518086  0.421210  0.649109  0.617088  0.522189  0.510704  0.504236  0.596820  0.666359  0.554816  0.627298  0.614115  0.693967  0.544298  0.615145  0.623475  0.636280  0.577951  0.602757  0.482012  0.683290 
7  0.224106  0.549375  0.433324  0.285885  0.480318  0.707073  0.572390 0.0  0.589567  0.704627  0.511024  0.676541  0.699218  0.652620  0.397572  0.751742  0.799748  0.692568  0.494228  0.459922  0.499061  0.697683  0.634049  0.481558  0.612236  0.567432  0.711685  0.826424  0.518762  0.736980  0.368554  0.449113  0.497390  0.664825  0.719593  0.823498  0.681647  0.752296  0.452196  0.510380  0.563058  0.434587  0.844425  0.625029  0.118670  0.661753  0.545963  0.611900  0.332412  0.694038  0.624320  0.338068  0.129848  0.602188  0.679557  0.722925  0.635790  0.758469  0.319323  0.269889  0.427912  0.607407  0.768679  0.735228  0.655254  0.731253  0.613224  0.276734  0.501930  0.656284  0.675578  0.706838  0.727514  0.755251  0.486998  0.637036  0.777519  0.582487  0.714101  0.699529  0.619161  0.595603  0.530400  0.706094  0.744644  0.674725  0.717410  0.543434  0.747633 
8  0.709588  0.243457  0.523809  0.585733  0.611821  0.667963  0.665444  0.589567 0.0  0.758646  0.619533  0.631423  0.313393  0.754563  0.565552  0.689940  0.613323  0.690205  0.648288  0.600369  0.633202  0.693457  0.449695  0.601756  0.787764  0.767510  0.713298  0.739308  0.705165  0.308059  0.699857  0.683979  0.569962  0.613780  0.628265  0.666781  0.543354  0.703548  0.580269  0.638390  0.639791  0.599432  0.649360  0.353121  0.586196  0.291617  0.704856  0.301289  0.673782  0.676174  0.598083  0.642054  0.688562  0.733253  0.714234  0.392089  0.613570  0.689815  0.525803  0.708720  0.632333  0.369696  0.683865  0.786439  0.840738  0.669824  0.609489  0.700825  0.571002  0.535753  0.640692  0.616505  0.695846  0.718362  0.412362  0.709113  0.754886  0.691563  0.738554  0.750515  0.602852  0.548525  0.601609  0.854693  0.777765  0.664386  0.753773  0.332418  0.780209 
9  0.721373  0.758803  0.591115  0.808101  0.647659  0.521194  0.675596  0.704627  0.758646 0.0  0.658812  0.287056  0.692977  0.384793  0.741170  0.543956  0.864533  0.449961  0.734354  0.584772  0.684650  0.388395  0.572119  0.790594  0.391316  0.369307  0.927309  0.508669  0.279350  0.696650  0.699408  0.691735  0.675176  0.349931  0.473609  0.518302  0.365391  0.422071  0.652282  0.649161  0.656299  0.669243  0.197109  0.710052  0.751429  0.767189  0.622320  0.718920  0.763860  0.581251  0.643375  0.612100  0.733251  0.865948  0.418450  0.666971  0.521700  0.491182  0.670398  0.669845  0.615511  0.696562  0.542800  0.348434  0.185145  0.323794  0.674742  0.658688  0.558473  0.696369  0.266495  0.351569  0.284591  0.382666  0.533426  0.310349  0.362727  0.314504  0.384240  0.503146  0.436959  0.329418  0.316096  0.348966  0.300036  0.447184  0.313820  0.698872  0.340282 
10  0.532345  0.548041  0.366598  0.567985  0.197885  0.599420  0.596808  0.511024  0.619533  0.658812 0.0  0.570046  0.497357  0.606525  0.659190  0.498442  0.672575  0.609006  0.594813  0.541340  0.316049  0.543749  0.212998  0.621466  0.631129  0.542872  0.848033  0.668888  0.565625  0.658645  0.520421  0.561699  0.490136  0.562336  0.521735  0.548790  0.656675  0.475379  0.572745  0.671240  0.609845  0.564102  0.520261  0.522933  0.542127  0.515854  0.352690  0.487252  0.429032  0.519795  0.323737  0.435022  0.612880  0.722615  0.633341  0.634699  0.237637  0.567870  0.558027  0.602356  0.464137  0.595847  0.495732  0.590837  0.656571  0.691305  0.563679  0.621228  0.336261  0.598003  0.654387  0.599034  0.502110  0.529135  0.517588  0.587864  0.769280  0.534104  0.552361  0.611833  0.598412  0.574429  0.463790  0.639765  0.692533  0.641202  0.627488  0.656403  0.492794 
11  0.745122  0.721758  0.546378  0.613390  0.550260  0.485100  0.676728  0.676541  0.631423  0.287056  0.570046 0.0  0.605413  0.340751  0.705350  0.454908  0.761688  0.484613  0.629568  0.568310  0.535789  0.328456  0.647459  0.721611  0.374303  0.304179  0.866433  0.484956  0.240752  0.712368  0.701659  0.717767  0.610884  0.317008  0.438066  0.489582  0.354242  0.332323  0.656649  0.588437  0.633518  0.593962  0.261142  0.529957  0.714394  0.636828  0.579812  0.694003  0.615226  0.458702  0.491955  0.689687  0.698482  0.798754  0.382593  0.715238  0.556804  0.397937  0.487534  0.645823  0.591539  0.596897  0.460770  0.373719  0.294390  0.317326  0.581365  0.645040  0.532357  0.587738  0.261330  0.188246  0.188087  0.396663  0.527211  0.254221  0.211533  0.239922  0.365838  0.360176  0.488308  0.211649  0.265842  0.362248  0.227893  0.448824  0.411663  0.671756  0.342658 
12  0.685160  0.403024  0.584236  0.556290  0.576653  0.537436  0.648378  0.699218  0.313393  0.692977  0.497357  0.605413 0.0  0.698768  0.684046  0.616518  0.686143  0.708685  0.662026  0.615349  0.617069  0.709638  0.558508  0.569359  0.835861  0.538105  0.676369  0.669128  0.566480  0.420911  0.588623  0.600576  0.524809  0.642803  0.624017  0.546907  0.720160  0.611450  0.571644  0.714887  0.499201  0.551156  0.639270  0.420008  0.734742  0.468307  0.643517  0.370835  0.625861  0.678901  0.556624  0.546076  0.631911  0.745881  0.787963  0.308403  0.499458  0.580265  0.473082  0.627639  0.632917  0.509257  0.607454  0.652007  0.665906  0.597766  0.543453  0.562873  0.564153  0.529783  0.648920  0.630566  0.733107  0.634740  0.415179  0.702342  0.615701  0.597073  0.636700  0.513342  0.741153  0.668974  0.547999  0.668865  0.564594  0.643052  0.602928  0.427169  0.660172 
13  0.714583  0.782747  0.675711  0.818462  0.625145  0.495361  0.628902  0.652620  0.754563  0.384793  0.606525  0.340751  0.698768 0.0  0.706261  0.473601  0.866341  0.471467  0.655682  0.616412  0.590299  0.194700  0.686249  0.684493  0.271399  0.353709  0.912090  0.433170  0.316169  0.657587  0.638028  0.640473  0.637762  0.442488  0.419321  0.517516  0.223236  0.452717  0.729980  0.684115  0.611436  0.595936  0.392321  0.740561  0.804536  0.695781  0.474491  0.654821  0.566968  0.461869  0.584492  0.753049  0.728039  0.699543  0.213958  0.717337  0.622881  0.463351  0.591236  0.789037  0.572333  0.651868  0.509347  0.264080  0.412052  0.311466  0.696091  0.691132  0.527936  0.577862  0.294369  0.404072  0.379942  0.377841  0.554284  0.404041  0.352391  0.272980  0.315627  0.440194  0.410441  0.404670  0.428288  0.253269  0.327126  0.450611  0.226290  0.689494  0.251110 
14  0.422353  0.577331  0.585365  0.343703  0.535922  0.561017  0.602420  0.397572  0.565552  0.741170  0.659190  0.705350  0.684046  0.706261 0.0  0.636277  0.778660  0.658800  0.342863  0.346594  0.483536  0.611159  0.525488  0.292309  0.759923  0.615122  0.772402  0.748683  0.630847  0.599229  0.448877  0.264452  0.593362  0.593871  0.684414  0.586196  0.621013  0.659845  0.293026  0.638629  0.695034  0.590354  0.629223  0.674044  0.449664  0.591480  0.574515  0.673734  0.354906  0.614239  0.602172  0.380229  0.538936  0.648857  0.578988  0.602313  0.502395  0.586660  0.455794  0.410092  0.246826  0.572914  0.660909  0.661327  0.663702  0.730466  0.573487  0.423575  0.575215  0.497038  0.635318  0.649929  0.701899  0.541438  0.471501  0.591738  0.662967  0.546440  0.678365  0.584739  0.625369  0.612861  0.624940  0.718253  0.640777  0.635658  0.620437  0.602107  0.621449 
15  0.658137  0.805011  0.586433  0.732016  0.595278  0.199609  0.649088  0.751742  0.689940  0.543956  0.498442  0.454908  0.616518  0.473601  0.636277 0.0  0.763580  0.318603  0.675689  0.490372  0.593967  0.472443  0.619948  0.694510  0.479003  0.517934  0.776192  0.278622  0.541074  0.671479  0.681664  0.591533  0.624936  0.559013  0.243283  0.376936  0.523802  0.545150  0.665509  0.647639  0.530841  0.596755  0.462512  0.684992  0.666895  0.737311  0.474310  0.642312  0.631175  0.375966  0.549751  0.621724  0.718586  0.744088  0.491410  0.660168  0.521102  0.328265  0.602639  0.666010  0.568752  0.646009  0.363505  0.531442  0.507303  0.509993  0.565286  0.626052  0.713453  0.639719  0.549801  0.481086  0.553972  0.425239  0.483535  0.480978  0.545325  0.347050  0.429932  0.307132  0.197776  0.478820  0.513392  0.471272  0.477611  0.265000  0.524660  0.780730  0.498845 
16  0.734559  0.788439  0.631237  0.904205  0.776100  0.772209  0.730124  0.799748  0.613323  0.864533  0.672575  0.761688  0.686143  0.866341  0.778660  0.763580 0.0  0.733194  0.789283  0.808915  0.789821  0.763205  0.873996  0.818821  0.851585  0.807648  0.189357  0.768697  0.923862  0.682530  0.759449  0.654443  0.795519  0.770400  0.882511  0.754742  0.702370  0.964350  0.724196  0.728562  0.801969  0.664373  0.829324  0.647867  0.785530  0.628947  0.884542  0.714985  0.820614  0.856571  0.857772  0.690221  0.941255  0.190238  0.821999  0.786950  0.673989  0.736296  0.771535  0.664156  0.745654  0.654879  0.821707  0.833246  0.785426  0.808206  0.575407  0.765626  0.657809  0.808063  0.785828  0.649623  0.755094  0.802528  0.772516  0.822998  0.920556  0.779371  0.651888  0.798861  0.718494  0.625407  0.949952  0.918012  0.922849  0.894645  0.803969  0.629799  0.752318 
17  0.688299  0.726968  0.684409  0.642923  0.519860  0.283092  0.589924  0.692568  0.690205  0.449961  0.609006  0.484613  0.708685  0.471467  0.658800  0.318603  0.733194 0.0  0.526044  0.551668  0.579684  0.454110  0.619053  0.629726  0.491530  0.445802  0.813709  0.331838  0.413392  0.680347  0.718147  0.573695  0.675464  0.504580  0.312847  0.244615  0.550887  0.624925  0.641882  0.584656  0.608945  0.669702  0.528405  0.644829  0.693787  0.852682  0.558197  0.655589  0.584265  0.240694  0.610377  0.589791  0.664024  0.884255  0.442611  0.635361  0.519676  0.258621  0.647119  0.652782  0.633332  0.754369  0.258227  0.535418  0.493736  0.465552  0.576840  0.518359  0.640902  0.700964  0.453585  0.544747  0.461468  0.420931  0.421067  0.369746  0.504649  0.327187  0.396536  0.234067  0.320659  0.441086  0.513789  0.514156  0.475597  0.326682  0.576875  0.733476  0.472280 
18  0.426543  0.748856  0.595566  0.416584  0.556847  0.501812  0.540137  0.494228  0.648288  0.734354  0.594813  0.629568  0.662026  0.655682  0.342863  0.675689  0.789283  0.526044 0.0  0.312187  0.599410  0.759461  0.438638  0.173399  0.666205  0.609264  0.766043  0.589122  0.736876  0.705156  0.416925  0.190751  0.635552  0.672737  0.574821  0.634663  0.579584  0.652994  0.183455  0.632112  0.637067  0.575380  0.652336  0.602244  0.478372  0.685035  0.550303  0.731530  0.394037  0.623609  0.564123  0.396453  0.574560  0.632699  0.682176  0.673851  0.563870  0.602889  0.448369  0.427027  0.264886  0.633775  0.563210  0.621036  0.619435  0.646227  0.575828  0.439853  0.588386  0.526860  0.682736  0.619319  0.724929  0.751300  0.402314  0.587253  0.766523  0.586393  0.580486  0.525817  0.603898  0.603057  0.739319  0.671884  0.641213  0.543918  0.758541  0.688369  0.669634 
19  0.402079  0.646065  0.656506  0.332426  0.560525  0.541583  0.705545  0.459922  0.600369  0.584772  0.541340  0.568310  0.615349  0.616412  0.346594  0.490372  0.808915  0.551668  0.312187 0.0  0.567520  0.551724  0.532289  0.331014  0.562857  0.548107  0.805125  0.529200  0.640783  0.630882  0.397900  0.318731  0.486731  0.599389  0.453268  0.496744  0.528031  0.485343  0.293224  0.649144  0.693478  0.667222  0.569461  0.632623  0.458269  0.496159  0.494985  0.635090  0.341373  0.531341  0.544878  0.328604  0.417020  0.831105  0.570787  0.538184  0.600427  0.452405  0.394722  0.415881  0.421236  0.693122  0.484934  0.639325  0.564882  0.497272  0.611698  0.369286  0.472895  0.620356  0.583087  0.494987  0.521745  0.566579  0.458469  0.606159  0.599008  0.576653  0.517722  0.526284  0.500601  0.597421  0.655287  0.600779  0.513049  0.479835  0.571352  0.514989  0.569179 
20  0.474712  0.540901  0.361706  0.463067  0.319437  0.475432  0.586056  0.499061  0.633202  0.684650  0.316049  0.535789  0.617069  0.590299  0.483536  0.593967  0.789821  0.579684  0.599410  0.567520 0.0  0.569284  0.310987  0.592346  0.533744  0.609527  0.783372  0.599302  0.585013  0.541654  0.527888  0.505126  0.639994  0.532272  0.596758  0.566846  0.682413  0.523203  0.471805  0.692541  0.635232  0.535895  0.656546  0.627247  0.489040  0.601958  0.373884  0.574759  0.543375  0.541984  0.331992  0.538184  0.525120  0.728793  0.649804  0.478312  0.309246  0.553970  0.478864  0.554846  0.551592  0.464321  0.642458  0.586724  0.586541  0.643599  0.375812  0.522745  0.302292  0.507351  0.700029  0.575761  0.680115  0.632146  0.401219  0.560061  0.599360  0.655130  0.639383  0.605650  0.584126  0.452693  0.497524  0.655854  0.672603  0.574426  0.632107  0.639633  0.673295 
21  0.780262  0.624920  0.727855  0.666430  0.596903  0.400239  0.637659  0.697683  0.693457  0.388395  0.543749  0.328456  0.709638  0.194700  0.611159  0.472443  0.763205  0.454110  0.759461  0.551724  0.569284 0.0  0.620856  0.660141  0.290733  0.312322  0.708040  0.443986  0.392753  0.731648  0.699022  0.707988  0.644995  0.425921  0.472454  0.454995  0.255234  0.382457  0.768788  0.702070  0.621057  0.668179  0.324161  0.631368  0.625748  0.652560  0.559135  0.805020  0.662561  0.391569  0.626250  0.660127  0.727981  0.784216  0.226622  0.712687  0.535030  0.447146  0.720105  0.607614  0.677690  0.782548  0.458259  0.324162  0.350005  0.253302  0.666106  0.704469  0.604588  0.605350  0.362383  0.330053  0.394924  0.321602  0.559788  0.371377  0.330511  0.306220  0.341067  0.465711  0.481550  0.342507  0.405387  0.251107  0.312122  0.356900  0.291754  0.718232  0.308837 
22  0.524069  0.594222  0.381808  0.460777  0.179834  0.497836  0.543453  0.634049  0.449695  0.572119  0.212998  0.647459  0.558508  0.686249  0.525488  0.619948  0.873996  0.619053  0.438638  0.532289  0.310987  0.620856 0.0  0.512267  0.680316  0.519364  0.828916  0.537156  0.659681  0.531718  0.550067  0.576674  0.618058  0.590428  0.526336  0.541939  0.562014  0.509265  0.454487  0.617955  0.646835  0.645171  0.560000  0.505882  0.737418  0.630739  0.367231  0.562429  0.462523  0.581812  0.281605  0.498470  0.618026  0.823449  0.607215  0.524362  0.153959  0.560990  0.502582  0.582547  0.414255  0.568736  0.521315  0.594749  0.529157  0.691577  0.571152  0.569824  0.365238  0.531808  0.685104  0.596663  0.708079  0.600625  0.360486  0.608223  0.637717  0.562583  0.597781  0.519070  0.574334  0.496572  0.577364  0.581671  0.641966  0.542435  0.595686  0.556362  0.586379 
23  0.388423  0.692626  0.663804  0.360095  0.572856  0.644962  0.605953  0.481558  0.601756  0.790594  0.621466  0.721611  0.569359  0.684493  0.292309  0.694510  0.818821  0.629726  0.173399  0.331014  0.592346  0.660141  0.512267 0.0  0.766426  0.700954  0.787600  0.657156  0.596440  0.681125  0.430135  0.196058  0.659513  0.661858  0.620288  0.708709  0.621808  0.662284  0.194609  0.664226  0.606055  0.597105  0.597619  0.670327  0.428603  0.603243  0.558328  0.593681  0.417121  0.657033  0.471664  0.367030  0.452806  0.705598  0.592459  0.583602  0.460259  0.589121  0.385172  0.442683  0.284610  0.593901  0.614764  0.688074  0.702075  0.768504  0.528029  0.503616  0.529625  0.586476  0.687141  0.648316  0.620156  0.628277  0.392282  0.727059  0.726476  0.518013  0.740941  0.690613  0.671991  0.605660  0.615485  0.632030  0.672198  0.651696  0.737421  0.606403  0.599473 
24  0.794497  0.709070  0.536842  0.596822  0.654841  0.501585  0.635362  0.612236  0.787764  0.391316  0.631129  0.374303  0.835861  0.271399  0.759923  0.479003  0.851585  0.491530  0.666205  0.562857  0.533744  0.290733  0.680316  0.766426 0.0  0.421043  0.846560  0.501070  0.334957  0.780738  0.556966  0.689408  0.687113  0.425892  0.510644  0.478925  0.233236  0.399544  0.748768  0.692997  0.654126  0.519370  0.340597  0.682849  0.705737  0.733001  0.651102  0.722769  0.774748  0.447401  0.575927  0.689756  0.657501  0.737273  0.250663  0.740707  0.614514  0.562401  0.683754  0.712708  0.710572  0.699554  0.378217  0.197637  0.382692  0.273647  0.661016  0.724742  0.532454  0.591773  0.296694  0.406275  0.284970  0.341639  0.527345  0.369096  0.348663  0.326967  0.377704  0.527293  0.443819  0.429184  0.390502  0.203776  0.345869  0.566104  0.193958  0.777092  0.209588 
25  0.600993  0.648037  0.630519  0.644677  0.445470  0.526547  0.518237  0.567432  0.767510  0.369307  0.542872  0.304179  0.538105  0.353709  0.615122  0.517934  0.807648  0.445802  0.609264  0.548107  0.609527  0.312322  0.519364  0.700954  0.421043 0.0  0.705019  0.430385  0.370128  0.716837  0.590036  0.645364  0.661429  0.441519  0.450782  0.465169  0.382012  0.385810  0.657112  0.723029  0.678430  0.598778  0.358286  0.670100  0.695774  0.578672  0.515188  0.666539  0.639839  0.426271  0.555908  0.555021  0.650679  0.712663  0.406107  0.612184  0.488689  0.298727  0.540904  0.702508  0.793073  0.691098  0.444305  0.357715  0.407748  0.295952  0.551377  0.593378  0.593799  0.638153  0.387650  0.284371  0.366540  0.193434  0.492221  0.340371  0.360712  0.214422  0.200280  0.412251  0.420485  0.305229  0.319792  0.394559  0.356181  0.325220  0.392641  0.642298  0.365062 
26  0.895865  0.759604  0.739205  0.613597  0.739272  0.790322  0.809415  0.711685  0.713298  0.927309  0.848033  0.866433  0.676369  0.912090  0.772402  0.776192  0.189357  0.813709  0.766043  0.805125  0.783372  0.708040  0.828916  0.787600  0.846560  0.705019 0.0  0.765349  0.837747  0.675500  0.731645  0.782848  0.736610  0.736398  0.854154  0.718781  0.875693  0.671469  0.816414  0.815361  0.789446  0.756431  0.805342  0.643601  0.720642  0.702053  0.695000  0.733290  0.752214  0.930363  0.774865  0.815510  0.809383  0.220636  0.697901  0.584917  0.723834  0.788844  0.766039  0.792746  0.913839  0.716971  0.936343  1.000000  0.830107  0.808810  0.779514  0.765832  0.720826  0.781766  0.951585  0.690753  0.891102  0.840145  0.814410  0.762348  0.819908  0.717586  0.788876  0.744570  0.785538  0.739676  0.770997  0.889100  0.906879  0.768667  0.765765  0.648867  0.789634 
27  0.660853  0.674841  0.502272  0.662557  0.572772  0.264349  0.742815  0.826424  0.739308  0.508669  0.668888  0.484956  0.669128  0.433170  0.748683  0.278622  0.768697  0.331838  0.589122  0.529200  0.599302  0.443986  0.537156  0.657156  0.501070  0.430385  0.765349 0.0  0.476009  0.705843  0.758444  0.812747  0.854539  0.576835  0.220704  0.329113  0.434442  0.559061  0.660193  0.728832  0.597316  0.728172  0.495850  0.635440  0.718310  0.755539  0.537723  0.605696  0.600270  0.335720  0.604855  0.671370  0.706798  0.672281  0.489312  0.666773  0.566545  0.331407  0.643526  0.750233  0.576888  0.726966  0.328287  0.447128  0.484305  0.421292  0.499240  0.642140  0.562653  0.576384  0.432464  0.460968  0.433318  0.454619  0.557800  0.458890  0.558455  0.343746  0.446655  0.329801  0.203482  0.482880  0.491729  0.518085  0.514540  0.224269  0.487607  0.680633  0.482470 
28  0.689798  0.666591  0.616089  0.616319  0.666113  0.495411  0.643737  0.518762  0.705165  0.279350  0.565625  0.240752  0.566480  0.316169  0.630847  0.541074  0.923862  0.413392  0.736876  0.640783  0.585013  0.392753  0.659681  0.596440  0.334957  0.370128  0.837747  0.476009 0.0  0.635864  0.487964  0.593294  0.650464  0.331155  0.471298  0.501182  0.319177  0.362909  0.724226  0.581356  0.712810  0.673785  0.235185  0.677932  0.664529  0.702979  0.535585  0.659963  0.621671  0.486853  0.665085  0.731714  0.627771  0.810073  0.350971  0.688017  0.611286  0.586015  0.670527  0.612600  0.696231  0.711016  0.480383  0.349929  0.280826  0.349800  0.627591  0.813426  0.566878  0.628269  0.234341  0.236539  0.205044  0.381870  0.583221  0.253988  0.213048  0.267737  0.372881  0.451171  0.569155  0.255730  0.269878  0.332414  0.203543  0.482129  0.333483  0.735219  0.380334 
29  0.562350  0.270065  0.490811  0.601685  0.578142  0.724070  0.566127  0.736980  0.308059  0.696650  0.658645  0.712368  0.420911  0.657587  0.599229  0.671479  0.682530  0.680347  0.705156  0.630882  0.541654  0.731648  0.531718  0.681125  0.780738  0.716837  0.675500  0.705843  0.635864 0.0  0.584734  0.646475  0.587942  0.706897  0.733170  0.694184  0.691205  0.553712  0.672570  0.554138  0.621888  0.592747  0.768232  0.210190  0.612061  0.200166  0.502189  0.228955  0.645623  0.647105  0.552290  0.782250  0.630004  0.699890  0.729127  0.364128  0.627254  0.679808  0.590502  0.564370  0.544591  0.237095  0.639445  0.614805  0.830280  0.640304  0.524239  0.638758  0.567555  0.571464  0.639789  0.674656  0.667917  0.760411  0.385356  0.766685  0.750367  0.587690  0.664554  0.641029  0.718272  0.475473  0.714794  0.688455  0.768848  0.606940  0.683673  0.313337  0.749141 
30  0.422000  0.507324  0.580049  0.422006  0.468305  0.688702  0.485332  0.368554  0.699857  0.699408  0.520421  0.701659  0.588623  0.638028  0.448877  0.681664  0.759449  0.718147  0.416925  0.397900  0.527888  0.699022  0.550067  0.430135  0.556966  0.590036  0.731645  0.758444  0.487964  0.584734 0.0  0.504286  0.533674  0.556014  0.654656  0.761247  0.739582  0.570663  0.421466  0.573431  0.629391  0.525495  0.637261  0.565158  0.403497  0.501662  0.609511  0.574093  0.447156  0.596444  0.581530  0.515777  0.411410  0.647487  0.680470  0.515823  0.583941  0.693637  0.452528  0.436536  0.422169  0.551242  0.706181  0.594502  0.777709  0.771908  0.448995  0.389251  0.543560  0.527968  0.659722  0.553958  0.671823  0.650285  0.447005  0.600589  0.593981  0.594072  0.596691  0.661572  0.714541  0.611306  0.577087  0.671997  0.715358  0.680400  0.620974  0.555031  0.665302 
31  0.426792  0.566516  0.602841  0.339980  0.501729  0.578641  0.630547  0.449113  0.683979  0.691735  0.561699  0.717767  0.600576  0.640473  0.264452  0.591533  0.654443  0.573695  0.190751  0.318731  0.505126  0.707988  0.576674  0.196058  0.689408  0.645364  0.782848  0.812747  0.593294  0.646475  0.504286 0.0  0.514991  0.643268  0.678202  0.627220  0.709856  0.559119  0.190878  0.746746  0.477664  0.616367  0.593930  0.610670  0.411512  0.647529  0.599006  0.686624  0.428478  0.668613  0.519274  0.338171  0.443800  0.655627  0.775704  0.620972  0.502807  0.618531  0.431343  0.498290  0.242729  0.644824  0.738967  0.639317  0.658224  0.624319  0.558032  0.437936  0.618614  0.491516  0.777001  0.621914  0.630327  0.757893  0.370823  0.640298  0.630257  0.645210  0.662122  0.687436  0.601916  0.712141  0.652998  0.736492  0.696647  0.615816  0.647261  0.529147  0.545581 
32  0.483217  0.586838  0.569103  0.614748  0.518280  0.656632  0.583065  0.497390  0.569962  0.675176  0.490136  0.610884  0.524809  0.637762  0.593362  0.624936  0.795519  0.675464  0.635552  0.486731  0.639994  0.644995  0.618058  0.659513  0.687113  0.661429  0.736610  0.854539  0.650464  0.587942  0.533674  0.514991 0.0  0.627945  0.603868  0.677237  0.797491  0.594330  0.551259  0.322271  0.254980  0.170741  0.560841  0.543515  0.530001  0.461251  0.567468  0.506908  0.588954  0.719203  0.627876  0.622369  0.514601  0.830855  0.627296  0.542233  0.617866  0.580535  0.587251  0.548550  0.777062  0.587794  0.611656  0.579726  0.827387  0.741144  0.657383  0.470571  0.625832  0.667726  0.708454  0.654142  0.697900  0.708787  0.519267  0.544703  0.686306  0.616586  0.595009  0.657363  0.589015  0.658780  0.654036  0.565262  0.621200  0.646711  0.743743  0.566311  0.537928 
33  0.661328  0.562107  0.514429  0.600204  0.564466  0.504592  0.568293  0.664825  0.613780  0.349931  0.562336  0.317008  0.642803  0.442488  0.593871  0.559013  0.770400  0.504580  0.672737  0.599389  0.532272  0.425921  0.590428  0.661858  0.425892  0.441519  0.736398  0.576835  0.331155  0.706897  0.556014  0.643268  0.627945 0.0  0.517807  0.499252  0.479557  0.179958  0.636140  0.591049  0.688040  0.626644  0.308438  0.668194  0.648486  0.725343  0.557017  0.511872  0.568453  0.465172  0.558536  0.556043  0.792776  0.727808  0.469790  0.532576  0.567603  0.463024  0.539744  0.711568  0.574872  0.535158  0.488622  0.386656  0.399405  0.433714  0.635112  0.604095  0.603709  0.577841  0.374075  0.257635  0.361880  0.370184  0.500473  0.298067  0.343249  0.249341  0.440798  0.530517  0.565316  0.278068  0.291618  0.561756  0.325725  0.474057  0.380433  0.626535  0.400578 
34  0.676735  0.632204  0.687893  0.532112  0.573296  0.224082  0.602285  0.719593  0.628265  0.473609  0.521735  0.438066  0.624017  0.419321  0.684414  0.243283  0.882511  0.312847  0.574821  0.453268  0.596758  0.472454  0.526336  0.620288  0.510644  0.450782  0.854154  0.220704  0.471298  0.733170  0.654656  0.678202  0.603868  0.517807 0.0  0.256552  0.462637  0.512174  0.586727  0.670796  0.622389  0.619467  0.437141  0.681135  0.669543  0.599261  0.503089  0.621279  0.656490  0.328262  0.542199  0.599512  0.665897  0.798284  0.450025  0.604122  0.503179  0.303016  0.604946  0.638460  0.604848  0.735657  0.347282  0.512119  0.407644  0.440221  0.609685  0.601727  0.574879  0.583902  0.543112  0.427414  0.486394  0.392161  0.486834  0.421690  0.532555  0.318740  0.455820  0.292757  0.177263  0.355159  0.476733  0.460387  0.538006  0.214255  0.507212  0.766332  0.455941 
35  0.779785  0.821254  0.550797  0.655782  0.479344  0.288085  0.648578  0.823498  0.666781  0.518302  0.548790  0.489582  0.546907  0.517516  0.586196  0.376936  0.754742  0.244615  0.634663  0.496744  0.566846  0.454995  0.541939  0.708709  0.478925  0.465169  0.718781  0.329113  0.501182  0.694184  0.761247  0.627220  0.677237  0.499252  0.256552 0.0  0.388031  0.549552  0.629510  0.704572  0.629413  0.820300  0.460812  0.679479  0.751052  0.770064  0.542169  0.566134  0.689917  0.185192  0.634774  0.640784  0.798792  0.672452  0.358932  0.628089  0.524018  0.221499  0.591900  0.704759  0.617285  0.655844  0.277562  0.491694  0.437607  0.377643  0.581184  0.730257  0.639476  0.589520  0.486067  0.466467  0.454573  0.452947  0.573587  0.464814  0.426648  0.384473  0.508122  0.202588  0.306631  0.516826  0.480522  0.519667  0.467194  0.283762  0.554907  0.737086  0.504176 
36  0.737485  0.689881  0.625846  0.635809  0.540633  0.507764  0.677834  0.681647  0.543354  0.365391  0.656675  0.354242  0.720160  0.223236  0.621013  0.523802  0.702370  0.550887  0.579584  0.528031  0.682413  0.255234  0.562014  0.621808  0.233236  0.382012  0.875693  0.434442  0.319177  0.691205  0.739582  0.709856  0.797491  0.479557  0.462637  0.388031 0.0  0.413532  0.738874  0.829721  0.706807  0.714434  0.317569  0.669120  0.724994  0.710218  0.633034  0.699192  0.635635  0.474437  0.650663  0.684620  0.744365  0.815290  0.205647  0.651999  0.565642  0.454770  0.714189  0.762162  0.552949  0.632232  0.465476  0.180089  0.355278  0.190859  0.546914  0.656879  0.617224  0.761983  0.288962  0.368198  0.345547  0.414132  0.571676  0.380400  0.367356  0.344253  0.329410  0.424885  0.438383  0.427502  0.378158  0.190812  0.334755  0.484098  0.234537  0.701036  0.229661 
37  0.632828  0.575510  0.575579  0.578903  0.429653  0.576593  0.556617  0.752296  0.703548  0.422071  0.475379  0.332323  0.611450  0.452717  0.659845  0.545150  0.964350  0.624925  0.652994  0.485343  0.523203  0.382457  0.509265  0.662284  0.399544  0.385810  0.671469  0.559061  0.362909  0.553712  0.570663  0.559119  0.594330  0.179958  0.512174  0.549552  0.413532 0.0  0.648412  0.677236  0.642167  0.692208  0.312355  0.585718  0.615038  0.665905  0.559918  0.524395  0.529989  0.408270  0.493282  0.634704  0.728847  0.778406  0.407952  0.651205  0.529454  0.463214  0.604367  0.625640  0.569896  0.559715  0.496532  0.417198  0.378926  0.463061  0.502655  0.658352  0.567460  0.556727  0.301240  0.263368  0.330112  0.433809  0.452400  0.303644  0.287757  0.244629  0.367770  0.464602  0.505447  0.242661  0.311814  0.411916  0.296342  0.510212  0.421261  0.712328  0.465365 
38  0.484511  0.605968  0.654734  0.374623  0.564441  0.560710  0.643040  0.452196  0.580269  0.652282  0.572745  0.656649  0.571644  0.729980  0.293026  0.665509  0.724196  0.641882  0.183455  0.293224  0.471805  0.768788  0.454487  0.194609  0.748768  0.657112  0.816414  0.660193  0.724226  0.672570  0.421466  0.190878  0.551259  0.636140  0.586727  0.629510  0.738874  0.648412 0.0  0.637997  0.714632  0.566962  0.663094  0.613031  0.513351  0.687207  0.479042  0.594572  0.355303  0.703282  0.491193  0.371665  0.483240  0.914395  0.676053  0.695286  0.458282  0.579171  0.364913  0.391873  0.239551  0.537531  0.669280  0.738209  0.623787  0.695643  0.518798  0.398195  0.648980  0.543406  0.787078  0.744614  0.770715  0.663333  0.424310  0.646594  0.708207  0.629786  0.677520  0.588562  0.552490  0.588020  0.684341  0.737970  0.784754  0.669822  0.716766  0.583495  0.682829 
39  0.549958  0.623784  0.670256  0.646640  0.637133  0.649766  0.585883  0.510380  0.638390  0.649161  0.671240  0.588437  0.714887  0.684115  0.638629  0.647639  0.728562  0.584656  0.632112  0.649144  0.692541  0.702070  0.617955  0.664226  0.692997  0.723029  0.815361  0.728832  0.581356  0.554138  0.573431  0.746746  0.322271  0.591049  0.670796  0.704572  0.829721  0.677236  0.637997 0.0  0.305572  0.284034  0.756923  0.603415  0.533300  0.619791  0.621045  0.629067  0.606346  0.660930  0.582528  0.721188  0.509863  0.879225  0.680091  0.589161  0.709168  0.589961  0.651458  0.490434  0.568029  0.586300  0.714768  0.644585  0.741824  0.757619  0.690187  0.593605  0.676489  0.750388  0.669830  0.574426  0.800848  0.680615  0.415194  0.594891  0.723199  0.591435  0.578828  0.650079  0.552825  0.555869  0.565604  0.794288  0.694841  0.674396  0.698822  0.522619  0.755235 
40  0.492022  0.599727  0.573935  0.646532  0.572532  0.688580  0.542948  0.563058  0.639791  0.656299  0.609845  0.633518  0.499201  0.611436  0.695034  0.530841  0.801969  0.608945  0.637067  0.693478  0.635232  0.621057  0.646835  0.606055  0.654126  0.678430  0.789446  0.597316  0.712810  0.621888  0.629391  0.477664  0.254980  0.688040  0.622389  0.629413  0.706807  0.642167  0.714632  0.305572 0.0  0.330762  0.759237  0.624132  0.536129  0.522084  0.527427  0.598689  0.623752  0.662053  0.570253  0.602122  0.564410  0.698702  0.603717  0.579246  0.472349  0.562339  0.509903  0.656900  0.679115  0.563386  0.637225  0.657355  0.816737  0.660596  0.611775  0.635289  0.575270  0.651565  0.696817  0.549965  0.670178  0.649270  0.463493  0.567336  0.778053  0.684142  0.550014  0.735714  0.667010  0.623222  0.524753  0.776013  0.765425  0.723058  0.687007  0.605286  0.705838 
41  0.431066  0.526437  0.589790  0.575494  0.653664  0.658411  0.604950  0.434587  0.599432  0.669243  0.564102  0.593962  0.551156  0.595936  0.590354  0.596755  0.664373  0.669702  0.575380  0.667222  0.535895  0.668179  0.645171  0.597105  0.519370  0.598778  0.756431  0.728172  0.673785  0.592747  0.525495  0.616367  0.170741  0.626644  0.619467  0.820300  0.714434  0.692208  0.566962  0.284034  0.330762 0.0  0.668826  0.471084  0.579326  0.553869  0.644985  0.589748  0.636986  0.788953  0.642935  0.634656  0.527005  0.702004  0.611450  0.568128  0.620893  0.643795  0.560392  0.580316  0.533392  0.522268  0.586724  0.614253  0.776058  0.736499  0.666760  0.538601  0.627021  0.695556  0.634445  0.544094  0.670116  0.663078  0.445781  0.596860  0.691551  0.634347  0.558472  0.628263  0.655774  0.610719  0.622391  0.658803  0.750407  0.648722  0.642091  0.619878  0.658041 
42  0.682382  0.818726  0.587142  0.553201  0.570063  0.479300  0.748749  0.844425  0.649360  0.197109  0.520261  0.261142  0.639270  0.392321  0.629223  0.462512  0.829324  0.528405  0.652336  0.569461  0.656546  0.324161  0.560000  0.597619  0.340597  0.358286  0.805342  0.495850  0.235185  0.768232  0.637261  0.593930  0.560841  0.308438  0.437141  0.460812  0.317569  0.312355  0.663094  0.756923  0.759237  0.668826 0.0  0.670028  0.800848  0.742975  0.556465  0.796939  0.603728  0.383429  0.632984  0.597709  0.673523  0.854115  0.334837  0.632234  0.630695  0.404790  0.591710  0.622202  0.673466  0.684697  0.472022  0.325769  0.161509  0.300189  0.582107  0.761354  0.634305  0.680631  0.346870  0.288311  0.278305  0.352010  0.446378  0.294310  0.256555  0.285648  0.390345  0.425274  0.472129  0.317124  0.293855  0.351152  0.268206  0.417954  0.338481  0.636732  0.336237 
43  0.624112  0.204031  0.563254  0.542944  0.479276  0.651109  0.601432  0.625029  0.353121  0.710052  0.522933  0.529957  0.420008  0.740561  0.674044  0.684992  0.647867  0.644829  0.602244  0.632623  0.627247  0.631368  0.505882  0.670327  0.682849  0.670100  0.643601  0.635440  0.677932  0.210190  0.565158  0.610670  0.543515  0.668194  0.681135  0.679479  0.669120  0.585718  0.613031  0.603415  0.624132  0.471084  0.670028 0.0  0.592468  0.192533  0.602883  0.185025  0.678949  0.780578  0.574494  0.636363  0.597096  0.751548  0.691888  0.396625  0.674105  0.596777  0.594030  0.678138  0.606260  0.260625  0.772367  0.771365  0.779987  0.725126  0.499631  0.599582  0.541872  0.701276  0.707710  0.723179  0.781827  0.552796  0.486052  0.678985  0.638699  0.608386  0.741330  0.581901  0.599940  0.607574  0.606487  0.694264  0.756538  0.676642  0.701219  0.282149  0.609146 
44  0.287546  0.576405  0.701991  0.333736  0.631591  0.812018  0.497001  0.118670  0.586196  0.751429  0.542127  0.714394  0.734742  0.804536  0.449664  0.666895  0.785530  0.693787  0.478372  0.458269  0.489040  0.625748  0.737418  0.428603  0.705737  0.695774  0.720642  0.718310  0.664529  0.612061  0.403497  0.411512  0.530001  0.648486  0.669543  0.751052  0.724994  0.615038  0.513351  0.533300  0.536129  0.579326  0.800848  0.592468 0.0  0.601086  0.579542  0.615051  0.317725  0.654782  0.589443  0.367102  0.138573  0.736777  0.744538  0.593674  0.575657  0.548071  0.360872  0.260436  0.456839  0.680362  0.681324  0.770609  0.737504  0.903822  0.550383  0.297406  0.571645  0.607712  0.635726  0.658071  0.539476  0.731838  0.438161  0.670917  0.746108  0.583294  0.790142  0.750991  0.685602  0.681326  0.615014  0.769317  0.792294  0.764878  0.789992  0.641596  0.743949 
