30
0 0.0  0.457369  0.504733  0.479464  0.582361  0.644444  0.592236  0.452084  0.441779  0.457296  0.538621  0.473365  0.510845  0.531970  0.530824  0.429388  0.557494  0.544640  0.536865  0.520967  0.409764  0.461038  0.497804  0.398669  0.353965  0.504236  0.585962  0.514371  0.514348  0.482116 
1  0.457369 0.0  0.305866  0.235967  0.459092  0.558228  0.468962  0.678307  0.129361  0.314142  0.368637  0.455499  0.394996  0.372437  0.011299  0.382446  0.093101  0.098319  0.453707  0.491148  0.506073  0.207937  0.385650  0.387293  0.953215  0.481203  0.718496  0.345105  0.122264  0.152467 
2  0.504733  0.305866 0.0  0.270466  0.349521  0.383528  0.427152  0.836559  0.554520  0.464773  0.452532  0.229791  0.436410  0.336882  0.420745  0.474785  0.304817  0.433806  0.428297  0.283521  0.415463  0.431034  0.533534  0.458767  0.830958  0.014676  0.519171  0.155421  0.263768  0.468132 
3  0.479464  0.235967  0.270466 0.0  0.544967  0.561041  0.397600  0.618710  0.178826  0.336174  0.338966  0.313410  0.341201  0.343487  0.177468  0.332152  0.184859  0.223178  0.363862  0.417303  0.585855  0.109991  0.310117  0.302469  0.917898  0.453823  0.750873  0.417696  0.000000  0.218265 
4  0.582361  0.459092  0.349521  0.544967 0.0  0.199204  0.349120  0.977667  0.353690  0.011630  0.135172  0.299895  0.124660  0.239395  0.326527  0.140334  0.415416  0.519487  0.115251  0.222989  0.258139  0.475340  0.000000  0.117333  0.553725  0.267217  0.392278  0.297340  0.431284  0.436311 
5  0.644444  0.558228  0.383528  0.561041  0.199204 0.0  0.257850  1.000000  0.426920  0.130438  0.226671  0.309071  0.076172  0.295514  0.194123  0.093134  0.465530  0.496403  0.195938  0.079729  0.111698  0.417162  0.124410  0.088328  0.592257  0.413659  0.394869  0.358834  0.354880  0.370833 
6  0.592236  0.468962  0.427152  0.397600  0.349120  0.257850 0.0  0.984211  0.400971  0.021358  0.038533  0.320566  0.164247  0.284725  0.368258  0.103135  0.412498  0.561061  0.092825  0.216755  0.212287  0.512985  0.079308  0.155986  0.505551  0.412860  0.496924  0.319841  0.392514  0.385384 
7  0.452084  0.678307  0.836559  0.618710  0.977667  1.000000  0.984211 0.0  0.562734  0.804953  0.747196  0.831378  0.792037  0.750763  0.562232  0.763905  0.606740  0.590055  0.830313  0.962301  0.932689  0.691630  0.828252  0.748496  0.861559  0.724457  0.690405  0.778885  0.462508  0.659920 
8  0.441779  0.129361  0.554520  0.178826  0.353690  0.426920  0.400971  0.562734 0.0  0.452297  0.440001  0.388543  0.448569  0.361989  0.091610  0.457987  0.210568  0.133703  0.340299  0.413866  0.351177  0.177952  0.485562  0.485298  0.906137  0.429453  0.619088  0.413069  0.045515  0.000000 
9  0.457296  0.314142  0.464773  0.336174  0.011630  0.130438  0.021358  0.804953  0.452297 0.0  0.272339  0.482486  0.104943  0.339650  0.470427  0.341721  0.290492  0.322492  0.154009  0.086924  0.000000  0.434259  0.151722  0.274905  0.566238  0.328631  0.291252  0.563300  0.416991  0.402475 
10  0.538621  0.368637  0.452532  0.338966  0.135172  0.226671  0.038533  0.747196  0.440001  0.272339 0.0  0.519172  0.200180  0.216936  0.328846  0.292248  0.445484  0.359526  0.175032  0.130015  0.131338  0.279554  0.323161  0.216774  0.587314  0.353240  0.448740  0.417264  0.448076  0.267585 
11  0.473365  0.455499  0.229791  0.313410  0.299895  0.309071  0.320566  0.831378  0.388543  0.482486  0.519172 0.0  0.544817  0.304689  0.489701  0.564620  0.388858  0.481029  0.388578  0.418241  0.354090  0.381877  0.573569  0.490880  0.915456  0.003763  0.541276  0.209712  0.327762  0.409937 
12  0.510845  0.394996  0.436410  0.341201  0.124660  0.076172  0.164247  0.792037  0.448569  0.104943  0.200180  0.544817 0.0  0.273376  0.536863  0.199373  0.252334  0.305016  0.113919  0.150062  0.116966  0.320001  0.132657  0.202830  0.488562  0.386199  0.299861  0.580739  0.435614  0.416434 
13  0.531970  0.372437  0.336882  0.343487  0.239395  0.295514  0.284725  0.750763  0.361989  0.339650  0.216936  0.304689  0.273376 0.0  0.295926  0.375663  0.297971  0.313202  0.274719  0.281829  0.318376  0.404701  0.345830  0.319279  0.720643  0.246139  0.417709  0.304667  0.254083  0.331734 
14  0.530824  0.011299  0.420745  0.177468  0.326527  0.194123  0.368258  0.562232  0.091610  0.470427  0.328846  0.489701  0.536863  0.295926 0.0  0.550716  0.061505  0.081436  0.464124  0.339668  0.351576  0.079355  0.506933  0.548459  0.862918  0.377616  0.552925  0.493907  0.076618  0.076247 
15  0.429388  0.382446  0.474785  0.332152  0.140334  0.093134  0.103135  0.763905  0.457987  0.341721  0.292248  0.564620  0.199373  0.375663  0.550716 0.0  0.335652  0.369244  0.141224  0.061475  0.000000  0.252472  0.073614  0.173510  0.595988  0.336625  0.287546  0.581544  0.364268  0.426401 
16  0.557494  0.093101  0.304817  0.184859  0.415416  0.465530  0.412498  0.606740  0.210568  0.290492  0.445484  0.388858  0.252334  0.297971  0.061505  0.335652 0.0  0.142607  0.443592  0.621186  0.402710  0.272718  0.364944  0.421117  0.824988  0.458608  0.753521  0.378859  0.146851  0.243410 
17  0.544640  0.098319  0.433806  0.223178  0.519487  0.496403  0.561061  0.590055  0.133703  0.322492  0.359526  0.481029  0.305016  0.313202  0.081436  0.369244  0.142607 0.0  0.469754  0.473779  0.433109  0.226366  0.333279  0.344255  0.825111  0.262015  0.667533  0.400064  0.049488  0.243223 
18  0.536865  0.453707  0.428297  0.363862  0.115251  0.195938  0.092825  0.830313  0.340299  0.154009  0.175032  0.388578  0.113919  0.274719  0.464124  0.141224  0.443592  0.469754 0.0  0.183285  0.150862  0.400532  0.111822  0.072796  0.633848  0.356992  0.474252  0.429099  0.440941  0.501261 
19  0.520967  0.491148  0.283521  0.417303  0.222989  0.079729  0.216755  0.962301  0.413866  0.086924  0.130015  0.418241  0.150062  0.281829  0.339668  0.061475  0.621186  0.473779  0.183285 0.0  0.199708  0.534838  0.079680  0.082250  0.529530  0.338626  0.491377  0.458517  0.381758  0.463094 
20  0.409764  0.506073  0.415463  0.585855  0.258139  0.111698  0.212287  0.932689  0.351177  0.000000  0.131338  0.354090  0.116966  0.318376  0.351576  0.000000  0.402710  0.433109  0.150862  0.199708 0.0  0.510394  0.064773  0.000000  0.524184  0.362877  0.375739  0.245588  0.312160  0.423398 
21  0.461038  0.207937  0.431034  0.109991  0.475340  0.417162  0.512985  0.691630  0.177952  0.434259  0.279554  0.381877  0.320001  0.404701  0.079355  0.252472  0.272718  0.226366  0.400532  0.534838  0.510394 0.0  0.395621  0.272487  0.824621  0.319553  0.671552  0.373666  0.000000  0.227655 
22  0.497804  0.385650  0.533534  0.310117  0.000000  0.124410  0.079308  0.828252  0.485562  0.151722  0.323161  0.573569  0.132657  0.345830  0.506933  0.073614  0.364944  0.333279  0.111822  0.079680  0.064773  0.395621 0.0  0.170271  0.552443  0.387088  0.229525  0.398603  0.384604  0.368353 
23  0.398669  0.387293  0.458767  0.302469  0.117333  0.088328  0.155986  0.748496  0.485298  0.274905  0.216774  0.490880  0.202830  0.319279  0.548459  0.173510  0.421117  0.344255  0.072796  0.082250  0.000000  0.272487  0.170271 0.0  0.420918  0.401414  0.259916  0.510441  0.373051  0.457659 
24  0.353965  0.953215  0.830958  0.917898  0.553725  0.592257  0.505551  0.861559  0.906137  0.566238  0.587314  0.915456  0.488562  0.720643  0.862918  0.595988  0.824988  0.825111  0.633848  0.529530  0.524184  0.824621  0.552443  0.420918 0.0  0.830329  0.297056  0.891940  0.822459  0.905844 
25  0.504236  0.481203  0.014676  0.453823  0.267217  0.413659  0.412860  0.724457  0.429453  0.328631  0.353240  0.003763  0.386199  0.246139  0.377616  0.336625  0.458608  0.262015  0.356992  0.338626  0.362877  0.319553  0.387088  0.401414  0.830329 0.0  0.645528  0.037749  0.358445  0.463869 
26  0.585962  0.718496  0.519171  0.750873  0.392278  0.394869  0.496924  0.690405  0.619088  0.291252  0.448740  0.541276  0.299861  0.417709  0.552925  0.287546  0.753521  0.667533  0.474252  0.491377  0.375739  0.671552  0.229525  0.259916  0.297056  0.645528 0.0  0.565614  0.557204  0.599275 
27  0.514371  0.345105  0.155421  0.417696  0.297340  0.358834  0.319841  0.778885  0.413069  0.563300  0.417264  0.209712  0.580739  0.304667  0.493907  0.581544  0.378859  0.400064  0.429099  0.458517  0.245588  0.373666  0.398603  0.510441  0.891940  0.037749  0.565614 0.0  0.325488  0.409735 
28  0.514348  0.122264  0.263768  0.000000  0.431284  0.354880  0.392514  0.462508  0.045515  0.416991  0.448076  0.327762  0.435614  0.254083  0.076618  0.364268  0.146851  0.049488  0.440941  0.381758  0.312160  0.000000  0.384604  0.373051  0.822459  0.358445  0.557204  0.325488 0.0  0.261627 
29  0.482116  0.152467  0.468132  0.218265  0.436311  0.370833  0.385384  0.659920  0.000000  0.402475  0.267585  0.409937  0.416434  0.331734  0.076247  0.426401  0.243410  0.243223  0.501261  0.463094  0.423398  0.227655  0.368353  0.457659  0.905844  0.463869  0.599275  0.409735  0.261627 0.0 
