30
0 0.0  0.530656  0.151175  0.432798  0.195476  0.334642  0.251101  0.678764  0.370229  0.029134  0.326136  0.339406  0.277819  0.310094  0.368198  0.000000  0.321771  0.271271  0.042073  0.393337  0.462138  0.402493  0.892701  0.820549  0.624030  0.370903  0.328828  0.099898  0.206878  0.834393 
1  0.530656 0.0  0.712544  0.641290  0.542896  0.871386  0.719188  0.474175  0.836266  0.658295  0.700898  1.000000  0.728133  0.723458  0.817376  0.633396  0.767085  0.773119  0.447208  0.899086  0.879890  0.911662  0.776350  0.906981  0.704571  0.804923  0.917512  0.696029  0.405550  0.366148 
2  0.151175  0.712544 0.0  0.502368  0.038242  0.285114  0.395169  0.514078  0.474211  0.236726  0.371964  0.413595  0.336143  0.274110  0.334201  0.229839  0.319995  0.439459  0.000000  0.445066  0.346584  0.555420  0.894819  0.917450  0.690983  0.333873  0.533925  0.106238  0.139304  0.839025 
3  0.432798  0.641290  0.502368 0.0  0.437583  0.692671  0.672644  0.056935  0.956553  0.631841  0.754440  0.884320  0.823232  0.740196  0.718384  0.639813  0.738797  0.632478  0.421899  0.900606  0.835945  0.894343  0.406424  0.488461  0.759817  0.792666  0.920931  0.665621  0.589896  0.869029 
4  0.195476  0.542896  0.038242  0.437583 0.0  0.411214  0.440948  0.668714  0.363147  0.000000  0.315714  0.381920  0.385166  0.350137  0.261728  0.083489  0.328533  0.359425  0.140023  0.300236  0.389156  0.401586  0.797533  0.699619  0.515343  0.310295  0.323739  0.122612  0.188321  0.902621 
5  0.334642  0.871386  0.285114  0.692671  0.411214 0.0  0.103139  0.744221  0.083773  0.394643  0.162009  0.150119  0.382598  0.182940  0.178784  0.352097  0.219820  0.360045  0.507796  0.008378  0.152999  0.113560  0.582597  0.500456  0.254405  0.185379  0.218928  0.449859  0.302315  0.483907 
6  0.251101  0.719188  0.395169  0.672644  0.440948  0.103139 0.0  0.799879  0.024269  0.271808  0.255204  0.052790  0.401931  0.248330  0.131010  0.410922  0.198254  0.414467  0.474415  0.061496  0.194698  0.147407  0.568878  0.412058  0.332670  0.247836  0.125321  0.390832  0.227210  0.606369 
7  0.678764  0.474175  0.514078  0.056935  0.668714  0.744221  0.799879 0.0  0.830388  0.468398  0.699413  0.798647  0.777316  0.696754  0.666324  0.509546  0.778504  0.778514  0.522219  0.649777  0.790650  0.732049  0.450284  0.345197  0.558732  0.687534  0.908973  0.315769  0.657192  0.853143 
8  0.370229  0.836266  0.474211  0.956553  0.363147  0.083773  0.024269  0.830388 0.0  0.617317  0.081599  0.140804  0.375447  0.047571  0.211246  0.577054  0.109429  0.426370  0.253311  0.234515  0.113302  0.134874  0.438834  0.643923  0.364300  0.084334  0.186710  0.518550  0.280325  0.582360 
9  0.029134  0.658295  0.236726  0.631841  0.000000  0.394643  0.271808  0.468398  0.617317 0.0  0.405655  0.508391  0.411190  0.269809  0.295889  0.231321  0.340166  0.336366  0.078019  0.463125  0.467258  0.547821  0.841538  0.908928  0.605453  0.356005  0.379817  0.265964  0.074845  0.696908 
10  0.326136  0.700898  0.371964  0.754440  0.315714  0.162009  0.255204  0.699413  0.081599  0.405655 0.0  0.034129  0.489851  0.242125  0.307476  0.348701  0.226901  0.394038  0.490385  0.067232  0.093468  0.061865  0.470601  0.454816  0.354866  0.265083  0.147730  0.361984  0.428422  0.601971 
11  0.339406  1.000000  0.413595  0.884320  0.381920  0.150119  0.052790  0.798647  0.140804  0.508391  0.034129 0.0  0.242531  0.128279  0.016793  0.521488  0.026935  0.281161  0.396489  0.243318  0.265881  0.213755  0.529757  0.584305  0.388326  0.052901  0.175209  0.436665  0.385083  0.445211 
12  0.277819  0.728133  0.336143  0.823232  0.385166  0.382598  0.401931  0.777316  0.375447  0.411190  0.489851  0.242531 0.0  0.412116  0.515339  0.370415  0.542576  0.169553  0.560587  0.301248  0.491056  0.338070  0.861016  0.749290  0.468691  0.423004  0.428208  0.278714  0.403613  0.890475 
13  0.310094  0.723458  0.274110  0.740196  0.350137  0.182940  0.248330  0.696754  0.047571  0.269809  0.242125  0.128279  0.412116 0.0  0.133711  0.342926  0.149396  0.464833  0.493369  0.094143  0.056456  0.000000  0.561442  0.543074  0.166586  0.257562  0.167609  0.344986  0.336836  0.523195 
14  0.368198  0.817376  0.334201  0.718384  0.261728  0.178784  0.131010  0.666324  0.211246  0.295889  0.307476  0.016793  0.515339  0.133711 0.0  0.378141  0.263334  0.495433  0.573524  0.017973  0.091288  0.160657  0.579075  0.352638  0.261717  0.347035  0.090595  0.366376  0.324809  0.558760 
15  0.000000  0.633396  0.229839  0.639813  0.083489  0.352097  0.410922  0.509546  0.577054  0.231321  0.348701  0.521488  0.370415  0.342926  0.378141 0.0  0.320750  0.390942  0.089988  0.393273  0.322597  0.535495  0.813669  0.814602  0.665194  0.313434  0.493740  0.227664  0.007842  0.842334 
16  0.321771  0.767085  0.319995  0.738797  0.328533  0.219820  0.198254  0.778504  0.109429  0.340166  0.226901  0.026935  0.542576  0.149396  0.263334  0.320750 0.0  0.541254  0.484104  0.054804  0.151923  0.023564  0.550577  0.383042  0.193973  0.149075  0.204398  0.280722  0.284006  0.525378 
17  0.271271  0.773119  0.439459  0.632478  0.359425  0.360045  0.414467  0.778514  0.426370  0.336366  0.394038  0.281161  0.169553  0.464833  0.495433  0.390942  0.541254 0.0  0.433482  0.440663  0.455691  0.284649  0.898815  0.826443  0.581497  0.427120  0.451183  0.270388  0.326669  0.924826 
18  0.042073  0.447208  0.000000  0.421899  0.140023  0.507796  0.474415  0.522219  0.253311  0.078019  0.490385  0.396489  0.560587  0.493369  0.573524  0.089988  0.484104  0.433482 0.0  0.376707  0.360926  0.327080  0.798276  0.755452  0.649042  0.480218  0.470932  0.140914  0.009407  0.787833 
19  0.393337  0.899086  0.445066  0.900606  0.300236  0.008378  0.061496  0.649777  0.234515  0.463125  0.067232  0.243318  0.301248  0.094143  0.017973  0.393273  0.054804  0.440663  0.376707 0.0  0.210030  0.176681  0.517070  0.698656  0.290206  0.097423  0.107498  0.382055  0.293371  0.477414 
20  0.462138  0.879890  0.346584  0.835945  0.389156  0.152999  0.194698  0.790650  0.113302  0.467258  0.093468  0.265881  0.491056  0.056456  0.091288  0.322597  0.151923  0.455691  0.360926  0.210030 0.0  0.169117  0.441988  0.464785  0.288920  0.143807  0.151580  0.404692  0.462593  0.467768 
21  0.402493  0.911662  0.555420  0.894343  0.401586  0.113560  0.147407  0.732049  0.134874  0.547821  0.061865  0.213755  0.338070  0.000000  0.160657  0.535495  0.023564  0.284649  0.327080  0.176681  0.169117 0.0  0.584502  0.674564  0.319931  0.131011  0.109463  0.412597  0.327853  0.548113 
22  0.892701  0.776350  0.894819  0.406424  0.797533  0.582597  0.568878  0.450284  0.438834  0.841538  0.470601  0.529757  0.861016  0.561442  0.579075  0.813669  0.550577  0.898815  0.798276  0.517070  0.441988  0.584502 0.0  0.250064  0.325787  0.578017  0.379824  0.735958  0.834331  0.563509 
23  0.820549  0.906981  0.917450  0.488461  0.699619  0.500456  0.412058  0.345197  0.643923  0.908928  0.454816  0.584305  0.749290  0.543074  0.352638  0.814602  0.383042  0.826443  0.755452  0.698656  0.464785  0.674564  0.250064 0.0  0.416022  0.442407  0.613010  0.966893  0.759928  0.485383 
24  0.624030  0.704571  0.690983  0.759817  0.515343  0.254405  0.332670  0.558732  0.364300  0.605453  0.354866  0.388326  0.468691  0.166586  0.261717  0.665194  0.193973  0.581497  0.649042  0.290206  0.288920  0.319931  0.325787  0.416022 0.0  0.202683  0.337990  0.761016  0.501775  0.267493 
25  0.370903  0.804923  0.333873  0.792666  0.310295  0.185379  0.247836  0.687534  0.084334  0.356005  0.265083  0.052901  0.423004  0.257562  0.347035  0.313434  0.149075  0.427120  0.480218  0.097423  0.143807  0.131011  0.578017  0.442407  0.202683 0.0  0.173054  0.335755  0.393091  0.560084 
26  0.328828  0.917512  0.533925  0.920931  0.323739  0.218928  0.125321  0.908973  0.186710  0.379817  0.147730  0.175209  0.428208  0.167609  0.090595  0.493740  0.204398  0.451183  0.470932  0.107498  0.151580  0.109463  0.379824  0.613010  0.337990  0.173054 0.0  0.401204  0.379116  0.552568 
27  0.099898  0.696029  0.106238  0.665621  0.122612  0.449859  0.390832  0.315769  0.518550  0.265964  0.361984  0.436665  0.278714  0.344986  0.366376  0.227664  0.280722  0.270388  0.140914  0.382055  0.404692  0.412597  0.735958  0.966893  0.761016  0.335755  0.401204 0.0  0.000000  0.796594 
28  0.206878  0.405550  0.139304  0.589896  0.188321  0.302315  0.227210  0.657192  0.280325  0.074845  0.428422  0.385083  0.403613  0.336836  0.324809  0.007842  0.284006  0.326669  0.009407  0.293371  0.462593  0.327853  0.834331  0.759928  0.501775  0.393091  0.379116  0.000000 0.0  0.843567 
29  0.834393  0.366148  0.839025  0.869029  0.902621  0.483907  0.606369  0.853143  0.582360  0.696908  0.601971  0.445211  0.890475  0.523195  0.558760  0.842334  0.525378  0.924826  0.787833  0.477414  0.467768  0.548113  0.563509  0.485383  0.267493  0.560084  0.552568  0.796594  0.843567 0.0 
