30
0 0.0  0.311953  0.408660  0.157407  0.221177  0.040596  0.352092  0.492137  0.362374  0.111425  0.467183  0.320165  0.581352  0.452488  0.187745  0.676484  0.299126  0.180419  0.523730  0.386350  0.393206  0.582526  0.186579  0.529852  0.287449  0.841345  0.109321  0.291008  0.731862  0.140249 
1  0.311953 0.0  0.290265  0.176590  0.178417  0.000000  0.328288  0.429912  0.408808  0.195074  0.414205  0.407070  0.580042  0.374491  0.263253  0.705319  0.340025  0.244049  0.594818  0.344621  0.351630  0.531461  0.171168  0.498153  0.279594  0.793661  0.099831  0.369927  0.628031  0.212820 
2  0.408660  0.290265 0.0  0.369605  0.333668  0.328043  0.351482  0.481058  0.441240  0.376917  0.362964  0.440280  0.720425  0.367104  0.314231  0.604717  0.389451  0.374581  0.387803  0.133010  0.330883  0.729335  0.341220  0.271973  0.127364  0.883646  0.306042  0.391433  0.764350  0.464782 
3  0.157407  0.176590  0.369605 0.0  0.140325  0.136266  0.289247  0.486429  0.392252  0.296732  0.454476  0.451462  0.659929  0.497683  0.198713  0.705042  0.244200  0.225862  0.425345  0.306122  0.401138  0.478630  0.301428  0.436715  0.427486  0.797942  0.318750  0.384495  0.581978  0.209063 
4  0.221177  0.178417  0.333668  0.140325 0.0  0.044219  0.383203  0.490237  0.345074  0.324527  0.416511  0.412906  0.636869  0.474689  0.259713  0.705299  0.327496  0.164288  0.426404  0.414676  0.344835  0.503744  0.132150  0.416627  0.346009  0.805237  0.165600  0.382323  0.649731  0.272586 
5  0.040596  0.000000  0.328043  0.136266  0.044219 0.0  0.401959  0.441764  0.406214  0.015923  0.486435  0.333198  0.480070  0.399387  0.074337  0.551281  0.344189  0.072352  0.342563  0.425666  0.365221  0.626333  0.104417  0.322850  0.364986  0.841314  0.113573  0.449430  0.433398  0.103965 
6  0.352092  0.328288  0.351482  0.289247  0.383203  0.401959 0.0  0.546739  0.278852  0.482947  0.471104  0.269567  0.673803  0.507455  0.337033  0.442069  0.171082  0.421275  0.262385  0.323504  0.413631  0.772446  0.402538  0.038622  0.411258  0.816582  0.483116  0.084081  0.707240  0.478253 
7  0.492137  0.429912  0.481058  0.486429  0.490237  0.441764  0.546739 0.0  0.580132  0.519329  0.522710  0.563302  0.356757  0.539727  0.421978  0.512311  0.458526  0.490089  0.451805  0.510529  0.565597  0.499283  0.526848  0.509788  0.541609  0.502307  0.517585  0.475418  0.549642  0.346967 
8  0.362374  0.408808  0.441240  0.392252  0.345074  0.406214  0.278852  0.580132 0.0  0.417026  0.113696  0.267903  0.773109  0.077895  0.317833  0.261136  0.286632  0.366804  0.000000  0.504918  0.204908  0.797814  0.342994  0.312377  0.515645  0.592144  0.336273  0.302711  0.713770  0.424097 
9  0.111425  0.195074  0.376917  0.296732  0.324527  0.015923  0.482947  0.519329  0.417026 0.0  0.463475  0.301513  0.641295  0.432097  0.269447  0.758278  0.313446  0.170552  0.505341  0.390294  0.271348  0.463399  0.166975  0.488976  0.391145  0.847257  0.206655  0.341153  0.616564  0.224401 
10  0.467183  0.414205  0.362964  0.454476  0.416511  0.486435  0.471104  0.522710  0.113696  0.463475 0.0  0.155339  0.754234  0.236621  0.486016  0.333627  0.359709  0.363327  0.107516  0.489752  0.120830  0.839279  0.449609  0.360080  0.365177  0.561054  0.404434  0.449463  0.818840  0.399227 
11  0.320165  0.407070  0.440280  0.451462  0.412906  0.333198  0.269567  0.563302  0.267903  0.301513  0.155339 0.0  0.821894  0.235719  0.424552  0.375158  0.219749  0.391075  0.000000  0.527161  0.260063  0.758650  0.327866  0.453874  0.385171  0.583374  0.282128  0.330848  0.750013  0.388143 
12  0.581352  0.580042  0.720425  0.659929  0.636869  0.480070  0.673803  0.356757  0.773109  0.641295  0.754234  0.821894 0.0  0.840966  0.590241  0.806405  0.643579  0.649187  0.902207  0.838757  0.665518  0.048435  0.626420  1.000000  0.728246  0.918826  0.617491  0.793404  0.614785  0.576100 
13  0.452488  0.374491  0.367104  0.497683  0.474689  0.399387  0.507455  0.539727  0.077895  0.432097  0.236621  0.235719  0.840966 0.0  0.425286  0.399251  0.274058  0.398229  0.166113  0.358349  0.074064  0.911797  0.425715  0.537977  0.366144  0.630338  0.530587  0.485680  0.764987  0.307946 
14  0.187745  0.263253  0.314231  0.198713  0.259713  0.074337  0.337033  0.421978  0.317833  0.269447  0.486016  0.424552  0.590241  0.425286 0.0  0.702679  0.213794  0.104104  0.509418  0.410200  0.286418  0.526327  0.084635  0.409851  0.346097  0.854083  0.240593  0.221490  0.662641  0.171663 
15  0.676484  0.705319  0.604717  0.705042  0.705299  0.551281  0.442069  0.512311  0.261136  0.758278  0.333627  0.375158  0.806405  0.399251  0.702679 0.0  0.543303  0.609985  0.444519  0.517978  0.202652  0.554996  0.586352  0.731795  0.554337  0.317883  0.836643  0.476324  0.577727  0.635748 
16  0.299126  0.340025  0.389451  0.244200  0.327496  0.344189  0.171082  0.458526  0.286632  0.313446  0.359709  0.219749  0.643579  0.274058  0.213794  0.543303 0.0  0.270449  0.237009  0.247127  0.231304  0.677085  0.230101  0.265966  0.313320  0.765393  0.363982  0.217890  0.770534  0.259181 
17  0.180419  0.244049  0.374581  0.225862  0.164288  0.072352  0.421275  0.490089  0.366804  0.170552  0.363327  0.391075  0.649187  0.398229  0.104104  0.609985  0.270449 0.0  0.443021  0.344124  0.200329  0.529285  0.176684  0.503666  0.356262  0.844181  0.271503  0.385295  0.531627  0.081917 
18  0.523730  0.594818  0.387803  0.425345  0.426404  0.342563  0.262385  0.451805  0.000000  0.505341  0.107516  0.000000  0.902207  0.166113  0.509418  0.444519  0.237009  0.443021 0.0  0.319286  0.082370  0.864368  0.514742  0.497500  0.329166  0.633620  0.459920  0.357823  0.882298  0.507674 
19  0.386350  0.344621  0.133010  0.306122  0.414676  0.425666  0.323504  0.510529  0.504918  0.390294  0.489752  0.527161  0.838757  0.358349  0.410200  0.517978  0.247127  0.344124  0.319286 0.0  0.371460  0.814588  0.423400  0.350041  0.087602  0.825352  0.278213  0.298273  0.774693  0.431619 
20  0.393206  0.351630  0.330883  0.401138  0.344835  0.365221  0.413631  0.565597  0.204908  0.271348  0.120830  0.260063  0.665518  0.074064  0.286418  0.202652  0.231304  0.200329  0.082370  0.371460 0.0  0.815212  0.426204  0.332923  0.460477  0.570592  0.426204  0.410248  0.859778  0.362412 
21  0.582526  0.531461  0.729335  0.478630  0.503744  0.626333  0.772446  0.499283  0.797814  0.463399  0.839279  0.758650  0.048435  0.911797  0.526327  0.554996  0.677085  0.529285  0.864368  0.814588  0.815212 0.0  0.537167  0.776384  0.847499  0.858988  0.453083  0.915235  0.477167  0.511502 
22  0.186579  0.171168  0.341220  0.301428  0.132150  0.104417  0.402538  0.526848  0.342994  0.166975  0.449609  0.327866  0.626420  0.425715  0.084635  0.586352  0.230101  0.176684  0.514742  0.423400  0.426204  0.537167 0.0  0.418592  0.333797  0.770214  0.246387  0.371719  0.607047  0.217714 
23  0.529852  0.498153  0.271973  0.436715  0.416627  0.322850  0.038622  0.509788  0.312377  0.488976  0.360080  0.453874  1.000000  0.537977  0.409851  0.731795  0.265966  0.503666  0.497500  0.350041  0.332923  0.776384  0.418592 0.0  0.472739  0.802208  0.602941  0.016670  0.934845  0.465491 
24  0.287449  0.279594  0.127364  0.427486  0.346009  0.364986  0.411258  0.541609  0.515645  0.391145  0.365177  0.385171  0.728246  0.366144  0.346097  0.554337  0.313320  0.356262  0.329166  0.087602  0.460477  0.847499  0.333797  0.472739 0.0  0.856486  0.396683  0.338680  0.741715  0.393023 
25  0.841345  0.793661  0.883646  0.797942  0.805237  0.841314  0.816582  0.502307  0.592144  0.847257  0.561054  0.583374  0.918826  0.630338  0.854083  0.317883  0.765393  0.844181  0.633620  0.825352  0.570592  0.858988  0.770214  0.802208  0.856486 0.0  0.857341  0.863644  0.394040  0.861551 
26  0.109321  0.099831  0.306042  0.318750  0.165600  0.113573  0.483116  0.517585  0.336273  0.206655  0.404434  0.282128  0.617491  0.530587  0.240593  0.836643  0.363982  0.271503  0.459920  0.278213  0.426204  0.453083  0.246387  0.602941  0.396683  0.857341 0.0  0.464621  0.731999  0.066947 
27  0.291008  0.369927  0.391433  0.384495  0.382323  0.449430  0.084081  0.475418  0.302711  0.341153  0.449463  0.330848  0.793404  0.485680  0.221490  0.476324  0.217890  0.385295  0.357823  0.298273  0.410248  0.915235  0.371719  0.016670  0.338680  0.863644  0.464621 0.0  0.739628  0.365595 
28  0.731862  0.628031  0.764350  0.581978  0.649731  0.433398  0.707240  0.549642  0.713770  0.616564  0.818840  0.750013  0.614785  0.764987  0.662641  0.577727  0.770534  0.531627  0.882298  0.774693  0.859778  0.477167  0.607047  0.934845  0.741715  0.394040  0.731999  0.739628 0.0  0.627881 
29  0.140249  0.212820  0.464782  0.209063  0.272586  0.103965  0.478253  0.346967  0.424097  0.224401  0.399227  0.388143  0.576100  0.307946  0.171663  0.635748  0.259181  0.081917  0.507674  0.431619  0.362412  0.511502  0.217714  0.465491  0.393023  0.861551  0.066947  0.365595  0.627881 0.0 
