30
0 0.0  0.303809  0.440708  0.610592  0.409335  0.422030  0.383466  0.781518  0.479158  0.253807  0.891031  0.435642  0.763045  0.269104  0.772077  0.117190  0.245415  0.269371  0.919223  0.252782  0.446926  0.175218  0.362590  0.117689  0.080041  0.392759  0.224896  0.257740  0.379922  0.501698 
1  0.303809 0.0  0.412019  0.233353  0.473575  0.465398  0.108331  0.905797  0.534680  0.367335  0.925870  0.363395  0.553600  0.478695  0.615616  0.577080  0.334390  0.301370  0.854315  0.382802  0.279584  0.318605  0.411279  0.447089  0.382632  0.354409  0.302875  0.372390  0.268977  0.528669 
2  0.440708  0.412019 0.0  0.195060  0.076432  0.129924  0.479056  0.529833  0.078574  0.453892  0.676493  0.154953  0.424657  0.553261  0.326767  0.291807  0.677512  0.540155  0.647287  0.242071  0.115795  0.366649  0.350125  0.452536  0.647596  0.389288  0.458574  0.516370  0.042317  0.140406 
3  0.610592  0.233353  0.195060 0.0  0.000000  0.120824  0.443068  0.578456  0.073262  0.566570  0.522390  0.000000  0.458768  0.375586  0.411454  0.410255  0.414360  0.401799  0.750942  0.347018  0.082576  0.458651  0.493118  0.407982  0.517532  0.506857  0.437982  0.475962  0.002246  0.099357 
4  0.409335  0.473575  0.076432  0.000000 0.0  0.186011  0.461259  0.668006  0.059033  0.389025  0.491637  0.239204  0.338122  0.372449  0.333522  0.352434  0.411960  0.360725  0.651373  0.330155  0.214972  0.374632  0.481715  0.439316  0.281334  0.501929  0.305376  0.397677  0.212486  0.079040 
5  0.422030  0.465398  0.129924  0.120824  0.186011 0.0  0.287947  0.534719  0.124952  0.530818  0.670756  0.201918  0.313653  0.347170  0.254878  0.279711  0.429061  0.438535  0.503846  0.397117  0.195034  0.519284  0.353618  0.445492  0.272406  0.505679  0.408356  0.317433  0.212501  0.220737 
6  0.383466  0.108331  0.479056  0.443068  0.461259  0.287947 0.0  0.884384  0.361913  0.435864  0.949013  0.330819  0.788638  0.577332  0.896351  0.319374  0.493671  0.448655  0.968087  0.315409  0.439558  0.466416  0.356322  0.410380  0.679517  0.396011  0.463439  0.612067  0.251182  0.416094 
7  0.781518  0.905797  0.529833  0.578456  0.668006  0.534719  0.884384 0.0  0.487855  0.928432  0.646627  0.573685  0.335598  0.800691  0.314703  0.896298  0.897157  0.905773  0.601056  0.714626  0.631731  0.885846  0.975633  0.890616  0.773767  0.883917  0.891994  0.822968  0.612827  0.635033 
8  0.479158  0.534680  0.078574  0.073262  0.059033  0.124952  0.361913  0.487855 0.0  0.478415  0.598359  0.015368  0.391053  0.490053  0.473212  0.413361  0.512129  0.334420  0.633694  0.203742  0.090398  0.474828  0.313067  0.488431  0.483019  0.385860  0.304383  0.392370  0.154785  0.173695 
9  0.253807  0.367335  0.453892  0.566570  0.389025  0.530818  0.435864  0.928432  0.478415 0.0  0.985761  0.309461  0.758971  0.119314  0.743870  0.118767  0.251774  0.204323  0.970412  0.256399  0.393544  0.187355  0.298084  0.045009  0.046575  0.375538  0.251483  0.169646  0.343459  0.531958 
10  0.891031  0.925870  0.676493  0.522390  0.491637  0.670756  0.949013  0.646627  0.598359  0.985761 0.0  0.621411  0.270145  0.665586  0.446849  0.901006  0.898175  0.897748  0.064136  0.826527  0.598962  0.820728  0.820130  0.919678  0.873899  0.835401  0.789325  0.895289  0.625923  0.666500 
11  0.435642  0.363395  0.154953  0.000000  0.239204  0.201918  0.330819  0.573685  0.015368  0.309461  0.621411 0.0  0.487505  0.435658  0.178962  0.388192  0.372040  0.354103  0.514698  0.255397  0.200803  0.418621  0.263660  0.575939  0.338358  0.483536  0.275457  0.326977  0.166032  0.150343 
12  0.763045  0.553600  0.424657  0.458768  0.338122  0.313653  0.788638  0.335598  0.391053  0.758971  0.270145  0.487505 0.0  0.719742  0.369025  0.559394  0.743299  0.762109  0.406508  0.586344  0.147929  0.564612  0.633948  0.736558  0.629936  0.615069  0.689488  0.695270  0.211530  0.348655 
13  0.269104  0.478695  0.553261  0.375586  0.372449  0.347170  0.577332  0.800691  0.490053  0.119314  0.665586  0.435658  0.719742 0.0  0.804546  0.105585  0.275235  0.178960  0.966738  0.252329  0.371211  0.079117  0.422774  0.250630  0.311481  0.327945  0.243984  0.184278  0.293875  0.323897 
14  0.772077  0.615616  0.326767  0.411454  0.333522  0.254878  0.896351  0.314703  0.473212  0.743870  0.446849  0.178962  0.369025  0.804546 0.0  0.515802  0.736288  0.711503  0.541454  0.372951  0.183074  0.638888  0.573331  0.684972  0.791205  0.642146  0.696805  0.704174  0.349278  0.357611 
15  0.117190  0.577080  0.291807  0.410255  0.352434  0.279711  0.319374  0.896298  0.413361  0.118767  0.901006  0.388192  0.559394  0.105585  0.515802 0.0  0.054784  0.131422  0.770385  0.272049  0.196286  0.123477  0.468566  0.187296  0.093724  0.295194  0.091720  0.191853  0.324019  0.435028 
16  0.245415  0.334390  0.677512  0.414360  0.411960  0.429061  0.493671  0.897157  0.512129  0.251774  0.898175  0.372040  0.743299  0.275235  0.736288  0.054784 0.0  0.198751  0.916562  0.326348  0.376273  0.187842  0.380748  0.052274  0.214937  0.356795  0.175010  0.164721  0.314515  0.522243 
17  0.269371  0.301370  0.540155  0.401799  0.360725  0.438535  0.448655  0.905773  0.334420  0.204323  0.897748  0.354103  0.762109  0.178960  0.711503  0.131422  0.198751 0.0  1.000000  0.223257  0.338013  0.052219  0.435883  0.097124  0.262953  0.404120  0.180444  0.166521  0.358099  0.487757 
18  0.919223  0.854315  0.647287  0.750942  0.651373  0.503846  0.968087  0.601056  0.633694  0.970412  0.064136  0.514698  0.406508  0.966738  0.541454  0.770385  0.916562  1.000000 0.0  0.767147  0.589631  0.965384  0.747983  0.775882  0.992435  0.794247  0.949863  0.911653  0.558825  0.637455 
19  0.252782  0.382802  0.242071  0.347018  0.330155  0.397117  0.315409  0.714626  0.203742  0.256399  0.826527  0.255397  0.586344  0.252329  0.372951  0.272049  0.326348  0.223257  0.767147 0.0  0.283598  0.375831  0.130661  0.306854  0.360472  0.269477  0.349698  0.304077  0.243364  0.415282 
20  0.446926  0.279584  0.115795  0.082576  0.214972  0.195034  0.439558  0.631731  0.090398  0.393544  0.598962  0.200803  0.147929  0.371211  0.183074  0.196286  0.376273  0.338013  0.589631  0.283598 0.0  0.413015  0.402613  0.459480  0.439867  0.466920  0.351606  0.363285  0.224503  0.232420 
21  0.175218  0.318605  0.366649  0.458651  0.374632  0.519284  0.466416  0.885846  0.474828  0.187355  0.820728  0.418621  0.564612  0.079117  0.638888  0.123477  0.187842  0.052219  0.965384  0.375831  0.413015 0.0  0.535716  0.103242  0.168256  0.452333  0.205724  0.088069  0.368245  0.423042 
22  0.362590  0.411279  0.350125  0.493118  0.481715  0.353618  0.356322  0.975633  0.313067  0.298084  0.820130  0.263660  0.633948  0.422774  0.573331  0.468566  0.380748  0.435883  0.747983  0.130661  0.402613  0.535716 0.0  0.526123  0.236256  0.144513  0.455630  0.264054  0.412782  0.466623 
23  0.117689  0.447089  0.452536  0.407982  0.439316  0.445492  0.410380  0.890616  0.488431  0.045009  0.919678  0.575939  0.736558  0.250630  0.684972  0.187296  0.052274  0.097124  0.775882  0.306854  0.459480  0.103242  0.526123 0.0  0.222076  0.482070  0.117676  0.205744  0.413206  0.453312 
24  0.080041  0.382632  0.647596  0.517532  0.281334  0.272406  0.679517  0.773767  0.483019  0.046575  0.873899  0.338358  0.629936  0.311481  0.791205  0.093724  0.214937  0.262953  0.992435  0.360472  0.439867  0.168256  0.236256  0.222076 0.0  0.330966  0.344055  0.136155  0.390356  0.456761 
25  0.392759  0.354409  0.389288  0.506857  0.501929  0.505679  0.396011  0.883917  0.385860  0.375538  0.835401  0.483536  0.615069  0.327945  0.642146  0.295194  0.356795  0.404120  0.794247  0.269477  0.466920  0.452333  0.144513  0.482070  0.330966 0.0  0.431161  0.270250  0.577456  0.436727 
26  0.224896  0.302875  0.458574  0.437982  0.305376  0.408356  0.463439  0.891994  0.304383  0.251483  0.789325  0.275457  0.689488  0.243984  0.696805  0.091720  0.175010  0.180444  0.949863  0.349698  0.351606  0.205724  0.455630  0.117676  0.344055  0.431161 0.0  0.253003  0.300299  0.513359 
27  0.257740  0.372390  0.516370  0.475962  0.397677  0.317433  0.612067  0.822968  0.392370  0.169646  0.895289  0.326977  0.695270  0.184278  0.704174  0.191853  0.164721  0.166521  0.911653  0.304077  0.363285  0.088069  0.264054  0.205744  0.136155  0.270250  0.253003 0.0  0.349760  0.527703 
28  0.379922  0.268977  0.042317  0.002246  0.212486  0.212501  0.251182  0.612827  0.154785  0.343459  0.625923  0.166032  0.211530  0.293875  0.349278  0.324019  0.314515  0.358099  0.558825  0.243364  0.224503  0.368245  0.412782  0.413206  0.390356  0.577456  0.300299  0.349760 0.0  0.059328 
29  0.501698  0.528669  0.140406  0.099357  0.079040  0.220737  0.416094  0.635033  0.173695  0.531958  0.666500  0.150343  0.348655  0.323897  0.357611  0.435028  0.522243  0.487757  0.637455  0.415282  0.232420  0.423042  0.466623  0.453312  0.456761  0.436727  0.513359  0.527703  0.059328 0.0 
