30
0 0.0  0.053911  0.559077  0.466100  0.436411  0.418679  0.051666  0.435756  0.593629  0.261637  0.583915  0.719147  0.476918  0.314370  0.111886  0.401634  0.608280  0.073279  0.345602  0.160448  0.108839  0.319872  0.455738  0.060835  0.408581  0.298304  0.326246  0.411717  0.073424  0.443654 
1  0.053911 0.0  0.260198  0.421796  0.369852  0.430783  0.193861  0.289811  0.335018  0.000000  0.581387  0.763908  0.496626  0.335530  0.247705  0.314280  0.567275  0.166334  0.439338  0.296822  0.236229  0.085148  0.310992  0.249553  0.585748  0.442046  0.314985  0.371058  0.107294  0.360155 
2  0.559077  0.260198 0.0  0.155491  0.237362  0.160526  0.395936  0.230730  0.195000  0.558134  0.776724  0.501684  0.000000  0.041912  0.289895  0.010184  0.577823  0.306546  0.322228  0.331354  0.385638  0.508159  0.150829  0.472121  0.337225  0.374485  0.524750  0.197803  0.457908  0.481250 
3  0.466100  0.421796  0.155491 0.0  0.265052  0.111976  0.401781  0.265966  0.296436  0.473320  0.795162  0.585173  0.073935  0.005529  0.407770  0.189593  0.609493  0.398815  0.354361  0.395051  0.290878  0.528532  0.250452  0.276069  0.302369  0.380406  0.364691  0.323047  0.421419  0.469053 
4  0.436411  0.369852  0.237362  0.265052 0.0  0.247161  0.315721  0.128232  0.218739  0.428547  0.764862  0.435470  0.149413  0.000000  0.318190  0.106883  0.490137  0.372184  0.208658  0.314027  0.340977  0.557527  0.156489  0.320915  0.393520  0.306572  0.303938  0.197314  0.394550  0.488643 
5  0.418679  0.430783  0.160526  0.111976  0.247161 0.0  0.239429  0.192934  0.232931  0.487677  0.912214  0.437127  0.152476  0.185079  0.370244  0.000000  0.611771  0.397115  0.383829  0.371815  0.301641  0.462773  0.237879  0.354250  0.378313  0.361273  0.500226  0.177797  0.315048  0.482292 
6  0.051666  0.193861  0.395936  0.401781  0.315721  0.239429 0.0  0.386670  0.309272  0.003650  0.528906  0.733687  0.533778  0.410766  0.200573  0.439330  0.515993  0.130106  0.367137  0.187206  0.214293  0.146196  0.380156  0.110603  0.482183  0.574188  0.284321  0.339564  0.080558  0.378865 
7  0.435756  0.289811  0.230730  0.265966  0.128232  0.192934  0.386670 0.0  0.210679  0.470369  0.833986  0.527968  0.026206  0.152832  0.425777  0.114183  0.674608  0.339518  0.399596  0.380094  0.329863  0.418297  0.277003  0.332410  0.407427  0.442399  0.298951  0.091043  0.384129  0.423734 
8  0.593629  0.335018  0.195000  0.296436  0.218739  0.232931  0.309272  0.210679 0.0  0.520935  0.868120  0.576149  0.089592  0.100876  0.330568  0.158584  0.617003  0.443367  0.356265  0.236047  0.320739  0.460177  0.238489  0.434628  0.394734  0.333379  0.306032  0.226843  0.409141  0.412691 
9  0.261637  0.000000  0.558134  0.473320  0.428547  0.487677  0.003650  0.470369  0.520935 0.0  0.557545  0.811844  0.289920  0.317794  0.123111  0.334036  0.582377  0.104470  0.423186  0.048310  0.121083  0.221551  0.469007  0.000000  0.333400  0.385795  0.351917  0.549655  0.014628  0.557158 
10  0.583915  0.581387  0.776724  0.795162  0.764862  0.912214  0.528906  0.833986  0.868120  0.557545 0.0  0.881099  0.913253  0.870898  0.571504  0.808929  0.606641  0.486397  0.785976  0.569701  0.560569  0.407943  0.806739  0.507833  0.838625  0.784431  0.806251  0.874454  0.657111  0.761370 
11  0.719147  0.763908  0.501684  0.585173  0.435470  0.437127  0.733687  0.527968  0.576149  0.811844  0.881099 0.0  0.493207  0.517931  0.808091  0.583725  0.616110  0.776969  0.798845  0.911979  0.710953  0.906532  0.496953  0.863511  0.915873  0.645007  1.000000  0.564738  0.877087  0.845950 
12  0.476918  0.496626  0.000000  0.073935  0.149413  0.152476  0.533778  0.026206  0.089592  0.289920  0.913253  0.493207 0.0  0.056911  0.493275  0.010150  0.595230  0.561420  0.374805  0.435570  0.559983  0.357597  0.000000  0.478826  0.533774  0.440962  0.390543  0.069225  0.313634  0.357725 
13  0.314370  0.335530  0.041912  0.005529  0.000000  0.185079  0.410766  0.152832  0.100876  0.317794  0.870898  0.517931  0.056911 0.0  0.241471  0.087318  0.595846  0.329216  0.389138  0.323789  0.354944  0.451611  0.069969  0.389763  0.333421  0.357939  0.381085  0.079983  0.499423  0.322519 
14  0.111886  0.247705  0.289895  0.407770  0.318190  0.370244  0.200573  0.425777  0.330568  0.123111  0.571504  0.808091  0.493275  0.241471 0.0  0.334033  0.520049  0.277574  0.352120  0.188631  0.037066  0.121656  0.284288  0.212738  0.453261  0.473275  0.418050  0.527543  0.123393  0.315642 
15  0.401634  0.314280  0.010184  0.189593  0.106883  0.000000  0.439330  0.114183  0.158584  0.334036  0.808929  0.583725  0.010150  0.087318  0.334033 0.0  0.588087  0.394200  0.340774  0.410142  0.368018  0.299038  0.098419  0.331136  0.378634  0.339911  0.481956  0.006748  0.340298  0.346836 
16  0.608280  0.567275  0.577823  0.609493  0.490137  0.611771  0.515993  0.674608  0.617003  0.582377  0.606641  0.616110  0.595230  0.595846  0.520049  0.588087 0.0  0.672144  0.701693  0.626623  0.527765  0.547424  0.557200  0.560133  0.626749  0.651641  0.307875  0.564702  0.697836  0.321876 
17  0.073279  0.166334  0.306546  0.398815  0.372184  0.397115  0.130106  0.339518  0.443367  0.104470  0.486397  0.776969  0.561420  0.329216  0.277574  0.394200  0.672144 0.0  0.359095  0.115879  0.196768  0.136842  0.304825  0.218173  0.451328  0.407441  0.436160  0.338285  0.153024  0.369528 
18  0.345602  0.439338  0.322228  0.354361  0.208658  0.383829  0.367137  0.399596  0.356265  0.423186  0.785976  0.798845  0.374805  0.389138  0.352120  0.340774  0.701693  0.359095 0.0  0.355515  0.333940  0.338457  0.292171  0.296975  0.040673  0.110699  0.224091  0.376503  0.461451  0.407432 
19  0.160448  0.296822  0.331354  0.395051  0.314027  0.371815  0.187206  0.380094  0.236047  0.048310  0.569701  0.911979  0.435570  0.323789  0.188631  0.410142  0.626623  0.115879  0.355515 0.0  0.236567  0.037120  0.328507  0.098064  0.572333  0.545112  0.239335  0.487955  0.214292  0.376359 
20  0.108839  0.236229  0.385638  0.290878  0.340977  0.301641  0.214293  0.329863  0.320739  0.121083  0.560569  0.710953  0.559983  0.354944  0.037066  0.368018  0.527765  0.196768  0.333940  0.236567 0.0  0.000000  0.367564  0.262865  0.458661  0.538718  0.332971  0.300028  0.121786  0.442395 
21  0.319872  0.085148  0.508159  0.528532  0.557527  0.462773  0.146196  0.418297  0.460177  0.221551  0.407943  0.906532  0.357597  0.451611  0.121656  0.299038  0.547424  0.136842  0.338457  0.037120  0.000000 0.0  0.388754  0.057510  0.341919  0.345260  0.278942  0.467946  0.231182  0.553598 
22  0.455738  0.310992  0.150829  0.250452  0.156489  0.237879  0.380156  0.277003  0.238489  0.469007  0.806739  0.496953  0.000000  0.069969  0.284288  0.098419  0.557200  0.304825  0.292171  0.328507  0.367564  0.388754 0.0  0.366461  0.289287  0.315297  0.332941  0.192107  0.414962  0.616756 
23  0.060835  0.249553  0.472121  0.276069  0.320915  0.354250  0.110603  0.332410  0.434628  0.000000  0.507833  0.863511  0.478826  0.389763  0.212738  0.331136  0.560133  0.218173  0.296975  0.098064  0.262865  0.057510  0.366461 0.0  0.485510  0.486332  0.301754  0.317417  0.155706  0.333166 
24  0.408581  0.585748  0.337225  0.302369  0.393520  0.378313  0.482183  0.407427  0.394734  0.333400  0.838625  0.915873  0.533774  0.333421  0.453261  0.378634  0.626749  0.451328  0.040673  0.572333  0.458661  0.341919  0.289287  0.485510 0.0  0.200845  0.404472  0.284272  0.377716  0.238675 
25  0.298304  0.442046  0.374485  0.380406  0.306572  0.361273  0.574188  0.442399  0.333379  0.385795  0.784431  0.645007  0.440962  0.357939  0.473275  0.339911  0.651641  0.407441  0.110699  0.545112  0.538718  0.345260  0.315297  0.486332  0.200845 0.0  0.399886  0.413736  0.520704  0.308991 
26  0.326246  0.314985  0.524750  0.364691  0.303938  0.500226  0.284321  0.298951  0.306032  0.351917  0.806251  1.000000  0.390543  0.381085  0.418050  0.481956  0.307875  0.436160  0.224091  0.239335  0.332971  0.278942  0.332941  0.301754  0.404472  0.399886 0.0  0.286747  0.394564  0.195903 
27  0.411717  0.371058  0.197803  0.323047  0.197314  0.177797  0.339564  0.091043  0.226843  0.549655  0.874454  0.564738  0.069225  0.079983  0.527543  0.006748  0.564702  0.338285  0.376503  0.487955  0.300028  0.467946  0.192107  0.317417  0.284272  0.413736  0.286747 0.0  0.495249  0.544949 
28  0.073424  0.107294  0.457908  0.421419  0.394550  0.315048  0.080558  0.384129  0.409141  0.014628  0.657111  0.877087  0.313634  0.499423  0.123393  0.340298  0.697836  0.153024  0.461451  0.214292  0.121786  0.231182  0.414962  0.155706  0.377716  0.520704  0.394564  0.495249 0.0  0.565797 
29  0.443654  0.360155  0.481250  0.469053  0.488643  0.482292  0.378865  0.423734  0.412691  0.557158  0.761370  0.845950  0.357725  0.322519  0.315642  0.346836  0.321876  0.369528  0.407432  0.376359  0.442395  0.553598  0.616756  0.333166  0.238675  0.308991  0.195903  0.544949  0.565797 0.0 
