30
0 0.0  0.616816  0.733532  0.611580  0.873086  0.711903  0.957614  0.919572  0.353542  0.904407  0.882736  0.367702  0.950111  0.933091  0.792111  0.748642  0.512932  0.447798  0.769557  0.449352  0.892427  0.477759  0.465608  0.852373  0.620374  0.777178  0.048260  1.000000  0.683688  0.793989 
1  0.616816 0.0  0.338882  0.154094  0.438320  0.276509  0.492193  0.335099  0.898416  0.480153  0.851815  0.024695  0.540011  0.468981  0.365182  0.449770  0.074148  0.114000  0.327131  0.507785  0.407299  0.000000  0.083417  0.356222  0.625595  0.369010  0.602916  0.466173  0.350265  0.241592 
2  0.733532  0.338882 0.0  0.357049  0.285742  0.308048  0.379517  0.317052  0.759164  0.328137  0.797707  0.459337  0.334219  0.455252  0.324195  0.509819  0.578921  0.439649  0.162298  0.440090  0.338368  0.537968  0.484268  0.310648  0.615640  0.016153  0.784163  0.341556  0.285038  0.027447 
3  0.611580  0.154094  0.357049 0.0  0.448695  0.226861  0.513492  0.436380  0.818965  0.457952  0.783676  0.125955  0.567796  0.369064  0.406517  0.364050  0.047337  0.197325  0.316598  0.454571  0.372143  0.160554  0.105966  0.406851  0.719571  0.227799  0.533280  0.462141  0.348858  0.237977 
4  0.873086  0.438320  0.285742  0.448695 0.0  0.547600  0.261284  0.128586  0.463887  0.140781  0.517016  0.346827  0.315854  0.082217  0.146172  0.124355  0.379781  0.423658  0.374739  0.552221  0.218720  0.361960  0.325102  0.407644  0.520490  0.296272  0.867559  0.178166  0.066685  0.328500 
5  0.711903  0.276509  0.308048  0.226861  0.547600 0.0  0.506897  0.286605  0.766100  0.523124  0.954537  0.040315  0.453077  0.532285  0.425617  0.448914  0.043423  0.068718  0.455160  0.550903  0.591078  0.032673  0.149528  0.384256  0.471933  0.324464  0.577379  0.462565  0.306221  0.432752 
6  0.957614  0.492193  0.379517  0.513492  0.261284  0.506897 0.0  0.104930  0.485309  0.175795  0.688508  0.191030  0.209976  0.156441  0.073816  0.074413  0.271127  0.384363  0.396495  0.468211  0.149705  0.345915  0.345087  0.399404  0.566543  0.229359  0.765338  0.260323  0.165344  0.466417 
7  0.919572  0.335099  0.317052  0.436380  0.128586  0.286605  0.104930 0.0  0.676422  0.076848  0.569110  0.453635  0.006012  0.111336  0.264054  0.000000  0.364311  0.324682  0.374727  0.498843  0.200191  0.266520  0.349460  0.344372  0.581776  0.386754  0.856754  0.101224  0.359946  0.371939 
8  0.353542  0.898416  0.759164  0.818965  0.463887  0.766100  0.485309  0.676422 0.0  0.526629  0.550863  0.749963  0.551287  0.376521  0.574460  0.528199  0.743172  0.757713  0.790527  0.589015  0.455552  0.757257  0.720374  0.988759  0.608186  0.806219  0.425202  0.569107  0.657466  0.669248 
9  0.904407  0.480153  0.328137  0.457952  0.140781  0.523124  0.175795  0.076848  0.526629 0.0  0.555936  0.481884  0.310065  0.161121  0.000000  0.077316  0.505640  0.303193  0.359402  0.460961  0.292676  0.397677  0.353691  0.478970  0.567899  0.367007  0.880185  0.097156  0.127173  0.364060 
10  0.882736  0.851815  0.797707  0.783676  0.517016  0.954537  0.688508  0.569110  0.550863  0.555936 0.0  0.790591  0.628574  0.556995  0.552782  0.582480  0.874580  0.790155  0.724189  0.523521  0.761666  0.834684  0.828888  0.735626  0.713851  0.774851  0.957906  0.588216  0.424722  0.810380 
11  0.367702  0.024695  0.459337  0.125955  0.346827  0.040315  0.191030  0.453635  0.749963  0.481884  0.790591 0.0  0.387444  0.382322  0.227751  0.367365  0.210457  0.332002  0.513152  0.423208  0.257690  0.153930  0.243663  0.320621  0.491054  0.408799  0.524186  0.321949  0.348687  0.274500 
12  0.950111  0.540011  0.334219  0.567796  0.315854  0.453077  0.209976  0.006012  0.551287  0.310065  0.628574  0.387444 0.0  0.275770  0.000000  0.091320  0.297545  0.366781  0.396501  0.523900  0.088550  0.295582  0.420848  0.353549  0.549419  0.391763  0.942951  0.267108  0.056760  0.286667 
13  0.933091  0.468981  0.455252  0.369064  0.082217  0.532285  0.156441  0.111336  0.376521  0.161121  0.556995  0.382322  0.275770 0.0  0.097847  0.197010  0.356226  0.398646  0.329059  0.499572  0.135683  0.324367  0.381583  0.303573  0.517046  0.379875  0.852781  0.215239  0.016672  0.275407 
14  0.792111  0.365182  0.324195  0.406517  0.146172  0.425617  0.073816  0.264054  0.574460  0.000000  0.552782  0.227751  0.000000  0.097847 0.0  0.090370  0.399310  0.319750  0.295253  0.560079  0.000000  0.341775  0.417071  0.502577  0.585223  0.380804  0.850261  0.020926  0.231462  0.310407 
15  0.748642  0.449770  0.509819  0.364050  0.124355  0.448914  0.074413  0.000000  0.528199  0.077316  0.582480  0.367365  0.091320  0.197010  0.090370 0.0  0.347077  0.529391  0.524392  0.540192  0.140846  0.419246  0.382000  0.450721  0.628137  0.444974  0.834674  0.009787  0.102750  0.343401 
16  0.512932  0.074148  0.578921  0.047337  0.379781  0.043423  0.271127  0.364311  0.743172  0.505640  0.874580  0.210457  0.297545  0.356226  0.399310  0.347077 0.0  0.155676  0.563999  0.506727  0.382655  0.310656  0.200557  0.312127  0.650851  0.532214  0.499281  0.410082  0.441849  0.391571 
17  0.447798  0.114000  0.439649  0.197325  0.423658  0.068718  0.384363  0.324682  0.757713  0.303193  0.790155  0.332002  0.366781  0.398646  0.319750  0.529391  0.155676 0.0  0.453553  0.445355  0.387591  0.214268  0.259126  0.298171  0.610069  0.471347  0.578824  0.454945  0.293664  0.314367 
18  0.769557  0.327131  0.162298  0.316598  0.374739  0.455160  0.396495  0.374727  0.790527  0.359402  0.724189  0.513152  0.396501  0.329059  0.295253  0.524392  0.563999  0.453553 0.0  0.533434  0.325917  0.551125  0.432365  0.390500  0.507135  0.249138  0.894489  0.314217  0.359928  0.093550 
19  0.449352  0.507785  0.440090  0.454571  0.552221  0.550903  0.468211  0.498843  0.589015  0.460961  0.523521  0.423208  0.523900  0.499572  0.560079  0.540192  0.506727  0.445355  0.533434 0.0  0.374725  0.411787  0.451089  0.488752  0.449233  0.616105  0.524060  0.442361  0.505896  0.442794 
20  0.892427  0.407299  0.338368  0.372143  0.218720  0.591078  0.149705  0.200191  0.455552  0.292676  0.761666  0.257690  0.088550  0.135683  0.000000  0.140846  0.382655  0.387591  0.325917  0.374725 0.0  0.357068  0.302615  0.499408  0.605225  0.303051  0.899731  0.175327  0.000000  0.367018 
21  0.477759  0.000000  0.537968  0.160554  0.361960  0.032673  0.345915  0.266520  0.757257  0.397677  0.834684  0.153930  0.295582  0.324367  0.341775  0.419246  0.310656  0.214268  0.551125  0.411787  0.357068 0.0  0.314329  0.312376  0.590012  0.551136  0.481220  0.451318  0.478459  0.329179 
22  0.465608  0.083417  0.484268  0.105966  0.325102  0.149528  0.345087  0.349460  0.720374  0.353691  0.828888  0.243663  0.420848  0.381583  0.417071  0.382000  0.200557  0.259126  0.432365  0.451089  0.302615  0.314329 0.0  0.366668  0.615371  0.396438  0.554150  0.364184  0.495804  0.345240 
23  0.852373  0.356222  0.310648  0.406851  0.407644  0.384256  0.399404  0.344372  0.988759  0.478970  0.735626  0.320621  0.353549  0.303573  0.502577  0.450721  0.312127  0.298171  0.390500  0.488752  0.499408  0.312376  0.366668 0.0  0.249168  0.369648  0.823257  0.337589  0.566644  0.322643 
24  0.620374  0.625595  0.615640  0.719571  0.520490  0.471933  0.566543  0.581776  0.608186  0.567899  0.713851  0.491054  0.549419  0.517046  0.585223  0.628137  0.650851  0.610069  0.507135  0.449233  0.605225  0.590012  0.615371  0.249168 0.0  0.607011  0.575082  0.479647  0.597088  0.645093 
25  0.777178  0.369010  0.016153  0.227799  0.296272  0.324464  0.229359  0.386754  0.806219  0.367007  0.774851  0.408799  0.391763  0.379875  0.380804  0.444974  0.532214  0.471347  0.249138  0.616105  0.303051  0.551136  0.396438  0.369648  0.607011 0.0  0.864821  0.373782  0.478994  0.121180 
26  0.048260  0.602916  0.784163  0.533280  0.867559  0.577379  0.765338  0.856754  0.425202  0.880185  0.957906  0.524186  0.942951  0.852781  0.850261  0.834674  0.499281  0.578824  0.894489  0.524060  0.899731  0.481220  0.554150  0.823257  0.575082  0.864821 0.0  0.808771  0.827291  0.843505 
27  1.000000  0.466173  0.341556  0.462141  0.178166  0.462565  0.260323  0.101224  0.569107  0.097156  0.588216  0.321949  0.267108  0.215239  0.020926  0.009787  0.410082  0.454945  0.314217  0.442361  0.175327  0.451318  0.364184  0.337589  0.479647  0.373782  0.808771 0.0  0.022250  0.181209 
28  0.683688  0.350265  0.285038  0.348858  0.066685  0.306221  0.165344  0.359946  0.657466  0.127173  0.424722  0.348687  0.056760  0.016672  0.231462  0.102750  0.441849  0.293664  0.359928  0.505896  0.000000  0.478459  0.495804  0.566644  0.597088  0.478994  0.827291  0.022250 0.0  0.373688 
29  0.793989  0.241592  0.027447  0.237977  0.328500  0.432752  0.466417  0.371939  0.669248  0.364060  0.810380  0.274500  0.286667  0.275407  0.310407  0.343401  0.391571  0.314367  0.093550  0.442794  0.367018  0.329179  0.345240  0.322643  0.645093  0.121180  0.843505  0.181209  0.373688 0.0 
