30
0 0.0  0.902088  0.468859  0.217954  0.074018  0.207715  0.317062  0.048310  0.873237  0.094928  0.377165  0.266414  0.254777  0.248300  0.398325  0.360612  0.348080  0.268818  0.506475  0.342325  0.057154  0.075854  0.620106  0.332646  0.401325  0.371854  0.358833  0.181900  0.335812  0.217397 
1  0.902088 0.0  0.632314  0.841442  0.883821  0.824341  0.545507  0.745538  0.463111  0.676248  0.724652  0.660515  0.528294  0.604297  0.451862  0.464497  0.618999  0.731917  0.725042  0.900091  0.770484  0.811559  0.828669  0.794112  0.483579  0.582867  0.850064  0.857167  0.658152  0.778562 
2  0.468859  0.632314 0.0  0.543971  0.528884  0.303528  0.138216  0.451780  0.701395  0.422311  0.288072  0.375673  0.614754  0.763752  0.139839  0.309024  0.187773  0.403168  0.344164  0.380281  0.528191  0.575410  0.917174  0.313336  0.160800  0.142263  0.348218  0.353540  0.134268  0.303946 
3  0.217954  0.841442  0.543971 0.0  0.169688  0.283415  0.308139  0.081785  0.760380  0.101009  0.361565  0.233572  0.319376  0.272969  0.305247  0.380388  0.360749  0.123227  0.634356  0.497393  0.000000  0.043244  0.484865  0.119998  0.343449  0.290836  0.341998  0.187247  0.333608  0.213965 
4  0.074018  0.883821  0.528884  0.169688 0.0  0.148081  0.407100  0.149019  0.881826  0.016193  0.248653  0.098057  0.452149  0.377369  0.537894  0.361147  0.451631  0.066713  0.461566  0.465398  0.165052  0.156960  0.557043  0.178184  0.360647  0.555757  0.397591  0.203291  0.496701  0.064482 
5  0.207715  0.824341  0.303528  0.283415  0.148081 0.0  0.367252  0.060707  0.720856  0.076800  0.251938  0.231711  0.490900  0.264939  0.477358  0.278197  0.449439  0.207995  0.545273  0.459994  0.068312  0.160143  0.537270  0.099606  0.344148  0.395244  0.304104  0.128213  0.505618  0.211634 
6  0.317062  0.545507  0.138216  0.308139  0.407100  0.367252 0.0  0.496208  0.625838  0.533703  0.287007  0.433466  0.738707  0.689342  0.158275  0.241777  0.312542  0.374953  0.370825  0.280102  0.574170  0.409133  0.876140  0.169539  0.249227  0.000000  0.338630  0.326823  0.016679  0.333517 
7  0.048310  0.745538  0.451780  0.081785  0.149019  0.060707  0.496208 0.0  0.953260  0.291713  0.214054  0.160381  0.501993  0.509819  0.439938  0.460428  0.488078  0.169766  0.413187  0.389180  0.170539  0.185529  0.763410  0.128679  0.348795  0.254212  0.416251  0.052559  0.419575  0.065089 
8  0.873237  0.463111  0.701395  0.760380  0.881826  0.720856  0.625838  0.953260 0.0  0.930109  0.645617  0.691039  0.661126  0.766582  0.674847  0.608257  0.634132  0.911795  0.786990  0.854180  0.964035  1.000000  0.447536  0.821036  0.655021  0.521370  0.805533  0.761424  0.457598  0.725381 
9  0.094928  0.676248  0.422311  0.101009  0.016193  0.076800  0.533703  0.291713  0.930109 0.0  0.309135  0.068081  0.456923  0.491924  0.504168  0.490290  0.531869  0.008349  0.265412  0.412299  0.207716  0.181284  0.553714  0.039126  0.445413  0.461288  0.294055  0.000000  0.259921  0.056817 
10  0.377165  0.724652  0.288072  0.361565  0.248653  0.251938  0.287007  0.214054  0.645617  0.309135 0.0  0.295457  0.589718  0.502212  0.257724  0.378343  0.296085  0.337401  0.360322  0.311199  0.304395  0.308699  0.672396  0.348196  0.297424  0.337218  0.367621  0.254660  0.272252  0.415712 
11  0.266414  0.660515  0.375673  0.233572  0.098057  0.231711  0.433466  0.160381  0.691039  0.068081  0.295457 0.0  0.400938  0.434590  0.341477  0.281088  0.312944  0.163101  0.570964  0.503527  0.125064  0.160380  0.651191  0.290377  0.409348  0.397122  0.333444  0.292300  0.312838  0.266325 
12  0.254777  0.528294  0.614754  0.319376  0.452149  0.490900  0.738707  0.501993  0.661126  0.456923  0.589718  0.400938 0.0  0.300189  0.668900  0.694030  0.806541  0.162364  0.605869  0.527397  0.459540  0.395688  0.347949  0.247763  0.758774  0.576982  0.705124  0.302430  0.706477  0.267149 
13  0.248300  0.604297  0.763752  0.272969  0.377369  0.264939  0.689342  0.509819  0.766582  0.491924  0.502212  0.434590  0.300189 0.0  0.685862  0.768075  0.726809  0.289935  0.597738  0.632866  0.460434  0.416544  0.330982  0.253237  0.676375  0.474543  0.457839  0.244286  0.586292  0.325725 
14  0.398325  0.451862  0.139839  0.305247  0.537894  0.477358  0.158275  0.439938  0.674847  0.504168  0.257724  0.341477  0.668900  0.685862 0.0  0.223992  0.235416  0.368517  0.450665  0.303496  0.430729  0.528958  0.924248  0.411080  0.090430  0.040047  0.377639  0.268039  0.079672  0.271804 
15  0.360612  0.464497  0.309024  0.380388  0.361147  0.278197  0.241777  0.460428  0.608257  0.490290  0.378343  0.281088  0.694030  0.768075  0.223992 0.0  0.262612  0.353061  0.395182  0.409113  0.520931  0.560152  0.869326  0.393481  0.220270  0.114260  0.368945  0.260477  0.062191  0.405258 
16  0.348080  0.618999  0.187773  0.360749  0.451631  0.449439  0.312542  0.488078  0.634132  0.531869  0.296085  0.312944  0.806541  0.726809  0.235416  0.262612 0.0  0.440925  0.398978  0.290596  0.463101  0.494315  0.892546  0.449688  0.182431  0.046092  0.284698  0.345225  0.017905  0.403196 
17  0.268818  0.731917  0.403168  0.123227  0.066713  0.207995  0.374953  0.169766  0.911795  0.008349  0.337401  0.163101  0.162364  0.289935  0.368517  0.353061  0.440925 0.0  0.557820  0.630835  0.052357  0.085498  0.584644  0.215544  0.251097  0.390574  0.417921  0.302351  0.393538  0.031652 
18  0.506475  0.725042  0.344164  0.634356  0.461566  0.545273  0.370825  0.413187  0.786990  0.265412  0.360322  0.570964  0.605869  0.597738  0.450665  0.395182  0.398978  0.557820 0.0  0.254980  0.395182  0.419422  0.846570  0.476123  0.255104  0.395928  0.129910  0.359176  0.275218  0.433951 
19  0.342325  0.900091  0.380281  0.497393  0.465398  0.459994  0.280102  0.389180  0.854180  0.412299  0.311199  0.503527  0.527397  0.632866  0.303496  0.409113  0.290596  0.630835  0.254980 0.0  0.387197  0.298650  0.875618  0.498721  0.416952  0.294025  0.029319  0.448201  0.444013  0.605388 
20  0.057154  0.770484  0.528191  0.000000  0.165052  0.068312  0.574170  0.170539  0.964035  0.207716  0.304395  0.125064  0.459540  0.460434  0.430729  0.520931  0.463101  0.052357  0.395182  0.387197 0.0  0.240178  0.589183  0.154742  0.557831  0.393061  0.362025  0.000000  0.342105  0.132578 
21  0.075854  0.811559  0.575410  0.043244  0.156960  0.160143  0.409133  0.185529  1.000000  0.181284  0.308699  0.160380  0.395688  0.416544  0.528958  0.560152  0.494315  0.085498  0.419422  0.298650  0.240178 0.0  0.611847  0.169509  0.519242  0.385034  0.429613  0.001244  0.377458  0.202397 
22  0.620106  0.828669  0.917174  0.484865  0.557043  0.537270  0.876140  0.763410  0.447536  0.553714  0.672396  0.651191  0.347949  0.330982  0.924248  0.869326  0.892546  0.584644  0.846570  0.875618  0.589183  0.611847 0.0  0.526298  0.866298  0.771799  0.839536  0.558563  0.901859  0.561359 
23  0.332646  0.794112  0.313336  0.119998  0.178184  0.099606  0.169539  0.128679  0.821036  0.039126  0.348196  0.290377  0.247763  0.253237  0.411080  0.393481  0.449688  0.215544  0.476123  0.498721  0.154742  0.169509  0.526298 0.0  0.259368  0.337906  0.294099  0.183952  0.489136  0.267816 
24  0.401325  0.483579  0.160800  0.343449  0.360647  0.344148  0.249227  0.348795  0.655021  0.445413  0.297424  0.409348  0.758774  0.676375  0.090430  0.220270  0.182431  0.251097  0.255104  0.416952  0.557831  0.519242  0.866298  0.259368 0.0  0.057453  0.405158  0.303016  0.062232  0.361321 
25  0.371854  0.582867  0.142263  0.290836  0.555757  0.395244  0.000000  0.254212  0.521370  0.461288  0.337218  0.397122  0.576982  0.474543  0.040047  0.114260  0.046092  0.390574  0.395928  0.294025  0.393061  0.385034  0.771799  0.337906  0.057453 0.0  0.393985  0.422095  0.041169  0.356878 
26  0.358833  0.850064  0.348218  0.341998  0.397591  0.304104  0.338630  0.416251  0.805533  0.294055  0.367621  0.333444  0.705124  0.457839  0.377639  0.368945  0.284698  0.417921  0.129910  0.029319  0.362025  0.429613  0.839536  0.294099  0.405158  0.393985 0.0  0.324974  0.454852  0.325218 
27  0.181900  0.857167  0.353540  0.187247  0.203291  0.128213  0.326823  0.052559  0.761424  0.000000  0.254660  0.292300  0.302430  0.244286  0.268039  0.260477  0.345225  0.302351  0.359176  0.448201  0.000000  0.001244  0.558563  0.183952  0.303016  0.422095  0.324974 0.0  0.388767  0.225238 
28  0.335812  0.658152  0.134268  0.333608  0.496701  0.505618  0.016679  0.419575  0.457598  0.259921  0.272252  0.312838  0.706477  0.586292  0.079672  0.062191  0.017905  0.393538  0.275218  0.444013  0.342105  0.377458  0.901859  0.489136  0.062232  0.041169  0.454852  0.388767 0.0  0.327576 
29  0.217397  0.778562  0.303946  0.213965  0.064482  0.211634  0.333517  0.065089  0.725381  0.056817  0.415712  0.266325  0.267149  0.325725  0.271804  0.405258  0.403196  0.031652  0.433951  0.605388  0.132578  0.202397  0.561359  0.267816  0.361321  0.356878  0.325218  0.225238  0.327576 0.0 
