30
0 0.0  0.658049  0.047008  0.478442  0.522396  0.441790  0.000000  0.080984  0.384521  0.456582  0.225936  0.396931  0.235126  0.279889  0.471436  0.327742  0.885554  0.595515  0.444963  0.517674  0.691317  0.029875  0.151827  0.252055  0.854476  0.504635  0.561475  0.445847  0.663821  0.337283 
1  0.658049 0.0  0.503684  0.446021  0.479033  0.086601  0.499412  0.471050  0.130618  0.396344  0.615864  0.000000  0.489346  0.510984  0.059350  0.540140  0.402190  0.544099  0.388412  0.260801  0.261334  0.419335  0.591976  0.494249  0.649287  0.469364  0.225364  0.000000  0.672164  0.361520 
2  0.047008  0.503684 0.0  0.384863  0.391298  0.600968  0.000000  0.137388  0.668181  0.677084  0.182503  0.540699  0.293254  0.140033  0.593675  0.054076  0.700536  0.634280  0.606037  0.347354  0.349548  0.038579  0.132075  0.158835  0.580852  0.391979  0.376987  0.675811  0.415317  0.481228 
3  0.478442  0.446021  0.384863 0.0  0.476460  0.433419  0.639123  0.678613  0.426498  0.413213  0.364171  0.424856  0.481061  0.565465  0.450901  0.510713  0.647960  0.634427  0.454093  0.403537  0.463918  0.591234  0.418522  0.488359  0.628626  0.065249  0.491591  0.379871  0.152653  0.314376 
4  0.522396  0.479033  0.391298  0.476460 0.0  0.361763  0.495801  0.575252  0.440233  0.091068  0.377220  0.451169  0.526479  0.361279  0.432864  0.465337  0.733720  0.643167  0.000000  0.466446  0.518058  0.515580  0.437283  0.511263  0.690022  0.527009  0.571612  0.506501  0.462814  0.373153 
5  0.441790  0.086601  0.600968  0.433419  0.361763 0.0  0.515397  0.355187  0.234867  0.562568  0.498670  0.249919  0.544076  0.394031  0.179425  0.490969  0.233916  0.617962  0.598728  0.137720  0.061721  0.460051  0.342628  0.498723  0.322717  0.518220  0.069172  0.303452  0.495064  0.298605 
6  0.000000  0.499412  0.000000  0.639123  0.495801  0.515397 0.0  0.357795  0.506743  0.474683  0.112253  0.383142  0.171181  0.045691  0.348920  0.043807  0.726546  0.605315  0.384267  0.398799  0.316718  0.289696  0.069338  0.071246  0.729565  0.410281  0.401987  0.460688  0.416871  0.316548 
7  0.080984  0.471050  0.137388  0.678613  0.575252  0.355187  0.357795 0.0  0.384758  0.462345  0.000000  0.452851  0.171997  0.161826  0.404439  0.149837  0.628141  0.659843  0.478830  0.481746  0.428246  0.315464  0.119685  0.110250  0.762815  0.377966  0.589886  0.470647  0.522320  0.367132 
8  0.384521  0.130618  0.668181  0.426498  0.440233  0.234867  0.506743  0.384758 0.0  0.580182  0.391546  0.289241  0.479252  0.463459  0.206080  0.472447  0.350560  0.622053  0.620851  0.149319  0.071412  0.424227  0.521538  0.452613  0.329975  0.521373  0.000000  0.179588  0.373804  0.430440 
9  0.456582  0.396344  0.677084  0.413213  0.091068  0.562568  0.474683  0.462345  0.580182 0.0  0.479983  0.590035  0.536443  0.499224  0.645301  0.444300  0.676121  0.544010  0.280570  0.382996  0.386608  0.358025  0.548225  0.475958  0.593742  0.518169  0.462523  0.489287  0.473561  0.386156 
10  0.225936  0.615864  0.182503  0.364171  0.377220  0.498670  0.112253  0.000000  0.391546  0.479983 0.0  0.423846  0.191743  0.216768  0.503593  0.230542  0.989007  0.655489  0.461065  0.661556  0.615270  0.116574  0.232973  0.253664  0.938260  0.337883  0.603421  0.381229  0.530384  0.399144 
11  0.396931  0.000000  0.540699  0.424856  0.451169  0.249919  0.383142  0.452851  0.289241  0.590035  0.423846 0.0  0.587366  0.325810  0.163897  0.403705  0.342417  0.665752  0.640593  0.176622  0.180876  0.493267  0.431090  0.539919  0.417310  0.490898  0.091560  0.251442  0.475349  0.349560 
12  0.235126  0.489346  0.293254  0.481061  0.526479  0.544076  0.171181  0.171997  0.479252  0.536443  0.191743  0.587366 0.0  0.202218  0.534607  0.154728  0.757140  0.548621  0.519679  0.562778  0.366159  0.176327  0.185130  0.154886  0.833669  0.500779  0.480655  0.547988  0.680867  0.307092 
13  0.279889  0.510984  0.140033  0.565465  0.361279  0.394031  0.045691  0.161826  0.463459  0.499224  0.216768  0.325810  0.202218 0.0  0.481873  0.298331  0.901911  0.619803  0.325752  0.682400  0.640634  0.131176  0.344707  0.320628  1.000000  0.420008  0.684164  0.432542  0.670986  0.300626 
14  0.471436  0.059350  0.593675  0.450901  0.432864  0.179425  0.348920  0.404439  0.206080  0.645301  0.503593  0.163897  0.534607  0.481873 0.0  0.499256  0.401144  0.685935  0.587631  0.112286  0.049834  0.354232  0.510776  0.425236  0.432654  0.438816  0.095741  0.263351  0.435340  0.366958 
15  0.327742  0.540140  0.054076  0.510713  0.465337  0.490969  0.043807  0.149837  0.472447  0.444300  0.230542  0.403705  0.154728  0.298331  0.499256 0.0  0.910052  0.627857  0.353950  0.545596  0.656737  0.128728  0.200941  0.352396  0.850097  0.436273  0.551875  0.433167  0.608573  0.350441 
16  0.885554  0.402190  0.700536  0.647960  0.733720  0.233916  0.726546  0.628141  0.350560  0.676121  0.989007  0.342417  0.757140  0.901911  0.401144  0.910052 0.0  0.629345  0.697379  0.571116  0.492719  0.693411  0.848884  0.890684  0.561417  0.603839  0.601332  0.370938  0.759166  0.548133 
17  0.595515  0.544099  0.634280  0.634427  0.643167  0.617962  0.605315  0.659843  0.622053  0.544010  0.655489  0.665752  0.548621  0.619803  0.685935  0.627857  0.629345 0.0  0.692255  0.629307  0.612348  0.660047  0.658377  0.634483  0.612428  0.621757  0.667090  0.685122  0.537056  0.685434 
18  0.444963  0.388412  0.606037  0.454093  0.000000  0.598728  0.384267  0.478830  0.620851  0.280570  0.461065  0.640593  0.519679  0.325752  0.587631  0.353950  0.697379  0.692255 0.0  0.532941  0.512645  0.448458  0.393784  0.418864  0.679474  0.489062  0.552796  0.747914  0.470112  0.371603 
19  0.517674  0.260801  0.347354  0.403537  0.466446  0.137720  0.398799  0.481746  0.149319  0.382996  0.661556  0.176622  0.562778  0.682400  0.112286  0.545596  0.571116  0.629307  0.532941 0.0  0.279672  0.364395  0.513016  0.580268  0.517655  0.369362  0.316527  0.057718  0.538285  0.476484 
20  0.691317  0.261334  0.349548  0.463918  0.518058  0.061721  0.316718  0.428246  0.071412  0.386608  0.615270  0.180876  0.366159  0.640634  0.049834  0.656737  0.492719  0.612348  0.512645  0.279672 0.0  0.421350  0.590549  0.535882  0.599279  0.373275  0.214713  0.130295  0.619114  0.334047 
21  0.029875  0.419335  0.038579  0.591234  0.515580  0.460051  0.289696  0.315464  0.424227  0.358025  0.116574  0.493267  0.176327  0.131176  0.354232  0.128728  0.693411  0.660047  0.448458  0.364395  0.421350 0.0  0.228308  0.033525  0.742213  0.498165  0.456245  0.531120  0.491831  0.459442 
22  0.151827  0.591976  0.132075  0.418522  0.437283  0.342628  0.069338  0.119685  0.521538  0.548225  0.232973  0.431090  0.185130  0.344707  0.510776  0.200941  0.848884  0.658377  0.393784  0.513016  0.590549  0.228308 0.0  0.235292  0.890708  0.454012  0.669905  0.497868  0.576414  0.438555 
23  0.252055  0.494249  0.158835  0.488359  0.511263  0.498723  0.071246  0.110250  0.452613  0.475958  0.253664  0.539919  0.154886  0.320628  0.425236  0.352396  0.890684  0.634483  0.418864  0.580268  0.535882  0.033525  0.235292 0.0  0.830253  0.339652  0.675797  0.373793  0.621755  0.264278 
24  0.854476  0.649287  0.580852  0.628626  0.690022  0.322717  0.729565  0.762815  0.329975  0.593742  0.938260  0.417310  0.833669  1.000000  0.432654  0.850097  0.561417  0.612428  0.679474  0.517655  0.599279  0.742213  0.890708  0.830253 0.0  0.722543  0.466220  0.351393  0.779042  0.688522 
25  0.504635  0.469364  0.391979  0.065249  0.527009  0.518220  0.410281  0.377966  0.521373  0.518169  0.337883  0.490898  0.500779  0.420008  0.438816  0.436273  0.603839  0.621757  0.489062  0.369362  0.373275  0.498165  0.454012  0.339652  0.722543 0.0  0.326780  0.489708  0.099709  0.349750 
26  0.561475  0.225364  0.376987  0.491591  0.571612  0.069172  0.401987  0.589886  0.000000  0.462523  0.603421  0.091560  0.480655  0.684164  0.095741  0.551875  0.601332  0.667090  0.552796  0.316527  0.214713  0.456245  0.669905  0.675797  0.466220  0.326780 0.0  0.082544  0.698272  0.440651 
27  0.445847  0.000000  0.675811  0.379871  0.506501  0.303452  0.460688  0.470647  0.179588  0.489287  0.381229  0.251442  0.547988  0.432542  0.263351  0.433167  0.370938  0.685122  0.747914  0.057718  0.130295  0.531120  0.497868  0.373793  0.351393  0.489708  0.082544 0.0  0.343791  0.345626 
28  0.663821  0.672164  0.415317  0.152653  0.462814  0.495064  0.416871  0.522320  0.373804  0.473561  0.530384  0.475349  0.680867  0.670986  0.435340  0.608573  0.759166  0.537056  0.470112  0.538285  0.619114  0.491831  0.576414  0.621755  0.779042  0.099709  0.698272  0.343791 0.0  0.404062 
29  0.337283  0.361520  0.481228  0.314376  0.373153  0.298605  0.316548  0.367132  0.430440  0.386156  0.399144  0.349560  0.307092  0.300626  0.366958  0.350441  0.548133  0.685434  0.371603  0.476484  0.334047  0.459442  0.438555  0.264278  0.688522  0.349750  0.440651  0.345626  0.404062 0.0 
