30
0 0.0  0.829588  0.977798  0.790895  0.919836  0.600103  0.594886  0.959205  1.000000  0.494903  0.765626  0.836835  0.659134  0.493879  0.793700  0.434057  0.916837  0.841896  0.529319  0.446797  0.357756  0.847826  0.838118  0.548311  0.893006  0.914704  0.671686  0.408341  0.785309  0.596717 
1  0.829588 0.0  0.288984  0.296110  0.132008  0.459819  0.478977  0.161497  0.747808  0.467387  0.538088  0.385559  0.583309  0.916420  0.369079  0.529823  0.261538  0.078864  0.364491  0.329913  0.782795  0.037598  0.183534  0.392560  0.121389  0.285128  0.120431  0.331184  0.341975  0.396825 
2  0.977798  0.288984 0.0  0.264146  0.172008  0.594628  0.493142  0.131001  0.773538  0.298664  0.417601  0.235454  0.425840  0.778192  0.392424  0.502779  0.167874  0.124144  0.369973  0.290304  0.649947  0.089167  0.199319  0.338581  0.167596  0.267922  0.311027  0.418600  0.430931  0.453506 
3  0.790895  0.296110  0.264146 0.0  0.427527  0.501830  0.290677  0.386883  0.773591  0.475101  0.272150  0.234912  0.429249  0.826683  0.414516  0.771062  0.305796  0.489939  0.389338  0.552336  0.546485  0.312215  0.342116  0.476871  0.340336  0.310840  0.200121  0.471901  0.087065  0.328923 
4  0.919836  0.132008  0.172008  0.427527 0.0  0.557212  0.453030  0.173448  0.686929  0.333040  0.416401  0.349356  0.512340  0.892693  0.304821  0.458730  0.212977  0.185862  0.404785  0.389888  0.777044  0.043627  0.203421  0.357872  0.271779  0.230250  0.240519  0.266063  0.449718  0.486389 
5  0.600103  0.459819  0.594628  0.501830  0.557212 0.0  0.135794  0.396738  0.814460  0.056158  0.176837  0.346564  0.207674  0.561324  0.392038  0.819685  0.581941  0.413754  0.025876  0.092801  0.360957  0.315088  0.410303  0.099828  0.474325  0.495772  0.237844  0.078560  0.316819  0.095771 
6  0.594886  0.478977  0.493142  0.290677  0.453030  0.135794 0.0  0.491915  0.993107  0.083138  0.113129  0.335645  0.227883  0.559040  0.304274  0.692381  0.531876  0.472773  0.041651  0.000000  0.421983  0.388589  0.537914  0.118057  0.539834  0.458185  0.245362  0.075144  0.442076  0.109728 
7  0.959205  0.161497  0.131001  0.386883  0.173448  0.396738  0.491915 0.0  0.711485  0.350680  0.530609  0.373709  0.548490  0.889211  0.367531  0.449558  0.300315  0.092053  0.520403  0.370426  0.788349  0.120311  0.144264  0.333954  0.205861  0.185521  0.303767  0.437153  0.376132  0.529650 
8  1.000000  0.747808  0.773538  0.773591  0.686929  0.814460  0.993107  0.711485 0.0  0.803948  0.915555  0.900166  0.855230  0.369942  0.671404  0.434138  0.597762  0.570930  0.771170  0.849857  0.711178  0.588264  0.607201  0.738290  0.551297  0.630904  0.848735  0.735849  0.748579  0.800163 
9  0.494903  0.467387  0.298664  0.475101  0.333040  0.056158  0.083138  0.350680  0.803948 0.0  0.098536  0.499415  0.076249  0.644679  0.402647  0.731678  0.361840  0.411993  0.258699  0.302212  0.260996  0.406173  0.233214  0.200800  0.292230  0.328940  0.266858  0.135741  0.397265  0.085220 
10  0.765626  0.538088  0.417601  0.272150  0.416401  0.176837  0.113129  0.530609  0.915555  0.098536 0.0  0.385721  0.353154  0.555147  0.217710  0.733382  0.498858  0.347860  0.033276  0.062071  0.307841  0.242467  0.556429  0.101116  0.492370  0.539736  0.314086  0.050588  0.326835  0.237188 
11  0.836835  0.385559  0.235454  0.234912  0.349356  0.346564  0.335645  0.373709  0.900166  0.499415  0.385721 0.0  0.392412  0.869203  0.257082  0.784626  0.486125  0.435757  0.465481  0.444813  0.601320  0.334997  0.391490  0.448136  0.346796  0.334115  0.252434  0.483963  0.075303  0.392677 
12  0.659134  0.583309  0.425840  0.429249  0.512340  0.207674  0.227883  0.548490  0.855230  0.076249  0.353154  0.392412 0.0  0.537515  0.335836  0.830256  0.430665  0.497103  0.065264  0.000000  0.351572  0.317224  0.515576  0.096940  0.499555  0.418780  0.338614  0.077525  0.469872  0.031614 
13  0.493879  0.916420  0.778192  0.826683  0.892693  0.561324  0.559040  0.889211  0.369942  0.644679  0.555147  0.869203  0.537515 0.0  0.836265  0.871746  0.832386  0.769405  0.613955  0.500848  0.466115  0.853685  0.879113  0.618442  0.876068  0.808465  0.712457  0.427103  0.817986  0.556911 
14  0.793700  0.369079  0.392424  0.414516  0.304821  0.392038  0.304274  0.367531  0.671404  0.402647  0.217710  0.257082  0.335836  0.836265 0.0  0.886925  0.311056  0.434319  0.348327  0.416709  0.510365  0.499805  0.353257  0.390748  0.358234  0.318746  0.263050  0.367164  0.420918  0.460764 
15  0.434057  0.529823  0.502779  0.771062  0.458730  0.819685  0.692381  0.449558  0.434138  0.731678  0.733382  0.784626  0.830256  0.871746  0.886925 0.0  0.433250  0.519505  0.755830  0.590342  0.633969  0.525710  0.518520  0.764431  0.657883  0.529688  0.723316  0.777521  0.804603  0.788953 
16  0.916837  0.261538  0.167874  0.305796  0.212977  0.581941  0.531876  0.300315  0.597762  0.361840  0.498858  0.486125  0.430665  0.832386  0.311056  0.433250 0.0  0.128529  0.383033  0.302767  0.655914  0.074794  0.146572  0.361938  0.203717  0.270452  0.354469  0.409238  0.369238  0.470981 
17  0.841896  0.078864  0.124144  0.489939  0.185862  0.413754  0.472773  0.092053  0.570930  0.411993  0.347860  0.435757  0.497103  0.769405  0.434319  0.519505  0.128529 0.0  0.358825  0.367706  0.599638  0.225814  0.099520  0.392648  0.044349  0.184187  0.314124  0.399488  0.403092  0.391905 
18  0.529319  0.364491  0.369973  0.389338  0.404785  0.025876  0.041651  0.520403  0.771170  0.258699  0.033276  0.465481  0.065264  0.613955  0.348327  0.755830  0.383033  0.358825 0.0  0.272209  0.302891  0.339125  0.431070  0.255183  0.353572  0.292858  0.212996  0.283260  0.397072  0.294844 
19  0.446797  0.329913  0.290304  0.552336  0.389888  0.092801  0.000000  0.370426  0.849857  0.302212  0.062071  0.444813  0.000000  0.500848  0.416709  0.590342  0.302767  0.367706  0.272209 0.0  0.229824  0.423054  0.310008  0.275817  0.232324  0.374023  0.246771  0.316023  0.283371  0.007603 
20  0.357756  0.782795  0.649947  0.546485  0.777044  0.360957  0.421983  0.788349  0.711178  0.260996  0.307841  0.601320  0.351572  0.466115  0.510365  0.633969  0.655914  0.599638  0.302891  0.229824 0.0  0.665632  0.730475  0.273837  0.585978  0.827580  0.522460  0.241618  0.613482  0.314451 
21  0.847826  0.037598  0.089167  0.312215  0.043627  0.315088  0.388589  0.120311  0.588264  0.406173  0.242467  0.334997  0.317224  0.853685  0.499805  0.525710  0.074794  0.225814  0.339125  0.423054  0.665632 0.0  0.176458  0.257365  0.054153  0.110215  0.343387  0.284882  0.366442  0.412066 
22  0.838118  0.183534  0.199319  0.342116  0.203421  0.410303  0.537914  0.144264  0.607201  0.233214  0.556429  0.391490  0.515576  0.879113  0.353257  0.518520  0.146572  0.099520  0.431070  0.310008  0.730475  0.176458 0.0  0.260215  0.199904  0.082259  0.218219  0.443357  0.310793  0.420548 
23  0.548311  0.392560  0.338581  0.476871  0.357872  0.099828  0.118057  0.333954  0.738290  0.200800  0.101116  0.448136  0.096940  0.618442  0.390748  0.764431  0.361938  0.392648  0.255183  0.275817  0.273837  0.257365  0.260215 0.0  0.356151  0.348135  0.331538  0.352358  0.407432  0.134255 
24  0.893006  0.121389  0.167596  0.340336  0.271779  0.474325  0.539834  0.205861  0.551297  0.292230  0.492370  0.346796  0.499555  0.876068  0.358234  0.657883  0.203717  0.044349  0.353572  0.232324  0.585978  0.054153  0.199904  0.356151 0.0  0.179501  0.253724  0.360846  0.423821  0.464207 
25  0.914704  0.285128  0.267922  0.310840  0.230250  0.495772  0.458185  0.185521  0.630904  0.328940  0.539736  0.334115  0.418780  0.808465  0.318746  0.529688  0.270452  0.184187  0.292858  0.374023  0.827580  0.110215  0.082259  0.348135  0.179501 0.0  0.334736  0.400854  0.360369  0.413517 
26  0.671686  0.120431  0.311027  0.200121  0.240519  0.237844  0.245362  0.303767  0.848735  0.266858  0.314086  0.252434  0.338614  0.712457  0.263050  0.723316  0.354469  0.314124  0.212996  0.246771  0.522460  0.343387  0.218219  0.331538  0.253724  0.334736 0.0  0.248462  0.187328  0.298307 
27  0.408341  0.331184  0.418600  0.471901  0.266063  0.078560  0.075144  0.437153  0.735849  0.135741  0.050588  0.483963  0.077525  0.427103  0.367164  0.777521  0.409238  0.399488  0.283260  0.316023  0.241618  0.284882  0.443357  0.352358  0.360846  0.400854  0.248462 0.0  0.327265  0.071799 
28  0.785309  0.341975  0.430931  0.087065  0.449718  0.316819  0.442076  0.376132  0.748579  0.397265  0.326835  0.075303  0.469872  0.817986  0.420918  0.804603  0.369238  0.403092  0.397072  0.283371  0.613482  0.366442  0.310793  0.407432  0.423821  0.360369  0.187328  0.327265 0.0  0.269511 
29  0.596717  0.396825  0.453506  0.328923  0.486389  0.095771  0.109728  0.529650  0.800163  0.085220  0.237188  0.392677  0.031614  0.556911  0.460764  0.788953  0.470981  0.391905  0.294844  0.007603  0.314451  0.412066  0.420548  0.134255  0.464207  0.413517  0.298307  0.071799  0.269511 0.0 
