30
0 0.0  0.276171  0.851821  0.712866  0.234319  0.995478  0.307816  0.405117  0.478478  0.118540  0.375877  0.443560  0.381970  0.781562  0.365072  0.204708  0.522394  0.174323  0.697306  0.168188  0.404710  0.470204  0.252453  0.579497  0.425117  0.086640  0.000000  0.319080  0.111203  0.259662 
1  0.276171 0.0  0.433754  0.251817  0.243262  0.458345  0.096254  0.243685  0.000000  0.373330  0.399694  0.256061  0.050402  0.535193  0.208830  0.425591  0.730460  0.382849  0.282476  0.365066  0.126747  0.052695  0.228305  0.557381  0.096696  0.424366  0.481870  0.212370  0.318987  0.470438 
2  0.851821  0.433754 0.0  0.305625  0.780596  0.586407  0.544341  0.631165  0.569656  0.820649  0.871277  0.825607  0.569454  0.554804  0.540454  0.815911  0.873373  0.852811  0.357909  0.848615  0.681824  0.530490  0.913836  0.652725  0.726498  0.790874  0.857484  0.475870  0.816489  0.834829 
3  0.712866  0.251817  0.305625 0.0  0.741460  0.279491  0.390303  0.250812  0.329119  0.697060  0.518037  0.734262  0.349439  0.410354  0.387297  0.815637  0.550848  0.817503  0.387827  0.778230  0.231924  0.444468  0.641837  0.466775  0.167398  0.511494  0.591793  0.225167  0.543165  0.334643 
4  0.234319  0.243262  0.780596  0.741460 0.0  0.872357  0.450273  0.254275  0.501893  0.240057  0.414768  0.564202  0.374535  0.889773  0.285305  0.303226  0.527416  0.208472  0.714585  0.078713  0.264787  0.543798  0.156054  0.574656  0.345368  0.048540  0.042046  0.187880  0.102274  0.390059 
5  0.995478  0.458345  0.586407  0.279491  0.872357 0.0  0.492818  0.516430  0.663668  0.960173  0.688082  0.959689  0.634113  0.123192  0.591983  1.000000  0.442737  0.920245  0.444661  0.917171  0.462143  0.594595  0.891572  0.528521  0.472078  0.678230  0.716654  0.473278  0.720954  0.741652 
6  0.307816  0.096254  0.544341  0.390303  0.450273  0.492818 0.0  0.127354  0.185361  0.321628  0.410034  0.367807  0.127606  0.560426  0.118279  0.392600  0.755113  0.563025  0.315417  0.417906  0.018066  0.196983  0.345757  0.705603  0.153700  0.481439  0.484438  0.156739  0.349199  0.487402 
7  0.405117  0.243685  0.631165  0.250812  0.254275  0.516430  0.127354 0.0  0.006349  0.292702  0.524522  0.420909  0.148029  0.503157  0.198071  0.362040  0.725475  0.397974  0.142786  0.232135  0.220884  0.109235  0.325420  0.480996  0.204868  0.403009  0.391273  0.147411  0.428149  0.463163 
8  0.478478  0.000000  0.569656  0.329119  0.501893  0.663668  0.185361  0.006349 0.0  0.497714  0.365005  0.430100  0.224064  0.562512  0.129198  0.531988  0.738081  0.439658  0.378543  0.481674  0.206779  0.211089  0.497335  0.479416  0.016305  0.452500  0.377757  0.063946  0.249857  0.358723 
9  0.118540  0.373330  0.820649  0.697060  0.240057  0.960173  0.321628  0.292702  0.497714 0.0  0.420385  0.543223  0.476002  0.750601  0.338038  0.157349  0.512066  0.200211  0.611353  0.302235  0.372871  0.486139  0.231120  0.665523  0.295578  0.012442  0.090011  0.354064  0.000000  0.389298 
10  0.375877  0.399694  0.871277  0.518037  0.414768  0.688082  0.410034  0.524522  0.365005  0.420385 0.0  0.017677  0.296167  0.853108  0.376944  0.377236  0.737210  0.413730  0.481881  0.268070  0.357508  0.237048  0.342679  0.224854  0.346094  0.359195  0.300805  0.400196  0.354604  0.286299 
11  0.443560  0.256061  0.825607  0.734262  0.564202  0.959689  0.367807  0.420909  0.430100  0.543223  0.017677 0.0  0.380196  0.832846  0.299527  0.402911  0.796451  0.492662  0.698980  0.390428  0.314641  0.515373  0.442469  0.294985  0.349503  0.187918  0.352970  0.336386  0.274622  0.224363 
12  0.381970  0.050402  0.569454  0.349439  0.374535  0.634113  0.127606  0.148029  0.224064  0.476002  0.296167  0.380196 0.0  0.587176  0.106344  0.438955  0.872958  0.502223  0.489258  0.487455  0.096215  0.132762  0.460525  0.596526  0.116095  0.287114  0.328448  0.095127  0.405004  0.346828 
13  0.781562  0.535193  0.554804  0.410354  0.889773  0.123192  0.560426  0.503157  0.562512  0.750601  0.853108  0.832846  0.587176 0.0  0.521613  0.865047  0.351412  0.935793  0.341916  0.685924  0.548487  0.522284  0.699517  0.591495  0.502692  0.791040  0.922091  0.580936  0.802385  0.881927 
14  0.365072  0.208830  0.540454  0.387297  0.285305  0.591983  0.118279  0.198071  0.129198  0.338038  0.376944  0.299527  0.106344  0.521613 0.0  0.366443  0.671479  0.318430  0.126971  0.394520  0.120583  0.120120  0.410887  0.549890  0.129422  0.307566  0.455470  0.201331  0.365617  0.401057 
15  0.204708  0.425591  0.815911  0.815637  0.303226  1.000000  0.392600  0.362040  0.531988  0.157349  0.377236  0.402911  0.438955  0.865047  0.366443 0.0  0.396278  0.092903  0.688763  0.158808  0.299295  0.456058  0.243102  0.574923  0.233919  0.140067  0.039645  0.316014  0.014787  0.279136 
16  0.522394  0.730460  0.873373  0.550848  0.527416  0.442737  0.755113  0.725475  0.738081  0.512066  0.737210  0.796451  0.872958  0.351412  0.671479  0.396278 0.0  0.415685  0.590300  0.492475  0.683124  0.667733  0.553424  0.532508  0.766938  0.531749  0.516319  0.738053  0.687418  0.814795 
17  0.174323  0.382849  0.852811  0.817503  0.208472  0.920245  0.563025  0.397974  0.439658  0.200211  0.413730  0.492662  0.502223  0.935793  0.318430  0.092903  0.415685 0.0  0.767095  0.270455  0.234425  0.459080  0.109228  0.486736  0.460722  0.113738  0.173446  0.433204  0.009736  0.278576 
18  0.697306  0.282476  0.357909  0.387827  0.714585  0.444661  0.315417  0.142786  0.378543  0.611353  0.481881  0.698980  0.489258  0.341916  0.126971  0.688763  0.590300  0.767095 0.0  0.523734  0.162360  0.400647  0.633544  0.555054  0.214694  0.533475  0.517551  0.262122  0.579217  0.537459 
19  0.168188  0.365066  0.848615  0.778230  0.078713  0.917171  0.417906  0.232135  0.481674  0.302235  0.268070  0.390428  0.487455  0.685924  0.394520  0.158808  0.492475  0.270455  0.523734 0.0  0.401198  0.557969  0.263196  0.641731  0.352581  0.142187  0.000000  0.408946  0.056415  0.284803 
20  0.404710  0.126747  0.681824  0.231924  0.264787  0.462143  0.018066  0.220884  0.206779  0.372871  0.357508  0.314641  0.096215  0.548487  0.120583  0.299295  0.683124  0.234425  0.162360  0.401198 0.0  0.000640  0.396713  0.621542  0.164270  0.223303  0.449000  0.171328  0.399264  0.522452 
21  0.470204  0.052695  0.530490  0.444468  0.543798  0.594595  0.196983  0.109235  0.211089  0.486139  0.237048  0.515373  0.132762  0.522284  0.120120  0.456058  0.667733  0.459080  0.400647  0.557969  0.000640 0.0  0.520320  0.554196  0.081702  0.421095  0.307830  0.031900  0.302023  0.343307 
22  0.252453  0.228305  0.913836  0.641837  0.156054  0.891572  0.345757  0.325420  0.497335  0.231120  0.342679  0.442469  0.460525  0.699517  0.410887  0.243102  0.553424  0.109228  0.633544  0.263196  0.396713  0.520320 0.0  0.580033  0.420650  0.049295  0.132799  0.353837  0.039235  0.436297 
23  0.579497  0.557381  0.652725  0.466775  0.574656  0.528521  0.705603  0.480996  0.479416  0.665523  0.224854  0.294985  0.596526  0.591495  0.549890  0.574923  0.532508  0.486736  0.555054  0.641731  0.621542  0.554196  0.580033 0.0  0.424455  0.576270  0.457347  0.635183  0.546724  0.468697 
24  0.425117  0.096696  0.726498  0.167398  0.345368  0.472078  0.153700  0.204868  0.016305  0.295578  0.346094  0.349503  0.116095  0.502692  0.129422  0.233919  0.766938  0.460722  0.214694  0.352581  0.164270  0.081702  0.420650  0.424455 0.0  0.364685  0.407139  0.187191  0.397119  0.507573 
25  0.086640  0.424366  0.790874  0.511494  0.048540  0.678230  0.481439  0.403009  0.452500  0.012442  0.359195  0.187918  0.287114  0.791040  0.307566  0.140067  0.531749  0.113738  0.533475  0.142187  0.223303  0.421095  0.049295  0.576270  0.364685 0.0  0.098816  0.325753  0.024745  0.304881 
26  0.000000  0.481870  0.857484  0.591793  0.042046  0.716654  0.484438  0.391273  0.377757  0.090011  0.300805  0.352970  0.328448  0.922091  0.455470  0.039645  0.516319  0.173446  0.517551  0.000000  0.449000  0.307830  0.132799  0.457347  0.407139  0.098816 0.0  0.527043  0.130259  0.544269 
27  0.319080  0.212370  0.475870  0.225167  0.187880  0.473278  0.156739  0.147411  0.063946  0.354064  0.400196  0.336386  0.095127  0.580936  0.201331  0.316014  0.738053  0.433204  0.262122  0.408946  0.171328  0.031900  0.353837  0.635183  0.187191  0.325753  0.527043 0.0  0.298904  0.562057 
28  0.111203  0.318987  0.816489  0.543165  0.102274  0.720954  0.349199  0.428149  0.249857  0.000000  0.354604  0.274622  0.405004  0.802385  0.365617  0.014787  0.687418  0.009736  0.579217  0.056415  0.399264  0.302023  0.039235  0.546724  0.397119  0.024745  0.130259  0.298904 0.0  0.293117 
29  0.259662  0.470438  0.834829  0.334643  0.390059  0.741652  0.487402  0.463163  0.358723  0.389298  0.286299  0.224363  0.346828  0.881927  0.401057  0.279136  0.814795  0.278576  0.537459  0.284803  0.522452  0.343307  0.436297  0.468697  0.507573  0.304881  0.544269  0.562057  0.293117 0.0 
