30
0 0.0  0.241944  0.312550  0.315121  0.214927  0.511068  0.632847  0.570003  0.305834  0.323463  0.797588  0.518776  0.223214  0.468664  0.712530  0.234289  0.331255  0.104561  0.448153  0.416570  0.285332  0.894200  0.491978  0.987212  0.415434  0.603552  0.240226  0.219073  0.000000  0.661414 
1  0.241944 0.0  0.285323  0.349863  0.064361  0.518005  0.456402  0.422205  0.363410  0.418311  0.941257  0.526579  0.236991  0.547111  0.530043  0.065724  0.157774  0.203301  0.316750  0.540844  0.392891  0.840865  0.569375  0.995011  0.402888  0.716388  0.248283  0.097841  0.022701  0.517723 
2  0.312550  0.285323 0.0  0.218868  0.354826  0.123437  0.797179  0.146710  0.522283  0.122954  0.528216  0.537571  0.276525  0.419829  0.855384  0.450243  0.295076  0.549403  0.143702  0.085926  0.128514  0.602597  0.042572  0.386620  0.263294  0.783683  0.394173  0.356162  0.386340  0.368175 
3  0.315121  0.349863  0.218868 0.0  0.505978  0.015051  0.823432  0.011873  0.393350  0.198987  0.542356  0.497623  0.253552  0.348021  0.817517  0.300444  0.211999  0.316201  0.228632  0.148833  0.270062  0.600086  0.000000  0.413235  0.110601  0.725247  0.283032  0.319143  0.402536  0.314786 
4  0.214927  0.064361  0.354826  0.505978 0.0  0.439431  0.562860  0.409543  0.376232  0.411767  0.911871  0.518909  0.119362  0.493183  0.579649  0.133163  0.293674  0.077010  0.392445  0.420856  0.460024  0.869796  0.408664  0.830619  0.587391  0.534561  0.093768  0.172591  0.146745  0.639871 
5  0.511068  0.518005  0.123437  0.015051  0.439431 0.0  0.853433  0.391384  0.247944  0.166061  0.458519  0.458776  0.426182  0.467335  0.954882  0.511665  0.349886  0.506027  0.108597  0.194458  0.053240  0.444712  0.365761  0.670203  0.139286  0.888238  0.411885  0.469340  0.399070  0.437527 
6  0.632847  0.456402  0.797179  0.823432  0.562860  0.853433 0.0  0.730691  0.814206  0.730124  0.902362  0.495979  0.617776  0.792966  0.474259  0.479838  0.584790  0.504003  0.847136  0.819353  0.691081  0.440795  0.785660  0.348732  0.907318  0.107394  0.443658  0.494230  0.632066  0.502437 
7  0.570003  0.422205  0.146710  0.011873  0.409543  0.391384  0.730691 0.0  0.334292  0.114338  0.613261  0.586682  0.506134  0.460869  0.871932  0.515424  0.263218  0.599722  0.102295  0.210145  0.109799  0.501523  0.306612  0.636038  0.112332  0.952953  0.565245  0.497374  0.312488  0.445497 
8  0.305834  0.363410  0.522283  0.393350  0.376232  0.247944  0.814206  0.334292 0.0  0.566352  0.959921  0.513390  0.282121  0.353820  0.653390  0.293375  0.241964  0.291063  0.528326  0.434297  0.509485  0.814181  0.387360  0.773034  0.376956  0.757451  0.385103  0.238864  0.346578  0.519585 
9  0.323463  0.418311  0.122954  0.198987  0.411767  0.166061  0.730124  0.114338  0.566352 0.0  0.638017  0.324194  0.431973  0.187397  0.845162  0.288555  0.184504  0.443490  0.213404  0.066652  0.252458  0.603703  0.035470  0.524082  0.159279  0.784280  0.404052  0.319681  0.353468  0.262246 
10  0.797588  0.941257  0.528216  0.542356  0.911871  0.458519  0.902362  0.613261  0.959921  0.638017 0.0  0.472281  0.862036  0.834579  0.412692  0.826786  0.649558  0.867126  0.603117  0.529554  0.549660  0.526689  0.669591  0.610655  0.650958  0.971962  0.911439  0.890514  0.911171  0.367413 
11  0.518776  0.526579  0.537571  0.497623  0.518909  0.458776  0.495979  0.586682  0.513390  0.324194  0.472281 0.0  0.572220  0.493319  0.444616  0.548162  0.459502  0.445227  0.521588  0.450625  0.437005  0.456800  0.514450  0.499451  0.502530  0.463894  0.523586  0.519245  0.592934  0.512921 
12  0.223214  0.236991  0.276525  0.253552  0.119362  0.426182  0.617776  0.506134  0.282121  0.431973  0.862036  0.572220 0.0  0.588001  0.666323  0.208604  0.272410  0.168542  0.405299  0.487075  0.367306  0.817682  0.426769  0.845875  0.517286  0.632453  0.291544  0.253692  0.166492  0.652101 
13  0.468664  0.547111  0.419829  0.348021  0.493183  0.467335  0.792966  0.460869  0.353820  0.187397  0.834579  0.493319  0.588001 0.0  0.897012  0.548783  0.332045  0.453206  0.434090  0.447933  0.321851  0.811623  0.472676  1.000000  0.488598  0.930740  0.475870  0.534531  0.336351  0.607414 
14  0.712530  0.530043  0.855384  0.817517  0.579649  0.954882  0.474259  0.871932  0.653390  0.845162  0.412692  0.444616  0.666323  0.897012 0.0  0.539391  0.756007  0.674065  0.836997  0.943625  0.938235  0.907506  0.981054  0.880837  0.897566  0.600620  0.609529  0.692017  0.518472  0.751096 
15  0.234289  0.065724  0.450243  0.300444  0.133163  0.511665  0.479838  0.515424  0.293375  0.288555  0.826786  0.548162  0.208604  0.548783  0.539391 0.0  0.276578  0.098814  0.261876  0.507613  0.307788  0.896014  0.477629  0.953986  0.320479  0.631173  0.226629  0.224526  0.092373  0.667156 
16  0.331255  0.157774  0.295076  0.211999  0.293674  0.349886  0.584790  0.263218  0.241964  0.184504  0.649558  0.459502  0.272410  0.332045  0.756007  0.276578 0.0  0.301192  0.192105  0.239476  0.314724  0.685815  0.294717  0.719555  0.239473  0.770497  0.244320  0.338304  0.288769  0.532546 
17  0.104561  0.203301  0.549403  0.316201  0.077010  0.506027  0.504003  0.599722  0.291063  0.443490  0.867126  0.445227  0.168542  0.453206  0.674065  0.098814  0.301192 0.0  0.283314  0.478646  0.369070  0.868801  0.388385  0.928991  0.487239  0.607742  0.188240  0.243854  0.081100  0.652236 
18  0.448153  0.316750  0.143702  0.228632  0.392445  0.108597  0.847136  0.102295  0.528326  0.213404  0.603117  0.521588  0.405299  0.434090  0.836997  0.261876  0.192105  0.283314 0.0  0.000000  0.319551  0.590029  0.096846  0.594994  0.154359  0.867403  0.336029  0.346937  0.464277  0.212423 
19  0.416570  0.540844  0.085926  0.148833  0.420856  0.194458  0.819353  0.210145  0.434297  0.066652  0.529554  0.450625  0.487075  0.447933  0.943625  0.507613  0.239476  0.478646  0.000000 0.0  0.112554  0.604772  0.190372  0.666839  0.096427  0.935228  0.407961  0.516331  0.351336  0.377394 
20  0.285332  0.392891  0.128514  0.270062  0.460024  0.053240  0.691081  0.109799  0.509485  0.252458  0.549660  0.437005  0.367306  0.321851  0.938235  0.307788  0.314724  0.369070  0.319551  0.112554 0.0  0.535428  0.119062  0.554563  0.110603  0.815400  0.361398  0.336284  0.341024  0.272846 
21  0.894200  0.840865  0.602597  0.600086  0.869796  0.444712  0.440795  0.501523  0.814181  0.603703  0.526689  0.456800  0.817682  0.811623  0.907506  0.896014  0.685815  0.868801  0.590029  0.604772  0.535428 0.0  0.678375  0.130476  0.591199  0.430331  0.787777  0.916256  0.766726  0.459480 
22  0.491978  0.569375  0.042572  0.000000  0.408664  0.365761  0.785660  0.306612  0.387360  0.035470  0.669591  0.514450  0.426769  0.472676  0.981054  0.477629  0.294717  0.388385  0.096846  0.190372  0.119062  0.678375 0.0  0.652554  0.130364  0.974221  0.459087  0.500507  0.351092  0.395894 
23  0.987212  0.995011  0.386620  0.413235  0.830619  0.670203  0.348732  0.636038  0.773034  0.524082  0.610655  0.499451  0.845875  1.000000  0.880837  0.953986  0.719555  0.928991  0.594994  0.666839  0.554563  0.130476  0.652554 0.0  0.492345  0.492682  0.915075  0.988626  0.773338  0.371995 
24  0.415434  0.402888  0.263294  0.110601  0.587391  0.139286  0.907318  0.112332  0.376956  0.159279  0.650958  0.502530  0.517286  0.488598  0.897566  0.320479  0.239473  0.487239  0.154359  0.096427  0.110603  0.591199  0.130364  0.492345 0.0  0.887807  0.411579  0.301161  0.406063  0.453426 
25  0.603552  0.716388  0.783683  0.725247  0.534561  0.888238  0.107394  0.952953  0.757451  0.784280  0.971962  0.463894  0.632453  0.930740  0.600620  0.631173  0.770497  0.607742  0.867403  0.935228  0.815400  0.430331  0.974221  0.492682  0.887807 0.0  0.644376  0.544754  0.478879  0.797758 
26  0.240226  0.248283  0.394173  0.283032  0.093768  0.411885  0.443658  0.565245  0.385103  0.404052  0.911439  0.523586  0.291544  0.475870  0.609529  0.226629  0.244320  0.188240  0.336029  0.407961  0.361398  0.787777  0.459087  0.915075  0.411579  0.644376 0.0  0.240323  0.079619  0.736659 
27  0.219073  0.097841  0.356162  0.319143  0.172591  0.469340  0.494230  0.497374  0.238864  0.319681  0.890514  0.519245  0.253692  0.534531  0.692017  0.224526  0.338304  0.243854  0.346937  0.516331  0.336284  0.916256  0.500507  0.988626  0.301161  0.544754  0.240323 0.0  0.000000  0.719788 
28  0.000000  0.022701  0.386340  0.402536  0.146745  0.399070  0.632066  0.312488  0.346578  0.353468  0.911171  0.592934  0.166492  0.336351  0.518472  0.092373  0.288769  0.081100  0.464277  0.351336  0.341024  0.766726  0.351092  0.773338  0.406063  0.478879  0.079619  0.000000 0.0  0.575563 
29  0.661414  0.517723  0.368175  0.314786  0.639871  0.437527  0.502437  0.445497  0.519585  0.262246  0.367413  0.512921  0.652101  0.607414  0.751096  0.667156  0.532546  0.652236  0.212423  0.377394  0.272846  0.459480  0.395894  0.371995  0.453426  0.797758  0.736659  0.719788  0.575563 0.0 
