30
0 0.0  0.101809  0.537605  0.452429  0.480049  0.357527  0.378307  0.356010  0.046937  0.234654  0.212141  0.000000  0.214418  0.626303  0.340141  0.350632  0.122637  0.455955  0.740269  0.334618  0.412004  0.357309  0.168526  0.264817  0.356931  0.233162  0.393676  0.258246  0.421874  0.765756 
1  0.101809 0.0  0.422915  0.321065  0.421075  0.334456  0.325767  0.376482  0.122897  0.376354  0.148126  0.122547  0.000000  0.450217  0.222259  0.346482  0.109309  0.361844  0.554408  0.378495  0.457386  0.360040  0.171974  0.035963  0.316057  0.067472  0.409781  0.058561  0.277856  0.479169 
2  0.537605  0.422915 0.0  0.232467  0.226805  0.196696  0.078545  0.053271  0.452434  0.089642  0.505547  0.393618  0.544343  0.918884  0.521483  0.239414  0.396784  0.048488  0.468736  0.299457  0.101851  0.404460  0.551610  0.507873  0.097176  0.543756  0.040575  0.418403  0.318510  0.906775 
3  0.452429  0.321065  0.232467 0.0  0.164531  0.051971  0.075606  0.150883  0.557431  0.160396  0.613655  0.255283  0.492733  0.944674  0.483668  0.269682  0.508879  0.000000  0.497021  0.432728  0.133581  0.368483  0.526034  0.530726  0.167192  0.549764  0.071273  0.511201  0.380963  0.977473 
4  0.480049  0.421075  0.226805  0.164531 0.0  0.000000  0.054734  0.030079  0.437367  0.171461  0.463642  0.271851  0.474741  0.928495  0.451805  0.224475  0.474734  0.115578  0.416719  0.357070  0.140239  0.400186  0.381804  0.484133  0.060237  0.544448  0.149066  0.478744  0.385601  0.971700 
5  0.357527  0.334456  0.196696  0.051971  0.000000 0.0  0.238126  0.294218  0.488812  0.294819  0.378503  0.368100  0.356248  0.735447  0.353040  0.000000  0.344653  0.230748  0.256988  0.468251  0.105494  0.388319  0.328272  0.452795  0.176950  0.377649  0.194946  0.280659  0.596369  0.823521 
6  0.378307  0.325767  0.078545  0.075606  0.054734  0.238126 0.0  0.290418  0.438866  0.112574  0.265265  0.350412  0.307572  0.831343  0.339229  0.076868  0.408061  0.379045  0.301846  0.475530  0.114381  0.315788  0.318035  0.508997  0.264907  0.356428  0.216782  0.295186  0.583056  0.813270 
7  0.356010  0.376482  0.053271  0.150883  0.030079  0.294218  0.290418 0.0  0.486910  0.259456  0.457498  0.368775  0.472443  0.834784  0.363634  0.118180  0.443022  0.212046  0.328966  0.365958  0.080064  0.416681  0.414129  0.284083  0.221649  0.411750  0.280920  0.372680  0.446710  0.771135 
8  0.046937  0.122897  0.452434  0.557431  0.437367  0.488812  0.438866  0.486910 0.0  0.391580  0.181829  0.158681  0.172883  0.614016  0.188405  0.446395  0.045066  0.437746  0.757924  0.442868  0.478852  0.517744  0.132173  0.087407  0.412071  0.105763  0.422577  0.142124  0.458271  0.519057 
9  0.234654  0.376354  0.089642  0.160396  0.171461  0.294819  0.112574  0.259456  0.391580 0.0  0.295762  0.268267  0.407305  0.846447  0.500074  0.172711  0.385267  0.276295  0.341607  0.322227  0.149944  0.473660  0.453455  0.407038  0.151021  0.339446  0.175169  0.433185  0.402840  0.844002 
10  0.212141  0.148126  0.505547  0.613655  0.463642  0.378503  0.265265  0.457498  0.181829  0.295762 0.0  0.019756  0.224425  0.589770  0.300516  0.456706  0.190141  0.358563  0.813889  0.447554  0.487639  0.396056  0.221292  0.271706  0.371407  0.107118  0.296291  0.166547  0.420530  0.662441 
11  0.000000  0.122547  0.393618  0.255283  0.271851  0.368100  0.350412  0.368775  0.158681  0.268267  0.019756 0.0  0.007400  0.468166  0.108930  0.325258  0.217038  0.194747  0.565136  0.323460  0.399868  0.303093  0.024142  0.108602  0.305406  0.000000  0.325310  0.012800  0.373232  0.412302 
12  0.214418  0.000000  0.544343  0.492733  0.474741  0.356248  0.307572  0.472443  0.172883  0.407305  0.224425  0.007400 0.0  0.800037  0.193504  0.413550  0.288081  0.370569  0.916207  0.389717  0.435282  0.305346  0.275842  0.187352  0.453096  0.179039  0.446676  0.043299  0.300413  0.701518 
13  0.626303  0.450217  0.918884  0.944674  0.928495  0.735447  0.831343  0.834784  0.614016  0.846447  0.589770  0.468166  0.800037 0.0  0.708705  1.000000  0.698631  0.843332  0.708586  0.790128  0.862758  0.804212  0.658377  0.542173  0.810382  0.692805  0.784132  0.602331  0.728884  0.616607 
14  0.340141  0.222259  0.521483  0.483668  0.451805  0.353040  0.339229  0.363634  0.188405  0.500074  0.300516  0.108930  0.193504  0.708705 0.0  0.417639  0.365519  0.440078  0.699214  0.420987  0.434272  0.302479  0.340780  0.284979  0.421517  0.241177  0.367236  0.242841  0.334281  0.528484 
15  0.350632  0.346482  0.239414  0.269682  0.224475  0.000000  0.076868  0.118180  0.446395  0.172711  0.456706  0.325258  0.413550  1.000000  0.417639 0.0  0.545239  0.020507  0.359195  0.477225  0.096076  0.390128  0.633674  0.521356  0.074324  0.440857  0.143331  0.465139  0.217947  0.983673 
16  0.122637  0.109309  0.396784  0.508879  0.474734  0.344653  0.408061  0.443022  0.045066  0.385267  0.190141  0.217038  0.288081  0.698631  0.365519  0.545239 0.0  0.404207  0.717416  0.349055  0.386606  0.440523  0.300103  0.169351  0.307176  0.322471  0.510437  0.223600  0.360901  0.750382 
17  0.455955  0.361844  0.048488  0.000000  0.115578  0.230748  0.379045  0.212046  0.437746  0.276295  0.358563  0.194747  0.370569  0.843332  0.440078  0.020507  0.404207 0.0  0.328508  0.269829  0.176596  0.245358  0.474299  0.282415  0.216518  0.360150  0.137571  0.400702  0.451485  0.846664 
18  0.740269  0.554408  0.468736  0.497021  0.416719  0.256988  0.301846  0.328966  0.757924  0.341607  0.813889  0.565136  0.916207  0.708586  0.699214  0.359195  0.717416  0.328508 0.0  0.643172  0.233073  0.567311  0.707884  0.747925  0.252760  0.643302  0.351381  0.733617  0.496655  0.771007 
19  0.334618  0.378495  0.299457  0.432728  0.357070  0.468251  0.475530  0.365958  0.442868  0.322227  0.447554  0.323460  0.389717  0.790128  0.420987  0.477225  0.349055  0.269829  0.643172 0.0  0.429813  0.380912  0.337073  0.310495  0.378037  0.300317  0.339401  0.320248  0.037218  0.685219 
20  0.412004  0.457386  0.101851  0.133581  0.140239  0.105494  0.114381  0.080064  0.478852  0.149944  0.487639  0.399868  0.435282  0.862758  0.434272  0.096076  0.386606  0.176596  0.233073  0.429813 0.0  0.421901  0.295933  0.530764  0.068442  0.498393  0.000000  0.470074  0.345271  0.814489 
21  0.357309  0.360040  0.404460  0.368483  0.400186  0.388319  0.315788  0.416681  0.517744  0.473660  0.396056  0.303093  0.305346  0.804212  0.302479  0.390128  0.440523  0.245358  0.567311  0.380912  0.421901 0.0  0.365705  0.289326  0.379469  0.360979  0.292818  0.440131  0.400662  0.926940 
22  0.168526  0.171974  0.551610  0.526034  0.381804  0.328272  0.318035  0.414129  0.132173  0.453455  0.221292  0.024142  0.275842  0.658377  0.340780  0.633674  0.300103  0.474299  0.707884  0.337073  0.295933  0.365705 0.0  0.160399  0.385131  0.256732  0.340581  0.297156  0.499480  0.566278 
23  0.264817  0.035963  0.507873  0.530726  0.484133  0.452795  0.508997  0.284083  0.087407  0.407038  0.271706  0.108602  0.187352  0.542173  0.284979  0.521356  0.169351  0.282415  0.747925  0.310495  0.530764  0.289326  0.160399 0.0  0.192076  0.148932  0.468659  0.163918  0.396331  0.580758 
24  0.356931  0.316057  0.097176  0.167192  0.060237  0.176950  0.264907  0.221649  0.412071  0.151021  0.371407  0.305406  0.453096  0.810382  0.421517  0.074324  0.307176  0.216518  0.252760  0.378037  0.068442  0.379469  0.385131  0.192076 0.0  0.335901  0.208831  0.413006  0.502059  0.658377 
25  0.233162  0.067472  0.543756  0.549764  0.544448  0.377649  0.356428  0.411750  0.105763  0.339446  0.107118  0.000000  0.179039  0.692805  0.241177  0.440857  0.322471  0.360150  0.643302  0.300317  0.498393  0.360979  0.256732  0.148932  0.335901 0.0  0.374683  0.208907  0.359046  0.660218 
26  0.393676  0.409781  0.040575  0.071273  0.149066  0.194946  0.216782  0.280920  0.422577  0.175169  0.296291  0.325310  0.446676  0.784132  0.367236  0.143331  0.510437  0.137571  0.351381  0.339401  0.000000  0.292818  0.340581  0.468659  0.208831  0.374683 0.0  0.292719  0.548748  0.774165 
27  0.258246  0.058561  0.418403  0.511201  0.478744  0.280659  0.295186  0.372680  0.142124  0.433185  0.166547  0.012800  0.043299  0.602331  0.242841  0.465139  0.223600  0.400702  0.733617  0.320248  0.470074  0.440131  0.297156  0.163918  0.413006  0.208907  0.292719 0.0  0.361073  0.549919 
28  0.421874  0.277856  0.318510  0.380963  0.385601  0.596369  0.583056  0.446710  0.458271  0.402840  0.420530  0.373232  0.300413  0.728884  0.334281  0.217947  0.360901  0.451485  0.496655  0.037218  0.345271  0.400662  0.499480  0.396331  0.502059  0.359046  0.548748  0.361073 0.0  0.862606 
29  0.765756  0.479169  0.906775  0.977473  0.971700  0.823521  0.813270  0.771135  0.519057  0.844002  0.662441  0.412302  0.701518  0.616607  0.528484  0.983673  0.750382  0.846664  0.771007  0.685219  0.814489  0.926940  0.566278  0.580758  0.658377  0.660218  0.774165  0.549919  0.862606 0.0 
