30
0 0.0  0.358588  0.335532  0.290083  0.359447  0.339855  0.335312  0.235790  0.309630  0.468667  0.345087  0.365110  0.464668  0.916016  0.445956  0.104065  0.314770  0.530793  0.493979  0.435321  0.410924  0.149395  0.540235  0.352931  0.850816  0.381903  0.413010  0.327943  0.534569  0.348665 
1  0.358588 0.0  0.162366  0.035571  0.299378  0.034363  0.190218  0.196682  0.211077  0.280622  0.664528  0.504368  0.384510  0.476642  0.410944  0.376915  0.360644  0.133303  0.243495  0.226024  0.464391  0.372758  0.329858  0.296270  0.854604  0.282062  0.567763  0.231971  0.436881  0.411742 
2  0.335532  0.162366 0.0  0.108830  0.266452  0.000000  0.177072  0.238959  0.200073  0.360332  0.546617  0.439400  0.490663  0.535417  0.318521  0.419912  0.295972  0.121971  0.324097  0.117205  0.367219  0.395466  0.228452  0.330776  0.816330  0.353922  0.466934  0.242902  0.312297  0.339151 
3  0.290083  0.035571  0.108830 0.0  0.212929  0.226759  0.000000  0.110875  0.064817  0.291470  0.552990  0.361598  0.421330  0.522081  0.485805  0.276653  0.483429  0.054585  0.399777  0.202252  0.401027  0.371049  0.360269  0.530478  0.981359  0.599286  0.268229  0.001695  0.288019  0.560983 
4  0.359447  0.299378  0.266452  0.212929 0.0  0.291033  0.207465  0.226534  0.366166  0.393727  0.468271  0.279279  0.218781  0.703890  0.317414  0.152547  0.279566  0.226021  0.306908  0.308516  0.266356  0.236559  0.448374  0.211351  0.731085  0.249503  0.259230  0.222538  0.280553  0.186648 
5  0.339855  0.034363  0.000000  0.226759  0.291033 0.0  0.084851  0.087758  0.149170  0.486385  0.550329  0.227876  0.318585  0.587084  0.469134  0.356684  0.538619  0.133709  0.419008  0.163776  0.450686  0.374898  0.488389  0.527342  1.000000  0.477464  0.383443  0.123906  0.325159  0.404127 
6  0.335312  0.190218  0.177072  0.000000  0.207465  0.084851 0.0  0.240747  0.259582  0.385622  0.556970  0.595664  0.468102  0.508505  0.387405  0.311400  0.394963  0.191477  0.403402  0.183462  0.354140  0.344496  0.239888  0.259455  0.705534  0.388571  0.512694  0.211168  0.385655  0.350447 
7  0.235790  0.196682  0.238959  0.110875  0.226534  0.087758  0.240747 0.0  0.145711  0.378016  0.663043  0.536814  0.352899  0.549901  0.342049  0.316432  0.365299  0.097888  0.432480  0.199742  0.436691  0.351752  0.289738  0.400366  0.667885  0.345963  0.551916  0.198069  0.373330  0.351058 
8  0.309630  0.211077  0.200073  0.064817  0.366166  0.149170  0.259582  0.145711 0.0  0.391600  0.488107  0.463439  0.385921  0.608807  0.299301  0.358499  0.351384  0.149488  0.327703  0.076454  0.388957  0.343461  0.368096  0.301639  0.789644  0.337038  0.495265  0.225351  0.381065  0.244251 
9  0.468667  0.280622  0.360332  0.291470  0.393727  0.486385  0.385622  0.378016  0.391600 0.0  0.566313  0.382828  0.162380  0.871133  0.000000  0.348202  0.096499  0.415016  0.196483  0.437531  0.139770  0.452733  0.567478  0.043461  0.545208  0.032962  0.247921  0.336596  0.093933  0.092276 
10  0.345087  0.664528  0.546617  0.552990  0.468271  0.550329  0.556970  0.663043  0.488107  0.566313 0.0  0.577613  0.696267  0.604525  0.569477  0.239310  0.617353  0.729363  0.545859  0.551271  0.477884  0.264010  0.661951  0.527587  0.532589  0.476521  0.502151  0.515439  0.614744  0.553247 
11  0.365110  0.504368  0.439400  0.361598  0.279279  0.227876  0.595664  0.536814  0.463439  0.382828  0.577613 0.0  0.409428  0.761935  0.283299  0.282774  0.401499  0.494989  0.350018  0.418740  0.310958  0.341788  0.576020  0.381721  0.840488  0.323872  0.155537  0.482628  0.367985  0.287148 
12  0.464668  0.384510  0.490663  0.421330  0.218781  0.318585  0.468102  0.352899  0.385921  0.162380  0.696267  0.409428 0.0  0.898333  0.229102  0.406016  0.212782  0.345626  0.149651  0.463063  0.089737  0.349542  0.651690  0.018708  0.609021  0.248902  0.278944  0.511348  0.205864  0.110726 
13  0.916016  0.476642  0.535417  0.522081  0.703890  0.587084  0.508505  0.549901  0.608807  0.871133  0.604525  0.761935  0.898333 0.0  0.731845  0.836245  0.899073  0.597359  0.832372  0.497217  0.852317  0.842889  0.309171  0.923263  0.854265  0.806206  0.788876  0.568677  0.819769  0.806155 
14  0.445956  0.410944  0.318521  0.485805  0.317414  0.469134  0.387405  0.342049  0.299301  0.000000  0.569477  0.283299  0.229102  0.731845 0.0  0.335185  0.218359  0.409344  0.073877  0.469680  0.167251  0.537884  0.625066  0.237555  0.722757  0.275303  0.351784  0.292065  0.000000  0.275323 
15  0.104065  0.376915  0.419912  0.276653  0.152547  0.356684  0.311400  0.316432  0.358499  0.348202  0.239310  0.282774  0.406016  0.836245  0.335185 0.0  0.367445  0.452307  0.306176  0.356712  0.350436  0.122452  0.588381  0.403971  0.814399  0.392279  0.379214  0.274566  0.375741  0.387033 
16  0.314770  0.360644  0.295972  0.483429  0.279566  0.538619  0.394963  0.365299  0.351384  0.096499  0.617353  0.401499  0.212782  0.899073  0.218359  0.367445 0.0  0.470631  0.113775  0.375143  0.259771  0.593832  0.734075  0.204719  0.676510  0.101260  0.313777  0.454971  0.000000  0.220260 
17  0.530793  0.133303  0.121971  0.054585  0.226021  0.133709  0.191477  0.097888  0.149488  0.415016  0.729363  0.494989  0.345626  0.597359  0.409344  0.452307  0.470631 0.0  0.357755  0.253940  0.547543  0.341511  0.310392  0.511971  0.824352  0.390467  0.356562  0.197465  0.426740  0.397270 
18  0.493979  0.243495  0.324097  0.399777  0.306908  0.419008  0.403402  0.432480  0.327703  0.196483  0.545859  0.350018  0.149651  0.832372  0.073877  0.306176  0.113775  0.357755 0.0  0.352509  0.000000  0.335168  0.620295  0.019024  0.576065  0.195312  0.421741  0.431212  0.219581  0.000000 
19  0.435321  0.226024  0.117205  0.202252  0.308516  0.163776  0.183462  0.199742  0.076454  0.437531  0.551271  0.418740  0.463063  0.497217  0.469680  0.356712  0.375143  0.253940  0.352509 0.0  0.427884  0.316181  0.347880  0.472730  0.919530  0.432785  0.527578  0.167861  0.447591  0.420828 
20  0.410924  0.464391  0.367219  0.401027  0.266356  0.450686  0.354140  0.436691  0.388957  0.139770  0.477884  0.310958  0.089737  0.852317  0.167251  0.350436  0.259771  0.547543  0.000000  0.427884 0.0  0.494602  0.702925  0.198008  0.680526  0.347886  0.382752  0.384630  0.049970  0.198384 
21  0.149395  0.372758  0.395466  0.371049  0.236559  0.374898  0.344496  0.351752  0.343461  0.452733  0.264010  0.341788  0.349542  0.842889  0.537884  0.122452  0.593832  0.341511  0.335168  0.316181  0.494602 0.0  0.737226  0.532168  0.827038  0.517299  0.201581  0.325445  0.304518  0.443413 
22  0.540235  0.329858  0.228452  0.360269  0.448374  0.488389  0.239888  0.289738  0.368096  0.567478  0.661951  0.576020  0.651690  0.309171  0.625066  0.588381  0.734075  0.310392  0.620295  0.347880  0.702925  0.737226 0.0  0.758540  0.753411  0.732365  0.685139  0.313546  0.544807  0.678426 
23  0.352931  0.296270  0.330776  0.530478  0.211351  0.527342  0.259455  0.400366  0.301639  0.043461  0.527587  0.381721  0.018708  0.923263  0.237555  0.403971  0.204719  0.511971  0.019024  0.472730  0.198008  0.532168  0.758540 0.0  0.618568  0.220465  0.343737  0.322849  0.040934  0.313374 
24  0.850816  0.854604  0.816330  0.981359  0.731085  1.000000  0.705534  0.667885  0.789644  0.545208  0.532589  0.840488  0.609021  0.854265  0.722757  0.814399  0.676510  0.824352  0.576065  0.919530  0.680526  0.827038  0.753411  0.618568 0.0  0.669445  0.836181  0.748004  0.531975  0.628786 
25  0.381903  0.282062  0.353922  0.599286  0.249503  0.477464  0.388571  0.345963  0.337038  0.032962  0.476521  0.323872  0.248902  0.806206  0.275303  0.392279  0.101260  0.390467  0.195312  0.432785  0.347886  0.517299  0.732365  0.220465  0.669445 0.0  0.383756  0.344803  0.134462  0.121545 
26  0.413010  0.567763  0.466934  0.268229  0.259230  0.383443  0.512694  0.551916  0.495265  0.247921  0.502151  0.155537  0.278944  0.788876  0.351784  0.379214  0.313777  0.356562  0.421741  0.527578  0.382752  0.201581  0.685139  0.343737  0.836181  0.383756 0.0  0.477291  0.337638  0.368833 
27  0.327943  0.231971  0.242902  0.001695  0.222538  0.123906  0.211168  0.198069  0.225351  0.336596  0.515439  0.482628  0.511348  0.568677  0.292065  0.274566  0.454971  0.197465  0.431212  0.167861  0.384630  0.325445  0.313546  0.322849  0.748004  0.344803  0.477291 0.0  0.418028  0.344947 
28  0.534569  0.436881  0.312297  0.288019  0.280553  0.325159  0.385655  0.373330  0.381065  0.093933  0.614744  0.367985  0.205864  0.819769  0.000000  0.375741  0.000000  0.426740  0.219581  0.447591  0.049970  0.304518  0.544807  0.040934  0.531975  0.134462  0.337638  0.418028 0.0  0.008532 
29  0.348665  0.411742  0.339151  0.560983  0.186648  0.404127  0.350447  0.351058  0.244251  0.092276  0.553247  0.287148  0.110726  0.806155  0.275323  0.387033  0.220260  0.397270  0.000000  0.420828  0.198384  0.443413  0.678426  0.313374  0.628786  0.121545  0.368833  0.344947  0.008532 0.0 
