30
0 0.0  0.487631  0.458162  0.386676  0.270198  0.386804  0.338960  0.273700  0.427294  0.160709  0.726658  0.508824  0.523104  0.434069  0.405479  0.467234  0.187011  0.377864  0.916846  0.453803  0.233113  0.472290  0.442866  0.476297  0.196507  0.573715  0.502893  0.569332  0.000000  0.307292 
1  0.487631 0.0  0.340973  0.262601  0.337773  0.078877  0.380903  0.120222  0.113391  0.254871  0.503570  0.254580  0.862264  0.085635  0.410695  0.166926  0.253611  0.327985  0.516431  0.140165  0.426740  0.113054  0.256175  0.226702  0.561302  0.832249  0.271094  0.282264  0.292062  0.063169 
2  0.458162  0.340973 0.0  0.347057  0.437092  0.440687  0.374282  0.358444  0.292456  0.441110  0.929133  0.274691  0.901424  0.429312  0.491744  0.335161  0.299645  0.379715  0.793380  0.349011  0.336364  0.438728  0.356021  0.275748  0.237685  0.751206  0.350471  0.432978  0.362669  0.544857 
3  0.386676  0.262601  0.347057 0.0  0.357169  0.001389  0.435314  0.000000  0.088718  0.375567  0.536955  0.249750  0.864238  0.233837  0.503502  0.153244  0.347734  0.214186  0.622343  0.197970  0.489235  0.142316  0.162973  0.194091  0.464643  0.876796  0.214771  0.214372  0.268792  0.121886 
4  0.270198  0.337773  0.437092  0.357169 0.0  0.331698  0.210536  0.312893  0.413873  0.508506  0.756343  0.410040  0.696291  0.298708  0.567904  0.307392  0.529374  0.074601  0.650687  0.398854  0.351525  0.267993  0.301342  0.296898  0.257050  0.899963  0.332574  0.427261  0.497503  0.315632 
5  0.386804  0.078877  0.440687  0.001389  0.331698 0.0  0.376075  0.127392  0.093450  0.376014  0.591238  0.153138  0.800581  0.000000  0.463678  0.078289  0.348322  0.232767  0.484652  0.062106  0.405028  0.175028  0.108778  0.202163  0.451989  0.827755  0.155433  0.098878  0.425368  0.233311 
6  0.338960  0.380903  0.374282  0.435314  0.210536  0.376075 0.0  0.476597  0.468074  0.455154  0.694592  0.390042  0.832113  0.288511  0.394415  0.306290  0.454073  0.228073  0.688037  0.326931  0.368598  0.447641  0.348326  0.331122  0.314063  0.695751  0.352441  0.412700  0.496147  0.214249 
7  0.273700  0.120222  0.358444  0.000000  0.312893  0.127392  0.476597 0.0  0.135147  0.441841  0.419356  0.072691  0.782633  0.051676  0.416564  0.060164  0.511622  0.483495  0.474936  0.177183  0.373560  0.132000  0.086989  0.000000  0.316024  0.797903  0.048818  0.034860  0.458931  0.000000 
8  0.427294  0.113391  0.292456  0.088718  0.413873  0.093450  0.468074  0.135147 0.0  0.460466  0.594280  0.104147  0.845951  0.085447  0.563189  0.106661  0.396574  0.454788  0.559814  0.125120  0.370659  0.126215  0.129347  0.290166  0.462156  0.764534  0.143367  0.085620  0.516955  0.121399 
9  0.160709  0.254871  0.441110  0.375567  0.508506  0.376014  0.455154  0.441841  0.460466 0.0  0.786340  0.399323  0.580011  0.359957  0.543378  0.391745  0.295793  0.449101  0.712885  0.367784  0.007843  0.387572  0.323456  0.362011  0.127438  0.506459  0.336913  0.286681  0.186536  0.281035 
10  0.726658  0.503570  0.929133  0.536955  0.756343  0.591238  0.694592  0.419356  0.594280  0.786340 0.0  0.628126  0.922285  0.425002  0.379048  0.519486  0.742821  0.763218  0.554109  0.462357  0.754106  0.522680  0.585265  0.482472  0.748681  0.389879  0.559481  0.519921  0.690559  0.770408 
11  0.508824  0.254580  0.274691  0.249750  0.410040  0.153138  0.390042  0.072691  0.104147  0.399323  0.628126 0.0  0.954365  0.302588  0.556575  0.161927  0.312605  0.408250  0.624442  0.224762  0.432260  0.155752  0.253466  0.128896  0.495057  0.954024  0.270981  0.125585  0.325157  0.073558 
12  0.523104  0.862264  0.901424  0.864238  0.696291  0.800581  0.832113  0.782633  0.845951  0.580011  0.922285  0.954365 0.0  0.756120  0.480521  0.812286  0.563651  0.884707  0.527833  0.823924  0.572335  0.813454  0.808841  0.850330  0.512413  0.709650  0.878141  0.769704  0.576600  0.940893 
13  0.434069  0.085635  0.429312  0.233837  0.298708  0.000000  0.288511  0.051676  0.085447  0.359957  0.425002  0.302588  0.756120 0.0  0.524493  0.168766  0.391842  0.317578  0.518138  0.174240  0.531420  0.104831  0.250188  0.196082  0.451817  0.906153  0.308727  0.128185  0.326865  0.079498 
14  0.405479  0.410695  0.491744  0.503502  0.567904  0.463678  0.394415  0.416564  0.563189  0.543378  0.379048  0.556575  0.480521  0.524493 0.0  0.474110  0.616539  0.422373  0.502165  0.576394  0.443011  0.407438  0.413758  0.489668  0.429692  0.415937  0.444008  0.446753  0.530624  0.530843 
15  0.467234  0.166926  0.335161  0.153244  0.307392  0.078289  0.306290  0.060164  0.106661  0.391745  0.519486  0.161927  0.812286  0.168766  0.474110 0.0  0.394189  0.281346  0.642480  0.144511  0.465126  0.160369  0.191830  0.161868  0.503764  0.867853  0.153743  0.251041  0.387027  0.049959 
16  0.187011  0.253611  0.299645  0.347734  0.529374  0.348322  0.454073  0.511622  0.396574  0.295793  0.742821  0.312605  0.563651  0.391842  0.616539  0.394189 0.0  0.490306  0.778734  0.399146  0.000000  0.496407  0.441438  0.331815  0.080667  0.470565  0.303192  0.363341  0.176756  0.306508 
17  0.377864  0.327985  0.379715  0.214186  0.074601  0.232767  0.228073  0.483495  0.454788  0.449101  0.763218  0.408250  0.884707  0.317578  0.422373  0.281346  0.490306 0.0  0.806992  0.411156  0.297809  0.416524  0.467979  0.360974  0.366619  0.728505  0.359268  0.287118  0.589905  0.342397 
18  0.916846  0.516431  0.793380  0.622343  0.650687  0.484652  0.688037  0.474936  0.559814  0.712885  0.554109  0.624442  0.527833  0.518138  0.502165  0.642480  0.778734  0.806992 0.0  0.628809  0.914929  0.548221  0.643478  0.585137  0.928584  0.956826  0.531126  0.714767  0.738916  0.427159 
19  0.453803  0.140165  0.349011  0.197970  0.398854  0.062106  0.326931  0.177183  0.125120  0.367784  0.462357  0.224762  0.823924  0.174240  0.576394  0.144511  0.399146  0.411156  0.628809 0.0  0.314886  0.096995  0.324839  0.257578  0.514551  0.933401  0.239641  0.183280  0.380545  0.126271 
20  0.233113  0.426740  0.336364  0.489235  0.351525  0.405028  0.368598  0.373560  0.370659  0.007843  0.754106  0.432260  0.572335  0.531420  0.443011  0.465126  0.000000  0.297809  0.914929  0.314886 0.0  0.462388  0.383303  0.497501  0.240742  0.517276  0.442806  0.545714  0.146958  0.382097 
21  0.472290  0.113054  0.438728  0.142316  0.267993  0.175028  0.447641  0.132000  0.126215  0.387572  0.522680  0.155752  0.813454  0.104831  0.407438  0.160369  0.496407  0.416524  0.548221  0.096995  0.462388 0.0  0.161529  0.205478  0.352930  0.803089  0.107626  0.049276  0.485489  0.185600 
22  0.442866  0.256175  0.356021  0.162973  0.301342  0.108778  0.348326  0.086989  0.129347  0.323456  0.585265  0.253466  0.808841  0.250188  0.413758  0.191830  0.441438  0.467979  0.643478  0.324839  0.383303  0.161529 0.0  0.288671  0.456136  1.000000  0.191792  0.360565  0.307716  0.000000 
23  0.476297  0.226702  0.275748  0.194091  0.296898  0.202163  0.331122  0.000000  0.290166  0.362011  0.482472  0.128896  0.850330  0.196082  0.489668  0.161868  0.331815  0.360974  0.585137  0.257578  0.497501  0.205478  0.288671 0.0  0.510992  0.944847  0.271048  0.196822  0.311249  0.138594 
24  0.196507  0.561302  0.237685  0.464643  0.257050  0.451989  0.314063  0.316024  0.462156  0.127438  0.748681  0.495057  0.512413  0.451817  0.429692  0.503764  0.080667  0.366619  0.928584  0.514551  0.240742  0.352930  0.456136  0.510992 0.0  0.721035  0.559796  0.524944  0.023910  0.454092 
25  0.573715  0.832249  0.751206  0.876796  0.899963  0.827755  0.695751  0.797903  0.764534  0.506459  0.389879  0.954024  0.709650  0.906153  0.415937  0.867853  0.470565  0.728505  0.956826  0.933401  0.517276  0.803089  1.000000  0.944847  0.721035 0.0  0.950088  0.883370  0.512527  0.700545 
26  0.502893  0.271094  0.350471  0.214771  0.332574  0.155433  0.352441  0.048818  0.143367  0.336913  0.559481  0.270981  0.878141  0.308727  0.444008  0.153743  0.303192  0.359268  0.531126  0.239641  0.442806  0.107626  0.191792  0.271048  0.559796  0.950088 0.0  0.264513  0.357602  0.055158 
27  0.569332  0.282264  0.432978  0.214372  0.427261  0.098878  0.412700  0.034860  0.085620  0.286681  0.519921  0.125585  0.769704  0.128185  0.446753  0.251041  0.363341  0.287118  0.714767  0.183280  0.545714  0.049276  0.360565  0.196822  0.524944  0.883370  0.264513 0.0  0.315116  0.151969 
28  0.000000  0.292062  0.362669  0.268792  0.497503  0.425368  0.496147  0.458931  0.516955  0.186536  0.690559  0.325157  0.576600  0.326865  0.530624  0.387027  0.176756  0.589905  0.738916  0.380545  0.146958  0.485489  0.307716  0.311249  0.023910  0.512527  0.357602  0.315116 0.0  0.392751 
29  0.307292  0.063169  0.544857  0.121886  0.315632  0.233311  0.214249  0.000000  0.121399  0.281035  0.770408  0.073558  0.940893  0.079498  0.530843  0.049959  0.306508  0.342397  0.427159  0.126271  0.382097  0.185600  0.000000  0.138594  0.454092  0.700545  0.055158  0.151969  0.392751 0.0 
