30
0 0.0  0.263532  0.101355  0.183924  0.923887  0.504465  0.071027  0.390150  0.355078  0.581353  0.019348  0.410264  0.250840  0.490085  0.289172  0.412382  0.311509  0.509305  0.049290  0.324139  0.292415  0.045233  0.435154  0.117769  0.562633  0.312307  0.415042  0.298605  0.329315  0.348035 
1  0.263532 0.0  0.041532  0.248776  0.848126  0.330266  0.068900  0.363799  0.491864  0.664243  0.069295  0.250528  0.364629  0.303402  0.339572  0.351821  0.349012  0.325221  0.131152  0.363244  0.301987  0.026490  0.350626  0.012271  0.506626  0.202791  0.387554  0.309672  0.287557  0.276910 
2  0.101355  0.041532 0.0  0.005786  0.931832  0.303807  0.235153  0.438609  0.366775  0.597475  0.177186  0.520678  0.492522  0.411116  0.225920  0.521690  0.314934  0.239803  0.162138  0.466489  0.408422  0.237887  0.450154  0.197745  0.303726  0.430101  0.469134  0.481797  0.518612  0.554862 
3  0.183924  0.248776  0.005786 0.0  0.708101  0.293399  0.000000  0.301371  0.410743  0.545914  0.134219  0.254547  0.354088  0.359709  0.201239  0.356875  0.399213  0.336026  0.007877  0.422667  0.271459  0.129299  0.398830  0.082659  0.341899  0.145289  0.414517  0.363336  0.384219  0.320430 
4  0.923887  0.848126  0.931832  0.708101 0.0  0.782736  0.865276  0.524056  0.731844  0.837895  0.839810  0.451196  0.552359  0.503535  0.696938  0.554152  0.784157  0.471108  0.933479  0.540897  0.852212  1.000000  0.681120  0.859143  0.697472  0.713610  0.625961  0.484136  0.601916  0.700532 
5  0.504465  0.330266  0.303807  0.293399  0.782736 0.0  0.283854  0.372034  0.013166  0.755548  0.295090  0.205599  0.321381  0.419240  0.164670  0.340143  0.464739  0.463323  0.290588  0.357298  0.333267  0.400872  0.322683  0.413198  0.025766  0.550078  0.348204  0.326860  0.331486  0.384976 
6  0.071027  0.068900  0.235153  0.000000  0.865276  0.283854 0.0  0.352388  0.342122  0.490479  0.237391  0.542965  0.488590  0.272382  0.250774  0.466472  0.304390  0.233432  0.165410  0.453363  0.508989  0.218555  0.510489  0.182763  0.392132  0.379961  0.464167  0.417425  0.537244  0.404547 
7  0.390150  0.363799  0.438609  0.301371  0.524056  0.372034  0.352388 0.0  0.498982  0.830454  0.469731  0.163561  0.062221  0.189008  0.263281  0.185587  0.377853  0.171111  0.318391  0.161911  0.397814  0.338495  0.045974  0.494581  0.402040  0.551754  0.072159  0.117152  0.140184  0.085883 
8  0.355078  0.491864  0.366775  0.410743  0.731844  0.013166  0.342122  0.498982 0.0  0.805776  0.390527  0.375102  0.351756  0.267446  0.362656  0.470637  0.323262  0.245015  0.255072  0.251376  0.444806  0.496596  0.321214  0.380031  0.124877  0.587807  0.379379  0.288983  0.349980  0.385469 
9  0.581353  0.664243  0.597475  0.545914  0.837895  0.755548  0.490479  0.830454  0.805776 0.0  0.627341  0.896221  0.730954  0.856906  0.690875  0.755218  0.920358  0.860911  0.556287  0.786778  0.753011  0.567039  0.803076  0.501759  0.844095  0.305829  0.892735  0.728214  0.890151  0.827139 
10  0.019348  0.069295  0.177186  0.134219  0.839810  0.295090  0.237391  0.469731  0.390527  0.627341 0.0  0.497364  0.499054  0.290282  0.247879  0.486189  0.383139  0.448552  0.204502  0.477522  0.494620  0.178021  0.602361  0.202760  0.291112  0.408626  0.470000  0.509087  0.509040  0.612690 
11  0.410264  0.250528  0.520678  0.254547  0.451196  0.205599  0.542965  0.163561  0.375102  0.896221  0.497364 0.0  0.253548  0.000000  0.158291  0.286300  0.307791  0.013462  0.414784  0.255387  0.393249  0.503633  0.184952  0.445130  0.351658  0.638483  0.199234  0.147948  0.117671  0.170679 
12  0.250840  0.364629  0.492522  0.354088  0.552359  0.321381  0.488590  0.062221  0.351756  0.730954  0.499054  0.253548 0.0  0.074013  0.280268  0.171456  0.465890  0.121585  0.468200  0.074834  0.445348  0.486338  0.208762  0.491999  0.332877  0.734664  0.173711  0.247834  0.207778  0.261063 
13  0.490085  0.303402  0.411116  0.359709  0.503535  0.419240  0.272382  0.189008  0.267446  0.856906  0.290282  0.000000  0.074013 0.0  0.294716  0.000000  0.268588  0.315268  0.317091  0.014203  0.358696  0.351639  0.094769  0.321365  0.381815  0.545083  0.112436  0.021041  0.108840  0.065791 
14  0.289172  0.339572  0.225920  0.201239  0.696938  0.164670  0.250774  0.263281  0.362656  0.690875  0.247879  0.158291  0.280268  0.294716 0.0  0.277126  0.260630  0.282622  0.207805  0.286923  0.196036  0.234997  0.391972  0.125502  0.281290  0.517973  0.211198  0.388451  0.362200  0.236262 
15  0.412382  0.351821  0.521690  0.356875  0.554152  0.340143  0.466472  0.185587  0.470637  0.755218  0.486189  0.286300  0.171456  0.000000  0.277126 0.0  0.318892  0.000000  0.462649  0.205441  0.490095  0.570936  0.302643  0.393022  0.473806  0.653985  0.165172  0.376638  0.166950  0.128812 
16  0.311509  0.349012  0.314934  0.399213  0.784157  0.464739  0.304390  0.377853  0.323262  0.920358  0.383139  0.307791  0.465890  0.268588  0.260630  0.318892 0.0  0.322081  0.283718  0.346547  0.000000  0.295829  0.359991  0.314595  0.371861  0.520121  0.270882  0.401343  0.328802  0.355941 
17  0.509305  0.325221  0.239803  0.336026  0.471108  0.463323  0.233432  0.171111  0.245015  0.860911  0.448552  0.013462  0.121585  0.315268  0.282622  0.000000  0.322081 0.0  0.320853  0.022875  0.293345  0.397354  0.000000  0.410043  0.391073  0.611670  0.160799  0.101075  0.000000  0.013950 
18  0.049290  0.131152  0.162138  0.007877  0.933479  0.290588  0.165410  0.318391  0.255072  0.556287  0.204502  0.414784  0.468200  0.317091  0.207805  0.462649  0.283718  0.320853 0.0  0.445867  0.456146  0.171115  0.381229  0.208864  0.262425  0.291986  0.405493  0.521003  0.452255  0.521822 
19  0.324139  0.363244  0.466489  0.422667  0.540897  0.357298  0.453363  0.161911  0.251376  0.786778  0.477522  0.255387  0.074834  0.014203  0.286923  0.205441  0.346547  0.022875  0.445867 0.0  0.379886  0.495535  0.123403  0.465055  0.220094  0.771918  0.170862  0.199240  0.194739  0.118307 
20  0.292415  0.301987  0.408422  0.271459  0.852212  0.333267  0.508989  0.397814  0.444806  0.753011  0.494620  0.393249  0.445348  0.358696  0.196036  0.490095  0.000000  0.293345  0.456146  0.379886 0.0  0.616422  0.545916  0.422425  0.355096  0.628175  0.391123  0.464258  0.543888  0.511187 
21  0.045233  0.026490  0.237887  0.129299  1.000000  0.400872  0.218555  0.338495  0.496596  0.567039  0.178021  0.503633  0.486338  0.351639  0.234997  0.570936  0.295829  0.397354  0.171115  0.495535  0.616422 0.0  0.341729  0.183189  0.300706  0.479605  0.569490  0.441812  0.539682  0.507385 
22  0.435154  0.350626  0.450154  0.398830  0.681120  0.322683  0.510489  0.045974  0.321214  0.803076  0.602361  0.184952  0.208762  0.094769  0.391972  0.302643  0.359991  0.000000  0.381229  0.123403  0.545916  0.341729 0.0  0.483010  0.366233  0.603220  0.198056  0.285521  0.227451  0.394734 
23  0.117769  0.012271  0.197745  0.082659  0.859143  0.413198  0.182763  0.494581  0.380031  0.501759  0.202760  0.445130  0.491999  0.321365  0.125502  0.393022  0.314595  0.410043  0.208864  0.465055  0.422425  0.183189  0.483010 0.0  0.418755  0.461435  0.570246  0.457696  0.400971  0.445756 
24  0.562633  0.506626  0.303726  0.341899  0.697472  0.025766  0.392132  0.402040  0.124877  0.844095  0.291112  0.351658  0.332877  0.381815  0.281290  0.473806  0.371861  0.391073  0.262425  0.220094  0.355096  0.300706  0.366233  0.418755 0.0  0.530976  0.388831  0.325106  0.426950  0.355718 
25  0.312307  0.202791  0.430101  0.145289  0.713610  0.550078  0.379961  0.551754  0.587807  0.305829  0.408626  0.638483  0.734664  0.545083  0.517973  0.653985  0.520121  0.611670  0.291986  0.771918  0.628175  0.479605  0.603220  0.461435  0.530976 0.0  0.723181  0.768937  0.696420  0.605565 
26  0.415042  0.387554  0.469134  0.414517  0.625961  0.348204  0.464167  0.072159  0.379379  0.892735  0.470000  0.199234  0.173711  0.112436  0.211198  0.165172  0.270882  0.160799  0.405493  0.170862  0.391123  0.569490  0.198056  0.570246  0.388831  0.723181 0.0  0.235770  0.262904  0.240990 
27  0.298605  0.309672  0.481797  0.363336  0.484136  0.326860  0.417425  0.117152  0.288983  0.728214  0.509087  0.147948  0.247834  0.021041  0.388451  0.376638  0.401343  0.101075  0.521003  0.199240  0.464258  0.441812  0.285521  0.457696  0.325106  0.768937  0.235770 0.0  0.257151  0.207604 
28  0.329315  0.287557  0.518612  0.384219  0.601916  0.331486  0.537244  0.140184  0.349980  0.890151  0.509040  0.117671  0.207778  0.108840  0.362200  0.166950  0.328802  0.000000  0.452255  0.194739  0.543888  0.539682  0.227451  0.400971  0.426950  0.696420  0.262904  0.257151 0.0  0.177290 
29  0.348035  0.276910  0.554862  0.320430  0.700532  0.384976  0.404547  0.085883  0.385469  0.827139  0.612690  0.170679  0.261063  0.065791  0.236262  0.128812  0.355941  0.013950  0.521822  0.118307  0.511187  0.507385  0.394734  0.445756  0.355718  0.605565  0.240990  0.207604  0.177290 0.0 
