61
0 0.0  0.443128  0.567130  0.702508  0.671055  0.593087  0.680816  0.680194  0.781524  0.831739  0.728265  0.683649  0.648968  0.703813  0.587297  0.701839  0.720526  0.843814  0.788957  0.710700  0.713324  0.702777  0.633682  0.732693  0.735588  0.723483  0.755253  0.652428  0.659334  0.638964  0.652126  0.759481  0.744351  0.746344  0.604384  0.728890  0.754541  0.700486  0.645783  0.685999  0.727117  0.653188  0.742131  0.639314  0.681863  0.668599  0.713852  0.613012  0.684378  0.748098  0.690022  0.727465  0.775787  0.622950  0.665353  0.605968  0.619815  0.696745  0.754628  0.643671  0.679705 
1  0.443128 0.0  0.512277  0.540185  0.502742  0.581388  0.516723  0.562622  0.522746  0.614678  0.512693  0.553306  0.487116  0.601226  0.522703  0.518494  0.588917  0.559805  0.504556  0.506475  0.588515  0.547641  0.586890  0.441691  0.447242  0.558030  0.591721  0.534053  0.543820  0.617395  0.527209  0.548395  0.542687  0.598776  0.548516  0.627369  0.597374  0.551563  0.603038  0.608360  0.588820  0.578713  0.564377  0.602302  0.543192  0.561805  0.547630  0.522216  0.514125  0.528655  0.450824  0.549227  0.543493  0.616103  0.537216  0.558106  0.520703  0.565793  0.524828  0.567693  0.509439 
2  0.567130  0.512277 0.0  0.082401  0.169921  0.249900  0.674721  0.705436  0.798598  0.788178  0.809945  0.739830  0.718853  0.796540  0.781828  0.314078  0.265036  0.677024  0.797574  0.810971  0.288047  0.281505  0.489826  0.341445  0.702273  0.660350  0.289732  0.723188  0.159804  0.229568  0.282195  0.709772  0.514930  0.169256  0.292047  0.781741  0.867466  0.215179  0.486616  0.483204  0.745822  0.769748  0.601556  0.324026  0.960363  0.296571  0.705593  0.263907  0.207820  0.937248  0.643825  0.785725  0.839951  0.536630  0.288964  0.621584  0.290701  0.459199  0.687942  0.785626  0.449678 
3  0.702508  0.540185  0.082401 0.0  0.159193  0.309995  0.768917  0.857666  0.702114  0.781502  0.702059  0.713886  0.646276  0.793514  0.796990  0.301697  0.293124  0.758219  0.756828  0.912628  0.316462  0.281561  0.481827  0.302119  0.702351  0.665581  0.318344  0.760768  0.156638  0.201395  0.300328  0.822233  0.529697  0.168967  0.291310  0.718456  0.853437  0.216237  0.437331  0.435258  0.742375  0.923827  0.764538  0.316793  0.693965  0.318468  0.740867  0.296784  0.229372  0.689806  0.725232  0.712299  0.936976  0.551861  0.292234  0.679212  0.309835  0.521814  0.772401  0.824922  0.411566 
4  0.671055  0.502742  0.169921  0.159193 0.0  0.273605  0.834390  0.715819  0.724351  0.748540  0.808889  0.788525  0.676130  0.759566  0.661932  0.297042  0.309657  0.616584  0.596548  0.786089  0.257489  0.275431  0.466140  0.262172  0.703108  0.659391  0.282851  0.829015  0.082401  0.227550  0.293919  0.738153  0.505399  0.167072  0.258693  0.743113  0.821080  0.205823  0.468658  0.498488  0.790853  0.700928  0.616365  0.270025  0.701290  0.241883  0.744661  0.320121  0.215603  0.804117  0.698068  0.724606  0.824600  0.473416  0.281310  0.750320  0.304622  0.459761  0.836267  0.666889  0.505760 
5  0.593087  0.581388  0.249900  0.309995  0.273605 0.0  0.597891  0.806566  0.811460  0.917226  0.741513  0.922821  0.574556  0.730203  0.776495  0.291031  0.288839  0.812624  0.825638  0.857795  0.140505  0.128342  0.475808  0.314053  0.656340  0.701735  0.321321  0.702276  0.296090  0.207962  0.297460  0.944368  0.444023  0.320065  0.296940  0.917907  0.806219  0.207833  0.555428  0.490799  0.614468  0.716016  0.600433  0.082401  0.825072  0.335040  0.781433  0.082401  0.212339  0.778396  0.663466  0.805447  0.685327  0.549299  0.134830  0.803166  0.318196  0.520201  0.698663  0.747663  0.476562 
6  0.680816  0.516723  0.674721  0.768917  0.834390  0.597891 0.0  0.704326  0.082401  0.834848  0.673398  0.684581  0.652273  0.715788  0.219864  0.607238  0.747784  0.734270  0.215315  0.753422  0.656255  0.773141  0.727080  0.786064  0.693564  0.644366  0.709240  0.758920  0.739301  0.704007  0.619413  0.799171  0.760507  0.682621  0.762357  0.701508  0.683049  0.848658  0.738372  0.780951  0.791584  0.712033  0.691103  0.761569  0.843139  0.860210  0.869645  0.823382  0.718766  0.747182  0.740486  0.875682  0.831345  0.784373  0.812892  0.630030  0.812437  0.765755  0.082401  0.082401  0.748880 
7  0.680194  0.562622  0.705436  0.857666  0.715819  0.806566  0.704326 0.0  0.717119  0.781744  0.428050  0.707441  0.698700  0.846640  0.735291  0.690846  0.750187  0.796047  0.808053  0.683719  0.685067  0.719502  0.807476  0.848520  0.678677  0.716251  0.840477  0.082401  0.770859  0.658813  0.804542  0.847554  0.632743  0.729720  0.732475  0.435666  0.641459  0.770309  0.710421  0.581470  0.607522  0.818132  0.314055  0.828633  0.230153  0.802038  0.217800  0.699286  0.700790  0.738287  0.412347  0.805380  0.843418  0.868655  0.743959  0.337720  0.728491  0.572699  0.702170  0.802728  0.804478 
8  0.781524  0.522746  0.798598  0.702114  0.724351  0.811460  0.082401  0.717119 0.0  0.728957  0.807242  0.719475  0.667051  0.770632  0.225948  0.796374  0.750661  0.712297  0.214856  0.660503  0.706353  0.718068  0.766238  0.679104  0.626657  0.667922  0.746688  0.696263  0.724635  0.771029  0.779337  0.689643  0.719353  0.876757  0.769341  0.861519  0.617453  0.761744  0.674779  0.755585  0.769868  0.941733  0.663894  0.704728  0.690538  0.899880  0.731343  0.603929  0.705678  0.719829  0.773109  0.815361  0.774200  0.765752  0.877725  0.656863  0.749163  0.771110  0.082401  0.082401  0.709966 
9  0.831739  0.614678  0.788178  0.781502  0.748540  0.917226  0.834848  0.781744  0.728957 0.0  0.647013  0.888879  0.887440  0.129256  0.578109  0.799690  0.777772  0.641897  0.809101  0.176983  0.935590  0.970794  0.641326  0.714602  0.654207  0.643940  0.815284  0.711099  0.841742  0.759104  0.770802  0.982237  0.892735  0.735501  0.895059  0.787187  0.099037  0.793348  0.885171  0.772580  0.222670  0.130627  0.634213  0.683187  0.806982  0.868038  0.776179  0.727743  0.758954  0.103468  0.771591  0.353829  0.825764  0.777218  0.865075  0.694692  0.769642  0.849921  0.662546  0.768026  0.800135 
10  0.728265  0.512693  0.809945  0.702059  0.808889  0.741513  0.673398  0.428050  0.807242  0.647013 0.0  0.826931  0.524715  0.650704  0.597911  0.767401  0.739908  0.827193  0.651573  0.690866  0.791589  0.830942  0.752409  0.761242  0.696519  0.761006  0.777409  0.469340  0.740121  0.792271  0.809726  0.715764  0.781934  0.767278  0.785259  0.214137  0.709381  0.741331  0.886632  0.826111  0.747952  0.842744  0.326816  0.680119  0.454049  0.705681  0.428017  0.743952  0.706787  0.564326  0.195370  0.919672  0.735187  0.785922  0.678304  0.317156  0.815035  0.803188  0.754232  0.747345  0.767230 
11  0.683649  0.553306  0.739830  0.713886  0.788525  0.922821  0.684581  0.707441  0.719475  0.888879  0.826931 0.0  0.364589  0.835757  0.768395  0.789915  0.734408  0.245056  0.611777  0.752431  0.818280  0.812320  0.824421  0.845699  0.750653  0.662127  0.920660  0.691479  0.878120  1.000000  0.943929  0.129408  0.820324  0.734164  0.837388  0.818806  0.730779  0.749280  0.884490  0.742942  0.744778  0.946750  0.717833  0.865047  0.942824  0.680277  0.786774  0.687069  0.753578  0.757412  0.818332  0.833343  0.130835  0.694997  0.820577  0.606087  0.854094  0.842095  0.640631  0.689538  0.752335 
12  0.648968  0.487116  0.718853  0.646276  0.676130  0.574556  0.652273  0.698700  0.667051  0.887440  0.524715  0.364589 0.0  0.723711  0.794449  0.692156  0.746350  0.448728  0.802611  0.732473  0.808028  0.752019  0.778691  0.840876  0.680478  0.703804  0.681537  0.798479  0.713361  0.813124  0.815974  0.491844  0.799242  0.752488  0.796896  0.453902  0.751398  0.714633  0.730149  0.820686  0.731619  0.773437  0.641125  0.771177  0.688881  0.786760  0.841038  0.847410  0.743404  0.677676  0.547992  0.792850  0.470547  0.694469  0.716671  0.740323  0.738050  0.692036  0.785794  0.654622  0.771101 
13  0.703813  0.601226  0.796540  0.793514  0.759566  0.730203  0.715788  0.846640  0.770632  0.129256  0.650704  0.835757  0.723711 0.0  0.672023  0.849911  0.743023  0.666909  0.702535  0.173472  0.840832  0.925833  0.861553  0.851871  0.661397  0.593734  0.751194  0.765944  0.818996  0.784995  0.831324  0.893440  0.703356  0.919838  0.778434  0.781801  0.148921  0.843474  0.794172  0.842977  0.226003  0.095533  0.740343  0.803357  0.752491  0.847912  0.823398  0.702119  0.715572  0.160748  0.859904  0.309814  0.823986  0.724779  0.804992  0.703708  0.650042  0.772069  0.589705  0.777616  0.745151 
14  0.587297  0.522703  0.781828  0.796990  0.661932  0.776495  0.219864  0.735291  0.225948  0.578109  0.597911  0.768395  0.794449  0.672023 0.0  0.713746  0.726646  0.764955  0.082401  0.739197  0.792871  0.814728  0.898797  0.797622  0.623267  0.657944  0.772199  0.768088  0.757714  0.673500  0.749747  0.664811  0.800505  0.771485  0.673160  0.758082  0.916918  0.778744  0.715266  0.750230  0.628225  0.802890  0.663027  0.672404  0.739123  0.774853  0.663876  0.839929  0.664781  0.657964  0.829063  0.778417  0.788633  0.758862  0.770881  0.603266  0.817041  0.650700  0.201876  0.217429  0.777901 
15  0.701839  0.518494  0.314078  0.301697  0.297042  0.291031  0.607238  0.690846  0.796374  0.799690  0.767401  0.789915  0.692156  0.849911  0.713746 0.0  0.171599  0.739239  0.669871  0.808840  0.304555  0.302055  0.505542  0.314737  0.672766  0.654697  0.165521  0.719419  0.324635  0.222474  0.298483  0.837271  0.522783  0.301400  0.167855  0.656821  0.779500  0.213828  0.412147  0.491456  0.823611  0.829228  0.606186  0.299329  0.682126  0.166242  0.785799  0.270798  0.199226  0.835873  0.699746  0.781663  0.888434  0.517081  0.299544  0.714472  0.176766  0.462403  0.781138  0.719564  0.469853 
16  0.720526  0.588917  0.265036  0.293124  0.309657  0.288839  0.747784  0.750187  0.750661  0.777772  0.739908  0.734408  0.746350  0.743023  0.726646  0.171599 0.0  0.839482  0.904133  0.872119  0.323520  0.305336  0.498663  0.304546  0.759169  0.624127  0.199883  0.922001  0.302885  0.204422  0.248199  0.764958  0.492719  0.278749  0.172816  0.819798  0.763615  0.208955  0.486292  0.487712  0.751839  0.845378  0.692121  0.340050  0.689748  0.207363  0.661092  0.313991  0.211381  0.905434  0.801582  0.857709  0.807873  0.549251  0.381771  0.730738  0.082401  0.568518  0.759652  0.818489  0.530015 
17  0.843814  0.559805  0.677024  0.758219  0.616584  0.812624  0.734270  0.796047  0.712297  0.641897  0.827193  0.245056  0.448728  0.666909  0.764955  0.739239  0.839482 0.0  0.795746  0.795123  0.722282  0.895773  0.670358  0.843103  0.722277  0.723484  0.733673  0.905925  0.733582  0.769785  0.756620  0.225848  0.731970  0.820798  0.814589  0.799639  0.731413  0.837634  0.656165  0.711506  0.762798  0.720783  0.675260  0.671927  0.764089  0.699539  0.724563  0.681777  0.841550  0.765410  0.871840  0.858293  0.222572  0.828205  0.902811  0.588153  0.702638  0.790849  0.835806  0.794073  0.736571 
18  0.788957  0.504556  0.797574  0.756828  0.596548  0.825638  0.215315  0.808053  0.214856  0.809101  0.651573  0.611777  0.802611  0.702535  0.082401  0.669871  0.904133  0.795746 0.0  0.675958  0.711235  0.674851  0.859698  0.816132  0.707000  0.656715  0.886433  0.836114  0.852748  0.746370  0.936152  0.735921  0.722989  0.640196  0.703369  0.744344  0.764529  0.731787  0.805259  0.674482  0.828509  0.703951  0.707805  0.845164  0.656894  0.699155  0.820221  0.728810  0.785873  0.683575  0.782886  0.907020  0.674666  0.847316  0.660066  0.743806  0.689677  0.690480  0.231351  0.215856  0.819257 
19  0.710700  0.506475  0.810971  0.912628  0.786089  0.857795  0.753422  0.683719  0.660503  0.176983  0.690866  0.752431  0.732473  0.173472  0.739197  0.808840  0.872119  0.795123  0.675958 0.0  0.918478  0.663506  0.694037  0.827338  0.621617  0.634357  0.697303  0.663907  0.802649  0.843934  0.699899  0.751029  0.850554  0.906168  0.867910  0.649925  0.158087  0.815638  0.720109  0.684732  0.222370  0.148119  0.741674  0.750460  0.721563  0.740582  0.759228  0.714770  0.780884  0.171340  0.741649  0.289392  0.726811  0.812127  0.857320  0.622932  0.768032  0.760134  0.848438  0.823497  0.864612 
20  0.713324  0.588515  0.288047  0.316462  0.257489  0.140505  0.656255  0.685067  0.706353  0.935590  0.791589  0.818280  0.808028  0.840832  0.792871  0.304555  0.323520  0.722282  0.711235  0.918478 0.0  0.130899  0.511351  0.289229  0.642664  0.604030  0.330541  0.692964  0.277866  0.199698  0.308766  0.815451  0.525674  0.300653  0.294992  0.692592  0.858654  0.205112  0.538395  0.527377  0.853349  0.724345  0.684128  0.128450  0.766885  0.328517  0.723642  0.129405  0.219451  0.918246  0.777802  0.717678  0.842837  0.510860  0.125227  0.689464  0.334396  0.511237  0.768697  0.822695  0.473541 
21  0.702777  0.547641  0.281505  0.281561  0.275431  0.128342  0.773141  0.719502  0.718068  0.970794  0.830942  0.812320  0.752019  0.925833  0.814728  0.302055  0.305336  0.895773  0.674851  0.663506  0.130899 0.0  0.472148  0.265960  0.668231  0.731974  0.327287  0.763599  0.290726  0.212992  0.280030  0.938307  0.505669  0.287256  0.306765  0.730179  0.791123  0.247390  0.471992  0.554038  0.785358  0.903414  0.771276  0.126314  0.697516  0.342495  0.661299  0.134326  0.208154  0.783390  0.812944  0.815652  0.823236  0.467286  0.136145  0.730152  0.360589  0.528349  0.669347  0.790088  0.528967 
22  0.633682  0.586890  0.489826  0.481827  0.466140  0.475808  0.727080  0.807476  0.766238  0.641326  0.752409  0.824421  0.778691  0.861553  0.898797  0.505542  0.498663  0.670358  0.859698  0.694037  0.511351  0.472148 0.0  0.485287  0.696575  0.796271  0.515744  0.738122  0.472580  0.419977  0.464727  0.774114  0.289642  0.473852  0.463865  0.720913  0.844785  0.448074  0.222184  0.302935  0.787711  0.866315  0.729125  0.543739  0.628656  0.491735  0.580992  0.420341  0.414709  0.789084  0.729489  0.769267  0.966195  0.228564  0.513061  0.602704  0.497566  0.362054  0.797969  0.826535  0.136014 
23  0.732693  0.441691  0.341445  0.302119  0.262172  0.314053  0.786064  0.848520  0.679104  0.714602  0.761242  0.845699  0.840876  0.851871  0.797622  0.314737  0.304546  0.843103  0.816132  0.827338  0.289229  0.265960  0.485287 0.0  0.660742  0.749875  0.272368  0.662248  0.283497  0.217918  0.158711  0.829000  0.461101  0.260312  0.315417  0.763538  0.788762  0.202184  0.525935  0.427942  0.714468  0.779031  0.633399  0.299289  0.863376  0.289601  0.662723  0.259608  0.213164  0.834621  0.896083  0.827857  0.666143  0.509503  0.274719  0.560080  0.297557  0.492538  0.694154  0.735159  0.482275 
24  0.735588  0.447242  0.702273  0.702351  0.703108  0.656340  0.693564  0.678677  0.626657  0.654207  0.696519  0.750653  0.680478  0.661397  0.623267  0.672766  0.759169  0.722277  0.707000  0.621617  0.642664  0.668231  0.696575  0.660742 0.0  0.082401  0.790660  0.765203  0.783482  0.695371  0.558105  0.682868  0.818016  0.702894  0.681018  0.687540  0.763842  0.734110  0.807655  0.691095  0.612558  0.675750  0.691809  0.569455  0.690214  0.734568  0.674337  0.654605  0.694557  0.748201  0.816669  0.704746  0.673356  0.687977  0.634900  0.749193  0.631127  0.645897  0.646084  0.725390  0.616248 
25  0.723483  0.558030  0.660350  0.665581  0.659391  0.701735  0.644366  0.716251  0.667922  0.643940  0.761006  0.662127  0.703804  0.593734  0.657944  0.654697  0.624127  0.723484  0.656715  0.634357  0.604030  0.731974  0.796271  0.749875  0.082401 0.0  0.707107  0.773185  0.704560  0.655162  0.717479  0.726658  0.679106  0.691928  0.742455  0.657873  0.676056  0.676525  0.815566  0.744817  0.679954  0.673955  0.717767  0.691878  0.702995  0.753491  0.682811  0.651721  0.651708  0.772523  0.814545  0.622194  0.809894  0.702515  0.625160  0.668968  0.611842  0.728939  0.635858  0.634757  0.719464 
26  0.755253  0.591721  0.289732  0.318344  0.282851  0.321321  0.709240  0.840477  0.746688  0.815284  0.777409  0.920660  0.681537  0.751194  0.772199  0.165521  0.199883  0.733673  0.886433  0.697303  0.330541  0.327287  0.515744  0.272368  0.790660  0.707107 0.0  0.817253  0.253442  0.219691  0.300028  0.726055  0.485637  0.250956  0.162331  0.853935  0.917865  0.240653  0.611641  0.464812  0.748769  0.750264  0.602591  0.322664  0.774847  0.134900  0.645563  0.368341  0.224227  0.895985  0.805652  0.836155  0.818044  0.561812  0.332559  0.681468  0.223642  0.607084  0.767775  0.739673  0.467005 
27  0.652428  0.534053  0.723188  0.760768  0.829015  0.702276  0.758920  0.082401  0.696263  0.711099  0.469340  0.691479  0.798479  0.765944  0.768088  0.719419  0.922001  0.905925  0.836114  0.663907  0.692964  0.763599  0.738122  0.662248  0.765203  0.773185  0.817253 0.0  0.772338  0.778277  0.705490  0.787774  0.685498  0.771973  0.743896  0.476458  0.724813  0.858796  0.728028  0.555739  0.635651  0.661638  0.338579  0.686963  0.215407  0.805152  0.199654  0.657517  0.768544  0.780240  0.434492  0.775635  0.718660  0.753323  0.724856  0.336407  0.752866  0.618607  0.724893  0.727520  0.738586 
28  0.659334  0.543820  0.159804  0.156638  0.082401  0.296090  0.739301  0.770859  0.724635  0.841742  0.740121  0.878120  0.713361  0.818996  0.757714  0.324635  0.302885  0.733582  0.852748  0.802649  0.277866  0.290726  0.472580  0.283497  0.783482  0.704560  0.253442  0.772338 0.0  0.214748  0.277985  0.853237  0.447547  0.167683  0.260980  0.919285  0.726284  0.230212  0.499533  0.500997  0.753304  0.691161  0.672311  0.290245  0.778706  0.297732  0.788288  0.297988  0.199158  0.648278  0.778975  0.740254  0.813644  0.454096  0.284436  0.603495  0.258806  0.482488  0.718538  0.773962  0.469979 
29  0.638964  0.617395  0.229568  0.201395  0.227550  0.207962  0.704007  0.658813  0.771029  0.759104  0.792271  1.000000  0.813124  0.784995  0.673500  0.222474  0.204422  0.769785  0.746370  0.843934  0.199698  0.212992  0.419977  0.217918  0.695371  0.655162  0.219691  0.778277  0.214748 0.0  0.211465  0.821665  0.459151  0.195268  0.225111  0.802517  0.848554  0.227016  0.463256  0.373146  0.733921  0.599824  0.571375  0.221842  0.736253  0.224786  0.795512  0.208875  0.225237  0.708011  0.805183  0.729629  0.721540  0.423888  0.207271  0.733473  0.198663  0.319008  0.901981  0.666932  0.417967 
30  0.652126  0.527209  0.282195  0.300328  0.293919  0.297460  0.619413  0.804542  0.779337  0.770802  0.809726  0.943929  0.815974  0.831324  0.749747  0.298483  0.248199  0.756620  0.936152  0.699899  0.308766  0.280030  0.464727  0.158711  0.558105  0.717479  0.300028  0.705490  0.277985  0.211465 0.0  0.703883  0.530528  0.278833  0.314180  0.757091  0.733144  0.233270  0.443621  0.536197  0.692881  0.739317  0.662009  0.268005  0.789391  0.285507  0.765233  0.272951  0.224362  0.786337  0.695236  0.906022  0.799276  0.457738  0.291097  0.716970  0.252340  0.531676  0.741784  0.765390  0.455131 
31  0.759481  0.548395  0.709772  0.822233  0.738153  0.944368  0.799171  0.847554  0.689643  0.982237  0.715764  0.129408  0.491844  0.893440  0.664811  0.837271  0.764958  0.225848  0.735921  0.751029  0.815451  0.938307  0.774114  0.829000  0.682868  0.726658  0.726055  0.787774  0.853237  0.821665  0.703883 0.0  0.761765  0.731783  0.869972  0.667094  0.790462  0.705614  0.866147  0.840629  0.728220  0.786631  0.709705  0.931337  0.879397  0.840114  0.826893  0.897133  0.708159  0.768617  0.749189  0.802786  0.133285  0.821104  0.710947  0.716769  0.838389  0.756592  0.721388  0.703237  0.713510 
32  0.744351  0.542687  0.514930  0.529697  0.505399  0.444023  0.760507  0.632743  0.719353  0.892735  0.781934  0.820324  0.799242  0.703356  0.800505  0.522783  0.492719  0.731970  0.722989  0.850554  0.525674  0.505669  0.289642  0.461101  0.818016  0.679106  0.485637  0.685498  0.447547  0.459151  0.530528  0.761765 0.0  0.531955  0.477066  0.753863  0.703392  0.464403  0.316030  0.163483  0.660382  0.751029  0.702810  0.470232  0.823127  0.408513  0.744722  0.457786  0.480217  0.826418  0.819584  0.669245  0.944751  0.313302  0.541079  0.652829  0.455454  0.156878  0.670555  0.794672  0.308480 
33  0.746344  0.598776  0.169256  0.168967  0.167072  0.320065  0.682621  0.729720  0.876757  0.735501  0.767278  0.734164  0.752488  0.919838  0.771485  0.301400  0.278749  0.820798  0.640196  0.906168  0.300653  0.287256  0.473852  0.260312  0.702894  0.691928  0.250956  0.771973  0.167683  0.195268  0.278833  0.731783  0.531955 0.0  0.297034  0.793501  0.783536  0.223072  0.476537  0.471228  0.724632  0.757301  0.664729  0.336583  0.739967  0.284367  0.755203  0.274390  0.235330  0.734866  0.823696  0.682677  0.826146  0.501143  0.290740  0.618768  0.327942  0.584878  0.698199  0.709388  0.473308 
34  0.604384  0.548516  0.292047  0.291310  0.258693  0.296940  0.762357  0.732475  0.769341  0.895059  0.785259  0.837388  0.796896  0.778434  0.673160  0.167855  0.172816  0.814589  0.703369  0.867910  0.294992  0.306765  0.463865  0.315417  0.681018  0.742455  0.162331  0.743896  0.260980  0.225111  0.314180  0.869972  0.477066  0.297034 0.0  0.710235  0.808944  0.225501  0.474582  0.471735  0.698828  0.826649  0.592404  0.312716  0.783558  0.183371  0.756196  0.313147  0.207019  0.818576  0.734895  0.702550  0.700203  0.510633  0.310052  0.664495  0.174016  0.440553  0.678944  0.774150  0.555694 
35  0.728890  0.627369  0.781741  0.718456  0.743113  0.917907  0.701508  0.435666  0.861519  0.787187  0.214137  0.818806  0.453902  0.781801  0.758082  0.656821  0.819798  0.799639  0.744344  0.649925  0.692592  0.730179  0.720913  0.763538  0.687540  0.657873  0.853935  0.476458  0.919285  0.802517  0.757091  0.667094  0.753863  0.793501  0.710235 0.0  0.847303  0.689040  0.777694  0.913635  0.697877  0.752311  0.297983  0.958527  0.374969  0.802277  0.438939  0.692900  0.807384  0.728164  0.239619  0.690030  0.659354  0.761583  0.800292  0.308926  0.648133  0.713821  0.855727  0.823119  0.718611 
36  0.754541  0.597374  0.867466  0.853437  0.821080  0.806219  0.683049  0.641459  0.617453  0.099037  0.709381  0.730779  0.751398  0.148921  0.916918  0.779500  0.763615  0.731413  0.764529  0.158087  0.858654  0.791123  0.844785  0.788762  0.763842  0.676056  0.917865  0.724813  0.726284  0.848554  0.733144  0.790462  0.703392  0.783536  0.808944  0.847303 0.0  0.685274  0.864609  0.832420  0.215863  0.158697  0.702662  0.713638  0.757714  0.870638  0.685852  0.841282  0.798440  0.095156  0.639530  0.327698  0.868572  0.792145  0.766932  0.769517  0.749256  0.825938  0.708541  0.765243  0.880756 
37  0.700486  0.551563  0.215179  0.216237  0.205823  0.207833  0.848658  0.770309  0.761744  0.793348  0.741331  0.749280  0.714633  0.843474  0.778744  0.213828  0.208955  0.837634  0.731787  0.815638  0.205112  0.247390  0.448074  0.202184  0.734110  0.676525  0.240653  0.858796  0.230212  0.227016  0.233270  0.705614  0.464403  0.223072  0.225501  0.689040  0.685274 0.0  0.478660  0.420136  0.781078  0.603693  0.726170  0.226317  0.840528  0.239264  0.742842  0.223515  0.219536  0.677604  0.757570  0.688327  0.794141  0.420570  0.219818  0.611436  0.200663  0.454821  0.851736  0.812013  0.317595 
38  0.645783  0.603038  0.486616  0.437331  0.468658  0.555428  0.738372  0.710421  0.674779  0.885171  0.886632  0.884490  0.730149  0.794172  0.715266  0.412147  0.486292  0.656165  0.805259  0.720109  0.538395  0.471992  0.222184  0.525935  0.807655  0.815566  0.611641  0.728028  0.499533  0.463256  0.443621  0.866147  0.316030  0.476537  0.474582  0.777694  0.864609  0.478660 0.0  0.307715  0.700950  0.921908  0.618271  0.524388  0.553931  0.545739  0.541127  0.528240  0.470532  0.742937  0.562819  0.727065  0.754807  0.082401  0.494594  0.578770  0.485942  0.360819  0.710255  0.816954  0.226151 
39  0.685999  0.608360  0.483204  0.435258  0.498488  0.490799  0.780951  0.581470  0.755585  0.772580  0.826111  0.742942  0.820686  0.842977  0.750230  0.491456  0.487712  0.711506  0.674482  0.684732  0.527377  0.554038  0.302935  0.427942  0.691095  0.744817  0.464812  0.555739  0.500997  0.373146  0.536197  0.840629  0.163483  0.471228  0.471735  0.913635  0.832420  0.420136  0.307715 0.0  0.596928  0.754090  0.687536  0.515134  0.836637  0.558605  0.694211  0.576276  0.372519  0.724151  0.725263  0.845619  0.765414  0.361402  0.551944  0.807238  0.476041  0.122101  0.710686  0.638822  0.335340 
40  0.727117  0.588820  0.745822  0.742375  0.790853  0.614468  0.791584  0.607522  0.769868  0.222670  0.747952  0.744778  0.731619  0.226003  0.628225  0.823611  0.751839  0.762798  0.828509  0.222370  0.853349  0.785358  0.787711  0.714468  0.612558  0.679954  0.748769  0.635651  0.753304  0.733921  0.692881  0.728220  0.660382  0.724632  0.698828  0.697877  0.215863  0.781078  0.700950  0.596928 0.0  0.209422  0.687226  0.819424  0.664966  0.870833  0.871497  0.823556  0.749980  0.226167  0.755637  0.213879  0.714510  0.719606  0.732256  0.697749  0.781187  0.623750  0.782414  0.820059  0.745976 
41  0.653188  0.578713  0.769748  0.923827  0.700928  0.716016  0.712033  0.818132  0.941733  0.130627  0.842744  0.946750  0.773437  0.095533  0.802890  0.829228  0.845378  0.720783  0.703951  0.148119  0.724345  0.903414  0.866315  0.779031  0.675750  0.673955  0.750264  0.661638  0.691161  0.599824  0.739317  0.786631  0.751029  0.757301  0.826649  0.752311  0.158697  0.603693  0.921908  0.754090  0.209422 0.0  0.665410  0.726934  0.840833  0.727034  0.899475  0.788266  0.669478  0.145656  0.743407  0.291176  0.735085  0.823074  0.994692  0.744966  0.801800  0.818067  0.724612  0.727901  0.853157 
42  0.742131  0.564377  0.601556  0.764538  0.616365  0.600433  0.691103  0.314055  0.663894  0.634213  0.326816  0.717833  0.641125  0.740343  0.663027  0.606186  0.692121  0.675260  0.707805  0.741674  0.684128  0.771276  0.729125  0.633399  0.691809  0.717767  0.602591  0.338579  0.672311  0.571375  0.662009  0.709705  0.702810  0.664729  0.592404  0.297983  0.702662  0.726170  0.618271  0.687536  0.687226  0.665410 0.0  0.713107  0.335583  0.651864  0.346806  0.719732  0.674689  0.583144  0.303946  0.680994  0.648260  0.739228  0.648125  0.082401  0.670869  0.677969  0.599776  0.760989  0.756093 
43  0.639314  0.602302  0.324026  0.316793  0.270025  0.082401  0.761569  0.828633  0.704728  0.683187  0.680119  0.865047  0.771177  0.803357  0.672404  0.299329  0.340050  0.671927  0.845164  0.750460  0.128450  0.126314  0.543739  0.299289  0.569455  0.691878  0.322664  0.686963  0.290245  0.221842  0.268005  0.931337  0.470232  0.336583  0.312716  0.958527  0.713638  0.226317  0.524388  0.515134  0.819424  0.726934  0.713107 0.0  0.756865  0.340216  0.688439  0.082401  0.225209  0.804434  0.758721  0.751805  0.935024  0.531625  0.127112  0.564797  0.337336  0.579028  0.663218  0.886784  0.531430 
44  0.681863  0.543192  0.960363  0.693965  0.701290  0.825072  0.843139  0.230153  0.690538  0.806982  0.454049  0.942824  0.688881  0.752491  0.739123  0.682126  0.689748  0.764089  0.656894  0.721563  0.766885  0.697516  0.628656  0.863376  0.690214  0.702995  0.774847  0.215407  0.778706  0.736253  0.789391  0.879397  0.823127  0.739967  0.783558  0.374969  0.757714  0.840528  0.553931  0.836637  0.664966  0.840833  0.335583  0.756865 0.0  0.680266  0.082401  0.741411  0.710926  0.593427  0.488453  0.748817  0.694750  0.609029  0.657061  0.350771  0.666468  0.688472  0.787173  0.823249  0.658888 
45  0.668599  0.561805  0.296571  0.318468  0.241883  0.335040  0.860210  0.802038  0.899880  0.868038  0.705681  0.680277  0.786760  0.847912  0.774853  0.166242  0.207363  0.699539  0.699155  0.740582  0.328517  0.342495  0.491735  0.289601  0.734568  0.753491  0.134900  0.805152  0.297732  0.224786  0.285507  0.840114  0.408513  0.284367  0.183371  0.802277  0.870638  0.239264  0.545739  0.558605  0.870833  0.727034  0.651864  0.340216  0.680266 0.0  0.848761  0.351527  0.213858  0.741110  0.762522  0.766672  0.710883  0.542545  0.335664  0.742043  0.223568  0.485430  0.723857  0.828222  0.529618 
46  0.713852  0.547630  0.705593  0.740867  0.744661  0.781433  0.869645  0.217800  0.731343  0.776179  0.428017  0.786774  0.841038  0.823398  0.663876  0.785799  0.661092  0.724563  0.820221  0.759228  0.723642  0.661299  0.580992  0.662723  0.674337  0.682811  0.645563  0.199654  0.788288  0.795512  0.765233  0.826893  0.744722  0.755203  0.756196  0.438939  0.685852  0.742842  0.541127  0.694211  0.871497  0.899475  0.346806  0.688439  0.082401  0.848761 0.0  0.890666  0.694307  0.802249  0.357955  0.693757  0.789474  0.642753  0.800932  0.352269  0.656268  0.793062  0.841668  0.671249  0.694041 
47  0.613012  0.522216  0.263907  0.296784  0.320121  0.082401  0.823382  0.699286  0.603929  0.727743  0.743952  0.687069  0.847410  0.702119  0.839929  0.270798  0.313991  0.681777  0.728810  0.714770  0.129405  0.134326  0.420341  0.259608  0.654605  0.651721  0.368341  0.657517  0.297988  0.208875  0.272951  0.897133  0.457786  0.274390  0.313147  0.692900  0.841282  0.223515  0.528240  0.576276  0.823556  0.788266  0.719732  0.082401  0.741411  0.351527  0.890666 0.0  0.231227  0.916165  0.786074  0.658399  0.958042  0.505770  0.132317  0.738710  0.360000  0.457624  0.706887  0.652529  0.482389 
48  0.684378  0.514125  0.207820  0.229372  0.215603  0.212339  0.718766  0.700790  0.705678  0.758954  0.706787  0.753578  0.743404  0.715572  0.664781  0.199226  0.211381  0.841550  0.785873  0.780884  0.219451  0.208154  0.414709  0.213164  0.694557  0.651708  0.224227  0.768544  0.199158  0.225237  0.224362  0.708159  0.480217  0.235330  0.207019  0.807384  0.798440  0.219536  0.470532  0.372519  0.749980  0.669478  0.674689  0.225209  0.710926  0.213858  0.694307  0.231227 0.0  0.750902  0.737298  0.798691  0.800123  0.460846  0.227688  0.629606  0.224742  0.471179  0.795164  0.734612  0.481994 
49  0.748098  0.528655  0.937248  0.689806  0.804117  0.778396  0.747182  0.738287  0.719829  0.103468  0.564326  0.757412  0.677676  0.160748  0.657964  0.835873  0.905434  0.765410  0.683575  0.171340  0.918246  0.783390  0.789084  0.834621  0.748201  0.772523  0.895985  0.780240  0.648278  0.708011  0.786337  0.768617  0.826418  0.734866  0.818576  0.728164  0.095156  0.677604  0.742937  0.724151  0.226167  0.145656  0.583144  0.804434  0.593427  0.741110  0.802249  0.916165  0.750902 0.0  0.686682  0.277921  0.856617  0.795877  0.748857  0.674188  0.794628  0.875357  0.784728  0.723713  0.804750 
50  0.690022  0.450824  0.643825  0.725232  0.698068  0.663466  0.740486  0.412347  0.773109  0.771591  0.195370  0.818332  0.547992  0.859904  0.829063  0.699746  0.801582  0.871840  0.782886  0.741649  0.777802  0.812944  0.729489  0.896083  0.816669  0.814545  0.805652  0.434492  0.778975  0.805183  0.695236  0.749189  0.819584  0.823696  0.734895  0.239619  0.639530  0.757570  0.562819  0.725263  0.755637  0.743407  0.303946  0.758721  0.488453  0.762522  0.357955  0.786074  0.737298  0.686682 0.0  0.845307  0.784183  0.854183  0.618197  0.344334  0.767099  0.665798  0.855211  0.777899  0.687614 
51  0.727465  0.549227  0.785725  0.712299  0.724606  0.805447  0.875682  0.805380  0.815361  0.353829  0.919672  0.833343  0.792850  0.309814  0.778417  0.781663  0.857709  0.858293  0.907020  0.289392  0.717678  0.815652  0.769267  0.827857  0.704746  0.622194  0.836155  0.775635  0.740254  0.729629  0.906022  0.802786  0.669245  0.682677  0.702550  0.690030  0.327698  0.688327  0.727065  0.845619  0.213879  0.291176  0.680994  0.751805  0.748817  0.766672  0.693757  0.658399  0.798691  0.277921  0.845307 0.0  0.709334  0.913209  0.787493  0.682622  0.774582  0.760613  0.742969  0.734674  0.861133 
52  0.775787  0.543493  0.839951  0.936976  0.824600  0.685327  0.831345  0.843418  0.774200  0.825764  0.735187  0.130835  0.470547  0.823986  0.788633  0.888434  0.807873  0.222572  0.674666  0.726811  0.842837  0.823236  0.966195  0.666143  0.673356  0.809894  0.818044  0.718660  0.813644  0.721540  0.799276  0.133285  0.944751  0.826146  0.700203  0.659354  0.868572  0.794141  0.754807  0.765414  0.714510  0.735085  0.648260  0.935024  0.694750  0.710883  0.789474  0.958042  0.800123  0.856617  0.784183  0.709334 0.0  0.909946  0.832358  0.632783  0.885493  0.743809  0.676673  0.677599  0.946257 
53  0.622950  0.616103  0.536630  0.551861  0.473416  0.549299  0.784373  0.868655  0.765752  0.777218  0.785922  0.694997  0.694469  0.724779  0.758862  0.517081  0.549251  0.828205  0.847316  0.812127  0.510860  0.467286  0.228564  0.509503  0.687977  0.702515  0.561812  0.753323  0.454096  0.423888  0.457738  0.821104  0.313302  0.501143  0.510633  0.761583  0.792145  0.420570  0.082401  0.361402  0.719606  0.823074  0.739228  0.531625  0.609029  0.542545  0.642753  0.505770  0.460846  0.795877  0.854183  0.913209  0.909946 0.0  0.454409  0.680464  0.537900  0.353157  0.760802  0.744726  0.197098 
54  0.665353  0.537216  0.288964  0.292234  0.281310  0.134830  0.812892  0.743959  0.877725  0.865075  0.678304  0.820577  0.716671  0.804992  0.770881  0.299544  0.381771  0.902811  0.660066  0.857320  0.125227  0.136145  0.513061  0.274719  0.634900  0.625160  0.332559  0.724856  0.284436  0.207271  0.291097  0.710947  0.541079  0.290740  0.310052  0.800292  0.766932  0.219818  0.494594  0.551944  0.732256  0.994692  0.648125  0.127112  0.657061  0.335664  0.800932  0.132317  0.227688  0.748857  0.618197  0.787493  0.832358  0.454409 0.0  0.815332  0.316947  0.547580  0.910950  0.789859  0.500736 
55  0.605968  0.558106  0.621584  0.679212  0.750320  0.803166  0.630030  0.337720  0.656863  0.694692  0.317156  0.606087  0.740323  0.703708  0.603266  0.714472  0.730738  0.588153  0.743806  0.622932  0.689464  0.730152  0.602704  0.560080  0.749193  0.668968  0.681468  0.336407  0.603495  0.733473  0.716970  0.716769  0.652829  0.618768  0.664495  0.308926  0.769517  0.611436  0.578770  0.807238  0.697749  0.744966  0.082401  0.564797  0.350771  0.742043  0.352269  0.738710  0.629606  0.674188  0.344334  0.682622  0.632783  0.680464  0.815332 0.0  0.803641  0.720078  0.607049  0.638914  0.752854 
56  0.619815  0.520703  0.290701  0.309835  0.304622  0.318196  0.812437  0.728491  0.749163  0.769642  0.815035  0.854094  0.738050  0.650042  0.817041  0.176766  0.082401  0.702638  0.689677  0.768032  0.334396  0.360589  0.497566  0.297557  0.631127  0.611842  0.223642  0.752866  0.258806  0.198663  0.252340  0.838389  0.455454  0.327942  0.174016  0.648133  0.749256  0.200663  0.485942  0.476041  0.781187  0.801800  0.670869  0.337336  0.666468  0.223568  0.656268  0.360000  0.224742  0.794628  0.767099  0.774582  0.885493  0.537900  0.316947  0.803641 0.0  0.472708  0.638037  0.708050  0.530684 
57  0.696745  0.565793  0.459199  0.521814  0.459761  0.520201  0.765755  0.572699  0.771110  0.849921  0.803188  0.842095  0.692036  0.772069  0.650700  0.462403  0.568518  0.790849  0.690480  0.760134  0.511237  0.528349  0.362054  0.492538  0.645897  0.728939  0.607084  0.618607  0.482488  0.319008  0.531676  0.756592  0.156878  0.584878  0.440553  0.713821  0.825938  0.454821  0.360819  0.122101  0.623750  0.818067  0.677969  0.579028  0.688472  0.485430  0.793062  0.457624  0.471179  0.875357  0.665798  0.760613  0.743809  0.353157  0.547580  0.720078  0.472708 0.0  0.796975  0.902819  0.328181 
58  0.754628  0.524828  0.687942  0.772401  0.836267  0.698663  0.082401  0.702170  0.082401  0.662546  0.754232  0.640631  0.785794  0.589705  0.201876  0.781138  0.759652  0.835806  0.231351  0.848438  0.768697  0.669347  0.797969  0.694154  0.646084  0.635858  0.767775  0.724893  0.718538  0.901981  0.741784  0.721388  0.670555  0.698199  0.678944  0.855727  0.708541  0.851736  0.710255  0.710686  0.782414  0.724612  0.599776  0.663218  0.787173  0.723857  0.841668  0.706887  0.795164  0.784728  0.855211  0.742969  0.676673  0.760802  0.910950  0.607049  0.638037  0.796975 0.0  0.082401  0.693983 
59  0.643671  0.567693  0.785626  0.824922  0.666889  0.747663  0.082401  0.802728  0.082401  0.768026  0.747345  0.689538  0.654622  0.777616  0.217429  0.719564  0.818489  0.794073  0.215856  0.823497  0.822695  0.790088  0.826535  0.735159  0.725390  0.634757  0.739673  0.727520  0.773962  0.666932  0.765390  0.703237  0.794672  0.709388  0.774150  0.823119  0.765243  0.812013  0.816954  0.638822  0.820059  0.727901  0.760989  0.886784  0.823249  0.828222  0.671249  0.652529  0.734612  0.723713  0.777899  0.734674  0.677599  0.744726  0.789859  0.638914  0.708050  0.902819  0.082401 0.0  0.646219 
60  0.679705  0.509439  0.449678  0.411566  0.505760  0.476562  0.748880  0.804478  0.709966  0.800135  0.767230  0.752335  0.771101  0.745151  0.777901  0.469853  0.530015  0.736571  0.819257  0.864612  0.473541  0.528967  0.136014  0.482275  0.616248  0.719464  0.467005  0.738586  0.469979  0.417967  0.455131  0.713510  0.308480  0.473308  0.555694  0.718611  0.880756  0.317595  0.226151  0.335340  0.745976  0.853157  0.756093  0.531430  0.658888  0.529618  0.694041  0.482389  0.481994  0.804750  0.687614  0.861133  0.946257  0.197098  0.500736  0.752854  0.530684  0.328181  0.693983  0.646219 0.0 
