61
0 0.0  0.503337  0.704127  0.692126  0.684117  0.732841  0.719645  0.794949  0.734023  0.715322  0.721512  0.751517  0.796002  0.814579  0.748569  0.731406  0.694619  0.687423  0.660863  0.701753  0.618067  0.701541  0.790786  0.623694  0.751933  0.703188  0.702711  0.680902  0.634839  0.717861  0.706034  0.775514  0.629210  0.762992  0.746406  0.721518  0.758691  0.722926  0.706468  0.734065  0.615709  0.820272  0.863330  0.681068  0.715664  0.801912  0.811525  0.809514  0.774621  0.650550  0.729351  0.757205  0.627884  0.773126  0.664382  0.594817  0.807816  0.842116  0.829932  0.801479  0.674714 
1  0.503337 0.0  0.483044  0.524533  0.624198  0.521900  0.548163  0.546273  0.623062  0.643051  0.554506  0.397078  0.612653  0.590605  0.691970  0.535645  0.627876  0.536623  0.543374  0.588593  0.613775  0.580447  0.615510  0.566643  0.641441  0.476754  0.528610  0.570131  0.572244  0.588622  0.652044  0.601911  0.513639  0.575734  0.553387  0.586418  0.495015  0.518846  0.538110  0.630386  0.576613  0.583794  0.600581  0.511746  0.639516  0.614408  0.547282  0.640233  0.596823  0.592448  0.614239  0.496094  0.510031  0.561178  0.577284  0.501892  0.580433  0.569942  0.674416  0.488974  0.648192 
2  0.704127  0.483044 0.0  0.100931  0.330726  0.308973  0.780948  0.859467  0.871787  0.948801  0.752881  0.881220  0.768283  0.720365  0.787162  0.449837  0.304470  0.825540  0.801452  0.893853  0.462507  0.321417  0.592197  0.301324  0.688483  0.745349  0.353264  0.900245  0.160523  0.275553  0.374600  0.920829  0.606550  0.160694  0.333847  0.871874  0.798215  0.265843  0.504157  0.520504  0.856138  0.828301  0.699080  0.376099  0.764195  0.345398  0.943734  0.342923  0.294508  0.919952  0.746535  0.920354  0.786970  0.518996  0.339109  0.813777  0.382201  0.584003  0.733754  0.740735  0.636905 
3  0.692126  0.524533  0.100931 0.0  0.131828  0.429496  0.812981  0.877824  0.760957  0.848004  0.828891  0.846537  0.742738  0.762165  0.860659  0.326875  0.253242  0.720847  0.915232  0.854300  0.305793  0.234927  0.640758  0.331741  0.722980  0.765886  0.379900  0.792660  0.153541  0.260231  0.341520  0.834400  0.449809  0.085669  0.374542  0.813316  0.724657  0.270378  0.505400  0.540921  0.822931  0.856560  0.616174  0.315585  0.936963  0.169826  0.848274  0.293362  0.244362  0.850763  0.742777  0.890047  0.857973  0.534598  0.269729  0.635471  0.335539  0.560052  0.754022  0.827923  0.532004 
4  0.684117  0.624198  0.330726  0.131828 0.0  0.224684  0.831582  0.729806  0.822611  0.904761  0.797453  0.855171  0.766852  0.852264  0.716151  0.316791  0.304881  0.791360  0.840383  0.822342  0.289343  0.391393  0.577479  0.380570  0.710190  0.700479  0.434986  0.834985  0.099036  0.245912  0.441535  0.915417  0.535386  0.191065  0.318203  0.794232  0.913239  0.268845  0.553428  0.557626  0.815652  0.818937  0.712089  0.370544  0.815468  0.308653  0.785637  0.321445  0.371945  0.785273  0.736865  0.800476  0.835366  0.506639  0.264900  0.738748  0.255574  0.618253  0.833766  0.711867  0.587194 
5  0.732841  0.521900  0.308973  0.429496  0.224684 0.0  0.890854  0.773125  0.882251  0.906974  0.791978  0.873523  0.775396  0.815949  0.661176  0.330185  0.457262  0.814855  0.845127  0.833779  0.151260  0.168177  0.666707  0.311714  0.754597  0.700141  0.361587  0.937283  0.316649  0.228731  0.229533  0.936671  0.538256  0.285843  0.396567  0.771125  0.850356  0.221415  0.619745  0.565128  0.760363  0.890801  0.800295  0.155169  0.807277  0.465635  0.840005  0.092124  0.150909  0.865305  0.764905  0.892130  0.899208  0.575567  0.108655  0.678456  0.433096  0.578001  0.782387  0.848061  0.659350 
6  0.719645  0.548163  0.780948  0.812981  0.831582  0.890854 0.0  0.823102  0.096807  0.804013  0.702422  0.808141  0.842586  0.758610  0.255939  0.766680  0.929248  0.811952  0.214802  0.866802  0.850349  0.800229  0.788523  0.840364  0.741351  0.751247  0.804947  0.714458  0.753488  0.860293  0.827230  0.878389  0.769583  0.774314  0.765970  0.796762  0.858672  0.874240  0.723060  0.753523  0.877047  0.868909  0.717272  0.858847  0.750390  0.790695  0.818154  0.843377  0.907028  0.864882  0.805635  0.915771  0.739872  0.744105  0.743472  0.756223  0.843811  0.825005  0.219686  0.085669  0.802485 
7  0.794949  0.546273  0.859467  0.877824  0.729806  0.773125  0.823102 0.0  0.841307  0.720014  0.548381  0.817955  0.780591  0.775532  0.796987  0.745090  0.780180  0.673886  0.917276  0.860045  0.785394  0.813333  0.818736  0.818076  0.638394  0.727867  0.807500  0.085669  0.829343  0.845697  0.767104  0.894507  0.610395  0.784395  0.744133  0.419645  0.895626  0.790116  0.674994  0.665907  0.599505  0.832269  0.460879  0.750613  0.318183  0.839539  0.252750  0.753250  0.814197  0.801356  0.506699  0.856542  0.843942  0.794038  0.759761  0.327095  0.703610  0.692700  0.799038  0.751196  0.896884 
8  0.734023  0.623062  0.871787  0.760957  0.822611  0.882251  0.096807  0.841307 0.0  0.830650  0.756541  0.778578  0.820992  0.877936  0.270677  0.736359  0.890731  0.837532  0.258353  0.789561  0.827416  0.773159  0.749445  0.899485  0.634190  0.765309  0.718858  0.880680  0.759113  0.719891  0.809462  0.826627  0.821649  0.875874  0.777581  0.731609  0.764951  0.821682  0.785225  0.754041  0.898761  0.807590  0.735216  0.869975  0.833669  0.819664  0.851863  0.727261  0.731754  0.779620  0.696796  0.842460  0.817929  0.748105  0.737783  0.711891  0.784841  0.696952  0.085669  0.085669  0.829956 
9  0.715322  0.643051  0.948801  0.848004  0.904761  0.906974  0.804013  0.720014  0.830650 0.0  0.791489  1.000000  0.841827  0.153160  0.803691  0.829453  0.984389  0.809764  0.783372  0.158367  0.895958  0.874244  0.883593  0.739386  0.736071  0.744532  0.909765  0.852110  0.824446  0.749843  0.951711  0.848548  0.894728  0.820549  0.911400  0.856253  0.085669  0.802135  0.854504  0.859609  0.171362  0.149797  0.689604  0.910081  0.815278  0.895552  0.814993  0.909812  0.789125  0.123555  0.849301  0.402538  0.966019  0.874696  0.831948  0.695717  0.729350  0.876512  0.832219  0.834589  0.833049 
10  0.721512  0.554506  0.752881  0.828891  0.797453  0.791978  0.702422  0.548381  0.756541  0.791489 0.0  0.769580  0.562800  0.847188  0.718977  0.784945  0.800998  0.697890  0.775144  0.853357  0.854517  0.881470  0.815974  0.853072  0.722748  0.744290  0.846476  0.510735  0.770659  0.826665  0.840738  0.809874  0.787131  0.710376  0.853453  0.191280  0.699336  0.760736  0.883350  0.723713  0.785693  0.746014  0.262095  0.783730  0.474792  0.745757  0.529251  0.785860  0.804800  0.837339  0.286464  0.716515  0.897644  0.794389  0.852461  0.378683  0.739166  0.755620  0.790457  0.756094  0.770250 
11  0.751517  0.397078  0.881220  0.846537  0.855171  0.873523  0.808141  0.817955  0.778578  1.000000  0.769580 0.0  0.550087  0.809376  0.805353  0.896041  0.837920  0.285212  0.779779  0.849591  0.868288  0.769519  0.866585  0.738598  0.710864  0.733342  0.838785  0.815711  0.818632  0.822204  0.810784  0.126446  0.862448  0.821633  0.853616  0.810386  0.814295  0.753395  0.806169  0.916544  0.888792  0.872555  0.831711  0.925513  0.737797  0.902677  0.883950  0.878596  0.844861  0.901200  0.783839  0.865955  0.176592  0.807364  0.805150  0.804043  0.834508  0.815027  0.749993  0.831316  0.877266 
12  0.796002  0.612653  0.768283  0.742738  0.766852  0.775396  0.842586  0.780591  0.820992  0.841827  0.562800  0.550087 0.0  0.998660  0.790415  0.812209  0.724775  0.521817  0.828826  0.755367  0.722714  0.795290  0.801606  0.814361  0.623161  0.707544  0.711188  0.833870  0.820886  0.767937  0.791634  0.498897  0.824195  0.751147  0.853806  0.601870  0.766278  0.804114  0.815962  0.786050  0.774359  0.760982  0.678578  0.751089  0.908895  0.780689  0.796684  0.742187  0.818225  0.840774  0.586113  0.770394  0.483390  0.747749  0.725392  0.780129  0.722173  0.757033  0.772841  0.811023  0.749947 
13  0.814579  0.590605  0.720365  0.762165  0.852264  0.815949  0.758610  0.775532  0.877936  0.153160  0.847188  0.809376  0.998660 0.0  0.789115  0.866300  0.904082  0.794106  0.694349  0.162089  0.790702  0.833654  0.847716  0.881157  0.814527  0.726249  0.818030  0.814993  0.852432  0.750886  0.791309  0.919433  0.818203  0.851666  0.740567  0.792680  0.251344  0.826945  0.786054  0.842674  0.148722  0.140868  0.714937  0.795387  0.763062  0.896821  0.856346  0.839313  0.718875  0.130672  0.740028  0.260720  0.937084  0.889628  0.945521  0.679395  0.872328  0.830569  0.821884  0.770055  0.753035 
14  0.748569  0.691970  0.787162  0.860659  0.716151  0.661176  0.255939  0.796987  0.270677  0.803691  0.718977  0.805353  0.790415  0.789115 0.0  0.840963  0.769804  0.784683  0.085669  0.751104  0.819513  0.699177  0.800198  0.713682  0.789021  0.676670  0.744461  0.810215  0.813333  0.867685  0.886939  0.782319  0.844003  0.911419  0.823497  0.709859  0.801635  0.853687  0.794877  0.700589  0.808084  0.763974  0.671184  0.841556  0.853062  0.895019  0.826272  0.767720  0.732700  0.725507  0.803662  0.818312  0.765177  0.818359  0.797994  0.804963  0.823091  0.834330  0.250090  0.244657  0.809322 
15  0.731406  0.535645  0.449837  0.326875  0.316791  0.330185  0.766680  0.745090  0.736359  0.829453  0.784945  0.896041  0.812209  0.866300  0.840963 0.0  0.234674  0.751748  0.853032  0.871515  0.367137  0.293756  0.446982  0.296892  0.630178  0.792448  0.201376  0.847123  0.389968  0.288213  0.247411  0.851571  0.574532  0.364157  0.238178  0.837171  0.870625  0.234644  0.503946  0.495995  0.787889  0.890130  0.819790  0.342688  0.834002  0.184308  0.746698  0.317089  0.339891  0.821017  0.801383  0.758280  0.780351  0.528927  0.322287  0.701710  0.126378  0.567328  0.753887  0.875979  0.610301 
16  0.694619  0.627876  0.304470  0.253242  0.304881  0.457262  0.929248  0.780180  0.890731  0.984389  0.800998  0.837920  0.724775  0.904082  0.769804  0.234674 0.0  0.827920  0.823556  0.721665  0.424147  0.437945  0.557316  0.403701  0.780126  0.850839  0.248935  0.843390  0.282840  0.203105  0.233971  0.876731  0.510830  0.338627  0.194979  0.811287  0.806524  0.308799  0.593715  0.640017  0.845227  0.800967  0.724551  0.350864  0.865223  0.259246  0.731346  0.416438  0.308678  0.885649  0.715529  0.824878  0.852179  0.625722  0.347135  0.715950  0.085669  0.562842  0.768062  0.742498  0.648373 
17  0.687423  0.536623  0.825540  0.720847  0.791360  0.814855  0.811952  0.673886  0.837532  0.809764  0.697890  0.285212  0.521817  0.794106  0.784683  0.751748  0.827920 0.0  0.830528  0.785272  0.838677  0.763970  0.818050  0.702686  0.799444  0.726255  0.815533  0.822164  0.799432  0.770837  0.884394  0.245411  0.803841  0.846825  0.790322  0.774375  0.790841  0.881384  0.794344  0.765368  0.779849  0.799741  0.677342  0.746844  0.805637  0.746521  0.794540  0.781070  0.842133  0.815708  0.819919  0.750475  0.253819  0.692617  0.720217  0.736403  0.926429  0.861317  0.776629  0.723664  0.742933 
18  0.660863  0.543374  0.801452  0.915232  0.840383  0.845127  0.214802  0.917276  0.258353  0.783372  0.775144  0.779779  0.828826  0.694349  0.085669  0.853032  0.823556  0.830528 0.0  0.762304  0.708177  0.781115  0.773803  0.854838  0.687379  0.727241  0.894500  0.743788  0.859094  0.778743  0.777777  0.904702  0.797988  0.786558  0.826873  0.809316  0.753124  0.809801  0.819173  0.904381  0.900251  0.848369  0.743247  0.827007  0.874652  0.819726  0.802209  0.797559  0.777138  0.819433  0.889479  0.863208  0.798085  0.804991  0.840231  0.776675  0.835778  0.771924  0.166189  0.260843  0.743434 
19  0.701753  0.588593  0.893853  0.854300  0.822342  0.833779  0.866802  0.860045  0.789561  0.158367  0.853357  0.849591  0.755367  0.162089  0.751104  0.871515  0.721665  0.785272  0.762304 0.0  0.796697  0.879562  0.942137  0.813498  0.755058  0.738994  0.894292  0.737486  0.839493  0.796151  0.844689  0.804064  0.788306  0.695317  0.693748  0.819396  0.177510  0.754470  0.834206  0.880077  0.149785  0.153237  0.709411  0.812360  0.883022  0.779693  0.681177  0.905843  0.838792  0.266601  0.899577  0.328272  0.807849  0.804603  0.810689  0.686345  0.869227  0.830345  0.842821  0.807606  0.947332 
20  0.618067  0.613775  0.462507  0.305793  0.289343  0.151260  0.850349  0.785394  0.827416  0.895958  0.854517  0.868288  0.722714  0.790702  0.819513  0.367137  0.424147  0.838677  0.708177  0.796697 0.0  0.198045  0.530609  0.334935  0.695153  0.688049  0.357259  0.712619  0.404060  0.161343  0.425367  0.817966  0.472441  0.286832  0.242257  0.727957  0.828155  0.383949  0.580972  0.571981  0.751070  0.810422  0.680069  0.196883  0.786127  0.426781  0.759810  0.085669  0.292666  0.894191  0.883973  0.720700  0.867036  0.579058  0.128969  0.803553  0.391295  0.635781  0.829180  0.851926  0.535787 
21  0.701541  0.580447  0.321417  0.234927  0.391393  0.168177  0.800229  0.813333  0.773159  0.874244  0.881470  0.769519  0.795290  0.833654  0.699177  0.293756  0.437945  0.763970  0.781115  0.879562  0.198045 0.0  0.666247  0.389626  0.715323  0.770503  0.363227  0.814580  0.322811  0.206873  0.438175  0.779867  0.470783  0.330903  0.274983  0.851379  0.893463  0.284294  0.613864  0.570492  0.764974  0.900325  0.694734  0.215936  0.799306  0.410528  0.831023  0.185357  0.200130  0.929762  0.812821  0.809401  0.841604  0.633231  0.134764  0.756434  0.371846  0.515372  0.857330  0.752124  0.550582 
22  0.790786  0.615510  0.592197  0.640758  0.577479  0.666707  0.788523  0.818736  0.749445  0.883593  0.815974  0.866585  0.801606  0.847716  0.800198  0.446982  0.557316  0.818050  0.773803  0.942137  0.530609  0.666247 0.0  0.583965  0.815533  0.648052  0.558596  0.650869  0.593673  0.534294  0.532231  0.863992  0.364130  0.611578  0.572041  0.794753  0.829522  0.502065  0.290298  0.321622  0.718960  0.830483  0.795285  0.672671  0.588133  0.602207  0.678299  0.540928  0.491158  0.836155  0.733383  0.852287  0.797937  0.241499  0.565971  0.762334  0.613998  0.413934  0.829857  0.857854  0.126394 
23  0.623694  0.566643  0.301324  0.331741  0.380570  0.311714  0.840364  0.818076  0.899485  0.739386  0.853072  0.738598  0.814361  0.881157  0.713682  0.296892  0.403701  0.702686  0.854838  0.813498  0.334935  0.389626  0.583965 0.0  0.722170  0.733779  0.413496  0.825034  0.428741  0.270475  0.284909  0.845022  0.601541  0.355883  0.351905  0.826579  0.887070  0.289910  0.533751  0.530431  0.835770  0.768402  0.656266  0.360201  0.827219  0.314482  0.870347  0.313567  0.345912  0.819202  0.861464  0.844422  0.717372  0.604470  0.351690  0.733120  0.336873  0.499055  0.789897  0.886228  0.527537 
24  0.751933  0.641441  0.688483  0.722980  0.710190  0.754597  0.741351  0.638394  0.634190  0.736071  0.722748  0.710864  0.623161  0.814527  0.789021  0.630178  0.780126  0.799444  0.687379  0.755058  0.695153  0.715323  0.815533  0.722170 0.0  0.085669  0.775313  0.738090  0.752592  0.738527  0.765793  0.777583  0.726436  0.713825  0.655217  0.754215  0.692496  0.682274  0.703669  0.652071  0.649923  0.758070  0.737620  0.819563  0.661517  0.611682  0.744786  0.634515  0.726014  0.721994  0.679763  0.621851  0.666719  0.844254  0.675754  0.695204  0.631107  0.736859  0.568147  0.639494  0.699566 
25  0.703188  0.476754  0.745349  0.765886  0.700479  0.700141  0.751247  0.727867  0.765309  0.744532  0.744290  0.733342  0.707544  0.726249  0.676670  0.792448  0.850839  0.726255  0.727241  0.738994  0.688049  0.770503  0.648052  0.733779  0.085669 0.0  0.656070  0.699484  0.760302  0.740024  0.677140  0.681351  0.649067  0.703699  0.743867  0.642300  0.709741  0.724856  0.724670  0.680558  0.699847  0.773375  0.721504  0.624101  0.806146  0.606046  0.716238  0.653144  0.791807  0.710510  0.806995  0.763352  0.738891  0.728285  0.669394  0.757567  0.684958  0.663503  0.673152  0.716091  0.711317 
26  0.702711  0.528610  0.353264  0.379900  0.434986  0.361587  0.804947  0.807500  0.718858  0.909765  0.846476  0.838785  0.711188  0.818030  0.744461  0.201376  0.248935  0.815533  0.894500  0.894292  0.357259  0.363227  0.558596  0.413496  0.775313  0.656070 0.0  0.707353  0.380502  0.191006  0.330050  0.979104  0.620070  0.276355  0.243986  0.984833  0.918885  0.249136  0.685658  0.628245  0.859248  0.928124  0.677540  0.374104  0.799280  0.191886  0.715231  0.327507  0.229293  0.870223  0.803259  0.834358  0.852156  0.531705  0.423074  0.666505  0.286588  0.624060  0.909712  0.790819  0.623545 
27  0.680902  0.570131  0.900245  0.792660  0.834985  0.937283  0.714458  0.085669  0.880680  0.852110  0.510735  0.815711  0.833870  0.814993  0.810215  0.847123  0.843390  0.822164  0.743788  0.737486  0.712619  0.814580  0.650869  0.825034  0.738090  0.699484  0.707353 0.0  0.824096  0.782056  0.759548  0.802644  0.614182  0.736277  0.925468  0.536130  0.831003  0.811467  0.776103  0.701975  0.527387  0.728106  0.323169  0.825565  0.235364  0.783564  0.227887  0.828418  0.797042  0.787099  0.487258  0.828026  0.854369  0.742180  0.830060  0.337342  0.851792  0.677127  0.777005  0.825030  0.756253 
28  0.634839  0.572244  0.160523  0.153541  0.099036  0.316649  0.753488  0.829343  0.759113  0.824446  0.770659  0.818632  0.820886  0.852432  0.813333  0.389968  0.282840  0.799432  0.859094  0.839493  0.404060  0.322811  0.593673  0.428741  0.752592  0.760302  0.380502  0.824096 0.0  0.292002  0.352077  0.896171  0.538162  0.118492  0.343613  0.679919  0.811224  0.273117  0.542034  0.470243  0.855828  0.878559  0.776286  0.413705  0.745362  0.337253  0.813101  0.308337  0.255328  0.814731  0.769227  0.840112  0.737438  0.503427  0.367289  0.651315  0.377456  0.442725  0.813002  0.840769  0.621289 
29  0.717861  0.588622  0.275553  0.260231  0.245912  0.228731  0.860293  0.845697  0.719891  0.749843  0.826665  0.822204  0.767937  0.750886  0.867685  0.288213  0.203105  0.770837  0.778743  0.796151  0.161343  0.206873  0.534294  0.270475  0.738527  0.740024  0.191006  0.782056  0.292002 0.0  0.280634  0.802993  0.415286  0.194367  0.304425  0.708574  0.791249  0.187973  0.421794  0.457826  0.842605  0.784916  0.718123  0.232165  0.877988  0.257534  0.745964  0.245285  0.283049  0.827299  0.736071  0.807607  0.741659  0.561419  0.137078  0.715991  0.344878  0.485801  0.730924  0.736616  0.412927 
30  0.706034  0.652044  0.374600  0.341520  0.441535  0.229533  0.827230  0.767104  0.809462  0.951711  0.840738  0.810784  0.791634  0.791309  0.886939  0.247411  0.233971  0.884394  0.777777  0.844689  0.425367  0.438175  0.532231  0.284909  0.765793  0.677140  0.330050  0.759548  0.352077  0.280634 0.0  0.762432  0.539706  0.360885  0.313023  0.723152  0.867900  0.316170  0.525250  0.534093  0.739770  0.755493  0.780916  0.277683  0.702962  0.331906  0.755370  0.400364  0.289048  0.786107  0.688588  0.854213  0.857422  0.569931  0.304947  0.709963  0.325648  0.558132  0.750997  0.851453  0.578418 
31  0.775514  0.601911  0.920829  0.834400  0.915417  0.936671  0.878389  0.894507  0.826627  0.848548  0.809874  0.126446  0.498897  0.919433  0.782319  0.851571  0.876731  0.245411  0.904702  0.804064  0.817966  0.779867  0.863992  0.845022  0.777583  0.681351  0.979104  0.802644  0.896171  0.802993  0.762432 0.0  0.817234  0.855177  0.884331  0.903688  0.889658  0.790509  0.919027  0.821790  0.784349  0.973901  0.641263  0.835269  0.820829  0.836969  0.851153  0.920745  0.784248  0.841952  0.842946  0.827721  0.180267  0.860666  0.796034  0.821523  0.868302  0.859122  0.783961  0.871875  0.908569 
32  0.629210  0.513639  0.606550  0.449809  0.535386  0.538256  0.769583  0.610395  0.821649  0.894728  0.787131  0.862448  0.824195  0.818203  0.844003  0.574532  0.510830  0.803841  0.797988  0.788306  0.472441  0.470783  0.364130  0.601541  0.726436  0.649067  0.620070  0.614182  0.538162  0.415286  0.539706  0.817234 0.0  0.547648  0.603816  0.831648  0.804105  0.601783  0.341519  0.212545  0.661576  0.841415  0.776079  0.571726  0.852181  0.542976  0.748166  0.499160  0.403960  0.813250  0.855222  0.874198  0.942369  0.294806  0.529283  0.731024  0.634754  0.234616  0.845947  0.708413  0.370825 
33  0.762992  0.575734  0.160694  0.085669  0.191065  0.285843  0.774314  0.784395  0.875874  0.820549  0.710376  0.821633  0.751147  0.851666  0.911419  0.364157  0.338627  0.846825  0.786558  0.695317  0.286832  0.330903  0.611578  0.355883  0.713825  0.703699  0.276355  0.736277  0.118492  0.194367  0.360885  0.855177  0.547648 0.0  0.315417  0.746715  0.763452  0.243103  0.637129  0.478197  0.693349  0.851868  0.762067  0.309305  0.915519  0.327790  0.812391  0.448233  0.330321  0.906399  0.697721  0.893905  0.800371  0.545614  0.268828  0.771830  0.320518  0.631911  0.757672  0.763460  0.585266 
34  0.746406  0.553387  0.333847  0.374542  0.318203  0.396567  0.765970  0.744133  0.777581  0.911400  0.853453  0.853616  0.853806  0.740567  0.823497  0.238178  0.194979  0.790322  0.826873  0.693748  0.242257  0.274983  0.572041  0.351905  0.655217  0.743867  0.243986  0.925468  0.343613  0.304425  0.313023  0.884331  0.603816  0.315417 0.0  0.794299  0.853879  0.154115  0.546036  0.554098  0.752999  0.851696  0.739627  0.370200  0.839642  0.183680  0.802404  0.350625  0.202980  0.829109  0.743695  0.754780  0.816918  0.637400  0.308085  0.749736  0.197479  0.596707  0.810985  0.857821  0.480267 
35  0.721518  0.586418  0.871874  0.813316  0.794232  0.771125  0.796762  0.419645  0.731609  0.856253  0.191280  0.810386  0.601870  0.792680  0.709859  0.837171  0.811287  0.774375  0.809316  0.819396  0.727957  0.851379  0.794753  0.826579  0.754215  0.642300  0.984833  0.536130  0.679919  0.708574  0.723152  0.903688  0.831648  0.746715  0.794299 0.0  0.751196  0.832946  0.867698  0.824693  0.837868  0.783510  0.394156  0.781027  0.474267  0.751305  0.434173  0.824491  0.778183  0.785033  0.178491  0.834026  0.798611  0.763315  0.779490  0.257374  0.810592  0.853561  0.754676  0.885781  0.801049 
36  0.758691  0.495015  0.798215  0.724657  0.913239  0.850356  0.858672  0.895626  0.764951  0.085669  0.699336  0.814295  0.766278  0.251344  0.801635  0.870625  0.806524  0.790841  0.753124  0.177510  0.828155  0.893463  0.829522  0.887070  0.692496  0.709741  0.918885  0.831003  0.811224  0.791249  0.867900  0.889658  0.804105  0.763452  0.853879  0.751196 0.0  0.835660  0.919402  0.849209  0.283407  0.165042  0.733655  0.953211  0.689357  0.870475  0.800046  0.738546  0.762457  0.085849  0.824440  0.386741  0.778701  0.813680  0.843562  0.742610  0.852345  0.874686  0.824893  0.782699  0.833855 
37  0.722926  0.518846  0.265843  0.270378  0.268845  0.221415  0.874240  0.790116  0.821682  0.802135  0.760736  0.753395  0.804114  0.826945  0.853687  0.234644  0.308799  0.881384  0.809801  0.754470  0.383949  0.284294  0.502065  0.289910  0.682274  0.724856  0.249136  0.811467  0.273117  0.187973  0.316170  0.790509  0.601783  0.243103  0.154115  0.832946  0.835660 0.0  0.423615  0.597281  0.800569  0.851399  0.723954  0.291460  0.968399  0.203474  0.878982  0.224406  0.303060  0.737945  0.757803  0.732763  0.869325  0.434766  0.164653  0.732877  0.223574  0.474237  0.677837  0.765123  0.418696 
38  0.706468  0.538110  0.504157  0.505400  0.553428  0.619745  0.723060  0.674994  0.785225  0.854504  0.883350  0.806169  0.815962  0.786054  0.794877  0.503946  0.593715  0.794344  0.819173  0.834206  0.580972  0.613864  0.290298  0.533751  0.703669  0.724670  0.685658  0.776103  0.542034  0.421794  0.525250  0.919027  0.341519  0.637129  0.546036  0.867698  0.919402  0.423615 0.0  0.370646  0.782476  0.890576  0.782875  0.672329  0.616222  0.644218  0.559503  0.513947  0.449656  0.817543  0.761240  0.809683  0.834774  0.085669  0.735081  0.698358  0.576007  0.296729  0.722181  0.814863  0.334112 
39  0.734065  0.630386  0.520504  0.540921  0.557626  0.565128  0.753523  0.665907  0.754041  0.859609  0.723713  0.916544  0.786050  0.842674  0.700589  0.495995  0.640017  0.765368  0.904381  0.880077  0.571981  0.570492  0.321622  0.530431  0.652071  0.680558  0.628245  0.701975  0.470243  0.457826  0.534093  0.821790  0.212545  0.478197  0.554098  0.824693  0.849209  0.597281  0.370646 0.0  0.550315  0.822731  0.755282  0.624344  0.865063  0.661853  0.812096  0.437133  0.445890  0.908210  0.839955  0.819230  0.833796  0.411262  0.538643  0.785126  0.591116  0.215088  0.882065  0.743689  0.453664 
40  0.615709  0.576613  0.856138  0.822931  0.815652  0.760363  0.877047  0.599505  0.898761  0.171362  0.785693  0.888792  0.774359  0.148722  0.808084  0.787889  0.845227  0.779849  0.900251  0.149785  0.751070  0.764974  0.718960  0.835770  0.649923  0.699847  0.859248  0.527387  0.855828  0.842605  0.739770  0.784349  0.661576  0.693349  0.752999  0.837868  0.283407  0.800569  0.782476  0.550315 0.0  0.195884  0.671885  0.786171  0.811266  0.877198  0.726914  0.681751  0.734111  0.268209  0.794420  0.113843  0.871903  0.722957  0.729742  0.756407  0.875150  0.683306  0.841855  0.786853  0.773630 
41  0.820272  0.583794  0.828301  0.856560  0.818937  0.890801  0.868909  0.832269  0.807590  0.149797  0.746014  0.872555  0.760982  0.140868  0.763974  0.890130  0.800967  0.799741  0.848369  0.153237  0.810422  0.900325  0.830483  0.768402  0.758070  0.773375  0.928124  0.728106  0.878559  0.784916  0.755493  0.973901  0.841415  0.851868  0.851696  0.783510  0.165042  0.851399  0.890576  0.822731  0.195884 0.0  0.758024  0.919884  0.922082  0.847891  0.773776  0.841158  0.745166  0.106519  0.796702  0.292083  0.908198  0.932879  0.955992  0.640294  0.933395  0.839842  0.758543  0.752882  0.884115 
42  0.863330  0.600581  0.699080  0.616174  0.712089  0.800295  0.717272  0.460879  0.735216  0.689604  0.262095  0.831711  0.678578  0.714937  0.671184  0.819790  0.724551  0.677342  0.743247  0.709411  0.680069  0.694734  0.795285  0.656266  0.737620  0.721504  0.677540  0.323169  0.776286  0.718123  0.780916  0.641263  0.776079  0.762067  0.739627  0.394156  0.733655  0.723954  0.782875  0.755282  0.671885  0.758024 0.0  0.790604  0.310761  0.693501  0.353212  0.694937  0.709259  0.721548  0.324904  0.745144  0.649250  0.739943  0.721300  0.189560  0.643727  0.618968  0.631303  0.741881  0.755858 
43  0.681068  0.511746  0.376099  0.315585  0.370544  0.155169  0.858847  0.750613  0.869975  0.910081  0.783730  0.925513  0.751089  0.795387  0.841556  0.342688  0.350864  0.746844  0.827007  0.812360  0.196883  0.215936  0.672671  0.360201  0.819563  0.624101  0.374104  0.825565  0.413705  0.232165  0.277683  0.835269  0.571726  0.309305  0.370200  0.781027  0.953211  0.291460  0.672329  0.624344  0.786171  0.919884  0.790604 0.0  0.852998  0.431264  0.868163  0.085669  0.173956  0.930503  0.750435  0.772235  0.879420  0.492936  0.153610  0.744880  0.399626  0.646589  0.833157  0.839858  0.545970 
44  0.715664  0.639516  0.764195  0.936963  0.815468  0.807277  0.750390  0.318183  0.833669  0.815278  0.474792  0.737797  0.908895  0.763062  0.853062  0.834002  0.865223  0.805637  0.874652  0.883022  0.786127  0.799306  0.588133  0.827219  0.661517  0.806146  0.799280  0.235364  0.745362  0.877988  0.702962  0.820829  0.852181  0.915519  0.839642  0.474267  0.689357  0.968399  0.616222  0.865063  0.811266  0.922082  0.310761  0.852998 0.0  0.767645  0.085669  0.677598  0.752584  0.791578  0.455855  0.831607  0.840536  0.621335  0.765575  0.457927  0.819084  0.816198  0.772713  0.815263  0.607087 
45  0.801912  0.614408  0.345398  0.169826  0.308653  0.465635  0.790695  0.839539  0.819664  0.895552  0.745757  0.902677  0.780689  0.896821  0.895019  0.184308  0.259246  0.746521  0.819726  0.779693  0.426781  0.410528  0.602207  0.314482  0.611682  0.606046  0.191886  0.783564  0.337253  0.257534  0.331906  0.836969  0.542976  0.327790  0.183680  0.751305  0.870475  0.203474  0.644218  0.661853  0.877198  0.847891  0.693501  0.431264  0.767645 0.0  0.797230  0.373117  0.299436  0.858731  0.774261  0.878072  0.842366  0.633344  0.307922  0.750035  0.203762  0.619416  0.788196  0.760109  0.503341 
46  0.811525  0.547282  0.943734  0.848274  0.785637  0.840005  0.818154  0.252750  0.851863  0.814993  0.529251  0.883950  0.796684  0.856346  0.826272  0.746698  0.731346  0.794540  0.802209  0.681177  0.759810  0.831023  0.678299  0.870347  0.744786  0.716238  0.715231  0.227887  0.813101  0.745964  0.755370  0.851153  0.748166  0.812391  0.802404  0.434173  0.800046  0.878982  0.559503  0.812096  0.726914  0.773776  0.353212  0.868163  0.085669  0.797230 0.0  0.687458  0.728562  0.862404  0.452613  0.890199  0.808085  0.637515  0.773598  0.292452  0.779742  0.749784  0.765792  0.759251  0.594421 
47  0.809514  0.640233  0.342923  0.293362  0.321445  0.092124  0.843377  0.753250  0.727261  0.909812  0.785860  0.878596  0.742187  0.839313  0.767720  0.317089  0.416438  0.781070  0.797559  0.905843  0.085669  0.185357  0.540928  0.313567  0.634515  0.653144  0.327507  0.828418  0.308337  0.245285  0.400364  0.920745  0.499160  0.448233  0.350625  0.824491  0.738546  0.224406  0.513947  0.437133  0.681751  0.841158  0.694937  0.085669  0.677598  0.373117  0.687458 0.0  0.250903  0.807393  0.807958  0.861310  0.767798  0.640524  0.174196  0.669224  0.341252  0.624690  0.790409  0.769490  0.507046 
48  0.774621  0.596823  0.294508  0.244362  0.371945  0.150909  0.907028  0.814197  0.731754  0.789125  0.804800  0.844861  0.818225  0.718875  0.732700  0.339891  0.308678  0.842133  0.777138  0.838792  0.292666  0.200130  0.491158  0.345912  0.726014  0.791807  0.229293  0.797042  0.255328  0.283049  0.289048  0.784248  0.403960  0.330321  0.202980  0.778183  0.762457  0.303060  0.449656  0.445890  0.734111  0.745166  0.709259  0.173956  0.752584  0.299436  0.728562  0.250903 0.0  0.815343  0.825360  0.697376  0.847745  0.566667  0.275075  0.728755  0.349840  0.367321  0.701066  0.815280  0.492819 
49  0.650550  0.592448  0.919952  0.850763  0.785273  0.865305  0.864882  0.801356  0.779620  0.123555  0.837339  0.901200  0.840774  0.130672  0.725507  0.821017  0.885649  0.815708  0.819433  0.266601  0.894191  0.929762  0.836155  0.819202  0.721994  0.710510  0.870223  0.787099  0.814731  0.827299  0.786107  0.841952  0.813250  0.906399  0.829109  0.785033  0.085849  0.737945  0.817543  0.908210  0.268209  0.106519  0.721548  0.930503  0.791578  0.858731  0.862404  0.807393  0.815343 0.0  0.827321  0.364258  0.946945  0.989255  0.837707  0.714519  0.838606  0.871851  0.750630  0.841626  0.874123 
50  0.729351  0.614239  0.746535  0.742777  0.736865  0.764905  0.805635  0.506699  0.696796  0.849301  0.286464  0.783839  0.586113  0.740028  0.803662  0.801383  0.715529  0.819919  0.889479  0.899577  0.883973  0.812821  0.733383  0.861464  0.679763  0.806995  0.803259  0.487258  0.769227  0.736071  0.688588  0.842946  0.855222  0.697721  0.743695  0.178491  0.824440  0.757803  0.761240  0.839955  0.794420  0.796702  0.324904  0.750435  0.455855  0.774261  0.452613  0.807958  0.825360  0.827321 0.0  0.691189  0.784093  0.756808  0.822642  0.403453  0.786121  0.883620  0.847854  0.788308  0.761569 
51  0.757205  0.496094  0.920354  0.890047  0.800476  0.892130  0.915771  0.856542  0.842460  0.402538  0.716515  0.865955  0.770394  0.260720  0.818312  0.758280  0.824878  0.750475  0.863208  0.328272  0.720700  0.809401  0.852287  0.844422  0.621851  0.763352  0.834358  0.828026  0.840112  0.807607  0.854213  0.827721  0.874198  0.893905  0.754780  0.834026  0.386741  0.732763  0.809683  0.819230  0.113843  0.292083  0.745144  0.772235  0.831607  0.878072  0.890199  0.861310  0.697376  0.364258  0.691189 0.0  0.914082  0.759336  0.924615  0.756974  0.810640  0.799293  0.837021  0.760573  0.738733 
52  0.627884  0.510031  0.786970  0.857973  0.835366  0.899208  0.739872  0.843942  0.817929  0.966019  0.897644  0.176592  0.483390  0.937084  0.765177  0.780351  0.852179  0.253819  0.798085  0.807849  0.867036  0.841604  0.797937  0.717372  0.666719  0.738891  0.852156  0.854369  0.737438  0.741659  0.857422  0.180267  0.942369  0.800371  0.816918  0.798611  0.778701  0.869325  0.834774  0.833796  0.871903  0.908198  0.649250  0.879420  0.840536  0.842366  0.808085  0.767798  0.847745  0.946945  0.784093  0.914082 0.0  0.837782  0.827140  0.734239  0.864645  0.835352  0.815339  0.762276  0.818972 
53  0.773126  0.561178  0.518996  0.534598  0.506639  0.575567  0.744105  0.794038  0.748105  0.874696  0.794389  0.807364  0.747749  0.889628  0.818359  0.528927  0.625722  0.692617  0.804991  0.804603  0.579058  0.633231  0.241499  0.604470  0.844254  0.728285  0.531705  0.742180  0.503427  0.561419  0.569931  0.860666  0.294806  0.545614  0.637400  0.763315  0.813680  0.434766  0.085669  0.411262  0.722957  0.932879  0.739943  0.492936  0.621335  0.633344  0.637515  0.640524  0.566667  0.989255  0.756808  0.759336  0.837782 0.0  0.508110  0.748852  0.673568  0.370057  0.820369  0.817007  0.203778 
54  0.664382  0.577284  0.339109  0.269729  0.264900  0.108655  0.743472  0.759761  0.737783  0.831948  0.852461  0.805150  0.725392  0.945521  0.797994  0.322287  0.347135  0.720217  0.840231  0.810689  0.128969  0.134764  0.565971  0.351690  0.675754  0.669394  0.423074  0.830060  0.367289  0.137078  0.304947  0.796034  0.529283  0.268828  0.308085  0.779490  0.843562  0.164653  0.735081  0.538643  0.729742  0.955992  0.721300  0.153610  0.765575  0.307922  0.773598  0.174196  0.275075  0.837707  0.822642  0.924615  0.827140  0.508110 0.0  0.700106  0.421647  0.569437  0.793944  0.819867  0.466607 
55  0.594817  0.501892  0.813777  0.635471  0.738748  0.678456  0.756223  0.327095  0.711891  0.695717  0.378683  0.804043  0.780129  0.679395  0.804963  0.701710  0.715950  0.736403  0.776675  0.686345  0.803553  0.756434  0.762334  0.733120  0.695204  0.757567  0.666505  0.337342  0.651315  0.715991  0.709963  0.821523  0.731024  0.771830  0.749736  0.257374  0.742610  0.732877  0.698358  0.785126  0.756407  0.640294  0.189560  0.744880  0.457927  0.750035  0.292452  0.669224  0.728755  0.714519  0.403453  0.756974  0.734239  0.748852  0.700106 0.0  0.784743  0.705668  0.669655  0.794964  0.729706 
56  0.807816  0.580433  0.382201  0.335539  0.255574  0.433096  0.843811  0.703610  0.784841  0.729350  0.739166  0.834508  0.722173  0.872328  0.823091  0.126378  0.085669  0.926429  0.835778  0.869227  0.391295  0.371846  0.613998  0.336873  0.631107  0.684958  0.286588  0.851792  0.377456  0.344878  0.325648  0.868302  0.634754  0.320518  0.197479  0.810592  0.852345  0.223574  0.576007  0.591116  0.875150  0.933395  0.643727  0.399626  0.819084  0.203762  0.779742  0.341252  0.349840  0.838606  0.786121  0.810640  0.864645  0.673568  0.421647  0.784743 0.0  0.466722  0.817694  0.776165  0.622036 
57  0.842116  0.569942  0.584003  0.560052  0.618253  0.578001  0.825005  0.692700  0.696952  0.876512  0.755620  0.815027  0.757033  0.830569  0.834330  0.567328  0.562842  0.861317  0.771924  0.830345  0.635781  0.515372  0.413934  0.499055  0.736859  0.663503  0.624060  0.677127  0.442725  0.485801  0.558132  0.859122  0.234616  0.631911  0.596707  0.853561  0.874686  0.474237  0.296729  0.215088  0.683306  0.839842  0.618968  0.646589  0.816198  0.619416  0.749784  0.624690  0.367321  0.871851  0.883620  0.799293  0.835352  0.370057  0.569437  0.705668  0.466722 0.0  0.763404  0.762938  0.397367 
58  0.829932  0.674416  0.733754  0.754022  0.833766  0.782387  0.219686  0.799038  0.085669  0.832219  0.790457  0.749993  0.772841  0.821884  0.250090  0.753887  0.768062  0.776629  0.166189  0.842821  0.829180  0.857330  0.829857  0.789897  0.568147  0.673152  0.909712  0.777005  0.813002  0.730924  0.750997  0.783961  0.845947  0.757672  0.810985  0.754676  0.824893  0.677837  0.722181  0.882065  0.841855  0.758543  0.631303  0.833157  0.772713  0.788196  0.765792  0.790409  0.701066  0.750630  0.847854  0.837021  0.815339  0.820369  0.793944  0.669655  0.817694  0.763404 0.0  0.085669  0.886300 
59  0.801479  0.488974  0.740735  0.827923  0.711867  0.848061  0.085669  0.751196  0.085669  0.834589  0.756094  0.831316  0.811023  0.770055  0.244657  0.875979  0.742498  0.723664  0.260843  0.807606  0.851926  0.752124  0.857854  0.886228  0.639494  0.716091  0.790819  0.825030  0.840769  0.736616  0.851453  0.871875  0.708413  0.763460  0.857821  0.885781  0.782699  0.765123  0.814863  0.743689  0.786853  0.752882  0.741881  0.839858  0.815263  0.760109  0.759251  0.769490  0.815280  0.841626  0.788308  0.760573  0.762276  0.817007  0.819867  0.794964  0.776165  0.762938  0.085669 0.0  0.841052 
60  0.674714  0.648192  0.636905  0.532004  0.587194  0.659350  0.802485  0.896884  0.829956  0.833049  0.770250  0.877266  0.749947  0.753035  0.809322  0.610301  0.648373  0.742933  0.743434  0.947332  0.535787  0.550582  0.126394  0.527537  0.699566  0.711317  0.623545  0.756253  0.621289  0.412927  0.578418  0.908569  0.370825  0.585266  0.480267  0.801049  0.833855  0.418696  0.334112  0.453664  0.773630  0.884115  0.755858  0.545970  0.607087  0.503341  0.594421  0.507046  0.492819  0.874123  0.761569  0.738733  0.818972  0.203778  0.466607  0.729706  0.622036  0.397367  0.886300  0.841052 0.0 
