61
0 0.0  0.590762  0.654882  0.682833  0.668984  0.626197  0.634149  0.619027  0.783110  0.648985  0.621472  0.695431  0.742949  0.664100  0.750567  0.611795  0.701704  0.685458  0.763391  0.784476  0.606811  0.614413  0.712742  0.727013  0.610828  0.708702  0.722424  0.677167  0.676811  0.685507  0.657169  0.678897  0.685312  0.731252  0.636857  0.762709  0.663005  0.774172  0.746368  0.556405  0.605705  0.732562  0.611641  0.697415  0.675305  0.668913  0.634662  0.648449  0.832217  0.655122  0.725128  0.741450  0.717041  0.778521  0.617721  0.650276  0.710287  0.761393  0.666902  0.747153  0.699471 
1  0.590762 0.0  0.493703  0.577757  0.536522  0.511821  0.563395  0.539562  0.454529  0.568956  0.557105  0.544068  0.536511  0.604010  0.615990  0.603528  0.545144  0.582911  0.573978  0.614730  0.553972  0.546528  0.597466  0.605669  0.485807  0.683776  0.603318  0.464669  0.583630  0.528162  0.527566  0.548316  0.578340  0.473347  0.590991  0.587617  0.555667  0.556347  0.454658  0.507360  0.574102  0.523243  0.568246  0.515491  0.626332  0.464784  0.423013  0.541924  0.551144  0.479252  0.454385  0.527173  0.465614  0.531712  0.531329  0.532850  0.545071  0.573068  0.510177  0.489077  0.641620 
2  0.654882  0.493703 0.0  0.079464  0.156226  0.294892  0.775245  0.755426  0.822553  0.757840  0.745669  0.827422  0.623094  0.820269  0.708893  0.267908  0.326575  0.840376  0.712956  0.804745  0.311964  0.321945  0.561947  0.309091  0.672989  0.650397  0.264788  0.760386  0.153481  0.202697  0.318160  0.772586  0.470520  0.183145  0.280795  0.705898  0.768168  0.212227  0.514551  0.446567  0.764766  0.892007  0.635454  0.317739  0.777674  0.247632  0.784978  0.310282  0.233707  0.776804  0.755851  0.775902  0.705171  0.458205  0.282618  0.787973  0.278266  0.469722  0.602873  0.729439  0.498574 
3  0.682833  0.577757  0.079464 0.0  0.165243  0.287105  0.777020  0.707333  0.837420  0.792118  0.738891  0.721450  0.736813  0.755395  0.712127  0.306455  0.286061  0.687814  0.809386  0.917141  0.292681  0.300371  0.435359  0.258988  0.596475  0.680026  0.291000  0.848984  0.167314  0.222750  0.279797  0.779842  0.506307  0.162357  0.295869  0.757964  0.766799  0.215923  0.419218  0.452681  0.860257  0.921277  0.694257  0.262605  0.781785  0.336316  0.657113  0.274364  0.216832  0.823268  0.751001  0.732103  0.721892  0.505621  0.284687  0.585884  0.297763  0.570953  0.643015  0.769823  0.518058 
4  0.668984  0.536522  0.156226  0.165243 0.0  0.339083  0.769786  0.635593  0.773281  0.788330  0.921601  0.802302  0.752497  0.693571  0.870790  0.251162  0.261236  0.667639  0.779062  0.788279  0.254580  0.285546  0.474383  0.302294  0.738288  0.723875  0.301517  0.918698  0.079464  0.207116  0.301424  0.921453  0.444940  0.156334  0.281432  0.780654  0.798344  0.214107  0.486600  0.520377  0.759986  0.666263  0.698236  0.350049  0.690182  0.291903  0.647012  0.307375  0.201295  0.736230  0.794908  0.830581  0.770256  0.476294  0.313180  0.725315  0.296091  0.463808  0.631549  0.782213  0.406785 
5  0.626197  0.511821  0.294892  0.287105  0.339083 0.0  0.697485  0.808353  0.733085  0.727886  0.791304  0.977675  0.779224  0.820560  0.762175  0.288089  0.340675  0.808176  0.783666  0.662377  0.136583  0.136290  0.470030  0.301761  0.718173  0.838638  0.328257  0.736047  0.321044  0.215457  0.313393  0.825512  0.566166  0.284198  0.268566  0.741593  0.921602  0.225409  0.567019  0.582173  0.695557  0.910931  0.678045  0.079464  0.641850  0.279766  0.742904  0.079464  0.227989  0.950351  0.703920  0.654400  0.738639  0.532532  0.141196  0.770625  0.354747  0.569771  0.624333  0.662495  0.633942 
6  0.634149  0.563395  0.775245  0.777020  0.769786  0.697485 0.0  0.784018  0.079464  0.746529  0.692114  0.681429  0.563973  0.768600  0.224354  0.745964  0.834082  0.724728  0.218215  0.724143  0.827583  0.670221  0.679068  0.868777  0.605383  0.757485  0.779751  0.630559  0.845915  0.712000  0.769302  0.796902  0.653146  0.901763  0.626950  0.858702  0.697613  0.898682  0.741969  0.759760  0.848659  0.931315  0.734662  0.800159  0.683572  0.768080  0.746850  0.843791  0.754351  0.847195  0.775491  0.683331  0.894767  0.888915  0.882709  0.649404  0.629807  0.907661  0.079464  0.079464  0.747098 
7  0.619027  0.539562  0.755426  0.707333  0.635593  0.808353  0.784018 0.0  0.741121  0.779122  0.511512  0.832814  0.762221  0.845281  0.665984  0.770289  0.769091  0.785635  0.766983  0.775125  0.708961  0.797328  0.791828  0.740885  0.684527  0.632241  0.758798  0.079464  0.764029  0.725839  0.767745  0.894521  0.614412  0.739516  0.728781  0.428877  0.776711  0.843290  0.885391  0.702276  0.636461  0.711176  0.351032  0.855254  0.241487  0.840713  0.192087  0.909639  0.717694  0.762405  0.483280  0.742081  0.722204  0.790499  0.803214  0.333217  0.846514  0.682039  0.796783  0.729698  0.741368 
8  0.783110  0.454529  0.822553  0.837420  0.773281  0.733085  0.079464  0.741121 0.0  0.816544  0.782306  0.749419  0.685207  0.760186  0.213752  0.756086  0.828053  0.795280  0.219924  0.774575  0.608894  0.716560  0.896378  0.789764  0.570863  0.656522  0.775059  0.649444  0.825028  0.793077  0.815723  0.693770  0.761029  0.674433  0.776544  0.805425  0.796697  0.740989  0.673625  0.863633  0.891703  0.684702  0.649707  0.694713  0.655717  0.820535  0.858181  0.862788  0.845748  0.706802  0.822431  0.784086  0.803896  0.673271  0.815519  0.602364  0.853812  0.686926  0.079464  0.079464  0.835292 
9  0.648985  0.568956  0.757840  0.792118  0.788330  0.727886  0.746529  0.779122  0.816544 0.0  0.778699  0.844601  0.697406  0.127664  0.782460  0.808217  0.855664  0.806853  0.739832  0.165180  0.789966  0.882381  0.877765  0.799366  0.684212  0.772824  0.930543  0.744528  0.850830  0.753397  0.731982  0.761023  0.742062  0.905778  0.836783  0.782931  0.101634  0.630917  0.910465  0.725636  0.210778  0.129034  0.667063  0.822903  0.833612  0.893819  0.721687  0.938778  0.670750  0.105557  0.830377  0.290774  0.850774  0.834485  0.851793  0.654550  0.883054  0.755182  0.717329  0.864135  0.775978 
10  0.621472  0.557105  0.745669  0.738891  0.921601  0.791304  0.692114  0.511512  0.782306  0.778699 0.0  0.725842  0.612403  0.736461  0.634797  0.806774  0.689203  0.751467  0.767542  0.776064  0.831319  0.752681  0.791136  0.740829  0.690898  0.817968  0.763163  0.473564  0.809081  0.708194  0.767409  0.765683  0.812889  0.903434  0.904371  0.216772  0.780232  0.748528  0.803475  0.802619  0.797984  0.844630  0.304838  0.733062  0.474914  0.797407  0.436362  0.729198  0.865524  0.880433  0.236361  0.810852  0.709147  0.751945  0.736828  0.320096  0.762556  0.784296  0.860373  0.633169  0.714004 
11  0.695431  0.544068  0.827422  0.721450  0.802302  0.977675  0.681429  0.832814  0.749419  0.844601  0.725842 0.0  0.357095  0.949776  0.728139  0.837108  0.813116  0.217374  0.687669  0.883305  0.875025  0.752432  0.791918  0.823077  0.710424  0.671147  0.736175  0.794818  0.797175  0.750908  0.717556  0.144235  0.919869  0.770273  0.812053  0.737461  0.831406  0.798291  0.871042  0.698684  0.862192  0.691645  0.709130  0.806112  0.785737  0.766915  0.811055  0.926806  0.797624  0.898451  0.809354  0.769739  0.131388  0.813434  0.868076  0.702089  0.733661  0.851758  0.860960  0.712298  0.900237 
12  0.742949  0.536511  0.623094  0.736813  0.752497  0.779224  0.563973  0.762221  0.685207  0.697406  0.612403  0.357095 0.0  0.800507  0.799896  0.772910  0.785183  0.382322  0.837075  0.749957  0.709473  0.779696  0.715479  0.728353  0.709009  0.708512  0.882998  0.745019  0.674369  0.711091  0.834882  0.424965  0.802797  0.774902  0.874293  0.614650  0.710848  0.691260  0.707023  0.702879  0.681063  0.711661  0.679210  0.815290  0.751118  0.690711  0.717763  0.687200  0.813938  0.694902  0.481745  0.686012  0.438325  0.644277  0.702660  0.735359  0.715034  0.949809  0.724848  0.842188  0.704036 
13  0.664100  0.604010  0.820269  0.755395  0.693571  0.820560  0.768600  0.845281  0.760186  0.127664  0.736461  0.949776  0.800507 0.0  0.700519  0.618681  0.688117  0.743407  0.780662  0.167666  0.745161  0.820887  0.683057  0.742445  0.773970  0.617856  0.877282  0.763293  0.702759  0.875978  0.697328  0.793049  0.701668  0.823176  0.757092  0.921908  0.136170  0.739161  0.800390  0.869930  0.241930  0.091832  0.641560  0.862428  0.715276  0.726223  0.702715  0.848562  0.694944  0.137804  0.741652  0.285181  0.736267  0.804669  0.819088  0.613028  0.807317  0.814563  0.802662  0.643271  0.821909 
14  0.750567  0.615990  0.708893  0.712127  0.870790  0.762175  0.224354  0.665984  0.213752  0.782460  0.634797  0.728139  0.799896  0.700519 0.0  0.756417  0.684152  0.723574  0.079464  0.798328  0.671747  0.764942  0.730733  0.781337  0.737461  0.675265  0.616438  0.791059  0.658927  0.795097  0.790004  0.850424  0.853635  0.779022  0.834343  0.785697  0.742562  0.777680  0.636341  0.722954  0.766340  0.754854  0.647271  0.636311  0.793710  0.797026  0.785662  0.842240  0.678319  0.750505  0.791214  0.662806  0.831048  0.805964  0.754765  0.761605  0.861295  0.821114  0.213349  0.217207  0.852049 
15  0.611795  0.603528  0.267908  0.306455  0.251162  0.288089  0.745964  0.770289  0.756086  0.808217  0.806774  0.837108  0.772910  0.618681  0.756417 0.0  0.160820  0.863570  0.668068  0.902930  0.248259  0.297443  0.458370  0.279502  0.615644  0.626373  0.156532  0.734830  0.283397  0.217318  0.278746  0.858446  0.411566  0.285526  0.170469  0.817489  0.904138  0.201531  0.534434  0.532038  0.733075  0.860886  0.704972  0.295620  0.780141  0.169866  0.708865  0.280440  0.209871  0.717382  0.713438  0.697801  0.728401  0.426502  0.293969  0.615817  0.169090  0.528107  0.789759  0.613927  0.527650 
16  0.701704  0.545144  0.326575  0.286061  0.261236  0.340675  0.834082  0.769091  0.828053  0.855664  0.689203  0.813116  0.785183  0.688117  0.684152  0.160820 0.0  0.690654  0.704427  0.830962  0.344859  0.329510  0.482360  0.290693  0.726930  0.762130  0.247231  0.730753  0.284410  0.221696  0.318528  0.903946  0.438573  0.286271  0.152267  0.721357  0.824055  0.231734  0.530050  0.475576  0.944744  0.725539  0.613365  0.296121  0.754591  0.218066  0.779663  0.336346  0.231598  0.810459  0.788637  0.921272  0.835015  0.483431  0.335660  0.670763  0.079464  0.523503  0.810670  0.846592  0.516119 
17  0.685458  0.582911  0.840376  0.687814  0.667639  0.808176  0.724728  0.785635  0.795280  0.806853  0.751467  0.217374  0.382322  0.743407  0.723574  0.863570  0.690654 0.0  0.846937  0.710458  0.752603  0.766947  0.780348  0.662812  0.764786  0.819418  0.801904  0.938097  0.886824  0.772814  0.749058  0.214412  0.808958  0.772998  0.878491  0.808030  0.680853  0.775364  0.682187  0.695166  0.834797  0.617169  0.725439  0.722711  0.745234  0.747760  0.793895  0.764386  0.663583  0.848384  0.722469  0.606794  0.224619  0.819802  0.865025  0.659399  0.793548  0.813881  0.729375  0.753960  0.725207 
18  0.763391  0.573978  0.712956  0.809386  0.779062  0.783666  0.218215  0.766983  0.219924  0.739832  0.767542  0.687669  0.837075  0.780662  0.079464  0.668068  0.704427  0.846937 0.0  0.756439  0.693955  0.985170  0.841399  0.815353  0.684796  0.626649  0.676835  0.757831  0.665557  0.798218  0.748516  0.765032  0.724141  0.666104  0.702688  0.706324  0.918328  0.782266  0.681210  0.718703  0.645416  0.832290  0.729556  0.655174  0.767677  0.645045  0.860221  0.724034  0.722473  0.790217  0.720554  0.665264  0.729013  0.674337  0.806972  0.642644  0.849007  0.805000  0.206539  0.202462  0.714948 
19  0.784476  0.614730  0.804745  0.917141  0.788279  0.662377  0.724143  0.775125  0.774575  0.165180  0.776064  0.883305  0.749957  0.167666  0.798328  0.902930  0.830962  0.710458  0.756439 0.0  0.716382  0.776504  0.760065  0.828649  0.715240  0.758882  0.796149  0.651386  0.845161  0.827102  0.653420  0.788628  0.749308  0.890001  0.723532  0.826694  0.173049  0.742521  0.843243  0.845008  0.219429  0.168503  0.712586  0.774923  0.842801  0.716036  0.851308  0.756882  0.703652  0.141889  0.739175  0.287132  0.861979  0.750651  0.834557  0.602753  0.797123  0.612653  0.677235  0.784916  0.835798 
20  0.606811  0.553972  0.311964  0.292681  0.254580  0.136583  0.827583  0.708961  0.608894  0.789966  0.831319  0.875025  0.709473  0.745161  0.671747  0.248259  0.344859  0.752603  0.693955  0.716382 0.0  0.127041  0.591821  0.300736  0.713005  0.738155  0.315165  0.835739  0.288882  0.209995  0.292226  0.821356  0.532784  0.258055  0.306197  0.673154  0.830049  0.218412  0.432926  0.505378  0.866072  0.765926  0.653933  0.127214  0.597010  0.319587  0.644880  0.133349  0.221659  0.794532  0.736507  0.728176  0.796534  0.579918  0.140078  0.753320  0.325579  0.512954  0.722737  0.787761  0.577417 
21  0.614413  0.546528  0.321945  0.300371  0.285546  0.136290  0.670221  0.797328  0.716560  0.882381  0.752681  0.752432  0.779696  0.820887  0.764942  0.297443  0.329510  0.766947  0.985170  0.776504  0.127041 0.0  0.490774  0.297930  0.782529  0.675232  0.314691  0.836127  0.283019  0.222569  0.281194  0.863283  0.512209  0.272615  0.299091  0.798113  0.806030  0.235974  0.505226  0.521369  0.802047  0.958663  0.702388  0.125427  0.714470  0.320627  0.678707  0.120065  0.204929  0.646686  0.815818  0.651277  0.824318  0.555709  0.133636  0.732905  0.364382  0.524205  0.859749  0.790047  0.519117 
22  0.712742  0.597466  0.561947  0.435359  0.474383  0.470030  0.679068  0.791828  0.896378  0.877765  0.791136  0.791918  0.715479  0.683057  0.730733  0.458370  0.482360  0.780348  0.841399  0.760065  0.591821  0.490774 0.0  0.522434  0.658973  0.723414  0.571505  0.839704  0.430758  0.454386  0.454387  0.865943  0.291470  0.507969  0.528530  0.747011  0.924918  0.451841  0.211922  0.342356  0.719563  0.755821  0.701149  0.419524  0.647715  0.518543  0.630122  0.476502  0.476516  0.744110  0.748892  0.976175  0.853663  0.234504  0.590277  0.766905  0.570091  0.311573  0.781592  0.758626  0.142983 
23  0.727013  0.605669  0.309091  0.258988  0.302294  0.301761  0.868777  0.740885  0.789764  0.799366  0.740829  0.823077  0.728353  0.742445  0.781337  0.279502  0.290693  0.662812  0.815353  0.828649  0.300736  0.297930  0.522434 0.0  0.570208  0.613368  0.300404  0.800666  0.256546  0.226768  0.154083  0.800979  0.551570  0.334061  0.285446  0.862645  0.938787  0.216972  0.454957  0.451299  0.792629  0.660699  0.686378  0.299447  0.666571  0.274057  0.803163  0.320767  0.237000  0.861962  0.898250  0.767540  0.699012  0.481889  0.281017  0.688750  0.272369  0.510947  0.858721  0.785316  0.500218 
24  0.610828  0.485807  0.672989  0.596475  0.738288  0.718173  0.605383  0.684527  0.570863  0.684212  0.690898  0.710424  0.709009  0.773970  0.737461  0.615644  0.726930  0.764786  0.684796  0.715240  0.713005  0.782529  0.658973  0.570208 0.0  0.079464  0.717113  0.569669  0.897916  0.707853  0.780960  0.692452  0.737553  0.704120  0.671932  0.757943  0.634934  0.731872  0.691462  0.667168  0.689543  0.792627  0.857657  0.745798  0.575282  0.712650  0.787620  0.637443  0.633042  0.628271  0.601301  0.722252  0.595633  0.608499  0.626646  0.636954  0.757193  0.682041  0.778078  0.851782  0.679199 
25  0.708702  0.683776  0.650397  0.680026  0.723875  0.838638  0.757485  0.632241  0.656522  0.772824  0.817968  0.671147  0.708512  0.617856  0.675265  0.626373  0.762130  0.819418  0.626649  0.758882  0.738155  0.675232  0.723414  0.613368  0.079464 0.0  0.675641  0.702182  0.737710  0.722836  0.553130  0.665156  0.748074  0.782803  0.685769  0.668846  0.676183  0.687034  0.809565  0.692847  0.641676  0.778360  0.625103  0.618796  0.630502  0.769471  0.650741  0.753407  0.622311  0.688764  0.710143  0.665860  0.702728  0.711897  0.717635  0.685654  0.668441  0.683154  0.774900  0.766969  0.717214 
26  0.722424  0.603318  0.264788  0.291000  0.301517  0.328257  0.779751  0.758798  0.775059  0.930543  0.763163  0.736175  0.882998  0.877282  0.616438  0.156532  0.247231  0.801904  0.676835  0.796149  0.315165  0.314691  0.571505  0.300404  0.717113  0.675641 0.0  0.809593  0.333603  0.217225  0.320935  0.784792  0.546332  0.292315  0.161644  0.769221  0.784564  0.195963  0.518410  0.489046  0.633024  0.869228  0.729260  0.324911  0.856950  0.140830  0.872976  0.341185  0.229563  0.803249  0.733831  0.770850  0.781082  0.503836  0.301907  0.753581  0.202446  0.495136  0.869833  0.711887  0.538852 
27  0.677167  0.464669  0.760386  0.848984  0.918698  0.736047  0.630559  0.079464  0.649444  0.744528  0.473564  0.794818  0.745019  0.763293  0.791059  0.734830  0.730753  0.938097  0.757831  0.651386  0.835739  0.836127  0.839704  0.800666  0.569669  0.702182  0.809593 0.0  0.779434  0.888482  0.700031  0.781990  0.563750  0.750649  0.756371  0.498422  0.865309  0.785441  0.637843  0.663989  0.611102  0.663683  0.342563  0.929713  0.206542  0.735777  0.220945  0.750802  0.662792  0.836886  0.452491  0.629161  0.738987  0.785630  0.822488  0.321795  0.753042  0.582323  0.851689  0.812328  0.733682 
28  0.676811  0.583630  0.153481  0.167314  0.079464  0.321044  0.845915  0.764029  0.825028  0.850830  0.809081  0.797175  0.674369  0.702759  0.658927  0.283397  0.284410  0.886824  0.665557  0.845161  0.288882  0.283019  0.430758  0.256546  0.897916  0.737710  0.333603  0.779434 0.0  0.224048  0.287963  0.819193  0.534351  0.170579  0.284491  0.675136  0.814374  0.209474  0.432339  0.471096  0.830599  1.000000  0.615271  0.274176  0.844776  0.305439  0.763345  0.330668  0.222340  0.875179  0.902109  0.756298  0.960024  0.539610  0.291882  0.622105  0.276404  0.476857  0.762498  0.782452  0.471089 
29  0.685507  0.528162  0.202697  0.222750  0.207116  0.215457  0.712000  0.725839  0.793077  0.753397  0.708194  0.750908  0.711091  0.875978  0.795097  0.217318  0.221696  0.772814  0.798218  0.827102  0.209995  0.222569  0.454386  0.226768  0.707853  0.722836  0.217225  0.888482  0.224048 0.0  0.192985  0.697392  0.437566  0.217630  0.231257  0.702379  0.739063  0.215055  0.474171  0.444876  0.779696  0.793278  0.765718  0.232327  0.833908  0.229210  0.752181  0.231386  0.204036  0.855023  0.815693  0.795500  0.717199  0.464907  0.188075  0.735010  0.224832  0.452211  0.752270  0.735677  0.410857 
30  0.657169  0.527566  0.318160  0.279797  0.301424  0.313393  0.769302  0.767745  0.815723  0.731982  0.767409  0.717556  0.834882  0.697328  0.790004  0.278746  0.318528  0.749058  0.748516  0.653420  0.292226  0.281194  0.454387  0.154083  0.780960  0.553130  0.320935  0.700031  0.287963  0.192985 0.0  0.858391  0.482140  0.262497  0.272069  0.792559  0.666408  0.217269  0.494901  0.465993  0.736968  0.789795  0.702921  0.284212  0.770330  0.265597  0.728847  0.295702  0.218619  0.827464  0.796262  0.938555  0.849168  0.471436  0.340073  0.721715  0.267797  0.459151  0.831808  0.729809  0.480792 
31  0.678897  0.548316  0.772586  0.779842  0.921453  0.825512  0.796902  0.894521  0.693770  0.761023  0.765683  0.144235  0.424965  0.793049  0.850424  0.858446  0.903946  0.214412  0.765032  0.788628  0.821356  0.863283  0.865943  0.800979  0.692452  0.665156  0.784792  0.781990  0.819193  0.697392  0.858391 0.0  0.773135  0.998178  0.777521  0.649329  0.812860  0.564932  0.773554  0.829035  0.799326  0.717203  0.801789  0.882653  0.695741  0.725803  0.699805  0.798701  0.910360  0.906638  0.748552  0.716925  0.132830  0.812254  0.900134  0.728551  0.895994  0.965616  0.841970  0.789465  0.860741 
32  0.685312  0.578340  0.470520  0.506307  0.444940  0.566166  0.653146  0.614412  0.761029  0.742062  0.812889  0.919869  0.802797  0.701668  0.853635  0.411566  0.438573  0.808958  0.724141  0.749308  0.532784  0.512209  0.291470  0.551570  0.737553  0.748074  0.546332  0.563750  0.534351  0.437566  0.482140  0.773135 0.0  0.477789  0.472263  0.684795  0.796647  0.427859  0.276328  0.174048  0.591744  0.907756  0.675829  0.495269  0.760981  0.466537  0.788608  0.412765  0.389900  0.720029  0.673536  0.806372  0.790949  0.310677  0.546295  0.600630  0.514625  0.170151  0.709395  0.742672  0.320152 
33  0.731252  0.473347  0.183145  0.162357  0.156334  0.284198  0.901763  0.739516  0.674433  0.905778  0.903434  0.770273  0.774902  0.823176  0.779022  0.285526  0.286271  0.772998  0.666104  0.890001  0.258055  0.272615  0.507969  0.334061  0.704120  0.782803  0.292315  0.750649  0.170579  0.217630  0.262497  0.998178  0.477789 0.0  0.294495  0.748005  0.749975  0.222788  0.519319  0.455028  0.727370  0.764997  0.631982  0.284477  0.786551  0.282350  0.760564  0.348964  0.230009  0.862893  0.737099  0.712574  0.791298  0.549852  0.280783  0.724231  0.262723  0.533067  0.870713  0.681263  0.560165 
34  0.636857  0.590991  0.280795  0.295869  0.281432  0.268566  0.626950  0.728781  0.776544  0.836783  0.904371  0.812053  0.874293  0.757092  0.834343  0.170469  0.152267  0.878491  0.702688  0.723532  0.306197  0.299091  0.528530  0.285446  0.671932  0.685769  0.161644  0.756371  0.284491  0.231257  0.272069  0.777521  0.472263  0.294495 0.0  0.687065  0.719260  0.236264  0.454570  0.456456  0.732769  0.866786  0.642051  0.313053  0.745742  0.177850  0.756488  0.286998  0.231735  0.756917  0.728640  0.701507  0.896770  0.474244  0.317280  0.670722  0.158598  0.448383  0.875492  0.714586  0.425596 
35  0.762709  0.587617  0.705898  0.757964  0.780654  0.741593  0.858702  0.428877  0.805425  0.782931  0.216772  0.737461  0.614650  0.921908  0.785697  0.817489  0.721357  0.808030  0.706324  0.826694  0.673154  0.798113  0.747011  0.862645  0.757943  0.668846  0.769221  0.498422  0.675136  0.702379  0.792559  0.649329  0.684795  0.748005  0.687065 0.0  0.695794  0.866923  0.845628  0.863622  0.741943  0.701683  0.320830  0.749558  0.416576  0.709311  0.485265  0.673609  0.711969  0.757324  0.211728  0.832042  0.738279  0.749405  0.755920  0.305506  0.753151  0.852541  0.722519  0.870643  0.882833 
36  0.663005  0.555667  0.768168  0.766799  0.798344  0.921602  0.697613  0.776711  0.796697  0.101634  0.780232  0.831406  0.710848  0.136170  0.742562  0.904138  0.824055  0.680853  0.918328  0.173049  0.830049  0.806030  0.924918  0.938787  0.634934  0.676183  0.784564  0.865309  0.814374  0.739063  0.666408  0.812860  0.796647  0.749975  0.719260  0.695794 0.0  0.788403  0.792060  0.871319  0.220798  0.146663  0.709170  0.891696  0.742795  0.873708  0.792718  0.880105  0.732402  0.092327  0.813953  0.287800  0.869445  0.717806  0.825138  0.768110  0.903402  0.719454  0.811594  0.795080  0.873534 
37  0.774172  0.556347  0.212227  0.215923  0.214107  0.225409  0.898682  0.843290  0.740989  0.630917  0.748528  0.798291  0.691260  0.739161  0.777680  0.201531  0.231734  0.775364  0.782266  0.742521  0.218412  0.235974  0.451841  0.216972  0.731872  0.687034  0.195963  0.785441  0.209474  0.215055  0.217269  0.564932  0.427859  0.222788  0.236264  0.866923  0.788403 0.0  0.377683  0.452254  0.643588  0.803375  0.584783  0.251638  0.771697  0.226117  0.849555  0.219781  0.216481  0.821172  0.761402  0.720229  0.819750  0.481037  0.204734  0.657966  0.215514  0.399465  0.766322  0.771873  0.381935 
38  0.746368  0.454658  0.514551  0.419218  0.486600  0.567019  0.741969  0.885391  0.673625  0.910465  0.803475  0.871042  0.707023  0.800390  0.636341  0.534434  0.530050  0.682187  0.681210  0.843243  0.432926  0.505226  0.211922  0.454957  0.691462  0.809565  0.518410  0.637843  0.432339  0.474171  0.494901  0.773554  0.276328  0.519319  0.454570  0.845628  0.792060  0.377683 0.0  0.353573  0.720551  0.849850  0.754206  0.547986  0.696361  0.444509  0.647352  0.566968  0.393122  0.872888  0.723427  0.765954  0.805465  0.079464  0.550135  0.525863  0.445223  0.297546  0.828424  0.777642  0.195550 
39  0.556405  0.507360  0.446567  0.452681  0.520377  0.582173  0.759760  0.702276  0.863633  0.725636  0.802619  0.698684  0.702879  0.869930  0.722954  0.532038  0.475576  0.695166  0.718703  0.845008  0.505378  0.521369  0.342356  0.451299  0.667168  0.692847  0.489046  0.663989  0.471096  0.444876  0.465993  0.829035  0.174048  0.455028  0.456456  0.863622  0.871319  0.452254  0.353573 0.0  0.646676  0.758645  0.788838  0.438052  0.726195  0.446387  0.745529  0.453717  0.389639  0.905309  0.718382  0.885654  0.933813  0.331190  0.520704  0.781461  0.492047  0.141687  0.766404  0.805420  0.339321 
40  0.605705  0.574102  0.764766  0.860257  0.759986  0.695557  0.848659  0.636461  0.891703  0.210778  0.797984  0.862192  0.681063  0.241930  0.766340  0.733075  0.944744  0.834797  0.645416  0.219429  0.866072  0.802047  0.719563  0.792629  0.689543  0.641676  0.633024  0.611102  0.830599  0.779696  0.736968  0.799326  0.591744  0.727370  0.732769  0.741943  0.220798  0.643588  0.720551  0.646676 0.0  0.210323  0.680044  0.823391  0.770982  0.864236  0.841021  0.840660  0.888789  0.213608  0.503952  0.204350  0.809227  0.861914  0.825374  0.703992  0.788082  0.590806  0.779345  0.852125  0.657701 
41  0.732562  0.523243  0.892007  0.921277  0.666263  0.910931  0.931315  0.711176  0.684702  0.129034  0.844630  0.691645  0.711661  0.091832  0.754854  0.860886  0.725539  0.617169  0.832290  0.168503  0.765926  0.958663  0.755821  0.660699  0.792627  0.778360  0.869228  0.663683  1.000000  0.793278  0.789795  0.717203  0.907756  0.764997  0.866786  0.701683  0.146663  0.803375  0.849850  0.758645  0.210323 0.0  0.684879  0.942984  0.898847  0.883421  0.751808  0.787051  0.712345  0.139284  0.743946  0.296242  0.786569  0.771140  0.781439  0.745141  0.799116  0.899935  0.735359  0.709659  0.857211 
42  0.611641  0.568246  0.635454  0.694257  0.698236  0.678045  0.734662  0.351032  0.649707  0.667063  0.304838  0.709130  0.679210  0.641560  0.647271  0.704972  0.613365  0.725439  0.729556  0.712586  0.653933  0.702388  0.701149  0.686378  0.857657  0.625103  0.729260  0.342563  0.615271  0.765718  0.702921  0.801789  0.675829  0.631982  0.642051  0.320830  0.709170  0.584783  0.754206  0.788838  0.680044  0.684879 0.0  0.684838  0.329872  0.614311  0.318201  0.649853  0.619215  0.707085  0.322890  0.784841  0.767619  0.648489  0.672780  0.079464  0.763387  0.760443  0.664102  0.720678  0.614021 
43  0.697415  0.515491  0.317739  0.262605  0.350049  0.079464  0.800159  0.855254  0.694713  0.822903  0.733062  0.806112  0.815290  0.862428  0.636311  0.295620  0.296121  0.722711  0.655174  0.774923  0.127214  0.125427  0.419524  0.299447  0.745798  0.618796  0.324911  0.929713  0.274176  0.232327  0.284212  0.882653  0.495269  0.284477  0.313053  0.749558  0.891696  0.251638  0.547986  0.438052  0.823391  0.942984  0.684838 0.0  0.591869  0.365404  0.671458  0.079464  0.212115  0.753307  0.741770  0.744009  0.837557  0.499113  0.130894  0.784653  0.357167  0.541963  0.809379  0.715547  0.561884 
44  0.675305  0.626332  0.777674  0.781785  0.690182  0.641850  0.683572  0.241487  0.655717  0.833612  0.474914  0.785737  0.751118  0.715276  0.793710  0.780141  0.754591  0.745234  0.767677  0.842801  0.597010  0.714470  0.647715  0.666571  0.575282  0.630502  0.856950  0.206542  0.844776  0.833908  0.770330  0.695741  0.760981  0.786551  0.745742  0.416576  0.742795  0.771697  0.696361  0.726195  0.770982  0.898847  0.329872  0.591869 0.0  0.747110  0.079464  0.847799  0.690287  0.786808  0.437436  0.741116  0.799047  0.689666  0.662249  0.294822  0.785893  0.892897  0.748364  0.714899  0.613815 
45  0.668913  0.464784  0.247632  0.336316  0.291903  0.279766  0.768080  0.840713  0.820535  0.893819  0.797407  0.766915  0.690711  0.726223  0.797026  0.169866  0.218066  0.747760  0.645045  0.716036  0.319587  0.320627  0.518543  0.274057  0.712650  0.769471  0.140830  0.735777  0.305439  0.229210  0.265597  0.725803  0.466537  0.282350  0.177850  0.709311  0.873708  0.226117  0.444509  0.446387  0.864236  0.883421  0.614311  0.365404  0.747110 0.0  0.721608  0.362060  0.217737  0.887348  0.770065  0.746021  0.807510  0.500886  0.357129  0.680942  0.201666  0.440075  0.719221  0.882402  0.511562 
46  0.634662  0.423013  0.784978  0.657113  0.647012  0.742904  0.746850  0.192087  0.858181  0.721687  0.436362  0.811055  0.717763  0.702715  0.785662  0.708865  0.779663  0.793895  0.860221  0.851308  0.644880  0.678707  0.630122  0.803163  0.787620  0.650741  0.872976  0.220945  0.763345  0.752181  0.728847  0.699805  0.788608  0.760564  0.756488  0.485265  0.792718  0.849555  0.647352  0.745529  0.841021  0.751808  0.318201  0.671458  0.079464  0.721608 0.0  0.826829  0.809654  0.788937  0.419761  0.828742  0.765817  0.563874  0.796882  0.332040  0.699639  0.743196  0.842182  0.872926  0.632959 
47  0.648449  0.541924  0.310282  0.274364  0.307375  0.079464  0.843791  0.909639  0.862788  0.938778  0.729198  0.926806  0.687200  0.848562  0.842240  0.280440  0.336346  0.764386  0.724034  0.756882  0.133349  0.120065  0.476502  0.320767  0.637443  0.753407  0.341185  0.750802  0.330668  0.231386  0.295702  0.798701  0.412765  0.348964  0.286998  0.673609  0.880105  0.219781  0.566968  0.453717  0.840660  0.787051  0.649853  0.079464  0.847799  0.362060  0.826829 0.0  0.211173  0.686864  0.791900  0.805751  0.822046  0.564123  0.125331  0.708927  0.362720  0.474941  0.811366  0.745849  0.497209 
48  0.832217  0.551144  0.233707  0.216832  0.201295  0.227989  0.754351  0.717694  0.845748  0.670750  0.865524  0.797624  0.813938  0.694944  0.678319  0.209871  0.231598  0.663583  0.722473  0.703652  0.221659  0.204929  0.476516  0.237000  0.633042  0.622311  0.229563  0.662792  0.222340  0.204036  0.218619  0.910360  0.389900  0.230009  0.231735  0.711969  0.732402  0.216481  0.393122  0.389639  0.888789  0.712345  0.619215  0.212115  0.690287  0.217737  0.809654  0.211173 0.0  0.688865  0.755443  0.757549  0.754167  0.396353  0.216764  0.762599  0.203162  0.377103  0.795925  0.842465  0.485260 
49  0.655122  0.479252  0.776804  0.823268  0.736230  0.950351  0.847195  0.762405  0.706802  0.105557  0.880433  0.898451  0.694902  0.137804  0.750505  0.717382  0.810459  0.848384  0.790217  0.141889  0.794532  0.646686  0.744110  0.861962  0.628271  0.688764  0.803249  0.836886  0.875179  0.855023  0.827464  0.906638  0.720029  0.862893  0.756917  0.757324  0.092327  0.821172  0.872888  0.905309  0.213608  0.139284  0.707085  0.753307  0.786808  0.887348  0.788937  0.686864  0.688865 0.0  0.809266  0.264286  0.864551  0.700240  0.958446  0.653438  0.809586  0.908995  0.889082  0.732880  0.950689 
50  0.725128  0.454385  0.755851  0.751001  0.794908  0.703920  0.775491  0.483280  0.822431  0.830377  0.236361  0.809354  0.481745  0.741652  0.791214  0.713438  0.788637  0.722469  0.720554  0.739175  0.736507  0.815818  0.748892  0.898250  0.601301  0.710143  0.733831  0.452491  0.902109  0.815693  0.796262  0.748552  0.673536  0.737099  0.728640  0.211728  0.813953  0.761402  0.723427  0.718382  0.503952  0.743946  0.322890  0.741770  0.437436  0.770065  0.419761  0.791900  0.755443  0.809266 0.0  0.759523  0.735449  0.832808  0.807607  0.313536  0.640913  0.829367  0.782748  0.901040  0.797952 
51  0.741450  0.527173  0.775902  0.732103  0.830581  0.654400  0.683331  0.742081  0.784086  0.290774  0.810852  0.769739  0.686012  0.285181  0.662806  0.697801  0.921272  0.606794  0.665264  0.287132  0.728176  0.651277  0.976175  0.767540  0.722252  0.665860  0.770850  0.629161  0.756298  0.795500  0.938555  0.716925  0.806372  0.712574  0.701507  0.832042  0.287800  0.720229  0.765954  0.885654  0.204350  0.296242  0.784841  0.744009  0.741116  0.746021  0.828742  0.805751  0.757549  0.264286  0.759523 0.0  0.821794  0.726143  0.833859  0.692080  0.666765  0.724740  0.768375  0.720291  0.729082 
52  0.717041  0.465614  0.705171  0.721892  0.770256  0.738639  0.894767  0.722204  0.803896  0.850774  0.709147  0.131388  0.438325  0.736267  0.831048  0.728401  0.835015  0.224619  0.729013  0.861979  0.796534  0.824318  0.853663  0.699012  0.595633  0.702728  0.781082  0.738987  0.960024  0.717199  0.849168  0.132830  0.790949  0.791298  0.896770  0.738279  0.869445  0.819750  0.805465  0.933813  0.809227  0.786569  0.767619  0.837557  0.799047  0.807510  0.765817  0.822046  0.754167  0.864551  0.735449  0.821794 0.0  0.793951  0.911885  0.605843  0.874838  0.764304  0.681570  0.804865  0.812968 
53  0.778521  0.531712  0.458205  0.505621  0.476294  0.532532  0.888915  0.790499  0.673271  0.834485  0.751945  0.813434  0.644277  0.804669  0.805964  0.426502  0.483431  0.819802  0.674337  0.750651  0.579918  0.555709  0.234504  0.481889  0.608499  0.711897  0.503836  0.785630  0.539610  0.464907  0.471436  0.812254  0.310677  0.549852  0.474244  0.749405  0.717806  0.481037  0.079464  0.331190  0.861914  0.771140  0.648489  0.499113  0.689666  0.500886  0.563874  0.564123  0.396353  0.700240  0.832808  0.726143  0.793951 0.0  0.449021  0.797167  0.520621  0.352777  0.664886  0.735810  0.227719 
54  0.617721  0.531329  0.282618  0.284687  0.313180  0.141196  0.882709  0.803214  0.815519  0.851793  0.736828  0.868076  0.702660  0.819088  0.754765  0.293969  0.335660  0.865025  0.806972  0.834557  0.140078  0.133636  0.590277  0.281017  0.626646  0.717635  0.301907  0.822488  0.291882  0.188075  0.340073  0.900134  0.546295  0.280783  0.317280  0.755920  0.825138  0.204734  0.550135  0.520704  0.825374  0.781439  0.672780  0.130894  0.662249  0.357129  0.796882  0.125331  0.216764  0.958446  0.807607  0.833859  0.911885  0.449021 0.0  0.653484  0.323490  0.596725  0.802301  0.766656  0.494773 
55  0.650276  0.532850  0.787973  0.585884  0.725315  0.770625  0.649404  0.333217  0.602364  0.654550  0.320096  0.702089  0.735359  0.613028  0.761605  0.615817  0.670763  0.659399  0.642644  0.602753  0.753320  0.732905  0.766905  0.688750  0.636954  0.685654  0.753581  0.321795  0.622105  0.735010  0.721715  0.728551  0.600630  0.724231  0.670722  0.305506  0.768110  0.657966  0.525863  0.781461  0.703992  0.745141  0.079464  0.784653  0.294822  0.680942  0.332040  0.708927  0.762599  0.653438  0.313536  0.692080  0.605843  0.797167  0.653484 0.0  0.590689  0.613361  0.679354  0.703907  0.662759 
56  0.710287  0.545071  0.278266  0.297763  0.296091  0.354747  0.629807  0.846514  0.853812  0.883054  0.762556  0.733661  0.715034  0.807317  0.861295  0.169090  0.079464  0.793548  0.849007  0.797123  0.325579  0.364382  0.570091  0.272369  0.757193  0.668441  0.202446  0.753042  0.276404  0.224832  0.267797  0.895994  0.514625  0.262723  0.158598  0.753151  0.903402  0.215514  0.445223  0.492047  0.788082  0.799116  0.763387  0.357167  0.785893  0.201666  0.699639  0.362720  0.203162  0.809586  0.640913  0.666765  0.874838  0.520621  0.323490  0.590689 0.0  0.598725  0.790184  0.756354  0.451258 
57  0.761393  0.573068  0.469722  0.570953  0.463808  0.569771  0.907661  0.682039  0.686926  0.755182  0.784296  0.851758  0.949809  0.814563  0.821114  0.528107  0.523503  0.813881  0.805000  0.612653  0.512954  0.524205  0.311573  0.510947  0.682041  0.683154  0.495136  0.582323  0.476857  0.452211  0.459151  0.965616  0.170151  0.533067  0.448383  0.852541  0.719454  0.399465  0.297546  0.141687  0.590806  0.899935  0.760443  0.541963  0.892897  0.440075  0.743196  0.474941  0.377103  0.908995  0.829367  0.724740  0.764304  0.352777  0.596725  0.613361  0.598725 0.0  0.658638  0.813387  0.368125 
58  0.666902  0.510177  0.602873  0.643015  0.631549  0.624333  0.079464  0.796783  0.079464  0.717329  0.860373  0.860960  0.724848  0.802662  0.213349  0.789759  0.810670  0.729375  0.206539  0.677235  0.722737  0.859749  0.781592  0.858721  0.778078  0.774900  0.869833  0.851689  0.762498  0.752270  0.831808  0.841970  0.709395  0.870713  0.875492  0.722519  0.811594  0.766322  0.828424  0.766404  0.779345  0.735359  0.664102  0.809379  0.748364  0.719221  0.842182  0.811366  0.795925  0.889082  0.782748  0.768375  0.681570  0.664886  0.802301  0.679354  0.790184  0.658638 0.0  0.079464  0.851289 
59  0.747153  0.489077  0.729439  0.769823  0.782213  0.662495  0.079464  0.729698  0.079464  0.864135  0.633169  0.712298  0.842188  0.643271  0.217207  0.613927  0.846592  0.753960  0.202462  0.784916  0.787761  0.790047  0.758626  0.785316  0.851782  0.766969  0.711887  0.812328  0.782452  0.735677  0.729809  0.789465  0.742672  0.681263  0.714586  0.870643  0.795080  0.771873  0.777642  0.805420  0.852125  0.709659  0.720678  0.715547  0.714899  0.882402  0.872926  0.745849  0.842465  0.732880  0.901040  0.720291  0.804865  0.735810  0.766656  0.703907  0.756354  0.813387  0.079464 0.0  0.798846 
60  0.699471  0.641620  0.498574  0.518058  0.406785  0.633942  0.747098  0.741368  0.835292  0.775978  0.714004  0.900237  0.704036  0.821909  0.852049  0.527650  0.516119  0.725207  0.714948  0.835798  0.577417  0.519117  0.142983  0.500218  0.679199  0.717214  0.538852  0.733682  0.471089  0.410857  0.480792  0.860741  0.320152  0.560165  0.425596  0.882833  0.873534  0.381935  0.195550  0.339321  0.657701  0.857211  0.614021  0.561884  0.613815  0.511562  0.632959  0.497209  0.485260  0.950689  0.797952  0.729082  0.812968  0.227719  0.494773  0.662759  0.451258  0.368125  0.851289  0.798846 0.0 
