61
0 0.0  0.582326  0.657150  0.812371  0.771039  0.769586  0.785933  0.859427  0.759461  0.751579  0.877066  0.740096  0.704493  0.722144  0.765200  0.790477  0.792727  0.796618  0.757649  0.699812  0.792020  0.804716  0.782461  0.763660  0.662967  0.744081  0.872189  0.772802  0.700732  0.647499  0.698759  0.665494  0.841282  0.778725  0.765013  0.832758  0.631985  0.806623  0.736915  0.805142  0.673181  0.754341  0.786993  0.760017  0.720213  0.770521  0.742759  0.768811  0.604504  0.691851  0.730398  0.819989  0.788903  0.703538  0.798805  0.731510  0.796409  0.664430  0.749714  0.727085  0.717041 
1  0.582326 0.0  0.457565  0.553164  0.567802  0.570119  0.716561  0.555040  0.547580  0.475221  0.513901  0.508061  0.547977  0.542242  0.587692  0.658943  0.539589  0.575832  0.539051  0.655939  0.571299  0.631434  0.562929  0.546254  0.568456  0.499527  0.512330  0.552862  0.546161  0.447234  0.525657  0.575006  0.525211  0.554785  0.625647  0.475017  0.623667  0.554563  0.537983  0.612517  0.601433  0.555069  0.556223  0.509582  0.587597  0.547438  0.648571  0.543255  0.544585  0.544788  0.560344  0.583113  0.491294  0.686121  0.575241  0.649675  0.533243  0.651793  0.586437  0.617036  0.583828 
2  0.657150  0.457565 0.0  0.073047  0.191414  0.336060  0.761771  0.860623  0.791161  0.963150  0.829737  0.831225  0.709546  0.820464  0.799551  0.299482  0.377033  0.887549  0.820718  0.851483  0.341099  0.278328  0.553129  0.327513  0.676458  0.720538  0.314032  0.803468  0.237479  0.171914  0.343845  0.785815  0.467528  0.234356  0.331692  0.677608  0.887359  0.316244  0.581750  0.474801  0.671543  0.841820  0.645835  0.363339  0.817928  0.423800  0.828083  0.368613  0.222528  0.883147  0.753483  0.775675  0.835161  0.585864  0.277397  0.734189  0.402315  0.601280  0.832852  0.832063  0.433481 
3  0.812371  0.553164  0.073047 0.0  0.148669  0.329853  0.756524  0.867108  0.797228  0.800361  0.854504  0.861236  0.782294  0.808426  0.941925  0.332284  0.334734  0.756414  0.794607  0.859651  0.301456  0.388570  0.589262  0.295662  0.695311  0.858666  0.324985  0.774378  0.203796  0.244863  0.369391  0.810535  0.554644  0.175207  0.410137  0.893404  0.806987  0.265235  0.556946  0.440001  0.827319  0.919328  0.772552  0.329583  0.868088  0.338394  0.770281  0.377524  0.283132  0.854169  0.848162  0.827781  0.798398  0.514311  0.375768  0.747353  0.328449  0.478590  0.872812  0.848301  0.573547 
4  0.771039  0.567802  0.191414  0.148669 0.0  0.332245  0.830878  0.949761  0.879326  0.809930  0.714465  0.831437  0.893287  0.847169  0.713795  0.362725  0.357742  0.809429  0.836108  0.878069  0.266061  0.266669  0.581815  0.416828  0.748696  0.716731  0.361279  0.873776  0.073047  0.301487  0.288225  0.804736  0.594886  0.286510  0.423271  0.882248  0.809915  0.244782  0.532612  0.534608  0.885595  0.786936  0.762286  0.316010  0.724840  0.295301  0.853965  0.343621  0.244061  0.903244  0.752477  0.850473  0.831268  0.650810  0.328010  0.760520  0.302984  0.553756  0.867335  0.827722  0.535317 
5  0.769586  0.570119  0.336060  0.329853  0.332245 0.0  0.811398  0.905465  0.888104  0.985993  0.808749  0.938923  0.809089  0.905090  0.829995  0.298916  0.401722  0.685589  0.796478  0.833429  0.153654  0.118663  0.516569  0.438805  0.748929  0.704513  0.373758  0.847327  0.302867  0.328443  0.423890  0.853989  0.478936  0.282022  0.307849  0.902835  0.922170  0.327121  0.585744  0.650262  0.838018  0.877868  0.805728  0.073047  0.844846  0.471689  0.780570  0.073047  0.327584  0.955452  0.854708  0.794157  0.896990  0.553755  0.114177  0.749226  0.364010  0.647511  0.884439  0.720554  0.552048 
6  0.785933  0.716561  0.761771  0.756524  0.830878  0.811398 0.0  0.879037  0.073047  0.863584  0.735107  0.765094  0.859946  0.884149  0.271469  0.794481  0.832917  0.803981  0.203356  0.823418  0.839959  0.747303  0.789155  0.804093  0.719306  0.632181  0.911208  0.926488  0.946918  0.763294  0.797871  0.844393  0.914968  0.782994  0.785224  0.880698  0.801364  0.777933  0.839991  0.795290  0.838200  0.872484  0.818045  0.846434  0.881465  0.852518  0.896887  0.891966  0.813987  0.858957  0.787273  0.867544  0.775457  0.812137  0.831332  0.730197  0.762232  0.801743  0.133290  0.169526  0.765054 
7  0.859427  0.555040  0.860623  0.867108  0.949761  0.905465  0.879037 0.0  0.834796  0.899658  0.452230  0.858251  0.923630  0.796664  0.879462  0.871416  0.904132  0.769076  0.822863  0.806356  0.843557  0.894858  0.726127  0.833497  0.879377  0.673070  0.796466  0.153707  0.864807  0.823946  0.850549  0.713933  0.645011  0.694900  0.875689  0.474504  0.761285  0.865787  0.726863  0.613539  0.667661  0.931679  0.348310  0.832228  0.322043  0.831121  0.196014  0.878583  0.771508  0.885541  0.423306  0.919553  0.733804  0.833118  0.731805  0.270160  0.783388  0.670469  0.811054  0.779190  0.760378 
8  0.759461  0.547580  0.791161  0.797228  0.879326  0.888104  0.073047  0.834796 0.0  0.916357  0.871572  0.816939  0.909383  0.828796  0.266154  0.815758  0.924575  0.800000  0.179124  0.829642  0.870559  0.772536  0.811079  0.817092  0.737984  0.771764  0.881411  0.861283  0.790157  0.775572  0.911815  0.778668  0.848744  0.799490  0.745092  0.775717  0.798760  0.787887  0.696475  0.791033  0.794603  0.911372  0.666591  0.691756  0.805011  0.893037  0.741851  0.798165  0.809256  0.785173  0.758571  0.871716  0.818893  0.874567  0.831581  0.679215  0.827338  0.858957  0.073047  0.073047  0.729254 
9  0.751579  0.475221  0.963150  0.800361  0.809930  0.985993  0.863584  0.899658  0.916357 0.0  0.852006  0.924758  0.890971  0.169688  0.881597  0.818482  0.778676  0.745648  0.773377  0.176661  0.869050  0.944724  0.893452  0.888407  0.691281  0.744917  0.948804  0.719744  0.832739  0.914265  0.827848  0.891126  0.951935  0.812997  0.840762  0.749263  0.073047  0.806305  0.926516  0.976602  0.261146  0.257211  0.696856  0.870177  0.842021  0.888901  0.901187  0.876718  0.856772  0.140104  0.756298  0.327311  0.932408  0.974936  0.928504  0.747479  0.815850  0.800261  0.793864  0.844349  0.869335 
10  0.877066  0.513901  0.829737  0.854504  0.714465  0.808749  0.735107  0.452230  0.871572  0.852006 0.0  0.815687  0.579473  0.832708  0.813357  0.820472  0.751096  0.855225  0.886899  0.777231  0.897740  0.872566  0.819013  0.779736  0.750947  0.722918  0.828535  0.496592  0.688808  0.805599  0.868669  0.804294  0.807111  0.719136  0.839169  0.243036  0.749738  0.811071  0.808185  0.773867  0.747491  0.910376  0.407191  0.924449  0.522043  0.675997  0.574429  0.777847  0.798921  0.845424  0.247546  0.866903  0.934407  0.740341  0.894493  0.424310  0.809859  0.858404  0.908237  0.722562  0.891074 
11  0.740096  0.508061  0.831225  0.861236  0.831437  0.938923  0.765094  0.858251  0.816939  0.924758  0.815687 0.0  0.546358  0.837196  0.782185  0.892478  0.930951  0.130460  0.827009  0.897366  0.875051  0.808386  0.786780  0.961901  0.758263  0.615974  0.912375  0.793079  0.909766  0.713752  0.823581  0.073047  0.810096  0.789702  0.825029  0.856426  0.823310  0.785763  0.922110  0.846999  0.852804  0.974531  0.766680  0.944787  0.736778  0.959245  0.819010  0.884812  0.763957  0.847691  0.809238  0.883439  0.213070  0.902835  0.912360  0.704029  0.901191  0.865507  0.738124  0.827993  0.978034 
12  0.704493  0.547977  0.709546  0.782294  0.893287  0.809089  0.859946  0.923630  0.909383  0.890971  0.579473  0.546358 0.0  0.872626  0.779400  0.813805  0.829181  0.452190  0.875735  0.880317  0.794534  0.853423  0.878872  0.785189  0.676682  0.656148  0.749574  0.796968  0.774195  0.877950  0.761437  0.488962  0.800347  0.783396  0.876988  0.607499  0.817502  0.715586  0.890074  0.881044  0.723745  0.814208  0.747365  0.870298  0.770215  0.854467  0.863832  0.886944  0.928775  0.775192  0.601992  0.810966  0.401409  0.831116  0.723465  0.664501  0.779123  0.966933  0.820783  0.796888  0.842465 
13  0.722144  0.542242  0.820464  0.808426  0.847169  0.905090  0.884149  0.796664  0.828796  0.169688  0.832708  0.837196  0.872626 0.0  0.853862  0.859356  0.972758  0.717692  0.767336  0.101608  0.940056  0.920363  0.900548  0.859632  0.852071  0.749704  0.880400  0.748692  0.895621  0.709910  1.000000  0.795864  0.811356  0.912720  0.824868  0.909481  0.141883  0.888984  0.803145  0.969139  0.192704  0.105944  0.609814  0.806057  0.840629  0.811474  0.769063  0.922283  0.853170  0.136764  0.838610  0.342248  0.814783  0.900024  0.937094  0.680561  0.939549  0.916922  0.830306  0.789778  0.875016 
14  0.765200  0.587692  0.799551  0.941925  0.713795  0.829995  0.271469  0.879462  0.266154  0.881597  0.813357  0.782185  0.779400  0.853862 0.0  0.919349  0.895577  0.711055  0.073047  0.750774  0.837015  0.865316  0.738073  0.847027  0.859562  0.709982  0.795385  0.734465  0.843305  0.746956  0.843451  0.788132  0.849690  0.740202  0.724541  0.833394  0.935670  0.782527  0.796318  0.795262  0.856905  0.857435  0.776966  0.885905  0.874123  0.807140  0.834584  0.806488  0.786981  0.820518  0.798173  0.750214  0.859072  0.873737  0.846510  0.809310  0.750545  0.810621  0.279166  0.260255  0.785331 
15  0.790477  0.658943  0.299482  0.332284  0.362725  0.298916  0.794481  0.871416  0.815758  0.818482  0.820472  0.892478  0.813805  0.859356  0.919349 0.0  0.256008  0.854074  0.790203  0.858170  0.341950  0.273494  0.496591  0.188001  0.742680  0.702927  0.234187  0.773718  0.305797  0.268959  0.344811  0.839854  0.533164  0.244814  0.234728  0.849354  0.856323  0.288370  0.580898  0.647379  0.801827  0.880963  0.706501  0.319226  0.737669  0.153553  0.866454  0.344800  0.214564  0.837310  0.839906  0.779778  0.887301  0.509056  0.319057  0.716523  0.172162  0.529267  0.758632  0.822116  0.576191 
16  0.792727  0.539589  0.377033  0.334734  0.357742  0.401722  0.832917  0.904132  0.924575  0.778676  0.751096  0.930951  0.829181  0.972758  0.895577  0.256008 0.0  0.912129  0.810483  0.743183  0.407457  0.513881  0.577926  0.361782  0.758314  0.704321  0.176219  0.881373  0.358421  0.385445  0.265089  0.954559  0.524062  0.403580  0.172829  0.885514  0.874264  0.288670  0.644376  0.570465  0.839933  0.858851  0.738076  0.384378  0.917022  0.235711  0.837291  0.392100  0.252343  0.816440  0.794757  0.851256  0.979202  0.610181  0.323387  0.689758  0.125961  0.654677  0.835615  0.866704  0.612263 
17  0.796618  0.575832  0.887549  0.756414  0.809429  0.685589  0.803981  0.769076  0.800000  0.745648  0.855225  0.130460  0.452190  0.717692  0.711055  0.854074  0.912129 0.0  0.794370  0.779453  0.803430  0.862219  0.810174  0.727227  0.726926  0.806656  0.842251  0.840975  0.750484  0.792964  0.764418  0.240950  0.817552  0.868265  0.759380  0.781857  0.811942  0.844835  0.739680  0.833960  0.833564  0.793537  0.760537  0.800243  0.891066  0.707362  0.731947  0.780622  0.891942  0.825398  0.828348  0.886360  0.155894  0.832463  0.829080  0.689612  0.798251  0.811303  0.851304  0.819030  0.861737 
18  0.757649  0.539051  0.820718  0.794607  0.836108  0.796478  0.203356  0.822863  0.179124  0.773377  0.886899  0.827009  0.875735  0.767336  0.073047  0.790203  0.810483  0.794370 0.0  0.793650  0.863518  0.930920  0.879169  0.803236  0.726116  0.721758  0.840986  0.758706  0.804373  0.720648  0.795945  0.865062  0.870764  0.846071  0.774175  0.726228  0.788377  0.831564  0.751562  0.762941  0.810318  0.784745  0.625855  0.783558  0.778669  0.728505  0.843375  0.828443  0.750674  0.758237  0.808513  0.733115  0.903062  0.853297  0.785854  0.731769  0.858565  0.791664  0.286166  0.235407  0.835785 
19  0.699812  0.655939  0.851483  0.859651  0.878069  0.833429  0.823418  0.806356  0.829642  0.176661  0.777231  0.897366  0.880317  0.101608  0.750774  0.858170  0.743183  0.779453  0.793650 0.0  0.833345  0.853451  0.858937  0.798379  0.696800  0.802491  0.839551  0.709887  0.882910  0.915729  0.862250  0.804097  0.902629  0.886873  0.862641  0.716345  0.192817  0.635969  0.885849  0.842040  0.282662  0.262378  0.594755  0.819482  0.762983  0.848287  0.862171  0.878294  0.763565  0.076117  0.785053  0.405880  0.924604  0.966582  0.882032  0.744284  0.889689  0.916936  0.786909  0.862370  0.748458 
20  0.792020  0.571299  0.341099  0.301456  0.266061  0.153654  0.839959  0.843557  0.870559  0.869050  0.897740  0.875051  0.794534  0.940056  0.837015  0.341950  0.407457  0.803430  0.863518  0.833345 0.0  0.116209  0.631398  0.377681  0.779176  0.773947  0.442201  0.969175  0.382796  0.196773  0.279561  0.825378  0.670323  0.404282  0.439698  0.830831  0.874852  0.230944  0.663571  0.604979  0.782432  0.951548  0.654552  0.144599  0.765501  0.414861  0.758250  0.102539  0.289546  0.958319  0.752090  0.846479  0.842426  0.659292  0.106329  0.760442  0.315458  0.574109  0.819766  0.773757  0.582268 
21  0.804716  0.631434  0.278328  0.388570  0.266669  0.118663  0.747303  0.894858  0.772536  0.944724  0.872566  0.808386  0.853423  0.920363  0.865316  0.273494  0.513881  0.862219  0.930920  0.853451  0.116209 0.0  0.695212  0.329366  0.748138  0.761446  0.380638  0.835620  0.322150  0.193007  0.196082  0.890863  0.516947  0.347713  0.246074  0.867472  0.902200  0.196965  0.627537  0.637144  0.747676  0.910177  0.847589  0.073047  0.860029  0.384253  0.905088  0.100926  0.293573  0.840073  0.823122  0.797396  0.803428  0.614779  0.086439  0.791113  0.465827  0.608505  0.748235  0.887881  0.541304 
22  0.782461  0.562929  0.553129  0.589262  0.581815  0.516569  0.789155  0.726127  0.811079  0.893452  0.819013  0.786780  0.878872  0.900548  0.738073  0.496591  0.577926  0.810174  0.879169  0.858937  0.631398  0.695212 0.0  0.525121  0.767127  0.832731  0.616107  0.910058  0.575687  0.492528  0.485437  0.939880  0.386513  0.520365  0.528574  0.850629  0.939919  0.469593  0.240708  0.341549  0.836137  0.810928  0.711399  0.604773  0.667060  0.574942  0.653378  0.635654  0.456389  0.899239  0.847760  0.865646  0.789221  0.210603  0.595020  0.838775  0.640627  0.407313  0.723559  0.799567  0.095588 
23  0.763660  0.546254  0.327513  0.295662  0.416828  0.438805  0.804093  0.833497  0.817092  0.888407  0.779736  0.961901  0.785189  0.859632  0.847027  0.188001  0.361782  0.727227  0.803236  0.798379  0.377681  0.329366  0.525121 0.0  0.600853  0.759050  0.275609  0.803172  0.284877  0.210085  0.208364  0.886779  0.600146  0.390682  0.368842  0.844695  0.780256  0.227492  0.565450  0.596346  0.815390  0.847882  0.795824  0.334938  0.852374  0.391056  0.860054  0.354591  0.207143  0.858237  0.823579  0.889011  0.871252  0.595853  0.330907  0.786876  0.294384  0.506007  0.820260  0.816332  0.565425 
24  0.662967  0.568456  0.676458  0.695311  0.748696  0.748929  0.719306  0.879377  0.737984  0.691281  0.750947  0.758263  0.676682  0.852071  0.859562  0.742680  0.758314  0.726926  0.726116  0.696800  0.779176  0.748138  0.767127  0.600853 0.0  0.073047  0.699088  0.683752  0.657199  0.757082  0.689363  0.810115  0.781475  0.748488  0.684812  0.668847  0.744418  0.711236  0.695999  0.715672  0.707158  0.706461  0.721741  0.699661  0.707926  0.662392  0.797479  0.679338  0.830968  0.675219  0.766993  0.760408  0.692443  0.700689  0.790673  0.652073  0.706848  0.783354  0.886197  0.699797  0.826907 
25  0.744081  0.499527  0.720538  0.858666  0.716731  0.704513  0.632181  0.673070  0.771764  0.744917  0.722918  0.615974  0.656148  0.749704  0.709982  0.702927  0.704321  0.806656  0.721758  0.802491  0.773947  0.761446  0.832731  0.759050  0.073047 0.0  0.754040  0.609758  0.672240  0.763287  0.822756  0.806740  0.724136  0.720768  0.629639  0.822926  0.785199  0.740044  0.736268  0.729581  0.667969  0.727623  0.750121  0.779609  0.730332  0.770116  0.691253  0.782101  0.779020  0.807882  0.823646  0.660681  0.748370  0.814099  0.716838  0.770444  0.782764  0.822176  0.761480  0.780039  0.752865 
26  0.872189  0.512330  0.314032  0.324985  0.361279  0.373758  0.911208  0.796466  0.881411  0.948804  0.828535  0.912375  0.749574  0.880400  0.795385  0.234187  0.176219  0.842251  0.840986  0.839551  0.442201  0.380638  0.616107  0.275609  0.699088  0.754040 0.0  0.891060  0.434261  0.187741  0.390882  0.877741  0.595002  0.351417  0.305021  0.904794  0.832039  0.150436  0.504713  0.496045  0.788902  0.809118  0.677477  0.437534  0.714370  0.107270  0.866405  0.358868  0.261611  0.806407  0.832889  0.892859  0.918151  0.609949  0.402020  0.868255  0.306807  0.551572  0.781154  0.759302  0.587411 
27  0.772802  0.552862  0.803468  0.774378  0.873776  0.847327  0.926488  0.153707  0.861283  0.719744  0.496592  0.793079  0.796968  0.748692  0.734465  0.773718  0.881373  0.840975  0.758706  0.709887  0.969175  0.835620  0.910058  0.803172  0.683752  0.609758  0.891060 0.0  0.847616  0.775567  0.848944  0.887002  0.586604  0.775421  0.808205  0.419035  0.743435  0.864587  0.746065  0.634450  0.743715  0.769545  0.456789  0.841016  0.219663  0.793214  0.269809  0.852238  0.862699  0.876614  0.522655  0.734092  0.789544  0.822407  0.779683  0.345665  0.870683  0.642844  0.874713  0.740729  0.816464 
28  0.700732  0.546161  0.237479  0.203796  0.073047  0.302867  0.946918  0.864807  0.790157  0.832739  0.688808  0.909766  0.774195  0.895621  0.843305  0.305797  0.358421  0.750484  0.804373  0.882910  0.382796  0.322150  0.575687  0.284877  0.657199  0.672240  0.434261  0.847616 0.0  0.165955  0.291973  0.701409  0.678103  0.179806  0.330386  0.822278  0.904930  0.184540  0.618939  0.519595  0.880991  0.799926  0.842661  0.360087  0.692235  0.354019  0.743949  0.312253  0.270368  0.854001  0.857775  0.898420  0.961085  0.447374  0.310684  0.789589  0.428428  0.538455  0.902032  0.857693  0.533470 
29  0.647499  0.447234  0.171914  0.244863  0.301487  0.328443  0.763294  0.823946  0.775572  0.914265  0.805599  0.713752  0.877950  0.709910  0.746956  0.268959  0.385445  0.792964  0.720648  0.915729  0.196773  0.193007  0.492528  0.210085  0.757082  0.763287  0.187741  0.775567  0.165955 0.0  0.230622  0.775370  0.496419  0.314882  0.182773  0.723442  0.799400  0.281874  0.577851  0.515074  0.867820  0.769620  0.686463  0.298067  0.702920  0.179455  0.914025  0.274772  0.254087  0.824346  0.861600  0.816997  0.716874  0.491894  0.322363  0.848929  0.272990  0.520698  0.773476  0.820261  0.499567 
30  0.698759  0.525657  0.343845  0.369391  0.288225  0.423890  0.797871  0.850549  0.911815  0.827848  0.868669  0.823581  0.761437  1.000000  0.843451  0.344811  0.265089  0.764418  0.795945  0.862250  0.279561  0.196082  0.485437  0.208364  0.689363  0.822756  0.390882  0.848944  0.291973  0.230622 0.0  0.878752  0.467787  0.408728  0.390368  0.829797  0.919195  0.167861  0.455583  0.540686  0.702056  0.921728  0.809464  0.311607  0.835915  0.344473  0.776936  0.284091  0.324876  0.957875  0.791254  0.832484  0.844203  0.527750  0.269316  0.736084  0.385662  0.519202  0.764055  0.709649  0.537838 
31  0.665494  0.575006  0.785815  0.810535  0.804736  0.853989  0.844393  0.713933  0.778668  0.891126  0.804294  0.073047  0.488962  0.795864  0.788132  0.839854  0.954559  0.240950  0.865062  0.804097  0.825378  0.890863  0.939880  0.886779  0.810115  0.806740  0.877741  0.887002  0.701409  0.775370  0.878752 0.0  0.931231  0.900684  0.920037  0.787436  0.879954  0.840431  0.996859  0.877569  0.768705  0.831518  0.670137  0.857619  0.843709  0.810798  0.918122  0.873923  0.837374  0.926361  0.800597  0.874364  0.073047  0.846613  0.911059  0.645426  0.904611  0.888987  0.821867  0.762568  0.940957 
32  0.841282  0.525211  0.467528  0.554644  0.594886  0.478936  0.914968  0.645011  0.848744  0.951935  0.807111  0.810096  0.800347  0.811356  0.849690  0.533164  0.524062  0.817552  0.870764  0.902629  0.670323  0.516947  0.386513  0.600146  0.781475  0.724136  0.595002  0.586604  0.678103  0.496419  0.467787  0.931231 0.0  0.576943  0.631841  0.725656  0.784684  0.334887  0.291502  0.094532  0.671755  0.824521  0.803778  0.592995  0.793713  0.558998  0.833656  0.605986  0.407376  0.835389  0.898808  0.833238  0.804541  0.354572  0.651213  0.692075  0.639954  0.169649  0.842393  0.851089  0.300182 
33  0.778725  0.554785  0.234356  0.175207  0.286510  0.282022  0.782994  0.694900  0.799490  0.812997  0.719136  0.789702  0.783396  0.912720  0.740202  0.244814  0.403580  0.868265  0.846071  0.886873  0.404282  0.347713  0.520365  0.390682  0.748488  0.720768  0.351417  0.775421  0.179806  0.314882  0.408728  0.900684  0.576943 0.0  0.273482  0.706844  0.800057  0.248464  0.560125  0.593349  0.764086  0.818471  0.713037  0.361412  0.837070  0.315572  0.858029  0.406444  0.208328  0.892146  0.883418  0.850430  0.972396  0.532423  0.290155  0.711190  0.320201  0.531423  0.943754  0.692724  0.621911 
34  0.765013  0.625647  0.331692  0.410137  0.423271  0.307849  0.785224  0.875689  0.745092  0.840762  0.839169  0.825029  0.876988  0.824868  0.724541  0.234728  0.172829  0.759380  0.774175  0.862641  0.439698  0.246074  0.528574  0.368842  0.684812  0.629639  0.305021  0.808205  0.330386  0.182773  0.390368  0.920037  0.631841  0.273482 0.0  0.788390  0.821636  0.186648  0.628880  0.657097  0.836658  0.974774  0.744805  0.407485  0.750926  0.126843  0.793862  0.342404  0.299933  0.851377  0.874346  0.849278  0.787747  0.619843  0.293797  0.753962  0.144263  0.596620  0.831250  0.851552  0.587996 
35  0.832758  0.475017  0.677608  0.893404  0.882248  0.902835  0.880698  0.474504  0.775717  0.749263  0.243036  0.856426  0.607499  0.909481  0.833394  0.849354  0.885514  0.781857  0.726228  0.716345  0.830831  0.867472  0.850629  0.844695  0.668847  0.822926  0.904794  0.419035  0.822278  0.723442  0.829797  0.787436  0.725656  0.706844  0.788390 0.0  0.786361  0.883885  0.839725  0.827966  0.887634  0.752045  0.326431  0.826761  0.521547  0.810712  0.489367  0.742278  0.825027  0.886179  0.249161  0.786646  0.878508  0.761802  0.735144  0.336573  0.879929  0.806165  0.780731  0.783450  0.783315 
36  0.631985  0.623667  0.887359  0.806987  0.809915  0.922170  0.801364  0.761285  0.798760  0.073047  0.749738  0.823310  0.817502  0.141883  0.935670  0.856323  0.874264  0.811942  0.788377  0.192817  0.874852  0.902200  0.939919  0.780256  0.744418  0.785199  0.832039  0.743435  0.904930  0.799400  0.919195  0.879954  0.784684  0.800057  0.821636  0.786361 0.0  0.792398  0.870580  0.856598  0.186983  0.264314  0.764059  0.903425  0.736106  0.808471  0.790989  0.810185  0.864999  0.081930  0.832871  0.299939  0.889808  0.825865  0.917631  0.606351  0.851114  0.862346  0.808254  0.862193  0.853132 
37  0.806623  0.554563  0.316244  0.265235  0.244782  0.327121  0.777933  0.865787  0.787887  0.806305  0.811071  0.785763  0.715586  0.888984  0.782527  0.288370  0.288670  0.844835  0.831564  0.635969  0.230944  0.196965  0.469593  0.227492  0.711236  0.740044  0.150436  0.864587  0.184540  0.281874  0.167861  0.840431  0.334887  0.248464  0.186648  0.883885  0.792398 0.0  0.520406  0.312024  0.903079  0.879245  0.773093  0.342717  0.880998  0.281933  0.905557  0.196149  0.243461  0.779033  0.897589  0.852712  0.827467  0.570146  0.237587  0.723126  0.169642  0.414428  0.801209  0.800129  0.424961 
38  0.736915  0.537983  0.581750  0.556946  0.532612  0.585744  0.839991  0.726863  0.696475  0.926516  0.808185  0.922110  0.890074  0.803145  0.796318  0.580898  0.644376  0.739680  0.751562  0.885849  0.663571  0.627537  0.240708  0.565450  0.695999  0.736268  0.504713  0.746065  0.618939  0.577851  0.455583  0.996859  0.291502  0.560125  0.628880  0.839725  0.870580  0.520406 0.0  0.373556  0.858380  0.931347  0.834730  0.652052  0.716093  0.512077  0.615550  0.676064  0.473525  0.849235  0.710101  0.895818  0.934225  0.073047  0.647215  0.820423  0.581639  0.384131  0.799871  0.748417  0.232144 
39  0.805142  0.612517  0.474801  0.440001  0.534608  0.650262  0.795290  0.613539  0.791033  0.976602  0.773867  0.846999  0.881044  0.969139  0.795262  0.647379  0.570465  0.833960  0.762941  0.842040  0.604979  0.637144  0.341549  0.596346  0.715672  0.729581  0.496045  0.634450  0.519595  0.515074  0.540686  0.877569  0.094532  0.593349  0.657097  0.827966  0.856598  0.312024  0.373556 0.0  0.534736  0.970840  0.635348  0.744091  0.865491  0.663349  0.882259  0.539531  0.611575  0.893610  0.899701  0.900676  0.789257  0.306028  0.606295  0.669032  0.615173  0.161325  0.830885  0.783889  0.389549 
40  0.673181  0.601433  0.671543  0.827319  0.885595  0.838018  0.838200  0.667661  0.794603  0.261146  0.747491  0.852804  0.723745  0.192704  0.856905  0.801827  0.839933  0.833564  0.810318  0.282662  0.782432  0.747676  0.836137  0.815390  0.707158  0.667969  0.788902  0.743715  0.880991  0.867820  0.702056  0.768705  0.671755  0.764086  0.836658  0.887634  0.186983  0.903079  0.858380  0.534736 0.0  0.271918  0.750179  0.804199  0.827309  0.843388  0.812211  0.835808  0.791673  0.189489  0.885367  0.184909  0.779094  0.842210  0.804547  0.708982  0.826184  0.553286  0.820724  0.724525  0.797800 
41  0.754341  0.555069  0.841820  0.919328  0.786936  0.877868  0.872484  0.931679  0.911372  0.257211  0.910376  0.974531  0.814208  0.105944  0.857435  0.880963  0.858851  0.793537  0.784745  0.262378  0.951548  0.910177  0.810928  0.847882  0.706461  0.727623  0.809118  0.769545  0.799926  0.769620  0.921728  0.831518  0.824521  0.818471  0.974774  0.752045  0.264314  0.879245  0.931347  0.970840  0.271918 0.0  0.693558  0.965725  0.820297  0.903867  0.662699  0.817832  0.771815  0.270677  0.724452  0.301074  0.915220  0.916602  0.855141  0.817583  0.838865  0.831754  0.799025  0.715930  0.861625 
42  0.786993  0.556223  0.645835  0.772552  0.762286  0.805728  0.818045  0.348310  0.666591  0.696856  0.407191  0.766680  0.747365  0.609814  0.776966  0.706501  0.738076  0.760537  0.625855  0.594755  0.654552  0.847589  0.711399  0.795824  0.721741  0.750121  0.677477  0.456789  0.842661  0.686463  0.809464  0.670137  0.803778  0.713037  0.744805  0.326431  0.764059  0.773093  0.834730  0.635348  0.750179  0.693558 0.0  0.787201  0.381337  0.780724  0.320186  0.722238  0.687233  0.729419  0.256340  0.812263  0.816741  0.733415  0.735489  0.092985  0.710358  0.803536  0.775150  0.820172  0.666788 
43  0.760017  0.509582  0.363339  0.329583  0.316010  0.073047  0.846434  0.832228  0.691756  0.870177  0.924449  0.944787  0.870298  0.806057  0.885905  0.319226  0.384378  0.800243  0.783558  0.819482  0.144599  0.073047  0.604773  0.334938  0.699661  0.779609  0.437534  0.841016  0.360087  0.298067  0.311607  0.857619  0.592995  0.361412  0.407485  0.826761  0.903425  0.342717  0.652052  0.744091  0.804199  0.965725  0.787201 0.0  0.847948  0.425620  0.819071  0.102227  0.265904  0.860490  0.817930  0.804131  0.912024  0.598573  0.168979  0.793508  0.451691  0.680547  0.731247  0.878765  0.484717 
44  0.720213  0.587597  0.817928  0.868088  0.724840  0.844846  0.881465  0.322043  0.805011  0.842021  0.522043  0.736778  0.770215  0.840629  0.874123  0.737669  0.917022  0.891066  0.778669  0.762983  0.765501  0.860029  0.667060  0.852374  0.707926  0.730332  0.714370  0.219663  0.692235  0.702920  0.835915  0.843709  0.793713  0.837070  0.750926  0.521547  0.736106  0.880998  0.716093  0.865491  0.827309  0.820297  0.381337  0.847948 0.0  0.890227  0.086596  0.787866  0.797658  0.840522  0.469153  0.928179  0.829649  0.735014  0.876511  0.305482  0.880424  0.860609  0.776297  0.818200  0.597473 
45  0.770521  0.547438  0.423800  0.338394  0.295301  0.471689  0.852518  0.831121  0.893037  0.888901  0.675997  0.959245  0.854467  0.811474  0.807140  0.153553  0.235711  0.707362  0.728505  0.848287  0.414861  0.384253  0.574942  0.391056  0.662392  0.770116  0.107270  0.793214  0.354019  0.179455  0.344473  0.810798  0.558998  0.315572  0.126843  0.810712  0.808471  0.281933  0.512077  0.663349  0.843388  0.903867  0.780724  0.425620  0.890227 0.0  0.692313  0.253591  0.248038  0.872811  0.824553  0.930720  0.846979  0.540098  0.408339  0.729394  0.212074  0.602672  0.823894  0.763490  0.582516 
46  0.742759  0.648571  0.828083  0.770281  0.853965  0.780570  0.896887  0.196014  0.741851  0.901187  0.574429  0.819010  0.863832  0.769063  0.834584  0.866454  0.837291  0.731947  0.843375  0.862171  0.758250  0.905088  0.653378  0.860054  0.797479  0.691253  0.866405  0.269809  0.743949  0.914025  0.776936  0.918122  0.833656  0.858029  0.793862  0.489367  0.790989  0.905557  0.615550  0.882259  0.812211  0.662699  0.320186  0.819071  0.086596  0.692313 0.0  0.826213  0.946829  0.848929  0.541669  0.831818  0.772709  0.703863  0.796324  0.402548  0.781130  0.786639  0.841771  0.750202  0.620923 
47  0.768811  0.543255  0.368613  0.377524  0.343621  0.073047  0.891966  0.878583  0.798165  0.876718  0.777847  0.884812  0.886944  0.922283  0.806488  0.344800  0.392100  0.780622  0.828443  0.878294  0.102539  0.100926  0.635654  0.354591  0.679338  0.782101  0.358868  0.852238  0.312253  0.274772  0.284091  0.873923  0.605986  0.406444  0.342404  0.742278  0.810185  0.196149  0.676064  0.539531  0.835808  0.817832  0.722238  0.102227  0.787866  0.253591  0.826213 0.0  0.207286  0.904448  0.687634  0.851175  0.877847  0.579076  0.177120  0.705103  0.456246  0.573659  0.723794  0.845676  0.592369 
48  0.604504  0.544585  0.222528  0.283132  0.244061  0.327584  0.813987  0.771508  0.809256  0.856772  0.798921  0.763957  0.928775  0.853170  0.786981  0.214564  0.252343  0.891942  0.750674  0.763565  0.289546  0.293573  0.456389  0.207143  0.830968  0.779020  0.261611  0.862699  0.270368  0.254087  0.324876  0.837374  0.407376  0.208328  0.299933  0.825027  0.864999  0.243461  0.473525  0.611575  0.791673  0.771815  0.687233  0.265904  0.797658  0.248038  0.946829  0.207286 0.0  0.734943  0.837974  0.800244  0.769043  0.496683  0.285951  0.691937  0.284791  0.441622  0.832330  0.738961  0.523889 
49  0.691851  0.544788  0.883147  0.854169  0.903244  0.955452  0.858957  0.885541  0.785173  0.140104  0.845424  0.847691  0.775192  0.136764  0.820518  0.837310  0.816440  0.825398  0.758237  0.076117  0.958319  0.840073  0.899239  0.858237  0.675219  0.807882  0.806407  0.876614  0.854001  0.824346  0.957875  0.926361  0.835389  0.892146  0.851377  0.886179  0.081930  0.779033  0.849235  0.893610  0.189489  0.270677  0.729419  0.860490  0.840522  0.872811  0.848929  0.904448  0.734943 0.0  0.739990  0.391406  0.842871  0.956210  0.880662  0.797530  0.842185  0.931334  0.865031  0.801942  0.916850 
50  0.730398  0.560344  0.753483  0.848162  0.752477  0.854708  0.787273  0.423306  0.758571  0.756298  0.247546  0.809238  0.601992  0.838610  0.798173  0.839906  0.794757  0.828348  0.808513  0.785053  0.752090  0.823122  0.847760  0.823579  0.766993  0.823646  0.832889  0.522655  0.857775  0.861600  0.791254  0.800597  0.898808  0.883418  0.874346  0.249161  0.832871  0.897589  0.710101  0.899701  0.885367  0.724452  0.256340  0.817930  0.469153  0.824553  0.541669  0.687634  0.837974  0.739990 0.0  0.751388  0.869072  0.819041  0.807255  0.298523  0.872829  0.836249  0.886146  0.874434  0.805886 
51  0.819989  0.583113  0.775675  0.827781  0.850473  0.794157  0.867544  0.919553  0.871716  0.327311  0.866903  0.883439  0.810966  0.342248  0.750214  0.779778  0.851256  0.886360  0.733115  0.405880  0.846479  0.797396  0.865646  0.889011  0.760408  0.660681  0.892859  0.734092  0.898420  0.816997  0.832484  0.874364  0.833238  0.850430  0.849278  0.786646  0.299939  0.852712  0.895818  0.900676  0.184909  0.301074  0.812263  0.804131  0.928179  0.930720  0.831818  0.851175  0.800244  0.391406  0.751388 0.0  0.878442  0.850408  0.868025  0.748841  0.827395  0.804214  0.891863  0.881059  0.807863 
52  0.788903  0.491294  0.835161  0.798398  0.831268  0.896990  0.775457  0.733804  0.818893  0.932408  0.934407  0.213070  0.401409  0.814783  0.859072  0.887301  0.979202  0.155894  0.903062  0.924604  0.842426  0.803428  0.789221  0.871252  0.692443  0.748370  0.918151  0.789544  0.961085  0.716874  0.844203  0.073047  0.804541  0.972396  0.787747  0.878508  0.889808  0.827467  0.934225  0.789257  0.779094  0.915220  0.816741  0.912024  0.829649  0.846979  0.772709  0.877847  0.769043  0.842871  0.869072  0.878442 0.0  0.937543  0.889899  0.719711  0.890191  0.831141  0.771926  0.764090  0.928434 
53  0.703538  0.686121  0.585864  0.514311  0.650810  0.553755  0.812137  0.833118  0.874567  0.974936  0.740341  0.902835  0.831116  0.900024  0.873737  0.509056  0.610181  0.832463  0.853297  0.966582  0.659292  0.614779  0.210603  0.595853  0.700689  0.814099  0.609949  0.822407  0.447374  0.491894  0.527750  0.846613  0.354572  0.532423  0.619843  0.761802  0.825865  0.570146  0.073047  0.306028  0.842210  0.916602  0.733415  0.598573  0.735014  0.540098  0.703863  0.579076  0.496683  0.956210  0.819041  0.850408  0.937543 0.0  0.553475  0.712350  0.645242  0.441438  0.822572  0.752782  0.338059 
54  0.798805  0.575241  0.277397  0.375768  0.328010  0.114177  0.831332  0.731805  0.831581  0.928504  0.894493  0.912360  0.723465  0.937094  0.846510  0.319057  0.323387  0.829080  0.785854  0.882032  0.106329  0.086439  0.595020  0.330907  0.790673  0.716838  0.402020  0.779683  0.310684  0.322363  0.269316  0.911059  0.651213  0.290155  0.293797  0.735144  0.917631  0.237587  0.647215  0.606295  0.804547  0.855141  0.735489  0.168979  0.876511  0.408339  0.796324  0.177120  0.285951  0.880662  0.807255  0.868025  0.889899  0.553475 0.0  0.724789  0.291966  0.607948  0.748944  0.883767  0.659681 
55  0.731510  0.649675  0.734189  0.747353  0.760520  0.749226  0.730197  0.270160  0.679215  0.747479  0.424310  0.704029  0.664501  0.680561  0.809310  0.716523  0.689758  0.689612  0.731769  0.744284  0.760442  0.791113  0.838775  0.786876  0.652073  0.770444  0.868255  0.345665  0.789589  0.848929  0.736084  0.645426  0.692075  0.711190  0.753962  0.336573  0.606351  0.723126  0.820423  0.669032  0.708982  0.817583  0.092985  0.793508  0.305482  0.729394  0.402548  0.705103  0.691937  0.797530  0.298523  0.748841  0.719711  0.712350  0.724789 0.0  0.760444  0.771496  0.732470  0.699927  0.777739 
56  0.796409  0.533243  0.402315  0.328449  0.302984  0.364010  0.762232  0.783388  0.827338  0.815850  0.809859  0.901191  0.779123  0.939549  0.750545  0.172162  0.125961  0.798251  0.858565  0.889689  0.315458  0.465827  0.640627  0.294384  0.706848  0.782764  0.306807  0.870683  0.428428  0.272990  0.385662  0.904611  0.639954  0.320201  0.144263  0.879929  0.851114  0.169642  0.581639  0.615173  0.826184  0.838865  0.710358  0.451691  0.880424  0.212074  0.781130  0.456246  0.284791  0.842185  0.872829  0.827395  0.890191  0.645242  0.291966  0.760444 0.0  0.505272  0.750898  0.833485  0.528405 
57  0.664430  0.651793  0.601280  0.478590  0.553756  0.647511  0.801743  0.670469  0.858957  0.800261  0.858404  0.865507  0.966933  0.916922  0.810621  0.529267  0.654677  0.811303  0.791664  0.916936  0.574109  0.608505  0.407313  0.506007  0.783354  0.822176  0.551572  0.642844  0.538455  0.520698  0.519202  0.888987  0.169649  0.531423  0.596620  0.806165  0.862346  0.414428  0.384131  0.161325  0.553286  0.831754  0.803536  0.680547  0.860609  0.602672  0.786639  0.573659  0.441622  0.931334  0.836249  0.804214  0.831141  0.441438  0.607948  0.771496  0.505272 0.0  0.884362  0.823747  0.352527 
58  0.749714  0.586437  0.832852  0.872812  0.867335  0.884439  0.133290  0.811054  0.073047  0.793864  0.908237  0.738124  0.820783  0.830306  0.279166  0.758632  0.835615  0.851304  0.286166  0.786909  0.819766  0.748235  0.723559  0.820260  0.886197  0.761480  0.781154  0.874713  0.902032  0.773476  0.764055  0.821867  0.842393  0.943754  0.831250  0.780731  0.808254  0.801209  0.799871  0.830885  0.820724  0.799025  0.775150  0.731247  0.776297  0.823894  0.841771  0.723794  0.832330  0.865031  0.886146  0.891863  0.771926  0.822572  0.748944  0.732470  0.750898  0.884362 0.0  0.120396  0.849632 
59  0.727085  0.617036  0.832063  0.848301  0.827722  0.720554  0.169526  0.779190  0.073047  0.844349  0.722562  0.827993  0.796888  0.789778  0.260255  0.822116  0.866704  0.819030  0.235407  0.862370  0.773757  0.887881  0.799567  0.816332  0.699797  0.780039  0.759302  0.740729  0.857693  0.820261  0.709649  0.762568  0.851089  0.692724  0.851552  0.783450  0.862193  0.800129  0.748417  0.783889  0.724525  0.715930  0.820172  0.878765  0.818200  0.763490  0.750202  0.845676  0.738961  0.801942  0.874434  0.881059  0.764090  0.752782  0.883767  0.699927  0.833485  0.823747  0.120396 0.0  0.868761 
60  0.717041  0.583828  0.433481  0.573547  0.535317  0.552048  0.765054  0.760378  0.729254  0.869335  0.891074  0.978034  0.842465  0.875016  0.785331  0.576191  0.612263  0.861737  0.835785  0.748458  0.582268  0.541304  0.095588  0.565425  0.826907  0.752865  0.587411  0.816464  0.533470  0.499567  0.537838  0.940957  0.300182  0.621911  0.587996  0.783315  0.853132  0.424961  0.232144  0.389549  0.797800  0.861625  0.666788  0.484717  0.597473  0.582516  0.620923  0.592369  0.523889  0.916850  0.805886  0.807863  0.928434  0.338059  0.659681  0.777739  0.528405  0.352527  0.849632  0.868761 0.0 
