61
0 0.0  0.554100  0.716234  0.704098  0.719397  0.718895  0.735275  0.723248  0.684628  0.773311  0.804606  0.715548  0.749924  0.779717  0.724534  0.745681  0.720459  0.639384  0.740360  0.757911  0.707877  0.750608  0.729748  0.685000  0.649776  0.757050  0.758297  0.761856  0.763741  0.664027  0.708277  0.740639  0.724857  0.724448  0.701683  0.709933  0.743967  0.747337  0.700608  0.728361  0.665347  0.672849  0.662260  0.675193  0.724289  0.741398  0.699268  0.742176  0.770603  0.855111  0.645361  0.722077  0.649501  0.771930  0.727760  0.730279  0.808504  0.714209  0.607105  0.685483  0.688133 
1  0.554100 0.0  0.552874  0.557160  0.582073  0.487232  0.568431  0.577687  0.501839  0.612660  0.502289  0.647287  0.528071  0.622634  0.617187  0.486991  0.523173  0.510687  0.515244  0.564448  0.546900  0.575298  0.585640  0.599679  0.624999  0.591612  0.541465  0.569944  0.517386  0.582345  0.602968  0.607743  0.438496  0.547305  0.576426  0.507963  0.583555  0.507832  0.562895  0.521260  0.529789  0.540106  0.547767  0.666262  0.579128  0.607292  0.527022  0.644351  0.512701  0.595701  0.560028  0.471425  0.543703  0.602489  0.508370  0.612494  0.675460  0.567457  0.594010  0.658740  0.590660 
2  0.716234  0.552874 0.0  0.113622  0.215671  0.338832  0.794544  0.817826  0.745620  0.844708  0.803013  0.790389  0.744865  0.833151  0.860769  0.370895  0.275271  0.843114  0.710934  0.853690  0.359394  0.342195  0.554017  0.260349  0.807077  0.722753  0.291155  0.789147  0.209060  0.270405  0.361542  0.878619  0.453991  0.220859  0.312334  0.796178  0.812167  0.152757  0.498238  0.523898  0.738256  0.916439  0.705673  0.340856  0.774630  0.322237  0.741214  0.371857  0.185832  0.878102  0.580112  0.859455  0.861087  0.483093  0.297671  0.677805  0.304463  0.497492  0.774539  0.691756  0.444293 
3  0.704098  0.557160  0.113622 0.0  0.179641  0.418068  0.736943  0.832131  0.753100  0.862370  0.879802  0.828872  0.788462  0.768912  0.802388  0.265409  0.378247  0.854865  0.800005  0.797297  0.348720  0.293958  0.554533  0.332604  0.727494  0.687682  0.418713  0.738745  0.308315  0.228315  0.384367  0.814612  0.632234  0.140148  0.283129  0.815568  0.879826  0.198499  0.500290  0.524084  0.798435  0.915673  0.616076  0.304031  0.787571  0.318698  0.825444  0.245792  0.224988  0.783776  0.771538  0.875789  0.814160  0.600642  0.340451  0.852052  0.394067  0.430509  0.683194  0.790933  0.461093 
4  0.719397  0.582073  0.215671  0.179641 0.0  0.339266  0.777653  0.820042  0.755690  0.923449  0.686968  0.738999  0.747653  0.906577  0.849627  0.354342  0.339932  0.716260  0.792073  0.736651  0.397621  0.382268  0.501422  0.318551  0.710019  0.789592  0.311155  0.798854  0.079068  0.170848  0.289158  0.881809  0.538498  0.266011  0.328120  0.814740  0.814009  0.265795  0.609075  0.490359  0.742882  0.844889  0.736986  0.410822  0.751637  0.384058  0.856643  0.304174  0.130585  0.845994  0.891839  0.915093  0.861429  0.469830  0.313829  0.780176  0.275128  0.569340  0.718091  0.845070  0.552329 
5  0.718895  0.487232  0.338832  0.418068  0.339266 0.0  0.820738  0.778618  0.808117  0.820647  0.874368  0.842707  0.731338  0.812662  0.793413  0.274787  0.453526  0.786713  0.856487  0.812704  0.212732  0.144136  0.630679  0.310516  0.613950  0.691659  0.343108  0.880715  0.431458  0.268572  0.379639  0.849962  0.561358  0.347390  0.280729  0.814429  0.666555  0.195131  0.604607  0.528858  0.814061  0.761003  0.767080  0.082593  0.826191  0.383536  0.838699  0.134244  0.312399  0.887148  0.789812  0.748714  0.790604  0.625788  0.210623  0.683478  0.376013  0.560916  0.842158  0.702109  0.575022 
6  0.735275  0.568431  0.794544  0.736943  0.777653  0.820738 0.0  0.765712  0.088406  0.809892  0.771629  0.888028  0.822245  0.853752  0.253146  0.719563  0.741074  0.848504  0.278499  0.768286  0.849358  0.763416  0.745430  0.775388  0.704303  0.728856  0.769524  0.729435  0.832897  0.838758  0.816291  0.814799  0.801637  0.811992  0.799541  0.744902  0.810806  0.745557  0.806905  0.793891  0.753405  0.740653  0.707802  0.807880  0.834300  0.856756  0.785553  0.844035  0.678167  0.718812  0.723904  0.757078  0.722315  0.749133  0.785281  0.706178  0.842719  0.771093  0.124120  0.079068  0.756794 
7  0.723248  0.577687  0.817826  0.832131  0.820042  0.778618  0.765712 0.0  0.754387  0.827121  0.545882  0.690123  0.739215  0.862511  0.705440  0.793928  0.742903  0.713504  0.741901  0.862305  0.889200  0.807375  0.763881  0.758198  0.638979  0.714883  0.714682  0.079068  0.789199  0.709193  0.713156  0.747885  0.681478  0.774827  0.784944  0.430260  0.845483  0.724776  0.732769  0.583674  0.561464  0.701699  0.273529  0.774065  0.233916  0.765021  0.313845  0.750719  0.834440  0.709922  0.418413  0.829769  0.864068  0.708843  0.777506  0.297407  0.769665  0.724465  0.738350  0.872522  0.855714 
8  0.684628  0.501839  0.745620  0.753100  0.755690  0.808117  0.088406  0.754387 0.0  0.835793  0.801939  0.726842  0.795116  0.859774  0.253215  0.833924  0.793471  0.800923  0.230980  0.754183  0.676693  0.751168  0.899660  0.869392  0.716476  0.636630  0.770832  0.793706  0.833171  0.780262  0.858055  0.766920  0.781996  0.899648  0.767857  0.811380  0.780294  0.831275  0.822250  0.829908  0.889608  0.697106  0.671880  0.764474  0.755113  0.707589  0.838071  0.850080  0.889817  0.779836  0.780803  0.776431  0.752873  0.712769  0.825389  0.701853  0.751480  0.745873  0.079068  0.079874  0.775438 
9  0.773311  0.612660  0.844708  0.862370  0.923449  0.820647  0.809892  0.827121  0.835793 0.0  0.893505  0.828802  0.800305  0.202050  0.853220  0.892343  0.732018  0.790999  0.887023  0.161547  0.855089  0.923018  0.852600  0.848440  0.722810  0.817541  0.850860  0.787488  0.751489  0.775486  0.859516  0.952677  0.891709  0.837046  0.864545  0.791077  0.079068  0.799953  0.852827  0.837009  0.238316  0.163678  0.721912  0.836621  0.828243  0.771517  0.802504  0.882193  0.777805  0.127159  0.801789  0.319848  0.925859  0.993717  0.894305  0.721589  0.985414  0.951944  0.730111  0.808306  0.815724 
10  0.804606  0.502289  0.803013  0.879802  0.686968  0.874368  0.771629  0.545882  0.801939  0.893505 0.0  0.850147  0.536596  0.701061  0.697519  0.789037  0.725776  0.864500  0.836286  0.880797  0.720275  0.837504  0.715624  0.828571  0.719432  0.714392  0.888032  0.498221  0.730974  0.829477  0.807322  0.752075  0.784889  0.849089  0.817717  0.197487  0.750351  0.879834  0.858830  0.749316  0.821105  0.836709  0.379384  0.740991  0.534188  0.819145  0.388864  0.815838  0.874215  0.778323  0.224207  0.755155  0.741834  0.803895  0.760575  0.308667  0.814689  0.747715  0.852048  0.872284  0.734092 
11  0.715548  0.647287  0.790389  0.828872  0.738999  0.842707  0.888028  0.690123  0.726842  0.828802  0.850147 0.0  0.398430  0.877576  0.761533  0.854007  0.827875  0.266783  0.767249  0.938094  0.866591  0.849484  0.791602  0.833535  0.680300  0.777852  0.847005  0.766020  0.849592  0.852901  0.803224  0.147699  0.841906  0.807434  0.878142  0.747785  0.853305  0.727171  0.865397  0.899053  0.819458  0.858735  0.717668  0.892419  0.933260  0.869228  0.783311  0.886005  0.822366  0.760577  0.941741  0.884985  0.214048  0.812166  0.856024  0.674917  0.840768  0.963533  0.746283  0.783014  0.844727 
12  0.749924  0.528071  0.744865  0.788462  0.747653  0.731338  0.822245  0.739215  0.795116  0.800305  0.536596  0.398430 0.0  0.690928  0.835133  0.801069  0.907823  0.492636  0.856680  0.799587  0.844709  0.737480  0.792198  0.807360  0.689462  0.705448  0.743227  0.862282  0.779395  0.753334  0.875400  0.430022  0.796494  0.814042  0.818885  0.557983  0.786001  0.752857  0.821087  0.746928  0.735857  0.793474  0.645963  0.789004  0.720261  0.778961  0.738045  0.760010  0.667298  0.819802  0.621656  0.828472  0.531417  0.785733  0.755697  0.698089  0.714244  0.797881  0.783704  0.703307  0.730129 
13  0.779717  0.622634  0.833151  0.768912  0.906577  0.812662  0.853752  0.862511  0.859774  0.202050  0.701061  0.877576  0.690928 0.0  0.751796  0.736871  0.742502  0.789856  0.721760  0.254707  0.863933  0.870018  0.878160  0.812707  0.712764  0.754740  0.737963  0.752208  0.828298  0.738813  0.834514  0.869559  0.833666  0.741534  0.781059  0.794864  0.234605  0.811656  0.945195  0.945850  0.195770  0.079068  0.700492  0.731937  0.791658  0.823075  0.783940  0.854225  0.837831  0.117858  0.777138  0.347421  0.913729  0.813859  0.948089  0.722207  0.849868  0.900820  0.730799  0.664242  0.914240 
14  0.724534  0.617187  0.860769  0.802388  0.849627  0.793413  0.253146  0.705440  0.253215  0.853220  0.697519  0.761533  0.835133  0.751796 0.0  0.759822  0.849806  0.772242  0.079068  0.834718  0.830592  0.770422  0.728806  0.889520  0.780257  0.820591  0.731664  0.773762  0.772444  0.801349  0.780293  0.826515  0.896466  0.766516  0.764960  0.703884  0.719248  0.738693  0.827440  0.758121  0.682753  0.838946  0.756102  0.745102  0.768452  0.850174  0.831785  0.783894  0.792895  0.739660  0.748163  0.859834  0.766103  0.677273  0.838061  0.848626  0.785199  0.871410  0.184591  0.270837  0.789859 
15  0.745681  0.486991  0.370895  0.265409  0.354342  0.274787  0.719563  0.793928  0.833924  0.892343  0.789037  0.854007  0.801069  0.736871  0.759822 0.0  0.203642  0.738848  0.711465  0.864638  0.354399  0.355283  0.488838  0.279480  0.678643  0.621956  0.227845  1.000000  0.302201  0.323579  0.379000  0.762660  0.479029  0.335523  0.157251  0.776663  0.817587  0.269800  0.544722  0.585645  0.879178  0.883789  0.708676  0.355706  0.787362  0.155975  0.738346  0.292555  0.154060  0.902397  0.835108  0.826869  0.887142  0.523118  0.225554  0.643862  0.220098  0.590591  0.818333  0.726253  0.461379 
16  0.720459  0.523173  0.275271  0.378247  0.339932  0.453526  0.741074  0.742903  0.793471  0.732018  0.725776  0.827875  0.907823  0.742502  0.849806  0.203642 0.0  0.783902  0.870911  0.799219  0.419337  0.417621  0.587087  0.332898  0.684735  0.733701  0.282437  0.841082  0.270481  0.248666  0.335089  0.869406  0.607026  0.365673  0.149047  0.774803  0.809987  0.303049  0.528212  0.504482  0.826545  0.783862  0.709551  0.439520  0.725562  0.282151  0.787134  0.345826  0.228347  0.866505  0.814495  0.864384  0.756673  0.506395  0.402378  0.737682  0.123210  0.569560  0.784333  0.775267  0.576108 
17  0.639384  0.510687  0.843114  0.854865  0.716260  0.786713  0.848504  0.713504  0.800923  0.790999  0.864500  0.266783  0.492636  0.789856  0.772242  0.738848  0.783902 0.0  0.740960  0.767442  0.798916  0.785754  0.689082  0.710647  0.685640  0.633418  0.783735  0.745170  0.765524  0.841189  0.813917  0.274116  0.750872  0.787414  0.859783  0.837411  0.750606  0.887968  0.728455  0.730467  0.811403  0.745012  0.608753  0.826745  0.778990  0.772118  0.828267  0.850444  0.781629  0.810459  0.862324  0.816692  0.295514  0.774985  0.792764  0.692025  0.682103  0.783243  0.875588  0.735250  0.864872 
18  0.740360  0.515244  0.710934  0.800005  0.792073  0.856487  0.278499  0.741901  0.230980  0.887023  0.836286  0.767249  0.856680  0.721760  0.079068  0.711465  0.870911  0.740960 0.0  0.807695  0.739954  0.703170  0.778183  0.890359  0.594659  0.761369  0.717391  0.747614  0.726894  0.798345  0.841033  0.835521  0.696555  0.716371  0.809187  0.835981  0.751129  0.798597  0.774029  0.889231  0.738258  0.754429  0.723687  0.742949  0.764926  0.793320  0.845316  0.764311  0.776986  0.749441  0.799675  0.790296  0.786362  0.778630  0.880989  0.625189  0.771075  0.601066  0.199005  0.237108  0.949494 
19  0.757911  0.564448  0.853690  0.797297  0.736651  0.812704  0.768286  0.862305  0.754183  0.161547  0.880797  0.938094  0.799587  0.254707  0.834718  0.864638  0.799219  0.767442  0.807695 0.0  0.854462  0.884193  0.825534  0.915963  0.737302  0.649551  0.735608  0.934630  0.773422  0.826413  0.893527  0.895023  0.813279  0.881539  0.790195  0.773977  0.097509  0.848556  0.747325  0.936289  0.267937  0.184730  0.626891  0.794251  0.868337  0.837628  0.778005  0.956478  0.889571  0.173589  0.811815  0.202853  0.762465  0.811724  0.837127  0.744455  0.887669  0.859662  0.778668  0.812453  0.764896 
20  0.707877  0.546900  0.359394  0.348720  0.397621  0.212732  0.849358  0.889200  0.676693  0.855089  0.720275  0.866591  0.844709  0.863933  0.830592  0.354399  0.419337  0.798916  0.739954  0.854462 0.0  0.132934  0.506400  0.339432  0.750110  0.728536  0.333444  0.763306  0.320966  0.283445  0.321118  0.897693  0.570931  0.466765  0.353975  0.848392  0.810369  0.247670  0.503908  0.602834  0.941105  0.790358  0.692948  0.098013  0.766863  0.472336  0.773119  0.093924  0.219038  0.900631  0.770855  0.826401  0.875572  0.607876  0.154535  0.732559  0.363516  0.634957  0.937974  0.719956  0.570522 
21  0.750608  0.575298  0.342195  0.293958  0.382268  0.144136  0.763416  0.807375  0.751168  0.923018  0.837504  0.849484  0.737480  0.870018  0.770422  0.355283  0.417621  0.785754  0.703170  0.884193  0.132934 0.0  0.550708  0.299025  0.730965  0.692496  0.353722  0.852939  0.346924  0.300219  0.387429  0.850086  0.545081  0.351690  0.339072  0.756997  0.819599  0.248182  0.522154  0.545235  0.906419  0.797290  0.628269  0.160308  0.712162  0.399333  0.817714  0.125506  0.234049  0.786375  0.778922  0.869858  0.806113  0.531243  0.232254  0.681706  0.381217  0.496973  0.821295  0.804365  0.495122 
22  0.729748  0.585640  0.554017  0.554533  0.501422  0.630679  0.745430  0.763881  0.899660  0.852600  0.715624  0.791602  0.792198  0.878160  0.728806  0.488838  0.587087  0.689082  0.778183  0.825534  0.506400  0.550708 0.0  0.486920  0.699329  0.668881  0.557060  0.855224  0.588564  0.470771  0.562921  0.868909  0.251398  0.542624  0.538357  0.776224  0.882722  0.499736  0.252367  0.342883  0.746726  0.834391  0.698357  0.707166  0.562896  0.557065  0.665792  0.636590  0.520100  0.897209  0.879558  0.791659  0.805622  0.171166  0.662315  0.738779  0.601931  0.413769  0.750813  0.748869  0.080604 
23  0.685000  0.599679  0.260349  0.332604  0.318551  0.310516  0.775388  0.758198  0.869392  0.848440  0.828571  0.833535  0.807360  0.812707  0.889520  0.279480  0.332898  0.710647  0.890359  0.915963  0.339432  0.299025  0.486920 0.0  0.710501  0.658459  0.456955  0.750743  0.326010  0.203251  0.141387  0.785426  0.483941  0.299620  0.398862  0.760805  0.846484  0.224714  0.550797  0.621071  0.750792  0.879689  0.704772  0.280676  0.777360  0.288578  0.724665  0.306823  0.277844  0.840391  0.738819  0.840263  0.812243  0.491926  0.357727  0.719574  0.371881  0.579179  0.761687  0.853625  0.590292 
24  0.649776  0.624999  0.807077  0.727494  0.710019  0.613950  0.704303  0.638979  0.716476  0.722810  0.719432  0.680300  0.689462  0.712764  0.780257  0.678643  0.684735  0.685640  0.594659  0.737302  0.750110  0.730965  0.699329  0.710501 0.0  0.079068  0.733060  0.651996  0.753572  0.653348  0.596566  0.690386  0.769662  0.701821  0.639898  0.704170  0.707736  0.686732  0.688024  0.694742  0.623010  0.709400  0.724401  0.816643  0.750134  0.660880  0.677123  0.700527  0.725544  0.740837  0.699860  0.759966  0.707994  0.781998  0.807714  0.791048  0.720337  0.693817  0.751227  0.728232  0.688849 
25  0.757050  0.591612  0.722753  0.687682  0.789592  0.691659  0.728856  0.714883  0.636630  0.817541  0.714392  0.777852  0.705448  0.754740  0.820591  0.621956  0.733701  0.633418  0.761369  0.649551  0.728536  0.692496  0.668881  0.658459  0.079068 0.0  0.700138  0.729704  0.683408  0.627483  0.673160  0.674666  0.742735  0.710291  0.781762  0.734381  0.739999  0.735488  0.761860  0.762965  0.682872  0.783294  0.784915  0.685692  0.728331  0.683660  0.641095  0.687847  0.689225  0.834298  0.716221  0.773136  0.608570  0.703206  0.627652  0.651307  0.722099  0.756128  0.820123  0.731935  0.711439 
26  0.758297  0.541465  0.291155  0.418713  0.311155  0.343108  0.769524  0.714682  0.770832  0.850860  0.888032  0.847005  0.743227  0.737963  0.731664  0.227845  0.282437  0.783735  0.717391  0.735608  0.333444  0.353722  0.557060  0.456955  0.733060  0.700138 0.0  0.699741  0.363681  0.259342  0.406382  0.760278  0.532751  0.283590  0.134658  0.714922  0.822133  0.300854  0.430788  0.569920  0.713453  0.843280  0.771252  0.356505  0.811523  0.109944  0.751484  0.437285  0.240297  0.869915  0.783108  0.869737  0.848158  0.608244  0.481744  0.653748  0.237612  0.608264  0.740608  0.824888  0.454672 
27  0.761856  0.569944  0.789147  0.738745  0.798854  0.880715  0.729435  0.079068  0.793706  0.787488  0.498221  0.766020  0.862282  0.752208  0.773762  1.000000  0.841082  0.745170  0.747614  0.934630  0.763306  0.852939  0.855224  0.750743  0.651996  0.729704  0.699741 0.0  0.743600  0.702671  0.783109  0.794611  0.560827  0.800034  0.745737  0.476840  0.798047  0.742659  0.775377  0.607939  0.702489  0.756945  0.322840  0.872833  0.269571  0.792046  0.212254  0.719848  0.755438  0.823659  0.416769  0.668148  0.781800  0.853778  0.758019  0.344374  0.787877  0.602046  0.747278  0.757585  0.683592 
28  0.763741  0.517386  0.209060  0.308315  0.079068  0.431458  0.832897  0.789199  0.833171  0.751489  0.730974  0.849592  0.779395  0.828298  0.772444  0.302201  0.270481  0.765524  0.726894  0.773422  0.320966  0.346924  0.588564  0.326010  0.753572  0.683408  0.363681  0.743600 0.0  0.312947  0.314587  0.868828  0.506606  0.169257  0.287960  0.793710  0.727727  0.292959  0.516407  0.470817  0.740447  0.781499  0.625100  0.403156  0.774155  0.410153  0.885101  0.375969  0.200149  0.781260  0.830959  0.740807  0.902125  0.532998  0.282386  0.716198  0.458700  0.466034  0.782168  0.796773  0.467416 
29  0.664027  0.582345  0.270405  0.228315  0.170848  0.268572  0.838758  0.709193  0.780262  0.775486  0.829477  0.852901  0.753334  0.738813  0.801349  0.323579  0.248666  0.841189  0.798345  0.826413  0.283445  0.300219  0.470771  0.203251  0.653348  0.627483  0.259342  0.702671  0.312947 0.0  0.230876  0.706637  0.363959  0.106541  0.282406  0.832502  0.734079  0.227554  0.424609  0.434395  0.824619  0.854018  0.694003  0.192764  0.788444  0.221483  0.749391  0.222688  0.249078  0.691532  0.804607  0.629107  0.932728  0.523424  0.265584  0.719537  0.284373  0.432571  0.800894  0.777822  0.514503 
30  0.708277  0.602968  0.361542  0.384367  0.289158  0.379639  0.816291  0.713156  0.858055  0.859516  0.807322  0.803224  0.875400  0.834514  0.780293  0.379000  0.335089  0.813917  0.841033  0.893527  0.321118  0.387429  0.562921  0.141387  0.596566  0.673160  0.406382  0.783109  0.314587  0.230876 0.0  0.717464  0.470080  0.351924  0.321583  0.867059  0.859092  0.274246  0.549875  0.538011  0.713714  0.767973  0.668081  0.266731  0.822260  0.304264  0.779433  0.356069  0.217657  0.825461  0.877417  0.887078  0.835260  0.583910  0.301942  0.752984  0.359461  0.604191  0.786346  0.765173  0.602214 
31  0.740639  0.607743  0.878619  0.814612  0.881809  0.849962  0.814799  0.747885  0.766920  0.952677  0.752075  0.147699  0.430022  0.869559  0.826515  0.762660  0.869406  0.274116  0.835521  0.895023  0.897693  0.850086  0.868909  0.785426  0.690386  0.674666  0.760278  0.794611  0.868828  0.706637  0.717464 0.0  0.912955  0.901392  0.859649  0.781675  0.796669  0.750203  0.781805  0.950290  0.871481  0.925835  0.768733  0.793325  0.667444  0.912930  0.794439  0.818423  0.805612  0.826546  0.747984  0.739499  0.191515  0.863183  0.871563  0.796832  0.857489  0.925578  0.739444  0.794807  0.848152 
32  0.724857  0.438496  0.453991  0.632234  0.538498  0.561358  0.801637  0.681478  0.781996  0.891709  0.784889  0.841906  0.796494  0.833666  0.896466  0.479029  0.607026  0.750872  0.696555  0.813279  0.570931  0.545081  0.251398  0.483941  0.769662  0.742735  0.532751  0.560827  0.506606  0.363959  0.470080  0.912955 0.0  0.702655  0.461142  0.822416  0.860031  0.518593  0.395671  0.175766  0.606213  0.834290  0.706384  0.532872  0.848362  0.539448  0.814341  0.544220  0.437297  0.795294  0.862325  0.874647  0.904132  0.276031  0.518827  0.687527  0.554446  0.115028  0.679376  0.745027  0.338972 
33  0.724448  0.547305  0.220859  0.140148  0.266011  0.347390  0.811992  0.774827  0.899648  0.837046  0.849089  0.807434  0.814042  0.741534  0.766516  0.335523  0.365673  0.787414  0.716371  0.881539  0.466765  0.351690  0.542624  0.299620  0.701821  0.710291  0.283590  0.800034  0.169257  0.106541  0.351924  0.901392  0.702655 0.0  0.385850  0.856511  0.808819  0.182323  0.606757  0.560985  0.747975  0.804583  0.622248  0.371701  0.843685  0.300078  0.723110  0.238817  0.265723  0.814817  0.809744  0.738555  0.771676  0.591060  0.375885  0.713007  0.449789  0.542414  0.776310  0.788397  0.533812 
34  0.701683  0.576426  0.312334  0.283129  0.328120  0.280729  0.799541  0.784944  0.767857  0.864545  0.817717  0.878142  0.818885  0.781059  0.764960  0.157251  0.149047  0.859783  0.809187  0.790195  0.353975  0.339072  0.538357  0.398862  0.639898  0.781762  0.134658  0.745737  0.287960  0.282406  0.321583  0.859649  0.461142  0.385850 0.0  0.795657  0.828210  0.241853  0.660890  0.419883  0.800592  0.772213  0.722640  0.359863  0.844148  0.215476  0.812860  0.452011  0.294167  0.868235  0.772268  0.826964  0.798461  0.580065  0.339608  0.846824  0.285204  0.584616  0.795834  0.749723  0.533377 
35  0.709933  0.507963  0.796178  0.815568  0.814740  0.814429  0.744902  0.430260  0.811380  0.791077  0.197487  0.747785  0.557983  0.794864  0.703884  0.776663  0.774803  0.837411  0.835981  0.773977  0.848392  0.756997  0.776224  0.760805  0.704170  0.734381  0.714922  0.476840  0.793710  0.832502  0.867059  0.781675  0.822416  0.856511  0.795657 0.0  0.743400  0.836352  0.814852  0.753655  0.706390  0.775919  0.175788  0.797843  0.448401  0.750639  0.365572  0.886340  0.738644  0.853665  0.163925  0.801247  0.743522  0.793948  0.923619  0.369595  0.753600  0.787245  0.736679  0.795763  0.716635 
36  0.743967  0.583555  0.812167  0.879826  0.814009  0.666555  0.810806  0.845483  0.780294  0.079068  0.750351  0.853305  0.786001  0.234605  0.719248  0.817587  0.809987  0.750606  0.751129  0.097509  0.810369  0.819599  0.882722  0.846484  0.707736  0.739999  0.822133  0.798047  0.727727  0.734079  0.859092  0.796669  0.860031  0.808819  0.828210  0.743400 0.0  0.718300  0.769643  0.818551  0.139727  0.098350  0.719078  0.836574  0.793904  0.892395  0.675260  0.828743  0.798523  0.105670  0.801768  0.284395  0.822069  0.850021  0.927855  0.802426  0.850683  0.926252  0.782306  0.824084  0.807625 
37  0.747337  0.507832  0.152757  0.198499  0.265795  0.195131  0.745557  0.724776  0.831275  0.799953  0.879834  0.727171  0.752857  0.811656  0.738693  0.269800  0.303049  0.887968  0.798597  0.848556  0.247670  0.248182  0.499736  0.224714  0.686732  0.735488  0.300854  0.742659  0.292959  0.227554  0.274246  0.750203  0.518593  0.182323  0.241853  0.836352  0.718300 0.0  0.428153  0.510248  0.831526  0.671210  0.854002  0.192425  0.712954  0.296897  0.775787  0.243829  0.283544  0.780314  0.776109  0.851128  0.815097  0.445623  0.280308  0.726307  0.264357  0.512066  0.740195  0.807463  0.479540 
38  0.700608  0.562895  0.498238  0.500290  0.609075  0.604607  0.806905  0.732769  0.822250  0.852827  0.858830  0.865397  0.821087  0.945195  0.827440  0.544722  0.528212  0.728455  0.774029  0.747325  0.503908  0.522154  0.252367  0.550797  0.688024  0.761860  0.430788  0.775377  0.516407  0.424609  0.549875  0.781805  0.395671  0.606757  0.660890  0.814852  0.769643  0.428153 0.0  0.427336  0.829545  0.935999  0.815992  0.552122  0.719918  0.542072  0.594161  0.487844  0.518181  0.848116  0.792718  0.738824  0.840822  0.117568  0.635508  0.688595  0.575721  0.377560  0.693834  0.820445  0.273855 
39  0.728361  0.521260  0.523898  0.524084  0.490359  0.528858  0.793891  0.583674  0.829908  0.837009  0.749316  0.899053  0.746928  0.945850  0.758121  0.585645  0.504482  0.730467  0.889231  0.936289  0.602834  0.545235  0.342883  0.621071  0.694742  0.762965  0.569920  0.607939  0.470817  0.434395  0.538011  0.950290  0.175766  0.560985  0.419883  0.753655  0.818551  0.510248  0.427336 0.0  0.748077  0.860823  0.707799  0.657332  0.829897  0.597543  0.860826  0.581132  0.544540  0.879196  0.799812  0.829801  0.888468  0.458978  0.559929  0.799285  0.655122  0.249121  0.867077  0.802415  0.448492 
40  0.665347  0.529789  0.738256  0.798435  0.742882  0.814061  0.753405  0.561464  0.889608  0.238316  0.821105  0.819458  0.735857  0.195770  0.682753  0.879178  0.826545  0.811403  0.738258  0.267937  0.941105  0.906419  0.746726  0.750792  0.623010  0.682872  0.713453  0.702489  0.740447  0.824619  0.713714  0.871481  0.606213  0.747975  0.800592  0.706390  0.139727  0.831526  0.829545  0.748077 0.0  0.287931  0.752560  0.839170  0.786860  0.810638  0.783071  0.766567  0.791390  0.178393  0.786534  0.178471  0.804502  0.663709  0.806438  0.662749  0.795378  0.617799  0.745708  0.802820  0.726965 
41  0.672849  0.540106  0.916439  0.915673  0.844889  0.761003  0.740653  0.701699  0.697106  0.163678  0.836709  0.858735  0.793474  0.079068  0.838946  0.883789  0.783862  0.745012  0.754429  0.184730  0.790358  0.797290  0.834391  0.879689  0.709400  0.783294  0.843280  0.756945  0.781499  0.854018  0.767973  0.925835  0.834290  0.804583  0.772213  0.775919  0.098350  0.671210  0.935999  0.860823  0.287931 0.0  0.802497  0.749079  0.868510  0.830786  0.776119  0.836697  0.861269  0.119493  0.767728  0.304279  0.859572  0.808631  0.952187  0.676911  0.897770  0.786793  0.754667  0.765632  0.852516 
42  0.662260  0.547767  0.705673  0.616076  0.736986  0.767080  0.707802  0.273529  0.671880  0.721912  0.379384  0.717668  0.645963  0.700492  0.756102  0.708676  0.709551  0.608753  0.723687  0.626891  0.692948  0.628269  0.698357  0.704772  0.724401  0.784915  0.771252  0.322840  0.625100  0.694003  0.668081  0.768733  0.706384  0.622248  0.722640  0.175788  0.719078  0.854002  0.815992  0.707799  0.752560  0.802497 0.0  0.594390  0.330927  0.697520  0.357771  0.767533  0.763607  0.763508  0.284556  0.792905  0.703188  0.700820  0.752203  0.100285  0.726628  0.603795  0.716694  0.676986  0.608824 
43  0.675193  0.666262  0.340856  0.304031  0.410822  0.082593  0.807880  0.774065  0.764474  0.836621  0.740991  0.892419  0.789004  0.731937  0.745102  0.355706  0.439520  0.826745  0.742949  0.794251  0.098013  0.160308  0.707166  0.280676  0.816643  0.685692  0.356505  0.872833  0.403156  0.192764  0.266731  0.793325  0.532872  0.371701  0.359863  0.797843  0.836574  0.192425  0.552122  0.657332  0.839170  0.749079  0.594390 0.0  0.879295  0.399042  0.769410  0.079068  0.147967  0.844330  0.764506  0.830818  0.965484  0.620612  0.087758  0.766296  0.336475  0.602543  0.838909  0.793399  0.561995 
44  0.724289  0.579128  0.774630  0.787571  0.751637  0.826191  0.834300  0.233916  0.755113  0.828243  0.534188  0.933260  0.720261  0.791658  0.768452  0.787362  0.725562  0.778990  0.764926  0.868337  0.766863  0.712162  0.562896  0.777360  0.750134  0.728331  0.811523  0.269571  0.774155  0.788444  0.822260  0.667444  0.848362  0.843685  0.844148  0.448401  0.793904  0.712954  0.719918  0.829897  0.786860  0.868510  0.330927  0.879295 0.0  0.693126  0.079068  0.842026  0.859768  0.850634  0.563822  0.770098  0.775220  0.661401  0.726536  0.362665  0.828456  0.808776  0.704186  0.823855  0.584740 
45  0.741398  0.607292  0.322237  0.318698  0.384058  0.383536  0.856756  0.765021  0.707589  0.771517  0.819145  0.869228  0.778961  0.823075  0.850174  0.155975  0.282151  0.772118  0.793320  0.837628  0.472336  0.399333  0.557065  0.288578  0.660880  0.683660  0.109944  0.792046  0.410153  0.221483  0.304264  0.912930  0.539448  0.300078  0.215476  0.750639  0.892395  0.296897  0.542072  0.597543  0.810638  0.830786  0.697520  0.399042  0.693126 0.0  0.799953  0.355432  0.173510  0.921709  0.805066  0.883342  0.847943  0.566495  0.362206  0.662610  0.175703  0.495078  0.831787  0.749515  0.529630 
46  0.699268  0.527022  0.741214  0.825444  0.856643  0.838699  0.785553  0.313845  0.838071  0.802504  0.388864  0.783311  0.738045  0.783940  0.831785  0.738346  0.787134  0.828267  0.845316  0.778005  0.773119  0.817714  0.665792  0.724665  0.677123  0.641095  0.751484  0.212254  0.885101  0.749391  0.779433  0.794439  0.814341  0.723110  0.812860  0.365572  0.675260  0.775787  0.594161  0.860826  0.783071  0.776119  0.357771  0.769410  0.079068  0.799953 0.0  0.765445  0.945183  0.681879  0.459347  0.809939  0.791207  0.444990  0.712783  0.360180  0.726690  0.787506  0.783614  0.815026  0.674861 
47  0.742176  0.644351  0.371857  0.245792  0.304174  0.134244  0.844035  0.750719  0.850080  0.882193  0.815838  0.886005  0.760010  0.854225  0.783894  0.292555  0.345826  0.850444  0.764311  0.956478  0.093924  0.125506  0.636590  0.306823  0.700527  0.687847  0.437285  0.719848  0.375969  0.222688  0.356069  0.818423  0.544220  0.238817  0.452011  0.886340  0.828743  0.243829  0.487844  0.581132  0.766567  0.836697  0.767533  0.079068  0.842026  0.355432  0.765445 0.0  0.286580  0.823481  0.845075  0.844685  0.945599  0.625526  0.079068  0.756809  0.449462  0.571838  0.783581  0.804886  0.610539 
48  0.770603  0.512701  0.185832  0.224988  0.130585  0.312399  0.678167  0.834440  0.889817  0.777805  0.874215  0.822366  0.667298  0.837831  0.792895  0.154060  0.228347  0.781629  0.776986  0.889571  0.219038  0.234049  0.520100  0.277844  0.725544  0.689225  0.240297  0.755438  0.200149  0.249078  0.217657  0.805612  0.437297  0.265723  0.294167  0.738644  0.798523  0.283544  0.518181  0.544540  0.791390  0.861269  0.763607  0.147967  0.859768  0.173510  0.945183  0.286580 0.0  0.801583  0.801558  0.816049  0.890370  0.408046  0.256325  0.718432  0.337173  0.509431  0.809340  0.831050  0.492972 
49  0.855111  0.595701  0.878102  0.783776  0.845994  0.887148  0.718812  0.709922  0.779836  0.127159  0.778323  0.760577  0.819802  0.117858  0.739660  0.902397  0.866505  0.810459  0.749441  0.173589  0.900631  0.786375  0.897209  0.840391  0.740837  0.834298  0.869915  0.823659  0.781260  0.691532  0.825461  0.826546  0.795294  0.814817  0.868235  0.853665  0.105670  0.780314  0.848116  0.879196  0.178393  0.119493  0.763508  0.844330  0.850634  0.921709  0.681879  0.823481  0.801583 0.0  0.809508  0.240798  0.779136  0.790071  0.833118  0.641031  0.812025  0.741619  0.877913  0.877648  0.855941 
50  0.645361  0.560028  0.580112  0.771538  0.891839  0.789812  0.723904  0.418413  0.780803  0.801789  0.224207  0.941741  0.621656  0.777138  0.748163  0.835108  0.814495  0.862324  0.799675  0.811815  0.770855  0.778922  0.879558  0.738819  0.699860  0.716221  0.783108  0.416769  0.830959  0.804607  0.877417  0.747984  0.862325  0.809744  0.772268  0.163925  0.801768  0.776109  0.792718  0.799812  0.786534  0.767728  0.284556  0.764506  0.563822  0.805066  0.459347  0.845075  0.801558  0.809508 0.0  0.855577  0.775755  0.812379  0.824419  0.302518  0.748705  0.828773  0.646005  0.885816  0.837875 
51  0.722077  0.471425  0.859455  0.875789  0.915093  0.748714  0.757078  0.829769  0.776431  0.319848  0.755155  0.884985  0.828472  0.347421  0.859834  0.826869  0.864384  0.816692  0.790296  0.202853  0.826401  0.869858  0.791659  0.840263  0.759966  0.773136  0.869737  0.668148  0.740807  0.629107  0.887078  0.739499  0.874647  0.738555  0.826964  0.801247  0.284395  0.851128  0.738824  0.829801  0.178471  0.304279  0.792905  0.830818  0.770098  0.883342  0.809939  0.844685  0.816049  0.240798  0.855577 0.0  0.743974  0.889093  0.804667  0.715025  0.865491  0.844333  0.731271  0.859456  0.881824 
52  0.649501  0.543703  0.861087  0.814160  0.861429  0.790604  0.722315  0.864068  0.752873  0.925859  0.741834  0.214048  0.531417  0.913729  0.766103  0.887142  0.756673  0.295514  0.786362  0.762465  0.875572  0.806113  0.805622  0.812243  0.707994  0.608570  0.848158  0.781800  0.902125  0.932728  0.835260  0.191515  0.904132  0.771676  0.798461  0.743522  0.822069  0.815097  0.840822  0.888468  0.804502  0.859572  0.703188  0.965484  0.775220  0.847943  0.791207  0.945599  0.890370  0.779136  0.775755  0.743974 0.0  0.791341  0.899281  0.738323  0.826175  0.765146  0.796115  0.730242  0.922612 
53  0.771930  0.602489  0.483093  0.600642  0.469830  0.625788  0.749133  0.708843  0.712769  0.993717  0.803895  0.812166  0.785733  0.813859  0.677273  0.523118  0.506395  0.774985  0.778630  0.811724  0.607876  0.531243  0.171166  0.491926  0.781998  0.703206  0.608244  0.853778  0.532998  0.523424  0.583910  0.863183  0.276031  0.591060  0.580065  0.793948  0.850021  0.445623  0.117568  0.458978  0.663709  0.808631  0.700820  0.620612  0.661401  0.566495  0.444990  0.625526  0.408046  0.790071  0.812379  0.889093  0.791341 0.0  0.617590  0.702244  0.592208  0.351888  0.872866  0.762378  0.159704 
54  0.727760  0.508370  0.297671  0.340451  0.313829  0.210623  0.785281  0.777506  0.825389  0.894305  0.760575  0.856024  0.755697  0.948089  0.838061  0.225554  0.402378  0.792764  0.880989  0.837127  0.154535  0.232254  0.662315  0.357727  0.807714  0.627652  0.481744  0.758019  0.282386  0.265584  0.301942  0.871563  0.518827  0.375885  0.339608  0.923619  0.927855  0.280308  0.635508  0.559929  0.806438  0.952187  0.752203  0.087758  0.726536  0.362206  0.712783  0.079068  0.256325  0.833118  0.824419  0.804667  0.899281  0.617590 0.0  0.685703  0.387684  0.629655  0.782537  0.833630  0.536288 
55  0.730279  0.612494  0.677805  0.852052  0.780176  0.683478  0.706178  0.297407  0.701853  0.721589  0.308667  0.674917  0.698089  0.722207  0.848626  0.643862  0.737682  0.692025  0.625189  0.744455  0.732559  0.681706  0.738779  0.719574  0.791048  0.651307  0.653748  0.344374  0.716198  0.719537  0.752984  0.796832  0.687527  0.713007  0.846824  0.369595  0.802426  0.726307  0.688595  0.799285  0.662749  0.676911  0.100285  0.766296  0.362665  0.662610  0.360180  0.756809  0.718432  0.641031  0.302518  0.715025  0.738323  0.702244  0.685703 0.0  0.700942  0.822562  0.609837  0.693984  0.725673 
56  0.808504  0.675460  0.304463  0.394067  0.275128  0.376013  0.842719  0.769665  0.751480  0.985414  0.814689  0.840768  0.714244  0.849868  0.785199  0.220098  0.123210  0.682103  0.771075  0.887669  0.363516  0.381217  0.601931  0.371881  0.720337  0.722099  0.237612  0.787877  0.458700  0.284373  0.359461  0.857489  0.554446  0.449789  0.285204  0.753600  0.850683  0.264357  0.575721  0.655122  0.795378  0.897770  0.726628  0.336475  0.828456  0.175703  0.726690  0.449462  0.337173  0.812025  0.748705  0.865491  0.826175  0.592208  0.387684  0.700942 0.0  0.564514  0.813093  0.850041  0.602045 
57  0.714209  0.567457  0.497492  0.430509  0.569340  0.560916  0.771093  0.724465  0.745873  0.951944  0.747715  0.963533  0.797881  0.900820  0.871410  0.590591  0.569560  0.783243  0.601066  0.859662  0.634957  0.496973  0.413769  0.579179  0.693817  0.756128  0.608264  0.602046  0.466034  0.432571  0.604191  0.925578  0.115028  0.542414  0.584616  0.787245  0.926252  0.512066  0.377560  0.249121  0.617799  0.786793  0.603795  0.602543  0.808776  0.495078  0.787506  0.571838  0.509431  0.741619  0.828773  0.844333  0.765146  0.351888  0.629655  0.822562  0.564514 0.0  0.765962  0.813216  0.332663 
58  0.607105  0.594010  0.774539  0.683194  0.718091  0.842158  0.124120  0.738350  0.079068  0.730111  0.852048  0.746283  0.783704  0.730799  0.184591  0.818333  0.784333  0.875588  0.199005  0.778668  0.937974  0.821295  0.750813  0.761687  0.751227  0.820123  0.740608  0.747278  0.782168  0.800894  0.786346  0.739444  0.679376  0.776310  0.795834  0.736679  0.782306  0.740195  0.693834  0.867077  0.745708  0.754667  0.716694  0.838909  0.704186  0.831787  0.783614  0.783581  0.809340  0.877913  0.646005  0.731271  0.796115  0.872866  0.782537  0.609837  0.813093  0.765962 0.0  0.082592  0.773253 
59  0.685483  0.658740  0.691756  0.790933  0.845070  0.702109  0.079068  0.872522  0.079874  0.808306  0.872284  0.783014  0.703307  0.664242  0.270837  0.726253  0.775267  0.735250  0.237108  0.812453  0.719956  0.804365  0.748869  0.853625  0.728232  0.731935  0.824888  0.757585  0.796773  0.777822  0.765173  0.794807  0.745027  0.788397  0.749723  0.795763  0.824084  0.807463  0.820445  0.802415  0.802820  0.765632  0.676986  0.793399  0.823855  0.749515  0.815026  0.804886  0.831050  0.877648  0.885816  0.859456  0.730242  0.762378  0.833630  0.693984  0.850041  0.813216  0.082592 0.0  0.790908 
60  0.688133  0.590660  0.444293  0.461093  0.552329  0.575022  0.756794  0.855714  0.775438  0.815724  0.734092  0.844727  0.730129  0.914240  0.789859  0.461379  0.576108  0.864872  0.949494  0.764896  0.570522  0.495122  0.080604  0.590292  0.688849  0.711439  0.454672  0.683592  0.467416  0.514503  0.602214  0.848152  0.338972  0.533812  0.533377  0.716635  0.807625  0.479540  0.273855  0.448492  0.726965  0.852516  0.608824  0.561995  0.584740  0.529630  0.674861  0.610539  0.492972  0.855941  0.837875  0.881824  0.922612  0.159704  0.536288  0.725673  0.602045  0.332663  0.773253  0.790908 0.0 
