61
0 0.0  0.564525  0.755256  0.752335  0.673942  0.669252  0.647251  0.787803  0.655074  0.681276  0.765853  0.674771  0.655936  0.754578  0.764273  0.688775  0.715704  0.768640  0.610073  0.709821  0.803498  0.739384  0.682876  0.817990  0.700591  0.661466  0.769985  0.662018  0.755232  0.773753  0.623851  0.687528  0.728011  0.738973  0.676121  0.723379  0.739287  0.687434  0.740265  0.772162  0.750801  0.742026  0.745048  0.757581  0.760377  0.620440  0.765737  0.713751  0.733072  0.835104  0.679875  0.680220  0.634042  0.711875  0.724209  0.702160  0.694782  0.720111  0.721239  0.833507  0.632137 
1  0.564525 0.0  0.669935  0.634437  0.596883  0.567169  0.654455  0.593081  0.622236  0.545819  0.590729  0.571663  0.588539  0.555211  0.670358  0.609813  0.501063  0.478304  0.528732  0.419904  0.502530  0.726051  0.615488  0.563990  0.534191  0.555912  0.578588  0.516761  0.563831  0.559850  0.659564  0.476460  0.543691  0.549992  0.633218  0.544670  0.597677  0.540279  0.596866  0.648869  0.528441  0.487482  0.653081  0.561898  0.621454  0.553778  0.593457  0.689507  0.561510  0.573729  0.633906  0.533529  0.486348  0.558280  0.521302  0.654753  0.561746  0.596759  0.550220  0.496345  0.608374 
2  0.755256  0.669935 0.0  0.095247  0.182144  0.346763  0.778318  0.835360  0.826986  0.764835  0.737439  0.777630  0.821996  0.772045  0.749924  0.414718  0.347592  0.765117  0.796018  0.907925  0.332540  0.302138  0.587565  0.307097  0.672210  0.747258  0.301395  0.839365  0.104293  0.124413  0.343672  0.829195  0.584807  0.175255  0.417641  0.783583  0.871788  0.216005  0.512960  0.572091  0.787251  0.756840  0.713363  0.462732  0.703787  0.365667  0.783394  0.360322  0.208765  0.892289  0.804210  0.818295  0.785880  0.598675  0.304765  0.797192  0.416740  0.554682  0.759471  0.839104  0.570857 
3  0.752335  0.634437  0.095247 0.0  0.314546  0.410549  0.808150  0.794609  0.749241  0.822419  0.745841  0.889910  0.750952  0.841939  0.806183  0.328509  0.258793  0.854936  0.759594  0.846413  0.328058  0.318363  0.605841  0.348767  0.709638  0.712124  0.407650  0.860550  0.272313  0.281798  0.296480  0.852744  0.499389  0.185925  0.419495  0.780729  0.874756  0.292372  0.420837  0.573475  0.817917  0.821457  0.749062  0.321783  0.794833  0.285319  0.807000  0.454203  0.343941  0.816356  0.796481  0.834312  0.829187  0.473619  0.280464  0.742912  0.366765  0.672655  0.752807  0.710867  0.577194 
4  0.673942  0.596883  0.182144  0.314546 0.0  0.327362  0.860457  0.758743  0.831290  0.907441  0.772643  0.912537  0.827228  0.811268  0.790445  0.290449  0.309954  0.741781  0.772071  0.911602  0.366043  0.398405  0.514078  0.400990  0.659485  0.735574  0.243648  0.792964  0.086955  0.194866  0.291667  0.826104  0.510488  0.143922  0.334216  0.696749  0.710118  0.296734  0.546571  0.504137  0.809507  0.816984  0.706995  0.299807  0.769906  0.328717  0.855889  0.358544  0.239011  0.880088  0.801222  0.835651  0.937232  0.626306  0.343150  0.751411  0.328116  0.547740  0.799201  0.790492  0.538676 
5  0.669252  0.567169  0.346763  0.410549  0.327362 0.0  0.731762  0.856162  0.776203  0.921204  0.742554  0.917567  0.796647  0.899332  0.704025  0.323619  0.430236  0.837971  0.865029  0.891799  0.189462  0.086955  0.656141  0.333628  0.708546  0.779999  0.440861  0.759816  0.284657  0.188512  0.370483  0.923445  0.636418  0.317057  0.245126  0.664913  0.805552  0.245122  0.621875  0.548153  0.826671  0.816898  0.731453  0.086955  0.780731  0.414019  0.695414  0.086955  0.148621  0.809579  0.786812  0.845725  0.804986  0.576599  0.105849  0.688313  0.512104  0.559596  0.693003  0.747550  0.603481 
6  0.647251  0.654455  0.778318  0.808150  0.860457  0.731762 0.0  0.758568  0.086955  0.758305  0.794625  0.737746  0.788896  0.931371  0.242358  0.820160  0.840227  0.857494  0.186489  0.756799  0.764687  0.806827  0.768184  0.840153  0.667320  0.681463  0.875318  0.706040  0.792254  0.853684  0.720776  0.875301  0.797565  0.780875  0.760712  0.818204  0.799379  0.766296  0.767819  0.707928  0.694335  0.798700  0.702094  0.841367  0.858286  0.783184  0.834862  0.901093  0.773284  0.829325  0.673362  0.840084  0.866807  0.826171  0.831534  0.692865  0.894122  0.806033  0.086955  0.086955  0.830384 
7  0.787803  0.593081  0.835360  0.794609  0.758743  0.856162  0.758568 0.0  0.889741  0.843008  0.449226  0.822819  0.761706  0.826364  0.726430  0.811234  0.832615  0.774493  0.875982  0.788178  0.784620  0.784161  0.747231  0.801503  0.685751  0.790308  0.731062  0.122397  0.783141  0.838425  0.713008  0.794175  0.632418  0.839270  0.800745  0.513849  0.797782  0.734735  0.763399  0.553158  0.611233  0.852863  0.376531  0.850106  0.300241  0.805879  0.296688  0.676125  0.775975  0.750779  0.494349  0.830981  0.684831  0.702183  0.776675  0.334452  0.816489  0.621651  0.826294  0.749926  0.839201 
8  0.655074  0.622236  0.826986  0.749241  0.831290  0.776203  0.086955  0.889741 0.0  0.858967  0.843119  0.808799  0.883281  0.863235  0.177796  0.852784  0.851667  0.742775  0.202305  0.819877  0.824513  0.841720  0.716129  0.916326  0.729568  0.673691  0.852234  0.827726  0.817514  0.819350  0.804530  0.833998  0.716870  0.800604  0.826624  0.827800  0.746535  0.848735  0.788711  0.762295  0.746508  0.759146  0.713882  0.897768  0.884305  0.728711  0.806991  0.772105  0.760024  0.677113  0.796530  0.822716  0.729409  0.788516  0.828132  0.782497  0.741850  0.806182  0.090549  0.086955  0.751213 
9  0.681276  0.545819  0.764835  0.822419  0.907441  0.921204  0.758305  0.843008  0.858967 0.0  0.833812  0.895026  0.686617  0.240925  0.816486  0.919935  0.969727  0.839827  0.778119  0.182128  0.946015  0.839476  0.777966  0.834005  0.657567  0.800486  0.925846  0.796030  0.896791  0.844504  0.851665  0.839101  0.844216  0.856672  0.824606  0.785350  0.179978  0.785062  0.954053  0.840403  0.211625  0.173838  0.787570  0.882184  0.763914  0.902082  0.883472  0.818309  0.850837  0.221872  0.806391  0.398703  0.856271  0.774357  0.882257  0.780977  0.853566  0.888710  0.738945  0.753443  0.789763 
10  0.765853  0.590729  0.737439  0.745841  0.772643  0.742554  0.794625  0.449226  0.843119  0.833812 0.0  0.861734  0.517153  0.870326  0.902353  0.802713  0.868533  0.926667  0.779820  0.722773  0.827582  0.832667  0.756188  0.794460  0.650104  0.741314  0.880332  0.517222  0.777513  0.800568  0.781233  0.852079  0.852171  0.747092  0.810191  0.174432  0.809666  0.702812  0.793913  0.802451  0.808519  0.894702  0.362278  0.809470  0.370761  0.782895  0.557866  0.752607  0.891516  0.748658  0.200175  0.882263  0.843159  0.785217  0.780769  0.367509  0.792403  0.961637  0.853599  0.790422  0.774674 
11  0.674771  0.571663  0.777630  0.889910  0.912537  0.917567  0.737746  0.822819  0.808799  0.895026  0.861734 0.0  0.505138  0.907704  0.807188  0.846030  0.943748  0.216750  0.685630  0.757761  0.929026  0.907820  0.868686  0.810143  0.810599  0.780424  0.924558  0.844558  0.937006  0.812142  0.808807  0.125420  0.814122  0.835415  0.772157  0.773410  0.874693  0.780795  0.806387  0.708833  0.876840  0.801234  0.750585  0.845045  0.841224  0.855993  0.689584  0.789959  0.767674  0.839076  0.800354  0.833218  0.123817  0.923644  0.896863  0.660464  0.907411  0.787848  0.747376  0.837556  0.756893 
12  0.655936  0.588539  0.821996  0.750952  0.827228  0.796647  0.788896  0.761706  0.883281  0.686617  0.517153  0.505138 0.0  0.769732  0.773627  0.816340  0.758709  0.475237  0.800235  0.779328  0.728695  0.685436  0.803258  0.815143  0.719707  0.709455  0.823292  0.773608  0.772519  0.814522  0.835858  0.517074  0.845857  0.828388  0.808722  0.519538  0.813907  0.728272  0.889839  0.799057  0.813493  0.795966  0.750497  0.848062  0.864056  0.779510  0.809185  0.773176  0.789588  0.792574  0.534497  0.826940  0.443676  0.790178  0.757529  0.795299  0.798095  0.787714  0.800516  0.754790  0.767339 
13  0.754578  0.555211  0.772045  0.841939  0.811268  0.899332  0.931371  0.826364  0.863235  0.240925  0.870326  0.907704  0.769732 0.0  0.839058  0.831171  0.871504  0.833116  0.832397  0.184918  0.848402  0.933031  0.898120  0.810607  0.696501  0.709572  0.875761  0.807779  0.771576  0.872180  0.800588  0.862268  0.902605  0.828798  0.830534  0.751139  0.196996  0.793832  0.912434  0.846831  0.267525  0.142394  0.798156  0.874760  0.824653  0.794428  0.767599  0.823621  0.735448  0.138828  0.765277  0.321626  0.904526  0.866992  0.948168  0.704731  0.900966  0.885869  0.712128  0.869101  0.838392 
14  0.764273  0.670358  0.749924  0.806183  0.790445  0.704025  0.242358  0.726430  0.177796  0.816486  0.902353  0.807188  0.773627  0.839058 0.0  0.769272  0.755840  0.718374  0.092555  0.870218  0.713064  0.789220  0.780080  0.872533  0.736332  0.630232  0.762788  0.798791  0.822530  0.774686  0.766074  0.837358  0.759306  0.762529  0.788157  0.755107  0.829437  0.804902  0.790552  0.750487  0.823565  0.818903  0.795607  0.734739  0.763188  0.759920  0.808337  0.820997  0.715699  0.835866  0.787959  0.703405  0.832402  0.797141  0.651461  0.725494  0.792617  0.759946  0.245184  0.266278  0.824280 
15  0.688775  0.609813  0.414718  0.328509  0.290449  0.323619  0.820160  0.811234  0.852784  0.919935  0.802713  0.846030  0.816340  0.831171  0.769272 0.0  0.195299  0.751995  0.822690  0.853256  0.307762  0.338836  0.554613  0.375399  0.667675  0.728392  0.221484  0.780335  0.314560  0.157180  0.403676  0.832712  0.532096  0.248390  0.201417  0.858826  0.825191  0.198046  0.627759  0.582322  0.845512  0.752852  0.706453  0.362951  0.812123  0.275344  0.816872  0.310009  0.203807  0.908047  0.793936  0.926249  0.845625  0.535069  0.270409  0.723097  0.206745  0.644466  0.759550  0.876280  0.522890 
16  0.715704  0.501063  0.347592  0.258793  0.309954  0.430236  0.840227  0.832615  0.851667  0.969727  0.868533  0.943748  0.758709  0.871504  0.755840  0.195299 0.0  0.690113  0.834655  0.857680  0.408126  0.364617  0.464599  0.309733  0.626795  0.686974  0.213577  0.839360  0.254720  0.212404  0.319768  0.892155  0.589917  0.356942  0.116747  0.772312  0.886717  0.186089  0.585667  0.648194  0.781680  0.911214  0.702382  0.388754  0.786011  0.309635  0.883112  0.294591  0.243526  0.939276  0.767385  0.851338  0.828446  0.554692  0.316084  0.757284  0.086955  0.656555  0.841556  0.763146  0.650179 
17  0.768640  0.478304  0.765117  0.854936  0.741781  0.837971  0.857494  0.774493  0.742775  0.839827  0.926667  0.216750  0.475237  0.833116  0.718374  0.751995  0.690113 0.0  0.860707  0.770507  0.748063  0.765723  0.751836  0.825793  0.757534  0.692078  0.820976  0.830840  0.823052  0.836280  0.826129  0.213372  0.842455  0.730191  0.711446  0.806905  0.846941  0.788982  0.742857  0.846089  0.771058  0.825359  0.780627  0.840433  0.790101  0.902206  0.739896  0.771294  0.782826  0.837375  0.862143  0.780027  0.252126  0.852412  0.793557  0.689810  0.946669  0.784779  0.848998  0.934086  0.947325 
18  0.610073  0.528732  0.796018  0.759594  0.772071  0.865029  0.186489  0.875982  0.202305  0.778119  0.779820  0.685630  0.800235  0.832397  0.092555  0.822690  0.834655  0.860707 0.0  0.797744  0.841995  0.790267  0.777897  0.837300  0.750472  0.702049  0.766580  0.772023  0.803473  0.757981  0.791893  0.928398  0.683362  0.807960  0.804981  0.738493  0.760005  0.784786  0.859906  0.772362  0.805210  0.858608  0.843166  0.750742  0.859360  0.758606  0.853831  0.778758  0.750185  0.813252  0.875867  0.830189  0.919095  0.734923  0.813914  0.665471  0.750303  0.810270  0.318483  0.238456  0.755589 
19  0.709821  0.419904  0.907925  0.846413  0.911602  0.891799  0.756799  0.788178  0.819877  0.182128  0.722773  0.757761  0.779328  0.184918  0.870218  0.853256  0.857680  0.770507  0.797744 0.0  0.818144  0.870960  0.864808  0.796786  0.695276  0.730297  0.752425  0.783962  0.809644  0.812146  0.878361  0.845062  0.829333  0.814782  0.829292  0.727742  0.233828  0.804136  0.900338  0.739626  0.149789  0.220307  0.723029  0.810526  0.833991  0.778900  0.895150  0.780877  0.807697  0.186489  0.827967  0.297654  0.791607  0.791246  0.800197  0.670451  0.862364  0.742572  0.824727  0.681806  0.800552 
20  0.803498  0.502530  0.332540  0.328058  0.366043  0.189462  0.764687  0.784620  0.824513  0.946015  0.827582  0.929026  0.728695  0.848402  0.713064  0.307762  0.408126  0.748063  0.841995  0.818144 0.0  0.193604  0.587547  0.526922  0.678377  0.756407  0.401593  0.823651  0.258365  0.246383  0.369027  0.911220  0.538671  0.352878  0.253994  0.831095  0.863847  0.266377  0.605362  0.538147  0.780851  0.936418  0.741934  0.102185  0.859767  0.421667  0.725173  0.161721  0.146927  0.875869  0.806401  0.952830  0.906228  0.625223  0.306285  0.640221  0.334546  0.670000  0.757739  0.849284  0.591843 
21  0.739384  0.726051  0.302138  0.318363  0.398405  0.086955  0.806827  0.784161  0.841720  0.839476  0.832667  0.907820  0.685436  0.933031  0.789220  0.338836  0.364617  0.765723  0.790267  0.870960  0.193604 0.0  0.595673  0.381983  0.756575  0.700623  0.370310  0.800147  0.337425  0.389954  0.236647  0.920771  0.502379  0.353295  0.270291  0.775128  0.878902  0.336360  0.538603  0.656720  0.785352  0.859119  0.749791  0.221687  0.915879  0.384056  0.795978  0.193066  0.224137  0.787829  0.702597  0.778291  0.811850  0.573213  0.110094  0.637735  0.489260  0.627996  0.767877  0.774042  0.583495 
22  0.682876  0.615488  0.587565  0.605841  0.514078  0.656141  0.768184  0.747231  0.716129  0.777966  0.756188  0.868686  0.803258  0.898120  0.780080  0.554613  0.464599  0.751836  0.777897  0.864808  0.587547  0.595673 0.0  0.466964  0.665916  0.822956  0.665530  0.798582  0.476396  0.535261  0.558706  0.894016  0.390285  0.632019  0.503646  0.759666  0.880074  0.456755  0.212254  0.383429  0.828375  0.804825  0.689660  0.606775  0.600637  0.555174  0.616051  0.614328  0.370666  0.822873  0.931349  0.877846  0.885673  0.192649  0.557742  0.762010  0.592430  0.422663  0.886733  0.785664  0.190332 
23  0.817990  0.563990  0.307097  0.348767  0.400990  0.333628  0.840153  0.801503  0.916326  0.834005  0.794460  0.810143  0.815143  0.810607  0.872533  0.375399  0.309733  0.825793  0.837300  0.796786  0.526922  0.381983  0.466964 0.0  0.783773  0.797887  0.324258  0.707018  0.371529  0.191646  0.210863  0.957208  0.492050  0.310224  0.404017  0.733256  0.912995  0.357246  0.559200  0.605733  0.849395  0.825715  0.689686  0.319107  0.798554  0.375770  0.797864  0.259413  0.255315  0.716084  0.816993  0.838422  0.779258  0.538625  0.328348  0.768865  0.362704  0.609307  0.714169  0.750763  0.597239 
24  0.700591  0.534191  0.672210  0.709638  0.659485  0.708546  0.667320  0.685751  0.729568  0.657567  0.650104  0.810599  0.719707  0.696501  0.736332  0.667675  0.626795  0.757534  0.750472  0.695276  0.678377  0.756575  0.665916  0.783773 0.0  0.100453  0.707423  0.657785  0.727025  0.735733  0.677402  0.762179  0.805092  0.744739  0.694702  0.695725  0.691911  0.698362  0.740692  0.762763  0.722272  0.668418  0.680636  0.719128  0.788917  0.758423  0.645381  0.775430  0.698003  0.689106  0.678446  0.762919  0.771642  0.656508  0.623377  0.707949  0.725034  0.707416  0.676905  0.703572  0.708508 
25  0.661466  0.555912  0.747258  0.712124  0.735574  0.779999  0.681463  0.790308  0.673691  0.800486  0.741314  0.780424  0.709455  0.709572  0.630232  0.728392  0.686974  0.692078  0.702049  0.730297  0.756407  0.700623  0.822956  0.797887  0.100453 0.0  0.718691  0.705380  0.662292  0.736524  0.718144  0.673138  0.822631  0.703597  0.676238  0.698418  0.614523  0.633481  0.746713  0.692704  0.702535  0.679117  0.670719  0.705965  0.725320  0.730895  0.739292  0.688108  0.792532  0.743006  0.660216  0.668044  0.765779  0.678788  0.695284  0.708269  0.688073  0.724590  0.654328  0.800928  0.768344 
26  0.769985  0.578588  0.301395  0.407650  0.243648  0.440861  0.875318  0.731062  0.852234  0.925846  0.880332  0.924558  0.823292  0.875761  0.762788  0.221484  0.213577  0.820976  0.766580  0.752425  0.401593  0.370310  0.665530  0.324258  0.707423  0.718691 0.0  0.768365  0.243509  0.265053  0.354013  0.864526  0.561072  0.334691  0.199801  0.773282  0.814012  0.220324  0.619315  0.567689  0.745966  0.931020  0.749766  0.469045  0.821457  0.143009  0.816625  0.409527  0.256000  0.905852  0.826520  0.933022  0.900092  0.549899  0.430028  0.716500  0.231078  0.520923  0.841746  0.836683  0.604079 
27  0.662018  0.516761  0.839365  0.860550  0.792964  0.759816  0.706040  0.122397  0.827726  0.796030  0.517222  0.844558  0.773608  0.807779  0.798791  0.780335  0.839360  0.830840  0.772023  0.783962  0.823651  0.800147  0.798582  0.707018  0.657785  0.705380  0.768365 0.0  0.823694  0.844139  0.754819  0.776940  0.671837  0.805029  0.800265  0.443799  0.624490  0.699931  0.733411  0.651375  0.680457  0.732490  0.394019  0.799146  0.273642  0.794237  0.276000  0.823700  0.810756  0.835189  0.446388  0.857625  0.759372  0.821897  0.841279  0.415150  0.898924  0.622571  0.759844  0.770649  0.857217 
28  0.755232  0.563831  0.104293  0.272313  0.086955  0.284657  0.792254  0.783141  0.817514  0.896791  0.777513  0.937006  0.772519  0.771576  0.822530  0.314560  0.254720  0.823052  0.803473  0.809644  0.258365  0.337425  0.476396  0.371529  0.727025  0.662292  0.243509  0.823694 0.0  0.334991  0.348277  0.898733  0.482562  0.169132  0.409867  0.790769  0.796871  0.284617  0.574890  0.504913  0.720819  0.848337  0.683621  0.300378  0.755987  0.323248  0.797551  0.313119  0.271422  0.829894  0.868575  0.897123  0.801338  0.524720  0.367434  0.675255  0.442329  0.520297  0.815693  0.749074  0.532535 
29  0.773753  0.559850  0.124413  0.281798  0.194866  0.188512  0.853684  0.838425  0.819350  0.844504  0.800568  0.812142  0.814522  0.872180  0.774686  0.157180  0.212404  0.836280  0.757981  0.812146  0.246383  0.389954  0.535261  0.191646  0.735733  0.736524  0.265053  0.844139  0.334991 0.0  0.143324  0.776848  0.487277  0.320518  0.269373  0.798334  0.867503  0.261629  0.440038  0.482638  0.734870  0.910730  0.796399  0.205396  0.818936  0.247100  0.787243  0.257725  0.237024  0.840916  0.841349  0.850555  0.799052  0.505508  0.303339  0.709274  0.239731  0.433725  0.752431  0.749664  0.395923 
30  0.623851  0.659564  0.343672  0.296480  0.291667  0.370483  0.720776  0.713008  0.804530  0.851665  0.781233  0.808807  0.835858  0.800588  0.766074  0.403676  0.319768  0.826129  0.791893  0.878361  0.369027  0.236647  0.558706  0.210863  0.677402  0.718144  0.354013  0.754819  0.348277  0.143324 0.0  0.767554  0.567135  0.401749  0.355882  0.751934  0.759959  0.275739  0.660299  0.531500  0.764014  0.793408  0.707701  0.297856  0.688682  0.333199  0.817781  0.324967  0.255657  0.877129  0.820430  0.784683  0.850809  0.550526  0.326051  0.759953  0.331884  0.530675  0.737584  0.770317  0.566367 
31  0.687528  0.476460  0.829195  0.852744  0.826104  0.923445  0.875301  0.794175  0.833998  0.839101  0.852079  0.125420  0.517074  0.862268  0.837358  0.832712  0.892155  0.213372  0.928398  0.845062  0.911220  0.920771  0.894016  0.957208  0.762179  0.673138  0.864526  0.776940  0.898733  0.776848  0.767554 0.0  0.846818  0.897377  0.767938  0.812976  0.880330  0.832761  0.892959  0.857453  0.883472  0.814064  0.767650  0.859621  0.791659  0.840164  0.855515  0.912094  0.709499  0.836764  0.810837  0.826862  0.244939  0.930018  0.813971  0.682042  0.856939  0.843275  0.761619  0.770777  0.850100 
32  0.728011  0.543691  0.584807  0.499389  0.510488  0.636418  0.797565  0.632418  0.716870  0.844216  0.852171  0.814122  0.845857  0.902605  0.759306  0.532096  0.589917  0.842455  0.683362  0.829333  0.538671  0.502379  0.390285  0.492050  0.805092  0.822631  0.561072  0.671837  0.482562  0.487277  0.567135  0.846818 0.0  0.550243  0.540608  0.788199  0.790078  0.432661  0.400671  0.119952  0.571560  0.828413  0.877506  0.458388  0.842586  0.578027  0.706481  0.579642  0.439116  0.840607  0.801292  0.879306  0.865838  0.322600  0.492912  0.712949  0.639357  0.205557  0.899560  0.808507  0.342385 
33  0.738973  0.549992  0.175255  0.185925  0.143922  0.317057  0.780875  0.839270  0.800604  0.856672  0.747092  0.835415  0.828388  0.828798  0.762529  0.248390  0.356942  0.730191  0.807960  0.814782  0.352878  0.353295  0.632019  0.310224  0.744739  0.703597  0.334691  0.805029  0.169132  0.320518  0.401749  0.897377  0.550243 0.0  0.453545  0.877031  0.864571  0.243042  0.567145  0.581228  0.780774  0.829010  0.712611  0.306074  0.794208  0.363544  0.707255  0.406928  0.247328  0.858205  0.865411  0.880796  0.813579  0.597873  0.374581  0.706633  0.398535  0.525784  0.716811  0.794852  0.516326 
34  0.676121  0.633218  0.417641  0.419495  0.334216  0.245126  0.760712  0.800745  0.826624  0.824606  0.810191  0.772157  0.808722  0.830534  0.788157  0.201417  0.116747  0.711446  0.804981  0.829292  0.253994  0.270291  0.503646  0.404017  0.694702  0.676238  0.199801  0.800265  0.409867  0.269373  0.355882  0.767938  0.540608  0.453545 0.0  0.743299  0.865917  0.377685  0.547078  0.556877  0.814842  0.820928  0.663264  0.375149  0.747715  0.261031  0.808203  0.327469  0.264107  0.848654  0.723153  0.834922  0.839941  0.643184  0.321424  0.735685  0.173387  0.528745  0.740525  0.814945  0.529291 
35  0.723379  0.544670  0.783583  0.780729  0.696749  0.664913  0.818204  0.513849  0.827800  0.785350  0.174432  0.773410  0.519538  0.751139  0.755107  0.858826  0.772312  0.806905  0.738493  0.727742  0.831095  0.775128  0.759666  0.733256  0.695725  0.698418  0.773282  0.443799  0.790769  0.798334  0.751934  0.812976  0.788199  0.877031  0.743299 0.0  0.766281  0.833903  0.807364  0.775895  0.779316  0.730366  0.323388  0.776460  0.418394  0.803845  0.457330  0.745243  0.801112  0.767053  0.287402  0.809091  0.795372  0.885604  0.760032  0.296466  0.800600  0.793677  0.776609  0.843836  0.753406 
36  0.739287  0.597677  0.871788  0.874756  0.710118  0.805552  0.799379  0.797782  0.746535  0.179978  0.809666  0.874693  0.813907  0.196996  0.829437  0.825191  0.886717  0.846941  0.760005  0.233828  0.863847  0.878902  0.880074  0.912995  0.691911  0.614523  0.814012  0.624490  0.796871  0.867503  0.759959  0.880330  0.790078  0.864571  0.865917  0.766281 0.0  0.765848  0.861687  0.787102  0.259949  0.309858  0.721986  0.889479  0.814226  0.869453  0.829736  0.862215  0.817497  0.150547  0.766755  0.339676  0.822113  0.939751  0.935530  0.696493  0.943792  0.908292  0.852890  0.781973  0.840871 
37  0.687434  0.540279  0.216005  0.292372  0.296734  0.245122  0.766296  0.734735  0.848735  0.785062  0.702812  0.780795  0.728272  0.793832  0.804902  0.198046  0.186089  0.788982  0.784786  0.804136  0.266377  0.336360  0.456755  0.357246  0.698362  0.633481  0.220324  0.699931  0.284617  0.261629  0.275739  0.832761  0.432661  0.243042  0.377685  0.833903  0.765848 0.0  0.525120  0.575785  0.795328  0.734605  0.774876  0.292320  0.840315  0.231245  0.784421  0.160785  0.271344  0.776160  0.802686  0.722828  0.850415  0.580595  0.270096  0.718878  0.253480  0.526029  0.716703  0.809678  0.590630 
38  0.740265  0.596866  0.512960  0.420837  0.546571  0.621875  0.767819  0.763399  0.788711  0.954053  0.793913  0.806387  0.889839  0.912434  0.790552  0.627759  0.585667  0.742857  0.859906  0.900338  0.605362  0.538603  0.212254  0.559200  0.740692  0.746713  0.619315  0.733411  0.574890  0.440038  0.660299  0.892959  0.400671  0.567145  0.547078  0.807364  0.861687  0.525120 0.0  0.357232  0.806832  0.798446  0.733525  0.616058  0.635153  0.581103  0.679549  0.609204  0.498983  0.892566  0.759194  0.858320  0.847888  0.086955  0.722540  0.684936  0.557695  0.350652  0.750001  0.741462  0.239858 
39  0.772162  0.648869  0.572091  0.573475  0.504137  0.548153  0.707928  0.553158  0.762295  0.840403  0.802451  0.708833  0.799057  0.846831  0.750487  0.582322  0.648194  0.846089  0.772362  0.739626  0.538147  0.656720  0.383429  0.605733  0.762763  0.692704  0.567689  0.651375  0.504913  0.482638  0.531500  0.857453  0.119952  0.581228  0.556877  0.775895  0.787102  0.575785  0.357232 0.0  0.661863  0.931381  0.709388  0.553011  0.828749  0.615876  0.863899  0.662329  0.402971  0.832552  0.824767  0.747881  0.907248  0.439664  0.637641  0.610904  0.607715  0.152880  0.750495  0.891676  0.440592 
40  0.750801  0.528441  0.787251  0.817917  0.809507  0.826671  0.694335  0.611233  0.746508  0.211625  0.808519  0.876840  0.813493  0.267525  0.823565  0.845512  0.781680  0.771058  0.805210  0.149789  0.780851  0.785352  0.828375  0.849395  0.722272  0.702535  0.745966  0.680457  0.720819  0.734870  0.764014  0.883472  0.571560  0.780774  0.814842  0.779316  0.259949  0.795328  0.806832  0.661863 0.0  0.223882  0.645353  0.806361  0.755481  0.791867  0.823381  0.787138  0.725979  0.285854  0.822900  0.268651  0.772365  0.867936  0.725585  0.718873  0.856299  0.682148  0.830032  0.823554  0.720748 
41  0.742026  0.487482  0.756840  0.821457  0.816984  0.816898  0.798700  0.852863  0.759146  0.173838  0.894702  0.801234  0.795966  0.142394  0.818903  0.752852  0.911214  0.825359  0.858608  0.220307  0.936418  0.859119  0.804825  0.825715  0.668418  0.679117  0.931020  0.732490  0.848337  0.910730  0.793408  0.814064  0.828413  0.829010  0.820928  0.730366  0.309858  0.734605  0.798446  0.931381  0.223882 0.0  0.741873  0.918260  0.700913  0.881470  0.699385  0.880203  0.872954  0.198399  0.704783  0.428921  0.984108  0.833221  0.868844  0.755021  0.777675  0.854319  0.820878  0.814873  0.870610 
42  0.745048  0.653081  0.713363  0.749062  0.706995  0.731453  0.702094  0.376531  0.713882  0.787570  0.362278  0.750585  0.750497  0.798156  0.795607  0.706453  0.702382  0.780627  0.843166  0.723029  0.741934  0.749791  0.689660  0.689686  0.680636  0.670719  0.749766  0.394019  0.683621  0.796399  0.707701  0.767650  0.877506  0.712611  0.663264  0.323388  0.721986  0.774876  0.733525  0.709388  0.645353  0.741873 0.0  0.753558  0.320791  0.748897  0.336617  0.694410  0.846457  0.696088  0.294872  0.709361  0.698878  0.704086  0.772704  0.245584  0.688504  0.719901  0.753402  0.673008  0.757062 
43  0.757581  0.561898  0.462732  0.321783  0.299807  0.086955  0.841367  0.850106  0.897768  0.882184  0.809470  0.845045  0.848062  0.874760  0.734739  0.362951  0.388754  0.840433  0.750742  0.810526  0.102185  0.221687  0.606775  0.319107  0.719128  0.705965  0.469045  0.799146  0.300378  0.205396  0.297856  0.859621  0.458388  0.306074  0.375149  0.776460  0.889479  0.292320  0.616058  0.553011  0.806361  0.918260  0.753558 0.0  0.693239  0.292320  0.838609  0.100296  0.233128  0.900074  0.877437  0.808196  1.000000  0.510973  0.122637  0.646382  0.455623  0.578441  0.793418  0.801945  0.579488 
44  0.760377  0.621454  0.703787  0.794833  0.769906  0.780731  0.858286  0.300241  0.884305  0.763914  0.370761  0.841224  0.864056  0.824653  0.763188  0.812123  0.786011  0.790101  0.859360  0.833991  0.859767  0.915879  0.600637  0.798554  0.788917  0.725320  0.821457  0.273642  0.755987  0.818936  0.688682  0.791659  0.842586  0.794208  0.747715  0.418394  0.814226  0.840315  0.635153  0.828749  0.755481  0.700913  0.320791  0.693239 0.0  0.824474  0.116012  0.713655  0.766744  0.864554  0.423319  0.847115  0.799276  0.628376  0.726319  0.409959  0.839926  0.782148  0.753598  0.778335  0.678779 
45  0.620440  0.553778  0.365667  0.285319  0.328717  0.414019  0.783184  0.805879  0.728711  0.902082  0.782895  0.855993  0.779510  0.794428  0.759920  0.275344  0.309635  0.902206  0.758606  0.778900  0.421667  0.384056  0.555174  0.375770  0.758423  0.730895  0.143009  0.794237  0.323248  0.247100  0.333199  0.840164  0.578027  0.363544  0.261031  0.803845  0.869453  0.231245  0.581103  0.615876  0.791867  0.881470  0.748897  0.292320  0.824474 0.0  0.841441  0.378457  0.264302  0.807355  0.800807  0.793704  0.914164  0.623108  0.357220  0.767807  0.203307  0.548833  0.787364  0.735050  0.641586 
46  0.765737  0.593457  0.783394  0.807000  0.855889  0.695414  0.834862  0.296688  0.806991  0.883472  0.557866  0.689584  0.809185  0.767599  0.808337  0.816872  0.883112  0.739896  0.853831  0.895150  0.725173  0.795978  0.616051  0.797864  0.645381  0.739292  0.816625  0.276000  0.797551  0.787243  0.817781  0.855515  0.706481  0.707255  0.808203  0.457330  0.829736  0.784421  0.679549  0.863899  0.823381  0.699385  0.336617  0.838609  0.116012  0.841441 0.0  0.784724  0.877199  0.759824  0.456198  0.745178  0.776053  0.672767  0.846579  0.455633  0.819898  0.839548  0.795577  0.837482  0.658730 
47  0.713751  0.689507  0.360322  0.454203  0.358544  0.086955  0.901093  0.676125  0.772105  0.818309  0.752607  0.789959  0.773176  0.823621  0.820997  0.310009  0.294591  0.771294  0.778758  0.780877  0.161721  0.193066  0.614328  0.259413  0.775430  0.688108  0.409527  0.823700  0.313119  0.257725  0.324967  0.912094  0.579642  0.406928  0.327469  0.745243  0.862215  0.160785  0.609204  0.662329  0.787138  0.880203  0.694410  0.100296  0.713655  0.378457  0.784724 0.0  0.133349  0.869487  0.820227  0.835382  0.862438  0.622460  0.260746  0.663473  0.393324  0.569877  0.745326  0.746157  0.560877 
48  0.733072  0.561510  0.208765  0.343941  0.239011  0.148621  0.773284  0.775975  0.760024  0.850837  0.891516  0.767674  0.789588  0.735448  0.715699  0.203807  0.243526  0.782826  0.750185  0.807697  0.146927  0.224137  0.370666  0.255315  0.698003  0.792532  0.256000  0.810756  0.271422  0.237024  0.255657  0.709499  0.439116  0.247328  0.264107  0.801112  0.817497  0.271344  0.498983  0.402971  0.725979  0.872954  0.846457  0.233128  0.766744  0.264302  0.877199  0.133349 0.0  0.652999  0.762636  0.689842  0.861917  0.412590  0.165078  0.672593  0.292926  0.473443  0.723038  0.790710  0.426048 
49  0.835104  0.573729  0.892289  0.816356  0.880088  0.809579  0.829325  0.750779  0.677113  0.221872  0.748658  0.839076  0.792574  0.138828  0.835866  0.908047  0.939276  0.837375  0.813252  0.186489  0.875869  0.787829  0.822873  0.716084  0.689106  0.743006  0.905852  0.835189  0.829894  0.840916  0.877129  0.836764  0.840607  0.858205  0.848654  0.767053  0.150547  0.776160  0.892566  0.832552  0.285854  0.198399  0.696088  0.900074  0.864554  0.807355  0.759824  0.869487  0.652999 0.0  0.836760  0.347539  0.946622  0.927289  0.855252  0.697275  0.868305  0.883481  0.803645  0.800727  0.896494 
50  0.679875  0.633906  0.804210  0.796481  0.801222  0.786812  0.673362  0.494349  0.796530  0.806391  0.200175  0.800354  0.534497  0.765277  0.787959  0.793936  0.767385  0.862143  0.875867  0.827967  0.806401  0.702597  0.931349  0.816993  0.678446  0.660216  0.826520  0.446388  0.868575  0.841349  0.820430  0.810837  0.801292  0.865411  0.723153  0.287402  0.766755  0.802686  0.759194  0.824767  0.822900  0.704783  0.294872  0.877437  0.423319  0.800807  0.456198  0.820227  0.762636  0.836760 0.0  0.807123  0.832539  0.729930  0.812034  0.499181  0.806059  0.730750  0.789019  0.811370  0.730201 
51  0.680220  0.533529  0.818295  0.834312  0.835651  0.845725  0.840084  0.830981  0.822716  0.398703  0.882263  0.833218  0.826940  0.321626  0.703405  0.926249  0.851338  0.780027  0.830189  0.297654  0.952830  0.778291  0.877846  0.838422  0.762919  0.668044  0.933022  0.857625  0.897123  0.850555  0.784683  0.826862  0.879306  0.880796  0.834922  0.809091  0.339676  0.722828  0.858320  0.747881  0.268651  0.428921  0.709361  0.808196  0.847115  0.793704  0.745178  0.835382  0.689842  0.347539  0.807123 0.0  0.812752  0.862975  0.923401  0.776509  0.828623  0.743215  0.749229  0.819064  0.842993 
52  0.634042  0.486348  0.785880  0.829187  0.937232  0.804986  0.866807  0.684831  0.729409  0.856271  0.843159  0.123817  0.443676  0.904526  0.832402  0.845625  0.828446  0.252126  0.919095  0.791607  0.906228  0.811850  0.885673  0.779258  0.771642  0.765779  0.900092  0.759372  0.801338  0.799052  0.850809  0.244939  0.865838  0.813579  0.839941  0.795372  0.822113  0.850415  0.847888  0.907248  0.772365  0.984108  0.698878  1.000000  0.799276  0.914164  0.776053  0.862438  0.861917  0.946622  0.832539  0.812752 0.0  0.840098  0.824598  0.654521  0.834386  0.868187  0.776486  0.717463  0.904269 
53  0.711875  0.558280  0.598675  0.473619  0.626306  0.576599  0.826171  0.702183  0.788516  0.774357  0.785217  0.923644  0.790178  0.866992  0.797141  0.535069  0.554692  0.852412  0.734923  0.791246  0.625223  0.573213  0.192649  0.538625  0.656508  0.678788  0.549899  0.821897  0.524720  0.505508  0.550526  0.930018  0.322600  0.597873  0.643184  0.885604  0.939751  0.580595  0.086955  0.439664  0.867936  0.833221  0.704086  0.510973  0.628376  0.623108  0.672767  0.622460  0.412590  0.927289  0.729930  0.862975  0.840098 0.0  0.656185  0.640221  0.537039  0.332989  0.728859  0.814982  0.282503 
54  0.724209  0.521302  0.304765  0.280464  0.343150  0.105849  0.831534  0.776675  0.828132  0.882257  0.780769  0.896863  0.757529  0.948168  0.651461  0.270409  0.316084  0.793557  0.813914  0.800197  0.306285  0.110094  0.557742  0.328348  0.623377  0.695284  0.430028  0.841279  0.367434  0.303339  0.326051  0.813971  0.492912  0.374581  0.321424  0.760032  0.935530  0.270096  0.722540  0.637641  0.725585  0.868844  0.772704  0.122637  0.726319  0.357220  0.846579  0.260746  0.165078  0.855252  0.812034  0.923401  0.824598  0.656185 0.0  0.638813  0.293405  0.605544  0.746962  0.731508  0.605782 
55  0.702160  0.654753  0.797192  0.742912  0.751411  0.688313  0.692865  0.334452  0.782497  0.780977  0.367509  0.660464  0.795299  0.704731  0.725494  0.723097  0.757284  0.689810  0.665471  0.670451  0.640221  0.637735  0.762010  0.768865  0.707949  0.708269  0.716500  0.415150  0.675255  0.709274  0.759953  0.682042  0.712949  0.706633  0.735685  0.296466  0.696493  0.718878  0.684936  0.610904  0.718873  0.755021  0.245584  0.646382  0.409959  0.767807  0.455633  0.663473  0.672593  0.697275  0.499181  0.776509  0.654521  0.640221  0.638813 0.0  0.699451  0.731393  0.649715  0.750301  0.730816 
56  0.694782  0.561746  0.416740  0.366765  0.328116  0.512104  0.894122  0.816489  0.741850  0.853566  0.792403  0.907411  0.798095  0.900966  0.792617  0.206745  0.086955  0.946669  0.750303  0.862364  0.334546  0.489260  0.592430  0.362704  0.725034  0.688073  0.231078  0.898924  0.442329  0.239731  0.331884  0.856939  0.639357  0.398535  0.173387  0.800600  0.943792  0.253480  0.557695  0.607715  0.856299  0.777675  0.688504  0.455623  0.839926  0.203307  0.819898  0.393324  0.292926  0.868305  0.806059  0.828623  0.834386  0.537039  0.293405  0.699451 0.0  0.532749  0.795575  0.853101  0.609065 
57  0.720111  0.596759  0.554682  0.672655  0.547740  0.559596  0.806033  0.621651  0.806182  0.888710  0.961637  0.787848  0.787714  0.885869  0.759946  0.644466  0.656555  0.784779  0.810270  0.742572  0.670000  0.627996  0.422663  0.609307  0.707416  0.724590  0.520923  0.622571  0.520297  0.433725  0.530675  0.843275  0.205557  0.525784  0.528745  0.793677  0.908292  0.526029  0.350652  0.152880  0.682148  0.854319  0.719901  0.578441  0.782148  0.548833  0.839548  0.569877  0.473443  0.883481  0.730750  0.743215  0.868187  0.332989  0.605544  0.731393  0.532749 0.0  0.807765  0.777907  0.478001 
58  0.721239  0.550220  0.759471  0.752807  0.799201  0.693003  0.086955  0.826294  0.090549  0.738945  0.853599  0.747376  0.800516  0.712128  0.245184  0.759550  0.841556  0.848998  0.318483  0.824727  0.757739  0.767877  0.886733  0.714169  0.676905  0.654328  0.841746  0.759844  0.815693  0.752431  0.737584  0.761619  0.899560  0.716811  0.740525  0.776609  0.852890  0.716703  0.750001  0.750495  0.830032  0.820878  0.753402  0.793418  0.753598  0.787364  0.795577  0.745326  0.723038  0.803645  0.789019  0.749229  0.776486  0.728859  0.746962  0.649715  0.795575  0.807765 0.0  0.086955  0.875888 
59  0.833507  0.496345  0.839104  0.710867  0.790492  0.747550  0.086955  0.749926  0.086955  0.753443  0.790422  0.837556  0.754790  0.869101  0.266278  0.876280  0.763146  0.934086  0.238456  0.681806  0.849284  0.774042  0.785664  0.750763  0.703572  0.800928  0.836683  0.770649  0.749074  0.749664  0.770317  0.770777  0.808507  0.794852  0.814945  0.843836  0.781973  0.809678  0.741462  0.891676  0.823554  0.814873  0.673008  0.801945  0.778335  0.735050  0.837482  0.746157  0.790710  0.800727  0.811370  0.819064  0.717463  0.814982  0.731508  0.750301  0.853101  0.777907  0.086955 0.0  0.740521 
60  0.632137  0.608374  0.570857  0.577194  0.538676  0.603481  0.830384  0.839201  0.751213  0.789763  0.774674  0.756893  0.767339  0.838392  0.824280  0.522890  0.650179  0.947325  0.755589  0.800552  0.591843  0.583495  0.190332  0.597239  0.708508  0.768344  0.604079  0.857217  0.532535  0.395923  0.566367  0.850100  0.342385  0.516326  0.529291  0.753406  0.840871  0.590630  0.239858  0.440592  0.720748  0.870610  0.757062  0.579488  0.678779  0.641586  0.658730  0.560877  0.426048  0.896494  0.730201  0.842993  0.904269  0.282503  0.605782  0.730816  0.609065  0.478001  0.875888  0.740521 0.0 
