61
0 0.0  0.576766  0.790848  0.682405  0.704453  0.748238  0.695786  0.733715  0.748743  0.726480  0.735229  0.792490  0.710637  0.808206  0.720599  0.797158  0.698923  0.739102  0.707831  0.776467  0.671972  0.810376  0.742567  0.700315  0.737850  0.777783  0.878775  0.719924  0.744584  0.815462  0.717940  0.718050  0.819607  0.719255  0.701706  0.737774  0.773292  0.755036  0.725089  0.789056  0.737562  0.704110  0.721347  0.652445  0.637295  0.850215  0.681018  0.849105  0.854572  0.692957  0.709655  0.717157  0.722671  0.814713  0.762115  0.737533  0.817238  0.708818  0.791243  0.665852  0.706219 
1  0.576766 0.0  0.587731  0.573758  0.601708  0.594295  0.530258  0.663706  0.614135  0.627077  0.637460  0.576938  0.586143  0.609050  0.604542  0.586993  0.617528  0.587713  0.514813  0.532541  0.592345  0.549799  0.563671  0.578277  0.559866  0.586575  0.563671  0.576163  0.500140  0.569481  0.513397  0.512762  0.542203  0.579818  0.604546  0.555157  0.541559  0.622824  0.622202  0.598552  0.553845  0.489831  0.651002  0.712743  0.596779  0.524579  0.591970  0.613485  0.622693  0.623479  0.575804  0.537693  0.580522  0.556018  0.547008  0.507794  0.598870  0.572566  0.636627  0.527932  0.577191 
2  0.790848  0.587731 0.0  0.107853  0.261307  0.255441  0.894857  0.928179  0.823977  0.762528  0.815853  0.855610  0.826907  0.894322  0.744054  0.416249  0.409598  0.813248  0.892697  0.823701  0.312080  0.232825  0.496754  0.429681  0.729856  0.628250  0.412161  0.850810  0.160620  0.258332  0.344886  0.899399  0.607048  0.257832  0.296300  0.749355  0.851739  0.368067  0.629074  0.495753  0.786677  0.854244  0.851424  0.310242  0.838911  0.406883  0.749664  0.396590  0.224455  0.847745  0.839808  0.824758  0.745357  0.584436  0.358699  0.666175  0.364536  0.580969  0.810153  0.730343  0.592656 
3  0.682405  0.573758  0.107853 0.0  0.147863  0.335385  0.886091  0.865929  0.770214  0.833097  0.798181  0.873577  0.901474  0.829956  0.885256  0.344677  0.386157  0.849684  0.734549  0.925598  0.389607  0.352902  0.520329  0.353948  0.644117  0.709112  0.439096  0.778250  0.206939  0.294737  0.441336  0.887992  0.590517  0.153756  0.377726  0.945711  0.944872  0.229918  0.555212  0.472622  0.821480  0.718721  0.731057  0.311132  0.860457  0.357305  0.872782  0.313932  0.200366  0.852888  0.889694  0.905364  0.835940  0.615660  0.295861  0.732346  0.355827  0.468559  0.814249  0.773564  0.531101 
4  0.704453  0.601708  0.261307  0.147863 0.0  0.439187  0.870906  0.808223  0.838539  0.827560  0.814673  0.824476  0.870279  0.850643  0.812033  0.352142  0.282773  0.824165  0.788444  0.931626  0.293472  0.394733  0.551197  0.298148  0.787203  0.770985  0.319268  0.794614  0.086793  0.334857  0.471117  0.836315  0.519445  0.208825  0.366108  0.802360  0.976165  0.287081  0.687976  0.539746  0.869215  0.871247  0.711092  0.285816  0.858609  0.366323  0.892335  0.239803  0.276945  0.877173  0.871127  0.739988  0.899207  0.476513  0.363560  0.743998  0.424635  0.589957  0.867310  0.795757  0.537518 
5  0.748238  0.594295  0.255441  0.335385  0.439187 0.0  0.798472  0.754766  0.739428  0.869320  0.819380  0.904752  0.887125  0.741599  0.853611  0.460749  0.415205  0.801276  0.873782  0.764204  0.173400  0.106264  0.619881  0.360122  0.736209  0.756220  0.396771  0.818427  0.399303  0.195364  0.308729  0.925607  0.631548  0.439932  0.343753  0.630458  0.894238  0.253147  0.642355  0.523469  0.836246  0.913621  0.723878  0.162240  0.796734  0.344890  0.826710  0.086793  0.248674  0.787863  0.832942  0.813988  0.847749  0.597201  0.086793  0.694039  0.402816  0.612497  0.829483  0.812346  0.506684 
6  0.695786  0.530258  0.894857  0.886091  0.870906  0.798472 0.0  0.877935  0.086793  0.863104  0.789779  0.772738  0.834650  0.764458  0.253830  0.813218  0.784019  0.796983  0.305150  0.851751  0.741253  0.786528  0.810621  0.864912  0.778782  0.744466  0.820289  0.798964  0.827030  0.760586  0.822294  0.809054  0.880963  0.831493  0.885855  0.738004  0.797846  0.779490  0.787194  0.814602  0.806824  0.831137  0.719849  0.761838  0.732605  0.753715  0.832416  0.785617  0.796756  0.836937  0.899335  0.804918  0.750221  0.801612  0.883691  0.742471  0.793419  0.817730  0.201480  0.138342  0.749386 
7  0.733715  0.663706  0.928179  0.865929  0.808223  0.754766  0.877935 0.0  0.814047  0.864894  0.399542  0.815132  0.739003  0.777904  0.812625  0.839512  0.826593  0.792115  0.855065  0.830975  0.814434  0.724701  0.910357  0.857924  0.866984  0.774049  0.898197  0.099866  0.832434  0.753539  0.902451  0.781940  0.704337  0.890212  0.803184  0.514009  0.818286  0.787908  0.806704  0.688177  0.564412  0.748724  0.353667  0.799414  0.294162  0.725133  0.326510  0.780797  0.835122  0.719943  0.517999  0.885495  0.680515  0.904246  0.782840  0.292544  0.757899  0.737532  0.731204  0.876044  0.769565 
8  0.748743  0.614135  0.823977  0.770214  0.838539  0.739428  0.086793  0.814047 0.0  0.840253  0.708718  0.740904  0.772422  0.830166  0.257377  0.784124  0.871261  0.918808  0.196018  0.702171  0.776429  0.790279  0.808758  0.780727  0.604995  0.757684  0.814488  0.904594  0.816757  0.846687  0.821887  0.759025  0.875849  0.804334  0.792244  0.742134  0.784995  0.784124  0.804942  0.781826  0.855689  0.726050  0.774498  0.788151  0.774725  0.774830  0.752486  0.811075  0.865792  0.809597  0.770309  0.869041  0.772314  0.726398  0.833280  0.687456  0.751361  0.789654  0.145565  0.086793  0.809079 
9  0.726480  0.627077  0.762528  0.833097  0.827560  0.869320  0.863104  0.864894  0.840253 0.0  0.840451  0.840529  0.817318  0.201580  0.801281  0.777159  0.837119  0.747620  0.887103  0.298312  0.880406  0.881223  0.903046  0.869788  0.787757  0.685418  0.953534  0.765374  0.818507  0.839523  0.841998  0.843003  0.838207  0.920528  0.778198  0.757669  0.149861  0.821363  0.947153  0.885623  0.246862  0.178787  0.737767  0.990625  0.682427  0.774302  0.768302  0.930344  0.826284  0.177267  0.858087  0.308285  0.955565  0.931559  0.840544  0.746603  0.870771  0.989343  0.832334  0.831643  0.809400 
10  0.735229  0.637460  0.815853  0.798181  0.814673  0.819380  0.789779  0.399542  0.708718  0.840451 0.0  0.795693  0.617692  0.846176  0.827678  0.720639  0.798426  0.740485  0.755800  0.846214  0.745873  0.854839  0.675588  0.771207  0.668068  0.726957  0.861187  0.527908  0.768645  0.785599  0.807757  0.766780  0.762860  0.837152  0.822891  0.284006  0.804783  0.844552  0.777221  0.742526  0.758731  0.823843  0.421906  0.821880  0.502386  0.739848  0.485073  0.898701  0.797928  0.847217  0.197471  0.799283  0.811878  0.849443  0.729895  0.466008  0.820319  0.793942  0.774688  0.838799  0.779461 
11  0.792490  0.576938  0.855610  0.873577  0.824476  0.904752  0.772738  0.815132  0.740904  0.840529  0.795693 0.0  0.442142  0.962006  0.837866  0.782601  0.875073  0.230616  0.817371  0.748088  0.921213  0.921823  0.909928  0.972893  0.668333  0.787713  0.886247  0.837355  0.969781  0.874095  0.797489  0.178249  0.829615  0.831555  0.788272  0.759119  0.869310  0.829235  0.808513  0.846132  0.865120  0.903125  0.727772  0.959024  0.800956  0.908237  0.816345  0.887755  0.809023  0.950319  0.916250  0.853449  0.134375  0.884341  0.861467  0.720211  0.891733  0.957052  0.867985  0.830430  0.864158 
12  0.710637  0.586143  0.826907  0.901474  0.870279  0.887125  0.834650  0.739003  0.772422  0.817318  0.617692  0.442142 0.0  0.841713  0.854844  0.755288  0.781873  0.525021  0.908682  0.751134  0.766866  0.723801  0.823978  0.763425  0.749497  0.712475  0.754325  0.805647  0.888586  0.820769  0.825433  0.531070  0.847720  0.855981  0.768508  0.538150  0.884095  0.760599  0.781345  0.809117  0.809881  0.747684  0.693937  0.835030  0.760056  0.788083  0.812880  0.829336  0.831072  0.756311  0.579687  0.720836  0.385828  0.735742  0.810393  0.788453  0.811756  0.842590  0.765125  0.749145  0.812075 
13  0.808206  0.609050  0.894322  0.829956  0.850643  0.741599  0.764458  0.777904  0.830166  0.201580  0.846176  0.962006  0.841713 0.0  0.855520  0.849971  0.972608  0.865106  0.844273  0.187019  0.899662  0.836527  0.814846  0.891830  0.796587  0.646321  0.807442  0.855536  0.833762  0.880023  0.866856  0.861006  0.833374  0.934947  0.813335  0.825300  0.168761  0.853477  0.953142  0.891073  0.323732  0.185185  0.751120  0.877190  0.856420  0.831492  0.845772  0.871653  0.774341  0.086793  0.849739  0.358930  0.906951  0.880658  0.933206  0.743277  0.873198  0.823561  0.782598  0.819437  0.799484 
14  0.720599  0.604542  0.744054  0.885256  0.812033  0.853611  0.253830  0.812625  0.257377  0.801281  0.827678  0.837866  0.854844  0.855520 0.0  0.748144  0.771082  0.804451  0.135564  0.792582  0.775474  0.803995  0.799613  0.778804  0.732366  0.801231  0.806502  0.906849  0.844404  0.780768  0.800810  0.746408  0.796292  0.785375  0.807233  0.857792  0.778813  0.819825  0.737589  0.821376  0.762260  0.870227  0.812168  0.909316  0.775725  0.788571  0.813778  0.790781  0.889165  0.925979  0.808584  0.792032  0.752628  0.795914  0.801375  0.722387  0.735747  0.710646  0.201736  0.286008  0.844009 
15  0.797158  0.586993  0.416249  0.344677  0.352142  0.460749  0.813218  0.839512  0.784124  0.777159  0.720639  0.782601  0.755288  0.849971  0.748144 0.0  0.137249  0.895312  0.851911  0.739210  0.395285  0.288964  0.497370  0.356745  0.718971  0.661014  0.208365  0.728901  0.366247  0.269580  0.255060  0.811069  0.641384  0.332940  0.098327  0.792055  0.839797  0.320479  0.551784  0.596112  0.786425  0.797407  0.734922  0.265238  0.829463  0.275491  0.780015  0.367077  0.218552  0.806389  0.776649  0.788394  0.868571  0.501174  0.399889  0.807545  0.150698  0.465982  0.800198  0.757314  0.560593 
16  0.698923  0.617528  0.409598  0.386157  0.282773  0.415205  0.784019  0.826593  0.871261  0.837119  0.798426  0.875073  0.781873  0.972608  0.771082  0.137249 0.0  0.739922  0.727781  0.967685  0.520971  0.357127  0.559637  0.320970  0.764983  0.656864  0.181599  0.872757  0.336654  0.153394  0.242840  0.902102  0.473075  0.264413  0.086793  0.738018  0.980464  0.272920  0.520790  0.604888  0.808520  0.805316  0.733434  0.309622  0.818964  0.266556  0.805040  0.471399  0.303961  0.868978  0.942986  0.768811  0.887973  0.534548  0.386672  0.713626  0.086793  0.621979  0.778353  0.777475  0.627217 
17  0.739102  0.587713  0.813248  0.849684  0.824165  0.801276  0.796983  0.792115  0.918808  0.747620  0.740485  0.230616  0.525021  0.865106  0.804451  0.895312  0.739922 0.0  0.817868  0.780208  0.897129  0.725295  0.912387  0.893349  0.729682  0.796481  0.854758  0.845149  0.803596  0.840113  0.822876  0.328903  0.804000  0.804030  0.800183  0.863712  0.848893  0.859310  0.882600  0.748831  0.764060  0.817817  0.637034  0.778712  0.753298  0.806631  0.849993  0.857044  0.822331  0.843916  0.797523  0.770471  0.217763  0.789188  0.778336  0.742350  0.847983  0.702867  0.811420  0.754500  0.814419 
18  0.707831  0.514813  0.892697  0.734549  0.788444  0.873782  0.305150  0.855065  0.196018  0.887103  0.755800  0.817371  0.908682  0.844273  0.135564  0.851911  0.727781  0.817868 0.0  0.820412  0.776075  0.902970  0.864410  0.809310  0.653399  0.665592  0.820678  0.804449  0.740399  0.793511  0.784133  0.874036  0.799154  0.790423  0.774032  0.916076  0.831040  0.785667  0.836909  0.817762  0.780539  0.769879  0.859062  0.880067  0.818602  0.943924  0.801641  0.872227  0.760210  0.750986  0.892767  0.826848  0.770061  0.879328  0.834649  0.704456  0.827149  0.872033  0.226007  0.193086  0.746825 
19  0.776467  0.532541  0.823701  0.925598  0.931626  0.764204  0.851751  0.830975  0.702171  0.298312  0.846214  0.748088  0.751134  0.187019  0.792582  0.739210  0.967685  0.780208  0.820412 0.0  0.877568  0.885472  0.866253  0.892957  0.754633  0.806333  0.828799  0.903638  0.901839  0.750605  0.842944  0.786600  0.852140  0.786784  0.831267  0.791762  0.239443  0.823836  0.767409  0.772166  0.324225  0.251046  0.791656  0.844611  0.733542  0.793383  0.821090  0.833040  0.763993  0.174135  0.849195  0.340118  0.838866  0.851766  0.835620  0.736558  0.784007  0.877659  0.791235  0.802109  0.915204 
20  0.671972  0.592345  0.312080  0.389607  0.293472  0.173400  0.741253  0.814434  0.776429  0.880406  0.745873  0.921213  0.766866  0.899662  0.775474  0.395285  0.520971  0.897129  0.776075  0.877568 0.0  0.140789  0.658547  0.400422  0.719251  0.707385  0.426358  0.851906  0.399728  0.212057  0.372225  0.811011  0.513165  0.392099  0.327844  0.668474  0.837497  0.222774  0.609129  0.637467  0.843916  0.820789  0.794096  0.160080  0.880213  0.509200  0.824825  0.086793  0.185639  0.889352  0.773094  0.943084  0.992018  0.652945  0.254382  0.855713  0.403296  0.606667  0.796241  0.843944  0.552140 
21  0.810376  0.549799  0.232825  0.352902  0.394733  0.106264  0.786528  0.724701  0.790279  0.881223  0.854839  0.921823  0.723801  0.836527  0.803995  0.288964  0.357127  0.725295  0.902970  0.885472  0.140789 0.0  0.622451  0.216950  0.718804  0.657164  0.375083  0.728027  0.381077  0.269236  0.342076  0.875363  0.579057  0.387829  0.384087  0.806822  0.795009  0.231394  0.539381  0.642403  0.870535  0.888934  0.700867  0.139647  0.764634  0.375572  0.813023  0.100928  0.258001  0.832496  0.810933  0.836027  0.840963  0.617352  0.134134  0.754349  0.391702  0.631300  0.722436  0.844622  0.666906 
22  0.742567  0.563671  0.496754  0.520329  0.551197  0.619881  0.810621  0.910357  0.808758  0.903046  0.675588  0.909928  0.823978  0.814846  0.799613  0.497370  0.559637  0.912387  0.864410  0.866253  0.658547  0.622451 0.0  0.489352  0.781916  0.732380  0.638315  0.704141  0.529863  0.416949  0.515442  0.908855  0.330682  0.589044  0.495280  0.865923  0.888882  0.501664  0.173777  0.455668  0.778243  0.938961  0.720986  0.600308  0.690102  0.572742  0.668989  0.642407  0.548383  0.992392  0.822733  0.839699  0.859277  0.238861  0.600681  0.815985  0.638403  0.356466  0.816933  0.785587  0.175415 
23  0.700315  0.578277  0.429681  0.353948  0.298148  0.360122  0.864912  0.857924  0.780727  0.869788  0.771207  0.972893  0.763425  0.891830  0.778804  0.356745  0.320970  0.893349  0.809310  0.892957  0.400422  0.216950  0.489352 0.0  0.667409  0.765643  0.318926  0.783125  0.368286  0.330384  0.168509  0.910521  0.617190  0.311880  0.387447  0.824621  0.769262  0.213491  0.593713  0.549716  0.813003  0.827916  0.689133  0.386093  0.903777  0.297714  0.807718  0.328504  0.280615  0.899501  0.767887  0.827991  0.868356  0.539863  0.343828  0.768129  0.304634  0.516033  0.879245  0.845826  0.622536 
24  0.737850  0.559866  0.729856  0.644117  0.787203  0.736209  0.778782  0.866984  0.604995  0.787757  0.668068  0.668333  0.749497  0.796587  0.732366  0.718971  0.764983  0.729682  0.653399  0.754633  0.719251  0.718804  0.781916  0.667409 0.0  0.095323  0.748237  0.681010  0.700805  0.793673  0.789603  0.826144  0.712168  0.726150  0.771215  0.818151  0.827892  0.743778  0.691787  0.681708  0.762331  0.790504  0.721495  0.802955  0.684750  0.748376  0.751728  0.700065  0.724275  0.741669  0.788353  0.743497  0.727960  0.732743  0.717295  0.634729  0.657161  0.733697  0.751314  0.843984  0.761522 
25  0.777783  0.586575  0.628250  0.709112  0.770985  0.756220  0.744466  0.774049  0.757684  0.685418  0.726957  0.787713  0.712475  0.646321  0.801231  0.661014  0.656864  0.796481  0.665592  0.806333  0.707385  0.657164  0.732380  0.765643  0.095323 0.0  0.771780  0.705565  0.802310  0.722177  0.713593  0.747142  0.764724  0.757728  0.805343  0.704159  0.805142  0.793301  0.747919  0.807812  0.684473  0.757524  0.754387  0.578797  0.759433  0.722287  0.629211  0.686422  0.745430  0.713222  0.734980  0.725370  0.746105  0.722770  0.848352  0.767657  0.647626  0.718984  0.812943  0.855932  0.724513 
26  0.878775  0.563671  0.412161  0.439096  0.319268  0.396771  0.820289  0.898197  0.814488  0.953534  0.861187  0.886247  0.754325  0.807442  0.806502  0.208365  0.181599  0.854758  0.820678  0.828799  0.426358  0.375083  0.638315  0.318926  0.748237  0.771780 0.0  0.803001  0.346771  0.213909  0.409462  0.927575  0.476601  0.346263  0.214842  0.667488  0.974400  0.311337  0.664012  0.572719  0.784027  0.886680  0.717632  0.377376  0.763984  0.098039  0.922640  0.362461  0.205624  0.858427  0.837460  0.800346  0.858915  0.548671  0.463424  0.747851  0.230704  0.578931  0.710524  0.812489  0.601635 
27  0.719924  0.576163  0.850810  0.778250  0.794614  0.818427  0.798964  0.099866  0.904594  0.765374  0.527908  0.837355  0.805647  0.855536  0.906849  0.728901  0.872757  0.845149  0.804449  0.903638  0.851906  0.728027  0.704141  0.783125  0.681010  0.705565  0.803001 0.0  0.684861  0.836994  0.857022  0.852541  0.700167  0.783273  0.834452  0.407064  0.809734  0.901348  0.708776  0.668601  0.579802  0.786742  0.328071  0.874328  0.229442  0.896106  0.250072  0.738054  0.846043  0.745507  0.540550  0.915650  0.868016  0.758410  0.834828  0.441662  0.812905  0.610480  0.695065  0.728578  0.917653 
28  0.744584  0.500140  0.160620  0.206939  0.086793  0.399303  0.827030  0.832434  0.816757  0.818507  0.768645  0.969781  0.888586  0.833762  0.844404  0.366247  0.336654  0.803596  0.740399  0.901839  0.399728  0.381077  0.529863  0.368286  0.700805  0.802310  0.346771  0.684861 0.0  0.344154  0.281595  0.851543  0.557519  0.194769  0.310112  0.895743  0.759019  0.293469  0.517940  0.544257  0.749353  0.902264  0.720466  0.332068  0.799836  0.335199  0.774752  0.318248  0.086793  0.940643  0.864953  0.915603  0.878640  0.586313  0.307614  0.687214  0.254454  0.584926  0.836718  0.728242  0.549119 
29  0.815462  0.569481  0.258332  0.294737  0.334857  0.195364  0.760586  0.753539  0.846687  0.839523  0.785599  0.874095  0.820769  0.880023  0.780768  0.269580  0.153394  0.840113  0.793511  0.750605  0.212057  0.269236  0.416949  0.330384  0.793673  0.722177  0.213909  0.836994  0.344154 0.0  0.337956  0.914101  0.510504  0.307534  0.192857  0.866763  0.735694  0.235293  0.507636  0.431920  0.896009  0.783349  0.756924  0.214712  0.743420  0.223421  0.785913  0.228908  0.270027  0.763877  0.773109  0.810321  0.768310  0.509664  0.287311  0.738457  0.199767  0.435280  0.897731  0.829394  0.500098 
30  0.717940  0.513397  0.344886  0.441336  0.471117  0.308729  0.822294  0.902451  0.821887  0.841998  0.807757  0.797489  0.825433  0.866856  0.800810  0.255060  0.242840  0.822876  0.784133  0.842944  0.372225  0.342076  0.515442  0.168509  0.789603  0.713593  0.409462  0.857022  0.281595  0.337956 0.0  0.826224  0.530774  0.377017  0.281937  0.766653  0.846640  0.217408  0.641902  0.589717  0.786848  0.832208  0.704961  0.425390  0.699206  0.292620  0.898771  0.288328  0.273510  0.868209  0.779001  0.786114  0.961494  0.468398  0.387271  0.686275  0.378981  0.640837  0.820710  0.739714  0.506062 
31  0.718050  0.512762  0.899399  0.887992  0.836315  0.925607  0.809054  0.781940  0.759025  0.843003  0.766780  0.178249  0.531070  0.861006  0.746408  0.811069  0.902102  0.328903  0.874036  0.786600  0.811011  0.875363  0.908855  0.910521  0.826144  0.747142  0.927575  0.852541  0.851543  0.914101  0.826224 0.0  0.801619  0.823361  0.898692  0.851603  0.875384  0.790522  0.847137  0.867894  0.876219  0.869670  0.696930  0.829184  0.775339  0.853328  0.797456  0.878488  0.781927  0.850991  0.917320  0.872410  0.201447  0.860620  0.907837  0.739075  0.911759  0.899419  0.796816  0.828092  0.848859 
32  0.819607  0.542203  0.607048  0.590517  0.519445  0.631548  0.880963  0.704337  0.875849  0.838207  0.762860  0.829615  0.847720  0.833374  0.796292  0.641384  0.473075  0.804000  0.799154  0.852140  0.513165  0.579057  0.330682  0.617190  0.712168  0.764724  0.476601  0.700167  0.557519  0.510504  0.530774  0.801619 0.0  0.562989  0.543069  0.808538  0.882340  0.529310  0.261241  0.317786  0.724237  0.733776  0.626800  0.597604  0.829026  0.506831  0.832296  0.488224  0.410563  0.835722  0.767221  0.887819  0.779135  0.430308  0.621357  0.639795  0.527189  0.220728  0.857071  0.820721  0.328317 
33  0.719255  0.579818  0.257832  0.153756  0.208825  0.439932  0.831493  0.890212  0.804334  0.920528  0.837152  0.831555  0.855981  0.934947  0.785375  0.332940  0.264413  0.804030  0.790423  0.786784  0.392099  0.387829  0.589044  0.311880  0.726150  0.757728  0.346263  0.783273  0.194769  0.307534  0.377017  0.823361  0.562989 0.0  0.413350  0.798829  0.871594  0.235405  0.650653  0.554295  0.752651  0.870044  0.634903  0.250510  0.739318  0.339268  0.734012  0.379544  0.196510  0.811133  0.802012  0.876284  0.894511  0.433694  0.308702  0.755904  0.440159  0.559211  0.771582  0.802275  0.457045 
34  0.701706  0.604546  0.296300  0.377726  0.366108  0.343753  0.885855  0.803184  0.792244  0.778198  0.822891  0.788272  0.768508  0.813335  0.807233  0.098327  0.086793  0.800183  0.774032  0.831267  0.327844  0.384087  0.495280  0.387447  0.771215  0.805343  0.214842  0.834452  0.310112  0.192857  0.281937  0.898692  0.543069  0.413350 0.0  0.859438  0.899251  0.326786  0.490831  0.507279  0.818187  0.858104  0.781936  0.327457  0.777138  0.086793  0.739077  0.407342  0.283349  0.819905  0.741934  0.990952  0.829116  0.563738  0.411903  0.706810  0.155934  0.566935  0.878237  0.835426  0.617662 
35  0.737774  0.555157  0.749355  0.945711  0.802360  0.630458  0.738004  0.514009  0.742134  0.757669  0.284006  0.759119  0.538150  0.825300  0.857792  0.792055  0.738018  0.863712  0.916076  0.791762  0.668474  0.806822  0.865923  0.824621  0.818151  0.704159  0.667488  0.407064  0.895743  0.866763  0.766653  0.851603  0.808538  0.798829  0.859438 0.0  0.672096  0.871537  0.800608  0.825102  0.750481  0.819177  0.357132  0.905989  0.504881  0.832795  0.555482  0.812214  0.805525  0.708562  0.216139  0.921764  0.809660  0.843297  0.698344  0.349215  0.763893  0.779251  0.818870  0.917275  0.670663 
36  0.773292  0.541559  0.851739  0.944872  0.976165  0.894238  0.797846  0.818286  0.784995  0.149861  0.804783  0.869310  0.884095  0.168761  0.778813  0.839797  0.980464  0.848893  0.831040  0.239443  0.837497  0.795009  0.888882  0.769262  0.827892  0.805142  0.974400  0.809734  0.759019  0.735694  0.846640  0.875384  0.882340  0.871594  0.899251  0.672096 0.0  0.806671  0.935533  0.869997  0.273034  0.086793  0.786659  0.895863  0.759141  0.852988  0.808091  0.857872  0.868968  0.092497  0.829813  0.418740  0.851008  0.741433  0.880109  0.798034  0.855427  0.860028  0.787630  0.810638  0.836733 
37  0.755036  0.622824  0.368067  0.229918  0.287081  0.253147  0.779490  0.787908  0.784124  0.821363  0.844552  0.829235  0.760599  0.853477  0.819825  0.320479  0.272920  0.859310  0.785667  0.823836  0.222774  0.231394  0.501664  0.213491  0.743778  0.793301  0.311337  0.901348  0.293469  0.235293  0.217408  0.790522  0.529310  0.235405  0.326786  0.871537  0.806671 0.0  0.505907  0.409091  0.839638  0.833065  0.676769  0.231623  0.822084  0.298344  0.846051  0.144053  0.233599  0.779726  0.849560  0.837623  0.808807  0.437286  0.290163  0.730758  0.244972  0.451926  0.783537  0.851932  0.480267 
38  0.725089  0.622202  0.629074  0.555212  0.687976  0.642355  0.787194  0.806704  0.804942  0.947153  0.777221  0.808513  0.781345  0.953142  0.737589  0.551784  0.520790  0.882600  0.836909  0.767409  0.609129  0.539381  0.173777  0.593713  0.691787  0.747919  0.664012  0.708776  0.517940  0.507636  0.641902  0.847137  0.261241  0.650653  0.490831  0.800608  0.935533  0.505907 0.0  0.399418  0.806992  0.851602  0.705914  0.605022  0.630514  0.611682  0.702011  0.566770  0.469473  0.849191  0.852689  0.824750  0.856449  0.086793  0.537541  0.736780  0.703100  0.400556  0.829920  0.797930  0.280987 
39  0.789056  0.598552  0.495753  0.472622  0.539746  0.523469  0.814602  0.688177  0.781826  0.885623  0.742526  0.846132  0.809117  0.891073  0.821376  0.596112  0.604888  0.748831  0.817762  0.772166  0.637467  0.642403  0.455668  0.549716  0.681708  0.807812  0.572719  0.668601  0.544257  0.431920  0.589717  0.867894  0.317786  0.554295  0.507279  0.825102  0.869997  0.409091  0.399418 0.0  0.585114  0.851599  0.725695  0.644037  0.795446  0.588144  0.856831  0.662328  0.421804  0.926595  0.719754  0.779895  0.931297  0.359525  0.659654  0.683440  0.631988  0.173349  0.879392  0.865495  0.414442 
40  0.737562  0.553845  0.786677  0.821480  0.869215  0.836246  0.806824  0.564412  0.855689  0.246862  0.758731  0.865120  0.809881  0.323732  0.762260  0.786425  0.808520  0.764060  0.780539  0.324225  0.843916  0.870535  0.778243  0.813003  0.762331  0.684473  0.784027  0.579802  0.749353  0.896009  0.786848  0.876219  0.724237  0.752651  0.818187  0.750481  0.273034  0.839638  0.806992  0.585114 0.0  0.303697  0.700771  0.839141  0.929776  0.885149  0.797507  0.779189  0.774611  0.167365  0.887061  0.365448  0.744178  0.896538  0.754313  0.681209  0.794407  0.702115  0.744830  0.853623  0.793075 
41  0.704110  0.489831  0.854244  0.718721  0.871247  0.913621  0.831137  0.748724  0.726050  0.178787  0.823843  0.903125  0.747684  0.185185  0.870227  0.797407  0.805316  0.817817  0.769879  0.251046  0.820789  0.888934  0.938961  0.827916  0.790504  0.757524  0.886680  0.786742  0.902264  0.783349  0.832208  0.869670  0.733776  0.870044  0.858104  0.819177  0.086793  0.833065  0.851602  0.851599  0.303697 0.0  0.671878  0.760250  0.833744  0.947412  0.844790  0.947812  0.811543  0.220093  0.742599  0.340280  1.000000  0.885527  0.893917  0.782337  0.994039  0.877626  0.731417  0.806806  0.903058 
42  0.721347  0.651002  0.851424  0.731057  0.711092  0.723878  0.719849  0.353667  0.774498  0.737767  0.421906  0.727772  0.693937  0.751120  0.812168  0.734922  0.733434  0.637034  0.859062  0.791656  0.794096  0.700867  0.720986  0.689133  0.721495  0.754387  0.717632  0.328071  0.720466  0.756924  0.704961  0.696930  0.626800  0.634903  0.781936  0.357132  0.786659  0.676769  0.705914  0.725695  0.700771  0.671878 0.0  0.784090  0.404106  0.772005  0.349826  0.682513  0.764770  0.796729  0.392942  0.714191  0.703418  0.743763  0.764924  0.086793  0.762625  0.825695  0.695570  0.890759  0.806580 
43  0.652445  0.712743  0.310242  0.311132  0.285816  0.162240  0.761838  0.799414  0.788151  0.990625  0.821880  0.959024  0.835030  0.877190  0.909316  0.265238  0.309622  0.778712  0.880067  0.844611  0.160080  0.139647  0.600308  0.386093  0.802955  0.578797  0.377376  0.874328  0.332068  0.214712  0.425390  0.829184  0.597604  0.250510  0.327457  0.905989  0.895863  0.231623  0.605022  0.644037  0.839141  0.760250  0.784090 0.0  0.680266  0.341966  0.917240  0.086793  0.214382  0.997879  0.821860  0.904060  0.947817  0.573203  0.188467  0.770061  0.437236  0.618910  0.891400  0.880906  0.639658 
44  0.637295  0.596779  0.838911  0.860457  0.858609  0.796734  0.732605  0.294162  0.774725  0.682427  0.502386  0.800956  0.760056  0.856420  0.775725  0.829463  0.818964  0.753298  0.818602  0.733542  0.880213  0.764634  0.690102  0.903777  0.684750  0.759433  0.763984  0.229442  0.799836  0.743420  0.699206  0.775339  0.829026  0.739318  0.777138  0.504881  0.759141  0.822084  0.630514  0.795446  0.929776  0.833744  0.404106  0.680266 0.0  0.762534  0.086793  0.868502  0.752704  0.807588  0.495960  0.847863  0.812008  0.647747  0.785424  0.487902  0.811494  0.793131  0.803163  0.889856  0.633570 
45  0.850215  0.524579  0.406883  0.357305  0.366323  0.344890  0.753715  0.725133  0.774830  0.774302  0.739848  0.908237  0.788083  0.831492  0.788571  0.275491  0.266556  0.806631  0.943924  0.793383  0.509200  0.375572  0.572742  0.297714  0.748376  0.722287  0.098039  0.896106  0.335199  0.223421  0.292620  0.853328  0.506831  0.339268  0.086793  0.832795  0.852988  0.298344  0.611682  0.588144  0.885149  0.947412  0.772005  0.341966  0.762534 0.0  0.793903  0.417398  0.299691  0.903135  0.809549  0.849609  0.857302  0.599068  0.384472  0.789373  0.273159  0.550804  0.773834  0.764816  0.552362 
46  0.681018  0.591970  0.749664  0.872782  0.892335  0.826710  0.832416  0.326510  0.752486  0.768302  0.485073  0.816345  0.812880  0.845772  0.813778  0.780015  0.805040  0.849993  0.801641  0.821090  0.824825  0.813023  0.668989  0.807718  0.751728  0.629211  0.922640  0.250072  0.774752  0.785913  0.898771  0.797456  0.832296  0.734012  0.739077  0.555482  0.808091  0.846051  0.702011  0.856831  0.797507  0.844790  0.349826  0.917240  0.086793  0.793903 0.0  0.845233  0.747115  0.703969  0.515759  0.832780  0.880532  0.721175  0.859048  0.381119  0.822782  0.885880  0.950218  0.809293  0.559858 
47  0.849105  0.613485  0.396590  0.313932  0.239803  0.086793  0.785617  0.780797  0.811075  0.930344  0.898701  0.887755  0.829336  0.871653  0.790781  0.367077  0.471399  0.857044  0.872227  0.833040  0.086793  0.100928  0.642407  0.328504  0.700065  0.686422  0.362461  0.738054  0.318248  0.228908  0.288328  0.878488  0.488224  0.379544  0.407342  0.812214  0.857872  0.144053  0.566770  0.662328  0.779189  0.947812  0.682513  0.086793  0.868502  0.417398  0.845233 0.0  0.251030  0.856315  0.912449  0.887984  0.842174  0.527828  0.186145  0.752577  0.354754  0.526648  0.839062  0.727730  0.544907 
48  0.854572  0.622693  0.224455  0.200366  0.276945  0.248674  0.796756  0.835122  0.865792  0.826284  0.797928  0.809023  0.831072  0.774341  0.889165  0.218552  0.303961  0.822331  0.760210  0.763993  0.185639  0.258001  0.548383  0.280615  0.724275  0.745430  0.205624  0.846043  0.086793  0.270027  0.273510  0.781927  0.410563  0.196510  0.283349  0.805525  0.868968  0.233599  0.469473  0.421804  0.774611  0.811543  0.764770  0.214382  0.752704  0.299691  0.747115  0.251030 0.0  0.824607  0.814503  0.752970  0.873205  0.400398  0.275798  0.782212  0.249750  0.452901  0.816842  0.811402  0.500516 
49  0.692957  0.623479  0.847745  0.852888  0.877173  0.787863  0.836937  0.719943  0.809597  0.177267  0.847217  0.950319  0.756311  0.086793  0.925979  0.806389  0.868978  0.843916  0.750986  0.174135  0.889352  0.832496  0.992392  0.899501  0.741669  0.713222  0.858427  0.745507  0.940643  0.763877  0.868209  0.850991  0.835722  0.811133  0.819905  0.708562  0.092497  0.779726  0.849191  0.926595  0.167365  0.220093  0.796729  0.997879  0.807588  0.903135  0.703969  0.856315  0.824607 0.0  0.821784  0.329514  0.887601  0.824968  0.894484  0.721767  0.842433  0.852770  0.773303  0.775676  0.908265 
50  0.709655  0.575804  0.839808  0.889694  0.871127  0.832942  0.899335  0.517999  0.770309  0.858087  0.197471  0.916250  0.579687  0.849739  0.808584  0.776649  0.942986  0.797523  0.892767  0.849195  0.773094  0.810933  0.822733  0.767887  0.788353  0.734980  0.837460  0.540550  0.864953  0.773109  0.779001  0.917320  0.767221  0.802012  0.741934  0.216139  0.829813  0.849560  0.852689  0.719754  0.887061  0.742599  0.392942  0.821860  0.495960  0.809549  0.515759  0.912449  0.814503  0.821784 0.0  0.782511  0.820975  0.786174  0.801202  0.317149  0.753844  0.795397  0.932912  0.891254  0.715294 
51  0.717157  0.537693  0.824758  0.905364  0.739988  0.813988  0.804918  0.885495  0.869041  0.308285  0.799283  0.853449  0.720836  0.358930  0.792032  0.788394  0.768811  0.770471  0.826848  0.340118  0.943084  0.836027  0.839699  0.827991  0.743497  0.725370  0.800346  0.915650  0.915603  0.810321  0.786114  0.872410  0.887819  0.876284  0.990952  0.921764  0.418740  0.837623  0.824750  0.779895  0.365448  0.340280  0.714191  0.904060  0.847863  0.849609  0.832780  0.887984  0.752970  0.329514  0.782511 0.0  0.808243  0.812097  0.845541  0.666115  0.818191  0.720485  0.874504  0.850853  0.882773 
52  0.722671  0.580522  0.745357  0.835940  0.899207  0.847749  0.750221  0.680515  0.772314  0.955565  0.811878  0.134375  0.385828  0.906951  0.752628  0.868571  0.887973  0.217763  0.770061  0.838866  0.992018  0.840963  0.859277  0.868356  0.727960  0.746105  0.858915  0.868016  0.878640  0.768310  0.961494  0.201447  0.779135  0.894511  0.829116  0.809660  0.851008  0.808807  0.856449  0.931297  0.744178  1.000000  0.703418  0.947817  0.812008  0.857302  0.880532  0.842174  0.873205  0.887601  0.820975  0.808243 0.0  0.827264  0.862116  0.757781  0.961911  0.915825  0.816303  0.848116  0.849457 
53  0.814713  0.556018  0.584436  0.615660  0.476513  0.597201  0.801612  0.904246  0.726398  0.931559  0.849443  0.884341  0.735742  0.880658  0.795914  0.501174  0.534548  0.789188  0.879328  0.851766  0.652945  0.617352  0.238861  0.539863  0.732743  0.722770  0.548671  0.758410  0.586313  0.509664  0.468398  0.860620  0.430308  0.433694  0.563738  0.843297  0.741433  0.437286  0.086793  0.359525  0.896538  0.885527  0.743763  0.573203  0.647747  0.599068  0.721175  0.527828  0.400398  0.824968  0.786174  0.812097  0.827264 0.0  0.613475  0.703415  0.573210  0.454156  0.816887  0.890652  0.194892 
54  0.762115  0.547008  0.358699  0.295861  0.363560  0.086793  0.883691  0.782840  0.833280  0.840544  0.729895  0.861467  0.810393  0.933206  0.801375  0.399889  0.386672  0.778336  0.834649  0.835620  0.254382  0.134134  0.600681  0.343828  0.717295  0.848352  0.463424  0.834828  0.307614  0.287311  0.387271  0.907837  0.621357  0.308702  0.411903  0.698344  0.880109  0.290163  0.537541  0.659654  0.754313  0.893917  0.764924  0.188467  0.785424  0.384472  0.859048  0.186145  0.275798  0.894484  0.801202  0.845541  0.862116  0.613475 0.0  0.712430  0.415469  0.590411  0.660950  0.779525  0.615419 
55  0.737533  0.507794  0.666175  0.732346  0.743998  0.694039  0.742471  0.292544  0.687456  0.746603  0.466008  0.720211  0.788453  0.743277  0.722387  0.807545  0.713626  0.742350  0.704456  0.736558  0.855713  0.754349  0.815985  0.768129  0.634729  0.767657  0.747851  0.441662  0.687214  0.738457  0.686275  0.739075  0.639795  0.755904  0.706810  0.349215  0.798034  0.730758  0.736780  0.683440  0.681209  0.782337  0.086793  0.770061  0.487902  0.789373  0.381119  0.752577  0.782212  0.721767  0.317149  0.666115  0.757781  0.703415  0.712430 0.0  0.731413  0.783816  0.782726  0.706641  0.650808 
56  0.817238  0.598870  0.364536  0.355827  0.424635  0.402816  0.793419  0.757899  0.751361  0.870771  0.820319  0.891733  0.811756  0.873198  0.735747  0.150698  0.086793  0.847983  0.827149  0.784007  0.403296  0.391702  0.638403  0.304634  0.657161  0.647626  0.230704  0.812905  0.254454  0.199767  0.378981  0.911759  0.527189  0.440159  0.155934  0.763893  0.855427  0.244972  0.703100  0.631988  0.794407  0.994039  0.762625  0.437236  0.811494  0.273159  0.822782  0.354754  0.249750  0.842433  0.753844  0.818191  0.961911  0.573210  0.415469  0.731413 0.0  0.548777  0.786398  0.791857  0.607970 
57  0.708818  0.572566  0.580969  0.468559  0.589957  0.612497  0.817730  0.737532  0.789654  0.989343  0.793942  0.957052  0.842590  0.823561  0.710646  0.465982  0.621979  0.702867  0.872033  0.877659  0.606667  0.631300  0.356466  0.516033  0.733697  0.718984  0.578931  0.610480  0.584926  0.435280  0.640837  0.899419  0.220728  0.559211  0.566935  0.779251  0.860028  0.451926  0.400556  0.173349  0.702115  0.877626  0.825695  0.618910  0.793131  0.550804  0.885880  0.526648  0.452901  0.852770  0.795397  0.720485  0.915825  0.454156  0.590411  0.783816  0.548777 0.0  0.776371  0.789983  0.336702 
58  0.791243  0.636627  0.810153  0.814249  0.867310  0.829483  0.201480  0.731204  0.145565  0.832334  0.774688  0.867985  0.765125  0.782598  0.201736  0.800198  0.778353  0.811420  0.226007  0.791235  0.796241  0.722436  0.816933  0.879245  0.751314  0.812943  0.710524  0.695065  0.836718  0.897731  0.820710  0.796816  0.857071  0.771582  0.878237  0.818870  0.787630  0.783537  0.829920  0.879392  0.744830  0.731417  0.695570  0.891400  0.803163  0.773834  0.950218  0.839062  0.816842  0.773303  0.932912  0.874504  0.816303  0.816887  0.660950  0.782726  0.786398  0.776371 0.0  0.086793  0.777206 
59  0.665852  0.527932  0.730343  0.773564  0.795757  0.812346  0.138342  0.876044  0.086793  0.831643  0.838799  0.830430  0.749145  0.819437  0.286008  0.757314  0.777475  0.754500  0.193086  0.802109  0.843944  0.844622  0.785587  0.845826  0.843984  0.855932  0.812489  0.728578  0.728242  0.829394  0.739714  0.828092  0.820721  0.802275  0.835426  0.917275  0.810638  0.851932  0.797930  0.865495  0.853623  0.806806  0.890759  0.880906  0.889856  0.764816  0.809293  0.727730  0.811402  0.775676  0.891254  0.850853  0.848116  0.890652  0.779525  0.706641  0.791857  0.789983  0.086793 0.0  0.739761 
60  0.706219  0.577191  0.592656  0.531101  0.537518  0.506684  0.749386  0.769565  0.809079  0.809400  0.779461  0.864158  0.812075  0.799484  0.844009  0.560593  0.627217  0.814419  0.746825  0.915204  0.552140  0.666906  0.175415  0.622536  0.761522  0.724513  0.601635  0.917653  0.549119  0.500098  0.506062  0.848859  0.328317  0.457045  0.617662  0.670663  0.836733  0.480267  0.280987  0.414442  0.793075  0.903058  0.806580  0.639658  0.633570  0.552362  0.559858  0.544907  0.500516  0.908265  0.715294  0.882773  0.849457  0.194892  0.615419  0.650808  0.607970  0.336702  0.777206  0.739761 0.0 
