61
0 0.0  0.572706  0.725195  0.612413  0.680254  0.772995  0.716134  0.745829  0.732023  0.737274  0.733095  0.730837  0.726890  0.663697  0.631355  0.681965  0.829905  0.711925  0.728245  0.781804  0.774758  0.795222  0.695273  0.662168  0.720077  0.722531  0.704812  0.574035  0.676943  0.760602  0.710531  0.758900  0.763412  0.591565  0.650431  0.766450  0.740072  0.734143  0.693801  0.751666  0.771168  0.722877  0.683821  0.659355  0.663662  0.724159  0.788080  0.722942  0.743154  0.768165  0.789026  0.764067  0.756795  0.715167  0.734369  0.702524  0.600049  0.709342  0.712527  0.624511  0.806385 
1  0.572706 0.0  0.611118  0.588005  0.575868  0.652612  0.693858  0.480548  0.525626  0.572728  0.532563  0.604163  0.557079  0.533670  0.537117  0.718825  0.631534  0.584995  0.571695  0.453412  0.593049  0.600474  0.536873  0.514780  0.493728  0.629668  0.634487  0.557653  0.511343  0.459689  0.478941  0.597724  0.622870  0.488119  0.632078  0.533576  0.581432  0.594538  0.573234  0.571135  0.661021  0.603842  0.657760  0.552896  0.603384  0.573833  0.622287  0.516379  0.513991  0.549647  0.564513  0.555123  0.584593  0.611375  0.562997  0.616350  0.506548  0.615011  0.590033  0.610197  0.613918 
2  0.725195  0.611118 0.0  0.093772  0.207470  0.399019  0.849443  0.836202  0.847228  0.874392  0.828378  0.747811  0.763537  0.913148  0.754068  0.274011  0.283192  0.720069  0.778880  0.878164  0.290108  0.348323  0.579460  0.414693  0.749056  0.686009  0.372219  0.867059  0.105417  0.175283  0.355437  0.832152  0.600236  0.199823  0.335721  0.865715  0.858189  0.220004  0.476278  0.661963  0.750792  0.846919  0.783986  0.395792  0.776707  0.378365  0.857943  0.391367  0.211844  0.769285  0.788173  0.861729  0.817963  0.569186  0.353213  0.737354  0.357995  0.471288  0.813674  0.817155  0.538689 
3  0.612413  0.588005  0.093772 0.0  0.143790  0.370219  0.837354  0.802478  0.774536  0.870775  0.827664  0.894279  0.839646  0.922530  0.793086  0.294911  0.379099  0.798735  0.774018  0.700865  0.300661  0.347536  0.532809  0.325967  0.808530  0.785397  0.289232  0.768520  0.231142  0.188523  0.385371  0.875067  0.559137  0.186000  0.408892  0.869602  0.901663  0.198236  0.506379  0.593369  0.777576  0.894405  0.704647  0.353054  0.809195  0.335837  0.767133  0.195503  0.316989  0.789532  0.794921  0.849987  0.839746  0.464591  0.372068  0.720271  0.386153  0.443116  0.799928  0.693623  0.565052 
4  0.680254  0.575868  0.207470  0.143790 0.0  0.396223  0.800786  0.837117  0.770538  0.839500  0.768184  0.893450  0.833081  0.815338  0.783091  0.289489  0.362143  0.795260  0.791907  0.936942  0.375024  0.314265  0.559478  0.373731  0.725647  0.797268  0.306634  0.799013  0.093772  0.356153  0.298055  0.791620  0.555669  0.171427  0.343759  0.816316  1.000000  0.269737  0.501598  0.640636  0.841877  0.857153  0.713166  0.332307  0.790946  0.336302  0.753759  0.401051  0.326153  0.710137  0.764307  0.809593  0.838996  0.600849  0.359731  0.760982  0.314592  0.494689  0.761937  0.753440  0.503073 
5  0.772995  0.652612  0.399019  0.370219  0.396223 0.0  0.792579  0.751794  0.762072  0.842394  0.836164  0.759055  0.824321  0.799713  0.813990  0.354076  0.379845  0.729306  0.754822  0.806569  0.176106  0.154540  0.581045  0.361298  0.767261  0.767490  0.401468  0.752474  0.394259  0.278502  0.323746  0.905862  0.556310  0.278791  0.266915  0.853512  0.795365  0.243603  0.653136  0.643410  0.774182  0.902128  0.786774  0.093772  0.792148  0.414626  0.735582  0.178073  0.296802  0.882240  0.800040  0.800118  0.886923  0.521188  0.182073  0.698998  0.349125  0.693217  0.819131  0.839287  0.508978 
6  0.716134  0.693858  0.849443  0.837354  0.800786  0.792579 0.0  0.846744  0.093772  0.761000  0.814745  0.701964  0.797175  0.803424  0.319731  0.731359  0.837452  0.764069  0.243200  0.870889  0.698098  0.814635  0.794070  0.766428  0.693562  0.760411  0.737621  0.833807  0.787387  0.710048  0.685010  0.814740  0.763961  0.788820  0.817004  0.788198  0.742587  0.903811  0.773104  0.791472  0.856216  0.803538  0.728268  0.769168  0.867917  0.844471  0.718258  0.785858  0.879712  0.773335  0.762590  0.774576  0.772169  0.721955  0.774309  0.691586  0.789614  0.860665  0.234693  0.147754  0.781919 
7  0.745829  0.480548  0.836202  0.802478  0.837117  0.751794  0.846744 0.0  0.772375  0.809390  0.415747  0.823432  0.771779  0.758327  0.790712  0.829405  0.737505  0.715466  0.762307  0.833620  0.835587  0.784648  0.776740  0.878497  0.677179  0.702739  0.792370  0.093772  0.804181  0.729539  0.836819  0.761345  0.615389  0.767460  0.694457  0.394547  0.864987  0.699098  0.779499  0.670579  0.623489  0.890068  0.257620  0.801797  0.234630  0.887242  0.214033  0.827864  0.772799  0.762681  0.550676  0.871897  0.756075  0.799539  0.798901  0.389959  0.800713  0.662206  0.857687  0.695205  0.817663 
8  0.732023  0.525626  0.847228  0.774536  0.770538  0.762072  0.093772  0.772375 0.0  0.709991  0.875895  0.760978  0.771944  0.748356  0.175213  0.769433  0.772426  0.812465  0.329011  0.918734  0.825783  0.855649  0.803985  0.808322  0.785656  0.683845  0.810723  0.812238  0.748006  0.882498  0.808739  0.813848  0.811289  0.800543  0.708354  0.758406  0.808544  0.810049  0.806571  0.801036  0.778595  0.759304  0.663564  0.821805  0.803516  0.693633  0.826962  0.748769  0.800701  0.776761  0.796669  0.745360  0.852509  0.895114  0.790758  0.668297  0.767145  0.828176  0.093772  0.093772  0.834648 
9  0.737274  0.572728  0.874392  0.870775  0.839500  0.842394  0.761000  0.809390  0.709991 0.0  0.816040  0.736548  0.782833  0.124557  0.807288  0.914004  0.849089  0.767592  0.722543  0.098151  0.908856  0.820917  0.744134  0.832385  0.692198  0.784165  0.874219  0.775500  0.927191  0.850758  0.789099  0.853261  0.789308  0.747870  0.829814  0.820362  0.149629  0.752061  0.890251  0.854358  0.242636  0.126848  0.715213  0.827189  0.864602  0.834844  0.797600  0.897856  0.781870  0.093772  0.868733  0.390845  0.834365  0.854406  0.816883  0.698808  0.778495  0.852581  0.836409  0.803018  0.831958 
10  0.733095  0.532563  0.828378  0.827664  0.768184  0.836164  0.814745  0.415747  0.875895  0.816040 0.0  0.714392  0.619697  0.779110  0.741552  0.752694  0.845633  0.669746  0.886729  0.773558  0.803448  0.801577  0.830404  0.844988  0.755986  0.711742  0.812879  0.471067  0.751127  0.748180  0.768206  0.774610  0.765462  0.820712  0.812715  0.400267  0.744412  0.762402  0.795786  0.804742  0.816044  0.690973  0.385222  0.720676  0.466922  0.803768  0.445871  0.805457  0.848926  0.814351  0.285598  0.762946  0.698858  0.764700  0.821854  0.334887  0.757363  0.807540  0.791655  0.841624  0.840924 
11  0.730837  0.604163  0.747811  0.894279  0.893450  0.759055  0.701964  0.823432  0.760978  0.736548  0.714392 0.0  0.542269  0.873190  0.736716  0.831452  0.892787  0.235749  0.834061  0.780441  0.815397  0.812122  0.892795  0.801013  0.751271  0.754184  0.879117  0.795579  0.921461  0.782089  0.918048  0.159080  0.721172  0.871249  0.766843  0.789156  0.832050  0.819358  0.964380  0.839664  0.832216  0.894789  0.689759  0.785726  0.726233  0.826886  0.914938  0.861418  0.730821  0.876348  0.800706  0.905414  0.125890  0.889437  0.802764  0.753011  0.869516  0.827087  0.712027  0.884611  0.901293 
12  0.726890  0.557079  0.763537  0.839646  0.833081  0.824321  0.797175  0.771779  0.771944  0.782833  0.619697  0.542269 0.0  0.734815  0.778931  0.847004  0.692539  0.595896  0.866179  0.754455  0.815407  0.825684  0.794388  0.811560  0.765769  0.779958  0.819697  0.826644  0.719129  0.815445  0.795305  0.481652  0.830783  0.761887  0.814840  0.597784  0.669601  0.751383  0.779486  0.822302  0.755544  0.754939  0.740804  0.734782  0.756584  0.844486  0.700386  0.700789  0.743625  0.768141  0.486431  0.794100  0.568330  0.861136  0.837753  0.739030  0.837362  0.696331  0.786557  0.873401  0.846727 
13  0.663697  0.533670  0.913148  0.922530  0.815338  0.799713  0.803424  0.758327  0.748356  0.124557  0.779110  0.873190  0.734815 0.0  0.701197  0.703922  0.780990  0.737936  0.752662  0.301424  0.947328  0.774852  0.820697  0.846456  0.648709  0.719759  0.817081  0.901704  0.787963  0.787156  0.902665  0.827681  0.825715  0.840384  0.816604  0.702041  0.224966  0.773621  0.840935  0.794802  0.289084  0.152837  0.656246  0.980528  0.748614  0.857710  0.823065  0.852201  0.830328  0.223425  0.747570  0.337415  0.839378  0.804027  0.810270  0.726205  0.897320  0.858141  0.800874  0.833507  0.780534 
14  0.631355  0.537117  0.754068  0.793086  0.783091  0.813990  0.319731  0.790712  0.175213  0.807288  0.741552  0.736716  0.778931  0.701197 0.0  0.768269  0.813765  0.828789  0.093772  0.773894  0.837382  0.786533  0.730181  0.837931  0.718602  0.789620  0.743621  0.836855  0.840884  0.812087  0.727028  0.763153  0.666950  0.794098  0.775634  0.789776  0.748953  0.784377  0.661715  0.781794  0.749648  0.728341  0.755553  0.762716  0.771250  0.788267  0.774684  0.776610  0.814018  0.802001  0.817740  0.653726  0.836375  0.804988  0.760907  0.799431  0.904148  0.722498  0.300828  0.249671  0.672570 
15  0.681965  0.718825  0.274011  0.294911  0.289489  0.354076  0.731359  0.829405  0.769433  0.914004  0.752694  0.831452  0.847004  0.703922  0.768269 0.0  0.222765  0.753315  0.778873  0.826879  0.328718  0.436315  0.542351  0.340502  0.764840  0.608451  0.165315  0.874628  0.272640  0.265188  0.309417  0.818946  0.614328  0.348950  0.297138  0.741149  0.802748  0.232439  0.496137  0.547944  0.713568  0.879801  0.720826  0.356308  0.789116  0.198146  0.753416  0.395240  0.207279  0.872293  0.767356  0.860962  0.827051  0.524347  0.418275  0.697933  0.169578  0.561304  0.729063  0.703450  0.549011 
16  0.829905  0.631534  0.283192  0.379099  0.362143  0.379845  0.837452  0.737505  0.772426  0.849089  0.845633  0.892787  0.692539  0.780990  0.813765  0.222765 0.0  0.692428  0.867904  0.887370  0.348118  0.488944  0.614957  0.378912  0.634192  0.689575  0.215973  0.848391  0.393414  0.231676  0.343677  0.873188  0.570988  0.318841  0.241351  0.728728  0.891126  0.276604  0.512988  0.637832  0.914621  0.875536  0.774308  0.381826  0.753899  0.223155  0.895828  0.404965  0.354133  0.916504  0.736200  0.934945  0.884479  0.647056  0.405659  0.782735  0.133964  0.606595  0.765089  0.787442  0.538452 
17  0.711925  0.584995  0.720069  0.798735  0.795260  0.729306  0.764069  0.715466  0.812465  0.767592  0.669746  0.235749  0.595896  0.737936  0.828789  0.753315  0.692428 0.0  0.823919  0.772850  0.823678  0.819638  0.830381  0.782205  0.759956  0.700635  0.777428  0.748639  0.748235  0.732186  0.776200  0.246240  0.731084  0.755905  0.803727  0.697567  0.757469  0.744485  0.794265  0.665344  0.690111  0.759944  0.692468  0.829904  0.786730  0.752337  0.815110  0.823392  0.817375  0.806958  0.877308  0.729930  0.222867  0.863217  0.825827  0.748943  0.848095  0.776988  0.863382  0.851138  0.746153 
18  0.728245  0.571695  0.778880  0.774018  0.791907  0.754822  0.243200  0.762307  0.329011  0.722543  0.886729  0.834061  0.866179  0.752662  0.093772  0.778873  0.867904  0.823919 0.0  0.780963  0.880925  0.861589  0.837063  0.734015  0.663375  0.718755  0.861289  0.822197  0.851279  0.730826  0.802061  0.700922  0.816863  0.818423  0.784558  0.814813  0.951918  0.758902  0.766025  0.800576  0.822791  0.717236  0.644419  0.810865  0.709411  0.846675  0.827859  0.812279  0.857065  0.857435  0.759008  0.804283  0.844847  0.853681  0.871474  0.740695  0.771685  0.740140  0.263331  0.264362  0.800968 
19  0.781804  0.453412  0.878164  0.700865  0.936942  0.806569  0.870889  0.833620  0.918734  0.098151  0.773558  0.780441  0.754455  0.301424  0.773894  0.826879  0.887370  0.772850  0.780963 0.0  0.730981  0.887106  0.803385  0.829800  0.717071  0.726143  0.867530  0.785737  0.900853  0.878150  0.807422  0.857928  0.742436  0.833567  0.836168  0.877046  0.206394  0.923623  0.820456  0.857080  0.340472  0.164688  0.715461  0.874610  0.759744  0.899164  0.731511  0.906188  0.700885  0.130251  0.803543  0.221423  0.844841  0.864464  0.929843  0.685762  0.810157  0.880405  0.774976  0.783503  0.863463 
20  0.774758  0.593049  0.290108  0.300661  0.375024  0.176106  0.698098  0.835587  0.825783  0.908856  0.803448  0.815397  0.815407  0.947328  0.837382  0.328718  0.348118  0.823678  0.880925  0.730981 0.0  0.241054  0.619161  0.358378  0.735092  0.724120  0.519188  0.843185  0.297920  0.303910  0.380994  0.930833  0.539504  0.331309  0.353126  0.782184  0.841373  0.188579  0.610132  0.634415  0.748479  0.950779  0.746240  0.153849  0.773952  0.430529  0.763846  0.174731  0.200825  0.926129  0.753346  0.812673  0.871347  0.546404  0.135014  0.651598  0.448454  0.500798  0.730912  0.841318  0.548334 
21  0.795222  0.600474  0.348323  0.347536  0.314265  0.154540  0.814635  0.784648  0.855649  0.820917  0.801577  0.812122  0.825684  0.774852  0.786533  0.436315  0.488944  0.819638  0.861589  0.887106  0.241054 0.0  0.531600  0.391458  0.688397  0.747687  0.403628  0.760918  0.403575  0.236265  0.284533  0.814395  0.515906  0.401115  0.409278  0.806009  0.795509  0.282417  0.510432  0.615290  0.866451  0.943372  0.728331  0.231628  0.831957  0.377107  0.811385  0.167189  0.262855  0.839169  0.752343  0.830104  0.947122  0.524717  0.136983  0.714783  0.333851  0.529077  0.789317  0.805145  0.658656 
22  0.695273  0.536873  0.579460  0.532809  0.559478  0.581045  0.794070  0.776740  0.803985  0.744134  0.830404  0.892795  0.794388  0.820697  0.730181  0.542351  0.614957  0.830381  0.837063  0.803385  0.619161  0.531600 0.0  0.577727  0.694146  0.711734  0.579258  0.813396  0.555719  0.499967  0.533862  0.825363  0.386374  0.643195  0.537448  0.917852  0.715736  0.435882  0.250924  0.355644  0.809636  0.866375  0.754667  0.603010  0.619822  0.606667  0.573344  0.546451  0.516992  0.864690  0.899351  0.771421  0.882023  0.255561  0.642789  0.739978  0.703278  0.347459  0.718826  0.756557  0.170839 
23  0.662168  0.514780  0.414693  0.325967  0.373731  0.361298  0.766428  0.878497  0.808322  0.832385  0.844988  0.801013  0.811560  0.846456  0.837931  0.340502  0.378912  0.782205  0.734015  0.829800  0.358378  0.391458  0.577727 0.0  0.696491  0.686205  0.357686  0.806833  0.311118  0.275610  0.182199  0.773059  0.573305  0.269255  0.436258  0.857370  0.857739  0.273756  0.644328  0.464753  0.748678  0.827940  0.633910  0.400744  0.781024  0.318803  0.764703  0.335566  0.202596  0.850492  0.824913  0.853445  0.828108  0.567104  0.393901  0.795526  0.342822  0.538264  0.741278  0.789383  0.614599 
24  0.720077  0.493728  0.749056  0.808530  0.725647  0.767261  0.693562  0.677179  0.785656  0.692198  0.755986  0.751271  0.765769  0.648709  0.718602  0.764840  0.634192  0.759956  0.663375  0.717071  0.735092  0.688397  0.694146  0.696491 0.0  0.093772  0.662702  0.731940  0.794813  0.714239  0.701815  0.682382  0.745389  0.611741  0.785124  0.731563  0.763320  0.782449  0.677238  0.764022  0.748958  0.788914  0.748572  0.647089  0.610187  0.788014  0.637518  0.674668  0.724310  0.675435  0.620037  0.636473  0.687740  0.634427  0.654505  0.824769  0.710936  0.828472  0.809998  0.808431  0.628170 
25  0.722531  0.629668  0.686009  0.785397  0.797268  0.767490  0.760411  0.702739  0.683845  0.784165  0.711742  0.754184  0.779958  0.719759  0.789620  0.608451  0.689575  0.700635  0.718755  0.726143  0.724120  0.747687  0.711734  0.686205  0.093772 0.0  0.760014  0.730617  0.720664  0.804009  0.711121  0.646045  0.802396  0.706428  0.737875  0.704389  0.687216  0.657704  0.776588  0.678284  0.748605  0.788351  0.689450  0.715269  0.745357  0.688320  0.671021  0.689192  0.598656  0.643617  0.709902  0.686461  0.757516  0.682018  0.677843  0.640776  0.796178  0.664243  0.712449  0.699422  0.651254 
26  0.704812  0.634487  0.372219  0.289232  0.306634  0.401468  0.737621  0.792370  0.810723  0.874219  0.812879  0.879117  0.819697  0.817081  0.743621  0.165315  0.215973  0.777428  0.861289  0.867530  0.519188  0.403628  0.579258  0.357686  0.662702  0.760014 0.0  0.830106  0.442216  0.271387  0.271020  0.950939  0.529273  0.386566  0.226202  0.750495  0.795486  0.240546  0.556376  0.584164  0.785164  0.893981  0.822637  0.343632  0.801372  0.093772  0.866624  0.367854  0.304328  0.778862  0.868960  0.729533  0.837583  0.566302  0.358440  0.667734  0.223794  0.614535  0.854571  0.752211  0.528511 
27  0.574035  0.557653  0.867059  0.768520  0.799013  0.752474  0.833807  0.093772  0.812238  0.775500  0.471067  0.795579  0.826644  0.901704  0.836855  0.874628  0.848391  0.748639  0.822197  0.785737  0.843185  0.760918  0.813396  0.806833  0.731940  0.730617  0.830106 0.0  0.919644  0.846705  0.796659  0.731416  0.655647  0.747324  0.818976  0.434195  0.780830  0.860762  0.830185  0.588182  0.667080  0.851959  0.360827  0.903998  0.202660  0.750707  0.250655  0.687092  0.781369  0.782904  0.419023  0.830225  0.788732  0.858133  0.866569  0.400270  0.800091  0.628103  0.805047  0.787273  0.789526 
28  0.676943  0.511343  0.105417  0.231142  0.093772  0.394259  0.787387  0.804181  0.748006  0.927191  0.751127  0.921461  0.719129  0.787963  0.840884  0.272640  0.393414  0.748235  0.851279  0.900853  0.297920  0.403575  0.555719  0.311118  0.794813  0.720664  0.442216  0.919644 0.0  0.141024  0.298247  0.868350  0.547165  0.278616  0.379724  0.842183  0.819314  0.216495  0.561191  0.581810  0.882458  0.837365  0.747691  0.377073  0.804267  0.402171  0.769376  0.360799  0.251258  0.840286  0.775139  0.797477  0.888444  0.522553  0.266522  0.778145  0.323381  0.597546  0.803940  0.819851  0.627722 
29  0.760602  0.459689  0.175283  0.188523  0.356153  0.278502  0.710048  0.729539  0.882498  0.850758  0.748180  0.782089  0.815445  0.787156  0.812087  0.265188  0.231676  0.732186  0.730826  0.878150  0.303910  0.236265  0.499967  0.275610  0.714239  0.804009  0.271387  0.846705  0.141024 0.0  0.212885  0.798861  0.328771  0.290353  0.296464  0.737512  0.797961  0.228440  0.508127  0.542568  0.695957  0.770591  0.736336  0.305385  0.832682  0.214170  0.787019  0.321436  0.281418  0.841553  0.814556  0.748188  0.874912  0.489413  0.294872  0.663931  0.329227  0.515150  0.780906  0.804985  0.437235 
30  0.710531  0.478941  0.355437  0.385371  0.298055  0.323746  0.685010  0.836819  0.808739  0.789099  0.768206  0.918048  0.795305  0.902665  0.727028  0.309417  0.343677  0.776200  0.802061  0.807422  0.380994  0.284533  0.533862  0.182199  0.701815  0.711121  0.271020  0.796659  0.298247  0.212885 0.0  0.827012  0.599584  0.364512  0.407647  0.800996  0.817951  0.266707  0.518742  0.501849  0.843204  0.874203  0.690382  0.343981  0.830280  0.288593  0.680087  0.333317  0.286090  0.785482  0.792906  0.805767  0.918438  0.578514  0.338050  0.711149  0.363011  0.574353  0.771255  0.677152  0.569547 
31  0.758900  0.597724  0.832152  0.875067  0.791620  0.905862  0.814740  0.761345  0.813848  0.853261  0.774610  0.159080  0.481652  0.827681  0.763153  0.818946  0.873188  0.246240  0.700922  0.857928  0.930833  0.814395  0.825363  0.773059  0.682382  0.646045  0.950939  0.731416  0.868350  0.798861  0.827012 0.0  0.774151  0.830823  0.818881  0.846495  0.942561  0.880650  0.895815  0.869521  0.802243  0.902487  0.762954  0.846155  0.831480  0.940577  0.791940  0.900337  0.834973  0.801373  0.754833  0.737008  0.287756  0.791648  0.838085  0.733812  0.859617  0.897832  0.693839  0.789259  0.797277 
32  0.763412  0.622870  0.600236  0.559137  0.555669  0.556310  0.763961  0.615389  0.811289  0.789308  0.765462  0.721172  0.830783  0.825715  0.666950  0.614328  0.570988  0.731084  0.816863  0.742436  0.539504  0.515906  0.386374  0.573305  0.745389  0.802396  0.529273  0.655647  0.547165  0.328771  0.599584  0.774151 0.0  0.541628  0.547146  0.776481  0.835672  0.468180  0.322037  0.216861  0.610302  0.903151  0.698194  0.584337  0.875135  0.596507  0.804756  0.520361  0.412203  0.858778  0.737470  0.795547  0.748008  0.351391  0.606301  0.686196  0.619783  0.319087  0.961118  0.786218  0.319201 
33  0.591565  0.488119  0.199823  0.186000  0.171427  0.278791  0.788820  0.767460  0.800543  0.747870  0.820712  0.871249  0.761887  0.840384  0.794098  0.348950  0.318841  0.755905  0.818423  0.833567  0.331309  0.401115  0.643195  0.269255  0.611741  0.706428  0.386566  0.747324  0.278616  0.290353  0.364512  0.830823  0.541628 0.0  0.263985  0.731031  0.695318  0.346430  0.574799  0.573735  0.912148  0.770547  0.696349  0.388982  0.776081  0.427783  0.752436  0.385182  0.264857  0.905469  0.730773  0.943911  0.820396  0.654517  0.309006  0.844083  0.379689  0.526930  0.817623  0.870431  0.541919 
34  0.650431  0.632078  0.335721  0.408892  0.343759  0.266915  0.817004  0.694457  0.708354  0.829814  0.812715  0.766843  0.814840  0.816604  0.775634  0.297138  0.241351  0.803727  0.784558  0.836168  0.353126  0.409278  0.537448  0.436258  0.785124  0.737875  0.226202  0.818976  0.379724  0.296464  0.407647  0.818881  0.547146  0.263985 0.0  0.750520  0.785903  0.390256  0.514600  0.512650  0.745119  0.846450  0.635275  0.299862  0.812516  0.156099  0.786388  0.298869  0.183206  0.746968  0.771232  0.778451  0.917852  0.514405  0.434119  0.712531  0.288768  0.537470  0.731339  0.810197  0.457153 
35  0.766450  0.533576  0.865715  0.869602  0.816316  0.853512  0.788198  0.394547  0.758406  0.820362  0.400267  0.789156  0.597784  0.702041  0.789776  0.741149  0.728728  0.697567  0.814813  0.877046  0.782184  0.806009  0.917852  0.857370  0.731563  0.704389  0.750495  0.434195  0.842183  0.737512  0.800996  0.846495  0.776481  0.731031  0.750520 0.0  0.743843  0.742591  0.721587  0.796822  0.768689  0.850738  0.400802  0.744398  0.480766  0.752900  0.538734  0.681497  0.825123  0.779746  0.324703  0.748263  0.805917  0.780087  0.824827  0.343802  0.886591  0.753597  0.779937  0.764756  0.858933 
36  0.740072  0.581432  0.858189  0.901663  1.000000  0.795365  0.742587  0.864987  0.808544  0.149629  0.744412  0.832050  0.669601  0.224966  0.748953  0.802748  0.891126  0.757469  0.951918  0.206394  0.841373  0.795509  0.715736  0.857739  0.763320  0.687216  0.795486  0.780830  0.819314  0.797961  0.817951  0.942561  0.835672  0.695318  0.785903  0.743843 0.0  0.820443  0.912388  0.866876  0.364999  0.218743  0.740563  0.914379  0.835071  0.861428  0.856586  0.868448  0.742081  0.132365  0.717118  0.362799  0.862268  0.825747  0.874742  0.759771  0.933777  0.960608  0.873705  0.808314  0.830913 
37  0.734143  0.594538  0.220004  0.198236  0.269737  0.243603  0.903811  0.699098  0.810049  0.752061  0.762402  0.819358  0.751383  0.773621  0.784377  0.232439  0.276604  0.744485  0.758902  0.923623  0.188579  0.282417  0.435882  0.273756  0.782449  0.657704  0.240546  0.860762  0.216495  0.228440  0.266707  0.880650  0.468180  0.346430  0.390256  0.742591  0.820443 0.0  0.430388  0.482199  0.783913  0.788428  0.661164  0.155718  0.796652  0.172346  0.861787  0.292424  0.162872  0.707316  0.814430  0.785422  0.815620  0.449909  0.302192  0.660829  0.222591  0.505464  0.741639  0.822332  0.476315 
38  0.693801  0.573234  0.476278  0.506379  0.501598  0.653136  0.773104  0.779499  0.806571  0.890251  0.795786  0.964380  0.779486  0.840935  0.661715  0.496137  0.512988  0.794265  0.766025  0.820456  0.610132  0.510432  0.250924  0.644328  0.677238  0.776588  0.556376  0.830185  0.561191  0.508127  0.518742  0.895815  0.322037  0.574799  0.514600  0.721587  0.912388  0.430388 0.0  0.330813  0.765112  0.796683  0.688294  0.611085  0.664646  0.563764  0.697654  0.559712  0.578566  0.903268  0.801597  0.812991  0.828084  0.102140  0.543063  0.694305  0.546419  0.420942  0.880790  0.801768  0.225578 
39  0.751666  0.571135  0.661963  0.593369  0.640636  0.643410  0.791472  0.670579  0.801036  0.854358  0.804742  0.839664  0.822302  0.794802  0.781794  0.547944  0.637832  0.665344  0.800576  0.857080  0.634415  0.615290  0.355644  0.464753  0.764022  0.678284  0.584164  0.588182  0.581810  0.542568  0.501849  0.869521  0.216861  0.573735  0.512650  0.796822  0.866876  0.482199  0.330813 0.0  0.571171  0.848551  0.772069  0.655462  0.788488  0.617558  0.751394  0.578555  0.452410  0.933373  0.847232  0.801351  0.845291  0.366606  0.573627  0.724449  0.638104  0.178817  0.669951  0.792883  0.363574 
40  0.771168  0.661021  0.750792  0.777576  0.841877  0.774182  0.856216  0.623489  0.778595  0.242636  0.816044  0.832216  0.755544  0.289084  0.749648  0.713568  0.914621  0.690111  0.822791  0.340472  0.748479  0.866451  0.809636  0.748678  0.748958  0.748605  0.785164  0.667080  0.882458  0.695957  0.843204  0.802243  0.610302  0.912148  0.745119  0.768689  0.364999  0.783913  0.765112  0.571171 0.0  0.290454  0.734883  0.753066  0.773053  0.824891  0.728365  0.768344  0.717781  0.245988  0.776407  0.270497  0.670359  0.793168  0.826326  0.750322  0.744994  0.572390  0.778205  0.903411  0.795909 
41  0.722877  0.603842  0.846919  0.894405  0.857153  0.902128  0.803538  0.890068  0.759304  0.126848  0.690973  0.894789  0.754939  0.152837  0.728341  0.879801  0.875536  0.759944  0.717236  0.164688  0.950779  0.943372  0.866375  0.827940  0.788914  0.788351  0.893981  0.851959  0.837365  0.770591  0.874203  0.902487  0.903151  0.770547  0.846450  0.850738  0.218743  0.788428  0.796683  0.848551  0.290454 0.0  0.659272  0.800639  0.805180  0.795438  0.745981  0.903360  0.843942  0.217123  0.791037  0.343775  0.935494  0.805612  0.771510  0.606510  0.881229  0.900301  0.731812  0.756873  0.773559 
42  0.683821  0.657760  0.783986  0.704647  0.713166  0.786774  0.728268  0.257620  0.663564  0.715213  0.385222  0.689759  0.740804  0.656246  0.755553  0.720826  0.774308  0.692468  0.644419  0.715461  0.746240  0.728331  0.754667  0.633910  0.748572  0.689450  0.822637  0.360827  0.747691  0.736336  0.690382  0.762954  0.698194  0.696349  0.635275  0.400802  0.740563  0.661164  0.688294  0.772069  0.734883  0.659272 0.0  0.763017  0.393143  0.815777  0.328584  0.687493  0.819484  0.747958  0.387214  0.675013  0.666708  0.694401  0.707411  0.093772  0.671937  0.763097  0.787900  0.704782  0.707497 
43  0.659355  0.552896  0.395792  0.353054  0.332307  0.093772  0.769168  0.801797  0.821805  0.827189  0.720676  0.785726  0.734782  0.980528  0.762716  0.356308  0.381826  0.829904  0.810865  0.874610  0.153849  0.231628  0.603010  0.400744  0.647089  0.715269  0.343632  0.903998  0.377073  0.305385  0.343981  0.846155  0.584337  0.388982  0.299862  0.744398  0.914379  0.155718  0.611085  0.655462  0.753066  0.800639  0.763017 0.0  0.751804  0.426991  0.809424  0.093772  0.112278  0.863562  0.743587  0.940760  0.863233  0.535410  0.165207  0.774450  0.391279  0.663391  0.600009  0.795157  0.587261 
44  0.663662  0.603384  0.776707  0.809195  0.790946  0.792148  0.867917  0.234630  0.803516  0.864602  0.466922  0.726233  0.756584  0.748614  0.771250  0.789116  0.753899  0.786730  0.709411  0.759744  0.773952  0.831957  0.619822  0.781024  0.610187  0.745357  0.801372  0.202660  0.804267  0.832682  0.830280  0.831480  0.875135  0.776081  0.812516  0.480766  0.835071  0.796652  0.664646  0.788488  0.773053  0.805180  0.393143  0.751804 0.0  0.713564  0.093772  0.773840  0.841837  0.730296  0.457819  0.804485  0.807817  0.655246  0.774082  0.460487  0.846618  0.835328  0.782668  0.855176  0.623352 
45  0.724159  0.573833  0.378365  0.335837  0.336302  0.414626  0.844471  0.887242  0.693633  0.834844  0.803768  0.826886  0.844486  0.857710  0.788267  0.198146  0.223155  0.752337  0.846675  0.899164  0.430529  0.377107  0.606667  0.318803  0.788014  0.688320  0.093772  0.750707  0.402171  0.214170  0.288593  0.940577  0.596507  0.427783  0.156099  0.752900  0.861428  0.172346  0.563764  0.617558  0.824891  0.795438  0.815777  0.426991  0.713564 0.0  0.752865  0.450418  0.292896  0.815048  0.759751  0.797675  0.857824  0.513770  0.397718  0.719492  0.263054  0.540244  0.849337  0.765133  0.619755 
46  0.788080  0.622287  0.857943  0.767133  0.753759  0.735582  0.718258  0.214033  0.826962  0.797600  0.445871  0.914938  0.700386  0.823065  0.774684  0.753416  0.895828  0.815110  0.827859  0.731511  0.763846  0.811385  0.573344  0.764703  0.637518  0.671021  0.866624  0.250655  0.769376  0.787019  0.680087  0.791940  0.804756  0.752436  0.786388  0.538734  0.856586  0.861787  0.697654  0.751394  0.728365  0.745981  0.328584  0.809424  0.093772  0.752865 0.0  0.918028  0.809847  0.730787  0.555094  0.695146  0.811863  0.636661  0.801850  0.357511  0.805905  0.700982  0.857937  0.749998  0.593525 
47  0.722942  0.516379  0.391367  0.195503  0.401051  0.178073  0.785858  0.827864  0.748769  0.897856  0.805457  0.861418  0.700789  0.852201  0.776610  0.395240  0.404965  0.823392  0.812279  0.906188  0.174731  0.167189  0.546451  0.335566  0.674668  0.689192  0.367854  0.687092  0.360799  0.321436  0.333317  0.900337  0.520361  0.385182  0.298869  0.681497  0.868448  0.292424  0.559712  0.578555  0.768344  0.903360  0.687493  0.093772  0.773840  0.450418  0.918028 0.0  0.170380  0.971190  0.759521  0.776030  0.833900  0.524486  0.189700  0.768880  0.351872  0.706280  0.817576  0.848348  0.631772 
48  0.743154  0.513991  0.211844  0.316989  0.326153  0.296802  0.879712  0.772799  0.800701  0.781870  0.848926  0.730821  0.743625  0.830328  0.814018  0.207279  0.354133  0.817375  0.857065  0.700885  0.200825  0.262855  0.516992  0.202596  0.724310  0.598656  0.304328  0.781369  0.251258  0.281418  0.286090  0.834973  0.412203  0.264857  0.183206  0.825123  0.742081  0.162872  0.578566  0.452410  0.717781  0.843942  0.819484  0.112278  0.841837  0.292896  0.809847  0.170380 0.0  0.785831  0.777391  0.787475  0.821279  0.527224  0.221704  0.691167  0.207896  0.491105  0.768221  0.865339  0.445257 
49  0.768165  0.549647  0.769285  0.789532  0.710137  0.882240  0.773335  0.762681  0.776761  0.093772  0.814351  0.876348  0.768141  0.223425  0.802001  0.872293  0.916504  0.806958  0.857435  0.130251  0.926129  0.839169  0.864690  0.850492  0.675435  0.643617  0.778862  0.782904  0.840286  0.841553  0.785482  0.801373  0.858778  0.905469  0.746968  0.779746  0.132365  0.707316  0.903268  0.933373  0.245988  0.217123  0.747958  0.863562  0.730296  0.815048  0.730787  0.971190  0.785831 0.0  0.855430  0.274066  0.777437  0.873741  0.934041  0.746625  0.824002  0.921050  0.741653  0.820825  0.846909 
50  0.789026  0.564513  0.788173  0.794921  0.764307  0.800040  0.762590  0.550676  0.796669  0.868733  0.285598  0.800706  0.486431  0.747570  0.817740  0.767356  0.736200  0.877308  0.759008  0.803543  0.753346  0.752343  0.899351  0.824913  0.620037  0.709902  0.868960  0.419023  0.775139  0.814556  0.792906  0.754833  0.737470  0.730773  0.771232  0.324703  0.717118  0.814430  0.801597  0.847232  0.776407  0.791037  0.387214  0.743587  0.457819  0.759751  0.555094  0.759521  0.777391  0.855430 0.0  0.827639  0.692247  0.788717  0.855089  0.419041  0.832972  0.854853  0.883047  0.739975  0.829543 
51  0.764067  0.555123  0.861729  0.849987  0.809593  0.800118  0.774576  0.871897  0.745360  0.390845  0.762946  0.905414  0.794100  0.337415  0.653726  0.860962  0.934945  0.729930  0.804283  0.221423  0.812673  0.830104  0.771421  0.853445  0.636473  0.686461  0.729533  0.830225  0.797477  0.748188  0.805767  0.737008  0.795547  0.943911  0.778451  0.748263  0.362799  0.785422  0.812991  0.801351  0.270497  0.343775  0.675013  0.940760  0.804485  0.797675  0.695146  0.776030  0.787475  0.274066  0.827639 0.0  0.825916  0.895022  0.931485  0.644881  0.834175  0.848697  0.766648  0.774237  0.918028 
52  0.756795  0.584593  0.817963  0.839746  0.838996  0.886923  0.772169  0.756075  0.852509  0.834365  0.698858  0.125890  0.568330  0.839378  0.836375  0.827051  0.884479  0.222867  0.844847  0.844841  0.871347  0.947122  0.882023  0.828108  0.687740  0.757516  0.837583  0.788732  0.888444  0.874912  0.918438  0.287756  0.748008  0.820396  0.917852  0.805917  0.862268  0.815620  0.828084  0.845291  0.670359  0.935494  0.666708  0.863233  0.807817  0.857824  0.811863  0.833900  0.821279  0.777437  0.692247  0.825916 0.0  0.881286  0.819612  0.777206  0.873973  0.852263  0.765826  0.749156  0.817839 
53  0.715167  0.611375  0.569186  0.464591  0.600849  0.521188  0.721955  0.799539  0.895114  0.854406  0.764700  0.889437  0.861136  0.804027  0.804988  0.524347  0.647056  0.863217  0.853681  0.864464  0.546404  0.524717  0.255561  0.567104  0.634427  0.682018  0.566302  0.858133  0.522553  0.489413  0.578514  0.791648  0.351391  0.654517  0.514405  0.780087  0.825747  0.449909  0.102140  0.366606  0.793168  0.805612  0.694401  0.535410  0.655246  0.513770  0.636661  0.524486  0.527224  0.873741  0.788717  0.895022  0.881286 0.0  0.606417  0.747839  0.608610  0.319727  0.797710  0.849778  0.362525 
54  0.734369  0.562997  0.353213  0.372068  0.359731  0.182073  0.774309  0.798901  0.790758  0.816883  0.821854  0.802764  0.837753  0.810270  0.760907  0.418275  0.405659  0.825827  0.871474  0.929843  0.135014  0.136983  0.642789  0.393901  0.654505  0.677843  0.358440  0.866569  0.266522  0.294872  0.338050  0.838085  0.606301  0.309006  0.434119  0.824827  0.874742  0.302192  0.543063  0.573627  0.826326  0.771510  0.707411  0.165207  0.774082  0.397718  0.801850  0.189700  0.221704  0.934041  0.855089  0.931485  0.819612  0.606417 0.0  0.677503  0.387529  0.582358  0.835457  0.766397  0.640106 
55  0.702524  0.616350  0.737354  0.720271  0.760982  0.698998  0.691586  0.389959  0.668297  0.698808  0.334887  0.753011  0.739030  0.726205  0.799431  0.697933  0.782735  0.748943  0.740695  0.685762  0.651598  0.714783  0.739978  0.795526  0.824769  0.640776  0.667734  0.400270  0.778145  0.663931  0.711149  0.733812  0.686196  0.844083  0.712531  0.343802  0.759771  0.660829  0.694305  0.724449  0.750322  0.606510  0.093772  0.774450  0.460487  0.719492  0.357511  0.768880  0.691167  0.746625  0.419041  0.644881  0.777206  0.747839  0.677503 0.0  0.812642  0.739625  0.695562  0.744708  0.728500 
56  0.600049  0.506548  0.357995  0.386153  0.314592  0.349125  0.789614  0.800713  0.767145  0.778495  0.757363  0.869516  0.837362  0.897320  0.904148  0.169578  0.133964  0.848095  0.771685  0.810157  0.448454  0.333851  0.703278  0.342822  0.710936  0.796178  0.223794  0.800091  0.323381  0.329227  0.363011  0.859617  0.619783  0.379689  0.288768  0.886591  0.933777  0.222591  0.546419  0.638104  0.744994  0.881229  0.671937  0.391279  0.846618  0.263054  0.805905  0.351872  0.207896  0.824002  0.832972  0.834175  0.873973  0.608610  0.387529  0.812642 0.0  0.540271  0.772284  0.731724  0.651892 
57  0.709342  0.615011  0.471288  0.443116  0.494689  0.693217  0.860665  0.662206  0.828176  0.852581  0.807540  0.827087  0.696331  0.858141  0.722498  0.561304  0.606595  0.776988  0.740140  0.880405  0.500798  0.529077  0.347459  0.538264  0.828472  0.664243  0.614535  0.628103  0.597546  0.515150  0.574353  0.897832  0.319087  0.526930  0.537470  0.753597  0.960608  0.505464  0.420942  0.178817  0.572390  0.900301  0.763097  0.663391  0.835328  0.540244  0.700982  0.706280  0.491105  0.921050  0.854853  0.848697  0.852263  0.319727  0.582358  0.739625  0.540271 0.0  0.754142  0.786605  0.376036 
58  0.712527  0.590033  0.813674  0.799928  0.761937  0.819131  0.234693  0.857687  0.093772  0.836409  0.791655  0.712027  0.786557  0.800874  0.300828  0.729063  0.765089  0.863382  0.263331  0.774976  0.730912  0.789317  0.718826  0.741278  0.809998  0.712449  0.854571  0.805047  0.803940  0.780906  0.771255  0.693839  0.961118  0.817623  0.731339  0.779937  0.873705  0.741639  0.880790  0.669951  0.778205  0.731812  0.787900  0.600009  0.782668  0.849337  0.857937  0.817576  0.768221  0.741653  0.883047  0.766648  0.765826  0.797710  0.835457  0.695562  0.772284  0.754142 0.0  0.093772  0.811185 
59  0.624511  0.610197  0.817155  0.693623  0.753440  0.839287  0.147754  0.695205  0.093772  0.803018  0.841624  0.884611  0.873401  0.833507  0.249671  0.703450  0.787442  0.851138  0.264362  0.783503  0.841318  0.805145  0.756557  0.789383  0.808431  0.699422  0.752211  0.787273  0.819851  0.804985  0.677152  0.789259  0.786218  0.870431  0.810197  0.764756  0.808314  0.822332  0.801768  0.792883  0.903411  0.756873  0.704782  0.795157  0.855176  0.765133  0.749998  0.848348  0.865339  0.820825  0.739975  0.774237  0.749156  0.849778  0.766397  0.744708  0.731724  0.786605  0.093772 0.0  0.805557 
60  0.806385  0.613918  0.538689  0.565052  0.503073  0.508978  0.781919  0.817663  0.834648  0.831958  0.840924  0.901293  0.846727  0.780534  0.672570  0.549011  0.538452  0.746153  0.800968  0.863463  0.548334  0.658656  0.170839  0.614599  0.628170  0.651254  0.528511  0.789526  0.627722  0.437235  0.569547  0.797277  0.319201  0.541919  0.457153  0.858933  0.830913  0.476315  0.225578  0.363574  0.795909  0.773559  0.707497  0.587261  0.623352  0.619755  0.593525  0.631772  0.445257  0.846909  0.829543  0.918028  0.817839  0.362525  0.640106  0.728500  0.651892  0.376036  0.811185  0.805557 0.0 
