61
0 0.0  0.497918  0.708268  0.700238  0.579067  0.592160  0.702311  0.761342  0.608717  0.512522  0.592663  0.612177  0.574342  0.616876  0.634602  0.534681  0.581329  0.547712  0.591706  0.634802  0.637681  0.693761  0.612857  0.685400  0.612515  0.648529  0.639290  0.656731  0.706721  0.673030  0.706000  0.539897  0.795471  0.644704  0.634919  0.739012  0.565501  0.740264  0.694020  0.570448  0.609057  0.649165  0.633172  0.589238  0.609392  0.732233  0.652537  0.602503  0.659607  0.609325  0.712086  0.659429  0.607714  0.752533  0.730706  0.611744  0.620521  0.570258  0.706469  0.507335  0.677312 
1  0.497918 0.0  0.483131  0.488019  0.524881  0.461274  0.507490  0.539102  0.526490  0.525337  0.471333  0.536755  0.541359  0.501318  0.438626  0.458339  0.530194  0.464645  0.480435  0.443585  0.505762  0.517851  0.556501  0.497722  0.526589  0.467299  0.525682  0.455556  0.484438  0.484566  0.534984  0.484362  0.495256  0.502795  0.503242  0.513377  0.471091  0.444521  0.493474  0.522353  0.547721  0.459543  0.517379  0.555869  0.444237  0.539071  0.471112  0.508145  0.561855  0.485370  0.455023  0.551665  0.522703  0.596431  0.527879  0.538646  0.583628  0.500978  0.552906  0.452145  0.502013 
2  0.708268  0.483131 0.0  0.070351  0.156834  0.254626  0.601746  0.689007  0.798661  0.777709  0.667256  0.807146  0.692943  0.831681  0.637417  0.288408  0.322985  0.678048  0.701112  0.843262  0.280541  0.268142  0.463369  0.309329  0.602645  0.636205  0.244471  0.659450  0.136480  0.195893  0.255051  0.832444  0.428806  0.142610  0.249613  0.790317  0.850699  0.176350  0.399539  0.427276  0.688941  0.716587  0.716023  0.271901  0.673463  0.268117  0.560351  0.273548  0.209805  0.730224  0.794515  0.759672  0.751739  0.482432  0.245581  0.592190  0.257198  0.421192  0.723461  0.713580  0.451261 
3  0.700238  0.488019  0.070351 0.0  0.156202  0.285257  0.785485  0.641344  0.728319  0.722223  0.753602  0.733380  0.637957  0.675586  0.731288  0.259875  0.251740  0.724364  0.729557  0.686533  0.271416  0.277015  0.413338  0.258034  0.683601  0.615929  0.250807  0.771697  0.136737  0.206463  0.273832  0.725364  0.486336  0.145950  0.278583  0.619714  0.767304  0.213519  0.442973  0.386247  0.733014  0.678904  0.680016  0.301775  0.596154  0.255193  0.569688  0.273251  0.166924  0.728926  0.702651  0.743688  0.716793  0.395507  0.297939  0.534214  0.261480  0.424032  0.799295  0.645389  0.464437 
4  0.579067  0.524881  0.156834  0.156202 0.0  0.294758  0.525056  0.647746  0.651383  0.738116  0.733342  0.684003  0.694878  0.672325  0.740394  0.276764  0.249869  0.682141  0.664641  0.737658  0.271944  0.224419  0.456136  0.255101  0.643458  0.631221  0.270269  0.683566  0.070351  0.214630  0.268094  0.636700  0.527591  0.148181  0.251565  0.722795  0.640164  0.190589  0.417583  0.456043  0.718167  0.718653  0.636057  0.299409  0.703098  0.242560  0.796439  0.232543  0.220002  0.792147  0.714802  0.740099  0.713961  0.493536  0.284468  0.735439  0.262319  0.454950  0.703104  0.629262  0.451700 
5  0.592160  0.461274  0.254626  0.285257  0.294758 0.0  0.684084  0.779417  0.792586  0.625182  0.675318  0.759798  0.670471  0.772558  0.650158  0.241756  0.283016  0.705040  0.720149  0.655800  0.112512  0.127526  0.512518  0.280143  0.625784  0.735784  0.281132  0.649703  0.247000  0.199816  0.256944  0.804068  0.453595  0.281522  0.264956  0.651333  0.823139  0.196595  0.416699  0.511843  0.734166  0.751599  0.636184  0.070351  0.671042  0.259324  0.610295  0.070351  0.201396  0.603843  0.697026  0.890472  0.798765  0.375115  0.116455  0.631331  0.322461  0.559234  0.610172  0.667954  0.531870 
6  0.702311  0.507490  0.601746  0.785485  0.525056  0.684084 0.0  0.736354  0.070351  0.690698  0.719782  0.680659  0.792792  0.672729  0.184416  0.645549  0.633100  0.616173  0.184573  0.695000  0.706763  0.629405  0.645692  0.753369  0.631927  0.516700  0.662363  0.750156  0.755434  0.724031  0.665755  0.660172  0.622512  0.770318  0.700125  0.705862  0.716635  0.709904  0.764865  0.659463  0.644066  0.602366  0.673328  0.743049  0.688694  0.662623  0.794969  0.603559  0.787957  0.710129  0.696263  0.718543  0.583471  0.642948  0.637280  0.687516  0.664161  0.788931  0.070351  0.070351  0.602483 
7  0.761342  0.539102  0.689007  0.641344  0.647746  0.779417  0.736354 0.0  0.751608  0.791320  0.366333  0.790639  0.734745  0.758260  0.678816  0.734924  0.713708  0.788543  0.696598  0.729367  0.685618  0.679630  0.660588  0.651547  0.698659  0.661099  0.659448  0.070351  0.811554  0.767184  0.665050  0.825839  0.549248  0.670220  0.771817  0.411564  0.649680  0.752202  0.676552  0.557891  0.534689  0.785796  0.310792  0.701049  0.218499  0.656082  0.217392  0.723789  0.774293  0.737374  0.399814  0.682974  0.688082  0.794707  0.744710  0.291998  0.650715  0.519179  0.635900  0.733492  0.706590 
8  0.608717  0.526490  0.798661  0.728319  0.651383  0.792586  0.070351  0.751608 0.0  0.704224  0.810113  0.722915  0.693879  0.742574  0.190244  0.739175  0.806730  0.661334  0.181765  0.747577  0.677453  0.640537  0.689565  0.662588  0.695957  0.682069  0.714464  0.773253  0.814455  0.736329  0.749871  0.581588  0.610910  0.842388  0.703341  0.646666  0.627137  0.756350  0.697100  0.744614  0.629293  0.714138  0.625144  0.731452  0.710242  0.626443  0.676936  0.662255  0.679480  0.755727  0.695851  0.743919  0.649286  0.800317  0.720040  0.688464  0.648201  0.749133  0.070351  0.070351  0.635461 
9  0.512522  0.525337  0.777709  0.722223  0.738116  0.625182  0.690698  0.791320  0.704224 0.0  0.854600  0.805204  0.782044  0.126149  0.662931  0.727521  0.748264  0.777536  0.623056  0.156061  0.688626  0.625461  0.816965  0.789654  0.632234  0.681610  0.786213  0.664906  0.736572  0.742434  0.745852  0.807646  0.764810  0.824668  0.666424  0.692467  0.093240  0.698621  0.722423  0.827017  0.196271  0.124573  0.634081  0.745177  0.641009  0.762333  0.788582  0.787950  0.716665  0.091501  0.723211  0.289740  0.683397  0.756088  0.724824  0.710717  0.634956  0.741305  0.673237  0.811192  0.702800 
10  0.592663  0.471333  0.667256  0.753602  0.733342  0.675318  0.719782  0.366333  0.810113  0.854600 0.0  0.607915  0.457280  0.785962  0.598316  0.737238  0.820677  0.618915  0.657145  0.583567  0.662726  0.673236  0.643550  0.637566  0.722931  0.694647  0.537022  0.364941  0.708815  0.640257  0.646023  0.787149  0.682220  0.721497  0.637164  0.192138  0.812472  0.724228  0.862331  0.626892  0.706453  0.802146  0.282883  0.750350  0.402697  0.747094  0.338178  0.599385  0.643855  0.727196  0.209998  0.685306  0.749562  0.804886  0.788033  0.300179  0.727658  0.714990  0.736221  0.622946  0.689040 
11  0.612177  0.536755  0.807146  0.733380  0.684003  0.759798  0.680659  0.790639  0.722915  0.805204  0.607915 0.0  0.450298  0.753947  0.677753  0.767356  0.670906  0.195044  0.700728  0.757413  0.645126  0.753264  0.843778  0.806061  0.634909  0.691486  0.710728  0.740419  0.780853  0.798997  0.830803  0.116538  0.752316  0.780001  0.744452  0.744311  0.744913  0.756922  0.746920  0.803047  0.741369  0.751527  0.619175  0.640639  0.806495  0.600382  0.590409  0.705811  0.642328  1.000000  0.746517  0.734771  0.111202  0.706928  0.827861  0.609137  0.735226  0.743700  0.672422  0.770064  0.708159 
12  0.574342  0.541359  0.692943  0.637957  0.694878  0.670471  0.792792  0.734745  0.693879  0.782044  0.457280  0.450298 0.0  0.629720  0.693686  0.620614  0.746513  0.394977  0.711704  0.633317  0.662178  0.802784  0.720108  0.660437  0.593206  0.626401  0.678994  0.770774  0.614232  0.718881  0.825999  0.347077  0.686988  0.855623  0.745091  0.547588  0.713558  0.737237  0.715121  0.729793  0.644681  0.746983  0.664816  0.758264  0.771894  0.654847  0.783326  0.725087  0.725973  0.813405  0.496490  0.741629  0.420362  0.711049  0.664595  0.618348  0.681591  0.726912  0.779657  0.709478  0.655530 
13  0.616876  0.501318  0.831681  0.675586  0.672325  0.772558  0.672729  0.758260  0.742574  0.126149  0.785962  0.753947  0.629720 0.0  0.626571  0.790328  0.751844  0.742600  0.615367  0.142958  0.798697  0.857436  0.842939  0.683262  0.601786  0.767605  0.774184  0.631509  0.751034  0.773159  0.774920  0.751391  0.829612  0.648911  0.825817  0.611890  0.136876  0.753022  0.641310  0.677431  0.187991  0.083052  0.663999  0.761172  0.651414  0.719742  0.812079  0.729172  0.774634  0.131240  0.804105  0.264885  0.771242  0.741640  0.713366  0.637185  0.847093  0.735035  0.725481  0.823595  0.670401 
14  0.634602  0.438626  0.637417  0.731288  0.740394  0.650158  0.184416  0.678816  0.190244  0.662931  0.598316  0.677753  0.693686  0.626571 0.0  0.825760  0.741504  0.734019  0.070351  0.708418  0.684098  0.631431  0.649331  0.843493  0.655796  0.632204  0.705202  0.640036  0.736799  0.698909  0.729573  0.705681  0.607787  0.680341  0.727817  0.680016  0.610576  0.762781  0.749323  0.708888  0.653527  0.677842  0.744684  0.660752  0.784452  0.724803  0.746070  0.727578  0.674729  0.555789  0.672183  0.789145  0.720709  0.767036  0.740220  0.585415  0.840785  0.755249  0.210257  0.199019  0.673765 
15  0.534681  0.458339  0.288408  0.259875  0.276764  0.241756  0.645549  0.734924  0.739175  0.727521  0.737238  0.767356  0.620614  0.790328  0.825760 0.0  0.137454  0.695014  0.768130  0.752228  0.246477  0.260406  0.501805  0.271493  0.611176  0.636371  0.157727  0.706446  0.246712  0.201891  0.271586  0.734695  0.381943  0.258113  0.139603  0.702788  0.708199  0.212004  0.457289  0.445061  0.683889  0.762758  0.662513  0.270083  0.705568  0.144594  0.800350  0.260708  0.190602  0.584550  0.636768  0.683690  0.695354  0.492614  0.260057  0.711429  0.154547  0.407367  0.792432  0.654989  0.464387 
16  0.581329  0.530194  0.322985  0.251740  0.249869  0.283016  0.633100  0.713708  0.806730  0.748264  0.820677  0.670906  0.746513  0.751844  0.741504  0.137454 0.0  0.729553  0.744499  0.865803  0.320477  0.271806  0.522559  0.253511  0.599414  0.596206  0.183003  0.846868  0.269541  0.181582  0.295136  0.905093  0.424199  0.291808  0.137913  0.680491  0.690000  0.186870  0.466466  0.490612  0.618445  0.749953  0.617609  0.277850  0.651307  0.201353  0.716172  0.323206  0.187453  0.873785  0.762080  0.626623  0.740202  0.405618  0.293261  0.590148  0.070351  0.487890  0.667372  0.670954  0.487042 
17  0.547712  0.464645  0.678048  0.724364  0.682141  0.705040  0.616173  0.788543  0.661334  0.777536  0.618915  0.195044  0.394977  0.742600  0.734019  0.695014  0.729553 0.0  0.649012  0.727404  0.696619  0.713067  0.755320  0.769365  0.753633  0.602281  0.692987  0.586961  0.708324  0.764594  0.705740  0.210760  0.658549  0.727079  0.751709  0.707586  0.651634  0.683277  0.737586  0.576300  0.634436  0.757797  0.646059  0.689288  0.736032  0.631250  0.729834  0.608473  0.696109  0.670408  0.673257  0.682515  0.219818  0.769788  0.759506  0.561809  0.818628  0.606169  0.789305  0.741019  0.703848 
18  0.591706  0.480435  0.701112  0.729557  0.664641  0.720149  0.184573  0.696598  0.181765  0.623056  0.657145  0.700728  0.711704  0.615367  0.070351  0.768130  0.744499  0.649012 0.0  0.677989  0.779825  0.841636  0.563461  0.677733  0.730973  0.575195  0.577092  0.756861  0.721763  0.692468  0.713336  0.613824  0.767038  0.790548  0.765224  0.726844  0.684374  0.685424  0.600468  0.727498  0.790617  0.722537  0.689910  0.645379  0.775983  0.708781  0.805740  0.640715  0.627602  0.751926  0.729646  0.757378  0.614204  0.753984  0.757519  0.738545  0.746095  0.668267  0.170221  0.216189  0.746880 
19  0.634802  0.443585  0.843262  0.686533  0.737658  0.655800  0.695000  0.729367  0.747577  0.156061  0.583567  0.757413  0.633317  0.142958  0.708418  0.752228  0.865803  0.727404  0.677989 0.0  0.814749  0.853922  0.689821  0.782852  0.646204  0.613296  0.793433  0.847470  0.758367  0.800764  0.772778  0.787568  0.752321  0.683002  0.794022  0.699026  0.141488  0.767773  0.860483  0.845649  0.179379  0.152069  0.648171  0.809885  0.667968  0.763831  0.683568  0.584810  0.699848  0.141450  0.773997  0.271768  0.702511  0.774548  0.821998  0.632368  0.833465  0.768734  0.581405  0.756311  0.702585 
20  0.637681  0.505762  0.280541  0.271416  0.271944  0.112512  0.706763  0.685618  0.677453  0.688626  0.662726  0.645126  0.662178  0.798697  0.684098  0.246477  0.320477  0.696619  0.779825  0.814749 0.0  0.117763  0.447662  0.253093  0.531491  0.646754  0.317399  0.759495  0.257959  0.172996  0.229810  0.708018  0.461901  0.269891  0.266434  0.774489  0.693684  0.174996  0.467651  0.463032  0.635491  0.769157  0.536128  0.120601  0.631186  0.267559  0.816184  0.114573  0.210003  0.756732  0.702407  0.745837  0.725947  0.403552  0.113248  0.578176  0.317262  0.460494  0.713970  0.781644  0.512594 
21  0.693761  0.517851  0.268142  0.277015  0.224419  0.127526  0.629405  0.679630  0.640537  0.625461  0.673236  0.753264  0.802784  0.857436  0.631431  0.260406  0.271806  0.713067  0.841636  0.853922  0.117763 0.0  0.486859  0.284897  0.590444  0.688417  0.307583  0.637686  0.262253  0.191981  0.259544  0.682021  0.421168  0.287003  0.251427  0.682721  0.717527  0.188520  0.475500  0.411194  0.704917  0.738666  0.635099  0.116775  0.637064  0.331044  0.709533  0.118903  0.196052  0.688945  0.677848  0.680212  0.655364  0.435589  0.116162  0.567741  0.298085  0.476638  0.715373  0.633765  0.421328 
22  0.612857  0.556501  0.463369  0.413338  0.456136  0.512518  0.645692  0.660588  0.689565  0.816965  0.643550  0.843778  0.720108  0.842939  0.649331  0.501805  0.522559  0.755320  0.563461  0.689821  0.447662  0.486859 0.0  0.500656  0.733603  0.646927  0.463362  0.691993  0.424566  0.412856  0.553609  0.730496  0.266454  0.468792  0.487767  0.654136  0.736080  0.392275  0.185226  0.303445  0.794840  0.800251  0.731881  0.554169  0.582046  0.473586  0.633014  0.486052  0.414598  0.862509  0.752799  0.704626  0.793998  0.197591  0.500609  0.553129  0.445624  0.327493  0.782693  0.707273  0.110013 
23  0.685400  0.497722  0.309329  0.258034  0.255101  0.280143  0.753369  0.651547  0.662588  0.789654  0.637566  0.806061  0.660437  0.683262  0.843493  0.271493  0.253511  0.769365  0.677733  0.782852  0.253093  0.284897  0.500656 0.0  0.636053  0.684625  0.251436  0.695230  0.258957  0.184604  0.143438  0.749116  0.453280  0.278636  0.278877  0.731007  0.672290  0.198316  0.415845  0.478186  0.731933  0.709053  0.710777  0.259734  0.613398  0.254107  0.747502  0.293185  0.192040  0.777542  0.632682  0.636416  0.731873  0.491087  0.298561  0.667596  0.283530  0.459736  0.766183  0.661813  0.505083 
24  0.612515  0.526589  0.602645  0.683601  0.643458  0.625784  0.631927  0.698659  0.695957  0.632234  0.722931  0.634909  0.593206  0.601786  0.655796  0.611176  0.599414  0.753633  0.730973  0.646204  0.531491  0.590444  0.733603  0.636053 0.0  0.070351  0.650584  0.668842  0.600546  0.521691  0.566325  0.653964  0.683326  0.670102  0.522429  0.658895  0.614556  0.676473  0.689906  0.680670  0.639904  0.647282  0.557788  0.618164  0.653724  0.651589  0.615264  0.671005  0.701074  0.573531  0.744388  0.641683  0.671254  0.472161  0.657932  0.582878  0.756429  0.594593  0.723054  0.708454  0.579146 
25  0.648529  0.467299  0.636205  0.615929  0.631221  0.735784  0.516700  0.661099  0.682069  0.681610  0.694647  0.691486  0.626401  0.767605  0.632204  0.636371  0.596206  0.602281  0.575195  0.613296  0.646754  0.688417  0.646927  0.684625  0.070351 0.0  0.632182  0.651745  0.635830  0.548844  0.634900  0.701821  0.676796  0.618451  0.550341  0.643938  0.561538  0.618974  0.688715  0.542771  0.608448  0.619564  0.620695  0.656921  0.603291  0.741723  0.628282  0.626726  0.681035  0.752816  0.677182  0.596319  0.654210  0.571613  0.689835  0.657364  0.677701  0.712821  0.708761  0.680592  0.672856 
26  0.639290  0.525682  0.244471  0.250807  0.270269  0.281132  0.662363  0.659448  0.714464  0.786213  0.537022  0.710728  0.678994  0.774184  0.705202  0.157727  0.183003  0.692987  0.577092  0.793433  0.317399  0.307583  0.463362  0.251436  0.650584  0.632182 0.0  0.718425  0.281772  0.203146  0.281347  0.859608  0.420122  0.261874  0.147359  0.698885  0.746555  0.181693  0.482685  0.519596  0.756768  0.643077  0.614409  0.317910  0.613882  0.126279  0.609695  0.295127  0.203789  0.673257  0.691682  0.714807  0.681870  0.467614  0.326342  0.604104  0.198470  0.523709  0.663570  0.706887  0.561861 
27  0.656731  0.455556  0.659450  0.771697  0.683566  0.649703  0.750156  0.070351  0.773253  0.664906  0.364941  0.740419  0.770774  0.631509  0.640036  0.706446  0.846868  0.586961  0.756861  0.847470  0.759495  0.637686  0.691993  0.695230  0.668842  0.651745  0.718425 0.0  0.698190  0.607620  0.700963  0.626910  0.600736  0.638202  0.708006  0.388850  0.777611  0.758900  0.834141  0.589788  0.629267  0.647273  0.286924  0.627834  0.214243  0.726826  0.190639  0.736069  0.653949  0.676586  0.385958  0.708955  0.837251  0.743468  0.680637  0.330700  0.781709  0.584205  0.668576  0.614720  0.735261 
28  0.706721  0.484438  0.136480  0.136737  0.070351  0.247000  0.755434  0.811554  0.814455  0.736572  0.708815  0.780853  0.614232  0.751034  0.736799  0.246712  0.269541  0.708324  0.721763  0.758367  0.257959  0.262253  0.424566  0.258957  0.600546  0.635830  0.281772  0.698190 0.0  0.207155  0.281423  0.792366  0.467202  0.139193  0.287041  0.729686  0.791351  0.217055  0.497501  0.437761  0.587395  0.838776  0.677636  0.283773  0.719259  0.270928  0.585914  0.246906  0.172817  0.760765  0.654435  0.808120  0.776589  0.427281  0.250562  0.637382  0.261788  0.482831  0.766962  0.751060  0.378019 
29  0.673030  0.484566  0.195893  0.206463  0.214630  0.199816  0.724031  0.767184  0.736329  0.742434  0.640257  0.798997  0.718881  0.773159  0.698909  0.201891  0.181582  0.764594  0.692468  0.800764  0.172996  0.191981  0.412856  0.184604  0.521691  0.548844  0.203146  0.607620  0.207155 0.0  0.196672  0.779827  0.392278  0.212070  0.200358  0.819605  0.684799  0.189584  0.373444  0.363287  0.870960  0.739888  0.647843  0.181925  0.780403  0.215604  0.743549  0.193865  0.209129  0.644545  0.614201  0.802489  0.774430  0.348900  0.185754  0.703683  0.204995  0.410869  0.717007  0.661436  0.367724 
30  0.706000  0.534984  0.255051  0.273832  0.268094  0.256944  0.665755  0.665050  0.749871  0.745852  0.646023  0.830803  0.825999  0.774920  0.729573  0.271586  0.295136  0.705740  0.713336  0.772778  0.229810  0.259544  0.553609  0.143438  0.566325  0.634900  0.281347  0.700963  0.281423  0.196672 0.0  0.768782  0.454693  0.226788  0.238914  0.754053  0.768890  0.201497  0.448794  0.485681  0.740752  0.760859  0.681360  0.298334  0.701370  0.254277  0.648466  0.270933  0.222035  0.695265  0.731120  0.682452  0.608422  0.491891  0.271270  0.676219  0.270755  0.507943  0.734948  0.710281  0.433078 
31  0.539897  0.484362  0.832444  0.725364  0.636700  0.804068  0.660172  0.825839  0.581588  0.807646  0.787149  0.116538  0.347077  0.751391  0.705681  0.734695  0.905093  0.210760  0.613824  0.787568  0.708018  0.682021  0.730496  0.749116  0.653964  0.701821  0.859608  0.626910  0.792366  0.779827  0.768782 0.0  0.618052  0.639039  0.757613  0.716381  0.854241  0.774282  0.776618  0.823192  0.672423  0.795551  0.648067  0.855082  0.676969  0.769706  0.763917  0.813614  0.711204  0.744301  0.608965  0.782260  0.110750  0.750759  0.689661  0.637606  0.670544  0.702579  0.761483  0.599759  0.683090 
32  0.795471  0.495256  0.428806  0.486336  0.527591  0.453595  0.622512  0.549248  0.610910  0.764810  0.682220  0.752316  0.686988  0.829612  0.607787  0.381943  0.424199  0.658549  0.767038  0.752321  0.461901  0.421168  0.266454  0.453280  0.683326  0.676796  0.420122  0.600736  0.467202  0.392278  0.454693  0.618052 0.0  0.436197  0.425077  0.786274  0.744422  0.342760  0.254153  0.157696  0.667416  0.706874  0.585603  0.448713  0.712454  0.505682  0.647797  0.527203  0.400897  0.800672  0.688390  0.779144  0.811513  0.303393  0.402302  0.596657  0.474492  0.150329  0.660849  0.733378  0.254332 
33  0.644704  0.502795  0.142610  0.145950  0.148181  0.281522  0.770318  0.670220  0.842388  0.824668  0.721497  0.780001  0.855623  0.648911  0.680341  0.258113  0.291808  0.727079  0.790548  0.683002  0.269891  0.287003  0.468792  0.278636  0.670102  0.618451  0.261874  0.638202  0.139193  0.212070  0.226788  0.639039  0.436197 0.0  0.235689  0.711415  0.768574  0.204824  0.485742  0.524215  0.789725  0.585688  0.747955  0.268901  0.688011  0.287380  0.717687  0.269297  0.189685  0.799554  0.721007  0.778477  0.853461  0.406648  0.252227  0.581822  0.254052  0.425096  0.741581  0.719934  0.485533 
34  0.634919  0.503242  0.249613  0.278583  0.251565  0.264956  0.700125  0.771817  0.703341  0.666424  0.637164  0.744452  0.745091  0.825817  0.727817  0.139603  0.137913  0.751709  0.765224  0.794022  0.266434  0.251427  0.487767  0.278877  0.522429  0.550341  0.147359  0.708006  0.287041  0.200358  0.238914  0.757613  0.425077  0.235689 0.0  0.794504  0.749581  0.199744  0.479696  0.487740  0.737758  0.722551  0.583100  0.254047  0.763460  0.155085  0.656655  0.254090  0.177572  0.727829  0.681479  0.720698  0.680901  0.414620  0.275878  0.596345  0.129842  0.458858  0.757952  0.594611  0.420351 
35  0.739012  0.513377  0.790317  0.619714  0.722795  0.651333  0.705862  0.411564  0.646666  0.692467  0.192138  0.744311  0.547588  0.611890  0.680016  0.702788  0.680491  0.707586  0.726844  0.699026  0.774489  0.682721  0.654136  0.731007  0.658895  0.643938  0.698885  0.388850  0.729686  0.819605  0.754053  0.716381  0.786274  0.711415  0.794504 0.0  0.711466  0.690671  0.651239  0.794053  0.708306  0.737464  0.301820  0.746842  0.360956  0.606514  0.358360  0.683524  0.721695  0.698693  0.187249  0.760810  0.732853  0.662607  0.733452  0.289541  0.721131  0.693203  0.722449  0.822812  0.779913 
36  0.565501  0.471091  0.850699  0.767304  0.640164  0.823139  0.716635  0.649680  0.627137  0.093240  0.812472  0.744913  0.713558  0.136876  0.610576  0.708199  0.690000  0.651634  0.684374  0.141488  0.693684  0.717527  0.736080  0.672290  0.614556  0.561538  0.746555  0.777611  0.791351  0.684799  0.768890  0.854241  0.744422  0.768574  0.749581  0.711466 0.0  0.621740  0.777593  0.821599  0.208283  0.125045  0.658166  0.767646  0.690832  0.711407  0.734654  0.845565  0.730392  0.083543  0.704884  0.278618  0.714113  0.685061  0.701971  0.617100  0.723963  0.805525  0.747665  0.675148  0.875176 
37  0.740264  0.444521  0.176350  0.213519  0.190589  0.196595  0.709904  0.752202  0.756350  0.698621  0.724228  0.756922  0.737237  0.753022  0.762781  0.212004  0.186870  0.683277  0.685424  0.767773  0.174996  0.188520  0.392275  0.198316  0.676473  0.618974  0.181693  0.758900  0.217055  0.189584  0.201497  0.774282  0.342760  0.204824  0.199744  0.690671  0.621740 0.0  0.378275  0.416816  0.724428  0.718035  0.727257  0.189275  0.722169  0.192809  0.734057  0.200604  0.191371  0.723097  0.701260  0.648433  0.706978  0.360150  0.193082  0.627067  0.207710  0.404338  0.749093  0.738030  0.380277 
38  0.694020  0.493474  0.399539  0.442973  0.417583  0.416699  0.764865  0.676552  0.697100  0.722423  0.862331  0.746920  0.715121  0.641310  0.749323  0.457289  0.466466  0.737586  0.600468  0.860483  0.467651  0.475500  0.185226  0.415845  0.689906  0.688715  0.482685  0.834141  0.497501  0.373444  0.448794  0.776618  0.254153  0.485742  0.479696  0.651239  0.777593  0.378275 0.0  0.322485  0.720039  0.720689  0.613871  0.487384  0.633050  0.445685  0.512244  0.519061  0.394117  0.651022  0.708910  0.845733  0.754070  0.070351  0.533059  0.592123  0.522321  0.326908  0.830761  0.715257  0.199364 
39  0.570448  0.522353  0.427276  0.386247  0.456043  0.511843  0.659463  0.557891  0.744614  0.827017  0.626892  0.803047  0.729793  0.677431  0.708888  0.445061  0.490612  0.576300  0.727498  0.845649  0.463032  0.411194  0.303445  0.478186  0.680670  0.542771  0.519596  0.589788  0.437761  0.363287  0.485681  0.823192  0.157696  0.524215  0.487740  0.794053  0.821599  0.416816  0.322485 0.0  0.502732  0.788896  0.621523  0.546619  0.738090  0.485155  0.712298  0.544752  0.445138  0.857041  0.675661  0.640719  0.887107  0.242397  0.428975  0.782709  0.552275  0.118229  0.793379  0.663537  0.341799 
40  0.609057  0.547721  0.688941  0.733014  0.718167  0.734166  0.644066  0.534689  0.629293  0.196271  0.706453  0.741369  0.644681  0.187991  0.653527  0.683889  0.618445  0.634436  0.790617  0.179379  0.635491  0.704917  0.794840  0.731933  0.639904  0.608448  0.756768  0.629267  0.587395  0.870960  0.740752  0.672423  0.667416  0.789725  0.737758  0.708306  0.208283  0.724428  0.720039  0.502732 0.0  0.202301  0.663188  0.775952  0.697858  0.745698  0.714866  0.569636  0.728407  0.196316  0.683390  0.219122  0.599390  0.698295  0.580235  0.698397  0.633777  0.586784  0.783248  0.592039  0.661768 
41  0.649165  0.459543  0.716587  0.678904  0.718653  0.751599  0.602366  0.785796  0.714138  0.124573  0.802146  0.751527  0.746983  0.083052  0.677842  0.762758  0.749953  0.757797  0.722537  0.152069  0.769157  0.738666  0.800251  0.709053  0.647282  0.619564  0.643077  0.647273  0.838776  0.739888  0.760859  0.795551  0.706874  0.585688  0.722551  0.737464  0.125045  0.718035  0.720689  0.788896  0.202301 0.0  0.630744  0.776110  0.673606  0.666913  0.699009  0.604702  0.673791  0.142058  0.646080  0.259286  0.731935  0.753652  0.845668  0.580545  0.748022  0.737903  0.566944  0.732588  0.722302 
42  0.633172  0.517379  0.716023  0.680016  0.636057  0.636184  0.673328  0.310792  0.625144  0.634081  0.282883  0.619175  0.664816  0.663999  0.744684  0.662513  0.617609  0.646059  0.689910  0.648171  0.536128  0.635099  0.731881  0.710777  0.557788  0.620695  0.614409  0.286924  0.677636  0.647843  0.681360  0.648067  0.585603  0.747955  0.583100  0.301820  0.658166  0.727257  0.613871  0.621523  0.663188  0.630744 0.0  0.587556  0.301354  0.712946  0.257917  0.705686  0.694989  0.561933  0.328682  0.626498  0.581315  0.556143  0.574477  0.070351  0.570140  0.617786  0.626966  0.623325  0.683503 
43  0.589238  0.555869  0.271901  0.301775  0.299409  0.070351  0.743049  0.701049  0.731452  0.745177  0.750350  0.640639  0.758264  0.761172  0.660752  0.270083  0.277850  0.689288  0.645379  0.809885  0.120601  0.116775  0.554169  0.259734  0.618164  0.656921  0.317910  0.627834  0.283773  0.181925  0.298334  0.855082  0.448713  0.268901  0.254047  0.746842  0.767646  0.189275  0.487384  0.546619  0.775952  0.776110  0.587556 0.0  0.661269  0.321673  0.735166  0.070351  0.183521  0.711859  0.748217  0.623191  0.663711  0.426814  0.126541  0.723720  0.297180  0.472765  0.786000  0.776048  0.468905 
44  0.609392  0.444237  0.673463  0.596154  0.703098  0.671042  0.688694  0.218499  0.710242  0.641009  0.402697  0.806495  0.771894  0.651414  0.784452  0.705568  0.651307  0.736032  0.775983  0.667968  0.631186  0.637064  0.582046  0.613398  0.653724  0.603291  0.613882  0.214243  0.719259  0.780403  0.701370  0.676969  0.712454  0.688011  0.763460  0.360956  0.690832  0.722169  0.633050  0.738090  0.697858  0.673606  0.301354  0.661269 0.0  0.746489  0.070351  0.681345  0.594819  0.680104  0.423549  0.633860  0.783807  0.508539  0.792313  0.255943  0.668526  0.659692  0.760755  0.666593  0.583088 
45  0.732233  0.539071  0.268117  0.255193  0.242560  0.259324  0.662623  0.656082  0.626443  0.762333  0.747094  0.600382  0.654847  0.719742  0.724803  0.144594  0.201353  0.631250  0.708781  0.763831  0.267559  0.331044  0.473586  0.254107  0.651589  0.741723  0.126279  0.726826  0.270928  0.215604  0.254277  0.769706  0.505682  0.287380  0.155085  0.606514  0.711407  0.192809  0.445685  0.485155  0.745698  0.666913  0.712946  0.321673  0.746489 0.0  0.724064  0.308125  0.199275  0.675331  0.746695  0.688454  0.790206  0.471003  0.290152  0.606313  0.192849  0.491415  0.658882  0.671945  0.561326 
46  0.652537  0.471112  0.560351  0.569688  0.796439  0.610295  0.794969  0.217392  0.676936  0.788582  0.338178  0.590409  0.783326  0.812079  0.746070  0.800350  0.716172  0.729834  0.805740  0.683568  0.816184  0.709533  0.633014  0.747502  0.615264  0.628282  0.609695  0.190639  0.585914  0.743549  0.648466  0.763917  0.647797  0.717687  0.656655  0.358360  0.734654  0.734057  0.512244  0.712298  0.714866  0.699009  0.257917  0.735166  0.070351  0.724064 0.0  0.819740  0.744035  0.834407  0.357864  0.856029  0.726513  0.523418  0.739814  0.306589  0.695179  0.697244  0.667531  0.644919  0.535594 
47  0.602503  0.508145  0.273548  0.273251  0.232543  0.070351  0.603559  0.723789  0.662255  0.787950  0.599385  0.705811  0.725087  0.729172  0.727578  0.260708  0.323206  0.608473  0.640715  0.584810  0.114573  0.118903  0.486052  0.293185  0.671005  0.626726  0.295127  0.736069  0.246906  0.193865  0.270933  0.813614  0.527203  0.269297  0.254090  0.683524  0.845565  0.200604  0.519061  0.544752  0.569636  0.604702  0.705686  0.070351  0.681345  0.308125  0.819740 0.0  0.201232  0.777200  0.705424  0.683334  0.683249  0.521434  0.119396  0.662100  0.296422  0.512596  0.665966  0.665807  0.487144 
48  0.659607  0.561855  0.209805  0.166924  0.220002  0.201396  0.787957  0.774293  0.679480  0.716665  0.643855  0.642328  0.725973  0.774634  0.674729  0.190602  0.187453  0.696109  0.627602  0.699848  0.210003  0.196052  0.414598  0.192040  0.701074  0.681035  0.203789  0.653949  0.172817  0.209129  0.222035  0.711204  0.400897  0.189685  0.177572  0.721695  0.730392  0.191371  0.394117  0.445138  0.728407  0.673791  0.694989  0.183521  0.594819  0.199275  0.744035  0.201232 0.0  0.594731  0.727430  0.649127  0.790372  0.369555  0.221653  0.684602  0.185682  0.418576  0.701633  0.712877  0.316455 
49  0.609325  0.485370  0.730224  0.728926  0.792147  0.603843  0.710129  0.737374  0.755727  0.091501  0.727196  1.000000  0.813405  0.131240  0.555789  0.584550  0.873785  0.670408  0.751926  0.141450  0.756732  0.688945  0.862509  0.777542  0.573531  0.752816  0.673257  0.676586  0.760765  0.644545  0.695265  0.744301  0.800672  0.799554  0.727829  0.698693  0.083543  0.723097  0.651022  0.857041  0.196316  0.142058  0.561933  0.711859  0.680104  0.675331  0.834407  0.777200  0.594731 0.0  0.709647  0.268324  0.731459  0.651359  0.724752  0.621112  0.717882  0.810615  0.761389  0.601106  0.671898 
50  0.712086  0.455023  0.794515  0.702651  0.714802  0.697026  0.696263  0.399814  0.695851  0.723211  0.209998  0.746517  0.496490  0.804105  0.672183  0.636768  0.762080  0.673257  0.729646  0.773997  0.702407  0.677848  0.752799  0.632682  0.744388  0.677182  0.691682  0.385958  0.654435  0.614201  0.731120  0.608965  0.688390  0.721007  0.681479  0.187249  0.704884  0.701260  0.708910  0.675661  0.683390  0.646080  0.328682  0.748217  0.423549  0.746695  0.357864  0.705424  0.727430  0.709647 0.0  0.769098  0.853601  0.740410  0.604860  0.302994  0.686021  0.726879  0.585739  0.708014  0.722517 
51  0.659429  0.551665  0.759672  0.743688  0.740099  0.890472  0.718543  0.682974  0.743919  0.289740  0.685306  0.734771  0.741629  0.264885  0.789145  0.683690  0.626623  0.682515  0.757378  0.271768  0.745837  0.680212  0.704626  0.636416  0.641683  0.596319  0.714807  0.708955  0.808120  0.802489  0.682452  0.782260  0.779144  0.778477  0.720698  0.760810  0.278618  0.648433  0.845733  0.640719  0.219122  0.259286  0.626498  0.623191  0.633860  0.688454  0.856029  0.683334  0.649127  0.268324  0.769098 0.0  0.695441  0.641964  0.792015  0.727912  0.790249  0.816890  0.557474  0.769914  0.815663 
52  0.607714  0.522703  0.751739  0.716793  0.713961  0.798765  0.583471  0.688082  0.649286  0.683397  0.749562  0.111202  0.420362  0.771242  0.720709  0.695354  0.740202  0.219818  0.614204  0.702511  0.725947  0.655364  0.793998  0.731873  0.671254  0.654210  0.681870  0.837251  0.776589  0.774430  0.608422  0.110750  0.811513  0.853461  0.680901  0.732853  0.714113  0.706978  0.754070  0.887107  0.599390  0.731935  0.581315  0.663711  0.783807  0.790206  0.726513  0.683249  0.790372  0.731459  0.853601  0.695441 0.0  0.804629  0.690542  0.635220  0.887267  0.731596  0.758306  0.733179  0.706204 
53  0.752533  0.596431  0.482432  0.395507  0.493536  0.375115  0.642948  0.794707  0.800317  0.756088  0.804886  0.706928  0.711049  0.741640  0.767036  0.492614  0.405618  0.769788  0.753984  0.774548  0.403552  0.435589  0.197591  0.491087  0.472161  0.571613  0.467614  0.743468  0.427281  0.348900  0.491891  0.750759  0.303393  0.406648  0.414620  0.662607  0.685061  0.360150  0.070351  0.242397  0.698295  0.753652  0.556143  0.426814  0.508539  0.471003  0.523418  0.521434  0.369555  0.651359  0.740410  0.641964  0.804629 0.0  0.506363  0.639316  0.503864  0.336028  0.618799  0.703097  0.198831 
54  0.730706  0.527879  0.245581  0.297939  0.284468  0.116455  0.637280  0.744710  0.720040  0.724824  0.788033  0.827861  0.664595  0.713366  0.740220  0.260057  0.293261  0.759506  0.757519  0.821998  0.113248  0.116162  0.500609  0.298561  0.657932  0.689835  0.326342  0.680637  0.250562  0.185754  0.271270  0.689661  0.402302  0.252227  0.275878  0.733452  0.701971  0.193082  0.533059  0.428975  0.580235  0.845668  0.574477  0.126541  0.792313  0.290152  0.739814  0.119396  0.221653  0.724752  0.604860  0.792015  0.690542  0.506363 0.0  0.663548  0.310578  0.489507  0.781220  0.659078  0.543685 
55  0.611744  0.538646  0.592190  0.534214  0.735439  0.631331  0.687516  0.291998  0.688464  0.710717  0.300179  0.609137  0.618348  0.637185  0.585415  0.711429  0.590148  0.561809  0.738545  0.632368  0.578176  0.567741  0.553129  0.667596  0.582878  0.657364  0.604104  0.330700  0.637382  0.703683  0.676219  0.637606  0.596657  0.581822  0.596345  0.289541  0.617100  0.627067  0.592123  0.782709  0.698397  0.580545  0.070351  0.723720  0.255943  0.606313  0.306589  0.662100  0.684602  0.621112  0.302994  0.727912  0.635220  0.639316  0.663548 0.0  0.552203  0.589481  0.673001  0.745305  0.641129 
56  0.620521  0.583628  0.257198  0.261480  0.262319  0.322461  0.664161  0.650715  0.648201  0.634956  0.727658  0.735226  0.681591  0.847093  0.840785  0.154547  0.070351  0.818628  0.746095  0.833465  0.317262  0.298085  0.445624  0.283530  0.756429  0.677701  0.198470  0.781709  0.261788  0.204995  0.270755  0.670544  0.474492  0.254052  0.129842  0.721131  0.723963  0.207710  0.522321  0.552275  0.633777  0.748022  0.570140  0.297180  0.668526  0.192849  0.695179  0.296422  0.185682  0.717882  0.686021  0.790249  0.887267  0.503864  0.310578  0.552203 0.0  0.521646  0.668645  0.801769  0.477232 
57  0.570258  0.500978  0.421192  0.424032  0.454950  0.559234  0.788931  0.519179  0.749133  0.741305  0.714990  0.743700  0.726912  0.735035  0.755249  0.407367  0.487890  0.606169  0.668267  0.768734  0.460494  0.476638  0.327493  0.459736  0.594593  0.712821  0.523709  0.584205  0.482831  0.410869  0.507943  0.702579  0.150329  0.425096  0.458858  0.693203  0.805525  0.404338  0.326908  0.118229  0.586784  0.737903  0.617786  0.472765  0.659692  0.491415  0.697244  0.512596  0.418576  0.810615  0.726879  0.816890  0.731596  0.336028  0.489507  0.589481  0.521646 0.0  0.677147  0.512316  0.327759 
58  0.706469  0.552906  0.723461  0.799295  0.703104  0.610172  0.070351  0.635900  0.070351  0.673237  0.736221  0.672422  0.779657  0.725481  0.210257  0.792432  0.667372  0.789305  0.170221  0.581405  0.713970  0.715373  0.782693  0.766183  0.723054  0.708761  0.663570  0.668576  0.766962  0.717007  0.734948  0.761483  0.660849  0.741581  0.757952  0.722449  0.747665  0.749093  0.830761  0.793379  0.783248  0.566944  0.626966  0.786000  0.760755  0.658882  0.667531  0.665966  0.701633  0.761389  0.585739  0.557474  0.758306  0.618799  0.781220  0.673001  0.668645  0.677147 0.0  0.070351  0.696647 
59  0.507335  0.452145  0.713580  0.645389  0.629262  0.667954  0.070351  0.733492  0.070351  0.811192  0.622946  0.770064  0.709478  0.823595  0.199019  0.654989  0.670954  0.741019  0.216189  0.756311  0.781644  0.633765  0.707273  0.661813  0.708454  0.680592  0.706887  0.614720  0.751060  0.661436  0.710281  0.599759  0.733378  0.719934  0.594611  0.822812  0.675148  0.738030  0.715257  0.663537  0.592039  0.732588  0.623325  0.776048  0.666593  0.671945  0.644919  0.665807  0.712877  0.601106  0.708014  0.769914  0.733179  0.703097  0.659078  0.745305  0.801769  0.512316  0.070351 0.0  0.783077 
60  0.677312  0.502013  0.451261  0.464437  0.451700  0.531870  0.602483  0.706590  0.635461  0.702800  0.689040  0.708159  0.655530  0.670401  0.673765  0.464387  0.487042  0.703848  0.746880  0.702585  0.512594  0.421328  0.110013  0.505083  0.579146  0.672856  0.561861  0.735261  0.378019  0.367724  0.433078  0.683090  0.254332  0.485533  0.420351  0.779913  0.875176  0.380277  0.199364  0.341799  0.661768  0.722302  0.683503  0.468905  0.583088  0.561326  0.535594  0.487144  0.316455  0.671898  0.722517  0.815663  0.706204  0.198831  0.543685  0.641129  0.477232  0.327759  0.696647  0.783077 0.0 
