61
0 0.0  0.604677  0.706753  0.740257  0.757100  0.758889  0.727545  0.734929  0.781048  0.614748  0.712799  0.645308  0.758767  0.727498  0.708583  0.696589  0.665611  0.719145  0.821234  0.757378  0.727619  0.621456  0.707877  0.681730  0.773521  0.782378  0.769560  0.679841  0.743306  0.666870  0.732676  0.768626  0.708521  0.727792  0.759340  0.729039  0.657430  0.802163  0.701469  0.773531  0.635685  0.710714  0.722591  0.695743  0.642171  0.711144  0.684069  0.732703  0.754574  0.771137  0.636051  0.742016  0.645433  0.691106  0.798796  0.682928  0.771775  0.803715  0.701761  0.603985  0.701806 
1  0.604677 0.0  0.501867  0.530020  0.551359  0.603884  0.545711  0.668251  0.582215  0.668956  0.700988  0.509526  0.559432  0.501565  0.625815  0.669291  0.532031  0.609170  0.444804  0.564339  0.533872  0.566136  0.595856  0.693774  0.560229  0.488852  0.562840  0.595186  0.506027  0.589474  0.581004  0.575982  0.553719  0.523261  0.660805  0.563105  0.536164  0.528280  0.570271  0.557335  0.632610  0.540074  0.433103  0.567839  0.658047  0.641189  0.524634  0.666425  0.545918  0.660683  0.662654  0.518443  0.587552  0.577345  0.605996  0.699969  0.511444  0.519112  0.565300  0.620606  0.536393 
2  0.706753  0.501867 0.0  0.080630  0.080630  0.355895  0.792936  0.808138  0.768466  0.769789  0.765504  0.810632  0.828612  0.840708  0.904999  0.200716  0.276119  0.752518  0.805515  0.799832  0.395320  0.383918  0.475131  0.267520  0.736472  0.818404  0.279622  0.872933  0.178851  0.291008  0.393221  0.884976  0.513245  0.189547  0.320641  0.684347  0.799720  0.276936  0.539340  0.563011  0.777110  0.911286  0.746300  0.366881  0.766867  0.242765  0.801103  0.201820  0.220207  0.850983  0.795182  0.770950  0.876973  0.588874  0.372909  0.744894  0.411064  0.589283  0.755916  0.799424  0.518763 
3  0.740257  0.530020  0.080630 0.0  0.218290  0.347335  0.776625  0.804544  0.789618  0.866537  0.834806  0.781679  0.910172  0.894252  0.886155  0.242159  0.336995  0.814450  0.786480  0.839208  0.292081  0.286251  0.444854  0.251727  0.700270  0.729805  0.356138  0.857898  0.128793  0.249323  0.264338  0.708761  0.505922  0.299551  0.329357  0.768198  0.764032  0.261245  0.477332  0.490866  0.767697  0.797170  0.714683  0.280198  0.748110  0.273619  0.850914  0.280456  0.239462  0.862904  0.871861  0.902979  0.889945  0.583944  0.380505  0.804325  0.293705  0.513699  0.822956  0.815880  0.535305 
4  0.757100  0.551359  0.080630  0.218290 0.0  0.418994  0.705967  0.862494  0.881671  0.896039  0.852098  0.823905  0.769846  0.888449  0.842873  0.320614  0.299066  0.831999  0.831937  0.819624  0.324451  0.322633  0.514920  0.306914  0.791442  0.684108  0.300921  0.837835  0.124161  0.352389  0.330811  0.819475  0.635141  0.249101  0.419930  0.823640  0.856842  0.229887  0.510044  0.518418  0.842305  0.820522  0.693993  0.430582  0.763908  0.365066  0.785928  0.375176  0.270900  0.862309  0.759220  0.761573  0.811628  0.650222  0.289841  0.735619  0.351349  0.566163  0.783660  0.870727  0.479732 
5  0.758889  0.603884  0.355895  0.347335  0.418994 0.0  0.849327  0.821233  0.774551  0.824181  0.856135  0.963997  0.793840  0.796538  0.855921  0.389137  0.435849  0.786290  0.750240  0.889253  0.092701  0.208427  0.549848  0.360707  0.679786  0.628631  0.382918  0.851708  0.302822  0.175023  0.365088  0.844182  0.569709  0.492557  0.265037  0.817712  0.841514  0.328156  0.589803  0.519820  0.833237  0.849956  0.684828  0.080630  0.825300  0.422644  0.768614  0.080630  0.215801  0.786201  0.826942  0.846463  0.877542  0.592721  0.095360  0.673278  0.359295  0.523294  0.811526  0.766094  0.587756 
6  0.727545  0.545711  0.792936  0.776625  0.705967  0.849327 0.0  0.823516  0.080630  0.767202  0.752827  0.804415  0.902630  0.769855  0.293251  0.755543  0.826482  0.848786  0.206088  0.723453  0.664958  0.807413  0.726845  0.823855  0.743796  0.794905  0.732610  0.797241  0.645024  0.883341  0.721174  0.721553  0.755168  0.759171  0.806825  0.808034  0.872215  0.746853  0.719414  0.779915  0.806228  0.767465  0.752619  0.763601  0.822878  0.822278  0.880141  0.683562  0.913282  0.703135  0.830616  0.898949  0.810825  0.838532  0.882337  0.677635  0.832217  0.863997  0.080630  0.080630  0.731538 
7  0.734929  0.668251  0.808138  0.804544  0.862494  0.821233  0.823516 0.0  0.842587  0.722461  0.452637  0.803849  0.852829  0.792875  0.862734  0.773083  0.760201  0.860376  0.771518  0.809067  0.716897  0.702884  0.792657  0.823715  0.645956  0.707233  0.814727  0.085071  0.720993  0.851496  0.762095  0.834083  0.550357  0.822946  0.818275  0.434130  0.773265  0.796966  0.748447  0.596468  0.613979  0.889510  0.350639  0.817473  0.296991  0.798952  0.248067  0.769654  0.902044  0.828751  0.425820  0.814964  0.771727  0.804373  0.828031  0.351906  0.707695  0.573737  0.825496  0.711028  0.724381 
8  0.781048  0.582215  0.768466  0.789618  0.881671  0.774551  0.080630  0.842587 0.0  0.742663  0.788862  0.733150  0.798906  0.736425  0.215038  0.702075  0.755157  0.827464  0.283166  0.794339  0.800651  0.757893  0.732843  0.731413  0.803560  0.740414  0.894843  0.872340  0.790636  0.754275  0.762802  0.801141  0.760320  0.776565  0.801015  0.776385  0.766745  0.758258  0.714750  0.735713  0.846548  0.717085  0.684580  0.771179  0.753009  0.750597  0.748761  0.729505  0.856704  0.712766  0.800468  0.819347  0.856014  0.700182  0.804596  0.688480  0.813439  0.809351  0.080630  0.080630  0.788262 
9  0.614748  0.668956  0.769789  0.866537  0.896039  0.824181  0.767202  0.722461  0.742663 0.0  0.835201  0.931413  0.806932  0.142822  0.834728  0.849722  0.920022  0.856108  0.760397  0.197846  0.861525  0.886498  0.918554  0.861825  0.718915  0.746132  0.847277  0.752190  0.868269  0.731526  0.792323  0.925153  0.781508  0.834393  0.795061  0.888431  0.080630  0.704720  0.783462  0.898730  0.234711  0.118310  0.719914  0.738769  0.807670  0.846007  0.815581  0.868350  0.844042  0.114120  0.792036  0.381497  0.799472  0.891827  0.986814  0.719022  0.880756  0.882685  0.813541  0.768424  0.864884 
10  0.712799  0.700988  0.765504  0.834806  0.852098  0.856135  0.752827  0.452637  0.788862  0.835201 0.0  0.869596  0.545228  0.685993  0.833085  0.856108  0.764830  0.806983  0.779429  0.811676  0.762047  0.778356  0.811654  0.791272  0.700525  0.681015  0.769579  0.450067  0.747967  0.740718  0.714739  0.765093  0.752667  0.807791  0.729431  0.275423  0.801789  0.891346  0.778770  0.837067  0.857894  0.721473  0.314820  0.838660  0.443242  0.818856  0.429907  0.787483  0.758973  0.771743  0.240537  0.838990  0.768687  0.812384  0.720872  0.309404  0.805416  0.770020  0.789324  0.832191  0.869069 
11  0.645308  0.509526  0.810632  0.781679  0.823905  0.963997  0.804415  0.803849  0.733150  0.931413  0.869596 0.0  0.404286  0.836152  0.691016  0.866215  0.743764  0.192928  0.715743  0.863813  0.807487  0.877599  0.877840  0.810497  0.843086  0.796817  0.902289  0.741825  0.783272  0.788545  0.898893  0.080630  0.810118  0.842399  0.872136  0.829246  0.948942  0.801320  0.835611  0.869329  0.721710  0.842666  0.690732  0.810516  0.822653  0.811249  0.769625  0.817836  0.780601  0.891826  0.805891  0.865405  0.216575  0.850342  0.872617  0.831717  0.881795  0.770334  0.749225  0.873513  0.771079 
12  0.758767  0.559432  0.828612  0.910172  0.769846  0.793840  0.902630  0.852829  0.798906  0.806932  0.545228  0.404286 0.0  0.874762  0.801390  0.810455  0.732400  0.471822  0.827969  0.735517  0.801766  0.924264  0.839313  0.861344  0.717914  0.762005  0.719296  0.790574  0.729598  0.779929  0.811891  0.453626  0.725654  0.777086  0.748724  0.584695  0.790253  0.829448  0.737628  0.786772  0.774100  0.753214  0.695180  0.878645  0.715916  0.767191  0.817578  0.747706  0.857832  0.856691  0.566020  0.812894  0.530193  0.764972  0.745335  0.657755  0.801950  0.798520  0.806816  0.869612  0.758408 
13  0.727498  0.501565  0.840708  0.894252  0.888449  0.796538  0.769855  0.792875  0.736425  0.142822  0.685993  0.836152  0.874762 0.0  0.843585  0.780298  0.776402  0.781235  0.817550  0.187025  0.827149  0.867486  0.856653  0.732274  0.746351  0.748888  0.817117  0.897635  0.762519  0.764055  0.899430  0.825557  0.738898  0.829106  0.794428  0.817384  0.247678  0.884470  0.881533  0.740055  0.285694  0.080630  0.751065  0.904077  0.806045  0.753260  0.857965  0.847974  0.724153  0.187068  0.821452  0.328679  0.867582  0.873594  0.831993  0.785300  0.879214  0.834672  0.793314  0.840903  0.828368 
14  0.708583  0.625815  0.904999  0.886155  0.842873  0.855921  0.293251  0.862734  0.215038  0.834728  0.833085  0.691016  0.801390  0.843585 0.0  0.741643  0.744823  0.807688  0.080630  0.716887  0.776778  0.791006  0.790219  0.785550  0.661527  0.731890  0.785854  0.751420  0.877734  0.811568  0.813786  0.830056  0.862257  0.806030  0.681836  0.764144  0.840812  0.764256  0.798454  0.772617  0.755173  0.782728  0.763263  0.735844  0.825985  0.860282  0.796383  0.865655  0.776414  0.822316  0.787313  0.798623  0.780410  0.788018  0.713625  0.595813  0.743842  0.837039  0.191770  0.194853  0.857196 
15  0.696589  0.669291  0.200716  0.242159  0.320614  0.389137  0.755543  0.773083  0.702075  0.849722  0.856108  0.866215  0.810455  0.780298  0.741643 0.0  0.080630  0.756652  0.761400  0.788858  0.239186  0.393967  0.609440  0.315233  0.787801  0.678892  0.238129  0.872388  0.324643  0.172621  0.320352  0.795907  0.463758  0.346405  0.187187  0.723780  0.832971  0.250195  0.567758  0.499082  0.762026  0.820997  0.796181  0.252292  0.878719  0.106710  0.883809  0.321395  0.269179  0.830948  0.731269  0.867282  0.685244  0.551600  0.352020  0.729404  0.207517  0.512845  0.807653  0.785134  0.523033 
16  0.665611  0.532031  0.276119  0.336995  0.299066  0.435849  0.826482  0.760201  0.755157  0.920022  0.764830  0.743764  0.732400  0.776402  0.744823  0.080630 0.0  0.768574  0.737968  0.812453  0.402882  0.433375  0.574876  0.414285  0.592757  0.779305  0.269663  0.853337  0.283115  0.209837  0.348357  0.873931  0.571732  0.292236  0.145200  0.834288  0.862528  0.334790  0.581356  0.590277  0.778726  0.892991  0.761940  0.392140  0.699613  0.308718  0.775292  0.348264  0.220201  0.847742  0.698161  0.939129  0.896772  0.610686  0.335332  0.620347  0.080630  0.566009  0.789582  0.815069  0.542441 
17  0.719145  0.609170  0.752518  0.814450  0.831999  0.786290  0.848786  0.860376  0.827464  0.856108  0.806983  0.192928  0.471822  0.781235  0.807688  0.756652  0.768574 0.0  0.856663  0.875084  0.881742  0.760050  0.819318  0.824532  0.737454  0.702176  0.881280  0.864813  0.766008  0.796037  0.777691  0.243135  0.777833  0.829436  0.837645  0.785569  0.753664  0.724335  0.776743  0.760671  0.801629  0.790135  0.770080  0.717160  0.797291  0.786339  0.734494  0.825051  0.816737  0.796889  0.797260  0.760194  0.314924  0.780694  0.786054  0.693617  0.715807  0.671072  0.817060  0.818142  0.740612 
18  0.821234  0.444804  0.805515  0.786480  0.831937  0.750240  0.206088  0.771518  0.283166  0.760397  0.779429  0.715743  0.827969  0.817550  0.080630  0.761400  0.737968  0.856663 0.0  0.807621  0.748391  0.774722  0.795825  0.849526  0.713960  0.711269  0.772837  0.833607  0.690703  0.884854  0.798782  0.801245  0.818777  0.762976  0.801111  0.821609  0.846005  0.803630  0.747538  0.863558  0.773241  0.763201  0.705537  0.708265  0.842042  0.847578  0.805056  0.786243  0.711681  0.844428  0.856490  0.816731  0.828381  0.751860  0.798875  0.684867  0.878213  0.828136  0.195695  0.283648  0.724269 
19  0.757378  0.564339  0.799832  0.839208  0.819624  0.889253  0.723453  0.809067  0.794339  0.197846  0.811676  0.863813  0.735517  0.187025  0.716887  0.788858  0.812453  0.875084  0.807621 0.0  0.771984  0.848427  0.922681  0.780016  0.660903  0.726611  0.792159  0.674804  0.930671  0.815743  0.756056  0.891042  0.836649  0.756056  0.874008  0.760002  0.143484  0.827184  0.745698  0.878926  0.293894  0.106032  0.723971  0.852029  0.831585  0.789184  0.791502  0.801967  0.798043  0.220429  0.776701  0.269126  0.764502  0.804997  0.905260  0.764990  0.761633  0.819454  0.823499  0.796067  0.767613 
20  0.727619  0.533872  0.395320  0.292081  0.324451  0.092701  0.664958  0.716897  0.800651  0.861525  0.762047  0.807487  0.801766  0.827149  0.776778  0.239186  0.402882  0.881742  0.748391  0.771984 0.0  0.161540  0.657617  0.374165  0.683582  0.739369  0.447598  0.834589  0.272813  0.206176  0.352446  0.808991  0.481007  0.410954  0.312478  0.809783  0.771898  0.257862  0.557112  0.634670  0.885067  0.824620  0.743537  0.143235  0.746277  0.374074  0.837293  0.222137  0.282535  0.885259  0.706074  0.730635  0.815909  0.603313  0.165488  0.696162  0.431678  0.571263  0.828373  0.842455  0.542528 
21  0.621456  0.566136  0.383918  0.286251  0.322633  0.208427  0.807413  0.702884  0.757893  0.886498  0.778356  0.877599  0.924264  0.867486  0.791006  0.393967  0.433375  0.760050  0.774722  0.848427  0.161540 0.0  0.614321  0.348429  0.736239  0.766716  0.398682  0.844809  0.280539  0.327942  0.341584  0.841928  0.635339  0.285324  0.314903  0.802029  0.847326  0.234125  0.530669  0.609517  0.794905  0.928776  0.720245  0.195114  0.807914  0.444074  0.814945  0.237020  0.245837  0.900019  0.758390  0.873445  0.870940  0.588336  0.139947  0.800731  0.372949  0.598176  0.771575  0.809898  0.582269 
22  0.707877  0.595856  0.475131  0.444854  0.514920  0.549848  0.726845  0.792657  0.732843  0.918554  0.811654  0.877840  0.839313  0.856653  0.790219  0.609440  0.574876  0.819318  0.795825  0.922681  0.657617  0.614321 0.0  0.516425  0.668042  0.614250  0.578675  0.854708  0.594006  0.506141  0.554206  0.871584  0.369733  0.511906  0.469657  0.837150  0.874536  0.387054  0.242161  0.411725  0.896381  0.830507  0.689570  0.553513  0.537321  0.597268  0.605286  0.604126  0.430702  0.919766  0.756878  0.831877  0.767190  0.295902  0.710831  0.644948  0.584635  0.458083  0.646665  0.868983  0.106992 
23  0.681730  0.693774  0.267520  0.251727  0.306914  0.360707  0.823855  0.823715  0.731413  0.861825  0.791272  0.810497  0.861344  0.732274  0.785550  0.315233  0.414285  0.824532  0.849526  0.780016  0.374165  0.348429  0.516425 0.0  0.594610  0.735804  0.320003  0.797215  0.386210  0.291117  0.189232  0.817884  0.488709  0.348322  0.253807  0.750693  0.854669  0.269398  0.591430  0.565793  0.742336  0.795593  0.701244  0.436758  0.790654  0.384836  0.739316  0.318553  0.249758  0.817447  0.717441  0.788019  0.888268  0.434531  0.321701  0.688957  0.310949  0.554138  0.826957  0.698579  0.532619 
24  0.773521  0.560229  0.736472  0.700270  0.791442  0.679786  0.743796  0.645956  0.803560  0.718915  0.700525  0.843086  0.717914  0.746351  0.661527  0.787801  0.592757  0.737454  0.713960  0.660903  0.683582  0.736239  0.668042  0.594610 0.0  0.080630  0.728708  0.759300  0.715911  0.700305  0.642321  0.750139  0.677249  0.639916  0.609142  0.677069  0.718870  0.667909  0.745382  0.723738  0.826324  0.715296  0.738180  0.737374  0.685612  0.672822  0.720718  0.728836  0.751163  0.723348  0.791795  0.705260  0.773116  0.668013  0.731861  0.691442  0.772260  0.648877  0.597780  0.695729  0.635409 
25  0.782378  0.488852  0.818404  0.729805  0.684108  0.628631  0.794905  0.707233  0.740414  0.746132  0.681015  0.796817  0.762005  0.748888  0.731890  0.678892  0.779305  0.702176  0.711269  0.726611  0.739369  0.766716  0.614250  0.735804  0.080630 0.0  0.626604  0.769633  0.676646  0.652021  0.768788  0.769094  0.766156  0.747086  0.678921  0.679657  0.787577  0.733123  0.659864  0.707162  0.720144  0.728647  0.652669  0.671618  0.695434  0.678311  0.770617  0.794754  0.694587  0.659301  0.722008  0.693466  0.587506  0.731189  0.763247  0.755982  0.741786  0.610960  0.681305  0.800413  0.699161 
26  0.769560  0.562840  0.279622  0.356138  0.300921  0.382918  0.732610  0.814727  0.894843  0.847277  0.769579  0.902289  0.719296  0.817117  0.785854  0.238129  0.269663  0.881280  0.772837  0.792159  0.447598  0.398682  0.578675  0.320003  0.728708  0.626604 0.0  0.901923  0.284252  0.253126  0.340343  0.847672  0.596901  0.378994  0.259707  0.830976  0.864858  0.251621  0.647791  0.672747  0.701477  0.779623  0.809646  0.422382  0.773340  0.180755  0.805580  0.441498  0.205205  0.747737  0.878534  0.804743  0.854959  0.478612  0.470372  0.643512  0.257470  0.611251  0.768029  0.913399  0.635812 
27  0.679841  0.595186  0.872933  0.857898  0.837835  0.851708  0.797241  0.085071  0.872340  0.752190  0.450067  0.741825  0.790574  0.897635  0.751420  0.872388  0.853337  0.864813  0.833607  0.674804  0.834589  0.844809  0.854708  0.797215  0.759300  0.769633  0.901923 0.0  0.822332  0.805088  0.758673  0.760623  0.629909  0.742645  0.623144  0.445577  0.798838  0.756337  0.808188  0.687866  0.608138  0.796447  0.427312  0.692566  0.172342  0.795698  0.300915  0.864850  0.822366  0.748799  0.462790  0.802290  0.812643  0.804561  0.760590  0.409466  0.874718  0.589308  0.886058  0.826536  0.790616 
28  0.743306  0.506027  0.178851  0.128793  0.124161  0.302822  0.645024  0.720993  0.790636  0.868269  0.747967  0.783272  0.729598  0.762519  0.877734  0.324643  0.283115  0.766008  0.690703  0.930671  0.272813  0.280539  0.594006  0.386210  0.715911  0.676646  0.284252  0.822332 0.0  0.202842  0.328371  0.819408  0.547464  0.080630  0.267043  0.780684  0.854935  0.258873  0.515032  0.545019  0.701326  0.693089  0.692915  0.379600  0.721707  0.319628  0.800586  0.246174  0.234521  0.888681  0.783854  0.889769  0.866880  0.488917  0.441006  0.673660  0.357286  0.472675  0.644622  0.802135  0.540425 
29  0.666870  0.589474  0.291008  0.249323  0.352389  0.175023  0.883341  0.851496  0.754275  0.731526  0.740718  0.788545  0.779929  0.764055  0.811568  0.172621  0.209837  0.796037  0.884854  0.815743  0.206176  0.327942  0.506141  0.291117  0.700305  0.652021  0.253126  0.805088  0.202842 0.0  0.275708  0.812171  0.466545  0.185915  0.172092  0.790371  0.750720  0.195572  0.497740  0.496626  0.852762  0.840794  0.804258  0.280406  0.713090  0.296029  0.808673  0.238797  0.273352  0.832335  0.806891  0.827486  0.788245  0.496280  0.119072  0.741490  0.247593  0.409244  0.892997  0.749434  0.543015 
30  0.732676  0.581004  0.393221  0.264338  0.330811  0.365088  0.721174  0.762095  0.762802  0.792323  0.714739  0.898893  0.811891  0.899430  0.813786  0.320352  0.348357  0.777691  0.798782  0.756056  0.352446  0.341584  0.554206  0.189232  0.642321  0.768788  0.340343  0.758673  0.328371  0.275708 0.0  0.839235  0.692808  0.326648  0.328682  0.803840  0.794080  0.315088  0.645016  0.667116  0.869613  0.837526  0.697256  0.290632  0.745442  0.331981  0.754197  0.357410  0.298212  0.800640  0.786008  0.789161  0.799302  0.482414  0.422029  0.662290  0.266951  0.555927  0.833322  0.881924  0.493398 
31  0.768626  0.575982  0.884976  0.708761  0.819475  0.844182  0.721553  0.834083  0.801141  0.925153  0.765093  0.080630  0.453626  0.825557  0.830056  0.795907  0.873931  0.243135  0.801245  0.891042  0.808991  0.841928  0.871584  0.817884  0.750139  0.769094  0.847672  0.760623  0.819408  0.812171  0.839235 0.0  0.824516  0.878390  0.874830  0.764196  0.991594  0.814371  0.705160  0.836322  0.868660  0.902517  0.649682  0.893596  0.756117  0.753764  0.759311  0.779356  0.801817  1.000000  0.788953  0.891717  0.165344  0.891573  0.880788  0.792403  0.906799  0.863586  0.811553  0.818041  0.859511 
32  0.708521  0.553719  0.513245  0.505922  0.635141  0.569709  0.755168  0.550357  0.760320  0.781508  0.752667  0.810118  0.725654  0.738898  0.862257  0.463758  0.571732  0.777833  0.818777  0.836649  0.481007  0.635339  0.369733  0.488709  0.677249  0.766156  0.596901  0.629909  0.547464  0.466545  0.692808  0.824516 0.0  0.508959  0.627701  0.760680  0.855446  0.572309  0.312292  0.166312  0.581541  0.790890  0.669449  0.487490  0.863229  0.602199  0.805480  0.535895  0.491072  0.854305  0.804488  0.839850  0.826369  0.324208  0.567494  0.668165  0.521265  0.190329  0.717183  0.886071  0.350071 
33  0.727792  0.523261  0.189547  0.299551  0.249101  0.492557  0.759171  0.822946  0.776565  0.834393  0.807791  0.842399  0.777086  0.829106  0.806030  0.346405  0.292236  0.829436  0.762976  0.756056  0.410954  0.285324  0.511906  0.348322  0.639916  0.747086  0.378994  0.742645  0.080630  0.185915  0.326648  0.878390  0.508959 0.0  0.351714  0.757683  0.824168  0.181961  0.614268  0.465562  0.859198  0.745615  0.797280  0.387493  0.795405  0.358701  0.773496  0.271683  0.297157  0.926557  0.859733  0.851452  0.828045  0.537083  0.397090  0.750482  0.301779  0.576600  0.831526  0.802512  0.546678 
34  0.759340  0.660805  0.320641  0.329357  0.419930  0.265037  0.806825  0.818275  0.801015  0.795061  0.729431  0.872136  0.748724  0.794428  0.681836  0.187187  0.145200  0.837645  0.801111  0.874008  0.312478  0.314903  0.469657  0.253807  0.609142  0.678921  0.259707  0.623144  0.267043  0.172092  0.328682  0.874830  0.627701  0.351714 0.0  0.772658  0.756086  0.264969  0.410067  0.562518  0.801523  0.844705  0.656331  0.381091  0.812781  0.232489  0.832171  0.333534  0.211387  0.935675  0.795294  0.847772  0.863557  0.459371  0.404829  0.698519  0.192474  0.498754  0.826483  0.832993  0.592642 
35  0.729039  0.563105  0.684347  0.768198  0.823640  0.817712  0.808034  0.434130  0.776385  0.888431  0.275423  0.829246  0.584695  0.817384  0.764144  0.723780  0.834288  0.785569  0.821609  0.760002  0.809783  0.802029  0.837150  0.750693  0.677069  0.679657  0.830976  0.445577  0.780684  0.790371  0.803840  0.764196  0.760680  0.757683  0.772658 0.0  0.804601  0.780006  0.816411  0.758404  0.769048  0.775562  0.302857  0.895308  0.474609  0.835098  0.459379  0.728866  0.835213  0.760604  0.277164  0.793147  0.760680  0.823063  0.813263  0.339544  0.883106  0.838155  0.800993  0.821713  0.776654 
36  0.657430  0.536164  0.799720  0.764032  0.856842  0.841514  0.872215  0.773265  0.766745  0.080630  0.801789  0.948942  0.790253  0.247678  0.840812  0.832971  0.862528  0.753664  0.846005  0.143484  0.771898  0.847326  0.874536  0.854669  0.718870  0.787577  0.864858  0.798838  0.854935  0.750720  0.794080  0.991594  0.855446  0.824168  0.756086  0.804601 0.0  0.773686  0.888790  0.851243  0.216738  0.137877  0.669375  0.856797  0.788698  0.885303  0.746156  0.926954  0.843825  0.179591  0.791241  0.283635  0.873976  0.888064  0.804271  0.773196  0.911394  0.845768  0.734382  0.725288  0.757500 
37  0.802163  0.528280  0.276936  0.261245  0.229887  0.328156  0.746853  0.796966  0.758258  0.704720  0.891346  0.801320  0.829448  0.884470  0.764256  0.250195  0.334790  0.724335  0.803630  0.827184  0.257862  0.234125  0.387054  0.269398  0.667909  0.733123  0.251621  0.756337  0.258873  0.195572  0.315088  0.814371  0.572309  0.181961  0.264969  0.780006  0.773686 0.0  0.434949  0.465017  0.765285  0.722461  0.802521  0.278564  0.743363  0.336116  0.663256  0.338885  0.289725  0.730869  0.824844  0.859029  0.800989  0.415827  0.331094  0.599484  0.241017  0.459968  0.858847  0.779631  0.418143 
38  0.701469  0.570271  0.539340  0.477332  0.510044  0.589803  0.719414  0.748447  0.714750  0.783462  0.778770  0.835611  0.737628  0.881533  0.798454  0.567758  0.581356  0.776743  0.747538  0.745698  0.557112  0.530669  0.242161  0.591430  0.745382  0.659864  0.647791  0.808188  0.515032  0.497740  0.645016  0.705160  0.312292  0.614268  0.410067  0.816411  0.888790  0.434949 0.0  0.310009  0.816450  0.915749  0.709842  0.627906  0.710017  0.578659  0.601318  0.541688  0.482584  0.864567  0.919965  0.915060  0.887772  0.096075  0.502539  0.730754  0.561072  0.317015  0.731534  0.801089  0.342096 
39  0.773531  0.557335  0.563011  0.490866  0.518418  0.519820  0.779915  0.596468  0.735713  0.898730  0.837067  0.869329  0.786772  0.740055  0.772617  0.499082  0.590277  0.760671  0.863558  0.878926  0.634670  0.609517  0.411725  0.565793  0.723738  0.707162  0.672747  0.687866  0.545019  0.496626  0.667116  0.836322  0.166312  0.465562  0.562518  0.758404  0.851243  0.465017  0.310009 0.0  0.620733  0.844981  0.684807  0.591109  0.793923  0.473280  0.717065  0.563651  0.483958  0.884309  0.834350  0.794732  0.843049  0.386020  0.551264  0.656026  0.525750  0.149031  0.711261  0.759481  0.337612 
40  0.635685  0.632610  0.777110  0.767697  0.842305  0.833237  0.806228  0.613979  0.846548  0.234711  0.857894  0.721710  0.774100  0.285694  0.755173  0.762026  0.778726  0.801629  0.773241  0.293894  0.885067  0.794905  0.896381  0.742336  0.826324  0.720144  0.701477  0.608138  0.701326  0.852762  0.869613  0.868660  0.581541  0.859198  0.801523  0.769048  0.216738  0.765285  0.816450  0.620733 0.0  0.237539  0.705237  0.844408  0.781081  0.866143  0.737355  0.793259  0.786494  0.246908  0.814654  0.239861  0.814005  0.716338  0.829537  0.785390  0.712490  0.617551  0.667416  0.768989  0.835073 
41  0.710714  0.540074  0.911286  0.797170  0.820522  0.849956  0.767465  0.889510  0.717085  0.118310  0.721473  0.842666  0.753214  0.080630  0.782728  0.820997  0.892991  0.790135  0.763201  0.106032  0.824620  0.928776  0.830507  0.795593  0.715296  0.728647  0.779623  0.796447  0.693089  0.840794  0.837526  0.902517  0.790890  0.745615  0.844705  0.775562  0.137877  0.722461  0.915749  0.844981  0.237539 0.0  0.740476  0.898034  0.769686  0.861385  0.827518  0.876579  0.767630  0.164524  0.864489  0.275071  0.859825  0.840743  0.846350  0.715317  0.837228  0.856071  0.852270  0.838771  0.841551 
42  0.722591  0.433103  0.746300  0.714683  0.693993  0.684828  0.752619  0.350639  0.684580  0.719914  0.314820  0.690732  0.695180  0.751065  0.763263  0.796181  0.761940  0.770080  0.705537  0.723971  0.743537  0.720245  0.689570  0.701244  0.738180  0.652669  0.809646  0.427312  0.692915  0.804258  0.697256  0.649682  0.669449  0.797280  0.656331  0.302857  0.669375  0.802521  0.709842  0.684807  0.705237  0.740476 0.0  0.803407  0.467644  0.712830  0.382343  0.752078  0.808053  0.683451  0.349350  0.807320  0.758427  0.682907  0.754221  0.086070  0.756705  0.712806  0.681528  0.781680  0.637699 
43  0.695743  0.567839  0.366881  0.280198  0.430582  0.080630  0.763601  0.817473  0.771179  0.738769  0.838660  0.810516  0.878645  0.904077  0.735844  0.252292  0.392140  0.717160  0.708265  0.852029  0.143235  0.195114  0.553513  0.436758  0.737374  0.671618  0.422382  0.692566  0.379600  0.280406  0.290632  0.893596  0.487490  0.387493  0.381091  0.895308  0.856797  0.278564  0.627906  0.591109  0.844408  0.898034  0.803407 0.0  0.796251  0.370167  0.869515  0.104132  0.253983  0.885250  0.781998  0.894947  0.855850  0.555378  0.130899  0.667434  0.396778  0.594192  0.888086  0.792669  0.599959 
44  0.642171  0.658047  0.766867  0.748110  0.763908  0.825300  0.822878  0.296991  0.753009  0.807670  0.443242  0.822653  0.715916  0.806045  0.825985  0.878719  0.699613  0.797291  0.842042  0.831585  0.746277  0.807914  0.537321  0.790654  0.685612  0.695434  0.773340  0.172342  0.721707  0.713090  0.745442  0.756117  0.863229  0.795405  0.812781  0.474609  0.788698  0.743363  0.710017  0.793923  0.781081  0.769686  0.467644  0.796251 0.0  0.751183  0.080630  0.848136  0.809996  0.765452  0.441269  0.904144  0.740712  0.667734  0.838484  0.346242  0.737404  0.732378  0.850155  0.895724  0.695845 
45  0.711144  0.641189  0.242765  0.273619  0.365066  0.422644  0.822278  0.798952  0.750597  0.846007  0.818856  0.811249  0.767191  0.753260  0.860282  0.106710  0.308718  0.786339  0.847578  0.789184  0.374074  0.444074  0.597268  0.384836  0.672822  0.678311  0.180755  0.795698  0.319628  0.296029  0.331981  0.753764  0.602199  0.358701  0.232489  0.835098  0.885303  0.336116  0.578659  0.473280  0.866143  0.861385  0.712830  0.370167  0.751183 0.0  0.773871  0.374203  0.240245  0.802975  0.738054  0.702370  0.944311  0.638550  0.427731  0.748783  0.367209  0.490329  0.766525  0.792648  0.613218 
46  0.684069  0.524634  0.801103  0.850914  0.785928  0.768614  0.880141  0.248067  0.748761  0.815581  0.429907  0.769625  0.817578  0.857965  0.796383  0.883809  0.775292  0.734494  0.805056  0.791502  0.837293  0.814945  0.605286  0.739316  0.720718  0.770617  0.805580  0.300915  0.800586  0.808673  0.754197  0.759311  0.805480  0.773496  0.832171  0.459379  0.746156  0.663256  0.601318  0.717065  0.737355  0.827518  0.382343  0.869515  0.080630  0.773871 0.0  0.883452  0.693610  0.851807  0.451362  0.735760  0.831906  0.638659  0.765675  0.387467  0.754397  0.715233  0.774013  0.776119  0.611234 
47  0.732703  0.666425  0.201820  0.280456  0.375176  0.080630  0.683562  0.769654  0.729505  0.868350  0.787483  0.817836  0.747706  0.847974  0.865655  0.321395  0.348264  0.825051  0.786243  0.801967  0.222137  0.237020  0.604126  0.318553  0.728836  0.794754  0.441498  0.864850  0.246174  0.238797  0.357410  0.779356  0.535895  0.271683  0.333534  0.728866  0.926954  0.338885  0.541688  0.563651  0.793259  0.876579  0.752078  0.104132  0.848136  0.374203  0.883452 0.0  0.263432  0.879718  0.791425  0.799523  0.813199  0.522464  0.100764  0.759335  0.464482  0.633767  0.822761  0.792106  0.504653 
48  0.754574  0.545918  0.220207  0.239462  0.270900  0.215801  0.913282  0.902044  0.856704  0.844042  0.758973  0.780601  0.857832  0.724153  0.776414  0.269179  0.220201  0.816737  0.711681  0.798043  0.282535  0.245837  0.430702  0.249758  0.751163  0.694587  0.205205  0.822366  0.234521  0.273352  0.298212  0.801817  0.491072  0.297157  0.211387  0.835213  0.843825  0.289725  0.482584  0.483958  0.786494  0.767630  0.808053  0.253983  0.809996  0.240245  0.693610  0.263432 0.0  0.875325  0.766273  0.814176  0.825904  0.473712  0.222171  0.760984  0.189992  0.437235  0.818585  0.780807  0.423219 
49  0.771137  0.660683  0.850983  0.862904  0.862309  0.786201  0.703135  0.828751  0.712766  0.114120  0.771743  0.891826  0.856691  0.187068  0.822316  0.830948  0.847742  0.796889  0.844428  0.220429  0.885259  0.900019  0.919766  0.817447  0.723348  0.659301  0.747737  0.748799  0.888681  0.832335  0.800640  1.000000  0.854305  0.926557  0.935675  0.760604  0.179591  0.730869  0.864567  0.884309  0.246908  0.164524  0.683451  0.885250  0.765452  0.802975  0.851807  0.879718  0.875325 0.0  0.937766  0.251524  0.830024  0.835012  0.867730  0.727758  0.802601  0.826727  0.813912  0.832929  0.782823 
50  0.636051  0.662654  0.795182  0.871861  0.759220  0.826942  0.830616  0.425820  0.800468  0.792036  0.240537  0.805891  0.566020  0.821452  0.787313  0.731269  0.698161  0.797260  0.856490  0.776701  0.706074  0.758390  0.756878  0.717441  0.791795  0.722008  0.878534  0.462790  0.783854  0.806891  0.786008  0.788953  0.804488  0.859733  0.795294  0.277164  0.791241  0.824844  0.919965  0.834350  0.814654  0.864489  0.349350  0.781998  0.441269  0.738054  0.451362  0.791425  0.766273  0.937766 0.0  0.913874  0.774268  0.710177  0.828044  0.284518  0.808154  0.721452  0.825553  0.688161  0.780965 
51  0.742016  0.518443  0.770950  0.902979  0.761573  0.846463  0.898949  0.814964  0.819347  0.381497  0.838990  0.865405  0.812894  0.328679  0.798623  0.867282  0.939129  0.760194  0.816731  0.269126  0.730635  0.873445  0.831877  0.788019  0.705260  0.693466  0.804743  0.802290  0.889769  0.827486  0.789161  0.891717  0.839850  0.851452  0.847772  0.793147  0.283635  0.859029  0.915060  0.794732  0.239861  0.275071  0.807320  0.894947  0.904144  0.702370  0.735760  0.799523  0.814176  0.251524  0.913874 0.0  0.874714  0.880662  0.757463  0.624375  0.846796  0.815979  0.699439  0.746313  0.783210 
52  0.645433  0.587552  0.876973  0.889945  0.811628  0.877542  0.810825  0.771727  0.856014  0.799472  0.768687  0.216575  0.530193  0.867582  0.780410  0.685244  0.896772  0.314924  0.828381  0.764502  0.815909  0.870940  0.767190  0.888268  0.773116  0.587506  0.854959  0.812643  0.866880  0.788245  0.799302  0.165344  0.826369  0.828045  0.863557  0.760680  0.873976  0.800989  0.887772  0.843049  0.814005  0.859825  0.758427  0.855850  0.740712  0.944311  0.831906  0.813199  0.825904  0.830024  0.774268  0.874714 0.0  0.776711  0.855011  0.749446  0.800240  0.814787  0.867244  0.744522  0.884467 
53  0.691106  0.577345  0.588874  0.583944  0.650222  0.592721  0.838532  0.804373  0.700182  0.891827  0.812384  0.850342  0.764972  0.873594  0.788018  0.551600  0.610686  0.780694  0.751860  0.804997  0.603313  0.588336  0.295902  0.434531  0.668013  0.731189  0.478612  0.804561  0.488917  0.496280  0.482414  0.891573  0.324208  0.537083  0.459371  0.823063  0.888064  0.415827  0.096075  0.386020  0.716338  0.840743  0.682907  0.555378  0.667734  0.638550  0.638659  0.522464  0.473712  0.835012  0.710177  0.880662  0.776711 0.0  0.627161  0.679944  0.488526  0.359652  0.742855  0.733518  0.300412 
54  0.798796  0.605996  0.372909  0.380505  0.289841  0.095360  0.882337  0.828031  0.804596  0.986814  0.720872  0.872617  0.745335  0.831993  0.713625  0.352020  0.335332  0.786054  0.798875  0.905260  0.165488  0.139947  0.710831  0.321701  0.731861  0.763247  0.470372  0.760590  0.441006  0.119072  0.422029  0.880788  0.567494  0.397090  0.404829  0.813263  0.804271  0.331094  0.502539  0.551264  0.829537  0.846350  0.754221  0.130899  0.838484  0.427731  0.765675  0.100764  0.222171  0.867730  0.828044  0.757463  0.855011  0.627161 0.0  0.722416  0.321535  0.568782  0.809371  0.802923  0.606650 
55  0.682928  0.699969  0.744894  0.804325  0.735619  0.673278  0.677635  0.351906  0.688480  0.719022  0.309404  0.831717  0.657755  0.785300  0.595813  0.729404  0.620347  0.693617  0.684867  0.764990  0.696162  0.800731  0.644948  0.688957  0.691442  0.755982  0.643512  0.409466  0.673660  0.741490  0.662290  0.792403  0.668165  0.750482  0.698519  0.339544  0.773196  0.599484  0.730754  0.656026  0.785390  0.715317  0.086070  0.667434  0.346242  0.748783  0.387467  0.759335  0.760984  0.727758  0.284518  0.624375  0.749446  0.679944  0.722416 0.0  0.611503  0.599950  0.741822  0.784042  0.780161 
56  0.771775  0.511444  0.411064  0.293705  0.351349  0.359295  0.832217  0.707695  0.813439  0.880756  0.805416  0.881795  0.801950  0.879214  0.743842  0.207517  0.080630  0.715807  0.878213  0.761633  0.431678  0.372949  0.584635  0.310949  0.772260  0.741786  0.257470  0.874718  0.357286  0.247593  0.266951  0.906799  0.521265  0.301779  0.192474  0.883106  0.911394  0.241017  0.561072  0.525750  0.712490  0.837228  0.756705  0.396778  0.737404  0.367209  0.754397  0.464482  0.189992  0.802601  0.808154  0.846796  0.800240  0.488526  0.321535  0.611503 0.0  0.585473  0.830393  0.672351  0.645416 
57  0.803715  0.519112  0.589283  0.513699  0.566163  0.523294  0.863997  0.573737  0.809351  0.882685  0.770020  0.770334  0.798520  0.834672  0.837039  0.512845  0.566009  0.671072  0.828136  0.819454  0.571263  0.598176  0.458083  0.554138  0.648877  0.610960  0.611251  0.589308  0.472675  0.409244  0.555927  0.863586  0.190329  0.576600  0.498754  0.838155  0.845768  0.459968  0.317015  0.149031  0.617551  0.856071  0.712806  0.594192  0.732378  0.490329  0.715233  0.633767  0.437235  0.826727  0.721452  0.815979  0.814787  0.359652  0.568782  0.599950  0.585473 0.0  0.745907  0.834087  0.289194 
58  0.701761  0.565300  0.755916  0.822956  0.783660  0.811526  0.080630  0.825496  0.080630  0.813541  0.789324  0.749225  0.806816  0.793314  0.191770  0.807653  0.789582  0.817060  0.195695  0.823499  0.828373  0.771575  0.646665  0.826957  0.597780  0.681305  0.768029  0.886058  0.644622  0.892997  0.833322  0.811553  0.717183  0.831526  0.826483  0.800993  0.734382  0.858847  0.731534  0.711261  0.667416  0.852270  0.681528  0.888086  0.850155  0.766525  0.774013  0.822761  0.818585  0.813912  0.825553  0.699439  0.867244  0.742855  0.809371  0.741822  0.830393  0.745907 0.0  0.214102  0.780744 
59  0.603985  0.620606  0.799424  0.815880  0.870727  0.766094  0.080630  0.711028  0.080630  0.768424  0.832191  0.873513  0.869612  0.840903  0.194853  0.785134  0.815069  0.818142  0.283648  0.796067  0.842455  0.809898  0.868983  0.698579  0.695729  0.800413  0.913399  0.826536  0.802135  0.749434  0.881924  0.818041  0.886071  0.802512  0.832993  0.821713  0.725288  0.779631  0.801089  0.759481  0.768989  0.838771  0.781680  0.792669  0.895724  0.792648  0.776119  0.792106  0.780807  0.832929  0.688161  0.746313  0.744522  0.733518  0.802923  0.784042  0.672351  0.834087  0.214102 0.0  0.735212 
60  0.701806  0.536393  0.518763  0.535305  0.479732  0.587756  0.731538  0.724381  0.788262  0.864884  0.869069  0.771079  0.758408  0.828368  0.857196  0.523033  0.542441  0.740612  0.724269  0.767613  0.542528  0.582269  0.106992  0.532619  0.635409  0.699161  0.635812  0.790616  0.540425  0.543015  0.493398  0.859511  0.350071  0.546678  0.592642  0.776654  0.757500  0.418143  0.342096  0.337612  0.835073  0.841551  0.637699  0.599959  0.695845  0.613218  0.611234  0.504653  0.423219  0.782823  0.780965  0.783210  0.884467  0.300412  0.606650  0.780161  0.645416  0.289194  0.780744  0.735212 0.0 
