61
0 0.0  0.559383  0.621449  0.615375  0.760433  0.738037  0.714350  0.687577  0.699898  0.696745  0.633316  0.697649  0.752419  0.646430  0.687869  0.738449  0.696121  0.667589  0.608469  0.735732  0.669179  0.633732  0.691669  0.750912  0.639946  0.679560  0.599484  0.597347  0.762615  0.715359  0.648994  0.636690  0.659411  0.640636  0.710949  0.725771  0.764895  0.611451  0.693399  0.844302  0.589962  0.674819  0.747464  0.641659  0.670884  0.643554  0.623082  0.610278  0.705117  0.758448  0.655011  0.660559  0.694366  0.688966  0.705907  0.691650  0.753440  0.639399  0.748990  0.705654  0.743006 
1  0.559383 0.0  0.466762  0.613096  0.522183  0.526386  0.542324  0.568133  0.508781  0.558865  0.550331  0.496370  0.496011  0.551244  0.462614  0.541205  0.606868  0.499517  0.591221  0.490931  0.572776  0.571041  0.564042  0.498430  0.508492  0.566196  0.529479  0.505366  0.522682  0.553293  0.566057  0.515853  0.566950  0.595189  0.616207  0.639464  0.566775  0.498791  0.493620  0.457742  0.562421  0.566411  0.558777  0.490456  0.589991  0.562198  0.629404  0.506140  0.569592  0.563822  0.561855  0.515537  0.525661  0.561654  0.559819  0.630468  0.588127  0.583515  0.587363  0.579088  0.530579 
2  0.621449  0.466762 0.0  0.081459  0.160241  0.295440  0.737830  0.733098  0.762320  0.670764  0.713203  0.726111  0.908265  0.673890  0.776539  0.271769  0.324661  0.764995  0.859879  0.917783  0.300859  0.293343  0.491075  0.288953  0.682139  0.602976  0.279873  0.699008  0.182215  0.226212  0.311651  0.777858  0.521823  0.175929  0.313485  0.756433  0.781699  0.220221  0.477889  0.470641  0.760556  0.679277  0.755078  0.292532  0.736611  0.286734  0.766391  0.310738  0.196205  0.825288  0.811094  0.730021  0.742641  0.484140  0.280962  0.690236  0.260438  0.511249  0.681950  0.735823  0.492906 
3  0.615375  0.613096  0.081459 0.0  0.147676  0.303851  0.753319  0.781394  0.819108  0.851713  0.831392  0.730533  0.792751  0.678840  0.692337  0.295039  0.254869  0.710599  0.732438  0.778158  0.303951  0.290289  0.443139  0.295307  0.760358  0.646307  0.324638  0.709516  0.157127  0.214608  0.263025  0.780760  0.534617  0.176110  0.279874  0.750447  0.810746  0.207347  0.484891  0.478215  0.801436  0.775762  0.742279  0.287823  0.748095  0.296766  0.785438  0.276094  0.225879  0.804448  0.745914  0.772451  0.809850  0.476399  0.298644  0.598982  0.279496  0.461673  0.788910  0.706230  0.458126 
4  0.760433  0.522183  0.160241  0.147676 0.0  0.299939  0.877098  0.747948  0.796085  0.819767  0.762408  0.732447  0.740414  0.809471  0.716111  0.319280  0.271946  0.796527  0.564750  0.818234  0.284719  0.297683  0.520050  0.298426  0.788697  0.763792  0.295157  0.877766  0.081459  0.211794  0.264294  0.789635  0.493074  0.160411  0.300427  0.690951  0.715228  0.201876  0.474863  0.451573  0.720702  0.774352  0.649144  0.290222  0.770938  0.279106  0.726859  0.294210  0.227000  0.740245  0.659796  0.728555  0.701760  0.524346  0.280241  0.737454  0.302786  0.445573  0.697496  0.753086  0.508511 
5  0.738037  0.526386  0.295440  0.303851  0.299939 0.0  0.682612  0.879281  0.755613  0.842653  0.848271  0.738688  0.754562  0.823699  0.714956  0.299637  0.333834  0.725802  0.826776  0.763007  0.134559  0.135050  0.510422  0.303158  0.679553  0.532124  0.371224  0.725566  0.295330  0.196169  0.249122  0.886231  0.550435  0.270462  0.315978  0.783181  0.791552  0.221224  0.580067  0.612622  0.716272  0.793245  0.642523  0.081459  0.806152  0.296821  0.699422  0.081459  0.213764  0.757831  0.722054  0.807220  0.854415  0.519731  0.139545  0.554066  0.356817  0.476965  0.866437  0.749876  0.473444 
6  0.714350  0.542324  0.737830  0.753319  0.877098  0.682612 0.0  0.721556  0.081459  0.870394  0.814934  0.770452  0.759381  0.644791  0.224238  0.805215  0.737153  0.702896  0.215600  0.850488  0.673617  0.790506  0.804911  0.769071  0.712399  0.707511  0.748771  0.837003  0.727154  0.723675  0.690781  0.812420  0.852619  0.736491  0.740386  0.852367  0.805132  0.737314  0.723705  0.780223  0.715325  0.859577  0.716995  0.740275  0.805227  0.771489  0.771754  0.698339  0.733391  0.672531  0.774429  0.720071  0.718885  0.693494  0.758984  0.746668  0.750259  0.733635  0.081459  0.081459  0.826111 
7  0.687577  0.568133  0.733098  0.781394  0.747948  0.879281  0.721556 0.0  0.713122  0.693329  0.366501  0.674450  0.632333  0.762889  0.755591  0.606095  0.838689  0.821568  0.712608  0.603777  0.782032  0.691784  0.833447  0.715448  0.655401  0.678130  0.708554  0.081459  0.748655  0.653501  0.623782  0.755401  0.578994  0.784060  0.710829  0.417149  0.767446  0.773347  0.613522  0.596422  0.665708  0.781488  0.366918  0.770161  0.216129  0.752583  0.204248  0.792658  0.616026  0.832275  0.433867  0.704962  0.812490  0.713014  0.740350  0.301125  0.671624  0.568179  0.817988  0.735472  0.759206 
8  0.699898  0.508781  0.762320  0.819108  0.796085  0.755613  0.081459  0.713122 0.0  0.725315  0.582360  0.820793  0.703929  0.837715  0.207619  0.761010  0.637089  0.727654  0.245723  0.659177  0.807880  0.692183  0.579083  0.780248  0.639043  0.678817  0.722874  0.862949  0.780402  0.714034  0.744072  0.823608  0.693153  0.757893  0.729455  0.786643  0.773457  0.704656  0.782730  0.839272  0.744096  0.797721  0.679088  0.769267  0.775846  0.754154  0.739916  0.624952  0.772130  0.646528  0.741967  0.779419  0.722776  0.799177  0.859601  0.737787  0.758985  0.732658  0.081459  0.081459  0.742730 
9  0.696745  0.558865  0.670764  0.851713  0.819767  0.842653  0.870394  0.693329  0.725315 0.0  0.808071  0.766900  0.675939  0.135259  0.720098  0.796041  0.888042  0.803333  0.609834  0.166371  0.907232  0.768163  0.713812  0.753493  0.695772  0.777573  0.770694  0.629071  0.800141  0.648780  0.887651  0.821104  0.666153  0.764031  0.888363  0.876243  0.104841  0.745212  0.757051  0.702062  0.203627  0.132216  0.599074  0.717031  0.807832  0.809281  0.782797  0.836337  0.779044  0.102253  0.647583  0.311273  0.885814  0.880670  0.695575  0.662106  0.915259  0.755354  0.708441  0.787082  0.797907 
10  0.633316  0.550331  0.713203  0.831392  0.762408  0.848271  0.814934  0.366501  0.582360  0.808071 0.0  0.801068  0.597240  0.856465  0.783599  0.730732  0.758159  0.744148  0.681655  0.731061  0.757932  0.695677  0.711817  0.690563  0.674784  0.690517  0.669524  0.458909  0.715581  0.841653  0.717197  0.696046  0.688356  0.763029  0.790875  0.198457  0.873983  0.736727  0.729666  0.739538  0.856402  0.792990  0.332518  0.685657  0.417286  0.803343  0.427800  0.776821  0.701594  0.751309  0.231342  0.652034  0.772154  0.748599  0.738342  0.332264  0.684998  0.771211  0.862782  0.912275  0.758493 
11  0.697649  0.496370  0.726111  0.730533  0.732447  0.738688  0.770452  0.674450  0.820793  0.766900  0.801068 0.0  0.447111  0.724984  0.683743  0.808141  0.814849  0.223577  0.810042  0.828108  0.829317  0.857705  0.763776  0.774910  0.697861  0.755323  0.837866  0.615470  0.802275  0.713389  0.827107  0.135570  0.692993  0.691311  0.721730  0.887813  0.788820  0.770889  0.843715  0.745065  0.701098  0.711190  0.711773  0.773579  0.760523  0.892939  0.775799  0.736503  0.626170  0.897049  0.721611  0.852353  0.132120  0.804370  0.732906  0.741361  0.781391  0.782501  0.716486  0.681861  0.918632 
12  0.752419  0.496011  0.908265  0.792751  0.740414  0.754562  0.759381  0.632333  0.703929  0.675939  0.597240  0.447111 0.0  0.791955  0.738035  0.664867  0.743318  0.366601  0.757016  0.771040  0.791630  0.784122  0.698394  0.797748  0.665961  0.727014  0.850142  0.807015  0.827285  0.737317  0.702509  0.431492  0.803003  0.750184  0.680785  0.584264  0.813311  0.774588  0.721992  0.727211  0.747077  0.741325  0.767527  0.715046  0.693814  0.738579  0.727447  0.796648  0.949098  0.690569  0.566889  0.699151  0.403901  0.782447  0.757425  0.660308  0.772311  0.754939  0.818219  0.761708  0.798450 
13  0.646430  0.551244  0.673890  0.678840  0.809471  0.823699  0.644791  0.762889  0.837715  0.135259  0.856465  0.724984  0.791955 0.0  0.848537  0.776858  0.676933  0.745006  0.800598  0.166654  0.845879  0.836376  0.874649  0.640314  0.799156  0.667603  0.873414  0.737716  0.812157  0.764380  0.723690  0.811387  0.815699  0.771119  0.791581  0.718721  0.141604  0.879306  0.806450  0.777028  0.244987  0.096426  0.744565  0.769205  0.610130  0.781634  0.710466  0.812313  0.712694  0.149432  0.760373  0.329185  0.845101  0.693147  0.792115  0.699994  0.781064  0.836146  0.796274  0.808938  0.817344 
14  0.687869  0.462614  0.776539  0.692337  0.716111  0.714956  0.224238  0.755591  0.207619  0.720098  0.783599  0.683743  0.738035  0.848537 0.0  0.881052  0.738919  0.720284  0.081459  0.924534  0.655916  0.739241  0.757442  0.707711  0.623731  0.687445  0.788376  0.759971  0.806780  0.854729  0.684038  0.753141  0.702782  0.648575  0.786132  0.723177  0.796970  0.911628  0.877392  0.889012  0.617324  0.678860  0.599243  0.823532  0.641656  0.736247  0.778971  0.691746  0.904575  0.715282  0.850297  0.690338  0.738458  0.724468  0.749812  0.626636  0.732723  0.714726  0.242167  0.205146  0.905020 
15  0.738449  0.541205  0.271769  0.295039  0.319280  0.299637  0.805215  0.606095  0.761010  0.796041  0.730732  0.808141  0.664867  0.776858  0.881052 0.0  0.169977  0.754412  0.800220  0.856644  0.281916  0.305131  0.468419  0.280358  0.756283  0.628080  0.154255  0.686241  0.273873  0.220246  0.305024  0.670949  0.476982  0.314810  0.157100  0.724756  0.775677  0.188805  0.539914  0.547956  0.825123  0.845647  0.711235  0.342810  0.785853  0.158111  0.819282  0.258403  0.216323  0.678878  0.735065  0.808215  0.775784  0.479013  0.328942  0.677139  0.168942  0.460115  0.697628  0.811209  0.533187 
16  0.696121  0.606868  0.324661  0.254869  0.271946  0.333834  0.737153  0.838689  0.637089  0.888042  0.758159  0.814849  0.743318  0.676933  0.738919  0.169977 0.0  0.797836  0.778619  0.800966  0.371659  0.291313  0.495470  0.352299  0.780467  0.687749  0.206091  0.733892  0.258925  0.212348  0.294403  0.831773  0.438536  0.288286  0.155936  0.617523  0.836788  0.259141  0.465411  0.521915  0.755750  0.703563  0.697772  0.366287  0.846479  0.195449  0.727922  0.344696  0.246362  0.786031  0.787821  0.795842  0.888274  0.582190  0.342160  0.754308  0.081459  0.495541  0.938273  0.765301  0.505927 
17  0.667589  0.499517  0.764995  0.710599  0.796527  0.725802  0.702896  0.821568  0.727654  0.803333  0.744148  0.223577  0.366601  0.745006  0.720284  0.754412  0.797836 0.0  0.802326  0.795407  0.736997  0.784915  0.718266  0.866349  0.657071  0.672493  0.819779  0.744896  0.800084  0.845433  0.764149  0.239384  0.723309  0.748272  0.776126  0.786931  0.832149  0.732306  0.729678  0.885434  0.744993  0.824223  0.763247  0.720574  0.775994  0.694188  0.764146  0.674291  0.728747  0.671465  0.780516  0.745874  0.205526  0.760543  0.665339  0.736668  0.899451  0.766871  0.888767  0.778492  0.671628 
18  0.608469  0.591221  0.859879  0.732438  0.564750  0.826776  0.215600  0.712608  0.245723  0.609834  0.681655  0.810042  0.757016  0.800598  0.081459  0.800220  0.778619  0.802326 0.0  0.813627  0.708144  0.771660  0.757408  0.701953  0.809949  0.634069  0.690787  0.683048  0.645304  0.667609  0.805702  0.796805  0.743530  0.699785  0.801479  0.711633  0.684088  0.882487  0.846192  0.710711  0.815627  0.680895  0.645595  0.655769  0.769394  0.785324  0.708661  0.600505  0.733198  0.754351  0.779764  0.796063  0.786157  0.802488  0.805386  0.619147  0.673848  0.753571  0.206793  0.207728  0.835427 
19  0.735732  0.490931  0.917783  0.778158  0.818234  0.763007  0.850488  0.603777  0.659177  0.166371  0.731061  0.828108  0.771040  0.166654  0.924534  0.856644  0.800966  0.795407  0.813627 0.0  0.770211  0.805346  0.865912  0.753962  0.678283  0.628199  0.735492  0.848634  0.946843  0.786380  0.732257  0.811341  0.864261  0.927806  0.767968  0.747262  0.151832  0.719130  0.776889  0.706493  0.222045  0.177970  0.568907  0.850453  0.787549  0.757323  0.773049  0.733020  0.755842  0.152522  0.720359  0.260885  0.819619  0.760885  0.778428  0.703063  0.748203  0.872016  0.697575  0.733132  0.751054 
20  0.669179  0.572776  0.300859  0.303951  0.284719  0.134559  0.673617  0.782032  0.807880  0.907232  0.757932  0.829317  0.791630  0.845879  0.655916  0.281916  0.371659  0.736997  0.708144  0.770211 0.0  0.144178  0.558519  0.284873  0.661008  0.611793  0.339797  0.932021  0.293063  0.204436  0.284121  0.780171  0.460391  0.269734  0.254618  0.691592  0.846686  0.234801  0.475767  0.473758  0.695560  0.929748  0.663917  0.129248  0.653793  0.342439  0.583855  0.134956  0.221123  0.722380  0.805714  0.786608  0.784236  0.403114  0.134774  0.763369  0.392459  0.453251  0.686929  0.795920  0.517499 
21  0.633732  0.571041  0.293343  0.290289  0.297683  0.135050  0.790506  0.691784  0.692183  0.768163  0.695677  0.857705  0.784122  0.836376  0.739241  0.305131  0.291313  0.784915  0.771660  0.805346  0.144178 0.0  0.564760  0.286884  0.702734  0.760048  0.321673  0.692056  0.292927  0.239811  0.328952  0.787799  0.464410  0.270536  0.290386  0.901907  0.715808  0.192971  0.523253  0.511032  0.809117  0.709547  0.781051  0.132274  0.827197  0.317207  0.750957  0.134444  0.216494  0.808633  0.768209  0.743519  0.924986  0.565733  0.130642  0.597980  0.320892  0.527772  0.818143  0.754024  0.513886 
22  0.691669  0.564042  0.491075  0.443139  0.520050  0.510422  0.804911  0.833447  0.579083  0.713812  0.711817  0.763776  0.698394  0.874649  0.757442  0.468419  0.495470  0.718266  0.757408  0.865912  0.558519  0.564760 0.0  0.507069  0.671944  0.640889  0.517062  0.727039  0.505085  0.470998  0.551899  0.892390  0.231132  0.506508  0.486485  0.765734  0.733130  0.411944  0.226026  0.345712  0.797094  0.730491  0.710316  0.637318  0.666120  0.529652  0.575027  0.564748  0.362964  0.852837  0.761526  0.786355  0.962532  0.212320  0.575727  0.649690  0.551273  0.361965  0.779397  0.618454  0.127398 
23  0.750912  0.498430  0.288953  0.295307  0.298426  0.303158  0.769071  0.715448  0.780248  0.753493  0.690563  0.774910  0.797748  0.640314  0.707711  0.280358  0.352299  0.866349  0.701953  0.753962  0.284873  0.286884  0.507069 0.0  0.687057  0.676140  0.291378  0.845712  0.287476  0.210836  0.175979  0.807176  0.510955  0.306528  0.297791  0.655834  0.778094  0.203966  0.516002  0.472058  0.819282  0.842950  0.717018  0.282750  0.776407  0.291986  0.801529  0.301270  0.211516  0.795599  0.816235  0.733834  0.790786  0.420088  0.316900  0.693889  0.296566  0.437696  0.823426  0.839540  0.526058 
24  0.639946  0.508492  0.682139  0.760358  0.788697  0.679553  0.712399  0.655401  0.639043  0.695772  0.674784  0.697861  0.665961  0.799156  0.623731  0.756283  0.780467  0.657071  0.809949  0.678283  0.661008  0.702734  0.671944  0.687057 0.0  0.081459  0.622180  0.708759  0.665172  0.691302  0.708469  0.707842  0.740945  0.611281  0.755179  0.792418  0.736921  0.648726  0.657461  0.725427  0.588697  0.716428  0.677708  0.690304  0.583237  0.632343  0.772920  0.612471  0.678380  0.824600  0.658293  0.676594  0.603771  0.712521  0.748475  0.727652  0.700684  0.674633  0.792996  0.661776  0.711092 
25  0.679560  0.566196  0.602976  0.646307  0.763792  0.532124  0.707511  0.678130  0.678817  0.777573  0.690517  0.755323  0.727014  0.667603  0.687445  0.628080  0.687749  0.672493  0.634069  0.628199  0.611793  0.760048  0.640889  0.676140  0.081459 0.0  0.744320  0.678643  0.743511  0.773316  0.658555  0.728814  0.627054  0.680662  0.742506  0.475832  0.717553  0.701635  0.647706  0.704847  0.726450  0.787230  0.658745  0.590641  0.702965  0.692224  0.695821  0.674172  0.644993  0.634842  0.716180  0.579622  0.806571  0.685786  0.616813  0.652613  0.689317  0.671809  0.740516  0.782605  0.750684 
26  0.599484  0.529479  0.279873  0.324638  0.295157  0.371224  0.748771  0.708554  0.722874  0.770694  0.669524  0.837866  0.850142  0.873414  0.788376  0.154255  0.206091  0.819779  0.690787  0.735492  0.339797  0.321673  0.517062  0.291378  0.622180  0.744320 0.0  0.773869  0.263704  0.210580  0.255428  0.902491  0.513102  0.299448  0.159919  0.833279  0.648845  0.226605  0.448322  0.573482  0.854302  0.859040  0.576096  0.312043  0.732864  0.128808  0.718608  0.372342  0.191997  0.810262  0.761405  0.877056  0.756425  0.530089  0.281391  0.675363  0.238280  0.555738  0.788709  0.794687  0.464576 
27  0.597347  0.505366  0.699008  0.709516  0.877766  0.725566  0.837003  0.081459  0.862949  0.629071  0.458909  0.615470  0.807015  0.737716  0.759971  0.686241  0.733892  0.744896  0.683048  0.848634  0.932021  0.692056  0.727039  0.845712  0.708759  0.678643  0.773869 0.0  0.738711  0.778103  0.836948  0.736168  0.657178  0.827015  0.741084  0.434562  0.722797  0.768267  0.724496  0.699698  0.611080  0.727046  0.332670  0.661007  0.226895  0.858774  0.237335  0.739590  0.768727  0.794790  0.487528  0.586374  0.749777  0.715148  0.651321  0.294065  0.751614  0.559793  0.776430  0.760831  0.821491 
28  0.762615  0.522682  0.182215  0.157127  0.081459  0.295330  0.727154  0.748655  0.780402  0.800141  0.715581  0.802275  0.827285  0.812157  0.806780  0.273873  0.258925  0.800084  0.645304  0.946843  0.293063  0.292927  0.505085  0.287476  0.665172  0.743511  0.263704  0.738711 0.0  0.182287  0.285952  0.775028  0.480094  0.160494  0.252076  0.608809  0.594008  0.218665  0.475333  0.532145  0.735106  0.773530  0.808221  0.316252  0.747256  0.288139  0.900015  0.292700  0.212065  0.870944  0.752296  0.844414  0.617501  0.477475  0.302297  0.763222  0.287731  0.472100  0.680892  0.826586  0.463726 
29  0.715359  0.553293  0.226212  0.214608  0.211794  0.196169  0.723675  0.653501  0.714034  0.648780  0.841653  0.713389  0.737317  0.764380  0.854729  0.220246  0.212348  0.845433  0.667609  0.786380  0.204436  0.239811  0.470998  0.210836  0.691302  0.773316  0.210580  0.778103  0.182287 0.0  0.214486  0.600415  0.440459  0.225727  0.229908  0.780811  0.730096  0.236853  0.453593  0.411296  0.727128  0.678530  0.772486  0.201131  0.697231  0.209897  0.685560  0.244253  0.219676  0.762410  0.821819  0.769415  0.744550  0.428829  0.212618  0.672375  0.233314  0.425105  0.701356  0.732910  0.461597 
30  0.648994  0.566057  0.311651  0.263025  0.264294  0.249122  0.690781  0.623782  0.744072  0.887651  0.717197  0.827107  0.702509  0.723690  0.684038  0.305024  0.294403  0.764149  0.805702  0.732257  0.284121  0.328952  0.551899  0.175979  0.708469  0.658555  0.255428  0.836948  0.285952  0.214486 0.0  0.841211  0.518901  0.276766  0.335308  0.839053  0.904430  0.223811  0.465561  0.429434  0.790579  0.800089  0.669580  0.310093  0.634197  0.325970  0.724845  0.293483  0.221719  0.833073  0.766948  0.863678  0.782353  0.510069  0.295848  0.680349  0.307265  0.489206  0.701081  0.795244  0.478263 
31  0.636690  0.515853  0.777858  0.780760  0.789635  0.886231  0.812420  0.755401  0.823608  0.821104  0.696046  0.135570  0.431492  0.811387  0.753141  0.670949  0.831773  0.239384  0.796805  0.811341  0.780171  0.787799  0.892390  0.807176  0.707842  0.728814  0.902491  0.736168  0.775028  0.600415  0.841211 0.0  0.858777  0.716876  0.822546  0.742822  0.802671  0.748205  0.767455  0.771930  0.672226  0.762510  0.695447  0.880341  0.783011  0.794900  0.654027  0.954696  0.865959  0.721384  0.739480  0.795765  0.141114  0.670673  0.791170  0.613324  0.905420  0.865212  0.830616  0.661033  0.818207 
32  0.659411  0.566950  0.521823  0.534617  0.493074  0.550435  0.852619  0.578994  0.693153  0.666153  0.688356  0.692993  0.803003  0.815699  0.702782  0.476982  0.438536  0.723309  0.743530  0.864261  0.460391  0.464410  0.231132  0.510955  0.740945  0.627054  0.513102  0.657178  0.480094  0.440459  0.518901  0.858777 0.0  0.520507  0.489574  0.809773  0.782540  0.441673  0.311385  0.175719  0.630422  0.798903  0.780154  0.473413  0.815115  0.460455  0.760277  0.423591  0.468962  0.736356  0.649583  0.875328  0.779819  0.302191  0.550180  0.663072  0.477617  0.156875  0.824148  0.761551  0.326803 
33  0.640636  0.595189  0.175929  0.176110  0.160411  0.270462  0.736491  0.784060  0.757893  0.764031  0.763029  0.691311  0.750184  0.771119  0.648575  0.314810  0.288286  0.748272  0.699785  0.927806  0.269734  0.270536  0.506508  0.306528  0.611281  0.680662  0.299448  0.827015  0.160494  0.225727  0.276766  0.716876  0.520507 0.0  0.306527  0.816443  0.782632  0.227051  0.514348  0.495486  0.766838  0.826942  0.713282  0.325866  0.639854  0.289017  0.738458  0.285212  0.204935  0.800312  0.665678  0.871233  0.819461  0.527055  0.308713  0.618203  0.251473  0.519795  0.750214  0.741813  0.464390 
34  0.710949  0.616207  0.313485  0.279874  0.300427  0.315978  0.740386  0.710829  0.729455  0.888363  0.790875  0.721730  0.680785  0.791581  0.786132  0.157100  0.155936  0.776126  0.801479  0.767968  0.254618  0.290386  0.486485  0.297791  0.755179  0.742506  0.159919  0.741084  0.252076  0.229908  0.335308  0.822546  0.489574  0.306527 0.0  0.794725  0.743871  0.207150  0.534392  0.516093  0.764464  0.709148  0.677714  0.276545  0.731178  0.173749  0.745327  0.304176  0.221534  0.762328  0.712187  1.000000  0.760402  0.494139  0.318327  0.637998  0.164820  0.496914  0.709283  0.850981  0.521434 
35  0.725771  0.639464  0.756433  0.750447  0.690951  0.783181  0.852367  0.417149  0.786643  0.876243  0.198457  0.887813  0.584264  0.718721  0.723177  0.724756  0.617523  0.786931  0.711633  0.747262  0.691592  0.901907  0.765734  0.655834  0.792418  0.475832  0.833279  0.434562  0.608809  0.780811  0.839053  0.742822  0.809773  0.816443  0.794725 0.0  0.660543  0.731417  0.656837  0.778137  0.615864  0.789424  0.332736  0.789564  0.396252  0.710931  0.473687  0.633615  0.744948  0.803470  0.216241  0.613093  0.611025  0.846732  0.785526  0.293392  0.718294  0.787787  0.864634  0.712616  0.661001 
36  0.764895  0.566775  0.781699  0.810746  0.715228  0.791552  0.805132  0.767446  0.773457  0.104841  0.873983  0.788820  0.813311  0.141604  0.796970  0.775677  0.836788  0.832149  0.684088  0.151832  0.846686  0.715808  0.733130  0.778094  0.736921  0.717553  0.648845  0.722797  0.594008  0.730096  0.904430  0.802671  0.782540  0.782632  0.743871  0.660543 0.0  0.758289  0.783725  0.880350  0.194320  0.134787  0.678329  0.855870  0.704889  0.803729  0.702971  0.809695  0.733261  0.095369  0.727341  0.279744  0.770385  0.738734  0.702875  0.640179  0.686386  0.817618  0.760843  0.756575  0.841632 
37  0.611451  0.498791  0.220221  0.207347  0.201876  0.221224  0.737314  0.773347  0.704656  0.745212  0.736727  0.770889  0.774588  0.879306  0.911628  0.188805  0.259141  0.732306  0.882487  0.719130  0.234801  0.192971  0.411944  0.203966  0.648726  0.701635  0.226605  0.768267  0.218665  0.236853  0.223811  0.748205  0.441673  0.227051  0.207150  0.731417  0.758289 0.0  0.397287  0.460641  0.743075  0.850412  0.702409  0.206273  0.802339  0.252646  0.942151  0.225879  0.231419  0.768402  0.731486  0.661349  0.752904  0.424119  0.229750  0.769200  0.217956  0.415779  0.791861  0.731043  0.485688 
38  0.693399  0.493620  0.477889  0.484891  0.474863  0.580067  0.723705  0.613522  0.782730  0.757051  0.729666  0.843715  0.721992  0.806450  0.877392  0.539914  0.465411  0.729678  0.846192  0.776889  0.475767  0.523253  0.226026  0.516002  0.657461  0.647706  0.448322  0.724496  0.475333  0.453593  0.465561  0.767455  0.311385  0.514348  0.534392  0.656837  0.783725  0.397287 0.0  0.316789  0.829202  0.781452  0.706282  0.449326  0.566201  0.531732  0.629701  0.540411  0.454172  0.859740  0.666798  0.710481  0.820460  0.081459  0.536107  0.715526  0.486972  0.325581  0.640439  0.780762  0.209420 
39  0.844302  0.457742  0.470641  0.478215  0.451573  0.612622  0.780223  0.596422  0.839272  0.702062  0.739538  0.745065  0.727211  0.777028  0.889012  0.547956  0.521915  0.885434  0.710711  0.706493  0.473758  0.511032  0.345712  0.472058  0.725427  0.704847  0.573482  0.699698  0.532145  0.411296  0.429434  0.771930  0.175719  0.495486  0.516093  0.778137  0.880350  0.460641  0.316789 0.0  0.551779  0.750121  0.696572  0.596913  0.911665  0.553791  0.719307  0.444845  0.443719  0.770484  0.793303  0.815443  0.754548  0.310501  0.623780  0.710880  0.477242  0.130461  0.678975  0.738678  0.304551 
40  0.589962  0.562421  0.760556  0.801436  0.720702  0.716272  0.715325  0.665708  0.744096  0.203627  0.856402  0.701098  0.747077  0.244987  0.617324  0.825123  0.755750  0.744993  0.815627  0.222045  0.695560  0.809117  0.797094  0.819282  0.588697  0.726450  0.854302  0.611080  0.735106  0.727128  0.790579  0.672226  0.630422  0.766838  0.764464  0.615864  0.194320  0.743075  0.829202  0.551779 0.0  0.251999  0.670284  0.793145  0.686845  0.660085  0.786859  0.723422  0.851227  0.206073  0.678469  0.221720  0.805618  0.771283  0.860405  0.722773  0.670105  0.705014  0.805052  0.861484  0.600046 
41  0.674819  0.566411  0.679277  0.775762  0.774352  0.793245  0.859577  0.781488  0.797721  0.132216  0.792990  0.711190  0.741325  0.096426  0.678860  0.845647  0.703563  0.824223  0.680895  0.177970  0.929748  0.709547  0.730491  0.842950  0.716428  0.787230  0.859040  0.727046  0.773530  0.678530  0.800089  0.762510  0.798903  0.826942  0.709148  0.789424  0.134787  0.850412  0.781452  0.750121  0.251999 0.0  0.680779  0.878422  0.791067  0.922087  0.778300  0.711685  0.699604  0.146755  0.695810  0.274720  0.655516  0.708044  0.827583  0.774211  0.812965  0.769954  0.727528  0.795552  0.795299 
42  0.747464  0.558777  0.755078  0.742279  0.649144  0.642523  0.716995  0.366918  0.679088  0.599074  0.332518  0.711773  0.767527  0.744565  0.599243  0.711235  0.697772  0.763247  0.645595  0.568907  0.663917  0.781051  0.710316  0.717018  0.677708  0.658745  0.576096  0.332670  0.808221  0.772486  0.669580  0.695447  0.780154  0.713282  0.677714  0.332736  0.678329  0.702409  0.706282  0.696572  0.670284  0.680779 0.0  0.748249  0.248425  0.794343  0.332017  0.617262  0.707344  0.606106  0.334645  0.738536  0.674174  0.741915  0.605717  0.081459  0.657188  0.694007  0.709439  0.608168  0.620075 
43  0.641659  0.490456  0.292532  0.287823  0.290222  0.081459  0.740275  0.770161  0.769267  0.717031  0.685657  0.773579  0.715046  0.769205  0.823532  0.342810  0.366287  0.720574  0.655769  0.850453  0.129248  0.132274  0.637318  0.282750  0.690304  0.590641  0.312043  0.661007  0.316252  0.201131  0.310093  0.880341  0.473413  0.325866  0.276545  0.789564  0.855870  0.206273  0.449326  0.596913  0.793145  0.878422  0.748249 0.0  0.752909  0.343921  0.729408  0.081459  0.217589  0.836750  0.883550  0.722647  0.886114  0.514120  0.131286  0.714225  0.276383  0.489333  0.697920  0.732668  0.564220 
44  0.670884  0.589991  0.736611  0.748095  0.770938  0.806152  0.805227  0.216129  0.775846  0.807832  0.417286  0.760523  0.693814  0.610130  0.641656  0.785853  0.846479  0.775994  0.769394  0.787549  0.653793  0.827197  0.666120  0.776407  0.583237  0.702965  0.732864  0.226895  0.747256  0.697231  0.634197  0.783011  0.815115  0.639854  0.731178  0.396252  0.704889  0.802339  0.566201  0.911665  0.686845  0.791067  0.248425  0.752909 0.0  0.862559  0.081459  0.859970  0.715465  0.767795  0.479776  0.830714  0.680322  0.704587  0.709545  0.348944  0.697057  0.649204  0.877625  0.791441  0.563328 
45  0.643554  0.562198  0.286734  0.296766  0.279106  0.296821  0.771489  0.752583  0.754154  0.809281  0.803343  0.892939  0.738579  0.781634  0.736247  0.158111  0.195449  0.694188  0.785324  0.757323  0.342439  0.317207  0.529652  0.291986  0.632343  0.692224  0.128808  0.858774  0.288139  0.209897  0.325970  0.794900  0.460455  0.289017  0.173749  0.710931  0.803729  0.252646  0.531732  0.553791  0.660085  0.922087  0.794343  0.343921  0.862559 0.0  0.771020  0.334996  0.201006  0.868752  0.732496  0.786211  0.754626  0.504485  0.282140  0.635031  0.216840  0.511400  0.816189  0.714849  0.502842 
46  0.623082  0.629404  0.766391  0.785438  0.726859  0.699422  0.771754  0.204248  0.739916  0.782797  0.427800  0.775799  0.727447  0.710466  0.778971  0.819282  0.727922  0.764146  0.708661  0.773049  0.583855  0.750957  0.575027  0.801529  0.772920  0.695821  0.718608  0.237335  0.900015  0.685560  0.724845  0.654027  0.760277  0.738458  0.745327  0.473687  0.702971  0.942151  0.629701  0.719307  0.786859  0.778300  0.332017  0.729408  0.081459  0.771020 0.0  0.775089  0.741724  0.710971  0.384690  0.834120  0.752166  0.682052  0.884362  0.348132  0.689627  0.753119  0.824640  0.839105  0.596556 
47  0.610278  0.506140  0.310738  0.276094  0.294210  0.081459  0.698339  0.792658  0.624952  0.836337  0.776821  0.736503  0.796648  0.812313  0.691746  0.258403  0.344696  0.674291  0.600505  0.733020  0.134956  0.134444  0.564748  0.301270  0.612471  0.674172  0.372342  0.739590  0.292700  0.244253  0.293483  0.954696  0.423591  0.285212  0.304176  0.633615  0.809695  0.225879  0.540411  0.444845  0.723422  0.711685  0.617262  0.081459  0.859970  0.334996  0.775089 0.0  0.250745  0.851463  0.786164  0.897644  0.867861  0.544471  0.128929  0.692538  0.346779  0.461212  0.681036  0.721035  0.475204 
48  0.705117  0.569592  0.196205  0.225879  0.227000  0.213764  0.733391  0.616026  0.772130  0.779044  0.701594  0.626170  0.949098  0.712694  0.904575  0.216323  0.246362  0.728747  0.733198  0.755842  0.221123  0.216494  0.362964  0.211516  0.678380  0.644993  0.191997  0.768727  0.212065  0.219676  0.221719  0.865959  0.468962  0.204935  0.221534  0.744948  0.733261  0.231419  0.454172  0.443719  0.851227  0.699604  0.707344  0.217589  0.715465  0.201006  0.741724  0.250745 0.0  0.720911  0.741176  0.741352  0.773501  0.447692  0.230874  0.779009  0.215657  0.475471  0.833151  0.768712  0.388645 
49  0.758448  0.563822  0.825288  0.804448  0.740245  0.757831  0.672531  0.832275  0.646528  0.102253  0.751309  0.897049  0.690569  0.149432  0.715282  0.678878  0.786031  0.671465  0.754351  0.152522  0.722380  0.808633  0.852837  0.795599  0.824600  0.634842  0.810262  0.794790  0.870944  0.762410  0.833073  0.721384  0.736356  0.800312  0.762328  0.803470  0.095369  0.768402  0.859740  0.770484  0.206073  0.146755  0.606106  0.836750  0.767795  0.868752  0.710971  0.851463  0.720911 0.0  0.704441  0.275924  0.717442  0.824217  0.890202  0.582598  0.802967  0.910358  0.736968  0.765839  0.845461 
50  0.655011  0.561855  0.811094  0.745914  0.659796  0.722054  0.774429  0.433867  0.741967  0.647583  0.231342  0.721611  0.566889  0.760373  0.850297  0.735065  0.787821  0.780516  0.779764  0.720359  0.805714  0.768209  0.761526  0.816235  0.658293  0.716180  0.761405  0.487528  0.752296  0.821819  0.766948  0.739480  0.649583  0.665678  0.712187  0.216241  0.727341  0.731486  0.666798  0.793303  0.678469  0.695810  0.334645  0.883550  0.479776  0.732496  0.384690  0.786164  0.741176  0.704441 0.0  0.747685  0.844074  0.717280  0.673721  0.330590  0.780444  0.773290  0.777129  0.752491  0.885486 
51  0.660559  0.515537  0.730021  0.772451  0.728555  0.807220  0.720071  0.704962  0.779419  0.311273  0.652034  0.852353  0.699151  0.329185  0.690338  0.808215  0.795842  0.745874  0.796063  0.260885  0.786608  0.743519  0.786355  0.733834  0.676594  0.579622  0.877056  0.586374  0.844414  0.769415  0.863678  0.795765  0.875328  0.871233  1.000000  0.613093  0.279744  0.661349  0.710481  0.815443  0.221720  0.274720  0.738536  0.722647  0.830714  0.786211  0.834120  0.897644  0.741352  0.275924  0.747685 0.0  0.897864  0.731057  0.806457  0.687575  0.798840  0.639174  0.782756  0.897865  0.723222 
52  0.694366  0.525661  0.742641  0.809850  0.701760  0.854415  0.718885  0.812490  0.722776  0.885814  0.772154  0.132120  0.403901  0.845101  0.738458  0.775784  0.888274  0.205526  0.786157  0.819619  0.784236  0.924986  0.962532  0.790786  0.603771  0.806571  0.756425  0.749777  0.617501  0.744550  0.782353  0.141114  0.779819  0.819461  0.760402  0.611025  0.770385  0.752904  0.820460  0.754548  0.805618  0.655516  0.674174  0.886114  0.680322  0.754626  0.752166  0.867861  0.773501  0.717442  0.844074  0.897864 0.0  0.842417  0.799694  0.750246  0.876945  0.897922  0.841428  0.677875  0.818712 
53  0.688966  0.561654  0.484140  0.476399  0.524346  0.519731  0.693494  0.713014  0.799177  0.880670  0.748599  0.804370  0.782447  0.693147  0.724468  0.479013  0.582190  0.760543  0.802488  0.760885  0.403114  0.565733  0.212320  0.420088  0.712521  0.685786  0.530089  0.715148  0.477475  0.428829  0.510069  0.670673  0.302191  0.527055  0.494139  0.846732  0.738734  0.424119  0.081459  0.310501  0.771283  0.708044  0.741915  0.514120  0.704587  0.504485  0.682052  0.544471  0.447692  0.824217  0.717280  0.731057  0.842417 0.0  0.521688  0.630193  0.468288  0.359610  0.827998  0.736676  0.219667 
54  0.705907  0.559819  0.280962  0.298644  0.280241  0.139545  0.758984  0.740350  0.859601  0.695575  0.738342  0.732906  0.757425  0.792115  0.749812  0.328942  0.342160  0.665339  0.805386  0.778428  0.134774  0.130642  0.575727  0.316900  0.748475  0.616813  0.281391  0.651321  0.302297  0.212618  0.295848  0.791170  0.550180  0.308713  0.318327  0.785526  0.702875  0.229750  0.536107  0.623780  0.860405  0.827583  0.605717  0.131286  0.709545  0.282140  0.884362  0.128929  0.230874  0.890202  0.673721  0.806457  0.799694  0.521688 0.0  0.619650  0.306659  0.536695  0.699742  0.670440  0.507739 
55  0.691650  0.630468  0.690236  0.598982  0.737454  0.554066  0.746668  0.301125  0.737787  0.662106  0.332264  0.741361  0.660308  0.699994  0.626636  0.677139  0.754308  0.736668  0.619147  0.703063  0.763369  0.597980  0.649690  0.693889  0.727652  0.652613  0.675363  0.294065  0.763222  0.672375  0.680349  0.613324  0.663072  0.618203  0.637998  0.293392  0.640179  0.769200  0.715526  0.710880  0.722773  0.774211  0.081459  0.714225  0.348944  0.635031  0.348132  0.692538  0.779009  0.582598  0.330590  0.687575  0.750246  0.630193  0.619650 0.0  0.646398  0.642373  0.682957  0.588205  0.624258 
56  0.753440  0.588127  0.260438  0.279496  0.302786  0.356817  0.750259  0.671624  0.758985  0.915259  0.684998  0.781391  0.772311  0.781064  0.732723  0.168942  0.081459  0.899451  0.673848  0.748203  0.392459  0.320892  0.551273  0.296566  0.700684  0.689317  0.238280  0.751614  0.287731  0.233314  0.307265  0.905420  0.477617  0.251473  0.164820  0.718294  0.686386  0.217956  0.486972  0.477242  0.670105  0.812965  0.657188  0.276383  0.697057  0.216840  0.689627  0.346779  0.215657  0.802967  0.780444  0.798840  0.876945  0.468288  0.306659  0.646398 0.0  0.523414  0.804546  0.762067  0.625317 
57  0.639399  0.583515  0.511249  0.461673  0.445573  0.476965  0.733635  0.568179  0.732658  0.755354  0.771211  0.782501  0.754939  0.836146  0.714726  0.460115  0.495541  0.766871  0.753571  0.872016  0.453251  0.527772  0.361965  0.437696  0.674633  0.671809  0.555738  0.559793  0.472100  0.425105  0.489206  0.865212  0.156875  0.519795  0.496914  0.787787  0.817618  0.415779  0.325581  0.130461  0.705014  0.769954  0.694007  0.489333  0.649204  0.511400  0.753119  0.461212  0.475471  0.910358  0.773290  0.639174  0.897922  0.359610  0.536695  0.642373  0.523414 0.0  0.655934  0.643722  0.337175 
58  0.748990  0.587363  0.681950  0.788910  0.697496  0.866437  0.081459  0.817988  0.081459  0.708441  0.862782  0.716486  0.818219  0.796274  0.242167  0.697628  0.938273  0.888767  0.206793  0.697575  0.686929  0.818143  0.779397  0.823426  0.792996  0.740516  0.788709  0.776430  0.680892  0.701356  0.701081  0.830616  0.824148  0.750214  0.709283  0.864634  0.760843  0.791861  0.640439  0.678975  0.805052  0.727528  0.709439  0.697920  0.877625  0.816189  0.824640  0.681036  0.833151  0.736968  0.777129  0.782756  0.841428  0.827998  0.699742  0.682957  0.804546  0.655934 0.0  0.081459  0.695480 
59  0.705654  0.579088  0.735823  0.706230  0.753086  0.749876  0.081459  0.735472  0.081459  0.787082  0.912275  0.681861  0.761708  0.808938  0.205146  0.811209  0.765301  0.778492  0.207728  0.733132  0.795920  0.754024  0.618454  0.839540  0.661776  0.782605  0.794687  0.760831  0.826586  0.732910  0.795244  0.661033  0.761551  0.741813  0.850981  0.712616  0.756575  0.731043  0.780762  0.738678  0.861484  0.795552  0.608168  0.732668  0.791441  0.714849  0.839105  0.721035  0.768712  0.765839  0.752491  0.897865  0.677875  0.736676  0.670440  0.588205  0.762067  0.643722  0.081459 0.0  0.765838 
60  0.743006  0.530579  0.492906  0.458126  0.508511  0.473444  0.826111  0.759206  0.742730  0.797907  0.758493  0.918632  0.798450  0.817344  0.905020  0.533187  0.505927  0.671628  0.835427  0.751054  0.517499  0.513886  0.127398  0.526058  0.711092  0.750684  0.464576  0.821491  0.463726  0.461597  0.478263  0.818207  0.326803  0.464390  0.521434  0.661001  0.841632  0.485688  0.209420  0.304551  0.600046  0.795299  0.620075  0.564220  0.563328  0.502842  0.596556  0.475204  0.388645  0.845461  0.885486  0.723222  0.818712  0.219667  0.507739  0.624258  0.625317  0.337175  0.695480  0.765838 0.0 
