73
0 0.0  0.534479  0.445422  0.617012  0.453043  0.734055  0.422096  0.492832  0.833525  0.444924  0.747848  0.476433  0.696696  0.450522  0.793432  0.497118  0.770299  0.615892  0.536848  0.471318  0.804160  0.655752  0.101565  0.848445  0.370034  0.692037  0.549761  0.712613  0.643127  0.459364  0.380468  0.769334  0.756756  0.522612  0.504589  0.448297  0.441784  0.757039  0.441981  0.597160  0.446672  0.810168  0.478074  0.786462  0.467571  0.531692  0.732761  0.718338  0.455961  0.408105  0.094917  0.712797  0.763046  0.111568  0.420880  0.771966  0.931373  0.446682  0.663476  0.791120  0.678629  0.655937  0.525534  0.794445  0.124736  0.467948  0.388026  0.591686  0.401598  0.545498  0.460027  0.720642  0.465452 
1  0.534479 0.0  0.126148  0.220724  0.063570  0.417845  0.102528  0.529727  0.383857  0.462456  0.250587  0.596927  0.309771  0.135679  0.403530  0.099155  0.486891  0.316584  0.127797  0.100989  0.355792  0.098095  0.569738  0.477884  0.338293  0.155934  0.063565  0.709688  0.612941  0.495842  0.089788  0.313754  0.287547  0.136708  0.175565  0.167501  0.120295  0.384696  0.202900  0.180960  0.142825  0.416241  0.150328  0.357105  0.114492  0.079788  0.397876  0.323390  0.261128  0.121227  0.528393  0.354655  0.430066  0.621625  0.119471  0.401646  0.336671  0.202156  0.383085  0.406246  0.326948  0.205802  0.487507  0.468048  0.566774  0.198249  0.520373  0.188567  0.490125  0.237521  0.019946  0.186987  0.058441 
2  0.445422  0.126148 0.0  0.364639  0.012317  0.359275  0.132748  0.514281  0.395890  0.560473  0.234602  0.489667  0.206305  0.139184  0.313462  0.158312  0.326186  0.363381  0.171899  0.078075  0.503385  0.093490  0.512704  0.476676  0.302441  0.189342  0.026540  0.612186  0.583148  0.514192  0.275766  0.248878  0.431225  0.037358  0.056303  0.201525  0.058473  0.467408  0.253631  0.114978  0.319224  0.398977  0.222412  0.487366  0.230322  0.253702  0.379165  0.266402  0.079693  0.104098  0.602700  0.246665  0.501891  0.599160  0.036075  0.441016  0.301430  0.148899  0.444192  0.380291  0.190974  0.257306  0.770028  0.549851  0.625244  0.027873  0.493691  0.109592  0.356173  0.164763  0.180368  0.193832  0.171417 
3  0.617012  0.220724  0.364639 0.0  0.247517  0.252536  0.201110  0.737291  0.127030  0.736616  0.179679  0.694876  0.277378  0.276625  0.352705  0.303833  0.336443  0.242457  0.250640  0.356790  0.312626  0.317949  0.681478  0.368123  0.512611  0.239669  0.270627  0.661088  0.691167  0.599536  0.339455  0.201926  0.261964  0.203369  0.251515  0.360935  0.241648  0.327726  0.261250  0.284588  0.193604  0.255030  0.295831  0.277148  0.293353  0.256180  0.245952  0.234990  0.224691  0.184519  0.696797  0.375613  0.206434  0.665071  0.220118  0.173995  0.220180  0.282377  0.290809  0.249701  0.218274  0.255560  0.651012  0.224695  0.720953  0.245653  0.427909  0.361192  0.708021  0.238784  0.227582  0.241210  0.184885 
4  0.453043  0.063570  0.012317  0.247517 0.0  0.299352  0.205112  0.548947  0.439260  0.465997  0.256308  0.649451  0.274527  0.167722  0.338897  0.175976  0.404140  0.262370  0.053155  0.207053  0.347899  0.072964  0.613640  0.339603  0.394114  0.053879  0.170631  0.727418  0.540333  0.310517  0.024025  0.290382  0.364736  0.065835  0.127640  0.151680  0.180634  0.355943  0.113487  0.093910  0.143110  0.239412  0.000000  0.404263  0.131894  0.071628  0.287907  0.266006  0.282296  0.140284  0.721293  0.224869  0.245617  0.505547  0.198646  0.258114  0.291960  0.037477  0.445443  0.359977  0.354649  0.263554  0.295908  0.367573  0.460775  0.217369  0.424576  0.200494  0.473718  0.117621  0.164096  0.133403  0.048020 
5  0.734055  0.417845  0.359275  0.252536  0.299352 0.0  0.260526  0.806957  0.336194  0.827586  0.199245  0.772351  0.340411  0.317426  0.387387  0.358956  0.194861  0.170263  0.289681  0.330219  0.230078  0.410022  0.739867  0.439987  0.585329  0.344260  0.305628  0.611984  0.690312  0.694087  0.335089  0.314877  0.309752  0.404663  0.455242  0.432128  0.330159  0.309786  0.283963  0.345258  0.322676  0.273941  0.443684  0.417350  0.287264  0.303064  0.329223  0.302757  0.303525  0.271111  0.782087  0.222428  0.350293  0.664885  0.331856  0.399264  0.104893  0.223219  0.379075  0.249360  0.316285  0.305566  0.718799  0.306883  0.751153  0.355044  0.505034  0.292376  0.835303  0.397692  0.319012  0.328849  0.182186 
6  0.422096  0.102528  0.132748  0.201110  0.205112  0.260526 0.0  0.546771  0.421474  0.479997  0.125595  0.540314  0.369070  0.153706  0.377291  0.144763  0.383019  0.246888  0.000000  0.169530  0.326146  0.115807  0.539549  0.363549  0.415263  0.109761  0.108733  0.706777  0.489058  0.505852  0.146423  0.209635  0.270465  0.000000  0.046593  0.046670  0.199739  0.246803  0.099061  0.078813  0.018562  0.350529  0.154673  0.410880  0.062630  0.063945  0.329565  0.323452  0.215001  0.216531  0.542947  0.304275  0.347218  0.533336  0.214956  0.413430  0.393905  0.080581  0.307326  0.357674  0.232010  0.245490  0.466069  0.336202  0.489230  0.169768  0.252998  0.162660  0.452046  0.156629  0.121373  0.113827  0.063279 
7  0.492832  0.529727  0.514281  0.737291  0.548947  0.806957  0.546771 0.0  0.844417  0.123844  0.691919  0.085555  0.767114  0.588788  0.796317  0.544908  0.844132  0.688711  0.552738  0.489885  0.762829  0.595283  0.549284  0.811837  0.419712  0.480596  0.523768  0.306558  0.163449  0.106874  0.501861  0.633384  0.777295  0.477809  0.461940  0.537654  0.646524  0.913272  0.519104  0.549128  0.505328  0.813604  0.414826  0.885951  0.520447  0.483088  0.728709  0.591648  0.510019  0.643290  0.511101  0.712595  0.791234  0.513038  0.398375  0.835077  0.736137  0.590314  0.781471  0.833446  0.669929  0.646486  0.129709  0.787323  0.518940  0.504626  0.535274  0.496299  0.119088  0.495000  0.551127  0.562399  0.575159 
8  0.833525  0.383857  0.395890  0.127030  0.439260  0.336194  0.421474  0.844417 0.0  0.848149  0.287597  0.798409  0.289481  0.366020  0.167038  0.368726  0.359950  0.284641  0.398281  0.420145  0.130891  0.338166  0.805584  0.160992  0.568410  0.425543  0.385573  0.801233  0.821565  0.824608  0.386530  0.336270  0.131431  0.464048  0.354320  0.212680  0.362595  0.175924  0.426538  0.360973  0.422072  0.338051  0.394530  0.087393  0.325668  0.459526  0.187933  0.283136  0.308330  0.367824  0.718732  0.227078  0.049434  0.762670  0.385389  0.235316  0.382178  0.373390  0.114009  0.353874  0.276191  0.182451  0.792459  0.260024  0.842919  0.360557  0.465604  0.260658  0.740356  0.400960  0.431722  0.401433  0.434794 
9  0.444924  0.462456  0.560473  0.736616  0.465997  0.827586  0.479997  0.123844  0.848149 0.0  0.708756  0.035401  0.724990  0.537336  0.854163  0.500146  0.763038  0.695091  0.580036  0.432094  0.947950  0.507447  0.487466  0.838890  0.306684  0.426433  0.343575  0.157393  0.029946  0.268373  0.573309  0.592959  0.876507  0.502737  0.525834  0.647497  0.425181  0.898087  0.664047  0.653380  0.619339  0.787162  0.590908  1.000000  0.649433  0.570180  0.887654  0.634109  0.420785  0.395287  0.515730  0.694109  0.841903  0.661236  0.506987  0.788400  0.743002  0.667592  0.996146  0.807807  0.676643  0.591186  0.149561  0.883999  0.562214  0.366583  0.407263  0.446746  0.053066  0.588393  0.458466  0.417358  0.486493 
10  0.747848  0.250587  0.234602  0.179679  0.256308  0.199245  0.125595  0.691919  0.287597  0.708756 0.0  0.640300  0.122843  0.223801  0.238587  0.384073  0.382264  0.315037  0.259311  0.224963  0.319834  0.280522  0.628846  0.298872  0.393215  0.275751  0.296381  0.630048  0.691563  0.643318  0.372843  0.227302  0.301352  0.272206  0.281064  0.242513  0.275127  0.299415  0.312046  0.345991  0.295145  0.203787  0.233091  0.162398  0.263628  0.186867  0.296225  0.327140  0.294735  0.353516  0.639394  0.173248  0.172603  0.647880  0.202041  0.315251  0.362201  0.230399  0.231021  0.322309  0.284872  0.230441  0.733457  0.256259  0.684033  0.265655  0.391855  0.229932  0.549795  0.228629  0.256047  0.312982  0.309330 
11  0.476433  0.596927  0.489667  0.694876  0.649451  0.772351  0.540314  0.085555  0.798409  0.035401  0.640300 0.0  0.676492  0.520898  0.823372  0.462179  0.743746  0.575928  0.471298  0.597260  0.656827  0.471240  0.583230  0.696887  0.291229  0.516044  0.508601  0.216399  0.200420  0.058715  0.484599  0.750447  0.732876  0.508661  0.449166  0.559560  0.675922  0.684806  0.612417  0.537403  0.469773  0.609868  0.536916  0.824274  0.515327  0.544382  0.646835  0.737071  0.604314  0.618382  0.476166  0.730417  0.753427  0.419353  0.569149  0.704203  0.750942  0.458747  0.708397  0.655678  0.668018  0.568644  0.020324  0.598061  0.466203  0.608284  0.501163  0.476912  0.057872  0.470385  0.646114  0.456938  0.449891 
12  0.696696  0.309771  0.206305  0.277378  0.274527  0.340411  0.369070  0.767114  0.289481  0.724990  0.122843  0.676492 0.0  0.288716  0.304331  0.306386  0.116583  0.320232  0.358374  0.220317  0.240718  0.216089  0.679375  0.350356  0.453757  0.309286  0.343895  0.610031  0.669901  0.680217  0.218073  0.318359  0.301278  0.328630  0.235393  0.295955  0.229351  0.250378  0.247266  0.320557  0.225228  0.331766  0.350475  0.345879  0.214064  0.301946  0.380908  0.179557  0.233954  0.350687  0.702835  0.301539  0.362166  0.554955  0.245494  0.295356  0.274585  0.231767  0.109829  0.279730  0.272412  0.319205  0.573496  0.285333  0.626565  0.226104  0.540347  0.147836  0.573825  0.250837  0.296273  0.147175  0.209911 
13  0.450522  0.135679  0.139184  0.276625  0.167722  0.317426  0.153706  0.588788  0.366020  0.537336  0.223801  0.520898  0.288716 0.0  0.406026  0.284337  0.250509  0.274532  0.116776  0.103204  0.483693  0.288414  0.520522  0.442083  0.328823  0.027046  0.110260  0.660493  0.483300  0.631507  0.141338  0.266185  0.497070  0.033754  0.000000  0.145846  0.162299  0.427953  0.265057  0.185045  0.125426  0.301911  0.232175  0.444648  0.383832  0.209654  0.515983  0.271951  0.043769  0.128980  0.583112  0.304589  0.434476  0.475492  0.132767  0.446240  0.243396  0.167273  0.374476  0.355457  0.302087  0.262219  0.651650  0.544230  0.603999  0.000000  0.399258  0.027780  0.399296  0.216091  0.020859  0.019895  0.151357 
14  0.793432  0.403530  0.313462  0.352705  0.338897  0.387387  0.377291  0.796317  0.167038  0.854163  0.238587  0.823372  0.304331  0.406026 0.0  0.439701  0.314748  0.233773  0.341862  0.324256  0.101636  0.437990  0.823690  0.178093  0.647683  0.428610  0.301333  0.734190  0.704930  0.803253  0.315778  0.234610  0.187803  0.389933  0.324981  0.317099  0.460792  0.176145  0.455642  0.423237  0.479168  0.385402  0.457972  0.068375  0.295867  0.397829  0.147383  0.254181  0.447263  0.383349  0.873199  0.270481  0.262497  0.762837  0.385833  0.167298  0.380621  0.459702  0.091063  0.458304  0.308199  0.199915  0.891399  0.141533  0.786873  0.388154  0.507284  0.356650  0.858823  0.428782  0.438738  0.270341  0.286167 
15  0.497118  0.099155  0.158312  0.303833  0.175976  0.358956  0.144763  0.544908  0.368726  0.500146  0.384073  0.462179  0.306386  0.284337  0.439701 0.0  0.283634  0.202868  0.147543  0.012367  0.491836  0.209397  0.494844  0.393689  0.269287  0.000000  0.000000  0.781239  0.538909  0.520968  0.089023  0.419764  0.497032  0.023873  0.097563  0.161962  0.087800  0.628357  0.214389  0.275106  0.231113  0.307043  0.163195  0.571248  0.207623  0.217733  0.486259  0.203840  0.047853  0.122396  0.609363  0.111814  0.366767  0.571917  0.108109  0.460495  0.306480  0.185710  0.481084  0.304528  0.274037  0.187709  0.606575  0.452846  0.596719  0.019646  0.507450  0.042713  0.376798  0.123244  0.042102  0.118958  0.215879 
16  0.770299  0.486891  0.326186  0.336443  0.404140  0.194861  0.383019  0.844132  0.359950  0.763038  0.382264  0.743746  0.116583  0.250509  0.314748  0.283634 0.0  0.412730  0.239380  0.260280  0.328367  0.357818  0.825859  0.324883  0.578267  0.371213  0.314005  0.657943  0.722307  0.876160  0.389651  0.208495  0.287801  0.395999  0.412193  0.265520  0.341963  0.353669  0.378549  0.405737  0.316219  0.114583  0.370015  0.365505  0.378536  0.319829  0.268564  0.216024  0.242112  0.378974  0.911978  0.177626  0.255152  0.725040  0.291784  0.352561  0.042254  0.426218  0.376513  0.156497  0.287893  0.228174  0.741457  0.308476  0.646289  0.344963  0.458420  0.391053  0.771165  0.563216  0.360455  0.396594  0.342121 
17  0.615892  0.316584  0.363381  0.242457  0.262370  0.170263  0.246888  0.688711  0.284641  0.695091  0.315037  0.575928  0.320232  0.274532  0.233773  0.202868  0.412730 0.0  0.289944  0.175026  0.199268  0.224547  0.664698  0.334953  0.436949  0.240651  0.213557  0.620523  0.614427  0.649705  0.258934  0.281993  0.334320  0.210425  0.342711  0.322276  0.280250  0.205001  0.343740  0.252685  0.201588  0.386469  0.261084  0.338655  0.219373  0.168653  0.190361  0.127702  0.225631  0.159996  0.653326  0.118081  0.217762  0.717041  0.307093  0.276436  0.509708  0.308355  0.274563  0.239261  0.291193  0.198767  0.559120  0.234065  0.666803  0.254024  0.499908  0.256146  0.705775  0.302648  0.260429  0.250609  0.230608 
18  0.536848  0.127797  0.171899  0.250640  0.053155  0.289681  0.000000  0.552738  0.398281  0.580036  0.259311  0.471298  0.358374  0.116776  0.341862  0.147543  0.239380  0.289944 0.0  0.007239  0.406838  0.152905  0.475266  0.407136  0.357617  0.191507  0.050409  0.666610  0.532681  0.681947  0.205159  0.191359  0.409307  0.174128  0.111661  0.247654  0.145968  0.497478  0.283332  0.190631  0.165798  0.453217  0.192646  0.459127  0.063229  0.201345  0.472788  0.325684  0.028379  0.029907  0.543694  0.222383  0.510695  0.638452  0.098730  0.374787  0.349292  0.150919  0.469902  0.337755  0.303672  0.152330  0.492220  0.330015  0.580021  0.124056  0.564940  0.000000  0.504594  0.062796  0.129559  0.112943  0.152009 
19  0.471318  0.100989  0.078075  0.356790  0.207053  0.330219  0.169530  0.489885  0.420145  0.432094  0.224963  0.597260  0.220317  0.103204  0.324256  0.012367  0.260280  0.175026  0.007239 0.0  0.330681  0.099976  0.600513  0.342964  0.327542  0.029761  0.046004  0.598636  0.607665  0.542634  0.064200  0.205773  0.352651  0.071196  0.031717  0.000000  0.130961  0.386580  0.046242  0.157953  0.057632  0.351803  0.089002  0.305992  0.152952  0.038003  0.284622  0.241397  0.279916  0.121985  0.648898  0.422982  0.391646  0.384135  0.312661  0.346350  0.448991  0.172135  0.309843  0.214464  0.308456  0.237327  0.589174  0.317786  0.434534  0.259219  0.341028  0.173776  0.469277  0.175715  0.201585  0.015484  0.095627 
20  0.804160  0.355792  0.503385  0.312626  0.347899  0.230078  0.326146  0.762829  0.130891  0.947950  0.319834  0.656827  0.240718  0.483693  0.101636  0.491836  0.328367  0.199268  0.406838  0.330681 0.0  0.578720  0.708649  0.185828  0.652107  0.336400  0.333844  0.627578  0.786383  0.810750  0.455698  0.293873  0.221357  0.248224  0.234031  0.558212  0.365693  0.247620  0.533735  0.412076  0.446140  0.282587  0.513365  0.202526  0.481296  0.358414  0.211461  0.326611  0.375738  0.370424  0.751840  0.263559  0.092765  0.871987  0.359609  0.151003  0.372798  0.413380  0.224943  0.387861  0.318343  0.346347  0.953230  0.239565  0.820013  0.385071  0.534110  0.331953  0.784069  0.438309  0.412060  0.286410  0.407703 
21  0.655752  0.098095  0.093490  0.317949  0.072964  0.410022  0.115807  0.595283  0.338166  0.507447  0.280522  0.471240  0.216089  0.288414  0.437990  0.209397  0.357818  0.224547  0.152905  0.099976  0.578720 0.0  0.499815  0.329660  0.364877  0.189648  0.049404  0.698784  0.569126  0.579870  0.007527  0.186202  0.371899  0.202269  0.131509  0.119343  0.111161  0.405906  0.113452  0.030553  0.136353  0.449755  0.189420  0.445317  0.150366  0.078876  0.429174  0.336668  0.241131  0.069545  0.504957  0.338860  0.484898  0.548164  0.116084  0.419677  0.512896  0.134866  0.305108  0.372774  0.176187  0.235148  0.482231  0.375752  0.517369  0.133981  0.557364  0.170927  0.515533  0.205571  0.194423  0.154704  0.064816 
22  0.101565  0.569738  0.512704  0.681478  0.613640  0.739867  0.539549  0.549284  0.805584  0.487466  0.628846  0.583230  0.679375  0.520522  0.823690  0.494844  0.825859  0.664698  0.475266  0.600513  0.708649  0.499815 0.0  0.725754  0.342671  0.522072  0.492260  0.621753  0.505899  0.529777  0.554059  0.671984  0.866320  0.405249  0.448662  0.461330  0.646199  0.735678  0.472616  0.495867  0.402889  0.776110  0.523053  0.696337  0.498488  0.326644  0.657372  0.617241  0.533105  0.561537  0.000000  0.644865  0.835701  0.042741  0.626499  0.736014  0.702094  0.448487  0.652424  0.750688  0.598649  0.640209  0.409436  0.746627  0.050868  0.564848  0.567459  0.575311  0.369964  0.569353  0.535861  0.471189  0.428816 
23  0.848445  0.477884  0.476676  0.368123  0.339603  0.439987  0.363549  0.811837  0.160992  0.838890  0.298872  0.696887  0.350356  0.442083  0.178093  0.393689  0.324883  0.334953  0.407136  0.342964  0.185828  0.329660  0.725754 0.0  0.612114  0.351045  0.261043  0.706270  0.882424  0.895304  0.499232  0.273991  0.255261  0.346264  0.289806  0.463082  0.279429  0.227525  0.445436  0.469101  0.544843  0.278111  0.430331  0.203169  0.403035  0.406890  0.136380  0.293322  0.357052  0.371823  0.815725  0.247367  0.156191  0.803129  0.356784  0.233337  0.355079  0.550332  0.183433  0.380083  0.214131  0.332828  0.864437  0.162022  0.877899  0.294628  0.373427  0.394240  0.843216  0.418225  0.197648  0.405849  0.452664 
24  0.370034  0.338293  0.302441  0.512611  0.394114  0.585329  0.415263  0.419712  0.568410  0.306684  0.393215  0.291229  0.453757  0.328823  0.647683  0.269287  0.578267  0.436949  0.357617  0.327542  0.652107  0.364877  0.342671  0.612114 0.0  0.441058  0.349033  0.470907  0.283541  0.310630  0.443274  0.513794  0.592940  0.384247  0.401042  0.264099  0.332580  0.568689  0.308159  0.360006  0.304394  0.539500  0.370339  0.613567  0.371703  0.354648  0.539001  0.455613  0.346388  0.364882  0.341006  0.465168  0.587690  0.287031  0.394946  0.535521  0.556161  0.344562  0.671573  0.519727  0.512927  0.417404  0.313018  0.641277  0.280812  0.280714  0.481610  0.319525  0.282174  0.505164  0.314186  0.403988  0.362937 
25  0.692037  0.155934  0.189342  0.239669  0.053879  0.344260  0.109761  0.480596  0.425543  0.426433  0.275751  0.516044  0.309286  0.027046  0.428610  0.000000  0.371213  0.240651  0.191507  0.029761  0.336400  0.189648  0.522072  0.351045  0.441058 0.0  0.092787  0.705221  0.491126  0.491447  0.000000  0.254485  0.401333  0.178117  0.000000  0.147533  0.050403  0.251172  0.002767  0.059180  0.001410  0.296441  0.000000  0.250879  0.147495  0.104356  0.356962  0.272453  0.250275  0.007782  0.525619  0.276748  0.383306  0.502474  0.093860  0.227659  0.452791  0.133889  0.290108  0.380693  0.232466  0.246559  0.393295  0.354887  0.464218  0.000000  0.394251  0.107382  0.594151  0.024961  0.111421  0.085388  0.080577 
26  0.549761  0.063565  0.026540  0.270627  0.170631  0.305628  0.108733  0.523768  0.385573  0.343575  0.296381  0.508601  0.343895  0.110260  0.301333  0.000000  0.314005  0.213557  0.050409  0.046004  0.333844  0.049404  0.492260  0.261043  0.349033  0.092787 0.0  0.685260  0.502559  0.532402  0.108527  0.194935  0.322314  0.000000  0.305893  0.044167  0.000920  0.295903  0.145099  0.073952  0.018885  0.306842  0.021110  0.345026  0.018601  0.140100  0.354979  0.253307  0.143540  0.139701  0.558325  0.328585  0.324283  0.455368  0.000000  0.345707  0.339186  0.113358  0.351945  0.296061  0.376949  0.220758  0.496129  0.381613  0.450861  0.010486  0.513371  0.109544  0.614047  0.199047  0.191936  0.018271  0.084707 
27  0.712613  0.709688  0.612186  0.661088  0.727418  0.611984  0.706777  0.306558  0.801233  0.157393  0.630048  0.216399  0.610031  0.660493  0.734190  0.781239  0.657943  0.620523  0.666610  0.598636  0.627578  0.698784  0.621753  0.706270  0.470907  0.705221  0.685260 0.0  0.168940  0.245797  0.769663  0.719289  0.670520  0.707256  0.673100  0.637245  0.722179  0.690777  0.677999  0.739624  0.651539  0.639065  0.731926  0.783906  0.674701  0.648903  0.651552  0.740883  0.689984  0.660979  0.661318  0.731992  0.636082  0.679142  0.681073  0.666618  0.688812  0.771489  0.652883  0.681557  0.719914  0.805238  0.288839  0.737131  0.570585  0.711307  0.504132  0.734200  0.383757  0.665222  0.632772  0.638023  0.703993 
28  0.643127  0.612941  0.583148  0.691167  0.540333  0.690312  0.489058  0.163449  0.821565  0.029946  0.691563  0.200420  0.669901  0.483300  0.704930  0.538909  0.722307  0.614427  0.532681  0.607665  0.786383  0.569126  0.505899  0.882424  0.283541  0.491126  0.502559  0.168940 0.0  0.117478  0.590748  0.589567  0.734698  0.606149  0.597468  0.521326  0.487768  0.808399  0.514299  0.589999  0.484414  0.865011  0.491468  0.747632  0.569714  0.500004  0.848199  0.661997  0.599549  0.582354  0.552114  0.661749  0.777800  0.515049  0.573937  0.901036  0.880556  0.544069  0.957166  0.863702  0.625425  0.693593  0.105592  0.815084  0.599050  0.561608  0.433272  0.481164  0.175002  0.562207  0.597654  0.541085  0.481980 
29  0.459364  0.495842  0.514192  0.599536  0.310517  0.694087  0.505852  0.106874  0.824608  0.268373  0.643318  0.058715  0.680217  0.631507  0.803253  0.520968  0.876160  0.649705  0.681947  0.542634  0.810750  0.579870  0.529777  0.895304  0.310630  0.491447  0.532402  0.245797  0.117478 0.0  0.549141  0.751520  0.787508  0.414304  0.477537  0.586012  0.417797  0.829530  0.531024  0.660192  0.619706  0.690521  0.569285  0.838224  0.673291  0.618077  0.875381  0.749027  0.509376  0.504828  0.421773  0.684059  0.917873  0.612936  0.382381  0.837203  0.697883  0.635415  0.860634  0.709821  0.738907  0.731543  0.208005  0.796537  0.601004  0.396816  0.472157  0.448262  0.000000  0.656382  0.532138  0.525384  0.596152 
30  0.380468  0.089788  0.275766  0.339455  0.024025  0.335089  0.146423  0.501861  0.386530  0.573309  0.372843  0.484599  0.218073  0.141338  0.315778  0.089023  0.389651  0.258934  0.205159  0.064200  0.455698  0.007527  0.554059  0.499232  0.443274  0.000000  0.108527  0.769663  0.590748  0.549141 0.0  0.234641  0.523582  0.253656  0.069817  0.247130  0.119541  0.334335  0.151918  0.216446  0.165353  0.270941  0.217395  0.547354  0.198975  0.198862  0.453543  0.367857  0.125267  0.028443  0.589593  0.262003  0.376882  0.546477  0.159084  0.404186  0.347048  0.259056  0.499836  0.362212  0.155817  0.286691  0.658416  0.489355  0.465626  0.144655  0.525547  0.066598  0.423087  0.086548  0.021276  0.086299  0.239325 
31  0.769334  0.313754  0.248878  0.201926  0.290382  0.314877  0.209635  0.633384  0.336270  0.592959  0.227302  0.750447  0.318359  0.266185  0.234610  0.419764  0.208495  0.281993  0.191359  0.205773  0.293873  0.186202  0.671984  0.273991  0.513794  0.254485  0.194935  0.719289  0.589567  0.751520  0.234641 0.0  0.284649  0.234745  0.240775  0.303840  0.337762  0.268144  0.365497  0.221045  0.093196  0.249422  0.245876  0.247969  0.232846  0.174667  0.154756  0.326900  0.175474  0.330285  0.686371  0.159749  0.321019  0.592089  0.246404  0.256798  0.308040  0.194514  0.188089  0.195840  0.216132  0.274122  0.578597  0.289417  0.718707  0.188411  0.411600  0.239740  0.729059  0.280124  0.351212  0.192628  0.228415 
32  0.756756  0.287547  0.431225  0.261964  0.364736  0.309752  0.270465  0.777295  0.131431  0.876507  0.301352  0.732876  0.301278  0.497070  0.187803  0.497032  0.287801  0.334320  0.409307  0.352651  0.221357  0.371899  0.866320  0.255261  0.592940  0.401333  0.322314  0.670520  0.734698  0.787508  0.523582  0.284649 0.0  0.144897  0.353738  0.427266  0.431508  0.139167  0.464592  0.459073  0.532120  0.265578  0.480766  0.172649  0.506417  0.507429  0.153808  0.190693  0.282394  0.274530  0.896190  0.291522  0.260961  0.940311  0.147326  0.124749  0.330196  0.529242  0.249994  0.286288  0.278537  0.343101  0.943395  0.161869  0.884919  0.325816  0.504076  0.333451  0.737635  0.392226  0.369839  0.237359  0.510750 
33  0.522612  0.136708  0.037358  0.203369  0.065835  0.404663  0.000000  0.477809  0.464048  0.502737  0.272206  0.508661  0.328630  0.033754  0.389933  0.023873  0.395999  0.210425  0.174128  0.071196  0.248224  0.202269  0.405249  0.346264  0.384247  0.178117  0.000000  0.707256  0.606149  0.414304  0.253656  0.234745  0.144897 0.0  0.062789  0.062432  0.021991  0.395040  0.066853  0.047619  0.069455  0.395702  0.093216  0.277201  0.107208  0.000000  0.327799  0.227921  0.034562  0.101095  0.653885  0.299958  0.395753  0.400713  0.144168  0.390269  0.427722  0.027683  0.317838  0.337636  0.236473  0.309998  0.456797  0.270041  0.490921  0.108444  0.466730  0.080618  0.390485  0.198809  0.111521  0.211165  0.135854 
34  0.504589  0.175565  0.056303  0.251515  0.127640  0.455242  0.046593  0.461940  0.354320  0.525834  0.281064  0.449166  0.235393  0.000000  0.324981  0.097563  0.412193  0.342711  0.111661  0.031717  0.234031  0.131509  0.448662  0.289806  0.401042  0.000000  0.305893  0.673100  0.597468  0.477537  0.069817  0.240775  0.353738  0.062789 0.0  0.046608  0.130325  0.299504  0.075696  0.160857  0.165557  0.416742  0.094066  0.350981  0.000000  0.085146  0.265857  0.239701  0.104255  0.114433  0.497244  0.235439  0.358957  0.378281  0.088384  0.395557  0.429542  0.052544  0.294359  0.273190  0.175348  0.252984  0.446423  0.317774  0.484092  0.099147  0.415468  0.044856  0.495514  0.161859  0.000000  0.096208  0.134541 
35  0.448297  0.167501  0.201525  0.360935  0.151680  0.432128  0.046670  0.537654  0.212680  0.647497  0.242513  0.559560  0.295955  0.145846  0.317099  0.161962  0.265520  0.322276  0.247654  0.000000  0.558212  0.119343  0.461330  0.463082  0.264099  0.147533  0.044167  0.637245  0.521326  0.586012  0.247130  0.303840  0.427266  0.062432  0.046608 0.0  0.064331  0.445787  0.130284  0.278301  0.239461  0.337661  0.221460  0.494215  0.174239  0.251855  0.492891  0.212207  0.057677  0.000000  0.625766  0.324742  0.401185  0.572417  0.196057  0.440538  0.322998  0.182818  0.467659  0.420550  0.213211  0.174101  0.621340  0.487223  0.665592  0.000701  0.362681  0.122103  0.450645  0.114222  0.053739  0.087163  0.205255 
36  0.441784  0.120295  0.058473  0.241648  0.180634  0.330159  0.199739  0.646524  0.362595  0.425181  0.275127  0.675922  0.229351  0.162299  0.460792  0.087800  0.341963  0.280250  0.145968  0.130961  0.365693  0.111161  0.646199  0.279429  0.332580  0.050403  0.000920  0.722179  0.487768  0.417797  0.119541  0.337762  0.431508  0.021991  0.130325  0.064331 0.0  0.334301  0.021880  0.097757  0.003955  0.316071  0.095359  0.451363  0.137915  0.000000  0.278242  0.249784  0.107937  0.253532  0.557048  0.227407  0.441485  0.454258  0.111493  0.279314  0.336738  0.051609  0.297608  0.376678  0.166774  0.352490  0.496460  0.269216  0.553151  0.222192  0.508770  0.182246  0.426701  0.101708  0.091960  0.152785  0.098695 
37  0.757039  0.384696  0.467408  0.327726  0.355943  0.309786  0.246803  0.913272  0.175924  0.898087  0.299415  0.684806  0.250378  0.427953  0.176145  0.628357  0.353669  0.205001  0.497478  0.386580  0.247620  0.405906  0.735678  0.227525  0.568689  0.251172  0.295903  0.690777  0.808399  0.829530  0.334335  0.268144  0.139167  0.395040  0.299504  0.445787  0.334301 0.0  0.519226  0.466230  0.493864  0.359069  0.498410  0.156014  0.392705  0.386984  0.202585  0.230394  0.359084  0.321113  0.912460  0.212668  0.149810  0.846775  0.335885  0.243248  0.281041  0.488817  0.123206  0.375613  0.182739  0.226316  0.819202  0.199460  0.864130  0.336005  0.489648  0.293991  0.787584  0.391863  0.308466  0.300246  0.392497 
38  0.441981  0.202900  0.253631  0.261250  0.113487  0.283963  0.099061  0.519104  0.426538  0.664047  0.312046  0.612417  0.247266  0.265057  0.455642  0.214389  0.378549  0.343740  0.283332  0.046242  0.533735  0.113452  0.472616  0.445436  0.308159  0.002767  0.145099  0.677999  0.514299  0.531024  0.151918  0.365497  0.464592  0.066853  0.075696  0.130284  0.021880  0.519226 0.0  0.240453  0.157828  0.390428  0.230682  0.403815  0.156412  0.123958  0.321685  0.396284  0.054196  0.073807  0.539158  0.224760  0.482963  0.590130  0.133414  0.443229  0.441410  0.140786  0.510323  0.391770  0.399396  0.323089  0.549932  0.555028  0.595270  0.087471  0.532202  0.091835  0.443822  0.116256  0.052439  0.134710  0.184572 
39  0.597160  0.180960  0.114978  0.284588  0.093910  0.345258  0.078813  0.549128  0.360973  0.653380  0.345991  0.537403  0.320557  0.185045  0.423237  0.275106  0.405737  0.252685  0.190631  0.157953  0.412076  0.030553  0.495867  0.469101  0.360006  0.059180  0.073952  0.739624  0.589999  0.660192  0.216446  0.221045  0.459073  0.047619  0.160857  0.278301  0.097757  0.466230  0.240453 0.0  0.207570  0.336081  0.155984  0.361655  0.245598  0.245398  0.484878  0.197132  0.021652  0.070222  0.543421  0.240410  0.400334  0.528320  0.000000  0.440088  0.303494  0.189549  0.392861  0.344111  0.254576  0.273598  0.628058  0.537021  0.704566  0.182576  0.469683  0.058405  0.530608  0.025927  0.009824  0.180059  0.254993 
40  0.446672  0.142825  0.319224  0.193604  0.143110  0.322676  0.018562  0.505328  0.422072  0.619339  0.295145  0.469773  0.225228  0.125426  0.479168  0.231113  0.316219  0.201588  0.165798  0.057632  0.446140  0.136353  0.402889  0.544843  0.304394  0.001410  0.018885  0.651539  0.484414  0.619706  0.165353  0.093196  0.532120  0.069455  0.165557  0.239461  0.003955  0.493864  0.157828  0.207570 0.0  0.264774  0.323038  0.467655  0.207763  0.255981  0.472323  0.243421  0.119265  0.079562  0.574823  0.266784  0.479309  0.641933  0.048971  0.419700  0.332469  0.271327  0.447952  0.281209  0.258733  0.186186  0.644324  0.458234  0.466879  0.044024  0.384053  0.000000  0.547032  0.248518  0.081728  0.111603  0.193335 
41  0.810168  0.416241  0.398977  0.255030  0.239412  0.273941  0.350529  0.813604  0.338051  0.787162  0.203787  0.609868  0.331766  0.301911  0.385402  0.307043  0.114583  0.386469  0.453217  0.351803  0.282587  0.449755  0.776110  0.278111  0.539500  0.296441  0.306842  0.639065  0.865011  0.690521  0.270941  0.249422  0.265578  0.395702  0.416742  0.337661  0.316071  0.359069  0.390428  0.336081  0.264774 0.0  0.360497  0.360556  0.235507  0.404363  0.291824  0.181215  0.375810  0.410876  0.844153  0.204320  0.352489  0.742067  0.418669  0.334272  0.057667  0.382895  0.287493  0.144519  0.288078  0.346018  0.712105  0.371037  0.746513  0.367379  0.505558  0.287947  0.675240  0.382005  0.293917  0.367865  0.287894 
42  0.478074  0.150328  0.222412  0.295831  0.000000  0.443684  0.154673  0.414826  0.394530  0.590908  0.233091  0.536916  0.350475  0.232175  0.457972  0.163195  0.370015  0.261084  0.192646  0.089002  0.513365  0.189420  0.523053  0.430331  0.370339  0.000000  0.021110  0.731926  0.491468  0.569285  0.217395  0.245876  0.480766  0.093216  0.094066  0.221460  0.095359  0.498410  0.230682  0.155984  0.323038  0.360497 0.0  0.314303  0.026485  0.153410  0.479337  0.189260  0.027393  0.094966  0.470422  0.248935  0.457232  0.575355  0.037049  0.453994  0.276147  0.214243  0.403194  0.367762  0.252727  0.355990  0.646760  0.557251  0.699134  0.090933  0.429000  0.110887  0.457786  0.300998  0.000000  0.069199  0.203186 
43  0.786462  0.357105  0.487366  0.277148  0.404263  0.417350  0.410880  0.885951  0.087393  1.000000  0.162398  0.824274  0.345879  0.444648  0.068375  0.571248  0.365505  0.338655  0.459127  0.305992  0.202526  0.445317  0.696337  0.203169  0.613567  0.250879  0.345026  0.783906  0.747632  0.838224  0.547354  0.247969  0.172649  0.277201  0.350981  0.494215  0.451363  0.156014  0.403815  0.361655  0.467655  0.360556  0.314303 0.0  0.477599  0.512943  0.162952  0.274418  0.284511  0.359809  0.789343  0.200520  0.149398  0.886482  0.366253  0.235351  0.430504  0.402091  0.281453  0.390822  0.249647  0.307476  0.891095  0.231470  0.981038  0.265615  0.575127  0.284831  0.704142  0.343708  0.374684  0.337732  0.492159 
44  0.467571  0.114492  0.230322  0.293353  0.131894  0.287264  0.062630  0.520447  0.325668  0.649433  0.263628  0.515327  0.214064  0.383832  0.295867  0.207623  0.378536  0.219373  0.063229  0.152952  0.481296  0.150366  0.498488  0.403035  0.371703  0.147495  0.018601  0.674701  0.569714  0.673291  0.198975  0.232846  0.506417  0.107208  0.000000  0.174239  0.137915  0.392705  0.156412  0.245598  0.207763  0.235507  0.026485  0.477599 0.0  0.157596  0.536530  0.274854  0.117750  0.072844  0.538560  0.203932  0.444377  0.736603  0.080770  0.387347  0.354979  0.147264  0.445136  0.307267  0.209469  0.167859  0.656024  0.462671  0.721151  0.020355  0.541631  0.045455  0.552723  0.180546  0.168087  0.103787  0.141292 
45  0.531692  0.079788  0.253702  0.256180  0.071628  0.303064  0.063945  0.483088  0.459526  0.570180  0.186867  0.544382  0.301946  0.209654  0.397829  0.217733  0.319829  0.168653  0.201345  0.038003  0.358414  0.078876  0.326644  0.406890  0.354648  0.104356  0.140100  0.648903  0.500004  0.618077  0.198862  0.174667  0.507429  0.000000  0.085146  0.251855  0.000000  0.386984  0.123958  0.245398  0.255981  0.404363  0.153410  0.512943  0.157596 0.0  0.498595  0.315798  0.095129  0.126686  0.494428  0.315423  0.463733  0.573916  0.004773  0.392633  0.431253  0.257676  0.542102  0.291840  0.249057  0.340533  0.562006  0.407552  0.618686  0.081111  0.406324  0.109068  0.506431  0.119759  0.118055  0.068753  0.259638 
46  0.732761  0.397876  0.379165  0.245952  0.287907  0.329223  0.329565  0.728709  0.187933  0.887654  0.296225  0.646835  0.380908  0.515983  0.147383  0.486259  0.268564  0.190361  0.472788  0.284622  0.211461  0.429174  0.657372  0.136380  0.539001  0.356962  0.354979  0.651552  0.848199  0.875381  0.453543  0.154756  0.153808  0.327799  0.265857  0.492891  0.278242  0.202585  0.321685  0.484878  0.472323  0.291824  0.479337  0.162952  0.536530  0.498595 0.0  0.242801  0.370848  0.321789  0.814912  0.164741  0.257395  0.862320  0.336749  0.120141  0.416507  0.447777  0.170019  0.233315  0.169080  0.255446  0.880713  0.211414  0.933732  0.315025  0.484639  0.383293  0.681781  0.383030  0.343431  0.301491  0.393264 
47  0.718338  0.323390  0.266402  0.234990  0.266006  0.302757  0.323452  0.591648  0.283136  0.634109  0.327140  0.737071  0.179557  0.271951  0.254181  0.203840  0.216024  0.127702  0.325684  0.241397  0.326611  0.336668  0.617241  0.293322  0.455613  0.272453  0.253307  0.740883  0.661997  0.749027  0.367857  0.326900  0.190693  0.227921  0.239701  0.212207  0.249784  0.230394  0.396284  0.197132  0.243421  0.181215  0.189260  0.274418  0.274854  0.315798  0.242801 0.0  0.233408  0.325131  0.629950  0.293443  0.251366  0.699797  0.406798  0.373316  0.331293  0.366493  0.347076  0.349113  0.325804  0.273122  0.676564  0.368252  0.690083  0.316042  0.520190  0.315604  0.750203  0.340694  0.200707  0.188076  0.199727 
48  0.455961  0.261128  0.079693  0.224691  0.282296  0.303525  0.215001  0.510019  0.308330  0.420785  0.294735  0.604314  0.233954  0.043769  0.447263  0.047853  0.242112  0.225631  0.028379  0.279916  0.375738  0.241131  0.533105  0.357052  0.346388  0.250275  0.143540  0.689984  0.599549  0.509376  0.125267  0.175474  0.282394  0.034562  0.104255  0.057677  0.107937  0.359084  0.054196  0.021652  0.119265  0.375810  0.027393  0.284511  0.117750  0.095129  0.370848  0.233408 0.0  0.227483  0.660221  0.267909  0.218466  0.495711  0.100127  0.351315  0.295988  0.036603  0.325965  0.240565  0.177028  0.216580  0.529407  0.298121  0.454220  0.176969  0.414338  0.158496  0.502584  0.088573  0.318405  0.080652  0.079729 
49  0.408105  0.121227  0.104098  0.184519  0.140284  0.271111  0.216531  0.643290  0.367824  0.395287  0.353516  0.618382  0.350687  0.128980  0.383349  0.122396  0.378974  0.159996  0.029907  0.121985  0.370424  0.069545  0.561537  0.371823  0.364882  0.007782  0.139701  0.660979  0.582354  0.504828  0.028443  0.330285  0.274530  0.101095  0.114433  0.000000  0.253532  0.321113  0.073807  0.070222  0.079562  0.410876  0.094966  0.359809  0.072844  0.126686  0.321789  0.325131  0.227483 0.0  0.540666  0.179337  0.390201  0.488200  0.163098  0.365131  0.365979  0.134080  0.397747  0.411455  0.316437  0.234990  0.470508  0.324753  0.435712  0.186100  0.413857  0.192085  0.462460  0.150946  0.225711  0.018665  0.209084 
50  0.094917  0.528393  0.602700  0.696797  0.721293  0.782087  0.542947  0.511101  0.718732  0.515730  0.639394  0.476166  0.702835  0.583112  0.873199  0.609363  0.911978  0.653326  0.543694  0.648898  0.751840  0.504957  0.000000  0.815725  0.341006  0.525619  0.558325  0.661318  0.552114  0.421773  0.589593  0.686371  0.896190  0.653885  0.497244  0.625766  0.557048  0.912460  0.539158  0.543421  0.574823  0.844153  0.470422  0.789343  0.538560  0.494428  0.814912  0.629950  0.660221  0.540666 0.0  0.678345  0.817400  0.135282  0.490369  0.758533  0.819341  0.571963  0.839116  0.736726  0.788878  0.765407  0.561669  0.797583  0.126949  0.610876  0.402320  0.534977  0.533772  0.447380  0.486861  0.468463  0.632449 
51  0.712797  0.354655  0.246665  0.375613  0.224869  0.222428  0.304275  0.712595  0.227078  0.694109  0.173248  0.730417  0.301539  0.304589  0.270481  0.111814  0.177626  0.118081  0.222383  0.422982  0.263559  0.338860  0.644865  0.247367  0.465168  0.276748  0.328585  0.731992  0.661749  0.684059  0.262003  0.159749  0.291522  0.299958  0.235439  0.324742  0.227407  0.212668  0.224760  0.240410  0.266784  0.204320  0.248935  0.200520  0.203932  0.315423  0.164741  0.293443  0.267909  0.179337  0.678345 0.0  0.352883  0.578872  0.280109  0.289340  0.252898  0.314312  0.324915  0.311923  0.258967  0.245640  0.683519  0.239987  0.710633  0.355668  0.449147  0.174719  0.649061  0.295148  0.162483  0.287897  0.137237 
52  0.763046  0.430066  0.501891  0.206434  0.245617  0.350293  0.347218  0.791234  0.049434  0.841903  0.172603  0.753427  0.362166  0.434476  0.262497  0.366767  0.255152  0.217762  0.510695  0.391646  0.092765  0.484898  0.835701  0.156191  0.587690  0.383306  0.324283  0.636082  0.777800  0.917873  0.376882  0.321019  0.260961  0.395753  0.358957  0.401185  0.441485  0.149810  0.482963  0.400334  0.479309  0.352489  0.457232  0.149398  0.444377  0.463733  0.257395  0.251366  0.218466  0.390201  0.817400  0.352883 0.0  0.853926  0.233103  0.215923  0.426269  0.460004  0.194032  0.316292  0.400416  0.194684  0.905640  0.153203  0.949767  0.369313  0.377436  0.320066  0.695316  0.438294  0.373613  0.356515  0.425810 
53  0.111568  0.621625  0.599160  0.665071  0.505547  0.664885  0.533336  0.513038  0.762670  0.661236  0.647880  0.419353  0.554955  0.475492  0.762837  0.571917  0.725040  0.717041  0.638452  0.384135  0.871987  0.548164  0.042741  0.803129  0.287031  0.502474  0.455368  0.679142  0.515049  0.612936  0.546477  0.592089  0.940311  0.400713  0.378281  0.572417  0.454258  0.846775  0.590130  0.528320  0.641933  0.742067  0.575355  0.886482  0.736603  0.573916  0.862320  0.699797  0.495711  0.488200  0.135282  0.578872  0.853926 0.0  0.518442  0.858032  0.688195  0.514080  0.857539  0.792855  0.766113  0.631047  0.641431  0.879945  0.223982  0.530508  0.564619  0.561364  0.380113  0.542989  0.472475  0.523741  0.568221 
