73
0 0.0  0.454925  0.599998  0.487401  0.717919  0.381964  0.594757  0.503271  0.552921  0.496848  0.606917  0.230756  0.685149  0.541948  0.566673  0.778261  0.443664  0.767857  0.542187  0.557478  0.741791  0.495325  0.041898  0.516403  0.277819  0.473827  0.651435  0.671663  0.381466  0.569100  0.918859  0.560246  0.656007  0.859119  0.585153  0.449458  0.641640  0.486153  0.826442  0.743419  0.057597  0.380183  0.633356  0.580158  0.535060  0.911892  0.584886  0.655057  0.723165  0.112352  0.357228  0.512398  0.457158  0.111586  0.771266  0.799692  0.533068  0.555101  0.524254  0.733391  0.740010  0.508242  0.482048  0.430556  0.454860  0.296109  0.491891  0.493479  0.766532  0.502218  0.476393  0.680767  0.572255 
1  0.454925 0.0  0.137078  0.045062  0.454940  0.024148  0.016837  0.419398  0.074590  0.096089  0.312319  0.818332  0.255015  0.249840  0.113158  0.205840  0.298795  0.418851  0.075174  0.186089  0.242030  0.228650  0.544137  0.237531  0.335474  0.147188  0.017557  0.132054  0.211440  0.497084  0.342752  0.014936  0.265093  0.492344  0.013569  0.305295  0.119135  0.183978  0.459254  0.333870  0.622531  0.218027  0.186544  0.016895  0.671637  0.392005  0.272058  0.559297  0.492480  0.566743  0.344900  0.494809  0.150880  0.481504  0.335770  0.471809  0.635733  0.320712  0.083570  0.359611  0.408913  0.221370  0.114909  0.215050  0.719343  0.097008  0.150558  0.144631  0.306140  0.586904  0.169661  0.503981  0.147206 
2  0.599998  0.137078 0.0  0.144157  0.403680  0.092109  0.159174  0.439700  0.113542  0.000000  0.247447  0.684702  0.247118  0.075125  0.191470  0.385943  0.004260  0.373030  0.157417  0.134058  0.449876  0.172600  0.450387  0.033463  0.260912  0.204795  0.156810  0.207951  0.146838  0.737033  0.485294  0.000000  0.328732  0.384659  0.015660  0.161037  0.214260  0.065498  0.396124  0.261445  0.470277  0.226422  0.286446  0.177152  0.402477  0.465427  0.259891  0.399103  0.366395  0.623548  0.303670  0.532355  0.191332  0.472834  0.407268  0.414836  0.526008  0.079365  0.205912  0.310516  0.375842  0.000000  0.149298  0.098997  0.585795  0.128537  0.036973  0.019122  0.292202  0.559531  0.166491  0.403937  0.271590 
3  0.487401  0.045062  0.144157 0.0  0.322973  0.258647  0.187030  0.570452  0.097880  0.145300  0.183171  0.708750  0.272927  0.017113  0.117128  0.312947  0.011219  0.440013  0.110555  0.105549  0.217029  0.090771  0.418613  0.000000  0.386159  0.240342  0.045414  0.041524  0.002477  0.502570  0.497333  0.206794  0.215541  0.322353  0.148472  0.048334  0.109103  0.100969  0.411214  0.449962  0.477749  0.043607  0.260112  0.003248  0.459079  0.255512  0.309599  0.223462  0.348131  0.576445  0.304108  0.604113  0.100019  0.481403  0.345605  0.393839  0.614272  0.040979  0.185796  0.269443  0.317572  0.141036  0.116515  0.001797  0.453032  0.008145  0.055133  0.085368  0.189232  0.665562  0.154791  0.338702  0.070653 
4  0.717919  0.454940  0.403680  0.322973 0.0  0.459112  0.360799  0.445247  0.434565  0.257295  0.228397  0.781153  0.380379  0.514161  0.392159  0.277549  0.386111  0.250925  0.283703  0.512296  0.409330  0.496013  0.848808  0.438226  0.598174  0.314348  0.348745  0.382305  0.484484  0.696642  0.071306  0.310327  0.203197  0.218894  0.390041  0.488685  0.306705  0.508742  0.211887  0.321248  0.839815  0.467095  0.365891  0.338431  0.754270  0.065475  0.237828  0.214747  0.277391  0.785924  0.561978  0.831644  0.458189  0.804467  0.418092  0.159768  0.884574  0.397651  0.396827  0.253815  0.431362  0.395776  0.444129  0.446551  0.879269  0.529414  0.471294  0.409512  0.252336  0.803813  0.486952  0.184567  0.459788 
5  0.381964  0.024148  0.092109  0.258647  0.459112 0.0  0.080137  0.477572  0.120152  0.144229  0.342820  0.749858  0.167090  0.087136  0.088452  0.287981  0.043332  0.389833  0.156993  0.050161  0.181596  0.110413  0.474444  0.040589  0.200769  0.024365  0.049525  0.084798  0.111388  0.460389  0.335822  0.212424  0.226546  0.343178  0.261046  0.000000  0.020742  0.000000  0.510152  0.318457  0.508090  0.023797  0.255191  0.094893  0.527751  0.385833  0.250963  0.305359  0.316282  0.603586  0.408622  0.658390  0.096904  0.465155  0.329778  0.305217  0.529251  0.111101  0.138527  0.380177  0.261707  0.098122  0.077951  0.104533  0.511562  0.003076  0.018536  0.077714  0.261269  0.748694  0.155677  0.296263  0.197172 
6  0.594757  0.016837  0.159174  0.187030  0.360799  0.080137 0.0  0.462241  0.077398  0.059338  0.161244  0.734297  0.310457  0.088000  0.190026  0.460038  0.096279  0.345032  0.309067  0.244120  0.306906  0.033671  0.449188  0.100370  0.188578  0.072535  0.126808  0.296564  0.036904  0.560801  0.531238  0.056074  0.254750  0.466082  0.086297  0.053912  0.177400  0.061379  0.525702  0.300120  0.506699  0.015250  0.216531  0.216015  0.424609  0.453195  0.292018  0.370278  0.396298  0.529513  0.338653  0.548257  0.155148  0.540421  0.405832  0.345460  0.509271  0.000000  0.091217  0.300174  0.451657  0.058845  0.000000  0.000000  0.606683  0.063013  0.142930  0.073951  0.289933  0.514721  0.163468  0.409050  0.096748 
7  0.503271  0.419398  0.439700  0.570452  0.445247  0.477572  0.462241 0.0  0.436779  0.431477  0.487777  0.463481  0.485417  0.569123  0.423025  0.574607  0.487525  0.386337  0.379845  0.497288  0.501551  0.452629  0.475148  0.466662  0.392428  0.500713  0.532992  0.473839  0.556178  0.454269  0.451616  0.485955  0.509418  0.428973  0.491382  0.467581  0.513885  0.669932  0.481484  0.357718  0.452710  0.527266  0.494657  0.603964  0.424441  0.420551  0.311438  0.442582  0.524240  0.412216  0.481291  0.511825  0.517201  0.479651  0.503099  0.492160  0.467088  0.449068  0.561307  0.354020  0.448562  0.493708  0.422967  0.537244  0.534179  0.569993  0.501186  0.473241  0.400347  0.429881  0.371849  0.436709  0.455508 
8  0.552921  0.074590  0.113542  0.097880  0.434565  0.120152  0.077398  0.436779 0.0  0.123233  0.362293  0.799236  0.196542  0.102158  0.189436  0.439032  0.216841  0.513133  0.105263  0.194437  0.200922  0.033404  0.404185  0.097411  0.330514  0.201988  0.142657  0.156986  0.157321  0.493973  0.381654  0.236007  0.239337  0.397783  0.037607  0.134326  0.158114  0.145449  0.488077  0.452973  0.487282  0.224780  0.282450  0.078995  0.683603  0.374231  0.288295  0.462603  0.513266  0.559782  0.382721  0.452432  0.088342  0.428107  0.340224  0.458250  0.585409  0.251082  0.038955  0.421856  0.450869  0.153105  0.066758  0.100115  0.649756  0.203150  0.107039  0.118825  0.244529  0.549276  0.180318  0.447472  0.106977 
9  0.496848  0.096089  0.000000  0.145300  0.257295  0.144229  0.059338  0.431477  0.123233 0.0  0.199502  0.700858  0.246114  0.033176  0.138393  0.317369  0.108941  0.283380  0.106416  0.017160  0.227589  0.045683  0.462324  0.087610  0.289887  0.210209  0.117979  0.142332  0.034020  0.589197  0.382550  0.305841  0.327748  0.324396  0.266833  0.200063  0.000000  0.065730  0.432757  0.356372  0.491633  0.122271  0.348292  0.051912  0.565311  0.343549  0.250695  0.368427  0.368884  0.610308  0.396770  0.525394  0.015919  0.511670  0.255327  0.331226  0.541545  0.094417  0.055060  0.288473  0.421071  0.060055  0.000000  0.098926  0.452180  0.116431  0.108235  0.157313  0.313765  0.653542  0.118761  0.255525  0.142662 
10  0.606917  0.312319  0.247447  0.183171  0.228397  0.342820  0.161244  0.487777  0.362293  0.199502 0.0  0.751896  0.314603  0.300705  0.330266  0.309218  0.321412  0.276176  0.183126  0.201896  0.388131  0.216822  0.677496  0.224053  0.517958  0.260111  0.300223  0.243216  0.216703  0.817502  0.204074  0.259442  0.206974  0.285723  0.281758  0.295278  0.281150  0.222969  0.240263  0.334553  0.692182  0.283118  0.356220  0.216128  0.742268  0.452209  0.405421  0.299163  0.171508  0.703254  0.450737  0.665018  0.192925  0.632785  0.350838  0.169781  0.658775  0.317352  0.236462  0.213917  0.259897  0.275658  0.326725  0.268643  0.674295  0.227172  0.309424  0.249250  0.256814  0.648518  0.179632  0.206194  0.333986 
11  0.230756  0.818332  0.684702  0.708750  0.781153  0.749858  0.734297  0.463481  0.799236  0.700858  0.751896 0.0  0.707660  0.795447  0.721776  0.676856  0.732709  0.667638  0.752355  0.723425  0.682714  0.712449  0.220403  0.645425  0.430126  0.702175  0.612479  0.628957  0.563484  0.680403  0.775301  0.614848  0.711169  0.776676  0.598349  0.727643  0.717452  0.754395  0.646949  0.731589  0.311288  0.706135  0.696290  0.713379  0.594593  0.710061  0.688611  0.714017  0.712048  0.281688  0.396370  0.533285  0.713881  0.326198  0.703317  0.749157  0.735226  0.727134  0.625018  0.678899  0.774048  0.770473  0.636803  0.675942  0.693827  0.734125  0.574441  0.649501  0.731325  0.773969  0.698721  0.726649  0.658021 
12  0.685149  0.255015  0.247118  0.272927  0.380379  0.167090  0.310457  0.485417  0.196542  0.246114  0.314603  0.707660 0.0  0.203860  0.382985  0.396073  0.225142  0.273614  0.059027  0.334713  0.220050  0.268695  0.637571  0.278743  0.443320  0.365710  0.070488  0.282437  0.293627  0.707187  0.265528  0.222780  0.278252  0.134210  0.345913  0.266061  0.220895  0.290037  0.328365  0.240316  0.690328  0.294270  0.237720  0.208181  0.790451  0.233030  0.208094  0.230197  0.219576  0.772563  0.454907  0.681956  0.294378  0.691384  0.248142  0.310760  0.666614  0.304168  0.276224  0.285988  0.238875  0.413554  0.299226  0.329088  0.565664  0.222657  0.333409  0.304684  0.319956  0.679817  0.310098  0.182808  0.308641 
13  0.541948  0.249840  0.075125  0.017113  0.514161  0.087136  0.088000  0.569123  0.102158  0.033176  0.300705  0.795447  0.203860 0.0  0.134432  0.253075  0.284519  0.422536  0.131021  0.101055  0.309685  0.138832  0.550652  0.189611  0.467874  0.147765  0.042242  0.072108  0.179893  0.473919  0.325181  0.000000  0.150944  0.522440  0.197414  0.257484  0.035115  0.277299  0.398299  0.385245  0.651361  0.218601  0.267561  0.141043  0.645034  0.320804  0.237456  0.397710  0.511238  0.637492  0.373147  0.491177  0.152508  0.401091  0.314559  0.399126  0.673498  0.167306  0.190036  0.321185  0.407306  0.249283  0.057027  0.187867  0.569657  0.307732  0.241090  0.072934  0.261445  0.546211  0.100424  0.453461  0.142475 
14  0.566673  0.113158  0.191470  0.117128  0.392159  0.088452  0.190026  0.423025  0.189436  0.138393  0.330266  0.721776  0.382985  0.134432 0.0  0.399543  0.139800  0.358081  0.154507  0.087226  0.228547  0.199977  0.616619  0.105822  0.405801  0.070114  0.159606  0.171572  0.166237  0.561945  0.346695  0.116900  0.212262  0.342473  0.121609  0.153001  0.093007  0.030118  0.431194  0.429746  0.491739  0.167174  0.399082  0.145584  0.598787  0.311539  0.415822  0.462725  0.317582  0.571321  0.316181  0.540423  0.187684  0.591337  0.338712  0.368524  0.456418  0.187566  0.162679  0.371435  0.373307  0.168711  0.244711  0.242578  0.613552  0.035940  0.104416  0.033741  0.157976  0.516578  0.126140  0.402882  0.213613 
15  0.778261  0.205840  0.385943  0.312947  0.277549  0.287981  0.460038  0.574607  0.439032  0.317369  0.309218  0.676856  0.396073  0.253075  0.399543 0.0  0.302112  0.343303  0.386661  0.317298  0.340219  0.391021  0.813233  0.275158  0.571715  0.367575  0.332701  0.419451  0.288846  0.728358  0.250568  0.333170  0.307464  0.343193  0.320166  0.285541  0.416872  0.302992  0.398966  0.206635  0.908684  0.295025  0.249939  0.314138  0.764335  0.411230  0.303892  0.293127  0.484092  0.754983  0.533979  0.797100  0.359028  0.682674  0.191109  0.234478  0.920709  0.258478  0.406479  0.293639  0.307488  0.406940  0.400795  0.269656  0.741246  0.287224  0.337681  0.297695  0.269292  0.856608  0.406766  0.444646  0.351813 
16  0.443664  0.298795  0.004260  0.011219  0.386111  0.043332  0.096279  0.487525  0.216841  0.108941  0.321412  0.732709  0.225142  0.284519  0.139800  0.302112 0.0  0.476053  0.000000  0.265549  0.230424  0.221003  0.702488  0.224212  0.380094  0.076877  0.133123  0.000000  0.137761  0.549001  0.344436  0.035985  0.297401  0.490432  0.091470  0.173558  0.134992  0.195875  0.445209  0.428930  0.569725  0.216284  0.332117  0.023890  0.624832  0.412777  0.298812  0.526287  0.326891  0.549987  0.309104  0.510543  0.156375  0.480384  0.301786  0.450667  0.515684  0.157768  0.000000  0.479453  0.366359  0.224879  0.086901  0.186003  0.565466  0.194559  0.123544  0.041484  0.238396  0.475424  0.148341  0.522594  0.172839 
17  0.767857  0.418851  0.373030  0.440013  0.250925  0.389833  0.345032  0.386337  0.513133  0.283380  0.276176  0.667638  0.273614  0.422536  0.358081  0.343303  0.476053 0.0  0.396793  0.577585  0.247435  0.467470  0.853417  0.425746  0.610131  0.470737  0.282102  0.303438  0.404109  0.767929  0.123311  0.278645  0.198543  0.165311  0.279668  0.525423  0.334678  0.338548  0.184162  0.400174  0.916943  0.470893  0.237846  0.375754  0.888214  0.171515  0.198162  0.300941  0.210447  0.845500  0.559328  0.819598  0.318935  0.814716  0.400607  0.364102  0.826205  0.414965  0.426301  0.208263  0.365335  0.412197  0.342332  0.431616  0.804919  0.434915  0.358828  0.357512  0.197968  0.740439  0.323823  0.133230  0.500234 
18  0.542187  0.075174  0.157417  0.110555  0.283703  0.156993  0.309067  0.379845  0.105263  0.106416  0.183126  0.752355  0.059027  0.131021  0.154507  0.386661  0.000000  0.396793 0.0  0.091438  0.164763  0.133715  0.476659  0.138254  0.210620  0.156534  0.222992  0.211491  0.151272  0.633867  0.476289  0.049228  0.287298  0.403571  0.071032  0.058585  0.096150  0.016587  0.385054  0.249477  0.508018  0.066060  0.216910  0.076003  0.441194  0.396586  0.346954  0.318154  0.407299  0.485706  0.403887  0.573863  0.161923  0.459256  0.236278  0.236016  0.449607  0.027550  0.181574  0.408636  0.253130  0.009584  0.006908  0.075731  0.575404  0.064404  0.049334  0.125080  0.277362  0.477515  0.229089  0.357757  0.086410 
19  0.557478  0.186089  0.134058  0.105549  0.512296  0.050161  0.244120  0.497288  0.194437  0.017160  0.201896  0.723425  0.334713  0.101055  0.087226  0.317298  0.265549  0.577585  0.091438 0.0  0.224846  0.122341  0.645807  0.180267  0.489799  0.146803  0.038983  0.080096  0.099873  0.590907  0.336971  0.015091  0.390132  0.462444  0.093007  0.191096  0.107120  0.150339  0.383783  0.307302  0.657454  0.055825  0.288010  0.000000  0.640622  0.463868  0.383166  0.496510  0.407471  0.549461  0.381151  0.491195  0.040306  0.573708  0.345699  0.449663  0.521066  0.117952  0.170584  0.540881  0.466908  0.249637  0.143584  0.099615  0.607144  0.181505  0.121614  0.103707  0.266198  0.487985  0.192565  0.506956  0.055707 
20  0.741791  0.242030  0.449876  0.217029  0.409330  0.181596  0.306906  0.501551  0.200922  0.227589  0.388131  0.682714  0.220050  0.309685  0.228547  0.340219  0.230424  0.247435  0.164763  0.224846 0.0  0.264211  0.742767  0.214671  0.512747  0.218451  0.302724  0.243577  0.254200  0.711200  0.160247  0.296977  0.235059  0.264485  0.157253  0.170696  0.333584  0.387958  0.343290  0.231342  0.692462  0.241181  0.336551  0.245760  0.694085  0.301779  0.201042  0.275632  0.201156  0.654888  0.546693  0.622397  0.247507  0.662564  0.169994  0.221594  0.748760  0.228764  0.230548  0.299261  0.242433  0.252605  0.369371  0.206791  0.650665  0.223299  0.328804  0.171623  0.281404  0.650854  0.353094  0.359268  0.250251 
21  0.495325  0.228650  0.172600  0.090771  0.496013  0.110413  0.033671  0.452629  0.033404  0.045683  0.216822  0.712449  0.268695  0.138832  0.199977  0.391021  0.221003  0.467470  0.133715  0.122341  0.264211 0.0  0.549821  0.263926  0.422045  0.091456  0.081723  0.017695  0.138512  0.377705  0.320178  0.000000  0.128946  0.433885  0.112408  0.194283  0.077069  0.253630  0.414283  0.356162  0.634681  0.264335  0.224411  0.000000  0.670851  0.406338  0.284880  0.474554  0.472273  0.529805  0.287655  0.534845  0.124425  0.478574  0.442434  0.520783  0.643332  0.060883  0.090817  0.540553  0.344039  0.109970  0.101725  0.142671  0.603047  0.343440  0.175039  0.028994  0.197775  0.478527  0.155377  0.447280  0.084697 
22  0.041898  0.544137  0.450387  0.418613  0.848808  0.474444  0.449188  0.475148  0.404185  0.462324  0.677496  0.220403  0.637571  0.550652  0.616619  0.813233  0.702488  0.853417  0.476659  0.645807  0.742767  0.549821 0.0  0.526929  0.402001  0.546046  0.554022  0.463086  0.552974  0.487920  0.831879  0.470670  0.624967  0.841684  0.454894  0.524212  0.507458  0.613114  0.809985  0.792868  0.181367  0.564218  0.634324  0.387227  0.548319  0.840704  0.818304  0.962127  0.839694  0.000000  0.317087  0.448629  0.552217  0.101593  0.718277  0.900989  0.509256  0.609754  0.552323  0.825903  0.724363  0.581021  0.467118  0.700957  0.468349  0.637756  0.740931  0.536451  0.829042  0.464273  0.485403  1.000000  0.513955 
23  0.516403  0.237531  0.033463  0.000000  0.438226  0.040589  0.100370  0.466662  0.097411  0.087610  0.224053  0.645425  0.278743  0.189611  0.105822  0.275158  0.224212  0.425746  0.138254  0.180267  0.214671  0.263926  0.526929 0.0  0.526813  0.137962  0.185899  0.083275  0.189946  0.398994  0.331667  0.108023  0.320382  0.435269  0.024889  0.306056  0.111109  0.162015  0.446266  0.319474  0.582481  0.220902  0.340203  0.038520  0.655132  0.353774  0.227237  0.472613  0.346617  0.566996  0.375662  0.565978  0.142211  0.468091  0.335546  0.460753  0.645694  0.289069  0.102265  0.538233  0.350694  0.240816  0.078068  0.220712  0.685493  0.250577  0.183645  0.074905  0.299122  0.484420  0.126128  0.409256  0.209468 
24  0.277819  0.335474  0.260912  0.386159  0.598174  0.200769  0.188578  0.392428  0.330514  0.289887  0.517958  0.430126  0.443320  0.467874  0.405801  0.571715  0.380094  0.610131  0.210620  0.489799  0.512747  0.422045  0.402001  0.526813 0.0  0.306557  0.300579  0.347078  0.419388  0.226352  0.525260  0.189555  0.428158  0.779748  0.281071  0.405000  0.285789  0.476241  0.652614  0.658891  0.343837  0.311080  0.503009  0.113820  0.383440  0.505940  0.494065  0.590316  0.646455  0.358709  0.307107  0.359657  0.295734  0.330434  0.442342  0.560765  0.356625  0.359885  0.314281  0.648722  0.657342  0.401925  0.228109  0.347019  0.305651  0.327928  0.403662  0.305886  0.504492  0.245727  0.336446  0.615632  0.334454 
25  0.473827  0.147188  0.204795  0.240342  0.314348  0.024365  0.072535  0.500713  0.201988  0.210209  0.260111  0.702175  0.365710  0.147765  0.070114  0.367575  0.076877  0.470737  0.156534  0.146803  0.218451  0.091456  0.546046  0.137962  0.306557 0.0  0.008264  0.086435  0.167072  0.584217  0.450877  0.128543  0.302980  0.347371  0.061988  0.143167  0.080386  0.039920  0.335131  0.420290  0.503815  0.141229  0.299645  0.191482  0.567395  0.430162  0.279005  0.393754  0.374869  0.607193  0.405120  0.416842  0.108350  0.555047  0.432769  0.361437  0.585437  0.238118  0.108347  0.421137  0.402640  0.266801  0.210987  0.132692  0.449982  0.094004  0.159159  0.182975  0.238022  0.579862  0.129350  0.476434  0.196652 
26  0.651435  0.017557  0.156810  0.045414  0.348745  0.049525  0.126808  0.532992  0.142657  0.117979  0.300223  0.612479  0.070488  0.042242  0.159606  0.332701  0.133123  0.282102  0.222992  0.038983  0.302724  0.081723  0.554022  0.185899  0.300579  0.008264 0.0  0.217332  0.066480  0.754291  0.438797  0.008844  0.194949  0.329686  0.153870  0.070319  0.168547  0.067974  0.338520  0.290984  0.493330  0.037712  0.233604  0.194219  0.422651  0.419855  0.202154  0.416549  0.326979  0.497214  0.272347  0.524908  0.110875  0.504712  0.322570  0.279111  0.542584  0.113659  0.119003  0.274931  0.296952  0.099663  0.123499  0.032007  0.501749  0.000000  0.113732  0.014162  0.317632  0.484525  0.123955  0.396558  0.181819 
27  0.671663  0.132054  0.207951  0.041524  0.382305  0.084798  0.296564  0.473839  0.156986  0.142332  0.243216  0.628957  0.282437  0.072108  0.171572  0.419451  0.000000  0.303438  0.211491  0.080096  0.243577  0.017695  0.463086  0.083275  0.347078  0.086435  0.217332 0.0  0.123058  0.652919  0.358503  0.065891  0.236872  0.354273  0.106915  0.151898  0.219512  0.000000  0.435146  0.355630  0.484585  0.126041  0.246694  0.209986  0.539549  0.484150  0.192707  0.352112  0.383599  0.571225  0.444890  0.567342  0.097477  0.513192  0.406616  0.379877  0.515017  0.082514  0.084269  0.233329  0.347633  0.000000  0.000000  0.117893  0.561167  0.134850  0.063882  0.091635  0.301338  0.558551  0.091357  0.251933  0.152210 
28  0.381466  0.211440  0.146838  0.002477  0.484484  0.111388  0.036904  0.556178  0.157321  0.034020  0.216703  0.563484  0.293627  0.179893  0.166237  0.288846  0.137761  0.404109  0.151272  0.099873  0.254200  0.138512  0.552974  0.189946  0.419388  0.167072  0.066480  0.123058 0.0  0.462887  0.382536  0.052547  0.259441  0.456844  0.109073  0.149901  0.040905  0.205963  0.335784  0.296521  0.508050  0.132566  0.239221  0.087031  0.580075  0.435103  0.265792  0.477844  0.436723  0.544131  0.268169  0.440449  0.033908  0.434486  0.216479  0.520235  0.496625  0.266263  0.133653  0.399138  0.291624  0.191560  0.022059  0.188979  0.666284  0.227048  0.181554  0.000000  0.250406  0.437998  0.157895  0.647850  0.091571 
29  0.569100  0.497084  0.737033  0.502570  0.696642  0.460389  0.560801  0.454269  0.493973  0.589197  0.817502  0.680403  0.707187  0.473919  0.561945  0.728358  0.549001  0.767929  0.633867  0.590907  0.711200  0.377705  0.487920  0.398994  0.226352  0.584217  0.754291  0.652919  0.462887 0.0  0.857488  0.564145  0.684528  0.710362  0.529852  0.460993  0.661165  0.514648  0.746080  0.764939  0.526346  0.489209  0.668795  0.590923  0.170025  0.831372  0.648450  0.732461  0.757049  0.463116  0.321072  0.134753  0.615749  0.469280  0.748702  0.801723  0.167714  0.451913  0.531034  0.768858  0.640424  0.515332  0.429596  0.454012  0.016201  0.500402  0.558701  0.602435  0.686616  0.053862  0.666900  0.698089  0.568664 
30  0.918859  0.342752  0.485294  0.497333  0.071306  0.335822  0.531238  0.451616  0.381654  0.382550  0.204074  0.775301  0.265528  0.325181  0.346695  0.250568  0.344436  0.123311  0.476289  0.336971  0.160247  0.320178  0.831879  0.331667  0.525260  0.450877  0.438797  0.358503  0.382536  0.857488 0.0  0.420308  0.308761  0.000000  0.435972  0.306445  0.548873  0.375293  0.163640  0.307582  0.865641  0.291417  0.364614  0.449674  0.703889  0.216492  0.384086  0.077755  0.070755  0.880546  0.649765  0.832522  0.466262  0.718251  0.465515  0.065841  0.784848  0.335477  0.404017  0.203276  0.293183  0.372112  0.286650  0.339196  0.792763  0.291051  0.421936  0.352052  0.287967  0.684836  0.480593  0.048711  0.482551 
31  0.560246  0.014936  0.000000  0.206794  0.310327  0.212424  0.056074  0.485955  0.236007  0.305841  0.259442  0.614848  0.222780  0.000000  0.116900  0.333170  0.035985  0.278645  0.049228  0.015091  0.296977  0.000000  0.470670  0.108023  0.189555  0.128543  0.008844  0.065891  0.052547  0.564145  0.420308 0.0  0.289693  0.279316  0.155633  0.000000  0.021600  0.010904  0.460591  0.347333  0.604343  0.000000  0.119229  0.030784  0.433095  0.405397  0.392050  0.334885  0.316216  0.508745  0.315033  0.534949  0.128750  0.312651  0.335755  0.320244  0.630361  0.000000  0.227608  0.292906  0.351312  0.034152  0.204309  0.125304  0.502162  0.035112  0.091840  0.000000  0.342183  0.561750  0.182153  0.270834  0.191676 
32  0.656007  0.265093  0.328732  0.215541  0.203197  0.226546  0.254750  0.509418  0.239337  0.327748  0.206974  0.711169  0.278252  0.150944  0.212262  0.307464  0.297401  0.198543  0.287298  0.390132  0.235059  0.128946  0.624967  0.320382  0.428158  0.302980  0.194949  0.236872  0.259441  0.684528  0.308761  0.289693 0.0  0.156818  0.298506  0.375276  0.193388  0.313263  0.354243  0.335794  0.818347  0.263359  0.342977  0.189027  0.767005  0.270889  0.248906  0.326013  0.249555  0.652571  0.455835  0.680495  0.291487  0.674369  0.253053  0.327306  0.642035  0.262022  0.339934  0.186337  0.264460  0.308896  0.434554  0.251819  0.769287  0.309738  0.283737  0.407208  0.284230  0.662621  0.279308  0.358863  0.256117 
33  0.859119  0.492344  0.384659  0.322353  0.218894  0.343178  0.466082  0.428973  0.397783  0.324396  0.285723  0.776676  0.134210  0.522440  0.342473  0.343193  0.490432  0.165311  0.403571  0.462444  0.264485  0.433885  0.841684  0.435269  0.779748  0.347371  0.329686  0.354273  0.456844  0.710362  0.000000  0.279316  0.156818 0.0  0.301458  0.439829  0.291968  0.440601  0.173017  0.408431  0.884067  0.491303  0.228073  0.270473  0.889322  0.188972  0.237824  0.152683  0.157006  0.819056  0.647783  0.863554  0.480725  0.802227  0.424965  0.148642  0.846490  0.475449  0.370116  0.134691  0.294489  0.396152  0.334140  0.490189  0.946456  0.504922  0.486000  0.413725  0.365495  0.711822  0.353620  0.158199  0.449030 
34  0.585153  0.013569  0.015660  0.148472  0.390041  0.261046  0.086297  0.491382  0.037607  0.266833  0.281758  0.598349  0.345913  0.197414  0.121609  0.320166  0.091470  0.279668  0.071032  0.093007  0.157253  0.112408  0.454894  0.024889  0.281071  0.061988  0.153870  0.106915  0.109073  0.529852  0.435972  0.155633  0.298506  0.301458 0.0  0.126514  0.130663  0.131159  0.495909  0.304374  0.457441  0.121649  0.225195  0.119235  0.592155  0.348397  0.289181  0.298965  0.378713  0.460909  0.301895  0.494079  0.082197  0.516120  0.365811  0.324682  0.456114  0.155838  0.049232  0.349240  0.319107  0.041502  0.017090  0.053332  0.528604  0.005114  0.148274  0.155458  0.215965  0.561340  0.106483  0.382715  0.197445 
35  0.449458  0.305295  0.161037  0.048334  0.488685  0.000000  0.053912  0.467581  0.134326  0.200063  0.295278  0.727643  0.266061  0.257484  0.153001  0.285541  0.173558  0.525423  0.058585  0.191096  0.170696  0.194283  0.524212  0.306056  0.405000  0.143167  0.070319  0.151898  0.149901  0.460993  0.306445  0.000000  0.375276  0.439829  0.126514 0.0  0.076442  0.218247  0.478284  0.343779  0.600500  0.249886  0.383034  0.046309  0.596836  0.605422  0.245599  0.431840  0.307465  0.582855  0.339435  0.548224  0.086861  0.446563  0.295379  0.487544  0.586204  0.304441  0.202117  0.406976  0.333382  0.220627  0.117182  0.256371  0.669753  0.296175  0.269224  0.118025  0.300712  0.464958  0.159412  0.542993  0.177606 
36  0.641640  0.119135  0.214260  0.109103  0.306705  0.020742  0.177400  0.513885  0.158114  0.000000  0.281150  0.717452  0.220895  0.035115  0.093007  0.416872  0.134992  0.334678  0.096150  0.107120  0.333584  0.077069  0.507458  0.111109  0.285789  0.080386  0.168547  0.219512  0.040905  0.661165  0.548873  0.021600  0.193388  0.291968  0.130663  0.076442 0.0  0.016445  0.427865  0.413934  0.545385  0.160431  0.369964  0.180773  0.484098  0.361471  0.230806  0.240608  0.355015  0.607667  0.392041  0.479632  0.114528  0.494750  0.190401  0.296143  0.639956  0.113898  0.218053  0.195544  0.224300  0.174810  0.134712  0.064334  0.567543  0.143977  0.037963  0.074503  0.272118  0.495501  0.158521  0.438884  0.114397 
37  0.486153  0.183978  0.065498  0.100969  0.508742  0.000000  0.061379  0.669932  0.145449  0.065730  0.222969  0.754395  0.290037  0.277299  0.030118  0.302992  0.195875  0.338548  0.016587  0.150339  0.387958  0.253630  0.613114  0.162015  0.476241  0.039920  0.067974  0.000000  0.205963  0.514648  0.375293  0.010904  0.313263  0.440601  0.131159  0.218247  0.016445 0.0  0.315273  0.346281  0.573541  0.075736  0.278593  0.028037  0.643118  0.369637  0.279180  0.456652  0.483692  0.533312  0.348803  0.443832  0.205557  0.458907  0.347838  0.479342  0.509771  0.190373  0.149028  0.480985  0.228096  0.032474  0.039454  0.332914  0.623877  0.251815  0.088810  0.072861  0.282591  0.484090  0.165299  0.492804  0.074126 
38  0.826442  0.459254  0.396124  0.411214  0.211887  0.510152  0.525702  0.481484  0.488077  0.432757  0.240263  0.646949  0.328365  0.398299  0.431194  0.398966  0.445209  0.184162  0.385054  0.383783  0.343290  0.414283  0.809985  0.446266  0.652614  0.335131  0.338520  0.435146  0.335784  0.746080  0.163640  0.460591  0.354243  0.173017  0.495909  0.478284  0.427865  0.315273 0.0  0.397720  0.800660  0.523587  0.329204  0.378335  0.788922  0.141142  0.273206  0.154105  0.123696  0.852151  0.632387  0.759496  0.353681  0.724979  0.346495  0.097595  0.836287  0.361581  0.353411  0.080357  0.449217  0.403641  0.408559  0.277417  0.893372  0.516442  0.410126  0.450819  0.300628  0.831855  0.362736  0.088133  0.474336 
39  0.743419  0.333870  0.261445  0.449962  0.321248  0.318457  0.300120  0.357718  0.452973  0.356372  0.334553  0.731589  0.240316  0.385245  0.429746  0.206635  0.428930  0.400174  0.249477  0.307302  0.231342  0.356162  0.792868  0.319474  0.658891  0.420290  0.290984  0.355630  0.296521  0.764939  0.307582  0.347333  0.335794  0.408431  0.304374  0.343779  0.413934  0.346281  0.397720 0.0  0.735110  0.328022  0.254468  0.438643  0.846896  0.342451  0.233060  0.233993  0.330698  0.769335  0.654826  0.781502  0.320066  0.763049  0.210644  0.273921  0.785444  0.440729  0.482125  0.331789  0.181742  0.446923  0.373204  0.372974  0.735342  0.357015  0.348427  0.361390  0.172531  0.788094  0.490023  0.274617  0.370275 
40  0.057597  0.622531  0.470277  0.477749  0.839815  0.508090  0.506699  0.452710  0.487282  0.491633  0.692182  0.311288  0.690328  0.651361  0.491739  0.908684  0.569725  0.916943  0.508018  0.657454  0.692462  0.634681  0.181367  0.582481  0.343837  0.503815  0.493330  0.484585  0.508050  0.526346  0.865641  0.604343  0.818347  0.884067  0.457441  0.600500  0.545385  0.573541  0.800660  0.735110 0.0  0.643758  0.615839  0.585868  0.641041  0.848691  0.674206  0.932263  0.869732  0.064747  0.211925  0.609932  0.520584  0.044019  0.810851  0.762003  0.541937  0.583884  0.511462  0.854764  0.697389  0.635669  0.400890  0.714538  0.681869  0.733719  0.633356  0.482042  0.695304  0.449448  0.600995  0.841226  0.574670 
41  0.380183  0.218027  0.226422  0.043607  0.467095  0.023797  0.015250  0.527266  0.224780  0.122271  0.283118  0.706135  0.294270  0.218601  0.167174  0.295025  0.216284  0.470893  0.066060  0.055825  0.241181  0.264335  0.564218  0.220902  0.311080  0.141229  0.037712  0.126041  0.132566  0.489209  0.291417  0.000000  0.263359  0.491303  0.121649  0.249886  0.160431  0.075736  0.523587  0.328022  0.643758 0.0  0.298801  0.105717  0.622061  0.399405  0.291870  0.502451  0.507210  0.593802  0.256014  0.548002  0.163225  0.471342  0.390731  0.503959  0.494910  0.178120  0.093365  0.311336  0.276643  0.217305  0.000000  0.120857  0.794916  0.250674  0.229236  0.043618  0.175573  0.450529  0.129155  0.387633  0.180456 
42  0.633356  0.186544  0.286446  0.260112  0.365891  0.255191  0.216531  0.494657  0.282450  0.348292  0.356220  0.696290  0.237720  0.267561  0.399082  0.249939  0.332117  0.237846  0.216910  0.288010  0.336551  0.224411  0.634324  0.340203  0.503009  0.299645  0.233604  0.246694  0.239221  0.668795  0.364614  0.119229  0.342977  0.228073  0.225195  0.383034  0.369964  0.278593  0.329204  0.254468  0.615839  0.298801 0.0  0.349749  0.658660  0.205773  0.259251  0.279561  0.194624  0.639221  0.454130  0.793129  0.256773  0.617529  0.329762  0.192473  0.629260  0.353007  0.288187  0.221340  0.259087  0.335374  0.373195  0.266209  0.713992  0.259825  0.281035  0.190825  0.314231  0.680932  0.187672  0.332349  0.335162 
43  0.580158  0.016895  0.177152  0.003248  0.338431  0.094893  0.216015  0.603964  0.078995  0.051912  0.216128  0.713379  0.208181  0.141043  0.145584  0.314138  0.023890  0.375754  0.076003  0.000000  0.245760  0.000000  0.387227  0.038520  0.113820  0.191482  0.194219  0.209986  0.087031  0.590923  0.449674  0.030784  0.189027  0.270473  0.119235  0.046309  0.180773  0.028037  0.378335  0.438643  0.585868  0.105717  0.349749 0.0  0.457986  0.428816  0.255725  0.387855  0.271199  0.535261  0.339366  0.594860  0.060575  0.421317  0.413129  0.304689  0.626704  0.135576  0.038101  0.261354  0.380812  0.097969  0.032884  0.108884  0.500253  0.214805  0.119373  0.084315  0.297772  0.506630  0.092429  0.234151  0.083277 
44  0.535060  0.671637  0.402477  0.459079  0.754270  0.527751  0.424609  0.424441  0.683603  0.565311  0.742268  0.594593  0.790451  0.645034  0.598787  0.764335  0.624832  0.888214  0.441194  0.640622  0.694085  0.670851  0.548319  0.655132  0.383440  0.567395  0.422651  0.539549  0.580075  0.170025  0.703889  0.433095  0.767005  0.889322  0.592155  0.596836  0.484098  0.643118  0.788922  0.846896  0.641041  0.622061  0.658660  0.457986 0.0  0.848825  0.708967  0.822771  0.966235  0.569494  0.399720  0.081707  0.536249  0.431229  0.761706  0.862555  0.204387  0.593904  0.568534  0.793002  0.805940  0.598076  0.379732  0.526754  0.224703  0.543082  0.572047  0.486121  0.656897  0.101433  0.428147  0.891215  0.657690 
45  0.911892  0.392005  0.465427  0.255512  0.065475  0.385833  0.453195  0.420551  0.374231  0.343549  0.452209  0.710061  0.233030  0.320804  0.311539  0.411230  0.412777  0.171515  0.396586  0.463868  0.301779  0.406338  0.840704  0.353774  0.505940  0.430162  0.419855  0.484150  0.435103  0.831372  0.216492  0.405397  0.270889  0.188972  0.348397  0.605422  0.361471  0.369637  0.141142  0.342451  0.848691  0.399405  0.205773  0.428816  0.848825 0.0  0.181528  0.150841  0.093175  0.801100  0.533698  0.847328  0.423480  0.790467  0.454685  0.135230  0.858567  0.348528  0.359510  0.177433  0.421180  0.449150  0.414535  0.449234  0.824007  0.352609  0.378681  0.379883  0.226867  0.797668  0.363160  0.209547  0.449157 
46  0.584886  0.272058  0.259891  0.309599  0.237828  0.250963  0.292018  0.311438  0.288295  0.250695  0.405421  0.688611  0.208094  0.237456  0.415822  0.303892  0.298812  0.198162  0.346954  0.383166  0.201042  0.284880  0.818304  0.227237  0.494065  0.279005  0.202154  0.192707  0.265792  0.648450  0.384086  0.392050  0.248906  0.237824  0.289181  0.245599  0.230806  0.279180  0.273206  0.233060  0.674206  0.291870  0.259251  0.255725  0.708967  0.181528 0.0  0.324085  0.237771  0.768144  0.522360  0.749613  0.292610  0.679828  0.284625  0.183523  0.653295  0.162012  0.323701  0.218511  0.221368  0.265100  0.364581  0.215164  0.592672  0.222683  0.360133  0.323630  0.252327  0.606576  0.227547  0.287867  0.287318 
47  0.655057  0.559297  0.399103  0.223462  0.214747  0.305359  0.370278  0.442582  0.462603  0.368427  0.299163  0.714017  0.230197  0.397710  0.462725  0.293127  0.526287  0.300941  0.318154  0.496510  0.275632  0.474554  0.962127  0.472613  0.590316  0.393754  0.416549  0.352112  0.477844  0.732461  0.077755  0.334885  0.326013  0.152683  0.298965  0.431840  0.240608  0.456652  0.154105  0.233993  0.932263  0.502451  0.279561  0.387855  0.822771  0.150841  0.324085 0.0  0.138194  0.987225  0.590131  0.886739  0.502093  0.791524  0.341427  0.218200  0.962399  0.571356  0.448306  0.247747  0.274055  0.573295  0.336292  0.408797  0.852931  0.411497  0.390285  0.340665  0.208235  0.711231  0.363027  0.214507  0.282944 
48  0.723165  0.492480  0.366395  0.348131  0.277391  0.316282  0.396298  0.524240  0.513266  0.368884  0.171508  0.712048  0.219576  0.511238  0.317582  0.484092  0.326891  0.210447  0.407299  0.407471  0.201156  0.472273  0.839694  0.346617  0.646455  0.374869  0.326979  0.383599  0.436723  0.757049  0.070755  0.316216  0.249555  0.157006  0.378713  0.307465  0.355015  0.483692  0.123696  0.330698  0.869732  0.507210  0.194624  0.271199  0.966235  0.093175  0.237771  0.138194 0.0  0.813603  0.591214  0.729084  0.348331  0.719507  0.238432  0.317790  0.670586  0.496387  0.396287  0.204722  0.339299  0.467817  0.254238  0.436926  0.914826  0.372131  0.481733  0.345994  0.280740  0.839110  0.425708  0.175828  0.495786 
49  0.112352  0.566743  0.623548  0.576445  0.785924  0.603586  0.529513  0.412216  0.559782  0.610308  0.703254  0.281688  0.772563  0.637492  0.571321  0.754983  0.549987  0.845500  0.485706  0.549461  0.654888  0.529805  0.000000  0.566996  0.358709  0.607193  0.497214  0.571225  0.544131  0.463116  0.880546  0.508745  0.652571  0.819056  0.460909  0.582855  0.607667  0.533312  0.852151  0.769335  0.064747  0.593802  0.639221  0.535261  0.569494  0.801100  0.768144  0.987225  0.813603 0.0  0.415133  0.555680  0.517149  0.190790  0.773490  0.887795  0.611628  0.530501  0.488035  0.816552  0.775897  0.515355  0.534129  0.525035  0.492764  0.501215  0.535907  0.551449  0.730110  0.519783  0.552330  0.828071  0.526348 
50  0.357228  0.344900  0.303670  0.304108  0.561978  0.408622  0.338653  0.481291  0.382721  0.396770  0.450737  0.396370  0.454907  0.373147  0.316181  0.533979  0.309104  0.559328  0.403887  0.381151  0.546693  0.287655  0.317087  0.375662  0.307107  0.405120  0.272347  0.444890  0.268169  0.321072  0.649765  0.315033  0.455835  0.647783  0.301895  0.339435  0.392041  0.348803  0.632387  0.654826  0.211925  0.256014  0.454130  0.339366  0.399720  0.533698  0.522360  0.590131  0.591214  0.415133 0.0  0.355000  0.334813  0.326989  0.554562  0.625399  0.380999  0.207515  0.298351  0.736220  0.512812  0.294779  0.409264  0.310577  0.328814  0.286663  0.377398  0.344348  0.423929  0.385513  0.492004  0.674558  0.286388 
51  0.512398  0.494809  0.532355  0.604113  0.831644  0.658390  0.548257  0.511825  0.452432  0.525394  0.665018  0.533285  0.681956  0.491177  0.540423  0.797100  0.510543  0.819598  0.573863  0.491195  0.622397  0.534845  0.448629  0.565978  0.359657  0.416842  0.524908  0.567342  0.440449  0.134753  0.832522  0.534949  0.680495  0.863554  0.494079  0.548224  0.479632  0.443832  0.759496  0.781502  0.609932  0.548002  0.793129  0.594860  0.081707  0.847328  0.749613  0.886739  0.729084  0.555680  0.355000 0.0  0.543794  0.537591  0.821213  0.755771  0.218424  0.537540  0.495348  0.922853  0.805946  0.503347  0.630482  0.513424  0.194629  0.564123  0.502592  0.536777  0.715634  0.107296  0.568407  0.770276  0.591947 
52  0.457158  0.150880  0.191332  0.100019  0.458189  0.096904  0.155148  0.517201  0.088342  0.015919  0.192925  0.713881  0.294378  0.152508  0.187684  0.359028  0.156375  0.318935  0.161923  0.040306  0.247507  0.124425  0.552217  0.142211  0.295734  0.108350  0.110875  0.097477  0.033908  0.615749  0.466262  0.128750  0.291487  0.480725  0.082197  0.086861  0.114528  0.205557  0.353681  0.320066  0.520584  0.163225  0.256773  0.060575  0.536249  0.423480  0.292610  0.502093  0.348331  0.517149  0.334813  0.543794 0.0  0.458703  0.399098  0.435252  0.562473  0.202232  0.150432  0.307530  0.330200  0.177885  0.173553  0.163090  0.585158  0.099555  0.272817  0.000000  0.204451  0.531663  0.107069  0.409658  0.082878 
53  0.111586  0.481504  0.472834  0.481403  0.804467  0.465155  0.540421  0.479651  0.428107  0.511670  0.632785  0.326198  0.691384  0.401091  0.591337  0.682674  0.480384  0.814716  0.459256  0.573708  0.662564  0.478574  0.101593  0.468091  0.330434  0.555047  0.504712  0.513192  0.434486  0.469280  0.718251  0.312651  0.674369  0.802227  0.516120  0.446563  0.494750  0.458907  0.724979  0.763049  0.044019  0.471342  0.617529  0.421317  0.431229  0.790467  0.679828  0.791524  0.719507  0.190790  0.326989  0.537591  0.458703 0.0  0.800004  0.827753  0.559829  0.473664  0.613695  0.680818  0.648430  0.467724  0.655046  0.496980  0.307696  0.474807  0.523087  0.611206  0.682406  0.495535  0.517673  0.805678  0.452555 
