73
0 0.0  0.262619  0.343955  0.472385  0.313511  0.597816  0.477879  0.073419  0.264107  0.197649  0.153852  0.495499  0.388672  0.465006  0.271371  0.510992  0.853681  0.510265  0.075709  0.311320  0.158232  0.278016  0.478222  0.222652  0.332591  0.408942  0.459831  0.460508  0.360863  0.536513  0.450168  0.046472  0.138193  0.332455  0.319497  0.000000  0.330457  0.434247  0.374984  0.493022  0.325195  0.764604  0.180240  0.314995  0.768002  0.429577  0.506087  0.346631  0.293832  0.817049  0.081982  0.115567  0.571781  0.267610  0.261045  0.416926  0.416205  0.100781  0.000000  0.295088  0.298022  0.081036  0.227228  0.391180  0.415776  0.413522  0.951988  0.039498  0.261329  0.297468  0.425781  0.263673  0.517344 
1  0.262619 0.0  0.307259  0.291601  0.336547  0.505733  0.421408  0.420182  0.331645  0.359215  0.367513  0.241256  0.323267  0.450922  0.328325  0.331617  0.714387  0.619653  0.384493  0.139918  0.334851  0.273511  0.212171  0.335449  0.288962  0.391568  0.329948  0.242080  0.387458  0.231053  0.345037  0.405909  0.384894  0.348281  0.296252  0.409539  0.306085  0.335109  0.437014  0.290360  0.252017  0.914863  0.323470  0.378847  0.940495  0.280341  0.309313  0.271248  0.018946  0.706465  0.350902  0.370985  0.698320  0.273088  0.461491  0.452311  0.387393  0.355832  0.329916  0.365964  0.350228  0.243579  0.255483  0.384329  0.379595  0.263046  0.738299  0.265401  0.308327  0.044747  0.303069  0.162774  0.393419 
2  0.343955  0.307259 0.0  0.142350  0.251256  0.308673  0.073882  0.586386  0.317913  0.327755  0.466765  0.170550  0.072397  0.074379  0.000000  0.061237  0.559169  0.362153  0.513816  0.366332  0.422053  0.157205  0.126640  0.163890  0.085862  0.012344  0.139179  0.319858  0.153498  0.053441  0.000000  0.434945  0.577865  0.063367  0.297803  0.466561  0.310529  0.178489  0.235442  0.000000  0.204051  0.467969  0.472420  0.197668  0.539013  0.153445  0.079460  0.092383  0.296491  0.485058  0.457963  0.353011  0.561675  0.261100  0.191511  0.127442  0.096706  0.432124  0.480993  0.291721  0.086871  0.477353  0.314416  0.141360  0.167566  0.312921  0.474109  0.516543  0.022198  0.492304  0.132154  0.154232  0.236949 
3  0.472385  0.291601  0.142350 0.0  0.044674  0.303754  0.156647  0.379880  0.296191  0.076006  0.399400  0.276674  0.205410  0.170940  0.039741  0.113335  0.613976  0.268401  0.355005  0.357971  0.391240  0.049676  0.175128  0.077918  0.174222  0.090477  0.048911  0.329839  0.154611  0.226733  0.039920  0.326368  0.465086  0.127138  0.273604  0.426202  0.096073  0.012198  0.052190  0.205479  0.267401  0.536645  0.341141  0.162214  0.494776  0.026896  0.220702  0.000000  0.442195  0.549688  0.453770  0.429723  0.514997  0.334595  0.000000  0.128673  0.259016  0.298549  0.366940  0.036436  0.042510  0.391202  0.209393  0.103783  0.123910  0.309289  0.651564  0.302425  0.026469  0.455664  0.219035  0.422558  0.073648 
4  0.313511  0.336547  0.251256  0.044674 0.0  0.344239  0.003334  0.549634  0.255000  0.256569  0.368613  0.141603  0.048094  0.154313  0.278963  0.121181  0.517207  0.394404  0.482659  0.329604  0.434263  0.106610  0.053617  0.117598  0.068018  0.071462  0.197829  0.279124  0.133061  0.000000  0.151770  0.442939  0.418153  0.060321  0.225553  0.517445  0.087006  0.165742  0.239687  0.042025  0.303753  0.645437  0.436488  0.262227  0.582887  0.124702  0.166073  0.162661  0.499450  0.577345  0.546374  0.451528  0.519244  0.291663  0.238573  0.088810  0.069520  0.489940  0.467595  0.269143  0.145872  0.403152  0.245609  0.174266  0.134260  0.383906  0.529656  0.471841  0.074726  0.386209  0.181676  0.348574  0.230526 
5  0.597816  0.505733  0.308673  0.303754  0.344239 0.0  0.360308  0.719796  0.571827  0.300445  0.511952  0.357390  0.305841  0.399732  0.462308  0.360291  0.337451  0.389382  0.479596  0.618902  0.588939  0.237453  0.329567  0.332694  0.359177  0.374812  0.328410  0.559956  0.322009  0.351628  0.368778  0.640803  0.662959  0.390319  0.533408  0.620557  0.285648  0.374761  0.304540  0.400806  0.511245  0.279035  0.507768  0.240275  0.309996  0.345893  0.275372  0.379141  0.694325  0.386314  0.566158  0.499986  0.353726  0.476017  0.265115  0.265773  0.343823  0.580388  0.627886  0.356308  0.444789  0.635786  0.454552  0.428427  0.329906  0.525606  0.315299  0.552217  0.377973  0.541375  0.303194  0.437948  0.313794 
6  0.477879  0.421408  0.073882  0.156647  0.003334  0.360308 0.0  0.403767  0.201885  0.097793  0.309663  0.201600  0.252760  0.177918  0.000000  0.279864  0.554203  0.370345  0.293620  0.297552  0.348203  0.009877  0.145181  0.023641  0.064176  0.169518  0.067122  0.335484  0.179003  0.254232  0.106107  0.223618  0.352636  0.031248  0.180231  0.408653  0.085158  0.000000  0.064236  0.189526  0.254570  0.561181  0.402423  0.065602  0.591656  0.092861  0.074761  0.072710  0.327263  0.526225  0.379695  0.323901  0.503519  0.348648  0.118798  0.204651  0.211589  0.284271  0.372436  0.226243  0.104192  0.361670  0.269821  0.048240  0.151536  0.409355  0.554203  0.297177  0.093215  0.439680  0.212225  0.189095  0.100688 
7  0.073419  0.420182  0.586386  0.379880  0.549634  0.719796  0.403767 0.0  0.190075  0.524456  0.179932  0.368689  0.314298  0.350995  0.567548  0.312771  0.671820  0.601012  0.303934  0.388331  0.214750  0.347097  0.253467  0.411955  0.253858  0.397867  0.403638  0.290568  0.409618  0.286215  0.352697  0.162732  0.081635  0.305458  0.342050  0.091367  0.429759  0.494867  0.450068  0.391368  0.357720  0.810110  0.187875  0.509124  0.933459  0.305432  0.252693  0.501113  0.276333  0.893326  0.205018  0.108066  0.943736  0.235450  0.563570  0.283321  0.393488  0.144033  0.251092  0.405010  0.503029  0.223361  0.200217  0.484521  0.366476  0.292116  0.773930  0.315409  0.320284  0.345108  0.356484  0.284481  0.488221 
8  0.264107  0.331645  0.317913  0.296191  0.255000  0.571827  0.201885  0.190075 0.0  0.377020  0.278506  0.359628  0.260811  0.266779  0.317613  0.283278  0.714108  0.375647  0.265923  0.256773  0.314251  0.339934  0.276824  0.220361  0.291537  0.228320  0.210769  0.271014  0.268858  0.257482  0.325158  0.306489  0.273648  0.270945  0.265272  0.221352  0.176547  0.231061  0.184737  0.200801  0.318731  0.653913  0.242600  0.374766  0.595204  0.252966  0.248861  0.280527  0.222225  0.698678  0.259104  0.125985  0.595077  0.224236  0.327575  0.173671  0.174396  0.228968  0.201881  0.197725  0.219076  0.269640  0.296824  0.246739  0.226704  0.334745  0.749809  0.299335  0.205084  0.330222  0.210880  0.318581  0.332863 
9  0.197649  0.359215  0.327755  0.076006  0.256569  0.300445  0.097793  0.524456  0.377020 0.0  0.444117  0.059529  0.171711  0.110355  0.140187  0.046798  0.605664  0.392300  0.357552  0.257828  0.343444  0.032370  0.153999  0.315787  0.000000  0.156892  0.157487  0.338750  0.129555  0.048746  0.013954  0.365820  0.443048  0.013942  0.283025  0.410075  0.137867  0.139146  0.176325  0.100540  0.312305  0.501180  0.512668  0.177941  0.587665  0.142120  0.057864  0.113296  0.323280  0.522622  0.613340  0.312673  0.559563  0.185208  0.098458  0.000000  0.096433  0.563965  0.409158  0.129475  0.165113  0.510391  0.311205  0.188976  0.101850  0.381272  0.404327  0.447339  0.013446  0.430138  0.127088  0.243105  0.244150 
10  0.153852  0.367513  0.466765  0.399400  0.368613  0.511952  0.309663  0.179932  0.278506  0.444117 0.0  0.347802  0.375815  0.347395  0.407803  0.393209  0.722224  0.496886  0.047105  0.446080  0.152962  0.359510  0.350039  0.418574  0.480508  0.468006  0.441458  0.363485  0.360681  0.556961  0.271740  0.020182  0.112385  0.355400  0.253272  0.098438  0.443651  0.406367  0.371486  0.289693  0.287916  0.819281  0.157753  0.370934  0.780471  0.349044  0.313993  0.389157  0.398799  0.819399  0.216985  0.139600  0.725224  0.278461  0.356228  0.444964  0.427098  0.115736  0.057409  0.282502  0.364384  0.136964  0.281995  0.459640  0.491499  0.345045  0.818907  0.167202  0.341523  0.329723  0.399603  0.298989  0.406529 
11  0.495499  0.241256  0.170550  0.276674  0.141603  0.357390  0.201600  0.368689  0.359628  0.059529  0.347802 0.0  0.172769  0.162270  0.078945  0.184885  0.581848  0.111024  0.377426  0.340178  0.361176  0.000000  0.132641  0.128387  0.204073  0.084116  0.076282  0.340278  0.024477  0.372349  0.137729  0.320848  0.365695  0.061216  0.201559  0.386122  0.168302  0.135445  0.088263  0.237434  0.263455  0.625495  0.304084  0.108481  0.591431  0.108897  0.232674  0.000000  0.370419  0.523885  0.281906  0.434375  0.461693  0.372802  0.071416  0.100388  0.255053  0.379197  0.383490  0.060799  0.113636  0.321147  0.192525  0.101313  0.059288  0.309875  0.526557  0.321034  0.120363  0.348983  0.218871  0.368976  0.000000 
12  0.388672  0.323267  0.072397  0.205410  0.048094  0.305841  0.252760  0.314298  0.260811  0.171711  0.375815  0.172769 0.0  0.190761  0.056097  0.123755  0.587677  0.301616  0.341611  0.404008  0.368970  0.020147  0.155778  0.056424  0.095358  0.195874  0.009064  0.469652  0.198823  0.238795  0.000000  0.306151  0.381793  0.166602  0.350573  0.432340  0.000000  0.031108  0.086568  0.160638  0.256111  0.461162  0.293956  0.102811  0.497194  0.264275  0.128797  0.000000  0.341359  0.552961  0.357775  0.262341  0.456502  0.259403  0.104544  0.184625  0.179453  0.307030  0.325491  0.173726  0.051229  0.398847  0.273819  0.000000  0.171572  0.327403  0.580704  0.446065  0.047255  0.404643  0.274177  0.221119  0.088943 
13  0.465006  0.450922  0.074379  0.170940  0.154313  0.399732  0.177918  0.350995  0.266779  0.110355  0.347395  0.162270  0.190761 0.0  0.037898  0.260126  0.542008  0.179294  0.290828  0.353741  0.476910  0.034932  0.280019  0.016020  0.000000  0.050175  0.126332  0.390317  0.162640  0.132141  0.072251  0.351541  0.453363  0.033225  0.236276  0.314463  0.000000  0.057826  0.039187  0.247928  0.320637  0.529083  0.301174  0.070906  0.466230  0.146519  0.109063  0.118354  0.314719  0.569532  0.198543  0.444860  0.528752  0.431767  0.145854  0.198220  0.237729  0.447795  0.384191  0.103822  0.035626  0.340004  0.272039  0.060022  0.085476  0.275668  0.624782  0.277425  0.115061  0.494332  0.184668  0.255876  0.000000 
14  0.271371  0.328325  0.000000  0.039741  0.278963  0.462308  0.000000  0.567548  0.317613  0.140187  0.407803  0.078945  0.056097  0.037898 0.0  0.173785  0.533746  0.425730  0.437913  0.341926  0.400541  0.000000  0.085172  0.180513  0.023285  0.081216  0.219993  0.329434  0.142057  0.126737  0.083906  0.350401  0.392058  0.053130  0.225823  0.480055  0.202053  0.267166  0.214923  0.123189  0.217324  0.481309  0.489210  0.192797  0.598784  0.145688  0.142911  0.112018  0.363762  0.484560  0.497198  0.274881  0.584254  0.314914  0.224065  0.083471  0.021087  0.459638  0.408792  0.132381  0.245471  0.462464  0.254200  0.155559  0.099321  0.358635  0.431260  0.452023  0.086107  0.357036  0.000000  0.295509  0.250450 
15  0.510992  0.331617  0.061237  0.113335  0.121181  0.360291  0.279864  0.312771  0.283278  0.046798  0.393209  0.184885  0.123755  0.260126  0.173785 0.0  0.649694  0.181737  0.294976  0.211552  0.444860  0.107581  0.155850  0.066657  0.000000  0.097286  0.000000  0.280968  0.139668  0.217824  0.149562  0.201773  0.328323  0.058137  0.226981  0.363751  0.072435  0.080824  0.026170  0.183042  0.361886  0.426802  0.296698  0.099163  0.659533  0.105471  0.247834  0.076670  0.461364  0.542651  0.350648  0.335979  0.528938  0.268623  0.141904  0.224484  0.233159  0.417682  0.284331  0.086203  0.013486  0.313289  0.336195  0.010051  0.134927  0.334074  0.699702  0.397448  0.120252  0.398627  0.235427  0.262199  0.046462 
16  0.853681  0.714387  0.559169  0.613976  0.517207  0.337451  0.554203  0.671820  0.714108  0.605664  0.722224  0.581848  0.587677  0.542008  0.533746  0.649694 0.0  0.347601  0.780033  0.838181  0.787326  0.531724  0.464188  0.491469  0.450833  0.571908  0.567852  0.813453  0.511006  0.554255  0.565508  0.849460  0.807537  0.551912  0.726212  0.775519  0.517050  0.601067  0.469070  0.579246  0.709912  0.139631  0.770223  0.586660  0.553360  0.511981  0.646033  0.574416  0.796041  0.213240  0.748439  0.847754  0.064174  0.830008  0.620775  0.508559  0.676966  0.655914  0.902644  0.501026  0.606311  0.776617  0.649723  0.593033  0.462958  0.803411  0.452362  0.858348  0.590831  0.730925  0.541388  0.681810  0.620609 
17  0.510265  0.619653  0.362153  0.268401  0.394404  0.389382  0.370345  0.601012  0.375647  0.392300  0.496886  0.111024  0.301616  0.179294  0.425730  0.181737  0.347601 0.0  0.783101  0.521536  0.590020  0.179045  0.328329  0.397661  0.306668  0.450099  0.424029  0.482012  0.421664  0.420023  0.248472  0.774215  0.646483  0.307236  0.540834  0.635701  0.399524  0.407472  0.381747  0.235920  0.326391  0.341313  0.762823  0.534030  0.321467  0.287501  0.238376  0.268849  0.477184  0.314494  0.628708  0.495784  0.359669  0.509172  0.457622  0.229157  0.365204  0.694606  0.727632  0.364231  0.381391  0.677782  0.489101  0.330649  0.398087  0.586463  0.383717  0.571058  0.351240  0.620829  0.178752  0.484306  0.294636 
18  0.075709  0.384493  0.513816  0.355005  0.482659  0.479596  0.293620  0.303934  0.265923  0.357552  0.047105  0.377426  0.341611  0.290828  0.437913  0.294976  0.780033  0.783101 0.0  0.388824  0.150147  0.257234  0.384649  0.537132  0.287301  0.446114  0.388131  0.344507  0.430477  0.336415  0.335306  0.285105  0.090741  0.300809  0.243755  0.141800  0.495688  0.403647  0.513416  0.356677  0.270262  0.847063  0.276222  0.498327  0.721991  0.339915  0.325936  0.367348  0.356812  0.754147  0.194683  0.084900  0.825430  0.284839  0.494807  0.323592  0.226151  0.146177  0.181495  0.465169  0.540196  0.178125  0.275035  0.528342  0.389877  0.361658  0.794065  0.172074  0.426401  0.497133  0.373632  0.291731  0.495022 
19  0.311320  0.139918  0.366332  0.357971  0.329604  0.618902  0.297552  0.388331  0.256773  0.257828  0.446080  0.340178  0.404008  0.353741  0.341926  0.211552  0.838181  0.521536  0.388824 0.0  0.369968  0.342680  0.350532  0.298581  0.339501  0.362635  0.429328  0.253312  0.399143  0.348624  0.465197  0.303855  0.412257  0.326987  0.309996  0.431456  0.327703  0.351269  0.326594  0.339356  0.269954  0.859864  0.335332  0.245151  0.793594  0.456006  0.310207  0.353402  0.074017  0.851204  0.431145  0.405987  0.704927  0.233335  0.297988  0.286328  0.384645  0.345384  0.428416  0.305589  0.260134  0.291646  0.269839  0.300935  0.365117  0.258383  0.683337  0.279293  0.353122  0.114444  0.372562  0.302481  0.324791 
20  0.158232  0.334851  0.422053  0.391240  0.434263  0.588939  0.348203  0.214750  0.314251  0.343444  0.152962  0.361176  0.368970  0.476910  0.400541  0.444860  0.787326  0.590020  0.150147  0.369968 0.0  0.425673  0.397777  0.334841  0.473272  0.368290  0.462864  0.304217  0.529336  0.380794  0.456916  0.066988  0.131342  0.395828  0.293944  0.110394  0.352707  0.428170  0.424165  0.517838  0.326436  0.821612  0.241764  0.394189  0.804077  0.344114  0.522832  0.347473  0.340448  0.851985  0.151238  0.165551  0.712300  0.293251  0.404933  0.353304  0.495193  0.076810  0.128555  0.461321  0.381192  0.056834  0.234433  0.371170  0.390152  0.313220  0.875772  0.152326  0.477023  0.326738  0.408163  0.299664  0.405209 
21  0.278016  0.273511  0.157205  0.049676  0.106610  0.237453  0.009877  0.347097  0.339934  0.032370  0.359510  0.000000  0.020147  0.034932  0.000000  0.107581  0.531724  0.179045  0.257234  0.342680  0.425673 0.0  0.094463  0.099136  0.141512  0.058220  0.028773  0.342883  0.013225  0.000000  0.258439  0.339135  0.445862  0.175239  0.391924  0.412078  0.065746  0.076061  0.081229  0.104033  0.255259  0.585197  0.383412  0.136340  0.622246  0.024446  0.010113  0.191181  0.456016  0.590518  0.333904  0.398860  0.519593  0.351337  0.060094  0.052850  0.000000  0.358348  0.345699  0.091791  0.061952  0.280851  0.223629  0.018769  0.139021  0.323837  0.485211  0.267484  0.055382  0.494812  0.121491  0.285961  0.164117 
22  0.478222  0.212171  0.126640  0.175128  0.053617  0.329567  0.145181  0.253467  0.276824  0.153999  0.350039  0.132641  0.155778  0.280019  0.085172  0.155850  0.464188  0.328329  0.384649  0.350532  0.397777  0.094463 0.0  0.061229  0.050743  0.010147  0.077047  0.373265  0.213914  0.179302  0.171171  0.286357  0.335049  0.050156  0.266703  0.308362  0.076475  0.020694  0.000000  0.236079  0.146176  0.502515  0.312055  0.004890  0.475298  0.021386  0.248689  0.000000  0.182749  0.478793  0.312778  0.395014  0.433012  0.281061  0.056201  0.100631  0.143204  0.377227  0.275142  0.085109  0.176831  0.250665  0.181564  0.000000  0.131127  0.356042  0.612427  0.291251  0.000000  0.428079  0.350897  0.240276  0.061084 
23  0.222652  0.335449  0.163890  0.077918  0.117598  0.332694  0.023641  0.411955  0.220361  0.315787  0.418574  0.128387  0.056424  0.016020  0.180513  0.066657  0.491469  0.397661  0.537132  0.298581  0.334841  0.099136  0.061229 0.0  0.139459  0.124309  0.277449  0.368358  0.158562  0.079747  0.175702  0.501453  0.435203  0.147013  0.272491  0.372561  0.231176  0.234809  0.167298  0.083628  0.261734  0.503316  0.562025  0.095334  0.567025  0.028810  0.063848  0.032776  0.343628  0.661382  0.447961  0.286360  0.572048  0.323486  0.206912  0.014169  0.075744  0.384749  0.388891  0.258261  0.150546  0.454850  0.265670  0.235369  0.102383  0.299107  0.433507  0.510651  0.043395  0.305366  0.107188  0.267128  0.115075 
24  0.332591  0.288962  0.085862  0.174222  0.068018  0.359177  0.064176  0.253858  0.291537  0.000000  0.480508  0.204073  0.095358  0.000000  0.023285  0.000000  0.450833  0.306668  0.287301  0.339501  0.473272  0.141512  0.050743  0.139459 0.0  0.135690  0.198930  0.381775  0.204235  0.000000  0.236982  0.305021  0.380626  0.166550  0.342859  0.539662  0.042138  0.077605  0.048455  0.028286  0.233712  0.481302  0.357315  0.026140  0.522688  0.099359  0.050346  0.163050  0.439950  0.535887  0.328264  0.347758  0.408001  0.297820  0.048987  0.094206  0.101809  0.265994  0.390704  0.109986  0.126558  0.289108  0.295831  0.094358  0.121558  0.339210  0.480309  0.287767  0.053999  0.404744  0.000000  0.267277  0.131513 
25  0.408942  0.391568  0.012344  0.090477  0.071462  0.374812  0.169518  0.397867  0.228320  0.156892  0.468006  0.084116  0.195874  0.050175  0.081216  0.097286  0.571908  0.450099  0.446114  0.362635  0.368290  0.058220  0.010147  0.124309  0.135690 0.0  0.111194  0.370120  0.171662  0.046302  0.133114  0.424165  0.452101  0.032268  0.259799  0.328890  0.122003  0.184305  0.190145  0.184070  0.214597  0.461400  0.316008  0.121831  0.539695  0.139060  0.142893  0.078488  0.436528  0.518874  0.406275  0.470291  0.561728  0.160976  0.046478  0.097649  0.044326  0.406578  0.363935  0.148042  0.187024  0.361496  0.187969  0.114448  0.045351  0.467693  0.482477  0.465174  0.079476  0.424861  0.155308  0.233016  0.139848 
26  0.459831  0.329948  0.139179  0.048911  0.197829  0.328410  0.067122  0.403638  0.210769  0.157487  0.441458  0.076282  0.009064  0.126332  0.219993  0.000000  0.567852  0.424029  0.388131  0.429328  0.462864  0.028773  0.077047  0.277449  0.198930  0.111194 0.0  0.316339  0.092482  0.061778  0.000000  0.400045  0.371116  0.028683  0.214279  0.420652  0.210233  0.220158  0.189965  0.023298  0.307842  0.398690  0.397913  0.233529  0.450491  0.174978  0.186316  0.054371  0.296891  0.574951  0.540479  0.480930  0.619062  0.330567  0.079914  0.023174  0.050306  0.518164  0.532553  0.174518  0.091052  0.387016  0.328857  0.120245  0.031215  0.442463  0.509474  0.435365  0.024710  0.298980  0.173779  0.287135  0.267104 
27  0.460508  0.242080  0.319858  0.329839  0.279124  0.559956  0.335484  0.290568  0.271014  0.338750  0.363485  0.340278  0.469652  0.390317  0.329434  0.280968  0.813453  0.482012  0.344507  0.253312  0.304217  0.342883  0.373265  0.368358  0.381775  0.370120  0.316339 0.0  0.301277  0.388816  0.316507  0.336976  0.410712  0.339129  0.383503  0.466706  0.304042  0.348148  0.364997  0.294921  0.202764  0.820513  0.419023  0.314959  0.835307  0.450018  0.386624  0.398116  0.167670  0.699322  0.338845  0.369199  0.715694  0.257835  0.243648  0.340930  0.290875  0.239649  0.276766  0.276845  0.434256  0.304657  0.299657  0.309049  0.458594  0.040711  0.846750  0.231733  0.300242  0.141828  0.310458  0.342720  0.327428 
28  0.360863  0.387458  0.153498  0.154611  0.133061  0.322009  0.179003  0.409618  0.268858  0.129555  0.360681  0.024477  0.198823  0.162640  0.142057  0.139668  0.511006  0.421664  0.430477  0.399143  0.529336  0.013225  0.213914  0.158562  0.204235  0.171662  0.092482  0.301277 0.0  0.094274  0.076592  0.377567  0.400481  0.182695  0.275331  0.345645  0.120828  0.088181  0.016088  0.230042  0.140989  0.503991  0.384920  0.143199  0.529458  0.148669  0.188511  0.158959  0.376301  0.554499  0.413609  0.434893  0.410504  0.263788  0.137372  0.245326  0.111611  0.324832  0.368504  0.120966  0.060257  0.403847  0.268955  0.082823  0.116071  0.378744  0.563078  0.340266  0.121222  0.379132  0.122749  0.262915  0.245950 
29  0.536513  0.231053  0.053441  0.226733  0.000000  0.351628  0.254232  0.286215  0.257482  0.048746  0.556961  0.372349  0.238795  0.132141  0.126737  0.217824  0.554255  0.420023  0.336415  0.348624  0.380794  0.000000  0.179302  0.079747  0.000000  0.046302  0.061778  0.388816  0.094274 0.0  0.000000  0.241201  0.399796  0.006505  0.194598  0.227304  0.171569  0.070013  0.159069  0.193161  0.207687  0.576905  0.311792  0.075285  0.482701  0.107844  0.208836  0.055246  0.397440  0.440669  0.289021  0.309574  0.420514  0.192242  0.068079  0.176642  0.160759  0.364508  0.392279  0.019967  0.137138  0.483569  0.231116  0.000000  0.113918  0.326822  0.562446  0.314600  0.039997  0.405869  0.135004  0.241676  0.097749 
30  0.450168  0.345037  0.000000  0.039920  0.151770  0.368778  0.106107  0.352697  0.325158  0.013954  0.271740  0.137729  0.000000  0.072251  0.083906  0.149562  0.565508  0.248472  0.335306  0.465197  0.456916  0.258439  0.171171  0.175702  0.236982  0.133114  0.000000  0.316507  0.076592  0.000000 0.0  0.390050  0.413520  0.112155  0.318994  0.419953  0.063944  0.055529  0.022857  0.131562  0.150706  0.518527  0.390505  0.109283  0.552878  0.271509  0.000000  0.184074  0.448591  0.613026  0.349873  0.393045  0.533313  0.310734  0.034582  0.077689  0.050771  0.375672  0.317736  0.192222  0.030749  0.343837  0.276185  0.147220  0.148385  0.279069  0.513913  0.351330  0.032656  0.418164  0.056645  0.230577  0.027202 
31  0.046472  0.405909  0.434945  0.326368  0.442939  0.640803  0.223618  0.162732  0.306489  0.365820  0.020182  0.320848  0.306151  0.351541  0.350401  0.201773  0.849460  0.774215  0.285105  0.303855  0.066988  0.339135  0.286357  0.501453  0.305021  0.424165  0.400045  0.336976  0.377567  0.241201  0.390050 0.0  0.069546  0.299112  0.313306  0.193658  0.425435  0.413737  0.553126  0.307343  0.265644  0.823453  0.271321  0.460892  0.763463  0.499894  0.366805  0.331948  0.222121  0.865999  0.176465  0.205728  0.794981  0.181145  0.510419  0.376178  0.391943  0.269094  0.250907  0.462461  0.462431  0.157280  0.311034  0.447177  0.442855  0.418049  0.753891  0.280932  0.405357  0.391347  0.318539  0.248161  0.475139 
32  0.138193  0.384894  0.577865  0.465086  0.418153  0.662959  0.352636  0.081635  0.273648  0.443048  0.112385  0.365695  0.381793  0.453363  0.392058  0.328323  0.807537  0.646483  0.090741  0.412257  0.131342  0.445862  0.335049  0.435203  0.380626  0.452101  0.371116  0.410712  0.400481  0.399796  0.413520  0.069546 0.0  0.465201  0.330015  0.130370  0.415757  0.415954  0.468707  0.541639  0.217163  0.937303  0.187668  0.388246  0.840852  0.306422  0.423652  0.480366  0.481511  0.824532  0.153349  0.168445  0.828875  0.308173  0.408155  0.301712  0.437125  0.110907  0.179236  0.356433  0.433825  0.156120  0.392846  0.403555  0.518800  0.442425  0.759227  0.145288  0.416937  0.399730  0.348951  0.269079  0.454897 
33  0.332455  0.348281  0.063367  0.127138  0.060321  0.390319  0.031248  0.305458  0.270945  0.013942  0.355400  0.061216  0.166602  0.033225  0.053130  0.058137  0.551912  0.307236  0.300809  0.326987  0.395828  0.175239  0.050156  0.147013  0.166550  0.032268  0.028683  0.339129  0.182695  0.006505  0.112155  0.299112  0.465201 0.0  0.258030  0.381742  0.000000  0.084999  0.161504  0.144556  0.260678  0.430900  0.454924  0.039716  0.564392  0.171010  0.044892  0.223723  0.434044  0.571532  0.468580  0.412406  0.464232  0.163480  0.015933  0.114509  0.074586  0.386455  0.325536  0.172721  0.079752  0.384190  0.305144  0.128351  0.106055  0.340724  0.526636  0.341926  0.085072  0.358027  0.134962  0.282032  0.057463 
34  0.319497  0.296252  0.297803  0.273604  0.225553  0.533408  0.180231  0.342050  0.265272  0.283025  0.253272  0.201559  0.350573  0.236276  0.225823  0.226981  0.726212  0.540834  0.243755  0.309996  0.293944  0.391924  0.266703  0.272491  0.342859  0.259799  0.214279  0.383503  0.275331  0.194598  0.318994  0.313306  0.330015  0.258030 0.0  0.248784  0.203592  0.415433  0.223137  0.308395  0.310931  0.746871  0.316592  0.298400  0.688649  0.313036  0.188735  0.237157  0.336319  0.736901  0.296283  0.230010  0.637218  0.306049  0.256287  0.198994  0.328253  0.266710  0.253916  0.304656  0.299202  0.313555  0.180741  0.318683  0.307273  0.222464  0.644314  0.257126  0.243451  0.234212  0.181201  0.230390  0.300584 
35  0.000000  0.409539  0.466561  0.426202  0.517445  0.620557  0.408653  0.091367  0.221352  0.410075  0.098438  0.386122  0.432340  0.314463  0.480055  0.363751  0.775519  0.635701  0.141800  0.431456  0.110394  0.412078  0.308362  0.372561  0.539662  0.328890  0.420652  0.466706  0.345645  0.227304  0.419953  0.193658  0.130370  0.381742  0.248784 0.0  0.463194  0.386473  0.333223  0.360463  0.253143  0.855569  0.161195  0.449081  0.880849  0.303189  0.296916  0.531334  0.408204  0.792626  0.107943  0.129431  0.907175  0.259983  0.462988  0.498680  0.469846  0.114845  0.093058  0.354424  0.475871  0.184194  0.242984  0.423829  0.444519  0.414824  0.771971  0.169082  0.471738  0.415479  0.299989  0.349947  0.335149 
36  0.330457  0.306085  0.310529  0.096073  0.087006  0.285648  0.085158  0.429759  0.176547  0.137867  0.443651  0.168302  0.000000  0.000000  0.202053  0.072435  0.517050  0.399524  0.495688  0.327703  0.352707  0.065746  0.076475  0.231176  0.042138  0.122003  0.210233  0.304042  0.120828  0.171569  0.063944  0.425435  0.415757  0.000000  0.203592  0.463194 0.0  0.269349  0.203918  0.113234  0.306515  0.591624  0.441584  0.198408  0.505277  0.155817  0.242221  0.115104  0.355290  0.597458  0.541803  0.451599  0.579871  0.323950  0.082643  0.039724  0.114047  0.443111  0.436803  0.178254  0.295325  0.460676  0.276661  0.246044  0.199653  0.354620  0.484025  0.541401  0.148552  0.379863  0.152233  0.206435  0.197044 
37  0.434247  0.335109  0.178489  0.012198  0.165742  0.374761  0.000000  0.494867  0.231061  0.139146  0.406367  0.135445  0.031108  0.057826  0.267166  0.080824  0.601067  0.407472  0.403647  0.351269  0.428170  0.076061  0.020694  0.234809  0.077605  0.184305  0.220158  0.348148  0.088181  0.070013  0.055529  0.413737  0.415954  0.084999  0.415433  0.386473  0.269349 0.0  0.335236  0.112611  0.342477  0.547980  0.484552  0.241676  0.519280  0.115962  0.003394  0.000000  0.354128  0.488316  0.420488  0.441062  0.606460  0.269825  0.109375  0.126440  0.068146  0.523309  0.388182  0.252747  0.289407  0.459640  0.333608  0.211563  0.000000  0.301648  0.484637  0.343147  0.060464  0.485546  0.118692  0.335234  0.216801 
38  0.374984  0.437014  0.235442  0.052190  0.239687  0.304540  0.064236  0.450068  0.184737  0.176325  0.371486  0.088263  0.086568  0.039187  0.214923  0.026170  0.469070  0.381747  0.513416  0.326594  0.424165  0.081229  0.000000  0.167298  0.048455  0.190145  0.189965  0.364997  0.016088  0.159069  0.022857  0.553126  0.468707  0.161504  0.223137  0.333223  0.203918  0.335236 0.0  0.107586  0.251113  0.616700  0.512312  0.099154  0.678470  0.034963  0.048625  0.048004  0.329372  0.575007  0.515582  0.371315  0.528690  0.208486  0.167254  0.027012  0.114101  0.379495  0.480299  0.262951  0.251966  0.559549  0.285176  0.234545  0.176596  0.384565  0.535201  0.441395  0.001971  0.424399  0.005269  0.150135  0.188484 
39  0.493022  0.290360  0.000000  0.205479  0.042025  0.400806  0.189526  0.391368  0.200801  0.100540  0.289693  0.237434  0.160638  0.247928  0.123189  0.183042  0.579246  0.235920  0.356677  0.339356  0.517838  0.104033  0.236079  0.083628  0.028286  0.184070  0.023298  0.294921  0.230042  0.193161  0.131562  0.307343  0.541639  0.144556  0.308395  0.360463  0.113234  0.112611  0.107586 0.0  0.292161  0.589343  0.344799  0.048175  0.544285  0.124799  0.232762  0.022851  0.358569  0.537017  0.237328  0.353224  0.422528  0.319771  0.156988  0.169710  0.122005  0.277805  0.313315  0.089555  0.000000  0.324825  0.281181  0.106421  0.104619  0.289137  0.689141  0.351230  0.062673  0.444605  0.161919  0.251699  0.168065 
40  0.325195  0.252017  0.204051  0.267401  0.303753  0.511245  0.254570  0.357720  0.318731  0.312305  0.287916  0.263455  0.256111  0.320637  0.217324  0.361886  0.709912  0.326391  0.270262  0.269954  0.326436  0.255259  0.146176  0.261734  0.233712  0.214597  0.307842  0.202764  0.140989  0.207687  0.150706  0.265644  0.217163  0.260678  0.310931  0.253143  0.306515  0.342477  0.251113  0.292161 0.0  0.649414  0.208727  0.203762  0.706546  0.259987  0.256419  0.253958  0.388968  0.715407  0.246164  0.204644  0.649972  0.244339  0.311953  0.280926  0.268417  0.225735  0.307157  0.247820  0.197656  0.279608  0.211633  0.284693  0.306282  0.203308  0.626681  0.168634  0.161386  0.200812  0.319526  0.189535  0.273698 
41  0.764604  0.914863  0.467969  0.536645  0.645437  0.279035  0.561181  0.810110  0.653913  0.501180  0.819281  0.625495  0.461162  0.529083  0.481309  0.426802  0.139631  0.341313  0.847063  0.859864  0.821612  0.585197  0.502515  0.503316  0.481302  0.461400  0.398690  0.820513  0.503991  0.576905  0.518527  0.823453  0.937303  0.430900  0.746871  0.855569  0.591624  0.547980  0.616700  0.589343  0.649414 0.0  0.839005  0.439419  0.609861  0.493102  0.598912  0.535839  0.726070  0.100120  0.759622  0.880364  0.126770  0.676109  0.569770  0.539243  0.508321  0.679650  0.782568  0.503681  0.536232  0.854873  0.683265  0.688524  0.498605  0.708318  0.563046  0.835100  0.587196  0.730823  0.501061  0.622407  0.522248 
42  0.180240  0.323470  0.472420  0.341141  0.436488  0.507768  0.402423  0.187875  0.242600  0.512668  0.157753  0.304084  0.293956  0.301174  0.489210  0.296698  0.770223  0.762823  0.276222  0.335332  0.241764  0.383412  0.312055  0.562025  0.357315  0.316008  0.397913  0.419023  0.384920  0.311792  0.390505  0.271321  0.187668  0.454924  0.316592  0.161195  0.441584  0.484552  0.512312  0.344799  0.208727  0.839005 0.0  0.508150  0.741181  0.385814  0.399033  0.387979  0.297392  0.771418  0.126618  0.085393  0.950481  0.335580  0.439528  0.374063  0.394682  0.210724  0.353176  0.407103  0.481778  0.251705  0.398891  0.474205  0.469488  0.397901  0.778768  0.233853  0.291457  0.430308  0.358242  0.391963  0.435502 
43  0.314995  0.378847  0.197668  0.162214  0.262227  0.240275  0.065602  0.509124  0.374766  0.177941  0.370934  0.108481  0.102811  0.070906  0.192797  0.099163  0.586660  0.534030  0.498327  0.245151  0.394189  0.136340  0.004890  0.095334  0.026140  0.121831  0.233529  0.314959  0.143199  0.075285  0.109283  0.460892  0.388246  0.039716  0.298400  0.449081  0.198408  0.241676  0.099154  0.048175  0.203762  0.439419  0.508150 0.0  0.471969  0.123216  0.087165  0.159456  0.294655  0.524347  0.475319  0.479290  0.657095  0.355259  0.194324  0.008164  0.074584  0.485698  0.388034  0.210181  0.165162  0.438569  0.316419  0.204443  0.147637  0.356136  0.546023  0.429258  0.089802  0.421729  0.011190  0.239576  0.133180 
44  0.768002  0.940495  0.539013  0.494776  0.582887  0.309996  0.591656  0.933459  0.595204  0.587665  0.780471  0.591431  0.497194  0.466230  0.598784  0.659533  0.553360  0.321467  0.721991  0.793594  0.804077  0.622246  0.475298  0.567025  0.522688  0.539695  0.450491  0.835307  0.529458  0.482701  0.552878  0.763463  0.840852  0.564392  0.688649  0.880849  0.505277  0.519280  0.678470  0.544285  0.706546  0.609861  0.741181  0.471969 0.0  0.491686  0.500960  0.450874  0.834586  0.423275  0.755880  0.731626  0.523018  0.597379  0.544662  0.605157  0.520381  0.773473  0.833994  0.511633  0.612681  0.861961  0.666849  0.522204  0.563962  0.802014  0.125701  0.817078  0.633338  0.728827  0.548352  0.672477  0.481862 
45  0.429577  0.280341  0.153445  0.026896  0.124702  0.345893  0.092861  0.305432  0.252966  0.142120  0.349044  0.108897  0.264275  0.146519  0.145688  0.105471  0.511981  0.287501  0.339915  0.456006  0.344114  0.024446  0.021386  0.028810  0.099359  0.139060  0.174978  0.450018  0.148669  0.107844  0.271509  0.499894  0.306422  0.171010  0.313036  0.303189  0.155817  0.115962  0.034963  0.124799  0.259987  0.493102  0.385814  0.123216  0.491686 0.0  0.121869  0.090035  0.336401  0.517922  0.462383  0.467461  0.550883  0.273207  0.108592  0.215337  0.126446  0.434974  0.405829  0.144027  0.141971  0.482675  0.397113  0.174266  0.149083  0.418288  0.549369  0.390354  0.147616  0.410966  0.015168  0.221070  0.141393 
46  0.506087  0.309313  0.079460  0.220702  0.166073  0.275372  0.074761  0.252693  0.248861  0.057864  0.313993  0.232674  0.128797  0.109063  0.142911  0.247834  0.646033  0.238376  0.325936  0.310207  0.522832  0.010113  0.248689  0.063848  0.050346  0.142893  0.186316  0.386624  0.188511  0.208836  0.000000  0.366805  0.423652  0.044892  0.188735  0.296916  0.242221  0.003394  0.048625  0.232762  0.256419  0.598912  0.399033  0.087165  0.500960  0.121869 0.0  0.090233  0.288910  0.542103  0.378381  0.414268  0.419131  0.284049  0.024868  0.287782  0.232386  0.340570  0.347496  0.017861  0.123018  0.349027  0.417119  0.016437  0.118943  0.405050  0.590271  0.330587  0.056793  0.323780  0.256370  0.264302  0.002510 
47  0.346631  0.271248  0.092383  0.000000  0.162661  0.379141  0.072710  0.501113  0.280527  0.113296  0.389157  0.000000  0.000000  0.118354  0.112018  0.076670  0.574416  0.268849  0.367348  0.353402  0.347473  0.191181  0.000000  0.032776  0.163050  0.078488  0.054371  0.398116  0.158959  0.055246  0.184074  0.331948  0.480366  0.223723  0.237157  0.531334  0.115104  0.000000  0.048004  0.022851  0.253958  0.535839  0.387979  0.159456  0.450874  0.090035  0.090233 0.0  0.479183  0.547248  0.355095  0.348443  0.557348  0.270096  0.000000  0.000000  0.089033  0.455932  0.319429  0.042973  0.090144  0.395063  0.166713  0.000000  0.199543  0.306195  0.451976  0.217646  0.108137  0.461587  0.105635  0.326219  0.117533 
48  0.293832  0.018946  0.296491  0.442195  0.499450  0.694325  0.327263  0.276333  0.222225  0.323280  0.398799  0.370419  0.341359  0.314719  0.363762  0.461364  0.796041  0.477184  0.356812  0.074017  0.340448  0.456016  0.182749  0.343628  0.439950  0.436528  0.296891  0.167670  0.376301  0.397440  0.448591  0.222121  0.481511  0.434044  0.336319  0.408204  0.355290  0.354128  0.329372  0.358569  0.388968  0.726070  0.297392  0.294655  0.834586  0.336401  0.288910  0.479183 0.0  0.821519  0.298742  0.425304  0.644657  0.204848  0.336334  0.321766  0.382949  0.239277  0.401079  0.403658  0.332709  0.520304  0.282958  0.388686  0.435193  0.134940  0.703790  0.346114  0.372211  0.191765  0.312377  0.198915  0.331059 
49  0.817049  0.706465  0.485058  0.549688  0.577345  0.386314  0.526225  0.893326  0.698678  0.522622  0.819399  0.523885  0.552961  0.569532  0.484560  0.542651  0.213240  0.314494  0.754147  0.851204  0.851985  0.590518  0.478793  0.661382  0.535887  0.518874  0.574951  0.699322  0.554499  0.440669  0.613026  0.865999  0.824532  0.571532  0.736901  0.792626  0.597458  0.488316  0.575007  0.537017  0.715407  0.100120  0.771418  0.524347  0.423275  0.517922  0.542103  0.547248  0.821519 0.0  0.740827  0.705782  0.157008  0.730025  0.614402  0.625194  0.560127  0.833737  0.835840  0.667319  0.565114  0.832629  0.726376  0.565325  0.538320  0.771767  0.550579  0.800443  0.504155  0.710418  0.584465  0.602099  0.648921 
50  0.081982  0.350902  0.457963  0.453770  0.546374  0.566158  0.379695  0.205018  0.259104  0.613340  0.216985  0.281906  0.357775  0.198543  0.497198  0.350648  0.748439  0.628708  0.194683  0.431145  0.151238  0.333904  0.312778  0.447961  0.328264  0.406275  0.540479  0.338845  0.413609  0.289021  0.349873  0.176465  0.153349  0.468580  0.296283  0.107943  0.541803  0.420488  0.515582  0.237328  0.246164  0.759622  0.126618  0.475319  0.755880  0.462383  0.378381  0.355095  0.298742  0.740827 0.0  0.108488  0.893213  0.274768  0.440349  0.204780  0.322327  0.189151  0.241516  0.449202  0.493669  0.228145  0.337704  0.446631  0.360744  0.402710  0.839971  0.173982  0.384532  0.470843  0.302656  0.266245  0.504285 
51  0.115567  0.370985  0.353011  0.429723  0.451528  0.499986  0.323901  0.108066  0.125985  0.312673  0.139600  0.434375  0.262341  0.444860  0.274881  0.335979  0.847754  0.495784  0.084900  0.405987  0.165551  0.398860  0.395014  0.286360  0.347758  0.470291  0.480930  0.369199  0.434893  0.309574  0.393045  0.205728  0.168445  0.412406  0.230010  0.129431  0.451599  0.441062  0.371315  0.353224  0.204644  0.880364  0.085393  0.479290  0.731626  0.467461  0.414268  0.348443  0.425304  0.705782  0.108488 0.0  0.786138  0.349220  0.463329  0.556656  0.381643  0.119429  0.040159  0.427354  0.457273  0.009271  0.236179  0.382084  0.398108  0.404306  1.000000  0.170564  0.444356  0.422779  0.418740  0.284257  0.354989 
52  0.571781  0.698320  0.561675  0.514997  0.519244  0.353726  0.503519  0.943736  0.595077  0.559563  0.725224  0.461693  0.456502  0.528752  0.584254  0.528938  0.064174  0.359669  0.825430  0.704927  0.712300  0.519593  0.433012  0.572048  0.408001  0.561728  0.619062  0.715694  0.410504  0.420514  0.533313  0.794981  0.828875  0.464232  0.637218  0.907175  0.579871  0.606460  0.528690  0.422528  0.649972  0.126770  0.950481  0.657095  0.523018  0.550883  0.419131  0.557348  0.644657  0.157008  0.893213  0.786138 0.0  0.631072  0.643112  0.508248  0.487678  0.800111  0.839972  0.658896  0.548533  0.896703  0.635938  0.663783  0.482059  0.770816  0.484114  0.878825  0.472140  0.726424  0.401483  0.676953  0.642564 
53  0.267610  0.273088  0.261100  0.334595  0.291663  0.476017  0.348648  0.235450  0.224236  0.185208  0.278461  0.372802  0.259403  0.431767  0.314914  0.268623  0.830008  0.509172  0.284839  0.233335  0.293251  0.351337  0.281061  0.323486  0.297820  0.160976  0.330567  0.257835  0.263788  0.192242  0.310734  0.181145  0.308173  0.163480  0.306049  0.259983  0.323950  0.269825  0.208486  0.319771  0.244339  0.676109  0.335580  0.355259  0.597379  0.273207  0.284049  0.270096  0.204848  0.730025  0.274768  0.349220  0.631072 0.0  0.313844  0.245242  0.300264  0.237888  0.257725  0.214501  0.244868  0.305194  0.247235  0.308037  0.355388  0.198812  0.646030  0.258350  0.238077  0.173184  0.303709  0.307556  0.179143 
