73
0 0.0  0.014096  0.485187  0.138469  0.303555  0.076998  0.097355  0.341046  0.031142  0.158242  0.077004  0.194496  0.437850  0.171233  0.278274  0.028654  0.266361  0.076806  0.116320  0.521060  0.262237  0.423855  0.407071  0.440658  0.143201  0.083968  0.172521  0.077582  0.049480  0.385798  0.146124  0.331886  0.045684  0.324957  0.045541  0.243295  0.368452  0.193059  0.182772  0.227741  0.426785  0.000000  0.000000  0.054834  0.325025  0.000000  0.315234  0.040335  0.149498  0.115001  0.311468  0.589706  0.399041  0.317866  0.515330  0.197872  0.520607  0.209226  0.200452  0.182680  0.139960  0.605526  0.136882  0.496703  0.022642  0.404201  0.110171  0.000000  0.495094  0.145608  0.607989  0.453505  0.097298 
1  0.014096 0.0  0.633941  0.252009  0.281846  0.057261  0.094352  0.327960  0.272932  0.039439  0.000000  0.109261  0.270121  0.339232  0.398150  0.030034  0.294937  0.000000  0.102233  0.431948  0.182081  0.458730  0.282882  0.530289  0.000000  0.026382  0.044257  0.069158  0.217580  0.532211  0.083852  0.415949  0.052499  0.387789  0.142619  0.000000  0.260633  0.203477  0.000000  0.371541  0.317127  0.137989  0.066968  0.142747  0.299639  0.091926  0.104861  0.169957  0.189801  0.123066  0.205375  0.440389  0.361099  0.242278  0.418148  0.127495  0.629657  0.124497  0.078410  0.094099  0.012679  0.566609  0.043251  0.491224  0.075205  0.183686  0.223411  0.070041  0.511498  0.000000  0.521066  0.425473  0.015887 
2  0.485187  0.633941 0.0  0.475530  0.779860  0.556120  0.612495  0.751537  0.513544  0.540821  0.540628  0.466706  0.840549  0.655518  0.730292  0.488994  0.687467  0.539625  0.531966  0.526948  0.589867  0.812920  0.809640  0.465747  0.575954  0.603669  0.620794  0.417308  0.489561  0.361263  0.566802  0.726721  0.540812  0.791675  0.396175  0.572107  0.844761  0.437300  0.500775  0.619521  0.877782  0.463602  0.521117  0.484073  0.771898  0.585703  0.526843  0.430251  0.478352  0.634064  0.673345  0.528625  0.787714  0.598335  0.547352  0.532871  0.168867  0.526902  0.496615  0.607364  0.571351  0.600587  0.513938  0.513261  0.559202  0.786405  0.515420  0.430458  0.543015  0.498149  0.571291  0.473910  0.512588 
3  0.138469  0.252009  0.475530 0.0  0.454938  0.103707  0.049397  0.409358  0.074839  0.063643  0.168068  0.022870  0.492484  0.227586  0.310292  0.216275  0.413019  0.306777  0.206530  0.541509  0.268436  0.306840  0.477363  0.524914  0.087866  0.153681  0.204631  0.229429  0.000000  0.482102  0.109590  0.462611  0.168061  0.294149  0.061140  0.101865  0.404621  0.086962  0.050046  0.228578  0.410206  0.182055  0.215879  0.210288  0.436129  0.207124  0.081439  0.083579  0.109852  0.222466  0.307088  0.524855  0.353778  0.249845  0.535412  0.110523  0.412912  0.114270  0.090587  0.184290  0.208528  0.529849  0.127913  0.613941  0.090247  0.400039  0.054347  0.113538  0.561421  0.086882  0.533014  0.497194  0.170288 
4  0.303555  0.281846  0.779860  0.454938 0.0  0.441689  0.382400  0.411389  0.369516  0.355832  0.509182  0.303963  0.061750  0.260983  0.359085  0.532977  0.140246  0.453061  0.547628  0.821407  0.216018  0.177950  0.179719  0.372123  0.293105  0.434356  0.507776  0.473839  0.429338  0.515883  0.354849  0.154058  0.467350  0.333940  0.350721  0.312588  0.199666  0.444860  0.251559  0.267994  0.185074  0.469151  0.474859  0.458179  0.172783  0.407969  0.305538  0.369067  0.332003  0.341626  0.220310  0.752612  0.467532  0.383547  0.737208  0.415857  0.873558  0.287620  0.334298  0.330899  0.493983  0.710765  0.535191  0.855131  0.357562  0.070280  0.278538  0.434959  0.667065  0.465325  0.731384  0.749772  0.484054 
5  0.076998  0.057261  0.556120  0.103707  0.441689 0.0  0.187972  0.375854  0.170197  0.114782  0.081799  0.139412  0.424404  0.241410  0.338455  0.099303  0.370547  0.122834  0.146430  0.531206  0.341013  0.421043  0.236217  0.416312  0.089797  0.072591  0.070356  0.163949  0.113366  0.437346  0.110884  0.314648  0.186525  0.413580  0.155901  0.073957  0.337690  0.077215  0.104594  0.409357  0.380712  0.097674  0.106353  0.214885  0.358124  0.134999  0.124809  0.028281  0.126964  0.200432  0.204648  0.634178  0.321880  0.236075  0.424181  0.044315  0.493101  0.107889  0.137334  0.025569  0.178311  0.474373  0.191692  0.543371  0.156457  0.240381  0.136069  0.158267  0.488144  0.148326  0.653523  0.425368  0.143793 
6  0.097355  0.094352  0.612495  0.049397  0.382400  0.187972 0.0  0.444018  0.144993  0.021605  0.166152  0.077350  0.414516  0.300586  0.379551  0.234515  0.359350  0.166352  0.051283  0.549353  0.347508  0.367790  0.322531  0.373828  0.136346  0.144515  0.165225  0.209364  0.118813  0.424610  0.138990  0.392599  0.087226  0.455897  0.062977  0.048680  0.428490  0.078337  0.120857  0.239246  0.365237  0.160131  0.186070  0.087417  0.353550  0.119259  0.159623  0.251891  0.052339  0.183622  0.202774  0.500896  0.382184  0.222814  0.507258  0.190234  0.498006  0.016144  0.094067  0.211165  0.051153  0.639996  0.065243  0.485465  0.092230  0.353818  0.000000  0.210732  0.687587  0.126021  0.585739  0.572576  0.098978 
7  0.341046  0.327960  0.751537  0.409358  0.411389  0.375854  0.444018 0.0  0.356690  0.352297  0.431402  0.362749  0.338895  0.328303  0.207291  0.421727  0.319971  0.394289  0.364033  0.699401  0.287878  0.409726  0.285779  0.428740  0.278928  0.306594  0.303954  0.289983  0.369985  0.510688  0.228986  0.430783  0.392197  0.043988  0.273642  0.414895  0.294927  0.288887  0.315814  0.140417  0.347459  0.268056  0.264597  0.400437  0.339343  0.252955  0.334948  0.340300  0.302299  0.390542  0.139041  0.655679  0.157371  0.233720  0.696188  0.276530  0.796877  0.303041  0.373537  0.403483  0.341572  0.788044  0.291235  0.688083  0.294311  0.421241  0.287597  0.414595  0.903889  0.358514  0.773113  0.708995  0.298597 
8  0.031142  0.272932  0.513544  0.074839  0.369516  0.170197  0.144993  0.356690 0.0  0.026686  0.129821  0.081716  0.449059  0.247465  0.314421  0.105172  0.377905  0.007766  0.059953  0.405850  0.271258  0.407505  0.364625  0.454777  0.088789  0.081179  0.144890  0.088137  0.139715  0.471893  0.162470  0.466756  0.049450  0.502549  0.277751  0.140025  0.372082  0.202690  0.050955  0.227886  0.353723  0.000000  0.027358  0.086451  0.291679  0.139326  0.000000  0.240061  0.176557  0.133126  0.219207  0.470917  0.350556  0.146945  0.450870  0.000000  0.577423  0.067179  0.125319  0.104701  0.058401  0.611114  0.169047  0.356769  0.188392  0.358240  0.235783  0.064117  0.524496  0.128449  0.433986  0.555328  0.120441 
9  0.158242  0.039439  0.540821  0.063643  0.355832  0.114782  0.021605  0.352297  0.026686 0.0  0.049255  0.129637  0.300089  0.236340  0.424529  0.068566  0.386811  0.081028  0.039750  0.369763  0.301055  0.477068  0.342556  0.498659  0.124201  0.127573  0.010267  0.057373  0.179763  0.398614  0.075293  0.376051  0.039212  0.257309  0.108790  0.159649  0.376034  0.217630  0.305617  0.277681  0.315736  0.000000  0.208891  0.129337  0.405952  0.092463  0.264233  0.055680  0.054554  0.190994  0.199775  0.557516  0.349817  0.189402  0.459291  0.208646  0.455500  0.180274  0.186612  0.176146  0.130074  0.573172  0.058513  0.562240  0.095011  0.272545  0.168981  0.118391  0.526964  0.000000  0.573472  0.561556  0.000000 
10  0.077004  0.000000  0.540628  0.168068  0.509182  0.081799  0.166152  0.431402  0.129821  0.049255 0.0  0.064008  0.375882  0.269119  0.356978  0.104970  0.461863  0.185246  0.297865  0.541611  0.281370  0.467411  0.442195  0.520701  0.113904  0.234007  0.177393  0.105245  0.111489  0.430948  0.074017  0.386817  0.232626  0.452470  0.122774  0.000000  0.521197  0.143080  0.148594  0.266356  0.424580  0.093230  0.150621  0.165889  0.358229  0.239274  0.112909  0.034325  0.045839  0.113769  0.238795  0.514047  0.477542  0.406467  0.629672  0.082876  0.458380  0.034543  0.097179  0.122635  0.317459  0.357342  0.266362  0.589937  0.015523  0.350948  0.100288  0.225699  0.532148  0.252961  0.516680  0.355619  0.127200 
11  0.194496  0.109261  0.466706  0.022870  0.303963  0.139412  0.077350  0.362749  0.081716  0.129637  0.064008 0.0  0.364665  0.256250  0.373311  0.002213  0.218603  0.119711  0.047418  0.427465  0.252623  0.352677  0.295915  0.430715  0.318154  0.100319  0.029171  0.035420  0.114585  0.428108  0.153953  0.281338  0.000000  0.233753  0.063339  0.186038  0.340534  0.117372  0.152643  0.337932  0.428710  0.060575  0.038387  0.000000  0.274937  0.082286  0.114071  0.032225  0.011925  0.132574  0.107983  0.518509  0.301543  0.280106  0.538885  0.234668  0.517834  0.199621  0.199604  0.140798  0.000000  0.536965  0.036269  0.550476  0.090284  0.337932  0.078521  0.120329  0.533505  0.094772  0.646997  0.545904  0.058000 
12  0.437850  0.270121  0.840549  0.492484  0.061750  0.424404  0.414516  0.338895  0.449059  0.300089  0.375882  0.364665 0.0  0.269843  0.217156  0.522189  0.226545  0.432730  0.391935  0.827339  0.222775  0.155912  0.110413  0.449103  0.326474  0.506430  0.444009  0.482526  0.402385  0.430319  0.374085  0.208766  0.494037  0.496029  0.283456  0.254004  0.097213  0.438178  0.240700  0.335316  0.114450  0.458031  0.427877  0.402086  0.187896  0.527313  0.258832  0.300341  0.343788  0.341778  0.274364  0.686393  0.488610  0.320673  0.832581  0.279838  0.737197  0.219976  0.322056  0.423471  0.383926  0.848719  0.498917  0.793812  0.354805  0.058572  0.388096  0.420432  0.812701  0.528970  0.743426  0.760486  0.503838 
13  0.171233  0.339232  0.655518  0.227586  0.260983  0.241410  0.300586  0.328303  0.247465  0.236340  0.269119  0.256250  0.269843 0.0  0.246588  0.273394  0.238318  0.356188  0.291509  0.778127  0.371130  0.308983  0.236307  0.416079  0.192649  0.301808  0.212893  0.218528  0.220970  0.498878  0.220314  0.253053  0.360948  0.189797  0.340316  0.270045  0.194826  0.237501  0.166692  0.230972  0.213052  0.196844  0.243196  0.215819  0.313869  0.251204  0.308667  0.318629  0.294610  0.252555  0.225068  0.647770  0.232115  0.311115  0.641080  0.176046  0.741468  0.368488  0.398260  0.359090  0.184735  0.705367  0.190306  0.708958  0.255261  0.331211  0.243571  0.287094  0.649914  0.282580  0.707376  0.638318  0.219025 
14  0.278274  0.398150  0.730292  0.310292  0.359085  0.338455  0.379551  0.207291  0.314421  0.424529  0.356978  0.373311  0.217156  0.246588 0.0  0.340902  0.301246  0.287700  0.373174  0.670770  0.305273  0.337876  0.312208  0.326709  0.383676  0.339896  0.412682  0.306830  0.466847  0.487039  0.368649  0.337641  0.355738  0.164614  0.316152  0.371536  0.281318  0.347495  0.365568  0.203367  0.427909  0.235141  0.369654  0.272413  0.427077  0.292432  0.338431  0.356874  0.322244  0.457406  0.307284  0.702282  0.130445  0.375055  0.698341  0.325438  0.709873  0.306713  0.358143  0.379609  0.233884  0.686969  0.383629  0.742850  0.296697  0.565567  0.178280  0.340490  0.768566  0.389837  0.751489  0.672149  0.287376 
15  0.028654  0.030034  0.488994  0.216275  0.532977  0.099303  0.234515  0.421727  0.105172  0.068566  0.104970  0.002213  0.522189  0.273394  0.340902 0.0  0.328259  0.206291  0.236446  0.632060  0.368383  0.341335  0.481689  0.460757  0.000000  0.161965  0.217614  0.148343  0.057062  0.589236  0.058368  0.483241  0.267174  0.399413  0.054837  0.116450  0.417737  0.130571  0.105062  0.254473  0.368896  0.257525  0.186733  0.073653  0.313022  0.195327  0.057225  0.130708  0.000000  0.144966  0.192081  0.474495  0.356680  0.262783  0.660034  0.042326  0.473206  0.000000  0.101165  0.115337  0.231121  0.448098  0.257155  0.504685  0.102299  0.436935  0.008095  0.330133  0.470690  0.066783  0.392163  0.480219  0.325223 
16  0.266361  0.294937  0.687467  0.413019  0.140246  0.370547  0.359350  0.319971  0.377905  0.386811  0.461863  0.218603  0.226545  0.238318  0.301246  0.328259 0.0  0.424864  0.411082  0.833010  0.255029  0.133480  0.238987  0.460078  0.390187  0.378539  0.455196  0.327487  0.315343  0.430597  0.528441  0.239632  0.324872  0.231947  0.352591  0.350489  0.235997  0.425001  0.358859  0.279817  0.147918  0.413882  0.482653  0.456423  0.215118  0.508786  0.374262  0.314933  0.379048  0.276930  0.277929  0.762280  0.392791  0.184822  0.790759  0.342654  0.705606  0.266078  0.407611  0.297444  0.421271  0.686196  0.532410  0.823900  0.454158  0.168351  0.344175  0.384080  0.757571  0.399085  0.730548  0.739303  0.431740 
17  0.076806  0.000000  0.539625  0.306777  0.453061  0.122834  0.166352  0.394289  0.007766  0.081028  0.185246  0.119711  0.432730  0.356188  0.287700  0.206291  0.424864 0.0  0.200112  0.537317  0.325543  0.363335  0.447120  0.446135  0.016592  0.219534  0.194118  0.209050  0.057207  0.412310  0.175174  0.417875  0.183039  0.296715  0.060587  0.040255  0.437220  0.128764  0.045202  0.232060  0.396881  0.284974  0.207360  0.296138  0.462684  0.276049  0.114774  0.001903  0.067198  0.067361  0.179904  0.556548  0.387803  0.190818  0.445665  0.063838  0.431048  0.015769  0.072255  0.125783  0.259628  0.604097  0.274025  0.575096  0.121936  0.464516  0.142070  0.165548  0.564351  0.206415  0.423723  0.450860  0.176696 
18  0.116320  0.102233  0.531966  0.206530  0.547628  0.146430  0.051283  0.364033  0.059953  0.039750  0.297865  0.047418  0.391935  0.291509  0.373174  0.236446  0.411082  0.200112 0.0  0.553538  0.329920  0.362941  0.389210  0.443940  0.042315  0.144022  0.292514  0.255974  0.068279  0.395075  0.033690  0.434883  0.114971  0.263025  0.049357  0.016002  0.397151  0.097476  0.030256  0.281094  0.407521  0.155645  0.198601  0.211836  0.447943  0.139894  0.067868  0.112591  0.048206  0.118753  0.368593  0.432052  0.471907  0.326354  0.674154  0.122625  0.399659  0.074406  0.148990  0.122410  0.273053  0.463063  0.272274  0.681839  0.082622  0.404252  0.073675  0.213933  0.521886  0.171048  0.513100  0.487946  0.210980 
19  0.521060  0.431948  0.526948  0.541509  0.821407  0.531206  0.549353  0.699401  0.405850  0.369763  0.541611  0.427465  0.827339  0.778127  0.670770  0.632060  0.833010  0.537317  0.553538 0.0  0.707427  0.851992  0.814420  0.567170  0.525776  0.446405  0.608461  0.607722  0.488617  0.461702  0.569262  0.923525  0.612567  0.760883  0.404864  0.502597  0.828154  0.410036  0.398605  0.681486  0.703062  0.606535  0.574716  0.703726  1.000000  0.599050  0.509317  0.585019  0.503079  0.554151  0.704174  0.064581  0.792515  0.669845  0.152070  0.376197  0.590928  0.509423  0.491264  0.445083  0.547132  0.086329  0.637082  0.264636  0.467782  0.751623  0.504349  0.568892  0.114288  0.582160  0.034410  0.000000  0.549813 
20  0.262237  0.182081  0.589867  0.268436  0.216018  0.341013  0.347508  0.287878  0.271258  0.301055  0.281370  0.252623  0.222775  0.371130  0.305273  0.368383  0.255029  0.325543  0.329920  0.707427 0.0  0.199139  0.258180  0.427518  0.303512  0.265402  0.246829  0.317789  0.223806  0.413485  0.166287  0.242872  0.166097  0.230730  0.202258  0.317422  0.255168  0.302967  0.289909  0.294713  0.115842  0.258372  0.241218  0.235362  0.245032  0.258374  0.320795  0.244167  0.357390  0.221279  0.305172  0.646855  0.276942  0.107584  0.562432  0.232945  0.602699  0.213526  0.349537  0.260369  0.274382  0.730451  0.195761  0.662918  0.241735  0.294124  0.199195  0.153823  0.737169  0.267077  0.561295  0.649874  0.350683 
21  0.423855  0.458730  0.812920  0.306840  0.177950  0.421043  0.367790  0.409726  0.407505  0.477068  0.467411  0.352677  0.155912  0.308983  0.337876  0.341335  0.133480  0.363335  0.362941  0.851992  0.199139 0.0  0.122088  0.420477  0.332228  0.309097  0.222396  0.442967  0.340341  0.434359  0.406236  0.182475  0.325317  0.420255  0.301126  0.455580  0.134167  0.297875  0.366325  0.277578  0.118539  0.365815  0.459415  0.441028  0.102219  0.377712  0.404739  0.327209  0.444182  0.392985  0.155600  0.764528  0.445870  0.171210  0.843288  0.357185  0.664075  0.454561  0.296012  0.401863  0.371885  0.710915  0.295357  0.776554  0.266978  0.173272  0.388340  0.440448  0.850102  0.316837  0.683463  0.826570  0.498627 
22  0.407071  0.282882  0.809640  0.477363  0.179719  0.236217  0.322531  0.285779  0.364625  0.342556  0.442195  0.295915  0.110413  0.236307  0.312208  0.481689  0.238987  0.447120  0.389210  0.814420  0.258180  0.122088 0.0  0.422472  0.275216  0.521317  0.499230  0.411713  0.303900  0.514955  0.317239  0.211334  0.466680  0.339997  0.339296  0.341704  0.226712  0.405675  0.250109  0.280872  0.067785  0.515604  0.410543  0.462680  0.217571  0.402297  0.387256  0.367969  0.293256  0.416499  0.265634  0.773139  0.539579  0.351362  0.757426  0.455296  0.733220  0.398389  0.469397  0.408859  0.481747  0.730738  0.560382  0.830944  0.333140  0.119096  0.311474  0.428913  0.827219  0.505945  0.642153  0.640933  0.436004 
23  0.440658  0.530289  0.465747  0.524914  0.372123  0.416312  0.373828  0.428740  0.454777  0.498659  0.520701  0.430715  0.449103  0.416079  0.326709  0.460757  0.460078  0.446135  0.443940  0.567170  0.427518  0.420477  0.422472 0.0  0.452713  0.421456  0.404578  0.484362  0.474747  0.506104  0.476603  0.579092  0.414031  0.405448  0.469174  0.371941  0.452661  0.490544  0.445989  0.487578  0.437948  0.438723  0.539285  0.422510  0.475555  0.494638  0.451418  0.494445  0.427932  0.483026  0.473779  0.382959  0.480818  0.478264  0.489136  0.462837  0.469145  0.434719  0.331552  0.345480  0.394354  0.472157  0.510455  0.421860  0.460042  0.384998  0.435288  0.403608  0.432784  0.449954  0.458305  0.551286  0.489753 
24  0.143201  0.000000  0.575954  0.087866  0.293105  0.089797  0.136346  0.278928  0.088789  0.124201  0.113904  0.318154  0.326474  0.192649  0.383676  0.000000  0.390187  0.016592  0.042315  0.525776  0.303512  0.332228  0.275216  0.452713 0.0  0.061215  0.008351  0.058715  0.049599  0.462453  0.149857  0.289086  0.111268  0.367342  0.000000  0.183099  0.302987  0.101542  0.122530  0.232938  0.431240  0.052575  0.017566  0.042279  0.356049  0.053251  0.130280  0.008293  0.000000  0.086074  0.150679  0.587773  0.383088  0.363788  0.481718  0.164916  0.407751  0.126168  0.196297  0.292319  0.062965  0.528012  0.137633  0.416413  0.000000  0.380509  0.000000  0.021809  0.498133  0.040996  0.563220  0.456178  0.017819 
25  0.083968  0.026382  0.603669  0.153681  0.434356  0.072591  0.144515  0.306594  0.081179  0.127573  0.234007  0.100319  0.506430  0.301808  0.339896  0.161965  0.378539  0.219534  0.144022  0.446405  0.265402  0.309097  0.521317  0.421456  0.061215 0.0  0.196063  0.223572  0.103304  0.464043  0.141275  0.390959  0.243330  0.405053  0.048046  0.058354  0.484165  0.148252  0.092389  0.197189  0.463401  0.152545  0.271663  0.177338  0.473770  0.245446  0.122690  0.169906  0.000000  0.170222  0.259581  0.422883  0.401409  0.233441  0.592678  0.056926  0.507899  0.116883  0.026763  0.000000  0.200867  0.481221  0.294075  0.472539  0.049825  0.438278  0.036980  0.251336  0.445638  0.221872  0.554072  0.446998  0.250150 
26  0.172521  0.044257  0.620794  0.204631  0.507776  0.070356  0.165225  0.303954  0.144890  0.010267  0.177393  0.029171  0.444009  0.212893  0.412682  0.217614  0.455196  0.194118  0.292514  0.608461  0.246829  0.222396  0.499230  0.404578  0.008351  0.196063 0.0  0.090261  0.024869  0.464323  0.103855  0.401105  0.236778  0.266174  0.095136  0.100110  0.409683  0.242316  0.168377  0.260469  0.369860  0.177477  0.122497  0.254717  0.400136  0.094487  0.016009  0.000000  0.019659  0.082586  0.284824  0.405772  0.355586  0.262037  0.593476  0.057693  0.491648  0.105283  0.113892  0.060980  0.194499  0.591056  0.269633  0.601843  0.138679  0.424274  0.058972  0.151548  0.544699  0.160609  0.594271  0.372179  0.233126 
27  0.077582  0.069158  0.417308  0.229429  0.473839  0.163949  0.209364  0.289983  0.088137  0.057373  0.105245  0.035420  0.482526  0.218528  0.306830  0.148343  0.327487  0.209050  0.255974  0.607722  0.317789  0.442967  0.411713  0.484362  0.058715  0.223572  0.090261 0.0  0.048347  0.498281  0.022358  0.417955  0.230484  0.409895  0.001517  0.010659  0.484410  0.071674  0.146949  0.246480  0.327681  0.235574  0.109049  0.141354  0.334123  0.161310  0.057966  0.143086  0.043872  0.197683  0.227517  0.440455  0.383431  0.273829  0.669070  0.113670  0.467535  0.077147  0.048702  0.000000  0.131474  0.485235  0.195860  0.557391  0.000000  0.317952  0.000000  0.189512  0.505478  0.268687  0.497076  0.563214  0.311746 
28  0.049480  0.217580  0.489561  0.000000  0.429338  0.113366  0.118813  0.369985  0.139715  0.179763  0.111489  0.114585  0.402385  0.220970  0.466847  0.057062  0.315343  0.057207  0.068279  0.488617  0.223806  0.340341  0.303900  0.474747  0.049599  0.103304  0.024869  0.048347 0.0  0.541506  0.209127  0.340807  0.009305  0.439827  0.171951  0.000000  0.291770  0.164070  0.109288  0.273829  0.365415  0.082685  0.072958  0.217025  0.381558  0.010931  0.082474  0.183590  0.206152  0.129063  0.333070  0.489227  0.400914  0.183370  0.454105  0.067450  0.589880  0.036535  0.006126  0.088634  0.000000  0.425308  0.097952  0.402720  0.045549  0.354303  0.202887  0.204918  0.541171  0.049280  0.416598  0.454257  0.000000 
29  0.385798  0.532211  0.361263  0.482102  0.515883  0.437346  0.424610  0.510688  0.471893  0.398614  0.430948  0.428108  0.430319  0.498878  0.487039  0.589236  0.430597  0.412310  0.395075  0.461702  0.413485  0.434359  0.514955  0.506104  0.462453  0.464043  0.464323  0.498281  0.541506 0.0  0.522714  0.580749  0.389105  0.365622  0.508097  0.422810  0.465998  0.338437  0.395062  0.458895  0.487372  0.394427  0.528538  0.515655  0.420673  0.314310  0.520747  0.418645  0.504267  0.537664  0.549539  0.385687  0.487341  0.367802  0.499953  0.534443  0.504600  0.382220  0.506879  0.375469  0.495033  0.525002  0.386213  0.463779  0.398552  0.461963  0.431809  0.468788  0.565008  0.544430  0.449184  0.540148  0.437064 
30  0.146124  0.083852  0.566802  0.109590  0.354849  0.110884  0.138990  0.228986  0.162470  0.075293  0.074017  0.153953  0.374085  0.220314  0.368649  0.058368  0.528441  0.175174  0.033690  0.569262  0.166287  0.406236  0.317239  0.476603  0.149857  0.141275  0.103855  0.022358  0.209127  0.522714 0.0  0.362360  0.118495  0.362875  0.149056  0.186525  0.349784  0.147135  0.074974  0.258501  0.384576  0.000000  0.154279  0.033774  0.435180  0.084009  0.228440  0.153517  0.238119  0.071723  0.293111  0.502480  0.394188  0.222931  0.520082  0.076471  0.518417  0.186240  0.113966  0.219186  0.122808  0.487871  0.148326  0.568498  0.176135  0.338579  0.166949  0.165828  0.560680  0.018848  0.606243  0.528918  0.130149 
31  0.331886  0.415949  0.726721  0.462611  0.154058  0.314648  0.392599  0.430783  0.466756  0.376051  0.386817  0.281338  0.208766  0.253053  0.337641  0.483241  0.239632  0.417875  0.434883  0.923525  0.242872  0.182475  0.211334  0.579092  0.289086  0.390959  0.401105  0.417955  0.340807  0.580749  0.362360 0.0  0.341650  0.328013  0.270053  0.322921  0.241799  0.451399  0.284665  0.262555  0.099777  0.417778  0.554316  0.457920  0.124233  0.405277  0.301444  0.361067  0.276930  0.378443  0.302891  0.666267  0.464168  0.238382  0.830609  0.295347  0.600918  0.318775  0.390507  0.382232  0.398685  0.721445  0.454310  0.851776  0.367181  0.198767  0.311432  0.437236  0.773786  0.470381  0.639276  0.654670  0.496867 
32  0.045684  0.052499  0.540812  0.168061  0.467350  0.186525  0.087226  0.392197  0.049450  0.039212  0.232626  0.000000  0.494037  0.360948  0.355738  0.267174  0.324872  0.183039  0.114971  0.612567  0.166097  0.325317  0.466680  0.414031  0.111268  0.243330  0.236778  0.230484  0.009305  0.389105  0.118495  0.341650 0.0  0.310610  0.042954  0.011359  0.510270  0.126088  0.099545  0.116695  0.439950  0.112551  0.247289  0.277703  0.474536  0.135777  0.094795  0.000000  0.095477  0.259606  0.294368  0.474517  0.453557  0.222279  0.659397  0.097100  0.452948  0.142086  0.043603  0.160663  0.158356  0.461550  0.258749  0.659138  0.075510  0.340118  0.096251  0.232429  0.454464  0.307635  0.358967  0.482781  0.217579 
33  0.324957  0.387789  0.791675  0.294149  0.333940  0.413580  0.455897  0.043988  0.502549  0.257309  0.452470  0.233753  0.496029  0.189797  0.164614  0.399413  0.231947  0.296715  0.263025  0.760883  0.230730  0.420255  0.339997  0.405448  0.367342  0.405053  0.266174  0.409895  0.439827  0.365622  0.362875  0.328013  0.310610 0.0  0.399301  0.387823  0.384638  0.450561  0.364667  0.259828  0.325293  0.221345  0.318195  0.314711  0.341674  0.304092  0.395220  0.396219  0.511199  0.477365  0.190747  0.817218  0.158600  0.300152  0.777852  0.261334  0.871756  0.393994  0.262462  0.324947  0.253271  0.860168  0.300847  0.761056  0.359659  0.399328  0.470491  0.300474  0.861635  0.310909  0.681563  0.678278  0.320816 
34  0.045541  0.142619  0.396175  0.061140  0.350721  0.155901  0.062977  0.273642  0.277751  0.108790  0.122774  0.063339  0.283456  0.340316  0.316152  0.054837  0.352591  0.060587  0.049357  0.404864  0.202258  0.301126  0.339296  0.469174  0.000000  0.048046  0.095136  0.001517  0.171951  0.508097  0.149056  0.270053  0.042954  0.399301 0.0  0.057439  0.272918  0.087290  0.003580  0.165404  0.370741  0.000000  0.083453  0.038525  0.282168  0.000000  0.063845  0.132402  0.167030  0.234240  0.314952  0.450396  0.401577  0.213304  0.640673  0.000000  0.622604  0.132544  0.066282  0.042843  0.075796  0.426056  0.100731  0.441425  0.109761  0.466015  0.272710  0.154420  0.507210  0.079995  0.529127  0.378726  0.058500 
35  0.243295  0.000000  0.572107  0.101865  0.312588  0.073957  0.048680  0.414895  0.140025  0.159649  0.000000  0.186038  0.254004  0.270045  0.371536  0.116450  0.350489  0.040255  0.016002  0.502597  0.317422  0.455580  0.341704  0.371941  0.183099  0.058354  0.100110  0.010659  0.000000  0.422810  0.186525  0.322921  0.011359  0.387823  0.057439 0.0  0.377682  0.147426  0.280768  0.255359  0.456973  0.087688  0.000000  0.113103  0.375485  0.067162  0.295885  0.069216  0.093555  0.143499  0.318308  0.625579  0.400228  0.266025  0.524162  0.115793  0.441425  0.130843  0.105427  0.172822  0.016135  0.629061  0.122542  0.511813  0.000000  0.381255  0.109201  0.101120  0.599340  0.013985  0.735168  0.444155  0.116189 
36  0.368452  0.260633  0.844761  0.404621  0.199666  0.337690  0.428490  0.294927  0.372082  0.376034  0.521197  0.340534  0.097213  0.194826  0.281318  0.417737  0.235997  0.437220  0.397151  0.828154  0.255168  0.134167  0.226712  0.452661  0.302987  0.484165  0.409683  0.484410  0.291770  0.465998  0.349784  0.241799  0.510270  0.384638  0.272918  0.377682 0.0  0.402701  0.241168  0.250198  0.191670  0.426287  0.472085  0.349786  0.180908  0.366905  0.404623  0.349923  0.256825  0.339229  0.306466  0.768967  0.284919  0.187384  0.938515  0.265502  0.766440  0.344393  0.395554  0.199388  0.395356  0.838675  0.433542  0.783260  0.354815  0.129687  0.296716  0.545537  0.845984  0.457509  0.736999  0.631201  0.383373 
37  0.193059  0.203477  0.437300  0.086962  0.444860  0.077215  0.078337  0.288887  0.202690  0.217630  0.143080  0.117372  0.438178  0.237501  0.347495  0.130571  0.425001  0.128764  0.097476  0.410036  0.302967  0.297875  0.405675  0.490544  0.101542  0.148252  0.242316  0.071674  0.164070  0.338437  0.147135  0.451399  0.126088  0.450561  0.087290  0.147426  0.402701 0.0  0.108881  0.219620  0.429968  0.173420  0.175433  0.296636  0.344899  0.131861  0.044384  0.236516  0.039176  0.164555  0.249463  0.410846  0.415235  0.256182  0.578258  0.086493  0.591588  0.166308  0.060315  0.107498  0.076551  0.545505  0.159418  0.599213  0.047290  0.334073  0.189729  0.154378  0.509828  0.164598  0.485093  0.374155  0.106591 
38  0.182772  0.000000  0.500775  0.050046  0.251559  0.104594  0.120857  0.315814  0.050955  0.305617  0.148594  0.152643  0.240700  0.166692  0.365568  0.105062  0.358859  0.045202  0.030256  0.398605  0.289909  0.366325  0.250109  0.445989  0.122530  0.092389  0.168377  0.146949  0.109288  0.395062  0.074974  0.284665  0.099545  0.364667  0.003580  0.280768  0.241168  0.108881 0.0  0.197710  0.364421  0.178838  0.000000  0.105901  0.326360  0.046018  0.097973  0.095124  0.058771  0.061932  0.299732  0.581734  0.377291  0.293555  0.370980  0.168879  0.439636  0.189641  0.190529  0.157372  0.120549  0.543954  0.056214  0.548927  0.030098  0.315420  0.138795  0.037754  0.648629  0.146409  0.559036  0.435207  0.008113 
39  0.227741  0.371541  0.619521  0.228578  0.267994  0.409357  0.239246  0.140417  0.227886  0.277681  0.266356  0.337932  0.335316  0.230972  0.203367  0.254473  0.279817  0.232060  0.281094  0.681486  0.294713  0.277578  0.280872  0.487578  0.232938  0.197189  0.260469  0.246480  0.273829  0.458895  0.258501  0.262555  0.116695  0.259828  0.165404  0.255359  0.250198  0.219620  0.197710 0.0  0.248556  0.233530  0.224611  0.318768  0.309990  0.174559  0.213960  0.290980  0.253418  0.179419  0.271983  0.747771  0.346141  0.327401  0.728445  0.226757  0.673015  0.268919  0.220548  0.357746  0.266078  0.724529  0.190788  0.663711  0.257739  0.281086  0.289385  0.233415  0.644741  0.307161  0.554947  0.571487  0.212286 
40  0.426785  0.317127  0.877782  0.410206  0.185074  0.380712  0.365237  0.347459  0.353723  0.315736  0.424580  0.428710  0.114450  0.213052  0.427909  0.368896  0.147918  0.396881  0.407521  0.703062  0.115842  0.118539  0.067785  0.437948  0.431240  0.463401  0.369860  0.327681  0.365415  0.487372  0.384576  0.099777  0.439950  0.325293  0.370741  0.456973  0.191670  0.429968  0.364421  0.248556 0.0  0.454450  0.319467  0.396992  0.057742  0.399635  0.344852  0.274176  0.373337  0.390637  0.252400  0.775394  0.496092  0.335872  0.779977  0.310660  0.682300  0.323445  0.359489  0.391524  0.362318  0.849479  0.324785  0.740574  0.378651  0.163717  0.425181  0.404109  0.813766  0.396247  0.688598  0.823512  0.376999 
41  0.000000  0.137989  0.463602  0.182055  0.469151  0.097674  0.160131  0.268056  0.000000  0.000000  0.093230  0.060575  0.458031  0.196844  0.235141  0.257525  0.413882  0.284974  0.155645  0.606535  0.258372  0.365815  0.515604  0.438723  0.052575  0.152545  0.177477  0.235574  0.082685  0.394427  0.000000  0.417778  0.112551  0.221345  0.000000  0.087688  0.426287  0.173420  0.178838  0.233530  0.454450 0.0  0.186279  0.118883  0.510059  0.315216  0.067528  0.010114  0.020438  0.113231  0.339793  0.489012  0.405805  0.302921  0.607910  0.003015  0.460521  0.079430  0.092459  0.134840  0.193409  0.511801  0.271687  0.562123  0.106423  0.437672  0.079733  0.118289  0.654055  0.238577  0.539285  0.492298  0.167043 
42  0.000000  0.066968  0.521117  0.215879  0.474859  0.106353  0.186070  0.264597  0.027358  0.208891  0.150621  0.038387  0.427877  0.243196  0.369654  0.186733  0.482653  0.207360  0.198601  0.574716  0.241218  0.459415  0.410543  0.539285  0.017566  0.271663  0.122497  0.109049  0.072958  0.528538  0.154279  0.554316  0.247289  0.318195  0.083453  0.000000  0.472085  0.175433  0.000000  0.224611  0.319467  0.186279 0.0  0.091020  0.403799  0.241253  0.000000  0.175679  0.049109  0.157053  0.244574  0.495698  0.442963  0.270201  0.590587  0.000721  0.429707  0.082293  0.030797  0.081239  0.241429  0.528396  0.228634  0.627186  0.013239  0.248185  0.000000  0.260288  0.607270  0.225272  0.438281  0.498582  0.227853 
43  0.054834  0.142747  0.484073  0.210288  0.458179  0.214885  0.087417  0.400437  0.086451  0.129337  0.165889  0.000000  0.402086  0.215819  0.272413  0.073653  0.456423  0.296138  0.211836  0.703726  0.235362  0.441028  0.462680  0.422510  0.042279  0.177338  0.254717  0.141354  0.217025  0.515655  0.033774  0.457920  0.277703  0.314711  0.038525  0.113103  0.349786  0.296636  0.105901  0.318768  0.396992  0.118883  0.091020 0.0  0.384123  0.124641  0.183378  0.079962  0.099618  0.131259  0.300826  0.459617  0.398784  0.276267  0.570157  0.076767  0.553181  0.009880  0.051646  0.154396  0.190469  0.481731  0.273466  0.629896  0.034038  0.405643  0.029788  0.156694  0.483271  0.344303  0.493308  0.598943  0.232530 
44  0.325025  0.299639  0.771898  0.436129  0.172783  0.358124  0.353550  0.339343  0.291679  0.405952  0.358229  0.274937  0.187896  0.313869  0.427077  0.313022  0.215118  0.462684  0.447943  1.000000  0.245032  0.102219  0.217571  0.475555  0.356049  0.473770  0.400136  0.334123  0.381558  0.420673  0.435180  0.124233  0.474536  0.341674  0.282168  0.375485  0.180908  0.344899  0.326360  0.309990  0.057742  0.510059  0.403799  0.384123 0.0  0.431522  0.374730  0.324601  0.207422  0.448137  0.200871  0.838025  0.334130  0.219546  0.876445  0.277782  0.754021  0.342231  0.383467  0.307108  0.424769  0.815707  0.458443  0.847557  0.299777  0.156307  0.371162  0.486282  0.632063  0.472009  0.770445  0.737681  0.550973 
45  0.000000  0.091926  0.585703  0.207124  0.407969  0.134999  0.119259  0.252955  0.139326  0.092463  0.239274  0.082286  0.527313  0.251204  0.292432  0.195327  0.508786  0.276049  0.139894  0.599050  0.258374  0.377712  0.402297  0.494638  0.053251  0.245446  0.094487  0.161310  0.010931  0.314310  0.084009  0.405277  0.135777  0.304092  0.000000  0.067162  0.366905  0.131861  0.046018  0.174559  0.399635  0.315216  0.241253  0.124641  0.431522 0.0  0.090602  0.051327  0.073262  0.243990  0.401329  0.414995  0.387053  0.253259  0.652969  0.115437  0.542783  0.047069  0.051547  0.107579  0.193855  0.428839  0.241236  0.576324  0.139900  0.397774  0.067641  0.207245  0.522380  0.097121  0.382537  0.428043  0.212446 
46  0.315234  0.104861  0.526843  0.081439  0.305538  0.124809  0.159623  0.334948  0.000000  0.264233  0.112909  0.114071  0.258832  0.308667  0.338431  0.057225  0.374262  0.114774  0.067868  0.509317  0.320795  0.404739  0.387256  0.451418  0.130280  0.122690  0.016009  0.057966  0.082474  0.520747  0.228440  0.301444  0.094795  0.395220  0.063845  0.295885  0.404623  0.044384  0.097973  0.213960  0.344852  0.067528  0.000000  0.183378  0.374730  0.090602 0.0  0.000000  0.033526  0.162650  0.223673  0.580809  0.486878  0.266063  0.415034  0.119419  0.297686  0.180654  0.161950  0.225831  0.119211  0.560125  0.093175  0.404530  0.057298  0.314763  0.125813  0.137743  0.521275  0.115286  0.598898  0.499734  0.076800 
47  0.040335  0.169957  0.430251  0.083579  0.369067  0.028281  0.251891  0.340300  0.240061  0.055680  0.034325  0.032225  0.300341  0.318629  0.356874  0.130708  0.314933  0.001903  0.112591  0.585019  0.244167  0.327209  0.367969  0.494445  0.008293  0.169906  0.000000  0.143086  0.183590  0.418645  0.153517  0.361067  0.000000  0.396219  0.132402  0.069216  0.349923  0.236516  0.095124  0.290980  0.274176  0.010114  0.175679  0.079962  0.324601  0.051327  0.000000 0.0  0.214858  0.157259  0.298080  0.554385  0.440729  0.277415  0.441466  0.017121  0.668989  0.112951  0.055926  0.072124  0.000000  0.548116  0.038082  0.539641  0.059257  0.400297  0.202514  0.124706  0.478058  0.093663  0.434462  0.492451  0.000000 
48  0.149498  0.189801  0.478352  0.109852  0.332003  0.126964  0.052339  0.302299  0.176557  0.054554  0.045839  0.011925  0.343788  0.294610  0.322244  0.000000  0.379048  0.067198  0.048206  0.503079  0.357390  0.444182  0.293256  0.427932  0.000000  0.000000  0.019659  0.043872  0.206152  0.504267  0.238119  0.276930  0.095477  0.511199  0.167030  0.093555  0.256825  0.039176  0.058771  0.253418  0.373337  0.020438  0.049109  0.099618  0.207422  0.073262  0.033526  0.214858 0.0  0.124141  0.207489  0.436196  0.368174  0.256662  0.416157  0.192449  0.602007  0.077969  0.028420  0.177337  0.034932  0.391257  0.000000  0.464540  0.168239  0.445383  0.139700  0.008594  0.505703  0.058822  0.534610  0.441776  0.008820 
49  0.115001  0.123066  0.634064  0.222466  0.341626  0.200432  0.183622  0.390542  0.133126  0.190994  0.113769  0.132574  0.341778  0.252555  0.457406  0.144966  0.276930  0.067361  0.118753  0.554151  0.221279  0.392985  0.416499  0.483026  0.086074  0.170222  0.082586  0.197683  0.129063  0.537664  0.071723  0.378443  0.259606  0.477365  0.234240  0.143499  0.339229  0.164555  0.061932  0.179419  0.390637  0.113231  0.157053  0.131259  0.448137  0.243990  0.162650  0.157259  0.124141 0.0  0.243827  0.520649  0.362121  0.328976  0.449130  0.061756  0.499195  0.153055  0.165594  0.175726  0.088770  0.366028  0.130530  0.512130  0.216944  0.404843  0.081061  0.000000  0.475236  0.252881  0.491658  0.480556  0.198243 
50  0.311468  0.205375  0.673345  0.307088  0.220310  0.204648  0.202774  0.139041  0.219207  0.199775  0.238795  0.107983  0.274364  0.225068  0.307284  0.192081  0.277929  0.179904  0.368593  0.704174  0.305172  0.155600  0.265634  0.473779  0.150679  0.259581  0.284824  0.227517  0.333070  0.549539  0.293111  0.302891  0.294368  0.190747  0.314952  0.318308  0.306466  0.249463  0.299732  0.271983  0.252400  0.339793  0.244574  0.300826  0.200871  0.401329  0.223673  0.298080  0.207489  0.243827 0.0  0.688677  0.271639  0.367869  0.645806  0.280266  0.630756  0.164268  0.214913  0.242333  0.301736  0.628068  0.207462  0.632687  0.331834  0.247356  0.266613  0.253729  0.736134  0.243558  0.540375  0.623275  0.217510 
51  0.589706  0.440389  0.528625  0.524855  0.752612  0.634178  0.500896  0.655679  0.470917  0.557516  0.514047  0.518509  0.686393  0.647770  0.702282  0.474495  0.762280  0.556548  0.432052  0.064581  0.646855  0.764528  0.773139  0.382959  0.587773  0.422883  0.405772  0.440455  0.489227  0.385687  0.502480  0.666267  0.474517  0.817218  0.450396  0.625579  0.768967  0.410846  0.581734  0.747771  0.775394  0.489012  0.495698  0.459617  0.838025  0.414995  0.580809  0.554385  0.436196  0.520649  0.688677 0.0  0.797322  0.642844  0.070273  0.571287  0.440785  0.577418  0.617638  0.621063  0.469689  0.203465  0.434474  0.000000  0.509812  0.773862  0.554111  0.488809  0.105014  0.500829  0.188581  0.083576  0.551581 
52  0.399041  0.361099  0.787714  0.353778  0.467532  0.321880  0.382184  0.157371  0.350556  0.349817  0.477542  0.301543  0.488610  0.232115  0.130445  0.356680  0.392791  0.387803  0.471907  0.792515  0.276942  0.445870  0.539579  0.480818  0.383088  0.401409  0.355586  0.383431  0.400914  0.487341  0.394188  0.464168  0.453557  0.158600  0.401577  0.400228  0.284919  0.415235  0.377291  0.346141  0.496092  0.405805  0.442963  0.398784  0.334130  0.387053  0.486878  0.440729  0.368174  0.362121  0.271639  0.797322 0.0  0.268418  0.784990  0.418995  0.724121  0.389127  0.406939  0.319191  0.291662  0.860989  0.467254  0.780727  0.399637  0.393394  0.318507  0.385611  0.770033  0.357822  0.789771  0.858970  0.392837 
53  0.317866  0.242278  0.598335  0.249845  0.383547  0.236075  0.222814  0.233720  0.146945  0.189402  0.406467  0.280106  0.320673  0.311115  0.375055  0.262783  0.184822  0.190818  0.326354  0.669845  0.107584  0.171210  0.351362  0.478264  0.363788  0.233441  0.262037  0.273829  0.183370  0.367802  0.222931  0.238382  0.222279  0.300152  0.213304  0.266025  0.187384  0.256182  0.293555  0.327401  0.335872  0.302921  0.270201  0.276267  0.219546  0.253259  0.266063  0.277415  0.256662  0.328976  0.367869  0.642844  0.268418 0.0  0.632185  0.301881  0.641722  0.304709  0.234907  0.216560  0.303118  0.697303  0.213169  0.708496  0.310814  0.357913  0.346798  0.242236  0.633053  0.228808  0.631466  0.654425  0.403662 
