73
0 0.0  0.298843  0.482137  0.521561  0.582600  0.341147  0.539677  0.337101  0.406857  0.197108  0.376029  0.302442  0.071524  0.349352  0.396814  0.119318  0.325477  0.051377  0.220779  0.206508  0.291313  0.232046  0.361783  0.017161  0.126334  0.085482  0.255245  0.251894  0.167129  0.393494  0.092944  0.211327  0.172824  0.000000  0.119788  0.086366  0.284883  0.384803  0.148583  0.380282  0.025302  0.063790  0.107160  0.436250  0.243967  0.242293  0.205852  0.100647  0.273851  0.088084  0.025218  0.025938  0.068586  0.031787  0.490351  0.713416  0.593649  0.381710  0.057596  0.583600  0.259167  0.304713  0.061148  0.618168  0.776629  0.033991  0.119994  0.406627  0.068511  0.360457  0.079902  0.291139  0.034967 
1  0.298843 0.0  0.254180  0.438668  0.514899  0.340168  0.576552  0.279085  0.324538  0.205230  0.263964  0.339739  0.000000  0.246947  0.553779  0.000000  0.387215  0.055325  0.182755  0.208165  0.331529  0.141572  0.429502  0.007298  0.032225  0.000000  0.270599  0.074328  0.155236  0.331144  0.024407  0.346525  0.108095  0.184087  0.220534  0.167453  0.441117  0.379989  0.195308  0.393670  0.023200  0.135110  0.000000  0.425890  0.356459  0.342548  0.117878  0.072090  0.290155  0.212103  0.000000  0.003667  0.000000  0.014305  0.499994  0.719899  0.542122  0.344542  0.050613  0.448714  0.277006  0.309468  0.040895  0.554444  0.573258  0.080613  0.046895  0.286116  0.040681  0.313634  0.042984  0.286888  0.039352 
2  0.482137  0.254180 0.0  0.079383  0.864260  0.306143  0.818082  0.351203  0.278480  0.318667  0.193425  0.380480  0.581259  0.276886  0.695438  0.484894  0.207683  0.441734  0.365138  0.389260  0.257903  0.376359  0.338860  0.495561  0.423215  0.517793  0.194722  0.439282  0.429560  0.200472  0.466681  0.257868  0.442798  0.520071  0.490320  0.448982  0.335370  0.410512  0.320068  0.337360  0.472397  0.557842  0.546264  0.954057  0.293025  0.368290  0.398470  0.423951  0.270593  0.245173  0.347700  0.262813  0.546208  0.460797  0.963618  0.659784  0.479862  0.168999  0.524305  0.191092  0.276610  0.287113  0.228344  0.888791  0.856535  0.447371  0.303634  0.309298  0.386823  0.200304  0.419053  0.375259  0.429514 
3  0.521561  0.438668  0.079383 0.0  0.898789  0.099065  0.835120  0.303693  0.168665  0.489058  0.345259  0.300928  0.454474  0.386724  0.810694  0.509381  0.159433  0.541260  0.416872  0.428238  0.133546  0.443028  0.354653  0.445276  0.346197  0.394698  0.208675  0.403469  0.338477  0.187841  0.414306  0.244140  0.479287  0.308141  0.434477  0.316890  0.298531  0.413258  0.478932  0.457762  0.512674  0.507163  0.411830  0.831266  0.082790  0.448376  0.442715  0.422216  0.094518  0.409747  0.488658  0.342091  0.417611  0.412650  0.836893  0.665081  0.378864  0.172507  0.439758  0.161348  0.302316  0.083522  0.404742  0.802931  0.869692  0.447704  0.415696  0.164189  0.315315  0.200549  0.345405  0.250607  0.306644 
4  0.582600  0.514899  0.864260  0.898789 0.0  0.916682  0.569746  0.745141  0.795360  0.553931  0.682737  0.656717  0.588183  0.756407  0.187375  0.605430  0.777134  0.559117  0.512858  0.584009  0.712450  0.540915  0.770031  0.588928  0.560635  0.502590  0.727690  0.496144  0.713543  0.774602  0.519734  0.688710  0.408849  0.619973  0.555748  0.564118  0.924184  0.794314  0.650616  0.825745  0.507851  0.547287  0.675236  0.086818  0.774752  0.487609  0.575788  0.523846  0.759669  0.542647  0.548325  0.507811  0.630552  0.527910  0.567968  0.304690  0.615635  0.802187  0.545246  0.835690  0.698147  0.721031  0.552521  0.517758  0.615353  0.529120  0.607141  0.801322  0.590765  0.837407  0.558375  0.672547  0.631004 
5  0.341147  0.340168  0.306143  0.099065  0.916682 0.0  0.808238  0.310868  0.286056  0.284359  0.325240  0.220305  0.441998  0.209618  0.785073  0.520625  0.217245  0.563525  0.307494  0.386621  0.284504  0.541338  0.422108  0.497319  0.431169  0.517042  0.144882  0.479374  0.270171  0.294358  0.424880  0.211721  0.482533  0.503289  0.372645  0.426073  0.363645  0.358120  0.427675  0.268443  0.545393  0.488541  0.504837  0.788988  0.200585  0.259586  0.464818  0.486001  0.195435  0.306145  0.402218  0.350259  0.529302  0.308954  0.890186  0.672834  0.357409  0.189971  0.432697  0.173838  0.285232  0.165178  0.410094  0.819759  0.852186  0.384861  0.177279  0.229918  0.318852  0.285602  0.538392  0.340206  0.380266 
6  0.539677  0.576552  0.818082  0.835120  0.569746  0.808238 0.0  0.717880  0.894725  0.516731  0.723173  0.777107  0.648643  0.683558  0.608992  0.542170  0.843824  0.514732  0.430296  0.607278  0.765502  0.586728  0.917436  0.487780  0.447689  0.590639  0.660567  0.517269  0.520515  0.829350  0.572264  0.733851  0.520271  0.553538  0.625582  0.553654  0.781218  0.702728  0.509467  0.885432  0.561358  0.500303  0.518665  0.574999  0.863989  0.601112  0.628991  0.595839  0.829809  0.607178  0.582273  0.549461  0.519153  0.551289  0.208180  0.731290  0.432315  0.891937  0.615522  0.790659  0.673310  0.805246  0.572304  0.124516  0.148105  0.571513  0.608499  0.870495  0.470058  0.924175  0.533857  0.663591  0.536381 
7  0.337101  0.279085  0.351203  0.303693  0.745141  0.310868  0.717880 0.0  0.292235  0.283799  0.254249  0.341109  0.290636  0.261511  0.801761  0.240512  0.311105  0.250356  0.337025  0.190227  0.225499  0.263966  0.332692  0.387003  0.209889  0.236750  0.236364  0.195266  0.238318  0.237884  0.335446  0.290548  0.379933  0.298949  0.234094  0.334248  0.305470  0.271970  0.294034  0.163837  0.282112  0.264092  0.377587  0.589083  0.236863  0.257569  0.288326  0.220218  0.362588  0.263044  0.260562  0.186420  0.275467  0.222083  0.692780  0.726389  0.475001  0.423783  0.334965  0.261170  0.246555  0.362044  0.248820  0.702366  0.676459  0.260358  0.350454  0.342163  0.235790  0.330419  0.287655  0.264108  0.223128 
8  0.406857  0.324538  0.278480  0.168665  0.795360  0.286056  0.894725  0.292235 0.0  0.275421  0.266120  0.214931  0.566408  0.313589  0.899064  0.526531  0.258634  0.517760  0.292283  0.341938  0.253825  0.430144  0.442080  0.382393  0.576741  0.500261  0.222462  0.548724  0.307657  0.216912  0.460257  0.325650  0.420240  0.467109  0.214689  0.548583  0.380064  0.328402  0.311138  0.261963  0.347662  0.413739  0.435126  0.823029  0.288510  0.333876  0.636482  0.456661  0.131164  0.342169  0.370858  0.277466  0.565181  0.403760  0.983473  0.703353  0.632232  0.160249  0.388619  0.104250  0.373626  0.179901  0.268930  0.771560  0.873488  0.458173  0.341588  0.193410  0.350882  0.210207  0.500410  0.241231  0.347537 
9  0.197108  0.205230  0.318667  0.489058  0.553931  0.284359  0.516731  0.283799  0.275421 0.0  0.310875  0.257578  0.125323  0.336941  0.496986  0.049721  0.324578  0.155584  0.234815  0.175648  0.379191  0.072451  0.381985  0.037941  0.095052  0.085644  0.239657  0.180605  0.172540  0.384470  0.202683  0.274873  0.122319  0.131847  0.283195  0.066528  0.227178  0.335313  0.192891  0.310716  0.033616  0.045945  0.153224  0.506996  0.354958  0.145392  0.112232  0.079595  0.287573  0.135561  0.011832  0.131225  0.054254  0.197664  0.583261  0.634871  0.439322  0.289868  0.014946  0.466811  0.307999  0.339234  0.089659  0.621802  0.648130  0.135737  0.053816  0.298710  0.133307  0.403921  0.082016  0.240945  0.000000 
10  0.376029  0.263964  0.193425  0.345259  0.682737  0.325240  0.723173  0.254249  0.266120  0.310875 0.0  0.354536  0.226596  0.269563  0.698796  0.171898  0.202164  0.318114  0.286700  0.172394  0.298729  0.243605  0.280210  0.428605  0.241846  0.271383  0.393022  0.255008  0.258432  0.242861  0.242711  0.365600  0.346360  0.159548  0.266124  0.216040  0.241539  0.190239  0.370117  0.374522  0.320320  0.315254  0.398638  0.743836  0.326934  0.290330  0.360933  0.341206  0.291138  0.288012  0.260206  0.279290  0.401262  0.250253  0.834236  0.572082  0.512003  0.306772  0.233862  0.211741  0.192453  0.286941  0.233054  0.673135  0.753788  0.311297  0.285005  0.287813  0.289635  0.316512  0.191799  0.177259  0.340222 
11  0.302442  0.339739  0.380480  0.300928  0.656717  0.220305  0.777107  0.341109  0.214931  0.257578  0.354536 0.0  0.387983  0.250913  0.742109  0.255255  0.267982  0.262120  0.362752  0.251623  0.250378  0.381936  0.193145  0.265096  0.235438  0.213477  0.290451  0.211553  0.343164  0.328688  0.151175  0.210944  0.212848  0.252726  0.314366  0.163860  0.139406  0.297543  0.228271  0.310787  0.164123  0.280970  0.208677  0.723807  0.313709  0.220785  0.270297  0.293573  0.307513  0.331739  0.281609  0.318663  0.366486  0.236217  0.691107  0.735969  0.436795  0.233881  0.340591  0.248334  0.222959  0.269514  0.275400  0.769155  0.733122  0.260578  0.301466  0.291924  0.287643  0.316506  0.253391  0.440158  0.215091 
12  0.071524  0.000000  0.581259  0.454474  0.588183  0.441998  0.648643  0.290636  0.566408  0.125323  0.226596  0.387983 0.0  0.323706  0.456058  0.242211  0.486424  0.175247  0.098572  0.086048  0.494319  0.102062  0.376845  0.195808  0.133900  0.180501  0.269682  0.238410  0.093887  0.539686  0.232927  0.316541  0.107106  0.302325  0.153449  0.275483  0.285309  0.387852  0.069809  0.318299  0.203296  0.400281  0.176210  0.644582  0.486717  0.085129  0.323686  0.207688  0.483049  0.124339  0.000000  0.189485  0.166541  0.148788  0.674138  0.792120  0.549323  0.579955  0.214525  0.395467  0.334188  0.454339  0.095157  0.605278  0.553842  0.082325  0.074059  0.499136  0.051055  0.520478  0.146457  0.152408  0.169111 
13  0.349352  0.246947  0.276886  0.386724  0.756407  0.209618  0.683558  0.261511  0.313589  0.336941  0.269563  0.250913  0.323706 0.0  0.777510  0.368969  0.319722  0.256849  0.326384  0.297816  0.336952  0.288905  0.304338  0.252208  0.268709  0.249885  0.335717  0.208730  0.424961  0.347951  0.230340  0.339007  0.270762  0.204079  0.246895  0.218613  0.267073  0.399881  0.356104  0.425264  0.319552  0.361470  0.211432  0.647659  0.287647  0.321049  0.246447  0.335978  0.322507  0.331800  0.258684  0.366263  0.337559  0.269429  0.706212  0.710991  0.530906  0.178578  0.293732  0.192847  0.197083  0.286025  0.269252  0.638836  0.707898  0.340426  0.323338  0.248486  0.147929  0.162628  0.289196  0.291117  0.233908 
14  0.396814  0.553779  0.695438  0.810694  0.187375  0.785073  0.608992  0.801761  0.899064  0.496986  0.698796  0.742109  0.456058  0.777510 0.0  0.530938  0.737837  0.443904  0.419483  0.604592  0.834391  0.523526  0.684106  0.458018  0.557644  0.505851  0.716485  0.523858  0.526864  0.732725  0.516668  0.719122  0.594957  0.505234  0.411195  0.510526  0.780154  0.744871  0.487082  0.782407  0.420373  0.474163  0.552337  0.076482  0.811676  0.525418  0.501809  0.444791  0.765283  0.499883  0.466423  0.670170  0.476728  0.493955  0.486942  0.283507  0.525878  0.758558  0.538361  0.813907  0.811032  0.791545  0.517311  0.509265  0.423036  0.480127  0.488506  0.704959  0.442654  0.758158  0.495008  0.783317  0.511266 
15  0.119318  0.000000  0.484894  0.509381  0.605430  0.520625  0.542170  0.240512  0.526531  0.049721  0.171898  0.255255  0.242211  0.368969  0.530938 0.0  0.481925  0.121630  0.064477  0.087497  0.485217  0.155634  0.333970  0.187972  0.308103  0.250976  0.335472  0.211170  0.048351  0.498675  0.207143  0.309944  0.029213  0.273201  0.058232  0.171640  0.193023  0.304314  0.041968  0.262853  0.145676  0.191949  0.217714  0.574171  0.453565  0.000000  0.188825  0.252610  0.505749  0.057207  0.150533  0.014441  0.275813  0.134051  0.664019  0.730178  0.461570  0.624110  0.357892  0.464872  0.369324  0.467743  0.074150  0.562715  0.441513  0.108201  0.065214  0.355940  0.065765  0.511231  0.136439  0.309582  0.186309 
16  0.325477  0.387215  0.207683  0.159433  0.777134  0.217245  0.843824  0.311105  0.258634  0.324578  0.202164  0.267982  0.486424  0.319722  0.737837  0.481925 0.0  0.484895  0.355068  0.277881  0.112747  0.441050  0.415842  0.505147  0.520324  0.509236  0.255660  0.471566  0.329536  0.179992  0.446686  0.141348  0.293872  0.451795  0.257101  0.472598  0.257447  0.394651  0.266706  0.425914  0.462009  0.464282  0.500381  0.906035  0.184417  0.328269  0.434551  0.487082  0.174658  0.294744  0.442934  0.329963  0.437841  0.364898  0.957378  0.775363  0.422187  0.079347  0.460692  0.136669  0.257685  0.233642  0.331812  0.796676  0.761889  0.341511  0.282089  0.328353  0.264885  0.258962  0.420340  0.375333  0.453863 
17  0.051377  0.055325  0.441734  0.541260  0.559117  0.563525  0.514732  0.250356  0.517760  0.155584  0.318114  0.262120  0.175247  0.256849  0.443904  0.121630  0.484895 0.0  0.122114  0.012462  0.424350  0.053298  0.353257  0.212385  0.218912  0.239004  0.337913  0.097932  0.000000  0.433997  0.184938  0.216509  0.000000  0.177852  0.040178  0.254814  0.389271  0.366235  0.030146  0.400404  0.322307  0.194453  0.258656  0.713550  0.536250  0.153457  0.212252  0.097846  0.502502  0.000000  0.025785  0.144814  0.247051  0.000000  0.612372  0.723024  0.517888  0.462529  0.311850  0.462801  0.234116  0.545258  0.090561  0.570453  0.510186  0.000000  0.021820  0.461334  0.064386  0.350225  0.266035  0.210522  0.083337 
18  0.220779  0.182755  0.365138  0.416872  0.512858  0.307494  0.430296  0.337025  0.292283  0.234815  0.286700  0.362752  0.098572  0.326384  0.419483  0.064477  0.355068  0.122114 0.0  0.321139  0.403444  0.158284  0.404152  0.067212  0.115960  0.138750  0.283818  0.108573  0.171095  0.319069  0.061757  0.252514  0.188068  0.063588  0.226435  0.030664  0.373308  0.345101  0.284249  0.328572  0.012934  0.135487  0.102419  0.624230  0.324181  0.160559  0.178387  0.150737  0.383281  0.038159  0.062828  0.100417  0.110633  0.000000  0.527374  0.773921  0.616176  0.441426  0.110526  0.270251  0.205407  0.454968  0.084034  0.669232  0.611573  0.076698  0.096352  0.355099  0.088599  0.374076  0.120323  0.282229  0.199939 
19  0.206508  0.208165  0.389260  0.428238  0.584009  0.386621  0.607278  0.190227  0.341938  0.175648  0.172394  0.251623  0.086048  0.297816  0.604592  0.087497  0.277881  0.012462  0.321139 0.0  0.329048  0.109031  0.240086  0.166352  0.012048  0.135335  0.271424  0.000000  0.197761  0.428347  0.055512  0.235713  0.101521  0.023739  0.184220  0.162919  0.403744  0.331722  0.172856  0.312799  0.029459  0.124993  0.096370  0.460390  0.354005  0.120261  0.069721  0.085167  0.328162  0.023115  0.000000  0.121762  0.064510  0.000000  0.406173  0.737204  0.428084  0.400364  0.006495  0.533724  0.218561  0.377626  0.193349  0.574046  0.596258  0.146287  0.083574  0.504485  0.000000  0.292737  0.000000  0.206927  0.206790 
20  0.291313  0.331529  0.257903  0.133546  0.712450  0.284504  0.765502  0.225499  0.253825  0.379191  0.298729  0.250378  0.494319  0.336952  0.834391  0.485217  0.112747  0.424350  0.403444  0.329048 0.0  0.378669  0.462767  0.483055  0.485088  0.420993  0.353685  0.444594  0.266252  0.200991  0.496479  0.280538  0.344470  0.512142  0.471481  0.450416  0.400520  0.263814  0.357489  0.277861  0.482717  0.513996  0.577761  0.885601  0.263447  0.326149  0.463547  0.627178  0.195570  0.355486  0.303709  0.471402  0.533591  0.360392  0.983484  0.675637  0.394259  0.212667  0.559483  0.168837  0.236932  0.403252  0.392909  0.801610  0.862030  0.399457  0.285547  0.182938  0.192931  0.041706  0.502761  0.238903  0.440519 
21  0.232046  0.141572  0.376359  0.443028  0.540915  0.541338  0.586728  0.263966  0.430144  0.072451  0.243605  0.381936  0.102062  0.288905  0.523526  0.155634  0.441050  0.053298  0.158284  0.109031  0.378669 0.0  0.394028  0.059765  0.179952  0.140520  0.318742  0.069156  0.075816  0.306434  0.043744  0.300057  0.115969  0.230734  0.148078  0.122480  0.426301  0.211498  0.151305  0.400823  0.130405  0.153051  0.189506  0.539218  0.467329  0.113340  0.199626  0.155378  0.404217  0.039322  0.162171  0.321841  0.147135  0.123172  0.480051  0.620954  0.550123  0.424511  0.153659  0.418141  0.290010  0.407287  0.158305  0.616747  0.585503  0.168471  0.184239  0.293814  0.187766  0.298423  0.148049  0.334375  0.128023 
22  0.361783  0.429502  0.338860  0.354653  0.770031  0.422108  0.917436  0.332692  0.442080  0.381985  0.280210  0.193145  0.376845  0.304338  0.684106  0.333970  0.415842  0.353257  0.404152  0.240086  0.462767  0.394028 0.0  0.302509  0.408820  0.325641  0.232917  0.354436  0.338954  0.325911  0.455221  0.346109  0.388254  0.328176  0.276931  0.387127  0.235083  0.128352  0.397648  0.105905  0.190764  0.342401  0.408896  0.710946  0.365174  0.335991  0.355254  0.459183  0.472827  0.376820  0.281122  0.375840  0.221383  0.399107  0.680003  0.729422  0.528703  0.342685  0.408250  0.419986  0.318761  0.293816  0.303590  0.923666  0.674997  0.384000  0.309428  0.359925  0.289906  0.367135  0.377057  0.237062  0.340411 
23  0.017161  0.007298  0.495561  0.445276  0.588928  0.497319  0.487780  0.387003  0.382393  0.037941  0.428605  0.265096  0.195808  0.252208  0.458018  0.187972  0.505147  0.212385  0.067212  0.166352  0.483055  0.059765  0.302509 0.0  0.200305  0.257741  0.345338  0.305360  0.163070  0.552680  0.258102  0.318562  0.065613  0.209775  0.109984  0.287723  0.346139  0.318950  0.050056  0.353279  0.298089  0.189112  0.252336  0.584326  0.463616  0.058192  0.228044  0.135320  0.474464  0.112591  0.155159  0.032608  0.185804  0.086216  0.677917  0.665472  0.546947  0.498138  0.202194  0.439514  0.332366  0.522849  0.091092  0.617804  0.517925  0.000000  0.001132  0.398932  0.046734  0.461747  0.200644  0.323031  0.232733 
24  0.126334  0.032225  0.423215  0.346197  0.560635  0.431169  0.447689  0.209889  0.576741  0.095052  0.241846  0.235438  0.133900  0.268709  0.557644  0.308103  0.520324  0.218912  0.115960  0.012048  0.485088  0.179952  0.408820  0.200305 0.0  0.198367  0.309818  0.177074  0.209790  0.489377  0.341121  0.250557  0.210748  0.187658  0.132346  0.288940  0.366248  0.280591  0.063498  0.367917  0.157748  0.191662  0.131543  0.565344  0.399905  0.054068  0.214849  0.116552  0.469847  0.096351  0.011005  0.023297  0.229321  0.055093  0.601306  0.693077  0.509651  0.510443  0.246358  0.453107  0.186496  0.416062  0.001148  0.613214  0.588343  0.052218  0.181813  0.509632  0.048776  0.418064  0.136852  0.208972  0.200018 
25  0.085482  0.000000  0.517793  0.394698  0.502590  0.517042  0.590639  0.236750  0.500261  0.085644  0.271383  0.213477  0.180501  0.249885  0.505851  0.250976  0.509236  0.239004  0.138750  0.135335  0.420993  0.140520  0.325641  0.257741  0.198367 0.0  0.406217  0.202573  0.060836  0.370330  0.231289  0.288113  0.017475  0.144428  0.075372  0.263709  0.450583  0.355877  0.000000  0.335712  0.208759  0.214358  0.144402  0.540679  0.463186  0.121403  0.238326  0.240117  0.413811  0.000000  0.099334  0.044739  0.217194  0.063554  0.597723  0.659350  0.559535  0.506866  0.214567  0.346284  0.225228  0.503060  0.003201  0.540580  0.387913  0.085981  0.072696  0.459414  0.011815  0.541370  0.205579  0.209173  0.086554 
26  0.255245  0.270599  0.194722  0.208675  0.727690  0.144882  0.660567  0.236364  0.222462  0.239657  0.393022  0.290451  0.269682  0.335717  0.716485  0.335472  0.255660  0.337913  0.283818  0.271424  0.353685  0.318742  0.232917  0.345338  0.309818  0.406217 0.0  0.264619  0.254572  0.303757  0.305938  0.307951  0.226212  0.303142  0.358082  0.226719  0.294264  0.267948  0.287078  0.301800  0.265325  0.219604  0.245657  0.638150  0.263869  0.252208  0.237948  0.319159  0.217571  0.244595  0.339203  0.338876  0.256919  0.255696  0.714889  0.715262  0.434884  0.243109  0.292762  0.341680  0.296013  0.325635  0.277130  0.734642  0.711833  0.230934  0.295863  0.240407  0.260020  0.259305  0.334731  0.365232  0.221934 
27  0.251894  0.074328  0.439282  0.403469  0.496144  0.479374  0.517269  0.195266  0.548724  0.180605  0.255008  0.211553  0.238410  0.208730  0.523858  0.211170  0.471566  0.097932  0.108573  0.000000  0.444594  0.069156  0.354436  0.305360  0.177074  0.202573  0.264619 0.0  0.090326  0.487940  0.283203  0.345709  0.150891  0.220528  0.151840  0.287909  0.442179  0.390752  0.141025  0.419324  0.343678  0.247320  0.219004  0.532105  0.510196  0.050721  0.159756  0.110909  0.428170  0.224617  0.119860  0.101606  0.107061  0.105380  0.593007  0.849476  0.467611  0.477194  0.167805  0.354886  0.162883  0.393411  0.035622  0.569538  0.507534  0.128899  0.056462  0.569328  0.074952  0.499119  0.266898  0.320809  0.212313 
28  0.167129  0.155236  0.429560  0.338477  0.713543  0.270171  0.520515  0.238318  0.307657  0.172540  0.258432  0.343164  0.093887  0.424961  0.526864  0.048351  0.329536  0.000000  0.171095  0.197761  0.266252  0.075816  0.338954  0.163070  0.209790  0.060836  0.254572  0.090326 0.0  0.368746  0.115010  0.249640  0.168214  0.039747  0.244895  0.000000  0.400857  0.406372  0.210855  0.343297  0.137975  0.081999  0.211670  0.443942  0.348953  0.199799  0.124442  0.125846  0.320080  0.054880  0.082245  0.106468  0.022540  0.124678  0.449420  0.670092  0.555923  0.424371  0.000000  0.411321  0.330213  0.329395  0.127972  0.577988  0.609935  0.026057  0.054132  0.420686  0.000000  0.380756  0.050836  0.143814  0.000000 
29  0.393494  0.331144  0.200472  0.187841  0.774602  0.294358  0.829350  0.237884  0.216912  0.384470  0.242861  0.328688  0.539686  0.347951  0.732725  0.498675  0.179992  0.433997  0.319069  0.428347  0.200991  0.306434  0.325911  0.552680  0.489377  0.370330  0.303757  0.487940  0.368746 0.0  0.514254  0.289223  0.450682  0.453942  0.312805  0.550044  0.280802  0.283571  0.314670  0.336136  0.515882  0.419877  0.500894  0.830671  0.224995  0.380529  0.394307  0.511810  0.265061  0.337535  0.375894  0.283310  0.464619  0.299696  0.898602  0.647687  0.537735  0.234032  0.489090  0.172676  0.223028  0.270597  0.264884  0.853032  0.806382  0.206948  0.266917  0.234408  0.363022  0.184629  0.499353  0.193583  0.493732 
30  0.092944  0.024407  0.466681  0.414306  0.519734  0.424880  0.572264  0.335446  0.460257  0.202683  0.242711  0.151175  0.232927  0.230340  0.516668  0.207143  0.446686  0.184938  0.061757  0.055512  0.496479  0.043744  0.455221  0.258102  0.341121  0.231289  0.305938  0.283203  0.115010  0.514254 0.0  0.259317  0.215876  0.138003  0.172731  0.262193  0.428504  0.409024  0.123576  0.414733  0.194235  0.190425  0.337970  0.698095  0.382222  0.092868  0.235354  0.251647  0.556126  0.141505  0.000000  0.000000  0.120725  0.135548  0.615382  0.668640  0.521249  0.486743  0.153554  0.447989  0.313064  0.449892  0.059663  0.572947  0.450365  0.056549  0.104152  0.450082  0.088820  0.498171  0.190989  0.210592  0.271111 
31  0.211327  0.346525  0.257868  0.244140  0.688710  0.211721  0.733851  0.290548  0.325650  0.274873  0.365600  0.210944  0.316541  0.339007  0.719122  0.309944  0.141348  0.216509  0.252514  0.235713  0.280538  0.300057  0.346109  0.318562  0.250557  0.288113  0.307951  0.345709  0.249640  0.289223  0.259317 0.0  0.239304  0.369500  0.247770  0.285749  0.185768  0.244999  0.251345  0.204705  0.228737  0.212211  0.224185  0.600156  0.308338  0.406918  0.378450  0.224567  0.315390  0.236413  0.250499  0.255398  0.251854  0.311192  0.636438  0.685886  0.561489  0.215976  0.289840  0.254386  0.185107  0.219564  0.336451  0.683104  0.731367  0.273336  0.354811  0.266812  0.327902  0.281806  0.316217  0.248252  0.284181 
32  0.172824  0.108095  0.442798  0.479287  0.408849  0.482533  0.520271  0.379933  0.420240  0.122319  0.346360  0.212848  0.107106  0.270762  0.594957  0.029213  0.293872  0.000000  0.188068  0.101521  0.344470  0.115969  0.388254  0.065613  0.210748  0.017475  0.226212  0.150891  0.168214  0.450682  0.215876  0.239304 0.0  0.333905  0.225679  0.166897  0.421759  0.363217  0.061779  0.428115  0.147579  0.265393  0.214043  0.475067  0.340081  0.287377  0.158922  0.205918  0.467275  0.149604  0.247268  0.098897  0.299655  0.054242  0.585874  0.768590  0.520385  0.407230  0.163887  0.536899  0.392651  0.472999  0.257593  0.555263  0.588112  0.053980  0.168884  0.440268  0.131550  0.451779  0.136649  0.261262  0.142961 
33  0.000000  0.184087  0.520071  0.308141  0.619973  0.503289  0.553538  0.298949  0.467109  0.131847  0.159548  0.252726  0.302325  0.204079  0.505234  0.273201  0.451795  0.177852  0.063588  0.023739  0.512142  0.230734  0.328176  0.209775  0.187658  0.144428  0.303142  0.220528  0.039747  0.453942  0.138003  0.369500  0.333905 0.0  0.000000  0.202135  0.331988  0.310120  0.196492  0.412521  0.165346  0.253745  0.066307  0.665636  0.461688  0.076050  0.127365  0.158341  0.509144  0.040547  0.056564  0.049439  0.074374  0.065825  0.564646  0.664870  0.525725  0.392778  0.265854  0.424479  0.345008  0.454602  0.123588  0.615835  0.494200  0.136272  0.052049  0.485218  0.078664  0.435587  0.208988  0.218399  0.190353 
34  0.119788  0.220534  0.490320  0.434477  0.555748  0.372645  0.625582  0.234094  0.214689  0.283195  0.266124  0.314366  0.153449  0.246895  0.411195  0.058232  0.257101  0.040178  0.226435  0.184220  0.471481  0.148078  0.276931  0.109984  0.132346  0.075372  0.358082  0.151840  0.244895  0.312805  0.172731  0.247770  0.225679  0.000000 0.0  0.000000  0.339974  0.315843  0.207255  0.493453  0.091406  0.000000  0.101627  0.534277  0.324379  0.137696  0.044621  0.023100  0.333629  0.070264  0.000000  0.072163  0.201506  0.086979  0.518726  0.706162  0.407330  0.357916  0.106033  0.398950  0.300495  0.285859  0.036302  0.485089  0.563766  0.088868  0.032246  0.326271  0.085102  0.386222  0.128934  0.312936  0.024746 
35  0.086366  0.167453  0.448982  0.316890  0.564118  0.426073  0.553654  0.334248  0.548583  0.066528  0.216040  0.163860  0.275483  0.218613  0.510526  0.171640  0.472598  0.254814  0.030664  0.162919  0.450416  0.122480  0.387127  0.287723  0.288940  0.263709  0.226719  0.287909  0.000000  0.550044  0.262193  0.285749  0.166897  0.202135  0.000000 0.0  0.293848  0.322045  0.060468  0.372489  0.115884  0.218898  0.240059  0.712988  0.566469  0.172853  0.231256  0.143272  0.441945  0.133239  0.106524  0.019279  0.262950  0.071423  0.655583  0.721731  0.580046  0.491031  0.227819  0.362854  0.295375  0.420570  0.000000  0.502150  0.477945  0.101577  0.052706  0.565279  0.110981  0.466833  0.185087  0.309793  0.124995 
36  0.284883  0.441117  0.335370  0.298531  0.924184  0.363645  0.781218  0.305470  0.380064  0.227178  0.241539  0.139406  0.285309  0.267073  0.780154  0.193023  0.257447  0.389271  0.373308  0.403744  0.400520  0.426301  0.235083  0.346139  0.366248  0.450583  0.294264  0.442179  0.400857  0.280802  0.428504  0.185768  0.421759  0.331988  0.339974  0.293848 0.0  0.311209  0.326529  0.109396  0.263668  0.451204  0.186097  0.630961  0.431047  0.403827  0.395584  0.261192  0.305421  0.269553  0.395700  0.476663  0.358012  0.296762  0.763507  0.677522  0.528296  0.333914  0.305868  0.401893  0.260512  0.310717  0.320314  0.867500  0.788019  0.359424  0.355958  0.423529  0.289839  0.336994  0.421227  0.357806  0.272898 
37  0.384803  0.379989  0.410512  0.413258  0.794314  0.358120  0.702728  0.271970  0.328402  0.335313  0.190239  0.297543  0.387852  0.399881  0.744871  0.304314  0.394651  0.366235  0.345101  0.331722  0.263814  0.211498  0.128352  0.318950  0.280591  0.355877  0.267948  0.390752  0.406372  0.283571  0.409024  0.244999  0.363217  0.310120  0.315843  0.322045  0.311209 0.0  0.342051  0.232190  0.412727  0.321543  0.417700  0.937621  0.387495  0.290551  0.345038  0.349266  0.297315  0.259594  0.370319  0.375547  0.410571  0.394608  0.686527  0.713098  0.450983  0.286792  0.330830  0.441022  0.272747  0.347704  0.305182  0.903369  0.789824  0.355604  0.384537  0.250215  0.361275  0.312624  0.293744  0.227741  0.280260 
38  0.148583  0.195308  0.320068  0.478932  0.650616  0.427675  0.509467  0.294034  0.311138  0.192891  0.370117  0.228271  0.069809  0.356104  0.487082  0.041968  0.266706  0.030146  0.284249  0.172856  0.357489  0.151305  0.397648  0.050056  0.063498  0.000000  0.287078  0.141025  0.210855  0.314670  0.123576  0.251345  0.061779  0.196492  0.207255  0.060468  0.326529  0.342051 0.0  0.414086  0.160498  0.060890  0.080937  0.501480  0.282688  0.174351  0.000000  0.117090  0.309863  0.051966  0.103856  0.142211  0.168243  0.170280  0.498747  0.750622  0.508420  0.370937  0.188918  0.432631  0.317656  0.325512  0.075160  0.547335  0.629698  0.000000  0.120387  0.447927  0.135502  0.381432  0.050712  0.279293  0.030514 
39  0.380282  0.393670  0.337360  0.457762  0.825745  0.268443  0.885432  0.163837  0.261963  0.310716  0.374522  0.310787  0.318299  0.425264  0.782407  0.262853  0.425914  0.400404  0.328572  0.312799  0.277861  0.400823  0.105905  0.353279  0.367917  0.335712  0.301800  0.419324  0.343297  0.336136  0.414733  0.204705  0.428115  0.412521  0.493453  0.372489  0.109396  0.232190  0.414086 0.0  0.287407  0.253194  0.385455  0.821831  0.291998  0.341741  0.393041  0.286896  0.316215  0.292571  0.383015  0.367489  0.394896  0.388696  0.826100  0.706492  0.592825  0.321236  0.385177  0.442826  0.221206  0.427018  0.342001  0.809873  0.758503  0.428139  0.260591  0.206758  0.394932  0.405533  0.353296  0.259050  0.387024 
40  0.025302  0.023200  0.472397  0.512674  0.507851  0.545393  0.561358  0.282112  0.347662  0.033616  0.320320  0.164123  0.203296  0.319552  0.420373  0.145676  0.462009  0.322307  0.012934  0.029459  0.482717  0.130405  0.190764  0.298089  0.157748  0.208759  0.265325  0.343678  0.137975  0.515882  0.194235  0.228737  0.147579  0.165346  0.091406  0.115884  0.263668  0.412727  0.160498  0.287407 0.0  0.163996  0.218280  0.593416  0.525251  0.052692  0.252353  0.126403  0.418345  0.127812  0.158847  0.098405  0.249724  0.083162  0.467482  0.781207  0.509103  0.350187  0.126343  0.355451  0.301762  0.519282  0.106723  0.432499  0.579625  0.097918  0.055107  0.437774  0.055260  0.595049  0.258559  0.259548  0.239430 
41  0.063790  0.135110  0.557842  0.507163  0.547287  0.488541  0.500303  0.264092  0.413739  0.045945  0.315254  0.280970  0.400281  0.361470  0.474163  0.191949  0.464282  0.194453  0.135487  0.124993  0.513996  0.153051  0.342401  0.189112  0.191662  0.214358  0.219604  0.247320  0.081999  0.419877  0.190425  0.212211  0.265393  0.253745  0.000000  0.218898  0.451204  0.321543  0.060890  0.253194  0.163996 0.0  0.188664  0.690622  0.445758  0.000000  0.154185  0.132657  0.513831  0.064187  0.032575  0.108576  0.277413  0.113207  0.554977  0.669560  0.533329  0.499890  0.256851  0.517639  0.312041  0.491290  0.145964  0.544577  0.558945  0.020460  0.000713  0.489727  0.077501  0.518759  0.236015  0.155429  0.362232 
42  0.107160  0.000000  0.546264  0.411830  0.675236  0.504837  0.518665  0.377587  0.435126  0.153224  0.398638  0.208677  0.176210  0.211432  0.552337  0.217714  0.500381  0.258656  0.102419  0.096370  0.577761  0.189506  0.408896  0.252336  0.131543  0.144402  0.245657  0.219004  0.211670  0.500894  0.337970  0.224185  0.214043  0.066307  0.101627  0.240059  0.186097  0.417700  0.080937  0.385455  0.218280  0.188664 0.0  0.526016  0.525550  0.109336  0.303175  0.188267  0.521991  0.075379  0.039133  0.022312  0.205638  0.133891  0.628436  0.609086  0.376208  0.580360  0.183932  0.471691  0.293112  0.510294  0.089893  0.632702  0.582106  0.000000  0.035260  0.543656  0.124699  0.390536  0.257045  0.294512  0.097147 
43  0.436250  0.425890  0.954057  0.831266  0.086818  0.788988  0.574999  0.589083  0.823029  0.506996  0.743836  0.723807  0.644582  0.647659  0.076482  0.574171  0.906035  0.713550  0.624230  0.460390  0.885601  0.539218  0.710946  0.584326  0.565344  0.540679  0.638150  0.532105  0.443942  0.830671  0.698095  0.600156  0.475067  0.665636  0.534277  0.712988  0.630961  0.937621  0.501480  0.821831  0.593416  0.690622  0.526016 0.0  0.877721  0.574127  0.676799  0.564363  0.974526  0.519766  0.531149  0.437444  0.629768  0.481979  0.548348  0.295986  0.468694  1.000000  0.668184  0.859251  0.702876  0.975908  0.480004  0.568391  0.614870  0.494673  0.502647  0.975630  0.523878  0.855798  0.607433  0.660524  0.610428 
44  0.243967  0.356459  0.293025  0.082790  0.774752  0.200585  0.863989  0.236863  0.288510  0.354958  0.326934  0.313709  0.486717  0.287647  0.811676  0.453565  0.184417  0.536250  0.324181  0.354005  0.263447  0.467329  0.365174  0.463616  0.399905  0.463186  0.263869  0.510196  0.348953  0.224995  0.382222  0.308338  0.340081  0.461688  0.324379  0.566469  0.431047  0.387495  0.282688  0.291998  0.525251  0.445758  0.525550  0.877721 0.0  0.307525  0.520141  0.554340  0.161183  0.349836  0.287311  0.350191  0.470367  0.368817  0.967312  0.661850  0.570790  0.199920  0.453116  0.110668  0.422681  0.276636  0.427228  0.826120  0.810809  0.284513  0.479163  0.178171  0.320444  0.181829  0.598424  0.234283  0.448875 
45  0.242293  0.342548  0.368290  0.448376  0.487609  0.259586  0.601112  0.257569  0.333876  0.145392  0.290330  0.220785  0.085129  0.321049  0.525418  0.000000  0.328269  0.153457  0.160559  0.120261  0.326149  0.113340  0.335991  0.058192  0.054068  0.121403  0.252208  0.050721  0.199799  0.380529  0.092868  0.406918  0.287377  0.076050  0.137696  0.172853  0.403827  0.290551  0.174351  0.341741  0.052692  0.000000  0.109336  0.574127  0.307525 0.0  0.160350  0.118487  0.313481  0.062418  0.140915  0.101416  0.192029  0.000000  0.460978  0.704796  0.446050  0.321010  0.015230  0.438810  0.236633  0.369623  0.195553  0.538209  0.658622  0.127680  0.024001  0.302782  0.039419  0.326518  0.000000  0.222935  0.098822 
46  0.205852  0.117878  0.398470  0.442715  0.575788  0.464818  0.628991  0.288326  0.636482  0.112232  0.360933  0.270297  0.323686  0.246447  0.501809  0.188825  0.434551  0.212252  0.178387  0.069721  0.463547  0.199626  0.355254  0.228044  0.214849  0.238326  0.237948  0.159756  0.124442  0.394307  0.235354  0.378450  0.158922  0.127365  0.044621  0.231256  0.395584  0.345038  0.000000  0.393041  0.252353  0.154185  0.303175  0.676799  0.520141  0.160350 0.0  0.291332  0.421089  0.032345  0.088493  0.082398  0.198361  0.123933  0.673853  0.677370  0.389302  0.539343  0.230833  0.443424  0.129341  0.590543  0.010956  0.537575  0.547582  0.000000  0.053694  0.507575  0.119104  0.536195  0.120975  0.380587  0.228669 
47  0.100647  0.072090  0.423951  0.422216  0.523846  0.486001  0.595839  0.220218  0.456661  0.079595  0.341206  0.293573  0.207688  0.335978  0.444791  0.252610  0.487082  0.097846  0.150737  0.085167  0.627178  0.155378  0.459183  0.135320  0.116552  0.240117  0.319159  0.110909  0.125846  0.511810  0.251647  0.224567  0.205918  0.158341  0.023100  0.143272  0.261192  0.349266  0.117090  0.286896  0.126403  0.132657  0.188267  0.564363  0.554340  0.118487  0.291332 0.0  0.456173  0.026556  0.061435  0.112158  0.267531  0.084831  0.603606  0.711161  0.491584  0.414895  0.180601  0.383687  0.261437  0.410430  0.002445  0.609159  0.578131  0.000000  0.124106  0.453913  0.123587  0.356657  0.218664  0.176214  0.201141 
48  0.273851  0.290155  0.270593  0.094518  0.759669  0.195435  0.829809  0.362588  0.131164  0.287573  0.291138  0.307513  0.483049  0.322507  0.765283  0.505749  0.174658  0.502502  0.383281  0.328162  0.195570  0.404217  0.472827  0.474464  0.469847  0.413811  0.217571  0.428170  0.320080  0.265061  0.556126  0.315390  0.467275  0.509144  0.333629  0.441945  0.305421  0.297315  0.309863  0.316215  0.418345  0.513831  0.521991  0.974526  0.161183  0.313481  0.421089  0.456173 0.0  0.311113  0.294694  0.394455  0.470354  0.342716  0.884522  0.684345  0.512629  0.316134  0.505468  0.159571  0.245671  0.243212  0.464159  0.820936  0.894144  0.253572  0.327008  0.093813  0.403383  0.122202  0.546070  0.256016  0.508278 
49  0.088084  0.212103  0.245173  0.409747  0.542647  0.306145  0.607178  0.263044  0.342169  0.135561  0.288012  0.331739  0.124339  0.331800  0.499883  0.057207  0.294744  0.000000  0.038159  0.023115  0.355486  0.039322  0.376820  0.112591  0.096351  0.000000  0.244595  0.224617  0.054880  0.337535  0.141505  0.236413  0.149604  0.040547  0.070264  0.133239  0.269553  0.259594  0.051966  0.292571  0.127812  0.064187  0.075379  0.519766  0.349836  0.062418  0.032345  0.026556  0.311113 0.0  0.233442  0.087327  0.112176  0.152174  0.522030  0.637375  0.536898  0.375686  0.000962  0.316273  0.390999  0.378141  0.249176  0.452496  0.565100  0.243537  0.146655  0.330485  0.317545  0.381557  0.000000  0.260036  0.205279 
50  0.025218  0.000000  0.347700  0.488658  0.548325  0.402218  0.582273  0.260562  0.370858  0.011832  0.260206  0.281609  0.000000  0.258684  0.466423  0.150533  0.442934  0.025785  0.062828  0.000000  0.303709  0.162171  0.281122  0.155159  0.011005  0.099334  0.339203  0.119860  0.082245  0.375894  0.000000  0.250499  0.247268  0.056564  0.000000  0.106524  0.395700  0.370319  0.103856  0.383015  0.158847  0.032575  0.039133  0.531149  0.287311  0.140915  0.088493  0.061435  0.294694  0.233442 0.0  0.044541  0.044393  0.146037  0.425643  0.714511  0.436280  0.420819  0.000000  0.441212  0.235277  0.351170  0.159053  0.567342  0.596618  0.212736  0.278158  0.353242  0.251007  0.251604  0.103666  0.314556  0.099610 
51  0.025938  0.003667  0.262813  0.342091  0.507811  0.350259  0.549461  0.186420  0.277466  0.131225  0.279290  0.318663  0.189485  0.366263  0.670170  0.014441  0.329963  0.144814  0.100417  0.121762  0.471402  0.321841  0.375840  0.032608  0.023297  0.044739  0.338876  0.101606  0.106468  0.283310  0.000000  0.255398  0.098897  0.049439  0.072163  0.019279  0.476663  0.375547  0.142211  0.367489  0.098405  0.108576  0.022312  0.437444  0.350191  0.101416  0.082398  0.112158  0.394455  0.087327  0.044541 0.0  0.042239  0.125437  0.328900  0.723100  0.627021  0.397985  0.013709  0.463567  0.247696  0.322792  0.074670  0.516996  0.527588  0.211455  0.006403  0.253799  0.060996  0.390656  0.079699  0.197451  0.141133 
52  0.068586  0.000000  0.546208  0.417611  0.630552  0.529302  0.519153  0.275467  0.565181  0.054254  0.401262  0.366486  0.166541  0.337559  0.476728  0.275813  0.437841  0.247051  0.110633  0.064510  0.533591  0.147135  0.221383  0.185804  0.229321  0.217194  0.256919  0.107061  0.022540  0.464619  0.120725  0.251854  0.299655  0.074374  0.201506  0.262950  0.358012  0.410571  0.168243  0.394896  0.249724  0.277413  0.205638  0.629768  0.470367  0.192029  0.198361  0.267531  0.470354  0.112176  0.044393  0.042239 0.0  0.110883  0.605977  0.796800  0.512717  0.440925  0.225536  0.410033  0.256509  0.480517  0.046410  0.562960  0.523242  0.112117  0.082272  0.448262  0.134187  0.436424  0.168500  0.240797  0.246963 
53  0.031787  0.014305  0.460797  0.412650  0.527910  0.308954  0.551289  0.222083  0.403760  0.197664  0.250253  0.236217  0.148788  0.269429  0.493955  0.134051  0.364898  0.000000  0.000000  0.000000  0.360392  0.123172  0.399107  0.086216  0.055093  0.063554  0.255696  0.105380  0.124678  0.299696  0.135548  0.311192  0.054242  0.065825  0.086979  0.071423  0.296762  0.394608  0.170280  0.388696  0.083162  0.113207  0.133891  0.481979  0.368817  0.000000  0.123933  0.084831  0.342716  0.152174  0.146037  0.125437  0.110883 0.0  0.369506  0.792169  0.558988  0.275984  0.049468  0.409302  0.156280  0.337667  0.064769  0.552361  0.515737  0.228677  0.253309  0.296961  0.139293  0.333647  0.053220  0.320661  0.088341 
