73
0 0.0  0.575054  0.341340  0.319214  0.662901  0.378970  0.330026  0.303576  0.532319  0.416841  0.302870  0.343282  0.613522  0.471245  0.362440  0.387020  0.342281  0.498037  0.286838  0.431755  0.546899  0.390092  0.251923  0.488292  0.379529  0.600623  0.428045  0.338956  0.284977  0.612324  0.318167  0.346430  0.319317  0.360531  0.735225  0.443012  0.362318  0.389455  0.307295  0.637934  0.506343  0.380317  0.296625  0.652381  0.237596  0.481396  0.370999  0.621951  0.553783  0.374875  0.499010  0.733627  0.365618  0.319831  0.421176  0.332305  0.656550  0.248479  0.266790  0.329583  0.357820  0.396507  0.273291  0.681899  0.452806  0.266057  0.276720  0.348188  0.637210  0.583760  0.402207  0.492007  0.650262 
1  0.575054 0.0  0.449794  0.695375  0.120618  0.438930  0.660838  0.261743  0.171451  0.382342  0.403416  0.331231  0.372809  0.254052  0.539266  0.412986  0.299203  0.268577  0.352567  0.436861  0.010078  0.644431  0.207106  0.424945  0.409299  0.406327  0.325588  0.779469  0.698012  0.209850  0.312380  0.464293  0.265863  0.337111  0.214767  0.481154  0.296791  0.226631  0.488439  0.217121  0.461386  0.309942  0.369683  0.162008  0.349355  0.363946  0.359271  0.354621  0.102653  0.329595  0.251868  0.173539  0.368835  0.427385  0.243828  0.475285  0.255106  0.464884  0.529717  0.371902  0.357775  0.351135  0.258136  0.055445  0.360485  0.340426  0.307385  0.357618  0.106367  0.186672  0.446973  0.397033  0.307540 
2  0.341340  0.449794 0.0  0.510505  0.408127  0.146121  0.437276  0.136561  0.507677  0.147404  0.265461  0.097180  0.394946  0.159954  0.226823  0.080370  0.068647  0.155559  0.138542  0.209066  0.509257  0.408556  0.130073  0.455058  0.073185  0.388667  0.319353  0.558865  0.494681  0.470776  0.104931  0.206595  0.055942  0.053249  0.466352  0.460831  0.101202  0.017584  0.253464  0.413439  0.247747  0.110328  0.004901  0.466573  0.064728  0.296716  0.085890  0.326168  0.411705  0.139128  0.228643  0.377079  0.110113  0.144352  0.300605  0.189413  0.463719  0.140950  0.229110  0.059600  0.139110  0.120206  0.020645  0.491077  0.416581  0.058622  0.016401  0.232122  0.486035  0.375252  0.160250  0.382182  0.313874 
3  0.319214  0.695375  0.510505 0.0  0.744055  0.620411  0.502431  0.473192  0.711680  0.488093  0.434744  0.582542  0.893279  0.775893  0.473751  0.516393  0.543216  0.620671  0.624369  0.399198  0.815171  0.593769  0.492355  0.425086  0.490077  0.764432  0.612964  0.110375  0.035275  0.879315  0.419845  0.532760  0.423472  0.451479  0.718451  0.432459  0.535566  0.427008  0.497207  0.749398  0.777496  0.522580  0.488838  0.699073  0.633325  0.762094  0.592111  0.711832  1.000000  0.418810  0.712993  0.894697  0.623489  0.556294  0.655637  0.510007  0.754292  0.441009  0.475699  0.395322  0.510814  0.493753  0.487390  0.595240  0.715814  0.621786  0.452268  0.396288  0.728574  0.867409  0.594370  0.783769  0.616740 
4  0.662901  0.120618  0.408127  0.744055 0.0  0.365206  0.884806  0.344284  0.224635  0.525842  0.597530  0.329973  0.365579  0.282111  0.492061  0.411348  0.364299  0.249912  0.394414  0.503448  0.130692  0.694488  0.341312  0.470976  0.258964  0.351066  0.187042  0.966399  0.778004  0.104763  0.380303  0.454409  0.290182  0.215536  0.271165  0.478184  0.414235  0.296701  0.493597  0.167162  0.358963  0.262280  0.319993  0.155182  0.364698  0.226824  0.440878  0.342785  0.082233  0.295799  0.309625  0.225791  0.313020  0.461403  0.321996  0.476891  0.212716  0.409853  0.477640  0.277564  0.260436  0.460303  0.297954  0.031651  0.319324  0.326179  0.336711  0.524724  0.106445  0.151045  0.459698  0.459227  0.236212 
5  0.378970  0.438930  0.146121  0.620411  0.365206 0.0  0.590547  0.143954  0.441213  0.010677  0.155320  0.200649  0.295178  0.270355  0.000000  0.177991  0.129610  0.259486  0.172988  0.116796  0.370607  0.445533  0.133526  0.472517  0.151647  0.500428  0.222315  0.547207  0.536188  0.329243  0.141153  0.190218  0.228030  0.188374  0.487413  0.543983  0.158048  0.144925  0.071799  0.443463  0.517206  0.115468  0.162512  0.330314  0.051009  0.188648  0.072719  0.421732  0.255615  0.180388  0.347873  0.372846  0.219711  0.101387  0.259573  0.143903  0.370633  0.153239  0.148683  0.062751  0.090320  0.204050  0.125957  0.398488  0.424019  0.133130  0.100399  0.177777  0.384391  0.480361  0.000000  0.454378  0.306657 
6  0.330026  0.660838  0.437276  0.502431  0.884806  0.590547 0.0  0.483295  0.658661  0.588699  0.434303  0.507430  0.814294  0.665314  0.526913  0.520541  0.516834  0.760215  0.454883  0.511317  0.793848  0.108181  0.526866  0.443224  0.426872  0.736128  0.630292  0.524801  0.332824  0.660927  0.463011  0.583840  0.508383  0.537206  0.712949  0.407179  0.473775  0.510902  0.519914  0.745736  0.691661  0.551077  0.581783  0.847997  0.384422  0.751637  0.500554  0.813310  0.858999  0.478272  0.680203  0.822245  0.518366  0.541490  0.747609  0.491156  0.756966  0.449570  0.579972  0.678711  0.508403  0.405866  0.541144  0.714247  0.761309  0.457927  0.651092  0.442341  0.740624  0.753005  0.534059  0.677729  0.640817 
7  0.303576  0.261743  0.136561  0.473192  0.344284  0.143954  0.483295 0.0  0.341418  0.112933  0.094755  0.184074  0.330969  0.277935  0.038708  0.036954  0.232875  0.208126  0.165490  0.200488  0.431882  0.668566  0.163390  0.424783  0.179297  0.387685  0.267256  0.437199  0.621087  0.271468  0.212824  0.021786  0.099357  0.255262  0.390481  0.440533  0.017909  0.176217  0.149652  0.387924  0.358971  0.130402  0.125807  0.350591  0.011764  0.291613  0.201953  0.425973  0.408542  0.226200  0.399798  0.397744  0.000000  0.162391  0.248792  0.095634  0.324662  0.149581  0.081793  0.122467  0.189212  0.106846  0.204918  0.372643  0.289833  0.000000  0.000000  0.114700  0.321909  0.386247  0.032560  0.276798  0.367580 
8  0.532319  0.171451  0.507677  0.711680  0.224635  0.441213  0.658661  0.341418 0.0  0.500957  0.454129  0.516990  0.502157  0.315961  0.450208  0.470178  0.246910  0.284537  0.319422  0.357271  0.175836  0.860381  0.392920  0.456893  0.340801  0.326810  0.252720  0.853194  0.754857  0.129002  0.358992  0.442448  0.457896  0.324532  0.277231  0.475666  0.407812  0.386731  0.453090  0.258175  0.337734  0.347294  0.337665  0.155849  0.360331  0.288952  0.443855  0.390459  0.109124  0.438176  0.261485  0.121515  0.386381  0.454192  0.340040  0.412453  0.144868  0.333191  0.415461  0.286590  0.296694  0.483922  0.374472  0.221724  0.465856  0.350797  0.491568  0.433752  0.333423  0.052560  0.602996  0.336543  0.263085 
9  0.416841  0.382342  0.147404  0.488093  0.525842  0.010677  0.588699  0.112933  0.500957 0.0  0.172850  0.104723  0.371884  0.343580  0.197642  0.159423  0.000000  0.311873  0.181079  0.282691  0.541463  0.464495  0.013610  0.572376  0.061585  0.305484  0.293718  0.575270  0.430341  0.420283  0.065679  0.327058  0.000000  0.126993  0.633263  0.457582  0.003168  0.117293  0.244702  0.515206  0.267447  0.074877  0.185189  0.444341  0.035302  0.275568  0.130962  0.311069  0.426958  0.064120  0.276505  0.383378  0.123195  0.086366  0.249414  0.180051  0.474282  0.038335  0.155261  0.150239  0.159602  0.106147  0.037970  0.368036  0.351825  0.121949  0.000000  0.156316  0.510256  0.492171  0.242064  0.202987  0.381865 
10  0.302870  0.403416  0.265461  0.434744  0.597530  0.155320  0.434303  0.094755  0.454129  0.172850 0.0  0.133549  0.457830  0.363175  0.187264  0.149161  0.220540  0.255107  0.075073  0.208380  0.465454  0.468056  0.000000  0.420714  0.193303  0.311368  0.286835  0.549393  0.404279  0.341472  0.040870  0.111615  0.100144  0.114476  0.472232  0.455334  0.155519  0.005719  0.216970  0.475839  0.352660  0.109208  0.115548  0.423625  0.136697  0.344394  0.130889  0.409012  0.586634  0.094391  0.289475  0.475263  0.118880  0.129554  0.298078  0.213452  0.477994  0.095426  0.178099  0.114594  0.116891  0.285491  0.084452  0.523241  0.290969  0.000000  0.064398  0.217628  0.548453  0.434544  0.204122  0.431666  0.353136 
11  0.343282  0.331231  0.097180  0.582542  0.329973  0.200649  0.507430  0.184074  0.516990  0.104723  0.133549 0.0  0.344692  0.251002  0.241405  0.181665  0.156293  0.277490  0.031154  0.198018  0.406779  0.519531  0.179151  0.489174  0.091706  0.428034  0.258643  0.457367  0.611636  0.409766  0.155690  0.155736  0.157499  0.071196  0.422883  0.470406  0.152050  0.187368  0.153485  0.411065  0.415244  0.180373  0.083608  0.498510  0.102315  0.238670  0.090194  0.344137  0.330193  0.097051  0.318748  0.355294  0.177651  0.160908  0.291335  0.140009  0.420392  0.212649  0.233524  0.127713  0.304956  0.051125  0.217367  0.372498  0.299744  0.139615  0.135019  0.107229  0.357266  0.418505  0.121552  0.464474  0.433665 
12  0.613522  0.372809  0.394946  0.893279  0.365579  0.295178  0.814294  0.330969  0.502157  0.371884  0.457830  0.344692 0.0  0.322521  0.376984  0.340611  0.371523  0.176159  0.402291  0.427161  0.411752  0.921053  0.437702  0.468450  0.542449  0.000000  0.258717  0.810649  0.966242  0.437449  0.284000  0.356021  0.461337  0.529863  0.476944  0.420367  0.384515  0.385358  0.351854  0.344728  0.150782  0.382670  0.409139  0.393255  0.490527  0.270483  0.370550  0.000000  0.359650  0.398520  0.233230  0.406900  0.461232  0.346436  0.214786  0.510119  0.476406  0.529910  0.314912  0.439461  0.467277  0.383950  0.382482  0.271805  0.029691  0.337825  0.337281  0.475733  0.505783  0.468043  0.312580  0.118772  0.126269 
13  0.471245  0.254052  0.159954  0.775893  0.282111  0.270355  0.665314  0.277935  0.315961  0.343580  0.363175  0.251002  0.322521 0.0  0.334508  0.340660  0.328983  0.241167  0.197986  0.302634  0.259405  0.629062  0.307021  0.483406  0.240727  0.318532  0.303755  0.705824  0.694171  0.143334  0.302880  0.208322  0.286443  0.312494  0.227012  0.481194  0.293158  0.258354  0.349152  0.312193  0.289566  0.255384  0.329595  0.196049  0.361671  0.298301  0.312482  0.326454  0.240053  0.299063  0.341364  0.123647  0.189606  0.238407  0.326370  0.266685  0.266153  0.229314  0.271846  0.238148  0.219908  0.223081  0.267195  0.295021  0.278563  0.202493  0.214096  0.253186  0.226478  0.212702  0.317410  0.288224  0.193237 
14  0.362440  0.539266  0.226823  0.473751  0.492061  0.000000  0.526913  0.038708  0.450208  0.197642  0.187264  0.241405  0.376984  0.334508 0.0  0.039442  0.054307  0.389929  0.196872  0.132137  0.290642  0.661906  0.039295  0.558864  0.014842  0.390291  0.421585  0.585076  0.497862  0.452253  0.027895  0.133776  0.169432  0.050149  0.491073  0.439942  0.079033  0.052510  0.184912  0.489990  0.348693  0.095139  0.212341  0.401266  0.028417  0.369847  0.127598  0.290379  0.318751  0.092604  0.310292  0.355309  0.170749  0.094184  0.241537  0.118788  0.497667  0.124112  0.185248  0.122794  0.054701  0.181234  0.199023  0.522037  0.313687  0.085124  0.060279  0.242126  0.338507  0.487858  0.238709  0.373130  0.401882 
15  0.387020  0.412986  0.080370  0.516393  0.411348  0.177991  0.520541  0.036954  0.470178  0.159423  0.149161  0.181665  0.340611  0.340660  0.039442 0.0  0.121739  0.252520  0.221432  0.310944  0.380837  0.524186  0.005005  0.419168  0.000000  0.433362  0.407665  0.425885  0.661352  0.423681  0.154734  0.044156  0.172107  0.239174  0.468233  0.520592  0.151026  0.135543  0.150174  0.346635  0.440055  0.000000  0.133498  0.433898  0.161883  0.197461  0.146206  0.381092  0.271094  0.157375  0.308540  0.452053  0.158336  0.131994  0.317698  0.135033  0.417124  0.235065  0.074934  0.030166  0.193458  0.170695  0.180676  0.435096  0.501434  0.219936  0.135364  0.177366  0.410408  0.429263  0.214606  0.372077  0.463511 
16  0.342281  0.299203  0.068647  0.543216  0.364299  0.129610  0.516834  0.232875  0.246910  0.000000  0.220540  0.156293  0.371523  0.328983  0.054307  0.121739 0.0  0.260642  0.147952  0.081307  0.286517  0.666023  0.211123  0.350229  0.230752  0.334027  0.352267  0.393734  0.475654  0.294275  0.159787  0.057542  0.176279  0.284523  0.460552  0.456857  0.118026  0.207602  0.074487  0.328101  0.290085  0.075834  0.207929  0.302260  0.127368  0.243443  0.120440  0.328413  0.395867  0.186081  0.215594  0.452692  0.108512  0.147529  0.256941  0.142758  0.414119  0.220928  0.050564  0.061511  0.153814  0.057247  0.216898  0.354515  0.318558  0.066784  0.092734  0.000000  0.363859  0.397172  0.001463  0.278139  0.382137 
17  0.498037  0.268577  0.155559  0.620671  0.249912  0.259486  0.760215  0.208126  0.284537  0.311873  0.255107  0.277490  0.176159  0.241167  0.389929  0.252520  0.260642 0.0  0.233423  0.225779  0.222822  0.663688  0.320873  0.359138  0.283653  0.301200  0.246836  0.680011  0.743926  0.181724  0.270336  0.237897  0.305031  0.331159  0.322988  0.524506  0.140403  0.147085  0.340563  0.266776  0.129210  0.261135  0.303050  0.276697  0.284944  0.324846  0.155169  0.343926  0.336071  0.155617  0.289963  0.256650  0.416440  0.265444  0.227271  0.323607  0.283774  0.173571  0.263326  0.257185  0.208815  0.292599  0.195294  0.206065  0.279407  0.257273  0.285346  0.392357  0.310037  0.270193  0.207020  0.262637  0.276501 
18  0.286838  0.352567  0.138542  0.624369  0.394414  0.172988  0.454883  0.165490  0.319422  0.181079  0.075073  0.031154  0.402291  0.197986  0.196872  0.221432  0.147952  0.233423 0.0  0.143612  0.424206  0.596971  0.171087  0.554069  0.100543  0.313146  0.194238  0.519945  0.486364  0.292877  0.061682  0.160137  0.080410  0.109324  0.496877  0.503633  0.190349  0.169801  0.129586  0.380306  0.430141  0.112478  0.186898  0.361983  0.157143  0.310733  0.098428  0.324086  0.330062  0.078805  0.299093  0.451184  0.212483  0.119649  0.161231  0.114965  0.344141  0.089359  0.085066  0.162760  0.206454  0.174747  0.138477  0.473806  0.337403  0.155560  0.029398  0.166303  0.398524  0.315119  0.165058  0.335176  0.392418 
19  0.431755  0.436861  0.209066  0.399198  0.503448  0.116796  0.511317  0.200488  0.357271  0.282691  0.208380  0.198018  0.427161  0.302634  0.132137  0.310944  0.081307  0.225779  0.143612 0.0  0.406226  0.466740  0.043076  0.494148  0.068805  0.350194  0.258380  0.644539  0.544362  0.433925  0.165686  0.167246  0.055825  0.069111  0.451309  0.433265  0.094472  0.006491  0.226662  0.437449  0.289412  0.076001  0.062903  0.490304  0.146174  0.279704  0.187105  0.403520  0.375469  0.071821  0.408112  0.539583  0.147933  0.164861  0.261684  0.164888  0.433816  0.142654  0.211309  0.054442  0.074283  0.125830  0.030286  0.439212  0.236109  0.085600  0.185299  0.176628  0.435780  0.313996  0.232947  0.297227  0.309737 
20  0.546899  0.010078  0.509257  0.815171  0.130692  0.370607  0.793848  0.431882  0.175836  0.541463  0.465454  0.406779  0.411752  0.259405  0.290642  0.380837  0.286517  0.222822  0.424206  0.406226 0.0  0.751857  0.385611  0.440635  0.222319  0.361866  0.284279  0.801214  0.783989  0.185402  0.460519  0.331819  0.346857  0.415087  0.116618  0.441825  0.477311  0.396119  0.485165  0.125099  0.392801  0.443948  0.440895  0.183845  0.388006  0.238985  0.389208  0.445533  0.121688  0.578261  0.259651  0.086439  0.468224  0.398811  0.231261  0.408038  0.040739  0.313298  0.344292  0.394759  0.417636  0.452639  0.415741  0.183129  0.492145  0.331126  0.397572  0.420993  0.233914  0.104869  0.436396  0.544259  0.467677 
21  0.390092  0.644431  0.408556  0.593769  0.694488  0.445533  0.108181  0.668566  0.860381  0.464495  0.468056  0.519531  0.921053  0.629062  0.661906  0.524186  0.666023  0.663688  0.596971  0.466740  0.751857 0.0  0.570135  0.419345  0.623503  0.799729  0.699333  0.411122  0.678006  0.821665  0.618039  0.481865  0.555463  0.643908  0.809775  0.475621  0.508069  0.658783  0.373040  0.792538  0.747032  0.645096  0.585435  0.703892  0.491111  0.781088  0.500612  0.648524  0.926958  0.619236  0.627162  0.866145  0.558003  0.619400  0.719837  0.466855  0.686579  0.609183  0.550545  0.452938  0.624313  0.466824  0.619921  0.769668  0.766001  0.479340  0.475534  0.483539  0.702778  0.810644  0.451447  0.726253  0.689678 
22  0.251923  0.207106  0.130073  0.492355  0.341312  0.133526  0.526866  0.163390  0.392920  0.013610  0.000000  0.179151  0.437702  0.307021  0.039295  0.005005  0.211123  0.320873  0.171087  0.043076  0.385611  0.570135 0.0  0.419534  0.154032  0.334185  0.230167  0.425411  0.554694  0.362894  0.232809  0.087438  0.137453  0.208638  0.295170  0.528590  0.034496  0.046819  0.093235  0.370942  0.356391  0.264032  0.170382  0.307069  0.033865  0.255157  0.071409  0.397844  0.408890  0.196135  0.269171  0.395365  0.000000  0.173728  0.273270  0.094971  0.373695  0.276102  0.070920  0.051131  0.121543  0.116819  0.245236  0.332343  0.453329  0.015249  0.080791  0.146214  0.297356  0.412164  0.012585  0.272919  0.440947 
23  0.488292  0.424945  0.455058  0.425086  0.470976  0.472517  0.443224  0.424783  0.456893  0.572376  0.420714  0.489174  0.468450  0.483406  0.558864  0.419168  0.350229  0.359138  0.554069  0.494148  0.440635  0.419345  0.419534 0.0  0.513754  0.380681  0.358978  0.301540  0.502028  0.486987  0.520366  0.468300  0.513248  0.490730  0.471070  0.494829  0.555809  0.453384  0.479200  0.470888  0.425183  0.440228  0.479382  0.487523  0.412301  0.465581  0.349075  0.539115  0.428789  0.543806  0.493468  0.399807  0.486304  0.531037  0.440780  0.462274  0.482888  0.458913  0.486296  0.584110  0.480447  0.488509  0.452549  0.360142  0.465055  0.449220  0.380909  0.431883  0.511999  0.461184  0.552166  0.393664  0.468319 
24  0.379529  0.409299  0.073185  0.490077  0.258964  0.151647  0.426872  0.179297  0.340801  0.061585  0.193303  0.091706  0.542449  0.240727  0.014842  0.000000  0.230752  0.283653  0.100543  0.068805  0.222319  0.623503  0.154032  0.513754 0.0  0.376700  0.240609  0.549395  0.714909  0.306311  0.237634  0.070295  0.198196  0.113994  0.362700  0.365868  0.042527  0.123763  0.159235  0.396984  0.235501  0.154645  0.128725  0.406485  0.160176  0.246643  0.103536  0.312217  0.408317  0.244800  0.310629  0.276559  0.099932  0.201521  0.338464  0.093339  0.353801  0.200535  0.104564  0.094801  0.178601  0.147840  0.235135  0.390449  0.377802  0.000000  0.120165  0.043497  0.311958  0.453368  0.004942  0.305045  0.257931 
25  0.600623  0.406327  0.388667  0.764432  0.351066  0.500428  0.736128  0.387685  0.326810  0.305484  0.311368  0.428034  0.000000  0.318532  0.390291  0.433362  0.334027  0.301200  0.313146  0.350194  0.361866  0.799729  0.334185  0.380681  0.376700 0.0  0.264441  0.816279  0.823041  0.312112  0.327803  0.399539  0.340698  0.291447  0.268306  0.452521  0.366475  0.382425  0.305888  0.485344  0.273924  0.231514  0.279836  0.421535  0.341129  0.270543  0.540447  0.254500  0.330338  0.327403  0.396560  0.381174  0.441163  0.373488  0.297983  0.319772  0.319332  0.383437  0.264528  0.347906  0.254024  0.258507  0.290802  0.303705  0.225373  0.406144  0.398029  0.340296  0.360435  0.332207  0.326651  0.185715  0.130912 
26  0.428045  0.325588  0.319353  0.612964  0.187042  0.222315  0.630292  0.267256  0.252720  0.293718  0.286835  0.258643  0.258717  0.303755  0.421585  0.407665  0.352267  0.246836  0.194238  0.258380  0.284279  0.699333  0.230167  0.358978  0.240609  0.264441 0.0  0.743413  0.643768  0.263918  0.309827  0.269886  0.236664  0.270682  0.316171  0.418349  0.239741  0.288631  0.264914  0.345128  0.227712  0.335380  0.279851  0.292282  0.259442  0.272154  0.269267  0.242525  0.246049  0.243852  0.268689  0.322819  0.207505  0.242674  0.187263  0.292994  0.393910  0.205048  0.284458  0.271808  0.228222  0.250745  0.190246  0.304731  0.212329  0.181270  0.248075  0.167608  0.280559  0.334076  0.271498  0.255802  0.326923 
27  0.338956  0.779469  0.558865  0.110375  0.966399  0.547207  0.524801  0.437199  0.853194  0.575270  0.549393  0.457367  0.810649  0.705824  0.585076  0.425885  0.393734  0.680011  0.519945  0.644539  0.801214  0.411122  0.425411  0.301540  0.549395  0.816279  0.743413 0.0  0.062993  0.880417  0.567292  0.607343  0.507435  0.458875  0.864548  0.491697  0.409815  0.432053  0.706027  0.922254  0.711151  0.422117  0.532846  0.767770  0.504157  0.727468  0.548823  0.741430  0.812450  0.483332  0.741504  0.681958  0.590147  0.616139  0.706718  0.606273  0.926629  0.538504  0.650487  0.490534  0.429227  0.557640  0.389842  0.927478  0.759639  0.485615  0.474446  0.654835  0.924286  0.831779  0.580955  0.790580  0.805991 
28  0.284977  0.698012  0.494681  0.035275  0.778004  0.536188  0.332824  0.621087  0.754857  0.430341  0.404279  0.611636  0.966242  0.694171  0.497862  0.661352  0.475654  0.743926  0.486364  0.544362  0.783989  0.678006  0.554694  0.502028  0.714909  0.823041  0.643768  0.062993 0.0  0.741514  0.593083  0.462646  0.659886  0.633407  0.802362  0.441936  0.488894  0.551261  0.554370  0.739606  0.865023  0.597894  0.622512  0.798012  0.495250  0.603202  0.551745  0.703490  0.808675  0.587977  0.688155  0.833952  0.477233  0.424234  0.640195  0.443397  0.764223  0.500918  0.447615  0.413800  0.622351  0.516610  0.559718  0.678814  0.777996  0.474372  0.489224  0.450628  0.723645  0.835701  0.565157  0.702113  0.743515 
29  0.612324  0.209850  0.470776  0.879315  0.104763  0.329243  0.660927  0.271468  0.129002  0.420283  0.341472  0.409766  0.437449  0.143334  0.452253  0.423681  0.294275  0.181724  0.292877  0.433925  0.185402  0.821665  0.362894  0.486987  0.306311  0.312112  0.263918  0.880417  0.741514 0.0  0.433229  0.418540  0.263378  0.314605  0.300516  0.482962  0.375530  0.359537  0.446455  0.180450  0.318638  0.316621  0.436700  0.161360  0.307211  0.217040  0.420762  0.395646  0.180874  0.294812  0.373517  0.244883  0.264914  0.440433  0.310249  0.454053  0.217902  0.329402  0.532408  0.236992  0.380723  0.462288  0.326557  0.173597  0.405246  0.431275  0.402512  0.552195  0.100402  0.138297  0.491023  0.387879  0.418564 
30  0.318167  0.312380  0.104931  0.419845  0.380303  0.141153  0.463011  0.212824  0.358992  0.065679  0.040870  0.155690  0.284000  0.302880  0.027895  0.154734  0.159787  0.270336  0.061682  0.165686  0.460519  0.618039  0.232809  0.520366  0.237634  0.327803  0.309827  0.567292  0.593083  0.433229 0.0  0.102546  0.166873  0.156004  0.170729  0.515001  0.064390  0.134219  0.062416  0.339234  0.273811  0.239837  0.106815  0.360607  0.090837  0.238161  0.141307  0.302056  0.544865  0.288977  0.269887  0.451524  0.044526  0.074911  0.359933  0.000000  0.405016  0.248301  0.077526  0.030343  0.234751  0.132912  0.078576  0.325521  0.431654  0.073940  0.036818  0.040034  0.364688  0.336186  0.039663  0.365946  0.361285 
31  0.346430  0.464293  0.206595  0.532760  0.454409  0.190218  0.583840  0.021786  0.442448  0.327058  0.111615  0.155736  0.356021  0.208322  0.133776  0.044156  0.057542  0.237897  0.160137  0.167246  0.331819  0.481865  0.087438  0.468300  0.070295  0.399539  0.269886  0.607343  0.462646  0.418540  0.102546 0.0  0.018365  0.010890  0.465206  0.466483  0.020723  0.105706  0.137826  0.432306  0.396519  0.100084  0.142928  0.485407  0.137138  0.361663  0.157533  0.309247  0.356250  0.008331  0.274918  0.430242  0.095971  0.088410  0.262444  0.237241  0.519001  0.167585  0.233901  0.160728  0.123341  0.311601  0.119794  0.473477  0.423329  0.000000  0.057780  0.150979  0.456637  0.412185  0.307225  0.282682  0.400550 
32  0.319317  0.265863  0.055942  0.423472  0.290182  0.228030  0.508383  0.099357  0.457896  0.000000  0.100144  0.157499  0.461337  0.286443  0.169432  0.172107  0.176279  0.305031  0.080410  0.055825  0.346857  0.555463  0.137453  0.513248  0.198196  0.340698  0.236664  0.507435  0.659886  0.263378  0.166873  0.018365 0.0  0.191182  0.358373  0.447350  0.050536  0.236748  0.066416  0.275969  0.329945  0.257820  0.123165  0.337321  0.000000  0.259585  0.126298  0.303197  0.415447  0.319122  0.231503  0.460530  0.135954  0.061852  0.252643  0.051474  0.415910  0.067343  0.152395  0.205504  0.225596  0.147478  0.087302  0.287449  0.265994  0.055398  0.007163  0.091191  0.230757  0.428399  0.140522  0.344879  0.302776 
33  0.360531  0.337111  0.053249  0.451479  0.215536  0.188374  0.537206  0.255262  0.324532  0.126993  0.114476  0.071196  0.529863  0.312494  0.050149  0.239174  0.284523  0.331159  0.109324  0.069111  0.415087  0.643908  0.208638  0.490730  0.113994  0.291447  0.270682  0.458875  0.633407  0.314605  0.156004  0.010890  0.191182 0.0  0.307365  0.399728  0.071997  0.189910  0.012798  0.311440  0.315410  0.230305  0.176987  0.288638  0.000000  0.184520  0.009566  0.381230  0.450760  0.102731  0.221410  0.373675  0.107694  0.165415  0.285495  0.109480  0.262320  0.201409  0.000000  0.124321  0.185346  0.028125  0.307537  0.305679  0.393888  0.000000  0.113202  0.030527  0.284487  0.479261  0.016403  0.384298  0.326309 
34  0.735225  0.214767  0.466352  0.718451  0.271165  0.487413  0.712949  0.390481  0.277231  0.633263  0.472232  0.422883  0.476944  0.227012  0.491073  0.468233  0.460552  0.322988  0.496877  0.451309  0.116618  0.809775  0.295170  0.471070  0.362700  0.268306  0.316171  0.864548  0.802362  0.300516  0.170729  0.465206  0.358373  0.307365 0.0  0.557405  0.343916  0.330104  0.446242  0.233212  0.328363  0.355006  0.396586  0.140959  0.310849  0.256126  0.428329  0.345735  0.212827  0.254800  0.301922  0.186986  0.348392  0.418469  0.214695  0.427989  0.167886  0.326823  0.453865  0.417454  0.419032  0.559019  0.408459  0.126387  0.233140  0.408593  0.387148  0.625613  0.222510  0.016587  0.508812  0.312627  0.338147 
35  0.443012  0.481154  0.460831  0.432459  0.478184  0.543983  0.407179  0.440533  0.475666  0.457582  0.455334  0.470406  0.420367  0.481194  0.439942  0.520592  0.456857  0.524506  0.503633  0.433265  0.441825  0.475621  0.528590  0.494829  0.365868  0.452521  0.418349  0.491697  0.441936  0.482962  0.515001  0.466483  0.447350  0.399728  0.557405 0.0  0.510117  0.486236  0.385085  0.563248  0.495792  0.521605  0.519015  0.547732  0.513439  0.516385  0.488257  0.462312  0.450323  0.452614  0.540857  0.535738  0.533156  0.392163  0.437118  0.449580  0.556545  0.470239  0.488027  0.396454  0.408412  0.510457  0.315463  0.472408  0.361626  0.474128  0.376410  0.568992  0.495582  0.473718  0.373036  0.542387  0.456865 
36  0.362318  0.296791  0.101202  0.535566  0.414235  0.158048  0.473775  0.017909  0.407812  0.003168  0.155519  0.152050  0.384515  0.293158  0.079033  0.151026  0.118026  0.140403  0.190349  0.094472  0.477311  0.508069  0.034496  0.555809  0.042527  0.366475  0.239741  0.409815  0.488894  0.375530  0.064390  0.020723  0.050536  0.071997  0.343916  0.510117 0.0  0.061476  0.053110  0.328375  0.264846  0.127772  0.202577  0.355633  0.235187  0.188246  0.075822  0.403856  0.364282  0.007366  0.328123  0.452788  0.273258  0.047369  0.315842  0.130453  0.294023  0.076319  0.126540  0.024775  0.212754  0.125917  0.162790  0.356376  0.328312  0.284604  0.065441  0.178237  0.410653  0.350443  0.100439  0.499380  0.370901 
37  0.389455  0.226631  0.017584  0.427008  0.296701  0.144925  0.510902  0.176217  0.386731  0.117293  0.005719  0.187368  0.385358  0.258354  0.052510  0.135543  0.207602  0.147085  0.169801  0.006491  0.396119  0.658783  0.046819  0.453384  0.123763  0.382425  0.288631  0.432053  0.551261  0.359537  0.134219  0.105706  0.236748  0.189910  0.330104  0.486236  0.061476 0.0  0.067785  0.396207  0.427538  0.082892  0.000000  0.339313  0.000000  0.236936  0.072650  0.297128  0.390038  0.095940  0.224543  0.281306  0.029648  0.141833  0.227744  0.045928  0.357760  0.322932  0.150728  0.079496  0.213407  0.094447  0.239346  0.316008  0.450430  0.029164  0.038379  0.153885  0.331611  0.435879  0.080135  0.216713  0.367210 
38  0.307295  0.488439  0.253464  0.497207  0.493597  0.071799  0.519914  0.149652  0.453090  0.244702  0.216970  0.153485  0.351854  0.349152  0.184912  0.150174  0.074487  0.340563  0.129586  0.226662  0.485165  0.373040  0.093235  0.479200  0.159235  0.305888  0.264914  0.706027  0.554370  0.446455  0.062416  0.137826  0.066416  0.012798  0.446242  0.385085  0.053110  0.067785 0.0  0.379700  0.326744  0.187167  0.040317  0.455228  0.000000  0.267619  0.212059  0.251832  0.382966  0.063577  0.336667  0.437942  0.186289  0.191355  0.294651  0.136511  0.366021  0.007126  0.183151  0.075576  0.105489  0.320034  0.039180  0.466233  0.259073  0.000000  0.051417  0.155174  0.506091  0.341231  0.174816  0.318771  0.385586 
39  0.637934  0.217121  0.413439  0.749398  0.167162  0.443463  0.745736  0.387924  0.258175  0.515206  0.475839  0.411065  0.344728  0.312193  0.489990  0.346635  0.328101  0.266776  0.380306  0.437449  0.125099  0.792538  0.370942  0.470888  0.396984  0.485344  0.345128  0.922254  0.739606  0.180450  0.339234  0.432306  0.275969  0.311440  0.233212  0.563248  0.328375  0.396207  0.379700 0.0  0.286398  0.351207  0.361360  0.176529  0.397711  0.172495  0.502923  0.268518  0.139954  0.301444  0.285961  0.297310  0.400034  0.308090  0.248266  0.509623  0.160377  0.327971  0.441579  0.355416  0.277058  0.493301  0.344516  0.307894  0.312910  0.261941  0.411233  0.448119  0.281067  0.099278  0.514779  0.450082  0.269849 
40  0.506343  0.461386  0.247747  0.777496  0.358963  0.517206  0.691661  0.358971  0.337734  0.267447  0.352660  0.415244  0.150782  0.289566  0.348693  0.440055  0.290085  0.129210  0.430141  0.289412  0.392801  0.747032  0.356391  0.425183  0.235501  0.273924  0.227712  0.711151  0.865023  0.318638  0.273811  0.396519  0.329945  0.315410  0.328363  0.495792  0.264846  0.427538  0.326744  0.286398 0.0  0.346317  0.293851  0.374977  0.316878  0.250438  0.467616  0.386230  0.432619  0.386240  0.188171  0.357805  0.414409  0.382090  0.181979  0.335101  0.415808  0.289884  0.394889  0.380178  0.414705  0.355781  0.434087  0.305874  0.301170  0.308948  0.326555  0.416965  0.373490  0.501036  0.188164  0.216631  0.267737 
41  0.380317  0.309942  0.110328  0.522580  0.262280  0.115468  0.551077  0.130402  0.347294  0.074877  0.109208  0.180373  0.382670  0.255384  0.095139  0.000000  0.075834  0.261135  0.112478  0.076001  0.443948  0.645096  0.264032  0.440228  0.154645  0.231514  0.335380  0.422117  0.597894  0.316621  0.239837  0.100084  0.257820  0.230305  0.355006  0.521605  0.127772  0.082892  0.187167  0.351207  0.346317 0.0  0.100505  0.385722  0.093426  0.359983  0.215969  0.390428  0.441939  0.338690  0.178806  0.384879  0.018539  0.104585  0.194814  0.000812  0.315754  0.207431  0.050951  0.048125  0.183426  0.002908  0.295742  0.301237  0.368346  0.029021  0.061533  0.069483  0.292794  0.412236  0.194185  0.445431  0.188456 
42  0.296625  0.369683  0.004901  0.488838  0.319993  0.162512  0.581783  0.125807  0.337665  0.185189  0.115548  0.083608  0.409139  0.329595  0.212341  0.133498  0.207929  0.303050  0.186898  0.062903  0.440895  0.585435  0.170382  0.479382  0.128725  0.279836  0.279851  0.532846  0.622512  0.436700  0.106815  0.142928  0.123165  0.176987  0.396586  0.519015  0.202577  0.000000  0.040317  0.361360  0.293851  0.100505 0.0  0.423875  0.115509  0.277883  0.095023  0.481981  0.387346  0.178629  0.226322  0.379710  0.099449  0.010916  0.251508  0.130405  0.331509  0.221049  0.080695  0.142929  0.128326  0.064100  0.229608  0.414344  0.442746  0.110244  0.187903  0.109289  0.461482  0.520803  0.220049  0.483845  0.382197 
43  0.652381  0.162008  0.466573  0.699073  0.155182  0.330314  0.847997  0.350591  0.155849  0.444341  0.423625  0.498510  0.393255  0.196049  0.401266  0.433898  0.302260  0.276697  0.361983  0.490304  0.183845  0.703892  0.307069  0.487523  0.406485  0.421535  0.292282  0.767770  0.798012  0.161360  0.360607  0.485407  0.337321  0.288638  0.140959  0.547732  0.355633  0.339313  0.455228  0.176529  0.374977  0.385722  0.423875 0.0  0.244410  0.236633  0.463168  0.291101  0.129811  0.370511  0.294900  0.140941  0.316521  0.301169  0.310656  0.305969  0.062261  0.320168  0.443314  0.405809  0.430434  0.320588  0.187876  0.112609  0.410586  0.304107  0.238275  0.524091  0.172126  0.073907  0.545463  0.296438  0.336118 
44  0.237596  0.349355  0.064728  0.633325  0.364698  0.051009  0.384422  0.011764  0.360331  0.035302  0.136697  0.102315  0.490527  0.361671  0.028417  0.161883  0.127368  0.284944  0.157143  0.146174  0.388006  0.491111  0.033865  0.412301  0.160176  0.341129  0.259442  0.504157  0.495250  0.307211  0.090837  0.137138  0.000000  0.000000  0.310849  0.513439  0.235187  0.000000  0.000000  0.397711  0.316878  0.093426  0.115509  0.244410 0.0  0.305247  0.109069  0.307644  0.446998  0.000000  0.281966  0.377526  0.251764  0.094386  0.242218  0.197754  0.363473  0.084972  0.094634  0.096654  0.115112  0.029931  0.042921  0.351367  0.253068  0.144409  0.000000  0.000000  0.336896  0.265960  0.039845  0.333646  0.324662 
45  0.481396  0.363946  0.296716  0.762094  0.226824  0.188648  0.751637  0.291613  0.288952  0.275568  0.344394  0.238670  0.270483  0.298301  0.369847  0.197461  0.243443  0.324846  0.310733  0.279704  0.238985  0.781088  0.255157  0.465581  0.246643  0.270543  0.272154  0.727468  0.603202  0.217040  0.238161  0.361663  0.259585  0.184520  0.256126  0.516385  0.188246  0.236936  0.267619  0.172495  0.250438  0.359983  0.277883  0.236633  0.305247 0.0  0.252980  0.298347  0.258312  0.415495  0.258701  0.281861  0.380130  0.386189  0.251003  0.258367  0.249755  0.177984  0.342739  0.232663  0.239737  0.221666  0.200651  0.302218  0.298420  0.228578  0.274209  0.281411  0.246191  0.244764  0.351477  0.199749  0.220378 
46  0.370999  0.359271  0.085890  0.592111  0.440878  0.072719  0.500554  0.201953  0.443855  0.130962  0.130889  0.090194  0.370550  0.312482  0.127598  0.146206  0.120440  0.155169  0.098428  0.187105  0.389208  0.500612  0.071409  0.349075  0.103536  0.540447  0.269267  0.548823  0.551745  0.420762  0.141307  0.157533  0.126298  0.009566  0.428329  0.488257  0.075822  0.072650  0.212059  0.502923  0.467616  0.215969  0.095023  0.463168  0.109069  0.252980 0.0  0.414970  0.338186  0.174226  0.315019  0.397784  0.179547  0.264785  0.310929  0.158523  0.331179  0.106100  0.093920  0.142057  0.162813  0.113178  0.086692  0.452710  0.452666  0.014943  0.162173  0.026662  0.457364  0.481511  0.148657  0.347254  0.425672 
47  0.621951  0.354621  0.326168  0.711832  0.342785  0.421732  0.813310  0.425973  0.390459  0.311069  0.409012  0.344137  0.000000  0.326454  0.290379  0.381092  0.328413  0.343926  0.324086  0.403520  0.445533  0.648524  0.397844  0.539115  0.312217  0.254500  0.242525  0.741430  0.703490  0.395646  0.302056  0.309247  0.303197  0.381230  0.345735  0.462312  0.403856  0.297128  0.251832  0.268518  0.386230  0.390428  0.481981  0.291101  0.307644  0.298347  0.414970 0.0  0.418827  0.352790  0.304199  0.395888  0.262338  0.386551  0.241714  0.394793  0.331660  0.393804  0.338271  0.540207  0.373401  0.367371  0.319167  0.349694  0.148174  0.402740  0.375928  0.370429  0.344205  0.313593  0.255575  0.218447  0.210629 
48  0.553783  0.102653  0.411705  1.000000  0.082233  0.255615  0.858999  0.408542  0.109124  0.426958  0.586634  0.330193  0.359650  0.240053  0.318751  0.271094  0.395867  0.336071  0.330062  0.375469  0.121688  0.926958  0.408890  0.428789  0.408317  0.330338  0.246049  0.812450  0.808675  0.180874  0.544865  0.356250  0.415447  0.450760  0.212827  0.450323  0.364282  0.390038  0.382966  0.139954  0.432619  0.441939  0.387346  0.129811  0.446998  0.258312  0.338186  0.418827 0.0  0.497829  0.274910  0.002588  0.317276  0.462763  0.277365  0.382601  0.145495  0.380399  0.345800  0.321346  0.389511  0.455000  0.378720  0.160337  0.418517  0.410994  0.353930  0.353653  0.076858  0.131839  0.461047  0.343566  0.356626 
49  0.374875  0.329595  0.139128  0.418810  0.295799  0.180388  0.478272  0.226200  0.438176  0.064120  0.094391  0.097051  0.398520  0.299063  0.092604  0.157375  0.186081  0.155617  0.078805  0.071821  0.578261  0.619236  0.196135  0.543806  0.244800  0.327403  0.243852  0.483332  0.587977  0.294812  0.288977  0.008331  0.319122  0.102731  0.254800  0.452614  0.007366  0.095940  0.063577  0.301444  0.386240  0.338690  0.178629  0.370511  0.000000  0.415495  0.174226  0.352790  0.497829 0.0  0.260877  0.392142  0.103369  0.038906  0.331268  0.033423  0.305517  0.194633  0.093433  0.078577  0.186069  0.057993  0.226489  0.320884  0.262553  0.072675  0.030798  0.000000  0.400437  0.356345  0.093834  0.353476  0.357003 
50  0.499010  0.251868  0.228643  0.712993  0.309625  0.347873  0.680203  0.399798  0.261485  0.276505  0.289475  0.318748  0.233230  0.341364  0.310292  0.308540  0.215594  0.289963  0.299093  0.408112  0.259651  0.627162  0.269171  0.493468  0.310629  0.396560  0.268689  0.741504  0.688155  0.373517  0.269887  0.274918  0.231503  0.221410  0.301922  0.540857  0.328123  0.224543  0.336667  0.285961  0.188171  0.178806  0.226322  0.294900  0.281966  0.258701  0.315019  0.304199  0.274910  0.260877 0.0  0.300175  0.257550  0.292240  0.197709  0.172637  0.322199  0.248869  0.296288  0.153074  0.244295  0.314724  0.313359  0.325923  0.183208  0.282534  0.276302  0.239226  0.318201  0.259493  0.299809  0.331562  0.311582 
51  0.733627  0.173539  0.377079  0.894697  0.225791  0.372846  0.822245  0.397744  0.121515  0.383378  0.475263  0.355294  0.406900  0.123647  0.355309  0.452053  0.452692  0.256650  0.451184  0.539583  0.086439  0.866145  0.395365  0.399807  0.276559  0.381174  0.322819  0.681958  0.833952  0.244883  0.451524  0.430242  0.460530  0.373675  0.186986  0.535738  0.452788  0.281306  0.437942  0.297310  0.357805  0.384879  0.379710  0.140941  0.377526  0.281861  0.397784  0.395888  0.002588  0.392142  0.300175 0.0  0.443416  0.497658  0.186505  0.284538  0.179571  0.424618  0.401850  0.385828  0.341956  0.369215  0.346304  0.176506  0.476897  0.314994  0.421127  0.373953  0.087647  0.090160  0.365567  0.462561  0.425406 
52  0.365618  0.368835  0.110113  0.623489  0.313020  0.219711  0.518366  0.000000  0.386381  0.123195  0.118880  0.177651  0.461232  0.189606  0.170749  0.158336  0.108512  0.416440  0.212483  0.147933  0.468224  0.558003  0.000000  0.486304  0.099932  0.441163  0.207505  0.590147  0.477233  0.264914  0.044526  0.095971  0.135954  0.107694  0.348392  0.533156  0.273258  0.029648  0.186289  0.400034  0.414409  0.018539  0.099449  0.316521  0.251764  0.380130  0.179547  0.262338  0.317276  0.103369  0.257550  0.443416 0.0  0.122326  0.342406  0.108230  0.359903  0.044135  0.030544  0.150820  0.066674  0.000000  0.086238  0.215548  0.368348  0.159197  0.156842  0.137642  0.352253  0.353684  0.020703  0.296742  0.318485 
53  0.319831  0.427385  0.144352  0.556294  0.461403  0.101387  0.541490  0.162391  0.454192  0.086366  0.129554  0.160908  0.346436  0.238407  0.094184  0.131994  0.147529  0.265444  0.119649  0.164861  0.398811  0.619400  0.173728  0.531037  0.201521  0.373488  0.242674  0.616139  0.424234  0.440433  0.074911  0.088410  0.061852  0.165415  0.418469  0.392163  0.047369  0.141833  0.191355  0.308090  0.382090  0.104585  0.010916  0.301169  0.094386  0.386189  0.264785  0.386551  0.462763  0.038906  0.292240  0.497658  0.122326 0.0  0.198277  0.120877  0.392889  0.233159  0.092671  0.223634  0.154094  0.220391  0.136209  0.315328  0.338229  0.142279  0.165488  0.168088  0.346371  0.389619  0.147502  0.459189  0.320954 
