73
0 0.0  0.315899  0.194872  0.161551  0.045065  0.491462  0.386842  0.000000  0.381037  0.269227  0.000000  0.341127  0.167452  0.255764  0.218550  0.456284  0.000000  0.407590  0.479627  0.113925  0.170051  0.552212  0.145052  0.264889  0.287979  0.101014  0.099781  0.225313  0.129044  0.125100  0.519952  0.071367  0.186978  0.222757  0.488499  0.397026  0.060458  0.543193  0.014044  0.482858  0.560733  0.285237  0.244797  0.356269  0.117023  0.065326  0.073630  0.616909  0.470609  0.557501  0.521499  0.120213  0.420411  0.386094  0.127156  0.256239  0.412227  0.358787  0.405297  0.009624  0.231309  0.291200  0.210735  0.387662  0.257744  0.022104  0.533344  0.340595  0.589606  0.100403  0.355881  0.161177  0.554503 
1  0.315899 0.0  0.332253  0.419586  0.412639  0.135422  0.575983  0.321626  0.386813  0.289806  0.355607  0.275838  0.392009  0.330334  0.470048  0.115757  0.422205  0.135878  0.109963  0.482838  0.422500  0.160736  0.452747  0.344996  0.636540  0.421364  0.515539  0.315344  0.332260  0.499540  0.434945  0.435387  0.251695  0.270815  0.115529  0.000000  0.413539  0.846167  0.329789  0.051614  0.711072  0.382175  0.358761  0.904984  0.326219  0.400301  0.405863  0.741097  0.828290  0.080685  0.032832  0.257346  0.460670  0.056594  0.569564  0.249991  0.820582  0.542524  0.080627  0.461676  0.332239  0.313083  0.426132  0.304830  0.357044  0.438257  0.094905  0.219269  0.421703  0.388316  0.398155  0.462279  0.751009 
2  0.194872  0.332253 0.0  0.143174  0.000000  0.389885  0.313411  0.245584  0.306920  0.236848  0.111902  0.164023  0.114208  0.293767  0.219050  0.398414  0.086424  0.382495  0.476115  0.131591  0.138206  0.470569  0.100645  0.117789  0.395514  0.109358  0.095332  0.216174  0.107845  0.102038  0.396484  0.060697  0.355787  0.175113  0.388308  0.500459  0.085645  0.752427  0.000000  0.367080  0.620845  0.302075  0.137714  0.479509  0.081004  0.112556  0.145993  0.622797  0.646669  0.380174  0.492757  0.151741  0.293545  0.411827  0.000000  0.274870  0.590477  0.319777  0.503461  0.270508  0.311877  0.222458  0.107765  0.291470  0.133961  0.089626  0.369084  0.265473  0.504795  0.047390  0.336459  0.036996  0.629777 
3  0.161551  0.419586  0.143174 0.0  0.086033  0.523532  0.371614  0.099988  0.375620  0.264307  0.079433  0.218590  0.082182  0.424911  0.150353  0.481025  0.067328  0.468417  0.473438  0.020071  0.142491  0.408261  0.010852  0.105784  0.284707  0.070239  0.096386  0.200843  0.000000  0.000000  0.547476  0.074065  0.113804  0.196783  0.476300  0.469091  0.138610  0.642203  0.059097  0.531411  0.711234  0.230597  0.181839  0.537639  0.049620  0.190918  0.079382  0.627673  0.429114  0.530211  0.424207  0.287587  0.280053  0.429192  0.046033  0.319331  0.611944  0.367581  0.540121  0.154480  0.194113  0.170267  0.157184  0.306404  0.030871  0.054100  0.360220  0.232526  0.452250  0.055415  0.358135  0.127318  0.662606 
4  0.045065  0.412639  0.000000  0.086033 0.0  0.434361  0.233349  0.152016  0.309070  0.232225  0.083843  0.221053  0.152183  0.344410  0.108539  0.377482  0.060615  0.421701  0.307033  0.083950  0.122379  0.384005  0.136428  0.000000  0.418546  0.000000  0.051250  0.178194  0.153263  0.065370  0.526363  0.241976  0.192950  0.089183  0.379739  0.331481  0.165933  0.431908  0.221658  0.410002  0.389077  0.353119  0.073544  0.573471  0.141891  0.077179  0.138737  0.581462  0.519679  0.260680  0.288589  0.000000  0.419362  0.344100  0.000000  0.226202  0.497300  0.351658  0.311132  0.074202  0.056656  0.157585  0.141882  0.545785  0.006250  0.157390  0.445463  0.283961  0.436580  0.086141  0.339020  0.214939  0.478091 
5  0.491462  0.135422  0.389885  0.523532  0.434361 0.0  0.522515  0.309667  0.327896  0.155364  0.361651  0.204778  0.342966  0.409038  0.461722  0.207964  0.356955  0.119456  0.135821  0.330717  0.426019  0.163405  0.301773  0.283557  0.549076  0.422379  0.386502  0.545795  0.310408  0.414456  0.453282  0.305486  0.475761  0.594477  0.252476  0.167128  0.373771  0.818303  0.372918  0.256587  0.902994  0.272971  0.464130  0.754304  0.324367  0.408198  0.224970  0.966932  0.886755  0.148767  0.162790  0.455479  0.354768  0.087373  0.325879  0.286132  0.923939  0.729858  0.224126  0.470228  0.407263  0.418437  0.418090  0.375829  0.319536  0.327308  0.107147  0.308847  0.532049  0.273001  0.236100  0.453953  0.916577 
6  0.386842  0.575983  0.313411  0.371614  0.233349  0.522515 0.0  0.324135  0.695344  0.496314  0.410619  0.408880  0.314419  0.631870  0.392529  0.625290  0.333873  0.547768  0.712407  0.296876  0.247694  0.649242  0.391954  0.331888  0.299017  0.382084  0.314167  0.380166  0.251253  0.358110  0.479000  0.425269  0.348400  0.425918  0.596639  0.554361  0.220993  0.403948  0.449997  0.472214  0.270681  0.444546  0.364240  0.327360  0.331665  0.286364  0.374733  0.333259  0.392632  0.562460  0.652112  0.368578  0.610205  0.621383  0.420517  0.413335  0.400849  0.345958  0.643578  0.351307  0.343510  0.444388  0.368949  0.580877  0.387509  0.332841  0.505785  0.504451  0.470827  0.286936  0.626253  0.462059  0.383398 
7  0.000000  0.321626  0.245584  0.099988  0.152016  0.309667  0.324135 0.0  0.346134  0.210777  0.000000  0.276182  0.166966  0.393782  0.064696  0.423616  0.023010  0.491676  0.391954  0.254909  0.048449  0.364695  0.013872  0.040758  0.350078  0.088009  0.000000  0.081587  0.168641  0.095176  0.414556  0.138791  0.015024  0.028266  0.280451  0.348974  0.202136  0.395050  0.112796  0.364728  0.544044  0.251682  0.121323  0.448395  0.163220  0.090717  0.251891  0.471068  0.599292  0.311128  0.193032  0.000000  0.220661  0.381277  0.045202  0.352514  0.479889  0.217277  0.305766  0.171996  0.025438  0.082734  0.146883  0.502628  0.048854  0.099450  0.534478  0.153867  0.526475  0.075448  0.417821  0.263498  0.433275 
8  0.381037  0.386813  0.306920  0.375620  0.309070  0.327896  0.695344  0.346134 0.0  0.336332  0.249776  0.224872  0.458014  0.219817  0.377034  0.386097  0.226123  0.357653  0.343597  0.387849  0.350864  0.379017  0.396404  0.453467  0.697738  0.459673  0.376629  0.370060  0.331979  0.317310  0.473591  0.325297  0.285232  0.304989  0.426792  0.369236  0.228997  0.745177  0.459044  0.295893  0.587904  0.272109  0.335603  0.723607  0.343744  0.334146  0.329666  0.687538  0.801062  0.323760  0.389435  0.310147  0.178217  0.283892  0.358330  0.278070  0.665876  0.570424  0.312480  0.353543  0.346077  0.325539  0.415277  0.136731  0.325579  0.352182  0.306000  0.261019  0.458430  0.432419  0.242738  0.455561  0.751936 
9  0.269227  0.289806  0.236848  0.264307  0.232225  0.155364  0.496314  0.210777  0.336332 0.0  0.306260  0.345726  0.280625  0.227891  0.246843  0.362904  0.320045  0.318022  0.294005  0.186835  0.240655  0.322840  0.305500  0.245153  0.454975  0.255360  0.172522  0.262756  0.283938  0.469038  0.385372  0.322974  0.246995  0.237949  0.180996  0.244185  0.242701  0.735030  0.354627  0.267990  0.606967  0.206107  0.229537  0.730453  0.174186  0.175538  0.374520  0.624539  0.758856  0.280247  0.363445  0.292644  0.293091  0.319449  0.288807  0.233188  0.615921  0.543324  0.228341  0.256085  0.272027  0.303676  0.174915  0.282778  0.347146  0.262221  0.260529  0.126308  0.501303  0.256870  0.284399  0.320548  0.628317 
10  0.000000  0.355607  0.111902  0.079433  0.083843  0.361651  0.410619  0.000000  0.249776  0.306260 0.0  0.275542  0.063847  0.291657  0.074129  0.387620  0.043485  0.413755  0.392858  0.070201  0.067015  0.343874  0.076278  0.129361  0.383267  0.210591  0.000000  0.085678  0.111416  0.112078  0.394001  0.096621  0.000000  0.068513  0.282248  0.408465  0.059773  0.588117  0.127930  0.345900  0.468300  0.352956  0.000000  0.394343  0.160396  0.065263  0.169868  0.460459  0.603215  0.360078  0.323763  0.000000  0.310917  0.219004  0.108928  0.242850  0.500337  0.347532  0.399266  0.095992  0.011787  0.079238  0.123301  0.262498  0.135495  0.058941  0.463013  0.147108  0.531311  0.040332  0.439185  0.106203  0.456172 
11  0.341127  0.275838  0.164023  0.218590  0.221053  0.204778  0.408880  0.276182  0.224872  0.345726  0.275542 0.0  0.180805  0.257922  0.314756  0.317869  0.277842  0.183365  0.259139  0.309154  0.311624  0.193779  0.277116  0.288537  0.547485  0.434340  0.187348  0.363591  0.262618  0.218916  0.478517  0.201035  0.188844  0.206445  0.221218  0.292220  0.368751  0.705273  0.334512  0.286575  0.731849  0.253587  0.207585  0.596460  0.145721  0.293200  0.278272  0.580472  0.698934  0.181178  0.262101  0.296483  0.215344  0.298931  0.240219  0.324608  0.768072  0.433703  0.166827  0.283337  0.271175  0.240122  0.315086  0.288992  0.290248  0.274365  0.341061  0.291969  0.572336  0.289834  0.344441  0.177064  0.733068 
12  0.167452  0.392009  0.114208  0.082182  0.152183  0.342966  0.314419  0.166966  0.458014  0.280625  0.063847  0.180805 0.0  0.403704  0.143145  0.398274  0.037017  0.342594  0.395795  0.064255  0.184386  0.416638  0.043151  0.244861  0.364301  0.089044  0.121561  0.107495  0.053162  0.174836  0.408014  0.099740  0.256060  0.124779  0.313822  0.425541  0.279801  0.550393  0.101224  0.317111  0.584518  0.261457  0.050222  0.539429  0.199890  0.172244  0.046649  0.718344  0.638408  0.331232  0.363738  0.154546  0.391081  0.540629  0.223065  0.316652  0.602477  0.386212  0.387056  0.170632  0.175436  0.053705  0.085562  0.379730  0.215848  0.101628  0.426510  0.286003  0.440066  0.109598  0.436341  0.070730  0.570391 
13  0.255764  0.330334  0.293767  0.424911  0.344410  0.409038  0.631870  0.393782  0.219817  0.227891  0.291657  0.257922  0.403704 0.0  0.307466  0.403042  0.348194  0.368983  0.332595  0.303809  0.400399  0.267476  0.322730  0.330845  0.529799  0.452402  0.338253  0.252347  0.426443  0.316738  0.544254  0.378898  0.230400  0.413949  0.414070  0.353343  0.238451  0.758133  0.359271  0.348479  0.761769  0.258963  0.285473  0.724151  0.498557  0.322029  0.323552  0.713599  0.769245  0.464534  0.272772  0.295250  0.175748  0.494145  0.385837  0.277556  0.775402  0.601115  0.349913  0.346718  0.387286  0.326482  0.303622  0.048018  0.388479  0.319543  0.430464  0.310905  0.531668  0.368249  0.368440  0.394567  0.851367 
14  0.218550  0.470048  0.219050  0.150353  0.108539  0.461722  0.392529  0.064696  0.377034  0.246843  0.074129  0.314756  0.143145  0.307466 0.0  0.402437  0.117203  0.432427  0.451254  0.000000  0.152814  0.561127  0.164838  0.200474  0.337160  0.088940  0.128965  0.166568  0.150102  0.151415  0.410566  0.079490  0.164415  0.140265  0.401115  0.439567  0.056605  0.613833  0.073126  0.455696  0.566162  0.349977  0.203162  0.549284  0.087486  0.250301  0.130623  0.498851  0.538078  0.530194  0.525376  0.194325  0.340433  0.476978  0.150395  0.218152  0.624153  0.369945  0.325943  0.180413  0.217579  0.212046  0.166405  0.218535  0.111073  0.000000  0.383705  0.360168  0.413101  0.094672  0.479374  0.133007  0.711486 
15  0.456284  0.115757  0.398414  0.481025  0.377482  0.207964  0.625290  0.423616  0.386097  0.362904  0.387620  0.317869  0.398274  0.403042  0.402437 0.0  0.308909  0.208224  0.174320  0.507428  0.382391  0.095974  0.422814  0.276978  0.604857  0.350610  0.395814  0.428022  0.485271  0.373302  0.455478  0.469023  0.356607  0.393656  0.070431  0.099790  0.446554  0.953667  0.344966  0.099145  0.797007  0.338177  0.410294  0.861558  0.416515  0.454446  0.407725  0.755235  0.796315  0.179429  0.124492  0.385940  0.509124  0.057974  0.523296  0.303947  0.709044  0.654670  0.086427  0.349289  0.468339  0.335835  0.364069  0.323985  0.457645  0.319192  0.027861  0.151476  0.553306  0.221724  0.438415  0.375396  0.782757 
16  0.000000  0.422205  0.086424  0.067328  0.060615  0.356955  0.333873  0.023010  0.226123  0.320045  0.043485  0.277842  0.037017  0.348194  0.117203  0.308909 0.0  0.388184  0.272530  0.144065  0.222158  0.372093  0.225857  0.159679  0.272168  0.137105  0.188955  0.218076  0.136265  0.246830  0.380514  0.118053  0.063853  0.073182  0.289424  0.359276  0.099195  0.603631  0.072023  0.448599  0.469283  0.244610  0.122278  0.709579  0.121828  0.122202  0.043803  0.499959  0.509022  0.369633  0.324984  0.000000  0.349903  0.426823  0.201056  0.249592  0.505622  0.366653  0.340139  0.191972  0.103238  0.073381  0.087259  0.397715  0.251456  0.193163  0.462835  0.274163  0.622650  0.000000  0.411352  0.173765  0.426233 
17  0.407590  0.135878  0.382495  0.468417  0.421701  0.119456  0.547768  0.491676  0.357653  0.318022  0.413755  0.183365  0.342594  0.368983  0.432427  0.208224  0.388184 0.0  0.077914  0.386764  0.381613  0.217278  0.351657  0.445441  0.628029  0.456050  0.336772  0.464567  0.373686  0.453120  0.465007  0.479935  0.303170  0.405955  0.200629  0.069662  0.454134  0.932481  0.394524  0.072235  0.849042  0.228872  0.446899  0.805899  0.464754  0.473651  0.491645  0.836760  0.955815  0.120661  0.266007  0.494451  0.433868  0.112658  0.453547  0.355212  0.750050  0.496767  0.064553  0.406795  0.452093  0.342569  0.394937  0.455699  0.303778  0.335553  0.159231  0.232755  0.446659  0.383071  0.410840  0.435041  0.956979 
18  0.479627  0.109963  0.476115  0.473438  0.307033  0.135821  0.712407  0.391954  0.343597  0.294005  0.392858  0.259139  0.395795  0.332595  0.451254  0.174320  0.272530  0.077914 0.0  0.355523  0.409099  0.150638  0.339974  0.484740  0.551525  0.450477  0.379659  0.515388  0.435266  0.326271  0.510961  0.310963  0.473463  0.495430  0.194408  0.249978  0.241829  0.899812  0.367252  0.203595  0.935706  0.224990  0.422259  0.745777  0.428292  0.454246  0.277127  0.891468  0.778721  0.259182  0.193783  0.478159  0.338924  0.246914  0.292835  0.275081  0.841800  0.692667  0.206752  0.448274  0.396730  0.533067  0.379604  0.290569  0.294751  0.301577  0.120503  0.286524  0.491599  0.463752  0.304688  0.393607  0.911647 
19  0.113925  0.482838  0.131591  0.020071  0.083950  0.330717  0.296876  0.254909  0.387849  0.186835  0.070201  0.309154  0.064255  0.303809  0.000000  0.507428  0.144065  0.386764  0.355523 0.0  0.088319  0.268670  0.208352  0.260668  0.422649  0.177021  0.226274  0.075520  0.051951  0.053694  0.457222  0.164644  0.188939  0.138129  0.323221  0.328220  0.069399  0.551348  0.055708  0.368396  0.581493  0.291150  0.003244  0.589988  0.273750  0.080725  0.030579  0.594725  0.481582  0.354092  0.387820  0.060350  0.321733  0.332063  0.067788  0.168051  0.562480  0.269960  0.162064  0.080512  0.101456  0.153125  0.138130  0.386734  0.136415  0.289933  0.324607  0.217214  0.446930  0.114692  0.379002  0.222751  0.550609 
20  0.170051  0.422500  0.138206  0.142491  0.122379  0.426019  0.247694  0.048449  0.350864  0.240655  0.067015  0.311624  0.184386  0.400399  0.152814  0.382391  0.222158  0.381613  0.409099  0.088319 0.0  0.321670  0.052572  0.109594  0.396531  0.248041  0.066990  0.081504  0.125273  0.124326  0.449070  0.125888  0.157653  0.209831  0.331262  0.392324  0.227900  0.496271  0.068912  0.384612  0.536968  0.296982  0.095420  0.471530  0.018858  0.152766  0.167118  0.481312  0.628076  0.369343  0.356599  0.154326  0.459799  0.483398  0.075712  0.310593  0.530166  0.312349  0.405630  0.083255  0.137412  0.078262  0.064332  0.366455  0.109664  0.104407  0.386825  0.318138  0.459900  0.231218  0.469113  0.179782  0.620414 
21  0.552212  0.160736  0.470569  0.408261  0.384005  0.163405  0.649242  0.364695  0.379017  0.322840  0.343874  0.193779  0.416638  0.267476  0.561127  0.095974  0.372093  0.217278  0.150638  0.268670  0.321670 0.0  0.421976  0.383347  0.647660  0.445464  0.406714  0.474882  0.376486  0.416369  0.437915  0.362348  0.462069  0.449055  0.226259  0.089590  0.324232  0.848740  0.394999  0.157952  0.865213  0.251252  0.436779  0.654886  0.382734  0.443531  0.304594  0.825236  0.855203  0.091186  0.288960  0.492518  0.344308  0.209691  0.442040  0.229808  0.999689  0.623429  0.196704  0.376500  0.423904  0.491790  0.423236  0.340060  0.317656  0.381695  0.144280  0.271809  0.493190  0.434585  0.280532  0.409372  0.909943 
22  0.145052  0.452747  0.100645  0.010852  0.136428  0.301773  0.391954  0.013872  0.396404  0.305500  0.076278  0.277116  0.043151  0.322730  0.164838  0.422814  0.225857  0.351657  0.339974  0.208352  0.052572  0.421976 0.0  0.185128  0.439700  0.169141  0.211121  0.125541  0.138798  0.193084  0.407361  0.000000  0.000000  0.094455  0.217711  0.279476  0.097080  0.372560  0.011523  0.472802  0.509411  0.245467  0.079458  0.545402  0.154817  0.053879  0.095506  0.397879  0.544375  0.310143  0.307009  0.000000  0.368083  0.289427  0.241762  0.306537  0.384563  0.358802  0.359810  0.064493  0.107666  0.000000  0.137433  0.317354  0.091336  0.167890  0.475510  0.222952  0.373727  0.143084  0.385431  0.109013  0.443300 
23  0.264889  0.344996  0.117789  0.105784  0.000000  0.283557  0.331888  0.040758  0.453467  0.245153  0.129361  0.288537  0.244861  0.330845  0.200474  0.276978  0.159679  0.445441  0.484740  0.260668  0.109594  0.383347  0.185128 0.0  0.310611  0.072974  0.073153  0.179458  0.144999  0.191551  0.508838  0.101380  0.208897  0.125801  0.354626  0.396126  0.213509  0.561881  0.050367  0.485478  0.527730  0.260996  0.169881  0.555923  0.120654  0.116551  0.190001  0.676445  0.647568  0.429149  0.466831  0.140946  0.391484  0.417014  0.107769  0.337695  0.543492  0.302835  0.442698  0.130697  0.147856  0.114559  0.046592  0.380134  0.140623  0.114066  0.478691  0.204720  0.471773  0.078713  0.506261  0.193535  0.639257 
24  0.287979  0.636540  0.395514  0.284707  0.418546  0.549076  0.299017  0.350078  0.697738  0.454975  0.383267  0.547485  0.364301  0.529799  0.337160  0.604857  0.272168  0.628029  0.551525  0.422649  0.396531  0.647660  0.439700  0.310611 0.0  0.437243  0.373194  0.341744  0.370889  0.388618  0.566675  0.290030  0.347664  0.323269  0.473165  0.591501  0.357234  0.331698  0.314051  0.649864  0.335324  0.492503  0.281917  0.326473  0.272992  0.383827  0.391386  0.307006  0.374318  0.698728  0.549276  0.454780  0.534724  0.619233  0.320312  0.530268  0.306586  0.320459  0.657118  0.386741  0.395345  0.462655  0.360622  0.794768  0.269549  0.285404  0.624949  0.449125  0.442962  0.317194  0.671819  0.398917  0.369347 
25  0.101014  0.421364  0.109358  0.070239  0.000000  0.422379  0.382084  0.088009  0.459673  0.255360  0.210591  0.434340  0.089044  0.452402  0.088940  0.350610  0.137105  0.456050  0.450477  0.177021  0.248041  0.445464  0.169141  0.072974  0.437243 0.0  0.090275  0.129407  0.130795  0.171576  0.492424  0.119539  0.196429  0.196675  0.429109  0.486947  0.255197  0.592527  0.125029  0.322478  0.578222  0.306223  0.151545  0.536962  0.174926  0.170608  0.174660  0.498188  0.615382  0.427522  0.319227  0.184862  0.437558  0.348609  0.311878  0.269651  0.605801  0.336722  0.293463  0.077645  0.072692  0.107117  0.083769  0.473120  0.168122  0.160893  0.345133  0.236856  0.495095  0.047023  0.377003  0.157975  0.569954 
26  0.099781  0.515539  0.095332  0.096386  0.051250  0.386502  0.314167  0.000000  0.376629  0.172522  0.000000  0.187348  0.121561  0.338253  0.128965  0.395814  0.188955  0.336772  0.379659  0.226274  0.066990  0.406714  0.211121  0.073153  0.373194  0.090275 0.0  0.118367  0.149202  0.227936  0.514051  0.042969  0.000000  0.000000  0.348044  0.439005  0.135017  0.395546  0.056753  0.439361  0.414514  0.339251  0.063871  0.628745  0.223699  0.142593  0.142359  0.524260  0.470967  0.307601  0.202254  0.174164  0.346591  0.341697  0.209014  0.289825  0.524017  0.275696  0.308392  0.216648  0.077039  0.108030  0.192008  0.416949  0.196130  0.146357  0.421044  0.318675  0.511147  0.074142  0.251681  0.128844  0.381981 
27  0.225313  0.315344  0.216174  0.200843  0.178194  0.545795  0.380166  0.081587  0.370060  0.262756  0.085678  0.363591  0.107495  0.252347  0.166568  0.428022  0.218076  0.464567  0.515388  0.075520  0.081504  0.474882  0.125541  0.179458  0.341744  0.129407  0.118367 0.0  0.028230  0.054243  0.555546  0.107146  0.253002  0.142477  0.457740  0.502937  0.101543  0.629098  0.098693  0.612056  0.546260  0.245557  0.310218  0.591974  0.093778  0.137163  0.078640  0.463638  0.564083  0.467549  0.432306  0.117823  0.324708  0.613344  0.038913  0.369668  0.625327  0.262679  0.447168  0.153154  0.147981  0.227478  0.192426  0.323439  0.040836  0.000000  0.451429  0.289384  0.435976  0.105951  0.320489  0.135918  0.569206 
28  0.129044  0.332260  0.107845  0.000000  0.153263  0.310408  0.251253  0.168641  0.331979  0.283938  0.111416  0.262618  0.053162  0.426443  0.150102  0.485271  0.136265  0.373686  0.435266  0.051951  0.125273  0.376486  0.138798  0.144999  0.370889  0.130795  0.149202  0.028230 0.0  0.055597  0.548636  0.206734  0.039079  0.072840  0.240701  0.352135  0.104632  0.427108  0.218338  0.288115  0.433706  0.278959  0.132060  0.563093  0.128463  0.076034  0.207194  0.604475  0.532836  0.387051  0.364603  0.126227  0.437139  0.321038  0.000000  0.265561  0.521843  0.269723  0.357027  0.153037  0.146770  0.132851  0.169859  0.486328  0.016695  0.140849  0.485916  0.257557  0.342297  0.044949  0.286966  0.104438  0.577089 
29  0.125100  0.499540  0.102038  0.000000  0.065370  0.414456  0.358110  0.095176  0.317310  0.469038  0.112078  0.218916  0.174836  0.316738  0.151415  0.373302  0.246830  0.453120  0.326271  0.053694  0.124326  0.416369  0.193084  0.191551  0.388618  0.171576  0.227936  0.054243  0.055597 0.0  0.487246  0.129989  0.152782  0.000000  0.239107  0.273811  0.270938  0.557221  0.041556  0.279522  0.505204  0.351479  0.121172  0.635123  0.219832  0.023620  0.006328  0.479213  0.574309  0.303280  0.270163  0.124804  0.418080  0.458011  0.213652  0.321379  0.532726  0.218760  0.365653  0.224535  0.131688  0.126906  0.205488  0.392757  0.211924  0.251380  0.432215  0.295416  0.370781  0.106617  0.361867  0.235974  0.568476 
30  0.519952  0.434945  0.396484  0.547476  0.526363  0.453282  0.479000  0.414556  0.473591  0.385372  0.394001  0.478517  0.408014  0.544254  0.410566  0.455478  0.380514  0.465007  0.510961  0.457222  0.449070  0.437915  0.407361  0.508838  0.566675  0.492424  0.514051  0.555546  0.548636  0.487246 0.0  0.556077  0.466864  0.557921  0.545537  0.378811  0.500765  0.572347  0.450982  0.532623  0.412956  0.467347  0.491649  0.513024  0.452521  0.516453  0.562833  0.526813  0.369462  0.468640  0.464597  0.402658  0.524308  0.549823  0.426927  0.493209  0.423808  0.422649  0.532640  0.582108  0.520078  0.395144  0.391530  0.393540  0.456884  0.428759  0.512782  0.511184  0.421234  0.473067  0.517200  0.453558  0.454232 
31  0.071367  0.435387  0.060697  0.074065  0.241976  0.305486  0.425269  0.138791  0.325297  0.322974  0.096621  0.201035  0.099740  0.378898  0.079490  0.469023  0.118053  0.479935  0.310963  0.164644  0.125888  0.362348  0.000000  0.101380  0.290030  0.119539  0.042969  0.107146  0.206734  0.129989  0.556077 0.0  0.001966  0.071141  0.313061  0.315902  0.223003  0.444152  0.210525  0.328212  0.461049  0.297598  0.021641  0.473743  0.087385  0.086752  0.181390  0.462832  0.530182  0.306361  0.289387  0.055139  0.277153  0.344415  0.155156  0.383970  0.350030  0.349109  0.424713  0.211840  0.135820  0.085209  0.220819  0.551436  0.047429  0.098846  0.388928  0.264483  0.407182  0.087839  0.241542  0.072743  0.458686 
32  0.186978  0.251695  0.355787  0.113804  0.192950  0.475761  0.348400  0.015024  0.285232  0.246995  0.000000  0.188844  0.256060  0.230400  0.164415  0.356607  0.063853  0.303170  0.473463  0.188939  0.157653  0.462069  0.000000  0.208897  0.347664  0.196429  0.000000  0.253002  0.039079  0.152782  0.466864  0.001966 0.0  0.228947  0.606123  0.483348  0.085655  0.578554  0.158002  0.418058  0.607293  0.201029  0.131768  0.462417  0.099920  0.190155  0.154099  0.566881  0.469142  0.518542  0.389364  0.125497  0.251822  0.486891  0.000000  0.358814  0.654390  0.490859  0.487826  0.085183  0.190039  0.296674  0.068518  0.307537  0.116789  0.074714  0.445160  0.228905  0.497230  0.177058  0.345010  0.190146  0.674037 
33  0.222757  0.270815  0.175113  0.196783  0.089183  0.594477  0.425918  0.028266  0.304989  0.237949  0.068513  0.206445  0.124779  0.413949  0.140265  0.393656  0.073182  0.405955  0.495430  0.138129  0.209831  0.449055  0.094455  0.125801  0.323269  0.196675  0.000000  0.142477  0.072840  0.000000  0.557921  0.071141  0.228947 0.0  0.457377  0.482063  0.072972  0.673863  0.184745  0.472684  0.662485  0.315702  0.292394  0.587916  0.142635  0.179347  0.151648  0.563222  0.451234  0.512856  0.356067  0.175922  0.276277  0.444442  0.135648  0.248394  0.596534  0.301174  0.366077  0.115379  0.182909  0.217633  0.148569  0.398544  0.052003  0.092227  0.544021  0.241534  0.513713  0.087820  0.278678  0.072440  0.550655 
34  0.488499  0.115529  0.388308  0.476300  0.379739  0.252476  0.596639  0.280451  0.426792  0.180996  0.282248  0.221218  0.313822  0.414070  0.401115  0.070431  0.289424  0.200629  0.194408  0.323221  0.331262  0.226259  0.217711  0.354626  0.473165  0.429109  0.348044  0.457740  0.240701  0.239107  0.545537  0.313061  0.606123  0.457377 0.0  0.177360  0.349867  0.982160  0.163843  0.213419  0.836478  0.181608  0.418983  0.730468  0.413347  0.529653  0.283474  0.841226  0.814892  0.216881  0.258820  0.488808  0.298971  0.182759  0.350714  0.304697  0.843724  0.754519  0.266388  0.514824  0.442032  0.533636  0.498907  0.427587  0.357996  0.408714  0.125517  0.298395  0.521092  0.389155  0.353352  0.372618  0.908675 
35  0.397026  0.000000  0.500459  0.469091  0.331481  0.167128  0.554361  0.348974  0.369236  0.244185  0.408465  0.292220  0.425541  0.353343  0.439567  0.099790  0.359276  0.069662  0.249978  0.328220  0.392324  0.089590  0.279476  0.396126  0.591501  0.486947  0.439005  0.502937  0.352135  0.273811  0.378811  0.315902  0.483348  0.482063  0.177360 0.0  0.351371  0.885953  0.294317  0.202519  0.863642  0.292070  0.398984  0.698439  0.398057  0.564120  0.378665  0.863347  0.904619  0.183853  0.212035  0.377456  0.450099  0.166404  0.264779  0.349358  0.878028  0.647132  0.135554  0.420256  0.443006  0.484087  0.463989  0.380509  0.412485  0.358169  0.143138  0.375963  0.408667  0.278068  0.314823  0.395444  0.857807 
36  0.060458  0.413539  0.085645  0.138610  0.165933  0.373771  0.220993  0.202136  0.228997  0.242701  0.059773  0.368751  0.279801  0.238451  0.056605  0.446554  0.099195  0.454134  0.241829  0.069399  0.227900  0.324232  0.097080  0.213509  0.357234  0.255197  0.135017  0.101543  0.104632  0.270938  0.500765  0.223003  0.085655  0.072972  0.349867  0.351371 0.0  0.450630  0.233663  0.275149  0.346142  0.283138  0.017985  0.590393  0.213319  0.130449  0.292428  0.609904  0.417453  0.356121  0.333186  0.058065  0.383687  0.335891  0.070559  0.382829  0.485550  0.354900  0.254487  0.192691  0.042005  0.000000  0.236705  0.380216  0.165002  0.077862  0.482360  0.277468  0.429113  0.027578  0.383037  0.193029  0.547781 
37  0.543193  0.846167  0.752427  0.642203  0.431908  0.818303  0.403948  0.395050  0.745177  0.735030  0.588117  0.705273  0.550393  0.758133  0.613833  0.953667  0.603631  0.932481  0.899812  0.551348  0.496271  0.848740  0.372560  0.561881  0.331698  0.592527  0.395546  0.629098  0.427108  0.557221  0.572347  0.444152  0.578554  0.673863  0.982160  0.885953  0.450630 0.0  0.475355  0.800442  0.562648  0.726339  0.649783  0.108879  0.583833  0.696930  0.548201  0.177429  0.548305  0.877806  0.822661  0.623043  0.817003  0.879338  0.482101  0.666009  0.133341  0.421232  0.907508  0.542193  0.662762  0.543862  0.541548  0.851715  0.434159  0.537387  0.733265  0.780295  0.534210  0.653357  0.780150  0.510700  0.592439 
38  0.014044  0.329789  0.000000  0.059097  0.221658  0.372918  0.449997  0.112796  0.459044  0.354627  0.127930  0.334512  0.101224  0.359271  0.073126  0.344966  0.072023  0.394524  0.367252  0.055708  0.068912  0.394999  0.011523  0.050367  0.314051  0.125029  0.056753  0.098693  0.218338  0.041556  0.450982  0.210525  0.158002  0.184745  0.163843  0.294317  0.233663  0.475355 0.0  0.423731  0.538156  0.229961  0.019950  0.436326  0.185073  0.234632  0.126893  0.548525  0.597464  0.292240  0.363150  0.099138  0.413697  0.337976  0.077652  0.203552  0.458934  0.251252  0.352200  0.200423  0.168839  0.000000  0.048981  0.488964  0.099490  0.000000  0.521005  0.336584  0.527186  0.039254  0.261252  0.069657  0.473893 
39  0.482858  0.051614  0.367080  0.531411  0.410002  0.256587  0.472214  0.364728  0.295893  0.267990  0.345900  0.286575  0.317111  0.348479  0.455696  0.099145  0.448599  0.072235  0.203595  0.368396  0.384612  0.157952  0.472802  0.485478  0.649864  0.322478  0.439361  0.612056  0.288115  0.279522  0.532623  0.328212  0.418058  0.472684  0.213419  0.202519  0.275149  0.800442  0.423731 0.0  0.901729  0.209176  0.491741  0.755897  0.436463  0.488461  0.294358  0.946716  0.901167  0.244930  0.223369  0.505620  0.164361  0.199276  0.505843  0.268895  0.910742  0.661139  0.157411  0.450663  0.410842  0.533594  0.492008  0.308331  0.328058  0.291498  0.145191  0.255442  0.365575  0.278597  0.285623  0.426550  1.000000 
40  0.560733  0.711072  0.620845  0.711234  0.389077  0.902994  0.270681  0.544044  0.587904  0.606967  0.468300  0.731849  0.584518  0.761769  0.566162  0.797007  0.469283  0.849042  0.935706  0.581493  0.536968  0.865213  0.509411  0.527730  0.335324  0.578222  0.414514  0.546260  0.433706  0.505204  0.412956  0.461049  0.607293  0.662485  0.836478  0.863642  0.346142  0.562648  0.538156  0.901729 0.0  0.697197  0.620194  0.414534  0.504500  0.646008  0.505283  0.554036  0.133172  0.881008  0.841921  0.699914  0.776333  0.821202  0.471116  0.705632  0.627607  0.480092  0.897638  0.573463  0.517407  0.577095  0.610424  0.758491  0.489129  0.605786  0.804659  0.609366  0.453139  0.544937  0.740055  0.501034  0.194171 
41  0.285237  0.382175  0.302075  0.230597  0.353119  0.272971  0.444546  0.251682  0.272109  0.206107  0.352956  0.253587  0.261457  0.258963  0.349977  0.338177  0.244610  0.228872  0.224990  0.291150  0.296982  0.251252  0.245467  0.260996  0.492503  0.306223  0.339251  0.245557  0.278959  0.351479  0.467347  0.297598  0.201029  0.315702  0.181608  0.292070  0.283138  0.726339  0.229961  0.209176  0.697197 0.0  0.288577  0.789605  0.252851  0.239530  0.295608  0.723264  0.663068  0.327123  0.253016  0.268607  0.348625  0.307340  0.167600  0.376414  0.628697  0.488477  0.263439  0.368872  0.374766  0.238722  0.326730  0.178620  0.216647  0.338472  0.273954  0.234356  0.421955  0.224370  0.247490  0.340328  0.669710 
42  0.244797  0.358761  0.137714  0.181839  0.073544  0.464130  0.364240  0.121323  0.335603  0.229537  0.000000  0.207585  0.050222  0.285473  0.203162  0.410294  0.122278  0.446899  0.422259  0.003244  0.095420  0.436779  0.079458  0.169881  0.281917  0.151545  0.063871  0.310218  0.132060  0.121172  0.491649  0.021641  0.131768  0.292394  0.418983  0.398984  0.017985  0.649783  0.019950  0.491741  0.620194  0.288577 0.0  0.571088  0.225407  0.253909  0.045067  0.694693  0.518875  0.440393  0.437053  0.263255  0.277197  0.281148  0.051418  0.276179  0.687059  0.417953  0.474203  0.246917  0.207002  0.161700  0.197961  0.318032  0.092414  0.134536  0.386197  0.244593  0.326488  0.095128  0.370190  0.062255  0.613513 
43  0.356269  0.904984  0.479509  0.537639  0.573471  0.754304  0.327360  0.448395  0.723607  0.730453  0.394343  0.596460  0.539429  0.724151  0.549284  0.861558  0.709579  0.805899  0.745777  0.589988  0.471530  0.654886  0.545402  0.555923  0.326473  0.536962  0.628745  0.591974  0.563093  0.635123  0.513024  0.473743  0.462417  0.587916  0.730468  0.698439  0.590393  0.108879  0.436326  0.755897  0.414534  0.789605  0.571088 0.0  0.549994  0.481233  0.518040  0.071393  0.672256  0.773141  0.787399  0.463689  0.731083  0.747808  0.514361  0.738142  0.049383  0.321381  0.841985  0.594319  0.476325  0.419930  0.601443  0.798327  0.635912  0.625872  0.747505  0.560221  0.469495  0.494742  0.730236  0.668941  0.351867 
44  0.117023  0.326219  0.081004  0.049620  0.141891  0.324367  0.331665  0.163220  0.343744  0.174186  0.160396  0.145721  0.199890  0.498557  0.087486  0.416515  0.121828  0.464754  0.428292  0.273750  0.018858  0.382734  0.154817  0.120654  0.272992  0.174926  0.223699  0.093778  0.128463  0.219832  0.452521  0.087385  0.099920  0.142635  0.413347  0.398057  0.213319  0.583833  0.185073  0.436463  0.504500  0.252851  0.225407  0.549994 0.0  0.213786  0.265739  0.562470  0.598392  0.320046  0.442980  0.149907  0.459178  0.415679  0.132565  0.416979  0.531076  0.314731  0.465193  0.060433  0.188009  0.113727  0.209027  0.340864  0.100332  0.088548  0.341604  0.333648  0.449039  0.175951  0.354794  0.130526  0.634683 
45  0.065326  0.400301  0.112556  0.190918  0.077179  0.408198  0.286364  0.090717  0.334146  0.175538  0.065263  0.293200  0.172244  0.322029  0.250301  0.454446  0.122202  0.473651  0.454246  0.080725  0.152766  0.443531  0.053879  0.116551  0.383827  0.170608  0.142593  0.137163  0.076034  0.023620  0.516453  0.086752  0.190155  0.179347  0.529653  0.564120  0.130449  0.696930  0.234632  0.488461  0.646008  0.239530  0.253909  0.481233  0.213786 0.0  0.121379  0.629929  0.493217  0.459811  0.503469  0.133029  0.333942  0.461189  0.009955  0.270288  0.557802  0.411721  0.487631  0.123402  0.250493  0.131961  0.087388  0.428784  0.049333  0.039162  0.408896  0.322496  0.404324  0.024408  0.376484  0.118916  0.562469 
46  0.073630  0.405863  0.145993  0.079382  0.138737  0.224970  0.374733  0.251891  0.329666  0.374520  0.169868  0.278272  0.046649  0.323552  0.130623  0.407725  0.043803  0.491645  0.277127  0.030579  0.167118  0.304594  0.095506  0.190001  0.391386  0.174660  0.142359  0.078640  0.207194  0.006328  0.562833  0.181390  0.154099  0.151648  0.283474  0.378665  0.292428  0.548201  0.126893  0.294358  0.505283  0.295608  0.045067  0.518040  0.265739  0.121379 0.0  0.487202  0.625828  0.308197  0.339872  0.106126  0.401660  0.330334  0.058493  0.325556  0.553951  0.446108  0.345673  0.072427  0.206052  0.014933  0.131577  0.441778  0.045212  0.126242  0.538554  0.331378  0.591913  0.000000  0.276618  0.114040  0.551628 
47  0.616909  0.741097  0.622797  0.627673  0.581462  0.966932  0.333259  0.471068  0.687538  0.624539  0.460459  0.580472  0.718344  0.713599  0.498851  0.755235  0.499959  0.836760  0.891468  0.594725  0.481312  0.825236  0.397879  0.676445  0.307006  0.498188  0.524260  0.463638  0.604475  0.479213  0.526813  0.462832  0.566881  0.563222  0.841226  0.863347  0.609904  0.177429  0.548525  0.946716  0.554036  0.723264  0.694693  0.071393  0.562470  0.629929  0.487202 0.0  0.500535  0.876740  0.884638  0.625421  0.732757  0.877055  0.446338  0.716834  0.235040  0.328106  0.911810  0.500978  0.599010  0.672608  0.498792  0.767749  0.515612  0.566215  0.750260  0.706909  0.461180  0.480091  0.827926  0.629166  0.682809 
48  0.470609  0.828290  0.646669  0.429114  0.519679  0.886755  0.392632  0.599292  0.801062  0.758856  0.603215  0.698934  0.638408  0.769245  0.538078  0.796315  0.509022  0.955815  0.778721  0.481582  0.628076  0.855203  0.544375  0.647568  0.374318  0.615382  0.470967  0.564083  0.532836  0.574309  0.369462  0.530182  0.469142  0.451234  0.814892  0.904619  0.417453  0.548305  0.597464  0.901167  0.133172  0.663068  0.518875  0.672256  0.598392  0.493217  0.625828  0.500535 0.0  0.781021  0.917624  0.581570  0.917375  0.950809  0.608263  0.645096  0.619554  0.270592  0.807305  0.547494  0.559436  0.525869  0.447109  0.894490  0.494394  0.500335  0.790015  0.656028  0.571993  0.529151  0.769852  0.515362  0.191115 
49  0.557501  0.080685  0.380174  0.530211  0.260680  0.148767  0.562460  0.311128  0.323760  0.280247  0.360078  0.181178  0.331232  0.464534  0.530194  0.179429  0.369633  0.120661  0.259182  0.354092  0.369343  0.091186  0.310143  0.429149  0.698728  0.427522  0.307601  0.467549  0.387051  0.303280  0.468640  0.306361  0.518542  0.512856  0.216881  0.183853  0.356121  0.877806  0.292240  0.244930  0.881008  0.327123  0.440393  0.773141  0.320046  0.459811  0.308197  0.876740  0.781021 0.0  0.280081  0.346385  0.324504  0.272511  0.353973  0.182671  0.820512  0.686203  0.264269  0.436398  0.540563  0.424287  0.515980  0.295486  0.284714  0.285333  0.189254  0.269963  0.468105  0.335796  0.386612  0.455171  0.881950 
50  0.521499  0.032832  0.492757  0.424207  0.288589  0.162790  0.652112  0.193032  0.389435  0.363445  0.323763  0.262101  0.363738  0.272772  0.525376  0.124492  0.324984  0.266007  0.193783  0.387820  0.356599  0.288960  0.307009  0.466831  0.549276  0.319227  0.202254  0.432306  0.364603  0.270163  0.464597  0.289387  0.389364  0.356067  0.258820  0.212035  0.333186  0.822661  0.363150  0.223369  0.841921  0.253016  0.437053  0.787399  0.442980  0.503469  0.339872  0.884638  0.917624  0.280081 0.0  0.505509  0.329439  0.217655  0.364780  0.290383  0.812632  0.771512  0.240277  0.334704  0.445304  0.533590  0.379871  0.312648  0.313938  0.254697  0.149004  0.376116  0.452699  0.305116  0.327402  0.398812  0.815499 
51  0.120213  0.257346  0.151741  0.287587  0.000000  0.455479  0.368578  0.000000  0.310147  0.292644  0.000000  0.296483  0.154546  0.295250  0.194325  0.385940  0.000000  0.494451  0.478159  0.060350  0.154326  0.492518  0.000000  0.140946  0.454780  0.184862  0.174164  0.117823  0.126227  0.124804  0.402658  0.055139  0.125497  0.175922  0.488808  0.377456  0.058065  0.623043  0.099138  0.505620  0.699914  0.268607  0.263255  0.463689  0.149907  0.133029  0.106126  0.625421  0.581570  0.346385  0.505509 0.0  0.381157  0.500177  0.025785  0.277006  0.567887  0.399590  0.341793  0.099173  0.239115  0.219981  0.187268  0.360884  0.021332  0.031705  0.344458  0.275518  0.514861  0.086341  0.259610  0.059638  0.636747 
52  0.420411  0.460670  0.293545  0.280053  0.419362  0.354768  0.610205  0.220661  0.178217  0.293091  0.310917  0.215344  0.391081  0.175748  0.340433  0.509124  0.349903  0.433868  0.338924  0.321733  0.459799  0.344308  0.368083  0.391484  0.534724  0.437558  0.346591  0.324708  0.437139  0.418080  0.524308  0.277153  0.251822  0.276277  0.298971  0.450099  0.383687  0.817003  0.413697  0.164361  0.776333  0.348625  0.277197  0.731083  0.459178  0.333942  0.401660  0.732757  0.917375  0.324504  0.329439  0.381157 0.0  0.402676  0.306392  0.328480  0.838008  0.658609  0.343590  0.493954  0.368542  0.283354  0.339131  0.020973  0.302197  0.427092  0.404921  0.277707  0.468519  0.336120  0.212608  0.446251  0.709722 
53  0.386094  0.056594  0.411827  0.429192  0.344100  0.087373  0.621383  0.381277  0.283892  0.319449  0.219004  0.298931  0.540629  0.494145  0.476978  0.057974  0.426823  0.112658  0.246914  0.332063  0.483398  0.209691  0.289427  0.417014  0.619233  0.348609  0.341697  0.613344  0.321038  0.458011  0.549823  0.344415  0.486891  0.444442  0.182759  0.166404  0.335891  0.879338  0.337976  0.199276  0.821202  0.307340  0.281148  0.747808  0.415679  0.461189  0.330334  0.877055  0.950809  0.272511  0.217655  0.500177  0.402676 0.0  0.344873  0.192488  0.974561  0.793077  0.263436  0.503485  0.417714  0.420674  0.358073  0.394706  0.368167  0.441324  0.222382  0.259838  0.395179  0.293179  0.452134  0.416345  0.843952 
