73
0 0.0  0.254552  0.243264  0.090075  0.068476  0.251951  0.493407  0.226594  0.090419  0.095120  0.083221  0.428882  0.375965  0.031417  0.089718  0.093848  0.085712  0.274405  0.172224  0.040819  0.423708  0.502423  0.430517  0.051804  0.362822  0.307077  0.605070  0.055882  0.214378  0.193129  0.033672  0.063779  0.289749  0.491519  0.383390  0.062734  0.038033  0.144730  0.426891  0.557037  0.377598  0.029132  0.158822  0.335645  0.403388  0.000000  0.280671  0.144674  0.356683  0.840340  0.387629  0.062695  0.709130  0.068448  0.677303  0.410347  0.264928  0.314544  0.554643  0.045503  0.158159  0.000000  0.202575  0.434277  0.133632  0.532310  0.157468  0.128994  0.173068  0.000000  0.000000  0.025877  0.390622 
1  0.254552 0.0  0.097839  0.302065  0.337774  0.295805  0.352894  0.282146  0.133593  0.311995  0.327583  0.232559  0.311521  0.159268  0.255300  0.309746  0.280237  0.286363  0.258893  0.374051  0.259304  0.536728  0.300590  0.327162  0.364746  0.359042  0.771457  0.313393  0.332209  0.416653  0.260132  0.369923  0.243408  0.739841  0.247527  0.273506  0.289409  0.147865  0.631825  0.342591  0.722175  0.261982  0.237091  0.291178  0.362309  0.220936  0.303724  0.252800  0.163513  0.686240  0.278613  0.273130  0.655545  0.338850  0.721268  0.504026  0.415094  0.274762  0.678511  0.219437  0.271098  0.302171  0.334504  0.245600  0.304057  0.720996  0.374562  0.269387  0.239678  0.344769  0.358638  0.327382  0.293540 
2  0.243264  0.097839 0.0  0.168683  0.075541  0.199977  0.546582  0.310566  0.031878  0.128910  0.212567  0.399503  0.368556  0.135693  0.038982  0.027070  0.037800  0.214206  0.059809  0.067259  0.305176  0.340959  0.380194  0.087099  0.468667  0.178536  0.619557  0.116580  0.416899  0.127479  0.132786  0.066754  0.214696  0.449604  0.389072  0.134818  0.126698  0.181682  0.444175  0.413038  0.464918  0.090876  0.086624  0.297750  0.504748  0.013651  0.203789  0.219581  0.361694  0.696884  0.442610  0.061346  0.625378  0.086512  0.706630  0.484178  0.121937  0.400682  0.650863  0.101033  0.270201  0.147885  0.335084  0.421036  0.006249  0.369259  0.040131  0.109088  0.076554  0.096297  0.075146  0.170004  0.408909 
3  0.090075  0.302065  0.168683 0.0  0.098795  0.000000  0.488284  0.487762  0.000000  0.213946  0.158158  0.353794  0.537069  0.263913  0.269880  0.000000  0.054265  0.072939  0.250980  0.135269  0.413412  0.322865  0.494987  0.079954  0.365572  0.090094  0.714637  0.158440  0.237228  0.157625  0.020436  0.115966  0.288933  0.647660  0.426698  0.219962  0.199456  0.194532  0.643800  0.299446  0.522156  0.093481  0.105800  0.290262  0.370225  0.270886  0.307564  0.196716  0.488945  0.754610  0.522354  0.214928  0.655890  0.044611  0.536082  0.375750  0.104143  0.380136  0.677201  0.166413  0.204426  0.306505  0.313231  0.274319  0.306665  0.742043  0.176845  0.150815  0.122409  0.335628  0.064099  0.086509  0.167295 
4  0.068476  0.337774  0.075541  0.098795 0.0  0.235468  0.349295  0.392494  0.217070  0.058768  0.110105  0.224451  0.347797  0.013127  0.104051  0.089347  0.244274  0.133726  0.049593  0.000000  0.345060  0.370341  0.370213  0.213162  0.444962  0.071652  0.625563  0.084997  0.381951  0.181159  0.013500  0.025958  0.279186  0.594384  0.484661  0.054182  0.270099  0.234795  0.592500  0.475418  0.763470  0.196031  0.148670  0.241666  0.373326  0.101800  0.397071  0.074588  0.463895  0.695909  0.419869  0.083001  0.584638  0.115154  0.598281  0.517548  0.194993  0.310622  0.616406  0.200365  0.365088  0.109155  0.294610  0.253243  0.094678  0.482980  0.122487  0.000000  0.099246  0.150972  0.273205  0.125759  0.201167 
5  0.251951  0.295805  0.199977  0.000000  0.235468 0.0  0.617754  0.404495  0.169795  0.000000  0.159873  0.449562  0.302678  0.053544  0.028208  0.000000  0.096399  0.197820  0.184946  0.182263  0.390981  0.304754  0.542409  0.061722  0.522031  0.277983  0.562580  0.156760  0.381049  0.117980  0.025578  0.253818  0.384556  0.624797  0.298804  0.050864  0.129250  0.102409  0.504079  0.353216  0.522780  0.090919  0.097855  0.208152  0.415890  0.066058  0.249015  0.263481  0.301185  0.700728  0.307618  0.230782  0.701224  0.007179  0.659259  0.447256  0.284920  0.495195  0.468876  0.209219  0.200750  0.218953  0.243509  0.313479  0.000000  0.501729  0.147881  0.059566  0.166761  0.127954  0.130650  0.003586  0.311233 
6  0.493407  0.352894  0.546582  0.488284  0.349295  0.617754 0.0  0.343153  0.393756  0.375754  0.540159  0.051306  0.401343  0.296196  0.271391  0.340471  0.222454  0.605443  0.400415  0.401000  0.117251  0.652517  0.418032  0.322698  0.429860  0.581273  0.794063  0.363827  0.344356  0.402219  0.429546  0.340534  0.235204  0.903168  0.351592  0.313025  0.439356  0.538691  0.501373  0.409331  0.752604  0.318133  0.364792  0.310671  0.025583  0.326607  0.408360  0.402715  0.266636  0.796486  0.292039  0.402739  0.784776  0.383643  0.909017  0.510233  0.565906  0.025659  0.807376  0.482618  0.337385  0.435572  0.269325  0.344144  0.221162  0.825281  0.461468  0.346026  0.463970  0.439970  0.387883  0.429363  0.353693 
7  0.226594  0.282146  0.310566  0.487762  0.392494  0.404495  0.343153 0.0  0.305194  0.483150  0.508831  0.428228  0.235110  0.490654  0.558688  0.378700  0.357196  0.437719  0.433244  0.522915  0.418135  0.767847  0.234120  0.397626  0.153828  0.386562  0.918382  0.608340  0.322243  0.350502  0.213044  0.484956  0.320230  0.867122  0.276339  0.524377  0.470224  0.492277  0.514592  0.124200  0.814278  0.353571  0.349855  0.245117  0.326351  0.450912  0.240523  0.324903  0.151983  0.666766  0.228507  0.573030  0.805171  0.524495  0.718126  0.515690  0.295267  0.245700  0.844890  0.407307  0.217417  0.537895  0.207534  0.355562  0.485096  1.000000  0.524199  0.569351  0.511753  0.613361  0.350592  0.369017  0.272373 
8  0.090419  0.133593  0.031878  0.000000  0.217070  0.169795  0.393756  0.305194 0.0  0.056120  0.206226  0.383026  0.393465  0.138971  0.035777  0.190431  0.269748  0.044521  0.153147  0.161580  0.425481  0.413812  0.461414  0.252298  0.398999  0.086492  0.528634  0.135548  0.277545  0.053504  0.119587  0.044051  0.327900  0.607779  0.466114  0.095145  0.105156  0.212406  0.538294  0.380701  0.664537  0.231560  0.122444  0.213406  0.318541  0.045968  0.250271  0.130857  0.320651  0.669374  0.426019  0.047380  0.626514  0.056312  0.502647  0.544642  0.045330  0.497047  0.544901  0.124377  0.316688  0.210933  0.188899  0.249502  0.000000  0.470408  0.085238  0.125133  0.052579  0.202501  0.260192  0.226739  0.246736 
9  0.095120  0.311995  0.128910  0.213946  0.058768  0.000000  0.375754  0.483150  0.056120 0.0  0.161707  0.416153  0.585618  0.242214  0.152167  0.043816  0.017747  0.069641  0.149619  0.368229  0.417821  0.371591  0.532626  0.034846  0.401903  0.040233  0.635097  0.236729  0.261099  0.138565  0.256519  0.073008  0.429426  0.580286  0.536671  0.132645  0.195618  0.155760  0.492869  0.474966  0.542033  0.038541  0.069883  0.301442  0.377854  0.184507  0.315396  0.103048  0.463548  0.654816  0.497369  0.168586  0.645738  0.194417  0.508515  0.526925  0.036061  0.476479  0.564301  0.073406  0.218520  0.208133  0.281103  0.160365  0.237821  0.593303  0.255602  0.208305  0.195869  0.198376  0.092444  0.224592  0.326047 
10  0.083221  0.327583  0.212567  0.158158  0.110105  0.159873  0.540159  0.508831  0.206226  0.161707 0.0  0.535103  0.422599  0.157555  0.145857  0.182438  0.178899  0.249094  0.035776  0.040040  0.471851  0.339099  0.469108  0.131576  0.564743  0.113992  0.585213  0.053607  0.205947  0.093969  0.179512  0.113547  0.281070  0.628511  0.376113  0.134506  0.135870  0.130892  0.553423  0.512650  0.636975  0.190278  0.000000  0.338144  0.472054  0.192164  0.328310  0.099753  0.365403  0.679502  0.348729  0.250604  0.604131  0.143550  0.589971  0.493934  0.188719  0.467300  0.568504  0.080691  0.235991  0.128186  0.250099  0.259273  0.220354  0.552176  0.034497  0.310011  0.220827  0.009730  0.156744  0.235292  0.289335 
11  0.428882  0.232559  0.399503  0.353794  0.224451  0.449562  0.051306  0.428228  0.383026  0.416153  0.535103 0.0  0.309632  0.433598  0.358245  0.320024  0.399410  0.387169  0.452589  0.435468  0.190776  0.704417  0.250439  0.412565  0.524411  0.297186  0.683438  0.353699  0.434944  0.485052  0.250090  0.271135  0.377361  0.875190  0.270387  0.417351  0.555252  0.411453  0.481546  0.408647  0.758362  0.394389  0.340220  0.273655  0.393929  0.350415  0.357043  0.332121  0.341239  0.733386  0.308146  0.353992  0.788357  0.257808  0.829129  0.553021  0.395154  0.234831  0.830506  0.424122  0.334870  0.529494  0.266755  0.341895  0.215782  0.865567  0.368786  0.380948  0.341383  0.328606  0.277677  0.423614  0.256825 
12  0.375965  0.311521  0.368556  0.537069  0.347797  0.302678  0.401343  0.235110  0.393465  0.585618  0.422599  0.309632 0.0  0.423908  0.465771  0.354268  0.358714  0.411420  0.399469  0.408835  0.318710  0.587111  0.260073  0.378028  0.341779  0.443845  0.956519  0.525301  0.279305  0.459244  0.292078  0.336725  0.304138  0.810762  0.225471  0.636805  0.553307  0.520487  0.509220  0.213256  0.887087  0.350012  0.327418  0.261869  0.460429  0.563520  0.246387  0.251529  0.262052  0.744292  0.247874  0.573135  0.987900  0.520245  0.794199  0.582254  0.343654  0.413266  0.923492  0.332088  0.279903  0.523504  0.320259  0.289581  0.508193  0.863251  0.442241  0.476029  0.534103  0.576395  0.318256  0.381327  0.235523 
13  0.031417  0.159268  0.135693  0.263913  0.013127  0.053544  0.296196  0.490654  0.138971  0.242214  0.157555  0.433598  0.423908 0.0  0.207275  0.030687  0.107182  0.160242  0.180540  0.140265  0.286209  0.343292  0.495501  0.000000  0.525184  0.081275  0.524321  0.318811  0.266099  0.098719  0.071915  0.149849  0.252223  0.640263  0.603410  0.206368  0.199229  0.145756  0.464177  0.366592  0.606662  0.181149  0.070179  0.317671  0.367562  0.210426  0.191222  0.080233  0.488299  0.723425  0.405969  0.321514  0.608266  0.245967  0.578205  0.546759  0.070789  0.417168  0.550002  0.179044  0.218177  0.192120  0.265048  0.205579  0.169627  0.643939  0.199405  0.334481  0.168495  0.167126  0.000000  0.139462  0.278427 
14  0.089718  0.255300  0.038982  0.269880  0.104051  0.028208  0.271391  0.558688  0.035777  0.152167  0.145857  0.358245  0.465771  0.207275 0.0  0.140519  0.070263  0.000836  0.089753  0.112040  0.498518  0.415444  0.368791  0.044383  0.424026  0.064176  0.529749  0.237868  0.252530  0.024254  0.060910  0.100788  0.373435  0.601713  0.483663  0.078696  0.090550  0.159159  0.511155  0.574322  0.546807  0.095531  0.031087  0.364745  0.344801  0.211818  0.357222  0.000000  0.618358  0.675160  0.467231  0.180918  0.597193  0.220335  0.472808  0.570208  0.068328  0.355301  0.510774  0.058338  0.243109  0.286837  0.266074  0.304542  0.135351  0.584973  0.157680  0.139468  0.198922  0.207194  0.012620  0.127166  0.218424 
15  0.093848  0.309746  0.027070  0.000000  0.089347  0.000000  0.340471  0.378700  0.190431  0.043816  0.182438  0.320024  0.354268  0.030687  0.140519 0.0  0.236940  0.098368  0.263674  0.085520  0.370184  0.375109  0.279911  0.232534  0.387628  0.160617  0.535693  0.095484  0.304994  0.124031  0.156990  0.047100  0.273564  0.656550  0.366714  0.023833  0.213611  0.117400  0.491241  0.372689  0.527272  0.257298  0.250641  0.348705  0.465966  0.078872  0.371270  0.232267  0.330227  0.792674  0.452447  0.143817  0.601311  0.064334  0.456598  0.500430  0.012599  0.418780  0.666386  0.043082  0.306266  0.081834  0.250625  0.308231  0.178197  0.505743  0.142143  0.161731  0.000000  0.000000  0.231249  0.170885  0.236728 
16  0.085712  0.280237  0.037800  0.054265  0.244274  0.096399  0.222454  0.357196  0.269748  0.017747  0.178899  0.399410  0.358714  0.107182  0.070263  0.236940 0.0  0.012085  0.120868  0.052830  0.391773  0.348963  0.400910  0.136196  0.278508  0.163375  0.520372  0.179976  0.272986  0.064970  0.092176  0.173296  0.375348  0.525038  0.373220  0.000000  0.263516  0.081275  0.541086  0.552460  0.738208  0.309591  0.299967  0.157587  0.248369  0.118044  0.309987  0.111332  0.494397  0.731410  0.402919  0.000000  0.630023  0.107166  0.576878  0.483062  0.075526  0.264282  0.506880  0.138829  0.228714  0.000000  0.365672  0.244981  0.028438  0.579623  0.060904  0.158258  0.101550  0.211306  0.312691  0.077095  0.294532 
17  0.274405  0.286363  0.214206  0.072939  0.133726  0.197820  0.605443  0.437719  0.044521  0.069641  0.249094  0.387169  0.411420  0.160242  0.000836  0.098368  0.012085 0.0  0.114682  0.038881  0.384259  0.395627  0.408164  0.015985  0.459200  0.298130  0.583967  0.116081  0.358428  0.129176  0.128182  0.091432  0.326349  0.625121  0.324441  0.074388  0.161096  0.204898  0.431944  0.457883  0.506590  0.131189  0.035997  0.331606  0.345861  0.141429  0.290861  0.253596  0.458345  0.793307  0.400601  0.053759  0.567827  0.065426  0.601136  0.493396  0.201193  0.342280  0.484473  0.148908  0.332119  0.099009  0.326332  0.363541  0.091501  0.499474  0.024175  0.086510  0.047800  0.057352  0.224788  0.097776  0.410356 
18  0.172224  0.258893  0.059809  0.250980  0.049593  0.184946  0.400415  0.433244  0.153147  0.149619  0.035776  0.452589  0.399469  0.180540  0.089753  0.263674  0.120868  0.114682 0.0  0.000000  0.408613  0.348196  0.451330  0.115229  0.401159  0.214009  0.596472  0.141783  0.305252  0.076298  0.196905  0.072189  0.233011  0.548620  0.334051  0.128580  0.122477  0.113455  0.456284  0.428748  0.492065  0.099793  0.054133  0.274437  0.371309  0.262312  0.366715  0.143082  0.576117  0.835591  0.508009  0.211377  0.617870  0.152687  0.591397  0.518106  0.167763  0.483713  0.641235  0.054426  0.187014  0.154584  0.337182  0.313665  0.130934  0.663103  0.138214  0.157357  0.147782  0.070064  0.147673  0.154742  0.294821 
19  0.040819  0.374051  0.067259  0.135269  0.000000  0.182263  0.401000  0.522915  0.161580  0.368229  0.040040  0.435468  0.408835  0.140265  0.112040  0.085520  0.052830  0.038881  0.000000 0.0  0.375790  0.242492  0.496485  0.140925  0.323691  0.116637  0.658008  0.227579  0.286468  0.244660  0.023692  0.000000  0.341271  0.637253  0.488585  0.166245  0.000513  0.130809  0.517198  0.421094  0.658818  0.036683  0.055215  0.377812  0.283185  0.183551  0.446980  0.160559  0.555231  0.718562  0.439035  0.123357  0.544603  0.145680  0.479290  0.501165  0.072636  0.286622  0.575659  0.135029  0.345948  0.172850  0.251862  0.253051  0.263714  0.694846  0.226904  0.260487  0.321683  0.328187  0.126175  0.159991  0.413636 
20  0.423708  0.259304  0.305176  0.413412  0.345060  0.390981  0.117251  0.418135  0.425481  0.417821  0.471851  0.190776  0.318710  0.286209  0.498518  0.370184  0.391773  0.384259  0.408613  0.375790 0.0  0.630340  0.319987  0.300499  0.336500  0.378559  0.881412  0.386527  0.285689  0.341630  0.294448  0.312703  0.298179  0.864346  0.359595  0.240873  0.450261  0.310560  0.405996  0.443513  0.826250  0.313062  0.337821  0.226732  0.108377  0.476139  0.261551  0.512398  0.373017  0.747274  0.227317  0.362424  0.856355  0.417647  0.861428  0.537855  0.288001  0.199530  0.867425  0.450503  0.304200  0.299932  0.284782  0.244550  0.340480  0.788352  0.393719  0.377373  0.371547  0.336878  0.416381  0.357733  0.415958 
21  0.502423  0.536728  0.340959  0.322865  0.370341  0.304754  0.652517  0.767847  0.413812  0.371591  0.339099  0.704417  0.587111  0.343292  0.415444  0.375109  0.348963  0.395627  0.348196  0.242492  0.630340 0.0  0.827811  0.279976  0.725092  0.403845  0.312635  0.434426  0.548712  0.434892  0.395683  0.251091  0.455766  0.276048  0.674043  0.308137  0.369195  0.290235  0.473611  0.631380  0.401336  0.379546  0.385058  0.451217  0.748587  0.416162  0.581063  0.318350  0.600902  0.574467  0.736660  0.313958  0.403752  0.405658  0.330998  0.539103  0.388436  0.694707  0.410100  0.266438  0.613615  0.404815  0.443091  0.498730  0.341335  0.293662  0.352896  0.424567  0.362351  0.444745  0.512614  0.382371  0.543274 
22  0.430517  0.300590  0.380194  0.494987  0.370213  0.542409  0.418032  0.234120  0.461414  0.532626  0.469108  0.250439  0.260073  0.495501  0.368791  0.279911  0.400910  0.408164  0.451330  0.496485  0.319987  0.827811 0.0  0.411797  0.185625  0.279245  0.983784  0.452641  0.185794  0.404959  0.412739  0.334473  0.215619  0.823740  0.121683  0.424943  0.462992  0.402685  0.412719  0.115228  0.690454  0.453148  0.425871  0.258850  0.379162  0.567208  0.340204  0.324963  0.170062  0.802732  0.300953  0.439498  0.884417  0.546563  0.871359  0.517534  0.361361  0.381817  0.926806  0.437481  0.187977  0.550220  0.247481  0.229607  0.520963  0.961393  0.590507  0.487544  0.577264  0.357614  0.442523  0.550999  0.308268 
23  0.051804  0.327162  0.087099  0.079954  0.213162  0.061722  0.322698  0.397626  0.252298  0.034846  0.131576  0.412565  0.378028  0.000000  0.044383  0.232534  0.136196  0.015985  0.115229  0.140925  0.300499  0.279976  0.411797 0.0  0.414741  0.000000  0.548157  0.093932  0.325005  0.097855  0.107287  0.000000  0.370762  0.550282  0.348975  0.174029  0.227317  0.157486  0.505790  0.397516  0.662537  0.226805  0.274822  0.286968  0.379405  0.080831  0.269738  0.122257  0.363498  0.726336  0.417809  0.060933  0.564058  0.201136  0.658774  0.529166  0.149086  0.309081  0.610682  0.221073  0.097764  0.000000  0.309864  0.174107  0.107271  0.616964  0.168685  0.000000  0.109113  0.136548  0.280223  0.198279  0.248305 
24  0.362822  0.364746  0.468667  0.365572  0.444962  0.522031  0.429860  0.153828  0.398999  0.401903  0.564743  0.524411  0.341779  0.525184  0.424026  0.387628  0.278508  0.459200  0.401159  0.323691  0.336500  0.725092  0.185625  0.414741 0.0  0.524935  0.942672  0.480946  0.465923  0.421111  0.525931  0.500971  0.251497  0.895023  0.028887  0.440022  0.340899  0.380684  0.404222  0.229854  0.860792  0.409996  0.481615  0.350007  0.476581  0.413692  0.305955  0.474617  0.109328  0.729192  0.121665  0.509280  0.861058  0.389758  0.846760  0.589921  0.504541  0.443311  0.943582  0.498944  0.274127  0.352501  0.294197  0.390303  0.534158  0.830371  0.399653  0.453755  0.352874  0.477648  0.392034  0.516788  0.208555 
25  0.307077  0.359042  0.178536  0.090094  0.071652  0.277983  0.581273  0.386562  0.086492  0.040233  0.113992  0.297186  0.443845  0.081275  0.064176  0.160617  0.163375  0.298130  0.214009  0.116637  0.378559  0.403845  0.279245  0.000000  0.524935 0.0  0.514558  0.072125  0.273653  0.096158  0.095264  0.168061  0.166620  0.663507  0.409303  0.000000  0.089605  0.101134  0.505113  0.558804  0.442962  0.191219  0.085190  0.161701  0.454967  0.000000  0.207366  0.278614  0.370941  0.862084  0.363148  0.112362  0.522072  0.067186  0.665397  0.545244  0.263075  0.344800  0.662448  0.171449  0.315095  0.113584  0.263083  0.311427  0.037963  0.566136  0.092604  0.086714  0.156938  0.103097  0.077425  0.112433  0.351886 
26  0.605070  0.771457  0.619557  0.714637  0.625563  0.562580  0.794063  0.918382  0.528634  0.635097  0.585213  0.683438  0.956519  0.524321  0.529749  0.535693  0.520372  0.583967  0.596472  0.658008  0.881412  0.312635  0.983784  0.548157  0.942672  0.514558 0.0  0.659948  0.741095  0.593583  0.490651  0.456174  0.709948  0.214769  0.905516  0.676024  0.536556  0.700532  0.530150  0.865827  0.099753  0.642947  0.539191  0.822358  0.828694  0.737618  0.774835  0.556808  0.943673  0.819675  0.961090  0.600496  0.600472  0.672281  0.090734  0.489404  0.530598  0.766599  0.015285  0.611764  0.816473  0.664532  0.674136  0.688943  0.675146  0.702233  0.705116  0.651058  0.805071  0.619546  0.540080  0.643682  0.830881 
27  0.055882  0.313393  0.116580  0.158440  0.084997  0.156760  0.363827  0.608340  0.135548  0.236729  0.053607  0.353699  0.525301  0.318811  0.237868  0.095484  0.179976  0.116081  0.141783  0.227579  0.386527  0.434426  0.452641  0.093932  0.480946  0.072125  0.659948 0.0  0.401052  0.141258  0.095897  0.089996  0.205952  0.587981  0.540531  0.102222  0.046747  0.150045  0.457428  0.337166  0.529356  0.139448  0.092313  0.199757  0.362905  0.244152  0.328074  0.027070  0.463551  0.844597  0.465371  0.188991  0.588560  0.229333  0.483611  0.612339  0.004572  0.376027  0.655749  0.159327  0.104511  0.178334  0.225714  0.240029  0.214961  0.660843  0.179525  0.222376  0.244152  0.169700  0.061090  0.110717  0.294643 
28  0.214378  0.332209  0.416899  0.237228  0.381951  0.381049  0.344356  0.322243  0.277545  0.261099  0.205947  0.434944  0.279305  0.266099  0.252530  0.304994  0.272986  0.358428  0.305252  0.286468  0.285689  0.548712  0.185794  0.325005  0.465923  0.273653  0.741095  0.401052 0.0  0.300363  0.270603  0.218735  0.178735  0.761150  0.292882  0.407937  0.250354  0.265087  0.395802  0.262575  0.766780  0.322138  0.311796  0.339554  0.315858  0.417268  0.436427  0.282471  0.394458  0.860444  0.216288  0.284793  0.616791  0.173151  0.740522  0.546034  0.337787  0.226879  0.743183  0.209057  0.433495  0.282369  0.256027  0.411647  0.345607  0.840959  0.274018  0.282592  0.302018  0.389466  0.113027  0.258633  0.256427 
29  0.193129  0.416653  0.127479  0.157625  0.181159  0.117980  0.402219  0.350502  0.053504  0.138565  0.093969  0.485052  0.459244  0.098719  0.024254  0.124031  0.064970  0.129176  0.076298  0.244660  0.341630  0.434892  0.404959  0.097855  0.421111  0.096158  0.593583  0.141258  0.300363 0.0  0.090880  0.000000  0.294628  0.534921  0.321144  0.157071  0.229372  0.082902  0.448191  0.488421  0.665333  0.130747  0.000000  0.363229  0.540632  0.286067  0.238036  0.116115  0.427086  0.663911  0.522876  0.040786  0.642036  0.078523  0.572788  0.594970  0.145552  0.366271  0.575580  0.209638  0.347770  0.198921  0.211981  0.288793  0.223762  0.593150  0.167482  0.139452  0.124509  0.101557  0.128428  0.177740  0.285881 
30  0.033672  0.260132  0.132786  0.020436  0.013500  0.025578  0.429546  0.213044  0.119587  0.256519  0.179512  0.250090  0.292078  0.071915  0.060910  0.156990  0.092176  0.128182  0.196905  0.023692  0.294448  0.395683  0.412739  0.107287  0.525931  0.095264  0.490651  0.095897  0.270603  0.090880 0.0  0.177036  0.264366  0.664927  0.518724  0.070380  0.165093  0.096520  0.587692  0.430279  0.519496  0.025345  0.001051  0.215269  0.248588  0.152723  0.276900  0.033281  0.358547  0.786413  0.418230  0.000378  0.433377  0.137684  0.580132  0.565141  0.138891  0.439380  0.570354  0.221824  0.285407  0.031936  0.361788  0.304115  0.234799  0.294266  0.000000  0.005907  0.017952  0.097945  0.110276  0.068351  0.190956 
31  0.063779  0.369923  0.066754  0.115966  0.025958  0.253818  0.340534  0.484956  0.044051  0.073008  0.113547  0.271135  0.336725  0.149849  0.100788  0.047100  0.173296  0.091432  0.072189  0.000000  0.312703  0.251091  0.334473  0.000000  0.500971  0.168061  0.456174  0.089996  0.218735  0.000000  0.177036 0.0  0.242102  0.598394  0.404211  0.115794  0.279927  0.189089  0.400880  0.444500  0.490538  0.046628  0.227880  0.229561  0.401755  0.136939  0.322395  0.000000  0.394644  0.734944  0.373459  0.133803  0.577299  0.026796  0.635067  0.628173  0.028308  0.392688  0.512140  0.154505  0.297804  0.052894  0.348697  0.243288  0.000000  0.435268  0.022898  0.083746  0.000000  0.126347  0.205300  0.092539  0.304656 
32  0.289749  0.243408  0.214696  0.288933  0.279186  0.384556  0.235204  0.320230  0.327900  0.429426  0.281070  0.377361  0.304138  0.252223  0.373435  0.273564  0.375348  0.326349  0.233011  0.341271  0.298179  0.455766  0.215619  0.370762  0.251497  0.166620  0.709948  0.205952  0.178735  0.294628  0.264366  0.242102 0.0  0.716678  0.312412  0.266587  0.275188  0.270002  0.575975  0.335074  0.786217  0.328841  0.244762  0.372155  0.222124  0.263059  0.341288  0.217212  0.224961  0.758770  0.176071  0.319199  0.646646  0.205249  0.679795  0.404387  0.304745  0.332385  0.721337  0.363674  0.244139  0.164198  0.125758  0.272543  0.298491  0.809812  0.300087  0.304296  0.258889  0.244075  0.278032  0.244649  0.328616 
33  0.491519  0.739841  0.449604  0.647660  0.594384  0.624797  0.903168  0.867122  0.607779  0.580286  0.628511  0.875190  0.810762  0.640263  0.601713  0.656550  0.525038  0.625121  0.548620  0.637253  0.864346  0.276048  0.823740  0.550282  0.895023  0.663507  0.214769  0.587981  0.761150  0.534921  0.664927  0.598394  0.716678 0.0  0.932738  0.497108  0.500499  0.658622  0.416986  0.878116  0.100645  0.586051  0.617063  0.718238  0.877551  0.640638  0.685373  0.578659  0.917204  0.722382  0.824954  0.590640  0.661950  0.545177  0.204942  0.557848  0.604616  0.885863  0.170902  0.620138  0.797564  0.638001  0.702578  0.787309  0.587322  0.578871  0.603380  0.658930  0.612577  0.482313  0.639268  0.596231  0.702496 
34  0.383390  0.247527  0.389072  0.426698  0.484661  0.298804  0.351592  0.276339  0.466114  0.536671  0.376113  0.270387  0.225471  0.603410  0.483663  0.366714  0.373220  0.324441  0.334051  0.488585  0.359595  0.674043  0.121683  0.348975  0.028887  0.409303  0.905516  0.540531  0.292882  0.321144  0.518724  0.404211  0.312412  0.932738 0.0  0.562678  0.378264  0.519915  0.559043  0.188337  0.753491  0.374653  0.403327  0.384168  0.364539  0.571928  0.290036  0.288522  0.281783  0.669429  0.205936  0.498284  0.881381  0.435137  0.890269  0.518773  0.445746  0.402930  0.819283  0.480404  0.272429  0.567467  0.334160  0.259998  0.477144  0.903188  0.535144  0.506030  0.491016  0.563894  0.290283  0.461784  0.347851 
35  0.062734  0.273506  0.134818  0.219962  0.054182  0.050864  0.313025  0.524377  0.095145  0.132645  0.134506  0.417351  0.636805  0.206368  0.078696  0.023833  0.000000  0.074388  0.128580  0.166245  0.240873  0.308137  0.424943  0.174029  0.440022  0.000000  0.676024  0.102222  0.407937  0.157071  0.070380  0.115794  0.266587  0.497108  0.562678 0.0  0.192984  0.120771  0.525279  0.424913  0.481648  0.045514  0.122468  0.305746  0.376523  0.291700  0.335248  0.165766  0.602016  0.798334  0.544100  0.225496  0.389389  0.391589  0.636302  0.609682  0.094440  0.313211  0.590021  0.220379  0.283819  0.313627  0.299813  0.270637  0.161820  0.663883  0.143650  0.146384  0.265393  0.148421  0.094442  0.182732  0.427835 
36  0.038033  0.289409  0.126698  0.199456  0.270099  0.129250  0.439356  0.470224  0.105156  0.195618  0.135870  0.555252  0.553307  0.199229  0.090550  0.213611  0.263516  0.161096  0.122477  0.000513  0.450261  0.369195  0.462992  0.227317  0.340899  0.089605  0.536556  0.046747  0.250354  0.229372  0.165093  0.279927  0.275188  0.500499  0.378264  0.192984 0.0  0.158199  0.461259  0.467902  0.624599  0.171770  0.173517  0.236469  0.321317  0.175287  0.427847  0.096686  0.326695  0.695128  0.447344  0.206205  0.586090  0.171416  0.525011  0.447800  0.113139  0.593192  0.661204  0.131693  0.385058  0.162719  0.479642  0.339319  0.010831  0.573763  0.139631  0.183613  0.255750  0.145972  0.062798  0.160484  0.362384 
37  0.144730  0.147865  0.181682  0.194532  0.234795  0.102409  0.538691  0.492277  0.212406  0.155760  0.130892  0.411453  0.520487  0.145756  0.159159  0.117400  0.081275  0.204898  0.113455  0.130809  0.310560  0.290235  0.402685  0.157486  0.380684  0.101134  0.700532  0.150045  0.265087  0.082902  0.096520  0.189089  0.270002  0.658622  0.519915  0.120771  0.158199 0.0  0.435105  0.389523  0.496159  0.234044  0.068705  0.300375  0.476350  0.016551  0.225950  0.149549  0.376120  0.843721  0.394370  0.182544  0.732362  0.236933  0.510737  0.433929  0.153376  0.510718  0.622341  0.147899  0.333336  0.076906  0.280332  0.273424  0.130801  0.664512  0.107909  0.108410  0.224670  0.168472  0.105555  0.014000  0.336162 
38  0.426891  0.631825  0.444175  0.643800  0.592500  0.504079  0.501373  0.514592  0.538294  0.492869  0.553423  0.481546  0.509220  0.464177  0.511155  0.491241  0.541086  0.431944  0.456284  0.517198  0.405996  0.473611  0.412719  0.505790  0.404222  0.505113  0.530150  0.457428  0.395802  0.448191  0.587692  0.400880  0.575975  0.416986  0.559043  0.525279  0.461259  0.435105 0.0  0.601136  0.615241  0.415107  0.522352  0.585639  0.528306  0.601791  0.452188  0.488514  0.559481  0.495952  0.592068  0.551380  0.584195  0.542571  0.497206  0.533955  0.552197  0.572966  0.503057  0.540866  0.429051  0.621175  0.490677  0.507904  0.412616  0.483970  0.492996  0.454694  0.584104  0.458845  0.469292  0.427851  0.412186 
39  0.557037  0.342591  0.413038  0.299446  0.475418  0.353216  0.409331  0.124200  0.380701  0.474966  0.512650  0.408647  0.213256  0.366592  0.574322  0.372689  0.552460  0.457883  0.428748  0.421094  0.443513  0.631380  0.115228  0.397516  0.229854  0.558804  0.865827  0.337166  0.262575  0.488421  0.430279  0.444500  0.335074  0.878116  0.188337  0.424913  0.467902  0.389523  0.601136 0.0  0.905224  0.348880  0.503425  0.409851  0.456657  0.395169  0.295318  0.497019  0.241353  0.685005  0.184099  0.508964  0.878891  0.426415  0.758616  0.495149  0.422873  0.455509  0.859504  0.637243  0.283398  0.378871  0.293226  0.269097  0.369474  0.849087  0.417815  0.398433  0.431387  0.388789  0.487686  0.467103  0.312723 
40  0.377598  0.722175  0.464918  0.522156  0.763470  0.522780  0.752604  0.814278  0.664537  0.542033  0.636975  0.758362  0.887087  0.606662  0.546807  0.527272  0.738208  0.506590  0.492065  0.658818  0.826250  0.401336  0.690454  0.662537  0.860792  0.442962  0.099753  0.529356  0.766780  0.665333  0.519496  0.490538  0.786217  0.100645  0.753491  0.481648  0.624599  0.496159  0.615241  0.905224 0.0  0.624914  0.658747  0.691949  0.793251  0.459808  0.666497  0.513218  0.855167  0.833549  0.793912  0.526229  0.570172  0.583252  0.058512  0.465119  0.613503  0.841837  0.245028  0.636574  0.716139  0.508941  0.772716  0.745854  0.529881  0.452152  0.645018  0.511958  0.516232  0.533382  0.626629  0.644655  0.812119 
41  0.029132  0.261982  0.090876  0.093481  0.196031  0.090919  0.318133  0.353571  0.231560  0.038541  0.190278  0.394389  0.350012  0.181149  0.095531  0.257298  0.309591  0.131189  0.099793  0.036683  0.313062  0.379546  0.453148  0.226805  0.409996  0.191219  0.642947  0.139448  0.322138  0.130747  0.025345  0.046628  0.328841  0.586051  0.374653  0.045514  0.171770  0.234044  0.415107  0.348880  0.624914 0.0  0.355604  0.300384  0.437611  0.020347  0.230233  0.115930  0.429148  0.743840  0.382723  0.118083  0.580144  0.039443  0.468248  0.446784  0.100703  0.403676  0.626642  0.210610  0.225258  0.095493  0.273240  0.254516  0.025694  0.452745  0.046444  0.126670  0.184491  0.000000  0.143198  0.135242  0.301668 
42  0.158822  0.237091  0.086624  0.105800  0.148670  0.097855  0.364792  0.349855  0.122444  0.069883  0.000000  0.340220  0.327418  0.070179  0.031087  0.250641  0.299967  0.035997  0.054133  0.055215  0.337821  0.385058  0.425871  0.274822  0.481615  0.085190  0.539191  0.092313  0.311796  0.000000  0.001051  0.227880  0.244762  0.617063  0.403327  0.122468  0.173517  0.068705  0.522352  0.503425  0.658747  0.355604 0.0  0.313966  0.328171  0.072163  0.231579  0.000650  0.449243  0.586762  0.396097  0.057140  0.509920  0.096249  0.506946  0.556970  0.164192  0.370525  0.540025  0.196800  0.270634  0.109458  0.447043  0.327639  0.018507  0.532599  0.124464  0.022721  0.119451  0.143582  0.196630  0.278650  0.200229 
43  0.335645  0.291178  0.297750  0.290262  0.241666  0.208152  0.310671  0.245117  0.213406  0.301442  0.338144  0.273655  0.261869  0.317671  0.364745  0.348705  0.157587  0.331606  0.274437  0.377812  0.226732  0.451217  0.258850  0.286968  0.350007  0.161701  0.822358  0.199757  0.339554  0.363229  0.215269  0.229561  0.372155  0.718238  0.384168  0.305746  0.236469  0.300375  0.585639  0.409851  0.691949  0.300384  0.313966 0.0  0.324842  0.266071  0.241252  0.315363  0.307344  0.727681  0.346325  0.366707  0.724681  0.286080  0.804481  0.480367  0.321843  0.344691  0.616633  0.327563  0.402621  0.351916  0.234849  0.253797  0.250615  0.736299  0.289015  0.250222  0.293424  0.349172  0.306377  0.359270  0.303775 
44  0.403388  0.362309  0.504748  0.370225  0.373326  0.415890  0.025583  0.326351  0.318541  0.377854  0.472054  0.393929  0.460429  0.367562  0.344801  0.465966  0.248369  0.345861  0.371309  0.283185  0.108377  0.748587  0.379162  0.379405  0.476581  0.454967  0.828694  0.362905  0.315858  0.540632  0.248588  0.401755  0.222124  0.877551  0.364539  0.376523  0.321317  0.476350  0.528306  0.456657  0.793251  0.437611  0.328171  0.324842 0.0  0.229698  0.380322  0.339214  0.317953  0.720264  0.343064  0.461328  0.911230  0.364879  0.792538  0.551646  0.349361  0.258267  0.895354  0.368473  0.287297  0.369446  0.285122  0.409848  0.432726  0.751969  0.446358  0.270288  0.406953  0.253853  0.439142  0.476074  0.343444 
45  0.000000  0.220936  0.013651  0.270886  0.101800  0.066058  0.326607  0.450912  0.045968  0.184507  0.192164  0.350415  0.563520  0.210426  0.211818  0.078872  0.118044  0.141429  0.262312  0.183551  0.476139  0.416162  0.567208  0.080831  0.413692  0.000000  0.737618  0.244152  0.417268  0.286067  0.152723  0.136939  0.263059  0.640638  0.571928  0.291700  0.175287  0.016551  0.601791  0.395169  0.459808  0.020347  0.072163  0.266071  0.229698 0.0  0.305474  0.071917  0.477686  0.621160  0.549348  0.113173  0.586410  0.202717  0.493054  0.594516  0.160317  0.435203  0.575078  0.137245  0.227856  0.150144  0.333117  0.321152  0.150373  0.569024  0.211974  0.323415  0.248963  0.180541  0.062534  0.075901  0.414078 
46  0.280671  0.303724  0.203789  0.307564  0.397071  0.249015  0.408360  0.240523  0.250271  0.315396  0.328310  0.357043  0.246387  0.191222  0.357222  0.371270  0.309987  0.290861  0.366715  0.446980  0.261551  0.581063  0.340204  0.269738  0.305955  0.207366  0.774835  0.328074  0.436427  0.238036  0.276900  0.322395  0.341288  0.685373  0.290036  0.335248  0.427847  0.225950  0.452188  0.295318  0.666497  0.230233  0.231579  0.241252  0.380322  0.305474 0.0  0.292412  0.365622  0.806937  0.151881  0.325373  0.714742  0.180291  0.745637  0.481109  0.308860  0.247278  0.730110  0.331941  0.311407  0.323783  0.350369  0.341461  0.339864  0.740197  0.228607  0.231951  0.280025  0.170172  0.364466  0.257923  0.336207 
47  0.144674  0.252800  0.219581  0.196716  0.074588  0.263481  0.402715  0.324903  0.130857  0.103048  0.099753  0.332121  0.251529  0.080233  0.000000  0.232267  0.111332  0.253596  0.143082  0.160559  0.512398  0.318350  0.324963  0.122257  0.474617  0.278614  0.556808  0.027070  0.282471  0.116115  0.033281  0.000000  0.217212  0.578659  0.288522  0.165766  0.096686  0.149549  0.488514  0.497019  0.513218  0.115930  0.000650  0.315363  0.339214  0.071917  0.292412 0.0  0.450344  0.701523  0.377938  0.058721  0.541729  0.069445  0.674778  0.610085  0.315416  0.345938  0.661931  0.156918  0.347789  0.000000  0.232260  0.345644  0.240644  0.523302  0.086089  0.152482  0.090627  0.133840  0.108801  0.233908  0.186338 
48  0.356683  0.163513  0.361694  0.488945  0.463895  0.301185  0.266636  0.151983  0.320651  0.463548  0.365403  0.341239  0.262052  0.488299  0.618358  0.330227  0.494397  0.458345  0.576117  0.555231  0.373017  0.600902  0.170062  0.363498  0.109328  0.370941  0.943673  0.463551  0.394458  0.427086  0.358547  0.394644  0.224961  0.917204  0.281783  0.602016  0.326695  0.376120  0.559481  0.241353  0.855167  0.429148  0.449243  0.307344  0.317953  0.477686  0.365622  0.450344 0.0  0.687370  0.122493  0.462070  0.926703  0.474016  0.808104  0.452443  0.388497  0.351044  0.900352  0.430612  0.346309  0.420288  0.303397  0.313442  0.493605  0.929837  0.485737  0.504584  0.582668  0.543978  0.378975  0.436009  0.379246 
49  0.840340  0.686240  0.696884  0.754610  0.695909  0.700728  0.796486  0.666766  0.669374  0.654816  0.679502  0.733386  0.744292  0.723425  0.675160  0.792674  0.731410  0.793307  0.835591  0.718562  0.747274  0.574467  0.802732  0.726336  0.729192  0.862084  0.819675  0.844597  0.860444  0.663911  0.786413  0.734944  0.758770  0.722382  0.669429  0.798334  0.695128  0.843721  0.495952  0.685005  0.833549  0.743840  0.586762  0.727681  0.720264  0.621160  0.806937  0.701523  0.687370 0.0  0.731178  0.726513  0.337145  0.661622  0.584107  0.563009  0.666281  0.851734  0.822378  0.702203  0.730556  0.771923  0.665966  0.820789  0.832422  0.378859  0.624421  0.700325  0.645790  0.729496  0.772171  0.745700  0.739611 
50  0.387629  0.278613  0.442610  0.522354  0.419869  0.307618  0.292039  0.228507  0.426019  0.497369  0.348729  0.308146  0.247874  0.405969  0.467231  0.452447  0.402919  0.400601  0.508009  0.439035  0.227317  0.736660  0.300953  0.417809  0.121665  0.363148  0.961090  0.465371  0.216288  0.522876  0.418230  0.373459  0.176071  0.824954  0.205936  0.544100  0.447344  0.394370  0.592068  0.184099  0.793912  0.382723  0.396097  0.346325  0.343064  0.549348  0.151881  0.377938  0.122493  0.731178 0.0  0.544611  0.732583  0.596935  0.818429  0.570576  0.341469  0.419235  0.903553  0.431447  0.240827  0.597115  0.374309  0.340674  0.594625  0.913261  0.503975  0.450681  0.412269  0.511887  0.356493  0.523518  0.314726 
51  0.062695  0.273130  0.061346  0.214928  0.083001  0.230782  0.402739  0.573030  0.047380  0.168586  0.250604  0.353992  0.573135  0.321514  0.180918  0.143817  0.000000  0.053759  0.211377  0.123357  0.362424  0.313958  0.439498  0.060933  0.509280  0.112362  0.600496  0.188991  0.284793  0.040786  0.000378  0.133803  0.319199  0.590640  0.498284  0.225496  0.206205  0.182544  0.551380  0.508964  0.526229  0.118083  0.057140  0.366707  0.461328  0.113173  0.325373  0.058721  0.462070  0.726513  0.544611 0.0  0.545786  0.282170  0.530260  0.481708  0.114129  0.337288  0.493934  0.224974  0.353936  0.233945  0.275324  0.413152  0.248595  0.705229  0.233211  0.236236  0.216012  0.222438  0.023126  0.137681  0.334678 
52  0.709130  0.655545  0.625378  0.655890  0.584638  0.701224  0.784776  0.805171  0.626514  0.645738  0.604131  0.788357  0.987900  0.608266  0.597193  0.601311  0.630023  0.567827  0.617870  0.544603  0.856355  0.403752  0.884417  0.564058  0.861058  0.522072  0.600472  0.588560  0.616791  0.642036  0.433377  0.577299  0.646646  0.661950  0.881381  0.389389  0.586090  0.732362  0.584195  0.878891  0.570172  0.580144  0.509920  0.724681  0.911230  0.586410  0.714742  0.541729  0.926703  0.337145  0.732583  0.545786 0.0  0.556936  0.492692  0.516750  0.613117  0.941381  0.670273  0.557493  0.782239  0.714386  0.684832  0.712631  0.519716  0.186305  0.607882  0.508518  0.554401  0.590521  0.537931  0.612268  0.826615 
53  0.068448  0.338850  0.086512  0.044611  0.115154  0.007179  0.383643  0.524495  0.056312  0.194417  0.143550  0.257808  0.520245  0.245967  0.220335  0.064334  0.107166  0.065426  0.152687  0.145680  0.417647  0.405658  0.546563  0.201136  0.389758  0.067186  0.672281  0.229333  0.173151  0.078523  0.137684  0.026796  0.205249  0.545177  0.435137  0.391589  0.171416  0.236933  0.542571  0.426415  0.583252  0.039443  0.096249  0.286080  0.364879  0.202717  0.180291  0.069445  0.474016  0.661622  0.596935  0.282170  0.556936 0.0  0.595284  0.621943  0.113336  0.415749  0.688785  0.233494  0.207250  0.258308  0.226666  0.289832  0.144276  0.570150  0.258018  0.249175  0.148194  0.289373  0.035011  0.176588  0.310191 
