73
0 0.0  0.038421  0.635373  0.441146  0.551568  0.011001  0.086615  0.038625  0.420723  0.174855  0.405374  0.118982  0.040285  0.333614  0.280367  0.098307  0.118747  0.337568  0.394401  0.203151  0.304524  0.094112  0.286042  0.589907  0.160774  0.513246  0.539294  0.228650  0.111009  0.009840  0.415407  0.092530  0.376129  0.428257  0.307904  0.249276  0.438959  0.414691  0.263885  0.510929  0.122529  0.362729  0.278855  0.126989  0.167994  0.185487  0.113268  0.241915  0.286504  0.328631  0.074435  0.520423  0.630259  0.223352  0.061313  0.728269  0.537251  0.260400  0.070784  0.356146  0.111892  0.102151  0.152478  0.208749  0.007217  0.000000  0.164504  0.245650  0.334380  0.044660  0.195293  0.502400  0.152410 
1  0.038421 0.0  0.721255  0.367914  0.532526  0.150470  0.053102  0.000000  0.476945  0.362919  0.346542  0.108203  0.010341  0.470285  0.367490  0.100141  0.139211  0.355004  0.346002  0.064201  0.278206  0.000000  0.139203  0.370897  0.244143  0.444051  0.604633  0.100940  0.051568  0.109908  0.404488  0.085964  0.271536  0.490575  0.257929  0.417489  0.346847  0.272997  0.411664  0.537259  0.093201  0.487213  0.075539  0.000100  0.078473  0.254702  0.050213  0.081394  0.384855  0.282355  0.157300  0.556798  0.573740  0.000837  0.088666  0.451506  0.419551  0.059422  0.000000  0.213348  0.154881  0.139142  0.166783  0.405787  0.084718  0.097071  0.109169  0.083062  0.396727  0.155596  0.326932  0.472338  0.033947 
2  0.635373  0.721255 0.0  0.683271  0.755201  0.586832  0.639231  0.619006  0.706076  0.707447  0.805384  0.712479  0.745470  0.803676  0.710902  0.774734  0.722828  0.515570  0.629248  0.762748  0.742184  0.633859  0.684060  0.482483  0.726585  0.388246  0.301670  0.647364  0.646869  0.762543  0.755327  0.816764  0.604340  0.210533  0.714263  0.688054  0.698140  0.732338  0.648528  0.658742  0.663911  0.330392  0.603911  0.642560  0.666294  0.571349  0.694454  0.724469  0.672817  0.668460  0.749470  0.734115  0.546770  0.645008  0.834095  0.210144  0.649787  0.752527  0.743597  0.706357  0.721975  0.607425  0.691368  0.657687  0.582073  0.736445  0.787144  0.691424  0.616246  0.672528  0.624419  0.296795  0.616851 
3  0.441146  0.367914  0.683271 0.0  0.724407  0.307890  0.373030  0.377576  0.722488  0.286138  0.000000  0.235636  0.379977  0.394939  0.054238  0.220496  0.421180  0.609590  0.062936  0.393206  0.253782  0.397696  0.198598  0.446322  0.074105  0.493424  0.864608  0.480256  0.392400  0.407059  0.163847  0.396055  0.041895  0.637087  0.244757  0.049174  0.283731  0.066639  0.382818  0.706759  0.471996  0.718532  0.454382  0.348095  0.490557  0.371931  0.329418  0.489100  0.129696  0.047422  0.393400  0.846969  0.802201  0.401423  0.332248  0.850509  0.903799  0.537175  0.326496  0.077234  0.404324  0.344781  0.592231  0.000000  0.338984  0.410629  0.365914  0.450514  0.234141  0.305497  0.212980  0.860852  0.390903 
4  0.551568  0.532526  0.755201  0.724407 0.0  0.641234  0.415881  0.558262  0.195707  0.716822  0.920768  0.610037  0.592250  0.809290  0.879393  0.574505  0.698595  0.295489  0.856175  0.581325  0.642955  0.680575  0.659134  0.552416  0.770984  0.360342  0.640050  0.465504  0.444762  0.523224  0.782791  0.430276  0.855660  0.722916  0.641610  0.859910  0.815137  0.935879  0.767008  0.171908  0.428748  0.629606  0.558608  0.583556  0.501525  0.517519  0.610572  0.583421  0.778111  0.918259  0.645272  0.160442  0.144423  0.676795  0.602653  0.449842  0.066845  0.404131  0.561667  0.844267  0.541760  0.457878  0.417156  0.851513  0.586914  0.667169  0.613519  0.506275  0.849936  0.597812  0.778119  0.494333  0.410984 
5  0.011001  0.150470  0.586832  0.307890  0.641234 0.0  0.123313  0.137759  0.499879  0.295636  0.416974  0.176178  0.083159  0.475757  0.409032  0.102597  0.112218  0.365732  0.409727  0.125582  0.363362  0.091005  0.228535  0.485562  0.348522  0.535064  0.586093  0.180000  0.209448  0.052889  0.338290  0.097292  0.347969  0.592521  0.225585  0.452761  0.440056  0.410834  0.279266  0.493974  0.036642  0.569625  0.136853  0.095234  0.237145  0.100614  0.163445  0.185414  0.324381  0.400238  0.226019  0.460042  0.534864  0.152282  0.131655  0.641082  0.610727  0.199747  0.125114  0.393716  0.155790  0.102356  0.199768  0.318539  0.129387  0.189305  0.153698  0.034283  0.358201  0.169267  0.288727  0.578108  0.042851 
6  0.086615  0.053102  0.639231  0.373030  0.415881  0.123313 0.0  0.074151  0.544142  0.277471  0.299773  0.098380  0.089714  0.432038  0.376493  0.076441  0.090331  0.388345  0.415549  0.034929  0.338715  0.022198  0.320791  0.481903  0.367446  0.424713  0.598265  0.043020  0.162820  0.050362  0.409733  0.084315  0.296588  0.612202  0.380781  0.420526  0.442392  0.354988  0.344669  0.542572  0.033329  0.519901  0.097864  0.230287  0.050637  0.097184  0.201019  0.020844  0.482296  0.325628  0.026794  0.592667  0.620079  0.049893  0.212317  0.449764  0.550784  0.054089  0.074601  0.311777  0.060114  0.183326  0.016478  0.389523  0.144962  0.012952  0.020763  0.000000  0.377647  0.157801  0.270803  0.556758  0.231248 
7  0.038625  0.000000  0.619006  0.377576  0.558262  0.137759  0.074151 0.0  0.739629  0.280405  0.492883  0.216786  0.000000  0.280363  0.437916  0.325619  0.245305  0.324462  0.469552  0.054603  0.365590  0.182023  0.228023  0.421208  0.441356  0.408403  0.534146  0.000000  0.139322  0.069058  0.410823  0.066645  0.494862  0.571099  0.280596  0.467607  0.325608  0.394913  0.367275  0.629698  0.135360  0.567235  0.047727  0.000000  0.000000  0.170471  0.239513  0.101327  0.419121  0.478023  0.201052  0.517785  0.576506  0.088131  0.162243  0.570469  0.396368  0.062859  0.139676  0.463109  0.107630  0.043696  0.053573  0.409155  0.002881  0.120918  0.219713  0.037326  0.365857  0.223395  0.287737  0.378802  0.025578 
8  0.420723  0.476945  0.706076  0.722488  0.195707  0.499879  0.544142  0.739629 0.0  0.757196  0.803098  0.468621  0.654688  0.712547  0.960994  0.665276  0.562996  0.186567  0.855538  0.537856  0.748522  0.580326  0.724554  0.438426  0.797453  0.469743  0.488883  0.441446  0.534582  0.430230  0.729929  0.500733  0.948101  0.678881  0.618712  0.894790  0.762183  0.874197  0.757863  0.106187  0.573129  0.686797  0.482544  0.500190  0.495246  0.538619  0.582693  0.514516  0.874193  0.869370  0.630659  0.083848  0.121569  0.593812  0.533662  0.534162  0.117062  0.487427  0.547861  0.926912  0.598982  0.509729  0.521554  0.794251  0.456559  0.718013  0.565555  0.565188  0.817159  0.576290  0.610689  0.535642  0.449648 
9  0.174855  0.362919  0.707447  0.286138  0.716822  0.295636  0.277471  0.280405  0.757196 0.0  0.267452  0.238404  0.285644  0.195840  0.269514  0.219626  0.246006  0.500545  0.195226  0.210544  0.436866  0.265159  0.228930  0.535367  0.226558  0.510632  0.773897  0.266460  0.291371  0.235294  0.300925  0.319791  0.278910  0.758695  0.234563  0.293951  0.315117  0.397210  0.249767  0.646942  0.178111  0.695131  0.229448  0.321402  0.151471  0.324954  0.220412  0.351763  0.288995  0.337717  0.204028  0.605366  0.626490  0.308451  0.309729  0.671663  0.667696  0.318233  0.356573  0.229058  0.178519  0.298714  0.268989  0.171872  0.241253  0.295665  0.245036  0.346193  0.128482  0.314802  0.236942  0.789378  0.266669 
10  0.405374  0.346542  0.805384  0.000000  0.920768  0.416974  0.299773  0.492883  0.803098  0.267452 0.0  0.421722  0.509757  0.388828  0.266487  0.370409  0.465866  0.602953  0.193824  0.272564  0.237231  0.503154  0.303026  0.504839  0.241521  0.452452  0.890449  0.351627  0.435941  0.324080  0.011520  0.302870  0.121966  0.862811  0.287853  0.230564  0.377143  0.149129  0.342579  0.919932  0.382298  0.949024  0.328985  0.314129  0.266163  0.299732  0.453701  0.398865  0.089586  0.149778  0.404883  0.879730  0.790184  0.362082  0.451649  0.725692  0.685590  0.332054  0.504445  0.031303  0.363623  0.365562  0.264655  0.232791  0.333528  0.488680  0.489226  0.141037  0.228269  0.438092  0.360104  0.639568  0.273495 
11  0.118982  0.108203  0.712479  0.235636  0.610037  0.176178  0.098380  0.216786  0.468621  0.238404  0.421722 0.0  0.185230  0.525918  0.439623  0.099902  0.168764  0.326118  0.470548  0.070261  0.306718  0.093104  0.291914  0.405640  0.451881  0.423993  0.498096  0.145779  0.084203  0.081359  0.468259  0.110698  0.456089  0.526160  0.329393  0.376761  0.367682  0.320346  0.350241  0.552022  0.211217  0.543569  0.093118  0.169534  0.122365  0.109524  0.043834  0.121499  0.508997  0.468072  0.142156  0.638950  0.522810  0.089990  0.130567  0.443274  0.499550  0.027369  0.000000  0.315093  0.178252  0.250352  0.136229  0.431507  0.070248  0.171288  0.154244  0.185450  0.400998  0.140612  0.261477  0.590441  0.077339 
12  0.040285  0.010341  0.745470  0.379977  0.592250  0.083159  0.089714  0.000000  0.654688  0.285644  0.509757  0.185230 0.0  0.352696  0.431706  0.188745  0.170457  0.309272  0.456643  0.016925  0.254874  0.263274  0.199038  0.578218  0.449531  0.584327  0.546359  0.136280  0.082573  0.081159  0.470871  0.000000  0.411100  0.642800  0.242263  0.385192  0.230787  0.529376  0.307845  0.684305  0.033569  0.573114  0.150647  0.133823  0.061739  0.173154  0.184964  0.102751  0.444843  0.429132  0.175243  0.584651  0.553124  0.092600  0.242981  0.490244  0.576106  0.115673  0.174826  0.512343  0.171450  0.000000  0.063074  0.436290  0.082656  0.103305  0.181441  0.137012  0.437977  0.196995  0.196279  0.450044  0.026982 
13  0.333614  0.470285  0.803676  0.394939  0.809290  0.475757  0.432038  0.280363  0.712547  0.195840  0.388828  0.525918  0.352696 0.0  0.321216  0.304720  0.226687  0.489111  0.317479  0.347877  0.056764  0.305127  0.285007  0.435048  0.350446  0.476335  0.734359  0.326713  0.460405  0.284718  0.472153  0.341349  0.269674  0.693375  0.288565  0.366811  0.083598  0.384088  0.089161  0.700819  0.385982  0.718201  0.270990  0.371905  0.341392  0.429150  0.268513  0.297031  0.426046  0.293694  0.245078  0.844169  0.866252  0.401486  0.370021  0.733053  0.770495  0.232589  0.397293  0.382589  0.308616  0.383043  0.291434  0.342672  0.393263  0.409270  0.345930  0.239687  0.405034  0.447929  0.214334  0.781425  0.425856 
14  0.280367  0.367490  0.710902  0.054238  0.879393  0.409032  0.376493  0.437916  0.960994  0.269514  0.266487  0.439623  0.431706  0.321216 0.0  0.441427  0.472034  0.632756  0.206601  0.345093  0.129756  0.448087  0.233371  0.470994  0.276930  0.570740  0.852696  0.351960  0.356374  0.337383  0.049764  0.281434  0.217988  0.818012  0.216395  0.208004  0.444731  0.225419  0.323744  0.858294  0.340725  0.983028  0.248906  0.307516  0.275358  0.373820  0.380430  0.310025  0.093310  0.237923  0.435721  0.826815  0.869813  0.536928  0.562475  0.773576  0.745079  0.258039  0.341972  0.188483  0.328918  0.207724  0.337517  0.173326  0.379578  0.499415  0.467226  0.436019  0.075372  0.481035  0.364794  0.814339  0.320185 
15  0.098307  0.100141  0.774734  0.220496  0.574505  0.102597  0.076441  0.325619  0.665276  0.219626  0.370409  0.099902  0.188745  0.304720  0.441427 0.0  0.211757  0.347132  0.405598  0.113000  0.363544  0.158743  0.239456  0.582349  0.392631  0.491259  0.531107  0.050325  0.147364  0.178231  0.336259  0.014818  0.400353  0.584216  0.276050  0.450328  0.402333  0.443954  0.344305  0.706216  0.058683  0.653283  0.134883  0.012916  0.035539  0.151176  0.205886  0.060001  0.433875  0.481377  0.234957  0.462478  0.585256  0.109696  0.267887  0.502885  0.477471  0.078971  0.262912  0.426620  0.154172  0.031538  0.055261  0.434193  0.087210  0.261739  0.203763  0.062924  0.502956  0.272435  0.189890  0.383047  0.000000 
16  0.118747  0.139211  0.722828  0.421180  0.698595  0.112218  0.090331  0.245305  0.562996  0.246006  0.465866  0.168764  0.170457  0.226687  0.472034  0.211757 0.0  0.330028  0.470965  0.024921  0.312491  0.177519  0.110217  0.478827  0.434548  0.443586  0.505778  0.073783  0.087705  0.122786  0.486894  0.080147  0.425026  0.580927  0.223412  0.420201  0.379144  0.509912  0.372464  0.501175  0.070756  0.583790  0.044569  0.184186  0.062802  0.036357  0.108175  0.172932  0.361912  0.551725  0.166417  0.509932  0.524152  0.245074  0.179965  0.536615  0.462123  0.044259  0.117377  0.408406  0.195420  0.081279  0.073362  0.482656  0.087331  0.162361  0.246243  0.103773  0.341361  0.156182  0.317364  0.514994  0.092509 
17  0.337568  0.355004  0.515570  0.609590  0.295489  0.365732  0.388345  0.324462  0.186567  0.500545  0.602953  0.326118  0.309272  0.489111  0.632756  0.347132  0.330028 0.0  0.526594  0.370128  0.613748  0.388980  0.481654  0.453367  0.555315  0.503522  0.422235  0.248536  0.407267  0.307988  0.564893  0.310646  0.688446  0.373319  0.498698  0.633074  0.602269  0.633674  0.558548  0.261404  0.348843  0.429950  0.383216  0.315312  0.371066  0.287434  0.419841  0.263009  0.647726  0.589597  0.376029  0.454058  0.400183  0.327076  0.413992  0.366471  0.347180  0.239438  0.347117  0.609707  0.358489  0.287902  0.405567  0.590439  0.305022  0.352034  0.402537  0.297131  0.589420  0.294145  0.630093  0.269294  0.389969 
18  0.394401  0.346002  0.629248  0.062936  0.856175  0.409727  0.415549  0.469552  0.855538  0.195226  0.193824  0.470548  0.456643  0.317479  0.206601  0.405598  0.470965  0.526594 0.0  0.344282  0.370472  0.466290  0.352238  0.385359  0.247845  0.539720  0.751656  0.390280  0.313321  0.290700  0.213572  0.453030  0.109010  0.878158  0.306719  0.238872  0.308903  0.235556  0.279668  0.923084  0.281806  0.862773  0.349357  0.352723  0.250014  0.364632  0.502834  0.397388  0.080179  0.258954  0.505726  0.721825  0.743217  0.455032  0.466651  0.763357  0.765527  0.324008  0.485880  0.229256  0.305400  0.345900  0.368682  0.165570  0.374760  0.492334  0.560017  0.345571  0.141089  0.489054  0.169908  0.712435  0.265499 
19  0.203151  0.064201  0.762748  0.393206  0.581325  0.125582  0.034929  0.054603  0.537856  0.210544  0.272564  0.070261  0.016925  0.347877  0.345093  0.113000  0.024921  0.370128  0.344282 0.0  0.278377  0.079613  0.299890  0.428977  0.369094  0.479280  0.547681  0.377207  0.082045  0.079894  0.327651  0.142944  0.371118  0.369615  0.195734  0.344866  0.275921  0.407498  0.287667  0.491640  0.270580  0.482192  0.278656  0.048752  0.194057  0.109981  0.124757  0.173522  0.434807  0.302468  0.093008  0.574145  0.516832  0.074786  0.020826  0.568242  0.630606  0.256693  0.000000  0.314288  0.235574  0.155391  0.280052  0.314407  0.116018  0.009312  0.083269  0.131022  0.367789  0.039683  0.280969  0.600505  0.112694 
20  0.304524  0.278206  0.742184  0.253782  0.642955  0.363362  0.338715  0.365590  0.748522  0.436866  0.237231  0.306718  0.254874  0.056764  0.129756  0.363544  0.312491  0.613748  0.370472  0.278377 0.0  0.255425  0.149558  0.558054  0.343801  0.460246  0.782479  0.345307  0.383828  0.413762  0.439486  0.364143  0.272020  0.721406  0.246013  0.342750  0.218763  0.410718  0.154423  0.747338  0.450956  0.627676  0.476133  0.299910  0.319469  0.459077  0.372957  0.338169  0.388439  0.365815  0.367903  0.869075  0.846592  0.285567  0.256527  0.755197  0.783447  0.337376  0.371373  0.417236  0.421225  0.317201  0.231575  0.361074  0.357869  0.360788  0.251218  0.341652  0.487635  0.355670  0.259271  0.707634  0.280752 
21  0.094112  0.000000  0.633859  0.397696  0.680575  0.091005  0.022198  0.182023  0.580326  0.265159  0.503154  0.093104  0.263274  0.305127  0.448087  0.158743  0.177519  0.388980  0.466290  0.079613  0.255425 0.0  0.166014  0.365950  0.362940  0.475881  0.584400  0.000000  0.000000  0.103535  0.396737  0.116247  0.479383  0.587637  0.259289  0.446652  0.424543  0.448819  0.355423  0.526799  0.100679  0.623412  0.119442  0.081366  0.096788  0.171314  0.325997  0.062368  0.418516  0.401430  0.219046  0.492734  0.461765  0.242631  0.182092  0.476764  0.443304  0.157238  0.249488  0.541776  0.165326  0.000000  0.094730  0.371589  0.075190  0.269423  0.305435  0.034033  0.407107  0.161736  0.247870  0.502887  0.000000 
22  0.286042  0.139203  0.684060  0.198598  0.659134  0.228535  0.320791  0.228023  0.724554  0.228930  0.303026  0.291914  0.199038  0.285007  0.233371  0.239456  0.110217  0.481654  0.352238  0.299890  0.149558  0.166014 0.0  0.482587  0.126288  0.372774  0.718767  0.170168  0.185254  0.357598  0.115029  0.213139  0.259941  0.661415  0.285805  0.189205  0.246411  0.209853  0.149608  0.669043  0.297379  0.734818  0.285278  0.224936  0.372447  0.291549  0.307131  0.309291  0.277760  0.244129  0.196108  0.694124  0.663312  0.318479  0.255527  0.779577  0.717842  0.333530  0.251066  0.334273  0.376802  0.207589  0.298353  0.293675  0.280452  0.238327  0.193838  0.294743  0.246566  0.227128  0.204004  0.607616  0.283889 
23  0.589907  0.370897  0.482483  0.446322  0.552416  0.485562  0.481903  0.421208  0.438426  0.535367  0.504839  0.405640  0.578218  0.435048  0.470994  0.582349  0.478827  0.453367  0.385359  0.428977  0.558054  0.365950  0.482587 0.0  0.503014  0.440394  0.499369  0.574457  0.456813  0.520690  0.396729  0.519069  0.485196  0.530669  0.470459  0.605642  0.515187  0.392197  0.479150  0.376468  0.370366  0.521169  0.463626  0.451240  0.482803  0.459020  0.435886  0.432012  0.449205  0.521435  0.495849  0.419802  0.496201  0.426684  0.476718  0.479222  0.432934  0.462270  0.537291  0.383295  0.377248  0.520502  0.506577  0.505842  0.501008  0.590169  0.418005  0.520801  0.416860  0.462987  0.336671  0.411507  0.391135 
24  0.160774  0.244143  0.726585  0.074105  0.770984  0.348522  0.367446  0.441356  0.797453  0.226558  0.241521  0.451881  0.449531  0.350446  0.276930  0.392631  0.434548  0.555315  0.247845  0.369094  0.343801  0.362940  0.126288  0.503014 0.0  0.408003  0.904563  0.329903  0.365673  0.261622  0.173555  0.407444  0.269483  0.940132  0.268157  0.251201  0.240161  0.191305  0.331826  0.866146  0.412660  0.912848  0.391812  0.319052  0.361960  0.398628  0.438617  0.384662  0.095415  0.228061  0.447631  0.845216  0.732656  0.446792  0.415153  0.773297  0.728563  0.369938  0.488575  0.091862  0.384880  0.347281  0.419175  0.140429  0.276584  0.492597  0.476166  0.415672  0.190358  0.432551  0.242706  0.751629  0.408403 
25  0.513246  0.444051  0.388246  0.493424  0.360342  0.535064  0.424713  0.408403  0.469743  0.510632  0.452452  0.423993  0.584327  0.476335  0.570740  0.491259  0.443586  0.503522  0.539720  0.479280  0.460246  0.475881  0.372774  0.440394  0.408003 0.0  0.477701  0.451626  0.490469  0.503347  0.437720  0.542082  0.533026  0.456368  0.442952  0.420162  0.516036  0.525892  0.585205  0.451944  0.390621  0.433017  0.394589  0.538488  0.410172  0.453823  0.436771  0.523883  0.450005  0.476926  0.392126  0.452007  0.465622  0.442741  0.548672  0.449811  0.410855  0.429397  0.387359  0.410349  0.494593  0.440143  0.498571  0.388017  0.487307  0.465322  0.395796  0.509353  0.430843  0.504421  0.498662  0.377080  0.543588 
26  0.539294  0.604633  0.301670  0.864608  0.640050  0.586093  0.598265  0.534146  0.488883  0.773897  0.890449  0.498096  0.546359  0.734359  0.852696  0.531107  0.505778  0.422235  0.751656  0.547681  0.782479  0.584400  0.718767  0.499369  0.904563  0.477701 0.0  0.630143  0.491655  0.464158  0.865114  0.483501  0.738008  0.128695  0.673676  0.878922  0.863169  0.810444  0.756446  0.441652  0.561176  0.152605  0.656370  0.507428  0.521144  0.582421  0.561831  0.597618  0.789613  0.859431  0.559943  0.539301  0.576702  0.566342  0.635601  0.066189  0.578743  0.549957  0.569965  0.787048  0.481387  0.572305  0.445376  0.819335  0.621722  0.569514  0.524264  0.521655  0.810762  0.671226  0.558205  0.209750  0.537225 
27  0.228650  0.100940  0.647364  0.480256  0.465504  0.180000  0.043020  0.000000  0.441446  0.266460  0.351627  0.145779  0.136280  0.326713  0.351960  0.050325  0.073783  0.248536  0.390280  0.377207  0.345307  0.000000  0.170168  0.574457  0.329903  0.451626  0.630143 0.0  0.217021  0.017783  0.363433  0.072963  0.285970  0.498758  0.209037  0.352794  0.337727  0.252252  0.293966  0.600240  0.206436  0.495521  0.204834  0.043720  0.070859  0.152235  0.035699  0.204984  0.397671  0.262720  0.053007  0.599766  0.617156  0.103637  0.000000  0.628073  0.646951  0.205960  0.024443  0.210955  0.112732  0.064766  0.193260  0.314511  0.112099  0.110113  0.000000  0.185140  0.403656  0.008362  0.304263  0.522068  0.000000 
28  0.111009  0.051568  0.646869  0.392400  0.444762  0.209448  0.162820  0.139322  0.534582  0.291371  0.435941  0.084203  0.082573  0.460405  0.356374  0.147364  0.087705  0.407267  0.313321  0.082045  0.383828  0.000000  0.185254  0.456813  0.365673  0.490469  0.491655  0.217021 0.0  0.019123  0.516004  0.061931  0.238541  0.489921  0.285730  0.372676  0.295210  0.413561  0.310079  0.507342  0.003829  0.493046  0.017764  0.237123  0.197929  0.102723  0.098560  0.082457  0.453408  0.271641  0.015984  0.598172  0.613236  0.076953  0.053646  0.396827  0.400776  0.048559  0.052953  0.297168  0.064677  0.215153  0.141724  0.250097  0.179425  0.113037  0.113767  0.051200  0.406479  0.020909  0.271486  0.522803  0.237338 
29  0.009840  0.109908  0.762543  0.407059  0.523224  0.052889  0.050362  0.069058  0.430230  0.235294  0.324080  0.081359  0.081159  0.284718  0.337383  0.178231  0.122786  0.307988  0.290700  0.079894  0.413762  0.103535  0.357598  0.520690  0.261622  0.503347  0.464158  0.017783  0.019123 0.0  0.407477  0.112742  0.341841  0.485066  0.195065  0.306968  0.400422  0.329438  0.256388  0.365225  0.033730  0.430265  0.000000  0.030335  0.111655  0.123553  0.099124  0.132624  0.434416  0.302593  0.024272  0.548793  0.536739  0.117142  0.105790  0.423786  0.453105  0.143903  0.110920  0.426584  0.116453  0.065119  0.024509  0.324984  0.000533  0.092154  0.033054  0.129026  0.517819  0.225963  0.210223  0.435588  0.122979 
30  0.415407  0.404488  0.755327  0.163847  0.782791  0.338290  0.409733  0.410823  0.729929  0.300925  0.011520  0.468259  0.470871  0.472153  0.049764  0.336259  0.486894  0.564893  0.213572  0.327651  0.439486  0.396737  0.115029  0.396729  0.173555  0.437720  0.865114  0.363433  0.516004  0.407477 0.0  0.525274  0.030659  0.736072  0.212833  0.176394  0.436358  0.248906  0.348005  0.811636  0.341966  0.835856  0.366161  0.329355  0.365115  0.398861  0.380882  0.506337  0.047200  0.130648  0.306473  0.811392  0.784515  0.242539  0.377402  0.837355  0.748361  0.298388  0.397230  0.135868  0.355950  0.402427  0.442389  0.106337  0.492950  0.384522  0.428281  0.434093  0.323194  0.367952  0.329728  0.875633  0.374466 
31  0.092530  0.085964  0.816764  0.396055  0.430276  0.097292  0.084315  0.066645  0.500733  0.319791  0.302870  0.110698  0.000000  0.341349  0.281434  0.014818  0.080147  0.310646  0.453030  0.142944  0.364143  0.116247  0.213139  0.519069  0.407444  0.542082  0.483501  0.072963  0.061931  0.112742  0.525274 0.0  0.294006  0.401831  0.242642  0.320228  0.306114  0.402665  0.420244  0.429434  0.166118  0.451153  0.133183  0.085594  0.188352  0.000466  0.048045  0.214962  0.486088  0.323349  0.006763  0.526427  0.500294  0.083024  0.028861  0.497076  0.468141  0.269753  0.000000  0.315556  0.197205  0.127108  0.178065  0.374954  0.033488  0.027180  0.057833  0.266579  0.351910  0.137990  0.286769  0.613115  0.085367 
32  0.376129  0.271536  0.604340  0.041895  0.855660  0.347969  0.296588  0.494862  0.948101  0.278910  0.121966  0.456089  0.411100  0.269674  0.217988  0.400353  0.425026  0.688446  0.109010  0.371118  0.272020  0.479383  0.259941  0.485196  0.269483  0.533026  0.738008  0.285970  0.238541  0.341841  0.030659  0.294006 0.0  0.961838  0.306809  0.273132  0.445015  0.126302  0.372258  0.876920  0.437033  0.840649  0.338897  0.279863  0.266041  0.533835  0.514475  0.273583  0.119484  0.251432  0.489355  0.749037  0.807660  0.492231  0.526685  0.769999  0.691153  0.271467  0.418614  0.254415  0.394974  0.375796  0.265611  0.158096  0.406072  0.416926  0.457276  0.320329  0.000000  0.443667  0.286766  0.714277  0.334858 
33  0.428257  0.490575  0.210533  0.637087  0.722916  0.592521  0.612202  0.571099  0.678881  0.758695  0.862811  0.526160  0.642800  0.693375  0.818012  0.584216  0.580927  0.373319  0.878158  0.369615  0.721406  0.587637  0.661415  0.530669  0.940132  0.456368  0.128695  0.498758  0.489921  0.485066  0.736072  0.401831  0.961838 0.0  0.672404  0.949658  0.688942  1.000000  0.754320  0.556628  0.516269  0.181753  0.529829  0.441644  0.436939  0.508234  0.728258  0.521845  0.709065  0.814362  0.514577  0.547031  0.539269  0.631151  0.545919  0.100121  0.505999  0.532467  0.582916  0.900024  0.588781  0.460457  0.502962  0.856349  0.389264  0.540453  0.686741  0.397264  0.761543  0.641077  0.628794  0.013506  0.508003 
34  0.307904  0.257929  0.714263  0.244757  0.641610  0.225585  0.380781  0.280596  0.618712  0.234563  0.287853  0.329393  0.242263  0.288565  0.216395  0.276050  0.223412  0.498698  0.306719  0.195734  0.246013  0.259289  0.285805  0.470459  0.268157  0.442952  0.673676  0.209037  0.285730  0.195065  0.212833  0.242642  0.306809  0.672404 0.0  0.327444  0.261425  0.363513  0.345683  0.701303  0.254238  0.705597  0.293722  0.224463  0.245126  0.399709  0.286511  0.202254  0.291604  0.306082  0.202932  0.598756  0.636285  0.359058  0.233851  0.720311  0.676186  0.343552  0.322367  0.339815  0.285264  0.240763  0.230217  0.253641  0.409742  0.222936  0.305403  0.299101  0.301475  0.309806  0.261031  0.640896  0.258960 
35  0.249276  0.417489  0.688054  0.049174  0.859910  0.452761  0.420526  0.467607  0.894790  0.293951  0.230564  0.376761  0.385192  0.366811  0.208004  0.450328  0.420201  0.633074  0.238872  0.344866  0.342750  0.446652  0.189205  0.605642  0.251201  0.420162  0.878922  0.352794  0.372676  0.306968  0.176394  0.320228  0.273132  0.949658  0.327444 0.0  0.387831  0.176312  0.323321  0.909761  0.316838  0.891160  0.273759  0.267158  0.379519  0.359767  0.452105  0.342076  0.118647  0.081770  0.608741  0.767991  0.805331  0.324405  0.478946  0.814945  0.661472  0.293161  0.454454  0.264309  0.385829  0.277789  0.391087  0.215028  0.266792  0.428558  0.465734  0.384775  0.113708  0.417594  0.272934  0.706327  0.282888 
36  0.438959  0.346847  0.698140  0.283731  0.815137  0.440056  0.442392  0.325608  0.762183  0.315117  0.377143  0.367682  0.230787  0.083598  0.444731  0.402333  0.379144  0.602269  0.308903  0.275921  0.218763  0.424543  0.246411  0.515187  0.240161  0.516036  0.863169  0.337727  0.295210  0.400422  0.436358  0.306114  0.445015  0.688942  0.261425  0.387831 0.0  0.395669  0.130629  0.775436  0.333570  0.773512  0.259728  0.358419  0.305371  0.329336  0.335539  0.340197  0.401084  0.163805  0.225930  0.867465  0.818657  0.327140  0.332452  0.711613  0.704919  0.266835  0.387379  0.279200  0.470678  0.271271  0.328089  0.312969  0.330275  0.339098  0.339993  0.352654  0.323184  0.425208  0.268419  0.820139  0.335756 
37  0.414691  0.272997  0.732338  0.066639  0.935879  0.410834  0.354988  0.394913  0.874197  0.397210  0.149129  0.320346  0.529376  0.384088  0.225419  0.443954  0.509912  0.633674  0.235556  0.407498  0.410718  0.448819  0.209853  0.392197  0.191305  0.525892  0.810444  0.252252  0.413561  0.329438  0.248906  0.402665  0.126302  1.000000  0.363513  0.176312  0.395669 0.0  0.302061  0.817416  0.311388  0.727539  0.354115  0.284592  0.280489  0.347238  0.379082  0.342257  0.211014  0.182238  0.452041  0.877427  0.875316  0.400050  0.390648  0.778060  0.899120  0.370266  0.358455  0.238253  0.481391  0.326976  0.298560  0.256501  0.267051  0.461103  0.571880  0.338843  0.178283  0.528047  0.183496  0.663226  0.367696 
38  0.263885  0.411664  0.648528  0.382818  0.767008  0.279266  0.344669  0.367275  0.757863  0.249767  0.342579  0.350241  0.307845  0.089161  0.323744  0.344305  0.372464  0.558548  0.279668  0.287667  0.154423  0.355423  0.149608  0.479150  0.331826  0.585205  0.756446  0.293966  0.310079  0.256388  0.348005  0.420244  0.372258  0.754320  0.345683  0.323321  0.130629  0.302061 0.0  0.721690  0.375605  0.740549  0.409493  0.287865  0.312808  0.429213  0.304415  0.306125  0.359322  0.238968  0.245672  0.852432  0.856094  0.327176  0.354391  0.673177  0.718697  0.302523  0.419208  0.382201  0.390293  0.282793  0.329564  0.367205  0.383044  0.339760  0.369919  0.327708  0.403796  0.385182  0.308319  0.762926  0.326350 
39  0.510929  0.537259  0.658742  0.706759  0.171908  0.493974  0.542572  0.629698  0.106187  0.646942  0.919932  0.552022  0.684305  0.700819  0.858294  0.706216  0.501175  0.261404  0.923084  0.491640  0.747338  0.526799  0.669043  0.376468  0.866146  0.451944  0.441652  0.600240  0.507342  0.365225  0.811636  0.429434  0.876920  0.556628  0.701303  0.909761  0.775436  0.817416  0.721690 0.0  0.450956  0.522166  0.536978  0.556552  0.469432  0.630532  0.550059  0.486345  0.848145  0.802575  0.650145  0.094370  0.198370  0.545919  0.512457  0.391804  0.121971  0.442509  0.637449  0.866014  0.517880  0.594580  0.415472  0.873300  0.432305  0.659717  0.610294  0.340207  0.740183  0.526268  0.686553  0.438454  0.439705 
40  0.122529  0.093201  0.663911  0.471996  0.428748  0.036642  0.033329  0.135360  0.573129  0.178111  0.382298  0.211217  0.033569  0.385982  0.340725  0.058683  0.070756  0.348843  0.281806  0.270580  0.450956  0.100679  0.297379  0.370366  0.412660  0.390621  0.561176  0.206436  0.003829  0.033730  0.341966  0.166118  0.437033  0.516269  0.254238  0.316838  0.333570  0.311388  0.375605  0.450956 0.0  0.488209  0.207031  0.131842  0.234381  0.099150  0.070327  0.177712  0.474072  0.414849  0.099038  0.565346  0.546685  0.069608  0.126443  0.586882  0.627692  0.190470  0.104131  0.354053  0.076030  0.026976  0.098640  0.265465  0.102106  0.173861  0.039678  0.231509  0.442681  0.080953  0.253976  0.511145  0.100993 
41  0.362729  0.487213  0.330392  0.718532  0.629606  0.569625  0.519901  0.567235  0.686797  0.695131  0.949024  0.543569  0.573114  0.718201  0.983028  0.653283  0.583790  0.429950  0.862773  0.482192  0.627676  0.623412  0.734818  0.521169  0.912848  0.433017  0.152605  0.495521  0.493046  0.430265  0.835856  0.451153  0.840649  0.181753  0.705597  0.891160  0.773512  0.727539  0.740549  0.522166  0.488209 0.0  0.494608  0.464964  0.497735  0.504191  0.638818  0.492325  0.789173  0.851740  0.632023  0.547503  0.564944  0.563707  0.663762  0.067697  0.482851  0.485921  0.566659  0.936522  0.581946  0.467345  0.490438  0.797256  0.463095  0.612705  0.610715  0.448854  0.794798  0.619596  0.559198  0.000000  0.540215 
42  0.278855  0.075539  0.603911  0.454382  0.558608  0.136853  0.097864  0.047727  0.482544  0.229448  0.328985  0.093118  0.150647  0.270990  0.248906  0.134883  0.044569  0.383216  0.349357  0.278656  0.476133  0.119442  0.285278  0.463626  0.391812  0.394589  0.656370  0.204834  0.017764  0.000000  0.366161  0.133183  0.338897  0.529829  0.293722  0.273759  0.259728  0.354115  0.409493  0.536978  0.207031  0.494608 0.0  0.031269  0.247666  0.003767  0.081390  0.146303  0.417878  0.233490  0.148100  0.531515  0.563679  0.102035  0.032425  0.483141  0.622041  0.174426  0.000000  0.360251  0.163325  0.016000  0.192059  0.314496  0.125762  0.157569  0.124654  0.236656  0.481670  0.112578  0.187524  0.668039  0.134869 
43  0.126989  0.000100  0.642560  0.348095  0.583556  0.095234  0.230287  0.000000  0.500190  0.321402  0.314129  0.169534  0.133823  0.371905  0.307516  0.012916  0.184186  0.315312  0.352723  0.048752  0.299910  0.081366  0.224936  0.451240  0.319052  0.538488  0.507428  0.043720  0.237123  0.030335  0.329355  0.085594  0.279863  0.441644  0.224463  0.267158  0.358419  0.284592  0.287865  0.556552  0.131842  0.464964  0.031269 0.0  0.019097  0.135492  0.131271  0.080310  0.349028  0.358416  0.031458  0.478904  0.504071  0.000000  0.148790  0.459529  0.520952  0.064116  0.000000  0.351531  0.017737  0.248491  0.011109  0.339174  0.214502  0.184188  0.148195  0.078623  0.373487  0.042170  0.199010  0.468627  0.144833 
44  0.167994  0.078473  0.666294  0.490557  0.501525  0.237145  0.050637  0.000000  0.495246  0.151471  0.266163  0.122365  0.061739  0.341392  0.275358  0.035539  0.062802  0.371066  0.250014  0.194057  0.319469  0.096788  0.372447  0.482803  0.361960  0.410172  0.521144  0.070859  0.197929  0.111655  0.365115  0.188352  0.266041  0.436939  0.245126  0.379519  0.305371  0.280489  0.312808  0.469432  0.234381  0.497735  0.247666  0.019097 0.0  0.204009  0.189036  0.233884  0.417177  0.306700  0.018627  0.597309  0.510075  0.078749  0.023426  0.561143  0.579678  0.220146  0.000000  0.293525  0.144285  0.213933  0.161854  0.349701  0.039076  0.076186  0.187556  0.120442  0.289025  0.061835  0.233631  0.655741  0.095765 
45  0.185487  0.254702  0.571349  0.371931  0.517519  0.100614  0.097184  0.170471  0.538619  0.324954  0.299732  0.109524  0.173154  0.429150  0.373820  0.151176  0.036357  0.287434  0.364632  0.109981  0.459077  0.171314  0.291549  0.459020  0.398628  0.453823  0.582421  0.152235  0.102723  0.123553  0.398861  0.000466  0.533835  0.508234  0.399709  0.359767  0.329336  0.347238  0.429213  0.630532  0.099150  0.504191  0.003767  0.135492  0.204009 0.0  0.158770  0.078305  0.410040  0.486036  0.187050  0.608116  0.549956  0.069831  0.104381  0.474182  0.480351  0.147389  0.153257  0.445324  0.177969  0.215282  0.060058  0.404770  0.062077  0.213462  0.163938  0.277422  0.340161  0.151108  0.234111  0.479055  0.186676 
46  0.113268  0.050213  0.694454  0.329418  0.610572  0.163445  0.201019  0.239513  0.582693  0.220412  0.453701  0.043834  0.184964  0.268513  0.380430  0.205886  0.108175  0.419841  0.502834  0.124757  0.372957  0.325997  0.307131  0.435886  0.438617  0.436771  0.561831  0.035699  0.098560  0.099124  0.380882  0.048045  0.514475  0.728258  0.286511  0.452105  0.335539  0.379082  0.304415  0.550059  0.070327  0.638818  0.081390  0.131271  0.189036  0.158770 0.0  0.054196  0.399416  0.385005  0.213567  0.467949  0.493229  0.175599  0.234777  0.421804  0.416182  0.060426  0.188335  0.576298  0.096437  0.003265  0.099814  0.569647  0.146050  0.214733  0.123656  0.000000  0.396912  0.303637  0.272734  0.450252  0.088636 
47  0.241915  0.081394  0.724469  0.489100  0.583421  0.185414  0.020844  0.101327  0.514516  0.351763  0.398865  0.121499  0.102751  0.297031  0.310025  0.060001  0.172932  0.263009  0.397388  0.173522  0.338169  0.062368  0.309291  0.432012  0.384662  0.523883  0.597618  0.204984  0.082457  0.132624  0.506337  0.214962  0.273583  0.521845  0.202254  0.342076  0.340197  0.342257  0.306125  0.486345  0.177712  0.492325  0.146303  0.080310  0.233884  0.078305  0.054196 0.0  0.358354  0.431626  0.113542  0.609555  0.552739  0.119703  0.053777  0.668433  0.635908  0.242666  0.013566  0.407269  0.102700  0.014048  0.209167  0.217157  0.104775  0.178864  0.134554  0.169322  0.527045  0.027923  0.316371  0.624462  0.074220 
48  0.286504  0.384855  0.672817  0.129696  0.778111  0.324381  0.482296  0.419121  0.874193  0.288995  0.089586  0.508997  0.444843  0.426046  0.093310  0.433875  0.361912  0.647726  0.080179  0.434807  0.388439  0.418516  0.277760  0.449205  0.095415  0.450005  0.789613  0.397671  0.453408  0.434416  0.047200  0.486088  0.119484  0.709065  0.291604  0.118647  0.401084  0.211014  0.359322  0.848145  0.474072  0.789173  0.417878  0.349028  0.417177  0.410040  0.399416  0.358354 0.0  0.087426  0.371278  0.840371  0.861794  0.342008  0.490492  0.797354  0.759559  0.401569  0.515430  0.097405  0.429948  0.442266  0.486853  0.096874  0.296434  0.299566  0.440815  0.243626  0.211988  0.460872  0.273208  0.803921  0.479541 
49  0.328631  0.282355  0.668460  0.047422  0.918259  0.400238  0.325628  0.478023  0.869370  0.337717  0.149778  0.468072  0.429132  0.293694  0.237923  0.481377  0.551725  0.589597  0.258954  0.302468  0.365815  0.401430  0.244129  0.521435  0.228061  0.476926  0.859431  0.262720  0.271641  0.302593  0.130648  0.323349  0.251432  0.814362  0.306082  0.081770  0.163805  0.182238  0.238968  0.802575  0.414849  0.851740  0.233490  0.358416  0.306700  0.486036  0.385005  0.431626  0.087426 0.0  0.431146  0.887341  0.911574  0.439681  0.430056  0.682934  0.706326  0.361045  0.520987  0.252207  0.494881  0.352333  0.406319  0.258759  0.340566  0.452060  0.458087  0.378244  0.185465  0.474966  0.266458  0.810404  0.298018 
50  0.074435  0.157300  0.749470  0.393400  0.645272  0.226019  0.026794  0.201052  0.630659  0.204028  0.404883  0.142156  0.175243  0.245078  0.435721  0.234957  0.166417  0.376029  0.505726  0.093008  0.367903  0.219046  0.196108  0.495849  0.447631  0.392126  0.559943  0.053007  0.015984  0.024272  0.306473  0.006763  0.489355  0.514577  0.202932  0.608741  0.225930  0.452041  0.245672  0.650145  0.099038  0.632023  0.148100  0.031458  0.018627  0.187050  0.213567  0.113542  0.371278  0.431146 0.0  0.513151  0.533632  0.199968  0.194868  0.517937  0.454135  0.092301  0.299815  0.466680  0.082142  0.130228  0.091880  0.549230  0.063271  0.289711  0.147094  0.094717  0.479095  0.152302  0.338050  0.425819  0.032446 
51  0.520423  0.556798  0.734115  0.846969  0.160442  0.460042  0.592667  0.517785  0.083848  0.605366  0.879730  0.638950  0.584651  0.844169  0.826815  0.462478  0.509932  0.454058  0.721825  0.574145  0.869075  0.492734  0.694124  0.419802  0.845216  0.452007  0.539301  0.599766  0.598172  0.548793  0.811392  0.526427  0.749037  0.547031  0.598756  0.767991  0.867465  0.877427  0.852432  0.094370  0.565346  0.547503  0.531515  0.478904  0.597309  0.608116  0.467949  0.609555  0.840371  0.887341  0.513151 0.0  0.148150  0.527447  0.574283  0.629409  0.131669  0.540300  0.613067  0.916550  0.519793  0.553243  0.555159  0.911395  0.436654  0.611803  0.597224  0.408304  0.789358  0.592091  0.678474  0.655381  0.489414 
52  0.630259  0.573740  0.546770  0.802201  0.144423  0.534864  0.620079  0.576506  0.121569  0.626490  0.790184  0.522810  0.553124  0.866252  0.869813  0.585256  0.524152  0.400183  0.743217  0.516832  0.846592  0.461765  0.663312  0.496201  0.732656  0.465622  0.576702  0.617156  0.613236  0.536739  0.784515  0.500294  0.807660  0.539269  0.636285  0.805331  0.818657  0.875316  0.856094  0.198370  0.546685  0.564944  0.563679  0.504071  0.510075  0.549956  0.493229  0.552739  0.861794  0.911574  0.533632  0.148150 0.0  0.551072  0.555435  0.574764  0.184055  0.586113  0.553570  0.911740  0.438979  0.538308  0.677927  0.777679  0.578055  0.533588  0.607005  0.538436  0.874069  0.529330  0.656886  0.538107  0.645093 
53  0.223352  0.000837  0.645008  0.401423  0.676795  0.152282  0.049893  0.088131  0.593812  0.308451  0.362082  0.089990  0.092600  0.401486  0.536928  0.109696  0.245074  0.327076  0.455032  0.074786  0.285567  0.242631  0.318479  0.426684  0.446792  0.442741  0.566342  0.103637  0.076953  0.117142  0.242539  0.083024  0.492231  0.631151  0.359058  0.324405  0.327140  0.400050  0.327176  0.545919  0.069608  0.563707  0.102035  0.000000  0.078749  0.069831  0.175599  0.119703  0.342008  0.439681  0.199968  0.527447  0.551072 0.0  0.248696  0.585820  0.431924  0.072759  0.191091  0.551144  0.179180  0.055135  0.036306  0.473723  0.012976  0.211842  0.201900  0.100966  0.437981  0.165979  0.300374  0.392040  0.119644 
