73
0 0.0  0.306444  0.247406  0.651521  0.701581  0.382301  0.355851  0.718345  0.380911  0.755333  0.315630  0.334498  0.731208  0.344311  0.739947  0.373708  0.316254  0.323707  0.329361  0.449401  0.420747  0.283229  0.312977  0.310164  0.440830  0.302477  0.381888  0.241757  0.223417  0.431439  0.477139  0.302209  0.378671  0.689842  0.307574  0.337717  0.388071  0.285088  0.386595  0.368027  0.258583  0.406568  0.742711  0.770010  0.397890  0.375430  0.716665  0.254336  0.337718  0.267024  0.356454  0.355458  0.220552  0.325720  0.258416  0.313561  0.205096  0.207494  0.153019  0.365341  0.235192  0.431190  0.248716  0.254275  0.733053  0.289114  0.302857  0.744867  0.424485  0.257055  0.213737  0.612942  0.780671 
1  0.306444 0.0  0.261496  0.403457  0.569208  0.004642  0.147384  0.547007  0.058540  0.438264  0.347840  0.202075  0.547429  0.414239  0.508024  0.183840  0.113775  0.087052  0.496238  0.197429  0.378070  0.057346  0.152319  0.309853  0.483727  0.258468  0.073006  0.168574  0.228969  0.405763  0.146142  0.274650  0.112617  0.584832  0.201955  0.059259  0.233456  0.032378  0.073861  0.000000  0.000000  0.450312  0.551524  0.550156  0.238177  0.513887  0.508472  0.089736  0.420082  0.212448  0.171808  0.275510  0.327012  0.182886  0.195640  0.035727  0.391273  0.235360  0.040857  0.363523  0.479368  0.419635  0.507997  0.274000  0.424330  0.063390  0.203702  0.502379  0.342639  0.134018  0.251709  0.359573  0.387360 
2  0.247406  0.261496 0.0  0.586750  0.691672  0.264629  0.312252  0.563789  0.224414  0.597444  0.224148  0.239477  0.563042  0.172992  0.605820  0.264334  0.169094  0.266718  0.319412  0.289557  0.478162  0.154725  0.229098  0.263584  0.453939  0.184677  0.165506  0.258657  0.375665  0.330013  0.270056  0.229527  0.255417  0.595900  0.259973  0.264014  0.270144  0.241787  0.264326  0.340062  0.239818  0.248510  0.599327  0.662356  0.287314  0.279258  0.566073  0.182124  0.231028  0.175195  0.294978  0.332122  0.222133  0.281547  0.271681  0.271811  0.243099  0.226589  0.175711  0.207158  0.304352  0.285056  0.228430  0.206981  0.651019  0.348965  0.265315  0.699397  0.354932  0.277215  0.241718  0.394624  0.568403 
3  0.651521  0.403457  0.586750 0.0  0.488404  0.541364  0.472741  0.100528  0.616195  0.574839  0.657644  0.421954  0.008498  0.773984  0.089126  0.514414  0.620627  0.494759  0.656076  0.470641  0.196644  0.480111  0.480414  0.630843  0.484205  0.444822  0.479722  0.640027  0.826417  0.779256  0.546436  0.467220  0.622408  0.475630  0.452413  0.504205  0.554771  0.543422  0.540444  0.545072  0.608652  0.843479  0.094187  0.394305  0.417149  0.568748  0.428394  0.388144  0.704984  0.441598  0.466917  0.705325  0.697462  0.724232  0.727481  0.660022  0.742391  0.706600  0.373757  0.818422  0.665214  0.592580  0.739044  0.606877  0.660738  0.602620  0.575177  0.430043  0.640603  0.400000  0.765107  0.339722  0.536689 
4  0.701581  0.569208  0.691672  0.488404 0.0  0.499190  0.576882  0.670226  0.479799  0.057701  0.750673  0.445858  0.617589  0.782011  0.576685  0.467424  0.539798  0.580138  0.881986  0.576201  0.419429  0.414927  0.477861  0.604278  0.443721  0.551260  0.412757  0.643008  0.767429  0.755234  0.484924  0.491554  0.431855  0.163138  0.661529  0.562906  0.519142  0.342506  0.404778  0.492426  0.497324  0.768519  0.456484  0.214964  0.633696  0.859453  0.157906  0.356585  0.755633  0.640076  0.616947  0.727536  0.785161  0.771741  0.744044  0.539955  0.849252  0.701049  0.508678  0.790748  0.720077  0.764958  0.890850  0.694447  0.000000  0.444917  0.628632  0.073658  0.847902  0.556040  0.701843  0.356670  0.041009 
5  0.382301  0.004642  0.264629  0.541364  0.499190 0.0  0.078004  0.499918  0.229807  0.593734  0.327999  0.155553  0.546585  0.230051  0.520544  0.154471  0.213919  0.220908  0.258031  0.049105  0.289444  0.069230  0.040514  0.161683  0.409822  0.000000  0.089642  0.147855  0.363166  0.365868  0.203755  0.172925  0.252748  0.534505  0.188824  0.145958  0.078616  0.173451  0.190301  0.127759  0.132065  0.488902  0.548472  0.414202  0.164637  0.339805  0.337019  0.007341  0.376972  0.111458  0.000000  0.280623  0.260183  0.353183  0.332650  0.095511  0.355371  0.220445  0.048422  0.419605  0.338720  0.354423  0.388887  0.271837  0.507715  0.256246  0.118296  0.481187  0.393696  0.025747  0.273851  0.268802  0.564183 
6  0.355851  0.147384  0.312252  0.472741  0.576882  0.078004 0.0  0.490049  0.057077  0.529318  0.472663  0.216404  0.565112  0.473223  0.448785  0.032406  0.065760  0.141663  0.387642  0.029077  0.429058  0.145052  0.109454  0.219631  0.433083  0.163070  0.018849  0.326662  0.259584  0.333524  0.185119  0.119269  0.071666  0.539301  0.165500  0.059140  0.210289  0.122223  0.037913  0.068201  0.115644  0.428602  0.525731  0.566821  0.193127  0.460024  0.511962  0.020238  0.499273  0.285896  0.099518  0.259148  0.353188  0.296913  0.225073  0.000000  0.439496  0.312210  0.000000  0.425586  0.458697  0.394743  0.391174  0.224511  0.460215  0.146069  0.208050  0.530913  0.425520  0.219883  0.323988  0.399021  0.394344 
7  0.718345  0.547007  0.563789  0.100528  0.670226  0.499918  0.490049 0.0  0.475753  0.538813  0.801576  0.528623  0.200639  0.757757  0.189953  0.457077  0.415883  0.452897  0.774699  0.469331  0.421117  0.528438  0.423390  0.553080  0.401229  0.529400  0.485029  0.703503  0.705542  0.835581  0.421830  0.620915  0.342312  0.505108  0.532281  0.569409  0.578944  0.481042  0.549367  0.464290  0.355434  0.830998  0.114933  0.584401  0.591962  0.931602  0.565065  0.454025  0.780169  0.564054  0.649958  0.595924  0.729591  0.734115  0.732735  0.375612  0.768622  0.605839  0.398805  0.740342  0.787305  0.793645  0.940713  0.689052  0.486871  0.472287  0.608256  0.466414  0.795650  0.616052  0.766480  0.294609  0.554985 
8  0.380911  0.058540  0.224414  0.616195  0.479799  0.229807  0.057077  0.475753 0.0  0.531163  0.331322  0.000000  0.450371  0.314781  0.517414  0.099581  0.195594  0.231502  0.326212  0.082625  0.287459  0.041626  0.030174  0.394967  0.438977  0.052985  0.178229  0.221936  0.202786  0.339040  0.177672  0.117554  0.201040  0.451866  0.026059  0.067216  0.111760  0.202738  0.197686  0.245572  0.332226  0.389934  0.479829  0.486923  0.014735  0.259356  0.653110  0.022185  0.251065  0.175662  0.101357  0.214807  0.345164  0.372671  0.341031  0.170206  0.270314  0.193275  0.000000  0.310213  0.267404  0.264246  0.364376  0.242819  0.519410  0.182326  0.070954  0.394736  0.242094  0.068690  0.389507  0.294719  0.707084 
9  0.755333  0.438264  0.597444  0.574839  0.057701  0.593734  0.529318  0.538813  0.531163 0.0  0.853185  0.562877  0.652889  0.748211  0.580683  0.638119  0.362848  0.356360  0.712304  0.538288  0.334097  0.498223  0.517607  0.538919  0.419385  0.461323  0.458555  0.633988  0.683721  0.715270  0.498363  0.552560  0.491077  0.086557  0.423464  0.432479  0.443121  0.477476  0.433674  0.477967  0.589503  0.661105  0.472441  0.075656  0.683777  0.786294  0.115285  0.479081  0.726982  0.510693  0.465628  0.658541  0.728326  0.748711  0.702456  0.508539  0.745786  0.639915  0.535939  0.805707  0.778634  0.791936  0.825949  0.668370  0.039429  0.589539  0.506694  0.139913  0.810782  0.512905  0.845506  0.334867  0.129099 
10  0.315630  0.347840  0.224148  0.657644  0.750673  0.327999  0.472663  0.801576  0.331322  0.853185 0.0  0.425660  0.808194  0.297053  0.839688  0.368278  0.363907  0.368111  0.164500  0.411197  0.642178  0.360140  0.294415  0.166127  0.449684  0.452235  0.330334  0.187408  0.328251  0.256531  0.405049  0.486817  0.266223  0.768962  0.406182  0.342808  0.446703  0.334574  0.289521  0.217879  0.188311  0.123923  0.828930  0.816761  0.454482  0.172122  0.933863  0.264059  0.185122  0.404981  0.475075  0.215319  0.279840  0.354820  0.296172  0.376941  0.154886  0.229031  0.334679  0.133695  0.235776  0.083692  0.162315  0.286400  0.676015  0.347919  0.569799  0.753256  0.110924  0.378658  0.332924  0.652069  0.765756 
11  0.334498  0.202075  0.239477  0.421954  0.445858  0.155553  0.216404  0.528623  0.000000  0.562877  0.425660 0.0  0.596145  0.386778  0.584908  0.094705  0.061534  0.000000  0.458374  0.232427  0.386457  0.024658  0.035916  0.258437  0.501964  0.202062  0.134114  0.293475  0.246330  0.401502  0.123937  0.068278  0.000000  0.561607  0.196100  0.149832  0.063075  0.108807  0.077943  0.053100  0.064706  0.351066  0.601003  0.647101  0.140435  0.488535  0.542916  0.134907  0.414082  0.191686  0.245281  0.262872  0.300592  0.311345  0.248167  0.027941  0.502646  0.213177  0.072776  0.421739  0.433968  0.428900  0.440094  0.224082  0.483873  0.113550  0.185969  0.432350  0.513765  0.240866  0.327139  0.349922  0.447537 
12  0.731208  0.547429  0.563042  0.008498  0.617589  0.546585  0.565112  0.200639  0.450371  0.652889  0.808194  0.596145 0.0  0.901333  0.109679  0.455738  0.523623  0.569357  0.856235  0.493328  0.380279  0.554148  0.438466  0.617474  0.339724  0.689643  0.373398  0.622547  0.650790  0.692578  0.488702  0.631668  0.479460  0.666047  0.594596  0.436376  0.614610  0.366179  0.446587  0.350914  0.460887  0.779381  0.099753  0.544246  0.555690  0.751448  0.560729  0.454729  0.838671  0.532947  0.541530  0.575851  0.668071  0.712342  0.718665  0.485469  0.805787  0.655015  0.413071  0.831581  0.842202  0.763850  0.815196  0.648845  0.528209  0.491685  0.528291  0.554507  0.905717  0.599339  0.671044  0.383873  0.452116 
13  0.344311  0.414239  0.172992  0.773984  0.782011  0.230051  0.473223  0.757757  0.314781  0.748211  0.297053  0.386778  0.901333 0.0  0.893468  0.423373  0.271750  0.382142  0.223124  0.378570  0.701477  0.351746  0.322503  0.237485  0.433396  0.384355  0.342766  0.282220  0.444943  0.111889  0.317592  0.477765  0.348929  0.933254  0.433366  0.330284  0.368022  0.259376  0.402392  0.382707  0.361351  0.092426  0.744993  0.776115  0.483062  0.229508  0.823300  0.267082  0.155762  0.446663  0.410705  0.232962  0.288521  0.322177  0.357500  0.270622  0.207687  0.269192  0.292095  0.040644  0.251945  0.149597  0.230057  0.388051  0.684772  0.273444  0.432892  0.732688  0.138278  0.407575  0.423921  0.689538  0.741624 
14  0.739947  0.508024  0.605820  0.089126  0.576685  0.520544  0.448785  0.189953  0.517414  0.580683  0.839688  0.584908  0.109679  0.893468 0.0  0.511472  0.481435  0.538379  0.910054  0.366925  0.442615  0.534458  0.550437  0.618635  0.436462  0.500575  0.490929  0.655480  0.642858  0.806242  0.450466  0.596987  0.493025  0.618797  0.620621  0.503234  0.729646  0.557271  0.517866  0.606295  0.508814  0.734768  0.222307  0.595490  0.411644  0.791519  0.553068  0.341762  0.766546  0.492757  0.490217  0.618975  0.722186  0.880992  0.783620  0.549474  0.837594  0.649274  0.496450  0.792040  0.811729  0.717858  0.737646  0.671327  0.388580  0.436638  0.564011  0.512975  0.827876  0.644621  0.734480  0.338165  0.396078 
15  0.373708  0.183840  0.264334  0.514414  0.467424  0.154471  0.032406  0.457077  0.099581  0.638119  0.368278  0.094705  0.455738  0.423373  0.511472 0.0  0.069233  0.107141  0.366501  0.043647  0.301833  0.032080  0.079619  0.209985  0.431640  0.055597  0.087682  0.176772  0.443965  0.337555  0.189700  0.162036  0.135447  0.558539  0.105603  0.115923  0.101673  0.139271  0.130965  0.115236  0.062580  0.347259  0.458843  0.415836  0.120141  0.341530  0.626382  0.194725  0.350352  0.000000  0.174604  0.205263  0.453544  0.414797  0.362643  0.142570  0.398733  0.296093  0.113244  0.353798  0.366444  0.337128  0.362319  0.282243  0.574278  0.146721  0.174549  0.494993  0.381579  0.125640  0.358168  0.271379  0.551338 
16  0.316254  0.113775  0.169094  0.620627  0.539798  0.213919  0.065760  0.415883  0.195594  0.362848  0.363907  0.061534  0.523623  0.271750  0.481435  0.069233 0.0  0.171941  0.291412  0.103152  0.302575  0.015515  0.089962  0.263738  0.506576  0.000000  0.099421  0.164017  0.342500  0.368175  0.157436  0.038617  0.243512  0.357615  0.014731  0.085032  0.141254  0.319795  0.221695  0.188503  0.070914  0.413383  0.474996  0.400427  0.058589  0.319388  0.488362  0.075712  0.264494  0.098677  0.124970  0.163985  0.366010  0.245223  0.332137  0.223516  0.369741  0.356626  0.093095  0.387566  0.404123  0.328703  0.301750  0.241943  0.598271  0.116860  0.090512  0.406183  0.347475  0.062204  0.307494  0.235969  0.584460 
17  0.323707  0.087052  0.266718  0.494759  0.580138  0.220908  0.141663  0.452897  0.231502  0.356360  0.368111  0.000000  0.569357  0.382142  0.538379  0.107141  0.171941 0.0  0.393540  0.120651  0.294979  0.123822  0.222755  0.254779  0.290288  0.155233  0.045673  0.284949  0.417717  0.387810  0.099801  0.104995  0.153539  0.551743  0.148197  0.020375  0.166166  0.146625  0.165719  0.131111  0.132139  0.464613  0.440201  0.548550  0.039790  0.384527  0.401641  0.172504  0.325710  0.215832  0.161824  0.264320  0.387448  0.355139  0.342264  0.130120  0.411971  0.119535  0.172668  0.286736  0.350878  0.407189  0.448754  0.290218  0.481713  0.031750  0.224669  0.461561  0.333801  0.156206  0.453336  0.385821  0.493013 
18  0.329361  0.496238  0.319412  0.656076  0.881986  0.258031  0.387642  0.774699  0.326212  0.712304  0.164500  0.458374  0.856235  0.223124  0.910054  0.366501  0.291412  0.393540 0.0  0.431911  0.614313  0.447236  0.388954  0.243863  0.424701  0.487299  0.322683  0.292464  0.310743  0.195245  0.368841  0.417172  0.305172  0.707338  0.458205  0.291115  0.445121  0.302276  0.382899  0.382300  0.369565  0.007695  0.738749  0.851882  0.521095  0.131593  0.793312  0.342392  0.140704  0.423911  0.417151  0.285010  0.353342  0.391046  0.304368  0.267068  0.229972  0.281596  0.291898  0.124719  0.238363  0.103381  0.118361  0.282733  0.652245  0.343659  0.403864  0.743089  0.141443  0.558041  0.352202  0.597203  0.705152 
19  0.449401  0.197429  0.289557  0.470641  0.576201  0.049105  0.029077  0.469331  0.082625  0.538288  0.411197  0.232427  0.493328  0.378570  0.366925  0.043647  0.103152  0.120651  0.431911 0.0  0.300231  0.130853  0.042457  0.141989  0.479585  0.007635  0.012705  0.205902  0.388755  0.381455  0.034180  0.136972  0.063363  0.496672  0.177166  0.260493  0.136039  0.099290  0.144952  0.212122  0.134789  0.348554  0.521277  0.586612  0.206562  0.437003  0.493927  0.135639  0.282813  0.170057  0.143687  0.270180  0.399331  0.311404  0.306603  0.211103  0.428277  0.290380  0.099257  0.372211  0.336549  0.491730  0.302559  0.285339  0.500720  0.058186  0.042750  0.513770  0.438824  0.150649  0.381946  0.276267  0.506606 
20  0.420747  0.378070  0.478162  0.196644  0.419429  0.289444  0.429058  0.421117  0.287459  0.334097  0.642178  0.386457  0.380279  0.701477  0.442615  0.301833  0.302575  0.294979  0.614313  0.300231 0.0  0.205946  0.262772  0.390073  0.508559  0.389726  0.203546  0.374383  0.456678  0.533203  0.328833  0.333612  0.370148  0.363713  0.315838  0.339591  0.313856  0.302951  0.289985  0.219456  0.249902  0.548764  0.347315  0.431548  0.348273  0.563882  0.390271  0.226618  0.627649  0.401595  0.350564  0.480111  0.487538  0.513871  0.364259  0.333139  0.715851  0.507016  0.226479  0.631369  0.727573  0.697395  0.511001  0.563875  0.283272  0.183176  0.382500  0.345276  0.580363  0.351045  0.613497  0.311797  0.293408 
21  0.283229  0.057346  0.154725  0.480111  0.414927  0.069230  0.145052  0.528438  0.041626  0.498223  0.360140  0.024658  0.554148  0.351746  0.534458  0.032080  0.015515  0.123822  0.447236  0.130853  0.205946 0.0  0.064256  0.388582  0.455760  0.090178  0.124472  0.272788  0.350616  0.375464  0.102199  0.051016  0.040524  0.517396  0.068810  0.251146  0.076661  0.118181  0.045933  0.039693  0.032318  0.426681  0.659833  0.448931  0.000000  0.296692  0.476418  0.021069  0.242410  0.082706  0.000000  0.213346  0.325062  0.344534  0.281626  0.139584  0.361874  0.179291  0.162438  0.444515  0.373130  0.325849  0.267798  0.238077  0.406390  0.174291  0.011986  0.514213  0.233552  0.149032  0.331203  0.358925  0.417748 
22  0.312977  0.152319  0.229098  0.480414  0.477861  0.040514  0.109454  0.423390  0.030174  0.517607  0.294415  0.035916  0.438466  0.322503  0.550437  0.079619  0.089962  0.222755  0.388954  0.042457  0.262772  0.064256 0.0  0.338610  0.408246  0.115764  0.128128  0.241050  0.288274  0.269474  0.215006  0.084116  0.069391  0.493746  0.002895  0.166252  0.078746  0.046305  0.000000  0.043232  0.017062  0.432910  0.439812  0.513247  0.125783  0.290657  0.511668  0.186763  0.195287  0.083351  0.107437  0.221208  0.309051  0.326497  0.280325  0.055896  0.259249  0.373916  0.028283  0.512666  0.296988  0.321132  0.345984  0.208012  0.459304  0.035516  0.054265  0.468261  0.200666  0.004760  0.251881  0.358823  0.429637 
23  0.310164  0.309853  0.263584  0.630843  0.604278  0.161683  0.219631  0.553080  0.394967  0.538919  0.166127  0.258437  0.617474  0.237485  0.618635  0.209985  0.263738  0.254779  0.243863  0.141989  0.390073  0.388582  0.338610 0.0  0.444381  0.295272  0.233641  0.204673  0.263435  0.223951  0.296855  0.193320  0.177280  0.635201  0.314793  0.226275  0.271526  0.298769  0.097985  0.275179  0.200232  0.203012  0.635549  0.676993  0.178983  0.282102  0.652021  0.147981  0.324622  0.210007  0.193929  0.191504  0.340066  0.258907  0.250690  0.237671  0.196382  0.339025  0.244343  0.234016  0.248784  0.306836  0.333001  0.305533  0.656462  0.229543  0.292933  0.688537  0.201530  0.246721  0.247019  0.415643  0.642924 
24  0.440830  0.483727  0.453939  0.484205  0.443721  0.409822  0.433083  0.401229  0.438977  0.419385  0.449684  0.501964  0.339724  0.433396  0.436462  0.431640  0.506576  0.290288  0.424701  0.479585  0.508559  0.455760  0.408246  0.444381 0.0  0.415648  0.490333  0.378798  0.529564  0.443463  0.354410  0.411099  0.504738  0.457765  0.434651  0.455944  0.356430  0.494854  0.525888  0.410553  0.401699  0.471876  0.361409  0.458393  0.460309  0.511410  0.430896  0.387552  0.370412  0.355544  0.366702  0.453588  0.463934  0.410845  0.445951  0.446717  0.537954  0.550063  0.489045  0.399143  0.481845  0.391421  0.402685  0.450220  0.492161  0.472586  0.420935  0.560382  0.405930  0.579623  0.530987  0.401535  0.522066 
25  0.302477  0.258468  0.184677  0.444822  0.551260  0.000000  0.163070  0.529400  0.052985  0.461323  0.452235  0.202062  0.689643  0.384355  0.500575  0.055597  0.000000  0.155233  0.487299  0.007635  0.389726  0.090178  0.115764  0.295272  0.415648 0.0  0.143177  0.210978  0.362862  0.371688  0.133555  0.153197  0.011856  0.530173  0.141214  0.184257  0.181102  0.089409  0.114459  0.076849  0.044571  0.410475  0.605213  0.568413  0.228627  0.411279  0.581680  0.099913  0.383877  0.216564  0.206259  0.214822  0.303093  0.301346  0.317212  0.043942  0.365697  0.317034  0.000000  0.275659  0.398103  0.448566  0.443537  0.276223  0.484653  0.072069  0.202239  0.501021  0.499948  0.232254  0.289046  0.315558  0.414364 
26  0.381888  0.073006  0.165506  0.479722  0.412757  0.089642  0.018849  0.485029  0.178229  0.458555  0.330334  0.134114  0.373398  0.342766  0.490929  0.087682  0.099421  0.045673  0.322683  0.012705  0.203546  0.124472  0.128128  0.233641  0.490333  0.143177 0.0  0.290532  0.334408  0.482479  0.193800  0.046731  0.076976  0.569019  0.102994  0.190453  0.037678  0.065267  0.047031  0.048904  0.082917  0.391345  0.436023  0.473571  0.060731  0.329705  0.547597  0.031292  0.311012  0.000000  0.089866  0.227676  0.424587  0.286971  0.395216  0.000000  0.356456  0.294232  0.212969  0.382295  0.262019  0.385812  0.266239  0.249861  0.489797  0.024100  0.000000  0.588700  0.298244  0.035843  0.236366  0.346488  0.483252 
27  0.241757  0.168574  0.258657  0.640027  0.643008  0.147855  0.326662  0.703503  0.221936  0.633988  0.187408  0.293475  0.622547  0.282220  0.655480  0.176772  0.164017  0.284949  0.292464  0.205902  0.374383  0.272788  0.241050  0.204673  0.378798  0.210978  0.290532 0.0  0.255329  0.288308  0.270675  0.300176  0.335007  0.659286  0.279801  0.235494  0.238302  0.200452  0.315377  0.094974  0.179627  0.212583  0.717984  0.629941  0.239217  0.164650  0.753383  0.236639  0.196306  0.309789  0.204140  0.251489  0.196197  0.288434  0.300189  0.242492  0.260704  0.210353  0.261519  0.301232  0.224191  0.213408  0.222702  0.250355  0.696375  0.249269  0.244738  0.513677  0.328762  0.331286  0.261122  0.488185  0.681549 
28  0.223417  0.228969  0.375665  0.826417  0.767429  0.363166  0.259584  0.705542  0.202786  0.683721  0.328251  0.246330  0.650790  0.444943  0.642858  0.443965  0.342500  0.417717  0.310743  0.388755  0.456678  0.350616  0.288274  0.263435  0.529564  0.362862  0.334408  0.255329 0.0  0.364835  0.317194  0.243581  0.251669  0.623068  0.361348  0.417287  0.290759  0.385945  0.359031  0.323962  0.349781  0.321493  0.872554  0.724384  0.314126  0.288283  0.762462  0.390461  0.399249  0.320068  0.236553  0.238130  0.125218  0.208498  0.266355  0.355361  0.405290  0.206708  0.453474  0.370070  0.337295  0.303712  0.374939  0.286960  0.735837  0.260670  0.388097  0.749412  0.265736  0.347464  0.168058  0.565381  0.867788 
29  0.431439  0.405763  0.330013  0.779256  0.755234  0.365868  0.333524  0.835581  0.339040  0.715270  0.256531  0.401502  0.692578  0.111889  0.806242  0.337555  0.368175  0.387810  0.195245  0.381455  0.533203  0.375464  0.269474  0.223951  0.443463  0.371688  0.482479  0.288308  0.364835 0.0  0.296942  0.362875  0.338161  0.730783  0.393503  0.357516  0.455528  0.316200  0.447114  0.368914  0.306990  0.045118  0.790865  0.728650  0.357716  0.123302  0.787232  0.354095  0.163452  0.437640  0.392333  0.281534  0.385063  0.490463  0.427456  0.474684  0.094177  0.277285  0.251029  0.181795  0.109329  0.169853  0.190268  0.333157  0.747808  0.415688  0.413726  0.735575  0.080036  0.381378  0.366595  0.574043  0.767053 
30  0.477139  0.146142  0.270056  0.546436  0.484924  0.203755  0.185119  0.421830  0.177672  0.498363  0.405049  0.123937  0.488702  0.317592  0.450466  0.189700  0.157436  0.099801  0.368841  0.034180  0.328833  0.102199  0.215006  0.296855  0.354410  0.133555  0.193800  0.270675  0.317194  0.296942 0.0  0.086743  0.137155  0.585408  0.098918  0.208423  0.160311  0.139249  0.105564  0.136710  0.217307  0.291749  0.527728  0.556732  0.138786  0.356430  0.420749  0.148757  0.338347  0.157671  0.173846  0.202146  0.447832  0.315314  0.374555  0.113880  0.356810  0.157508  0.066125  0.375618  0.405767  0.451891  0.454564  0.250976  0.432384  0.045009  0.091822  0.601211  0.374466  0.194430  0.421095  0.399525  0.623790 
31  0.302209  0.274650  0.229527  0.467220  0.491554  0.172925  0.119269  0.620915  0.117554  0.552560  0.486817  0.068278  0.631668  0.477765  0.596987  0.162036  0.038617  0.104995  0.417172  0.136972  0.333612  0.051016  0.084116  0.193320  0.411099  0.153197  0.046731  0.300176  0.243581  0.362875  0.086743 0.0  0.057879  0.498683  0.112947  0.232329  0.177716  0.000000  0.083512  0.063007  0.162824  0.376446  0.486088  0.587072  0.178315  0.479792  0.528107  0.001134  0.444822  0.358141  0.232789  0.167734  0.322053  0.307752  0.273928  0.014249  0.415530  0.303538  0.047614  0.454053  0.403337  0.497370  0.569101  0.256926  0.449431  0.033015  0.221936  0.520585  0.509397  0.165364  0.210965  0.296814  0.426374 
32  0.378671  0.112617  0.255417  0.622408  0.431855  0.252748  0.071666  0.342312  0.201040  0.491077  0.266223  0.000000  0.479460  0.348929  0.493025  0.135447  0.243512  0.153539  0.305172  0.063363  0.370148  0.040524  0.069391  0.177280  0.504738  0.011856  0.076976  0.335007  0.251669  0.338161  0.137155  0.057879 0.0  0.520177  0.058483  0.023818  0.011364  0.212179  0.255287  0.126699  0.143529  0.398239  0.453521  0.483915  0.057401  0.242875  0.397845  0.033211  0.296385  0.138270  0.000000  0.302784  0.318006  0.400589  0.411806  0.148350  0.278623  0.161328  0.067780  0.391850  0.283796  0.332728  0.312904  0.212971  0.612308  0.167395  0.049101  0.522776  0.389474  0.139025  0.283761  0.262639  0.515603 
33  0.689842  0.584832  0.595900  0.475630  0.163138  0.534505  0.539301  0.505108  0.451866  0.086557  0.768962  0.561607  0.666047  0.933254  0.618797  0.558539  0.357615  0.551743  0.707338  0.496672  0.363713  0.517396  0.493746  0.635201  0.457765  0.530173  0.569019  0.659286  0.623068  0.730783  0.585408  0.498683  0.520177 0.0  0.596338  0.425529  0.554595  0.456569  0.422442  0.523015  0.474399  0.751324  0.529919  0.150013  0.717752  0.816048  0.123532  0.479618  0.867128  0.547606  0.575120  0.640556  0.835270  0.627700  0.699687  0.410352  0.865578  0.583895  0.405912  0.866324  1.000000  0.772893  0.829372  0.662575  0.061209  0.377564  0.466843  0.196295  0.865942  0.576952  0.669400  0.365589  0.065514 
34  0.307574  0.201955  0.259973  0.452413  0.661529  0.188824  0.165500  0.532281  0.026059  0.423464  0.406182  0.196100  0.594596  0.433366  0.620621  0.105603  0.014731  0.148197  0.458205  0.177166  0.315838  0.068810  0.002895  0.314793  0.434651  0.141214  0.102994  0.279801  0.361348  0.393503  0.098918  0.112947  0.058483  0.596338 0.0  0.199274  0.269685  0.000000  0.152372  0.085270  0.108208  0.449713  0.405275  0.551628  0.173412  0.457008  0.597358  0.139786  0.333733  0.260683  0.283793  0.288183  0.282038  0.238538  0.396152  0.070422  0.432957  0.203684  0.189799  0.332056  0.497961  0.382753  0.461175  0.301787  0.349136  0.069912  0.257187  0.589360  0.467749  0.250433  0.423092  0.422585  0.543068 
35  0.337717  0.059259  0.264014  0.504205  0.562906  0.145958  0.059140  0.569409  0.067216  0.432479  0.342808  0.149832  0.436376  0.330284  0.503234  0.115923  0.085032  0.020375  0.291115  0.260493  0.339591  0.251146  0.166252  0.226275  0.455944  0.184257  0.190453  0.235494  0.417287  0.357516  0.208423  0.232329  0.023818  0.425529  0.199274 0.0  0.059177  0.114280  0.217827  0.100054  0.162113  0.347835  0.611625  0.420143  0.126536  0.260288  0.410407  0.098874  0.466853  0.123730  0.098794  0.265387  0.355573  0.303972  0.408932  0.134086  0.364587  0.301536  0.198136  0.430046  0.384199  0.390212  0.440397  0.213761  0.490657  0.117692  0.141480  0.612009  0.399003  0.163224  0.466876  0.314769  0.541531 
36  0.388071  0.233456  0.270144  0.554771  0.519142  0.078616  0.210289  0.578944  0.111760  0.443121  0.446703  0.063075  0.614610  0.368022  0.729646  0.101673  0.141254  0.166166  0.445121  0.136039  0.313856  0.076661  0.078746  0.271526  0.356430  0.181102  0.037678  0.238302  0.290759  0.455528  0.160311  0.177716  0.011364  0.554595  0.269685  0.059177 0.0  0.086946  0.108581  0.113192  0.128308  0.366800  0.611314  0.548501  0.169959  0.497002  0.559082  0.180433  0.508610  0.257607  0.172970  0.210375  0.397756  0.401615  0.133524  0.010572  0.307438  0.336385  0.025069  0.407984  0.373164  0.377638  0.443365  0.295740  0.402129  0.000000  0.172458  0.646078  0.373745  0.130321  0.285559  0.353780  0.528560 
37  0.285088  0.032378  0.241787  0.543422  0.342506  0.173451  0.122223  0.481042  0.202738  0.477476  0.334574  0.108807  0.366179  0.259376  0.557271  0.139271  0.319795  0.146625  0.302276  0.099290  0.302951  0.118181  0.046305  0.298769  0.494854  0.089409  0.065267  0.200452  0.385945  0.316200  0.139249  0.000000  0.212179  0.456569  0.000000  0.114280  0.086946 0.0  0.214842  0.237237  0.177300  0.356130  0.549753  0.501592  0.045881  0.234324  0.495056  0.089182  0.302238  0.080243  0.086088  0.244585  0.356067  0.293733  0.242786  0.188825  0.349162  0.257631  0.082803  0.414546  0.355498  0.275597  0.251432  0.294685  0.591773  0.160359  0.007601  0.484939  0.354444  0.044487  0.435581  0.384372  0.624109 
38  0.386595  0.073861  0.264326  0.540444  0.404778  0.190301  0.037913  0.549367  0.197686  0.433674  0.289521  0.077943  0.446587  0.402392  0.517866  0.130965  0.221695  0.165719  0.382899  0.144952  0.289985  0.045933  0.000000  0.097985  0.525888  0.114459  0.047031  0.315377  0.359031  0.447114  0.105564  0.083512  0.255287  0.422442  0.152372  0.217827  0.108581  0.214842 0.0  0.238261  0.065676  0.359452  0.544446  0.408514  0.091542  0.262419  0.414046  0.243958  0.389043  0.072069  0.121649  0.255610  0.339245  0.403730  0.308010  0.185342  0.438448  0.193415  0.093804  0.331537  0.327787  0.284687  0.253638  0.205410  0.538260  0.237207  0.031412  0.503379  0.284417  0.123287  0.430899  0.300595  0.565921 
39  0.368027  0.000000  0.340062  0.545072  0.492426  0.127759  0.068201  0.464290  0.245572  0.477967  0.217879  0.053100  0.350914  0.382707  0.606295  0.115236  0.188503  0.131111  0.382300  0.212122  0.219456  0.039693  0.043232  0.275179  0.410553  0.076849  0.048904  0.094974  0.323962  0.368914  0.136710  0.063007  0.126699  0.523015  0.085270  0.100054  0.113192  0.237237  0.238261 0.0  0.339155  0.414030  0.441645  0.535893  0.055855  0.273401  0.542467  0.009537  0.316097  0.227640  0.000000  0.300617  0.301834  0.402482  0.343390  0.102156  0.375190  0.243981  0.038689  0.303743  0.404746  0.411120  0.384072  0.188067  0.544316  0.305759  0.104827  0.492183  0.232480  0.024905  0.324494  0.323836  0.561492 
40  0.258583  0.000000  0.239818  0.608652  0.497324  0.132065  0.115644  0.355434  0.332226  0.589503  0.188311  0.064706  0.460887  0.361351  0.508814  0.062580  0.070914  0.132139  0.369565  0.134789  0.249902  0.032318  0.017062  0.200232  0.401699  0.044571  0.082917  0.179627  0.349781  0.306990  0.217307  0.162824  0.143529  0.474399  0.108208  0.162113  0.128308  0.177300  0.065676  0.339155 0.0  0.421137  0.579083  0.411808  0.096088  0.375541  0.525677  0.075521  0.276424  0.040001  0.093199  0.194985  0.448990  0.255234  0.310437  0.105731  0.292205  0.226391  0.151197  0.430342  0.356891  0.298511  0.370410  0.242239  0.550544  0.199574  0.031701  0.437273  0.263579  0.289227  0.387967  0.238078  0.590722 
41  0.406568  0.450312  0.248510  0.843479  0.768519  0.488902  0.428602  0.830998  0.389934  0.661105  0.123923  0.351066  0.779381  0.092426  0.734768  0.347259  0.413383  0.464613  0.007695  0.348554  0.548764  0.426681  0.432910  0.203012  0.471876  0.410475  0.391345  0.212583  0.321493  0.045118  0.291749  0.376446  0.398239  0.751324  0.449713  0.347835  0.366800  0.356130  0.359452  0.414030  0.421137 0.0  0.757197  0.786450  0.360164  0.048130  0.805919  0.493600  0.131796  0.357603  0.365150  0.295633  0.342278  0.369760  0.365670  0.352368  0.213170  0.244237  0.429896  0.099248  0.151586  0.120561  0.056537  0.278547  0.747027  0.336268  0.453510  0.762205  0.134379  0.383249  0.348312  0.522148  0.719769 
42  0.742711  0.551524  0.599327  0.094187  0.456484  0.548472  0.525731  0.114933  0.479829  0.472441  0.828930  0.601003  0.099753  0.744993  0.222307  0.458843  0.474996  0.440201  0.738749  0.521277  0.347315  0.659833  0.439812  0.635549  0.361409  0.605213  0.436023  0.717984  0.872554  0.790865  0.527728  0.486088  0.453521  0.529919  0.405275  0.611625  0.611314  0.549753  0.544446  0.441645  0.579083  0.757197 0.0  0.522380  0.492709  0.708249  0.403288  0.531266  0.818826  0.509100  0.440742  0.533029  0.703018  0.749511  0.789420  0.557236  0.743747  0.616509  0.522167  0.741135  0.796329  0.788455  0.729445  0.595977  0.530497  0.582623  0.506519  0.504336  0.714957  0.482326  0.721563  0.249133  0.505370 
43  0.770010  0.550156  0.662356  0.394305  0.214964  0.414202  0.566821  0.584401  0.486923  0.075656  0.816761  0.647101  0.544246  0.776115  0.595490  0.415836  0.400427  0.548550  0.851882  0.586612  0.431548  0.448931  0.513247  0.676993  0.458393  0.568413  0.473571  0.629941  0.724384  0.728650  0.556732  0.587072  0.483915  0.150013  0.551628  0.420143  0.548501  0.501592  0.408514  0.535893  0.411808  0.786450  0.522380 0.0  0.567194  0.848034  0.171881  0.505900  0.718022  0.540870  0.578557  0.692558  0.656884  0.727485  0.734706  0.385674  0.822057  0.543424  0.478795  0.767363  0.841343  0.939225  0.908096  0.689251  0.000000  0.510455  0.559563  0.171564  0.713934  0.470698  0.675858  0.293021  0.118066 
44  0.397890  0.238177  0.287314  0.417149  0.633696  0.164637  0.193127  0.591962  0.014735  0.683777  0.454482  0.140435  0.555690  0.483062  0.411644  0.120141  0.058589  0.039790  0.521095  0.206562  0.348273  0.000000  0.125783  0.178983  0.460309  0.228627  0.060731  0.239217  0.314126  0.357716  0.138786  0.178315  0.057401  0.717752  0.173412  0.126536  0.169959  0.045881  0.091542  0.055855  0.096088  0.360164  0.492709  0.567194 0.0  0.396767  0.551931  0.240769  0.355993  0.140837  0.179297  0.257751  0.221393  0.308733  0.325691  0.061178  0.385258  0.125021  0.029944  0.440632  0.351274  0.513812  0.506607  0.302665  0.489821  0.108352  0.177141  0.487747  0.459371  0.176075  0.208522  0.333216  0.558349 
45  0.375430  0.513887  0.279258  0.568748  0.859453  0.339805  0.460024  0.931602  0.259356  0.786294  0.172122  0.488535  0.751448  0.229508  0.791519  0.341530  0.319388  0.384527  0.131593  0.437003  0.563882  0.296692  0.290657  0.282102  0.511410  0.411279  0.329705  0.164650  0.288283  0.123302  0.356430  0.479792  0.242875  0.816048  0.457008  0.260288  0.497002  0.234324  0.262419  0.273401  0.375541  0.048130  0.708249  0.848034  0.396767 0.0  0.847160  0.260113  0.205527  0.391227  0.423237  0.206434  0.354228  0.179161  0.386592  0.342902  0.207963  0.259957  0.330456  0.158180  0.251505  0.223760  0.154748  0.349790  0.716999  0.335376  0.413096  0.694238  0.173795  0.404666  0.293000  0.562839  0.722632 
46  0.716665  0.508472  0.566073  0.428394  0.157906  0.337019  0.511962  0.565065  0.653110  0.115285  0.933863  0.542916  0.560729  0.823300  0.553068  0.626382  0.488362  0.401641  0.793312  0.493927  0.390271  0.476418  0.511668  0.652021  0.430896  0.581680  0.547597  0.753383  0.762462  0.787232  0.420749  0.528107  0.397845  0.123532  0.597358  0.410407  0.559082  0.495056  0.414046  0.542467  0.525677  0.805919  0.403288  0.171881  0.551931  0.847160 0.0  0.489845  0.825848  0.669425  0.584478  0.593583  0.682442  0.693460  0.663925  0.389633  0.824634  0.586041  0.478643  0.878390  0.844554  0.698956  0.799855  0.608644  0.053327  0.498780  0.497058  0.216535  0.847089  0.548275  0.688628  0.389879  0.104544 
47  0.254336  0.089736  0.182124  0.388144  0.356585  0.007341  0.020238  0.454025  0.022185  0.479081  0.264059  0.134907  0.454729  0.267082  0.341762  0.194725  0.075712  0.172504  0.342392  0.135639  0.226618  0.021069  0.186763  0.147981  0.387552  0.099913  0.031292  0.236639  0.390461  0.354095  0.148757  0.001134  0.033211  0.479618  0.139786  0.098874  0.180433  0.089182  0.243958  0.009537  0.075521  0.493600  0.531266  0.505900  0.240769  0.260113  0.489845 0.0  0.259620  0.180669  0.124722  0.230752  0.372530  0.338590  0.283900  0.136117  0.303485  0.246672  0.031547  0.383748  0.310014  0.287336  0.323808  0.201635  0.456152  0.057602  0.084996  0.527638  0.342951  0.007271  0.230265  0.304147  0.473536 
48  0.337718  0.420082  0.231028  0.704984  0.755633  0.376972  0.499273  0.780169  0.251065  0.726982  0.185122  0.414082  0.838671  0.155762  0.766546  0.350352  0.264494  0.325710  0.140704  0.282813  0.627649  0.242410  0.195287  0.324622  0.370412  0.383877  0.311012  0.196306  0.399249  0.163452  0.338347  0.444822  0.296385  0.867128  0.333733  0.466853  0.508610  0.302238  0.389043  0.316097  0.276424  0.131796  0.818826  0.718022  0.355993  0.205527  0.825848  0.259620 0.0  0.314513  0.423752  0.339709  0.309295  0.328929  0.300052  0.403103  0.169912  0.344167  0.342072  0.181925  0.314236  0.157828  0.143106  0.194973  0.671054  0.311511  0.381223  0.835918  0.198537  0.405462  0.323799  0.660416  0.818740 
49  0.267024  0.212448  0.175195  0.441598  0.640076  0.111458  0.285896  0.564054  0.175662  0.510693  0.404981  0.191686  0.532947  0.446663  0.492757  0.000000  0.098677  0.215832  0.423911  0.170057  0.401595  0.082706  0.083351  0.210007  0.355544  0.216564  0.000000  0.309789  0.320068  0.437640  0.157671  0.358141  0.138270  0.547606  0.260683  0.123730  0.257607  0.080243  0.072069  0.227640  0.040001  0.357603  0.509100  0.540870  0.140837  0.391227  0.669425  0.180669  0.314513 0.0  0.220916  0.241367  0.328852  0.367853  0.346680  0.159452  0.565544  0.308171  0.080645  0.353338  0.272010  0.370223  0.453726  0.139380  0.441190  0.091864  0.207545  0.542791  0.404724  0.153601  0.360419  0.421309  0.488571 
50  0.356454  0.171808  0.294978  0.466917  0.616947  0.000000  0.099518  0.649958  0.101357  0.465628  0.475075  0.245281  0.541530  0.410705  0.490217  0.174604  0.124970  0.161824  0.417151  0.143687  0.350564  0.000000  0.107437  0.193929  0.366702  0.206259  0.089866  0.204140  0.236553  0.392333  0.173846  0.232789  0.000000  0.575120  0.283793  0.098794  0.172970  0.086088  0.121649  0.000000  0.093199  0.365150  0.440742  0.578557  0.179297  0.423237  0.584478  0.124722  0.423752  0.220916 0.0  0.273318  0.278867  0.352136  0.261744  0.067017  0.502472  0.161444  0.071591  0.447834  0.362013  0.433455  0.336321  0.263604  0.570911  0.050267  0.215688  0.456651  0.513601  0.235360  0.338491  0.273916  0.483283 
51  0.355458  0.275510  0.332122  0.705325  0.727536  0.280623  0.259148  0.595924  0.214807  0.658541  0.215319  0.262872  0.575851  0.232962  0.618975  0.205263  0.163985  0.264320  0.285010  0.270180  0.480111  0.213346  0.221208  0.191504  0.453588  0.214822  0.227676  0.251489  0.238130  0.281534  0.202146  0.167734  0.302784  0.640556  0.288183  0.265387  0.210375  0.244585  0.255610  0.300617  0.194985  0.295633  0.533029  0.692558  0.257751  0.206434  0.593583  0.230752  0.339709  0.241367  0.273318 0.0  0.313511  0.251146  0.212570  0.314100  0.248002  0.257531  0.213759  0.239422  0.243517  0.252090  0.255081  0.320861  0.748472  0.270559  0.271988  0.550476  0.179508  0.181543  0.255517  0.411394  0.669128 
52  0.220552  0.327012  0.222133  0.697462  0.785161  0.260183  0.353188  0.729591  0.345164  0.728326  0.279840  0.300592  0.668071  0.288521  0.722186  0.453544  0.366010  0.387448  0.353342  0.399331  0.487538  0.325062  0.309051  0.340066  0.463934  0.303093  0.424587  0.196197  0.125218  0.385063  0.447832  0.322053  0.318006  0.835270  0.282038  0.355573  0.397756  0.356067  0.339245  0.301834  0.448990  0.342278  0.703018  0.656884  0.221393  0.354228  0.682442  0.372530  0.309295  0.328852  0.278867  0.313511 0.0  0.184968  0.158081  0.352074  0.306273  0.267711  0.311951  0.368797  0.229189  0.354166  0.301993  0.188312  0.718614  0.269397  0.344841  0.720391  0.133967  0.243978  0.117161  0.551518  0.738482 
53  0.325720  0.182886  0.281547  0.724232  0.771741  0.353183  0.296913  0.734115  0.372671  0.748711  0.354820  0.311345  0.712342  0.322177  0.880992  0.414797  0.245223  0.355139  0.391046  0.311404  0.513871  0.344534  0.326497  0.258907  0.410845  0.301346  0.286971  0.288434  0.208498  0.490463  0.315314  0.307752  0.400589  0.627700  0.238538  0.303972  0.401615  0.293733  0.403730  0.402482  0.255234  0.369760  0.749511  0.727485  0.308733  0.179161  0.693460  0.338590  0.328929  0.367853  0.352136  0.251146  0.184968 0.0  0.262561  0.383862  0.338757  0.212175  0.304481  0.388273  0.394433  0.329200  0.261360  0.379040  0.702781  0.234616  0.397422  0.717406  0.263334  0.403226  0.196519  0.469693  0.662980 
