73
0 0.0  0.593918  0.893894  0.350889  0.609526  0.495550  0.630212  0.656269  0.828786  0.868508  0.768483  0.557011  0.610406  0.601698  0.560405  0.675798  0.590053  0.885819  0.705886  0.504272  0.881063  0.160132  0.763789  0.534654  0.580350  0.568170  0.898368  0.555988  0.573018  0.944820  0.544240  0.561134  0.840873  0.049843  0.552309  0.609806  0.492387  0.565055  0.592422  0.511875  0.880603  0.545014  0.734610  0.600956  0.559524  0.917806  0.589442  0.867174  0.534136  0.565113  0.806836  0.818309  0.597041  0.602872  0.520462  0.804472  0.460734  0.492470  0.508825  0.515683  0.538741  0.839859  0.480523  0.793359  0.102545  0.577796  0.126065  0.599839  0.474198  0.443861  0.515180  0.312199  0.536292 
1  0.593918 0.0  0.411151  0.371533  0.225116  0.198985  0.037912  0.127392  0.316878  0.332011  0.236437  0.037511  0.098382  0.106310  0.051788  0.284394  0.000000  0.236510  0.340618  0.062024  0.288114  0.476074  0.226340  0.110221  0.139723  0.111183  0.376723  0.051247  0.074017  0.458384  0.000000  0.022614  0.322207  0.467560  0.085765  0.048981  0.000000  0.001242  0.062044  0.451713  0.317843  0.091463  0.350250  0.059163  0.053074  0.396710  0.048222  0.314693  0.214691  0.434244  0.368467  0.369410  0.066401  0.269565  0.019679  0.428455  0.006180  0.023564  0.509201  0.512513  0.000225  0.363175  0.092241  0.486328  0.731231  0.054874  0.444250  0.559521  0.000000  0.203836  0.259208  0.531035  0.095436 
2  0.893894  0.411151 0.0  0.604081  0.379708  0.503286  0.354590  0.290536  0.343609  0.505985  0.328420  0.288865  0.389374  0.372188  0.449506  0.267827  0.368176  0.135264  0.275289  0.385743  0.293947  0.650784  0.374260  0.343066  0.404546  0.351229  0.208439  0.319756  0.320466  0.439130  0.439203  0.359394  0.181262  0.836922  0.358562  0.228564  0.360113  0.279252  0.232949  0.790109  0.332153  0.264599  0.210019  0.392982  0.395975  0.243146  0.224387  0.341196  0.390490  0.823898  0.299757  0.333729  0.319855  0.320334  0.407930  0.081249  0.383723  0.343491  0.387484  0.769544  0.347898  0.208987  0.505098  0.487827  0.852232  0.296662  0.746817  0.777008  0.320572  0.474176  0.465653  0.665751  0.379872 
3  0.350889  0.371533  0.604081 0.0  0.371806  0.360296  0.409362  0.293800  0.715489  0.525265  0.536731  0.470577  0.359159  0.370654  0.362925  0.546911  0.348560  0.678994  0.552518  0.336531  0.563183  0.318703  0.485001  0.306198  0.337647  0.376373  0.588570  0.448822  0.312456  0.635110  0.316340  0.181461  0.575850  0.311244  0.370265  0.372455  0.292488  0.310972  0.374670  0.381083  0.647696  0.377059  0.621499  0.335354  0.332031  0.692600  0.283996  0.581725  0.424979  0.322143  0.571890  0.616349  0.265233  0.559831  0.210269  0.570742  0.358955  0.383955  0.419378  0.312700  0.456838  0.698473  0.399392  0.630077  0.321943  0.328526  0.322251  0.375301  0.411197  0.325451  0.315531  0.457526  0.400049 
4  0.609526  0.225116  0.379708  0.371806 0.0  0.125928  0.135657  0.184483  0.386494  0.462589  0.409440  0.205365  0.152085  0.163992  0.136566  0.271584  0.170094  0.354316  0.282931  0.089054  0.449119  0.462186  0.212183  0.049849  0.090945  0.228517  0.384941  0.114317  0.140770  0.461516  0.208895  0.185559  0.474179  0.495470  0.112498  0.155289  0.178929  0.167676  0.143995  0.604543  0.301790  0.159320  0.352785  0.173007  0.000000  0.390941  0.026366  0.460641  0.185234  0.612749  0.439149  0.369427  0.132072  0.319969  0.168116  0.380435  0.135321  0.117373  0.388909  0.560699  0.211917  0.427985  0.123197  0.353650  0.592711  0.175933  0.580271  0.514841  0.179819  0.157350  0.136153  0.372344  0.086447 
5  0.495550  0.198985  0.503286  0.360296  0.125928 0.0  0.079219  0.103528  0.378064  0.348328  0.346841  0.110956  0.203898  0.061350  0.025628  0.414474  0.000000  0.286984  0.231089  0.061804  0.226268  0.470442  0.229172  0.067568  0.000000  0.103353  0.345950  0.021942  0.102935  0.452934  0.020500  0.100955  0.432615  0.550484  0.102045  0.087714  0.058750  0.229244  0.025531  0.470999  0.221587  0.121132  0.376506  0.060261  0.175851  0.349854  0.154849  0.379663  0.148036  0.543824  0.385301  0.327953  0.124038  0.235364  0.061018  0.424223  0.084683  0.127044  0.493498  0.553197  0.084639  0.324587  0.108953  0.419416  0.547654  0.000000  0.472248  0.560396  0.086410  0.139536  0.158064  0.314209  0.030498 
6  0.630212  0.037912  0.354590  0.409362  0.135657  0.079219 0.0  0.159610  0.356904  0.388879  0.439240  0.069965  0.171916  0.150402  0.017331  0.334522  0.277497  0.397373  0.239105  0.050034  0.485296  0.554711  0.347400  0.171021  0.220141  0.128397  0.362746  0.142954  0.000000  0.514168  0.121560  0.031320  0.291197  0.501160  0.176253  0.196175  0.131314  0.170033  0.100674  0.446540  0.510232  0.052049  0.470794  0.218490  0.286195  0.300977  0.135702  0.505841  0.137611  0.614036  0.449831  0.524894  0.160699  0.271132  0.081531  0.454515  0.238304  0.204830  0.431563  0.477001  0.066874  0.481487  0.082368  0.431721  0.678723  0.096630  0.598560  0.595475  0.322157  0.138201  0.091255  0.313177  0.221986 
7  0.656269  0.127392  0.290536  0.293800  0.184483  0.103528  0.159610 0.0  0.382997  0.392775  0.537478  0.187281  0.095247  0.108806  0.078822  0.378757  0.156384  0.420749  0.202455  0.021143  0.372009  0.478766  0.135327  0.105858  0.296331  0.063598  0.361785  0.116101  0.000000  0.406909  0.006788  0.000000  0.248816  0.512365  0.328404  0.110575  0.034911  0.038413  0.000000  0.422733  0.498676  0.125988  0.416079  0.245486  0.296937  0.305961  0.056247  0.422263  0.232538  0.622662  0.443429  0.469999  0.308230  0.267210  0.112508  0.436261  0.110217  0.267975  0.484383  0.595759  0.103193  0.443297  0.100463  0.442737  0.486355  0.210261  0.579992  0.639391  0.254320  0.178353  0.040768  0.413755  0.167698 
8  0.828786  0.316878  0.343609  0.715489  0.386494  0.378064  0.356904  0.382997 0.0  0.163255  0.000000  0.287122  0.374907  0.557143  0.468219  0.280203  0.284010  0.358198  0.185137  0.338559  0.050923  0.942411  0.244686  0.256005  0.220554  0.268311  0.260488  0.308097  0.462876  0.167104  0.465018  0.465463  0.265135  0.710632  0.353654  0.378973  0.528192  0.513338  0.497569  0.842251  0.055270  0.398868  0.091687  0.333090  0.376870  0.293818  0.393010  0.245381  0.336712  0.791214  0.031369  0.046972  0.290050  0.287325  0.469965  0.357362  0.364165  0.314777  0.515556  0.898992  0.415890  0.143051  0.318317  0.173137  0.735026  0.349804  0.902409  0.624545  0.329424  0.345614  0.430523  0.555930  0.396436 
9  0.868508  0.332011  0.505985  0.525265  0.462589  0.348328  0.388879  0.392775  0.163255 0.0  0.109842  0.400762  0.397298  0.398803  0.484317  0.316145  0.411887  0.396781  0.241046  0.312286  0.132636  0.893098  0.373405  0.313906  0.413267  0.425121  0.404049  0.476822  0.293487  0.183790  0.462138  0.444842  0.404151  0.849554  0.441670  0.453117  0.348960  0.485406  0.389283  0.790183  0.084529  0.418341  0.142380  0.370559  0.382041  0.348624  0.394820  0.119848  0.541179  0.820520  0.133152  0.158761  0.425658  0.318489  0.380768  0.404324  0.476698  0.501262  0.420512  0.976994  0.394696  0.113118  0.439443  0.095104  0.763699  0.468544  0.811531  0.803678  0.376238  0.338760  0.344413  0.662798  0.388236 
10  0.768483  0.236437  0.328420  0.536731  0.409440  0.346841  0.439240  0.537478  0.000000  0.109842 0.0  0.547213  0.405595  0.388812  0.285261  0.339569  0.450050  0.273539  0.137913  0.319794  0.355978  0.796798  0.225984  0.467033  0.501380  0.377658  0.192308  0.425575  0.372357  0.165566  0.348312  0.411652  0.282840  0.753234  0.548902  0.511810  0.309927  0.412604  0.434914  0.761329  0.111545  0.458472  0.149192  0.413743  0.450997  0.371935  0.337527  0.123634  0.352970  0.861393  0.219444  0.215347  0.441056  0.401806  0.313483  0.473721  0.446001  0.426332  0.506737  0.763859  0.163185  0.227493  0.377120  0.157911  0.767783  0.442922  0.804276  0.986245  0.569370  0.382514  0.211564  0.697051  0.524059 
11  0.557011  0.037511  0.288865  0.470577  0.205365  0.110956  0.069965  0.187281  0.287122  0.400762  0.547213 0.0  0.061758  0.093585  0.084399  0.244131  0.142117  0.311772  0.237029  0.075038  0.583016  0.571509  0.307411  0.178678  0.180880  0.062743  0.413254  0.159952  0.007535  0.501223  0.035613  0.169103  0.267073  0.495009  0.166739  0.201677  0.000000  0.152764  0.057010  0.432345  0.475102  0.019682  0.388795  0.331631  0.171763  0.362039  0.120427  0.526328  0.209231  0.631494  0.481092  0.520553  0.153326  0.389618  0.030175  0.448241  0.134442  0.171778  0.519244  0.562731  0.117336  0.562505  0.058273  0.502197  0.627184  0.270902  0.688381  0.632283  0.344850  0.136442  0.001469  0.415933  0.162379 
12  0.610406  0.098382  0.389374  0.359159  0.152085  0.203898  0.171916  0.095247  0.374907  0.397298  0.405595  0.061758 0.0  0.187845  0.202154  0.287020  0.096070  0.406562  0.359269  0.225430  0.443033  0.546070  0.215865  0.110897  0.222239  0.205670  0.429528  0.179144  0.173172  0.266633  0.122155  0.276077  0.495439  0.574377  0.136853  0.142032  0.169090  0.128757  0.144790  0.568923  0.328439  0.133727  0.394530  0.113860  0.094413  0.405960  0.147890  0.350161  0.141650  0.492887  0.416135  0.369093  0.231923  0.268695  0.086012  0.345981  0.142972  0.282693  0.526081  0.560100  0.101968  0.528585  0.225974  0.390754  0.551953  0.023093  0.547386  0.610038  0.100856  0.089901  0.105507  0.408884  0.000000 
13  0.601698  0.106310  0.372188  0.370654  0.163992  0.061350  0.150402  0.108806  0.557143  0.398803  0.388812  0.093585  0.187845 0.0  0.253943  0.282683  0.000000  0.404026  0.202719  0.098759  0.408913  0.677364  0.395977  0.068575  0.000000  0.063523  0.369888  0.074415  0.179319  0.413044  0.287775  0.239141  0.361197  0.376866  0.000000  0.156654  0.266422  0.190802  0.140784  0.549654  0.222335  0.234878  0.330293  0.126256  0.054805  0.326967  0.073505  0.295876  0.286959  0.584497  0.427154  0.341933  0.123044  0.197627  0.183558  0.437546  0.110443  0.091145  0.500576  0.623829  0.169971  0.293894  0.187023  0.402812  0.476203  0.027304  0.456987  0.610582  0.065950  0.126425  0.040935  0.256610  0.089484 
14  0.560405  0.051788  0.449506  0.362925  0.136566  0.025628  0.017331  0.078822  0.468219  0.484317  0.285261  0.084399  0.202154  0.253943 0.0  0.303627  0.085547  0.383959  0.314075  0.240235  0.377632  0.711983  0.273286  0.165851  0.051845  0.040495  0.416577  0.106768  0.218848  0.393379  0.373769  0.188354  0.336259  0.405984  0.065226  0.084240  0.165948  0.219747  0.255814  0.702552  0.396823  0.118858  0.381937  0.184912  0.000000  0.468730  0.151641  0.321371  0.152547  0.387769  0.352945  0.325921  0.140220  0.268621  0.148998  0.391809  0.135815  0.053430  0.420965  0.612820  0.220132  0.339196  0.148119  0.429342  0.552226  0.131083  0.491206  0.488937  0.137308  0.059491  0.076614  0.428650  0.105805 
15  0.675798  0.284394  0.267827  0.546911  0.271584  0.414474  0.334522  0.378757  0.280203  0.316145  0.339569  0.244131  0.287020  0.282683  0.303627 0.0  0.232740  0.245599  0.228166  0.275560  0.323024  0.604519  0.254988  0.158504  0.336742  0.291833  0.360443  0.181305  0.269047  0.257705  0.346579  0.289470  0.287982  0.694167  0.312270  0.270574  0.401999  0.375389  0.245520  0.878368  0.295384  0.301182  0.224335  0.341290  0.184176  0.257547  0.282475  0.276519  0.204745  0.718428  0.310099  0.289068  0.227885  0.311632  0.300561  0.220475  0.228805  0.278416  0.422340  0.810679  0.344033  0.281772  0.303640  0.285564  0.738243  0.256557  0.646114  0.633071  0.436784  0.303801  0.177723  0.597088  0.313178 
16  0.590053  0.000000  0.368176  0.348560  0.170094  0.000000  0.277497  0.156384  0.284010  0.411887  0.450050  0.142117  0.096070  0.000000  0.085547  0.232740 0.0  0.226123  0.151260  0.004006  0.420760  0.489466  0.352669  0.163894  0.265613  0.130939  0.445880  0.255419  0.062362  0.351861  0.000000  0.083851  0.350266  0.464668  0.113274  0.197661  0.118505  0.123653  0.243953  0.486300  0.413625  0.024253  0.560133  0.330707  0.101686  0.290849  0.240185  0.569123  0.116897  0.571294  0.507927  0.404342  0.161815  0.250487  0.160337  0.341942  0.187978  0.173806  0.383759  0.376130  0.151760  0.426976  0.112962  0.442328  0.573100  0.169083  0.680167  0.560490  0.201042  0.212379  0.157126  0.399130  0.296502 
17  0.885819  0.236510  0.135264  0.678994  0.354316  0.286984  0.397373  0.420749  0.358198  0.396781  0.273539  0.311772  0.406562  0.404026  0.383959  0.245599  0.226123 0.0  0.251463  0.408501  0.331334  0.744738  0.309689  0.451533  0.301875  0.429499  0.129070  0.360073  0.321974  0.377458  0.305075  0.332101  0.156457  0.943941  0.319241  0.329438  0.294728  0.402004  0.435066  0.831626  0.331496  0.368034  0.289993  0.356974  0.325690  0.100563  0.467368  0.317893  0.363612  0.777828  0.414036  0.371197  0.421948  0.390395  0.296387  0.193616  0.423518  0.330362  0.646710  0.835181  0.319203  0.375572  0.489632  0.331453  0.917096  0.356798  0.814329  0.782526  0.352409  0.484227  0.301392  0.661913  0.289529 
18  0.705886  0.340618  0.275289  0.552518  0.282931  0.231089  0.239105  0.202455  0.185137  0.241046  0.137913  0.237029  0.359269  0.202719  0.314075  0.228166  0.151260  0.251463 0.0  0.210245  0.324200  0.760755  0.319519  0.381928  0.279229  0.307645  0.336655  0.311294  0.359927  0.354803  0.257835  0.337465  0.252811  0.765563  0.158219  0.192455  0.310574  0.166284  0.395611  0.796562  0.320919  0.282891  0.199583  0.276531  0.285780  0.324586  0.191679  0.177486  0.331825  0.769016  0.284582  0.302752  0.180290  0.283615  0.239483  0.221469  0.291637  0.228234  0.450115  0.692950  0.187664  0.259660  0.257119  0.231490  0.629730  0.171110  0.713988  0.660154  0.289972  0.286599  0.284827  0.401646  0.231646 
19  0.504272  0.062024  0.385743  0.336531  0.089054  0.061804  0.050034  0.021143  0.338559  0.312286  0.319794  0.075038  0.225430  0.098759  0.240235  0.275560  0.004006  0.408501  0.210245 0.0  0.234871  0.650450  0.322477  0.056833  0.152963  0.117488  0.297894  0.084561  0.197397  0.414300  0.178243  0.223020  0.366896  0.496883  0.183009  0.088946  0.202779  0.235596  0.289290  0.603236  0.247293  0.255626  0.444376  0.106205  0.002647  0.367523  0.135413  0.290174  0.219528  0.518681  0.420451  0.332411  0.052482  0.432358  0.224149  0.450535  0.015180  0.038117  0.470847  0.592436  0.209065  0.338702  0.083184  0.336565  0.485065  0.196049  0.575941  0.560284  0.023781  0.097783  0.066062  0.392013  0.000000 
20  0.881063  0.288114  0.293947  0.563183  0.449119  0.226268  0.485296  0.372009  0.050923  0.132636  0.355978  0.583016  0.443033  0.408913  0.377632  0.323024  0.420760  0.331334  0.324200  0.234871 0.0  0.701918  0.360754  0.278466  0.587266  0.300394  0.318978  0.560265  0.368592  0.246160  0.273029  0.391721  0.363247  0.789649  0.513738  0.518832  0.365180  0.367581  0.290719  0.819906  0.237065  0.428364  0.195145  0.516436  0.550006  0.311632  0.405837  0.241688  0.472121  0.967756  0.217545  0.133667  0.489206  0.287880  0.340015  0.425649  0.527113  0.505369  0.525786  0.761636  0.231797  0.152417  0.457141  0.207432  0.886092  0.443866  0.861330  0.980743  0.524170  0.336994  0.344576  0.555715  0.531859 
21  0.160132  0.476074  0.650784  0.318703  0.462186  0.470442  0.554711  0.478766  0.942411  0.893098  0.796798  0.571509  0.546070  0.677364  0.711983  0.604519  0.489466  0.744738  0.760755  0.650450  0.701918 0.0  0.634525  0.418585  0.491560  0.432814  0.714527  0.481701  0.599992  0.862312  0.692966  0.567314  0.872464  0.122721  0.545261  0.508164  0.586153  0.627467  0.554428  0.581113  0.704573  0.631171  0.685609  0.492933  0.503397  0.809441  0.554843  0.722497  0.585030  0.419676  0.801967  0.753667  0.432733  0.630326  0.732101  0.668305  0.548540  0.517506  0.478448  0.645323  0.623130  0.769307  0.563386  0.881155  0.107071  0.451079  0.142169  0.436751  0.578617  0.537215  0.568547  0.330908  0.556170 
22  0.763789  0.226340  0.374260  0.485001  0.212183  0.229172  0.347400  0.135327  0.244686  0.373405  0.225984  0.307411  0.215865  0.395977  0.273286  0.254988  0.352669  0.309689  0.319519  0.322477  0.360754  0.634525 0.0  0.247573  0.272923  0.270871  0.229055  0.300503  0.373992  0.245566  0.263229  0.327675  0.304832  0.741640  0.216355  0.311507  0.330455  0.380436  0.261222  0.642604  0.153357  0.257962  0.272087  0.364465  0.142047  0.248609  0.204603  0.316909  0.226513  0.745726  0.333536  0.214196  0.250724  0.260457  0.217399  0.257750  0.210558  0.182224  0.443732  0.753243  0.418523  0.208887  0.247957  0.247396  0.662982  0.107977  0.782923  0.782076  0.222342  0.183865  0.325386  0.435632  0.278576 
23  0.534654  0.110221  0.343066  0.306198  0.049849  0.067568  0.171021  0.105858  0.256005  0.313906  0.467033  0.178678  0.110897  0.068575  0.165851  0.158504  0.163894  0.451533  0.381928  0.056833  0.278466  0.418585  0.247573 0.0  0.196722  0.274028  0.377242  0.092577  0.096377  0.455535  0.098484  0.100772  0.386174  0.645322  0.113155  0.000000  0.019934  0.096254  0.089962  0.562053  0.428317  0.094155  0.343012  0.118392  0.052118  0.433442  0.336772  0.312407  0.116619  0.459391  0.347914  0.386542  0.000000  0.295124  0.082998  0.398182  0.135909  0.073271  0.579916  0.554248  0.086891  0.394720  0.177879  0.458927  0.606385  0.030169  0.515616  0.427245  0.084840  0.105436  0.167745  0.356190  0.114259 
24  0.580350  0.139723  0.404546  0.337647  0.090945  0.000000  0.220141  0.296331  0.220554  0.413267  0.501380  0.180880  0.222239  0.000000  0.051845  0.336742  0.265613  0.301875  0.279229  0.152963  0.587266  0.491560  0.272923  0.196722 0.0  0.000000  0.385936  0.087583  0.000000  0.519938  0.068167  0.000000  0.394182  0.529733  0.296604  0.184572  0.108358  0.123899  0.029987  0.555012  0.485101  0.067254  0.365389  0.144486  0.177325  0.253009  0.190704  0.462560  0.106060  0.647105  0.539762  0.538113  0.112959  0.308087  0.007197  0.411101  0.328614  0.241786  0.498580  0.426167  0.032879  0.541857  0.229982  0.337626  0.599950  0.291704  0.718040  0.544991  0.302604  0.127430  0.127114  0.309551  0.245006 
25  0.568170  0.111183  0.351229  0.376373  0.228517  0.103353  0.128397  0.063598  0.268311  0.425121  0.377658  0.062743  0.205670  0.063523  0.040495  0.291833  0.130939  0.429499  0.307645  0.117488  0.300394  0.432814  0.270871  0.274028  0.000000 0.0  0.332492  0.000000  0.104010  0.473447  0.000000  0.048332  0.418868  0.595623  0.036189  0.122499  0.133205  0.140279  0.000748  0.560832  0.300486  0.102519  0.236793  0.059917  0.138439  0.408585  0.015506  0.318981  0.131275  0.449132  0.212260  0.331353  0.168551  0.262673  0.039666  0.514193  0.000000  0.114467  0.523268  0.525409  0.078649  0.241135  0.076200  0.564872  0.529268  0.116853  0.366446  0.504079  0.049076  0.135011  0.027013  0.369357  0.030657 
26  0.898368  0.376723  0.208439  0.588570  0.384941  0.345950  0.362746  0.361785  0.260488  0.404049  0.192308  0.413254  0.429528  0.369888  0.416577  0.360443  0.445880  0.129070  0.336655  0.297894  0.318978  0.714527  0.229055  0.377242  0.385936  0.332492 0.0  0.228839  0.338363  0.396059  0.303558  0.392931  0.262220  0.858072  0.314270  0.389355  0.385687  0.402132  0.355147  0.822439  0.446070  0.387236  0.425127  0.366609  0.215501  0.211449  0.400317  0.427746  0.401333  0.867737  0.327729  0.347189  0.353194  0.302369  0.374903  0.106753  0.463917  0.316487  0.415148  0.669779  0.361631  0.346753  0.389839  0.372942  0.821902  0.337190  0.736372  0.749828  0.329874  0.332351  0.259117  0.627197  0.268017 
27  0.555988  0.051247  0.319756  0.448822  0.114317  0.021942  0.142954  0.116101  0.308097  0.476822  0.425575  0.159952  0.179144  0.074415  0.106768  0.181305  0.255419  0.360073  0.311294  0.084561  0.560265  0.481701  0.300503  0.092577  0.087583  0.000000  0.228839 0.0  0.000000  0.415919  0.168706  0.092610  0.366804  0.456803  0.229163  0.173906  0.000000  0.115965  0.103652  0.524077  0.520498  0.095465  0.515761  0.236699  0.102258  0.352450  0.041884  0.571506  0.077942  0.598425  0.458246  0.480477  0.234855  0.216025  0.108623  0.453308  0.299691  0.169134  0.419756  0.457397  0.010067  0.618724  0.185327  0.384728  0.523281  0.284639  0.647311  0.519808  0.307196  0.041765  0.026634  0.279659  0.280656 
28  0.573018  0.074017  0.320466  0.312456  0.140770  0.102935  0.000000  0.000000  0.462876  0.293487  0.372357  0.007535  0.173172  0.179319  0.218848  0.269047  0.062362  0.321974  0.359927  0.197397  0.368592  0.599992  0.373992  0.096377  0.000000  0.104010  0.338363  0.000000 0.0  0.472136  0.206051  0.206158  0.284701  0.527630  0.000000  0.000000  0.217908  0.206183  0.107295  0.665710  0.365565  0.181148  0.386421  0.098074  0.000000  0.466184  0.113407  0.323652  0.235975  0.626624  0.347373  0.291613  0.008277  0.180352  0.125930  0.455027  0.133219  0.180707  0.595602  0.651737  0.188099  0.354493  0.130061  0.358080  0.560680  0.030780  0.604785  0.403408  0.071833  0.044494  0.083060  0.380758  0.098535 
29  0.944820  0.458384  0.439130  0.635110  0.461516  0.452934  0.514168  0.406909  0.167104  0.183790  0.165566  0.501223  0.266633  0.413044  0.393379  0.257705  0.351861  0.377458  0.354803  0.414300  0.246160  0.862312  0.245566  0.455535  0.519938  0.473447  0.396059  0.415919  0.472136 0.0  0.547926  0.311942  0.445876  0.794480  0.395112  0.556378  0.457745  0.412454  0.357861  0.886267  0.088676  0.453850  0.047876  0.381897  0.506467  0.396405  0.455050  0.205529  0.332597  0.933256  0.051421  0.000000  0.439147  0.371620  0.423150  0.287661  0.338077  0.443936  0.431055  0.918221  0.280889  0.200192  0.356319  0.113885  0.787681  0.478536  0.906090  0.887902  0.385605  0.340105  0.427310  0.620701  0.377675 
30  0.544240  0.000000  0.439203  0.316340  0.208895  0.020500  0.121560  0.006788  0.465018  0.462138  0.348312  0.035613  0.122155  0.287775  0.373769  0.346579  0.000000  0.305075  0.257835  0.178243  0.273029  0.692966  0.263229  0.098484  0.068167  0.000000  0.303558  0.168706  0.206051  0.547926 0.0  0.205636  0.333748  0.634759  0.000000  0.137473  0.164938  0.297128  0.271999  0.748425  0.323816  0.195140  0.239378  0.026320  0.089558  0.394191  0.052972  0.399689  0.128688  0.506525  0.311424  0.483408  0.053779  0.273216  0.258340  0.378736  0.190665  0.000000  0.511833  0.601066  0.229513  0.305530  0.130542  0.408051  0.587572  0.027025  0.484518  0.521684  0.000000  0.142540  0.029448  0.241002  0.062022 
31  0.561134  0.022614  0.359394  0.181461  0.185559  0.100955  0.031320  0.000000  0.465463  0.444842  0.411652  0.169103  0.276077  0.239141  0.188354  0.289470  0.083851  0.332101  0.337465  0.223020  0.391721  0.567314  0.327675  0.100772  0.000000  0.048332  0.392931  0.092610  0.206158  0.311942  0.205636 0.0  0.359020  0.380510  0.010029  0.094941  0.240837  0.136369  0.284263  0.622103  0.364931  0.247120  0.447638  0.058014  0.000000  0.307402  0.037871  0.239872  0.000000  0.461673  0.228313  0.360523  0.169820  0.199151  0.163290  0.353782  0.175217  0.037436  0.503957  0.659466  0.193652  0.419925  0.199233  0.308100  0.591033  0.167772  0.537801  0.571793  0.110303  0.133325  0.087400  0.319123  0.050243 
32  0.840873  0.322207  0.181262  0.575850  0.474179  0.432615  0.291197  0.248816  0.265135  0.404151  0.282840  0.267073  0.495439  0.361197  0.336259  0.287982  0.350266  0.156457  0.252811  0.366896  0.363247  0.872464  0.304832  0.386174  0.394182  0.418868  0.262220  0.366804  0.284701  0.445876  0.333748  0.359020 0.0  0.612552  0.397698  0.339268  0.290047  0.457934  0.279718  0.758448  0.356829  0.303266  0.400920  0.398559  0.402492  0.217400  0.339321  0.344241  0.403266  0.826514  0.263350  0.347002  0.398506  0.229457  0.330175  0.187454  0.383168  0.304293  0.485203  0.750403  0.337493  0.189472  0.463732  0.404045  0.910966  0.375160  0.759775  0.835716  0.347392  0.441968  0.352406  0.650273  0.405467 
33  0.049843  0.467560  0.836922  0.311244  0.495470  0.550484  0.501160  0.512365  0.710632  0.849554  0.753234  0.495009  0.574377  0.376866  0.405984  0.694167  0.464668  0.943941  0.765563  0.496883  0.789649  0.122721  0.741640  0.645322  0.529733  0.595623  0.858072  0.456803  0.527630  0.794480  0.634759  0.380510  0.612552 0.0  0.513190  0.497424  0.479765  0.467637  0.469533  0.398110  0.684666  0.445972  0.703153  0.478009  0.500515  0.721789  0.500891  0.799887  0.599937  0.513575  0.726944  0.931363  0.464546  0.689562  0.405783  0.767086  0.516715  0.559259  0.406738  0.514413  0.547833  0.726004  0.507679  0.723895  0.127372  0.491218  0.114094  0.479262  0.608934  0.603419  0.516244  0.361740  0.506622 
34  0.552309  0.085765  0.358562  0.370265  0.112498  0.102045  0.176253  0.328404  0.353654  0.441670  0.548902  0.166739  0.136853  0.000000  0.065226  0.312270  0.113274  0.319241  0.158219  0.183009  0.513738  0.545261  0.216355  0.113155  0.296604  0.036189  0.314270  0.229163  0.000000  0.395112  0.000000  0.010029  0.397698  0.513190 0.0  0.198277  0.076784  0.061568  0.000000  0.617332  0.533140  0.020455  0.559590  0.188009  0.196163  0.392384  0.163718  0.462118  0.207647  0.656469  0.506186  0.497198  0.192956  0.293212  0.110480  0.328870  0.148635  0.175574  0.441718  0.457832  0.082459  0.374420  0.120765  0.444816  0.532371  0.211683  0.698830  0.737079  0.250867  0.112699  0.048823  0.412846  0.380201 
35  0.609806  0.048981  0.228564  0.372455  0.155289  0.087714  0.196175  0.110575  0.378973  0.453117  0.511810  0.201677  0.142032  0.156654  0.084240  0.270574  0.197661  0.329438  0.192455  0.088946  0.518832  0.508164  0.311507  0.000000  0.184572  0.122499  0.389355  0.173906  0.000000  0.556378  0.137473  0.094941  0.339268  0.497424  0.198277 0.0  0.017910  0.041098  0.120188  0.619531  0.544731  0.000000  0.509076  0.152929  0.170426  0.363929  0.124799  0.374318  0.240543  0.656327  0.385666  0.494265  0.226465  0.252088  0.013966  0.406920  0.186575  0.268781  0.532596  0.531169  0.090388  0.430513  0.195495  0.363991  0.498307  0.161251  0.641955  0.625381  0.136296  0.110084  0.067117  0.492330  0.293916 
36  0.492387  0.000000  0.360113  0.292488  0.178929  0.058750  0.131314  0.034911  0.528192  0.348960  0.309927  0.000000  0.169090  0.266422  0.165948  0.401999  0.118505  0.294728  0.310574  0.202779  0.365180  0.586153  0.330455  0.019934  0.108358  0.133205  0.385687  0.000000  0.217908  0.457745  0.164938  0.240837  0.290047  0.479765  0.076784  0.017910 0.0  0.202469  0.308861  0.619202  0.315426  0.173327  0.288363  0.152954  0.168281  0.330949  0.123307  0.322428  0.052584  0.482573  0.273046  0.454661  0.033593  0.205634  0.194626  0.401276  0.000000  0.061823  0.531955  0.599898  0.195817  0.380769  0.174626  0.446968  0.532096  0.088539  0.559112  0.485817  0.077407  0.123913  0.032487  0.341506  0.156396 
37  0.565055  0.001242  0.279252  0.310972  0.167676  0.229244  0.170033  0.038413  0.513338  0.485406  0.412604  0.152764  0.128757  0.190802  0.219747  0.375389  0.123653  0.402004  0.166284  0.235596  0.367581  0.627467  0.380436  0.096254  0.123899  0.140279  0.402132  0.115965  0.206183  0.412454  0.297128  0.136369  0.457934  0.467637  0.061568  0.041098  0.202469 0.0  0.193541  0.604701  0.386373  0.259652  0.242760  0.059746  0.069739  0.370084  0.203977  0.372376  0.087608  0.518504  0.373833  0.315943  0.116391  0.228764  0.318364  0.459652  0.107338  0.070339  0.578745  0.588716  0.186827  0.287647  0.091020  0.518324  0.651761  0.047735  0.404758  0.403869  0.117018  0.166830  0.008867  0.428315  0.219711 
38  0.592422  0.062044  0.232949  0.374670  0.143995  0.025531  0.100674  0.000000  0.497569  0.389283  0.434914  0.057010  0.144790  0.140784  0.255814  0.245520  0.243953  0.435066  0.395611  0.289290  0.290719  0.554428  0.261222  0.089962  0.029987  0.000748  0.355147  0.103652  0.107295  0.357861  0.271999  0.284263  0.279718  0.469533  0.000000  0.120188  0.308861  0.193541 0.0  0.652023  0.208022  0.086861  0.355923  0.051876  0.026859  0.379409  0.055367  0.321453  0.236285  0.570034  0.312056  0.400349  0.062667  0.199737  0.228597  0.347194  0.025834  0.060239  0.480556  0.633685  0.249145  0.289544  0.007694  0.450379  0.657903  0.065224  0.476565  0.551271  0.124876  0.159435  0.000000  0.422237  0.000000 
39  0.511875  0.451713  0.790109  0.381083  0.604543  0.470999  0.446540  0.422733  0.842251  0.790183  0.761329  0.432345  0.568923  0.549654  0.702552  0.878368  0.486300  0.831626  0.796562  0.603236  0.819906  0.581113  0.642604  0.562053  0.555012  0.560832  0.822439  0.524077  0.665710  0.886267  0.748425  0.622103  0.758448  0.398110  0.617332  0.619531  0.619202  0.604701  0.652023 0.0  0.770911  0.603675  0.776716  0.533058  0.432939  0.777359  0.554867  0.843833  0.596766  0.013445  0.756141  0.694938  0.366718  0.659948  0.648123  0.912853  0.489179  0.476467  0.422123  0.229092  0.673637  0.701024  0.534169  0.792098  0.476356  0.450655  0.502095  0.028650  0.561322  0.538561  0.513024  0.302702  0.515465 
40  0.880603  0.317843  0.332153  0.647696  0.301790  0.221587  0.510232  0.498676  0.055270  0.084529  0.111545  0.475102  0.328439  0.222335  0.396823  0.295384  0.413625  0.331496  0.320919  0.247293  0.237065  0.704573  0.153357  0.428317  0.485101  0.300486  0.446070  0.520498  0.365565  0.088676  0.323816  0.364931  0.356829  0.684666  0.533140  0.544731  0.315426  0.386373  0.208022  0.770911 0.0  0.339499  0.205119  0.422276  0.491607  0.308909  0.360567  0.101703  0.392419  0.987168  0.266097  0.305890  0.426888  0.271658  0.369306  0.434784  0.531673  0.474427  0.452932  0.831867  0.369835  0.302551  0.409754  0.033316  0.909477  0.531728  0.817544  0.828763  0.601927  0.426676  0.349257  0.653905  0.446139 
41  0.545014  0.091463  0.264599  0.377059  0.159320  0.121132  0.052049  0.125988  0.398868  0.418341  0.458472  0.019682  0.133727  0.234878  0.118858  0.301182  0.024253  0.368034  0.282891  0.255626  0.428364  0.631171  0.257962  0.094155  0.067254  0.102519  0.387236  0.095465  0.181148  0.453850  0.195140  0.247120  0.303266  0.445972  0.020455  0.000000  0.173327  0.259652  0.086861  0.603675  0.339499 0.0  0.348161  0.140828  0.047055  0.343530  0.039996  0.292043  0.192327  0.503514  0.308057  0.360256  0.160685  0.199971  0.239237  0.364549  0.122490  0.161591  0.549742  0.589207  0.236433  0.285671  0.171998  0.498042  0.575018  0.093777  0.462701  0.601335  0.146530  0.057276  0.042850  0.364988  0.096548 
42  0.734610  0.350250  0.210019  0.621499  0.352785  0.376506  0.470794  0.416079  0.091687  0.142380  0.149192  0.388795  0.394530  0.330293  0.381937  0.224335  0.560133  0.289993  0.199583  0.444376  0.195145  0.685609  0.272087  0.343012  0.365389  0.236793  0.425127  0.515761  0.386421  0.047876  0.239378  0.447638  0.400920  0.703153  0.559590  0.509076  0.288363  0.242760  0.355923  0.776716  0.205119  0.348161 0.0  0.602330  0.526080  0.271333  0.406622  0.251708  0.305643  0.905316  0.287148  0.125505  0.555061  0.306861  0.359335  0.344870  0.462385  0.456629  0.445912  0.665501  0.350442  0.182183  0.394843  0.106240  0.808206  0.550519  0.929632  1.000000  0.426361  0.414484  0.294422  0.650855  0.559681 
43  0.600956  0.059163  0.392982  0.335354  0.173007  0.060261  0.218490  0.245486  0.333090  0.370559  0.413743  0.331631  0.113860  0.126256  0.184912  0.341290  0.330707  0.356974  0.276531  0.106205  0.516436  0.492933  0.364465  0.118392  0.144486  0.059917  0.366609  0.236699  0.098074  0.381897  0.026320  0.058014  0.398559  0.478009  0.188009  0.152929  0.152954  0.059746  0.051876  0.533058  0.422276  0.140828  0.602330 0.0  0.143577  0.375076  0.079218  0.438036  0.209476  0.731571  0.475206  0.524358  0.132114  0.334841  0.212642  0.480563  0.145544  0.216420  0.413139  0.511624  0.105919  0.484506  0.103297  0.374996  0.604269  0.244188  0.526065  0.654654  0.319129  0.161950  0.055217  0.356868  0.245011 
44  0.559524  0.053074  0.395975  0.332031  0.000000  0.175851  0.286195  0.296937  0.376870  0.382041  0.450997  0.171763  0.094413  0.054805  0.000000  0.184176  0.101686  0.325690  0.285780  0.002647  0.550006  0.503397  0.142047  0.052118  0.177325  0.138439  0.215501  0.102258  0.000000  0.506467  0.089558  0.000000  0.402492  0.500515  0.196163  0.170426  0.168281  0.069739  0.026859  0.432939  0.491607  0.047055  0.526080  0.143577 0.0  0.378812  0.045571  0.449794  0.124987  0.614316  0.426469  0.494297  0.085503  0.397593  0.156064  0.511081  0.212620  0.198934  0.407437  0.479294  0.053740  0.475204  0.084685  0.341336  0.644516  0.204812  0.686167  0.706898  0.170484  0.167077  0.032413  0.339248  0.298170 
45  0.917806  0.396710  0.243146  0.692600  0.390941  0.349854  0.300977  0.305961  0.293818  0.348624  0.371935  0.362039  0.405960  0.326967  0.468730  0.257547  0.290849  0.100563  0.324586  0.367523  0.311632  0.809441  0.248609  0.433442  0.253009  0.408585  0.211449  0.352450  0.466184  0.396405  0.394191  0.307402  0.217400  0.721789  0.392384  0.363929  0.330949  0.370084  0.379409  0.777359  0.308909  0.343530  0.271333  0.375076  0.378812 0.0  0.343115  0.305826  0.499121  0.751109  0.432418  0.309529  0.372769  0.258400  0.453235  0.147670  0.426082  0.374367  0.482888  0.867409  0.280168  0.322536  0.412046  0.404081  0.905541  0.381612  0.745748  0.806527  0.436797  0.398479  0.258651  0.728679  0.323538 
46  0.589442  0.048222  0.224387  0.283996  0.026366  0.154849  0.135702  0.056247  0.393010  0.394820  0.337527  0.120427  0.147890  0.073505  0.151641  0.282475  0.240185  0.467368  0.191679  0.135413  0.405837  0.554843  0.204603  0.336772  0.190704  0.015506  0.400317  0.041884  0.113407  0.455050  0.052972  0.037871  0.339321  0.500891  0.163718  0.124799  0.123307  0.203977  0.055367  0.554867  0.360567  0.039996  0.406622  0.079218  0.045571  0.343115 0.0  0.305440  0.153362  0.511685  0.269621  0.239773  0.082807  0.301868  0.114054  0.419369  0.095203  0.041665  0.506115  0.479262  0.105007  0.367246  0.119441  0.380010  0.610688  0.173249  0.527659  0.455056  0.128105  0.112495  0.032507  0.301231  0.016441 
47  0.867174  0.314693  0.341196  0.581725  0.460641  0.379663  0.505841  0.422263  0.245381  0.119848  0.123634  0.526328  0.350161  0.295876  0.321371  0.276519  0.569123  0.317893  0.177486  0.290174  0.241688  0.722497  0.316909  0.312407  0.462560  0.318981  0.427746  0.571506  0.323652  0.205529  0.399689  0.239872  0.344241  0.799887  0.462118  0.374318  0.322428  0.372376  0.321453  0.843833  0.101703  0.292043  0.251708  0.438036  0.449794  0.305826  0.305440 0.0  0.385366  0.909736  0.244480  0.206115  0.545557  0.366801  0.373667  0.403347  0.517047  0.528523  0.571133  0.761285  0.362894  0.308902  0.413913  0.190878  0.839566  0.479197  0.889513  0.983893  0.548642  0.616698  0.315539  0.665884  0.470446 
48  0.534136  0.214691  0.390490  0.424979  0.185234  0.148036  0.137611  0.232538  0.336712  0.541179  0.352970  0.209231  0.141650  0.286959  0.152547  0.204745  0.116897  0.363612  0.331825  0.219528  0.472121  0.585030  0.226513  0.116619  0.106060  0.131275  0.401333  0.077942  0.235975  0.332597  0.128688  0.000000  0.403266  0.599937  0.207647  0.240543  0.052584  0.087608  0.236285  0.596766  0.392419  0.192327  0.305643  0.209476  0.124987  0.499121  0.153362  0.385366 0.0  0.604336  0.411259  0.380532  0.134588  0.211463  0.163483  0.460916  0.090816  0.150389  0.496948  0.533565  0.082835  0.335986  0.162157  0.417302  0.514151  0.118939  0.643612  0.541617  0.194781  0.037945  0.165476  0.309150  0.132048 
49  0.565113  0.434244  0.823898  0.322143  0.612749  0.543824  0.614036  0.622662  0.791214  0.820520  0.861393  0.631494  0.492887  0.584497  0.387769  0.718428  0.571294  0.777828  0.769016  0.518681  0.967756  0.419676  0.745726  0.459391  0.647105  0.449132  0.867737  0.598425  0.626624  0.933256  0.506525  0.461673  0.826514  0.513575  0.656469  0.656327  0.482573  0.518504  0.570034  0.013445  0.987168  0.503514  0.905316  0.731571  0.614316  0.751109  0.511685  0.909736  0.604336 0.0  0.881872  0.860858  0.684831  0.699897  0.440521  0.870937  0.589196  0.615675  0.387939  0.000000  0.419032  0.829882  0.596765  0.842736  0.576237  0.626708  0.493594  0.240614  0.675681  0.479003  0.532824  0.375909  0.724481 
50  0.806836  0.368467  0.299757  0.571890  0.439149  0.385301  0.449831  0.443429  0.031369  0.133152  0.219444  0.481092  0.416135  0.427154  0.352945  0.310099  0.507927  0.414036  0.284582  0.420451  0.217545  0.801967  0.333536  0.347914  0.539762  0.212260  0.327729  0.458246  0.347373  0.051421  0.311424  0.228313  0.263350  0.726944  0.506186  0.385666  0.273046  0.373833  0.312056  0.756141  0.266097  0.308057  0.287148  0.475206  0.426469  0.432418  0.269621  0.244480  0.411259  0.881872 0.0  0.255502  0.512954  0.353608  0.366069  0.371303  0.556946  0.438151  0.482361  0.737894  0.374987  0.220145  0.408461  0.059511  0.782439  0.434422  0.972553  0.940028  0.530442  0.445542  0.343971  0.721921  0.482376 
51  0.818309  0.369410  0.333729  0.616349  0.369427  0.327953  0.524894  0.469999  0.046972  0.158761  0.215347  0.520553  0.369093  0.341933  0.325921  0.289068  0.404342  0.371197  0.302752  0.332411  0.133667  0.753667  0.214196  0.386542  0.538113  0.331353  0.347189  0.480477  0.291613  0.000000  0.483408  0.360523  0.347002  0.931363  0.497198  0.494265  0.454661  0.315943  0.400349  0.694938  0.305890  0.360256  0.125505  0.524358  0.494297  0.309529  0.239773  0.206115  0.380532  0.860858  0.255502 0.0  0.473837  0.284737  0.311964  0.458225  0.575588  0.438772  0.466676  0.734246  0.322174  0.343968  0.504924  0.123626  0.847595  0.559346  0.926052  0.831909  0.443413  0.452611  0.436599  0.585218  0.412633 
52  0.597041  0.066401  0.319855  0.265233  0.132072  0.124038  0.160699  0.308230  0.290050  0.425658  0.441056  0.153326  0.231923  0.123044  0.140220  0.227885  0.161815  0.421948  0.180290  0.052482  0.489206  0.432733  0.250724  0.000000  0.112959  0.168551  0.353194  0.234855  0.008277  0.439147  0.053779  0.169820  0.398506  0.464546  0.192956  0.226465  0.033593  0.116391  0.062667  0.366718  0.426888  0.160685  0.555061  0.132114  0.085503  0.372769  0.082807  0.545557  0.134588  0.684831  0.512954  0.473837 0.0  0.212852  0.092300  0.305181  0.278476  0.240708  0.432569  0.527433  0.091539  0.494737  0.140890  0.417813  0.426722  0.172245  0.745639  0.567182  0.181738  0.109514  0.105262  0.453288  0.199152 
53  0.602872  0.269565  0.320334  0.559831  0.319969  0.235364  0.271132  0.267210  0.287325  0.318489  0.401806  0.389618  0.268695  0.197627  0.268621  0.311632  0.250487  0.390395  0.283615  0.432358  0.287880  0.630326  0.260457  0.295124  0.308087  0.262673  0.302369  0.216025  0.180352  0.371620  0.273216  0.199151  0.229457  0.689562  0.293212  0.252088  0.205634  0.228764  0.199737  0.659948  0.271658  0.199971  0.306861  0.334841  0.397593  0.258400  0.301868  0.366801  0.211463  0.699897  0.353608  0.284737  0.212852 0.0  0.240254  0.311629  0.246779  0.315924  0.498541  0.612638  0.268102  0.236586  0.124881  0.343072  0.739623  0.189929  0.764120  0.607224  0.441757  0.314637  0.199699  0.508061  0.259302 
