73
0 0.0  0.520661  0.434455  0.528492  0.442728  0.531944  0.445677  0.495363  0.478431  0.514614  0.420525  0.559596  0.510987  0.466436  0.499133  0.469168  0.568738  0.605078  0.513021  0.435517  0.504482  0.373085  0.563899  0.543261  0.557117  0.510662  0.380875  0.421266  0.530859  0.432972  0.503314  0.574209  0.550421  0.417155  0.585033  0.497302  0.447033  0.388211  0.431301  0.412316  0.505250  0.569705  0.492002  0.500145  0.485687  0.413371  0.456723  0.507554  0.533296  0.564919  0.552725  0.426344  0.447408  0.511373  0.463014  0.392225  0.411108  0.486112  0.592149  0.480907  0.574283  0.525908  0.473429  0.660536  0.488670  0.472950  0.579100  0.617358  0.506638  0.408389  0.500886  0.505995  0.579199 
1  0.520661 0.0  0.259997  0.044921  0.194101  0.269366  0.592518  0.074738  0.598191  0.294854  0.492310  0.359633  0.354717  0.438766  0.474875  0.682956  0.228848  0.072910  0.363427  0.517499  0.249901  0.266926  0.117649  0.069358  0.073585  0.153506  0.000000  0.303433  0.605153  0.206795  0.681986  0.427179  0.275547  0.131848  0.141218  0.097813  0.486177  0.404106  0.045385  0.163017  0.119369  0.226960  0.396943  0.311261  0.292604  0.322692  0.402477  0.062306  0.376138  0.232514  0.373750  0.189161  0.000000  0.367025  0.205902  0.010501  0.157067  0.196541  0.471893  0.282289  0.309410  0.513974  0.502188  0.233332  0.126271  0.273174  0.203389  0.439779  0.427937  0.089229  0.578666  0.055108  0.121610 
2  0.434455  0.259997 0.0  0.089468  0.320311  0.230068  0.724692  0.000000  0.624195  0.169406  0.463292  0.557159  0.323803  0.356451  0.521067  0.586111  0.343364  0.085027  0.482755  0.461116  0.231355  0.243619  0.035075  0.078659  0.071736  0.057448  0.141838  0.209027  0.463213  0.079130  0.602289  0.528130  0.335549  0.000000  0.087255  0.000000  0.517888  0.368407  0.104998  0.188085  0.040990  0.276256  0.422201  0.176387  0.218267  0.529657  0.592951  0.011281  0.347573  0.021117  0.448590  0.023222  0.085729  0.474863  0.177220  0.096361  0.188856  0.131238  0.560610  0.266267  0.292732  0.494844  0.489262  0.183359  0.061179  0.255392  0.277418  0.538071  0.292792  0.234380  0.742203  0.036514  0.134876 
3  0.528492  0.044921  0.089468 0.0  0.061377  0.212563  0.586364  0.130992  0.498505  0.240011  0.493743  0.402880  0.341772  0.331504  0.407512  0.552101  0.293468  0.136933  0.484499  0.453006  0.115600  0.157740  0.168185  0.246834  0.051463  0.199138  0.185628  0.300103  0.566678  0.207933  0.545480  0.431597  0.312329  0.211661  0.085172  0.088716  0.348656  0.508934  0.116058  0.000000  0.130205  0.243011  0.444768  0.138367  0.188261  0.378583  0.603386  0.116812  0.407727  0.236897  0.396470  0.113264  0.146522  0.450542  0.222778  0.161990  0.114627  0.115190  0.474031  0.307567  0.264855  0.462651  0.423168  0.208479  0.058826  0.078894  0.096949  0.536268  0.323631  0.115980  0.603756  0.098129  0.156657 
4  0.442728  0.194101  0.320311  0.061377 0.0  0.293119  0.682910  0.182327  0.648158  0.157485  0.600531  0.562533  0.389127  0.498860  0.489274  0.489242  0.301494  0.157051  0.415864  0.543614  0.235336  0.217622  0.033831  0.020976  0.156927  0.085833  0.098586  0.299157  0.494479  0.193566  0.519562  0.517148  0.277688  0.088238  0.136371  0.156164  0.532984  0.276670  0.155884  0.196717  0.074432  0.371243  0.407236  0.267526  0.217310  0.489677  0.538708  0.029947  0.485969  0.054078  0.518441  0.107347  0.005456  0.448066  0.091271  0.059529  0.128895  0.209432  0.458803  0.335219  0.259267  0.568353  0.516774  0.296042  0.082558  0.317862  0.148882  0.489900  0.270192  0.186307  0.814022  0.041655  0.042861 
5  0.531944  0.269366  0.230068  0.212563  0.293119 0.0  0.546412  0.166499  0.711128  0.249768  0.468357  0.438709  0.270965  0.318689  0.386191  0.506741  0.297357  0.105276  0.395322  0.451516  0.268613  0.029449  0.015100  0.127978  0.079534  0.000000  0.132901  0.302565  0.534897  0.268709  0.551819  0.437213  0.343400  0.099132  0.189994  0.140617  0.511550  0.418304  0.000000  0.211499  0.054366  0.196536  0.456335  0.206674  0.191590  0.466237  0.441569  0.042954  0.279970  0.154135  0.429227  0.056437  0.093834  0.515528  0.169877  0.034216  0.102415  0.173825  0.591686  0.298373  0.341158  0.557805  0.422236  0.144344  0.109341  0.187586  0.234004  0.404445  0.370178  0.244951  0.639779  0.057695  0.124270 
6  0.445677  0.592518  0.724692  0.586364  0.682910  0.546412 0.0  0.504831  0.755330  0.680345  0.478000  0.970071  0.734058  0.406700  0.858903  0.022244  0.769427  0.471200  0.786547  0.878771  0.631251  0.686485  0.467434  0.512236  0.573776  0.398957  0.565699  0.658873  0.577881  0.631938  0.230611  0.953529  0.772948  0.418481  0.603694  0.633982  1.000000  0.834681  0.514116  0.647565  0.441043  0.862288  0.963808  0.646631  0.615728  0.954268  0.344331  0.480775  0.762156  0.506849  0.794053  0.505599  0.518298  0.884005  0.714330  0.593012  0.549381  0.407830  0.954096  0.775245  0.711192  0.815268  0.598064  0.679816  0.426320  0.622511  0.612237  0.488233  0.711523  0.664128  0.740484  0.545667  0.468823 
7  0.495363  0.074738  0.000000  0.130992  0.182327  0.166499  0.504831 0.0  0.448550  0.000000  0.524886  0.412551  0.298969  0.297993  0.301047  0.534266  0.335533  0.255127  0.326806  0.386068  0.031022  0.176172  0.212803  0.096381  0.000000  0.023535  0.048510  0.286126  0.596437  0.064383  0.503695  0.329059  0.252344  0.200835  0.098647  0.108247  0.376938  0.397381  0.041949  0.129243  0.082011  0.185100  0.213672  0.091705  0.125322  0.408546  0.452663  0.118083  0.357530  0.198122  0.332026  0.288129  0.139308  0.334244  0.149466  0.201513  0.147075  0.051295  0.288705  0.366916  0.309741  0.453847  0.543267  0.000000  0.104550  0.114526  0.044944  0.482387  0.164271  0.060317  0.697815  0.052637  0.129947 
8  0.478431  0.598191  0.624195  0.498505  0.648158  0.711128  0.755330  0.448550 0.0  0.591392  0.035352  0.802437  0.803362  0.466777  0.960983  0.542655  0.672919  0.523781  0.768552  0.960815  0.720590  0.782889  0.486892  0.536846  0.446511  0.661349  0.529463  0.690469  0.098790  0.603980  0.655035  0.913011  0.645664  0.424577  0.581770  0.503298  0.919209  0.763351  0.543813  0.517228  0.541151  0.754482  0.837286  0.583355  0.681903  0.913832  0.005085  0.526532  0.758355  0.539880  0.907057  0.527976  0.450083  0.783171  0.611562  0.522317  0.614199  0.538805  0.946196  0.760060  0.750297  0.951426  0.456493  0.700028  0.441293  0.501457  0.642683  0.070642  0.524983  0.653357  0.240908  0.477339  0.504895 
9  0.514614  0.294854  0.169406  0.240011  0.157485  0.249768  0.680345  0.000000  0.591392 0.0  0.683651  0.437949  0.309789  0.426668  0.594665  0.657045  0.255091  0.074226  0.229966  0.444863  0.094641  0.244616  0.037553  0.140446  0.077547  0.063784  0.119282  0.196894  0.540637  0.296665  0.727151  0.364777  0.238238  0.113069  0.123908  0.219775  0.544545  0.464122  0.074408  0.333873  0.000000  0.250521  0.445047  0.255463  0.208499  0.491558  0.600692  0.051908  0.298143  0.279768  0.454867  0.049911  0.000551  0.492771  0.213618  0.065274  0.196978  0.115420  0.627240  0.278012  0.217919  0.455029  0.555949  0.164986  0.010635  0.097706  0.153330  0.603221  0.172048  0.049668  0.795500  0.124981  0.135028 
10  0.420525  0.492310  0.463292  0.493743  0.600531  0.468357  0.478000  0.524886  0.035352  0.683651 0.0  0.848629  0.823860  0.452295  0.816335  0.561110  0.545836  0.525212  0.776569  0.809860  0.586899  0.654294  0.635403  0.412995  0.640542  0.660163  0.504507  0.638159  0.164269  0.528049  0.562960  0.874789  0.735361  0.517305  0.535583  0.517111  0.851553  0.939635  0.511058  0.464304  0.559346  0.630404  0.808786  0.535451  0.458264  0.785362  0.220572  0.636964  0.968044  0.543734  0.817648  0.528823  0.665066  0.819633  0.569227  0.532488  0.615868  0.645343  0.765493  0.826223  0.622326  0.771050  0.508312  0.557585  0.700278  0.471844  0.632787  0.089543  0.583884  0.581808  0.266265  0.461437  0.524163 
11  0.559596  0.359633  0.557159  0.402880  0.562533  0.438709  0.970071  0.412551  0.802437  0.437949  0.848629 0.0  0.318561  0.713308  0.177614  0.842217  0.306778  0.396996  0.020752  0.278017  0.446564  0.541045  0.342620  0.317858  0.389704  0.326780  0.384326  0.289193  0.864380  0.336470  0.944162  0.203342  0.328305  0.362304  0.461442  0.312577  0.166335  0.309089  0.380422  0.475126  0.393764  0.299866  0.238360  0.467757  0.487963  0.165415  0.786800  0.286715  0.411893  0.474441  0.188041  0.336570  0.234103  0.219081  0.555544  0.309137  0.453158  0.372189  0.241223  0.249829  0.265991  0.263456  0.580722  0.498276  0.382033  0.470848  0.493594  0.854039  0.209751  0.520759  0.718567  0.465144  0.322181 
12  0.510987  0.354717  0.323803  0.341772  0.389127  0.270965  0.734058  0.298969  0.803362  0.309789  0.823860  0.318561 0.0  0.539416  0.399854  0.800956  0.281616  0.186660  0.315098  0.266449  0.387313  0.342503  0.270986  0.303335  0.266294  0.462076  0.390570  0.324815  0.748922  0.360239  0.821133  0.456694  0.240702  0.392747  0.474209  0.204090  0.429638  0.211917  0.257564  0.370270  0.323813  0.310729  0.453957  0.311234  0.394355  0.405596  0.908162  0.355882  0.227600  0.339567  0.349140  0.434515  0.325929  0.411043  0.409263  0.330566  0.356229  0.446196  0.389028  0.226890  0.416162  0.258813  0.499775  0.345823  0.275916  0.370346  0.364546  0.842268  0.287604  0.287929  0.668379  0.442019  0.418889 
13  0.466436  0.438766  0.356451  0.331504  0.498860  0.318689  0.406700  0.297993  0.466777  0.426668  0.452295  0.713308  0.539416 0.0  0.602306  0.386964  0.438927  0.225274  0.458847  0.732451  0.491813  0.429909  0.351774  0.330212  0.194983  0.353396  0.349348  0.466773  0.349932  0.398424  0.501520  0.722939  0.639728  0.234573  0.444530  0.261274  0.859648  0.571390  0.169279  0.396770  0.321189  0.437359  0.715093  0.363026  0.424106  0.678676  0.355118  0.255875  0.558145  0.345687  0.665074  0.244030  0.313279  0.527204  0.397542  0.352456  0.328112  0.298304  0.731775  0.486734  0.534841  0.574686  0.529049  0.516788  0.339262  0.341180  0.451267  0.205130  0.577806  0.385266  0.554662  0.334830  0.462691 
14  0.499133  0.474875  0.521067  0.407512  0.489274  0.386191  0.858903  0.301047  0.960983  0.594665  0.816335  0.177614  0.399854  0.602306 0.0  0.719838  0.246698  0.254550  0.055469  0.296138  0.471322  0.560633  0.333821  0.511604  0.378509  0.329731  0.436191  0.314723  0.835430  0.541275  0.888727  0.146210  0.143762  0.338504  0.462961  0.425756  0.141916  0.306092  0.324222  0.461924  0.416967  0.259912  0.214352  0.499198  0.409220  0.340225  0.939968  0.416803  0.299155  0.434255  0.074350  0.316446  0.389744  0.164427  0.437059  0.326488  0.486110  0.451338  0.137756  0.163769  0.296510  0.247838  0.498143  0.445074  0.312249  0.487032  0.596263  0.715813  0.376777  0.509551  0.746290  0.424590  0.375335 
15  0.469168  0.682956  0.586111  0.552101  0.489242  0.506741  0.022244  0.534266  0.542655  0.657045  0.561110  0.842217  0.800956  0.386964  0.719838 0.0  0.718001  0.601177  0.776755  0.900416  0.580383  0.617183  0.527492  0.604776  0.571530  0.702134  0.675837  0.702203  0.600879  0.622054  0.082018  0.784858  0.669851  0.567620  0.620854  0.505563  0.827295  0.828806  0.584606  0.549761  0.631803  0.666131  0.909796  0.634398  0.544248  0.922654  0.441632  0.489327  0.766617  0.578591  0.813837  0.585965  0.553349  0.765533  0.521555  0.507898  0.555070  0.525394  0.884848  0.704577  0.716821  0.869253  0.435698  0.639385  0.605845  0.633999  0.536705  0.549847  0.739688  0.671142  0.721780  0.698606  0.590270 
16  0.568738  0.228848  0.343364  0.293468  0.301494  0.297357  0.769427  0.335533  0.672919  0.255091  0.545836  0.306778  0.281616  0.438927  0.246698  0.718001 0.0  0.271078  0.294804  0.276333  0.256512  0.333956  0.309006  0.369151  0.299309  0.297855  0.260320  0.394467  0.695437  0.286528  0.753687  0.305291  0.324097  0.270690  0.339086  0.282968  0.274077  0.307756  0.313484  0.197409  0.255606  0.367499  0.284900  0.323447  0.256207  0.313840  0.699834  0.286024  0.336445  0.256423  0.235208  0.259539  0.332022  0.148825  0.273248  0.227645  0.372521  0.313805  0.326969  0.209548  0.262707  0.320207  0.420290  0.270453  0.312929  0.264829  0.220455  0.705214  0.348094  0.242018  0.738436  0.266499  0.312133 
17  0.605078  0.072910  0.085027  0.136933  0.157051  0.105276  0.471200  0.255127  0.523781  0.074226  0.525212  0.396996  0.186660  0.225274  0.254550  0.601177  0.271078 0.0  0.424878  0.358042  0.073077  0.068098  0.156949  0.102163  0.068182  0.039588  0.100789  0.219546  0.589300  0.037376  0.499920  0.285824  0.305448  0.001048  0.191725  0.064767  0.338762  0.389641  0.069155  0.124982  0.077918  0.255233  0.439887  0.199540  0.119420  0.365264  0.506265  0.026368  0.408910  0.082389  0.414186  0.221542  0.100513  0.314684  0.012951  0.221362  0.194705  0.097392  0.308620  0.267150  0.186071  0.361435  0.457797  0.000000  0.055639  0.098316  0.060379  0.457963  0.401663  0.054223  0.835132  0.045582  0.167837 
18  0.513021  0.363427  0.482755  0.484499  0.415864  0.395322  0.786547  0.326806  0.768552  0.229966  0.776569  0.020752  0.315098  0.458847  0.055469  0.776755  0.294804  0.424878 0.0  0.000000  0.328553  0.381530  0.467349  0.543299  0.410213  0.492832  0.598863  0.325839  0.930335  0.322850  0.784283  0.090952  0.273557  0.516363  0.384606  0.220816  0.080195  0.455216  0.431582  0.274952  0.473121  0.360568  0.060893  0.466346  0.345397  0.000000  0.904874  0.414989  0.427829  0.429096  0.182728  0.357887  0.490447  0.000000  0.301087  0.336151  0.382723  0.378172  0.068835  0.287142  0.296961  0.051492  0.545295  0.392219  0.457044  0.412721  0.400078  0.940639  0.291818  0.365955  0.579289  0.538393  0.532053 
19  0.435517  0.517499  0.461116  0.453006  0.543614  0.451516  0.878771  0.386068  0.960815  0.444863  0.809860  0.278017  0.266449  0.732451  0.296138  0.900416  0.276333  0.358042  0.000000 0.0  0.527938  0.499547  0.426003  0.291189  0.362316  0.362026  0.385425  0.290167  0.921236  0.558049  0.947420  0.261019  0.167569  0.368596  0.340290  0.328765  0.244379  0.365763  0.384449  0.520558  0.302956  0.292011  0.233512  0.544610  0.494317  0.221712  0.801543  0.345258  0.251099  0.445753  0.070654  0.308131  0.361823  0.139705  0.607255  0.351586  0.456822  0.419774  0.214521  0.367711  0.254368  0.150189  0.500634  0.356883  0.351539  0.536970  0.413965  0.826901  0.280626  0.418718  0.741950  0.323996  0.279097 
20  0.504482  0.249901  0.231355  0.115600  0.235336  0.268613  0.631251  0.031022  0.720590  0.094641  0.586899  0.446564  0.387313  0.491813  0.471322  0.580383  0.256512  0.073077  0.328553  0.527938 0.0  0.139513  0.121049  0.107582  0.050521  0.000000  0.089922  0.386487  0.562800  0.194497  0.631236  0.457805  0.271379  0.002185  0.023006  0.119166  0.500438  0.422396  0.104048  0.152417  0.111497  0.243267  0.496350  0.109012  0.260957  0.534917  0.433302  0.223892  0.285271  0.157807  0.462316  0.204858  0.078443  0.545391  0.261780  0.133614  0.162244  0.295750  0.483404  0.284912  0.355070  0.588092  0.453077  0.392578  0.086273  0.296497  0.160071  0.633338  0.262120  0.257632  0.623081  0.083349  0.102312 
21  0.373085  0.266926  0.243619  0.157740  0.217622  0.029449  0.686485  0.176172  0.782889  0.244616  0.654294  0.541045  0.342503  0.429909  0.560633  0.617183  0.333956  0.068098  0.381530  0.499547  0.139513 0.0  0.130174  0.056322  0.086670  0.009833  0.110028  0.277487  0.546163  0.252542  0.699022  0.571769  0.280548  0.045300  0.233078  0.126962  0.586250  0.421302  0.000000  0.164719  0.000000  0.342799  0.415572  0.234849  0.203685  0.486288  0.440907  0.051012  0.428681  0.244752  0.449389  0.116570  0.120820  0.401714  0.269950  0.000000  0.189904  0.114000  0.527312  0.467135  0.272448  0.420585  0.441219  0.254209  0.146451  0.217893  0.277597  0.525272  0.344290  0.229932  0.757961  0.111532  0.143541 
22  0.563899  0.117649  0.035075  0.168185  0.033831  0.015100  0.467434  0.212803  0.486892  0.037553  0.635403  0.342620  0.270986  0.351774  0.333821  0.527492  0.309006  0.156949  0.467349  0.426003  0.121049  0.130174 0.0  0.077670  0.019590  0.147877  0.077851  0.280812  0.572011  0.140037  0.439181  0.332964  0.213355  0.028520  0.234789  0.042119  0.374654  0.375514  0.136602  0.250060  0.000000  0.363309  0.297418  0.117183  0.142059  0.382132  0.584714  0.054071  0.334562  0.043213  0.431523  0.172008  0.048846  0.496690  0.084623  0.176209  0.168776  0.121087  0.393224  0.284830  0.296547  0.400968  0.504541  0.069509  0.078140  0.016738  0.063445  0.580150  0.285780  0.021530  0.756187  0.174396  0.101230 
23  0.543261  0.069358  0.078659  0.246834  0.020976  0.127978  0.512236  0.096381  0.536846  0.140446  0.412995  0.317858  0.303335  0.330212  0.511604  0.604776  0.369151  0.102163  0.543299  0.291189  0.107582  0.056322  0.077670 0.0  0.142179  0.330871  0.252551  0.207901  0.513861  0.146482  0.603933  0.416688  0.199242  0.158004  0.103731  0.083637  0.414452  0.369732  0.202637  0.131828  0.211233  0.469053  0.393464  0.084072  0.019617  0.441490  0.776821  0.281495  0.311097  0.166257  0.358165  0.014987  0.216003  0.426960  0.031219  0.060483  0.071200  0.103284  0.358067  0.353367  0.226332  0.299510  0.506421  0.029733  0.139560  0.097461  0.031314  0.663186  0.352509  0.000000  0.718612  0.227843  0.109054 
24  0.557117  0.073585  0.071736  0.051463  0.156927  0.079534  0.573776  0.000000  0.446511  0.077547  0.640542  0.389704  0.266294  0.194983  0.378509  0.571530  0.299309  0.068182  0.410213  0.362316  0.050521  0.086670  0.019590  0.142179 0.0  0.178590  0.266733  0.228603  0.595539  0.167284  0.440748  0.377648  0.376183  0.121334  0.048915  0.168999  0.399889  0.303674  0.276859  0.008620  0.242071  0.295383  0.402272  0.183229  0.057804  0.347722  0.485325  0.154458  0.349097  0.231743  0.386551  0.127871  0.179407  0.429838  0.052353  0.055099  0.171442  0.174181  0.300057  0.420110  0.291217  0.357722  0.516879  0.000000  0.320197  0.035994  0.000000  0.701254  0.301032  0.047646  0.793096  0.181701  0.323050 
25  0.510662  0.153506  0.057448  0.199138  0.085833  0.000000  0.398957  0.023535  0.661349  0.063784  0.660163  0.326780  0.462076  0.353396  0.329731  0.702134  0.297855  0.039588  0.492832  0.362026  0.000000  0.009833  0.147877  0.330871  0.178590 0.0  0.142584  0.273737  0.473641  0.000000  0.497243  0.286889  0.244856  0.178346  0.027853  0.000000  0.366105  0.250068  0.314815  0.091141  0.197795  0.216966  0.421252  0.132039  0.089516  0.420237  0.639010  0.267760  0.406040  0.186574  0.404007  0.016470  0.131322  0.551518  0.163987  0.055927  0.197387  0.203293  0.435759  0.278060  0.283651  0.378774  0.569400  0.133661  0.133131  0.139980  0.061188  0.604551  0.416273  0.114986  0.685977  0.166540  0.195705 
26  0.380875  0.000000  0.141838  0.185628  0.098586  0.132901  0.565699  0.048510  0.529463  0.119282  0.504507  0.384326  0.390570  0.349348  0.436191  0.675837  0.260320  0.100789  0.598863  0.385425  0.089922  0.110028  0.077851  0.252551  0.266733  0.142584 0.0  0.313047  0.639829  0.034555  0.585231  0.387984  0.277251  0.317684  0.234303  0.042168  0.302146  0.315670  0.098834  0.011807  0.286644  0.186125  0.455601  0.082120  0.095777  0.355492  0.595470  0.221210  0.335318  0.128063  0.372620  0.131737  0.154145  0.381622  0.147983  0.138614  0.130838  0.153770  0.375441  0.236319  0.263750  0.395282  0.500210  0.075591  0.198045  0.116335  0.033452  0.637291  0.289914  0.101104  0.683178  0.256716  0.299358 
27  0.421266  0.303433  0.209027  0.300103  0.299157  0.302565  0.658873  0.286126  0.690469  0.196894  0.638159  0.289193  0.324815  0.466773  0.314723  0.702203  0.394467  0.219546  0.325839  0.290167  0.386487  0.277487  0.280812  0.207901  0.228603  0.273737  0.313047 0.0  0.681569  0.342038  0.661431  0.161175  0.230037  0.203293  0.346650  0.339308  0.251652  0.376075  0.237021  0.284737  0.144548  0.244261  0.349071  0.320718  0.342559  0.177238  0.688984  0.276946  0.265617  0.318650  0.249724  0.223699  0.245717  0.372883  0.219765  0.328569  0.225484  0.222391  0.245714  0.268228  0.307435  0.253643  0.393811  0.215458  0.389951  0.332263  0.260812  0.654731  0.289754  0.285048  0.742998  0.294959  0.166758 
28  0.530859  0.605153  0.463213  0.566678  0.494479  0.534897  0.577881  0.596437  0.098790  0.540637  0.164269  0.864380  0.748922  0.349932  0.835430  0.600879  0.695437  0.589300  0.930335  0.921236  0.562800  0.546163  0.572011  0.513861  0.595539  0.473641  0.639829  0.681569 0.0  0.559309  0.561878  0.827052  0.770770  0.572797  0.661156  0.516568  0.929146  0.905350  0.531049  0.613495  0.629325  0.695053  0.848660  0.611589  0.657270  0.768519  0.113495  0.685659  0.699505  0.596134  0.953790  0.553324  0.474120  0.878741  0.590326  0.484132  0.526602  0.643219  0.839929  0.722503  0.690988  0.901790  0.496257  0.616422  0.512691  0.630444  0.396885  0.043268  0.812672  0.614165  0.416204  0.432295  0.599173 
29  0.432972  0.206795  0.079130  0.207933  0.193566  0.268709  0.631938  0.064383  0.603980  0.296665  0.528049  0.336470  0.360239  0.398424  0.541275  0.622054  0.286528  0.037376  0.322850  0.558049  0.194497  0.252542  0.140037  0.146482  0.167284  0.000000  0.034555  0.342038  0.559309 0.0  0.671152  0.519776  0.314897  0.193441  0.132936  0.000000  0.456148  0.375275  0.102303  0.250031  0.141119  0.215713  0.435528  0.127771  0.053966  0.313902  0.491190  0.176086  0.295932  0.079099  0.460763  0.197750  0.085547  0.378165  0.129405  0.096703  0.131855  0.272093  0.514500  0.294853  0.251972  0.492020  0.478996  0.138666  0.130654  0.220468  0.312023  0.587862  0.267768  0.244296  0.633350  0.045015  0.024384 
30  0.503314  0.681986  0.602289  0.545480  0.519562  0.551819  0.230611  0.503695  0.655035  0.727151  0.562960  0.944162  0.821133  0.501520  0.888727  0.082018  0.753687  0.499920  0.784283  0.947420  0.631236  0.699022  0.439181  0.603933  0.440748  0.497243  0.585231  0.661431  0.561878  0.671152 0.0  0.901087  0.749630  0.600359  0.554585  0.515383  0.820642  0.713654  0.396464  0.602604  0.579245  0.687226  0.902457  0.605894  0.617072  0.944460  0.499812  0.528258  0.728403  0.606711  0.838930  0.480566  0.525005  0.834854  0.604068  0.511414  0.579480  0.693187  0.946307  0.827035  0.752233  0.870892  0.530142  0.686560  0.460228  0.586490  0.595667  0.621855  0.594615  0.698384  0.590434  0.486467  0.428386 
31  0.574209  0.427179  0.528130  0.431597  0.517148  0.437213  0.953529  0.329059  0.913011  0.364777  0.874789  0.203342  0.456694  0.722939  0.146210  0.784858  0.305291  0.285824  0.090952  0.261019  0.457805  0.571769  0.332964  0.416688  0.377648  0.286889  0.387984  0.161175  0.827052  0.519776  0.901087 0.0  0.171121  0.365308  0.420538  0.426966  0.164214  0.218013  0.462380  0.398640  0.311031  0.181318  0.247206  0.374583  0.501045  0.293346  0.719234  0.350481  0.332210  0.390777  0.199365  0.406760  0.309949  0.151903  0.427366  0.261847  0.316018  0.456582  0.251122  0.204731  0.217249  0.177104  0.492964  0.510123  0.303755  0.480023  0.520673  0.684372  0.238321  0.531725  0.708738  0.283472  0.264004 
32  0.550421  0.275547  0.335549  0.312329  0.277688  0.343400  0.772948  0.252344  0.645664  0.238238  0.735361  0.328305  0.240702  0.639728  0.143762  0.669851  0.324097  0.305448  0.273557  0.167569  0.271379  0.280548  0.213355  0.199242  0.376183  0.244856  0.277251  0.230037  0.770770  0.314897  0.749630  0.171121 0.0  0.152793  0.420038  0.238574  0.200540  0.239050  0.314543  0.372428  0.418746  0.243116  0.259548  0.354901  0.284271  0.351284  0.761523  0.316221  0.153568  0.265362  0.244624  0.332746  0.196729  0.340061  0.315210  0.200530  0.307870  0.280609  0.358103  0.295679  0.261553  0.355975  0.551118  0.186606  0.311175  0.173460  0.291314  0.835317  0.373383  0.321266  0.639818  0.241296  0.191662 
33  0.417155  0.131848  0.000000  0.211661  0.088238  0.099132  0.418481  0.200835  0.424577  0.113069  0.517305  0.362304  0.392747  0.234573  0.338504  0.567620  0.270690  0.001048  0.516363  0.368596  0.002185  0.045300  0.028520  0.158004  0.121334  0.178346  0.317684  0.203293  0.572797  0.193441  0.600359  0.365308  0.152793 0.0  0.121584  0.089459  0.367411  0.385440  0.228901  0.116914  0.104526  0.309507  0.391185  0.071712  0.122812  0.291822  0.587056  0.229191  0.338470  0.198186  0.519782  0.000000  0.150184  0.404414  0.161326  0.120245  0.194394  0.082009  0.375856  0.336059  0.263589  0.347358  0.546784  0.121126  0.119155  0.089068  0.000000  0.681362  0.407571  0.070845  0.710727  0.157492  0.112578 
34  0.585033  0.141218  0.087255  0.085172  0.136371  0.189994  0.603694  0.098647  0.581770  0.123908  0.535583  0.461442  0.474209  0.444530  0.462961  0.620854  0.339086  0.191725  0.384606  0.340290  0.023006  0.233078  0.234789  0.103731  0.048915  0.027853  0.234303  0.346650  0.661156  0.132936  0.554585  0.420538  0.420038  0.121584 0.0  0.135255  0.457601  0.466075  0.151804  0.218634  0.152885  0.231289  0.521759  0.178129  0.088685  0.388574  0.656316  0.065021  0.430908  0.156760  0.376526  0.081178  0.147653  0.341216  0.135204  0.194531  0.246263  0.188332  0.438278  0.336481  0.269880  0.446798  0.490273  0.122863  0.090283  0.070207  0.133107  0.500736  0.245166  0.183270  0.625849  0.131377  0.104049 
35  0.497302  0.097813  0.000000  0.088716  0.156164  0.140617  0.633982  0.108247  0.503298  0.219775  0.517111  0.312577  0.204090  0.261274  0.425756  0.505563  0.282968  0.064767  0.220816  0.328765  0.119166  0.126962  0.042119  0.083637  0.168999  0.000000  0.042168  0.339308  0.516568  0.000000  0.515383  0.426966  0.238574  0.089459  0.135255 0.0  0.398146  0.311197  0.093162  0.135457  0.048431  0.261759  0.260506  0.163109  0.090456  0.403686  0.498203  0.011646  0.354947  0.042162  0.352612  0.000000  0.105449  0.347857  0.126198  0.092776  0.077419  0.126526  0.434609  0.320256  0.259904  0.328162  0.535892  0.177643  0.142366  0.061342  0.095895  0.467827  0.198515  0.156955  0.859472  0.142492  0.026969 
36  0.447033  0.486177  0.517888  0.348656  0.532984  0.511550  1.000000  0.376938  0.919209  0.544545  0.851553  0.166335  0.429638  0.859648  0.141916  0.827295  0.274077  0.338762  0.080195  0.244379  0.500438  0.586250  0.374654  0.414452  0.399889  0.366105  0.302146  0.251652  0.929146  0.456148  0.820642  0.164214  0.200540  0.367411  0.457601  0.398146 0.0  0.283628  0.453637  0.564623  0.408180  0.295966  0.222102  0.452324  0.558816  0.224304  0.759221  0.363620  0.403355  0.443410  0.123144  0.352442  0.366548  0.085646  0.418465  0.329848  0.404915  0.471704  0.320657  0.321731  0.191618  0.297786  0.501516  0.571636  0.379712  0.473829  0.407097  0.719641  0.272462  0.463692  0.701383  0.375185  0.396526 
37  0.388211  0.404106  0.368407  0.508934  0.276670  0.418304  0.834681  0.397381  0.763351  0.464122  0.939635  0.309089  0.211917  0.571390  0.306092  0.828806  0.307756  0.389641  0.455216  0.365763  0.422396  0.421302  0.375514  0.369732  0.303674  0.250068  0.315670  0.376075  0.905350  0.375275  0.713654  0.218013  0.239050  0.385440  0.466075  0.311197  0.283628 0.0  0.389899  0.434254  0.366965  0.284151  0.271203  0.348266  0.412374  0.315645  0.734999  0.365710  0.161590  0.438420  0.354230  0.389755  0.346212  0.461905  0.388044  0.332556  0.410190  0.375260  0.327431  0.307339  0.392282  0.389087  0.461087  0.319422  0.287444  0.360357  0.313153  0.784151  0.271957  0.394530  0.683868  0.299718  0.360355 
38  0.431301  0.045385  0.104998  0.116058  0.155884  0.000000  0.514116  0.041949  0.543813  0.074408  0.511058  0.380422  0.257564  0.169279  0.324222  0.584606  0.313484  0.069155  0.431582  0.384449  0.104048  0.000000  0.136602  0.202637  0.276859  0.314815  0.098834  0.237021  0.531049  0.102303  0.396464  0.462380  0.314543  0.228901  0.151804  0.093162  0.453637  0.389899 0.0  0.047242  0.307363  0.306088  0.354516  0.088297  0.093650  0.454161  0.684427  0.207902  0.339851  0.111786  0.361184  0.044952  0.243495  0.344637  0.110483  0.013018  0.123498  0.108475  0.413900  0.356150  0.271923  0.417790  0.457677  0.076729  0.297214  0.091075  0.084284  0.614712  0.310933  0.065047  0.704789  0.329240  0.267609 
39  0.412316  0.163017  0.188085  0.000000  0.196717  0.211499  0.647565  0.129243  0.517228  0.333873  0.464304  0.475126  0.370270  0.396770  0.461924  0.549761  0.197409  0.124982  0.274952  0.520558  0.152417  0.164719  0.250060  0.131828  0.008620  0.091141  0.011807  0.284737  0.613495  0.250031  0.602604  0.398640  0.372428  0.116914  0.218634  0.135457  0.564623  0.434254  0.047242 0.0  0.056925  0.120221  0.540464  0.187062  0.219095  0.376182  0.482607  0.150213  0.280659  0.076966  0.509372  0.088984  0.169252  0.366945  0.227969  0.137393  0.155017  0.163686  0.404561  0.262240  0.231919  0.428732  0.513644  0.174331  0.079432  0.255445  0.188812  0.612315  0.281153  0.255521  0.833597  0.000000  0.023652 
40  0.505250  0.119369  0.040990  0.130205  0.074432  0.054366  0.441043  0.082011  0.541151  0.000000  0.559346  0.393764  0.323813  0.321189  0.416967  0.631803  0.255606  0.077918  0.473121  0.302956  0.111497  0.000000  0.000000  0.211233  0.242071  0.197795  0.286644  0.144548  0.629325  0.141119  0.579245  0.311031  0.418746  0.104526  0.152885  0.048431  0.408180  0.366965  0.307363  0.056925 0.0  0.325549  0.344549  0.184861  0.107007  0.388295  0.627717  0.199179  0.266760  0.096784  0.469643  0.130879  0.191207  0.315494  0.115796  0.143073  0.081922  0.288408  0.392412  0.370357  0.348740  0.535291  0.545869  0.059426  0.216522  0.043799  0.045695  0.651616  0.250833  0.039320  0.704131  0.231314  0.145566 
41  0.569705  0.226960  0.276256  0.243011  0.371243  0.196536  0.862288  0.185100  0.754482  0.250521  0.630404  0.299866  0.310729  0.437359  0.259912  0.666131  0.367499  0.255233  0.360568  0.292011  0.243267  0.342799  0.363309  0.469053  0.295383  0.216966  0.186125  0.244261  0.695053  0.215713  0.687226  0.181318  0.243116  0.309507  0.231289  0.261759  0.295966  0.284151  0.306088  0.120221  0.325549 0.0  0.273226  0.252502  0.311012  0.310431  0.620033  0.269083  0.259818  0.318927  0.152443  0.339347  0.242417  0.326304  0.298672  0.285933  0.322659  0.288672  0.261066  0.274431  0.281401  0.314055  0.560605  0.317158  0.190021  0.226352  0.304396  0.749013  0.292579  0.301677  0.782130  0.269930  0.189156 
42  0.492002  0.396943  0.422201  0.444768  0.407236  0.456335  0.963808  0.213672  0.837286  0.445047  0.808786  0.238360  0.453957  0.715093  0.214352  0.909796  0.284900  0.439887  0.060893  0.233512  0.496350  0.415572  0.297418  0.393464  0.402272  0.421252  0.455601  0.349071  0.848660  0.435528  0.902457  0.247206  0.259548  0.391185  0.521759  0.260506  0.222102  0.271203  0.354516  0.540464  0.344549  0.273226 0.0  0.563004  0.508035  0.182846  0.779022  0.329006  0.400435  0.444145  0.168279  0.412143  0.292507  0.140353  0.482319  0.323579  0.288289  0.386945  0.156711  0.341771  0.194582  0.209095  0.519566  0.536086  0.431902  0.408421  0.459503  0.896130  0.308633  0.466359  0.694974  0.416090  0.265394 
43  0.500145  0.311261  0.176387  0.138367  0.267526  0.206674  0.646631  0.091705  0.583355  0.255463  0.535451  0.467757  0.311234  0.363026  0.499198  0.634398  0.323447  0.199540  0.466346  0.544610  0.109012  0.234849  0.117183  0.084072  0.183229  0.132039  0.082120  0.320718  0.611589  0.127771  0.605894  0.374583  0.354901  0.071712  0.178129  0.163109  0.452324  0.348266  0.088297  0.187062  0.184861  0.252502  0.563004 0.0  0.184602  0.552237  0.399165  0.090645  0.313224  0.252483  0.437952  0.051582  0.144992  0.511268  0.083531  0.042226  0.149034  0.163995  0.541128  0.245150  0.219106  0.465317  0.401569  0.250135  0.000000  0.179186  0.156265  0.467910  0.369759  0.197328  0.502696  0.097202  0.026428 
44  0.485687  0.292604  0.218267  0.188261  0.217310  0.191590  0.615728  0.125322  0.681903  0.208499  0.458264  0.487963  0.394355  0.424106  0.409220  0.544248  0.256207  0.119420  0.345397  0.494317  0.260957  0.203685  0.142059  0.019617  0.057804  0.089516  0.095777  0.342559  0.657270  0.053966  0.617072  0.501045  0.284271  0.122812  0.088685  0.090456  0.558816  0.412374  0.093650  0.219095  0.107007  0.311012  0.508035  0.184602 0.0  0.510978  0.586252  0.000000  0.366059  0.197704  0.460651  0.101762  0.059430  0.402261  0.346973  0.091587  0.221585  0.189105  0.461122  0.251039  0.224097  0.448553  0.547637  0.236797  0.011620  0.257018  0.169711  0.467058  0.286183  0.116713  0.681119  0.072484  0.066727 
45  0.413371  0.322692  0.529657  0.378583  0.489677  0.466237  0.954268  0.408546  0.913832  0.491558  0.785362  0.165415  0.405596  0.678676  0.340225  0.922654  0.313840  0.365264  0.000000  0.221712  0.534917  0.486288  0.382132  0.441490  0.347722  0.420237  0.355492  0.177238  0.768519  0.313902  0.944460  0.293346  0.351284  0.291822  0.388574  0.403686  0.224304  0.315645  0.454161  0.376182  0.388295  0.310431  0.182846  0.552237  0.510978 0.0  0.715399  0.355883  0.389419  0.446031  0.181761  0.416141  0.456737  0.190514  0.415635  0.315756  0.422227  0.430454  0.148572  0.273353  0.289879  0.208806  0.526074  0.448764  0.278198  0.382674  0.454489  0.787294  0.251696  0.440024  0.670246  0.472382  0.275867 
46  0.456723  0.402477  0.592951  0.603386  0.538708  0.441569  0.344331  0.452663  0.005085  0.600692  0.220572  0.786800  0.908162  0.355118  0.939968  0.441632  0.699834  0.506265  0.904874  0.801543  0.433302  0.440907  0.584714  0.776821  0.485325  0.639010  0.595470  0.688984  0.113495  0.491190  0.499812  0.719234  0.761523  0.587056  0.656316  0.498203  0.759221  0.734999  0.684427  0.482607  0.627717  0.620033  0.779022  0.399165  0.586252  0.715399 0.0  0.561095  0.760822  0.597798  0.914448  0.483047  0.528366  0.891161  0.489711  0.596467  0.585423  0.631974  0.774775  0.632731  0.613352  0.700450  0.385962  0.552698  0.673296  0.499028  0.458748  0.256933  0.688707  0.556535  0.214107  0.612740  0.671109 
47  0.507554  0.062306  0.011281  0.116812  0.029947  0.042954  0.480775  0.118083  0.526532  0.051908  0.636964  0.286715  0.355882  0.255875  0.416803  0.489327  0.286024  0.026368  0.414989  0.345258  0.223892  0.051012  0.054071  0.281495  0.154458  0.267760  0.221210  0.276946  0.685659  0.176086  0.528258  0.350481  0.316221  0.229191  0.065021  0.011646  0.363620  0.365710  0.207902  0.150213  0.199179  0.269083  0.329006  0.090645  0.000000  0.355883  0.561095 0.0  0.465431  0.108595  0.354144  0.123020  0.294961  0.338855  0.122926  0.103624  0.034726  0.122521  0.355286  0.265269  0.270988  0.324501  0.460939  0.103404  0.283900  0.059621  0.006059  0.633271  0.287477  0.133423  0.735109  0.252530  0.223881 
48  0.533296  0.376138  0.347573  0.407727  0.485969  0.279970  0.762156  0.357530  0.758355  0.298143  0.968044  0.411893  0.227600  0.558145  0.299155  0.766617  0.336445  0.408910  0.427829  0.251099  0.285271  0.428681  0.334562  0.311097  0.349097  0.406040  0.335318  0.265617  0.699505  0.295932  0.728403  0.332210  0.153568  0.338470  0.430908  0.354947  0.403355  0.161590  0.339851  0.280659  0.266760  0.259818  0.400435  0.313224  0.366059  0.389419  0.760822  0.465431 0.0  0.469439  0.443586  0.347689  0.324689  0.393532  0.435002  0.398613  0.466216  0.419354  0.313013  0.323024  0.163896  0.426409  0.462702  0.371579  0.556353  0.336481  0.341708  0.891925  0.267028  0.415126  0.603943  0.354785  0.348381 
49  0.564919  0.232514  0.021117  0.236897  0.054078  0.154135  0.506849  0.198122  0.539880  0.279768  0.543734  0.474441  0.339567  0.345687  0.434255  0.578591  0.256423  0.082389  0.429096  0.445753  0.157807  0.244752  0.043213  0.166257  0.231743  0.186574  0.128063  0.318650  0.596134  0.079099  0.606711  0.390777  0.265362  0.198186  0.156760  0.042162  0.443410  0.438420  0.111786  0.076966  0.096784  0.318927  0.444145  0.252483  0.197704  0.446031  0.597798  0.108595  0.469439 0.0  0.344149  0.195605  0.169656  0.414915  0.184294  0.192301  0.107532  0.234643  0.514641  0.186243  0.253412  0.333427  0.490908  0.166363  0.244406  0.150031  0.228811  0.555290  0.236390  0.214482  0.708145  0.188438  0.069635 
50  0.552725  0.373750  0.448590  0.396470  0.518441  0.429227  0.794053  0.332026  0.907057  0.454867  0.817648  0.188041  0.349140  0.665074  0.074350  0.813837  0.235208  0.414186  0.182728  0.070654  0.462316  0.449389  0.431523  0.358165  0.386551  0.404007  0.372620  0.249724  0.953790  0.460763  0.838930  0.199365  0.244624  0.519782  0.376526  0.352612  0.123144  0.354230  0.361184  0.509372  0.469643  0.152443  0.168279  0.437952  0.460651  0.181761  0.914448  0.354144  0.443586  0.344149 0.0  0.380623  0.457717  0.191722  0.529328  0.322623  0.463259  0.425938  0.091190  0.327571  0.165578  0.084118  0.508340  0.440375  0.468771  0.345942  0.469101  0.869208  0.229533  0.327904  0.760147  0.415481  0.306552 
51  0.426344  0.189161  0.023222  0.113264  0.107347  0.056437  0.505599  0.288129  0.527976  0.049911  0.528823  0.336570  0.434515  0.244030  0.316446  0.585965  0.259539  0.221542  0.357887  0.308131  0.204858  0.116570  0.172008  0.014987  0.127871  0.016470  0.131737  0.223699  0.553324  0.197750  0.480566  0.406760  0.332746  0.000000  0.081178  0.000000  0.352442  0.389755  0.044952  0.088984  0.130879  0.339347  0.412143  0.051582  0.101762  0.416141  0.483047  0.123020  0.347689  0.195605  0.380623 0.0  0.005950  0.517067  0.154278  0.289072  0.147673  0.127110  0.300503  0.307703  0.398466  0.292541  0.504925  0.116037  0.000000  0.046324  0.097589  0.488805  0.289737  0.102807  0.768480  0.091544  0.092409 
52  0.447408  0.000000  0.085729  0.146522  0.005456  0.093834  0.518298  0.139308  0.450083  0.000551  0.665066  0.234103  0.325929  0.313279  0.389744  0.553349  0.332022  0.100513  0.490447  0.361823  0.078443  0.120820  0.048846  0.216003  0.179407  0.131322  0.154145  0.245717  0.474120  0.085547  0.525005  0.309949  0.196729  0.150184  0.147653  0.105449  0.366548  0.346212  0.243495  0.169252  0.191207  0.242417  0.292507  0.144992  0.059430  0.456737  0.528366  0.294961  0.324689  0.169656  0.457717  0.005950 0.0  0.482157  0.051384  0.099097  0.134801  0.202707  0.357411  0.318129  0.250133  0.396465  0.491849  0.011625  0.113963  0.146451  0.088844  0.704989  0.264184  0.089649  0.786349  0.201577  0.256974 
53  0.511373  0.367025  0.474863  0.450542  0.448066  0.515528  0.884005  0.334244  0.783171  0.492771  0.819633  0.219081  0.411043  0.527204  0.164427  0.765533  0.148825  0.314684  0.000000  0.139705  0.545391  0.401714  0.496690  0.426960  0.429838  0.551518  0.381622  0.372883  0.878741  0.378165  0.834854  0.151903  0.340061  0.404414  0.341216  0.347857  0.085646  0.461905  0.344637  0.366945  0.315494  0.326304  0.140353  0.511268  0.402261  0.190514  0.891161  0.338855  0.393532  0.414915  0.191722  0.517067  0.482157 0.0  0.459014  0.417215  0.459528  0.363469  0.052018  0.303884  0.312238  0.117252  0.460333  0.435154  0.332641  0.412496  0.396726  0.818970  0.429673  0.349809  0.733201  0.517080  0.494637 
