73
0 0.0  0.804745  0.649145  0.584457  0.840525  0.506398  0.737037  0.565931  0.574703  0.454704  0.544849  0.677331  0.629862  0.420667  0.738572  0.655649  0.495555  0.565650  0.545238  0.703009  0.495458  0.541335  0.694324  0.804922  0.785228  0.829896  0.426434  0.558591  0.372110  0.759469  0.511357  0.729021  0.688609  0.667474  0.440768  0.184472  0.354773  0.433590  0.494327  0.602138  0.594239  0.473204  0.530712  0.990105  0.680100  0.738708  0.480089  0.602084  0.619738  0.479984  0.163142  0.425304  0.491560  0.943998  0.519295  0.663463  0.689326  0.830970  0.682484  0.470111  0.734348  0.899056  0.000000  0.461003  0.612503  0.638279  0.858631  0.443335  0.804545  0.389350  0.457265  0.670853  0.439046 
1  0.804745 0.0  0.251561  0.738063  0.324354  0.390120  0.229488  0.311526  0.389433  0.331793  0.368820  0.195680  0.405917  0.274230  0.214777  0.345103  0.772396  0.395301  0.427438  0.290515  0.435691  0.297718  0.247015  0.435472  0.396509  0.274912  0.740122  0.340269  0.193397  0.207107  0.724471  0.334930  0.374452  0.251329  0.275685  0.697214  0.611536  0.423768  0.415186  0.267858  0.259333  0.640594  0.299539  0.317923  0.357431  0.271864  0.293899  0.160273  0.249023  0.381019  0.747572  0.371879  0.686192  0.348075  0.411431  0.321577  0.419730  0.263782  0.263004  0.313975  0.176016  0.393850  0.883744  0.308308  0.343665  0.690426  0.293162  0.328604  0.351309  0.576522  0.594797  0.768436  0.353433 
2  0.649145  0.251561 0.0  0.750135  0.265643  0.577491  0.269340  0.207879  0.340949  0.284053  0.152315  0.301040  0.274594  0.274226  0.197143  0.196340  0.646145  0.228297  0.227848  0.153057  0.182244  0.272498  0.317596  0.215423  0.250544  0.246856  0.643220  0.230175  0.207208  0.265053  0.686753  0.261498  0.280326  0.256813  0.216583  0.702114  0.401023  0.541814  0.405808  0.220547  0.235747  0.590829  0.163789  0.223198  0.267066  0.235702  0.356306  0.230503  0.157366  0.310884  0.657857  0.299763  0.750199  0.197044  0.297614  0.225544  0.093753  0.334909  0.273752  0.322907  0.236307  0.240841  0.632397  0.276664  0.397246  0.674029  0.178565  0.213666  0.226368  0.494614  0.488248  0.703181  0.309352 
3  0.584457  0.738063  0.750135 0.0  0.748789  0.515494  0.556919  0.723524  0.632769  0.437611  0.672346  0.707596  0.588356  0.403097  0.655268  0.666758  0.168325  0.460097  0.599252  0.717844  0.552883  0.641071  0.712818  0.776275  0.885355  0.916914  0.063286  0.555094  0.522301  0.782931  0.136922  0.694873  0.560476  0.632247  0.434611  0.650730  0.357062  0.613465  0.470007  0.587350  0.509369  0.187200  0.433834  0.938936  0.516423  0.696325  0.506204  0.493806  0.667736  0.629451  0.539789  0.332421  0.104751  0.854157  0.555384  0.565108  0.584528  1.000000  0.648435  0.515668  0.707629  0.782800  0.424373  0.449851  0.597047  0.213948  0.921956  0.559150  0.848006  0.425539  0.409632  0.161698  0.550445 
4  0.840525  0.324354  0.265643  0.748789 0.0  0.491673  0.235605  0.312578  0.375565  0.341279  0.560308  0.397020  0.489732  0.379294  0.384871  0.302380  0.723677  0.379598  0.451080  0.256789  0.344394  0.519513  0.220369  0.117059  0.054386  0.158799  0.666404  0.417088  0.289132  0.150572  0.759792  0.245161  0.490372  0.293705  0.460512  0.867260  0.597638  0.427612  0.496346  0.520414  0.414979  0.807826  0.390567  0.268576  0.463115  0.294218  0.339189  0.465023  0.472986  0.393917  0.904479  0.360144  0.883554  0.212975  0.422361  0.485025  0.572950  0.129262  0.324877  0.239103  0.358868  0.256365  0.799770  0.378214  0.479215  0.930517  0.264759  0.372919  0.206425  0.680624  0.716029  0.891215  0.255235 
5  0.506398  0.390120  0.577491  0.515494  0.491673 0.0  0.420842  0.505551  0.402936  0.432615  0.525288  0.389676  0.498580  0.565099  0.428260  0.438403  0.525503  0.450647  0.496435  0.484125  0.361557  0.473492  0.487670  0.496454  0.589602  0.395272  0.500149  0.423819  0.371669  0.564450  0.471897  0.473307  0.445435  0.560761  0.421754  0.515294  0.396498  0.449951  0.429944  0.462008  0.521267  0.535081  0.384959  0.466602  0.575399  0.514612  0.445981  0.588313  0.550676  0.528411  0.560148  0.380526  0.377066  0.468118  0.475706  0.482259  0.470440  0.370512  0.493506  0.440445  0.508680  0.562916  0.451914  0.490619  0.551549  0.530860  0.561152  0.498781  0.523250  0.467176  0.373969  0.389935  0.472277 
6  0.737037  0.229488  0.269340  0.556919  0.235605  0.420842 0.0  0.324361  0.299975  0.188695  0.312290  0.274262  0.327356  0.214906  0.244852  0.212832  0.674570  0.354978  0.293659  0.263316  0.396227  0.325856  0.190578  0.312523  0.266000  0.306334  0.667049  0.240016  0.371272  0.191736  0.677973  0.224327  0.262263  0.294224  0.319303  0.773719  0.438256  0.446806  0.524376  0.207953  0.307910  0.616623  0.308270  0.285587  0.076274  0.275749  0.135924  0.253280  0.308291  0.451862  0.662616  0.427408  0.566301  0.190494  0.248486  0.278410  0.294290  0.263338  0.266051  0.265910  0.233408  0.164584  0.649882  0.175069  0.251076  0.733044  0.246909  0.264456  0.272516  0.496865  0.476724  0.576181  0.302456 
7  0.565931  0.311526  0.207879  0.723524  0.312578  0.505551  0.324361 0.0  0.159178  0.158048  0.302792  0.191112  0.326915  0.262854  0.171843  0.239123  0.738157  0.220218  0.255768  0.271038  0.306760  0.252540  0.248586  0.184786  0.295481  0.276687  0.739973  0.174849  0.318005  0.240699  0.557203  0.235414  0.202110  0.338388  0.272568  0.770459  0.389438  0.493517  0.530240  0.287871  0.372043  0.707604  0.218313  0.269903  0.267003  0.364529  0.237602  0.309425  0.274702  0.291984  0.696032  0.303841  0.695133  0.271378  0.324734  0.223661  0.302930  0.360639  0.233689  0.240047  0.284485  0.247016  0.683164  0.268347  0.344338  0.649771  0.235007  0.281435  0.266511  0.565292  0.473088  0.616320  0.302673 
8  0.574703  0.389433  0.340949  0.632769  0.375565  0.402936  0.299975  0.159178 0.0  0.113506  0.220353  0.174963  0.182798  0.000000  0.353939  0.328745  0.424170  0.201120  0.232636  0.222318  0.202306  0.235103  0.259235  0.401166  0.354949  0.542868  0.552258  0.096681  0.128105  0.222916  0.529246  0.246220  0.248023  0.409248  0.127082  0.598504  0.301722  0.465621  0.508875  0.227629  0.203372  0.493583  0.077276  0.498777  0.090030  0.231135  0.099010  0.122715  0.212051  0.152423  0.526425  0.096896  0.600875  0.441080  0.149627  0.201573  0.259612  0.464167  0.313321  0.000000  0.377765  0.323670  0.427922  0.107016  0.229687  0.553201  0.584837  0.154122  0.378831  0.353202  0.436849  0.661254  0.075537 
9  0.454704  0.331793  0.284053  0.437611  0.341279  0.432615  0.188695  0.158048  0.113506 0.0  0.147630  0.344641  0.035401  0.094123  0.451863  0.208987  0.484668  0.093092  0.049699  0.220485  0.120716  0.000000  0.292819  0.337419  0.439669  0.285286  0.496664  0.094810  0.211900  0.317478  0.514792  0.257565  0.078729  0.233984  0.220485  0.575576  0.334494  0.510814  0.437867  0.155411  0.037703  0.503243  0.208707  0.277177  0.051344  0.266369  0.163890  0.000000  0.000000  0.129060  0.495857  0.151736  0.472048  0.306453  0.205842  0.130943  0.000000  0.388400  0.181762  0.120807  0.208899  0.361656  0.671473  0.140716  0.067865  0.424645  0.351585  0.109850  0.355130  0.274125  0.309375  0.505951  0.104029 
10  0.544849  0.368820  0.152315  0.672346  0.560308  0.525288  0.312290  0.302792  0.220353  0.147630 0.0  0.279412  0.214990  0.000000  0.323148  0.259738  0.629819  0.129751  0.149782  0.268739  0.236228  0.171316  0.327139  0.313452  0.430871  0.517483  0.467331  0.120051  0.004603  0.226281  0.542484  0.187867  0.221764  0.253978  0.055601  0.641897  0.327469  0.469176  0.437710  0.204070  0.137287  0.395975  0.023089  0.499961  0.213873  0.299310  0.136507  0.152820  0.284777  0.152444  0.556756  0.131906  0.558175  0.444162  0.149065  0.179146  0.318254  0.398776  0.183494  0.075824  0.130371  0.523020  0.426656  0.066249  0.149795  0.710747  0.508569  0.125555  0.473440  0.356525  0.345760  0.637290  0.151457 
11  0.677331  0.195680  0.301040  0.707596  0.397020  0.389676  0.274262  0.191112  0.174963  0.344641  0.279412 0.0  0.387719  0.338555  0.311171  0.321866  0.839911  0.428487  0.410077  0.257237  0.395505  0.205033  0.340983  0.319693  0.315972  0.376479  0.784986  0.453916  0.294888  0.280223  0.722675  0.337716  0.337064  0.296345  0.454739  0.772556  0.571756  0.517138  0.529334  0.351242  0.418208  0.760899  0.371220  0.423729  0.362368  0.242177  0.400840  0.295500  0.334082  0.490226  0.820681  0.357153  0.623007  0.385813  0.435205  0.411473  0.468248  0.343853  0.235704  0.260681  0.219118  0.206723  0.828232  0.341954  0.330061  0.805922  0.393892  0.359373  0.509222  0.608730  0.497051  0.688574  0.408630 
12  0.629862  0.405917  0.274594  0.588356  0.489732  0.498580  0.327356  0.326915  0.182798  0.035401  0.214990  0.387719 0.0  0.091752  0.349290  0.345186  0.464558  0.203358  0.239841  0.353722  0.150547  0.057844  0.331154  0.313069  0.359203  0.436888  0.337458  0.134480  0.118961  0.260021  0.459363  0.247165  0.174971  0.293395  0.115630  0.560261  0.268989  0.471976  0.469046  0.311578  0.066765  0.481377  0.066163  0.446140  0.259421  0.422997  0.026307  0.239645  0.241001  0.168158  0.564475  0.000000  0.693283  0.495662  0.082995  0.144432  0.160813  0.492773  0.277339  0.013997  0.261120  0.468425  0.501408  0.076598  0.254193  0.630237  0.359676  0.035734  0.461189  0.347009  0.374814  0.585366  0.093926 
13  0.420667  0.274230  0.274226  0.403097  0.379294  0.565099  0.214906  0.262854  0.000000  0.094123  0.000000  0.338555  0.091752 0.0  0.220107  0.305540  0.486725  0.146406  0.117339  0.192401  0.202727  0.050097  0.304676  0.458392  0.283288  0.408366  0.647795  0.106742  0.271150  0.267122  0.432676  0.308343  0.030836  0.192959  0.122447  0.549633  0.253969  0.399195  0.570482  0.000000  0.070439  0.667009  0.199043  0.310935  0.056557  0.357469  0.276397  0.057386  0.078597  0.176878  0.503846  0.120849  0.455822  0.382587  0.101939  0.118216  0.042199  0.320244  0.315937  0.199716  0.200486  0.299263  0.454429  0.123558  0.149534  0.362698  0.249230  0.268342  0.382199  0.212222  0.294687  0.447208  0.042717 
14  0.738572  0.214777  0.197143  0.655268  0.384871  0.428260  0.244852  0.171843  0.353939  0.451863  0.323148  0.311171  0.349290  0.220107 0.0  0.182972  0.745837  0.365341  0.332580  0.246024  0.511003  0.308067  0.186408  0.337722  0.377265  0.345024  0.662877  0.353641  0.346114  0.312477  0.719898  0.269365  0.255384  0.198474  0.307210  0.752133  0.631734  0.502676  0.449391  0.349422  0.302521  0.828023  0.342819  0.374746  0.344234  0.202171  0.378991  0.383366  0.295254  0.400303  0.742050  0.326376  0.660450  0.437827  0.380536  0.282834  0.298757  0.340154  0.194521  0.318272  0.264198  0.297877  0.788401  0.303269  0.401588  0.785769  0.371520  0.285636  0.355650  0.597955  0.541240  0.750509  0.382207 
15  0.655649  0.345103  0.196340  0.666758  0.302380  0.438403  0.212832  0.239123  0.328745  0.208987  0.259738  0.321866  0.345186  0.305540  0.182972 0.0  0.729683  0.222876  0.300270  0.305717  0.359980  0.333675  0.281492  0.253087  0.200210  0.214650  0.708548  0.334065  0.198401  0.328955  0.639978  0.283587  0.292629  0.173599  0.234561  0.717957  0.522520  0.409657  0.541033  0.190812  0.268950  0.653513  0.285686  0.226100  0.311325  0.217035  0.229068  0.250626  0.261020  0.236620  0.632110  0.258520  0.652031  0.259122  0.338186  0.232135  0.308561  0.331214  0.233080  0.250262  0.280802  0.313484  0.604070  0.339070  0.291548  0.686375  0.233094  0.280719  0.263305  0.487716  0.556806  0.740818  0.316599 
16  0.495555  0.772396  0.646145  0.168325  0.723677  0.525503  0.674570  0.738157  0.424170  0.484668  0.629819  0.839911  0.464558  0.486725  0.745837  0.729683 0.0  0.499609  0.572996  0.605488  0.512554  0.559698  0.728379  0.885286  0.773152  0.904995  0.182879  0.508820  0.588430  0.644359  0.137935  0.654329  0.567744  0.801099  0.568153  0.543297  0.242328  0.466299  0.475509  0.549747  0.541262  0.214662  0.519061  0.796743  0.509477  0.765417  0.444446  0.629939  0.422052  0.497016  0.568859  0.419961  0.090951  0.786580  0.588733  0.554459  0.614017  0.759839  0.703057  0.532032  0.721150  0.819929  0.589389  0.596526  0.455526  0.078919  0.910528  0.519033  0.905159  0.393433  0.255456  0.114558  0.653032 
17  0.565650  0.395301  0.228297  0.460097  0.379598  0.450647  0.354978  0.220218  0.201120  0.093092  0.129751  0.428487  0.203358  0.146406  0.365341  0.222876  0.499609 0.0  0.000000  0.382814  0.186878  0.153883  0.325121  0.324630  0.457264  0.459129  0.676055  0.089708  0.145839  0.215015  0.489448  0.236468  0.159591  0.126148  0.201319  0.597978  0.376454  0.536761  0.441192  0.165828  0.161537  0.532402  0.172778  0.403792  0.147742  0.491602  0.183407  0.180021  0.173549  0.054266  0.603436  0.006005  0.519895  0.439633  0.182995  0.147126  0.146844  0.386399  0.345642  0.091341  0.247296  0.427584  0.615278  0.174517  0.134738  0.524967  0.444224  0.140042  0.505580  0.276823  0.303951  0.568784  0.074668 
18  0.545238  0.427438  0.227848  0.599252  0.451080  0.496435  0.293659  0.255768  0.232636  0.049699  0.149782  0.410077  0.239841  0.117339  0.332580  0.300270  0.572996  0.000000 0.0  0.311117  0.252938  0.182108  0.336445  0.412195  0.407215  0.464134  0.438768  0.044483  0.013293  0.269018  0.545536  0.198181  0.170727  0.370010  0.000000  0.654181  0.390450  0.602761  0.508155  0.224212  0.271906  0.511041  0.000000  0.399958  0.293113  0.347700  0.100012  0.186151  0.254148  0.000000  0.561681  0.120066  0.601506  0.513803  0.078105  0.175870  0.064517  0.606069  0.273389  0.068938  0.363104  0.396121  0.515943  0.048850  0.235753  0.626263  0.478645  0.130918  0.414394  0.370169  0.419018  0.691178  0.136197 
19  0.703009  0.290515  0.153057  0.717844  0.256789  0.484125  0.263316  0.271038  0.222318  0.220485  0.268739  0.257237  0.353722  0.192401  0.246024  0.305717  0.605488  0.382814  0.311117 0.0  0.181546  0.328129  0.245187  0.338310  0.220232  0.238459  0.800097  0.338099  0.337271  0.339770  0.650760  0.306449  0.288895  0.355081  0.205574  0.569449  0.503673  0.484013  0.432476  0.265649  0.253300  0.830159  0.367061  0.286640  0.307746  0.373830  0.278852  0.361144  0.220093  0.226666  0.698536  0.298593  0.609534  0.280372  0.232671  0.362186  0.310393  0.181142  0.244853  0.270396  0.229127  0.294773  0.745852  0.250454  0.206355  0.749619  0.368688  0.289079  0.182718  0.515820  0.505552  0.630147  0.169349 
20  0.495458  0.435691  0.182244  0.552883  0.344394  0.361557  0.396227  0.306760  0.202306  0.120716  0.236228  0.395505  0.150547  0.202727  0.511003  0.359980  0.512554  0.186878  0.252938  0.181546 0.0  0.195367  0.207396  0.446629  0.448121  0.517568  0.669611  0.141653  0.247249  0.223855  0.424689  0.243140  0.117185  0.209979  0.193879  0.519944  0.274795  0.406802  0.413953  0.259354  0.166629  0.553476  0.141904  0.430674  0.155921  0.353553  0.157433  0.112555  0.107334  0.204551  0.671024  0.128762  0.583691  0.366501  0.000000  0.057998  0.188597  0.451308  0.318220  0.119884  0.287003  0.506158  0.546866  0.166924  0.110763  0.557749  0.403190  0.184665  0.499967  0.314395  0.344299  0.581719  0.086656 
21  0.541335  0.297718  0.272498  0.641071  0.519513  0.473492  0.325856  0.252540  0.235103  0.000000  0.171316  0.205033  0.057844  0.050097  0.308067  0.333675  0.559698  0.153883  0.182108  0.328129  0.195367 0.0  0.290496  0.325013  0.449352  0.514627  0.487850  0.186972  0.075174  0.331289  0.425120  0.356140  0.118580  0.169034  0.075544  0.653676  0.379623  0.442444  0.508283  0.099947  0.251867  0.530571  0.132848  0.548488  0.247128  0.325517  0.068516  0.180721  0.238184  0.118090  0.557264  0.019762  0.617709  0.469130  0.133978  0.212541  0.279786  0.440417  0.226302  0.100752  0.306667  0.519951  0.479889  0.036328  0.122550  0.679518  0.472570  0.193161  0.493667  0.320423  0.419266  0.606536  0.052254 
22  0.694324  0.247015  0.317596  0.712818  0.220369  0.487670  0.190578  0.248586  0.259235  0.292819  0.327139  0.340983  0.331154  0.304676  0.186408  0.281492  0.728379  0.325121  0.336445  0.245187  0.207396  0.290496 0.0  0.376000  0.128085  0.315161  0.673519  0.276857  0.292495  0.270047  0.649820  0.246931  0.224142  0.240645  0.247459  0.605939  0.470860  0.417548  0.468506  0.354649  0.127992  0.741458  0.244029  0.280555  0.246192  0.187495  0.294532  0.189333  0.210286  0.314611  0.619364  0.270728  0.612023  0.303614  0.183047  0.289222  0.295431  0.188910  0.308105  0.360984  0.249366  0.333042  0.718340  0.313038  0.372259  0.544701  0.283250  0.241614  0.316370  0.423405  0.454711  0.576497  0.220907 
23  0.804922  0.435472  0.215423  0.776275  0.117059  0.496454  0.312523  0.184786  0.401166  0.337419  0.313452  0.319693  0.313069  0.458392  0.337722  0.253087  0.885286  0.324630  0.412195  0.338310  0.446629  0.325013  0.376000 0.0  0.079725  0.042846  0.899194  0.300743  0.469550  0.174183  0.705835  0.218239  0.252336  0.216984  0.250650  0.723824  0.575864  0.562620  0.352597  0.391159  0.285992  0.913406  0.343672  0.050005  0.357741  0.410066  0.454000  0.338448  0.453745  0.404028  0.755584  0.337404  0.705857  0.000000  0.430272  0.372036  0.349805  0.067620  0.307014  0.605747  0.265392  0.177803  0.676669  0.460765  0.300185  0.705981  0.027540  0.418286  0.010725  0.619445  0.507327  0.669770  0.440878 
24  0.785228  0.396509  0.250544  0.885355  0.054386  0.589602  0.266000  0.295481  0.354949  0.439669  0.430871  0.315972  0.359203  0.283288  0.377265  0.200210  0.773152  0.457264  0.407215  0.220232  0.448121  0.449352  0.128085  0.079725 0.0  0.148957  0.811019  0.432001  0.411873  0.373702  0.725666  0.281135  0.343794  0.362691  0.397170  0.924963  0.689215  0.459951  0.503985  0.374409  0.453330  0.692898  0.402496  0.121428  0.412801  0.369113  0.389413  0.352301  0.332590  0.457599  0.859523  0.395984  0.819520  0.202900  0.307492  0.356578  0.310691  0.067821  0.284417  0.398014  0.229015  0.118422  0.821040  0.419026  0.422428  0.843769  0.132998  0.375162  0.193080  0.564115  0.636102  0.876906  0.393448 
25  0.829896  0.274912  0.246856  0.916914  0.158799  0.395272  0.306334  0.276687  0.542868  0.285286  0.517483  0.376479  0.436888  0.408366  0.345024  0.214650  0.904995  0.459129  0.464134  0.238459  0.517568  0.514627  0.315161  0.042846  0.148957 0.0  0.753686  0.474921  0.400918  0.274785  0.758965  0.216163  0.450951  0.230193  0.256153  0.796973  0.533569  0.500312  0.500004  0.441475  0.477708  0.757622  0.331804  0.199667  0.492566  0.314630  0.302702  0.444593  0.558013  0.326502  0.809441  0.337221  0.923698  0.156142  0.357633  0.528189  0.577682  0.293172  0.236507  0.277792  0.346944  0.201406  0.731035  0.291451  0.479094  0.914679  0.204622  0.298735  0.150023  0.631920  0.621503  0.940121  0.450621 
26  0.426434  0.740122  0.643220  0.063286  0.666404  0.500149  0.667049  0.739973  0.552258  0.496664  0.467331  0.784986  0.337458  0.647795  0.662877  0.708548  0.182879  0.676055  0.438768  0.800097  0.669611  0.487850  0.673519  0.899194  0.811019  0.753686 0.0  0.493792  0.698596  0.676133  0.156989  0.690069  0.454306  0.655936  0.466208  0.467542  0.337316  0.474775  0.481848  0.457195  0.479156  0.191444  0.461822  0.707749  0.475895  0.772762  0.551136  0.502496  0.517694  0.633936  0.571161  0.496230  0.000000  0.778311  0.668474  0.445619  0.450779  0.838007  0.726818  0.533882  0.723971  0.776102  0.476803  0.580697  0.525366  0.217391  0.802988  0.514691  0.786599  0.439396  0.271495  0.042685  0.475494 
27  0.558591  0.340269  0.230175  0.555094  0.417088  0.423819  0.240016  0.174849  0.096681  0.094810  0.120051  0.453916  0.134480  0.106742  0.353641  0.334065  0.508820  0.089708  0.044483  0.338099  0.141653  0.186972  0.276857  0.300743  0.432001  0.474921  0.493792 0.0  0.074619  0.320763  0.564235  0.251678  0.167400  0.222856  0.000209  0.645507  0.355128  0.526278  0.435604  0.093399  0.171109  0.506317  0.232768  0.455197  0.115692  0.425444  0.145505  0.098721  0.147372  0.105197  0.667674  0.127430  0.499111  0.321389  0.123393  0.195301  0.171829  0.430731  0.343293  0.169634  0.322769  0.405327  0.472558  0.099645  0.120765  0.551377  0.351857  0.194995  0.305105  0.344789  0.275432  0.553485  0.193115 
28  0.372110  0.193397  0.207208  0.522301  0.289132  0.371669  0.371272  0.318005  0.128105  0.211900  0.004603  0.294888  0.118961  0.271150  0.346114  0.198401  0.588430  0.145839  0.013293  0.337271  0.247249  0.075174  0.292495  0.469550  0.411873  0.400918  0.698596  0.074619 0.0  0.287173  0.409109  0.286176  0.085807  0.221132  0.109162  0.405835  0.428455  0.430220  0.465219  0.167777  0.103995  0.551690  0.000000  0.352418  0.189211  0.368712  0.204685  0.079747  0.079989  0.171045  0.535715  0.000000  0.446151  0.399713  0.120388  0.026098  0.000000  0.229433  0.271067  0.164743  0.321021  0.413188  0.496613  0.191801  0.053697  0.477593  0.389080  0.250787  0.352245  0.340589  0.269658  0.462509  0.084932 
29  0.759469  0.207107  0.265053  0.782931  0.150572  0.564450  0.191736  0.240699  0.222916  0.317478  0.226281  0.280223  0.260021  0.267122  0.312477  0.328955  0.644359  0.215015  0.269018  0.339770  0.223855  0.331289  0.270047  0.174183  0.373702  0.274785  0.676133  0.320763  0.287173 0.0  0.684093  0.356331  0.317478  0.289098  0.311907  0.726177  0.542236  0.481794  0.346652  0.314483  0.281863  0.678168  0.298266  0.212462  0.226136  0.188636  0.180399  0.197895  0.147146  0.301252  0.636348  0.325036  0.649816  0.323387  0.393418  0.302843  0.231437  0.249905  0.188073  0.225753  0.295240  0.276773  0.767472  0.296171  0.266541  0.671327  0.241403  0.212633  0.162649  0.512335  0.324056  0.775670  0.270124 
30  0.511357  0.724471  0.686753  0.136922  0.759792  0.471897  0.677973  0.557203  0.529246  0.514792  0.542484  0.722675  0.459363  0.432676  0.719898  0.639978  0.137935  0.489448  0.545536  0.650760  0.424689  0.425120  0.649820  0.705835  0.725666  0.758965  0.156989  0.564235  0.409109  0.684093 0.0  0.610378  0.472172  0.745017  0.458943  0.455021  0.342815  0.489164  0.488096  0.400832  0.473384  0.027360  0.497596  0.710145  0.491961  0.784098  0.529653  0.489456  0.509872  0.610883  0.558168  0.528199  0.107607  0.712692  0.511643  0.401335  0.642845  0.700158  0.647271  0.521487  0.641487  0.636832  0.379059  0.520441  0.554325  0.201409  0.800095  0.602625  0.824447  0.211704  0.289743  0.048651  0.439384 
31  0.729021  0.334930  0.261498  0.694873  0.245161  0.473307  0.224327  0.235414  0.246220  0.257565  0.187867  0.337716  0.247165  0.308343  0.269365  0.283587  0.654329  0.236468  0.198181  0.306449  0.243140  0.356140  0.246931  0.218239  0.281135  0.216163  0.690069  0.251678  0.286176  0.356331  0.610378 0.0  0.327504  0.313973  0.235457  0.682077  0.460851  0.406097  0.430549  0.371030  0.236267  0.722249  0.308993  0.323738  0.295886  0.227540  0.365157  0.192807  0.338884  0.344701  0.776163  0.286067  0.620658  0.240793  0.336836  0.348450  0.291448  0.319757  0.222884  0.285422  0.244669  0.195095  0.682934  0.186278  0.294830  0.726926  0.186389  0.250858  0.192490  0.430314  0.499385  0.632252  0.241631 
32  0.688609  0.374452  0.280326  0.560476  0.490372  0.445435  0.262263  0.202110  0.248023  0.078729  0.221764  0.337064  0.174971  0.030836  0.255384  0.292629  0.567744  0.159591  0.170727  0.288895  0.117185  0.118580  0.224142  0.252336  0.343794  0.450951  0.454306  0.167400  0.085807  0.317478  0.472172  0.327504 0.0  0.342167  0.099765  0.563495  0.481448  0.480016  0.516966  0.179204  0.109538  0.575256  0.012802  0.595421  0.233635  0.382929  0.088177  0.252378  0.309213  0.065634  0.578537  0.023697  0.582858  0.531955  0.103306  0.176439  0.189136  0.378154  0.261385  0.157884  0.235186  0.387432  0.550255  0.062036  0.288761  0.541433  0.507833  0.061874  0.415536  0.432741  0.422552  0.707145  0.091956 
33  0.667474  0.251329  0.256813  0.632247  0.293705  0.560761  0.294224  0.338388  0.409248  0.233984  0.253978  0.296345  0.293395  0.192959  0.198474  0.173599  0.801099  0.126148  0.370010  0.355081  0.209979  0.169034  0.240645  0.216984  0.362691  0.230193  0.655936  0.222856  0.221132  0.289098  0.745017  0.313973  0.342167 0.0  0.332994  0.631470  0.543698  0.489666  0.459333  0.256977  0.286658  0.670961  0.347109  0.420484  0.162185  0.338739  0.184468  0.338141  0.241209  0.270840  0.685218  0.290113  0.677928  0.260647  0.362490  0.274190  0.148008  0.301040  0.184081  0.259512  0.284358  0.282073  0.571550  0.291702  0.326437  0.691468  0.291467  0.235748  0.269837  0.370228  0.511764  0.734890  0.234327 
34  0.440768  0.275685  0.216583  0.434611  0.460512  0.421754  0.319303  0.272568  0.127082  0.220485  0.055601  0.454739  0.115630  0.122447  0.307210  0.234561  0.568153  0.201319  0.000000  0.205574  0.193879  0.075544  0.247459  0.250650  0.397170  0.256153  0.466208  0.000209  0.109162  0.311907  0.458943  0.235457  0.099765  0.332994 0.0  0.413190  0.351452  0.518727  0.492200  0.068395  0.018600  0.438881  0.055764  0.350215  0.124593  0.297114  0.060440  0.086940  0.082764  0.136846  0.453613  0.254219  0.480396  0.349255  0.197218  0.087437  0.194031  0.327856  0.277177  0.022437  0.237700  0.327476  0.541877  0.000000  0.059344  0.474852  0.324863  0.160976  0.393882  0.370569  0.262821  0.503574  0.063078 
35  0.184472  0.697214  0.702114  0.650730  0.867260  0.515294  0.773719  0.770459  0.598504  0.575576  0.641897  0.772556  0.560261  0.549633  0.752133  0.717957  0.543297  0.597978  0.654181  0.569449  0.519944  0.653676  0.605939  0.723824  0.924963  0.796973  0.467542  0.645507  0.405835  0.726177  0.455021  0.682077  0.563495  0.631470  0.413190 0.0  0.401968  0.545859  0.480217  0.543033  0.669496  0.489552  0.324531  0.887355  0.627839  0.750485  0.493717  0.520371  0.639864  0.512369  0.212838  0.407180  0.548683  0.923618  0.519987  0.605796  0.540252  0.955993  0.619818  0.429882  0.592948  0.894350  0.121420  0.532624  0.580065  0.545052  0.884364  0.443216  0.841626  0.345165  0.464959  0.583674  0.555132 
36  0.354773  0.611536  0.401023  0.357062  0.597638  0.396498  0.438256  0.389438  0.301722  0.334494  0.327469  0.571756  0.268989  0.253969  0.631734  0.522520  0.242328  0.376454  0.390450  0.503673  0.274795  0.379623  0.470860  0.575864  0.689215  0.533569  0.337316  0.355128  0.428455  0.542236  0.342815  0.460851  0.481448  0.543698  0.351452  0.401968 0.0  0.403792  0.339195  0.289095  0.375886  0.387327  0.283304  0.712116  0.309872  0.519625  0.285552  0.301636  0.407957  0.340673  0.400653  0.253857  0.371208  0.574308  0.286710  0.330181  0.226928  0.658691  0.516997  0.240319  0.549610  0.651070  0.391894  0.309761  0.261398  0.378750  0.597808  0.318903  0.620648  0.380127  0.350936  0.359013  0.409144 
37  0.433590  0.423768  0.541814  0.613465  0.427612  0.449951  0.446806  0.493517  0.465621  0.510814  0.469176  0.517138  0.471976  0.399195  0.502676  0.409657  0.466299  0.536761  0.602761  0.484013  0.406802  0.442444  0.417548  0.562620  0.459951  0.500312  0.474775  0.526278  0.430220  0.481794  0.489164  0.406097  0.480016  0.489666  0.518727  0.545859  0.403792 0.0  0.468321  0.392292  0.506104  0.434070  0.490898  0.430411  0.467641  0.457100  0.380988  0.555348  0.465522  0.485323  0.400246  0.418883  0.466093  0.517316  0.424671  0.452349  0.452815  0.485652  0.466235  0.529791  0.397804  0.475023  0.403385  0.575480  0.448946  0.541225  0.375574  0.483601  0.459714  0.502855  0.511214  0.474532  0.582296 
38  0.494327  0.415186  0.405808  0.470007  0.496346  0.429944  0.524376  0.530240  0.508875  0.437867  0.437710  0.529334  0.469046  0.570482  0.449391  0.541033  0.475509  0.441192  0.508155  0.432476  0.413953  0.508283  0.468506  0.352597  0.503985  0.500004  0.481848  0.435604  0.465219  0.346652  0.488096  0.430549  0.516966  0.459333  0.492200  0.480217  0.339195  0.468321 0.0  0.545964  0.469011  0.472008  0.465139  0.483678  0.528528  0.460886  0.486527  0.408378  0.563844  0.367877  0.408869  0.548220  0.374215  0.461568  0.406554  0.508944  0.480907  0.474173  0.513737  0.528267  0.481357  0.488431  0.511191  0.454176  0.560728  0.330323  0.392723  0.435269  0.594002  0.418284  0.496542  0.590478  0.405800 
39  0.602138  0.267858  0.220547  0.587350  0.520414  0.462008  0.207953  0.287871  0.227629  0.155411  0.204070  0.351242  0.311578  0.000000  0.349422  0.190812  0.549747  0.165828  0.224212  0.265649  0.259354  0.099947  0.354649  0.391159  0.374409  0.441475  0.457195  0.093399  0.167777  0.314483  0.400832  0.371030  0.179204  0.256977  0.068395  0.543033  0.289095  0.392292  0.545964 0.0  0.142842  0.540593  0.052750  0.448125  0.145321  0.341017  0.021639  0.269711  0.182908  0.166942  0.569640  0.119193  0.580353  0.621741  0.048283  0.181530  0.224385  0.505394  0.176151  0.105291  0.273963  0.416704  0.552250  0.143415  0.152019  0.607862  0.413310  0.083334  0.450199  0.389643  0.454076  0.586847  0.056907 
40  0.594239  0.259333  0.235747  0.509369  0.414979  0.521267  0.307910  0.372043  0.203372  0.037703  0.137287  0.418208  0.066765  0.070439  0.302521  0.268950  0.541262  0.161537  0.271906  0.253300  0.166629  0.251867  0.127992  0.285992  0.453330  0.477708  0.479156  0.171109  0.103995  0.281863  0.473384  0.236267  0.109538  0.286658  0.018600  0.669496  0.375886  0.506104  0.469011  0.142842 0.0  0.501100  0.047257  0.484933  0.238644  0.231883  0.089668  0.252503  0.248686  0.091686  0.569200  0.099854  0.774799  0.396443  0.141907  0.277455  0.181480  0.560264  0.242670  0.142240  0.140453  0.495885  0.466371  0.003849  0.097844  0.591294  0.561106  0.161929  0.476911  0.373688  0.399262  0.694820  0.178402 
41  0.473204  0.640594  0.590829  0.187200  0.807826  0.535081  0.616623  0.707604  0.493583  0.503243  0.395975  0.760899  0.481377  0.667009  0.828023  0.653513  0.214662  0.532402  0.511041  0.830159  0.553476  0.530571  0.741458  0.913406  0.692898  0.757622  0.191444  0.506317  0.551690  0.678168  0.027360  0.722249  0.575256  0.670961  0.438881  0.489552  0.387327  0.434070  0.472008  0.540593  0.501100 0.0  0.493558  0.621482  0.525951  0.793814  0.612079  0.529067  0.483856  0.592609  0.515020  0.476532  0.000000  0.693563  0.562309  0.614891  0.499729  0.809658  0.677019  0.737584  0.643494  0.775215  0.462181  0.623309  0.486738  0.130190  0.777665  0.565812  0.800723  0.432867  0.210381  0.088801  0.548558 
42  0.530712  0.299539  0.163789  0.433834  0.390567  0.384959  0.308270  0.218313  0.077276  0.208707  0.023089  0.371220  0.066163  0.199043  0.342819  0.285686  0.519061  0.172778  0.000000  0.367061  0.141904  0.132848  0.244029  0.343672  0.402496  0.331804  0.461822  0.232768  0.000000  0.298266  0.497596  0.308993  0.012802  0.347109  0.055764  0.324531  0.283304  0.490898  0.465139  0.052750  0.047257  0.493558 0.0  0.416376  0.099386  0.440825  0.105820  0.083346  0.102822  0.019338  0.548006  0.293399  0.447063  0.371855  0.132307  0.031948  0.184428  0.360077  0.374806  0.080196  0.145702  0.329757  0.551458  0.132063  0.043834  0.393999  0.289208  0.088534  0.350142  0.380888  0.161252  0.581802  0.083818 
43  0.990105  0.317923  0.223198  0.938936  0.268576  0.466602  0.285587  0.269903  0.498777  0.277177  0.499961  0.423729  0.446140  0.310935  0.374746  0.226100  0.796743  0.403792  0.399958  0.286640  0.430674  0.548488  0.280555  0.050005  0.121428  0.199667  0.707749  0.455197  0.352418  0.212462  0.710145  0.323738  0.595421  0.420484  0.350215  0.887355  0.712116  0.430411  0.483678  0.448125  0.484933  0.621482  0.416376 0.0  0.440221  0.454980  0.264991  0.449507  0.495477  0.342665  0.754734  0.549289  0.806460  0.054439  0.287449  0.426588  0.395720  0.174964  0.291452  0.372773  0.257218  0.294274  0.759848  0.307391  0.425343  0.878672  0.201529  0.306385  0.141948  0.673434  0.714586  0.850589  0.399989 
44  0.680100  0.357431  0.267066  0.516423  0.463115  0.575399  0.076274  0.267003  0.090030  0.051344  0.213873  0.362368  0.259421  0.056557  0.344234  0.311325  0.509477  0.147742  0.293113  0.307746  0.155921  0.247128  0.246192  0.357741  0.412801  0.492566  0.475895  0.115692  0.189211  0.226136  0.491961  0.295886  0.233635  0.162185  0.124593  0.627839  0.309872  0.467641  0.528528  0.145321  0.238644  0.525951  0.099386  0.440221 0.0  0.312776  0.042460  0.211221  0.206491  0.156527  0.608080  0.097201  0.576797  0.439867  0.056860  0.248555  0.206842  0.398438  0.243159  0.123156  0.316722  0.463286  0.452356  0.076591  0.102327  0.515768  0.456839  0.037824  0.496499  0.425291  0.355371  0.550643  0.172290 
45  0.738708  0.271864  0.235702  0.696325  0.294218  0.514612  0.275749  0.364529  0.231135  0.266369  0.299310  0.242177  0.422997  0.357469  0.202171  0.217035  0.765417  0.491602  0.347700  0.373830  0.353553  0.325517  0.187495  0.410066  0.369113  0.314630  0.772762  0.425444  0.368712  0.188636  0.784098  0.227540  0.382929  0.338739  0.297114  0.750485  0.519625  0.457100  0.460886  0.341017  0.231883  0.793814  0.440825  0.454980  0.312776 0.0  0.399999  0.298656  0.275455  0.446150  0.817198  0.343278  0.689563  0.404797  0.404903  0.282134  0.404751  0.354789  0.280765  0.235921  0.321525  0.328114  0.669135  0.340360  0.349402  0.668379  0.368757  0.388992  0.358151  0.554145  0.470000  0.687978  0.351575 
46  0.480089  0.293899  0.356306  0.506204  0.339189  0.445981  0.135924  0.237602  0.099010  0.163890  0.136507  0.400840  0.026307  0.276397  0.378991  0.229068  0.444446  0.183407  0.100012  0.278852  0.157433  0.068516  0.294532  0.454000  0.389413  0.302702  0.551136  0.145505  0.204685  0.180399  0.529653  0.365157  0.088177  0.184468  0.060440  0.493717  0.285552  0.380988  0.486527  0.021639  0.089668  0.612079  0.105820  0.264991  0.042460  0.399999 0.0  0.014757  0.153173  0.281965  0.467228  0.002398  0.507127  0.375698  0.146076  0.000000  0.030570  0.328248  0.224252  0.313537  0.207189  0.373512  0.424645  0.078285  0.142218  0.366700  0.466855  0.144441  0.297218  0.366594  0.264591  0.478637  0.260942 
47  0.602084  0.160273  0.230503  0.493806  0.465023  0.588313  0.253280  0.309425  0.122715  0.000000  0.152820  0.295500  0.239645  0.057386  0.383366  0.250626  0.629939  0.180021  0.186151  0.361144  0.112555  0.180721  0.189333  0.338448  0.352301  0.444593  0.502496  0.098721  0.079747  0.197895  0.489456  0.192807  0.252378  0.338141  0.086940  0.520371  0.301636  0.555348  0.408378  0.269711  0.252503  0.529067  0.083346  0.449507  0.211221  0.298656  0.014757 0.0  0.205872  0.165311  0.485643  0.054407  0.551977  0.477532  0.000000  0.202923  0.278233  0.440136  0.226018  0.201260  0.202208  0.449566  0.374041  0.191123  0.232108  0.730151  0.420418  0.072842  0.485332  0.300985  0.354763  0.579202  0.172587 
48  0.619738  0.249023  0.157366  0.667736  0.472986  0.550676  0.308291  0.274702  0.212051  0.000000  0.284777  0.334082  0.241001  0.078597  0.295254  0.261020  0.422052  0.173549  0.254148  0.220093  0.107334  0.238184  0.210286  0.453745  0.332590  0.558013  0.517694  0.147372  0.079989  0.147146  0.509872  0.338884  0.309213  0.241209  0.082764  0.639864  0.407957  0.465522  0.563844  0.182908  0.248686  0.483856  0.102822  0.495477  0.206491  0.275455  0.153173  0.205872 0.0  0.096991  0.543296  0.000351  0.574997  0.497141  0.058358  0.196460  0.170502  0.566650  0.326779  0.041330  0.241294  0.396018  0.476654  0.074382  0.207203  0.658543  0.443491  0.146269  0.458180  0.367683  0.373796  0.711671  0.169157 
49  0.479984  0.381019  0.310884  0.629451  0.393917  0.528411  0.451862  0.291984  0.152423  0.129060  0.152444  0.490226  0.168158  0.176878  0.400303  0.236620  0.497016  0.054266  0.000000  0.226666  0.204551  0.118090  0.314611  0.404028  0.457599  0.326502  0.633936  0.105197  0.171045  0.301252  0.610883  0.344701  0.065634  0.270840  0.136846  0.512369  0.340673  0.485323  0.367877  0.166942  0.091686  0.592609  0.019338  0.342665  0.156527  0.446150  0.281965  0.165311  0.096991 0.0  0.456472  0.005007  0.484347  0.429618  0.126858  0.190128  0.028001  0.366701  0.269440  0.175394  0.146344  0.290354  0.570792  0.039661  0.239456  0.474146  0.353812  0.081360  0.365550  0.325687  0.357042  0.524414  0.145232 
50  0.163142  0.747572  0.657857  0.539789  0.904479  0.560148  0.662616  0.696032  0.526425  0.495857  0.556756  0.820681  0.564475  0.503846  0.742050  0.632110  0.568859  0.603436  0.561681  0.698536  0.671024  0.557264  0.619364  0.755584  0.859523  0.809441  0.571161  0.667674  0.535715  0.636348  0.558168  0.776163  0.578537  0.685218  0.453613  0.212838  0.400653  0.400246  0.408869  0.569640  0.569200  0.515020  0.548006  0.754734  0.608080  0.817198  0.467228  0.485643  0.543296  0.456472 0.0  0.527427  0.608962  0.826193  0.509871  0.610629  0.468500  0.776021  0.703645  0.546378  0.700543  0.737821  0.119708  0.533872  0.571167  0.466116  0.740808  0.573313  0.697246  0.313585  0.403366  0.629417  0.552367 
51  0.425304  0.371879  0.299763  0.332421  0.360144  0.380526  0.427408  0.303841  0.096896  0.151736  0.131906  0.357153  0.000000  0.120849  0.326376  0.258520  0.419961  0.006005  0.120066  0.298593  0.128762  0.019762  0.270728  0.337404  0.395984  0.337221  0.496230  0.127430  0.000000  0.325036  0.528199  0.286067  0.023697  0.290113  0.254219  0.407180  0.253857  0.418883  0.548220  0.119193  0.099854  0.476532  0.293399  0.549289  0.097201  0.343278  0.002398  0.054407  0.000351  0.005007  0.527427 0.0  0.444350  0.322999  0.086580  0.107991  0.123918  0.345474  0.135441  0.122704  0.285246  0.415070  0.624420  0.155194  0.138531  0.547429  0.322594  0.069259  0.439124  0.311047  0.214512  0.442594  0.086891 
52  0.491560  0.686192  0.750199  0.104751  0.883554  0.377066  0.566301  0.695133  0.600875  0.472048  0.558175  0.623007  0.693283  0.455822  0.660450  0.652031  0.090951  0.519895  0.601506  0.609534  0.583691  0.617709  0.612023  0.705857  0.819520  0.923698  0.000000  0.499111  0.446151  0.649816  0.107607  0.620658  0.582858  0.677928  0.480396  0.548683  0.371208  0.466093  0.374215  0.580353  0.774799  0.000000  0.447063  0.806460  0.576797  0.689563  0.507127  0.551977  0.574997  0.484347  0.608962  0.444350 0.0  0.962123  0.556535  0.521909  0.669706  0.897354  0.650716  0.426285  0.712146  0.814293  0.480648  0.549317  0.499468  0.090114  0.873150  0.532302  0.887738  0.236913  0.386060  0.139966  0.576682 
53  0.943998  0.348075  0.197044  0.854157  0.212975  0.468118  0.190494  0.271378  0.441080  0.306453  0.444162  0.385813  0.495662  0.382587  0.437827  0.259122  0.786580  0.439633  0.513803  0.280372  0.366501  0.469130  0.303614  0.000000  0.202900  0.156142  0.778311  0.321389  0.399713  0.323387  0.712692  0.240793  0.531955  0.260647  0.349255  0.923618  0.574308  0.517316  0.461568  0.621741  0.396443  0.693563  0.371855  0.054439  0.439867  0.404797  0.375698  0.477532  0.497141  0.429618  0.826193  0.322999  0.962123 0.0  0.515547  0.451776  0.441410  0.175871  0.247254  0.331650  0.275180  0.177772  0.753554  0.365446  0.485674  0.855709  0.130717  0.329493  0.249410  0.612205  0.684880  0.877156  0.336226 
