73
0 0.0  0.656429  0.680465  0.674259  0.815478  0.638899  0.633179  0.638033  0.619915  0.685697  0.652784  0.573258  0.700705  0.745917  0.663186  0.735115  0.737019  0.719755  0.774760  0.612087  0.731909  0.696466  0.763165  0.680937  0.639927  0.697969  0.711536  0.777022  0.657038  0.629315  0.686022  0.719656  0.666868  0.668705  0.704895  0.817024  0.790904  0.702038  0.665089  0.682427  0.673446  0.678144  0.772972  0.710223  0.697777  0.725186  0.297880  0.742661  0.613129  0.740383  0.821518  0.655343  0.690712  0.655331  0.690578  0.745409  0.783482  0.771466  0.654755  0.598517  0.632642  0.690255  0.582150  0.654931  0.765448  0.661788  0.681084  0.861691  0.715163  0.745982  0.726089  0.657465  0.716835 
1  0.656429 0.0  0.320171  0.320433  0.202884  0.055570  0.076821  0.243001  0.198392  0.200903  0.491654  0.322279  0.109158  0.192104  0.185356  0.019378  0.305211  0.000000  0.025208  0.268329  0.312947  0.070142  0.494585  0.289038  0.064242  0.174677  0.236373  0.444846  0.172332  0.354793  0.626984  0.029934  0.186606  0.097616  0.277982  0.352233  0.058730  0.039006  0.010813  0.140343  0.129721  0.263434  0.268604  0.412245  0.087115  0.289921  0.666751  0.421834  0.469517  0.182117  0.095551  0.398356  0.359660  0.105758  0.072162  0.376104  0.000000  0.419910  0.375412  0.387532  0.111350  0.071032  0.392227  0.168306  0.276760  0.031723  0.276032  0.150854  0.174661  0.380121  0.067357  0.142915  0.233583 
2  0.680465  0.320171 0.0  0.202405  0.230113  0.213657  0.037696  0.167469  0.149357  0.393149  0.545205  0.207161  0.008427  0.294923  0.000000  0.049166  0.382169  0.102563  0.099865  0.081799  0.309286  0.067013  0.440695  0.210352  0.058073  0.038885  0.227158  0.314002  0.171946  0.516751  0.569807  0.047627  0.080243  0.214337  0.375664  0.384657  0.196597  0.177510  0.141649  0.116005  0.002306  0.187418  0.266770  0.336547  0.239676  0.354881  0.625432  0.239622  0.451286  0.111712  0.009806  0.405320  0.324780  0.021107  0.078722  0.382774  0.220946  0.592500  0.333840  0.502477  0.156853  0.097135  0.401118  0.103859  0.293702  0.000000  0.394970  0.063091  0.088699  0.256419  0.093307  0.095805  0.217832 
3  0.674259  0.320433  0.202405 0.0  0.369667  0.061739  0.116263  0.238563  0.218040  0.173806  0.490342  0.251522  0.006700  0.288924  0.066776  0.165228  0.300902  0.000000  0.103237  0.019392  0.368843  0.005288  0.519630  0.408052  0.063238  0.018808  0.199021  0.308614  0.236743  0.439600  0.642269  0.113095  0.172923  0.202043  0.108084  0.418521  0.293874  0.016774  0.089552  0.135378  0.033136  0.219535  0.424455  0.339643  0.212968  0.356521  0.597949  0.252052  0.579787  0.120584  0.000000  0.503704  0.358264  0.000000  0.000000  0.278259  0.038189  0.421359  0.450932  0.390248  0.113573  0.046039  0.338193  0.215846  0.431602  0.163402  0.346395  0.155998  0.113651  0.307924  0.087449  0.125642  0.334470 
4  0.815478  0.202884  0.230113  0.369667 0.0  0.212977  0.408884  0.368408  0.302306  0.221708  0.762343  0.268127  0.342127  0.238526  0.219150  0.288998  0.332080  0.239605  0.287651  0.157942  0.343937  0.353014  0.644589  0.309014  0.180028  0.141608  0.288837  0.110062  0.322327  0.309658  0.677171  0.252797  0.232623  0.160950  0.358191  0.215131  0.269818  0.293345  0.247443  0.268917  0.260523  0.368955  0.292944  0.301017  0.225450  0.349710  0.724969  0.278576  0.195669  0.337400  0.281682  0.377323  0.312222  0.420658  0.182894  0.346998  0.291739  0.733430  0.232705  0.207323  0.268437  0.278649  0.189482  0.263739  0.259399  0.414995  0.235437  0.341919  0.201484  0.363682  0.232628  0.298178  0.298800 
5  0.638899  0.055570  0.213657  0.061739  0.212977 0.0  0.215814  0.000000  0.122577  0.264152  0.537928  0.254923  0.041970  0.281660  0.157727  0.222210  0.291945  0.293514  0.180799  0.202001  0.360690  0.210429  0.537068  0.414144  0.219541  0.225510  0.102819  0.423391  0.000000  0.437731  0.495064  0.251501  0.153139  0.188858  0.241664  0.529728  0.000000  0.226907  0.218184  0.166676  0.107738  0.160049  0.394478  0.498383  0.154546  0.302135  0.508781  0.435744  0.439902  0.006507  0.094937  0.529853  0.242513  0.084453  0.110660  0.424466  0.209292  0.582309  0.424322  0.559486  0.064515  0.210883  0.303741  0.174934  0.495978  0.235066  0.585215  0.159006  0.110540  0.200503  0.178685  0.207096  0.064323 
6  0.633179  0.076821  0.037696  0.116263  0.408884  0.215814 0.0  0.004143  0.042852  0.177862  0.476992  0.237676  0.063469  0.219198  0.205183  0.311008  0.275557  0.159565  0.210728  0.170074  0.427170  0.124529  0.502521  0.506046  0.130054  0.288442  0.111564  0.447547  0.091264  0.399047  0.467234  0.260048  0.055369  0.044863  0.222552  0.462854  0.033097  0.193273  0.274946  0.145259  0.094555  0.275139  0.216686  0.463004  0.148238  0.437920  0.531584  0.465116  0.329792  0.119139  0.182232  0.405591  0.366321  0.141542  0.200919  0.359322  0.221789  0.614674  0.505532  0.384820  0.174461  0.221297  0.328073  0.136169  0.455924  0.225703  0.476088  0.269431  0.083261  0.220271  0.289045  0.291282  0.193195 
7  0.638033  0.243001  0.167469  0.238563  0.368408  0.000000  0.004143 0.0  0.291580  0.313426  0.617368  0.219834  0.082725  0.352673  0.121048  0.099629  0.250345  0.062391  0.078344  0.075123  0.469343  0.097676  0.411564  0.410934  0.124424  0.163733  0.169522  0.326739  0.209469  0.543986  0.557201  0.080434  0.104783  0.264149  0.258931  0.433262  0.187477  0.040459  0.122980  0.158627  0.107873  0.310467  0.329230  0.466162  0.140531  0.341545  0.593751  0.430912  0.493022  0.162361  0.000000  0.508142  0.281539  0.107396  0.094493  0.317372  0.135954  0.483612  0.268769  0.394093  0.183607  0.018587  0.300018  0.133678  0.307523  0.143385  0.392448  0.013300  0.194093  0.308895  0.036525  0.032888  0.155828 
8  0.619915  0.198392  0.149357  0.218040  0.302306  0.122577  0.042852  0.291580 0.0  0.267349  0.554461  0.285667  0.053062  0.274564  0.012186  0.161668  0.291174  0.026094  0.157855  0.090045  0.281632  0.014363  0.441341  0.258942  0.080182  0.008026  0.299711  0.409327  0.268074  0.381207  0.583683  0.109585  0.025511  0.187609  0.360434  0.314019  0.148642  0.035482  0.065617  0.247122  0.145439  0.270740  0.426845  0.406952  0.197533  0.365577  0.726083  0.397386  0.470842  0.080472  0.064214  0.477002  0.350844  0.176937  0.000000  0.391286  0.150946  0.518430  0.417669  0.318725  0.192765  0.058075  0.392188  0.248470  0.457969  0.057138  0.234181  0.050436  0.123090  0.320399  0.103126  0.148797  0.277651 
9  0.685697  0.200903  0.393149  0.173806  0.221708  0.264152  0.177862  0.313426  0.267349 0.0  0.714304  0.290242  0.308935  0.210031  0.214483  0.243277  0.274773  0.260363  0.268493  0.315280  0.282574  0.362919  0.759051  0.242513  0.317440  0.144990  0.182481  0.281369  0.385390  0.218179  0.615216  0.322941  0.328802  0.382942  0.168368  0.160470  0.271754  0.260120  0.291310  0.342619  0.275521  0.311695  0.275596  0.323602  0.306794  0.210074  0.770075  0.240989  0.291746  0.322712  0.212541  0.223658  0.211045  0.198730  0.193784  0.334684  0.354236  0.788092  0.265348  0.392051  0.295104  0.316808  0.298510  0.357442  0.383114  0.317014  0.274507  0.302904  0.186602  0.263603  0.299166  0.238562  0.277721 
10  0.652784  0.491654  0.545205  0.490342  0.762343  0.537928  0.476992  0.617368  0.554461  0.714304 0.0  0.768658  0.493678  0.753127  0.631302  0.553717  0.670392  0.567680  0.550637  0.479479  0.780001  0.553189  0.138091  0.845381  0.528410  0.588481  0.397768  0.853770  0.553341  0.951962  0.129266  0.532889  0.656665  0.561155  0.635448  0.907979  0.526021  0.581223  0.703063  0.656083  0.509679  0.690039  0.847904  0.879943  0.495004  0.918528  0.510888  0.872838  0.866793  0.506491  0.581860  0.899888  0.967618  0.600300  0.545294  0.780545  0.491605  0.173659  0.771728  0.865588  0.601730  0.452253  0.811619  0.530707  0.873464  0.648898  0.794748  0.640246  0.556385  0.644788  0.512362  0.561616  0.523288 
11  0.573258  0.322279  0.207161  0.251522  0.268127  0.254923  0.237676  0.219834  0.285667  0.290242  0.768658 0.0  0.268869  0.246885  0.226439  0.252556  0.283560  0.182791  0.337141  0.428884  0.238261  0.253422  0.750499  0.371798  0.315044  0.185456  0.215180  0.259136  0.283588  0.307587  0.769478  0.283174  0.216510  0.517448  0.332719  0.384443  0.216829  0.248867  0.262596  0.246220  0.236803  0.391325  0.326880  0.198591  0.257844  0.332310  0.764621  0.250726  0.296949  0.245084  0.292462  0.215569  0.247561  0.320658  0.259386  0.234236  0.347938  0.665474  0.324692  0.278848  0.235162  0.257358  0.251874  0.220061  0.295873  0.279821  0.325583  0.272915  0.255561  0.199230  0.180842  0.269944  0.202211 
12  0.700705  0.109158  0.008427  0.006700  0.342127  0.041970  0.063469  0.082725  0.053062  0.308935  0.493678  0.268869 0.0  0.300369  0.000000  0.161182  0.220770  0.024521  0.208312  0.133495  0.361541  0.185082  0.471298  0.403830  0.000000  0.052719  0.180193  0.397865  0.067518  0.352806  0.503379  0.178162  0.152784  0.146028  0.280769  0.415272  0.102449  0.016560  0.072400  0.162077  0.177749  0.190717  0.351040  0.424624  0.097517  0.265091  0.449853  0.290638  0.388559  0.144988  0.132984  0.384974  0.400080  0.120105  0.042987  0.342376  0.083927  0.482778  0.303685  0.491933  0.133370  0.072875  0.384803  0.236771  0.331687  0.094924  0.281043  0.078887  0.121957  0.297793  0.065720  0.100111  0.095210 
13  0.745917  0.192104  0.294923  0.288924  0.238526  0.281660  0.219198  0.352673  0.274564  0.210031  0.753127  0.246885  0.300369 0.0  0.198466  0.309428  0.249628  0.282033  0.333793  0.294099  0.205766  0.257670  0.681696  0.295367  0.141473  0.285816  0.260785  0.254243  0.287379  0.262072  0.752234  0.203326  0.265695  0.313916  0.299360  0.348268  0.356190  0.231251  0.234187  0.169431  0.300319  0.321109  0.317368  0.192347  0.319739  0.269802  0.674708  0.263228  0.289989  0.363191  0.293269  0.291685  0.259772  0.234688  0.290416  0.223884  0.306164  0.684249  0.301921  0.209179  0.266910  0.278662  0.287883  0.211088  0.274777  0.322806  0.269538  0.250842  0.255672  0.196835  0.326174  0.226357  0.217802 
14  0.663186  0.185356  0.000000  0.066776  0.219150  0.157727  0.205183  0.121048  0.012186  0.214483  0.631302  0.226439  0.000000  0.198466 0.0  0.190220  0.258007  0.203497  0.283940  0.256205  0.405150  0.088656  0.405873  0.456193  0.203091  0.201687  0.062540  0.488517  0.133535  0.352104  0.434948  0.111819  0.111922  0.002812  0.237551  0.480093  0.017426  0.183501  0.195524  0.294220  0.095877  0.312289  0.422307  0.428189  0.131350  0.291730  0.448456  0.435471  0.356401  0.054331  0.000000  0.450795  0.361901  0.081414  0.115742  0.328761  0.092232  0.651866  0.519237  0.549304  0.063759  0.185360  0.316364  0.267936  0.469918  0.197990  0.426768  0.183591  0.138637  0.309576  0.203571  0.187639  0.057563 
15  0.735115  0.019378  0.049166  0.165228  0.288998  0.222210  0.311008  0.099629  0.161668  0.243277  0.553717  0.252556  0.161182  0.309428  0.190220 0.0  0.298670  0.171173  0.223004  0.122983  0.397852  0.196052  0.479077  0.526001  0.234729  0.239270  0.135623  0.441104  0.099227  0.506012  0.505408  0.175583  0.158685  0.157994  0.378330  0.477164  0.159023  0.267710  0.238569  0.169931  0.142653  0.236890  0.376318  0.474042  0.107045  0.411358  0.450295  0.411486  0.297109  0.167826  0.122267  0.415856  0.357330  0.107460  0.039722  0.391457  0.068350  0.628665  0.474057  0.533158  0.077535  0.298740  0.295443  0.182230  0.498970  0.372341  0.484991  0.152187  0.227723  0.310710  0.271103  0.264527  0.000000 
16  0.737019  0.305211  0.382169  0.300902  0.332080  0.291945  0.275557  0.250345  0.291174  0.274773  0.670392  0.283560  0.220770  0.249628  0.258007  0.298670 0.0  0.271297  0.091192  0.267831  0.390812  0.180444  0.654506  0.210664  0.393567  0.288062  0.249677  0.231148  0.197542  0.257221  0.588413  0.232512  0.345991  0.287964  0.348917  0.328242  0.324154  0.325822  0.406133  0.249625  0.389179  0.374740  0.261842  0.304076  0.333612  0.204762  0.628221  0.362820  0.328312  0.274357  0.269067  0.316503  0.258180  0.331043  0.321194  0.309408  0.267509  0.748065  0.223301  0.237132  0.353323  0.178726  0.253186  0.380389  0.291806  0.256911  0.290098  0.253022  0.382550  0.268692  0.199645  0.283475  0.289697 
17  0.719755  0.000000  0.102563  0.000000  0.239605  0.293514  0.159565  0.062391  0.026094  0.260363  0.567680  0.182791  0.024521  0.282033  0.203497  0.171173  0.271297 0.0  0.294949  0.157027  0.363014  0.186325  0.504169  0.564780  0.271222  0.241339  0.000000  0.476828  0.018986  0.434879  0.442538  0.201760  0.073024  0.115910  0.277185  0.539740  0.110432  0.235449  0.248359  0.060835  0.028883  0.421687  0.338125  0.389552  0.178666  0.447670  0.628973  0.481474  0.381930  0.218835  0.004595  0.421181  0.402769  0.132554  0.078453  0.262525  0.116456  0.643943  0.426989  0.482244  0.238593  0.280285  0.301130  0.109310  0.417566  0.246907  0.560101  0.189337  0.225942  0.290058  0.254692  0.159975  0.012128 
18  0.774760  0.025208  0.099865  0.103237  0.287651  0.180799  0.210728  0.078344  0.157855  0.268493  0.550637  0.337141  0.208312  0.333793  0.283940  0.223004  0.091192  0.294949 0.0  0.067761  0.349668  0.163660  0.516603  0.418987  0.247976  0.320990  0.063821  0.429663  0.026762  0.439313  0.506870  0.091175  0.245244  0.115318  0.242311  0.526653  0.066765  0.228723  0.110289  0.236770  0.128412  0.196622  0.419114  0.506660  0.103566  0.302045  0.432814  0.422949  0.376561  0.213219  0.073682  0.325036  0.197110  0.034853  0.079779  0.399376  0.147195  0.585788  0.592780  0.327747  0.112298  0.270956  0.404072  0.000000  0.481659  0.196971  0.389819  0.154423  0.233495  0.258009  0.300055  0.220007  0.024791 
19  0.612087  0.268329  0.081799  0.019392  0.157942  0.202001  0.170074  0.075123  0.090045  0.315280  0.479479  0.428884  0.133495  0.294099  0.256205  0.122983  0.267831  0.157027  0.067761 0.0  0.340890  0.075172  0.598244  0.359340  0.239785  0.156475  0.214817  0.337169  0.091842  0.422187  0.672474  0.114950  0.220573  0.154808  0.421361  0.381120  0.210039  0.179372  0.127896  0.234660  0.181258  0.223331  0.451358  0.336370  0.235357  0.419544  0.543639  0.381808  0.374549  0.095742  0.079631  0.390390  0.393539  0.226979  0.187975  0.423534  0.120143  0.631070  0.370493  0.403855  0.098809  0.156193  0.487268  0.228485  0.376194  0.058142  0.497759  0.130009  0.190547  0.213919  0.087366  0.166235  0.091223 
20  0.731909  0.312947  0.309286  0.368843  0.343937  0.360690  0.427170  0.469343  0.281632  0.282574  0.780001  0.238261  0.361541  0.205766  0.405150  0.397852  0.390812  0.363014  0.349668  0.340890 0.0  0.427028  0.709674  0.281628  0.350475  0.412714  0.307019  0.359241  0.473742  0.346052  0.747197  0.294694  0.374429  0.366230  0.335170  0.355142  0.315916  0.291201  0.319676  0.373305  0.295143  0.270241  0.293102  0.280660  0.347599  0.082802  0.760350  0.368868  0.406139  0.398658  0.343607  0.193174  0.072361  0.445952  0.327677  0.308114  0.382071  0.778407  0.394471  0.316526  0.506204  0.311717  0.189062  0.423734  0.281370  0.328951  0.459062  0.369929  0.402885  0.245995  0.213477  0.349641  0.350789 
21  0.696466  0.070142  0.067013  0.005288  0.353014  0.210429  0.124529  0.097676  0.014363  0.362919  0.553189  0.253422  0.185082  0.257670  0.088656  0.196052  0.180444  0.186325  0.163660  0.075172  0.427028 0.0  0.468978  0.471862  0.060724  0.184774  0.147969  0.401501  0.139440  0.447346  0.565250  0.201779  0.124002  0.125880  0.260053  0.390688  0.016066  0.080690  0.055895  0.180750  0.131418  0.239133  0.386635  0.294322  0.081681  0.324537  0.524344  0.394618  0.545707  0.130419  0.125817  0.283250  0.418318  0.180418  0.063648  0.401426  0.178013  0.472828  0.317261  0.453369  0.138276  0.093574  0.365189  0.150132  0.445791  0.187354  0.346692  0.151809  0.086290  0.182239  0.144315  0.174889  0.123940 
22  0.763165  0.494585  0.440695  0.519630  0.644589  0.537068  0.502521  0.411564  0.441341  0.759051  0.138091  0.750499  0.471298  0.681696  0.405873  0.479077  0.654506  0.504169  0.516603  0.598244  0.709674  0.468978 0.0  0.700413  0.533175  0.550722  0.457223  0.763756  0.534786  0.866714  0.014111  0.436692  0.541298  0.486058  0.653131  0.715329  0.483345  0.482600  0.487865  0.581985  0.635008  0.658402  0.726102  0.840174  0.559365  0.871213  0.554400  0.721414  0.737304  0.577231  0.614654  0.833310  0.853389  0.647661  0.574018  0.909357  0.413165  0.052318  0.823708  0.609912  0.656208  0.468488  0.818314  0.539044  0.725116  0.550485  0.822045  0.535640  0.604825  0.649951  0.503221  0.506210  0.529715 
23  0.680937  0.289038  0.210352  0.408052  0.309014  0.414144  0.506046  0.410934  0.258942  0.242513  0.845381  0.371798  0.403830  0.295367  0.456193  0.526001  0.210664  0.564780  0.418987  0.359340  0.281628  0.471862  0.700413 0.0  0.481571  0.453243  0.485898  0.163807  0.496952  0.129036  0.774312  0.545076  0.423096  0.372516  0.164704  0.133130  0.330580  0.447044  0.486848  0.405834  0.344191  0.248843  0.444164  0.312712  0.301080  0.304820  0.741116  0.221818  0.108854  0.437707  0.375480  0.446071  0.272911  0.380314  0.376590  0.345797  0.566191  0.909631  0.205825  0.173437  0.520226  0.508506  0.368567  0.434421  0.300933  0.612882  0.283975  0.460733  0.387664  0.185269  0.562650  0.482306  0.309392 
24  0.639927  0.064242  0.058073  0.063238  0.180028  0.219541  0.130054  0.124424  0.080182  0.317440  0.528410  0.315044  0.000000  0.141473  0.203091  0.234729  0.393567  0.271222  0.247976  0.239785  0.350475  0.060724  0.533175  0.481571 0.0  0.168709  0.089721  0.307090  0.183358  0.399442  0.537588  0.128164  0.205279  0.000000  0.369806  0.489134  0.012214  0.167623  0.204142  0.156951  0.137386  0.238895  0.436798  0.488618  0.093295  0.368720  0.503474  0.355204  0.401192  0.086526  0.151807  0.254176  0.353087  0.089015  0.079935  0.334614  0.201257  0.653893  0.492609  0.475807  0.160306  0.186448  0.361718  0.182855  0.530796  0.199538  0.428634  0.114847  0.235432  0.301231  0.143665  0.242316  0.106779 
25  0.697969  0.174677  0.038885  0.018808  0.141608  0.225510  0.288442  0.163733  0.008026  0.144990  0.588481  0.185456  0.052719  0.285816  0.201687  0.239270  0.288062  0.241339  0.320990  0.156475  0.412714  0.184774  0.550722  0.453243  0.168709 0.0  0.114348  0.569840  0.012373  0.465697  0.507765  0.191592  0.123158  0.105150  0.258118  0.563004  0.134290  0.150187  0.255541  0.135337  0.031589  0.217421  0.399893  0.474640  0.053386  0.215869  0.313979  0.418335  0.294913  0.126734  0.148759  0.410179  0.476378  0.019861  0.049666  0.356783  0.137044  0.651918  0.571375  0.460399  0.028293  0.105526  0.288221  0.227068  0.478381  0.279577  0.567497  0.128765  0.156661  0.285976  0.192426  0.218438  0.061278 
26  0.711536  0.236373  0.227158  0.199021  0.288837  0.102819  0.111564  0.169522  0.299711  0.182481  0.397768  0.215180  0.180193  0.260785  0.062540  0.135623  0.249677  0.000000  0.063821  0.214817  0.307019  0.147969  0.457223  0.485898  0.089721  0.114348 0.0  0.320887  0.145175  0.334073  0.540828  0.000000  0.032766  0.231020  0.147226  0.171410  0.206612  0.093917  0.026800  0.135805  0.130226  0.405402  0.385273  0.355920  0.217155  0.412957  0.613896  0.322669  0.468618  0.055968  0.051053  0.382692  0.465946  0.108999  0.116216  0.433840  0.045092  0.477420  0.379199  0.367883  0.115282  0.105695  0.281757  0.130399  0.391320  0.116906  0.463436  0.171676  0.192833  0.375711  0.152601  0.069524  0.155633 
27  0.777022  0.444846  0.314002  0.308614  0.110062  0.423391  0.447547  0.326739  0.409327  0.281369  0.853770  0.259136  0.397865  0.254243  0.488517  0.441104  0.231148  0.476828  0.429663  0.337169  0.359241  0.401501  0.763756  0.163807  0.307090  0.569840  0.320887 0.0  0.222799  0.184448  0.766406  0.515701  0.431100  0.396150  0.295864  0.234453  0.440405  0.475407  0.497570  0.428924  0.313436  0.300952  0.450391  0.264121  0.469223  0.267861  0.673834  0.074218  0.000000  0.451067  0.385585  0.515890  0.394635  0.189376  0.338766  0.317993  0.450718  0.912757  0.169556  0.296607  0.432455  0.542920  0.369406  0.424533  0.281837  0.488321  0.184976  0.500979  0.432474  0.279269  0.455079  0.566040  0.407292 
28  0.657038  0.172332  0.171946  0.236743  0.322327  0.000000  0.091264  0.209469  0.268074  0.385390  0.553341  0.283588  0.067518  0.287379  0.133535  0.099227  0.197542  0.018986  0.026762  0.091842  0.473742  0.139440  0.534786  0.496952  0.183358  0.012373  0.145175  0.222799 0.0  0.486942  0.634912  0.121272  0.157131  0.235396  0.299436  0.500710  0.160602  0.152486  0.101185  0.212803  0.068074  0.209833  0.313897  0.291711  0.113632  0.301789  0.641780  0.385068  0.483935  0.178986  0.047166  0.369645  0.371723  0.046518  0.000000  0.335234  0.005466  0.483042  0.283217  0.407537  0.161223  0.132473  0.375355  0.098948  0.251410  0.162016  0.219307  0.054060  0.122776  0.190441  0.000000  0.000000  0.191726 
29  0.629315  0.354793  0.516751  0.439600  0.309658  0.437731  0.399047  0.543986  0.381207  0.218179  0.951962  0.307587  0.352806  0.262072  0.352104  0.506012  0.257221  0.434879  0.439313  0.422187  0.346052  0.447346  0.866714  0.129036  0.399442  0.465697  0.334073  0.184448  0.486942 0.0  0.938462  0.332798  0.341811  0.466544  0.342555  0.076175  0.435321  0.370372  0.405795  0.537653  0.500447  0.231956  0.405012  0.053110  0.414460  0.484145  0.847899  0.082946  0.215584  0.379387  0.304446  0.487838  0.471429  0.484774  0.461024  0.357959  0.480654  0.843698  0.181913  0.267176  0.380275  0.364983  0.542476  0.420220  0.162468  0.456774  0.136243  0.488117  0.480811  0.284115  0.402653  0.361442  0.294130 
30  0.686022  0.626984  0.569807  0.642269  0.677171  0.495064  0.467234  0.557201  0.583683  0.615216  0.129266  0.769478  0.503379  0.752234  0.434948  0.505408  0.588413  0.442538  0.506870  0.672474  0.747197  0.565250  0.014111  0.774312  0.537588  0.507765  0.540828  0.766406  0.634912  0.938462 0.0  0.531296  0.582353  0.566453  0.742949  0.717452  0.728463  0.511868  0.635130  0.541388  0.511656  0.796522  0.699279  0.751862  0.683236  0.778171  0.603120  0.756178  0.840596  0.533231  0.458115  0.853311  0.774820  0.607252  0.561433  0.760114  0.412350  0.107873  0.675490  0.642793  0.554536  0.579379  0.784837  0.658094  0.794336  0.446618  0.735266  0.595592  0.611703  0.657841  0.608994  0.560478  0.640267 
31  0.719656  0.029934  0.047627  0.113095  0.252797  0.251501  0.260048  0.080434  0.109585  0.322941  0.532889  0.283174  0.178162  0.203326  0.111819  0.175583  0.232512  0.201760  0.091175  0.114950  0.294694  0.201779  0.436692  0.545076  0.128164  0.191592  0.000000  0.515701  0.121272  0.332798  0.531296 0.0  0.105909  0.174379  0.327913  0.379224  0.203121  0.191513  0.158603  0.167929  0.119711  0.329164  0.349049  0.414663  0.104354  0.250734  0.566152  0.358932  0.295670  0.130456  0.057646  0.386270  0.385986  0.000000  0.081723  0.360730  0.240598  0.709348  0.505121  0.482167  0.229946  0.223714  0.420473  0.210596  0.486105  0.199665  0.515111  0.250453  0.169155  0.271981  0.123641  0.201458  0.065297 
32  0.666868  0.186606  0.080243  0.172923  0.232623  0.153139  0.055369  0.104783  0.025511  0.328802  0.656665  0.216510  0.152784  0.265695  0.111922  0.158685  0.345991  0.073024  0.245244  0.220573  0.374429  0.124002  0.541298  0.423096  0.205279  0.123158  0.032766  0.431100  0.157131  0.341811  0.582353  0.105909 0.0  0.115415  0.248407  0.452742  0.201956  0.104894  0.082488  0.140283  0.111999  0.171673  0.469794  0.403124  0.038900  0.407037  0.493594  0.519760  0.256145  0.133325  0.129889  0.491063  0.351194  0.304819  0.135232  0.522013  0.172922  0.484122  0.449992  0.357044  0.046263  0.253624  0.376274  0.085543  0.335417  0.179984  0.479717  0.107931  0.194335  0.346433  0.216378  0.060690  0.130313 
33  0.668705  0.097616  0.214337  0.202043  0.160950  0.188858  0.044863  0.264149  0.187609  0.382942  0.561155  0.517448  0.146028  0.313916  0.002812  0.157994  0.287964  0.115910  0.115318  0.154808  0.366230  0.125880  0.486058  0.372516  0.000000  0.105150  0.231020  0.396150  0.235396  0.466544  0.566453  0.174379  0.115415 0.0  0.270052  0.359065  0.205165  0.184062  0.075631  0.082789  0.063741  0.270681  0.316573  0.353518  0.060176  0.307163  0.632432  0.421098  0.532410  0.164146  0.095665  0.423975  0.340747  0.126420  0.012993  0.266479  0.000000  0.624281  0.311093  0.410265  0.135478  0.075022  0.219028  0.054793  0.341357  0.127766  0.319521  0.137544  0.120666  0.373805  0.049605  0.032115  0.161360 
34  0.704895  0.277982  0.375664  0.108084  0.358191  0.241664  0.222552  0.258931  0.360434  0.168368  0.635448  0.332719  0.280769  0.299360  0.237551  0.378330  0.348917  0.277185  0.242311  0.421361  0.335170  0.260053  0.653131  0.164704  0.369806  0.258118  0.147226  0.295864  0.299436  0.342555  0.742949  0.327913  0.248407  0.270052 0.0  0.302389  0.293185  0.269272  0.401122  0.290609  0.217869  0.315197  0.219923  0.251385  0.260619  0.335051  0.660037  0.284288  0.328012  0.227806  0.218707  0.324027  0.274082  0.352373  0.253070  0.275405  0.143197  0.719688  0.358799  0.260929  0.249474  0.247654  0.287741  0.234889  0.313339  0.323302  0.242588  0.293796  0.365912  0.417592  0.355310  0.334387  0.305384 
35  0.817024  0.352233  0.384657  0.418521  0.215131  0.529728  0.462854  0.433262  0.314019  0.160470  0.907979  0.384443  0.415272  0.348268  0.480093  0.477164  0.328242  0.539740  0.526653  0.381120  0.355142  0.390688  0.715329  0.133130  0.489134  0.563004  0.171410  0.234453  0.500710  0.076175  0.717452  0.379224  0.452742  0.359065  0.302389 0.0  0.316368  0.415574  0.522553  0.471063  0.321117  0.213321  0.418803  0.191342  0.380723  0.312730  0.723848  0.269500  0.050334  0.284921  0.391219  0.443317  0.317511  0.369316  0.482880  0.306768  0.457088  0.815181  0.283279  0.334309  0.482751  0.592981  0.374032  0.421848  0.148868  0.500513  0.149996  0.478560  0.422756  0.289995  0.454457  0.505586  0.369806 
36  0.790904  0.058730  0.196597  0.293874  0.269818  0.000000  0.033097  0.187477  0.148642  0.271754  0.526021  0.216829  0.102449  0.356190  0.017426  0.159023  0.324154  0.110432  0.066765  0.210039  0.315916  0.016066  0.483345  0.330580  0.012214  0.134290  0.206612  0.440405  0.160602  0.435321  0.728463  0.203121  0.201956  0.205165  0.293185  0.316368 0.0  0.080341  0.030142  0.124666  0.153989  0.221423  0.226002  0.353831  0.074041  0.348173  0.599940  0.262598  0.455749  0.218937  0.110541  0.325625  0.230174  0.011321  0.041414  0.324524  0.065890  0.387581  0.315101  0.412898  0.189237  0.101421  0.311059  0.151741  0.279544  0.110956  0.311049  0.076043  0.194897  0.135428  0.065602  0.089554  0.328877 
37  0.702038  0.039006  0.177510  0.016774  0.293345  0.226907  0.193273  0.040459  0.035482  0.260120  0.581223  0.248867  0.016560  0.231251  0.183501  0.267710  0.325822  0.235449  0.228723  0.179372  0.291201  0.080690  0.482600  0.447044  0.167623  0.150187  0.093917  0.475407  0.152486  0.370372  0.511868  0.191513  0.104894  0.184062  0.269272  0.415574  0.080341 0.0  0.200391  0.083874  0.075472  0.190164  0.314596  0.440606  0.134319  0.316124  0.495071  0.482398  0.384495  0.061853  0.160630  0.406320  0.376243  0.118539  0.000000  0.293869  0.211593  0.568794  0.507327  0.391522  0.246028  0.140929  0.284975  0.208059  0.445509  0.234527  0.555257  0.162045  0.152862  0.299082  0.177261  0.130219  0.067657 
38  0.665089  0.010813  0.141649  0.089552  0.247443  0.218184  0.274946  0.122980  0.065617  0.291310  0.703063  0.262596  0.072400  0.234187  0.195524  0.238569  0.406133  0.248359  0.110289  0.127896  0.319676  0.055895  0.487865  0.486848  0.204142  0.255541  0.026800  0.497570  0.101185  0.405795  0.635130  0.158603  0.082488  0.075631  0.401122  0.522553  0.030142  0.200391 0.0  0.183080  0.000000  0.313414  0.418041  0.435243  0.162643  0.369952  0.599987  0.557151  0.296813  0.152896  0.087079  0.473754  0.347204  0.051688  0.116916  0.334466  0.246089  0.649690  0.543232  0.606814  0.040934  0.129323  0.388666  0.058448  0.494757  0.204806  0.445272  0.199535  0.110830  0.302415  0.202557  0.196814  0.113287 
39  0.682427  0.140343  0.116005  0.135378  0.268917  0.166676  0.145259  0.158627  0.247122  0.342619  0.656083  0.246220  0.162077  0.169431  0.294220  0.169931  0.249625  0.060835  0.236770  0.234660  0.373305  0.180750  0.581985  0.405834  0.156951  0.135337  0.135805  0.428924  0.212803  0.537653  0.541388  0.167929  0.140283  0.082789  0.290609  0.471063  0.124666  0.083874  0.183080 0.0  0.151179  0.354103  0.403859  0.438531  0.000000  0.350761  0.521589  0.443789  0.424378  0.205622  0.140679  0.382752  0.406999  0.185655  0.194844  0.456503  0.021061  0.572613  0.400880  0.385102  0.189011  0.113117  0.362718  0.077114  0.458418  0.188999  0.404349  0.127691  0.022829  0.267152  0.197893  0.139396  0.118695 
40  0.673446  0.129721  0.002306  0.033136  0.260523  0.107738  0.094555  0.107873  0.145439  0.275521  0.509679  0.236803  0.177749  0.300319  0.095877  0.142653  0.389179  0.028883  0.128412  0.181258  0.295143  0.131418  0.635008  0.344191  0.137386  0.031589  0.130226  0.313436  0.068074  0.500447  0.511656  0.119711  0.111999  0.063741  0.217869  0.321117  0.153989  0.075472  0.000000  0.151179 0.0  0.280716  0.376002  0.386378  0.154447  0.491748  0.468521  0.292254  0.279604  0.102350  0.238151  0.327237  0.677721  0.246700  0.318820  0.374452  0.025344  0.365252  0.278770  0.381042  0.149083  0.181304  0.372275  0.187986  0.223471  0.042554  0.310225  0.015159  0.059208  0.323277  0.048028  0.050764  0.019949 
41  0.678144  0.263434  0.187418  0.219535  0.368955  0.160049  0.275139  0.310467  0.270740  0.311695  0.690039  0.391325  0.190717  0.321109  0.312289  0.236890  0.374740  0.421687  0.196622  0.223331  0.270241  0.239133  0.658402  0.248843  0.238895  0.217421  0.405402  0.300952  0.209833  0.231956  0.796522  0.329164  0.171673  0.270681  0.315197  0.213321  0.221423  0.190164  0.313414  0.354103  0.280716 0.0  0.363342  0.205951  0.315040  0.334420  0.644391  0.210215  0.205792  0.198291  0.233553  0.400773  0.300721  0.216385  0.321978  0.274384  0.300331  0.814106  0.251115  0.198668  0.266638  0.282329  0.176026  0.285668  0.254303  0.350290  0.243151  0.266150  0.197913  0.372387  0.291798  0.314310  0.218523 
42  0.772972  0.268604  0.266770  0.424455  0.292944  0.394478  0.216686  0.329230  0.426845  0.275596  0.847904  0.326880  0.351040  0.317368  0.422307  0.376318  0.261842  0.338125  0.419114  0.451358  0.293102  0.386635  0.726102  0.444164  0.436798  0.399893  0.385273  0.450391  0.313897  0.405012  0.699279  0.349049  0.469794  0.316573  0.219923  0.418803  0.226002  0.314596  0.418041  0.403859  0.376002  0.363342 0.0  0.332457  0.495014  0.043586  0.750436  0.350044  0.333411  0.469804  0.333821  0.099765  0.039670  0.400571  0.372971  0.205475  0.404103  0.765273  0.365493  0.237331  0.436961  0.307851  0.241347  0.421287  0.321635  0.370871  0.368855  0.294652  0.464706  0.266047  0.300246  0.359743  0.329532 
43  0.710223  0.412245  0.336547  0.339643  0.301017  0.498383  0.463004  0.466162  0.406952  0.323602  0.879943  0.198591  0.424624  0.192347  0.428189  0.474042  0.304076  0.389552  0.506660  0.336370  0.280660  0.294322  0.840174  0.312712  0.488618  0.474640  0.355920  0.264121  0.291711  0.053110  0.751862  0.414663  0.403124  0.353518  0.251385  0.191342  0.353831  0.440606  0.435243  0.438531  0.386378  0.205951  0.332457 0.0  0.391538  0.280671  0.725430  0.187289  0.112948  0.545908  0.265358  0.389048  0.333246  0.263701  0.351109  0.206775  0.484441  0.938517  0.232281  0.160010  0.398134  0.359250  0.391022  0.362151  0.031314  0.427301  0.238529  0.512159  0.493551  0.365274  0.508523  0.446903  0.346848 
44  0.697777  0.087115  0.239676  0.212968  0.225450  0.154546  0.148238  0.140531  0.197533  0.306794  0.495004  0.257844  0.097517  0.319739  0.131350  0.107045  0.333612  0.178666  0.103566  0.235357  0.347599  0.081681  0.559365  0.301080  0.093295  0.053386  0.217155  0.469223  0.113632  0.414460  0.683236  0.104354  0.038900  0.060176  0.260619  0.380723  0.074041  0.134319  0.162643  0.000000  0.154447  0.315040  0.495014  0.391538 0.0  0.325846  0.542421  0.311619  0.453590  0.119066  0.182104  0.481463  0.336430  0.271249  0.242917  0.481230  0.230437  0.484906  0.458962  0.414947  0.187444  0.138972  0.419211  0.185916  0.308487  0.135880  0.376619  0.210876  0.242707  0.388344  0.262613  0.033504  0.257712 
45  0.725186  0.289921  0.354881  0.356521  0.349710  0.302135  0.437920  0.341545  0.365577  0.210074  0.918528  0.332310  0.265091  0.269802  0.291730  0.411358  0.204762  0.447670  0.302045  0.419544  0.082802  0.324537  0.871213  0.304820  0.368720  0.215869  0.412957  0.267861  0.301789  0.484145  0.778171  0.250734  0.407037  0.307163  0.335051  0.312730  0.348173  0.316124  0.369952  0.350761  0.491748  0.334420  0.043586  0.280671  0.325846 0.0  0.699836  0.285087  0.363276  0.333008  0.496302  0.059096  0.265700  0.436720  0.467943  0.081908  0.336258  0.736897  0.330401  0.329631  0.354926  0.245283  0.005681  0.407631  0.431322  0.398681  0.335064  0.421849  0.385033  0.259243  0.413637  0.301979  0.305606 
46  0.297880  0.666751  0.625432  0.597949  0.724969  0.508781  0.531584  0.593751  0.726083  0.770075  0.510888  0.764621  0.449853  0.674708  0.448456  0.450295  0.628221  0.628973  0.432814  0.543639  0.760350  0.524344  0.554400  0.741116  0.503474  0.313979  0.613896  0.673834  0.641780  0.847899  0.603120  0.566152  0.493594  0.632432  0.660037  0.723848  0.599940  0.495071  0.599987  0.521589  0.468521  0.644391  0.750436  0.725430  0.542421  0.699836 0.0  0.796396  1.000000  0.547672  0.539602  0.723508  0.760849  0.429388  0.539676  0.812250  0.562113  0.424301  0.804694  0.741163  0.681163  0.544224  0.848714  0.377871  0.692261  0.619991  0.692369  0.502417  0.571471  0.738934  0.365305  0.542975  0.548887 
47  0.742661  0.421834  0.239622  0.252052  0.278576  0.435744  0.465116  0.430912  0.397386  0.240989  0.872838  0.250726  0.290638  0.263228  0.435471  0.411486  0.362820  0.481474  0.422949  0.381808  0.368868  0.394618  0.721414  0.221818  0.355204  0.418335  0.322669  0.074218  0.385068  0.082946  0.756178  0.358932  0.519760  0.421098  0.284288  0.269500  0.262598  0.482398  0.557151  0.443789  0.292254  0.210215  0.350044  0.187289  0.311619  0.285087  0.796396 0.0  0.053963  0.488707  0.384080  0.430139  0.386056  0.242591  0.340638  0.272150  0.533020  0.794702  0.219891  0.128848  0.408572  0.612020  0.324153  0.387493  0.270564  0.482762  0.198898  0.389644  0.473978  0.314891  0.368665  0.490265  0.259808 
48  0.613129  0.469517  0.451286  0.579787  0.195669  0.439902  0.329792  0.493022  0.470842  0.291746  0.866793  0.296949  0.388559  0.289989  0.356401  0.297109  0.328312  0.381930  0.376561  0.374549  0.406139  0.545707  0.737304  0.108854  0.401192  0.294913  0.468618  0.000000  0.483935  0.215584  0.840596  0.295670  0.256145  0.532410  0.328012  0.050334  0.455749  0.384495  0.296813  0.424378  0.279604  0.205792  0.333411  0.112948  0.453590  0.363276  1.000000  0.053963 0.0  0.409954  0.374500  0.603985  0.381418  0.317107  0.450788  0.312459  0.491250  0.684455  0.015722  0.000000  0.399756  0.546048  0.294656  0.530119  0.048790  0.397669  0.000000  0.456000  0.287044  0.245341  0.292259  0.295996  0.519613 
49  0.740383  0.182117  0.111712  0.120584  0.337400  0.006507  0.119139  0.162361  0.080472  0.322712  0.506491  0.245084  0.144988  0.363191  0.054331  0.167826  0.274357  0.218835  0.213219  0.095742  0.398658  0.130419  0.577231  0.437707  0.086526  0.126734  0.055968  0.451067  0.178986  0.379387  0.533231  0.130456  0.133325  0.164146  0.227806  0.284921  0.218937  0.061853  0.152896  0.205622  0.102350  0.198291  0.469804  0.545908  0.119066  0.333008  0.547672  0.488707  0.409954 0.0  0.167639  0.586092  0.467502  0.023318  0.170216  0.516751  0.130317  0.563618  0.382102  0.363822  0.199178  0.012736  0.394658  0.123023  0.366584  0.177602  0.370620  0.071052  0.165181  0.275441  0.009773  0.182624  0.018768 
50  0.821518  0.095551  0.009806  0.000000  0.281682  0.094937  0.182232  0.000000  0.064214  0.212541  0.581860  0.292462  0.132984  0.293269  0.000000  0.122267  0.269067  0.004595  0.073682  0.079631  0.343607  0.125817  0.614654  0.375480  0.151807  0.148759  0.051053  0.385585  0.047166  0.304446  0.458115  0.057646  0.129889  0.095665  0.218707  0.391219  0.110541  0.160630  0.087079  0.140679  0.238151  0.233553  0.333821  0.265358  0.182104  0.496302  0.539602  0.384080  0.374500  0.167639 0.0  0.450000  0.573269  0.230861  0.257015  0.334487  0.144535  0.400108  0.264387  0.363612  0.111258  0.075948  0.322974  0.149192  0.406484  0.013842  0.370185  0.103073  0.154825  0.221354  0.131066  0.078908  0.122310 
51  0.655343  0.398356  0.405320  0.503704  0.377323  0.529853  0.405591  0.508142  0.477002  0.223658  0.899888  0.215569  0.384974  0.291685  0.450795  0.415856  0.316503  0.421181  0.325036  0.390390  0.193174  0.283250  0.833310  0.446071  0.254176  0.410179  0.382692  0.515890  0.369645  0.487838  0.853311  0.386270  0.491063  0.423975  0.324027  0.443317  0.325625  0.406320  0.473754  0.382752  0.327237  0.400773  0.099765  0.389048  0.481463  0.059096  0.723508  0.430139  0.603985  0.586092  0.450000 0.0  0.138943  0.372976  0.455720  0.064440  0.376613  0.889557  0.442837  0.463705  0.403445  0.442840  0.132164  0.347717  0.425921  0.415213  0.356174  0.374367  0.374213  0.306559  0.377014  0.468115  0.473322 
52  0.690712  0.359660  0.324780  0.358264  0.312222  0.242513  0.366321  0.281539  0.350844  0.211045  0.967618  0.247561  0.400080  0.259772  0.361901  0.357330  0.258180  0.402769  0.197110  0.393539  0.072361  0.418318  0.853389  0.272911  0.353087  0.476378  0.465946  0.394635  0.371723  0.471429  0.774820  0.385986  0.351194  0.340747  0.274082  0.317511  0.230174  0.376243  0.347204  0.406999  0.677721  0.300721  0.039670  0.333246  0.336430  0.265700  0.760849  0.386056  0.381418  0.467502  0.573269  0.138943 0.0  0.361549  0.567120  0.072758  0.298993  0.759665  0.393895  0.294877  0.382522  0.413075  0.034928  0.436246  0.391368  0.427821  0.363694  0.346691  0.447751  0.292672  0.391766  0.407823  0.354595 
53  0.655331  0.105758  0.021107  0.000000  0.420658  0.084453  0.141542  0.107396  0.176937  0.198730  0.600300  0.320658  0.120105  0.234688  0.081414  0.107460  0.331043  0.132554  0.034853  0.226979  0.445952  0.180418  0.647661  0.380314  0.089015  0.019861  0.108999  0.189376  0.046518  0.484774  0.607252  0.000000  0.304819  0.126420  0.352373  0.369316  0.011321  0.118539  0.051688  0.185655  0.246700  0.216385  0.400571  0.263701  0.271249  0.436720  0.429388  0.242591  0.317107  0.023318  0.230861  0.372976  0.361549 0.0  0.145842  0.422017  0.042155  0.426457  0.417049  0.368438  0.127318  0.094846  0.345466  0.212406  0.297006  0.096902  0.447366  0.132986  0.153467  0.256845  0.042253  0.024414  0.126280 
