73
0 0.0  0.329735  0.521176  0.249111  0.314073  0.321557  0.853883  0.380080  0.302695  0.323891  0.371170  0.297641  0.429086  0.175253  0.251616  0.430856  0.347573  0.544443  0.381377  0.314883  0.352663  0.044060  0.396426  0.570013  0.482793  0.457976  0.475800  0.473232  0.435039  0.491391  0.799354  0.397801  0.676136  0.350880  0.400096  0.385869  0.183408  0.319988  0.844419  0.380174  0.306472  0.356780  0.122706  0.375386  0.423746  0.394294  0.301330  0.287226  0.724552  0.481545  0.398762  0.293379  0.398922  0.391720  0.735794  0.339274  0.363237  0.227668  0.312189  0.371123  0.363015  0.238948  0.341883  0.279474  0.388246  0.364231  0.371454  0.384452  0.722077  0.544160  0.407304  0.122649  0.337818 
1  0.329735 0.0  0.425462  0.353398  0.262710  0.190329  0.596844  0.073014  0.245249  0.126814  0.261440  0.232502  0.052642  0.443890  0.299506  0.381702  0.079461  0.538338  0.251622  0.124533  0.081725  0.465475  0.471067  0.533711  0.052879  0.160170  0.235572  0.124136  0.208433  0.254254  0.603971  0.156782  0.585143  0.441360  0.248577  0.212412  0.512550  0.351455  0.541356  0.225504  0.221312  0.124115  0.377558  0.522897  0.029973  0.407043  0.295762  0.322181  0.472573  0.443560  0.071917  0.000000  0.194076  0.042775  0.468346  0.512460  0.138516  0.290201  0.304738  0.125371  0.012566  0.152442  0.068117  0.142031  0.102736  0.421461  0.105202  0.433881  0.745810  0.359409  0.191091  0.267045  0.279549 
2  0.521176  0.425462 0.0  0.404611  0.352442  0.489290  0.515444  0.444905  0.510074  0.433919  0.500041  0.533751  0.542558  0.466900  0.539194  0.508108  0.567622  0.584219  0.387026  0.554593  0.573332  0.501080  0.483845  0.492090  0.448499  0.463381  0.432536  0.483499  0.428890  0.497990  0.494700  0.569001  0.445405  0.496559  0.537789  0.516145  0.417440  0.579548  0.437816  0.494303  0.436459  0.491443  0.559685  0.443126  0.474910  0.483417  0.593467  0.550574  0.400904  0.381011  0.499694  0.513685  0.416229  0.464626  0.525205  0.488963  0.476703  0.541649  0.451099  0.403562  0.486781  0.475144  0.509672  0.489803  0.559059  0.516504  0.581441  0.413788  0.444928  0.544402  0.394777  0.555660  0.490521 
3  0.249111  0.353398  0.404611 0.0  0.227237  0.438619  0.694304  0.301430  0.198271  0.261759  0.224838  0.261788  0.312091  0.199319  0.181004  0.175336  0.263083  0.476357  0.273127  0.407700  0.375212  0.286360  0.268970  0.634779  0.298759  0.291637  0.232824  0.293483  0.241511  0.267464  0.595150  0.306903  0.608999  0.253347  0.275214  0.258718  0.318268  0.262039  0.626304  0.243858  0.263560  0.268574  0.288378  0.290116  0.296952  0.330433  0.285873  0.328729  0.727358  0.281017  0.250164  0.272683  0.312604  0.120917  0.737124  0.259043  0.302910  0.300260  0.228328  0.302697  0.266791  0.282458  0.215682  0.278195  0.293711  0.344139  0.208046  0.312752  0.796174  0.478678  0.314776  0.219271  0.233702 
4  0.314073  0.262710  0.352442  0.227237 0.0  0.124107  0.738389  0.295940  0.290775  0.285263  0.274435  0.206650  0.285197  0.282437  0.382277  0.243029  0.324840  0.502823  0.334550  0.291399  0.280667  0.247616  0.193869  0.500571  0.210111  0.320844  0.230420  0.257922  0.290358  0.287590  0.634672  0.313050  0.718947  0.367300  0.325122  0.220336  0.183308  0.194144  0.708561  0.262731  0.372493  0.321703  0.378343  0.255089  0.314555  0.249805  0.367685  0.213890  0.763054  0.277586  0.199226  0.350227  0.303276  0.335258  0.821634  0.249983  0.327058  0.211829  0.241755  0.272873  0.245244  0.171724  0.233516  0.399504  0.237126  0.349215  0.230079  0.207573  0.782553  0.406095  0.265493  0.238387  0.400646 
5  0.321557  0.190329  0.489290  0.438619  0.124107 0.0  0.689064  0.221264  0.298917  0.210432  0.185779  0.306143  0.260652  0.272504  0.292865  0.246545  0.304931  0.495817  0.309392  0.227333  0.330178  0.241462  0.250629  0.401994  0.363233  0.331284  0.242519  0.178408  0.231436  0.332352  0.689726  0.151714  0.684790  0.330083  0.230279  0.306015  0.270082  0.326688  0.786768  0.283154  0.256660  0.331791  0.328018  0.240031  0.256875  0.263396  0.157770  0.271031  0.721773  0.298573  0.228610  0.162816  0.236442  0.307351  0.758100  0.302813  0.190035  0.244923  0.227501  0.278676  0.355730  0.294520  0.260919  0.327101  0.311445  0.256526  0.351650  0.335256  0.694405  0.608521  0.368631  0.380772  0.371212 
6  0.853883  0.596844  0.515444  0.694304  0.738389  0.689064 0.0  0.560223  0.600956  0.536549  0.602830  0.627825  0.570601  0.837067  0.807392  0.787633  0.488390  0.455537  0.571920  0.510092  0.615684  0.771075  0.778087  0.515960  0.643561  0.618162  0.565332  0.610455  0.430581  0.513782  0.162611  0.545310  0.537282  0.859774  0.602245  0.563459  0.844902  0.750295  0.196975  0.679896  0.510120  0.628709  0.818168  0.761407  0.647349  0.808541  0.667961  0.755411  0.173386  0.757122  0.494032  0.505791  0.514797  0.481171  0.609260  0.893977  0.592079  0.498015  0.600551  0.453789  0.611423  0.426512  0.499781  0.441409  0.590596  0.662917  0.668971  0.830478  0.703838  0.477998  0.635145  0.837909  0.637739 
7  0.380080  0.073014  0.444905  0.301430  0.295940  0.221264  0.560223 0.0  0.038912  0.083246  0.174374  0.132262  0.245520  0.415756  0.216573  0.387443  0.053179  0.443150  0.029293  0.030913  0.000000  0.428865  0.340591  0.465286  0.220943  0.226897  0.160217  0.081224  0.100832  0.122915  0.595916  0.139851  0.488189  0.231237  0.029668  0.157256  0.367663  0.272492  0.508468  0.053696  0.039704  0.196882  0.289066  0.342549  0.134125  0.350151  0.305829  0.440107  0.448233  0.388368  0.127436  0.007396  0.012875  0.108033  0.514768  0.481531  0.048568  0.042545  0.042807  0.287157  0.195609  0.045756  0.067559  0.165408  0.057989  0.417565  0.169914  0.374760  0.739625  0.243345  0.258449  0.308255  0.016370 
8  0.302695  0.245249  0.510074  0.198271  0.290775  0.298917  0.600956  0.038912 0.0  0.020340  0.179821  0.195332  0.033590  0.351147  0.303735  0.392075  0.149191  0.495341  0.132572  0.222005  0.140906  0.359098  0.430595  0.547217  0.088111  0.000000  0.163144  0.218102  0.238642  0.198583  0.463398  0.149801  0.660827  0.383780  0.167089  0.221809  0.478283  0.226741  0.591755  0.244427  0.152731  0.055570  0.328984  0.395293  0.032904  0.660937  0.261344  0.357645  0.432558  0.542938  0.169180  0.007685  0.114402  0.140532  0.614864  0.440705  0.229157  0.257703  0.209231  0.147830  0.243918  0.305885  0.077080  0.137706  0.204444  0.470473  0.101636  0.364278  0.685528  0.462572  0.061010  0.293657  0.104033 
9  0.323891  0.126814  0.433919  0.261759  0.285263  0.210432  0.536549  0.083246  0.020340 0.0  0.054653  0.093598  0.187301  0.377124  0.341550  0.425911  0.016743  0.445045  0.113571  0.104731  0.073667  0.433372  0.330890  0.445141  0.000000  0.116144  0.107178  0.144657  0.285702  0.175051  0.420684  0.103371  0.406008  0.283318  0.113984  0.158467  0.309573  0.266535  0.577979  0.094540  0.120594  0.023172  0.332355  0.391271  0.067549  0.290235  0.244073  0.406771  0.475580  0.249172  0.044133  0.048337  0.128654  0.101615  0.648549  0.403968  0.151268  0.071272  0.000000  0.084804  0.156894  0.053050  0.054647  0.024392  0.082768  0.471542  0.197184  0.437323  0.692735  0.266897  0.123261  0.179917  0.047424 
10  0.371170  0.261440  0.500041  0.224838  0.274435  0.185779  0.602830  0.174374  0.179821  0.054653 0.0  0.231432  0.082871  0.452157  0.353451  0.313537  0.100011  0.421028  0.101379  0.048956  0.270159  0.394951  0.535453  0.463134  0.053784  0.000000  0.067868  0.057697  0.123339  0.165092  0.556875  0.174773  0.781028  0.519255  0.227737  0.169774  0.556098  0.231551  0.527898  0.239447  0.220618  0.083191  0.370130  0.442459  0.071074  0.523813  0.296351  0.276639  0.453649  0.464918  0.051841  0.141812  0.244705  0.173396  0.411186  0.491096  0.205440  0.113063  0.174806  0.000000  0.206203  0.278978  0.067587  0.053221  0.139233  0.491376  0.201648  0.511404  0.743959  0.363290  0.032232  0.303805  0.242740 
11  0.297641  0.232502  0.533751  0.261788  0.206650  0.306143  0.627825  0.132262  0.195332  0.093598  0.231432 0.0  0.025653  0.468196  0.196646  0.296668  0.089739  0.476553  0.296215  0.239703  0.191278  0.437380  0.438278  0.470259  0.000000  0.000000  0.187596  0.330244  0.144822  0.209696  0.627780  0.239030  0.673245  0.486006  0.147772  0.220384  0.458012  0.282288  0.503565  0.306875  0.136164  0.099693  0.291195  0.461523  0.049334  0.554656  0.206242  0.294904  0.482249  0.470666  0.133517  0.075166  0.317699  0.179226  0.458018  0.423667  0.185778  0.182180  0.199027  0.098747  0.176631  0.099365  0.090045  0.051207  0.116202  0.495856  0.108102  0.344009  0.665800  0.464573  0.087631  0.373493  0.228268 
12  0.429086  0.052642  0.542558  0.312091  0.285197  0.260652  0.570601  0.245520  0.033590  0.187301  0.082871  0.025653 0.0  0.376100  0.252863  0.371751  0.077678  0.547868  0.073912  0.129667  0.036041  0.372831  0.345979  0.482991  0.057302  0.205271  0.113172  0.110935  0.249270  0.108165  0.591783  0.178568  0.492717  0.393247  0.103631  0.017915  0.361110  0.286154  0.591640  0.047442  0.138671  0.188253  0.287527  0.443735  0.224528  0.273799  0.295266  0.442993  0.479782  0.429900  0.090809  0.063754  0.045026  0.070173  0.589859  0.229292  0.112355  0.032095  0.070003  0.236257  0.010659  0.116662  0.168215  0.179170  0.066081  0.362198  0.110678  0.333972  0.689068  0.245859  0.248833  0.288102  0.014268 
13  0.175253  0.443890  0.466900  0.199319  0.282437  0.272504  0.837067  0.415756  0.351147  0.377124  0.452157  0.468196  0.376100 0.0  0.307398  0.369397  0.404379  0.443940  0.403345  0.358980  0.427338  0.120299  0.288929  0.485003  0.256232  0.323321  0.462675  0.447116  0.411726  0.442940  0.744962  0.330069  0.651191  0.392861  0.276901  0.359848  0.286090  0.356863  0.867848  0.435412  0.470243  0.426881  0.264163  0.303748  0.427767  0.337984  0.354037  0.195973  0.759033  0.353570  0.410127  0.349887  0.294401  0.513128  0.755564  0.339924  0.429647  0.398283  0.389886  0.273015  0.358328  0.396423  0.507704  0.356458  0.331014  0.604013  0.339803  0.472816  0.721636  0.487786  0.323179  0.209698  0.412736 
14  0.251616  0.299506  0.539194  0.181004  0.382277  0.292865  0.807392  0.216573  0.303735  0.341550  0.353451  0.196646  0.252863  0.307398 0.0  0.320298  0.320193  0.587935  0.288937  0.347904  0.382098  0.417429  0.342802  0.468941  0.224131  0.180387  0.395620  0.262339  0.299678  0.215771  0.609262  0.276419  0.658203  0.270518  0.279224  0.291404  0.260878  0.203631  0.698390  0.377400  0.315392  0.348848  0.269893  0.427570  0.331715  0.287323  0.268211  0.320923  0.673816  0.234230  0.317199  0.312780  0.340345  0.259335  0.671341  0.316522  0.251468  0.254785  0.223636  0.256252  0.235733  0.288778  0.295732  0.248999  0.250132  0.297116  0.272031  0.228458  0.801099  0.512727  0.324336  0.236145  0.261739 
15  0.430856  0.381702  0.508108  0.175336  0.243029  0.246545  0.787633  0.387443  0.392075  0.425911  0.313537  0.296668  0.371751  0.369397  0.320298 0.0  0.386727  0.455145  0.304341  0.417983  0.311370  0.404638  0.138470  0.540788  0.485971  0.569773  0.402209  0.458858  0.309391  0.480929  0.910292  0.396141  0.842099  0.114873  0.521541  0.494566  0.070107  0.334379  0.963798  0.248686  0.293060  0.388872  0.444065  0.215352  0.440743  0.185810  0.254259  0.329981  0.860822  0.197969  0.349219  0.263649  0.341432  0.538400  0.958854  0.172820  0.470830  0.500845  0.400745  0.363311  0.523847  0.363436  0.416092  0.361500  0.424260  0.057369  0.320181  0.158988  0.646437  0.588424  0.373969  0.329519  0.207828 
16  0.347573  0.079461  0.567622  0.263083  0.324840  0.304931  0.488390  0.053179  0.149191  0.016743  0.100011  0.089739  0.077678  0.404379  0.320193  0.386727 0.0  0.500687  0.000000  0.025932  0.000000  0.529038  0.387618  0.310122  0.056045  0.074314  0.083837  0.182256  0.169293  0.200328  0.504958  0.226533  0.510703  0.331307  0.025019  0.034554  0.383455  0.355006  0.649348  0.024975  0.156558  0.047003  0.285574  0.301547  0.056373  0.285559  0.333106  0.280272  0.712101  0.382591  0.273676  0.205053  0.091343  0.083039  0.386579  0.351628  0.188882  0.116880  0.125771  0.010105  0.149018  0.000000  0.233198  0.124902  0.083004  0.424956  0.181923  0.232668  0.736946  0.222013  0.000000  0.275963  0.008614 
17  0.544443  0.538338  0.584219  0.476357  0.502823  0.495817  0.455537  0.443150  0.495341  0.445045  0.421028  0.476553  0.547868  0.443940  0.587935  0.455145  0.500687 0.0  0.425649  0.510619  0.514544  0.494989  0.480388  0.579839  0.464915  0.516125  0.482555  0.593200  0.426029  0.512799  0.468068  0.575944  0.539332  0.576397  0.514510  0.476141  0.521582  0.445065  0.526557  0.557136  0.499232  0.462228  0.485829  0.604997  0.387773  0.630803  0.493742  0.561714  0.501756  0.440491  0.451676  0.481914  0.521943  0.686363  0.461309  0.456828  0.445428  0.424092  0.689200  0.529956  0.518853  0.563949  0.505366  0.502558  0.291153  0.557813  0.549176  0.630839  0.469082  0.561586  0.588277  0.492165  0.364528 
18  0.381377  0.251622  0.387026  0.273127  0.334550  0.309392  0.571920  0.029293  0.132572  0.113571  0.101379  0.296215  0.073912  0.403345  0.288937  0.304341  0.000000  0.425649 0.0  0.122761  0.273786  0.333002  0.439375  0.516098  0.095152  0.101063  0.156823  0.233474  0.164893  0.174892  0.432664  0.007047  0.696780  0.525559  0.194728  0.189758  0.620794  0.231857  0.602244  0.188735  0.153856  0.013364  0.290737  0.431387  0.110521  0.475768  0.315828  0.371900  0.433614  0.430191  0.044682  0.012067  0.277658  0.159644  0.566462  0.517509  0.228610  0.236714  0.321286  0.124882  0.130078  0.257380  0.000000  0.027880  0.236643  0.449016  0.087287  0.360298  0.728654  0.452375  0.195568  0.223451  0.095816 
19  0.314883  0.124533  0.554593  0.407700  0.291399  0.227333  0.510092  0.030913  0.222005  0.104731  0.048956  0.239703  0.129667  0.358980  0.347904  0.417983  0.025932  0.510619  0.122761 0.0  0.263436  0.216518  0.541041  0.454975  0.001218  0.000000  0.075509  0.179164  0.137014  0.222773  0.477049  0.132161  0.478875  0.533142  0.147625  0.328939  0.457830  0.280059  0.542165  0.174969  0.278713  0.182442  0.304344  0.502840  0.000000  0.430812  0.245920  0.381947  0.475631  0.493833  0.092631  0.000000  0.233706  0.198842  0.443872  0.547513  0.239054  0.180877  0.109077  0.115126  0.284994  0.261587  0.083677  0.069516  0.180394  0.412448  0.150778  0.486036  0.780896  0.589624  0.008491  0.307359  0.261898 
20  0.352663  0.081725  0.573332  0.375212  0.280667  0.330178  0.615684  0.000000  0.140906  0.073667  0.270159  0.191278  0.036041  0.427338  0.382098  0.311370  0.000000  0.514544  0.273786  0.263436 0.0  0.281723  0.347514  0.419346  0.097061  0.000000  0.142952  0.165424  0.097624  0.166505  0.597625  0.179130  0.761379  0.472367  0.262304  0.209489  0.342810  0.222482  0.598759  0.222247  0.213258  0.027250  0.368038  0.521732  0.081464  0.506606  0.333975  0.323385  0.482073  0.519435  0.130979  0.073828  0.287511  0.105478  0.533429  0.502234  0.304838  0.150608  0.194758  0.069865  0.166911  0.184201  0.108896  0.116870  0.230790  0.385182  0.232854  0.398735  0.628665  0.370544  0.027538  0.291241  0.223987 
21  0.044060  0.465475  0.501080  0.286360  0.247616  0.241462  0.771075  0.428865  0.359098  0.433372  0.394951  0.437380  0.372831  0.120299  0.417429  0.404638  0.529038  0.494989  0.333002  0.216518  0.281723 0.0  0.382960  0.482977  0.429168  0.444408  0.409688  0.473040  0.348580  0.331659  0.708743  0.420446  0.766389  0.492642  0.304850  0.393393  0.408368  0.181102  0.978600  0.327669  0.247765  0.401146  0.034495  0.271450  0.327845  0.369037  0.278832  0.036358  0.975395  0.410288  0.379810  0.518646  0.305229  0.441283  0.804501  0.312797  0.398819  0.391983  0.500208  0.250489  0.346780  0.227440  0.465197  0.426917  0.315550  0.503243  0.513091  0.520127  0.698870  0.537336  0.406763  0.297892  0.401990 
22  0.396426  0.471067  0.483845  0.268970  0.193869  0.250629  0.778087  0.340591  0.430595  0.330890  0.535453  0.438278  0.345979  0.288929  0.342802  0.138470  0.387618  0.480388  0.439375  0.541041  0.347514  0.382960 0.0  0.426046  0.350099  0.287728  0.376276  0.481226  0.423612  0.425154  0.706759  0.343573  0.769196  0.192035  0.506887  0.593372  0.213161  0.313208  0.896587  0.375059  0.498233  0.354395  0.361894  0.164951  0.360421  0.188188  0.207713  0.358229  0.700290  0.193255  0.377946  0.433569  0.469801  0.444974  0.725113  0.254135  0.388102  0.381480  0.443180  0.369507  0.462756  0.426779  0.485297  0.445262  0.438846  0.219595  0.370831  0.125173  0.687395  0.730055  0.457755  0.303894  0.572566 
23  0.570013  0.533711  0.492090  0.634779  0.500571  0.401994  0.515960  0.465286  0.547217  0.445141  0.463134  0.470259  0.482991  0.485003  0.468941  0.540788  0.310122  0.579839  0.516098  0.454975  0.419346  0.482977  0.426046 0.0  0.646189  0.533291  0.480230  0.597931  0.489248  0.497906  0.437014  0.520392  0.496150  0.526607  0.558538  0.420888  0.536389  0.502058  0.477826  0.423479  0.545955  0.563368  0.544004  0.557232  0.494652  0.530726  0.518770  0.468429  0.372513  0.509230  0.518649  0.532518  0.459518  0.492224  0.613120  0.511530  0.543230  0.534036  0.586662  0.429372  0.515786  0.536866  0.506462  0.440624  0.562964  0.537873  0.532364  0.495956  0.404609  0.551044  0.498166  0.538446  0.597817 
24  0.482793  0.052879  0.448499  0.298759  0.210111  0.363233  0.643561  0.220943  0.088111  0.000000  0.053784  0.000000  0.057302  0.256232  0.224131  0.485971  0.056045  0.464915  0.095152  0.001218  0.097061  0.429168  0.350099  0.646189 0.0  0.338356  0.218006  0.153180  0.159461  0.084977  0.666661  0.154937  0.472300  0.363032  0.084867  0.075929  0.323713  0.206740  0.642228  0.118598  0.039987  0.265633  0.419957  0.285470  0.167027  0.277882  0.318795  0.406467  0.520275  0.376916  0.000000  0.071068  0.183133  0.066374  0.418954  0.356846  0.034414  0.010398  0.064939  0.228417  0.000000  0.010147  0.084814  0.269199  0.066399  0.399153  0.202525  0.467016  0.649314  0.367165  0.277590  0.326229  0.086021 
25  0.457976  0.160170  0.463381  0.291637  0.320844  0.331284  0.618162  0.226897  0.000000  0.116144  0.000000  0.000000  0.205271  0.323321  0.180387  0.569773  0.074314  0.516125  0.101063  0.000000  0.000000  0.444408  0.287728  0.533291  0.338356 0.0  0.094810  0.185045  0.160013  0.101217  0.581230  0.229693  0.530447  0.306192  0.010686  0.144505  0.323642  0.343199  0.506840  0.092897  0.017843  0.180595  0.386666  0.370631  0.206846  0.396190  0.223487  0.428653  0.469726  0.288162  0.000000  0.000000  0.031813  0.180845  0.414522  0.451871  0.000000  0.098448  0.000585  0.294846  0.045133  0.000000  0.000000  0.336734  0.046934  0.447259  0.231291  0.410884  0.743139  0.312663  0.184464  0.319645  0.034217 
26  0.475800  0.235572  0.432536  0.232824  0.230420  0.242519  0.565332  0.160217  0.163144  0.107178  0.067868  0.187596  0.113172  0.462675  0.395620  0.402209  0.083837  0.482555  0.156823  0.075509  0.142952  0.409688  0.376276  0.480230  0.218006  0.094810 0.0  0.178522  0.175126  0.168592  0.574562  0.168306  0.597282  0.423092  0.241969  0.035928  0.317934  0.355618  0.510936  0.137971  0.149053  0.147669  0.482201  0.368440  0.145426  0.573328  0.299850  0.325084  0.538651  0.386354  0.225697  0.035791  0.162260  0.227954  0.511285  0.435750  0.138210  0.245437  0.230759  0.117061  0.241996  0.217735  0.120679  0.162505  0.157334  0.400304  0.208224  0.479180  0.664183  0.459313  0.220474  0.294788  0.187141 
27  0.473232  0.124136  0.483499  0.293483  0.257922  0.178408  0.610455  0.081224  0.218102  0.144657  0.057697  0.330244  0.110935  0.447116  0.262339  0.458858  0.182256  0.593200  0.233474  0.179164  0.165424  0.473040  0.481226  0.597931  0.153180  0.185045  0.178522 0.0  0.124228  0.142481  0.472968  0.200071  0.568601  0.428928  0.127934  0.070474  0.456098  0.200581  0.534566  0.166828  0.149614  0.128475  0.439925  0.387568  0.178081  0.385587  0.205798  0.401318  0.517744  0.413306  0.135113  0.189162  0.075309  0.211461  0.544794  0.443442  0.204555  0.231525  0.186698  0.118766  0.165352  0.095075  0.158345  0.234144  0.222464  0.473883  0.102998  0.423006  0.649965  0.508974  0.096439  0.224287  0.175621 
28  0.435039  0.208433  0.428890  0.241511  0.290358  0.231436  0.430581  0.100832  0.238642  0.285702  0.123339  0.144822  0.249270  0.411726  0.299678  0.309391  0.169293  0.426029  0.164893  0.137014  0.097624  0.348580  0.423612  0.489248  0.159461  0.160013  0.175126  0.124228 0.0  0.168028  0.615951  0.207336  0.597433  0.477533  0.157123  0.035494  0.469299  0.305788  0.569855  0.085707  0.168692  0.157190  0.480020  0.503595  0.186496  0.490010  0.269120  0.458024  0.539211  0.459969  0.139690  0.186898  0.208983  0.016821  0.569918  0.329715  0.116851  0.114925  0.074088  0.019507  0.104409  0.236213  0.047344  0.042180  0.177801  0.362233  0.188140  0.391317  0.615453  0.446414  0.134559  0.280180  0.141552 
29  0.491391  0.254254  0.497990  0.267464  0.287590  0.332352  0.513782  0.122915  0.198583  0.175051  0.165092  0.209696  0.108165  0.442940  0.215771  0.480929  0.200328  0.512799  0.174892  0.222773  0.166505  0.331659  0.425154  0.497906  0.084977  0.101217  0.168592  0.142481  0.168028 0.0  0.501730  0.109920  0.578583  0.506149  0.051127  0.194778  0.411655  0.329568  0.640779  0.037060  0.234331  0.138681  0.434512  0.356524  0.185956  0.397861  0.176343  0.445843  0.508740  0.430069  0.164665  0.199521  0.102299  0.128581  0.502124  0.407092  0.157649  0.212870  0.219723  0.181231  0.050203  0.231994  0.191883  0.139483  0.177752  0.392930  0.179616  0.496524  0.761449  0.348085  0.042703  0.158347  0.198731 
30  0.799354  0.603971  0.494700  0.595150  0.634672  0.689726  0.162611  0.595916  0.463398  0.420684  0.556875  0.627780  0.591783  0.744962  0.609262  0.910292  0.504958  0.468068  0.432664  0.477049  0.597625  0.708743  0.706759  0.437014  0.666661  0.581230  0.574562  0.472968  0.615951  0.501730 0.0  0.565899  0.508773  0.795649  0.409801  0.509375  0.745736  0.821876  0.194882  0.606426  0.526440  0.420037  0.742747  0.807936  0.685867  0.683779  0.655998  0.729806  0.000000  0.809473  0.529056  0.542657  0.550553  0.524059  0.591136  0.757732  0.412154  0.451291  0.548234  0.631642  0.576566  0.493898  0.441254  0.528424  0.357951  0.839300  0.510540  0.889630  0.675681  0.322324  0.806845  0.802097  0.589460 
31  0.397801  0.156782  0.569001  0.306903  0.313050  0.151714  0.545310  0.139851  0.149801  0.103371  0.174773  0.239030  0.178568  0.330069  0.276419  0.396141  0.226533  0.575944  0.007047  0.132161  0.179130  0.420446  0.343573  0.520392  0.154937  0.229693  0.168306  0.200071  0.207336  0.109920  0.565899 0.0  0.559777  0.242521  0.130193  0.021985  0.384653  0.264948  0.589105  0.076317  0.125177  0.133564  0.353795  0.357481  0.151093  0.360172  0.271697  0.546128  0.607408  0.402724  0.088808  0.027040  0.098598  0.133978  0.573593  0.467992  0.162904  0.061401  0.176868  0.152780  0.230289  0.124264  0.148574  0.098736  0.177867  0.324442  0.199692  0.434899  0.677717  0.285194  0.177619  0.167710  0.096354 
32  0.676136  0.585143  0.445405  0.608999  0.718947  0.684790  0.537282  0.488189  0.660827  0.406008  0.781028  0.673245  0.492717  0.651191  0.658203  0.842099  0.510703  0.539332  0.696780  0.478875  0.761379  0.766389  0.769196  0.496150  0.472300  0.530447  0.597282  0.568601  0.597433  0.578583  0.508773  0.559777 0.0  0.840205  0.594763  0.584434  0.832491  0.689717  0.538156  0.692121  0.654427  0.553102  0.708386  1.000000  0.455268  0.883481  0.727048  0.779063  0.397990  0.947123  0.566567  0.529403  0.614352  0.606416  0.063516  0.886240  0.688258  0.545804  0.686681  0.501573  0.722838  0.662218  0.557664  0.491387  0.752144  0.902218  0.583318  0.744366  0.287442  0.430934  0.448288  0.792203  0.542567 
33  0.350880  0.441360  0.496559  0.253347  0.367300  0.330083  0.859774  0.231237  0.383780  0.283318  0.519255  0.486006  0.393247  0.392861  0.270518  0.114873  0.331307  0.576397  0.525559  0.533142  0.472367  0.492642  0.192035  0.526607  0.363032  0.306192  0.423092  0.428928  0.477533  0.506149  0.795649  0.242521  0.840205 0.0  0.533712  0.472240  0.175024  0.303505  0.821677  0.477270  0.570686  0.266942  0.356081  0.228163  0.329249  0.156567  0.386979  0.391037  0.807280  0.309925  0.399746  0.387469  0.345100  0.420301  0.842970  0.144533  0.526557  0.525861  0.440752  0.349564  0.467154  0.506102  0.299728  0.367870  0.397880  0.141896  0.323841  0.116318  0.774542  0.732475  0.343001  0.390532  0.427612 
34  0.400096  0.248577  0.537789  0.275214  0.325122  0.230279  0.602245  0.029668  0.167089  0.113984  0.227737  0.147772  0.103631  0.276901  0.279224  0.521541  0.025019  0.514510  0.194728  0.147625  0.262304  0.304850  0.506887  0.558538  0.084867  0.010686  0.241969  0.127934  0.157123  0.051127  0.409801  0.130193  0.594763  0.533712 0.0  0.252872  0.537892  0.338347  0.566560  0.194244  0.162843  0.036956  0.427733  0.533125  0.062737  0.602423  0.258061  0.347777  0.430437  0.418765  0.099242  0.011417  0.153398  0.244214  0.442048  0.472000  0.216272  0.223403  0.240970  0.174691  0.175139  0.291889  0.032800  0.000000  0.145670  0.441877  0.153892  0.459977  0.681909  0.402715  0.000000  0.292856  0.240896 
35  0.385869  0.212412  0.516145  0.258718  0.220336  0.306015  0.563459  0.157256  0.221809  0.158467  0.169774  0.220384  0.017915  0.359848  0.291404  0.494566  0.034554  0.476141  0.189758  0.328939  0.209489  0.393393  0.593372  0.420888  0.075929  0.144505  0.035928  0.070474  0.035494  0.194778  0.509375  0.021985  0.584434  0.472240  0.252872 0.0  0.549513  0.355073  0.598073  0.169063  0.262659  0.151933  0.302378  0.451987  0.000000  0.547215  0.354642  0.198353  0.513432  0.492256  0.034838  0.083663  0.161858  0.000000  0.473729  0.516130  0.228200  0.202403  0.290315  0.186827  0.116729  0.151448  0.000000  0.067455  0.143527  0.381286  0.090965  0.420986  0.691828  0.468588  0.058016  0.239660  0.244354 
36  0.183408  0.512550  0.417440  0.318268  0.183308  0.270082  0.844902  0.367663  0.478283  0.309573  0.556098  0.458012  0.361110  0.286090  0.260878  0.070107  0.383455  0.521582  0.620794  0.457830  0.342810  0.408368  0.213161  0.536389  0.323713  0.323642  0.317934  0.456098  0.469299  0.411655  0.745736  0.384653  0.832491  0.175024  0.537892  0.549513 0.0  0.332796  0.784595  0.528321  0.533180  0.381269  0.390520  0.242188  0.261581  0.061206  0.246902  0.391037  0.755946  0.183435  0.410929  0.272067  0.483492  0.506825  0.871577  0.193902  0.565378  0.441875  0.524219  0.410132  0.539607  0.508583  0.243920  0.311808  0.539929  0.112188  0.275900  0.132689  0.626579  0.780378  0.338096  0.258762  0.526849 
37  0.319988  0.351455  0.579548  0.262039  0.194144  0.326688  0.750295  0.272492  0.226741  0.266535  0.231551  0.282288  0.286154  0.356863  0.203631  0.334379  0.355006  0.445065  0.231857  0.280059  0.222482  0.181102  0.313208  0.502058  0.206740  0.343199  0.355618  0.200581  0.305788  0.329568  0.821876  0.264948  0.689717  0.303505  0.338347  0.355073  0.332796 0.0  0.656405  0.293997  0.207876  0.203418  0.284371  0.176716  0.358280  0.214581  0.236659  0.239158  0.726306  0.306864  0.232489  0.173626  0.212137  0.226930  0.775260  0.312592  0.312786  0.303545  0.295205  0.352748  0.282792  0.249216  0.311562  0.331301  0.330815  0.330391  0.330507  0.329795  0.701302  0.336296  0.220538  0.307591  0.245245 
38  0.844419  0.541356  0.437816  0.626304  0.708561  0.786768  0.196975  0.508468  0.591755  0.577979  0.527898  0.503565  0.591640  0.867848  0.698390  0.963798  0.649348  0.526557  0.602244  0.542165  0.598759  0.978600  0.896587  0.477826  0.642228  0.506840  0.510936  0.534566  0.569855  0.640779  0.194882  0.589105  0.538156  0.821677  0.566560  0.598073  0.784595  0.656405 0.0  0.630045  0.599254  0.622318  0.908487  0.831595  0.499899  0.807880  0.789614  0.957951  0.132646  0.840697  0.577753  0.524661  0.567321  0.556578  0.754349  0.766293  0.637466  0.605746  0.687644  0.581514  0.604486  0.478108  0.486613  0.496607  0.527390  0.853532  0.512303  0.812727  0.777754  0.279352  0.604024  0.642058  0.679652 
39  0.380174  0.225504  0.494303  0.243858  0.262731  0.283154  0.679896  0.053696  0.244427  0.094540  0.239447  0.306875  0.047442  0.435412  0.377400  0.248686  0.024975  0.557136  0.188735  0.174969  0.222247  0.327669  0.375059  0.423479  0.118598  0.092897  0.137971  0.166828  0.085707  0.037060  0.606426  0.076317  0.692121  0.477270  0.194244  0.169063  0.528321  0.293997  0.630045 0.0  0.267142  0.163242  0.241501  0.545186  0.049075  0.423919  0.273286  0.295988  0.498460  0.398916  0.052390  0.158985  0.194158  0.228086  0.618949  0.445004  0.142922  0.241690  0.169926  0.000000  0.193012  0.248563  0.000000  0.042932  0.232890  0.440913  0.244570  0.444963  0.770012  0.447140  0.102212  0.275020  0.196519 
40  0.306472  0.221312  0.436459  0.263560  0.372493  0.256660  0.510120  0.039704  0.152731  0.120594  0.220618  0.136164  0.138671  0.470243  0.315392  0.293060  0.156558  0.499232  0.153856  0.278713  0.213258  0.247765  0.498233  0.545955  0.039987  0.017843  0.149053  0.149614  0.168692  0.234331  0.526440  0.125177  0.654427  0.570686  0.162843  0.262659  0.533180  0.207876  0.599254  0.267142 0.0  0.000000  0.407873  0.478581  0.055907  0.357590  0.320540  0.336887  0.409515  0.580572  0.139369  0.054626  0.293953  0.143913  0.483079  0.490047  0.215191  0.146930  0.322317  0.027135  0.167684  0.216620  0.000000  0.113702  0.155979  0.418959  0.131041  0.443728  0.743328  0.519922  0.000000  0.307004  0.216585 
41  0.356780  0.124115  0.491443  0.268574  0.321703  0.331791  0.628709  0.196882  0.055570  0.023172  0.083191  0.099693  0.188253  0.426881  0.348848  0.388872  0.047003  0.462228  0.013364  0.182442  0.027250  0.401146  0.354395  0.563368  0.265633  0.180595  0.147669  0.128475  0.157190  0.138681  0.420037  0.133564  0.553102  0.266942  0.036956  0.151933  0.381269  0.203418  0.622318  0.163242  0.000000 0.0  0.437500  0.399568  0.203797  0.421170  0.332492  0.442395  0.413270  0.225028  0.182912  0.154567  0.061474  0.141430  0.566404  0.355102  0.151212  0.089855  0.181875  0.271796  0.010299  0.053613  0.146770  0.190531  0.120741  0.335326  0.256728  0.388545  0.690068  0.427693  0.294716  0.281969  0.101362 
42  0.122706  0.377558  0.559685  0.288378  0.378343  0.328018  0.818168  0.289066  0.328984  0.332355  0.370130  0.291195  0.287527  0.264163  0.269893  0.444065  0.285574  0.485829  0.290737  0.304344  0.368038  0.034495  0.361894  0.544004  0.419957  0.386666  0.482201  0.439925  0.480020  0.434512  0.742747  0.353795  0.708386  0.356081  0.427733  0.302378  0.390520  0.284371  0.908487  0.241501  0.407873  0.437500 0.0  0.311408  0.354388  0.348079  0.191064  0.221103  0.847748  0.319100  0.447555  0.357964  0.375873  0.454709  0.860884  0.350230  0.243115  0.306005  0.383442  0.487447  0.346482  0.427446  0.353123  0.343581  0.361561  0.469964  0.366768  0.399162  0.701243  0.625290  0.373568  0.370543  0.425912 
43  0.375386  0.522897  0.443126  0.290116  0.255089  0.240031  0.761407  0.342549  0.395293  0.391271  0.442459  0.461523  0.443735  0.303748  0.427570  0.215352  0.301547  0.604997  0.431387  0.502840  0.521732  0.271450  0.164951  0.557232  0.285470  0.370631  0.368440  0.387568  0.503595  0.356524  0.807936  0.357481  1.000000  0.228163  0.533125  0.451987  0.242188  0.176716  0.831595  0.545186  0.478581  0.399568  0.311408 0.0  0.357757  0.186260  0.256357  0.413248  0.833170  0.246304  0.435654  0.242705  0.520560  0.499440  0.818578  0.204902  0.428766  0.454267  0.486347  0.395588  0.549447  0.459864  0.337309  0.275053  0.429702  0.095165  0.318528  0.190583  0.600845  0.681214  0.317046  0.296728  0.563579 
44  0.423746  0.029973  0.474910  0.296952  0.314555  0.256875  0.647349  0.134125  0.032904  0.067549  0.071074  0.049334  0.224528  0.427767  0.331715  0.440743  0.056373  0.387773  0.110521  0.000000  0.081464  0.327845  0.360421  0.494652  0.167027  0.206846  0.145426  0.178081  0.186496  0.185956  0.685867  0.151093  0.455268  0.329249  0.062737  0.000000  0.261581  0.358280  0.499899  0.049075  0.055907  0.203797  0.354388  0.357757 0.0  0.302926  0.266538  0.310783  0.567593  0.442868  0.096154  0.044940  0.075765  0.100795  0.507445  0.288822  0.102032  0.062210  0.173389  0.167576  0.038840  0.190033  0.134487  0.128227  0.093656  0.478563  0.122184  0.298221  0.648181  0.355266  0.196787  0.359089  0.000000 
45  0.394294  0.407043  0.483417  0.330433  0.249805  0.263396  0.808541  0.350151  0.660937  0.290235  0.523813  0.554656  0.273799  0.337984  0.287323  0.185810  0.285559  0.630803  0.475768  0.430812  0.506606  0.369037  0.188188  0.530726  0.277882  0.396190  0.573328  0.385587  0.490010  0.397861  0.683779  0.360172  0.883481  0.156567  0.602423  0.547215  0.061206  0.214581  0.807880  0.423919  0.357590  0.421170  0.348079  0.186260  0.302926 0.0  0.245174  0.337947  0.623477  0.171434  0.414692  0.409928  0.562338  0.427047  0.764121  0.164186  0.480305  0.567265  0.551589  0.398861  0.413126  0.585726  0.257308  0.385425  0.607959  0.135698  0.434123  0.156962  0.794198  0.742108  0.295257  0.347523  0.399738 
46  0.301330  0.295762  0.593467  0.285873  0.367685  0.157770  0.667961  0.305829  0.261344  0.244073  0.296351  0.206242  0.295266  0.354037  0.268211  0.254259  0.333106  0.493742  0.315828  0.245920  0.333975  0.278832  0.207713  0.518770  0.318795  0.223487  0.299850  0.205798  0.269120  0.176343  0.655998  0.271697  0.727048  0.386979  0.258061  0.354642  0.246902  0.236659  0.789614  0.273286  0.320540  0.332492  0.191064  0.256357  0.266538  0.245174 0.0  0.400115  0.706186  0.399113  0.235202  0.288064  0.318219  0.277070  0.687550  0.251671  0.257367  0.152554  0.275490  0.228625  0.414561  0.328923  0.271531  0.242864  0.230515  0.233229  0.281139  0.267325  0.714811  0.508542  0.235092  0.244844  0.342198 
47  0.287226  0.322181  0.550574  0.328729  0.213890  0.271031  0.755411  0.440107  0.357645  0.406771  0.276639  0.294904  0.442993  0.195973  0.320923  0.329981  0.280272  0.561714  0.371900  0.381947  0.323385  0.036358  0.358229  0.468429  0.406467  0.428653  0.325084  0.401318  0.458024  0.445843  0.729806  0.546128  0.779063  0.391037  0.347777  0.198353  0.391037  0.239158  0.957951  0.295988  0.336887  0.442395  0.221103  0.413248  0.310783  0.337947  0.400115 0.0  0.790342  0.333424  0.342921  0.307102  0.431108  0.437516  0.730152  0.325008  0.410620  0.405196  0.405873  0.334629  0.285518  0.349225  0.311681  0.362993  0.263504  0.367633  0.321272  0.444831  0.646272  0.514266  0.355671  0.258915  0.229345 
48  0.724552  0.472573  0.400904  0.727358  0.763054  0.721773  0.173386  0.448233  0.432558  0.475580  0.453649  0.482249  0.479782  0.759033  0.673816  0.860822  0.712101  0.501756  0.433614  0.475631  0.482073  0.975395  0.700290  0.372513  0.520275  0.469726  0.538651  0.517744  0.539211  0.508740  0.000000  0.607408  0.397990  0.807280  0.430437  0.513432  0.755946  0.726306  0.132646  0.498460  0.409515  0.413270  0.847748  0.833170  0.567593  0.623477  0.706186  0.790342 0.0  0.829907  0.625318  0.617038  0.489864  0.592556  0.462994  0.766916  0.449912  0.443921  0.523962  0.507951  0.599869  0.415521  0.607155  0.522565  0.484379  0.878045  0.653060  0.834932  0.715898  0.241462  0.487584  0.713524  0.490428 
49  0.481545  0.443560  0.381011  0.281017  0.277586  0.298573  0.757122  0.388368  0.542938  0.249172  0.464918  0.470666  0.429900  0.353570  0.234230  0.197969  0.382591  0.440491  0.430191  0.493833  0.519435  0.410288  0.193255  0.509230  0.376916  0.288162  0.386354  0.413306  0.459969  0.430069  0.809473  0.402724  0.947123  0.309925  0.418765  0.492256  0.183435  0.306864  0.840697  0.398916  0.580572  0.225028  0.319100  0.246304  0.442868  0.171434  0.399113  0.333424  0.829907 0.0  0.443501  0.381642  0.482939  0.445451  0.808874  0.233544  0.525400  0.585983  0.478814  0.330428  0.376011  0.370234  0.272912  0.256149  0.481292  0.116213  0.455674  0.167203  0.669996  0.692938  0.413145  0.330309  0.529780 
50  0.398762  0.071917  0.499694  0.250164  0.199226  0.228610  0.494032  0.127436  0.169180  0.044133  0.051841  0.133517  0.090809  0.410127  0.317199  0.349219  0.273676  0.451676  0.044682  0.092631  0.130979  0.379810  0.377946  0.518649  0.000000  0.000000  0.225697  0.135113  0.139690  0.164665  0.529056  0.088808  0.566567  0.399746  0.099242  0.034838  0.410929  0.232489  0.577753  0.052390  0.139369  0.182912  0.447555  0.435654  0.096154  0.414692  0.235202  0.342921  0.625318  0.443501 0.0  0.211089  0.114766  0.187821  0.424761  0.422347  0.000000  0.083890  0.153612  0.000000  0.000000  0.089120  0.239915  0.089284  0.000000  0.599331  0.134705  0.533894  0.725869  0.428840  0.122757  0.301469  0.141993 
51  0.293379  0.000000  0.513685  0.272683  0.350227  0.162816  0.505791  0.007396  0.007685  0.048337  0.141812  0.075166  0.063754  0.349887  0.312780  0.263649  0.205053  0.481914  0.012067  0.000000  0.073828  0.518646  0.433569  0.532518  0.071068  0.000000  0.035791  0.189162  0.186898  0.199521  0.542657  0.027040  0.529403  0.387469  0.011417  0.083663  0.272067  0.173626  0.524661  0.158985  0.054626  0.154567  0.357964  0.242705  0.044940  0.409928  0.288064  0.307102  0.617038  0.381642  0.211089 0.0  0.083210  0.099136  0.489699  0.313846  0.092866  0.060862  0.009316  0.073340  0.104478  0.209929  0.163246  0.172478  0.000000  0.328190  0.167117  0.468260  0.623433  0.305737  0.084402  0.364564  0.008919 
52  0.398922  0.194076  0.416229  0.312604  0.303276  0.236442  0.514797  0.012875  0.114402  0.128654  0.244705  0.317699  0.045026  0.294401  0.340345  0.341432  0.091343  0.521943  0.277658  0.233706  0.287511  0.305229  0.469801  0.459518  0.183133  0.031813  0.162260  0.075309  0.208983  0.102299  0.550553  0.098598  0.614352  0.345100  0.153398  0.161858  0.483492  0.212137  0.567321  0.194158  0.293953  0.061474  0.375873  0.520560  0.075765  0.562338  0.318219  0.431108  0.489864  0.482939  0.114766  0.083210 0.0  0.102140  0.516606  0.366685  0.198711  0.219469  0.104478  0.065868  0.212318  0.174941  0.088143  0.045750  0.215525  0.389687  0.182107  0.413938  0.750343  0.455967  0.098100  0.255973  0.137617 
53  0.391720  0.042775  0.464626  0.120917  0.335258  0.307351  0.481171  0.108033  0.140532  0.101615  0.173396  0.179226  0.070173  0.513128  0.259335  0.538400  0.083039  0.686363  0.159644  0.198842  0.105478  0.441283  0.444974  0.492224  0.066374  0.180845  0.227954  0.211461  0.016821  0.128581  0.524059  0.133978  0.606416  0.420301  0.244214  0.000000  0.506825  0.226930  0.556578  0.228086  0.143913  0.141430  0.454709  0.499440  0.100795  0.427047  0.277070  0.437516  0.592556  0.445451  0.187821  0.099136  0.102140 0.0  0.559405  0.327286  0.136265  0.189605  0.154175  0.143621  0.122216  0.091739  0.129470  0.110940  0.263121  0.358193  0.160212  0.325562  0.729462  0.296926  0.068535  0.246534  0.160482 
