73
0 0.0  0.611100  0.374089  0.058802  0.200457  0.042643  0.362023  0.284424  0.317401  0.246065  0.366327  0.242700  0.018624  0.126499  0.455736  0.660015  0.283927  0.084219  0.142963  0.199210  0.303176  0.174795  0.020320  0.085906  0.148749  0.207177  0.269081  0.049261  0.249238  0.441702  0.494508  0.072964  0.308268  0.523524  0.306790  0.336789  0.507464  0.181264  0.273697  0.348350  0.315941  0.130108  0.393066  0.077592  0.248656  0.375028  0.327786  0.198227  0.154923  0.231976  0.012237  0.286094  0.156915  0.433661  0.038118  0.085512  0.570775  0.000000  0.137445  0.168829  0.184312  0.334231  0.138451  0.244263  0.135963  0.253301  0.108168  0.248059  0.401605  0.490329  0.378194  0.011179  0.030804 
1  0.611100 0.0  0.474319  0.529846  0.537082  0.477511  0.741392  0.755402  0.821698  0.480419  0.808176  0.645232  0.474460  0.550184  0.783683  0.561404  0.659619  0.593169  0.705095  0.524111  0.834215  0.507844  0.500751  0.523218  0.506834  0.582994  0.815858  0.609332  0.771681  0.054036  0.104808  0.485158  0.797628  0.115338  0.308982  0.934680  0.557953  0.439494  0.834507  0.762373  0.544241  0.603987  0.781168  0.558664  0.885434  0.796312  0.654132  0.550616  0.550340  0.637709  0.582214  0.571739  0.552208  0.488723  0.610113  0.504158  0.493918  0.480853  0.433572  0.583564  0.546858  0.786862  0.535835  0.702022  0.504791  0.568498  0.438022  0.641975  0.706917  0.913910  0.616931  0.445319  0.450237 
2  0.374089  0.474319 0.0  0.427709  0.511965  0.492423  0.483278  0.422409  0.504758  0.434591  0.389915  0.384145  0.493300  0.408963  0.486351  0.536716  0.462890  0.432962  0.513912  0.541065  0.432989  0.440938  0.510507  0.583284  0.446788  0.480669  0.492409  0.427692  0.430615  0.511552  0.552167  0.445176  0.381139  0.442699  0.461217  0.468580  0.508917  0.510769  0.442915  0.470550  0.387568  0.507744  0.496840  0.449013  0.415243  0.430224  0.384359  0.574006  0.450652  0.386217  0.559804  0.527048  0.507729  0.581147  0.496411  0.488478  0.400654  0.530184  0.411686  0.457517  0.583772  0.445911  0.412200  0.539623  0.415849  0.445746  0.533838  0.427731  0.426715  0.421757  0.475426  0.476566  0.403014 
3  0.058802  0.529846  0.427709 0.0  0.149644  0.029270  0.370107  0.314433  0.279491  0.116131  0.348267  0.287373  0.072866  0.119021  0.334545  0.418513  0.260739  0.105245  0.300174  0.043689  0.314300  0.100106  0.078925  0.184794  0.159698  0.143655  0.471717  0.209195  0.356873  0.589850  0.492730  0.000000  0.282791  0.486731  0.359238  0.437872  0.469913  0.174526  0.429664  0.378954  0.063560  0.152944  0.264449  0.081103  0.384822  0.250269  0.130502  0.025877  0.031149  0.234496  0.065934  0.235992  0.056778  0.464134  0.236515  0.214443  0.455306  0.060408  0.044857  0.145179  0.029005  0.364461  0.113571  0.316310  0.089901  0.165095  0.000000  0.242466  0.382983  0.305997  0.214324  0.028110  0.082964 
4  0.200457  0.537082  0.511965  0.149644 0.0  0.023197  0.452978  0.347642  0.414078  0.227580  0.310916  0.367370  0.182031  0.060345  0.311987  0.564147  0.275764  0.141595  0.229008  0.162899  0.497418  0.188579  0.000000  0.141942  0.162803  0.242922  0.231294  0.042074  0.282535  0.491216  0.487466  0.044379  0.393866  0.532847  0.354949  0.354656  0.417168  0.118890  0.343965  0.354808  0.231111  0.235120  0.277412  0.089046  0.380151  0.271986  0.188415  0.027694  0.196419  0.231938  0.111031  0.263577  0.182826  0.536696  0.107910  0.105186  0.488257  0.091557  0.088793  0.210581  0.172073  0.441072  0.094022  0.358505  0.077208  0.110188  0.090656  0.317124  0.392734  0.488646  0.317321  0.043934  0.061368 
5  0.042643  0.477511  0.492423  0.029270  0.023197 0.0  0.377540  0.403216  0.457915  0.106639  0.530541  0.227661  0.180497  0.161906  0.482040  0.451697  0.198194  0.112842  0.313895  0.027185  0.428932  0.244031  0.061356  0.130691  0.045022  0.037427  0.413883  0.000000  0.372496  0.421292  0.548978  0.272472  0.471139  0.631569  0.392573  0.350844  0.596240  0.172403  0.381383  0.318096  0.068739  0.078043  0.167431  0.074457  0.214388  0.490333  0.303783  0.171835  0.136872  0.216238  0.111802  0.194831  0.000000  0.519182  0.044938  0.000000  0.412103  0.189171  0.168319  0.093246  0.000000  0.444604  0.093200  0.204327  0.256468  0.025659  0.149245  0.280694  0.446663  0.403726  0.252311  0.145069  0.239058 
6  0.362023  0.741392  0.483278  0.370107  0.452978  0.377540 0.0  0.437818  0.126506  0.356941  0.143278  0.317720  0.358358  0.385316  0.217474  0.762366  0.266733  0.330051  0.304623  0.349396  0.015026  0.413546  0.343717  0.326767  0.423601  0.467356  0.094792  0.357703  0.171729  0.825208  0.734062  0.435796  0.147929  0.799231  0.509526  0.376601  0.702485  0.403192  0.118296  0.316746  0.493732  0.371091  0.430744  0.440388  0.427662  0.142867  0.213751  0.338918  0.433351  0.234144  0.485419  0.266850  0.375191  0.703391  0.332847  0.265197  0.524341  0.352157  0.339677  0.468994  0.458893  0.137085  0.358074  0.171463  0.355257  0.379780  0.340527  0.223705  0.036186  0.135641  0.240121  0.416307  0.426090 
7  0.284424  0.755402  0.422409  0.314433  0.347642  0.403216  0.437818 0.0  0.286106  0.303183  0.255830  0.221416  0.207456  0.309399  0.124218  0.808410  0.316798  0.438738  0.240129  0.329626  0.408953  0.376924  0.263584  0.402094  0.471974  0.358437  0.284005  0.340232  0.302368  0.733927  0.713717  0.314693  0.220578  0.698256  0.609845  0.049482  0.737808  0.356512  0.393356  0.138936  0.225817  0.277536  0.327702  0.317844  0.215889  0.381544  0.217676  0.361499  0.342210  0.241278  0.307960  0.236655  0.294729  0.768163  0.330687  0.327772  0.443725  0.296821  0.293705  0.512117  0.333803  0.205537  0.354697  0.282732  0.434966  0.421803  0.328892  0.321855  0.403775  0.378923  0.260352  0.319092  0.306600 
8  0.317401  0.821698  0.504758  0.279491  0.414078  0.457915  0.126506  0.286106 0.0  0.363162  0.169517  0.303324  0.498937  0.340186  0.297716  0.709655  0.214332  0.292367  0.283964  0.323936  0.207012  0.347882  0.406825  0.368465  0.429603  0.290506  0.168894  0.281540  0.222958  0.686614  0.814336  0.466243  0.186666  0.802222  0.626284  0.377507  0.781392  0.477139  0.175037  0.298199  0.420134  0.427672  0.287144  0.310836  0.284679  0.224030  0.244056  0.506384  0.316683  0.242680  0.477056  0.160113  0.403325  0.797755  0.314758  0.341349  0.326701  0.370359  0.410686  0.380392  0.323625  0.170035  0.495980  0.363385  0.385890  0.445897  0.518939  0.234083  0.119289  0.012539  0.285812  0.458552  0.546448 
9  0.246065  0.480419  0.434591  0.116131  0.227580  0.106639  0.356941  0.303183  0.363162 0.0  0.291809  0.241215  0.070653  0.115972  0.410995  0.522034  0.125914  0.143442  0.219351  0.198881  0.322391  0.148627  0.029637  0.092547  0.181671  0.258125  0.346326  0.114312  0.338345  0.470278  0.391107  0.000000  0.164887  0.454165  0.392435  0.438555  0.380554  0.119636  0.381722  0.336749  0.201205  0.206261  0.340447  0.044436  0.343204  0.374234  0.222609  0.131046  0.197088  0.213554  0.083146  0.250702  0.226055  0.485315  0.131736  0.024572  0.398300  0.000000  0.190520  0.123339  0.189385  0.391263  0.011724  0.303311  0.115951  0.054229  0.127482  0.253146  0.364517  0.380593  0.257693  0.123125  0.023731 
10  0.366327  0.808176  0.389915  0.348267  0.310916  0.530541  0.143278  0.255830  0.169517  0.291809 0.0  0.291974  0.387241  0.340749  0.434948  0.658485  0.264024  0.427745  0.221701  0.378040  0.192608  0.479964  0.281603  0.412587  0.378345  0.351097  0.176596  0.349227  0.151207  0.712679  0.850202  0.366043  0.121782  0.896908  0.525120  0.327331  0.888206  0.456196  0.138718  0.223866  0.262667  0.311628  0.330190  0.301683  0.263867  0.293250  0.309175  0.517816  0.350861  0.271774  0.588588  0.111015  0.253577  0.888726  0.396651  0.312247  0.392461  0.510313  0.438333  0.437012  0.230075  0.156124  0.456028  0.144566  0.431737  0.290466  0.514402  0.256918  0.028383  0.000000  0.258913  0.431105  0.445868 
11  0.242700  0.645232  0.384145  0.287373  0.367370  0.227661  0.317720  0.221416  0.303324  0.241215  0.291974 0.0  0.325342  0.272187  0.217497  0.561539  0.353384  0.194767  0.307744  0.287244  0.286145  0.295149  0.228675  0.235188  0.223555  0.238402  0.096208  0.191963  0.286737  0.629635  0.676320  0.255130  0.320630  0.709155  0.440847  0.190970  0.706735  0.287887  0.162567  0.209596  0.158831  0.267394  0.236340  0.246890  0.189341  0.274320  0.289246  0.237891  0.254151  0.245160  0.255374  0.283378  0.249238  0.667651  0.263971  0.226731  0.520473  0.219095  0.350978  0.212695  0.268207  0.374288  0.207781  0.256015  0.229906  0.201360  0.225851  0.242327  0.295318  0.321973  0.232597  0.239298  0.243213 
12  0.018624  0.474460  0.493300  0.072866  0.182031  0.180497  0.358358  0.207456  0.498937  0.070653  0.387241  0.325342 0.0  0.000000  0.360004  0.402451  0.332478  0.062449  0.320119  0.205936  0.457159  0.175279  0.023933  0.058156  0.135986  0.061063  0.434456  0.099893  0.425628  0.375154  0.532652  0.211139  0.435950  0.635865  0.303937  0.463260  0.622993  0.239286  0.378822  0.279610  0.000000  0.064105  0.256825  0.037701  0.190250  0.370385  0.312673  0.158319  0.114195  0.304457  0.208451  0.245768  0.070424  0.518453  0.087317  0.001403  0.339094  0.214003  0.241133  0.177574  0.058013  0.512204  0.259633  0.240789  0.230137  0.161137  0.096896  0.321753  0.443511  0.341883  0.252610  0.200507  0.209650 
13  0.126499  0.550184  0.408963  0.119021  0.060345  0.161906  0.385316  0.309399  0.340186  0.115972  0.340749  0.272187  0.000000 0.0  0.448092  0.514387  0.341506  0.060855  0.201202  0.041447  0.400944  0.104703  0.161821  0.067427  0.135334  0.044821  0.369117  0.127468  0.337903  0.629727  0.490901  0.053684  0.292618  0.479038  0.268757  0.408364  0.421713  0.000000  0.375146  0.350437  0.231971  0.000000  0.307062  0.112296  0.365164  0.257888  0.235234  0.161202  0.114190  0.223876  0.099302  0.199591  0.048168  0.535158  0.104075  0.151013  0.489653  0.046200  0.059561  0.178350  0.000000  0.322121  0.098593  0.257186  0.118510  0.181824  0.125305  0.224958  0.401387  0.209893  0.262752  0.041627  0.016326 
14  0.455736  0.783683  0.486351  0.334545  0.311987  0.482040  0.217474  0.124218  0.297716  0.410995  0.434948  0.217497  0.360004  0.448092 0.0  0.786705  0.303614  0.292675  0.260381  0.488697  0.401891  0.443447  0.315531  0.476416  0.358834  0.372599  0.367674  0.275484  0.394423  0.740211  0.753236  0.370228  0.471329  0.755106  0.592238  0.051136  0.814852  0.371843  0.415780  0.219614  0.412817  0.411154  0.111869  0.364498  0.130612  0.372488  0.246764  0.362879  0.515649  0.250416  0.402827  0.319321  0.376226  0.858133  0.404276  0.408332  0.429263  0.395839  0.388429  0.397433  0.387248  0.373005  0.353531  0.238877  0.397070  0.492442  0.386874  0.264266  0.380507  0.540709  0.354919  0.442082  0.370245 
15  0.660015  0.561404  0.536716  0.418513  0.564147  0.451697  0.762366  0.808410  0.709655  0.522034  0.658485  0.561539  0.402451  0.514387  0.786705 0.0  0.531266  0.524846  0.653417  0.636689  0.732262  0.581681  0.408443  0.534187  0.542556  0.533411  0.665423  0.450554  0.670973  0.486571  0.345183  0.415189  0.734321  0.410064  0.362180  0.768775  0.024879  0.501449  0.685130  0.758060  0.606535  0.584846  0.647888  0.363635  0.684237  0.738637  0.621373  0.434845  0.594488  0.616630  0.430526  0.673527  0.584725  0.181033  0.474640  0.426596  0.414570  0.416767  0.439276  0.506413  0.563485  0.754082  0.439168  0.710743  0.406306  0.403685  0.411090  0.616542  0.729091  0.816868  0.718533  0.440608  0.421255 
16  0.283927  0.659619  0.462890  0.260739  0.275764  0.198194  0.266733  0.316798  0.214332  0.125914  0.264024  0.353384  0.332478  0.341506  0.303614  0.531266 0.0  0.370845  0.333407  0.253784  0.290180  0.275480  0.272209  0.308006  0.340681  0.266916  0.287865  0.254959  0.304183  0.667170  0.528237  0.337387  0.366393  0.656436  0.473425  0.286933  0.779967  0.173821  0.292142  0.221862  0.225598  0.201436  0.211344  0.311932  0.316422  0.179594  0.256567  0.246486  0.219663  0.330081  0.170863  0.149119  0.253889  0.680111  0.313735  0.261552  0.508929  0.325130  0.264720  0.256801  0.201703  0.183314  0.296349  0.385222  0.326172  0.160434  0.205600  0.267115  0.189678  0.298753  0.308370  0.292360  0.222782 
17  0.084219  0.593169  0.432962  0.105245  0.141595  0.112842  0.330051  0.438738  0.292367  0.143442  0.427745  0.194767  0.062449  0.060855  0.292675  0.524846  0.370845 0.0  0.245664  0.160261  0.472944  0.135623  0.130534  0.119273  0.068623  0.062074  0.329440  0.236257  0.381147  0.534027  0.486118  0.124937  0.429612  0.613518  0.390367  0.420513  0.542768  0.087624  0.407718  0.353644  0.097432  0.254043  0.331864  0.074135  0.400115  0.430725  0.266272  0.175942  0.175256  0.174680  0.065179  0.261378  0.148801  0.524183  0.174392  0.125273  0.441258  0.194010  0.177650  0.237619  0.162505  0.312364  0.133948  0.284567  0.071590  0.034610  0.149626  0.258765  0.405421  0.359641  0.274783  0.173953  0.079289 
18  0.142963  0.705095  0.513912  0.300174  0.229008  0.313895  0.304623  0.240129  0.283964  0.219351  0.221701  0.307744  0.320119  0.201202  0.260381  0.653417  0.333407  0.245664 0.0  0.167855  0.182774  0.280751  0.231927  0.222776  0.180344  0.333159  0.304904  0.235384  0.240000  0.663926  0.697029  0.354943  0.239065  0.548599  0.401486  0.187258  0.592877  0.268486  0.282356  0.285508  0.241522  0.241800  0.231188  0.191962  0.355369  0.185225  0.352625  0.205829  0.340027  0.239681  0.253817  0.327101  0.208881  0.700473  0.310181  0.378196  0.498015  0.154466  0.331364  0.249100  0.247676  0.097635  0.194923  0.309375  0.286103  0.227630  0.277925  0.342051  0.372751  0.251084  0.225112  0.268290  0.309386 
19  0.199210  0.524111  0.541065  0.043689  0.162899  0.027185  0.349396  0.329626  0.323936  0.198881  0.378040  0.287244  0.205936  0.041447  0.488697  0.636689  0.253784  0.160261  0.167855 0.0  0.348258  0.140446  0.024123  0.093732  0.170907  0.198991  0.245445  0.029089  0.327917  0.521314  0.459668  0.029815  0.345617  0.358647  0.369214  0.268843  0.495304  0.095725  0.271483  0.310103  0.261619  0.156000  0.260856  0.063979  0.305234  0.371039  0.323703  0.038318  0.158886  0.228238  0.042397  0.272419  0.163939  0.520478  0.127472  0.000000  0.406205  0.128884  0.151048  0.031406  0.272121  0.349249  0.019533  0.162681  0.094764  0.097563  0.000000  0.254886  0.424650  0.494950  0.157331  0.024763  0.037341 
20  0.303176  0.834215  0.432989  0.314300  0.497418  0.428932  0.015026  0.408953  0.207012  0.322391  0.192608  0.286145  0.457159  0.400944  0.401891  0.732262  0.290180  0.472944  0.182774  0.348258 0.0  0.401122  0.351254  0.328873  0.383465  0.339676  0.105560  0.358387  0.229544  0.749098  0.881648  0.468652  0.199350  0.897122  0.544669  0.246998  0.923588  0.454515  0.257951  0.298456  0.381670  0.250713  0.330179  0.346070  0.282952  0.169788  0.325004  0.433741  0.350406  0.276190  0.459361  0.278550  0.370448  0.838135  0.258025  0.159279  0.486303  0.489685  0.390664  0.431286  0.391652  0.273565  0.432361  0.127911  0.481294  0.386650  0.366357  0.278708  0.104422  0.068049  0.302031  0.472310  0.421630 
21  0.174795  0.507844  0.440938  0.100106  0.188579  0.244031  0.413546  0.376924  0.347882  0.148627  0.479964  0.295149  0.175279  0.104703  0.443447  0.581681  0.275480  0.135623  0.280751  0.140446  0.401122 0.0  0.063054  0.170669  0.236144  0.195949  0.374249  0.255387  0.352004  0.512806  0.424847  0.133837  0.377269  0.511519  0.275116  0.376808  0.439338  0.068939  0.400877  0.397739  0.142229  0.171028  0.408248  0.065650  0.399994  0.383288  0.276295  0.135329  0.122169  0.255225  0.158759  0.263754  0.065814  0.500781  0.100109  0.212800  0.446552  0.143509  0.129530  0.049400  0.078800  0.356099  0.138693  0.295010  0.201873  0.233612  0.273707  0.158250  0.338748  0.383217  0.227266  0.168191  0.072825 
22  0.020320  0.500751  0.510507  0.078925  0.000000  0.061356  0.343717  0.263584  0.406825  0.029637  0.281603  0.228675  0.023933  0.161821  0.315531  0.408443  0.272209  0.130534  0.231927  0.024123  0.351254  0.063054 0.0  0.050730  0.036174  0.000000  0.199898  0.186205  0.297448  0.613803  0.511499  0.081931  0.403041  0.571059  0.337287  0.400170  0.347909  0.000000  0.250609  0.365792  0.000000  0.136126  0.321482  0.098884  0.324799  0.268452  0.253683  0.021465  0.143530  0.297935  0.158482  0.275485  0.117353  0.574653  0.232123  0.204256  0.422466  0.089137  0.070013  0.101638  0.001529  0.382728  0.056295  0.284916  0.167651  0.188115  0.037331  0.265485  0.384689  0.367238  0.247025  0.073321  0.091247 
23  0.085906  0.523218  0.583284  0.184794  0.141942  0.130691  0.326767  0.402094  0.368465  0.092547  0.412587  0.235188  0.058156  0.067427  0.476416  0.534187  0.308006  0.119273  0.222776  0.093732  0.328873  0.170669  0.050730 0.0  0.178796  0.066098  0.359876  0.130061  0.480490  0.613639  0.619511  0.184304  0.385654  0.440236  0.374506  0.333387  0.571881  0.316638  0.451754  0.474897  0.139612  0.086698  0.296488  0.218858  0.387441  0.496263  0.253123  0.185613  0.144116  0.432613  0.151872  0.253447  0.077011  0.491068  0.168195  0.135622  0.401529  0.156226  0.125989  0.210471  0.145316  0.377228  0.131052  0.218190  0.143695  0.176313  0.077573  0.216688  0.399355  0.326975  0.163474  0.140285  0.110166 
24  0.148749  0.506834  0.446788  0.159698  0.162803  0.045022  0.423601  0.471974  0.429603  0.181671  0.378345  0.223555  0.135986  0.135334  0.358834  0.542556  0.340681  0.068623  0.180344  0.170907  0.383465  0.236144  0.036174  0.178796 0.0  0.030959  0.349197  0.123184  0.516922  0.391659  0.535491  0.095854  0.435182  0.645294  0.415859  0.395675  0.484672  0.194752  0.434777  0.296689  0.210756  0.114321  0.279743  0.019477  0.318514  0.454277  0.333258  0.246344  0.079183  0.338392  0.238104  0.193632  0.060406  0.546404  0.129106  0.193659  0.478736  0.219472  0.232370  0.103655  0.073580  0.326574  0.095690  0.291118  0.059007  0.021549  0.189484  0.303421  0.394737  0.432059  0.234881  0.186765  0.061885 
25  0.207177  0.582994  0.480669  0.143655  0.242922  0.037427  0.467356  0.358437  0.290506  0.258125  0.351097  0.238402  0.061063  0.044821  0.372599  0.533411  0.266916  0.062074  0.333159  0.198991  0.339676  0.195949  0.000000  0.066098  0.030959 0.0  0.291461  0.073453  0.213004  0.314826  0.467318  0.164503  0.320075  0.457306  0.229271  0.292900  0.471072  0.110329  0.369533  0.330713  0.168568  0.204264  0.397239  0.040409  0.311678  0.287421  0.354437  0.062854  0.153600  0.253543  0.000000  0.221961  0.238869  0.495121  0.044882  0.037891  0.450488  0.000000  0.064033  0.224397  0.144698  0.328206  0.067485  0.241810  0.068974  0.106794  0.000000  0.238127  0.369651  0.453573  0.288160  0.057495  0.114137 
26  0.269081  0.815858  0.492409  0.471717  0.231294  0.413883  0.094792  0.284005  0.168894  0.346326  0.176596  0.096208  0.434456  0.369117  0.367674  0.665423  0.287865  0.329440  0.304904  0.245445  0.105560  0.374249  0.199898  0.359876  0.349197  0.291461 0.0  0.355928  0.186084  0.837536  0.769339  0.518335  0.174641  0.715827  0.519208  0.351286  0.765237  0.483695  0.192914  0.375662  0.361435  0.407059  0.265593  0.309349  0.337638  0.187872  0.218387  0.505386  0.310250  0.143581  0.381143  0.307105  0.390270  0.813139  0.307330  0.349858  0.456146  0.441189  0.370096  0.397087  0.355664  0.283889  0.442820  0.219702  0.402584  0.396973  0.386909  0.296870  0.094899  0.100523  0.194847  0.480488  0.401609 
27  0.049261  0.609332  0.427692  0.209195  0.042074  0.000000  0.357703  0.340232  0.281540  0.114312  0.349227  0.191963  0.099893  0.127468  0.275484  0.450554  0.254959  0.236257  0.235384  0.029089  0.358387  0.255387  0.186205  0.130061  0.123184  0.073453  0.355928 0.0  0.297652  0.456526  0.439679  0.042332  0.326389  0.484009  0.351192  0.334570  0.399079  0.011281  0.322294  0.318583  0.104263  0.035005  0.355657  0.095793  0.280101  0.407619  0.304578  0.177337  0.000000  0.289703  0.142832  0.267284  0.000000  0.468119  0.119279  0.181596  0.386608  0.113480  0.085774  0.242281  0.148075  0.307679  0.217107  0.277662  0.000000  0.091655  0.051957  0.296641  0.432687  0.214695  0.239361  0.000000  0.079154 
28  0.249238  0.771681  0.430615  0.356873  0.282535  0.372496  0.171729  0.302368  0.222958  0.338345  0.151207  0.286737  0.425628  0.337903  0.394423  0.670973  0.304183  0.381147  0.240000  0.327917  0.229544  0.352004  0.297448  0.480490  0.516922  0.213004  0.186084  0.297652 0.0  0.783014  0.838794  0.430359  0.160224  0.934509  0.492640  0.172508  0.932039  0.471802  0.259155  0.365964  0.423608  0.435939  0.287912  0.431554  0.258541  0.163988  0.380201  0.471509  0.230282  0.247078  0.486845  0.272028  0.303115  0.937191  0.340840  0.356937  0.434612  0.504558  0.353887  0.367071  0.305592  0.026949  0.436641  0.164140  0.469053  0.332663  0.412215  0.304222  0.113296  0.080089  0.354764  0.481396  0.405371 
29  0.441702  0.054036  0.511552  0.589850  0.491216  0.421292  0.825208  0.733927  0.686614  0.470278  0.712679  0.629635  0.375154  0.629727  0.740211  0.486571  0.667170  0.534027  0.663926  0.521314  0.749098  0.512806  0.613803  0.613639  0.391659  0.314826  0.837536  0.456526  0.783014 0.0  0.072363  0.491753  0.731648  0.000000  0.380481  0.865082  0.401766  0.418497  0.678291  0.758222  0.478666  0.442335  0.784376  0.464336  0.663602  0.746533  0.731249  0.518367  0.499440  0.646549  0.612613  0.696025  0.397024  0.480641  0.660921  0.651073  0.495553  0.448367  0.453984  0.540867  0.448220  0.841245  0.508965  0.615280  0.439228  0.496961  0.511366  0.694298  0.844038  0.777914  0.657296  0.520255  0.405770 
30  0.494508  0.104808  0.552167  0.492730  0.487466  0.548978  0.734062  0.713717  0.814336  0.391107  0.850202  0.676320  0.532652  0.490901  0.753236  0.345183  0.528237  0.486118  0.697029  0.459668  0.881648  0.424847  0.511499  0.619511  0.535491  0.467318  0.769339  0.439679  0.838794  0.072363 0.0  0.523112  1.000000  0.249887  0.344668  0.716686  0.569370  0.550507  0.838963  0.761163  0.487795  0.412300  0.745863  0.490433  0.724075  0.759513  0.694629  0.662304  0.491403  0.642078  0.605931  0.562822  0.419480  0.554645  0.423793  0.475706  0.480980  0.632498  0.558916  0.466878  0.541441  0.828601  0.554970  0.589103  0.603465  0.619316  0.645818  0.731389  0.664876  0.832978  0.584364  0.588743  0.559620 
31  0.072964  0.485158  0.445176  0.000000  0.044379  0.272472  0.435796  0.314693  0.466243  0.000000  0.366043  0.255130  0.211139  0.053684  0.370228  0.415189  0.337387  0.124937  0.354943  0.029815  0.468652  0.133837  0.081931  0.184304  0.095854  0.164503  0.518335  0.042332  0.430359  0.491753  0.523112 0.0  0.361044  0.585505  0.347893  0.396837  0.566813  0.171318  0.292320  0.324299  0.053793  0.153943  0.325635  0.092803  0.304253  0.491740  0.301823  0.180789  0.109405  0.217183  0.214413  0.311635  0.082058  0.587667  0.126378  0.000000  0.375873  0.204809  0.207359  0.141031  0.157760  0.478443  0.156622  0.263100  0.267654  0.181485  0.224696  0.260723  0.368032  0.384968  0.319549  0.193551  0.162296 
32  0.308268  0.797628  0.381139  0.282791  0.393866  0.471139  0.147929  0.220578  0.186666  0.164887  0.121782  0.320630  0.435950  0.292618  0.471329  0.734321  0.366393  0.429612  0.239065  0.345617  0.199350  0.377269  0.403041  0.385654  0.435182  0.320075  0.174641  0.326389  0.160224  0.731648  1.000000  0.361044 0.0  0.769693  0.554060  0.292960  0.899165  0.524239  0.256671  0.332352  0.384677  0.341431  0.345105  0.292224  0.344428  0.190438  0.173377  0.413237  0.347237  0.255902  0.460447  0.299471  0.253332  0.957899  0.309896  0.259891  0.593399  0.473329  0.460020  0.321423  0.230832  0.302722  0.437699  0.209567  0.481409  0.365331  0.457833  0.148653  0.205631  0.083737  0.345764  0.391758  0.397272 
33  0.523524  0.115338  0.442699  0.486731  0.532847  0.631569  0.799231  0.698256  0.802222  0.454165  0.896908  0.709155  0.635865  0.479038  0.755106  0.410064  0.656436  0.613518  0.548599  0.358647  0.897122  0.511519  0.571059  0.440236  0.645294  0.457306  0.715827  0.484009  0.934509  0.000000  0.249887  0.585505  0.769693 0.0  0.410163  0.684047  0.573226  0.677680  0.906457  0.692256  0.474513  0.495343  0.732362  0.568029  0.748653  0.884592  0.637497  0.656723  0.589224  0.603697  0.523110  0.595041  0.522324  0.527814  0.545747  0.499292  0.350052  0.543152  0.577368  0.455675  0.488458  0.882587  0.611059  0.684839  0.582875  0.640801  0.701980  0.703054  0.797255  0.624845  0.708844  0.621342  0.535571 
34  0.306790  0.308982  0.461217  0.359238  0.354949  0.392573  0.509526  0.609845  0.626284  0.392435  0.525120  0.440847  0.303937  0.268757  0.592238  0.362180  0.473425  0.390367  0.401486  0.369214  0.544669  0.275116  0.337287  0.374506  0.415859  0.229271  0.519208  0.351192  0.492640  0.380481  0.344668  0.347893  0.554060  0.410163 0.0  0.559564  0.410793  0.410673  0.576835  0.521675  0.327106  0.318349  0.573031  0.379376  0.641595  0.633757  0.335629  0.261578  0.337618  0.441356  0.383588  0.404567  0.365170  0.334503  0.327602  0.291447  0.466642  0.317341  0.286960  0.267142  0.290277  0.578597  0.311708  0.429920  0.263621  0.273344  0.323711  0.597543  0.598134  0.548795  0.473423  0.337102  0.338483 
35  0.336789  0.934680  0.468580  0.437872  0.354656  0.350844  0.376601  0.049482  0.377507  0.438555  0.327331  0.190970  0.463260  0.408364  0.051136  0.768775  0.286933  0.420513  0.187258  0.268843  0.246998  0.376808  0.400170  0.333387  0.395675  0.292900  0.351286  0.334570  0.172508  0.865082  0.716686  0.396837  0.292960  0.684047  0.559564 0.0  0.740661  0.410626  0.232071  0.170222  0.384115  0.248849  0.169350  0.404127  0.000000  0.362021  0.183406  0.372874  0.312803  0.349460  0.243362  0.135973  0.400014  0.646962  0.485046  0.428036  0.459803  0.302697  0.477789  0.376231  0.255603  0.346119  0.357779  0.248331  0.331902  0.433530  0.312110  0.269970  0.446671  0.408382  0.205086  0.315877  0.306844 
36  0.507464  0.557953  0.508917  0.469913  0.417168  0.596240  0.702485  0.737808  0.781392  0.380554  0.888206  0.706735  0.622993  0.421713  0.814852  0.024879  0.779967  0.542768  0.592877  0.495304  0.923588  0.439338  0.347909  0.571881  0.484672  0.471072  0.765237  0.399079  0.932039  0.401766  0.569370  0.566813  0.899165  0.573226  0.410793  0.740661 0.0  0.601017  0.798951  0.708301  0.639509  0.528486  0.718988  0.466870  0.693482  0.877450  0.651606  0.577938  0.441469  0.681063  0.464167  0.747359  0.471624  0.217920  0.548376  0.515881  0.374941  0.624862  0.631315  0.592302  0.470661  0.857920  0.584271  0.707615  0.676879  0.400757  0.582485  0.636070  0.819953  0.660766  0.744228  0.521342  0.626486 
37  0.181264  0.439494  0.510769  0.174526  0.118890  0.172403  0.403192  0.356512  0.477139  0.119636  0.456196  0.287887  0.239286  0.000000  0.371843  0.501449  0.173821  0.087624  0.268486  0.095725  0.454515  0.068939  0.000000  0.316638  0.194752  0.110329  0.483695  0.011281  0.471802  0.418497  0.550507  0.171318  0.524239  0.677680  0.410673  0.410626  0.601017 0.0  0.487976  0.290958  0.000000  0.031003  0.275968  0.024312  0.423576  0.558362  0.287238  0.139096  0.096378  0.361216  0.233452  0.281146  0.029771  0.604871  0.025654  0.032894  0.430612  0.242010  0.196675  0.166312  0.133859  0.353002  0.320283  0.386639  0.252440  0.160575  0.178881  0.240131  0.359833  0.294272  0.226025  0.184584  0.139684 
38  0.273697  0.834507  0.442915  0.429664  0.343965  0.381383  0.118296  0.393356  0.175037  0.381722  0.138718  0.162567  0.378822  0.375146  0.415780  0.685130  0.292142  0.407718  0.282356  0.271483  0.257951  0.400877  0.250609  0.451754  0.434777  0.369533  0.192914  0.322294  0.259155  0.678291  0.838963  0.292320  0.256671  0.906457  0.576835  0.232071  0.798951  0.487976 0.0  0.383320  0.381268  0.300384  0.405288  0.289383  0.292566  0.165556  0.245916  0.405647  0.276448  0.258533  0.512804  0.389162  0.307375  0.786310  0.399170  0.412169  0.532408  0.468621  0.502261  0.369178  0.378841  0.182563  0.443240  0.161074  0.383354  0.369492  0.387228  0.266617  0.147831  0.073637  0.238411  0.352001  0.522961 
39  0.348350  0.762373  0.470550  0.378954  0.354808  0.318096  0.316746  0.138936  0.298199  0.336749  0.223866  0.209596  0.279610  0.350437  0.219614  0.758060  0.221862  0.353644  0.285508  0.310103  0.298456  0.397739  0.365792  0.474897  0.296689  0.330713  0.375662  0.318583  0.365964  0.758222  0.761163  0.324299  0.332352  0.692256  0.521675  0.170222  0.708301  0.290958  0.383320 0.0  0.312204  0.285893  0.128786  0.283889  0.220769  0.247897  0.303328  0.273699  0.277960  0.283050  0.340601  0.129643  0.302439  0.736585  0.206652  0.336933  0.360518  0.289985  0.303851  0.375611  0.351888  0.249517  0.303223  0.245033  0.320340  0.321736  0.420498  0.353390  0.430054  0.224987  0.218599  0.351179  0.327873 
40  0.315941  0.544241  0.387568  0.063560  0.231111  0.068739  0.493732  0.225817  0.420134  0.201205  0.262667  0.158831  0.000000  0.231971  0.412817  0.606535  0.225598  0.097432  0.241522  0.261619  0.381670  0.142229  0.000000  0.139612  0.210756  0.168568  0.361435  0.104263  0.423608  0.478666  0.487795  0.053793  0.384677  0.474513  0.327106  0.384115  0.639509  0.000000  0.381268  0.312204 0.0  0.161948  0.353079  0.117548  0.264057  0.355403  0.246684  0.052346  0.309196  0.270274  0.071496  0.278245  0.236878  0.378857  0.000000  0.000255  0.527763  0.069448  0.064902  0.104158  0.099396  0.404634  0.029531  0.339654  0.023268  0.083884  0.000262  0.284671  0.433079  0.485399  0.205694  0.112598  0.041041 
41  0.130108  0.603987  0.507744  0.152944  0.235120  0.078043  0.371091  0.277536  0.427672  0.206261  0.311628  0.267394  0.064105  0.000000  0.411154  0.584846  0.201436  0.254043  0.241800  0.156000  0.250713  0.171028  0.136126  0.086698  0.114321  0.204264  0.407059  0.035005  0.435939  0.442335  0.412300  0.153943  0.341431  0.495343  0.318349  0.248849  0.528486  0.031003  0.300384  0.285893  0.161948 0.0  0.341049  0.133066  0.422027  0.305280  0.253595  0.090708  0.235818  0.191681  0.117047  0.235193  0.230236  0.397466  0.063041  0.164545  0.507889  0.109578  0.140628  0.056370  0.171904  0.341400  0.000000  0.286772  0.135048  0.332027  0.050674  0.161519  0.364709  0.535637  0.198389  0.034487  0.012347 
42  0.393066  0.781168  0.496840  0.264449  0.277412  0.167431  0.430744  0.327702  0.287144  0.340447  0.330190  0.236340  0.256825  0.307062  0.111869  0.647888  0.211344  0.331864  0.231188  0.260856  0.330179  0.408248  0.321482  0.296488  0.279743  0.397239  0.265593  0.355657  0.287912  0.784376  0.745863  0.325635  0.345105  0.732362  0.573031  0.169350  0.718988  0.275968  0.405288  0.128786  0.353079  0.341049 0.0  0.347724  0.162484  0.358029  0.279047  0.316467  0.360397  0.268969  0.360693  0.200035  0.313180  0.814294  0.327670  0.263913  0.368532  0.332805  0.287755  0.350969  0.260355  0.265283  0.239578  0.263304  0.297818  0.426277  0.339137  0.168814  0.432735  0.293004  0.236020  0.345383  0.295249 
43  0.077592  0.558664  0.449013  0.081103  0.089046  0.074457  0.440388  0.317844  0.310836  0.044436  0.301683  0.246890  0.037701  0.112296  0.364498  0.363635  0.311932  0.074135  0.191962  0.063979  0.346070  0.065650  0.098884  0.218858  0.019477  0.040409  0.309349  0.095793  0.431554  0.464336  0.490433  0.092803  0.292224  0.568029  0.379376  0.404127  0.466870  0.024312  0.289383  0.283889  0.117548  0.133066  0.347724 0.0  0.336163  0.336533  0.302919  0.029419  0.111027  0.255201  0.000000  0.120209  0.081798  0.412068  0.091828  0.068013  0.449801  0.051088  0.131930  0.075717  0.171698  0.295737  0.023748  0.184269  0.000000  0.120932  0.050506  0.263531  0.403545  0.304962  0.219060  0.118967  0.142481 
44  0.248656  0.885434  0.415243  0.384822  0.380151  0.214388  0.427662  0.215889  0.284679  0.343204  0.263867  0.189341  0.190250  0.365164  0.130612  0.684237  0.316422  0.400115  0.355369  0.305234  0.282952  0.399994  0.324799  0.387441  0.318514  0.311678  0.337638  0.280101  0.258541  0.663602  0.724075  0.304253  0.344428  0.748653  0.641595  0.000000  0.693482  0.423576  0.292566  0.220769  0.264057  0.422027  0.162484  0.336163 0.0  0.309069  0.287221  0.196541  0.329190  0.201839  0.336146  0.217512  0.365428  0.727463  0.299974  0.299921  0.462454  0.390972  0.299023  0.335004  0.357933  0.281934  0.328834  0.266883  0.355486  0.317351  0.343283  0.207384  0.353136  0.367124  0.265436  0.230339  0.419811 
45  0.375028  0.796312  0.430224  0.250269  0.271986  0.490333  0.142867  0.381544  0.224030  0.374234  0.293250  0.274320  0.370385  0.257888  0.372488  0.738637  0.179594  0.430725  0.185225  0.371039  0.169788  0.383288  0.268452  0.496263  0.454277  0.287421  0.187872  0.407619  0.163988  0.746533  0.759513  0.491740  0.190438  0.884592  0.633757  0.362021  0.877450  0.558362  0.165556  0.247897  0.355403  0.305280  0.358029  0.336533  0.309069 0.0  0.322862  0.422499  0.218972  0.179728  0.428345  0.150469  0.328855  0.874129  0.376720  0.344075  0.389492  0.447377  0.415573  0.303131  0.216427  0.194003  0.383543  0.200886  0.380922  0.279928  0.456516  0.217785  0.184026  0.000000  0.258844  0.487527  0.517750 
46  0.327786  0.654132  0.384359  0.130502  0.188415  0.303783  0.213751  0.217676  0.244056  0.222609  0.309175  0.289246  0.312673  0.235234  0.246764  0.621373  0.256567  0.266272  0.352625  0.323703  0.325004  0.276295  0.253683  0.253123  0.333258  0.354437  0.218387  0.304578  0.380201  0.731249  0.694629  0.301823  0.173377  0.637497  0.335629  0.183406  0.651606  0.287238  0.245916  0.303328  0.246684  0.253595  0.279047  0.302919  0.287221  0.322862 0.0  0.238905  0.329752  0.295990  0.248280  0.277619  0.316475  0.585065  0.091831  0.284890  0.427630  0.385041  0.354129  0.195477  0.170293  0.208071  0.350803  0.248932  0.258931  0.323694  0.264902  0.396333  0.255500  0.242083  0.304979  0.294471  0.334308 
47  0.198227  0.550616  0.574006  0.025877  0.027694  0.171835  0.338918  0.361499  0.506384  0.131046  0.517816  0.237891  0.158319  0.161202  0.362879  0.434845  0.246486  0.175942  0.205829  0.038318  0.433741  0.135329  0.021465  0.185613  0.246344  0.062854  0.505386  0.177337  0.471509  0.518367  0.662304  0.180789  0.413237  0.656723  0.261578  0.372874  0.577938  0.139096  0.405647  0.273699  0.052346  0.090708  0.316467  0.029419  0.196541  0.422499  0.238905 0.0  0.018086  0.122842  0.103537  0.354518  0.111119  0.588889  0.142359  0.106697  0.433998  0.175465  0.177620  0.057220  0.111380  0.435318  0.111264  0.199178  0.211750  0.092484  0.229537  0.201714  0.375010  0.336725  0.228296  0.235890  0.255224 
48  0.154923  0.550340  0.450652  0.031149  0.196419  0.136872  0.433351  0.342210  0.316683  0.197088  0.350861  0.254151  0.114195  0.114190  0.515649  0.594488  0.219663  0.175256  0.340027  0.158886  0.350406  0.122169  0.143530  0.144116  0.079183  0.153600  0.310250  0.000000  0.230282  0.499440  0.491403  0.109405  0.347237  0.589224  0.337618  0.312803  0.441469  0.096378  0.276448  0.277960  0.309196  0.235818  0.360397  0.111027  0.329190  0.218972  0.329752  0.018086 0.0  0.264760  0.067051  0.268493  0.192724  0.526368  0.136298  0.090463  0.525365  0.074270  0.000000  0.186774  0.252241  0.273692  0.087776  0.305604  0.096423  0.035304  0.027282  0.307621  0.379757  0.471478  0.253729  0.028565  0.100564 
49  0.231976  0.637709  0.386217  0.234496  0.231938  0.216238  0.234144  0.241278  0.242680  0.213554  0.271774  0.245160  0.304457  0.223876  0.250416  0.616630  0.330081  0.174680  0.239681  0.228238  0.276190  0.255225  0.297935  0.432613  0.338392  0.253543  0.143581  0.289703  0.247078  0.646549  0.642078  0.217183  0.255902  0.603697  0.441356  0.349460  0.681063  0.361216  0.258533  0.283050  0.270274  0.191681  0.268969  0.255201  0.201839  0.179728  0.295990  0.122842  0.264760 0.0  0.197375  0.231391  0.277255  0.648189  0.304498  0.342408  0.596822  0.246562  0.192688  0.309747  0.217026  0.306224  0.151394  0.331215  0.250520  0.326259  0.226021  0.282657  0.274228  0.249646  0.266814  0.315922  0.215353 
50  0.012237  0.582214  0.559804  0.065934  0.111031  0.111802  0.485419  0.307960  0.477056  0.083146  0.588588  0.255374  0.208451  0.099302  0.402827  0.430526  0.170863  0.065179  0.253817  0.042397  0.459361  0.158759  0.158482  0.151872  0.238104  0.000000  0.381143  0.142832  0.486845  0.612613  0.605931  0.214413  0.460447  0.523110  0.383588  0.243362  0.464167  0.233452  0.512804  0.340601  0.071496  0.117047  0.360693  0.000000  0.336146  0.428345  0.248280  0.103537  0.067051  0.197375 0.0  0.170293  0.091509  0.613542  0.053333  0.149331  0.374099  0.176180  0.200484  0.123695  0.041516  0.548667  0.185946  0.193292  0.179013  0.189892  0.138245  0.263029  0.403586  0.292032  0.267308  0.184833  0.109434 
51  0.286094  0.571739  0.527048  0.235992  0.263577  0.194831  0.266850  0.236655  0.160113  0.250702  0.111015  0.283378  0.245768  0.199591  0.319321  0.673527  0.149119  0.261378  0.327101  0.272419  0.278550  0.263754  0.275485  0.253447  0.193632  0.221961  0.307105  0.267284  0.272028  0.696025  0.562822  0.311635  0.299471  0.595041  0.404567  0.135973  0.747359  0.281146  0.389162  0.129643  0.278245  0.235193  0.200035  0.120209  0.217512  0.150469  0.277619  0.354518  0.268493  0.231391  0.170293 0.0  0.235334  0.526815  0.256814  0.180708  0.412000  0.300179  0.291484  0.184640  0.283440  0.319012  0.286843  0.185047  0.216744  0.362178  0.279197  0.383519  0.254601  0.236076  0.316469  0.259653  0.235676 
52  0.156915  0.552208  0.507729  0.056778  0.182826  0.000000  0.375191  0.294729  0.403325  0.226055  0.253577  0.249238  0.070424  0.048168  0.376226  0.584725  0.253889  0.148801  0.208881  0.163939  0.370448  0.065814  0.117353  0.077011  0.060406  0.238869  0.390270  0.000000  0.303115  0.397024  0.419480  0.082058  0.253332  0.522324  0.365170  0.400014  0.471624  0.029771  0.307375  0.302439  0.236878  0.230236  0.313180  0.081798  0.365428  0.328855  0.316475  0.111119  0.192724  0.277255  0.091509  0.235334 0.0  0.538010  0.042203  0.000000  0.543244  0.079461  0.054644  0.120740  0.134284  0.331693  0.092150  0.315291  0.175772  0.169700  0.102921  0.220782  0.372276  0.520817  0.339309  0.097997  0.000000 
53  0.433661  0.488723  0.581147  0.464134  0.536696  0.519182  0.703391  0.768163  0.797755  0.485315  0.888726  0.667651  0.518453  0.535158  0.858133  0.181033  0.680111  0.524183  0.700473  0.520478  0.838135  0.500781  0.574653  0.491068  0.546404  0.495121  0.813139  0.468119  0.937191  0.480641  0.554645  0.587667  0.957899  0.527814  0.334503  0.646962  0.217920  0.604871  0.786310  0.736585  0.378857  0.397466  0.814294  0.412068  0.727463  0.874129  0.585065  0.588889  0.526368  0.648189  0.613542  0.526815  0.538010 0.0  0.505622  0.388036  0.547977  0.621609  0.644693  0.482628  0.452504  0.880930  0.620834  0.646493  0.637745  0.461625  0.680084  0.638505  0.886079  0.792822  0.643536  0.644760  0.579374 
