73
0 0.0  0.398265  0.032345  0.015174  0.000000  0.486722  0.554157  0.666675  0.258703  0.419117  0.432541  0.406664  0.052255  0.111713  0.426279  0.091026  0.235620  0.273457  0.482874  0.010571  0.409197  0.508792  0.165838  0.072316  0.500944  0.009464  0.240555  0.034792  0.478000  0.112778  0.478201  0.283471  0.353419  0.451660  0.273382  0.147195  0.065143  0.148146  0.105983  0.305431  0.482368  0.486417  0.488986  0.159703  0.235662  0.351955  0.012593  0.176333  0.552081  0.185720  0.136300  0.506465  0.056732  0.311731  0.511874  0.510483  0.451967  0.409292  0.067552  0.597268  0.294202  0.142713  0.354334  0.519852  0.507641  0.048499  0.039828  0.152755  0.222171  0.716318  0.169625  0.257788  0.251845 
1  0.398265 0.0  0.392870  0.359490  0.352236  0.093916  0.440762  0.794723  0.142330  0.191815  0.153989  0.218802  0.391731  0.478604  0.462479  0.381398  0.466329  0.279052  0.977268  0.328059  0.139015  0.874645  0.324525  0.504027  0.186243  0.238607  0.360332  0.382993  0.198136  0.397766  0.806239  0.310611  0.338287  0.110189  0.351331  0.580392  0.363291  0.449286  0.347423  0.344297  0.493768  0.800917  0.845521  0.578772  0.261224  0.206295  0.273583  0.492353  0.821935  0.154622  0.550990  0.151998  0.491963  0.503643  0.845661  0.858855  0.266012  0.044240  0.432818  0.745562  0.295035  0.407632  0.670761  0.159636  0.225994  0.419164  0.252438  0.325487  0.567967  0.752477  0.380264  0.453763  0.258339 
2  0.032345  0.392870 0.0  0.190200  0.090310  0.326854  0.519375  0.389087  0.282279  0.319236  0.390225  0.258458  0.084296  0.122746  0.521929  0.118895  0.020021  0.404848  0.472294  0.101678  0.352948  0.456660  0.280622  0.030421  0.364308  0.206212  0.107086  0.104196  0.439254  0.087784  0.674220  0.205607  0.290687  0.348341  0.357488  0.034549  0.206286  0.224718  0.108085  0.372252  0.415359  0.572864  0.609249  0.000000  0.168575  0.354521  0.035703  0.262885  0.684409  0.204787  0.189445  0.240884  0.000000  0.145537  0.392076  0.583107  0.279898  0.415324  0.227177  0.580307  0.310837  0.140781  0.369126  0.325357  0.382834  0.208285  0.091616  0.140668  0.110442  0.719999  0.185107  0.003292  0.244224 
3  0.015174  0.359490  0.190200 0.0  0.089354  0.515474  0.532215  0.597600  0.289082  0.413773  0.315682  0.242841  0.173487  0.150834  0.498511  0.206206  0.000000  0.211916  0.480578  0.214419  0.397677  0.505667  0.308268  0.113494  0.242450  0.156759  0.100563  0.000000  0.373589  0.000000  0.555431  0.230940  0.231323  0.356072  0.352147  0.111223  0.188741  0.087688  0.087534  0.243137  0.436802  0.654463  0.481027  0.000000  0.206326  0.370721  0.127284  0.141883  0.617135  0.319415  0.033413  0.317987  0.000000  0.054308  0.544549  0.455175  0.353148  0.564938  0.243800  0.526141  0.307578  0.000000  0.285009  0.392091  0.391083  0.047563  0.000000  0.094479  0.042873  0.691778  0.276126  0.058257  0.325514 
4  0.000000  0.352236  0.090310  0.089354 0.0  0.425862  0.552882  0.569126  0.202098  0.338462  0.260138  0.281847  0.187009  0.111993  0.446658  0.032656  0.034141  0.390118  0.475565  0.083481  0.289375  0.598008  0.218123  0.033118  0.322532  0.036753  0.156780  0.067867  0.310882  0.113419  0.479816  0.213704  0.330483  0.387818  0.349155  0.087039  0.000000  0.098402  0.083962  0.322994  0.381394  0.590761  0.636463  0.023980  0.354817  0.345252  0.210547  0.186775  0.447083  0.123506  0.066587  0.345977  0.037594  0.032182  0.601847  0.510416  0.410183  0.286722  0.043128  0.363640  0.326975  0.038762  0.296609  0.343494  0.323737  0.159914  0.278860  0.194404  0.000000  0.662477  0.146519  0.056675  0.300344 
5  0.486722  0.093916  0.326854  0.515474  0.425862 0.0  0.530078  0.787203  0.244601  0.284027  0.121817  0.223599  0.404216  0.418699  0.517768  0.419716  0.419887  0.328904  0.825958  0.461234  0.107103  0.861366  0.295007  0.345436  0.157679  0.313243  0.418726  0.447622  0.166029  0.333129  0.849966  0.369986  0.261714  0.211921  0.332990  0.579383  0.341213  0.417449  0.348619  0.380210  0.524478  0.749396  0.774684  0.456456  0.280088  0.219589  0.304730  0.344892  0.723104  0.441602  0.497463  0.199132  0.508082  0.419703  0.754799  0.976396  0.314386  0.020692  0.401705  0.847292  0.238694  0.525992  0.775190  0.262758  0.283319  0.362255  0.359522  0.247009  0.427684  0.689308  0.228619  0.424536  0.237097 
6  0.554157  0.440762  0.519375  0.532215  0.552882  0.530078 0.0  0.511576  0.407812  0.464048  0.444198  0.393070  0.455784  0.579649  0.413134  0.530394  0.460307  0.453161  0.433602  0.402552  0.409629  0.520798  0.349948  0.512015  0.493768  0.438531  0.539617  0.527739  0.483080  0.527195  0.539286  0.443660  0.434851  0.449786  0.399177  0.469883  0.426642  0.354384  0.599173  0.416020  0.448813  0.415455  0.478042  0.428787  0.474502  0.523751  0.481941  0.447263  0.546331  0.484960  0.532667  0.475235  0.493746  0.487524  0.457105  0.500498  0.398379  0.581638  0.332035  0.506080  0.545918  0.459761  0.484692  0.500969  0.534937  0.443559  0.446937  0.471511  0.424131  0.478071  0.398550  0.552027  0.491715 
7  0.666675  0.794723  0.389087  0.597600  0.569126  0.787203  0.511576 0.0  0.636451  0.882106  0.861730  0.740875  0.561299  0.584586  0.509941  0.529689  0.658194  0.777802  0.168628  0.538219  0.910636  0.669859  0.673686  0.563771  0.893564  0.442071  0.665319  0.494274  0.854302  0.558948  0.580793  0.735622  0.669906  0.891174  0.852150  0.687368  0.450170  0.581247  0.369280  0.777276  0.560592  0.520732  0.665342  0.708950  0.637852  0.801067  0.495059  0.491535  0.078119  0.456816  0.675588  0.972782  0.682898  0.670080  0.003169  0.205197  0.840486  0.639621  0.447791  0.127979  0.723167  0.623948  0.310474  0.966324  0.940478  0.445074  0.520594  0.439905  0.538373  0.593411  0.444215  0.619299  0.575972 
8  0.258703  0.142330  0.282279  0.289082  0.202098  0.244601  0.407812  0.636451 0.0  0.235394  0.299393  0.351327  0.254471  0.286461  0.420554  0.217129  0.298224  0.223477  0.795638  0.280000  0.248416  0.722934  0.369000  0.301893  0.219320  0.218728  0.300134  0.363888  0.232353  0.325398  0.741561  0.228262  0.246461  0.256889  0.252690  0.243611  0.343985  0.356997  0.284878  0.222645  0.488492  0.800417  0.752543  0.177420  0.324837  0.195150  0.319889  0.286760  0.716223  0.247697  0.359395  0.320219  0.204559  0.240905  0.746195  0.755478  0.251894  0.343778  0.193536  0.667886  0.262874  0.260805  0.478508  0.296029  0.254565  0.164702  0.170822  0.330787  0.291212  0.653587  0.248260  0.327043  0.361371 
9  0.419117  0.191815  0.319236  0.413773  0.338462  0.284027  0.464048  0.882106  0.235394 0.0  0.274192  0.301375  0.409878  0.415099  0.448570  0.352252  0.377817  0.231874  0.962727  0.459008  0.219985  0.931436  0.338154  0.433317  0.150498  0.379896  0.416431  0.344316  0.208908  0.437614  0.805272  0.271537  0.374983  0.189362  0.318917  0.354539  0.344076  0.361440  0.296311  0.308009  0.342887  0.810291  0.818195  0.553653  0.289125  0.098888  0.331632  0.388074  0.784901  0.392989  0.543490  0.134006  0.523107  0.514912  0.737730  0.895395  0.186480  0.161011  0.410770  0.822472  0.221495  0.505319  0.613384  0.181104  0.227001  0.294361  0.280298  0.249502  0.496674  0.777972  0.349660  0.449070  0.269086 
10  0.432541  0.153989  0.390225  0.315682  0.260138  0.121817  0.444198  0.861730  0.299393  0.274192 0.0  0.362165  0.383300  0.494919  0.526284  0.403695  0.400134  0.206831  0.960320  0.327291  0.179991  0.946235  0.333212  0.540377  0.086633  0.334208  0.435876  0.348254  0.152881  0.330508  0.811448  0.381611  0.255872  0.132325  0.249310  0.514346  0.442825  0.397449  0.226878  0.223928  0.423832  0.770331  0.797855  0.506060  0.232299  0.141935  0.331095  0.358274  0.790745  0.340457  0.555326  0.235658  0.395415  0.425008  0.667670  0.911014  0.172160  0.007207  0.504521  0.868623  0.237575  0.365298  0.688975  0.247614  0.122426  0.387410  0.294818  0.352989  0.373176  0.707803  0.267602  0.512660  0.312402 
11  0.406664  0.218802  0.258458  0.242841  0.281847  0.223599  0.393070  0.740875  0.351327  0.301375  0.362165 0.0  0.196622  0.277940  0.441626  0.262627  0.306410  0.264888  0.666581  0.335198  0.266861  0.649800  0.242571  0.267595  0.231041  0.113322  0.281614  0.319188  0.221593  0.268621  0.677222  0.328633  0.257580  0.300190  0.267326  0.240207  0.288570  0.138195  0.197186  0.384815  0.430397  0.679167  0.746213  0.287804  0.279452  0.374286  0.358466  0.350521  0.671253  0.299846  0.317339  0.310006  0.328418  0.274454  0.728916  0.645783  0.310936  0.250258  0.244479  0.729873  0.286404  0.299258  0.560264  0.267040  0.277050  0.298173  0.243997  0.164231  0.179690  0.801962  0.169195  0.176608  0.232753 
12  0.052255  0.391731  0.084296  0.173487  0.187009  0.404216  0.455784  0.561299  0.254471  0.409878  0.383300  0.196622 0.0  0.177338  0.430676  0.235470  0.218935  0.257134  0.637814  0.183010  0.415482  0.598319  0.145164  0.115385  0.484092  0.197545  0.178445  0.136859  0.400609  0.124053  0.511235  0.207629  0.422351  0.432952  0.376682  0.149882  0.133160  0.156910  0.148098  0.434805  0.508594  0.537934  0.555010  0.217278  0.234369  0.385029  0.125182  0.176281  0.576402  0.197586  0.112168  0.435740  0.057054  0.097419  0.476737  0.558100  0.348026  0.387286  0.039487  0.566706  0.330486  0.020781  0.300507  0.486470  0.413974  0.156674  0.056365  0.083937  0.186039  0.634540  0.158423  0.109182  0.191012 
13  0.111713  0.478604  0.122746  0.150834  0.111993  0.418699  0.579649  0.584586  0.286461  0.415099  0.494919  0.277940  0.177338 0.0  0.530755  0.087934  0.255950  0.234302  0.590509  0.034006  0.515205  0.633454  0.287892  0.057611  0.454767  0.131832  0.159072  0.046889  0.535942  0.114648  0.638690  0.261042  0.262918  0.530357  0.308723  0.277673  0.083533  0.224036  0.143837  0.408233  0.408521  0.488273  0.570704  0.184267  0.297516  0.486730  0.128278  0.109980  0.505357  0.126640  0.117409  0.517054  0.181681  0.178787  0.349907  0.712307  0.531781  0.349236  0.059483  0.516656  0.338168  0.139561  0.361316  0.414948  0.471201  0.047617  0.095780  0.000000  0.125609  0.765334  0.040434  0.215139  0.351903 
14  0.426279  0.462479  0.521929  0.498511  0.446658  0.517768  0.413134  0.509941  0.420554  0.448570  0.526284  0.441626  0.430676  0.530755 0.0  0.448021  0.467946  0.609580  0.585146  0.546911  0.449449  0.456581  0.408554  0.459646  0.506582  0.497975  0.434872  0.394101  0.486964  0.386192  0.563891  0.479699  0.543965  0.495620  0.453128  0.463404  0.566427  0.519968  0.605652  0.482144  0.562060  0.574851  0.462729  0.415412  0.458733  0.474258  0.525764  0.458951  0.448064  0.371978  0.512346  0.424240  0.428501  0.464728  0.459465  0.483514  0.473618  0.460879  0.432040  0.456979  0.468457  0.404716  0.479813  0.482256  0.452916  0.381371  0.504370  0.511796  0.496335  0.514604  0.482125  0.534055  0.502850 
15  0.091026  0.381398  0.118895  0.206206  0.032656  0.419716  0.530394  0.529689  0.217129  0.352252  0.403695  0.262627  0.235470  0.087934  0.448021 0.0  0.004456  0.167547  0.391390  0.161612  0.303217  0.463572  0.343140  0.207443  0.305116  0.208795  0.132237  0.139972  0.456866  0.151431  0.488618  0.288314  0.319931  0.313193  0.383409  0.036159  0.222816  0.145588  0.056698  0.385702  0.496519  0.606643  0.549011  0.067019  0.185507  0.378464  0.187949  0.088266  0.603889  0.260988  0.138712  0.308902  0.044981  0.075646  0.501464  0.454936  0.349219  0.571452  0.245410  0.505550  0.311473  0.027000  0.372624  0.289005  0.216966  0.100520  0.107163  0.070848  0.170361  0.680246  0.178525  0.136162  0.200463 
16  0.235620  0.466329  0.020021  0.000000  0.034141  0.419887  0.460307  0.658194  0.298224  0.377817  0.400134  0.306410  0.218935  0.255950  0.467946  0.004456 0.0  0.180069  0.632568  0.015953  0.449327  0.707095  0.270648  0.021035  0.469589  0.089944  0.057520  0.003246  0.507207  0.050705  0.441869  0.268501  0.202892  0.474611  0.401198  0.197307  0.016369  0.071336  0.058315  0.427910  0.445083  0.567396  0.644728  0.231890  0.285995  0.438963  0.228940  0.141916  0.447929  0.104113  0.204678  0.468259  0.168525  0.117483  0.374725  0.768519  0.358166  0.338391  0.108074  0.609794  0.280480  0.227869  0.360847  0.423908  0.467753  0.012272  0.042674  0.022882  0.117236  0.754749  0.031206  0.191073  0.279885 
17  0.273457  0.279052  0.404848  0.211916  0.390118  0.328904  0.453161  0.777802  0.223477  0.231874  0.206831  0.264888  0.257134  0.234302  0.609580  0.167547  0.180069 0.0  0.701471  0.313427  0.328541  0.739048  0.279096  0.202079  0.240544  0.302231  0.218794  0.248775  0.280643  0.313257  0.664387  0.341866  0.268484  0.262378  0.294140  0.232071  0.352934  0.281910  0.248243  0.324820  0.402409  0.620725  0.756889  0.162156  0.266207  0.275878  0.259498  0.230297  0.681807  0.370072  0.346492  0.254712  0.271090  0.265479  0.668222  0.671035  0.250595  0.253773  0.271781  0.713142  0.270452  0.302324  0.496503  0.299827  0.337727  0.303973  0.378341  0.279982  0.322851  0.724558  0.173707  0.307374  0.203270 
18  0.482874  0.977268  0.472294  0.480578  0.475565  0.825958  0.433602  0.168628  0.795638  0.962727  0.960320  0.666581  0.637814  0.590509  0.585146  0.391390  0.632568  0.701471 0.0  0.443388  0.860597  0.609246  0.680942  0.579651  0.977460  0.548536  0.626364  0.466859  0.908954  0.459152  0.551332  0.713585  0.713080  1.000000  0.748889  0.589186  0.514817  0.572321  0.431114  0.652911  0.550613  0.520182  0.630207  0.759654  0.724688  0.776861  0.497086  0.533037  0.151176  0.549451  0.662981  0.867979  0.635767  0.555970  0.053766  0.078620  0.959815  0.797212  0.499491  0.119767  0.714682  0.655270  0.397337  0.916491  0.967759  0.505678  0.483374  0.533473  0.574099  0.747126  0.494319  0.652710  0.704141 
19  0.010571  0.328059  0.101678  0.214419  0.083481  0.461234  0.402552  0.538219  0.280000  0.459008  0.327291  0.335198  0.183010  0.034006  0.546911  0.161612  0.015953  0.313427  0.443388 0.0  0.371675  0.441656  0.099083  0.095349  0.404534  0.270684  0.115933  0.000000  0.392635  0.007966  0.493563  0.372316  0.353238  0.426159  0.300547  0.000000  0.266385  0.180522  0.205299  0.412764  0.499013  0.640604  0.572719  0.056722  0.419990  0.417898  0.081377  0.303011  0.581193  0.251462  0.062742  0.324401  0.009775  0.063236  0.501728  0.493147  0.416730  0.419509  0.199774  0.499284  0.228099  0.042861  0.355440  0.405685  0.430620  0.098539  0.084769  0.047762  0.137711  0.614392  0.302492  0.012320  0.221399 
20  0.409197  0.139015  0.352948  0.397677  0.289375  0.107103  0.409629  0.910636  0.248416  0.219985  0.179991  0.266861  0.415482  0.515205  0.449449  0.303217  0.449327  0.328541  0.860597  0.371675 0.0  0.774439  0.229958  0.422907  0.237585  0.295536  0.561030  0.326105  0.139018  0.284343  0.780494  0.295129  0.441149  0.194062  0.362749  0.491901  0.257556  0.451894  0.343051  0.370899  0.487458  0.740913  0.861927  0.367762  0.255198  0.269515  0.278712  0.404535  0.756696  0.319756  0.530592  0.211293  0.469112  0.438542  0.667453  0.835639  0.258842  0.041777  0.321948  0.810394  0.324267  0.434416  0.661431  0.110636  0.057522  0.287358  0.351847  0.276690  0.373281  0.750070  0.522133  0.443984  0.278457 
21  0.508792  0.874645  0.456660  0.505667  0.598008  0.861366  0.520798  0.669859  0.722934  0.931436  0.946235  0.649800  0.598319  0.633454  0.456581  0.463572  0.707095  0.739048  0.609246  0.441656  0.774439 0.0  0.700595  0.515135  0.868121  0.577818  0.660437  0.395077  0.850993  0.470278  0.165802  0.709947  0.712827  0.825157  0.712840  0.631995  0.469601  0.506557  0.466149  0.823235  0.508652  0.111833  0.056425  0.633409  0.582932  0.840234  0.424552  0.630528  0.498956  0.522245  0.702418  0.763355  0.748409  0.556790  0.396453  0.668921  0.962859  0.757552  0.411366  0.507506  0.758857  0.655176  0.223248  0.897670  0.913662  0.363333  0.471043  0.439393  0.608644  0.265103  0.488398  0.648816  0.622816 
22  0.165838  0.324525  0.280622  0.308268  0.218123  0.295007  0.349948  0.673686  0.369000  0.338154  0.333212  0.242571  0.145164  0.287892  0.408554  0.343140  0.270648  0.279096  0.680942  0.099083  0.229958  0.700595 0.0  0.352216  0.207133  0.237844  0.287701  0.258609  0.211483  0.392125  0.542891  0.316862  0.209892  0.237062  0.310176  0.293721  0.227374  0.358980  0.173428  0.207256  0.544110  0.761276  0.728448  0.274584  0.223547  0.236173  0.339684  0.287638  0.725065  0.305739  0.214029  0.324944  0.232193  0.321351  0.679774  0.625764  0.232285  0.130427  0.288622  0.598482  0.268064  0.339465  0.452069  0.267144  0.313137  0.275443  0.355563  0.282747  0.232482  0.713835  0.215493  0.344375  0.309930 
23  0.072316  0.504027  0.030421  0.113494  0.033118  0.345436  0.512015  0.563771  0.301893  0.433317  0.540377  0.267595  0.115385  0.057611  0.459646  0.207443  0.021035  0.202079  0.579651  0.095349  0.422907  0.515135  0.352216 0.0  0.405520  0.169731  0.005152  0.110565  0.364913  0.134302  0.577314  0.344866  0.279990  0.511418  0.369335  0.191433  0.112769  0.217475  0.018781  0.341814  0.511128  0.575592  0.519877  0.039279  0.278166  0.423021  0.146234  0.083277  0.563409  0.162425  0.133210  0.346017  0.160153  0.106956  0.616974  0.419628  0.400835  0.357728  0.157529  0.611375  0.322786  0.124352  0.349555  0.409094  0.381464  0.023577  0.110582  0.247581  0.077498  0.726770  0.160719  0.117369  0.296455 
24  0.500944  0.186243  0.364308  0.242450  0.322532  0.157679  0.493768  0.893564  0.219320  0.150498  0.086633  0.231041  0.484092  0.454767  0.506582  0.305116  0.469589  0.240544  0.977460  0.404534  0.237585  0.868121  0.207133  0.405520 0.0  0.258003  0.415104  0.262929  0.056076  0.187196  0.798139  0.284214  0.210001  0.112309  0.350862  0.473037  0.505203  0.486562  0.374956  0.424283  0.516515  0.789197  0.906601  0.407417  0.381998  0.196598  0.244448  0.345141  0.691407  0.490821  0.375392  0.126935  0.317774  0.424743  0.790312  0.977367  0.231756  0.083850  0.215457  0.868586  0.372405  0.488544  0.669137  0.102114  0.187571  0.175423  0.375084  0.297836  0.395858  0.639080  0.282574  0.473713  0.260202 
25  0.009464  0.238607  0.206212  0.156759  0.036753  0.313243  0.438531  0.442071  0.218728  0.379896  0.334208  0.113322  0.197545  0.131832  0.497975  0.208795  0.089944  0.302231  0.548536  0.270684  0.295536  0.577818  0.237844  0.169731  0.258003 0.0  0.058510  0.111558  0.231113  0.122638  0.641287  0.251798  0.202885  0.256762  0.268436  0.192326  0.249823  0.144182  0.040556  0.397580  0.579492  0.622304  0.522203  0.187130  0.398866  0.356018  0.000000  0.197162  0.577067  0.140677  0.028834  0.385099  0.144032  0.117565  0.496552  0.602839  0.261238  0.451603  0.143649  0.531544  0.209689  0.101657  0.236752  0.333273  0.378514  0.069610  0.065740  0.090471  0.009350  0.713781  0.217125  0.019716  0.268798 
26  0.240555  0.360332  0.107086  0.100563  0.156780  0.418726  0.539617  0.665319  0.300134  0.416431  0.435876  0.281614  0.178445  0.159072  0.434872  0.132237  0.057520  0.218794  0.626364  0.115933  0.561030  0.660437  0.287701  0.005152  0.415104  0.058510 0.0  0.150500  0.458579  0.045105  0.551863  0.420999  0.248310  0.408591  0.381948  0.198432  0.082298  0.040815  0.064713  0.365979  0.453794  0.413255  0.522832  0.197004  0.295253  0.290833  0.000000  0.051096  0.423779  0.130251  0.341429  0.587655  0.186890  0.207784  0.567531  0.519110  0.494677  0.360652  0.142490  0.592156  0.254625  0.228912  0.338741  0.547526  0.583103  0.000000  0.070643  0.000000  0.221291  0.635276  0.000000  0.288106  0.268384 
27  0.034792  0.382993  0.104196  0.000000  0.067867  0.447622  0.527739  0.494274  0.363888  0.344316  0.348254  0.319188  0.136859  0.046889  0.394101  0.139972  0.003246  0.248775  0.466859  0.000000  0.326105  0.395077  0.258609  0.110565  0.262929  0.111558  0.150500 0.0  0.325638  0.330101  0.565586  0.283196  0.203005  0.379389  0.467976  0.037582  0.073911  0.221357  0.033617  0.295807  0.369594  0.452251  0.504680  0.013036  0.334950  0.463949  0.209349  0.144077  0.423213  0.141479  0.125422  0.314196  0.094693  0.098601  0.631421  0.553181  0.293972  0.186728  0.101398  0.509791  0.294695  0.116862  0.329288  0.356796  0.378420  0.187725  0.188518  0.303373  0.089104  0.772315  0.069095  0.000000  0.280577 
28  0.478000  0.198136  0.439254  0.373589  0.310882  0.166029  0.483080  0.854302  0.232353  0.208908  0.152881  0.221593  0.400609  0.535942  0.486964  0.456866  0.507207  0.280643  0.908954  0.392635  0.139018  0.850993  0.211483  0.364913  0.056076  0.231113  0.458579  0.325638 0.0  0.369521  0.842210  0.209535  0.187334  0.265237  0.329779  0.436134  0.206918  0.439566  0.192780  0.347646  0.554981  0.757469  0.781752  0.538576  0.205204  0.127944  0.331823  0.442920  0.700227  0.464734  0.446084  0.157909  0.515288  0.361998  0.641344  0.873287  0.238102  0.096505  0.396179  0.839490  0.170531  0.408128  0.606772  0.150077  0.253103  0.345831  0.428865  0.347442  0.391811  0.686781  0.303247  0.522239  0.210055 
29  0.112778  0.397766  0.087784  0.000000  0.113419  0.333129  0.527195  0.558948  0.325398  0.437614  0.330508  0.268621  0.124053  0.114648  0.386192  0.151431  0.050705  0.313257  0.459152  0.007966  0.284343  0.470278  0.392125  0.134302  0.187196  0.122638  0.045105  0.330101  0.369521 0.0  0.636383  0.235501  0.316116  0.372147  0.409737  0.122021  0.074485  0.137706  0.000572  0.357047  0.521219  0.425587  0.508311  0.062966  0.233260  0.389537  0.243168  0.196939  0.477636  0.101878  0.060545  0.345175  0.136403  0.068855  0.593534  0.516973  0.250691  0.424121  0.031943  0.627148  0.228360  0.107432  0.339300  0.271676  0.355205  0.236734  0.182710  0.168289  0.075418  0.661508  0.050008  0.044826  0.320204 
30  0.478201  0.806239  0.674220  0.555431  0.479816  0.849966  0.539286  0.580793  0.741561  0.805272  0.811448  0.677222  0.511235  0.638690  0.563891  0.488618  0.441869  0.664387  0.551332  0.493563  0.780494  0.165802  0.542891  0.577314  0.798139  0.641287  0.551863  0.565586  0.842210  0.636383 0.0  0.674908  0.552491  0.749599  0.757094  0.559566  0.455839  0.599512  0.474775  0.761879  0.531420  0.126332  0.218113  0.614414  0.749694  0.792836  0.615958  0.601138  0.663890  0.478114  0.599402  0.853702  0.575385  0.678131  0.623039  0.568194  0.766560  0.919657  0.591398  0.456627  0.621739  0.578684  0.345061  0.704896  0.800109  0.555601  0.528092  0.542196  0.503334  0.340987  0.591795  0.632015  0.761919 
31  0.283471  0.310611  0.205607  0.230940  0.213704  0.369986  0.443660  0.735622  0.228262  0.271537  0.381611  0.328633  0.207629  0.261042  0.479699  0.288314  0.268501  0.341866  0.713585  0.372316  0.295129  0.709947  0.316862  0.344866  0.284214  0.251798  0.420999  0.283196  0.209535  0.235501  0.674908 0.0  0.328809  0.294104  0.263828  0.319397  0.283116  0.235428  0.218542  0.334100  0.451987  0.654145  0.605932  0.215474  0.239560  0.228369  0.319262  0.193523  0.640530  0.291610  0.374313  0.160018  0.291971  0.369046  0.780418  0.758565  0.221873  0.184055  0.237758  0.792115  0.225676  0.379983  0.468602  0.321548  0.303661  0.186844  0.294566  0.139989  0.137890  0.630191  0.324681  0.293671  0.213724 
32  0.353419  0.338287  0.290687  0.231323  0.330483  0.261714  0.434851  0.669906  0.246461  0.374983  0.255872  0.257580  0.422351  0.262918  0.543965  0.319931  0.202892  0.268484  0.713080  0.353238  0.441149  0.712827  0.209892  0.279990  0.210001  0.202885  0.248310  0.203005  0.187334  0.316116  0.552491  0.328809 0.0  0.312759  0.341312  0.327424  0.353073  0.296425  0.321932  0.266441  0.400819  0.673863  0.709750  0.260017  0.240317  0.298165  0.191788  0.238989  0.695425  0.336633  0.305536  0.233563  0.239688  0.252801  0.683488  0.746213  0.286834  0.206778  0.282016  0.579874  0.268979  0.301606  0.495126  0.213515  0.335192  0.251092  0.198751  0.297423  0.258457  0.716390  0.298883  0.236576  0.325026 
33  0.451660  0.110189  0.348341  0.356072  0.387818  0.211921  0.449786  0.891174  0.256889  0.189362  0.132325  0.300190  0.432952  0.530357  0.495620  0.313193  0.474611  0.262378  1.000000  0.426159  0.194062  0.825157  0.237062  0.511418  0.112309  0.256762  0.408591  0.379389  0.265237  0.372147  0.749599  0.294104  0.312759 0.0  0.439243  0.370044  0.396373  0.408410  0.343574  0.453693  0.455225  0.785374  0.818424  0.529781  0.282312  0.177870  0.361018  0.360683  0.740870  0.353634  0.487752  0.161131  0.529160  0.498176  0.769870  0.845613  0.266082  0.128119  0.296436  0.729241  0.335220  0.360828  0.630808  0.208224  0.197375  0.448444  0.367565  0.329538  0.525501  0.542854  0.390286  0.401388  0.300099 
34  0.273382  0.351331  0.357488  0.352147  0.349155  0.332990  0.399177  0.852150  0.252690  0.318917  0.249310  0.267326  0.376682  0.308723  0.453128  0.383409  0.401198  0.294140  0.748889  0.300547  0.362749  0.712840  0.310176  0.369335  0.350862  0.268436  0.381948  0.467976  0.329779  0.409737  0.757094  0.263828  0.341312  0.439243 0.0  0.278656  0.274823  0.404419  0.363354  0.154156  0.505594  0.711005  0.796725  0.291504  0.281514  0.512143  0.325998  0.318417  0.760884  0.356203  0.409442  0.332294  0.342383  0.278926  0.698886  0.728245  0.279676  0.291975  0.378303  0.863982  0.368240  0.343501  0.655008  0.148307  0.406781  0.275591  0.270350  0.295284  0.276838  0.710176  0.414562  0.328380  0.289007 
35  0.147195  0.580392  0.034549  0.111223  0.087039  0.579383  0.469883  0.687368  0.243611  0.354539  0.514346  0.240207  0.149882  0.277673  0.463404  0.036159  0.197307  0.232071  0.589186  0.000000  0.491901  0.631995  0.293721  0.191433  0.473037  0.192326  0.198432  0.037582  0.436134  0.122021  0.559566  0.319397  0.327424  0.370044  0.278656 0.0  0.036789  0.117390  0.080647  0.299444  0.485575  0.394739  0.521281  0.128160  0.229681  0.514466  0.102963  0.139933  0.525073  0.100065  0.144265  0.548599  0.176329  0.122653  0.481388  0.592353  0.492266  0.423558  0.029057  0.636035  0.304863  0.231952  0.318498  0.429027  0.480557  0.079136  0.066733  0.038964  0.180928  0.688245  0.091351  0.106567  0.217003 
36  0.065143  0.363291  0.206286  0.188741  0.000000  0.341213  0.426642  0.450170  0.343985  0.344076  0.442825  0.288570  0.133160  0.083533  0.566427  0.222816  0.016369  0.352934  0.514817  0.266385  0.257556  0.469601  0.227374  0.112769  0.505203  0.249823  0.082298  0.073911  0.206918  0.074485  0.455839  0.283116  0.353073  0.396373  0.274823  0.036789 0.0  0.195879  0.067587  0.331790  0.494069  0.629610  0.511467  0.000000  0.247965  0.317918  0.110813  0.091468  0.685705  0.232285  0.086416  0.365754  0.183973  0.022980  0.493071  0.534795  0.277862  0.471708  0.252454  0.514156  0.215639  0.063980  0.424726  0.352779  0.342259  0.013436  0.057386  0.062687  0.036561  0.777993  0.257931  0.135382  0.248870 
37  0.148146  0.449286  0.224718  0.087688  0.098402  0.417449  0.354384  0.581247  0.356997  0.361440  0.397449  0.138195  0.156910  0.224036  0.519968  0.145588  0.071336  0.281910  0.572321  0.180522  0.451894  0.506557  0.358980  0.217475  0.486562  0.144182  0.040815  0.221357  0.439566  0.137706  0.599512  0.235428  0.296425  0.408410  0.404419  0.117390  0.195879 0.0  0.123664  0.279807  0.437108  0.666151  0.519465  0.109484  0.279240  0.337135  0.114997  0.232602  0.549691  0.177748  0.158928  0.459930  0.042298  0.226612  0.503015  0.454441  0.433757  0.313272  0.231834  0.555223  0.257839  0.163128  0.430805  0.358175  0.400191  0.148543  0.241591  0.209694  0.179953  0.710062  0.174809  0.213375  0.208523 
38  0.105983  0.347423  0.108085  0.087534  0.083962  0.348619  0.599173  0.369280  0.284878  0.296311  0.226878  0.197186  0.148098  0.143837  0.605652  0.056698  0.058315  0.248243  0.431114  0.205299  0.343051  0.466149  0.173428  0.018781  0.374956  0.040556  0.064713  0.033617  0.192780  0.000572  0.474775  0.218542  0.321932  0.343574  0.363354  0.080647  0.067587  0.123664 0.0  0.313681  0.310942  0.574823  0.539931  0.020613  0.322978  0.383984  0.044453  0.205343  0.511598  0.031592  0.001569  0.310347  0.096163  0.049588  0.468880  0.537727  0.427073  0.375404  0.104469  0.656716  0.137782  0.057251  0.287237  0.417181  0.485966  0.145617  0.170338  0.093188  0.088862  0.667358  0.123595  0.124681  0.258670 
39  0.305431  0.344297  0.372252  0.243137  0.322994  0.380210  0.416020  0.777276  0.222645  0.308009  0.223928  0.384815  0.434805  0.408233  0.482144  0.385702  0.427910  0.324820  0.652911  0.412764  0.370899  0.823235  0.207256  0.341814  0.424283  0.397580  0.365979  0.295807  0.347646  0.357047  0.761879  0.334100  0.266441  0.453693  0.154156  0.299444  0.331790  0.279807  0.313681 0.0  0.492772  0.702116  0.826481  0.346402  0.137127  0.433071  0.351939  0.416110  0.787454  0.280372  0.372362  0.391514  0.412901  0.313981  0.868178  0.812839  0.319209  0.319266  0.324712  0.827228  0.271692  0.226302  0.645863  0.361175  0.279195  0.255024  0.396479  0.377749  0.329340  0.542667  0.439185  0.317245  0.209935 
40  0.482368  0.493768  0.415359  0.436802  0.381394  0.524478  0.448813  0.560592  0.488492  0.342887  0.423832  0.430397  0.508594  0.408521  0.562060  0.496519  0.445083  0.402409  0.550613  0.499013  0.487458  0.508652  0.544110  0.511128  0.516515  0.579492  0.453794  0.369594  0.554981  0.521219  0.531420  0.451987  0.400819  0.455225  0.505594  0.485575  0.494069  0.437108  0.310942  0.492772 0.0  0.474201  0.472828  0.437244  0.498898  0.517391  0.584037  0.564325  0.422057  0.551925  0.507194  0.450162  0.535122  0.443591  0.562266  0.517919  0.480257  0.487059  0.411116  0.405512  0.520205  0.394058  0.496348  0.444875  0.457188  0.508488  0.458718  0.519180  0.468728  0.596100  0.488999  0.495951  0.325793 
41  0.486417  0.800917  0.572864  0.654463  0.590761  0.749396  0.415455  0.520732  0.800417  0.810291  0.770331  0.679167  0.537934  0.488273  0.574851  0.606643  0.567396  0.620725  0.520182  0.640604  0.740913  0.111833  0.761276  0.575592  0.789197  0.622304  0.413255  0.452251  0.757469  0.425587  0.126332  0.654145  0.673863  0.785374  0.711005  0.394739  0.629610  0.666151  0.574823  0.702116  0.474201 0.0  0.146327  0.366099  0.670054  0.759586  0.395698  0.613257  0.616195  0.614503  0.522025  0.768948  0.636097  0.580940  0.508117  0.526526  0.749346  0.881457  0.618285  0.506172  0.682478  0.447724  0.386527  0.728816  0.804734  0.482223  0.485168  0.518983  0.471973  0.282218  0.580301  0.492546  0.700221 
42  0.488986  0.845521  0.609249  0.481027  0.636463  0.774684  0.478042  0.665342  0.752543  0.818195  0.797855  0.746213  0.555010  0.570704  0.462729  0.549011  0.644728  0.756889  0.630207  0.572719  0.861927  0.056425  0.728448  0.519877  0.906601  0.522203  0.522832  0.504680  0.781752  0.508311  0.218113  0.605932  0.709750  0.818424  0.796725  0.521281  0.511467  0.519465  0.539931  0.826481  0.472828  0.146327 0.0  0.540187  0.812032  0.833658  0.635413  0.538268  0.686038  0.548034  0.585896  0.857395  0.590673  0.522269  0.610424  0.462124  0.834072  0.858671  0.602334  0.552229  0.734699  0.558493  0.417745  0.823989  0.883967  0.673066  0.553763  0.558985  0.510447  0.316468  0.530177  0.590727  0.767653 
43  0.159703  0.578772  0.000000  0.000000  0.023980  0.456456  0.428787  0.708950  0.177420  0.553653  0.506060  0.287804  0.217278  0.184267  0.415412  0.067019  0.231890  0.162156  0.759654  0.056722  0.367762  0.633409  0.274584  0.039279  0.407417  0.187130  0.197004  0.013036  0.538576  0.062966  0.614414  0.215474  0.260017  0.529781  0.291504  0.128160  0.000000  0.109484  0.020613  0.346402  0.437244  0.366099  0.540187 0.0  0.226035  0.520870  0.145861  0.260730  0.451209  0.028377  0.248271  0.486045  0.096704  0.251664  0.505579  0.645855  0.562045  0.380376  0.094492  0.624681  0.329599  0.098178  0.321467  0.478129  0.637248  0.070404  0.100795  0.048087  0.123735  0.623779  0.081319  0.148396  0.253820 
44  0.235662  0.261224  0.168575  0.206326  0.354817  0.280088  0.474502  0.637852  0.324837  0.289125  0.232299  0.279452  0.234369  0.297516  0.458733  0.185507  0.285995  0.266207  0.724688  0.419990  0.255198  0.582932  0.223547  0.278166  0.381998  0.398866  0.295253  0.334950  0.205204  0.233260  0.749694  0.239560  0.240317  0.282312  0.281514  0.229681  0.247965  0.279240  0.322978  0.137127  0.498898  0.670054  0.812032  0.226035 0.0  0.289014  0.278885  0.304243  0.718448  0.223115  0.303271  0.270694  0.360701  0.279669  0.694994  0.579002  0.347834  0.323801  0.190016  0.774749  0.277346  0.298823  0.420227  0.145672  0.363656  0.179393  0.254571  0.078088  0.355825  0.720453  0.306197  0.324340  0.294076 
45  0.351955  0.206295  0.354521  0.370721  0.345252  0.219589  0.523751  0.801067  0.195150  0.098888  0.141935  0.374286  0.385029  0.486730  0.474258  0.378464  0.438963  0.275878  0.776861  0.417898  0.269515  0.840234  0.236173  0.423021  0.196598  0.356018  0.290833  0.463949  0.127944  0.389537  0.792836  0.228369  0.298165  0.177870  0.512143  0.514466  0.317918  0.337135  0.383984  0.433071  0.517391  0.759586  0.833658  0.520870  0.289014 0.0  0.376333  0.467064  0.887985  0.409123  0.545030  0.157122  0.412946  0.355298  0.872260  0.788378  0.112770  0.207512  0.366009  0.877172  0.330057  0.504035  0.574722  0.125624  0.281880  0.442839  0.431646  0.406411  0.326397  0.661769  0.422528  0.443991  0.259093 
46  0.012593  0.273583  0.035703  0.127284  0.210547  0.304730  0.481941  0.495059  0.319889  0.331632  0.331095  0.358466  0.125182  0.128278  0.525764  0.187949  0.228940  0.259498  0.497086  0.081377  0.278712  0.424552  0.339684  0.146234  0.244448  0.000000  0.000000  0.209349  0.331823  0.243168  0.615958  0.319262  0.191788  0.361018  0.325998  0.102963  0.110813  0.114997  0.044453  0.351939  0.584037  0.395698  0.635413  0.145861  0.278885  0.376333 0.0  0.191323  0.543468  0.008263  0.146352  0.343822  0.146979  0.009973  0.711296  0.551426  0.315394  0.300582  0.022726  0.524789  0.324532  0.109124  0.261310  0.358277  0.370889  0.262927  0.264015  0.194613  0.122234  0.723366  0.030339  0.132964  0.313214 
47  0.176333  0.492353  0.262885  0.141883  0.186775  0.344892  0.447263  0.491535  0.286760  0.388074  0.358274  0.350521  0.176281  0.109980  0.458951  0.088266  0.141916  0.230297  0.533037  0.303011  0.404535  0.630528  0.287638  0.083277  0.345141  0.197162  0.051096  0.144077  0.442920  0.196939  0.601138  0.193523  0.238989  0.360683  0.318417  0.139933  0.091468  0.232602  0.205343  0.416110  0.564325  0.613257  0.538268  0.260730  0.304243  0.467064  0.191323 0.0  0.630779  0.171798  0.178971  0.468487  0.150814  0.107721  0.541096  0.507699  0.434014  0.342122  0.290537  0.509044  0.233330  0.239990  0.407405  0.283262  0.439654  0.094491  0.262363  0.025318  0.119101  0.678498  0.069472  0.109338  0.183440 
48  0.552081  0.821935  0.684409  0.617135  0.447083  0.723104  0.546331  0.078119  0.716223  0.784901  0.790745  0.671253  0.576402  0.505357  0.448064  0.603889  0.447929  0.681807  0.151176  0.581193  0.756696  0.498956  0.725065  0.563409  0.691407  0.577067  0.423779  0.423213  0.700227  0.477636  0.663890  0.640530  0.695425  0.740870  0.760884  0.525073  0.685705  0.549691  0.511598  0.787454  0.422057  0.616195  0.686038  0.451209  0.718448  0.887985  0.543468  0.630779 0.0  0.630204  0.558630  0.829616  0.432096  0.488632  0.024974  0.115217  0.764080  0.998481  0.630933  0.154142  0.746983  0.506447  0.283536  0.746389  0.737766  0.550805  0.408820  0.336275  0.557295  0.648543  0.647529  0.443644  0.701773 
49  0.185720  0.154622  0.204787  0.319415  0.123506  0.441602  0.484960  0.456816  0.247697  0.392989  0.340457  0.299846  0.197586  0.126640  0.371978  0.260988  0.104113  0.370072  0.549451  0.251462  0.319756  0.522245  0.305739  0.162425  0.490821  0.140677  0.130251  0.141479  0.464734  0.101878  0.478114  0.291610  0.336633  0.353634  0.356203  0.100065  0.232285  0.177748  0.031592  0.280372  0.551925  0.614503  0.548034  0.028377  0.223115  0.409123  0.008263  0.171798  0.630204 0.0  0.120758  0.407652  0.000000  0.075083  0.471210  0.555254  0.413030  0.421784  0.162394  0.637857  0.336802  0.014335  0.418878  0.389964  0.374723  0.121788  0.135211  0.103678  0.120147  0.722031  0.197214  0.076098  0.241436 
50  0.136300  0.550990  0.189445  0.033413  0.066587  0.497463  0.532667  0.675588  0.359395  0.543490  0.555326  0.317339  0.112168  0.117409  0.512346  0.138712  0.204678  0.346492  0.662981  0.062742  0.530592  0.702418  0.214029  0.133210  0.375392  0.028834  0.341429  0.125422  0.446084  0.060545  0.599402  0.374313  0.305536  0.487752  0.409442  0.144265  0.086416  0.158928  0.001569  0.372362  0.507194  0.522025  0.585896  0.248271  0.303271  0.545030  0.146352  0.178971  0.558630  0.120758 0.0  0.453738  0.216289  0.259507  0.387981  0.599110  0.353818  0.340142  0.194567  0.507683  0.355165  0.183320  0.308120  0.523350  0.454105  0.096224  0.000000  0.075691  0.129037  0.624612  0.138754  0.229557  0.219579 
51  0.506465  0.151998  0.240884  0.317987  0.345977  0.199132  0.475235  0.972782  0.320219  0.134006  0.235658  0.310006  0.435740  0.517054  0.424240  0.308902  0.468259  0.254712  0.867979  0.324401  0.211293  0.763355  0.324944  0.346017  0.126935  0.385099  0.587655  0.314196  0.157909  0.345175  0.853702  0.160018  0.233563  0.161131  0.332294  0.548599  0.365754  0.459930  0.310347  0.391514  0.450162  0.768948  0.857395  0.486045  0.270694  0.157122  0.343822  0.468487  0.829616  0.407652  0.453738 0.0  0.492163  0.429807  0.636709  0.858275  0.232569  0.059885  0.330370  0.783053  0.316803  0.515669  0.743869  0.057330  0.300191  0.279971  0.419681  0.292262  0.365099  0.694092  0.228489  0.514095  0.322554 
52  0.056732  0.491963  0.000000  0.000000  0.037594  0.508082  0.493746  0.682898  0.204559  0.523107  0.395415  0.328418  0.057054  0.181681  0.428501  0.044981  0.168525  0.271090  0.635767  0.009775  0.469112  0.748409  0.232193  0.160153  0.317774  0.144032  0.186890  0.094693  0.515288  0.136403  0.575385  0.291971  0.239688  0.529160  0.342383  0.176329  0.183973  0.042298  0.096163  0.412901  0.535122  0.636097  0.590673  0.096704  0.360701  0.412946  0.146979  0.150814  0.432096  0.000000  0.216289  0.492163 0.0  0.220620  0.377530  0.565935  0.389912  0.355414  0.091456  0.669597  0.394800  0.137147  0.283882  0.478076  0.532313  0.105410  0.225093  0.036138  0.140196  0.693498  0.016119  0.212374  0.327825 
53  0.311731  0.503643  0.145537  0.054308  0.032182  0.419703  0.487524  0.670080  0.240905  0.514912  0.425008  0.274454  0.097419  0.178787  0.464728  0.075646  0.117483  0.265479  0.555970  0.063236  0.438542  0.556790  0.321351  0.106956  0.424743  0.117565  0.207784  0.098601  0.361998  0.068855  0.678131  0.369046  0.252801  0.498176  0.278926  0.122653  0.022980  0.226612  0.049588  0.313981  0.443591  0.580940  0.522269  0.251664  0.279669  0.355298  0.009973  0.107721  0.488632  0.075083  0.259507  0.429807  0.220620 0.0  0.407147  0.676098  0.416583  0.445663  0.099950  0.576431  0.309861  0.209403  0.378948  0.475421  0.430285  0.010654  0.080502  0.096031  0.188647  0.722762  0.006364  0.224461  0.209735 
