73
0 0.0  0.160912  0.174973  0.145895  0.166713  0.231913  0.246506  0.077064  0.078847  0.463193  0.508708  0.109103  0.565438  0.739030  0.001282  0.199189  0.290411  0.505051  0.316227  0.363098  0.232850  0.644336  0.334249  0.548317  0.468600  0.554310  0.723661  0.216930  0.366743  0.107483  0.353612  0.216761  0.494961  0.444801  0.525658  0.582108  0.237628  0.000000  0.229219  0.285455  0.523771  0.078534  0.405285  0.015951  0.307201  0.528129  0.076078  0.176111  0.355055  0.284492  0.256401  0.210978  0.024502  0.231292  0.180085  0.254640  0.339737  0.552878  0.150903  0.172954  0.341131  0.084276  0.109013  0.120536  0.413061  0.128821  0.278171  0.525136  0.434707  0.219287  0.101062  0.342233  0.000000 
1  0.160912 0.0  0.107616  0.018815  0.161247  0.354365  0.255232  0.108488  0.119405  0.621084  0.413320  0.270047  0.577987  0.506029  0.255933  0.223668  0.034026  0.328897  0.289365  0.361644  0.065669  0.466701  0.055712  0.476463  0.316054  0.648839  0.530087  0.162738  0.250935  0.131811  0.440096  0.118469  0.359094  0.586574  0.369629  0.392346  0.153972  0.237291  0.124732  0.065435  0.549060  0.143399  0.345454  0.125088  0.323080  0.521370  0.213885  0.218217  0.221081  0.111930  0.224759  0.093218  0.253395  0.006743  0.037158  0.265793  0.394935  0.369303  0.065602  0.072393  0.412093  0.208201  0.171966  0.098084  0.287677  0.109295  0.031582  0.667496  0.490793  0.134491  0.008494  0.106351  0.044122 
2  0.174973  0.107616 0.0  0.118278  0.202549  0.292262  0.326765  0.150302  0.221863  0.565578  0.459052  0.049601  0.504717  0.702564  0.108444  0.112064  0.168427  0.742951  0.238450  0.518264  0.252423  0.638999  0.131317  0.793866  0.497017  0.605939  0.513405  0.205315  0.262185  0.095313  0.368227  0.322187  0.419518  0.426651  0.367099  0.429207  0.190467  0.148288  0.208558  0.206004  0.540037  0.153918  0.388568  0.083624  0.344587  0.409414  0.220208  0.081572  0.259575  0.119912  0.291294  0.134043  0.037277  0.263654  0.248606  0.325472  0.329263  0.492131  0.079863  0.139938  0.315768  0.138013  0.120321  0.046523  0.341572  0.206870  0.187138  0.511687  0.457201  0.329750  0.080911  0.324211  0.072799 
3  0.145895  0.018815  0.118278 0.0  0.011011  0.369173  0.318596  0.068904  0.019132  0.553503  0.543435  0.039907  0.463448  0.614808  0.072120  0.118786  0.010740  0.396128  0.214892  0.383573  0.000000  0.589123  0.008011  0.589275  0.361987  0.568931  0.555788  0.045563  0.249061  0.048181  0.389817  0.091707  0.374230  0.566056  0.348906  0.348810  0.075350  0.068542  0.082019  0.040441  0.502303  0.103421  0.378347  0.268154  0.343065  0.519073  0.000000  0.123773  0.249464  0.087803  0.288743  0.067959  0.097482  0.137168  0.000000  0.267819  0.363482  0.457491  0.167220  0.112710  0.348004  0.021235  0.000000  0.103925  0.197979  0.177283  0.022518  0.503359  0.386777  0.000000  0.235634  0.055705  0.284222 
4  0.166713  0.161247  0.202549  0.011011 0.0  0.368870  0.242331  0.154188  0.122547  0.543486  0.527583  0.069874  0.448354  0.630885  0.081012  0.120852  0.113286  0.579191  0.361322  0.384818  0.117961  0.665242  0.197647  0.633240  0.596157  0.605595  0.644535  0.156574  0.204059  0.090439  0.330032  0.269933  0.531879  0.606208  0.473803  0.413517  0.135037  0.104271  0.262073  0.257513  0.622811  0.160313  0.402498  0.121692  0.377302  0.474861  0.079806  0.120084  0.410703  0.260967  0.381658  0.237460  0.000000  0.161067  0.267426  0.377396  0.335966  0.570420  0.103097  0.276298  0.295718  0.014082  0.038017  0.132474  0.284529  0.248455  0.239196  0.425135  0.259250  0.205302  0.096438  0.182836  0.085378 
5  0.231913  0.354365  0.292262  0.369173  0.368870 0.0  0.214396  0.428969  0.249196  0.795529  0.556766  0.310882  0.829141  0.719059  0.285925  0.384780  0.420777  0.401212  0.346978  0.167963  0.397196  0.758268  0.429025  0.763198  0.352754  0.830412  0.710099  0.476635  0.330482  0.464507  0.117860  0.433750  0.214872  0.503938  0.270980  0.347805  0.342290  0.309467  0.313329  0.359719  0.866322  0.294649  0.216078  0.399365  0.243120  0.512358  0.497698  0.362568  0.293210  0.325472  0.231753  0.325089  0.431272  0.359132  0.358319  0.330225  0.210788  0.378477  0.342753  0.252040  0.225539  0.216285  0.432027  0.393848  0.338761  0.479499  0.346394  0.837286  0.447683  0.345816  0.268797  0.252955  0.350548 
6  0.246506  0.255232  0.326765  0.318596  0.242331  0.214396 0.0  0.241131  0.210202  0.660026  0.515879  0.241952  0.694343  0.662136  0.413645  0.352106  0.235324  0.313247  0.172615  0.377810  0.188082  0.808070  0.330669  0.613165  0.266572  0.704929  0.754987  0.314092  0.332245  0.284106  0.340915  0.253291  0.258354  0.584674  0.192516  0.291001  0.456045  0.317385  0.373843  0.215624  0.821698  0.290629  0.251341  0.367206  0.302973  0.473226  0.341430  0.293734  0.291464  0.176704  0.246486  0.279188  0.264808  0.373946  0.194469  0.238793  0.323932  0.234593  0.272328  0.234531  0.351537  0.417092  0.198703  0.336470  0.285317  0.290512  0.103638  0.761817  0.299651  0.248194  0.145613  0.303476  0.269795 
7  0.077064  0.108488  0.150302  0.068904  0.154188  0.428969  0.241131 0.0  0.199281  0.577726  0.444098  0.155695  0.731461  0.610981  0.033024  0.175742  0.112907  0.444260  0.282167  0.400649  0.153879  0.557176  0.188285  0.543757  0.477360  0.596219  0.589844  0.130874  0.284245  0.138644  0.481069  0.030467  0.396554  0.553929  0.437599  0.274824  0.138847  0.163635  0.133502  0.068081  0.594480  0.148128  0.473490  0.086870  0.395658  0.510292  0.199847  0.163634  0.223740  0.139746  0.336045  0.205289  0.063218  0.149082  0.054208  0.233663  0.599970  0.489187  0.182540  0.165334  0.263147  0.082467  0.157799  0.032939  0.299257  0.233956  0.074269  0.683551  0.488374  0.091338  0.204153  0.107921  0.245558 
8  0.078847  0.119405  0.221863  0.019132  0.122547  0.249196  0.210202  0.199281 0.0  0.666667  0.559238  0.070760  0.563514  0.572091  0.016406  0.171240  0.217270  0.562648  0.145416  0.454207  0.133026  0.586074  0.205767  0.643951  0.500565  0.443433  0.633056  0.305882  0.329550  0.007672  0.439842  0.240614  0.553015  0.604915  0.484285  0.433912  0.211963  0.178273  0.197119  0.095400  0.603047  0.225451  0.392516  0.043084  0.424779  0.572761  0.095821  0.125936  0.442904  0.186662  0.288814  0.258028  0.050724  0.269934  0.141734  0.354113  0.366966  0.480965  0.075165  0.250870  0.299014  0.112265  0.148730  0.114087  0.336174  0.253735  0.158760  0.435344  0.356968  0.186388  0.095083  0.130552  0.031454 
9  0.463193  0.621084  0.565578  0.553503  0.543486  0.795529  0.660026  0.577726  0.666667 0.0  0.517198  0.575611  0.177082  0.121827  0.555984  0.599682  0.569341  0.830787  0.758150  0.836266  0.534726  0.619460  0.547763  0.565017  0.867360  0.521397  0.678018  0.592896  0.803969  0.607327  0.823532  0.683309  0.801533  0.363402  0.922666  0.911381  0.629687  0.583453  0.541221  0.524049  0.139523  0.626620  0.922223  0.647996  0.874495  0.391686  0.671800  0.492954  0.778266  0.554865  0.599588  0.558023  0.592746  0.624357  0.554306  0.738082  0.847825  0.854561  0.627187  0.656409  0.735013  0.665241  0.533341  0.583980  0.612990  0.595682  0.546958  0.144122  0.782665  0.480409  0.592757  0.595851  0.612781 
10  0.508708  0.413320  0.459052  0.543435  0.527583  0.556766  0.515879  0.444098  0.559238  0.517198 0.0  0.376459  0.549152  0.415865  0.547250  0.495289  0.517342  0.475963  0.434948  0.422407  0.492221  0.484578  0.505901  0.581909  0.522793  0.350551  0.512866  0.544490  0.489031  0.572115  0.533417  0.463286  0.450547  0.443000  0.516937  0.414943  0.524937  0.406567  0.553974  0.495107  0.547994  0.590306  0.622506  0.464307  0.425580  0.457991  0.444785  0.565645  0.551092  0.467519  0.554949  0.566274  0.458612  0.519082  0.468484  0.508503  0.600452  0.521333  0.480488  0.555208  0.528248  0.507314  0.492295  0.527711  0.476973  0.476322  0.430583  0.466356  0.502973  0.511509  0.482310  0.449894  0.403308 
11  0.109103  0.270047  0.049601  0.039907  0.069874  0.310882  0.241952  0.155695  0.070760  0.575611  0.376459 0.0  0.652759  0.583541  0.271832  0.126508  0.047534  0.352518  0.265414  0.455627  0.120649  0.600497  0.027784  0.559885  0.289263  0.621022  0.556520  0.161053  0.294523  0.232978  0.408378  0.114332  0.371965  0.493127  0.355406  0.417133  0.123773  0.156748  0.000000  0.081477  0.454022  0.278171  0.399354  0.027569  0.388210  0.401769  0.224960  0.259121  0.233231  0.078332  0.292273  0.128775  0.269766  0.152709  0.093257  0.175329  0.447188  0.381969  0.125268  0.114921  0.273155  0.203160  0.230587  0.124967  0.402570  0.287318  0.056665  0.588473  0.422161  0.074299  0.174710  0.133267  0.045262 
12  0.565438  0.577987  0.504717  0.463448  0.448354  0.829141  0.694343  0.731461  0.563514  0.177082  0.549152  0.652759 0.0  0.142679  0.566280  0.602290  0.466669  0.803951  0.646471  0.873541  0.520751  0.561735  0.423189  0.498062  0.896443  0.659232  0.510140  0.552828  0.729888  0.608044  0.762054  0.501205  0.877363  0.587044  0.801864  0.742022  0.524581  0.677060  0.584451  0.516765  0.000000  0.596799  0.765230  0.519246  0.696592  0.465036  0.638795  0.514853  0.809665  0.505264  0.789919  0.468540  0.664367  0.427358  0.527949  0.782347  0.868073  0.770166  0.486153  0.503671  0.815308  0.709263  0.693900  0.564995  0.662646  0.623651  0.434496  0.316170  0.819908  0.513511  0.459627  0.528258  0.501523 
13  0.739030  0.506029  0.702564  0.614808  0.630885  0.719059  0.662136  0.610981  0.572091  0.121827  0.415865  0.583541  0.142679 0.0  0.524199  0.643998  0.735789  0.945973  0.670711  0.976840  0.598240  0.641461  0.630237  0.736760  0.962642  0.505322  0.631135  0.627871  0.714713  0.553524  0.683294  0.672075  0.991089  0.483062  0.833036  0.860698  0.632662  0.374363  0.662774  0.616819  0.137268  0.591980  0.798199  0.487296  0.852747  0.469652  0.433039  0.542659  0.674833  0.718930  0.810757  0.599423  0.493030  0.637230  0.664103  0.709364  0.888713  0.896467  0.479791  0.604273  0.736191  0.556857  0.400817  0.603996  0.601643  0.582075  0.642260  0.100332  0.872143  0.734715  0.494910  0.771509  0.627169 
14  0.001282  0.255933  0.108444  0.072120  0.081012  0.285925  0.413645  0.033024  0.016406  0.555984  0.547250  0.271832  0.566280  0.524199 0.0  0.167618  0.000304  0.415425  0.268552  0.411831  0.149273  0.451874  0.094968  0.514327  0.344003  0.630816  0.585112  0.058079  0.303161  0.187486  0.357908  0.119247  0.238058  0.447489  0.373547  0.273991  0.062633  0.267215  0.118928  0.043474  0.480105  0.284377  0.470953  0.141808  0.337911  0.435769  0.297189  0.248249  0.341223  0.154251  0.378903  0.000120  0.265460  0.161011  0.124986  0.390930  0.289486  0.304957  0.194890  0.046201  0.503428  0.225118  0.281182  0.186073  0.291023  0.173603  0.000000  0.644808  0.440389  0.000000  0.073870  0.140257  0.017326 
15  0.199189  0.223668  0.112064  0.118786  0.120852  0.384780  0.352106  0.175742  0.171240  0.599682  0.495289  0.126508  0.602290  0.643998  0.167618 0.0  0.182790  0.417135  0.217272  0.411099  0.212461  0.568036  0.133873  0.587426  0.454051  0.598790  0.544638  0.235342  0.337378  0.248206  0.538147  0.086986  0.395975  0.416359  0.353045  0.403207  0.118585  0.276616  0.115753  0.182260  0.509992  0.145093  0.466725  0.101715  0.400552  0.573320  0.163869  0.188634  0.299412  0.279465  0.226501  0.173758  0.132304  0.128429  0.165109  0.356854  0.514187  0.365432  0.191708  0.185847  0.283309  0.202069  0.227986  0.198133  0.190822  0.117831  0.192031  0.560305  0.418947  0.153483  0.159929  0.181536  0.159158 
16  0.290411  0.034026  0.168427  0.010740  0.113286  0.420777  0.235324  0.112907  0.217270  0.569341  0.517342  0.047534  0.466669  0.735789  0.000304  0.182790 0.0  0.543249  0.287466  0.465792  0.237446  0.520155  0.196093  0.776813  0.482515  0.571759  0.592913  0.172242  0.353359  0.161612  0.387148  0.280570  0.466039  0.618758  0.508201  0.521820  0.201045  0.132682  0.200157  0.164446  0.461805  0.110363  0.333664  0.041836  0.342676  0.517958  0.000000  0.184770  0.421669  0.179414  0.230682  0.123411  0.044338  0.124965  0.238697  0.343178  0.376003  0.595048  0.022311  0.189268  0.243338  0.080241  0.131929  0.165992  0.403268  0.242994  0.193148  0.474221  0.507909  0.164011  0.129079  0.306568  0.036957 
17  0.505051  0.328897  0.742951  0.396128  0.579191  0.401212  0.313247  0.444260  0.562648  0.830787  0.475963  0.352518  0.803951  0.945973  0.415425  0.417135  0.543249 0.0  0.220893  0.404833  0.476632  0.859625  0.477522  0.981729  0.178772  0.848019  0.839092  0.470229  0.306312  0.477697  0.431852  0.468263  0.130008  0.451020  0.135968  0.263649  0.426776  0.317175  0.401760  0.555216  0.776127  0.448230  0.399625  0.314547  0.206323  0.597230  0.315484  0.495472  0.342876  0.453336  0.291630  0.510738  0.421119  0.526167  0.382288  0.327303  0.385831  0.255090  0.383191  0.455383  0.303864  0.381119  0.325025  0.459631  0.363615  0.335184  0.300015  0.906760  0.119942  0.566437  0.335135  0.503818  0.319525 
18  0.316227  0.289365  0.238450  0.214892  0.361322  0.346978  0.172615  0.282167  0.145416  0.758150  0.434948  0.265414  0.646471  0.670711  0.268552  0.217272  0.287466  0.220893 0.0  0.251709  0.312518  0.745769  0.274364  0.744944  0.302881  0.701305  0.843611  0.330922  0.309397  0.280006  0.373828  0.200504  0.219602  0.552229  0.284735  0.250255  0.315087  0.294095  0.253813  0.417214  0.832582  0.281895  0.220050  0.285978  0.237334  0.418464  0.333367  0.192985  0.274342  0.214704  0.343095  0.322596  0.282871  0.252184  0.202918  0.358429  0.269201  0.231284  0.342498  0.338467  0.286632  0.359787  0.319134  0.235167  0.253880  0.357279  0.345899  0.741355  0.248819  0.257212  0.164614  0.418795  0.342635 
19  0.363098  0.361644  0.518264  0.383573  0.384818  0.167963  0.377810  0.400649  0.454207  0.836266  0.422407  0.455627  0.873541  0.976840  0.411831  0.411099  0.465792  0.404833  0.251709 0.0  0.467327  0.804428  0.319260  0.887187  0.458884  0.789831  0.806280  0.436022  0.306674  0.428204  0.122423  0.492196  0.462743  0.519313  0.575595  0.488604  0.417486  0.320047  0.458480  0.432457  0.856893  0.398137  0.189141  0.398872  0.184783  0.456275  0.359230  0.515259  0.310808  0.453800  0.335040  0.517757  0.492808  0.429301  0.535873  0.237307  0.129328  0.447913  0.405517  0.410266  0.308151  0.390343  0.383605  0.310352  0.234293  0.476676  0.290795  0.814562  0.563827  0.397461  0.516205  0.412833  0.606469 
20  0.232850  0.065669  0.252423  0.000000  0.117961  0.397196  0.188082  0.153879  0.133026  0.534726  0.492221  0.120649  0.520751  0.598240  0.149273  0.212461  0.237446  0.476632  0.312518  0.467327 0.0  0.587897  0.274539  0.623508  0.464496  0.598074  0.534864  0.251238  0.308466  0.155381  0.276644  0.287596  0.488445  0.479630  0.489615  0.548638  0.272257  0.000000  0.207957  0.133568  0.423698  0.039382  0.230507  0.225732  0.397145  0.470852  0.127357  0.094225  0.257643  0.259078  0.263417  0.135297  0.019136  0.148106  0.083355  0.332710  0.393504  0.505794  0.069832  0.063564  0.392228  0.121982  0.129959  0.118663  0.213571  0.073574  0.235866  0.515762  0.429334  0.285126  0.137851  0.229199  0.077121 
21  0.644336  0.466701  0.638999  0.589123  0.665242  0.758268  0.808070  0.557176  0.586074  0.619460  0.484578  0.600497  0.561735  0.641461  0.451874  0.568036  0.520155  0.859625  0.745769  0.804428  0.587897 0.0  0.568714  0.070073  0.875011  0.134445  0.147816  0.538869  0.741826  0.614065  0.801053  0.655515  0.883012  0.559199  0.899111  0.845111  0.495613  0.529098  0.609943  0.614754  0.558758  0.698079  0.982325  0.601782  0.854126  0.421957  0.562227  0.662319  0.599049  0.665338  0.800181  0.661800  0.596317  0.591504  0.602601  0.702089  0.815951  0.804943  0.505266  0.593314  0.734170  0.598418  0.620776  0.641337  0.725910  0.628876  0.643380  0.555029  0.793062  0.512659  0.649417  0.505299  0.630157 
22  0.334249  0.055712  0.131317  0.008011  0.197647  0.429025  0.330669  0.188285  0.205767  0.547763  0.505901  0.027784  0.423189  0.630237  0.094968  0.133873  0.196093  0.477522  0.274364  0.319260  0.274539  0.568714 0.0  0.691671  0.395468  0.505495  0.707802  0.154323  0.327641  0.187556  0.327906  0.247818  0.518949  0.635405  0.531395  0.370483  0.070034  0.101488  0.205576  0.237184  0.526577  0.119999  0.378774  0.041947  0.341613  0.552221  0.070839  0.201811  0.285966  0.256396  0.265275  0.269043  0.067875  0.264995  0.230633  0.323525  0.287643  0.544960  0.140459  0.152490  0.367443  0.103936  0.075005  0.125940  0.276231  0.214563  0.302902  0.519131  0.393336  0.192147  0.191883  0.130564  0.012711 
23  0.548317  0.476463  0.793866  0.589275  0.633240  0.763198  0.613165  0.543757  0.643951  0.565017  0.581909  0.559885  0.498062  0.736760  0.514327  0.587426  0.776813  0.981729  0.744944  0.887187  0.623508  0.070073  0.691671 0.0  0.952692  0.000000  0.120668  0.684809  0.623882  0.590754  0.751980  0.691305  0.919577  0.550382  0.825714  0.974819  0.644057  0.554196  0.678390  0.739813  0.431553  0.559608  0.812952  0.607735  0.709109  0.507575  0.449087  0.537997  0.770905  0.682988  0.658135  0.631642  0.447331  0.657670  0.666828  0.838514  0.826079  1.000000  0.492890  0.653012  0.797194  0.549491  0.535782  0.581559  0.800911  0.507724  0.683351  0.482334  0.816698  0.521516  0.559835  0.545153  0.566891 
24  0.468600  0.316054  0.497017  0.361987  0.596157  0.352754  0.266572  0.477360  0.500565  0.867360  0.522793  0.289263  0.896443  0.962642  0.344003  0.454051  0.482515  0.178772  0.302881  0.458884  0.464496  0.875011  0.395468  0.952692 0.0  0.810193  0.887396  0.559457  0.283371  0.380981  0.349878  0.420858  0.143742  0.491313  0.047724  0.250000  0.518302  0.331286  0.387814  0.582490  0.792181  0.361628  0.422219  0.448390  0.415900  0.625448  0.385491  0.326193  0.235759  0.400001  0.292484  0.543555  0.357036  0.373348  0.476251  0.430721  0.292054  0.258375  0.354703  0.482790  0.274367  0.449302  0.473851  0.360995  0.300534  0.372892  0.461016  0.890423  0.124341  0.417789  0.433664  0.491872  0.327382 
25  0.554310  0.648839  0.605939  0.568931  0.605595  0.830412  0.704929  0.596219  0.443433  0.521397  0.350551  0.621022  0.659232  0.505322  0.630816  0.598790  0.571759  0.848019  0.701305  0.789831  0.598074  0.134445  0.505495  0.000000  0.810193 0.0  0.073509  0.581536  0.756715  0.592008  0.894762  0.539053  0.805421  0.524015  0.777537  0.799174  0.476564  0.664351  0.532942  0.526848  0.422483  0.590999  0.832138  0.578609  0.785436  0.526655  0.547218  0.595540  0.712952  0.543152  0.646637  0.552567  0.639804  0.539928  0.555844  0.700965  0.874645  0.760336  0.567794  0.543206  0.576469  0.629310  0.598342  0.611114  0.823229  0.587395  0.531796  0.592276  0.989980  0.500678  0.508606  0.412287  0.470368 
26  0.723661  0.530087  0.513405  0.555788  0.644535  0.710099  0.754987  0.589844  0.633056  0.678018  0.512866  0.556520  0.510140  0.631135  0.585112  0.544638  0.592913  0.839092  0.843611  0.806280  0.534864  0.147816  0.707802  0.120668  0.887396  0.073509 0.0  0.629888  0.724853  0.631003  0.888045  0.460607  0.833241  0.564510  0.931222  0.843560  0.589039  0.578408  0.646649  0.445915  0.671276  0.569251  0.952105  0.582119  0.842097  0.494851  0.580426  0.573983  0.705328  0.592049  0.797531  0.597814  0.597893  0.499362  0.644868  0.716440  0.802231  0.816484  0.693703  0.558684  0.634424  0.474562  0.555821  0.607394  0.812916  0.615183  0.612845  0.573432  0.909077  0.501526  0.591795  0.612148  0.635836 
27  0.216930  0.162738  0.205315  0.045563  0.156574  0.476635  0.314092  0.130874  0.305882  0.592896  0.544490  0.161053  0.552828  0.627871  0.058079  0.235342  0.172242  0.470229  0.330922  0.436022  0.251238  0.538869  0.154323  0.684809  0.559457  0.581536  0.629888 0.0  0.388033  0.102537  0.413798  0.293633  0.467435  0.494525  0.625023  0.418679  0.253100  0.073334  0.223342  0.209237  0.577366  0.047782  0.345940  0.037666  0.465488  0.458127  0.094970  0.148499  0.316330  0.279406  0.236249  0.308953  0.291449  0.263339  0.184064  0.316455  0.363087  0.567658  0.104739  0.288767  0.420909  0.162975  0.071646  0.084499  0.320992  0.096698  0.202220  0.456009  0.479063  0.136029  0.175528  0.131884  0.068399 
28  0.366743  0.250935  0.262185  0.249061  0.204059  0.330482  0.332245  0.284245  0.329550  0.803969  0.489031  0.294523  0.729888  0.714713  0.303161  0.337378  0.353359  0.306312  0.309397  0.306674  0.308466  0.741826  0.327641  0.623882  0.283371  0.756715  0.724853  0.388033 0.0  0.272253  0.314796  0.308139  0.189826  0.532153  0.298223  0.283810  0.278248  0.278662  0.257679  0.369841  0.727876  0.305226  0.291968  0.195181  0.359402  0.649390  0.254436  0.291676  0.321603  0.237391  0.279431  0.255460  0.280660  0.285079  0.249218  0.351797  0.423188  0.169239  0.272031  0.206320  0.207435  0.331370  0.233395  0.373269  0.385038  0.257435  0.298952  0.700293  0.234756  0.250406  0.360107  0.289527  0.232576 
29  0.107483  0.131811  0.095313  0.048181  0.090439  0.464507  0.284106  0.138644  0.007672  0.607327  0.572115  0.232978  0.608044  0.553524  0.187486  0.248206  0.161612  0.477697  0.280006  0.428204  0.155381  0.614065  0.187556  0.590754  0.380981  0.592008  0.631003  0.102537  0.272253 0.0  0.410866  0.069515  0.366978  0.610441  0.340254  0.391850  0.122196  0.002780  0.162848  0.222225  0.582422  0.187439  0.442785  0.064391  0.383356  0.498353  0.214771  0.255865  0.305828  0.105183  0.348479  0.284564  0.072193  0.070832  0.113954  0.258592  0.392534  0.465011  0.183293  0.117007  0.369327  0.070575  0.081353  0.166018  0.344162  0.188551  0.109506  0.507029  0.347904  0.198783  0.126593  0.115915  0.242221 
30  0.353612  0.440096  0.368227  0.389817  0.330032  0.117860  0.340915  0.481069  0.439842  0.823532  0.533417  0.408378  0.762054  0.683294  0.357908  0.538147  0.387148  0.431852  0.373828  0.122423  0.276644  0.801053  0.327906  0.751980  0.349878  0.894762  0.888045  0.413798  0.314796  0.410866 0.0  0.288002  0.328781  0.501467  0.349691  0.355946  0.409554  0.370155  0.314189  0.294992  0.749730  0.406356  0.182886  0.318054  0.263071  0.462871  0.320265  0.498587  0.353480  0.278411  0.277066  0.232251  0.401154  0.394463  0.323267  0.334300  0.266004  0.405313  0.379734  0.408724  0.345905  0.357927  0.467359  0.470988  0.359872  0.387672  0.389913  0.760452  0.413660  0.260062  0.380935  0.334146  0.437544 
31  0.216761  0.118469  0.322187  0.091707  0.269933  0.433750  0.253291  0.030467  0.240614  0.683309  0.463286  0.114332  0.501205  0.672075  0.119247  0.086986  0.280570  0.468263  0.200504  0.492196  0.287596  0.655515  0.247818  0.691305  0.420858  0.539053  0.460607  0.293633  0.308139  0.069515  0.288002 0.0  0.435009  0.491626  0.482996  0.498630  0.264916  0.075215  0.120712  0.239517  0.566075  0.087236  0.317562  0.049322  0.409251  0.506281  0.101863  0.106844  0.280064  0.123042  0.374119  0.221514  0.083041  0.189597  0.246221  0.291671  0.310157  0.434696  0.030596  0.308268  0.312861  0.088189  0.072193  0.161180  0.309799  0.155356  0.144147  0.551936  0.354073  0.068986  0.000000  0.219493  0.061240 
32  0.494961  0.359094  0.419518  0.374230  0.531879  0.214872  0.258354  0.396554  0.553015  0.801533  0.450547  0.371965  0.877363  0.991089  0.238058  0.395975  0.466039  0.130008  0.219602  0.462743  0.488445  0.883012  0.518949  0.919577  0.143742  0.805421  0.833241  0.467435  0.189826  0.366978  0.328781  0.435009 0.0  0.484054  0.196633  0.218793  0.480895  0.430214  0.517967  0.560353  0.782586  0.267143  0.268332  0.297714  0.339368  0.358814  0.345962  0.423824  0.378007  0.438757  0.294180  0.555518  0.466934  0.606521  0.543233  0.228338  0.335166  0.271268  0.281470  0.490578  0.204952  0.408783  0.300074  0.354231  0.203878  0.431745  0.433217  0.743550  0.136691  0.535021  0.288817  0.495353  0.337393 
33  0.444801  0.586574  0.426651  0.566056  0.606208  0.503938  0.584674  0.553929  0.604915  0.363402  0.443000  0.493127  0.587044  0.483062  0.447489  0.416359  0.618758  0.451020  0.552229  0.519313  0.479630  0.559199  0.635405  0.550382  0.491313  0.524015  0.564510  0.494525  0.532153  0.610441  0.501467  0.491626  0.484054 0.0  0.475771  0.570211  0.552762  0.498331  0.581664  0.509451  0.478635  0.492190  0.516161  0.633906  0.563216  0.611151  0.463490  0.580577  0.558773  0.558072  0.538448  0.526181  0.508307  0.452726  0.552345  0.433207  0.524650  0.584140  0.584118  0.528050  0.492744  0.698741  0.405115  0.613778  0.494292  0.562152  0.500798  0.479523  0.507580  0.509998  0.551956  0.605543  0.448568 
34  0.525658  0.369629  0.367099  0.348906  0.473803  0.270980  0.192516  0.437599  0.484285  0.922666  0.516937  0.355406  0.801864  0.833036  0.373547  0.353045  0.508201  0.135968  0.284735  0.575595  0.489615  0.899111  0.531395  0.825714  0.047724  0.777537  0.931222  0.625023  0.298223  0.340254  0.349691  0.482996  0.196633  0.475771 0.0  0.238972  0.491258  0.447167  0.454064  0.516971  0.837850  0.407125  0.412027  0.370507  0.316260  0.526265  0.374227  0.466480  0.268469  0.560164  0.338963  0.508447  0.458073  0.508852  0.412856  0.264324  0.405191  0.192181  0.369780  0.543170  0.282345  0.342357  0.381916  0.382022  0.358273  0.504897  0.443153  0.926501  0.238444  0.611784  0.412790  0.450172  0.294859 
35  0.582108  0.392346  0.429207  0.348810  0.413517  0.347805  0.291001  0.274824  0.433912  0.911381  0.414943  0.417133  0.742022  0.860698  0.273991  0.403207  0.521820  0.263649  0.250255  0.488604  0.548638  0.845111  0.370483  0.974819  0.250000  0.799174  0.843560  0.418679  0.283810  0.391850  0.355946  0.498630  0.218793  0.570211  0.238972 0.0  0.456194  0.428393  0.443818  0.525808  0.804825  0.347747  0.378971  0.437584  0.357461  0.553444  0.284358  0.441002  0.284579  0.520681  0.260278  0.454673  0.336969  0.508855  0.560403  0.362998  0.391509  0.281307  0.303404  0.475044  0.328074  0.300585  0.349439  0.363554  0.253965  0.376366  0.532141  0.842625  0.183719  0.495382  0.404859  0.540766  0.454229 
36  0.237628  0.153972  0.190467  0.075350  0.135037  0.342290  0.456045  0.138847  0.211963  0.629687  0.524937  0.123773  0.524581  0.632662  0.062633  0.118585  0.201045  0.426776  0.315087  0.417486  0.272257  0.495613  0.070034  0.644057  0.518302  0.476564  0.589039  0.253100  0.278248  0.122196  0.409554  0.264916  0.480895  0.552762  0.491258  0.456194 0.0  0.098858  0.295189  0.221224  0.588341  0.118869  0.317355  0.084005  0.317773  0.568454  0.009527  0.160563  0.308018  0.262351  0.336080  0.199037  0.051385  0.186179  0.180720  0.331417  0.407218  0.419503  0.080919  0.191953  0.329700  0.019281  0.078840  0.081112  0.249193  0.115832  0.246911  0.466225  0.324868  0.191741  0.096346  0.382515  0.183862 
37  0.000000  0.237291  0.148288  0.068542  0.104271  0.309467  0.317385  0.163635  0.178273  0.583453  0.406567  0.156748  0.677060  0.374363  0.267215  0.276616  0.132682  0.317175  0.294095  0.320047  0.000000  0.529098  0.101488  0.554196  0.331286  0.664351  0.578408  0.073334  0.278662  0.002780  0.370155  0.075215  0.430214  0.498331  0.447167  0.428393  0.098858 0.0  0.030783  0.009011  0.470511  0.196055  0.424770  0.121713  0.329396  0.567598  0.125491  0.226579  0.257834  0.010551  0.280196  0.022109  0.227992  0.124110  0.057415  0.266131  0.310388  0.330529  0.087529  0.128917  0.228644  0.276528  0.160587  0.104470  0.237868  0.326074  0.010631  0.734013  0.367325  0.102307  0.110224  0.173292  0.119991 
38  0.229219  0.124732  0.208558  0.082019  0.262073  0.313329  0.373843  0.133502  0.197119  0.541221  0.553974  0.000000  0.584451  0.662774  0.118928  0.115753  0.200157  0.401760  0.253813  0.458480  0.207957  0.609943  0.205576  0.678390  0.387814  0.532942  0.646649  0.223342  0.257679  0.162848  0.314189  0.120712  0.517967  0.581664  0.454064  0.443818  0.295189  0.030783 0.0  0.138396  0.473449  0.000000  0.385007  0.017625  0.419867  0.618758  0.000000  0.139316  0.320031  0.208175  0.290142  0.199267  0.061372  0.306409  0.189380  0.218839  0.347588  0.479773  0.069552  0.135992  0.382267  0.126605  0.057622  0.185129  0.300615  0.203682  0.357842  0.496087  0.517086  0.149525  0.066724  0.132981  0.130257 
39  0.285455  0.065435  0.206004  0.040441  0.257513  0.359719  0.215624  0.068081  0.095400  0.524049  0.495107  0.081477  0.516765  0.616819  0.043474  0.182260  0.164446  0.555216  0.417214  0.432457  0.133568  0.614754  0.237184  0.739813  0.582490  0.526848  0.445915  0.209237  0.369841  0.222225  0.294992  0.239517  0.560353  0.509451  0.516971  0.525808  0.221224  0.009011  0.138396 0.0  0.532957  0.041581  0.323829  0.141536  0.409612  0.405936  0.083776  0.221197  0.328800  0.158400  0.260891  0.216050  0.107552  0.245765  0.195576  0.293089  0.344015  0.489390  0.000000  0.140158  0.305112  0.106470  0.085521  0.116656  0.258547  0.179770  0.211885  0.588569  0.291074  0.251784  0.005587  0.263985  0.000000 
40  0.523771  0.549060  0.540037  0.502303  0.622811  0.866322  0.821698  0.594480  0.603047  0.139523  0.547994  0.454022  0.000000  0.137268  0.480105  0.509992  0.461805  0.776127  0.832582  0.856893  0.423698  0.558758  0.526577  0.431553  0.792181  0.422483  0.671276  0.577366  0.727876  0.582422  0.749730  0.566075  0.782586  0.478635  0.837850  0.804825  0.588341  0.470511  0.473449  0.532957 0.0  0.574851  0.816356  0.486000  0.778729  0.471923  0.510450  0.648557  0.613597  0.717502  0.573827  0.506377  0.472479  0.509254  0.469284  0.750979  0.846783  0.658825  0.463317  0.431644  0.707871  0.597447  0.510690  0.583752  0.848027  0.631375  0.614812  0.040105  0.989521  0.602762  0.489407  0.426149  0.431983 
41  0.078534  0.143399  0.153918  0.103421  0.160313  0.294649  0.290629  0.148128  0.225451  0.626620  0.590306  0.278171  0.596799  0.591980  0.284377  0.145093  0.110363  0.448230  0.281895  0.398137  0.039382  0.698079  0.119999  0.559608  0.361628  0.590999  0.569251  0.047782  0.305226  0.187439  0.406356  0.087236  0.267143  0.492190  0.407125  0.347747  0.118869  0.196055  0.000000  0.041581  0.574851 0.0  0.471906  0.028475  0.370975  0.356409  0.236273  0.182522  0.297676  0.198554  0.272017  0.093184  0.149551  0.051530  0.079046  0.162878  0.394523  0.268638  0.000000  0.030593  0.317996  0.243494  0.201816  0.128801  0.314538  0.161598  0.069100  0.714862  0.487790  0.074004  0.196951  0.040147  0.091384 
42  0.405285  0.345454  0.388568  0.378347  0.402498  0.216078  0.251341  0.473490  0.392516  0.922223  0.622506  0.399354  0.765230  0.798199  0.470953  0.466725  0.333664  0.399625  0.220050  0.189141  0.230507  0.982325  0.378774  0.812952  0.422219  0.832138  0.952105  0.345940  0.291968  0.442785  0.182886  0.317562  0.268332  0.516161  0.412027  0.378971  0.317355  0.424770  0.385007  0.323829  0.816356  0.471906 0.0  0.357203  0.173276  0.628482  0.389670  0.502785  0.293136  0.472612  0.215940  0.369884  0.473176  0.289241  0.370102  0.343367  0.181382  0.585309  0.350035  0.428142  0.278485  0.472320  0.372799  0.369059  0.307102  0.398976  0.409771  0.773171  0.480981  0.457137  0.459839  0.423457  0.341681 
43  0.015951  0.125088  0.083624  0.268154  0.121692  0.399365  0.367206  0.086870  0.043084  0.647996  0.464307  0.027569  0.519246  0.487296  0.141808  0.101715  0.041836  0.314547  0.285978  0.398872  0.225732  0.601782  0.041947  0.607735  0.448390  0.578609  0.582119  0.037666  0.195181  0.064391  0.318054  0.049322  0.297714  0.633906  0.370507  0.437584  0.084005  0.121713  0.017625  0.141536  0.486000  0.028475  0.357203 0.0  0.299677  0.506216  0.109917  0.154789  0.288099  0.050009  0.301595  0.007450  0.049265  0.093649  0.113027  0.236269  0.390274  0.389980  0.210427  0.015487  0.361451  0.000000  0.073531  0.211062  0.324522  0.222623  0.132432  0.410490  0.240682  0.057606  0.179798  0.115620  0.142783 
44  0.307201  0.323080  0.344587  0.343065  0.377302  0.243120  0.302973  0.395658  0.424779  0.874495  0.425580  0.388210  0.696592  0.852747  0.337911  0.400552  0.342676  0.206323  0.237334  0.184783  0.397145  0.854126  0.341613  0.709109  0.415900  0.785436  0.842097  0.465488  0.359402  0.383356  0.263071  0.409251  0.339368  0.563216  0.316260  0.357461  0.317773  0.329396  0.419867  0.409612  0.778729  0.370975  0.173276  0.299677 0.0  0.487730  0.227528  0.375322  0.240864  0.430210  0.226552  0.323377  0.400693  0.387385  0.373106  0.281893  0.306126  0.315956  0.313290  0.302380  0.239900  0.285690  0.362616  0.470696  0.254272  0.278795  0.307541  0.848514  0.504000  0.252612  0.338363  0.364680  0.282466 
45  0.528129  0.521370  0.409414  0.519073  0.474861  0.512358  0.473226  0.510292  0.572761  0.391686  0.457991  0.401769  0.465036  0.469652  0.435769  0.573320  0.517958  0.597230  0.418464  0.456275  0.470852  0.421957  0.552221  0.507575  0.625448  0.526655  0.494851  0.458127  0.649390  0.498353  0.462871  0.506281  0.358814  0.611151  0.526265  0.553444  0.568454  0.567598  0.618758  0.405936  0.471923  0.356409  0.628482  0.506216  0.487730 0.0  0.593703  0.544301  0.454880  0.434234  0.512992  0.515326  0.469999  0.461506  0.417829  0.512871  0.556506  0.584510  0.593682  0.530769  0.476154  0.451533  0.463355  0.366091  0.484394  0.577235  0.588562  0.468432  0.478415  0.485489  0.503670  0.533553  0.534388 
46  0.076078  0.213885  0.220208  0.000000  0.079806  0.497698  0.341430  0.199847  0.095821  0.671800  0.444785  0.224960  0.638795  0.433039  0.297189  0.163869  0.000000  0.315484  0.333367  0.359230  0.127357  0.562227  0.070839  0.449087  0.385491  0.547218  0.580426  0.094970  0.254436  0.214771  0.320265  0.101863  0.345962  0.463490  0.374227  0.284358  0.009527  0.125491  0.000000  0.083776  0.510450  0.236273  0.389670  0.109917  0.227528  0.593703 0.0  0.143931  0.232821  0.000000  0.231362  0.052397  0.079259  0.054279  0.000000  0.210172  0.361087  0.224860  0.012262  0.101334  0.244585  0.209062  0.197707  0.117788  0.348573  0.211641  0.073768  0.601687  0.437499  0.094226  0.056223  0.080723  0.051504 
47  0.176111  0.218217  0.081572  0.123773  0.120084  0.362568  0.293734  0.163634  0.125936  0.492954  0.565645  0.259121  0.514853  0.542659  0.248249  0.188634  0.184770  0.495472  0.192985  0.515259  0.094225  0.662319  0.201811  0.537997  0.326193  0.595540  0.573983  0.148499  0.291676  0.255865  0.498587  0.106844  0.423824  0.580577  0.466480  0.441002  0.160563  0.226579  0.139316  0.221197  0.648557  0.182522  0.502785  0.154789  0.375322  0.544301  0.143931 0.0  0.266532  0.045625  0.353265  0.170709  0.164271  0.070799  0.136373  0.185688  0.418952  0.360955  0.139455  0.052820  0.273730  0.187782  0.235098  0.184257  0.218766  0.027992  0.152264  0.509586  0.459510  0.087133  0.150186  0.172877  0.054014 
48  0.355055  0.221081  0.259575  0.249464  0.410703  0.293210  0.291464  0.223740  0.442904  0.778266  0.551092  0.233231  0.809665  0.674833  0.341223  0.299412  0.421669  0.342876  0.274342  0.310808  0.257643  0.599049  0.285966  0.770905  0.235759  0.712952  0.705328  0.316330  0.321603  0.305828  0.353480  0.280064  0.378007  0.558773  0.268469  0.284579  0.308018  0.257834  0.320031  0.328800  0.613597  0.297676  0.293136  0.288099  0.240864  0.454880  0.232821  0.266532 0.0  0.175804  0.303994  0.331614  0.463275  0.231373  0.206129  0.301375  0.282541  0.301921  0.273893  0.413868  0.223209  0.382802  0.250465  0.239187  0.346755  0.305711  0.227229  0.783525  0.336775  0.211614  0.237045  0.127145  0.290415 
49  0.284492  0.111930  0.119912  0.087803  0.260967  0.325472  0.176704  0.139746  0.186662  0.554865  0.467519  0.078332  0.505264  0.718930  0.154251  0.279465  0.179414  0.453336  0.214704  0.453800  0.259078  0.665338  0.256396  0.682988  0.400001  0.543152  0.592049  0.279406  0.237391  0.105183  0.278411  0.123042  0.438757  0.558072  0.560164  0.520681  0.262351  0.010551  0.208175  0.158400  0.717502  0.198554  0.472612  0.050009  0.430210  0.434234  0.000000  0.045625  0.175804 0.0  0.302553  0.108764  0.046260  0.275139  0.169340  0.296869  0.314119  0.408758  0.062917  0.332597  0.235202  0.039771  0.074143  0.166932  0.228860  0.130380  0.251918  0.519513  0.413615  0.193402  0.023185  0.146339  0.000000 
50  0.256401  0.224759  0.291294  0.288743  0.381658  0.231753  0.246486  0.336045  0.288814  0.599588  0.554949  0.292273  0.789919  0.810757  0.378903  0.226501  0.230682  0.291630  0.343095  0.335040  0.263417  0.800181  0.265275  0.658135  0.292484  0.646637  0.797531  0.236249  0.279431  0.348479  0.277066  0.374119  0.294180  0.538448  0.338963  0.260278  0.336080  0.280196  0.290142  0.260891  0.573827  0.272017  0.215940  0.301595  0.226552  0.512992  0.231362  0.353265  0.303994  0.302553 0.0  0.267269  0.281817  0.251837  0.297832  0.394557  0.297909  0.310836  0.401330  0.386197  0.383079  0.270265  0.219514  0.205407  0.327881  0.314423  0.354257  0.725883  0.333548  0.370820  0.291632  0.270199  0.387996 
51  0.210978  0.093218  0.134043  0.067959  0.237460  0.325089  0.279188  0.205289  0.258028  0.558023  0.566274  0.128775  0.468540  0.599423  0.000120  0.173758  0.123411  0.510738  0.322596  0.517757  0.135297  0.661800  0.269043  0.631642  0.543555  0.552567  0.597814  0.308953  0.255460  0.284564  0.232251  0.221514  0.555518  0.526181  0.508447  0.454673  0.199037  0.022109  0.199267  0.216050  0.506377  0.093184  0.369884  0.007450  0.323377  0.515326  0.052397  0.170709  0.331614  0.108764  0.267269 0.0  0.101183  0.254723  0.234315  0.285293  0.385313  0.540494  0.167632  0.132929  0.211360  0.021428  0.142537  0.172451  0.368857  0.223248  0.182707  0.538034  0.444306  0.246775  0.000000  0.279864  0.086931 
52  0.024502  0.253395  0.037277  0.097482  0.000000  0.431272  0.264808  0.063218  0.050724  0.592746  0.458612  0.269766  0.664367  0.493030  0.265460  0.132304  0.044338  0.421119  0.282871  0.492808  0.019136  0.596317  0.067875  0.447331  0.357036  0.639804  0.597893  0.291449  0.280660  0.072193  0.401154  0.083041  0.466934  0.508307  0.458073  0.336969  0.051385  0.227992  0.061372  0.107552  0.472479  0.149551  0.473176  0.049265  0.400693  0.469999  0.079259  0.164271  0.463275  0.046260  0.281817  0.101183 0.0  0.102070  0.098366  0.358024  0.343291  0.296582  0.049109  0.026147  0.316620  0.260349  0.264028  0.217103  0.216403  0.231547  0.001717  0.679768  0.442176  0.072152  0.145960  0.179132  0.110827 
53  0.231292  0.006743  0.263654  0.137168  0.161067  0.359132  0.373946  0.149082  0.269934  0.624357  0.519082  0.152709  0.427358  0.637230  0.161011  0.128429  0.124965  0.526167  0.252184  0.429301  0.148106  0.591504  0.264995  0.657670  0.373348  0.539928  0.499362  0.263339  0.285079  0.070832  0.394463  0.189597  0.606521  0.452726  0.508852  0.508855  0.186179  0.124110  0.306409  0.245765  0.509254  0.051530  0.289241  0.093649  0.387385  0.461506  0.054279  0.070799  0.231373  0.275139  0.251837  0.254723  0.102070 0.0  0.174349  0.250853  0.335241  0.426518  0.065171  0.110513  0.362910  0.131205  0.029139  0.081242  0.248776  0.096934  0.190142  0.451070  0.472726  0.164076  0.130271  0.139447  0.057520 
