73
0 0.0  0.205223  0.126561  0.267371  0.330762  0.012062  0.016373  0.053587  0.471834  0.256035  0.070204  0.389113  0.299388  0.040034  0.351088  0.377567  0.588835  0.084033  0.054728  0.496848  0.184754  0.364743  0.067366  0.308061  0.288644  0.049204  0.446340  0.304070  0.592800  0.357025  0.061796  0.428498  0.375264  0.081090  0.223386  0.357466  0.278737  0.058788  0.229197  0.112682  0.615783  0.202891  0.436355  0.195051  0.485667  0.030385  0.168352  0.197981  0.261542  0.046441  0.322714  0.077369  0.037003  0.422289  0.255970  0.218169  0.258010  0.122395  0.291277  0.569051  0.166301  0.076386  0.650509  0.080342  0.460017  0.211376  0.023327  0.059083  0.283041  0.208089  0.215557  0.205582  0.078563 
1  0.205223 0.0  0.176451  0.335226  0.511297  0.248285  0.291652  0.231789  0.095652  0.290107  0.259153  0.213777  0.347972  0.217058  0.207357  0.297673  0.662190  0.230497  0.275577  0.290092  0.213976  0.318865  0.292189  0.305513  0.368037  0.361288  0.628898  0.230270  0.611330  0.255376  0.314553  0.557675  0.188035  0.207867  0.223536  0.280949  0.269603  0.244591  0.375423  0.297545  0.611192  0.245909  0.680873  0.308925  0.654665  0.300032  0.256421  0.279177  0.215706  0.182171  0.291108  0.245152  0.244035  0.387076  0.207011  0.290048  0.454209  0.226726  0.176153  0.730198  0.277559  0.167539  0.731842  0.294627  0.661356  0.204030  0.224239  0.265625  0.229722  0.131781  0.231609  0.390632  0.153146 
2  0.126561  0.176451 0.0  0.400811  0.345843  0.120880  0.172230  0.172288  0.219004  0.063599  0.194623  0.452813  0.405685  0.248066  0.432715  0.479769  0.649535  0.047970  0.103138  0.353878  0.150274  0.430968  0.134262  0.383968  0.418975  0.158609  0.551630  0.437027  0.508497  0.329370  0.128800  0.540862  0.330673  0.100341  0.057323  0.206167  0.183636  0.179910  0.123157  0.203698  0.435160  0.059948  0.424864  0.146358  0.538295  0.121152  0.118175  0.070360  0.124269  0.144405  0.288523  0.142956  0.195603  0.467409  0.208502  0.133615  0.298040  0.093749  0.218182  0.568932  0.196431  0.121563  0.516943  0.075021  0.638110  0.178538  0.025825  0.137981  0.138753  0.177263  0.056927  0.344282  0.131472 
3  0.267371  0.335226  0.400811 0.0  0.549834  0.401899  0.290861  0.400291  0.000000  0.299651  0.393551  0.366555  0.205071  0.255530  0.253166  0.326740  0.700740  0.306904  0.387778  0.351429  0.373400  0.200525  0.341245  0.252612  0.362694  0.259894  0.705355  0.276398  0.691044  0.440415  0.352719  0.753220  0.348974  0.408455  0.356762  0.126722  0.443552  0.443481  0.313627  0.398516  0.763711  0.345398  0.811122  0.347737  0.797392  0.325670  0.302632  0.313230  0.409407  0.369076  0.345948  0.321416  0.513882  0.342552  0.265387  0.286891  0.452358  0.284143  0.354261  0.739491  0.326235  0.319676  0.729383  0.330846  0.741101  0.216649  0.444587  0.409973  0.267794  0.360477  0.381185  0.260979  0.324525 
4  0.330762  0.511297  0.345843  0.549834 0.0  0.400679  0.444796  0.315278  0.549083  0.313863  0.393120  0.572345  0.635275  0.278734  0.633118  0.578792  0.346921  0.319159  0.271310  0.534410  0.313028  0.567316  0.350875  0.564882  0.570677  0.224379  0.355769  0.646553  0.455219  0.684297  0.206041  0.299060  0.589450  0.290167  0.237132  0.415044  0.378052  0.283088  0.425439  0.412172  0.359423  0.359518  0.318408  0.370379  0.312780  0.244686  0.396115  0.491388  0.277573  0.292510  0.506671  0.386635  0.303635  0.569751  0.508790  0.371024  0.419572  0.398915  0.321913  0.369835  0.446458  0.333251  0.253946  0.307657  0.222207  0.445045  0.369995  0.332260  0.527260  0.285122  0.343976  0.456352  0.337986 
5  0.012062  0.248285  0.120880  0.401899  0.400679 0.0  0.213201  0.244812  0.344365  0.000000  0.124205  0.553835  0.385051  0.088469  0.380055  0.484820  0.529449  0.095738  0.141588  0.433700  0.203185  0.297663  0.230656  0.356507  0.462903  0.225476  0.560411  0.256643  0.531401  0.522872  0.096516  0.669409  0.353061  0.126888  0.064689  0.271333  0.048190  0.287372  0.110893  0.041419  0.450035  0.181665  0.668468  0.199111  0.541263  0.058826  0.225551  0.181032  0.009630  0.196385  0.249247  0.189047  0.121431  0.215790  0.292059  0.025500  0.267984  0.013341  0.092472  0.544945  0.153158  0.233824  0.483327  0.276391  0.536860  0.383325  0.207465  0.269596  0.175701  0.079175  0.142311  0.169928  0.270298 
6  0.016373  0.291652  0.172230  0.290861  0.444796  0.213201 0.0  0.097311  0.368272  0.000000  0.250115  0.470826  0.434294  0.210545  0.424408  0.475660  0.580473  0.043557  0.173814  0.377349  0.070061  0.281012  0.202900  0.194773  0.552688  0.290942  0.678648  0.389131  0.513969  0.503624  0.055638  0.735887  0.499336  0.105600  0.000000  0.144252  0.107816  0.270912  0.090817  0.093223  0.454101  0.113366  0.715288  0.100247  0.516887  0.075390  0.113093  0.146073  0.047032  0.190964  0.213488  0.210101  0.303813  0.316099  0.335844  0.088328  0.288110  0.106851  0.021892  0.549996  0.151384  0.179132  0.547020  0.098447  0.639426  0.314793  0.199620  0.220156  0.259474  0.138898  0.188902  0.209629  0.197568 
7  0.053587  0.231789  0.172288  0.400291  0.315278  0.244812  0.097311 0.0  0.225337  0.103771  0.246481  0.485810  0.271192  0.189750  0.575636  0.401927  0.475046  0.059339  0.144764  0.339542  0.079055  0.273271  0.217716  0.301652  0.401555  0.263313  0.593950  0.440629  0.391360  0.549493  0.049369  0.588335  0.446883  0.157757  0.086299  0.257835  0.087038  0.245804  0.041320  0.037318  0.509383  0.091639  0.674741  0.090282  0.559797  0.130188  0.124293  0.184982  0.122228  0.202138  0.260331  0.179213  0.052611  0.214574  0.229200  0.000000  0.352438  0.022068  0.141357  0.576342  0.033780  0.293002  0.399457  0.124683  0.482755  0.233691  0.119480  0.164929  0.222939  0.071873  0.163630  0.235417  0.256958 
8  0.471834  0.095652  0.219004  0.000000  0.549083  0.344365  0.368272  0.225337 0.0  0.249979  0.442910  0.340468  0.022551  0.420514  0.313119  0.276300  0.789598  0.404630  0.286935  0.333500  0.327130  0.049765  0.307517  0.332818  0.310299  0.311513  0.759635  0.000000  0.877384  0.366594  0.454343  0.739039  0.289009  0.422331  0.197641  0.318406  0.291691  0.340140  0.246047  0.428845  0.772101  0.315593  0.724504  0.307000  0.780973  0.470187  0.367458  0.349080  0.363044  0.376242  0.299409  0.173262  0.481178  0.322250  0.247921  0.285982  0.633247  0.289897  0.333264  0.781845  0.489850  0.309895  0.794639  0.226098  0.700461  0.130945  0.424393  0.391955  0.287754  0.322435  0.382608  0.307849  0.341482 
9  0.256035  0.290107  0.063599  0.299651  0.313863  0.000000  0.000000  0.103771  0.249979 0.0  0.105722  0.371614  0.254735  0.074813  0.280684  0.293836  0.468207  0.094953  0.000000  0.357143  0.161214  0.301227  0.043337  0.237222  0.310839  0.092457  0.389481  0.227664  0.465015  0.298878  0.098484  0.517566  0.389050  0.000000  0.191138  0.231434  0.251239  0.073268  0.229064  0.075233  0.604152  0.206023  0.473833  0.260764  0.450041  0.087382  0.133738  0.211071  0.098614  0.074065  0.135071  0.185617  0.177010  0.422340  0.398251  0.144140  0.339866  0.055108  0.180136  0.600181  0.103403  0.091282  0.549482  0.060885  0.447498  0.244021  0.000000  0.000000  0.315314  0.197912  0.101515  0.355736  0.161186 
10  0.070204  0.259153  0.194623  0.393551  0.393120  0.124205  0.250115  0.246481  0.442910  0.105722 0.0  0.332699  0.415561  0.167535  0.451600  0.552201  0.533422  0.103014  0.199870  0.325720  0.068915  0.430783  0.140547  0.310951  0.383195  0.194142  0.649438  0.406661  0.445544  0.453841  0.138234  0.543134  0.521235  0.178131  0.091429  0.170769  0.067245  0.117895  0.070674  0.071271  0.428844  0.037576  0.621393  0.159325  0.610560  0.000000  0.264975  0.090012  0.055020  0.186599  0.257105  0.251031  0.146264  0.335295  0.253753  0.000000  0.259852  0.032035  0.049737  0.437058  0.202731  0.198687  0.429033  0.173135  0.598711  0.250745  0.206285  0.235785  0.254095  0.119022  0.079117  0.304068  0.150134 
11  0.389113  0.213777  0.452813  0.366555  0.572345  0.553835  0.470826  0.485810  0.340468  0.371614  0.332699 0.0  0.411883  0.409481  0.106132  0.314090  0.770457  0.314095  0.510742  0.206030  0.298784  0.328642  0.426705  0.224042  0.214194  0.473766  0.885545  0.286298  0.722905  0.144731  0.400050  0.836470  0.126819  0.203103  0.234668  0.259602  0.336337  0.544847  0.366618  0.382726  0.759234  0.297233  0.891616  0.466431  0.712635  0.409032  0.552013  0.343447  0.299019  0.547982  0.340444  0.476080  0.284954  0.000000  0.121782  0.308640  0.649179  0.305800  0.424384  0.774850  0.369170  0.370941  0.709595  0.430222  0.895591  0.354629  0.458495  0.404189  0.332229  0.140089  0.404186  0.238544  0.457543 
12  0.299388  0.347972  0.405685  0.205071  0.635275  0.385051  0.434294  0.271192  0.022551  0.254735  0.415561  0.411883 0.0  0.429680  0.373398  0.300339  0.637101  0.330577  0.250352  0.394142  0.361286  0.076134  0.320887  0.280630  0.384886  0.334103  0.722710  0.184845  0.731421  0.403845  0.366437  0.784049  0.285974  0.280338  0.378109  0.284965  0.303666  0.263684  0.223360  0.330974  0.696605  0.350019  0.793349  0.439904  0.814856  0.373967  0.323099  0.329626  0.369044  0.269801  0.211754  0.282958  0.220335  0.230760  0.171490  0.323252  0.559381  0.320037  0.380906  0.829307  0.295510  0.258158  0.791803  0.335684  0.752509  0.278201  0.268836  0.320199  0.352386  0.304820  0.507494  0.266166  0.426636 
13  0.040034  0.217058  0.248066  0.255530  0.278734  0.088469  0.210545  0.189750  0.420514  0.074813  0.167535  0.409481  0.429680 0.0  0.448203  0.446356  0.429115  0.149870  0.129482  0.446256  0.013022  0.333603  0.376139  0.235469  0.351666  0.128942  0.611409  0.256841  0.460061  0.380852  0.022549  0.612738  0.451539  0.133210  0.163129  0.262390  0.140224  0.240975  0.093794  0.129397  0.535471  0.068021  0.660575  0.214303  0.536167  0.079623  0.200089  0.032433  0.160023  0.215862  0.202692  0.131169  0.000000  0.346254  0.142992  0.043678  0.265860  0.045915  0.013880  0.502896  0.082494  0.159517  0.439586  0.234052  0.663843  0.255618  0.194428  0.123760  0.276149  0.045695  0.163915  0.257538  0.280731 
14  0.351088  0.207357  0.432715  0.253166  0.633118  0.380055  0.424408  0.575636  0.313119  0.280684  0.451600  0.106132  0.373398  0.448203 0.0  0.166876  0.755888  0.413752  0.386809  0.139466  0.312069  0.372611  0.377258  0.101778  0.166601  0.416079  0.902742  0.422764  0.785993  0.170376  0.311991  0.828352  0.159974  0.295687  0.361845  0.254694  0.363986  0.403885  0.334646  0.471184  0.637589  0.348412  0.878324  0.430299  0.857896  0.339489  0.480917  0.270215  0.339733  0.543428  0.256624  0.498615  0.406747  0.047454  0.234875  0.366783  0.552403  0.382697  0.288384  0.813259  0.408770  0.379501  0.875005  0.346485  0.899133  0.156687  0.371774  0.520613  0.223266  0.476095  0.353912  0.193458  0.427037 
15  0.377567  0.297673  0.479769  0.326740  0.578792  0.484820  0.475660  0.401927  0.276300  0.293836  0.552201  0.314090  0.300339  0.446356  0.166876 0.0  0.880260  0.324638  0.526811  0.020830  0.342851  0.396962  0.418891  0.203243  0.123441  0.572064  0.853142  0.357902  0.751484  0.245306  0.367328  0.890524  0.151781  0.266691  0.267449  0.277396  0.306129  0.442046  0.292161  0.217416  0.667751  0.399283  0.778184  0.453879  0.822829  0.383686  0.448804  0.350502  0.361669  0.462890  0.154434  0.370473  0.413711  0.000000  0.241617  0.449198  0.535874  0.293955  0.259814  0.810587  0.312800  0.432085  0.752071  0.503724  0.878990  0.308617  0.505696  0.400466  0.234400  0.288712  0.335567  0.196156  0.510963 
16  0.588835  0.662190  0.649535  0.700740  0.346921  0.529449  0.580473  0.475046  0.789598  0.468207  0.533422  0.770457  0.637101  0.429115  0.755888  0.880260 0.0  0.556230  0.573812  0.855756  0.556462  0.854141  0.509897  0.748835  0.853150  0.537261  0.544923  0.781764  0.107766  0.763298  0.580217  0.480897  0.887577  0.452714  0.517858  0.627169  0.515991  0.545540  0.563905  0.735520  0.544081  0.598897  0.153163  0.542192  0.128739  0.475066  0.531931  0.390506  0.509098  0.540944  0.636144  0.495305  0.615348  0.803625  0.650524  0.558623  0.336602  0.538163  0.492142  0.207699  0.475052  0.380373  0.550766  0.452008  0.484026  0.706281  0.539477  0.478427  0.575686  0.589957  0.552357  0.504402  0.533914 
17  0.084033  0.230497  0.047970  0.306904  0.319159  0.095738  0.043557  0.059339  0.404630  0.094953  0.103014  0.314095  0.330577  0.149870  0.413752  0.324638  0.556230 0.0  0.094989  0.393975  0.137592  0.284800  0.106346  0.272820  0.351611  0.023733  0.537396  0.300869  0.582762  0.364380  0.034661  0.524672  0.280799  0.184150  0.129908  0.208891  0.000000  0.131976  0.000000  0.162883  0.380992  0.079777  0.434764  0.105093  0.503678  0.197345  0.127442  0.123237  0.003655  0.048284  0.318254  0.110551  0.200629  0.231184  0.257172  0.154446  0.430590  0.024002  0.102217  0.567880  0.168793  0.122286  0.547704  0.130049  0.538550  0.260888  0.208435  0.034445  0.109369  0.005801  0.132018  0.314184  0.041271 
18  0.054728  0.275577  0.103138  0.387778  0.271310  0.141588  0.173814  0.144764  0.286935  0.000000  0.199870  0.510742  0.250352  0.129482  0.386809  0.526811  0.573812  0.094989 0.0  0.431540  0.095778  0.215684  0.116907  0.236222  0.479332  0.147737  0.653041  0.239247  0.439658  0.455025  0.119612  0.695140  0.563030  0.201620  0.069272  0.335169  0.131045  0.117063  0.100930  0.084337  0.489302  0.104809  0.520412  0.148780  0.460962  0.039564  0.288228  0.000000  0.137058  0.187115  0.307774  0.214612  0.154453  0.388055  0.311747  0.000000  0.296139  0.140281  0.048760  0.558340  0.148692  0.127558  0.474584  0.205699  0.617299  0.314405  0.247260  0.264950  0.288282  0.149673  0.169170  0.195387  0.253689 
19  0.496848  0.290092  0.353878  0.351429  0.534410  0.433700  0.377349  0.339542  0.333500  0.357143  0.325720  0.206030  0.394142  0.446256  0.139466  0.020830  0.855756  0.393975  0.431540 0.0  0.469177  0.409423  0.470941  0.384705  0.167457  0.451979  0.758318  0.289404  0.845449  0.178282  0.409595  0.809155  0.206328  0.325150  0.425230  0.294687  0.417055  0.391861  0.368811  0.414756  0.769164  0.441493  0.770627  0.422139  0.752125  0.352149  0.388243  0.386620  0.384659  0.463286  0.303180  0.310282  0.433917  0.062148  0.215100  0.407394  0.602387  0.314824  0.461540  0.778215  0.414685  0.398874  0.862859  0.319324  0.844682  0.294789  0.352521  0.433369  0.201849  0.368442  0.393179  0.292120  0.328276 
20  0.184754  0.213976  0.150274  0.373400  0.313028  0.203185  0.070061  0.079055  0.327130  0.161214  0.068915  0.298784  0.361286  0.013022  0.312069  0.342851  0.556462  0.137592  0.095778  0.469177 0.0  0.388421  0.011100  0.285076  0.310849  0.060457  0.485443  0.328291  0.608000  0.342020  0.041120  0.456094  0.289968  0.000000  0.159436  0.224366  0.064361  0.069221  0.098639  0.095222  0.458659  0.024174  0.416429  0.210291  0.616469  0.000000  0.023733  0.064867  0.102273  0.068383  0.222424  0.064143  0.146541  0.343258  0.235224  0.000000  0.288862  0.182198  0.052182  0.558412  0.200111  0.169345  0.516287  0.150737  0.392473  0.221838  0.162425  0.115371  0.251878  0.050750  0.170478  0.362095  0.080269 
21  0.364743  0.318865  0.430968  0.200525  0.567316  0.297663  0.281012  0.273271  0.049765  0.301227  0.430783  0.328642  0.076134  0.333603  0.372611  0.396962  0.854141  0.284800  0.215684  0.409423  0.388421 0.0  0.346620  0.320553  0.301300  0.313164  0.805337  0.170237  0.785189  0.262841  0.417174  0.776711  0.326140  0.221061  0.318022  0.276015  0.378621  0.323078  0.419267  0.446589  0.775069  0.382168  0.714485  0.349914  0.809271  0.338295  0.304640  0.295136  0.390871  0.358028  0.318998  0.311085  0.324931  0.301309  0.236403  0.372794  0.582626  0.375070  0.309309  0.707362  0.371309  0.399418  0.867144  0.314940  0.751165  0.260122  0.301765  0.366646  0.330492  0.412797  0.372760  0.344131  0.389226 
22  0.067366  0.292189  0.134262  0.341245  0.350875  0.230656  0.202900  0.217716  0.307517  0.043337  0.140547  0.426705  0.320887  0.376139  0.377258  0.418891  0.509897  0.106346  0.116907  0.470941  0.011100  0.346620 0.0  0.235640  0.435806  0.267373  0.594815  0.473973  0.353924  0.524694  0.112928  0.654660  0.475539  0.094674  0.145607  0.200301  0.116198  0.099389  0.118328  0.000000  0.429883  0.057816  0.607424  0.102288  0.499806  0.034740  0.197172  0.042772  0.124766  0.192030  0.149059  0.143103  0.034397  0.326763  0.295838  0.007485  0.348030  0.108139  0.053876  0.558926  0.002938  0.202703  0.428438  0.273901  0.672894  0.309760  0.141299  0.216551  0.265335  0.038513  0.216526  0.263751  0.278724 
23  0.308061  0.305513  0.383968  0.252612  0.564882  0.356507  0.194773  0.301652  0.332818  0.237222  0.310951  0.224042  0.280630  0.235469  0.101778  0.203243  0.748835  0.272820  0.236222  0.384705  0.285076  0.320553  0.235640 0.0  0.267961  0.239127  0.602963  0.189021  0.727852  0.298005  0.219547  0.636852  0.238790  0.173482  0.178418  0.262911  0.248654  0.251473  0.306772  0.325990  0.680647  0.324163  0.700336  0.288753  0.745713  0.325246  0.256632  0.355335  0.198688  0.245187  0.212784  0.269919  0.304758  0.272475  0.234246  0.259241  0.499937  0.281291  0.329323  0.673826  0.226847  0.285636  0.716364  0.248803  0.681375  0.257131  0.240405  0.253503  0.245023  0.176943  0.249565  0.277984  0.203817 
24  0.288644  0.368037  0.418975  0.362694  0.570677  0.462903  0.552688  0.401555  0.310299  0.310839  0.383195  0.214194  0.384886  0.351666  0.166601  0.123441  0.853150  0.351611  0.479332  0.167457  0.310849  0.301300  0.435806  0.267961 0.0  0.538916  0.917688  0.338057  0.792595  0.236011  0.391504  0.744607  0.194026  0.342385  0.410399  0.254322  0.359191  0.411592  0.450033  0.339308  0.736780  0.356071  0.917881  0.435235  0.854757  0.360939  0.451374  0.420938  0.445472  0.470306  0.225221  0.463313  0.377055  0.024792  0.339754  0.379363  0.550572  0.319182  0.360488  0.876133  0.414178  0.545550  0.621164  0.407571  0.886142  0.261877  0.525464  0.487749  0.304372  0.350799  0.416494  0.264962  0.505841 
25  0.049204  0.361288  0.158609  0.259894  0.224379  0.225476  0.290942  0.263313  0.311513  0.092457  0.194142  0.473766  0.334103  0.128942  0.416079  0.572064  0.537261  0.023733  0.147737  0.451979  0.060457  0.313164  0.267373  0.239127  0.538916 0.0  0.535270  0.290182  0.433178  0.433516  0.027478  0.699056  0.413548  0.166228  0.101098  0.267240  0.072295  0.197669  0.107725  0.006662  0.617589  0.031664  0.604440  0.152832  0.539019  0.246953  0.236607  0.117604  0.107043  0.215493  0.218379  0.206507  0.142559  0.325871  0.244314  0.168578  0.224770  0.094915  0.119640  0.432360  0.226764  0.262074  0.400429  0.255453  0.593148  0.251871  0.086361  0.288079  0.153494  0.134251  0.163513  0.240282  0.106695 
26  0.446340  0.628898  0.551630  0.705355  0.355769  0.560411  0.678648  0.593950  0.759635  0.389481  0.649438  0.885545  0.722710  0.611409  0.902742  0.853142  0.544923  0.537396  0.653041  0.758318  0.485443  0.805337  0.594815  0.602963  0.917688  0.535270 0.0  0.778721  0.532320  0.793011  0.480950  0.106013  0.786306  0.404224  0.481037  0.699588  0.466751  0.641222  0.444144  0.480397  0.084273  0.416605  0.621048  0.625046  0.444948  0.362188  0.582085  0.495539  0.535788  0.621965  0.644118  0.641104  0.430105  0.788620  0.667939  0.450177  0.299302  0.428668  0.384336  0.485790  0.577397  0.634906  0.069195  0.599658  0.219463  0.623821  0.578752  0.544709  0.582124  0.360469  0.533537  0.671408  0.579901 
27  0.304070  0.230270  0.437027  0.276398  0.646553  0.256643  0.389131  0.440629  0.000000  0.227664  0.406661  0.286298  0.184845  0.256841  0.422764  0.357902  0.781764  0.300869  0.239247  0.289404  0.328291  0.170237  0.473973  0.189021  0.338057  0.290182  0.778721 0.0  0.723690  0.269636  0.385336  0.779746  0.353794  0.421866  0.401822  0.301890  0.374125  0.363294  0.401374  0.380124  0.769183  0.294589  0.731125  0.331914  0.769936  0.198520  0.339358  0.279665  0.348896  0.359383  0.298672  0.370514  0.420948  0.269459  0.245894  0.387351  0.618271  0.257838  0.204758  0.675356  0.361185  0.303956  0.812677  0.279643  0.793160  0.264373  0.309587  0.314663  0.250741  0.270087  0.516691  0.168490  0.273586 
28  0.592800  0.611330  0.508497  0.691044  0.455219  0.531401  0.513969  0.391360  0.877384  0.465015  0.445544  0.722905  0.731421  0.460061  0.785993  0.751484  0.107766  0.582762  0.439658  0.845449  0.608000  0.785189  0.353924  0.727852  0.792595  0.433178  0.532320  0.723690 0.0  0.687626  0.614012  0.445924  0.775653  0.583535  0.374337  0.671831  0.534709  0.431530  0.407122  0.571201  0.504081  0.379203  0.107981  0.472384  0.175426  0.564534  0.465050  0.461909  0.517752  0.405139  0.624313  0.471199  0.588462  0.705159  0.775216  0.460001  0.378847  0.533365  0.455746  0.144945  0.460604  0.449582  0.540459  0.576444  0.478163  0.657780  0.557899  0.428629  0.728681  0.572624  0.575713  0.711747  0.434305 
29  0.357025  0.255376  0.329370  0.440415  0.684297  0.522872  0.503624  0.549493  0.366594  0.298878  0.453841  0.144731  0.403845  0.380852  0.170376  0.245306  0.763298  0.364380  0.455025  0.178282  0.342020  0.262841  0.524694  0.298005  0.236011  0.433516  0.793011  0.269636  0.687626 0.0  0.364275  0.790204  0.209942  0.328873  0.444824  0.232821  0.175161  0.475865  0.320228  0.360783  0.718413  0.326257  0.864807  0.375953  0.723926  0.426318  0.545383  0.350994  0.354109  0.479035  0.304282  0.371625  0.400387  0.053770  0.257113  0.323159  0.688713  0.330541  0.410305  0.808118  0.292843  0.448955  0.687533  0.418522  1.000000  0.259982  0.510614  0.596933  0.218555  0.252625  0.350810  0.213423  0.498003 
30  0.061796  0.314553  0.128800  0.352719  0.206041  0.096516  0.055638  0.049369  0.454343  0.098484  0.138234  0.400050  0.366437  0.022549  0.311991  0.367328  0.580217  0.034661  0.119612  0.409595  0.041120  0.417174  0.112928  0.219547  0.391504  0.027478  0.480950  0.385336  0.614012  0.364275 0.0  0.420108  0.356547  0.218938  0.094915  0.332546  0.084314  0.086414  0.110436  0.213804  0.573230  0.139797  0.528161  0.071764  0.527319  0.173299  0.012189  0.023992  0.000000  0.100030  0.310721  0.021038  0.146151  0.289300  0.284409  0.094442  0.372092  0.031491  0.064053  0.521234  0.082193  0.114729  0.469804  0.092230  0.464399  0.303947  0.143826  0.051913  0.219864  0.082079  0.100423  0.387135  0.042205 
31  0.428498  0.557675  0.540862  0.753220  0.299060  0.669409  0.735887  0.588335  0.739039  0.517566  0.543134  0.836470  0.784049  0.612738  0.828352  0.890524  0.480897  0.524672  0.695140  0.809155  0.456094  0.776711  0.654660  0.636852  0.744607  0.699056  0.106013  0.779746  0.445924  0.790204  0.420108 0.0  0.958812  0.532223  0.433086  0.664465  0.572163  0.594854  0.477213  0.474135  0.139688  0.523960  0.534399  0.593385  0.594480  0.462479  0.694667  0.456488  0.470832  0.622253  0.659927  0.553806  0.567673  0.788437  0.597211  0.361804  0.319784  0.430124  0.414555  0.488101  0.584671  0.545465  0.046093  0.539461  0.220941  0.734180  0.655769  0.680358  0.708574  0.483219  0.500988  0.548124  0.592167 
32  0.375264  0.188035  0.330673  0.348974  0.589450  0.353061  0.499336  0.446883  0.289009  0.389050  0.521235  0.126819  0.285974  0.451539  0.159974  0.151781  0.887577  0.280799  0.563030  0.206328  0.289968  0.326140  0.475539  0.238790  0.194026  0.413548  0.786306  0.353794  0.775653  0.209942  0.356547  0.958812 0.0  0.351380  0.314318  0.224177  0.373991  0.434624  0.393079  0.237454  0.632920  0.318651  0.934475  0.452772  0.897406  0.290582  0.553786  0.345277  0.371472  0.550349  0.202639  0.496503  0.381895  0.170237  0.376327  0.345813  0.476447  0.323590  0.241030  0.708515  0.434717  0.525413  0.794874  0.514307  0.872167  0.214706  0.514174  0.505090  0.182732  0.339431  0.474431  0.291541  0.467079 
33  0.081090  0.207867  0.100341  0.408455  0.290167  0.126888  0.105600  0.157757  0.422331  0.000000  0.178131  0.203103  0.280338  0.133210  0.295687  0.266691  0.452714  0.184150  0.201620  0.325150  0.000000  0.221061  0.094674  0.173482  0.342385  0.166228  0.404224  0.421866  0.583535  0.328873  0.218938  0.532223  0.351380 0.0  0.100104  0.258249  0.114764  0.058123  0.120897  0.169988  0.340998  0.000000  0.465343  0.129259  0.454384  0.159249  0.151106  0.056820  0.003556  0.085470  0.329392  0.044815  0.167645  0.269139  0.201721  0.052829  0.314849  0.129436  0.168314  0.586491  0.136516  0.174823  0.578549  0.017859  0.466624  0.320632  0.118975  0.181360  0.246767  0.029690  0.122006  0.251467  0.000000 
34  0.223386  0.223536  0.057323  0.356762  0.237132  0.064689  0.000000  0.086299  0.197641  0.191138  0.091429  0.234668  0.378109  0.163129  0.361845  0.267449  0.517858  0.129908  0.069272  0.425230  0.159436  0.318022  0.145607  0.178418  0.410399  0.101098  0.481037  0.401822  0.374337  0.444824  0.094915  0.433086  0.314318  0.100104 0.0  0.347887  0.145573  0.126778  0.122562  0.056755  0.527269  0.137983  0.433849  0.083470  0.614968  0.110713  0.081054  0.229343  0.102533  0.114085  0.271374  0.100920  0.200666  0.532667  0.263751  0.195688  0.274683  0.062741  0.204027  0.517474  0.204385  0.083853  0.648443  0.046987  0.525401  0.253114  0.139514  0.000000  0.290459  0.207351  0.167142  0.274381  0.047957 
35  0.357466  0.280949  0.206167  0.126722  0.415044  0.271333  0.144252  0.257835  0.318406  0.231434  0.170769  0.259602  0.284965  0.262390  0.254694  0.277396  0.627169  0.208891  0.335169  0.294687  0.224366  0.276015  0.200301  0.262911  0.254322  0.267240  0.699588  0.301890  0.671831  0.232821  0.332546  0.664465  0.224177  0.258249  0.347887 0.0  0.274996  0.296073  0.293012  0.293706  0.562127  0.228269  0.725998  0.371260  0.701455  0.236243  0.225091  0.288571  0.204672  0.262899  0.292886  0.125575  0.284741  0.287812  0.136796  0.135380  0.518784  0.294697  0.327538  0.634631  0.221739  0.231624  0.639655  0.467518  0.658089  0.239734  0.240063  0.214956  0.251920  0.218950  0.260925  0.238387  0.286170 
36  0.278737  0.269603  0.183636  0.443552  0.378052  0.048190  0.107816  0.087038  0.291691  0.251239  0.067245  0.336337  0.303666  0.140224  0.363986  0.306129  0.515991  0.000000  0.131045  0.417055  0.064361  0.378621  0.116198  0.248654  0.359191  0.072295  0.466751  0.374125  0.534709  0.175161  0.084314  0.572163  0.373991  0.114764  0.145573  0.274996 0.0  0.100984  0.281487  0.000000  0.653409  0.205512  0.431564  0.126361  0.534279  0.131243  0.123279  0.203516  0.106755  0.000000  0.262666  0.083399  0.107038  0.494264  0.262059  0.202380  0.228800  0.051878  0.241188  0.515374  0.185051  0.000000  0.587366  0.025690  0.528217  0.284463  0.073268  0.072115  0.299932  0.267577  0.110038  0.262938  0.000000 
37  0.058788  0.244591  0.179910  0.443481  0.283088  0.287372  0.270912  0.245804  0.340140  0.073268  0.117895  0.544847  0.263684  0.240975  0.403885  0.442046  0.545540  0.131976  0.117063  0.391861  0.069221  0.323078  0.099389  0.251473  0.411592  0.197669  0.641222  0.363294  0.431530  0.475865  0.086414  0.594854  0.434624  0.058123  0.126778  0.296073  0.100984 0.0  0.099277  0.164046  0.491197  0.020368  0.553777  0.151567  0.707941  0.072152  0.258956  0.139631  0.064566  0.194683  0.360909  0.175752  0.143631  0.347870  0.298277  0.138286  0.254043  0.000650  0.103356  0.523002  0.022526  0.276516  0.535351  0.227007  0.608878  0.284692  0.208420  0.216136  0.267030  0.150459  0.142239  0.262363  0.256790 
38  0.229197  0.375423  0.123157  0.313627  0.425439  0.110893  0.090817  0.041320  0.246047  0.229064  0.070674  0.366618  0.223360  0.093794  0.334646  0.292161  0.563905  0.000000  0.100930  0.368811  0.098639  0.419267  0.118328  0.306772  0.450033  0.107725  0.444144  0.401374  0.407122  0.320228  0.110436  0.477213  0.393079  0.120897  0.122562  0.293012  0.281487  0.099277 0.0  0.092468  0.545231  0.253005  0.368216  0.097885  0.545843  0.113069  0.042158  0.220555  0.163272  0.031919  0.225765  0.107972  0.193682  0.359038  0.264883  0.192779  0.296509  0.085813  0.212957  0.562655  0.134714  0.099280  0.587954  0.169648  0.381823  0.243196  0.003971  0.045705  0.200607  0.150352  0.092769  0.255325  0.107342 
39  0.112682  0.297545  0.203698  0.398516  0.412172  0.041419  0.093223  0.037318  0.428845  0.075233  0.071271  0.382726  0.330974  0.129397  0.471184  0.217416  0.735520  0.162883  0.084337  0.414756  0.095222  0.446589  0.000000  0.325990  0.339308  0.006662  0.480397  0.380124  0.571201  0.360783  0.213804  0.474135  0.237454  0.169988  0.056755  0.293706  0.000000  0.164046  0.092468 0.0  0.479676  0.096744  0.496737  0.153075  0.619094  0.251761  0.081108  0.133229  0.125274  0.146565  0.300506  0.178689  0.210697  0.395438  0.195090  0.139140  0.250472  0.159784  0.019859  0.535573  0.232227  0.189311  0.378112  0.105057  0.543520  0.273433  0.100492  0.179447  0.207318  0.116848  0.151707  0.279672  0.059085 
40  0.615783  0.611192  0.435160  0.763711  0.359423  0.450035  0.454101  0.509383  0.772101  0.604152  0.428844  0.759234  0.696605  0.535471  0.637589  0.667751  0.544081  0.380992  0.489302  0.769164  0.458659  0.775069  0.429883  0.680647  0.736780  0.617589  0.084273  0.769183  0.504081  0.718413  0.573230  0.139688  0.632920  0.340998  0.527269  0.562127  0.653409  0.491197  0.545231  0.479676 0.0  0.666787  0.325434  0.510176  0.514461  0.441544  0.521661  0.629360  0.554349  0.554376  0.593375  0.490668  0.580520  0.899404  0.680197  0.670086  0.326054  0.596680  0.604951  0.554461  0.524445  0.518221  0.237779  0.471248  0.008463  0.579489  0.521566  0.549222  0.734823  0.638941  0.645598  0.753050  0.396076 
41  0.202891  0.245909  0.059948  0.345398  0.359518  0.181665  0.113366  0.091639  0.315593  0.206023  0.037576  0.297233  0.350019  0.068021  0.348412  0.399283  0.598897  0.079777  0.104809  0.441493  0.024174  0.382168  0.057816  0.324163  0.356071  0.031664  0.416605  0.294589  0.379203  0.326257  0.139797  0.523960  0.318651  0.000000  0.137983  0.228269  0.205512  0.020368  0.253005  0.096744  0.666787 0.0  0.347230  0.146517  0.645225  0.025561  0.079191  0.153677  0.263270  0.096560  0.176070  0.008195  0.209324  0.486867  0.342527  0.205439  0.390832  0.000000  0.210119  0.584853  0.224663  0.026522  0.641346  0.000000  0.577182  0.277834  0.056277  0.000000  0.310547  0.197938  0.143169  0.283922  0.098702 
42  0.436355  0.680873  0.424864  0.811122  0.318408  0.668468  0.715288  0.674741  0.724504  0.473833  0.621393  0.891616  0.793349  0.660575  0.878324  0.778184  0.153163  0.434764  0.520412  0.770627  0.416429  0.714485  0.607424  0.700336  0.917881  0.604440  0.621048  0.731125  0.107981  0.864807  0.528161  0.534399  0.934475  0.465343  0.433849  0.725998  0.431564  0.553777  0.368216  0.496737  0.325434  0.347230 0.0  0.544583  0.075231  0.425074  0.681326  0.451955  0.578710  0.553159  0.661005  0.647389  0.524425  0.641691  0.604986  0.497170  0.274294  0.354712  0.472151  0.181841  0.676518  0.674011  0.474774  0.687942  0.661490  0.712243  0.578794  0.632246  0.656226  0.431526  0.538116  0.614004  0.604334 
43  0.195051  0.308925  0.146358  0.347737  0.370379  0.199111  0.100247  0.090282  0.307000  0.260764  0.159325  0.466431  0.439904  0.214303  0.430299  0.453879  0.542192  0.105093  0.148780  0.422139  0.210291  0.349914  0.102288  0.288753  0.435235  0.152832  0.625046  0.331914  0.472384  0.375953  0.071764  0.593385  0.452772  0.129259  0.083470  0.371260  0.126361  0.151567  0.097885  0.153075  0.510176  0.146517  0.544583 0.0  0.465602  0.100945  0.137139  0.076767  0.157056  0.199441  0.275572  0.172202  0.124049  0.410407  0.229705  0.117971  0.296232  0.096268  0.116888  0.475028  0.220704  0.135664  0.488491  0.026742  0.540920  0.246377  0.144458  0.152362  0.175152  0.154834  0.146561  0.354945  0.088647 
44  0.485667  0.654665  0.538295  0.797392  0.312780  0.541263  0.516887  0.559797  0.780973  0.450041  0.610560  0.712635  0.814856  0.536167  0.857896  0.822829  0.128739  0.503678  0.460962  0.752125  0.616469  0.809271  0.499806  0.745713  0.854757  0.539019  0.444948  0.769936  0.175426  0.723926  0.527319  0.594480  0.897406  0.454384  0.614968  0.701455  0.534279  0.707941  0.545843  0.619094  0.514461  0.645225  0.075231  0.465602 0.0  0.547215  0.571464  0.552893  0.535236  0.493982  0.619673  0.596095  0.455193  0.765781  0.590610  0.556649  0.329553  0.483262  0.599522  0.196120  0.520416  0.489194  0.539802  0.605906  0.623286  0.699966  0.519967  0.553808  0.677897  0.551364  0.524156  0.702562  0.559417 
45  0.030385  0.300032  0.121152  0.325670  0.244686  0.058826  0.075390  0.130188  0.470187  0.087382  0.000000  0.409032  0.373967  0.079623  0.339489  0.383686  0.475066  0.197345  0.039564  0.352149  0.000000  0.338295  0.034740  0.325246  0.360939  0.246953  0.362188  0.198520  0.564534  0.426318  0.173299  0.462479  0.290582  0.159249  0.110713  0.236243  0.131243  0.072152  0.113069  0.251761  0.441544  0.025561  0.425074  0.100945  0.547215 0.0  0.085542  0.097889  0.075593  0.069875  0.347258  0.123906  0.167187  0.304914  0.293707  0.054862  0.388228  0.000000  0.080113  0.558785  0.101749  0.016426  0.400560  0.129740  0.507786  0.220050  0.157830  0.106726  0.309572  0.156191  0.051870  0.339319  0.000000 
46  0.168352  0.256421  0.118175  0.302632  0.396115  0.225551  0.113093  0.124293  0.367458  0.133738  0.264975  0.552013  0.323099  0.200089  0.480917  0.448804  0.531931  0.127442  0.288228  0.388243  0.023733  0.304640  0.197172  0.256632  0.451374  0.236607  0.582085  0.339358  0.465050  0.545383  0.012189  0.694667  0.553786  0.151106  0.081054  0.225091  0.123279  0.258956  0.042158  0.081108  0.521661  0.079191  0.681326  0.137139  0.571464  0.085542 0.0  0.004652  0.066108  0.135604  0.123736  0.276245  0.117009  0.359812  0.345578  0.071025  0.331293  0.056757  0.000000  0.500061  0.042321  0.155059  0.416511  0.249183  0.639996  0.289402  0.223076  0.156954  0.236668  0.101719  0.165293  0.222298  0.220953 
47  0.197981  0.279177  0.070360  0.313230  0.491388  0.181032  0.146073  0.184982  0.349080  0.211071  0.090012  0.343447  0.329626  0.032433  0.270215  0.350502  0.390506  0.123237  0.000000  0.386620  0.064867  0.295136  0.042772  0.355335  0.420938  0.117604  0.495539  0.279665  0.461909  0.350994  0.023992  0.456488  0.345277  0.056820  0.229343  0.288571  0.203516  0.139631  0.220555  0.133229  0.629360  0.153677  0.451955  0.076767  0.552893  0.097889  0.004652 0.0  0.228736  0.000000  0.276021  0.057295  0.171495  0.438427  0.288675  0.179224  0.291277  0.141527  0.187506  0.423857  0.158050  0.203264  0.595709  0.063381  0.440957  0.277656  0.095888  0.101276  0.381475  0.184079  0.228334  0.239279  0.120684 
48  0.261542  0.215706  0.124269  0.409407  0.277573  0.009630  0.047032  0.122228  0.363044  0.098614  0.055020  0.299019  0.369044  0.160023  0.339733  0.361669  0.509098  0.003655  0.137058  0.384659  0.102273  0.390871  0.124766  0.198688  0.445472  0.107043  0.535788  0.348896  0.517752  0.354109  0.000000  0.470832  0.371472  0.003556  0.102533  0.204672  0.106755  0.064566  0.163272  0.125274  0.554349  0.263270  0.578710  0.157056  0.535236  0.075593  0.066108  0.228736 0.0  0.085331  0.251320  0.104045  0.116395  0.503501  0.267244  0.185646  0.418144  0.147345  0.164107  0.533903  0.130330  0.000000  0.667170  0.129466  0.495342  0.234053  0.054746  0.141347  0.287653  0.255631  0.058272  0.284472  0.099135 
49  0.046441  0.182171  0.144405  0.369076  0.292510  0.196385  0.190964  0.202138  0.376242  0.074065  0.186599  0.547982  0.269801  0.215862  0.543428  0.462890  0.540944  0.048284  0.187115  0.463286  0.068383  0.358028  0.192030  0.245187  0.470306  0.215493  0.621965  0.359383  0.405139  0.479035  0.100030  0.622253  0.550349  0.085470  0.114085  0.262899  0.000000  0.194683  0.031919  0.146565  0.554376  0.096560  0.553159  0.199441  0.493982  0.069875  0.135604  0.000000  0.085331 0.0  0.285545  0.192709  0.225457  0.363073  0.256988  0.066944  0.225587  0.013827  0.002385  0.647613  0.200522  0.190197  0.433709  0.184545  0.672293  0.254631  0.155299  0.110504  0.225511  0.151821  0.186751  0.180778  0.205797 
50  0.322714  0.291108  0.288523  0.345948  0.506671  0.249247  0.213488  0.260331  0.299409  0.135071  0.257105  0.340444  0.211754  0.202692  0.256624  0.154434  0.636144  0.318254  0.307774  0.303180  0.222424  0.318998  0.149059  0.212784  0.225221  0.218379  0.644118  0.298672  0.624313  0.304282  0.310721  0.659927  0.202639  0.329392  0.271374  0.292886  0.262666  0.360909  0.225765  0.300506  0.593375  0.176070  0.661005  0.275572  0.619673  0.347258  0.123736  0.276021  0.251320  0.285545 0.0  0.258600  0.180073  0.277032  0.259129  0.292883  0.479682  0.284015  0.235236  0.661643  0.266031  0.321729  0.704972  0.282791  0.646001  0.193732  0.185718  0.325256  0.236986  0.262848  0.331720  0.273448  0.227738 
51  0.077369  0.245152  0.142956  0.321416  0.386635  0.189047  0.210101  0.179213  0.173262  0.185617  0.251031  0.476080  0.282958  0.131169  0.498615  0.370473  0.495305  0.110551  0.214612  0.310282  0.064143  0.311085  0.143103  0.269919  0.463313  0.206507  0.641104  0.370514  0.471199  0.371625  0.021038  0.553806  0.496503  0.044815  0.100920  0.125575  0.083399  0.175752  0.107972  0.178689  0.490668  0.008195  0.647389  0.172202  0.596095  0.123906  0.276245  0.057295  0.104045  0.192709  0.258600 0.0  0.117957  0.321801  0.288291  0.061147  0.279799  0.151080  0.137131  0.596797  0.122640  0.243710  0.413520  0.071898  0.563156  0.261022  0.090616  0.327330  0.228836  0.000000  0.133158  0.278033  0.160017 
52  0.037003  0.244035  0.195603  0.513882  0.303635  0.121431  0.303813  0.052611  0.481178  0.177010  0.146264  0.284954  0.220335  0.000000  0.406747  0.413711  0.615348  0.200629  0.154453  0.433917  0.146541  0.324931  0.034397  0.304758  0.377055  0.142559  0.430105  0.420948  0.588462  0.400387  0.146151  0.567673  0.381895  0.167645  0.200666  0.284741  0.107038  0.143631  0.193682  0.210697  0.580520  0.209324  0.524425  0.124049  0.455193  0.167187  0.117009  0.171495  0.116395  0.225457  0.180073  0.117957 0.0  0.484819  0.253868  0.152081  0.336222  0.145562  0.122816  0.442993  0.178758  0.180648  0.500198  0.000000  0.600430  0.256393  0.140148  0.170595  0.280941  0.146884  0.113148  0.251219  0.147780 
53  0.422289  0.387076  0.467409  0.342552  0.569751  0.215790  0.316099  0.214574  0.322250  0.422340  0.335295  0.000000  0.230760  0.346254  0.047454  0.000000  0.803625  0.231184  0.388055  0.062148  0.343258  0.301309  0.326763  0.272475  0.024792  0.325871  0.788620  0.269459  0.705159  0.053770  0.289300  0.788437  0.170237  0.269139  0.532667  0.287812  0.494264  0.347870  0.359038  0.395438  0.899404  0.486867  0.641691  0.410407  0.765781  0.304914  0.359812  0.438427  0.503501  0.363073  0.277032  0.321801  0.484819 0.0  0.193769  0.451389  0.604078  0.337524  0.426770  0.869611  0.378108  0.365683  0.844153  0.388136  0.811284  0.256019  0.277240  0.305316  0.297270  0.506368  0.386613  0.377917  0.348443 
