73
0 0.0  0.485066  0.529738  0.516085  0.395338  0.501745  0.406993  0.385019  0.451775  0.484484  0.560944  0.586880  0.518895  0.633539  0.488868  0.451152  0.507802  0.455055  0.528999  0.585635  0.482465  0.515065  0.439930  0.454865  0.570262  0.475279  0.599426  0.545735  0.415259  0.483616  0.476107  0.508592  0.524221  0.423270  0.379554  0.588468  0.424058  0.488715  0.455569  0.562427  0.560366  0.496552  0.513512  0.526382  0.481355  0.504302  0.387404  0.405086  0.458445  0.445430  0.432912  0.413269  0.596086  0.505214  0.475387  0.446288  0.602861  0.558056  0.374984  0.538192  0.485869  0.510136  0.553898  0.477512  0.609826  0.500445  0.445452  0.448092  0.639106  0.403000  0.481601  0.539588  0.621582 
1  0.485066 0.0  0.079437  0.226693  0.306538  0.827135  0.341987  0.063377  0.068135  0.295349  0.071657  0.119281  0.141558  0.307584  0.512058  0.178071  0.354153  0.419397  0.010233  0.181744  0.178538  0.171576  0.202944  0.272042  0.110260  0.158947  0.490860  0.142419  0.265746  0.376952  0.106935  0.618467  0.132753  0.123420  0.304698  0.106940  0.098872  0.611164  0.133991  0.374259  0.496679  0.000000  0.103353  0.469282  0.397793  0.678398  0.051004  0.324878  0.349614  0.614572  0.409950  0.340981  0.036050  0.077827  0.000000  0.299562  0.118708  0.105478  0.270146  0.070863  0.393843  0.348756  0.319672  0.375455  0.024581  0.670456  0.186252  0.569125  0.222267  0.406890  0.264216  0.090145  0.000000 
2  0.529738  0.079437 0.0  0.046100  0.400569  0.813502  0.510338  0.130545  0.169749  0.439420  0.162814  0.051188  0.126324  0.483526  0.501342  0.053784  0.383551  0.399259  0.156644  0.192983  0.194892  0.061010  0.007753  0.199355  0.301140  0.192118  0.587442  0.034344  0.340544  0.244056  0.216517  0.610288  0.184438  0.223618  0.322564  0.127119  0.129832  0.536201  0.027609  0.350679  0.601534  0.318680  0.246678  0.502430  0.410475  0.587840  0.165563  0.499918  0.316943  0.719591  0.508298  0.466103  0.213964  0.000000  0.113466  0.432930  0.049197  0.088824  0.071433  0.000000  0.308268  0.447093  0.056820  0.486455  0.133424  0.427591  0.109247  0.680777  0.332591  0.330223  0.298696  0.131401  0.015244 
3  0.516085  0.226693  0.046100 0.0  0.334549  0.736721  0.431915  0.167300  0.125135  0.456888  0.067818  0.231622  0.177777  0.367993  0.500592  0.248515  0.401063  0.390224  0.208414  0.143035  0.114237  0.181811  0.068251  0.242266  0.031949  0.094270  0.546937  0.099383  0.522374  0.287260  0.101161  0.641073  0.082474  0.120384  0.493037  0.077110  0.066920  0.534966  0.237641  0.408294  0.564571  0.084886  0.265678  0.520327  0.539047  0.521771  0.197854  0.427179  0.330654  0.550702  0.371900  0.399515  0.188582  0.179821  0.163062  0.462138  0.022742  0.085331  0.148489  0.142861  0.447680  0.431663  0.128781  0.411010  0.123812  0.567172  0.124876  0.621993  0.317124  0.380812  0.257830  0.111009  0.124204 
4  0.395338  0.306538  0.400569  0.334549 0.0  0.842263  0.221409  0.456841  0.435484  0.090438  0.470399  0.411772  0.397148  0.661866  0.809380  0.399117  0.131603  0.470247  0.413879  0.404542  0.496091  0.413911  0.497768  0.255547  0.507871  0.341705  0.861024  0.357950  0.425054  0.272438  0.483466  0.820554  0.437489  0.331246  0.459035  0.532966  0.426945  0.875413  0.367221  0.406435  0.932470  0.290766  0.445723  0.770593  0.311705  0.838389  0.412362  0.143427  0.272342  0.809207  0.035551  0.645256  0.479255  0.401134  0.427000  0.053637  0.443968  0.492403  0.499548  0.349742  0.237556  0.141836  0.368891  0.233622  0.363927  0.854684  0.359452  0.953770  0.283004  0.165511  0.284406  0.347292  0.497783 
5  0.501745  0.827135  0.813502  0.736721  0.842263 0.0  0.738391  0.742646  0.726852  0.658080  0.720029  0.770666  0.776370  0.557373  0.311757  0.655814  0.696543  0.738366  0.625246  0.743266  0.655666  0.713426  0.793792  0.703446  0.705565  0.673836  0.191788  0.699699  0.726519  0.699659  0.749585  0.665980  0.650389  0.801948  0.738740  0.664583  0.758656  0.143263  0.776578  0.661365  0.641954  0.675739  0.827287  0.777089  0.708062  0.690525  0.715127  0.795023  0.667793  0.619174  0.756636  0.550777  0.702576  0.728255  0.707407  0.649640  0.795424  0.651966  0.672962  0.698360  0.722304  0.641866  0.704669  0.697425  0.709677  0.606292  0.737339  0.750925  0.718832  0.748059  0.814981  0.682654  0.689044 
6  0.406993  0.341987  0.510338  0.431915  0.221409  0.738391 0.0  0.498970  0.533877  0.196235  0.469484  0.437912  0.388215  0.597023  0.706094  0.398470  0.169009  0.366301  0.452814  0.447063  0.480018  0.332380  0.406128  0.292276  0.504332  0.490132  0.918310  0.338618  0.394750  0.278485  0.261361  0.731932  0.482832  0.432019  0.414837  0.418427  0.426168  0.763258  0.294982  0.311366  0.975723  0.399565  0.513663  0.811605  0.439146  0.918149  0.449631  0.133614  0.303152  0.783769  0.196011  0.632520  0.448750  0.296597  0.449311  0.228360  0.364560  0.378208  0.353568  0.350978  0.185222  0.211989  0.357826  0.217956  0.445568  0.769478  0.355472  0.975831  0.251693  0.065674  0.308903  0.465649  0.326498 
7  0.385019  0.063377  0.130545  0.167300  0.456841  0.742646  0.498970 0.0  0.232586  0.542773  0.218795  0.095647  0.165694  0.257646  0.461319  0.048623  0.378263  0.286124  0.226246  0.233665  0.228491  0.083919  0.161247  0.366373  0.147857  0.000000  0.805491  0.225282  0.379261  0.207453  0.118773  0.560373  0.154473  0.212710  0.371059  0.158663  0.206887  0.596805  0.025738  0.410126  0.637269  0.130381  0.267321  0.432970  0.369697  0.527025  0.000000  0.621416  0.224977  0.657786  0.508000  0.309446  0.158926  0.083109  0.195637  0.448076  0.191846  0.045053  0.041390  0.045416  0.380268  0.554781  0.045022  0.582045  0.178879  0.509332  0.193868  0.759619  0.361423  0.488644  0.299278  0.166391  0.089382 
8  0.451775  0.068135  0.169749  0.125135  0.435484  0.726852  0.533877  0.232586 0.0  0.505161  0.325204  0.055376  0.037911  0.495064  0.427170  0.099757  0.347201  0.397087  0.227245  0.221511  0.276759  0.178253  0.230256  0.205301  0.116135  0.082630  0.561769  0.145441  0.443448  0.276636  0.199742  0.540745  0.260294  0.216580  0.351433  0.197860  0.142464  0.540956  0.112735  0.406571  0.720970  0.194519  0.269199  0.468771  0.344947  0.531649  0.008937  0.461747  0.244407  0.749336  0.392747  0.362323  0.276310  0.077041  0.215268  0.540612  0.000000  0.000000  0.074902  0.018558  0.313739  0.443148  0.115424  0.511838  0.147428  0.449357  0.191763  0.707424  0.246880  0.419166  0.251608  0.286813  0.106032 
9  0.484484  0.295349  0.439420  0.456888  0.090438  0.658080  0.196235  0.542773  0.505161 0.0  0.481567  0.386203  0.396116  0.727376  0.764415  0.318470  0.209045  0.275499  0.540905  0.518474  0.408469  0.372861  0.478703  0.259721  0.556182  0.440488  0.891493  0.412748  0.290855  0.269345  0.387414  0.821209  0.531072  0.487963  0.273250  0.489547  0.354484  0.748594  0.355448  0.324859  0.875365  0.461918  0.401187  0.767891  0.415721  0.915730  0.391586  0.123008  0.211782  0.810610  0.140709  0.707408  0.463997  0.469865  0.518424  0.360861  0.393378  0.340975  0.335541  0.386235  0.167803  0.209664  0.376581  0.328427  0.446974  0.799175  0.334921  0.860819  0.307235  0.146663  0.317100  0.471307  0.342278 
10  0.560944  0.071657  0.162814  0.067818  0.470399  0.720029  0.469484  0.218795  0.325204  0.481567 0.0  0.165952  0.134596  0.391444  0.645276  0.053559  0.505097  0.412907  0.208674  0.241932  0.195558  0.176089  0.264509  0.264591  0.138642  0.225228  0.624359  0.104154  0.295482  0.359553  0.078251  0.568268  0.118507  0.240213  0.395827  0.245219  0.102388  0.537546  0.004137  0.409259  0.629052  0.127738  0.206991  0.492909  0.304487  0.601570  0.090423  0.394119  0.420752  0.569248  0.546678  0.312032  0.278548  0.072368  0.203051  0.580196  0.059299  0.145200  0.114108  0.184036  0.419206  0.425284  0.084147  0.373335  0.288069  0.464642  0.111106  0.587157  0.230050  0.424509  0.416598  0.261763  0.017829 
11  0.586880  0.119281  0.051188  0.231622  0.411772  0.770666  0.437912  0.095647  0.055376  0.386203  0.165952 0.0  0.255748  0.333019  0.546811  0.181054  0.441051  0.421077  0.021436  0.165095  0.103848  0.000000  0.220676  0.373069  0.115117  0.299618  0.489461  0.000000  0.285249  0.310992  0.313191  0.587297  0.023629  0.023663  0.544626  0.090314  0.155805  0.589119  0.119232  0.319809  0.509373  0.049126  0.097923  0.687040  0.297845  0.638772  0.162209  0.317674  0.230395  0.501087  0.268117  0.375602  0.000000  0.101651  0.011586  0.251416  0.188154  0.088040  0.145350  0.033434  0.435826  0.438087  0.114245  0.536343  0.000000  0.488769  0.071453  0.481153  0.395442  0.368204  0.267022  0.000000  0.212885 
12  0.518895  0.141558  0.126324  0.177777  0.397148  0.776370  0.388215  0.165694  0.037911  0.396116  0.134596  0.255748 0.0  0.312124  0.363273  0.209959  0.396374  0.345170  0.019319  0.052273  0.000000  0.000000  0.190071  0.283439  0.057281  0.191727  0.381365  0.061716  0.331729  0.277956  0.203643  0.466885  0.000000  0.170316  0.514415  0.068786  0.086293  0.584000  0.140332  0.296748  0.378214  0.035878  0.069171  0.553447  0.329468  0.544152  0.066893  0.347372  0.339269  0.582195  0.435816  0.349958  0.112871  0.038734  0.000000  0.401123  0.168486  0.105732  0.047635  0.000000  0.400225  0.303446  0.126997  0.260523  0.069669  0.577855  0.083198  0.487529  0.291604  0.424203  0.328472  0.181516  0.176912 
13  0.633539  0.307584  0.483526  0.367993  0.661866  0.557373  0.597023  0.257646  0.495064  0.727376  0.391444  0.333019  0.312124 0.0  0.302430  0.254621  0.676090  0.573457  0.414630  0.560838  0.475368  0.280804  0.318866  0.598023  0.438466  0.347480  0.423338  0.285558  0.570680  0.499223  0.252277  0.316378  0.405680  0.513244  0.701319  0.430744  0.372254  0.220872  0.383155  0.565114  0.319182  0.476096  0.490392  0.289703  0.717830  0.353539  0.311530  0.662368  0.530753  0.466663  0.781897  0.436073  0.490192  0.347199  0.373028  0.680960  0.207850  0.336054  0.297713  0.311007  0.713839  0.672184  0.245980  0.645051  0.437641  0.259249  0.331503  0.334708  0.463027  0.655604  0.470485  0.311099  0.244227 
14  0.488868  0.512058  0.501342  0.500592  0.809380  0.311757  0.706094  0.461319  0.427170  0.764415  0.645276  0.546811  0.363273  0.302430 0.0  0.430995  0.786352  0.807513  0.596704  0.530300  0.281160  0.483336  0.602040  0.802579  0.469361  0.515037  0.011585  0.619417  0.690717  0.711441  0.499676  0.490830  0.468906  0.594373  0.728315  0.479853  0.499843  0.086723  0.486532  0.795381  0.551699  0.491497  0.541999  0.405546  0.768543  0.431739  0.582322  0.865096  0.699589  0.621786  0.802235  0.338237  0.523141  0.647111  0.550112  0.811987  0.523311  0.351735  0.436615  0.517570  0.882336  0.741344  0.495414  0.873446  0.453627  0.492321  0.517291  0.393864  0.523059  0.882924  0.718640  0.517760  0.437141 
15  0.451152  0.178071  0.053784  0.248515  0.399117  0.655814  0.398470  0.048623  0.099757  0.318470  0.053559  0.181054  0.209959  0.254621  0.430995 0.0  0.434203  0.350890  0.062824  0.036735  0.018476  0.131792  0.104327  0.299288  0.150461  0.000000  0.611984  0.077211  0.356484  0.300957  0.272398  0.669070  0.051879  0.088422  0.595983  0.176824  0.139638  0.625475  0.114829  0.168673  0.511250  0.000000  0.153157  0.665638  0.385948  0.613243  0.093316  0.284176  0.278440  0.493087  0.379406  0.398622  0.077605  0.188335  0.103983  0.370295  0.117350  0.000000  0.052213  0.063426  0.414117  0.287665  0.102266  0.408477  0.125568  0.451202  0.031565  0.545489  0.354307  0.406458  0.256021  0.152170  0.292064 
16  0.507802  0.354153  0.383551  0.401063  0.131603  0.696543  0.169009  0.378263  0.347201  0.209045  0.505097  0.441051  0.396374  0.676090  0.786352  0.434203 0.0  0.359393  0.431137  0.355956  0.349223  0.461882  0.475498  0.215476  0.420719  0.329821  0.870301  0.415996  0.440373  0.224394  0.440882  0.900822  0.449197  0.421299  0.420050  0.422869  0.500042  0.883696  0.400780  0.360012  0.853431  0.386017  0.542132  0.852294  0.375040  0.866660  0.412439  0.133299  0.277283  0.831717  0.177295  0.590339  0.373511  0.388289  0.429572  0.286905  0.489664  0.404531  0.465499  0.411580  0.132631  0.176069  0.386903  0.091855  0.383135  0.815315  0.380834  0.819331  0.266328  0.102853  0.279007  0.422915  0.375043 
17  0.455055  0.419397  0.399259  0.390224  0.470247  0.738366  0.366301  0.286124  0.397087  0.275499  0.412907  0.421077  0.345170  0.573457  0.807513  0.350890  0.359393 0.0  0.344529  0.385324  0.386292  0.319521  0.375221  0.233749  0.273520  0.464342  0.685823  0.347870  0.342295  0.266592  0.439961  0.820085  0.327011  0.306324  0.068893  0.477699  0.504186  0.799070  0.278531  0.231729  0.796313  0.349478  0.333096  0.763142  0.255786  0.814498  0.471712  0.387856  0.308830  0.786689  0.435094  0.685326  0.347356  0.422121  0.318243  0.257913  0.360175  0.293955  0.377458  0.460830  0.476085  0.370894  0.332581  0.302233  0.354427  0.809719  0.412269  0.841735  0.397731  0.391899  0.257565  0.455597  0.296261 
18  0.528999  0.010233  0.156644  0.208414  0.413879  0.625246  0.452814  0.226246  0.227245  0.540905  0.208674  0.021436  0.019319  0.414630  0.596704  0.062824  0.431137  0.344529 0.0  0.217184  0.237503  0.208248  0.243359  0.219813  0.204317  0.141273  0.650108  0.000000  0.307552  0.234656  0.141043  0.554901  0.307286  0.196465  0.360588  0.183246  0.141610  0.650035  0.002355  0.277869  0.554123  0.172636  0.242677  0.553047  0.288722  0.470289  0.102544  0.565505  0.373101  0.638572  0.460856  0.309041  0.214304  0.068127  0.196877  0.396221  0.150333  0.031217  0.105536  0.069546  0.403654  0.444197  0.117288  0.554877  0.212035  0.491980  0.165124  0.671322  0.338552  0.430939  0.376760  0.153089  0.061585 
19  0.585635  0.181744  0.192983  0.143035  0.404542  0.743266  0.447063  0.233665  0.221511  0.518474  0.241932  0.165095  0.052273  0.560838  0.530300  0.036735  0.355956  0.385324  0.217184 0.0  0.136273  0.005247  0.022522  0.256726  0.124469  0.041930  0.641651  0.139795  0.348623  0.263734  0.031642  0.593206  0.125894  0.326089  0.425741  0.251795  0.165554  0.509103  0.098356  0.405397  0.577030  0.112986  0.248908  0.500231  0.236860  0.509354  0.108656  0.538671  0.292138  0.638406  0.491724  0.335311  0.279637  0.060304  0.205338  0.446032  0.092992  0.000000  0.061737  0.129176  0.411587  0.520004  0.081390  0.514822  0.200047  0.573814  0.055322  0.581115  0.344917  0.308947  0.269625  0.133695  0.019027 
20  0.482465  0.178538  0.194892  0.114237  0.496091  0.655666  0.480018  0.228491  0.276759  0.408469  0.195558  0.103848  0.000000  0.475368  0.281160  0.018476  0.349223  0.386292  0.237503  0.136273 0.0  0.120653  0.212915  0.343843  0.304411  0.155989  0.702190  0.015445  0.338614  0.263784  0.123349  0.501307  0.065407  0.178917  0.344876  0.287746  0.136995  0.655105  0.034658  0.301960  0.772987  0.175886  0.176297  0.468180  0.280635  0.570294  0.201313  0.433728  0.277511  0.695359  0.455344  0.313957  0.172613  0.092816  0.225893  0.501426  0.061113  0.034464  0.065275  0.068516  0.326505  0.354892  0.000000  0.469463  0.257834  0.454115  0.072650  0.626143  0.317966  0.447497  0.223861  0.129562  0.009459 
21  0.515065  0.171576  0.061010  0.181811  0.413911  0.713426  0.332380  0.083919  0.178253  0.372861  0.176089  0.000000  0.000000  0.280804  0.483336  0.131792  0.461882  0.319521  0.208248  0.005247  0.120653 0.0  0.068536  0.264924  0.134386  0.091537  0.331886  0.000000  0.396361  0.237485  0.097198  0.592023  0.147061  0.130898  0.344719  0.090478  0.184251  0.732607  0.145188  0.371880  0.499571  0.152833  0.070057  0.595803  0.294107  0.530353  0.173404  0.300565  0.356635  0.513072  0.360110  0.461760  0.000000  0.059336  0.110681  0.391163  0.032803  0.288579  0.252167  0.080410  0.426120  0.278146  0.274707  0.532542  0.026251  0.647162  0.184672  0.494841  0.256236  0.322470  0.304771  0.107136  0.000000 
22  0.439930  0.202944  0.007753  0.068251  0.497768  0.793792  0.406128  0.161247  0.230256  0.478703  0.264509  0.220676  0.190071  0.318866  0.602040  0.104327  0.475498  0.375221  0.243359  0.022522  0.212915  0.068536 0.0  0.399733  0.152071  0.206472  0.544041  0.189951  0.521113  0.290255  0.156952  0.689135  0.177449  0.135356  0.356261  0.138039  0.129049  0.549965  0.164129  0.477186  0.606614  0.123126  0.084257  0.484190  0.444799  0.473317  0.146470  0.342532  0.302586  0.623254  0.475318  0.378116  0.117682  0.177776  0.068028  0.349759  0.219500  0.153857  0.199101  0.154583  0.437304  0.442935  0.260272  0.448512  0.149634  0.586552  0.110482  0.565400  0.274583  0.506819  0.271516  0.178521  0.042615 
23  0.454865  0.272042  0.199355  0.242266  0.255547  0.703446  0.292276  0.366373  0.205301  0.259721  0.264591  0.373069  0.283439  0.598023  0.802579  0.299288  0.215476  0.233749  0.219813  0.256726  0.343843  0.264924  0.399733 0.0  0.332303  0.306414  0.595277  0.290573  0.366939  0.234157  0.394521  0.693967  0.158058  0.277142  0.193897  0.294165  0.241146  0.713133  0.287635  0.272888  0.713484  0.277261  0.226633  0.692086  0.208856  0.670581  0.284533  0.211137  0.224390  0.738816  0.267607  0.557041  0.223136  0.450347  0.220774  0.299261  0.334409  0.286012  0.241340  0.298274  0.285999  0.240282  0.315560  0.304791  0.278517  0.703222  0.296466  0.782799  0.293922  0.377009  0.265430  0.254108  0.251908 
24  0.570262  0.110260  0.301140  0.031949  0.507871  0.705565  0.504332  0.147857  0.116135  0.556182  0.138642  0.115117  0.057281  0.438466  0.469361  0.150461  0.420719  0.273520  0.204317  0.124469  0.304411  0.134386  0.152071  0.332303 0.0  0.115226  0.718732  0.000000  0.436431  0.208245  0.122814  0.604683  0.191373  0.228178  0.399353  0.286752  0.093334  0.697774  0.107802  0.339354  0.612619  0.411891  0.252371  0.509288  0.397405  0.646321  0.066318  0.389955  0.262107  0.678792  0.537454  0.400267  0.135272  0.076291  0.190024  0.496326  0.000000  0.010845  0.137094  0.096843  0.330432  0.449952  0.213202  0.379349  0.164943  0.486615  0.136935  0.663990  0.315859  0.377328  0.182671  0.136188  0.137475 
25  0.475279  0.158947  0.192118  0.094270  0.341705  0.673836  0.490132  0.000000  0.082630  0.440488  0.225228  0.299618  0.191727  0.347480  0.515037  0.000000  0.329821  0.464342  0.141273  0.041930  0.155989  0.091537  0.206472  0.306414  0.115226 0.0  0.558236  0.101970  0.406217  0.308079  0.199019  0.590277  0.038413  0.067775  0.418927  0.082707  0.172295  0.684176  0.067019  0.472581  0.615303  0.226385  0.162253  0.575113  0.570095  0.481052  0.137749  0.402358  0.411165  0.490971  0.341918  0.409062  0.138439  0.316110  0.149189  0.313859  0.097013  0.126578  0.034979  0.169900  0.379426  0.423408  0.153267  0.454146  0.162651  0.562438  0.216281  0.463211  0.274312  0.363555  0.305890  0.269352  0.176722 
26  0.599426  0.490860  0.587442  0.546937  0.861024  0.191788  0.918310  0.805491  0.561769  0.891493  0.624359  0.489461  0.381365  0.423338  0.011585  0.611984  0.870301  0.685823  0.650108  0.641651  0.702190  0.331886  0.544041  0.595277  0.718732  0.558236 0.0  0.658124  0.790180  0.813310  0.507755  0.522322  0.638653  0.544725  0.892191  0.570991  0.548875  0.174683  0.522119  0.791923  0.597539  0.540454  0.602740  0.564349  0.810042  0.495762  0.499401  0.923843  0.734088  0.608844  0.878367  0.410710  0.532770  0.467369  0.587757  0.957461  0.519996  0.524646  0.404792  0.531682  0.879033  0.915280  0.347559  0.919028  0.529930  0.528989  0.486669  0.678846  0.718438  0.925390  0.610841  0.475532  0.493394 
27  0.545735  0.142419  0.034344  0.099383  0.357950  0.699699  0.338618  0.225282  0.145441  0.412748  0.104154  0.000000  0.061716  0.285558  0.619417  0.077211  0.415996  0.347870  0.000000  0.139795  0.015445  0.000000  0.189951  0.290573  0.000000  0.101970  0.658124 0.0  0.362750  0.368906  0.096356  0.552136  0.075666  0.095926  0.346942  0.037736  0.132932  0.610267  0.079719  0.372911  0.453614  0.091792  0.104279  0.403073  0.298031  0.600869  0.160853  0.367108  0.241835  0.568750  0.321058  0.353957  0.121981  0.215507  0.102719  0.476257  0.042537  0.132656  0.112481  0.103811  0.333639  0.311856  0.098762  0.310452  0.007275  0.385240  0.000000  0.550135  0.316172  0.468871  0.297360  0.097264  0.037759 
28  0.415259  0.265746  0.340544  0.522374  0.425054  0.726519  0.394750  0.379261  0.443448  0.290855  0.295482  0.285249  0.331729  0.570680  0.690717  0.356484  0.440373  0.342295  0.307552  0.348623  0.338614  0.396361  0.521113  0.366939  0.436431  0.406217  0.790180  0.362750 0.0  0.360481  0.288534  0.863233  0.272663  0.335961  0.056842  0.358486  0.480795  0.867003  0.440743  0.175980  0.774800  0.379154  0.401460  0.842906  0.221586  0.765826  0.379581  0.355150  0.247293  0.798367  0.463055  0.602430  0.259150  0.217682  0.366028  0.418854  0.423730  0.389420  0.311220  0.311008  0.366713  0.384802  0.378320  0.354364  0.353429  0.840399  0.386221  0.919883  0.326120  0.464266  0.334442  0.385562  0.460345 
29  0.483616  0.376952  0.244056  0.287260  0.272438  0.699659  0.278485  0.207453  0.276636  0.269345  0.359553  0.310992  0.277956  0.499223  0.711441  0.300957  0.224394  0.266592  0.234656  0.263734  0.263784  0.237485  0.290255  0.234157  0.208245  0.308079  0.813310  0.368906  0.360481 0.0  0.166999  0.672941  0.264294  0.266698  0.286822  0.357342  0.290717  0.748917  0.317204  0.297268  0.674010  0.288322  0.331360  0.638286  0.284867  0.749857  0.256149  0.257354  0.273390  0.700584  0.219221  0.489398  0.285274  0.297255  0.278315  0.339670  0.208216  0.271321  0.366720  0.233173  0.251415  0.237993  0.341059  0.284335  0.258491  0.628613  0.301224  0.594376  0.252403  0.263454  0.372962  0.165804  0.202146 
30  0.476107  0.106935  0.216517  0.101161  0.483466  0.749585  0.261361  0.118773  0.199742  0.387414  0.078251  0.313191  0.203643  0.252277  0.499676  0.272398  0.440882  0.439961  0.141043  0.031642  0.123349  0.097198  0.156952  0.394521  0.122814  0.199019  0.507755  0.096356  0.288534  0.166999 0.0  0.470194  0.000000  0.033723  0.441642  0.000000  0.107835  0.576224  0.092598  0.370197  0.405163  0.191145  0.154143  0.610657  0.440921  0.556987  0.212619  0.417305  0.243906  0.531226  0.337104  0.408920  0.097523  0.038452  0.023646  0.468249  0.246312  0.000000  0.090294  0.090835  0.300228  0.315393  0.007395  0.277571  0.155353  0.468862  0.114073  0.528540  0.217954  0.532875  0.207825  0.061189  0.139993 
31  0.508592  0.618467  0.610288  0.641073  0.820554  0.665980  0.731932  0.560373  0.540745  0.821209  0.568268  0.587297  0.466885  0.316378  0.490830  0.669070  0.900822  0.820085  0.554901  0.593206  0.501307  0.592023  0.689135  0.693967  0.604683  0.590277  0.522322  0.552136  0.863233  0.672941  0.470194 0.0  0.653496  0.612594  0.842112  0.577804  0.561544  0.515579  0.588868  0.942740  0.292343  0.576045  0.533416  0.059113  0.819574  0.115653  0.497817  0.786495  0.784542  0.216166  0.900195  0.444209  0.514675  0.466646  0.462257  0.894713  0.552718  0.545996  0.527089  0.632936  0.776381  0.886238  0.523309  0.824289  0.572789  0.095617  0.475562  0.165814  0.728041  0.891908  0.782864  0.665661  0.564012 
32  0.524221  0.132753  0.184438  0.082474  0.437489  0.650389  0.482832  0.154473  0.260294  0.531072  0.118507  0.023629  0.000000  0.405680  0.468906  0.051879  0.449197  0.327011  0.307286  0.125894  0.065407  0.147061  0.177449  0.158058  0.191373  0.038413  0.638653  0.075666  0.272663  0.264294  0.000000  0.653496 0.0  0.192437  0.423551  0.145521  0.132625  0.668863  0.012338  0.334859  0.602466  0.227641  0.226803  0.446082  0.293668  0.615354  0.000000  0.490874  0.320822  0.584054  0.592587  0.394552  0.328044  0.091237  0.124855  0.476545  0.000000  0.131915  0.098355  0.041453  0.510837  0.500972  0.113953  0.434948  0.269713  0.420754  0.000000  0.629478  0.336841  0.383738  0.188796  0.235251  0.061160 
33  0.423270  0.123420  0.223618  0.120384  0.331246  0.801948  0.432019  0.212710  0.216580  0.487963  0.240213  0.023663  0.170316  0.513244  0.594373  0.088422  0.421299  0.306324  0.196465  0.326089  0.178917  0.130898  0.135356  0.277142  0.228178  0.067775  0.544725  0.095926  0.335961  0.266698  0.033723  0.612594  0.192437 0.0  0.314256  0.247330  0.150998  0.580289  0.000000  0.410891  0.608911  0.321466  0.198219  0.500334  0.196328  0.515682  0.183445  0.503893  0.333498  0.569983  0.484100  0.357061  0.261242  0.139595  0.098651  0.537550  0.089683  0.110091  0.153102  0.117785  0.405069  0.513310  0.053972  0.568019  0.216538  0.485403  0.243544  0.691193  0.224251  0.317310  0.184286  0.229848  0.000000 
34  0.379554  0.304698  0.322564  0.493037  0.459035  0.738740  0.414837  0.371059  0.351433  0.273250  0.395827  0.544626  0.514415  0.701319  0.728315  0.595983  0.420050  0.068893  0.360588  0.425741  0.344876  0.344719  0.356261  0.193897  0.399353  0.418927  0.892191  0.346942  0.056842  0.286822  0.441642  0.842112  0.423551  0.314256 0.0  0.360161  0.322382  0.922218  0.406931  0.000000  0.805222  0.277619  0.358002  0.830461  0.102734  0.817306  0.508294  0.449745  0.239712  0.793411  0.329848  0.689896  0.335119  0.316150  0.336934  0.329601  0.414058  0.278549  0.268417  0.302254  0.421500  0.234300  0.481189  0.333845  0.455945  0.796757  0.260079  0.801339  0.335372  0.401281  0.377437  0.418639  0.459446 
35  0.588468  0.106940  0.127119  0.077110  0.532966  0.664583  0.418427  0.158663  0.197860  0.489547  0.245219  0.090314  0.068786  0.430744  0.479853  0.176824  0.422869  0.477699  0.183246  0.251795  0.287746  0.090478  0.138039  0.294165  0.286752  0.082707  0.570991  0.037736  0.358486  0.357342  0.000000  0.577804  0.145521  0.247330  0.360161 0.0  0.188417  0.525614  0.161009  0.367820  0.680698  0.252060  0.232561  0.572990  0.357900  0.565552  0.176146  0.453291  0.217528  0.552807  0.345279  0.386077  0.214800  0.000000  0.160650  0.454683  0.036063  0.094310  0.163761  0.082194  0.348451  0.461739  0.000000  0.492398  0.324667  0.466313  0.046287  0.704110  0.197030  0.459205  0.148227  0.124409  0.054621 
36  0.424058  0.098872  0.129832  0.066920  0.426945  0.758656  0.426168  0.206887  0.142464  0.354484  0.102388  0.155805  0.086293  0.372254  0.499843  0.139638  0.500042  0.504186  0.141610  0.165554  0.136995  0.184251  0.129049  0.241146  0.093334  0.172295  0.548875  0.132932  0.480795  0.290717  0.107835  0.561544  0.132625  0.150998  0.322382  0.188417 0.0  0.611985  0.202412  0.321589  0.656427  0.295844  0.100674  0.623376  0.358979  0.474653  0.257811  0.389882  0.193572  0.407046  0.378576  0.314396  0.164650  0.054531  0.055765  0.441579  0.085176  0.101981  0.187922  0.123108  0.520372  0.441753  0.120238  0.504751  0.209927  0.593878  0.162161  0.544361  0.237528  0.524067  0.300063  0.140240  0.028250 
37  0.488715  0.611164  0.536201  0.534966  0.875413  0.143263  0.763258  0.596805  0.540956  0.748594  0.537546  0.589119  0.584000  0.220872  0.086723  0.625475  0.883696  0.799070  0.650035  0.509103  0.655105  0.732607  0.549965  0.713133  0.697774  0.684176  0.174683  0.610267  0.867003  0.748917  0.576224  0.515579  0.668863  0.580289  0.922218  0.525614  0.611985 0.0  0.459895  0.898147  0.540517  0.660518  0.527011  0.619813  0.874764  0.584455  0.465104  0.806132  0.696845  0.587344  0.781659  0.327217  0.632325  0.560951  0.508627  0.899526  0.590134  0.612359  0.583790  0.520805  0.801630  0.863194  0.674572  0.784115  0.618375  0.476022  0.611158  0.643233  0.681306  0.789214  0.712966  0.598117  0.543510 
38  0.455569  0.133991  0.027609  0.237641  0.367221  0.776578  0.294982  0.025738  0.112735  0.355448  0.004137  0.119232  0.140332  0.383155  0.486532  0.114829  0.400780  0.278531  0.002355  0.098356  0.034658  0.145188  0.164129  0.287635  0.107802  0.067019  0.522119  0.079719  0.440743  0.317204  0.092598  0.588868  0.012338  0.000000  0.406931  0.161009  0.202412  0.459895 0.0  0.306978  0.473830  0.135268  0.098248  0.511295  0.323152  0.628485  0.152514  0.313839  0.162572  0.515522  0.311417  0.288910  0.016227  0.160603  0.112741  0.348533  0.066220  0.217109  0.171976  0.223892  0.335845  0.332880  0.232221  0.473768  0.103303  0.701083  0.244449  0.427002  0.253893  0.417785  0.254766  0.136507  0.094077 
39  0.562427  0.374259  0.350679  0.408294  0.406435  0.661365  0.311366  0.410126  0.406571  0.324859  0.409259  0.319809  0.296748  0.565114  0.795381  0.168673  0.360012  0.231729  0.277869  0.405397  0.301960  0.371880  0.477186  0.272888  0.339354  0.472581  0.791923  0.372911  0.175980  0.297268  0.370197  0.942740  0.334859  0.410891  0.000000  0.367820  0.321589  0.898147  0.306978 0.0  0.790710  0.408702  0.284365  0.785289  0.319423  0.794570  0.417621  0.393947  0.269920  0.804147  0.349901  0.574398  0.366291  0.209190  0.326674  0.337909  0.416020  0.358394  0.376367  0.386694  0.488726  0.320778  0.417878  0.443585  0.230390  0.855200  0.401438  0.854268  0.302972  0.360611  0.257721  0.425233  0.271724 
40  0.560366  0.496679  0.601534  0.564571  0.932470  0.641954  0.975723  0.637269  0.720970  0.875365  0.629052  0.509373  0.378214  0.319182  0.551699  0.511250  0.853431  0.796313  0.554123  0.577030  0.772987  0.499571  0.606614  0.713484  0.612619  0.615303  0.597539  0.453614  0.774800  0.674010  0.405163  0.292343  0.602466  0.608911  0.805222  0.680698  0.656427  0.540517  0.473830  0.790710 0.0  0.654423  0.629743  0.000000  0.781036  0.170918  0.561508  0.921366  0.611531  0.217618  0.806246  0.354656  0.640639  0.443858  0.749130  0.956981  0.473031  0.512560  0.499194  0.549567  0.818124  0.949026  0.544002  0.824614  0.682055  0.070369  0.468582  0.241449  0.647793  0.772378  0.650898  0.628521  0.564957 
41  0.496552  0.000000  0.318680  0.084886  0.290766  0.675739  0.399565  0.130381  0.194519  0.461918  0.127738  0.049126  0.035878  0.476096  0.491497  0.000000  0.386017  0.349478  0.172636  0.112986  0.175886  0.152833  0.123126  0.277261  0.411891  0.226385  0.540454  0.091792  0.379154  0.288322  0.191145  0.576045  0.227641  0.321466  0.277619  0.252060  0.295844  0.660518  0.135268  0.408702  0.654423 0.0  0.182581  0.629304  0.294377  0.517537  0.094359  0.369190  0.313187  0.641887  0.556309  0.437812  0.199020  0.150383  0.185643  0.606283  0.011684  0.106472  0.127658  0.050371  0.357797  0.485066  0.000000  0.508597  0.182258  0.477449  0.115801  0.645707  0.268878  0.496202  0.203472  0.000000  0.073616 
42  0.513512  0.103353  0.246678  0.265678  0.445723  0.827287  0.513663  0.267321  0.269199  0.401187  0.206991  0.097923  0.069171  0.490392  0.541999  0.153157  0.542132  0.333096  0.242677  0.248908  0.176297  0.070057  0.084257  0.226633  0.252371  0.162253  0.602740  0.104279  0.401460  0.331360  0.154143  0.533416  0.226803  0.198219  0.358002  0.232561  0.100674  0.527011  0.098248  0.284365  0.629743  0.182581 0.0  0.506471  0.338598  0.519115  0.219515  0.469005  0.213922  0.690762  0.481096  0.384342  0.198785  0.151053  0.166586  0.340144  0.208541  0.105550  0.038467  0.063475  0.457246  0.498728  0.033044  0.532269  0.161377  0.511446  0.049891  0.602990  0.308706  0.429500  0.167259  0.081362  0.095646 
43  0.526382  0.469282  0.502430  0.520327  0.770593  0.777089  0.811605  0.432970  0.468771  0.767891  0.492909  0.687040  0.553447  0.289703  0.405546  0.665638  0.852294  0.763142  0.553047  0.500231  0.468180  0.595803  0.484190  0.692086  0.509288  0.575113  0.564349  0.403073  0.842906  0.638286  0.610657  0.059113  0.446082  0.500334  0.830461  0.572990  0.623376  0.619813  0.511295  0.785289  0.000000  0.629304  0.506471 0.0  0.783044  0.099317  0.462856  0.750848  0.733458  0.139192  0.792974  0.445338  0.550973  0.565021  0.381912  0.729156  0.672410  0.532688  0.443246  0.480334  0.939847  0.722847  0.666599  0.742998  0.614038  0.000000  0.475820  0.109712  0.740113  0.852095  0.682092  0.658450  0.620889 
44  0.481355  0.397793  0.410475  0.539047  0.311705  0.708062  0.439146  0.369697  0.344947  0.415721  0.304487  0.297845  0.329468  0.717830  0.768543  0.385948  0.375040  0.255786  0.288722  0.236860  0.280635  0.294107  0.444799  0.208856  0.397405  0.570095  0.810042  0.298031  0.221586  0.284867  0.440921  0.819574  0.293668  0.196328  0.102734  0.357900  0.358979  0.874764  0.323152  0.319423  0.781036  0.294377  0.338598  0.783044 0.0  0.851215  0.515712  0.286539  0.412152  0.797659  0.314262  0.629738  0.384084  0.338804  0.389912  0.435736  0.282747  0.303889  0.337700  0.313576  0.424580  0.379348  0.381217  0.240250  0.436757  0.832833  0.353740  0.775300  0.310383  0.506421  0.270028  0.491466  0.336018 
45  0.504302  0.678398  0.587840  0.521771  0.838389  0.690525  0.918149  0.527025  0.531649  0.915730  0.601570  0.638772  0.544152  0.353539  0.431739  0.613243  0.866660  0.814498  0.470289  0.509354  0.570294  0.530353  0.473317  0.670581  0.646321  0.481052  0.495762  0.600869  0.765826  0.749857  0.556987  0.115653  0.615354  0.515682  0.817306  0.565552  0.474653  0.584455  0.628485  0.794570  0.170918  0.517537  0.519115  0.099317  0.851215 0.0  0.567222  0.831760  0.708324  0.035406  0.873918  0.370181  0.512003  0.553547  0.645595  0.873545  0.502014  0.556177  0.602920  0.649190  0.878784  0.854338  0.438766  0.907534  0.633537  0.091001  0.512900  0.140883  0.708210  0.891843  0.689050  0.477688  0.620890 
46  0.387404  0.051004  0.165563  0.197854  0.412362  0.715127  0.449631  0.000000  0.008937  0.391586  0.090423  0.162209  0.066893  0.311530  0.582322  0.093316  0.412439  0.471712  0.102544  0.108656  0.201313  0.173404  0.146470  0.284533  0.066318  0.137749  0.499401  0.160853  0.379581  0.256149  0.212619  0.497817  0.000000  0.183445  0.508294  0.176146  0.257811  0.465104  0.152514  0.417621  0.561508  0.094359  0.219515  0.462856  0.515712  0.567222 0.0  0.432078  0.201414  0.613283  0.297958  0.340095  0.055413  0.115272  0.075535  0.291364  0.124132  0.242770  0.226714  0.176691  0.413835  0.401625  0.133403  0.391838  0.088259  0.629153  0.267841  0.564101  0.213949  0.456390  0.309443  0.131628  0.198997 
47  0.405086  0.324878  0.499918  0.427179  0.143427  0.795023  0.133614  0.621416  0.461747  0.123008  0.394119  0.317674  0.347372  0.662368  0.865096  0.284176  0.133299  0.387856  0.565505  0.538671  0.433728  0.300565  0.342532  0.211137  0.389955  0.402358  0.923843  0.367108  0.355150  0.257354  0.417305  0.786495  0.490874  0.503893  0.449745  0.453291  0.389882  0.806132  0.313839  0.393947  0.921366  0.369190  0.469005  0.750848  0.286539  0.831760  0.432078 0.0  0.231178  0.975367  0.123707  0.667500  0.551920  0.313728  0.460852  0.265705  0.377330  0.354030  0.322772  0.398618  0.096283  0.137297  0.406040  0.190658  0.501956  0.859482  0.389087  0.973913  0.243784  0.266295  0.211755  0.480443  0.407494 
48  0.458445  0.349614  0.316943  0.330654  0.272342  0.667793  0.303152  0.224977  0.244407  0.211782  0.420752  0.230395  0.339269  0.530753  0.699589  0.278440  0.277283  0.308830  0.373101  0.292138  0.277511  0.356635  0.302586  0.224390  0.262107  0.411165  0.734088  0.241835  0.247293  0.273390  0.243906  0.784542  0.320822  0.333498  0.239712  0.217528  0.193572  0.696845  0.162572  0.269920  0.611531  0.313187  0.213922  0.733458  0.412152  0.708324  0.201414  0.231178 0.0  0.651162  0.241900  0.484466  0.335148  0.213883  0.356780  0.348748  0.219201  0.337465  0.249304  0.278099  0.194479  0.309803  0.301998  0.266461  0.217990  0.672448  0.260207  0.720801  0.268355  0.169116  0.333809  0.328624  0.324599 
49  0.445430  0.614572  0.719591  0.550702  0.809207  0.619174  0.783769  0.657786  0.749336  0.810610  0.569248  0.501087  0.582195  0.466663  0.621786  0.493087  0.831717  0.786689  0.638572  0.638406  0.695359  0.513072  0.623254  0.738816  0.678792  0.490971  0.608844  0.568750  0.798367  0.700584  0.531226  0.216166  0.584054  0.569983  0.793411  0.552807  0.407046  0.587344  0.515522  0.804147  0.217618  0.641887  0.690762  0.139192  0.797659  0.035406  0.613283  0.975367  0.651162 0.0  1.000000  0.313457  0.680245  0.497473  0.624073  0.979339  0.499510  0.526105  0.437348  0.612833  0.954327  0.842046  0.637776  0.966723  0.607643  0.025446  0.544263  0.152420  0.705720  0.878099  0.574545  0.592706  0.436515 
50  0.432912  0.409950  0.508298  0.371900  0.035551  0.756636  0.196011  0.508000  0.392747  0.140709  0.546678  0.268117  0.435816  0.781897  0.802235  0.379406  0.177295  0.435094  0.460856  0.491724  0.455344  0.360110  0.475318  0.267607  0.537454  0.341918  0.878367  0.321058  0.463055  0.219221  0.337104  0.900195  0.592587  0.484100  0.329848  0.345279  0.378576  0.781659  0.311417  0.349901  0.806246  0.556309  0.481096  0.792974  0.314262  0.873918  0.297958  0.123707  0.241900  1.000000 0.0  0.646215  0.503571  0.252551  0.560865  0.180264  0.383763  0.387137  0.169471  0.289170  0.161897  0.262428  0.405197  0.102979  0.467872  0.761409  0.238366  0.904874  0.248639  0.093982  0.286161  0.308820  0.447088 
51  0.413269  0.340981  0.466103  0.399515  0.645256  0.550777  0.632520  0.309446  0.362323  0.707408  0.312032  0.375602  0.349958  0.436073  0.338237  0.398622  0.590339  0.685326  0.309041  0.335311  0.313957  0.461760  0.378116  0.557041  0.400267  0.409062  0.410710  0.353957  0.602430  0.489398  0.408920  0.444209  0.394552  0.357061  0.689896  0.386077  0.314396  0.327217  0.288910  0.574398  0.354656  0.437812  0.384342  0.445338  0.629738  0.370181  0.340095  0.667500  0.484466  0.313457  0.646215 0.0  0.355160  0.270516  0.328293  0.486853  0.318033  0.261863  0.402726  0.501087  0.636694  0.590600  0.242725  0.479116  0.392273  0.341177  0.370505  0.358345  0.565842  0.640179  0.441503  0.414910  0.286175 
52  0.596086  0.036050  0.213964  0.188582  0.479255  0.702576  0.448750  0.158926  0.276310  0.463997  0.278548  0.000000  0.112871  0.490192  0.523141  0.077605  0.373511  0.347356  0.214304  0.279637  0.172613  0.000000  0.117682  0.223136  0.135272  0.138439  0.532770  0.121981  0.259150  0.285274  0.097523  0.514675  0.328044  0.261242  0.335119  0.214800  0.164650  0.632325  0.016227  0.366291  0.640639  0.199020  0.198785  0.550973  0.384084  0.512003  0.055413  0.551920  0.335148  0.680245  0.503571  0.355160 0.0  0.000000  0.279751  0.442237  0.069393  0.072082  0.111406  0.121889  0.489235  0.448080  0.119265  0.408055  0.190079  0.562912  0.124417  0.680489  0.322474  0.350919  0.327006  0.165511  0.077630 
53  0.505214  0.077827  0.000000  0.179821  0.401134  0.728255  0.296597  0.083109  0.077041  0.469865  0.072368  0.101651  0.038734  0.347199  0.647111  0.188335  0.388289  0.422121  0.068127  0.060304  0.092816  0.059336  0.177776  0.450347  0.076291  0.316110  0.467369  0.215507  0.217682  0.297255  0.038452  0.466646  0.091237  0.139595  0.316150  0.000000  0.054531  0.560951  0.160603  0.209190  0.443858  0.150383  0.151053  0.565021  0.338804  0.553547  0.115272  0.313728  0.213883  0.497473  0.252551  0.270516  0.000000 0.0  0.156563  0.355909  0.017358  0.028579  0.131954  0.106106  0.429082  0.336565  0.000000  0.444486  0.090680  0.342043  0.075348  0.497500  0.164082  0.336401  0.293676  0.150666  0.023474 
