73
0 0.0  0.172753  0.550647  0.079060  0.064294  0.296927  0.025584  0.257655  0.382905  0.140615  0.125871  0.099285  0.178115  0.011208  0.049903  0.146698  0.153398  0.612895  0.021604  0.105361  0.424613  0.232581  0.114059  0.243890  0.451991  0.336869  0.578290  0.029027  0.328274  0.080761  0.046124  0.062002  0.078537  0.195032  0.155469  0.113581  0.244519  0.307733  0.069902  0.095864  0.611963  0.260436  0.383184  0.184484  0.511314  0.071236  0.003342  0.064354  0.314741  0.366900  0.339611  0.212873  0.051474  0.363590  0.265803  0.351132  0.101398  0.018819  0.157081  0.513452  0.272804  0.383270  0.000000  0.068896  0.181828  0.353114  0.064914  0.299583  0.108814  0.089181  0.034442  0.168999  0.000000 
1  0.172753 0.0  0.638914  0.262511  0.255614  0.207647  0.363977  0.357932  0.184880  0.200274  0.264390  0.373633  0.300657  0.236203  0.346048  0.272759  0.255367  0.653943  0.200434  0.234763  0.258768  0.298727  0.312242  0.217849  0.363517  0.262529  0.307543  0.342923  0.338540  0.308042  0.208573  0.310550  0.328574  0.176464  0.272939  0.185386  0.354105  0.283997  0.178110  0.246669  0.744739  0.303746  0.163055  0.313890  0.750749  0.257114  0.206028  0.199625  0.358750  0.391659  0.242074  0.152886  0.255661  0.314590  0.323751  0.345817  0.327864  0.326457  0.310382  0.636493  0.202254  0.336643  0.395524  0.131124  0.268388  0.216491  0.232773  0.258505  0.340422  0.294013  0.292369  0.220387  0.349942 
2  0.550647  0.638914 0.0  0.449604  0.591223  0.723670  0.512505  0.877068  0.850244  0.528815  0.480015  0.635637  0.637352  0.506537  0.638363  0.594814  0.522734  0.075685  0.485939  0.538673  0.836219  0.786297  0.529219  0.775286  0.841147  0.737533  0.754219  0.505175  0.923229  0.515042  0.461345  0.500312  0.693683  0.620012  0.658677  0.604197  0.580736  0.759839  0.525210  0.631531  0.584873  0.689681  0.694395  0.569744  0.055085  0.719294  0.440042  0.368905  0.646587  0.741504  0.815073  0.818576  0.685568  0.893450  0.730622  0.815816  0.568146  0.519965  0.745011  0.035661  0.808350  0.885574  0.409205  0.511216  0.478227  0.927236  0.766362  0.818136  0.461539  0.642843  0.390057  0.639452  0.565139 
3  0.079060  0.262511  0.449604 0.0  0.110658  0.482267  0.131074  0.324390  0.343001  0.082892  0.192934  0.074630  0.143010  0.257003  0.016851  0.126327  0.066996  0.637985  0.286682  0.259755  0.377484  0.576316  0.101052  0.282390  0.407654  0.587009  0.472392  0.253949  0.378969  0.196593  0.265523  0.277074  0.096973  0.218373  0.103947  0.275792  0.201986  0.369557  0.136394  0.189496  0.608358  0.299710  0.447860  0.111911  0.461976  0.000000  0.173779  0.208201  0.447909  0.432116  0.475015  0.240713  0.087674  0.435570  0.400839  0.515441  0.130359  0.179075  0.020480  0.673512  0.336755  0.494074  0.294126  0.186332  0.132398  0.397039  0.135194  0.533226  0.054384  0.097739  0.249543  0.088485  0.057333 
4  0.064294  0.255614  0.591223  0.110658 0.0  0.544379  0.111821  0.261915  0.256878  0.100766  0.146122  0.101718  0.137414  0.165700  0.073622  0.088230  0.122907  0.551275  0.190214  0.247174  0.280086  0.521093  0.245422  0.301726  0.387343  0.551371  0.391360  0.193167  0.379054  0.082284  0.267189  0.264617  0.100743  0.148092  0.000000  0.277431  0.169790  0.263147  0.262747  0.000000  0.563146  0.311156  0.411942  0.000000  0.426360  0.071498  0.282194  0.231017  0.600226  0.517445  0.521239  0.310762  0.129438  0.299057  0.331657  0.468502  0.150249  0.275046  0.024889  0.650387  0.414460  0.409364  0.115835  0.221104  0.238459  0.472320  0.056603  0.541326  0.032278  0.081464  0.128592  0.159515  0.000000 
5  0.296927  0.207647  0.723670  0.482267  0.544379 0.0  0.284785  0.402974  0.360375  0.415617  0.489090  0.290730  0.394485  0.548394  0.367287  0.322110  0.366902  0.890177  0.498757  0.496435  0.386822  0.192918  0.370966  0.281787  0.136295  0.189574  0.502917  0.484740  0.144588  0.485830  0.500108  0.459688  0.317003  0.426286  0.346793  0.503030  0.465215  0.356494  0.479979  0.362666  0.784436  0.303759  0.164802  0.329868  0.755522  0.227187  0.410226  0.548707  0.218110  0.218612  0.198519  0.291529  0.327259  0.188874  0.326115  0.360662  0.321393  0.405197  0.324228  0.933921  0.388145  0.324317  0.365162  0.372082  0.322436  0.322783  0.306402  0.234213  0.398923  0.391935  0.381047  0.465636  0.363418 
6  0.025584  0.363977  0.512505  0.131074  0.111821  0.284785 0.0  0.409277  0.383928  0.082189  0.067476  0.104737  0.152880  0.150306  0.191909  0.150532  0.038478  0.705646  0.068856  0.062215  0.552327  0.301048  0.064691  0.416432  0.442762  0.208039  0.435327  0.060209  0.313218  0.154502  0.001775  0.045065  0.068180  0.186626  0.022067  0.090386  0.212842  0.222684  0.028891  0.238098  0.531220  0.273199  0.377472  0.196691  0.546104  0.000000  0.075975  0.090744  0.375894  0.356447  0.478936  0.323741  0.000000  0.457374  0.251041  0.325462  0.348367  0.124351  0.030661  0.460322  0.334977  0.356733  0.167728  0.037245  0.008283  0.547198  0.047323  0.378712  0.236727  0.124109  0.006099  0.129635  0.270491 
7  0.257655  0.357932  0.877068  0.324390  0.261915  0.402974  0.409277 0.0  0.231190  0.349301  0.383262  0.282840  0.421290  0.361978  0.393515  0.401046  0.261814  1.000000  0.321405  0.225937  0.126536  0.371961  0.472792  0.314725  0.452168  0.436747  0.159846  0.372501  0.380540  0.431058  0.376084  0.362643  0.285842  0.410973  0.228533  0.465594  0.375813  0.258837  0.438165  0.360798  0.878703  0.337822  0.326454  0.330339  0.862191  0.243622  0.439619  0.472180  0.346447  0.340718  0.401433  0.259263  0.258173  0.498461  0.259208  0.426478  0.360863  0.432633  0.471027  0.754171  0.210734  0.298361  0.481761  0.360423  0.489892  0.076390  0.266940  0.423596  0.453547  0.388344  0.261617  0.437899  0.339902 
8  0.382905  0.184880  0.850244  0.343001  0.256878  0.360375  0.383928  0.231190 0.0  0.411605  0.366481  0.365177  0.486821  0.379403  0.451016  0.459308  0.414128  0.898289  0.341522  0.419637  0.087605  0.391410  0.417203  0.242841  0.397344  0.262608  0.127727  0.379669  0.370361  0.404047  0.231486  0.310237  0.399136  0.354465  0.496461  0.391546  0.518241  0.388957  0.479141  0.297186  0.792042  0.245699  0.449348  0.400445  0.731673  0.271675  0.358407  0.456961  0.360804  0.316053  0.304435  0.251643  0.391828  0.484446  0.301117  0.366208  0.273283  0.312653  0.279540  0.641831  0.208770  0.382073  0.327474  0.270058  0.329064  0.000000  0.357380  0.452619  0.295100  0.427763  0.366950  0.425784  0.348132 
9  0.140615  0.200274  0.528815  0.082892  0.100766  0.415617  0.082189  0.349301  0.411605 0.0  0.040587  0.179706  0.091416  0.000000  0.160854  0.302821  0.073833  0.583575  0.177586  0.094112  0.360646  0.391768  0.042291  0.262642  0.469065  0.326330  0.393473  0.000000  0.617341  0.000000  0.095714  0.069374  0.161360  0.184496  0.186359  0.041047  0.232804  0.213277  0.000000  0.198158  0.404020  0.240646  0.453751  0.089457  0.591502  0.229497  0.065546  0.047452  0.316252  0.413389  0.361457  0.220832  0.145384  0.390129  0.289621  0.399538  0.155057  0.030340  0.304631  0.439025  0.351588  0.405722  0.073078  0.059664  0.034529  0.341317  0.154142  0.363297  0.050789  0.106153  0.152948  0.196096  0.075580 
10  0.125871  0.264390  0.480015  0.192934  0.146122  0.489090  0.067476  0.383262  0.366481  0.040587 0.0  0.041810  0.060743  0.132603  0.088580  0.000000  0.176345  0.647911  0.182875  0.220399  0.232411  0.461443  0.346475  0.263665  0.457921  0.409411  0.452980  0.186728  0.334447  0.339874  0.312194  0.337613  0.218750  0.120710  0.109255  0.198358  0.111881  0.392968  0.192248  0.181559  0.456857  0.296386  0.367390  0.128896  0.494275  0.021110  0.248731  0.308743  0.507417  0.571203  0.574994  0.364916  0.146532  0.383675  0.232535  0.426309  0.087460  0.169551  0.000000  0.637933  0.363641  0.558901  0.366650  0.184961  0.117684  0.532239  0.000000  0.416559  0.070729  0.199510  0.127384  0.088089  0.187510 
11  0.099285  0.373633  0.635637  0.074630  0.101718  0.290730  0.104737  0.282840  0.365177  0.179706  0.041810 0.0  0.127506  0.000000  0.305432  0.193933  0.041527  0.454955  0.046820  0.010597  0.489435  0.246783  0.166461  0.227132  0.346368  0.382150  0.438799  0.070453  0.500424  0.073180  0.137714  0.096049  0.214736  0.170453  0.201976  0.069636  0.152964  0.356763  0.155315  0.208260  0.548686  0.271214  0.467468  0.099840  0.651618  0.196381  0.082632  0.039624  0.349488  0.311739  0.225431  0.284994  0.224830  0.487771  0.224541  0.420468  0.075474  0.159576  0.198050  0.437164  0.324260  0.423897  0.107611  0.056607  0.161257  0.288141  0.275323  0.332770  0.000000  0.177781  0.113785  0.183835  0.053340 
12  0.178115  0.300657  0.637352  0.143010  0.137414  0.394485  0.152880  0.421290  0.486821  0.091416  0.060743  0.127506 0.0  0.174187  0.143201  0.083423  0.113083  0.580471  0.105462  0.119625  0.394158  0.464078  0.266420  0.193242  0.503955  0.428429  0.437058  0.060864  0.350139  0.126302  0.110130  0.160096  0.149547  0.025934  0.065027  0.286596  0.151994  0.391152  0.188115  0.079384  0.556855  0.224085  0.471173  0.271553  0.584802  0.221098  0.171984  0.143871  0.492433  0.401318  0.396680  0.339983  0.212527  0.533788  0.336158  0.524427  0.137632  0.156116  0.000000  0.564718  0.446103  0.395283  0.114321  0.021392  0.188651  0.374230  0.070348  0.357573  0.055989  0.159996  0.129174  0.097606  0.103726 
13  0.011208  0.236203  0.506537  0.257003  0.165700  0.548394  0.150306  0.361978  0.379403  0.000000  0.132603  0.000000  0.174187 0.0  0.061205  0.089972  0.042259  0.526830  0.154373  0.214265  0.297924  0.440716  0.296841  0.214367  0.548919  0.558648  0.281761  0.240001  0.275284  0.223863  0.237189  0.247375  0.082364  0.155859  0.066862  0.150686  0.060023  0.351156  0.092285  0.120534  0.603606  0.325288  0.322381  0.059725  0.484071  0.130197  0.155192  0.246554  0.499262  0.527141  0.516658  0.320009  0.150319  0.484898  0.286621  0.508523  0.090017  0.247624  0.016130  0.625741  0.326354  0.540478  0.212974  0.268485  0.150047  0.285130  0.000000  0.380773  0.035659  0.156155  0.239820  0.000000  0.054252 
14  0.049903  0.346048  0.638363  0.016851  0.073622  0.367287  0.191909  0.393515  0.451016  0.160854  0.088580  0.305432  0.143201  0.061205 0.0  0.252194  0.153556  0.587215  0.048875  0.037308  0.314655  0.500362  0.000000  0.350368  0.396124  0.306037  0.365188  0.029632  0.429380  0.000000  0.033910  0.085356  0.220563  0.162929  0.174603  0.012517  0.089939  0.300239  0.100474  0.269941  0.533239  0.175865  0.405926  0.129864  0.615806  0.240476  0.166452  0.200543  0.398334  0.385721  0.424763  0.292056  0.195674  0.396180  0.227091  0.312771  0.118872  0.000000  0.169464  0.596878  0.328657  0.300470  0.031494  0.095702  0.159220  0.387521  0.113129  0.344662  0.116511  0.154907  0.090030  0.139328  0.072645 
15  0.146698  0.272759  0.594814  0.126327  0.088230  0.322110  0.150532  0.401046  0.459308  0.302821  0.000000  0.193933  0.083423  0.089972  0.252194 0.0  0.085236  0.520086  0.087044  0.089107  0.308608  0.403027  0.214396  0.347865  0.365228  0.339165  0.417865  0.081660  0.565474  0.097493  0.077023  0.000000  0.150987  0.280775  0.277525  0.140205  0.191445  0.230727  0.256430  0.112657  0.698118  0.131637  0.440764  0.011720  0.733844  0.170908  0.115904  0.044295  0.223054  0.467356  0.407222  0.312032  0.219882  0.389603  0.322425  0.282412  0.132917  0.133583  0.282446  0.495672  0.306843  0.327169  0.000000  0.000000  0.110921  0.256599  0.236079  0.362326  0.103608  0.222415  0.144110  0.136447  0.192019 
16  0.153398  0.255367  0.522734  0.066996  0.122907  0.366902  0.038478  0.261814  0.414128  0.073833  0.176345  0.041527  0.113083  0.042259  0.153556  0.085236 0.0  0.585022  0.032373  0.039642  0.262034  0.357258  0.000000  0.228987  0.475272  0.300923  0.422290  0.000000  0.366397  0.211743  0.060144  0.000000  0.020534  0.116811  0.162314  0.152270  0.169622  0.154435  0.115054  0.118213  0.510837  0.321709  0.231455  0.123357  0.456040  0.092082  0.041718  0.027171  0.319460  0.388374  0.401878  0.283648  0.131622  0.378748  0.343818  0.285222  0.077862  0.093869  0.052666  0.478530  0.312647  0.350924  0.000000  0.064691  0.207402  0.359808  0.000000  0.350202  0.132606  0.269055  0.000000  0.043689  0.149746 
17  0.612895  0.653943  0.075685  0.637985  0.551275  0.890177  0.705646  1.000000  0.898289  0.583575  0.647911  0.454955  0.580471  0.526830  0.587215  0.520086  0.585022 0.0  0.582102  0.608587  0.801609  0.890197  0.652435  0.765691  0.811001  0.899535  0.793778  0.643629  0.832987  0.563589  0.543249  0.485416  0.656264  0.520320  0.619392  0.567997  0.553303  0.700343  0.581577  0.652665  0.558972  0.517082  0.897194  0.570055  0.243947  0.541351  0.543825  0.582268  0.923996  0.898572  0.839544  0.680415  0.521258  0.831385  0.706315  0.951274  0.648068  0.547942  0.602970  0.216407  0.936553  0.871549  0.429352  0.656911  0.582769  0.859944  0.648759  0.809720  0.612878  0.713620  0.546425  0.632351  0.634323 
18  0.021604  0.200434  0.485939  0.286682  0.190214  0.498757  0.068856  0.321405  0.341522  0.177586  0.182875  0.046820  0.105462  0.154373  0.048875  0.087044  0.032373  0.582102 0.0  0.227899  0.421145  0.390595  0.227431  0.312924  0.377023  0.527940  0.479031  0.159283  0.324514  0.251480  0.144171  0.187873  0.059349  0.187824  0.043333  0.152689  0.169395  0.167127  0.246070  0.129764  0.484486  0.326528  0.263873  0.075478  0.408279  0.073710  0.254998  0.189186  0.568464  0.493304  0.595710  0.272567  0.142163  0.445911  0.293148  0.442926  0.077733  0.224078  0.055813  0.711502  0.287355  0.568134  0.290847  0.197716  0.110938  0.415242  0.100285  0.578754  0.090324  0.213526  0.141275  0.041686  0.080755 
19  0.105361  0.234763  0.538673  0.259755  0.247174  0.496435  0.062215  0.225937  0.419637  0.094112  0.220399  0.010597  0.119625  0.214265  0.037308  0.089107  0.039642  0.608587  0.227899 0.0  0.417310  0.582070  0.222329  0.323017  0.421135  0.545640  0.570237  0.237559  0.372782  0.222492  0.181134  0.220431  0.106070  0.181796  0.141027  0.134658  0.151962  0.266209  0.234882  0.138493  0.561128  0.348697  0.406098  0.041440  0.509176  0.096159  0.308840  0.223217  0.543791  0.516466  0.441575  0.314014  0.046957  0.399966  0.294897  0.560178  0.018977  0.279856  0.120832  0.682612  0.360009  0.406787  0.342383  0.165535  0.247694  0.378496  0.136345  0.398632  0.113468  0.116662  0.176872  0.043450  0.104976 
20  0.424613  0.258768  0.836219  0.377484  0.280086  0.386822  0.552327  0.126536  0.087605  0.360646  0.232411  0.489435  0.394158  0.297924  0.314655  0.308608  0.262034  0.801609  0.421145  0.417310 0.0  0.371176  0.300251  0.171808  0.435887  0.356909  0.080656  0.399316  0.358905  0.332230  0.313347  0.420177  0.369527  0.481180  0.285135  0.350272  0.397361  0.358814  0.302952  0.416053  0.848358  0.339547  0.424441  0.455839  0.836843  0.377407  0.383946  0.390239  0.434542  0.366864  0.435877  0.223983  0.271184  0.392241  0.229315  0.436605  0.545787  0.390478  0.362935  0.792271  0.014267  0.242059  0.404072  0.392725  0.468890  0.182083  0.369516  0.441147  0.559771  0.400046  0.260802  0.304461  0.476476 
21  0.232581  0.298727  0.786297  0.576316  0.521093  0.192918  0.301048  0.371961  0.391410  0.391768  0.461443  0.246783  0.464078  0.440716  0.500362  0.403027  0.357258  0.890197  0.390595  0.582070  0.371176 0.0  0.451878  0.339642  0.144006  0.223664  0.453915  0.435388  0.065920  0.465570  0.589931  0.523787  0.365089  0.473190  0.239892  0.442999  0.384344  0.233387  0.472006  0.450313  0.816299  0.266375  0.170595  0.457037  0.803357  0.325624  0.526603  0.470484  0.253594  0.288753  0.282473  0.153736  0.400805  0.097406  0.237436  0.251419  0.470480  0.619366  0.539011  0.886348  0.416826  0.229667  0.447582  0.627359  0.368765  0.421913  0.368448  0.272884  0.364081  0.401034  0.486666  0.445951  0.380078 
22  0.114059  0.312242  0.529219  0.101052  0.245422  0.370966  0.064691  0.472792  0.417203  0.042291  0.346475  0.166461  0.266420  0.296841  0.000000  0.214396  0.000000  0.652435  0.227431  0.222329  0.300251  0.451878 0.0  0.287794  0.421678  0.579034  0.476695  0.235170  0.326451  0.120012  0.181189  0.219348  0.105899  0.161014  0.047042  0.229862  0.069890  0.313648  0.235514  0.030884  0.515804  0.276580  0.366939  0.171324  0.566473  0.076529  0.254394  0.147252  0.473561  0.391118  0.473600  0.443705  0.021645  0.470601  0.247225  0.516829  0.009330  0.259156  0.087200  0.618794  0.391582  0.465641  0.175285  0.275923  0.082086  0.335092  0.078566  0.531536  0.026332  0.149860  0.252165  0.000000  0.184727 
23  0.243890  0.217849  0.775286  0.282390  0.301726  0.281787  0.416432  0.314725  0.242841  0.262642  0.263665  0.227132  0.193242  0.214367  0.350368  0.347865  0.228987  0.765691  0.312924  0.323017  0.171808  0.339642  0.287794 0.0  0.369004  0.231513  0.246135  0.184716  0.278557  0.200706  0.282616  0.341957  0.346150  0.269841  0.253054  0.300388  0.266965  0.341705  0.370109  0.295759  0.667252  0.275291  0.169358  0.281963  0.637404  0.290989  0.185905  0.257260  0.308840  0.250273  0.290377  0.281262  0.174983  0.293614  0.224139  0.357158  0.307431  0.270611  0.308936  0.724489  0.293391  0.257306  0.329566  0.303426  0.257709  0.225655  0.384219  0.294155  0.177919  0.332081  0.424279  0.381907  0.226383 
24  0.451991  0.363517  0.841147  0.407654  0.387343  0.136295  0.442762  0.452168  0.397344  0.469065  0.457921  0.346368  0.503955  0.548919  0.396124  0.365228  0.475272  0.811001  0.377023  0.421135  0.435887  0.144006  0.421678  0.369004 0.0  0.193728  0.341575  0.469746  0.179192  0.412218  0.536309  0.412103  0.387030  0.356575  0.443711  0.326573  0.434363  0.349994  0.331851  0.407115  0.792308  0.230699  0.102792  0.396397  0.917690  0.420217  0.375633  0.480414  0.194936  0.048609  0.034983  0.171957  0.344752  0.058378  0.354288  0.182726  0.389671  0.425859  0.385555  0.831686  0.327785  0.148773  0.492222  0.309121  0.355683  0.387841  0.396539  0.154742  0.354270  0.421890  0.338289  0.349203  0.420461 
25  0.336869  0.262529  0.737533  0.587009  0.551371  0.189574  0.208039  0.436747  0.262608  0.326330  0.409411  0.382150  0.428429  0.558648  0.306037  0.339165  0.300923  0.899535  0.527940  0.545640  0.356909  0.223664  0.579034  0.231513  0.193728 0.0  0.429930  0.393598  0.112259  0.426606  0.521092  0.513605  0.301383  0.500152  0.383028  0.589491  0.341266  0.271808  0.545624  0.480957  0.912043  0.186980  0.163626  0.561479  0.808650  0.285121  0.506219  0.469654  0.176813  0.142075  0.187429  0.190386  0.410126  0.053011  0.316509  0.144919  0.351237  0.424842  0.412629  0.883793  0.351649  0.290138  0.573060  0.550400  0.498901  0.349766  0.314067  0.189059  0.385575  0.362640  0.469770  0.328855  0.335580 
26  0.578290  0.307543  0.754219  0.472392  0.391360  0.502917  0.435327  0.159846  0.127727  0.393473  0.452980  0.438799  0.437058  0.281761  0.365188  0.417865  0.422290  0.793778  0.479031  0.570237  0.080656  0.453915  0.476695  0.246135  0.341575  0.429930 0.0  0.349525  0.409718  0.393011  0.473919  0.487937  0.490327  0.457188  0.446658  0.452885  0.409396  0.327709  0.440885  0.514756  0.847446  0.263643  0.401689  0.287454  0.818571  0.477917  0.469955  0.538015  0.464987  0.392415  0.440659  0.347347  0.515023  0.324725  0.314070  0.502563  0.488823  0.325320  0.364838  0.862966  0.037171  0.511144  0.443790  0.321128  0.397751  0.191876  0.424486  0.374328  0.326731  0.523637  0.420092  0.479637  0.431940 
27  0.029027  0.342923  0.505175  0.253949  0.193167  0.484740  0.060209  0.372501  0.379669  0.000000  0.186728  0.070453  0.060864  0.240001  0.029632  0.081660  0.000000  0.643629  0.159283  0.237559  0.399316  0.435388  0.235170  0.184716  0.469746  0.393598  0.349525 0.0  0.371411  0.299630  0.147081  0.134096  0.014089  0.155523  0.041426  0.200160  0.124532  0.327481  0.131030  0.007948  0.564609  0.303934  0.355408  0.187171  0.423158  0.066082  0.152030  0.285730  0.425206  0.598567  0.488461  0.360896  0.135702  0.469812  0.217177  0.501231  0.033862  0.142464  0.097086  0.570739  0.466198  0.514524  0.093657  0.221851  0.205808  0.362363  0.186250  0.489047  0.048129  0.304360  0.187133  0.111923  0.021141 
28  0.328274  0.338540  0.923229  0.378969  0.379054  0.144588  0.313218  0.380540  0.370361  0.617341  0.334447  0.500424  0.350139  0.275284  0.429380  0.565474  0.366397  0.832987  0.324514  0.372782  0.358905  0.065920  0.326451  0.278557  0.179192  0.112259  0.409718  0.371411 0.0  0.338332  0.301487  0.357743  0.569007  0.433261  0.332820  0.330779  0.476083  0.302014  0.420444  0.435000  0.904893  0.223943  0.118757  0.302095  0.805899  0.623256  0.284887  0.458783  0.000000  0.038734  0.121897  0.263824  0.482268  0.103095  0.334335  0.039772  0.318962  0.302458  0.421905  0.695493  0.479822  0.138577  0.428736  0.451732  0.358267  0.390196  0.464980  0.069319  0.382262  0.372430  0.266929  0.546213  0.411527 
29  0.080761  0.308042  0.515042  0.196593  0.082284  0.485830  0.154502  0.431058  0.404047  0.000000  0.339874  0.073180  0.126302  0.223863  0.000000  0.097493  0.211743  0.563589  0.251480  0.222492  0.332230  0.465570  0.120012  0.200706  0.412218  0.426606  0.393011  0.299630  0.338332 0.0  0.262559  0.328132  0.132495  0.153520  0.060250  0.212719  0.080959  0.227482  0.222066  0.158710  0.533646  0.180610  0.427645  0.208606  0.652104  0.015230  0.216801  0.141897  0.370988  0.559172  0.527198  0.293675  0.119518  0.395699  0.311869  0.470548  0.135664  0.168631  0.105393  0.655455  0.362682  0.590086  0.126225  0.218543  0.102670  0.364634  0.031476  0.471917  0.097490  0.119480  0.316444  0.000000  0.179942 
30  0.046124  0.208573  0.461345  0.265523  0.267189  0.500108  0.001775  0.376084  0.231486  0.095714  0.312194  0.137714  0.110130  0.237189  0.033910  0.077023  0.060144  0.543249  0.144171  0.181134  0.313347  0.589931  0.181189  0.282616  0.536309  0.521092  0.473919  0.147081  0.301487  0.262559 0.0  0.170277  0.094784  0.187207  0.180706  0.173011  0.110973  0.261493  0.166008  0.129737  0.572144  0.352840  0.385598  0.133264  0.508339  0.118758  0.203856  0.226610  0.320656  0.616970  0.398285  0.277509  0.051697  0.472791  0.288599  0.498269  0.019054  0.231827  0.053902  0.727138  0.300273  0.405258  0.254029  0.092616  0.147684  0.398771  0.022811  0.498787  0.145632  0.152306  0.228044  0.000000  0.135681 
31  0.062002  0.310550  0.500312  0.277074  0.264617  0.459688  0.045065  0.362643  0.310237  0.069374  0.337613  0.096049  0.160096  0.247375  0.085356  0.000000  0.000000  0.485416  0.187873  0.220431  0.420177  0.523787  0.219348  0.341957  0.412103  0.513605  0.487937  0.134096  0.357743  0.328132  0.170277 0.0  0.045597  0.093450  0.036161  0.159173  0.023273  0.268703  0.128913  0.215038  0.515988  0.344986  0.417022  0.118651  0.615977  0.030672  0.178410  0.241625  0.486256  0.537806  0.514166  0.189872  0.000000  0.578678  0.363390  0.517851  0.060829  0.108404  0.077004  0.565720  0.221100  0.417319  0.106898  0.185675  0.093659  0.233744  0.091346  0.614576  0.154774  0.151133  0.238098  0.075461  0.132628 
32  0.078537  0.328574  0.693683  0.096973  0.100743  0.317003  0.068180  0.285842  0.399136  0.161360  0.218750  0.214736  0.149547  0.082364  0.220563  0.150987  0.020534  0.656264  0.059349  0.106070  0.369527  0.365089  0.105899  0.346150  0.387030  0.301383  0.490327  0.014089  0.569007  0.132495  0.094784  0.045597 0.0  0.165148  0.220057  0.068490  0.150778  0.368931  0.098606  0.211878  0.625430  0.331403  0.419725  0.107059  0.645240  0.211693  0.000000  0.000000  0.409915  0.366061  0.363849  0.219212  0.250520  0.431402  0.335839  0.336585  0.025310  0.165791  0.276163  0.500262  0.385140  0.381994  0.131144  0.019923  0.149843  0.427705  0.238907  0.398845  0.038409  0.230382  0.107549  0.280216  0.162240 
33  0.195032  0.176464  0.620012  0.218373  0.148092  0.426286  0.186626  0.410973  0.354465  0.184496  0.120710  0.170453  0.025934  0.155859  0.162929  0.280775  0.116811  0.520320  0.187824  0.181796  0.481180  0.473190  0.161014  0.269841  0.356575  0.500152  0.457188  0.155523  0.433261  0.153520  0.187207  0.093450  0.165148 0.0  0.138067  0.148756  0.104011  0.231025  0.171282  0.073825  0.506979  0.274514  0.453163  0.199118  0.568120  0.104351  0.076321  0.156576  0.499706  0.399015  0.491695  0.320603  0.152778  0.414063  0.321260  0.431727  0.108963  0.033721  0.127887  0.537370  0.449034  0.340924  0.128755  0.252774  0.237360  0.414201  0.092242  0.344041  0.015403  0.165504  0.142778  0.228722  0.180143 
34  0.155469  0.272939  0.658677  0.103947  0.000000  0.346793  0.022067  0.228533  0.496461  0.186359  0.109255  0.201976  0.065027  0.066862  0.174603  0.277525  0.162314  0.619392  0.043333  0.141027  0.285135  0.239892  0.047042  0.253054  0.443711  0.383028  0.446658  0.041426  0.332820  0.060250  0.180706  0.036161  0.220057  0.138067 0.0  0.096352  0.149345  0.280823  0.024991  0.207466  0.646647  0.282164  0.392203  0.201391  0.721228  0.209443  0.057693  0.000000  0.297244  0.423425  0.462339  0.383607  0.208622  0.347257  0.329467  0.423427  0.000000  0.024431  0.203314  0.530548  0.386086  0.466967  0.081549  0.095610  0.108387  0.366868  0.256485  0.349207  0.131796  0.172680  0.005709  0.342578  0.160068 
35  0.113581  0.185386  0.604197  0.275792  0.277431  0.503030  0.090386  0.465594  0.391546  0.041047  0.198358  0.069636  0.286596  0.150686  0.012517  0.140205  0.152270  0.567997  0.152689  0.134658  0.350272  0.442999  0.229862  0.300388  0.326573  0.589491  0.452885  0.200160  0.330779  0.212719  0.173011  0.159173  0.068490  0.148756  0.096352 0.0  0.198110  0.259361  0.245680  0.298686  0.593643  0.317807  0.469895  0.107222  0.464174  0.026538  0.285699  0.240476  0.566643  0.433699  0.519157  0.183952  0.000000  0.460065  0.211098  0.496377  0.152837  0.289264  0.041366  0.632425  0.326337  0.500443  0.257064  0.168579  0.168826  0.255584  0.019958  0.518725  0.109591  0.222492  0.192765  0.079651  0.190200 
36  0.244519  0.354105  0.580736  0.201986  0.169790  0.465215  0.212842  0.375813  0.518241  0.232804  0.111881  0.152964  0.151994  0.060023  0.089939  0.191445  0.169622  0.553303  0.169395  0.151962  0.397361  0.384344  0.069890  0.266965  0.434363  0.341266  0.409396  0.124532  0.476083  0.080959  0.110973  0.023273  0.150778  0.104011  0.149345  0.198110 0.0  0.394103  0.156492  0.153890  0.597875  0.283442  0.453159  0.172431  0.633759  0.142541  0.038739  0.149384  0.416973  0.520893  0.402822  0.302812  0.184313  0.505183  0.240215  0.438623  0.159229  0.126001  0.218359  0.649220  0.383091  0.378677  0.084404  0.104459  0.187458  0.431331  0.105587  0.425926  0.192502  0.168685  0.227497  0.150001  0.183973 
37  0.307733  0.283997  0.759839  0.369557  0.263147  0.356494  0.222684  0.258837  0.388957  0.213277  0.392968  0.356763  0.391152  0.351156  0.300239  0.230727  0.154435  0.700343  0.167127  0.266209  0.358814  0.233387  0.313648  0.341705  0.349994  0.271808  0.327709  0.327481  0.302014  0.227482  0.261493  0.268703  0.368931  0.231025  0.280823  0.259361  0.394103 0.0  0.272600  0.280956  0.700113  0.289125  0.269366  0.326484  0.650003  0.390936  0.199128  0.374579  0.320011  0.273522  0.351002  0.338814  0.207259  0.270395  0.310419  0.280277  0.378433  0.212820  0.354074  0.677018  0.293042  0.262293  0.282045  0.397485  0.207227  0.412454  0.437265  0.221473  0.203228  0.389224  0.230100  0.229551  0.323992 
38  0.069902  0.178110  0.525210  0.136394  0.262747  0.479979  0.028891  0.438165  0.479141  0.000000  0.192248  0.155315  0.188115  0.092285  0.100474  0.256430  0.115054  0.581577  0.246070  0.234882  0.302952  0.472006  0.235514  0.370109  0.331851  0.545624  0.440885  0.131030  0.420444  0.222066  0.166008  0.128913  0.098606  0.171282  0.024991  0.245680  0.156492  0.272600 0.0  0.131253  0.626598  0.253186  0.338926  0.101510  0.585620  0.086139  0.301788  0.211112  0.544392  0.510223  0.409420  0.279625  0.190405  0.459457  0.375123  0.384665  0.111074  0.139598  0.014683  0.509928  0.427538  0.543712  0.224362  0.227174  0.118198  0.375879  0.000000  0.513284  0.038030  0.174446  0.162474  0.029832  0.066754 
39  0.095864  0.246669  0.631531  0.189496  0.000000  0.362666  0.238098  0.360798  0.297186  0.198158  0.181559  0.208260  0.079384  0.120534  0.269941  0.112657  0.118213  0.652665  0.129764  0.138493  0.416053  0.450313  0.030884  0.295759  0.407115  0.480957  0.514756  0.007948  0.435000  0.158710  0.129737  0.215038  0.211878  0.073825  0.207466  0.298686  0.153890  0.280956  0.131253 0.0  0.603192  0.371211  0.443062  0.151829  0.575905  0.024121  0.071583  0.202565  0.540376  0.378318  0.396091  0.192146  0.006564  0.460313  0.325134  0.355696  0.329206  0.093284  0.215458  0.589773  0.514565  0.439097  0.120383  0.067239  0.259594  0.392028  0.000000  0.477394  0.123630  0.118730  0.158790  0.228684  0.345282 
40  0.611963  0.744739  0.584873  0.608358  0.563146  0.784436  0.531220  0.878703  0.792042  0.404020  0.456857  0.548686  0.556855  0.603606  0.533239  0.698118  0.510837  0.558972  0.484486  0.561128  0.848358  0.816299  0.515804  0.667252  0.792308  0.912043  0.847446  0.564609  0.904893  0.533646  0.572144  0.515988  0.625430  0.506979  0.646647  0.593643  0.597875  0.700113  0.626598  0.603192 0.0  0.737379  0.827450  0.630264  0.619189  0.491896  0.630548  0.752696  0.755493  0.818102  0.849976  0.782297  0.587586  0.894227  0.678871  0.912446  0.530403  0.501046  0.546971  0.568128  0.887565  0.833639  0.476220  0.644535  0.526280  0.790625  0.555573  0.906006  0.667501  0.736716  0.615887  0.665316  0.540581 
41  0.260436  0.303746  0.689681  0.299710  0.311156  0.303759  0.273199  0.337822  0.245699  0.240646  0.296386  0.271214  0.224085  0.325288  0.175865  0.131637  0.321709  0.517082  0.326528  0.348697  0.339547  0.266375  0.276580  0.275291  0.230699  0.186980  0.263643  0.303934  0.223943  0.180610  0.352840  0.344986  0.331403  0.274514  0.282164  0.317807  0.283442  0.289125  0.253186  0.371211  0.737379 0.0  0.285151  0.165835  0.830628  0.328181  0.396385  0.313211  0.353225  0.252302  0.379933  0.271639  0.401464  0.260132  0.310519  0.280350  0.305801  0.297613  0.246679  0.778151  0.203619  0.332752  0.310784  0.278911  0.297650  0.276164  0.282909  0.292236  0.366471  0.277297  0.284206  0.423848  0.314343 
42  0.383184  0.163055  0.694395  0.447860  0.411942  0.164802  0.377472  0.326454  0.449348  0.453751  0.367390  0.467468  0.471173  0.322381  0.405926  0.440764  0.231455  0.897194  0.263873  0.406098  0.424441  0.170595  0.366939  0.169358  0.102792  0.163626  0.401689  0.355408  0.118757  0.427645  0.385598  0.417022  0.419725  0.453163  0.392203  0.469895  0.453159  0.269366  0.338926  0.443062  0.827450  0.285151 0.0  0.526569  0.873152  0.470565  0.435974  0.407423  0.177778  0.131824  0.089737  0.278539  0.415720  0.121787  0.313695  0.205725  0.362549  0.450862  0.465930  0.906478  0.366764  0.225645  0.434417  0.344436  0.403407  0.351004  0.459835  0.167879  0.403694  0.515376  0.387715  0.476166  0.416724 
43  0.184484  0.313890  0.569744  0.111911  0.000000  0.329868  0.196691  0.330339  0.400445  0.089457  0.128896  0.099840  0.271553  0.059725  0.129864  0.011720  0.123357  0.570055  0.075478  0.041440  0.455839  0.457037  0.171324  0.281963  0.396397  0.561479  0.287454  0.187171  0.302095  0.208606  0.133264  0.118651  0.107059  0.199118  0.201391  0.107222  0.172431  0.326484  0.101510  0.151829  0.630264  0.165835  0.526569 0.0  0.578823  0.144719  0.099410  0.163225  0.560413  0.485754  0.409428  0.372956  0.154151  0.404244  0.197223  0.464554  0.152705  0.084799  0.105365  0.681702  0.494645  0.420567  0.143761  0.161103  0.110408  0.394650  0.180928  0.430370  0.179778  0.177241  0.125448  0.140902  0.210533 
44  0.511314  0.750749  0.055085  0.461976  0.426360  0.755522  0.546104  0.862191  0.731673  0.591502  0.494275  0.651618  0.584802  0.484071  0.615806  0.733844  0.456040  0.243947  0.408279  0.509176  0.836843  0.803357  0.566473  0.637404  0.917690  0.808650  0.818571  0.423158  0.805899  0.652104  0.508339  0.615977  0.645240  0.568120  0.721228  0.464174  0.633759  0.650003  0.585620  0.575905  0.619189  0.830628  0.873152  0.578823 0.0  0.682031  0.497559  0.465944  0.805867  0.803062  0.828702  0.643712  0.678579  0.912167  0.632620  0.876805  0.609403  0.427806  0.741505  0.088344  0.835526  0.753099  0.540739  0.613024  0.670694  0.694074  0.718174  0.704581  0.497603  0.554458  0.475407  0.639992  0.516461 
45  0.071236  0.257114  0.719294  0.000000  0.071498  0.227187  0.000000  0.243622  0.271675  0.229497  0.021110  0.196381  0.221098  0.130197  0.240476  0.170908  0.092082  0.541351  0.073710  0.096159  0.377407  0.325624  0.076529  0.290989  0.420217  0.285121  0.477917  0.066082  0.623256  0.015230  0.118758  0.030672  0.211693  0.104351  0.209443  0.026538  0.142541  0.390936  0.086139  0.024121  0.491896  0.328181  0.470565  0.144719  0.682031 0.0  0.073193  0.057332  0.445511  0.423513  0.304882  0.294679  0.153757  0.389397  0.349990  0.380927  0.032461  0.082000  0.115790  0.507345  0.273745  0.272242  0.035647  0.151076  0.132802  0.376265  0.184882  0.233570  0.071277  0.117401  0.216226  0.181322  0.212981 
46  0.003342  0.206028  0.440042  0.173779  0.282194  0.410226  0.075975  0.439619  0.358407  0.065546  0.248731  0.082632  0.171984  0.155192  0.166452  0.115904  0.041718  0.543825  0.254998  0.308840  0.383946  0.526603  0.254394  0.185905  0.375633  0.506219  0.469955  0.152030  0.284887  0.216801  0.203856  0.178410  0.000000  0.076321  0.057693  0.285699  0.038739  0.199128  0.301788  0.071583  0.630548  0.396385  0.435974  0.099410  0.497559  0.073193 0.0  0.184472  0.532263  0.478510  0.483937  0.254969  0.002966  0.392425  0.316560  0.484995  0.068925  0.196909  0.000000  0.678927  0.275864  0.358622  0.161174  0.238594  0.107842  0.362276  0.010172  0.525087  0.114771  0.218938  0.201852  0.000000  0.069744 
47  0.064354  0.199625  0.368905  0.208201  0.231017  0.548707  0.090744  0.472180  0.456961  0.047452  0.308743  0.039624  0.143871  0.246554  0.200543  0.044295  0.027171  0.582268  0.189186  0.223217  0.390239  0.470484  0.147252  0.257260  0.480414  0.469654  0.538015  0.285730  0.458783  0.141897  0.226610  0.241625  0.000000  0.156576  0.000000  0.240476  0.149384  0.374579  0.211112  0.202565  0.752696  0.313211  0.407423  0.163225  0.465944  0.057332  0.184472 0.0  0.564695  0.596540  0.557036  0.255935  0.222377  0.492953  0.297298  0.489945  0.003572  0.138480  0.000000  0.511547  0.371102  0.492242  0.246701  0.087249  0.132839  0.291965  0.054430  0.509647  0.097223  0.099684  0.145157  0.075910  0.181983 
48  0.314741  0.358750  0.646587  0.447909  0.600226  0.218110  0.375894  0.346447  0.360804  0.316252  0.507417  0.349488  0.492433  0.499262  0.398334  0.223054  0.319460  0.923996  0.568464  0.543791  0.434542  0.253594  0.473561  0.308840  0.194936  0.176813  0.464987  0.425206  0.000000  0.370988  0.320656  0.486256  0.409915  0.499706  0.297244  0.566643  0.416973  0.320011  0.544392  0.540376  0.755493  0.353225  0.177778  0.560413  0.805867  0.445511  0.532263  0.564695 0.0  0.207483  0.152642  0.343778  0.328833  0.153200  0.086928  0.154868  0.408045  0.485077  0.371962  0.867788  0.263782  0.237242  0.558228  0.489650  0.446446  0.365588  0.366819  0.194822  0.397056  0.374948  0.495928  0.243209  0.342473 
49  0.366900  0.391659  0.741504  0.432116  0.517445  0.218612  0.356447  0.340718  0.316053  0.413389  0.571203  0.311739  0.401318  0.527141  0.385721  0.467356  0.388374  0.898572  0.493304  0.516466  0.366864  0.288753  0.391118  0.250273  0.048609  0.142075  0.392415  0.598567  0.038734  0.559172  0.616970  0.537806  0.366061  0.399015  0.423425  0.433699  0.520893  0.273522  0.510223  0.378318  0.818102  0.252302  0.131824  0.485754  0.803062  0.423513  0.478510  0.596540  0.207483 0.0  0.126336  0.345427  0.420701  0.044225  0.269348  0.107317  0.271388  0.545811  0.355528  0.883495  0.245205  0.297999  0.518181  0.497162  0.482479  0.356356  0.400059  0.103817  0.318636  0.318742  0.482948  0.432865  0.357363 
50  0.339611  0.242074  0.815073  0.475015  0.521239  0.198519  0.478936  0.401433  0.304435  0.361457  0.574994  0.225431  0.396680  0.516658  0.424763  0.407222  0.401878  0.839544  0.595710  0.441575  0.435877  0.282473  0.473600  0.290377  0.034983  0.187429  0.440659  0.488461  0.121897  0.527198  0.398285  0.514166  0.363849  0.491695  0.462339  0.519157  0.402822  0.351002  0.409420  0.396091  0.849976  0.379933  0.089737  0.409428  0.828702  0.304882  0.483937  0.557036  0.152642  0.126336 0.0  0.327792  0.345765  0.159396  0.346229  0.265558  0.269175  0.533028  0.325960  0.867256  0.366083  0.181261  0.526407  0.490345  0.510400  0.363496  0.380387  0.277144  0.353507  0.415195  0.483033  0.377238  0.266554 
51  0.212873  0.152886  0.818576  0.240713  0.310762  0.291529  0.323741  0.259263  0.251643  0.220832  0.364916  0.284994  0.339983  0.320009  0.292056  0.312032  0.283648  0.680415  0.272567  0.314014  0.223983  0.153736  0.443705  0.281262  0.171957  0.190386  0.347347  0.360896  0.263824  0.293675  0.277509  0.189872  0.219212  0.320603  0.383607  0.183952  0.302812  0.338814  0.279625  0.192146  0.782297  0.271639  0.278539  0.372956  0.643712  0.294679  0.254969  0.255935  0.343778  0.345427  0.327792 0.0  0.245102  0.244996  0.325035  0.286507  0.204356  0.301761  0.276418  0.710301  0.449475  0.406654  0.261142  0.336318  0.185421  0.290942  0.441549  0.296842  0.231722  0.308822  0.295940  0.185915  0.333615 
52  0.051474  0.255661  0.685568  0.087674  0.129438  0.327259  0.000000  0.258173  0.391828  0.145384  0.146532  0.224830  0.212527  0.150319  0.195674  0.219882  0.131622  0.521258  0.142163  0.046957  0.271184  0.400805  0.021645  0.174983  0.344752  0.410126  0.515023  0.135702  0.482268  0.119518  0.051697  0.000000  0.250520  0.152778  0.208622  0.000000  0.184313  0.207259  0.190405  0.006564  0.587586  0.401464  0.415720  0.154151  0.678579  0.153757  0.002966  0.222377  0.328833  0.420701  0.345765  0.245102 0.0  0.482977  0.319033  0.364276  0.101886  0.000000  0.206866  0.490869  0.349791  0.351108  0.015107  0.082506  0.156567  0.305165  0.192157  0.269719  0.041724  0.122955  0.024707  0.112082  0.018783 
53  0.363590  0.314590  0.893450  0.435570  0.299057  0.188874  0.457374  0.498461  0.484446  0.390129  0.383675  0.487771  0.533788  0.484898  0.396180  0.389603  0.378748  0.831385  0.445911  0.399966  0.392241  0.097406  0.470601  0.293614  0.058378  0.053011  0.324725  0.469812  0.103095  0.395699  0.472791  0.578678  0.431402  0.414063  0.347257  0.460065  0.505183  0.270395  0.459457  0.460313  0.894227  0.260132  0.121787  0.404244  0.912167  0.389397  0.392425  0.492953  0.153200  0.044225  0.159396  0.244996  0.482977 0.0  0.300755  0.130816  0.295010  0.416754  0.386271  0.866060  0.413779  0.114864  0.435707  0.382193  0.480848  0.414689  0.518626  0.045793  0.392448  0.498139  0.476532  0.491043  0.373549 
