62
0 0.0  0.242521  0.710025  0.253798  0.250720  0.253470  0.232799  0.330751  0.632509  0.218096  0.221883  0.333809  0.169321  0.241023  0.623430  0.263259  0.308744  0.316794  0.601944  0.694544  0.215895  0.711824  0.601267  0.174864  0.215629  0.206551  0.268556  0.228431  0.671034  0.239140  0.651255  0.219564  0.300210  0.317551  0.242819  0.298329  0.276318  0.254843  0.198825  0.219329  0.338580  0.322386  0.267151  0.281257  0.268809  0.264969  0.666189  0.337188  0.635526  0.643944  0.492257  0.699483  0.621855  0.265170  0.451826  0.307598  0.633147  0.595113  0.290359  0.309056  0.597145  0.663298 
1  0.242521 0.0  0.744485  0.447586  0.453885  0.452635  0.437537  0.361635  0.701479  0.370937  0.371603  0.529454  0.315503  0.515952  0.631658  0.033997  0.226399  0.340467  0.637094  0.642543  0.380159  0.840091  0.839821  0.374939  0.521032  0.417854  0.369418  0.367704  0.708104  0.386820  0.826593  0.608547  0.467375  0.473433  0.452990  0.466983  0.369705  0.356795  0.207168  0.218100  0.386580  0.383306  0.386357  0.489837  0.393351  0.366455  0.847381  0.310295  0.790596  0.634451  0.588705  0.840434  0.739869  0.421416  0.520328  0.417773  0.755985  0.628100  0.444001  0.584292  0.690282  0.682946 
2  0.710025  0.744485 0.0  0.776858  0.703277  0.769719  0.807572  0.525118  0.519897  0.897411  0.543294  0.657000  0.654229  0.724514  0.105192  0.683654  0.826561  0.740221  0.208004  0.828526  0.709968  0.238660  0.328568  0.750807  0.654150  0.746140  0.661685  0.878035  0.274971  0.723132  0.878153  0.646528  0.664677  0.787606  0.801714  0.699034  0.770213  0.816766  0.837842  0.612582  0.685394  0.726432  0.679508  0.766829  0.577078  0.879403  0.363116  0.865759  0.677486  0.210758  0.583896  0.348724  0.021923  0.636292  0.500723  0.675127  0.134508  0.248421  0.648222  0.755859  0.366831  0.370898 
3  0.253798  0.447586  0.776858 0.0  0.371001  0.121072  0.157213  0.369419  0.816967  0.210599  0.331570  0.113742  0.410587  0.410768  0.883442  0.423275  0.125826  0.397429  0.672197  0.752522  0.355151  0.533756  0.604134  0.331648  0.139380  0.434884  0.394000  0.123226  0.827997  0.414194  0.614109  0.481623  0.280682  0.300629  0.364217  0.466559  0.445022  0.426814  0.383743  0.305837  0.312009  0.096671  0.169507  0.449074  0.499534  0.216806  0.558643  0.046493  0.821849  0.718744  0.590098  0.515781  0.839695  0.197781  0.532289  0.068815  0.799623  0.661839  0.201911  0.383813  0.720439  0.772845 
4  0.250720  0.453885  0.703277  0.371001 0.0  0.343205  0.396857  0.332905  0.702896  0.226476  0.189756  0.317959  0.186567  0.159075  0.696950  0.296811  0.334432  0.101979  0.679932  0.523305  0.121266  0.748079  0.672615  0.072893  0.333973  0.084401  0.130710  0.385646  0.444699  0.113438  0.787259  0.086369  0.051725  0.117307  0.071114  0.126719  0.000198  0.000000  0.177936  0.292065  0.110812  0.446116  0.240012  0.062123  0.374718  0.439993  0.735929  0.332045  0.565846  0.634564  0.361068  0.636083  0.705951  0.398490  0.110315  0.351987  0.781132  0.618507  0.399732  0.127731  0.440466  0.424284 
5  0.253470  0.452635  0.769719  0.121072  0.343205 0.0  0.240999  0.347720  0.667011  0.000000  0.418081  0.172719  0.361242  0.525209  0.689210  0.269340  0.118388  0.290194  0.601217  0.768046  0.269272  0.617324  0.547281  0.413800  0.144027  0.461079  0.299243  0.056335  0.740995  0.405945  0.545328  0.471255  0.538770  0.520685  0.339228  0.483483  0.525832  0.475640  0.350883  0.291575  0.425285  0.057193  0.146148  0.484225  0.325940  0.085033  0.616542  0.000000  0.721553  0.660157  0.529413  0.543355  0.697966  0.203378  0.535342  0.158314  0.689561  0.704923  0.148380  0.424073  0.756074  0.751607 
6  0.232799  0.437537  0.807572  0.157213  0.396857  0.240999 0.0  0.263616  0.718901  0.168992  0.383456  0.094237  0.185635  0.406014  0.702793  0.363119  0.211128  0.391928  0.699974  0.622083  0.199448  0.515768  0.599494  0.350046  0.152944  0.432910  0.280111  0.080390  0.804673  0.387291  0.524760  0.563140  0.438466  0.432257  0.463046  0.314052  0.377324  0.479676  0.225284  0.350297  0.388105  0.191114  0.221376  0.380693  0.246863  0.094578  0.661401  0.000000  0.955547  0.734889  0.656624  0.540675  0.791509  0.155952  0.468843  0.197057  0.785162  0.726540  0.193360  0.544373  0.730407  0.798052 
7  0.330751  0.361635  0.525118  0.369419  0.332905  0.347720  0.263616 0.0  0.603181  0.367112  0.181659  0.301313  0.506854  0.302243  0.637550  0.415233  0.412040  0.568845  0.687075  0.921218  0.294854  0.746263  0.730242  0.335019  0.309056  0.347320  0.490155  0.344304  0.797774  0.320183  0.740263  0.337388  0.245416  0.280302  0.329802  0.484649  0.297496  0.307672  0.396325  0.389988  0.276480  0.382284  0.307770  0.324421  0.147802  0.364295  0.663347  0.273439  0.817596  0.716127  0.649791  0.656286  0.661486  0.241011  0.662074  0.350785  0.671217  0.510556  0.343422  0.376343  0.882203  0.818937 
8  0.632509  0.701479  0.519897  0.816967  0.702896  0.667011  0.718901  0.603181 0.0  0.702003  0.583425  0.610226  0.773073  0.777547  0.632390  1.000000  0.732386  0.859088  0.698095  0.475752  0.686862  0.736931  0.688840  0.746324  0.754325  0.600534  0.741167  0.715460  0.858501  0.727704  0.294650  0.725944  0.766293  0.715625  0.673350  0.714898  0.625915  0.673821  0.919683  0.701943  0.750005  0.657000  0.635591  0.674172  0.422124  0.743435  0.673751  0.743330  0.325000  0.630589  0.532529  0.797194  0.579361  0.706481  0.756335  0.686910  0.723779  0.415671  0.770562  0.765744  0.895825  0.843103 
9  0.218096  0.370937  0.897411  0.210599  0.226476  0.000000  0.168992  0.367112  0.702003 0.0  0.179467  0.024187  0.343004  0.392533  0.732880  0.338206  0.260145  0.427673  0.758599  0.706234  0.311262  0.545927  0.390658  0.506423  0.165610  0.400988  0.327801  0.129597  0.679000  0.328125  0.636572  0.300850  0.414818  0.284050  0.380408  0.444080  0.349231  0.340952  0.390041  0.418842  0.353840  0.000000  0.073855  0.302854  0.465366  0.152304  0.400826  0.263505  0.773439  0.556609  0.620542  0.413065  0.664059  0.114442  0.468740  0.075515  0.698364  0.910639  0.115956  0.277148  0.699911  0.703876 
10  0.221883  0.371603  0.543294  0.331570  0.189756  0.418081  0.383456  0.181659  0.583425  0.179467 0.0  0.279546  0.280644  0.298220  0.696181  0.363834  0.191520  0.075406  0.733234  0.584660  0.115059  0.754907  0.726877  0.225213  0.252346  0.431040  0.133778  0.220532  0.506571  0.441063  0.547505  0.274000  0.349296  0.249909  0.223142  0.377509  0.361541  0.396535  0.182298  0.312880  0.358565  0.222500  0.345944  0.299269  0.206060  0.275912  0.686781  0.228833  0.771020  0.627856  0.423794  0.738536  0.633957  0.282737  0.432549  0.320588  0.573339  0.527010  0.279268  0.214350  0.652498  0.626118 
11  0.333809  0.529454  0.657000  0.113742  0.317959  0.172719  0.094237  0.301313  0.610226  0.024187  0.279546 0.0  0.371684  0.477876  0.637649  0.305719  0.093949  0.368929  0.640577  0.673234  0.250505  0.603713  0.551389  0.269451  0.264144  0.461263  0.302337  0.125940  0.670327  0.534904  0.499961  0.459981  0.465047  0.395052  0.420450  0.346866  0.423614  0.370050  0.393126  0.234410  0.408794  0.148976  0.239469  0.398149  0.272189  0.175402  0.592880  0.124662  0.870892  0.700284  0.644345  0.662653  0.548141  0.136150  0.457245  0.243212  0.751631  0.692662  0.204013  0.410568  0.684726  0.683308 
12  0.169321  0.315503  0.654229  0.410587  0.186567  0.361242  0.185635  0.506854  0.773073  0.343004  0.280644  0.371684 0.0  0.110289  0.753245  0.470173  0.286001  0.169021  0.713465  0.616238  0.104032  0.668038  0.783574  0.196272  0.379007  0.073661  0.216732  0.413424  0.599768  0.165814  0.766258  0.162692  0.024249  0.054358  0.134532  0.133576  0.103113  0.022322  0.228964  0.252748  0.000000  0.339691  0.244766  0.042262  0.264176  0.236618  0.789788  0.302282  0.510314  0.703854  0.219080  0.682760  0.860859  0.314194  0.303872  0.412702  0.873135  0.777409  0.271644  0.117374  0.611921  0.592302 
13  0.241023  0.515952  0.724514  0.410768  0.159075  0.525209  0.406014  0.302243  0.777547  0.392533  0.298220  0.477876  0.110289 0.0  0.651689  0.303999  0.303476  0.040146  0.671815  0.440818  0.047971  0.780825  0.911917  0.000000  0.569784  0.163785  0.110217  0.297218  0.495954  0.184058  0.717840  0.197283  0.203118  0.255303  0.144499  0.075400  0.235314  0.181621  0.063022  0.256254  0.140228  0.286656  0.382532  0.081275  0.372965  0.199092  0.933606  0.286373  0.603765  0.709968  0.324422  0.775352  0.656349  0.382268  0.235356  0.561409  0.741815  0.725948  0.487690  0.232933  0.573327  0.436638 
14  0.623430  0.631658  0.105192  0.883442  0.696950  0.689210  0.702793  0.637550  0.632390  0.732880  0.696181  0.637649  0.753245  0.651689 0.0  0.870753  0.738137  0.905605  0.224028  0.846416  0.729323  0.315643  0.299968  0.673685  0.691435  0.679564  0.880004  0.743893  0.563879  0.761047  0.779877  0.717325  0.688425  0.652629  0.815469  0.817492  0.774552  0.540653  0.929864  0.739187  0.759255  0.629469  0.707288  0.831972  0.518927  0.782397  0.332649  0.773661  0.705986  0.391441  0.656489  0.350724  0.178499  0.686685  0.592545  0.770236  0.204113  0.091964  0.768782  0.699543  0.375483  0.479138 
15  0.263259  0.033997  0.683654  0.423275  0.296811  0.269340  0.363119  0.415233  1.000000  0.338206  0.363834  0.305719  0.470173  0.303999  0.870753 0.0  0.378451  0.461300  0.635561  0.805971  0.308482  0.707660  0.653764  0.441666  0.434295  0.191144  0.491403  0.324661  0.874987  0.286359  0.724740  0.410656  0.267592  0.395020  0.307072  0.448809  0.396858  0.421110  0.433143  0.279769  0.248819  0.345806  0.217086  0.421824  0.361296  0.337943  0.741005  0.440198  0.790059  0.617936  0.610899  0.710086  0.813402  0.356997  0.679118  0.262151  0.872391  0.807392  0.201513  0.368191  0.883985  0.812694 
16  0.308744  0.226399  0.826561  0.125826  0.334432  0.118388  0.211128  0.412040  0.732386  0.260145  0.191520  0.093949  0.286001  0.303476  0.738137  0.378451 0.0  0.271454  0.794329  0.642132  0.340289  0.425204  0.457088  0.459421  0.045479  0.295354  0.369495  0.177190  0.611971  0.272385  0.412294  0.402623  0.299231  0.358586  0.397195  0.357387  0.278226  0.377728  0.470177  0.310504  0.402488  0.049161  0.103588  0.407141  0.431532  0.164473  0.499635  0.277632  0.764718  0.715218  0.621679  0.512193  0.773555  0.080713  0.461460  0.064380  0.742874  0.914901  0.073943  0.369718  0.709569  0.784741 
17  0.316794  0.340467  0.740221  0.397429  0.101979  0.290194  0.391928  0.568845  0.859088  0.427673  0.075406  0.368929  0.169021  0.040146  0.905605  0.461300  0.271454 0.0  0.673739  0.651492  0.104533  0.628578  0.740843  0.084563  0.302244  0.096689  0.178560  0.289207  0.626354  0.178345  0.788318  0.081120  0.087162  0.101624  0.087421  0.074437  0.112186  0.119315  0.310972  0.185204  0.110995  0.274855  0.365658  0.099186  0.369039  0.329070  0.809921  0.267184  0.413208  0.751443  0.356099  0.831364  0.918160  0.269387  0.439755  0.206404  0.831125  0.699262  0.371432  0.027349  0.593707  0.554799 
18  0.601944  0.637094  0.208004  0.672197  0.679932  0.601217  0.699974  0.687075  0.698095  0.758599  0.733234  0.640577  0.713465  0.671815  0.224028  0.635561  0.794329  0.673739 0.0  0.638821  0.586914  0.273112  0.337616  0.581149  0.722346  0.690397  0.742693  0.731697  0.210508  0.646731  0.631187  0.609435  0.624438  0.679514  0.627108  0.684948  0.625637  0.701164  0.620290  0.733321  0.696012  0.646389  0.579227  0.708556  0.714160  0.623875  0.260764  0.596939  0.649739  0.156591  0.446641  0.251635  0.278844  0.681715  0.422043  0.671537  0.299220  0.212660  0.653593  0.530992  0.171803  0.265798 
19  0.694544  0.642543  0.828526  0.752522  0.523305  0.768046  0.622083  0.921218  0.475752  0.706234  0.584660  0.673234  0.616238  0.440818  0.846416  0.805971  0.642132  0.651492  0.638821 0.0  0.425343  0.666670  0.792993  0.522676  0.739950  0.481701  0.576146  0.752941  0.671415  0.326530  0.336030  0.430621  0.494790  0.427924  0.520998  0.389982  0.472970  0.440156  0.617387  0.645632  0.438212  0.764951  0.732496  0.520015  0.674666  0.711098  0.674734  0.665115  0.098589  0.609441  0.260092  0.688380  0.798123  0.768519  0.429913  0.706249  0.818122  0.712766  0.746663  0.521205  0.582289  0.605594 
20  0.215895  0.380159  0.709968  0.355151  0.121266  0.269272  0.199448  0.294854  0.686862  0.311262  0.115059  0.250505  0.104032  0.047971  0.729323  0.308482  0.340289  0.104533  0.586914  0.425343 0.0  0.769674  0.707335  0.002098  0.336443  0.000000  0.000000  0.275940  0.470114  0.080947  0.731297  0.011500  0.000000  0.082149  0.133026  0.044401  0.148689  0.086558  0.000000  0.230254  0.128821  0.481312  0.297715  0.119931  0.288086  0.387701  0.716854  0.253494  0.416064  0.694411  0.425110  0.757095  0.700240  0.294423  0.261964  0.394932  0.629941  0.724964  0.276860  0.005010  0.563016  0.483878 
21  0.711824  0.840091  0.238660  0.533756  0.748079  0.617324  0.515768  0.746263  0.736931  0.545927  0.754907  0.603713  0.668038  0.780825  0.315643  0.707660  0.425204  0.628578  0.273112  0.666670  0.769674 0.0  0.161923  0.805427  0.582899  0.810272  0.700214  0.519324  0.348390  0.816156  0.472766  0.898062  0.868728  0.822842  0.845907  0.820531  0.876183  0.856021  0.579844  0.629556  0.864585  0.542521  0.624866  0.775895  0.713318  0.415558  0.194775  0.416536  0.930611  0.308186  0.594813  0.144566  0.347759  0.760520  0.483499  0.550734  0.314319  0.284527  0.510729  0.864710  0.315716  0.277729 
22  0.601267  0.839821  0.328568  0.604134  0.672615  0.547281  0.599494  0.730242  0.688840  0.390658  0.726877  0.551389  0.783574  0.911917  0.299968  0.653764  0.457088  0.740843  0.337616  0.792993  0.707335  0.161923 0.0  0.735008  0.588596  0.942627  0.695070  0.458750  0.355525  0.763086  0.435487  0.895410  0.924554  0.890184  0.950152  0.691781  0.868985  0.874610  0.727022  0.738817  0.835342  0.371324  0.499655  0.816579  0.639202  0.435876  0.232031  0.489834  0.847841  0.210521  0.653075  0.142614  0.381366  0.642166  0.534338  0.641057  0.428118  0.287687  0.563638  0.873137  0.335791  0.380491 
23  0.174864  0.374939  0.750807  0.331648  0.072893  0.413800  0.350046  0.335019  0.746324  0.506423  0.225213  0.269451  0.196272  0.000000  0.673685  0.441666  0.459421  0.084563  0.581149  0.522676  0.002098  0.805427  0.735008 0.0  0.287139  0.061514  0.203647  0.420333  0.567882  0.148479  0.899729  0.012612  0.108265  0.000000  0.109389  0.162094  0.063299  0.035849  0.063705  0.218657  0.052505  0.256345  0.342620  0.124900  0.438798  0.338491  0.673012  0.505439  0.424951  0.586891  0.387485  0.695175  0.835131  0.273703  0.292644  0.347061  0.773861  0.862250  0.475253  0.019670  0.490586  0.478266 
24  0.215629  0.521032  0.654150  0.139380  0.333973  0.144027  0.152944  0.309056  0.754325  0.165610  0.252346  0.264144  0.379007  0.569784  0.691435  0.434295  0.045479  0.302244  0.722346  0.739950  0.336443  0.582899  0.588596  0.287139 0.0  0.428856  0.334839  0.156451  0.845268  0.467764  0.475938  0.375490  0.537178  0.450617  0.361638  0.424904  0.545395  0.412735  0.380048  0.227529  0.414494  0.022727  0.230713  0.446889  0.306430  0.131540  0.620682  0.052221  0.975448  0.719611  0.629173  0.565695  0.897166  0.146841  0.514601  0.171933  0.787242  0.695509  0.193022  0.439983  0.756375  0.740650 
25  0.206551  0.417854  0.746140  0.434884  0.084401  0.461079  0.432910  0.347320  0.600534  0.400988  0.431040  0.461263  0.073661  0.163785  0.679564  0.191144  0.295354  0.096689  0.690397  0.481701  0.000000  0.810272  0.942627  0.061514  0.428856 0.0  0.093905  0.342826  0.462408  0.242744  0.695820  0.134579  0.171910  0.189073  0.202498  0.163424  0.220168  0.226618  0.000000  0.331427  0.167841  0.442839  0.432288  0.273127  0.376667  0.267390  0.773565  0.476815  0.600593  0.621817  0.333538  0.906945  0.826547  0.433308  0.129330  0.505963  0.688272  0.745270  0.449951  0.156280  0.470160  0.545832 
26  0.268556  0.369418  0.661685  0.394000  0.130710  0.299243  0.280111  0.490155  0.741167  0.327801  0.133778  0.302337  0.216732  0.110217  0.880004  0.491403  0.369495  0.178560  0.742693  0.576146  0.000000  0.700214  0.695070  0.203647  0.334839  0.093905 0.0  0.348165  0.574412  0.110586  0.722042  0.168374  0.007274  0.000000  0.000000  0.047102  0.137202  0.041563  0.222442  0.286713  0.092142  0.355785  0.327819  0.083686  0.376789  0.215838  0.738777  0.366676  0.576457  0.602711  0.270672  0.680842  0.926450  0.418822  0.427274  0.280829  0.880062  0.834496  0.319978  0.010411  0.682561  0.592623 
27  0.228431  0.367704  0.878035  0.123226  0.385646  0.056335  0.080390  0.344304  0.715460  0.129597  0.220532  0.125940  0.413424  0.297218  0.743893  0.324661  0.177190  0.289207  0.731697  0.752941  0.275940  0.519324  0.458750  0.420333  0.156451  0.342826  0.348165 0.0  0.767094  0.349949  0.614720  0.309935  0.391002  0.375099  0.387967  0.315274  0.378827  0.368639  0.403875  0.297717  0.355001  0.116279  0.082587  0.349617  0.389469  0.072599  0.469701  0.177576  0.806276  0.640835  0.563606  0.348644  0.736367  0.000000  0.540603  0.000000  0.705460  0.893167  0.127178  0.285623  0.860399  0.732963 
28  0.671034  0.708104  0.274971  0.827997  0.444699  0.740995  0.804673  0.797774  0.858501  0.679000  0.506571  0.670327  0.599768  0.495954  0.563879  0.874987  0.611971  0.626354  0.210508  0.671415  0.470114  0.348390  0.355525  0.567882  0.845268  0.462408  0.574412  0.767094 0.0  0.409850  0.763815  0.494255  0.410198  0.432804  0.497804  0.573099  0.467425  0.471590  0.624190  0.643354  0.423358  0.702799  0.664329  0.398282  0.701271  0.606473  0.216099  0.674184  0.539409  0.250446  0.303449  0.285151  0.459128  0.733738  0.387298  0.757950  0.477128  0.375512  0.641607  0.421260  0.174134  0.274640 
29  0.239140  0.386820  0.723132  0.414194  0.113438  0.405945  0.387291  0.320183  0.727704  0.328125  0.441063  0.534904  0.165814  0.184058  0.761047  0.286359  0.272385  0.178345  0.646731  0.326530  0.080947  0.816156  0.763086  0.148479  0.467764  0.242744  0.110586  0.349949  0.409850 0.0  0.640943  0.178581  0.146523  0.249492  0.264068  0.064399  0.257550  0.198115  0.131654  0.361365  0.243661  0.353823  0.461918  0.229799  0.408743  0.317733  0.908976  0.346605  0.564327  0.687421  0.333232  0.729671  0.687601  0.455512  0.297137  0.553860  0.602031  0.718193  0.502894  0.188123  0.543528  0.314510 
30  0.651255  0.826593  0.878153  0.614109  0.787259  0.545328  0.524760  0.740263  0.294650  0.636572  0.547505  0.499961  0.766258  0.717840  0.779877  0.724740  0.412294  0.788318  0.631187  0.336030  0.731297  0.472766  0.435487  0.899729  0.475938  0.695820  0.722042  0.614720  0.763815  0.640943 0.0  0.728299  0.843088  0.760227  0.703426  0.809777  0.673325  0.674240  0.803507  0.722163  0.670474  0.425226  0.481383  0.735219  0.864974  0.541334  0.431667  0.612200  0.289556  0.646391  0.558304  0.452039  0.753297  0.553351  0.644792  0.471528  0.680782  0.781273  0.508827  0.701140  0.778699  0.712557 
31  0.219564  0.608547  0.646528  0.481623  0.086369  0.471255  0.563140  0.337388  0.725944  0.300850  0.274000  0.459981  0.162692  0.197283  0.717325  0.410656  0.402623  0.081120  0.609435  0.430621  0.011500  0.898062  0.895410  0.012612  0.375490  0.134579  0.168374  0.309935  0.494255  0.178581  0.728299 0.0  0.209427  0.181401  0.188832  0.140724  0.137962  0.231672  0.022092  0.218397  0.075935  0.328199  0.456306  0.247035  0.334109  0.298399  0.899295  0.362930  0.544907  0.634643  0.374501  0.742972  0.715985  0.445207  0.248114  0.436725  0.626020  0.787272  0.518022  0.225622  0.447158  0.471400 
32  0.300210  0.467375  0.664677  0.280682  0.051725  0.538770  0.438466  0.245416  0.766293  0.414818  0.349296  0.465047  0.024249  0.203118  0.688425  0.267592  0.299231  0.087162  0.624438  0.494790  0.000000  0.868728  0.924554  0.108265  0.537178  0.171910  0.007274  0.391002  0.410198  0.146523  0.843088  0.209427 0.0  0.202233  0.090450  0.132197  0.219357  0.182516  0.003925  0.298505  0.159729  0.378993  0.437998  0.239601  0.401747  0.445730  0.856617  0.350637  0.678841  0.729704  0.283007  0.782956  0.683655  0.413801  0.259960  0.562358  0.685737  0.569625  0.379714  0.293844  0.469984  0.468046 
33  0.317551  0.473433  0.787606  0.300629  0.117307  0.520685  0.432257  0.280302  0.715625  0.284050  0.249909  0.395052  0.054358  0.255303  0.652629  0.395020  0.358586  0.101624  0.679514  0.427924  0.082149  0.822842  0.890184  0.000000  0.450617  0.189073  0.000000  0.375099  0.432804  0.249492  0.760227  0.181401  0.202233 0.0  0.188119  0.356962  0.248741  0.307221  0.120116  0.180534  0.216714  0.308336  0.454748  0.192402  0.317446  0.365230  0.825088  0.304007  0.586923  0.696409  0.354265  0.863363  0.765025  0.470283  0.208171  0.331081  0.777626  0.720425  0.400220  0.113497  0.454008  0.537860 
34  0.242819  0.452990  0.801714  0.364217  0.071114  0.339228  0.463046  0.329802  0.673350  0.380408  0.223142  0.420450  0.134532  0.144499  0.815469  0.307072  0.397195  0.087421  0.627108  0.520998  0.133026  0.845907  0.950152  0.109389  0.361638  0.202498  0.000000  0.387967  0.497804  0.264068  0.703426  0.188832  0.090450  0.188119 0.0  0.089255  0.223216  0.089515  0.140158  0.229405  0.221831  0.335872  0.376168  0.227552  0.286492  0.332010  0.854160  0.313833  0.641506  0.596343  0.380233  0.815751  0.782762  0.361324  0.224636  0.461097  0.768369  0.720248  0.425992  0.147727  0.414918  0.544355 
35  0.298329  0.466983  0.699034  0.466559  0.126719  0.483483  0.314052  0.484649  0.714898  0.444080  0.377509  0.346866  0.133576  0.075400  0.817492  0.448809  0.357387  0.074437  0.684948  0.389982  0.044401  0.820531  0.691781  0.162094  0.424904  0.163424  0.047102  0.315274  0.573099  0.064399  0.809777  0.140724  0.132197  0.356962  0.089255 0.0  0.089225  0.161377  0.124256  0.281219  0.029369  0.397731  0.338627  0.175404  0.376269  0.334911  0.801484  0.378529  0.626026  0.557861  0.357067  0.741005  0.705402  0.473471  0.344321  0.479826  0.834407  0.737849  0.335476  0.122534  0.450413  0.462635 
36  0.276318  0.369705  0.770213  0.445022  0.000198  0.525832  0.377324  0.297496  0.625915  0.349231  0.361541  0.423614  0.103113  0.235314  0.774552  0.396858  0.278226  0.112186  0.625637  0.472970  0.148689  0.876183  0.868985  0.063299  0.545395  0.220168  0.137202  0.378827  0.467425  0.257550  0.673325  0.137962  0.219357  0.248741  0.223216  0.089225 0.0  0.295546  0.086276  0.282497  0.143874  0.407251  0.439330  0.253607  0.310466  0.308591  0.843664  0.358585  0.535259  0.727597  0.341070  0.931625  0.706208  0.444543  0.242901  0.423891  0.608750  0.744771  0.451883  0.276717  0.509359  0.433273 
37  0.254843  0.356795  0.816766  0.426814  0.000000  0.475640  0.479676  0.307672  0.673821  0.340952  0.396535  0.370050  0.022322  0.181621  0.540653  0.421110  0.377728  0.119315  0.701164  0.440156  0.086558  0.856021  0.874610  0.035849  0.412735  0.226618  0.041563  0.368639  0.471590  0.198115  0.674240  0.231672  0.182516  0.307221  0.089515  0.161377  0.295546 0.0  0.000000  0.128485  0.175475  0.397319  0.430289  0.221768  0.330505  0.354162  0.766245  0.351874  0.627191  0.668157  0.389556  0.786479  0.785994  0.387010  0.230692  0.489813  0.753811  0.726370  0.474128  0.207102  0.585650  0.479540 
38  0.198825  0.207168  0.837842  0.383743  0.177936  0.350883  0.225284  0.396325  0.919683  0.390041  0.182298  0.393126  0.228964  0.063022  0.929864  0.433143  0.470177  0.310972  0.620290  0.617387  0.000000  0.579844  0.727022  0.063705  0.380048  0.000000  0.222442  0.403875  0.624190  0.131654  0.803507  0.022092  0.003925  0.120116  0.140158  0.124256  0.086276  0.000000 0.0  0.199434  0.025219  0.260379  0.412531  0.014424  0.369529  0.366804  0.685629  0.383662  0.542239  0.650476  0.415802  0.748465  0.971089  0.322717  0.353155  0.323410  0.907814  0.805097  0.435512  0.084535  0.692800  0.644394 
39  0.219329  0.218100  0.612582  0.305837  0.292065  0.291575  0.350297  0.389988  0.701943  0.418842  0.312880  0.234410  0.252748  0.256254  0.739187  0.279769  0.310504  0.185204  0.733321  0.645632  0.230254  0.629556  0.738817  0.218657  0.227529  0.331427  0.286713  0.297717  0.643354  0.361365  0.722163  0.218397  0.298505  0.180534  0.229405  0.281219  0.282497  0.128485  0.199434 0.0  0.213049  0.326794  0.344954  0.364712  0.214630  0.307043  0.684679  0.219467  0.649185  0.672033  0.404567  0.670100  0.641249  0.284551  0.559571  0.189817  0.554058  0.571651  0.241268  0.326237  0.573991  0.667093 
40  0.338580  0.386580  0.685394  0.312009  0.110812  0.425285  0.388105  0.276480  0.750005  0.353840  0.358565  0.408794  0.000000  0.140228  0.759255  0.248819  0.402488  0.110995  0.696012  0.438212  0.128821  0.864585  0.835342  0.052505  0.414494  0.167841  0.092142  0.355001  0.423358  0.243661  0.670474  0.075935  0.159729  0.216714  0.221831  0.029369  0.143874  0.175475  0.025219  0.213049 0.0  0.280903  0.456387  0.263544  0.357563  0.245322  0.817968  0.361015  0.531138  0.676055  0.273899  0.904588  0.729482  0.472539  0.192558  0.478533  0.712336  0.804151  0.419903  0.108047  0.506007  0.422647 
41  0.322386  0.383306  0.726432  0.096671  0.446116  0.057193  0.191114  0.382284  0.657000  0.000000  0.222500  0.148976  0.339691  0.286656  0.629469  0.345806  0.049161  0.274855  0.646389  0.764951  0.481312  0.542521  0.371324  0.256345  0.022727  0.442839  0.355785  0.116279  0.702799  0.353823  0.425226  0.328199  0.378993  0.308336  0.335872  0.397731  0.407251  0.397319  0.260379  0.326794  0.280903 0.0  0.084310  0.333707  0.345353  0.039035  0.286954  0.097562  0.773362  0.643172  0.544683  0.446394  0.682002  0.059688  0.542704  0.017333  0.754338  0.745791  0.066785  0.246699  0.794742  0.633305 
42  0.267151  0.386357  0.679508  0.169507  0.240012  0.146148  0.221376  0.307770  0.635591  0.073855  0.345944  0.239469  0.244766  0.382532  0.707288  0.217086  0.103588  0.365658  0.579227  0.732496  0.297715  0.624866  0.499655  0.342620  0.230713  0.432288  0.327819  0.082587  0.664329  0.461918  0.481383  0.456306  0.437998  0.454748  0.376168  0.338627  0.439330  0.430289  0.412531  0.344954  0.456387  0.084310 0.0  0.517143  0.276506  0.043899  0.627238  0.012830  0.813288  0.646882  0.534745  0.492165  0.706743  0.184892  0.552019  0.203892  0.746469  0.683718  0.222966  0.451772  0.671404  0.669326 
43  0.281257  0.489837  0.766829  0.449074  0.062123  0.484225  0.380693  0.324421  0.674172  0.302854  0.299269  0.398149  0.042262  0.081275  0.831972  0.421824  0.407141  0.099186  0.708556  0.520015  0.119931  0.775895  0.816579  0.124900  0.446889  0.273127  0.083686  0.349617  0.398282  0.229799  0.735219  0.247035  0.239601  0.192402  0.227552  0.175404  0.253607  0.221768  0.014424  0.364712  0.263544  0.333707  0.517143 0.0  0.263251  0.408525  0.861729  0.279319  0.646668  0.615613  0.330881  0.850333  0.686633  0.530083  0.222777  0.522145  0.672468  0.754923  0.531930  0.172170  0.502995  0.427839 
44  0.268809  0.393351  0.577078  0.499534  0.374718  0.325940  0.246863  0.147802  0.422124  0.465366  0.206060  0.272189  0.264176  0.372965  0.518927  0.361296  0.431532  0.369039  0.714160  0.674666  0.288086  0.713318  0.639202  0.438798  0.306430  0.376667  0.376789  0.389469  0.701271  0.408743  0.864974  0.334109  0.401747  0.317446  0.286492  0.376269  0.310466  0.330505  0.369529  0.214630  0.357563  0.345353  0.276506  0.263251 0.0  0.520042  0.751817  0.428098  0.682482  0.658905  0.652846  0.714162  0.487852  0.359470  0.510104  0.284162  0.479178  0.564834  0.346730  0.246560  0.608047  0.724976 
45  0.264969  0.366455  0.879403  0.216806  0.439993  0.085033  0.094578  0.364295  0.743435  0.152304  0.275912  0.175402  0.236618  0.199092  0.782397  0.337943  0.164473  0.329070  0.623875  0.711098  0.387701  0.415558  0.435876  0.338491  0.131540  0.267390  0.215838  0.072599  0.606473  0.317733  0.541334  0.298399  0.445730  0.365230  0.332010  0.334911  0.308591  0.354162  0.366804  0.307043  0.245322  0.039035  0.043899  0.408525  0.520042 0.0  0.475068  0.145518  0.776670  0.659977  0.652070  0.374552  0.677924  0.091295  0.456861  0.177229  0.761592  0.973134  0.145241  0.344406  0.690101  0.706835 
46  0.666189  0.847381  0.363116  0.558643  0.735929  0.616542  0.661401  0.663347  0.673751  0.400826  0.686781  0.592880  0.789788  0.933606  0.332649  0.741005  0.499635  0.809921  0.260764  0.674734  0.716854  0.194775  0.232031  0.673012  0.620682  0.773565  0.738777  0.469701  0.216099  0.908976  0.431667  0.899295  0.856617  0.825088  0.854160  0.801484  0.843664  0.766245  0.685629  0.684679  0.817968  0.286954  0.627238  0.861729  0.751817  0.475068 0.0  0.398170  0.860206  0.224164  0.651659  0.201987  0.309464  0.516538  0.589988  0.516356  0.414338  0.255658  0.498263  0.956214  0.313834  0.321717 
47  0.337188  0.310295  0.865759  0.046493  0.332045  0.000000  0.000000  0.273439  0.743330  0.263505  0.228833  0.124662  0.302282  0.286373  0.773661  0.440198  0.277632  0.267184  0.596939  0.665115  0.253494  0.416536  0.489834  0.505439  0.052221  0.476815  0.366676  0.177576  0.674184  0.346605  0.612200  0.362930  0.350637  0.304007  0.313833  0.378529  0.358585  0.351874  0.383662  0.219467  0.361015  0.097562  0.012830  0.279319  0.428098  0.145518  0.398170 0.0  0.799256  0.665914  0.536391  0.537980  0.821648  0.086086  0.481336  0.000000  0.826565  0.864836  0.179824  0.343626  0.686123  0.672280 
48  0.635526  0.790596  0.677486  0.821849  0.565846  0.721553  0.955547  0.817596  0.325000  0.773439  0.771020  0.870892  0.510314  0.603765  0.705986  0.790059  0.764718  0.413208  0.649739  0.098589  0.416064  0.930611  0.847841  0.424951  0.975448  0.600593  0.576457  0.806276  0.539409  0.564327  0.289556  0.544907  0.678841  0.586923  0.641506  0.626026  0.535259  0.627191  0.542239  0.649185  0.531138  0.773362  0.813288  0.646668  0.682482  0.776670  0.860206  0.799256 0.0  0.629798  0.302662  0.825352  0.688484  0.823800  0.204143  0.874949  0.789777  0.738998  0.724042  0.589780  0.365459  0.513415 
49  0.643944  0.634451  0.210758  0.718744  0.634564  0.660157  0.734889  0.716127  0.630589  0.556609  0.627856  0.700284  0.703854  0.709968  0.391441  0.617936  0.715218  0.751443  0.156591  0.609441  0.694411  0.308186  0.210521  0.586891  0.719611  0.621817  0.602711  0.640835  0.250446  0.687421  0.646391  0.634643  0.729704  0.696409  0.596343  0.557861  0.727597  0.668157  0.650476  0.672033  0.676055  0.643172  0.646882  0.615613  0.658905  0.659977  0.224164  0.665914  0.629798 0.0  0.426627  0.276676  0.226120  0.588167  0.532933  0.721607  0.306303  0.277448  0.644110  0.710443  0.210293  0.310400 
50  0.492257  0.588705  0.583896  0.590098  0.361068  0.529413  0.656624  0.649791  0.532529  0.620542  0.423794  0.644345  0.219080  0.324422  0.656489  0.610899  0.621679  0.356099  0.446641  0.260092  0.425110  0.594813  0.653075  0.387485  0.629173  0.333538  0.270672  0.563606  0.303449  0.333232  0.558304  0.374501  0.283007  0.354265  0.380233  0.357067  0.341070  0.389556  0.415802  0.404567  0.273899  0.544683  0.534745  0.330881  0.652846  0.652070  0.651659  0.536391  0.302662  0.426627 0.0  0.643800  0.633818  0.601231  0.241954  0.694443  0.613478  0.627948  0.568062  0.316176  0.353048  0.349496 
51  0.699483  0.840434  0.348724  0.515781  0.636083  0.543355  0.540675  0.656286  0.797194  0.413065  0.738536  0.662653  0.682760  0.775352  0.350724  0.710086  0.512193  0.831364  0.251635  0.688380  0.757095  0.144566  0.142614  0.695175  0.565695  0.906945  0.680842  0.348644  0.285151  0.729671  0.452039  0.742972  0.782956  0.863363  0.815751  0.741005  0.931625  0.786479  0.748465  0.670100  0.904588  0.446394  0.492165  0.850333  0.714162  0.374552  0.201987  0.537980  0.825352  0.276676  0.643800 0.0  0.355056  0.453930  0.463770  0.456225  0.362639  0.294836  0.620266  0.875501  0.258879  0.348950 
52  0.621855  0.739869  0.021923  0.839695  0.705951  0.697966  0.791509  0.661486  0.579361  0.664059  0.633957  0.548141  0.860859  0.656349  0.178499  0.813402  0.773555  0.918160  0.278844  0.798123  0.700240  0.347759  0.381366  0.835131  0.897166  0.826547  0.926450  0.736367  0.459128  0.687601  0.753297  0.715985  0.683655  0.765025  0.782762  0.705402  0.706208  0.785994  0.971089  0.641249  0.729482  0.682002  0.706743  0.686633  0.487852  0.677924  0.309464  0.821648  0.688484  0.226120  0.633818  0.355056 0.0  0.665527  0.637407  0.713856  0.237403  0.009056  0.800988  0.794281  0.426725  0.489691 
53  0.265170  0.421416  0.636292  0.197781  0.398490  0.203378  0.155952  0.241011  0.706481  0.114442  0.282737  0.136150  0.314194  0.382268  0.686685  0.356997  0.080713  0.269387  0.681715  0.768519  0.294423  0.760520  0.642166  0.273703  0.146841  0.433308  0.418822  0.000000  0.733738  0.455512  0.553351  0.445207  0.413801  0.470283  0.361324  0.473471  0.444543  0.387010  0.322717  0.284551  0.472539  0.059688  0.184892  0.530083  0.359470  0.091295  0.516538  0.086086  0.823800  0.588167  0.601231  0.453930  0.665527 0.0  0.504068  0.283229  0.673652  0.708056  0.078882  0.479995  0.626711  0.728932 
54  0.451826  0.520328  0.500723  0.532289  0.110315  0.535342  0.468843  0.662074  0.756335  0.468740  0.432549  0.457245  0.303872  0.235356  0.592545  0.679118  0.461460  0.439755  0.422043  0.429913  0.261964  0.483499  0.534338  0.292644  0.514601  0.129330  0.427274  0.540603  0.387298  0.297137  0.644792  0.248114  0.259960  0.208171  0.224636  0.344321  0.242901  0.230692  0.353155  0.559571  0.192558  0.542704  0.552019  0.222777  0.510104  0.456861  0.589988  0.481336  0.204143  0.532933  0.241954  0.463770  0.637407  0.504068 0.0  0.461888  0.699893  0.583123  0.527758  0.285743  0.379112  0.468212 
55  0.307598  0.417773  0.675127  0.068815  0.351987  0.158314  0.197057  0.350785  0.686910  0.075515  0.320588  0.243212  0.412702  0.561409  0.770236  0.262151  0.064380  0.206404  0.671537  0.706249  0.394932  0.550734  0.641057  0.347061  0.171933  0.505963  0.280829  0.000000  0.757950  0.553860  0.471528  0.436725  0.562358  0.331081  0.461097  0.479826  0.423891  0.489813  0.323410  0.189817  0.478533  0.017333  0.203892  0.522145  0.284162  0.177229  0.516356  0.000000  0.874949  0.721607  0.694443  0.456225  0.713856  0.283229  0.461888 0.0  0.721365  0.794745  0.287314  0.415952  0.763597  0.777948 
56  0.633147  0.755985  0.134508  0.799623  0.781132  0.689561  0.785162  0.671217  0.723779  0.698364  0.573339  0.751631  0.873135  0.741815  0.204113  0.872391  0.742874  0.831125  0.299220  0.818122  0.629941  0.314319  0.428118  0.773861  0.787242  0.688272  0.880062  0.705460  0.477128  0.602031  0.680782  0.626020  0.685737  0.777626  0.768369  0.834407  0.608750  0.753811  0.907814  0.554058  0.712336  0.754338  0.746469  0.672468  0.479178  0.761592  0.414338  0.826565  0.789777  0.306303  0.613478  0.362639  0.237403  0.673652  0.699893  0.721365 0.0  0.128873  0.726016  0.734375  0.554958  0.502104 
57  0.595113  0.628100  0.248421  0.661839  0.618507  0.704923  0.726540  0.510556  0.415671  0.910639  0.527010  0.692662  0.777409  0.725948  0.091964  0.807392  0.914901  0.699262  0.212660  0.712766  0.724964  0.284527  0.287687  0.862250  0.695509  0.745270  0.834496  0.893167  0.375512  0.718193  0.781273  0.787272  0.569625  0.720425  0.720248  0.737849  0.744771  0.726370  0.805097  0.571651  0.804151  0.745791  0.683718  0.754923  0.564834  0.973134  0.255658  0.864836  0.738998  0.277448  0.627948  0.294836  0.009056  0.708056  0.583123  0.794745  0.128873 0.0  0.752842  0.768494  0.283789  0.382091 
58  0.290359  0.444001  0.648222  0.201911  0.399732  0.148380  0.193360  0.343422  0.770562  0.115956  0.279268  0.204013  0.271644  0.487690  0.768782  0.201513  0.073943  0.371432  0.653593  0.746663  0.276860  0.510729  0.563638  0.475253  0.193022  0.449951  0.319978  0.127178  0.641607  0.502894  0.508827  0.518022  0.379714  0.400220  0.425992  0.335476  0.451883  0.474128  0.435512  0.241268  0.419903  0.066785  0.222966  0.531930  0.346730  0.145241  0.498263  0.179824  0.724042  0.644110  0.568062  0.620266  0.800988  0.078882  0.527758  0.287314  0.726016  0.752842 0.0  0.616753  0.701395  0.807578 
59  0.309056  0.584292  0.755859  0.383813  0.127731  0.424073  0.544373  0.376343  0.765744  0.277148  0.214350  0.410568  0.117374  0.232933  0.699543  0.368191  0.369718  0.027349  0.530992  0.521205  0.005010  0.864710  0.873137  0.019670  0.439983  0.156280  0.010411  0.285623  0.421260  0.188123  0.701140  0.225622  0.293844  0.113497  0.147727  0.122534  0.276717  0.207102  0.084535  0.326237  0.108047  0.246699  0.451772  0.172170  0.246560  0.344406  0.956214  0.343626  0.589780  0.710443  0.316176  0.875501  0.794281  0.479995  0.285743  0.415952  0.734375  0.768494  0.616753 0.0  0.588684  0.326091 
60  0.597145  0.690282  0.366831  0.720439  0.440466  0.756074  0.730407  0.882203  0.895825  0.699911  0.652498  0.684726  0.611921  0.573327  0.375483  0.883985  0.709569  0.593707  0.171803  0.582289  0.563016  0.315716  0.335791  0.490586  0.756375  0.470160  0.682561  0.860399  0.174134  0.543528  0.778699  0.447158  0.469984  0.454008  0.414918  0.450413  0.509359  0.585650  0.692800  0.573991  0.506007  0.794742  0.671404  0.502995  0.608047  0.690101  0.313834  0.686123  0.365459  0.210293  0.353048  0.258879  0.426725  0.626711  0.379112  0.763597  0.554958  0.283789  0.701395  0.588684 0.0  0.228500 
61  0.663298  0.682946  0.370898  0.772845  0.424284  0.751607  0.798052  0.818937  0.843103  0.703876  0.626118  0.683308  0.592302  0.436638  0.479138  0.812694  0.784741  0.554799  0.265798  0.605594  0.483878  0.277729  0.380491  0.478266  0.740650  0.545832  0.592623  0.732963  0.274640  0.314510  0.712557  0.471400  0.468046  0.537860  0.544355  0.462635  0.433273  0.479540  0.644394  0.667093  0.422647  0.633305  0.669326  0.427839  0.724976  0.706835  0.321717  0.672280  0.513415  0.310400  0.349496  0.348950  0.489691  0.728932  0.468212  0.777948  0.502104  0.382091  0.807578  0.326091  0.228500 0.0 
