62
0 0.0  0.219104  0.742150  0.254897  0.413858  0.216411  0.262349  0.247868  0.607748  0.252309  0.249615  0.336621  0.216388  0.363894  0.598966  0.277809  0.307530  0.141225  0.650971  0.662543  0.289327  0.706694  0.689026  0.163881  0.338848  0.237317  0.238337  0.293137  0.524045  0.369613  0.713573  0.178002  0.304102  0.212376  0.252600  0.192690  0.225376  0.339736  0.203159  0.315515  0.374763  0.327435  0.312694  0.247752  0.262329  0.351751  0.667002  0.295931  0.667204  0.738231  0.390151  0.801571  0.713075  0.249745  0.472983  0.288168  0.579950  0.721313  0.220036  0.299664  0.655780  0.659366 
1  0.219104 0.0  0.692944  0.405495  0.375123  0.441516  0.435855  0.280769  0.774958  0.430727  0.240655  0.580941  0.318143  0.479648  0.642344  0.058978  0.347167  0.368037  0.708182  0.694148  0.337270  0.962235  0.902761  0.371106  0.428185  0.364190  0.305990  0.432935  0.735161  0.385538  0.801312  0.360849  0.508760  0.517033  0.393175  0.367216  0.425780  0.415706  0.394339  0.378726  0.397781  0.267441  0.495639  0.491443  0.283519  0.350094  0.855350  0.340640  0.812750  0.639073  0.638939  0.859702  0.795463  0.354998  0.521224  0.494566  0.751597  0.749164  0.427510  0.507760  0.684442  0.697990 
2  0.742150  0.692944 0.0  0.705403  0.731342  0.712215  0.687296  0.487504  0.480946  0.779347  0.541084  0.683398  0.797974  0.735258  0.000000  0.727051  0.836692  0.815596  0.244750  0.643245  0.816139  0.377069  0.343349  0.790754  0.787069  0.756879  0.684193  0.763078  0.348936  0.684192  0.804712  0.763575  0.816243  0.720877  0.698946  0.757571  0.582859  0.711897  0.634901  0.581122  0.719036  0.764444  0.784610  0.790157  0.645987  0.918853  0.348377  0.764399  0.683213  0.299469  0.613475  0.394267  0.144074  0.690144  0.460445  0.657232  0.117659  0.168647  0.680375  0.792687  0.267543  0.291058 
3  0.254897  0.405495  0.705403 0.0  0.366470  0.135548  0.077481  0.340671  0.794142  0.097582  0.311500  0.051170  0.386078  0.394801  0.807083  0.298258  0.169063  0.459048  0.731649  0.741401  0.423118  0.505563  0.546622  0.405010  0.005567  0.324310  0.351021  0.250711  0.783257  0.414301  0.395504  0.288772  0.425759  0.327321  0.503872  0.374673  0.310694  0.373013  0.398836  0.225263  0.317192  0.148023  0.147666  0.413429  0.456699  0.143411  0.606600  0.182408  0.752345  0.549494  0.557646  0.544952  0.725212  0.055980  0.622378  0.000000  0.793998  0.759684  0.148527  0.499213  0.721499  0.775699 
4  0.413858  0.375123  0.731342  0.366470 0.0  0.351152  0.335844  0.246378  0.755126  0.363580  0.166775  0.225840  0.145667  0.026240  0.648135  0.419255  0.278039  0.037111  0.601781  0.440604  0.254601  0.649107  0.635279  0.165609  0.365007  0.092031  0.000000  0.342082  0.518197  0.163126  0.696804  0.116673  0.060901  0.173887  0.053702  0.212148  0.147823  0.197082  0.152694  0.244616  0.017041  0.406969  0.399446  0.131150  0.348136  0.336618  0.636583  0.324071  0.411421  0.609844  0.323022  0.799781  0.749592  0.269791  0.264792  0.388750  0.798089  0.769210  0.391237  0.076865  0.354738  0.441788 
5  0.216411  0.441516  0.712215  0.135548  0.351152 0.0  0.244349  0.286416  0.728046  0.000000  0.281512  0.290114  0.467905  0.427936  0.776460  0.354651  0.080299  0.203946  0.685518  0.694146  0.283270  0.620272  0.541599  0.272222  0.209378  0.395212  0.401094  0.058864  0.684154  0.453349  0.442665  0.423870  0.480685  0.450968  0.470988  0.395958  0.462205  0.441001  0.311343  0.245637  0.406077  0.108170  0.265222  0.460253  0.286816  0.156805  0.607705  0.002730  0.914341  0.621273  0.619106  0.555155  0.701548  0.153121  0.468817  0.306761  0.709352  0.743319  0.239079  0.448622  0.714675  0.686155 
6  0.262349  0.435855  0.687296  0.077481  0.335844  0.244349 0.0  0.264160  0.867707  0.070839  0.306686  0.232618  0.356261  0.454360  0.636414  0.376940  0.081041  0.430084  0.731797  0.696117  0.348627  0.673832  0.623692  0.365413  0.269105  0.377743  0.242836  0.085514  0.734517  0.522612  0.520653  0.437624  0.410245  0.503478  0.437473  0.431913  0.464743  0.415437  0.420047  0.283516  0.398629  0.176864  0.263599  0.512433  0.333072  0.035726  0.634596  0.022465  0.857234  0.642029  0.583062  0.595680  0.687323  0.239745  0.487365  0.396083  0.752085  0.760297  0.244253  0.456016  0.704263  0.675065 
7  0.247868  0.280769  0.487504  0.340671  0.246378  0.286416  0.264160 0.0  0.559965  0.379733  0.154130  0.427813  0.390670  0.346628  0.552557  0.409781  0.351463  0.479282  0.655050  0.776794  0.331642  0.790587  0.681974  0.287390  0.225960  0.358607  0.395568  0.486165  0.907828  0.330413  0.694182  0.346254  0.294616  0.405029  0.341453  0.385086  0.332457  0.296939  0.484425  0.232893  0.384052  0.385815  0.371915  0.311601  0.018023  0.369562  0.731105  0.387437  0.809883  0.660867  0.602062  0.717361  0.560287  0.339777  0.726745  0.381460  0.644658  0.566691  0.395672  0.234570  0.919893  0.800629 
8  0.607748  0.774958  0.480946  0.794142  0.755126  0.728046  0.867707  0.559965 0.0  0.645950  0.701957  0.808135  0.900553  0.780002  0.588748  0.904911  0.741920  0.848409  0.617480  0.416260  0.744710  0.773377  0.662034  0.692671  0.701245  0.747506  0.808412  0.746687  0.794096  0.719353  0.300365  0.688820  0.787849  0.746369  0.720853  0.664315  0.675125  0.696956  0.730247  0.591590  0.738256  0.719084  0.813721  0.734741  0.513301  0.680204  0.816529  0.689274  0.407941  0.719652  0.528584  0.658422  0.557584  0.690201  0.606322  0.685694  0.610473  0.420358  0.713458  0.708307  0.921187  0.890547 
9  0.252309  0.430727  0.779347  0.097582  0.363580  0.000000  0.070839  0.379733  0.645950 0.0  0.097372  0.152710  0.310140  0.301097  0.600397  0.307904  0.250483  0.382518  0.649812  0.694597  0.347871  0.408529  0.376954  0.382501  0.110650  0.403915  0.232649  0.191085  0.669784  0.313795  0.605233  0.269135  0.288824  0.361725  0.375948  0.402309  0.378973  0.176199  0.307101  0.248907  0.382961  0.114688  0.064757  0.292249  0.507160  0.173632  0.474918  0.266386  0.622274  0.576568  0.559597  0.520758  0.838309  0.087219  0.520176  0.000000  0.766162  0.866374  0.072379  0.410889  0.670566  0.656508 
10  0.249615  0.240655  0.541084  0.311500  0.166775  0.281512  0.306686  0.154130  0.701957  0.097372 0.0  0.207222  0.237226  0.185003  0.504477  0.204506  0.123016  0.176928  0.581369  0.645948  0.190581  0.673896  0.761083  0.157818  0.380205  0.351147  0.154556  0.168964  0.735325  0.359961  0.580072  0.207129  0.284153  0.279164  0.304999  0.158259  0.399615  0.325330  0.219054  0.264627  0.319470  0.233373  0.226301  0.261062  0.142385  0.255586  0.694996  0.169983  0.764057  0.662910  0.451621  0.691774  0.571038  0.331803  0.522543  0.411317  0.572200  0.638779  0.278531  0.210276  0.497383  0.534065 
11  0.336621  0.580941  0.683398  0.051170  0.225840  0.290114  0.232618  0.427813  0.808135  0.152710  0.207222 0.0  0.285805  0.481429  0.752900  0.362980  0.103568  0.311968  0.634380  0.740745  0.413767  0.622548  0.636223  0.323337  0.181801  0.500837  0.282132  0.052490  0.637854  0.437031  0.505119  0.440393  0.430717  0.518686  0.386890  0.415123  0.434516  0.465762  0.294640  0.202237  0.565385  0.022455  0.066890  0.450923  0.405358  0.041239  0.607989  0.000000  0.914272  0.600395  0.601139  0.550878  0.694376  0.173446  0.514552  0.180175  0.654414  0.594138  0.240462  0.396417  0.685238  0.668437 
12  0.216388  0.318143  0.797974  0.386078  0.145667  0.467905  0.356261  0.390670  0.900553  0.310140  0.237226  0.285805 0.0  0.004501  0.811823  0.378295  0.131040  0.180801  0.619204  0.572877  0.095497  0.748454  0.642620  0.065962  0.338819  0.029680  0.168697  0.321515  0.575251  0.020216  0.725837  0.062184  0.069251  0.061623  0.000000  0.195098  0.051819  0.061138  0.136544  0.201933  0.059674  0.409548  0.394308  0.062496  0.331619  0.303146  0.799735  0.381704  0.573961  0.644220  0.220366  0.822004  0.800739  0.265381  0.416563  0.361129  0.910166  0.696542  0.180816  0.113856  0.680066  0.641361 
13  0.363894  0.479648  0.735258  0.394801  0.026240  0.427936  0.454360  0.346628  0.780002  0.301097  0.185003  0.481429  0.004501 0.0  0.721690  0.282238  0.350253  0.060357  0.702229  0.456132  0.089117  0.912082  0.777072  0.071534  0.410891  0.197931  0.039324  0.361499  0.496419  0.296071  0.749769  0.163686  0.151200  0.265293  0.194122  0.104928  0.078890  0.199286  0.098271  0.368139  0.149597  0.302850  0.542448  0.218597  0.323137  0.264749  0.851107  0.372684  0.595285  0.609162  0.334876  0.859954  0.694064  0.369867  0.342357  0.464774  0.668869  0.742416  0.478864  0.173505  0.481908  0.502475 
14  0.598966  0.642344  0.000000  0.807083  0.648135  0.776460  0.636414  0.552557  0.588748  0.600397  0.504477  0.752900  0.811823  0.721690 0.0  0.803793  0.686938  0.856929  0.296152  0.857749  0.705624  0.359489  0.453323  0.759685  0.696327  0.680279  0.812570  0.732836  0.394569  0.606403  0.634566  0.749217  0.755970  0.749842  0.703671  0.749415  0.682131  0.698143  0.886558  0.699017  0.844502  0.816071  0.663646  0.702402  0.414370  0.714478  0.390844  0.593919  0.707831  0.378163  0.514867  0.294426  0.237754  0.665816  0.667551  0.713304  0.228706  0.174675  0.818730  0.787572  0.533656  0.451029 
15  0.277809  0.058978  0.727051  0.298258  0.419255  0.354651  0.376940  0.409781  0.904911  0.307904  0.204506  0.362980  0.378295  0.282238  0.803793 0.0  0.300561  0.421853  0.653607  0.811909  0.331368  0.737372  0.730653  0.293862  0.342605  0.452823  0.443402  0.285039  0.825603  0.285624  0.691511  0.352316  0.484770  0.404836  0.273068  0.358295  0.354763  0.365665  0.419639  0.276714  0.263733  0.364193  0.332969  0.378803  0.343972  0.333096  0.755307  0.443488  0.737754  0.614537  0.653800  0.782358  0.844346  0.318204  0.570418  0.332584  0.932424  0.760160  0.263150  0.357289  0.847980  0.973128 
16  0.307530  0.347167  0.836692  0.169063  0.278039  0.080299  0.081041  0.351463  0.741920  0.250483  0.123016  0.103568  0.131040  0.350253  0.686938  0.300561 0.0  0.277202  0.656549  0.635336  0.183983  0.533876  0.479076  0.476134  0.026676  0.261627  0.382847  0.173107  0.706231  0.347579  0.590180  0.362115  0.338789  0.326350  0.375185  0.507498  0.295207  0.364420  0.331988  0.325501  0.347725  0.093393  0.000000  0.287639  0.513227  0.260458  0.397188  0.180282  0.674878  0.746952  0.642060  0.454096  0.651829  0.137419  0.501885  0.045792  0.714837  0.737052  0.022886  0.309001  0.785668  0.703880 
17  0.141225  0.368037  0.815596  0.459048  0.037111  0.203946  0.430084  0.479282  0.848409  0.382518  0.176928  0.311968  0.180801  0.060357  0.856929  0.421853  0.277202 0.0  0.614683  0.545338  0.018590  0.754056  0.706173  0.014385  0.324172  0.116548  0.294167  0.348097  0.673605  0.065362  0.783732  0.086997  0.062811  0.092183  0.012216  0.048072  0.078910  0.000000  0.206589  0.251480  0.067606  0.426870  0.188485  0.124987  0.404126  0.274521  0.711594  0.258702  0.504088  0.698221  0.475973  0.680286  0.882054  0.358728  0.421191  0.319156  0.823505  0.754935  0.206828  0.125998  0.597507  0.599921 
18  0.650971  0.708182  0.244750  0.731649  0.601781  0.685518  0.731797  0.655050  0.617480  0.649812  0.581369  0.634380  0.619204  0.702229  0.296152  0.653607  0.656549  0.614683 0.0  0.662964  0.738325  0.243748  0.101216  0.622839  0.652110  0.671469  0.535632  0.608326  0.258243  0.676467  0.571947  0.624491  0.693866  0.743690  0.643282  0.717772  0.646669  0.765915  0.706101  0.679820  0.616060  0.767078  0.566456  0.670439  0.665880  0.629108  0.192153  0.520297  0.628048  0.349195  0.432955  0.291122  0.237704  0.599010  0.454514  0.633102  0.277610  0.307458  0.690247  0.643243  0.299206  0.204199 
19  0.662543  0.694148  0.643245  0.741401  0.440604  0.694146  0.696117  0.776794  0.416260  0.694597  0.645948  0.740745  0.572877  0.456132  0.857749  0.811909  0.635336  0.545338  0.662964 0.0  0.530326  0.698474  0.721410  0.443683  0.809986  0.547905  0.576186  0.637636  0.528591  0.412718  0.346059  0.436494  0.495809  0.446424  0.482478  0.483371  0.571706  0.376453  0.616428  0.626169  0.588818  0.708738  0.661385  0.482285  0.730486  0.749588  0.745059  0.725933  0.160148  0.669085  0.334233  0.741020  0.859472  0.816191  0.464546  0.734200  0.859219  0.767362  0.723994  0.438403  0.592615  0.591469 
20  0.289327  0.337270  0.816139  0.423118  0.254601  0.283270  0.348627  0.331642  0.744710  0.347871  0.190581  0.413767  0.095497  0.089117  0.705624  0.331368  0.183983  0.018590  0.738325  0.530326 0.0  0.670312  0.660788  0.096795  0.332864  0.082146  0.035615  0.344688  0.448549  0.083378  0.714649  0.106756  0.012536  0.000000  0.179529  0.063282  0.037023  0.077453  0.020265  0.214529  0.000000  0.381220  0.401229  0.012456  0.344707  0.328007  0.729950  0.316708  0.506919  0.667383  0.298196  0.662523  0.718260  0.349846  0.277132  0.325991  0.651538  0.773710  0.371548  0.115815  0.395152  0.371244 
21  0.706694  0.962235  0.377069  0.505563  0.649107  0.620272  0.673832  0.790587  0.773377  0.408529  0.673896  0.622548  0.748454  0.912082  0.359489  0.737372  0.533876  0.754056  0.243748  0.698474  0.670312 0.0  0.112279  0.757791  0.536783  0.787516  0.782072  0.451258  0.347150  0.858569  0.493513  0.824738  0.916938  0.818298  0.900310  0.770751  0.833819  0.892662  0.756062  0.629562  0.920651  0.416812  0.520496  0.800229  0.747450  0.587048  0.279441  0.503321  0.797716  0.295946  0.607270  0.107092  0.321130  0.563478  0.508837  0.581507  0.252324  0.380419  0.656327  0.872447  0.362435  0.364224 
22  0.689026  0.902761  0.343349  0.546622  0.635279  0.541599  0.623692  0.681974  0.662034  0.376954  0.761083  0.636223  0.642620  0.777072  0.453323  0.730653  0.479076  0.706173  0.101216  0.721410  0.660788  0.112279 0.0  0.794654  0.546513  0.857961  0.708967  0.475387  0.289815  0.878983  0.366544  0.773424  0.889726  0.894177  0.947364  0.809698  0.890021  0.859032  0.703183  0.669650  0.882935  0.502971  0.628518  0.882904  0.712401  0.546143  0.253345  0.462299  0.940808  0.366234  0.530762  0.160341  0.376046  0.522466  0.479762  0.676785  0.268217  0.199053  0.520827  0.769521  0.339966  0.220750 
23  0.163881  0.371106  0.790754  0.405010  0.165609  0.272222  0.365413  0.287390  0.692671  0.382501  0.157818  0.323337  0.065962  0.071534  0.759685  0.293862  0.476134  0.014385  0.622839  0.443683  0.096795  0.757791  0.794654 0.0  0.243509  0.075765  0.005168  0.503378  0.500291  0.050495  0.947723  0.084566  0.067051  0.014087  0.105019  0.055667  0.070409  0.166342  0.018809  0.185261  0.045534  0.235755  0.351227  0.007135  0.461313  0.436493  0.747425  0.495892  0.433777  0.723285  0.378475  0.704252  0.679069  0.340906  0.224857  0.331207  0.676134  1.000000  0.198742  0.076833  0.513269  0.534519 
24  0.338848  0.428185  0.787069  0.005567  0.365007  0.209378  0.269105  0.225960  0.701245  0.110650  0.380205  0.181801  0.338819  0.410891  0.696327  0.342605  0.026676  0.324172  0.652110  0.809986  0.332864  0.536783  0.546513  0.243509 0.0  0.435946  0.274096  0.084488  0.794789  0.410054  0.449526  0.479227  0.448156  0.427793  0.440330  0.394690  0.447378  0.484845  0.338997  0.330707  0.447644  0.045318  0.227564  0.363849  0.361972  0.077962  0.668103  0.000000  0.901048  0.767515  0.464169  0.579729  0.832763  0.247718  0.500233  0.308311  0.675711  0.630877  0.343862  0.398411  0.635433  0.739531 
25  0.237317  0.364190  0.756879  0.324310  0.092031  0.395212  0.377743  0.358607  0.747506  0.403915  0.351147  0.500837  0.029680  0.197931  0.680279  0.452823  0.261627  0.116548  0.671469  0.547905  0.082146  0.787516  0.857961  0.075765  0.435946 0.0  0.102858  0.346723  0.474737  0.174823  0.757201  0.119372  0.232000  0.113722  0.173958  0.117795  0.253061  0.184356  0.058671  0.250539  0.159594  0.338782  0.437179  0.196218  0.434747  0.351822  0.950112  0.367002  0.616510  0.715522  0.313158  0.812437  0.853673  0.491122  0.426827  0.420674  0.728518  0.700936  0.473017  0.226242  0.489155  0.444501 
26  0.238337  0.305990  0.684193  0.351021  0.000000  0.401094  0.242836  0.395568  0.808412  0.232649  0.154556  0.282132  0.168697  0.039324  0.812570  0.443402  0.382847  0.294167  0.535632  0.576186  0.035615  0.782072  0.708967  0.005168  0.274096  0.102858 0.0  0.353452  0.674658  0.000000  0.763336  0.112105  0.117275  0.132774  0.135136  0.230437  0.000000  0.133876  0.115660  0.295513  0.051052  0.336773  0.278035  0.000000  0.373984  0.240028  0.638145  0.292156  0.482297  0.777114  0.390954  0.694664  0.830850  0.303816  0.349015  0.289089  0.799490  0.740894  0.268093  0.067665  0.542845  0.676026 
27  0.293137  0.432935  0.763078  0.250711  0.342082  0.058864  0.085514  0.486165  0.746687  0.191085  0.168964  0.052490  0.321515  0.361499  0.732836  0.285039  0.173107  0.348097  0.608326  0.637636  0.344688  0.451258  0.475387  0.503378  0.084488  0.346723  0.353452 0.0  0.685040  0.302548  0.673915  0.275934  0.356118  0.258949  0.441494  0.346377  0.303475  0.314900  0.331537  0.258079  0.388035  0.094698  0.091837  0.285684  0.466445  0.191170  0.488960  0.242824  0.681114  0.658691  0.524133  0.432216  0.693819  0.000000  0.504114  0.053469  0.700239  0.883302  0.127661  0.406511  0.719260  0.606112 
28  0.524045  0.735161  0.348936  0.783257  0.518197  0.684154  0.734517  0.907828  0.794096  0.669784  0.735325  0.637854  0.575251  0.496419  0.394569  0.825603  0.706231  0.673605  0.258243  0.528591  0.448549  0.347150  0.289815  0.500291  0.794789  0.474737  0.674658  0.685040 0.0  0.436227  0.741752  0.396731  0.494252  0.477132  0.545623  0.468442  0.446600  0.555498  0.647587  0.644668  0.489025  0.754755  0.640905  0.433310  0.677403  0.686896  0.369592  0.674114  0.439624  0.177097  0.341313  0.409283  0.478518  0.732004  0.378077  0.823741  0.418656  0.245723  0.720390  0.400977  0.213633  0.238435 
29  0.369613  0.385538  0.684192  0.414301  0.163126  0.453349  0.522612  0.330413  0.719353  0.313795  0.359961  0.437031  0.020216  0.296071  0.606403  0.285624  0.347579  0.065362  0.676467  0.412718  0.083378  0.858569  0.878983  0.050495  0.410054  0.174823  0.000000  0.302548  0.436227 0.0  0.715347  0.213293  0.239741  0.247889  0.155087  0.102940  0.189143  0.239969  0.030344  0.145298  0.095736  0.319372  0.588432  0.252133  0.292049  0.397208  0.861137  0.350129  0.636494  0.593216  0.415639  0.829690  0.734125  0.410501  0.288966  0.489886  0.753429  0.805231  0.397262  0.177858  0.454046  0.496408 
30  0.713573  0.801312  0.804712  0.395504  0.696804  0.442665  0.520653  0.694182  0.300365  0.605233  0.580072  0.505119  0.725837  0.749769  0.634566  0.691511  0.590180  0.783732  0.571947  0.346059  0.714649  0.493513  0.366544  0.947723  0.449526  0.757201  0.763336  0.673915  0.741752  0.715347 0.0  0.744267  0.699471  0.647358  0.735486  0.785513  0.648781  0.760507  0.651113  0.591194  0.651252  0.431424  0.455042  0.815138  0.822129  0.630629  0.427957  0.664982  0.369519  0.759142  0.592568  0.457110  0.648107  0.595086  0.518765  0.487796  0.643357  0.796141  0.415157  0.752346  0.718406  0.753798 
31  0.178002  0.360849  0.763575  0.288772  0.116673  0.423870  0.437624  0.346254  0.688820  0.269135  0.207129  0.440393  0.062184  0.163686  0.749217  0.352316  0.362115  0.086997  0.624491  0.436494  0.106756  0.824738  0.773424  0.084566  0.479227  0.119372  0.112105  0.275934  0.396731  0.213293  0.744267 0.0  0.123103  0.344948  0.307233  0.115591  0.161543  0.163717  0.101106  0.234433  0.192231  0.394360  0.452922  0.167483  0.262115  0.313957  0.953514  0.258099  0.661576  0.714500  0.285147  0.872311  0.800864  0.456195  0.173494  0.552947  0.697970  0.649366  0.440652  0.260041  0.452736  0.361443 
32  0.304102  0.508760  0.816243  0.425759  0.060901  0.480685  0.410245  0.294616  0.787849  0.288824  0.284153  0.430717  0.069251  0.151200  0.755970  0.484770  0.338789  0.062811  0.693866  0.495809  0.012536  0.916938  0.889726  0.067051  0.448156  0.232000  0.117275  0.356118  0.494252  0.239741  0.699471  0.123103 0.0  0.236685  0.084434  0.075155  0.123743  0.180587  0.000000  0.247614  0.124808  0.298759  0.477740  0.177952  0.362867  0.309765  0.948956  0.372853  0.547495  0.550159  0.392825  0.818317  0.746927  0.487141  0.350668  0.474230  0.764603  0.683903  0.495469  0.172841  0.435213  0.458129 
33  0.212376  0.517033  0.720877  0.327321  0.173887  0.450968  0.503478  0.405029  0.746369  0.361725  0.279164  0.518686  0.061623  0.265293  0.749842  0.404836  0.326350  0.092183  0.743690  0.446424  0.000000  0.818298  0.894177  0.014087  0.427793  0.113722  0.132774  0.258949  0.477132  0.247889  0.647358  0.344948  0.236685 0.0  0.299081  0.135795  0.162682  0.208396  0.138219  0.239117  0.173845  0.289734  0.515394  0.208084  0.416602  0.256771  0.871040  0.268045  0.549245  0.751970  0.284842  0.880176  0.746309  0.441637  0.277201  0.365230  0.658246  0.735376  0.462462  0.197611  0.497530  0.422340 
34  0.252600  0.393175  0.698946  0.503872  0.053702  0.470988  0.437473  0.341453  0.720853  0.375948  0.304999  0.386890  0.000000  0.194122  0.703671  0.273068  0.375185  0.012216  0.643282  0.482478  0.179529  0.900310  0.947364  0.105019  0.440330  0.173958  0.135136  0.441494  0.545623  0.155087  0.735486  0.307233  0.084434  0.299081 0.0  0.175162  0.133862  0.260881  0.168310  0.323800  0.251847  0.355971  0.470956  0.096067  0.330396  0.210025  0.799411  0.431168  0.496318  0.561837  0.382345  0.839095  0.684423  0.537343  0.283046  0.440141  0.743375  0.719270  0.502428  0.229054  0.495015  0.468556 
35  0.192690  0.367216  0.757571  0.374673  0.212148  0.395958  0.431913  0.385086  0.664315  0.402309  0.158259  0.415123  0.195098  0.104928  0.749415  0.358295  0.507498  0.048072  0.717772  0.483371  0.063282  0.770751  0.809698  0.055667  0.394690  0.117795  0.230437  0.346377  0.468442  0.102940  0.785513  0.115591  0.075155  0.135795  0.175162 0.0  0.203504  0.173226  0.118345  0.282097  0.151441  0.351454  0.387096  0.000000  0.447009  0.292271  0.785805  0.407675  0.446643  0.591959  0.335307  0.750704  0.833338  0.446549  0.408743  0.413373  0.708242  0.952003  0.427740  0.010263  0.534471  0.493800 
36  0.225376  0.425780  0.582859  0.310694  0.147823  0.462205  0.464743  0.332457  0.675125  0.378973  0.399615  0.434516  0.051819  0.078890  0.682131  0.354763  0.295207  0.078910  0.646669  0.571706  0.037023  0.833819  0.890021  0.070409  0.447378  0.253061  0.000000  0.303475  0.446600  0.189143  0.648781  0.161543  0.123743  0.162682  0.133862  0.203504 0.0  0.271500  0.073152  0.379690  0.206191  0.305103  0.485024  0.195695  0.208096  0.346186  0.824771  0.268538  0.625703  0.610845  0.409936  0.811454  0.775496  0.465600  0.270299  0.444610  0.742753  0.758015  0.555394  0.104085  0.524354  0.483310 
37  0.339736  0.415706  0.711897  0.373013  0.197082  0.441001  0.415437  0.296939  0.696956  0.176199  0.325330  0.465762  0.061138  0.199286  0.698143  0.365665  0.364420  0.000000  0.765915  0.376453  0.077453  0.892662  0.859032  0.166342  0.484845  0.184356  0.133876  0.314900  0.555498  0.239969  0.760507  0.163717  0.180587  0.208396  0.260881  0.173226  0.271500 0.0  0.122342  0.197946  0.119419  0.374237  0.509882  0.227673  0.350844  0.318910  0.920665  0.313782  0.669809  0.646680  0.426862  0.892639  0.798064  0.435391  0.320723  0.487719  0.739751  0.716789  0.405911  0.147115  0.458683  0.509518 
38  0.203159  0.394339  0.634901  0.398836  0.152694  0.311343  0.420047  0.484425  0.730247  0.307101  0.219054  0.294640  0.136544  0.098271  0.886558  0.419639  0.331988  0.206589  0.706101  0.616428  0.020265  0.756062  0.703183  0.018809  0.338997  0.058671  0.115660  0.331537  0.647587  0.030344  0.651113  0.101106  0.000000  0.138219  0.168310  0.118345  0.073152  0.122342 0.0  0.266783  0.061156  0.303660  0.268279  0.049107  0.264607  0.409556  0.737352  0.295036  0.447079  0.741340  0.316030  0.678420  0.804471  0.323836  0.492054  0.316292  0.758022  0.823421  0.291948  0.050876  0.632105  0.612279 
39  0.315515  0.378726  0.581122  0.225263  0.244616  0.245637  0.283516  0.232893  0.591590  0.248907  0.264627  0.202237  0.201933  0.368139  0.699017  0.276714  0.325501  0.251480  0.679820  0.626169  0.214529  0.629562  0.669650  0.185261  0.330707  0.250539  0.295513  0.258079  0.644668  0.145298  0.591194  0.234433  0.247614  0.239117  0.323800  0.282097  0.379690  0.197946  0.266783 0.0  0.250537  0.303224  0.344121  0.249472  0.177665  0.222677  0.670584  0.224767  0.685177  0.779138  0.460967  0.657465  0.558951  0.237359  0.513142  0.267852  0.676114  0.624875  0.222317  0.311186  0.719678  0.637535 
40  0.374763  0.397781  0.719036  0.317192  0.017041  0.406077  0.398629  0.384052  0.738256  0.382961  0.319470  0.565385  0.059674  0.149597  0.844502  0.263733  0.347725  0.067606  0.616060  0.588818  0.000000  0.920651  0.882935  0.045534  0.447644  0.159594  0.051052  0.388035  0.489025  0.095736  0.651252  0.192231  0.124808  0.173845  0.251847  0.151441  0.206191  0.119419  0.061156  0.250537 0.0  0.378406  0.513151  0.162559  0.368491  0.267089  0.897583  0.364820  0.539896  0.671249  0.345365  0.838773  0.868481  0.468879  0.258799  0.561359  0.738845  0.777029  0.411532  0.107323  0.494380  0.465072 
41  0.327435  0.267441  0.764444  0.148023  0.406969  0.108170  0.176864  0.385815  0.719084  0.114688  0.233373  0.022455  0.409548  0.302850  0.816071  0.364193  0.093393  0.426870  0.767078  0.708738  0.381220  0.416812  0.502971  0.235755  0.045318  0.338782  0.336773  0.094698  0.754755  0.319372  0.431424  0.394360  0.298759  0.289734  0.355971  0.351454  0.305103  0.374237  0.303660  0.303224  0.378406 0.0  0.138201  0.400272  0.278697  0.008443  0.473599  0.059144  0.740425  0.536757  0.582607  0.430929  0.711205  0.000000  0.548155  0.000000  0.784933  0.799228  0.168801  0.489809  0.813883  0.750900 
42  0.312694  0.495639  0.784610  0.147666  0.399446  0.265222  0.263599  0.371915  0.813721  0.064757  0.226301  0.066890  0.394308  0.542448  0.663646  0.332969  0.000000  0.188485  0.566456  0.661385  0.401229  0.520496  0.628518  0.351227  0.227564  0.437179  0.278035  0.091837  0.640905  0.588432  0.455042  0.452922  0.477740  0.515394  0.470956  0.387096  0.485024  0.509882  0.268279  0.344121  0.513151  0.138201 0.0  0.529467  0.330538  0.148776  0.632896  0.131686  0.823313  0.711139  0.552310  0.602049  0.763720  0.210837  0.645457  0.267263  0.708281  0.713528  0.227280  0.473233  0.808180  0.845855 
43  0.247752  0.491443  0.790157  0.413429  0.131150  0.460253  0.512433  0.311601  0.734741  0.292249  0.261062  0.450923  0.062496  0.218597  0.702402  0.378803  0.287639  0.124987  0.670439  0.482285  0.012456  0.800229  0.882904  0.007135  0.363849  0.196218  0.000000  0.285684  0.433310  0.252133  0.815138  0.167483  0.177952  0.208084  0.096067  0.000000  0.195695  0.227673  0.049107  0.249472  0.162559  0.400272  0.529467 0.0  0.273978  0.315328  0.843434  0.285205  0.607682  0.659462  0.389841  0.789464  0.757777  0.375328  0.284798  0.498266  0.798913  0.673987  0.414787  0.097791  0.504290  0.470908 
44  0.262329  0.283519  0.645987  0.456699  0.348136  0.286816  0.333072  0.018023  0.513301  0.507160  0.142385  0.405358  0.331619  0.323137  0.414370  0.343972  0.513227  0.404126  0.665880  0.730486  0.344707  0.747450  0.712401  0.461313  0.361972  0.434747  0.373984  0.466445  0.677403  0.292049  0.822129  0.262115  0.362867  0.416602  0.330396  0.447009  0.208096  0.350844  0.264607  0.177665  0.368491  0.278697  0.330538  0.273978 0.0  0.415651  0.608616  0.479986  0.677409  0.700322  0.572783  0.680848  0.544419  0.295400  0.449189  0.292280  0.426843  0.653658  0.411514  0.274331  0.663597  0.676275 
45  0.351751  0.350094  0.918853  0.143411  0.336618  0.156805  0.035726  0.369562  0.680204  0.173632  0.255586  0.041239  0.303146  0.264749  0.714478  0.333096  0.260458  0.274521  0.629108  0.749588  0.328007  0.587048  0.546143  0.436493  0.077962  0.351822  0.240028  0.191170  0.686896  0.397208  0.630629  0.313957  0.309765  0.256771  0.210025  0.292271  0.346186  0.318910  0.409556  0.222677  0.267089  0.008443  0.148776  0.315328  0.415651 0.0  0.449508  0.142918  0.786644  0.578514  0.526175  0.448918  0.790922  0.137767  0.604051  0.099347  0.785361  0.896267  0.027320  0.424017  0.708274  0.744302 
46  0.667002  0.855350  0.348377  0.606600  0.636583  0.607705  0.634596  0.731105  0.816529  0.474918  0.694996  0.607989  0.799735  0.851107  0.390844  0.755307  0.397188  0.711594  0.192153  0.745059  0.729950  0.279441  0.253345  0.747425  0.668103  0.950112  0.638145  0.488960  0.369592  0.861137  0.427957  0.953514  0.948956  0.871040  0.799411  0.785805  0.824771  0.920665  0.737352  0.670584  0.897583  0.473599  0.632896  0.843434  0.608616  0.449508 0.0  0.337992  0.846145  0.340033  0.658621  0.194047  0.458860  0.581296  0.485991  0.589263  0.200601  0.354127  0.658895  0.833329  0.283591  0.287364 
47  0.295931  0.340640  0.764399  0.182408  0.324071  0.002730  0.022465  0.387437  0.689274  0.266386  0.169983  0.000000  0.381704  0.372684  0.593919  0.443488  0.180282  0.258702  0.520297  0.725933  0.316708  0.503321  0.462299  0.495892  0.000000  0.367002  0.292156  0.242824  0.674114  0.350129  0.664982  0.258099  0.372853  0.268045  0.431168  0.407675  0.268538  0.313782  0.295036  0.224767  0.364820  0.059144  0.131686  0.285205  0.479986  0.142918  0.337992 0.0  0.754817  0.506895  0.651911  0.505447  0.734003  0.063064  0.582258  0.000000  0.631897  0.977903  0.114854  0.372120  0.800549  0.761632 
48  0.667204  0.812750  0.683213  0.752345  0.411421  0.914341  0.857234  0.809883  0.407941  0.622274  0.764057  0.914272  0.573961  0.595285  0.707831  0.737754  0.674878  0.504088  0.628048  0.160148  0.506919  0.797716  0.940808  0.433777  0.901048  0.616510  0.482297  0.681114  0.439624  0.636494  0.369519  0.661576  0.547495  0.549245  0.496318  0.446643  0.625703  0.669809  0.447079  0.685177  0.539896  0.740425  0.823313  0.607682  0.677409  0.786644  0.846145  0.754817 0.0  0.761151  0.374870  0.789816  0.715863  0.872338  0.301251  0.851780  0.765472  0.605623  0.935137  0.535513  0.511984  0.538700 
49  0.738231  0.639073  0.299469  0.549494  0.609844  0.621273  0.642029  0.660867  0.719652  0.576568  0.662910  0.600395  0.644220  0.609162  0.378163  0.614537  0.746952  0.698221  0.349195  0.669085  0.667383  0.295946  0.366234  0.723285  0.767515  0.715522  0.777114  0.658691  0.177097  0.593216  0.759142  0.714500  0.550159  0.751970  0.561837  0.591959  0.610845  0.646680  0.741340  0.779138  0.671249  0.536757  0.711139  0.659462  0.700322  0.578514  0.340033  0.506895  0.761151 0.0  0.367829  0.156697  0.344460  0.588501  0.508621  0.640271  0.230688  0.253210  0.654430  0.661489  0.262509  0.232629 
50  0.390151  0.638939  0.613475  0.557646  0.323022  0.619106  0.583062  0.602062  0.528584  0.559597  0.451621  0.601139  0.220366  0.334876  0.514867  0.653800  0.642060  0.475973  0.432955  0.334233  0.298196  0.607270  0.530762  0.378475  0.464169  0.313158  0.390954  0.524133  0.341313  0.415639  0.592568  0.285147  0.392825  0.284842  0.382345  0.335307  0.409936  0.426862  0.316030  0.460967  0.345365  0.582607  0.552310  0.389841  0.572783  0.526175  0.658621  0.651911  0.374870  0.367829 0.0  0.552116  0.572530  0.511440  0.312035  0.489695  0.514719  0.667652  0.553407  0.306970  0.274076  0.392880 
51  0.801571  0.859702  0.394267  0.544952  0.799781  0.555155  0.595680  0.717361  0.658422  0.520758  0.691774  0.550878  0.822004  0.859954  0.294426  0.782358  0.454096  0.680286  0.291122  0.741020  0.662523  0.107092  0.160341  0.704252  0.579729  0.812437  0.694664  0.432216  0.409283  0.829690  0.457110  0.872311  0.818317  0.880176  0.839095  0.750704  0.811454  0.892639  0.678420  0.657465  0.838773  0.430929  0.602049  0.789464  0.680848  0.448918  0.194047  0.505447  0.789816  0.156697  0.552116 0.0  0.268966  0.637088  0.551807  0.617764  0.356707  0.379846  0.623795  0.895280  0.303635  0.289905 
52  0.713075  0.795463  0.144074  0.725212  0.749592  0.701548  0.687323  0.560287  0.557584  0.838309  0.571038  0.694376  0.800739  0.694064  0.237754  0.844346  0.651829  0.882054  0.237704  0.859472  0.718260  0.321130  0.376046  0.679069  0.832763  0.853673  0.830850  0.693819  0.478518  0.734125  0.648107  0.800864  0.746927  0.746309  0.684423  0.833338  0.775496  0.798064  0.804471  0.558951  0.868481  0.711205  0.763720  0.757777  0.544419  0.790922  0.458860  0.734003  0.715863  0.344460  0.572530  0.268966 0.0  0.714951  0.698163  0.702735  0.246676  0.141256  0.791103  0.725333  0.481447  0.475049 
53  0.249745  0.354998  0.690144  0.055980  0.269791  0.153121  0.239745  0.339777  0.690201  0.087219  0.331803  0.173446  0.265381  0.369867  0.665816  0.318204  0.137419  0.358728  0.599010  0.816191  0.349846  0.563478  0.522466  0.340906  0.247718  0.491122  0.303816  0.000000  0.732004  0.410501  0.595086  0.456195  0.487141  0.441637  0.537343  0.446549  0.465600  0.435391  0.323836  0.237359  0.468879  0.000000  0.210837  0.375328  0.295400  0.137767  0.581296  0.063064  0.872338  0.588501  0.511440  0.637088  0.714951 0.0  0.615237  0.142784  0.763809  0.710109  0.275029  0.538055  0.769686  0.708381 
54  0.472983  0.521224  0.460445  0.622378  0.264792  0.468817  0.487365  0.726745  0.606322  0.520176  0.522543  0.514552  0.416563  0.342357  0.667551  0.570418  0.501885  0.421191  0.454514  0.464546  0.277132  0.508837  0.479762  0.224857  0.500233  0.426827  0.349015  0.504114  0.378077  0.288966  0.518765  0.173494  0.350668  0.277201  0.283046  0.408743  0.270299  0.320723  0.492054  0.513142  0.258799  0.548155  0.645457  0.284798  0.449189  0.604051  0.485991  0.582258  0.301251  0.508621  0.312035  0.551807  0.698163  0.615237 0.0  0.497476  0.721042  0.550542  0.578687  0.282636  0.418199  0.410402 
55  0.288168  0.494566  0.657232  0.000000  0.388750  0.306761  0.396083  0.381460  0.685694  0.000000  0.411317  0.180175  0.361129  0.464774  0.713304  0.332584  0.045792  0.319156  0.633102  0.734200  0.325991  0.581507  0.676785  0.331207  0.308311  0.420674  0.289089  0.053469  0.823741  0.489886  0.487796  0.552947  0.474230  0.365230  0.440141  0.413373  0.444610  0.487719  0.316292  0.267852  0.561359  0.000000  0.267263  0.498266  0.292280  0.099347  0.589263  0.000000  0.851780  0.640271  0.489695  0.617764  0.702735  0.142784  0.497476 0.0  0.724350  0.649737  0.105803  0.505567  0.663510  0.669271 
56  0.579950  0.751597  0.117659  0.793998  0.798089  0.709352  0.752085  0.644658  0.610473  0.766162  0.572200  0.654414  0.910166  0.668869  0.228706  0.932424  0.714837  0.823505  0.277610  0.859219  0.651538  0.252324  0.268217  0.676134  0.675711  0.728518  0.799490  0.700239  0.418656  0.753429  0.643357  0.697970  0.764603  0.658246  0.743375  0.708242  0.742753  0.739751  0.758022  0.676114  0.738845  0.784933  0.708281  0.798913  0.426843  0.785361  0.200601  0.631897  0.765472  0.230688  0.514719  0.356707  0.246676  0.763809  0.721042  0.724350 0.0  0.010000  0.781593  0.599118  0.440166  0.434675 
57  0.721313  0.749164  0.168647  0.759684  0.769210  0.743319  0.760297  0.566691  0.420358  0.866374  0.638779  0.594138  0.696542  0.742416  0.174675  0.760160  0.737052  0.754935  0.307458  0.767362  0.773710  0.380419  0.199053  1.000000  0.630877  0.700936  0.740894  0.883302  0.245723  0.805231  0.796141  0.649366  0.683903  0.735376  0.719270  0.952003  0.758015  0.716789  0.823421  0.624875  0.777029  0.799228  0.713528  0.673987  0.653658  0.896267  0.354127  0.977903  0.605623  0.253210  0.667652  0.379846  0.141256  0.710109  0.550542  0.649737  0.010000 0.0  0.706565  0.674688  0.358258  0.354016 
58  0.220036  0.427510  0.680375  0.148527  0.391237  0.239079  0.244253  0.395672  0.713458  0.072379  0.278531  0.240462  0.180816  0.478864  0.818730  0.263150  0.022886  0.206828  0.690247  0.723994  0.371548  0.656327  0.520827  0.198742  0.343862  0.473017  0.268093  0.127661  0.720390  0.397262  0.415157  0.440652  0.495469  0.462462  0.502428  0.427740  0.555394  0.405911  0.291948  0.222317  0.411532  0.168801  0.227280  0.414787  0.411514  0.027320  0.658895  0.114854  0.935137  0.654430  0.553407  0.623795  0.791103  0.275029  0.578687  0.105803  0.781593  0.706565 0.0  0.390286  0.675643  0.719048 
59  0.299664  0.507760  0.792687  0.499213  0.076865  0.448622  0.456016  0.234570  0.708307  0.410889  0.210276  0.396417  0.113856  0.173505  0.787572  0.357289  0.309001  0.125998  0.643243  0.438403  0.115815  0.872447  0.769521  0.076833  0.398411  0.226242  0.067665  0.406511  0.400977  0.177858  0.752346  0.260041  0.172841  0.197611  0.229054  0.010263  0.104085  0.147115  0.050876  0.311186  0.107323  0.489809  0.473233  0.097791  0.274331  0.424017  0.833329  0.372120  0.535513  0.661489  0.306970  0.895280  0.725333  0.538055  0.282636  0.505567  0.599118  0.674688  0.390286 0.0  0.417153  0.394384 
60  0.655780  0.684442  0.267543  0.721499  0.354738  0.714675  0.704263  0.919893  0.921187  0.670566  0.497383  0.685238  0.680066  0.481908  0.533656  0.847980  0.785668  0.597507  0.299206  0.592615  0.395152  0.362435  0.339966  0.513269  0.635433  0.489155  0.542845  0.719260  0.213633  0.454046  0.718406  0.452736  0.435213  0.497530  0.495015  0.534471  0.524354  0.458683  0.632105  0.719678  0.494380  0.813883  0.808180  0.504290  0.663597  0.708274  0.283591  0.800549  0.511984  0.262509  0.274076  0.303635  0.481447  0.769686  0.418199  0.663510  0.440166  0.358258  0.675643  0.417153 0.0  0.264403 
61  0.659366  0.697990  0.291058  0.775699  0.441788  0.686155  0.675065  0.800629  0.890547  0.656508  0.534065  0.668437  0.641361  0.502475  0.451029  0.973128  0.703880  0.599921  0.204199  0.591469  0.371244  0.364224  0.220750  0.534519  0.739531  0.444501  0.676026  0.606112  0.238435  0.496408  0.753798  0.361443  0.458129  0.422340  0.468556  0.493800  0.483310  0.509518  0.612279  0.637535  0.465072  0.750900  0.845855  0.470908  0.676275  0.744302  0.287364  0.761632  0.538700  0.232629  0.392880  0.289905  0.475049  0.708381  0.410402  0.669271  0.434675  0.354016  0.719048  0.394384  0.264403 0.0 
