62
0 0.0  0.165804  0.642400  0.269345  0.294195  0.318180  0.313949  0.246271  0.726261  0.306927  0.298143  0.205213  0.286625  0.214749  0.573051  0.343507  0.280460  0.231737  0.676007  0.702699  0.298474  0.638586  0.650157  0.218314  0.144638  0.388322  0.246618  0.271276  0.766012  0.344438  0.675297  0.346003  0.183792  0.194231  0.319463  0.311426  0.265366  0.291002  0.294785  0.279623  0.140323  0.252109  0.359754  0.170572  0.259221  0.356978  0.640898  0.274445  0.676114  0.749178  0.530374  0.677654  0.696720  0.343768  0.528879  0.344681  0.726974  0.625955  0.250336  0.130499  0.664484  0.759340 
1  0.165804 0.0  0.848556  0.438375  0.312584  0.364819  0.413328  0.361034  0.823703  0.314290  0.370127  0.363812  0.343337  0.415650  0.783732  0.041780  0.357903  0.439162  0.617662  0.689801  0.299615  0.894947  0.858999  0.357062  0.392433  0.450007  0.377994  0.277690  0.679638  0.507293  0.755998  0.378157  0.432191  0.472187  0.507203  0.432322  0.363616  0.531273  0.393666  0.200081  0.530825  0.354582  0.411192  0.531524  0.215693  0.225883  0.889616  0.314147  0.906011  0.823548  0.649280  0.959291  0.760974  0.519930  0.530437  0.343665  0.870946  0.678587  0.520646  0.445264  0.673531  0.798144 
2  0.642400  0.848556 0.0  0.804097  0.788094  0.688454  0.751616  0.622559  0.384428  0.805566  0.640345  0.822549  0.644149  0.719285  0.153136  0.772153  0.885201  0.642653  0.237661  0.767821  0.828505  0.421606  0.378798  0.932179  0.743770  0.784657  0.789881  0.977172  0.399341  0.771074  0.908111  0.695476  0.800079  0.782982  0.715682  0.865457  0.856934  0.740330  0.853212  0.675332  0.709637  0.815203  0.776461  0.817307  0.662466  0.855358  0.341330  0.839010  0.673806  0.136599  0.541714  0.343502  0.140358  0.741345  0.716229  0.652931  0.085450  0.187494  0.735611  0.778411  0.319714  0.266504 
3  0.269345  0.438375  0.804097 0.0  0.471914  0.172928  0.070663  0.339543  0.815413  0.126598  0.262585  0.075380  0.423281  0.456317  0.779774  0.415591  0.103788  0.371556  0.591757  0.874530  0.400814  0.603374  0.485454  0.340625  0.000000  0.459896  0.370298  0.145641  0.807604  0.357106  0.628528  0.403987  0.342651  0.322540  0.545242  0.302740  0.444450  0.482076  0.434040  0.324895  0.394406  0.226652  0.118712  0.382472  0.306210  0.176928  0.595359  0.201078  0.784735  0.691020  0.674577  0.536631  0.852399  0.184690  0.722431  0.190920  0.773605  0.880503  0.127681  0.445746  0.867977  0.836915 
4  0.294195  0.312584  0.788094  0.471914 0.0  0.286213  0.454361  0.300520  0.742867  0.340792  0.066474  0.301737  0.057441  0.122835  0.662489  0.397599  0.314433  0.091464  0.675952  0.459936  0.324467  0.816397  0.767633  0.058299  0.392467  0.118102  0.000000  0.327342  0.466453  0.030417  0.723044  0.042576  0.170545  0.073386  0.105236  0.098222  0.005786  0.063178  0.035079  0.255890  0.000000  0.521319  0.270169  0.047599  0.266434  0.285215  0.857212  0.366204  0.482724  0.702390  0.377758  0.704991  0.791543  0.386371  0.146969  0.383020  0.852374  0.745868  0.303845  0.118147  0.448045  0.476019 
5  0.318180  0.364819  0.688454  0.172928  0.286213 0.0  0.146813  0.332235  0.740798  0.095570  0.268445  0.105596  0.342860  0.484105  0.665895  0.323204  0.094417  0.366843  0.713277  0.636526  0.306641  0.595727  0.512363  0.371774  0.235991  0.505777  0.497494  0.067358  0.775584  0.488725  0.357088  0.440697  0.485617  0.451939  0.481063  0.333927  0.530506  0.365064  0.346615  0.196871  0.484523  0.102995  0.249611  0.590270  0.464893  0.000000  0.690427  0.000000  0.828335  0.627891  0.731895  0.649606  0.782104  0.180092  0.551787  0.198182  0.686328  0.754224  0.091065  0.382828  0.777885  0.795874 
6  0.313949  0.413328  0.751616  0.070663  0.454361  0.146813 0.0  0.364859  0.707688  0.186173  0.307407  0.082903  0.355863  0.531177  0.722714  0.409509  0.044690  0.306781  0.713639  0.776988  0.353249  0.618077  0.591936  0.249077  0.059057  0.511585  0.310666  0.126478  0.883768  0.515573  0.535080  0.533218  0.430409  0.612897  0.382541  0.341878  0.469826  0.556694  0.304100  0.204300  0.549328  0.028244  0.155566  0.436932  0.199191  0.096269  0.601901  0.111669  0.803834  0.697082  0.720242  0.590710  0.740199  0.220998  0.569164  0.190402  0.742396  0.719357  0.160186  0.569443  0.779559  0.740037 
7  0.246271  0.361034  0.622559  0.339543  0.300520  0.332235  0.364859 0.0  0.535215  0.300209  0.244190  0.340703  0.555775  0.424659  0.617871  0.553416  0.328060  0.432872  0.639441  0.906382  0.385037  0.739754  0.791320  0.286907  0.450703  0.349791  0.405761  0.322779  0.926882  0.329396  0.705780  0.220885  0.259584  0.352640  0.285913  0.387191  0.285735  0.246821  0.446469  0.305519  0.305894  0.425757  0.324522  0.317450  0.000000  0.307645  0.709529  0.387369  0.793485  0.649364  0.731728  0.815800  0.574745  0.296205  0.566876  0.341601  0.668322  0.370737  0.309464  0.396622  0.950667  0.945198 
8  0.726261  0.823703  0.384428  0.815413  0.742867  0.740798  0.707688  0.535215 0.0  0.788081  0.653852  0.719229  0.852737  0.797465  0.670588  0.811668  0.771774  0.886052  0.678639  0.490003  0.779336  0.712686  0.736392  0.675294  0.729136  0.791344  0.732191  0.764896  0.902381  0.830092  0.291626  0.848649  0.749558  0.795537  0.792209  0.722376  0.817533  0.809754  0.844228  0.680100  0.749647  0.751516  0.814667  0.719823  0.433998  0.777679  0.782651  0.808168  0.264330  0.644412  0.641228  0.816902  0.622151  0.737508  0.681534  0.709123  0.690846  0.548028  0.788540  0.648059  0.994967  0.875797 
9  0.306927  0.314290  0.805566  0.126598  0.340792  0.095570  0.186173  0.300209  0.788081 0.0  0.186941  0.105990  0.335601  0.391857  0.815130  0.306259  0.144876  0.320247  0.715777  0.723577  0.417344  0.416670  0.491732  0.462053  0.031872  0.377395  0.247161  0.245515  0.818020  0.256699  0.632687  0.440855  0.375892  0.330403  0.286287  0.367735  0.371328  0.386899  0.333641  0.345906  0.411249  0.070002  0.055537  0.341388  0.421064  0.277835  0.514526  0.189582  0.772653  0.729025  0.611514  0.605702  0.718219  0.053745  0.442214  0.090060  0.709754  0.789690  0.094233  0.345787  0.787277  0.773152 
10  0.298143  0.370127  0.640345  0.262585  0.066474  0.268445  0.307407  0.244190  0.653852  0.186941 0.0  0.329630  0.192292  0.293523  0.731310  0.158878  0.217430  0.187712  0.668162  0.613898  0.287314  0.639683  0.757753  0.295063  0.430018  0.246335  0.180001  0.181863  0.651290  0.302357  0.642240  0.404861  0.241430  0.429294  0.297981  0.284580  0.263356  0.462359  0.226885  0.187623  0.274032  0.242778  0.487870  0.382177  0.165745  0.076720  0.745661  0.186072  0.751019  0.664670  0.535645  0.696257  0.697888  0.271149  0.353617  0.270420  0.536902  0.672026  0.258358  0.375442  0.626758  0.541665 
11  0.205213  0.363812  0.822549  0.075380  0.301737  0.105596  0.082903  0.340703  0.719229  0.105990  0.329630 0.0  0.332709  0.449724  0.693799  0.314977  0.067630  0.283480  0.766282  0.687857  0.392056  0.502584  0.546857  0.246625  0.224846  0.470319  0.409180  0.013816  0.825288  0.417187  0.415662  0.328210  0.508179  0.507284  0.487048  0.320295  0.439651  0.463866  0.485982  0.274384  0.433069  0.000000  0.244048  0.482429  0.303772  0.018966  0.653011  0.075386  0.876471  0.739931  0.595053  0.628151  0.690667  0.133283  0.518417  0.223048  0.710027  0.818298  0.101868  0.339614  0.761989  0.652969 
12  0.286625  0.343337  0.644149  0.423281  0.057441  0.342860  0.355863  0.555775  0.852737  0.335601  0.192292  0.332709 0.0  0.064650  0.920414  0.433009  0.375221  0.291358  0.684746  0.762330  0.055943  0.851932  0.709329  0.035444  0.386790  0.108054  0.072698  0.400196  0.608120  0.125173  0.729652  0.021278  0.078471  0.078207  0.105299  0.120028  0.013764  0.000000  0.194286  0.393651  0.108166  0.249314  0.350960  0.087920  0.322384  0.365986  0.655288  0.360493  0.554168  0.750340  0.285897  0.689205  0.958006  0.297070  0.351890  0.309586  0.908668  0.795440  0.420454  0.000000  0.485710  0.743978 
13  0.214749  0.415650  0.719285  0.456317  0.122835  0.484105  0.531177  0.424659  0.797465  0.391857  0.293523  0.449724  0.064650 0.0  0.791795  0.347876  0.308684  0.168315  0.656783  0.556348  0.094898  0.871253  0.824420  0.098376  0.521282  0.264656  0.119295  0.368038  0.588377  0.266284  0.756325  0.261134  0.225418  0.332747  0.112885  0.116550  0.199438  0.244290  0.086753  0.162178  0.113641  0.445299  0.478877  0.322796  0.361828  0.161208  0.879338  0.299987  0.661972  0.597399  0.299513  0.876923  0.861883  0.418831  0.134975  0.509941  0.810410  0.749816  0.461634  0.210112  0.529443  0.502776 
14  0.573051  0.783732  0.153136  0.779774  0.662489  0.665895  0.722714  0.617871  0.670588  0.815130  0.731310  0.693799  0.920414  0.791795 0.0  0.967690  0.733954  0.885753  0.147882  0.991024  0.648348  0.337498  0.286692  0.824098  0.804924  0.741304  0.838347  0.815762  0.514071  0.767191  0.755991  0.702861  0.778490  0.765039  0.733333  0.791007  0.786541  0.712575  0.900555  0.742655  0.743517  0.714595  0.726096  0.745995  0.467624  0.691320  0.343019  0.703036  0.666421  0.205657  0.697427  0.346010  0.160847  0.639289  0.784998  0.878457  0.171374  0.111305  0.815839  0.837299  0.463907  0.453951 
15  0.343507  0.041780  0.772153  0.415591  0.397599  0.323204  0.409509  0.553416  0.811668  0.306259  0.158878  0.314977  0.433009  0.347876  0.967690 0.0  0.308736  0.353949  0.723322  0.910702  0.343498  0.828702  0.812411  0.294576  0.306604  0.249408  0.407890  0.340107  0.924782  0.202431  0.758431  0.256896  0.280844  0.343129  0.336873  0.339639  0.261413  0.416057  0.412245  0.294294  0.288241  0.435118  0.401485  0.416065  0.330988  0.290959  0.752275  0.296233  0.755908  0.688704  0.475900  0.654166  0.792391  0.306010  0.639432  0.352913  0.887623  0.869305  0.287437  0.324858  0.840812  0.850239 
16  0.280460  0.357903  0.885201  0.103788  0.314433  0.094417  0.044690  0.328060  0.771774  0.144876  0.217430  0.067630  0.375221  0.308684  0.733954  0.308736 0.0  0.306526  0.564859  0.704882  0.357699  0.505321  0.528602  0.378008  0.000000  0.263515  0.267028  0.157877  0.805453  0.282287  0.626969  0.276212  0.335327  0.282841  0.306330  0.391683  0.277086  0.329665  0.357529  0.408419  0.233007  0.038257  0.072571  0.328944  0.443391  0.165168  0.430005  0.253671  0.689259  0.652629  0.537122  0.485587  0.715231  0.014170  0.460565  0.083432  0.703705  0.924651  0.035968  0.382321  0.762633  0.658594 
17  0.231737  0.439162  0.642653  0.371556  0.091464  0.366843  0.306781  0.432872  0.886052  0.320247  0.187712  0.283480  0.291358  0.168315  0.885753  0.353949  0.306526 0.0  0.700926  0.616783  0.019927  0.686653  0.822682  0.061753  0.298304  0.135566  0.186478  0.370527  0.492097  0.032128  0.708873  0.185624  0.142241  0.043366  0.089185  0.062886  0.023737  0.031834  0.168513  0.332592  0.000000  0.447307  0.402279  0.075449  0.326120  0.291981  0.832101  0.418510  0.512602  0.632340  0.285299  0.786952  0.836901  0.265943  0.342229  0.379530  0.916994  0.652291  0.256792  0.002870  0.614580  0.526674 
18  0.676007  0.617662  0.237661  0.591757  0.675952  0.713277  0.713639  0.639441  0.678639  0.715777  0.668162  0.766282  0.684746  0.656783  0.147882  0.723322  0.564859  0.700926 0.0  0.693314  0.761915  0.322546  0.331324  0.592062  0.673747  0.720174  0.757671  0.767254  0.267096  0.725510  0.726475  0.690835  0.734493  0.800729  0.710794  0.673722  0.635883  0.673509  0.753896  0.701226  0.665221  0.732072  0.736925  0.797896  0.520864  0.691765  0.289665  0.723665  0.720067  0.291699  0.434804  0.177122  0.309682  0.700928  0.474941  0.762170  0.269633  0.342730  0.598932  0.698167  0.209111  0.179596 
19  0.702699  0.689801  0.767821  0.874530  0.459936  0.636526  0.776988  0.906382  0.490003  0.723577  0.613898  0.687857  0.762330  0.556348  0.991024  0.910702  0.704882  0.616783  0.693314 0.0  0.476311  0.715868  0.720895  0.492199  0.815944  0.457810  0.629815  0.683711  0.651987  0.494505  0.391554  0.390836  0.479118  0.478495  0.604460  0.504501  0.568111  0.378032  0.556858  0.613343  0.561772  0.743920  0.779320  0.413537  0.745130  0.718250  0.650046  0.757110  0.035570  0.679556  0.302977  0.781458  0.836458  0.673847  0.457319  0.812254  0.738838  0.753818  0.803693  0.519197  0.642753  0.619034 
20  0.298474  0.299615  0.828505  0.400814  0.324467  0.306641  0.353249  0.385037  0.779336  0.417344  0.287314  0.392056  0.055943  0.094898  0.648348  0.343498  0.357699  0.019927  0.761915  0.476311 0.0  0.759681  0.816362  0.086156  0.374766  0.096495  0.026089  0.299750  0.443342  0.053582  0.698143  0.099087  0.000000  0.184586  0.097994  0.180501  0.134146  0.086086  0.090204  0.383936  0.171837  0.561802  0.313362  0.131645  0.297882  0.376204  0.859866  0.302748  0.541999  0.632506  0.328671  0.819274  0.689732  0.322337  0.349373  0.288458  0.658548  0.844770  0.274482  0.067282  0.450771  0.547709 
21  0.638586  0.894947  0.421606  0.603374  0.816397  0.595727  0.618077  0.739754  0.712686  0.416670  0.639683  0.502584  0.851932  0.871253  0.337498  0.828702  0.505321  0.686653  0.322546  0.715868  0.759681 0.0  0.184377  0.682154  0.611387  0.847479  0.771532  0.489238  0.389794  0.831236  0.570142  0.870125  0.826422  0.894367  0.889835  0.909909  0.767223  0.827709  0.866010  0.694033  0.796677  0.420646  0.584211  0.842123  0.803409  0.511945  0.117684  0.521424  0.900895  0.200576  0.617852  0.153204  0.299340  0.719850  0.539285  0.552722  0.189353  0.246204  0.632482  0.854960  0.317890  0.285241 
22  0.650157  0.858999  0.378798  0.485454  0.767633  0.512363  0.591936  0.791320  0.736392  0.491732  0.757753  0.546857  0.709329  0.824420  0.286692  0.812411  0.528602  0.822682  0.331324  0.720895  0.816362  0.184377 0.0  0.703605  0.582891  0.917508  0.753763  0.571131  0.332947  0.890757  0.509046  0.944232  0.888210  0.860749  0.823901  0.866631  0.920122  0.873580  0.803713  0.632396  0.930294  0.460112  0.656220  0.843943  0.680699  0.370986  0.115295  0.532808  1.000000  0.280891  0.623993  0.238774  0.336651  0.609403  0.540838  0.637821  0.328398  0.196588  0.614538  0.871708  0.390911  0.420014 
23  0.218314  0.357062  0.932179  0.340625  0.058299  0.371774  0.249077  0.286907  0.675294  0.462053  0.295063  0.246625  0.035444  0.098376  0.824098  0.294576  0.378008  0.061753  0.592062  0.492199  0.086156  0.682154  0.703605 0.0  0.300309  0.000000  0.133289  0.378817  0.415356  0.102046  0.836283  0.000000  0.170989  0.000000  0.136551  0.070097  0.058598  0.000000  0.055119  0.326328  0.074060  0.402894  0.440791  0.097488  0.495075  0.371006  0.775725  0.510777  0.528998  0.693393  0.407423  0.754602  0.777798  0.287600  0.236912  0.336225  0.804541  0.890450  0.253087  0.081611  0.597552  0.443973 
24  0.144638  0.392433  0.743770  0.000000  0.392467  0.235991  0.059057  0.450703  0.729136  0.031872  0.430018  0.224846  0.386790  0.521282  0.804924  0.306604  0.000000  0.298304  0.673747  0.815944  0.374766  0.611387  0.582891  0.300309 0.0  0.512388  0.298973  0.029822  0.694349  0.546291  0.496655  0.478360  0.342929  0.418465  0.556563  0.425878  0.416062  0.482322  0.306684  0.265612  0.440331  0.000000  0.253213  0.530221  0.372929  0.014746  0.712361  0.130013  0.886893  0.607664  0.648812  0.597944  0.816014  0.149658  0.663797  0.155597  0.733201  0.784359  0.186201  0.459547  0.829067  0.793833 
25  0.388322  0.450007  0.784657  0.459896  0.118102  0.505777  0.511585  0.349791  0.791344  0.377395  0.246335  0.470319  0.108054  0.264656  0.741304  0.249408  0.263515  0.135566  0.720174  0.457810  0.096495  0.847479  0.917508  0.000000  0.512388 0.0  0.086365  0.419512  0.522539  0.209503  0.736036  0.205670  0.225162  0.172604  0.058679  0.124272  0.238377  0.183284  0.130951  0.316079  0.067778  0.383177  0.426564  0.223369  0.404131  0.247213  0.962776  0.270125  0.612242  0.685649  0.307761  0.963939  0.765615  0.533186  0.222199  0.377856  0.733521  0.775319  0.466404  0.096397  0.501385  0.493079 
26  0.246618  0.377994  0.789881  0.370298  0.000000  0.497494  0.310666  0.405761  0.732191  0.247161  0.180001  0.409180  0.072698  0.119295  0.838347  0.407890  0.267028  0.186478  0.757671  0.629815  0.026089  0.771532  0.753763  0.133289  0.298973  0.086365 0.0  0.272884  0.582222  0.010821  0.751151  0.175887  0.066362  0.055590  0.155872  0.134409  0.013831  0.046746  0.238150  0.313564  0.091536  0.213145  0.298468  0.124130  0.260032  0.360687  0.679635  0.463848  0.477476  0.703521  0.385276  0.688676  0.790693  0.271309  0.457431  0.358355  0.795018  0.824759  0.343877  0.032232  0.680775  0.606713 
27  0.271276  0.277690  0.977172  0.145641  0.327342  0.067358  0.126478  0.322779  0.764896  0.245515  0.181863  0.013816  0.400196  0.368038  0.815762  0.340107  0.157877  0.370527  0.767254  0.683711  0.299750  0.489238  0.571131  0.378817  0.029822  0.419512  0.272884 0.0  0.663466  0.366693  0.566463  0.332670  0.373156  0.255325  0.335064  0.427773  0.306350  0.366003  0.365808  0.277569  0.315894  0.000000  0.164910  0.267789  0.482640  0.202508  0.450517  0.315580  0.806317  0.629561  0.657062  0.451810  0.704363  0.060196  0.495128  0.052807  0.902800  0.874654  0.104539  0.331549  0.784528  0.775030 
28  0.766012  0.679638  0.399341  0.807604  0.466453  0.775584  0.883768  0.926882  0.902381  0.818020  0.651290  0.825288  0.608120  0.588377  0.514071  0.924782  0.805453  0.492097  0.267096  0.651987  0.443342  0.389794  0.332947  0.415356  0.694349  0.522539  0.582222  0.663466 0.0  0.416334  0.724569  0.534062  0.538214  0.280653  0.553302  0.563877  0.521679  0.581599  0.676396  0.721667  0.550476  0.633676  0.699983  0.413289  0.809186  0.761157  0.380942  0.846623  0.489517  0.256086  0.404994  0.261149  0.439436  0.732584  0.383735  0.772846  0.456708  0.328154  0.762747  0.527909  0.202963  0.148805 
29  0.344438  0.507293  0.771074  0.357106  0.030417  0.488725  0.515573  0.329396  0.830092  0.256699  0.302357  0.417187  0.125173  0.266284  0.767191  0.202431  0.282287  0.032128  0.725510  0.494505  0.053582  0.831236  0.890757  0.102046  0.546291  0.209503  0.010821  0.366693  0.416334 0.0  0.721331  0.233039  0.289552  0.209215  0.191567  0.054892  0.185772  0.229388  0.000000  0.276229  0.148970  0.419456  0.443116  0.292417  0.315696  0.395179  0.919642  0.318097  0.581887  0.790337  0.356177  0.936441  0.828353  0.460361  0.384541  0.422717  0.775263  0.723446  0.475324  0.159430  0.526849  0.486209 
30  0.675297  0.755998  0.908111  0.628528  0.723044  0.357088  0.535080  0.705780  0.291626  0.632687  0.642240  0.415662  0.729652  0.756325  0.755991  0.758431  0.626969  0.708873  0.726475  0.391554  0.698143  0.570142  0.509046  0.836283  0.496655  0.736036  0.751151  0.566463  0.724569  0.721331 0.0  0.810880  0.719148  0.787388  0.790917  0.838126  0.755603  0.818104  0.775603  0.594529  0.794961  0.544235  0.419340  0.694746  0.821721  0.624714  0.487398  0.573087  0.445541  0.742641  0.645209  0.476402  0.696885  0.411356  0.539703  0.424662  0.760996  0.851697  0.519632  0.615447  0.650080  0.798247 
31  0.346003  0.378157  0.695476  0.403987  0.042576  0.440697  0.533218  0.220885  0.848649  0.440855  0.404861  0.328210  0.021278  0.261134  0.702861  0.256896  0.276212  0.185624  0.690835  0.390836  0.099087  0.870125  0.944232  0.000000  0.478360  0.205670  0.175887  0.332670  0.534062  0.233039  0.810880 0.0  0.223230  0.251665  0.231606  0.181300  0.232311  0.258561  0.000000  0.330112  0.229066  0.351714  0.421045  0.200031  0.331330  0.371965  0.883874  0.255893  0.531792  0.719093  0.467217  0.931623  0.807951  0.491190  0.258257  0.450473  0.773522  0.796111  0.431522  0.217454  0.468120  0.594681 
32  0.183792  0.432191  0.800079  0.342651  0.170545  0.485617  0.430409  0.259584  0.749558  0.375892  0.241430  0.508179  0.078471  0.225418  0.778490  0.280844  0.335327  0.142241  0.734493  0.479118  0.000000  0.826422  0.888210  0.170989  0.342929  0.225162  0.066362  0.373156  0.538214  0.289552  0.719148  0.223230 0.0  0.222509  0.183405  0.128809  0.215676  0.264085  0.127430  0.333715  0.230348  0.364009  0.480244  0.229997  0.310173  0.358268  0.878210  0.364931  0.614467  0.660332  0.415732  0.878058  0.723270  0.410391  0.355351  0.429388  0.800903  0.838297  0.468116  0.289459  0.474819  0.444334 
33  0.194231  0.472187  0.782982  0.322540  0.073386  0.451939  0.612897  0.352640  0.795537  0.330403  0.429294  0.507284  0.078207  0.332747  0.765039  0.343129  0.282841  0.043366  0.800729  0.478495  0.184586  0.894367  0.860749  0.000000  0.418465  0.172604  0.055590  0.255325  0.280653  0.209215  0.787388  0.251665  0.222509 0.0  0.159006  0.118926  0.203395  0.224029  0.107661  0.226584  0.156142  0.334133  0.431694  0.244516  0.315767  0.293818  0.839426  0.316822  0.571748  0.704167  0.305754  0.775983  0.780535  0.476664  0.286082  0.378344  0.737354  0.826309  0.454122  0.324098  0.487607  0.438168 
34  0.319463  0.507203  0.715682  0.545242  0.105236  0.481063  0.382541  0.285913  0.792209  0.286287  0.297981  0.487048  0.105299  0.112885  0.733333  0.336873  0.306330  0.089185  0.710794  0.604460  0.097994  0.889835  0.823901  0.136551  0.556563  0.058679  0.155872  0.335064  0.553302  0.191567  0.790917  0.231606  0.183405  0.159006 0.0  0.079316  0.237071  0.145779  0.002825  0.241707  0.080932  0.385112  0.497593  0.191719  0.268876  0.341797  0.863815  0.367942  0.707329  0.752793  0.389301  0.818608  0.641532  0.407640  0.347225  0.462779  0.769625  0.723197  0.483822  0.245600  0.459632  0.526552 
35  0.311426  0.432322  0.865457  0.302740  0.098222  0.333927  0.341878  0.387191  0.722376  0.367735  0.284580  0.320295  0.120028  0.116550  0.791007  0.339639  0.391683  0.062886  0.673722  0.504501  0.180501  0.909909  0.866631  0.070097  0.425878  0.124272  0.134409  0.427773  0.563877  0.054892  0.838126  0.181300  0.128809  0.118926  0.079316 0.0  0.141375  0.157170  0.188296  0.305812  0.094297  0.410467  0.458044  0.104602  0.394762  0.447822  0.888638  0.389294  0.646278  0.647470  0.402429  0.839786  0.835189  0.468991  0.248391  0.467822  0.898177  0.767516  0.434271  0.153947  0.510718  0.541264 
36  0.265366  0.363616  0.856934  0.444450  0.005786  0.530506  0.469826  0.285735  0.817533  0.371328  0.263356  0.439651  0.013764  0.199438  0.786541  0.261413  0.277086  0.023737  0.635883  0.568111  0.134146  0.767223  0.920122  0.058598  0.416062  0.238377  0.013831  0.306350  0.521679  0.185772  0.755603  0.232311  0.215676  0.203395  0.237071  0.141375 0.0  0.162969  0.059695  0.217971  0.195615  0.234542  0.505870  0.215568  0.319281  0.407479  0.895890  0.364658  0.678386  0.823464  0.309585  0.934472  0.780663  0.544396  0.321704  0.559576  0.767860  0.746528  0.484274  0.163620  0.439818  0.507105 
37  0.291002  0.531273  0.740330  0.482076  0.063178  0.365064  0.556694  0.246821  0.809754  0.386899  0.462359  0.463866  0.000000  0.244290  0.712575  0.416057  0.329665  0.031834  0.673509  0.378032  0.086086  0.827709  0.873580  0.000000  0.482322  0.183284  0.046746  0.366003  0.581599  0.229388  0.818104  0.258561  0.264085  0.224029  0.145779  0.157170  0.162969 0.0  0.001777  0.192515  0.106911  0.391517  0.436503  0.188405  0.416416  0.331435  0.774214  0.221075  0.675568  0.749304  0.310668  0.849596  0.710803  0.432656  0.229430  0.392666  0.745674  0.740430  0.497255  0.187645  0.478570  0.430271 
38  0.294785  0.393666  0.853212  0.434040  0.035079  0.346615  0.304100  0.446469  0.844228  0.333641  0.226885  0.485982  0.194286  0.086753  0.900555  0.412245  0.357529  0.168513  0.753896  0.556858  0.090204  0.866010  0.803713  0.055119  0.306684  0.130951  0.238150  0.365808  0.676396  0.000000  0.775603  0.000000  0.127430  0.107661  0.002825  0.188296  0.059695  0.001777 0.0  0.237043  0.114723  0.379585  0.249120  0.077669  0.290148  0.335540  0.794645  0.291057  0.532586  0.710783  0.417956  0.779178  0.911181  0.350879  0.403278  0.297499  0.930426  0.822740  0.332086  0.097562  0.637424  0.576889 
39  0.279623  0.200081  0.675332  0.324895  0.255890  0.196871  0.204300  0.305519  0.680100  0.345906  0.187623  0.274384  0.393651  0.162178  0.742655  0.294294  0.408419  0.332592  0.701226  0.613343  0.383936  0.694033  0.632396  0.326328  0.265612  0.316079  0.313564  0.277569  0.721667  0.276229  0.594529  0.330112  0.333715  0.226584  0.241707  0.305812  0.217971  0.192515  0.237043 0.0  0.337918  0.371435  0.263508  0.246026  0.266425  0.269618  0.713655  0.202539  0.752052  0.678504  0.557791  0.653095  0.627487  0.326469  0.454314  0.309910  0.713208  0.713002  0.282715  0.131618  0.748773  0.710282 
40  0.140323  0.530825  0.709637  0.394406  0.000000  0.484523  0.549328  0.305894  0.749647  0.411249  0.274032  0.433069  0.108166  0.113641  0.743517  0.288241  0.233007  0.000000  0.665221  0.561772  0.171837  0.796677  0.930294  0.074060  0.440331  0.067778  0.091536  0.315894  0.550476  0.148970  0.794961  0.229066  0.230348  0.156142  0.080932  0.094297  0.195615  0.106911  0.114723  0.337918 0.0  0.248698  0.566017  0.218904  0.380993  0.337766  0.791960  0.363220  0.613286  0.795151  0.364517  0.914027  0.670388  0.555514  0.321483  0.427918  0.813412  0.665134  0.487920  0.242314  0.478723  0.496179 
41  0.252109  0.354582  0.815203  0.226652  0.521319  0.102995  0.028244  0.425757  0.751516  0.070002  0.242778  0.000000  0.249314  0.445299  0.714595  0.435118  0.038257  0.447307  0.732072  0.743920  0.561802  0.420646  0.460112  0.402894  0.000000  0.383177  0.213145  0.000000  0.633676  0.419456  0.544235  0.351714  0.364009  0.334133  0.385112  0.410467  0.234542  0.391517  0.379585  0.371435  0.248698 0.0  0.120863  0.318263  0.394466  0.051814  0.520591  0.069583  0.735280  0.724764  0.662088  0.514117  0.742825  0.055794  0.482107  0.057370  0.751176  0.629383  0.117886  0.370324  0.731156  0.744372 
42  0.359754  0.411192  0.776461  0.118712  0.270169  0.249611  0.155566  0.324522  0.814667  0.055537  0.487870  0.244048  0.350960  0.478877  0.726096  0.401485  0.072571  0.402279  0.736925  0.779320  0.313362  0.584211  0.656220  0.440791  0.253213  0.426564  0.298468  0.164910  0.699983  0.443116  0.419340  0.421045  0.480244  0.431694  0.497593  0.458044  0.505870  0.436503  0.249120  0.263508  0.566017  0.120863 0.0  0.601659  0.494266  0.020947  0.643887  0.000000  0.939205  0.585962  0.549509  0.577304  0.882290  0.198672  0.603038  0.155596  0.684602  0.776478  0.200675  0.543671  0.707413  0.696657 
43  0.170572  0.531524  0.817307  0.382472  0.047599  0.590270  0.436932  0.317450  0.719823  0.341388  0.382177  0.482429  0.087920  0.322796  0.745995  0.416065  0.328944  0.075449  0.797896  0.413537  0.131645  0.842123  0.843943  0.097488  0.530221  0.223369  0.124130  0.267789  0.413289  0.292417  0.694746  0.200031  0.229997  0.244516  0.191719  0.104602  0.215568  0.188405  0.077669  0.246026  0.218904  0.318263  0.601659 0.0  0.371335  0.391379  0.805137  0.381721  0.728463  0.702670  0.389760  0.888819  0.838618  0.460950  0.391085  0.429018  0.807603  0.660565  0.334087  0.119149  0.488824  0.500939 
44  0.259221  0.215693  0.662466  0.306210  0.266434  0.464893  0.199191  0.000000  0.433998  0.421064  0.165745  0.303772  0.322384  0.361828  0.467624  0.330988  0.443391  0.326120  0.520864  0.745130  0.297882  0.803409  0.680699  0.495075  0.372929  0.404131  0.260032  0.482640  0.809186  0.315696  0.821721  0.331330  0.310173  0.315767  0.268876  0.394762  0.319281  0.416416  0.290148  0.266425  0.380993  0.394466  0.494266  0.371335 0.0  0.345330  0.764698  0.400246  0.719468  0.651707  0.569685  0.842840  0.544420  0.306496  0.498262  0.393888  0.348620  0.621723  0.425290  0.266747  0.789943  0.802813 
45  0.356978  0.225883  0.855358  0.176928  0.285215  0.000000  0.096269  0.307645  0.777679  0.277835  0.076720  0.018966  0.365986  0.161208  0.691320  0.290959  0.165168  0.291981  0.691765  0.718250  0.376204  0.511945  0.370986  0.371006  0.014746  0.247213  0.360687  0.202508  0.761157  0.395179  0.624714  0.371965  0.358268  0.293818  0.341797  0.447822  0.407479  0.331435  0.335540  0.269618  0.337766  0.051814  0.020947  0.391379  0.345330 0.0  0.579968  0.296255  0.785348  0.645404  0.617686  0.509222  0.668784  0.013404  0.502384  0.123726  0.697487  0.948665  0.000000  0.359107  0.858615  0.859031 
46  0.640898  0.889616  0.341330  0.595359  0.857212  0.690427  0.601901  0.709529  0.782651  0.514526  0.745661  0.653011  0.655288  0.879338  0.343019  0.752275  0.430005  0.832101  0.289665  0.650046  0.859866  0.117684  0.115295  0.775725  0.712361  0.962776  0.679635  0.450517  0.380942  0.919642  0.487398  0.883874  0.878210  0.839426  0.863815  0.888638  0.895890  0.774214  0.794645  0.713655  0.791960  0.520591  0.643887  0.805137  0.764698  0.579968 0.0  0.541606  0.962462  0.259094  0.752378  0.071889  0.312207  0.483357  0.508513  0.658921  0.249444  0.384804  0.657222  0.851590  0.331256  0.418375 
47  0.274445  0.314147  0.839010  0.201078  0.366204  0.000000  0.111669  0.387369  0.808168  0.189582  0.186072  0.075386  0.360493  0.299987  0.703036  0.296233  0.253671  0.418510  0.723665  0.757110  0.302748  0.521424  0.532808  0.510777  0.130013  0.270125  0.463848  0.315580  0.846623  0.318097  0.573087  0.255893  0.364931  0.316822  0.367942  0.389294  0.364658  0.221075  0.291057  0.202539  0.363220  0.069583  0.000000  0.381721  0.400246  0.296255  0.541606 0.0  0.697043  0.666322  0.531177  0.450004  0.791137  0.059460  0.471602  0.000000  0.833355  0.987339  0.032659  0.290298  0.687646  0.821350 
48  0.676114  0.906011  0.673806  0.784735  0.482724  0.828335  0.803834  0.793485  0.264330  0.772653  0.751019  0.876471  0.554168  0.661972  0.666421  0.755908  0.689259  0.512602  0.720067  0.035570  0.541999  0.900895  1.000000  0.528998  0.886893  0.612242  0.477476  0.806317  0.489517  0.581887  0.445541  0.531792  0.614467  0.571748  0.707329  0.646278  0.678386  0.675568  0.532586  0.752052  0.613286  0.735280  0.939205  0.728463  0.719468  0.785348  0.962462  0.697043 0.0  0.673133  0.369104  0.890402  0.745026  0.899195  0.271899  0.861673  0.741493  0.885159  0.970568  0.535994  0.393293  0.423245 
49  0.749178  0.823548  0.136599  0.691020  0.702390  0.627891  0.697082  0.649364  0.644412  0.729025  0.664670  0.739931  0.750340  0.597399  0.205657  0.688704  0.652629  0.632340  0.291699  0.679556  0.632506  0.200576  0.280891  0.693393  0.607664  0.685649  0.703521  0.629561  0.256086  0.790337  0.742641  0.719093  0.660332  0.704167  0.752793  0.647470  0.823464  0.749304  0.710783  0.678504  0.795151  0.724764  0.585962  0.702670  0.651707  0.645404  0.259094  0.666322  0.673133 0.0  0.582301  0.283160  0.327412  0.696225  0.520353  0.734079  0.282090  0.243813  0.595276  0.685861  0.335645  0.293489 
50  0.530374  0.649280  0.541714  0.674577  0.377758  0.731895  0.720242  0.731728  0.641228  0.611514  0.535645  0.595053  0.285897  0.299513  0.697427  0.475900  0.537122  0.285299  0.434804  0.302977  0.328671  0.617852  0.623993  0.407423  0.648812  0.307761  0.385276  0.657062  0.404994  0.356177  0.645209  0.467217  0.415732  0.305754  0.389301  0.402429  0.309585  0.310668  0.417956  0.557791  0.364517  0.662088  0.549509  0.389760  0.569685  0.617686  0.752378  0.531177  0.369104  0.582301 0.0  0.660295  0.545250  0.582915  0.302791  0.601551  0.563142  0.577439  0.525151  0.372188  0.303322  0.372687 
51  0.677654  0.959291  0.343502  0.536631  0.704991  0.649606  0.590710  0.815800  0.816902  0.605702  0.696257  0.628151  0.689205  0.876923  0.346010  0.654166  0.485587  0.786952  0.177122  0.781458  0.819274  0.153204  0.238774  0.754602  0.597944  0.963939  0.688676  0.451810  0.261149  0.936441  0.476402  0.931623  0.878058  0.775983  0.818608  0.839786  0.934472  0.849596  0.779178  0.653095  0.914027  0.514117  0.577304  0.888819  0.842840  0.509222  0.071889  0.450004  0.890402  0.283160  0.660295 0.0  0.349218  0.638922  0.582237  0.647260  0.436388  0.361770  0.605423  0.843456  0.384662  0.430565 
52  0.696720  0.760974  0.140358  0.852399  0.791543  0.782104  0.740199  0.574745  0.622151  0.718219  0.697888  0.690667  0.958006  0.861883  0.160847  0.792391  0.715231  0.836901  0.309682  0.836458  0.689732  0.299340  0.336651  0.777798  0.816014  0.765615  0.790693  0.704363  0.439436  0.828353  0.696885  0.807951  0.723270  0.780535  0.641532  0.835189  0.780663  0.710803  0.911181  0.627487  0.670388  0.742825  0.882290  0.838618  0.544420  0.668784  0.312207  0.791137  0.745026  0.327412  0.545250  0.349218 0.0  0.747690  0.792408  0.695598  0.213995  0.066022  0.725978  0.725900  0.585606  0.515705 
53  0.343768  0.519930  0.741345  0.184690  0.386371  0.180092  0.220998  0.296205  0.737508  0.053745  0.271149  0.133283  0.297070  0.418831  0.639289  0.306010  0.014170  0.265943  0.700928  0.673847  0.322337  0.719850  0.609403  0.287600  0.149658  0.533186  0.271309  0.060196  0.732584  0.460361  0.411356  0.491190  0.410391  0.476664  0.407640  0.468991  0.544396  0.432656  0.350879  0.326469  0.555514  0.055794  0.198672  0.460950  0.306496  0.013404  0.483357  0.059460  0.899195  0.696225  0.582915  0.638922  0.747690 0.0  0.586802  0.173665  0.703137  0.765864  0.188512  0.524794  0.701013  0.776424 
54  0.528879  0.530437  0.716229  0.722431  0.146969  0.551787  0.569164  0.566876  0.681534  0.442214  0.353617  0.518417  0.351890  0.134975  0.784998  0.639432  0.460565  0.342229  0.474941  0.457319  0.349373  0.539285  0.540838  0.236912  0.663797  0.222199  0.457431  0.495128  0.383735  0.384541  0.539703  0.258257  0.355351  0.286082  0.347225  0.248391  0.321704  0.229430  0.403278  0.454314  0.321483  0.482107  0.603038  0.391085  0.498262  0.502384  0.508513  0.471602  0.271899  0.520353  0.302791  0.582237  0.792408  0.586802 0.0  0.593644  0.736034  0.596337  0.657206  0.283006  0.398451  0.416422 
55  0.344681  0.343665  0.652931  0.190920  0.383020  0.198182  0.190402  0.341601  0.709123  0.090060  0.270420  0.223048  0.309586  0.509941  0.878457  0.352913  0.083432  0.379530  0.762170  0.812254  0.288458  0.552722  0.637821  0.336225  0.155597  0.377856  0.358355  0.052807  0.772846  0.422717  0.424662  0.450473  0.429388  0.378344  0.462779  0.467822  0.559576  0.392666  0.297499  0.309910  0.427918  0.057370  0.155596  0.429018  0.393888  0.123726  0.658921  0.000000  0.861673  0.734079  0.601551  0.647260  0.695598  0.173665  0.593644 0.0  0.742864  0.691398  0.131945  0.671321  0.801185  0.675502 
56  0.726974  0.870946  0.085450  0.773605  0.852374  0.686328  0.742396  0.668322  0.690846  0.709754  0.536902  0.710027  0.908668  0.810410  0.171374  0.887623  0.703705  0.916994  0.269633  0.738838  0.658548  0.189353  0.328398  0.804541  0.733201  0.733521  0.795018  0.902800  0.456708  0.775263  0.760996  0.773522  0.800903  0.737354  0.769625  0.898177  0.767860  0.745674  0.930426  0.713208  0.813412  0.751176  0.684602  0.807603  0.348620  0.697487  0.249444  0.833355  0.741493  0.282090  0.563142  0.436388  0.213995  0.703137  0.736034  0.742864 0.0  0.000000  0.702348  0.738496  0.448387  0.427382 
57  0.625955  0.678587  0.187494  0.880503  0.745868  0.754224  0.719357  0.370737  0.548028  0.789690  0.672026  0.818298  0.795440  0.749816  0.111305  0.869305  0.924651  0.652291  0.342730  0.753818  0.844770  0.246204  0.196588  0.890450  0.784359  0.775319  0.824759  0.874654  0.328154  0.723446  0.851697  0.796111  0.838297  0.826309  0.723197  0.767516  0.746528  0.740430  0.822740  0.713002  0.665134  0.629383  0.776478  0.660565  0.621723  0.948665  0.384804  0.987339  0.885159  0.243813  0.577439  0.361770  0.066022  0.765864  0.596337  0.691398  0.000000 0.0  0.749936  0.792181  0.304927  0.220927 
58  0.250336  0.520646  0.735611  0.127681  0.303845  0.091065  0.160186  0.309464  0.788540  0.094233  0.258358  0.101868  0.420454  0.461634  0.815839  0.287437  0.035968  0.256792  0.598932  0.803693  0.274482  0.632482  0.614538  0.253087  0.186201  0.466404  0.343877  0.104539  0.762747  0.475324  0.519632  0.431522  0.468116  0.454122  0.483822  0.434271  0.484274  0.497255  0.332086  0.282715  0.487920  0.117886  0.200675  0.334087  0.425290  0.000000  0.657222  0.032659  0.970568  0.595276  0.525151  0.605423  0.725978  0.188512  0.657206  0.131945  0.702348  0.749936 0.0  0.329508  0.645624  0.770073 
59  0.130499  0.445264  0.778411  0.445746  0.118147  0.382828  0.569443  0.396622  0.648059  0.345787  0.375442  0.339614  0.000000  0.210112  0.837299  0.324858  0.382321  0.002870  0.698167  0.519197  0.067282  0.854960  0.871708  0.081611  0.459547  0.096397  0.032232  0.331549  0.527909  0.159430  0.615447  0.217454  0.289459  0.324098  0.245600  0.153947  0.163620  0.187645  0.097562  0.131618  0.242314  0.370324  0.543671  0.119149  0.266747  0.359107  0.851590  0.290298  0.535994  0.685861  0.372188  0.843456  0.725900  0.524794  0.283006  0.671321  0.738496  0.792181  0.329508 0.0  0.484368  0.552085 
60  0.664484  0.673531  0.319714  0.867977  0.448045  0.777885  0.779559  0.950667  0.994967  0.787277  0.626758  0.761989  0.485710  0.529443  0.463907  0.840812  0.762633  0.614580  0.209111  0.642753  0.450771  0.317890  0.390911  0.597552  0.829067  0.501385  0.680775  0.784528  0.202963  0.526849  0.650080  0.468120  0.474819  0.487607  0.459632  0.510718  0.439818  0.478570  0.637424  0.748773  0.478723  0.731156  0.707413  0.488824  0.789943  0.858615  0.331256  0.687646  0.393293  0.335645  0.303322  0.384662  0.585606  0.701013  0.398451  0.801185  0.448387  0.304927  0.645624  0.484368 0.0  0.174791 
61  0.759340  0.798144  0.266504  0.836915  0.476019  0.795874  0.740037  0.945198  0.875797  0.773152  0.541665  0.652969  0.743978  0.502776  0.453951  0.850239  0.658594  0.526674  0.179596  0.619034  0.547709  0.285241  0.420014  0.443973  0.793833  0.493079  0.606713  0.775030  0.148805  0.486209  0.798247  0.594681  0.444334  0.438168  0.526552  0.541264  0.507105  0.430271  0.576889  0.710282  0.496179  0.744372  0.696657  0.500939  0.802813  0.859031  0.418375  0.821350  0.423245  0.293489  0.372687  0.430565  0.515705  0.776424  0.416422  0.675502  0.427382  0.220927  0.770073  0.552085  0.174791 0.0 
