62
0 0.0  0.214808  0.653410  0.275181  0.254592  0.368597  0.234199  0.191560  0.651660  0.314698  0.165294  0.345066  0.254174  0.271074  0.682557  0.325528  0.325821  0.280900  0.619703  0.711973  0.254694  0.737479  0.665459  0.192214  0.258530  0.268089  0.318507  0.261305  0.713758  0.235797  0.632398  0.203996  0.283739  0.306464  0.208030  0.290561  0.334222  0.311354  0.168503  0.233908  0.256748  0.260251  0.281026  0.335157  0.348379  0.190157  0.726231  0.185347  0.726159  0.691022  0.423325  0.690635  0.605147  0.270585  0.339298  0.311211  0.710490  0.693606  0.303364  0.278496  0.674756  0.614406 
1  0.214808 0.0  0.711624  0.463691  0.446422  0.385964  0.471634  0.407879  0.820650  0.357098  0.373923  0.427025  0.322908  0.448624  0.710952  0.007275  0.408945  0.327675  0.662060  0.707312  0.274841  0.905875  0.856070  0.308949  0.447568  0.345396  0.322485  0.290701  0.713605  0.490676  0.789893  0.439301  0.401833  0.492030  0.527423  0.423458  0.466306  0.488279  0.394077  0.313456  0.448881  0.343375  0.453918  0.497626  0.361413  0.236661  0.940360  0.255867  0.934894  0.620835  0.701777  0.841760  0.756871  0.414336  0.596731  0.447376  0.775860  0.804658  0.405489  0.509432  0.714730  0.830932 
2  0.653410  0.711624 0.0  0.715408  0.758261  0.731387  0.666539  0.448991  0.451573  0.890711  0.603046  0.703053  0.846262  0.788590  0.054554  0.671543  0.931563  0.804157  0.263205  0.796805  0.761393  0.367272  0.329223  0.902966  0.726272  0.746430  0.746183  0.904826  0.407306  0.797156  0.904689  0.813382  0.587611  0.710338  0.729378  0.870138  0.749511  0.773793  0.732064  0.640601  0.754975  0.773003  0.666599  0.695811  0.562846  0.916997  0.260044  0.989557  0.705458  0.299160  0.696138  0.367055  0.005493  0.780439  0.490672  0.670623  0.034950  0.192436  0.753944  0.869554  0.366586  0.405515 
3  0.275181  0.463691  0.715408 0.0  0.426330  0.215386  0.106426  0.382481  0.779205  0.140967  0.301630  0.090734  0.409902  0.252149  0.682676  0.411637  0.060121  0.389324  0.583571  0.878959  0.352610  0.547930  0.579519  0.389445  0.054146  0.479711  0.502215  0.115531  0.810471  0.353775  0.519590  0.339055  0.416501  0.394129  0.502192  0.399855  0.357976  0.370427  0.445652  0.303310  0.536871  0.195026  0.178322  0.385570  0.386746  0.182303  0.591277  0.214751  0.766381  0.685723  0.635918  0.600311  0.764818  0.070798  0.623771  0.034681  0.857304  0.850309  0.171793  0.511332  0.726864  0.721648 
4  0.254592  0.446422  0.758261  0.426330 0.0  0.271397  0.344545  0.433072  0.798031  0.384220  0.207942  0.255231  0.056596  0.091206  0.777464  0.280014  0.361404  0.000000  0.603301  0.471740  0.226907  0.731829  0.782944  0.000000  0.277467  0.014360  0.011913  0.321488  0.459685  0.055738  0.721958  0.104640  0.128665  0.069173  0.044748  0.151502  0.115686  0.080521  0.137591  0.334200  0.171698  0.427601  0.182018  0.028508  0.453008  0.303979  0.638049  0.285831  0.555976  0.730224  0.360837  0.803628  0.713466  0.284712  0.381199  0.276598  0.750003  0.774541  0.257091  0.091668  0.546715  0.485940 
5  0.368597  0.385964  0.731387  0.215386  0.271397 0.0  0.127982  0.298466  0.810344  0.035077  0.347205  0.237492  0.233154  0.443095  0.738086  0.347231  0.068134  0.302723  0.694783  0.777749  0.282422  0.581183  0.540120  0.311285  0.153666  0.549137  0.291054  0.034852  0.717473  0.470767  0.475121  0.462821  0.472960  0.419604  0.447751  0.403298  0.410777  0.472816  0.351351  0.351027  0.531238  0.006546  0.164007  0.504066  0.315636  0.000000  0.515827  0.000000  0.766898  0.597430  0.608154  0.600542  0.708796  0.196056  0.525809  0.102269  0.740591  0.750142  0.192482  0.348077  0.724594  0.686423 
6  0.234199  0.471634  0.666539  0.106426  0.344545  0.127982 0.0  0.295645  0.718470  0.094180  0.245877  0.263302  0.252525  0.405505  0.709161  0.293759  0.095393  0.327892  0.619744  0.722406  0.229234  0.585039  0.622080  0.267407  0.258840  0.468556  0.319201  0.070629  0.706203  0.501241  0.489453  0.386643  0.419115  0.413273  0.471738  0.386378  0.449963  0.481269  0.315606  0.267733  0.517149  0.067031  0.167064  0.534450  0.316109  0.065762  0.624086  0.000000  0.809813  0.657336  0.596967  0.627385  0.802481  0.175030  0.516862  0.153839  0.739247  0.715917  0.168373  0.503460  0.800003  0.816628 
7  0.191560  0.407879  0.448991  0.382481  0.433072  0.298466  0.295645 0.0  0.525128  0.377665  0.198401  0.408234  0.406824  0.382370  0.605021  0.376163  0.332844  0.457903  0.686017  0.791074  0.237453  0.753446  0.753358  0.387381  0.333427  0.232867  0.601582  0.315695  0.813549  0.400103  0.741544  0.416767  0.366664  0.354446  0.283673  0.484524  0.315812  0.267667  0.454870  0.277803  0.254810  0.348452  0.325432  0.365965  0.071588  0.359851  0.677160  0.207775  0.767816  0.671702  0.626087  0.701200  0.569924  0.392225  0.719454  0.325850  0.514447  0.535977  0.233466  0.318416  0.897112  0.762707 
8  0.651660  0.820650  0.451573  0.779205  0.798031  0.810344  0.718470  0.525128 0.0  0.648276  0.631235  0.717720  0.807308  0.678564  0.591511  0.840673  0.727119  0.806570  0.706452  0.564954  0.802302  0.661833  0.726694  0.784633  0.773880  0.738831  0.959847  0.765427  0.962465  0.760288  0.230723  0.768597  0.720347  0.665053  0.733741  0.813679  0.661191  0.728776  0.847895  0.630417  0.750670  0.765696  0.765627  0.688086  0.419426  0.676707  0.730827  0.693585  0.354443  0.621408  0.668891  0.729448  0.612969  0.747394  0.696839  0.746536  0.555335  0.469693  0.807869  0.730215  0.793091  0.831640 
9  0.314698  0.357098  0.890711  0.140967  0.384220  0.035077  0.094180  0.377665  0.648276 0.0  0.128776  0.083207  0.350266  0.354755  0.696131  0.327987  0.170056  0.328313  0.655732  0.836115  0.458527  0.585501  0.463446  0.537970  0.000000  0.202187  0.373071  0.146321  0.702175  0.374781  0.510148  0.336600  0.364050  0.409222  0.314450  0.311405  0.273680  0.390005  0.386555  0.265068  0.331626  0.121897  0.036896  0.390649  0.417308  0.131134  0.446109  0.172949  0.629664  0.680464  0.626708  0.525002  0.716020  0.071401  0.569573  0.000000  0.828569  0.815093  0.000000  0.360825  0.684899  0.733462 
10  0.165294  0.373923  0.603046  0.301630  0.207942  0.347205  0.245877  0.198401  0.631235  0.128776 0.0  0.354703  0.192945  0.245420  0.591632  0.088656  0.152213  0.201904  0.679602  0.655268  0.327100  0.762584  0.675489  0.193193  0.315221  0.288267  0.359572  0.104494  0.532755  0.344415  0.695844  0.286757  0.274954  0.348836  0.439656  0.270894  0.309105  0.207737  0.213199  0.203998  0.403894  0.257740  0.226688  0.390748  0.190051  0.240165  0.808813  0.101514  0.751372  0.620881  0.410082  0.676325  0.542723  0.290282  0.455076  0.389953  0.409763  0.538206  0.331019  0.483673  0.609581  0.574662 
11  0.345066  0.427025  0.703053  0.090734  0.255231  0.237492  0.263302  0.408234  0.717720  0.083207  0.354703 0.0  0.199717  0.542632  0.746239  0.246042  0.147165  0.292940  0.708687  0.755040  0.369313  0.633680  0.657919  0.280919  0.229191  0.485349  0.294811  0.026560  0.733409  0.475997  0.493311  0.445648  0.366038  0.400570  0.415871  0.468139  0.357534  0.390873  0.319361  0.240990  0.454530  0.102404  0.161058  0.425721  0.366414  0.092660  0.607427  0.145511  0.761849  0.684550  0.643168  0.548090  0.854184  0.211003  0.571333  0.265942  0.700493  0.822804  0.194599  0.509689  0.708309  0.727267 
12  0.254174  0.322908  0.846262  0.409902  0.056596  0.233154  0.252525  0.406824  0.807308  0.350266  0.192945  0.199717 0.0  0.102251  0.922083  0.488974  0.334942  0.117474  0.622993  0.585010  0.053301  0.763888  0.699610  0.000000  0.351207  0.040048  0.274319  0.383614  0.508955  0.056519  0.789305  0.020726  0.104775  0.016009  0.143999  0.189667  0.073475  0.059418  0.282087  0.340395  0.042732  0.310624  0.375641  0.135989  0.284146  0.392395  0.746555  0.238963  0.543066  0.579265  0.328692  0.676706  0.827716  0.316167  0.501003  0.370684  0.913239  0.619596  0.419387  0.010442  0.561973  0.600085 
13  0.271074  0.448624  0.788590  0.252149  0.091206  0.443095  0.405505  0.382370  0.678564  0.354755  0.245420  0.542632  0.102251 0.0  0.720284  0.445161  0.324256  0.058104  0.712383  0.473104  0.094563  0.961575  0.837814  0.070283  0.444512  0.068280  0.068087  0.326213  0.485125  0.193877  0.739574  0.034520  0.215940  0.203754  0.143320  0.171505  0.249633  0.250490  0.118483  0.304523  0.253049  0.324444  0.499058  0.231955  0.355479  0.401445  0.826543  0.367524  0.466180  0.759709  0.263557  0.848578  0.641700  0.424949  0.246505  0.482419  0.715624  0.770537  0.491715  0.143055  0.464635  0.518305 
14  0.682557  0.710952  0.054554  0.682676  0.777464  0.738086  0.709161  0.605021  0.591511  0.696131  0.591632  0.746239  0.922083  0.720284 0.0  0.892829  0.743519  0.910180  0.290177  0.843330  0.710823  0.364005  0.330290  0.733022  0.910493  0.773891  0.810269  0.687536  0.441361  0.728046  0.758066  0.734669  0.677086  0.702399  0.606242  0.893586  0.688330  0.720164  0.794151  0.763615  0.762542  0.671411  0.707037  0.736198  0.463970  0.773514  0.333873  0.746498  0.892627  0.391864  0.626176  0.444062  0.175453  0.813906  0.606070  0.688815  0.182036  0.041251  0.822878  0.705223  0.438754  0.515789 
15  0.325528  0.007275  0.671543  0.411637  0.280014  0.347231  0.293759  0.376163  0.840673  0.327987  0.088656  0.246042  0.488974  0.445161  0.892829 0.0  0.378420  0.477991  0.709079  0.890488  0.352700  0.696145  0.749514  0.324142  0.355559  0.309420  0.561206  0.370968  0.900165  0.308429  0.711488  0.289305  0.359200  0.294155  0.353237  0.448743  0.315337  0.428238  0.358685  0.409095  0.308157  0.288184  0.379977  0.299630  0.321406  0.272923  0.653554  0.384673  0.690772  0.748535  0.464460  0.706454  0.841002  0.341965  0.708039  0.261154  0.813196  0.762300  0.353877  0.387231  0.895867  0.889607 
16  0.325821  0.408945  0.931563  0.060121  0.361404  0.068134  0.095393  0.332844  0.727119  0.170056  0.152213  0.147165  0.334942  0.324256  0.743519  0.378420 0.0  0.344346  0.671680  0.691565  0.176383  0.425207  0.486916  0.450385  0.072150  0.296664  0.315496  0.207630  0.756897  0.295241  0.545983  0.330403  0.381995  0.377031  0.143807  0.386590  0.288767  0.409708  0.321361  0.266989  0.277771  0.093472  0.127029  0.274338  0.362791  0.201012  0.474865  0.176014  0.714322  0.590062  0.591631  0.594460  0.789180  0.118655  0.561843  0.084595  0.650625  0.860613  0.094642  0.381574  0.716663  0.616501 
17  0.280900  0.327675  0.804157  0.389324  0.000000  0.302723  0.327892  0.457903  0.806570  0.328313  0.201904  0.292940  0.117474  0.058104  0.910180  0.477991  0.344346 0.0  0.658199  0.558029  0.038617  0.586205  0.800073  0.108949  0.403981  0.089283  0.210534  0.318398  0.655249  0.099946  0.731981  0.000000  0.091514  0.041261  0.140715  0.075340  0.002194  0.036221  0.235828  0.165261  0.062842  0.379083  0.272442  0.116870  0.231819  0.333209  0.767930  0.333828  0.490972  0.770054  0.173676  0.801415  0.961536  0.241922  0.419558  0.304964  0.830589  0.813626  0.219438  0.096516  0.637379  0.641738 
18  0.619703  0.662060  0.263205  0.583571  0.603301  0.694783  0.619744  0.686017  0.706452  0.655732  0.679602  0.708687  0.622993  0.712383  0.290177  0.709079  0.671680  0.658199 0.0  0.680477  0.673707  0.331446  0.279722  0.561169  0.651759  0.773124  0.575287  0.712070  0.289832  0.691128  0.680010  0.724180  0.666012  0.622512  0.724527  0.649819  0.596405  0.700429  0.598487  0.653149  0.700936  0.650890  0.678989  0.790434  0.626120  0.736954  0.141028  0.769047  0.581282  0.322743  0.454712  0.202888  0.186439  0.652063  0.344569  0.603384  0.394074  0.336536  0.708024  0.658192  0.219495  0.233919 
19  0.711973  0.707312  0.796805  0.878959  0.471740  0.777749  0.722406  0.791074  0.564954  0.836115  0.655268  0.755040  0.585010  0.473104  0.843330  0.890488  0.691565  0.558029  0.680477 0.0  0.461612  0.795446  0.803447  0.476876  0.710016  0.448265  0.622569  0.804134  0.628971  0.486522  0.336795  0.521316  0.409610  0.494671  0.472334  0.593146  0.404590  0.452397  0.644645  0.585248  0.378639  0.810913  0.703699  0.471047  0.678175  0.759165  0.707241  0.666928  0.056942  0.625464  0.299674  0.737381  0.925237  0.785901  0.357273  0.790708  0.871436  0.746283  0.696648  0.432510  0.557145  0.482353 
20  0.254694  0.274841  0.761393  0.352610  0.226907  0.282422  0.229234  0.237453  0.802302  0.458527  0.327100  0.369313  0.053301  0.094563  0.710823  0.352700  0.176383  0.038617  0.673707  0.461612 0.0  0.730889  0.664078  0.084517  0.327291  0.015206  0.000000  0.304473  0.606547  0.025214  0.845261  0.000000  0.114062  0.084933  0.059030  0.170827  0.115738  0.148651  0.145042  0.237033  0.101720  0.463607  0.417434  0.012030  0.204345  0.394966  0.629712  0.224130  0.613371  0.637177  0.255111  0.708609  0.614942  0.371707  0.253952  0.395439  0.656114  0.663073  0.327398  0.079178  0.495668  0.573170 
21  0.737479  0.905875  0.367272  0.547930  0.731829  0.581183  0.585039  0.753446  0.661833  0.585501  0.762584  0.633680  0.763888  0.961575  0.364005  0.696145  0.425207  0.586205  0.331446  0.795446  0.730889 0.0  0.177629  0.752578  0.514296  0.819467  0.745589  0.482665  0.253446  0.876116  0.488629  0.817282  0.819824  0.799803  0.803121  0.725917  0.991755  0.911667  0.649330  0.664701  0.881819  0.373785  0.627481  0.827416  0.783696  0.429240  0.187187  0.560194  0.865324  0.277613  0.673579  0.236135  0.416203  0.626455  0.501141  0.543869  0.353445  0.183822  0.612296  0.854988  0.344381  0.364516 
22  0.665459  0.856070  0.329223  0.579519  0.782944  0.540120  0.622080  0.753358  0.726694  0.463446  0.675489  0.657919  0.699610  0.837814  0.330290  0.749514  0.486916  0.800073  0.279722  0.803447  0.664078  0.177629 0.0  0.721660  0.574208  0.956131  0.774803  0.524373  0.368616  0.828291  0.502363  0.936752  0.915741  0.824317  0.863495  0.814524  0.816411  0.848479  0.779862  0.662704  0.801927  0.485278  0.639000  0.825667  0.720899  0.487018  0.230936  0.372582  0.868523  0.166752  0.588689  0.143781  0.272158  0.664041  0.450296  0.537948  0.498327  0.407703  0.572882  0.913336  0.378043  0.329110 
23  0.192214  0.308949  0.902966  0.389445  0.000000  0.311285  0.267407  0.387381  0.784633  0.537970  0.193193  0.280919  0.000000  0.070283  0.733022  0.324142  0.450385  0.108949  0.561169  0.476876  0.084517  0.752578  0.721660 0.0  0.284778  0.134949  0.066766  0.453370  0.388386  0.104356  0.834905  0.000000  0.029076  0.035579  0.000000  0.129867  0.037492  0.097398  0.000000  0.190790  0.131351  0.228691  0.387722  0.000000  0.501061  0.452737  0.659261  0.338366  0.513594  0.646777  0.361682  0.727542  0.708030  0.361969  0.315114  0.304718  0.631784  0.884229  0.396643  0.182760  0.485960  0.507866 
24  0.258530  0.447568  0.726272  0.054146  0.277467  0.153666  0.258840  0.333427  0.773880  0.000000  0.315221  0.229191  0.351207  0.444512  0.910493  0.355559  0.072150  0.403981  0.651759  0.710016  0.327291  0.514296  0.574208  0.284778 0.0  0.525481  0.336994  0.024883  0.732118  0.339001  0.564632  0.439619  0.541765  0.423945  0.524616  0.321948  0.429619  0.430583  0.274238  0.230713  0.450942  0.093742  0.121514  0.557686  0.339088  0.144892  0.622857  0.176805  0.803128  0.761566  0.737949  0.588123  0.776525  0.143101  0.513334  0.131492  0.660771  0.859078  0.183094  0.504044  0.739251  0.704292 
25  0.268089  0.345396  0.746430  0.479711  0.014360  0.549137  0.468556  0.232867  0.738831  0.202187  0.288267  0.485349  0.040048  0.068280  0.773891  0.309420  0.296664  0.089283  0.773124  0.448265  0.015206  0.819467  0.956131  0.134949  0.525481 0.0  0.035270  0.259052  0.537619  0.138485  0.718565  0.188910  0.265920  0.266401  0.132393  0.171874  0.182024  0.305496  0.007648  0.356364  0.104128  0.412378  0.445595  0.195569  0.330777  0.382336  0.871533  0.296833  0.678059  0.626795  0.375697  0.883519  0.775342  0.401202  0.287587  0.509209  0.793318  0.841923  0.446104  0.216888  0.608324  0.516702 
26  0.318507  0.322485  0.746183  0.502215  0.011913  0.291054  0.319201  0.601582  0.959847  0.373071  0.359572  0.294811  0.274319  0.068087  0.810269  0.561206  0.315496  0.210534  0.575287  0.622569  0.000000  0.745589  0.774803  0.066766  0.336994  0.035270 0.0  0.297629  0.583332  0.000000  0.762312  0.070009  0.095268  0.095804  0.011600  0.136404  0.085106  0.013773  0.150976  0.209561  0.007473  0.358432  0.395289  0.000000  0.368181  0.307652  0.757976  0.390285  0.555494  0.650062  0.303875  0.741585  0.855088  0.418532  0.292626  0.324120  0.849792  0.781553  0.281888  0.096686  0.562528  0.594825 
27  0.261305  0.290701  0.904826  0.115531  0.321488  0.034852  0.070629  0.315695  0.765427  0.146321  0.104494  0.026560  0.383614  0.326213  0.687536  0.370968  0.207630  0.318398  0.712070  0.804134  0.304473  0.482665  0.524373  0.453370  0.024883  0.259052  0.297629 0.0  0.803279  0.234791  0.653267  0.386369  0.388699  0.323956  0.301972  0.478656  0.320071  0.395284  0.400822  0.350304  0.265557  0.064339  0.000000  0.352602  0.433664  0.204174  0.477454  0.146575  0.760403  0.644501  0.738896  0.418382  0.750952  0.155552  0.508045  0.060844  0.573676  0.860872  0.024465  0.328142  0.715064  0.804487 
28  0.713758  0.713605  0.407306  0.810471  0.459685  0.717473  0.706203  0.813549  0.962465  0.702175  0.532755  0.733409  0.508955  0.485125  0.441361  0.900165  0.756897  0.655249  0.289832  0.628971  0.606547  0.253446  0.368616  0.388386  0.732118  0.537619  0.583332  0.803279 0.0  0.435575  0.718599  0.503571  0.537483  0.481737  0.605508  0.589239  0.449958  0.287218  0.599821  0.628676  0.513253  0.677434  0.747281  0.444979  0.759378  0.923660  0.265876  0.824941  0.513536  0.258963  0.380191  0.394574  0.512882  0.767376  0.538526  0.721573  0.495606  0.411123  0.750142  0.532156  0.159279  0.339464 
29  0.235797  0.490676  0.797156  0.353775  0.055738  0.470767  0.501241  0.400103  0.760288  0.374781  0.344415  0.475997  0.056519  0.193877  0.728046  0.308429  0.295241  0.099946  0.691128  0.486522  0.025214  0.876116  0.828291  0.104356  0.339001  0.138485  0.000000  0.234791  0.435575 0.0  0.696996  0.203924  0.199880  0.246392  0.306552  0.136979  0.258510  0.237767  0.022704  0.275258  0.210152  0.362152  0.450009  0.210121  0.273043  0.273049  0.942799  0.304086  0.593929  0.747484  0.241783  0.862763  0.754823  0.376902  0.243183  0.429570  0.799562  0.711135  0.405802  0.160747  0.380638  0.394024 
30  0.632398  0.789893  0.904689  0.519590  0.721958  0.475121  0.489453  0.741544  0.230723  0.510148  0.695844  0.493311  0.789305  0.739574  0.758066  0.711488  0.545983  0.731981  0.680010  0.336795  0.845261  0.488629  0.502363  0.834905  0.564632  0.718565  0.762312  0.653267  0.718599  0.696996 0.0  0.818706  0.789161  0.668255  0.741810  0.827933  0.834299  0.726158  0.678406  0.749761  0.626498  0.567068  0.542809  0.811635  0.942382  0.619042  0.510548  0.600247  0.425253  0.559503  0.687404  0.449586  0.753187  0.541304  0.560030  0.394745  0.731514  1.000000  0.457374  0.811919  0.724178  0.671036 
31  0.203996  0.439301  0.813382  0.339055  0.104640  0.462821  0.386643  0.416767  0.768597  0.336600  0.286757  0.445648  0.020726  0.034520  0.734669  0.289305  0.330403  0.000000  0.724180  0.521316  0.000000  0.817282  0.936752  0.000000  0.439619  0.188910  0.070009  0.386369  0.503571  0.203924  0.818706 0.0  0.222762  0.220895  0.134354  0.192208  0.168199  0.236762  0.098549  0.282969  0.148842  0.206020  0.497596  0.286829  0.242559  0.329933  0.830489  0.393906  0.632161  0.700116  0.449284  0.891198  0.698153  0.407186  0.397378  0.429889  0.728403  0.725488  0.431685  0.146214  0.390139  0.559237 
32  0.283739  0.401833  0.587611  0.416501  0.128665  0.472960  0.419115  0.366664  0.720347  0.364050  0.274954  0.366038  0.104775  0.215940  0.677086  0.359200  0.381995  0.091514  0.666012  0.409610  0.114062  0.819824  0.915741  0.029076  0.541765  0.265920  0.095268  0.388699  0.537483  0.199880  0.789161  0.222762 0.0  0.135867  0.261673  0.196422  0.118839  0.237131  0.094510  0.283168  0.281565  0.296650  0.436499  0.210071  0.288113  0.315067  0.912631  0.329957  0.594331  0.648518  0.311444  0.828700  0.656227  0.469937  0.255100  0.435529  0.688484  0.756279  0.515357  0.214697  0.507075  0.406388 
33  0.306464  0.492030  0.710338  0.394129  0.069173  0.419604  0.413273  0.354446  0.665053  0.409222  0.348836  0.400570  0.016009  0.203754  0.702399  0.294155  0.377031  0.041261  0.622512  0.494671  0.084933  0.799803  0.824317  0.035579  0.423945  0.266401  0.095804  0.323956  0.481737  0.246392  0.668255  0.220895  0.135867 0.0  0.141141  0.090031  0.250935  0.187599  0.026038  0.355352  0.199082  0.298281  0.521224  0.287756  0.308687  0.324035  0.869590  0.454167  0.577578  0.757344  0.309175  0.895614  0.809992  0.425519  0.212646  0.430197  0.695740  0.744371  0.383951  0.104934  0.512660  0.441597 
34  0.208030  0.527423  0.729378  0.502192  0.044748  0.447751  0.471738  0.283673  0.733741  0.314450  0.439656  0.415871  0.143999  0.143320  0.606242  0.353237  0.143807  0.140715  0.724527  0.472334  0.059030  0.803121  0.863495  0.000000  0.524616  0.132393  0.011600  0.301972  0.605508  0.306552  0.741810  0.134354  0.261673  0.141141 0.0  0.208915  0.227544  0.055537  0.060410  0.233779  0.261527  0.371755  0.613135  0.239931  0.253968  0.327337  0.795765  0.326851  0.586802  0.613340  0.302072  0.889431  0.826768  0.484729  0.246781  0.479573  0.778379  0.663687  0.435313  0.176689  0.527740  0.448557 
35  0.290561  0.423458  0.870138  0.399855  0.151502  0.403298  0.386378  0.484524  0.813679  0.311405  0.270894  0.468139  0.189667  0.171505  0.893586  0.448743  0.386590  0.075340  0.649819  0.593146  0.170827  0.725917  0.814524  0.129867  0.321948  0.171874  0.136404  0.478656  0.589239  0.136979  0.827933  0.192208  0.196422  0.090031  0.208915 0.0  0.202451  0.172023  0.217832  0.374319  0.172224  0.476356  0.320130  0.222936  0.487764  0.471558  0.812530  0.404789  0.449558  0.787879  0.382545  0.794762  0.910445  0.319121  0.205704  0.447196  0.863383  0.820286  0.374300  0.208133  0.563069  0.662805 
36  0.334222  0.466306  0.749511  0.357976  0.115686  0.410777  0.449963  0.315812  0.661191  0.273680  0.309105  0.357534  0.073475  0.249633  0.688330  0.315337  0.288767  0.002194  0.596405  0.404590  0.115738  0.991755  0.816411  0.037492  0.429619  0.182024  0.085106  0.320071  0.449958  0.258510  0.834299  0.168199  0.118839  0.250935  0.227544  0.202451 0.0  0.150802  0.079825  0.228761  0.206181  0.367360  0.451240  0.286182  0.277127  0.303935  0.905438  0.383359  0.624377  0.793231  0.232496  0.802030  0.719852  0.543905  0.299093  0.441137  0.629907  0.657745  0.416262  0.193240  0.451761  0.543339 
37  0.311354  0.488279  0.773793  0.370427  0.080521  0.472816  0.481269  0.267667  0.728776  0.390005  0.207737  0.390873  0.059418  0.250490  0.720164  0.428238  0.409708  0.036221  0.700429  0.452397  0.148651  0.911667  0.848479  0.097398  0.430583  0.305496  0.013773  0.395284  0.287218  0.237767  0.726158  0.236762  0.237131  0.187599  0.055537  0.172023  0.150802 0.0  0.058471  0.257208  0.244698  0.341373  0.456720  0.297032  0.463203  0.304214  0.908244  0.320059  0.633890  0.660954  0.375327  0.826291  0.754711  0.430584  0.239988  0.507818  0.765299  0.753762  0.506280  0.109996  0.483936  0.495703 
38  0.168503  0.394077  0.732064  0.445652  0.137591  0.351351  0.315606  0.454870  0.847895  0.386555  0.213199  0.319361  0.282087  0.118483  0.794151  0.358685  0.321361  0.235828  0.598487  0.644645  0.145042  0.649330  0.779862  0.000000  0.274238  0.007648  0.150976  0.400822  0.599821  0.022704  0.678406  0.098549  0.094510  0.026038  0.060410  0.217832  0.079825  0.058471 0.0  0.261404  0.101138  0.354509  0.334289  0.055247  0.260350  0.315311  0.649818  0.356440  0.435068  0.824085  0.394946  0.793223  0.994002  0.323452  0.423992  0.377660  0.834471  0.749280  0.316506  0.080386  0.601107  0.576965 
39  0.233908  0.313456  0.640601  0.303310  0.334200  0.351027  0.267733  0.277803  0.630417  0.265068  0.203998  0.240990  0.340395  0.304523  0.763615  0.409095  0.266989  0.165261  0.653149  0.585248  0.237033  0.664701  0.662704  0.190790  0.230713  0.356364  0.209561  0.350304  0.628676  0.275258  0.749761  0.282969  0.283168  0.355352  0.233779  0.374319  0.228761  0.257208  0.261404 0.0  0.262099  0.273669  0.201335  0.295527  0.274961  0.169084  0.694666  0.324103  0.562230  0.578037  0.523732  0.720009  0.605010  0.300506  0.432611  0.244660  0.730564  0.786707  0.170542  0.213828  0.690225  0.632804 
40  0.256748  0.448881  0.754975  0.536871  0.171698  0.531238  0.517149  0.254810  0.750670  0.331626  0.403894  0.454530  0.042732  0.253049  0.762542  0.308157  0.277771  0.062842  0.700936  0.378639  0.101720  0.881819  0.801927  0.131351  0.450942  0.104128  0.007473  0.265557  0.513253  0.210152  0.626498  0.148842  0.281565  0.199082  0.261527  0.172224  0.206181  0.244698  0.101138  0.262099 0.0  0.337514  0.477220  0.240028  0.231311  0.346836  0.802880  0.306407  0.679382  0.666333  0.381030  0.802452  0.588000  0.443751  0.315443  0.465251  0.739009  0.881038  0.406784  0.138703  0.460431  0.346479 
41  0.260251  0.343375  0.773003  0.195026  0.427601  0.006546  0.067031  0.348452  0.765696  0.121897  0.257740  0.102404  0.310624  0.324444  0.671411  0.288184  0.093472  0.379083  0.650890  0.810913  0.463607  0.373785  0.485278  0.228691  0.093742  0.412378  0.358432  0.064339  0.677434  0.362152  0.567068  0.206020  0.296650  0.298281  0.371755  0.476356  0.367360  0.341373  0.354509  0.273669  0.337514 0.0  0.129406  0.293914  0.355102  0.191692  0.582889  0.142838  0.784727  0.782810  0.518503  0.512100  0.651039  0.069918  0.538331  0.121705  0.687608  0.802786  0.044581  0.490307  0.703428  0.691477 
42  0.281026  0.453918  0.666599  0.178322  0.182018  0.164007  0.167064  0.325432  0.765627  0.036896  0.226688  0.161058  0.375641  0.499058  0.707037  0.379977  0.127029  0.272442  0.678989  0.703699  0.417434  0.627481  0.639000  0.387722  0.121514  0.445595  0.395289  0.000000  0.747281  0.450009  0.542809  0.497596  0.436499  0.521224  0.613135  0.320130  0.451240  0.456720  0.334289  0.201335  0.477220  0.129406 0.0  0.503744  0.333542  0.060744  0.651174  0.073042  0.803452  0.619864  0.661414  0.503496  0.796324  0.190094  0.501340  0.289493  0.753021  0.733762  0.286336  0.406657  0.851316  0.721938 
43  0.335157  0.497626  0.695811  0.385570  0.028508  0.504066  0.534450  0.365965  0.688086  0.390649  0.390748  0.425721  0.135989  0.231955  0.736198  0.299630  0.274338  0.116870  0.790434  0.471047  0.012030  0.827416  0.825667  0.000000  0.557686  0.195569  0.000000  0.352602  0.444979  0.210121  0.811635  0.286829  0.210071  0.287756  0.239931  0.222936  0.286182  0.297032  0.055247  0.295527  0.240028  0.293914  0.503744 0.0  0.390046  0.301672  0.861792  0.376538  0.595264  0.589655  0.378330  0.866287  0.726280  0.418490  0.349030  0.462578  0.720611  0.681584  0.479184  0.183746  0.427969  0.421520 
44  0.348379  0.361413  0.562846  0.386746  0.453008  0.315636  0.316109  0.071588  0.419426  0.417308  0.190051  0.366414  0.284146  0.355479  0.463970  0.321406  0.362791  0.231819  0.626120  0.678175  0.204345  0.783696  0.720899  0.501061  0.339088  0.330777  0.368181  0.433664  0.759378  0.273043  0.942382  0.242559  0.288113  0.308687  0.253968  0.487764  0.277127  0.463203  0.260350  0.274961  0.231311  0.355102  0.333542  0.390046 0.0  0.432217  0.691270  0.454522  0.616066  0.729681  0.590364  0.736695  0.444027  0.295302  0.660392  0.346789  0.503511  0.664209  0.331372  0.286103  0.761180  0.782905 
45  0.190157  0.236661  0.916997  0.182303  0.303979  0.000000  0.065762  0.359851  0.676707  0.131134  0.240165  0.092660  0.392395  0.401445  0.773514  0.272923  0.201012  0.333209  0.736954  0.759165  0.394966  0.429240  0.487018  0.452737  0.144892  0.382336  0.307652  0.204174  0.923660  0.273049  0.619042  0.329933  0.315067  0.324035  0.327337  0.471558  0.303935  0.304214  0.315311  0.169084  0.346836  0.191692  0.060744  0.301672  0.432217 0.0  0.380659  0.216808  0.736035  0.620423  0.623205  0.478904  0.678267  0.000000  0.530889  0.055277  0.739921  0.850061  0.049680  0.299056  0.736832  0.702094 
46  0.726231  0.940360  0.260044  0.591277  0.638049  0.515827  0.624086  0.677160  0.730827  0.446109  0.808813  0.607427  0.746555  0.826543  0.333873  0.653554  0.474865  0.767930  0.141028  0.707241  0.629712  0.187187  0.230936  0.659261  0.622857  0.871533  0.757976  0.477454  0.265876  0.942799  0.510548  0.830489  0.912631  0.869590  0.795765  0.812530  0.905438  0.908244  0.649818  0.694666  0.802880  0.582889  0.651174  0.861792  0.691270  0.380659 0.0  0.484466  0.870868  0.307666  0.503277  0.254944  0.296867  0.523860  0.560783  0.502422  0.312372  0.392213  0.565795  0.833410  0.347321  0.452608 
47  0.185347  0.255867  0.989557  0.214751  0.285831  0.000000  0.000000  0.207775  0.693585  0.172949  0.101514  0.145511  0.238963  0.367524  0.746498  0.384673  0.176014  0.333828  0.769047  0.666928  0.224130  0.560194  0.372582  0.338366  0.176805  0.296833  0.390285  0.146575  0.824941  0.304086  0.600247  0.393906  0.329957  0.454167  0.326851  0.404789  0.383359  0.320059  0.356440  0.324103  0.306407  0.142838  0.073042  0.376538  0.454522  0.216808  0.484466 0.0  0.763144  0.700943  0.635668  0.573996  0.740940  0.023982  0.489080  0.061212  0.776568  0.800770  0.101137  0.386035  0.799041  0.757961 
48  0.726159  0.934894  0.705458  0.766381  0.555976  0.766898  0.809813  0.767816  0.354443  0.629664  0.751372  0.761849  0.543066  0.466180  0.892627  0.690772  0.714322  0.490972  0.581282  0.056942  0.613371  0.865324  0.868523  0.513594  0.803128  0.678059  0.555494  0.760403  0.513536  0.593929  0.425253  0.632161  0.594331  0.577578  0.586802  0.449558  0.624377  0.633890  0.435068  0.562230  0.679382  0.784727  0.803452  0.595264  0.616066  0.736035  0.870868  0.763144 0.0  0.715722  0.421487  0.795301  0.756311  0.847688  0.312147  0.868646  0.779885  0.713495  0.824550  0.552765  0.439530  0.431854 
49  0.691022  0.620835  0.299160  0.685723  0.730224  0.597430  0.657336  0.671702  0.621408  0.680464  0.620881  0.684550  0.579265  0.759709  0.391864  0.748535  0.590062  0.770054  0.322743  0.625464  0.637177  0.277613  0.166752  0.646777  0.761566  0.626795  0.650062  0.644501  0.258963  0.747484  0.559503  0.700116  0.648518  0.757344  0.613340  0.787879  0.793231  0.660954  0.824085  0.578037  0.666333  0.782810  0.619864  0.589655  0.729681  0.620423  0.307666  0.700943  0.715722 0.0  0.390681  0.225114  0.335787  0.572214  0.421831  0.720330  0.393188  0.291973  0.719200  0.590007  0.215135  0.373624 
50  0.423325  0.701777  0.696138  0.635918  0.360837  0.608154  0.596967  0.626087  0.668891  0.626708  0.410082  0.643168  0.328692  0.263557  0.626176  0.464460  0.591631  0.173676  0.454712  0.299674  0.255111  0.673579  0.588689  0.361682  0.737949  0.375697  0.303875  0.738896  0.380191  0.241783  0.687404  0.449284  0.311444  0.309175  0.302072  0.382545  0.232496  0.375327  0.394946  0.523732  0.381030  0.518503  0.661414  0.378330  0.590364  0.623205  0.503277  0.635668  0.421487  0.390681 0.0  0.535937  0.560722  0.551596  0.249413  0.558897  0.600675  0.626962  0.623045  0.338537  0.330062  0.343985 
51  0.690635  0.841760  0.367055  0.600311  0.803628  0.600542  0.627385  0.701200  0.729448  0.525002  0.676325  0.548090  0.676706  0.848578  0.444062  0.706454  0.594460  0.801415  0.202888  0.737381  0.708609  0.236135  0.143781  0.727542  0.588123  0.883519  0.741585  0.418382  0.394574  0.862763  0.449586  0.891198  0.828700  0.895614  0.889431  0.794762  0.802030  0.826291  0.793223  0.720009  0.802452  0.512100  0.503496  0.866287  0.736695  0.478904  0.254944  0.573996  0.795301  0.225114  0.535937 0.0  0.314048  0.494732  0.516331  0.606979  0.362747  0.390815  0.581378  0.894083  0.297246  0.295436 
52  0.605147  0.756871  0.005493  0.764818  0.713466  0.708796  0.802481  0.569924  0.612969  0.716020  0.542723  0.854184  0.827716  0.641700  0.175453  0.841002  0.789180  0.961536  0.186439  0.925237  0.614942  0.416203  0.272158  0.708030  0.776525  0.775342  0.855088  0.750952  0.512882  0.754823  0.753187  0.698153  0.656227  0.809992  0.826768  0.910445  0.719852  0.754711  0.994002  0.605010  0.588000  0.651039  0.796324  0.726280  0.444027  0.678267  0.296867  0.740940  0.756311  0.335787  0.560722  0.314048 0.0  0.778624  0.681807  0.719492  0.224575  0.000000  0.795732  0.782673  0.456735  0.512778 
53  0.270585  0.414336  0.780439  0.070798  0.284712  0.196056  0.175030  0.392225  0.747394  0.071401  0.290282  0.211003  0.316167  0.424949  0.813906  0.341965  0.118655  0.241922  0.652063  0.785901  0.371707  0.626455  0.664041  0.361969  0.143101  0.401202  0.418532  0.155552  0.767376  0.376902  0.541304  0.407186  0.469937  0.425519  0.484729  0.319121  0.543905  0.430584  0.323452  0.300506  0.443751  0.069918  0.190094  0.418490  0.295302  0.000000  0.523860  0.023982  0.847688  0.572214  0.551596  0.494732  0.778624 0.0  0.574136  0.138708  0.786702  0.815858  0.358306  0.517185  0.747671  0.693239 
54  0.339298  0.596731  0.490672  0.623771  0.381199  0.525809  0.516862  0.719454  0.696839  0.569573  0.455076  0.571333  0.501003  0.246505  0.606070  0.708039  0.561843  0.419558  0.344569  0.357273  0.253952  0.501141  0.450296  0.315114  0.513334  0.287587  0.292626  0.508045  0.538526  0.243183  0.560030  0.397378  0.255100  0.212646  0.246781  0.205704  0.299093  0.239988  0.423992  0.432611  0.315443  0.538331  0.501340  0.349030  0.660392  0.530889  0.560783  0.489080  0.312147  0.421831  0.249413  0.516331  0.681807  0.574136 0.0  0.503014  0.588973  0.598687  0.470750  0.224267  0.284506  0.508615 
55  0.311211  0.447376  0.670623  0.034681  0.276598  0.102269  0.153839  0.325850  0.746536  0.000000  0.389953  0.265942  0.370684  0.482419  0.688815  0.261154  0.084595  0.304964  0.603384  0.790708  0.395439  0.543869  0.537948  0.304718  0.131492  0.509209  0.324120  0.060844  0.721573  0.429570  0.394745  0.429889  0.435529  0.430197  0.479573  0.447196  0.441137  0.507818  0.377660  0.244660  0.465251  0.121705  0.289493  0.462578  0.346789  0.055277  0.502422  0.061212  0.868646  0.720330  0.558897  0.606979  0.719492  0.138708  0.503014 0.0  0.698565  0.753745  0.192693  0.489055  0.779871  0.632753 
56  0.710490  0.775860  0.034950  0.857304  0.750003  0.740591  0.739247  0.514447  0.555335  0.828569  0.409763  0.700493  0.913239  0.715624  0.182036  0.813196  0.650625  0.830589  0.394074  0.871436  0.656114  0.353445  0.498327  0.631784  0.660771  0.793318  0.849792  0.573676  0.495606  0.799562  0.731514  0.728403  0.688484  0.695740  0.778379  0.863383  0.629907  0.765299  0.834471  0.730564  0.739009  0.687608  0.753021  0.720611  0.503511  0.739921  0.312372  0.776568  0.779885  0.393188  0.600675  0.362747  0.224575  0.786702  0.588973  0.698565 0.0  0.020542  0.724946  0.758519  0.451834  0.476874 
57  0.693606  0.804658  0.192436  0.850309  0.774541  0.750142  0.715917  0.535977  0.469693  0.815093  0.538206  0.822804  0.619596  0.770537  0.041251  0.762300  0.860613  0.813626  0.336536  0.746283  0.663073  0.183822  0.407703  0.884229  0.859078  0.841923  0.781553  0.860872  0.411123  0.711135  1.000000  0.725488  0.756279  0.744371  0.663687  0.820286  0.657745  0.753762  0.749280  0.786707  0.881038  0.802786  0.733762  0.681584  0.664209  0.850061  0.392213  0.800770  0.713495  0.291973  0.626962  0.390815  0.000000  0.815858  0.598687  0.753745  0.020542 0.0  0.761309  0.822497  0.299168  0.327515 
58  0.303364  0.405489  0.753944  0.171793  0.257091  0.192482  0.168373  0.233466  0.807869  0.000000  0.331019  0.194599  0.419387  0.491715  0.822878  0.353877  0.094642  0.219438  0.708024  0.696648  0.327398  0.612296  0.572882  0.396643  0.183094  0.446104  0.281888  0.024465  0.750142  0.405802  0.457374  0.431685  0.515357  0.383951  0.435313  0.374300  0.416262  0.506280  0.316506  0.170542  0.406784  0.044581  0.286336  0.479184  0.331372  0.049680  0.565795  0.101137  0.824550  0.719200  0.623045  0.581378  0.795732  0.358306  0.470750  0.192693  0.724946  0.761309 0.0  0.537367  0.680464  0.591380 
59  0.278496  0.509432  0.869554  0.511332  0.091668  0.348077  0.503460  0.318416  0.730215  0.360825  0.483673  0.509689  0.010442  0.143055  0.705223  0.387231  0.381574  0.096516  0.658192  0.432510  0.079178  0.854988  0.913336  0.182760  0.504044  0.216888  0.096686  0.328142  0.532156  0.160747  0.811919  0.146214  0.214697  0.104934  0.176689  0.208133  0.193240  0.109996  0.080386  0.213828  0.138703  0.490307  0.406657  0.183746  0.286103  0.299056  0.833410  0.386035  0.552765  0.590007  0.338537  0.894083  0.782673  0.517185  0.224267  0.489055  0.758519  0.822497  0.537367 0.0  0.530439  0.451180 
60  0.674756  0.714730  0.366586  0.726864  0.546715  0.724594  0.800003  0.897112  0.793091  0.684899  0.609581  0.708309  0.561973  0.464635  0.438754  0.895867  0.716663  0.637379  0.219495  0.557145  0.495668  0.344381  0.378043  0.485960  0.739251  0.608324  0.562528  0.715064  0.159279  0.380638  0.724178  0.390139  0.507075  0.512660  0.527740  0.563069  0.451761  0.483936  0.601107  0.690225  0.460431  0.703428  0.851316  0.427969  0.761180  0.736832  0.347321  0.799041  0.439530  0.215135  0.330062  0.297246  0.456735  0.747671  0.284506  0.779871  0.451834  0.299168  0.680464  0.530439 0.0  0.216730 
61  0.614406  0.830932  0.405515  0.721648  0.485940  0.686423  0.816628  0.762707  0.831640  0.733462  0.574662  0.727267  0.600085  0.518305  0.515789  0.889607  0.616501  0.641738  0.233919  0.482353  0.573170  0.364516  0.329110  0.507866  0.704292  0.516702  0.594825  0.804487  0.339464  0.394024  0.671036  0.559237  0.406388  0.441597  0.448557  0.662805  0.543339  0.495703  0.576965  0.632804  0.346479  0.691477  0.721938  0.421520  0.782905  0.702094  0.452608  0.757961  0.431854  0.373624  0.343985  0.295436  0.512778  0.693239  0.508615  0.632753  0.476874  0.327515  0.591380  0.451180  0.216730 0.0 
