62
0 0.0  0.325288  0.638722  0.223008  0.223412  0.235123  0.216666  0.266020  0.700513  0.321797  0.288727  0.214225  0.206676  0.297431  0.692414  0.195807  0.310850  0.334341  0.718689  0.633180  0.290042  0.677224  0.599375  0.190936  0.247948  0.143154  0.283136  0.221788  0.529119  0.311499  0.604858  0.246680  0.263719  0.241035  0.330199  0.238726  0.215528  0.320407  0.251867  0.253182  0.175897  0.247842  0.351125  0.286895  0.199110  0.267980  0.718157  0.259174  0.717695  0.607333  0.452547  0.681654  0.704102  0.226002  0.506389  0.350662  0.729567  0.733807  0.230978  0.300005  0.679149  0.659231 
1  0.325288 0.0  0.795373  0.357071  0.294590  0.501881  0.491335  0.373681  0.738487  0.357410  0.331803  0.537213  0.309160  0.413622  0.758331  0.000000  0.348012  0.277336  0.656954  0.745625  0.281458  0.910204  1.000000  0.314280  0.519238  0.537531  0.345560  0.271925  0.679681  0.394782  0.855863  0.463215  0.539381  0.465451  0.496584  0.452157  0.490134  0.532332  0.351754  0.294362  0.476600  0.290375  0.439849  0.386354  0.334197  0.351261  0.820486  0.302692  0.871750  0.656371  0.623650  0.809217  0.607155  0.393894  0.622984  0.486386  0.666487  0.753482  0.553726  0.484778  0.753975  0.789347 
2  0.638722  0.795373 0.0  0.757126  0.775885  0.632159  0.617300  0.627153  0.490575  0.952386  0.534123  0.777118  0.749906  0.798933  0.023077  0.795245  0.844774  0.666717  0.177146  0.692170  0.780535  0.302350  0.319781  0.875948  0.633909  0.832563  0.663983  0.872516  0.345594  0.713199  0.862239  0.701687  0.722847  0.706182  0.767175  0.761176  0.745434  0.743327  0.734225  0.706315  0.781749  0.707419  0.763708  0.765597  0.493220  0.914709  0.295802  0.837146  0.708833  0.243816  0.590796  0.266640  0.087130  0.709682  0.597507  0.790123  0.047699  0.253251  0.785597  0.783979  0.367996  0.328528 
3  0.223008  0.357071  0.757126 0.0  0.369563  0.100893  0.102728  0.431216  0.735208  0.198366  0.278778  0.095522  0.487489  0.359478  0.880831  0.305937  0.147502  0.441647  0.719686  0.800026  0.375433  0.529169  0.556465  0.446933  0.137746  0.469747  0.410623  0.199975  0.827456  0.441193  0.544594  0.358652  0.389379  0.455881  0.443387  0.382031  0.341337  0.465650  0.362336  0.248824  0.402745  0.157713  0.155251  0.420460  0.422243  0.189070  0.565480  0.126096  0.856030  0.723095  0.598752  0.582766  0.823934  0.241988  0.610543  0.145467  0.954179  0.787835  0.084550  0.453441  0.764060  0.648151 
4  0.223412  0.294590  0.775885  0.369563 0.0  0.213879  0.369475  0.198634  0.658874  0.346368  0.180659  0.314086  0.083148  0.125263  0.671349  0.309331  0.341945  0.147188  0.587572  0.482072  0.130787  0.745642  0.641001  0.133773  0.462271  0.060957  0.159889  0.320732  0.549067  0.004074  0.665083  0.027559  0.099007  0.000000  0.062483  0.177361  0.140217  0.070434  0.020097  0.250588  0.000000  0.457347  0.350249  0.079613  0.322283  0.352403  0.771056  0.257915  0.395376  0.740018  0.305242  0.682676  0.807816  0.278331  0.189428  0.305378  0.708701  0.748254  0.371956  0.047731  0.520986  0.397099 
5  0.235123  0.501881  0.632159  0.100893  0.213879 0.0  0.190623  0.313179  0.797427  0.000000  0.281051  0.174996  0.366827  0.465795  0.614442  0.306475  0.126470  0.311327  0.738489  0.732983  0.475512  0.560212  0.596381  0.400129  0.276087  0.438473  0.358651  0.096492  0.823036  0.447062  0.459120  0.486819  0.531518  0.448211  0.418453  0.318237  0.518645  0.515081  0.329978  0.206092  0.449289  0.097015  0.099754  0.507368  0.209819  0.074984  0.552680  0.095791  0.797639  0.611889  0.597625  0.565810  0.756256  0.262774  0.564852  0.183367  0.737741  0.673427  0.152885  0.524711  0.706092  0.812824 
6  0.216666  0.491335  0.617300  0.102728  0.369475  0.190623 0.0  0.303229  0.663114  0.096385  0.271587  0.180344  0.282875  0.405009  0.779550  0.304733  0.000000  0.375086  0.639639  0.804411  0.299535  0.669870  0.576885  0.474987  0.103208  0.490718  0.271004  0.054277  0.623342  0.403867  0.539084  0.454001  0.471217  0.476581  0.465016  0.313147  0.419946  0.372560  0.403290  0.208982  0.441503  0.103458  0.160061  0.568254  0.302170  0.021721  0.756098  0.050832  0.871699  0.578949  0.672343  0.626266  0.714357  0.128833  0.495168  0.217064  0.804995  0.604774  0.113946  0.506691  0.717911  0.669234 
7  0.266020  0.373681  0.627153  0.431216  0.198634  0.313179  0.303229 0.0  0.723787  0.273812  0.188980  0.467535  0.402089  0.274101  0.597170  0.518969  0.218943  0.451691  0.740383  0.855316  0.288963  0.697896  0.727283  0.316440  0.290899  0.346884  0.463575  0.360221  0.819615  0.238139  0.679740  0.328383  0.308819  0.407899  0.408391  0.491137  0.299333  0.253457  0.534312  0.286991  0.310093  0.276415  0.384236  0.324263  0.150722  0.392657  0.658901  0.412241  0.695167  0.670062  0.483112  0.676259  0.501338  0.310874  0.675447  0.248194  0.595899  0.452963  0.342876  0.282728  0.871875  0.891887 
8  0.700513  0.738487  0.490575  0.735208  0.658874  0.797427  0.663114  0.723787 0.0  0.722671  0.658133  0.798922  0.925619  0.803505  0.646164  0.877197  0.778871  0.920279  0.739948  0.370289  0.759492  0.763937  0.674448  0.732311  0.661062  0.744634  0.914230  0.725101  0.805636  0.804525  0.367826  0.700185  0.739097  0.822098  0.719238  0.790789  0.760194  0.632044  0.872600  0.690350  0.691895  0.750828  0.831154  0.713313  0.489202  0.762952  0.784157  0.767387  0.330642  0.734515  0.601502  0.751807  0.632910  0.848583  0.763063  0.732405  0.543257  0.483693  0.707685  0.838465  0.809708  0.890915 
9  0.321797  0.357410  0.952386  0.198366  0.346368  0.000000  0.096385  0.273812  0.722671 0.0  0.254454  0.136267  0.307819  0.258798  0.731733  0.395180  0.211024  0.370255  0.658431  0.688108  0.362202  0.456278  0.437503  0.484924  0.003777  0.315463  0.408833  0.213104  0.780571  0.252662  0.618064  0.287363  0.487148  0.350856  0.375840  0.390236  0.366607  0.419137  0.420120  0.248533  0.385466  0.101364  0.069303  0.242814  0.446155  0.247198  0.573766  0.107361  0.772869  0.705881  0.654606  0.562740  0.774422  0.085965  0.560335  0.004721  0.698154  0.783356  0.128564  0.284005  0.630823  0.773322 
10  0.288727  0.331803  0.534123  0.278778  0.180659  0.281051  0.271587  0.188980  0.658133  0.254454 0.0  0.422088  0.217879  0.313208  0.634350  0.195527  0.185372  0.171535  0.650744  0.682792  0.214155  0.772295  0.720983  0.217473  0.376019  0.315799  0.210122  0.174282  0.560037  0.267606  0.650040  0.399817  0.309266  0.362108  0.282149  0.377121  0.406884  0.328880  0.262078  0.289429  0.397081  0.326206  0.173936  0.263765  0.213225  0.173766  0.699618  0.261802  0.690637  0.660838  0.472631  0.783837  0.697428  0.360010  0.211898  0.348028  0.657786  0.641816  0.400659  0.379189  0.551402  0.668157 
11  0.214225  0.537213  0.777118  0.095522  0.314086  0.174996  0.180344  0.467535  0.798922  0.136267  0.422088 0.0  0.287088  0.394943  0.760243  0.227459  0.066636  0.309264  0.668545  0.687028  0.364714  0.661065  0.575524  0.291327  0.121441  0.417065  0.285101  0.181964  0.761805  0.449627  0.414037  0.472065  0.516176  0.501151  0.503874  0.431582  0.521148  0.519074  0.291917  0.316767  0.509480  0.095292  0.218408  0.551248  0.298792  0.000000  0.700092  0.098478  0.908266  0.606264  0.662855  0.608605  0.737175  0.310379  0.507983  0.188277  0.755463  0.747902  0.222712  0.476923  0.784075  0.689787 
12  0.206676  0.309160  0.749906  0.487489  0.083148  0.366827  0.282875  0.402089  0.925619  0.307819  0.217879  0.287088 0.0  0.102566  0.832853  0.413814  0.300155  0.065167  0.633418  0.708947  0.085497  0.734058  0.778966  0.070736  0.350154  0.000000  0.140900  0.283317  0.553478  0.110561  0.728899  0.096084  0.041948  0.000000  0.116534  0.228421  0.081421  0.098309  0.217734  0.215956  0.069079  0.291640  0.452632  0.104511  0.308856  0.340209  0.717495  0.382247  0.446971  0.689887  0.345572  0.680890  0.754040  0.371828  0.355178  0.380347  0.795651  0.735408  0.328265  0.065092  0.554268  0.596679 
13  0.297431  0.413622  0.798933  0.359478  0.125263  0.465795  0.405009  0.274101  0.803505  0.258798  0.313208  0.394943  0.102566 0.0  0.598392  0.210752  0.333494  0.000000  0.637374  0.455235  0.100645  0.848366  0.845559  0.063756  0.640145  0.218230  0.103865  0.393286  0.361780  0.204216  0.635175  0.241456  0.270605  0.238858  0.142477  0.142923  0.174425  0.168584  0.121516  0.345190  0.266289  0.319840  0.513900  0.235451  0.368474  0.267332  0.829921  0.377410  0.665357  0.661630  0.293274  0.937558  0.745244  0.437439  0.303151  0.422501  0.655721  0.780968  0.499826  0.258735  0.581940  0.452182 
14  0.692414  0.758331  0.023077  0.880831  0.671349  0.614442  0.779550  0.597170  0.646164  0.731733  0.634350  0.760243  0.832853  0.598392 0.0  0.785202  0.602835  0.875158  0.321015  0.868337  0.714262  0.293258  0.373316  0.755659  0.725866  0.763624  0.856059  0.726745  0.502920  0.778707  0.694768  0.759798  0.732874  0.713695  0.669903  0.714005  0.776548  0.771270  0.834262  0.593434  0.729115  0.699098  0.679260  0.718313  0.587977  0.662353  0.412488  0.687155  0.795314  0.254630  0.635107  0.263928  0.232678  0.688027  0.706985  0.658003  0.297278  0.038115  0.804723  0.743195  0.408674  0.466300 
15  0.195807  0.000000  0.795245  0.305937  0.309331  0.306475  0.304733  0.518969  0.877197  0.395180  0.195527  0.227459  0.413814  0.210752  0.785202 0.0  0.269379  0.455280  0.703304  0.839968  0.279474  0.702683  0.772939  0.339069  0.328453  0.326904  0.384049  0.369684  0.913442  0.375391  0.798032  0.359974  0.308912  0.340801  0.278620  0.406846  0.318670  0.341359  0.486415  0.247789  0.265850  0.308640  0.327997  0.286678  0.354591  0.265211  0.744140  0.281595  0.734496  0.555358  0.717009  0.778945  0.791727  0.420234  0.599153  0.316301  0.876382  0.732793  0.272253  0.367937  0.872256  0.858169 
16  0.310850  0.348012  0.844774  0.147502  0.341945  0.126470  0.000000  0.218943  0.778871  0.211024  0.185372  0.066636  0.300155  0.333494  0.602835  0.269379 0.0  0.293845  0.651089  0.756513  0.289211  0.451261  0.558468  0.374002  0.129348  0.136295  0.407770  0.061601  0.777274  0.304185  0.578586  0.201403  0.350972  0.389317  0.354077  0.424548  0.266924  0.332282  0.445684  0.287302  0.383745  0.000000  0.113062  0.256265  0.540597  0.067881  0.544368  0.104322  0.768787  0.704627  0.602079  0.427711  0.778518  0.079370  0.509480  0.138643  0.772337  0.940495  0.104020  0.419813  0.820579  0.695419 
17  0.334341  0.277336  0.666717  0.441647  0.147188  0.311327  0.375086  0.451691  0.920279  0.370255  0.171535  0.309264  0.065167  0.000000  0.875158  0.455280  0.293845 0.0  0.697169  0.666152  0.000000  0.720100  0.596226  0.100136  0.301875  0.094572  0.178099  0.407448  0.705286  0.172211  0.792658  0.050292  0.086143  0.094752  0.068402  0.041499  0.077071  0.076427  0.186842  0.168736  0.065509  0.303357  0.330186  0.108858  0.357929  0.314466  0.746134  0.306551  0.406800  0.710317  0.335722  0.660162  0.880521  0.416382  0.441433  0.371887  0.790955  0.807231  0.276525  0.120861  0.557115  0.614996 
18  0.718689  0.656954  0.177146  0.719686  0.587572  0.738489  0.639639  0.740383  0.739948  0.658431  0.650744  0.668545  0.633418  0.637374  0.321015  0.703304  0.651089  0.697169 0.0  0.677104  0.803979  0.148726  0.257985  0.712922  0.721024  0.649656  0.683988  0.618440  0.298221  0.635600  0.669754  0.693791  0.664750  0.633152  0.611714  0.783930  0.704729  0.667668  0.742118  0.594834  0.715636  0.587367  0.579564  0.721957  0.605361  0.632755  0.227468  0.601800  0.545896  0.281292  0.325279  0.186638  0.348990  0.613842  0.446806  0.756630  0.184509  0.186904  0.699414  0.610872  0.363405  0.215782 
19  0.633180  0.745625  0.692170  0.800026  0.482072  0.732983  0.804411  0.855316  0.370289  0.688108  0.682792  0.687028  0.708947  0.455235  0.868337  0.839968  0.756513  0.666152  0.677104 0.0  0.387263  0.734891  0.678344  0.571852  0.565611  0.446266  0.637574  0.687337  0.579464  0.335755  0.409904  0.455957  0.480434  0.527295  0.398184  0.484521  0.525745  0.429904  0.675566  0.734097  0.439343  0.722111  0.740246  0.486322  0.820861  0.909166  0.773536  0.735066  0.068944  0.578825  0.411605  0.741367  0.782549  0.815482  0.396419  0.795213  0.885489  0.806596  0.736522  0.554130  0.672775  0.668810 
20  0.290042  0.281458  0.780535  0.375433  0.130787  0.475512  0.299535  0.288963  0.759492  0.362202  0.214155  0.364714  0.085497  0.100645  0.714262  0.279474  0.289211  0.000000  0.803979  0.387263 0.0  0.655605  0.746213  0.006822  0.248635  0.000000  0.121080  0.289151  0.440960  0.123094  0.825008  0.134108  0.075936  0.051688  0.062158  0.102923  0.062022  0.089267  0.132309  0.283385  0.027868  0.550060  0.363790  0.036779  0.332135  0.434860  0.611989  0.359036  0.373042  0.801982  0.375688  0.692794  0.750923  0.322574  0.264853  0.355713  0.755446  0.710920  0.431015  0.154800  0.569943  0.426008 
21  0.677224  0.910204  0.302350  0.529169  0.745642  0.560212  0.669870  0.697896  0.763937  0.456278  0.772295  0.661065  0.734058  0.848366  0.293258  0.702683  0.451261  0.720100  0.148726  0.734891  0.655605 0.0  0.357365  0.729084  0.601249  0.953933  0.676036  0.445968  0.364148  0.872586  0.447457  0.788577  0.847026  0.852775  0.930931  0.806019  0.788528  0.840190  0.642362  0.592029  0.885910  0.407137  0.574543  0.968477  0.774806  0.527816  0.283510  0.434309  0.999716  0.160275  0.542227  0.103825  0.300540  0.631737  0.502260  0.594249  0.409039  0.311584  0.597953  0.988360  0.366474  0.227913 
22  0.599375  1.000000  0.319781  0.556465  0.641001  0.596381  0.576885  0.727283  0.674448  0.437503  0.720983  0.575524  0.778966  0.845559  0.373316  0.772939  0.558468  0.596226  0.257985  0.678344  0.746213  0.357365 0.0  0.794415  0.542471  0.947509  0.732473  0.476458  0.295387  0.880223  0.438084  0.919765  0.920150  0.857803  0.797998  0.849519  0.962277  0.856132  0.900787  0.644402  0.824139  0.539395  0.567878  0.880145  0.665131  0.400005  0.208961  0.414161  0.911543  0.169268  0.492349  0.272487  0.292781  0.629378  0.590211  0.611102  0.224106  0.358964  0.681733  0.950918  0.300122  0.307646 
23  0.190936  0.314280  0.875948  0.446933  0.133773  0.400129  0.474987  0.316440  0.732311  0.484924  0.217473  0.291327  0.070736  0.063756  0.755659  0.339069  0.374002  0.100136  0.712922  0.571852  0.006822  0.729084  0.794415 0.0  0.291871  0.119125  0.064701  0.482638  0.472195  0.000000  0.873669  0.085071  0.063882  0.064949  0.116111  0.123080  0.070806  0.088638  0.026151  0.343982  0.134303  0.356862  0.374489  0.000000  0.446464  0.379109  0.767152  0.435592  0.519492  0.756978  0.369674  0.622183  0.701512  0.333579  0.382197  0.283136  0.809908  0.910937  0.355358  0.127039  0.517279  0.455992 
24  0.247948  0.519238  0.633909  0.137746  0.462271  0.276087  0.103208  0.290899  0.661062  0.003777  0.376019  0.121441  0.350154  0.640145  0.725866  0.328453  0.129348  0.301875  0.721024  0.565611  0.248635  0.601249  0.542471  0.291871 0.0  0.509232  0.377541  0.000000  0.733430  0.367530  0.522023  0.385820  0.443057  0.521727  0.468102  0.443254  0.395118  0.563194  0.372256  0.254273  0.508393  0.055306  0.213417  0.310954  0.365213  0.056073  0.667615  0.120811  0.950002  0.623935  0.549418  0.603636  0.689070  0.267308  0.492434  0.229236  0.736444  0.721361  0.164945  0.429131  0.896985  0.803124 
25  0.143154  0.537531  0.832563  0.469747  0.060957  0.438473  0.490718  0.346884  0.744634  0.315463  0.315799  0.417065  0.000000  0.218230  0.763624  0.326904  0.136295  0.094572  0.649656  0.446266  0.000000  0.953933  0.947509  0.119125  0.509232 0.0  0.057010  0.397609  0.371550  0.177500  0.746325  0.178378  0.188671  0.217330  0.191665  0.049130  0.208881  0.171960  0.132839  0.367857  0.199864  0.268317  0.482528  0.158732  0.316400  0.379619  0.831556  0.429649  0.592213  0.655923  0.318748  0.870560  0.800257  0.483176  0.248512  0.441071  0.696939  0.612224  0.481108  0.165282  0.460509  0.504244 
26  0.283136  0.345560  0.663983  0.410623  0.159889  0.358651  0.271004  0.463575  0.914230  0.408833  0.210122  0.285101  0.140900  0.103865  0.856059  0.384049  0.407770  0.178099  0.683988  0.637574  0.121080  0.676036  0.732473  0.064701  0.377541  0.057010 0.0  0.259937  0.612778  0.125197  0.673787  0.099876  0.018867  0.068490  0.078238  0.168902  0.035669  0.076733  0.130689  0.238483  0.121055  0.258198  0.390311  0.058087  0.320217  0.341579  0.767686  0.376914  0.509728  0.686571  0.409649  0.689704  0.682335  0.313564  0.366699  0.298056  0.810974  0.789719  0.287194  0.076317  0.648594  0.703570 
27  0.221788  0.271925  0.872516  0.199975  0.320732  0.096492  0.054277  0.360221  0.725101  0.213104  0.174282  0.181964  0.283317  0.393286  0.726745  0.369684  0.061601  0.407448  0.618440  0.687337  0.289151  0.445968  0.476458  0.482638  0.000000  0.397609  0.259937 0.0  0.859488  0.366196  0.578716  0.424601  0.310903  0.309514  0.397294  0.311319  0.245498  0.322295  0.308142  0.289840  0.336532  0.150283  0.038824  0.443412  0.453492  0.200779  0.491308  0.208180  0.740592  0.758042  0.671892  0.467302  0.812404  0.016129  0.518981  0.069133  0.764474  0.867649  0.072016  0.323216  0.785909  0.725066 
28  0.529119  0.679681  0.345594  0.827456  0.549067  0.823036  0.623342  0.819615  0.805636  0.780571  0.560037  0.761805  0.553478  0.361780  0.502920  0.913442  0.777274  0.705286  0.298221  0.579464  0.440960  0.364148  0.295387  0.472195  0.733430  0.371550  0.612778  0.859488 0.0  0.520492  0.797869  0.559936  0.403989  0.509646  0.354684  0.531673  0.488619  0.431495  0.610766  0.660204  0.448278  0.734943  0.648679  0.489996  0.693414  0.560724  0.297626  0.735563  0.429996  0.124595  0.308357  0.397178  0.396898  0.703061  0.359035  0.705110  0.445593  0.493758  0.842126  0.485175  0.214360  0.217285 
29  0.311499  0.394782  0.713199  0.441193  0.004074  0.447062  0.403867  0.238139  0.804525  0.252662  0.267606  0.449627  0.110561  0.204216  0.778707  0.375391  0.304185  0.172211  0.635600  0.335755  0.123094  0.872586  0.880223  0.000000  0.367530  0.177500  0.125197  0.366196  0.520492 0.0  0.779074  0.150192  0.128348  0.206291  0.152551  0.166694  0.146044  0.246320  0.049750  0.300688  0.248212  0.298532  0.499059  0.091752  0.340065  0.186450  0.916424  0.331494  0.613402  0.706774  0.378462  0.998115  0.726316  0.577907  0.300680  0.481990  0.737003  0.814503  0.376243  0.168037  0.375894  0.394403 
30  0.604858  0.855863  0.862239  0.544594  0.665083  0.459120  0.539084  0.679740  0.367826  0.618064  0.650040  0.414037  0.728899  0.635175  0.694768  0.798032  0.578586  0.792658  0.669754  0.409904  0.825008  0.447457  0.438084  0.873669  0.522023  0.746325  0.673787  0.578716  0.797869  0.779074 0.0  0.629627  0.692088  0.776521  0.771113  0.678052  0.727802  0.623984  0.762004  0.634605  0.619336  0.507063  0.511528  0.768080  0.783401  0.647549  0.515493  0.607108  0.268239  0.569739  0.411187  0.518288  0.756291  0.500617  0.578052  0.491778  0.837089  0.846126  0.354667  0.786784  0.589387  0.614376 
31  0.246680  0.463215  0.701687  0.358652  0.027559  0.486819  0.454001  0.328383  0.700185  0.287363  0.399817  0.472065  0.096084  0.241456  0.759798  0.359974  0.201403  0.050292  0.693791  0.455957  0.134108  0.788577  0.919765  0.085071  0.385820  0.178378  0.099876  0.424601  0.559936  0.150192  0.629627 0.0  0.134456  0.205488  0.193535  0.113229  0.168492  0.163468  0.000000  0.204288  0.170043  0.318095  0.490414  0.228836  0.309323  0.333686  0.841714  0.409672  0.533035  0.728265  0.334374  0.932697  0.690218  0.509035  0.195375  0.557922  0.758605  0.844867  0.409023  0.130640  0.539129  0.479368 
32  0.263719  0.539381  0.722847  0.389379  0.099007  0.531518  0.471217  0.308819  0.739097  0.487148  0.309266  0.516176  0.041948  0.270605  0.732874  0.308912  0.350972  0.086143  0.664750  0.480434  0.075936  0.847026  0.920150  0.063882  0.443057  0.188671  0.018867  0.310903  0.403989  0.128348  0.692088  0.134456 0.0  0.213826  0.155698  0.032516  0.196857  0.127724  0.085677  0.264862  0.264552  0.376391  0.356334  0.234420  0.369046  0.281465  0.911647  0.334843  0.657483  0.593014  0.244234  0.830621  0.617359  0.486670  0.318076  0.508158  0.722895  0.672337  0.281054  0.250735  0.470349  0.470735 
33  0.241035  0.465451  0.706182  0.455881  0.000000  0.448211  0.476581  0.407899  0.822098  0.350856  0.362108  0.501151  0.000000  0.238858  0.713695  0.340801  0.389317  0.094752  0.633152  0.527295  0.051688  0.852775  0.857803  0.064949  0.521727  0.217330  0.068490  0.309514  0.509646  0.206291  0.776521  0.205488  0.213826 0.0  0.218510  0.059652  0.208348  0.169350  0.064672  0.248176  0.110937  0.339797  0.493113  0.135119  0.407367  0.342020  0.834112  0.358222  0.684607  0.616545  0.372727  0.945689  0.820878  0.395446  0.241620  0.566973  0.761240  0.866266  0.442501  0.189475  0.429173  0.460928 
34  0.330199  0.496584  0.767175  0.443387  0.062483  0.418453  0.465016  0.408391  0.719238  0.375840  0.282149  0.503874  0.116534  0.142477  0.669903  0.278620  0.354077  0.068402  0.611714  0.398184  0.062158  0.930931  0.797998  0.116111  0.468102  0.191665  0.078238  0.397294  0.354684  0.152551  0.771113  0.193535  0.155698  0.218510 0.0  0.165718  0.163858  0.269605  0.025765  0.257427  0.263759  0.331715  0.537394  0.217663  0.334867  0.270726  0.748657  0.214261  0.528937  0.744710  0.347569  0.969087  0.759589  0.508610  0.264649  0.484695  0.586391  0.703284  0.433851  0.132749  0.457374  0.503542 
35  0.238726  0.452157  0.761176  0.382031  0.177361  0.318237  0.313147  0.491137  0.790789  0.390236  0.377121  0.431582  0.228421  0.142923  0.714005  0.406846  0.424548  0.041499  0.783930  0.484521  0.102923  0.806019  0.849519  0.123080  0.443254  0.049130  0.168902  0.311319  0.531673  0.166694  0.678052  0.113229  0.032516  0.059652  0.165718 0.0  0.234358  0.076838  0.123233  0.188017  0.122902  0.469963  0.312255  0.077070  0.400548  0.426679  0.768664  0.382363  0.426818  0.683460  0.312499  0.747614  0.794970  0.452655  0.373083  0.400531  0.806112  0.867686  0.419336  0.077768  0.446049  0.476978 
36  0.215528  0.490134  0.745434  0.341337  0.140217  0.518645  0.419946  0.299333  0.760194  0.366607  0.406884  0.521148  0.081421  0.174425  0.776548  0.318670  0.266924  0.077071  0.704729  0.525745  0.062022  0.788528  0.962277  0.070806  0.395118  0.208881  0.035669  0.245498  0.488619  0.146044  0.727802  0.168492  0.196857  0.208348  0.163858  0.234358 0.0  0.290333  0.036773  0.298979  0.112979  0.435189  0.453242  0.262627  0.381280  0.407371  0.910405  0.348749  0.641043  0.582338  0.382723  0.772330  0.749393  0.484567  0.245919  0.470029  0.703073  0.720624  0.491258  0.284363  0.443162  0.455493 
37  0.320407  0.532332  0.743327  0.465650  0.070434  0.515081  0.372560  0.253457  0.632044  0.419137  0.328880  0.519074  0.098309  0.168584  0.771270  0.341359  0.332282  0.076427  0.667668  0.429904  0.089267  0.840190  0.856132  0.088638  0.563194  0.171960  0.076733  0.322295  0.431495  0.246320  0.623984  0.163468  0.127724  0.169350  0.269605  0.076838  0.290333 0.0  0.110209  0.261846  0.128318  0.290315  0.440203  0.138370  0.251248  0.330624  0.899702  0.312491  0.596547  0.729048  0.385217  0.872930  0.846343  0.394600  0.205092  0.462977  0.644461  0.757832  0.397912  0.268786  0.537012  0.405989 
38  0.251867  0.351754  0.734225  0.362336  0.020097  0.329978  0.403290  0.534312  0.872600  0.420120  0.262078  0.291917  0.217734  0.121516  0.834262  0.486415  0.445684  0.186842  0.742118  0.675566  0.132309  0.642362  0.900787  0.026151  0.372256  0.132839  0.130689  0.308142  0.610766  0.049750  0.762004  0.000000  0.085677  0.064672  0.025765  0.123233  0.036773  0.110209 0.0  0.191235  0.082685  0.282126  0.340815  0.145916  0.285680  0.264205  0.673428  0.272751  0.581004  0.724413  0.295268  0.715743  0.914157  0.357787  0.460674  0.306757  0.818489  0.704444  0.290233  0.048923  0.734121  0.626301 
39  0.253182  0.294362  0.706315  0.248824  0.250588  0.206092  0.208982  0.286991  0.690350  0.248533  0.289429  0.316767  0.215956  0.345190  0.593434  0.247789  0.287302  0.168736  0.594834  0.734097  0.283385  0.592029  0.644402  0.343982  0.254273  0.367857  0.238483  0.289840  0.660204  0.300688  0.634605  0.204288  0.264862  0.248176  0.257427  0.188017  0.298979  0.261846  0.191235 0.0  0.262269  0.240629  0.238352  0.344436  0.233525  0.234788  0.724157  0.156020  0.621472  0.686906  0.542443  0.703483  0.640235  0.324134  0.535027  0.288879  0.722938  0.622758  0.371910  0.290198  0.680992  0.659308 
40  0.175897  0.476600  0.781749  0.402745  0.000000  0.449289  0.441503  0.310093  0.691895  0.385466  0.397081  0.509480  0.069079  0.266289  0.729115  0.265850  0.383745  0.065509  0.715636  0.439343  0.027868  0.885910  0.824139  0.134303  0.508393  0.199864  0.121055  0.336532  0.448278  0.248212  0.619336  0.170043  0.264552  0.110937  0.263759  0.122902  0.112979  0.128318  0.082685  0.262269 0.0  0.295366  0.475443  0.160656  0.232476  0.308403  0.875625  0.356250  0.585192  0.550584  0.235331  0.833896  0.673401  0.480682  0.208966  0.495224  0.684783  0.743759  0.428518  0.115630  0.475850  0.418155 
41  0.247842  0.290375  0.707419  0.157713  0.457347  0.097015  0.103458  0.276415  0.750828  0.101364  0.326206  0.095292  0.291640  0.319840  0.699098  0.308640  0.000000  0.303357  0.587367  0.722111  0.550060  0.407137  0.539395  0.356862  0.055306  0.268317  0.258198  0.150283  0.734943  0.298532  0.507063  0.318095  0.376391  0.339797  0.331715  0.469963  0.435189  0.290315  0.282126  0.240629  0.295366 0.0  0.044903  0.361203  0.338226  0.134213  0.481216  0.055566  0.620146  0.721640  0.603229  0.482139  0.744578  0.038218  0.544711  0.019794  0.827739  0.678489  0.073233  0.381469  0.702749  0.672341 
42  0.351125  0.439849  0.763708  0.155251  0.350249  0.099754  0.160061  0.384236  0.831154  0.069303  0.173936  0.218408  0.452632  0.513900  0.679260  0.327997  0.113062  0.330186  0.579564  0.740246  0.363790  0.574543  0.567878  0.374489  0.213417  0.482528  0.390311  0.038824  0.648679  0.499059  0.511528  0.490414  0.356334  0.493113  0.537394  0.312255  0.453242  0.440203  0.340815  0.238352  0.475443  0.044903 0.0  0.377562  0.270411  0.081030  0.584621  0.015285  0.763419  0.719627  0.542319  0.521332  0.758027  0.142797  0.549558  0.252434  0.726688  0.797726  0.253343  0.310853  0.743889  0.826467 
43  0.286895  0.386354  0.765597  0.420460  0.079613  0.507368  0.568254  0.324263  0.713313  0.242814  0.263765  0.551248  0.104511  0.235451  0.718313  0.286678  0.256265  0.108858  0.721957  0.486322  0.036779  0.968477  0.880145  0.000000  0.310954  0.158732  0.058087  0.443412  0.489996  0.091752  0.768080  0.228836  0.234420  0.135119  0.217663  0.077070  0.262627  0.138370  0.145916  0.344436  0.160656  0.361203  0.377562 0.0  0.329213  0.268982  0.964808  0.412343  0.617075  0.782836  0.378815  0.877086  0.759675  0.491017  0.187339  0.392811  0.707109  0.810859  0.437186  0.214466  0.487654  0.604024 
44  0.199110  0.334197  0.493220  0.422243  0.322283  0.209819  0.302170  0.150722  0.489202  0.446155  0.213225  0.298792  0.308856  0.368474  0.587977  0.354591  0.540597  0.357929  0.605361  0.820861  0.332135  0.774806  0.665131  0.446464  0.365213  0.316400  0.320217  0.453492  0.693414  0.340065  0.783401  0.309323  0.369046  0.407367  0.334867  0.400548  0.381280  0.251248  0.285680  0.233525  0.232476  0.338226  0.270411  0.329213 0.0  0.385572  0.731587  0.482224  0.729112  0.647005  0.612781  0.851003  0.404054  0.319610  0.583148  0.331253  0.329221  0.546002  0.361767  0.315739  0.721333  0.803664 
45  0.267980  0.351261  0.914709  0.189070  0.352403  0.074984  0.021721  0.392657  0.762952  0.247198  0.173766  0.000000  0.340209  0.267332  0.662353  0.265211  0.067881  0.314466  0.632755  0.909166  0.434860  0.527816  0.400005  0.379109  0.056073  0.379619  0.341579  0.200779  0.560724  0.186450  0.647549  0.333686  0.281465  0.342020  0.270726  0.426679  0.407371  0.330624  0.264205  0.234788  0.308403  0.134213  0.081030  0.268982  0.385572 0.0  0.448021  0.250731  0.598717  0.599137  0.583486  0.504689  0.761874  0.049656  0.496208  0.100167  0.731712  0.886258  0.034561  0.353913  0.732439  0.755488 
46  0.718157  0.820486  0.295802  0.565480  0.771056  0.552680  0.756098  0.658901  0.784157  0.573766  0.699618  0.700092  0.717495  0.829921  0.412488  0.744140  0.544368  0.746134  0.227468  0.773536  0.611989  0.283510  0.208961  0.767152  0.667615  0.831556  0.767686  0.491308  0.297626  0.916424  0.515493  0.841714  0.911647  0.834112  0.748657  0.768664  0.910405  0.899702  0.673428  0.724157  0.875625  0.481216  0.584621  0.964808  0.731587  0.448021 0.0  0.402304  0.927600  0.341254  0.592293  0.207459  0.342283  0.619029  0.635490  0.552745  0.255401  0.226431  0.576292  0.933520  0.262045  0.364932 
47  0.259174  0.302692  0.837146  0.126096  0.257915  0.095791  0.050832  0.412241  0.767387  0.107361  0.261802  0.098478  0.382247  0.377410  0.687155  0.281595  0.104322  0.306551  0.601800  0.735066  0.359036  0.434309  0.414161  0.435592  0.120811  0.429649  0.376914  0.208180  0.735563  0.331494  0.607108  0.409672  0.334843  0.358222  0.214261  0.382363  0.348749  0.312491  0.272751  0.156020  0.356250  0.055566  0.015285  0.412343  0.482224  0.250731  0.402304 0.0  0.731001  0.605452  0.614397  0.527425  0.707743  0.045941  0.609380  0.023761  0.751779  0.890358  0.071473  0.285562  0.775833  0.692734 
48  0.717695  0.871750  0.708833  0.856030  0.395376  0.797639  0.871699  0.695167  0.330642  0.772869  0.690637  0.908266  0.446971  0.665357  0.795314  0.734496  0.768787  0.406800  0.545896  0.068944  0.373042  0.999716  0.911543  0.519492  0.950002  0.592213  0.509728  0.740592  0.429996  0.613402  0.268239  0.533035  0.657483  0.684607  0.528937  0.426818  0.641043  0.596547  0.581004  0.621472  0.585192  0.620146  0.763419  0.617075  0.729112  0.598717  0.927600  0.731001 0.0  0.643100  0.395898  0.853194  0.746869  0.797465  0.343536  0.877821  0.735577  0.716411  0.795387  0.621293  0.449831  0.485317 
49  0.607333  0.656371  0.243816  0.723095  0.740018  0.611889  0.578949  0.670062  0.734515  0.705881  0.660838  0.606264  0.689887  0.661630  0.254630  0.555358  0.704627  0.710317  0.281292  0.578825  0.801982  0.160275  0.169268  0.756978  0.623935  0.655923  0.686571  0.758042  0.124595  0.706774  0.569739  0.728265  0.593014  0.616545  0.744710  0.683460  0.582338  0.729048  0.724413  0.686906  0.550584  0.721640  0.719627  0.782836  0.647005  0.599137  0.341254  0.605452  0.643100 0.0  0.425583  0.303324  0.223307  0.689524  0.468815  0.595517  0.285858  0.294417  0.657132  0.666030  0.175299  0.228422 
50  0.452547  0.623650  0.590796  0.598752  0.305242  0.597625  0.672343  0.483112  0.601502  0.654606  0.472631  0.662855  0.345572  0.293274  0.635107  0.717009  0.602079  0.335722  0.325279  0.411605  0.375688  0.542227  0.492349  0.369674  0.549418  0.318748  0.409649  0.671892  0.308357  0.378462  0.411187  0.334374  0.244234  0.372727  0.347569  0.312499  0.382723  0.385217  0.295268  0.542443  0.235331  0.603229  0.542319  0.378815  0.612781  0.583486  0.592293  0.614397  0.395898  0.425583 0.0  0.610925  0.622776  0.610002  0.226942  0.623012  0.604368  0.587623  0.652640  0.302711  0.231062  0.327067 
51  0.681654  0.809217  0.266640  0.582766  0.682676  0.565810  0.626266  0.676259  0.751807  0.562740  0.783837  0.608605  0.680890  0.937558  0.263928  0.778945  0.427711  0.660162  0.186638  0.741367  0.692794  0.103825  0.272487  0.622183  0.603636  0.870560  0.689704  0.467302  0.397178  0.998115  0.518288  0.932697  0.830621  0.945689  0.969087  0.747614  0.772330  0.872930  0.715743  0.703483  0.833896  0.482139  0.521332  0.877086  0.851003  0.504689  0.207459  0.527425  0.853194  0.303324  0.610925 0.0  0.315579  0.578675  0.564846  0.640068  0.379198  0.189098  0.643033  0.836796  0.361781  0.299968 
52  0.704102  0.607155  0.087130  0.823934  0.807816  0.756256  0.714357  0.501338  0.632910  0.774422  0.697428  0.737175  0.754040  0.745244  0.232678  0.791727  0.778518  0.880521  0.348990  0.782549  0.750923  0.300540  0.292781  0.701512  0.689070  0.800257  0.682335  0.812404  0.396898  0.726316  0.756291  0.690218  0.617359  0.820878  0.759589  0.794970  0.749393  0.846343  0.914157  0.640235  0.673401  0.744578  0.758027  0.759675  0.404054  0.761874  0.342283  0.707743  0.746869  0.223307  0.622776  0.315579 0.0  0.736236  0.715471  0.735916  0.267938  0.081850  0.764501  0.739906  0.450240  0.540688 
53  0.226002  0.393894  0.709682  0.241988  0.278331  0.262774  0.128833  0.310874  0.848583  0.085965  0.360010  0.310379  0.371828  0.437439  0.688027  0.420234  0.079370  0.416382  0.613842  0.815482  0.322574  0.631737  0.629378  0.333579  0.267308  0.483176  0.313564  0.016129  0.703061  0.577907  0.500617  0.509035  0.486670  0.395446  0.508610  0.452655  0.484567  0.394600  0.357787  0.324134  0.480682  0.038218  0.142797  0.491017  0.319610  0.049656  0.619029  0.045941  0.797465  0.689524  0.610002  0.578675  0.736236 0.0  0.609512  0.167170  0.758187  0.690853  0.255206  0.439517  0.755369  0.846194 
54  0.506389  0.622984  0.597507  0.610543  0.189428  0.564852  0.495168  0.675447  0.763063  0.560335  0.211898  0.507983  0.355178  0.303151  0.706985  0.599153  0.509480  0.441433  0.446806  0.396419  0.264853  0.502260  0.590211  0.382197  0.492434  0.248512  0.366699  0.518981  0.359035  0.300680  0.578052  0.195375  0.318076  0.241620  0.264649  0.373083  0.245919  0.205092  0.460674  0.535027  0.208966  0.544711  0.549558  0.187339  0.583148  0.496208  0.635490  0.609380  0.343536  0.468815  0.226942  0.564846  0.715471  0.609512 0.0  0.612911  0.703582  0.459196  0.472635  0.424215  0.360589  0.385340 
55  0.350662  0.486386  0.790123  0.145467  0.305378  0.183367  0.217064  0.248194  0.732405  0.004721  0.348028  0.188277  0.380347  0.422501  0.658003  0.316301  0.138643  0.371887  0.756630  0.795213  0.355713  0.594249  0.611102  0.283136  0.229236  0.441071  0.298056  0.069133  0.705110  0.481990  0.491778  0.557922  0.508158  0.566973  0.484695  0.400531  0.470029  0.462977  0.306757  0.288879  0.495224  0.019794  0.252434  0.392811  0.331253  0.100167  0.552745  0.023761  0.877821  0.595517  0.623012  0.640068  0.735916  0.167170  0.612911 0.0  0.729880  0.673257  0.253036  0.435090  0.703802  0.807626 
56  0.729567  0.666487  0.047699  0.954179  0.708701  0.737741  0.804995  0.595899  0.543257  0.698154  0.657786  0.755463  0.795651  0.655721  0.297278  0.876382  0.772337  0.790955  0.184509  0.885489  0.755446  0.409039  0.224106  0.809908  0.736444  0.696939  0.810974  0.764474  0.445593  0.737003  0.837089  0.758605  0.722895  0.761240  0.586391  0.806112  0.703073  0.644461  0.818489  0.722938  0.684783  0.827739  0.726688  0.707109  0.329221  0.731712  0.255401  0.751779  0.735577  0.285858  0.604368  0.379198  0.267938  0.758187  0.703582  0.729880 0.0  0.031056  0.745886  0.734412  0.523482  0.384480 
57  0.733807  0.753482  0.253251  0.787835  0.748254  0.673427  0.604774  0.452963  0.483693  0.783356  0.641816  0.747902  0.735408  0.780968  0.038115  0.732793  0.940495  0.807231  0.186904  0.806596  0.710920  0.311584  0.358964  0.910937  0.721361  0.612224  0.789719  0.867649  0.493758  0.814503  0.846126  0.844867  0.672337  0.866266  0.703284  0.867686  0.720624  0.757832  0.704444  0.622758  0.743759  0.678489  0.797726  0.810859  0.546002  0.886258  0.226431  0.890358  0.716411  0.294417  0.587623  0.189098  0.081850  0.690853  0.459196  0.673257  0.031056 0.0  0.732845  0.788291  0.366567  0.379203 
58  0.230978  0.553726  0.785597  0.084550  0.371956  0.152885  0.113946  0.342876  0.707685  0.128564  0.400659  0.222712  0.328265  0.499826  0.804723  0.272253  0.104020  0.276525  0.699414  0.736522  0.431015  0.597953  0.681733  0.355358  0.164945  0.481108  0.287194  0.072016  0.842126  0.376243  0.354667  0.409023  0.281054  0.442501  0.433851  0.419336  0.491258  0.397912  0.290233  0.371910  0.428518  0.073233  0.253343  0.437186  0.361767  0.034561  0.576292  0.071473  0.795387  0.657132  0.652640  0.643033  0.764501  0.255206  0.472635  0.253036  0.745886  0.732845 0.0  0.488521  0.731795  0.731776 
59  0.300005  0.484778  0.783979  0.453441  0.047731  0.524711  0.506691  0.282728  0.838465  0.284005  0.379189  0.476923  0.065092  0.258735  0.743195  0.367937  0.419813  0.120861  0.610872  0.554130  0.154800  0.988360  0.950918  0.127039  0.429131  0.165282  0.076317  0.323216  0.485175  0.168037  0.786784  0.130640  0.250735  0.189475  0.132749  0.077768  0.284363  0.268786  0.048923  0.290198  0.115630  0.381469  0.310853  0.214466  0.315739  0.353913  0.933520  0.285562  0.621293  0.666030  0.302711  0.836796  0.739906  0.439517  0.424215  0.435090  0.734412  0.788291  0.488521 0.0  0.442569  0.394777 
60  0.679149  0.753975  0.367996  0.764060  0.520986  0.706092  0.717911  0.871875  0.809708  0.630823  0.551402  0.784075  0.554268  0.581940  0.408674  0.872256  0.820579  0.557115  0.363405  0.672775  0.569943  0.366474  0.300122  0.517279  0.896985  0.460509  0.648594  0.785909  0.214360  0.375894  0.589387  0.539129  0.470349  0.429173  0.457374  0.446049  0.443162  0.537012  0.734121  0.680992  0.475850  0.702749  0.743889  0.487654  0.721333  0.732439  0.262045  0.775833  0.449831  0.175299  0.231062  0.361781  0.450240  0.755369  0.360589  0.703802  0.523482  0.366567  0.731795  0.442569 0.0  0.197312 
61  0.659231  0.789347  0.328528  0.648151  0.397099  0.812824  0.669234  0.891887  0.890915  0.773322  0.668157  0.689787  0.596679  0.452182  0.466300  0.858169  0.695419  0.614996  0.215782  0.668810  0.426008  0.227913  0.307646  0.455992  0.803124  0.504244  0.703570  0.725066  0.217285  0.394403  0.614376  0.479368  0.470735  0.460928  0.503542  0.476978  0.455493  0.405989  0.626301  0.659308  0.418155  0.672341  0.826467  0.604024  0.803664  0.755488  0.364932  0.692734  0.485317  0.228422  0.327067  0.299968  0.540688  0.846194  0.385340  0.807626  0.384480  0.379203  0.731776  0.394777  0.197312 0.0 
