62
0 0.0  0.274668  0.777642  0.239331  0.275378  0.317763  0.318943  0.270900  0.708030  0.287765  0.333800  0.338820  0.330323  0.139186  0.625298  0.239597  0.265713  0.158331  0.761966  0.696871  0.343882  0.613471  0.614901  0.159736  0.290639  0.282675  0.223653  0.282574  0.643632  0.317106  0.683370  0.317776  0.276369  0.214136  0.271215  0.301901  0.191281  0.219324  0.352693  0.292177  0.269840  0.275408  0.215535  0.331782  0.299060  0.317408  0.792839  0.287938  0.757032  0.794223  0.494004  0.741011  0.676303  0.276411  0.625227  0.277687  0.699754  0.749420  0.266938  0.196726  0.756286  0.747791 
1  0.274668 0.0  0.809357  0.407082  0.335127  0.420766  0.396463  0.315976  0.820837  0.269025  0.335223  0.492918  0.414343  0.448434  0.805382  0.064771  0.274850  0.373272  0.669349  0.770356  0.363293  0.958021  0.863688  0.374526  0.492833  0.581122  0.451141  0.274817  0.800918  0.466607  0.778067  0.486628  0.482061  0.460397  0.476498  0.436979  0.473329  0.465978  0.432158  0.381830  0.581676  0.354211  0.439885  0.591278  0.263550  0.273714  0.870529  0.320888  0.868749  0.665844  0.561123  0.886157  0.684405  0.475160  0.602069  0.509430  0.716316  0.724971  0.440148  0.510153  0.783523  0.639632 
2  0.777642  0.809357 0.0  0.778148  0.820861  0.647552  0.743482  0.569534  0.456313  0.825135  0.696924  0.806930  0.815125  0.745427  0.133668  0.837892  0.938896  0.665958  0.166064  0.842452  0.749455  0.342907  0.212778  0.882011  0.752480  0.698553  0.786027  0.983430  0.308340  0.866215  0.851028  0.738161  0.712019  0.686690  0.806846  0.870151  0.738478  0.889160  0.720465  0.705555  0.745336  0.702807  0.800466  0.904606  0.611525  0.911804  0.239996  0.949932  0.710075  0.247574  0.745262  0.360706  0.110297  0.739344  0.534895  0.840523  0.088576  0.306697  0.735186  0.800811  0.303530  0.426787 
3  0.239331  0.407082  0.778148 0.0  0.449130  0.143808  0.105863  0.399487  0.783293  0.071708  0.252368  0.120529  0.458677  0.433952  0.872351  0.512743  0.190365  0.411702  0.731131  0.859531  0.347842  0.566742  0.583844  0.376228  0.173765  0.470338  0.479392  0.087679  0.844712  0.512742  0.603302  0.473052  0.347389  0.430774  0.410722  0.360062  0.375784  0.486864  0.361772  0.130438  0.443868  0.100727  0.096182  0.343701  0.436970  0.045006  0.551368  0.176174  0.778983  0.717116  0.509766  0.567634  0.822788  0.146513  0.632478  0.200966  0.817996  0.748915  0.092433  0.397447  0.803604  0.861369 
4  0.275378  0.335127  0.820861  0.449130 0.0  0.386610  0.459899  0.379267  0.811618  0.413723  0.242215  0.336037  0.035075  0.000000  0.812803  0.409225  0.316401  0.225072  0.729947  0.448010  0.157914  0.816188  0.737631  0.012087  0.293600  0.070940  0.136091  0.291429  0.565111  0.153520  0.805504  0.117028  0.081197  0.195855  0.079888  0.129042  0.000000  0.125512  0.068532  0.346330  0.116450  0.545192  0.344355  0.000000  0.366711  0.321697  0.846127  0.322629  0.523567  0.735516  0.294971  0.751667  0.786687  0.372748  0.256503  0.349689  0.792270  0.798195  0.313904  0.048994  0.450459  0.436853 
5  0.317763  0.420766  0.647552  0.143808  0.386610 0.0  0.186096  0.470835  0.743110  0.129494  0.283278  0.244504  0.379292  0.493900  0.695347  0.321907  0.070775  0.367337  0.757188  0.590706  0.260958  0.647055  0.613391  0.299264  0.165688  0.545242  0.347280  0.044238  0.779797  0.656115  0.521695  0.459879  0.513489  0.471424  0.501442  0.336224  0.563309  0.479632  0.318387  0.400134  0.596855  0.067072  0.267674  0.428797  0.376158  0.070586  0.730948  0.150913  0.951190  0.733393  0.627166  0.694324  0.882447  0.299756  0.591099  0.235289  0.799741  0.775560  0.141703  0.539919  0.790252  0.765353 
6  0.318943  0.396463  0.743482  0.105863  0.459899  0.186096 0.0  0.391218  0.770218  0.063691  0.453377  0.229484  0.281978  0.576007  0.724569  0.341280  0.071925  0.466806  0.701515  0.784813  0.235864  0.579945  0.624445  0.364401  0.115651  0.600184  0.373355  0.118536  0.821291  0.418081  0.573868  0.564154  0.471207  0.587140  0.376849  0.379958  0.526567  0.474375  0.522154  0.315243  0.564919  0.068786  0.093260  0.465206  0.416448  0.149195  0.643347  0.066282  0.938355  0.685127  0.474396  0.469377  0.863679  0.223005  0.696232  0.210564  0.749959  0.722534  0.256229  0.437712  0.740102  0.873194 
7  0.270900  0.315976  0.569534  0.399487  0.379267  0.470835  0.391218 0.0  0.628188  0.350679  0.150930  0.370818  0.475389  0.452329  0.706202  0.484695  0.394854  0.490806  0.653187  0.892364  0.304412  0.761672  0.711089  0.374134  0.279354  0.361722  0.573415  0.417053  0.938672  0.317295  0.766818  0.408949  0.352833  0.351313  0.324409  0.483125  0.341858  0.401790  0.482407  0.208466  0.301651  0.224693  0.284519  0.440287  0.096125  0.429313  0.696727  0.291782  0.774961  0.689969  0.574245  0.763698  0.691511  0.302289  0.749498  0.315154  0.687893  0.508345  0.327917  0.315087  0.795766  0.868555 
8  0.708030  0.820837  0.456313  0.783293  0.811618  0.743110  0.770218  0.628188 0.0  0.777975  0.574126  0.738129  0.961074  0.911113  0.573025  0.897012  0.763691  0.890647  0.718298  0.512192  0.703809  0.730911  0.713253  0.755121  0.832073  0.737280  0.797586  0.764239  0.914520  0.802365  0.263482  0.834150  0.743468  0.712437  0.707108  0.832264  0.743998  0.716327  0.880817  0.571032  0.909325  0.806942  0.878772  0.662004  0.387744  0.745304  0.730460  0.819794  0.268400  0.655574  0.559013  0.657553  0.652785  0.699970  0.638746  0.730679  0.638695  0.438921  0.727211  0.708475  0.956014  0.895594 
9  0.287765  0.269025  0.825135  0.071708  0.413723  0.129494  0.063691  0.350679  0.777975 0.0  0.200059  0.079483  0.284846  0.402912  0.825230  0.451929  0.172386  0.295463  0.688263  0.918102  0.298707  0.479749  0.519635  0.448007  0.094729  0.320477  0.336872  0.234133  0.799670  0.273600  0.659906  0.368746  0.373923  0.334744  0.344023  0.414808  0.372996  0.364403  0.332005  0.360034  0.340623  0.163100  0.183958  0.411040  0.448457  0.145891  0.408615  0.133236  0.825482  0.699946  0.680890  0.564351  0.777921  0.043614  0.466076  0.176798  0.827746  0.945403  0.074899  0.307130  0.737738  0.800468 
10  0.333800  0.335223  0.696924  0.252368  0.242215  0.283278  0.453377  0.150930  0.574126  0.200059 0.0  0.455667  0.325370  0.341603  0.625498  0.157132  0.243037  0.186012  0.624370  0.653938  0.161640  0.816584  0.908147  0.230387  0.338855  0.381059  0.250153  0.172704  0.686066  0.299103  0.642036  0.482939  0.364142  0.256437  0.323520  0.204054  0.383820  0.418022  0.125632  0.226484  0.266334  0.311984  0.301740  0.281487  0.253060  0.186629  0.787063  0.255667  0.806179  0.721792  0.474041  0.681562  0.651679  0.388327  0.373920  0.383299  0.543108  0.675407  0.343704  0.406132  0.647090  0.540844 
11  0.338820  0.492918  0.806930  0.120529  0.336037  0.244504  0.229484  0.370818  0.738129  0.079483  0.455667 0.0  0.384091  0.451964  0.658209  0.427377  0.191209  0.412681  0.659917  0.812995  0.297266  0.588354  0.692615  0.310694  0.190515  0.537068  0.330708  0.028279  0.774456  0.475590  0.471295  0.479338  0.409249  0.518574  0.329814  0.453246  0.495812  0.514821  0.387699  0.293502  0.480589  0.118195  0.148100  0.491390  0.396175  0.121121  0.698540  0.044534  0.888476  0.579943  0.607822  0.672287  0.678217  0.206411  0.658038  0.137891  0.719551  0.790489  0.258539  0.474250  0.802981  0.847708 
12  0.330323  0.414343  0.815125  0.458677  0.035075  0.379292  0.281978  0.475389  0.961074  0.284846  0.325370  0.384091 0.0  0.000000  0.806982  0.521989  0.400537  0.112290  0.632479  0.608227  0.173426  0.688607  0.867893  0.099647  0.376660  0.000000  0.108671  0.302821  0.564371  0.041232  0.753914  0.028315  0.100358  0.094675  0.000000  0.245103  0.192636  0.044187  0.233763  0.240311  0.076477  0.346050  0.300890  0.079290  0.256470  0.304292  0.817102  0.360047  0.506427  0.595856  0.342587  0.710148  0.874797  0.343602  0.425386  0.336349  0.931809  0.891218  0.308206  0.019796  0.619843  0.551373 
13  0.139186  0.448434  0.745427  0.433952  0.000000  0.493900  0.576007  0.452329  0.911113  0.402912  0.341603  0.451964  0.000000 0.0  0.699871  0.410572  0.326625  0.000000  0.667545  0.488249  0.104159  0.879984  0.766261  0.115366  0.445345  0.132590  0.050592  0.416666  0.418091  0.163030  0.773961  0.064519  0.297723  0.226082  0.190715  0.052419  0.136132  0.230849  0.176765  0.258962  0.177703  0.425953  0.450991  0.251663  0.355482  0.353248  0.998355  0.291944  0.579888  0.607202  0.265741  0.892245  0.779372  0.552618  0.200476  0.560441  0.759801  0.868619  0.590950  0.146179  0.406703  0.446579 
14  0.625298  0.805382  0.133668  0.872351  0.812803  0.695347  0.724569  0.706202  0.573025  0.825230  0.625498  0.658209  0.806982  0.699871 0.0  0.830487  0.636433  0.942791  0.325913  0.804258  0.757415  0.418115  0.376112  0.797015  0.859130  0.721688  0.911616  0.723496  0.549895  0.761121  0.621396  0.821210  0.796366  0.634358  0.693019  0.872330  0.802549  0.721258  0.924393  0.672809  0.840253  0.786531  0.715416  0.705169  0.307452  0.869250  0.306519  0.782324  0.636438  0.252712  0.629991  0.210977  0.185346  0.773883  0.719161  0.695323  0.197348  0.139954  0.710581  0.731571  0.451483  0.488885 
15  0.239597  0.064771  0.837892  0.512743  0.409225  0.321907  0.341280  0.484695  0.897012  0.451929  0.157132  0.427377  0.521989  0.410572  0.830487 0.0  0.274814  0.490574  0.712786  0.906136  0.345814  0.782492  0.732115  0.327001  0.360752  0.438701  0.468552  0.263318  0.845920  0.319356  0.864568  0.300104  0.322566  0.363341  0.563393  0.495127  0.323938  0.358989  0.463368  0.254357  0.271610  0.258712  0.297420  0.250043  0.399334  0.298338  0.794398  0.317841  0.791390  0.706241  0.589769  0.824755  0.905683  0.440828  0.735492  0.291519  0.906827  0.737654  0.247463  0.361897  0.919987  0.914248 
16  0.265713  0.274850  0.938896  0.190365  0.316401  0.070775  0.071925  0.394854  0.763691  0.172386  0.243037  0.191209  0.400537  0.326625  0.636433  0.274814 0.0  0.319299  0.745553  0.784918  0.409227  0.541775  0.564685  0.587355  0.059052  0.269935  0.403960  0.268349  0.831088  0.414054  0.655902  0.277273  0.408290  0.333109  0.300965  0.391151  0.338965  0.384654  0.264955  0.281900  0.332742  0.027087  0.020861  0.372233  0.498618  0.287693  0.446978  0.215225  0.769532  0.691081  0.685337  0.505631  0.777956  0.050555  0.601431  0.033097  0.736782  0.946518  0.153429  0.369400  0.774555  0.714483 
17  0.158331  0.373272  0.665958  0.411702  0.225072  0.367337  0.466806  0.490806  0.890647  0.295463  0.186012  0.412681  0.112290  0.000000  0.942791  0.490574  0.319299 0.0  0.712259  0.657867  0.124505  0.776610  0.624599  0.171671  0.325024  0.032955  0.249642  0.291989  0.685311  0.067466  0.813459  0.174138  0.020262  0.119665  0.078466  0.126030  0.069183  0.035653  0.173012  0.198194  0.029833  0.557719  0.299285  0.125053  0.441679  0.325356  0.812462  0.293352  0.522062  0.760477  0.318482  0.746262  0.910823  0.329315  0.516950  0.289902  0.804062  0.734251  0.279164  0.147638  0.590897  0.651733 
18  0.761966  0.669349  0.166064  0.731131  0.729947  0.757188  0.701515  0.653187  0.718298  0.688263  0.624370  0.659917  0.632479  0.667545  0.325913  0.712786  0.745553  0.712259 0.0  0.695272  0.761279  0.256553  0.204168  0.731688  0.723983  0.746448  0.702378  0.705818  0.165603  0.748734  0.656509  0.702327  0.781894  0.699463  0.702877  0.707881  0.701833  0.739385  0.674915  0.761630  0.533978  0.666236  0.710343  0.796667  0.668043  0.793781  0.199831  0.715758  0.697644  0.327233  0.414352  0.305606  0.239678  0.777354  0.584835  0.649815  0.297101  0.277208  0.679840  0.646494  0.447436  0.234491 
19  0.696871  0.770356  0.842452  0.859531  0.448010  0.590706  0.784813  0.892364  0.512192  0.918102  0.653938  0.812995  0.608227  0.488249  0.804258  0.906136  0.784918  0.657867  0.695272 0.0  0.539827  0.702072  0.852172  0.494496  0.705317  0.611056  0.700346  0.769221  0.665201  0.552097  0.273749  0.443698  0.466436  0.375668  0.346759  0.500569  0.473993  0.500797  0.680034  0.663470  0.504909  0.720082  0.745198  0.587452  0.775370  0.793737  0.730345  0.672208  0.000000  0.611991  0.324437  0.741896  0.897354  0.735843  0.568137  0.697193  0.846290  0.761561  0.748500  0.600980  0.699049  0.602308 
20  0.343882  0.363293  0.749455  0.347842  0.157914  0.260958  0.235864  0.304412  0.703809  0.298707  0.161640  0.297266  0.173426  0.104159  0.757415  0.345814  0.409227  0.124505  0.761279  0.539827 0.0  0.759762  0.766042  0.020044  0.423801  0.002646  0.064200  0.384582  0.518430  0.112687  0.746915  0.086055  0.000000  0.189549  0.143641  0.096039  0.105990  0.000000  0.069620  0.200178  0.057082  0.502745  0.339530  0.089998  0.346860  0.341791  0.818436  0.309057  0.435056  0.739604  0.365625  0.816735  0.783612  0.444743  0.332557  0.305831  0.683662  0.799297  0.241394  0.095091  0.551135  0.508404 
21  0.613471  0.958021  0.342907  0.566742  0.816188  0.647055  0.579945  0.761672  0.730911  0.479749  0.816584  0.588354  0.688607  0.879984  0.418115  0.782492  0.541775  0.776610  0.256553  0.702072  0.759762 0.0  0.130081  0.723093  0.670151  0.848556  0.676187  0.474280  0.357730  0.935087  0.423028  0.895393  0.976331  0.954729  0.881811  0.787713  0.936700  0.845838  0.730386  0.710966  0.895622  0.436674  0.655998  0.958722  0.819660  0.447765  0.139088  0.516714  0.867240  0.302757  0.621347  0.246908  0.298377  0.571202  0.654455  0.590389  0.363949  0.299807  0.551971  0.956005  0.309042  0.387989 
22  0.614901  0.863688  0.212778  0.583844  0.737631  0.613391  0.624445  0.711089  0.713253  0.519635  0.908147  0.692615  0.867893  0.766261  0.376112  0.732115  0.564685  0.624599  0.204168  0.852172  0.766042  0.130081 0.0  0.660325  0.531046  0.933866  0.886722  0.557663  0.451066  0.886474  0.399790  0.773438  0.925824  0.944745  0.947469  0.830370  0.955168  0.844071  0.754610  0.739909  0.834851  0.425445  0.651427  0.982656  0.773676  0.543321  0.129840  0.493658  0.869981  0.248281  0.487193  0.197770  0.355278  0.679530  0.571616  0.576947  0.309581  0.280856  0.624612  0.893080  0.258730  0.318330 
23  0.159736  0.374526  0.882011  0.376228  0.012087  0.299264  0.364401  0.374134  0.755121  0.448007  0.230387  0.310694  0.099647  0.115366  0.797015  0.327001  0.587355  0.171671  0.731688  0.494496  0.020044  0.723093  0.660325 0.0  0.430015  0.027956  0.046068  0.486587  0.415404  0.095036  0.969545  0.007451  0.214227  0.211539  0.074962  0.158441  0.047324  0.064620  0.165595  0.337827  0.089699  0.330881  0.379313  0.145369  0.524764  0.460190  0.804319  0.456298  0.554163  0.665487  0.310762  0.868089  0.741579  0.349615  0.226148  0.197369  0.859681  0.875704  0.404802  0.050310  0.558721  0.549243 
24  0.290639  0.492833  0.752480  0.173765  0.293600  0.165688  0.115651  0.279354  0.832073  0.094729  0.338855  0.190515  0.376660  0.445345  0.859130  0.360752  0.059052  0.325024  0.723983  0.705317  0.423801  0.670151  0.531046  0.430015 0.0  0.542498  0.351801  0.041422  0.832877  0.514309  0.446952  0.433699  0.404176  0.458261  0.593297  0.410505  0.579828  0.383559  0.333431  0.199353  0.472359  0.086501  0.179836  0.497347  0.306747  0.145270  0.541168  0.033124  0.910443  0.798581  0.625235  0.591486  0.813311  0.131894  0.507327  0.192760  0.807776  0.821126  0.237842  0.526409  0.798361  0.802660 
25  0.282675  0.581122  0.698553  0.470338  0.070940  0.545242  0.600184  0.361722  0.737280  0.320477  0.381059  0.537068  0.000000  0.132590  0.721688  0.438701  0.269935  0.032955  0.746448  0.611056  0.002646  0.848556  0.933866  0.027956  0.542498 0.0  0.025321  0.458431  0.520620  0.278519  0.764616  0.319243  0.257268  0.192910  0.222812  0.174044  0.199508  0.236065  0.052487  0.161029  0.215371  0.392475  0.507307  0.239048  0.350499  0.379021  0.941775  0.400816  0.591988  0.703251  0.410332  0.841753  0.731742  0.368999  0.280337  0.447202  0.808277  0.820957  0.504394  0.136879  0.433045  0.425474 
26  0.223653  0.451141  0.786027  0.479392  0.136091  0.347280  0.373355  0.573415  0.797586  0.336872  0.250153  0.330708  0.108671  0.050592  0.911616  0.468552  0.403960  0.249642  0.702378  0.700346  0.064200  0.676187  0.886722  0.046068  0.351801  0.025321 0.0  0.344808  0.654472  0.118274  0.798514  0.055202  0.154982  0.021140  0.000000  0.105681  0.047684  0.000000  0.265951  0.232621  0.068696  0.322415  0.318462  0.105409  0.428434  0.383754  0.741021  0.342615  0.498691  0.669982  0.282268  0.795520  0.942196  0.339986  0.311850  0.279586  0.961317  0.684574  0.431131  0.145979  0.546852  0.659001 
27  0.282574  0.274817  0.983430  0.087679  0.291429  0.044238  0.118536  0.417053  0.764239  0.234133  0.172704  0.028279  0.302821  0.416666  0.723496  0.263318  0.268349  0.291989  0.705818  0.769221  0.384582  0.474280  0.557663  0.486587  0.041422  0.458431  0.344808 0.0  0.785637  0.376213  0.512129  0.326560  0.265338  0.338323  0.366058  0.442765  0.375292  0.351540  0.413850  0.389101  0.368528  0.101505  0.089848  0.287661  0.549348  0.186747  0.522925  0.161444  0.740337  0.658050  0.721200  0.530712  0.820087  0.023039  0.536952  0.088120  0.849259  0.881429  0.160603  0.342902  0.643578  0.714070 
28  0.643632  0.800918  0.308340  0.844712  0.565111  0.779797  0.821291  0.938672  0.914520  0.799670  0.686066  0.774456  0.564371  0.418091  0.549895  0.845920  0.831088  0.685311  0.165603  0.665201  0.518430  0.357730  0.451066  0.415404  0.832877  0.520620  0.654472  0.785637 0.0  0.484773  0.791683  0.452431  0.489895  0.545683  0.532613  0.624173  0.465913  0.546324  0.711618  0.699432  0.598560  0.861337  0.729588  0.488368  0.748314  0.743021  0.440990  0.750520  0.518875  0.201892  0.210089  0.278271  0.518269  0.718983  0.427766  0.724873  0.520080  0.400268  0.719853  0.468845  0.180133  0.160721 
29  0.317106  0.466607  0.866215  0.512742  0.153520  0.656115  0.418081  0.317295  0.802365  0.273600  0.299103  0.475590  0.041232  0.163030  0.761121  0.319356  0.414054  0.067466  0.748734  0.552097  0.112687  0.935087  0.886474  0.095036  0.514309  0.278519  0.118274  0.376213  0.484773 0.0  0.709709  0.273530  0.169596  0.052655  0.256904  0.103643  0.231290  0.180109  0.110474  0.182871  0.130418  0.191687  0.454427  0.178852  0.448400  0.298463  0.856378  0.299685  0.622076  0.708200  0.356811  0.941602  0.628967  0.408377  0.185933  0.525615  0.814932  0.764126  0.511460  0.238506  0.483261  0.447448 
30  0.683370  0.778067  0.851028  0.603302  0.805504  0.521695  0.573868  0.766818  0.263482  0.659906  0.642036  0.471295  0.753914  0.773961  0.621396  0.864568  0.655902  0.813459  0.656509  0.273749  0.746915  0.423028  0.399790  0.969545  0.446952  0.764616  0.798514  0.512129  0.791683  0.709709 0.0  0.854895  0.777342  0.857136  0.845520  0.933869  0.824771  0.825212  0.765006  0.764554  0.794394  0.485033  0.471000  0.859326  0.870961  0.657315  0.595882  0.520710  0.426387  0.594231  0.635680  0.464265  0.759037  0.486964  0.652644  0.515161  0.781290  0.971649  0.445510  0.763387  0.734673  0.726214 
31  0.317776  0.486628  0.738161  0.473052  0.117028  0.459879  0.564154  0.408949  0.834150  0.368746  0.482939  0.479338  0.028315  0.064519  0.821210  0.300104  0.277273  0.174138  0.702327  0.443698  0.086055  0.895393  0.773438  0.007451  0.433699  0.319243  0.055202  0.326560  0.452431  0.273530  0.854895 0.0  0.256299  0.279156  0.117686  0.146596  0.056219  0.236318  0.051001  0.256897  0.176213  0.304299  0.390501  0.222810  0.257932  0.281136  0.956289  0.330521  0.578136  0.691141  0.483471  0.897561  0.728525  0.487345  0.209990  0.470116  0.858034  0.819020  0.501580  0.305407  0.397100  0.470979 
32  0.276369  0.482061  0.712019  0.347389  0.081197  0.513489  0.471207  0.352833  0.743468  0.373923  0.364142  0.409249  0.100358  0.297723  0.796366  0.322566  0.408290  0.020262  0.781894  0.466436  0.000000  0.976331  0.925824  0.214227  0.404176  0.257268  0.154982  0.265338  0.489895  0.169596  0.777342  0.256299 0.0  0.243998  0.288372  0.127666  0.376774  0.184677  0.112076  0.180146  0.272843  0.325555  0.482514  0.117821  0.409562  0.302319  0.751984  0.301070  0.780001  0.778294  0.356324  0.831778  0.826453  0.471973  0.314950  0.391503  0.912458  0.813621  0.429759  0.159975  0.484857  0.479516 
33  0.214136  0.460397  0.686690  0.430774  0.195855  0.471424  0.587140  0.351313  0.712437  0.334744  0.256437  0.518574  0.094675  0.226082  0.634358  0.363341  0.333109  0.119665  0.699463  0.375668  0.189549  0.954729  0.944745  0.211539  0.458261  0.192910  0.021140  0.338323  0.545683  0.052655  0.857136  0.279156  0.243998 0.0  0.206624  0.094887  0.242401  0.210100  0.069819  0.259774  0.165526  0.370055  0.483644  0.212149  0.241293  0.396003  0.890842  0.247863  0.649774  0.589331  0.291839  0.915812  0.856004  0.537667  0.203394  0.516677  0.808894  0.780668  0.530768  0.215669  0.556003  0.504982 
34  0.271215  0.476498  0.806846  0.410722  0.079888  0.501442  0.376849  0.324409  0.707108  0.344023  0.323520  0.329814  0.000000  0.190715  0.693019  0.563393  0.300965  0.078466  0.702877  0.346759  0.143641  0.881811  0.947469  0.074962  0.593297  0.222812  0.000000  0.366058  0.532613  0.256904  0.845520  0.117686  0.288372  0.206624 0.0  0.126049  0.250822  0.193951  0.055318  0.271675  0.264485  0.429552  0.506315  0.117487  0.248649  0.285608  0.922499  0.360675  0.433915  0.732416  0.270797  0.775615  0.892008  0.566001  0.404450  0.509438  0.827699  0.681809  0.487220  0.206027  0.471808  0.520157 
35  0.301901  0.436979  0.870151  0.360062  0.129042  0.336224  0.379958  0.483125  0.832264  0.414808  0.204054  0.453246  0.245103  0.052419  0.872330  0.495127  0.391151  0.126030  0.707881  0.500569  0.096039  0.787713  0.830370  0.158441  0.410505  0.174044  0.105681  0.442765  0.624173  0.103643  0.933869  0.146596  0.127666  0.094887  0.126049 0.0  0.159694  0.321397  0.062495  0.204734  0.103882  0.487675  0.359087  0.105592  0.333493  0.367554  0.829193  0.466619  0.665929  0.719418  0.325914  0.831161  0.918318  0.484945  0.223168  0.496825  0.822548  0.840461  0.439399  0.017284  0.590962  0.644200 
36  0.191281  0.473329  0.738478  0.375784  0.000000  0.563309  0.526567  0.341858  0.743998  0.372996  0.383820  0.495812  0.192636  0.136132  0.802549  0.323938  0.338965  0.069183  0.701833  0.473993  0.105990  0.936700  0.955168  0.047324  0.579828  0.199508  0.047684  0.375292  0.465913  0.231290  0.824771  0.056219  0.376774  0.242401  0.250822  0.159694 0.0  0.245848  0.058277  0.194238  0.216069  0.324113  0.485362  0.141271  0.262405  0.403093  1.000000  0.341439  0.495730  0.826910  0.272885  0.923433  0.889412  0.443670  0.308316  0.395491  0.811231  0.781257  0.484403  0.099400  0.495140  0.551040 
37  0.219324  0.465978  0.889160  0.486864  0.125512  0.479632  0.474375  0.401790  0.716327  0.364403  0.418022  0.514821  0.044187  0.230849  0.721258  0.358989  0.384654  0.035653  0.739385  0.500797  0.000000  0.845838  0.844071  0.064620  0.383559  0.236065  0.000000  0.351540  0.546324  0.180109  0.825212  0.236318  0.184677  0.210100  0.193951  0.321397  0.245848 0.0  0.000000  0.297353  0.287923  0.280126  0.501718  0.312947  0.373535  0.221016  0.994497  0.426339  0.674575  0.790004  0.386089  0.882703  0.845173  0.519609  0.223074  0.486085  0.705154  0.785923  0.367412  0.109767  0.506158  0.495771 
38  0.352693  0.432158  0.720465  0.361772  0.068532  0.318387  0.522154  0.482407  0.880817  0.332005  0.125632  0.387699  0.233763  0.176765  0.924393  0.463368  0.264955  0.173012  0.674915  0.680034  0.069620  0.730386  0.754610  0.165595  0.333431  0.052487  0.265951  0.413850  0.711618  0.110474  0.765006  0.051001  0.112076  0.069819  0.055318  0.062495  0.058277  0.000000 0.0  0.263363  0.133226  0.458256  0.404182  0.105199  0.457851  0.274041  0.757782  0.278282  0.569981  0.785888  0.358200  0.736996  0.829615  0.231255  0.482169  0.448513  0.850420  0.771748  0.287885  0.042474  0.627082  0.554179 
39  0.292177  0.381830  0.705555  0.130438  0.346330  0.400134  0.315243  0.208466  0.571032  0.360034  0.226484  0.293502  0.240311  0.258962  0.672809  0.254357  0.281900  0.198194  0.761630  0.663470  0.200178  0.710966  0.739909  0.337827  0.199353  0.161029  0.232621  0.389101  0.699432  0.182871  0.764554  0.256897  0.180146  0.259774  0.271675  0.204734  0.194238  0.297353  0.263363 0.0  0.284546  0.229149  0.249201  0.309609  0.205448  0.334000  0.535682  0.272434  0.648285  0.722755  0.420835  0.721463  0.695435  0.286740  0.540294  0.244977  0.641044  0.721461  0.242070  0.165714  0.731495  0.730855 
40  0.269840  0.581676  0.745336  0.443868  0.116450  0.596855  0.564919  0.301651  0.909325  0.340623  0.266334  0.480589  0.076477  0.177703  0.840253  0.271610  0.332742  0.029833  0.533978  0.504909  0.057082  0.895622  0.834851  0.089699  0.472359  0.215371  0.068696  0.368528  0.598560  0.130418  0.794394  0.176213  0.272843  0.165526  0.264485  0.103882  0.216069  0.287923  0.133226  0.284546 0.0  0.266256  0.501894  0.269611  0.259907  0.339121  0.950181  0.353181  0.661671  0.705605  0.446966  0.929966  0.768623  0.504930  0.339556  0.500575  0.660729  0.837054  0.369581  0.244892  0.536518  0.562930 
41  0.275408  0.354211  0.702807  0.100727  0.545192  0.067072  0.068786  0.224693  0.806942  0.163100  0.311984  0.118195  0.346050  0.425953  0.786531  0.258712  0.027087  0.557719  0.666236  0.720082  0.502745  0.436674  0.425445  0.330881  0.086501  0.392475  0.322415  0.101505  0.861337  0.191687  0.485033  0.304299  0.325555  0.370055  0.429552  0.487675  0.324113  0.280126  0.458256  0.229149  0.266256 0.0  0.123338  0.297333  0.238655  0.066148  0.479553  0.172311  0.775869  0.664411  0.673142  0.514256  0.784220  0.119295  0.578436  0.179399  0.703341  0.858807  0.005974  0.269497  0.623870  0.878296 
42  0.215535  0.439885  0.800466  0.096182  0.344355  0.267674  0.093260  0.284519  0.878772  0.183958  0.301740  0.148100  0.300890  0.450991  0.715416  0.297420  0.020861  0.299285  0.710343  0.745198  0.339530  0.655998  0.651427  0.379313  0.179836  0.507307  0.318462  0.089848  0.729588  0.454427  0.471000  0.390501  0.482514  0.483644  0.506315  0.359087  0.485362  0.501718  0.404182  0.249201  0.501894  0.123338 0.0  0.490308  0.417820  0.115033  0.612880  0.116246  0.765776  0.744884  0.590531  0.693777  0.724248  0.279548  0.369616  0.233306  0.799670  0.749666  0.300659  0.298489  0.760735  0.847697 
43  0.331782  0.591278  0.904606  0.343701  0.000000  0.428797  0.465206  0.440287  0.662004  0.411040  0.281487  0.491390  0.079290  0.251663  0.705169  0.250043  0.372233  0.125053  0.796667  0.587452  0.089998  0.958722  0.982656  0.145369  0.497347  0.239048  0.105409  0.287661  0.488368  0.178852  0.859326  0.222810  0.117821  0.212149  0.117487  0.105592  0.141271  0.312947  0.105199  0.309609  0.269611  0.297333  0.490308 0.0  0.354777  0.442267  0.813478  0.281544  0.649347  0.674767  0.301704  0.889326  0.874775  0.470030  0.270858  0.455919  0.774759  0.711430  0.584177  0.181575  0.550483  0.442137 
44  0.299060  0.263550  0.611525  0.436970  0.366711  0.376158  0.416448  0.096125  0.387744  0.448457  0.253060  0.396175  0.256470  0.355482  0.307452  0.399334  0.498618  0.441679  0.668043  0.775370  0.346860  0.819660  0.773676  0.524764  0.306747  0.350499  0.428434  0.549348  0.748314  0.448400  0.870961  0.257932  0.409562  0.241293  0.248649  0.333493  0.262405  0.373535  0.457851  0.205448  0.259907  0.238655  0.417820  0.354777 0.0  0.505138  0.711037  0.511081  0.797593  0.663961  0.570231  0.838906  0.416455  0.214134  0.543822  0.395831  0.519063  0.524631  0.288351  0.402438  0.672032  0.799659 
45  0.317408  0.273714  0.911804  0.045006  0.321697  0.070586  0.149195  0.429313  0.745304  0.145891  0.186629  0.121121  0.304292  0.353248  0.869250  0.298338  0.287693  0.325356  0.793781  0.793737  0.341791  0.447765  0.543321  0.460190  0.145270  0.379021  0.383754  0.186747  0.743021  0.298463  0.657315  0.281136  0.302319  0.396003  0.285608  0.367554  0.403093  0.221016  0.274041  0.334000  0.339121  0.066148  0.115033  0.442267  0.505138 0.0  0.489657  0.220237  0.757737  0.722004  0.680118  0.516088  0.763240  0.118640  0.514761  0.000000  0.681559  0.860135  0.120926  0.500555  0.867706  0.636018 
46  0.792839  0.870529  0.239996  0.551368  0.846127  0.730948  0.643347  0.696727  0.730460  0.408615  0.787063  0.698540  0.817102  0.998355  0.306519  0.794398  0.446978  0.812462  0.199831  0.730345  0.818436  0.139088  0.129840  0.804319  0.541168  0.941775  0.741021  0.522925  0.440990  0.856378  0.595882  0.956289  0.751984  0.890842  0.922499  0.829193  1.000000  0.994497  0.757782  0.535682  0.950181  0.479553  0.612880  0.813478  0.711037  0.489657 0.0  0.513758  0.886478  0.197310  0.559663  0.193962  0.309318  0.548303  0.576644  0.666468  0.323777  0.378945  0.610452  0.947876  0.299811  0.305820 
47  0.287938  0.320888  0.949932  0.176174  0.322629  0.150913  0.066282  0.291782  0.819794  0.133236  0.255667  0.044534  0.360047  0.291944  0.782324  0.317841  0.215225  0.293352  0.715758  0.672208  0.309057  0.516714  0.493658  0.456298  0.033124  0.400816  0.342615  0.161444  0.750520  0.299685  0.520710  0.330521  0.301070  0.247863  0.360675  0.466619  0.341439  0.426339  0.278282  0.272434  0.353181  0.172311  0.116246  0.281544  0.511081  0.220237  0.513758 0.0  0.809247  0.736966  0.679081  0.493225  0.756943  0.118273  0.524732  0.114681  0.721500  0.873427  0.017745  0.296688  0.825932  0.699970 
48  0.757032  0.868749  0.710075  0.778983  0.523567  0.951190  0.938355  0.774961  0.268400  0.825482  0.806179  0.888476  0.506427  0.579888  0.636438  0.791390  0.769532  0.522062  0.697644  0.000000  0.435056  0.867240  0.869981  0.554163  0.910443  0.591988  0.498691  0.740337  0.518875  0.622076  0.426387  0.578136  0.780001  0.649774  0.433915  0.665929  0.495730  0.674575  0.569981  0.648285  0.661671  0.775869  0.765776  0.649347  0.797593  0.757737  0.886478  0.809247 0.0  0.541407  0.267268  0.939527  0.799321  0.821521  0.357621  0.826865  0.758427  0.764974  0.941743  0.638407  0.453845  0.514519 
49  0.794223  0.665844  0.247574  0.717116  0.735516  0.733393  0.685127  0.689969  0.655574  0.699946  0.721792  0.579943  0.595856  0.607202  0.252712  0.706241  0.691081  0.760477  0.327233  0.611991  0.739604  0.302757  0.248281  0.665487  0.798581  0.703251  0.669982  0.658050  0.201892  0.708200  0.594231  0.691141  0.778294  0.589331  0.732416  0.719418  0.826910  0.790004  0.785888  0.722755  0.705605  0.664411  0.744884  0.674767  0.663961  0.722004  0.197310  0.736966  0.541407 0.0  0.449935  0.264348  0.213727  0.834182  0.623256  0.702263  0.240034  0.234087  0.602700  0.721700  0.220073  0.324606 
50  0.494004  0.561123  0.745262  0.509766  0.294971  0.627166  0.474396  0.574245  0.559013  0.680890  0.474041  0.607822  0.342587  0.265741  0.629991  0.589769  0.685337  0.318482  0.414352  0.324437  0.365625  0.621347  0.487193  0.310762  0.625235  0.410332  0.282268  0.721200  0.210089  0.356811  0.635680  0.483471  0.356324  0.291839  0.270797  0.325914  0.272885  0.386089  0.358200  0.420835  0.446966  0.673142  0.590531  0.301704  0.570231  0.680118  0.559663  0.679081  0.267268  0.449935 0.0  0.633189  0.741175  0.550898  0.495906  0.609900  0.576105  0.594215  0.579176  0.430715  0.402455  0.388419 
51  0.741011  0.886157  0.360706  0.567634  0.751667  0.694324  0.469377  0.763698  0.657553  0.564351  0.681562  0.672287  0.710148  0.892245  0.210977  0.824755  0.505631  0.746262  0.305606  0.741896  0.816735  0.246908  0.197770  0.868089  0.591486  0.841753  0.795520  0.530712  0.278271  0.941602  0.464265  0.897561  0.831778  0.915812  0.775615  0.831161  0.923433  0.882703  0.736996  0.721463  0.929966  0.514256  0.693777  0.889326  0.838906  0.516088  0.193962  0.493225  0.939527  0.264348  0.633189 0.0  0.402285  0.692818  0.598010  0.702437  0.363340  0.339375  0.659093  0.981689  0.250679  0.386625 
52  0.676303  0.684405  0.110297  0.822788  0.786687  0.882447  0.863679  0.691511  0.652785  0.777921  0.651679  0.678217  0.874797  0.779372  0.185346  0.905683  0.777956  0.910823  0.239678  0.897354  0.783612  0.298377  0.355278  0.741579  0.813311  0.731742  0.942196  0.820087  0.518269  0.628967  0.759037  0.728525  0.826453  0.856004  0.892008  0.918318  0.889412  0.845173  0.829615  0.695435  0.768623  0.784220  0.724248  0.874775  0.416455  0.763240  0.309318  0.756943  0.799321  0.213727  0.741175  0.402285 0.0  0.773136  0.624454  0.761063  0.256503  0.117909  0.742279  0.733560  0.566415  0.557061 
53  0.276411  0.475160  0.739344  0.146513  0.372748  0.299756  0.223005  0.302289  0.699970  0.043614  0.388327  0.206411  0.343602  0.552618  0.773883  0.440828  0.050555  0.329315  0.777354  0.735843  0.444743  0.571202  0.679530  0.349615  0.131894  0.368999  0.339986  0.023039  0.718983  0.408377  0.486964  0.487345  0.471973  0.537667  0.566001  0.484945  0.443670  0.519609  0.231255  0.286740  0.504930  0.119295  0.279548  0.470030  0.214134  0.118640  0.548303  0.118273  0.821521  0.834182  0.550898  0.692818  0.773136 0.0  0.479237  0.139114  0.873868  0.791662  0.226307  0.464183  0.787585  0.885560 
54  0.625227  0.602069  0.534895  0.632478  0.256503  0.591099  0.696232  0.749498  0.638746  0.466076  0.373920  0.658038  0.425386  0.200476  0.719161  0.735492  0.601431  0.516950  0.584835  0.568137  0.332557  0.654455  0.571616  0.226148  0.507327  0.280337  0.311850  0.536952  0.427766  0.185933  0.652644  0.209990  0.314950  0.203394  0.404450  0.223168  0.308316  0.223074  0.482169  0.540294  0.339556  0.578436  0.369616  0.270858  0.543822  0.514761  0.576644  0.524732  0.357621  0.623256  0.495906  0.598010  0.624454  0.479237 0.0  0.603316  0.627894  0.620967  0.572788  0.270605  0.294376  0.392902 
55  0.277687  0.509430  0.840523  0.200966  0.349689  0.235289  0.210564  0.315154  0.730679  0.176798  0.383299  0.137891  0.336349  0.560441  0.695323  0.291519  0.033097  0.289902  0.649815  0.697193  0.305831  0.590389  0.576947  0.197369  0.192760  0.447202  0.279586  0.088120  0.724873  0.525615  0.515161  0.470116  0.391503  0.516677  0.509438  0.496825  0.395491  0.486085  0.448513  0.244977  0.500575  0.179399  0.233306  0.455919  0.395831  0.000000  0.666468  0.114681  0.826865  0.702263  0.609900  0.702437  0.761063  0.139114  0.603316 0.0  0.723058  0.737360  0.189750  0.486486  0.794335  0.686417 
56  0.699754  0.716316  0.088576  0.817996  0.792270  0.799741  0.749959  0.687893  0.638695  0.827746  0.543108  0.719551  0.931809  0.759801  0.197348  0.906827  0.736782  0.804062  0.297101  0.846290  0.683662  0.363949  0.309581  0.859681  0.807776  0.808277  0.961317  0.849259  0.520080  0.814932  0.781290  0.858034  0.912458  0.808894  0.827699  0.822548  0.811231  0.705154  0.850420  0.641044  0.660729  0.703341  0.799670  0.774759  0.519063  0.681559  0.323777  0.721500  0.758427  0.240034  0.576105  0.363340  0.256503  0.873868  0.627894  0.723058 0.0  0.098390  0.858831  0.681529  0.512130  0.505922 
57  0.749420  0.724971  0.306697  0.748915  0.798195  0.775560  0.722534  0.508345  0.438921  0.945403  0.675407  0.790489  0.891218  0.868619  0.139954  0.737654  0.946518  0.734251  0.277208  0.761561  0.799297  0.299807  0.280856  0.875704  0.821126  0.820957  0.684574  0.881429  0.400268  0.764126  0.971649  0.819020  0.813621  0.780668  0.681809  0.840461  0.781257  0.785923  0.771748  0.721461  0.837054  0.858807  0.749666  0.711430  0.524631  0.860135  0.378945  0.873427  0.764974  0.234087  0.594215  0.339375  0.117909  0.791662  0.620967  0.737360  0.098390 0.0  0.882318  0.770015  0.274991  0.307640 
58  0.266938  0.440148  0.735186  0.092433  0.313904  0.141703  0.256229  0.327917  0.727211  0.074899  0.343704  0.258539  0.308206  0.590950  0.710581  0.247463  0.153429  0.279164  0.679840  0.748500  0.241394  0.551971  0.624612  0.404802  0.237842  0.504394  0.431131  0.160603  0.719853  0.511460  0.445510  0.501580  0.429759  0.530768  0.487220  0.439399  0.484403  0.367412  0.287885  0.242070  0.369581  0.005974  0.300659  0.584177  0.288351  0.120926  0.610452  0.017745  0.941743  0.602700  0.579176  0.659093  0.742279  0.226307  0.572788  0.189750  0.858831  0.882318 0.0  0.498243  0.786724  0.802911 
59  0.196726  0.510153  0.800811  0.397447  0.048994  0.539919  0.437712  0.315087  0.708475  0.307130  0.406132  0.474250  0.019796  0.146179  0.731571  0.361897  0.369400  0.147638  0.646494  0.600980  0.095091  0.956005  0.893080  0.050310  0.526409  0.136879  0.145979  0.342902  0.468845  0.238506  0.763387  0.305407  0.159975  0.215669  0.206027  0.017284  0.099400  0.109767  0.042474  0.165714  0.244892  0.269497  0.298489  0.181575  0.402438  0.500555  0.947876  0.296688  0.638407  0.721700  0.430715  0.981689  0.733560  0.464183  0.270605  0.486486  0.681529  0.770015  0.498243 0.0  0.531695  0.491787 
60  0.756286  0.783523  0.303530  0.803604  0.450459  0.790252  0.740102  0.795766  0.956014  0.737738  0.647090  0.802981  0.619843  0.406703  0.451483  0.919987  0.774555  0.590897  0.447436  0.699049  0.551135  0.309042  0.258730  0.558721  0.798361  0.433045  0.546852  0.643578  0.180133  0.483261  0.734673  0.397100  0.484857  0.556003  0.471808  0.590962  0.495140  0.506158  0.627082  0.731495  0.536518  0.623870  0.760735  0.550483  0.672032  0.867706  0.299811  0.825932  0.453845  0.220073  0.402455  0.250679  0.566415  0.787585  0.294376  0.794335  0.512130  0.274991  0.786724  0.531695 0.0  0.214074 
61  0.747791  0.639632  0.426787  0.861369  0.436853  0.765353  0.873194  0.868555  0.895594  0.800468  0.540844  0.847708  0.551373  0.446579  0.488885  0.914248  0.714483  0.651733  0.234491  0.602308  0.508404  0.387989  0.318330  0.549243  0.802660  0.425474  0.659001  0.714070  0.160721  0.447448  0.726214  0.470979  0.479516  0.504982  0.520157  0.644200  0.551040  0.495771  0.554179  0.730855  0.562930  0.878296  0.847697  0.442137  0.799659  0.636018  0.305820  0.699970  0.514519  0.324606  0.388419  0.386625  0.557061  0.885560  0.392902  0.686417  0.505922  0.307640  0.802911  0.491787  0.214074 0.0 
