62
0 0.0  0.279713  0.609629  0.278932  0.301898  0.157936  0.245168  0.198906  0.748604  0.334243  0.283356  0.225673  0.376624  0.346352  0.594099  0.236673  0.232239  0.289974  0.757407  0.696792  0.235028  0.732201  0.676550  0.278983  0.273335  0.247457  0.205781  0.330390  0.719468  0.234047  0.732020  0.302965  0.198065  0.284051  0.185540  0.346259  0.264891  0.167919  0.229693  0.306664  0.352522  0.232974  0.305987  0.288081  0.296715  0.330761  0.707029  0.239209  0.673047  0.630525  0.449317  0.698006  0.808229  0.275535  0.561500  0.327201  0.592126  0.609945  0.243416  0.160164  0.675931  0.673636 
1  0.279713 0.0  0.626156  0.319481  0.405646  0.493204  0.409539  0.318217  0.760413  0.408950  0.309298  0.432543  0.334532  0.374295  0.681349  0.030522  0.303066  0.304065  0.617910  0.628936  0.325256  0.888042  0.986655  0.347624  0.448192  0.414418  0.336996  0.421879  0.704839  0.497613  0.773960  0.461831  0.444875  0.436998  0.485915  0.349958  0.418062  0.559168  0.302062  0.215447  0.473528  0.375902  0.419603  0.459033  0.370887  0.353923  0.696629  0.295431  0.781046  0.714809  0.616755  0.868894  0.776136  0.387832  0.455273  0.444431  0.773671  0.751654  0.476000  0.435619  0.831158  0.701174 
2  0.609629  0.626156 0.0  0.661507  0.710238  0.709352  0.675215  0.499575  0.566821  0.964768  0.591842  0.685346  0.733063  0.804185  0.047455  0.763490  0.830387  0.734444  0.240842  0.684066  0.748419  0.252475  0.306049  0.863439  0.783709  0.677516  0.633641  0.774931  0.358096  0.775921  0.955042  0.606411  0.821038  0.708928  0.766152  0.769127  0.693896  0.777937  0.799634  0.657216  0.688679  0.626680  0.678014  0.682609  0.463564  0.942850  0.343024  0.834948  0.713853  0.172171  0.521620  0.379755  0.031662  0.724557  0.505265  0.751323  0.104576  0.192387  0.718432  0.794494  0.270515  0.262805 
3  0.278932  0.319481  0.661507 0.0  0.359309  0.206481  0.157100  0.323443  0.925655  0.151921  0.277073  0.074312  0.487283  0.320927  0.709705  0.394496  0.158407  0.328131  0.627157  0.750153  0.384588  0.524626  0.604017  0.326751  0.148340  0.428342  0.465357  0.245094  0.708027  0.413953  0.613222  0.373301  0.359613  0.293644  0.431252  0.480006  0.425460  0.293443  0.456298  0.182474  0.387241  0.003171  0.216410  0.368431  0.303098  0.228453  0.549033  0.159794  0.775091  0.698062  0.606390  0.523097  0.780090  0.123530  0.634360  0.133685  0.784135  0.803539  0.191951  0.390468  0.829249  0.785427 
4  0.301898  0.405646  0.710238  0.359309 0.0  0.343553  0.333136  0.321738  0.694983  0.330521  0.167972  0.249174  0.066883  0.042317  0.711116  0.371247  0.315138  0.082683  0.715886  0.437013  0.309603  0.789571  0.738530  0.000000  0.353004  0.015965  0.120647  0.313357  0.523056  0.139784  0.744639  0.101424  0.063175  0.051325  0.131869  0.164176  0.150558  0.000000  0.015052  0.286467  0.171571  0.407116  0.315850  0.084977  0.321223  0.211073  0.759485  0.395617  0.468642  0.638767  0.349549  0.769078  0.817165  0.324523  0.111121  0.369923  0.655008  0.714662  0.218669  0.148002  0.452876  0.435207 
5  0.157936  0.493204  0.709352  0.206481  0.343553 0.0  0.150284  0.289856  0.817716  0.119291  0.321239  0.156405  0.267160  0.594690  0.832318  0.301989  0.000000  0.324887  0.572122  0.680940  0.360197  0.612778  0.589760  0.411866  0.193894  0.528657  0.430152  0.051499  0.795214  0.420806  0.430334  0.441067  0.446291  0.460590  0.452408  0.387208  0.439396  0.475446  0.327041  0.191393  0.419661  0.000000  0.252082  0.468446  0.334417  0.132380  0.512516  0.000000  0.864370  0.659218  0.624176  0.763957  0.811527  0.181994  0.584129  0.188168  0.690282  0.763430  0.226201  0.469846  0.655884  0.837035 
6  0.245168  0.409539  0.675215  0.157100  0.333136  0.150284 0.0  0.367026  0.732537  0.101638  0.334646  0.155114  0.268820  0.481916  0.706348  0.387611  0.000000  0.298058  0.715639  0.702806  0.284920  0.630834  0.557328  0.346228  0.111892  0.522891  0.324700  0.084212  0.719953  0.562012  0.533859  0.485617  0.447272  0.521687  0.547432  0.503399  0.562736  0.448702  0.214007  0.159689  0.456859  0.075016  0.179527  0.507579  0.380284  0.119646  0.628680  0.130014  0.784270  0.625912  0.572837  0.724612  0.842714  0.128623  0.403103  0.272068  0.626711  0.871928  0.226658  0.473156  0.697296  0.800162 
7  0.198906  0.318217  0.499575  0.323443  0.321738  0.289856  0.367026 0.0  0.548296  0.256237  0.175569  0.314190  0.403478  0.291660  0.705432  0.425004  0.340465  0.468350  0.656780  0.814578  0.404983  0.676752  0.781532  0.249508  0.383174  0.318627  0.343680  0.291262  0.961065  0.431164  0.705205  0.378703  0.271978  0.340921  0.326165  0.461038  0.224460  0.337207  0.509497  0.224123  0.278182  0.369201  0.389380  0.335542  0.025989  0.418801  0.769900  0.400813  0.715361  0.666050  0.440321  0.755691  0.534835  0.307644  0.635068  0.286649  0.628966  0.447806  0.362888  0.279309  0.813322  0.759270 
8  0.748604  0.760413  0.566821  0.925655  0.694983  0.817716  0.732537  0.548296 0.0  0.690597  0.601848  0.776764  0.867985  0.648207  0.525025  0.857872  0.684738  0.798790  0.691387  0.457379  0.682859  0.784487  0.686706  0.700705  0.720627  0.713848  0.862243  0.645247  0.969786  0.730059  0.400803  0.793923  0.803322  0.766646  0.670247  0.882466  0.720512  0.787929  0.858088  0.729667  0.819615  0.714934  0.732286  0.715562  0.523000  0.705134  0.626362  0.812148  0.201825  0.573483  0.554671  0.792150  0.635923  0.765435  0.684928  0.662129  0.554782  0.386652  0.740985  0.595037  0.977082  0.847554 
9  0.334243  0.408950  0.964768  0.151921  0.330521  0.119291  0.101638  0.256237  0.690597 0.0  0.164568  0.007949  0.261174  0.406973  0.770506  0.375947  0.140586  0.346025  0.703240  0.651012  0.361585  0.593642  0.465040  0.398939  0.085132  0.347243  0.289840  0.379364  0.615950  0.387944  0.494330  0.343779  0.334642  0.320914  0.329379  0.411877  0.307874  0.313312  0.365585  0.181464  0.297228  0.000000  0.114308  0.298560  0.385381  0.081336  0.379340  0.106480  0.722251  0.616439  0.623780  0.533528  0.689698  0.034653  0.529777  0.000000  0.835519  0.877714  0.155837  0.409610  0.649244  0.755966 
10  0.283356  0.309298  0.591842  0.277073  0.167972  0.321239  0.334646  0.175569  0.601848  0.164568 0.0  0.395629  0.129047  0.380320  0.636030  0.207062  0.050478  0.168557  0.681353  0.700712  0.249322  0.751725  0.750382  0.208939  0.313752  0.410567  0.156583  0.080692  0.579150  0.227710  0.604946  0.333124  0.350553  0.223859  0.277520  0.299076  0.395236  0.418961  0.258858  0.381075  0.319589  0.233257  0.384772  0.220128  0.257952  0.240579  0.735794  0.248689  0.754351  0.617858  0.555082  0.799218  0.526873  0.247086  0.354429  0.238745  0.625561  0.629252  0.304353  0.251826  0.468468  0.597673 
11  0.225673  0.432543  0.685346  0.074312  0.249174  0.156405  0.155114  0.314190  0.776764  0.007949  0.395629 0.0  0.346795  0.387812  0.679459  0.407589  0.058489  0.401143  0.605352  0.742284  0.334556  0.581345  0.564418  0.311472  0.172075  0.482616  0.347827  0.000000  0.783662  0.473879  0.435802  0.413468  0.581282  0.451913  0.448318  0.423448  0.439249  0.478951  0.355968  0.248879  0.433581  0.060792  0.144502  0.463791  0.307542  0.081585  0.502765  0.122030  0.888049  0.619170  0.632777  0.542255  0.700070  0.273106  0.588554  0.076527  0.774396  0.596753  0.121796  0.449342  0.746842  0.727787 
12  0.376624  0.334532  0.733063  0.487283  0.066883  0.267160  0.268820  0.403478  0.867985  0.261174  0.129047  0.346795 0.0  0.020679  0.875407  0.442333  0.306711  0.192218  0.676118  0.557489  0.073790  0.774683  0.797867  0.028699  0.352845  0.122936  0.141754  0.305072  0.543656  0.202460  0.765778  0.072564  0.121615  0.147334  0.084104  0.089527  0.000000  0.000000  0.264233  0.216723  0.000000  0.286616  0.285458  0.110612  0.311506  0.419529  0.862557  0.252054  0.483194  0.620224  0.306542  0.717240  0.859821  0.333787  0.463489  0.251915  0.841455  0.702736  0.455972  0.009669  0.609874  0.591687 
13  0.346352  0.374295  0.804185  0.320927  0.042317  0.594690  0.481916  0.291660  0.648207  0.406973  0.380320  0.387812  0.020679 0.0  0.796375  0.322344  0.298691  0.094348  0.687033  0.540372  0.042601  0.818304  0.965011  0.062725  0.479405  0.178966  0.081484  0.353457  0.464972  0.197262  0.692612  0.202940  0.175594  0.156247  0.230250  0.087162  0.147583  0.207635  0.055183  0.211091  0.184877  0.324845  0.437614  0.095650  0.300735  0.259413  0.870798  0.322810  0.554591  0.586084  0.291749  0.880216  0.734000  0.409750  0.170458  0.526930  0.761233  0.725008  0.425211  0.127635  0.447090  0.455413 
14  0.594099  0.681349  0.047455  0.709705  0.711116  0.832318  0.706348  0.705432  0.525025  0.770506  0.636030  0.679459  0.875407  0.796375 0.0  0.861744  0.691116  0.978950  0.217087  0.860646  0.735316  0.351392  0.348935  0.715295  0.767327  0.672022  0.782734  0.662431  0.385702  0.717090  0.773974  0.778068  0.674619  0.643036  0.726832  0.784005  0.641112  0.768267  0.898168  0.614359  0.664598  0.792270  0.666182  0.696606  0.465618  0.646506  0.290093  0.776853  0.725783  0.182344  0.681515  0.333583  0.258040  0.677082  0.735109  0.661252  0.111662  0.012975  0.733503  0.759519  0.480391  0.548764 
15  0.236673  0.030522  0.763490  0.394496  0.371247  0.301989  0.387611  0.425004  0.857872  0.375947  0.207062  0.407589  0.442333  0.322344  0.861744 0.0  0.326121  0.421547  0.727626  0.800659  0.336988  0.756880  0.652582  0.240434  0.366842  0.270823  0.390498  0.193870  0.847345  0.291978  0.736447  0.297849  0.390808  0.460630  0.236812  0.351563  0.382325  0.317857  0.563746  0.234307  0.290889  0.257977  0.389922  0.312422  0.330890  0.313861  0.695365  0.263268  0.684278  0.703475  0.640476  0.712369  0.869316  0.328862  0.667762  0.289347  0.894771  0.635138  0.401260  0.308546  0.789965  0.854636 
16  0.232239  0.303066  0.830387  0.158407  0.315138  0.000000  0.000000  0.340465  0.684738  0.140586  0.050478  0.058489  0.306711  0.298691  0.691116  0.326121 0.0  0.390851  0.599836  0.746992  0.159130  0.410010  0.330813  0.474966  0.145623  0.413920  0.358750  0.249530  0.805183  0.344259  0.621584  0.303180  0.292834  0.407452  0.276359  0.501142  0.283252  0.334746  0.363940  0.313865  0.300121  0.000000  0.077589  0.370616  0.470772  0.167930  0.375149  0.174552  0.780086  0.679782  0.566299  0.515528  0.823665  0.107988  0.625510  0.062452  0.790217  0.812424  0.039103  0.275027  0.671657  0.768235 
17  0.289974  0.304065  0.734444  0.328131  0.082683  0.324887  0.298058  0.468350  0.798790  0.346025  0.168557  0.401143  0.192218  0.094348  0.978950  0.421547  0.390851 0.0  0.640841  0.644251  0.017825  0.706813  0.690750  0.109177  0.318499  0.058317  0.172684  0.273297  0.530941  0.044680  0.837433  0.000000  0.045280  0.087751  0.101806  0.188604  0.105350  0.105178  0.153499  0.283480  0.252140  0.311701  0.293551  0.046632  0.316451  0.334444  0.693387  0.345390  0.388021  0.609323  0.361706  0.719016  0.943691  0.390396  0.302296  0.353646  0.801127  0.745437  0.239706  0.044747  0.609255  0.544077 
18  0.757407  0.617910  0.240842  0.627157  0.715886  0.572122  0.715639  0.656780  0.691387  0.703240  0.681353  0.605352  0.676118  0.687033  0.217087  0.727626  0.599836  0.640841 0.0  0.679375  0.704073  0.292991  0.292626  0.628526  0.756217  0.539683  0.663605  0.642831  0.282300  0.720668  0.784883  0.641115  0.677576  0.622493  0.710307  0.685207  0.643617  0.723699  0.596730  0.718108  0.803404  0.608923  0.640407  0.603769  0.657220  0.729692  0.348086  0.662195  0.689973  0.228041  0.472100  0.329251  0.304244  0.594860  0.421892  0.652642  0.204267  0.185904  0.717742  0.664100  0.256285  0.241554 
19  0.696792  0.628936  0.684066  0.750153  0.437013  0.680940  0.702806  0.814578  0.457379  0.651012  0.700712  0.742284  0.557489  0.540372  0.860646  0.800659  0.746992  0.644251  0.679375 0.0  0.425209  0.726697  0.777740  0.510314  0.721780  0.493055  0.593274  0.663640  0.568812  0.456015  0.204839  0.432678  0.549888  0.495187  0.481726  0.522251  0.467495  0.466800  0.518311  0.595556  0.448602  0.709906  0.674799  0.385239  0.705385  0.744388  0.815613  0.791981  0.048380  0.790860  0.373624  0.813833  0.877896  0.765968  0.378924  0.647311  0.697035  0.743910  0.680890  0.548693  0.529479  0.598297 
20  0.235028  0.325256  0.748419  0.384588  0.309603  0.360197  0.284920  0.404983  0.682859  0.361585  0.249322  0.334556  0.073790  0.042601  0.735316  0.336988  0.159130  0.017825  0.704073  0.425209 0.0  0.694960  0.680431  0.055436  0.270029  0.018830  0.109678  0.210811  0.411617  0.166386  0.723630  0.090439  0.060982  0.117278  0.045337  0.104684  0.047873  0.080664  0.000000  0.265167  0.172303  0.502040  0.327727  0.000000  0.408122  0.187572  0.721108  0.284627  0.425814  0.712989  0.350871  0.788373  0.775063  0.408483  0.271031  0.342766  0.711933  0.772064  0.327632  0.203323  0.421279  0.596972 
21  0.732201  0.888042  0.252475  0.524626  0.789571  0.612778  0.630834  0.676752  0.784487  0.593642  0.751725  0.581345  0.774683  0.818304  0.351392  0.756880  0.410010  0.706813  0.292991  0.726697  0.694960 0.0  0.082167  0.690264  0.574411  0.938397  0.768017  0.463110  0.351169  0.864900  0.487577  0.790998  0.818693  0.882644  0.859800  0.877569  0.835691  0.876895  0.651310  0.771698  0.778121  0.487916  0.506126  0.698730  0.732373  0.531338  0.237813  0.402861  0.810945  0.260917  0.622019  0.188550  0.356482  0.469998  0.457784  0.671086  0.265733  0.274887  0.635808  0.906266  0.213768  0.340105 
22  0.676550  0.986655  0.306049  0.604017  0.738530  0.589760  0.557328  0.781532  0.686706  0.465040  0.750382  0.564418  0.797867  0.965011  0.348935  0.652582  0.330813  0.690750  0.292626  0.777740  0.680431  0.082167 0.0  0.772252  0.654438  0.824203  0.771320  0.469546  0.312264  0.898337  0.429349  0.988810  0.767247  0.789186  0.845503  0.816767  0.895668  0.840598  0.832143  0.780669  0.949578  0.574636  0.619533  0.899616  0.696929  0.491288  0.140134  0.527607  0.805313  0.227408  0.602244  0.200719  0.437291  0.677143  0.467354  0.634754  0.286321  0.240217  0.585128  0.897879  0.356476  0.320079 
23  0.278983  0.347624  0.863439  0.326751  0.000000  0.411866  0.346228  0.249508  0.700705  0.398939  0.208939  0.311472  0.028699  0.062725  0.715295  0.240434  0.474966  0.109177  0.628526  0.510314  0.055436  0.690264  0.772252 0.0  0.264863  0.129456  0.055873  0.409617  0.410597  0.078506  0.898723  0.000000  0.078841  0.121730  0.075710  0.080083  0.117980  0.051930  0.025289  0.307064  0.073014  0.349461  0.386320  0.101690  0.481383  0.523640  0.806839  0.375217  0.480373  0.645261  0.327032  0.644773  0.716708  0.357620  0.225316  0.326431  0.588845  0.810490  0.353793  0.061937  0.399109  0.442025 
24  0.273335  0.448192  0.783709  0.148340  0.353004  0.193894  0.111892  0.383174  0.720627  0.085132  0.313752  0.172075  0.352845  0.479405  0.767327  0.366842  0.145623  0.318499  0.756217  0.721780  0.270029  0.574411  0.654438  0.264863 0.0  0.414525  0.360360  0.061187  0.751758  0.475562  0.380357  0.504260  0.357790  0.463310  0.477926  0.435342  0.469578  0.426141  0.345447  0.207837  0.591230  0.167495  0.192760  0.457340  0.288780  0.053522  0.541481  0.082278  0.861774  0.655326  0.542346  0.612464  0.698931  0.199926  0.418397  0.162196  0.815141  0.728095  0.159078  0.391925  0.790642  0.735577 
25  0.247457  0.414418  0.677516  0.428342  0.015965  0.528657  0.522891  0.318627  0.713848  0.347243  0.410567  0.482616  0.122936  0.178966  0.672022  0.270823  0.413920  0.058317  0.539683  0.493055  0.018830  0.938397  0.824203  0.129456  0.414525 0.0  0.186663  0.318003  0.513255  0.169927  0.638379  0.256804  0.189012  0.200814  0.096154  0.063091  0.179462  0.186548  0.061844  0.384085  0.181077  0.261787  0.475306  0.196937  0.419509  0.349939  0.880175  0.355378  0.582923  0.654419  0.291658  1.000000  0.784777  0.427428  0.254627  0.438871  0.827195  0.744599  0.433043  0.150628  0.383904  0.521551 
26  0.205781  0.336996  0.633641  0.465357  0.120647  0.430152  0.324700  0.343680  0.862243  0.289840  0.156583  0.347827  0.141754  0.081484  0.782734  0.390498  0.358750  0.172684  0.663605  0.593274  0.109678  0.768017  0.771320  0.055873  0.360360  0.186663 0.0  0.374768  0.627410  0.013180  0.610823  0.116239  0.066796  0.018651  0.096775  0.057247  0.050341  0.000000  0.156457  0.128456  0.019958  0.316783  0.320598  0.161282  0.334439  0.305181  0.764552  0.359490  0.426814  0.729960  0.314588  0.673680  0.823224  0.373769  0.402876  0.315164  0.729321  0.721684  0.303880  0.113432  0.542397  0.496597 
27  0.330390  0.421879  0.774931  0.245094  0.313357  0.051499  0.084212  0.291262  0.645247  0.379364  0.080692  0.000000  0.305072  0.353457  0.662431  0.193870  0.249530  0.273297  0.642831  0.663640  0.210811  0.463110  0.469546  0.409617  0.061187  0.318003  0.374768 0.0  0.805058  0.299325  0.715261  0.399148  0.334490  0.229238  0.373026  0.412796  0.296799  0.353507  0.424092  0.269776  0.309641  0.000000  0.086369  0.369350  0.491451  0.269252  0.550289  0.152895  0.683585  0.643463  0.528518  0.529073  0.717437  0.146209  0.549129  0.067900  0.793274  0.873937  0.159145  0.442900  0.763793  0.645741 
28  0.719468  0.704839  0.358096  0.708027  0.523056  0.795214  0.719953  0.961065  0.969786  0.615950  0.579150  0.783662  0.543656  0.464972  0.385702  0.847345  0.805183  0.530941  0.282300  0.568812  0.411617  0.351169  0.312264  0.410597  0.751758  0.513255  0.627410  0.805058 0.0  0.413409  0.747305  0.504279  0.477293  0.528829  0.517340  0.503860  0.413381  0.597100  0.655002  0.736049  0.451166  0.615754  0.787553  0.460177  0.739294  0.729166  0.348920  0.717464  0.464639  0.385715  0.283502  0.401730  0.428878  0.640743  0.445996  0.737619  0.364818  0.267372  0.692851  0.425933  0.277110  0.229360 
29  0.234047  0.497613  0.775921  0.413953  0.139784  0.420806  0.562012  0.431164  0.730059  0.387944  0.227710  0.473879  0.202460  0.197262  0.717090  0.291978  0.344259  0.044680  0.720668  0.456015  0.166386  0.864900  0.898337  0.078506  0.475562  0.169927  0.013180  0.299325  0.413409 0.0  0.724455  0.168581  0.212098  0.188833  0.236666  0.083601  0.150755  0.124381  0.048606  0.154783  0.167350  0.341377  0.571771  0.127396  0.432498  0.337143  0.917041  0.301152  0.565922  0.585859  0.213138  0.733087  0.630567  0.445877  0.163527  0.431851  0.715468  0.661148  0.578062  0.267984  0.386377  0.389544 
30  0.732020  0.773960  0.955042  0.613222  0.744639  0.430334  0.533859  0.705205  0.400803  0.494330  0.604946  0.435802  0.765778  0.692612  0.773974  0.736447  0.621584  0.837433  0.784883  0.204839  0.723630  0.487577  0.429349  0.898723  0.380357  0.638379  0.610823  0.715261  0.747305  0.724455 0.0  0.597616  0.786377  0.773077  0.780463  0.755738  0.793020  0.732908  0.715715  0.568687  0.715620  0.490263  0.533832  0.808751  0.836770  0.636147  0.428562  0.568550  0.337589  0.664269  0.665780  0.545117  0.727221  0.417535  0.547562  0.504987  0.727364  0.882398  0.481870  0.749560  0.689171  0.742962 
31  0.302965  0.461831  0.606411  0.373301  0.101424  0.441067  0.485617  0.378703  0.793923  0.343779  0.333124  0.413468  0.072564  0.202940  0.778068  0.297849  0.303180  0.000000  0.641115  0.432678  0.090439  0.790998  0.988810  0.000000  0.504260  0.256804  0.116239  0.399148  0.504279  0.168581  0.597616 0.0  0.201561  0.247577  0.251062  0.084756  0.251445  0.216547  0.186597  0.245928  0.221852  0.410691  0.487410  0.230665  0.297680  0.286574  0.908118  0.407828  0.507047  0.703140  0.339808  0.883297  0.577749  0.534519  0.319518  0.469271  0.765716  0.800470  0.444232  0.031398  0.461076  0.480768 
32  0.198065  0.444875  0.821038  0.359613  0.063175  0.446291  0.447272  0.271978  0.803322  0.334642  0.350553  0.581282  0.121615  0.175594  0.674619  0.390808  0.292834  0.045280  0.677576  0.549888  0.060982  0.818693  0.767247  0.078841  0.357790  0.189012  0.066796  0.334490  0.477293  0.212098  0.786377  0.201561 0.0  0.161596  0.157381  0.132998  0.110543  0.116625  0.212280  0.336025  0.180951  0.194526  0.462281  0.298286  0.316068  0.352572  0.862920  0.322631  0.587857  0.647767  0.336431  0.906309  0.698356  0.401211  0.324266  0.389830  0.780821  0.749766  0.515685  0.165165  0.486957  0.452644 
33  0.284051  0.436998  0.708928  0.293644  0.051325  0.460590  0.521687  0.340921  0.766646  0.320914  0.223859  0.451913  0.147334  0.156247  0.643036  0.460630  0.407452  0.087751  0.622493  0.495187  0.117278  0.882644  0.789186  0.121730  0.463310  0.200814  0.018651  0.229238  0.528829  0.188833  0.773077  0.247577  0.161596 0.0  0.205035  0.143421  0.118174  0.233635  0.028222  0.294602  0.207111  0.419488  0.467250  0.157569  0.339488  0.359865  0.865135  0.495760  0.634141  0.691804  0.272997  0.808010  0.678318  0.455193  0.275977  0.488645  0.786828  0.742634  0.597199  0.186650  0.464309  0.407735 
34  0.185540  0.485915  0.766152  0.431252  0.131869  0.452408  0.547432  0.326165  0.670247  0.329379  0.277520  0.448318  0.084104  0.230250  0.726832  0.236812  0.276359  0.101806  0.710307  0.481726  0.045337  0.859800  0.845503  0.075710  0.477926  0.096154  0.096775  0.373026  0.517340  0.236666  0.780463  0.251062  0.157381  0.205035 0.0  0.096300  0.295832  0.186574  0.022071  0.198520  0.237494  0.365672  0.486657  0.256402  0.253776  0.298227  0.847555  0.262346  0.582516  0.645979  0.356886  0.789878  0.627071  0.463449  0.216995  0.486908  0.736939  0.662857  0.455525  0.224691  0.534812  0.478018 
35  0.346259  0.349958  0.769127  0.480006  0.164176  0.387208  0.503399  0.461038  0.882466  0.411877  0.299076  0.423448  0.089527  0.087162  0.784005  0.351563  0.501142  0.188604  0.685207  0.522251  0.104684  0.877569  0.816767  0.080083  0.435342  0.063091  0.057247  0.412796  0.503860  0.083601  0.755738  0.084756  0.132998  0.143421  0.096300 0.0  0.130028  0.154407  0.141478  0.312795  0.184478  0.369688  0.357605  0.080508  0.455531  0.256764  0.759466  0.294045  0.517524  0.660805  0.464899  0.729456  0.695840  0.355236  0.311888  0.395674  0.844578  0.825070  0.336439  0.158748  0.544268  0.440994 
36  0.264891  0.418062  0.693896  0.425460  0.150558  0.439396  0.562736  0.224460  0.720512  0.307874  0.395236  0.439249  0.000000  0.147583  0.641112  0.382325  0.283252  0.105350  0.643617  0.467495  0.047873  0.835691  0.895668  0.117980  0.469578  0.179462  0.050341  0.296799  0.413381  0.150755  0.793020  0.251445  0.110543  0.118174  0.295832  0.130028 0.0  0.208097  0.080120  0.179700  0.236849  0.258872  0.522015  0.357856  0.379682  0.270665  0.842280  0.260448  0.543056  0.705179  0.339654  0.842200  0.775139  0.419718  0.274720  0.485313  0.742978  0.740466  0.553086  0.203013  0.393090  0.437871 
37  0.167919  0.559168  0.777937  0.293443  0.000000  0.475446  0.448702  0.337207  0.787929  0.313312  0.418961  0.478951  0.000000  0.207635  0.768267  0.317857  0.334746  0.105178  0.723699  0.466800  0.080664  0.876895  0.840598  0.051930  0.426141  0.186548  0.000000  0.353507  0.597100  0.124381  0.732908  0.216547  0.116625  0.233635  0.186574  0.154407  0.208097 0.0  0.041505  0.252339  0.126457  0.283316  0.371586  0.215047  0.345636  0.230992  0.817698  0.319887  0.684657  0.687671  0.302336  0.863285  0.817994  0.505629  0.221897  0.426378  0.844822  0.692761  0.488397  0.194337  0.527752  0.444075 
38  0.229693  0.302062  0.799634  0.456298  0.015052  0.327041  0.214007  0.509497  0.858088  0.365585  0.258858  0.355968  0.264233  0.055183  0.898168  0.563746  0.363940  0.153499  0.596730  0.518311  0.000000  0.651310  0.832143  0.025289  0.345447  0.061844  0.156457  0.424092  0.655002  0.048606  0.715715  0.186597  0.212280  0.028222  0.022071  0.141478  0.080120  0.041505 0.0  0.283577  0.013289  0.325155  0.308634  0.093353  0.215548  0.227466  0.769576  0.349416  0.560089  0.605337  0.354415  0.776918  0.873628  0.292664  0.405748  0.414760  0.834044  0.762585  0.499212  0.000000  0.576650  0.525966 
39  0.306664  0.215447  0.657216  0.182474  0.286467  0.191393  0.159689  0.224123  0.729667  0.181464  0.381075  0.248879  0.216723  0.211091  0.614359  0.234307  0.313865  0.283480  0.718108  0.595556  0.265167  0.771698  0.780669  0.307064  0.207837  0.384085  0.128456  0.269776  0.736049  0.154783  0.568687  0.245928  0.336025  0.294602  0.198520  0.312795  0.179700  0.252339  0.283577 0.0  0.338334  0.320668  0.266647  0.303187  0.235339  0.188019  0.687941  0.373522  0.593684  0.614238  0.541524  0.616622  0.624874  0.281968  0.487929  0.257906  0.720803  0.728292  0.313817  0.248466  0.597444  0.732482 
40  0.352522  0.473528  0.688679  0.387241  0.171571  0.419661  0.456859  0.278182  0.819615  0.297228  0.319589  0.433581  0.000000  0.184877  0.664598  0.290889  0.300121  0.252140  0.803404  0.448602  0.172303  0.778121  0.949578  0.073014  0.591230  0.181077  0.019958  0.309641  0.451166  0.167350  0.715620  0.221852  0.180951  0.207111  0.237494  0.184478  0.236849  0.126457  0.013289  0.338334 0.0  0.286701  0.425390  0.192116  0.342744  0.328381  0.783710  0.282092  0.555363  0.568721  0.368087  0.796857  0.736882  0.404729  0.302840  0.356447  0.725730  0.672423  0.400874  0.303669  0.446374  0.399376 
41  0.232974  0.375902  0.626680  0.003171  0.407116  0.000000  0.075016  0.369201  0.714934  0.000000  0.233257  0.060792  0.286616  0.324845  0.792270  0.257977  0.000000  0.311701  0.608923  0.709906  0.502040  0.487916  0.574636  0.349461  0.167495  0.261787  0.316783  0.000000  0.615754  0.341377  0.490263  0.410691  0.194526  0.419488  0.365672  0.369688  0.258872  0.283316  0.325155  0.320668  0.286701 0.0  0.105271  0.368254  0.354368  0.037895  0.510188  0.028418  0.669911  0.581225  0.644707  0.474989  0.702897  0.028407  0.583229  0.038109  0.704266  0.801990  0.012270  0.314140  0.668457  0.718724 
42  0.305987  0.419603  0.678014  0.216410  0.315850  0.252082  0.179527  0.389380  0.732286  0.114308  0.384772  0.144502  0.285458  0.437614  0.666182  0.389922  0.077589  0.293551  0.640407  0.674799  0.327727  0.506126  0.619533  0.386320  0.192760  0.475306  0.320598  0.086369  0.787553  0.571771  0.533832  0.487410  0.462281  0.467250  0.486657  0.357605  0.522015  0.371586  0.308634  0.266647  0.425390  0.105271 0.0  0.502594  0.453237  0.060225  0.671828  0.005088  0.866669  0.648183  0.685856  0.624872  0.684869  0.195312  0.486007  0.249377  0.761011  0.838687  0.232030  0.369307  0.812752  0.793169 
43  0.288081  0.459033  0.682609  0.368431  0.084977  0.468446  0.507579  0.335542  0.715562  0.298560  0.220128  0.463791  0.110612  0.095650  0.696606  0.312422  0.370616  0.046632  0.603769  0.385239  0.000000  0.698730  0.899616  0.101690  0.457340  0.196937  0.161282  0.369350  0.460177  0.127396  0.808751  0.230665  0.298286  0.157569  0.256402  0.080508  0.357856  0.215047  0.093353  0.303187  0.192116  0.368254  0.502594 0.0  0.318309  0.324761  0.888312  0.299164  0.656045  0.666202  0.375444  0.830795  0.738121  0.471966  0.298376  0.478430  0.865542  0.669404  0.408232  0.177605  0.453637  0.409933 
44  0.296715  0.370887  0.463564  0.303098  0.321223  0.334417  0.380284  0.025989  0.523000  0.385381  0.257952  0.307542  0.311506  0.300735  0.465618  0.330890  0.470772  0.316451  0.657220  0.705385  0.408122  0.732373  0.696929  0.481383  0.288780  0.419509  0.334439  0.491451  0.739294  0.432498  0.836770  0.297680  0.316068  0.339488  0.253776  0.455531  0.379682  0.345636  0.215548  0.235339  0.342744  0.354368  0.453237  0.318309 0.0  0.474564  0.657820  0.510172  0.777710  0.633500  0.637111  0.745888  0.386215  0.340455  0.595271  0.255919  0.498775  0.493556  0.305107  0.324105  0.756518  0.798742 
45  0.330761  0.353923  0.942850  0.228453  0.211073  0.132380  0.119646  0.418801  0.705134  0.081336  0.240579  0.081585  0.419529  0.259413  0.646506  0.313861  0.167930  0.334444  0.729692  0.744388  0.187572  0.531338  0.491288  0.523640  0.053522  0.349939  0.305181  0.269252  0.729166  0.337143  0.636147  0.286574  0.352572  0.359865  0.298227  0.256764  0.270665  0.230992  0.227466  0.188019  0.328381  0.037895  0.060225  0.324761  0.474564 0.0  0.451311  0.149967  0.721876  0.717605  0.601741  0.405569  0.795671  0.056000  0.474793  0.172351  0.789458  0.823113  0.000000  0.381510  0.773022  0.737843 
46  0.707029  0.696629  0.343024  0.549033  0.759485  0.512516  0.628680  0.769900  0.626362  0.379340  0.735794  0.502765  0.862557  0.870798  0.290093  0.695365  0.375149  0.693387  0.348086  0.815613  0.721108  0.237813  0.140134  0.806839  0.541481  0.880175  0.764552  0.550289  0.348920  0.917041  0.428562  0.908118  0.862920  0.865135  0.847555  0.759466  0.842280  0.817698  0.769576  0.687941  0.783710  0.510188  0.671828  0.888312  0.657820  0.451311 0.0  0.463959  0.882283  0.244392  0.553265  0.151392  0.390797  0.565823  0.552433  0.661631  0.292484  0.394923  0.543459  0.918662  0.425247  0.268014 
47  0.239209  0.295431  0.834948  0.159794  0.395617  0.000000  0.130014  0.400813  0.812148  0.106480  0.248689  0.122030  0.252054  0.322810  0.776853  0.263268  0.174552  0.345390  0.662195  0.791981  0.284627  0.402861  0.527607  0.375217  0.082278  0.355378  0.359490  0.152895  0.717464  0.301152  0.568550  0.407828  0.322631  0.495760  0.262346  0.294045  0.260448  0.319887  0.349416  0.373522  0.282092  0.028418  0.005088  0.299164  0.510172  0.149967  0.463959 0.0  0.693806  0.669471  0.550409  0.499076  0.722075  0.000000  0.531485  0.000000  0.761388  0.865223  0.050265  0.330172  0.777705  0.771136 
48  0.673047  0.781046  0.713853  0.775091  0.468642  0.864370  0.784270  0.715361  0.201825  0.722251  0.754351  0.888049  0.483194  0.554591  0.725783  0.684278  0.780086  0.388021  0.689973  0.048380  0.425814  0.810945  0.805313  0.480373  0.861774  0.582923  0.426814  0.683585  0.464639  0.565922  0.337589  0.507047  0.587857  0.634141  0.582516  0.517524  0.543056  0.684657  0.560089  0.593684  0.555363  0.669911  0.866669  0.656045  0.777710  0.721876  0.882283  0.693806 0.0  0.748365  0.340137  0.869306  0.765254  0.816460  0.329213  0.899524  0.701567  0.763644  0.887982  0.571638  0.430300  0.521569 
49  0.630525  0.714809  0.172171  0.698062  0.638767  0.659218  0.625912  0.666050  0.573483  0.616439  0.617858  0.619170  0.620224  0.586084  0.182344  0.703475  0.679782  0.609323  0.228041  0.790860  0.712989  0.260917  0.227408  0.645261  0.655326  0.654419  0.729960  0.643463  0.385715  0.585859  0.664269  0.703140  0.647767  0.691804  0.645979  0.660805  0.705179  0.687671  0.605337  0.614238  0.568721  0.581225  0.648183  0.666202  0.633500  0.717605  0.244392  0.669471  0.748365 0.0  0.305549  0.291350  0.337927  0.769929  0.576337  0.733442  0.182322  0.301063  0.736903  0.687402  0.294756  0.219951 
50  0.449317  0.616755  0.521620  0.606390  0.349549  0.624176  0.572837  0.440321  0.554671  0.623780  0.555082  0.632777  0.306542  0.291749  0.681515  0.640476  0.566299  0.361706  0.472100  0.373624  0.350871  0.622019  0.602244  0.327032  0.542346  0.291658  0.314588  0.528518  0.283502  0.213138  0.665780  0.339808  0.336431  0.272997  0.356886  0.464899  0.339654  0.302336  0.354415  0.541524  0.368087  0.644707  0.685856  0.375444  0.637111  0.601741  0.553265  0.550409  0.340137  0.305549 0.0  0.612890  0.552898  0.573990  0.331063  0.637558  0.583066  0.586468  0.672055  0.355373  0.351190  0.335785 
51  0.698006  0.868894  0.379755  0.523097  0.769078  0.763957  0.724612  0.755691  0.792150  0.533528  0.799218  0.542255  0.717240  0.880216  0.333583  0.712369  0.515528  0.719016  0.329251  0.813833  0.788373  0.188550  0.200719  0.644773  0.612464  1.000000  0.673680  0.529073  0.401730  0.733087  0.545117  0.883297  0.906309  0.808010  0.789878  0.729456  0.842200  0.863285  0.776918  0.616622  0.796857  0.474989  0.624872  0.830795  0.745888  0.405569  0.151392  0.499076  0.869306  0.291350  0.612890 0.0  0.458992  0.602005  0.562228  0.580337  0.306390  0.247759  0.584932  0.953710  0.279860  0.421315 
52  0.808229  0.776136  0.031662  0.780090  0.817165  0.811527  0.842714  0.534835  0.635923  0.689698  0.526873  0.700070  0.859821  0.734000  0.258040  0.869316  0.823665  0.943691  0.304244  0.877896  0.775063  0.356482  0.437291  0.716708  0.698931  0.784777  0.823224  0.717437  0.428878  0.630567  0.727221  0.577749  0.698356  0.678318  0.627071  0.695840  0.775139  0.817994  0.873628  0.624874  0.736882  0.702897  0.684869  0.738121  0.386215  0.795671  0.390797  0.722075  0.765254  0.337927  0.552898  0.458992 0.0  0.733207  0.655755  0.740417  0.101834  0.036772  0.698394  0.862946  0.550294  0.484350 
53  0.275535  0.387832  0.724557  0.123530  0.324523  0.181994  0.128623  0.307644  0.765435  0.034653  0.247086  0.273106  0.333787  0.409750  0.677082  0.328862  0.107988  0.390396  0.594860  0.765968  0.408483  0.469998  0.677143  0.357620  0.199926  0.427428  0.373769  0.146209  0.640743  0.445877  0.417535  0.534519  0.401211  0.455193  0.463449  0.355236  0.419718  0.505629  0.292664  0.281968  0.404729  0.028407  0.195312  0.471966  0.340455  0.056000  0.565823  0.000000  0.816460  0.769929  0.573990  0.602005  0.733207 0.0  0.536291  0.163362  0.698364  0.711804  0.139031  0.528140  0.705135  0.628411 
54  0.561500  0.455273  0.505265  0.634360  0.111121  0.584129  0.403103  0.635068  0.684928  0.529777  0.354429  0.588554  0.463489  0.170458  0.735109  0.667762  0.625510  0.302296  0.421892  0.378924  0.271031  0.457784  0.467354  0.225316  0.418397  0.254627  0.402876  0.549129  0.445996  0.163527  0.547562  0.319518  0.324266  0.275977  0.216995  0.311888  0.274720  0.221897  0.405748  0.487929  0.302840  0.583229  0.486007  0.298376  0.595271  0.474793  0.552433  0.531485  0.329213  0.576337  0.331063  0.562228  0.655755  0.536291 0.0  0.556948  0.712017  0.518548  0.597409  0.266689  0.433352  0.429445 
55  0.327201  0.444431  0.751323  0.133685  0.369923  0.188168  0.272068  0.286649  0.662129  0.000000  0.238745  0.076527  0.251915  0.526930  0.661252  0.289347  0.062452  0.353646  0.652642  0.647311  0.342766  0.671086  0.634754  0.326431  0.162196  0.438871  0.315164  0.067900  0.737619  0.431851  0.504987  0.469271  0.389830  0.488645  0.486908  0.395674  0.485313  0.426378  0.414760  0.257906  0.356447  0.038109  0.249377  0.478430  0.255919  0.172351  0.661631  0.000000  0.899524  0.733442  0.637558  0.580337  0.740417  0.163362  0.556948 0.0  0.738422  0.663625  0.217943  0.494912  0.681293  0.666030 
56  0.592126  0.773671  0.104576  0.784135  0.655008  0.690282  0.626711  0.628966  0.554782  0.835519  0.625561  0.774396  0.841455  0.761233  0.111662  0.894771  0.790217  0.801127  0.204267  0.697035  0.711933  0.265733  0.286321  0.588845  0.815141  0.827195  0.729321  0.793274  0.364818  0.715468  0.727364  0.765716  0.780821  0.786828  0.736939  0.844578  0.742978  0.844822  0.834044  0.720803  0.725730  0.704266  0.761011  0.865542  0.498775  0.789458  0.292484  0.761388  0.701567  0.182322  0.583066  0.306390  0.101834  0.698364  0.712017  0.738422 0.0  0.051408  0.792223  0.727033  0.451139  0.440216 
57  0.609945  0.751654  0.192387  0.803539  0.714662  0.763430  0.871928  0.447806  0.386652  0.877714  0.629252  0.596753  0.702736  0.725008  0.012975  0.635138  0.812424  0.745437  0.185904  0.743910  0.772064  0.274887  0.240217  0.810490  0.728095  0.744599  0.721684  0.873937  0.267372  0.661148  0.882398  0.800470  0.749766  0.742634  0.662857  0.825070  0.740466  0.692761  0.762585  0.728292  0.672423  0.801990  0.838687  0.669404  0.493556  0.823113  0.394923  0.865223  0.763644  0.301063  0.586468  0.247759  0.036772  0.711804  0.518548  0.663625  0.051408 0.0  0.695746  0.662488  0.312484  0.300908 
58  0.243416  0.476000  0.718432  0.191951  0.218669  0.226201  0.226658  0.362888  0.740985  0.155837  0.304353  0.121796  0.455972  0.425211  0.733503  0.401260  0.039103  0.239706  0.717742  0.680890  0.327632  0.635808  0.585128  0.353793  0.159078  0.433043  0.303880  0.159145  0.692851  0.578062  0.481870  0.444232  0.515685  0.597199  0.455525  0.336439  0.553086  0.488397  0.499212  0.313817  0.400874  0.012270  0.232030  0.408232  0.305107  0.000000  0.543459  0.050265  0.887982  0.736903  0.672055  0.584932  0.698394  0.139031  0.597409  0.217943  0.792223  0.695746 0.0  0.524894  0.787711  0.660868 
59  0.160164  0.435619  0.794494  0.390468  0.148002  0.469846  0.473156  0.279309  0.595037  0.409610  0.251826  0.449342  0.009669  0.127635  0.759519  0.308546  0.275027  0.044747  0.664100  0.548693  0.203323  0.906266  0.897879  0.061937  0.391925  0.150628  0.113432  0.442900  0.425933  0.267984  0.749560  0.031398  0.165165  0.186650  0.224691  0.158748  0.203013  0.194337  0.000000  0.248466  0.303669  0.314140  0.369307  0.177605  0.324105  0.381510  0.918662  0.330172  0.571638  0.687402  0.355373  0.953710  0.862946  0.528140  0.266689  0.494912  0.727033  0.662488  0.524894 0.0  0.375407  0.461332 
60  0.675931  0.831158  0.270515  0.829249  0.452876  0.655884  0.697296  0.813322  0.977082  0.649244  0.468468  0.746842  0.609874  0.447090  0.480391  0.789965  0.671657  0.609255  0.256285  0.529479  0.421279  0.213768  0.356476  0.399109  0.790642  0.383904  0.542397  0.763793  0.277110  0.386377  0.689171  0.461076  0.486957  0.464309  0.534812  0.544268  0.393090  0.527752  0.576650  0.597444  0.446374  0.668457  0.812752  0.453637  0.756518  0.773022  0.425247  0.777705  0.430300  0.294756  0.351190  0.279860  0.550294  0.705135  0.433352  0.681293  0.451139  0.312484  0.787711  0.375407 0.0  0.146796 
61  0.673636  0.701174  0.262805  0.785427  0.435207  0.837035  0.800162  0.759270  0.847554  0.755966  0.597673  0.727787  0.591687  0.455413  0.548764  0.854636  0.768235  0.544077  0.241554  0.598297  0.596972  0.340105  0.320079  0.442025  0.735577  0.521551  0.496597  0.645741  0.229360  0.389544  0.742962  0.480768  0.452644  0.407735  0.478018  0.440994  0.437871  0.444075  0.525966  0.732482  0.399376  0.718724  0.793169  0.409933  0.798742  0.737843  0.268014  0.771136  0.521569  0.219951  0.335785  0.421315  0.484350  0.628411  0.429445  0.666030  0.440216  0.300908  0.660868  0.461332  0.146796 0.0 
