62
0 0.0  0.321345  0.670549  0.212202  0.199938  0.263902  0.242122  0.250448  0.619704  0.243704  0.247046  0.198788  0.212972  0.169140  0.619879  0.217960  0.241229  0.118247  0.543148  0.624279  0.267044  0.603787  0.545020  0.210348  0.299521  0.245828  0.209933  0.132661  0.650242  0.328497  0.554707  0.213418  0.223993  0.152732  0.284862  0.281305  0.225003  0.311410  0.165531  0.185130  0.240104  0.338216  0.327783  0.294951  0.262136  0.225729  0.541067  0.191371  0.601152  0.582631  0.364071  0.623225  0.545480  0.181607  0.460035  0.202115  0.629237  0.594247  0.308935  0.320134  0.595334  0.639773 
1  0.321345 0.0  0.685193  0.437883  0.284794  0.523476  0.380506  0.344941  0.703572  0.362336  0.310685  0.416336  0.359513  0.460357  0.567243  0.124940  0.242157  0.178007  0.584949  0.630321  0.283604  0.807754  0.732761  0.252876  0.528944  0.399277  0.425756  0.290575  0.727251  0.413844  0.728507  0.462128  0.320586  0.449610  0.481144  0.297406  0.471491  0.460135  0.324103  0.284977  0.443682  0.346748  0.448673  0.520095  0.311649  0.285277  0.830024  0.311188  0.872823  0.625482  0.529885  0.715922  0.657867  0.472791  0.503163  0.381176  0.671805  0.781614  0.548574  0.327901  0.756444  0.739694 
2  0.670549  0.685193 0.0  0.719224  0.634339  0.666827  0.750423  0.474266  0.481249  0.775781  0.506426  0.697540  0.633538  0.845858  0.047036  0.648445  0.807595  0.713326  0.292218  0.826751  0.684416  0.340451  0.321200  0.791286  0.660298  0.783087  0.683575  1.000000  0.360354  0.574563  0.870037  0.723760  0.733946  0.814892  0.709954  0.841865  0.733041  0.623658  0.609401  0.690307  0.688054  0.622629  0.712060  0.637314  0.641997  0.748296  0.332119  0.875658  0.683306  0.310353  0.608586  0.350747  0.000000  0.692846  0.503116  0.684425  0.137346  0.255442  0.632004  0.738997  0.358711  0.353965 
3  0.212202  0.437883  0.719224 0.0  0.282777  0.118968  0.083719  0.340443  0.747089  0.178101  0.221369  0.162757  0.380088  0.311005  0.741863  0.456215  0.108337  0.319698  0.648671  0.761719  0.289281  0.497979  0.621420  0.345448  0.280999  0.383298  0.389242  0.171285  0.772724  0.282132  0.453177  0.429117  0.370837  0.286258  0.328514  0.299586  0.411108  0.468700  0.431490  0.323958  0.292041  0.160235  0.210036  0.351630  0.305813  0.153433  0.551017  0.240382  0.722389  0.569250  0.553992  0.527754  0.800591  0.105403  0.681935  0.113811  0.722695  0.881540  0.087883  0.400564  0.757765  0.815436 
4  0.199938  0.284794  0.634339  0.282777 0.0  0.367727  0.276140  0.346874  0.563153  0.342263  0.209337  0.251833  0.115521  0.110305  0.628906  0.443418  0.306639  0.097495  0.689877  0.542540  0.219995  0.751287  0.613125  0.062957  0.318576  0.082521  0.002786  0.310259  0.392898  0.081050  0.675887  0.128946  0.018371  0.143311  0.136704  0.132898  0.000000  0.039309  0.096156  0.298515  0.108445  0.411811  0.270925  0.000000  0.285071  0.311078  0.752136  0.187561  0.410911  0.572695  0.423850  0.743186  0.681679  0.357512  0.303671  0.279948  0.735983  0.684157  0.326918  0.027091  0.492551  0.423160 
5  0.263902  0.523476  0.666827  0.118968  0.367727 0.0  0.176427  0.288278  0.728276  0.133976  0.330783  0.229566  0.372349  0.389303  0.671535  0.302833  0.075209  0.328566  0.674442  0.528836  0.352865  0.587389  0.696789  0.376464  0.240943  0.478906  0.319060  0.020885  0.744488  0.465173  0.493167  0.469234  0.473196  0.446166  0.403210  0.372317  0.375143  0.293347  0.273959  0.262982  0.474659  0.050786  0.262145  0.443817  0.317602  0.000000  0.604974  0.111622  0.850250  0.603887  0.566336  0.421783  0.718471  0.222937  0.530607  0.196889  0.620914  0.792729  0.188308  0.444651  0.764090  0.723205 
6  0.242122  0.380506  0.750423  0.083719  0.276140  0.176427 0.0  0.265575  0.726070  0.095948  0.344788  0.181504  0.269121  0.378987  0.730960  0.289234  0.050374  0.276257  0.657613  0.658101  0.311414  0.552485  0.554878  0.341782  0.206879  0.418136  0.278044  0.105757  0.613577  0.460699  0.443407  0.529242  0.438785  0.491910  0.491449  0.435268  0.361556  0.345273  0.299062  0.279119  0.430434  0.000000  0.248843  0.389607  0.246411  0.053609  0.602925  0.000000  0.751898  0.606365  0.517810  0.540805  0.786216  0.178211  0.468010  0.259154  0.688812  0.742898  0.243750  0.374094  0.618007  0.722794 
7  0.250448  0.344941  0.474266  0.340443  0.346874  0.288278  0.265575 0.0  0.619168  0.306126  0.160998  0.382129  0.456288  0.265595  0.590134  0.425281  0.371759  0.365768  0.720201  0.912878  0.299213  0.737489  0.776300  0.337980  0.282061  0.300191  0.476726  0.238259  0.792427  0.369703  0.712542  0.331723  0.307922  0.279848  0.292430  0.314839  0.333590  0.269910  0.400639  0.261931  0.267582  0.316849  0.286471  0.365577  0.097148  0.366105  0.687327  0.205778  0.711912  0.680760  0.466254  0.647408  0.536458  0.415449  0.612500  0.388391  0.530442  0.406088  0.441087  0.256911  0.860577  0.842021 
8  0.619704  0.703572  0.481249  0.747089  0.563153  0.728276  0.726070  0.619168 0.0  0.801804  0.618132  0.650251  0.815962  0.585894  0.603665  0.885845  0.700351  0.777323  0.574390  0.411392  0.752968  0.625479  0.671193  0.668843  0.639210  0.697406  0.840764  0.628519  0.903008  0.731045  0.320300  0.747872  0.701637  0.709994  0.760857  0.770631  0.678754  0.702449  0.809539  0.564839  0.623647  0.792596  0.641894  0.665613  0.422446  0.658469  0.783235  0.674690  0.287292  0.644906  0.525100  0.770931  0.592829  0.691195  0.726164  0.691791  0.486625  0.396280  0.720300  0.704565  0.851759  0.851215 
9  0.243704  0.362336  0.775781  0.178101  0.342263  0.133976  0.095948  0.306126  0.801804 0.0  0.041449  0.075937  0.292291  0.191836  0.736741  0.288630  0.132529  0.304481  0.643477  0.742636  0.294508  0.472021  0.412592  0.495871  0.010105  0.398999  0.278615  0.263306  0.709539  0.262358  0.514918  0.346278  0.305579  0.357266  0.236615  0.377903  0.347494  0.490161  0.333476  0.250999  0.243591  0.110057  0.073184  0.266435  0.497846  0.181505  0.510124  0.168614  0.716788  0.588536  0.579884  0.465097  0.736822  0.087028  0.438832  0.058735  0.640261  0.781511  0.057226  0.359827  0.691329  0.612418 
10  0.247046  0.310685  0.506426  0.221369  0.209337  0.330783  0.344788  0.160998  0.618132  0.041449 0.0  0.291235  0.166745  0.314265  0.543688  0.191470  0.224190  0.175665  0.679478  0.489560  0.228957  0.746630  0.660709  0.228260  0.275440  0.206559  0.126032  0.201940  0.481082  0.333054  0.542604  0.354119  0.308513  0.335883  0.312760  0.225674  0.337877  0.299918  0.133940  0.194520  0.264549  0.201846  0.272984  0.391822  0.171986  0.138501  0.615375  0.147327  0.725848  0.548525  0.425614  0.723764  0.512306  0.345949  0.318325  0.288455  0.540935  0.506731  0.278376  0.403036  0.512674  0.638906 
11  0.198788  0.416336  0.697540  0.162757  0.251833  0.229566  0.181504  0.382129  0.650251  0.075937  0.291235 0.0  0.365629  0.375841  0.677234  0.296677  0.088288  0.351370  0.545926  0.653892  0.360620  0.624270  0.640225  0.206836  0.255120  0.393943  0.279031  0.087136  0.663496  0.445522  0.334633  0.422542  0.418413  0.398954  0.452107  0.292827  0.452624  0.451331  0.365157  0.298807  0.396741  0.054317  0.206797  0.460186  0.285955  0.068711  0.526009  0.107101  0.821482  0.638831  0.523926  0.527864  0.677651  0.203036  0.521039  0.210214  0.606935  0.695455  0.144806  0.447722  0.665863  0.715739 
12  0.212972  0.359513  0.633538  0.380088  0.115521  0.372349  0.269121  0.456288  0.815962  0.292291  0.166745  0.365629 0.0  0.006411  0.789855  0.441647  0.348507  0.231324  0.685424  0.497400  0.128056  0.780557  0.644388  0.000000  0.352858  0.142724  0.220591  0.195513  0.567971  0.046009  0.731728  0.151385  0.084434  0.022950  0.052005  0.228637  0.065548  0.000000  0.138548  0.219744  0.036579  0.368473  0.298144  0.037152  0.186309  0.294541  0.726340  0.312324  0.414598  0.471176  0.332705  0.740572  0.843813  0.288278  0.312075  0.333909  0.813787  0.611111  0.262476  0.164122  0.582449  0.519643 
13  0.169140  0.460357  0.845858  0.311005  0.110305  0.389303  0.378987  0.265595  0.585894  0.191836  0.314265  0.375841  0.006411 0.0  0.679203  0.266796  0.393033  0.039629  0.646515  0.430841  0.130231  0.608051  0.880319  0.071859  0.465921  0.151488  0.149882  0.331908  0.487354  0.142467  0.777686  0.191110  0.105465  0.146277  0.157951  0.189785  0.133135  0.030589  0.128749  0.256761  0.137879  0.231037  0.371435  0.188276  0.390466  0.261506  0.708176  0.233198  0.535830  0.573987  0.355212  0.851909  0.714520  0.294449  0.317135  0.326146  0.719306  0.656500  0.405496  0.223456  0.391239  0.487332 
14  0.619879  0.567243  0.047036  0.741863  0.628906  0.671535  0.730960  0.590134  0.603665  0.736741  0.543688  0.677234  0.789855  0.679203 0.0  0.800903  0.725272  0.833865  0.309180  0.737137  0.670826  0.278937  0.207573  0.644471  0.637839  0.698787  0.799418  0.735615  0.526105  0.737237  0.765693  0.690660  0.667145  0.743099  0.691570  0.740339  0.685554  0.680046  0.744246  0.684416  0.575148  0.629000  0.703817  0.657951  0.496903  0.671100  0.234336  0.747823  0.810577  0.242792  0.582857  0.223974  0.166298  0.650240  0.695308  0.690374  0.139395  0.154031  0.780941  0.690365  0.346235  0.448098 
15  0.217960  0.124940  0.648445  0.456215  0.443418  0.302833  0.289234  0.425281  0.885845  0.288630  0.191470  0.296677  0.441647  0.266796  0.800903 0.0  0.362740  0.493921  0.662949  0.824184  0.201237  0.733567  0.665107  0.333642  0.277486  0.375704  0.443611  0.372821  0.752001  0.327663  0.602637  0.361082  0.310430  0.338797  0.374081  0.416131  0.364685  0.458212  0.487501  0.133146  0.313737  0.348024  0.264112  0.436187  0.372087  0.331604  0.662114  0.399852  0.659026  0.645431  0.622654  0.723809  0.782747  0.224334  0.650311  0.288084  0.784512  0.692493  0.360222  0.399350  0.768519  0.838400 
16  0.241229  0.242157  0.807595  0.108337  0.306639  0.075209  0.050374  0.371759  0.700351  0.132529  0.224190  0.088288  0.348507  0.393033  0.725272  0.362740 0.0  0.295610  0.698508  0.694057  0.249588  0.432576  0.435249  0.455727  0.034105  0.310284  0.372389  0.166298  0.665680  0.366072  0.564516  0.314531  0.320251  0.269816  0.374685  0.312537  0.294321  0.285656  0.269898  0.260618  0.332230  0.046736  0.023416  0.243763  0.450078  0.181189  0.492121  0.196905  0.785352  0.646746  0.550663  0.370790  0.676122  0.061763  0.475675  0.104815  0.761713  0.858561  0.152526  0.365343  0.740183  0.684720 
17  0.118247  0.178007  0.713326  0.319698  0.097495  0.328566  0.276257  0.365768  0.777323  0.304481  0.175665  0.351370  0.231324  0.039629  0.833865  0.493921  0.295610 0.0  0.644130  0.505821  0.178759  0.647288  0.680678  0.000000  0.321442  0.147343  0.097380  0.261654  0.508513  0.117500  0.720728  0.024347  0.004151  0.130437  0.070840  0.169915  0.144770  0.000000  0.216769  0.201572  0.007380  0.369743  0.233549  0.138695  0.321643  0.227374  0.773418  0.210902  0.282565  0.654111  0.289132  0.718834  0.908927  0.207466  0.382462  0.249656  0.704019  0.666582  0.286864  0.065787  0.489035  0.585101 
18  0.543148  0.584949  0.292218  0.648671  0.689877  0.674442  0.657613  0.720201  0.574390  0.643477  0.679478  0.545926  0.685424  0.646515  0.309180  0.662949  0.698508  0.644130 0.0  0.659874  0.583674  0.214289  0.337713  0.645213  0.576412  0.625668  0.542747  0.696602  0.191014  0.528958  0.653607  0.566831  0.646874  0.725673  0.595090  0.681537  0.547876  0.617170  0.650844  0.683101  0.708225  0.723523  0.603457  0.602859  0.635889  0.642836  0.163542  0.607118  0.585062  0.223310  0.523950  0.168836  0.239321  0.654130  0.402475  0.579742  0.245968  0.225179  0.618620  0.705039  0.179076  0.305603 
19  0.624279  0.630321  0.826751  0.761719  0.542540  0.528836  0.658101  0.912878  0.411392  0.742636  0.489560  0.653892  0.497400  0.430841  0.737137  0.824184  0.694057  0.505821  0.659874 0.0  0.451590  0.705539  0.698984  0.419901  0.752574  0.396100  0.638948  0.636564  0.524682  0.399081  0.280586  0.409529  0.423419  0.475824  0.558960  0.505347  0.470043  0.402756  0.589218  0.689867  0.397315  0.660057  0.658308  0.463744  0.697938  0.629687  0.763094  0.680460  0.057767  0.542645  0.306575  0.638711  0.862081  0.790281  0.382278  0.796097  0.887455  0.612331  0.760408  0.470481  0.623629  0.555451 
20  0.267044  0.283604  0.684416  0.289281  0.219995  0.352865  0.311414  0.299213  0.752968  0.294508  0.228957  0.360620  0.128056  0.130231  0.670826  0.201237  0.249588  0.178759  0.583674  0.451590 0.0  0.725344  0.631588  0.023717  0.285658  0.168882  0.000000  0.326162  0.462799  0.063604  0.695203  0.016202  0.048901  0.130334  0.017287  0.102274  0.013627  0.095129  0.000000  0.218639  0.060271  0.401179  0.389051  0.061365  0.316879  0.393357  0.670984  0.368201  0.387795  0.655670  0.237515  0.691354  0.691033  0.294731  0.237592  0.338934  0.645844  0.763528  0.198970  0.146261  0.440569  0.472469 
21  0.603787  0.807754  0.340451  0.497979  0.751287  0.587389  0.552485  0.737489  0.625479  0.472021  0.746630  0.624270  0.780557  0.608051  0.278937  0.733567  0.432576  0.647288  0.214289  0.705539  0.725344 0.0  0.201910  0.670277  0.582232  0.823725  0.669425  0.443748  0.199384  0.794069  0.444729  0.774070  0.847906  0.800816  0.882457  0.747669  0.794001  0.843865  0.653689  0.765515  0.763201  0.513076  0.605812  0.766105  0.664795  0.400205  0.161572  0.452725  0.825600  0.266226  0.489405  0.133906  0.400718  0.539488  0.524205  0.550947  0.313261  0.271996  0.612615  0.724632  0.289443  0.411577 
22  0.545020  0.732761  0.321200  0.621420  0.613125  0.696789  0.554878  0.776300  0.671193  0.412592  0.660709  0.640225  0.644388  0.880319  0.207573  0.665107  0.435249  0.680678  0.337713  0.698984  0.631588  0.201910 0.0  0.614397  0.592135  0.745011  0.645202  0.473001  0.239885  0.785109  0.421999  0.774714  0.807637  0.837566  0.869721  0.764880  0.830290  0.726780  0.745930  0.679817  0.926372  0.430767  0.625604  0.927983  0.724846  0.473576  0.227247  0.486234  0.814374  0.266244  0.565579  0.173693  0.299721  0.699862  0.515076  0.543462  0.267111  0.347695  0.665986  0.830127  0.365418  0.375904 
23  0.210348  0.252876  0.791286  0.345448  0.062957  0.376464  0.341782  0.337980  0.668843  0.495871  0.228260  0.206836  0.000000  0.071859  0.644471  0.333642  0.455727  0.000000  0.645213  0.419901  0.023717  0.670277  0.614397 0.0  0.268873  0.080471  0.000000  0.498827  0.437931  0.174920  0.739241  0.198816  0.077479  0.088148  0.043464  0.109049  0.051705  0.005315  0.031952  0.240209  0.044729  0.237890  0.354854  0.000000  0.510141  0.455982  0.663492  0.355346  0.498937  0.631260  0.293739  0.736369  0.682384  0.295356  0.301925  0.336595  0.732564  0.741779  0.237079  0.006997  0.422506  0.443651 
24  0.299521  0.528944  0.660298  0.280999  0.318576  0.240943  0.206879  0.282061  0.639210  0.010105  0.275440  0.255120  0.352858  0.465921  0.637839  0.277486  0.034105  0.321442  0.576412  0.752574  0.285658  0.582232  0.592135  0.268873 0.0  0.417382  0.349148  0.074568  0.630877  0.381731  0.429890  0.431059  0.472001  0.370954  0.489215  0.394204  0.426441  0.405942  0.232556  0.179429  0.506245  0.048075  0.177497  0.433080  0.294119  0.045353  0.547557  0.032377  0.894637  0.625367  0.459585  0.505934  0.761468  0.080421  0.494321  0.193685  0.773633  0.607047  0.248989  0.449964  0.748506  0.711226 
25  0.245828  0.399277  0.783087  0.383298  0.082521  0.478906  0.418136  0.300191  0.697406  0.398999  0.206559  0.393943  0.142724  0.151488  0.698787  0.375704  0.310284  0.147343  0.625668  0.396100  0.168882  0.823725  0.745011  0.080471  0.417382 0.0  0.000000  0.385317  0.361094  0.118848  0.710718  0.176662  0.159918  0.252605  0.192475  0.096417  0.254246  0.185847  0.129709  0.211479  0.154221  0.389176  0.456512  0.189169  0.299041  0.245019  0.890132  0.254261  0.614157  0.598177  0.296098  0.809825  0.638291  0.396502  0.216926  0.435209  0.704218  0.745183  0.411611  0.162261  0.384945  0.355395 
26  0.209933  0.425756  0.683575  0.389242  0.002786  0.319060  0.278044  0.476726  0.840764  0.278615  0.126032  0.279031  0.220591  0.149882  0.799418  0.443611  0.372389  0.097380  0.542747  0.638948  0.000000  0.669425  0.645202  0.000000  0.349148  0.000000 0.0  0.309343  0.590291  0.013078  0.614936  0.058632  0.000000  0.039722  0.076826  0.135158  0.049356  0.088907  0.230152  0.245362  0.006982  0.273751  0.290675  0.035024  0.372973  0.331934  0.651599  0.307290  0.386280  0.606898  0.217125  0.699421  0.894284  0.333143  0.425072  0.284255  0.891087  0.786637  0.420673  0.107304  0.581419  0.592214 
27  0.132661  0.290575  1.000000  0.171285  0.310259  0.020885  0.105757  0.238259  0.628519  0.263306  0.201940  0.087136  0.195513  0.331908  0.735615  0.372821  0.166298  0.261654  0.696602  0.636564  0.326162  0.443748  0.473001  0.498827  0.074568  0.385317  0.309343 0.0  0.690059  0.289761  0.550637  0.277665  0.305690  0.352142  0.293514  0.363861  0.347171  0.475109  0.353726  0.224590  0.318384  0.112094  0.077983  0.323326  0.442795  0.212605  0.429754  0.297051  0.686810  0.542976  0.606531  0.454908  0.664563  0.147359  0.457359  0.164185  0.801568  0.669488  0.052131  0.295549  0.737369  0.738944 
28  0.650242  0.727251  0.360354  0.772724  0.392898  0.744488  0.613577  0.792427  0.903008  0.709539  0.481082  0.663496  0.567971  0.487354  0.526105  0.752001  0.665680  0.508513  0.191014  0.524682  0.462799  0.199384  0.239885  0.437931  0.630877  0.361094  0.590291  0.690059 0.0  0.503675  0.707088  0.480160  0.494806  0.456601  0.476115  0.490157  0.412278  0.386472  0.597011  0.572273  0.412639  0.718399  0.620055  0.418675  0.776458  0.659491  0.284873  0.646155  0.370355  0.194804  0.251673  0.325638  0.367009  0.574378  0.474441  0.656540  0.452158  0.392399  0.761982  0.407656  0.191670  0.154473 
29  0.328497  0.413844  0.574563  0.282132  0.081050  0.465173  0.460699  0.369703  0.731045  0.262358  0.333054  0.445522  0.046009  0.142467  0.737237  0.327663  0.366072  0.117500  0.528958  0.399081  0.063604  0.794069  0.785109  0.174920  0.381731  0.118848  0.013078  0.289761  0.503675 0.0  0.678739  0.207571  0.239921  0.301139  0.204406  0.085232  0.191863  0.205286  0.000000  0.273881  0.240582  0.264134  0.464715  0.156821  0.390979  0.249884  0.837593  0.376281  0.546123  0.683592  0.352675  0.881699  0.726004  0.532389  0.330860  0.491399  0.654763  0.667663  0.460029  0.123981  0.409736  0.439638 
30  0.554707  0.728507  0.870037  0.453177  0.675887  0.493167  0.443407  0.712542  0.320300  0.514918  0.542604  0.334633  0.731728  0.777686  0.765693  0.602637  0.564516  0.720728  0.653607  0.280586  0.695203  0.444729  0.421999  0.739241  0.429890  0.710718  0.614936  0.550637  0.707088  0.678739 0.0  0.697314  0.755517  0.730485  0.665367  0.729696  0.706102  0.671223  0.677254  0.676983  0.717837  0.416047  0.554621  0.672606  0.710584  0.595318  0.405760  0.517763  0.330733  0.754654  0.485001  0.435038  0.697523  0.424914  0.517725  0.439198  0.621604  0.877231  0.376261  0.619439  0.684616  0.713486 
31  0.213418  0.462128  0.723760  0.429117  0.128946  0.469234  0.529242  0.331723  0.747872  0.346278  0.354119  0.422542  0.151385  0.191110  0.690660  0.361082  0.314531  0.024347  0.566831  0.409529  0.016202  0.774070  0.774714  0.198816  0.431059  0.176662  0.058632  0.277665  0.480160  0.207571  0.697314 0.0  0.213429  0.113688  0.188205  0.161751  0.147216  0.185256  0.040196  0.246453  0.175986  0.219536  0.488416  0.160343  0.392458  0.311208  0.735630  0.296015  0.627666  0.730683  0.257178  0.846470  0.619937  0.372247  0.411869  0.399103  0.597797  0.738416  0.439438  0.204488  0.512743  0.468478 
32  0.223993  0.320586  0.733946  0.370837  0.018371  0.473196  0.438785  0.307922  0.701637  0.305579  0.308513  0.418413  0.084434  0.105465  0.667145  0.310430  0.320251  0.004151  0.646874  0.423419  0.048901  0.847906  0.807637  0.077479  0.472001  0.159918  0.000000  0.305690  0.494806  0.239921  0.755517  0.213429 0.0  0.122910  0.157146  0.164862  0.197002  0.206970  0.150965  0.310706  0.124839  0.415923  0.345930  0.291899  0.380103  0.315037  0.829285  0.389846  0.616877  0.643110  0.463562  0.818944  0.659745  0.393417  0.205369  0.411009  0.754331  0.620753  0.389763  0.112133  0.309340  0.476030 
33  0.152732  0.449610  0.814892  0.286258  0.143311  0.446166  0.491910  0.279848  0.709994  0.357266  0.335883  0.398954  0.022950  0.146277  0.743099  0.338797  0.269816  0.130437  0.725673  0.475824  0.130334  0.800816  0.837566  0.088148  0.370954  0.252605  0.039722  0.352142  0.456601  0.301139  0.730485  0.113688  0.122910 0.0  0.143113  0.141341  0.130252  0.269625  0.050370  0.246722  0.257191  0.468867  0.471171  0.221642  0.299445  0.314333  0.833776  0.364268  0.582338  0.668386  0.336921  0.903276  0.705921  0.494787  0.219919  0.428606  0.698683  0.645262  0.493303  0.256170  0.523119  0.484757 
34  0.284862  0.481144  0.709954  0.328514  0.136704  0.403210  0.491449  0.292430  0.760857  0.236615  0.312760  0.452107  0.052005  0.157951  0.691570  0.374081  0.374685  0.070840  0.595090  0.558960  0.017287  0.882457  0.869721  0.043464  0.489215  0.192475  0.076826  0.293514  0.476115  0.204406  0.665367  0.188205  0.157146  0.143113 0.0  0.006925  0.133871  0.129262  0.095458  0.169458  0.125103  0.271507  0.358420  0.231693  0.212697  0.328676  0.807761  0.276451  0.507260  0.627020  0.319833  0.719480  0.642511  0.429546  0.189448  0.415568  0.547050  0.634235  0.384920  0.142589  0.442760  0.387333 
35  0.281305  0.297406  0.841865  0.299586  0.132898  0.372317  0.435268  0.314839  0.770631  0.377903  0.225674  0.292827  0.228637  0.189785  0.740339  0.416131  0.312537  0.169915  0.681537  0.505347  0.102274  0.747669  0.764880  0.109049  0.394204  0.096417  0.135158  0.363861  0.490157  0.085232  0.729696  0.161751  0.164862  0.141341  0.006925 0.0  0.098823  0.097510  0.165745  0.250717  0.069128  0.270886  0.337670  0.236258  0.347267  0.373281  0.728465  0.418992  0.528947  0.600344  0.225546  0.644663  0.780655  0.399086  0.385897  0.416381  0.767811  0.651233  0.329816  0.228147  0.518541  0.567055 
36  0.225003  0.471491  0.733041  0.411108  0.000000  0.375143  0.361556  0.333590  0.678754  0.347494  0.337877  0.452624  0.065548  0.133135  0.685554  0.364685  0.294321  0.144770  0.547876  0.470043  0.013627  0.794001  0.830290  0.051705  0.426441  0.254246  0.049356  0.347171  0.412278  0.191863  0.706102  0.147216  0.197002  0.130252  0.133871  0.098823 0.0  0.213250  0.095356  0.284508  0.218563  0.334162  0.425659  0.239447  0.322170  0.354354  0.922346  0.297821  0.477501  0.537149  0.291965  0.841695  0.637486  0.448608  0.301889  0.394235  0.641564  0.665656  0.454724  0.121828  0.361600  0.439137 
37  0.311410  0.460135  0.623658  0.468700  0.039309  0.293347  0.345273  0.269910  0.702449  0.490161  0.299918  0.451331  0.000000  0.030589  0.680046  0.458212  0.285656  0.000000  0.617170  0.402756  0.095129  0.843865  0.726780  0.005315  0.405942  0.185847  0.088907  0.475109  0.386472  0.205286  0.671223  0.185256  0.206970  0.269625  0.129262  0.097510  0.213250 0.0  0.000000  0.223993  0.197030  0.285319  0.379784  0.209476  0.287914  0.371674  0.815583  0.355056  0.594777  0.713649  0.347529  0.893474  0.648592  0.453036  0.284344  0.455610  0.638861  0.646939  0.421241  0.138142  0.362377  0.501642 
38  0.165531  0.324103  0.609401  0.431490  0.096156  0.273959  0.299062  0.400639  0.809539  0.333476  0.133940  0.365157  0.138548  0.128749  0.744246  0.487501  0.269898  0.216769  0.650844  0.589218  0.000000  0.653689  0.745930  0.031952  0.232556  0.129709  0.230152  0.353726  0.597011  0.000000  0.677254  0.040196  0.150965  0.050370  0.095458  0.165745  0.095356  0.000000 0.0  0.224759  0.019441  0.179787  0.284398  0.057932  0.374971  0.340652  0.635139  0.320142  0.562665  0.620401  0.324766  0.766068  0.815343  0.352205  0.298056  0.375982  0.803863  0.754729  0.320778  0.133603  0.575527  0.501489 
39  0.185130  0.284977  0.690307  0.323958  0.298515  0.262982  0.279119  0.261931  0.564839  0.250999  0.194520  0.298807  0.219744  0.256761  0.684416  0.133146  0.260618  0.201572  0.683101  0.689867  0.218639  0.765515  0.679817  0.240209  0.179429  0.211479  0.245362  0.224590  0.572273  0.273881  0.676983  0.246453  0.310706  0.246722  0.169458  0.250717  0.284508  0.223993  0.224759 0.0  0.266335  0.347440  0.135032  0.191164  0.224316  0.239627  0.540543  0.242024  0.567356  0.613785  0.540402  0.636917  0.634778  0.179948  0.412485  0.224710  0.658836  0.664891  0.222763  0.307161  0.749483  0.649017 
40  0.240104  0.443682  0.688054  0.292041  0.108445  0.474659  0.430434  0.267582  0.623647  0.243591  0.264549  0.396741  0.036579  0.137879  0.575148  0.313737  0.332230  0.007380  0.708225  0.397315  0.060271  0.763201  0.926372  0.044729  0.506245  0.154221  0.006982  0.318384  0.412639  0.240582  0.717837  0.175986  0.124839  0.257191  0.125103  0.069128  0.218563  0.197030  0.019441  0.266335 0.0  0.353500  0.522966  0.246219  0.370886  0.362441  0.793358  0.268696  0.578536  0.622187  0.339313  0.835338  0.685897  0.429037  0.221314  0.437657  0.790491  0.604475  0.342642  0.173096  0.406925  0.406533 
41  0.338216  0.346748  0.622629  0.160235  0.411811  0.050786  0.000000  0.316849  0.792596  0.110057  0.201846  0.054317  0.368473  0.231037  0.629000  0.348024  0.046736  0.369743  0.723523  0.660057  0.401179  0.513076  0.430767  0.237890  0.048075  0.389176  0.273751  0.112094  0.718399  0.264134  0.416047  0.219536  0.415923  0.468867  0.271507  0.270886  0.334162  0.285319  0.179787  0.347440  0.353500 0.0  0.058307  0.281915  0.291933  0.069904  0.441757  0.000000  0.618858  0.696685  0.586890  0.524626  0.692921  0.081666  0.536389  0.000000  0.672483  0.757826  0.034310  0.349766  0.778929  0.784687 
42  0.327783  0.448673  0.712060  0.210036  0.270925  0.262145  0.248843  0.286471  0.641894  0.073184  0.272984  0.206797  0.298144  0.371435  0.703817  0.264112  0.023416  0.233549  0.603457  0.658308  0.389051  0.605812  0.625604  0.354854  0.177497  0.456512  0.290675  0.077983  0.620055  0.464715  0.554621  0.488416  0.345930  0.471171  0.358420  0.337670  0.425659  0.379784  0.284398  0.135032  0.522966  0.058307 0.0  0.398581  0.281274  0.141811  0.602747  0.069267  0.869253  0.687558  0.568384  0.498745  0.686302  0.147546  0.548033  0.082783  0.782334  0.707701  0.223758  0.442900  0.702771  0.779817 
43  0.294951  0.520095  0.637314  0.351630  0.000000  0.443817  0.389607  0.365577  0.665613  0.266435  0.391822  0.460186  0.037152  0.188276  0.657951  0.436187  0.243763  0.138695  0.602859  0.463744  0.061365  0.766105  0.927983  0.000000  0.433080  0.189169  0.035024  0.323326  0.418675  0.156821  0.672606  0.160343  0.291899  0.221642  0.231693  0.236258  0.239447  0.209476  0.057932  0.191164  0.246219  0.281915  0.398581 0.0  0.253416  0.286433  0.748603  0.291388  0.670463  0.655801  0.333443  0.802718  0.754754  0.439786  0.198664  0.387071  0.683038  0.612003  0.422485  0.176138  0.432594  0.501999 
44  0.262136  0.311649  0.641997  0.305813  0.285071  0.317602  0.246411  0.097148  0.422446  0.497846  0.171986  0.285955  0.186309  0.390466  0.496903  0.372087  0.450078  0.321643  0.635889  0.697938  0.316879  0.664795  0.724846  0.510141  0.294119  0.299041  0.372973  0.442795  0.776458  0.390979  0.710584  0.392458  0.380103  0.299445  0.212697  0.347267  0.322170  0.287914  0.374971  0.224316  0.370886  0.291933  0.281274  0.253416 0.0  0.393542  0.620249  0.483116  0.711416  0.561480  0.525224  0.698804  0.444143  0.301678  0.484102  0.296256  0.428438  0.525069  0.317575  0.360729  0.697152  0.659113 
45  0.225729  0.285277  0.748296  0.153433  0.311078  0.000000  0.053609  0.366105  0.658469  0.181505  0.138501  0.068711  0.294541  0.261506  0.671100  0.331604  0.181189  0.227374  0.642836  0.629687  0.393357  0.400205  0.473576  0.455982  0.045353  0.245019  0.331934  0.212605  0.659491  0.249884  0.595318  0.311208  0.315037  0.314333  0.328676  0.373281  0.354354  0.371674  0.340652  0.239627  0.362441  0.069904  0.141811  0.286433  0.393542 0.0  0.459197  0.126296  0.678162  0.562985  0.547924  0.401287  0.763136  0.090566  0.475598  0.006523  0.693366  0.830204  0.031078  0.408358  0.705995  0.617394 
46  0.541067  0.830024  0.332119  0.551017  0.752136  0.604974  0.602925  0.687327  0.783235  0.510124  0.615375  0.526009  0.726340  0.708176  0.234336  0.662114  0.492121  0.773418  0.163542  0.763094  0.670984  0.161572  0.227247  0.663492  0.547557  0.890132  0.651599  0.429754  0.284873  0.837593  0.405760  0.735630  0.829285  0.833776  0.807761  0.728465  0.922346  0.815583  0.635139  0.540543  0.793358  0.441757  0.602747  0.748603  0.620249  0.459197 0.0  0.485131  0.793045  0.175430  0.522067  0.110164  0.299840  0.498103  0.506343  0.498029  0.286294  0.286886  0.554659  0.769612  0.325508  0.321877 
47  0.191371  0.311188  0.875658  0.240382  0.187561  0.111622  0.000000  0.205778  0.674690  0.168614  0.147327  0.107101  0.312324  0.233198  0.747823  0.399852  0.196905  0.210902  0.607118  0.680460  0.368201  0.452725  0.486234  0.355346  0.032377  0.254261  0.307290  0.297051  0.646155  0.376281  0.517763  0.296015  0.389846  0.364268  0.276451  0.418992  0.297821  0.355056  0.320142  0.242024  0.268696  0.000000  0.069267  0.291388  0.483116  0.126296  0.485131 0.0  0.638260  0.624657  0.605770  0.454352  0.590288  0.000000  0.563213  0.119784  0.645126  0.876980  0.130601  0.238974  0.715713  0.613506 
48  0.601152  0.872823  0.683306  0.722389  0.410911  0.850250  0.751898  0.711912  0.287292  0.716788  0.725848  0.821482  0.414598  0.535830  0.810577  0.659026  0.785352  0.282565  0.585062  0.057767  0.387795  0.825600  0.814374  0.498937  0.894637  0.614157  0.386280  0.686810  0.370355  0.546123  0.330733  0.627666  0.616877  0.582338  0.507260  0.528947  0.477501  0.594777  0.562665  0.567356  0.578536  0.618858  0.869253  0.670463  0.711416  0.678162  0.793045  0.638260 0.0  0.607824  0.245451  0.921777  0.687733  0.795753  0.201333  0.729785  0.726832  0.734461  0.834456  0.592721  0.418543  0.467548 
49  0.582631  0.625482  0.310353  0.569250  0.572695  0.603887  0.606365  0.680760  0.644906  0.588536  0.548525  0.638831  0.471176  0.573987  0.242792  0.645431  0.646746  0.654111  0.223310  0.542645  0.655670  0.266226  0.266244  0.631260  0.625367  0.598177  0.606898  0.542976  0.194804  0.683592  0.754654  0.730683  0.643110  0.668386  0.627020  0.600344  0.537149  0.713649  0.620401  0.613785  0.622187  0.696685  0.687558  0.655801  0.561480  0.562985  0.175430  0.624657  0.607824 0.0  0.473964  0.232732  0.154564  0.610215  0.440315  0.748148  0.224872  0.285556  0.632680  0.672081  0.266418  0.338521 
50  0.364071  0.529885  0.608586  0.553992  0.423850  0.566336  0.517810  0.466254  0.525100  0.579884  0.425614  0.523926  0.332705  0.355212  0.582857  0.622654  0.550663  0.289132  0.523950  0.306575  0.237515  0.489405  0.565579  0.293739  0.459585  0.296098  0.217125  0.606531  0.251673  0.352675  0.485001  0.257178  0.463562  0.336921  0.319833  0.225546  0.291965  0.347529  0.324766  0.540402  0.339313  0.586890  0.568384  0.333443  0.525224  0.547924  0.522067  0.605770  0.245451  0.473964 0.0  0.626468  0.482254  0.603739  0.342171  0.521825  0.689458  0.604266  0.564600  0.237716  0.312006  0.250652 
51  0.623225  0.715922  0.350747  0.527754  0.743186  0.421783  0.540805  0.647408  0.770931  0.465097  0.723764  0.527864  0.740572  0.851909  0.223974  0.723809  0.370790  0.718834  0.168836  0.638711  0.691354  0.133906  0.173693  0.736369  0.505934  0.809825  0.699421  0.454908  0.325638  0.881699  0.435038  0.846470  0.818944  0.903276  0.719480  0.644663  0.841695  0.893474  0.766068  0.636917  0.835338  0.524626  0.498745  0.802718  0.698804  0.401287  0.110164  0.454352  0.921777  0.232732  0.626468 0.0  0.241531  0.483357  0.518527  0.566545  0.296949  0.316988  0.526877  0.801895  0.288289  0.259639 
52  0.545480  0.657867  0.000000  0.800591  0.681679  0.718471  0.786216  0.536458  0.592829  0.736822  0.512306  0.677651  0.843813  0.714520  0.166298  0.782747  0.676122  0.908927  0.239321  0.862081  0.691033  0.400718  0.299721  0.682384  0.761468  0.638291  0.894284  0.664563  0.367009  0.726004  0.697523  0.619937  0.659745  0.705921  0.642511  0.780655  0.637486  0.648592  0.815343  0.634778  0.685897  0.692921  0.686302  0.754754  0.444143  0.763136  0.299840  0.590288  0.687733  0.154564  0.482254  0.241531 0.0  0.694092  0.614981  0.693518  0.211541  0.022923  0.713480  0.756434  0.372012  0.350527 
53  0.181607  0.472791  0.692846  0.105403  0.357512  0.222937  0.178211  0.415449  0.691195  0.087028  0.345949  0.203036  0.288278  0.294449  0.650240  0.224334  0.061763  0.207466  0.654130  0.790281  0.294731  0.539488  0.699862  0.295356  0.080421  0.396502  0.333143  0.147359  0.574378  0.532389  0.424914  0.372247  0.393417  0.494787  0.429546  0.399086  0.448608  0.453036  0.352205  0.179948  0.429037  0.081666  0.147546  0.439786  0.301678  0.090566  0.498103  0.000000  0.795753  0.610215  0.603739  0.483357  0.694092 0.0  0.460948  0.137032  0.631177  0.699527  0.224613  0.644293  0.713774  0.633093 
54  0.460035  0.503163  0.503116  0.681935  0.303671  0.530607  0.468010  0.612500  0.726164  0.438832  0.318325  0.521039  0.312075  0.317135  0.695308  0.650311  0.475675  0.382462  0.402475  0.382278  0.237592  0.524205  0.515076  0.301925  0.494321  0.216926  0.425072  0.457359  0.474441  0.330860  0.517725  0.411869  0.205369  0.219919  0.189448  0.385897  0.301889  0.284344  0.298056  0.412485  0.221314  0.536389  0.548033  0.198664  0.484102  0.475598  0.506343  0.563213  0.201333  0.440315  0.342171  0.518527  0.614981  0.460948 0.0  0.480184  0.590154  0.498375  0.675750  0.192624  0.338674  0.484106 
55  0.202115  0.381176  0.684425  0.113811  0.279948  0.196889  0.259154  0.388391  0.691791  0.058735  0.288455  0.210214  0.333909  0.326146  0.690374  0.288084  0.104815  0.249656  0.579742  0.796097  0.338934  0.550947  0.543462  0.336595  0.193685  0.435209  0.284255  0.164185  0.656540  0.491399  0.439198  0.399103  0.411009  0.428606  0.415568  0.416381  0.394235  0.455610  0.375982  0.224710  0.437657  0.000000  0.082783  0.387071  0.296256  0.006523  0.498029  0.119784  0.729785  0.748148  0.521825  0.566545  0.693518  0.137032  0.480184 0.0  0.738580  0.620444  0.237908  0.505781  0.648441  0.770318 
56  0.629237  0.671805  0.137346  0.722695  0.735983  0.620914  0.688812  0.530442  0.486625  0.640261  0.540935  0.606935  0.813787  0.719306  0.139395  0.784512  0.761713  0.704019  0.245968  0.887455  0.645844  0.313261  0.267111  0.732564  0.773633  0.704218  0.891087  0.801568  0.452158  0.654763  0.621604  0.597797  0.754331  0.698683  0.547050  0.767811  0.641564  0.638861  0.803863  0.658836  0.790491  0.672483  0.782334  0.683038  0.428438  0.693366  0.286294  0.645126  0.726832  0.224872  0.689458  0.296949  0.211541  0.631177  0.590154  0.738580 0.0  0.081841  0.688720  0.681171  0.399796  0.392729 
57  0.594247  0.781614  0.255442  0.881540  0.684157  0.792729  0.742898  0.406088  0.396280  0.781511  0.506731  0.695455  0.611111  0.656500  0.154031  0.692493  0.858561  0.666582  0.225179  0.612331  0.763528  0.271996  0.347695  0.741779  0.607047  0.745183  0.786637  0.669488  0.392399  0.667663  0.877231  0.738416  0.620753  0.645262  0.634235  0.651233  0.665656  0.646939  0.754729  0.664891  0.604475  0.757826  0.707701  0.612003  0.525069  0.830204  0.286886  0.876980  0.734461  0.285556  0.604266  0.316988  0.022923  0.699527  0.498375  0.620444  0.081841 0.0  0.671131  0.650149  0.293295  0.300110 
58  0.308935  0.548574  0.632004  0.087883  0.326918  0.188308  0.243750  0.441087  0.720300  0.057226  0.278376  0.144806  0.262476  0.405496  0.780941  0.360222  0.152526  0.286864  0.618620  0.760408  0.198970  0.612615  0.665986  0.237079  0.248989  0.411611  0.420673  0.052131  0.761982  0.460029  0.376261  0.439438  0.389763  0.493303  0.384920  0.329816  0.454724  0.421241  0.320778  0.222763  0.342642  0.034310  0.223758  0.422485  0.317575  0.031078  0.554659  0.130601  0.834456  0.632680  0.564600  0.526877  0.713480  0.224613  0.675750  0.237908  0.688720  0.671131 0.0  0.444910  0.712826  0.684075 
59  0.320134  0.327901  0.738997  0.400564  0.027091  0.444651  0.374094  0.256911  0.704565  0.359827  0.403036  0.447722  0.164122  0.223456  0.690365  0.399350  0.365343  0.065787  0.705039  0.470481  0.146261  0.724632  0.830127  0.006997  0.449964  0.162261  0.107304  0.295549  0.407656  0.123981  0.619439  0.204488  0.112133  0.256170  0.142589  0.228147  0.121828  0.138142  0.133603  0.307161  0.173096  0.349766  0.442900  0.176138  0.360729  0.408358  0.769612  0.238974  0.592721  0.672081  0.237716  0.801895  0.756434  0.644293  0.192624  0.505781  0.681171  0.650149  0.444910 0.0  0.347955  0.453789 
60  0.595334  0.756444  0.358711  0.757765  0.492551  0.764090  0.618007  0.860577  0.851759  0.691329  0.512674  0.665863  0.582449  0.391239  0.346235  0.768519  0.740183  0.489035  0.179076  0.623629  0.440569  0.289443  0.365418  0.422506  0.748506  0.384945  0.581419  0.737369  0.191670  0.409736  0.684616  0.512743  0.309340  0.523119  0.442760  0.518541  0.361600  0.362377  0.575527  0.749483  0.406925  0.778929  0.702771  0.432594  0.697152  0.705995  0.325508  0.715713  0.418543  0.266418  0.312006  0.288289  0.372012  0.713774  0.338674  0.648441  0.399796  0.293295  0.712826  0.347955 0.0  0.200667 
61  0.639773  0.739694  0.353965  0.815436  0.423160  0.723205  0.722794  0.842021  0.851215  0.612418  0.638906  0.715739  0.519643  0.487332  0.448098  0.838400  0.684720  0.585101  0.305603  0.555451  0.472469  0.411577  0.375904  0.443651  0.711226  0.355395  0.592214  0.738944  0.154473  0.439638  0.713486  0.468478  0.476030  0.484757  0.387333  0.567055  0.439137  0.501642  0.501489  0.649017  0.406533  0.784687  0.779817  0.501999  0.659113  0.617394  0.321877  0.613506  0.467548  0.338521  0.250652  0.259639  0.350527  0.633093  0.484106  0.770318  0.392729  0.300110  0.684075  0.453789  0.200667 0.0 
