62
0 0.0  0.342100  0.642828  0.325342  0.272943  0.269275  0.340586  0.288399  0.793841  0.259358  0.323661  0.205792  0.263284  0.256769  0.688865  0.131542  0.272126  0.273219  0.859073  0.720770  0.235745  0.686547  0.558831  0.295853  0.253723  0.272061  0.238047  0.271600  0.775245  0.281536  0.822485  0.237022  0.269717  0.274205  0.304482  0.296992  0.215754  0.241307  0.276178  0.392301  0.238342  0.293114  0.196414  0.235597  0.193104  0.342696  0.725731  0.221011  0.582106  0.711931  0.482654  0.753373  0.741322  0.208153  0.504586  0.365626  0.681167  0.623526  0.194739  0.335459  0.610031  0.761740 
1  0.342100 0.0  0.710264  0.383227  0.283785  0.503446  0.627916  0.351252  0.812437  0.342098  0.452878  0.548805  0.255583  0.448079  0.794118  0.197988  0.371571  0.376914  0.663480  0.669141  0.407785  0.877038  0.791877  0.376876  0.359575  0.491115  0.215882  0.350171  0.846935  0.488258  0.698945  0.479468  0.431424  0.505258  0.403666  0.464090  0.508668  0.544141  0.313374  0.152623  0.514146  0.280652  0.617186  0.459531  0.352888  0.461423  0.876150  0.377660  0.870750  0.701846  0.612387  0.752030  0.753541  0.511322  0.615421  0.432520  0.696444  0.767971  0.460529  0.439352  0.708804  0.872542 
2  0.642828  0.710264 0.0  0.717899  0.620749  0.749197  0.755510  0.535663  0.554673  0.878957  0.582986  0.821852  0.823429  0.661970  0.138961  0.729159  0.973388  0.810588  0.171385  0.791855  0.686907  0.402273  0.310303  0.824274  0.715530  0.845411  0.719643  0.939219  0.409367  0.821735  0.891000  0.812075  0.664976  0.805731  0.669611  0.901807  0.749884  0.871621  0.695544  0.719778  0.685443  0.734556  0.745147  0.715647  0.599250  0.863800  0.420494  0.897019  0.839550  0.265792  0.605540  0.365153  0.062636  0.845992  0.460567  0.680793  0.008852  0.196095  0.742176  0.821275  0.316173  0.359819 
3  0.325342  0.383227  0.717899 0.0  0.436106  0.084769  0.056586  0.299755  0.821452  0.000000  0.324527  0.125135  0.391591  0.466960  0.787037  0.404057  0.162624  0.450979  0.757140  0.834923  0.283641  0.524662  0.618941  0.346377  0.080110  0.406040  0.465733  0.183134  0.889369  0.435261  0.476317  0.367901  0.379945  0.357707  0.316455  0.462342  0.437146  0.556020  0.461475  0.292110  0.329258  0.086096  0.218660  0.356297  0.430846  0.070086  0.610930  0.000000  0.866308  0.614800  0.615441  0.559081  0.741028  0.138948  0.576543  0.161263  0.809950  0.813902  0.163927  0.302111  0.840939  0.820082 
4  0.272943  0.283785  0.620749  0.436106 0.0  0.354050  0.314710  0.288033  0.679935  0.189716  0.253021  0.293078  0.017474  0.043646  0.763754  0.444868  0.293706  0.045329  0.698420  0.492741  0.091891  0.714800  0.763227  0.111403  0.408747  0.153385  0.036226  0.264994  0.527246  0.000000  0.671956  0.053761  0.066777  0.162255  0.014050  0.174892  0.173308  0.039171  0.147955  0.250217  0.080300  0.380305  0.411146  0.159527  0.340920  0.321670  0.683345  0.300344  0.392836  0.698387  0.332704  0.825060  0.685461  0.301384  0.350000  0.367120  0.711565  0.815150  0.394975  0.119220  0.476957  0.455734 
5  0.269275  0.503446  0.749197  0.084769  0.354050 0.0  0.268443  0.357218  0.716126  0.000000  0.352493  0.146069  0.217347  0.532363  0.754830  0.363069  0.124421  0.347763  0.659941  0.698757  0.349420  0.621964  0.674874  0.298308  0.179767  0.454825  0.349929  0.000000  0.798476  0.474711  0.396023  0.446087  0.448617  0.562802  0.430189  0.444767  0.431323  0.444991  0.192567  0.223174  0.414233  0.034632  0.281459  0.472329  0.397900  0.057794  0.621658  0.030618  0.767843  0.692574  0.623443  0.655900  0.683211  0.226078  0.546550  0.232922  0.689590  0.783592  0.280755  0.545793  0.820307  0.760300 
6  0.340586  0.627916  0.755510  0.056586  0.314710  0.268443 0.0  0.337907  0.733131  0.000511  0.308237  0.184432  0.273182  0.476665  0.676650  0.321824  0.113319  0.270392  0.642672  0.794263  0.409682  0.637877  0.608056  0.271974  0.186462  0.460588  0.368503  0.164252  0.713710  0.442419  0.455551  0.372910  0.426618  0.432649  0.444604  0.421005  0.487224  0.511988  0.261313  0.150915  0.474472  0.103006  0.213427  0.429808  0.358041  0.037134  0.802773  0.000000  0.871996  0.670791  0.571224  0.645747  0.723173  0.180551  0.509673  0.337634  0.777400  0.657253  0.250893  0.459175  0.656412  0.732033 
7  0.288399  0.351252  0.535663  0.299755  0.288033  0.357218  0.337907 0.0  0.605822  0.294813  0.121874  0.329527  0.414922  0.519803  0.643155  0.473498  0.375858  0.419559  0.668277  0.935892  0.316446  0.673923  0.728033  0.396608  0.387627  0.406798  0.544160  0.456392  0.801131  0.312185  0.725939  0.376129  0.350340  0.328079  0.383323  0.311263  0.342188  0.209533  0.336267  0.280669  0.316732  0.292923  0.301827  0.302558  0.000000  0.300130  0.837856  0.388112  0.723336  0.592292  0.603866  0.729241  0.650342  0.248381  0.720266  0.402627  0.684994  0.388575  0.357717  0.401142  0.988615  0.943157 
8  0.793841  0.812437  0.554673  0.821452  0.679935  0.716126  0.733131  0.605822 0.0  0.804651  0.587182  0.690707  0.898994  0.775415  0.677934  0.897593  0.756322  0.970404  0.683527  0.449505  0.685471  0.727664  0.737623  0.716312  0.807845  0.842051  0.806525  0.782687  0.912562  0.701793  0.381380  0.717105  0.710132  0.793367  0.798728  0.767357  0.690780  0.795166  0.885218  0.675125  0.769726  0.830755  0.726032  0.652894  0.426175  0.766028  0.866845  0.846060  0.205571  0.481066  0.561195  0.752043  0.634289  0.791824  0.721947  0.689846  0.625447  0.510676  0.690876  0.697587  0.837397  0.867972 
9  0.259358  0.342098  0.878957  0.000000  0.189716  0.000000  0.000511  0.294813  0.804651 0.0  0.117463  0.032245  0.417984  0.356171  0.662279  0.380359  0.202493  0.346459  0.721891  0.744346  0.386580  0.533878  0.412512  0.527955  0.069963  0.316431  0.262482  0.185409  0.621533  0.334589  0.613318  0.335679  0.304020  0.365835  0.316408  0.392000  0.295791  0.244955  0.261409  0.254312  0.356318  0.090281  0.004997  0.419898  0.327334  0.220387  0.499176  0.144925  0.838882  0.722244  0.587720  0.455696  0.799942  0.116343  0.664139  0.072853  0.749172  0.962514  0.021434  0.391400  0.659648  0.736721 
10  0.323661  0.452878  0.582986  0.324527  0.253021  0.352493  0.308237  0.121874  0.587182  0.117463 0.0  0.365272  0.090051  0.375488  0.579406  0.160314  0.194003  0.202212  0.638994  0.672782  0.258518  0.822214  0.720550  0.196158  0.355466  0.358343  0.098068  0.142735  0.636524  0.304837  0.705004  0.320978  0.340900  0.361894  0.301145  0.201329  0.310588  0.314908  0.119912  0.259685  0.373674  0.287112  0.359306  0.285188  0.259351  0.161816  0.704447  0.278682  0.787957  0.709685  0.546410  0.733294  0.505625  0.347197  0.471484  0.256234  0.688064  0.656793  0.300967  0.311895  0.498090  0.542562 
11  0.205792  0.548805  0.821852  0.125135  0.293078  0.146069  0.184432  0.329527  0.690707  0.032245  0.365272 0.0  0.278908  0.413954  0.752360  0.339658  0.058823  0.339499  0.603978  0.675434  0.394713  0.522679  0.567369  0.251521  0.293688  0.364367  0.438106  0.117449  0.707089  0.501804  0.444169  0.371002  0.492141  0.398371  0.503164  0.341972  0.546401  0.364648  0.397733  0.341815  0.426761  0.000000  0.178011  0.485934  0.367879  0.058387  0.582484  0.083418  0.890401  0.591018  0.530112  0.755082  0.698544  0.173199  0.538662  0.218131  0.652547  0.710185  0.206980  0.435424  0.779468  0.708695 
12  0.263284  0.255583  0.823429  0.391591  0.017474  0.217347  0.273182  0.414922  0.898994  0.417984  0.090051  0.278908 0.0  0.024517  0.989858  0.268660  0.265798  0.291901  0.781486  0.560248  0.113338  0.724726  0.753683  0.091938  0.422005  0.084285  0.037601  0.297842  0.700206  0.050498  0.711609  0.133948  0.073727  0.128390  0.127620  0.125378  0.069674  0.147483  0.164304  0.253552  0.096042  0.406626  0.263875  0.040032  0.391769  0.327611  0.719051  0.389741  0.490710  0.731187  0.384919  0.734055  0.829223  0.325937  0.451454  0.331913  0.936651  0.696387  0.403611  0.096464  0.557007  0.648504 
13  0.256769  0.448079  0.661970  0.466960  0.043646  0.532363  0.476665  0.519803  0.775415  0.356171  0.375488  0.413954  0.024517 0.0  0.720995  0.253366  0.298764  0.080927  0.733861  0.407331  0.164347  0.907173  0.885991  0.105352  0.462351  0.296597  0.074426  0.285884  0.542429  0.068368  0.689407  0.194562  0.237487  0.183426  0.277530  0.156430  0.141694  0.227039  0.028592  0.256669  0.202401  0.339740  0.535744  0.169161  0.492969  0.398341  0.871655  0.258385  0.700116  0.650726  0.312512  0.954485  0.650915  0.422162  0.169202  0.395434  0.810009  0.748863  0.557686  0.187160  0.415707  0.453829 
14  0.688865  0.794118  0.138961  0.787037  0.763754  0.754830  0.676650  0.643155  0.677934  0.662279  0.579406  0.752360  0.989858  0.720995 0.0  0.815215  0.779026  0.948305  0.183580  0.872102  0.771393  0.271822  0.290675  0.736251  0.817900  0.641183  0.847671  0.744463  0.349230  0.642481  0.671022  0.700811  0.826871  0.787830  0.711401  0.916296  0.841247  0.735951  0.865140  0.680150  0.826250  0.713499  0.674821  0.786552  0.473306  0.679773  0.329430  0.777672  0.705952  0.323860  0.599137  0.345716  0.261058  0.681595  0.627780  0.571188  0.261912  0.096422  0.702210  0.745005  0.415099  0.566958 
15  0.131542  0.197988  0.729159  0.404057  0.444868  0.363069  0.321824  0.473498  0.897593  0.380359  0.160314  0.339658  0.268660  0.253366  0.815215 0.0  0.236718  0.442356  0.692610  0.932036  0.274029  0.698036  0.705304  0.411088  0.311005  0.376903  0.430289  0.368795  0.871917  0.325011  0.665279  0.387538  0.327094  0.339132  0.282778  0.506328  0.361274  0.254586  0.467530  0.230223  0.266614  0.330745  0.300430  0.309551  0.354147  0.289317  0.726299  0.419359  0.709939  0.645950  0.689519  0.738555  0.842464  0.382638  0.657591  0.340089  0.889446  0.707996  0.383570  0.315136  0.902938  0.817754 
16  0.272126  0.371571  0.973388  0.162624  0.293706  0.124421  0.113319  0.375858  0.756322  0.202493  0.194003  0.058823  0.265798  0.298764  0.779026  0.236718 0.0  0.316433  0.610163  0.711916  0.376652  0.406020  0.498346  0.611604  0.212303  0.448710  0.358787  0.214968  0.686100  0.303576  0.662259  0.418402  0.334438  0.359572  0.277977  0.358348  0.350564  0.329801  0.220034  0.320435  0.464887  0.074276  0.000000  0.334510  0.483496  0.203960  0.458880  0.153110  0.751670  0.669152  0.603615  0.429904  0.824707  0.000000  0.532352  0.057487  0.721859  0.824368  0.045325  0.391041  0.779680  0.828986 
17  0.273219  0.376914  0.810588  0.450979  0.045329  0.347763  0.270392  0.419559  0.970404  0.346459  0.202212  0.339499  0.291901  0.080927  0.948305  0.442356  0.316433 0.0  0.723502  0.521974  0.070363  0.778846  0.737969  0.000000  0.401419  0.021678  0.233649  0.343081  0.538838  0.093524  0.742718  0.086240  0.088692  0.065921  0.000000  0.186237  0.007950  0.027630  0.210236  0.263392  0.034952  0.398356  0.415780  0.093511  0.303118  0.245893  0.767935  0.416472  0.540146  0.728937  0.398219  0.773442  0.937569  0.369537  0.407707  0.395259  0.896153  0.676877  0.284939  0.057068  0.580657  0.678723 
18  0.859073  0.663480  0.171385  0.757140  0.698420  0.659941  0.642672  0.668277  0.683527  0.721891  0.638994  0.603978  0.781486  0.733861  0.183580  0.692610  0.610163  0.723502 0.0  0.749294  0.660064  0.372240  0.275204  0.721093  0.673021  0.656572  0.650914  0.717509  0.245388  0.657102  0.633758  0.691082  0.698407  0.705533  0.595131  0.663847  0.635686  0.616169  0.659671  0.569739  0.694771  0.759207  0.644157  0.645923  0.696086  0.599173  0.347192  0.734105  0.732149  0.237862  0.600790  0.284476  0.231329  0.673949  0.445823  0.678600  0.292073  0.233377  0.666851  0.705105  0.266250  0.326082 
19  0.720770  0.669141  0.791855  0.834923  0.492741  0.698757  0.794263  0.935892  0.449505  0.744346  0.672782  0.675434  0.560248  0.407331  0.872102  0.932036  0.711916  0.521974  0.749294 0.0  0.552044  0.781432  0.863744  0.612127  0.721043  0.591145  0.657024  0.710695  0.686356  0.463501  0.324883  0.489035  0.410757  0.380245  0.385823  0.618432  0.501862  0.554781  0.609769  0.703169  0.465799  0.700022  0.797283  0.546917  0.798994  0.749007  0.762799  0.674710  0.161924  0.708252  0.405590  0.658156  0.814508  0.677696  0.452888  0.654430  0.923566  0.817975  0.723271  0.421434  0.699276  0.569111 
20  0.235745  0.407785  0.686907  0.283641  0.091891  0.349420  0.409682  0.316446  0.685471  0.386580  0.258518  0.394713  0.113338  0.164347  0.771393  0.274029  0.376652  0.070363  0.660064  0.552044 0.0  0.712047  0.812439  0.125388  0.300502  0.000000  0.097710  0.223586  0.508014  0.117478  0.817452  0.096790  0.041814  0.086885  0.065348  0.190349  0.137115  0.000000  0.044812  0.222759  0.084649  0.497398  0.289968  0.091359  0.305661  0.402781  0.775912  0.347938  0.503097  0.599121  0.360217  0.874397  0.738882  0.400055  0.315371  0.210130  0.751192  0.806568  0.408776  0.169160  0.413399  0.441333 
21  0.686547  0.877038  0.402273  0.524662  0.714800  0.621964  0.637877  0.673923  0.727664  0.533878  0.822214  0.522679  0.724726  0.907173  0.271822  0.698036  0.406020  0.778846  0.372240  0.781432  0.712047 0.0  0.204164  0.816335  0.622068  0.835974  0.775317  0.525607  0.311781  0.968357  0.430862  0.885547  0.843156  0.840205  0.904575  0.879106  0.889082  0.941005  0.743055  0.634916  0.948899  0.538615  0.589768  0.845537  0.772158  0.389285  0.225347  0.453086  0.835523  0.245373  0.599981  0.253833  0.330717  0.617572  0.529194  0.485461  0.348653  0.399249  0.550660  0.850123  0.418003  0.359462 
22  0.558831  0.791877  0.310303  0.618941  0.763227  0.674874  0.608056  0.728033  0.737623  0.412512  0.720550  0.567369  0.753683  0.885991  0.290675  0.705304  0.498346  0.737969  0.275204  0.863744  0.812439  0.204164 0.0  0.765283  0.582575  0.888546  0.606531  0.480543  0.430914  0.869195  0.461094  0.968943  0.859226  0.928875  0.900581  0.812025  0.878958  0.934992  0.819316  0.712757  0.880245  0.579101  0.576186  0.868630  0.656374  0.368829  0.226905  0.502000  0.853466  0.206663  0.566331  0.173629  0.276781  0.571725  0.575572  0.588979  0.213749  0.283127  0.664010  0.876712  0.399255  0.391381 
23  0.295853  0.376876  0.824274  0.346377  0.111403  0.298308  0.271974  0.396608  0.716312  0.527955  0.196158  0.251521  0.091938  0.105352  0.736251  0.411088  0.611604  0.000000  0.721093  0.612127  0.125388  0.816335  0.765283 0.0  0.299320  0.112329  0.133677  0.414718  0.554720  0.098517  0.818571  0.021581  0.090099  0.019976  0.091478  0.089962  0.127052  0.009572  0.144365  0.281048  0.163202  0.288404  0.329383  0.065018  0.435707  0.558487  0.773594  0.440646  0.474463  0.732613  0.303165  0.761113  0.770346  0.284603  0.308585  0.246685  0.729380  0.844384  0.293464  0.159245  0.559731  0.435069 
24  0.253723  0.359575  0.715530  0.080110  0.408747  0.179767  0.186462  0.387627  0.807845  0.069963  0.355466  0.293688  0.422005  0.462351  0.817900  0.311005  0.212303  0.401419  0.673021  0.721043  0.300502  0.622068  0.582575  0.299320 0.0  0.535164  0.347328  0.169414  0.708719  0.488990  0.454633  0.385292  0.438106  0.482457  0.412836  0.362093  0.455714  0.455168  0.298829  0.361823  0.451527  0.047961  0.130617  0.437069  0.369882  0.100199  0.538651  0.076849  0.946213  0.764333  0.659889  0.629699  0.851004  0.167152  0.494798  0.177027  0.795401  0.725518  0.197279  0.554065  0.765367  0.809974 
25  0.272061  0.491115  0.845411  0.406040  0.153385  0.454825  0.460588  0.406798  0.842051  0.316431  0.358343  0.364367  0.084285  0.296597  0.641183  0.376903  0.448710  0.021678  0.656572  0.591145  0.000000  0.835974  0.888546  0.112329  0.535164 0.0  0.160415  0.353776  0.620773  0.214609  0.670472  0.202064  0.173443  0.240883  0.148328  0.104370  0.216729  0.149745  0.163007  0.265358  0.305932  0.340567  0.550927  0.220136  0.300578  0.280036  0.944673  0.345499  0.611623  0.654595  0.414694  0.882583  0.691517  0.409418  0.306695  0.506883  0.722382  0.714505  0.405727  0.272767  0.433597  0.419961 
26  0.238047  0.215882  0.719643  0.465733  0.036226  0.349929  0.368503  0.544160  0.806525  0.262482  0.098068  0.438106  0.037601  0.074426  0.847671  0.430289  0.358787  0.233649  0.650914  0.657024  0.097710  0.775317  0.606531  0.133677  0.347328  0.160415 0.0  0.307213  0.608956  0.013964  0.817168  0.086158  0.094802  0.063537  0.040256  0.078090  0.073580  0.055587  0.168629  0.267774  0.000254  0.376653  0.335069  0.053670  0.333080  0.252709  0.723506  0.328288  0.526751  0.683861  0.328342  0.695287  0.909035  0.381825  0.446421  0.292605  0.902235  0.773662  0.219310  0.060633  0.645682  0.637214 
27  0.271600  0.350171  0.939219  0.183134  0.264994  0.000000  0.164252  0.456392  0.782687  0.185409  0.142735  0.117449  0.297842  0.285884  0.744463  0.368795  0.214968  0.343081  0.717509  0.710695  0.223586  0.525607  0.480543  0.414718  0.169414  0.353776  0.307213 0.0  0.793227  0.271375  0.656428  0.388256  0.282903  0.319756  0.353105  0.426600  0.396347  0.251294  0.320548  0.335652  0.322462  0.064617  0.150828  0.345322  0.504409  0.188008  0.397817  0.215341  0.869107  0.680422  0.588452  0.489989  0.772500  0.112733  0.541159  0.035916  0.736127  0.909206  0.039026  0.293421  0.759226  0.686405 
28  0.775245  0.846935  0.409367  0.889369  0.527246  0.798476  0.713710  0.801131  0.912562  0.621533  0.636524  0.707089  0.700206  0.542429  0.349230  0.871917  0.686100  0.538838  0.245388  0.686356  0.508014  0.311781  0.430914  0.554720  0.708719  0.620773  0.608956  0.793227 0.0  0.447662  0.768518  0.450457  0.453304  0.454939  0.548820  0.584489  0.400844  0.449171  0.658338  0.647761  0.551106  0.684276  0.706465  0.467056  0.706074  0.752099  0.302756  0.762968  0.440711  0.322688  0.249357  0.266430  0.529737  0.811692  0.460809  0.802166  0.396923  0.239745  0.677017  0.449330  0.199644  0.227819 
29  0.281536  0.488258  0.821735  0.435261  0.000000  0.474711  0.442419  0.312185  0.701793  0.334589  0.304837  0.501804  0.050498  0.068368  0.642481  0.325011  0.303576  0.093524  0.657102  0.463501  0.117478  0.968357  0.869195  0.098517  0.488990  0.214609  0.013964  0.271375  0.447662 0.0  0.741283  0.248953  0.156295  0.249469  0.150054  0.091298  0.286578  0.118507  0.203578  0.304949  0.215559  0.256807  0.510902  0.132767  0.366385  0.395773  0.901959  0.400126  0.674084  0.668042  0.215791  0.860912  0.766436  0.544512  0.243573  0.376828  0.777657  0.620238  0.413731  0.244610  0.519847  0.463279 
30  0.822485  0.698945  0.891000  0.476317  0.671956  0.396023  0.455551  0.725939  0.381380  0.613318  0.705004  0.444169  0.711609  0.689407  0.671022  0.665279  0.662259  0.742718  0.633758  0.324883  0.817452  0.430862  0.461094  0.818571  0.454633  0.670472  0.817168  0.656428  0.768518  0.741283 0.0  0.704701  0.744327  0.782919  0.869573  0.833248  0.741484  0.738480  0.742184  0.647932  0.816870  0.500391  0.466921  0.684490  0.923168  0.659699  0.537184  0.550010  0.466302  0.598966  0.662474  0.453025  0.804586  0.463986  0.586345  0.484025  0.760874  0.829709  0.494838  0.749753  0.635193  0.722413 
31  0.237022  0.479468  0.812075  0.367901  0.053761  0.446087  0.372910  0.376129  0.717105  0.335679  0.320978  0.371002  0.133948  0.194562  0.700811  0.387538  0.418402  0.086240  0.691082  0.489035  0.096790  0.885547  0.968943  0.021581  0.385292  0.202064  0.086158  0.388256  0.450457  0.248953  0.704701 0.0  0.196073  0.190836  0.167732  0.203406  0.166937  0.198751  0.044004  0.218675  0.332294  0.306320  0.472757  0.288269  0.339605  0.304134  0.982923  0.356024  0.566869  0.662778  0.413268  0.882787  0.705824  0.502771  0.381259  0.473360  0.803612  0.764579  0.461056  0.217843  0.457520  0.525039 
32  0.269717  0.431424  0.664976  0.379945  0.066777  0.448617  0.426618  0.350340  0.710132  0.304020  0.340900  0.492141  0.073727  0.237487  0.826871  0.327094  0.334438  0.088692  0.698407  0.410757  0.041814  0.843156  0.859226  0.090099  0.438106  0.173443  0.094802  0.282903  0.453304  0.156295  0.744327  0.196073 0.0  0.212159  0.289461  0.238819  0.167401  0.184173  0.019896  0.274846  0.158718  0.357036  0.471226  0.184311  0.233898  0.335630  0.802896  0.387898  0.569044  0.602889  0.391869  0.921477  0.677674  0.417911  0.328434  0.409148  0.696656  0.777218  0.363497  0.170154  0.303397  0.504373 
33  0.274205  0.505258  0.805731  0.357707  0.162255  0.562802  0.432649  0.328079  0.793367  0.365835  0.361894  0.398371  0.128390  0.183426  0.787830  0.339132  0.359572  0.065921  0.705533  0.380245  0.086885  0.840205  0.928875  0.019976  0.482457  0.240883  0.063537  0.319756  0.454939  0.249469  0.782919  0.190836  0.212159 0.0  0.212029  0.138009  0.201016  0.234812  0.095512  0.195704  0.244238  0.428328  0.384580  0.173988  0.325286  0.291195  1.000000  0.377839  0.576560  0.569535  0.275236  0.838074  0.710544  0.455064  0.317111  0.517977  0.710879  0.728310  0.432087  0.302553  0.545431  0.494891 
34  0.304482  0.403666  0.669611  0.316455  0.014050  0.430189  0.444604  0.383323  0.798728  0.316408  0.301145  0.503164  0.127620  0.277530  0.711401  0.282778  0.277977  0.000000  0.595131  0.385823  0.065348  0.904575  0.900581  0.091478  0.412836  0.148328  0.040256  0.353105  0.548820  0.150054  0.869573  0.167732  0.289461  0.212029 0.0  0.054505  0.208968  0.258196  0.009665  0.353814  0.119081  0.408457  0.500328  0.151670  0.280768  0.429284  0.901378  0.351015  0.541613  0.704196  0.301060  0.851763  0.746854  0.447976  0.304873  0.600475  0.695419  0.727299  0.464809  0.177971  0.634183  0.526397 
35  0.296992  0.464090  0.901807  0.462342  0.174892  0.444767  0.421005  0.311263  0.767357  0.392000  0.201329  0.341972  0.125378  0.156430  0.916296  0.506328  0.358348  0.186237  0.663847  0.618432  0.190349  0.879106  0.812025  0.089962  0.362093  0.104370  0.078090  0.426600  0.584489  0.091298  0.833248  0.203406  0.238819  0.138009  0.054505 0.0  0.147361  0.174451  0.040748  0.332548  0.184437  0.345695  0.401409  0.039821  0.332857  0.395061  0.737369  0.424828  0.466272  0.688205  0.310612  0.687202  0.834065  0.415349  0.413792  0.466005  0.818784  0.783124  0.369724  0.134362  0.495124  0.639915 
36  0.215754  0.508668  0.749884  0.437146  0.173308  0.431323  0.487224  0.342188  0.690780  0.295791  0.310588  0.546401  0.069674  0.141694  0.841247  0.361274  0.350564  0.007950  0.635686  0.501862  0.137115  0.889082  0.878958  0.127052  0.455714  0.216729  0.073580  0.396347  0.400844  0.286578  0.741484  0.166937  0.167401  0.201016  0.208968  0.147361 0.0  0.269707  0.087748  0.241040  0.107651  0.306591  0.549789  0.155263  0.312544  0.269199  0.831043  0.367878  0.521409  0.715959  0.342498  0.858200  0.792703  0.454813  0.309140  0.478209  0.712569  0.861157  0.459444  0.206834  0.585773  0.411811 
37  0.241307  0.544141  0.871621  0.556020  0.039171  0.444991  0.511988  0.209533  0.795166  0.244955  0.314908  0.364648  0.147483  0.227039  0.735951  0.254586  0.329801  0.027630  0.616169  0.554781  0.000000  0.941005  0.934992  0.009572  0.455168  0.149745  0.055587  0.251294  0.449171  0.118507  0.738480  0.198751  0.184173  0.234812  0.258196  0.174451  0.269707 0.0  0.131568  0.342912  0.166930  0.313125  0.456329  0.225854  0.348606  0.289426  0.833161  0.346594  0.638171  0.702431  0.387006  0.743229  0.787671  0.428901  0.444759  0.414966  0.799094  0.718318  0.410513  0.269647  0.471492  0.456415 
38  0.276178  0.313374  0.695544  0.461475  0.147955  0.192567  0.261313  0.336267  0.885218  0.261409  0.119912  0.397733  0.164304  0.028592  0.865140  0.467530  0.220034  0.210236  0.659671  0.609769  0.044812  0.743055  0.819316  0.144365  0.298829  0.163007  0.168629  0.320548  0.658338  0.203578  0.742184  0.044004  0.019896  0.095512  0.009665  0.040748  0.087748  0.131568 0.0  0.250583  0.000000  0.407008  0.280475  0.000000  0.430932  0.356205  0.807597  0.218564  0.459496  0.502807  0.360215  0.687988  0.897738  0.326698  0.430951  0.384838  0.843437  0.747069  0.346719  0.013301  0.601023  0.636324 
39  0.392301  0.152623  0.719778  0.292110  0.250217  0.223174  0.150915  0.280669  0.675125  0.254312  0.259685  0.341815  0.253552  0.256669  0.680150  0.230223  0.320435  0.263392  0.569739  0.703169  0.222759  0.634916  0.712757  0.281048  0.361823  0.265358  0.267774  0.335652  0.647761  0.304949  0.647932  0.218675  0.274846  0.195704  0.353814  0.332548  0.241040  0.342912  0.250583 0.0  0.258391  0.186559  0.304471  0.325380  0.296389  0.211716  0.765836  0.294052  0.645243  0.664476  0.406231  0.580288  0.612302  0.214754  0.531575  0.232190  0.618066  0.594981  0.254861  0.252737  0.722672  0.750627 
40  0.238342  0.514146  0.685443  0.329258  0.080300  0.414233  0.474472  0.316732  0.769726  0.356318  0.373674  0.426761  0.096042  0.202401  0.826250  0.266614  0.464887  0.034952  0.694771  0.465799  0.084649  0.948899  0.880245  0.163202  0.451527  0.305932  0.000254  0.322462  0.551106  0.215559  0.816870  0.332294  0.158718  0.244238  0.119081  0.184437  0.107651  0.166930  0.000000  0.258391 0.0  0.358618  0.596017  0.257472  0.334706  0.277873  0.832118  0.338625  0.613735  0.748874  0.329894  0.858368  0.725900  0.395350  0.264764  0.400474  0.766728  0.676137  0.509851  0.253074  0.412704  0.504005 
41  0.293114  0.280652  0.734556  0.086096  0.380305  0.034632  0.103006  0.292923  0.830755  0.090281  0.287112  0.000000  0.406626  0.339740  0.713499  0.330745  0.074276  0.398356  0.759207  0.700022  0.497398  0.538615  0.579101  0.288404  0.047961  0.340567  0.376653  0.064617  0.684276  0.256807  0.500391  0.306320  0.357036  0.428328  0.408457  0.345695  0.306591  0.313125  0.407008  0.186559  0.358618 0.0  0.062967  0.308614  0.249344  0.000000  0.342670  0.000000  0.778152  0.713415  0.584340  0.456346  0.687446  0.093692  0.442193  0.000000  0.753332  0.741619  0.038153  0.340760  0.731887  0.732118 
42  0.196414  0.617186  0.745147  0.218660  0.411146  0.281459  0.213427  0.301827  0.726032  0.004997  0.359306  0.178011  0.263875  0.535744  0.674821  0.300430  0.000000  0.415780  0.644157  0.797283  0.289968  0.589768  0.576186  0.329383  0.130617  0.550927  0.335069  0.150828  0.706465  0.510902  0.466921  0.472757  0.471226  0.384580  0.500328  0.401409  0.549789  0.456329  0.280475  0.304471  0.596017  0.062967 0.0  0.442135  0.289225  0.032465  0.589478  0.126817  0.919928  0.671039  0.589791  0.568231  0.756585  0.280467  0.455343  0.280560  0.770583  0.715083  0.280990  0.397448  0.799721  0.737509 
43  0.235597  0.459531  0.715647  0.356297  0.159527  0.472329  0.429808  0.302558  0.652894  0.419898  0.285188  0.485934  0.040032  0.169161  0.786552  0.309551  0.334510  0.093511  0.645923  0.546917  0.091359  0.845537  0.868630  0.065018  0.437069  0.220136  0.053670  0.345322  0.467056  0.132767  0.684490  0.288269  0.184311  0.173988  0.151670  0.039821  0.155263  0.225854  0.000000  0.325380  0.257472  0.308614  0.442135 0.0  0.223091  0.355741  0.900899  0.302000  0.570650  0.754247  0.282625  0.853112  0.808510  0.482618  0.338379  0.432928  0.706416  0.722571  0.436371  0.178111  0.494164  0.544505 
44  0.193104  0.352888  0.599250  0.430846  0.340920  0.397900  0.358041  0.000000  0.426175  0.327334  0.259351  0.367879  0.391769  0.492969  0.473306  0.354147  0.483496  0.303118  0.696086  0.798994  0.305661  0.772158  0.656374  0.435707  0.369882  0.300578  0.333080  0.504409  0.706074  0.366385  0.923168  0.339605  0.233898  0.325286  0.280768  0.332857  0.312544  0.348606  0.430932  0.296389  0.334706  0.249344  0.289225  0.223091 0.0  0.544184  0.784514  0.662705  0.828696  0.582629  0.625148  0.779776  0.504459  0.369441  0.546649  0.319474  0.321825  0.541733  0.314122  0.312211  0.791414  0.804629 
45  0.342696  0.461423  0.863800  0.070086  0.321670  0.057794  0.037134  0.300130  0.766028  0.220387  0.161816  0.058387  0.327611  0.398341  0.679773  0.289317  0.203960  0.245893  0.599173  0.749007  0.402781  0.389285  0.368829  0.558487  0.100199  0.280036  0.252709  0.188008  0.752099  0.395773  0.659699  0.304134  0.335630  0.291195  0.429284  0.395061  0.269199  0.289426  0.356205  0.211716  0.277873  0.000000  0.032465  0.355741  0.544184 0.0  0.510078  0.295649  0.621142  0.730022  0.572493  0.512001  0.827598  0.079870  0.503708  0.081030  0.735670  0.781732  0.115702  0.339851  0.754694  0.844886 
46  0.725731  0.876150  0.420494  0.610930  0.683345  0.621658  0.802773  0.837856  0.866845  0.499176  0.704447  0.582484  0.719051  0.871655  0.329430  0.726299  0.458880  0.767935  0.347192  0.762799  0.775912  0.225347  0.226905  0.773594  0.538651  0.944673  0.723506  0.397817  0.302756  0.901959  0.537184  0.982923  0.802896  1.000000  0.901378  0.737369  0.831043  0.833161  0.807597  0.765836  0.832118  0.342670  0.589478  0.900899  0.784514  0.510078 0.0  0.390126  0.853762  0.244411  0.645038  0.209950  0.371892  0.527986  0.613832  0.678305  0.269709  0.361653  0.660436  0.899349  0.364355  0.278365 
47  0.221011  0.377660  0.897019  0.000000  0.300344  0.030618  0.000000  0.388112  0.846060  0.144925  0.278682  0.083418  0.389741  0.258385  0.777672  0.419359  0.153110  0.416472  0.734105  0.674710  0.347938  0.453086  0.502000  0.440646  0.076849  0.345499  0.328288  0.215341  0.762968  0.400126  0.550010  0.356024  0.387898  0.377839  0.351015  0.424828  0.367878  0.346594  0.218564  0.294052  0.338625  0.000000  0.126817  0.302000  0.662705  0.295649  0.390126 0.0  0.801650  0.697037  0.592778  0.550061  0.788060  0.126210  0.587040  0.054880  0.818182  0.890914  0.150829  0.353128  0.659004  0.737368 
48  0.582106  0.870750  0.839550  0.866308  0.392836  0.767843  0.871996  0.723336  0.205571  0.838882  0.787957  0.890401  0.490710  0.700116  0.705952  0.709939  0.751670  0.540146  0.732149  0.161924  0.503097  0.835523  0.853466  0.474463  0.946213  0.611623  0.526751  0.869107  0.440711  0.674084  0.466302  0.566869  0.569044  0.576560  0.541613  0.466272  0.521409  0.638171  0.459496  0.645243  0.613735  0.778152  0.919928  0.570650  0.828696  0.621142  0.853762  0.801650 0.0  0.649539  0.361341  0.925101  0.859790  0.920275  0.314405  0.800030  0.669828  0.767115  0.796246  0.618665  0.307932  0.363142 
49  0.711931  0.701846  0.265792  0.614800  0.698387  0.692574  0.670791  0.592292  0.481066  0.722244  0.709685  0.591018  0.731187  0.650726  0.323860  0.645950  0.669152  0.728937  0.237862  0.708252  0.599121  0.245373  0.206663  0.732613  0.764333  0.654595  0.683861  0.680422  0.322688  0.668042  0.598966  0.662778  0.602889  0.569535  0.704196  0.688205  0.715959  0.702431  0.502807  0.664476  0.748874  0.713415  0.671039  0.754247  0.582629  0.730022  0.244411  0.697037  0.649539 0.0  0.490467  0.251856  0.340747  0.646316  0.473541  0.712027  0.247808  0.224773  0.785242  0.671246  0.255350  0.275780 
50  0.482654  0.612387  0.605540  0.615441  0.332704  0.623443  0.571224  0.603866  0.561195  0.587720  0.546410  0.530112  0.384919  0.312512  0.599137  0.689519  0.603615  0.398219  0.600790  0.405590  0.360217  0.599981  0.566331  0.303165  0.659889  0.414694  0.328342  0.588452  0.249357  0.215791  0.662474  0.413268  0.391869  0.275236  0.301060  0.310612  0.342498  0.387006  0.360215  0.406231  0.329894  0.584340  0.589791  0.282625  0.625148  0.572493  0.645038  0.592778  0.361341  0.490467 0.0  0.646383  0.586668  0.628662  0.271838  0.644147  0.591474  0.692672  0.634872  0.323041  0.300296  0.297916 
51  0.753373  0.752030  0.365153  0.559081  0.825060  0.655900  0.645747  0.729241  0.752043  0.455696  0.733294  0.755082  0.734055  0.954485  0.345716  0.738555  0.429904  0.773442  0.284476  0.658156  0.874397  0.253833  0.173629  0.761113  0.629699  0.882583  0.695287  0.489989  0.266430  0.860912  0.453025  0.882787  0.921477  0.838074  0.851763  0.687202  0.858200  0.743229  0.687988  0.580288  0.858368  0.456346  0.568231  0.853112  0.779776  0.512001  0.209950  0.550061  0.925101  0.251856  0.646383 0.0  0.302430  0.632258  0.510235  0.562243  0.332311  0.340391  0.620481  0.889469  0.250476  0.312209 
52  0.741322  0.753541  0.062636  0.741028  0.685461  0.683211  0.723173  0.650342  0.634289  0.799942  0.505625  0.698544  0.829223  0.650915  0.261058  0.842464  0.824707  0.937569  0.231329  0.814508  0.738882  0.330717  0.276781  0.770346  0.851004  0.691517  0.909035  0.772500  0.529737  0.766436  0.804586  0.705824  0.677674  0.710544  0.746854  0.834065  0.792703  0.787671  0.897738  0.612302  0.725900  0.687446  0.756585  0.808510  0.504459  0.827598  0.371892  0.788060  0.859790  0.340747  0.586668  0.302430 0.0  0.706851  0.709753  0.763249  0.208214  0.011862  0.779259  0.692065  0.412382  0.355309 
53  0.208153  0.511322  0.845992  0.138948  0.301384  0.226078  0.180551  0.248381  0.791824  0.116343  0.347197  0.173199  0.325937  0.422162  0.681595  0.382638  0.000000  0.369537  0.673949  0.677696  0.400055  0.617572  0.571725  0.284603  0.167152  0.409418  0.381825  0.112733  0.811692  0.544512  0.463986  0.502771  0.417911  0.455064  0.447976  0.415349  0.454813  0.428901  0.326698  0.214754  0.395350  0.093692  0.280467  0.482618  0.369441  0.079870  0.527986  0.126210  0.920275  0.646316  0.628662  0.632258  0.706851 0.0  0.613079  0.273855  0.816266  0.674270  0.118871  0.518817  0.758545  0.750576 
54  0.504586  0.615421  0.460567  0.576543  0.350000  0.546550  0.509673  0.720266  0.721947  0.664139  0.471484  0.538662  0.451454  0.169202  0.627780  0.657591  0.532352  0.407707  0.445823  0.452888  0.315371  0.529194  0.575572  0.308585  0.494798  0.306695  0.446421  0.541159  0.460809  0.243573  0.586345  0.381259  0.328434  0.317111  0.304873  0.413792  0.309140  0.444759  0.430951  0.531575  0.264764  0.442193  0.455343  0.338379  0.546649  0.503708  0.613832  0.587040  0.314405  0.473541  0.271838  0.510235  0.709753  0.613079 0.0  0.519905  0.649980  0.415518  0.534993  0.259000  0.440259  0.438773 
55  0.365626  0.432520  0.680793  0.161263  0.367120  0.232922  0.337634  0.402627  0.689846  0.072853  0.256234  0.218131  0.331913  0.395434  0.571188  0.340089  0.057487  0.395259  0.678600  0.654430  0.210130  0.485461  0.588979  0.246685  0.177027  0.506883  0.292605  0.035916  0.802166  0.376828  0.484025  0.473360  0.409148  0.517977  0.600475  0.466005  0.478209  0.414966  0.384838  0.232190  0.400474  0.000000  0.280560  0.432928  0.319474  0.081030  0.678305  0.054880  0.800030  0.712027  0.644147  0.562243  0.763249  0.273855  0.519905 0.0  0.696924  0.666712  0.220612  0.442092  0.736094  0.809689 
56  0.681167  0.696444  0.008852  0.809950  0.711565  0.689590  0.777400  0.684994  0.625447  0.749172  0.688064  0.652547  0.936651  0.810009  0.261912  0.889446  0.721859  0.896153  0.292073  0.923566  0.751192  0.348653  0.213749  0.729380  0.795401  0.722382  0.902235  0.736127  0.396923  0.777657  0.760874  0.803612  0.696656  0.710879  0.695419  0.818784  0.712569  0.799094  0.843437  0.618066  0.766728  0.753332  0.770583  0.706416  0.321825  0.735670  0.269709  0.818182  0.669828  0.247808  0.591474  0.332311  0.208214  0.816266  0.649980  0.696924 0.0  0.040639  0.753282  0.779384  0.428944  0.520912 
57  0.623526  0.767971  0.196095  0.813902  0.815150  0.783592  0.657253  0.388575  0.510676  0.962514  0.656793  0.710185  0.696387  0.748863  0.096422  0.707996  0.824368  0.676877  0.233377  0.817975  0.806568  0.399249  0.283127  0.844384  0.725518  0.714505  0.773662  0.909206  0.239745  0.620238  0.829709  0.764579  0.777218  0.728310  0.727299  0.783124  0.861157  0.718318  0.747069  0.594981  0.676137  0.741619  0.715083  0.722571  0.541733  0.781732  0.361653  0.890914  0.767115  0.224773  0.692672  0.340391  0.011862  0.674270  0.415518  0.666712  0.040639 0.0  0.639990  0.771822  0.410346  0.414378 
58  0.194739  0.460529  0.742176  0.163927  0.394975  0.280755  0.250893  0.357717  0.690876  0.021434  0.300967  0.206980  0.403611  0.557686  0.702210  0.383570  0.045325  0.284939  0.666851  0.723271  0.408776  0.550660  0.664010  0.293464  0.197279  0.405727  0.219310  0.039026  0.677017  0.413731  0.494838  0.461056  0.363497  0.432087  0.464809  0.369724  0.459444  0.410513  0.346719  0.254861  0.509851  0.038153  0.280990  0.436371  0.314122  0.115702  0.660436  0.150829  0.796246  0.785242  0.634872  0.620481  0.779259  0.118871  0.534993  0.220612  0.753282  0.639990 0.0  0.456098  0.703886  0.704222 
59  0.335459  0.439352  0.821275  0.302111  0.119220  0.545793  0.459175  0.401142  0.697587  0.391400  0.311895  0.435424  0.096464  0.187160  0.745005  0.315136  0.391041  0.057068  0.705105  0.421434  0.169160  0.850123  0.876712  0.159245  0.554065  0.272767  0.060633  0.293421  0.449330  0.244610  0.749753  0.217843  0.170154  0.302553  0.177971  0.134362  0.206834  0.269647  0.013301  0.252737  0.253074  0.340760  0.397448  0.178111  0.312211  0.339851  0.899349  0.353128  0.618665  0.671246  0.323041  0.889469  0.692065  0.518817  0.259000  0.442092  0.779384  0.771822  0.456098 0.0  0.545536  0.522744 
60  0.610031  0.708804  0.316173  0.840939  0.476957  0.820307  0.656412  0.988615  0.837397  0.659648  0.498090  0.779468  0.557007  0.415707  0.415099  0.902938  0.779680  0.580657  0.266250  0.699276  0.413399  0.418003  0.399255  0.559731  0.765367  0.433597  0.645682  0.759226  0.199644  0.519847  0.635193  0.457520  0.303397  0.545431  0.634183  0.495124  0.585773  0.471492  0.601023  0.722672  0.412704  0.731887  0.799721  0.494164  0.791414  0.754694  0.364355  0.659004  0.307932  0.255350  0.300296  0.250476  0.412382  0.758545  0.440259  0.736094  0.428944  0.410346  0.703886  0.545536 0.0  0.211538 
61  0.761740  0.872542  0.359819  0.820082  0.455734  0.760300  0.732033  0.943157  0.867972  0.736721  0.542562  0.708695  0.648504  0.453829  0.566958  0.817754  0.828986  0.678723  0.326082  0.569111  0.441333  0.359462  0.391381  0.435069  0.809974  0.419961  0.637214  0.686405  0.227819  0.463279  0.722413  0.525039  0.504373  0.494891  0.526397  0.639915  0.411811  0.456415  0.636324  0.750627  0.504005  0.732118  0.737509  0.544505  0.804629  0.844886  0.278365  0.737368  0.363142  0.275780  0.297916  0.312209  0.355309  0.750576  0.438773  0.809689  0.520912  0.414378  0.704222  0.522744  0.211538 0.0 
