62
0 0.0  0.275298  0.628619  0.287784  0.215008  0.312608  0.240272  0.345866  0.599679  0.166965  0.210664  0.200888  0.300864  0.177918  0.696612  0.227100  0.171087  0.221119  0.623339  0.649731  0.248340  0.723848  0.777406  0.288710  0.327295  0.216505  0.199129  0.194969  0.653531  0.262215  0.774016  0.202311  0.200425  0.278176  0.260542  0.261563  0.282260  0.297615  0.286061  0.328828  0.325908  0.224114  0.235902  0.215437  0.262263  0.274413  0.589135  0.278197  0.700132  0.667660  0.438393  0.626784  0.537107  0.246447  0.336127  0.267683  0.682197  0.558423  0.275906  0.197725  0.629737  0.669953 
1  0.275298 0.0  0.686112  0.428645  0.256535  0.464428  0.488400  0.391188  0.761100  0.226340  0.299857  0.445625  0.340369  0.429626  0.740871  0.066993  0.395937  0.239451  0.654248  0.757162  0.346618  0.755125  0.922057  0.248557  0.490930  0.411759  0.307070  0.324122  0.650043  0.421080  0.708043  0.516137  0.410283  0.381151  0.326681  0.229614  0.476553  0.445123  0.349625  0.256063  0.548998  0.275102  0.398049  0.407498  0.241962  0.361189  0.837614  0.394884  0.859378  0.581396  0.494827  0.884627  0.714318  0.410611  0.529072  0.507127  0.715085  0.730695  0.447513  0.400765  0.685946  0.713602 
2  0.628619  0.686112 0.0  0.730955  0.722548  0.739944  0.730345  0.352075  0.486574  0.807946  0.602683  0.723871  0.672318  0.690194  0.009646  0.644838  0.792663  0.705449  0.255108  0.653263  0.690633  0.345490  0.253993  0.764951  0.798574  0.716005  0.684715  0.802499  0.304646  0.844878  0.842485  0.779737  0.773666  0.712152  0.725719  0.742515  0.692518  0.661169  0.730787  0.611338  0.729512  0.682464  0.774810  0.712042  0.637092  0.778886  0.412512  0.718127  0.636433  0.203413  0.547464  0.286046  0.079260  0.803660  0.527340  0.612291  0.107014  0.283706  0.743807  0.726557  0.392396  0.353997 
3  0.287784  0.428645  0.730955 0.0  0.384322  0.160876  0.225823  0.416138  0.770827  0.128599  0.229065  0.075969  0.425393  0.386189  0.699089  0.385324  0.177211  0.418064  0.741388  0.782280  0.405598  0.551308  0.622754  0.325609  0.153258  0.357918  0.364254  0.146168  0.770627  0.425089  0.503607  0.364863  0.373753  0.374332  0.244565  0.396134  0.364759  0.332861  0.442214  0.297081  0.444602  0.173365  0.171686  0.454817  0.362360  0.092672  0.569431  0.084124  0.694088  0.671601  0.640828  0.555618  0.777703  0.073778  0.495091  0.115915  0.793794  0.855924  0.126336  0.502572  0.786299  0.812145 
4  0.215008  0.256535  0.722548  0.384322 0.0  0.334664  0.453912  0.367975  0.774710  0.393852  0.253443  0.376956  0.113125  0.039556  0.749243  0.428543  0.249593  0.082298  0.734236  0.498891  0.158180  0.721616  0.736554  0.093287  0.415091  0.209993  0.096093  0.370868  0.364683  0.000000  0.658729  0.000000  0.079610  0.107610  0.087349  0.212192  0.050762  0.129305  0.137490  0.279283  0.043171  0.534856  0.296364  0.000000  0.254926  0.283646  0.672493  0.296454  0.405349  0.632454  0.364039  0.768210  0.744870  0.376700  0.212381  0.348187  0.867982  0.700117  0.291128  0.064842  0.475255  0.507100 
5  0.312608  0.464428  0.739944  0.160876  0.334664 0.0  0.166805  0.354983  0.732653  0.158079  0.245731  0.167668  0.357703  0.397061  0.655241  0.355797  0.105669  0.267068  0.646871  0.679193  0.298102  0.606373  0.626146  0.282980  0.150554  0.525938  0.326478  0.054778  0.689497  0.457118  0.459882  0.409928  0.395259  0.393453  0.363165  0.353528  0.398525  0.454455  0.186939  0.348633  0.552179  0.055098  0.131860  0.440461  0.399955  0.016330  0.600023  0.109938  0.816449  0.667232  0.598787  0.625670  0.712799  0.213040  0.464896  0.152083  0.731303  0.713015  0.221075  0.492568  0.710391  0.763730 
6  0.240272  0.488400  0.730345  0.225823  0.453912  0.166805 0.0  0.234082  0.861480  0.097754  0.402994  0.219272  0.205725  0.499459  0.757925  0.342380  0.003843  0.350906  0.633043  0.730758  0.401885  0.611347  0.581597  0.370242  0.225061  0.459074  0.391416  0.077066  0.740052  0.475334  0.552280  0.445377  0.467146  0.471978  0.425041  0.452067  0.458644  0.617845  0.306528  0.201430  0.418243  0.160257  0.196178  0.419485  0.307064  0.122224  0.566341  0.007983  0.907669  0.638393  0.595802  0.571641  0.863338  0.211408  0.532118  0.167268  0.800903  0.740222  0.126239  0.403611  0.622374  0.734359 
7  0.345866  0.391188  0.352075  0.416138  0.367975  0.354983  0.234082 0.0  0.605209  0.347987  0.240137  0.302106  0.415707  0.290197  0.631204  0.449382  0.311032  0.411950  0.673515  0.853133  0.328167  0.743630  0.720798  0.309797  0.358437  0.353143  0.411623  0.335252  0.872997  0.259961  0.701641  0.283819  0.352755  0.218540  0.441375  0.413373  0.385612  0.323682  0.371932  0.332871  0.234000  0.309374  0.414411  0.370353  0.149520  0.340196  0.669687  0.303373  0.678214  0.720780  0.537267  0.663894  0.602433  0.282954  0.641013  0.263176  0.613577  0.535560  0.413525  0.210418  0.802023  0.913174 
8  0.599679  0.761100  0.486574  0.770827  0.774710  0.732653  0.861480  0.605209 0.0  0.810312  0.598940  0.631120  0.841792  0.734536  0.660840  0.790353  0.685962  0.899909  0.632249  0.393228  0.731257  0.654077  0.686170  0.677999  0.713709  0.722373  0.914288  0.761193  0.834004  0.718252  0.171200  0.730777  0.720538  0.728511  0.649486  0.729111  0.723371  0.717747  0.842607  0.712981  0.713581  0.694468  0.645628  0.721369  0.461149  0.649271  0.740854  0.638822  0.218621  0.611736  0.628054  0.754693  0.569631  0.629451  0.602850  0.688891  0.620589  0.459282  0.662299  0.695183  0.882390  0.806511 
9  0.166965  0.226340  0.807946  0.128599  0.393852  0.158079  0.097754  0.347987  0.810312 0.0  0.195098  0.126575  0.264580  0.421458  0.758168  0.237257  0.259669  0.339481  0.601319  0.758682  0.381083  0.347349  0.486891  0.418667  0.214951  0.357127  0.353892  0.261629  0.650997  0.311950  0.634267  0.157733  0.329914  0.331052  0.208378  0.363488  0.269839  0.384217  0.334151  0.295799  0.303159  0.017554  0.000604  0.239043  0.395606  0.156053  0.488981  0.112868  0.572716  0.626735  0.527694  0.444326  0.640435  0.075938  0.462881  0.084661  0.723472  0.863587  0.042781  0.177730  0.760072  0.766901 
10  0.210664  0.299857  0.602683  0.229065  0.253443  0.245731  0.402994  0.240137  0.598940  0.195098 0.0  0.403552  0.259902  0.256140  0.624252  0.192061  0.194236  0.193730  0.592608  0.542681  0.103135  0.742746  0.726611  0.286306  0.379122  0.351429  0.231747  0.296008  0.539776  0.235245  0.534188  0.354218  0.364733  0.330391  0.285072  0.178120  0.365789  0.319932  0.177388  0.198320  0.236014  0.191462  0.431328  0.361483  0.261440  0.151335  0.761747  0.226964  0.649128  0.560830  0.372919  0.744233  0.619644  0.419630  0.421863  0.287273  0.579327  0.492853  0.424593  0.221908  0.659092  0.531822 
11  0.200888  0.445625  0.723871  0.075969  0.376956  0.167668  0.219272  0.302106  0.631120  0.126575  0.403552 0.0  0.326402  0.462569  0.720931  0.298834  0.000000  0.332543  0.589330  0.702071  0.381048  0.574799  0.621222  0.187747  0.258289  0.455129  0.307767  0.000000  0.769023  0.394374  0.519859  0.521544  0.474344  0.517271  0.486287  0.381548  0.449004  0.478680  0.455391  0.219663  0.499391  0.125791  0.056035  0.506842  0.344778  0.080026  0.550705  0.064857  0.819820  0.641461  0.601217  0.596392  0.781686  0.184354  0.544689  0.231364  0.747440  0.709708  0.143977  0.485562  0.694313  0.757808 
12  0.300864  0.340369  0.672318  0.425393  0.113125  0.357703  0.205725  0.415707  0.841792  0.264580  0.259902  0.326402 0.0  0.102719  0.808238  0.366906  0.335462  0.185957  0.608626  0.611176  0.109142  0.609195  0.794824  0.074860  0.333554  0.054566  0.206428  0.277028  0.583214  0.008915  0.743317  0.000283  0.000000  0.143399  0.051729  0.091554  0.072271  0.005173  0.059337  0.313088  0.111841  0.328140  0.371928  0.060197  0.296429  0.356571  0.652381  0.377562  0.463421  0.659942  0.315729  0.785992  0.862651  0.448191  0.245155  0.275459  0.844241  0.699710  0.348792  0.148960  0.567934  0.623039 
13  0.177918  0.429626  0.690194  0.386189  0.039556  0.397061  0.499459  0.290197  0.734536  0.421458  0.256140  0.462569  0.102719 0.0  0.769896  0.403054  0.393167  0.000000  0.604140  0.495735  0.143846  0.898849  0.860730  0.173099  0.547589  0.161277  0.081952  0.268936  0.483013  0.079669  0.763092  0.295088  0.288042  0.282810  0.162537  0.247606  0.139099  0.268281  0.049827  0.250040  0.154138  0.360793  0.460652  0.123218  0.376843  0.341810  0.854096  0.277175  0.751755  0.676183  0.262968  0.911271  0.776340  0.413132  0.268144  0.380020  0.716981  0.711705  0.505167  0.182389  0.460609  0.534071 
14  0.696612  0.740871  0.009646  0.699089  0.749243  0.655241  0.757925  0.631204  0.660840  0.758168  0.624252  0.720931  0.808238  0.769896 0.0  0.856208  0.691966  0.929884  0.182283  0.723791  0.699675  0.221906  0.414348  0.874964  0.776883  0.735340  0.681344  0.662442  0.459384  0.728801  0.751745  0.799054  0.730051  0.678004  0.791080  0.900768  0.736368  0.708425  0.789233  0.680289  0.819525  0.813152  0.646572  0.645519  0.512718  0.638397  0.360760  0.796488  0.648917  0.206665  0.535991  0.303203  0.128140  0.666369  0.682134  0.775481  0.157348  0.066671  0.735258  0.781145  0.454679  0.396539 
15  0.227100  0.066993  0.644838  0.385324  0.428543  0.355797  0.342380  0.449382  0.790353  0.237257  0.192061  0.298834  0.366906  0.403054  0.856208 0.0  0.140014  0.455891  0.645682  0.909095  0.374413  0.686908  0.673571  0.379747  0.339537  0.292915  0.496674  0.289196  0.808339  0.351030  0.785251  0.318773  0.295861  0.240349  0.255549  0.433218  0.215518  0.310753  0.426178  0.348933  0.331341  0.285381  0.302739  0.260666  0.302934  0.337890  0.764589  0.344956  0.836901  0.692457  0.560060  0.801045  0.851902  0.213514  0.550307  0.295288  0.869436  0.636540  0.257598  0.299669  0.885303  0.915690 
16  0.171087  0.395937  0.792663  0.177211  0.249593  0.105669  0.003843  0.311032  0.685962  0.259669  0.194236  0.000000  0.335462  0.393167  0.691966  0.140014 0.0  0.298033  0.686852  0.781058  0.306802  0.467903  0.495348  0.458930  0.053434  0.383444  0.402297  0.196066  0.766524  0.274490  0.589700  0.313575  0.333561  0.285662  0.191344  0.409923  0.303039  0.328208  0.421601  0.290654  0.363544  0.154615  0.000000  0.174579  0.360099  0.197183  0.471393  0.327093  0.652355  0.622101  0.555061  0.448144  0.675956  0.106516  0.621378  0.062748  0.698250  0.765938  0.049507  0.267363  0.793003  0.631441 
17  0.221119  0.239451  0.705449  0.418064  0.082298  0.267068  0.350906  0.411950  0.899909  0.339481  0.193730  0.332543  0.185957  0.000000  0.929884  0.455891  0.298033 0.0  0.708442  0.549087  0.122901  0.783946  0.768371  0.090491  0.259013  0.016285  0.113459  0.316865  0.583022  0.056679  0.658146  0.057454  0.012423  0.149735  0.097909  0.135428  0.028251  0.000000  0.253698  0.156731  0.061766  0.359293  0.278981  0.056576  0.458278  0.254573  0.812010  0.345703  0.435289  0.659865  0.180398  0.797736  0.745572  0.352921  0.349752  0.417227  0.930110  0.616378  0.224834  0.044335  0.618943  0.486447 
18  0.623339  0.654248  0.255108  0.741388  0.734236  0.646871  0.633043  0.673515  0.632249  0.601319  0.592608  0.589330  0.608626  0.604140  0.182283  0.645682  0.686852  0.708442 0.0  0.567129  0.693587  0.301004  0.212344  0.724816  0.668802  0.612722  0.571608  0.698255  0.265868  0.610885  0.623349  0.666298  0.720131  0.612041  0.599428  0.640830  0.690267  0.626794  0.686808  0.717838  0.636654  0.755140  0.643203  0.629844  0.623069  0.738736  0.200607  0.715896  0.638244  0.241689  0.477178  0.193757  0.302215  0.640651  0.442869  0.778347  0.409583  0.291214  0.544898  0.649054  0.259873  0.290731 
19  0.649731  0.757162  0.653263  0.782280  0.498891  0.679193  0.730758  0.853133  0.393228  0.758682  0.542681  0.702071  0.611176  0.495735  0.723791  0.909095  0.781058  0.549087  0.567129 0.0  0.461061  0.752740  0.787525  0.551721  0.729140  0.548902  0.519048  0.611240  0.671744  0.466279  0.340757  0.447937  0.447889  0.483468  0.467987  0.490960  0.465643  0.583055  0.615933  0.666728  0.444273  0.641855  0.698764  0.443460  0.775007  0.699002  0.701692  0.662281  0.070111  0.766631  0.376698  0.788100  0.764749  0.832406  0.471691  0.776611  0.799147  0.701237  0.661073  0.436095  0.561070  0.597206 
20  0.248340  0.346618  0.690633  0.405598  0.158180  0.298102  0.401885  0.328167  0.731257  0.381083  0.103135  0.381048  0.109142  0.143846  0.699675  0.374413  0.306802  0.122901  0.693587  0.461061 0.0  0.748572  0.691148  0.048433  0.411626  0.083265  0.066512  0.409777  0.545423  0.078065  0.716298  0.136742  0.005208  0.043209  0.057859  0.102093  0.162125  0.104373  0.082158  0.313199  0.097085  0.399252  0.494200  0.049678  0.343961  0.274417  0.776105  0.321277  0.448738  0.641195  0.290931  0.758109  0.729654  0.354875  0.366012  0.321990  0.691113  0.756494  0.260906  0.000000  0.504291  0.481193 
21  0.723848  0.755125  0.345490  0.551308  0.721616  0.606373  0.611347  0.743630  0.654077  0.347349  0.742746  0.574799  0.609195  0.898849  0.221906  0.686908  0.467903  0.783946  0.301004  0.752740  0.748572 0.0  0.249997  0.690999  0.749931  0.756504  0.749260  0.532952  0.355391  0.764478  0.516919  0.897303  0.851113  0.781495  0.963186  0.753083  0.884652  0.788937  0.709811  0.613125  0.888493  0.496768  0.571392  0.854660  0.803789  0.482222  0.208832  0.475035  0.928063  0.172685  0.561708  0.079049  0.314532  0.605416  0.523437  0.591105  0.293746  0.316470  0.605193  0.822946  0.342567  0.260094 
22  0.777406  0.922057  0.253993  0.622754  0.736554  0.626146  0.581597  0.720798  0.686170  0.486891  0.726611  0.621222  0.794824  0.860730  0.414348  0.673571  0.495348  0.768371  0.212344  0.787525  0.691148  0.249997 0.0  0.693708  0.691029  0.853084  0.779086  0.546412  0.389885  0.897148  0.481260  0.886149  0.905306  0.854380  0.888274  0.777901  0.760203  0.929110  0.687882  0.595662  0.823342  0.502160  0.611243  0.858175  0.721068  0.485834  0.153203  0.481125  0.800429  0.131654  0.655738  0.178163  0.539360  0.503245  0.468835  0.661137  0.402183  0.246711  0.563349  0.895516  0.298293  0.339185 
23  0.288710  0.248557  0.764951  0.325609  0.093287  0.282980  0.370242  0.309797  0.677999  0.418667  0.286306  0.187747  0.074860  0.173099  0.874964  0.379747  0.458930  0.090491  0.724816  0.551721  0.048433  0.690999  0.693708 0.0  0.326480  0.000867  0.006897  0.432432  0.422767  0.042244  1.000000  0.157787  0.008561  0.066137  0.072411  0.143324  0.005087  0.000000  0.097738  0.221885  0.074066  0.312730  0.233166  0.094904  0.464005  0.476531  0.879906  0.443854  0.520102  0.597075  0.307627  0.707309  0.605094  0.371718  0.226952  0.257262  0.797579  0.811550  0.399709  0.061381  0.493688  0.475938 
24  0.327295  0.490930  0.798574  0.153258  0.415091  0.150554  0.225061  0.358437  0.713709  0.214951  0.379122  0.258289  0.333554  0.547589  0.776883  0.339537  0.053434  0.259013  0.668802  0.729140  0.411626  0.749931  0.691029  0.326480 0.0  0.475962  0.285098  0.009703  0.724040  0.540908  0.488691  0.388144  0.470665  0.504054  0.449535  0.378538  0.446462  0.403363  0.326133  0.201040  0.480526  0.084439  0.179541  0.405544  0.324096  0.081058  0.481330  0.154494  0.894611  0.597217  0.621678  0.556883  0.719285  0.273846  0.551298  0.249335  0.654621  0.658373  0.249756  0.530409  0.631827  0.704046 
25  0.216505  0.411759  0.716005  0.357918  0.209993  0.525938  0.459074  0.353143  0.722373  0.357127  0.351429  0.455129  0.054566  0.161277  0.735340  0.292915  0.383444  0.016285  0.612722  0.548902  0.083265  0.756504  0.853084  0.000867  0.475962 0.0  0.100255  0.261322  0.552958  0.211632  0.690111  0.226785  0.244452  0.076925  0.141590  0.186469  0.195980  0.104374  0.133704  0.238229  0.321945  0.287319  0.409313  0.149724  0.201206  0.355148  0.829424  0.331303  0.613357  0.575268  0.283010  0.875705  0.632743  0.486888  0.257040  0.400305  0.696834  0.682887  0.455732  0.300510  0.550046  0.545743 
26  0.199129  0.307070  0.684715  0.364254  0.096093  0.326478  0.391416  0.411623  0.914288  0.353892  0.231747  0.307767  0.206428  0.081952  0.681344  0.496674  0.402297  0.113459  0.571608  0.519048  0.066512  0.749260  0.779086  0.006897  0.285098  0.100255 0.0  0.290103  0.515709  0.000000  0.768934  0.000000  0.092378  0.091582  0.094959  0.061519  0.141009  0.060320  0.218014  0.196497  0.088767  0.339782  0.325438  0.107786  0.281410  0.364362  0.833399  0.294857  0.457718  0.677399  0.311417  0.661451  0.809104  0.328545  0.355537  0.282187  0.798913  0.634110  0.383923  0.000000  0.557889  0.562078 
27  0.194969  0.324122  0.802499  0.146168  0.370868  0.054778  0.077066  0.335252  0.761193  0.261629  0.296008  0.000000  0.277028  0.268936  0.662442  0.289196  0.196066  0.316865  0.698255  0.611240  0.409777  0.532952  0.546412  0.432432  0.009703  0.261322  0.290103 0.0  0.710672  0.309866  0.673747  0.211065  0.349823  0.343518  0.346928  0.397224  0.397911  0.249091  0.422260  0.226143  0.265166  0.074570  0.064429  0.271675  0.311814  0.179027  0.462925  0.155870  0.681750  0.699841  0.539187  0.435684  0.761363  0.063677  0.592885  0.181886  0.730628  0.901453  0.005344  0.335188  0.696719  0.784751 
28  0.653531  0.650043  0.304646  0.770627  0.364683  0.689497  0.740052  0.872997  0.834004  0.650997  0.539776  0.769023  0.583214  0.483013  0.459384  0.808339  0.766524  0.583022  0.265868  0.671744  0.545423  0.355391  0.389885  0.422767  0.724040  0.552958  0.515709  0.710672 0.0  0.491889  0.757028  0.497701  0.494950  0.428417  0.532883  0.522621  0.510513  0.427250  0.593060  0.695362  0.478592  0.795798  0.793752  0.491349  0.546013  0.658702  0.223400  0.737941  0.471081  0.302105  0.243400  0.348686  0.474381  0.676122  0.383134  0.782689  0.417702  0.421945  0.696790  0.398614  0.276629  0.222216 
29  0.262215  0.421080  0.844878  0.425089  0.000000  0.457118  0.475334  0.259961  0.718252  0.311950  0.235245  0.394374  0.008915  0.079669  0.728801  0.351030  0.274490  0.056679  0.610885  0.466279  0.078065  0.764478  0.897148  0.042244  0.540908  0.211632  0.000000  0.309866  0.491889 0.0  0.769022  0.186427  0.197912  0.227925  0.216029  0.067412  0.194466  0.170650  0.149295  0.240671  0.265502  0.356164  0.480235  0.213437  0.332424  0.338111  0.812499  0.350216  0.549977  0.633533  0.268473  0.899689  0.632142  0.453945  0.315642  0.543699  0.709506  0.796022  0.366345  0.195856  0.438556  0.504205 
30  0.774016  0.708043  0.842485  0.503607  0.658729  0.459882  0.552280  0.701641  0.171200  0.634267  0.534188  0.519859  0.743317  0.763092  0.751745  0.785251  0.589700  0.658146  0.623349  0.340757  0.716298  0.516919  0.481260  1.000000  0.488691  0.690111  0.768934  0.673747  0.757028  0.769022 0.0  0.812837  0.831178  0.669428  0.699654  0.835932  0.740816  0.657631  0.814001  0.671706  0.704514  0.451180  0.495880  0.712104  0.886399  0.577401  0.393741  0.704881  0.284690  0.640380  0.563800  0.421121  0.739483  0.516692  0.572963  0.528122  0.713894  0.899026  0.444105  0.747225  0.672866  0.651814 
31  0.202311  0.516137  0.779737  0.364863  0.000000  0.409928  0.445377  0.283819  0.730777  0.157733  0.354218  0.521544  0.000283  0.295088  0.799054  0.318773  0.313575  0.057454  0.666298  0.447937  0.136742  0.897303  0.886149  0.157787  0.388144  0.226785  0.000000  0.211065  0.497701  0.186427  0.812837 0.0  0.260022  0.206171  0.150826  0.242979  0.267309  0.296204  0.021458  0.243905  0.236173  0.264519  0.416018  0.155424  0.331889  0.305171  0.832504  0.310791  0.601587  0.676040  0.315241  0.858147  0.742538  0.407357  0.261521  0.338987  0.680569  0.756730  0.418054  0.201885  0.412983  0.430558 
32  0.200425  0.410283  0.773666  0.373753  0.079610  0.395259  0.467146  0.352755  0.720538  0.329914  0.364733  0.474344  0.000000  0.288042  0.730051  0.295861  0.333561  0.012423  0.720131  0.447889  0.005208  0.851113  0.905306  0.008561  0.470665  0.244452  0.092378  0.349823  0.494950  0.197912  0.831178  0.260022 0.0  0.199637  0.182480  0.087808  0.221689  0.206781  0.000000  0.178030  0.076540  0.351536  0.448515  0.235452  0.303032  0.371824  0.890513  0.390343  0.501752  0.597382  0.288845  0.866979  0.699403  0.474904  0.205570  0.530165  0.647971  0.735504  0.464439  0.205819  0.438758  0.436609 
33  0.278176  0.381151  0.712152  0.374332  0.107610  0.393453  0.471978  0.218540  0.728511  0.331052  0.330391  0.517271  0.143399  0.282810  0.678004  0.240349  0.285662  0.149735  0.612041  0.483468  0.043209  0.781495  0.854380  0.066137  0.504054  0.076925  0.091582  0.343518  0.428417  0.227925  0.669428  0.206171  0.199637 0.0  0.123712  0.246849  0.282758  0.308474  0.017306  0.227447  0.187439  0.351059  0.487967  0.114288  0.265002  0.302775  0.801469  0.326177  0.635231  0.615087  0.335087  0.797766  0.743663  0.456297  0.299004  0.552625  0.687605  0.687799  0.409506  0.133064  0.449461  0.488155 
34  0.260542  0.326681  0.725719  0.244565  0.087349  0.363165  0.425041  0.441375  0.649486  0.208378  0.285072  0.486287  0.051729  0.162537  0.791080  0.255549  0.191344  0.097909  0.599428  0.467987  0.057859  0.963186  0.888274  0.072411  0.449535  0.141590  0.094959  0.346928  0.532883  0.216029  0.699654  0.150826  0.182480  0.123712 0.0  0.144986  0.201982  0.301146  0.052989  0.158899  0.208646  0.246353  0.370076  0.213152  0.331313  0.218120  0.870529  0.359159  0.555309  0.631279  0.288972  0.841576  0.752276  0.426954  0.290548  0.484710  0.749021  0.763956  0.462556  0.117942  0.443826  0.464639 
35  0.261563  0.229614  0.742515  0.396134  0.212192  0.353528  0.452067  0.413373  0.729111  0.363488  0.178120  0.381548  0.091554  0.247606  0.900768  0.433218  0.409923  0.135428  0.640830  0.490960  0.102093  0.753083  0.777901  0.143324  0.378538  0.186469  0.061519  0.397224  0.522621  0.067412  0.835932  0.242979  0.087808  0.246849  0.144986 0.0  0.149151  0.203072  0.131875  0.231616  0.128466  0.513448  0.337533  0.155223  0.348992  0.366365  0.813466  0.369454  0.543781  0.668552  0.358559  0.836827  0.813973  0.356657  0.325227  0.420077  0.729497  0.781893  0.429083  0.126040  0.618310  0.549026 
36  0.282260  0.476553  0.692518  0.364759  0.050762  0.398525  0.458644  0.385612  0.723371  0.269839  0.365789  0.449004  0.072271  0.139099  0.736368  0.215518  0.303039  0.028251  0.690267  0.465643  0.162125  0.884652  0.760203  0.005087  0.446462  0.195980  0.141009  0.397911  0.510513  0.194466  0.740816  0.267309  0.221689  0.282758  0.201982  0.149151 0.0  0.249224  0.050743  0.226932  0.184947  0.308187  0.501644  0.216637  0.379828  0.247556  0.901522  0.349239  0.567696  0.617697  0.280684  0.816151  0.799537  0.425754  0.173154  0.548807  0.720505  0.832010  0.470409  0.234083  0.618517  0.480582 
37  0.297615  0.445123  0.661169  0.332861  0.129305  0.454455  0.617845  0.323682  0.717747  0.384217  0.319932  0.478680  0.005173  0.268281  0.708425  0.310753  0.328208  0.000000  0.626794  0.583055  0.104373  0.788937  0.929110  0.000000  0.403363  0.104374  0.060320  0.249091  0.427250  0.170650  0.657631  0.296204  0.206781  0.308474  0.301146  0.203072  0.249224 0.0  0.080335  0.250437  0.080104  0.284863  0.474428  0.197714  0.397383  0.354889  0.787732  0.309559  0.632858  0.579069  0.405667  0.818718  0.757409  0.376846  0.336137  0.454640  0.756930  0.767421  0.447138  0.127238  0.435701  0.409377 
38  0.286061  0.349625  0.730787  0.442214  0.137490  0.186939  0.306528  0.371932  0.842607  0.334151  0.177388  0.455391  0.059337  0.049827  0.789233  0.426178  0.421601  0.253698  0.686808  0.615933  0.082158  0.709811  0.687882  0.097738  0.326133  0.133704  0.218014  0.422260  0.593060  0.149295  0.814001  0.021458  0.000000  0.017306  0.052989  0.131875  0.050743  0.080335 0.0  0.323871  0.014624  0.324470  0.270837  0.082940  0.339336  0.366961  0.787631  0.258245  0.489190  0.578156  0.262541  0.739815  0.872135  0.441524  0.380445  0.339926  0.938543  0.797638  0.347022  0.120329  0.583608  0.730671 
39  0.328828  0.256063  0.611338  0.297081  0.279283  0.348633  0.201430  0.332871  0.712981  0.295799  0.198320  0.219663  0.313088  0.250040  0.680289  0.348933  0.290654  0.156731  0.717838  0.666728  0.313199  0.613125  0.595662  0.221885  0.201040  0.238229  0.196497  0.226143  0.695362  0.240671  0.671706  0.243905  0.178030  0.227447  0.158899  0.231616  0.226932  0.250437  0.323871 0.0  0.293177  0.231590  0.202480  0.247459  0.123868  0.169389  0.579951  0.170643  0.654801  0.756817  0.469661  0.745973  0.731402  0.263982  0.469312  0.172310  0.707860  0.642758  0.375667  0.304296  0.584400  0.669072 
40  0.325908  0.548998  0.729512  0.444602  0.043171  0.552179  0.418243  0.234000  0.713581  0.303159  0.236014  0.499391  0.111841  0.154138  0.819525  0.331341  0.363544  0.061766  0.636654  0.444273  0.097085  0.888493  0.823342  0.074066  0.480526  0.321945  0.088767  0.265166  0.478592  0.265502  0.704514  0.236173  0.076540  0.187439  0.208646  0.128466  0.184947  0.080104  0.014624  0.293177 0.0  0.385028  0.383944  0.178965  0.324833  0.322992  0.840001  0.443222  0.562580  0.556672  0.307040  0.869257  0.678764  0.478886  0.233040  0.471883  0.768683  0.630352  0.444198  0.189106  0.381918  0.415304 
41  0.224114  0.275102  0.682464  0.173365  0.534856  0.055098  0.160257  0.309374  0.694468  0.017554  0.191462  0.125791  0.328140  0.360793  0.813152  0.285381  0.154615  0.359293  0.755140  0.641855  0.399252  0.496768  0.502160  0.312730  0.084439  0.287319  0.339782  0.074570  0.795798  0.356164  0.451180  0.264519  0.351536  0.351059  0.246353  0.513448  0.308187  0.284863  0.324470  0.231590  0.385028 0.0  0.054402  0.276685  0.245296  0.097635  0.530599  0.123270  0.652826  0.752950  0.667636  0.516300  0.720579  0.056649  0.465353  0.076585  0.690098  0.727006  0.072989  0.319842  0.628313  0.854854 
42  0.235902  0.398049  0.774810  0.171686  0.296364  0.131860  0.196178  0.414411  0.645628  0.000604  0.431328  0.056035  0.371928  0.460652  0.646572  0.302739  0.000000  0.278981  0.643203  0.698764  0.494200  0.571392  0.611243  0.233166  0.179541  0.409313  0.325438  0.064429  0.793752  0.480235  0.495880  0.416018  0.448515  0.487967  0.370076  0.337533  0.501644  0.474428  0.270837  0.202480  0.383944  0.054402 0.0  0.447168  0.329117  0.074565  0.644555  0.000000  0.843470  0.734385  0.620254  0.545791  0.704582  0.177791  0.656733  0.304529  0.772915  0.751466  0.197948  0.336646  0.623492  0.778401 
43  0.215437  0.407498  0.712042  0.454817  0.000000  0.440461  0.419485  0.370353  0.721369  0.239043  0.361483  0.506842  0.060197  0.123218  0.645519  0.260666  0.174579  0.056576  0.629844  0.443460  0.049678  0.854660  0.858175  0.094904  0.405544  0.149724  0.107786  0.271675  0.491349  0.213437  0.712104  0.155424  0.235452  0.114288  0.213152  0.155223  0.216637  0.197714  0.082940  0.247459  0.178965  0.276685  0.447168 0.0  0.344019  0.292854  0.943896  0.301474  0.503648  0.659669  0.313961  0.840502  0.800483  0.440903  0.404593  0.436309  0.775382  0.631971  0.530237  0.161115  0.515950  0.356935 
44  0.262263  0.241962  0.637092  0.362360  0.254926  0.399955  0.307064  0.149520  0.461149  0.395606  0.261440  0.344778  0.296429  0.376843  0.512718  0.302934  0.360099  0.458278  0.623069  0.775007  0.343961  0.803789  0.721068  0.464005  0.324096  0.201206  0.281410  0.311814  0.546013  0.332424  0.886399  0.331889  0.303032  0.265002  0.331313  0.348992  0.379828  0.397383  0.339336  0.123868  0.324833  0.245296  0.329117  0.344019 0.0  0.505637  0.756195  0.391359  0.786807  0.755545  0.480831  0.754989  0.525973  0.390720  0.444252  0.323516  0.474463  0.684338  0.275211  0.306830  0.750896  0.785268 
45  0.274413  0.361189  0.778886  0.092672  0.283646  0.016330  0.122224  0.340196  0.649271  0.156053  0.151335  0.080026  0.356571  0.341810  0.638397  0.337890  0.197183  0.254573  0.738736  0.699002  0.274417  0.482222  0.485834  0.476531  0.081058  0.355148  0.364362  0.179027  0.658702  0.338111  0.577401  0.305171  0.371824  0.302775  0.218120  0.366365  0.247556  0.354889  0.366961  0.169389  0.322992  0.097635  0.074565  0.292854  0.505637 0.0  0.418718  0.158177  0.678353  0.633134  0.533753  0.516334  0.813055  0.145591  0.526968  0.056717  0.822172  0.834473  0.072084  0.312330  0.763215  0.719303 
46  0.589135  0.837614  0.412512  0.569431  0.672493  0.600023  0.566341  0.669687  0.740854  0.488981  0.761747  0.550705  0.652381  0.854096  0.360760  0.764589  0.471393  0.812010  0.200607  0.701692  0.776105  0.208832  0.153203  0.879906  0.481330  0.829424  0.833399  0.462925  0.223400  0.812499  0.393741  0.832504  0.890513  0.801469  0.870529  0.813466  0.901522  0.787732  0.787631  0.579951  0.840001  0.530599  0.644555  0.943896  0.756195  0.418718 0.0  0.363139  0.874725  0.309548  0.558512  0.308552  0.163176  0.583890  0.583808  0.565436  0.321220  0.319309  0.541222  0.847139  0.298825  0.349218 
47  0.278197  0.394884  0.718127  0.084124  0.296454  0.109938  0.007983  0.303373  0.638822  0.112868  0.226964  0.064857  0.377562  0.277175  0.796488  0.344956  0.327093  0.345703  0.715896  0.662281  0.321277  0.475035  0.481125  0.443854  0.154494  0.331303  0.294857  0.155870  0.737941  0.350216  0.704881  0.310791  0.390343  0.326177  0.359159  0.369454  0.349239  0.309559  0.258245  0.170643  0.443222  0.123270  0.000000  0.301474  0.391359  0.158177  0.363139 0.0  0.787742  0.583106  0.585295  0.513726  0.640348  0.024941  0.400320  0.108175  0.747847  0.824234  0.079350  0.220323  0.804449  0.668001 
48  0.700132  0.859378  0.636433  0.694088  0.405349  0.816449  0.907669  0.678214  0.218621  0.572716  0.649128  0.819820  0.463421  0.751755  0.648917  0.836901  0.652355  0.435289  0.638244  0.070111  0.448738  0.928063  0.800429  0.520102  0.894611  0.613357  0.457718  0.681750  0.471081  0.549977  0.284690  0.601587  0.501752  0.635231  0.555309  0.543781  0.567696  0.632858  0.489190  0.654801  0.562580  0.652826  0.843470  0.503648  0.786807  0.678353  0.874725  0.787742 0.0  0.558983  0.314595  0.912915  0.698966  0.791365  0.188864  0.793956  0.785172  0.690685  0.951094  0.698465  0.436264  0.453561 
49  0.667660  0.581396  0.203413  0.671601  0.632454  0.667232  0.638393  0.720780  0.611736  0.626735  0.560830  0.641461  0.659942  0.676183  0.206665  0.692457  0.622101  0.659865  0.241689  0.766631  0.641195  0.172685  0.131654  0.597075  0.597217  0.575268  0.677399  0.699841  0.302105  0.633533  0.640380  0.676040  0.597382  0.615087  0.631279  0.668552  0.617697  0.579069  0.578156  0.756817  0.556672  0.752950  0.734385  0.659669  0.755545  0.633134  0.309548  0.583106  0.558983 0.0  0.458181  0.258953  0.211637  0.619327  0.441418  0.608565  0.158005  0.306822  0.691089  0.730645  0.277429  0.273210 
50  0.438393  0.494827  0.547464  0.640828  0.364039  0.598787  0.595802  0.537267  0.628054  0.527694  0.372919  0.601217  0.315729  0.262968  0.535991  0.560060  0.555061  0.180398  0.477178  0.376698  0.290931  0.561708  0.655738  0.307627  0.621678  0.283010  0.311417  0.539187  0.243400  0.268473  0.563800  0.315241  0.288845  0.335087  0.288972  0.358559  0.280684  0.405667  0.262541  0.469661  0.307040  0.667636  0.620254  0.313961  0.480831  0.533753  0.558512  0.585295  0.314595  0.458181 0.0  0.662830  0.588396  0.570283  0.311444  0.614597  0.604830  0.525056  0.543304  0.249388  0.289784  0.332693 
51  0.626784  0.884627  0.286046  0.555618  0.768210  0.625670  0.571641  0.663894  0.754693  0.444326  0.744233  0.596392  0.785992  0.911271  0.303203  0.801045  0.448144  0.797736  0.193757  0.788100  0.758109  0.079049  0.178163  0.707309  0.556883  0.875705  0.661451  0.435684  0.348686  0.899689  0.421121  0.858147  0.866979  0.797766  0.841576  0.836827  0.816151  0.818718  0.739815  0.745973  0.869257  0.516300  0.545791  0.840502  0.754989  0.516334  0.308552  0.513726  0.912915  0.258953  0.662830 0.0  0.312380  0.525645  0.480694  0.598035  0.314565  0.261539  0.500346  0.842504  0.352634  0.275318 
52  0.537107  0.714318  0.079260  0.777703  0.744870  0.712799  0.863338  0.602433  0.569631  0.640435  0.619644  0.781686  0.862651  0.776340  0.128140  0.851902  0.675956  0.745572  0.302215  0.764749  0.729654  0.314532  0.539360  0.605094  0.719285  0.632743  0.809104  0.761363  0.474381  0.632142  0.739483  0.742538  0.699403  0.743663  0.752276  0.813973  0.799537  0.757409  0.872135  0.731402  0.678764  0.720579  0.704582  0.800483  0.525973  0.813055  0.163176  0.640348  0.698966  0.211637  0.588396  0.312380 0.0  0.735710  0.654396  0.789972  0.131796  0.063197  0.796911  0.619109  0.389274  0.542268 
53  0.246447  0.410611  0.803660  0.073778  0.376700  0.213040  0.211408  0.282954  0.629451  0.075938  0.419630  0.184354  0.448191  0.413132  0.666369  0.213514  0.106516  0.352921  0.640651  0.832406  0.354875  0.605416  0.503245  0.371718  0.273846  0.486888  0.328545  0.063677  0.676122  0.453945  0.516692  0.407357  0.474904  0.456297  0.426954  0.356657  0.425754  0.376846  0.441524  0.263982  0.478886  0.056649  0.177791  0.440903  0.390720  0.145591  0.583890  0.024941  0.791365  0.619327  0.570283  0.525645  0.735710 0.0  0.447138  0.211140  0.692052  0.702136  0.129820  0.425386  0.629568  0.648119 
54  0.336127  0.529072  0.527340  0.495091  0.212381  0.464896  0.532118  0.641013  0.602850  0.462881  0.421863  0.544689  0.245155  0.268144  0.682134  0.550307  0.621378  0.349752  0.442869  0.471691  0.366012  0.523437  0.468835  0.226952  0.551298  0.257040  0.355537  0.592885  0.383134  0.315642  0.572963  0.261521  0.205570  0.299004  0.290548  0.325227  0.173154  0.336137  0.380445  0.469312  0.233040  0.465353  0.656733  0.404593  0.444252  0.526968  0.583808  0.400320  0.188864  0.441418  0.311444  0.480694  0.654396  0.447138 0.0  0.614598  0.653508  0.573301  0.474199  0.247697  0.384749  0.309838 
55  0.267683  0.507127  0.612291  0.115915  0.348187  0.152083  0.167268  0.263176  0.688891  0.084661  0.287273  0.231364  0.275459  0.380020  0.775481  0.295288  0.062748  0.417227  0.778347  0.776611  0.321990  0.591105  0.661137  0.257262  0.249335  0.400305  0.282187  0.181886  0.782689  0.543699  0.528122  0.338987  0.530165  0.552625  0.484710  0.420077  0.548807  0.454640  0.339926  0.172310  0.471883  0.076585  0.304529  0.436309  0.323516  0.056717  0.565436  0.108175  0.793956  0.608565  0.614597  0.598035  0.789972  0.211140  0.614598 0.0  0.782106  0.697408  0.215494  0.466692  0.842916  0.791155 
56  0.682197  0.715085  0.107014  0.793794  0.867982  0.731303  0.800903  0.613577  0.620589  0.723472  0.579327  0.747440  0.844241  0.716981  0.157348  0.869436  0.698250  0.930110  0.409583  0.799147  0.691113  0.293746  0.402183  0.797579  0.654621  0.696834  0.798913  0.730628  0.417702  0.709506  0.713894  0.680569  0.647971  0.687605  0.749021  0.729497  0.720505  0.756930  0.938543  0.707860  0.768683  0.690098  0.772915  0.775382  0.474463  0.822172  0.321220  0.747847  0.785172  0.158005  0.604830  0.314565  0.131796  0.692052  0.653508  0.782106 0.0  0.148156  0.712731  0.750600  0.428274  0.444789 
57  0.558423  0.730695  0.283706  0.855924  0.700117  0.713015  0.740222  0.535560  0.459282  0.863587  0.492853  0.709708  0.699710  0.711705  0.066671  0.636540  0.765938  0.616378  0.291214  0.701237  0.756494  0.316470  0.246711  0.811550  0.658373  0.682887  0.634110  0.901453  0.421945  0.796022  0.899026  0.756730  0.735504  0.687799  0.763956  0.781893  0.832010  0.767421  0.797638  0.642758  0.630352  0.727006  0.751466  0.631971  0.684338  0.834473  0.319309  0.824234  0.690685  0.306822  0.525056  0.261539  0.063197  0.702136  0.573301  0.697408  0.148156 0.0  0.743166  0.677374  0.350022  0.296932 
58  0.275906  0.447513  0.743807  0.126336  0.291128  0.221075  0.126239  0.413525  0.662299  0.042781  0.424593  0.143977  0.348792  0.505167  0.735258  0.257598  0.049507  0.224834  0.544898  0.661073  0.260906  0.605193  0.563349  0.399709  0.249756  0.455732  0.383923  0.005344  0.696790  0.366345  0.444105  0.418054  0.464439  0.409506  0.462556  0.429083  0.470409  0.447138  0.347022  0.375667  0.444198  0.072989  0.197948  0.530237  0.275211  0.072084  0.541222  0.079350  0.951094  0.691089  0.543304  0.500346  0.796911  0.129820  0.474199  0.215494  0.712731  0.743166 0.0  0.499212  0.704557  0.714076 
59  0.197725  0.400765  0.726557  0.502572  0.064842  0.492568  0.403611  0.210418  0.695183  0.177730  0.221908  0.485562  0.148960  0.182389  0.781145  0.299669  0.267363  0.044335  0.649054  0.436095  0.000000  0.822946  0.895516  0.061381  0.530409  0.300510  0.000000  0.335188  0.398614  0.195856  0.747225  0.201885  0.205819  0.133064  0.117942  0.126040  0.234083  0.127238  0.120329  0.304296  0.189106  0.319842  0.336646  0.161115  0.306830  0.312330  0.847139  0.220323  0.698465  0.730645  0.249388  0.842504  0.619109  0.425386  0.247697  0.466692  0.750600  0.677374  0.499212 0.0  0.425196  0.526595 
60  0.629737  0.685946  0.392396  0.786299  0.475255  0.710391  0.622374  0.802023  0.882390  0.760072  0.659092  0.694313  0.567934  0.460609  0.454679  0.885303  0.793003  0.618943  0.259873  0.561070  0.504291  0.342567  0.298293  0.493688  0.631827  0.550046  0.557889  0.696719  0.276629  0.438556  0.672866  0.412983  0.438758  0.449461  0.443826  0.618310  0.618517  0.435701  0.583608  0.584400  0.381918  0.628313  0.623492  0.515950  0.750896  0.763215  0.298825  0.804449  0.436264  0.277429  0.289784  0.352634  0.389274  0.629568  0.384749  0.842916  0.428274  0.350022  0.704557  0.425196 0.0  0.165907 
61  0.669953  0.713602  0.353997  0.812145  0.507100  0.763730  0.734359  0.913174  0.806511  0.766901  0.531822  0.757808  0.623039  0.534071  0.396539  0.915690  0.631441  0.486447  0.290731  0.597206  0.481193  0.260094  0.339185  0.475938  0.704046  0.545743  0.562078  0.784751  0.222216  0.504205  0.651814  0.430558  0.436609  0.488155  0.464639  0.549026  0.480582  0.409377  0.730671  0.669072  0.415304  0.854854  0.778401  0.356935  0.785268  0.719303  0.349218  0.668001  0.453561  0.273210  0.332693  0.275318  0.542268  0.648119  0.309838  0.791155  0.444789  0.296932  0.714076  0.526595  0.165907 0.0 
