62
0 0.0  0.202678  0.692500  0.285305  0.178519  0.329312  0.282372  0.313572  0.739988  0.236326  0.206911  0.295412  0.328848  0.284161  0.714143  0.258158  0.146219  0.301047  0.676373  0.670525  0.241296  0.659569  0.714677  0.223768  0.156978  0.260962  0.268620  0.259559  0.657977  0.306533  0.697350  0.266032  0.247487  0.229544  0.285268  0.183952  0.328055  0.303252  0.245309  0.204870  0.319619  0.310431  0.327865  0.278671  0.292020  0.194245  0.638067  0.316635  0.645277  0.785667  0.377677  0.595240  0.664504  0.312606  0.434197  0.355125  0.764259  0.701168  0.403434  0.170377  0.607014  0.701482 
1  0.202678 0.0  0.713663  0.449280  0.394600  0.383138  0.365009  0.349400  0.839914  0.371489  0.302967  0.339987  0.295898  0.408528  0.729084  0.073480  0.318817  0.242123  0.687584  0.766430  0.411864  0.945767  0.771523  0.299864  0.431714  0.526174  0.397031  0.255973  0.681938  0.448329  0.771400  0.360570  0.449352  0.505270  0.410690  0.322855  0.461279  0.492522  0.339498  0.310377  0.379965  0.405755  0.392760  0.477093  0.290539  0.333430  0.981806  0.387156  0.794056  0.728527  0.688444  0.976809  0.694389  0.388345  0.485124  0.563272  0.830335  0.756195  0.346398  0.510063  0.825490  0.743906 
2  0.692500  0.713663 0.0  0.762039  0.823987  0.818083  0.702817  0.399141  0.468267  0.871671  0.673429  0.746397  0.729469  0.736268  0.130326  0.710462  0.893365  0.807654  0.306899  0.674474  0.679676  0.321208  0.323858  0.862366  0.714538  0.717136  0.716909  0.926692  0.241944  0.753596  0.799802  0.673978  0.758541  0.751385  0.815722  0.833094  0.697499  0.679532  0.704601  0.726820  0.780048  0.709484  0.803129  0.747951  0.598111  0.844834  0.299326  0.735592  0.731767  0.194222  0.656532  0.231833  0.097445  0.736284  0.555860  0.705339  0.123451  0.267081  0.775699  0.753217  0.276677  0.302592 
3  0.285305  0.449280  0.762039 0.0  0.393297  0.153743  0.153688  0.446059  0.882378  0.094955  0.165265  0.080784  0.462069  0.382138  0.750921  0.507309  0.079247  0.438769  0.635390  0.797655  0.396669  0.627625  0.605217  0.353403  0.100053  0.516177  0.405574  0.162568  0.779601  0.349319  0.530066  0.392910  0.433709  0.372612  0.352229  0.427936  0.406373  0.367691  0.411909  0.260210  0.526217  0.175751  0.228497  0.353685  0.384674  0.144914  0.525986  0.223342  0.868729  0.672669  0.573528  0.589986  0.872780  0.151934  0.657869  0.164158  0.863875  0.744485  0.137317  0.405754  0.861090  0.754733 
4  0.178519  0.394600  0.823987  0.393297 0.0  0.381657  0.265762  0.344116  0.714908  0.376034  0.154036  0.322370  0.000000  0.203165  0.760404  0.362364  0.354674  0.030839  0.640054  0.463652  0.231586  0.850233  0.839853  0.033369  0.324789  0.182280  0.016257  0.359117  0.426787  0.000000  0.705642  0.017759  0.077988  0.034194  0.090871  0.186968  0.037073  0.122115  0.062134  0.273878  0.170107  0.442733  0.294271  0.200943  0.355442  0.321683  0.737950  0.345225  0.503319  0.626960  0.349582  0.760575  0.634405  0.256027  0.331910  0.311030  0.755952  0.779764  0.242433  0.000000  0.432973  0.533334 
5  0.329312  0.383138  0.818083  0.153743  0.381657 0.0  0.172501  0.371132  0.712051  0.026027  0.259993  0.272809  0.207519  0.468136  0.677498  0.325247  0.160521  0.319835  0.668114  0.715746  0.424852  0.630335  0.611878  0.447017  0.287699  0.468732  0.431614  0.025022  0.787321  0.510086  0.403435  0.427728  0.373201  0.597362  0.677543  0.400682  0.572110  0.507641  0.423371  0.219476  0.496134  0.122786  0.221672  0.426241  0.323564  0.000000  0.705333  0.000000  0.859018  0.670766  0.578207  0.568767  0.652800  0.265868  0.505985  0.216341  0.746433  0.642565  0.214111  0.452452  0.607187  0.779589 
6  0.282372  0.365009  0.702817  0.153688  0.265762  0.172501 0.0  0.312704  0.691178  0.100321  0.366436  0.253197  0.358225  0.437262  0.743040  0.239672  0.041040  0.386430  0.687316  0.709765  0.376867  0.601768  0.545086  0.417507  0.275655  0.524428  0.252799  0.086211  0.760678  0.420626  0.414880  0.485720  0.556500  0.481306  0.448540  0.367582  0.497576  0.390698  0.384593  0.355273  0.516117  0.135762  0.111313  0.368299  0.393352  0.124430  0.625356  0.000000  0.940540  0.779017  0.539213  0.603042  0.770911  0.227198  0.452078  0.171947  0.741013  0.724951  0.259698  0.492476  0.812196  0.707667 
7  0.313572  0.349400  0.399141  0.446059  0.344116  0.371132  0.312704 0.0  0.636094  0.389319  0.127309  0.244625  0.526333  0.369599  0.638528  0.461841  0.350964  0.438465  0.686901  0.862221  0.489564  0.701296  0.727163  0.311208  0.250562  0.273023  0.416719  0.271943  0.834951  0.325446  0.743905  0.196937  0.429696  0.353226  0.337941  0.431426  0.227840  0.379878  0.458897  0.280546  0.356739  0.220972  0.320364  0.213464  0.028706  0.453393  0.742094  0.317972  0.683007  0.722097  0.546312  0.754043  0.469473  0.337222  0.678965  0.373918  0.643818  0.571126  0.320150  0.338485  0.912573  0.819572 
8  0.739988  0.839914  0.468267  0.882378  0.714908  0.712051  0.691178  0.636094 0.0  0.751100  0.638130  0.765501  0.929702  0.828794  0.606667  0.873774  0.725078  0.868245  0.662491  0.455511  0.802920  0.741952  0.807638  0.780189  0.700105  0.688597  0.911765  0.631838  0.736640  0.714711  0.314409  0.718761  0.771827  0.610631  0.703196  0.860488  0.783525  0.763788  0.787973  0.625538  0.691656  0.761677  0.859502  0.814191  0.445135  0.781428  0.875244  0.719708  0.338207  0.645380  0.652143  0.696668  0.667738  0.671667  0.779358  0.714003  0.608239  0.450293  0.721414  0.708513  0.899028  0.914299 
9  0.236326  0.371489  0.871671  0.094955  0.376034  0.026027  0.100321  0.389319  0.751100 0.0  0.227995  0.000000  0.293336  0.352545  0.668894  0.310093  0.207953  0.265963  0.661246  0.685544  0.393595  0.639449  0.469289  0.506857  0.136770  0.366661  0.360636  0.226524  0.707142  0.290225  0.606366  0.352762  0.343238  0.435006  0.282455  0.321988  0.340057  0.385613  0.294757  0.203325  0.313848  0.133577  0.104176  0.352452  0.472298  0.141832  0.517103  0.229608  0.724058  0.636402  0.553938  0.588527  0.653740  0.137625  0.424807  0.059859  0.771080  0.881157  0.028614  0.291787  0.753521  0.736866 
10  0.206911  0.302967  0.673429  0.165265  0.154036  0.259993  0.366436  0.127309  0.638130  0.227995 0.0  0.333355  0.245790  0.300554  0.577523  0.274860  0.193505  0.148026  0.642492  0.507826  0.237818  0.788979  0.808934  0.383233  0.314979  0.293958  0.196319  0.256016  0.680636  0.380159  0.544172  0.352844  0.281722  0.356317  0.243728  0.155770  0.273913  0.386332  0.196150  0.297284  0.448410  0.293591  0.376649  0.298023  0.162723  0.125114  0.815863  0.259411  0.687416  0.601280  0.509026  0.749075  0.604319  0.277491  0.495504  0.427772  0.640208  0.585955  0.248741  0.289798  0.626771  0.485638 
11  0.295412  0.339987  0.746397  0.080784  0.322370  0.272809  0.253197  0.244625  0.765501  0.000000  0.333355 0.0  0.404250  0.387123  0.700876  0.323191  0.000000  0.333734  0.595540  0.758752  0.310050  0.448218  0.562140  0.220387  0.262617  0.400207  0.265378  0.082350  0.810542  0.416589  0.543900  0.495863  0.432683  0.498343  0.449879  0.382508  0.478464  0.479277  0.270095  0.336821  0.587181  0.106534  0.280340  0.420251  0.358811  0.151056  0.419164  0.092083  0.962390  0.720560  0.622387  0.460119  0.726094  0.141309  0.536288  0.246108  0.807737  0.700345  0.155725  0.406995  0.663522  0.754966 
12  0.328848  0.295898  0.729469  0.462069  0.000000  0.207519  0.358225  0.526333  0.929702  0.293336  0.245790  0.404250 0.0  0.075968  0.878736  0.414187  0.372406  0.280714  0.690786  0.640920  0.047885  0.700084  0.708309  0.000000  0.332820  0.029070  0.233838  0.335921  0.706203  0.039069  0.707532  0.079246  0.093766  0.128895  0.168142  0.057467  0.139200  0.065400  0.163708  0.160208  0.030651  0.327874  0.344661  0.234906  0.270522  0.338645  0.702884  0.222786  0.491197  0.657606  0.330370  0.738936  0.875900  0.296530  0.304122  0.249354  0.882462  0.767775  0.322723  0.085971  0.584484  0.619428 
13  0.284161  0.408528  0.736268  0.382138  0.203165  0.468136  0.437262  0.369599  0.828794  0.352545  0.300554  0.387123  0.075968 0.0  0.787457  0.346797  0.323107  0.097455  0.730183  0.508112  0.000000  0.721457  0.787444  0.156662  0.478835  0.166790  0.104102  0.310028  0.542827  0.212160  0.720303  0.134096  0.193410  0.167785  0.187310  0.104902  0.146457  0.251937  0.122200  0.303318  0.237850  0.405794  0.444812  0.264437  0.267286  0.267909  0.900958  0.374372  0.595868  0.699322  0.348761  0.772824  0.811855  0.470620  0.259716  0.418863  0.730903  0.790255  0.444748  0.224604  0.426066  0.455107 
14  0.714143  0.729084  0.130326  0.750921  0.760404  0.677498  0.743040  0.638528  0.606667  0.668894  0.577523  0.700876  0.878736  0.787457 0.0  0.938131  0.814436  0.960479  0.329824  0.892479  0.687883  0.311678  0.382167  0.763321  0.751521  0.777282  0.876648  0.760760  0.525417  0.768033  0.815570  0.728313  0.748983  0.606694  0.682344  0.799308  0.773691  0.735170  0.773250  0.646002  0.649394  0.765334  0.732413  0.661593  0.437711  0.774837  0.374529  0.658178  0.852594  0.135362  0.533903  0.495926  0.312927  0.791749  0.619591  0.682791  0.213253  0.099332  0.763230  0.715720  0.539587  0.474180 
15  0.258158  0.073480  0.710462  0.507309  0.362364  0.325247  0.239672  0.461841  0.873774  0.310093  0.274860  0.323191  0.414187  0.346797  0.938131 0.0  0.361858  0.484493  0.632683  0.813519  0.373651  0.665798  0.720445  0.336824  0.282491  0.258448  0.382613  0.263310  0.854196  0.270763  0.854087  0.234231  0.319160  0.214012  0.373099  0.424919  0.418903  0.290220  0.491930  0.308369  0.194464  0.320691  0.301700  0.333926  0.435064  0.241086  0.678101  0.347058  0.731850  0.731209  0.564530  0.801865  0.854788  0.374324  0.708953  0.351394  0.840467  0.751806  0.395472  0.348406  0.882011  0.809722 
16  0.146219  0.318817  0.893365  0.079247  0.354674  0.160521  0.041040  0.350964  0.725078  0.207953  0.193505  0.000000  0.372406  0.323107  0.814436  0.361858 0.0  0.284048  0.644007  0.767260  0.302979  0.537394  0.422083  0.457426  0.059106  0.307131  0.395808  0.293231  0.801118  0.276736  0.557305  0.377124  0.249594  0.490181  0.341094  0.483937  0.392236  0.219609  0.290121  0.356470  0.259062  0.032106  0.118748  0.205389  0.517492  0.299342  0.406055  0.218449  0.778383  0.674892  0.600189  0.506969  0.758237  0.057644  0.484386  0.128545  0.769122  0.987931  0.076042  0.426132  0.825431  0.642093 
17  0.301047  0.242123  0.807654  0.438769  0.030839  0.319835  0.386430  0.438465  0.868245  0.265963  0.148026  0.333734  0.280714  0.097455  0.960479  0.484493  0.284048 0.0  0.696136  0.556875  0.055548  0.813410  0.846050  0.004061  0.307123  0.070158  0.163564  0.339994  0.719649  0.115601  0.696331  0.005357  0.113870  0.041547  0.113429  0.131857  0.067741  0.078042  0.236665  0.217425  0.009152  0.350360  0.363972  0.000785  0.385832  0.290405  0.651755  0.210490  0.532158  0.750406  0.305812  0.738573  0.914018  0.285011  0.408056  0.347415  0.838749  0.773354  0.265912  0.190395  0.585613  0.668771 
18  0.676373  0.687584  0.306899  0.635390  0.640054  0.668114  0.687316  0.686901  0.662491  0.661246  0.642492  0.595540  0.690786  0.730183  0.329824  0.632683  0.644007  0.696136 0.0  0.665280  0.705662  0.270221  0.311022  0.713045  0.636096  0.734909  0.626334  0.613866  0.267509  0.661007  0.625432  0.630714  0.727801  0.652103  0.685017  0.754103  0.702453  0.727178  0.550677  0.625919  0.777908  0.699515  0.580975  0.665181  0.599693  0.725943  0.321010  0.711530  0.714925  0.222079  0.544980  0.268256  0.296039  0.676933  0.472104  0.703206  0.320046  0.277703  0.661407  0.596021  0.237249  0.234040 
19  0.670525  0.766430  0.674474  0.797655  0.463652  0.715746  0.709765  0.862221  0.455511  0.685544  0.507826  0.758752  0.640920  0.508112  0.892479  0.813519  0.767260  0.556875  0.665280 0.0  0.406690  0.737704  0.834289  0.557201  0.853291  0.526283  0.634627  0.875113  0.554985  0.556689  0.357352  0.484267  0.482376  0.465352  0.431712  0.555044  0.591462  0.532673  0.550611  0.676292  0.504354  0.752003  0.818253  0.388794  0.808124  0.747368  0.778968  0.776069  0.099683  0.609028  0.283886  0.643052  0.811967  0.744218  0.408185  0.808954  0.780347  0.634677  0.762101  0.488681  0.579997  0.693857 
20  0.241296  0.411864  0.679676  0.396669  0.231586  0.424852  0.376867  0.489564  0.802920  0.393595  0.237818  0.310050  0.047885  0.000000  0.687883  0.373651  0.302979  0.055548  0.705662  0.406690 0.0  0.737043  0.758098  0.122271  0.308132  0.123298  0.124397  0.439829  0.450233  0.195538  0.745803  0.053419  0.106183  0.018915  0.055602  0.104027  0.044471  0.091431  0.136296  0.318467  0.000000  0.537206  0.391562  0.074881  0.278489  0.381983  0.783856  0.375691  0.548915  0.764417  0.343071  0.741746  0.711142  0.341958  0.217506  0.413912  0.729617  0.859116  0.231827  0.113008  0.483492  0.551390 
21  0.659569  0.945767  0.321208  0.627625  0.850233  0.630335  0.601768  0.701296  0.741952  0.639449  0.788979  0.448218  0.700084  0.721457  0.311678  0.665798  0.537394  0.813410  0.270221  0.737704  0.737043 0.0  0.168116  0.767294  0.636852  0.785011  0.795891  0.417483  0.339502  0.894809  0.476770  0.832640  0.909984  0.936941  0.937337  0.836231  0.894762  0.830739  0.755392  0.681898  0.847184  0.540397  0.560571  0.916344  0.729791  0.460862  0.220614  0.506569  0.827151  0.255509  0.540589  0.138602  0.336392  0.652328  0.598625  0.571878  0.336881  0.332124  0.596157  0.888186  0.283465  0.301991 
22  0.714677  0.771523  0.323858  0.605217  0.839853  0.611878  0.545086  0.727163  0.807638  0.469289  0.808934  0.562140  0.708309  0.787444  0.382167  0.720445  0.422083  0.846050  0.311022  0.834289  0.758098  0.168116 0.0  0.756747  0.644837  0.771467  0.706107  0.462278  0.320102  0.883809  0.415515  0.955571  0.932433  0.819437  0.986649  0.871353  0.834494  0.945484  0.715568  0.655156  0.865905  0.578609  0.543850  0.847657  0.887937  0.450506  0.192414  0.443030  0.962373  0.273145  0.634148  0.235324  0.339579  0.637029  0.592925  0.573680  0.335120  0.347421  0.566351  0.907467  0.260510  0.311967 
23  0.223768  0.299864  0.862366  0.353403  0.033369  0.447017  0.417507  0.311208  0.780189  0.506857  0.383233  0.220387  0.000000  0.156662  0.763321  0.336824  0.457426  0.004061  0.713045  0.557201  0.122271  0.767294  0.756747 0.0  0.297659  0.222349  0.071260  0.365767  0.521115  0.072595  0.934649  0.000000  0.063225  0.061596  0.091002  0.115456  0.031290  0.000483  0.000000  0.261600  0.035742  0.225155  0.264968  0.097594  0.451384  0.497922  0.750843  0.537051  0.552844  0.636024  0.381438  0.708487  0.709517  0.223248  0.212308  0.339405  0.791815  0.814292  0.391793  0.055579  0.549538  0.545294 
24  0.156978  0.431714  0.714538  0.100053  0.324789  0.287699  0.275655  0.250562  0.700105  0.136770  0.314979  0.262617  0.332820  0.478835  0.751521  0.282491  0.059106  0.307123  0.636096  0.853291  0.308132  0.636852  0.644837  0.297659 0.0  0.502736  0.330311  0.043673  0.813218  0.421289  0.428547  0.401089  0.531572  0.415441  0.440836  0.376029  0.425863  0.546344  0.319102  0.311069  0.568109  0.005041  0.205530  0.442677  0.307294  0.205623  0.565609  0.141728  0.837531  0.663475  0.502918  0.494990  0.690253  0.231359  0.449378  0.150176  0.762553  0.761948  0.156450  0.453373  0.768185  0.748359 
25  0.260962  0.526174  0.717136  0.516177  0.182280  0.468732  0.524428  0.273023  0.688597  0.366661  0.293958  0.400207  0.029070  0.166790  0.777282  0.258448  0.307131  0.070158  0.734909  0.526283  0.123298  0.785011  0.771467  0.222349  0.502736 0.0  0.115754  0.301657  0.499875  0.222242  0.639960  0.236736  0.213043  0.186651  0.190011  0.158290  0.252280  0.236205  0.106087  0.249265  0.179576  0.380842  0.412052  0.358553  0.288038  0.319443  0.824839  0.290418  0.603206  0.716077  0.303248  0.888434  0.787192  0.440798  0.325742  0.475570  0.761312  0.838652  0.481022  0.277421  0.428734  0.639803 
26  0.268620  0.397031  0.716909  0.405574  0.016257  0.431614  0.252799  0.416719  0.911765  0.360636  0.196319  0.265378  0.233838  0.104102  0.876648  0.382613  0.395808  0.163564  0.626334  0.634627  0.124397  0.795891  0.706107  0.071260  0.330311  0.115754 0.0  0.344688  0.507848  0.148875  0.726656  0.061410  0.068329  0.000000  0.079778  0.175595  0.000000  0.042110  0.207361  0.257999  0.000000  0.326690  0.347997  0.133988  0.323640  0.336839  0.722883  0.307355  0.477441  0.614188  0.241317  0.836744  0.828620  0.413474  0.460230  0.380620  1.000000  0.812632  0.373607  0.141860  0.710985  0.519821 
27  0.259559  0.255973  0.926692  0.162568  0.359117  0.025022  0.086211  0.271943  0.631838  0.226524  0.256016  0.082350  0.335921  0.310028  0.760760  0.263310  0.293231  0.339994  0.613866  0.875113  0.439829  0.417483  0.462278  0.365767  0.043673  0.301657  0.344688 0.0  0.719505  0.348047  0.593184  0.428702  0.395437  0.450599  0.287818  0.411897  0.333681  0.304901  0.453989  0.229316  0.296248  0.055912  0.073267  0.338261  0.405653  0.186945  0.479158  0.229205  0.695709  0.670972  0.545890  0.429241  0.740712  0.038269  0.652058  0.100532  0.799022  0.862481  0.000000  0.386524  0.648804  0.780672 
28  0.657977  0.681938  0.241944  0.779601  0.426787  0.787321  0.760678  0.834951  0.736640  0.707142  0.680636  0.810542  0.706203  0.542827  0.525417  0.854196  0.801118  0.719649  0.267509  0.554985  0.450233  0.339502  0.320102  0.521115  0.813218  0.499875  0.507848  0.719505 0.0  0.576529  0.710314  0.442105  0.445072  0.481277  0.376508  0.627084  0.472077  0.501036  0.672796  0.641094  0.493124  0.634369  0.707132  0.490986  0.732697  0.734945  0.301877  0.727886  0.434949  0.256981  0.462770  0.401689  0.495094  0.735379  0.364406  0.760519  0.469117  0.311329  0.709212  0.426571  0.173682  0.127948 
29  0.306533  0.448329  0.753596  0.349319  0.000000  0.510086  0.420626  0.325446  0.714711  0.290225  0.380159  0.416589  0.039069  0.212160  0.768033  0.270763  0.276736  0.115601  0.661007  0.556689  0.195538  0.894809  0.883809  0.072595  0.421289  0.222242  0.148875  0.348047  0.576529 0.0  0.727983  0.314437  0.248088  0.221753  0.216212  0.020587  0.215518  0.203653  0.123004  0.299696  0.138556  0.344063  0.445564  0.263039  0.412063  0.294840  0.897579  0.306794  0.664880  0.651474  0.309101  0.909058  0.700563  0.350902  0.255942  0.543959  0.702866  0.719179  0.472525  0.245481  0.480527  0.462173 
30  0.697350  0.771400  0.799802  0.530066  0.705642  0.403435  0.414880  0.743905  0.314409  0.606366  0.544172  0.543900  0.707532  0.720303  0.815570  0.854087  0.557305  0.696331  0.625432  0.357352  0.745803  0.476770  0.415515  0.934649  0.428547  0.639960  0.726656  0.593184  0.710314  0.727983 0.0  0.648898  0.711134  0.656980  0.736702  0.869288  0.870758  0.747910  0.649284  0.617395  0.679159  0.490371  0.379844  0.687011  0.882012  0.552572  0.485672  0.636402  0.285229  0.778110  0.588484  0.568991  0.767170  0.414181  0.556582  0.532883  0.739805  0.848350  0.366600  0.715783  0.633776  0.671758 
31  0.266032  0.360570  0.673978  0.392910  0.017759  0.427728  0.485720  0.196937  0.718761  0.352762  0.352844  0.495863  0.079246  0.134096  0.728313  0.234231  0.377124  0.005357  0.630714  0.484267  0.053419  0.832640  0.955571  0.000000  0.401089  0.236736  0.061410  0.428702  0.442105  0.314437  0.648898 0.0  0.116266  0.210531  0.247986  0.200300  0.188347  0.206937  0.057296  0.320900  0.232026  0.216885  0.492002  0.281946  0.313800  0.289086  0.910383  0.335181  0.602122  0.632247  0.323030  0.733580  0.810288  0.441980  0.298162  0.441248  0.735873  0.780979  0.453912  0.214523  0.509809  0.440496 
32  0.247487  0.449352  0.758541  0.433709  0.077988  0.373201  0.556500  0.429696  0.771827  0.343238  0.281722  0.432683  0.093766  0.193410  0.748983  0.319160  0.249594  0.113870  0.727801  0.482376  0.106183  0.909984  0.932433  0.063225  0.531572  0.213043  0.068329  0.395437  0.445072  0.248088  0.711134  0.116266 0.0  0.234099  0.166460  0.240088  0.222201  0.225089  0.076832  0.257892  0.149718  0.225122  0.462345  0.218735  0.269742  0.358063  0.860946  0.343570  0.584436  0.679560  0.294577  0.997746  0.804959  0.422705  0.274272  0.430382  0.821566  0.748671  0.385532  0.149723  0.444386  0.419914 
33  0.229544  0.505270  0.751385  0.372612  0.034194  0.597362  0.481306  0.353226  0.610631  0.435006  0.356317  0.498343  0.128895  0.167785  0.606694  0.214012  0.490181  0.041547  0.652103  0.465352  0.018915  0.936941  0.819437  0.061596  0.415441  0.186651  0.000000  0.450599  0.481277  0.221753  0.656980  0.210531  0.234099 0.0  0.096364  0.128306  0.191080  0.203412  0.060878  0.206447  0.067714  0.251196  0.494335  0.238645  0.324039  0.336242  0.803270  0.385070  0.550644  0.693660  0.348552  0.870028  0.805501  0.386953  0.095724  0.467889  0.757864  0.698609  0.481764  0.244781  0.464474  0.452669 
34  0.285268  0.410690  0.815722  0.352229  0.090871  0.677543  0.448540  0.337941  0.703196  0.282455  0.243728  0.449879  0.168142  0.187310  0.682344  0.373099  0.341094  0.113429  0.685017  0.431712  0.055602  0.937337  0.986649  0.091002  0.440836  0.190011  0.079778  0.287818  0.376508  0.216212  0.736702  0.247986  0.166460  0.096364 0.0  0.134080  0.124083  0.121704  0.082520  0.283622  0.266288  0.340558  0.446726  0.077808  0.299943  0.256779  0.967398  0.324777  0.661979  0.630439  0.465742  0.905603  0.732349  0.406379  0.235168  0.579533  0.783028  0.678357  0.469962  0.231654  0.495816  0.482545 
35  0.183952  0.322855  0.833094  0.427936  0.186968  0.400682  0.367582  0.431426  0.860488  0.321988  0.155770  0.382508  0.057467  0.104902  0.799308  0.424919  0.483937  0.131857  0.754103  0.555044  0.104027  0.836231  0.871353  0.115456  0.376029  0.158290  0.175595  0.411897  0.627084  0.020587  0.869288  0.200300  0.240088  0.128306  0.134080 0.0  0.096040  0.104417  0.140841  0.268146  0.085063  0.536386  0.355156  0.000000  0.461663  0.422348  0.838986  0.389449  0.572438  0.812241  0.414235  0.776066  0.808558  0.297979  0.355086  0.385810  0.778862  0.817467  0.553739  0.022553  0.507080  0.444454 
36  0.328055  0.461279  0.697499  0.406373  0.037073  0.572110  0.497576  0.227840  0.783525  0.340057  0.273913  0.478464  0.139200  0.146457  0.773691  0.418903  0.392236  0.067741  0.702453  0.591462  0.044471  0.894762  0.834494  0.031290  0.425863  0.252280  0.000000  0.333681  0.472077  0.215518  0.870758  0.188347  0.222201  0.191080  0.124083  0.096040 0.0  0.264089  0.094139  0.296339  0.242789  0.411241  0.486456  0.174653  0.352189  0.271747  0.872523  0.362220  0.663707  0.622212  0.303267  0.825955  0.726221  0.451855  0.326526  0.441103  0.696528  0.793897  0.557806  0.173982  0.448602  0.449230 
37  0.303252  0.492522  0.679532  0.367691  0.122115  0.507641  0.390698  0.379878  0.763788  0.385613  0.386332  0.479277  0.065400  0.251937  0.735170  0.290220  0.219609  0.078042  0.727178  0.532673  0.091431  0.830739  0.945484  0.000483  0.546344  0.236205  0.042110  0.304901  0.501036  0.203653  0.747910  0.206937  0.225089  0.203412  0.121704  0.104417  0.264089 0.0  0.037714  0.295775  0.120917  0.300304  0.432759  0.343416  0.267546  0.396998  0.802899  0.313688  0.649850  0.665706  0.343170  0.803089  0.712503  0.493372  0.258387  0.506762  0.828162  0.788718  0.531835  0.246881  0.398045  0.338069 
38  0.245309  0.339498  0.704601  0.411909  0.062134  0.423371  0.384593  0.458897  0.787973  0.294757  0.196150  0.270095  0.163708  0.122200  0.773250  0.491930  0.290121  0.236665  0.550677  0.550611  0.136296  0.755392  0.715568  0.000000  0.319102  0.106087  0.207361  0.453989  0.672796  0.123004  0.649284  0.057296  0.076832  0.060878  0.082520  0.140841  0.094139  0.037714 0.0  0.180361  0.010713  0.346104  0.218215  0.130875  0.291638  0.282300  0.713372  0.378238  0.372649  0.716662  0.338105  0.732455  0.846028  0.330018  0.362704  0.299985  0.806248  0.782554  0.373342  0.117996  0.579533  0.625592 
39  0.204870  0.310377  0.726820  0.260210  0.273878  0.219476  0.355273  0.280546  0.625538  0.203325  0.297284  0.336821  0.160208  0.303318  0.646002  0.308369  0.356470  0.217425  0.625919  0.676292  0.318467  0.681898  0.655156  0.261600  0.311069  0.249265  0.257999  0.229316  0.641094  0.299696  0.617395  0.320900  0.257892  0.206447  0.283622  0.268146  0.296339  0.295775  0.180361 0.0  0.277510  0.231228  0.288221  0.206051  0.294486  0.316433  0.659061  0.254866  0.792269  0.656307  0.543260  0.669078  0.634878  0.237651  0.558588  0.296403  0.653793  0.672820  0.217815  0.422202  0.638875  0.593503 
40  0.319619  0.379965  0.780048  0.526217  0.170107  0.496134  0.516117  0.356739  0.691656  0.313848  0.448410  0.587181  0.030651  0.237850  0.649394  0.194464  0.259062  0.009152  0.777908  0.504354  0.000000  0.847184  0.865905  0.035742  0.568109  0.179576  0.000000  0.296248  0.493124  0.138556  0.679159  0.232026  0.149718  0.067714  0.266288  0.085063  0.242789  0.120917  0.010713  0.277510 0.0  0.427541  0.517087  0.212429  0.416901  0.271899  0.922579  0.304795  0.592558  0.614049  0.305961  0.755099  0.772915  0.449043  0.210522  0.537502  0.751850  0.711915  0.393154  0.275734  0.410413  0.476789 
41  0.310431  0.405755  0.709484  0.175751  0.442733  0.122786  0.135762  0.220972  0.761677  0.133577  0.293591  0.106534  0.327874  0.405794  0.765334  0.320691  0.032106  0.350360  0.699515  0.752003  0.537206  0.540397  0.578609  0.225155  0.005041  0.380842  0.326690  0.055912  0.634369  0.344063  0.490371  0.216885  0.225122  0.251196  0.340558  0.536386  0.411241  0.300304  0.346104  0.231228  0.427541 0.0  0.000000  0.377148  0.327570  0.091451  0.518694  0.096794  0.710391  0.720883  0.571364  0.558760  0.722680  0.105880  0.389986  0.068860  0.737154  0.729132  0.117750  0.354187  0.723107  0.836513 
42  0.327865  0.392760  0.803129  0.228497  0.294271  0.221672  0.111313  0.320364  0.859502  0.104176  0.376649  0.280340  0.344661  0.444812  0.732413  0.301700  0.118748  0.363972  0.580975  0.818253  0.391562  0.560571  0.543850  0.264968  0.205530  0.412052  0.347997  0.073267  0.707132  0.445564  0.379844  0.492002  0.462345  0.494335  0.446726  0.355156  0.486456  0.432759  0.218215  0.288221  0.517087  0.000000 0.0  0.463773  0.364360  0.065641  0.592174  0.131688  0.889215  0.713886  0.581100  0.616396  0.793395  0.119977  0.514410  0.119744  0.725978  0.790771  0.219561  0.482341  0.703518  0.834054 
43  0.278671  0.477093  0.747951  0.353685  0.200943  0.426241  0.368299  0.213464  0.814191  0.352452  0.298023  0.420251  0.234906  0.264437  0.661593  0.333926  0.205389  0.000785  0.665181  0.388794  0.074881  0.916344  0.847657  0.097594  0.442677  0.358553  0.133988  0.338261  0.490986  0.263039  0.687011  0.281946  0.218735  0.238645  0.077808  0.000000  0.174653  0.343416  0.130875  0.206051  0.212429  0.377148  0.463773 0.0  0.418230  0.301609  0.875535  0.390410  0.613237  0.648255  0.447666  0.771161  0.860672  0.514837  0.211946  0.456907  0.674962  0.738880  0.461295  0.249941  0.500878  0.479677 
44  0.292020  0.290539  0.598111  0.384674  0.355442  0.323564  0.393352  0.028706  0.445135  0.472298  0.162723  0.358811  0.270522  0.267286  0.437711  0.435064  0.517492  0.385832  0.599693  0.808124  0.278489  0.729791  0.887937  0.451384  0.307294  0.288038  0.323640  0.405653  0.732697  0.412063  0.882012  0.313800  0.269742  0.324039  0.299943  0.461663  0.352189  0.267546  0.291638  0.294486  0.416901  0.327570  0.364360  0.418230 0.0  0.448199  0.670638  0.454035  0.828004  0.607661  0.679186  0.730870  0.488097  0.368426  0.554983  0.334114  0.480470  0.587345  0.362389  0.365502  0.761112  0.755172 
45  0.194245  0.333430  0.844834  0.144914  0.321683  0.000000  0.124430  0.453393  0.781428  0.141832  0.125114  0.151056  0.338645  0.267909  0.774837  0.241086  0.299342  0.290405  0.725943  0.747368  0.381983  0.460862  0.450506  0.497922  0.205623  0.319443  0.336839  0.186945  0.734945  0.294840  0.552572  0.289086  0.358063  0.336242  0.256779  0.422348  0.271747  0.396998  0.282300  0.316433  0.271899  0.091451  0.065641  0.301609  0.448199 0.0  0.473645  0.252545  0.744876  0.721168  0.612073  0.477796  0.714407  0.118990  0.450822  0.095142  0.655622  0.846949  0.053418  0.437564  0.794412  0.704623 
46  0.638067  0.981806  0.299326  0.525986  0.737950  0.705333  0.625356  0.742094  0.875244  0.517103  0.815863  0.419164  0.702884  0.900958  0.374529  0.678101  0.406055  0.651755  0.321010  0.778968  0.783856  0.220614  0.192414  0.750843  0.565609  0.824839  0.722883  0.479158  0.301877  0.897579  0.485672  0.910383  0.860946  0.803270  0.967398  0.838986  0.872523  0.802899  0.713372  0.659061  0.922579  0.518694  0.592174  0.875535  0.670638  0.473645 0.0  0.552748  0.880170  0.142205  0.661984  0.217009  0.289449  0.595886  0.516747  0.541751  0.410624  0.316458  0.642110  0.911816  0.324327  0.351388 
47  0.316635  0.387156  0.735592  0.223342  0.345225  0.000000  0.000000  0.317972  0.719708  0.229608  0.259411  0.092083  0.222786  0.374372  0.658178  0.347058  0.218449  0.210490  0.711530  0.776069  0.375691  0.506569  0.443030  0.537051  0.141728  0.290418  0.307355  0.229205  0.727886  0.306794  0.636402  0.335181  0.343570  0.385070  0.324777  0.389449  0.362220  0.313688  0.378238  0.254866  0.304795  0.096794  0.131688  0.390410  0.454035  0.252545  0.552748 0.0  0.765098  0.706564  0.534663  0.580171  0.576030  0.112225  0.524902  0.043970  0.694816  0.823969  0.088219  0.297863  0.823632  0.698580 
48  0.645277  0.794056  0.731767  0.868729  0.503319  0.859018  0.940540  0.683007  0.338207  0.724058  0.687416  0.962390  0.491197  0.595868  0.852594  0.731850  0.778383  0.532158  0.714925  0.099683  0.548915  0.827151  0.962373  0.552844  0.837531  0.603206  0.477441  0.695709  0.434949  0.664880  0.285229  0.602122  0.584436  0.550644  0.661979  0.572438  0.663707  0.649850  0.372649  0.792269  0.592558  0.710391  0.889215  0.613237  0.828004  0.744876  0.880170  0.765098 0.0  0.627249  0.433988  0.810259  0.723234  0.875766  0.327600  0.781203  0.656620  0.675964  0.917248  0.647797  0.416168  0.473810 
49  0.785667  0.728527  0.194222  0.672669  0.626960  0.670766  0.779017  0.722097  0.645380  0.636402  0.601280  0.720560  0.657606  0.699322  0.135362  0.731209  0.674892  0.750406  0.222079  0.609028  0.764417  0.255509  0.273145  0.636024  0.663475  0.716077  0.614188  0.670972  0.256981  0.651474  0.778110  0.632247  0.679560  0.693660  0.630439  0.812241  0.622212  0.665706  0.716662  0.656307  0.614049  0.720883  0.713886  0.648255  0.607661  0.721168  0.142205  0.706564  0.627249 0.0  0.372353  0.265766  0.323668  0.644052  0.484575  0.643873  0.150695  0.294385  0.623690  0.687898  0.309028  0.285921 
50  0.377677  0.688444  0.656532  0.573528  0.349582  0.578207  0.539213  0.546312  0.652143  0.553938  0.509026  0.622387  0.330370  0.348761  0.533903  0.564530  0.600189  0.305812  0.544980  0.283886  0.343071  0.540589  0.634148  0.381438  0.502918  0.303248  0.241317  0.545890  0.462770  0.309101  0.588484  0.323030  0.294577  0.348552  0.465742  0.414235  0.303267  0.343170  0.338105  0.543260  0.305961  0.571364  0.581100  0.447666  0.679186  0.612073  0.661984  0.534663  0.433988  0.372353 0.0  0.536518  0.584846  0.545832  0.412642  0.505095  0.640606  0.590335  0.530814  0.345972  0.360756  0.218630 
51  0.595240  0.976809  0.231833  0.589986  0.760575  0.568767  0.603042  0.754043  0.696668  0.588527  0.749075  0.460119  0.738936  0.772824  0.495926  0.801865  0.506969  0.738573  0.268256  0.643052  0.741746  0.138602  0.235324  0.708487  0.494990  0.888434  0.836744  0.429241  0.401689  0.909058  0.568991  0.733580  0.997746  0.870028  0.905603  0.776066  0.825955  0.803089  0.732455  0.669078  0.755099  0.558760  0.616396  0.771161  0.730870  0.477796  0.217009  0.580171  0.810259  0.265766  0.536518 0.0  0.320185  0.523208  0.496316  0.574398  0.244095  0.350834  0.582743  0.771849  0.417518  0.366137 
52  0.664504  0.694389  0.097445  0.872780  0.634405  0.652800  0.770911  0.469473  0.667738  0.653740  0.604319  0.726094  0.875900  0.811855  0.312927  0.854788  0.758237  0.914018  0.296039  0.811967  0.711142  0.336392  0.339579  0.709517  0.690253  0.787192  0.828620  0.740712  0.495094  0.700563  0.767170  0.810288  0.804959  0.805501  0.732349  0.808558  0.726221  0.712503  0.846028  0.634878  0.772915  0.722680  0.793395  0.860672  0.488097  0.714407  0.289449  0.576030  0.723234  0.323668  0.584846  0.320185 0.0  0.734476  0.761676  0.737234  0.142691  0.086986  0.724536  0.761781  0.470891  0.554281 
53  0.312606  0.388345  0.736284  0.151934  0.256027  0.265868  0.227198  0.337222  0.671667  0.137625  0.277491  0.141309  0.296530  0.470620  0.791749  0.374324  0.057644  0.285011  0.676933  0.744218  0.341958  0.652328  0.637029  0.223248  0.231359  0.440798  0.413474  0.038269  0.735379  0.350902  0.414181  0.441980  0.422705  0.386953  0.406379  0.297979  0.451855  0.493372  0.330018  0.237651  0.449043  0.105880  0.119977  0.514837  0.368426  0.118990  0.595886  0.112225  0.875766  0.644052  0.545832  0.523208  0.734476 0.0  0.514549  0.096523  0.718661  0.624076  0.149755  0.510727  0.705616  0.645000 
54  0.434197  0.485124  0.555860  0.657869  0.331910  0.505985  0.452078  0.678965  0.779358  0.424807  0.495504  0.536288  0.304122  0.259716  0.619591  0.708953  0.484386  0.408056  0.472104  0.408185  0.217506  0.598625  0.592925  0.212308  0.449378  0.325742  0.460230  0.652058  0.364406  0.255942  0.556582  0.298162  0.274272  0.095724  0.235168  0.355086  0.326526  0.258387  0.362704  0.558588  0.210522  0.389986  0.514410  0.211946  0.554983  0.450822  0.516747  0.524902  0.327600  0.484575  0.412642  0.496316  0.761676  0.514549 0.0  0.535077  0.693021  0.537479  0.589491  0.240565  0.352186  0.431223 
55  0.355125  0.563272  0.705339  0.164158  0.311030  0.216341  0.171947  0.373918  0.714003  0.059859  0.427772  0.246108  0.249354  0.418863  0.682791  0.351394  0.128545  0.347415  0.703206  0.808954  0.413912  0.571878  0.573680  0.339405  0.150176  0.475570  0.380620  0.100532  0.760519  0.543959  0.532883  0.441248  0.430382  0.467889  0.579533  0.385810  0.441103  0.506762  0.299985  0.296403  0.537502  0.068860  0.119744  0.456907  0.334114  0.095142  0.541751  0.043970  0.781203  0.643873  0.505095  0.574398  0.737234  0.096523  0.535077 0.0  0.712913  0.737179  0.218930  0.554157  0.670126  0.727892 
56  0.764259  0.830335  0.123451  0.863875  0.755952  0.746433  0.741013  0.643818  0.608239  0.771080  0.640208  0.807737  0.882462  0.730903  0.213253  0.840467  0.769122  0.838749  0.320046  0.780347  0.729617  0.336881  0.335120  0.791815  0.762553  0.761312  1.000000  0.799022  0.469117  0.702866  0.739805  0.735873  0.821566  0.757864  0.783028  0.778862  0.696528  0.828162  0.806248  0.653793  0.751850  0.737154  0.725978  0.674962  0.480470  0.655622  0.410624  0.694816  0.656620  0.150695  0.640606  0.244095  0.142691  0.718661  0.693021  0.712913 0.0  0.075300  0.707719  0.714065  0.487623  0.560947 
57  0.701168  0.756195  0.267081  0.744485  0.779764  0.642565  0.724951  0.571126  0.450293  0.881157  0.585955  0.700345  0.767775  0.790255  0.099332  0.751806  0.987931  0.773354  0.277703  0.634677  0.859116  0.332124  0.347421  0.814292  0.761948  0.838652  0.812632  0.862481  0.311329  0.719179  0.848350  0.780979  0.748671  0.698609  0.678357  0.817467  0.793897  0.788718  0.782554  0.672820  0.711915  0.729132  0.790771  0.738880  0.587345  0.846949  0.316458  0.823969  0.675964  0.294385  0.590335  0.350834  0.086986  0.624076  0.537479  0.737179  0.075300 0.0  0.753114  0.674486  0.306441  0.403273 
58  0.403434  0.346398  0.775699  0.137317  0.242433  0.214111  0.259698  0.320150  0.721414  0.028614  0.248741  0.155725  0.322723  0.444748  0.763230  0.395472  0.076042  0.265912  0.661407  0.762101  0.231827  0.596157  0.566351  0.391793  0.156450  0.481022  0.373607  0.000000  0.709212  0.472525  0.366600  0.453912  0.385532  0.481764  0.469962  0.553739  0.557806  0.531835  0.373342  0.217815  0.393154  0.117750  0.219561  0.461295  0.362389  0.053418  0.642110  0.088219  0.917248  0.623690  0.530814  0.582743  0.724536  0.149755  0.589491  0.218930  0.707719  0.753114 0.0  0.492659  0.742289  0.695832 
59  0.170377  0.510063  0.753217  0.405754  0.000000  0.452452  0.492476  0.338485  0.708513  0.291787  0.289798  0.406995  0.085971  0.224604  0.715720  0.348406  0.426132  0.190395  0.596021  0.488681  0.113008  0.888186  0.907467  0.055579  0.453373  0.277421  0.141860  0.386524  0.426571  0.245481  0.715783  0.214523  0.149723  0.244781  0.231654  0.022553  0.173982  0.246881  0.117996  0.422202  0.275734  0.354187  0.482341  0.249941  0.365502  0.437564  0.911816  0.297863  0.647797  0.687898  0.345972  0.771849  0.761781  0.510727  0.240565  0.554157  0.714065  0.674486  0.492659 0.0  0.518684  0.438210 
60  0.607014  0.825490  0.276677  0.861090  0.432973  0.607187  0.812196  0.912573  0.899028  0.753521  0.626771  0.663522  0.584484  0.426066  0.539587  0.882011  0.825431  0.585613  0.237249  0.579997  0.483492  0.283465  0.260510  0.549538  0.768185  0.428734  0.710985  0.648804  0.173682  0.480527  0.633776  0.509809  0.444386  0.464474  0.495816  0.507080  0.448602  0.398045  0.579533  0.638875  0.410413  0.723107  0.703518  0.500878  0.761112  0.794412  0.324327  0.823632  0.416168  0.309028  0.360756  0.417518  0.470891  0.705616  0.352186  0.670126  0.487623  0.306441  0.742289  0.518684 0.0  0.262391 
61  0.701482  0.743906  0.302592  0.754733  0.533334  0.779589  0.707667  0.819572  0.914299  0.736866  0.485638  0.754966  0.619428  0.455107  0.474180  0.809722  0.642093  0.668771  0.234040  0.693857  0.551390  0.301991  0.311967  0.545294  0.748359  0.639803  0.519821  0.780672  0.127948  0.462173  0.671758  0.440496  0.419914  0.452669  0.482545  0.444454  0.449230  0.338069  0.625592  0.593503  0.476789  0.836513  0.834054  0.479677  0.755172  0.704623  0.351388  0.698580  0.473810  0.285921  0.218630  0.366137  0.554281  0.645000  0.431223  0.727892  0.560947  0.403273  0.695832  0.438210  0.262391 0.0 
