62
0 0.0  0.227845  0.694360  0.278928  0.316191  0.359871  0.232159  0.176637  0.704809  0.230249  0.223382  0.253593  0.267795  0.292267  0.718891  0.231700  0.346516  0.263353  0.776564  0.681243  0.326805  0.716943  0.648167  0.223178  0.262250  0.372079  0.273609  0.198433  0.693450  0.297182  0.663280  0.256937  0.353010  0.258394  0.265935  0.223155  0.215291  0.059458  0.215619  0.273576  0.195236  0.268846  0.237482  0.293729  0.141427  0.299254  0.646184  0.274677  0.632737  0.711970  0.460163  0.749873  0.700664  0.154779  0.429676  0.301203  0.718271  0.702172  0.227436  0.232630  0.691096  0.633445 
1  0.227845 0.0  0.659001  0.491185  0.454754  0.615569  0.562068  0.387968  0.766782  0.283413  0.268731  0.496841  0.305440  0.532115  0.816116  0.086858  0.319244  0.388730  0.683375  0.717471  0.381086  0.865360  0.737086  0.311280  0.448869  0.471173  0.341580  0.316158  0.726599  0.401599  0.723781  0.421479  0.465035  0.491751  0.462956  0.423542  0.368779  0.424260  0.300601  0.211880  0.536195  0.386291  0.514684  0.397618  0.322696  0.165848  0.899393  0.320913  0.840329  0.639586  0.644633  0.807307  0.702371  0.460807  0.481823  0.468765  0.650780  0.787516  0.524628  0.575550  0.827481  0.756985 
2  0.694360  0.659001 0.0  0.779704  0.717253  0.673684  0.738134  0.485194  0.423634  0.919862  0.671518  0.799804  0.799598  0.750612  0.021282  0.827197  0.798527  0.692259  0.276546  0.684628  0.688936  0.296400  0.296612  0.874987  0.662082  0.850208  0.784222  0.737196  0.344945  0.713822  0.869246  0.737898  0.768844  0.804469  0.724699  0.801607  0.911300  0.806180  0.856703  0.616879  0.694338  0.643364  0.893828  0.684484  0.709119  0.927426  0.273201  0.837180  0.697321  0.294586  0.665050  0.341693  0.202212  0.755097  0.518625  0.757286  0.221080  0.261414  0.821879  0.779643  0.243848  0.298227 
3  0.278928  0.491185  0.779704 0.0  0.498901  0.098696  0.102461  0.403293  0.805615  0.144006  0.250947  0.008560  0.505381  0.419774  0.772923  0.329586  0.159238  0.330930  0.665485  0.854832  0.420370  0.623027  0.566527  0.459761  0.141672  0.414896  0.435446  0.241778  0.851254  0.366629  0.556985  0.350707  0.343250  0.398699  0.487270  0.392958  0.338723  0.347527  0.497333  0.332852  0.351555  0.115631  0.191513  0.362138  0.479237  0.084450  0.560564  0.130520  0.820760  0.606737  0.584255  0.529173  0.839038  0.125159  0.562876  0.106573  0.741294  0.867136  0.181742  0.457014  0.670052  0.864657 
4  0.316191  0.454754  0.717253  0.498901 0.0  0.344053  0.308032  0.334317  0.647172  0.364245  0.199240  0.383867  0.014631  0.167408  0.726245  0.367135  0.305483  0.047316  0.717621  0.516909  0.197276  0.703925  0.693512  0.119026  0.346893  0.095478  0.000000  0.375648  0.456984  0.000000  0.746093  0.160993  0.016528  0.000000  0.103016  0.041293  0.018718  0.000000  0.142185  0.269523  0.078474  0.507563  0.277287  0.000000  0.306566  0.289348  0.698074  0.366430  0.534637  0.697050  0.447713  0.780869  0.728404  0.355471  0.243050  0.280888  0.785692  0.753240  0.429148  0.086542  0.565343  0.480925 
5  0.359871  0.615569  0.673684  0.098696  0.344053 0.0  0.144148  0.363034  0.887576  0.044717  0.496178  0.103409  0.263712  0.488413  0.831411  0.389726  0.167793  0.310411  0.723201  0.704101  0.367447  0.567041  0.579201  0.136787  0.255708  0.426580  0.370957  0.000000  0.748648  0.566663  0.418578  0.490281  0.523877  0.480238  0.450096  0.366957  0.421643  0.496174  0.236044  0.246536  0.457785  0.061791  0.240627  0.425447  0.239831  0.031259  0.587623  0.054623  0.858986  0.731225  0.564451  0.603732  0.805973  0.125170  0.491349  0.186516  0.721669  0.799649  0.109636  0.359468  0.748772  0.783612 
6  0.232159  0.562068  0.738134  0.102461  0.308032  0.144148 0.0  0.379172  0.775782  0.108980  0.344441  0.199555  0.277201  0.482222  0.696765  0.358930  0.073247  0.321903  0.602927  0.755434  0.487787  0.569480  0.646329  0.346381  0.195003  0.453320  0.311454  0.151288  0.730624  0.510596  0.521628  0.485221  0.446809  0.443261  0.479715  0.354404  0.339017  0.547096  0.397515  0.191002  0.453357  0.039175  0.209333  0.493644  0.326689  0.033994  0.576206  0.049970  0.897357  0.674360  0.676721  0.614702  0.755046  0.139201  0.576543  0.183602  0.807885  0.891512  0.252529  0.488161  0.868904  0.828725 
7  0.176637  0.387968  0.485194  0.403293  0.334317  0.363034  0.379172 0.0  0.649187  0.405148  0.238718  0.404750  0.501454  0.388290  0.584422  0.500935  0.245023  0.430987  0.627381  0.869775  0.348534  0.722471  0.693774  0.305583  0.246518  0.374241  0.498933  0.216470  0.936747  0.342059  0.811061  0.349610  0.451145  0.353201  0.301836  0.347170  0.437985  0.320809  0.396832  0.272002  0.303004  0.356339  0.262011  0.229895  0.000000  0.387394  0.815291  0.285185  0.773393  0.648215  0.676088  0.751307  0.613946  0.293789  0.616626  0.325865  0.595821  0.585819  0.314275  0.293225  0.917498  1.000000 
8  0.704809  0.766782  0.423634  0.805615  0.647172  0.887576  0.775782  0.649187 0.0  0.724861  0.593097  0.667494  0.866948  0.826604  0.560425  0.901586  0.824172  0.902271  0.630170  0.406108  0.745618  0.699485  0.762647  0.726590  0.718534  0.745267  0.867969  0.771578  0.862644  0.806225  0.371291  0.760000  0.834740  0.708121  0.677230  0.793280  0.764156  0.726737  0.953263  0.696834  0.689106  0.744520  0.759896  0.751928  0.357988  0.640176  0.758143  0.770628  0.330287  0.610615  0.595164  0.733163  0.516332  0.812590  0.748973  0.723599  0.650068  0.495700  0.790817  0.773117  0.806326  0.885103 
9  0.230249  0.283413  0.919862  0.144006  0.364245  0.044717  0.108980  0.405148  0.724861 0.0  0.156176  0.036130  0.388131  0.301723  0.892076  0.358309  0.119588  0.395793  0.628451  0.754965  0.383511  0.424797  0.515450  0.449036  0.100141  0.334798  0.240512  0.211232  0.771791  0.362317  0.557924  0.335041  0.299645  0.373519  0.311079  0.426223  0.378621  0.364475  0.368083  0.124432  0.299667  0.065133  0.000000  0.376018  0.462180  0.121510  0.585036  0.248009  0.801170  0.671947  0.518930  0.443093  0.656917  0.045313  0.555701  0.084332  0.864072  0.852196  0.116437  0.281195  0.764408  0.835129 
10  0.223382  0.268731  0.671518  0.250947  0.199240  0.496178  0.344441  0.238718  0.593097  0.156176 0.0  0.287578  0.287626  0.327653  0.493372  0.179419  0.355158  0.181054  0.665252  0.598533  0.141634  0.809365  0.830284  0.130779  0.354891  0.309070  0.165884  0.178828  0.585084  0.357154  0.607256  0.324783  0.315688  0.402568  0.286485  0.187281  0.381777  0.250906  0.055397  0.334286  0.306700  0.183113  0.404504  0.286686  0.215429  0.141011  0.763089  0.234447  0.785732  0.639062  0.490687  0.802251  0.573958  0.329447  0.363194  0.291249  0.638992  0.596643  0.364537  0.381158  0.569040  0.664288 
11  0.253593  0.496841  0.799804  0.008560  0.383867  0.103409  0.199555  0.404750  0.667494  0.036130  0.287578 0.0  0.308890  0.389476  0.692653  0.480461  0.103557  0.327239  0.633165  0.749618  0.217163  0.577285  0.650487  0.360656  0.273254  0.473312  0.434751  0.101611  0.691092  0.358810  0.496723  0.415370  0.459093  0.614584  0.390078  0.377623  0.511288  0.464698  0.258454  0.313157  0.611991  0.118958  0.203261  0.488162  0.315367  0.179245  0.586307  0.159159  0.909333  0.620181  0.607679  0.660834  0.823645  0.174384  0.611379  0.195576  0.755951  0.670573  0.209727  0.458043  0.813563  0.655386 
12  0.267795  0.305440  0.799598  0.505381  0.014631  0.263712  0.277201  0.501454  0.866948  0.388131  0.287626  0.308890 0.0  0.087497  0.865996  0.475749  0.315909  0.231888  0.734736  0.638771  0.084832  0.852704  0.748737  0.104422  0.240042  0.167940  0.000000  0.336113  0.597469  0.036018  0.787360  0.024031  0.088164  0.035819  0.085933  0.117374  0.091390  0.083173  0.234080  0.319403  0.057310  0.319591  0.267626  0.000000  0.442379  0.471022  0.771908  0.367904  0.407948  0.666020  0.309147  0.827876  0.766121  0.196465  0.409959  0.379990  0.849191  0.768387  0.351740  0.102690  0.641007  0.632600 
13  0.292267  0.532115  0.750612  0.419774  0.167408  0.488413  0.482222  0.388290  0.826604  0.301723  0.327653  0.389476  0.087497 0.0  0.730420  0.320065  0.375645  0.084920  0.743686  0.516677  0.074249  0.882739  0.888707  0.140516  0.572688  0.253854  0.007643  0.259281  0.494319  0.232656  0.780643  0.183848  0.264245  0.221814  0.137391  0.134591  0.253029  0.259702  0.000000  0.337614  0.221779  0.305329  0.281047  0.317761  0.397678  0.351830  0.811103  0.296750  0.717195  0.529956  0.316773  0.880981  0.756980  0.508386  0.259381  0.481479  0.669959  0.745903  0.423270  0.170558  0.462572  0.371693 
14  0.718891  0.816116  0.021282  0.772923  0.726245  0.831411  0.696765  0.584422  0.560425  0.892076  0.493372  0.692653  0.865996  0.730420 0.0  0.945753  0.764514  0.856011  0.292161  0.857202  0.771193  0.414139  0.296650  0.703112  0.768389  0.786251  0.855704  0.903483  0.379767  0.808968  0.800222  0.898718  0.713848  0.709828  0.892285  0.802335  0.848239  0.770592  0.755761  0.614718  0.818339  0.634619  0.821419  0.737082  0.532620  0.832148  0.297553  0.799830  0.784580  0.104074  0.691498  0.348687  0.250994  0.851895  0.683427  0.825096  0.160646  0.049593  0.729232  0.733897  0.489604  0.469145 
15  0.231700  0.086858  0.827197  0.329586  0.367135  0.389726  0.358930  0.500935  0.901586  0.358309  0.179419  0.480461  0.475749  0.320065  0.945753 0.0  0.233836  0.426658  0.784590  0.913228  0.329546  0.769925  0.739863  0.280139  0.301165  0.422912  0.479493  0.369939  0.787966  0.421818  0.723402  0.331560  0.361005  0.326090  0.343659  0.334142  0.358993  0.470476  0.559121  0.199814  0.239199  0.270897  0.424796  0.283971  0.317625  0.297179  0.852244  0.379567  0.763051  0.608710  0.680087  0.791660  0.802156  0.287020  0.480898  0.407095  0.780892  0.634818  0.267538  0.498710  0.956291  0.871355 
16  0.346516  0.319244  0.798527  0.159238  0.305483  0.167793  0.073247  0.245023  0.824172  0.119588  0.355158  0.103557  0.315909  0.375645  0.764514  0.233836 0.0  0.314590  0.601131  0.734671  0.430301  0.515131  0.509694  0.476984  0.136939  0.337032  0.357892  0.185992  0.723553  0.341383  0.656610  0.439740  0.375421  0.260227  0.442656  0.464565  0.351120  0.353907  0.348851  0.314099  0.310381  0.037494  0.160495  0.364097  0.534751  0.077429  0.343298  0.200132  0.747002  0.606825  0.539990  0.584461  0.774248  0.030517  0.507349  0.131194  0.808750  0.926216  0.020944  0.339780  0.579439  0.638614 
17  0.263353  0.388730  0.692259  0.330930  0.047316  0.310411  0.321903  0.430987  0.902271  0.395793  0.181054  0.327239  0.231888  0.084920  0.856011  0.426658  0.314590 0.0  0.766597  0.649010  0.068708  0.809062  0.794585  0.089247  0.321509  0.045351  0.178510  0.410641  0.601189  0.043152  0.728818  0.105404  0.000000  0.000000  0.171819  0.158312  0.122546  0.067245  0.134841  0.255826  0.182103  0.293670  0.318414  0.034264  0.450202  0.348504  0.745700  0.341535  0.456150  0.671773  0.397158  0.696695  0.837626  0.294590  0.523356  0.408992  0.865027  0.774568  0.225565  0.081921  0.626237  0.598858 
18  0.776564  0.683375  0.276546  0.665485  0.717621  0.723201  0.602927  0.627381  0.630170  0.628451  0.665252  0.633165  0.734736  0.743686  0.292161  0.784590  0.601131  0.766597 0.0  0.658472  0.676598  0.251765  0.387302  0.617761  0.686317  0.671810  0.698375  0.765950  0.330063  0.664803  0.600386  0.614312  0.739554  0.711452  0.677469  0.634164  0.578325  0.734492  0.711321  0.752172  0.653851  0.641532  0.657945  0.709539  0.632798  0.669087  0.373594  0.728263  0.648755  0.308124  0.539338  0.303836  0.308817  0.734210  0.536920  0.628851  0.176293  0.206341  0.753626  0.641245  0.295293  0.310344 
19  0.681243  0.717471  0.684628  0.854832  0.516909  0.704101  0.755434  0.869775  0.406108  0.754965  0.598533  0.749618  0.638771  0.516677  0.857202  0.913228  0.734671  0.649010  0.658472 0.0  0.523751  0.777261  0.723160  0.552407  0.671382  0.519795  0.531933  0.785311  0.572777  0.457359  0.295152  0.545502  0.387334  0.370361  0.511247  0.558690  0.465090  0.515908  0.653604  0.733110  0.527814  0.754952  0.804256  0.519517  0.687178  0.741690  0.741979  0.717475  0.012153  0.770844  0.337337  0.706159  0.903492  0.807391  0.373516  0.772028  0.862676  0.765765  0.702484  0.495630  0.759953  0.604707 
20  0.326805  0.381086  0.688936  0.420370  0.197276  0.367447  0.487787  0.348534  0.745618  0.383511  0.141634  0.217163  0.084832  0.074249  0.771193  0.329546  0.430301  0.068708  0.676598  0.523751 0.0  0.672336  0.829946  0.149001  0.312247  0.103775  0.152896  0.350366  0.594740  0.055604  0.692511  0.080115  0.060776  0.104724  0.065218  0.171593  0.093627  0.027071  0.107710  0.303703  0.008216  0.414802  0.379731  0.135144  0.339194  0.343959  0.678381  0.378578  0.501210  0.774572  0.404558  0.818324  0.853793  0.432469  0.336017  0.251887  0.658025  0.798159  0.451929  0.108628  0.582399  0.534108 
21  0.716943  0.865360  0.296400  0.623027  0.703925  0.567041  0.569480  0.722471  0.699485  0.424797  0.809365  0.577285  0.852704  0.882739  0.414139  0.769925  0.515131  0.809062  0.251765  0.777261  0.672336 0.0  0.267883  0.629056  0.619706  0.846009  0.692920  0.537119  0.301131  0.833760  0.540829  0.741790  0.911332  0.948825  0.955219  0.668520  0.874854  0.972809  0.824627  0.667657  0.803755  0.530805  0.534790  0.858576  0.747870  0.550518  0.148794  0.541506  0.858632  0.309940  0.610334  0.260597  0.369284  0.635877  0.433318  0.628900  0.377168  0.410832  0.721188  0.948786  0.434783  0.263923 
22  0.648167  0.737086  0.296612  0.566527  0.693512  0.579201  0.646329  0.693774  0.762647  0.515450  0.830284  0.650487  0.748737  0.888707  0.296650  0.739863  0.509694  0.794585  0.387302  0.723160  0.829946  0.267883 0.0  0.757495  0.546448  0.933376  0.762093  0.511291  0.353211  0.883442  0.504963  0.863411  0.869293  0.883679  0.813171  0.751719  0.871998  0.852653  0.749028  0.737952  0.862875  0.497680  0.653440  0.864272  0.642434  0.491203  0.352443  0.508338  0.863347  0.291384  0.630083  0.149735  0.478098  0.648296  0.561861  0.579483  0.283539  0.380407  0.620462  0.966465  0.325138  0.411329 
23  0.223178  0.311280  0.874987  0.459761  0.119026  0.136787  0.346381  0.305583  0.726590  0.449036  0.130779  0.360656  0.104422  0.140516  0.703112  0.280139  0.476984  0.089247  0.617761  0.552407  0.149001  0.629056  0.757495 0.0  0.421448  0.000000  0.049188  0.431957  0.476546  0.045119  0.919261  0.023208  0.021804  0.143366  0.131432  0.036947  0.132106  0.024498  0.062500  0.363633  0.009142  0.260378  0.253442  0.041795  0.439363  0.432584  0.853079  0.618300  0.552606  0.784017  0.355347  0.742537  0.765415  0.367171  0.376981  0.330085  0.844415  0.789050  0.329227  0.178275  0.450065  0.505841 
24  0.262250  0.448869  0.662082  0.141672  0.346893  0.255708  0.195003  0.246518  0.718534  0.100141  0.354891  0.273254  0.240042  0.572688  0.768389  0.301165  0.136939  0.321509  0.686317  0.671382  0.312247  0.619706  0.546448  0.421448 0.0  0.544197  0.254608  0.039407  0.824409  0.478692  0.417273  0.508462  0.452831  0.546771  0.470144  0.369123  0.491420  0.514959  0.359006  0.203156  0.543080  0.037943  0.234174  0.375404  0.340728  0.060607  0.557371  0.099509  0.893100  0.737903  0.568281  0.617974  0.724998  0.110064  0.510333  0.168103  0.769435  0.663196  0.137914  0.465150  0.608624  0.756882 
25  0.372079  0.471173  0.850208  0.414896  0.095478  0.426580  0.453320  0.374241  0.745267  0.334798  0.309070  0.473312  0.167940  0.253854  0.786251  0.422912  0.337032  0.045351  0.671810  0.519795  0.103775  0.846009  0.933376  0.000000  0.544197 0.0  0.104328  0.325425  0.402508  0.131701  0.809984  0.114790  0.186030  0.192881  0.219041  0.155557  0.221872  0.282375  0.021419  0.347430  0.283246  0.314949  0.436526  0.284529  0.248372  0.338527  0.955478  0.566274  0.580802  0.569709  0.291618  0.917994  0.755334  0.591420  0.199430  0.488456  0.724743  0.701967  0.497931  0.234829  0.439139  0.616862 
26  0.273609  0.341580  0.784222  0.435446  0.000000  0.370957  0.311454  0.498933  0.867969  0.240512  0.165884  0.434751  0.000000  0.007643  0.855704  0.479493  0.357892  0.178510  0.698375  0.531933  0.152896  0.692920  0.762093  0.049188  0.254608  0.104328 0.0  0.403439  0.665623  0.038218  0.728140  0.053647  0.109092  0.114804  0.000000  0.170153  0.002466  0.000000  0.202429  0.239212  0.125671  0.217945  0.288815  0.148698  0.273098  0.351156  0.780956  0.387999  0.489794  0.765626  0.247054  0.856191  0.821225  0.346308  0.470858  0.364797  0.919445  0.774636  0.221583  0.045942  0.642699  0.630803 
27  0.198433  0.316158  0.737196  0.241778  0.375648  0.000000  0.151288  0.216470  0.771578  0.211232  0.178828  0.101611  0.336113  0.259281  0.903483  0.369939  0.185992  0.410641  0.765950  0.785311  0.350366  0.537119  0.511291  0.431957  0.039407  0.325425  0.403439 0.0  0.767813  0.321944  0.672843  0.350913  0.386349  0.401855  0.306365  0.360701  0.403282  0.420282  0.342969  0.265882  0.247906  0.079265  0.043492  0.338992  0.525265  0.212319  0.579233  0.216590  0.809097  0.704005  0.659347  0.442096  0.639947  0.136369  0.493800  0.149368  0.805842  0.875407  0.041718  0.262859  0.783486  0.703806 
28  0.693450  0.726599  0.344945  0.851254  0.456984  0.748648  0.730624  0.936747  0.862644  0.771791  0.585084  0.691092  0.597469  0.494319  0.379767  0.787966  0.723553  0.601189  0.330063  0.572777  0.594740  0.301131  0.353211  0.476546  0.824409  0.402508  0.665623  0.767813 0.0  0.494729  0.834224  0.416463  0.505667  0.497503  0.533811  0.523678  0.512292  0.411033  0.677745  0.751934  0.443586  0.868483  0.748021  0.418315  0.743695  0.690742  0.374138  0.758108  0.377156  0.311568  0.384311  0.264098  0.352935  0.743148  0.458823  0.672952  0.439459  0.369757  0.795562  0.601118  0.204781  0.250559 
29  0.297182  0.401599  0.713822  0.366629  0.000000  0.566663  0.510596  0.342059  0.806225  0.362317  0.357154  0.358810  0.036018  0.232656  0.808968  0.421818  0.341383  0.043152  0.664803  0.457359  0.055604  0.833760  0.883442  0.045119  0.478692  0.131701  0.038218  0.321944  0.494729 0.0  0.719860  0.116108  0.225948  0.146079  0.199482  0.143019  0.244873  0.153122  0.120681  0.222098  0.111239  0.412967  0.393055  0.280727  0.315763  0.336078  0.904953  0.384441  0.623348  0.753018  0.308845  0.909115  0.801932  0.506647  0.302507  0.488342  0.719622  0.707697  0.477815  0.154094  0.597224  0.509904 
30  0.663280  0.723781  0.869246  0.556985  0.746093  0.418578  0.521628  0.811061  0.371291  0.557924  0.607256  0.496723  0.787360  0.780643  0.800222  0.723402  0.656610  0.728818  0.600386  0.295152  0.692511  0.540829  0.504963  0.919261  0.417273  0.809984  0.728140  0.672843  0.834224  0.719860 0.0  0.731881  0.804151  0.768688  0.794849  0.734508  0.841490  0.742251  0.736055  0.682072  0.845678  0.496278  0.453435  0.758613  0.918269  0.594224  0.363688  0.589546  0.292729  0.697986  0.636691  0.608060  0.760491  0.541436  0.606918  0.453384  0.724066  0.841171  0.550718  0.801717  0.740105  0.812940 
31  0.256937  0.421479  0.737898  0.350707  0.160993  0.490281  0.485221  0.349610  0.760000  0.335041  0.324783  0.415370  0.024031  0.183848  0.898718  0.331560  0.439740  0.105404  0.614312  0.545502  0.080115  0.741790  0.863411  0.023208  0.508462  0.114790  0.053647  0.350913  0.416463  0.116108  0.731881 0.0  0.113075  0.268087  0.266311  0.231206  0.120487  0.165490  0.121339  0.237594  0.141766  0.361586  0.365985  0.211417  0.313591  0.299040  0.854310  0.278185  0.700863  0.610209  0.466163  0.843422  0.627661  0.451154  0.192836  0.397664  0.647965  0.752967  0.512999  0.197095  0.469248  0.441808 
32  0.353010  0.465035  0.768844  0.343250  0.016528  0.523877  0.446809  0.451145  0.834740  0.299645  0.315688  0.459093  0.088164  0.264245  0.713848  0.361005  0.375421  0.000000  0.739554  0.387334  0.060776  0.911332  0.869293  0.021804  0.452831  0.186030  0.109092  0.386349  0.505667  0.225948  0.804151  0.113075 0.0  0.181174  0.251658  0.156329  0.396562  0.150238  0.084846  0.274334  0.182158  0.249992  0.390775  0.097285  0.382886  0.376653  0.780665  0.336168  0.675972  0.640806  0.370009  0.886126  0.813965  0.407158  0.316942  0.602022  0.844662  0.751329  0.419156  0.176208  0.436911  0.533938 
33  0.258394  0.491751  0.804469  0.398699  0.000000  0.480238  0.443261  0.353201  0.708121  0.373519  0.402568  0.614584  0.035819  0.221814  0.709828  0.326090  0.260227  0.000000  0.711452  0.370361  0.104724  0.948825  0.883679  0.143366  0.546771  0.192881  0.114804  0.401855  0.497503  0.146079  0.768688  0.268087  0.181174 0.0  0.327415  0.162662  0.146088  0.270820  0.081542  0.211193  0.186691  0.328127  0.365106  0.161128  0.479785  0.398719  0.979063  0.278269  0.637816  0.654526  0.300119  0.922399  0.729137  0.286992  0.227791  0.389106  0.813533  0.755021  0.413344  0.163996  0.408399  0.483248 
34  0.265935  0.462956  0.724699  0.487270  0.103016  0.450096  0.479715  0.301836  0.677230  0.311079  0.286485  0.390078  0.085933  0.137391  0.892285  0.343659  0.442656  0.171819  0.677469  0.511247  0.065218  0.955219  0.813171  0.131432  0.470144  0.219041  0.000000  0.306365  0.533811  0.199482  0.794849  0.266311  0.251658  0.327415 0.0  0.276156  0.255730  0.142622  0.014373  0.320236  0.139397  0.275228  0.445152  0.321960  0.424169  0.429552  0.834525  0.425206  0.615418  0.718080  0.313462  0.950579  0.857127  0.520042  0.369942  0.508251  0.836539  0.699321  0.395910  0.194356  0.516403  0.408660 
35  0.223155  0.423542  0.801607  0.392958  0.041293  0.366957  0.354404  0.347170  0.793280  0.426223  0.187281  0.377623  0.117374  0.134591  0.802335  0.334142  0.464565  0.158312  0.634164  0.558690  0.171593  0.668520  0.751719  0.036947  0.369123  0.155557  0.170153  0.360701  0.523678  0.143019  0.734508  0.231206  0.156329  0.162662  0.276156 0.0  0.178287  0.131629  0.143130  0.294390  0.100149  0.508062  0.388544  0.025618  0.534994  0.381576  0.860795  0.466511  0.679775  0.683827  0.334090  0.907239  0.761300  0.414172  0.339244  0.464123  0.721689  0.848097  0.375359  0.168413  0.545453  0.558751 
36  0.215291  0.368779  0.911300  0.338723  0.018718  0.421643  0.339017  0.437985  0.764156  0.378621  0.381777  0.511288  0.091390  0.253029  0.848239  0.358993  0.351120  0.122546  0.578325  0.465090  0.093627  0.874854  0.871998  0.132106  0.491420  0.221872  0.002466  0.403282  0.512292  0.244873  0.841490  0.120487  0.396562  0.146088  0.255730  0.178287 0.0  0.200550  0.036820  0.338792  0.086640  0.402694  0.478486  0.307399  0.294698  0.359558  0.899508  0.405354  0.687853  0.713066  0.332497  0.865864  0.707796  0.449558  0.381646  0.516107  0.798060  0.826530  0.517060  0.196892  0.525113  0.482577 
37  0.059458  0.424260  0.806180  0.347527  0.000000  0.496174  0.547096  0.320809  0.726737  0.364475  0.250906  0.464698  0.083173  0.259702  0.770592  0.470476  0.353907  0.067245  0.734492  0.515908  0.027071  0.972809  0.852653  0.024498  0.514959  0.282375  0.000000  0.420282  0.411033  0.153122  0.742251  0.165490  0.150238  0.270820  0.142622  0.131629  0.200550 0.0  0.042360  0.189615  0.176449  0.267515  0.460404  0.267235  0.396163  0.407497  0.999287  0.315753  0.586131  0.593542  0.391400  0.821198  0.803293  0.500934  0.336531  0.559505  0.737302  0.768472  0.470329  0.206024  0.565376  0.454616 
38  0.215619  0.300601  0.856703  0.497333  0.142185  0.236044  0.397515  0.396832  0.953263  0.368083  0.055397  0.258454  0.234080  0.000000  0.755761  0.559121  0.348851  0.134841  0.711321  0.653604  0.107710  0.824627  0.749028  0.062500  0.359006  0.021419  0.202429  0.342969  0.677745  0.120681  0.736055  0.121339  0.084846  0.081542  0.014373  0.143130  0.036820  0.042360 0.0  0.316477  0.068266  0.240338  0.436795  0.052827  0.319351  0.316635  0.835727  0.340527  0.577818  0.798259  0.280958  0.784255  0.791685  0.313613  0.472572  0.351861  0.926112  0.846827  0.359091  0.000000  0.627621  0.594613 
39  0.273576  0.211880  0.616879  0.332852  0.269523  0.246536  0.191002  0.272002  0.696834  0.124432  0.334286  0.313157  0.319403  0.337614  0.614718  0.199814  0.314099  0.255826  0.752172  0.733110  0.303703  0.667657  0.737952  0.363633  0.203156  0.347430  0.239212  0.265882  0.751934  0.222098  0.682072  0.237594  0.274334  0.211193  0.320236  0.294390  0.338792  0.189615  0.316477 0.0  0.232646  0.289559  0.274578  0.222701  0.286409  0.261460  0.708246  0.223173  0.723736  0.792831  0.506637  0.629520  0.733013  0.271564  0.439085  0.404929  0.697300  0.703102  0.267704  0.349764  0.591543  0.673887 
40  0.195236  0.536195  0.694338  0.351555  0.078474  0.457785  0.453357  0.303004  0.689106  0.299667  0.306700  0.611991  0.057310  0.221779  0.818339  0.239199  0.310381  0.182103  0.653851  0.527814  0.008216  0.803755  0.862875  0.009142  0.543080  0.283246  0.125671  0.247906  0.443586  0.111239  0.845678  0.141766  0.182158  0.186691  0.139397  0.100149  0.086640  0.176449  0.068266  0.232646 0.0  0.369171  0.539494  0.189621  0.358192  0.352953  0.820580  0.304091  0.571123  0.690146  0.296800  0.936978  0.812966  0.407035  0.183286  0.462420  0.803035  0.726274  0.543390  0.170928  0.475066  0.389601 
41  0.268846  0.386291  0.643364  0.115631  0.507563  0.061791  0.039175  0.356339  0.744520  0.065133  0.183113  0.118958  0.319591  0.305329  0.634619  0.270897  0.037494  0.293670  0.641532  0.754952  0.414802  0.530805  0.497680  0.260378  0.037943  0.314949  0.217945  0.079265  0.868483  0.412967  0.496278  0.361586  0.249992  0.328127  0.275228  0.508062  0.402694  0.267515  0.240338  0.289559  0.369171 0.0  0.013818  0.401465  0.323695  0.120672  0.450871  0.024955  0.784165  0.746363  0.695322  0.372379  0.753177  0.168564  0.564802  0.168711  0.788964  0.795425  0.190989  0.330100  0.768003  0.781709 
42  0.237482  0.514684  0.893828  0.191513  0.277287  0.240627  0.209333  0.262011  0.759896  0.000000  0.404504  0.203261  0.267626  0.281047  0.821419  0.424796  0.160495  0.318414  0.657945  0.804256  0.379731  0.534790  0.653440  0.253442  0.234174  0.436526  0.288815  0.043492  0.748021  0.393055  0.453435  0.365985  0.390775  0.365106  0.445152  0.388544  0.478486  0.460404  0.436795  0.274578  0.539494  0.013818 0.0  0.459084  0.230346  0.027546  0.520774  0.000000  0.925232  0.702348  0.715389  0.596957  0.793191  0.270177  0.529174  0.162220  0.816518  0.733822  0.198589  0.460840  0.674508  0.697533 
43  0.293729  0.397618  0.684484  0.362138  0.000000  0.425447  0.493644  0.229895  0.751928  0.376018  0.286686  0.488162  0.000000  0.317761  0.737082  0.283971  0.364097  0.034264  0.709539  0.519517  0.135144  0.858576  0.864272  0.041795  0.375404  0.284529  0.148698  0.338992  0.418315  0.280727  0.758613  0.211417  0.097285  0.161128  0.321960  0.025618  0.307399  0.267235  0.052827  0.222701  0.189621  0.401465  0.459084 0.0  0.240909  0.347589  0.884306  0.381494  0.664260  0.610978  0.393035  0.915021  0.711870  0.475685  0.249816  0.408200  0.717933  0.715624  0.510540  0.266426  0.373356  0.506045 
44  0.141427  0.322696  0.709119  0.479237  0.306566  0.239831  0.326689  0.000000  0.357988  0.462180  0.215429  0.315367  0.442379  0.397678  0.532620  0.317625  0.534751  0.450202  0.632798  0.687178  0.339194  0.747870  0.642434  0.439363  0.340728  0.248372  0.273098  0.525265  0.743695  0.315763  0.918269  0.313591  0.382886  0.479785  0.424169  0.534994  0.294698  0.396163  0.319351  0.286409  0.358192  0.323695  0.230346  0.240909 0.0  0.501026  0.713478  0.391527  0.772441  0.683631  0.677602  0.793779  0.498967  0.354449  0.536881  0.377724  0.511127  0.622259  0.338825  0.223939  0.734038  0.802359 
45  0.299254  0.165848  0.927426  0.084450  0.289348  0.031259  0.033994  0.387394  0.640176  0.121510  0.141011  0.179245  0.471022  0.351830  0.832148  0.297179  0.077429  0.348504  0.669087  0.741690  0.343959  0.550518  0.491203  0.432584  0.060607  0.338527  0.351156  0.212319  0.690742  0.336078  0.594224  0.299040  0.376653  0.398719  0.429552  0.381576  0.359558  0.407497  0.316635  0.261460  0.352953  0.120672  0.027546  0.347589  0.501026 0.0  0.418305  0.187328  0.707191  0.751729  0.578762  0.521340  0.711067  0.134739  0.443228  0.077647  0.782620  0.938953  0.000000  0.326542  0.766342  0.771361 
46  0.646184  0.899393  0.273201  0.560564  0.698074  0.587623  0.576206  0.815291  0.758143  0.585036  0.763089  0.586307  0.771908  0.811103  0.297553  0.852244  0.343298  0.745700  0.373594  0.741979  0.678381  0.148794  0.352443  0.853079  0.557371  0.955478  0.780956  0.579233  0.374138  0.904953  0.363688  0.854310  0.780665  0.979063  0.834525  0.860795  0.899508  0.999287  0.835727  0.708246  0.820580  0.450871  0.520774  0.884306  0.713478  0.418305 0.0  0.488516  0.843856  0.295945  0.689099  0.136965  0.303818  0.621012  0.578981  0.725022  0.293663  0.388387  0.584867  0.815555  0.264542  0.356656 
47  0.274677  0.320913  0.837180  0.130520  0.366430  0.054623  0.049970  0.285185  0.770628  0.248009  0.234447  0.159159  0.367904  0.296750  0.799830  0.379567  0.200132  0.341535  0.728263  0.717475  0.378578  0.541506  0.508338  0.618300  0.099509  0.566274  0.387999  0.216590  0.758108  0.384441  0.589546  0.278185  0.336168  0.278269  0.425206  0.466511  0.405354  0.315753  0.340527  0.223173  0.304091  0.024955  0.000000  0.381494  0.391527  0.187328  0.488516 0.0  0.783739  0.678827  0.709555  0.461001  0.807320  0.062690  0.505085  0.066501  0.717340  0.942930  0.173817  0.346303  0.769809  0.771506 
48  0.632737  0.840329  0.697321  0.820760  0.534637  0.858986  0.897357  0.773393  0.330287  0.801170  0.785732  0.909333  0.407948  0.717195  0.784580  0.763051  0.747002  0.456150  0.648755  0.012153  0.501210  0.858632  0.863347  0.552606  0.893100  0.580802  0.489794  0.809097  0.377156  0.623348  0.292729  0.700863  0.675972  0.637816  0.615418  0.679775  0.687853  0.586131  0.577818  0.723736  0.571123  0.784165  0.925232  0.664260  0.772441  0.707191  0.843856  0.783739 0.0  0.628982  0.385901  0.870154  0.691306  0.820034  0.314034  0.890919  0.860143  0.877680  0.911153  0.607273  0.582964  0.425617 
49  0.711970  0.639586  0.294586  0.606737  0.697050  0.731225  0.674360  0.648215  0.610615  0.671947  0.639062  0.620181  0.666020  0.529956  0.104074  0.608710  0.606825  0.671773  0.308124  0.770844  0.774572  0.309940  0.291384  0.784017  0.737903  0.569709  0.765626  0.704005  0.311568  0.753018  0.697986  0.610209  0.640806  0.654526  0.718080  0.683827  0.713066  0.593542  0.798259  0.792831  0.690146  0.746363  0.702348  0.610978  0.683631  0.751729  0.295945  0.678827  0.628982 0.0  0.486224  0.249033  0.325484  0.652007  0.519711  0.604446  0.227973  0.297262  0.661474  0.721738  0.337717  0.263703 
50  0.460163  0.644633  0.665050  0.584255  0.447713  0.564451  0.676721  0.676088  0.595164  0.518930  0.490687  0.607679  0.309147  0.316773  0.691498  0.680087  0.539990  0.397158  0.539338  0.337337  0.404558  0.610334  0.630083  0.355347  0.568281  0.291618  0.247054  0.659347  0.384311  0.308845  0.636691  0.466163  0.370009  0.300119  0.313462  0.334090  0.332497  0.391400  0.280958  0.506637  0.296800  0.695322  0.715389  0.393035  0.677602  0.578762  0.689099  0.709555  0.385901  0.486224 0.0  0.638930  0.681884  0.614553  0.380380  0.513084  0.614595  0.650960  0.639992  0.373945  0.350087  0.245676 
51  0.749873  0.807307  0.341693  0.529173  0.780869  0.603732  0.614702  0.751307  0.733163  0.443093  0.802251  0.660834  0.827876  0.880981  0.348687  0.791660  0.584461  0.696695  0.303836  0.706159  0.818324  0.260597  0.149735  0.742537  0.617974  0.917994  0.856191  0.442096  0.264098  0.909115  0.608060  0.843422  0.886126  0.922399  0.950579  0.907239  0.865864  0.821198  0.784255  0.629520  0.936978  0.372379  0.596957  0.915021  0.793779  0.521340  0.136965  0.461001  0.870154  0.249033  0.638930 0.0  0.294959  0.623446  0.575970  0.604585  0.401968  0.344601  0.642861  0.943492  0.330750  0.336435 
52  0.700664  0.702371  0.202212  0.839038  0.728404  0.805973  0.755046  0.613946  0.516332  0.656917  0.573958  0.823645  0.766121  0.756980  0.250994  0.802156  0.774248  0.837626  0.308817  0.903492  0.853793  0.369284  0.478098  0.765415  0.724998  0.755334  0.821225  0.639947  0.352935  0.801932  0.760491  0.627661  0.813965  0.729137  0.857127  0.761300  0.707796  0.803293  0.791685  0.733013  0.812966  0.753177  0.793191  0.711870  0.498967  0.711067  0.303818  0.807320  0.691306  0.325484  0.681884  0.294959 0.0  0.839136  0.675812  0.870769  0.210054  0.132757  0.832690  0.815389  0.399184  0.479093 
53  0.154779  0.460807  0.755097  0.125159  0.355471  0.125170  0.139201  0.293789  0.812590  0.045313  0.329447  0.174384  0.196465  0.508386  0.851895  0.287020  0.030517  0.294590  0.734210  0.807391  0.432469  0.635877  0.648296  0.367171  0.110064  0.591420  0.346308  0.136369  0.743148  0.506647  0.541436  0.451154  0.407158  0.286992  0.520042  0.414172  0.449558  0.500934  0.313613  0.271564  0.407035  0.168564  0.270177  0.475685  0.354449  0.134739  0.621012  0.062690  0.820034  0.652007  0.614553  0.623446  0.839136 0.0  0.662746  0.181574  0.647455  0.701666  0.210716  0.431078  0.526198  0.747943 
54  0.429676  0.481823  0.518625  0.562876  0.243050  0.491349  0.576543  0.616626  0.748973  0.555701  0.363194  0.611379  0.409959  0.259381  0.683427  0.480898  0.507349  0.523356  0.536920  0.373516  0.336017  0.433318  0.561861  0.376981  0.510333  0.199430  0.470858  0.493800  0.458823  0.302507  0.606918  0.192836  0.316942  0.227791  0.369942  0.339244  0.381646  0.336531  0.472572  0.439085  0.183286  0.564802  0.529174  0.249816  0.536881  0.443228  0.578981  0.505085  0.314034  0.519711  0.380380  0.575970  0.675812  0.662746 0.0  0.530536  0.662080  0.585277  0.581368  0.328988  0.408506  0.465049 
55  0.301203  0.468765  0.757286  0.106573  0.280888  0.186516  0.183602  0.325865  0.723599  0.084332  0.291249  0.195576  0.379990  0.481479  0.825096  0.407095  0.131194  0.408992  0.628851  0.772028  0.251887  0.628900  0.579483  0.330085  0.168103  0.488456  0.364797  0.149368  0.672952  0.488342  0.453384  0.397664  0.602022  0.389106  0.508251  0.464123  0.516107  0.559505  0.351861  0.404929  0.462420  0.168711  0.162220  0.408200  0.377724  0.077647  0.725022  0.066501  0.890919  0.604446  0.513084  0.604585  0.870769  0.181574  0.530536 0.0  0.746937  0.705701  0.214346  0.540277  0.766043  0.634777 
56  0.718271  0.650780  0.221080  0.741294  0.785692  0.721669  0.807885  0.595821  0.650068  0.864072  0.638992  0.755951  0.849191  0.669959  0.160646  0.780892  0.808750  0.865027  0.176293  0.862676  0.658025  0.377168  0.283539  0.844415  0.769435  0.724743  0.919445  0.805842  0.439459  0.719622  0.724066  0.647965  0.844662  0.813533  0.836539  0.721689  0.798060  0.737302  0.926112  0.697300  0.803035  0.788964  0.816518  0.717933  0.511127  0.782620  0.293663  0.717340  0.860143  0.227973  0.614595  0.401968  0.210054  0.647455  0.662080  0.746937 0.0  0.126569  0.788620  0.743305  0.399444  0.454476 
57  0.702172  0.787516  0.261414  0.867136  0.753240  0.799649  0.891512  0.585819  0.495700  0.852196  0.596643  0.670573  0.768387  0.745903  0.049593  0.634818  0.926216  0.774568  0.206341  0.765765  0.798159  0.410832  0.380407  0.789050  0.663196  0.701967  0.774636  0.875407  0.369757  0.707697  0.841171  0.752967  0.751329  0.755021  0.699321  0.848097  0.826530  0.768472  0.846827  0.703102  0.726274  0.795425  0.733822  0.715624  0.622259  0.938953  0.388387  0.942930  0.877680  0.297262  0.650960  0.344601  0.132757  0.701666  0.585277  0.705701  0.126569 0.0  0.872280  0.854412  0.395740  0.291049 
58  0.227436  0.524628  0.821879  0.181742  0.429148  0.109636  0.252529  0.314275  0.790817  0.116437  0.364537  0.209727  0.351740  0.423270  0.729232  0.267538  0.020944  0.225565  0.753626  0.702484  0.451929  0.721188  0.620462  0.329227  0.137914  0.497931  0.221583  0.041718  0.795562  0.477815  0.550718  0.512999  0.419156  0.413344  0.395910  0.375359  0.517060  0.470329  0.359091  0.267704  0.543390  0.190989  0.198589  0.510540  0.338825  0.000000  0.584867  0.173817  0.911153  0.661474  0.639992  0.642861  0.832690  0.210716  0.581368  0.214346  0.788620  0.872280 0.0  0.410660  0.759069  0.786753 
59  0.232630  0.575550  0.779643  0.457014  0.086542  0.359468  0.488161  0.293225  0.773117  0.281195  0.381158  0.458043  0.102690  0.170558  0.733897  0.498710  0.339780  0.081921  0.641245  0.495630  0.108628  0.948786  0.966465  0.178275  0.465150  0.234829  0.045942  0.262859  0.601118  0.154094  0.801717  0.197095  0.176208  0.163996  0.194356  0.168413  0.196892  0.206024  0.000000  0.349764  0.170928  0.330100  0.460840  0.266426  0.223939  0.326542  0.815555  0.346303  0.607273  0.721738  0.373945  0.943492  0.815389  0.431078  0.328988  0.540277  0.743305  0.854412  0.410660 0.0  0.513942  0.471932 
60  0.691096  0.827481  0.243848  0.670052  0.565343  0.748772  0.868904  0.917498  0.806326  0.764408  0.569040  0.813563  0.641007  0.462572  0.489604  0.956291  0.579439  0.626237  0.295293  0.759953  0.582399  0.434783  0.325138  0.450065  0.608624  0.439139  0.642699  0.783486  0.204781  0.597224  0.740105  0.469248  0.436911  0.408399  0.516403  0.545453  0.525113  0.565376  0.627621  0.591543  0.475066  0.768003  0.674508  0.373356  0.734038  0.766342  0.264542  0.769809  0.582964  0.337717  0.350087  0.330750  0.399184  0.526198  0.408506  0.766043  0.399444  0.395740  0.759069  0.513942 0.0  0.310340 
61  0.633445  0.756985  0.298227  0.864657  0.480925  0.783612  0.828725  1.000000  0.885103  0.835129  0.664288  0.655386  0.632600  0.371693  0.469145  0.871355  0.638614  0.598858  0.310344  0.604707  0.534108  0.263923  0.411329  0.505841  0.756882  0.616862  0.630803  0.703806  0.250559  0.509904  0.812940  0.441808  0.533938  0.483248  0.408660  0.558751  0.482577  0.454616  0.594613  0.673887  0.389601  0.781709  0.697533  0.506045  0.802359  0.771361  0.356656  0.771506  0.425617  0.263703  0.245676  0.336435  0.479093  0.747943  0.465049  0.634777  0.454476  0.291049  0.786753  0.471932  0.310340 0.0 
