62
0 0.0  0.291918  0.608220  0.201036  0.335967  0.319273  0.283683  0.178349  0.811038  0.248405  0.204180  0.316982  0.324700  0.246433  0.760291  0.258307  0.313539  0.337469  0.562192  0.644171  0.163451  0.703668  0.662647  0.236298  0.281549  0.216739  0.252917  0.264735  0.707593  0.399246  0.697068  0.311943  0.359205  0.266783  0.229622  0.223839  0.247091  0.261117  0.474915  0.343428  0.285982  0.216728  0.308666  0.320204  0.231107  0.316265  0.662601  0.339307  0.661443  0.622405  0.517038  0.796083  0.714004  0.248940  0.360041  0.302386  0.698123  0.653286  0.288680  0.252435  0.665124  0.629550 
1  0.291918 0.0  0.828279  0.261155  0.325975  0.465422  0.503796  0.337054  0.673437  0.250203  0.488663  0.384301  0.295905  0.487371  0.650403  0.201838  0.386097  0.389233  0.686776  0.774292  0.324468  0.905695  0.767773  0.380503  0.510526  0.431553  0.490172  0.307157  0.849285  0.484219  0.693347  0.494752  0.480262  0.515615  0.481746  0.350958  0.488258  0.529807  0.269363  0.327589  0.511165  0.331302  0.474943  0.419889  0.364578  0.342969  0.950088  0.277854  0.929439  0.629235  0.658691  0.821598  0.779324  0.428078  0.435938  0.565669  0.733269  0.653971  0.423715  0.379588  0.797187  0.724607 
2  0.608220  0.828279 0.0  0.912177  0.733805  0.719143  0.729750  0.483050  0.391394  0.912832  0.585141  0.756068  0.795671  0.795651  0.044001  0.756603  0.849201  0.729121  0.394201  0.757023  0.799779  0.328984  0.393494  0.882984  0.814190  0.808900  0.690906  0.885407  0.342495  0.735239  0.851871  0.705772  0.762841  0.727266  0.656238  0.753624  0.710623  0.660809  0.636809  0.666998  0.719947  0.604845  0.796976  0.621719  0.709536  0.884479  0.272909  0.928367  0.696840  0.234812  0.622308  0.299718  0.024162  0.740557  0.503496  0.725844  0.000000  0.180092  0.710844  0.701911  0.278778  0.307741 
3  0.201036  0.261155  0.912177 0.0  0.497593  0.266746  0.128425  0.402989  0.680752  0.186088  0.258119  0.156843  0.349849  0.450382  0.784245  0.410323  0.110159  0.416721  0.655774  0.807602  0.526158  0.560572  0.559890  0.366919  0.119238  0.391608  0.441937  0.196742  0.944007  0.384381  0.549282  0.411670  0.424485  0.447498  0.527463  0.396318  0.409860  0.465794  0.422623  0.298904  0.397975  0.152588  0.159090  0.460846  0.424015  0.058392  0.614849  0.249358  0.827303  0.722766  0.563129  0.450725  0.756619  0.141688  0.647189  0.109823  0.791688  0.826893  0.115389  0.400542  0.722188  0.725460 
4  0.335967  0.325975  0.733805  0.497593 0.0  0.323894  0.336290  0.300412  0.690256  0.321722  0.243670  0.443788  0.096990  0.186610  0.676179  0.306491  0.381464  0.000000  0.746415  0.487990  0.331551  0.716779  0.780402  0.012467  0.390144  0.119169  0.108188  0.361729  0.479003  0.145310  0.670787  0.113385  0.112199  0.168723  0.000000  0.189406  0.017755  0.056679  0.069140  0.257287  0.064690  0.525466  0.323153  0.072075  0.349471  0.329898  0.761967  0.301202  0.484215  0.654276  0.295639  0.743688  0.695215  0.332117  0.245792  0.392406  0.613885  0.741837  0.429587  0.007922  0.444449  0.567080 
5  0.319273  0.465422  0.719143  0.266746  0.323894 0.0  0.239902  0.307668  0.765609  0.000000  0.373212  0.184482  0.363481  0.583914  0.660143  0.346833  0.005147  0.309248  0.744335  0.692000  0.384926  0.655254  0.649485  0.446801  0.216976  0.446131  0.275807  0.168316  0.699476  0.445862  0.512722  0.485523  0.411251  0.469768  0.479596  0.401155  0.537984  0.444502  0.418220  0.371727  0.465526  0.026787  0.195877  0.454949  0.207886  0.165354  0.585795  0.013233  0.855930  0.630204  0.716235  0.614839  0.740856  0.221741  0.452949  0.236922  0.679986  0.779353  0.318060  0.379365  0.833885  0.729461 
6  0.283683  0.503796  0.729750  0.128425  0.336290  0.239902 0.0  0.444525  0.817426  0.081469  0.316100  0.226536  0.364698  0.390672  0.709497  0.199025  0.000000  0.284449  0.715102  0.755061  0.217745  0.562342  0.617887  0.398734  0.265473  0.506034  0.313704  0.031146  0.755825  0.451418  0.439239  0.472119  0.498961  0.471493  0.535651  0.260583  0.459380  0.451697  0.271789  0.367742  0.544688  0.083816  0.364931  0.505672  0.340711  0.130264  0.651025  0.074227  0.885617  0.546977  0.600302  0.528445  0.746400  0.186601  0.527701  0.141781  0.746090  0.827300  0.176843  0.435690  0.703729  0.704658 
7  0.178349  0.337054  0.483050  0.402989  0.300412  0.307668  0.444525 0.0  0.607483  0.370066  0.152608  0.327235  0.428291  0.348366  0.569746  0.498577  0.335551  0.478833  0.582522  0.910717  0.254998  0.774356  0.679725  0.457698  0.355039  0.416276  0.408207  0.369178  0.995212  0.428563  0.676409  0.404756  0.448977  0.419174  0.347514  0.422325  0.389246  0.311883  0.411366  0.360709  0.296207  0.363806  0.375510  0.209665  0.011374  0.400547  0.629241  0.376333  0.888247  0.731664  0.563501  0.729352  0.641680  0.317142  0.757951  0.396316  0.642128  0.476132  0.478807  0.424823  0.885854  0.854706 
8  0.811038  0.673437  0.391394  0.680752  0.690256  0.765609  0.817426  0.607483 0.0  0.676724  0.608919  0.721530  0.865578  0.759667  0.703981  0.868112  0.807822  0.945894  0.721055  0.479354  0.729752  0.834286  0.692975  0.644618  0.697303  0.730450  0.944845  0.721180  0.991494  0.747042  0.319913  0.779118  0.827897  0.789231  0.834765  0.816599  0.838460  0.859104  0.890131  0.665722  0.802281  0.571552  0.694734  0.766372  0.434602  0.801176  0.743473  0.738062  0.359772  0.708884  0.635934  0.835480  0.584380  0.650807  0.624587  0.693158  0.565640  0.609276  0.738937  0.694902  0.813047  0.880325 
9  0.248405  0.250203  0.912832  0.186088  0.321722  0.000000  0.081469  0.370066  0.676724 0.0  0.255843  0.048193  0.388842  0.407704  0.762873  0.406990  0.228535  0.332974  0.689960  0.787649  0.409826  0.475057  0.503919  0.462386  0.064985  0.336365  0.376148  0.252962  0.830363  0.330200  0.597517  0.434785  0.227779  0.275249  0.437528  0.307619  0.319464  0.259093  0.330070  0.306025  0.332836  0.012498  0.144780  0.312548  0.441708  0.087385  0.465884  0.159348  0.756464  0.629032  0.676944  0.492141  0.610267  0.158898  0.500760  0.109962  0.867321  0.784486  0.006538  0.368863  0.832944  0.689574 
10  0.204180  0.488663  0.585141  0.258119  0.243670  0.373212  0.316100  0.152608  0.608919  0.255843 0.0  0.388473  0.237116  0.354800  0.711088  0.161210  0.261045  0.207171  0.634305  0.580840  0.170617  0.736427  0.719224  0.212452  0.285399  0.273177  0.148493  0.218049  0.679406  0.257120  0.572889  0.402619  0.338213  0.365843  0.368528  0.359372  0.374339  0.321421  0.098438  0.249275  0.347761  0.284812  0.310151  0.267575  0.206396  0.212813  0.751208  0.185010  0.713906  0.695553  0.492042  0.724998  0.661282  0.359092  0.465210  0.317564  0.633625  0.509920  0.343709  0.357008  0.649268  0.581887 
11  0.316982  0.384301  0.756068  0.156843  0.443788  0.184482  0.226536  0.327235  0.721530  0.048193  0.388473 0.0  0.299056  0.536400  0.787432  0.472912  0.145297  0.372228  0.705794  0.756821  0.368321  0.687302  0.571919  0.404422  0.187385  0.512142  0.324664  0.140072  0.719712  0.445091  0.517229  0.493798  0.530064  0.435341  0.478749  0.422922  0.500821  0.404920  0.303859  0.378420  0.557532  0.000000  0.154887  0.395369  0.296833  0.183314  0.686688  0.169354  0.793351  0.708885  0.642746  0.639466  0.807466  0.222278  0.491061  0.081681  0.761129  0.684401  0.183077  0.417669  0.728812  0.719941 
12  0.324700  0.295905  0.795671  0.349849  0.096990  0.363481  0.364698  0.428291  0.865578  0.388842  0.237116  0.299056 0.0  0.014151  0.910610  0.488283  0.365454  0.182400  0.705012  0.682648  0.147627  0.778566  0.646251  0.000000  0.276161  0.142367  0.232957  0.283720  0.652790  0.057947  0.807967  0.117992  0.059287  0.090308  0.072831  0.048807  0.070422  0.147194  0.162596  0.230770  0.005490  0.273050  0.391956  0.124224  0.243095  0.442319  0.840387  0.272683  0.524206  0.608282  0.409706  0.909745  0.963318  0.270693  0.405728  0.307520  0.881174  0.748266  0.300159  0.084519  0.586235  0.565749 
13  0.246433  0.487371  0.795651  0.450382  0.186610  0.583914  0.390672  0.348366  0.759667  0.407704  0.354800  0.536400  0.014151 0.0  0.787500  0.326429  0.302315  0.074058  0.716842  0.492774  0.226350  0.920852  0.901892  0.000000  0.365330  0.241331  0.061319  0.283201  0.486030  0.285099  0.784012  0.155220  0.252161  0.212337  0.241167  0.116115  0.159093  0.274552  0.165116  0.314100  0.351814  0.279699  0.394947  0.137537  0.281591  0.434428  0.814573  0.387503  0.658465  0.708464  0.419018  1.000000  0.810958  0.524598  0.320516  0.471933  0.656341  0.857054  0.469031  0.154748  0.408795  0.559059 
14  0.760291  0.650403  0.044001  0.784245  0.676179  0.660143  0.709497  0.569746  0.703981  0.762873  0.711088  0.787432  0.910610  0.787500 0.0  0.893863  0.692538  0.879499  0.392219  0.920138  0.728073  0.373571  0.390097  0.900795  0.758115  0.760430  0.895945  0.794567  0.456577  0.638319  0.691887  0.633766  0.785089  0.637751  0.709460  0.749925  0.743472  0.743131  0.964182  0.799445  0.777906  0.789862  0.824977  0.841760  0.468612  0.612093  0.336363  0.805355  0.701884  0.253330  0.502755  0.343337  0.096940  0.894379  0.637620  0.727379  0.349980  0.014792  0.725184  0.720883  0.519856  0.578025 
15  0.258307  0.201838  0.756603  0.410323  0.306491  0.346833  0.199025  0.498577  0.868112  0.406990  0.161210  0.472912  0.488283  0.326429  0.893863 0.0  0.292268  0.506192  0.617427  0.930320  0.403058  0.789749  0.711690  0.397283  0.264308  0.254325  0.422381  0.354227  0.798172  0.365336  0.639444  0.288478  0.366111  0.516335  0.198750  0.436777  0.349063  0.300598  0.512571  0.368787  0.369107  0.263408  0.360124  0.396029  0.229167  0.274343  0.757319  0.351250  0.654341  0.655088  0.610347  0.730875  0.832746  0.415791  0.624555  0.321366  0.910014  0.743625  0.351296  0.428394  0.902483  0.940093 
16  0.313539  0.386097  0.849201  0.110159  0.381464  0.005147  0.000000  0.335551  0.807822  0.228535  0.261045  0.145297  0.365454  0.302315  0.692538  0.292268 0.0  0.326915  0.626635  0.754080  0.298375  0.443868  0.447710  0.429144  0.051255  0.280002  0.361243  0.171865  0.749337  0.374003  0.673800  0.373722  0.257119  0.277318  0.308960  0.348461  0.262755  0.298451  0.299044  0.216772  0.348287  0.027294  0.019759  0.334056  0.527860  0.208682  0.488242  0.101879  0.725397  0.681907  0.620129  0.503583  0.720849  0.116887  0.563241  0.141522  0.682668  0.874698  0.074588  0.430800  0.720463  0.776684 
17  0.337469  0.389233  0.729121  0.416721  0.000000  0.309248  0.284449  0.478833  0.945894  0.332974  0.207171  0.372228  0.182400  0.074058  0.879499  0.506192  0.326915 0.0  0.739146  0.627632  0.092327  0.721004  0.666531  0.123863  0.386362  0.000000  0.273096  0.311890  0.631498  0.063137  0.762885  0.116478  0.000000  0.000000  0.132003  0.104914  0.081280  0.077219  0.242497  0.208783  0.083803  0.255606  0.175073  0.112170  0.278965  0.485135  0.752734  0.348127  0.564987  0.652422  0.299788  0.731353  0.824553  0.376907  0.373473  0.310650  0.887101  0.718778  0.234740  0.037804  0.629895  0.726865 
18  0.562192  0.686776  0.394201  0.655774  0.746415  0.744335  0.715102  0.582522  0.721055  0.689960  0.634305  0.705794  0.705012  0.716842  0.392219  0.617427  0.626635  0.739146 0.0  0.732654  0.784714  0.213147  0.349478  0.658132  0.743873  0.634100  0.759800  0.724313  0.310201  0.664392  0.688175  0.672747  0.853940  0.607550  0.714766  0.634317  0.716749  0.665518  0.780158  0.736984  0.733624  0.701173  0.650152  0.779861  0.591470  0.609064  0.379085  0.681656  0.682158  0.282108  0.399279  0.297985  0.349553  0.616349  0.485580  0.649661  0.329740  0.194410  0.686139  0.691116  0.415695  0.202149 
19  0.644171  0.774292  0.757023  0.807602  0.487990  0.692000  0.755061  0.910717  0.479354  0.787649  0.580840  0.756821  0.682648  0.492774  0.920138  0.930320  0.754080  0.627632  0.732654 0.0  0.479638  0.725032  0.787117  0.449160  0.740524  0.506048  0.570872  0.768032  0.606707  0.426797  0.300637  0.475560  0.555392  0.484843  0.537232  0.655053  0.584595  0.468519  0.739246  0.662129  0.537001  0.791419  0.826869  0.507738  0.749010  0.829660  0.788440  0.736258  0.023573  0.612609  0.403023  0.807640  0.852613  0.781016  0.394819  0.650553  0.818456  0.751165  0.735837  0.455826  0.643324  0.756085 
20  0.163451  0.324468  0.799779  0.526158  0.331551  0.384926  0.217745  0.254998  0.729752  0.409826  0.170617  0.368321  0.147627  0.226350  0.728073  0.403058  0.298375  0.092327  0.784714  0.479638 0.0  0.713495  0.780142  0.153421  0.368184  0.104829  0.112553  0.279668  0.439827  0.031191  0.872057  0.000000  0.061240  0.000000  0.090059  0.052038  0.112280  0.081738  0.120852  0.166685  0.195531  0.557196  0.288935  0.016064  0.443796  0.427939  0.759127  0.370580  0.521653  0.699325  0.422399  0.720820  0.715510  0.274532  0.173839  0.360763  0.800065  0.697943  0.254672  0.150357  0.477524  0.534202 
21  0.703668  0.905695  0.328984  0.560572  0.716779  0.655254  0.562342  0.774356  0.834286  0.475057  0.736427  0.687302  0.778566  0.920852  0.373571  0.789749  0.443868  0.721004  0.213147  0.725032  0.713495 0.0  0.105509  0.708212  0.719815  0.878175  0.721982  0.436447  0.413887  0.884519  0.487079  0.881131  0.838795  0.961315  0.959753  0.897070  0.833027  0.936617  0.791810  0.718332  0.829489  0.503193  0.563408  0.848810  0.820312  0.417489  0.165557  0.294193  0.781187  0.340078  0.603170  0.226868  0.361545  0.568027  0.487808  0.634880  0.262637  0.401913  0.552728  0.894761  0.369989  0.334235 
22  0.662647  0.767773  0.393494  0.559890  0.780402  0.649485  0.617887  0.679725  0.692975  0.503919  0.719224  0.571919  0.646251  0.901892  0.390097  0.711690  0.447710  0.666531  0.349478  0.787117  0.780142  0.105509 0.0  0.703420  0.599001  0.979819  0.763803  0.480901  0.299382  0.837932  0.549113  0.935441  0.858975  0.920606  0.789464  0.807370  0.818146  0.901140  0.747696  0.732378  0.804809  0.435323  0.545953  0.993663  0.776439  0.460886  0.191741  0.442821  0.855314  0.260740  0.622166  0.043252  0.368975  0.527838  0.546917  0.692116  0.345267  0.360677  0.673722  0.962030  0.305062  0.328030 
23  0.236298  0.380503  0.882984  0.366919  0.012467  0.446801  0.398734  0.457698  0.644618  0.462386  0.212452  0.404422  0.000000  0.000000  0.900795  0.397283  0.429144  0.123863  0.658132  0.449160  0.153421  0.708212  0.703420 0.0  0.335936  0.047776  0.043349  0.442091  0.422506  0.127128  0.865863  0.049765  0.024251  0.055150  0.078448  0.134429  0.085086  0.108138  0.084199  0.210525  0.099715  0.464210  0.392386  0.067698  0.468251  0.505154  0.673733  0.526988  0.450969  0.743500  0.239944  0.689467  0.744287  0.257732  0.272833  0.282529  0.816100  0.974569  0.346550  0.128487  0.530719  0.470855 
24  0.281549  0.510526  0.814190  0.119238  0.390144  0.216976  0.265473  0.355039  0.697303  0.064985  0.285399  0.187385  0.276161  0.365330  0.758115  0.264308  0.051255  0.386362  0.743873  0.740524  0.368184  0.719815  0.599001  0.335936 0.0  0.383149  0.281689  0.116512  0.781312  0.440725  0.472710  0.460798  0.433392  0.408278  0.425471  0.411408  0.506996  0.448253  0.367851  0.306519  0.431612  0.027221  0.264654  0.438267  0.388943  0.080540  0.716672  0.045601  0.905436  0.684322  0.526011  0.529718  0.790547  0.204302  0.529345  0.140868  0.809378  0.734224  0.184102  0.275867  0.696825  0.856563 
25  0.216739  0.431553  0.808900  0.391608  0.119169  0.446131  0.506034  0.416276  0.730450  0.336365  0.273177  0.512142  0.142367  0.241331  0.760430  0.254325  0.280002  0.000000  0.634100  0.506048  0.104829  0.878175  0.979819  0.047776  0.383149 0.0  0.251026  0.347445  0.556607  0.140632  0.707849  0.204099  0.275821  0.264621  0.308989  0.137627  0.239336  0.275917  0.068433  0.392832  0.119338  0.234329  0.566474  0.205452  0.317406  0.303779  0.904907  0.312172  0.550899  0.577705  0.314077  0.822987  0.702171  0.299489  0.350461  0.546228  0.736156  0.723005  0.431070  0.278246  0.464313  0.437405 
26  0.252917  0.490172  0.690906  0.441937  0.108188  0.275807  0.313704  0.408207  0.944845  0.376148  0.148493  0.324664  0.232957  0.061319  0.895945  0.422381  0.361243  0.273096  0.759800  0.570872  0.112553  0.721982  0.763803  0.043349  0.281689  0.251026 0.0  0.333685  0.591658  0.103544  0.796201  0.011923  0.064010  0.045468  0.046933  0.055634  0.023132  0.029212  0.194528  0.330914  0.026706  0.333241  0.300371  0.068895  0.417653  0.300048  0.814002  0.351622  0.476923  0.769225  0.365704  0.652486  0.858611  0.341314  0.388281  0.392035  0.922984  0.703573  0.380575  0.020687  0.597990  0.600380 
27  0.264735  0.307157  0.885407  0.196742  0.361729  0.168316  0.031146  0.369178  0.721180  0.252962  0.218049  0.140072  0.283720  0.283201  0.794567  0.354227  0.171865  0.311890  0.724313  0.768032  0.279668  0.436447  0.480901  0.442091  0.116512  0.347445  0.333685 0.0  0.754183  0.373057  0.571391  0.278960  0.263868  0.338610  0.392365  0.447068  0.412035  0.322753  0.355780  0.242458  0.287546  0.040096  0.055192  0.353732  0.548584  0.113737  0.433670  0.177082  0.868837  0.580618  0.549067  0.550961  0.733480  0.012417  0.480070  0.031313  0.865678  0.877177  0.079886  0.439228  0.784595  0.758154 
28  0.707593  0.849285  0.342495  0.944007  0.479003  0.699476  0.755825  0.995212  0.991494  0.830363  0.679406  0.719712  0.652790  0.486030  0.456577  0.798172  0.749337  0.631498  0.310201  0.606707  0.439827  0.413887  0.299382  0.422506  0.781312  0.556607  0.591658  0.754183 0.0  0.481260  0.707051  0.583013  0.515986  0.496719  0.472171  0.550235  0.411397  0.562851  0.627263  0.688869  0.511112  0.732388  0.750513  0.572058  0.746197  0.827786  0.318557  0.650194  0.392858  0.221216  0.348337  0.370765  0.534228  0.734386  0.459548  0.778510  0.493835  0.302431  0.709605  0.585335  0.132998  0.169711 
29  0.399246  0.484219  0.735239  0.384381  0.145310  0.445862  0.451418  0.428563  0.747042  0.330200  0.257120  0.445091  0.057947  0.285099  0.638319  0.365336  0.374003  0.063137  0.664392  0.426797  0.031191  0.884519  0.837932  0.127128  0.440725  0.140632  0.103544  0.373057  0.481260 0.0  0.830105  0.360123  0.199351  0.232110  0.195951  0.107692  0.242780  0.203990  0.195368  0.334326  0.228050  0.338728  0.419395  0.200319  0.338246  0.282796  0.951287  0.319906  0.657975  0.642477  0.296769  0.863480  0.725466  0.466842  0.371757  0.443663  0.773504  0.841595  0.494929  0.202121  0.470520  0.523398 
30  0.697068  0.693347  0.851871  0.549282  0.670787  0.512722  0.439239  0.676409  0.319913  0.597517  0.572889  0.517229  0.807967  0.784012  0.691887  0.639444  0.673800  0.762885  0.688175  0.300637  0.872057  0.487079  0.549113  0.865863  0.472710  0.707849  0.796201  0.571391  0.707051  0.830105 0.0  0.828042  0.905906  0.801232  0.782049  0.871707  0.636237  0.762249  0.753505  0.644489  0.689839  0.462027  0.552010  0.804775  0.848789  0.563173  0.559080  0.588461  0.301553  0.666037  0.587737  0.555354  0.672099  0.500316  0.525753  0.424829  0.785997  0.882577  0.464270  0.833001  0.756541  0.816210 
31  0.311943  0.494752  0.705772  0.411670  0.113385  0.485523  0.472119  0.404756  0.779118  0.434785  0.402619  0.493798  0.117992  0.155220  0.633766  0.288478  0.373722  0.116478  0.672747  0.475560  0.000000  0.881131  0.935441  0.049765  0.460798  0.204099  0.011923  0.278960  0.583013  0.360123  0.828042 0.0  0.102809  0.176253  0.239639  0.132575  0.147206  0.187859  0.041577  0.239546  0.195272  0.425079  0.475811  0.065010  0.346919  0.358950  0.936296  0.289550  0.687573  0.548730  0.391606  0.931770  0.750391  0.416167  0.345856  0.502794  0.668548  0.781370  0.521010  0.246811  0.455413  0.446355 
32  0.359205  0.480262  0.762841  0.424485  0.112199  0.411251  0.498961  0.448977  0.827897  0.227779  0.338213  0.530064  0.059287  0.252161  0.785089  0.366111  0.257119  0.000000  0.853940  0.555392  0.061240  0.838795  0.858975  0.024251  0.433392  0.275821  0.064010  0.263868  0.515986  0.199351  0.905906  0.102809 0.0  0.244355  0.277668  0.223462  0.142150  0.240182  0.089396  0.368488  0.286009  0.359236  0.456233  0.257789  0.358260  0.373951  0.843690  0.441443  0.534280  0.686559  0.400312  0.837798  0.736781  0.518712  0.275719  0.387682  0.681228  0.697086  0.428770  0.118396  0.436815  0.458219 
33  0.266783  0.515615  0.727266  0.447498  0.168723  0.469768  0.471493  0.419174  0.789231  0.275249  0.365843  0.435341  0.090308  0.212337  0.637751  0.516335  0.277318  0.000000  0.607550  0.484843  0.000000  0.961315  0.920606  0.055150  0.408278  0.264621  0.045468  0.338610  0.496719  0.232110  0.801232  0.176253  0.244355 0.0  0.249073  0.104160  0.131779  0.239537  0.078036  0.288467  0.113516  0.238075  0.464309  0.172678  0.368846  0.243829  0.760415  0.471701  0.655364  0.639707  0.352539  0.816910  0.701762  0.494202  0.264265  0.515126  0.788521  0.727058  0.463014  0.050400  0.426053  0.413866 
34  0.229622  0.481746  0.656238  0.527463  0.000000  0.479596  0.535651  0.347514  0.834765  0.437528  0.368528  0.478749  0.072831  0.241167  0.709460  0.198750  0.308960  0.132003  0.714766  0.537232  0.090059  0.959753  0.789464  0.078448  0.425471  0.308989  0.046933  0.392365  0.472171  0.195951  0.782049  0.239639  0.277668  0.249073 0.0  0.051837  0.257476  0.194274  0.044329  0.180173  0.110711  0.396815  0.454563  0.103319  0.369489  0.259689  0.929367  0.321830  0.569378  0.742438  0.351381  0.870982  0.730984  0.407199  0.275443  0.419016  0.723002  0.779160  0.483566  0.132533  0.517261  0.416267 
35  0.223839  0.350958  0.753624  0.396318  0.189406  0.401155  0.260583  0.422325  0.816599  0.307619  0.359372  0.422922  0.048807  0.116115  0.749925  0.436777  0.348461  0.104914  0.634317  0.655053  0.052038  0.897070  0.807370  0.134429  0.411408  0.137627  0.055634  0.447068  0.550235  0.107692  0.871707  0.132575  0.223462  0.104160  0.051837 0.0  0.134739  0.130542  0.041130  0.292348  0.158644  0.431636  0.458589  0.164260  0.413885  0.350234  0.741068  0.396961  0.526320  0.651227  0.392197  0.796481  0.677166  0.337646  0.324010  0.389937  0.789429  0.823617  0.471819  0.110023  0.596141  0.573361 
36  0.247091  0.488258  0.710623  0.409860  0.017755  0.537984  0.459380  0.389246  0.838460  0.319464  0.374339  0.500821  0.070422  0.159093  0.743472  0.349063  0.262755  0.081280  0.716749  0.584595  0.112280  0.833027  0.818146  0.085086  0.506996  0.239336  0.023132  0.412035  0.411397  0.242780  0.636237  0.147206  0.142150  0.131779  0.257476  0.134739 0.0  0.182484  0.188537  0.201989  0.212221  0.368421  0.423909  0.270200  0.297729  0.312940  0.867466  0.378077  0.639208  0.672115  0.363270  0.819026  0.765838  0.529496  0.287860  0.448098  0.776316  0.823057  0.521753  0.195433  0.524269  0.388578 
37  0.261117  0.529807  0.660809  0.465794  0.056679  0.444502  0.451697  0.311883  0.859104  0.259093  0.321421  0.404920  0.147194  0.274552  0.743131  0.300598  0.298451  0.077219  0.665518  0.468519  0.081738  0.936617  0.901140  0.108138  0.448253  0.275917  0.029212  0.322753  0.562851  0.203990  0.762249  0.187859  0.240182  0.239537  0.194274  0.130542  0.182484 0.0  0.107197  0.259824  0.229518  0.363098  0.496495  0.206173  0.339440  0.315434  0.933219  0.400949  0.611461  0.765235  0.476434  0.915141  0.655513  0.471383  0.336998  0.363617  0.754770  0.696996  0.425292  0.262103  0.371477  0.523986 
38  0.474915  0.269363  0.636809  0.422623  0.069140  0.418220  0.271789  0.411366  0.890131  0.330070  0.098438  0.303859  0.162596  0.165116  0.964182  0.512571  0.299044  0.242497  0.780158  0.739246  0.120852  0.791810  0.747696  0.084199  0.367851  0.068433  0.194528  0.355780  0.627263  0.195368  0.753505  0.041577  0.089396  0.078036  0.044329  0.041130  0.188537  0.107197 0.0  0.333327  0.059874  0.407428  0.374810  0.134411  0.363402  0.350657  0.731701  0.399748  0.469469  0.716495  0.463010  0.682161  0.870908  0.360806  0.340239  0.327979  0.898483  0.725968  0.361697  0.004178  0.489665  0.635623 
39  0.343428  0.327589  0.666998  0.298904  0.257287  0.371727  0.367742  0.360709  0.665722  0.306025  0.249275  0.378420  0.230770  0.314100  0.799445  0.368787  0.216772  0.208783  0.736984  0.662129  0.166685  0.718332  0.732378  0.210525  0.306519  0.392832  0.330914  0.242458  0.688869  0.334326  0.644489  0.239546  0.368488  0.288467  0.180173  0.292348  0.201989  0.259824  0.333327 0.0  0.251657  0.169177  0.279182  0.126510  0.326463  0.300909  0.735324  0.303942  0.719303  0.649867  0.511917  0.765361  0.747585  0.253223  0.437162  0.253464  0.614786  0.661688  0.279783  0.238180  0.647290  0.707581 
40  0.285982  0.511165  0.719947  0.397975  0.064690  0.465526  0.544688  0.296207  0.802281  0.332836  0.347761  0.557532  0.005490  0.351814  0.777906  0.369107  0.348287  0.083803  0.733624  0.537001  0.195531  0.829489  0.804809  0.099715  0.431612  0.119338  0.026706  0.287546  0.511112  0.228050  0.689839  0.195272  0.286009  0.113516  0.110711  0.158644  0.212221  0.229518  0.059874  0.251657 0.0  0.345334  0.499467  0.202596  0.415978  0.324839  0.821613  0.345297  0.543505  0.566849  0.324430  0.893410  0.722531  0.420896  0.217466  0.552997  0.834291  0.850988  0.458094  0.215733  0.409796  0.410940 
41  0.216728  0.331302  0.604845  0.152588  0.525466  0.026787  0.083816  0.363806  0.571552  0.012498  0.284812  0.000000  0.273050  0.279699  0.789862  0.263408  0.027294  0.255606  0.701173  0.791419  0.557196  0.503193  0.435323  0.464210  0.027221  0.234329  0.333241  0.040096  0.732388  0.338728  0.462027  0.425079  0.359236  0.238075  0.396815  0.431636  0.368421  0.363098  0.407428  0.169177  0.345334 0.0  0.122998  0.331329  0.264785  0.075464  0.536252  0.053762  0.693130  0.551967  0.589222  0.485855  0.703951  0.036684  0.472043  0.104406  0.665365  0.825220  0.028215  0.391127  0.646478  0.720525 
42  0.308666  0.474943  0.796976  0.159090  0.323153  0.195877  0.364931  0.375510  0.694734  0.144780  0.310151  0.154887  0.391956  0.394947  0.824977  0.360124  0.019759  0.175073  0.650152  0.826869  0.288935  0.563408  0.545953  0.392386  0.264654  0.566474  0.300371  0.055192  0.750513  0.419395  0.552010  0.475811  0.456233  0.464309  0.454563  0.458589  0.423909  0.496495  0.374810  0.279182  0.499467  0.122998 0.0  0.395494  0.222793  0.116412  0.642311  0.084345  0.901088  0.676035  0.603452  0.621832  0.606433  0.222241  0.521144  0.280972  0.765778  0.728242  0.269402  0.485912  0.754610  0.854919 
43  0.320204  0.419889  0.621719  0.460846  0.072075  0.454949  0.505672  0.209665  0.766372  0.312548  0.267575  0.395369  0.124224  0.137537  0.841760  0.396029  0.334056  0.112170  0.779861  0.507738  0.016064  0.848810  0.993663  0.067698  0.438267  0.205452  0.068895  0.353732  0.572058  0.200319  0.804775  0.065010  0.257789  0.172678  0.103319  0.164260  0.270200  0.206173  0.134411  0.126510  0.202596  0.331329  0.395494 0.0  0.252619  0.290184  0.899825  0.379172  0.543777  0.774007  0.370016  0.958450  0.734093  0.466186  0.261457  0.552515  0.772856  0.760612  0.418273  0.232649  0.410591  0.456524 
44  0.231107  0.364578  0.709536  0.424015  0.349471  0.207886  0.340711  0.011374  0.434602  0.441708  0.206396  0.296833  0.243095  0.281591  0.468612  0.229167  0.527860  0.278965  0.591470  0.749010  0.443796  0.820312  0.776439  0.468251  0.388943  0.317406  0.417653  0.548584  0.746197  0.338246  0.848789  0.346919  0.358260  0.368846  0.369489  0.413885  0.297729  0.339440  0.363402  0.326463  0.415978  0.264785  0.222793  0.252619 0.0  0.465788  0.793609  0.473522  0.828010  0.758916  0.576750  0.776004  0.352011  0.358396  0.480616  0.447096  0.438567  0.595172  0.349130  0.366317  0.704232  0.752442 
45  0.316265  0.342969  0.884479  0.058392  0.329898  0.165354  0.130264  0.400547  0.801176  0.087385  0.212813  0.183314  0.442319  0.434428  0.612093  0.274343  0.208682  0.485135  0.609064  0.829660  0.427939  0.417489  0.460886  0.505154  0.080540  0.303779  0.300048  0.113737  0.827786  0.282796  0.563173  0.358950  0.373951  0.243829  0.259689  0.350234  0.312940  0.315434  0.350657  0.300909  0.324839  0.075464  0.116412  0.290184  0.465788 0.0  0.541395  0.259575  0.710100  0.701803  0.609896  0.525518  0.711649  0.000461  0.575887  0.050858  0.781279  0.859252  0.089188  0.332220  0.721027  0.840838 
46  0.662601  0.950088  0.272909  0.614849  0.761967  0.585795  0.651025  0.629241  0.743473  0.465884  0.751208  0.686688  0.840387  0.814573  0.336363  0.757319  0.488242  0.752734  0.379085  0.788440  0.759127  0.165557  0.191741  0.673733  0.716672  0.904907  0.814002  0.433670  0.318557  0.951287  0.559080  0.936296  0.843690  0.760415  0.929367  0.741068  0.867466  0.933219  0.731701  0.735324  0.821613  0.536252  0.642311  0.899825  0.793609  0.541395 0.0  0.360483  0.958516  0.356730  0.646229  0.239694  0.394840  0.673713  0.544001  0.584218  0.309579  0.260325  0.524881  0.697910  0.243639  0.322901 
47  0.339307  0.277854  0.928367  0.249358  0.301202  0.013233  0.074227  0.376333  0.738062  0.159348  0.185010  0.169354  0.272683  0.387503  0.805355  0.351250  0.101879  0.348127  0.681656  0.736258  0.370580  0.294193  0.442821  0.526988  0.045601  0.312172  0.351622  0.177082  0.650194  0.319906  0.588461  0.289550  0.441443  0.471701  0.321830  0.396961  0.378077  0.400949  0.399748  0.303942  0.345297  0.053762  0.084345  0.379172  0.473522  0.259575  0.360483 0.0  0.717629  0.683672  0.454680  0.413553  0.783219  0.055232  0.562421  0.063375  0.768134  0.859965  0.056648  0.187336  0.735080  0.832305 
48  0.661443  0.929439  0.696840  0.827303  0.484215  0.855930  0.885617  0.888247  0.359772  0.756464  0.713906  0.793351  0.524206  0.658465  0.701884  0.654341  0.725397  0.564987  0.682158  0.023573  0.521653  0.781187  0.855314  0.450969  0.905436  0.550899  0.476923  0.868837  0.392858  0.657975  0.301553  0.687573  0.534280  0.655364  0.569378  0.526320  0.639208  0.611461  0.469469  0.719303  0.543505  0.693130  0.901088  0.543777  0.828010  0.710100  0.958516  0.717629 0.0  0.806674  0.313682  0.933079  0.719112  0.825223  0.262181  0.974825  0.695656  0.806262  0.838323  0.562936  0.480409  0.537725 
49  0.622405  0.629235  0.234812  0.722766  0.654276  0.630204  0.546977  0.731664  0.708884  0.629032  0.695553  0.708885  0.608282  0.708464  0.253330  0.655088  0.681907  0.652422  0.282108  0.612609  0.699325  0.340078  0.260740  0.743500  0.684322  0.577705  0.769225  0.580618  0.221216  0.642477  0.666037  0.548730  0.686559  0.639707  0.742438  0.651227  0.672115  0.765235  0.716495  0.649867  0.566849  0.551967  0.676035  0.774007  0.758916  0.701803  0.356730  0.683672  0.806674 0.0  0.478002  0.245108  0.149992  0.653658  0.459149  0.740693  0.249572  0.268096  0.680520  0.658364  0.315499  0.252148 
50  0.517038  0.658691  0.622308  0.563129  0.295639  0.716235  0.600302  0.563501  0.635934  0.676944  0.492042  0.642746  0.409706  0.419018  0.502755  0.610347  0.620129  0.299788  0.399279  0.403023  0.422399  0.603170  0.622166  0.239944  0.526011  0.314077  0.365704  0.549067  0.348337  0.296769  0.587737  0.391606  0.400312  0.352539  0.351381  0.392197  0.363270  0.476434  0.463010  0.511917  0.324430  0.589222  0.603452  0.370016  0.576750  0.609896  0.646229  0.454680  0.313682  0.478002 0.0  0.619347  0.606480  0.634694  0.385684  0.681638  0.572929  0.642458  0.642793  0.344010  0.259633  0.316681 
51  0.796083  0.821598  0.299718  0.450725  0.743688  0.614839  0.528445  0.729352  0.835480  0.492141  0.724998  0.639466  0.909745  1.000000  0.343337  0.730875  0.503583  0.731353  0.297985  0.807640  0.720820  0.226868  0.043252  0.689467  0.529718  0.822987  0.652486  0.550961  0.370765  0.863480  0.555354  0.931770  0.837798  0.816910  0.870982  0.796481  0.819026  0.915141  0.682161  0.765361  0.893410  0.485855  0.621832  0.958450  0.776004  0.525518  0.239694  0.413553  0.933079  0.245108  0.619347 0.0  0.342438  0.641164  0.538213  0.629517  0.400792  0.402972  0.488817  0.902578  0.262742  0.346479 
52  0.714004  0.779324  0.024162  0.756619  0.695215  0.740856  0.746400  0.641680  0.584380  0.610267  0.661282  0.807466  0.963318  0.810958  0.096940  0.832746  0.720849  0.824553  0.349553  0.852613  0.715510  0.361545  0.368975  0.744287  0.790547  0.702171  0.858611  0.733480  0.534228  0.725466  0.672099  0.750391  0.736781  0.701762  0.730984  0.677166  0.765838  0.655513  0.870908  0.747585  0.722531  0.703951  0.606433  0.734093  0.352011  0.711649  0.394840  0.783219  0.719112  0.149992  0.606480  0.342438 0.0  0.761110  0.733422  0.713445  0.149501  0.127203  0.842685  0.718092  0.458330  0.469927 
53  0.248940  0.428078  0.740557  0.141688  0.332117  0.221741  0.186601  0.317142  0.650807  0.158898  0.359092  0.222278  0.270693  0.524598  0.894379  0.415791  0.116887  0.376907  0.616349  0.781016  0.274532  0.568027  0.527838  0.257732  0.204302  0.299489  0.341314  0.012417  0.734386  0.466842  0.500316  0.416167  0.518712  0.494202  0.407199  0.337646  0.529496  0.471383  0.360806  0.253223  0.420896  0.036684  0.222241  0.466186  0.358396  0.000461  0.673713  0.055232  0.825223  0.653658  0.634694  0.641164  0.761110 0.0  0.558850  0.140340  0.841400  0.744733  0.164440  0.456970  0.810700  0.788678 
54  0.360041  0.435938  0.503496  0.647189  0.245792  0.452949  0.527701  0.757951  0.624587  0.500760  0.465210  0.491061  0.405728  0.320516  0.637620  0.624555  0.563241  0.373473  0.485580  0.394819  0.173839  0.487808  0.546917  0.272833  0.529345  0.350461  0.388281  0.480070  0.459548  0.371757  0.525753  0.345856  0.275719  0.264265  0.275443  0.324010  0.287860  0.336998  0.340239  0.437162  0.217466  0.472043  0.521144  0.261457  0.480616  0.575887  0.544001  0.562421  0.262181  0.459149  0.385684  0.538213  0.733422  0.558850 0.0  0.664140  0.704737  0.522540  0.565198  0.271727  0.386629  0.421688 
55  0.302386  0.565669  0.725844  0.109823  0.392406  0.236922  0.141781  0.396316  0.693158  0.109962  0.317564  0.081681  0.307520  0.471933  0.727379  0.321366  0.141522  0.310650  0.649661  0.650553  0.360763  0.634880  0.692116  0.282529  0.140868  0.546228  0.392035  0.031313  0.778510  0.443663  0.424829  0.502794  0.387682  0.515126  0.419016  0.389937  0.448098  0.363617  0.327979  0.253464  0.552997  0.104406  0.280972  0.552515  0.447096  0.050858  0.584218  0.063375  0.974825  0.740693  0.681638  0.629517  0.713445  0.140340  0.664140 0.0  0.736991  0.805446  0.139410  0.420974  0.674803  0.735734 
56  0.698123  0.733269  0.000000  0.791688  0.613885  0.679986  0.746090  0.642128  0.565640  0.867321  0.633625  0.761129  0.881174  0.656341  0.349980  0.910014  0.682668  0.887101  0.329740  0.818456  0.800065  0.262637  0.345267  0.816100  0.809378  0.736156  0.922984  0.865678  0.493835  0.773504  0.785997  0.668548  0.681228  0.788521  0.723002  0.789429  0.776316  0.754770  0.898483  0.614786  0.834291  0.665365  0.765778  0.772856  0.438567  0.781279  0.309579  0.768134  0.695656  0.249572  0.572929  0.400792  0.149501  0.841400  0.704737  0.736991 0.0  0.140410  0.688152  0.690144  0.443619  0.570732 
57  0.653286  0.653971  0.180092  0.826893  0.741837  0.779353  0.827300  0.476132  0.609276  0.784486  0.509920  0.684401  0.748266  0.857054  0.014792  0.743625  0.874698  0.718778  0.194410  0.751165  0.697943  0.401913  0.360677  0.974569  0.734224  0.723005  0.703573  0.877177  0.302431  0.841595  0.882577  0.781370  0.697086  0.727058  0.779160  0.823617  0.823057  0.696996  0.725968  0.661688  0.850988  0.825220  0.728242  0.760612  0.595172  0.859252  0.260325  0.859965  0.806262  0.268096  0.642458  0.402972  0.127203  0.744733  0.522540  0.805446  0.140410 0.0  0.790119  0.740737  0.311848  0.273815 
58  0.288680  0.423715  0.710844  0.115389  0.429587  0.318060  0.176843  0.478807  0.738937  0.006538  0.343709  0.183077  0.300159  0.469031  0.725184  0.351296  0.074588  0.234740  0.686139  0.735837  0.254672  0.552728  0.673722  0.346550  0.184102  0.431070  0.380575  0.079886  0.709605  0.494929  0.464270  0.521010  0.428770  0.463014  0.483566  0.471819  0.521753  0.425292  0.361697  0.279783  0.458094  0.028215  0.269402  0.418273  0.349130  0.089188  0.524881  0.056648  0.838323  0.680520  0.642793  0.488817  0.842685  0.164440  0.565198  0.139410  0.688152  0.790119 0.0  0.495951  0.741812  0.785340 
59  0.252435  0.379588  0.701911  0.400542  0.007922  0.379365  0.435690  0.424823  0.694902  0.368863  0.357008  0.417669  0.084519  0.154748  0.720883  0.428394  0.430800  0.037804  0.691116  0.455826  0.150357  0.894761  0.962030  0.128487  0.275867  0.278246  0.020687  0.439228  0.585335  0.202121  0.833001  0.246811  0.118396  0.050400  0.132533  0.110023  0.195433  0.262103  0.004178  0.238180  0.215733  0.391127  0.485912  0.232649  0.366317  0.332220  0.697910  0.187336  0.562936  0.658364  0.344010  0.902578  0.718092  0.456970  0.271727  0.420974  0.690144  0.740737  0.495951 0.0  0.377926  0.579096 
60  0.665124  0.797187  0.278778  0.722188  0.444449  0.833885  0.703729  0.885854  0.813047  0.832944  0.649268  0.728812  0.586235  0.408795  0.519856  0.902483  0.720463  0.629895  0.415695  0.643324  0.477524  0.369989  0.305062  0.530719  0.696825  0.464313  0.597990  0.784595  0.132998  0.470520  0.756541  0.455413  0.436815  0.426053  0.517261  0.596141  0.524269  0.371477  0.489665  0.647290  0.409796  0.646478  0.754610  0.410591  0.704232  0.721027  0.243639  0.735080  0.480409  0.315499  0.259633  0.262742  0.458330  0.810700  0.386629  0.674803  0.443619  0.311848  0.741812  0.377926 0.0  0.018146 
61  0.629550  0.724607  0.307741  0.725460  0.567080  0.729461  0.704658  0.854706  0.880325  0.689574  0.581887  0.719941  0.565749  0.559059  0.578025  0.940093  0.776684  0.726865  0.202149  0.756085  0.534202  0.334235  0.328030  0.470855  0.856563  0.437405  0.600380  0.758154  0.169711  0.523398  0.816210  0.446355  0.458219  0.413866  0.416267  0.573361  0.388578  0.523986  0.635623  0.707581  0.410940  0.720525  0.854919  0.456524  0.752442  0.840838  0.322901  0.832305  0.537725  0.252148  0.316681  0.346479  0.469927  0.788678  0.421688  0.735734  0.570732  0.273815  0.785340  0.579096  0.018146 0.0 
