62
0 0.0  0.238195  0.732570  0.277899  0.226115  0.221903  0.382064  0.250040  0.653939  0.263504  0.310019  0.239804  0.244312  0.292588  0.662554  0.276957  0.224190  0.294957  0.587625  0.644168  0.153166  0.615864  0.644938  0.261642  0.217378  0.219733  0.263204  0.123153  0.675732  0.242879  0.710974  0.227641  0.149372  0.307113  0.184264  0.245815  0.202999  0.177100  0.233597  0.260888  0.256476  0.313752  0.341146  0.340574  0.319092  0.273846  0.571237  0.237602  0.615448  0.738255  0.468159  0.738112  0.583822  0.263615  0.502104  0.203907  0.633921  0.588225  0.323667  0.230099  0.539960  0.656029 
1  0.238195 0.0  0.664526  0.312367  0.242206  0.462911  0.476424  0.255881  0.619001  0.409223  0.299813  0.464295  0.382537  0.414246  0.729881  0.055199  0.300781  0.283226  0.597412  0.733294  0.342443  0.858552  0.774986  0.331685  0.468216  0.504013  0.269363  0.308302  0.657654  0.408710  0.680542  0.495578  0.506517  0.408954  0.441268  0.375206  0.409400  0.445347  0.388885  0.219889  0.467831  0.285866  0.486226  0.343045  0.338068  0.375454  0.850329  0.297076  0.734973  0.649970  0.603255  0.817964  0.665595  0.441510  0.425971  0.408353  0.753338  0.642858  0.502701  0.385683  0.708463  0.772977 
2  0.732570  0.664526 0.0  0.668770  0.822038  0.785353  0.782740  0.392284  0.601907  0.775778  0.633927  0.717380  0.662390  0.805319  0.119770  0.752764  0.877498  0.793088  0.368118  0.622360  0.709954  0.352734  0.357894  0.875333  0.665215  0.729539  0.770356  0.818827  0.265652  0.724889  0.708398  0.715153  0.713067  0.824364  0.823698  0.770552  0.732778  0.753542  0.714055  0.699343  0.727629  0.634740  0.696794  0.662093  0.561325  0.836150  0.316490  0.804864  0.698584  0.298184  0.657291  0.267505  0.048246  0.765050  0.473337  0.686787  0.000000  0.138095  0.757816  0.729340  0.362169  0.293295 
3  0.277899  0.312367  0.668770 0.0  0.406543  0.160662  0.155601  0.277967  0.792149  0.160782  0.261685  0.180481  0.454876  0.377322  0.853043  0.304253  0.193726  0.459574  0.742436  0.773357  0.387379  0.508450  0.512417  0.409836  0.161023  0.357441  0.398672  0.187237  0.732277  0.363075  0.486070  0.445034  0.419314  0.358669  0.408829  0.461825  0.370464  0.421625  0.369497  0.290286  0.422891  0.119685  0.132104  0.380357  0.412040  0.129588  0.488933  0.125128  0.859445  0.602494  0.543345  0.539592  0.774200  0.116294  0.672973  0.141588  0.882512  0.769161  0.181786  0.381049  0.828153  0.795793 
4  0.226115  0.242206  0.822038  0.406543 0.0  0.285275  0.268140  0.359917  0.691951  0.292241  0.280155  0.294939  0.027840  0.120347  0.650270  0.328817  0.294760  0.130883  0.630066  0.491236  0.179283  0.663594  0.703642  0.045196  0.313228  0.046905  0.056496  0.281890  0.454255  0.099018  0.778269  0.033405  0.058989  0.087465  0.055234  0.200044  0.000000  0.055239  0.041220  0.271614  0.086387  0.484289  0.380963  0.022911  0.326384  0.381940  0.646874  0.247210  0.512877  0.716950  0.310321  0.744075  0.698251  0.307529  0.335120  0.383106  0.779668  0.701683  0.257145  0.035552  0.380405  0.543743 
5  0.221903  0.462911  0.785353  0.160662  0.285275 0.0  0.208332  0.296761  0.701524  0.133727  0.285324  0.093597  0.287249  0.398351  0.724062  0.381583  0.083740  0.321211  0.568852  0.756237  0.320832  0.618769  0.637313  0.254280  0.150185  0.404316  0.402864  0.113177  0.711036  0.405914  0.516923  0.438264  0.486043  0.483165  0.439722  0.360015  0.433720  0.442643  0.352554  0.327124  0.470861  0.060277  0.094703  0.477894  0.313079  0.153031  0.602655  0.083015  0.814231  0.767067  0.622532  0.595806  0.745400  0.193432  0.550237  0.150266  0.664251  0.723721  0.137726  0.482264  0.736925  0.692592 
6  0.382064  0.476424  0.782740  0.155601  0.268140  0.208332 0.0  0.300318  0.748394  0.033207  0.314211  0.114954  0.220784  0.490968  0.717727  0.261005  0.000000  0.276196  0.674982  0.645023  0.326294  0.700757  0.402756  0.316426  0.242855  0.471863  0.291383  0.014756  0.713777  0.507623  0.464881  0.583030  0.501119  0.503018  0.484453  0.339904  0.399192  0.387941  0.318508  0.210343  0.443697  0.062766  0.258805  0.447341  0.299653  0.127825  0.627186  0.077431  0.934649  0.635431  0.558838  0.464846  0.791900  0.353696  0.419849  0.208022  0.686145  0.736284  0.078899  0.475829  0.775381  0.646192 
7  0.250040  0.255881  0.392284  0.277967  0.359917  0.296761  0.300318 0.0  0.624541  0.380469  0.222001  0.306131  0.411920  0.298769  0.653843  0.393511  0.372819  0.485542  0.701030  0.880944  0.322477  0.669393  0.708572  0.334806  0.420878  0.334906  0.409943  0.249503  0.869658  0.331121  0.776005  0.381396  0.285784  0.277905  0.341190  0.295408  0.302552  0.376745  0.425730  0.345635  0.378486  0.362302  0.352235  0.269678  0.107487  0.307797  0.722521  0.457786  0.677441  0.584793  0.648162  0.730728  0.599091  0.297646  0.634898  0.336830  0.742489  0.543150  0.218219  0.398048  0.808216  0.853761 
8  0.653939  0.619001  0.601907  0.792149  0.691951  0.701524  0.748394  0.624541 0.0  0.653082  0.674899  0.741016  0.879025  0.701286  0.735812  0.785441  0.660145  0.896742  0.665391  0.350120  0.678045  0.746896  0.618357  0.573339  0.677047  0.670099  0.810874  0.606767  0.726285  0.638806  0.354957  0.675292  0.642827  0.725070  0.719361  0.886313  0.751716  0.721983  0.852290  0.638473  0.767188  0.622464  0.700184  0.628344  0.408176  0.643454  0.760926  0.654342  0.372714  0.687660  0.516867  0.657706  0.515939  0.797119  0.622288  0.714603  0.607831  0.469899  0.805707  0.691901  0.783950  0.799687 
9  0.263504  0.409223  0.775778  0.160782  0.292241  0.133727  0.033207  0.380469  0.653082 0.0  0.246074  0.079956  0.409236  0.253196  0.718460  0.285102  0.221745  0.357801  0.667546  0.766310  0.340662  0.365637  0.479113  0.424553  0.089238  0.334543  0.253916  0.280693  0.656923  0.335049  0.532955  0.226111  0.323916  0.244255  0.360369  0.410369  0.393951  0.365765  0.291195  0.247318  0.295863  0.121518  0.029291  0.247909  0.367262  0.053389  0.530762  0.204543  0.710330  0.684169  0.612663  0.534089  0.717734  0.081929  0.466679  0.021973  0.682585  0.847791  0.084052  0.275248  0.606892  0.702872 
10  0.310019  0.299813  0.633927  0.261685  0.280155  0.285324  0.314211  0.222001  0.674899  0.246074 0.0  0.262724  0.211324  0.381824  0.446607  0.208760  0.254856  0.146580  0.645237  0.553393  0.301308  0.701237  0.665311  0.205882  0.349236  0.324103  0.201555  0.129188  0.719886  0.179142  0.568848  0.302663  0.345095  0.375759  0.379005  0.303682  0.220562  0.343852  0.138840  0.240088  0.308674  0.283700  0.277265  0.246686  0.207528  0.247390  0.725441  0.250235  0.700485  0.572524  0.502392  0.737841  0.568654  0.362047  0.402974  0.315484  0.520375  0.664322  0.398105  0.350035  0.555066  0.641565 
11  0.239804  0.464295  0.717380  0.180481  0.294939  0.093597  0.114954  0.306131  0.741016  0.079956  0.262724 0.0  0.275420  0.468769  0.694897  0.328414  0.130216  0.480568  0.679452  0.787721  0.296738  0.613070  0.613286  0.401126  0.127213  0.451049  0.335134  0.142050  0.680891  0.338338  0.304064  0.410270  0.353289  0.393132  0.359152  0.458445  0.579019  0.441043  0.291493  0.235583  0.434918  0.063937  0.141899  0.479685  0.293022  0.036447  0.596409  0.083122  0.947641  0.651874  0.511433  0.544961  0.741365  0.202419  0.519873  0.090065  0.620796  0.764506  0.182355  0.478296  0.648162  0.710191 
12  0.244312  0.382537  0.662390  0.454876  0.027840  0.287249  0.220784  0.411920  0.879025  0.409236  0.211324  0.275420 0.0  0.050536  0.881852  0.411802  0.254689  0.191640  0.602661  0.557286  0.084940  0.713601  0.720662  0.056284  0.264742  0.119684  0.115843  0.278127  0.589290  0.163755  0.723089  0.024461  0.034084  0.038100  0.000000  0.073674  0.064078  0.036312  0.193260  0.234097  0.071281  0.320877  0.399986  0.129240  0.332582  0.258149  0.616548  0.321517  0.496236  0.589052  0.373457  0.667435  0.834792  0.370185  0.409160  0.316688  0.787225  0.659286  0.424050  0.000000  0.606826  0.550732 
13  0.292588  0.414246  0.805319  0.377322  0.120347  0.398351  0.490968  0.298769  0.701286  0.253196  0.381824  0.468769  0.050536 0.0  0.765079  0.368624  0.237282  0.068019  0.630150  0.411946  0.009923  0.771148  0.822204  0.084842  0.473068  0.232918  0.006212  0.303214  0.500260  0.218911  0.685402  0.182193  0.188542  0.151043  0.198364  0.158976  0.369989  0.167567  0.108715  0.211865  0.121155  0.299881  0.462619  0.159853  0.336929  0.433576  0.823715  0.313180  0.615968  0.674225  0.317136  0.739507  0.730799  0.447474  0.290390  0.365945  0.771109  0.710531  0.350751  0.143557  0.450662  0.599300 
14  0.662554  0.729881  0.119770  0.853043  0.650270  0.724062  0.717727  0.653843  0.735812  0.718460  0.446607  0.694897  0.881852  0.765079 0.0  0.786128  0.794606  0.957278  0.278427  0.841504  0.777145  0.385625  0.287492  0.637286  0.679548  0.708105  0.764014  0.793967  0.438083  0.699283  0.645086  0.779774  0.655446  0.725712  0.761856  0.732527  0.669444  0.655393  0.822805  0.634032  0.642219  0.688058  0.671919  0.645873  0.363119  0.751937  0.294464  0.677359  0.681542  0.321008  0.631568  0.280830  0.128707  0.748067  0.598162  0.610847  0.246769  0.017737  0.790034  0.715421  0.383546  0.358501 
15  0.276957  0.055199  0.752764  0.304253  0.328817  0.381583  0.261005  0.393511  0.785441  0.285102  0.208760  0.328414  0.411802  0.368624  0.786128 0.0  0.335270  0.451376  0.637716  0.805163  0.319034  0.723457  0.662003  0.315483  0.303236  0.164227  0.439400  0.429298  0.829546  0.305914  0.700979  0.297946  0.287016  0.341065  0.241663  0.471834  0.437187  0.256242  0.397095  0.304853  0.367744  0.242317  0.396538  0.401457  0.280436  0.458590  0.686208  0.302035  0.624187  0.649215  0.566234  0.691231  0.834690  0.357723  0.666661  0.289485  0.856054  0.685597  0.309879  0.302059  0.762972  0.779600 
16  0.224190  0.300781  0.877498  0.193726  0.294760  0.083740  0.000000  0.372819  0.660145  0.221745  0.254856  0.130216  0.254689  0.237282  0.794606  0.335270 0.0  0.261764  0.806472  0.617608  0.394576  0.484895  0.398083  0.540304  0.165603  0.409496  0.342980  0.144581  0.724752  0.329886  0.481761  0.283436  0.331989  0.355171  0.297998  0.535174  0.360333  0.391593  0.331134  0.292713  0.337711  0.074625  0.059181  0.286600  0.579135  0.133092  0.402355  0.229813  0.779697  0.627733  0.651851  0.422850  0.773518  0.060122  0.387949  0.133471  0.819957  0.788725  0.086418  0.354098  0.742557  0.657116 
17  0.294957  0.283226  0.793088  0.459574  0.130883  0.321211  0.276196  0.485542  0.896742  0.357801  0.146580  0.480568  0.191640  0.068019  0.957278  0.451376  0.261764 0.0  0.711535  0.674008  0.068509  0.711608  0.700814  0.192909  0.377854  0.038065  0.168462  0.236182  0.619668  0.046757  0.679545  0.069380  0.044764  0.080525  0.096541  0.092283  0.090119  0.069122  0.205722  0.200285  0.059232  0.277078  0.302000  0.042470  0.213774  0.398332  0.715828  0.388124  0.348103  0.662477  0.354005  0.714993  0.867960  0.257221  0.432563  0.380222  0.900907  0.690060  0.354079  0.107818  0.525349  0.613980 
18  0.587625  0.597412  0.368118  0.742436  0.630066  0.568852  0.674982  0.701030  0.665391  0.667546  0.645237  0.679452  0.602661  0.630150  0.278427  0.637716  0.806472  0.711535 0.0  0.763208  0.693950  0.351868  0.311582  0.604457  0.713047  0.667162  0.573348  0.600496  0.339212  0.711304  0.638940  0.648356  0.660892  0.627868  0.674110  0.699492  0.712140  0.627901  0.606752  0.590325  0.636936  0.781136  0.698734  0.683987  0.694649  0.668451  0.255982  0.590718  0.681322  0.213456  0.392253  0.181525  0.223486  0.609753  0.507591  0.671033  0.275312  0.244964  0.686660  0.605965  0.164466  0.241827 
19  0.644168  0.733294  0.622360  0.773357  0.491236  0.756237  0.645023  0.880944  0.350120  0.766310  0.553393  0.787721  0.557286  0.411946  0.841504  0.805163  0.617608  0.674008  0.763208 0.0  0.521779  0.658345  0.759152  0.492984  0.635811  0.531966  0.668355  0.679334  0.570171  0.476329  0.300962  0.490285  0.421404  0.337822  0.430720  0.590919  0.430523  0.508337  0.580378  0.686417  0.477685  0.699303  0.682529  0.477987  0.740370  0.741462  0.645205  0.660806  0.107409  0.688580  0.297226  0.721642  0.820022  0.729677  0.379085  0.619874  0.736484  0.700135  0.758944  0.588156  0.688672  0.591782 
20  0.153166  0.342443  0.709954  0.387379  0.179283  0.320832  0.326294  0.322477  0.678045  0.340662  0.301308  0.296738  0.084940  0.009923  0.777145  0.319034  0.394576  0.068509  0.693950  0.521779 0.0  0.608488  0.731747  0.039548  0.213180  0.000000  0.119497  0.293894  0.491419  0.059941  0.621078  0.004585  0.000000  0.093309  0.014962  0.155540  0.126176  0.114760  0.000000  0.239367  0.000000  0.419943  0.354109  0.062427  0.275661  0.285778  0.736173  0.328471  0.429101  0.657940  0.333141  0.681915  0.700483  0.275622  0.292781  0.253045  0.641014  0.699661  0.400530  0.087651  0.533532  0.413429 
21  0.615864  0.858552  0.352734  0.508450  0.663594  0.618769  0.700757  0.669393  0.746896  0.365637  0.701237  0.613070  0.713601  0.771148  0.385625  0.723457  0.484895  0.711608  0.351868  0.658345  0.608488 0.0  0.222778  0.627769  0.523620  0.762324  0.739668  0.410947  0.342905  0.831083  0.468911  0.829040  0.885755  0.803985  0.795038  0.879831  0.881362  0.777037  0.808989  0.557228  0.843608  0.386610  0.550918  0.810346  0.733534  0.425492  0.170800  0.419883  0.860249  0.303173  0.551759  0.157207  0.338915  0.567250  0.561369  0.590533  0.348838  0.308339  0.610601  0.905084  0.260660  0.343530 
22  0.644938  0.774986  0.357894  0.512417  0.703642  0.637313  0.402756  0.708572  0.618357  0.479113  0.665311  0.613286  0.720662  0.822204  0.287492  0.662003  0.398083  0.700814  0.311582  0.759152  0.731747  0.222778 0.0  0.719904  0.619708  0.798848  0.725307  0.430643  0.426682  0.770978  0.446942  0.893291  0.847681  0.950117  0.908554  0.789513  0.782407  0.873784  0.743681  0.626910  0.847787  0.481237  0.642361  0.803279  0.714907  0.474850  0.124567  0.432414  0.827946  0.252583  0.593981  0.209134  0.352720  0.457485  0.489674  0.543201  0.276792  0.363582  0.506732  1.000000  0.310609  0.328446 
23  0.261642  0.331685  0.875333  0.409836  0.045196  0.254280  0.316426  0.334806  0.573339  0.424553  0.205882  0.401126  0.056284  0.084842  0.637286  0.315483  0.540304  0.192909  0.604457  0.492984  0.039548  0.627769  0.719904 0.0  0.310046  0.038308  0.051977  0.515497  0.321633  0.101819  0.807481  0.102928  0.000000  0.053780  0.000000  0.134084  0.076156  0.092068  0.150571  0.258042  0.000000  0.324752  0.347028  0.075992  0.382027  0.465885  0.664857  0.429462  0.422720  0.574154  0.305038  0.680017  0.715798  0.353321  0.306603  0.356143  0.760475  0.922311  0.309951  0.040830  0.528541  0.363304 
24  0.217378  0.468216  0.665215  0.161023  0.313228  0.150185  0.242855  0.420878  0.677047  0.089238  0.349236  0.127213  0.264742  0.473068  0.679548  0.303236  0.165603  0.377854  0.713047  0.635811  0.213180  0.523620  0.619708  0.310046 0.0  0.452271  0.370090  0.100212  0.643844  0.366901  0.497497  0.454852  0.302896  0.443033  0.410050  0.498870  0.451235  0.522358  0.307960  0.244222  0.340052  0.031002  0.216507  0.338274  0.291508  0.134497  0.596993  0.000869  0.799085  0.593080  0.613870  0.585052  0.649554  0.230718  0.528716  0.168956  0.808743  0.863651  0.129152  0.462795  0.697313  0.737782 
25  0.219733  0.504013  0.729539  0.357441  0.046905  0.404316  0.471863  0.334906  0.670099  0.334543  0.324103  0.451049  0.119684  0.232918  0.708105  0.164227  0.409496  0.038065  0.667162  0.531966  0.000000  0.762324  0.798848  0.038308  0.452271 0.0  0.051664  0.339129  0.452167  0.092592  0.685241  0.184645  0.126584  0.189399  0.141393  0.227027  0.214475  0.112937  0.000000  0.338162  0.155551  0.281051  0.478652  0.191935  0.295964  0.330974  0.820838  0.369421  0.565495  0.669925  0.363007  0.891531  0.643675  0.452411  0.287821  0.470079  0.784079  0.740048  0.490060  0.126268  0.473256  0.339160 
26  0.263204  0.269363  0.770356  0.398672  0.056496  0.402864  0.291383  0.409943  0.810874  0.253916  0.201555  0.335134  0.115843  0.006212  0.764014  0.439400  0.342980  0.168462  0.573348  0.668355  0.119497  0.739668  0.725307  0.051977  0.370090  0.051664 0.0  0.301749  0.489162  0.065661  0.666539  0.063763  0.090036  0.000000  0.000000  0.176721  0.121819  0.078350  0.237234  0.307209  0.031700  0.273113  0.342340  0.156725  0.206705  0.212775  0.763405  0.273992  0.402372  0.634519  0.350352  0.772597  0.770688  0.284913  0.423718  0.248941  0.758807  0.685925  0.319653  0.059059  0.541949  0.566523 
27  0.123153  0.308302  0.818827  0.187237  0.281890  0.113177  0.014756  0.249503  0.606767  0.280693  0.129188  0.142050  0.278127  0.303214  0.793967  0.429298  0.144581  0.236182  0.600496  0.679334  0.293894  0.410947  0.430643  0.515497  0.100212  0.339129  0.301749 0.0  0.671286  0.296021  0.592233  0.409645  0.321670  0.351980  0.303765  0.279286  0.315017  0.330108  0.326329  0.343631  0.356598  0.123570  0.041756  0.342108  0.377833  0.257217  0.519611  0.132674  0.713510  0.707390  0.667393  0.535753  0.703563  0.146698  0.482489  0.052958  0.701050  0.813627  0.142742  0.365439  0.728049  0.735666 
28  0.675732  0.657654  0.265652  0.732277  0.454255  0.711036  0.713777  0.869658  0.726285  0.656923  0.719886  0.680891  0.589290  0.500260  0.438083  0.829546  0.724752  0.619668  0.339212  0.570171  0.491419  0.342905  0.426682  0.321633  0.643844  0.452167  0.489162  0.671286 0.0  0.358754  0.688439  0.455011  0.500517  0.376877  0.481606  0.488693  0.396764  0.534736  0.505903  0.688289  0.465770  0.770007  0.677199  0.502909  0.656004  0.724928  0.375552  0.718412  0.457689  0.170263  0.384342  0.317682  0.417747  0.675680  0.445961  0.746616  0.452561  0.384552  0.741149  0.539537  0.127786  0.127724 
29  0.242879  0.408710  0.724889  0.363075  0.099018  0.405914  0.507623  0.331121  0.638806  0.335049  0.179142  0.338338  0.163755  0.218911  0.699283  0.305914  0.329886  0.046757  0.711304  0.476329  0.059941  0.831083  0.770978  0.101819  0.366901  0.092592  0.065661  0.296021  0.358754 0.0  0.748125  0.192571  0.128496  0.153083  0.224398  0.216414  0.136190  0.275245  0.176136  0.210411  0.129172  0.346175  0.495133  0.189729  0.427042  0.288162  0.810470  0.339547  0.539506  0.708902  0.336441  0.847722  0.667112  0.414530  0.273254  0.337184  0.672812  0.759737  0.473854  0.156178  0.426726  0.415767 
30  0.710974  0.680542  0.708398  0.486070  0.778269  0.516923  0.464881  0.776005  0.354957  0.532955  0.568848  0.304064  0.723089  0.685402  0.645086  0.700979  0.481761  0.679545  0.638940  0.300962  0.621078  0.468911  0.446942  0.807481  0.497497  0.685241  0.666539  0.592233  0.688439  0.748125 0.0  0.692104  0.668209  0.723143  0.736943  0.780243  0.618637  0.688786  0.857829  0.712694  0.744778  0.533123  0.416379  0.589034  0.846629  0.659977  0.370122  0.569371  0.249208  0.689177  0.464531  0.451235  0.750155  0.449747  0.475049  0.503103  0.687445  0.912309  0.405647  0.712876  0.773530  0.791438 
31  0.227641  0.495578  0.715153  0.445034  0.033405  0.438264  0.583030  0.381396  0.675292  0.226111  0.302663  0.410270  0.024461  0.182193  0.779774  0.297946  0.283436  0.069380  0.648356  0.490285  0.004585  0.829040  0.893291  0.102928  0.454852  0.184645  0.063763  0.409645  0.455011  0.192571  0.692104 0.0  0.323821  0.181597  0.151444  0.072852  0.260111  0.112019  0.033797  0.216497  0.188177  0.382614  0.398512  0.156046  0.325478  0.315087  0.797687  0.209897  0.645117  0.611861  0.309906  0.795951  0.679773  0.426745  0.360463  0.520871  0.689516  0.682297  0.424412  0.157695  0.347287  0.473040 
32  0.149372  0.506517  0.713067  0.419314  0.058989  0.486043  0.501119  0.285784  0.642827  0.323916  0.345095  0.353289  0.034084  0.188542  0.655446  0.287016  0.331989  0.044764  0.660892  0.421404  0.000000  0.885755  0.847681  0.000000  0.302896  0.126584  0.090036  0.321670  0.500517  0.128496  0.668209  0.323821 0.0  0.289909  0.209170  0.111560  0.177421  0.188233  0.000000  0.186709  0.348089  0.372405  0.413571  0.329879  0.324700  0.388644  0.881532  0.319522  0.613743  0.609771  0.376913  0.800653  0.702832  0.358247  0.232119  0.415174  0.743587  0.787226  0.363230  0.207059  0.392277  0.487131 
33  0.307113  0.408954  0.824364  0.358669  0.087465  0.483165  0.503018  0.277905  0.725070  0.244255  0.375759  0.393132  0.038100  0.151043  0.725712  0.341065  0.355171  0.080525  0.627868  0.337822  0.093309  0.803985  0.950117  0.053780  0.443033  0.189399  0.000000  0.351980  0.376877  0.153083  0.723143  0.181597  0.289909 0.0  0.216481  0.086482  0.133284  0.129214  0.016259  0.250299  0.216872  0.348635  0.421195  0.127118  0.258412  0.310603  0.912861  0.384128  0.530902  0.637984  0.320333  0.861161  0.677619  0.463721  0.193667  0.435683  0.634995  0.665753  0.405158  0.058674  0.456837  0.488270 
34  0.184264  0.441268  0.823698  0.408829  0.055234  0.439722  0.484453  0.341190  0.719361  0.360369  0.379005  0.359152  0.000000  0.198364  0.761856  0.241663  0.297998  0.096541  0.674110  0.430720  0.014962  0.795038  0.908554  0.000000  0.410050  0.141393  0.000000  0.303765  0.481606  0.224398  0.736943  0.151444  0.209170  0.216481 0.0  0.138015  0.266638  0.268835  0.082736  0.168519  0.157562  0.376315  0.466597  0.195449  0.342974  0.403353  0.882260  0.312970  0.642839  0.655590  0.385741  0.796595  0.677110  0.467382  0.346616  0.476024  0.730806  0.824550  0.439467  0.335010  0.514957  0.425560 
35  0.245815  0.375206  0.770552  0.461825  0.200044  0.360015  0.339904  0.295408  0.886313  0.410369  0.303682  0.458445  0.073674  0.158976  0.732527  0.471834  0.535174  0.092283  0.699492  0.590919  0.155540  0.879831  0.789513  0.134084  0.498870  0.227027  0.176721  0.279286  0.488693  0.216414  0.780243  0.072852  0.111560  0.086482  0.138015 0.0  0.143621  0.107696  0.130661  0.223524  0.047849  0.539811  0.275377  0.170521  0.272968  0.217305  0.770452  0.296288  0.580739  0.657665  0.358662  0.688215  0.837173  0.340219  0.347962  0.373675  0.704106  0.832525  0.416771  0.167588  0.516788  0.564130 
36  0.202999  0.409400  0.732778  0.370464  0.000000  0.433720  0.399192  0.302552  0.751716  0.393951  0.220562  0.579019  0.064078  0.369989  0.669444  0.437187  0.360333  0.090119  0.712140  0.430523  0.126176  0.881362  0.782407  0.076156  0.451235  0.214475  0.121819  0.315017  0.396764  0.136190  0.618637  0.260111  0.177421  0.133284  0.266638  0.143621 0.0  0.176096  0.114807  0.231634  0.138785  0.264708  0.421014  0.210700  0.268423  0.201527  0.813127  0.324961  0.617117  0.705973  0.212144  0.814725  0.729204  0.442506  0.368535  0.446498  0.701190  0.829229  0.432361  0.220643  0.366700  0.512126 
37  0.177100  0.445347  0.753542  0.421625  0.055239  0.442643  0.387941  0.376745  0.721983  0.365765  0.343852  0.441043  0.036312  0.167567  0.655393  0.256242  0.391593  0.069122  0.627901  0.508337  0.114760  0.777037  0.873784  0.092068  0.522358  0.112937  0.078350  0.330108  0.534736  0.275245  0.688786  0.112019  0.188233  0.129214  0.268835  0.107696  0.176096 0.0  0.049557  0.338105  0.269812  0.286717  0.359974  0.151048  0.420176  0.370252  0.763177  0.290278  0.735398  0.655849  0.281110  0.828390  0.682461  0.439669  0.280089  0.424924  0.812071  0.684775  0.382076  0.162954  0.429695  0.483996 
38  0.233597  0.388885  0.714055  0.369497  0.041220  0.352554  0.318508  0.425730  0.852290  0.291195  0.138840  0.291493  0.193260  0.108715  0.822805  0.397095  0.331134  0.205722  0.606752  0.580378  0.000000  0.808989  0.743681  0.150571  0.307960  0.000000  0.237234  0.326329  0.505903  0.176136  0.857829  0.033797  0.000000  0.016259  0.082736  0.130661  0.114807  0.049557 0.0  0.271524  0.022592  0.368376  0.270607  0.101871  0.285074  0.313893  0.713713  0.278558  0.488395  0.605976  0.378475  0.812585  0.800498  0.334961  0.343862  0.326660  0.779681  0.803901  0.373668  0.013683  0.604597  0.595985 
39  0.260888  0.219889  0.699343  0.290286  0.271614  0.327124  0.210343  0.345635  0.638473  0.247318  0.240088  0.235583  0.234097  0.211865  0.634032  0.304853  0.292713  0.200285  0.590325  0.686417  0.239367  0.557228  0.626910  0.258042  0.244222  0.338162  0.307209  0.343631  0.688289  0.210411  0.712694  0.216497  0.186709  0.250299  0.168519  0.223524  0.231634  0.338105  0.271524 0.0  0.381616  0.151888  0.199775  0.229724  0.216724  0.289625  0.571779  0.254578  0.702397  0.644374  0.485896  0.639676  0.687669  0.249973  0.466984  0.203162  0.583687  0.766668  0.269089  0.302213  0.721413  0.744264 
40  0.256476  0.467831  0.727629  0.422891  0.086387  0.470861  0.443697  0.378486  0.767188  0.295863  0.308674  0.434918  0.071281  0.121155  0.642219  0.367744  0.337711  0.059232  0.636936  0.477685  0.000000  0.843608  0.847787  0.000000  0.340052  0.155551  0.031700  0.356598  0.465770  0.129172  0.744778  0.188177  0.348089  0.216872  0.157562  0.047849  0.138785  0.269812  0.022592  0.381616 0.0  0.337064  0.394491  0.176460  0.348974  0.439187  0.799425  0.299504  0.656149  0.667514  0.209488  0.796426  0.734021  0.405929  0.258420  0.453487  0.729042  0.647344  0.483491  0.219148  0.442624  0.414294 
41  0.313752  0.285866  0.634740  0.119685  0.484289  0.060277  0.062766  0.362302  0.622464  0.121518  0.283700  0.063937  0.320877  0.299881  0.688058  0.242317  0.074625  0.277078  0.781136  0.699303  0.419943  0.386610  0.481237  0.324752  0.031002  0.281051  0.273113  0.123570  0.770007  0.346175  0.533123  0.382614  0.372405  0.348635  0.376315  0.539811  0.264708  0.286717  0.368376  0.151888  0.337064 0.0  0.100743  0.361925  0.370799  0.052452  0.455570  0.061557  0.663169  0.648218  0.578778  0.499102  0.659338  0.048623  0.584213  0.000000  0.726772  0.718712  0.101583  0.272692  0.759735  0.803853 
42  0.341146  0.486226  0.696794  0.132104  0.380963  0.094703  0.258805  0.352235  0.700184  0.029291  0.277265  0.141899  0.399986  0.462619  0.671919  0.396538  0.059181  0.302000  0.698734  0.682529  0.354109  0.550918  0.642361  0.347028  0.216507  0.478652  0.342340  0.041756  0.677199  0.495133  0.416379  0.398512  0.413571  0.421195  0.466597  0.275377  0.421014  0.359974  0.270607  0.199775  0.394491  0.100743 0.0  0.363449  0.434940  0.035777  0.584147  0.026367  0.801657  0.672233  0.581280  0.636878  0.706038  0.214286  0.486915  0.222874  0.654475  0.747385  0.236981  0.411106  0.804867  0.663430 
43  0.340574  0.343045  0.662093  0.380357  0.022911  0.477894  0.447341  0.269678  0.628344  0.247909  0.246686  0.479685  0.129240  0.159853  0.645873  0.401457  0.286600  0.042470  0.683987  0.477987  0.062427  0.810346  0.803279  0.075992  0.338274  0.191935  0.156725  0.342108  0.502909  0.189729  0.589034  0.156046  0.329879  0.127118  0.195449  0.170521  0.210700  0.151048  0.101871  0.229724  0.176460  0.361925  0.363449 0.0  0.255893  0.287585  0.880861  0.335295  0.589490  0.663805  0.423450  0.816382  0.704992  0.437878  0.308360  0.403555  0.623971  0.680819  0.468512  0.214585  0.449513  0.415203 
44  0.319092  0.338068  0.561325  0.412040  0.326384  0.313079  0.299653  0.107487  0.408176  0.367262  0.207528  0.293022  0.332582  0.336929  0.363119  0.280436  0.579135  0.213774  0.694649  0.740370  0.275661  0.733534  0.714907  0.382027  0.291508  0.295964  0.206705  0.377833  0.656004  0.427042  0.846629  0.325478  0.324700  0.258412  0.342974  0.272968  0.268423  0.420176  0.285074  0.216724  0.348974  0.370799  0.434940  0.255893 0.0  0.462273  0.728268  0.406199  0.676681  0.620941  0.527326  0.733719  0.410852  0.322675  0.520203  0.344600  0.486609  0.546476  0.369908  0.371707  0.758924  0.792844 
45  0.273846  0.375454  0.836150  0.129588  0.381940  0.153031  0.127825  0.307797  0.643454  0.053389  0.247390  0.036447  0.258149  0.433576  0.751937  0.458590  0.133092  0.398332  0.668451  0.741462  0.285778  0.425492  0.474850  0.465885  0.134497  0.330974  0.212775  0.257217  0.724928  0.288162  0.659977  0.315087  0.388644  0.310603  0.403353  0.217305  0.201527  0.370252  0.313893  0.289625  0.439187  0.052452  0.035777  0.287585  0.462273 0.0  0.496773  0.184918  0.594382  0.717441  0.553739  0.464723  0.693137  0.074275  0.536290  0.041233  0.669793  0.783217  0.153650  0.267703  0.725389  0.768939 
46  0.571237  0.850329  0.316490  0.488933  0.646874  0.602655  0.627186  0.722521  0.760926  0.530762  0.725441  0.596409  0.616548  0.823715  0.294464  0.686208  0.402355  0.715828  0.255982  0.645205  0.736173  0.170800  0.124567  0.664857  0.596993  0.820838  0.763405  0.519611  0.375552  0.810470  0.370122  0.797687  0.881532  0.912861  0.882260  0.770452  0.813127  0.763177  0.713713  0.571779  0.799425  0.455570  0.584147  0.880861  0.728268  0.496773 0.0  0.322304  0.752411  0.210209  0.526836  0.199467  0.282998  0.617148  0.460040  0.544601  0.293334  0.408817  0.601062  0.920323  0.218437  0.344923 
47  0.237602  0.297076  0.804864  0.125128  0.247210  0.083015  0.077431  0.457786  0.654342  0.204543  0.250235  0.083122  0.321517  0.313180  0.677359  0.302035  0.229813  0.388124  0.590718  0.660806  0.328471  0.419883  0.432414  0.429462  0.000869  0.369421  0.273992  0.132674  0.718412  0.339547  0.569371  0.209897  0.319522  0.384128  0.312970  0.296288  0.324961  0.290278  0.278558  0.254578  0.299504  0.061557  0.026367  0.335295  0.406199  0.184918  0.322304 0.0  0.768850  0.664479  0.486492  0.513032  0.706130  0.080775  0.530287  0.090791  0.697787  0.862163  0.000000  0.264294  0.762058  0.635536 
48  0.615448  0.734973  0.698584  0.859445  0.512877  0.814231  0.934649  0.677441  0.372714  0.710330  0.700485  0.947641  0.496236  0.615968  0.681542  0.624187  0.779697  0.348103  0.681322  0.107409  0.429101  0.860249  0.827946  0.422720  0.799085  0.565495  0.402372  0.713510  0.457689  0.539506  0.249208  0.645117  0.613743  0.530902  0.642839  0.580739  0.617117  0.735398  0.488395  0.702397  0.656149  0.663169  0.801657  0.589490  0.676681  0.594382  0.752411  0.768850 0.0  0.704305  0.245928  0.860104  0.631794  0.884550  0.282771  0.842024  0.775190  0.690893  0.792860  0.650400  0.460030  0.497886 
49  0.738255  0.649970  0.298184  0.602494  0.716950  0.767067  0.635431  0.584793  0.687660  0.684169  0.572524  0.651874  0.589052  0.674225  0.321008  0.649215  0.627733  0.662477  0.213456  0.688580  0.657940  0.303173  0.252583  0.574154  0.593080  0.669925  0.634519  0.707390  0.170263  0.708902  0.689177  0.611861  0.609771  0.637984  0.655590  0.657665  0.705973  0.655849  0.605976  0.644374  0.667514  0.648218  0.672233  0.663805  0.620941  0.717441  0.210209  0.664479  0.704305 0.0  0.449712  0.343287  0.153127  0.667153  0.385768  0.674587  0.222041  0.235322  0.669569  0.619545  0.240984  0.256431 
50  0.468159  0.603255  0.657291  0.543345  0.310321  0.622532  0.558838  0.648162  0.516867  0.612663  0.502392  0.511433  0.373457  0.317136  0.631568  0.566234  0.651851  0.354005  0.392253  0.297226  0.333141  0.551759  0.593981  0.305038  0.613870  0.363007  0.350352  0.667393  0.384342  0.336441  0.464531  0.309906  0.376913  0.320333  0.385741  0.358662  0.212144  0.281110  0.378475  0.485896  0.209488  0.578778  0.581280  0.423450  0.527326  0.553739  0.526836  0.486492  0.245928  0.449712 0.0  0.606665  0.575954  0.565943  0.363366  0.500379  0.629223  0.597207  0.505506  0.328633  0.369283  0.283441 
51  0.738112  0.817964  0.267505  0.539592  0.744075  0.595806  0.464846  0.730728  0.657706  0.534089  0.737841  0.544961  0.667435  0.739507  0.280830  0.691231  0.422850  0.714993  0.181525  0.721642  0.681915  0.157207  0.209134  0.680017  0.585052  0.891531  0.772597  0.535753  0.317682  0.847722  0.451235  0.795951  0.800653  0.861161  0.796595  0.688215  0.814725  0.828390  0.812585  0.639676  0.796426  0.499102  0.636878  0.816382  0.733719  0.464723  0.199467  0.513032  0.860104  0.343287  0.606665 0.0  0.314193  0.566152  0.497389  0.534608  0.474165  0.296775  0.764883  0.994370  0.348012  0.328966 
52  0.583822  0.665595  0.048246  0.774200  0.698251  0.745400  0.791900  0.599091  0.515939  0.717734  0.568654  0.741365  0.834792  0.730799  0.128707  0.834690  0.773518  0.867960  0.223486  0.820022  0.700483  0.338915  0.352720  0.715798  0.649554  0.643675  0.770688  0.703563  0.417747  0.667112  0.750155  0.679773  0.702832  0.677619  0.677110  0.837173  0.729204  0.682461  0.800498  0.687669  0.734021  0.659338  0.706038  0.704992  0.410852  0.693137  0.282998  0.706130  0.631794  0.153127  0.575954  0.314193 0.0  0.791344  0.574559  0.770091  0.206612  0.000000  0.682511  0.671386  0.493179  0.482938 
53  0.263615  0.441510  0.765050  0.116294  0.307529  0.193432  0.353696  0.297646  0.797119  0.081929  0.362047  0.202419  0.370185  0.447474  0.748067  0.357723  0.060122  0.257221  0.609753  0.729677  0.275622  0.567250  0.457485  0.353321  0.230718  0.452411  0.284913  0.146698  0.675680  0.414530  0.449747  0.426745  0.358247  0.463721  0.467382  0.340219  0.442506  0.439669  0.334961  0.249973  0.405929  0.048623  0.214286  0.437878  0.322675  0.074275  0.617148  0.080775  0.884550  0.667153  0.565943  0.566152  0.791344 0.0  0.459354  0.160483  0.690312  0.724375  0.141466  0.478556  0.762096  0.719162 
54  0.502104  0.425971  0.473337  0.672973  0.335120  0.550237  0.419849  0.634898  0.622288  0.466679  0.402974  0.519873  0.409160  0.290390  0.598162  0.666661  0.387949  0.432563  0.507591  0.379085  0.292781  0.561369  0.489674  0.306603  0.528716  0.287821  0.423718  0.482489  0.445961  0.273254  0.475049  0.360463  0.232119  0.193667  0.346616  0.347962  0.368535  0.280089  0.343862  0.466984  0.258420  0.584213  0.486915  0.308360  0.520203  0.536290  0.460040  0.530287  0.282771  0.385768  0.363366  0.497389  0.574559  0.459354 0.0  0.551822  0.621140  0.628268  0.538101  0.264643  0.341865  0.420776 
55  0.203907  0.408353  0.686787  0.141588  0.383106  0.150266  0.208022  0.336830  0.714603  0.021973  0.315484  0.090065  0.316688  0.365945  0.610847  0.289485  0.133471  0.380222  0.671033  0.619874  0.253045  0.590533  0.543201  0.356143  0.168956  0.470079  0.248941  0.052958  0.746616  0.337184  0.503103  0.520871  0.415174  0.435683  0.476024  0.373675  0.446498  0.424924  0.326660  0.203162  0.453487  0.000000  0.222874  0.403555  0.344600  0.041233  0.544601  0.090791  0.842024  0.674587  0.500379  0.534608  0.770091  0.160483  0.551822 0.0  0.754666  0.629074  0.299237  0.479722  0.686910  0.809060 
56  0.633921  0.753338  0.000000  0.882512  0.779668  0.664251  0.686145  0.742489  0.607831  0.682585  0.520375  0.620796  0.787225  0.771109  0.246769  0.856054  0.819957  0.900907  0.275312  0.736484  0.641014  0.348838  0.276792  0.760475  0.808743  0.784079  0.758807  0.701050  0.452561  0.672812  0.687445  0.689516  0.743587  0.634995  0.730806  0.704106  0.701190  0.812071  0.779681  0.583687  0.729042  0.726772  0.654475  0.623971  0.486609  0.669793  0.293334  0.697787  0.775190  0.222041  0.629223  0.474165  0.206612  0.690312  0.621140  0.754666 0.0  0.000000  0.747503  0.683750  0.403756  0.572772 
57  0.588225  0.642858  0.138095  0.769161  0.701683  0.723721  0.736284  0.543150  0.469899  0.847791  0.664322  0.764506  0.659286  0.710531  0.017737  0.685597  0.788725  0.690060  0.244964  0.700135  0.699661  0.308339  0.363582  0.922311  0.863651  0.740048  0.685925  0.813627  0.384552  0.759737  0.912309  0.682297  0.787226  0.665753  0.824550  0.832525  0.829229  0.684775  0.803901  0.766668  0.647344  0.718712  0.747385  0.680819  0.546476  0.783217  0.408817  0.862163  0.690893  0.235322  0.597207  0.296775  0.000000  0.724375  0.628268  0.629074  0.000000 0.0  0.744795  0.792096  0.430158  0.162235 
58  0.323667  0.502701  0.757816  0.181786  0.257145  0.137726  0.078899  0.218219  0.805707  0.084052  0.398105  0.182355  0.424050  0.350751  0.790034  0.309879  0.086418  0.354079  0.686660  0.758944  0.400530  0.610601  0.506732  0.309951  0.129152  0.490060  0.319653  0.142742  0.741149  0.473854  0.405647  0.424412  0.363230  0.405158  0.439467  0.416771  0.432361  0.382076  0.373668  0.269089  0.483491  0.101583  0.236981  0.468512  0.369908  0.153650  0.601062  0.000000  0.792860  0.669569  0.505506  0.764883  0.682511  0.141466  0.538101  0.299237  0.747503  0.744795 0.0  0.444675  0.787275  0.733910 
59  0.230099  0.385683  0.729340  0.381049  0.035552  0.482264  0.475829  0.398048  0.691901  0.275248  0.350035  0.478296  0.000000  0.143557  0.715421  0.302059  0.354098  0.107818  0.605965  0.588156  0.087651  0.905084  1.000000  0.040830  0.462795  0.126268  0.059059  0.365439  0.539537  0.156178  0.712876  0.157695  0.207059  0.058674  0.335010  0.167588  0.220643  0.162954  0.013683  0.302213  0.219148  0.272692  0.411106  0.214585  0.371707  0.267703  0.920323  0.264294  0.650400  0.619545  0.328633  0.994370  0.671386  0.478556  0.264643  0.479722  0.683750  0.792096  0.444675 0.0  0.502188  0.475851 
60  0.539960  0.708463  0.362169  0.828153  0.380405  0.736925  0.775381  0.808216  0.783950  0.606892  0.555066  0.648162  0.606826  0.450662  0.383546  0.762972  0.742557  0.525349  0.164466  0.688672  0.533532  0.260660  0.310609  0.528541  0.697313  0.473256  0.541949  0.728049  0.127786  0.426726  0.773530  0.347287  0.392277  0.456837  0.514957  0.516788  0.366700  0.429695  0.604597  0.721413  0.442624  0.759735  0.804867  0.449513  0.758924  0.725389  0.218437  0.762058  0.460030  0.240984  0.369283  0.348012  0.493179  0.762096  0.341865  0.686910  0.403756  0.430158  0.787275  0.502188 0.0  0.232854 
61  0.656029  0.772977  0.293295  0.795793  0.543743  0.692592  0.646192  0.853761  0.799687  0.702872  0.641565  0.710191  0.550732  0.599300  0.358501  0.779600  0.657116  0.613980  0.241827  0.591782  0.413429  0.343530  0.328446  0.363304  0.737782  0.339160  0.566523  0.735666  0.127724  0.415767  0.791438  0.473040  0.487131  0.488270  0.425560  0.564130  0.512126  0.483996  0.595985  0.744264  0.414294  0.803853  0.663430  0.415203  0.792844  0.768939  0.344923  0.635536  0.497886  0.256431  0.283441  0.328966  0.482938  0.719162  0.420776  0.809060  0.572772  0.162235  0.733910  0.475851  0.232854 0.0 
