30
0 0.0  0.709448  0.647113  0.826723  0.272556  0.723441  0.292996  0.423811  0.537579  0.687385  0.602981  0.672016  0.239849  0.160250  0.468190  0.515776  0.612008  0.859745  0.811982  0.757249  0.454837  0.451639  0.294092  0.361521  0.573833  0.739344  0.634237  0.581243  0.695562  0.600816 
1  0.709448 0.0  0.169105  0.441598  0.603889  0.422200  0.656450  0.736324  0.187903  0.715506  0.773875  0.324499  0.584880  0.657049  0.509903  0.207654  0.266332  0.390368  0.236203  0.418328  0.570731  0.173856  0.839710  0.779225  0.131826  0.434639  0.203187  0.202728  0.200416  0.178033 
2  0.647113  0.169105 0.0  0.425666  0.575102  0.421306  0.606316  0.768961  0.198867  0.793413  0.503477  0.235244  0.602692  0.611015  0.464279  0.250409  0.276034  0.360904  0.159500  0.273226  0.412819  0.077771  0.785090  0.818271  0.160162  0.402945  0.308526  0.221241  0.194246  0.194845 
3  0.826723  0.441598  0.425666 0.0  0.786062  0.406248  0.923967  0.745488  0.452098  0.364762  0.521544  0.449319  0.966822  1.000000  0.770087  0.476428  0.294115  0.307510  0.499237  0.327568  0.526805  0.447929  0.760448  0.678859  0.540592  0.121790  0.526639  0.453681  0.505886  0.455444 
4  0.272556  0.603889  0.575102  0.786062 0.0  0.766874  0.188791  0.250319  0.554352  0.765149  0.696557  0.761537  0.258410  0.348270  0.432760  0.748133  0.808318  0.834264  0.626019  0.678305  0.611856  0.622332  0.369184  0.356242  0.661775  0.829875  0.713799  0.611435  0.679163  0.622921 
5  0.723441  0.422200  0.421306  0.406248  0.766874 0.0  0.842614  0.545442  0.392160  0.573598  0.570389  0.328057  0.712422  0.816805  0.506505  0.311713  0.288936  0.225321  0.384119  0.225697  0.478667  0.403312  0.666913  0.673890  0.284240  0.411471  0.421083  0.328005  0.322450  0.442363 
6  0.292996  0.656450  0.606316  0.923967  0.188791  0.842614 0.0  0.289855  0.526038  0.702174  0.690081  0.798962  0.147138  0.151931  0.468414  0.637645  0.748932  0.735389  0.603730  0.818404  0.483917  0.519739  0.322256  0.308424  0.770100  0.738878  0.713836  0.629673  0.578351  0.673819 
7  0.423811  0.736324  0.768961  0.745488  0.250319  0.545442  0.289855 0.0  0.797615  0.508813  0.586490  0.599185  0.348861  0.273143  0.622093  0.771446  0.745485  0.411644  0.720819  0.673411  0.513092  0.905587  0.240345  0.322996  0.784841  0.927503  0.801736  0.754689  0.861772  0.771041 
8  0.537579  0.187903  0.198867  0.452098  0.554352  0.392160  0.526038  0.797615 0.0  0.629959  0.655537  0.270777  0.666488  0.618841  0.367081  0.070022  0.294265  0.430205  0.163910  0.352418  0.550827  0.133274  0.966402  0.850645  0.235520  0.383451  0.112678  0.047992  0.132271  0.154871 
9  0.687385  0.715506  0.793413  0.364762  0.765149  0.573598  0.702174  0.508813  0.629959 0.0  0.433186  0.459418  0.696202  0.810021  0.704334  0.663858  0.416386  0.473908  0.706058  0.593952  0.513519  0.555105  0.581980  0.625795  0.707757  0.369658  0.735894  0.774759  0.710005  0.698617 
10  0.602981  0.773875  0.503477  0.521544  0.696557  0.570389  0.690081  0.586490  0.655537  0.433186 0.0  0.457271  0.818848  0.743297  0.871575  0.683664  0.345726  0.673109  0.613168  0.590902  0.490925  0.698997  0.571475  0.632831  0.743421  0.346201  0.713769  0.712467  0.661670  0.635540 
11  0.672016  0.324499  0.235244  0.449319  0.761537  0.328057  0.798962  0.599185  0.270777  0.459418  0.457271 0.0  0.705593  0.516711  0.437869  0.311905  0.267807  0.278943  0.341297  0.316582  0.501911  0.230229  0.710853  0.642409  0.310502  0.221456  0.336470  0.318661  0.298483  0.360693 
12  0.239849  0.584880  0.602692  0.966822  0.258410  0.712422  0.147138  0.348861  0.666488  0.696202  0.818848  0.705593 0.0  0.189035  0.437961  0.600161  0.729068  0.806439  0.661966  0.797061  0.435531  0.602713  0.434469  0.275157  0.601489  0.744686  0.695009  0.643779  0.540454  0.722512 
13  0.160250  0.657049  0.611015  1.000000  0.348270  0.816805  0.151931  0.273143  0.618841  0.810021  0.743297  0.516711  0.189035 0.0  0.512922  0.700743  0.741276  0.743650  0.740633  0.906720  0.444034  0.550154  0.313136  0.260059  0.596999  0.826830  0.668240  0.733732  0.660992  0.589465 
14  0.468190  0.509903  0.464279  0.770087  0.432760  0.506505  0.468414  0.622093  0.367081  0.704334  0.871575  0.437869  0.437961  0.512922 0.0  0.409030  0.507674  0.443894  0.462513  0.672398  0.455402  0.449947  0.614677  0.527235  0.407226  0.646086  0.502541  0.507435  0.444766  0.469252 
15  0.515776  0.207654  0.250409  0.476428  0.748133  0.311713  0.637645  0.771446  0.070022  0.663858  0.683664  0.311905  0.600161  0.700743  0.409030 0.0  0.443319  0.376754  0.209858  0.330399  0.615435  0.107831  0.863190  0.835140  0.102797  0.329081  0.160471  0.154486  0.306306  0.198409 
16  0.612008  0.266332  0.276034  0.294115  0.808318  0.288936  0.748932  0.745485  0.294265  0.416386  0.345726  0.267807  0.729068  0.741276  0.507674  0.443319 0.0  0.332581  0.265948  0.191695  0.475489  0.391477  0.776181  0.719688  0.391447  0.372197  0.270189  0.348174  0.334480  0.329813 
17  0.859745  0.390368  0.360904  0.307510  0.834264  0.225321  0.735389  0.411644  0.430205  0.473908  0.673109  0.278943  0.806439  0.743650  0.443894  0.376754  0.332581 0.0  0.353372  0.170271  0.532295  0.383640  0.721034  0.692606  0.323047  0.330107  0.375209  0.416954  0.363696  0.380496 
18  0.811982  0.236203  0.159500  0.499237  0.626019  0.384119  0.603730  0.720819  0.163910  0.706058  0.613168  0.341297  0.661966  0.740633  0.462513  0.209858  0.265948  0.353372 0.0  0.527460  0.492882  0.109761  0.814450  0.823733  0.200550  0.476284  0.262481  0.199246  0.228402  0.109040 
19  0.757249  0.418328  0.273226  0.327568  0.678305  0.225697  0.818404  0.673411  0.352418  0.593952  0.590902  0.316582  0.797061  0.906720  0.672398  0.330399  0.191695  0.170271  0.527460 0.0  0.425050  0.263397  0.707630  0.630849  0.301956  0.448467  0.446395  0.328860  0.430614  0.292252 
20  0.454837  0.570731  0.412819  0.526805  0.611856  0.478667  0.483917  0.513092  0.550827  0.513519  0.490925  0.501911  0.435531  0.444034  0.455402  0.615435  0.475489  0.532295  0.492882  0.425050 0.0  0.508206  0.514206  0.623735  0.470604  0.590717  0.511325  0.509487  0.476239  0.387170 
21  0.451639  0.173856  0.077771  0.447929  0.622332  0.403312  0.519739  0.905587  0.133274  0.555105  0.698997  0.230229  0.602713  0.550154  0.449947  0.107831  0.391477  0.383640  0.109761  0.263397  0.508206 0.0  0.779791  0.919974  0.030222  0.381497  0.240722  0.062674  0.156193  0.126497 
22  0.294092  0.839710  0.785090  0.760448  0.369184  0.666913  0.322256  0.240345  0.966402  0.581980  0.571475  0.710853  0.434469  0.313136  0.614677  0.863190  0.776181  0.721034  0.814450  0.707630  0.514206  0.779791 0.0  0.249699  0.770786  0.857333  0.762228  0.726176  0.750233  0.764267 
23  0.361521  0.779225  0.818271  0.678859  0.356242  0.673890  0.308424  0.322996  0.850645  0.625795  0.632831  0.642409  0.275157  0.260059  0.527235  0.835140  0.719688  0.692606  0.823733  0.630849  0.623735  0.919974  0.249699 0.0  0.811362  0.925874  0.806553  0.780076  0.853958  0.680384 
24  0.573833  0.131826  0.160162  0.540592  0.661775  0.284240  0.770100  0.784841  0.235520  0.707757  0.743421  0.310502  0.601489  0.596999  0.407226  0.102797  0.391447  0.323047  0.200550  0.301956  0.470604  0.030222  0.770786  0.811362 0.0  0.447360  0.279257  0.183074  0.130227  0.235963 
25  0.739344  0.434639  0.402945  0.121790  0.829875  0.411471  0.738878  0.927503  0.383451  0.369658  0.346201  0.221456  0.744686  0.826830  0.646086  0.329081  0.372197  0.330107  0.476284  0.448467  0.590717  0.381497  0.857333  0.925874  0.447360 0.0  0.335844  0.394595  0.413696  0.450193 
26  0.634237  0.203187  0.308526  0.526639  0.713799  0.421083  0.713836  0.801736  0.112678  0.735894  0.713769  0.336470  0.695009  0.668240  0.502541  0.160471  0.270189  0.375209  0.262481  0.446395  0.511325  0.240722  0.762228  0.806553  0.279257  0.335844 0.0  0.155737  0.202354  0.179866 
27  0.581243  0.202728  0.221241  0.453681  0.611435  0.328005  0.629673  0.754689  0.047992  0.774759  0.712467  0.318661  0.643779  0.733732  0.507435  0.154486  0.348174  0.416954  0.199246  0.328860  0.509487  0.062674  0.726176  0.780076  0.183074  0.394595  0.155737 0.0  0.248961  0.231327 
28  0.695562  0.200416  0.194246  0.505886  0.679163  0.322450  0.578351  0.861772  0.132271  0.710005  0.661670  0.298483  0.540454  0.660992  0.444766  0.306306  0.334480  0.363696  0.228402  0.430614  0.476239  0.156193  0.750233  0.853958  0.130227  0.413696  0.202354  0.248961 0.0  0.195149 
29  0.600816  0.178033  0.194845  0.455444  0.622921  0.442363  0.673819  0.771041  0.154871  0.698617  0.635540  0.360693  0.722512  0.589465  0.469252  0.198409  0.329813  0.380496  0.109040  0.292252  0.387170  0.126497  0.764267  0.680384  0.235963  0.450193  0.179866  0.231327  0.195149 0.0 
