30
0 0.0  0.713323  0.180261  0.225696  0.621887  0.874270  0.590662  0.139652  0.443185  0.609382  0.332757  0.753205  0.391037  0.347244  0.426127  0.531035  0.151621  0.713481  0.050532  0.439700  0.737392  0.176444  0.398108  0.376182  0.093225  0.493161  0.305400  0.656066  0.251044  0.702162 
1  0.713323 0.0  0.653417  0.658296  0.269391  0.344216  0.148711  0.666628  0.739204  0.587353  0.747375  0.274998  0.802011  0.729895  0.846124  0.213596  0.671808  0.175477  0.580611  0.507019  0.183832  0.622032  0.851230  0.811725  0.545880  0.441172  0.763021  0.224811  0.730730  0.234605 
2  0.180261  0.653417 0.0  0.287790  0.772724  0.762952  0.748609  0.207931  0.390482  0.721194  0.402645  0.620265  0.376745  0.285716  0.458598  0.620177  0.250168  0.711629  0.152266  0.516450  0.613261  0.203426  0.502973  0.392272  0.087372  0.557262  0.247587  0.650928  0.320019  0.630030 
3  0.225696  0.658296  0.287790 0.0  0.502996  0.813053  0.608911  0.207535  0.385452  0.766486  0.320119  0.614953  0.395078  0.386837  0.408556  0.569417  0.147557  0.689492  0.140811  0.467615  0.787168  0.194678  0.423583  0.350127  0.087345  0.527411  0.302479  0.755933  0.154774  0.492115 
4  0.621887  0.269391  0.772724  0.502996 0.0  0.441702  0.106365  0.710728  0.841690  0.741882  0.871120  0.190691  0.763702  0.690832  0.900173  0.216041  0.762678  0.150085  0.645221  0.554020  0.214850  0.673831  0.784007  0.923477  0.580492  0.389750  0.806136  0.252275  0.732564  0.342005 
5  0.874270  0.344216  0.762952  0.813053  0.441702 0.0  0.283029  0.868461  0.967060  0.641077  0.942958  0.387914  0.526886  0.668851  0.657818  0.454443  0.846112  0.381717  0.852682  0.431392  0.401943  0.795013  0.636370  0.654449  0.879699  0.640267  0.684634  0.363340  0.682219  0.454565 
6  0.590662  0.148711  0.748609  0.608911  0.106365  0.283029 0.0  0.577913  0.809769  0.708491  0.832042  0.197226  0.857052  0.706226  0.809395  0.195974  0.668799  0.318988  0.580648  0.463630  0.189062  0.720667  0.690649  0.772433  0.593785  0.417739  0.646610  0.332807  0.771037  0.197408 
7  0.139652  0.666628  0.207931  0.207535  0.710728  0.868461  0.577913 0.0  0.349453  0.684237  0.492271  0.701546  0.387128  0.236273  0.418571  0.644269  0.170499  0.702999  0.177615  0.503147  0.632930  0.214185  0.394338  0.152813  0.187611  0.378979  0.116056  0.671769  0.304907  0.549770 
8  0.443185  0.739204  0.390482  0.385452  0.841690  0.967060  0.809769  0.349453 0.0  0.310648  0.354417  0.829318  0.472662  0.365521  0.393603  0.805331  0.380354  1.000000  0.453000  0.542760  0.737061  0.374464  0.463601  0.553400  0.315466  0.560654  0.366027  0.759111  0.249651  0.889341 
9  0.609382  0.587353  0.721194  0.766486  0.741882  0.641077  0.708491  0.684237  0.310648 0.0  0.472327  0.753835  0.596762  0.599998  0.654742  0.669777  0.706910  0.822236  0.732773  0.534703  0.588702  0.648438  0.552722  0.605578  0.565544  0.752666  0.679746  0.717315  0.532491  0.704474 
10  0.332757  0.747375  0.402645  0.320119  0.871120  0.942958  0.832042  0.492271  0.354417  0.472327 0.0  0.680867  0.319306  0.232224  0.337885  0.823139  0.437511  0.850910  0.453623  0.533205  0.841744  0.468239  0.157410  0.296634  0.418836  0.674665  0.377103  0.867792  0.321725  0.730504 
11  0.753205  0.274998  0.620265  0.614953  0.190691  0.387914  0.197226  0.701546  0.829318  0.753835  0.680867 0.0  0.903785  0.755128  0.758477  0.254525  0.729600  0.212362  0.545925  0.354325  0.251234  0.530384  0.835715  0.862784  0.642063  0.426791  0.714310  0.186619  0.762947  0.198851 
12  0.391037  0.802011  0.376745  0.395078  0.763702  0.526886  0.857052  0.387128  0.472662  0.596762  0.319306  0.903785 0.0  0.268179  0.163519  0.964406  0.447427  0.714383  0.376340  0.472756  0.736654  0.349870  0.259487  0.156048  0.264388  0.557293  0.274430  0.823447  0.367211  0.823152 
13  0.347244  0.729895  0.285716  0.386837  0.690832  0.668851  0.706226  0.236273  0.365521  0.599998  0.232224  0.755128  0.268179 0.0  0.196811  0.727647  0.243737  0.733974  0.300894  0.563849  0.643743  0.244960  0.173591  0.257051  0.345340  0.505951  0.391434  0.673824  0.483158  0.836525 
14  0.426127  0.846124  0.458598  0.408556  0.900173  0.657818  0.809395  0.418571  0.393603  0.654742  0.337885  0.758477  0.163519  0.196811 0.0  0.713692  0.407305  0.848440  0.513966  0.453417  0.773246  0.479797  0.233631  0.246086  0.368938  0.796817  0.277930  0.880937  0.365405  0.863359 
15  0.531035  0.213596  0.620177  0.569417  0.216041  0.454443  0.195974  0.644269  0.805331  0.669777  0.823139  0.254525  0.964406  0.727647  0.713692 0.0  0.671982  0.306266  0.461083  0.595545  0.197654  0.564623  0.849203  0.748922  0.552119  0.473131  0.720498  0.236048  0.736434  0.380722 
16  0.151621  0.671808  0.250168  0.147557  0.762678  0.846112  0.668799  0.170499  0.380354  0.706910  0.437511  0.729600  0.447427  0.243737  0.407305  0.671982 0.0  0.670309  0.116710  0.539296  0.777036  0.285369  0.311484  0.343789  0.145326  0.450667  0.248741  0.654434  0.341475  0.687597 
17  0.713481  0.175477  0.711629  0.689492  0.150085  0.381717  0.318988  0.702999  1.000000  0.822236  0.850910  0.212362  0.714383  0.733974  0.848440  0.306266  0.670309 0.0  0.675166  0.509971  0.312170  0.714788  0.838908  0.839439  0.666561  0.472159  0.890459  0.264208  0.790478  0.249116 
18  0.050532  0.580611  0.152266  0.140811  0.645221  0.852682  0.580648  0.177615  0.453000  0.732773  0.453623  0.545925  0.376340  0.300894  0.513966  0.461083  0.116710  0.675166 0.0  0.521145  0.633280  0.189705  0.297428  0.423903  0.176089  0.498825  0.303222  0.601391  0.237130  0.682623 
19  0.439700  0.507019  0.516450  0.467615  0.554020  0.431392  0.463630  0.503147  0.542760  0.534703  0.533205  0.354325  0.472756  0.563849  0.453417  0.595545  0.539296  0.509971  0.521145 0.0  0.459871  0.530865  0.509793  0.457691  0.580844  0.589052  0.506797  0.534968  0.568575  0.447209 
20  0.737392  0.183832  0.613261  0.787168  0.214850  0.401943  0.189062  0.632930  0.737061  0.588702  0.841744  0.251234  0.736654  0.643743  0.773246  0.197654  0.777036  0.312170  0.633280  0.459871 0.0  0.585000  0.784337  0.884213  0.586763  0.408867  0.817077  0.087976  0.730770  0.207982 
21  0.176444  0.622032  0.203426  0.194678  0.673831  0.795013  0.720667  0.214185  0.374464  0.648438  0.468239  0.530384  0.349870  0.244960  0.479797  0.564623  0.285369  0.714788  0.189705  0.530865  0.585000 0.0  0.348921  0.413530  0.050566  0.536172  0.303320  0.808278  0.214175  0.754599 
22  0.398108  0.851230  0.502973  0.423583  0.784007  0.636370  0.690649  0.394338  0.463601  0.552722  0.157410  0.835715  0.259487  0.173591  0.233631  0.849203  0.311484  0.838908  0.297428  0.509793  0.784337  0.348921 0.0  0.220653  0.433292  0.647713  0.328116  0.815445  0.243502  0.848791 
23  0.376182  0.811725  0.392272  0.350127  0.923477  0.654449  0.772433  0.152813  0.553400  0.605578  0.296634  0.862784  0.156048  0.257051  0.246086  0.748922  0.343789  0.839439  0.423903  0.457691  0.884213  0.413530  0.220653 0.0  0.412669  0.662774  0.251182  0.868396  0.307799  0.775870 
24  0.093225  0.545880  0.087372  0.087345  0.580492  0.879699  0.593785  0.187611  0.315466  0.565544  0.418836  0.642063  0.264388  0.345340  0.368938  0.552119  0.145326  0.666561  0.176089  0.580844  0.586763  0.050566  0.433292  0.412669 0.0  0.267801  0.306589  0.637682  0.336487  0.588621 
25  0.493161  0.441172  0.557262  0.527411  0.389750  0.640267  0.417739  0.378979  0.560654  0.752666  0.674665  0.426791  0.557293  0.505951  0.796817  0.473131  0.450667  0.472159  0.498825  0.589052  0.408867  0.536172  0.647713  0.662774  0.267801 0.0  0.520515  0.388341  0.554493  0.527752 
26  0.305400  0.763021  0.247587  0.302479  0.806136  0.684634  0.646610  0.116056  0.366027  0.679746  0.377103  0.714310  0.274430  0.391434  0.277930  0.720498  0.248741  0.890459  0.303222  0.506797  0.817077  0.303320  0.328116  0.251182  0.306589  0.520515 0.0  0.780716  0.281147  0.833424 
27  0.656066  0.224811  0.650928  0.755933  0.252275  0.363340  0.332807  0.671769  0.759111  0.717315  0.867792  0.186619  0.823447  0.673824  0.880937  0.236048  0.654434  0.264208  0.601391  0.534968  0.087976  0.808278  0.815445  0.868396  0.637682  0.388341  0.780716 0.0  0.720070  0.254718 
28  0.251044  0.730730  0.320019  0.154774  0.732564  0.682219  0.771037  0.304907  0.249651  0.532491  0.321725  0.762947  0.367211  0.483158  0.365405  0.736434  0.341475  0.790478  0.237130  0.568575  0.730770  0.214175  0.243502  0.307799  0.336487  0.554493  0.281147  0.720070 0.0  0.657974 
29  0.702162  0.234605  0.630030  0.492115  0.342005  0.454565  0.197408  0.549770  0.889341  0.704474  0.730504  0.198851  0.823152  0.836525  0.863359  0.380722  0.687597  0.249116  0.682623  0.447209  0.207982  0.754599  0.848791  0.775870  0.588621  0.527752  0.833424  0.254718  0.657974 0.0 
