30
0 0.0  0.721436  0.232632  0.511873  0.818556  0.343402  0.227621  0.334431  1.000000  0.417777  0.394941  0.311088  0.354169  0.369391  0.437740  0.362105  0.072489  0.325393  0.381786  0.704292  0.309945  0.283673  0.454451  0.533149  0.819313  0.783525  0.342017  0.204894  0.273126  0.212220 
1  0.721436 0.0  0.646664  0.823135  0.198737  0.529568  0.611518  0.636675  0.323196  0.673646  0.764141  0.690761  0.730140  0.703945  0.600463  0.717095  0.941067  0.702426  0.640565  0.208484  0.666890  0.565293  0.758766  0.633168  0.370276  0.098446  0.630640  0.792409  0.651141  0.644498 
2  0.232632  0.646664 0.0  0.355743  0.814855  0.203775  0.166342  0.386570  0.700582  0.287450  0.201652  0.440603  0.220272  0.189994  0.365660  0.326196  0.280739  0.214590  0.214056  0.718653  0.336209  0.198080  0.302164  0.263768  0.685056  0.733684  0.271669  0.263456  0.233088  0.296744 
3  0.511873  0.823135  0.355743 0.0  0.759184  0.261612  0.312315  0.465222  0.640747  0.349486  0.326645  0.481077  0.171475  0.322694  0.445724  0.414622  0.294994  0.263162  0.260605  0.839467  0.415309  0.248734  0.160836  0.411639  0.655955  0.777571  0.322573  0.459545  0.367944  0.394801 
4  0.818556  0.198737  0.814855  0.759184 0.0  0.708895  0.641204  0.720389  0.417431  0.683593  0.545735  0.751163  0.709563  0.590685  0.562753  0.656175  0.919514  0.698123  0.620486  0.154828  0.574847  0.573024  0.925969  0.570573  0.407456  0.200594  0.581329  0.750786  0.628008  0.672428 
5  0.343402  0.529568  0.203775  0.261612  0.708895 0.0  0.285521  0.684384  0.735171  0.158111  0.175267  0.715327  0.286799  0.233207  0.139669  0.133471  0.415203  0.266126  0.173091  0.725706  0.220077  0.247697  0.293647  0.141453  0.715141  0.568785  0.289542  0.363907  0.274682  0.144819 
6  0.227621  0.611518  0.166342  0.312315  0.641204  0.285521 0.0  0.550425  0.721959  0.314614  0.340358  0.402846  0.215304  0.274375  0.276871  0.209976  0.261813  0.375916  0.237674  0.700106  0.293660  0.210688  0.227726  0.303606  0.651204  0.800400  0.297567  0.275949  0.260560  0.259074 
7  0.334431  0.636675  0.386570  0.465222  0.720389  0.684384  0.550425 0.0  0.505008  0.748945  0.714437  0.384023  0.514347  0.668098  0.569488  0.770979  0.401323  0.534057  0.817120  0.826980  0.667598  0.682985  0.486868  0.508988  0.510724  0.610433  0.744549  0.199135  0.447074  0.777448 
8  1.000000  0.323196  0.700582  0.640747  0.417431  0.735171  0.721959  0.505008 0.0  0.874213  0.684960  0.573790  0.634112  0.798409  0.881715  0.844925  0.770205  0.612468  0.681615  0.351752  0.801529  0.788211  0.667511  0.791065  0.134802  0.335760  0.742850  0.765742  0.704323  0.783481 
9  0.417777  0.673646  0.287450  0.349486  0.683593  0.158111  0.314614  0.748945  0.874213 0.0  0.231336  0.706393  0.326643  0.276659  0.181587  0.133779  0.484176  0.273910  0.262357  0.645075  0.244710  0.148186  0.258013  0.155751  0.866447  0.580480  0.099797  0.316095  0.216661  0.245876 
10  0.394941  0.764141  0.201652  0.326645  0.545735  0.175267  0.340358  0.714437  0.684960  0.231336 0.0  0.707754  0.350355  0.183233  0.179571  0.219311  0.481092  0.293532  0.139816  0.700975  0.241218  0.147320  0.382006  0.172640  0.740707  0.538824  0.129533  0.233980  0.267737  0.227274 
11  0.311088  0.690761  0.440603  0.481077  0.751163  0.715327  0.402846  0.384023  0.573790  0.706393  0.707754 0.0  0.520981  0.727573  0.739636  0.673210  0.466222  0.514049  0.661862  0.722157  0.694271  0.665895  0.683309  0.653667  0.564396  0.728370  0.742980  0.370908  0.565626  0.763718 
12  0.354169  0.730140  0.220272  0.171475  0.709563  0.286799  0.215304  0.514347  0.634112  0.326643  0.350355  0.520981 0.0  0.252728  0.462427  0.329056  0.309455  0.245377  0.318785  0.779029  0.314482  0.336357  0.157190  0.383567  0.610747  0.740877  0.376198  0.532603  0.281450  0.398643 
13  0.369391  0.703945  0.189994  0.322694  0.590685  0.233207  0.274375  0.668098  0.798409  0.276659  0.183233  0.727573  0.252728 0.0  0.113584  0.196724  0.481404  0.336665  0.239686  0.496977  0.222236  0.328184  0.354182  0.119957  0.707002  0.662020  0.178101  0.355314  0.287907  0.214544 
14  0.437740  0.600463  0.365660  0.445724  0.562753  0.139669  0.276871  0.569488  0.881715  0.181587  0.179571  0.739636  0.462427  0.113584 0.0  0.173749  0.410120  0.316482  0.083742  0.513636  0.150897  0.171995  0.413704  0.036017  0.827177  0.497203  0.111213  0.348682  0.276453  0.204155 
15  0.362105  0.717095  0.326196  0.414622  0.656175  0.133471  0.209976  0.770979  0.844925  0.133779  0.219311  0.673210  0.329056  0.196724  0.173749 0.0  0.433832  0.304001  0.207955  0.570922  0.280806  0.205590  0.318427  0.061696  0.666183  0.614697  0.302041  0.383517  0.170256  0.128004 
16  0.072489  0.941067  0.280739  0.294994  0.919514  0.415203  0.261813  0.401323  0.770205  0.484176  0.481092  0.466222  0.309455  0.481404  0.410120  0.433832 0.0  0.335316  0.483871  0.922162  0.392343  0.332111  0.397128  0.449012  0.809027  0.866528  0.538445  0.083156  0.196184  0.447458 
17  0.325393  0.702426  0.214590  0.263162  0.698123  0.266126  0.375916  0.534057  0.612468  0.273910  0.293532  0.514049  0.245377  0.336665  0.316482  0.304001  0.335316 0.0  0.261357  0.678872  0.282734  0.312793  0.358274  0.372161  0.654484  0.689259  0.192339  0.225059  0.193664  0.465405 
18  0.381786  0.640565  0.214056  0.260605  0.620486  0.173091  0.237674  0.817120  0.681615  0.262357  0.139816  0.661862  0.318785  0.239686  0.083742  0.207955  0.483871  0.261357 0.0  0.643720  0.200691  0.183777  0.455647  0.129175  0.772002  0.634261  0.276120  0.343717  0.276517  0.139980 
19  0.704292  0.208484  0.718653  0.839467  0.154828  0.725706  0.700106  0.826980  0.351752  0.645075  0.700975  0.722157  0.779029  0.496977  0.513636  0.570922  0.922162  0.678872  0.643720 0.0  0.651992  0.611617  0.709365  0.608081  0.385838  0.330511  0.683365  0.744992  0.739131  0.632889 
20  0.309945  0.666890  0.336209  0.415309  0.574847  0.220077  0.293660  0.667598  0.801529  0.244710  0.241218  0.694271  0.314482  0.222236  0.150897  0.280806  0.392343  0.282734  0.200691  0.651992 0.0  0.133051  0.246515  0.049484  0.698335  0.712521  0.188572  0.349215  0.283122  0.235728 
21  0.283673  0.565293  0.198080  0.248734  0.573024  0.247697  0.210688  0.682985  0.788211  0.148186  0.147320  0.665895  0.336357  0.328184  0.171995  0.205590  0.332111  0.312793  0.183777  0.611617  0.133051 0.0  0.362200  0.112569  0.795494  0.641707  0.211843  0.222291  0.254886  0.257140 
22  0.454451  0.758766  0.302164  0.160836  0.925969  0.293647  0.227726  0.486868  0.667511  0.258013  0.382006  0.683309  0.157190  0.354182  0.413704  0.318427  0.397128  0.358274  0.455647  0.709365  0.246515  0.362200 0.0  0.414702  0.617286  0.706179  0.392176  0.471158  0.356014  0.344515 
23  0.533149  0.633168  0.263768  0.411639  0.570573  0.141453  0.303606  0.508988  0.791065  0.155751  0.172640  0.653667  0.383567  0.119957  0.036017  0.061696  0.449012  0.372161  0.129175  0.608081  0.049484  0.112569  0.414702 0.0  0.851831  0.534604  0.163903  0.360729  0.275387  0.060037 
24  0.819313  0.370276  0.685056  0.655955  0.407456  0.715141  0.651204  0.510724  0.134802  0.866447  0.740707  0.564396  0.610747  0.707002  0.827177  0.666183  0.809027  0.654484  0.772002  0.385838  0.698335  0.795494  0.617286  0.851831 0.0  0.308536  0.722168  0.849885  0.601967  0.839666 
25  0.783525  0.098446  0.733684  0.777571  0.200594  0.568785  0.800400  0.610433  0.335760  0.580480  0.538824  0.728370  0.740877  0.662020  0.497203  0.614697  0.866528  0.689259  0.634261  0.330511  0.712521  0.641707  0.706179  0.534604  0.308536 0.0  0.543330  0.635413  0.723582  0.572927 
26  0.342017  0.630640  0.271669  0.322573  0.581329  0.289542  0.297567  0.744549  0.742850  0.099797  0.129533  0.742980  0.376198  0.178101  0.111213  0.302041  0.538445  0.192339  0.276120  0.683365  0.188572  0.211843  0.392176  0.163903  0.722168  0.543330 0.0  0.362461  0.288169  0.238303 
27  0.204894  0.792409  0.263456  0.459545  0.750786  0.363907  0.275949  0.199135  0.765742  0.316095  0.233980  0.370908  0.532603  0.355314  0.348682  0.383517  0.083156  0.225059  0.343717  0.744992  0.349215  0.222291  0.471158  0.360729  0.849885  0.635413  0.362461 0.0  0.336561  0.258439 
28  0.273126  0.651141  0.233088  0.367944  0.628008  0.274682  0.260560  0.447074  0.704323  0.216661  0.267737  0.565626  0.281450  0.287907  0.276453  0.170256  0.196184  0.193664  0.276517  0.739131  0.283122  0.254886  0.356014  0.275387  0.601967  0.723582  0.288169  0.336561 0.0  0.267268 
29  0.212220  0.644498  0.296744  0.394801  0.672428  0.144819  0.259074  0.777448  0.783481  0.245876  0.227274  0.763718  0.398643  0.214544  0.204155  0.128004  0.447458  0.465405  0.139980  0.632889  0.235728  0.257140  0.344515  0.060037  0.839666  0.572927  0.238303  0.258439  0.267268 0.0 
