30
0 0.0  0.339022  0.723632  0.602295  0.567286  0.614242  0.746997  0.403105  0.536949  0.596671  0.728022  0.604873  0.650116  0.696748  0.674042  0.689402  0.567149  0.636373  0.649924  0.631875  0.589602  0.644457  0.725280  0.589661  0.658787  0.622277  0.629198  0.207267  0.516223  0.790723 
1  0.339022 0.0  0.567575  0.524935  0.332691  0.445475  0.727036  0.110661  0.329771  0.503193  0.424456  0.850161  0.563424  1.000000  0.454649  0.820665  0.290763  0.451021  0.931592  0.520905  0.708104  0.537590  0.546535  0.344481  0.810670  0.830187  0.457978  0.239277  0.242007  0.921555 
2  0.723632  0.567575 0.0  0.174635  0.267983  0.267972  0.457670  0.312492  0.284539  0.193918  0.152048  0.575559  0.289840  0.641729  0.232351  0.632750  0.253522  0.129564  0.640749  0.236482  0.777835  0.154217  0.192088  0.300775  0.646837  0.656605  0.174720  0.488287  0.332297  0.490808 
3  0.602295  0.524935  0.174635 0.0  0.320036  0.182015  0.418301  0.316012  0.296473  0.250438  0.303792  0.590706  0.249002  0.681644  0.232098  0.486546  0.289659  0.130563  0.552280  0.148538  0.707932  0.193803  0.162607  0.353155  0.497753  0.523393  0.175336  0.470859  0.327807  0.595681 
4  0.567286  0.332691  0.267983  0.320036 0.0  0.270372  0.450180  0.325966  0.170715  0.438588  0.365697  0.741060  0.364635  0.704390  0.300344  0.679991  0.159112  0.401892  0.763971  0.216995  0.609703  0.337194  0.387990  0.249805  0.821002  0.679937  0.368388  0.632924  0.303763  0.756591 
5  0.614242  0.445475  0.267972  0.182015  0.270372 0.0  0.461512  0.316881  0.454080  0.143810  0.206080  0.502924  0.180973  0.524992  0.213147  0.618275  0.313374  0.127195  0.629139  0.215108  0.803008  0.153758  0.091043  0.330792  0.492051  0.571601  0.066669  0.524701  0.258981  0.552809 
6  0.746997  0.727036  0.457670  0.418301  0.450180  0.461512 0.0  0.482879  0.467148  0.372152  0.477180  0.458040  0.406401  0.362394  0.349144  0.416331  0.533882  0.381935  0.401372  0.395468  0.546069  0.484795  0.380758  0.643686  0.379247  0.449971  0.336157  0.539158  0.483572  0.348966 
7  0.403105  0.110661  0.312492  0.316012  0.325966  0.316881  0.482879 0.0  0.363693  0.323009  0.211602  0.658092  0.215320  0.695881  0.253509  0.617568  0.252113  0.375694  0.701497  0.303000  0.684481  0.318561  0.279162  0.322692  0.663743  0.734533  0.286308  0.452991  0.306436  0.665657 
8  0.536949  0.329771  0.284539  0.296473  0.170715  0.454080  0.467148  0.363693 0.0  0.349586  0.261891  0.612710  0.407234  0.741046  0.367759  0.821484  0.316987  0.292418  0.763387  0.328831  0.718400  0.243228  0.309121  0.308500  0.694035  0.741771  0.304082  0.622818  0.245950  0.763925 
9  0.596671  0.503193  0.193918  0.250438  0.438588  0.143810  0.372152  0.323009  0.349586 0.0  0.293583  0.643070  0.172353  0.588078  0.244471  0.638601  0.373889  0.171257  0.560190  0.234890  0.835295  0.264570  0.141043  0.421816  0.617100  0.594920  0.302585  0.542810  0.361647  0.625716 
10  0.728022  0.424456  0.152048  0.303792  0.365697  0.206080  0.477180  0.211602  0.261891  0.293583 0.0  0.614735  0.113615  0.599056  0.216066  0.622327  0.257016  0.170880  0.689749  0.182369  0.772728  0.198076  0.212765  0.399294  0.652786  0.623702  0.212898  0.559343  0.256691  0.512507 
11  0.604873  0.850161  0.575559  0.590706  0.741060  0.502924  0.458040  0.658092  0.612710  0.643070  0.614735 0.0  0.531007  0.142971  0.612445  0.260862  0.719199  0.573545  0.291753  0.564113  0.350970  0.583407  0.577754  0.726094  0.096994  0.062175  0.627116  0.561835  0.606079  0.227694 
12  0.650116  0.563424  0.289840  0.249002  0.364635  0.180973  0.406401  0.215320  0.407234  0.172353  0.113615  0.531007 0.0  0.664085  0.271880  0.555278  0.353999  0.159219  0.688781  0.159611  0.706459  0.155998  0.174352  0.323084  0.561633  0.644856  0.222119  0.571940  0.313342  0.693780 
13  0.696748  1.000000  0.641729  0.681644  0.704390  0.524992  0.362394  0.695881  0.741046  0.588078  0.599056  0.142971  0.664085 0.0  0.557921  0.122692  0.642495  0.596059  0.218339  0.466465  0.284407  0.581954  0.706203  0.756441  0.153040  0.218884  0.640819  0.648542  0.721223  0.114365 
14  0.674042  0.454649  0.232351  0.232098  0.300344  0.213147  0.349144  0.253509  0.367759  0.244471  0.216066  0.612445  0.271880  0.557921 0.0  0.627465  0.368736  0.181979  0.677906  0.220297  0.724685  0.195936  0.136864  0.302224  0.650366  0.648697  0.355933  0.623071  0.259640  0.674974 
15  0.689402  0.820665  0.632750  0.486546  0.679991  0.618275  0.416331  0.617568  0.821484  0.638601  0.622327  0.260862  0.555278  0.122692  0.627465 0.0  0.793953  0.644293  0.256303  0.640233  0.353161  0.623348  0.696564  0.761762  0.278061  0.300010  0.695332  0.465132  0.640243  0.222792 
16  0.567149  0.290763  0.253522  0.289659  0.159112  0.313374  0.533882  0.252113  0.316987  0.373889  0.257016  0.719199  0.353999  0.642495  0.368736  0.793953 0.0  0.396279  0.806852  0.321003  0.672398  0.404101  0.365772  0.310917  0.747614  0.697557  0.361261  0.809994  0.292446  0.719773 
17  0.636373  0.451021  0.129564  0.130563  0.401892  0.127195  0.381935  0.375694  0.292418  0.171257  0.170880  0.573545  0.159219  0.596059  0.181979  0.644293  0.396279 0.0  0.605645  0.300473  0.723350  0.154206  0.227027  0.333590  0.602289  0.602659  0.167498  0.568801  0.263973  0.646537 
18  0.649924  0.931592  0.640749  0.552280  0.763971  0.629139  0.401372  0.701497  0.763387  0.560190  0.689749  0.291753  0.688781  0.218339  0.677906  0.256303  0.806852  0.605645 0.0  0.594177  0.417364  0.585236  0.631442  0.730836  0.189061  0.156341  0.580088  0.559978  0.688201  0.307920 
19  0.631875  0.520905  0.236482  0.148538  0.216995  0.215108  0.395468  0.303000  0.328831  0.234890  0.182369  0.564113  0.159611  0.466465  0.220297  0.640233  0.321003  0.300473  0.594177 0.0  0.778736  0.227654  0.159483  0.304125  0.518416  0.580738  0.281953  0.498072  0.338276  0.626756 
20  0.589602  0.708104  0.777835  0.707932  0.609703  0.803008  0.546069  0.684481  0.718400  0.835295  0.772728  0.350970  0.706459  0.284407  0.724685  0.353161  0.672398  0.723350  0.417364  0.778736 0.0  0.669202  0.804556  0.641724  0.313362  0.210860  0.666782  0.673014  0.684046  0.482037 
21  0.644457  0.537590  0.154217  0.193803  0.337194  0.153758  0.484795  0.318561  0.243228  0.264570  0.198076  0.583407  0.155998  0.581954  0.195936  0.623348  0.404101  0.154206  0.585236  0.227654  0.669202 0.0  0.195901  0.383200  0.574810  0.535511  0.194230  0.546087  0.257794  0.608842 
22  0.725280  0.546535  0.192088  0.162607  0.387990  0.091043  0.380758  0.279162  0.309121  0.141043  0.212765  0.577754  0.174352  0.706203  0.136864  0.696564  0.365772  0.227027  0.631442  0.159483  0.804556  0.195901 0.0  0.294264  0.626253  0.597640  0.131278  0.524403  0.440159  0.560764 
23  0.589661  0.344481  0.300775  0.353155  0.249805  0.330792  0.643686  0.322692  0.308500  0.421816  0.399294  0.726094  0.323084  0.756441  0.302224  0.761762  0.310917  0.333590  0.730836  0.304125  0.641724  0.383200  0.294264 0.0  0.754873  0.743505  0.274144  0.779598  0.166771  0.688671 
24  0.658787  0.810670  0.646837  0.497753  0.821002  0.492051  0.379247  0.663743  0.694035  0.617100  0.652786  0.096994  0.561633  0.153040  0.650366  0.278061  0.747614  0.602289  0.189061  0.518416  0.313362  0.574810  0.626253  0.754873 0.0  0.224570  0.689017  0.555086  0.699106  0.284476 
25  0.622277  0.830187  0.656605  0.523393  0.679937  0.571601  0.449971  0.734533  0.741771  0.594920  0.623702  0.062175  0.644856  0.218884  0.648697  0.300010  0.697557  0.602659  0.156341  0.580738  0.210860  0.535511  0.597640  0.743505  0.224570 0.0  0.624411  0.588195  0.651494  0.175970 
26  0.629198  0.457978  0.174720  0.175336  0.368388  0.066669  0.336157  0.286308  0.304082  0.302585  0.212898  0.627116  0.222119  0.640819  0.355933  0.695332  0.361261  0.167498  0.580088  0.281953  0.666782  0.194230  0.131278  0.274144  0.689017  0.624411 0.0  0.571515  0.360548  0.591491 
27  0.207267  0.239277  0.488287  0.470859  0.632924  0.524701  0.539158  0.452991  0.622818  0.542810  0.559343  0.561835  0.571940  0.648542  0.623071  0.465132  0.809994  0.568801  0.559978  0.498072  0.673014  0.546087  0.524403  0.779598  0.555086  0.588195  0.571515 0.0  0.425430  0.505924 
28  0.516223  0.242007  0.332297  0.327807  0.303763  0.258981  0.483572  0.306436  0.245950  0.361647  0.256691  0.606079  0.313342  0.721223  0.259640  0.640243  0.292446  0.263973  0.688201  0.338276  0.684046  0.257794  0.440159  0.166771  0.699106  0.651494  0.360548  0.425430 0.0  0.674575 
29  0.790723  0.921555  0.490808  0.595681  0.756591  0.552809  0.348966  0.665657  0.763925  0.625716  0.512507  0.227694  0.693780  0.114365  0.674974  0.222792  0.719773  0.646537  0.307920  0.626756  0.482037  0.608842  0.560764  0.688671  0.284476  0.175970  0.591491  0.505924  0.674575 0.0 
