30
0 0.0  0.707139  0.476814  0.207314  0.224193  0.653543  0.669571  0.256468  0.654691  0.481260  0.210172  0.475492  0.667311  0.598809  0.254049  0.232647  0.444290  0.593475  0.261041  0.304758  0.554301  0.263064  0.137704  0.254184  0.361591  0.183302  0.720955  0.403387  0.724652  0.380935 
1  0.707139 0.0  0.000000  0.709449  0.611573  0.672632  0.338848  0.578464  0.266999  0.599637  0.664442  0.626583  0.317707  0.160114  0.702123  0.744546  0.784238  0.221925  0.602334  0.838828  0.579063  0.706449  0.771626  0.602167  0.707654  0.650327  0.326999  0.720984  0.181818  0.728111 
2  0.476814  0.000000 0.0  0.375638  0.528427  0.480918  0.367972  0.591740  0.157963  0.553622  0.749456  0.803241  0.057019  0.048470  0.449475  0.808910  0.810015  0.127004  0.527481  0.783363  0.574020  0.390655  0.799214  0.443214  0.751362  0.529138  0.308418  0.831030  0.137423  0.834562 
3  0.207314  0.709449  0.375638 0.0  0.217921  0.656378  0.628769  0.128258  0.593264  0.431816  0.249316  0.357802  0.686330  0.673281  0.193150  0.255484  0.359291  0.656802  0.190294  0.318788  0.610730  0.229102  0.283416  0.203231  0.340844  0.270440  0.736698  0.338404  0.592662  0.459415 
4  0.224193  0.611573  0.528427  0.217921 0.0  0.602890  0.673718  0.218501  0.572932  0.525303  0.309218  0.456111  0.618113  0.599455  0.209931  0.238267  0.308717  0.695120  0.193803  0.297243  0.585281  0.258472  0.242949  0.125681  0.327960  0.130229  0.698674  0.331209  0.682446  0.406564 
5  0.653543  0.672632  0.480918  0.656378  0.602890 0.0  0.491528  0.704600  0.658944  0.515348  0.580681  0.452739  0.734284  0.771511  0.645309  0.589982  0.523609  0.785910  0.701942  0.506575  0.235936  0.739776  0.370556  0.575948  0.323360  0.690771  0.587968  0.474147  0.706433  0.563573 
6  0.669571  0.338848  0.367972  0.628769  0.673718  0.491528 0.0  0.788138  0.307164  0.516112  0.650803  0.881670  0.324764  0.355268  0.791172  0.652339  0.786014  0.285440  0.697905  0.638248  0.755464  0.771561  0.648313  0.893098  0.885583  0.791650  0.208448  0.705799  0.338147  0.681748 
7  0.256468  0.578464  0.591740  0.128258  0.218501  0.704600  0.788138 0.0  0.729719  0.533086  0.389566  0.462800  0.615423  0.695798  0.190147  0.288086  0.309280  0.699078  0.219475  0.298176  0.542975  0.310724  0.279175  0.151563  0.329750  0.155462  0.809141  0.398574  0.636865  0.418800 
8  0.654691  0.266999  0.157963  0.593264  0.572932  0.658944  0.307164  0.729719 0.0  0.494870  0.719571  0.957040  0.282419  0.143501  0.552089  0.702491  0.807818  0.135811  0.679649  0.842851  0.638644  0.756230  0.693377  0.757222  0.914384  0.611107  0.227972  0.824474  0.123861  0.696804 
9  0.481260  0.599637  0.553622  0.431816  0.525303  0.515348  0.516112  0.533086  0.494870 0.0  0.339738  0.516581  0.583648  0.428452  0.336655  0.411894  0.484896  0.480165  0.547504  0.468756  0.589419  0.517650  0.475216  0.504365  0.410017  0.496157  0.580390  0.588860  0.559734  0.458652 
10  0.210172  0.664442  0.749456  0.249316  0.309218  0.580681  0.650803  0.389566  0.719571  0.339738 0.0  0.260071  0.711056  0.647549  0.324902  0.396685  0.185843  0.664255  0.385613  0.277997  0.570130  0.344047  0.293397  0.312008  0.265583  0.239535  0.706913  0.209005  0.694705  0.335080 
11  0.475492  0.626583  0.803241  0.357802  0.456111  0.452739  0.881670  0.462800  0.957040  0.516581  0.260071 0.0  0.753070  0.897052  0.424352  0.241741  0.552670  0.886690  0.432477  0.383638  0.348560  0.415425  0.271304  0.481244  0.246894  0.416558  0.805754  0.442837  0.812626  0.425005 
12  0.667311  0.317707  0.057019  0.686330  0.618113  0.734284  0.324764  0.615423  0.282419  0.583648  0.711056  0.753070 0.0  0.177446  0.605549  0.733132  0.853370  0.146329  0.616172  0.883757  0.562172  0.708621  0.799251  0.691591  0.823435  0.697467  0.392227  0.752987  0.100700  0.723381 
13  0.598809  0.160114  0.048470  0.673281  0.599455  0.771511  0.355268  0.695798  0.143501  0.428452  0.647549  0.897052  0.177446 0.0  0.712722  0.698678  0.683923  0.175039  0.573489  0.837956  0.572190  0.692584  0.760907  0.687152  0.825861  0.671389  0.423472  0.814825  0.272376  0.789668 
14  0.254049  0.702123  0.449475  0.193150  0.209931  0.645309  0.791172  0.190147  0.552089  0.336655  0.324902  0.424352  0.605549  0.712722 0.0  0.255053  0.402437  0.598288  0.134343  0.433055  0.590507  0.167349  0.427134  0.203593  0.415453  0.188219  0.749839  0.316402  0.634262  0.484084 
15  0.232647  0.744546  0.808910  0.255484  0.238267  0.589982  0.652339  0.288086  0.702491  0.411894  0.396685  0.241741  0.733132  0.698678  0.255053 0.0  0.351295  0.773803  0.298161  0.348175  0.577089  0.222720  0.294526  0.295104  0.322974  0.264858  0.623442  0.256387  0.665357  0.260465 
16  0.444290  0.784238  0.810015  0.359291  0.308717  0.523609  0.786014  0.309280  0.807818  0.484896  0.185843  0.552670  0.853370  0.683923  0.402437  0.351295 0.0  0.778175  0.380009  0.391486  0.596961  0.391122  0.225419  0.516922  0.348855  0.349389  0.811850  0.406871  0.631175  0.354907 
17  0.593475  0.221925  0.127004  0.656802  0.695120  0.785910  0.285440  0.699078  0.135811  0.480165  0.664255  0.886690  0.146329  0.175039  0.598288  0.773803  0.778175 0.0  0.570779  0.846688  0.448223  0.590512  0.659093  0.746707  0.825696  0.644653  0.402893  0.775726  0.259030  0.887346 
18  0.261041  0.602334  0.527481  0.190294  0.193803  0.701942  0.697905  0.219475  0.679649  0.547504  0.385613  0.432477  0.616172  0.573489  0.134343  0.298161  0.380009  0.570779 0.0  0.459495  0.653757  0.138895  0.386951  0.222003  0.290405  0.224640  0.846839  0.309819  0.546038  0.355640 
19  0.304758  0.838828  0.783363  0.318788  0.297243  0.506575  0.638248  0.298176  0.842851  0.468756  0.277997  0.383638  0.883757  0.837956  0.433055  0.348175  0.391486  0.846688  0.459495 0.0  0.522257  0.342087  0.324110  0.346961  0.492975  0.413909  0.741191  0.257100  0.870531  0.285426 
20  0.554301  0.579063  0.574020  0.610730  0.585281  0.235936  0.755464  0.542975  0.638644  0.589419  0.570130  0.348560  0.562172  0.572190  0.590507  0.577089  0.596961  0.448223  0.653757  0.522257 0.0  0.549815  0.573593  0.608428  0.412043  0.522450  0.758594  0.684824  0.484296  0.617472 
21  0.263064  0.706449  0.390655  0.229102  0.258472  0.739776  0.771561  0.310724  0.756230  0.517650  0.344047  0.415425  0.708621  0.692584  0.167349  0.222720  0.391122  0.590512  0.138895  0.342087  0.549815 0.0  0.402150  0.228285  0.265023  0.177581  0.861848  0.296326  0.668865  0.300601 
22  0.137704  0.771626  0.799214  0.283416  0.242949  0.370556  0.648313  0.279175  0.693377  0.475216  0.293397  0.271304  0.799251  0.760907  0.427134  0.294526  0.225419  0.659093  0.386951  0.324110  0.573593  0.402150 0.0  0.367398  0.210881  0.299561  0.738690  0.374548  0.762397  0.346127 
23  0.254184  0.602167  0.443214  0.203231  0.125681  0.575948  0.893098  0.151563  0.757222  0.504365  0.312008  0.481244  0.691591  0.687152  0.203593  0.295104  0.516922  0.746707  0.222003  0.346961  0.608428  0.228285  0.367398 0.0  0.282114  0.194285  0.785957  0.397496  0.723634  0.459212 
24  0.361591  0.707654  0.751362  0.340844  0.327960  0.323360  0.885583  0.329750  0.914384  0.410017  0.265583  0.246894  0.823435  0.825861  0.415453  0.322974  0.348855  0.825696  0.290405  0.492975  0.412043  0.265023  0.210881  0.282114 0.0  0.351837  1.000000  0.475118  0.831195  0.472734 
25  0.183302  0.650327  0.529138  0.270440  0.130229  0.690771  0.791650  0.155462  0.611107  0.496157  0.239535  0.416558  0.697467  0.671389  0.188219  0.264858  0.349389  0.644653  0.224640  0.413909  0.522450  0.177581  0.299561  0.194285  0.351837 0.0  0.822403  0.353433  0.580823  0.357592 
26  0.720955  0.326999  0.308418  0.736698  0.698674  0.587968  0.208448  0.809141  0.227972  0.580390  0.706913  0.805754  0.392227  0.423472  0.749839  0.623442  0.811850  0.402893  0.846839  0.741191  0.758594  0.861848  0.738690  0.785957  1.000000  0.822403 0.0  0.686609  0.239064  0.673646 
27  0.403387  0.720984  0.831030  0.338404  0.331209  0.474147  0.705799  0.398574  0.824474  0.588860  0.209005  0.442837  0.752987  0.814825  0.316402  0.256387  0.406871  0.775726  0.309819  0.257100  0.684824  0.296326  0.374548  0.397496  0.475118  0.353433  0.686609 0.0  0.837262  0.158966 
28  0.724652  0.181818  0.137423  0.592662  0.682446  0.706433  0.338147  0.636865  0.123861  0.559734  0.694705  0.812626  0.100700  0.272376  0.634262  0.665357  0.631175  0.259030  0.546038  0.870531  0.484296  0.668865  0.762397  0.723634  0.831195  0.580823  0.239064  0.837262 0.0  0.782567 
29  0.380935  0.728111  0.834562  0.459415  0.406564  0.563573  0.681748  0.418800  0.696804  0.458652  0.335080  0.425005  0.723381  0.789668  0.484084  0.260465  0.354907  0.887346  0.355640  0.285426  0.617472  0.300601  0.346127  0.459212  0.472734  0.357592  0.673646  0.158966  0.782567 0.0 
