30
0 0.0  0.349512  0.144674  0.270976  0.329420  0.545602  0.270165  0.716592  0.765158  0.223824  0.505405  0.696118  0.469921  0.427978  0.531958  0.199297  0.194951  0.665011  0.749342  0.341358  0.163777  0.397574  0.492325  0.304578  0.303639  0.257129  0.261459  0.600622  0.162828  0.383351 
1  0.349512 0.0  0.394545  0.235344  0.286480  0.474291  0.286670  0.557631  0.759727  0.318656  0.781671  0.838215  0.556977  0.494144  0.946274  0.320032  0.293755  0.766024  0.878843  0.244034  0.375053  0.271548  0.744398  0.243021  0.385510  0.365265  0.431241  0.738025  0.311902  0.293848 
2  0.144674  0.394545 0.0  0.084115  0.458355  0.431309  0.288395  0.861382  0.982018  0.130818  0.700966  0.523696  0.242519  0.377662  0.571619  0.158981  0.179279  0.658251  0.604600  0.519123  0.091740  0.487071  0.687743  0.441053  0.481376  0.000000  0.158509  0.796567  0.093348  0.322273 
3  0.270976  0.235344  0.084115 0.0  0.261977  0.524578  0.255687  0.729209  0.825516  0.253630  0.506721  0.611144  0.407627  0.354602  0.588218  0.215452  0.193129  0.687798  0.748598  0.279870  0.192604  0.334736  0.587677  0.464123  0.307176  0.236102  0.231156  0.723911  0.244710  0.377009 
4  0.329420  0.286480  0.458355  0.261977 0.0  0.505284  0.272484  0.693428  0.646295  0.322748  0.762095  0.747070  0.463477  0.598417  0.899054  0.320653  0.527937  0.779770  0.820725  0.247615  0.303914  0.218092  0.838948  0.257879  0.356957  0.253078  0.375462  0.729151  0.345081  0.314044 
5  0.545602  0.474291  0.431309  0.524578  0.505284 0.0  0.402372  0.531384  0.424590  0.375957  0.555267  0.493378  0.542959  0.514012  0.402397  0.603673  0.575738  0.463461  0.501684  0.606979  0.418891  0.516203  0.593095  0.527798  0.469070  0.506157  0.502402  0.370612  0.625770  0.408805 
6  0.270165  0.286670  0.288395  0.255687  0.272484  0.402372 0.0  0.690404  0.784040  0.273195  0.456421  0.742932  0.515214  0.297109  0.796401  0.332328  0.406635  0.704451  0.719207  0.248699  0.268958  0.234668  0.728043  0.287824  0.284221  0.231802  0.203566  0.815344  0.285045  0.269532 
7  0.716592  0.557631  0.861382  0.729209  0.693428  0.531384  0.690404 0.0  0.127019  0.704169  0.573489  0.349320  0.546612  0.923036  0.353791  0.808161  0.868178  0.448672  0.342515  0.574508  0.838485  0.617938  0.368951  0.654124  0.700770  0.908800  0.813828  0.434169  0.654940  0.713303 
8  0.765158  0.759727  0.982018  0.825516  0.646295  0.424590  0.784040  0.127019 0.0  0.737409  0.731996  0.350494  0.585673  1.000000  0.389765  0.887854  0.902710  0.388166  0.302104  0.517314  0.813574  0.599226  0.461755  0.619302  0.734994  0.792031  0.755568  0.347654  0.857128  0.691370 
9  0.223824  0.318656  0.130818  0.253630  0.322748  0.375957  0.273195  0.704169  0.737409 0.0  0.491405  0.667822  0.495329  0.403106  0.618966  0.197848  0.178072  0.590396  0.682123  0.414329  0.201002  0.464497  0.521653  0.276067  0.385204  0.172907  0.248209  0.635121  0.209362  0.288887 
10  0.505405  0.781671  0.700966  0.506721  0.762095  0.555267  0.456421  0.573489  0.731996  0.491405 0.0  0.568427  0.540900  0.491510  0.553718  0.624920  0.572288  0.509623  0.588419  0.673293  0.587284  0.659005  0.643701  0.654411  0.524247  0.685638  0.613450  0.584888  0.636076  0.525975 
11  0.696118  0.838215  0.523696  0.611144  0.747070  0.493378  0.742932  0.349320  0.350494  0.667822  0.568427 0.0  0.373998  0.719966  0.244777  0.591873  0.671957  0.320398  0.233336  0.849833  0.782882  0.740780  0.052381  0.758993  0.730551  0.703023  0.669044  0.138430  0.537174  0.725831 
12  0.469921  0.556977  0.242519  0.407627  0.463477  0.542959  0.515214  0.546612  0.585673  0.495329  0.540900  0.373998 0.0  0.564611  0.464948  0.288058  0.370497  0.385658  0.354289  0.560829  0.443295  0.539884  0.263103  0.698682  0.428354  0.395982  0.423305  0.501921  0.418306  0.564623 
13  0.427978  0.494144  0.377662  0.354602  0.598417  0.514012  0.297109  0.923036  1.000000  0.403106  0.491510  0.719966  0.564611 0.0  0.843238  0.357472  0.339846  0.824802  0.897234  0.577386  0.410162  0.547482  0.845107  0.457446  0.455831  0.306107  0.352658  0.813062  0.279704  0.230985 
14  0.531958  0.946274  0.571619  0.588218  0.899054  0.402397  0.796401  0.353791  0.389765  0.618966  0.553718  0.244777  0.464948  0.843238 0.0  0.742588  0.614662  0.205239  0.227953  0.905564  0.629749  0.739695  0.068084  0.897555  0.859585  0.589263  0.709570  0.143242  0.649710  0.750705 
15  0.199297  0.320032  0.158981  0.215452  0.320653  0.603673  0.332328  0.808161  0.887854  0.197848  0.624920  0.591873  0.288058  0.357472  0.742588 0.0  0.296986  0.640419  0.662129  0.253637  0.171025  0.316842  0.478788  0.370037  0.322604  0.182867  0.079435  0.558249  0.138591  0.254462 
16  0.194951  0.293755  0.179279  0.193129  0.527937  0.575738  0.406635  0.868178  0.902710  0.178072  0.572288  0.671957  0.370497  0.339846  0.614662  0.296986 0.0  0.576069  0.596812  0.272396  0.251053  0.525247  0.475763  0.342822  0.339751  0.214244  0.263695  0.625736  0.167751  0.259845 
17  0.665011  0.766024  0.658251  0.687798  0.779770  0.463461  0.704451  0.448672  0.388166  0.590396  0.509623  0.320398  0.385658  0.824802  0.205239  0.640419  0.576069 0.0  0.072499  0.811787  0.557005  0.731247  0.063834  0.758191  0.758230  0.657510  0.744570  0.371334  0.566391  0.679892 
18  0.749342  0.878843  0.604600  0.748598  0.820725  0.501684  0.719207  0.342515  0.302104  0.682123  0.588419  0.233336  0.354289  0.897234  0.227953  0.662129  0.596812  0.072499 0.0  0.859354  0.641233  0.692663  0.111816  0.826102  0.867871  0.514194  0.630719  0.321511  0.732507  0.761334 
19  0.341358  0.244034  0.519123  0.279870  0.247615  0.606979  0.248699  0.574508  0.517314  0.414329  0.673293  0.849833  0.560829  0.577386  0.905564  0.253637  0.272396  0.811787  0.859354 0.0  0.377415  0.195924  0.850903  0.169291  0.422580  0.356371  0.294076  0.745256  0.420454  0.360524 
20  0.163777  0.375053  0.091740  0.192604  0.303914  0.418891  0.268958  0.838485  0.813574  0.201002  0.587284  0.782882  0.443295  0.410162  0.629749  0.171025  0.251053  0.557005  0.641233  0.377415 0.0  0.342032  0.512286  0.411901  0.366684  0.249296  0.236137  0.631050  0.102169  0.318443 
21  0.397574  0.271548  0.487071  0.334736  0.218092  0.516203  0.234668  0.617938  0.599226  0.464497  0.659005  0.740780  0.539884  0.547482  0.739695  0.316842  0.525247  0.731247  0.692663  0.195924  0.342032 0.0  0.919937  0.269033  0.260666  0.416821  0.383383  0.779978  0.290919  0.181367 
22  0.492325  0.744398  0.687743  0.587677  0.838948  0.593095  0.728043  0.368951  0.461755  0.521653  0.643701  0.052381  0.263103  0.845107  0.068084  0.478788  0.475763  0.063834  0.111816  0.850903  0.512286  0.919937 0.0  0.819908  0.766747  0.415294  0.499971  0.059674  0.600733  0.632426 
23  0.304578  0.243021  0.441053  0.464123  0.257879  0.527798  0.287824  0.654124  0.619302  0.276067  0.654411  0.758993  0.698682  0.457446  0.897555  0.370037  0.342822  0.758191  0.826102  0.169291  0.411901  0.269033  0.819908 0.0  0.330899  0.354463  0.397765  0.883537  0.411791  0.472879 
24  0.303639  0.385510  0.481376  0.307176  0.356957  0.469070  0.284221  0.700770  0.734994  0.385204  0.524247  0.730551  0.428354  0.455831  0.859585  0.322604  0.339751  0.758230  0.867871  0.422580  0.366684  0.260666  0.766747  0.330899 0.0  0.430650  0.398779  0.800882  0.322560  0.273980 
25  0.257129  0.365265  0.000000  0.236102  0.253078  0.506157  0.231802  0.908800  0.792031  0.172907  0.685638  0.703023  0.395982  0.306107  0.589263  0.182867  0.214244  0.657510  0.514194  0.356371  0.249296  0.416821  0.415294  0.354463  0.430650 0.0  0.107484  0.639290  0.117277  0.327190 
26  0.261459  0.431241  0.158509  0.231156  0.375462  0.502402  0.203566  0.813828  0.755568  0.248209  0.613450  0.669044  0.423305  0.352658  0.709570  0.079435  0.263695  0.744570  0.630719  0.294076  0.236137  0.383383  0.499971  0.397765  0.398779  0.107484 0.0  0.612726  0.132292  0.282540 
27  0.600622  0.738025  0.796567  0.723911  0.729151  0.370612  0.815344  0.434169  0.347654  0.635121  0.584888  0.138430  0.501921  0.813062  0.143242  0.558249  0.625736  0.371334  0.321511  0.745256  0.631050  0.779978  0.059674  0.883537  0.800882  0.639290  0.612726 0.0  0.664622  0.679366 
28  0.162828  0.311902  0.093348  0.244710  0.345081  0.625770  0.285045  0.654940  0.857128  0.209362  0.636076  0.537174  0.418306  0.279704  0.649710  0.138591  0.167751  0.566391  0.732507  0.420454  0.102169  0.290919  0.600733  0.411791  0.322560  0.117277  0.132292  0.664622 0.0  0.289736 
29  0.383351  0.293848  0.322273  0.377009  0.314044  0.408805  0.269532  0.713303  0.691370  0.288887  0.525975  0.725831  0.564623  0.230985  0.750705  0.254462  0.259845  0.679892  0.761334  0.360524  0.318443  0.181367  0.632426  0.472879  0.273980  0.327190  0.282540  0.679366  0.289736 0.0 
