30
0 0.0  0.547464  0.762719  0.476667  0.700078  0.752346  0.762282  0.552785  0.273861  0.806714  0.900209  0.852152  0.365168  0.918809  0.679308  0.543042  0.404682  0.416015  0.867989  0.699402  0.806651  0.806319  0.426566  0.888292  0.755311  0.848724  0.850179  0.509622  0.956098  0.716351 
1  0.547464 0.0  0.469256  0.255670  0.600195  0.184826  0.209164  0.819898  0.803991  0.407301  0.448859  0.363872  0.706790  0.388265  0.325186  0.809751  0.856679  0.411145  0.368912  0.224185  0.373291  0.465625  0.841831  0.424206  0.389919  0.403504  0.429172  0.747880  0.302178  0.472378 
2  0.762719  0.469256 0.0  0.587351  0.586631  0.355217  0.279797  0.794918  0.785723  0.373616  0.437413  0.303310  0.680482  0.335709  0.258838  0.723432  0.713380  0.575687  0.253159  0.309524  0.407622  0.372556  0.724154  0.350830  0.397140  0.443469  0.005652  0.765752  0.305049  0.381520 
3  0.476667  0.255670  0.587351 0.0  0.687342  0.442235  0.443780  0.681956  0.571358  0.590794  0.639306  0.762752  0.475068  0.582105  0.615687  0.807625  0.536338  0.359494  0.565088  0.499971  0.674435  0.702323  0.675567  0.634182  0.640577  0.657950  0.597242  0.714701  0.720062  0.588617 
4  0.700078  0.600195  0.586631  0.687342 0.0  0.628496  0.502100  0.295755  0.294542  0.258757  0.433150  0.466598  0.662894  0.476751  0.399359  0.410656  0.474100  0.726661  0.367001  0.509603  0.389669  0.315340  0.367168  0.348651  0.569906  0.390160  0.483750  0.391877  0.418662  0.569588 
5  0.752346  0.184826  0.355217  0.442235  0.628496 0.0  0.353923  1.000000  0.787325  0.499819  0.509442  0.458013  0.841952  0.508182  0.259164  0.947722  0.727159  0.485135  0.448394  0.293784  0.447779  0.382823  0.800713  0.575863  0.295956  0.436647  0.301393  0.840506  0.493566  0.298255 
6  0.762282  0.209164  0.279797  0.443780  0.502100  0.353923 0.0  0.630690  0.654129  0.328449  0.183203  0.308907  0.757527  0.164158  0.215373  0.731696  0.762824  0.454506  0.362869  0.090014  0.248220  0.134498  0.691168  0.289526  0.206536  0.435198  0.233232  0.718316  0.351996  0.338247 
7  0.552785  0.819898  0.794918  0.681956  0.295755  1.000000  0.630690 0.0  0.000000  0.493617  0.620626  0.669604  0.301973  0.715509  0.705446  0.201306  0.324026  0.660321  0.725796  0.697189  0.588364  0.603909  0.229650  0.766800  0.778379  0.803355  0.683168  0.194745  0.638241  0.855865 
8  0.273861  0.803991  0.785723  0.571358  0.294542  0.787325  0.654129  0.000000 0.0  0.558554  0.518703  0.488019  0.283257  0.538425  0.696196  0.136151  0.283153  0.519918  0.480300  0.635677  0.555610  0.483918  0.099533  0.548215  0.632766  0.319041  0.870556  0.026949  0.446902  0.719002 
9  0.806714  0.407301  0.373616  0.590794  0.258757  0.499819  0.328449  0.493617  0.558554 0.0  0.215805  0.049725  0.797560  0.207848  0.393889  0.578848  0.699953  0.674548  0.074509  0.316408  0.147510  0.125788  0.649839  0.175730  0.340178  0.111863  0.509349  0.606633  0.090091  0.431762 
10  0.900209  0.448859  0.437413  0.639306  0.433150  0.509442  0.183203  0.620626  0.518703  0.215805 0.0  0.291337  0.725357  0.220314  0.233250  0.647749  0.747299  0.721116  0.147440  0.240059  0.230723  0.273037  0.626272  0.208058  0.379749  0.215228  0.374524  0.646259  0.138260  0.270181 
11  0.852152  0.363872  0.303310  0.762752  0.466598  0.458013  0.308907  0.669604  0.488019  0.049725  0.291337 0.0  0.734023  0.268451  0.338006  0.594838  0.710816  0.595185  0.128961  0.268945  0.222073  0.287788  0.622460  0.218054  0.314585  0.259618  0.372103  0.613834  0.218856  0.345397 
12  0.365168  0.706790  0.680482  0.475068  0.662894  0.841952  0.757527  0.301973  0.283257  0.797560  0.725357  0.734023 0.0  0.738664  0.699735  0.387920  0.283121  0.484550  0.883109  0.683389  0.840278  0.811820  0.335525  0.804267  0.507046  0.736843  0.823749  0.316920  0.763497  0.624095 
13  0.918809  0.388265  0.335709  0.582105  0.476751  0.508182  0.164158  0.715509  0.538425  0.207848  0.220314  0.268451  0.738664 0.0  0.297685  0.624722  0.845105  0.708249  0.273934  0.255556  0.247385  0.220745  0.677451  0.176194  0.306149  0.257527  0.445998  0.803525  0.092136  0.270582 
14  0.679308  0.325186  0.258838  0.615687  0.399359  0.259164  0.215373  0.705446  0.696196  0.393889  0.233250  0.338006  0.699735  0.297685 0.0  0.673421  0.654825  0.450510  0.283943  0.327980  0.292954  0.160695  0.629845  0.260694  0.307236  0.224847  0.249760  0.782950  0.265360  0.252117 
15  0.543042  0.809751  0.723432  0.807625  0.410656  0.947722  0.731696  0.201306  0.136151  0.578848  0.647749  0.594838  0.387920  0.624722  0.673421 0.0  0.415789  0.662227  0.575690  0.718687  0.706249  0.617557  0.167286  0.613689  0.787301  0.587416  0.687698  0.164286  0.630278  0.776036 
16  0.404682  0.856679  0.713380  0.536338  0.474100  0.727159  0.762824  0.324026  0.283153  0.699953  0.747299  0.710816  0.283121  0.845105  0.654825  0.415789 0.0  0.602475  0.674925  0.710277  0.697483  0.744187  0.421427  0.776183  0.662732  0.867673  0.776332  0.372791  0.743483  0.692973 
17  0.416015  0.411145  0.575687  0.359494  0.726661  0.485135  0.454506  0.660321  0.519918  0.674548  0.721116  0.595185  0.484550  0.708249  0.450510  0.662227  0.602475 0.0  0.750568  0.503958  0.731272  0.672821  0.749935  0.725498  0.533551  0.673635  0.545816  0.583546  0.722036  0.577879 
18  0.867989  0.368912  0.253159  0.565088  0.367001  0.448394  0.362869  0.725796  0.480300  0.074509  0.147440  0.128961  0.883109  0.273934  0.283943  0.575690  0.674925  0.750568 0.0  0.193681  0.211125  0.202331  0.531132  0.218527  0.309677  0.198779  0.406779  0.637965  0.266228  0.358653 
19  0.699402  0.224185  0.309524  0.499971  0.509603  0.293784  0.090014  0.697189  0.635677  0.316408  0.240059  0.268945  0.683389  0.255556  0.327980  0.718687  0.710277  0.503958  0.193681 0.0  0.308294  0.368037  0.640208  0.233644  0.345934  0.308146  0.251367  0.715474  0.211937  0.297912 
20  0.806651  0.373291  0.407622  0.674435  0.389669  0.447779  0.248220  0.588364  0.555610  0.147510  0.230723  0.222073  0.840278  0.247385  0.292954  0.706249  0.697483  0.731272  0.211125  0.308294 0.0  0.250726  0.546362  0.171215  0.382505  0.187293  0.361557  0.646642  0.232278  0.263666 
21  0.806319  0.465625  0.372556  0.702323  0.315340  0.382823  0.134498  0.603909  0.483918  0.125788  0.273037  0.287788  0.811820  0.220745  0.160695  0.617557  0.744187  0.672821  0.202331  0.368037  0.250726 0.0  0.671721  0.149357  0.318355  0.136123  0.272798  0.695085  0.135161  0.386156 
22  0.426566  0.841831  0.724154  0.675567  0.367168  0.800713  0.691168  0.229650  0.099533  0.649839  0.626272  0.622460  0.335525  0.677451  0.629845  0.167286  0.421427  0.749935  0.531132  0.640208  0.546362  0.671721 0.0  0.670798  0.729449  0.633581  0.715514  0.251732  0.580417  0.883287 
23  0.888292  0.424206  0.350830  0.634182  0.348651  0.575863  0.289526  0.766800  0.548215  0.175730  0.208058  0.218054  0.804267  0.176194  0.260694  0.613689  0.776183  0.725498  0.218527  0.233644  0.171215  0.149357  0.670798 0.0  0.452008  0.172822  0.357557  0.727570  0.210717  0.261159 
24  0.755311  0.389919  0.397140  0.640577  0.569906  0.295956  0.206536  0.778379  0.632766  0.340178  0.379749  0.314585  0.507046  0.306149  0.307236  0.787301  0.662732  0.533551  0.309677  0.345934  0.382505  0.318355  0.729449  0.452008 0.0  0.231757  0.262004  0.822350  0.274044  0.189059 
25  0.848724  0.403504  0.443469  0.657950  0.390160  0.436647  0.435198  0.803355  0.319041  0.111863  0.215228  0.259618  0.736843  0.257527  0.224847  0.587416  0.867673  0.673635  0.198779  0.308146  0.187293  0.136123  0.633581  0.172822  0.231757 0.0  0.272859  0.565281  0.223510  0.267416 
26  0.850179  0.429172  0.005652  0.597242  0.483750  0.301393  0.233232  0.683168  0.870556  0.509349  0.374524  0.372103  0.823749  0.445998  0.249760  0.687698  0.776332  0.545816  0.406779  0.251367  0.361557  0.272798  0.715514  0.357557  0.262004  0.272859 0.0  0.832726  0.291242  0.482796 
27  0.509622  0.747880  0.765752  0.714701  0.391877  0.840506  0.718316  0.194745  0.026949  0.606633  0.646259  0.613834  0.316920  0.803525  0.782950  0.164286  0.372791  0.583546  0.637965  0.715474  0.646642  0.695085  0.251732  0.727570  0.822350  0.565281  0.832726 0.0  0.573372  0.801713 
28  0.956098  0.302178  0.305049  0.720062  0.418662  0.493566  0.351996  0.638241  0.446902  0.090091  0.138260  0.218856  0.763497  0.092136  0.265360  0.630278  0.743483  0.722036  0.266228  0.211937  0.232278  0.135161  0.580417  0.210717  0.274044  0.223510  0.291242  0.573372 0.0  0.352066 
29  0.716351  0.472378  0.381520  0.588617  0.569588  0.298255  0.338247  0.855865  0.719002  0.431762  0.270181  0.345397  0.624095  0.270582  0.252117  0.776036  0.692973  0.577879  0.358653  0.297912  0.263666  0.386156  0.883287  0.261159  0.189059  0.267416  0.482796  0.801713  0.352066 0.0 
