30
0 0.0  0.224778  0.261437  1.000000  0.410197  0.393869  0.531802  0.173151  0.663490  0.299435  0.652314  0.371214  0.299361  0.750750  0.237017  0.476366  0.272535  0.222328  0.703155  0.552696  0.633950  0.271809  0.238668  0.286019  0.121598  0.602226  0.374508  0.251342  0.365934  0.240425 
1  0.224778 0.0  0.300585  0.958928  0.340040  0.294388  0.389848  0.222366  0.878261  0.236385  0.696993  0.442156  0.427934  0.732369  0.293100  0.701989  0.289085  0.198122  0.678410  0.439553  0.638381  0.255828  0.264548  0.266464  0.301908  0.536541  0.338144  0.135113  0.342345  0.197631 
2  0.261437  0.300585 0.0  0.792255  0.318024  0.291805  0.350385  0.424915  0.698194  0.382040  0.674655  0.260943  0.309690  0.558255  0.288124  0.501648  0.339565  0.314883  0.711178  0.494232  0.693041  0.363537  0.256428  0.221872  0.159998  0.653027  0.289711  0.247297  0.359514  0.243843 
3  1.000000  0.958928  0.792255 0.0  0.854945  0.690324  0.634343  0.995181  0.425197  0.662512  0.570251  0.733738  0.926930  0.503376  0.468778  0.243786  0.801626  0.868658  0.530406  0.575429  0.515624  0.954786  0.830435  0.861996  0.944999  0.517315  0.830857  0.923619  0.948334  0.993854 
4  0.410197  0.340040  0.318024  0.854945 0.0  0.057487  0.384096  0.247145  0.671456  0.282782  0.891732  0.189895  0.165752  0.583462  0.501002  0.732972  0.121627  0.391079  0.724488  0.479384  0.813580  0.295159  0.315573  0.260711  0.381172  0.835901  0.271243  0.319829  0.169469  0.352217 
5  0.393869  0.294388  0.291805  0.690324  0.057487 0.0  0.323826  0.459091  0.675812  0.377986  0.806415  0.151917  0.147920  0.606550  0.442580  0.804107  0.348675  0.380140  0.783614  0.399883  0.794877  0.407328  0.344525  0.292804  0.370291  0.781740  0.411009  0.368210  0.261164  0.408343 
6  0.531802  0.389848  0.350385  0.634343  0.384096  0.323826 0.0  0.461182  0.873304  0.204912  0.798011  0.421634  0.447818  0.320406  0.085062  0.300472  0.315517  0.330164  0.933442  0.576245  0.950011  0.548471  0.439849  0.383514  0.426418  0.930007  0.318946  0.387911  0.426128  0.450738 
7  0.173151  0.222366  0.424915  0.995181  0.247145  0.459091  0.461182 0.0  0.850790  0.338087  0.633647  0.374383  0.296396  0.770457  0.346917  0.746836  0.281769  0.169919  0.702474  0.440917  0.467183  0.282817  0.200760  0.225551  0.205773  0.621721  0.315421  0.205263  0.467670  0.164875 
8  0.663490  0.878261  0.698194  0.425197  0.671456  0.675812  0.873304  0.850790 0.0  0.798686  0.316802  0.740034  0.694325  0.571199  0.891804  0.848122  0.689839  0.754847  0.262994  0.473442  0.370551  0.795574  0.744710  0.803534  0.846690  0.349957  0.754041  0.647458  0.664102  0.798281 
9  0.299435  0.236385  0.382040  0.662512  0.282782  0.377986  0.204912  0.338087  0.798686 0.0  0.797632  0.428410  0.280524  0.531149  0.346629  0.485862  0.323880  0.328120  0.660724  0.459565  0.673237  0.402274  0.347242  0.351545  0.182992  0.775312  0.369075  0.275334  0.208126  0.389918 
10  0.652314  0.696993  0.674655  0.570251  0.891732  0.806415  0.798011  0.633647  0.316802  0.797632 0.0  0.733587  0.789417  0.769246  0.868088  0.488634  0.814081  0.647575  0.301430  0.534653  0.104624  0.605842  0.667237  0.653577  0.644786  0.177234  0.790074  0.621542  0.785238  0.731042 
11  0.371214  0.442156  0.260943  0.733738  0.189895  0.151917  0.421634  0.374383  0.740034  0.428410  0.733587 0.0  0.204182  0.531189  0.563252  0.649940  0.247292  0.366914  0.820551  0.527005  0.782887  0.284856  0.300117  0.313937  0.270441  0.771733  0.322017  0.373365  0.341532  0.419063 
12  0.299361  0.427934  0.309690  0.926930  0.165752  0.147920  0.447818  0.296396  0.694325  0.280524  0.789417  0.204182 0.0  0.589448  0.532987  0.709835  0.293308  0.368582  0.768817  0.447563  0.838739  0.290935  0.396051  0.500876  0.398471  0.811851  0.238671  0.378292  0.285368  0.343214 
13  0.750750  0.732369  0.558255  0.503376  0.583462  0.606550  0.320406  0.770457  0.571199  0.531149  0.769246  0.531189  0.589448 0.0  0.239838  0.321340  0.468283  0.640982  0.750313  0.645949  0.710315  0.674516  0.771241  0.691794  0.717268  0.680164  0.505286  0.672976  0.482794  0.678902 
14  0.237017  0.293100  0.288124  0.468778  0.501002  0.442580  0.085062  0.346917  0.891804  0.346629  0.868088  0.563252  0.532987  0.239838 0.0  0.416950  0.291177  0.319544  0.744347  0.513266  0.718884  0.254487  0.436900  0.443305  0.354583  0.815072  0.344550  0.379830  0.470952  0.465216 
15  0.476366  0.701989  0.501648  0.243786  0.732972  0.804107  0.300472  0.746836  0.848122  0.485862  0.488634  0.649940  0.709835  0.321340  0.416950 0.0  0.635740  0.556774  0.581666  0.460940  0.521110  0.550507  0.548534  0.602318  0.572550  0.488377  0.559495  0.539460  0.628146  0.504344 
16  0.272535  0.289085  0.339565  0.801626  0.121627  0.348675  0.315517  0.281769  0.689839  0.323880  0.814081  0.247292  0.293308  0.468283  0.291177  0.635740 0.0  0.179199  0.747765  0.530829  0.817970  0.300050  0.294226  0.288092  0.291119  0.720291  0.327349  0.331035  0.220591  0.295407 
17  0.222328  0.198122  0.314883  0.868658  0.391079  0.380140  0.330164  0.169919  0.754847  0.328120  0.647575  0.366914  0.368582  0.640982  0.319544  0.556774  0.179199 0.0  0.691308  0.484932  0.652717  0.196752  0.244829  0.201478  0.100570  0.624693  0.321632  0.354781  0.367549  0.270157 
18  0.703155  0.678410  0.711178  0.530406  0.724488  0.783614  0.933442  0.702474  0.262994  0.660724  0.301430  0.820551  0.768817  0.750313  0.744347  0.581666  0.747765  0.691308 0.0  0.471810  0.193124  0.603862  0.667822  0.622679  0.680372  0.107262  0.669537  0.579910  0.799670  0.625870 
19  0.552696  0.439553  0.494232  0.575429  0.479384  0.399883  0.576245  0.440917  0.473442  0.459565  0.534653  0.527005  0.447563  0.645949  0.513266  0.460940  0.530829  0.484932  0.471810 0.0  0.590719  0.410419  0.449460  0.458115  0.429592  0.434740  0.578744  0.489780  0.587956  0.566850 
20  0.633950  0.638381  0.693041  0.515624  0.813580  0.794877  0.950011  0.467183  0.370551  0.673237  0.104624  0.782887  0.838739  0.710315  0.718884  0.521110  0.817970  0.652717  0.193124  0.590719 0.0  0.641682  0.736393  0.538294  0.684114  0.215125  0.766299  0.601293  0.749466  0.672742 
21  0.271809  0.255828  0.363537  0.954786  0.295159  0.407328  0.548471  0.282817  0.795574  0.402274  0.605842  0.284856  0.290935  0.674516  0.254487  0.550507  0.300050  0.196752  0.603862  0.410419  0.641682 0.0  0.178666  0.289507  0.138471  0.623469  0.226436  0.213475  0.372596  0.264613 
22  0.238668  0.264548  0.256428  0.830435  0.315573  0.344525  0.439849  0.200760  0.744710  0.347242  0.667237  0.300117  0.396051  0.771241  0.436900  0.548534  0.294226  0.244829  0.667822  0.449460  0.736393  0.178666 0.0  0.226078  0.213419  0.642825  0.247194  0.288168  0.304644  0.271466 
23  0.286019  0.266464  0.221872  0.861996  0.260711  0.292804  0.383514  0.225551  0.803534  0.351545  0.653577  0.313937  0.500876  0.691794  0.443305  0.602318  0.288092  0.201478  0.622679  0.458115  0.538294  0.289507  0.226078 0.0  0.324960  0.659272  0.302848  0.259898  0.331499  0.307111 
24  0.121598  0.301908  0.159998  0.944999  0.381172  0.370291  0.426418  0.205773  0.846690  0.182992  0.644786  0.270441  0.398471  0.717268  0.354583  0.572550  0.291119  0.100570  0.680372  0.429592  0.684114  0.138471  0.213419  0.324960 0.0  0.590971  0.130659  0.169566  0.314535  0.214537 
25  0.602226  0.536541  0.653027  0.517315  0.835901  0.781740  0.930007  0.621721  0.349957  0.775312  0.177234  0.771733  0.811851  0.680164  0.815072  0.488377  0.720291  0.624693  0.107262  0.434740  0.215125  0.623469  0.642825  0.659272  0.590971 0.0  0.742907  0.614058  0.792627  0.663008 
26  0.374508  0.338144  0.289711  0.830857  0.271243  0.411009  0.318946  0.315421  0.754041  0.369075  0.790074  0.322017  0.238671  0.505286  0.344550  0.559495  0.327349  0.321632  0.669537  0.578744  0.766299  0.226436  0.247194  0.302848  0.130659  0.742907 0.0  0.403108  0.302328  0.306968 
27  0.251342  0.135113  0.247297  0.923619  0.319829  0.368210  0.387911  0.205263  0.647458  0.275334  0.621542  0.373365  0.378292  0.672976  0.379830  0.539460  0.331035  0.354781  0.579910  0.489780  0.601293  0.213475  0.288168  0.259898  0.169566  0.614058  0.403108 0.0  0.395875  0.266426 
28  0.365934  0.342345  0.359514  0.948334  0.169469  0.261164  0.426128  0.467670  0.664102  0.208126  0.785238  0.341532  0.285368  0.482794  0.470952  0.628146  0.220591  0.367549  0.799670  0.587956  0.749466  0.372596  0.304644  0.331499  0.314535  0.792627  0.302328  0.395875 0.0  0.342273 
29  0.240425  0.197631  0.243843  0.993854  0.352217  0.408343  0.450738  0.164875  0.798281  0.389918  0.731042  0.419063  0.343214  0.678902  0.465216  0.504344  0.295407  0.270157  0.625870  0.566850  0.672742  0.264613  0.271466  0.307111  0.214537  0.663008  0.306968  0.266426  0.342273 0.0 
