30
0 0.0  0.211739  0.483029  0.448818  0.340908  0.498615  0.317526  0.320042  0.462680  0.367177  0.317859  0.768626  0.949096  0.302121  0.711340  0.338937  0.766574  0.767266  0.977067  0.661872  0.331656  0.556795  0.807436  0.701189  0.597349  1.000000  0.340994  0.321688  0.326643  0.796586 
1  0.211739 0.0  0.382512  0.204170  0.554065  0.031129  0.197758  0.304402  0.158007  0.158234  0.271976  0.554262  0.921718  0.675768  0.649761  0.223521  0.592499  0.647558  0.774785  0.664890  0.224307  0.237871  0.703771  0.409779  0.257206  0.790655  0.215788  0.688093  0.158361  0.780380 
2  0.483029  0.382512 0.0  0.457045  0.406078  0.404070  0.415729  0.319891  0.405924  0.485159  0.345216  0.783940  0.633805  0.722463  0.812663  0.474904  0.849476  0.883146  0.653861  0.863889  0.368463  0.119896  0.737761  0.553042  0.257931  0.607420  0.381551  0.642503  0.342790  0.694993 
3  0.448818  0.204170  0.457045 0.0  0.473790  0.169477  0.202419  0.324758  0.275388  0.232366  0.244933  0.668888  0.854964  0.809251  0.756494  0.112136  0.608591  0.656691  0.806425  0.775693  0.202083  0.342701  0.567101  0.266688  0.232003  0.764880  0.174535  0.717790  0.149687  0.585300 
4  0.340908  0.554065  0.406078  0.473790 0.0  0.428046  0.392945  0.301779  0.333669  0.363205  0.386188  0.814463  0.846168  0.467199  0.856661  0.299332  0.920122  0.704830  0.911792  0.858552  0.262983  0.401510  0.762940  0.578760  0.407890  0.744379  0.455290  0.513686  0.465093  0.862165 
5  0.498615  0.031129  0.404070  0.169477  0.428046 0.0  0.105288  0.357259  0.071337  0.114147  0.191247  0.593854  0.936567  0.733298  0.592900  0.203808  0.609068  0.569572  0.875142  0.668760  0.118841  0.419037  0.598219  0.339909  0.440542  0.833375  0.104053  0.535347  0.123685  0.601272 
6  0.317526  0.197758  0.415729  0.202419  0.392945  0.105288 0.0  0.236872  0.224923  0.221408  0.285759  0.728954  0.852593  0.739751  0.698146  0.224848  0.625414  0.729878  0.840955  0.664073  0.193642  0.420491  0.683312  0.508868  0.337783  0.718091  0.147656  0.759096  0.126075  0.672498 
7  0.320042  0.304402  0.319891  0.324758  0.301779  0.357259  0.236872 0.0  0.312831  0.129519  0.335862  0.756715  0.733165  0.559577  0.853653  0.288858  0.720255  0.882483  0.842067  0.784534  0.316093  0.166459  0.872261  0.423628  0.254396  0.676938  0.420017  0.506264  0.246631  0.800856 
8  0.462680  0.158007  0.405924  0.275388  0.333669  0.071337  0.224923  0.312831 0.0  0.257128  0.266343  0.703291  0.855695  0.701618  0.708830  0.191870  0.688522  0.574903  0.787174  0.731089  0.208244  0.381601  0.567146  0.461576  0.383883  0.808308  0.203385  0.755867  0.139593  0.667817 
9  0.367177  0.158234  0.485159  0.232366  0.363205  0.114147  0.221408  0.129519  0.257128 0.0  0.213228  0.732985  0.824454  0.765811  0.557906  0.250431  0.708387  0.683590  0.817017  0.715674  0.230240  0.409110  0.624946  0.400743  0.387911  0.852650  0.216230  0.717338  0.165581  0.653097 
10  0.317859  0.271976  0.345216  0.244933  0.386188  0.191247  0.285759  0.335862  0.266343  0.213228 0.0  0.624884  0.823733  0.741604  0.580414  0.338310  0.626341  0.669421  0.813996  0.637057  0.204287  0.426196  0.554643  0.501424  0.380723  0.770870  0.179199  0.774768  0.218279  0.679749 
11  0.768626  0.554262  0.783940  0.668888  0.814463  0.593854  0.728954  0.756715  0.703291  0.732985  0.624884 0.0  0.441283  0.782742  0.090224  0.537153  0.167547  0.181028  0.402720  0.209308  0.565639  0.767080  0.217809  0.376493  0.742838  0.432304  0.641962  0.735027  0.572128  0.198982 
12  0.949096  0.921718  0.633805  0.854964  0.846168  0.936567  0.852593  0.733165  0.855695  0.824454  0.823733  0.441283 0.0  0.555435  0.410137  0.803951  0.412729  0.386014  0.184037  0.297549  0.875969  0.575836  0.299037  0.721940  0.737506  0.199032  0.804170  0.570549  0.910765  0.410598 
13  0.302121  0.675768  0.722463  0.809251  0.467199  0.733298  0.739751  0.559577  0.701618  0.765811  0.741604  0.782742  0.555435 0.0  0.650514  0.689742  0.780204  0.797336  0.605301  0.782451  0.666307  0.565682  0.728256  0.778013  0.667160  0.611014  0.692668  0.535959  0.534102  0.804630 
14  0.711340  0.649761  0.812663  0.756494  0.856661  0.592900  0.698146  0.853653  0.708830  0.557906  0.580414  0.090224  0.410137  0.650514 0.0  0.734460  0.138682  0.197537  0.360247  0.244332  0.706812  0.800746  0.287207  0.441376  0.692890  0.266251  0.791722  0.769750  0.635238  0.167499 
15  0.338937  0.223521  0.474904  0.112136  0.299332  0.203808  0.224848  0.288858  0.191870  0.250431  0.338310  0.537153  0.803951  0.689742  0.734460 0.0  0.682204  0.654269  0.827852  0.604858  0.268570  0.253443  0.712888  0.525234  0.297894  0.829033  0.261487  0.683338  0.272825  0.699867 
16  0.766574  0.592499  0.849476  0.608591  0.920122  0.609068  0.625414  0.720255  0.688522  0.708387  0.626341  0.167547  0.412729  0.780204  0.138682  0.682204 0.0  0.172313  0.368428  0.260354  0.559653  0.875190  0.234239  0.483913  0.830363  0.496578  0.727270  0.746263  0.651819  0.153291 
17  0.767266  0.647558  0.883146  0.656691  0.704830  0.569572  0.729878  0.882483  0.574903  0.683590  0.669421  0.181028  0.386014  0.797336  0.197537  0.654269  0.172313 0.0  0.317199  0.194311  0.518682  0.817959  0.221144  0.489584  0.815251  0.277461  0.672259  0.683000  0.598722  0.292712 
18  0.977067  0.774785  0.653861  0.806425  0.911792  0.875142  0.840955  0.842067  0.787174  0.817017  0.813996  0.402720  0.184037  0.605301  0.360247  0.827852  0.368428  0.317199 0.0  0.348900  0.835267  0.696620  0.407805  0.474091  0.736964  0.234997  0.835303  0.578592  0.879008  0.370140 
19  0.661872  0.664890  0.863889  0.775693  0.858552  0.668760  0.664073  0.784534  0.731089  0.715674  0.637057  0.209308  0.297549  0.782451  0.244332  0.604858  0.260354  0.194311  0.348900 0.0  0.634035  0.849846  0.293537  0.476298  0.768023  0.433628  0.797596  0.591716  0.622349  0.189327 
20  0.331656  0.224307  0.368463  0.202083  0.262983  0.118841  0.193642  0.316093  0.208244  0.230240  0.204287  0.565639  0.875969  0.666307  0.706812  0.268570  0.559653  0.518682  0.835267  0.634035 0.0  0.374748  0.595350  0.428141  0.341930  0.857388  0.142224  0.737200  0.088978  0.741410 
21  0.556795  0.237871  0.119896  0.342701  0.401510  0.419037  0.420491  0.166459  0.381601  0.409110  0.426196  0.767080  0.575836  0.565682  0.800746  0.253443  0.875190  0.817959  0.696620  0.849846  0.374748 0.0  0.821088  0.699768  0.168006  0.673982  0.288551  0.643639  0.455418  0.868724 
22  0.807436  0.703771  0.737761  0.567101  0.762940  0.598219  0.683312  0.872261  0.567146  0.624946  0.554643  0.217809  0.299037  0.728256  0.287207  0.712888  0.234239  0.221144  0.407805  0.293537  0.595350  0.821088 0.0  0.332150  0.852529  0.294185  0.718882  0.714139  0.599862  0.175002 
23  0.701189  0.409779  0.553042  0.266688  0.578760  0.339909  0.508868  0.423628  0.461576  0.400743  0.501424  0.376493  0.721940  0.778013  0.441376  0.525234  0.483913  0.489584  0.474091  0.476298  0.428141  0.699768  0.332150 0.0  0.636781  0.642415  0.444506  0.786187  0.452688  0.285907 
24  0.597349  0.257206  0.257931  0.232003  0.407890  0.440542  0.337783  0.254396  0.383883  0.387911  0.380723  0.742838  0.737506  0.667160  0.692890  0.297894  0.830363  0.815251  0.736964  0.768023  0.341930  0.168006  0.852529  0.636781 0.0  0.566822  0.399750  0.591686  0.481260  0.804057 
25  1.000000  0.790655  0.607420  0.764880  0.744379  0.833375  0.718091  0.676938  0.808308  0.852650  0.770870  0.432304  0.199032  0.611014  0.266251  0.829033  0.496578  0.277461  0.234997  0.433628  0.857388  0.673982  0.294185  0.642415  0.566822 0.0  0.782516  0.481447  0.970456  0.357391 
26  0.340994  0.215788  0.381551  0.174535  0.455290  0.104053  0.147656  0.420017  0.203385  0.216230  0.179199  0.641962  0.804170  0.692668  0.791722  0.261487  0.727270  0.672259  0.835303  0.797596  0.142224  0.288551  0.718882  0.444506  0.399750  0.782516 0.0  0.778291  0.203097  0.652420 
27  0.321688  0.688093  0.642503  0.717790  0.513686  0.535347  0.759096  0.506264  0.755867  0.717338  0.774768  0.735027  0.570549  0.535959  0.769750  0.683338  0.746263  0.683000  0.578592  0.591716  0.737200  0.643639  0.714139  0.786187  0.591686  0.481447  0.778291 0.0  0.702224  0.704637 
28  0.326643  0.158361  0.342790  0.149687  0.465093  0.123685  0.126075  0.246631  0.139593  0.165581  0.218279  0.572128  0.910765  0.534102  0.635238  0.272825  0.651819  0.598722  0.879008  0.622349  0.088978  0.455418  0.599862  0.452688  0.481260  0.970456  0.203097  0.702224 0.0  0.547053 
29  0.796586  0.780380  0.694993  0.585300  0.862165  0.601272  0.672498  0.800856  0.667817  0.653097  0.679749  0.198982  0.410598  0.804630  0.167499  0.699867  0.153291  0.292712  0.370140  0.189327  0.741410  0.868724  0.175002  0.285907  0.804057  0.357391  0.652420  0.704637  0.547053 0.0 
