30
0 0.0  0.714479  0.382473  0.175590  0.695174  0.660362  0.606783  0.571500  0.623859  0.639741  0.612953  0.619871  0.614516  0.744178  0.547131  0.285771  0.775684  0.399824  0.283557  0.462003  0.830734  0.656350  0.323811  0.294393  0.610852  0.683851  0.566234  0.638639  0.770101  0.829876 
1  0.714479 0.0  0.559938  0.775713  0.329647  0.248556  0.311671  0.313537  0.314654  0.339727  0.326293  0.297955  0.246837  0.141067  0.365398  0.722077  0.342239  0.640360  0.863855  0.449073  0.240043  0.331860  0.630298  0.518107  0.369464  0.226104  0.287556  0.303350  0.445111  0.452786 
2  0.382473  0.559938 0.0  0.202118  0.573792  0.673480  0.750153  0.793594  0.785281  0.699266  0.733032  0.668053  0.741995  0.730611  0.745782  0.257913  0.780087  0.197171  0.325983  0.547898  0.723180  0.677812  0.205935  0.138833  0.865902  0.748012  0.822739  0.799842  0.813690  0.814925 
3  0.175590  0.775713  0.202118 0.0  0.693879  0.587083  0.594435  0.637258  0.526491  0.769490  0.519974  0.633291  0.702932  0.753864  0.648853  0.257321  0.719735  0.234065  0.171712  0.400682  0.574769  0.657436  0.329374  0.420901  0.511191  0.634175  0.599226  0.664994  0.787909  0.869939 
4  0.695174  0.329647  0.573792  0.693879 0.0  0.170434  0.278743  0.210329  0.262528  0.376652  0.145879  0.314143  0.295256  0.176855  0.197120  0.641230  0.314881  0.594292  0.694355  0.489042  0.263414  0.192129  0.668525  0.569371  0.266841  0.266003  0.267684  0.168895  0.275587  0.332303 
5  0.660362  0.248556  0.673480  0.587083  0.170434 0.0  0.192676  0.309946  0.312922  0.292685  0.307867  0.353455  0.365591  0.417773  0.265685  0.631979  0.263565  0.784129  0.701673  0.416080  0.291176  0.346959  0.768218  0.643866  0.359392  0.190649  0.296952  0.240987  0.173583  0.338738 
6  0.606783  0.311671  0.750153  0.594435  0.278743  0.192676 0.0  0.209554  0.152874  0.276306  0.173127  0.173565  0.316119  0.424701  0.234432  0.654642  0.352685  0.773871  0.647038  0.535442  0.406716  0.174505  0.841453  0.775400  0.124579  0.155301  0.238226  0.148425  0.295426  0.525981 
7  0.571500  0.313537  0.793594  0.637258  0.210329  0.309946  0.209554 0.0  0.098817  0.215306  0.189124  0.191754  0.164997  0.395890  0.250403  0.649412  0.293370  0.820110  0.669766  0.490262  0.289751  0.253211  0.687268  0.814913  0.058805  0.151556  0.233774  0.222188  0.284443  0.374712 
8  0.623859  0.314654  0.785281  0.526491  0.262528  0.312922  0.152874  0.098817 0.0  0.290864  0.253392  0.208051  0.150729  0.273387  0.139779  0.622744  0.458589  0.790895  0.769243  0.480809  0.366830  0.228480  0.753989  0.764188  0.070872  0.321220  0.181865  0.141740  0.364932  0.436288 
9  0.639741  0.339727  0.699266  0.769490  0.376652  0.292685  0.276306  0.215306  0.290864 0.0  0.287802  0.316163  0.096539  0.264230  0.335385  0.845201  0.360887  0.668667  0.739231  0.417830  0.329359  0.272529  0.723214  0.613172  0.248837  0.202673  0.263977  0.161082  0.251922  0.256219 
10  0.612953  0.326293  0.733032  0.519974  0.145879  0.307867  0.173127  0.189124  0.253392  0.287802 0.0  0.207035  0.187287  0.328849  0.131467  0.584061  0.334188  0.844709  0.517853  0.687325  0.377708  0.142691  0.764370  0.725328  0.054763  0.217873  0.149186  0.305744  0.218802  0.407820 
11  0.619871  0.297955  0.668053  0.633291  0.314143  0.353455  0.173565  0.191754  0.208051  0.316163  0.207035 0.0  0.167297  0.313420  0.220260  0.545573  0.389199  0.706836  0.676983  0.510473  0.336349  0.140380  0.814144  0.698640  0.138365  0.235951  0.109072  0.147887  0.369891  0.404327 
12  0.614516  0.246837  0.741995  0.702932  0.295256  0.365591  0.316119  0.164997  0.150729  0.096539  0.187287  0.167297 0.0  0.220471  0.246610  0.722724  0.241183  0.579639  0.661325  0.516830  0.227826  0.293473  0.594811  0.727507  0.263581  0.297778  0.271451  0.319185  0.270334  0.215775 
13  0.744178  0.141067  0.730611  0.753864  0.176855  0.417773  0.424701  0.395890  0.273387  0.264230  0.328849  0.313420  0.220471 0.0  0.325091  0.769959  0.308175  0.571657  0.738513  0.568069  0.143704  0.301487  0.627829  0.728990  0.303388  0.350922  0.286162  0.309781  0.454400  0.404012 
14  0.547131  0.365398  0.745782  0.648853  0.197120  0.265685  0.234432  0.250403  0.139779  0.335385  0.131467  0.220260  0.246610  0.325091 0.0  0.564603  0.297759  0.795060  0.703905  0.500508  0.319017  0.179607  0.872258  0.745082  0.122273  0.208577  0.246612  0.202400  0.317514  0.310783 
15  0.285771  0.722077  0.257913  0.257321  0.641230  0.631979  0.654642  0.649412  0.622744  0.845201  0.584061  0.545573  0.722724  0.769959  0.564603 0.0  0.726374  0.370393  0.229205  0.550838  0.801266  0.649365  0.377755  0.268048  0.547081  0.665500  0.608014  0.647100  0.808269  0.872498 
16  0.775684  0.342239  0.780087  0.719735  0.314881  0.263565  0.352685  0.293370  0.458589  0.360887  0.334188  0.389199  0.241183  0.308175  0.297759  0.726374 0.0  0.771080  0.783760  0.384745  0.376415  0.346388  0.803566  0.803259  0.379072  0.352189  0.412389  0.289477  0.378753  0.303510 
17  0.399824  0.640360  0.197171  0.234065  0.594292  0.784129  0.773871  0.820110  0.790895  0.668667  0.844709  0.706836  0.579639  0.571657  0.795060  0.370393  0.771080 0.0  0.295179  0.426544  0.586127  0.896873  0.192358  0.099296  0.778735  0.724241  0.835985  0.660274  0.949927  0.771890 
18  0.283557  0.863855  0.325983  0.171712  0.694355  0.701673  0.647038  0.669766  0.769243  0.739231  0.517853  0.676983  0.661325  0.738513  0.703905  0.229205  0.783760  0.295179 0.0  0.496588  0.736398  0.523289  0.392267  0.277831  0.640495  0.615803  0.576198  0.636959  0.698291  0.859757 
19  0.462003  0.449073  0.547898  0.400682  0.489042  0.416080  0.535442  0.490262  0.480809  0.417830  0.687325  0.510473  0.516830  0.568069  0.500508  0.550838  0.384745  0.426544  0.496588 0.0  0.391741  0.536307  0.467822  0.434439  0.650233  0.493818  0.566142  0.521794  0.552475  0.384652 
20  0.830734  0.240043  0.723180  0.574769  0.263414  0.291176  0.406716  0.289751  0.366830  0.329359  0.377708  0.336349  0.227826  0.143704  0.319017  0.801266  0.376415  0.586127  0.736398  0.391741 0.0  0.258914  0.666092  0.539997  0.494847  0.311659  0.344867  0.473242  0.485429  0.459817 
21  0.656350  0.331860  0.677812  0.657436  0.192129  0.346959  0.174505  0.253211  0.228480  0.272529  0.142691  0.140380  0.293473  0.301487  0.179607  0.649365  0.346388  0.896873  0.523289  0.536307  0.258914 0.0  0.704946  0.663849  0.113420  0.287546  0.084648  0.148141  0.446156  0.419540 
22  0.323811  0.630298  0.205935  0.329374  0.668525  0.768218  0.841453  0.687268  0.753989  0.723214  0.764370  0.814144  0.594811  0.627829  0.872258  0.377755  0.803566  0.192358  0.392267  0.467822  0.666092  0.704946 0.0  0.163685  0.792225  0.788881  0.748503  0.736708  1.000000  0.866596 
23  0.294393  0.518107  0.138833  0.420901  0.569371  0.643866  0.775400  0.814913  0.764188  0.613172  0.725328  0.698640  0.727507  0.728990  0.745082  0.268048  0.803259  0.099296  0.277831  0.434439  0.539997  0.663849  0.163685 0.0  0.791018  0.742446  0.740858  0.746773  0.759909  0.788537 
24  0.610852  0.369464  0.865902  0.511191  0.266841  0.359392  0.124579  0.058805  0.070872  0.248837  0.054763  0.138365  0.263581  0.303388  0.122273  0.547081  0.379072  0.778735  0.640495  0.650233  0.494847  0.113420  0.792225  0.791018 0.0  0.174191  0.143244  0.115482  0.558696  0.491922 
25  0.683851  0.226104  0.748012  0.634175  0.266003  0.190649  0.155301  0.151556  0.321220  0.202673  0.217873  0.235951  0.297778  0.350922  0.208577  0.665500  0.352189  0.724241  0.615803  0.493818  0.311659  0.287546  0.788881  0.742446  0.174191 0.0  0.203735  0.295191  0.342839  0.387691 
26  0.566234  0.287556  0.822739  0.599226  0.267684  0.296952  0.238226  0.233774  0.181865  0.263977  0.149186  0.109072  0.271451  0.286162  0.246612  0.608014  0.412389  0.835985  0.576198  0.566142  0.344867  0.084648  0.748503  0.740858  0.143244  0.203735 0.0  0.149523  0.263691  0.377315 
27  0.638639  0.303350  0.799842  0.664994  0.168895  0.240987  0.148425  0.222188  0.141740  0.161082  0.305744  0.147887  0.319185  0.309781  0.202400  0.647100  0.289477  0.660274  0.636959  0.521794  0.473242  0.148141  0.736708  0.746773  0.115482  0.295191  0.149523 0.0  0.302828  0.489943 
28  0.770101  0.445111  0.813690  0.787909  0.275587  0.173583  0.295426  0.284443  0.364932  0.251922  0.218802  0.369891  0.270334  0.454400  0.317514  0.808269  0.378753  0.949927  0.698291  0.552475  0.485429  0.446156  1.000000  0.759909  0.558696  0.342839  0.263691  0.302828 0.0  0.171424 
29  0.829876  0.452786  0.814925  0.869939  0.332303  0.338738  0.525981  0.374712  0.436288  0.256219  0.407820  0.404327  0.215775  0.404012  0.310783  0.872498  0.303510  0.771890  0.859757  0.384652  0.459817  0.419540  0.866596  0.788537  0.491922  0.387691  0.377315  0.489943  0.171424 0.0 
