197
0 0.0  0.295778  0.325256  0.129875  0.128092  0.124871  0.128598  0.300970  0.303547  0.288920  0.817935  0.283512  0.315823  0.358320  0.471731  0.329469  0.318050  0.319379  0.121940  0.470139  0.306805  0.310059  0.306329  0.279199  0.664931  0.302011  0.302290  0.321365  0.732161  0.284602  0.324413  0.322309  0.715268  0.349670  0.187200  0.360073  0.327971  0.327891  0.433305  0.334077  0.293333  0.279628  0.293556  0.307770  0.266671  0.128133  0.288226  0.305516  0.193925  0.351909  0.463290  0.196917  0.411590  0.330882  0.121580  0.307593  0.291713  0.313138  0.295263  0.212296  0.301789  0.277780  0.319417  0.255038  0.328061  0.307976  0.313673  0.310547  0.320600  0.378269  0.285315  0.305316  0.205284  0.306632  0.351007  0.329159  0.271801  0.305897  0.327970  0.321623  0.313365  0.328162  0.305743  0.299563  0.263345  0.341950  0.367132  0.699437  0.321554  0.290078  0.280602  0.320534  0.326637  0.282916  0.307787  0.314765  0.134674  0.304418  0.317411  0.294329  0.330674  0.778775  0.770120  0.276734  0.307623  0.289379  0.275130  0.637150  0.298304  0.302541  0.319803  0.268647  0.265814  0.296664  0.345141  0.936889  0.292619  0.843142  0.297015  0.342701  0.281325  0.308461  0.764029  0.298392  0.295286  0.274284  0.352474  0.286331  0.355473  0.321986  0.328912  0.315916  0.311065  0.441766  0.318786  0.320705  0.278626  0.332352  0.119161  0.315012  0.266625  0.496979  0.308582  0.304932  0.350342  0.315408  0.295658  0.307062  0.292580  0.588451  0.613065  0.342832  0.318907  0.296291  0.583491  0.291690  0.277365  0.280210  0.299648  0.276501  0.320900  0.306829  0.327010  0.298800  0.381416  0.315187  0.296813  0.305184  0.640819  0.313240  0.308295  0.282667  0.821750  0.272624  0.324105  0.282072  0.290248  0.532727  0.299324  0.279837  0.485924  0.324030  0.300402  0.313796  0.782976  0.341293  0.325619  0.502149  0.733243  0.281421  0.753950  0.266332  0.264576  0.301654  0.313300  0.309313  0.356136 
1  0.295778 0.0  0.260136  0.368015  0.319866  0.302177  0.333777  0.249616  0.247441  0.368114  0.762705  0.276449  0.254948  0.242889  0.483705  0.244367  0.191893  0.273176  0.382977  0.482667  0.418704  0.217409  0.253439  0.280963  0.761228  0.243499  0.271389  0.275681  0.699705  0.389919  0.238859  0.248281  0.671084  0.328533  0.182167  0.199744  0.354391  0.311420  0.564551  0.250356  0.271156  0.335446  0.244091  0.218360  0.198230  0.315858  0.207319  0.237784  0.350042  0.261245  0.567098  0.371104  0.480109  0.197818  0.300073  0.339942  0.310635  0.125318  0.287270  0.330834  0.224729  0.242200  0.234475  0.207418  0.219561  0.241298  0.229627  0.222421  0.268531  0.483630  0.228653  0.212639  0.207375  0.252205  0.133571  0.250862  0.381959  0.358619  0.229844  0.251968  0.224758  0.228105  0.360976  0.293488  0.328257  0.229584  0.249194  0.625264  0.226169  0.237225  0.238565  0.267179  0.256250  0.255918  0.253816  0.249335  0.339716  0.359103  0.235224  0.256415  0.289334  0.787461  0.694734  0.388203  0.251810  0.243778  0.354698  0.833754  0.325255  0.395305  0.251230  0.325957  0.272058  0.279913  0.226985  0.797469  0.222334  0.748571  0.271280  0.266964  0.255712  0.358690  0.598777  0.228795  0.221267  0.365612  0.234569  0.339293  0.252486  0.348696  0.244030  0.344954  0.240001  0.453805  0.282869  0.358410  0.242594  0.219576  0.311012  0.237842  0.245106  0.483672  0.231935  0.269996  0.199073  0.352235  0.108229  0.126328  0.233874  0.608242  0.790111  0.269034  0.237759  0.240472  0.649453  0.227526  0.271121  0.251324  0.213467  0.239708  0.268090  0.265682  0.242796  0.249560  0.225229  0.248449  0.356635  0.242442  0.793742  0.355235  0.247844  0.309298  0.639780  0.235661  0.245008  0.229854  0.262500  0.611630  0.207980  0.233559  0.413272  0.228923  0.244996  0.397511  0.846228  0.237378  0.196659  0.495713  0.766676  0.323097  0.724837  0.238902  0.320427  0.232174  0.209216  0.337721  0.229611 
2  0.325256  0.260136 0.0  0.322849  0.382280  0.313286  0.394042  0.090664  0.099281  0.362265  0.724801  0.148872  0.138064  0.132462  0.511549  0.148539  0.203630  0.145073  0.330510  0.423453  0.344792  0.209300  0.141050  0.151763  0.713073  0.135851  0.145138  0.146097  0.727445  0.346912  0.149267  0.145917  0.728063  0.329884  0.177541  0.200189  0.330596  0.360830  0.519299  0.143554  0.156873  0.351903  0.153114  0.215646  0.178322  0.314606  0.198143  0.146922  0.305170  0.155904  0.480244  0.289748  0.513114  0.198018  0.295507  0.355999  0.340064  0.243349  0.333602  0.357244  0.227049  0.146411  0.149521  0.152137  0.150188  0.150281  0.150380  0.197636  0.228695  0.452944  0.143478  0.210492  0.215066  0.266636  0.231714  0.153141  0.373214  0.336152  0.147948  0.146360  0.159833  0.146773  0.317978  0.307662  0.367944  0.149777  0.143128  0.613953  0.145800  0.140509  0.154016  0.153012  0.150319  0.152286  0.152114  0.141001  0.348988  0.409329  0.132548  0.149800  0.295670  0.676077  0.852371  0.333623  0.152253  0.102519  0.364991  0.710624  0.328579  0.339813  0.150258  0.377693  0.104366  0.134971  0.144703  0.784192  0.157234  0.794185  0.105335  0.150348  0.188039  0.316130  0.668637  0.150749  0.150028  0.384488  0.156145  0.400964  0.151436  0.320609  0.144695  0.263392  0.145151  0.417673  0.144507  0.373147  0.152222  0.131860  0.313340  0.156196  0.112711  0.447684  0.150155  0.155742  0.223038  0.348193  0.235686  0.232158  0.236551  0.620964  0.721630  0.159699  0.136610  0.146728  0.579219  0.152147  0.149937  0.147198  0.152305  0.151762  0.155541  0.149158  0.149891  0.156841  0.149427  0.145118  0.390028  0.280824  0.658009  0.342528  0.142483  0.368134  0.650585  0.146511  0.163225  0.140577  0.136543  0.694574  0.111654  0.129415  0.490041  0.119461  0.135494  0.325757  0.673339  0.150995  0.146225  0.431578  0.794296  0.385572  0.814997  0.156271  0.315607  0.153680  0.219622  0.333888  0.152092 
3  0.129875  0.368015  0.322849 0.0  0.093151  0.133982  0.093490  0.383330  0.368720  0.343917  0.617497  0.338985  0.316107  0.339829  0.483861  0.345513  0.309250  0.424152  0.093791  0.465148  0.380333  0.349793  0.345777  0.337206  0.693190  0.390562  0.322877  0.334156  0.764260  0.307908  0.349046  0.314960  0.776378  0.351452  0.208646  0.319889  0.345691  0.369053  0.514143  0.380771  0.312511  0.319037  0.376844  0.314408  0.300344  0.109974  0.303536  0.325862  0.207618  0.363707  0.504514  0.190695  0.531689  0.348160  0.132470  0.324662  0.373435  0.397017  0.324500  0.206365  0.312782  0.334994  0.351607  0.346440  0.352668  0.342463  0.317054  0.318770  0.374648  0.446598  0.309454  0.331632  0.195569  0.373001  0.312832  0.316270  0.380227  0.378795  0.317377  0.327565  0.325224  0.313023  0.374127  0.298685  0.371518  0.342860  0.373068  0.698570  0.317431  0.309097  0.367712  0.311018  0.357114  0.292414  0.308806  0.323751  0.129276  0.338839  0.323367  0.304748  0.327924  0.718478  0.708156  0.395403  0.383809  0.332659  0.384397  0.688199  0.393771  0.351639  0.361018  0.353648  0.384804  0.356220  0.376119  0.762094  0.323177  0.851575  0.376593  0.366016  0.354845  0.383320  0.712683  0.322122  0.344146  0.323414  0.361853  0.324633  0.331587  0.361870  0.359528  0.333172  0.328486  0.413769  0.388358  0.313760  0.302658  0.404886  0.115919  0.338156  0.317795  0.477824  0.294825  0.377365  0.356307  0.288285  0.306424  0.375480  0.325380  0.624153  0.674726  0.343165  0.356477  0.353088  0.656278  0.349224  0.371584  0.310225  0.313356  0.339890  0.316607  0.368268  0.312496  0.333463  0.365732  0.317355  0.348948  0.252355  0.733294  0.347098  0.351790  0.273367  0.678523  0.319361  0.330383  0.343538  0.351661  0.607433  0.338962  0.352933  0.472019  0.310794  0.350646  0.360281  0.701907  0.300741  0.352217  0.484124  0.746212  0.430205  0.761606  0.296157  0.344022  0.354328  0.316900  0.373932  0.349692 
4  0.128092  0.319866  0.382280  0.093151 0.0  0.126650  0.082391  0.354071  0.355748  0.347041  0.761604  0.379745  0.346367  0.322150  0.510926  0.323968  0.319647  0.366527  0.082391  0.446218  0.343002  0.379953  0.348021  0.379291  0.728338  0.383392  0.349072  0.311028  0.711550  0.353550  0.324350  0.333335  0.723035  0.369596  0.215921  0.345812  0.406181  0.345026  0.470643  0.357301  0.362425  0.339043  0.387843  0.326082  0.334422  0.114112  0.275937  0.351420  0.212080  0.322949  0.482984  0.223343  0.530779  0.321101  0.129773  0.312893  0.353322  0.324788  0.332209  0.213363  0.344128  0.335961  0.337519  0.359764  0.349964  0.326873  0.339375  0.317609  0.390115  0.436465  0.311695  0.290977  0.224685  0.369668  0.322712  0.309887  0.322150  0.352041  0.326645  0.300197  0.362188  0.319891  0.337202  0.315696  0.365211  0.299860  0.381715  0.641012  0.348396  0.372116  0.315097  0.373182  0.363499  0.343591  0.335881  0.362753  0.130516  0.355624  0.345983  0.345397  0.396383  0.739282  0.652220  0.327522  0.406726  0.364026  0.375795  0.815815  0.319972  0.317529  0.329095  0.324546  0.380025  0.341912  0.353987  0.796042  0.370545  0.854277  0.370626  0.341237  0.394576  0.347211  0.716748  0.377481  0.374469  0.344802  0.341436  0.352669  0.400812  0.319075  0.351988  0.352234  0.327961  0.447928  0.381247  0.347535  0.349101  0.371767  0.115176  0.304721  0.346883  0.452393  0.351155  0.381201  0.339263  0.289591  0.332923  0.368844  0.262425  0.617001  0.832103  0.344447  0.323077  0.366168  0.624859  0.342825  0.314413  0.341204  0.320804  0.311132  0.345173  0.326617  0.334099  0.320743  0.327964  0.405192  0.328974  0.266808  0.696951  0.404423  0.332821  0.289780  0.660376  0.319084  0.311475  0.313525  0.387337  0.623877  0.348025  0.333480  0.534175  0.357973  0.319233  0.342371  0.739813  0.399782  0.370699  0.568166  0.690430  0.388731  0.714785  0.360762  0.443665  0.373477  0.346016  0.330072  0.374961 
5  0.124871  0.302177  0.313286  0.133982  0.126650 0.0  0.123757  0.306092  0.303237  0.325850  0.796070  0.306873  0.327400  0.283128  0.436521  0.300194  0.297916  0.307776  0.128415  0.485984  0.354152  0.323342  0.318986  0.272342  0.623944  0.323335  0.315034  0.287243  0.766001  0.296027  0.300266  0.332898  0.782989  0.291801  0.199011  0.266728  0.315749  0.300176  0.520266  0.336676  0.301663  0.303791  0.297972  0.330519  0.340159  0.131551  0.322505  0.269116  0.200388  0.249171  0.448175  0.222544  0.497173  0.302131  0.132993  0.322433  0.305842  0.299523  0.334572  0.174636  0.332296  0.336090  0.296455  0.272393  0.294504  0.314729  0.310602  0.347865  0.273610  0.447633  0.290585  0.319607  0.210299  0.323240  0.303050  0.290248  0.282729  0.295880  0.305917  0.320044  0.316977  0.297838  0.290147  0.298127  0.318566  0.313806  0.301007  0.642790  0.290368  0.323092  0.288387  0.307827  0.322986  0.353760  0.283863  0.342588  0.134089  0.282626  0.309354  0.282219  0.332540  0.736437  0.712969  0.299075  0.294849  0.292229  0.322582  0.755856  0.344164  0.294478  0.319618  0.275825  0.338212  0.289738  0.287935  0.759474  0.318734  0.792382  0.311010  0.312697  0.282324  0.288214  0.728684  0.293392  0.302202  0.306437  0.320053  0.320409  0.298259  0.323112  0.327659  0.333778  0.296017  0.409171  0.318752  0.301960  0.327161  0.289345  0.136571  0.311128  0.330939  0.470635  0.349604  0.309015  0.310168  0.308833  0.283516  0.280470  0.264560  0.588722  0.722835  0.300930  0.327584  0.305768  0.560798  0.333074  0.295615  0.316773  0.312124  0.290806  0.266657  0.304725  0.316425  0.352488  0.350388  0.317655  0.305621  0.266307  0.798881  0.315791  0.296759  0.309290  0.656699  0.317944  0.305561  0.308442  0.269531  0.566989  0.301566  0.285665  0.523260  0.283313  0.298006  0.323974  0.657112  0.307268  0.330482  0.479799  0.791817  0.335531  0.785117  0.296751  0.328364  0.292056  0.348988  0.283841  0.307106 
6  0.128598  0.333777  0.394042  0.093490  0.082391  0.123757 0.0  0.386275  0.391555  0.393672  0.826276  0.375687  0.348782  0.347228  0.479541  0.309625  0.291320  0.372808  0.082391  0.455735  0.318833  0.300236  0.355047  0.366116  0.684339  0.355008  0.342717  0.397837  0.722344  0.320318  0.352119  0.347629  0.664626  0.298697  0.216735  0.302459  0.386198  0.388993  0.569220  0.364251  0.332008  0.338350  0.362156  0.336855  0.333720  0.106305  0.299722  0.323182  0.223991  0.363630  0.471809  0.227367  0.476172  0.294470  0.125054  0.338900  0.342027  0.379506  0.335083  0.229517  0.322254  0.324560  0.324523  0.322424  0.366951  0.332879  0.372876  0.289899  0.321176  0.536510  0.293239  0.278027  0.186481  0.333532  0.361308  0.347194  0.289680  0.375229  0.344570  0.361732  0.337532  0.315827  0.347103  0.289681  0.342160  0.360568  0.324805  0.612051  0.350597  0.348403  0.340679  0.381694  0.354946  0.341782  0.316704  0.361941  0.129625  0.342645  0.347951  0.267155  0.341286  0.847691  0.757764  0.324731  0.328959  0.338774  0.381138  0.706139  0.369998  0.373552  0.388403  0.385117  0.372332  0.341610  0.361972  0.725741  0.330451  0.763642  0.337118  0.343641  0.348336  0.343790  0.766123  0.303253  0.326551  0.412860  0.341330  0.356378  0.371487  0.395898  0.333021  0.333548  0.310097  0.404600  0.324029  0.349054  0.352484  0.293715  0.117395  0.352722  0.286697  0.449475  0.332724  0.374615  0.285268  0.347976  0.363472  0.373921  0.346487  0.632875  0.657281  0.348475  0.350160  0.345963  0.546286  0.352417  0.382336  0.381063  0.384046  0.306050  0.382341  0.355830  0.331934  0.302305  0.346664  0.359209  0.343428  0.265312  0.956546  0.382424  0.324480  0.348887  0.756571  0.366920  0.333417  0.323704  0.363931  0.611420  0.317498  0.342064  0.488690  0.384953  0.347632  0.376089  0.678330  0.361944  0.331553  0.475995  0.755963  0.338478  0.743436  0.345489  0.383663  0.321037  0.333926  0.319762  0.366816 
7  0.300970  0.249616  0.090664  0.383330  0.354071  0.306092  0.386275 0.0  0.101697  0.373427  0.800833  0.134728  0.148303  0.149748  0.464937  0.151652  0.190250  0.136369  0.374117  0.528516  0.325645  0.197466  0.141985  0.143907  0.720713  0.141498  0.142848  0.145389  0.706159  0.386184  0.144329  0.149830  0.719425  0.358070  0.190637  0.190556  0.351881  0.371146  0.568755  0.149694  0.143521  0.390240  0.143788  0.213470  0.215002  0.340149  0.192829  0.138342  0.288654  0.138493  0.418639  0.317123  0.458887  0.222756  0.291958  0.359976  0.337379  0.233422  0.357347  0.353521  0.234718  0.153029  0.152153  0.137175  0.152484  0.140866  0.154168  0.184824  0.253092  0.397920  0.143833  0.189744  0.197158  0.251790  0.244748  0.154108  0.375378  0.338983  0.142391  0.146438  0.143929  0.142361  0.310488  0.314480  0.345402  0.154089  0.157843  0.625005  0.140399  0.147156  0.148328  0.150389  0.152574  0.150042  0.143884  0.141139  0.308309  0.356736  0.147412  0.142316  0.344160  0.729612  0.644317  0.381421  0.136004  0.099623  0.350632  0.759785  0.381314  0.362253  0.143955  0.314910  0.104878  0.160384  0.156236  0.674600  0.161125  0.864593  0.105812  0.157725  0.169615  0.342897  0.618766  0.148966  0.141605  0.357779  0.146374  0.389299  0.143695  0.375197  0.137089  0.313417  0.145161  0.423541  0.133285  0.319512  0.141915  0.132163  0.384225  0.153909  0.113148  0.481632  0.151212  0.138396  0.222719  0.307981  0.234798  0.247652  0.241449  0.573897  0.800999  0.155999  0.140959  0.146340  0.655419  0.141206  0.152087  0.145620  0.156576  0.146800  0.141124  0.137136  0.150914  0.144655  0.155239  0.140659  0.363126  0.275799  0.662331  0.390054  0.139908  0.317745  0.742121  0.146662  0.146419  0.145203  0.145736  0.602751  0.110783  0.136518  0.489521  0.127236  0.153926  0.347416  0.859139  0.138715  0.153229  0.515375  0.813746  0.344637  0.663002  0.155523  0.345476  0.138063  0.238011  0.402713  0.146488 
8  0.303547  0.247441  0.099281  0.368720  0.355748  0.303237  0.391555  0.101697 0.0  0.342144  0.765764  0.142103  0.140939  0.145994  0.415918  0.151626  0.216351  0.143589  0.309025  0.521198  0.384357  0.219890  0.137538  0.146949  0.755457  0.138002  0.136263  0.157685  0.764029  0.416347  0.147244  0.152137  0.691044  0.316770  0.200608  0.182168  0.296376  0.370119  0.513100  0.132299  0.147530  0.355244  0.150555  0.216140  0.199297  0.354309  0.210859  0.144640  0.283690  0.156221  0.587568  0.331830  0.456394  0.203875  0.321342  0.348001  0.330269  0.223519  0.336387  0.331543  0.198022  0.157858  0.150114  0.142296  0.148792  0.139553  0.148325  0.197261  0.247475  0.480036  0.156985  0.207537  0.212189  0.269782  0.237022  0.155329  0.355023  0.374253  0.145535  0.142292  0.140488  0.150821  0.379799  0.280160  0.400450  0.152916  0.164657  0.596618  0.156178  0.150117  0.152455  0.141953  0.159595  0.153031  0.139713  0.144790  0.332874  0.386435  0.151185  0.149841  0.342761  0.750181  0.776156  0.337751  0.137341  0.082391  0.348121  0.517907  0.369175  0.312285  0.144497  0.340018  0.090891  0.147726  0.144094  0.750196  0.144561  0.908017  0.082391  0.136936  0.149561  0.337392  0.659429  0.147085  0.147865  0.336504  0.143002  0.336251  0.138762  0.380854  0.140631  0.355388  0.153522  0.395197  0.155238  0.376748  0.145782  0.130367  0.342132  0.144703  0.116820  0.451921  0.143203  0.153190  0.215451  0.318152  0.235803  0.232311  0.224366  0.569841  0.734134  0.148987  0.144031  0.152286  0.675986  0.154616  0.143811  0.144549  0.140822  0.145866  0.137190  0.143265  0.143674  0.144338  0.134372  0.142342  0.318220  0.284746  0.744732  0.300371  0.145321  0.313385  0.692681  0.146627  0.155558  0.164437  0.157538  0.604111  0.108269  0.136741  0.495230  0.129069  0.144514  0.310733  0.766728  0.153760  0.151269  0.498752  0.641004  0.396875  0.730897  0.147593  0.323531  0.161507  0.226379  0.341884  0.155811 
9  0.288920  0.368114  0.362265  0.343917  0.347041  0.325850  0.393672  0.373427  0.342144 0.0  0.704637  0.367657  0.390693  0.335268  0.487204  0.364634  0.314872  0.380751  0.313911  0.457233  0.250675  0.300213  0.354608  0.345414  0.620788  0.364957  0.380979  0.419705  0.837810  0.280087  0.353478  0.349105  0.699334  0.175109  0.209839  0.312992  0.251437  0.254341  0.505966  0.392187  0.345811  0.213181  0.324752  0.319122  0.282228  0.360205  0.322680  0.385212  0.342074  0.359002  0.481143  0.326401  0.502236  0.315510  0.311703  0.125243  0.138266  0.328019  0.319562  0.330299  0.337157  0.384459  0.369381  0.312300  0.364189  0.412874  0.314212  0.311931  0.349253  0.433970  0.330148  0.343414  0.204057  0.340298  0.345414  0.377360  0.250743  0.231411  0.406361  0.408971  0.386703  0.393152  0.225965  0.314792  0.269707  0.350008  0.371910  0.696246  0.333525  0.339205  0.361846  0.339625  0.338821  0.353245  0.366539  0.316588  0.372682  0.135675  0.403503  0.343561  0.094690  0.793270  0.766782  0.094185  0.369436  0.320422  0.186608  0.846239  0.172429  0.130671  0.373829  0.094164  0.369977  0.311491  0.352217  0.917177  0.359133  0.913455  0.335535  0.376646  0.424255  0.290126  0.568892  0.365605  0.372516  0.190218  0.299510  0.093267  0.334427  0.286439  0.402571  0.112510  0.379247  0.457948  0.329470  0.131070  0.377124  0.334127  0.407205  0.350298  0.308659  0.441044  0.326254  0.386889  0.315032  0.133175  0.338509  0.335601  0.306844  0.643779  0.663513  0.389692  0.369209  0.380549  0.615720  0.408468  0.352135  0.382588  0.338090  0.324728  0.309256  0.340969  0.360854  0.348001  0.395391  0.363530  0.174947  0.274225  0.736255  0.262441  0.388315  0.230280  0.697921  0.349786  0.351952  0.382560  0.338305  0.677784  0.334081  0.342295  0.428409  0.405458  0.341755  0.185343  0.840024  0.337270  0.320460  0.469530  0.754383  0.256966  0.724062  0.389187  0.239422  0.376113  0.355967  0.126313  0.403827 
10  0.817935  0.762705  0.724801  0.617497  0.761604  0.796070  0.826276  0.800833  0.765764  0.704637 0.0  0.668125  0.920305  0.721307  0.667499  0.863046  0.619952  0.920757  0.833737  0.864586  0.742890  0.818441  0.708477  0.718819  0.446242  0.780046  0.831879  0.847339  0.452383  0.669153  0.783749  0.771491  0.526579  0.682341  0.723892  0.629838  0.744318  0.869248  0.876226  0.751838  0.686505  0.578977  0.605547  0.777034  0.691060  0.584479  0.727218  0.736396  0.753409  0.683557  0.896252  0.657475  0.731445  0.769639  0.707962  1.000000  0.783274  0.731753  0.770887  0.676254  0.765076  0.795155  0.778058  0.779060  0.622575  0.750635  0.860920  0.721876  0.688582  0.666120  0.792070  0.790190  0.724627  0.740645  0.579224  0.695422  0.654793  0.730019  0.699660  0.806190  0.709401  0.718263  0.756808  0.679142  0.676282  0.684744  0.805914  0.670906  0.718942  0.707093  0.756236  0.795116  0.667196  0.664753  0.796913  0.694478  0.732605  0.709134  0.777856  0.721837  0.877049  0.493858  0.089919  0.733690  0.749250  0.814551  0.757480  0.231862  0.716478  0.798211  0.647830  0.704260  0.829521  0.699872  0.740640  0.090780  0.688232  0.090617  0.732829  0.729384  0.823612  0.767231  0.725911  0.744156  0.811786  0.752767  0.708620  0.613711  0.754295  0.766076  0.721683  0.726816  0.858375  0.744540  0.660577  0.658892  0.811562  0.792683  0.663739  0.709195  0.739469  0.781197  0.701940  0.823087  0.717323  0.745214  0.770982  0.717872  0.748976  0.691501  0.746578  0.825641  0.823872  0.755633  0.576477  0.739490  0.746351  0.738939  0.709646  0.813163  0.621267  0.751149  0.829397  0.742338  0.840290  0.707010  0.735018  0.738221  0.336410  0.885776  0.626029  0.711352  0.135488  0.669724  0.809439  0.593789  0.659232  0.727262  0.776919  0.725585  0.701450  0.790295  0.750275  0.800351  0.099182  0.712997  0.732012  0.750523  0.496453  0.862053  0.091164  0.719438  0.755795  0.752496  0.753693  0.571451  0.736949 
11  0.283512  0.276449  0.148872  0.338985  0.379745  0.306873  0.375687  0.134728  0.142103  0.367657  0.668125 0.0  0.101465  0.120085  0.504201  0.120760  0.202128  0.090351  0.370099  0.506693  0.425557  0.224926  0.091169  0.102767  0.752370  0.100851  0.102536  0.089361  0.792602  0.392664  0.121796  0.123831  0.731302  0.340946  0.167320  0.204265  0.378816  0.344336  0.564158  0.101665  0.105228  0.335918  0.090294  0.212429  0.183355  0.345273  0.192081  0.123601  0.326915  0.088793  0.535151  0.315107  0.532001  0.197777  0.312872  0.397138  0.348109  0.219125  0.294095  0.303169  0.226465  0.124350  0.121239  0.118275  0.112281  0.117712  0.104393  0.192166  0.253699  0.422086  0.122829  0.214749  0.189840  0.222625  0.224363  0.117562  0.371075  0.351566  0.115122  0.115678  0.123471  0.116925  0.369421  0.334882  0.381249  0.119464  0.116071  0.626557  0.123823  0.124876  0.125408  0.090936  0.103127  0.119121  0.116694  0.100679  0.387419  0.356717  0.122669  0.118148  0.351881  0.783192  0.737269  0.373083  0.099069  0.151501  0.371157  0.784518  0.349696  0.360702  0.104050  0.318830  0.146125  0.100867  0.122839  0.815517  0.126618  0.726963  0.146994  0.089873  0.173097  0.373871  0.698439  0.117543  0.117997  0.314118  0.120272  0.407402  0.100426  0.380762  0.120661  0.326311  0.120941  0.486054  0.099677  0.349204  0.122684  0.122488  0.336786  0.119300  0.113591  0.454162  0.120829  0.103445  0.204984  0.343833  0.215741  0.213594  0.229713  0.620691  0.656816  0.119375  0.121176  0.122999  0.615865  0.126896  0.117557  0.123043  0.125113  0.117593  0.101954  0.104768  0.121088  0.122359  0.120630  0.119226  0.405916  0.267742  0.857693  0.392946  0.113488  0.310528  0.762410  0.127442  0.123798  0.119742  0.103965  0.654898  0.112862  0.130455  0.490736  0.134549  0.118396  0.389487  0.698353  0.114853  0.124448  0.498783  0.768397  0.367454  0.811615  0.124535  0.336968  0.125098  0.209153  0.350377  0.117202 
12  0.315823  0.254948  0.138064  0.316107  0.346367  0.327400  0.348782  0.148303  0.140939  0.390693  0.920305  0.101465 0.0  0.115886  0.460381  0.117066  0.182728  0.104884  0.438416  0.489571  0.301412  0.224174  0.101600  0.090342  0.742664  0.089967  0.088283  0.105072  0.701168  0.354065  0.124266  0.118844  0.791353  0.325771  0.212481  0.186669  0.362933  0.378046  0.477316  0.103399  0.089927  0.335961  0.105013  0.215436  0.187482  0.345281  0.211551  0.120535  0.256243  0.103518  0.594208  0.322510  0.479828  0.204872  0.317876  0.347968  0.320322  0.243033  0.323142  0.293791  0.214992  0.115922  0.117905  0.126096  0.119636  0.115423  0.103639  0.181637  0.245296  0.393598  0.119793  0.192840  0.221544  0.235119  0.252906  0.117429  0.374766  0.351596  0.118530  0.123210  0.120916  0.116709  0.345749  0.262849  0.347128  0.121324  0.116198  0.630356  0.124841  0.122312  0.116564  0.103697  0.090906  0.119072  0.117981  0.090214  0.342104  0.358414  0.124646  0.116633  0.359958  0.624240  0.719342  0.350208  0.102420  0.161173  0.344599  0.746712  0.398326  0.358778  0.090428  0.366332  0.148794  0.090239  0.120067  0.843409  0.116211  0.785632  0.153432  0.104820  0.181713  0.322896  0.797064  0.117540  0.116917  0.336998  0.125398  0.345221  0.090573  0.324669  0.118663  0.335034  0.115600  0.374647  0.099060  0.383184  0.122930  0.120762  0.326094  0.130975  0.110267  0.471661  0.125782  0.091400  0.222156  0.348892  0.243093  0.237375  0.237272  0.688511  0.737751  0.113745  0.123582  0.123681  0.591834  0.121917  0.119376  0.120462  0.119258  0.126599  0.089995  0.104241  0.119272  0.121789  0.118077  0.120829  0.359657  0.298292  0.674335  0.357588  0.114091  0.316792  0.820006  0.121227  0.115978  0.117130  0.090128  0.541242  0.107374  0.132001  0.514395  0.140449  0.119725  0.330897  0.770330  0.116351  0.117463  0.447880  0.776305  0.354534  0.655874  0.125458  0.389674  0.124131  0.196648  0.359594  0.122247 
13  0.358320  0.242889  0.132462  0.339829  0.322150  0.283128  0.347228  0.149748  0.145994  0.335268  0.721307  0.120085  0.115886 0.0  0.403925  0.089577  0.180853  0.121149  0.326830  0.489189  0.376491  0.221636  0.122950  0.123547  0.720494  0.117802  0.119079  0.120727  0.708881  0.372433  0.099432  0.097539  0.676240  0.313961  0.226186  0.187697  0.404525  0.404673  0.558406  0.121358  0.117501  0.365284  0.122257  0.205088  0.207901  0.358178  0.210315  0.103285  0.314309  0.122128  0.479743  0.309372  0.575525  0.180611  0.277787  0.310375  0.299539  0.235391  0.332801  0.310183  0.223810  0.103420  0.101048  0.101944  0.089381  0.106866  0.118121  0.185906  0.226743  0.382076  0.104995  0.206107  0.204958  0.224808  0.229212  0.103150  0.404858  0.377667  0.100867  0.101355  0.099216  0.097964  0.301380  0.281355  0.349225  0.100759  0.104301  0.677301  0.101492  0.103955  0.103047  0.117883  0.117843  0.090034  0.104579  0.117382  0.343083  0.310983  0.102862  0.100462  0.392029  0.664162  0.778641  0.392407  0.115298  0.151528  0.405951  0.730778  0.385877  0.374846  0.123892  0.351532  0.146045  0.121943  0.097381  0.678011  0.098782  0.566487  0.152634  0.113108  0.197760  0.396543  0.723490  0.103128  0.101268  0.354061  0.104746  0.335760  0.122562  0.372424  0.101340  0.358898  0.099352  0.496785  0.120057  0.361479  0.099402  0.124595  0.356322  0.100052  0.111580  0.491437  0.101395  0.118739  0.249090  0.278666  0.234498  0.228063  0.212591  0.697027  0.710141  0.100738  0.104159  0.103391  0.609922  0.101575  0.102488  0.101239  0.104584  0.100887  0.123835  0.113236  0.103014  0.101860  0.100151  0.104304  0.327970  0.254851  0.649684  0.318663  0.101714  0.349588  0.667352  0.100652  0.101972  0.103090  0.117790  0.578814  0.111515  0.126407  0.552566  0.132584  0.101555  0.281346  0.869585  0.103727  0.102216  0.578551  0.705662  0.364343  0.711630  0.102985  0.360988  0.099470  0.226088  0.352891  0.104385 
14  0.471731  0.483705  0.511549  0.483861  0.510926  0.436521  0.479541  0.464937  0.415918  0.487204  0.667499  0.504201  0.460381  0.403925 0.0  0.479705  0.517749  0.440995  0.496134  0.266727  0.522680  0.520016  0.474815  0.476500  0.566184  0.449292  0.526565  0.481196  0.718473  0.485465  0.569663  0.467068  0.707393  0.553636  0.404949  0.457679  0.487283  0.461247  0.344801  0.546720  0.509204  0.545264  0.530717  0.512998  0.449253  0.497496  0.495214  0.480470  0.497831  0.538527  0.305991  0.453705  0.366870  0.477624  0.469322  0.483398  0.526073  0.499900  0.507587  0.500626  0.410004  0.463788  0.481554  0.510316  0.532032  0.496380  0.449930  0.440359  0.442636  0.444389  0.520434  0.406001  0.399702  0.504755  0.534095  0.568257  0.437666  0.436261  0.494835  0.536778  0.471306  0.520342  0.555196  0.476147  0.549232  0.444955  0.522197  0.708689  0.457529  0.546094  0.532436  0.438582  0.515990  0.561767  0.460459  0.486522  0.479043  0.444483  0.496668  0.484053  0.441828  0.719560  0.723736  0.502943  0.451763  0.511256  0.428964  0.672021  0.540401  0.459148  0.463143  0.500801  0.499297  0.466802  0.483210  0.630132  0.511992  0.926371  0.478463  0.518934  0.523851  0.429038  0.795921  0.397885  0.449167  0.530067  0.442557  0.525091  0.549468  0.516562  0.546149  0.482520  0.505361  0.257313  0.457575  0.501907  0.477019  0.441256  0.478322  0.483623  0.536216  0.268790  0.533405  0.493803  0.529327  0.495653  0.471629  0.528688  0.518756  0.611621  0.648721  0.477199  0.570437  0.445239  0.699042  0.442945  0.374898  0.430388  0.411081  0.556195  0.484490  0.557678  0.488397  0.485211  0.505997  0.466083  0.499346  0.441841  0.717654  0.485969  0.501008  0.475297  0.765784  0.502354  0.523371  0.497022  0.518639  0.740869  0.508109  0.522702  0.107748  0.500924  0.511055  0.490262  0.739460  0.462081  0.452123  0.345537  0.700931  0.451725  0.731777  0.451600  0.456130  0.446589  0.496471  0.491249  0.553969 
15  0.329469  0.244367  0.148539  0.345513  0.323968  0.300194  0.309625  0.151652  0.151626  0.364634  0.863046  0.120760  0.117066  0.089577  0.479705 0.0  0.199767  0.115044  0.363711  0.431841  0.356482  0.217210  0.116312  0.120001  0.629376  0.112975  0.114353  0.122743  0.682392  0.370100  0.104272  0.098163  0.876461  0.377731  0.199222  0.198363  0.411454  0.381150  0.462545  0.123492  0.118783  0.401367  0.120870  0.220943  0.179830  0.364581  0.210353  0.104801  0.313043  0.118124  0.557550  0.369920  0.493543  0.206382  0.275385  0.349207  0.330576  0.239672  0.341471  0.331695  0.224579  0.100782  0.099382  0.099042  0.089580  0.099065  0.123039  0.204887  0.188068  0.413063  0.101814  0.214572  0.196101  0.231283  0.256167  0.102127  0.382332  0.360183  0.105663  0.099939  0.100251  0.101375  0.387271  0.317086  0.321051  0.100550  0.102779  0.555930  0.100211  0.103890  0.099838  0.121439  0.117945  0.090415  0.103472  0.119208  0.313806  0.333872  0.103316  0.101668  0.333882  0.725149  0.727240  0.338415  0.124526  0.147103  0.349825  0.830096  0.330989  0.362901  0.119079  0.355314  0.140672  0.123011  0.103894  0.704260  0.104823  0.653808  0.153081  0.124902  0.184790  0.348227  0.787273  0.107544  0.102307  0.338169  0.101686  0.361108  0.118858  0.380266  0.102071  0.326471  0.102488  0.472482  0.117350  0.349173  0.101707  0.122319  0.367547  0.102082  0.110125  0.471878  0.103350  0.116897  0.214264  0.344150  0.231418  0.245343  0.252922  0.603106  0.642171  0.102600  0.100140  0.104846  0.596794  0.099452  0.102491  0.100489  0.100533  0.101950  0.115571  0.118104  0.101434  0.100046  0.102321  0.103227  0.336395  0.275269  0.795219  0.336357  0.100134  0.319392  0.792630  0.104154  0.103690  0.101309  0.118873  0.673721  0.114280  0.132180  0.546026  0.130288  0.101772  0.325010  0.772196  0.101513  0.099681  0.425952  0.752318  0.348221  0.732989  0.101300  0.374190  0.101144  0.227011  0.352007  0.102856 
16  0.318050  0.191893  0.203630  0.309250  0.319647  0.297916  0.291320  0.190250  0.216351  0.314872  0.619952  0.202128  0.182728  0.180853  0.517749  0.199767 0.0  0.192870  0.300057  0.479803  0.283754  0.203186  0.195689  0.177742  0.754987  0.185009  0.208977  0.194276  0.808379  0.303104  0.186107  0.183201  0.764505  0.309957  0.216022  0.224437  0.312021  0.301708  0.501567  0.211060  0.208696  0.300500  0.191872  0.207831  0.187097  0.331506  0.182327  0.200848  0.319210  0.191670  0.499741  0.338825  0.518019  0.127108  0.268818  0.304919  0.325296  0.180134  0.296401  0.339808  0.130215  0.196526  0.203616  0.181593  0.201610  0.180368  0.197084  0.181494  0.191123  0.452358  0.214105  0.214722  0.209872  0.217807  0.208948  0.196792  0.299736  0.311611  0.200720  0.205216  0.205069  0.211263  0.336340  0.313702  0.286071  0.182064  0.195583  0.616676  0.207800  0.212056  0.206480  0.184143  0.209097  0.231746  0.207022  0.196457  0.322213  0.286689  0.214084  0.180232  0.324552  0.693803  0.765648  0.305372  0.208760  0.204501  0.360642  0.751047  0.334580  0.337185  0.206767  0.313510  0.206552  0.204505  0.210275  0.705604  0.196302  0.645788  0.193385  0.208431  0.194355  0.311885  0.692299  0.197269  0.187943  0.289299  0.191245  0.284352  0.186831  0.325241  0.202411  0.271631  0.196753  0.474524  0.202952  0.349209  0.192999  0.214302  0.327297  0.202459  0.208107  0.425987  0.224547  0.192596  0.197903  0.331481  0.196065  0.197491  0.202396  0.549805  0.808857  0.217498  0.186512  0.214517  0.639768  0.203594  0.189546  0.171207  0.203775  0.183388  0.193338  0.204541  0.203830  0.199503  0.180855  0.197580  0.302578  0.286217  0.769346  0.314824  0.194701  0.287977  0.765176  0.187488  0.179359  0.203189  0.198638  0.578851  0.185875  0.218323  0.454954  0.196397  0.222612  0.359790  0.748645  0.217992  0.209046  0.460580  0.734431  0.337135  0.768086  0.212142  0.340505  0.198194  0.205978  0.361679  0.208436 
17  0.319379  0.273176  0.145073  0.424152  0.366527  0.307776  0.372808  0.136369  0.143589  0.380751  0.920757  0.090351  0.104884  0.121149  0.440995  0.115044  0.192870 0.0  0.377409  0.481591  0.361715  0.216819  0.087250  0.103268  0.798057  0.103309  0.102651  0.089663  0.605173  0.376466  0.115591  0.122680  0.825076  0.340577  0.191614  0.210744  0.390552  0.359515  0.505059  0.103514  0.098984  0.395863  0.089241  0.201121  0.214481  0.333614  0.172674  0.124875  0.275098  0.089212  0.449449  0.347889  0.509048  0.192785  0.330448  0.352015  0.352112  0.267059  0.336384  0.281400  0.243351  0.117537  0.122525  0.113553  0.116707  0.119008  0.101169  0.198118  0.221490  0.395667  0.115002  0.190110  0.197248  0.246725  0.242496  0.117291  0.337105  0.317105  0.111502  0.120853  0.112642  0.123595  0.318065  0.296702  0.310610  0.123827  0.116693  0.701574  0.121509  0.122996  0.120602  0.090262  0.100489  0.120025  0.114217  0.101490  0.328025  0.394484  0.123782  0.124929  0.363727  0.719651  0.731395  0.385161  0.100914  0.149226  0.382429  0.671299  0.339362  0.337572  0.102067  0.395402  0.137209  0.100830  0.117652  0.670497  0.129699  0.755405  0.150385  0.090285  0.185960  0.371753  0.872966  0.123372  0.126363  0.378853  0.116404  0.349740  0.104333  0.362818  0.123448  0.273956  0.126471  0.407765  0.100261  0.343227  0.115927  0.133222  0.368637  0.118010  0.114514  0.434211  0.110351  0.100701  0.264071  0.381903  0.217936  0.282283  0.209130  0.614393  0.758650  0.118766  0.122467  0.122789  0.626615  0.116167  0.112916  0.123980  0.124036  0.121677  0.101155  0.101907  0.123935  0.116754  0.120311  0.119776  0.378415  0.301160  0.657560  0.358603  0.124322  0.345421  0.806860  0.116328  0.123148  0.122756  0.100886  0.619479  0.114398  0.126294  0.507611  0.132253  0.121032  0.359795  0.673189  0.119329  0.117893  0.496030  0.796475  0.337270  0.742283  0.115788  0.342452  0.123269  0.215291  0.341375  0.116333 
18  0.121940  0.382977  0.330510  0.093791  0.082391  0.128415  0.082391  0.374117  0.309025  0.313911  0.833737  0.370099  0.438416  0.326830  0.496134  0.363711  0.300057  0.377409 0.0  0.432074  0.380720  0.313613  0.370831  0.396758  0.663923  0.318490  0.333647  0.336402  0.757886  0.320723  0.401510  0.308973  0.656418  0.386160  0.196977  0.310987  0.378159  0.319494  0.483650  0.339736  0.346350  0.397861  0.402574  0.350015  0.296459  0.107087  0.353357  0.317157  0.185515  0.295661  0.548764  0.220159  0.513976  0.294780  0.127630  0.358482  0.341968  0.323805  0.333956  0.218051  0.370678  0.319744  0.333135  0.349514  0.351399  0.301601  0.386288  0.271414  0.327652  0.486380  0.334701  0.314549  0.191969  0.329884  0.346983  0.347930  0.375640  0.307041  0.351341  0.357158  0.322122  0.299946  0.366133  0.306374  0.360995  0.336854  0.279553  0.683825  0.323358  0.333018  0.338091  0.305261  0.360966  0.328065  0.390551  0.361773  0.122530  0.385271  0.346870  0.337281  0.378785  0.664204  0.797013  0.314735  0.359841  0.346473  0.332419  0.754441  0.348337  0.357694  0.356535  0.360775  0.343548  0.372075  0.359768  0.705800  0.320817  0.803095  0.352308  0.387675  0.386042  0.378659  0.671305  0.371246  0.358335  0.272355  0.344836  0.348130  0.396440  0.337655  0.366929  0.324372  0.387967  0.436829  0.366939  0.330675  0.332409  0.378953  0.109790  0.317377  0.333875  0.404514  0.363327  0.381493  0.328877  0.341084  0.361711  0.375103  0.369986  0.529610  0.744223  0.334580  0.300227  0.315847  0.593077  0.317262  0.365654  0.366571  0.339437  0.390936  0.367693  0.338345  0.309609  0.265839  0.333521  0.376420  0.330040  0.256697  0.726539  0.346238  0.325286  0.343151  0.769051  0.305638  0.383389  0.346900  0.295643  0.549106  0.311099  0.282354  0.506419  0.345256  0.312346  0.336213  0.772044  0.325306  0.330752  0.495743  0.839150  0.350227  0.653967  0.379975  0.358340  0.369653  0.344998  0.350580  0.337037 
19  0.470139  0.482667  0.423453  0.465148  0.446218  0.485984  0.455735  0.528516  0.521198  0.457233  0.864586  0.506693  0.489571  0.489189  0.266727  0.431841  0.479803  0.481591  0.432074 0.0  0.459935  0.527981  0.414948  0.487758  0.719685  0.472940  0.482421  0.490340  0.748795  0.534508  0.482122  0.499171  0.655812  0.460399  0.427453  0.377006  0.531406  0.515359  0.125505  0.406821  0.470244  0.512768  0.530363  0.505709  0.480274  0.430115  0.388305  0.527369  0.479302  0.472657  0.210070  0.444361  0.216047  0.486133  0.466897  0.405439  0.548461  0.482565  0.458921  0.461916  0.513574  0.404492  0.504673  0.499221  0.458257  0.527472  0.542502  0.389466  0.540268  0.417054  0.565951  0.512055  0.368195  0.447364  0.445546  0.559702  0.511479  0.435091  0.491204  0.493565  0.452991  0.453941  0.426267  0.500602  0.501511  0.530816  0.485521  0.536752  0.382609  0.461363  0.401787  0.397929  0.499519  0.421839  0.441187  0.405081  0.531870  0.494030  0.508098  0.483279  0.466461  0.757395  0.767778  0.494170  0.442819  0.490172  0.546081  0.792073  0.483957  0.476033  0.501057  0.434215  0.464569  0.412216  0.530345  0.725234  0.463506  0.690949  0.523496  0.466817  0.470809  0.500863  0.815596  0.546248  0.466974  0.515107  0.461951  0.430700  0.466947  0.449925  0.426464  0.433315  0.470084  0.158952  0.532210  0.450315  0.485706  0.387781  0.514208  0.482747  0.462953  0.173436  0.487000  0.540592  0.495385  0.422073  0.459975  0.473792  0.503873  0.655182  0.619281  0.463576  0.488674  0.543424  0.608467  0.435703  0.444456  0.476472  0.515722  0.508112  0.530311  0.523493  0.427089  0.440784  0.442191  0.429682  0.480217  0.494964  0.683990  0.461039  0.471508  0.482983  0.813784  0.389499  0.427259  0.475655  0.386803  0.575909  0.508663  0.491036  0.300666  0.519117  0.475308  0.505035  0.709057  0.480953  0.418663  0.189749  0.743469  0.480862  0.778147  0.453429  0.465423  0.450012  0.448381  0.439203  0.467517 
