197
0 0.0  0.296121  0.311900  0.118497  0.108029  0.108576  0.116765  0.297716  0.341943  0.271131  0.802258  0.267774  0.302271  0.283481  0.470674  0.306274  0.303684  0.275830  0.112064  0.458307  0.256261  0.278408  0.305037  0.315441  0.743085  0.285595  0.287225  0.361003  0.630975  0.313590  0.318307  0.323053  0.708954  0.257633  0.201850  0.341280  0.256427  0.296801  0.436242  0.270005  0.292660  0.283746  0.298849  0.282643  0.289291  0.115256  0.277738  0.324212  0.167740  0.337296  0.507260  0.183884  0.463683  0.362851  0.116870  0.314334  0.288613  0.312782  0.292246  0.195694  0.314893  0.273062  0.289602  0.310174  0.285625  0.285046  0.324686  0.310756  0.321280  0.449185  0.304123  0.340915  0.213100  0.279532  0.243663  0.299207  0.285865  0.307760  0.320758  0.307041  0.297763  0.241790  0.283505  0.333854  0.351257  0.260601  0.293529  0.592967  0.284206  0.330366  0.301792  0.293679  0.280068  0.295263  0.312707  0.295423  0.116936  0.341262  0.316419  0.281395  0.313405  0.706627  0.658198  0.308557  0.295637  0.281836  0.294109  0.696961  0.276364  0.306846  0.299471  0.289624  0.328992  0.336711  0.364532  0.671303  0.303452  0.755020  0.320439  0.318818  0.299785  0.289627  0.786358  0.284733  0.298873  0.282260  0.300458  0.270201  0.310320  0.253273  0.320403  0.324389  0.325589  0.434142  0.307286  0.290646  0.321952  0.259981  0.112739  0.302499  0.298569  0.444313  0.344583  0.272390  0.274877  0.330168  0.290754  0.311613  0.333344  0.635071  0.792866  0.366978  0.295564  0.285876  0.565176  0.281062  0.336111  0.305123  0.261951  0.325688  0.291004  0.244509  0.309726  0.306478  0.331898  0.289542  0.292196  0.204639  0.737614  0.324617  0.313804  0.291296  0.699234  0.329693  0.301149  0.307576  0.325215  0.676484  0.314717  0.308725  0.449118  0.313365  0.325021  0.282219  0.638014  0.268726  0.324595  0.483440  0.721099  0.266129  0.865405  0.336832  0.325601  0.312147  0.316986  0.259259  0.316371 
1  0.296121 0.0  0.246941  0.345782  0.352101  0.306657  0.300552  0.222373  0.258463  0.389585  0.605131  0.244471  0.263392  0.251093  0.499877  0.234859  0.198157  0.235365  0.353826  0.543141  0.319152  0.178976  0.239456  0.276899  0.740951  0.243337  0.268367  0.215942  0.743118  0.334839  0.217689  0.242632  0.766113  0.319942  0.195929  0.169441  0.348290  0.379634  0.474450  0.212989  0.266505  0.412413  0.268065  0.203617  0.169852  0.291769  0.191723  0.229169  0.293776  0.241578  0.470189  0.333645  0.572789  0.167279  0.280542  0.309445  0.333213  0.118959  0.295798  0.300100  0.201435  0.220763  0.223616  0.221263  0.257624  0.207289  0.246913  0.176426  0.221961  0.426217  0.203936  0.181730  0.202504  0.239550  0.110266  0.217654  0.347501  0.301327  0.215881  0.227528  0.216810  0.250520  0.331484  0.320955  0.351948  0.239286  0.239198  0.684995  0.252229  0.238353  0.250209  0.230561  0.249380  0.245849  0.213586  0.255398  0.366874  0.314162  0.239670  0.262907  0.328957  0.809105  0.851538  0.402370  0.256230  0.231820  0.309344  0.802366  0.312049  0.337397  0.243874  0.314296  0.232541  0.257345  0.229371  0.738832  0.233981  0.796073  0.243328  0.237959  0.248284  0.369837  0.740630  0.253270  0.214964  0.359923  0.225454  0.339907  0.245432  0.316219  0.211176  0.282693  0.196386  0.390413  0.228185  0.327341  0.228010  0.256343  0.324300  0.250459  0.212366  0.487221  0.242118  0.252177  0.187148  0.334591  0.100420  0.116069  0.221432  0.638265  0.784286  0.230095  0.228253  0.215306  0.681987  0.235557  0.214589  0.215196  0.242635  0.233998  0.254228  0.266386  0.217955  0.235175  0.200803  0.212279  0.347736  0.268983  0.779511  0.321122  0.217967  0.278343  0.735813  0.241896  0.232380  0.197938  0.267837  0.658011  0.215251  0.255535  0.479883  0.250552  0.254193  0.391359  0.689011  0.192805  0.241590  0.503716  0.739961  0.371936  0.845237  0.253636  0.336694  0.249954  0.210643  0.332780  0.221816 
2  0.311900  0.246941 0.0  0.309437  0.381124  0.334936  0.426012  0.073190  0.088455  0.355397  0.756415  0.136490  0.125396  0.138392  0.487971  0.126204  0.178292  0.119286  0.333558  0.426401  0.366777  0.198109  0.138258  0.114800  0.815243  0.136948  0.125475  0.134178  0.858511  0.291152  0.131559  0.144712  0.822961  0.360765  0.209702  0.204662  0.352385  0.394401  0.495976  0.121381  0.134022  0.397844  0.136623  0.235559  0.181775  0.290451  0.172327  0.124848  0.288501  0.148187  0.562692  0.289807  0.519833  0.178559  0.326777  0.304873  0.329580  0.219010  0.315668  0.342953  0.205377  0.135912  0.129766  0.135256  0.120306  0.136152  0.138994  0.173112  0.215752  0.411886  0.129543  0.179919  0.203172  0.231115  0.199042  0.132177  0.314226  0.383262  0.133578  0.132915  0.130642  0.120382  0.272622  0.305330  0.369562  0.131388  0.133400  0.628385  0.141786  0.128812  0.127714  0.135772  0.127443  0.133873  0.134551  0.133170  0.314501  0.364651  0.142494  0.138786  0.353268  0.772630  0.883654  0.324810  0.135722  0.084499  0.367066  0.734729  0.379647  0.323070  0.127187  0.303624  0.085827  0.142316  0.124324  0.731959  0.143143  0.728182  0.085629  0.133865  0.170888  0.300408  0.737960  0.139102  0.132356  0.318518  0.129707  0.335092  0.133924  0.354453  0.134043  0.356778  0.127182  0.470173  0.127629  0.308506  0.141484  0.117832  0.295794  0.130882  0.094018  0.400568  0.134253  0.131953  0.231468  0.314910  0.212671  0.209278  0.202573  0.548881  0.835954  0.136659  0.122623  0.129493  0.675302  0.133040  0.125910  0.141426  0.127128  0.139764  0.130264  0.136556  0.145805  0.142083  0.137874  0.139036  0.390898  0.247645  0.704089  0.318281  0.138459  0.295210  0.720967  0.134868  0.141653  0.133538  0.143799  0.525832  0.105652  0.116056  0.469377  0.113266  0.134680  0.310498  0.807876  0.132196  0.136532  0.478014  0.777627  0.311585  0.767784  0.133423  0.352962  0.134497  0.209599  0.342909  0.140042 
3  0.118497  0.345782  0.309437 0.0  0.079328  0.117503  0.079191  0.359600  0.340529  0.347881  0.888320  0.380607  0.359666  0.359770  0.459980  0.281109  0.327859  0.310390  0.077934  0.456456  0.358295  0.367852  0.339121  0.342138  0.730878  0.388675  0.304901  0.363076  0.757394  0.331571  0.333857  0.310224  0.767758  0.343768  0.187849  0.307147  0.338752  0.328002  0.453460  0.334054  0.326561  0.357391  0.314957  0.362286  0.306601  0.097061  0.297441  0.307130  0.195573  0.386212  0.452110  0.202527  0.469671  0.285724  0.120283  0.338468  0.310121  0.355902  0.372821  0.232071  0.298674  0.348249  0.318490  0.349273  0.335029  0.348898  0.337319  0.301108  0.339018  0.448614  0.323568  0.327470  0.171449  0.305800  0.347760  0.318430  0.350569  0.366739  0.334711  0.304739  0.296790  0.348838  0.318160  0.307805  0.350420  0.358446  0.314350  0.716340  0.333863  0.313391  0.329106  0.390339  0.400183  0.328093  0.252912  0.315714  0.115435  0.339054  0.311297  0.323689  0.361234  0.799772  0.829813  0.356793  0.345218  0.334466  0.296814  0.723560  0.334862  0.359732  0.339193  0.376707  0.338499  0.414902  0.311725  0.692561  0.279370  0.691884  0.332839  0.358960  0.330196  0.312191  0.697935  0.343357  0.324405  0.364208  0.332837  0.327542  0.339022  0.414536  0.337088  0.335886  0.286855  0.440328  0.351909  0.359662  0.338260  0.331772  0.097668  0.332766  0.321766  0.434789  0.321030  0.346283  0.278943  0.344113  0.336264  0.336619  0.303272  0.634855  0.732419  0.338087  0.341964  0.299899  0.613228  0.280072  0.296546  0.334642  0.335332  0.379846  0.366374  0.378648  0.340711  0.326121  0.409691  0.320472  0.349674  0.252026  0.727770  0.336186  0.342797  0.363786  0.680870  0.362825  0.365700  0.286345  0.340524  0.629018  0.303944  0.353409  0.496947  0.373278  0.304263  0.339493  0.765023  0.390988  0.316607  0.528109  0.802455  0.263429  0.775309  0.334732  0.412450  0.315845  0.310912  0.344015  0.302838 
4  0.108029  0.352101  0.381124  0.079328 0.0  0.118132  0.066146  0.361769  0.341725  0.357922  0.816463  0.343123  0.414369  0.312580  0.425302  0.303106  0.283278  0.361043  0.066146  0.470387  0.345302  0.325877  0.333014  0.322797  0.780223  0.384589  0.349663  0.353592  0.777980  0.342098  0.315856  0.306684  0.642375  0.294158  0.209575  0.305123  0.379647  0.391725  0.481873  0.365764  0.381541  0.335766  0.327395  0.315623  0.282963  0.095115  0.345910  0.376938  0.182779  0.363396  0.530734  0.211291  0.547356  0.309452  0.119176  0.322469  0.312907  0.353602  0.289317  0.226088  0.338353  0.353718  0.333328  0.303929  0.332818  0.299714  0.394417  0.331449  0.349006  0.466212  0.276040  0.313370  0.201916  0.371184  0.355123  0.361620  0.379017  0.363190  0.365724  0.341858  0.317988  0.305174  0.318736  0.322976  0.324382  0.311595  0.300896  0.646576  0.316638  0.327165  0.339182  0.342666  0.324333  0.321022  0.323728  0.323876  0.110441  0.308800  0.287920  0.354186  0.332206  0.728913  0.707847  0.314477  0.374805  0.387258  0.343195  0.650823  0.344250  0.368519  0.323620  0.367128  0.356785  0.323595  0.325163  0.623469  0.332909  0.727932  0.375689  0.303420  0.380689  0.346375  0.767379  0.351697  0.362887  0.355524  0.380973  0.404935  0.360782  0.386737  0.334720  0.361999  0.336031  0.417140  0.380744  0.329980  0.302459  0.321819  0.101156  0.356867  0.332819  0.343688  0.315596  0.362167  0.302250  0.339429  0.328721  0.349256  0.278974  0.759738  0.704349  0.281431  0.321237  0.338517  0.747749  0.324704  0.316437  0.343773  0.351599  0.324835  0.350329  0.365335  0.317305  0.344735  0.388468  0.375529  0.307627  0.247637  0.777506  0.339278  0.298699  0.351344  0.720060  0.336648  0.324366  0.349200  0.384833  0.758230  0.329655  0.328024  0.503961  0.331289  0.311354  0.318875  0.790316  0.316980  0.305763  0.491245  0.671690  0.322374  0.743884  0.335006  0.341298  0.352354  0.336838  0.329926  0.311110 
5  0.108576  0.306657  0.334936  0.117503  0.118132 0.0  0.107069  0.307239  0.289372  0.275465  0.711397  0.254333  0.317919  0.293170  0.447884  0.325904  0.275431  0.301784  0.117558  0.470780  0.289729  0.272134  0.310990  0.286477  0.769762  0.326293  0.300237  0.258644  0.740021  0.265653  0.273201  0.275587  0.748828  0.283282  0.199753  0.297019  0.278803  0.283594  0.530865  0.273120  0.316957  0.326847  0.271573  0.275097  0.254042  0.114426  0.335584  0.318208  0.189504  0.269814  0.490028  0.193239  0.505064  0.309763  0.118659  0.300912  0.315907  0.296132  0.335617  0.191788  0.303444  0.293935  0.349281  0.288512  0.266553  0.325065  0.295905  0.307525  0.333217  0.488254  0.268090  0.287052  0.188832  0.321119  0.274920  0.307884  0.265733  0.331271  0.248522  0.323902  0.302266  0.304739  0.299944  0.296582  0.307832  0.294632  0.298965  0.611327  0.338406  0.306040  0.270080  0.286852  0.274434  0.281686  0.293834  0.284900  0.117626  0.283035  0.310679  0.335196  0.309333  0.773787  0.759172  0.302414  0.275027  0.336615  0.325917  0.835852  0.279331  0.268279  0.296448  0.270198  0.311666  0.316168  0.324390  0.723989  0.323888  0.653954  0.307756  0.271612  0.302179  0.277056  0.599744  0.255812  0.302531  0.280931  0.306507  0.257730  0.298882  0.327987  0.289472  0.329347  0.282272  0.477912  0.328633  0.334852  0.299420  0.264880  0.107171  0.290434  0.323697  0.491470  0.307844  0.289506  0.282839  0.327331  0.317107  0.341070  0.326928  0.607974  0.829891  0.315343  0.328874  0.292163  0.625036  0.310872  0.289304  0.330468  0.304462  0.302894  0.273062  0.294804  0.286650  0.331512  0.321195  0.264947  0.302208  0.275160  0.760790  0.301706  0.265660  0.288893  0.770036  0.285621  0.343135  0.296803  0.236096  0.546198  0.291198  0.303996  0.480470  0.330974  0.297638  0.307875  0.622131  0.306880  0.281235  0.453255  0.568939  0.299348  0.722812  0.275126  0.314005  0.264274  0.301836  0.345486  0.269031 
6  0.116765  0.300552  0.426012  0.079191  0.066146  0.107069 0.0  0.326271  0.313187  0.336665  0.775592  0.327094  0.315989  0.339994  0.375144  0.380032  0.289858  0.412463  0.066146  0.466809  0.374582  0.298509  0.369791  0.355042  0.711467  0.389057  0.361694  0.400108  0.782262  0.327445  0.348820  0.363788  0.772896  0.332484  0.190721  0.298921  0.363185  0.366958  0.506861  0.347136  0.291468  0.344026  0.312046  0.347530  0.285957  0.089107  0.284451  0.343943  0.176697  0.331914  0.466988  0.214871  0.530789  0.303698  0.112519  0.320297  0.325246  0.311429  0.314002  0.218825  0.295937  0.301963  0.344742  0.319170  0.250215  0.368695  0.335385  0.282100  0.373771  0.467278  0.312246  0.315003  0.203720  0.345956  0.365256  0.359862  0.370560  0.324542  0.334452  0.334418  0.291434  0.304057  0.348525  0.310349  0.350022  0.347846  0.281095  0.660402  0.330391  0.291882  0.291546  0.324172  0.316773  0.359542  0.337258  0.325957  0.117289  0.350555  0.367969  0.311774  0.340734  0.718487  0.766753  0.326190  0.318255  0.360587  0.380938  0.901325  0.310214  0.352418  0.360812  0.361453  0.397478  0.331705  0.354367  0.844031  0.359524  0.850509  0.265007  0.377584  0.317909  0.338378  0.693525  0.324469  0.303770  0.390109  0.296218  0.338044  0.388326  0.391418  0.331127  0.362213  0.347429  0.517126  0.304130  0.327359  0.290027  0.306997  0.094836  0.343679  0.323193  0.481687  0.347619  0.324454  0.305488  0.377651  0.316847  0.343965  0.370305  0.570395  0.836787  0.341562  0.312238  0.371204  0.557754  0.367877  0.339648  0.364293  0.338459  0.333843  0.383815  0.367947  0.309828  0.344457  0.289077  0.351478  0.352277  0.271974  0.707860  0.359941  0.344704  0.319193  0.734190  0.355174  0.324508  0.319829  0.369277  0.628065  0.323573  0.351901  0.459782  0.309674  0.369849  0.343970  0.777679  0.332785  0.322404  0.499048  0.671364  0.354647  0.899027  0.346314  0.331720  0.337140  0.349755  0.358685  0.351982 
7  0.297716  0.222373  0.073190  0.359600  0.361769  0.307239  0.326271 0.0  0.084254  0.412720  0.776177  0.144831  0.138140  0.125520  0.437956  0.142935  0.188842  0.125619  0.344817  0.517395  0.292841  0.210854  0.135672  0.140931  0.740960  0.142881  0.147533  0.130784  0.742834  0.337937  0.130427  0.132594  0.752286  0.329977  0.199346  0.216160  0.396782  0.312442  0.541886  0.132308  0.125612  0.368104  0.118266  0.215779  0.201208  0.330935  0.190936  0.120031  0.308995  0.129224  0.501527  0.339811  0.508887  0.184654  0.292280  0.353923  0.292229  0.214640  0.303876  0.291140  0.222923  0.136819  0.125130  0.125208  0.132960  0.128518  0.152449  0.178217  0.243159  0.409671  0.138335  0.177373  0.184534  0.198907  0.215580  0.133266  0.338040  0.376676  0.138990  0.131848  0.135532  0.135957  0.301792  0.293389  0.306729  0.142880  0.143937  0.652346  0.139117  0.131556  0.143298  0.132449  0.137000  0.146029  0.141035  0.127771  0.328033  0.366363  0.132307  0.147533  0.398015  0.690910  0.793987  0.383610  0.134355  0.087977  0.388962  0.689140  0.339394  0.324940  0.140411  0.346881  0.085964  0.131441  0.134907  0.811054  0.143858  0.773533  0.086105  0.134664  0.174795  0.332815  0.579121  0.143724  0.137250  0.328641  0.137775  0.326317  0.130349  0.361469  0.125830  0.337191  0.127102  0.404350  0.148356  0.298178  0.129086  0.112518  0.349387  0.144904  0.094638  0.447298  0.137039  0.143911  0.215493  0.357605  0.217821  0.235915  0.213053  0.599570  0.512888  0.131537  0.130686  0.137521  0.627086  0.138263  0.142119  0.136170  0.128119  0.135183  0.123623  0.131472  0.140977  0.131789  0.135527  0.141359  0.327267  0.267360  0.825343  0.321949  0.141236  0.299657  0.746469  0.134804  0.133976  0.131403  0.134642  0.563389  0.098531  0.107957  0.504055  0.109580  0.141954  0.396104  0.703485  0.133885  0.142988  0.526755  0.805524  0.349158  0.785052  0.124912  0.368366  0.143277  0.212807  0.337769  0.135239 
8  0.341943  0.258463  0.088455  0.340529  0.341725  0.289372  0.313187  0.084254 0.0  0.369138  0.877978  0.129473  0.142297  0.133992  0.508501  0.127607  0.196534  0.125888  0.329912  0.504463  0.386812  0.234491  0.127924  0.134487  0.648578  0.128690  0.135615  0.127245  0.810808  0.296089  0.144043  0.132319  0.694858  0.348122  0.177291  0.188882  0.324661  0.318487  0.516665  0.141095  0.127703  0.383152  0.129191  0.226306  0.153290  0.352116  0.189277  0.129540  0.290927  0.129767  0.560628  0.303775  0.480653  0.186537  0.346549  0.346346  0.323397  0.230513  0.369324  0.323160  0.204237  0.122405  0.134478  0.140074  0.139968  0.130016  0.145871  0.181345  0.209105  0.457224  0.127822  0.165654  0.147135  0.244765  0.232231  0.126400  0.360209  0.328882  0.138570  0.131267  0.131608  0.139220  0.341443  0.255195  0.415851  0.139543  0.133355  0.643805  0.126981  0.143648  0.124403  0.139648  0.136160  0.135467  0.143187  0.151422  0.343082  0.330213  0.135826  0.134136  0.325957  0.779501  0.811261  0.319346  0.126180  0.066146  0.352949  0.847026  0.362617  0.283480  0.138569  0.377932  0.073194  0.132434  0.127999  0.740010  0.136431  0.815919  0.066146  0.136972  0.159820  0.374167  0.727665  0.144681  0.136566  0.343544  0.138782  0.346696  0.136537  0.368158  0.145559  0.341784  0.128253  0.448717  0.125363  0.348201  0.131492  0.119272  0.339506  0.148434  0.095408  0.424076  0.127630  0.122588  0.217347  0.393165  0.206296  0.242096  0.202541  0.744803  0.704030  0.131769  0.133623  0.137780  0.773710  0.134714  0.129099  0.128169  0.145351  0.134101  0.129164  0.139092  0.135877  0.128294  0.135205  0.139470  0.345065  0.250485  0.703568  0.353682  0.147539  0.317568  0.642908  0.128647  0.136792  0.135351  0.136273  0.556558  0.103202  0.117425  0.566978  0.116645  0.142548  0.338645  0.883443  0.142034  0.130288  0.522759  0.743885  0.365298  0.842066  0.128288  0.313638  0.138198  0.232003  0.324792  0.142282 
9  0.271131  0.389585  0.355397  0.347881  0.357922  0.275465  0.336665  0.412720  0.369138 0.0  0.860508  0.298392  0.371250  0.395463  0.507907  0.403901  0.335928  0.405884  0.424685  0.532991  0.222449  0.310629  0.349158  0.338276  0.678523  0.334159  0.349973  0.367374  0.698204  0.274653  0.349452  0.322749  0.790515  0.136900  0.199075  0.302641  0.276188  0.248174  0.554541  0.356583  0.378776  0.191293  0.309088  0.316568  0.301634  0.350496  0.262660  0.379793  0.336098  0.350742  0.578985  0.268006  0.585031  0.265464  0.293281  0.112576  0.115202  0.355757  0.314667  0.276272  0.331569  0.310487  0.332616  0.369146  0.364488  0.307483  0.365926  0.310939  0.376873  0.450494  0.307132  0.260005  0.212091  0.298639  0.344479  0.348294  0.234736  0.222794  0.368686  0.335080  0.363063  0.362953  0.237543  0.297663  0.222437  0.394637  0.326846  0.682381  0.346964  0.323844  0.362218  0.321501  0.311066  0.343040  0.377808  0.371491  0.359091  0.128936  0.351702  0.331029  0.077815  0.774842  0.686529  0.079600  0.440890  0.319088  0.171277  0.768954  0.182065  0.116272  0.320493  0.076546  0.335756  0.306492  0.335247  0.755069  0.387905  0.855061  0.394354  0.368363  0.343999  0.243066  0.773240  0.350621  0.342250  0.166549  0.350401  0.078412  0.302730  0.280639  0.364572  0.098608  0.334534  0.390273  0.334723  0.113290  0.342675  0.326501  0.360184  0.359392  0.362511  0.510020  0.393497  0.351482  0.334887  0.107376  0.341624  0.334551  0.354017  0.637415  0.754476  0.352344  0.340154  0.341174  0.605743  0.376365  0.342609  0.370825  0.362599  0.379103  0.374160  0.319972  0.399812  0.315676  0.372092  0.304130  0.155285  0.244992  0.810214  0.234398  0.374785  0.210054  0.653013  0.292278  0.309730  0.385443  0.347540  0.573751  0.315321  0.330031  0.459413  0.348873  0.318078  0.188735  0.812869  0.336646  0.345711  0.438516  0.731690  0.250988  0.691658  0.322921  0.245107  0.296468  0.333378  0.113583  0.373470 
10  0.802258  0.605131  0.756415  0.888320  0.816463  0.711397  0.775592  0.776177  0.877978  0.860508 0.0  0.650116  0.705453  0.869020  0.783726  0.857194  0.738580  0.739525  0.666079  0.657880  0.820932  0.698562  0.896412  0.822425  0.442720  0.707027  0.853129  0.804580  0.425676  0.855061  0.868242  0.774466  0.460869  0.764245  0.748659  0.758911  0.852091  0.778010  0.740940  0.702004  0.774594  0.767307  0.794849  0.617541  0.766304  0.702160  0.727005  0.660346  0.778033  0.817795  0.797871  0.658196  0.708864  0.722574  0.805829  0.799358  0.702262  0.763471  0.792995  0.756469  0.726315  0.790552  0.708413  0.874036  0.737609  0.944650  0.835887  0.712688  0.693397  0.814357  0.764652  0.716881  0.612929  0.768008  0.750051  0.788600  0.717402  0.672148  0.589391  0.665328  0.671516  0.742545  0.789834  0.691863  0.694054  0.730666  0.832131  0.692654  0.816814  0.791380  0.758954  0.734734  0.762003  0.800574  0.755785  0.789631  0.713750  0.755048  0.882120  0.725776  0.858796  0.558278  0.072262  0.793792  0.985592  0.859429  0.878590  0.228207  0.661651  0.754842  0.656991  0.715496  0.917435  0.752649  0.712958  0.073602  0.590182  0.073493  0.761259  0.807053  0.885200  0.807204  0.853481  0.808417  0.837017  0.726290  0.639122  0.799424  0.725220  0.775650  0.731556  0.666759  0.799269  0.732049  0.847869  0.713937  0.838084  0.740588  0.884282  0.704307  0.740419  0.820754  0.804784  0.877567  0.756475  0.913281  0.700592  0.804410  0.820568  0.478026  0.600701  0.793082  0.734602  0.716876  0.570745  0.709848  0.700543  0.921070  0.615088  0.770780  0.751576  0.724317  0.783302  0.571323  0.706701  0.785837  0.736105  0.710639  0.301062  0.740097  0.755868  0.794485  0.118628  0.647496  0.752815  0.734299  0.767331  0.644546  0.681153  0.692028  0.806176  0.818083  0.769939  0.761627  0.088587  0.863902  0.825150  0.660533  0.527859  0.773465  0.074318  0.813485  0.841135  0.855214  0.925896  0.873990  0.863014 
11  0.267774  0.244471  0.136490  0.380607  0.343123  0.254333  0.327094  0.144831  0.129473  0.298392  0.650116 0.0  0.085654  0.100461  0.516249  0.106705  0.204817  0.073888  0.370551  0.512832  0.365501  0.214183  0.074062  0.084408  0.638518  0.088230  0.085984  0.074742  0.696710  0.350786  0.099498  0.109837  0.675604  0.300094  0.185461  0.199425  0.319939  0.348428  0.479731  0.085235  0.084057  0.383429  0.074225  0.190138  0.202707  0.298123  0.176294  0.099103  0.309398  0.074187  0.458674  0.271617  0.513797  0.197331  0.255868  0.319778  0.330211  0.263091  0.357732  0.313983  0.237283  0.108788  0.106013  0.102672  0.107335  0.101182  0.085690  0.183579  0.242462  0.441506  0.100363  0.192985  0.191415  0.222337  0.241681  0.106849  0.351872  0.308520  0.106317  0.111963  0.111258  0.109720  0.335846  0.307513  0.369749  0.105700  0.107201  0.612965  0.104945  0.101498  0.102177  0.073654  0.088464  0.099940  0.099279  0.086069  0.356532  0.376175  0.102185  0.108683  0.346239  0.726029  0.857292  0.351396  0.091401  0.137224  0.372811  0.880611  0.319236  0.366024  0.084176  0.321411  0.138374  0.088826  0.105012  0.682801  0.106581  0.784999  0.140171  0.073372  0.154629  0.346942  0.833919  0.104336  0.106519  0.334550  0.108754  0.396042  0.082540  0.369443  0.107079  0.309514  0.111779  0.440946  0.086385  0.377885  0.101278  0.117003  0.306390  0.100741  0.102444  0.451712  0.106303  0.089858  0.228266  0.323006  0.221187  0.263562  0.228192  0.658335  0.710174  0.109597  0.104744  0.105349  0.655052  0.107943  0.108510  0.106076  0.106327  0.103343  0.086399  0.086129  0.102868  0.104885  0.098798  0.102549  0.365541  0.275119  0.735166  0.314051  0.107130  0.341655  0.710906  0.100258  0.110669  0.106083  0.082540  0.707350  0.097218  0.112142  0.488952  0.113398  0.107711  0.411373  0.776196  0.108241  0.104563  0.510202  0.725230  0.400087  0.844366  0.105631  0.301151  0.105001  0.204911  0.343682  0.108524 
12  0.302271  0.263392  0.125396  0.359666  0.414369  0.317919  0.315989  0.138140  0.142297  0.371250  0.705453  0.085654 0.0  0.104426  0.562548  0.105711  0.178375  0.084507  0.324182  0.447356  0.414019  0.217811  0.084651  0.074749  0.659402  0.073817  0.074723  0.086345  0.739256  0.352856  0.104309  0.102561  0.811298  0.320709  0.201813  0.168823  0.335131  0.382015  0.537321  0.088654  0.073929  0.362329  0.088077  0.199291  0.190924  0.334692  0.175645  0.110391  0.342873  0.086644  0.508005  0.370005  0.473010  0.195889  0.299391  0.349333  0.354003  0.233315  0.329915  0.315082  0.198448  0.112882  0.107323  0.092316  0.107202  0.111348  0.083908  0.176044  0.229824  0.424329  0.109486  0.188395  0.199339  0.218813  0.226935  0.107241  0.378220  0.317571  0.105924  0.111784  0.107115  0.106298  0.355714  0.326893  0.310172  0.103626  0.107559  0.659141  0.111754  0.104877  0.106780  0.087339  0.074013  0.104786  0.107525  0.074671  0.327857  0.337858  0.112604  0.107574  0.333616  0.779050  0.637451  0.390964  0.085064  0.138302  0.393045  0.959917  0.328911  0.314441  0.073980  0.393513  0.123938  0.074859  0.106240  0.698548  0.100591  0.745308  0.153138  0.086948  0.158508  0.376688  0.718824  0.100270  0.111500  0.345194  0.102036  0.337949  0.073533  0.341453  0.106771  0.351051  0.101583  0.411861  0.085533  0.374959  0.101786  0.114628  0.353438  0.103638  0.099438  0.434614  0.103712  0.075232  0.199956  0.378796  0.220319  0.195297  0.213032  0.739147  0.731397  0.107717  0.104485  0.102649  0.721646  0.103359  0.102481  0.104967  0.109415  0.102577  0.074696  0.089730  0.099090  0.101584  0.103404  0.104650  0.337610  0.260879  0.698089  0.327840  0.110071  0.305690  0.863581  0.107852  0.109036  0.105660  0.073765  0.593240  0.098276  0.118834  0.494652  0.109963  0.108249  0.350363  0.650924  0.108414  0.102635  0.510683  0.730553  0.359103  0.590434  0.105998  0.326116  0.112296  0.217179  0.363034  0.111315 
13  0.283481  0.251093  0.138392  0.359770  0.312580  0.293170  0.339994  0.125520  0.133992  0.395463  0.869020  0.100461  0.104426 0.0  0.529152  0.073223  0.181528  0.101745  0.363768  0.458238  0.349149  0.208066  0.107986  0.102261  0.709278  0.095955  0.106681  0.103845  0.720897  0.356787  0.087947  0.086214  0.726755  0.327177  0.179235  0.195347  0.390178  0.364182  0.436361  0.112068  0.108564  0.395170  0.102239  0.209785  0.175324  0.341130  0.180680  0.084821  0.255801  0.103360  0.532902  0.301508  0.539914  0.194730  0.303193  0.291848  0.348852  0.237222  0.319844  0.275274  0.201470  0.086270  0.082981  0.086785  0.073986  0.088707  0.102679  0.182082  0.223484  0.427034  0.086431  0.190648  0.179006  0.238019  0.218620  0.085847  0.333390  0.343800  0.089837  0.087317  0.086350  0.087540  0.307078  0.321262  0.341965  0.089720  0.087770  0.575917  0.084299  0.086009  0.083631  0.107436  0.104317  0.073197  0.085799  0.100858  0.308492  0.347016  0.090134  0.087417  0.340906  0.790402  0.663365  0.330432  0.100578  0.125548  0.364099  0.658077  0.359741  0.322278  0.109770  0.337619  0.138551  0.114675  0.084267  0.828090  0.083608  0.861588  0.135241  0.104154  0.160829  0.380967  0.659475  0.085940  0.089603  0.334421  0.083677  0.335124  0.113611  0.364908  0.086102  0.301690  0.089584  0.467446  0.107531  0.328129  0.087698  0.115010  0.352336  0.087371  0.094036  0.435304  0.086593  0.110526  0.201384  0.339514  0.208827  0.233698  0.209146  0.657442  0.647901  0.085349  0.084719  0.087762  0.631997  0.083374  0.087591  0.084407  0.084467  0.086828  0.107409  0.109305  0.087963  0.086019  0.086618  0.085782  0.353254  0.251008  0.795498  0.367463  0.084802  0.316048  0.711531  0.086457  0.087068  0.088256  0.108471  0.671170  0.095733  0.119342  0.453544  0.107335  0.088451  0.364759  0.807706  0.084254  0.086094  0.413951  0.734412  0.350723  0.736967  0.088810  0.338781  0.085041  0.235094  0.359792  0.086285 
14  0.470674  0.499877  0.487971  0.459980  0.425302  0.447884  0.375144  0.437956  0.508501  0.507907  0.783726  0.516249  0.562548  0.529152 0.0  0.542558  0.491885  0.425736  0.628151  0.352099  0.483205  0.437094  0.559589  0.510199  0.782614  0.471650  0.458014  0.490087  0.743196  0.533390  0.458431  0.499415  0.742493  0.463480  0.424033  0.572283  0.501944  0.459809  0.325943  0.521205  0.473053  0.561507  0.494798  0.510448  0.490366  0.466520  0.513644  0.510315  0.542290  0.542595  0.326745  0.455307  0.324007  0.482070  0.454415  0.547448  0.479723  0.474634  0.528880  0.519297  0.546514  0.457710  0.493706  0.519127  0.471781  0.425615  0.514909  0.472092  0.426018  0.448884  0.443328  0.358835  0.348537  0.478687  0.492386  0.542502  0.561906  0.494281  0.482412  0.512387  0.499556  0.460581  0.504954  0.441284  0.539880  0.454360  0.518290  0.549025  0.426063  0.552188  0.480059  0.535769  0.454793  0.540516  0.456567  0.478110  0.460586  0.501301  0.572130  0.481577  0.492612  0.792440  0.868425  0.482149  0.588516  0.554204  0.490863  0.588822  0.486939  0.415202  0.507961  0.449475  0.529473  0.432134  0.419833  0.689025  0.479228  0.851093  0.485470  0.423095  0.404930  0.453898  0.734088  0.543025  0.535391  0.467401  0.441880  0.486360  0.428407  0.458556  0.436060  0.516571  0.501008  0.218959  0.530493  0.497048  0.523657  0.501032  0.540586  0.467993  0.521844  0.305526  0.574172  0.500633  0.504390  0.477772  0.476246  0.510864  0.415799  0.670855  0.734774  0.469331  0.585553  0.489960  0.684669  0.526461  0.537065  0.555735  0.525372  0.512436  0.516119  0.451746  0.491355  0.470756  0.509561  0.422559  0.501964  0.416902  0.787833  0.553603  0.488691  0.453084  0.750787  0.540282  0.479579  0.512869  0.511646  0.609584  0.415785  0.469116  0.094591  0.508773  0.502641  0.503972  0.781866  0.501913  0.506792  0.360737  0.689120  0.470371  0.841680  0.431362  0.444703  0.493914  0.473248  0.511037  0.483514 
15  0.306274  0.234859  0.126204  0.281109  0.303106  0.325904  0.380032  0.142935  0.127607  0.403901  0.857194  0.106705  0.105711  0.073223  0.542558 0.0  0.185235  0.104598  0.347571  0.545992  0.330344  0.192940  0.101929  0.107529  0.621961  0.105393  0.103603  0.106362  0.742796  0.405706  0.084395  0.085968  0.798963  0.332806  0.180866  0.174139  0.307186  0.344001  0.496708  0.106214  0.107756  0.394291  0.102630  0.224272  0.178934  0.314949  0.189693  0.086551  0.299362  0.109627  0.519827  0.363838  0.493213  0.187549  0.294073  0.299772  0.329590  0.236109  0.277854  0.332796  0.197006  0.085275  0.085638  0.085695  0.073988  0.084510  0.100889  0.188253  0.236414  0.442568  0.088956  0.176317  0.192683  0.210880  0.220479  0.086797  0.311752  0.331588  0.090091  0.089527  0.087942  0.088407  0.334469  0.313068  0.361037  0.085234  0.085638  0.638788  0.088112  0.088929  0.087888  0.110998  0.106575  0.074160  0.084780  0.104003  0.304010  0.315845  0.087639  0.088942  0.331160  0.763261  0.794666  0.352857  0.102499  0.126410  0.361858  0.807037  0.351680  0.346026  0.107499  0.352892  0.138712  0.105449  0.087527  0.845844  0.086450  0.793582  0.135337  0.103307  0.181857  0.311626  0.656834  0.085337  0.085908  0.354461  0.085978  0.361127  0.109125  0.353990  0.085217  0.290899  0.086231  0.440808  0.107954  0.348650  0.084512  0.114457  0.401519  0.086174  0.099779  0.468976  0.083628  0.101303  0.216743  0.305335  0.227020  0.228662  0.198516  0.605970  0.791000  0.088219  0.088365  0.085205  0.582579  0.085967  0.082568  0.087835  0.086318  0.085272  0.098605  0.110329  0.084840  0.085823  0.087241  0.081629  0.318200  0.266095  0.740455  0.295667  0.082917  0.309343  0.683844  0.086003  0.086400  0.086705  0.104306  0.571869  0.089072  0.116305  0.570988  0.115919  0.085176  0.394349  0.684780  0.082953  0.085686  0.499490  0.726196  0.338207  0.772709  0.087171  0.346744  0.087124  0.207617  0.334922  0.087778 
16  0.303684  0.198157  0.178292  0.327859  0.283278  0.275431  0.289858  0.188842  0.196534  0.335928  0.738580  0.204817  0.178375  0.181528  0.491885  0.185235 0.0  0.205546  0.278877  0.535645  0.290882  0.189370  0.184475  0.178638  0.693879  0.200132  0.175461  0.191688  0.635842  0.305852  0.186164  0.199001  0.683833  0.321877  0.201402  0.165099  0.268929  0.306294  0.461285  0.185724  0.197581  0.289205  0.202459  0.171911  0.172012  0.261045  0.166209  0.160905  0.313349  0.193033  0.465645  0.301700  0.444471  0.114002  0.347922  0.318578  0.280035  0.190356  0.280328  0.246923  0.118109  0.190943  0.185513  0.181820  0.194183  0.171755  0.173385  0.185680  0.183334  0.461134  0.209570  0.182246  0.199148  0.181276  0.181022  0.178874  0.278578  0.328988  0.200158  0.180098  0.161509  0.193135  0.334144  0.312653  0.289784  0.187038  0.193846  0.739212  0.187770  0.192571  0.178907  0.208413  0.184323  0.197829  0.162419  0.174920  0.332363  0.310174  0.185471  0.163863  0.307505  0.681501  0.811900  0.273304  0.184619  0.192174  0.288346  0.825798  0.302622  0.261263  0.193017  0.305213  0.199746  0.194836  0.189318  0.692005  0.186369  0.791832  0.198433  0.192109  0.162827  0.281369  0.670666  0.212720  0.199759  0.302171  0.167632  0.320810  0.203857  0.338228  0.194537  0.315838  0.188053  0.467973  0.180540  0.298825  0.181343  0.185724  0.358635  0.181596  0.186637  0.436210  0.168109  0.174858  0.199160  0.262647  0.184109  0.194150  0.194675  0.627084  0.684072  0.208077  0.181353  0.185313  0.625065  0.170628  0.188507  0.208036  0.179095  0.169626  0.186768  0.188960  0.175600  0.184068  0.195066  0.195600  0.265475  0.294224  0.834392  0.281657  0.181516  0.311648  0.662162  0.199921  0.194630  0.194429  0.185217  0.604529  0.185203  0.150758  0.463669  0.158258  0.171695  0.276300  0.749169  0.188642  0.194728  0.468324  0.649110  0.284331  0.799929  0.175202  0.305972  0.185082  0.206129  0.308998  0.199861 
17  0.275830  0.235365  0.119286  0.310390  0.361043  0.301784  0.412463  0.125619  0.125888  0.405884  0.739525  0.073888  0.084507  0.101745  0.425736  0.104598  0.205546 0.0  0.362755  0.409817  0.370657  0.220106  0.073228  0.087484  0.650992  0.085506  0.086135  0.072700  0.763668  0.364806  0.100862  0.104052  0.696734  0.373377  0.180850  0.177411  0.366827  0.319958  0.554619  0.087546  0.081375  0.375289  0.073204  0.210394  0.178648  0.344331  0.186679  0.104077  0.315133  0.074026  0.517006  0.309607  0.520181  0.191235  0.259503  0.382524  0.358116  0.216728  0.334648  0.333917  0.175736  0.103535  0.109976  0.099774  0.109569  0.105189  0.085570  0.156730  0.208464  0.478178  0.102137  0.184355  0.196930  0.246779  0.221731  0.104793  0.341224  0.309367  0.101324  0.105728  0.108371  0.101927  0.381713  0.304009  0.347622  0.100825  0.103108  0.621542  0.099828  0.108553  0.106959  0.076009  0.087888  0.101999  0.103466  0.080796  0.317300  0.315336  0.097406  0.104819  0.317665  0.705057  0.686671  0.403100  0.086049  0.134022  0.337928  0.746892  0.375393  0.414882  0.083887  0.297602  0.134306  0.084240  0.100738  0.663870  0.110652  0.834785  0.128251  0.073991  0.183092  0.356171  0.601652  0.104853  0.112132  0.349154  0.109035  0.363401  0.089746  0.331931  0.109817  0.350874  0.110437  0.459163  0.086342  0.371353  0.107981  0.119888  0.358210  0.106283  0.096191  0.468901  0.102696  0.087599  0.196468  0.356224  0.203489  0.204231  0.210754  0.576931  0.805092  0.094642  0.105085  0.108325  0.588458  0.106632  0.103957  0.103853  0.104209  0.102172  0.084964  0.086337  0.101778  0.108221  0.102317  0.102021  0.353079  0.254746  0.760870  0.317182  0.105312  0.338595  0.846988  0.102805  0.102732  0.102640  0.086258  0.650420  0.098914  0.117665  0.540126  0.111135  0.107702  0.368383  0.781848  0.101595  0.103858  0.476992  0.704026  0.367696  0.642780  0.112945  0.331702  0.105782  0.224524  0.355794  0.114154 
18  0.112064  0.353826  0.333558  0.077934  0.066146  0.117558  0.066146  0.344817  0.329912  0.424685  0.666079  0.370551  0.324182  0.363768  0.628151  0.347571  0.278877  0.362755 0.0  0.404394  0.412301  0.303954  0.369231  0.359465  0.785716  0.295240  0.331617  0.323846  0.796812  0.352399  0.325223  0.366520  0.845972  0.295896  0.194027  0.353430  0.360057  0.339203  0.562745  0.345553  0.415092  0.364020  0.346544  0.282159  0.293802  0.097434  0.318631  0.317127  0.179277  0.355620  0.513153  0.191288  0.508912  0.315393  0.118831  0.283183  0.363377  0.324392  0.262620  0.199509  0.324995  0.328658  0.342894  0.300312  0.356296  0.277955  0.365620  0.329268  0.346292  0.451488  0.324508  0.298907  0.188601  0.312422  0.295603  0.340247  0.330172  0.329081  0.313098  0.294877  0.335498  0.296044  0.348138  0.346804  0.383664  0.315611  0.332669  0.550363  0.340782  0.333376  0.344581  0.351551  0.386677  0.359023  0.362499  0.297353  0.109821  0.337900  0.382052  0.351412  0.351318  0.756869  0.702720  0.366483  0.337828  0.343264  0.344840  0.696888  0.398375  0.318415  0.325378  0.333856  0.380819  0.342970  0.348402  0.644481  0.335419  0.886284  0.347660  0.324301  0.332487  0.357212  0.725598  0.340473  0.319056  0.255572  0.315977  0.344610  0.363614  0.361700  0.339062  0.346971  0.373796  0.524483  0.315066  0.373735  0.342135  0.351297  0.099066  0.341045  0.360618  0.482338  0.324519  0.360607  0.289929  0.333541  0.277055  0.339336  0.311968  0.630513  0.734553  0.368639  0.290849  0.308943  0.649578  0.408777  0.344114  0.376565  0.306656  0.336106  0.325210  0.295926  0.335111  0.336535  0.307543  0.321761  0.327641  0.245644  0.632668  0.352594  0.363102  0.302108  0.761708  0.330079  0.393828  0.327490  0.361549  0.713393  0.314024  0.345445  0.469527  0.331219  0.350278  0.371345  0.698386  0.349912  0.385268  0.420536  0.708431  0.352578  0.802983  0.303730  0.362609  0.354385  0.298009  0.360280  0.350220 
19  0.458307  0.543141  0.426401  0.456456  0.470387  0.470780  0.466809  0.517395  0.504463  0.532991  0.657880  0.512832  0.447356  0.458238  0.352099  0.545992  0.535645  0.409817  0.404394 0.0  0.496846  0.421763  0.418522  0.445004  0.774882  0.454904  0.430471  0.476635  0.792175  0.479354  0.475179  0.472787  0.707126  0.465700  0.384345  0.462108  0.475978  0.536110  0.118961  0.401515  0.412729  0.485349  0.473204  0.516593  0.506755  0.512835  0.434193  0.569693  0.492468  0.433128  0.184411  0.448239  0.198113  0.493433  0.543459  0.480111  0.484613  0.426645  0.468864  0.462340  0.506333  0.484023  0.490274  0.592613  0.495394  0.536297  0.484673  0.533118  0.446214  0.482361  0.465698  0.475908  0.385278  0.486667  0.468654  0.430750  0.434788  0.486904  0.501709  0.465874  0.509934  0.527795  0.489553  0.518090  0.425943  0.477882  0.467658  0.556416  0.466752  0.545162  0.461131  0.467557  0.464938  0.483436  0.404562  0.502226  0.513708  0.456641  0.441394  0.445406  0.500480  0.821202  0.737420  0.492391  0.360002  0.473149  0.419616  0.803143  0.464387  0.492122  0.425438  0.548672  0.462593  0.499294  0.542678  0.693873  0.508646  0.701691  0.438034  0.533630  0.486250  0.487218  0.570290  0.503988  0.547909  0.445183  0.435058  0.478941  0.440333  0.446202  0.539262  0.437222  0.421386  0.136803  0.482145  0.507387  0.429583  0.528346  0.459876  0.472509  0.477863  0.138893  0.509691  0.417495  0.460730  0.454904  0.488345  0.525087  0.444675  0.674059  0.654701  0.454095  0.453993  0.522497  0.594433  0.497194  0.499098  0.446321  0.473906  0.467364  0.514852  0.453536  0.488075  0.486517  0.415308  0.472921  0.557185  0.464125  0.730448  0.510498  0.416555  0.421537  0.708306  0.484097  0.455863  0.484077  0.430014  0.621211  0.546871  0.446462  0.298919  0.443656  0.472292  0.393101  0.814410  0.501830  0.443305  0.183992  0.749380  0.508690  0.731679  0.551628  0.390579  0.471574  0.507886  0.458603  0.411061 
