197
0 0.0  0.291012  0.307735  0.122570  0.124552  0.122631  0.116747  0.292059  0.317104  0.305421  0.650344  0.296748  0.308886  0.305687  0.462333  0.290893  0.362349  0.329133  0.129997  0.515910  0.350909  0.332073  0.334511  0.364959  0.703485  0.339389  0.362730  0.362766  0.677960  0.297541  0.324576  0.279657  0.843662  0.342726  0.193913  0.277384  0.300004  0.306353  0.400197  0.333723  0.350820  0.349430  0.308658  0.324349  0.332624  0.122760  0.336738  0.318139  0.199438  0.341008  0.408140  0.172920  0.509527  0.300215  0.118743  0.311379  0.296068  0.285810  0.306633  0.208650  0.319657  0.332343  0.337932  0.292041  0.307251  0.351235  0.294715  0.365613  0.330494  0.524047  0.316128  0.270418  0.207640  0.312759  0.287440  0.288339  0.383136  0.288137  0.287328  0.315645  0.294146  0.340841  0.281214  0.279601  0.332509  0.363359  0.332420  0.596005  0.296170  0.308363  0.320587  0.329370  0.363191  0.326318  0.355781  0.286103  0.118576  0.280471  0.316152  0.294839  0.300425  0.680825  0.766311  0.341731  0.312316  0.340242  0.316026  0.814257  0.285865  0.297804  0.299339  0.341058  0.288197  0.271585  0.335234  0.818653  0.326991  0.854732  0.335903  0.322375  0.326169  0.348844  0.850049  0.327552  0.291686  0.285424  0.320220  0.286994  0.314033  0.320807  0.310675  0.342046  0.327549  0.441127  0.315128  0.248351  0.327170  0.299304  0.126135  0.304407  0.296431  0.460280  0.289537  0.289327  0.334492  0.306285  0.317973  0.306100  0.353612  0.688455  0.751202  0.331611  0.295439  0.316062  0.585330  0.273607  0.307805  0.348016  0.295064  0.291803  0.295353  0.299293  0.313888  0.319051  0.299336  0.337308  0.292517  0.266513  0.718758  0.267189  0.333251  0.320481  0.762692  0.306663  0.309963  0.334076  0.313093  0.693760  0.265583  0.337873  0.601710  0.268233  0.294386  0.302456  0.782604  0.306481  0.315430  0.498646  0.587498  0.339068  0.721615  0.295669  0.335126  0.292660  0.294696  0.327303  0.309444 
1  0.291012 0.0  0.257740  0.330621  0.328024  0.319071  0.353735  0.252271  0.265810  0.417601  0.776269  0.280964  0.266116  0.236175  0.481234  0.263691  0.186616  0.243854  0.385504  0.486228  0.353461  0.205854  0.254745  0.220729  0.726602  0.258787  0.271760  0.258103  0.714693  0.347617  0.237372  0.232659  0.818287  0.321454  0.184802  0.233361  0.358880  0.404453  0.506852  0.269056  0.264919  0.333113  0.262474  0.215876  0.170994  0.315290  0.205765  0.248322  0.311722  0.260651  0.501302  0.324112  0.543413  0.200350  0.318899  0.338511  0.302200  0.127589  0.353174  0.333579  0.228120  0.248070  0.227350  0.247099  0.241961  0.256660  0.277285  0.186559  0.241925  0.408470  0.209267  0.195254  0.199562  0.259789  0.119898  0.229843  0.314303  0.330216  0.226977  0.229295  0.255431  0.256619  0.382361  0.252169  0.250362  0.221365  0.246620  0.559024  0.222631  0.244099  0.245136  0.250754  0.261693  0.223278  0.250348  0.259232  0.384430  0.343831  0.248497  0.263344  0.350843  0.831202  0.757490  0.388512  0.253647  0.253952  0.355921  0.743977  0.343915  0.366909  0.273730  0.350088  0.262094  0.299001  0.231181  0.768848  0.215780  0.682441  0.266051  0.245148  0.247250  0.407335  0.585464  0.237126  0.227254  0.369768  0.224614  0.358703  0.257205  0.371059  0.236801  0.370619  0.249035  0.524703  0.271433  0.355223  0.254492  0.227473  0.345920  0.231004  0.237390  0.432709  0.225602  0.261802  0.246695  0.327956  0.097908  0.115486  0.242774  0.552297  0.742230  0.231885  0.256772  0.232583  0.609282  0.260564  0.260733  0.242004  0.278230  0.202467  0.273032  0.251455  0.251035  0.238196  0.211490  0.228302  0.385064  0.278639  0.604269  0.355069  0.234314  0.338056  0.741343  0.251048  0.270541  0.219901  0.262753  0.584263  0.238374  0.219108  0.537409  0.254756  0.253230  0.344848  0.782587  0.242594  0.241310  0.455398  0.739966  0.337348  0.665558  0.224652  0.326213  0.253677  0.237112  0.336209  0.237969 
2  0.307735  0.257740 0.0  0.378410  0.311019  0.301445  0.352047  0.081536  0.096198  0.361234  0.773142  0.136883  0.128686  0.134495  0.479263  0.151065  0.202188  0.144611  0.328425  0.493065  0.361972  0.211509  0.145761  0.135900  0.722130  0.142885  0.138740  0.136768  0.693313  0.388224  0.136516  0.141290  0.830175  0.377431  0.184320  0.191334  0.358731  0.359749  0.517157  0.138688  0.132880  0.336597  0.139472  0.236869  0.193607  0.348893  0.182348  0.152184  0.316793  0.149326  0.538942  0.305335  0.507321  0.199807  0.279321  0.308700  0.352469  0.230233  0.324786  0.382962  0.225045  0.143493  0.142572  0.149099  0.144532  0.151839  0.146147  0.210134  0.256826  0.419877  0.142157  0.191993  0.193586  0.253120  0.223296  0.146027  0.372397  0.389500  0.134185  0.141093  0.140548  0.155677  0.335501  0.303644  0.385033  0.126559  0.150384  0.602093  0.136991  0.129029  0.143978  0.150276  0.138456  0.141845  0.151572  0.128553  0.355546  0.443103  0.117282  0.136456  0.376416  0.633460  0.731808  0.364297  0.141492  0.096118  0.351726  0.715496  0.370976  0.288282  0.153376  0.351790  0.094684  0.133905  0.144546  0.718499  0.147021  0.723959  0.093558  0.143516  0.172433  0.346519  0.740028  0.142668  0.148494  0.337761  0.132627  0.328208  0.151347  0.379569  0.135161  0.291065  0.128063  0.501776  0.139474  0.345569  0.132119  0.117176  0.344698  0.140208  0.106394  0.444736  0.150118  0.142175  0.230076  0.323138  0.230085  0.269783  0.244631  0.555891  0.882033  0.155142  0.138166  0.144681  0.723744  0.141065  0.133173  0.136538  0.141988  0.138696  0.153810  0.137702  0.140155  0.138254  0.138325  0.141847  0.292788  0.288124  0.702551  0.367954  0.144778  0.313646  0.760009  0.140823  0.163396  0.143524  0.137405  0.656129  0.103527  0.118525  0.465185  0.122666  0.147618  0.332888  0.652099  0.145542  0.141532  0.571026  0.725291  0.362012  0.765336  0.140279  0.346505  0.137368  0.217221  0.328821  0.144248 
3  0.122570  0.330621  0.378410 0.0  0.085649  0.127595  0.084946  0.365089  0.372421  0.324596  0.807844  0.390739  0.353874  0.319769  0.513101  0.316623  0.302733  0.400533  0.084454  0.476509  0.349176  0.320769  0.326287  0.330960  0.678016  0.363307  0.343040  0.343061  0.661719  0.348314  0.332581  0.363996  0.672633  0.388732  0.210925  0.345283  0.388796  0.311072  0.468588  0.370008  0.290259  0.382710  0.399262  0.379927  0.310346  0.102364  0.318129  0.351901  0.186717  0.349553  0.603171  0.242305  0.449001  0.318800  0.128932  0.299788  0.381773  0.370612  0.336205  0.209752  0.341467  0.300167  0.327042  0.388904  0.341657  0.361051  0.362981  0.304372  0.343538  0.433403  0.287511  0.313826  0.180554  0.438230  0.340160  0.291247  0.348715  0.338179  0.374685  0.384096  0.371163  0.383146  0.314196  0.338550  0.368010  0.338130  0.336052  0.683965  0.380294  0.321149  0.308368  0.329915  0.350096  0.329007  0.333164  0.345082  0.114644  0.329813  0.335681  0.341806  0.367322  0.844028  0.790980  0.306353  0.361200  0.381745  0.317587  0.853633  0.364949  0.351236  0.368513  0.331789  0.369397  0.370831  0.336389  0.741079  0.345197  0.858264  0.392636  0.432536  0.376172  0.387955  0.742627  0.338048  0.351875  0.372770  0.275967  0.336403  0.335079  0.368377  0.364978  0.341511  0.372087  0.430018  0.337204  0.369015  0.291786  0.349408  0.108202  0.289887  0.290883  0.448383  0.349277  0.330874  0.356459  0.385461  0.301796  0.338518  0.349438  0.673267  0.680934  0.335543  0.319590  0.313078  0.590567  0.300399  0.323136  0.303595  0.373420  0.364733  0.423182  0.315190  0.325898  0.376100  0.322006  0.337089  0.338566  0.288066  0.838593  0.396198  0.324892  0.374463  0.813840  0.359367  0.410724  0.385201  0.374398  0.693556  0.322735  0.336819  0.517733  0.333839  0.382235  0.338066  0.768137  0.366783  0.346508  0.433050  0.803949  0.351635  0.769033  0.301181  0.315223  0.339392  0.370065  0.379123  0.376564 
4  0.124552  0.328024  0.311019  0.085649 0.0  0.109485  0.072387  0.350511  0.337781  0.345588  0.896601  0.391203  0.402595  0.317599  0.554692  0.332407  0.319208  0.390647  0.072387  0.433947  0.353430  0.351273  0.371593  0.384782  0.753188  0.353350  0.337928  0.301954  0.781211  0.332602  0.315700  0.373836  0.802247  0.339510  0.194016  0.299044  0.396961  0.331072  0.496092  0.363949  0.388034  0.339214  0.368621  0.330416  0.302202  0.104605  0.349290  0.377412  0.182711  0.400344  0.524233  0.240321  0.550093  0.339736  0.126579  0.375615  0.328825  0.325406  0.372782  0.221226  0.360464  0.350625  0.369256  0.391330  0.368276  0.396717  0.345695  0.295882  0.367856  0.393678  0.331823  0.287772  0.215883  0.369499  0.315265  0.404492  0.399835  0.320659  0.341686  0.366817  0.357021  0.319540  0.328420  0.288302  0.380028  0.310996  0.391331  0.745684  0.334841  0.314315  0.377246  0.380215  0.391444  0.311627  0.351426  0.383717  0.123337  0.360839  0.361451  0.360148  0.346054  0.795029  0.786930  0.367830  0.339907  0.310448  0.392484  0.854301  0.364043  0.323822  0.391891  0.413988  0.369292  0.352328  0.324769  0.857635  0.350131  0.752289  0.323552  0.333523  0.333855  0.362299  0.732157  0.291880  0.370452  0.368934  0.382605  0.404945  0.365284  0.361640  0.340830  0.378723  0.340516  0.424342  0.362528  0.360889  0.347949  0.375310  0.110981  0.365630  0.302007  0.425100  0.327815  0.339297  0.332371  0.311308  0.379750  0.323758  0.319105  0.684758  0.879636  0.343927  0.280971  0.347822  0.591708  0.350502  0.342214  0.322593  0.337010  0.343439  0.421500  0.400125  0.381469  0.351931  0.297150  0.376411  0.329545  0.303910  0.830858  0.368717  0.279342  0.317822  0.765763  0.316607  0.333468  0.345978  0.391838  0.699076  0.335923  0.349545  0.476398  0.320436  0.363576  0.280648  0.899872  0.344006  0.383027  0.508717  0.727958  0.353662  0.834804  0.324889  0.420491  0.324982  0.338024  0.342409  0.352162 
5  0.122631  0.319071  0.301445  0.127595  0.109485 0.0  0.122542  0.385149  0.297901  0.312926  0.774222  0.313436  0.336674  0.281354  0.554655  0.331539  0.331818  0.298390  0.132023  0.536890  0.299266  0.373168  0.336932  0.289140  0.749509  0.327201  0.297303  0.293499  0.800091  0.284299  0.359050  0.267477  0.661857  0.282814  0.206908  0.298041  0.303971  0.290987  0.468742  0.278024  0.296144  0.316901  0.271252  0.302805  0.338760  0.121129  0.275178  0.308457  0.202476  0.317489  0.416893  0.175069  0.513642  0.315138  0.129795  0.285504  0.323552  0.334638  0.315211  0.187264  0.302409  0.301540  0.335650  0.290854  0.352321  0.325705  0.291902  0.300518  0.257003  0.446804  0.292688  0.320417  0.195349  0.287052  0.365629  0.284550  0.328519  0.296030  0.350770  0.285649  0.324348  0.317648  0.320417  0.369223  0.300119  0.291740  0.348400  0.628443  0.309306  0.360658  0.341942  0.326045  0.329144  0.287864  0.301056  0.356748  0.121164  0.288759  0.287411  0.316016  0.315824  0.742060  0.716886  0.288374  0.312207  0.332770  0.301274  0.871872  0.300841  0.330943  0.289732  0.321757  0.269168  0.328446  0.322927  0.797343  0.348903  0.828724  0.335069  0.299417  0.314851  0.322523  0.784079  0.325505  0.293181  0.314821  0.324037  0.305971  0.289302  0.333104  0.315583  0.285506  0.300184  0.453907  0.315946  0.281352  0.301521  0.318541  0.126170  0.316708  0.260550  0.400288  0.331540  0.300894  0.330272  0.304379  0.304582  0.305804  0.345716  0.647888  0.651893  0.292526  0.289539  0.338382  0.633308  0.286245  0.340098  0.316804  0.325158  0.304773  0.313218  0.340364  0.302539  0.345490  0.376326  0.319694  0.300603  0.302557  0.819803  0.351684  0.343380  0.310255  0.771849  0.332138  0.323040  0.307604  0.313587  0.635261  0.305141  0.293511  0.534917  0.284458  0.308139  0.315328  0.704376  0.329610  0.286712  0.493201  0.794211  0.320101  0.754863  0.324742  0.329212  0.332783  0.332701  0.334278  0.321898 
6  0.116747  0.353735  0.352047  0.084946  0.072387  0.122542 0.0  0.359782  0.331610  0.348289  0.773067  0.334770  0.370761  0.335588  0.527839  0.345985  0.270194  0.331508  0.072387  0.408303  0.395796  0.355157  0.360128  0.316743  0.757818  0.341319  0.368542  0.350796  0.733870  0.403619  0.338561  0.397857  0.793286  0.284057  0.207288  0.323999  0.347208  0.364075  0.499044  0.354901  0.350542  0.362940  0.381795  0.342713  0.342750  0.101423  0.324064  0.324214  0.184436  0.345627  0.443491  0.215711  0.518601  0.325241  0.114777  0.347068  0.398058  0.365101  0.346912  0.242340  0.372774  0.353831  0.356087  0.318281  0.359859  0.350270  0.353520  0.300092  0.327885  0.436131  0.371277  0.340327  0.205202  0.380207  0.391573  0.305325  0.348245  0.408888  0.355933  0.316909  0.317784  0.343153  0.320989  0.318116  0.401583  0.387127  0.366934  0.648796  0.337043  0.326692  0.374037  0.386501  0.348665  0.343835  0.338546  0.377287  0.124724  0.341881  0.314948  0.324813  0.383876  0.807533  0.895877  0.390833  0.358488  0.331646  0.359798  0.873219  0.389357  0.334941  0.371169  0.346341  0.449747  0.355576  0.362043  0.721986  0.327481  0.872424  0.394476  0.367221  0.345160  0.422988  0.765475  0.328406  0.396013  0.354856  0.321494  0.341633  0.391014  0.365271  0.331535  0.397136  0.373417  0.424991  0.344811  0.344991  0.351614  0.312928  0.107538  0.348883  0.324033  0.357331  0.395180  0.336427  0.354038  0.330500  0.301657  0.369634  0.311973  0.589548  0.805852  0.376360  0.330884  0.340786  0.569858  0.339934  0.337168  0.368575  0.352920  0.326721  0.349071  0.389776  0.397904  0.339287  0.376412  0.362309  0.315665  0.303837  0.727757  0.344437  0.352275  0.364373  0.868712  0.340533  0.409777  0.345819  0.339643  0.652575  0.323719  0.346511  0.429005  0.334925  0.334714  0.351771  0.721482  0.376421  0.376115  0.484782  0.740258  0.358611  0.659280  0.339667  0.347572  0.370958  0.325044  0.322507  0.350520 
7  0.292059  0.252271  0.081536  0.365089  0.350511  0.385149  0.359782 0.0  0.090843  0.383227  0.817674  0.141278  0.137848  0.141441  0.531911  0.136965  0.191703  0.144821  0.427395  0.466720  0.347347  0.219029  0.150272  0.149825  0.804006  0.141146  0.149533  0.133629  0.802203  0.335958  0.147289  0.126586  0.684686  0.386019  0.216923  0.220118  0.367143  0.355748  0.524308  0.142565  0.146718  0.375774  0.150577  0.235869  0.197283  0.284706  0.210529  0.136294  0.346885  0.140107  0.523602  0.349568  0.453961  0.195328  0.318229  0.413893  0.354015  0.245739  0.296644  0.353132  0.231498  0.135190  0.137976  0.138089  0.150716  0.148309  0.149061  0.194243  0.251076  0.446320  0.148304  0.180386  0.211572  0.226136  0.250404  0.139992  0.329769  0.343455  0.142250  0.156657  0.136301  0.146903  0.304944  0.275454  0.335374  0.132471  0.140514  0.662623  0.143823  0.150314  0.136489  0.134698  0.143768  0.132945  0.139067  0.139375  0.324364  0.393304  0.135429  0.138588  0.299021  0.768971  0.685702  0.360660  0.135955  0.093698  0.367458  0.735124  0.412040  0.341279  0.140183  0.367424  0.090087  0.145099  0.139826  0.782003  0.156624  0.803196  0.096367  0.147279  0.175850  0.333586  0.792616  0.144899  0.146594  0.330743  0.151001  0.387610  0.139934  0.378609  0.154136  0.348185  0.144896  0.455560  0.142921  0.391224  0.139215  0.121052  0.354119  0.145134  0.105223  0.392531  0.137358  0.141369  0.231740  0.365750  0.236674  0.234046  0.212227  0.629395  0.764062  0.151183  0.149660  0.143971  0.542471  0.142159  0.136963  0.131099  0.147280  0.139955  0.144434  0.144471  0.136299  0.151462  0.148014  0.138459  0.346890  0.264437  0.800948  0.356978  0.142742  0.352092  0.891001  0.139463  0.149319  0.133360  0.147597  0.679236  0.105327  0.132371  0.500166  0.118007  0.138721  0.353273  0.762136  0.154652  0.149450  0.525271  0.691610  0.389016  0.665633  0.128599  0.335056  0.146082  0.224530  0.367237  0.133023 
8  0.317104  0.265810  0.096198  0.372421  0.337781  0.297901  0.331610  0.090843 0.0  0.388934  0.826769  0.143062  0.135782  0.142354  0.495222  0.135674  0.221538  0.140841  0.421326  0.441713  0.397504  0.249808  0.149520  0.134265  0.720774  0.136291  0.133027  0.142719  0.612493  0.341674  0.134356  0.133601  0.655033  0.385365  0.182109  0.192957  0.397388  0.394118  0.561068  0.147480  0.134937  0.318267  0.155174  0.217684  0.203092  0.312275  0.197998  0.158558  0.319684  0.146094  0.572488  0.316788  0.534703  0.207702  0.375955  0.378064  0.390309  0.249240  0.367277  0.350608  0.190216  0.144076  0.160950  0.143655  0.149015  0.130894  0.150111  0.187673  0.227486  0.470507  0.143253  0.186861  0.186408  0.229431  0.230571  0.147643  0.356382  0.344973  0.149183  0.146543  0.126379  0.142008  0.334953  0.309275  0.388561  0.144976  0.136273  0.681968  0.143609  0.140360  0.139391  0.140461  0.148742  0.143766  0.145499  0.138194  0.363590  0.356990  0.136674  0.130480  0.384659  0.845305  0.863066  0.325640  0.152444  0.072387  0.368504  0.803497  0.325769  0.362880  0.143253  0.355716  0.081988  0.141853  0.138531  0.772478  0.141703  0.664935  0.072387  0.164190  0.177537  0.333661  0.900707  0.134419  0.142428  0.382463  0.144858  0.434697  0.148486  0.327304  0.146862  0.365395  0.142665  0.464093  0.138483  0.332426  0.156136  0.126415  0.302897  0.122708  0.104354  0.428066  0.124332  0.148306  0.206153  0.358286  0.222916  0.222045  0.234688  0.577913  0.812033  0.144692  0.138354  0.135388  0.811109  0.150047  0.139398  0.154850  0.144724  0.157267  0.149650  0.148117  0.156023  0.142732  0.155953  0.142715  0.339091  0.268776  0.657172  0.424983  0.155799  0.324204  0.772173  0.142595  0.134769  0.148474  0.132811  0.651826  0.100975  0.123865  0.495358  0.124971  0.135821  0.398736  0.761686  0.138619  0.144337  0.533057  0.863601  0.350022  0.707887  0.132862  0.404996  0.138640  0.236039  0.341952  0.139625 
9  0.305421  0.417601  0.361234  0.324596  0.345588  0.312926  0.348289  0.383227  0.388934 0.0  0.795239  0.380043  0.370542  0.351366  0.484574  0.370980  0.310407  0.398577  0.393667  0.491242  0.273268  0.338417  0.392886  0.385840  0.708227  0.385378  0.362626  0.374562  0.719440  0.255987  0.358795  0.427059  0.881751  0.167622  0.213583  0.330184  0.254675  0.242649  0.564713  0.365065  0.320284  0.192465  0.338347  0.341728  0.328381  0.354072  0.264521  0.349556  0.302493  0.336296  0.474555  0.338172  0.510980  0.324406  0.300267  0.128067  0.129657  0.403174  0.377253  0.364473  0.342068  0.329452  0.333298  0.394128  0.389058  0.354005  0.355373  0.320609  0.344186  0.461433  0.345907  0.278343  0.197759  0.356592  0.303916  0.339527  0.264376  0.253274  0.327776  0.410533  0.401956  0.360041  0.221214  0.305024  0.239546  0.343313  0.375202  0.632420  0.425956  0.341760  0.361952  0.323538  0.346899  0.368813  0.373420  0.396180  0.354392  0.142639  0.401260  0.347186  0.086245  0.867286  0.825391  0.084376  0.356844  0.366878  0.186821  0.818979  0.180776  0.123571  0.385498  0.084356  0.372678  0.415275  0.415657  0.782270  0.399545  0.813977  0.379435  0.366491  0.387800  0.285283  0.752063  0.377440  0.295817  0.185239  0.343044  0.085530  0.364998  0.230841  0.324493  0.099266  0.313567  0.488313  0.396942  0.126998  0.380119  0.284414  0.341564  0.392381  0.367078  0.460523  0.336403  0.353545  0.277039  0.114259  0.323740  0.356705  0.341055  0.706413  0.858208  0.341190  0.321290  0.384643  0.691095  0.349840  0.358440  0.347252  0.370634  0.361217  0.356569  0.398223  0.371148  0.384241  0.386235  0.384524  0.160066  0.290975  0.769522  0.269475  0.383341  0.222742  0.792615  0.428529  0.328026  0.332797  0.369116  0.610658  0.361667  0.357686  0.480970  0.330828  0.366457  0.182177  0.850252  0.372983  0.367428  0.528792  0.708322  0.266156  0.721613  0.389688  0.267694  0.366862  0.352856  0.126233  0.303530 
10  0.650344  0.776269  0.773142  0.807844  0.896601  0.774222  0.773067  0.817674  0.826769  0.795239 0.0  0.900856  0.777816  0.685226  0.796426  0.850410  0.681888  0.876110  0.792989  0.813602  0.752964  0.794107  0.807663  0.759036  0.419903  0.821512  0.709351  0.832792  0.410159  0.849199  0.704352  0.837809  0.523370  0.836026  0.702360  0.814931  0.808789  0.774996  0.976098  0.737590  0.790987  0.802035  0.916373  0.766506  0.844212  0.787667  0.732034  0.826456  0.763452  0.816664  0.691666  0.808301  0.872168  0.789447  0.788874  0.694818  0.801610  0.757712  0.892915  0.803050  0.775369  0.822455  0.754861  0.659802  0.888950  0.693381  0.849411  0.869064  0.754442  0.807818  0.838824  0.766985  0.678032  0.842944  0.716419  0.773841  0.721546  0.941281  0.804861  0.892417  0.661902  0.728494  0.714651  0.698635  0.829994  0.901443  0.746953  0.632863  0.892236  0.762211  0.806074  0.723016  0.892438  0.779145  0.881758  0.834097  0.751200  0.874207  0.815396  0.784642  0.796887  0.487482  0.080118  0.753262  0.704045  0.786214  0.823773  0.229578  0.831751  0.843391  0.848272  0.639640  0.855543  0.934217  0.787931  0.081877  0.794335  0.081428  0.777667  0.856026  0.725054  0.766756  0.684306  0.913092  0.852150  0.775786  0.769947  0.868949  0.798313  0.693269  0.771795  0.927521  0.769295  0.730615  0.859136  0.923498  0.921109  0.753246  0.813850  0.838543  0.740509  0.843746  0.760327  0.797746  0.868995  0.886193  0.811878  0.869987  0.796747  0.745374  0.743247  0.903051  0.799381  0.827436  0.692709  0.685039  0.774921  0.916128  0.900686  0.809324  0.726320  0.738859  0.783851  0.778704  0.737551  0.761066  0.771436  0.664407  0.336893  0.726794  0.745289  0.780140  0.121525  0.843360  0.857204  0.847551  0.687393  0.687071  0.723972  0.886084  0.853475  0.810396  0.873629  0.703534  0.090757  0.844383  0.824769  0.707807  0.513025  0.858314  0.079432  0.774472  0.741918  0.840688  0.864807  0.702610  0.828466 
11  0.296748  0.280964  0.136883  0.390739  0.391203  0.313436  0.334770  0.141278  0.143062  0.380043  0.900856 0.0  0.092123  0.114433  0.466436  0.107690  0.207875  0.079130  0.396963  0.459370  0.342530  0.200016  0.079807  0.091429  0.786638  0.092377  0.095029  0.080758  0.758477  0.383651  0.113333  0.118444  0.752977  0.334333  0.203694  0.201002  0.310166  0.371150  0.547620  0.091017  0.093381  0.362073  0.079897  0.260917  0.187278  0.314348  0.177786  0.110410  0.352705  0.080366  0.531652  0.334509  0.436039  0.195182  0.337159  0.366600  0.344450  0.231585  0.348285  0.316199  0.254482  0.109216  0.110426  0.112456  0.109168  0.110168  0.095164  0.203738  0.237438  0.440294  0.122612  0.192808  0.195774  0.241493  0.259101  0.109799  0.327163  0.408714  0.113830  0.110405  0.111169  0.116572  0.376089  0.318438  0.369065  0.115436  0.107318  0.565679  0.113167  0.107732  0.113710  0.079909  0.090989  0.114090  0.118665  0.094568  0.390077  0.358172  0.116874  0.109481  0.290795  0.658701  0.775806  0.403560  0.092131  0.130878  0.335134  0.723225  0.373200  0.367056  0.094304  0.373839  0.131377  0.092326  0.117673  0.855907  0.117115  0.835155  0.143115  0.080803  0.175963  0.358633  0.931936  0.107059  0.108197  0.396003  0.108100  0.324461  0.095024  0.399904  0.104735  0.323824  0.114609  0.496515  0.096962  0.378421  0.105366  0.122300  0.374580  0.112895  0.104028  0.497160  0.116433  0.094000  0.220109  0.344162  0.216141  0.202701  0.224643  0.630692  0.751569  0.109377  0.112767  0.115672  0.816985  0.111703  0.113014  0.114848  0.106313  0.120889  0.092144  0.092463  0.117399  0.110562  0.112425  0.111914  0.328141  0.310462  0.731529  0.370227  0.106733  0.372230  0.663608  0.110036  0.113848  0.112768  0.094439  0.614701  0.101417  0.120845  0.500924  0.128334  0.103932  0.407564  0.791423  0.115935  0.108969  0.522617  0.794949  0.395639  0.720953  0.115556  0.370078  0.112544  0.211720  0.347975  0.114287 
12  0.308886  0.266116  0.128686  0.353874  0.402595  0.336674  0.370761  0.137848  0.135782  0.370542  0.777816  0.092123 0.0  0.112166  0.466492  0.114971  0.195989  0.092803  0.430280  0.456123  0.373211  0.207500  0.095394  0.081240  0.728840  0.080180  0.081655  0.096632  0.741092  0.349653  0.105370  0.108902  0.795649  0.350456  0.190282  0.198842  0.343518  0.377686  0.635536  0.094265  0.079426  0.421209  0.092766  0.230752  0.180916  0.364160  0.198206  0.115767  0.298477  0.094980  0.576309  0.344411  0.539553  0.197989  0.289046  0.330797  0.328191  0.249629  0.362923  0.365396  0.247473  0.113212  0.108857  0.114313  0.116188  0.123638  0.089235  0.201017  0.232997  0.453260  0.107423  0.196700  0.191723  0.255517  0.210435  0.114352  0.364512  0.319780  0.112114  0.115619  0.110962  0.115465  0.334507  0.371494  0.372165  0.115854  0.119711  0.616514  0.108879  0.110693  0.107032  0.092207  0.081619  0.110275  0.113356  0.080641  0.356724  0.369889  0.112775  0.108668  0.377395  0.812243  0.706509  0.418292  0.093930  0.141283  0.360666  0.850230  0.370560  0.360012  0.080359  0.345810  0.144915  0.081737  0.113766  0.920899  0.106200  0.909261  0.146181  0.094218  0.182485  0.358139  0.751810  0.110552  0.115356  0.285155  0.113815  0.352652  0.081665  0.331489  0.109525  0.293059  0.111537  0.505319  0.092920  0.316637  0.112660  0.132639  0.370089  0.116153  0.107694  0.528186  0.110976  0.079217  0.233745  0.335912  0.231146  0.243637  0.212913  0.734067  0.697786  0.110907  0.109937  0.111655  0.609622  0.112683  0.115179  0.113990  0.117012  0.112053  0.080614  0.091446  0.112378  0.117299  0.110243  0.110593  0.358209  0.282470  0.790238  0.379825  0.117222  0.338151  0.813284  0.117260  0.110924  0.115479  0.081413  0.698296  0.107832  0.119326  0.580097  0.113914  0.111523  0.363359  0.744800  0.121769  0.113393  0.522788  0.773579  0.368344  0.917653  0.116135  0.390987  0.107802  0.270276  0.416038  0.111140 
13  0.305687  0.236175  0.134495  0.319769  0.317599  0.281354  0.335588  0.141441  0.142354  0.351366  0.685226  0.114433  0.112166 0.0  0.433570  0.079851  0.205550  0.110940  0.312989  0.487429  0.344252  0.215028  0.117203  0.110700  0.868679  0.114407  0.106685  0.112836  0.820748  0.369782  0.095196  0.092880  0.729733  0.326144  0.184397  0.202886  0.355307  0.359849  0.562963  0.116986  0.117438  0.349441  0.113137  0.215864  0.193717  0.326074  0.194645  0.091526  0.282763  0.114951  0.498459  0.353416  0.512829  0.215776  0.311330  0.367723  0.332403  0.253959  0.322860  0.309320  0.217329  0.094154  0.094882  0.094540  0.081656  0.095413  0.115565  0.177763  0.235550  0.477047  0.093138  0.208394  0.188765  0.237286  0.242139  0.096052  0.331520  0.379155  0.097178  0.094747  0.092443  0.092792  0.339920  0.301333  0.382829  0.093982  0.091348  0.556497  0.091718  0.092083  0.091706  0.111356  0.104534  0.079580  0.089040  0.113797  0.309167  0.380323  0.092798  0.092705  0.375942  0.773153  0.927648  0.370214  0.104796  0.154375  0.344200  0.733094  0.382527  0.347192  0.119265  0.391438  0.138184  0.107968  0.093279  0.733682  0.090931  0.779497  0.130498  0.114315  0.181845  0.327602  0.712437  0.092277  0.091707  0.377110  0.090984  0.333657  0.113229  0.363063  0.090856  0.316235  0.094226  0.439528  0.112449  0.339422  0.092678  0.123895  0.356443  0.092563  0.099538  0.487545  0.087385  0.113427  0.214501  0.366308  0.236311  0.253625  0.230074  0.774964  0.732902  0.096211  0.095619  0.091629  0.617380  0.093710  0.090485  0.088365  0.092117  0.093409  0.118752  0.115130  0.095713  0.094851  0.092510  0.092632  0.333835  0.306120  0.735593  0.362133  0.089697  0.356041  0.708072  0.091705  0.094544  0.094684  0.121096  0.662143  0.101548  0.128103  0.521709  0.112617  0.093000  0.384215  0.752804  0.094687  0.092248  0.528345  0.708466  0.355779  0.848366  0.094737  0.353367  0.094913  0.241916  0.337845  0.093149 
14  0.462333  0.481234  0.479263  0.513101  0.554692  0.554655  0.527839  0.531911  0.495222  0.484574  0.796426  0.466436  0.466492  0.433570 0.0  0.503707  0.418197  0.533348  0.491830  0.298542  0.471495  0.485603  0.571573  0.486184  0.723396  0.523324  0.556777  0.488446  0.793984  0.567672  0.520984  0.544557  0.798247  0.515661  0.396971  0.537470  0.579758  0.509872  0.338765  0.473450  0.480233  0.461061  0.537466  0.492167  0.438556  0.527929  0.439672  0.509194  0.482468  0.510245  0.350698  0.537114  0.323031  0.511714  0.499118  0.529378  0.499540  0.549987  0.413068  0.470260  0.544602  0.550390  0.499728  0.442944  0.588815  0.454792  0.536139  0.535258  0.522995  0.482146  0.559033  0.491952  0.394491  0.512861  0.547775  0.559986  0.460894  0.540091  0.473563  0.485110  0.595702  0.545730  0.567464  0.495109  0.561500  0.504832  0.513830  0.652416  0.531648  0.576386  0.518630  0.562357  0.509303  0.427076  0.478364  0.598407  0.524728  0.478679  0.500969  0.555784  0.504296  0.662082  0.815629  0.462201  0.531061  0.580104  0.483097  0.743447  0.437667  0.451662  0.481346  0.529311  0.468670  0.438711  0.506524  0.770647  0.491349  0.630681  0.504012  0.533140  0.502134  0.527921  0.754929  0.484283  0.458510  0.483412  0.499185  0.530971  0.479368  0.539435  0.611050  0.520389  0.482987  0.281049  0.538653  0.598211  0.414440  0.529272  0.526185  0.503230  0.537718  0.291310  0.494578  0.499242  0.487375  0.477465  0.600147  0.534011  0.502900  0.686029  0.713595  0.544162  0.438143  0.450132  0.650926  0.578880  0.543067  0.577084  0.505007  0.495307  0.457634  0.503628  0.444210  0.507314  0.476200  0.616202  0.474775  0.472407  0.756015  0.493593  0.467155  0.507105  0.800457  0.450868  0.584588  0.517441  0.543989  0.754427  0.600442  0.554050  0.098395  0.459757  0.514653  0.456085  0.780615  0.401126  0.525909  0.334562  0.813588  0.461213  0.866414  0.508752  0.504089  0.558067  0.492969  0.550673  0.587705 
15  0.290893  0.263691  0.151065  0.316623  0.332407  0.331539  0.345985  0.136965  0.135674  0.370980  0.850410  0.107690  0.114971  0.079851  0.503707 0.0  0.212468  0.115918  0.376629  0.384025  0.430433  0.226983  0.107211  0.109064  0.623327  0.115777  0.114482  0.110458  0.695140  0.337629  0.090717  0.094120  0.910062  0.377317  0.196415  0.214141  0.471235  0.334616  0.541246  0.102545  0.116169  0.375670  0.112053  0.194070  0.188980  0.372036  0.176964  0.091520  0.370440  0.107786  0.510120  0.340958  0.466001  0.174575  0.343725  0.322482  0.305280  0.247327  0.302964  0.341505  0.258136  0.096370  0.092074  0.091529  0.080535  0.093002  0.116791  0.197971  0.238375  0.383835  0.092389  0.177951  0.197310  0.231998  0.221620  0.089365  0.339138  0.343962  0.093121  0.090445  0.090799  0.094113  0.361315  0.291657  0.379186  0.097172  0.098064  0.660524  0.091581  0.096560  0.091502  0.117519  0.108986  0.080221  0.092223  0.114010  0.362923  0.387659  0.089747  0.091528  0.371886  0.691435  0.823433  0.399931  0.118715  0.143489  0.357409  0.913361  0.347780  0.404895  0.116579  0.360286  0.148417  0.121196  0.093612  0.867430  0.094386  0.966933  0.138456  0.117673  0.184437  0.359634  0.770304  0.092931  0.092368  0.352404  0.095334  0.340307  0.108094  0.344462  0.093151  0.370880  0.089601  0.431165  0.108485  0.315524  0.091035  0.126306  0.342749  0.094994  0.103897  0.477058  0.093667  0.112594  0.219781  0.378613  0.221039  0.247111  0.232940  0.667580  0.781474  0.093371  0.093495  0.094335  0.644987  0.098808  0.095442  0.090995  0.099101  0.093005  0.110437  0.116386  0.094234  0.092311  0.092703  0.093194  0.370122  0.311347  0.781328  0.334606  0.087800  0.317053  0.714046  0.094945  0.092743  0.091157  0.123663  0.686747  0.109117  0.125627  0.597085  0.121240  0.092644  0.346176  0.787694  0.096992  0.092775  0.504615  0.744663  0.354738  0.747627  0.092173  0.377278  0.095581  0.223697  0.375249  0.093312 
16  0.362349  0.186616  0.202188  0.302733  0.319208  0.331818  0.270194  0.191703  0.221538  0.310407  0.681888  0.207875  0.195989  0.205550  0.418197  0.212468 0.0  0.205586  0.326481  0.484079  0.307848  0.170031  0.178182  0.196683  0.938605  0.205513  0.201014  0.213678  0.638569  0.333965  0.208979  0.189377  0.794289  0.348228  0.217293  0.172596  0.339850  0.331182  0.490134  0.210122  0.203788  0.312601  0.195189  0.183573  0.202737  0.310827  0.208186  0.195918  0.344916  0.196328  0.515107  0.338636  0.523771  0.110615  0.281701  0.316099  0.332891  0.194634  0.333252  0.365802  0.118748  0.210186  0.226314  0.180450  0.177249  0.215686  0.226807  0.192731  0.210496  0.425339  0.195671  0.196881  0.210691  0.177772  0.217839  0.198946  0.319684  0.297849  0.180718  0.190489  0.189729  0.194671  0.302825  0.328453  0.309684  0.217806  0.220176  0.740681  0.209514  0.203438  0.197820  0.183718  0.191965  0.213254  0.204871  0.190084  0.278988  0.321256  0.189805  0.210881  0.352218  0.828634  0.771666  0.336669  0.216506  0.174903  0.308124  0.880993  0.320743  0.326034  0.189955  0.293782  0.197713  0.173064  0.187155  0.778986  0.175732  0.729027  0.190281  0.199728  0.190445  0.317906  0.753953  0.189289  0.211795  0.351446  0.197944  0.328345  0.212331  0.306569  0.187417  0.340093  0.201786  0.422870  0.203590  0.285510  0.173040  0.192162  0.351131  0.214471  0.207723  0.480160  0.193497  0.204956  0.199306  0.292485  0.190199  0.207273  0.216264  0.556924  0.851473  0.199858  0.195012  0.181912  0.642606  0.182284  0.211989  0.187758  0.192557  0.201400  0.183237  0.188784  0.200226  0.207079  0.205421  0.193334  0.315970  0.309981  0.774999  0.265447  0.200373  0.334340  0.778560  0.197497  0.198869  0.193792  0.200134  0.690163  0.208691  0.206446  0.507945  0.205340  0.199776  0.343595  0.697295  0.213691  0.175236  0.506400  0.835768  0.311335  0.756307  0.184810  0.311752  0.205922  0.182607  0.337639  0.179263 
17  0.329133  0.243854  0.144611  0.400533  0.390647  0.298390  0.331508  0.144821  0.140841  0.398577  0.876110  0.079130  0.092803  0.110940  0.533348  0.115918  0.205586 0.0  0.343780  0.495479  0.375372  0.242237  0.080917  0.095843  0.770625  0.096812  0.094263  0.081040  0.794461  0.344477  0.107551  0.106732  0.654859  0.337221  0.205281  0.172606  0.391882  0.341804  0.520838  0.093966  0.093894  0.416251  0.079798  0.227277  0.202838  0.378997  0.203147  0.117490  0.341837  0.080492  0.580379  0.317836  0.568714  0.175984  0.289769  0.381634  0.352027  0.265809  0.325520  0.336408  0.229259  0.116897  0.102419  0.113607  0.117215  0.113690  0.091672  0.214538  0.240363  0.450766  0.109201  0.208326  0.217620  0.243156  0.222173  0.112975  0.376931  0.302747  0.109047  0.104855  0.110851  0.118081  0.328374  0.286802  0.346138  0.110351  0.111440  0.701493  0.104607  0.111770  0.110580  0.081451  0.095175  0.119692  0.112898  0.088483  0.392060  0.408309  0.113178  0.112613  0.375012  0.752497  0.871251  0.369356  0.092032  0.135154  0.330652  0.864452  0.341437  0.353261  0.090695  0.330081  0.148385  0.088782  0.115064  0.929031  0.114320  0.655142  0.126626  0.079895  0.182788  0.352005  0.773770  0.116097  0.110095  0.318697  0.113403  0.332649  0.094003  0.402412  0.111200  0.326802  0.117402  0.416579  0.094450  0.315836  0.115083  0.118263  0.387304  0.106654  0.108934  0.522728  0.109322  0.093001  0.209905  0.363491  0.237077  0.236239  0.228559  0.701663  0.878742  0.111364  0.106864  0.111560  0.756683  0.114059  0.112635  0.115532  0.111343  0.114504  0.091671  0.093361  0.114718  0.113421  0.113003  0.112790  0.378447  0.281878  0.827354  0.404012  0.121117  0.333077  0.737992  0.115725  0.107513  0.111718  0.095350  0.715895  0.102252  0.123549  0.478158  0.117593  0.116533  0.358752  0.689565  0.112211  0.107424  0.565957  0.809604  0.308186  0.816445  0.117569  0.379466  0.110638  0.210254  0.329867  0.105489 
18  0.129997  0.385504  0.328425  0.084454  0.072387  0.132023  0.072387  0.427395  0.421326  0.393667  0.792989  0.396963  0.430280  0.312989  0.491830  0.376629  0.326481  0.343780 0.0  0.489331  0.318055  0.334814  0.377529  0.347468  0.776994  0.373034  0.396208  0.369299  0.752475  0.370763  0.347490  0.308677  0.808719  0.376509  0.225382  0.318766  0.426567  0.399599  0.470349  0.372261  0.356728  0.345224  0.331558  0.336792  0.280422  0.098321  0.312941  0.333816  0.191239  0.419055  0.489562  0.222451  0.457488  0.297942  0.115364  0.307254  0.335560  0.391735  0.323005  0.232303  0.330519  0.394705  0.367949  0.379306  0.321331  0.367763  0.389902  0.300218  0.331217  0.534257  0.347598  0.303410  0.208056  0.417159  0.320014  0.307659  0.339243  0.375364  0.328796  0.337199  0.310235  0.279645  0.348735  0.329225  0.400741  0.370821  0.344266  0.666376  0.328540  0.330799  0.321297  0.350885  0.376956  0.349039  0.338328  0.362925  0.122662  0.345431  0.375481  0.396358  0.403320  0.814550  0.839461  0.353981  0.359660  0.383930  0.370808  0.846604  0.351924  0.333132  0.363492  0.378187  0.408896  0.355859  0.373114  0.836479  0.301110  0.834972  0.368897  0.409685  0.397029  0.392281  0.763198  0.341818  0.354681  0.398843  0.373547  0.371875  0.369035  0.346505  0.295963  0.337281  0.338277  0.489589  0.347019  0.364066  0.335102  0.394224  0.105652  0.344640  0.333710  0.499694  0.333093  0.384676  0.324107  0.311436  0.335534  0.348040  0.320945  0.684352  0.915123  0.400149  0.360823  0.345915  0.597810  0.369272  0.386771  0.367279  0.368673  0.356461  0.388829  0.309903  0.298781  0.384374  0.348495  0.357501  0.333462  0.260597  0.771326  0.349438  0.356690  0.304626  0.733481  0.350569  0.375697  0.336583  0.300283  0.702838  0.339304  0.343737  0.481864  0.354869  0.413696  0.379758  0.727801  0.358556  0.333347  0.507196  0.813277  0.363678  0.838026  0.358560  0.394988  0.315536  0.383713  0.368420  0.382459 
19  0.515910  0.486228  0.493065  0.476509  0.433947  0.536890  0.408303  0.466720  0.441713  0.491242  0.813602  0.459370  0.456123  0.487429  0.298542  0.384025  0.484079  0.495479  0.489331 0.0  0.420679  0.491306  0.517507  0.448188  0.776113  0.463197  0.445401  0.478922  0.742666  0.495154  0.534832  0.491771  0.798272  0.503208  0.377372  0.512142  0.483690  0.447851  0.121265  0.491007  0.531076  0.478897  0.439319  0.472119  0.390706  0.435912  0.468827  0.569156  0.391047  0.482651  0.197586  0.499070  0.203864  0.574407  0.478321  0.513400  0.548787  0.443043  0.442819  0.519800  0.440496  0.542514  0.465632  0.452343  0.474690  0.510277  0.439307  0.560579  0.461392  0.451278  0.431907  0.487920  0.433974  0.430435  0.529419  0.531986  0.544240  0.525740  0.562505  0.412301  0.434834  0.506307  0.522563  0.416109  0.485768  0.516397  0.392561  0.550533  0.457216  0.479914  0.479981  0.549736  0.457342  0.470989  0.501720  0.551170  0.517197  0.509156  0.497462  0.431344  0.464454  0.809787  0.688291  0.498388  0.535401  0.466902  0.459298  0.740022  0.492931  0.440252  0.455233  0.430352  0.519356  0.498250  0.466361  0.732170  0.453957  0.890718  0.444959  0.478231  0.493208  0.527910  0.783527  0.511825  0.488326  0.565736  0.434560  0.540411  0.436579  0.567404  0.413232  0.488426  0.498410  0.165597  0.459258  0.481730  0.494031  0.493868  0.469247  0.451331  0.467241  0.143983  0.476306  0.549007  0.506112  0.525658  0.505797  0.533992  0.490270  0.716796  0.739879  0.458559  0.475121  0.536525  0.667664  0.475735  0.501146  0.468838  0.448804  0.518175  0.514906  0.474059  0.590368  0.520347  0.465613  0.401825  0.514066  0.452411  0.755295  0.542205  0.460093  0.480506  0.701964  0.415741  0.494208  0.542930  0.515161  0.653548  0.574557  0.544927  0.314652  0.433408  0.473187  0.509385  0.864430  0.466851  0.495407  0.220195  0.792516  0.438764  0.676026  0.601079  0.516083  0.461153  0.474593  0.457532  0.512858 
