197
0 0.0  0.379238  0.350098  0.085786  0.105106  0.113888  0.223895  0.268689  0.322431  0.367449  0.839414  0.371137  0.384943  0.397745  0.566963  0.344270  0.335133  0.374175  0.128145  0.506831  0.274130  0.407752  0.349060  0.350834  0.742562  0.196829  0.450990  0.338891  0.847986  0.306531  0.291983  0.354369  0.705194  0.348037  0.256850  0.342926  0.406498  0.339724  0.474146  0.402920  0.386316  0.373945  0.431789  0.367139  0.296817  0.077539  0.326075  0.369682  0.193920  0.387219  0.565940  0.270830  0.519968  0.345106  0.092410  0.342594  0.357256  0.310701  0.335331  0.265956  0.401275  0.426513  0.370307  0.337966  0.380035  0.423136  0.355350  0.498860  0.383605  0.456104  0.385045  0.298264  0.238984  0.247306  0.302511  0.328884  0.356361  0.332992  0.262962  0.373272  0.377920  0.344231  0.425727  0.318403  0.284006  0.390970  0.431142  0.516593  0.351586  0.371100  0.363513  0.373259  0.471804  0.311690  0.313725  0.361306  0.132584  0.270537  0.374671  0.270542  0.424514  0.792334  0.707340  0.260638  0.321971  0.287019  0.346720  0.707180  0.330927  0.423974  0.392234  0.387680  0.378320  0.330025  0.448089  0.787748  0.358252  0.747315  0.358332  0.294436  0.369002  0.253261  0.842968  0.387890  0.440317  0.348704  0.407334  0.530623  0.394567  0.423161  0.354106  0.420225  0.370290  0.468357  0.335034  0.365107  0.385627  0.463705  0.157447  0.371623  0.413020  0.505740  0.318229  0.369067  0.450944  0.374843  0.328066  0.320177  0.419625  0.731276  0.798294  0.378840  0.387925  0.447464  0.662471  0.343673  0.421292  0.328042  0.376343  0.369379  0.424792  0.318628  0.295874  0.398465  0.372176  0.330222  0.283746  0.286618  0.725471  0.421813  0.346052  0.392188  0.783375  0.306866  0.350219  0.353084  0.445098  0.673887  0.345374  0.342691  0.567987  0.311723  0.386006  0.329107  0.799245  0.386027  0.278203  0.538825  0.843543  0.350011  0.810202  0.328466  0.473784  0.402089  0.457579  0.359556  0.381933 
1  0.379238 0.0  0.335194  0.421373  0.374037  0.350582  0.384438  0.298869  0.367922  0.406774  0.773396  0.259849  0.342522  0.254831  0.570549  0.319884  0.160415  0.307251  0.438533  0.576726  0.548907  0.296916  0.333521  0.290496  0.741163  0.344620  0.411373  0.346831  0.768213  0.489074  0.299370  0.244209  0.792472  0.345873  0.213165  0.198055  0.494737  0.393004  0.596199  0.231820  0.363936  0.475403  0.349115  0.279194  0.214969  0.446219  0.213648  0.252846  0.309362  0.334870  0.608794  0.398728  0.496251  0.179630  0.367573  0.419187  0.352104  0.114319  0.348633  0.440266  0.307005  0.298072  0.315442  0.302778  0.296263  0.220111  0.317908  0.268636  0.248427  0.583125  0.273992  0.202199  0.339914  0.265922  0.077539  0.274158  0.427703  0.390429  0.345301  0.302657  0.347197  0.313178  0.515056  0.326147  0.503091  0.309935  0.309738  0.659101  0.394806  0.358710  0.294056  0.354706  0.269408  0.327245  0.289429  0.302679  0.344525  0.416088  0.223804  0.408319  0.440685  0.868771  0.840132  0.381034  0.354698  0.262716  0.449689  0.891468  0.469372  0.383493  0.316938  0.456694  0.329765  0.325246  0.309025  0.799736  0.227776  0.769699  0.270396  0.250398  0.221368  0.461941  0.795081  0.322833  0.254732  0.377446  0.284478  0.408361  0.375247  0.465788  0.318233  0.432479  0.360584  0.499972  0.330709  0.432937  0.314534  0.277001  0.430433  0.393021  0.262147  0.487978  0.314996  0.275643  0.269029  0.445260  0.077539  0.152127  0.336472  0.732614  0.792678  0.319587  0.249181  0.308583  0.684205  0.263287  0.303084  0.337523  0.374780  0.253368  0.265908  0.276332  0.293924  0.333407  0.311368  0.311208  0.391100  0.427358  0.795404  0.456490  0.341135  0.449067  0.761522  0.280343  0.279890  0.263096  0.370333  0.629078  0.331276  0.253608  0.562998  0.366559  0.306866  0.411528  0.747655  0.223895  0.306810  0.659924  0.766926  0.508584  0.798976  0.387429  0.433106  0.404440  0.253750  0.531674  0.295056 
2  0.350098  0.335194 0.0  0.466223  0.332981  0.432435  0.485071  0.081663  0.115378  0.415495  0.856706  0.214953  0.248686  0.227055  0.628607  0.270455  0.192727  0.195959  0.375394  0.478361  0.490914  0.276596  0.161543  0.151994  0.763553  0.158034  0.144194  0.148439  0.750110  0.491795  0.117258  0.247998  0.694242  0.358807  0.181216  0.196036  0.427253  0.510903  0.563380  0.232875  0.096577  0.477244  0.103775  0.337445  0.199005  0.389195  0.179872  0.165123  0.399309  0.284534  0.561011  0.498180  0.572233  0.235920  0.389984  0.394047  0.446836  0.267199  0.413597  0.332224  0.335260  0.123974  0.232840  0.195090  0.172032  0.120917  0.126453  0.203621  0.277657  0.487969  0.186975  0.264839  0.296510  0.203596  0.211796  0.177043  0.456646  0.380869  0.118837  0.181127  0.171784  0.196963  0.283661  0.395444  0.440980  0.166093  0.081209  0.610036  0.248371  0.145655  0.193189  0.161552  0.189120  0.095929  0.171244  0.117805  0.346410  0.507014  0.188944  0.219394  0.488129  0.788857  0.778174  0.469813  0.135286  0.077539  0.460004  0.772590  0.452002  0.357710  0.108798  0.383010  0.077539  0.156996  0.148893  0.836931  0.171341  0.858324  0.099119  0.217859  0.235880  0.409848  0.833909  0.093098  0.186395  0.459787  0.152445  0.285757  0.239210  0.472080  0.095898  0.401587  0.163366  0.521794  0.165671  0.419617  0.102470  0.148091  0.444850  0.242901  0.112915  0.456878  0.217070  0.181453  0.248255  0.502999  0.296729  0.273884  0.293412  0.749291  0.827983  0.234115  0.181131  0.110418  0.623321  0.151959  0.135892  0.216660  0.190434  0.122422  0.192998  0.194581  0.178642  0.192158  0.108855  0.200718  0.330295  0.229379  0.843380  0.561955  0.228207  0.409149  0.749881  0.185695  0.077539  0.145241  0.235955  0.697283  0.102297  0.136390  0.547366  0.135151  0.131915  0.440240  0.860481  0.209947  0.221679  0.528120  0.731646  0.436386  0.764966  0.169972  0.436385  0.151166  0.236247  0.485307  0.287672 
3  0.085786  0.421373  0.466223 0.0  0.116905  0.077539  0.082813  0.435387  0.445528  0.427829  0.818585  0.460692  0.492155  0.437677  0.568053  0.385794  0.411845  0.462390  0.151509  0.595209  0.531236  0.442829  0.398614  0.422111  0.782631  0.393831  0.462436  0.415502  0.699801  0.472613  0.346316  0.348601  0.752218  0.337051  0.250313  0.226846  0.417426  0.423212  0.579684  0.463707  0.351986  0.346866  0.509023  0.482347  0.368188  0.077539  0.374878  0.340711  0.265589  0.346681  0.621351  0.328126  0.575969  0.421831  0.109147  0.358155  0.433252  0.393231  0.347751  0.182036  0.342905  0.372058  0.395398  0.446137  0.416677  0.452318  0.378290  0.382100  0.399072  0.551817  0.416779  0.350468  0.129589  0.452201  0.506519  0.403769  0.457140  0.490772  0.379243  0.402054  0.324132  0.371839  0.398031  0.301164  0.465991  0.367481  0.404869  0.636804  0.296479  0.396145  0.425720  0.451894  0.487646  0.318367  0.414170  0.435359  0.124484  0.463297  0.533660  0.376671  0.417458  0.730049  0.823001  0.392242  0.429579  0.434112  0.494721  0.874541  0.449344  0.439098  0.356690  0.518764  0.505304  0.346971  0.496439  0.857058  0.350909  0.903137  0.425522  0.364888  0.468483  0.453787  0.829783  0.367388  0.376042  0.429479  0.487594  0.421866  0.467328  0.492142  0.396947  0.314413  0.311952  0.474972  0.395904  0.359883  0.338706  0.457030  0.120949  0.438387  0.392774  0.556398  0.439262  0.468335  0.347129  0.433691  0.311837  0.430519  0.452535  0.660577  0.817431  0.390439  0.420146  0.425658  0.677383  0.439674  0.343838  0.399756  0.463544  0.448066  0.438480  0.542853  0.447409  0.363297  0.376609  0.387777  0.324860  0.278595  0.845003  0.432609  0.385499  0.469406  0.815110  0.425169  0.458226  0.441364  0.466384  0.669853  0.412478  0.345029  0.573401  0.276191  0.400439  0.437776  0.816608  0.381359  0.421928  0.540824  0.781887  0.356715  0.814113  0.382407  0.456858  0.329229  0.444361  0.458606  0.254102 
4  0.105106  0.374037  0.332981  0.116905 0.0  0.170254  0.077539  0.476858  0.478550  0.423473  0.886739  0.489419  0.346022  0.435595  0.603257  0.407652  0.376329  0.482700  0.119233  0.492978  0.455371  0.453998  0.461464  0.415691  0.673187  0.398213  0.377513  0.365789  0.739012  0.326241  0.369391  0.474280  0.798849  0.379437  0.228018  0.389334  0.481938  0.343112  0.557725  0.451146  0.447277  0.451597  0.457438  0.296528  0.355736  0.191514  0.396534  0.487647  0.261829  0.464576  0.685961  0.231796  0.630174  0.445299  0.152778  0.395000  0.395077  0.390203  0.522167  0.207895  0.416697  0.383527  0.472704  0.389867  0.389338  0.466029  0.386385  0.369028  0.401053  0.505394  0.349565  0.385106  0.234371  0.432682  0.499958  0.467579  0.419281  0.435164  0.412417  0.488294  0.395470  0.409472  0.372609  0.461807  0.403419  0.440575  0.356256  0.646147  0.298338  0.363703  0.410144  0.495484  0.451935  0.355982  0.370821  0.429679  0.150349  0.371348  0.412276  0.421639  0.423139  0.908702  0.894147  0.492354  0.404413  0.484593  0.428358  0.802070  0.444871  0.386421  0.430753  0.389101  0.523151  0.430223  0.363794  0.833832  0.334638  0.828107  0.369274  0.580472  0.426522  0.503226  0.794152  0.367353  0.378158  0.496541  0.478313  0.415643  0.407162  0.465941  0.395157  0.338890  0.467635  0.508959  0.457495  0.323273  0.439814  0.410229  0.124037  0.421894  0.393309  0.601527  0.287793  0.390431  0.397253  0.343881  0.410984  0.437988  0.295433  0.686965  0.784388  0.379598  0.409035  0.358050  0.608270  0.422743  0.389667  0.387029  0.352768  0.473683  0.376863  0.477046  0.410144  0.480938  0.401335  0.407263  0.427884  0.240742  0.753393  0.395813  0.410286  0.395209  0.879152  0.371079  0.342518  0.432583  0.469584  0.708421  0.395479  0.413640  0.563430  0.435869  0.467666  0.425985  0.839009  0.456759  0.413389  0.562573  0.719452  0.419045  0.833042  0.348290  0.400726  0.477364  0.402382  0.385298  0.438502 
5  0.113888  0.350582  0.432435  0.077539  0.170254 0.0  0.142008  0.386275  0.316616  0.384916  0.746950  0.335232  0.291900  0.360143  0.646605  0.373356  0.240696  0.388323  0.142220  0.638900  0.352546  0.339215  0.362350  0.311303  0.793486  0.333518  0.318204  0.324658  0.757180  0.239886  0.336812  0.250484  0.710595  0.426271  0.312886  0.343045  0.445943  0.341696  0.469826  0.316013  0.359227  0.329308  0.288312  0.319664  0.387717  0.099407  0.400575  0.309549  0.227017  0.401649  0.545435  0.199306  0.574395  0.350583  0.113482  0.374544  0.402859  0.486264  0.320159  0.204506  0.318605  0.408534  0.383972  0.349070  0.409260  0.370065  0.316010  0.424564  0.348551  0.568458  0.323314  0.429832  0.299358  0.369333  0.432301  0.342617  0.344709  0.436357  0.399889  0.413020  0.346701  0.294396  0.334456  0.442670  0.334160  0.328623  0.404542  0.697097  0.405800  0.316575  0.397057  0.388887  0.465301  0.346838  0.366459  0.343638  0.253792  0.429549  0.311199  0.397160  0.384880  0.844192  0.824416  0.375546  0.339562  0.296586  0.333410  0.694970  0.449346  0.335733  0.322919  0.340084  0.461653  0.323218  0.465796  0.801690  0.447409  0.757021  0.409625  0.401617  0.380920  0.435957  0.798816  0.401408  0.334725  0.289534  0.305431  0.419250  0.319524  0.287994  0.324761  0.368494  0.463471  0.514356  0.367559  0.387151  0.401876  0.349012  0.115765  0.335508  0.321352  0.519978  0.402451  0.323378  0.402125  0.460227  0.358195  0.370416  0.344577  0.620942  0.896590  0.367847  0.328036  0.372941  0.636381  0.343617  0.456925  0.383970  0.383773  0.388000  0.388092  0.362074  0.259330  0.325115  0.325318  0.372267  0.348278  0.270858  0.857320  0.426825  0.352765  0.347915  0.815758  0.519968  0.376793  0.315472  0.291848  0.644401  0.379754  0.266519  0.616134  0.359861  0.294444  0.361186  0.728069  0.333099  0.383772  0.577916  0.812430  0.371711  0.733278  0.351176  0.367976  0.353172  0.324484  0.368748  0.322515 
6  0.223895  0.384438  0.485071  0.082813  0.077539  0.142008 0.0  0.421877  0.490371  0.487479  0.788206  0.469523  0.485867  0.415296  0.596024  0.445837  0.362437  0.452173  0.077539  0.530629  0.447071  0.419112  0.396520  0.473787  0.776672  0.517042  0.422008  0.461170  0.760512  0.337694  0.476260  0.458632  0.832209  0.428033  0.219073  0.291094  0.450056  0.420177  0.588820  0.472441  0.434424  0.572577  0.474620  0.469835  0.387073  0.146605  0.415062  0.367719  0.291498  0.463545  0.686498  0.252734  0.562440  0.313896  0.149690  0.369351  0.325295  0.388283  0.334798  0.188042  0.427370  0.419203  0.378922  0.383987  0.343744  0.397046  0.423299  0.361986  0.338395  0.573276  0.406835  0.341094  0.176880  0.389142  0.480888  0.407875  0.362116  0.457855  0.528070  0.501534  0.411785  0.447801  0.339131  0.424696  0.353065  0.438332  0.395628  0.646410  0.412919  0.429004  0.412614  0.431796  0.397216  0.398064  0.436805  0.411460  0.138603  0.448474  0.391769  0.409066  0.529914  0.759615  0.825245  0.460705  0.441276  0.360119  0.450627  0.855481  0.424500  0.355573  0.418785  0.409454  0.450082  0.561993  0.397338  0.815389  0.426359  0.827241  0.507190  0.420648  0.463200  0.481217  0.850932  0.364482  0.496226  0.411224  0.414748  0.449438  0.455132  0.424255  0.365599  0.388504  0.482029  0.398275  0.412653  0.428890  0.434207  0.456852  0.097217  0.327097  0.497748  0.527813  0.386351  0.337189  0.419497  0.434974  0.473625  0.488674  0.281369  0.690971  0.806059  0.379266  0.368992  0.438149  0.676560  0.458190  0.444532  0.434405  0.473708  0.394265  0.412155  0.385730  0.392219  0.427350  0.485301  0.481171  0.388014  0.311487  0.772078  0.418580  0.428716  0.385740  0.706171  0.409295  0.425855  0.410710  0.480381  0.657282  0.444674  0.381170  0.588091  0.498695  0.414362  0.477028  0.786352  0.490957  0.440779  0.558186  0.893114  0.431803  0.863054  0.418385  0.366913  0.398814  0.470454  0.467267  0.422104 
7  0.268689  0.298869  0.081663  0.435387  0.476858  0.386275  0.421877 0.0  0.103666  0.469642  0.874297  0.137198  0.229530  0.267098  0.588204  0.273600  0.263028  0.251719  0.464540  0.516080  0.442963  0.263187  0.169017  0.167191  0.803701  0.263681  0.198734  0.240647  0.812371  0.365501  0.232211  0.184052  0.821172  0.479558  0.232716  0.209455  0.437631  0.450796  0.566095  0.219068  0.147706  0.378837  0.128111  0.339565  0.169338  0.391973  0.212218  0.188355  0.433090  0.148467  0.553866  0.368240  0.594699  0.223469  0.450227  0.468499  0.466343  0.272290  0.458504  0.420413  0.278990  0.138293  0.215303  0.206582  0.218193  0.227188  0.087190  0.256166  0.325442  0.559623  0.260332  0.304889  0.102330  0.240870  0.341137  0.107203  0.330665  0.557255  0.227204  0.241172  0.152521  0.178573  0.485770  0.360970  0.378516  0.238338  0.143383  0.716107  0.105071  0.182933  0.309286  0.077539  0.145552  0.126518  0.173010  0.111425  0.457783  0.506068  0.184529  0.205271  0.466109  0.836078  0.936801  0.425148  0.147654  0.191706  0.560319  0.778392  0.384102  0.326184  0.293217  0.413257  0.132508  0.147969  0.081668  0.846466  0.168517  0.796843  0.139161  0.194858  0.302455  0.475787  0.710098  0.106863  0.132268  0.477870  0.214633  0.367877  0.107408  0.469931  0.181030  0.483903  0.224460  0.441330  0.142537  0.446777  0.197063  0.168830  0.476030  0.217450  0.138599  0.537787  0.148583  0.181142  0.208573  0.401584  0.289691  0.234253  0.312864  0.660074  0.821523  0.256056  0.264248  0.151777  0.641597  0.108162  0.077539  0.207264  0.125548  0.217830  0.202128  0.297341  0.190282  0.145215  0.077539  0.178156  0.377504  0.332837  0.874647  0.366848  0.227052  0.424116  0.844918  0.172453  0.248263  0.206885  0.118301  0.685237  0.137120  0.217047  0.606459  0.239043  0.170076  0.406246  0.812013  0.296138  0.167374  0.571437  0.808628  0.464072  0.860681  0.192088  0.408410  0.249589  0.241016  0.335899  0.288283 
8  0.322431  0.367922  0.115378  0.445528  0.478550  0.316616  0.490371  0.103666 0.0  0.543937  0.838379  0.236757  0.280078  0.280847  0.532397  0.217238  0.293840  0.162893  0.481292  0.529547  0.467891  0.330770  0.162275  0.259350  0.725550  0.263494  0.147156  0.211252  0.780236  0.409078  0.197117  0.133495  0.913967  0.438266  0.236270  0.177301  0.384082  0.352330  0.528478  0.271070  0.135732  0.463081  0.207584  0.297629  0.176726  0.415006  0.202229  0.120046  0.302512  0.210973  0.560423  0.335749  0.579618  0.233875  0.316958  0.412380  0.423839  0.341683  0.446986  0.485783  0.311902  0.222242  0.156006  0.206396  0.166629  0.207943  0.132753  0.273299  0.344313  0.481002  0.137303  0.325508  0.248076  0.260784  0.313917  0.119620  0.397077  0.334848  0.133984  0.217175  0.144662  0.265412  0.386039  0.334759  0.469637  0.155449  0.165965  0.682948  0.161336  0.251514  0.224185  0.368824  0.248567  0.180612  0.181976  0.181377  0.395114  0.432495  0.104765  0.237638  0.365685  0.852895  0.763167  0.589447  0.131376  0.104706  0.404893  0.727930  0.571634  0.369081  0.143533  0.437580  0.130447  0.110590  0.124441  0.830325  0.282475  0.833775  0.121530  0.128744  0.286093  0.274156  0.675000  0.215623  0.326262  0.422911  0.160750  0.440387  0.202772  0.493498  0.144639  0.421058  0.170016  0.478109  0.163994  0.391026  0.142129  0.266915  0.413990  0.199876  0.089802  0.478363  0.189837  0.169068  0.309653  0.413093  0.188473  0.345776  0.274330  0.632159  0.828255  0.176751  0.104914  0.210837  0.650144  0.132983  0.304689  0.179388  0.150472  0.142330  0.180408  0.230234  0.295258  0.106880  0.235911  0.275332  0.449475  0.294276  0.792272  0.439855  0.139786  0.322964  0.811176  0.162973  0.232568  0.160415  0.151898  0.728153  0.106552  0.117399  0.577158  0.112234  0.152979  0.377266  0.780726  0.141400  0.132057  0.515779  0.840889  0.493879  0.850996  0.183887  0.503261  0.159636  0.250554  0.475225  0.180095 
9  0.367449  0.406774  0.415495  0.427829  0.423473  0.384916  0.487479  0.469642  0.543937 0.0  0.747714  0.435423  0.455863  0.359903  0.544127  0.457697  0.341172  0.392872  0.482679  0.617374  0.229659  0.424576  0.395370  0.400992  0.790627  0.383729  0.436700  0.452101  0.764305  0.238025  0.465821  0.379271  0.769584  0.211988  0.288379  0.366995  0.323596  0.343700  0.576241  0.344351  0.405440  0.287358  0.465895  0.349404  0.347769  0.368638  0.277648  0.407423  0.327848  0.421956  0.496339  0.337523  0.650422  0.376022  0.304321  0.169319  0.171185  0.448728  0.377255  0.384776  0.394791  0.416849  0.348286  0.481165  0.463689  0.416772  0.541401  0.419396  0.379831  0.456279  0.371257  0.484072  0.240055  0.492097  0.394753  0.397539  0.313491  0.429554  0.472312  0.390319  0.462086  0.440042  0.354683  0.368945  0.316576  0.480688  0.527312  0.703729  0.483438  0.403425  0.393842  0.397572  0.402028  0.431475  0.497753  0.389663  0.428398  0.093782  0.470547  0.393255  0.172385  0.717594  0.802667  0.123963  0.416804  0.514393  0.215955  0.853399  0.262406  0.079381  0.478610  0.100793  0.479469  0.489489  0.287432  0.776822  0.476241  0.752650  0.428784  0.446231  0.373706  0.317306  0.711343  0.481597  0.450243  0.219591  0.408350  0.077539  0.340064  0.346232  0.408150  0.079659  0.305216  0.480388  0.453627  0.184054  0.433786  0.430855  0.466453  0.432079  0.422140  0.528648  0.444636  0.416714  0.374863  0.164268  0.422732  0.495312  0.361546  0.661179  0.785957  0.440534  0.349663  0.433116  0.674549  0.483655  0.435343  0.430436  0.464577  0.461928  0.372389  0.500792  0.434040  0.470486  0.328016  0.467715  0.196852  0.247345  0.851597  0.318736  0.423351  0.230567  0.822063  0.534432  0.417167  0.490465  0.336046  0.670268  0.500139  0.479828  0.514208  0.494459  0.498418  0.322230  0.900674  0.403277  0.454385  0.589740  0.728567  0.267550  0.781150  0.369779  0.343278  0.386482  0.388785  0.099872  0.336529 
10  0.839414  0.773396  0.856706  0.818585  0.886739  0.746950  0.788206  0.874297  0.838379  0.747714 0.0  0.846857  0.861136  0.812319  0.803476  0.782429  0.844262  0.785606  0.814852  0.692933  0.843814  0.807517  0.846992  0.773090  0.447882  0.801492  0.738902  0.818308  0.546016  0.843733  0.868709  0.845233  0.550229  0.854180  0.708341  0.796041  0.850814  0.780969  0.741574  0.822076  0.736317  0.758070  0.889504  0.796777  0.862542  0.731113  0.777423  0.831785  0.814140  0.873259  0.826549  0.782245  0.848500  0.795764  0.873025  0.775685  0.896671  0.863695  0.808268  0.781599  0.751613  0.830554  0.699397  0.906715  0.953414  0.796460  0.736925  0.852794  0.808445  0.644530  0.871386  0.779157  0.655606  0.803473  0.895013  0.798307  0.777140  0.800436  0.820502  0.819114  0.840741  0.853913  0.780850  0.856359  0.917129  0.918538  0.796109  0.640697  0.741919  0.813842  0.817303  0.824394  0.799183  0.771858  0.802517  0.867764  0.789763  0.924096  0.860010  0.772030  0.736645  0.570431  0.093300  0.883044  0.796716  0.848207  0.834911  0.277613  0.814900  0.868411  0.832055  0.806526  0.881119  0.866042  0.929012  0.077539  0.845123  0.162471  0.839160  0.834367  0.859486  0.951568  0.821438  0.833016  0.745448  0.804145  0.806074  0.848641  0.828483  0.868524  0.848380  0.946686  0.835762  0.824947  0.767860  0.736649  0.849870  0.876829  0.888896  0.832529  0.931357  0.705343  0.840582  0.803229  0.766443  0.843731  0.784073  0.741592  0.777748  0.664679  0.786044  0.815141  0.803254  0.780467  0.764848  0.830157  0.836231  0.860440  0.846350  0.746779  0.858221  0.896750  0.814692  0.949126  0.820468  0.897549  0.734875  0.765166  0.360577  0.820361  0.921560  0.824404  0.202492  0.831299  0.821771  0.843532  0.814791  0.684287  0.829061  0.857124  0.912097  0.843045  0.830742  0.897307  0.109242  0.786992  0.860465  0.794390  0.539337  0.844981  0.183834  0.797689  0.814222  0.902490  0.840517  0.790609  0.855927 
11  0.371137  0.259849  0.214953  0.460692  0.489419  0.335232  0.469523  0.137198  0.236757  0.435423  0.846857 0.0  0.138280  0.124174  0.565689  0.077539  0.324806  0.186328  0.340538  0.526076  0.496908  0.262858  0.077539  0.087794  0.867640  0.130865  0.164739  0.077539  0.839300  0.482451  0.134116  0.116410  0.769947  0.441236  0.228325  0.252177  0.439026  0.533865  0.588120  0.223797  0.108689  0.457685  0.087801  0.262411  0.202225  0.366436  0.326652  0.116416  0.388141  0.077539  0.629586  0.391251  0.644841  0.228386  0.470769  0.401938  0.373195  0.190711  0.410480  0.380293  0.201709  0.163415  0.188794  0.125736  0.188365  0.167647  0.090203  0.132096  0.297879  0.446348  0.077539  0.195383  0.175971  0.287367  0.261410  0.221951  0.363825  0.342400  0.245661  0.180898  0.099892  0.128016  0.453250  0.427493  0.414092  0.121797  0.230839  0.683209  0.077539  0.120695  0.124196  0.077539  0.133170  0.179642  0.118305  0.085487  0.354331  0.429476  0.181133  0.180099  0.525848  0.823330  0.815844  0.451647  0.217308  0.155228  0.452663  0.736299  0.427099  0.465949  0.138752  0.472697  0.193006  0.082243  0.126429  0.840856  0.134076  0.875893  0.170488  0.077539  0.347541  0.426754  0.805933  0.099908  0.189672  0.437060  0.217879  0.496052  0.182959  0.428093  0.150528  0.434164  0.083829  0.602886  0.172546  0.404044  0.157845  0.120324  0.451718  0.149705  0.176064  0.504354  0.108390  0.147915  0.260633  0.356724  0.231124  0.330185  0.323221  0.616497  0.888010  0.127969  0.216249  0.129871  0.636209  0.220990  0.077539  0.223977  0.131387  0.115940  0.185054  0.142264  0.226549  0.206880  0.172411  0.238520  0.429374  0.313435  0.772032  0.508176  0.099803  0.365811  0.839907  0.098695  0.114219  0.077539  0.176407  0.572910  0.094460  0.196660  0.600536  0.157795  0.211307  0.419336  0.826270  0.203545  0.077539  0.580431  0.709064  0.458908  0.836318  0.232417  0.474236  0.123610  0.234448  0.442643  0.223544 
12  0.384943  0.342522  0.248686  0.492155  0.346022  0.291900  0.485867  0.229530  0.280078  0.455863  0.861136  0.138280 0.0  0.085261  0.572149  0.095348  0.206998  0.077539  0.393786  0.519200  0.533534  0.252547  0.077539  0.102227  0.692762  0.077539  0.153511  0.169518  0.789960  0.500906  0.169171  0.186839  0.692086  0.449653  0.260386  0.288926  0.435170  0.400752  0.545961  0.127688  0.077539  0.492312  0.163770  0.358153  0.268855  0.481831  0.230180  0.206036  0.385080  0.120257  0.598744  0.443792  0.582841  0.197400  0.299034  0.419321  0.281253  0.345716  0.346949  0.451951  0.266396  0.077539  0.171712  0.140941  0.147444  0.142348  0.077539  0.252070  0.242769  0.440660  0.119762  0.266007  0.239611  0.326610  0.291367  0.116781  0.462529  0.403882  0.104962  0.142387  0.095980  0.226522  0.385420  0.389945  0.535540  0.086052  0.187149  0.585864  0.227628  0.077539  0.104767  0.100221  0.077539  0.146078  0.112383  0.110669  0.440986  0.433137  0.181544  0.145532  0.510103  0.792775  0.839154  0.427474  0.100823  0.152902  0.482932  0.749828  0.483710  0.405241  0.140568  0.453848  0.190303  0.118126  0.106912  0.803694  0.097405  0.846951  0.186834  0.077539  0.204804  0.458743  0.791971  0.142410  0.091377  0.524082  0.158334  0.435231  0.174535  0.461817  0.192843  0.365643  0.087567  0.533685  0.198994  0.459532  0.230630  0.270796  0.483924  0.169172  0.234619  0.473215  0.202893  0.077539  0.340793  0.433691  0.343875  0.311171  0.204011  0.594634  0.782914  0.109120  0.140428  0.135621  0.616583  0.154443  0.077539  0.150829  0.162469  0.094343  0.090179  0.077539  0.216364  0.240111  0.262296  0.133046  0.368170  0.350743  0.768889  0.403775  0.246935  0.477391  0.688774  0.105972  0.092297  0.095083  0.197418  0.632673  0.102097  0.156727  0.524470  0.265977  0.085445  0.423752  0.895048  0.193874  0.147374  0.583513  0.735864  0.461634  0.849590  0.231948  0.447330  0.178479  0.271327  0.446830  0.195147 
13  0.397745  0.254831  0.227055  0.437677  0.435595  0.360143  0.415296  0.267098  0.280847  0.359903  0.812319  0.124174  0.085261 0.0  0.575602  0.077539  0.247669  0.125180  0.421417  0.567861  0.350824  0.346212  0.219247  0.170854  0.696344  0.195411  0.123830  0.164549  0.783476  0.340431  0.085233  0.088369  0.784330  0.461765  0.181398  0.323793  0.472908  0.416998  0.603720  0.111686  0.185546  0.381405  0.119690  0.273012  0.208913  0.437121  0.248566  0.178251  0.419453  0.157279  0.502613  0.373592  0.652968  0.236614  0.391843  0.400604  0.470841  0.276461  0.430752  0.393919  0.306511  0.163835  0.100586  0.129077  0.151030  0.155469  0.174618  0.227837  0.285658  0.545023  0.219387  0.209988  0.225883  0.291470  0.341794  0.100591  0.384145  0.413175  0.082485  0.077539  0.106550  0.125113  0.380693  0.416548  0.447180  0.095764  0.122334  0.666666  0.118054  0.126498  0.119165  0.237403  0.184166  0.077539  0.122545  0.155243  0.439319  0.455601  0.089397  0.077539  0.476767  0.766342  0.823506  0.374407  0.117254  0.269286  0.488837  0.840867  0.471271  0.349875  0.147208  0.423971  0.148928  0.110554  0.125677  0.730262  0.154354  0.842689  0.127712  0.085714  0.265425  0.502010  0.717541  0.104322  0.077539  0.416058  0.144771  0.474563  0.119944  0.401446  0.190310  0.355897  0.077539  0.386088  0.169306  0.337720  0.089399  0.100397  0.445512  0.128684  0.169254  0.483400  0.192728  0.145417  0.295830  0.440714  0.273656  0.345455  0.278694  0.649110  0.894748  0.077539  0.149092  0.169623  0.670738  0.095578  0.077539  0.089190  0.156753  0.077539  0.088852  0.154278  0.141503  0.148142  0.099659  0.136623  0.420702  0.250267  0.873206  0.415831  0.093925  0.398532  0.738407  0.156458  0.126498  0.083669  0.141337  0.671884  0.113100  0.135143  0.579904  0.077539  0.116789  0.473909  0.732100  0.161914  0.100905  0.536330  0.806546  0.453653  0.816811  0.182446  0.407451  0.141513  0.363451  0.460339  0.132189 
14  0.566963  0.570549  0.628607  0.568053  0.603257  0.646605  0.596024  0.588204  0.532397  0.544127  0.803476  0.565689  0.572149  0.575602 0.0  0.578225  0.582906  0.536210  0.569561  0.373695  0.519559  0.599229  0.569794  0.529482  0.730060  0.614902  0.525669  0.623951  0.722995  0.653241  0.437193  0.645389  0.732481  0.602800  0.506065  0.564026  0.622358  0.648226  0.354687  0.528817  0.612955  0.454995  0.526201  0.669876  0.566536  0.659470  0.520852  0.549517  0.559179  0.642155  0.383876  0.582062  0.437680  0.581177  0.631048  0.633919  0.589582  0.594933  0.622903  0.560214  0.526067  0.589119  0.542008  0.647709  0.551449  0.638036  0.650348  0.585248  0.629007  0.540900  0.578818  0.469557  0.399531  0.554690  0.512558  0.528436  0.411989  0.556933  0.536085  0.579270  0.639110  0.590577  0.528084  0.551424  0.551302  0.630768  0.605256  0.708710  0.613312  0.597682  0.593121  0.549119  0.536390  0.582337  0.536087  0.469370  0.571914  0.580276  0.601737  0.518379  0.661662  0.777100  0.802677  0.598801  0.567237  0.570782  0.576791  0.796843  0.618312  0.582359  0.570739  0.575608  0.533580  0.602149  0.525821  0.804157  0.609708  0.783874  0.575959  0.656668  0.519444  0.622685  0.726501  0.592541  0.529865  0.491524  0.480186  0.581079  0.566472  0.544122  0.596411  0.551652  0.548054  0.279587  0.458274  0.548238  0.525543  0.519578  0.514678  0.567536  0.655572  0.230469  0.652814  0.532120  0.552563  0.644976  0.575236  0.520653  0.580038  0.637989  0.824191  0.656429  0.498633  0.560840  0.638514  0.650780  0.629708  0.646638  0.572438  0.613908  0.557634  0.561575  0.605064  0.577064  0.573047  0.546152  0.488448  0.535012  0.837894  0.554116  0.590023  0.579230  0.790303  0.566237  0.614593  0.561069  0.609836  0.734201  0.471387  0.644756  0.148933  0.537050  0.546112  0.552546  0.803492  0.543910  0.487004  0.410969  0.686542  0.558133  0.833083  0.602829  0.484519  0.581883  0.624631  0.527803  0.532209 
15  0.344270  0.319884  0.270455  0.385794  0.407652  0.373356  0.445837  0.273600  0.217238  0.457697  0.782429  0.077539  0.095348  0.077539  0.578225 0.0  0.221549  0.113768  0.357474  0.596583  0.424155  0.290657  0.088662  0.077539  0.729332  0.205161  0.204787  0.211632  0.783863  0.463861  0.077539  0.219026  0.769541  0.409281  0.332627  0.203707  0.466447  0.395205  0.646081  0.147484  0.169157  0.458757  0.187398  0.280351  0.169028  0.421468  0.303099  0.077539  0.398078  0.119823  0.537873  0.378803  0.510712  0.269603  0.427527  0.378975  0.395873  0.237348  0.411155  0.344287  0.164497  0.105931  0.087771  0.077539  0.101484  0.086504  0.105063  0.329834  0.304715  0.565694  0.146325  0.219289  0.290627  0.176717  0.372873  0.136397  0.584745  0.366610  0.077539  0.117892  0.127679  0.159723  0.423983  0.368314  0.463284  0.101465  0.077539  0.681372  0.149513  0.141855  0.186059  0.142615  0.167282  0.107479  0.122533  0.138580  0.419456  0.305975  0.124654  0.229529  0.499961  0.796250  0.756016  0.431395  0.125935  0.197207  0.479294  0.838216  0.360682  0.411097  0.192199  0.497425  0.148459  0.120359  0.099560  0.911638  0.098026  0.808460  0.226427  0.083535  0.238068  0.551953  0.750217  0.100432  0.114777  0.383292  0.182183  0.527055  0.162748  0.500339  0.130081  0.330952  0.126875  0.407163  0.173288  0.372562  0.111025  0.187827  0.574033  0.168307  0.133761  0.482984  0.118211  0.137930  0.212998  0.395225  0.273825  0.356916  0.212799  0.672891  0.750578  0.077539  0.149102  0.120711  0.680777  0.138169  0.143444  0.173507  0.130371  0.186223  0.101525  0.094854  0.077539  0.128681  0.201315  0.132576  0.414316  0.273794  0.848605  0.416258  0.089277  0.486287  0.842706  0.131330  0.107671  0.124705  0.123559  0.636915  0.148636  0.145046  0.612179  0.129990  0.161387  0.363857  0.802530  0.198898  0.098740  0.526591  0.757483  0.470402  0.828170  0.172177  0.353451  0.089558  0.312689  0.423525  0.176471 
16  0.335133  0.160415  0.192727  0.411845  0.376329  0.240696  0.362437  0.263028  0.293840  0.341172  0.844262  0.324806  0.206998  0.247669  0.582906  0.221549 0.0  0.217932  0.332146  0.493022  0.411381  0.315074  0.311690  0.298142  0.767199  0.184634  0.279345  0.210901  0.854394  0.450841  0.228690  0.208989  0.772463  0.323647  0.260610  0.198409  0.472642  0.310282  0.578741  0.246833  0.257771  0.311124  0.168337  0.209627  0.348528  0.354971  0.242094  0.196873  0.354994  0.271674  0.554400  0.361167  0.614874  0.143405  0.372918  0.358752  0.394043  0.175019  0.308728  0.342095  0.117228  0.243706  0.320010  0.126220  0.197915  0.176199  0.180174  0.189702  0.278844  0.503778  0.280468  0.166669  0.209275  0.197280  0.277166  0.220152  0.313164  0.321601  0.346808  0.248260  0.178529  0.241947  0.331712  0.362505  0.301308  0.182832  0.161945  0.675124  0.253966  0.208481  0.168525  0.225055  0.286392  0.305060  0.211015  0.235337  0.386325  0.404054  0.232261  0.177067  0.422476  0.834655  0.879820  0.277872  0.218310  0.242262  0.388362  0.806380  0.358858  0.438985  0.264308  0.360870  0.236175  0.228606  0.360691  0.760708  0.332417  0.787294  0.233081  0.194375  0.186256  0.421183  0.796796  0.269751  0.194943  0.359109  0.302126  0.411302  0.176112  0.302478  0.254286  0.404488  0.205223  0.510606  0.224920  0.429870  0.229838  0.330251  0.335294  0.290294  0.301839  0.511433  0.221004  0.228132  0.084636  0.420037  0.153677  0.236353  0.281660  0.662369  0.777661  0.300547  0.230729  0.188198  0.662709  0.210170  0.339741  0.230762  0.163412  0.341019  0.244580  0.235897  0.252466  0.283291  0.183605  0.300689  0.424134  0.345266  0.831216  0.364126  0.283990  0.298389  0.777119  0.243381  0.292127  0.312423  0.153370  0.626816  0.187311  0.238755  0.504924  0.254626  0.236898  0.365692  0.702780  0.276609  0.242085  0.536804  0.771628  0.479264  0.780594  0.241826  0.360634  0.187950  0.249088  0.325350  0.263215 
17  0.374175  0.307251  0.195959  0.462390  0.482700  0.388323  0.452173  0.251719  0.162893  0.392872  0.785606  0.186328  0.077539  0.125180  0.536210  0.113768  0.217932 0.0  0.434647  0.508327  0.385168  0.229396  0.077539  0.150101  0.774409  0.141759  0.109269  0.084737  0.850290  0.443941  0.168028  0.138664  0.898151  0.475011  0.153381  0.241700  0.491693  0.359730  0.486662  0.212810  0.077539  0.491621  0.081423  0.241379  0.258694  0.388287  0.285990  0.132724  0.436807  0.124969  0.611337  0.455567  0.507202  0.305394  0.398970  0.420579  0.361383  0.204373  0.501489  0.389521  0.176021  0.077539  0.129538  0.144028  0.109084  0.121306  0.118223  0.159408  0.296216  0.579426  0.189631  0.191342  0.289436  0.349695  0.271600  0.116396  0.544164  0.368963  0.236832  0.100756  0.199190  0.177736  0.404628  0.372678  0.354423  0.077539  0.180419  0.675089  0.232849  0.077539  0.270647  0.077539  0.159341  0.191927  0.195268  0.140684  0.409660  0.433660  0.234717  0.145305  0.432235  0.812838  0.762410  0.475556  0.099533  0.096234  0.397365  0.782961  0.435444  0.452695  0.088931  0.479591  0.204944  0.155902  0.190513  0.779822  0.087793  0.806319  0.165684  0.176126  0.202650  0.393099  0.753732  0.157550  0.159245  0.410473  0.192735  0.455167  0.151226  0.504324  0.099662  0.353620  0.156362  0.399953  0.178884  0.408975  0.133205  0.154316  0.433380  0.171740  0.125294  0.407523  0.208100  0.077539  0.291536  0.452985  0.382770  0.238143  0.178563  0.668569  0.759987  0.178638  0.151306  0.111862  0.603400  0.227934  0.144316  0.181039  0.172273  0.085403  0.168433  0.176221  0.138476  0.077539  0.179948  0.077539  0.384386  0.321696  0.820576  0.499340  0.111234  0.393714  0.758348  0.210128  0.077539  0.077539  0.136900  0.618125  0.077539  0.110351  0.536914  0.077539  0.077539  0.444677  0.724080  0.163035  0.077539  0.565363  0.841900  0.399236  0.767428  0.233356  0.428682  0.124927  0.224171  0.368847  0.116259 
18  0.128145  0.438533  0.375394  0.151509  0.119233  0.142220  0.077539  0.464540  0.481292  0.482679  0.814852  0.340538  0.393786  0.421417  0.569561  0.357474  0.332146  0.434647 0.0  0.470104  0.444450  0.353759  0.508664  0.501856  0.793335  0.486826  0.318833  0.440447  0.700909  0.462242  0.341198  0.437635  0.757289  0.323036  0.242022  0.420090  0.511755  0.398553  0.599101  0.486478  0.527629  0.477975  0.491840  0.409621  0.369997  0.077539  0.402294  0.478988  0.209944  0.457552  0.497723  0.191354  0.464567  0.378623  0.244569  0.378342  0.434588  0.361320  0.404417  0.254355  0.408172  0.484602  0.367319  0.369845  0.382527  0.442904  0.428860  0.313047  0.367414  0.452811  0.482567  0.373772  0.214405  0.395729  0.445158  0.518204  0.483247  0.383051  0.529467  0.439070  0.377762  0.457516  0.481683  0.299480  0.485496  0.416919  0.370374  0.705325  0.420561  0.480870  0.265890  0.425933  0.492762  0.394473  0.408630  0.434169  0.164921  0.341084  0.404122  0.412975  0.465320  0.758240  0.826000  0.466597  0.465657  0.463677  0.461872  0.801122  0.401718  0.414492  0.408999  0.535432  0.486533  0.434017  0.443696  0.848043  0.451885  0.847830  0.448864  0.386398  0.445687  0.384125  0.768141  0.403600  0.372238  0.437019  0.421804  0.472403  0.421447  0.424564  0.404534  0.316612  0.251786  0.458555  0.429540  0.352672  0.391187  0.324035  0.150830  0.407925  0.415838  0.484310  0.395177  0.495989  0.400442  0.393616  0.334744  0.409932  0.359371  0.663135  0.865519  0.393418  0.413443  0.382059  0.569158  0.396554  0.480286  0.484768  0.414477  0.425170  0.476525  0.463508  0.472339  0.414190  0.346473  0.476193  0.452184  0.382809  0.847544  0.334004  0.362792  0.459692  0.771749  0.430248  0.372289  0.368220  0.449845  0.682674  0.373244  0.359590  0.559867  0.470524  0.403029  0.421935  0.804404  0.395753  0.479753  0.681379  0.812443  0.433668  0.812837  0.360915  0.350944  0.376913  0.512592  0.356144  0.386370 
19  0.506831  0.576726  0.478361  0.595209  0.492978  0.638900  0.530629  0.516080  0.529547  0.617374  0.692933  0.526076  0.519200  0.567861  0.373695  0.596583  0.493022  0.508327  0.470104 0.0  0.530706  0.407056  0.487008  0.568265  0.732491  0.480051  0.498876  0.536439  0.843190  0.545502  0.515995  0.507028  0.793482  0.518228  0.374808  0.526543  0.447226  0.555968  0.203042  0.516089  0.426870  0.569018  0.542397  0.457645  0.497320  0.532652  0.489844  0.536578  0.573305  0.439272  0.297559  0.519861  0.258129  0.536983  0.634069  0.480251  0.552253  0.559660  0.573083  0.566140  0.504164  0.626097  0.522260  0.593883  0.543619  0.518559  0.657095  0.622645  0.616185  0.496769  0.527447  0.544034  0.401208  0.509813  0.627267  0.526480  0.463336  0.584409  0.576756  0.558376  0.563969  0.587253  0.542776  0.486489  0.513460  0.540661  0.508263  0.620626  0.492243  0.530575  0.638130  0.509350  0.537313  0.538816  0.487029  0.525603  0.523922  0.491348  0.542087  0.457374  0.476395  0.773094  0.783454  0.535670  0.591637  0.565221  0.529576  0.762739  0.571829  0.550592  0.476389  0.544226  0.599372  0.440392  0.538868  0.763931  0.458428  0.828856  0.534542  0.507918  0.558677  0.532412  0.665873  0.551210  0.602367  0.432516  0.539615  0.491191  0.585198  0.590819  0.611123  0.508097  0.559619  0.253638  0.540877  0.464806  0.429711  0.539170  0.575758  0.562643  0.503683  0.212489  0.533285  0.503013  0.573508  0.503131  0.580627  0.542736  0.540164  0.688023  0.726109  0.557925  0.485721  0.533892  0.639453  0.584208  0.498913  0.469123  0.544408  0.540533  0.521061  0.508111  0.509627  0.440276  0.579102  0.463927  0.509576  0.533844  0.774250  0.534184  0.540894  0.487203  0.805348  0.526640  0.503700  0.567256  0.524147  0.688853  0.578444  0.567196  0.356660  0.573961  0.520155  0.545389  0.833482  0.532782  0.463438  0.275010  0.829557  0.585741  0.819314  0.610112  0.591107  0.516206  0.561386  0.501883  0.575768 
