197
0 0.0  0.336212  0.291352  0.122747  0.114446  0.117142  0.115697  0.328525  0.322137  0.293386  0.710488  0.290531  0.339737  0.309268  0.499205  0.280287  0.311304  0.301352  0.111203  0.444451  0.345999  0.346762  0.294175  0.315140  0.709291  0.308026  0.282327  0.298748  0.772479  0.307733  0.267339  0.302542  0.782591  0.339833  0.194393  0.318972  0.341555  0.314432  0.470819  0.324902  0.314358  0.318039  0.303183  0.280909  0.322705  0.113069  0.301353  0.264029  0.201246  0.294901  0.503253  0.204341  0.508537  0.292761  0.116212  0.306481  0.301224  0.334686  0.316249  0.215657  0.328955  0.274950  0.279842  0.286011  0.289893  0.304063  0.280708  0.302631  0.295842  0.472628  0.307471  0.278046  0.186561  0.268830  0.285102  0.353371  0.322061  0.278055  0.326967  0.299700  0.319452  0.296539  0.340788  0.301881  0.348841  0.300641  0.325693  0.632895  0.288985  0.297672  0.308386  0.303115  0.296929  0.346673  0.324166  0.298085  0.121083  0.308406  0.281217  0.315498  0.227759  0.732626  0.693513  0.331556  0.311533  0.311125  0.299456  0.723499  0.325695  0.314152  0.291828  0.281633  0.278590  0.354724  0.300316  0.688677  0.322421  0.802418  0.275362  0.311577  0.316977  0.308916  0.818150  0.320036  0.254652  0.326612  0.316701  0.305514  0.320429  0.308996  0.299495  0.287427  0.287323  0.436719  0.282199  0.308569  0.297977  0.241635  0.125329  0.312273  0.317897  0.465511  0.325953  0.364823  0.321529  0.294843  0.312018  0.287700  0.289499  0.612075  0.736218  0.313061  0.294347  0.301999  0.759113  0.302715  0.290638  0.321054  0.305735  0.276802  0.280411  0.303837  0.346524  0.295125  0.310314  0.292881  0.299862  0.265652  0.730393  0.299242  0.331698  0.327014  0.664004  0.282372  0.309064  0.313589  0.332998  0.512936  0.325345  0.247892  0.584158  0.276489  0.343638  0.301656  0.773799  0.332435  0.292516  0.471205  0.805473  0.284463  0.759695  0.274368  0.342106  0.307388  0.274710  0.316870  0.284536 
1  0.336212 0.0  0.267762  0.321490  0.361298  0.324726  0.341988  0.269648  0.259622  0.348583  0.743699  0.210428  0.257479  0.237869  0.527730  0.240719  0.182115  0.266625  0.328166  0.461345  0.375967  0.218529  0.255460  0.257068  0.759760  0.271466  0.242604  0.270044  0.716634  0.315811  0.244250  0.204024  0.646882  0.402649  0.185199  0.196516  0.374879  0.379200  0.564105  0.251133  0.251640  0.336771  0.243596  0.216960  0.184570  0.336085  0.195830  0.246633  0.255979  0.229727  0.473664  0.352458  0.545521  0.147568  0.305868  0.342451  0.368923  0.128796  0.304400  0.339524  0.209553  0.230348  0.218830  0.236206  0.257538  0.242081  0.257631  0.194719  0.268060  0.431942  0.268273  0.172235  0.222407  0.257787  0.128153  0.220142  0.350367  0.349224  0.240597  0.236248  0.211601  0.248102  0.386678  0.318861  0.317279  0.237767  0.216109  0.680601  0.238559  0.256206  0.238842  0.251196  0.253727  0.249096  0.263956  0.253209  0.337425  0.342732  0.203318  0.211096  0.412067  0.774112  0.735796  0.359899  0.273067  0.252697  0.392838  0.723623  0.345841  0.341280  0.268132  0.339183  0.246953  0.266093  0.219203  0.687420  0.233586  0.890754  0.237840  0.278736  0.236913  0.349000  0.700051  0.228308  0.238949  0.386853  0.260872  0.371637  0.241809  0.359158  0.235278  0.293798  0.234086  0.455482  0.256473  0.346622  0.244407  0.240830  0.345239  0.258402  0.224388  0.443736  0.221840  0.233367  0.211213  0.331724  0.102787  0.127684  0.212778  0.574629  0.750779  0.231375  0.208645  0.247758  0.587044  0.225048  0.234084  0.233810  0.243724  0.259410  0.265300  0.241695  0.230646  0.247047  0.237961  0.233694  0.331872  0.277487  0.892240  0.348294  0.227975  0.310287  0.742850  0.244680  0.212679  0.246213  0.258600  0.740087  0.212179  0.255071  0.463907  0.233533  0.215592  0.359623  0.813099  0.204346  0.234439  0.427735  0.682414  0.365090  0.720412  0.234677  0.370467  0.228365  0.227699  0.323860  0.208194 
2  0.291352  0.267762 0.0  0.304200  0.349489  0.295915  0.381607  0.080112  0.095821  0.397757  0.702832  0.139493  0.143096  0.147023  0.529552  0.137135  0.198979  0.149299  0.374608  0.478005  0.379464  0.227461  0.136898  0.138423  0.759048  0.136575  0.131071  0.139539  0.715099  0.316659  0.126912  0.142003  0.771448  0.388994  0.195630  0.189437  0.365191  0.326165  0.433948  0.123154  0.137799  0.339369  0.145662  0.217581  0.192470  0.326027  0.191816  0.137683  0.281992  0.150087  0.491795  0.338337  0.416312  0.189502  0.317698  0.333348  0.289398  0.242170  0.388620  0.328076  0.202121  0.127443  0.139557  0.145461  0.139017  0.143381  0.134258  0.182643  0.236370  0.472148  0.139598  0.187811  0.191997  0.225791  0.257312  0.143334  0.343625  0.366134  0.138158  0.131788  0.138055  0.135932  0.365381  0.285141  0.347879  0.139873  0.141970  0.668309  0.139125  0.142247  0.139470  0.152021  0.143083  0.137910  0.128582  0.140729  0.386887  0.330784  0.128083  0.140846  0.351018  0.678392  0.858971  0.350641  0.142684  0.090893  0.320867  0.813661  0.375112  0.307546  0.135143  0.374793  0.091431  0.147847  0.138070  0.724076  0.150287  0.742492  0.095591  0.135826  0.175406  0.382999  0.663563  0.146772  0.148678  0.352552  0.142763  0.368727  0.143621  0.345464  0.148913  0.331486  0.138296  0.453604  0.150352  0.347554  0.149939  0.119591  0.374566  0.136648  0.101880  0.493555  0.135935  0.147193  0.229582  0.339441  0.231275  0.275316  0.209776  0.712011  0.687987  0.135316  0.141938  0.145440  0.584998  0.137694  0.149288  0.150141  0.142007  0.143271  0.158685  0.152045  0.137468  0.125529  0.145405  0.149696  0.351452  0.239836  0.735496  0.322475  0.127739  0.346087  0.813910  0.147965  0.150657  0.138158  0.141090  0.683490  0.100672  0.120356  0.477249  0.117394  0.141291  0.394330  0.666332  0.138605  0.147691  0.503811  0.743891  0.380875  0.689076  0.142743  0.378980  0.133636  0.213428  0.313658  0.148097 
3  0.122747  0.321490  0.304200 0.0  0.084656  0.119958  0.083305  0.349808  0.398335  0.435787  0.754932  0.399809  0.363393  0.381102  0.478364  0.337569  0.323711  0.336493  0.084217  0.511552  0.420307  0.310423  0.329791  0.344930  0.854819  0.303849  0.353421  0.354568  0.727205  0.326273  0.357498  0.320513  0.705064  0.312073  0.208411  0.289779  0.352279  0.288473  0.542327  0.343129  0.356389  0.357218  0.340407  0.312001  0.332995  0.102326  0.316005  0.293724  0.194722  0.386520  0.563829  0.223325  0.502956  0.364943  0.124072  0.335195  0.295388  0.346491  0.279514  0.252448  0.352097  0.328553  0.330259  0.320551  0.306442  0.348388  0.408290  0.338312  0.315460  0.443453  0.398426  0.302400  0.195203  0.348611  0.310023  0.308232  0.318444  0.343674  0.325631  0.313673  0.324399  0.345249  0.345446  0.307723  0.325966  0.319595  0.317221  0.500707  0.363381  0.355210  0.351648  0.317460  0.361892  0.249636  0.323370  0.324665  0.121144  0.319501  0.381566  0.357142  0.385150  0.832252  0.751114  0.355345  0.379289  0.362640  0.349665  0.732733  0.335814  0.375601  0.340442  0.392826  0.355488  0.371325  0.334752  0.749097  0.323051  0.695632  0.349038  0.357440  0.371524  0.414984  0.821985  0.371647  0.309259  0.329916  0.334167  0.351583  0.324945  0.383875  0.351623  0.354569  0.354852  0.393473  0.305699  0.368197  0.321108  0.353133  0.101017  0.344417  0.331999  0.448657  0.349508  0.385214  0.358750  0.318163  0.316252  0.299215  0.361856  0.690051  0.639012  0.338584  0.372561  0.351534  0.641631  0.301333  0.289242  0.338584  0.354993  0.338293  0.324641  0.406879  0.304360  0.330048  0.329265  0.308965  0.330384  0.290544  0.724189  0.357723  0.305821  0.363394  0.693922  0.304225  0.292769  0.305529  0.347434  0.655729  0.302974  0.374446  0.502951  0.349867  0.328149  0.307348  0.836139  0.306243  0.311609  0.555993  0.748491  0.380381  0.711590  0.331811  0.313645  0.315664  0.346634  0.295700  0.275655 
4  0.114446  0.361298  0.349489  0.084656 0.0  0.115933  0.072161  0.364233  0.367451  0.387535  0.823160  0.354228  0.366882  0.340264  0.489292  0.324546  0.332659  0.367674  0.072161  0.454434  0.382957  0.350989  0.377096  0.389335  0.683014  0.306380  0.368031  0.350085  0.733686  0.350224  0.333822  0.350564  0.741005  0.357393  0.182441  0.313223  0.399382  0.346873  0.588245  0.386710  0.332793  0.370634  0.367388  0.329643  0.258984  0.106858  0.333122  0.318380  0.199299  0.353019  0.462130  0.238327  0.453658  0.320835  0.113475  0.311270  0.361882  0.340159  0.366812  0.211896  0.343235  0.341680  0.404039  0.288663  0.283929  0.368080  0.361395  0.369504  0.325115  0.446241  0.317581  0.293885  0.204564  0.357322  0.315666  0.375438  0.322417  0.346257  0.355094  0.311241  0.292630  0.412635  0.397320  0.337502  0.364494  0.311060  0.353846  0.629127  0.309338  0.362477  0.274950  0.336873  0.371767  0.351167  0.307685  0.366862  0.132312  0.300516  0.348901  0.309617  0.370922  0.742088  0.797940  0.338542  0.362325  0.378613  0.325694  0.680244  0.376365  0.339237  0.323229  0.318808  0.366664  0.343123  0.343608  0.768244  0.362911  0.708940  0.365235  0.325735  0.352982  0.351690  0.639105  0.301612  0.315430  0.351331  0.331212  0.399060  0.377433  0.364546  0.306048  0.317402  0.318296  0.412554  0.391280  0.317010  0.313530  0.350743  0.108267  0.395819  0.366501  0.453135  0.324148  0.346455  0.341829  0.349654  0.326789  0.349896  0.342507  0.703958  0.751110  0.387691  0.335035  0.298394  0.619594  0.326806  0.283877  0.321790  0.362996  0.358263  0.360279  0.388342  0.354360  0.363908  0.308657  0.338437  0.322598  0.254294  0.623625  0.388048  0.387275  0.316707  0.785682  0.282510  0.295284  0.368389  0.316142  0.611293  0.372706  0.314692  0.479148  0.354111  0.367971  0.373427  0.847624  0.365995  0.361527  0.521450  0.729317  0.353971  0.750844  0.365107  0.351317  0.362095  0.310535  0.335531  0.356664 
5  0.117142  0.324726  0.295915  0.119958  0.115933 0.0  0.123950  0.332306  0.322463  0.269234  0.799709  0.371283  0.302728  0.277455  0.460724  0.304725  0.319455  0.289193  0.121099  0.487619  0.343667  0.300516  0.303252  0.283822  0.664971  0.329242  0.287250  0.336391  0.770601  0.339354  0.311162  0.319164  0.758697  0.249997  0.213067  0.296291  0.290361  0.299447  0.433687  0.312576  0.288714  0.301026  0.309963  0.294938  0.316985  0.120178  0.331400  0.319335  0.185153  0.284282  0.524961  0.196316  0.562052  0.269364  0.118205  0.258725  0.322231  0.290001  0.311490  0.173841  0.305502  0.305195  0.356475  0.345032  0.291127  0.311592  0.326508  0.283220  0.318784  0.412451  0.277099  0.295808  0.179600  0.304074  0.321517  0.300965  0.303821  0.324202  0.274325  0.317155  0.289794  0.321012  0.287657  0.322031  0.310738  0.314631  0.341239  0.664044  0.272911  0.326985  0.334134  0.301647  0.256739  0.277741  0.318292  0.293545  0.119885  0.294260  0.246555  0.259233  0.306933  0.681175  0.743170  0.335973  0.245067  0.322999  0.286507  0.772445  0.346994  0.312427  0.317104  0.296999  0.308859  0.281154  0.348797  0.759299  0.313541  0.624082  0.305971  0.286409  0.287985  0.305327  0.694913  0.296486  0.296946  0.270471  0.314780  0.282955  0.315541  0.294193  0.332460  0.299044  0.301416  0.455901  0.326289  0.302029  0.344660  0.323236  0.112749  0.302777  0.316406  0.427564  0.308011  0.290352  0.322046  0.311312  0.296368  0.320263  0.315016  0.655172  0.792088  0.303757  0.330946  0.321462  0.577531  0.312795  0.282597  0.291689  0.281144  0.344502  0.292897  0.294048  0.303038  0.265825  0.341319  0.302331  0.314163  0.230434  0.850798  0.290156  0.291571  0.303535  0.764747  0.295064  0.365220  0.303440  0.301561  0.748053  0.304350  0.330706  0.470549  0.290509  0.265538  0.278842  0.739362  0.316276  0.276434  0.465594  0.942526  0.272534  0.859451  0.322241  0.290099  0.276821  0.265632  0.310036  0.339805 
6  0.115697  0.341988  0.381607  0.083305  0.072161  0.123950 0.0  0.316610  0.338049  0.383142  0.806222  0.383915  0.338594  0.320953  0.553241  0.360964  0.306100  0.334624  0.072161  0.533882  0.317408  0.346058  0.391865  0.368118  0.757456  0.396483  0.372520  0.389465  0.741116  0.298148  0.332601  0.357458  0.782927  0.260766  0.190114  0.309886  0.355341  0.390260  0.511101  0.307095  0.406030  0.386486  0.339896  0.349309  0.288363  0.101902  0.337284  0.343109  0.196807  0.360870  0.462887  0.230808  0.445341  0.310737  0.123049  0.352163  0.379782  0.369299  0.293403  0.222383  0.330155  0.294161  0.271172  0.353100  0.343077  0.302488  0.409258  0.319631  0.349017  0.338185  0.341218  0.279434  0.198279  0.354604  0.393655  0.322374  0.316204  0.321917  0.348130  0.355671  0.335723  0.338432  0.335246  0.314340  0.351673  0.379367  0.317031  0.596361  0.350895  0.323684  0.319586  0.348636  0.377969  0.296405  0.337900  0.367452  0.107209  0.313211  0.376154  0.327453  0.366378  0.690372  0.739732  0.352570  0.351425  0.348406  0.300648  0.743062  0.391310  0.348163  0.351769  0.397232  0.340906  0.326937  0.315287  0.805368  0.301050  0.810458  0.292451  0.353598  0.387806  0.379479  0.687101  0.351787  0.334689  0.362341  0.298132  0.353670  0.351127  0.398405  0.343495  0.294766  0.369563  0.446512  0.345903  0.384918  0.321284  0.368500  0.102249  0.355873  0.328712  0.386353  0.398020  0.405731  0.328549  0.353309  0.345464  0.333595  0.312811  0.481833  0.777353  0.305075  0.265853  0.350448  0.592323  0.339401  0.388825  0.325146  0.343063  0.324191  0.353790  0.395282  0.327141  0.308558  0.299907  0.328466  0.356036  0.292596  0.758581  0.306739  0.300792  0.312878  0.826608  0.327294  0.345404  0.306155  0.348581  0.690040  0.315708  0.297119  0.439183  0.358579  0.355081  0.361458  0.745164  0.386102  0.329713  0.543658  0.722657  0.333165  0.793578  0.385176  0.370586  0.345940  0.354666  0.311567  0.352226 
7  0.328525  0.269648  0.080112  0.349808  0.364233  0.332306  0.316610 0.0  0.090604  0.334732  0.683321  0.150097  0.130485  0.145353  0.414130  0.128698  0.206999  0.130499  0.367126  0.456819  0.339242  0.239557  0.144757  0.132991  0.808309  0.129609  0.150531  0.139249  0.791595  0.407835  0.139368  0.128060  0.678583  0.345714  0.200271  0.183146  0.369798  0.366415  0.595984  0.139544  0.133050  0.341528  0.146295  0.207818  0.186567  0.321837  0.185009  0.140590  0.339217  0.133344  0.514094  0.329583  0.567061  0.208563  0.295335  0.381681  0.313837  0.238705  0.340165  0.307390  0.212794  0.151888  0.145849  0.128676  0.139685  0.148952  0.144967  0.227244  0.262557  0.470629  0.148161  0.196303  0.201645  0.215590  0.246497  0.135978  0.397850  0.346845  0.129803  0.133756  0.130917  0.143963  0.300352  0.299419  0.345893  0.141150  0.144735  0.727616  0.135427  0.142539  0.141063  0.141200  0.136485  0.149372  0.137767  0.137424  0.302749  0.304548  0.137215  0.129432  0.324942  0.762121  0.693896  0.282764  0.141694  0.091192  0.345392  0.785901  0.353188  0.356312  0.141347  0.353342  0.096247  0.129932  0.136152  0.724086  0.151927  0.723363  0.091331  0.136040  0.179923  0.345759  0.739143  0.133859  0.137638  0.312140  0.134867  0.376975  0.137540  0.385439  0.137739  0.333329  0.138748  0.420498  0.128357  0.335300  0.131694  0.115880  0.363796  0.151189  0.100042  0.468866  0.147038  0.145467  0.188493  0.324450  0.220059  0.267862  0.187356  0.614713  0.726723  0.155049  0.126157  0.144957  0.638407  0.140243  0.135585  0.148561  0.141159  0.139627  0.136411  0.145641  0.134998  0.143766  0.126721  0.143359  0.321566  0.249521  0.856140  0.360973  0.147730  0.351136  0.738556  0.145542  0.144465  0.136761  0.126346  0.757149  0.103913  0.111631  0.514944  0.122349  0.139733  0.345551  0.822204  0.135316  0.138738  0.575659  0.747598  0.321125  0.727360  0.134339  0.348381  0.139675  0.206658  0.368496  0.142436 
8  0.322137  0.259622  0.095821  0.398335  0.367451  0.322463  0.338049  0.090604 0.0  0.376272  0.798950  0.142718  0.132136  0.141172  0.501558  0.147911  0.196808  0.141380  0.343616  0.465342  0.345906  0.223455  0.130772  0.140244  0.721577  0.151142  0.148104  0.135299  0.778355  0.309307  0.141236  0.135976  0.727835  0.339806  0.198524  0.189105  0.359097  0.303654  0.464362  0.148520  0.138088  0.372593  0.146347  0.223920  0.183926  0.308240  0.173645  0.133872  0.279722  0.147394  0.520669  0.333337  0.527229  0.192275  0.309981  0.308857  0.340520  0.228899  0.317350  0.373031  0.212198  0.132860  0.148844  0.129605  0.146267  0.142575  0.128755  0.192376  0.238927  0.463529  0.125686  0.170348  0.215163  0.249441  0.242265  0.140905  0.324098  0.350650  0.132739  0.144710  0.151178  0.144976  0.345422  0.305946  0.358729  0.145856  0.124451  0.623037  0.136229  0.146532  0.137953  0.149261  0.125506  0.143914  0.138049  0.128226  0.384167  0.377809  0.132968  0.143235  0.342531  0.736550  0.701707  0.383555  0.146759  0.072161  0.337861  0.833176  0.327442  0.401602  0.139277  0.402595  0.079622  0.144436  0.137433  0.892641  0.143875  0.684876  0.072161  0.134507  0.182087  0.374265  0.831876  0.128789  0.135249  0.393384  0.135980  0.375668  0.141897  0.342782  0.141628  0.327369  0.142644  0.441982  0.146753  0.351176  0.136192  0.120300  0.382612  0.148887  0.096752  0.404897  0.141909  0.137894  0.203872  0.330732  0.208440  0.237406  0.190157  0.627831  0.690262  0.142404  0.154154  0.133733  0.636815  0.135115  0.135201  0.133625  0.142212  0.141919  0.132369  0.145066  0.145150  0.135468  0.143723  0.147981  0.348457  0.295835  0.758663  0.281458  0.134456  0.348652  0.747777  0.141580  0.143683  0.148162  0.138786  0.543877  0.099508  0.121944  0.464691  0.118604  0.136650  0.333849  0.759420  0.153257  0.131274  0.501238  0.622930  0.286985  0.906584  0.147583  0.384576  0.147129  0.219120  0.308014  0.144127 
9  0.293386  0.348583  0.397757  0.435787  0.387535  0.269234  0.383142  0.334732  0.376272 0.0  0.847645  0.379056  0.366684  0.419256  0.531369  0.356522  0.294394  0.365773  0.363310  0.454679  0.286760  0.375408  0.362942  0.410295  0.648881  0.353920  0.345475  0.302374  0.732644  0.264458  0.363706  0.377615  0.891281  0.169205  0.187499  0.329384  0.261406  0.240950  0.542870  0.388572  0.419432  0.173757  0.334491  0.359626  0.283983  0.324371  0.291347  0.310390  0.269914  0.360848  0.594176  0.326495  0.490229  0.305785  0.280911  0.120046  0.122839  0.346786  0.312103  0.309285  0.348098  0.383466  0.366469  0.323893  0.381980  0.344114  0.348518  0.280598  0.376788  0.468084  0.275235  0.334864  0.190139  0.334348  0.356440  0.366746  0.230750  0.230073  0.367066  0.360974  0.377501  0.421607  0.227074  0.243454  0.245034  0.333867  0.418481  0.706222  0.340793  0.346765  0.372622  0.327517  0.354603  0.334423  0.360021  0.352953  0.324251  0.139555  0.410071  0.334173  0.084581  0.698054  0.645572  0.081067  0.370758  0.381190  0.171355  0.738025  0.200505  0.118218  0.357693  0.084740  0.351699  0.340449  0.375701  0.848994  0.277399  0.739230  0.330522  0.363248  0.412042  0.279840  0.738962  0.407199  0.352256  0.169287  0.331693  0.083319  0.342750  0.245642  0.408643  0.106214  0.444903  0.392125  0.392243  0.122600  0.368462  0.397585  0.379684  0.337863  0.311222  0.396539  0.310524  0.316461  0.349469  0.127753  0.316608  0.332971  0.312405  0.659165  0.902373  0.358805  0.381037  0.368702  0.649218  0.374056  0.367694  0.373872  0.357171  0.345588  0.365767  0.373423  0.340491  0.335788  0.358771  0.385343  0.160949  0.274928  0.612061  0.266627  0.390749  0.235039  0.757832  0.358244  0.351300  0.349036  0.341227  0.637306  0.293934  0.327742  0.488544  0.338339  0.313916  0.182637  0.794628  0.370474  0.368098  0.448046  0.735169  0.260269  0.724940  0.345613  0.215441  0.288623  0.351289  0.118399  0.419686 
10  0.710488  0.743699  0.702832  0.754932  0.823160  0.799709  0.806222  0.683321  0.798950  0.847645 0.0  0.846915  0.800837  0.731448  0.739263  0.892784  0.662504  0.760675  0.800361  0.861209  0.790944  0.747644  0.708455  0.857432  0.483162  0.759329  0.735891  0.652173  0.456461  0.894029  0.768915  0.770023  0.487083  0.776029  0.734537  0.842543  0.850800  0.719183  0.699234  0.732380  0.890262  0.866935  0.717817  0.744067  0.726918  0.747352  0.724636  0.774229  0.756288  0.872109  0.667692  0.688558  0.711180  0.760099  0.815565  0.643775  0.766624  0.707523  0.728121  0.713387  0.711667  0.763197  0.711294  0.817177  0.813823  0.864397  0.740113  0.756216  0.658253  0.688680  0.772881  0.694659  0.774907  0.584361  0.896409  0.708070  0.796942  0.763593  0.766996  0.791826  0.704130  0.899402  0.732051  0.794429  0.768839  0.718007  0.741137  0.641002  0.685894  0.746174  0.816786  0.929495  0.851167  0.799243  0.849791  0.785049  0.689198  0.654427  0.951398  0.802316  0.757006  0.463225  0.079159  0.725180  0.734000  0.844872  0.698628  0.213398  0.700693  0.851969  0.787986  0.644689  0.851323  0.867470  0.844677  0.080228  0.739227  0.080753  0.766221  0.751477  0.750771  0.774981  0.780152  0.787365  0.844541  0.694653  0.891309  0.824160  0.763285  0.814627  0.797176  0.781903  0.816371  0.678798  0.673696  0.736050  0.712104  0.705168  0.797521  0.720340  0.870476  0.540908  0.768644  0.658211  0.765218  0.626246  0.724987  0.765365  0.684306  0.612143  0.740192  0.735050  0.629321  0.713993  0.611695  0.710834  0.861388  0.751919  0.710227  0.807855  0.848268  0.851143  0.737651  0.739026  0.810300  0.761557  0.698805  0.814757  0.290823  0.780891  0.719308  0.820042  0.123290  0.683558  0.675207  0.770934  0.818047  0.647332  0.712314  0.711439  0.586329  0.801876  0.760703  0.740622  0.089854  0.798887  0.809665  0.668401  0.521684  0.795252  0.079746  0.639903  0.896389  0.719553  0.768356  0.916571  0.856695 
11  0.290531  0.210428  0.139493  0.399809  0.354228  0.371283  0.383915  0.150097  0.142718  0.379056  0.846915 0.0  0.092634  0.112210  0.535463  0.113124  0.209633  0.081042  0.367203  0.425067  0.424115  0.195619  0.079362  0.094375  0.808229  0.091166  0.090894  0.080427  0.734353  0.284950  0.115757  0.111971  0.632536  0.328655  0.202475  0.177187  0.304149  0.341438  0.553977  0.094119  0.089469  0.369489  0.080228  0.215854  0.167623  0.361430  0.184677  0.111450  0.324740  0.080672  0.533027  0.296895  0.522618  0.201832  0.328170  0.317509  0.302175  0.228885  0.305737  0.349442  0.253536  0.109080  0.114287  0.111590  0.108158  0.114201  0.094135  0.180983  0.243085  0.441457  0.114072  0.188585  0.180386  0.237505  0.245782  0.110469  0.337116  0.395614  0.104040  0.109277  0.111349  0.117100  0.311408  0.268780  0.349351  0.108991  0.113084  0.597948  0.114569  0.111599  0.116464  0.081138  0.092440  0.109776  0.110773  0.092792  0.341488  0.364551  0.114045  0.116937  0.338857  0.704927  0.768920  0.355070  0.090358  0.139766  0.355565  0.809212  0.362223  0.325063  0.091569  0.326679  0.131454  0.089958  0.107792  0.721472  0.118516  0.726591  0.139120  0.079776  0.165408  0.361813  0.714484  0.111290  0.115612  0.297873  0.113048  0.390210  0.092446  0.315611  0.110780  0.301376  0.108826  0.512791  0.096550  0.315550  0.110939  0.125564  0.363840  0.105786  0.095335  0.422220  0.101585  0.092339  0.224350  0.320017  0.212484  0.203346  0.263600  0.603425  0.841850  0.108462  0.111668  0.117093  0.608239  0.111691  0.105197  0.116606  0.112968  0.117323  0.091760  0.094208  0.112561  0.107020  0.112264  0.103950  0.378249  0.263408  0.850532  0.326427  0.109099  0.349012  0.824914  0.108139  0.112042  0.113022  0.091726  0.549353  0.102208  0.124485  0.447978  0.117036  0.114289  0.370756  0.691135  0.109539  0.110081  0.468034  0.726874  0.344031  0.750461  0.108107  0.358449  0.116114  0.225315  0.302451  0.110928 
12  0.339737  0.257479  0.143096  0.363393  0.366882  0.302728  0.338594  0.130485  0.132136  0.366684  0.800837  0.092634 0.0  0.111119  0.551553  0.105564  0.184062  0.091372  0.403328  0.468564  0.349186  0.194370  0.092381  0.080616  0.661363  0.079888  0.082027  0.091899  0.804925  0.333559  0.111401  0.107851  0.712300  0.391484  0.202981  0.171779  0.351276  0.358957  0.554074  0.092612  0.080186  0.340567  0.091444  0.223836  0.171028  0.365525  0.198195  0.105349  0.317855  0.092763  0.439029  0.325848  0.496415  0.190668  0.264657  0.394448  0.281031  0.230248  0.330925  0.362263  0.217863  0.110740  0.110512  0.108659  0.112411  0.108434  0.091534  0.194060  0.258079  0.460495  0.114752  0.190699  0.198833  0.221883  0.221455  0.116037  0.316507  0.331156  0.116029  0.116461  0.115949  0.109061  0.297016  0.310274  0.391774  0.114361  0.106285  0.674820  0.113087  0.108239  0.114520  0.093021  0.081966  0.112473  0.109934  0.078905  0.338868  0.355128  0.111784  0.111386  0.341945  0.759641  0.717852  0.362558  0.093008  0.138576  0.335505  0.777485  0.408354  0.355016  0.080868  0.361140  0.124340  0.080346  0.106392  0.738538  0.108779  0.785283  0.132899  0.091917  0.175594  0.393408  0.710617  0.110088  0.109130  0.361810  0.110509  0.328193  0.080781  0.367655  0.111993  0.314051  0.115431  0.410883  0.093579  0.347236  0.110351  0.117638  0.415279  0.108191  0.101364  0.466920  0.098576  0.081725  0.224142  0.323575  0.218805  0.239170  0.248219  0.646665  0.765357  0.111580  0.108394  0.109398  0.690810  0.106949  0.110963  0.111760  0.113107  0.116286  0.081362  0.093342  0.114970  0.107713  0.114588  0.110592  0.362517  0.249418  0.916258  0.368333  0.111859  0.297224  0.779057  0.117099  0.109636  0.110697  0.080633  0.696568  0.109490  0.116435  0.476604  0.119010  0.107049  0.421528  0.750165  0.114062  0.114982  0.446120  0.682792  0.317466  0.792185  0.111869  0.371631  0.112971  0.232633  0.393769  0.108717 
13  0.309268  0.237869  0.147023  0.381102  0.340264  0.277455  0.320953  0.145353  0.141172  0.419256  0.731448  0.112210  0.111119 0.0  0.511146  0.079530  0.189506  0.111398  0.379229  0.449434  0.359295  0.224095  0.109870  0.111203  0.753667  0.111925  0.117937  0.105078  0.683581  0.341957  0.091961  0.093529  0.796732  0.337287  0.193604  0.184470  0.358952  0.286684  0.562391  0.114555  0.110221  0.361132  0.114954  0.213404  0.178562  0.347553  0.188448  0.094093  0.285711  0.108768  0.531142  0.309399  0.460916  0.206730  0.287020  0.327707  0.346327  0.196230  0.286217  0.328809  0.216112  0.092914  0.094007  0.091744  0.080268  0.094352  0.112172  0.183960  0.261982  0.461656  0.086265  0.175552  0.211431  0.256813  0.201170  0.091637  0.291686  0.371492  0.093946  0.093630  0.094124  0.093022  0.347096  0.286615  0.330906  0.090407  0.094594  0.623299  0.089961  0.089659  0.091781  0.115896  0.116120  0.081574  0.090904  0.101474  0.296273  0.351381  0.088691  0.093173  0.323528  0.700987  0.931127  0.360207  0.108026  0.149767  0.357093  0.843053  0.336304  0.347277  0.112250  0.379728  0.148257  0.116006  0.093484  0.715634  0.097373  0.949132  0.139399  0.115115  0.187949  0.386971  0.922708  0.093933  0.096617  0.330759  0.091528  0.378659  0.108245  0.344255  0.091366  0.331120  0.094716  0.447662  0.107459  0.373018  0.090917  0.119354  0.336331  0.091868  0.101741  0.432403  0.098237  0.117328  0.222556  0.337392  0.201706  0.209756  0.213930  0.606450  0.811021  0.093724  0.089438  0.088212  0.611933  0.090831  0.092044  0.093246  0.090158  0.096620  0.117705  0.116506  0.090578  0.094081  0.093336  0.089264  0.360726  0.299707  0.778407  0.376707  0.091635  0.309340  0.761110  0.092645  0.090781  0.095071  0.104618  0.680492  0.105849  0.129062  0.504857  0.117443  0.095563  0.420857  0.831559  0.093415  0.092298  0.418284  0.820352  0.346422  0.654520  0.089417  0.313591  0.093422  0.228706  0.311455  0.093485 
14  0.499205  0.527730  0.529552  0.478364  0.489292  0.460724  0.553241  0.414130  0.501558  0.531369  0.739263  0.535463  0.551553  0.511146 0.0  0.498662  0.499204  0.506254  0.431011  0.279713  0.520588  0.485678  0.538012  0.505118  0.605322  0.548424  0.442690  0.532367  0.740326  0.486272  0.518901  0.508335  0.683867  0.512566  0.402378  0.449194  0.510103  0.472859  0.347276  0.482436  0.511881  0.540206  0.482743  0.500806  0.455725  0.571062  0.520066  0.593790  0.505743  0.472825  0.331022  0.442999  0.325685  0.428560  0.450545  0.503025  0.477711  0.423600  0.571406  0.502498  0.523274  0.435754  0.458294  0.429234  0.441930  0.483674  0.452012  0.427351  0.486636  0.390167  0.369690  0.469654  0.427392  0.473130  0.512236  0.530287  0.552238  0.569242  0.509307  0.444907  0.493691  0.545058  0.511273  0.505192  0.518546  0.466403  0.482552  0.625872  0.521214  0.597670  0.628893  0.489962  0.463433  0.527461  0.514287  0.541382  0.532312  0.521379  0.561503  0.524583  0.581820  0.789215  0.803105  0.526114  0.551514  0.464772  0.540591  0.747459  0.531286  0.513033  0.588124  0.439249  0.450183  0.516296  0.451379  0.658314  0.518643  0.735013  0.481606  0.498792  0.534064  0.490195  0.773486  0.467657  0.534240  0.463450  0.491303  0.540647  0.430199  0.487018  0.606630  0.498162  0.502732  0.261960  0.565262  0.520060  0.575274  0.518624  0.503908  0.471735  0.389288  0.273797  0.527230  0.506835  0.494554  0.444200  0.459524  0.483102  0.514846  0.571048  0.788848  0.470809  0.375182  0.436030  0.603328  0.467318  0.476310  0.463393  0.535433  0.509162  0.462019  0.508426  0.544365  0.530596  0.579408  0.482114  0.511077  0.435733  0.798745  0.570044  0.516280  0.540567  0.718038  0.501637  0.518622  0.484711  0.476412  0.578436  0.493237  0.443523  0.103038  0.530185  0.508298  0.455906  0.784564  0.558734  0.527162  0.396722  0.705487  0.363866  0.639236  0.497149  0.539740  0.538330  0.485260  0.523272  0.493334 
15  0.280287  0.240719  0.137135  0.337569  0.324546  0.304725  0.360964  0.128698  0.147911  0.356522  0.892784  0.113124  0.105564  0.079530  0.498662 0.0  0.188698  0.116369  0.329785  0.501051  0.363589  0.229192  0.110980  0.113589  0.783204  0.108723  0.113348  0.108002  0.738690  0.358352  0.087925  0.091019  0.740401  0.348013  0.201654  0.196329  0.378477  0.291842  0.462193  0.107777  0.110878  0.373101  0.110171  0.236534  0.184985  0.323379  0.193790  0.089411  0.303311  0.106762  0.525561  0.322208  0.557359  0.162452  0.283964  0.331605  0.341659  0.235350  0.313012  0.363534  0.219093  0.090256  0.093663  0.089728  0.079883  0.093121  0.116312  0.186756  0.252397  0.447935  0.095257  0.184866  0.190250  0.233765  0.234865  0.093647  0.406030  0.347730  0.090754  0.094244  0.093572  0.094635  0.343033  0.335881  0.335163  0.088350  0.091443  0.664682  0.092189  0.092193  0.091952  0.104345  0.109535  0.081472  0.092922  0.108740  0.359245  0.321803  0.090754  0.092580  0.321255  0.750577  0.689831  0.353770  0.117207  0.133534  0.360277  0.799900  0.360865  0.301942  0.105859  0.374195  0.134000  0.120363  0.092846  0.758474  0.093037  0.845811  0.150874  0.113084  0.164686  0.360944  0.776286  0.090306  0.092999  0.375893  0.092015  0.341177  0.105015  0.363113  0.090781  0.332848  0.091296  0.497855  0.111113  0.316283  0.093091  0.126084  0.323655  0.091964  0.101245  0.480446  0.090970  0.106333  0.230544  0.347520  0.213574  0.244727  0.199258  0.593157  0.817980  0.091902  0.090438  0.095231  0.620680  0.089921  0.089982  0.093559  0.091068  0.091246  0.109845  0.111758  0.093980  0.094663  0.094652  0.095591  0.345709  0.302520  0.646097  0.327097  0.091649  0.309277  0.812681  0.091966  0.093067  0.091694  0.113333  0.655033  0.102156  0.122423  0.504455  0.126346  0.088063  0.290601  0.754431  0.095494  0.092556  0.411944  0.763909  0.309113  0.765010  0.092149  0.335470  0.090758  0.214137  0.368178  0.095628 
16  0.311304  0.182115  0.198979  0.323711  0.332659  0.319455  0.306100  0.206999  0.196808  0.294394  0.662504  0.209633  0.184062  0.189506  0.499204  0.188698 0.0  0.165103  0.321938  0.542970  0.289239  0.200277  0.177903  0.198453  0.651643  0.169251  0.208819  0.177577  0.788217  0.346800  0.202939  0.201323  0.716966  0.288404  0.182323  0.177276  0.268156  0.294904  0.449390  0.186965  0.186981  0.311430  0.172260  0.196416  0.200789  0.324986  0.205859  0.190114  0.319752  0.188212  0.492413  0.315546  0.524102  0.122164  0.358846  0.296333  0.322407  0.182185  0.281564  0.339415  0.110319  0.190549  0.176171  0.190943  0.213351  0.205126  0.177319  0.201471  0.196873  0.448893  0.203927  0.196941  0.187816  0.181880  0.172649  0.195253  0.324166  0.303459  0.209562  0.153122  0.194308  0.196800  0.320626  0.299682  0.290680  0.209346  0.198281  0.586170  0.171770  0.187280  0.189019  0.188958  0.202422  0.183188  0.179197  0.208660  0.272073  0.262585  0.214530  0.191116  0.258746  0.858389  0.796313  0.300949  0.188244  0.190649  0.312782  0.778309  0.313162  0.316834  0.186245  0.314968  0.187503  0.184699  0.193889  0.552962  0.193837  0.818497  0.191798  0.193226  0.233312  0.258188  0.601271  0.174589  0.182738  0.298855  0.167966  0.298105  0.193430  0.329227  0.192767  0.338468  0.182071  0.437814  0.202141  0.308509  0.208960  0.205012  0.312193  0.177476  0.183601  0.469656  0.199365  0.188383  0.215574  0.278124  0.178188  0.185557  0.187885  0.654078  0.778658  0.198320  0.208014  0.176161  0.643792  0.204886  0.198903  0.187582  0.180796  0.189143  0.188708  0.188899  0.185053  0.213210  0.195646  0.188533  0.312538  0.242226  0.818532  0.318788  0.181217  0.296922  0.719043  0.200645  0.193727  0.203014  0.224525  0.702152  0.184847  0.180237  0.509462  0.194732  0.232451  0.317471  0.968551  0.216105  0.182847  0.488707  0.732626  0.258922  0.650046  0.183719  0.299028  0.186954  0.203727  0.320961  0.184405 
17  0.301352  0.266625  0.149299  0.336493  0.367674  0.289193  0.334624  0.130499  0.141380  0.365773  0.760675  0.081042  0.091372  0.111398  0.506254  0.116369  0.165103 0.0  0.394510  0.439974  0.331263  0.220165  0.080119  0.092201  0.756853  0.087765  0.093698  0.079387  0.672345  0.336724  0.115470  0.120582  0.798136  0.324694  0.189749  0.206603  0.393534  0.351811  0.430045  0.092873  0.089870  0.399796  0.080158  0.206742  0.193200  0.320724  0.184014  0.113757  0.328429  0.080436  0.506632  0.343553  0.509024  0.218483  0.314023  0.314972  0.328862  0.242689  0.340525  0.329653  0.208553  0.111716  0.112137  0.111625  0.112684  0.111499  0.094424  0.181374  0.228255  0.438030  0.107798  0.191022  0.162605  0.230546  0.259011  0.115912  0.323946  0.352199  0.107832  0.118395  0.111645  0.110953  0.308604  0.297567  0.340168  0.113287  0.113604  0.690190  0.106293  0.114287  0.108839  0.081635  0.088943  0.106366  0.120835  0.089288  0.393183  0.406257  0.112163  0.113651  0.346779  0.749345  0.656201  0.368983  0.091295  0.144284  0.342975  0.765631  0.370140  0.348928  0.092449  0.319843  0.137905  0.092034  0.110280  0.636169  0.112841  0.703442  0.130741  0.079225  0.170251  0.330172  0.804517  0.106249  0.111777  0.274171  0.113815  0.322348  0.092177  0.354694  0.111499  0.344247  0.113602  0.458953  0.095938  0.326961  0.119242  0.122450  0.374193  0.108495  0.104711  0.448204  0.108476  0.095330  0.201494  0.341040  0.199763  0.219683  0.225832  0.598778  0.727413  0.109921  0.117051  0.110157  0.679074  0.104066  0.114430  0.109612  0.109847  0.105854  0.090314  0.092677  0.118337  0.107393  0.110132  0.106890  0.304462  0.262000  0.802014  0.348567  0.106836  0.333425  0.724290  0.107448  0.110334  0.116156  0.091724  0.592408  0.103300  0.130265  0.488083  0.121533  0.109501  0.370067  0.753020  0.110957  0.116983  0.455406  0.846604  0.354314  0.790881  0.113435  0.333982  0.109339  0.211359  0.321720  0.110284 
18  0.111203  0.328166  0.374608  0.084217  0.072161  0.121099  0.072161  0.367126  0.343616  0.363310  0.800361  0.367203  0.403328  0.379229  0.431011  0.329785  0.321938  0.394510 0.0  0.465851  0.334572  0.303773  0.359296  0.429729  0.722120  0.344804  0.388973  0.371901  0.726210  0.359320  0.318367  0.345160  0.757279  0.332355  0.199818  0.312502  0.397841  0.328308  0.527393  0.394710  0.312919  0.382437  0.392959  0.358940  0.279771  0.101595  0.302396  0.328127  0.185013  0.373347  0.546075  0.191383  0.454171  0.274359  0.119916  0.312410  0.345623  0.430250  0.354145  0.204577  0.357503  0.355781  0.312205  0.370964  0.351419  0.342711  0.365222  0.314420  0.343766  0.417474  0.304372  0.281866  0.175196  0.343985  0.343330  0.260524  0.339156  0.322836  0.334331  0.332033  0.364634  0.323882  0.371320  0.266800  0.359844  0.320580  0.375206  0.655479  0.333064  0.327428  0.346993  0.390943  0.276018  0.322833  0.304367  0.338635  0.113281  0.312585  0.299084  0.349925  0.356031  0.810509  0.782078  0.371136  0.382387  0.354510  0.346373  0.772928  0.351448  0.374824  0.332550  0.402569  0.336500  0.354656  0.337385  0.791427  0.359089  0.752057  0.370950  0.384145  0.365450  0.402342  0.643368  0.327367  0.337696  0.346617  0.333296  0.368912  0.380170  0.363610  0.368740  0.353278  0.341386  0.493642  0.366482  0.368997  0.329638  0.363052  0.104267  0.328049  0.364887  0.372196  0.334897  0.350578  0.307525  0.368980  0.309835  0.373126  0.349246  0.647061  0.685530  0.378921  0.371821  0.324747  0.645970  0.331060  0.347022  0.340352  0.398767  0.358710  0.368235  0.390331  0.360395  0.359440  0.326811  0.356078  0.352575  0.273311  0.817819  0.299774  0.367976  0.348480  0.664737  0.374501  0.340130  0.390044  0.342810  0.582413  0.340679  0.376254  0.461352  0.334805  0.286011  0.326232  0.666652  0.341141  0.365604  0.533295  0.765718  0.343809  0.738286  0.352717  0.375299  0.365349  0.339277  0.376308  0.371504 
19  0.444451  0.461345  0.478005  0.511552  0.454434  0.487619  0.533882  0.456819  0.465342  0.454679  0.861209  0.425067  0.468564  0.449434  0.279713  0.501051  0.542970  0.439974  0.465851 0.0  0.448280  0.479261  0.471637  0.494520  0.624549  0.544669  0.543299  0.523032  0.798962  0.497789  0.520956  0.539519  0.769913  0.494077  0.395311  0.424094  0.498454  0.455939  0.118946  0.435041  0.467565  0.442807  0.487095  0.474170  0.474640  0.509677  0.445004  0.460063  0.471724  0.516678  0.188328  0.510236  0.192052  0.497068  0.502936  0.497901  0.534190  0.494216  0.443095  0.525638  0.507048  0.445618  0.480728  0.454804  0.416966  0.439256  0.444409  0.466193  0.439714  0.455736  0.441938  0.506036  0.401155  0.533170  0.400781  0.445836  0.469874  0.458879  0.540576  0.466079  0.488124  0.492856  0.488175  0.476233  0.501243  0.447183  0.438084  0.601493  0.486298  0.546248  0.468443  0.475883  0.499893  0.488685  0.421219  0.515723  0.566838  0.474530  0.489209  0.534106  0.522289  0.828407  0.620482  0.466794  0.469353  0.518722  0.524826  0.737755  0.372132  0.448637  0.497785  0.470269  0.438553  0.520836  0.490233  0.780605  0.477412  0.860973  0.505919  0.434752  0.456014  0.496527  0.641587  0.476317  0.469341  0.439968  0.449471  0.459669  0.435268  0.491362  0.404074  0.509275  0.447390  0.154688  0.495594  0.510596  0.487019  0.484884  0.448001  0.439304  0.430650  0.144144  0.396299  0.481362  0.412509  0.531349  0.476733  0.497288  0.475038  0.607412  0.708221  0.452015  0.475281  0.488507  0.629186  0.480914  0.482251  0.489457  0.473625  0.481165  0.527047  0.399507  0.430489  0.460179  0.538804  0.500738  0.475019  0.531459  0.751002  0.459881  0.484446  0.501388  0.757596  0.534130  0.454470  0.499158  0.496793  0.627677  0.490306  0.408274  0.281349  0.462424  0.441934  0.445360  0.716374  0.378212  0.472113  0.181756  0.822500  0.560825  0.748705  0.440019  0.425712  0.516980  0.485134  0.454312  0.536148 
