197
0 0.0  0.300364  0.315281  0.117348  0.117903  0.124895  0.122795  0.319938  0.301280  0.287903  0.783764  0.281047  0.317667  0.294274  0.478767  0.343603  0.306570  0.297829  0.118507  0.390889  0.280200  0.288450  0.296400  0.279929  0.745817  0.302015  0.323892  0.287141  0.747298  0.336378  0.321297  0.295252  0.729945  0.291608  0.204959  0.283753  0.277606  0.246249  0.411581  0.282438  0.298989  0.314960  0.323695  0.267809  0.286066  0.127489  0.280368  0.313756  0.175792  0.322755  0.463735  0.178309  0.470005  0.300234  0.126493  0.319876  0.294079  0.316763  0.311335  0.199903  0.262947  0.323306  0.318576  0.304741  0.305790  0.328230  0.320784  0.320715  0.298711  0.492392  0.272239  0.363596  0.205368  0.351354  0.296863  0.283686  0.310068  0.307639  0.320886  0.339384  0.263479  0.314527  0.323674  0.307240  0.284880  0.296849  0.264008  0.596726  0.326397  0.301163  0.300421  0.295208  0.316617  0.306144  0.276658  0.306598  0.124049  0.309964  0.321509  0.285659  0.314092  0.639648  0.773233  0.274077  0.314601  0.300431  0.322399  0.764278  0.272855  0.315195  0.314462  0.306690  0.304727  0.304847  0.246744  0.715742  0.301990  0.775561  0.285747  0.304120  0.294895  0.311336  0.710179  0.306289  0.305588  0.291984  0.282421  0.318672  0.314883  0.287074  0.303940  0.323197  0.314080  0.465648  0.310391  0.314497  0.321943  0.283115  0.125336  0.278576  0.287326  0.378153  0.314934  0.263034  0.302944  0.298347  0.319943  0.293612  0.282100  0.598572  0.700266  0.297913  0.295246  0.334197  0.629499  0.288487  0.290960  0.307842  0.307849  0.266595  0.312372  0.294644  0.281009  0.324537  0.320145  0.300199  0.279740  0.272474  0.807320  0.267281  0.285724  0.306553  0.720368  0.289521  0.312003  0.331286  0.288455  0.688843  0.236967  0.289469  0.562279  0.265996  0.296929  0.304686  0.710657  0.288970  0.295533  0.461512  0.642571  0.314341  0.745675  0.310125  0.302288  0.263853  0.312043  0.304487  0.299241 
1  0.300364 0.0  0.253449  0.322310  0.337563  0.270167  0.344072  0.242461  0.261788  0.319478  0.768414  0.248480  0.243692  0.240855  0.504371  0.234845  0.174751  0.262798  0.309266  0.431506  0.357201  0.227605  0.248420  0.223146  0.700096  0.240128  0.258860  0.248807  0.607117  0.350243  0.192751  0.239402  0.598801  0.377861  0.187586  0.196587  0.342878  0.377893  0.465793  0.258218  0.220952  0.360871  0.217545  0.211010  0.194944  0.292032  0.192650  0.246165  0.326556  0.263835  0.481113  0.318471  0.479498  0.193985  0.319692  0.324219  0.352720  0.126285  0.344779  0.345005  0.206540  0.251532  0.242508  0.245298  0.222034  0.213413  0.228582  0.203189  0.244828  0.453247  0.234038  0.208090  0.201500  0.243226  0.120437  0.226416  0.341284  0.278136  0.253029  0.233536  0.230513  0.193886  0.303643  0.302965  0.305907  0.238060  0.229692  0.632803  0.227588  0.231576  0.261907  0.237396  0.244256  0.233733  0.222336  0.237474  0.342841  0.367229  0.241923  0.216652  0.341727  0.699531  0.738982  0.348652  0.242107  0.278936  0.323375  0.758981  0.351579  0.326657  0.257908  0.319414  0.274310  0.218564  0.227219  0.692731  0.234730  0.640933  0.250409  0.263194  0.233877  0.346969  0.679243  0.245340  0.224372  0.356352  0.235045  0.329574  0.250842  0.311318  0.226378  0.303078  0.234401  0.366211  0.238637  0.321029  0.192493  0.222203  0.321483  0.225429  0.213829  0.457349  0.226274  0.263702  0.215276  0.362277  0.112220  0.123331  0.205590  0.680194  0.775196  0.232069  0.233945  0.214764  0.621240  0.224928  0.242937  0.239659  0.240789  0.253987  0.260454  0.283395  0.223994  0.201593  0.261999  0.221215  0.278360  0.288480  0.648681  0.328732  0.244755  0.358954  0.754282  0.212728  0.209306  0.230595  0.257358  0.634008  0.201187  0.231785  0.558432  0.232305  0.215300  0.318175  0.743910  0.242906  0.260165  0.548233  0.763108  0.341996  0.688911  0.235562  0.393435  0.218290  0.219541  0.337184  0.225599 
2  0.315281  0.253449 0.0  0.308325  0.350480  0.336827  0.378445  0.083958  0.094985  0.319418  0.881375  0.137699  0.140858  0.139152  0.533653  0.146136  0.189871  0.136017  0.353863  0.467307  0.363282  0.246827  0.135966  0.140548  0.773026  0.144823  0.127653  0.135289  0.683712  0.325392  0.143722  0.129135  0.695414  0.348310  0.205010  0.186903  0.309052  0.355113  0.474224  0.137982  0.147476  0.306379  0.141658  0.223717  0.207812  0.334666  0.183580  0.143003  0.312861  0.146766  0.464082  0.311576  0.493780  0.176987  0.264417  0.353860  0.375033  0.214221  0.275523  0.329643  0.230042  0.133237  0.144415  0.139496  0.148981  0.146672  0.140409  0.175829  0.240716  0.460728  0.142558  0.215859  0.213004  0.240998  0.228851  0.146677  0.277742  0.328687  0.142004  0.133442  0.148087  0.140922  0.357670  0.300897  0.356570  0.145897  0.132743  0.608192  0.149558  0.139202  0.151854  0.142125  0.145152  0.138997  0.135444  0.145775  0.323484  0.381758  0.135970  0.143641  0.339285  0.842041  0.901584  0.332572  0.154051  0.094905  0.364904  0.902343  0.339478  0.357274  0.137962  0.346787  0.094496  0.133224  0.138769  0.708295  0.141855  0.848887  0.094237  0.124708  0.180646  0.308833  0.759398  0.129066  0.130943  0.359518  0.134267  0.395082  0.138484  0.326942  0.145037  0.318729  0.142511  0.473439  0.138157  0.339996  0.138521  0.116153  0.340453  0.143744  0.104965  0.426869  0.136014  0.135165  0.212139  0.330685  0.224109  0.246993  0.225026  0.592841  0.828476  0.127416  0.146990  0.134399  0.592270  0.140529  0.151631  0.133285  0.150207  0.135890  0.139012  0.153472  0.150995  0.150449  0.129157  0.135293  0.323619  0.257942  0.735274  0.345992  0.146176  0.372513  0.649835  0.149624  0.142491  0.130734  0.147976  0.730695  0.103518  0.125240  0.424278  0.119442  0.145757  0.343897  0.769850  0.141440  0.149222  0.580950  0.749226  0.390217  0.738381  0.144397  0.368954  0.140677  0.243394  0.289711  0.140134 
3  0.117348  0.322310  0.308325 0.0  0.085249  0.120193  0.089286  0.360968  0.355807  0.299903  0.803064  0.324469  0.334572  0.332737  0.467086  0.337413  0.289117  0.366702  0.088108  0.461902  0.326970  0.302431  0.316190  0.330369  0.709828  0.385886  0.338886  0.380296  0.773033  0.358562  0.328101  0.337708  0.625464  0.336114  0.187862  0.296480  0.350505  0.328951  0.492455  0.363684  0.333857  0.346998  0.367990  0.345318  0.323748  0.103512  0.280026  0.322987  0.172540  0.401939  0.499066  0.244716  0.502037  0.305727  0.119432  0.277994  0.295333  0.330458  0.312123  0.206116  0.280788  0.317487  0.346012  0.346451  0.364318  0.348606  0.320575  0.311727  0.330774  0.472708  0.338247  0.327509  0.161504  0.329663  0.354520  0.328251  0.377842  0.303511  0.325857  0.343110  0.291825  0.332149  0.334240  0.308618  0.342977  0.349108  0.336518  0.687571  0.352085  0.320249  0.319786  0.366934  0.356211  0.310357  0.338600  0.400265  0.121193  0.327438  0.353784  0.292868  0.335750  0.847795  0.675134  0.343324  0.326207  0.302664  0.359054  0.736077  0.349312  0.294522  0.338277  0.331125  0.331025  0.399256  0.313806  0.673733  0.299579  0.799360  0.258974  0.403689  0.322324  0.286118  0.720183  0.354382  0.339063  0.352299  0.357586  0.338721  0.345375  0.327556  0.304890  0.339960  0.363097  0.447142  0.358417  0.365091  0.336701  0.347609  0.109718  0.379172  0.365171  0.450363  0.334559  0.345970  0.336091  0.319680  0.317844  0.331059  0.333662  0.502136  0.766449  0.361086  0.346426  0.278869  0.631739  0.385534  0.355751  0.349696  0.337184  0.353077  0.312644  0.349665  0.333837  0.281512  0.364256  0.276456  0.308604  0.274768  0.650007  0.367741  0.376413  0.320713  0.839056  0.323079  0.340720  0.287256  0.370133  0.626841  0.295183  0.274406  0.483986  0.359166  0.309619  0.358951  0.653510  0.373078  0.348966  0.476176  0.831441  0.340411  0.740482  0.356507  0.342926  0.317591  0.361395  0.338422  0.343955 
4  0.117903  0.337563  0.350480  0.085249 0.0  0.121071  0.075781  0.355677  0.368162  0.353152  0.751571  0.302959  0.357295  0.330115  0.483194  0.329629  0.288179  0.343462  0.075781  0.450226  0.337044  0.329985  0.362641  0.378269  0.793617  0.356803  0.305132  0.352166  0.636730  0.346270  0.352662  0.334273  0.657958  0.376565  0.199256  0.280190  0.366047  0.353003  0.458678  0.343492  0.328687  0.340013  0.342324  0.293711  0.314048  0.103621  0.294868  0.316053  0.206447  0.336024  0.518401  0.210307  0.395811  0.328316  0.113940  0.301858  0.340516  0.345685  0.338181  0.191228  0.297587  0.381445  0.328186  0.366560  0.293731  0.350019  0.357563  0.332749  0.347430  0.455301  0.320112  0.332292  0.190473  0.307111  0.315838  0.310859  0.366224  0.337249  0.335822  0.366427  0.344452  0.332361  0.367852  0.304719  0.343521  0.302733  0.391039  0.604037  0.286254  0.339956  0.325314  0.313605  0.341836  0.296746  0.320822  0.350108  0.118766  0.402277  0.317948  0.364187  0.372983  0.676518  0.593200  0.305527  0.306845  0.372476  0.334113  0.714082  0.363093  0.376690  0.341407  0.347744  0.355221  0.313602  0.311635  0.695393  0.330128  0.703670  0.338683  0.358309  0.333029  0.330589  0.686201  0.327052  0.323021  0.365377  0.307202  0.323574  0.340584  0.377035  0.305044  0.307441  0.373403  0.405870  0.334884  0.305908  0.308074  0.336750  0.106214  0.359333  0.328166  0.445392  0.339797  0.322136  0.318373  0.334938  0.347304  0.299179  0.310001  0.543636  0.661989  0.298665  0.328536  0.354811  0.553384  0.368140  0.337386  0.324801  0.301189  0.309474  0.368469  0.296562  0.324558  0.322593  0.322835  0.341583  0.326424  0.262103  0.707570  0.347661  0.331634  0.302359  0.778816  0.309423  0.355860  0.312567  0.309231  0.580626  0.346306  0.366277  0.448837  0.323344  0.321921  0.371666  0.783166  0.340107  0.407754  0.551356  0.803689  0.358731  0.806915  0.399568  0.400055  0.369475  0.315261  0.313984  0.332917 
5  0.124895  0.270167  0.336827  0.120193  0.121071 0.0  0.116711  0.295048  0.307933  0.287988  0.654905  0.320769  0.304804  0.261848  0.465030  0.288368  0.297002  0.312440  0.120568  0.472452  0.293085  0.338157  0.327322  0.295526  0.680866  0.267003  0.282423  0.270104  0.711227  0.301657  0.323545  0.265826  0.692154  0.293958  0.207863  0.294118  0.324167  0.309105  0.429228  0.323384  0.305119  0.278537  0.280409  0.297901  0.354277  0.116609  0.278787  0.312454  0.174395  0.326157  0.478274  0.194822  0.554440  0.318936  0.119702  0.290152  0.292439  0.271957  0.296779  0.210037  0.320790  0.332125  0.322993  0.313564  0.309673  0.295527  0.279334  0.310672  0.279148  0.447743  0.296471  0.312507  0.187127  0.280313  0.256710  0.240439  0.335320  0.287956  0.307388  0.293012  0.328854  0.298837  0.281193  0.304113  0.290122  0.299000  0.307830  0.613504  0.327947  0.347249  0.366411  0.321132  0.315595  0.292861  0.271312  0.306328  0.121927  0.324052  0.301918  0.322203  0.337722  0.704058  0.935754  0.345220  0.300818  0.312668  0.302588  0.668100  0.310987  0.275928  0.298566  0.280171  0.279524  0.275954  0.313275  0.769268  0.294098  0.730722  0.253176  0.264895  0.286531  0.275077  0.699438  0.282996  0.279390  0.272735  0.289337  0.294307  0.330862  0.275398  0.270164  0.252696  0.321633  0.423436  0.296658  0.281697  0.310027  0.294228  0.122714  0.338776  0.312996  0.507983  0.273438  0.287758  0.292067  0.327557  0.301917  0.260002  0.291525  0.713206  0.794266  0.314616  0.288380  0.328035  0.673976  0.291423  0.288064  0.306896  0.310448  0.300695  0.293212  0.308393  0.312819  0.307355  0.302987  0.319311  0.318632  0.231838  0.624255  0.308276  0.288782  0.268092  0.674384  0.335104  0.306881  0.344280  0.293814  0.645349  0.292954  0.305348  0.454439  0.269799  0.285552  0.314213  0.786194  0.323975  0.311797  0.531161  0.733526  0.307604  0.668766  0.291913  0.323448  0.302577  0.316405  0.225518  0.305922 
6  0.122795  0.344072  0.378445  0.089286  0.075781  0.116711 0.0  0.339869  0.333007  0.304218  0.609411  0.363022  0.345676  0.294549  0.515792  0.357331  0.358344  0.371948  0.075781  0.450920  0.327260  0.334351  0.393175  0.331460  0.747411  0.360883  0.319891  0.362444  0.680576  0.345841  0.289911  0.316457  0.643225  0.321039  0.209829  0.291412  0.372418  0.358143  0.462391  0.331188  0.422391  0.359419  0.312592  0.325584  0.320728  0.104660  0.308484  0.301623  0.184319  0.345651  0.491287  0.212264  0.493528  0.323872  0.127617  0.332857  0.347836  0.311673  0.369183  0.206901  0.344084  0.307466  0.321507  0.343639  0.337422  0.298344  0.374185  0.299285  0.372321  0.390874  0.305005  0.274952  0.193257  0.357108  0.377834  0.345366  0.366542  0.374619  0.301224  0.369988  0.342233  0.324659  0.352432  0.309260  0.322562  0.317400  0.320447  0.651707  0.318833  0.353398  0.314591  0.319709  0.370477  0.349535  0.343376  0.380650  0.121218  0.380994  0.345583  0.325179  0.334491  0.722613  0.748246  0.354521  0.386790  0.341413  0.328403  0.679644  0.346474  0.320932  0.329560  0.349928  0.351789  0.376138  0.312883  0.700094  0.340378  0.813985  0.361688  0.370743  0.307778  0.346118  0.688691  0.322796  0.352158  0.334431  0.352921  0.376290  0.407481  0.382052  0.335792  0.343727  0.341306  0.506336  0.369497  0.375443  0.366993  0.332383  0.110420  0.296032  0.352379  0.462269  0.307345  0.359599  0.370593  0.345188  0.275270  0.304331  0.325603  0.689925  0.770028  0.300887  0.292288  0.350109  0.479423  0.349268  0.340557  0.335501  0.343706  0.338990  0.361071  0.393064  0.361100  0.358656  0.364825  0.347999  0.363856  0.247534  0.750037  0.388759  0.318729  0.358862  0.715690  0.353142  0.354177  0.333753  0.400161  0.698292  0.302681  0.329752  0.455953  0.322293  0.338279  0.420384  0.896253  0.313515  0.325947  0.483728  0.780387  0.337020  0.680628  0.334828  0.355941  0.329123  0.303358  0.334014  0.364789 
7  0.319938  0.242461  0.083958  0.360968  0.355677  0.295048  0.339869 0.0  0.098295  0.349787  0.732296  0.144403  0.133994  0.137740  0.400122  0.143038  0.181953  0.139005  0.334251  0.458840  0.401727  0.236012  0.130301  0.145526  0.794005  0.148091  0.140575  0.140344  0.772749  0.319050  0.145054  0.145115  0.777782  0.343253  0.189854  0.175516  0.388408  0.345063  0.501706  0.131275  0.138382  0.344055  0.149370  0.209931  0.195759  0.326680  0.185063  0.133811  0.284410  0.133704  0.466131  0.294014  0.568195  0.199012  0.284795  0.300315  0.358601  0.227024  0.320822  0.319050  0.225653  0.140188  0.148569  0.137250  0.141095  0.143713  0.143545  0.190651  0.217717  0.441834  0.143900  0.172803  0.192009  0.240709  0.223313  0.153980  0.325457  0.289260  0.133719  0.143910  0.128723  0.140120  0.371910  0.325086  0.352456  0.147342  0.146584  0.656275  0.122207  0.138451  0.133965  0.146380  0.152060  0.147311  0.144026  0.138218  0.305904  0.372790  0.137074  0.140338  0.356635  0.767103  0.734820  0.378440  0.141360  0.092991  0.381338  0.719202  0.376754  0.330010  0.134672  0.322959  0.095981  0.142516  0.148296  0.724628  0.134261  0.733558  0.095878  0.136319  0.188242  0.385155  0.765985  0.140297  0.147971  0.362473  0.143495  0.314179  0.118436  0.367050  0.154626  0.339503  0.145765  0.441838  0.143226  0.326455  0.148332  0.119917  0.354268  0.139051  0.105745  0.515583  0.139540  0.146263  0.203530  0.357614  0.235618  0.202328  0.237605  0.585077  0.676707  0.139703  0.141836  0.140680  0.647981  0.136242  0.155417  0.130043  0.136264  0.142856  0.136648  0.141863  0.141222  0.144710  0.141246  0.139790  0.345506  0.280353  0.808647  0.374954  0.137153  0.387063  0.686025  0.147933  0.138440  0.143496  0.140245  0.662955  0.099644  0.127398  0.466226  0.115253  0.141542  0.352144  0.710717  0.145247  0.139827  0.421212  0.774995  0.327990  0.814275  0.144470  0.362035  0.134452  0.232779  0.423726  0.145666 
8  0.301280  0.261788  0.094985  0.355807  0.368162  0.307933  0.333007  0.098295 0.0  0.382376  0.672524  0.139087  0.148802  0.140159  0.399906  0.147071  0.196777  0.143828  0.326198  0.470922  0.302066  0.221447  0.143770  0.137803  0.662159  0.137169  0.144923  0.139883  0.693323  0.324264  0.140018  0.142389  0.704284  0.307469  0.191428  0.199282  0.355717  0.365106  0.534838  0.143992  0.134261  0.340667  0.150779  0.207671  0.172256  0.265449  0.194713  0.144057  0.274554  0.136987  0.495837  0.314016  0.458218  0.197109  0.302291  0.366141  0.320605  0.254291  0.289989  0.312286  0.201216  0.145841  0.136636  0.143138  0.143903  0.149615  0.133303  0.193013  0.237528  0.417051  0.145135  0.196142  0.200489  0.259886  0.228581  0.140363  0.367545  0.336688  0.132868  0.142777  0.139794  0.144549  0.327203  0.289608  0.343892  0.145736  0.137740  0.652969  0.136036  0.138426  0.136599  0.141922  0.141502  0.146505  0.142504  0.153356  0.315086  0.369973  0.147116  0.146541  0.319679  0.720132  0.718976  0.361927  0.140765  0.075781  0.439876  0.813972  0.318949  0.320662  0.151805  0.321009  0.083942  0.145859  0.142167  0.759353  0.140635  0.864313  0.075781  0.129924  0.197555  0.378743  0.756586  0.147309  0.152170  0.336711  0.148111  0.254340  0.130863  0.379592  0.129851  0.332271  0.126618  0.488897  0.127897  0.315814  0.146975  0.119349  0.335717  0.143963  0.109174  0.391868  0.150973  0.140744  0.179400  0.322014  0.231629  0.238758  0.240657  0.556255  0.695014  0.149421  0.133825  0.148503  0.671471  0.137459  0.146484  0.151698  0.148747  0.154125  0.130921  0.146485  0.136938  0.137332  0.137277  0.130571  0.319646  0.289262  0.772877  0.381292  0.134653  0.314666  0.704662  0.140834  0.144070  0.141583  0.139032  0.634267  0.101072  0.119382  0.527934  0.133515  0.145885  0.323013  0.716166  0.140214  0.141934  0.452451  0.762838  0.303756  0.755869  0.135143  0.347838  0.143342  0.235958  0.387418  0.131571 
9  0.287903  0.319478  0.319418  0.299903  0.353152  0.287988  0.304218  0.349787  0.382376 0.0  0.790106  0.338601  0.373468  0.345004  0.472425  0.339413  0.294643  0.376540  0.341838  0.467472  0.246106  0.310641  0.355465  0.362480  0.660551  0.321262  0.338067  0.323864  0.805271  0.225843  0.372742  0.351687  0.657289  0.173659  0.166373  0.322871  0.264119  0.262735  0.519710  0.371084  0.365858  0.189240  0.353765  0.345130  0.344802  0.388744  0.296107  0.417020  0.317276  0.323718  0.498112  0.288862  0.544344  0.321806  0.305639  0.120211  0.120096  0.346585  0.288782  0.361743  0.361460  0.384121  0.355292  0.357497  0.338876  0.431004  0.330905  0.298290  0.297858  0.448884  0.374278  0.288773  0.188596  0.367156  0.349133  0.379034  0.255167  0.227472  0.378294  0.394911  0.340280  0.375466  0.246505  0.324083  0.266439  0.328956  0.302444  0.531374  0.325992  0.327593  0.323443  0.349639  0.391488  0.377837  0.348010  0.368902  0.345157  0.135261  0.365932  0.315877  0.086329  0.843786  0.827171  0.087511  0.383228  0.386272  0.166660  0.612000  0.195073  0.124552  0.339426  0.087751  0.385921  0.379419  0.325312  0.810723  0.363383  0.894830  0.368004  0.299791  0.308528  0.242064  0.623429  0.353819  0.399770  0.191258  0.319867  0.089005  0.347939  0.241577  0.320179  0.105717  0.343663  0.462015  0.317084  0.126262  0.360404  0.357566  0.349400  0.337896  0.292757  0.461313  0.403445  0.366454  0.341620  0.121958  0.336884  0.359633  0.323648  0.590464  0.617818  0.296709  0.272425  0.370184  0.633761  0.321972  0.357278  0.383987  0.408582  0.338423  0.379064  0.319883  0.378473  0.346617  0.346468  0.372989  0.162278  0.244593  0.687615  0.198514  0.341225  0.189150  0.833108  0.390302  0.342496  0.369185  0.378820  0.489278  0.264609  0.380968  0.483720  0.294867  0.328708  0.162229  0.724793  0.335451  0.351825  0.304817  0.657471  0.235068  0.770723  0.361521  0.261319  0.361733  0.326455  0.126096  0.335707 
10  0.783764  0.768414  0.881375  0.803064  0.751571  0.654905  0.609411  0.732296  0.672524  0.790106 0.0  0.676736  0.768159  0.686350  0.763126  0.740166  0.814735  0.826448  0.848543  0.834552  0.823512  0.719983  0.655693  0.824148  0.498436  0.715192  0.806015  0.725661  0.452282  0.687137  0.787858  0.644899  0.561246  0.766404  0.726021  0.676503  0.885346  0.677426  0.684312  0.720072  0.756774  0.765360  0.703266  0.708119  0.775120  0.838821  0.724955  0.793763  0.720174  0.769043  0.756167  0.721562  0.880802  0.683321  0.671968  0.715060  0.753602  0.708522  0.692472  0.768049  0.657482  0.806740  0.824176  0.749662  0.725338  0.781380  0.721429  0.767581  0.753035  0.715303  0.831972  0.732030  0.519557  0.788786  0.706226  0.832575  0.613748  0.722232  0.598630  0.713316  0.812311  0.725929  0.627250  0.713955  0.727518  0.654547  0.646573  0.608562  0.785194  0.668684  0.757950  0.824594  0.789536  0.772893  0.723805  0.717794  0.767730  0.853747  0.840046  0.715865  0.765735  0.496967  0.083725  0.665935  0.769556  0.692389  0.728844  0.244672  0.780948  0.737348  0.653119  0.777338  0.648809  0.790392  0.707251  0.082143  0.753197  0.083294  0.841365  0.765726  0.727244  0.743644  0.765264  0.632529  0.812516  0.775457  0.725390  0.687704  0.776574  0.725459  0.734971  0.794849  0.813546  0.649945  0.758834  0.694762  0.636165  0.835877  0.670049  0.843533  0.702666  0.698848  0.797902  0.644894  0.764460  0.754847  0.714007  0.773844  0.675365  0.603755  0.650275  0.757073  0.775002  0.809629  0.559367  0.709450  0.777624  0.685413  0.783637  0.680103  0.664366  0.700882  0.693950  0.700998  0.790180  0.676699  0.780651  0.641881  0.330533  0.822050  0.708748  0.693998  0.120108  0.790499  0.746410  0.728612  0.794071  0.665355  0.699055  0.711853  0.788001  0.787942  0.708911  0.754857  0.094879  0.742969  0.868944  0.637990  0.503054  0.818876  0.083339  0.734483  0.750030  0.716692  0.799501  0.714303  0.792367 
11  0.281047  0.248480  0.137699  0.324469  0.302959  0.320769  0.363022  0.144403  0.139087  0.338601  0.676736 0.0  0.094958  0.118544  0.515290  0.113333  0.198734  0.086144  0.345154  0.515836  0.316731  0.210787  0.083000  0.095380  0.715728  0.095786  0.096949  0.082263  0.745136  0.380758  0.112801  0.112321  0.713258  0.349216  0.214839  0.194207  0.375504  0.337436  0.581304  0.095347  0.094168  0.343391  0.083218  0.209635  0.181097  0.310451  0.187001  0.110858  0.253679  0.085010  0.476361  0.282957  0.514314  0.185261  0.261439  0.293353  0.364810  0.235272  0.317781  0.297500  0.221104  0.117413  0.111636  0.118779  0.110739  0.111081  0.095311  0.198408  0.208006  0.477221  0.116131  0.186901  0.194280  0.243018  0.224771  0.109063  0.301941  0.329745  0.112593  0.108131  0.121811  0.114293  0.324072  0.284395  0.379728  0.110620  0.105113  0.625275  0.108405  0.114486  0.110163  0.084493  0.095593  0.115052  0.116099  0.096516  0.365920  0.338305  0.109409  0.112219  0.351671  0.648734  0.713339  0.336313  0.094348  0.138208  0.342958  0.743261  0.348689  0.333278  0.095782  0.359706  0.146811  0.097226  0.106287  0.781299  0.112350  0.741714  0.136650  0.083437  0.192507  0.345273  0.670577  0.114396  0.109760  0.355614  0.122325  0.342255  0.095515  0.325090  0.112665  0.330915  0.111537  0.417292  0.096893  0.336988  0.115273  0.114718  0.354536  0.111383  0.103277  0.405681  0.113414  0.096625  0.213907  0.322693  0.237694  0.226674  0.217670  0.609036  0.773179  0.112691  0.111179  0.117709  0.619381  0.108837  0.109172  0.111116  0.111757  0.109622  0.093970  0.095400  0.109825  0.113699  0.118039  0.113777  0.329191  0.264169  0.683082  0.371828  0.119927  0.346682  0.698549  0.110351  0.115151  0.114703  0.093504  0.536588  0.106655  0.125216  0.498770  0.130587  0.111440  0.392031  0.714319  0.118590  0.116288  0.494200  0.782544  0.314683  0.732028  0.110938  0.308952  0.117787  0.205743  0.334141  0.112024 
12  0.317667  0.243692  0.140858  0.334572  0.357295  0.304804  0.345676  0.133994  0.148802  0.373468  0.768159  0.094958 0.0  0.116627  0.560739  0.113449  0.184375  0.097134  0.340574  0.416957  0.339768  0.208068  0.095441  0.083728  0.721670  0.081663  0.082304  0.094284  0.595488  0.382283  0.114469  0.114769  0.700057  0.348595  0.213525  0.191927  0.397696  0.325537  0.515696  0.096170  0.083193  0.330087  0.098135  0.180755  0.196539  0.318233  0.175082  0.117413  0.299723  0.092712  0.414106  0.305962  0.557154  0.182657  0.321532  0.337330  0.319584  0.266174  0.320129  0.347729  0.209495  0.115799  0.110382  0.114670  0.112841  0.117071  0.097052  0.178092  0.230889  0.434989  0.111094  0.200884  0.199998  0.240628  0.234401  0.113485  0.341925  0.399250  0.115884  0.117618  0.117798  0.107392  0.329391  0.295942  0.333181  0.103619  0.112313  0.653084  0.115604  0.111162  0.105487  0.095357  0.083511  0.119584  0.111947  0.082415  0.360131  0.352292  0.118203  0.108538  0.314453  0.787973  0.717659  0.304976  0.092939  0.146562  0.374532  0.764951  0.373618  0.325420  0.082867  0.334985  0.146497  0.084346  0.119714  0.677886  0.108839  0.815346  0.145183  0.093462  0.189174  0.304877  0.680197  0.113712  0.114874  0.371127  0.115959  0.397606  0.083335  0.333850  0.111896  0.320483  0.109528  0.439531  0.094612  0.279700  0.113246  0.122137  0.388536  0.107343  0.103103  0.403449  0.107033  0.083565  0.228791  0.266279  0.218848  0.222546  0.249709  0.565420  0.744480  0.116710  0.106802  0.111512  0.541092  0.113750  0.114211  0.121653  0.113717  0.112706  0.084687  0.095763  0.108764  0.123023  0.119186  0.113143  0.313373  0.256433  0.803059  0.360195  0.112477  0.356832  0.538474  0.109798  0.117811  0.112519  0.083450  0.543080  0.105281  0.121716  0.536589  0.126516  0.116036  0.397189  0.673989  0.111785  0.115853  0.558068  0.662251  0.355202  0.824985  0.107913  0.376937  0.116489  0.206593  0.305501  0.120163 
13  0.294274  0.240855  0.139152  0.332737  0.330115  0.261848  0.294549  0.137740  0.140159  0.345004  0.686350  0.118544  0.116627 0.0  0.501169  0.083953  0.193806  0.115463  0.301551  0.502383  0.383522  0.219106  0.120342  0.108009  0.691807  0.113493  0.107878  0.117419  0.712441  0.363658  0.096324  0.092943  0.777613  0.336827  0.197692  0.180642  0.378860  0.327703  0.499405  0.110397  0.114318  0.359404  0.111602  0.196079  0.172598  0.311769  0.215336  0.094670  0.304491  0.108892  0.429333  0.331176  0.497110  0.182178  0.315184  0.316505  0.359307  0.211452  0.307355  0.361235  0.237028  0.094176  0.097434  0.092590  0.083512  0.096211  0.112886  0.190888  0.213340  0.413990  0.098050  0.183832  0.188785  0.236005  0.245144  0.091923  0.300891  0.313637  0.096309  0.096810  0.097975  0.096274  0.337372  0.343498  0.330003  0.094608  0.097239  0.616750  0.097318  0.098050  0.096005  0.112481  0.114830  0.083726  0.094412  0.110246  0.332269  0.338068  0.097724  0.096060  0.338867  0.895405  0.674052  0.345478  0.114351  0.136831  0.303271  0.806188  0.364029  0.353784  0.107910  0.323217  0.140067  0.115191  0.096121  0.671182  0.096555  0.777688  0.147055  0.108102  0.187674  0.326317  0.716097  0.097391  0.094037  0.362422  0.096212  0.362177  0.121196  0.372660  0.089282  0.332709  0.096097  0.492347  0.109845  0.358227  0.096527  0.124484  0.348445  0.094813  0.105609  0.409476  0.096317  0.114623  0.221839  0.390284  0.204547  0.258211  0.189778  0.576694  0.600004  0.098384  0.096197  0.093753  0.612891  0.095102  0.095302  0.095452  0.096106  0.095006  0.117178  0.109865  0.094173  0.093249  0.092566  0.096087  0.373368  0.275837  0.724404  0.383450  0.093803  0.312923  0.801403  0.096120  0.097205  0.098286  0.111778  0.499666  0.101830  0.114978  0.479473  0.129256  0.094168  0.328464  0.762954  0.095110  0.093705  0.460339  0.655541  0.343142  0.743652  0.091209  0.332598  0.092850  0.208242  0.322693  0.095599 
14  0.478767  0.504371  0.533653  0.467086  0.483194  0.465030  0.515792  0.400122  0.399906  0.472425  0.763126  0.515290  0.560739  0.501169 0.0  0.492490  0.473607  0.527618  0.519703  0.297208  0.537870  0.385642  0.524366  0.565403  0.703253  0.536604  0.485960  0.516545  0.711628  0.540256  0.556763  0.505277  0.826754  0.514474  0.411309  0.500681  0.418893  0.475013  0.346052  0.482554  0.510156  0.523475  0.487357  0.514395  0.468762  0.460601  0.476307  0.454493  0.512213  0.452059  0.304410  0.484212  0.329148  0.518981  0.436122  0.495088  0.490318  0.456230  0.492804  0.459458  0.457364  0.507397  0.399872  0.487302  0.502054  0.520671  0.560614  0.479750  0.428889  0.442756  0.485989  0.502947  0.446452  0.462506  0.467960  0.469610  0.478785  0.466043  0.468517  0.522760  0.411382  0.478268  0.441021  0.484326  0.470590  0.507364  0.490611  0.628746  0.525305  0.530753  0.526290  0.436622  0.440502  0.508830  0.484568  0.538632  0.481931  0.441132  0.441357  0.475732  0.535377  0.597284  0.721729  0.471588  0.525208  0.506332  0.537319  0.772569  0.521303  0.503141  0.454413  0.507065  0.484688  0.502450  0.485739  0.780009  0.467910  0.708922  0.479405  0.456324  0.501990  0.504501  0.741401  0.495181  0.494457  0.456345  0.503594  0.482164  0.466636  0.535755  0.516428  0.429533  0.497476  0.257170  0.493942  0.441591  0.428962  0.423375  0.540311  0.492851  0.434200  0.257776  0.436211  0.443215  0.482821  0.464339  0.513730  0.469299  0.439684  0.673441  0.838645  0.483715  0.482239  0.442985  0.615384  0.487876  0.440638  0.511333  0.464845  0.457317  0.557645  0.501640  0.499004  0.475869  0.486109  0.501504  0.532573  0.443137  0.750916  0.433839  0.498512  0.532002  0.723561  0.494841  0.536577  0.489605  0.529290  0.585452  0.457676  0.532854  0.103604  0.545402  0.509270  0.462003  0.784549  0.493275  0.513472  0.307442  0.652208  0.531384  0.704861  0.454953  0.545506  0.508899  0.465673  0.478117  0.423084 
15  0.343603  0.234845  0.146136  0.337413  0.329629  0.288368  0.357331  0.143038  0.147071  0.339413  0.740166  0.113333  0.113449  0.083953  0.492490 0.0  0.187860  0.107862  0.308659  0.462951  0.310853  0.219922  0.113632  0.114128  0.703263  0.117783  0.110630  0.117035  0.800286  0.345829  0.095034  0.095809  0.685092  0.340310  0.194058  0.186343  0.331809  0.326148  0.511557  0.114648  0.113425  0.365993  0.109367  0.220181  0.191383  0.378991  0.207947  0.096589  0.299111  0.109693  0.505873  0.362567  0.510981  0.194331  0.308484  0.355336  0.296431  0.233253  0.324662  0.301162  0.238679  0.097298  0.092690  0.097620  0.083053  0.097127  0.118335  0.197058  0.239229  0.396692  0.092600  0.192491  0.169262  0.232103  0.247864  0.094961  0.333186  0.332862  0.096243  0.092747  0.094783  0.095923  0.298378  0.284620  0.315847  0.095383  0.095877  0.549262  0.097732  0.093368  0.095742  0.109770  0.112053  0.084208  0.093126  0.112539  0.351954  0.297707  0.092435  0.094313  0.371387  0.727712  0.745373  0.342568  0.105598  0.156278  0.336380  0.743992  0.375153  0.329306  0.111460  0.362936  0.129570  0.111899  0.093842  0.657375  0.097763  0.726316  0.145870  0.117216  0.179097  0.335209  0.617657  0.093959  0.091974  0.373630  0.095038  0.346628  0.112036  0.390351  0.095881  0.330441  0.093618  0.500906  0.114621  0.330520  0.092535  0.125468  0.311063  0.097052  0.102935  0.367216  0.096474  0.118244  0.208405  0.349361  0.235514  0.232244  0.201395  0.592164  0.641464  0.092398  0.091111  0.096272  0.669690  0.094669  0.097173  0.096687  0.094702  0.094434  0.113675  0.114457  0.093977  0.095917  0.096353  0.093196  0.333456  0.273475  0.803774  0.319135  0.096912  0.312722  0.729316  0.095801  0.095791  0.094796  0.108012  0.647796  0.106015  0.121632  0.504603  0.110817  0.095850  0.360883  0.733858  0.093515  0.093463  0.464769  0.823603  0.297883  0.683247  0.096610  0.323389  0.094644  0.212087  0.362596  0.091802 
16  0.306570  0.174751  0.189871  0.289117  0.288179  0.297002  0.358344  0.181953  0.196777  0.294643  0.814735  0.198734  0.184375  0.193806  0.473607  0.187860 0.0  0.214071  0.318492  0.530738  0.331162  0.171426  0.199611  0.185421  0.654269  0.196306  0.187591  0.192933  0.779831  0.300674  0.185228  0.184421  0.643817  0.337436  0.213566  0.204549  0.293858  0.338258  0.451688  0.185944  0.207196  0.313887  0.200477  0.218952  0.190759  0.321092  0.200369  0.168236  0.307080  0.195113  0.467193  0.324736  0.439039  0.121732  0.283599  0.293593  0.314947  0.173178  0.286142  0.323620  0.117151  0.206935  0.190197  0.209596  0.172699  0.170082  0.205546  0.175869  0.191623  0.489117  0.192055  0.213724  0.196944  0.197435  0.189571  0.187052  0.258012  0.279626  0.200057  0.191422  0.206006  0.202599  0.285692  0.295803  0.298171  0.209917  0.203392  0.584185  0.181109  0.182635  0.175027  0.205593  0.198496  0.184307  0.166295  0.182911  0.316887  0.296203  0.179754  0.179458  0.258724  0.768667  0.738545  0.294830  0.191167  0.206843  0.325088  0.754839  0.251665  0.310307  0.197936  0.315016  0.193325  0.186318  0.192256  0.741601  0.186149  0.567598  0.192048  0.188947  0.188526  0.280681  0.782651  0.184033  0.184537  0.319683  0.202028  0.269052  0.183187  0.295816  0.164255  0.346492  0.191573  0.465220  0.213166  0.301367  0.198155  0.212847  0.288391  0.195839  0.196993  0.412823  0.191610  0.198844  0.194530  0.275368  0.198556  0.197108  0.187692  0.626258  0.664143  0.190253  0.176387  0.199048  0.563105  0.194163  0.207783  0.188462  0.180811  0.182217  0.194580  0.182380  0.202599  0.168141  0.192553  0.201559  0.287937  0.270401  0.702927  0.314909  0.191484  0.297452  0.650363  0.180528  0.195139  0.182484  0.203947  0.618076  0.191819  0.212378  0.370349  0.190901  0.172486  0.305266  0.708189  0.185580  0.198638  0.480650  0.723113  0.310249  0.752182  0.176661  0.287253  0.196323  0.185515  0.330601  0.194199 
17  0.297829  0.262798  0.136017  0.366702  0.343462  0.312440  0.371948  0.139005  0.143828  0.376540  0.826448  0.086144  0.097134  0.115463  0.527618  0.107862  0.214071 0.0  0.383152  0.414251  0.355858  0.222931  0.084151  0.092357  0.626637  0.091233  0.094850  0.083882  0.711100  0.321597  0.111926  0.106284  0.763710  0.341529  0.211309  0.204051  0.367820  0.348190  0.470277  0.098169  0.096675  0.410877  0.082977  0.187860  0.196125  0.294677  0.201958  0.115643  0.283096  0.083567  0.524851  0.348449  0.518776  0.186686  0.292470  0.297282  0.328494  0.219479  0.387237  0.372761  0.221306  0.109645  0.113967  0.115384  0.107608  0.114474  0.093010  0.177134  0.231989  0.480440  0.115244  0.186069  0.201744  0.258946  0.237054  0.108332  0.375021  0.345320  0.110299  0.111771  0.111478  0.109119  0.296470  0.324730  0.360240  0.117635  0.109352  0.610685  0.103707  0.116128  0.119467  0.082041  0.095229  0.109308  0.117377  0.093639  0.329374  0.326276  0.113835  0.111837  0.309747  0.743392  0.782214  0.329080  0.096389  0.151461  0.284081  0.736810  0.328229  0.353629  0.092038  0.331151  0.142266  0.094472  0.109574  0.833421  0.109789  0.747417  0.130940  0.084055  0.174977  0.346267  0.826593  0.120200  0.105964  0.364715  0.115710  0.293148  0.095219  0.305480  0.110667  0.336551  0.115249  0.391866  0.093358  0.318798  0.116145  0.129026  0.367049  0.111466  0.104875  0.446084  0.115445  0.094281  0.217384  0.329037  0.214886  0.239400  0.204508  0.614670  0.799709  0.113954  0.112737  0.111516  0.607796  0.115987  0.113947  0.114512  0.106297  0.115187  0.091668  0.096172  0.116381  0.114250  0.117329  0.119469  0.364783  0.252271  0.671775  0.336505  0.109996  0.280095  0.691694  0.117084  0.114572  0.115835  0.093628  0.569341  0.102094  0.122714  0.517670  0.121867  0.115889  0.371790  0.708410  0.123333  0.112610  0.497907  0.637739  0.299952  0.724972  0.114663  0.347335  0.115851  0.214799  0.382120  0.113527 
18  0.118507  0.309266  0.353863  0.088108  0.075781  0.120568  0.075781  0.334251  0.326198  0.341838  0.848543  0.345154  0.340574  0.301551  0.519703  0.308659  0.318492  0.383152 0.0  0.403440  0.380099  0.345266  0.369146  0.341874  0.784294  0.352223  0.366984  0.355407  0.669481  0.371635  0.342220  0.385441  0.792631  0.338978  0.199992  0.297086  0.314366  0.299579  0.489812  0.376380  0.345455  0.338115  0.322866  0.360722  0.289098  0.107654  0.286854  0.315379  0.208951  0.353571  0.396562  0.237253  0.440534  0.339430  0.125182  0.336604  0.294351  0.354207  0.350992  0.212614  0.321532  0.306206  0.330096  0.350971  0.359970  0.346543  0.363710  0.289409  0.292627  0.394097  0.365814  0.312451  0.187776  0.317154  0.330481  0.320583  0.343984  0.308641  0.323657  0.352055  0.310824  0.319898  0.344077  0.329348  0.385689  0.325723  0.319305  0.713297  0.366039  0.301525  0.351421  0.312568  0.352348  0.313205  0.355591  0.356238  0.118937  0.343814  0.350743  0.322228  0.305441  0.661008  0.757295  0.369881  0.304013  0.344956  0.313960  0.551825  0.373511  0.372863  0.362477  0.321130  0.351945  0.370827  0.326204  0.610336  0.345064  0.754975  0.410605  0.316921  0.391791  0.346715  0.770176  0.317056  0.378128  0.378482  0.312911  0.374655  0.344196  0.330180  0.330511  0.322558  0.348693  0.493653  0.357119  0.343554  0.297624  0.304809  0.104663  0.301447  0.344692  0.432715  0.308075  0.328466  0.296808  0.338177  0.336824  0.323611  0.309774  0.617862  0.731500  0.292046  0.354044  0.309494  0.669153  0.352993  0.366625  0.353256  0.300451  0.298506  0.409525  0.329255  0.335096  0.317864  0.300102  0.304664  0.364566  0.250612  0.690277  0.373946  0.353646  0.365475  0.716174  0.334821  0.404874  0.361782  0.371380  0.594976  0.244701  0.317862  0.471980  0.336883  0.367646  0.338168  0.780593  0.331496  0.339677  0.519266  0.758790  0.373124  0.730052  0.319649  0.343786  0.305864  0.332506  0.285976  0.325331 
19  0.390889  0.431506  0.467307  0.461902  0.450226  0.472452  0.450920  0.458840  0.470922  0.467472  0.834552  0.515836  0.416957  0.502383  0.297208  0.462951  0.530738  0.414251  0.403440 0.0  0.463741  0.460131  0.418020  0.474556  0.810313  0.448525  0.486735  0.526675  0.760098  0.438840  0.389500  0.438070  0.829689  0.512415  0.344810  0.489461  0.492027  0.480586  0.116925  0.467039  0.510165  0.455985  0.459797  0.399161  0.499446  0.468745  0.501893  0.450826  0.425865  0.375366  0.195371  0.488573  0.208557  0.548841  0.533957  0.424737  0.494429  0.510216  0.494853  0.490515  0.408960  0.436769  0.461981  0.498172  0.471452  0.476382  0.396928  0.414795  0.504576  0.386084  0.424339  0.420779  0.382685  0.518378  0.457118  0.493957  0.471801  0.469366  0.514720  0.430536  0.385087  0.454304  0.485905  0.461736  0.457837  0.506451  0.485920  0.676990  0.373559  0.562961  0.440575  0.458004  0.446939  0.511672  0.549502  0.464219  0.412953  0.557209  0.488298  0.516434  0.429602  0.717821  0.703420  0.493953  0.526779  0.521540  0.480846  0.733373  0.459701  0.470965  0.483543  0.550830  0.482052  0.412609  0.477819  0.811445  0.459353  0.720479  0.464249  0.445908  0.461298  0.454869  0.732064  0.400935  0.525997  0.414352  0.461962  0.474118  0.526097  0.464546  0.377215  0.479809  0.504195  0.149161  0.472539  0.439786  0.431940  0.480855  0.468455  0.472343  0.437481  0.144154  0.422128  0.446167  0.442382  0.413243  0.528814  0.481970  0.419715  0.644153  0.785948  0.447606  0.469199  0.461590  0.690380  0.460187  0.537401  0.430149  0.422989  0.417900  0.511226  0.456940  0.365322  0.498099  0.489128  0.498948  0.440373  0.426193  0.733430  0.484824  0.422452  0.407480  0.808222  0.548371  0.481233  0.351885  0.475867  0.662067  0.499170  0.497373  0.276071  0.474051  0.494616  0.523289  0.733844  0.471803  0.491583  0.221883  0.707387  0.425571  0.665643  0.428977  0.459429  0.498276  0.383758  0.462847  0.424132 
