197
0 0.0  0.383509  0.390815  0.126338  0.077867  0.162414  0.168988  0.238932  0.408307  0.284367  0.795360  0.340241  0.330645  0.416306  0.494601  0.400293  0.402462  0.329043  0.111580  0.573520  0.349791  0.386881  0.319591  0.451033  0.703996  0.330595  0.391506  0.383148  0.703500  0.395615  0.336281  0.366515  0.846457  0.372934  0.270594  0.285862  0.349297  0.303794  0.581677  0.298049  0.291759  0.354494  0.342059  0.338361  0.337034  0.136047  0.424997  0.416700  0.169353  0.410272  0.653830  0.203966  0.511867  0.386483  0.084781  0.443616  0.365847  0.372209  0.340328  0.180484  0.421993  0.362196  0.395636  0.300690  0.375441  0.403838  0.463405  0.373619  0.314007  0.504904  0.344455  0.360739  0.200064  0.353610  0.339891  0.377627  0.360461  0.318998  0.284791  0.398744  0.323001  0.380867  0.256146  0.330647  0.369131  0.342065  0.344269  0.605393  0.375911  0.337531  0.294525  0.388910  0.391921  0.433982  0.355481  0.413422  0.155311  0.287316  0.319010  0.361329  0.312416  0.754995  0.763690  0.372918  0.264979  0.301285  0.360353  0.827570  0.374993  0.438646  0.408557  0.338790  0.361630  0.361156  0.303325  0.786993  0.411371  0.800328  0.387211  0.340966  0.440382  0.365172  0.789687  0.368398  0.339556  0.379723  0.399721  0.397071  0.315271  0.354812  0.429561  0.384088  0.367609  0.536247  0.226569  0.319960  0.429594  0.354288  0.197615  0.286600  0.331083  0.449819  0.352958  0.283994  0.346298  0.390174  0.259057  0.410301  0.335339  0.583900  0.846264  0.354727  0.386921  0.339922  0.608692  0.349192  0.453838  0.262389  0.377640  0.514969  0.496283  0.372748  0.404758  0.260921  0.427407  0.324949  0.441824  0.396288  0.779693  0.439914  0.344179  0.340563  0.886777  0.375251  0.400128  0.411911  0.358576  0.677941  0.343978  0.376709  0.552140  0.311690  0.364068  0.319948  0.735722  0.375249  0.420215  0.432119  0.834033  0.386378  0.761663  0.386971  0.424797  0.374027  0.308268  0.390912  0.342228 
1  0.383509 0.0  0.243142  0.480286  0.374224  0.348956  0.369363  0.412833  0.240438  0.493257  0.825843  0.331062  0.283280  0.228999  0.516573  0.250171  0.237491  0.290540  0.379063  0.573396  0.506054  0.290662  0.304014  0.331160  0.779905  0.378345  0.277183  0.298562  0.858391  0.434511  0.301559  0.310859  0.842555  0.370769  0.242221  0.097182  0.448806  0.532486  0.557738  0.370306  0.251550  0.446229  0.268880  0.294748  0.194174  0.418332  0.199633  0.262531  0.389993  0.377471  0.617705  0.356893  0.558977  0.208156  0.319882  0.460652  0.340497  0.120917  0.328362  0.367642  0.281665  0.359337  0.389786  0.373142  0.268528  0.248299  0.301509  0.260284  0.279463  0.460716  0.301996  0.273919  0.285394  0.338512  0.129173  0.371508  0.475069  0.447411  0.265661  0.292825  0.306705  0.292001  0.415820  0.330517  0.450941  0.251491  0.450099  0.641438  0.289588  0.260174  0.284029  0.297778  0.372867  0.279234  0.324195  0.357183  0.392609  0.252952  0.234584  0.362900  0.396816  0.802445  0.809823  0.467639  0.168039  0.313090  0.452774  0.842553  0.490598  0.439882  0.305308  0.378476  0.274859  0.230546  0.288933  0.798191  0.181045  0.749504  0.306777  0.388402  0.265579  0.372518  0.754526  0.176701  0.244102  0.480084  0.311148  0.335761  0.224679  0.388268  0.219041  0.420817  0.228479  0.518791  0.225807  0.392093  0.285084  0.297176  0.408935  0.312011  0.249678  0.392746  0.350001  0.300210  0.316607  0.483298  0.140598  0.150239  0.346342  0.678100  0.814654  0.304196  0.357350  0.280010  0.704331  0.361669  0.309418  0.254420  0.377959  0.268301  0.226668  0.312220  0.334412  0.295530  0.254441  0.297515  0.400235  0.280671  0.830917  0.422502  0.223254  0.492805  0.749247  0.257009  0.278364  0.281954  0.293176  0.680614  0.339364  0.270815  0.514205  0.312484  0.390756  0.443255  0.884598  0.269357  0.324298  0.563345  0.817299  0.395873  0.796770  0.274063  0.337214  0.376545  0.334691  0.388734  0.372437 
2  0.390815  0.243142 0.0  0.342019  0.344841  0.359290  0.409488  0.129296  0.114906  0.396402  0.709782  0.326686  0.184261  0.210924  0.561968  0.129073  0.205017  0.157599  0.422572  0.547695  0.453763  0.306449  0.223938  0.201705  0.811182  0.204792  0.172321  0.143066  0.731896  0.433772  0.166412  0.114115  0.781972  0.420348  0.184884  0.250134  0.294149  0.505222  0.520508  0.189935  0.132414  0.512622  0.141840  0.334521  0.251373  0.352401  0.313302  0.225069  0.296242  0.179793  0.611464  0.280740  0.548522  0.260717  0.382051  0.288141  0.392316  0.226007  0.397524  0.463312  0.305711  0.139054  0.228417  0.171184  0.176217  0.262403  0.148424  0.264422  0.301506  0.520438  0.194017  0.145107  0.226524  0.280329  0.336410  0.193649  0.448403  0.365059  0.173354  0.231216  0.135653  0.146878  0.363773  0.276022  0.390049  0.199245  0.116648  0.689844  0.263820  0.179842  0.227807  0.150609  0.139613  0.152926  0.241844  0.217514  0.346950  0.522767  0.088214  0.216850  0.474019  0.758075  0.813738  0.391538  0.130925  0.097600  0.407144  0.915130  0.434309  0.499805  0.187617  0.323240  0.077867  0.139613  0.136183  0.845579  0.168564  0.883269  0.084325  0.210425  0.249507  0.532378  0.801373  0.144131  0.198659  0.361198  0.134874  0.487638  0.230004  0.399873  0.239166  0.368876  0.245817  0.408227  0.213444  0.363217  0.123799  0.178111  0.456216  0.132539  0.087060  0.483976  0.234047  0.161294  0.186738  0.521186  0.285018  0.391608  0.211260  0.607712  0.826981  0.233054  0.182438  0.153554  0.652783  0.128386  0.280864  0.077867  0.207376  0.192550  0.173109  0.236306  0.165970  0.110058  0.218984  0.211389  0.424432  0.294606  0.804864  0.352861  0.153322  0.317817  0.830921  0.242529  0.144273  0.213435  0.249935  0.659622  0.138279  0.104989  0.585072  0.145588  0.238198  0.491415  0.785645  0.131547  0.130379  0.574392  0.821899  0.381382  0.712563  0.185443  0.411337  0.145307  0.232958  0.426985  0.165593 
3  0.126338  0.480286  0.342019 0.0  0.077867  0.139795  0.125030  0.508793  0.411368  0.447740  0.841862  0.351487  0.358143  0.416569  0.485537  0.457219  0.418534  0.436115  0.098136  0.540676  0.405721  0.412541  0.417873  0.394805  0.661398  0.409346  0.438699  0.537652  0.734983  0.414827  0.338437  0.358822  0.901142  0.340715  0.118674  0.379992  0.409451  0.440418  0.572196  0.411185  0.386184  0.447060  0.438788  0.384088  0.316655  0.170815  0.287800  0.364534  0.300979  0.371609  0.577130  0.314408  0.562227  0.342186  0.077867  0.286355  0.358542  0.378303  0.370838  0.331153  0.304703  0.409764  0.326981  0.395419  0.374359  0.399662  0.428629  0.454355  0.459370  0.499444  0.395249  0.337877  0.257665  0.405713  0.321095  0.369531  0.423869  0.386500  0.423157  0.417278  0.482660  0.434807  0.451621  0.382904  0.413116  0.459624  0.370857  0.613328  0.321644  0.393660  0.348353  0.460992  0.410437  0.340802  0.396590  0.379869  0.153616  0.474018  0.436244  0.374430  0.463387  0.790977  0.713255  0.413512  0.423135  0.416569  0.427687  0.847648  0.361382  0.467770  0.396829  0.518589  0.306057  0.373887  0.370779  0.750513  0.314339  0.782484  0.451498  0.442882  0.445130  0.441691  0.770355  0.359124  0.432082  0.470639  0.488690  0.487131  0.430018  0.312009  0.423611  0.510848  0.380475  0.450091  0.432002  0.416133  0.346076  0.394383  0.142369  0.411108  0.311937  0.459977  0.324164  0.432335  0.332307  0.467778  0.419177  0.373424  0.407905  0.684754  0.725180  0.348817  0.351921  0.327278  0.608791  0.367120  0.448072  0.351299  0.394879  0.382016  0.413455  0.321128  0.473277  0.329406  0.390893  0.367532  0.373580  0.347863  0.902082  0.606680  0.376798  0.354541  0.763194  0.440236  0.289193  0.440309  0.512193  0.563179  0.294634  0.409788  0.573901  0.498988  0.427569  0.436378  0.889836  0.366709  0.387778  0.557199  0.820544  0.499196  0.790638  0.358450  0.335512  0.403340  0.342386  0.447794  0.401451 
4  0.077867  0.374224  0.344841  0.077867 0.0  0.142688  0.201634  0.431835  0.446668  0.489605  0.768975  0.428849  0.463963  0.377427  0.634936  0.402107  0.395669  0.415367  0.077867  0.396761  0.500756  0.397258  0.500689  0.421880  0.766918  0.456907  0.360213  0.437977  0.916415  0.454655  0.397891  0.409078  0.693571  0.439895  0.187354  0.452291  0.408788  0.443451  0.618536  0.428378  0.401898  0.312377  0.452334  0.444868  0.372646  0.192795  0.339040  0.457004  0.191398  0.418150  0.536588  0.327508  0.638090  0.425269  0.160515  0.400549  0.503733  0.442190  0.437872  0.231037  0.375138  0.398027  0.400244  0.536124  0.362542  0.427023  0.362172  0.349881  0.364623  0.540887  0.438268  0.441547  0.251395  0.529431  0.393928  0.361689  0.468939  0.350633  0.408785  0.403492  0.440455  0.415102  0.432214  0.321118  0.414947  0.395851  0.509542  0.712829  0.353099  0.405314  0.443719  0.440924  0.470558  0.476897  0.462624  0.415932  0.202972  0.402170  0.401252  0.434692  0.398700  0.752481  0.857399  0.397646  0.512681  0.464735  0.360120  0.811079  0.505931  0.444574  0.329662  0.412370  0.307088  0.480788  0.419036  0.827920  0.386486  0.782199  0.461275  0.443123  0.464068  0.457026  0.802543  0.478476  0.372875  0.457593  0.281946  0.510412  0.392181  0.441101  0.401288  0.366165  0.479171  0.556084  0.407243  0.341336  0.365088  0.434579  0.221672  0.451574  0.453051  0.563921  0.457673  0.477456  0.355434  0.366673  0.384407  0.344667  0.376086  0.636452  0.742064  0.334582  0.430763  0.391023  0.650732  0.516810  0.408449  0.375578  0.406960  0.369318  0.423728  0.346720  0.428831  0.441248  0.363969  0.395737  0.475329  0.318354  0.754857  0.412765  0.463947  0.455075  0.798906  0.392356  0.369217  0.425275  0.407342  0.671334  0.406884  0.394758  0.610859  0.454373  0.471573  0.445512  0.821982  0.300432  0.365582  0.549351  0.728377  0.429337  0.900559  0.411060  0.484296  0.400285  0.374561  0.379192  0.386546 
5  0.162414  0.348956  0.359290  0.139795  0.142688 0.0  0.131075  0.363395  0.311407  0.334505  0.861368  0.340301  0.394817  0.353342  0.560369  0.337969  0.395442  0.264059  0.100430  0.493784  0.396515  0.380165  0.298342  0.399484  0.767846  0.391257  0.303438  0.296790  0.756032  0.354928  0.288294  0.436607  0.738298  0.388787  0.247040  0.414813  0.309111  0.320556  0.553138  0.454768  0.381882  0.416167  0.476173  0.281416  0.315555  0.077867  0.366086  0.378201  0.224288  0.397499  0.450867  0.250149  0.538449  0.371441  0.128280  0.192821  0.411501  0.332715  0.315138  0.273362  0.348526  0.349838  0.294086  0.341563  0.387908  0.277064  0.367350  0.459017  0.356761  0.478764  0.433641  0.304180  0.179887  0.304849  0.313788  0.342034  0.316656  0.342338  0.396189  0.431514  0.304016  0.338656  0.385220  0.369537  0.254868  0.392042  0.355818  0.708439  0.347093  0.299905  0.287984  0.440916  0.366820  0.297815  0.402780  0.268757  0.125455  0.263900  0.288093  0.414059  0.351371  0.782529  0.728036  0.369104  0.316517  0.351840  0.386150  0.798399  0.281140  0.374601  0.325385  0.312491  0.241930  0.278728  0.246209  0.760242  0.380050  0.870784  0.333519  0.379274  0.288541  0.341938  0.702690  0.436479  0.364581  0.210580  0.306465  0.350530  0.407929  0.313864  0.300305  0.430548  0.322974  0.474160  0.435310  0.365482  0.356849  0.340294  0.196023  0.293946  0.454741  0.515450  0.395526  0.307634  0.360546  0.266101  0.312022  0.327446  0.356569  0.680679  0.803875  0.364216  0.349114  0.406536  0.610485  0.314838  0.356584  0.459030  0.266913  0.261616  0.329382  0.370271  0.472606  0.364208  0.439963  0.389622  0.391715  0.283946  0.769966  0.382175  0.393579  0.383114  0.776190  0.274743  0.336765  0.318483  0.442172  0.695417  0.359148  0.364463  0.435593  0.382553  0.311271  0.338824  0.769432  0.300739  0.343080  0.500855  0.793339  0.368077  0.838287  0.368285  0.415211  0.328808  0.355826  0.353615  0.342302 
6  0.168988  0.369363  0.409488  0.125030  0.201634  0.131075 0.0  0.459983  0.411843  0.467173  0.891873  0.361114  0.404093  0.442892  0.561117  0.405248  0.356310  0.375453  0.133612  0.482081  0.383291  0.466745  0.470927  0.430636  0.713111  0.469427  0.390972  0.429084  0.736497  0.416376  0.445709  0.327725  0.853157  0.359890  0.288846  0.357921  0.342605  0.427561  0.610723  0.420551  0.409913  0.457712  0.409512  0.396903  0.341133  0.077867  0.320786  0.449824  0.214052  0.463862  0.589442  0.215001  0.563078  0.336099  0.151057  0.388840  0.477323  0.458447  0.393214  0.307275  0.488545  0.497524  0.453713  0.389452  0.402324  0.442415  0.428023  0.379208  0.355768  0.454792  0.392679  0.406211  0.283076  0.411961  0.377108  0.363612  0.390603  0.379682  0.406107  0.467227  0.414361  0.359827  0.398574  0.359913  0.439673  0.427185  0.403160  0.624625  0.541032  0.434509  0.387031  0.493739  0.467249  0.317466  0.360089  0.399734  0.179693  0.356569  0.317863  0.384146  0.396433  0.766803  0.893122  0.469024  0.441776  0.456922  0.457009  0.747205  0.497512  0.401822  0.399904  0.454393  0.413485  0.464777  0.454068  0.845378  0.465245  0.820230  0.435441  0.448439  0.469666  0.484075  0.807414  0.329910  0.379690  0.356554  0.323345  0.393668  0.420965  0.503419  0.426147  0.369250  0.424270  0.561917  0.329811  0.469775  0.368874  0.413576  0.159161  0.426832  0.421467  0.560415  0.350323  0.474060  0.293997  0.373020  0.414883  0.441374  0.450752  0.645759  0.780019  0.404338  0.469599  0.404328  0.725026  0.370184  0.365615  0.301883  0.369891  0.425683  0.448874  0.496032  0.420581  0.495685  0.443557  0.383863  0.446654  0.312494  0.828184  0.517993  0.414686  0.394830  0.782336  0.411765  0.368628  0.330221  0.431564  0.608021  0.413728  0.399485  0.573831  0.344992  0.343170  0.434488  0.804666  0.466625  0.410081  0.542038  0.824366  0.301070  0.767705  0.446447  0.494841  0.407132  0.441484  0.455626  0.324562 
7  0.238932  0.412833  0.129296  0.508793  0.431835  0.363395  0.459983 0.0  0.106895  0.503363  0.806716  0.176566  0.214241  0.229658  0.528906  0.192429  0.209075  0.208079  0.382551  0.489901  0.452244  0.299133  0.209495  0.205126  0.754489  0.135936  0.169564  0.245844  0.756170  0.391509  0.155383  0.216345  0.745886  0.427769  0.200773  0.218292  0.385324  0.362537  0.621404  0.153726  0.148178  0.432253  0.261417  0.268836  0.295716  0.324098  0.267701  0.206097  0.361091  0.113509  0.613190  0.354795  0.526876  0.214323  0.353876  0.417467  0.368556  0.340123  0.489685  0.388378  0.268545  0.194088  0.172182  0.226297  0.154087  0.225617  0.274015  0.198744  0.303583  0.424794  0.187909  0.258315  0.200902  0.288851  0.334971  0.159922  0.452813  0.404083  0.133766  0.229378  0.170178  0.167636  0.439088  0.320675  0.521560  0.130402  0.213316  0.621216  0.174086  0.174473  0.177268  0.148205  0.204427  0.193089  0.284596  0.244895  0.363770  0.372271  0.167369  0.150964  0.392948  0.758267  0.924539  0.348170  0.178312  0.077867  0.474757  0.820525  0.358189  0.445557  0.212874  0.465972  0.109283  0.147298  0.105976  0.806729  0.184367  0.868984  0.077867  0.255758  0.231008  0.418682  0.804168  0.206940  0.308671  0.461125  0.077867  0.429336  0.207432  0.364571  0.258935  0.437679  0.156692  0.521256  0.203894  0.442513  0.156742  0.252445  0.447042  0.234519  0.108766  0.476491  0.199766  0.179897  0.299368  0.254464  0.252158  0.260392  0.224110  0.722240  0.872219  0.257009  0.138909  0.195767  0.634422  0.235812  0.130791  0.217260  0.128359  0.114991  0.183486  0.227854  0.149998  0.137991  0.090964  0.183605  0.485671  0.297306  0.684369  0.353009  0.212718  0.362535  0.852512  0.198981  0.276443  0.181545  0.147549  0.683003  0.160465  0.173489  0.447318  0.158312  0.217498  0.427742  0.749950  0.133008  0.171530  0.528734  0.808794  0.429176  0.812769  0.152432  0.411513  0.102210  0.270950  0.390735  0.095654 
8  0.408307  0.240438  0.114906  0.411368  0.446668  0.311407  0.411843  0.106895 0.0  0.470965  0.734200  0.119837  0.231136  0.170840  0.455848  0.239956  0.257676  0.147635  0.459433  0.607233  0.409623  0.273817  0.210567  0.161965  0.761574  0.207280  0.117436  0.131335  0.695056  0.536688  0.077867  0.217053  0.841724  0.462756  0.200739  0.318902  0.529413  0.417654  0.666465  0.188176  0.162918  0.480935  0.102170  0.274597  0.301624  0.353094  0.207785  0.132330  0.392758  0.173700  0.553116  0.363948  0.588813  0.258764  0.331813  0.362067  0.444538  0.304755  0.439724  0.390208  0.275851  0.077867  0.149754  0.114770  0.168947  0.229172  0.257251  0.192563  0.137680  0.448083  0.186900  0.176772  0.236466  0.298945  0.264915  0.124717  0.395754  0.397905  0.212665  0.193160  0.197102  0.256065  0.458836  0.286830  0.392674  0.172680  0.151529  0.682435  0.235653  0.252435  0.197241  0.145345  0.268733  0.111836  0.241437  0.163362  0.399760  0.419090  0.198894  0.114627  0.480781  0.901350  0.795514  0.399217  0.151138  0.084806  0.409522  0.842306  0.512375  0.361503  0.194646  0.396508  0.106640  0.125938  0.208573  0.784360  0.114121  0.709841  0.078381  0.170976  0.290152  0.437628  0.721654  0.236974  0.131598  0.458605  0.200268  0.394802  0.216514  0.391945  0.184243  0.407097  0.173196  0.414790  0.245841  0.292898  0.251297  0.277574  0.380554  0.195044  0.116337  0.485071  0.113333  0.229794  0.321873  0.327881  0.246200  0.387039  0.257385  0.667568  0.786121  0.193585  0.112584  0.132352  0.620759  0.182837  0.287367  0.114366  0.265085  0.156705  0.128041  0.093089  0.177813  0.194808  0.219539  0.142654  0.374679  0.272604  0.763909  0.460654  0.214997  0.385164  0.775543  0.197942  0.199169  0.164994  0.175337  0.550862  0.077867  0.152091  0.585165  0.109564  0.139002  0.441683  0.799463  0.185468  0.202971  0.516991  0.735658  0.435084  0.869217  0.165415  0.477068  0.227549  0.299946  0.406322  0.194040 
9  0.284367  0.493257  0.396402  0.447740  0.489605  0.334505  0.467173  0.503363  0.470965 0.0  0.840556  0.492729  0.565990  0.492137  0.590620  0.319296  0.371889  0.414392  0.541776  0.577928  0.311152  0.356296  0.458088  0.508048  0.789230  0.474778  0.469948  0.410760  0.785170  0.194234  0.468320  0.444025  0.754458  0.250794  0.237896  0.333495  0.410128  0.308187  0.558799  0.430791  0.443233  0.235159  0.478610  0.311201  0.370198  0.379559  0.398474  0.416935  0.323975  0.414251  0.592784  0.384635  0.626230  0.380239  0.331731  0.167507  0.091036  0.463071  0.330890  0.319131  0.403869  0.366602  0.439146  0.494203  0.441279  0.431559  0.431549  0.364055  0.441073  0.498322  0.468504  0.370018  0.154386  0.454684  0.439536  0.460878  0.203589  0.313440  0.429235  0.404198  0.524383  0.509691  0.361838  0.360205  0.375636  0.373932  0.404529  0.669410  0.384716  0.326217  0.472810  0.433824  0.430916  0.407731  0.422029  0.515289  0.410701  0.151049  0.491266  0.469432  0.077867  0.797242  0.851402  0.077867  0.444428  0.494357  0.217012  0.782691  0.184348  0.159723  0.542889  0.099323  0.364735  0.458392  0.467859  0.804888  0.377504  0.789669  0.450277  0.369232  0.382999  0.265316  0.747771  0.451668  0.458149  0.211693  0.484969  0.210248  0.455213  0.382734  0.475210  0.108528  0.444665  0.557030  0.392610  0.200843  0.339802  0.453499  0.453794  0.417064  0.421934  0.470241  0.444258  0.448727  0.408519  0.173834  0.410282  0.326619  0.363140  0.723910  0.852979  0.443970  0.490145  0.411208  0.499197  0.485155  0.362138  0.476667  0.462698  0.510055  0.341711  0.341263  0.348367  0.503143  0.516781  0.437188  0.213792  0.349991  0.767663  0.322470  0.447679  0.227795  0.868593  0.443604  0.383405  0.515688  0.441965  0.664413  0.352302  0.430788  0.571472  0.441034  0.423968  0.228098  0.730799  0.481856  0.494719  0.517734  0.849662  0.233789  0.745346  0.474377  0.338817  0.401592  0.382998  0.181825  0.440016 
10  0.795360  0.825843  0.709782  0.841862  0.768975  0.861368  0.891873  0.806716  0.734200  0.840556 0.0  0.870114  0.834763  0.793125  0.734043  0.726339  0.738046  0.763374  0.785741  0.887207  0.847036  0.837653  0.845215  0.772237  0.497228  0.755500  0.837505  0.771016  0.606702  0.751544  0.739693  0.872730  0.494354  0.761454  0.704682  0.736031  0.866793  0.772853  0.796888  0.792440  0.821065  0.911123  0.874466  0.800224  0.672389  0.742820  0.743894  0.780547  0.747122  0.836042  0.778368  0.794851  0.801275  0.770599  0.828456  0.833030  0.837910  0.822855  0.771546  0.805503  0.818022  0.847435  0.765181  0.871042  0.829188  0.921652  0.821243  0.856995  0.807978  0.843410  0.794322  0.750989  0.745525  0.777120  0.761591  0.792916  0.724163  0.806850  0.859519  0.832414  0.895830  0.857722  0.750849  0.736695  0.792425  0.807024  0.786977  0.588608  0.806824  0.821973  0.870342  0.949728  0.872838  0.848186  0.872367  0.867081  0.830709  0.869012  0.819277  0.879656  0.742596  0.640955  0.077867  0.826611  0.789940  0.816524  0.779154  0.258229  0.776670  0.718406  0.818776  0.732306  0.771225  0.804036  0.914751  0.197229  0.823639  0.077867  0.753517  0.832345  0.903848  0.848673  0.702992  0.883835  0.787648  0.836712  0.829757  0.753554  0.742054  0.769983  0.872917  0.853274  0.836385  0.796847  0.826873  0.887374  0.774840  0.875149  0.862071  0.804151  0.788180  0.705336  0.858917  0.807344  0.740871  0.808418  0.784408  0.804523  0.939704  0.739679  0.718489  0.801096  0.927873  0.796445  0.598120  0.885567  0.788300  0.807085  0.824813  0.748154  0.816619  0.792632  0.800020  0.847035  0.852503  0.799178  0.753962  0.772194  0.403832  0.823316  0.774211  0.821389  0.162399  0.732540  0.834901  0.800616  0.781504  0.658301  0.834324  0.811753  0.736528  0.794122  0.802465  0.780136  0.077867  0.796349  0.814175  0.852482  0.481481  0.796696  0.197522  0.777952  0.876631  0.780192  0.801761  0.754280  0.866670 
11  0.340241  0.331062  0.326686  0.351487  0.428849  0.340301  0.361114  0.176566  0.119837  0.492729  0.870114 0.0  0.139602  0.119487  0.600187  0.113412  0.283284  0.077867  0.331203  0.527466  0.420348  0.236229  0.077867  0.077867  0.769540  0.077867  0.162664  0.088323  0.740544  0.428741  0.116340  0.146298  0.816299  0.370472  0.222929  0.171244  0.477747  0.424627  0.587573  0.103760  0.147501  0.453513  0.077867  0.226366  0.172126  0.370550  0.311440  0.114483  0.472703  0.095322  0.571427  0.331524  0.524572  0.282403  0.440571  0.283401  0.333118  0.366523  0.405766  0.435263  0.266929  0.155695  0.171040  0.088669  0.128428  0.092799  0.077867  0.263468  0.299364  0.492555  0.099091  0.178165  0.168640  0.247801  0.226748  0.178630  0.271902  0.404164  0.148750  0.174846  0.161351  0.141302  0.313564  0.388193  0.482361  0.166433  0.124962  0.570379  0.084550  0.086118  0.157959  0.093173  0.123809  0.087759  0.171379  0.158796  0.325638  0.412803  0.088370  0.189299  0.329990  0.866938  0.872970  0.375432  0.150929  0.201265  0.403401  0.830562  0.457085  0.406094  0.086814  0.371505  0.278852  0.077867  0.123262  0.863502  0.212335  0.897424  0.085344  0.077867  0.239570  0.371881  0.704257  0.255902  0.120111  0.393118  0.175584  0.461430  0.089425  0.393881  0.171306  0.354177  0.077867  0.504952  0.132804  0.330159  0.123865  0.156258  0.408103  0.099108  0.145760  0.498881  0.168437  0.077867  0.136672  0.467510  0.244243  0.338381  0.249194  0.706876  0.782136  0.141669  0.185350  0.125014  0.707621  0.131431  0.172238  0.169693  0.106216  0.174694  0.077867  0.084079  0.186352  0.077867  0.124569  0.232719  0.419889  0.249070  0.805889  0.386469  0.176166  0.314187  0.798950  0.172074  0.157365  0.148859  0.125209  0.648342  0.106371  0.183566  0.547274  0.211940  0.199131  0.564169  0.746461  0.077867  0.114932  0.598335  0.726793  0.354408  0.858970  0.146448  0.438453  0.207857  0.299775  0.393312  0.149959 
12  0.330645  0.283280  0.184261  0.358143  0.463963  0.394817  0.404093  0.214241  0.231136  0.565990  0.834763  0.139602 0.0  0.178580  0.557271  0.166694  0.236286  0.194276  0.359856  0.577838  0.490993  0.231043  0.077867  0.175665  0.758726  0.192230  0.082481  0.077867  0.864700  0.424567  0.077867  0.201808  0.805332  0.460025  0.193636  0.173891  0.466348  0.446706  0.658238  0.149979  0.124110  0.342385  0.204223  0.232771  0.293473  0.364884  0.305443  0.118212  0.364372  0.156077  0.586265  0.375914  0.487963  0.296870  0.371899  0.397940  0.352174  0.311010  0.252822  0.389591  0.265944  0.175054  0.141311  0.144942  0.077867  0.200045  0.173509  0.254888  0.427042  0.498706  0.135241  0.243294  0.227971  0.240563  0.332686  0.133245  0.445727  0.304759  0.138580  0.111372  0.194756  0.113677  0.438450  0.320586  0.501907  0.200158  0.077867  0.648901  0.162574  0.170186  0.133334  0.107993  0.155844  0.226990  0.129248  0.144993  0.403595  0.426839  0.135330  0.100300  0.445218  0.780060  0.793040  0.352106  0.155191  0.094446  0.327882  0.866328  0.387046  0.388039  0.077867  0.440483  0.152303  0.077867  0.147836  0.782774  0.077867  0.765946  0.239996  0.116569  0.286732  0.383326  0.719610  0.169238  0.175303  0.487485  0.118591  0.523497  0.163285  0.459798  0.122141  0.351552  0.140472  0.497110  0.077867  0.490457  0.138176  0.099082  0.418564  0.077867  0.077867  0.477101  0.181303  0.080448  0.318489  0.334908  0.227418  0.350547  0.269870  0.774477  0.825456  0.164463  0.109842  0.086432  0.626375  0.120670  0.203992  0.155090  0.077867  0.125694  0.126005  0.077867  0.175236  0.090320  0.232606  0.240803  0.416747  0.309768  0.862088  0.277000  0.163988  0.366044  0.753018  0.077867  0.214061  0.151890  0.160188  0.749310  0.077867  0.108823  0.550536  0.207041  0.199418  0.545916  0.769909  0.162267  0.137458  0.631723  0.777994  0.516478  0.799066  0.145296  0.390015  0.182976  0.241496  0.436573  0.168393 
13  0.416306  0.228999  0.210924  0.416569  0.377427  0.353342  0.442892  0.229658  0.170840  0.492137  0.793125  0.119487  0.178580 0.0  0.600469  0.119921  0.250992  0.142842  0.372819  0.503007  0.455337  0.248019  0.080113  0.172249  0.757971  0.123262  0.193151  0.092377  0.737948  0.416539  0.140273  0.157501  0.837558  0.383742  0.289300  0.258790  0.426822  0.427240  0.555466  0.110505  0.289869  0.394337  0.192043  0.250501  0.216626  0.341632  0.242210  0.119200  0.347932  0.193381  0.611405  0.374862  0.549380  0.237692  0.350614  0.392214  0.428685  0.237168  0.375881  0.326159  0.307919  0.077867  0.126145  0.167970  0.158336  0.097375  0.112115  0.268572  0.418358  0.498422  0.081580  0.254756  0.159872  0.286425  0.211547  0.156253  0.436089  0.323319  0.119966  0.077867  0.134523  0.130124  0.377220  0.309654  0.332384  0.077867  0.234709  0.651804  0.117672  0.084095  0.111815  0.077867  0.130699  0.077867  0.125376  0.267994  0.417751  0.394679  0.107722  0.085109  0.466553  0.843047  0.857155  0.428118  0.229289  0.206487  0.409049  0.789380  0.511609  0.329684  0.196838  0.455204  0.201823  0.163097  0.105585  0.778336  0.176562  0.776985  0.177464  0.139389  0.296401  0.473764  0.719587  0.132939  0.161936  0.412131  0.192728  0.423804  0.180519  0.426106  0.228154  0.334467  0.140822  0.446425  0.183711  0.383668  0.077867  0.135733  0.363446  0.148074  0.107039  0.489521  0.117315  0.114434  0.325214  0.426558  0.258236  0.276076  0.333449  0.685382  0.859364  0.077867  0.144840  0.216712  0.607309  0.157674  0.139340  0.145706  0.104453  0.077867  0.191927  0.127485  0.147568  0.206242  0.086654  0.162155  0.357044  0.320668  0.865684  0.381642  0.209860  0.422624  0.785914  0.203540  0.083057  0.094941  0.110795  0.678094  0.158858  0.170729  0.566447  0.213627  0.111196  0.468780  0.881795  0.135785  0.127825  0.501020  0.748038  0.495716  0.918433  0.128487  0.443493  0.216564  0.272405  0.412491  0.077867 
14  0.494601  0.516573  0.561968  0.485537  0.634936  0.560369  0.561117  0.528906  0.455848  0.590620  0.734043  0.600187  0.557271  0.600469 0.0  0.491375  0.517590  0.570208  0.595798  0.475715  0.546045  0.661618  0.465160  0.596626  0.821680  0.500242  0.521886  0.550494  0.819550  0.532471  0.549022  0.488696  0.873648  0.494056  0.443538  0.561534  0.637029  0.480983  0.359164  0.496909  0.550278  0.689215  0.668893  0.556701  0.592063  0.548516  0.543989  0.621808  0.526005  0.569273  0.278676  0.493276  0.401875  0.520834  0.548445  0.566000  0.493064  0.664319  0.521753  0.541458  0.595049  0.608639  0.654269  0.621345  0.562238  0.542881  0.559439  0.459815  0.540908  0.447606  0.554915  0.441725  0.423367  0.558656  0.537425  0.596300  0.489340  0.551146  0.558810  0.559566  0.546867  0.603073  0.520590  0.543141  0.537423  0.603365  0.532797  0.703413  0.628066  0.558446  0.612850  0.682036  0.622137  0.457775  0.575904  0.514860  0.562997  0.535568  0.493593  0.612500  0.522797  0.793472  0.854160  0.514797  0.496480  0.530548  0.524106  0.776866  0.546384  0.651114  0.524459  0.516397  0.563435  0.487098  0.521875  0.869673  0.439047  0.837034  0.500801  0.528066  0.549515  0.570073  0.850653  0.462241  0.551182  0.545071  0.594200  0.539251  0.644578  0.507325  0.574368  0.565911  0.578878  0.346364  0.557460  0.574895  0.605334  0.624323  0.572837  0.565860  0.626464  0.456444  0.573294  0.623338  0.507162  0.620878  0.579422  0.446384  0.529770  0.570573  0.785540  0.596598  0.605926  0.534434  0.608290  0.547375  0.551150  0.607856  0.645007  0.564330  0.551045  0.546499  0.556550  0.526880  0.591759  0.555516  0.546519  0.436056  0.884801  0.578245  0.512583  0.571100  0.702004  0.601718  0.481436  0.546031  0.581473  0.757636  0.542336  0.546508  0.140732  0.680749  0.564670  0.544733  0.699806  0.560881  0.641073  0.406995  0.755436  0.539416  0.779520  0.598999  0.584900  0.548776  0.595040  0.552066  0.619993 
15  0.400293  0.250171  0.129073  0.457219  0.402107  0.337969  0.405248  0.192429  0.239956  0.319296  0.726339  0.113412  0.166694  0.119921  0.491375 0.0  0.198798  0.191913  0.434982  0.633837  0.431934  0.225535  0.131650  0.150679  0.728872  0.216356  0.225355  0.155971  0.748772  0.493176  0.085475  0.091504  0.821727  0.349111  0.183699  0.246831  0.425947  0.340345  0.588507  0.077867  0.166099  0.407279  0.126737  0.299951  0.254467  0.400956  0.243435  0.077867  0.346177  0.197112  0.579587  0.444988  0.500469  0.247326  0.418529  0.324282  0.375170  0.372691  0.428454  0.412586  0.230069  0.144898  0.096130  0.134149  0.116922  0.083875  0.169663  0.156029  0.268717  0.500579  0.090763  0.226582  0.161976  0.206667  0.311139  0.150783  0.492779  0.423180  0.077867  0.083153  0.077867  0.099735  0.472533  0.375927  0.361392  0.181614  0.099208  0.638970  0.132390  0.101710  0.125155  0.215652  0.190402  0.147539  0.078939  0.142455  0.375440  0.435619  0.144544  0.192977  0.374641  0.798653  0.761296  0.468728  0.077867  0.251077  0.373451  0.790451  0.564133  0.425855  0.121252  0.433947  0.262789  0.088897  0.161753  0.886044  0.077867  0.863135  0.215566  0.129915  0.192138  0.377435  0.798116  0.092437  0.140759  0.444409  0.077867  0.448405  0.244053  0.357563  0.098458  0.525167  0.126172  0.493388  0.132448  0.365915  0.135433  0.154106  0.420805  0.143653  0.191331  0.521944  0.106913  0.228496  0.336271  0.446979  0.319663  0.259479  0.325084  0.684447  0.818643  0.184145  0.134533  0.145744  0.690639  0.139957  0.098740  0.219743  0.083885  0.174768  0.284873  0.084542  0.077867  0.077867  0.162303  0.077867  0.362968  0.348891  0.742892  0.424686  0.080336  0.358002  0.809702  0.124441  0.198210  0.077867  0.098517  0.673083  0.122429  0.105167  0.602929  0.141258  0.167068  0.508991  0.716657  0.184672  0.077867  0.630181  0.851646  0.453592  0.882759  0.196387  0.360064  0.104377  0.415749  0.452940  0.077867 
16  0.402462  0.237491  0.205017  0.418534  0.395669  0.395442  0.356310  0.209075  0.257676  0.371889  0.738046  0.283284  0.236286  0.250992  0.517590  0.198798 0.0  0.183530  0.397494  0.526284  0.378761  0.211375  0.233815  0.265571  0.785635  0.266335  0.156260  0.247591  0.794889  0.297027  0.198310  0.262357  0.667954  0.373514  0.301646  0.115694  0.301910  0.379913  0.478676  0.103550  0.175845  0.295923  0.265133  0.228454  0.193131  0.282612  0.244678  0.274392  0.359063  0.240025  0.558489  0.417424  0.473204  0.197073  0.301839  0.313533  0.351561  0.149348  0.377076  0.280991  0.089681  0.219500  0.252705  0.278583  0.185082  0.247601  0.237275  0.306816  0.259239  0.486898  0.290592  0.249814  0.158696  0.296036  0.225845  0.324938  0.389745  0.391182  0.215631  0.216147  0.210069  0.261019  0.396916  0.367372  0.349373  0.220742  0.256788  0.643607  0.241754  0.272856  0.298541  0.183911  0.294652  0.243243  0.350004  0.256640  0.381020  0.335610  0.181026  0.241673  0.353757  0.890295  0.758759  0.371231  0.257437  0.242741  0.296941  0.748298  0.335312  0.380823  0.274815  0.379974  0.214448  0.206711  0.238472  0.754848  0.241817  0.824152  0.254974  0.304251  0.207086  0.333502  0.780341  0.188094  0.231126  0.369084  0.323501  0.333498  0.228000  0.305396  0.163783  0.405574  0.147766  0.485545  0.323585  0.282879  0.243842  0.339882  0.429242  0.175076  0.219651  0.529863  0.269593  0.263867  0.232418  0.315717  0.220056  0.190492  0.303710  0.659323  0.774610  0.260286  0.254528  0.325384  0.622553  0.158447  0.217559  0.164423  0.205107  0.160142  0.152426  0.234783  0.205857  0.282583  0.277613  0.308902  0.329838  0.349204  0.741993  0.391698  0.203072  0.407406  0.845625  0.274307  0.361260  0.277039  0.324684  0.679178  0.205485  0.248702  0.529526  0.194336  0.196453  0.345783  0.786279  0.310144  0.241600  0.538289  0.840969  0.299392  0.814629  0.326303  0.401973  0.194408  0.208527  0.397838  0.225394 
17  0.329043  0.290540  0.157599  0.436115  0.415367  0.264059  0.375453  0.208079  0.147635  0.414392  0.763374  0.077867  0.194276  0.142842  0.570208  0.191913  0.183530 0.0  0.462163  0.556950  0.424843  0.293784  0.127285  0.154255  0.702370  0.190083  0.153108  0.080136  0.798939  0.465448  0.213937  0.077867  0.860257  0.450968  0.253184  0.290965  0.442986  0.492820  0.584513  0.133349  0.132153  0.478909  0.077867  0.252047  0.235972  0.311497  0.147212  0.077867  0.375111  0.077867  0.529753  0.378930  0.536364  0.184316  0.367674  0.408346  0.409797  0.310197  0.291797  0.417713  0.244889  0.094483  0.192123  0.136083  0.148919  0.110462  0.130390  0.181777  0.304007  0.435658  0.125426  0.252201  0.268798  0.280164  0.338037  0.183963  0.458677  0.382814  0.207696  0.144220  0.081721  0.083524  0.344391  0.279091  0.399075  0.237874  0.151983  0.623301  0.138225  0.183207  0.084763  0.077867  0.123422  0.195176  0.126168  0.165313  0.498220  0.449431  0.140068  0.137846  0.534167  0.875183  0.766837  0.440457  0.179276  0.126896  0.395934  0.800146  0.475144  0.337805  0.085617  0.417342  0.243904  0.125243  0.156552  0.792494  0.077867  0.790050  0.168932  0.119996  0.230869  0.390743  0.762184  0.192047  0.107690  0.465136  0.158152  0.484818  0.080239  0.431177  0.189341  0.495305  0.218391  0.508477  0.179482  0.404560  0.168720  0.214696  0.395721  0.163070  0.077867  0.514180  0.115963  0.108134  0.160597  0.355064  0.219560  0.278397  0.302942  0.632518  0.868072  0.147563  0.146157  0.210815  0.691861  0.096989  0.144489  0.171785  0.077867  0.175382  0.125039  0.151960  0.077867  0.186553  0.120991  0.099659  0.370838  0.332614  0.776607  0.433166  0.125265  0.378051  0.872538  0.086500  0.082027  0.209429  0.152954  0.674440  0.092194  0.077867  0.463323  0.175840  0.162090  0.429586  0.849128  0.112349  0.089777  0.562244  0.788272  0.338812  0.814431  0.126830  0.411596  0.190556  0.347204  0.345926  0.130707 
18  0.111580  0.379063  0.422572  0.098136  0.077867  0.100430  0.133612  0.382551  0.459433  0.541776  0.785741  0.331203  0.359856  0.372819  0.595798  0.434982  0.397494  0.462163 0.0  0.485471  0.426755  0.394598  0.447313  0.377251  0.844919  0.440562  0.475988  0.479243  0.675199  0.384388  0.441021  0.334249  0.818216  0.404263  0.229626  0.384880  0.411929  0.481688  0.636589  0.421070  0.537762  0.431285  0.369709  0.355117  0.340036  0.159398  0.407018  0.323917  0.256585  0.398480  0.610327  0.281304  0.654237  0.449101  0.133794  0.404463  0.445197  0.454406  0.396497  0.292730  0.378693  0.369899  0.412816  0.460761  0.404592  0.439645  0.400934  0.350209  0.505472  0.508844  0.434547  0.394788  0.278009  0.404093  0.471441  0.334613  0.347089  0.340564  0.358068  0.450831  0.416522  0.402417  0.472846  0.400503  0.397439  0.424521  0.451641  0.582522  0.348508  0.450687  0.431474  0.431525  0.397443  0.387942  0.470294  0.373520  0.163701  0.399640  0.379090  0.443740  0.418556  0.871114  0.868483  0.439470  0.418915  0.418484  0.382075  0.838482  0.424443  0.382007  0.483251  0.429313  0.470452  0.391471  0.437832  0.834512  0.441983  0.845725  0.392573  0.472015  0.400437  0.383276  0.865371  0.315168  0.319226  0.373386  0.421998  0.441358  0.438657  0.514246  0.392998  0.364762  0.402529  0.480508  0.461282  0.400697  0.352776  0.402775  0.077867  0.398522  0.333786  0.573634  0.405688  0.473773  0.411862  0.397336  0.362296  0.442128  0.363441  0.714952  0.770489  0.434109  0.430283  0.384912  0.694521  0.323015  0.373082  0.330921  0.342711  0.462989  0.449455  0.522053  0.386095  0.347932  0.396496  0.478509  0.487267  0.369624  0.916953  0.440952  0.357079  0.355881  0.818799  0.390981  0.464591  0.428505  0.497046  0.656876  0.444174  0.333430  0.468576  0.398116  0.412208  0.451152  0.776149  0.412698  0.371223  0.554638  0.794587  0.488577  0.770108  0.348195  0.398713  0.433770  0.360132  0.367122  0.302576 
19  0.573520  0.573396  0.547695  0.540676  0.396761  0.493784  0.482081  0.489901  0.607233  0.577928  0.887207  0.527466  0.577838  0.503007  0.475715  0.633837  0.526284  0.556950  0.485471 0.0  0.443185  0.524762  0.575282  0.570673  0.806101  0.534837  0.582151  0.511790  0.793412  0.546300  0.593976  0.539665  0.793081  0.603219  0.477639  0.459121  0.497375  0.555480  0.077867  0.534716  0.514356  0.443010  0.506775  0.557931  0.576556  0.483573  0.509609  0.581125  0.567880  0.497451  0.308980  0.592543  0.188784  0.473749  0.500455  0.497540  0.430334  0.499978  0.494175  0.598055  0.511507  0.534420  0.446722  0.598103  0.608561  0.510322  0.594056  0.485752  0.513777  0.430627  0.515447  0.507326  0.402939  0.497256  0.520556  0.430216  0.522551  0.469622  0.554631  0.515444  0.585115  0.525048  0.516967  0.619850  0.502159  0.509372  0.536810  0.552129  0.517146  0.556971  0.458361  0.535361  0.594710  0.536189  0.490285  0.448080  0.414201  0.457549  0.543911  0.528144  0.521429  0.762274  0.795230  0.549161  0.602977  0.522148  0.599112  0.735753  0.607758  0.512459  0.514076  0.497852  0.510967  0.443920  0.466749  0.782203  0.515633  0.760295  0.508216  0.629644  0.519539  0.675225  0.716742  0.519357  0.411960  0.531825  0.425453  0.497107  0.530067  0.487357  0.583095  0.597204  0.502285  0.164882  0.570729  0.571684  0.501051  0.556966  0.643700  0.541981  0.571852  0.222822  0.512986  0.478237  0.454311  0.538210  0.507742  0.552602  0.561155  0.698087  0.839119  0.548308  0.446061  0.531808  0.622679  0.567790  0.432153  0.572587  0.486516  0.564181  0.500209  0.462723  0.480104  0.573345  0.645631  0.577010  0.476025  0.486558  0.778512  0.575526  0.535259  0.536952  0.819331  0.530202  0.573040  0.451755  0.583994  0.744427  0.528501  0.562356  0.447292  0.547760  0.501673  0.554133  0.721299  0.480881  0.552869  0.224655  0.713406  0.540475  0.768348  0.473040  0.551068  0.450691  0.607409  0.584765  0.521836 
