197
0 0.0  0.371431  0.411554  0.180180  0.141843  0.074841  0.177253  0.250573  0.280506  0.377769  0.787254  0.365686  0.373603  0.308453  0.494772  0.460809  0.358294  0.437312  0.241577  0.483728  0.327967  0.457144  0.262165  0.360036  0.844581  0.321101  0.467693  0.476715  0.824087  0.289553  0.316388  0.281996  0.813090  0.327820  0.190960  0.346308  0.261750  0.432721  0.547445  0.422268  0.390516  0.322858  0.372315  0.367961  0.302046  0.214425  0.265152  0.340649  0.186206  0.377292  0.561305  0.216669  0.616731  0.309841  0.160650  0.319177  0.376598  0.362840  0.432595  0.160575  0.280015  0.366461  0.417694  0.412547  0.397557  0.388730  0.445367  0.349094  0.314454  0.502966  0.284856  0.464047  0.208512  0.345788  0.355236  0.376792  0.453480  0.338008  0.435199  0.357921  0.432081  0.387332  0.355172  0.403108  0.392769  0.317436  0.421855  0.617044  0.353100  0.427910  0.288038  0.367905  0.407831  0.403415  0.331678  0.361043  0.079678  0.246893  0.328896  0.391410  0.320275  0.784179  0.799355  0.371541  0.313449  0.374540  0.353116  0.842684  0.422854  0.267217  0.373445  0.401213  0.366469  0.356333  0.478304  0.888505  0.227803  0.844761  0.392390  0.444524  0.374115  0.336489  0.807270  0.441289  0.454220  0.337145  0.335591  0.293310  0.328190  0.374872  0.308877  0.357404  0.292383  0.438123  0.380185  0.275313  0.391202  0.323557  0.089315  0.424090  0.434174  0.451366  0.397582  0.286973  0.351016  0.366018  0.356967  0.262351  0.349471  0.633642  0.888979  0.339879  0.376117  0.411803  0.617500  0.419474  0.349238  0.291358  0.419684  0.351345  0.377961  0.406272  0.437869  0.352013  0.343209  0.322197  0.447887  0.256900  0.890018  0.408867  0.374607  0.378947  0.723509  0.434166  0.349390  0.250215  0.314386  0.560255  0.332940  0.316467  0.515569  0.367029  0.380279  0.349332  0.749958  0.358056  0.368140  0.549276  0.816995  0.387397  0.851982  0.413909  0.372856  0.285136  0.441582  0.442731  0.304424 
1  0.371431 0.0  0.373738  0.396513  0.458370  0.386147  0.417517  0.289142  0.232833  0.411015  0.898530  0.326772  0.384947  0.395915  0.534643  0.322863  0.256115  0.323821  0.360047  0.569993  0.463401  0.216507  0.348908  0.330183  0.774762  0.324027  0.348303  0.351877  0.701424  0.404432  0.226364  0.344872  0.863902  0.349657  0.263314  0.309409  0.439340  0.515643  0.687690  0.369495  0.248807  0.474002  0.456882  0.314356  0.228817  0.427219  0.219696  0.390993  0.347495  0.233416  0.516333  0.372764  0.588828  0.303894  0.317819  0.368142  0.352887  0.098752  0.461265  0.405485  0.287709  0.344305  0.373322  0.222868  0.369258  0.392959  0.363130  0.188827  0.267843  0.527123  0.306721  0.355155  0.232531  0.365797  0.171573  0.293488  0.477501  0.352639  0.303406  0.308814  0.234375  0.274404  0.462338  0.375387  0.430526  0.282739  0.232675  0.718192  0.284879  0.267742  0.368705  0.403035  0.276513  0.346849  0.258434  0.256494  0.354092  0.444257  0.296707  0.334189  0.467094  0.836167  0.860372  0.487443  0.352210  0.276752  0.493055  0.880371  0.498688  0.486118  0.296812  0.351567  0.259589  0.263919  0.349157  0.857801  0.326030  0.832845  0.363353  0.366604  0.166773  0.473594  0.781084  0.240550  0.267593  0.446842  0.301102  0.473324  0.247472  0.376069  0.364018  0.487316  0.242986  0.527394  0.294328  0.409882  0.279508  0.218429  0.482410  0.245272  0.374935  0.523057  0.273287  0.357840  0.229064  0.402657  0.074841  0.145018  0.377189  0.653191  0.735245  0.340874  0.391749  0.197230  0.678973  0.294030  0.383153  0.295010  0.283103  0.330633  0.305010  0.344935  0.269611  0.215475  0.282290  0.344848  0.394013  0.306144  0.745400  0.412412  0.330826  0.375106  0.769814  0.256016  0.286034  0.349682  0.266742  0.633156  0.271032  0.334031  0.607595  0.276401  0.195035  0.479283  0.769874  0.269247  0.297109  0.706804  0.836331  0.415672  0.871547  0.339602  0.410053  0.306807  0.263872  0.386637  0.319827 
2  0.411554  0.373738 0.0  0.459929  0.462128  0.299523  0.412708  0.105075  0.078548  0.512439  0.781473  0.211254  0.178631  0.207132  0.592742  0.158769  0.232551  0.178094  0.395856  0.446563  0.432540  0.255224  0.185437  0.225106  0.705073  0.172700  0.199327  0.236562  0.835360  0.346764  0.154847  0.243747  0.823057  0.426890  0.347377  0.190818  0.430120  0.384231  0.697318  0.181143  0.233077  0.352697  0.315983  0.197322  0.196489  0.375016  0.359862  0.203033  0.343698  0.302054  0.555239  0.345549  0.542376  0.257167  0.419225  0.422723  0.408798  0.304469  0.393250  0.329718  0.233107  0.099727  0.283926  0.174265  0.222085  0.186193  0.074841  0.246285  0.265571  0.495673  0.198276  0.175468  0.275277  0.332818  0.334565  0.282366  0.369056  0.474263  0.205959  0.267171  0.099286  0.192619  0.409604  0.302858  0.490455  0.178056  0.206633  0.738736  0.226859  0.159830  0.297698  0.087989  0.222727  0.241167  0.185902  0.101178  0.490077  0.396420  0.197303  0.183833  0.371160  0.806948  0.833886  0.508415  0.155292  0.099022  0.410005  0.811229  0.436014  0.422979  0.235590  0.438328  0.200773  0.149302  0.103983  0.872883  0.288147  0.888046  0.116898  0.182158  0.293738  0.440259  0.701205  0.234944  0.175943  0.465538  0.154660  0.477127  0.205369  0.321618  0.176242  0.354684  0.257617  0.471657  0.114325  0.477458  0.175489  0.104103  0.494608  0.178860  0.152726  0.533523  0.109385  0.238976  0.308607  0.361353  0.353291  0.268327  0.224993  0.721110  0.804105  0.281725  0.233866  0.116975  0.727403  0.146487  0.213528  0.218752  0.235742  0.182528  0.249681  0.275745  0.139021  0.131782  0.170266  0.211513  0.420569  0.219378  0.827361  0.474492  0.111962  0.436671  0.799395  0.155057  0.176103  0.159732  0.234971  0.617763  0.158879  0.075520  0.687230  0.152333  0.249611  0.483929  0.806507  0.239872  0.245550  0.614469  0.819827  0.438572  0.748461  0.190424  0.408276  0.276927  0.305969  0.388884  0.189741 
3  0.180180  0.396513  0.459929 0.0  0.153969  0.185295  0.097532  0.466413  0.412030  0.495913  0.791830  0.367973  0.430413  0.457511  0.530500  0.352942  0.396756  0.480882  0.084809  0.579778  0.411193  0.403273  0.528455  0.466070  0.793053  0.500754  0.423334  0.435147  0.772339  0.518415  0.406278  0.390652  0.854402  0.416331  0.116718  0.310655  0.473091  0.354473  0.618228  0.453025  0.427050  0.353673  0.364181  0.450605  0.403128  0.171749  0.291541  0.495892  0.285213  0.424726  0.597198  0.225853  0.619724  0.358829  0.264943  0.396734  0.387965  0.419674  0.383335  0.226715  0.442981  0.430964  0.368159  0.372023  0.441634  0.341559  0.372666  0.273817  0.450496  0.435925  0.421508  0.340064  0.167060  0.436016  0.441547  0.463895  0.423894  0.396087  0.357172  0.446714  0.382641  0.412592  0.485097  0.317355  0.405318  0.385248  0.371833  0.724429  0.401271  0.427024  0.303843  0.382780  0.472858  0.472856  0.412523  0.377779  0.153480  0.425454  0.388739  0.399833  0.364595  0.780683  0.839683  0.396964  0.458931  0.442885  0.397553  0.818022  0.441281  0.395162  0.483402  0.469245  0.413960  0.449390  0.407674  0.901470  0.381579  0.931266  0.355075  0.509678  0.475252  0.444885  0.756859  0.430677  0.372014  0.482713  0.361558  0.389413  0.416768  0.530005  0.367478  0.352296  0.393978  0.455548  0.452561  0.451760  0.401834  0.421164  0.092056  0.342231  0.425851  0.446143  0.425301  0.508009  0.409768  0.496272  0.390954  0.491399  0.372776  0.635540  0.788444  0.418620  0.440057  0.386504  0.694352  0.343293  0.275044  0.371284  0.384813  0.379607  0.482830  0.399730  0.376603  0.340986  0.444485  0.413316  0.506994  0.331840  0.842609  0.494692  0.458082  0.409097  0.885666  0.416227  0.460846  0.290757  0.367687  0.625829  0.422721  0.404912  0.534734  0.505420  0.404839  0.419320  0.748574  0.343526  0.408169  0.591106  0.682489  0.472978  0.890962  0.452970  0.434465  0.447732  0.396522  0.455880  0.383645 
4  0.141843  0.458370  0.462128  0.153969 0.0  0.216418  0.074841  0.449216  0.459450  0.469608  0.900536  0.435660  0.419662  0.409457  0.604619  0.341204  0.302721  0.416440  0.074841  0.517195  0.533242  0.366697  0.564542  0.387556  0.767344  0.418319  0.467828  0.362749  0.799172  0.500381  0.364579  0.369861  0.788620  0.373183  0.223772  0.420164  0.376702  0.511776  0.627449  0.392156  0.390021  0.490379  0.468362  0.423718  0.390902  0.118298  0.366092  0.448777  0.247868  0.446729  0.567992  0.282704  0.589622  0.386169  0.150457  0.427907  0.451659  0.326739  0.381521  0.225851  0.332016  0.325993  0.415596  0.489737  0.399293  0.405334  0.464645  0.481416  0.355798  0.493932  0.430998  0.387195  0.178756  0.392907  0.428046  0.460058  0.428057  0.459133  0.490808  0.425833  0.367493  0.324736  0.479612  0.361621  0.468007  0.305501  0.401271  0.632802  0.435256  0.494401  0.378644  0.541334  0.490916  0.418541  0.348947  0.335639  0.225185  0.419127  0.364659  0.451283  0.374663  0.780461  0.718726  0.411095  0.510643  0.499928  0.436180  0.887153  0.545960  0.431063  0.422652  0.383090  0.515918  0.479041  0.326551  0.931102  0.562503  0.844075  0.501791  0.527153  0.387188  0.543045  0.816859  0.422182  0.433448  0.461506  0.486525  0.496612  0.465128  0.416963  0.452867  0.435079  0.367784  0.532871  0.477397  0.279785  0.493399  0.450840  0.095761  0.384197  0.444176  0.527501  0.512620  0.414203  0.364602  0.406542  0.416175  0.434039  0.415371  0.699060  0.776689  0.494861  0.339830  0.375482  0.647423  0.477412  0.384050  0.427246  0.482901  0.416038  0.425572  0.464322  0.476966  0.403042  0.396488  0.534169  0.390853  0.311451  0.809333  0.455660  0.436454  0.397550  0.792283  0.524254  0.319236  0.433138  0.339554  0.789050  0.333350  0.360038  0.609344  0.485146  0.510607  0.415120  0.839376  0.418390  0.417064  0.527084  0.784000  0.568908  0.835398  0.363983  0.435512  0.410705  0.385803  0.445360  0.477642 
5  0.074841  0.386147  0.299523  0.185295  0.216418 0.0  0.074841  0.322676  0.318056  0.326041  0.781079  0.402757  0.416530  0.334103  0.550704  0.362348  0.413089  0.314608  0.168715  0.444515  0.362429  0.401111  0.357171  0.404595  0.819682  0.463272  0.361969  0.501549  0.706670  0.465468  0.407704  0.275491  0.785440  0.333417  0.188657  0.353392  0.379861  0.407944  0.432590  0.407556  0.347486  0.424555  0.338689  0.399065  0.385897  0.105165  0.375290  0.363323  0.181519  0.366468  0.550728  0.274287  0.559522  0.330574  0.207157  0.399588  0.404074  0.322424  0.349677  0.234930  0.386662  0.379983  0.467741  0.272223  0.381080  0.295190  0.364983  0.355705  0.388878  0.518662  0.414826  0.289964  0.175913  0.365983  0.373687  0.389905  0.288623  0.488277  0.371165  0.381952  0.302185  0.343407  0.382829  0.388340  0.331596  0.293485  0.442744  0.667861  0.402277  0.352388  0.366946  0.343556  0.343809  0.398644  0.456734  0.408430  0.122311  0.389674  0.357104  0.318242  0.350506  0.759251  0.829701  0.291939  0.383698  0.341671  0.425264  0.887164  0.337403  0.443326  0.362395  0.368255  0.347223  0.301915  0.278522  0.762414  0.365928  0.947525  0.381202  0.379706  0.306730  0.367877  0.807281  0.377075  0.385646  0.358091  0.424598  0.399940  0.306636  0.242473  0.399149  0.245868  0.303217  0.473540  0.363136  0.319733  0.297994  0.321461  0.157127  0.366751  0.337720  0.518420  0.463151  0.339384  0.320570  0.360872  0.380983  0.379688  0.435963  0.712428  0.759775  0.349008  0.287488  0.312612  0.624521  0.357856  0.371455  0.431153  0.382526  0.352833  0.282457  0.366727  0.344833  0.410618  0.375938  0.296436  0.330178  0.269716  0.778419  0.374843  0.214608  0.367860  0.748657  0.400955  0.317586  0.397600  0.238192  0.711152  0.348061  0.412837  0.447412  0.337477  0.483469  0.418238  0.835026  0.425355  0.370518  0.543713  0.879274  0.348534  0.774595  0.362555  0.308391  0.408929  0.379215  0.335137  0.352510 
6  0.177253  0.417517  0.412708  0.097532  0.074841  0.074841 0.0  0.423696  0.366537  0.412804  0.723044  0.464952  0.494920  0.530595  0.513756  0.325041  0.376857  0.435857  0.074841  0.607061  0.483953  0.335567  0.439892  0.374687  0.706014  0.487240  0.424342  0.466609  0.806504  0.429124  0.435267  0.414582  0.776718  0.447378  0.270051  0.349539  0.399796  0.439191  0.616525  0.452335  0.393161  0.379021  0.417776  0.418493  0.416630  0.147814  0.252917  0.461864  0.226835  0.451016  0.585708  0.281310  0.551437  0.329620  0.175924  0.342038  0.382429  0.435803  0.431133  0.373604  0.420827  0.388781  0.378465  0.441366  0.347746  0.403871  0.380290  0.295201  0.479886  0.470663  0.430334  0.401129  0.231998  0.407517  0.350715  0.371168  0.435043  0.400487  0.480668  0.354943  0.398069  0.405220  0.402041  0.377116  0.432710  0.513491  0.338682  0.692171  0.389616  0.452292  0.454633  0.458120  0.525709  0.441699  0.517034  0.463653  0.261888  0.461685  0.355043  0.379503  0.456990  0.787171  0.805335  0.361539  0.449732  0.551872  0.483293  0.829119  0.364358  0.410266  0.516162  0.434668  0.394556  0.443189  0.336821  0.727126  0.420821  0.766687  0.452358  0.401678  0.489786  0.453802  0.849170  0.419484  0.416082  0.313297  0.390925  0.437137  0.436457  0.431344  0.380352  0.402231  0.394252  0.386156  0.391224  0.374428  0.478118  0.359436  0.169336  0.427428  0.422667  0.414322  0.317589  0.434620  0.384141  0.308019  0.343507  0.403070  0.439062  0.736805  0.899330  0.331293  0.400640  0.319297  0.668525  0.352306  0.468465  0.507229  0.402472  0.351554  0.530868  0.443069  0.494073  0.345728  0.415632  0.384352  0.344780  0.352270  0.764167  0.446962  0.334958  0.327003  0.822681  0.488220  0.424821  0.378805  0.392737  0.734450  0.411028  0.373887  0.585162  0.396476  0.438164  0.418536  0.813825  0.436114  0.356476  0.506727  0.743692  0.423314  0.811782  0.433303  0.421147  0.327311  0.508742  0.478036  0.392873 
7  0.250573  0.289142  0.105075  0.466413  0.449216  0.322676  0.423696 0.0  0.074841  0.469154  0.794611  0.222145  0.202871  0.165791  0.584716  0.158944  0.270887  0.249910  0.461885  0.618862  0.438454  0.296335  0.193841  0.125290  0.794342  0.221285  0.185700  0.218091  0.794301  0.476729  0.147965  0.194197  0.856255  0.381055  0.218120  0.176568  0.441718  0.485586  0.603045  0.159742  0.137647  0.420297  0.163026  0.216552  0.241381  0.378097  0.200341  0.216060  0.249846  0.281567  0.565019  0.334476  0.638510  0.130126  0.323341  0.408581  0.479766  0.350245  0.316251  0.399750  0.232843  0.156058  0.247814  0.215900  0.093690  0.187588  0.247428  0.254870  0.281214  0.517401  0.167223  0.261399  0.230875  0.281417  0.192311  0.154778  0.488688  0.457850  0.124712  0.211856  0.180617  0.199446  0.364504  0.404476  0.374470  0.137370  0.170132  0.654860  0.129713  0.180062  0.253605  0.215267  0.173435  0.238955  0.096472  0.203215  0.384067  0.399245  0.277433  0.176647  0.592004  0.774996  0.800615  0.364826  0.161495  0.086506  0.371622  0.748576  0.417296  0.399605  0.145183  0.472781  0.127666  0.198266  0.171868  0.927583  0.233129  0.876774  0.090023  0.132228  0.185342  0.372235  0.767746  0.135526  0.121558  0.356294  0.242453  0.403622  0.238446  0.353910  0.132310  0.392326  0.177204  0.529659  0.186090  0.465454  0.157908  0.085823  0.448663  0.169136  0.129453  0.460571  0.253425  0.169000  0.221834  0.397953  0.218065  0.278090  0.266197  0.691518  0.778589  0.218787  0.195097  0.182031  0.744991  0.161942  0.138073  0.206172  0.167161  0.323868  0.180600  0.237857  0.301498  0.169540  0.187632  0.223416  0.331127  0.273267  0.831607  0.430459  0.082958  0.382203  0.772913  0.102266  0.235469  0.219641  0.125587  0.583997  0.111642  0.151559  0.554865  0.239223  0.163573  0.443686  0.857288  0.185353  0.155768  0.572577  0.865645  0.484716  0.896514  0.151756  0.417917  0.219536  0.329398  0.443041  0.188443 
8  0.280506  0.232833  0.078548  0.412030  0.459450  0.318056  0.366537  0.074841 0.0  0.475454  0.784079  0.192726  0.252296  0.173717  0.637713  0.159029  0.193743  0.137111  0.426766  0.500725  0.478182  0.259335  0.214493  0.175309  0.791436  0.247995  0.179705  0.125434  0.795876  0.438128  0.096999  0.269730  0.793624  0.453908  0.230028  0.308602  0.535574  0.406850  0.504312  0.155797  0.174385  0.399034  0.174300  0.292382  0.205866  0.417259  0.253262  0.116275  0.346089  0.186608  0.635979  0.410108  0.623011  0.178937  0.369743  0.401462  0.376644  0.260218  0.447292  0.412138  0.268468  0.220348  0.115629  0.137018  0.244701  0.299248  0.180555  0.259034  0.266436  0.562743  0.127916  0.284446  0.217680  0.298124  0.314962  0.246898  0.463109  0.426743  0.120360  0.229500  0.161552  0.240962  0.432351  0.412417  0.450778  0.169358  0.222561  0.614066  0.139809  0.226884  0.222845  0.225477  0.205864  0.207425  0.211803  0.188574  0.449016  0.414580  0.182537  0.123289  0.396620  0.823910  0.971230  0.394698  0.185619  0.074841  0.446582  0.893970  0.405840  0.444479  0.187870  0.400468  0.175341  0.154608  0.214803  0.776621  0.250296  0.789307  0.101572  0.250350  0.144322  0.433188  0.736879  0.151388  0.183584  0.358860  0.206265  0.380453  0.193133  0.444340  0.183162  0.401551  0.200507  0.587881  0.099910  0.452970  0.139174  0.110452  0.442255  0.232668  0.074841  0.450822  0.212831  0.138084  0.358792  0.426221  0.336770  0.276890  0.195974  0.652632  0.851054  0.214848  0.184766  0.144002  0.694293  0.123484  0.140106  0.158692  0.221238  0.144865  0.087044  0.246367  0.179850  0.234680  0.124998  0.203919  0.433077  0.370778  0.800019  0.394001  0.142721  0.410544  0.794791  0.198371  0.208388  0.183631  0.173420  0.636801  0.142192  0.136743  0.593699  0.079878  0.304161  0.437041  0.845014  0.124173  0.141158  0.587276  0.816081  0.382211  0.907843  0.185962  0.464514  0.163534  0.334368  0.358957  0.103821 
9  0.377769  0.411015  0.512439  0.495913  0.469608  0.326041  0.412804  0.469154  0.475454 0.0  0.892516  0.526091  0.387182  0.434257  0.486599  0.497936  0.378308  0.374725  0.429202  0.536778  0.316172  0.334707  0.459054  0.474277  0.789124  0.405539  0.424644  0.570549  0.739624  0.310197  0.391184  0.542827  0.830843  0.247851  0.297180  0.330241  0.389934  0.443485  0.674261  0.421851  0.446816  0.161007  0.358350  0.429081  0.369379  0.440061  0.453094  0.432966  0.457796  0.509294  0.539895  0.430226  0.553905  0.264913  0.382092  0.189983  0.190394  0.347682  0.337046  0.427005  0.512901  0.486117  0.462471  0.357140  0.374196  0.479466  0.478866  0.413751  0.562025  0.477327  0.406654  0.325822  0.214798  0.383258  0.332437  0.435359  0.313558  0.343372  0.387164  0.461993  0.412563  0.422101  0.288232  0.438964  0.307919  0.347526  0.382995  0.696679  0.411691  0.448252  0.446368  0.452611  0.454134  0.389249  0.414794  0.457121  0.441661  0.116290  0.471416  0.429885  0.074841  0.942463  0.916077  0.144659  0.496449  0.408932  0.200959  0.808793  0.274550  0.160929  0.426580  0.074841  0.415893  0.418995  0.454595  0.901768  0.407744  0.878372  0.320499  0.446391  0.352091  0.246717  0.802880  0.414819  0.471888  0.225435  0.492405  0.112426  0.459333  0.307476  0.454806  0.204581  0.454247  0.526088  0.401709  0.110409  0.535232  0.365940  0.361193  0.487704  0.445986  0.415664  0.455474  0.488281  0.411228  0.245364  0.327034  0.458595  0.328895  0.696643  0.697807  0.499205  0.394650  0.485501  0.664904  0.504876  0.403147  0.526695  0.463101  0.510394  0.480381  0.383991  0.567835  0.437985  0.516701  0.482832  0.200068  0.299940  0.734551  0.277681  0.562000  0.310354  0.789647  0.525992  0.541907  0.383368  0.475466  0.645666  0.313667  0.398415  0.543410  0.434245  0.442658  0.174977  0.705375  0.545966  0.308754  0.591128  0.683484  0.313991  0.844709  0.406041  0.363630  0.424481  0.407367  0.142318  0.437832 
10  0.787254  0.898530  0.781473  0.791830  0.900536  0.781079  0.723044  0.794611  0.784079  0.892516 0.0  0.817502  0.888399  0.857076  0.799576  0.838117  0.761715  0.854693  0.745204  0.793206  0.939080  0.812180  0.829135  0.866475  0.591274  0.802694  0.933436  0.787124  0.469403  0.824404  0.895827  0.898200  0.540583  0.848852  0.673483  0.925700  0.776357  0.881150  0.834499  0.776334  0.945669  0.721357  0.845973  0.746963  0.824656  0.826050  0.808313  0.939175  0.808534  0.875500  0.823060  0.744980  0.868247  0.794127  0.626858  0.861148  0.876014  0.818790  0.840350  0.884345  0.871745  0.843566  0.800361  0.804796  0.916640  0.896495  0.702713  0.843748  0.780411  0.843978  0.908075  0.782042  0.712412  0.899074  0.774630  0.821994  0.785118  0.885325  0.894255  0.787527  0.791275  0.871020  0.792787  0.815032  0.913320  0.887093  0.738396  0.729411  0.824399  0.711623  0.826902  0.728236  0.698942  0.864873  0.863505  0.807117  0.836141  0.905214  0.867409  0.783394  0.858308  0.489178  0.074841  0.923273  0.810952  0.743480  0.903070  0.288421  0.817400  0.880145  0.760538  0.867118  0.823044  0.927285  0.875580  0.156753  0.924544  0.131403  0.807192  0.846670  0.910478  0.781662  0.779223  0.831897  0.883459  0.738945  0.841063  0.808963  0.826176  0.804588  0.803907  0.762516  0.770883  0.718201  0.781854  0.841774  0.836582  0.836287  0.878406  0.890122  0.772238  0.803293  0.795089  0.840139  0.854147  0.747321  0.791574  0.768028  0.784292  0.770884  0.742098  0.813465  0.898476  0.931760  0.656344  0.860222  0.824372  0.863104  0.815663  0.778937  0.871255  0.790999  0.861071  0.787554  0.810921  0.787202  0.870148  0.741531  0.438753  0.791172  0.790769  0.846327  0.211919  0.890769  0.829878  0.888547  0.781936  0.643117  0.838110  0.934559  0.798844  0.776184  0.836030  0.744074  0.086776  0.819767  0.856273  0.811132  0.525618  0.820420  0.079006  0.808999  0.902677  0.791154  0.759170  0.886382  0.935502 
11  0.365686  0.326772  0.211254  0.367973  0.435660  0.402757  0.464952  0.222145  0.192726  0.526091  0.817502 0.0  0.074841  0.121946  0.537506  0.173562  0.219296  0.074841  0.457177  0.610923  0.470619  0.262892  0.074841  0.074841  0.727859  0.089905  0.120825  0.074841  0.724506  0.497227  0.074841  0.154515  0.773548  0.389353  0.255987  0.206035  0.494201  0.561071  0.499106  0.104682  0.159543  0.499657  0.118707  0.217048  0.258777  0.345750  0.246695  0.092804  0.377525  0.079824  0.539102  0.410456  0.516635  0.142236  0.313989  0.423452  0.421728  0.291714  0.520579  0.360774  0.225679  0.107024  0.136866  0.074841  0.149912  0.144059  0.091791  0.238918  0.431443  0.566900  0.134310  0.140731  0.237747  0.288469  0.359595  0.142684  0.447079  0.431644  0.211098  0.074841  0.093120  0.106758  0.480096  0.411282  0.434251  0.209062  0.138988  0.755291  0.134720  0.122821  0.127659  0.091521  0.161688  0.074841  0.186086  0.131539  0.354061  0.390967  0.111021  0.112271  0.472272  0.848323  0.773915  0.365526  0.130037  0.092007  0.465633  0.822735  0.426243  0.409589  0.150772  0.456587  0.093013  0.123019  0.181607  0.817758  0.136446  0.802781  0.222198  0.106628  0.242172  0.370954  0.895704  0.123107  0.129517  0.486337  0.120643  0.419738  0.122379  0.360564  0.192215  0.288583  0.074841  0.469084  0.122545  0.356717  0.120247  0.109894  0.508154  0.222179  0.191077  0.593337  0.157355  0.107885  0.189794  0.408647  0.231790  0.312575  0.285185  0.675538  0.817208  0.074841  0.128474  0.174027  0.680869  0.102084  0.100490  0.075642  0.161180  0.126841  0.210900  0.177711  0.192102  0.074841  0.165344  0.160579  0.477427  0.323440  0.707032  0.380044  0.157690  0.445472  0.795643  0.231552  0.164109  0.074841  0.124621  0.705039  0.138943  0.100935  0.624885  0.113000  0.082444  0.479726  0.823433  0.232312  0.103978  0.582484  0.746520  0.408631  0.919164  0.110129  0.487003  0.120407  0.270629  0.289951  0.204340 
12  0.373603  0.384947  0.178631  0.430413  0.419662  0.416530  0.494920  0.202871  0.252296  0.387182  0.888399  0.074841 0.0  0.176258  0.612364  0.195652  0.215670  0.142949  0.506379  0.445149  0.398924  0.284626  0.124519  0.253782  0.753008  0.127729  0.074841  0.074841  0.791490  0.504013  0.106131  0.137378  0.842968  0.357118  0.206394  0.249863  0.404028  0.486276  0.612614  0.074841  0.074841  0.428772  0.079167  0.243045  0.197699  0.413487  0.253711  0.105230  0.332687  0.074841  0.551295  0.364039  0.693845  0.329179  0.381261  0.346577  0.321064  0.207970  0.321265  0.348682  0.307631  0.192374  0.100073  0.181562  0.184644  0.094178  0.150388  0.225439  0.345511  0.529203  0.180754  0.277430  0.136284  0.354497  0.239687  0.087093  0.416788  0.410259  0.120827  0.196242  0.134727  0.190720  0.373834  0.324900  0.408288  0.172499  0.118242  0.692521  0.156782  0.144137  0.202333  0.074841  0.074841  0.115648  0.156883  0.085420  0.433283  0.487056  0.116836  0.203309  0.523404  0.773201  0.880642  0.500362  0.139639  0.184641  0.371115  0.802352  0.512660  0.434041  0.174931  0.409694  0.133271  0.155310  0.131687  0.810957  0.153719  0.697620  0.149376  0.118754  0.271966  0.445609  0.714952  0.132264  0.253750  0.353043  0.196058  0.557443  0.074841  0.516353  0.178406  0.411889  0.110341  0.591302  0.135023  0.410845  0.074841  0.149079  0.400997  0.168021  0.135918  0.541366  0.166457  0.140553  0.224237  0.341489  0.265879  0.253772  0.304691  0.567713  0.894549  0.117876  0.174503  0.167439  0.720801  0.194844  0.148014  0.164681  0.077280  0.122977  0.144219  0.156065  0.137563  0.083015  0.192769  0.218450  0.483168  0.299322  0.815364  0.331956  0.118646  0.304001  0.777777  0.161965  0.167351  0.168796  0.222161  0.677445  0.083750  0.156224  0.539035  0.104243  0.108548  0.448086  0.822611  0.180554  0.155234  0.651960  0.857414  0.436890  0.792359  0.107028  0.439915  0.100788  0.313463  0.397301  0.074841 
13  0.308453  0.395915  0.207132  0.457511  0.409457  0.334103  0.530595  0.165791  0.173717  0.434257  0.857076  0.121946  0.176258 0.0  0.528586  0.082651  0.273426  0.074841  0.402688  0.546607  0.419959  0.327905  0.184183  0.088820  0.728496  0.191787  0.074841  0.151483  0.764354  0.453785  0.136919  0.079518  0.852409  0.452178  0.270988  0.182416  0.390715  0.433620  0.610071  0.196682  0.142355  0.465522  0.240932  0.315199  0.227232  0.428612  0.194152  0.074841  0.339207  0.171252  0.579383  0.409832  0.496734  0.232145  0.386144  0.453920  0.472948  0.243298  0.359420  0.414970  0.317279  0.074841  0.126441  0.114031  0.076389  0.074841  0.158417  0.085410  0.381101  0.453108  0.100709  0.154366  0.230433  0.349640  0.249558  0.176309  0.387802  0.428632  0.083256  0.088278  0.169221  0.131873  0.412277  0.376400  0.368887  0.089813  0.122908  0.711655  0.144959  0.084593  0.102573  0.074852  0.084056  0.125480  0.093748  0.110617  0.352677  0.397969  0.130486  0.074841  0.426264  0.704027  0.781749  0.420809  0.074841  0.184990  0.481846  0.738897  0.418605  0.382804  0.168235  0.376787  0.302576  0.074841  0.111886  0.809261  0.086639  0.840959  0.197501  0.128280  0.229377  0.372670  0.796976  0.149387  0.074841  0.279770  0.115370  0.496268  0.138932  0.408724  0.211106  0.471384  0.112686  0.556872  0.087599  0.469094  0.119969  0.209388  0.456308  0.086406  0.134850  0.473882  0.074841  0.242113  0.282343  0.394554  0.308425  0.406455  0.336289  0.706452  0.862970  0.074841  0.135517  0.167757  0.655966  0.074841  0.074841  0.118540  0.181083  0.131032  0.124680  0.082857  0.137457  0.074841  0.140937  0.074841  0.474401  0.225524  0.847685  0.416257  0.123821  0.471590  0.759488  0.074841  0.163657  0.144340  0.102223  0.732370  0.108220  0.136248  0.537488  0.108838  0.095742  0.548286  0.844297  0.102845  0.162364  0.592597  0.870448  0.439021  0.809494  0.126891  0.419937  0.172262  0.220212  0.385474  0.100469 
14  0.494772  0.534643  0.592742  0.530500  0.604619  0.550704  0.513756  0.584716  0.637713  0.486599  0.799576  0.537506  0.612364  0.528586 0.0  0.648673  0.610155  0.643535  0.605366  0.326892  0.669882  0.519660  0.591620  0.607432  0.748440  0.564111  0.613758  0.729621  0.792494  0.651351  0.547811  0.529317  0.862506  0.599091  0.456417  0.535018  0.551020  0.610219  0.493069  0.520963  0.588501  0.593742  0.640834  0.573932  0.507262  0.558579  0.485444  0.510176  0.553178  0.523820  0.476683  0.596566  0.370920  0.506501  0.639836  0.606815  0.561809  0.664574  0.520169  0.564399  0.663143  0.559930  0.605756  0.549175  0.525823  0.556335  0.641106  0.535801  0.584457  0.513889  0.490607  0.580070  0.404045  0.614650  0.579948  0.630853  0.562724  0.545727  0.595241  0.557365  0.494432  0.616107  0.584649  0.568022  0.455584  0.620217  0.543863  0.619137  0.616979  0.517924  0.591937  0.561465  0.550646  0.598336  0.500265  0.673432  0.545933  0.623360  0.518592  0.543450  0.592228  0.845254  0.742496  0.627765  0.608325  0.591826  0.670951  0.815979  0.531647  0.584631  0.518438  0.597399  0.645493  0.614477  0.581705  0.845595  0.684273  0.734618  0.603030  0.642785  0.618044  0.522223  0.780090  0.556301  0.505360  0.598952  0.525999  0.566605  0.619532  0.618170  0.582272  0.566004  0.578590  0.360857  0.557016  0.561617  0.585997  0.566198  0.515004  0.576788  0.581899  0.297781  0.550364  0.637311  0.581115  0.574457  0.702960  0.689321  0.658817  0.670128  0.909476  0.588263  0.578711  0.581438  0.663781  0.611505  0.610261  0.526538  0.561619  0.616122  0.548582  0.532108  0.601408  0.648389  0.572164  0.554483  0.616888  0.552836  0.858158  0.504432  0.633340  0.563141  0.861127  0.550357  0.602116  0.589449  0.559169  0.688192  0.616708  0.616211  0.217688  0.484316  0.505447  0.566290  0.839701  0.573478  0.593373  0.405576  0.773358  0.535717  0.819221  0.594250  0.596160  0.535546  0.615048  0.604309  0.611123 
15  0.460809  0.322863  0.158769  0.352942  0.341204  0.362348  0.325041  0.158944  0.159029  0.497936  0.838117  0.173562  0.195652  0.082651  0.648673 0.0  0.258361  0.142391  0.517989  0.627056  0.435933  0.265043  0.239769  0.174250  0.857611  0.224051  0.099091  0.102322  0.810868  0.445858  0.135256  0.229005  0.748698  0.505472  0.240693  0.148996  0.442623  0.455096  0.559506  0.241634  0.136718  0.459110  0.122217  0.243895  0.178713  0.273054  0.209779  0.087522  0.352125  0.216894  0.562412  0.454330  0.648202  0.200240  0.403639  0.339674  0.347362  0.238679  0.429057  0.448014  0.326714  0.077725  0.074841  0.122430  0.074841  0.112640  0.122088  0.162290  0.266233  0.540957  0.128693  0.230879  0.257291  0.402261  0.269039  0.095289  0.490362  0.522981  0.160463  0.158880  0.074841  0.085480  0.369609  0.433836  0.441468  0.082305  0.076204  0.596594  0.116842  0.096082  0.102833  0.178516  0.076952  0.074841  0.105535  0.182112  0.457359  0.444686  0.174778  0.074841  0.434750  0.880455  0.771971  0.402456  0.092047  0.177743  0.441786  0.734084  0.465445  0.362121  0.172600  0.472676  0.188628  0.112069  0.074841  0.818717  0.128496  0.863274  0.123689  0.202711  0.197962  0.542200  0.885930  0.074841  0.107580  0.458059  0.088229  0.499672  0.090935  0.417575  0.074841  0.380939  0.167204  0.473116  0.126787  0.439990  0.103612  0.074841  0.466242  0.090817  0.127709  0.431086  0.173303  0.122491  0.256899  0.433368  0.303904  0.354297  0.220286  0.639132  0.767979  0.074841  0.138057  0.074841  0.749597  0.079175  0.086120  0.127884  0.080209  0.074841  0.130953  0.106491  0.129841  0.074841  0.191068  0.182185  0.487726  0.222495  0.827086  0.533711  0.100013  0.506061  0.755098  0.153358  0.074841  0.148441  0.263230  0.726956  0.074841  0.103007  0.503310  0.090168  0.074841  0.378925  0.743248  0.124160  0.245949  0.617921  0.781710  0.382986  0.788005  0.086455  0.336782  0.109476  0.232188  0.422470  0.128629 
16  0.358294  0.256115  0.232551  0.396756  0.302721  0.413089  0.376857  0.270887  0.193743  0.378308  0.761715  0.219296  0.215670  0.273426  0.610155  0.258361 0.0  0.267499  0.329016  0.575555  0.381707  0.239839  0.200794  0.191006  0.808525  0.252818  0.220985  0.246342  0.850940  0.368970  0.215246  0.139272  0.763769  0.346848  0.172049  0.319302  0.355339  0.337001  0.507914  0.281971  0.185544  0.398797  0.313222  0.262805  0.176222  0.397702  0.207169  0.239127  0.440825  0.268251  0.554263  0.337176  0.513567  0.090034  0.363955  0.359470  0.332650  0.315091  0.322599  0.502673  0.202091  0.272140  0.284204  0.229073  0.209638  0.313332  0.283064  0.260548  0.210418  0.455882  0.277927  0.313938  0.317062  0.313627  0.279945  0.148096  0.392677  0.258671  0.247853  0.185305  0.249640  0.278867  0.369042  0.314296  0.344565  0.183926  0.222192  0.720142  0.269737  0.207232  0.232683  0.325133  0.234103  0.181162  0.239659  0.298567  0.342089  0.410583  0.200906  0.278676  0.306418  0.841962  0.826400  0.367622  0.177747  0.231966  0.308085  0.757240  0.301610  0.365461  0.143985  0.308240  0.270331  0.226589  0.198946  0.849103  0.207688  0.831764  0.183328  0.219236  0.262660  0.408633  0.810709  0.205736  0.298813  0.418887  0.212190  0.373880  0.204186  0.300838  0.184067  0.383373  0.263758  0.540513  0.291307  0.309189  0.209944  0.230213  0.327184  0.181948  0.229053  0.439376  0.224623  0.190775  0.361194  0.454076  0.256562  0.261950  0.278615  0.660926  0.825386  0.236944  0.220365  0.257634  0.736236  0.160448  0.257038  0.112452  0.191246  0.262357  0.199140  0.189810  0.267041  0.253132  0.198867  0.220957  0.307310  0.269755  0.906410  0.297785  0.173716  0.295388  0.725038  0.188689  0.205823  0.242220  0.297358  0.742263  0.227871  0.235231  0.513152  0.216907  0.207787  0.451475  0.704865  0.240964  0.188865  0.604307  0.789650  0.396694  0.833642  0.215655  0.371048  0.251033  0.153210  0.375169  0.190478 
17  0.437312  0.323821  0.178094  0.480882  0.416440  0.314608  0.435857  0.249910  0.137111  0.374725  0.854693  0.074841  0.142949  0.074841  0.643535  0.142391  0.267499 0.0  0.448606  0.560635  0.457399  0.310334  0.100714  0.115605  0.828080  0.165088  0.119558  0.102622  0.735159  0.389175  0.088740  0.196400  0.863592  0.411884  0.215156  0.271902  0.400045  0.480145  0.715653  0.098925  0.153446  0.452183  0.074841  0.214587  0.212042  0.345238  0.174782  0.109004  0.259256  0.074841  0.547523  0.398400  0.619968  0.232676  0.404572  0.476393  0.331383  0.292753  0.436516  0.452074  0.319391  0.118779  0.176856  0.127226  0.165502  0.146379  0.107257  0.282078  0.267011  0.535249  0.223052  0.273761  0.221812  0.289931  0.209805  0.119419  0.381023  0.446160  0.219781  0.074841  0.074841  0.179456  0.447817  0.328763  0.364971  0.085387  0.168624  0.579560  0.154522  0.188874  0.133058  0.074841  0.166645  0.074841  0.074841  0.163685  0.408401  0.382149  0.074841  0.099053  0.453390  0.870917  0.764341  0.469844  0.158727  0.265426  0.380580  0.909348  0.409327  0.325700  0.122674  0.323250  0.255807  0.208693  0.081775  0.871601  0.165634  0.712725  0.157463  0.091397  0.218613  0.412758  0.780479  0.107034  0.224599  0.399322  0.149017  0.398373  0.122695  0.440632  0.108937  0.445062  0.138777  0.525656  0.162122  0.426551  0.084103  0.139020  0.458542  0.134389  0.074841  0.479104  0.142532  0.157971  0.209597  0.465226  0.311472  0.322386  0.240450  0.765577  0.791837  0.204902  0.197933  0.164659  0.661762  0.117886  0.122348  0.074841  0.258343  0.242186  0.077173  0.200310  0.123608  0.127996  0.132012  0.140764  0.443982  0.374996  0.851087  0.358395  0.102289  0.417406  0.782614  0.152298  0.074841  0.101414  0.121747  0.731791  0.077117  0.173005  0.567097  0.145289  0.112099  0.497996  0.745924  0.122925  0.089746  0.594306  0.800924  0.493773  0.830287  0.147572  0.389160  0.278102  0.212863  0.442849  0.165590 
18  0.241577  0.360047  0.395856  0.084809  0.074841  0.168715  0.074841  0.461885  0.426766  0.429202  0.745204  0.457177  0.506379  0.402688  0.605366  0.517989  0.329016  0.448606 0.0  0.550156  0.497953  0.386247  0.523481  0.463560  0.825536  0.435285  0.443203  0.509096  0.815720  0.461636  0.416677  0.390095  0.710007  0.457703  0.265501  0.259724  0.522832  0.444026  0.665118  0.394473  0.424278  0.402638  0.388295  0.358237  0.332877  0.074841  0.279654  0.367109  0.259548  0.370215  0.607052  0.291325  0.604224  0.396937  0.159458  0.379766  0.480254  0.493061  0.357022  0.349234  0.278432  0.382819  0.434406  0.482370  0.435713  0.434864  0.441989  0.340452  0.509478  0.537977  0.386866  0.383901  0.106913  0.417911  0.406221  0.299838  0.364688  0.423192  0.398232  0.438305  0.338272  0.312238  0.356008  0.335221  0.435775  0.397155  0.518309  0.608751  0.402687  0.416009  0.375938  0.385581  0.457522  0.374363  0.449227  0.524783  0.177240  0.396015  0.382845  0.435306  0.481728  0.840345  0.834465  0.475273  0.406659  0.404162  0.387399  0.790183  0.408437  0.401342  0.496835  0.398815  0.443306  0.413020  0.469347  0.834676  0.371620  0.850568  0.401298  0.429119  0.422034  0.480292  0.785098  0.361563  0.471962  0.431349  0.470168  0.348286  0.385333  0.409471  0.504775  0.405547  0.450963  0.575210  0.370193  0.472625  0.469945  0.386727  0.074841  0.378204  0.394920  0.396575  0.400157  0.472941  0.377751  0.447798  0.378262  0.453088  0.484808  0.689129  0.878996  0.396460  0.496313  0.502062  0.685423  0.404861  0.463321  0.435241  0.416178  0.433816  0.486347  0.394383  0.409081  0.333981  0.534447  0.344426  0.390043  0.333109  0.794674  0.480669  0.427773  0.420922  0.805973  0.477722  0.296504  0.429372  0.447536  0.640726  0.287501  0.350366  0.516671  0.445622  0.360748  0.452765  0.862205  0.412800  0.442995  0.576511  0.849005  0.419881  0.877667  0.434272  0.429682  0.390127  0.352247  0.336914  0.496569 
19  0.483728  0.569993  0.446563  0.579778  0.517195  0.444515  0.607061  0.618862  0.500725  0.536778  0.793206  0.610923  0.445149  0.546607  0.326892  0.627056  0.575555  0.560635  0.550156 0.0  0.595229  0.584103  0.563753  0.463388  0.774941  0.562150  0.548664  0.506390  0.669057  0.603457  0.463899  0.614010  0.794707  0.652757  0.536189  0.561724  0.541140  0.566936  0.210402  0.538937  0.601986  0.581528  0.561738  0.586507  0.481744  0.475984  0.454044  0.541713  0.473959  0.484800  0.129459  0.582161  0.295203  0.463267  0.581770  0.484669  0.567995  0.579833  0.568409  0.539766  0.459180  0.588034  0.482119  0.598786  0.627606  0.567072  0.495020  0.515582  0.576725  0.519553  0.459872  0.602149  0.452110  0.579571  0.519159  0.538272  0.479789  0.546418  0.490654  0.525814  0.383571  0.618238  0.510337  0.556601  0.486133  0.627010  0.575979  0.654229  0.524657  0.593787  0.495034  0.580777  0.525241  0.479080  0.581931  0.582646  0.476769  0.586042  0.477881  0.513810  0.560305  0.748524  0.839854  0.577500  0.520686  0.443114  0.460094  0.768571  0.575590  0.501747  0.515126  0.521836  0.634170  0.527738  0.529075  0.756464  0.504990  0.807906  0.504625  0.584658  0.633500  0.532034  0.850207  0.565140  0.581305  0.401081  0.574559  0.530876  0.523155  0.537087  0.475967  0.531827  0.615995  0.195827  0.526630  0.524715  0.552633  0.574926  0.588533  0.556415  0.469866  0.117525  0.602682  0.603106  0.502931  0.566715  0.561899  0.541552  0.503828  0.706221  0.789714  0.537078  0.532712  0.502396  0.628952  0.608296  0.498111  0.462164  0.440768  0.560047  0.600328  0.507119  0.495286  0.514184  0.597044  0.512758  0.586779  0.450531  0.784829  0.474322  0.538573  0.577983  0.832654  0.587509  0.510393  0.548891  0.622741  0.629139  0.526658  0.626929  0.415702  0.526334  0.525338  0.580479  0.779249  0.510856  0.591533  0.249764  0.858327  0.533966  0.838881  0.575483  0.467673  0.544343  0.552459  0.500883  0.568542 
