197
0 0.0  0.319035  0.377427  0.220831  0.118314  0.237729  0.253138  0.432996  0.396112  0.301309  0.765467  0.323567  0.364436  0.427651  0.578112  0.317397  0.249124  0.422775  0.203203  0.551714  0.415205  0.336142  0.335568  0.369821  0.712382  0.429258  0.478393  0.290955  0.736084  0.351722  0.463362  0.423058  0.685239  0.384170  0.333048  0.428678  0.300046  0.360287  0.513428  0.289007  0.392919  0.399246  0.390229  0.327119  0.344861  0.078002  0.412385  0.411032  0.131951  0.395058  0.524113  0.212493  0.543898  0.288330  0.120522  0.369259  0.317041  0.358281  0.459059  0.220186  0.430567  0.311227  0.400326  0.371094  0.470176  0.279461  0.370120  0.439899  0.316138  0.630138  0.313022  0.306866  0.239164  0.346429  0.290389  0.400674  0.296974  0.371225  0.375332  0.289373  0.345547  0.408963  0.313742  0.369795  0.421421  0.426997  0.304598  0.643241  0.315808  0.236529  0.478434  0.329813  0.390768  0.294766  0.381958  0.330741  0.141380  0.343099  0.349183  0.477849  0.379575  0.794052  0.850244  0.392296  0.378467  0.370579  0.410733  0.862722  0.361362  0.450079  0.437626  0.420551  0.381215  0.320459  0.368672  0.815109  0.412098  0.800372  0.351248  0.384699  0.357552  0.390739  0.787902  0.357560  0.292151  0.380851  0.406721  0.308200  0.346371  0.345601  0.344980  0.361386  0.375216  0.462506  0.428773  0.448672  0.348368  0.383039  0.141874  0.307423  0.374755  0.601808  0.249445  0.441623  0.453787  0.329082  0.357258  0.375804  0.329091  0.595401  0.769790  0.320124  0.391799  0.321906  0.668686  0.340516  0.297441  0.440095  0.350769  0.346202  0.432198  0.368706  0.392352  0.368807  0.354293  0.352832  0.392870  0.321267  0.836599  0.393367  0.383992  0.246566  0.804551  0.332920  0.314876  0.367438  0.393282  0.760073  0.351640  0.376224  0.474682  0.358414  0.455517  0.378740  0.806578  0.396873  0.374508  0.536980  0.841548  0.324331  0.727035  0.359927  0.216331  0.354917  0.356973  0.401269  0.370584 
1  0.319035 0.0  0.245736  0.368075  0.381508  0.324279  0.379298  0.374761  0.423729  0.510212  0.902625  0.320554  0.277631  0.296764  0.547325  0.322709  0.224484  0.358142  0.416657  0.579039  0.443876  0.164702  0.218256  0.430193  0.823456  0.253327  0.306702  0.269201  0.739595  0.409961  0.319002  0.250532  0.811252  0.240596  0.207625  0.210629  0.437926  0.485270  0.576189  0.376133  0.410146  0.409273  0.342980  0.257529  0.199089  0.412867  0.163996  0.203444  0.489588  0.280768  0.585929  0.435498  0.555556  0.161914  0.363006  0.429357  0.436229  0.232249  0.360426  0.405070  0.270499  0.270771  0.304032  0.297699  0.341926  0.222780  0.330138  0.190858  0.357755  0.561305  0.223666  0.308638  0.193069  0.273212  0.208270  0.294861  0.444014  0.470250  0.274296  0.280119  0.318042  0.292532  0.404398  0.382926  0.519863  0.287913  0.251930  0.679597  0.322527  0.306919  0.364939  0.362535  0.300770  0.314409  0.250335  0.329342  0.455477  0.401921  0.251091  0.315819  0.508023  0.816115  0.929467  0.357633  0.231008  0.322995  0.433518  0.823154  0.505282  0.439843  0.308927  0.402286  0.380574  0.240933  0.255755  0.770178  0.307990  0.857833  0.389895  0.247481  0.354621  0.409483  0.686130  0.182261  0.368138  0.432627  0.285798  0.434017  0.366293  0.365148  0.328338  0.380115  0.328424  0.438763  0.266497  0.486203  0.393745  0.331074  0.496568  0.247186  0.233565  0.520037  0.251650  0.437989  0.159520  0.408192  0.204669  0.250490  0.282112  0.703194  0.747343  0.218673  0.247568  0.381487  0.694350  0.377121  0.267824  0.287497  0.359731  0.368961  0.320787  0.274867  0.378865  0.415776  0.233132  0.347089  0.390042  0.242853  0.752986  0.453169  0.284043  0.355368  0.807510  0.441673  0.242812  0.227201  0.255086  0.667325  0.213938  0.329929  0.552486  0.298186  0.263557  0.490799  0.847639  0.380081  0.419508  0.601289  0.783532  0.455709  0.907368  0.283165  0.394337  0.343340  0.229902  0.357949  0.296270 
2  0.377427  0.245736 0.0  0.386245  0.419101  0.481594  0.411454  0.078002  0.103211  0.435662  0.836847  0.091237  0.230002  0.107027  0.520719  0.122468  0.197751  0.340710  0.405156  0.546490  0.495717  0.296165  0.257969  0.165206  0.813714  0.168294  0.137324  0.121806  0.854844  0.412755  0.204231  0.179686  0.813990  0.361136  0.263494  0.202095  0.449362  0.446584  0.717703  0.078002  0.204311  0.420848  0.195103  0.288422  0.272865  0.385185  0.232988  0.177360  0.315704  0.222270  0.565290  0.383507  0.554531  0.258493  0.366353  0.411768  0.414115  0.381246  0.397507  0.363382  0.242438  0.114965  0.078002  0.161218  0.159856  0.220644  0.206803  0.288545  0.306528  0.595291  0.127401  0.206578  0.154708  0.271486  0.327425  0.184444  0.369390  0.307146  0.180659  0.254236  0.143288  0.236375  0.433939  0.442232  0.375511  0.180392  0.198311  0.652980  0.175241  0.141980  0.237982  0.154448  0.251049  0.261982  0.176865  0.139124  0.423047  0.428298  0.198883  0.183496  0.387347  0.844400  0.906848  0.417499  0.217526  0.083261  0.450970  0.784600  0.389165  0.426024  0.230191  0.434938  0.078002  0.081465  0.281249  0.889752  0.208772  0.791113  0.126792  0.257353  0.279903  0.408419  0.816231  0.152836  0.173350  0.438340  0.183678  0.409593  0.154879  0.477203  0.135941  0.446879  0.185811  0.583742  0.171944  0.349312  0.196656  0.078002  0.407655  0.119049  0.186837  0.493658  0.288350  0.184559  0.223419  0.383266  0.308403  0.329859  0.332515  0.635413  0.791273  0.193680  0.131855  0.116878  0.744451  0.162569  0.208863  0.242240  0.184382  0.140711  0.168873  0.135416  0.157184  0.210083  0.193252  0.173265  0.465176  0.353669  0.807532  0.420216  0.259338  0.450570  0.717330  0.236798  0.192606  0.131327  0.273234  0.643361  0.078002  0.132644  0.551113  0.225203  0.120716  0.391304  0.828025  0.214438  0.158733  0.557865  0.839569  0.486018  0.823717  0.180409  0.436666  0.172526  0.248890  0.414364  0.160331 
3  0.220831  0.368075  0.386245 0.0  0.195423  0.138697  0.152167  0.423268  0.443801  0.474983  0.822233  0.352844  0.422652  0.394767  0.590822  0.466887  0.340536  0.525729  0.144502  0.455301  0.381319  0.365019  0.477317  0.477658  0.866709  0.487751  0.536929  0.449304  0.702489  0.393711  0.342220  0.516343  0.826318  0.458559  0.187777  0.445266  0.345331  0.379472  0.597814  0.400182  0.388034  0.394226  0.413976  0.429553  0.420834  0.146359  0.298233  0.351722  0.243346  0.340573  0.555450  0.292656  0.596185  0.212974  0.084785  0.413610  0.456747  0.392721  0.374241  0.353036  0.471857  0.303467  0.422644  0.407932  0.389510  0.367336  0.436740  0.439637  0.301218  0.502728  0.331604  0.346856  0.266461  0.374952  0.504800  0.472220  0.517542  0.417564  0.434504  0.392540  0.392599  0.367074  0.338800  0.401760  0.431373  0.362311  0.307265  0.576970  0.352406  0.425139  0.451227  0.391638  0.354338  0.407725  0.424189  0.328696  0.164695  0.395832  0.445444  0.407000  0.426698  0.785627  0.790031  0.455852  0.375994  0.372325  0.423519  0.827260  0.390314  0.403453  0.516959  0.308249  0.395214  0.369032  0.413051  0.777064  0.340953  0.754694  0.495167  0.389623  0.475511  0.503141  0.753683  0.363570  0.415008  0.430866  0.374226  0.371829  0.423533  0.437160  0.457233  0.254499  0.432966  0.546314  0.443769  0.433295  0.415251  0.491380  0.149593  0.408351  0.411286  0.468891  0.373017  0.396202  0.411921  0.361984  0.401121  0.443792  0.429415  0.654378  0.885474  0.408418  0.385017  0.374149  0.692933  0.475379  0.444047  0.370773  0.387231  0.341401  0.410297  0.544925  0.396321  0.426516  0.392507  0.309924  0.433227  0.336978  0.751196  0.382597  0.473570  0.417412  0.800067  0.437269  0.423766  0.364107  0.414139  0.652345  0.363187  0.459765  0.604504  0.398580  0.377115  0.455206  0.810999  0.353450  0.319194  0.587027  0.711494  0.373909  0.882884  0.363353  0.493292  0.404643  0.361432  0.338370  0.462372 
4  0.118314  0.381508  0.419101  0.195423 0.0  0.221520  0.078002  0.432658  0.455538  0.455991  0.785031  0.415910  0.523156  0.471260  0.588629  0.352172  0.344413  0.414939  0.078002  0.518819  0.457142  0.410591  0.426214  0.510519  0.832297  0.413861  0.555547  0.493131  0.760398  0.419367  0.486634  0.409311  0.789592  0.423625  0.206570  0.383726  0.415449  0.433672  0.572058  0.511539  0.457083  0.541302  0.445235  0.404552  0.357791  0.115956  0.398288  0.394960  0.241132  0.501495  0.649011  0.266048  0.572426  0.398345  0.187330  0.391129  0.425004  0.379222  0.388903  0.260668  0.478907  0.388256  0.373453  0.384278  0.407671  0.407020  0.471384  0.324555  0.440005  0.398099  0.468504  0.375233  0.214285  0.428404  0.394510  0.409858  0.472918  0.510815  0.440354  0.483364  0.409484  0.375967  0.490296  0.333072  0.438116  0.369940  0.415085  0.716796  0.454543  0.460370  0.441007  0.436190  0.541366  0.456263  0.439961  0.471479  0.124898  0.434625  0.366554  0.376424  0.506231  0.773766  0.851309  0.455581  0.427593  0.463966  0.493622  0.872189  0.430974  0.480604  0.397105  0.393116  0.399297  0.437413  0.403430  0.789038  0.316217  0.834968  0.450342  0.424020  0.476994  0.470228  0.763424  0.417876  0.430006  0.486501  0.460857  0.394363  0.422110  0.408830  0.373603  0.341552  0.435410  0.446616  0.474591  0.470927  0.394696  0.388580  0.244557  0.423966  0.435450  0.547291  0.383656  0.410144  0.343906  0.423595  0.361365  0.466996  0.344732  0.660116  0.815307  0.363387  0.375689  0.439728  0.763765  0.520267  0.417642  0.374640  0.374248  0.380377  0.420992  0.454730  0.401040  0.288964  0.434935  0.404705  0.433276  0.277800  0.745443  0.342802  0.429074  0.366679  0.854109  0.420450  0.394089  0.353598  0.449213  0.681803  0.356044  0.431106  0.468237  0.463436  0.387296  0.423362  0.821770  0.393397  0.401810  0.578783  0.740743  0.479325  0.757358  0.399522  0.408239  0.450157  0.336318  0.341466  0.524954 
5  0.237729  0.324279  0.481594  0.138697  0.221520 0.0  0.215915  0.337966  0.385156  0.409425  0.860979  0.402064  0.392453  0.422320  0.546142  0.381093  0.421564  0.389861  0.078002  0.480263  0.438610  0.333561  0.373375  0.426372  0.827023  0.367139  0.420174  0.401858  0.710944  0.356544  0.346312  0.337349  0.790865  0.387303  0.233730  0.377412  0.407055  0.390522  0.551577  0.401105  0.392661  0.386527  0.302671  0.318713  0.307498  0.191919  0.352625  0.291832  0.199909  0.466681  0.535111  0.305373  0.572022  0.329576  0.094202  0.504817  0.322238  0.341209  0.505539  0.207747  0.277897  0.395509  0.369439  0.251396  0.325613  0.291439  0.471180  0.478659  0.423569  0.544785  0.370660  0.358916  0.275590  0.427094  0.343776  0.299575  0.479788  0.372576  0.396092  0.336386  0.368989  0.395426  0.454616  0.347613  0.386435  0.423635  0.451850  0.709998  0.364863  0.384772  0.413660  0.459803  0.370274  0.366238  0.319127  0.438165  0.153763  0.323152  0.297584  0.382419  0.273007  0.827750  0.862944  0.403454  0.318269  0.353773  0.391257  0.804565  0.384883  0.297863  0.275311  0.368384  0.369054  0.440231  0.361616  0.837004  0.351971  0.695476  0.372245  0.277022  0.300353  0.350583  0.694981  0.402463  0.400625  0.336237  0.371590  0.307547  0.391523  0.427761  0.359921  0.311866  0.390279  0.575760  0.362878  0.337544  0.430086  0.388542  0.092813  0.300032  0.318937  0.522206  0.341086  0.320730  0.381812  0.400580  0.325847  0.316795  0.415140  0.541365  0.816355  0.381113  0.466512  0.342487  0.606907  0.326901  0.367420  0.327594  0.316647  0.363562  0.288786  0.336031  0.487229  0.303727  0.417534  0.363764  0.369946  0.240030  0.836996  0.372996  0.410954  0.462076  0.720854  0.326104  0.406575  0.375809  0.411887  0.592619  0.404738  0.331759  0.415054  0.319206  0.390447  0.383637  0.845934  0.343864  0.313276  0.635376  0.792758  0.356066  0.779842  0.420692  0.365541  0.484364  0.265349  0.431599  0.371614 
6  0.253138  0.379298  0.411454  0.152167  0.078002  0.215915 0.0  0.387060  0.447722  0.416146  0.799477  0.415657  0.486510  0.440931  0.585815  0.458855  0.357727  0.535898  0.105346  0.463469  0.520948  0.374305  0.474380  0.456693  0.664749  0.442328  0.402548  0.432546  0.766756  0.398071  0.366523  0.504771  0.827187  0.520664  0.232290  0.331413  0.452925  0.362124  0.594659  0.463445  0.409547  0.395440  0.533602  0.340926  0.352116  0.120468  0.371164  0.389407  0.192529  0.480544  0.569049  0.202459  0.561590  0.331386  0.185099  0.470047  0.416068  0.413855  0.326582  0.194325  0.382007  0.347986  0.457471  0.329986  0.411249  0.359084  0.364125  0.336312  0.455840  0.491261  0.350463  0.422286  0.169417  0.413533  0.434755  0.482335  0.421128  0.459078  0.362780  0.461437  0.414683  0.463761  0.336798  0.517497  0.420886  0.392440  0.436737  0.689644  0.481204  0.443057  0.389330  0.473996  0.482368  0.439797  0.477543  0.482240  0.185769  0.424129  0.438888  0.417668  0.421013  0.867947  0.759917  0.472082  0.459355  0.362538  0.499095  0.814271  0.437872  0.398402  0.363513  0.445835  0.496108  0.398316  0.422849  0.804080  0.454623  0.835502  0.431285  0.503035  0.348990  0.416341  0.792568  0.310077  0.447447  0.430147  0.454104  0.399141  0.438182  0.431008  0.491731  0.399670  0.492112  0.591542  0.356873  0.408495  0.367538  0.441271  0.136768  0.466541  0.408369  0.611217  0.474281  0.431749  0.428160  0.327569  0.411684  0.399569  0.413174  0.676318  0.747886  0.411445  0.335160  0.365907  0.704776  0.449167  0.416044  0.470360  0.419457  0.400316  0.561423  0.404523  0.433074  0.387431  0.344105  0.439122  0.408022  0.266089  0.763500  0.405827  0.327396  0.511371  0.876254  0.319619  0.481736  0.351326  0.338872  0.650238  0.403817  0.414279  0.563962  0.368310  0.465244  0.520642  0.807205  0.409771  0.404131  0.534786  0.850103  0.344807  0.846353  0.424710  0.407854  0.404273  0.517351  0.341922  0.378958 
7  0.432996  0.374761  0.078002  0.423268  0.432658  0.337966  0.387060 0.0  0.078002  0.407102  0.873677  0.147678  0.294324  0.123112  0.549226  0.151616  0.194432  0.170116  0.469000  0.538054  0.470003  0.371492  0.153243  0.107786  0.746200  0.204796  0.185895  0.205878  0.767559  0.391571  0.187577  0.196582  0.755896  0.502622  0.277113  0.243784  0.500418  0.408674  0.662406  0.295573  0.195886  0.529601  0.247233  0.218812  0.164725  0.354250  0.253187  0.224189  0.330160  0.087121  0.570096  0.452595  0.662821  0.274755  0.318322  0.487212  0.438643  0.312788  0.315077  0.391331  0.290546  0.124340  0.301000  0.209173  0.301949  0.104088  0.131586  0.390015  0.276287  0.532395  0.171114  0.271380  0.136985  0.265818  0.334772  0.186463  0.486658  0.475645  0.138188  0.196738  0.206926  0.147737  0.439666  0.372870  0.482520  0.229063  0.145923  0.690200  0.210630  0.151931  0.207936  0.208498  0.132026  0.095778  0.171927  0.144462  0.379996  0.365890  0.165824  0.141883  0.360615  0.748623  0.797413  0.475031  0.154220  0.160150  0.393613  0.701578  0.452223  0.419719  0.191702  0.499965  0.166611  0.185284  0.248167  0.885058  0.233401  0.819654  0.129874  0.264430  0.258184  0.482958  0.711560  0.159325  0.177429  0.507810  0.154384  0.474177  0.245644  0.413014  0.137958  0.423711  0.210646  0.499636  0.230858  0.398756  0.213921  0.128685  0.412931  0.220307  0.128697  0.519317  0.213752  0.268869  0.222991  0.450193  0.312557  0.270171  0.218765  0.635391  0.899739  0.147485  0.169831  0.192100  0.729033  0.242036  0.149849  0.180065  0.131769  0.220736  0.243991  0.139839  0.161383  0.215769  0.153136  0.184050  0.421883  0.335839  0.788554  0.424903  0.156168  0.397979  0.837125  0.171804  0.105079  0.189348  0.138410  0.704018  0.078002  0.152376  0.556077  0.109882  0.220524  0.410445  0.806330  0.124173  0.205146  0.448678  0.740109  0.386200  0.831658  0.151720  0.569511  0.154781  0.267457  0.398796  0.101925 
8  0.396112  0.423729  0.103211  0.443801  0.455538  0.385156  0.447722  0.078002 0.0  0.482854  0.801207  0.121424  0.285317  0.130537  0.569877  0.216967  0.228789  0.247422  0.402474  0.671679  0.439467  0.265338  0.295207  0.253584  0.819498  0.186881  0.215631  0.185075  0.782740  0.383017  0.255950  0.302858  0.902062  0.462950  0.247264  0.225864  0.475225  0.482732  0.597593  0.198874  0.238430  0.487973  0.194185  0.212591  0.276640  0.408725  0.215773  0.250065  0.443344  0.144944  0.515595  0.312351  0.583278  0.146521  0.352404  0.436659  0.398883  0.261182  0.360469  0.433737  0.313341  0.209724  0.219652  0.182640  0.145102  0.133786  0.250756  0.178245  0.267772  0.626981  0.190569  0.275638  0.301493  0.273557  0.282245  0.168677  0.508074  0.514977  0.145536  0.177102  0.173917  0.245941  0.353501  0.372889  0.366714  0.234228  0.148419  0.628048  0.199250  0.262041  0.240825  0.130981  0.124819  0.118424  0.154203  0.176131  0.371495  0.369153  0.231099  0.167335  0.332945  0.812973  0.768606  0.420434  0.187161  0.078002  0.375406  0.893745  0.427598  0.470713  0.153867  0.397750  0.120982  0.156489  0.110263  0.866726  0.200320  0.771576  0.130075  0.222928  0.309574  0.437716  0.729072  0.211953  0.089324  0.440168  0.128701  0.463555  0.197522  0.385561  0.177245  0.383697  0.173469  0.478853  0.219476  0.433076  0.149582  0.163244  0.397236  0.197412  0.233000  0.559004  0.214241  0.168002  0.187844  0.409484  0.335801  0.324254  0.340156  0.609454  0.853923  0.200083  0.208422  0.223543  0.662221  0.241651  0.254029  0.195989  0.156622  0.244806  0.088106  0.241253  0.190082  0.146061  0.263976  0.168534  0.421349  0.346505  0.882322  0.481635  0.193628  0.345214  0.811622  0.156309  0.128421  0.154225  0.146162  0.681801  0.078002  0.200080  0.515594  0.241035  0.152410  0.460016  0.797041  0.184856  0.143277  0.530395  0.767825  0.506456  0.803660  0.202275  0.527797  0.140685  0.237325  0.404856  0.256292 
9  0.301309  0.510212  0.435662  0.474983  0.455991  0.409425  0.416146  0.407102  0.482854 0.0  0.788240  0.430268  0.444525  0.427361  0.527825  0.424934  0.268041  0.436362  0.546857  0.568979  0.368989  0.369926  0.478293  0.451133  0.760834  0.492986  0.404236  0.527340  0.693854  0.388876  0.417638  0.503795  0.787760  0.237401  0.182378  0.379079  0.243413  0.238443  0.617659  0.464560  0.365687  0.251084  0.501305  0.298329  0.363503  0.362404  0.317132  0.437959  0.284953  0.410188  0.591352  0.403359  0.588182  0.368314  0.453072  0.116837  0.078002  0.506497  0.398710  0.538341  0.389541  0.427553  0.525744  0.455260  0.383200  0.448265  0.435011  0.345895  0.388590  0.452126  0.427076  0.354905  0.233654  0.343924  0.394056  0.438464  0.269942  0.373592  0.432751  0.454882  0.417762  0.443278  0.379711  0.318758  0.367457  0.392635  0.423066  0.699480  0.435516  0.465112  0.448739  0.513747  0.382033  0.438919  0.448937  0.470176  0.357901  0.222906  0.436082  0.504461  0.078002  0.718753  0.859818  0.102520  0.451537  0.399289  0.226837  0.808816  0.308164  0.095318  0.479615  0.142768  0.479641  0.392128  0.363306  0.833014  0.468520  0.776731  0.484891  0.492878  0.420919  0.350913  0.696014  0.419608  0.444752  0.185381  0.418258  0.094419  0.469120  0.260754  0.494137  0.188198  0.420634  0.524634  0.466259  0.162111  0.375071  0.405409  0.469763  0.414677  0.394043  0.439201  0.433859  0.385410  0.437057  0.123411  0.406480  0.430898  0.327403  0.712149  0.833041  0.445032  0.472231  0.378628  0.688940  0.480007  0.463185  0.514449  0.441699  0.482560  0.417570  0.479681  0.525172  0.433223  0.390766  0.460893  0.207972  0.279525  0.805789  0.294565  0.387670  0.260705  0.903156  0.394587  0.384275  0.449354  0.416322  0.777808  0.383666  0.437772  0.579769  0.483560  0.447494  0.193325  0.812067  0.565447  0.373551  0.556028  0.840993  0.348268  0.802086  0.402103  0.317712  0.407536  0.449488  0.201507  0.408414 
10  0.765467  0.902625  0.836847  0.822233  0.785031  0.860979  0.799477  0.873677  0.801207  0.788240 0.0  0.913963  0.762641  0.923515  0.827060  0.796715  0.786324  0.849692  0.724536  0.720158  0.904544  0.798860  0.813788  0.833533  0.534213  0.774374  0.819282  0.809336  0.496513  0.783171  0.901751  0.904940  0.537973  0.831728  0.714014  0.836176  0.826786  0.874732  0.802200  0.908334  0.763339  0.806899  0.797222  0.721989  0.742781  0.803513  0.752635  0.774098  0.795806  0.879981  0.766293  0.782293  0.863396  0.832722  0.738695  0.826842  0.774062  0.793305  0.765923  0.804644  0.744315  0.816551  0.771801  0.809230  0.824253  0.910840  0.745165  0.843736  0.893894  0.779933  0.826000  0.788814  0.698303  0.812740  0.729815  0.869086  0.803517  0.840358  0.795734  0.772682  0.887957  0.783101  0.791264  0.845665  0.809138  0.834915  0.862788  0.716114  0.728285  0.738411  0.849961  0.792662  0.841199  0.917007  0.858160  0.913374  0.813235  0.822570  0.812289  0.840445  0.898772  0.610878  0.147272  0.796269  0.838859  0.694396  0.872868  0.232872  0.856311  0.775027  0.866853  0.843826  0.866175  0.851237  0.878236  0.087060  0.797487  0.174708  0.833410  0.910881  0.752735  0.877023  0.857038  0.880122  0.837550  0.841851  0.926056  0.756228  0.803533  0.825690  0.873924  0.797782  0.916716  0.733604  0.770768  0.774925  0.780102  0.771480  0.822566  0.759423  0.770824  0.734004  0.922722  0.795353  0.869268  0.804834  0.851975  0.874571  0.762239  0.671228  0.740539  0.796756  0.902461  0.798253  0.651376  0.823133  0.824100  0.867789  0.813751  0.839583  0.894461  0.856660  0.831192  0.822316  0.797379  0.764473  0.826462  0.767891  0.496432  0.844176  0.808490  0.710847  0.105288  0.834874  0.855182  0.894785  0.747243  0.722849  0.804123  0.808267  0.816441  0.861611  0.870616  0.892401  0.118120  0.850719  0.915013  0.805409  0.587010  0.826749  0.078002  0.804466  0.835427  0.832289  0.835121  0.821874  0.856613 
11  0.323567  0.320554  0.091237  0.352844  0.415910  0.402064  0.415657  0.147678  0.121424  0.430268  0.913963 0.0  0.078002  0.168951  0.608101  0.118422  0.199638  0.139725  0.430702  0.500794  0.442107  0.215571  0.133699  0.148871  0.746770  0.078002  0.161909  0.159979  0.784010  0.387129  0.197988  0.078002  0.758853  0.360294  0.229767  0.160169  0.414244  0.507080  0.677419  0.141585  0.088360  0.451349  0.078002  0.299396  0.292296  0.431936  0.302465  0.142438  0.411993  0.126105  0.602476  0.477739  0.619872  0.170665  0.392607  0.430505  0.328973  0.267961  0.393773  0.347952  0.188421  0.078002  0.113525  0.193146  0.094879  0.152474  0.173668  0.232044  0.390486  0.501474  0.113579  0.305238  0.300617  0.291794  0.322900  0.117567  0.423485  0.442610  0.118424  0.162267  0.165422  0.134069  0.434146  0.281364  0.429250  0.138299  0.210813  0.673661  0.092260  0.159679  0.149262  0.078002  0.084097  0.224447  0.113683  0.085911  0.394320  0.429034  0.078002  0.138911  0.477941  0.793850  0.966491  0.407785  0.080376  0.217376  0.441533  0.751763  0.421322  0.428159  0.140619  0.420100  0.186656  0.096021  0.078002  0.734463  0.144625  0.835615  0.210127  0.078002  0.169096  0.493648  0.799513  0.133949  0.142015  0.448051  0.127997  0.406864  0.128088  0.488553  0.078002  0.426108  0.210096  0.532520  0.081611  0.442110  0.143000  0.120498  0.435570  0.122965  0.078002  0.485336  0.224509  0.078002  0.265455  0.363759  0.211266  0.299140  0.317114  0.630956  0.777366  0.131325  0.117552  0.135368  0.694276  0.078002  0.138232  0.225696  0.147956  0.147800  0.145346  0.113398  0.078002  0.166449  0.078002  0.250242  0.374716  0.345241  0.817004  0.445155  0.152016  0.366444  0.876671  0.129213  0.219433  0.146385  0.146552  0.618842  0.097158  0.099839  0.471956  0.192211  0.238393  0.462417  0.826260  0.194147  0.092015  0.598623  0.721284  0.399349  0.829095  0.275328  0.347504  0.176353  0.268617  0.433065  0.132314 
12  0.364436  0.277631  0.230002  0.422652  0.523156  0.392453  0.486510  0.294324  0.285317  0.444525  0.762641  0.078002 0.0  0.109372  0.591604  0.142533  0.221292  0.136138  0.519231  0.545328  0.391562  0.247915  0.175562  0.078002  0.806209  0.181593  0.078002  0.102106  0.809366  0.400201  0.095879  0.106962  0.757805  0.422809  0.178395  0.252021  0.359641  0.442818  0.643771  0.078002  0.078002  0.411772  0.109982  0.324509  0.262061  0.414979  0.259332  0.245010  0.370586  0.140039  0.642621  0.446885  0.583767  0.117935  0.365613  0.503807  0.409413  0.339373  0.370362  0.447769  0.293784  0.143219  0.161288  0.183971  0.078002  0.223728  0.091549  0.240427  0.314856  0.438813  0.180693  0.232384  0.169129  0.267378  0.277182  0.144062  0.525552  0.405064  0.137318  0.224399  0.114102  0.158591  0.421055  0.320302  0.412465  0.078002  0.151140  0.711475  0.195980  0.078002  0.145546  0.078002  0.078002  0.086615  0.108830  0.078002  0.451780  0.345245  0.078002  0.129746  0.448557  0.781512  0.803229  0.518989  0.159383  0.109054  0.433475  0.861267  0.500784  0.357651  0.095169  0.332651  0.193594  0.078002  0.259213  0.803081  0.129200  0.842912  0.183001  0.078002  0.268790  0.441764  0.770075  0.201272  0.154998  0.478104  0.138529  0.450188  0.099874  0.398811  0.232913  0.413007  0.078002  0.617663  0.078002  0.403542  0.179295  0.273549  0.406506  0.107933  0.234406  0.636542  0.142057  0.115868  0.320449  0.296244  0.323040  0.264035  0.217518  0.733906  0.770223  0.128479  0.177207  0.096996  0.660011  0.154115  0.115254  0.105620  0.080681  0.250815  0.078002  0.130675  0.078002  0.137948  0.100480  0.186932  0.397545  0.302904  0.815419  0.528867  0.216958  0.362845  0.813256  0.090599  0.173585  0.078002  0.128389  0.652251  0.113103  0.138917  0.641879  0.117425  0.209485  0.414637  0.795413  0.078002  0.089293  0.556789  0.788043  0.502630  0.929399  0.078002  0.369353  0.090461  0.203242  0.428497  0.124437 
13  0.427651  0.296764  0.107027  0.394767  0.471260  0.422320  0.440931  0.123112  0.130537  0.427361  0.923515  0.168951  0.109372 0.0  0.591323  0.078002  0.189310  0.121563  0.436137  0.581405  0.437098  0.187037  0.173493  0.100562  0.799994  0.151090  0.248725  0.165168  0.771466  0.494176  0.128946  0.106713  0.823036  0.507204  0.189587  0.255003  0.446821  0.549869  0.506455  0.134442  0.206845  0.520966  0.140537  0.143445  0.191686  0.384993  0.235068  0.106508  0.397558  0.155741  0.570945  0.510702  0.555129  0.155153  0.333274  0.402590  0.461275  0.321538  0.312517  0.395729  0.296527  0.125175  0.110006  0.106516  0.095911  0.106084  0.223329  0.213611  0.262899  0.590344  0.078002  0.259154  0.215368  0.328437  0.338024  0.086690  0.406602  0.432471  0.113451  0.198671  0.146125  0.108997  0.401366  0.307313  0.446457  0.078002  0.078002  0.688783  0.089579  0.078002  0.126485  0.170937  0.134557  0.105287  0.126780  0.128518  0.320633  0.337699  0.120684  0.148645  0.366838  0.847157  0.797713  0.377056  0.174737  0.142579  0.399075  0.879870  0.429935  0.450055  0.157612  0.499410  0.100414  0.134827  0.146670  0.806194  0.087111  0.760987  0.174806  0.241693  0.198624  0.415076  0.762629  0.078002  0.078002  0.500487  0.224964  0.478992  0.082170  0.410851  0.141231  0.355950  0.194321  0.500007  0.200759  0.402716  0.115681  0.132582  0.490290  0.078002  0.088241  0.491908  0.130178  0.131226  0.263102  0.429227  0.305411  0.466785  0.300384  0.639343  0.789969  0.078002  0.135604  0.204601  0.726822  0.093720  0.121940  0.115609  0.160784  0.078002  0.204282  0.160734  0.078002  0.171987  0.191510  0.103675  0.418294  0.322523  0.882432  0.410173  0.139864  0.376382  0.729136  0.098709  0.093460  0.205801  0.079080  0.764293  0.205413  0.143549  0.596192  0.138068  0.105556  0.362734  0.785559  0.120931  0.185967  0.532574  0.751702  0.378683  0.813521  0.078002  0.404136  0.142379  0.312490  0.356785  0.152637 
14  0.578112  0.547325  0.520719  0.590822  0.588629  0.546142  0.585815  0.549226  0.569877  0.527825  0.827060  0.608101  0.591604  0.591323 0.0  0.547357  0.493166  0.501843  0.586839  0.330168  0.524869  0.525101  0.538013  0.584091  0.749541  0.556222  0.550445  0.650205  0.820751  0.641411  0.648813  0.483803  0.746134  0.580387  0.533283  0.514402  0.648897  0.600241  0.461513  0.557980  0.513580  0.546293  0.490602  0.520250  0.547016  0.611362  0.479211  0.609436  0.572878  0.651711  0.364781  0.480586  0.483706  0.588350  0.484979  0.553296  0.514787  0.526480  0.450005  0.553040  0.528686  0.512431  0.467283  0.572028  0.554442  0.614245  0.512186  0.689282  0.524879  0.466717  0.607781  0.580662  0.441167  0.571888  0.591870  0.533247  0.617556  0.445740  0.601071  0.604223  0.544488  0.554103  0.545759  0.595611  0.514998  0.548282  0.534972  0.594603  0.546154  0.601553  0.502530  0.612286  0.565761  0.536884  0.575700  0.583563  0.524429  0.629614  0.519451  0.630016  0.646864  0.742304  0.741928  0.535757  0.564385  0.538951  0.525270  0.765839  0.539630  0.683943  0.505427  0.531223  0.556082  0.550955  0.544138  0.723844  0.640832  0.816012  0.549644  0.520162  0.518551  0.604184  0.810626  0.509405  0.533448  0.533285  0.545448  0.659779  0.547054  0.464741  0.568826  0.631359  0.621332  0.360041  0.549925  0.599122  0.522330  0.552105  0.611661  0.580987  0.556419  0.259036  0.635419  0.642857  0.596385  0.657602  0.573814  0.565671  0.709729  0.668629  0.791666  0.660596  0.574863  0.522821  0.679366  0.618730  0.588241  0.665305  0.591981  0.500064  0.623144  0.547517  0.524217  0.474390  0.559975  0.596341  0.490514  0.503711  0.781449  0.592956  0.531051  0.515033  0.800635  0.566689  0.592517  0.537923  0.609614  0.667463  0.561994  0.496413  0.158203  0.532489  0.574344  0.604746  0.840620  0.645640  0.519461  0.508538  0.814187  0.525318  0.801791  0.515742  0.607888  0.565038  0.546173  0.508036  0.535272 
15  0.317397  0.322709  0.122468  0.466887  0.352172  0.381093  0.458855  0.151616  0.216967  0.424934  0.796715  0.118422  0.142533  0.078002  0.547357 0.0  0.181025  0.150292  0.397435  0.587471  0.460721  0.341073  0.171031  0.145569  0.795972  0.100697  0.249590  0.186193  0.854654  0.396042  0.121607  0.078002  0.784349  0.351928  0.137851  0.245244  0.455237  0.391014  0.526695  0.078002  0.153967  0.476547  0.172306  0.272187  0.248656  0.376833  0.213041  0.149584  0.375284  0.153678  0.605450  0.402525  0.601951  0.144687  0.364323  0.402768  0.361643  0.323345  0.330639  0.324987  0.187667  0.146254  0.165742  0.078002  0.078002  0.091975  0.157556  0.242033  0.291610  0.588464  0.098766  0.221491  0.256243  0.284047  0.233872  0.078002  0.394903  0.426697  0.078002  0.085395  0.129207  0.211035  0.371042  0.350774  0.525266  0.078002  0.103750  0.680851  0.114176  0.166694  0.161595  0.222289  0.164207  0.078002  0.159458  0.095858  0.460203  0.449419  0.091798  0.078002  0.490675  0.802034  0.765884  0.415372  0.078002  0.181896  0.361404  0.749817  0.361924  0.360238  0.144865  0.432576  0.179757  0.104080  0.168361  0.842477  0.176000  0.837133  0.215641  0.186515  0.252050  0.471897  0.841011  0.124795  0.078002  0.415623  0.084000  0.392405  0.237755  0.513017  0.097332  0.423756  0.132441  0.601960  0.170783  0.450372  0.137620  0.108662  0.490185  0.207056  0.255003  0.479836  0.100423  0.197112  0.258754  0.391093  0.245097  0.273269  0.321113  0.659067  0.821184  0.108269  0.135829  0.224146  0.662416  0.117970  0.120464  0.078002  0.122134  0.145240  0.132129  0.174280  0.138433  0.140387  0.086059  0.078002  0.365690  0.305731  0.803663  0.455974  0.078002  0.438426  0.872789  0.117033  0.104347  0.102710  0.126699  0.686219  0.088412  0.130335  0.517647  0.186476  0.078002  0.451315  0.826483  0.118165  0.078002  0.620041  0.770880  0.363158  0.801108  0.125720  0.454602  0.084457  0.333291  0.382410  0.181480 
16  0.249124  0.224484  0.197751  0.340536  0.344413  0.421564  0.357727  0.194432  0.228789  0.268041  0.786324  0.199638  0.221292  0.189310  0.493166  0.181025 0.0  0.271296  0.330667  0.529475  0.455070  0.159764  0.328965  0.293407  0.737519  0.273023  0.324299  0.170312  0.840841  0.368603  0.248289  0.262984  0.742780  0.317628  0.200737  0.199573  0.357261  0.382562  0.518371  0.111701  0.222585  0.432886  0.294520  0.273321  0.284519  0.442712  0.298874  0.190783  0.397164  0.153773  0.538268  0.326636  0.522956  0.152969  0.376969  0.421465  0.301587  0.257267  0.277888  0.308283  0.150981  0.328016  0.268790  0.198573  0.244365  0.155962  0.231080  0.216224  0.290842  0.490478  0.167865  0.179538  0.155510  0.260099  0.224534  0.240296  0.347297  0.370310  0.235297  0.145647  0.248455  0.249612  0.400322  0.339209  0.294502  0.275648  0.133589  0.640339  0.132976  0.144456  0.306411  0.309961  0.256121  0.266925  0.176214  0.286324  0.325587  0.289906  0.398125  0.315611  0.301653  0.763644  0.839200  0.364005  0.226614  0.231179  0.322573  0.804469  0.459641  0.281903  0.253169  0.405028  0.173321  0.227636  0.235061  0.801509  0.233253  0.740125  0.187826  0.269371  0.315863  0.367237  0.849208  0.293331  0.210782  0.357954  0.291348  0.344056  0.245379  0.380708  0.182469  0.339481  0.240089  0.467234  0.255536  0.374505  0.227651  0.235890  0.406907  0.234264  0.137989  0.573016  0.253598  0.220243  0.142389  0.346169  0.211602  0.167353  0.310156  0.627139  0.723442  0.194804  0.313297  0.269455  0.729182  0.179299  0.210151  0.190577  0.206653  0.215436  0.188681  0.236864  0.278417  0.188208  0.261521  0.164399  0.372237  0.324158  0.729305  0.426966  0.219337  0.300812  0.768170  0.239261  0.192258  0.210441  0.202186  0.671634  0.296229  0.206993  0.527723  0.289868  0.324598  0.396491  0.854122  0.121156  0.246801  0.553768  0.825564  0.351141  0.833701  0.225252  0.347209  0.195012  0.196175  0.377875  0.308229 
17  0.422775  0.358142  0.340710  0.525729  0.414939  0.389861  0.535898  0.170116  0.247422  0.436362  0.849692  0.139725  0.136138  0.121563  0.501843  0.150292  0.271296 0.0  0.522260  0.504764  0.440337  0.259873  0.078002  0.078002  0.851391  0.086057  0.088364  0.078002  0.758424  0.405981  0.183347  0.154293  0.700471  0.412557  0.234507  0.330215  0.434536  0.490315  0.550114  0.078002  0.078641  0.476841  0.127942  0.272283  0.192677  0.401191  0.293555  0.141863  0.429047  0.102481  0.651060  0.460396  0.645360  0.242261  0.397751  0.429200  0.439114  0.343415  0.374760  0.440029  0.313190  0.136351  0.116559  0.219709  0.157546  0.192839  0.078002  0.177085  0.298079  0.458028  0.115361  0.272999  0.281021  0.213343  0.245094  0.109785  0.468432  0.431403  0.222819  0.154741  0.169081  0.147570  0.533019  0.328671  0.462472  0.100273  0.078002  0.723482  0.241882  0.194144  0.174620  0.169001  0.098704  0.146844  0.160835  0.078002  0.462022  0.489464  0.128893  0.078002  0.481211  0.792314  0.764623  0.378014  0.154856  0.226846  0.421191  0.873169  0.440731  0.552452  0.155771  0.471068  0.168610  0.171899  0.145922  0.823768  0.128105  0.760556  0.199025  0.084535  0.281657  0.440444  0.768427  0.173711  0.110393  0.296567  0.078002  0.481440  0.115510  0.416047  0.078002  0.460182  0.124993  0.409409  0.177813  0.458110  0.109758  0.141807  0.436472  0.109434  0.118638  0.463023  0.196144  0.133802  0.262987  0.408791  0.350081  0.380438  0.230222  0.609123  0.755442  0.209632  0.085673  0.212415  0.760846  0.102668  0.153408  0.161459  0.098252  0.078002  0.094510  0.082856  0.186685  0.078002  0.149597  0.125092  0.437560  0.299724  0.817575  0.333484  0.152062  0.342000  0.841672  0.162726  0.185697  0.131568  0.084603  0.688234  0.127555  0.197162  0.568269  0.135326  0.155475  0.482026  0.792643  0.164407  0.164657  0.547245  0.757365  0.484094  0.762938  0.168601  0.338840  0.104432  0.202794  0.390318  0.164218 
18  0.203203  0.416657  0.405156  0.144502  0.078002  0.078002  0.105346  0.469000  0.402474  0.546857  0.724536  0.430702  0.519231  0.436137  0.586839  0.397435  0.330667  0.522260 0.0  0.537347  0.467219  0.446640  0.396310  0.443219  0.717857  0.497962  0.546825  0.545695  0.842682  0.475454  0.444401  0.490692  0.819944  0.411578  0.227906  0.327787  0.420464  0.386046  0.583224  0.471334  0.539533  0.437764  0.431445  0.404495  0.511457  0.078825  0.306089  0.393492  0.245876  0.406559  0.644198  0.315682  0.570675  0.357660  0.175162  0.411271  0.455482  0.413040  0.403495  0.203727  0.426331  0.370602  0.365383  0.512416  0.334465  0.329485  0.446547  0.387886  0.437903  0.568479  0.465634  0.419223  0.269105  0.425124  0.393340  0.345395  0.435389  0.443326  0.499498  0.501378  0.345704  0.402272  0.425772  0.308304  0.444548  0.452112  0.488120  0.649560  0.433279  0.400888  0.450525  0.447129  0.396623  0.454389  0.430680  0.460472  0.174169  0.375786  0.442096  0.326584  0.475270  0.861202  0.804236  0.440316  0.410115  0.492458  0.433764  0.846773  0.496531  0.454267  0.492054  0.498354  0.465694  0.423511  0.403601  0.755742  0.340413  0.727332  0.441792  0.400573  0.481048  0.465350  0.720610  0.403295  0.431679  0.456067  0.380554  0.454245  0.522625  0.374189  0.357542  0.333100  0.444144  0.463303  0.378683  0.380481  0.344208  0.479816  0.199614  0.448560  0.382398  0.508291  0.397361  0.481999  0.480062  0.304009  0.334771  0.423988  0.409997  0.604279  0.796381  0.427013  0.368416  0.450206  0.661427  0.384631  0.325793  0.379908  0.461631  0.427700  0.388596  0.415220  0.523442  0.359128  0.429903  0.421477  0.479885  0.319526  0.647966  0.443166  0.438088  0.342151  0.778904  0.418840  0.414181  0.393225  0.429857  0.722451  0.318277  0.477542  0.591521  0.524171  0.395489  0.446669  0.864385  0.401658  0.444961  0.550454  0.793315  0.432849  0.815926  0.431492  0.470054  0.360784  0.499988  0.350462  0.351419 
19  0.551714  0.579039  0.546490  0.455301  0.518819  0.480263  0.463469  0.538054  0.671679  0.568979  0.720158  0.500794  0.545328  0.581405  0.330168  0.587471  0.529475  0.504764  0.537347 0.0  0.552734  0.549199  0.541493  0.579852  0.750915  0.526649  0.600601  0.524462  0.878285  0.517182  0.505327  0.572782  0.768456  0.559462  0.480140  0.508270  0.592109  0.675827  0.278800  0.567601  0.486714  0.491370  0.544414  0.522818  0.574417  0.602816  0.564141  0.586564  0.624489  0.549800  0.156570  0.516929  0.202145  0.598125  0.523089  0.480575  0.631978  0.616039  0.496599  0.585714  0.549290  0.507829  0.533981  0.429886  0.589494  0.499110  0.529508  0.583884  0.592678  0.486645  0.481453  0.534606  0.497882  0.535891  0.511404  0.510725  0.483092  0.615903  0.539814  0.494079  0.517132  0.558731  0.503651  0.501601  0.561410  0.539484  0.595322  0.615977  0.521591  0.563393  0.542156  0.615274  0.514515  0.676449  0.575516  0.563730  0.525729  0.437260  0.504951  0.575879  0.569534  0.797609  0.777158  0.464415  0.445331  0.569762  0.514094  0.816209  0.577648  0.540906  0.498659  0.619927  0.446238  0.533829  0.531102  0.793015  0.597771  0.771191  0.571765  0.558234  0.507562  0.525686  0.713170  0.524630  0.506879  0.546340  0.562697  0.607188  0.577474  0.570252  0.456920  0.508012  0.505551  0.179179  0.584019  0.621531  0.558393  0.545535  0.500765  0.612400  0.660732  0.133443  0.525274  0.459608  0.542294  0.458094  0.617124  0.486238  0.533706  0.652379  0.854003  0.473801  0.576570  0.400122  0.764960  0.601553  0.468052  0.526874  0.502614  0.463992  0.504058  0.548479  0.639042  0.533137  0.594091  0.488326  0.654729  0.513625  0.761347  0.521422  0.516331  0.617520  0.847061  0.557549  0.550406  0.555195  0.529080  0.620880  0.524080  0.561264  0.468314  0.652935  0.614342  0.561462  0.790408  0.545519  0.548427  0.177026  0.775608  0.459932  0.790662  0.558978  0.506799  0.515814  0.547492  0.601073  0.471382 
