197
0 0.0  0.381328  0.361280  0.125124  0.095691  0.159175  0.108486  0.443754  0.341608  0.374826  0.765327  0.343269  0.379228  0.364893  0.602600  0.356776  0.341617  0.380354  0.229554  0.518092  0.300154  0.423434  0.342883  0.405919  0.790077  0.353505  0.344603  0.329139  0.755727  0.292135  0.353048  0.321476  0.806781  0.256210  0.194837  0.297444  0.271108  0.305814  0.594890  0.356933  0.357759  0.315019  0.496465  0.226052  0.370226  0.133268  0.449809  0.372167  0.253123  0.439627  0.594999  0.238976  0.560673  0.353865  0.112096  0.281376  0.390926  0.333251  0.327900  0.331691  0.349344  0.296941  0.358934  0.307793  0.470973  0.316403  0.366783  0.250136  0.350192  0.477150  0.383539  0.281366  0.284337  0.267246  0.391947  0.352477  0.442136  0.374944  0.394936  0.357774  0.361258  0.421392  0.439103  0.371978  0.260603  0.312675  0.379830  0.663714  0.407622  0.312382  0.317411  0.327707  0.387105  0.349203  0.295249  0.318337  0.191092  0.352479  0.354525  0.362040  0.418978  0.716833  0.765859  0.414988  0.328917  0.361756  0.373489  0.910680  0.336075  0.329225  0.384559  0.317933  0.445102  0.231425  0.371391  0.714406  0.331049  0.822461  0.355498  0.421581  0.359895  0.305613  0.777087  0.297618  0.395541  0.390047  0.357679  0.279181  0.367534  0.355534  0.382262  0.390099  0.438358  0.413748  0.400857  0.405181  0.315003  0.368333  0.172216  0.388950  0.310001  0.542708  0.400491  0.485191  0.346552  0.311295  0.363249  0.363417  0.362464  0.673161  0.859419  0.309139  0.344646  0.342035  0.670936  0.347475  0.358165  0.371218  0.361174  0.401524  0.491158  0.287671  0.340997  0.390310  0.306578  0.486762  0.469616  0.251443  0.807481  0.416146  0.229858  0.255914  0.883723  0.327897  0.324842  0.398857  0.307538  0.702972  0.425103  0.348436  0.522393  0.417315  0.413594  0.449826  0.867796  0.312005  0.364201  0.556960  0.737482  0.369321  0.777531  0.307604  0.340345  0.393157  0.383560  0.404597  0.347408 
1  0.381328 0.0  0.325337  0.361058  0.463939  0.305377  0.482336  0.345803  0.424146  0.346050  0.789647  0.270946  0.183553  0.214620  0.550271  0.292425  0.304661  0.350966  0.390219  0.611921  0.407330  0.268154  0.380516  0.296859  0.780327  0.341148  0.460738  0.272458  0.823842  0.365311  0.313086  0.223723  0.870053  0.414771  0.253516  0.228320  0.409274  0.400795  0.495378  0.341837  0.371890  0.421490  0.322721  0.304425  0.237270  0.343189  0.193848  0.266646  0.351182  0.241009  0.619744  0.356270  0.548644  0.182969  0.306719  0.372963  0.471010  0.076836  0.396159  0.367471  0.302708  0.210110  0.284122  0.305599  0.282908  0.332002  0.314019  0.236977  0.261923  0.517927  0.329190  0.225852  0.221394  0.288022  0.249540  0.265811  0.405157  0.472862  0.258052  0.228977  0.327222  0.289867  0.444883  0.346585  0.507836  0.367684  0.287509  0.626620  0.316452  0.174756  0.231346  0.274719  0.357217  0.223479  0.282308  0.326395  0.373358  0.412084  0.305124  0.359199  0.441676  0.778540  0.793188  0.372354  0.300813  0.395972  0.406239  0.884107  0.398116  0.597197  0.311936  0.515183  0.350760  0.363559  0.240758  0.856663  0.342394  0.888707  0.259420  0.314624  0.255164  0.375476  0.759042  0.332530  0.349563  0.540947  0.323452  0.356682  0.436382  0.475963  0.243008  0.404735  0.348869  0.463097  0.267421  0.389313  0.335370  0.359264  0.474610  0.256399  0.230077  0.448717  0.346586  0.412998  0.189829  0.361192  0.137686  0.194072  0.280007  0.576454  0.814142  0.238659  0.281285  0.251000  0.690835  0.335861  0.288611  0.297093  0.291448  0.278831  0.494252  0.314711  0.295603  0.246278  0.354963  0.267279  0.402937  0.305201  0.752444  0.433570  0.366593  0.406387  0.787838  0.256708  0.352853  0.319526  0.321688  0.655446  0.299501  0.316035  0.555730  0.252418  0.296004  0.467400  0.773310  0.238505  0.273810  0.554423  0.821123  0.424077  0.825851  0.192129  0.437598  0.279682  0.250730  0.417524  0.338970 
2  0.361280  0.325337 0.0  0.445163  0.405412  0.326925  0.430290  0.087840  0.076836  0.368919  0.820422  0.200829  0.238508  0.253164  0.544433  0.159675  0.288182  0.149071  0.470133  0.545866  0.493204  0.294355  0.204563  0.156820  0.768502  0.224023  0.186018  0.081607  0.850837  0.546545  0.228103  0.076836  0.810336  0.482773  0.151088  0.173713  0.433943  0.454261  0.600139  0.126116  0.243997  0.397212  0.157535  0.297301  0.207846  0.365883  0.214409  0.076836  0.338148  0.175157  0.623681  0.352482  0.592355  0.276668  0.305026  0.373010  0.442021  0.310981  0.329449  0.326266  0.285883  0.202130  0.234670  0.220635  0.279765  0.153779  0.163844  0.179172  0.319376  0.566672  0.167715  0.287697  0.169171  0.262762  0.284651  0.134565  0.328089  0.399887  0.176721  0.179320  0.167393  0.149516  0.381988  0.341448  0.372132  0.154000  0.188368  0.605993  0.217981  0.091382  0.141999  0.171847  0.173590  0.181201  0.125057  0.238640  0.414353  0.456263  0.107183  0.131028  0.421130  0.768626  0.782984  0.410779  0.140049  0.076836  0.532396  0.695106  0.434453  0.447533  0.183648  0.447063  0.145105  0.213986  0.150742  0.891832  0.178067  0.809997  0.081003  0.178648  0.265571  0.459014  0.668854  0.119832  0.228720  0.427783  0.290236  0.511683  0.186888  0.532953  0.172450  0.355930  0.168748  0.530582  0.223121  0.431360  0.084038  0.190440  0.438963  0.262658  0.076836  0.463720  0.189827  0.248196  0.272505  0.358054  0.239008  0.206826  0.341582  0.677782  0.866666  0.192804  0.132302  0.125439  0.619436  0.122730  0.184939  0.130931  0.153797  0.106485  0.244325  0.150258  0.175124  0.230033  0.145001  0.243749  0.408836  0.306960  0.798794  0.465255  0.198306  0.484930  0.849174  0.154244  0.172566  0.164869  0.220570  0.675786  0.159154  0.201926  0.539153  0.222106  0.213195  0.455128  0.824860  0.164425  0.164831  0.520171  0.720749  0.429466  0.878738  0.181841  0.473488  0.154185  0.232405  0.490893  0.217905 
3  0.125124  0.361058  0.445163 0.0  0.154999  0.230023  0.119916  0.411006  0.421200  0.382618  0.740903  0.452723  0.413049  0.392797  0.521519  0.416523  0.312393  0.510625  0.207078  0.645480  0.396844  0.438714  0.478715  0.412000  0.850105  0.360604  0.403185  0.412088  0.757914  0.491974  0.440520  0.442670  0.766170  0.321599  0.258162  0.350940  0.386033  0.437276  0.468836  0.483040  0.423204  0.506020  0.428062  0.473717  0.408287  0.153933  0.408341  0.414337  0.264469  0.434046  0.603507  0.202613  0.496535  0.411385  0.201852  0.348725  0.429740  0.418542  0.355428  0.248036  0.489681  0.437126  0.332420  0.404993  0.451569  0.338246  0.452815  0.347471  0.485484  0.523433  0.376710  0.334047  0.239970  0.456214  0.348917  0.325041  0.406316  0.371532  0.396906  0.405776  0.400495  0.374269  0.383400  0.364350  0.381480  0.470604  0.379566  0.637818  0.451062  0.496627  0.408603  0.416711  0.452615  0.394451  0.362330  0.399587  0.281459  0.412496  0.327633  0.392394  0.502442  0.849304  0.795596  0.381195  0.359867  0.400131  0.420242  0.901826  0.511007  0.376494  0.473606  0.406254  0.426313  0.401691  0.515717  0.811269  0.397761  0.851791  0.381589  0.398589  0.444885  0.477158  0.855932  0.383338  0.363993  0.484910  0.422504  0.359577  0.408222  0.471354  0.384491  0.471503  0.422126  0.539192  0.435353  0.466448  0.423618  0.395134  0.121250  0.322934  0.396742  0.460995  0.363163  0.457029  0.316167  0.433277  0.328701  0.372733  0.411518  0.689934  0.768267  0.363401  0.419700  0.497219  0.658156  0.416392  0.388665  0.349272  0.384090  0.390741  0.437053  0.417792  0.334760  0.407991  0.427575  0.441502  0.419740  0.383337  0.757293  0.413443  0.369834  0.365107  0.768953  0.476705  0.346286  0.438739  0.356432  0.695128  0.444697  0.470340  0.585080  0.429511  0.554093  0.437329  0.761766  0.433871  0.373064  0.683258  0.798452  0.404572  0.809437  0.475116  0.411316  0.435038  0.392996  0.435804  0.366874 
4  0.095691  0.463939  0.405412  0.154999 0.0  0.087298  0.076836  0.356705  0.428713  0.471492  0.819208  0.435416  0.445346  0.441278  0.514533  0.448180  0.290267  0.412249  0.076836  0.572898  0.438764  0.453855  0.373629  0.397796  0.829436  0.448415  0.496288  0.344804  0.703803  0.366692  0.448108  0.428468  0.887223  0.357363  0.206429  0.438877  0.507423  0.445557  0.644084  0.486688  0.405669  0.347308  0.346670  0.353557  0.381708  0.114620  0.352206  0.442448  0.309160  0.563758  0.561687  0.219239  0.645035  0.387734  0.093096  0.349577  0.339789  0.433746  0.414267  0.260958  0.326266  0.481954  0.515050  0.328190  0.425933  0.369568  0.442180  0.343711  0.376188  0.515828  0.423163  0.388150  0.208723  0.419072  0.495866  0.413636  0.393300  0.453226  0.446862  0.388319  0.427402  0.445122  0.430196  0.449649  0.367586  0.408315  0.345955  0.618358  0.352808  0.438420  0.479186  0.413464  0.485433  0.439466  0.409443  0.319664  0.218501  0.483095  0.403259  0.461472  0.446526  0.688319  0.905899  0.449913  0.480733  0.361880  0.377912  0.867346  0.436381  0.468984  0.446623  0.426086  0.420872  0.492392  0.443280  0.818358  0.416712  0.864853  0.461114  0.427475  0.426696  0.463110  0.751113  0.430798  0.478271  0.402886  0.526004  0.500923  0.485017  0.386547  0.367282  0.538030  0.485634  0.537274  0.398170  0.468768  0.385830  0.349556  0.120892  0.476595  0.265805  0.640973  0.399091  0.396286  0.385897  0.376893  0.418615  0.421544  0.346196  0.596584  0.704219  0.466786  0.430369  0.481134  0.656635  0.504981  0.403707  0.355477  0.341715  0.397562  0.472955  0.424516  0.463890  0.428085  0.368951  0.363208  0.429768  0.375758  0.785536  0.419238  0.514015  0.424281  0.717855  0.342546  0.446382  0.442264  0.441797  0.697120  0.366841  0.364693  0.484375  0.434612  0.385079  0.434734  0.821311  0.438308  0.478095  0.609278  0.812437  0.476786  0.736318  0.354578  0.410421  0.340359  0.429570  0.480611  0.393224 
5  0.159175  0.305377  0.326925  0.230023  0.087298 0.0  0.130306  0.319801  0.369789  0.396787  0.860714  0.204505  0.420638  0.224179  0.628739  0.407534  0.297757  0.369103  0.152218  0.580366  0.357538  0.328963  0.236111  0.360647  0.882900  0.367217  0.383273  0.368807  0.826326  0.355158  0.366274  0.351633  0.826458  0.395932  0.146678  0.328873  0.326264  0.363870  0.490093  0.274280  0.318349  0.394177  0.213201  0.335260  0.450042  0.092731  0.403706  0.391144  0.163068  0.372507  0.534642  0.151705  0.588997  0.410138  0.076836  0.312819  0.404925  0.341922  0.348896  0.142536  0.323561  0.239968  0.368579  0.339795  0.437006  0.363207  0.323824  0.384395  0.393328  0.390478  0.291391  0.322594  0.292306  0.308459  0.378301  0.331013  0.434325  0.394369  0.399080  0.325083  0.325799  0.342495  0.308811  0.305058  0.392673  0.477961  0.443670  0.655665  0.353202  0.304755  0.296525  0.437245  0.269421  0.352205  0.280224  0.436624  0.155612  0.335225  0.373898  0.418818  0.422576  0.767449  0.746591  0.350655  0.316572  0.221993  0.305942  0.863776  0.383587  0.371171  0.353984  0.335330  0.373454  0.361871  0.426638  0.739058  0.292937  0.749078  0.310703  0.242468  0.478490  0.394061  0.711366  0.283105  0.278268  0.298795  0.393465  0.470832  0.379121  0.395940  0.406014  0.384616  0.337218  0.602919  0.351986  0.392830  0.356902  0.446157  0.212649  0.413527  0.414552  0.455566  0.437191  0.414514  0.292469  0.432359  0.427237  0.434678  0.327848  0.646940  0.803093  0.411065  0.348562  0.307066  0.697340  0.432456  0.370843  0.368157  0.362474  0.391053  0.367400  0.407183  0.358613  0.223196  0.343308  0.366664  0.362457  0.365080  0.797187  0.311397  0.314677  0.390039  0.846514  0.335921  0.309580  0.390332  0.362829  0.690863  0.357930  0.346443  0.518237  0.316760  0.374450  0.322437  0.854244  0.443174  0.379568  0.582644  0.782891  0.400708  0.796772  0.446408  0.302710  0.289423  0.376445  0.390980  0.377495 
6  0.108486  0.482336  0.430290  0.119916  0.076836  0.130306 0.0  0.362736  0.430687  0.345537  0.832758  0.401604  0.460995  0.404472  0.567799  0.403298  0.427023  0.512120  0.076836  0.415903  0.347566  0.392580  0.405703  0.463851  0.819074  0.519289  0.457344  0.388100  0.775757  0.459545  0.300496  0.427716  0.875846  0.414243  0.215604  0.269183  0.433284  0.394531  0.537285  0.388124  0.478566  0.388242  0.448707  0.452388  0.392218  0.105665  0.455923  0.377850  0.160622  0.485925  0.536384  0.219076  0.463562  0.340623  0.152853  0.440495  0.373094  0.409557  0.411642  0.287827  0.340092  0.393134  0.354995  0.366844  0.447157  0.373203  0.439342  0.327014  0.317040  0.563104  0.447672  0.414485  0.244698  0.413605  0.373937  0.444961  0.415169  0.445376  0.387709  0.443850  0.407338  0.455870  0.440237  0.355257  0.493678  0.538967  0.421857  0.625938  0.389563  0.469110  0.384341  0.468815  0.472783  0.425496  0.432503  0.484539  0.204209  0.372194  0.429422  0.438359  0.437282  0.847016  0.781881  0.343614  0.397573  0.485490  0.440614  0.871061  0.434164  0.456643  0.440359  0.371954  0.392504  0.398590  0.418923  0.899562  0.366388  0.765923  0.447394  0.432942  0.404282  0.358724  0.673572  0.452978  0.410648  0.434303  0.362232  0.401289  0.482987  0.440027  0.417577  0.294392  0.385049  0.412001  0.481215  0.464573  0.349963  0.430269  0.198488  0.439813  0.400254  0.606710  0.493294  0.467766  0.297649  0.448659  0.358323  0.398817  0.340676  0.641354  0.801443  0.446753  0.351866  0.383239  0.657714  0.334578  0.405045  0.398354  0.347628  0.459327  0.399696  0.465181  0.467517  0.415688  0.469359  0.405477  0.453363  0.339189  0.815102  0.438477  0.319502  0.371403  0.770254  0.350955  0.330788  0.334337  0.480513  0.639627  0.463379  0.429130  0.452471  0.472262  0.492431  0.397281  0.846447  0.440693  0.501971  0.541684  0.797140  0.436256  0.823896  0.305074  0.424609  0.468209  0.355159  0.329992  0.435160 
7  0.443754  0.345803  0.087840  0.411006  0.356705  0.319801  0.362736 0.0  0.147559  0.453810  0.723806  0.199813  0.115905  0.202474  0.519901  0.109362  0.318097  0.207288  0.298839  0.593087  0.545320  0.296965  0.220462  0.157363  0.823862  0.200311  0.141649  0.179321  0.809245  0.457403  0.195355  0.208979  0.822774  0.523014  0.255576  0.199418  0.515969  0.401721  0.595271  0.163844  0.076836  0.470336  0.202755  0.287430  0.283474  0.324477  0.226459  0.276367  0.409649  0.223101  0.599177  0.389341  0.574060  0.209932  0.396201  0.427234  0.300663  0.363799  0.337939  0.372515  0.185677  0.076836  0.172616  0.207447  0.152591  0.194480  0.081083  0.197909  0.249435  0.442283  0.268307  0.296542  0.208346  0.307225  0.216411  0.170092  0.397589  0.425853  0.216388  0.218756  0.125561  0.099458  0.453070  0.401837  0.475817  0.155996  0.150012  0.673886  0.267892  0.084319  0.128145  0.181673  0.180023  0.192802  0.171351  0.165090  0.406063  0.507072  0.183221  0.168244  0.379186  0.778584  0.797447  0.445992  0.173721  0.143546  0.345742  0.747841  0.447439  0.376024  0.238407  0.390283  0.112437  0.199963  0.221056  0.843513  0.114904  0.769636  0.150716  0.221561  0.226996  0.534134  0.745295  0.195436  0.125617  0.516322  0.148120  0.366298  0.276649  0.396983  0.257277  0.433290  0.128887  0.537055  0.350520  0.421119  0.092227  0.076836  0.419480  0.164544  0.111775  0.492570  0.141465  0.194977  0.248938  0.397815  0.255318  0.280359  0.293590  0.740427  0.743844  0.127391  0.181408  0.204938  0.630451  0.298362  0.186210  0.226205  0.202098  0.168580  0.148763  0.223133  0.211898  0.212951  0.091029  0.142065  0.313378  0.384786  0.847785  0.510220  0.153294  0.378041  0.837199  0.110393  0.223771  0.173593  0.176125  0.679405  0.112393  0.225002  0.583639  0.145391  0.202021  0.473239  0.762703  0.218433  0.118884  0.587573  0.811132  0.437069  0.900988  0.170170  0.403865  0.095618  0.263940  0.470441  0.108368 
8  0.341608  0.424146  0.076836  0.421200  0.428713  0.369789  0.430687  0.147559 0.0  0.487356  0.769165  0.183014  0.181536  0.127496  0.549710  0.117179  0.187295  0.246376  0.456401  0.576400  0.468381  0.241859  0.144828  0.176908  0.769662  0.223464  0.150294  0.146137  0.785858  0.447113  0.222337  0.228505  0.696813  0.446113  0.243000  0.151639  0.485443  0.531736  0.574332  0.266059  0.177574  0.428139  0.260811  0.302200  0.259836  0.436372  0.219079  0.168829  0.392885  0.171303  0.611609  0.313354  0.604112  0.317929  0.332569  0.429950  0.516585  0.372722  0.349568  0.363809  0.215741  0.208071  0.169632  0.210189  0.190852  0.256049  0.142151  0.240090  0.221587  0.434127  0.160053  0.214926  0.202865  0.330387  0.237592  0.238658  0.512298  0.487219  0.136263  0.200674  0.186345  0.204016  0.343336  0.334365  0.457890  0.076836  0.185689  0.710063  0.208054  0.229217  0.204935  0.183437  0.138620  0.161027  0.200423  0.203170  0.432121  0.445566  0.278670  0.162693  0.414619  0.716700  0.810746  0.394168  0.142348  0.119977  0.393561  0.825348  0.409161  0.457552  0.287039  0.463295  0.076836  0.220416  0.086694  0.851951  0.151533  0.824964  0.095625  0.116216  0.214956  0.434756  0.782000  0.254361  0.167533  0.419745  0.243991  0.532771  0.083132  0.446255  0.131023  0.429704  0.102249  0.524688  0.206518  0.371447  0.204241  0.193746  0.386671  0.199964  0.077806  0.576900  0.153244  0.201562  0.206052  0.449703  0.252859  0.245020  0.276318  0.599369  0.899681  0.200252  0.262168  0.090050  0.650737  0.193623  0.233992  0.211977  0.113963  0.137969  0.181711  0.227539  0.144291  0.190552  0.140213  0.223436  0.427938  0.247099  0.771414  0.444700  0.102387  0.446180  0.652758  0.224546  0.215731  0.170701  0.290783  0.559462  0.114910  0.149724  0.543324  0.217008  0.195389  0.459197  0.772228  0.164488  0.137890  0.665949  0.865341  0.493566  0.822840  0.198487  0.390913  0.235576  0.251743  0.398318  0.229183 
9  0.374826  0.346050  0.368919  0.382618  0.471492  0.396787  0.345537  0.453810  0.487356 0.0  0.808396  0.494462  0.401568  0.353586  0.665167  0.372698  0.452418  0.383026  0.440211  0.687848  0.218925  0.348408  0.397269  0.469333  0.805518  0.465142  0.463229  0.404970  0.807950  0.382673  0.461027  0.496106  0.807210  0.254119  0.266485  0.353358  0.269935  0.277656  0.522926  0.486580  0.385813  0.198881  0.451177  0.325017  0.335314  0.368685  0.371760  0.437498  0.311933  0.398744  0.587356  0.363686  0.678101  0.372359  0.351289  0.122134  0.076836  0.437022  0.442897  0.451533  0.462949  0.445865  0.400481  0.470464  0.392344  0.432914  0.461709  0.402966  0.389185  0.462293  0.468215  0.363948  0.222509  0.348767  0.409768  0.482792  0.288286  0.323002  0.431165  0.478993  0.393098  0.501210  0.328505  0.322570  0.318992  0.417758  0.393313  0.606436  0.475034  0.419587  0.439934  0.455342  0.423159  0.390745  0.389410  0.468288  0.363518  0.259422  0.396763  0.455340  0.076836  0.824584  0.822159  0.076836  0.467096  0.479265  0.234822  0.823573  0.190264  0.155408  0.358206  0.167705  0.413551  0.554732  0.428226  0.745720  0.476668  0.777520  0.468952  0.434687  0.490143  0.350085  0.773349  0.477619  0.407882  0.173064  0.420268  0.097543  0.448005  0.338242  0.454245  0.102486  0.481618  0.509237  0.433275  0.147979  0.382974  0.398025  0.359164  0.326957  0.325984  0.471677  0.526412  0.380591  0.360150  0.086885  0.323495  0.333603  0.401932  0.644614  0.795330  0.440119  0.379066  0.435592  0.568010  0.377881  0.347547  0.468399  0.440125  0.438716  0.405542  0.468700  0.377439  0.402018  0.490672  0.408609  0.198384  0.337987  0.752791  0.371485  0.488202  0.356482  0.742544  0.467488  0.370858  0.457592  0.374674  0.658056  0.395130  0.453477  0.474709  0.366677  0.415914  0.144644  0.794548  0.469213  0.384526  0.664737  0.839984  0.298759  0.858351  0.519287  0.330370  0.393722  0.417362  0.076836  0.453082 
10  0.765327  0.789647  0.820422  0.740903  0.819208  0.860714  0.832758  0.723806  0.769165  0.808396 0.0  0.942640  0.829730  0.800179  0.814557  0.847203  0.791340  0.728604  0.843661  0.783337  0.831153  0.785953  0.838378  0.892053  0.620831  0.784448  0.868899  0.783351  0.403422  0.777698  0.833831  0.759306  0.476126  0.824134  0.599187  0.824579  0.869232  0.876564  0.830215  0.829802  0.767100  0.847842  0.854553  0.831309  0.795619  0.792566  0.760861  0.747855  0.795657  0.711106  0.803542  0.862392  0.836470  0.745516  0.853113  0.833770  0.789963  0.785257  0.760342  0.842270  0.811500  0.848757  0.830047  0.853285  0.815471  0.841375  0.815308  0.864565  0.806395  0.788174  0.805206  0.771319  0.683975  0.809126  0.827037  0.822210  0.849983  0.817573  0.877691  0.870047  0.755630  0.842031  0.817318  0.777489  0.842666  0.875995  0.773705  0.654169  0.794365  0.839892  0.741962  0.912310  0.740380  0.786980  0.794525  0.836724  0.809944  0.803427  0.857338  0.708243  0.866305  0.614331  0.094602  0.816269  0.767208  0.759351  0.861064  0.291064  0.746450  0.780142  0.831270  0.809037  0.751100  0.787116  0.839399  0.105438  0.884862  0.107139  0.800501  0.876382  0.848721  0.850713  0.802287  0.786741  0.850397  0.896230  0.844270  0.758049  0.865287  0.787077  0.849403  0.762233  0.774312  0.737446  0.847529  0.876744  0.919278  0.757532  0.813384  0.889887  0.835692  0.747542  0.757284  0.854567  0.763373  0.854315  0.762328  0.758058  0.784580  0.652223  0.632507  0.877713  0.842414  0.933680  0.658893  0.877253  0.759879  0.916927  0.856292  0.754338  0.863376  0.839894  0.797282  0.923164  0.835957  0.842084  0.950222  0.857183  0.465686  0.766964  0.762985  0.800577  0.123345  0.787959  0.862689  0.812896  0.865793  0.734993  0.845935  0.886008  0.795919  0.836684  0.769376  0.815005  0.096692  0.825284  0.862506  0.819921  0.568004  0.822254  0.090318  0.857723  0.766307  0.913544  0.852413  0.764016  0.847349 
11  0.343269  0.270946  0.200829  0.452723  0.435416  0.204505  0.401604  0.199813  0.183014  0.494462  0.942640 0.0  0.161505  0.091139  0.572331  0.130115  0.250173  0.076836  0.438008  0.498891  0.392875  0.339238  0.098237  0.080544  0.794559  0.241370  0.076836  0.076836  0.784986  0.458983  0.094319  0.103776  0.895145  0.401721  0.232258  0.265954  0.503353  0.439345  0.563490  0.076836  0.076836  0.417496  0.105982  0.224798  0.206490  0.440053  0.288221  0.197647  0.317534  0.113760  0.542281  0.347727  0.449073  0.230752  0.323114  0.411245  0.480415  0.327783  0.394640  0.369362  0.310680  0.178330  0.215074  0.095924  0.094471  0.150342  0.108499  0.214215  0.304308  0.435175  0.077993  0.193639  0.269552  0.254397  0.380045  0.149273  0.409231  0.436199  0.196981  0.172270  0.162983  0.102883  0.497980  0.417385  0.472572  0.124434  0.200567  0.663465  0.091144  0.158063  0.194255  0.134547  0.076836  0.113571  0.180998  0.076836  0.365228  0.428281  0.104349  0.132102  0.479248  0.778802  0.747989  0.432145  0.083742  0.251091  0.357966  0.886505  0.378360  0.391450  0.081952  0.363383  0.160498  0.077328  0.170043  0.778037  0.076836  0.857229  0.138069  0.147584  0.258729  0.447428  0.744064  0.259134  0.136567  0.440338  0.128932  0.426341  0.124907  0.546074  0.131157  0.396374  0.145176  0.472237  0.076836  0.447702  0.190013  0.088924  0.357003  0.174117  0.076836  0.551922  0.176721  0.076836  0.298171  0.468134  0.286150  0.347867  0.316911  0.655545  0.845131  0.144917  0.142715  0.216228  0.669512  0.221940  0.257646  0.082959  0.180880  0.178468  0.171382  0.150540  0.076836  0.146760  0.129562  0.139569  0.364644  0.296587  0.719768  0.435917  0.115367  0.429884  0.855372  0.076836  0.127326  0.109175  0.176693  0.668140  0.098631  0.116118  0.545908  0.147933  0.103232  0.348825  0.830198  0.076836  0.085066  0.650343  0.785618  0.377454  0.899634  0.091697  0.395007  0.174651  0.362607  0.447798  0.198797 
12  0.379228  0.183553  0.238508  0.413049  0.445346  0.420638  0.460995  0.115905  0.181536  0.401568  0.829730  0.161505 0.0  0.098235  0.624937  0.091880  0.196937  0.076836  0.435309  0.580330  0.423201  0.395614  0.137014  0.178173  0.783194  0.076836  0.076836  0.199049  0.761924  0.369579  0.140605  0.114618  0.795908  0.430053  0.313728  0.193665  0.442633  0.508230  0.629359  0.076836  0.112176  0.445007  0.188193  0.297781  0.214648  0.350480  0.199938  0.198057  0.409700  0.146064  0.581785  0.355608  0.511688  0.221839  0.375597  0.311567  0.267124  0.312057  0.352987  0.441492  0.291837  0.187331  0.201987  0.124016  0.158930  0.196270  0.135894  0.328756  0.309295  0.500629  0.076836  0.229379  0.119474  0.295618  0.336623  0.105242  0.411361  0.415851  0.076836  0.200264  0.162696  0.128074  0.366714  0.368921  0.306222  0.170496  0.125069  0.737418  0.086363  0.122865  0.260129  0.143776  0.142270  0.107181  0.190757  0.076836  0.362113  0.471548  0.183965  0.139551  0.450365  0.808377  0.811047  0.357138  0.105704  0.220624  0.439254  0.828082  0.456521  0.245308  0.124051  0.524737  0.232912  0.076836  0.122068  0.838720  0.123442  0.817637  0.212377  0.079782  0.273055  0.405019  0.802323  0.116758  0.131199  0.457240  0.097731  0.422626  0.076836  0.436632  0.100370  0.391786  0.170595  0.449325  0.130103  0.476303  0.113123  0.129828  0.448902  0.194592  0.089888  0.539559  0.076836  0.076836  0.380238  0.382382  0.215779  0.281916  0.309108  0.750715  0.866957  0.100457  0.076836  0.216520  0.538515  0.160936  0.175438  0.109809  0.136392  0.148267  0.105720  0.076836  0.076836  0.076836  0.076836  0.169903  0.379849  0.344601  0.792156  0.455201  0.086032  0.415817  0.772097  0.207181  0.088370  0.174368  0.079669  0.689292  0.113304  0.100407  0.610159  0.122927  0.208500  0.432945  0.862998  0.127149  0.158640  0.616233  0.704225  0.378420  0.791045  0.140569  0.510978  0.139569  0.373018  0.404551  0.217042 
13  0.364893  0.214620  0.253164  0.392797  0.441278  0.224179  0.404472  0.202474  0.127496  0.353586  0.800179  0.091139  0.098235 0.0  0.571803  0.076836  0.171619  0.108733  0.419292  0.581401  0.443852  0.280941  0.088119  0.146924  0.738241  0.126278  0.150657  0.184876  0.670677  0.419624  0.171795  0.088460  0.805765  0.407127  0.287944  0.197360  0.375411  0.469673  0.549165  0.194858  0.116339  0.506678  0.234805  0.350252  0.242309  0.385476  0.146483  0.076836  0.380913  0.140109  0.586663  0.399983  0.694835  0.291212  0.333363  0.362786  0.458577  0.330687  0.379922  0.309766  0.203428  0.167154  0.230164  0.104368  0.076836  0.127750  0.206969  0.284413  0.216963  0.468054  0.127945  0.173854  0.271385  0.301816  0.278294  0.207467  0.446628  0.447543  0.170442  0.105764  0.148060  0.100440  0.407962  0.462956  0.385363  0.109656  0.135207  0.610573  0.096147  0.186500  0.182849  0.147476  0.076836  0.147229  0.106446  0.093599  0.434604  0.503361  0.155458  0.158717  0.430006  0.747914  0.848203  0.461619  0.151000  0.149764  0.506117  0.925073  0.390487  0.426787  0.210769  0.462646  0.195088  0.106068  0.113745  0.826674  0.162816  0.840527  0.152134  0.137887  0.231372  0.410396  0.750413  0.092795  0.076836  0.401041  0.173181  0.481420  0.076836  0.471937  0.126359  0.395190  0.125669  0.465999  0.221613  0.362498  0.110944  0.271155  0.428318  0.116823  0.076836  0.512014  0.096035  0.076836  0.226111  0.444152  0.200353  0.293235  0.225711  0.643039  0.818945  0.185970  0.109410  0.171669  0.663548  0.076836  0.146508  0.076836  0.076836  0.078443  0.120067  0.091003  0.116727  0.138183  0.076836  0.110920  0.392259  0.347152  0.803752  0.401448  0.076836  0.402979  0.880852  0.138788  0.076836  0.120505  0.155709  0.647594  0.078336  0.188715  0.610542  0.097219  0.109856  0.433248  0.861728  0.136695  0.076836  0.597669  0.793297  0.400995  0.854771  0.151670  0.421636  0.108987  0.309092  0.477846  0.122246 
14  0.602600  0.550271  0.544433  0.521519  0.514533  0.628739  0.567799  0.519901  0.549710  0.665167  0.814557  0.572331  0.624937  0.571803 0.0  0.586948  0.528902  0.555062  0.590576  0.387452  0.515288  0.530810  0.578486  0.585974  0.734299  0.580959  0.612967  0.477653  0.725144  0.544109  0.609582  0.545081  0.803446  0.613982  0.462149  0.577288  0.633790  0.618496  0.394578  0.582403  0.536260  0.546124  0.577799  0.533904  0.519462  0.617324  0.504049  0.603718  0.555377  0.612968  0.393914  0.528754  0.357090  0.539558  0.592354  0.594621  0.633493  0.616478  0.561594  0.558933  0.594625  0.496451  0.613519  0.603075  0.455315  0.537441  0.584089  0.509562  0.601746  0.499239  0.475186  0.572586  0.490942  0.499383  0.613015  0.617029  0.573450  0.632074  0.537044  0.573860  0.553136  0.622403  0.531263  0.543872  0.586817  0.591340  0.554145  0.822609  0.500934  0.595763  0.537452  0.499748  0.599276  0.598971  0.552153  0.508483  0.587395  0.648253  0.532601  0.583337  0.642963  0.833762  0.812209  0.557848  0.628070  0.619829  0.536401  0.773875  0.638667  0.589066  0.535963  0.576771  0.548058  0.569755  0.597193  0.768987  0.618450  0.729185  0.578174  0.575573  0.596958  0.593146  0.735623  0.462449  0.517176  0.513308  0.568790  0.574087  0.591962  0.575928  0.578139  0.521941  0.516773  0.427243  0.534055  0.584769  0.577582  0.502800  0.535408  0.564593  0.562186  0.244979  0.539903  0.578721  0.611924  0.568662  0.542561  0.523393  0.554821  0.690589  0.880517  0.574463  0.583788  0.527864  0.679186  0.573723  0.584654  0.546434  0.508390  0.586698  0.493338  0.529547  0.636222  0.601752  0.578859  0.539864  0.519473  0.496472  0.743944  0.491011  0.493859  0.514232  0.822573  0.528868  0.570668  0.563858  0.590637  0.607390  0.555991  0.556543  0.125233  0.604225  0.610238  0.534732  0.763529  0.494496  0.498104  0.309792  0.690192  0.564265  0.737916  0.492088  0.515004  0.513325  0.556207  0.583069  0.652083 
15  0.356776  0.292425  0.159675  0.416523  0.448180  0.407534  0.403298  0.109362  0.117179  0.372698  0.847203  0.130115  0.091880  0.076836  0.586948 0.0  0.177932  0.082168  0.460176  0.515194  0.379076  0.192113  0.151691  0.176719  0.760912  0.135226  0.076836  0.091443  0.802139  0.390443  0.103751  0.150864  0.840452  0.448896  0.198965  0.243599  0.422081  0.518294  0.598206  0.124802  0.105536  0.439922  0.076836  0.207067  0.149980  0.335157  0.261246  0.109656  0.380336  0.157265  0.536815  0.455622  0.604993  0.206647  0.407739  0.393775  0.409149  0.258933  0.419952  0.360875  0.245873  0.111554  0.076836  0.086822  0.080403  0.168724  0.154916  0.212191  0.265985  0.550542  0.097022  0.163224  0.199237  0.270651  0.286221  0.165766  0.433553  0.356545  0.076836  0.122556  0.076836  0.076836  0.379040  0.384698  0.481298  0.115423  0.115323  0.581776  0.181208  0.133234  0.142750  0.242908  0.127996  0.171629  0.153201  0.201758  0.475529  0.440505  0.151664  0.098110  0.419496  0.793111  0.968028  0.436105  0.107915  0.217902  0.399098  0.854601  0.429732  0.359240  0.122814  0.441630  0.107454  0.153033  0.076836  0.767374  0.105397  0.796540  0.234485  0.103786  0.316479  0.496928  0.708438  0.113551  0.125322  0.492647  0.172085  0.411187  0.160447  0.556585  0.187039  0.362410  0.115357  0.529718  0.143912  0.364062  0.101919  0.160439  0.442863  0.171474  0.137943  0.506901  0.081215  0.138320  0.248873  0.486469  0.251744  0.323527  0.322849  0.708065  0.745954  0.083132  0.076836  0.107340  0.541663  0.118685  0.076836  0.092681  0.145137  0.076836  0.076836  0.212282  0.135541  0.076836  0.109825  0.136782  0.417076  0.289194  0.794400  0.362442  0.181892  0.406597  0.753327  0.107114  0.111922  0.122332  0.143535  0.689003  0.105794  0.135084  0.524207  0.165633  0.194576  0.375905  0.727386  0.100767  0.176468  0.528114  0.686659  0.453757  0.775962  0.076836  0.365969  0.168489  0.299105  0.429857  0.108159 
16  0.341617  0.304661  0.288182  0.312393  0.290267  0.297757  0.427023  0.318097  0.187295  0.452418  0.791340  0.250173  0.196937  0.171619  0.528902  0.177932 0.0  0.135653  0.313210  0.479617  0.335672  0.292202  0.208140  0.144152  0.812605  0.196674  0.235663  0.262734  0.761246  0.272487  0.242124  0.297704  0.807362  0.287290  0.218002  0.278932  0.309348  0.376708  0.535930  0.237376  0.262134  0.360176  0.252629  0.342996  0.193068  0.382248  0.234625  0.250574  0.385860  0.246088  0.503569  0.440128  0.562411  0.144707  0.394579  0.381156  0.362528  0.133154  0.424341  0.412205  0.083711  0.224080  0.190910  0.262784  0.205208  0.203245  0.172697  0.287646  0.228547  0.524440  0.243102  0.307178  0.242371  0.301216  0.219251  0.145444  0.362967  0.365126  0.276759  0.244075  0.241189  0.297605  0.315245  0.355988  0.401648  0.201129  0.172767  0.663643  0.252335  0.238362  0.270959  0.178587  0.314285  0.268820  0.298643  0.277571  0.366323  0.397512  0.209335  0.216071  0.355672  0.864397  0.764460  0.318257  0.175911  0.182610  0.353540  0.817867  0.350308  0.342671  0.197578  0.323507  0.266248  0.157108  0.246452  0.717535  0.226989  0.829035  0.290250  0.240381  0.250631  0.330846  0.683507  0.267258  0.213029  0.373299  0.167791  0.367503  0.169306  0.398372  0.273656  0.416181  0.253970  0.459862  0.227697  0.274538  0.168024  0.311394  0.285727  0.222094  0.229506  0.515781  0.273960  0.225912  0.128477  0.427307  0.250972  0.281557  0.191058  0.702759  0.733878  0.225097  0.166794  0.211638  0.683259  0.254651  0.366516  0.240278  0.234504  0.206902  0.212221  0.199985  0.330632  0.228076  0.195200  0.188663  0.340786  0.345706  0.688357  0.361191  0.158673  0.279299  0.725199  0.220101  0.257389  0.220855  0.157319  0.662362  0.243040  0.263282  0.497953  0.276055  0.301022  0.324520  0.789887  0.216504  0.127714  0.511379  0.836562  0.392184  0.774051  0.270047  0.336381  0.139691  0.211122  0.500188  0.219171 
17  0.380354  0.350966  0.149071  0.510625  0.412249  0.369103  0.512120  0.207288  0.246376  0.383026  0.728604  0.076836  0.076836  0.108733  0.555062  0.082168  0.135653 0.0  0.365708  0.521623  0.538679  0.306750  0.076836  0.079678  0.817949  0.161385  0.107884  0.108687  0.754105  0.431758  0.195509  0.139167  0.805727  0.474965  0.219463  0.209628  0.393961  0.412803  0.627710  0.076836  0.134841  0.421227  0.108970  0.303873  0.225036  0.447164  0.226906  0.098063  0.385163  0.138194  0.600381  0.259879  0.582469  0.264721  0.328446  0.511175  0.434171  0.315658  0.387429  0.377727  0.174475  0.208565  0.172003  0.142422  0.243816  0.210956  0.097907  0.253886  0.219861  0.479136  0.144977  0.293053  0.187503  0.274452  0.293689  0.137214  0.382086  0.444143  0.199886  0.192818  0.113599  0.076836  0.283355  0.417473  0.421428  0.100041  0.151419  0.613657  0.129203  0.076836  0.127511  0.110904  0.100766  0.168281  0.215907  0.133141  0.366303  0.427793  0.197418  0.076836  0.388008  0.819515  0.796708  0.436157  0.076836  0.263358  0.513830  0.826698  0.397200  0.378781  0.092766  0.416516  0.229599  0.103100  0.076836  0.829692  0.152820  0.822384  0.164142  0.076836  0.250615  0.352912  0.801858  0.141745  0.184972  0.514234  0.164054  0.561526  0.169938  0.408908  0.076836  0.400290  0.176075  0.509890  0.100518  0.422915  0.146790  0.139352  0.451617  0.198250  0.234015  0.431463  0.076836  0.179561  0.294912  0.336063  0.265084  0.278749  0.188064  0.621460  0.833729  0.154392  0.117644  0.181197  0.629148  0.151759  0.148924  0.114198  0.079452  0.142572  0.084374  0.118320  0.187286  0.204120  0.184195  0.124046  0.418588  0.275636  0.791469  0.391604  0.195652  0.337252  0.809941  0.118008  0.182837  0.101661  0.202562  0.647009  0.086723  0.081855  0.549959  0.155488  0.076836  0.317008  0.759054  0.108613  0.225643  0.662121  0.801623  0.539717  0.844795  0.165164  0.454255  0.173102  0.293441  0.433194  0.115659 
18  0.229554  0.390219  0.470133  0.207078  0.076836  0.152218  0.076836  0.298839  0.456401  0.440211  0.843661  0.438008  0.435309  0.419292  0.590576  0.460176  0.313210  0.365708 0.0  0.544070  0.424261  0.477084  0.432209  0.426023  0.721638  0.320229  0.474746  0.373310  0.831576  0.408760  0.370521  0.395460  0.735412  0.314941  0.154469  0.361655  0.471725  0.444047  0.561544  0.386294  0.412019  0.482755  0.441568  0.341342  0.431526  0.186283  0.407563  0.441379  0.267275  0.423722  0.616500  0.286346  0.658315  0.344254  0.175122  0.370034  0.442951  0.433702  0.422389  0.251409  0.379681  0.391285  0.403772  0.503336  0.353774  0.341799  0.472655  0.401468  0.434519  0.448166  0.436235  0.395720  0.182053  0.495490  0.524742  0.401827  0.422098  0.427928  0.494638  0.417150  0.384079  0.407506  0.398279  0.326002  0.414261  0.409293  0.455892  0.733816  0.480677  0.358910  0.280061  0.328756  0.343253  0.372362  0.424210  0.387420  0.137968  0.373786  0.468691  0.460380  0.417675  0.771511  0.882584  0.391008  0.456688  0.448837  0.467875  0.826758  0.517102  0.482996  0.469335  0.420558  0.433870  0.462828  0.465552  0.808032  0.297499  0.792872  0.551713  0.413127  0.318986  0.433036  0.729940  0.469507  0.380030  0.518538  0.467554  0.411878  0.398268  0.370609  0.345038  0.397112  0.432205  0.570547  0.505382  0.429815  0.387102  0.440343  0.110562  0.407901  0.404674  0.537143  0.437335  0.397072  0.439527  0.424969  0.409470  0.385573  0.454392  0.681094  0.760959  0.439804  0.377886  0.356522  0.694110  0.480398  0.504051  0.393918  0.522418  0.452921  0.377700  0.449579  0.440832  0.405186  0.328446  0.304126  0.366813  0.285354  0.819534  0.455379  0.410140  0.470349  0.765495  0.391832  0.424537  0.448722  0.475923  0.690901  0.347750  0.421101  0.552138  0.484683  0.376420  0.490186  0.867456  0.389853  0.418518  0.495453  0.744740  0.492853  0.851401  0.346310  0.361783  0.453071  0.407753  0.418584  0.317860 
19  0.518092  0.611921  0.545866  0.645480  0.572898  0.580366  0.415903  0.593087  0.576400  0.687848  0.783337  0.498891  0.580330  0.581401  0.387452  0.515194  0.479617  0.521623  0.544070 0.0  0.499355  0.550126  0.603992  0.581323  0.818750  0.550461  0.547544  0.528180  0.792256  0.605776  0.560847  0.583312  0.840599  0.504710  0.449936  0.604254  0.548527  0.529654  0.159179  0.522264  0.528121  0.531839  0.624666  0.528641  0.571180  0.501750  0.562883  0.510469  0.433069  0.536872  0.236484  0.445900  0.274697  0.564051  0.506427  0.567051  0.530908  0.551363  0.487447  0.529426  0.591320  0.497534  0.627880  0.632795  0.543709  0.550507  0.543813  0.590329  0.563152  0.451599  0.545794  0.567236  0.485944  0.577129  0.529354  0.528542  0.591889  0.517751  0.509137  0.538063  0.568059  0.537484  0.616825  0.468219  0.498102  0.524413  0.562770  0.712268  0.588837  0.553014  0.540369  0.582034  0.539403  0.534429  0.576649  0.549006  0.591127  0.559290  0.547691  0.475326  0.541865  0.846095  0.758797  0.533021  0.462735  0.499837  0.485820  0.743823  0.517360  0.525566  0.481828  0.539015  0.561640  0.471845  0.537257  0.767414  0.484686  0.712123  0.571271  0.504724  0.630278  0.562247  0.816628  0.530109  0.566434  0.494473  0.503677  0.524711  0.514424  0.534675  0.603555  0.515832  0.476863  0.117984  0.527466  0.613923  0.597675  0.461144  0.624600  0.551259  0.540583  0.164640  0.539527  0.548674  0.550666  0.563896  0.532210  0.467408  0.666846  0.589193  0.791831  0.517804  0.525452  0.444559  0.644204  0.512512  0.535091  0.618545  0.565578  0.574538  0.550189  0.532273  0.504308  0.559821  0.552680  0.586510  0.554270  0.478407  0.701030  0.481882  0.510850  0.502349  0.793258  0.592017  0.517776  0.623920  0.608945  0.549910  0.500061  0.509984  0.348684  0.543028  0.604184  0.448132  0.820200  0.569210  0.530570  0.183603  0.719851  0.519503  0.855073  0.553068  0.484514  0.528515  0.430233  0.470638  0.557799 
