197
0 0.0  0.295527  0.330573  0.130810  0.132613  0.129078  0.140795  0.367157  0.319661  0.297845  0.730082  0.310034  0.294941  0.300232  0.450461  0.300404  0.290928  0.312304  0.139245  0.492747  0.320811  0.355266  0.275078  0.310512  0.657429  0.299446  0.344910  0.325382  0.743734  0.331327  0.336331  0.306434  0.721694  0.288498  0.211143  0.275473  0.288044  0.327363  0.460334  0.300552  0.331102  0.332106  0.322321  0.316791  0.342421  0.131197  0.298533  0.289142  0.194386  0.302016  0.525888  0.219818  0.569613  0.320485  0.141906  0.339243  0.312370  0.331060  0.343760  0.209042  0.333144  0.310346  0.307023  0.293765  0.331146  0.332032  0.306189  0.299175  0.318583  0.497538  0.304005  0.316318  0.189151  0.337281  0.289826  0.302622  0.319423  0.313948  0.314919  0.290610  0.338413  0.309523  0.338724  0.314790  0.300905  0.345501  0.311914  0.607208  0.311719  0.365554  0.312295  0.327927  0.336132  0.272981  0.309704  0.310099  0.135610  0.295637  0.314950  0.317530  0.315713  0.653264  0.845345  0.279420  0.317283  0.292025  0.331194  0.803188  0.318705  0.309915  0.309803  0.342026  0.292173  0.303382  0.362031  0.770100  0.341311  0.793088  0.327894  0.333216  0.328308  0.296411  0.812805  0.366646  0.283635  0.326253  0.313989  0.342091  0.342305  0.276048  0.321524  0.298601  0.317769  0.421694  0.374199  0.351131  0.279954  0.321211  0.133049  0.281301  0.336126  0.441768  0.301999  0.364799  0.299490  0.292697  0.264137  0.345897  0.336933  0.638503  0.731627  0.308012  0.305320  0.331286  0.687335  0.293102  0.315875  0.266249  0.319961  0.306926  0.310763  0.296667  0.329992  0.320020  0.289653  0.303999  0.279320  0.285648  0.715108  0.319789  0.295104  0.299025  0.656091  0.329092  0.339394  0.291393  0.364681  0.573509  0.310164  0.306927  0.526192  0.310067  0.271822  0.334966  0.866498  0.342547  0.323349  0.508427  0.797288  0.329647  0.808118  0.336734  0.310526  0.333004  0.298750  0.302733  0.304130 
1  0.295527 0.0  0.254048  0.337146  0.365782  0.322209  0.356394  0.252568  0.244210  0.415051  0.692976  0.232301  0.261765  0.231067  0.597603  0.255136  0.207858  0.285130  0.381805  0.450305  0.343954  0.214378  0.239653  0.275395  0.786741  0.291607  0.273522  0.252951  0.643664  0.391773  0.218968  0.242371  0.792487  0.345983  0.205749  0.207143  0.408416  0.418458  0.552951  0.253208  0.255094  0.385339  0.289150  0.232014  0.201653  0.313937  0.207916  0.225338  0.276747  0.287964  0.445086  0.324235  0.477585  0.207572  0.336157  0.377713  0.363691  0.133970  0.329925  0.302838  0.184645  0.250135  0.244849  0.269518  0.255688  0.252601  0.271611  0.204409  0.185850  0.419620  0.238017  0.204709  0.209193  0.232729  0.147370  0.250251  0.353446  0.381236  0.252919  0.241723  0.254696  0.230130  0.368092  0.346798  0.337523  0.259731  0.269204  0.674381  0.263464  0.243596  0.219896  0.249447  0.261454  0.232017  0.264851  0.280520  0.366113  0.383365  0.231172  0.237822  0.381699  0.800768  0.728614  0.282675  0.282607  0.242143  0.364480  0.753729  0.324076  0.369664  0.286351  0.426559  0.290932  0.231479  0.244650  0.823162  0.233393  0.734536  0.283132  0.287586  0.279471  0.413174  0.850354  0.239643  0.250044  0.349599  0.265271  0.369588  0.261782  0.366023  0.216794  0.327986  0.232076  0.529572  0.257376  0.260899  0.255277  0.252695  0.339782  0.253473  0.242557  0.503031  0.256908  0.280078  0.227580  0.314183  0.114911  0.120681  0.220182  0.661815  0.832400  0.255580  0.253262  0.277443  0.552355  0.252303  0.251532  0.247904  0.238356  0.256524  0.270612  0.284243  0.255564  0.252415  0.239136  0.250660  0.364671  0.294908  0.684854  0.368383  0.245866  0.338766  0.650442  0.266897  0.222520  0.237559  0.265670  0.633406  0.222966  0.253732  0.451219  0.245438  0.211193  0.354579  0.812095  0.225782  0.219671  0.549378  0.793679  0.365502  0.819286  0.249001  0.348794  0.244068  0.235777  0.360860  0.226522 
2  0.330573  0.254048 0.0  0.365136  0.403603  0.306237  0.399543  0.092714  0.106407  0.367517  0.820215  0.159884  0.156034  0.146045  0.493842  0.144430  0.229761  0.142716  0.382746  0.480326  0.349419  0.240033  0.145139  0.148463  0.765761  0.160464  0.154243  0.156419  0.745512  0.333987  0.143823  0.164017  0.693091  0.323622  0.205610  0.220907  0.294135  0.378335  0.556942  0.150808  0.147843  0.322546  0.152966  0.209486  0.195498  0.301854  0.220270  0.153243  0.305722  0.140360  0.514037  0.374724  0.527772  0.211640  0.292110  0.320776  0.347760  0.241312  0.328288  0.374753  0.205070  0.152864  0.156745  0.154807  0.160127  0.155646  0.156971  0.207486  0.244080  0.433849  0.165749  0.209356  0.209600  0.257050  0.229661  0.140280  0.311142  0.354955  0.157388  0.162887  0.161790  0.142644  0.376769  0.297108  0.378183  0.162228  0.146912  0.638723  0.130629  0.150190  0.157815  0.162366  0.156314  0.150658  0.163319  0.148043  0.384292  0.367804  0.151336  0.154450  0.371362  0.766873  0.783714  0.384204  0.145801  0.108201  0.365348  0.755527  0.380004  0.342091  0.144432  0.380365  0.106700  0.151964  0.157717  0.671160  0.153735  0.880790  0.103101  0.154119  0.186321  0.376695  0.632242  0.145415  0.144317  0.381562  0.148536  0.379115  0.157777  0.383748  0.160392  0.386681  0.145655  0.451448  0.144384  0.367483  0.158224  0.131837  0.318933  0.143568  0.115141  0.484293  0.135663  0.151571  0.260571  0.411069  0.239448  0.240714  0.251446  0.674678  0.730999  0.159850  0.167640  0.145827  0.665019  0.143531  0.146156  0.157221  0.138217  0.156043  0.164389  0.150925  0.157496  0.152699  0.148363  0.156732  0.365987  0.237586  0.788096  0.346061  0.144694  0.393039  0.799647  0.153767  0.143024  0.167717  0.147384  0.782775  0.117019  0.125363  0.493788  0.128770  0.166026  0.342352  0.806060  0.161814  0.159586  0.466936  0.747624  0.345382  0.783998  0.150538  0.334589  0.156586  0.222919  0.391270  0.163714 
3  0.130810  0.337146  0.365136 0.0  0.095543  0.128035  0.096020  0.412899  0.361099  0.419104  0.887463  0.325040  0.361034  0.355028  0.514922  0.350289  0.322232  0.356786  0.097299  0.463724  0.365310  0.317533  0.367387  0.346010  0.733765  0.304408  0.351101  0.302847  0.772486  0.306410  0.333993  0.323264  0.708345  0.298579  0.216102  0.312356  0.378173  0.372374  0.538740  0.355934  0.307062  0.351250  0.382830  0.309083  0.310028  0.119334  0.339567  0.334904  0.205113  0.384532  0.417835  0.228051  0.461022  0.312075  0.129148  0.309184  0.378251  0.342486  0.332870  0.221648  0.334405  0.313826  0.339187  0.324289  0.338698  0.328082  0.376840  0.339510  0.357004  0.435526  0.365289  0.357878  0.196504  0.391324  0.288655  0.356096  0.426355  0.324410  0.400660  0.348716  0.330688  0.332931  0.368513  0.270989  0.403907  0.313694  0.337201  0.593955  0.371832  0.384312  0.298503  0.365261  0.393681  0.357917  0.332067  0.340262  0.132247  0.330731  0.344156  0.312537  0.362612  0.757862  0.838088  0.373413  0.301128  0.359241  0.347324  0.755230  0.409136  0.361053  0.370311  0.377567  0.362871  0.366799  0.340960  0.721264  0.339100  0.964726  0.398621  0.371285  0.341949  0.393863  0.783051  0.329615  0.327945  0.356246  0.365744  0.370057  0.356267  0.349828  0.369112  0.344583  0.375004  0.470604  0.379456  0.362521  0.285655  0.318644  0.113417  0.337733  0.355345  0.480295  0.376672  0.391487  0.316041  0.356064  0.360671  0.402905  0.342154  0.625656  0.746059  0.343723  0.351684  0.336724  0.642459  0.329285  0.335634  0.309392  0.321592  0.339855  0.383499  0.332935  0.329389  0.372805  0.334048  0.377132  0.411377  0.272893  0.680494  0.351833  0.364695  0.347160  0.670948  0.350978  0.338017  0.365577  0.334524  0.604445  0.359982  0.327576  0.514825  0.377535  0.341210  0.397304  0.863267  0.355904  0.294590  0.520880  0.745621  0.354567  0.818789  0.330655  0.306806  0.335404  0.293581  0.347052  0.356531 
4  0.132613  0.365782  0.403603  0.095543 0.0  0.133453  0.084950  0.368924  0.354636  0.412590  0.718325  0.329393  0.373328  0.300142  0.487638  0.349731  0.309263  0.382492  0.084950  0.549747  0.377220  0.312123  0.376341  0.424840  0.828109  0.345021  0.371906  0.370760  0.583837  0.430188  0.338288  0.395782  0.637024  0.355755  0.231221  0.306402  0.391462  0.353757  0.529867  0.372408  0.355439  0.339816  0.432770  0.345975  0.328382  0.111354  0.299488  0.352808  0.205737  0.345436  0.532964  0.223271  0.531496  0.325292  0.126668  0.302425  0.375973  0.347821  0.340390  0.194534  0.351819  0.335109  0.323844  0.365642  0.304182  0.347135  0.359027  0.312513  0.345292  0.466561  0.353190  0.322144  0.197219  0.309635  0.360951  0.306805  0.368245  0.335026  0.345216  0.389642  0.332554  0.334934  0.382839  0.279962  0.308188  0.406248  0.371332  0.613220  0.316573  0.345428  0.311911  0.390911  0.345484  0.315395  0.300564  0.397976  0.134362  0.409937  0.386575  0.379839  0.370359  0.732755  0.862368  0.322818  0.428849  0.377059  0.393869  0.673393  0.369498  0.383792  0.365997  0.357157  0.331808  0.420356  0.391935  0.796520  0.385597  0.742106  0.366146  0.371674  0.390951  0.348457  0.661357  0.297564  0.357213  0.346730  0.338154  0.384734  0.350764  0.400158  0.378032  0.330557  0.389170  0.492673  0.397963  0.325862  0.302900  0.359525  0.120141  0.347859  0.372542  0.480716  0.367629  0.343807  0.342280  0.342749  0.340716  0.353310  0.310259  0.581931  0.679147  0.374960  0.345669  0.346198  0.705170  0.360692  0.381960  0.322450  0.328105  0.393399  0.363280  0.379873  0.318425  0.341451  0.339075  0.367063  0.279841  0.293796  0.644659  0.345329  0.346890  0.356613  0.807901  0.383649  0.348805  0.368029  0.381891  0.637574  0.348244  0.365419  0.477536  0.327426  0.345235  0.365827  0.825897  0.333350  0.333790  0.484796  0.778817  0.361568  0.801554  0.358374  0.286599  0.310698  0.409250  0.338641  0.338001 
5  0.129078  0.322209  0.306237  0.128035  0.133453 0.0  0.129470  0.327902  0.339411  0.296785  0.786742  0.307290  0.313216  0.292383  0.456597  0.300581  0.328604  0.333628  0.131403  0.448411  0.340843  0.282322  0.305744  0.301579  0.872623  0.300482  0.295661  0.315644  0.712632  0.306222  0.322773  0.300634  0.739248  0.334075  0.209120  0.289338  0.319950  0.332502  0.483786  0.302941  0.311259  0.314478  0.304812  0.321604  0.322713  0.136195  0.349716  0.340103  0.195487  0.317197  0.573489  0.191601  0.442179  0.321105  0.138420  0.325610  0.317664  0.333019  0.322133  0.197211  0.352633  0.348773  0.282874  0.298479  0.353513  0.346125  0.286164  0.328812  0.278535  0.392017  0.319030  0.323441  0.225080  0.319392  0.285835  0.275306  0.346507  0.282785  0.338672  0.327709  0.305555  0.326681  0.304850  0.284850  0.286781  0.310706  0.320828  0.625891  0.303270  0.308906  0.298693  0.321253  0.290538  0.300998  0.321451  0.340584  0.133202  0.288154  0.324807  0.277261  0.294595  0.590619  0.766658  0.326810  0.299904  0.331583  0.309566  0.790190  0.341504  0.323712  0.302856  0.310041  0.279187  0.281871  0.309630  0.736875  0.290663  0.736039  0.293860  0.323733  0.330860  0.332462  0.779648  0.306124  0.283001  0.362143  0.289843  0.294282  0.299529  0.329233  0.320616  0.321267  0.308905  0.519473  0.308988  0.314446  0.322633  0.324554  0.134282  0.260329  0.289691  0.457517  0.343926  0.329530  0.305690  0.311134  0.316638  0.318851  0.281103  0.683168  0.781190  0.313837  0.315474  0.321190  0.717661  0.296387  0.294466  0.249490  0.295105  0.341776  0.314499  0.344872  0.370908  0.298669  0.305980  0.344709  0.288516  0.261484  0.767929  0.342654  0.323539  0.294875  0.677228  0.319323  0.324695  0.334590  0.306514  0.658051  0.385497  0.355691  0.518371  0.323894  0.310377  0.350308  0.746949  0.306035  0.316635  0.509291  0.768281  0.273849  0.662252  0.340168  0.329521  0.299235  0.286931  0.350943  0.280990 
6  0.140795  0.356394  0.399543  0.096020  0.084950  0.129470 0.0  0.372013  0.360543  0.367170  0.681827  0.363445  0.343906  0.325360  0.473617  0.340038  0.330236  0.353479  0.084950  0.489263  0.381997  0.337126  0.366489  0.374031  0.711565  0.377522  0.380277  0.321459  0.826483  0.390753  0.323167  0.370182  0.789499  0.327868  0.206868  0.303385  0.461214  0.391061  0.543965  0.348391  0.379920  0.360289  0.357719  0.321368  0.327069  0.110527  0.317232  0.362677  0.217049  0.359843  0.562713  0.202633  0.416819  0.286073  0.130091  0.335140  0.323315  0.364412  0.333163  0.216280  0.335659  0.375297  0.364780  0.362600  0.358534  0.410548  0.345980  0.291758  0.340262  0.495311  0.342637  0.281539  0.213691  0.317015  0.363138  0.335625  0.395982  0.377762  0.360109  0.372800  0.373458  0.359815  0.343268  0.315931  0.340299  0.362251  0.389323  0.691593  0.377949  0.328448  0.306445  0.392323  0.379087  0.319363  0.387775  0.307610  0.129591  0.331062  0.340624  0.381171  0.337327  0.792346  0.828414  0.316204  0.343997  0.395860  0.343746  0.822367  0.381096  0.339579  0.336008  0.366961  0.345080  0.374622  0.359317  0.676155  0.325715  0.818795  0.395806  0.380507  0.365282  0.327325  0.685226  0.392722  0.387156  0.352660  0.371923  0.338916  0.352492  0.367729  0.375980  0.344915  0.353352  0.440496  0.378442  0.359159  0.360560  0.400146  0.114536  0.311391  0.317659  0.512794  0.345587  0.367541  0.332725  0.349913  0.302328  0.335753  0.343660  0.550360  0.739522  0.365720  0.368070  0.340161  0.615391  0.375341  0.334516  0.326249  0.354542  0.337148  0.399427  0.370848  0.305576  0.327009  0.380763  0.336254  0.395206  0.297674  0.761283  0.387196  0.366555  0.371010  0.827524  0.398207  0.347255  0.322138  0.346443  0.626832  0.333565  0.390573  0.486515  0.350146  0.353977  0.308423  0.686305  0.383972  0.346629  0.500687  0.688608  0.397778  0.702439  0.368241  0.392544  0.349485  0.360628  0.347124  0.315622 
7  0.367157  0.252568  0.092714  0.412899  0.368924  0.327902  0.372013 0.0  0.106874  0.401089  0.702541  0.151279  0.142119  0.149210  0.490471  0.149661  0.219229  0.159246  0.314390  0.480178  0.384390  0.247978  0.157279  0.152557  0.772182  0.153533  0.151260  0.164220  0.750021  0.386692  0.153536  0.149186  0.781350  0.342387  0.210999  0.216797  0.346523  0.360295  0.465390  0.150840  0.159419  0.362355  0.158357  0.238349  0.185839  0.299910  0.203379  0.146921  0.301352  0.151267  0.467636  0.356394  0.542705  0.201746  0.290702  0.358093  0.333374  0.232848  0.357039  0.333768  0.214148  0.146395  0.145617  0.160981  0.156127  0.149267  0.144421  0.198919  0.264923  0.451688  0.152650  0.195292  0.212845  0.246861  0.235896  0.153026  0.396528  0.358657  0.160243  0.161295  0.151247  0.149683  0.318606  0.286421  0.383623  0.155278  0.157643  0.606643  0.150066  0.141187  0.147454  0.152163  0.161702  0.152346  0.153500  0.145322  0.375977  0.400665  0.157865  0.148846  0.372342  0.731850  0.744114  0.369453  0.155436  0.105509  0.362998  0.827031  0.314373  0.344579  0.149386  0.399845  0.105056  0.156453  0.152841  0.640540  0.148031  0.720712  0.101882  0.145076  0.188429  0.374400  0.624765  0.154639  0.151187  0.372203  0.157705  0.355139  0.152561  0.381208  0.155371  0.369757  0.155299  0.417372  0.152707  0.346599  0.158740  0.127757  0.331656  0.151150  0.117781  0.500361  0.140868  0.152768  0.215907  0.348597  0.249374  0.242178  0.239777  0.659745  0.863797  0.151583  0.133202  0.148581  0.610623  0.147137  0.143493  0.152459  0.148754  0.153960  0.152545  0.137806  0.139347  0.155945  0.165089  0.166123  0.334590  0.267753  0.789132  0.362080  0.150912  0.324859  0.747931  0.143752  0.162829  0.143740  0.145412  0.602705  0.112294  0.138202  0.499714  0.132566  0.147711  0.328037  0.672281  0.160418  0.164817  0.536983  0.770650  0.353309  0.782300  0.152981  0.379824  0.154581  0.217745  0.306897  0.155127 
8  0.319661  0.244210  0.106407  0.361099  0.354636  0.339411  0.360543  0.106874 0.0  0.352737  0.686545  0.153455  0.152550  0.154224  0.526967  0.143594  0.186196  0.148421  0.399970  0.531675  0.403818  0.239840  0.154337  0.158123  0.803034  0.161603  0.155381  0.154167  0.734755  0.361966  0.150960  0.152781  0.721877  0.356908  0.212187  0.205168  0.395939  0.364894  0.576407  0.150349  0.145075  0.371340  0.150187  0.223822  0.215986  0.331397  0.195478  0.166272  0.345993  0.151803  0.520765  0.312005  0.562959  0.203609  0.316336  0.351596  0.358672  0.245193  0.353663  0.341482  0.233974  0.161104  0.151683  0.158177  0.155387  0.153078  0.139623  0.193572  0.250281  0.497552  0.151497  0.209617  0.218219  0.240730  0.239005  0.150484  0.380953  0.340431  0.151300  0.158651  0.142444  0.152810  0.360210  0.340579  0.349646  0.160576  0.160304  0.681689  0.150580  0.143713  0.164570  0.162975  0.157286  0.166339  0.146560  0.142178  0.379062  0.322260  0.149494  0.152766  0.348667  0.763758  0.716869  0.329203  0.146753  0.084950  0.326348  0.754878  0.377936  0.356931  0.152781  0.353242  0.091797  0.158800  0.149143  0.823155  0.161101  0.864025  0.084950  0.146020  0.183075  0.360488  0.786683  0.149102  0.148801  0.369389  0.148925  0.383102  0.139324  0.328194  0.143337  0.355772  0.147888  0.434871  0.158113  0.350690  0.154318  0.138809  0.353229  0.144055  0.117335  0.461182  0.142866  0.158856  0.221328  0.370598  0.209597  0.249577  0.213194  0.651107  0.727154  0.152048  0.154357  0.145769  0.639998  0.152795  0.145097  0.156224  0.150858  0.151120  0.141375  0.150252  0.144289  0.149147  0.148669  0.146990  0.374565  0.245503  0.740052  0.390036  0.146460  0.364030  0.733689  0.148203  0.163640  0.146091  0.148053  0.617598  0.114709  0.139761  0.463294  0.122092  0.150461  0.361091  0.672065  0.154427  0.153389  0.549060  0.723809  0.325677  0.799279  0.163420  0.364395  0.157646  0.217063  0.379259  0.148277 
9  0.297845  0.415051  0.367517  0.419104  0.412590  0.296785  0.367170  0.401089  0.352737 0.0  0.740428  0.346646  0.352229  0.425849  0.525993  0.361700  0.282953  0.367654  0.350372  0.484158  0.251217  0.390812  0.370830  0.372836  0.771611  0.378468  0.369178  0.380240  0.837328  0.276004  0.368506  0.341816  0.841421  0.179930  0.212344  0.332368  0.228301  0.261297  0.494190  0.355884  0.358155  0.187545  0.411030  0.374070  0.309039  0.341798  0.345283  0.376737  0.316257  0.363791  0.497094  0.323947  0.546675  0.317766  0.348971  0.129222  0.129353  0.318354  0.342794  0.335924  0.321381  0.376809  0.366473  0.346295  0.375583  0.353201  0.377874  0.278349  0.351600  0.509797  0.375919  0.320064  0.211157  0.373358  0.392253  0.345391  0.259599  0.231680  0.364715  0.341330  0.293027  0.355747  0.268770  0.359480  0.277639  0.356538  0.381129  0.654732  0.367493  0.409973  0.361723  0.404691  0.397978  0.364847  0.346999  0.340704  0.388105  0.155346  0.393763  0.339218  0.096367  0.726388  0.737957  0.096238  0.360667  0.452200  0.196192  0.730525  0.214769  0.138715  0.328903  0.098266  0.360741  0.355038  0.380211  0.706789  0.403998  0.776076  0.366507  0.384483  0.352179  0.273335  0.766501  0.374891  0.340972  0.175086  0.405664  0.098577  0.336531  0.264942  0.330137  0.119884  0.349803  0.453052  0.322659  0.130298  0.355544  0.366066  0.384352  0.400249  0.347070  0.420799  0.352437  0.384280  0.397231  0.140506  0.325529  0.356588  0.319103  0.635525  0.800172  0.341544  0.398323  0.375002  0.601174  0.374924  0.328366  0.354994  0.399917  0.371157  0.407801  0.389672  0.406577  0.390243  0.403635  0.375049  0.157355  0.266287  0.772066  0.249785  0.360381  0.215880  0.783914  0.422481  0.353080  0.313788  0.359826  0.499618  0.347096  0.397617  0.456325  0.335709  0.365084  0.192125  0.772068  0.323892  0.391882  0.472049  0.769156  0.253158  0.794506  0.348343  0.246411  0.410981  0.291087  0.131505  0.407379 
10  0.730082  0.692976  0.820215  0.887463  0.718325  0.786742  0.681827  0.702541  0.686545  0.740428 0.0  0.711070  0.807176  0.773862  0.929611  0.785672  0.828665  0.863095  0.849931  0.766618  0.738632  0.800926  0.941300  0.815526  0.441137  0.660074  0.859814  0.705181  0.447556  0.770087  0.620526  0.657095  0.540918  0.754712  0.789625  0.696632  0.824754  0.907356  0.708835  0.744651  0.607847  0.713417  0.730236  0.903744  0.830050  0.735915  0.907831  0.649998  0.672874  0.761583  0.757719  0.736651  0.743120  0.764576  0.744443  0.646821  0.949414  0.746099  0.804271  0.726593  0.819349  0.894440  0.802737  0.812574  0.819719  0.791765  0.860216  0.727094  0.774320  0.830908  0.775349  0.689973  0.589002  0.760098  0.837881  0.652843  0.811181  0.729539  0.762415  0.753528  0.878870  0.809983  0.699789  0.704199  0.851124  0.792561  0.816361  0.679259  0.635807  0.635182  0.792870  0.675788  0.820725  0.747803  0.851545  0.705976  0.735535  0.823333  0.701930  0.732874  0.749247  0.501576  0.091988  0.752377  0.728517  0.821475  0.625206  0.243440  0.787781  0.709172  0.623412  0.835998  0.843189  0.735661  0.813133  0.092836  0.735355  0.093143  0.868583  0.825314  0.720318  0.682772  0.805609  0.811796  0.784589  0.769721  0.686184  0.694148  0.842863  0.584470  0.872629  0.889876  0.743712  0.810127  0.717027  0.838734  0.822939  0.787213  0.829807  0.834048  0.804854  0.702708  0.811552  0.852864  0.653461  0.752613  0.682584  0.783570  0.696106  0.630182  0.702471  0.883291  0.825331  0.875919  0.703199  0.779872  0.858111  0.879676  0.761811  0.748124  0.691434  0.792956  0.734365  0.921529  0.758799  0.785788  0.769372  0.742143  0.322285  0.835861  0.875387  0.757505  0.131593  0.749222  0.781120  0.746009  0.852285  0.632086  0.689414  0.813983  0.714652  0.799656  0.788482  0.782048  0.100788  0.703207  0.718146  0.696320  0.487926  0.878462  0.090873  0.701712  0.719604  0.748569  0.867753  0.720790  0.846051 
11  0.310034  0.232301  0.159884  0.325040  0.329393  0.307290  0.363445  0.151279  0.153455  0.346646  0.711070 0.0  0.104419  0.126125  0.533883  0.126012  0.204163  0.091808  0.390564  0.428954  0.387357  0.243122  0.093785  0.106961  0.710920  0.108625  0.104259  0.092679  0.816988  0.366215  0.123178  0.127454  0.775481  0.342174  0.205250  0.197261  0.353737  0.420955  0.480185  0.107060  0.102896  0.416389  0.092204  0.210054  0.227484  0.328681  0.217679  0.125246  0.330526  0.093576  0.544248  0.343206  0.452867  0.179148  0.292508  0.323005  0.341161  0.259484  0.307935  0.329047  0.220540  0.122408  0.119145  0.125887  0.119902  0.126452  0.108283  0.193289  0.211105  0.479557  0.114313  0.193166  0.224005  0.263249  0.259097  0.127054  0.410074  0.348181  0.134007  0.123399  0.116400  0.122515  0.377375  0.305542  0.323380  0.122336  0.119785  0.572339  0.122818  0.120679  0.121784  0.093189  0.105803  0.127984  0.122305  0.103029  0.373491  0.406747  0.123951  0.122267  0.357405  0.813473  0.689308  0.382291  0.103356  0.159078  0.361397  0.604457  0.373205  0.356539  0.106672  0.373167  0.151777  0.104056  0.123587  0.914910  0.124619  0.800038  0.144672  0.093308  0.211864  0.365469  0.826926  0.124703  0.118899  0.346424  0.122563  0.357063  0.105863  0.356485  0.118797  0.359611  0.121916  0.454251  0.104703  0.324679  0.123616  0.134532  0.332312  0.124788  0.112487  0.460480  0.127545  0.103773  0.234702  0.360935  0.209386  0.232718  0.218259  0.558841  0.833256  0.124347  0.119245  0.122355  0.693531  0.125067  0.125494  0.120906  0.127124  0.117243  0.105045  0.104397  0.125964  0.116813  0.123432  0.123536  0.353413  0.274798  0.806587  0.371949  0.123130  0.367960  0.691685  0.121639  0.111944  0.125842  0.108796  0.630921  0.117439  0.133475  0.512164  0.131947  0.117626  0.382555  0.823082  0.118350  0.122109  0.471703  0.795333  0.362224  0.721958  0.124730  0.349357  0.117328  0.230641  0.356153  0.124887 
12  0.294941  0.261765  0.156034  0.361034  0.373328  0.313216  0.343906  0.142119  0.152550  0.352229  0.807176  0.104419 0.0  0.122601  0.507304  0.124571  0.212697  0.100150  0.390498  0.490238  0.342081  0.240483  0.105666  0.092510  0.787532  0.092839  0.092110  0.102622  0.698426  0.351068  0.117457  0.131134  0.808349  0.356498  0.235767  0.230248  0.411078  0.380726  0.595030  0.106143  0.092832  0.391703  0.106428  0.248369  0.202924  0.324257  0.197379  0.124603  0.340211  0.105225  0.554543  0.297556  0.510531  0.212313  0.312963  0.374038  0.329298  0.251432  0.353057  0.375693  0.237348  0.122103  0.126810  0.118903  0.124986  0.124058  0.104904  0.203774  0.247562  0.502325  0.127324  0.223531  0.207363  0.232695  0.229964  0.128031  0.372630  0.351000  0.126278  0.129945  0.123416  0.121091  0.388198  0.316777  0.382579  0.122391  0.123256  0.618234  0.116391  0.119723  0.123002  0.102241  0.093818  0.129430  0.134185  0.092857  0.359388  0.353790  0.127039  0.128931  0.373095  0.791279  0.835635  0.332941  0.104278  0.152911  0.317455  0.772734  0.368235  0.395209  0.092429  0.352216  0.148176  0.092301  0.130423  0.819656  0.118834  0.777294  0.162437  0.103432  0.190655  0.364748  0.622420  0.126905  0.122835  0.320475  0.117914  0.365537  0.093175  0.372426  0.115400  0.316192  0.126333  0.523087  0.104736  0.381726  0.128887  0.137500  0.328178  0.121502  0.115331  0.455650  0.124488  0.093027  0.209614  0.411624  0.246068  0.299427  0.234517  0.613677  0.717089  0.118494  0.123818  0.124543  0.605038  0.126528  0.134183  0.124622  0.127827  0.124879  0.092389  0.103980  0.123313  0.116437  0.118447  0.121679  0.374734  0.276129  0.716879  0.330035  0.121694  0.306748  0.751252  0.121708  0.126967  0.128589  0.092858  0.565365  0.113161  0.140925  0.453495  0.127969  0.126456  0.374327  0.720309  0.123012  0.121393  0.464759  0.770886  0.402279  0.876471  0.128905  0.359419  0.122169  0.231247  0.382085  0.126817 
13  0.300232  0.231067  0.146045  0.355028  0.300142  0.292383  0.325360  0.149210  0.154224  0.425849  0.773862  0.126125  0.122601 0.0  0.445693  0.091711  0.207538  0.120908  0.391924  0.396874  0.323947  0.219099  0.125853  0.127527  0.717396  0.123140  0.121338  0.122815  0.777066  0.380008  0.106649  0.105236  0.720555  0.363973  0.214186  0.218835  0.373940  0.361447  0.499134  0.123412  0.126750  0.415979  0.130397  0.223802  0.197929  0.299360  0.208295  0.104099  0.329101  0.122126  0.485648  0.359674  0.491014  0.207030  0.303809  0.276287  0.421933  0.247338  0.300747  0.380103  0.229531  0.103417  0.106039  0.106548  0.094410  0.107080  0.119692  0.191705  0.236077  0.493424  0.103718  0.208953  0.232788  0.259226  0.230650  0.104824  0.404512  0.355037  0.108042  0.104942  0.104609  0.103601  0.328822  0.283368  0.396334  0.102789  0.106014  0.701119  0.104448  0.107737  0.108218  0.127642  0.124023  0.094040  0.104125  0.122357  0.341478  0.331710  0.104039  0.101880  0.380970  0.706286  0.754993  0.407008  0.126795  0.157417  0.354912  0.782846  0.346459  0.376312  0.129759  0.386079  0.149917  0.129471  0.104966  0.742520  0.109736  0.794641  0.163042  0.124123  0.169795  0.330261  0.779752  0.106238  0.105923  0.406597  0.101624  0.391941  0.122308  0.352382  0.103327  0.362437  0.102535  0.390319  0.129104  0.311871  0.108032  0.128576  0.341237  0.103121  0.120646  0.534359  0.105037  0.126616  0.205974  0.391226  0.248319  0.260574  0.228574  0.641561  0.826153  0.102394  0.106528  0.106778  0.732217  0.104783  0.103540  0.104948  0.104807  0.101886  0.129537  0.125156  0.105795  0.104929  0.105611  0.107284  0.318534  0.265272  0.756375  0.310827  0.106265  0.327194  0.774728  0.104665  0.104594  0.109287  0.127262  0.678598  0.113502  0.134345  0.460468  0.125091  0.104945  0.406603  0.920093  0.103198  0.108799  0.470372  0.772427  0.427355  0.848240  0.105445  0.370985  0.107698  0.223451  0.359510  0.106037 
14  0.450461  0.597603  0.493842  0.514922  0.487638  0.456597  0.473617  0.490471  0.526967  0.525993  0.929611  0.533883  0.507304  0.445693 0.0  0.479254  0.462950  0.506014  0.510500  0.321972  0.571003  0.447352  0.506342  0.520776  0.690648  0.467477  0.620102  0.531642  0.807810  0.505441  0.513734  0.405246  0.747417  0.474883  0.379112  0.478202  0.487785  0.528400  0.323297  0.489050  0.514927  0.502275  0.428812  0.501587  0.456527  0.507859  0.496652  0.461250  0.504037  0.539315  0.319046  0.584385  0.311279  0.477997  0.521412  0.526824  0.475325  0.470106  0.404762  0.512685  0.517896  0.540178  0.540093  0.443073  0.495813  0.517957  0.550001  0.454677  0.563288  0.475554  0.546663  0.456649  0.324608  0.531359  0.495831  0.528776  0.597388  0.523116  0.515985  0.529498  0.526814  0.566327  0.502445  0.578564  0.499737  0.545394  0.564441  0.657118  0.518875  0.553809  0.509841  0.572406  0.467991  0.467746  0.560906  0.536504  0.491227  0.456343  0.533667  0.434857  0.580054  0.716059  0.715969  0.511122  0.513716  0.518791  0.537366  0.636571  0.553621  0.538458  0.515612  0.495827  0.487675  0.523030  0.547299  0.843055  0.484932  0.842574  0.579409  0.532686  0.485786  0.532219  0.782681  0.515051  0.545685  0.469782  0.537457  0.523556  0.494147  0.552741  0.502880  0.475748  0.511030  0.278468  0.537102  0.582712  0.419429  0.464885  0.532437  0.507214  0.594053  0.262218  0.570186  0.512806  0.558231  0.536162  0.570053  0.530588  0.524083  0.587615  0.832740  0.501612  0.482762  0.538964  0.666347  0.474018  0.593654  0.465641  0.487586  0.526050  0.512358  0.568514  0.512307  0.575009  0.565844  0.548451  0.531742  0.489176  0.678951  0.520408  0.493976  0.522421  0.808928  0.500344  0.451405  0.489394  0.435512  0.653381  0.454787  0.490341  0.117304  0.522030  0.500654  0.524506  0.649025  0.471659  0.557926  0.302489  0.872431  0.488483  0.770122  0.506389  0.558880  0.590760  0.483886  0.452205  0.499311 
15  0.300404  0.255136  0.144430  0.350289  0.349731  0.300581  0.340038  0.149661  0.143594  0.361700  0.785672  0.126012  0.124571  0.091711  0.479254 0.0  0.197692  0.117351  0.328616  0.511873  0.409537  0.210085  0.121024  0.123211  0.851049  0.123683  0.129742  0.126584  0.812014  0.354003  0.106914  0.101599  0.777020  0.371087  0.211277  0.225924  0.369259  0.398358  0.496142  0.126793  0.124388  0.375119  0.117294  0.243904  0.189520  0.361378  0.205799  0.101677  0.302398  0.123749  0.519638  0.319953  0.572993  0.213359  0.339483  0.330349  0.301295  0.260087  0.364696  0.345757  0.229992  0.101602  0.105200  0.104435  0.092467  0.107061  0.124561  0.201345  0.265762  0.455936  0.107287  0.186563  0.208592  0.285724  0.243690  0.105907  0.378945  0.371037  0.105513  0.104922  0.106185  0.105626  0.349839  0.311721  0.372733  0.105666  0.105495  0.589252  0.105221  0.107438  0.105085  0.124723  0.125534  0.093567  0.106027  0.119654  0.339849  0.353260  0.103532  0.103304  0.336740  0.852474  0.803152  0.356675  0.120103  0.158750  0.343851  0.767916  0.356574  0.330875  0.124974  0.330876  0.159823  0.124066  0.104809  0.794972  0.103498  0.763290  0.157773  0.121204  0.192084  0.383894  0.746465  0.106865  0.106203  0.387303  0.102802  0.355406  0.123137  0.327418  0.106288  0.334262  0.105726  0.352185  0.119180  0.311512  0.102894  0.126098  0.343381  0.107341  0.117201  0.469874  0.108679  0.130164  0.217825  0.375892  0.242040  0.251250  0.207726  0.677239  0.612266  0.105584  0.107329  0.106887  0.626119  0.103980  0.106040  0.103743  0.105170  0.105094  0.128008  0.121709  0.108736  0.107820  0.105592  0.103101  0.329792  0.271406  0.679347  0.317119  0.103828  0.364289  0.779516  0.104235  0.105705  0.104566  0.124587  0.578794  0.109944  0.136227  0.430581  0.129233  0.104211  0.355930  0.751022  0.103633  0.103708  0.494887  0.754416  0.344334  0.729078  0.110226  0.342727  0.107628  0.214468  0.334221  0.102810 
16  0.290928  0.207858  0.229761  0.322232  0.309263  0.328604  0.330236  0.219229  0.186196  0.282953  0.828665  0.204163  0.212697  0.207538  0.462950  0.197692 0.0  0.202920  0.312703  0.480285  0.306063  0.214127  0.193143  0.189770  0.824011  0.193027  0.189093  0.218277  0.629965  0.275373  0.196050  0.225661  0.654786  0.346934  0.200558  0.189384  0.286474  0.327037  0.495991  0.192557  0.213341  0.324860  0.229391  0.205832  0.191494  0.292714  0.200233  0.198899  0.289031  0.205466  0.484675  0.303989  0.465395  0.135370  0.299188  0.278932  0.335646  0.213213  0.305904  0.330832  0.134307  0.197899  0.230089  0.207050  0.204385  0.212000  0.187691  0.188677  0.201393  0.485931  0.193000  0.209649  0.210681  0.221037  0.188658  0.196869  0.313755  0.318031  0.203967  0.197526  0.208236  0.211208  0.271502  0.307360  0.330717  0.202957  0.194058  0.619776  0.196189  0.184814  0.189453  0.208931  0.194180  0.213454  0.200127  0.198079  0.307291  0.312480  0.191602  0.205819  0.290622  0.734127  0.737652  0.355185  0.197631  0.204006  0.339506  0.703496  0.323445  0.294234  0.191807  0.363195  0.192514  0.185035  0.195840  0.775510  0.195537  0.749660  0.206121  0.178055  0.202385  0.323548  0.577900  0.189450  0.198656  0.336228  0.197444  0.359676  0.207045  0.323713  0.214525  0.338419  0.220839  0.462543  0.209370  0.307024  0.201042  0.202092  0.307263  0.197729  0.193220  0.433792  0.208866  0.209007  0.211142  0.308177  0.193332  0.207290  0.224073  0.661680  0.904920  0.217123  0.184298  0.204243  0.642752  0.200873  0.197100  0.210258  0.199642  0.195096  0.194716  0.225250  0.207051  0.215993  0.210845  0.225410  0.316805  0.302083  0.692118  0.323010  0.189059  0.307716  0.823269  0.216676  0.181303  0.218040  0.182050  0.511891  0.208707  0.209279  0.556507  0.198755  0.205602  0.305610  0.761822  0.223691  0.198379  0.405654  0.848918  0.303548  0.712685  0.216531  0.270196  0.198581  0.173696  0.303772  0.203574 
17  0.312304  0.285130  0.142716  0.356786  0.382492  0.333628  0.353479  0.159246  0.148421  0.367654  0.863095  0.091808  0.100150  0.120908  0.506014  0.117351  0.202920 0.0  0.344269  0.552366  0.383532  0.230768  0.093554  0.103651  0.842768  0.104697  0.106374  0.094510  0.665284  0.361184  0.124731  0.123311  0.820371  0.363973  0.215183  0.211017  0.359492  0.380540  0.517202  0.106082  0.104820  0.403873  0.093368  0.229264  0.223218  0.381428  0.212405  0.122343  0.334372  0.092184  0.547018  0.373594  0.458401  0.185376  0.309572  0.411516  0.307680  0.246449  0.362479  0.340906  0.253347  0.126204  0.123982  0.124772  0.122113  0.120796  0.103278  0.208850  0.254772  0.430443  0.112969  0.199324  0.198639  0.231899  0.237072  0.121887  0.402875  0.363840  0.125166  0.127525  0.125253  0.112223  0.306807  0.309939  0.361284  0.121463  0.128136  0.627530  0.124453  0.120184  0.126191  0.092343  0.103798  0.124492  0.120562  0.104438  0.321309  0.365591  0.117693  0.123199  0.329922  0.676981  0.786829  0.348083  0.105328  0.158810  0.354917  0.808242  0.370219  0.393643  0.105482  0.418000  0.157731  0.105918  0.122523  0.862634  0.125352  0.752566  0.151568  0.092078  0.180464  0.363805  0.696775  0.123147  0.126275  0.382204  0.119840  0.371739  0.103675  0.382638  0.126080  0.405491  0.120132  0.496437  0.101872  0.392362  0.124334  0.132607  0.381242  0.118953  0.118542  0.518936  0.120061  0.104174  0.216200  0.326573  0.260060  0.230780  0.255711  0.706235  0.739176  0.127808  0.123917  0.118639  0.712166  0.127123  0.123282  0.117210  0.121457  0.123401  0.104671  0.108730  0.130032  0.123077  0.128326  0.124938  0.371864  0.277800  0.861202  0.348785  0.129492  0.379115  0.720472  0.125712  0.127032  0.124774  0.107626  0.708927  0.114933  0.130913  0.473787  0.142519  0.131026  0.349716  0.842929  0.127900  0.122760  0.535149  0.738756  0.381589  0.761532  0.129857  0.360676  0.113759  0.219442  0.381515  0.120951 
18  0.139245  0.381805  0.382746  0.097299  0.084950  0.131403  0.084950  0.314390  0.399970  0.350372  0.849931  0.390564  0.390498  0.391924  0.510500  0.328616  0.312703  0.344269 0.0  0.458633  0.370691  0.347781  0.378739  0.393613  0.764882  0.371212  0.400228  0.345773  0.700148  0.370950  0.407176  0.342467  0.845736  0.336029  0.217126  0.329367  0.363728  0.381179  0.487516  0.358129  0.338845  0.367041  0.397861  0.343120  0.339452  0.120219  0.317115  0.335230  0.209758  0.393985  0.533921  0.226722  0.500489  0.326313  0.136490  0.299712  0.361777  0.363598  0.347923  0.222875  0.339111  0.278728  0.317011  0.347663  0.349836  0.361440  0.370054  0.319213  0.319100  0.509799  0.408999  0.321549  0.235729  0.307383  0.356556  0.351045  0.356804  0.318943  0.356464  0.359906  0.324460  0.358781  0.357512  0.295222  0.354681  0.378262  0.321186  0.724642  0.353190  0.350714  0.352173  0.372191  0.374069  0.358607  0.358502  0.342155  0.136768  0.331391  0.388046  0.303501  0.386663  0.840712  0.691680  0.322587  0.362634  0.338558  0.370773  0.822811  0.418814  0.380629  0.380873  0.359332  0.342414  0.361622  0.335257  0.916028  0.334632  0.732507  0.375211  0.402996  0.375923  0.374007  0.846234  0.360382  0.336873  0.365044  0.334385  0.392282  0.336814  0.327483  0.326498  0.369796  0.324586  0.456079  0.372417  0.362502  0.393295  0.370634  0.114997  0.342392  0.282517  0.439840  0.333582  0.317454  0.348771  0.303205  0.312933  0.348662  0.358650  0.670311  0.710790  0.341030  0.385118  0.333457  0.628237  0.373655  0.357596  0.341195  0.386352  0.344710  0.347017  0.381980  0.373451  0.344388  0.365501  0.341599  0.327404  0.287660  0.789962  0.328396  0.362145  0.343126  0.783111  0.343865  0.339633  0.327547  0.350442  0.642916  0.345467  0.344072  0.504022  0.375101  0.379135  0.404152  0.754070  0.355064  0.353947  0.508281  0.746746  0.352391  0.715882  0.380494  0.358926  0.412255  0.348755  0.358312  0.353345 
19  0.492747  0.450305  0.480326  0.463724  0.549747  0.448411  0.489263  0.480178  0.531675  0.484158  0.766618  0.428954  0.490238  0.396874  0.321972  0.511873  0.480285  0.552366  0.458633 0.0  0.503235  0.452771  0.543563  0.504225  0.705255  0.460110  0.507162  0.524535  0.723747  0.455427  0.503835  0.453858  0.842207  0.519456  0.456674  0.550005  0.518923  0.551208  0.126585  0.512375  0.417226  0.417418  0.503658  0.520973  0.480107  0.466877  0.433681  0.444808  0.469305  0.484176  0.195243  0.444801  0.203982  0.515109  0.476411  0.521220  0.541005  0.548893  0.505563  0.520828  0.472823  0.489183  0.485410  0.451136  0.435792  0.501054  0.488308  0.411134  0.554453  0.476171  0.504740  0.466037  0.371185  0.474770  0.538025  0.475608  0.471673  0.475484  0.499407  0.545863  0.426322  0.480294  0.468643  0.460175  0.516114  0.460883  0.492127  0.599261  0.519956  0.567919  0.498312  0.491370  0.398520  0.477381  0.458142  0.454047  0.512472  0.557781  0.488025  0.508005  0.507100  0.820169  0.733139  0.492906  0.498257  0.450841  0.417892  0.800183  0.438026  0.526473  0.505776  0.524748  0.574370  0.475070  0.515155  0.791139  0.421922  0.724709  0.455761  0.525051  0.501654  0.448053  0.780806  0.548084  0.517408  0.626080  0.511059  0.503526  0.452029  0.473468  0.500505  0.477658  0.462987  0.165498  0.523136  0.542676  0.501164  0.456681  0.438874  0.445749  0.475128  0.165682  0.435112  0.555180  0.485352  0.494909  0.547359  0.475823  0.473574  0.597099  0.845227  0.443926  0.471088  0.464657  0.527349  0.558950  0.496820  0.458930  0.524747  0.446303  0.517020  0.469923  0.432388  0.561959  0.481297  0.405774  0.602635  0.493024  0.824417  0.525586  0.507436  0.484598  0.849248  0.403745  0.435662  0.465419  0.448103  0.561214  0.493937  0.448342  0.304544  0.495009  0.501169  0.460535  0.706620  0.488280  0.490569  0.193545  0.679929  0.508004  0.798608  0.468052  0.521471  0.536865  0.518916  0.463226  0.427844 
