31
0 0.0  0.571835  0.536649  0.401415  0.854950  0.600912  0.369183  0.667383  0.104090  0.204013  0.275791  0.276291  0.591925  0.527382  0.479814  0.257969  0.519432  0.222709  0.159491  0.799550  0.114656  0.605797  0.264305  0.644427  0.139601  0.000000  0.101887  0.626980  0.147415  0.570310  0.888011 
1  0.571835 0.0  0.213669  0.161593  0.541844  0.176685  0.866299  0.183634  0.598839  0.581527  0.662193  0.664237  0.259485  0.137412  0.115084  0.806494  0.522453  0.675798  0.556840  0.274114  0.702143  0.199087  0.632007  0.592060  0.620488  0.638027  0.489954  0.750749  0.617025  0.605894  0.296096 
2  0.536649  0.213669 0.0  0.162542  0.381908  0.287608  0.917998  0.165232  0.598586  0.662517  0.784538  0.594433  0.218984  0.278479  0.203683  0.659132  0.534449  0.634737  0.661952  0.283379  0.647265  0.248009  0.636167  0.580083  0.638777  0.556116  0.633927  0.695366  0.562224  0.715692  0.372639 
3  0.401415  0.161593  0.162542 0.0  0.542627  0.248264  1.000000  0.089220  0.534747  0.619073  0.711500  0.531377  0.284116  0.215680  0.169971  0.644618  0.453975  0.564772  0.524403  0.398544  0.652699  0.214089  0.740257  0.464187  0.616052  0.542142  0.726896  0.788839  0.661038  0.499962  0.360263 
4  0.854950  0.541844  0.381908  0.542627 0.0  0.425178  0.586500  0.372079  0.852686  0.972212  0.609553  0.789996  0.434676  0.304313  0.481123  0.616382  0.492466  0.827331  0.866225  0.366462  0.900628  0.536801  0.822564  0.265436  0.925088  0.903407  0.964446  0.341788  0.801270  0.473404  0.305135 
5  0.600912  0.176685  0.287608  0.248264  0.425178 0.0  0.763042  0.198434  0.551020  0.658022  0.638943  0.523260  0.197025  0.237294  0.217687  0.663969  0.410643  0.660013  0.781889  0.357547  0.522971  0.195898  0.726492  0.574637  0.617300  0.633334  0.526165  0.672948  0.654768  0.644292  0.212371 
6  0.369183  0.866299  0.917998  1.000000  0.586500  0.763042 0.0  0.711059  0.427411  0.329518  0.286992  0.494884  0.806710  0.751201  0.888174  0.272840  0.455238  0.448037  0.416822  0.842217  0.444809  0.824636  0.292211  0.352384  0.487318  0.365583  0.351177  0.493609  0.376608  0.331305  0.880910 
7  0.667383  0.183634  0.165232  0.089220  0.372079  0.198434  0.711059 0.0  0.639746  0.670579  0.576970  0.650082  0.218346  0.191578  0.284127  0.641708  0.479442  0.639892  0.599400  0.392592  0.698242  0.218298  0.568629  0.566409  0.651659  0.642368  0.592519  0.731969  0.535346  0.661984  0.325490 
8  0.104090  0.598839  0.598586  0.534747  0.852686  0.551020  0.427411  0.639746 0.0  0.212189  0.309715  0.278521  0.696934  0.670829  0.533892  0.146304  0.394947  0.207426  0.157070  0.717006  0.217420  0.605235  0.166382  0.551633  0.250694  0.153136  0.221528  0.604542  0.217968  0.700593  0.791088 
9  0.204013  0.581527  0.662517  0.619073  0.972212  0.658022  0.329518  0.670579  0.212189 0.0  0.375688  0.263912  0.592210  0.579777  0.733929  0.196295  0.565088  0.258085  0.294340  0.741692  0.176988  0.667806  0.281380  0.543912  0.238699  0.203914  0.127435  0.693841  0.105127  0.641261  0.864773 
10  0.275791  0.662193  0.784538  0.711500  0.609553  0.638943  0.286992  0.576970  0.309715  0.375688 0.0  0.216602  0.764881  0.722289  0.682547  0.210061  0.460849  0.320032  0.216507  0.710659  0.296687  0.725640  0.363037  0.517406  0.322542  0.310238  0.336092  0.548424  0.383580  0.517452  0.721114 
11  0.276291  0.664237  0.594433  0.531377  0.789996  0.523260  0.494884  0.650082  0.278521  0.263912  0.216602 0.0  0.671977  0.741152  0.569573  0.181534  0.541887  0.290512  0.187460  0.717283  0.217742  0.575185  0.182899  0.306909  0.204932  0.176786  0.239124  0.656787  0.245045  0.836050  0.764476 
12  0.591925  0.259485  0.218984  0.284116  0.434676  0.197025  0.806710  0.218346  0.696934  0.592210  0.764881  0.671977 0.0  0.191339  0.225232  0.720732  0.341709  0.655730  0.614200  0.362110  0.568491  0.183185  0.677556  0.546999  0.671399  0.559778  0.643705  0.800925  0.678892  0.727831  0.334304 
13  0.527382  0.137412  0.278479  0.215680  0.304313  0.237294  0.751201  0.191578  0.670829  0.579777  0.722289  0.741152  0.191339 0.0  0.173039  0.666663  0.415994  0.634246  0.729415  0.226896  0.674805  0.253390  0.716237  0.566084  0.567584  0.535643  0.729163  0.716483  0.638762  0.651518  0.391880 
14  0.479814  0.115084  0.203683  0.169971  0.481123  0.217687  0.888174  0.284127  0.533892  0.733929  0.682547  0.569573  0.225232  0.173039 0.0  0.763244  0.375899  0.623783  0.633403  0.349521  0.732636  0.169646  0.788745  0.544390  0.577039  0.649871  0.520070  0.699422  0.691365  0.657032  0.283125 
15  0.257969  0.806494  0.659132  0.644618  0.616382  0.663969  0.272840  0.641708  0.146304  0.196295  0.210061  0.181534  0.720732  0.666663  0.763244 0.0  0.515552  0.256686  0.313628  0.620892  0.296649  0.714568  0.227261  0.581899  0.270650  0.240361  0.187840  0.402294  0.292551  0.427922  0.604603 
16  0.519432  0.522453  0.534449  0.453975  0.492466  0.410643  0.455238  0.479442  0.394947  0.565088  0.460849  0.541887  0.341709  0.415994  0.375899  0.515552 0.0  0.501425  0.528646  0.385282  0.476667  0.426099  0.546254  0.520752  0.505452  0.565332  0.569318  0.502304  0.472831  0.492706  0.537005 
17  0.222709  0.675798  0.634737  0.564772  0.827331  0.660013  0.448037  0.639892  0.207426  0.258085  0.320032  0.290512  0.655730  0.634246  0.623783  0.256686  0.501425 0.0  0.265640  0.859484  0.214202  0.574083  0.336923  0.516598  0.244943  0.148262  0.160023  0.666177  0.260851  0.650567  0.788201 
18  0.159491  0.556840  0.661952  0.524403  0.866225  0.781889  0.416822  0.599400  0.157070  0.294340  0.216507  0.187460  0.614200  0.729415  0.633403  0.313628  0.528646  0.265640 0.0  0.768081  0.304746  0.640388  0.222690  0.482328  0.278327  0.195808  0.191578  0.717253  0.220004  0.617393  0.769522 
19  0.799550  0.274114  0.283379  0.398544  0.366462  0.357547  0.842217  0.392592  0.717006  0.741692  0.710659  0.717283  0.362110  0.226896  0.349521  0.620892  0.385282  0.859484  0.768081 0.0  0.679059  0.428705  0.775313  0.657319  0.851275  0.744226  0.806308  0.532821  0.766273  0.638245  0.230932 
20  0.114656  0.702143  0.647265  0.652699  0.900628  0.522971  0.444809  0.698242  0.217420  0.176988  0.296687  0.217742  0.568491  0.674805  0.732636  0.296649  0.476667  0.214202  0.304746  0.679059 0.0  0.542842  0.108599  0.523753  0.183275  0.251651  0.301019  0.668433  0.204436  0.794568  0.691072 
21  0.605797  0.199087  0.248009  0.214089  0.536801  0.195898  0.824636  0.218298  0.605235  0.667806  0.725640  0.575185  0.183185  0.253390  0.169646  0.714568  0.426099  0.574083  0.640388  0.428705  0.542842 0.0  0.762170  0.588821  0.631831  0.668938  0.579907  0.602408  0.656593  0.541816  0.380762 
22  0.264305  0.632007  0.636167  0.740257  0.822564  0.726492  0.292211  0.568629  0.166382  0.281380  0.363037  0.182899  0.677556  0.716237  0.788745  0.227261  0.546254  0.336923  0.222690  0.775313  0.108599  0.762170 0.0  0.461375  0.273020  0.341283  0.326459  0.380922  0.306658  0.438738  0.642925 
23  0.644427  0.592060  0.580083  0.464187  0.265436  0.574637  0.352384  0.566409  0.551633  0.543912  0.517406  0.306909  0.546999  0.566084  0.544390  0.581899  0.520752  0.516598  0.482328  0.657319  0.523753  0.588821  0.461375 0.0  0.576488  0.522032  0.542402  0.323626  0.499313  0.247652  0.729203 
24  0.139601  0.620488  0.638777  0.616052  0.925088  0.617300  0.487318  0.651659  0.250694  0.238699  0.322542  0.204932  0.671399  0.567584  0.577039  0.270650  0.505452  0.244943  0.278327  0.851275  0.183275  0.631831  0.273020  0.576488 0.0  0.213970  0.137031  0.664237  0.225330  0.639147  0.602990 
25  0.000000  0.638027  0.556116  0.542142  0.903407  0.633334  0.365583  0.642368  0.153136  0.203914  0.310238  0.176786  0.559778  0.535643  0.649871  0.240361  0.565332  0.148262  0.195808  0.744226  0.251651  0.668938  0.341283  0.522032  0.213970 0.0  0.218931  0.709778  0.225219  0.824426  0.810626 
26  0.101887  0.489954  0.633927  0.726896  0.964446  0.526165  0.351177  0.592519  0.221528  0.127435  0.336092  0.239124  0.643705  0.729163  0.520070  0.187840  0.569318  0.160023  0.191578  0.806308  0.301019  0.579907  0.326459  0.542402  0.137031  0.218931 0.0  0.802882  0.242599  0.699915  0.788606 
27  0.626980  0.750749  0.695366  0.788839  0.341788  0.672948  0.493609  0.731969  0.604542  0.693841  0.548424  0.656787  0.800925  0.716483  0.699422  0.402294  0.502304  0.666177  0.717253  0.532821  0.668433  0.602408  0.380922  0.323626  0.664237  0.709778  0.802882 0.0  0.716627  0.429496  0.576817 
28  0.147415  0.617025  0.562224  0.661038  0.801270  0.654768  0.376608  0.535346  0.217968  0.105127  0.383580  0.245045  0.678892  0.638762  0.691365  0.292551  0.472831  0.260851  0.220004  0.766273  0.204436  0.656593  0.306658  0.499313  0.225330  0.225219  0.242599  0.716627 0.0  0.765528  0.777760 
29  0.570310  0.605894  0.715692  0.499962  0.473404  0.644292  0.331305  0.661984  0.700593  0.641261  0.517452  0.836050  0.727831  0.651518  0.657032  0.427922  0.492706  0.650567  0.617393  0.638245  0.794568  0.541816  0.438738  0.247652  0.639147  0.824426  0.699915  0.429496  0.765528 0.0  0.550442 
30  0.888011  0.296096  0.372639  0.360263  0.305135  0.212371  0.880910  0.325490  0.791088  0.864773  0.721114  0.764476  0.334304  0.391880  0.283125  0.604603  0.537005  0.788201  0.769522  0.230932  0.691072  0.380762  0.642925  0.729203  0.602990  0.810626  0.788606  0.576817  0.777760  0.550442 0.0 
