31
0 0.0  0.378003  0.361160  0.699233  0.431952  0.623800  0.606574  0.244037  0.241605  0.751572  0.360829  0.510379  0.728135  0.362435  0.263054  0.196456  0.660320  0.277834  0.152246  0.037859  0.250259  0.176458  0.351078  0.567686  0.245435  0.552173  0.258009  0.402342  0.050739  0.192185  0.808398 
1  0.378003 0.0  0.319762  0.713782  0.336944  0.663906  0.646448  0.335138  0.395102  0.747914  0.288316  0.688962  0.769366  0.000000  0.419256  0.362712  0.717139  0.337777  0.421888  0.275788  0.344495  0.161290  0.483562  0.798465  0.264332  0.775534  0.404226  0.494441  0.354281  0.284764  0.688834 
2  0.361160  0.319762 0.0  0.571348  0.336888  0.770589  0.838240  0.435309  0.327577  0.471850  0.170873  0.687518  0.550063  0.400860  0.304130  0.361982  0.732035  0.236185  0.248340  0.374713  0.329933  0.218448  0.189191  0.741014  0.208193  0.787305  0.372036  0.507858  0.457024  0.421206  0.662404 
3  0.699233  0.713782  0.571348 0.0  0.665221  0.433395  0.280884  1.000000  0.786951  0.080433  0.574657  0.306902  0.039338  0.801605  0.692242  0.781980  0.287037  0.556311  0.798584  0.701627  0.721236  0.673239  0.618544  0.266336  0.697534  0.340518  0.728799  0.437759  0.755698  0.672287  0.399499 
4  0.431952  0.336944  0.336888  0.665221 0.0  0.830727  0.829646  0.007832  0.367723  0.749797  0.186368  0.980652  0.677535  0.270233  0.396884  0.390570  0.855483  0.219533  0.445928  0.447611  0.354555  0.256902  0.408353  0.670553  0.277963  0.863842  0.407791  0.511305  0.350671  0.438211  0.578700 
5  0.623800  0.663906  0.770589  0.433395  0.830727 0.0  0.224944  0.745966  0.579345  0.278110  0.724454  0.168284  0.360977  0.774589  0.561175  0.513867  0.168132  0.657444  0.610967  0.496010  0.537834  0.600778  0.779172  0.106430  0.740456  0.166562  0.558265  0.539091  0.466068  0.624254  0.378170 
6  0.606574  0.646448  0.838240  0.280884  0.829646  0.224944 0.0  0.726963  0.602858  0.342224  0.746710  0.171700  0.313527  0.787182  0.600838  0.543487  0.228130  0.787154  0.545991  0.657181  0.633609  0.656655  0.669866  0.000000  0.652525  0.332659  0.692235  0.392232  0.613367  0.597944  0.452919 
7  0.244037  0.335138  0.435309  1.000000  0.007832  0.745966  0.726963 0.0  0.345411  0.892505  0.390364  0.808336  0.784617  0.329548  0.309278  0.411335  0.802688  0.291873  0.370708  0.358433  0.377602  0.250815  0.413624  0.731943  0.471900  0.674941  0.338089  0.451900  0.406968  0.334236  0.501890 
8  0.241605  0.395102  0.327577  0.786951  0.367723  0.579345  0.602858  0.345411 0.0  0.832794  0.408269  0.729321  0.815353  0.448673  0.239749  0.107555  0.689734  0.270574  0.308811  0.133236  0.219035  0.269607  0.351827  0.499672  0.399332  0.649038  0.208322  0.427343  0.160934  0.246957  0.819079 
9  0.751572  0.747914  0.471850  0.080433  0.749797  0.278110  0.342224  0.892505  0.832794 0.0  0.627631  0.369950  0.201847  0.762614  0.680061  0.900782  0.268679  0.673128  0.736817  0.725609  0.681154  0.740313  0.647712  0.237798  0.692386  0.356630  0.710903  0.577693  0.761589  0.708195  0.342825 
10  0.360829  0.288316  0.170873  0.574657  0.186368  0.724454  0.746710  0.390364  0.408269  0.627631 0.0  0.622625  0.616231  0.382863  0.286080  0.470975  0.621830  0.366867  0.269826  0.347673  0.305075  0.125314  0.208246  0.740844  0.288258  0.690058  0.235696  0.430265  0.383828  0.393464  0.652031 
11  0.510379  0.688962  0.687518  0.306902  0.980652  0.168284  0.171700  0.808336  0.729321  0.369950  0.622625 0.0  0.184275  0.753620  0.594728  0.636479  0.301462  0.707677  0.613035  0.598590  0.637403  0.657128  0.740374  0.040955  0.770799  0.021381  0.616026  0.439132  0.630300  0.540257  0.435120 
12  0.728135  0.769366  0.550063  0.039338  0.677535  0.360977  0.313527  0.784617  0.815353  0.201847  0.616231  0.184275 0.0  0.822893  0.780686  0.868009  0.237983  0.592047  0.733774  0.678510  0.584956  0.642947  0.641436  0.349812  0.553410  0.425009  0.700701  0.457491  0.882420  0.698293  0.244588 
13  0.362435  0.000000  0.400860  0.801605  0.270233  0.774589  0.787182  0.329548  0.448673  0.762614  0.382863  0.753620  0.822893 0.0  0.326107  0.353216  0.696723  0.117459  0.306948  0.312923  0.352186  0.277776  0.237341  0.740200  0.299144  0.751439  0.384489  0.482713  0.357625  0.322383  0.703011 
14  0.263054  0.419256  0.304130  0.692242  0.396884  0.561175  0.600838  0.309278  0.239749  0.680061  0.286080  0.594728  0.780686  0.326107 0.0  0.218384  0.709595  0.364272  0.223265  0.156105  0.181278  0.171238  0.321814  0.381961  0.264119  0.580294  0.231540  0.458021  0.231299  0.223954  0.845680 
15  0.196456  0.362712  0.361982  0.781980  0.390570  0.513867  0.543487  0.411335  0.107555  0.900782  0.470975  0.636479  0.868009  0.353216  0.218384 0.0  0.618726  0.250534  0.180839  0.122417  0.116698  0.197773  0.392521  0.569574  0.313972  0.536250  0.306630  0.384098  0.229455  0.091394  0.748220 
16  0.660320  0.717139  0.732035  0.287037  0.855483  0.168132  0.228130  0.802688  0.689734  0.268679  0.621830  0.301462  0.237983  0.696723  0.709595  0.618726 0.0  0.653880  0.635498  0.613750  0.701957  0.562364  0.832337  0.095734  0.762329  0.220544  0.604550  0.492075  0.514090  0.536093  0.383658 
17  0.277834  0.337777  0.236185  0.556311  0.219533  0.657444  0.787154  0.291873  0.270574  0.673128  0.366867  0.707677  0.592047  0.117459  0.364272  0.250534  0.653880 0.0  0.303544  0.273708  0.278697  0.206907  0.207759  0.639194  0.308736  0.690896  0.325364  0.419567  0.206542  0.245354  0.727844 
18  0.152246  0.421888  0.248340  0.798584  0.445928  0.610967  0.545991  0.370708  0.308811  0.736817  0.269826  0.613035  0.733774  0.306948  0.223265  0.180839  0.635498  0.303544 0.0  0.187178  0.171174  0.267033  0.324406  0.354934  0.412714  0.586958  0.300080  0.447541  0.070276  0.230845  0.864771 
19  0.037859  0.275788  0.374713  0.701627  0.447611  0.496010  0.657181  0.358433  0.133236  0.725609  0.347673  0.598590  0.678510  0.312923  0.156105  0.122417  0.613750  0.273708  0.187178 0.0  0.244253  0.303800  0.444731  0.512713  0.421738  0.520709  0.158738  0.467218  0.194185  0.250740  0.808023 
20  0.250259  0.344495  0.329933  0.721236  0.354555  0.537834  0.633609  0.377602  0.219035  0.681154  0.305075  0.637403  0.584956  0.352186  0.181278  0.116698  0.701957  0.278697  0.171174  0.244253 0.0  0.331043  0.366077  0.541431  0.326654  0.568959  0.160402  0.471030  0.187350  0.170505  0.849841 
21  0.176458  0.161290  0.218448  0.673239  0.256902  0.600778  0.656655  0.250815  0.269607  0.740313  0.125314  0.657128  0.642947  0.277776  0.171238  0.197773  0.562364  0.206907  0.267033  0.303800  0.331043 0.0  0.191877  0.672777  0.275138  0.660751  0.309279  0.410150  0.212507  0.243344  0.527594 
22  0.351078  0.483562  0.189191  0.618544  0.408353  0.779172  0.669866  0.413624  0.351827  0.647712  0.208246  0.740374  0.641436  0.237341  0.321814  0.392521  0.832337  0.207759  0.324406  0.444731  0.366077  0.191877 0.0  0.677378  0.246338  0.681549  0.343344  0.489074  0.455718  0.311267  0.718643 
23  0.567686  0.798465  0.741014  0.266336  0.670553  0.106430  0.000000  0.731943  0.499672  0.237798  0.740844  0.040955  0.349812  0.740200  0.381961  0.569574  0.095734  0.639194  0.354934  0.512713  0.541431  0.672777  0.677378 0.0  0.673689  0.067432  0.598089  0.430208  0.491749  0.372105  0.316731 
24  0.245435  0.264332  0.208193  0.697534  0.277963  0.740456  0.652525  0.471900  0.399332  0.692386  0.288258  0.770799  0.553410  0.299144  0.264119  0.313972  0.762329  0.308736  0.412714  0.421738  0.326654  0.275138  0.246338  0.673689 0.0  0.649566  0.352346  0.483374  0.382247  0.240065  0.669043 
25  0.552173  0.775534  0.787305  0.340518  0.863842  0.166562  0.332659  0.674941  0.649038  0.356630  0.690058  0.021381  0.425009  0.751439  0.580294  0.536250  0.220544  0.690896  0.586958  0.520709  0.568959  0.660751  0.681549  0.067432  0.649566 0.0  0.564772  0.434476  0.535656  0.676775  0.467368 
26  0.258009  0.404226  0.372036  0.728799  0.407791  0.558265  0.692235  0.338089  0.208322  0.710903  0.235696  0.616026  0.700701  0.384489  0.231540  0.306630  0.604550  0.325364  0.300080  0.158738  0.160402  0.309279  0.343344  0.598089  0.352346  0.564772 0.0  0.427868  0.172119  0.233398  0.875320 
27  0.402342  0.494441  0.507858  0.437759  0.511305  0.539091  0.392232  0.451900  0.427343  0.577693  0.430265  0.439132  0.457491  0.482713  0.458021  0.384098  0.492075  0.419567  0.447541  0.467218  0.471030  0.410150  0.489074  0.430208  0.483374  0.434476  0.427868 0.0  0.407386  0.471458  0.361625 
28  0.050739  0.354281  0.457024  0.755698  0.350671  0.466068  0.613367  0.406968  0.160934  0.761589  0.383828  0.630300  0.882420  0.357625  0.231299  0.229455  0.514090  0.206542  0.070276  0.194185  0.187350  0.212507  0.455718  0.491749  0.382247  0.535656  0.172119  0.407386 0.0  0.098187  0.766488 
29  0.192185  0.284764  0.421206  0.672287  0.438211  0.624254  0.597944  0.334236  0.246957  0.708195  0.393464  0.540257  0.698293  0.322383  0.223954  0.091394  0.536093  0.245354  0.230845  0.250740  0.170505  0.243344  0.311267  0.372105  0.240065  0.676775  0.233398  0.471458  0.098187 0.0  0.869934 
30  0.808398  0.688834  0.662404  0.399499  0.578700  0.378170  0.452919  0.501890  0.819079  0.342825  0.652031  0.435120  0.244588  0.703011  0.845680  0.748220  0.383658  0.727844  0.864771  0.808023  0.849841  0.527594  0.718643  0.316731  0.669043  0.467368  0.875320  0.361625  0.766488  0.869934 0.0 
