31
0 0.0  0.648218  0.419791  0.524394  0.252678  0.735537  0.790798  0.393003  0.396275  0.351080  0.726681  0.660343  0.899689  0.833533  0.341884  0.739174  0.419929  0.764911  0.596019  0.626836  0.322301  0.347205  0.323872  0.690684  0.848544  0.734177  0.719924  0.739969  0.694188  0.808840  0.795772 
1  0.648218 0.0  0.747069  0.363786  0.647764  0.182346  0.237839  0.747194  0.742730  0.761573  0.197838  0.157489  0.286928  0.231928  0.591453  0.369123  0.639885  0.281235  0.208514  0.538799  0.786442  0.657555  0.768461  0.258508  0.402730  0.253787  0.341600  0.196896  0.173600  0.207258  0.205481 
2  0.419791  0.747069 0.0  0.733815  0.474499  0.534890  0.678563  0.158158  0.218508  0.169377  0.874585  0.617270  0.583876  0.877638  0.266926  0.800996  0.184289  0.624932  0.713414  0.428418  0.321253  0.418578  0.224372  0.803620  0.657645  0.582313  0.688157  0.726179  0.532249  0.640252  0.724402 
3  0.524394  0.363786  0.733815 0.0  0.495177  0.337155  0.333782  0.842214  0.775516  0.757619  0.152649  0.424330  0.371788  0.313779  0.731718  0.183233  0.688371  0.356351  0.138197  0.485191  0.755785  0.705248  0.839586  0.106429  0.476185  0.487690  0.289753  0.372448  0.374925  0.188806  0.314242 
4  0.252678  0.647764  0.474499  0.495177 0.0  0.644954  0.836792  0.389868  0.422555  0.300350  0.618042  0.785704  0.840960  0.824165  0.311727  0.633988  0.294242  0.644407  0.617687  0.466742  0.365269  0.243835  0.332569  0.701001  0.768889  0.753415  0.664455  0.820471  0.983506  0.887251  0.725711 
5  0.735537  0.182346  0.534890  0.337155  0.644954 0.0  0.257804  0.629564  0.573806  0.624080  0.409553  0.107136  0.260580  0.433845  0.624513  0.395249  0.581643  0.074797  0.329147  0.476200  0.793825  0.832674  0.585636  0.278209  0.190552  0.180421  0.388525  0.203642  0.163600  0.182545  0.200622 
6  0.790798  0.237839  0.678563  0.333782  0.836792  0.257804 0.0  0.568079  0.645470  0.782305  0.330639  0.155042  0.176758  0.292262  0.581912  0.358732  0.648531  0.262156  0.169101  0.485105  0.639399  0.977527  0.673864  0.272125  0.170178  0.233351  0.302412  0.224626  0.186252  0.240084  0.244891 
7  0.393003  0.747194  0.158158  0.842214  0.389868  0.629564  0.568079 0.0  0.234700  0.286001  0.736068  0.635478  0.630970  0.865225  0.276936  0.793724  0.224360  0.644223  0.748807  0.464233  0.221626  0.466343  0.154872  0.811002  0.669665  0.631757  0.749729  0.657927  0.704643  0.757036  0.652765 
8  0.396275  0.742730  0.218508  0.775516  0.422555  0.573806  0.645470  0.234700 0.0  0.255703  0.828523  0.718503  0.503700  0.794463  0.192477  0.767468  0.244997  0.625239  0.745369  0.550922  0.173075  0.493222  0.364587  0.688575  0.556141  0.683027  0.696725  0.661926  0.659593  0.687039  0.648397 
9  0.351080  0.761573  0.169377  0.757619  0.300350  0.624080  0.782305  0.286001  0.255703 0.0  0.838111  0.629650  0.756984  0.843782  0.159508  0.687269  0.236599  0.686583  0.741506  0.495456  0.157903  0.402034  0.195083  0.775401  0.665122  0.641002  0.688159  0.626122  0.684852  0.597946  0.591525 
10  0.726681  0.197838  0.874585  0.152649  0.618042  0.409553  0.330639  0.736068  0.828523  0.838111 0.0  0.350765  0.280018  0.362466  0.826822  0.178711  0.741779  0.324522  0.197180  0.369105  0.800880  0.810623  0.786669  0.283770  0.459630  0.431575  0.295404  0.376859  0.279862  0.322716  0.332554 
11  0.660343  0.157489  0.617270  0.424330  0.785704  0.107136  0.155042  0.635478  0.718503  0.629650  0.350765 0.0  0.134919  0.458089  0.606679  0.347009  0.596662  0.226695  0.343575  0.531375  0.726857  0.779280  0.613950  0.384793  0.312929  0.143807  0.285934  0.152182  0.182702  0.259513  0.340726 
12  0.899689  0.286928  0.583876  0.371788  0.840960  0.260580  0.176758  0.630970  0.503700  0.756984  0.280018  0.134919 0.0  0.337355  0.611966  0.302630  0.504592  0.206377  0.426331  0.507028  0.583864  0.978012  0.685094  0.350508  0.185566  0.218267  0.267793  0.279479  0.208508  0.207240  0.194479 
13  0.833533  0.231928  0.877638  0.313779  0.824165  0.433845  0.292262  0.865225  0.794463  0.843782  0.362466  0.458089  0.337355 0.0  0.707703  0.336635  0.702618  0.376668  0.322482  0.448398  0.702036  0.816754  0.805912  0.334351  0.354659  0.313415  0.377204  0.309529  0.411468  0.152536  0.329499 
14  0.341884  0.591453  0.266926  0.731718  0.311727  0.624513  0.581912  0.276936  0.192477  0.159508  0.826822  0.606679  0.611966  0.707703 0.0  0.716462  0.193010  0.671310  0.797804  0.601252  0.327615  0.483122  0.163630  0.716248  0.610150  0.651618  0.739627  0.688851  0.614938  0.635312  0.823821 
15  0.739174  0.369123  0.800996  0.183233  0.633988  0.395249  0.358732  0.793724  0.767468  0.687269  0.178711  0.347009  0.302630  0.336635  0.716462 0.0  0.744674  0.443844  0.261270  0.496587  0.820526  0.852510  0.773607  0.206912  0.217405  0.369948  0.199157  0.249256  0.353099  0.320020  0.311706 
16  0.419929  0.639885  0.184289  0.688371  0.294242  0.581643  0.648531  0.224360  0.244997  0.236599  0.741779  0.596662  0.504592  0.702618  0.193010  0.744674 0.0  0.586404  0.651246  0.432454  0.348505  0.468437  0.352148  0.879433  0.593805  0.591623  0.727175  0.633056  0.542574  0.656054  0.607206 
17  0.764911  0.281235  0.624932  0.356351  0.644407  0.074797  0.262156  0.644223  0.625239  0.686583  0.324522  0.226695  0.206377  0.376668  0.671310  0.443844  0.586404 0.0  0.278663  0.519757  0.587608  0.821251  0.664332  0.308049  0.123082  0.154885  0.278358  0.266012  0.230994  0.328834  0.233209 
18  0.596019  0.208514  0.713414  0.138197  0.617687  0.329147  0.169101  0.748807  0.745369  0.741506  0.197180  0.343575  0.426331  0.322482  0.797804  0.261270  0.651246  0.278663 0.0  0.497514  0.761318  0.782561  0.766820  0.185672  0.337001  0.417376  0.217153  0.404239  0.301532  0.404653  0.381193 
19  0.626836  0.538799  0.428418  0.485191  0.466742  0.476200  0.485105  0.464233  0.550922  0.495456  0.369105  0.531375  0.507028  0.448398  0.601252  0.496587  0.432454  0.519757  0.497514 0.0  0.459148  0.565928  0.524620  0.569979  0.384572  0.561257  0.457942  0.443213  0.480537  0.498280  0.453325 
20  0.322301  0.786442  0.321253  0.755785  0.365269  0.793825  0.639399  0.221626  0.173075  0.157903  0.800880  0.726857  0.583864  0.702036  0.327615  0.820526  0.348505  0.587608  0.761318  0.459148 0.0  0.448650  0.138878  0.822875  0.590219  0.672811  0.776051  0.642612  0.611711  0.737149  0.613859 
21  0.347205  0.657555  0.418578  0.705248  0.243835  0.832674  0.977527  0.466343  0.493222  0.402034  0.810623  0.779280  0.978012  0.816754  0.483122  0.852510  0.468437  0.821251  0.782561  0.565928  0.448650 0.0  0.390465  0.843602  0.932092  0.943862  0.647438  0.882210  0.890255  1.000000  0.906105 
22  0.323872  0.768461  0.224372  0.839586  0.332569  0.585636  0.673864  0.154872  0.364587  0.195083  0.786669  0.613950  0.685094  0.805912  0.163630  0.773607  0.352148  0.664332  0.766820  0.524620  0.138878  0.390465 0.0  0.905604  0.617845  0.676433  0.693527  0.641753  0.641018  0.554831  0.543328 
23  0.690684  0.258508  0.803620  0.106429  0.701001  0.278209  0.272125  0.811002  0.688575  0.775401  0.283770  0.384793  0.350508  0.334351  0.716248  0.206912  0.879433  0.308049  0.185672  0.569979  0.822875  0.843602  0.905604 0.0  0.330487  0.421355  0.323973  0.370456  0.374324  0.229265  0.324939 
24  0.848544  0.402730  0.657645  0.476185  0.768889  0.190552  0.170178  0.669665  0.556141  0.665122  0.459630  0.312929  0.185566  0.354659  0.610150  0.217405  0.593805  0.123082  0.337001  0.384572  0.590219  0.932092  0.617845  0.330487 0.0  0.265124  0.335840  0.255955  0.205767  0.233444  0.203329 
25  0.734177  0.253787  0.582313  0.487690  0.753415  0.180421  0.233351  0.631757  0.683027  0.641002  0.431575  0.143807  0.218267  0.313415  0.651618  0.369948  0.591623  0.154885  0.417376  0.561257  0.672811  0.943862  0.676433  0.421355  0.265124 0.0  0.317697  0.178451  0.223281  0.184902  0.109548 
26  0.719924  0.341600  0.688157  0.289753  0.664455  0.388525  0.302412  0.749729  0.696725  0.688159  0.295404  0.285934  0.267793  0.377204  0.739627  0.199157  0.727175  0.278358  0.217153  0.457942  0.776051  0.647438  0.693527  0.323973  0.335840  0.317697 0.0  0.220554  0.242923  0.259186  0.229210 
27  0.739969  0.196896  0.726179  0.372448  0.820471  0.203642  0.224626  0.657927  0.661926  0.626122  0.376859  0.152182  0.279479  0.309529  0.688851  0.249256  0.633056  0.266012  0.404239  0.443213  0.642612  0.882210  0.641753  0.370456  0.255955  0.178451  0.220554 0.0  0.323345  0.162617  0.282846 
28  0.694188  0.173600  0.532249  0.374925  0.983506  0.163600  0.186252  0.704643  0.659593  0.684852  0.279862  0.182702  0.208508  0.411468  0.614938  0.353099  0.542574  0.230994  0.301532  0.480537  0.611711  0.890255  0.641018  0.374324  0.205767  0.223281  0.242923  0.323345 0.0  0.234764  0.329927 
29  0.808840  0.207258  0.640252  0.188806  0.887251  0.182545  0.240084  0.757036  0.687039  0.597946  0.322716  0.259513  0.207240  0.152536  0.635312  0.320020  0.656054  0.328834  0.404653  0.498280  0.737149  1.000000  0.554831  0.229265  0.233444  0.184902  0.259186  0.162617  0.234764 0.0  0.239634 
30  0.795772  0.205481  0.724402  0.314242  0.725711  0.200622  0.244891  0.652765  0.648397  0.591525  0.332554  0.340726  0.194479  0.329499  0.823821  0.311706  0.607206  0.233209  0.381193  0.453325  0.613859  0.906105  0.543328  0.324939  0.203329  0.109548  0.229210  0.282846  0.329927  0.239634 0.0 
