31
0 0.0  0.555407  0.275178  0.234273  0.644446  0.516803  0.486510  0.165013  0.348224  0.652260  0.582179  0.993345  0.747853  0.075691  0.727518  0.590011  0.598734  0.611016  0.483636  0.779782  0.500381  0.709030  0.409457  0.685792  0.706263  0.519708  0.323440  0.643272  0.694854  0.210240  0.565284 
1  0.555407 0.0  0.719768  0.718262  0.288878  0.713031  0.297647  0.567803  0.711370  0.348552  0.335732  0.249889  0.313230  0.750955  0.115827  0.394538  0.307512  0.362636  0.280875  0.271225  0.269191  0.508288  0.260404  0.223592  0.253376  0.283041  0.667607  0.317424  0.108421  0.606346  0.364744 
2  0.275178  0.719768 0.0  0.128865  0.651073  0.392392  0.573413  0.263114  0.244316  0.586582  0.555522  0.855053  0.764641  0.260405  0.656988  0.653455  0.562473  0.494766  0.694524  0.881950  0.695607  0.628147  0.535551  0.635563  0.777336  0.618706  0.342532  0.608660  0.844423  0.300109  0.569842 
3  0.234273  0.718262  0.128865 0.0  0.518241  0.427632  0.579913  0.212137  0.347588  0.567174  0.663410  0.875484  0.783277  0.173314  0.867080  0.669020  0.613380  0.640714  0.571373  0.762488  0.667247  0.793054  0.576873  0.564825  0.653276  0.623819  0.391329  0.641398  0.789556  0.162899  0.637791 
4  0.644446  0.288878  0.651073  0.518241 0.0  0.965793  0.086172  0.611897  0.768773  0.269852  0.188616  0.452125  0.280563  0.641758  0.289959  0.269933  0.260783  0.250554  0.278338  0.236455  0.200918  0.640071  0.164954  0.271764  0.241603  0.144669  0.763319  0.147921  0.276184  0.683522  0.233558 
5  0.516803  0.713031  0.392392  0.427632  0.965793 0.0  0.748606  0.455145  0.296417  1.000000  0.940614  0.714752  0.746960  0.379566  0.679391  0.901958  0.882088  0.977593  0.838293  0.393502  0.722854  0.360017  0.871556  0.812537  0.693069  0.781817  0.374800  0.875063  0.611665  0.456861  0.824285 
6  0.486510  0.297647  0.573413  0.579913  0.086172  0.748606 0.0  0.544961  0.889184  0.116788  0.042542  0.426542  0.456968  0.533685  0.448352  0.021262  0.180392  0.265748  0.194712  0.482119  0.316315  0.489181  0.149115  0.083249  0.317084  0.214439  0.745886  0.146461  0.542664  0.457579  0.116668 
7  0.165013  0.567803  0.263114  0.212137  0.611897  0.455145  0.544961 0.0  0.258084  0.660133  0.567100  0.875376  0.805660  0.159927  0.699882  0.552566  0.645870  0.585020  0.608081  0.813795  0.556552  0.770121  0.621387  0.574621  0.602968  0.695876  0.393990  0.558183  0.678590  0.236083  0.624131 
8  0.348224  0.711370  0.244316  0.347588  0.768773  0.296417  0.889184  0.258084 0.0  0.927764  0.689168  0.696758  0.636791  0.319512  0.767195  0.686177  0.759753  0.764694  0.798647  0.887938  0.783631  0.552195  0.763968  0.743064  0.760982  0.780367  0.141656  0.748030  0.722677  0.383529  0.676787 
9  0.652260  0.348552  0.586582  0.567174  0.269852  1.000000  0.116788  0.660133  0.927764 0.0  0.076622  0.435871  0.385416  0.552052  0.350027  0.232373  0.104694  0.208236  0.190577  0.404313  0.365561  0.594939  0.143264  0.256963  0.405304  0.265966  0.663221  0.271499  0.202576  0.637306  0.241664 
10  0.582179  0.335732  0.555522  0.663410  0.188616  0.940614  0.042542  0.567100  0.689168  0.076622 0.0  0.435902  0.328537  0.604705  0.338692  0.268715  0.112019  0.144355  0.272995  0.422990  0.274042  0.675624  0.178429  0.180430  0.297024  0.175113  0.791222  0.158998  0.407953  0.509825  0.121229 
11  0.993345  0.249889  0.855053  0.875484  0.452125  0.714752  0.426542  0.875376  0.696758  0.435871  0.435902 0.0  0.371139  0.882326  0.321471  0.520940  0.424445  0.590386  0.451250  0.058173  0.269632  0.465711  0.328668  0.421463  0.264704  0.452169  0.665344  0.378932  0.312972  0.893846  0.512937 
12  0.747853  0.313230  0.764641  0.783277  0.280563  0.746960  0.456968  0.805660  0.636791  0.385416  0.328537  0.371139 0.0  0.778998  0.350085  0.280730  0.282957  0.314729  0.249262  0.476061  0.254485  0.493250  0.464923  0.341110  0.297614  0.318825  0.615488  0.379937  0.169459  0.686819  0.332026 
13  0.075691  0.750955  0.260405  0.173314  0.641758  0.379566  0.533685  0.159927  0.319512  0.552052  0.604705  0.882326  0.778998 0.0  0.779050  0.652925  0.681848  0.535152  0.640840  0.789319  0.688496  0.699514  0.659670  0.561718  0.695367  0.571252  0.362157  0.583229  0.823248  0.220125  0.670459 
14  0.727518  0.115827  0.656988  0.867080  0.289959  0.679391  0.448352  0.699882  0.767195  0.350027  0.338692  0.321471  0.350085  0.779050 0.0  0.322620  0.332317  0.399888  0.382724  0.278769  0.252661  0.545276  0.448222  0.306738  0.287694  0.391526  0.876330  0.412779  0.454568  0.675935  0.218970 
15  0.590011  0.394538  0.653455  0.669020  0.269933  0.901958  0.021262  0.552566  0.686177  0.232373  0.268715  0.520940  0.280730  0.652925  0.322620 0.0  0.136799  0.218054  0.247604  0.395008  0.282166  0.611071  0.137155  0.177905  0.391713  0.308805  0.809165  0.129348  0.301579  0.584201  0.169394 
16  0.598734  0.307512  0.562473  0.613380  0.260783  0.882088  0.180392  0.645870  0.759753  0.104694  0.112019  0.424445  0.282957  0.681848  0.332317  0.136799 0.0  0.185416  0.181962  0.195613  0.192250  0.600923  0.155099  0.149056  0.295976  0.222940  0.755071  0.216189  0.377662  0.625030  0.265329 
17  0.611016  0.362636  0.494766  0.640714  0.250554  0.977593  0.265748  0.585020  0.764694  0.208236  0.144355  0.590386  0.314729  0.535152  0.399888  0.218054  0.185416 0.0  0.119952  0.360089  0.207822  0.687338  0.199861  0.119261  0.365794  0.160913  0.819149  0.182869  0.421612  0.647728  0.259660 
18  0.483636  0.280875  0.694524  0.571373  0.278338  0.838293  0.194712  0.608081  0.798647  0.190577  0.272995  0.451250  0.249262  0.640840  0.382724  0.247604  0.181962  0.119952 0.0  0.319580  0.328799  0.655693  0.091038  0.269249  0.245980  0.117417  0.765266  0.158670  0.318257  0.659959  0.152436 
19  0.779782  0.271225  0.881950  0.762488  0.236455  0.393502  0.482119  0.813795  0.887938  0.404313  0.422990  0.058173  0.476061  0.789319  0.278769  0.395008  0.195613  0.360089  0.319580 0.0  0.151952  0.249638  0.306952  0.283848  0.207940  0.328409  0.908741  0.305966  0.410822  0.808447  0.330419 
20  0.500381  0.269191  0.695607  0.667247  0.200918  0.722854  0.316315  0.556552  0.783631  0.365561  0.274042  0.269632  0.254485  0.688496  0.252661  0.282166  0.192250  0.207822  0.328799  0.151952 0.0  0.454043  0.285039  0.281308  0.327448  0.265439  0.628381  0.281027  0.204439  0.630106  0.186829 
21  0.709030  0.508288  0.628147  0.793054  0.640071  0.360017  0.489181  0.770121  0.552195  0.594939  0.675624  0.465711  0.493250  0.699514  0.545276  0.611071  0.600923  0.687338  0.655693  0.249638  0.454043 0.0  0.603323  0.755517  0.501737  0.601033  0.536672  0.724333  0.560224  0.663594  0.685103 
22  0.409457  0.260404  0.535551  0.576873  0.164954  0.871556  0.149115  0.621387  0.763968  0.143264  0.178429  0.328668  0.464923  0.659670  0.448222  0.137155  0.155099  0.199861  0.091038  0.306952  0.285039  0.603323 0.0  0.214754  0.196020  0.152903  0.849754  0.114338  0.398991  0.641259  0.204091 
23  0.685792  0.223592  0.635563  0.564825  0.271764  0.812537  0.083249  0.574621  0.743064  0.256963  0.180430  0.421463  0.341110  0.561718  0.306738  0.177905  0.149056  0.119261  0.269249  0.283848  0.281308  0.755517  0.214754 0.0  0.273461  0.290979  0.769973  0.112597  0.312449  0.634942  0.257753 
24  0.706263  0.253376  0.777336  0.653276  0.241603  0.693069  0.317084  0.602968  0.760982  0.405304  0.297024  0.264704  0.297614  0.695367  0.287694  0.391713  0.295976  0.365794  0.245980  0.207940  0.327448  0.501737  0.196020  0.273461 0.0  0.263371  0.806568  0.184432  0.247912  0.669139  0.440735 
25  0.519708  0.283041  0.618706  0.623819  0.144669  0.781817  0.214439  0.695876  0.780367  0.265966  0.175113  0.452169  0.318825  0.571252  0.391526  0.308805  0.222940  0.160913  0.117417  0.328409  0.265439  0.601033  0.152903  0.290979  0.263371 0.0  0.667537  0.266021  0.276957  0.670641  0.156420 
26  0.323440  0.667607  0.342532  0.391329  0.763319  0.374800  0.745886  0.393990  0.141656  0.663221  0.791222  0.665344  0.615488  0.362157  0.876330  0.809165  0.755071  0.819149  0.765266  0.908741  0.628381  0.536672  0.849754  0.769973  0.806568  0.667537 0.0  0.727274  0.562582  0.371698  0.674279 
27  0.643272  0.317424  0.608660  0.641398  0.147921  0.875063  0.146461  0.558183  0.748030  0.271499  0.158998  0.378932  0.379937  0.583229  0.412779  0.129348  0.216189  0.182869  0.158670  0.305966  0.281027  0.724333  0.114338  0.112597  0.184432  0.266021  0.727274 0.0  0.397034  0.595430  0.202406 
28  0.694854  0.108421  0.844423  0.789556  0.276184  0.611665  0.542664  0.678590  0.722677  0.202576  0.407953  0.312972  0.169459  0.823248  0.454568  0.301579  0.377662  0.421612  0.318257  0.410822  0.204439  0.560224  0.398991  0.312449  0.247912  0.276957  0.562582  0.397034 0.0  0.602562  0.347191 
29  0.210240  0.606346  0.300109  0.162899  0.683522  0.456861  0.457579  0.236083  0.383529  0.637306  0.509825  0.893846  0.686819  0.220125  0.675935  0.584201  0.625030  0.647728  0.659959  0.808447  0.630106  0.663594  0.641259  0.634942  0.669139  0.670641  0.371698  0.595430  0.602562 0.0  0.548183 
30  0.565284  0.364744  0.569842  0.637791  0.233558  0.824285  0.116668  0.624131  0.676787  0.241664  0.121229  0.512937  0.332026  0.670459  0.218970  0.169394  0.265329  0.259660  0.152436  0.330419  0.186829  0.685103  0.204091  0.257753  0.440735  0.156420  0.674279  0.202406  0.347191  0.548183 0.0 
