31
0 0.0  0.211587  0.719909  0.409223  0.288662  0.384904  0.637579  0.382334  0.759210  0.169816  0.280821  0.160576  0.118464  0.292821  0.231842  0.372097  0.570868  0.295237  0.218831  0.593360  0.315013  0.221217  0.446381  0.374035  0.230246  0.769649  0.170945  0.757966  0.085092  0.916033  0.234628 
1  0.211587 0.0  0.516690  0.404782  0.169241  0.332232  0.593008  0.416592  0.724456  0.057482  0.233227  0.353401  0.303212  0.306495  0.233478  0.385011  0.653761  0.367189  0.236143  0.642757  0.346568  0.219746  0.463599  0.140267  0.322483  0.669149  0.298543  0.732375  0.269172  0.974889  0.284012 
2  0.719909  0.516690 0.0  0.648563  0.520765  0.719319  0.498996  0.528124  0.535190  0.693933  0.535019  0.578282  0.578297  0.643366  0.633487  0.654255  0.517335  0.757508  0.557479  0.479586  0.541465  0.575603  0.395818  0.536931  0.466071  0.646758  0.579819  0.442217  0.571453  0.314828  0.556026 
3  0.409223  0.404782  0.648563 0.0  0.345976  0.325868  0.760045  0.702898  0.847700  0.429558  0.314648  0.285103  0.342514  0.059019  0.352261  0.416760  0.796434  0.388005  0.348772  0.817297  0.310992  0.351423  0.404144  0.268073  0.267058  0.755081  0.386057  0.763556  0.290084  0.784844  0.343001 
4  0.288662  0.169241  0.520765  0.345976 0.0  0.322408  0.665563  0.402796  0.673758  0.203919  0.065706  0.096315  0.331810  0.418155  0.228981  0.281178  0.683542  0.336172  0.310407  0.598532  0.228339  0.368069  0.477021  0.325876  0.254661  0.844641  0.199745  0.702733  0.104346  0.878856  0.234419 
5  0.384904  0.332232  0.719319  0.325868  0.322408 0.0  0.825643  0.546930  0.863309  0.291160  0.460967  0.396716  0.478319  0.389082  0.251587  0.222178  0.804604  0.128977  0.346062  0.833274  0.319499  0.251867  0.397397  0.345165  0.544107  0.570715  0.382402  0.771154  0.355772  0.722577  0.255291 
6  0.637579  0.593008  0.498996  0.760045  0.665563  0.825643 0.0  0.339834  0.274890  0.565861  0.597183  0.700606  0.657859  0.838261  0.592605  0.815178  0.204580  0.747314  0.601563  0.200785  0.735041  0.599967  0.758087  0.663209  0.766841  0.367573  0.608758  0.317325  0.612860  0.467504  0.673210 
7  0.382334  0.416592  0.528124  0.702898  0.402796  0.546930  0.339834 0.0  0.453186  0.410059  0.433607  0.399300  0.423766  0.581445  0.418147  0.544625  0.408704  0.632391  0.393455  0.489691  0.448150  0.429999  0.659678  0.502136  0.480915  0.566956  0.485985  0.411351  0.542631  0.790785  0.386484 
8  0.759210  0.724456  0.535190  0.847700  0.673758  0.863309  0.274890  0.453186 0.0  0.601755  0.587577  0.534523  0.755272  0.698019  0.796568  0.788684  0.169269  0.779220  0.619728  0.198070  0.725346  0.765954  0.925533  0.727792  0.774146  0.296870  0.668550  0.252500  0.641800  0.426752  0.635136 
9  0.169816  0.057482  0.693933  0.429558  0.203919  0.291160  0.565861  0.410059  0.601755 0.0  0.062515  0.137506  0.124152  0.427693  0.145390  0.277214  0.530439  0.349013  0.106269  0.610585  0.253672  0.287092  0.365140  0.248137  0.420803  0.748744  0.063158  0.515852  0.178301  0.787223  0.190867 
10  0.280821  0.233227  0.535019  0.314648  0.065706  0.460967  0.597183  0.433607  0.587577  0.062515 0.0  0.164392  0.182850  0.366592  0.265114  0.385337  0.595798  0.341516  0.161976  0.781781  0.264299  0.370812  0.537070  0.249294  0.341314  0.738657  0.220312  0.662397  0.210539  0.939321  0.221986 
11  0.160576  0.353401  0.578282  0.285103  0.096315  0.396716  0.700606  0.399300  0.534523  0.137506  0.164392 0.0  0.195661  0.241950  0.146537  0.335637  0.714174  0.300613  0.163236  0.679434  0.264963  0.207194  0.368415  0.393426  0.360174  0.878479  0.202191  0.643064  0.198135  0.888397  0.253232 
12  0.118464  0.303212  0.578297  0.342514  0.331810  0.478319  0.657859  0.423766  0.755272  0.124152  0.182850  0.195661 0.0  0.416432  0.175026  0.347344  0.623428  0.382126  0.204096  0.729600  0.295963  0.264851  0.447337  0.294753  0.394586  0.750200  0.174955  0.775716  0.278257  0.931216  0.181716 
13  0.292821  0.306495  0.643366  0.059019  0.418155  0.389082  0.838261  0.581445  0.698019  0.427693  0.366592  0.241950  0.416432 0.0  0.358406  0.387242  0.758324  0.414947  0.339270  0.634139  0.247224  0.290442  0.410120  0.178786  0.412799  0.888614  0.276392  0.719121  0.442474  0.901224  0.308989 
14  0.231842  0.233478  0.633487  0.352261  0.228981  0.251587  0.592605  0.418147  0.796568  0.145390  0.265114  0.146537  0.175026  0.358406 0.0  0.345935  0.620871  0.292839  0.218436  0.750292  0.361208  0.271320  0.394399  0.346546  0.324642  0.875152  0.349511  0.660626  0.198082  0.873085  0.099485 
15  0.372097  0.385011  0.654255  0.416760  0.281178  0.222178  0.815178  0.544625  0.788684  0.277214  0.385337  0.335637  0.347344  0.387242  0.345935 0.0  0.617366  0.115223  0.402079  0.895374  0.410366  0.294324  0.470693  0.236808  0.551604  0.646705  0.425258  0.822559  0.279876  0.730243  0.400020 
16  0.570868  0.653761  0.517335  0.796434  0.683542  0.804604  0.204580  0.408704  0.169269  0.530439  0.595798  0.714174  0.623428  0.758324  0.620871  0.617366 0.0  0.811831  0.644827  0.150401  0.653265  0.713062  0.849613  0.676367  0.762727  0.301881  0.672307  0.313152  0.687066  0.541624  0.522823 
17  0.295237  0.367189  0.757508  0.388005  0.336172  0.128977  0.747314  0.632391  0.779220  0.349013  0.341516  0.300613  0.382126  0.414947  0.292839  0.115223  0.811831 0.0  0.377566  0.816322  0.326212  0.251430  0.505712  0.297952  0.392871  0.691557  0.497109  0.698064  0.439774  0.812608  0.390514 
18  0.218831  0.236143  0.557479  0.348772  0.310407  0.346062  0.601563  0.393455  0.619728  0.106269  0.161976  0.163236  0.204096  0.339270  0.218436  0.402079  0.644827  0.377566 0.0  0.689747  0.235773  0.218925  0.460986  0.363678  0.411370  0.600350  0.231633  0.613687  0.290655  1.000000  0.121617 
19  0.593360  0.642757  0.479586  0.817297  0.598532  0.833274  0.200785  0.489691  0.198070  0.610585  0.781781  0.679434  0.729600  0.634139  0.750292  0.895374  0.150401  0.816322  0.689747 0.0  0.728526  0.796493  0.867552  0.663377  0.776941  0.360750  0.665510  0.096719  0.664353  0.517001  0.613088 
20  0.315013  0.346568  0.541465  0.310992  0.228339  0.319499  0.735041  0.448150  0.725346  0.253672  0.264299  0.264963  0.295963  0.247224  0.361208  0.410366  0.653265  0.326212  0.235773  0.728526 0.0  0.162996  0.351585  0.313568  0.268047  0.602601  0.232325  0.745783  0.301841  0.816488  0.264333 
21  0.221217  0.219746  0.575603  0.351423  0.368069  0.251867  0.599967  0.429999  0.765954  0.287092  0.370812  0.207194  0.264851  0.290442  0.271320  0.294324  0.713062  0.251430  0.218925  0.796493  0.162996 0.0  0.252580  0.265264  0.183223  0.723942  0.313410  0.796877  0.329426  0.640682  0.318516 
22  0.446381  0.463599  0.395818  0.404144  0.477021  0.397397  0.758087  0.659678  0.925533  0.365140  0.537070  0.368415  0.447337  0.410120  0.394399  0.470693  0.849613  0.505712  0.460986  0.867552  0.351585  0.252580 0.0  0.237105  0.214786  0.776042  0.458253  0.746833  0.366784  0.601866  0.395178 
23  0.374035  0.140267  0.536931  0.268073  0.325876  0.345165  0.663209  0.502136  0.727792  0.248137  0.249294  0.393426  0.294753  0.178786  0.346546  0.236808  0.676367  0.297952  0.363678  0.663377  0.313568  0.265264  0.237105 0.0  0.269888  0.758434  0.269284  0.738971  0.269351  0.842558  0.194855 
24  0.230246  0.322483  0.466071  0.267058  0.254661  0.544107  0.766841  0.480915  0.774146  0.420803  0.341314  0.360174  0.394586  0.412799  0.324642  0.551604  0.762727  0.392871  0.411370  0.776941  0.268047  0.183223  0.214786  0.269888 0.0  0.937739  0.279175  0.694016  0.286789  0.554861  0.306599 
25  0.769649  0.669149  0.646758  0.755081  0.844641  0.570715  0.367573  0.566956  0.296870  0.748744  0.738657  0.878479  0.750200  0.888614  0.875152  0.646705  0.301881  0.691557  0.600350  0.360750  0.602601  0.723942  0.776042  0.758434  0.937739 0.0  0.808983  0.359367  0.768576  0.287383  0.813316 
26  0.170945  0.298543  0.579819  0.386057  0.199745  0.382402  0.608758  0.485985  0.668550  0.063158  0.220312  0.202191  0.174955  0.276392  0.349511  0.425258  0.672307  0.497109  0.231633  0.665510  0.232325  0.313410  0.458253  0.269284  0.279175  0.808983 0.0  0.640768  0.138008  0.996520  0.292144 
27  0.757966  0.732375  0.442217  0.763556  0.702733  0.771154  0.317325  0.411351  0.252500  0.515852  0.662397  0.643064  0.775716  0.719121  0.660626  0.822559  0.313152  0.698064  0.613687  0.096719  0.745783  0.796877  0.746833  0.738971  0.694016  0.359367  0.640768 0.0  0.589472  0.518281  0.582777 
28  0.085092  0.269172  0.571453  0.290084  0.104346  0.355772  0.612860  0.542631  0.641800  0.178301  0.210539  0.198135  0.278257  0.442474  0.198082  0.279876  0.687066  0.439774  0.290655  0.664353  0.301841  0.329426  0.366784  0.269351  0.286789  0.768576  0.138008  0.589472 0.0  0.945787  0.157360 
29  0.916033  0.974889  0.314828  0.784844  0.878856  0.722577  0.467504  0.790785  0.426752  0.787223  0.939321  0.888397  0.931216  0.901224  0.873085  0.730243  0.541624  0.812608  1.000000  0.517001  0.816488  0.640682  0.601866  0.842558  0.554861  0.287383  0.996520  0.518281  0.945787 0.0  0.951240 
30  0.234628  0.284012  0.556026  0.343001  0.234419  0.255291  0.673210  0.386484  0.635136  0.190867  0.221986  0.253232  0.181716  0.308989  0.099485  0.400020  0.522823  0.390514  0.121617  0.613088  0.264333  0.318516  0.395178  0.194855  0.306599  0.813316  0.292144  0.582777  0.157360  0.951240 0.0 
