31
0 0.0  0.718466  0.613747  0.680176  0.512757  0.768917  0.750184  0.411012  0.657579  0.479008  0.415878  0.204112  0.406653  0.338608  0.779829  0.944270  0.681640  0.190337  0.269491  0.240082  0.172060  0.770019  0.181398  0.709008  0.298235  0.544154  0.246071  0.677537  0.210259  0.238274  0.810849 
1  0.718466 0.0  0.323464  0.767365  0.410058  0.598296  0.747972  0.597551  0.776768  0.431592  0.670320  0.758964  0.249998  0.821506  0.445839  0.358740  0.610240  0.680394  0.277989  0.584222  0.736088  0.820713  0.697337  0.874286  0.559704  0.715915  0.678269  0.701310  0.745458  0.513615  0.563904 
2  0.613747  0.323464 0.0  0.469465  0.365718  0.735852  0.409099  0.707609  0.556117  0.490843  0.631571  0.601603  0.447683  0.570861  0.308576  0.299478  0.659827  0.535949  0.482414  0.483137  0.632307  0.519230  0.649303  0.685517  0.770152  0.690775  0.632647  0.555619  0.598229  0.578256  0.755102 
3  0.680176  0.767365  0.469465 0.0  0.876161  0.209653  0.173300  0.882983  0.242337  0.467497  0.948624  0.658363  0.795504  0.684031  0.687906  0.568581  0.015126  0.611407  0.691953  0.684527  0.566690  0.130954  0.556065  0.139966  0.808603  0.255428  0.698189  0.148115  0.652768  0.861156  0.314813 
4  0.512757  0.410058  0.365718  0.876161 0.0  0.859647  0.936594  0.509271  0.882750  0.587582  0.448219  0.463362  0.233240  0.384482  0.351471  0.535424  0.874884  0.418675  0.171782  0.354035  0.478166  0.819418  0.453753  0.918779  0.439836  0.759687  0.352294  0.950683  0.458281  0.426886  0.859112 
5  0.768917  0.598296  0.735852  0.209653  0.859647 0.0  0.411738  0.711939  0.369156  0.640963  0.574240  0.866211  0.844497  0.830595  0.537580  0.243856  0.312528  0.914261  1.000000  0.661236  0.846907  0.341092  0.795624  0.307388  0.778864  0.334767  0.872233  0.398903  0.802190  0.730893  0.239010 
6  0.750184  0.747972  0.409099  0.173300  0.936594  0.411738 0.0  0.809678  0.249208  0.414990  0.833142  0.731517  0.784686  0.717687  0.671214  0.496196  0.000000  0.596453  0.802535  0.642038  0.709285  0.241591  0.600265  0.165895  0.730650  0.184616  0.665142  0.174078  0.616982  0.730509  0.344871 
7  0.411012  0.597551  0.707609  0.882983  0.509271  0.711939  0.809678 0.0  0.859398  0.498841  0.226847  0.359506  0.541025  0.347805  0.568562  0.800759  0.769185  0.434639  0.570204  0.192263  0.426857  0.848501  0.387815  0.779540  0.300503  0.881107  0.398164  0.875203  0.354358  0.215875  0.548101 
8  0.657579  0.776768  0.556117  0.242337  0.882750  0.369156  0.249208  0.859398 0.0  0.549303  0.842104  0.642638  0.795701  0.629745  0.655683  0.559913  0.057258  0.586617  0.646772  0.654606  0.679525  0.155751  0.606015  0.238100  0.703680  0.291770  0.617773  0.235662  0.657006  0.759014  0.226998 
9  0.479008  0.431592  0.490843  0.467497  0.587582  0.640963  0.414990  0.498841  0.549303 0.0  0.421975  0.638433  0.533449  0.433621  0.508936  0.604153  0.567719  0.603889  0.421915  0.579147  0.509252  0.638149  0.493090  0.462312  0.392154  0.551336  0.375074  0.536245  0.454538  0.473416  0.443602 
10  0.415878  0.670320  0.631571  0.948624  0.448219  0.574240  0.833142  0.226847  0.842104  0.421975 0.0  0.340738  0.509672  0.299575  0.676500  0.731890  0.724039  0.431433  0.555367  0.255166  0.476332  0.919413  0.465577  0.872227  0.311347  0.849544  0.383641  0.833336  0.374682  0.457703  0.659938 
11  0.204112  0.758964  0.601603  0.658363  0.463362  0.866211  0.731517  0.359506  0.642638  0.638433  0.340738 0.0  0.377223  0.237888  0.784211  0.901404  0.525000  0.136819  0.445162  0.321455  0.212612  0.554488  0.290518  0.717353  0.447847  0.605549  0.154466  0.756517  0.304999  0.324216  0.786916 
12  0.406653  0.249998  0.447683  0.795504  0.233240  0.844497  0.784686  0.541025  0.795701  0.533449  0.509672  0.377223 0.0  0.465508  0.309503  0.545147  0.843515  0.393170  0.213710  0.273055  0.311769  0.820685  0.359755  0.810429  0.415637  0.785195  0.345401  0.775212  0.319778  0.362327  0.901105 
13  0.338608  0.821506  0.570861  0.684031  0.384482  0.830595  0.717687  0.347805  0.629745  0.433621  0.299575  0.237888  0.465508 0.0  0.662913  0.919814  0.484895  0.165547  0.445560  0.181702  0.164480  0.618832  0.174375  0.633610  0.416966  0.661858  0.484517  0.613803  0.245944  0.341397  0.752187 
14  0.779829  0.445839  0.308576  0.687906  0.351471  0.537580  0.671214  0.568562  0.655683  0.508936  0.676500  0.784211  0.309503  0.662913 0.0  0.335813  0.750819  0.624591  0.291717  0.597110  0.749863  0.814503  0.757880  0.647700  0.661344  0.723739  0.680253  0.672126  0.753558  0.672099  0.518751 
15  0.944270  0.358740  0.299478  0.568581  0.535424  0.243856  0.496196  0.800759  0.559913  0.604153  0.731890  0.901404  0.545147  0.919814  0.335813 0.0  0.327843  0.888215  0.533488  0.713266  0.916587  0.564219  0.865757  0.493550  0.827435  0.416607  0.883285  0.545239  0.937713  0.765109  0.290561 
16  0.681640  0.610240  0.659827  0.015126  0.874884  0.312528  0.000000  0.769185  0.057258  0.567719  0.724039  0.525000  0.843515  0.484895  0.750819  0.327843 0.0  0.511480  0.847506  0.708788  0.525323  0.087751  0.378894  0.159016  0.784556  0.030927  0.556720  0.061409  0.483604  0.771567  0.319851 
17  0.190337  0.680394  0.535949  0.611407  0.418675  0.914261  0.596453  0.434639  0.586617  0.603889  0.431433  0.136819  0.393170  0.165547  0.624591  0.888215  0.511480 0.0  0.302522  0.234392  0.028497  0.627939  0.235216  0.571147  0.390344  0.563231  0.170506  0.539324  0.203662  0.418416  0.889748 
18  0.269491  0.277989  0.482414  0.691953  0.171782  1.000000  0.802535  0.570204  0.646772  0.421915  0.555367  0.445162  0.213710  0.445560  0.291717  0.533488  0.847506  0.302522 0.0  0.317320  0.395846  0.792085  0.377569  0.874063  0.386605  0.875077  0.264509  0.851121  0.322719  0.297691  0.833244 
19  0.240082  0.584222  0.483137  0.684527  0.354035  0.661236  0.642038  0.192263  0.654606  0.579147  0.255166  0.321455  0.273055  0.181702  0.597110  0.713266  0.708788  0.234392  0.317320 0.0  0.313484  0.716973  0.343590  0.689481  0.345474  0.848575  0.217122  0.830613  0.263791  0.393102  0.695860 
20  0.172060  0.736088  0.632307  0.566690  0.478166  0.846907  0.709285  0.426857  0.679525  0.509252  0.476332  0.212612  0.311769  0.164480  0.749863  0.916587  0.525323  0.028497  0.395846  0.313484 0.0  0.673180  0.160883  0.698248  0.346979  0.586443  0.136958  0.691379  0.236517  0.390448  0.898627 
21  0.770019  0.820713  0.519230  0.130954  0.819418  0.341092  0.241591  0.848501  0.155751  0.638149  0.919413  0.554488  0.820685  0.618832  0.814503  0.564219  0.087751  0.627939  0.792085  0.716973  0.673180 0.0  0.576373  0.215406  0.849401  0.245848  0.741462  0.260738  0.750538  0.813433  0.350624 
22  0.181398  0.697337  0.649303  0.556065  0.453753  0.795624  0.600265  0.387815  0.606015  0.493090  0.465577  0.290518  0.359755  0.174375  0.757880  0.865757  0.378894  0.235216  0.377569  0.343590  0.160883  0.576373 0.0  0.654798  0.285191  0.782728  0.420914  0.604686  0.220187  0.359573  0.786664 
23  0.709008  0.874286  0.685517  0.139966  0.918779  0.307388  0.165895  0.779540  0.238100  0.462312  0.872227  0.717353  0.810429  0.633610  0.647700  0.493550  0.159016  0.571147  0.874063  0.689481  0.698248  0.215406  0.654798 0.0  0.725123  0.162539  0.582915  0.213193  0.558399  0.752794  0.289094 
24  0.298235  0.559704  0.770152  0.808603  0.439836  0.778864  0.730650  0.300503  0.703680  0.392154  0.311347  0.447847  0.415637  0.416966  0.661344  0.827435  0.784556  0.390344  0.386605  0.345474  0.346979  0.849401  0.285191  0.725123 0.0  0.773299  0.371662  0.848769  0.303148  0.078703  0.859881 
25  0.544154  0.715915  0.690775  0.255428  0.759687  0.334767  0.184616  0.881107  0.291770  0.551336  0.849544  0.605549  0.785195  0.661858  0.723739  0.416607  0.030927  0.563231  0.875077  0.848575  0.586443  0.245848  0.782728  0.162539  0.773299 0.0  0.609209  0.183039  0.712989  0.707934  0.251093 
26  0.246071  0.678269  0.632647  0.698189  0.352294  0.872233  0.665142  0.398164  0.617773  0.375074  0.383641  0.154466  0.345401  0.484517  0.680253  0.883285  0.556720  0.170506  0.264509  0.217122  0.136958  0.741462  0.420914  0.582915  0.371662  0.609209 0.0  0.670686  0.170893  0.328739  0.807230 
27  0.677537  0.701310  0.555619  0.148115  0.950683  0.398903  0.174078  0.875203  0.235662  0.536245  0.833336  0.756517  0.775212  0.613803  0.672126  0.545239  0.061409  0.539324  0.851121  0.830613  0.691379  0.260738  0.604686  0.213193  0.848769  0.183039  0.670686 0.0  0.732771  0.799283  0.400534 
28  0.210259  0.745458  0.598229  0.652768  0.458281  0.802190  0.616982  0.354358  0.657006  0.454538  0.374682  0.304999  0.319778  0.245944  0.753558  0.937713  0.483604  0.203662  0.322719  0.263791  0.236517  0.750538  0.220187  0.558399  0.303148  0.712989  0.170893  0.732771 0.0  0.309653  0.800063 
29  0.238274  0.513615  0.578256  0.861156  0.426886  0.730893  0.730509  0.215875  0.759014  0.473416  0.457703  0.324216  0.362327  0.341397  0.672099  0.765109  0.771567  0.418416  0.297691  0.393102  0.390448  0.813433  0.359573  0.752794  0.078703  0.707934  0.328739  0.799283  0.309653 0.0  0.794897 
30  0.810849  0.563904  0.755102  0.314813  0.859112  0.239010  0.344871  0.548101  0.226998  0.443602  0.659938  0.786916  0.901105  0.752187  0.518751  0.290561  0.319851  0.889748  0.833244  0.695860  0.898627  0.350624  0.786664  0.289094  0.859881  0.251093  0.807230  0.400534  0.800063  0.794897 0.0 
