31
0 0.0  0.664109  0.805882  0.322338  0.675692  0.658304  0.855717  0.416005  0.497832  0.322879  0.440325  0.795201  0.370979  0.280696  0.182584  0.749693  0.297368  0.271708  0.780372  0.131658  0.339681  0.302235  0.389033  0.456752  0.733666  0.783523  0.556486  0.305901  0.193133  0.356088  0.271845 
1  0.664109 0.0  0.661347  0.713597  0.391120  0.123464  0.343781  0.763252  0.817044  0.639512  0.595038  0.362703  0.704434  0.728591  0.596862  0.380120  0.860685  0.710327  0.311486  0.629797  0.815929  0.866378  0.783792  0.716460  0.390820  0.438078  0.548908  0.825984  0.646526  0.762037  0.639466 
2  0.805882  0.661347 0.0  0.480441  0.611240  0.730978  0.517762  0.496560  0.668406  0.545322  0.274398  0.522027  0.512585  0.648568  0.650831  0.507746  0.533879  0.441534  0.590656  0.633524  0.644781  0.691591  0.693006  0.488549  0.601743  0.655773  0.298432  0.593940  0.463177  0.590039  0.515402 
3  0.322338  0.713597  0.480441 0.0  0.869342  0.606764  0.643843  0.288614  0.218365  0.258393  0.478223  0.685446  0.296150  0.310098  0.220363  0.787163  0.253920  0.308987  0.699082  0.189995  0.221258  0.267959  0.267829  0.277194  0.655435  0.745866  0.507679  0.315455  0.144649  0.270861  0.351838 
4  0.675692  0.391120  0.611240  0.869342 0.0  0.339170  0.228629  0.528717  0.589418  0.683624  0.760516  0.212953  0.616873  0.650335  0.701508  0.148100  0.604660  0.630862  0.072495  0.797287  0.788075  0.668654  0.588820  0.660725  0.092445  0.179885  0.607908  0.596515  0.730171  0.620241  0.563749 
5  0.658304  0.123464  0.730978  0.606764  0.339170 0.0  0.253950  0.770709  0.903077  0.766024  0.511518  0.221564  0.866823  0.812571  0.529229  0.395610  0.701473  0.733615  0.516519  0.525131  0.853003  0.685268  0.751164  1.000000  0.320310  0.329796  0.565813  0.755530  0.734762  0.638639  0.846899 
6  0.855717  0.343781  0.517762  0.643843  0.228629  0.253950 0.0  0.640656  0.619434  0.679082  0.734426  0.267782  0.759350  0.703977  0.660522  0.124044  0.691189  0.699570  0.000000  0.923901  0.693315  0.778066  0.648184  0.817212  0.289317  0.168272  0.668670  0.762681  0.769991  0.660215  0.618551 
7  0.416005  0.763252  0.496560  0.288614  0.528717  0.770709  0.640656 0.0  0.149340  0.285422  0.661662  0.608186  0.294341  0.233185  0.308412  0.609155  0.170743  0.280962  0.495988  0.452935  0.410716  0.333836  0.278194  0.380301  0.584589  0.592953  0.611118  0.261864  0.283742  0.231391  0.220665 
8  0.497832  0.817044  0.668406  0.218365  0.589418  0.903077  0.619434  0.149340 0.0  0.137492  0.667704  0.618289  0.055441  0.123821  0.416263  0.529979  0.055361  0.244651  0.532416  0.432209  0.412091  0.336281  0.135442  0.344812  0.560046  0.552301  0.573226  0.205787  0.226709  0.095753  0.171368 
9  0.322879  0.639512  0.545322  0.258393  0.683624  0.766024  0.679082  0.285422  0.137492 0.0  0.746075  0.621841  0.166643  0.220190  0.396048  0.611674  0.128723  0.198911  0.471830  0.397773  0.393981  0.366005  0.212776  0.261662  0.639377  0.563898  0.792350  0.198239  0.247541  0.189751  0.203984 
10  0.440325  0.595038  0.274398  0.478223  0.760516  0.511518  0.734426  0.661662  0.667704  0.746075 0.0  0.658441  0.685697  0.639370  0.538411  0.711992  0.661156  0.537583  0.504005  0.486059  0.496859  0.589046  0.673960  0.363236  0.674735  0.751593  0.405957  0.616170  0.445914  0.759872  0.650526 
11  0.795201  0.362703  0.522027  0.685446  0.212953  0.221564  0.267782  0.608186  0.618289  0.621841  0.658441 0.0  0.566842  0.662539  0.781764  0.305147  0.619412  0.706551  0.091849  0.713964  0.694554  0.706941  0.761622  0.818810  0.157993  0.279154  0.757473  0.739198  0.696199  0.597074  0.590838 
12  0.370979  0.704434  0.512585  0.296150  0.616873  0.866823  0.759350  0.294341  0.055441  0.166643  0.685697  0.566842 0.0  0.182283  0.377266  0.674546  0.248331  0.228110  0.392040  0.345046  0.449016  0.371722  0.302841  0.308584  0.558789  0.545542  0.672346  0.168776  0.367454  0.257078  0.190327 
13  0.280696  0.728591  0.648568  0.310098  0.650335  0.812571  0.703977  0.233185  0.123821  0.220190  0.639370  0.662539  0.182283 0.0  0.392277  0.659438  0.222000  0.289261  0.479939  0.319418  0.308054  0.329479  0.164600  0.374127  0.612761  0.596538  0.683558  0.223187  0.326386  0.169883  0.183967 
14  0.182584  0.596862  0.650831  0.220363  0.701508  0.529229  0.660522  0.308412  0.416263  0.396048  0.538411  0.781764  0.377266  0.392277 0.0  0.738019  0.325582  0.172270  0.763941  0.214660  0.268246  0.332026  0.307098  0.506750  0.846216  0.741776  0.550401  0.423178  0.290141  0.316710  0.330088 
15  0.749693  0.380120  0.507746  0.787163  0.148100  0.395610  0.124044  0.609155  0.529979  0.611674  0.711992  0.305147  0.674546  0.659438  0.738019 0.0  0.629783  0.659230  0.165905  0.876596  0.892880  0.839947  0.610563  0.886958  0.128012  0.105896  0.680616  0.655158  0.782153  0.574838  0.599606 
16  0.297368  0.860685  0.533879  0.253920  0.604660  0.701473  0.691189  0.170743  0.055361  0.128723  0.661156  0.619412  0.248331  0.222000  0.325582  0.629783 0.0  0.311455  0.577247  0.385724  0.410308  0.426425  0.190441  0.331887  0.657027  0.647099  0.723221  0.213965  0.257282  0.183048  0.213824 
17  0.271708  0.710327  0.441534  0.308987  0.630862  0.733615  0.699570  0.280962  0.244651  0.198911  0.537583  0.706551  0.228110  0.289261  0.172270  0.659230  0.311455 0.0  0.713617  0.296986  0.208581  0.254370  0.225747  0.208841  0.706160  0.665631  0.466146  0.214149  0.349874  0.267157  0.226422 
18  0.780372  0.311486  0.590656  0.699082  0.072495  0.516519  0.000000  0.495988  0.532416  0.471830  0.504005  0.091849  0.392040  0.479939  0.763941  0.165905  0.577247  0.713617 0.0  0.714792  0.716791  0.655856  0.612612  0.712963  0.069587  0.076380  0.586458  0.599161  0.612669  0.445415  0.453887 
19  0.131658  0.629797  0.633524  0.189995  0.797287  0.525131  0.923901  0.452935  0.432209  0.397773  0.486059  0.713964  0.345046  0.319418  0.214660  0.876596  0.385724  0.296986  0.714792 0.0  0.402706  0.326102  0.367352  0.431257  0.653919  0.755318  0.540150  0.221171  0.325904  0.323984  0.445663 
20  0.339681  0.815929  0.644781  0.221258  0.788075  0.853003  0.693315  0.410716  0.412091  0.393981  0.496859  0.694554  0.449016  0.308054  0.268246  0.892880  0.410308  0.208581  0.716791  0.402706 0.0  0.085175  0.380126  0.328221  0.792346  0.773540  0.566456  0.361719  0.257909  0.416592  0.378427 
21  0.302235  0.866378  0.691591  0.267959  0.668654  0.685268  0.778066  0.333836  0.336281  0.366005  0.589046  0.706941  0.371722  0.329479  0.332026  0.839947  0.426425  0.254370  0.655856  0.326102  0.085175 0.0  0.373232  0.271779  0.785253  0.667329  0.589223  0.219079  0.175118  0.374601  0.426915 
22  0.389033  0.783792  0.693006  0.267829  0.588820  0.751164  0.648184  0.278194  0.135442  0.212776  0.673960  0.761622  0.302841  0.164600  0.307098  0.610563  0.190441  0.225747  0.612612  0.367352  0.380126  0.373232 0.0  0.313890  0.617353  0.622415  0.683397  0.168832  0.359245  0.194360  0.207679 
23  0.456752  0.716460  0.488549  0.277194  0.660725  1.000000  0.817212  0.380301  0.344812  0.261662  0.363236  0.818810  0.308584  0.374127  0.506750  0.886958  0.331887  0.208841  0.712963  0.431257  0.328221  0.271779  0.313890 0.0  0.808685  0.848300  0.274407  0.422359  0.262590  0.359800  0.454000 
24  0.733666  0.390820  0.601743  0.655435  0.092445  0.320310  0.289317  0.584589  0.560046  0.639377  0.674735  0.157993  0.558789  0.612761  0.846216  0.128012  0.657027  0.706160  0.069587  0.653919  0.792346  0.785253  0.617353  0.808685 0.0  0.157272  0.719506  0.536340  0.717682  0.605781  0.647068 
25  0.783523  0.438078  0.655773  0.745866  0.179885  0.329796  0.168272  0.592953  0.552301  0.563898  0.751593  0.279154  0.545542  0.596538  0.741776  0.105896  0.647099  0.665631  0.076380  0.755318  0.773540  0.667329  0.622415  0.848300  0.157272 0.0  0.770153  0.593055  0.659711  0.551645  0.628937 
26  0.556486  0.548908  0.298432  0.507679  0.607908  0.565813  0.668670  0.611118  0.573226  0.792350  0.405957  0.757473  0.672346  0.683558  0.550401  0.680616  0.723221  0.466146  0.586458  0.540150  0.566456  0.589223  0.683397  0.274407  0.719506  0.770153 0.0  0.711147  0.507658  0.719509  0.684199 
27  0.305901  0.825984  0.593940  0.315455  0.596515  0.755530  0.762681  0.261864  0.205787  0.198239  0.616170  0.739198  0.168776  0.223187  0.423178  0.655158  0.213965  0.214149  0.599161  0.221171  0.361719  0.219079  0.168832  0.422359  0.536340  0.593055  0.711147 0.0  0.255859  0.212792  0.160332 
28  0.193133  0.646526  0.463177  0.144649  0.730171  0.734762  0.769991  0.283742  0.226709  0.247541  0.445914  0.696199  0.367454  0.326386  0.290141  0.782153  0.257282  0.349874  0.612669  0.325904  0.257909  0.175118  0.359245  0.262590  0.717682  0.659711  0.507658  0.255859 0.0  0.295457  0.214458 
29  0.356088  0.762037  0.590039  0.270861  0.620241  0.638639  0.660215  0.231391  0.095753  0.189751  0.759872  0.597074  0.257078  0.169883  0.316710  0.574838  0.183048  0.267157  0.445415  0.323984  0.416592  0.374601  0.194360  0.359800  0.605781  0.551645  0.719509  0.212792  0.295457 0.0  0.109033 
30  0.271845  0.639466  0.515402  0.351838  0.563749  0.846899  0.618551  0.220665  0.171368  0.203984  0.650526  0.590838  0.190327  0.183967  0.330088  0.599606  0.213824  0.226422  0.453887  0.445663  0.378427  0.426915  0.207679  0.454000  0.647068  0.628937  0.684199  0.160332  0.214458  0.109033 0.0 
