31
0 0.0  0.732586  0.774516  0.199909  0.733960  0.806944  0.193000  0.707691  0.554380  0.697813  0.798592  0.239416  0.668470  0.654120  0.211786  0.945897  0.148484  0.227815  0.769182  0.812650  0.692458  0.775747  0.224261  0.198758  0.615695  0.666675  0.690272  0.762304  0.655499  0.252633  0.454835 
1  0.732586 0.0  0.251602  0.657287  0.452697  0.382792  0.700345  0.239988  0.070989  0.297965  0.248076  0.610520  0.198882  0.720186  0.746915  0.329215  0.648606  0.639327  0.360739  0.526888  0.234432  0.360703  0.905052  0.643060  0.222304  0.517373  0.280628  0.263139  0.195646  0.721462  0.440146 
2  0.774516  0.251602 0.0  0.697795  0.454462  0.452598  0.620810  0.132775  0.100398  0.252839  0.289700  0.714594  0.168998  0.812509  0.832700  0.384683  0.642184  0.701042  0.337917  0.390751  0.243441  0.374221  0.789184  0.618162  0.184943  0.578994  0.175781  0.175844  0.201720  0.768611  0.539781 
3  0.199909  0.657287  0.697795 0.0  0.703008  0.708858  0.258837  0.734053  0.458048  0.724505  0.776074  0.285153  0.589431  0.728673  0.461684  0.874574  0.135856  0.180916  0.782411  0.834849  0.718550  0.893412  0.337159  0.322097  0.716564  0.504547  0.602032  0.748581  0.710684  0.237368  0.466806 
4  0.733960  0.452697  0.454462  0.703008 0.0  0.473187  0.735822  0.409818  0.395952  0.379492  0.295748  0.660635  0.376347  0.375481  1.000000  0.547497  0.869598  0.904575  0.316448  0.027053  0.314513  0.523433  0.785627  0.797021  0.353302  0.404782  0.267411  0.385524  0.444335  0.774944  0.664290 
5  0.806944  0.382792  0.452598  0.708858  0.473187 0.0  0.787808  0.435761  0.519797  0.359737  0.306235  0.850772  0.454609  0.514877  0.593747  0.160914  0.762202  0.834751  0.380882  0.278300  0.351025  0.330745  0.627140  0.843512  0.387949  0.680840  0.367303  0.441051  0.229802  0.840674  0.526333 
6  0.193000  0.700345  0.620810  0.258837  0.735822  0.787808 0.0  0.551651  0.654754  0.763709  0.604902  0.114714  0.649657  0.711826  0.335257  0.783961  0.168988  0.224510  0.875098  0.849189  0.772920  0.792858  0.333670  0.225986  0.593058  0.649205  0.643394  0.653693  0.766523  0.160916  0.486074 
7  0.707691  0.239988  0.132775  0.734053  0.409818  0.435761  0.551651 0.0  0.284837  0.390832  0.171950  0.710188  0.189117  0.724878  0.754147  0.323504  0.689890  0.640568  0.400056  0.483223  0.137397  0.331084  0.902299  0.708472  0.161104  0.660740  0.276260  0.314319  0.251162  0.610019  0.332103 
8  0.554380  0.070989  0.100398  0.458048  0.395952  0.519797  0.654754  0.284837 0.0  0.279299  0.075750  0.657435  0.160407  0.589922  0.811922  0.563023  0.657630  0.580201  0.487673  0.409881  0.081098  0.498805  0.879955  0.543421  0.223672  0.697316  0.111556  0.207641  0.194804  0.678893  0.332854 
9  0.697813  0.297965  0.252839  0.724505  0.379492  0.359737  0.763709  0.390832  0.279299 0.0  0.266771  0.827308  0.311052  0.529669  0.725670  0.337218  0.723234  0.736825  0.295130  0.369891  0.315620  0.369686  0.756542  0.841483  0.187244  0.538511  0.284422  0.298817  0.324750  0.764986  0.564860 
10  0.798592  0.248076  0.289700  0.776074  0.295748  0.306235  0.604902  0.171950  0.075750  0.266771 0.0  0.692016  0.270160  0.603367  0.874887  0.376440  0.669353  0.634435  0.311692  0.477974  0.133119  0.384362  0.839315  0.632853  0.285155  0.536336  0.286313  0.168356  0.119602  0.799285  0.566083 
11  0.239416  0.610520  0.714594  0.285153  0.660635  0.850772  0.114714  0.710188  0.657435  0.827308  0.692016 0.0  0.764292  0.814548  0.430920  0.839478  0.247806  0.306512  0.825470  0.917818  0.675533  0.784049  0.374686  0.175159  0.620281  0.495891  0.638432  0.671103  0.643741  0.226831  0.533879 
12  0.668470  0.198882  0.168998  0.589431  0.376347  0.454609  0.649657  0.189117  0.160407  0.311052  0.270160  0.764292 0.0  0.820321  0.804174  0.352581  0.526866  0.604464  0.350436  0.408671  0.221752  0.418995  0.791530  0.604654  0.219114  0.658652  0.240507  0.261514  0.166851  0.618200  0.361304 
13  0.654120  0.720186  0.812509  0.728673  0.375481  0.514877  0.711826  0.724878  0.589922  0.529669  0.603367  0.814548  0.820321 0.0  0.702040  0.520771  0.668610  0.734999  0.584028  0.291544  0.693967  0.585000  0.601636  0.785899  0.827459  0.140734  0.791185  0.782220  0.778724  0.649477  0.784198 
14  0.211786  0.746915  0.832700  0.461684  1.000000  0.593747  0.335257  0.754147  0.811922  0.725670  0.874887  0.430920  0.804174  0.702040 0.0  0.625946  0.500725  0.315111  0.711971  0.873104  0.854656  0.669461  0.231527  0.350259  0.823565  0.719085  0.746575  0.879107  0.877912  0.394603  0.579357 
15  0.945897  0.329215  0.384683  0.874574  0.547497  0.160914  0.783961  0.323504  0.563023  0.337218  0.376440  0.839478  0.352581  0.520771  0.625946 0.0  0.713981  0.823085  0.319284  0.498776  0.388023  0.130147  0.623049  0.873293  0.394955  0.722371  0.451333  0.442206  0.307901  0.882239  0.537033 
16  0.148484  0.648606  0.642184  0.135856  0.869598  0.762202  0.168988  0.689890  0.657630  0.723234  0.669353  0.247806  0.526866  0.668610  0.500725  0.713981 0.0  0.213116  0.872453  0.800614  0.642431  0.857734  0.359626  0.200841  0.729446  0.638505  0.720275  0.660043  0.749082  0.305478  0.532061 
17  0.227815  0.639327  0.701042  0.180916  0.904575  0.834751  0.224510  0.640568  0.580201  0.736825  0.634435  0.306512  0.604464  0.734999  0.315111  0.823085  0.213116 0.0  0.828603  0.821126  0.691207  0.856179  0.381587  0.252110  0.620989  0.577117  0.704170  0.757543  0.557138  0.224587  0.469986 
18  0.769182  0.360739  0.337917  0.782411  0.316448  0.380882  0.875098  0.400056  0.487673  0.295130  0.311692  0.825470  0.350436  0.584028  0.711971  0.319284  0.872453  0.828603 0.0  0.402456  0.393166  0.356471  0.677676  0.891374  0.253983  0.581197  0.352693  0.423872  0.362553  0.773318  0.633052 
19  0.812650  0.526888  0.390751  0.834849  0.027053  0.278300  0.849189  0.483223  0.409881  0.369891  0.477974  0.917818  0.408671  0.291544  0.873104  0.498776  0.800614  0.821126  0.402456 0.0  0.453707  0.443579  0.953697  0.897311  0.492015  0.321463  0.333006  0.489235  0.505318  0.930510  0.559134 
20  0.692458  0.234432  0.243441  0.718550  0.314513  0.351025  0.772920  0.137397  0.081098  0.315620  0.133119  0.675533  0.221752  0.693967  0.854656  0.388023  0.642431  0.691207  0.393166  0.453707 0.0  0.360927  0.784782  0.566037  0.270455  0.513289  0.213626  0.225622  0.220396  0.543424  0.539600 
21  0.775747  0.360703  0.374221  0.893412  0.523433  0.330745  0.792858  0.331084  0.498805  0.369686  0.384362  0.784049  0.418995  0.585000  0.669461  0.130147  0.857734  0.856179  0.356471  0.443579  0.360927 0.0  0.642661  0.846216  0.356300  0.674245  0.309406  0.413174  0.409235  0.856091  0.610825 
22  0.224261  0.905052  0.789184  0.337159  0.785627  0.627140  0.333670  0.902299  0.879955  0.756542  0.839315  0.374686  0.791530  0.601636  0.231527  0.623049  0.359626  0.381587  0.677676  0.953697  0.784782  0.642661 0.0  0.327595  0.864131  0.829199  0.784358  0.779328  0.835658  0.247436  0.701191 
23  0.198758  0.643060  0.618162  0.322097  0.797021  0.843512  0.225986  0.708472  0.543421  0.841483  0.632853  0.175159  0.604654  0.785899  0.350259  0.873293  0.200841  0.252110  0.891374  0.897311  0.566037  0.846216  0.327595 0.0  0.715068  0.651968  0.671040  0.740541  0.781607  0.266503  0.452863 
24  0.615695  0.222304  0.184943  0.716564  0.353302  0.387949  0.593058  0.161104  0.223672  0.187244  0.285155  0.620281  0.219114  0.827459  0.823565  0.394955  0.729446  0.620989  0.253983  0.492015  0.270455  0.356300  0.864131  0.715068 0.0  0.652025  0.175068  0.278949  0.278338  0.729115  0.332162 
25  0.666675  0.517373  0.578994  0.504547  0.404782  0.680840  0.649205  0.660740  0.697316  0.538511  0.536336  0.495891  0.658652  0.140734  0.719085  0.722371  0.638505  0.577117  0.581197  0.321463  0.513289  0.674245  0.829199  0.651968  0.652025 0.0  0.688683  0.563009  0.648641  0.508239  0.466373 
26  0.690272  0.280628  0.175781  0.602032  0.267411  0.367303  0.643394  0.276260  0.111556  0.284422  0.286313  0.638432  0.240507  0.791185  0.746575  0.451333  0.720275  0.704170  0.352693  0.333006  0.213626  0.309406  0.784358  0.671040  0.175068  0.688683 0.0  0.138926  0.235902  0.702597  0.382457 
27  0.762304  0.263139  0.175844  0.748581  0.385524  0.441051  0.653693  0.314319  0.207641  0.298817  0.168356  0.671103  0.261514  0.782220  0.879107  0.442206  0.660043  0.757543  0.423872  0.489235  0.225622  0.413174  0.779328  0.740541  0.278949  0.563009  0.138926 0.0  0.302003  0.669165  0.448925 
28  0.655499  0.195646  0.201720  0.710684  0.444335  0.229802  0.766523  0.251162  0.194804  0.324750  0.119602  0.643741  0.166851  0.778724  0.877912  0.307901  0.749082  0.557138  0.362553  0.505318  0.220396  0.409235  0.835658  0.781607  0.278338  0.648641  0.235902  0.302003 0.0  0.696344  0.446782 
29  0.252633  0.721462  0.768611  0.237368  0.774944  0.840674  0.160916  0.610019  0.678893  0.764986  0.799285  0.226831  0.618200  0.649477  0.394603  0.882239  0.305478  0.224587  0.773318  0.930510  0.543424  0.856091  0.247436  0.266503  0.729115  0.508239  0.702597  0.669165  0.696344 0.0  0.420203 
30  0.454835  0.440146  0.539781  0.466806  0.664290  0.526333  0.486074  0.332103  0.332854  0.564860  0.566083  0.533879  0.361304  0.784198  0.579357  0.537033  0.532061  0.469986  0.633052  0.559134  0.539600  0.610825  0.701191  0.452863  0.332162  0.466373  0.382457  0.448925  0.446782  0.420203 0.0 
