31
0 0.0  0.680196  0.101611  0.179359  0.323710  0.304587  0.284419  0.475203  0.312608  0.667312  0.437652  0.860629  0.382831  0.293509  0.629318  0.391156  0.216323  0.344842  0.765918  0.860551  0.182261  0.213902  0.822822  0.876109  0.296942  0.493879  0.322522  0.703730  0.316894  0.567429  0.249358 
1  0.680196 0.0  0.668830  0.674576  0.754639  0.924374  0.834038  0.378440  0.863655  0.208396  0.714374  0.497838  0.847412  0.876968  0.628992  0.809452  0.769111  0.670089  0.288459  0.319119  0.625314  0.712802  0.225422  0.682456  0.654843  0.485517  0.882223  0.223607  0.671243  0.575810  0.827738 
2  0.101611  0.668830 0.0  0.231489  0.472926  0.350817  0.328187  0.415730  0.359145  0.627726  0.301899  0.966407  0.377867  0.336144  0.917650  0.384773  0.269270  0.247416  0.676799  0.814766  0.263373  0.216113  0.704701  0.798828  0.163409  0.415488  0.377106  0.673758  0.203027  0.596954  0.180265 
3  0.179359  0.674576  0.231489 0.0  0.411345  0.264892  0.485244  0.570699  0.419721  0.597270  0.306110  0.941569  0.411290  0.300304  0.769341  0.301765  0.402784  0.204940  0.734572  0.738052  0.106044  0.137913  0.740265  0.670975  0.294996  0.408969  0.394064  0.619851  0.439027  0.510649  0.161512 
4  0.323710  0.754639  0.472926  0.411345 0.0  0.246002  0.549784  0.463260  0.433961  0.931892  0.231762  0.815306  0.158951  0.412751  0.668342  0.252031  0.237556  0.380480  0.850945  0.727838  0.473571  0.378499  0.895762  0.481920  0.281360  0.679285  0.544540  0.803886  0.339813  0.707268  0.403871 
5  0.304587  0.924374  0.350817  0.264892  0.246002 0.0  0.260244  0.569339  0.299416  0.830241  0.291465  0.705857  0.388536  0.354714  0.569723  0.318035  0.305153  0.289979  0.833150  0.749662  0.376539  0.253554  0.738827  0.479951  0.404545  0.543979  0.206843  0.860699  0.350599  0.541092  0.399208 
6  0.284419  0.834038  0.328187  0.485244  0.549784  0.260244 0.0  0.590172  0.321427  0.902340  0.538453  0.521486  0.573409  0.362144  0.303879  0.550117  0.310876  0.353662  0.792421  0.937504  0.319793  0.340875  0.784972  0.298614  0.419595  0.531378  0.146799  0.784889  0.267938  0.384242  0.287827 
7  0.475203  0.378440  0.415730  0.570699  0.463260  0.569339  0.590172 0.0  0.551719  0.588726  0.549668  0.482790  0.561537  0.475184  0.437721  0.438961  0.432556  0.545862  0.580431  0.624632  0.466920  0.495952  0.434683  0.544174  0.542983  0.490601  0.540645  0.463146  0.533151  0.450457  0.526147 
8  0.312608  0.863655  0.359145  0.419721  0.433961  0.299416  0.321427  0.551719 0.0  0.868281  0.337784  0.783694  0.335518  0.124965  0.484111  0.418722  0.307453  0.428228  0.902864  0.864769  0.489196  0.270351  0.819031  0.735836  0.243927  0.636629  0.359509  0.792898  0.282138  0.590186  0.372638 
9  0.667312  0.208396  0.627726  0.597270  0.931892  0.830241  0.902340  0.588726  0.868281 0.0  0.721938  0.579974  0.877308  0.942298  0.845616  0.836696  0.798365  0.620313  0.239099  0.321267  0.624249  0.669845  0.244156  0.674527  0.746696  0.376412  0.879119  0.218259  0.705761  0.616918  0.540404 
10  0.437652  0.714374  0.301899  0.306110  0.231762  0.291465  0.538453  0.549668  0.337784  0.721938 0.0  0.805772  0.293012  0.382377  0.643575  0.193190  0.262119  0.405798  0.844768  0.618800  0.486682  0.341374  0.825429  0.611822  0.377451  0.562149  0.605850  0.847298  0.302667  0.721092  0.319061 
11  0.860629  0.497838  0.966407  0.941569  0.815306  0.705857  0.521486  0.482790  0.783694  0.579974  0.805772 0.0  0.834773  0.765679  0.418681  0.746421  0.741171  1.000000  0.580818  0.390782  0.878154  0.813893  0.516513  0.454618  0.933081  0.749655  0.456359  0.487928  0.807440  0.404508  0.924273 
12  0.382831  0.847412  0.377867  0.411290  0.158951  0.388536  0.573409  0.561537  0.335518  0.877308  0.293012  0.834773 0.0  0.383453  0.622123  0.277497  0.362096  0.340330  0.857389  0.707934  0.433089  0.364198  0.776478  0.588145  0.346130  0.527292  0.525845  0.741518  0.254372  0.673025  0.381594 
13  0.293509  0.876968  0.336144  0.300304  0.412751  0.354714  0.362144  0.475184  0.124965  0.942298  0.382377  0.765679  0.383453 0.0  0.676133  0.441417  0.323669  0.302474  0.741265  0.777860  0.405670  0.349946  0.787389  0.730284  0.423437  0.707743  0.429739  0.747427  0.244492  0.657697  0.447095 
14  0.629318  0.628992  0.917650  0.769341  0.668342  0.569723  0.303879  0.437721  0.484111  0.845616  0.643575  0.418681  0.622123  0.676133 0.0  0.555388  0.526797  0.703717  0.803923  0.606322  0.681234  0.783447  0.790840  0.406235  0.684700  0.898760  0.243141  0.762293  0.502259  0.358632  0.687746 
15  0.391156  0.809452  0.384773  0.301765  0.252031  0.318035  0.550117  0.438961  0.418722  0.836696  0.193190  0.746421  0.277497  0.441417  0.555388 0.0  0.274508  0.486621  0.818190  0.601085  0.450372  0.325339  0.775313  0.523655  0.309350  0.570259  0.648718  0.757317  0.382403  0.728162  0.335131 
16  0.216323  0.769111  0.269270  0.402784  0.237556  0.305153  0.310876  0.432556  0.307453  0.798365  0.262119  0.741171  0.362096  0.323669  0.526797  0.274508 0.0  0.219806  0.776720  0.756689  0.226094  0.128763  0.797047  0.341328  0.250021  0.477271  0.278889  0.733915  0.282586  0.526342  0.235805 
17  0.344842  0.670089  0.247416  0.204940  0.380480  0.289979  0.353662  0.545862  0.428228  0.620313  0.405798  1.000000  0.340330  0.302474  0.703717  0.486621  0.219806 0.0  0.692333  0.910471  0.228323  0.230257  0.618973  0.772659  0.284529  0.537706  0.342768  0.709710  0.336845  0.664460  0.266415 
18  0.765918  0.288459  0.676799  0.734572  0.850945  0.833150  0.792421  0.580431  0.902864  0.239099  0.844768  0.580818  0.857389  0.741265  0.803923  0.818190  0.776720  0.692333 0.0  0.397402  0.610867  0.685577  0.103492  0.651041  0.668560  0.452155  0.832477  0.367432  0.698290  0.666700  0.574946 
19  0.860551  0.319119  0.814766  0.738052  0.727838  0.749662  0.937504  0.624632  0.864769  0.321267  0.618800  0.390782  0.707934  0.777860  0.606322  0.601085  0.756689  0.910471  0.397402 0.0  0.926771  0.782848  0.257655  0.590176  0.807606  0.564039  0.924271  0.406619  0.673380  0.719020  0.936467 
20  0.182261  0.625314  0.263373  0.106044  0.473571  0.376539  0.319793  0.466920  0.489196  0.624249  0.486682  0.878154  0.433089  0.405670  0.681234  0.450372  0.226094  0.228323  0.610867  0.926771 0.0  0.150718  0.599762  0.675539  0.253772  0.442576  0.511085  0.657759  0.346999  0.602139  0.103498 
21  0.213902  0.712802  0.216113  0.137913  0.378499  0.253554  0.340875  0.495952  0.270351  0.669845  0.341374  0.813893  0.364198  0.349946  0.783447  0.325339  0.128763  0.230257  0.685577  0.782848  0.150718 0.0  0.543418  0.780240  0.227125  0.425222  0.346172  0.680219  0.356218  0.642160  0.275311 
22  0.822822  0.225422  0.704701  0.740265  0.895762  0.738827  0.784972  0.434683  0.819031  0.244156  0.825429  0.516513  0.776478  0.787389  0.790840  0.775313  0.797047  0.618973  0.103492  0.257655  0.599762  0.543418 0.0  0.694393  0.658755  0.394345  0.745312  0.227706  0.827805  0.537558  0.642671 
23  0.876109  0.682456  0.798828  0.670975  0.481920  0.479951  0.298614  0.544174  0.735836  0.674527  0.611822  0.454618  0.588145  0.730284  0.406235  0.523655  0.341328  0.772659  0.651041  0.590176  0.675539  0.780240  0.694393 0.0  0.763161  0.711116  0.266229  0.747269  0.548182  0.299865  0.793822 
24  0.296942  0.654843  0.163409  0.294996  0.281360  0.404545  0.419595  0.542983  0.243927  0.746696  0.377451  0.933081  0.346130  0.423437  0.684700  0.309350  0.250021  0.284529  0.668560  0.807606  0.253772  0.227125  0.658755  0.763161 0.0  0.541398  0.383449  0.612571  0.336213  0.584057  0.211708 
25  0.493879  0.485517  0.415488  0.408969  0.679285  0.543979  0.531378  0.490601  0.636629  0.376412  0.562149  0.749655  0.527292  0.707743  0.898760  0.570259  0.477271  0.537706  0.452155  0.564039  0.442576  0.425222  0.394345  0.711116  0.541398 0.0  0.662526  0.375417  0.412767  0.482557  0.396205 
26  0.322522  0.882223  0.377106  0.394064  0.544540  0.206843  0.146799  0.540645  0.359509  0.879119  0.605850  0.456359  0.525845  0.429739  0.243141  0.648718  0.278889  0.342768  0.832477  0.924271  0.511085  0.346172  0.745312  0.266229  0.383449  0.662526 0.0  0.758348  0.328420  0.475540  0.328278 
27  0.703730  0.223607  0.673758  0.619851  0.803886  0.860699  0.784889  0.463146  0.792898  0.218259  0.847298  0.487928  0.741518  0.747427  0.762293  0.757317  0.733915  0.709710  0.367432  0.406619  0.657759  0.680219  0.227706  0.747269  0.612571  0.375417  0.758348 0.0  0.814313  0.658602  0.630566 
28  0.316894  0.671243  0.203027  0.439027  0.339813  0.350599  0.267938  0.533151  0.282138  0.705761  0.302667  0.807440  0.254372  0.244492  0.502259  0.382403  0.282586  0.336845  0.698290  0.673380  0.346999  0.356218  0.827805  0.548182  0.336213  0.412767  0.328420  0.814313 0.0  0.599556  0.304612 
29  0.567429  0.575810  0.596954  0.510649  0.707268  0.541092  0.384242  0.450457  0.590186  0.616918  0.721092  0.404508  0.673025  0.657697  0.358632  0.728162  0.526342  0.664460  0.666700  0.719020  0.602139  0.642160  0.537558  0.299865  0.584057  0.482557  0.475540  0.658602  0.599556 0.0  0.674991 
30  0.249358  0.827738  0.180265  0.161512  0.403871  0.399208  0.287827  0.526147  0.372638  0.540404  0.319061  0.924273  0.381594  0.447095  0.687746  0.335131  0.235805  0.266415  0.574946  0.936467  0.103498  0.275311  0.642671  0.793822  0.211708  0.396205  0.328278  0.630566  0.304612  0.674991 0.0 
