31
0 0.0  0.206208  0.622043  0.392213  0.444856  0.341625  0.330925  0.656242  0.079572  0.318078  0.585213  0.143813  0.175856  0.188032  0.290987  0.564273  0.186053  0.709171  0.579219  0.621077  0.488625  0.213781  0.200387  0.378682  0.603200  0.279233  0.839550  0.647665  0.318309  0.260114  0.069177 
1  0.206208 0.0  0.774961  0.371070  0.329287  0.386017  0.410898  0.760406  0.122717  0.355702  0.686045  0.209864  0.121019  0.245925  0.347991  0.662040  0.163135  0.737548  0.634147  0.673091  0.621521  0.258584  0.221100  0.254156  0.593832  0.318232  0.759028  0.520487  0.298543  0.169421  0.186791 
2  0.622043  0.774961 0.0  0.486945  0.286396  0.570129  0.518723  0.570797  0.706647  0.481518  0.340284  0.657767  0.648367  0.727198  0.523765  0.610653  0.608899  0.539724  0.663367  0.546318  0.225139  0.439607  0.656291  0.520523  0.766315  0.477556  0.400817  0.774149  0.670838  0.719378  0.567677 
3  0.392213  0.371070  0.486945 0.0  0.476462  0.131588  0.308644  0.515956  0.279220  0.206065  0.605086  0.392835  0.290500  0.343494  0.183873  0.677869  0.436538  0.617323  0.802523  0.630420  0.642825  0.426845  0.346843  0.269998  0.772009  0.261172  0.780474  0.610902  0.583083  0.312000  0.344435 
4  0.444856  0.329287  0.286396  0.476462 0.0  0.370861  0.361915  0.842253  0.362249  0.476550  0.369331  0.387622  0.407366  0.470581  0.425230  0.746150  0.365175  0.829656  0.773938  0.899587  0.311499  0.413876  0.528192  0.399121  0.794510  0.421727  0.572745  0.853434  0.622311  0.387880  0.442461 
5  0.341625  0.386017  0.570129  0.131588  0.370861 0.0  0.252885  0.690119  0.362574  0.267251  0.557462  0.271074  0.532121  0.329060  0.236457  0.652359  0.308512  0.630288  0.779862  0.657738  0.631421  0.350794  0.458238  0.191857  0.747644  0.303347  0.700855  0.682466  0.502855  0.250113  0.398252 
6  0.330925  0.410898  0.518723  0.308644  0.361915  0.252885 0.0  0.730443  0.354478  0.375382  0.402925  0.323150  0.433026  0.327462  0.315565  0.804870  0.325405  0.719409  0.771674  0.669951  0.599166  0.320504  0.352868  0.309791  0.705360  0.229793  0.867748  0.767617  0.533858  0.401745  0.502863 
7  0.656242  0.760406  0.570797  0.515956  0.842253  0.690119  0.730443 0.0  0.772759  0.624322  0.591368  0.727932  0.992571  0.678029  0.542017  0.237807  0.670773  0.213033  0.379280  0.218736  0.620620  0.634629  0.738975  0.586525  0.298566  0.644035  0.358284  0.178046  0.468565  0.774611  0.799063 
8  0.079572  0.122717  0.706647  0.279220  0.362249  0.362574  0.354478  0.772759 0.0  0.370488  0.674036  0.231194  0.091125  0.148174  0.358469  0.683908  0.126908  0.697664  0.625773  0.745704  0.603325  0.335032  0.166225  0.331284  0.692336  0.139221  0.896198  0.656683  0.369896  0.280480  0.192921 
9  0.318078  0.355702  0.481518  0.206065  0.476550  0.267251  0.375382  0.624322  0.370488 0.0  0.533588  0.299742  0.353907  0.369062  0.275299  0.759437  0.352177  0.591505  0.767405  0.537013  0.580477  0.250185  0.321247  0.273854  0.811833  0.383290  0.840458  0.752347  0.489735  0.268768  0.228484 
10  0.585213  0.686045  0.340284  0.605086  0.369331  0.557462  0.402925  0.591368  0.674036  0.533588 0.0  0.649688  0.574025  0.732995  0.536276  0.728951  0.659150  0.502044  0.665385  0.592394  0.272420  0.474736  0.718614  0.541148  0.760428  0.524879  0.379126  0.668347  0.678118  0.614580  0.703665 
11  0.143813  0.209864  0.657767  0.392835  0.387622  0.271074  0.323150  0.727932  0.231194  0.299742  0.649688 0.0  0.172040  0.135400  0.230029  0.541908  0.191032  0.825142  0.601133  0.793993  0.584504  0.215584  0.169703  0.330488  0.539388  0.225015  0.904143  0.482770  0.345844  0.129870  0.245398 
12  0.175856  0.121019  0.648367  0.290500  0.407366  0.532121  0.433026  0.992571  0.091125  0.353907  0.574025  0.172040 0.0  0.273223  0.354062  0.453351  0.148580  0.792881  0.564277  0.786769  0.588528  0.328739  0.174033  0.325699  0.641483  0.354074  0.761506  0.532641  0.363990  0.064736  0.097611 
13  0.188032  0.245925  0.727198  0.343494  0.470581  0.329060  0.327462  0.678029  0.148174  0.369062  0.732995  0.135400  0.273223 0.0  0.321951  0.458982  0.215688  0.787481  0.662724  0.665014  0.560416  0.266194  0.153190  0.292078  0.622825  0.334094  0.863637  0.649366  0.318764  0.245815  0.131226 
14  0.290987  0.347991  0.523765  0.183873  0.425230  0.236457  0.315565  0.542017  0.358469  0.275299  0.536276  0.230029  0.354062  0.321951 0.0  0.664506  0.389366  0.657243  0.652363  0.661428  0.722427  0.206622  0.400685  0.168687  0.810140  0.210423  0.725208  0.828400  0.639189  0.318122  0.349412 
15  0.564273  0.662040  0.610653  0.677869  0.746150  0.652359  0.804870  0.237807  0.683908  0.759437  0.728951  0.541908  0.453351  0.458982  0.664506 0.0  0.657235  0.347132  0.231342  0.354095  0.602295  0.587034  0.607258  0.784918  0.202114  0.591927  0.400286  0.222330  0.475434  0.632523  0.725577 
16  0.186053  0.163135  0.608899  0.436538  0.365175  0.308512  0.325405  0.670773  0.126908  0.352177  0.659150  0.191032  0.148580  0.215688  0.389366  0.657235 0.0  0.720998  0.611700  0.651516  0.556458  0.390904  0.171962  0.310835  0.550105  0.325939  0.896815  0.681693  0.392104  0.253094  0.201245 
17  0.709171  0.737548  0.539724  0.617323  0.829656  0.630288  0.719409  0.213033  0.697664  0.591505  0.502044  0.825142  0.792881  0.787481  0.657243  0.347132  0.720998 0.0  0.293755  0.181886  0.774111  0.583325  0.797859  0.559750  0.363777  0.728011  0.381094  0.254263  0.599221  0.825953  0.678496 
18  0.579219  0.634147  0.663367  0.802523  0.773938  0.779862  0.771674  0.379280  0.625773  0.767405  0.665385  0.601133  0.564277  0.662724  0.652363  0.231342  0.611700  0.293755 0.0  0.403063  0.477177  0.606534  0.693390  0.758564  0.152685  0.675371  0.300866  0.233685  0.341801  0.553880  0.511321 
19  0.621077  0.673091  0.546318  0.630420  0.899587  0.657738  0.669951  0.218736  0.745704  0.537013  0.592394  0.793993  0.786769  0.665014  0.661428  0.354095  0.651516  0.181886  0.403063 0.0  0.663705  0.769258  0.710951  0.584741  0.207068  0.608246  0.243633  0.362248  0.542581  0.606850  0.750782 
20  0.488625  0.621521  0.225139  0.642825  0.311499  0.631421  0.599166  0.620620  0.603325  0.580477  0.272420  0.584504  0.588528  0.560416  0.722427  0.602295  0.556458  0.774111  0.477177  0.663705 0.0  0.449015  0.486314  0.653494  0.580768  0.522069  0.214878  0.372825  0.649739  0.601792  0.527412 
21  0.213781  0.258584  0.439607  0.426845  0.413876  0.350794  0.320504  0.634629  0.335032  0.250185  0.474736  0.215584  0.328739  0.266194  0.206622  0.587034  0.390904  0.583325  0.606534  0.769258  0.449015 0.0  0.113123  0.239223  0.674017  0.285557  0.727864  0.676822  0.458529  0.208571  0.238649 
22  0.200387  0.221100  0.656291  0.346843  0.528192  0.458238  0.352868  0.738975  0.166225  0.321247  0.718614  0.169703  0.174033  0.153190  0.400685  0.607258  0.171962  0.797859  0.693390  0.710951  0.486314  0.113123 0.0  0.298300  0.578766  0.265867  0.847134  0.637836  0.418372  0.193818  0.264941 
23  0.378682  0.254156  0.520523  0.269998  0.399121  0.191857  0.309791  0.586525  0.331284  0.273854  0.541148  0.330488  0.325699  0.292078  0.168687  0.784918  0.310835  0.559750  0.758564  0.584741  0.653494  0.239223  0.298300 0.0  0.643371  0.229814  0.776061  0.769075  0.630218  0.363963  0.324036 
24  0.603200  0.593832  0.766315  0.772009  0.794510  0.747644  0.705360  0.298566  0.692336  0.811833  0.760428  0.539388  0.641483  0.622825  0.810140  0.202114  0.550105  0.363777  0.152685  0.207068  0.580768  0.674017  0.578766  0.643371 0.0  0.640272  0.479871  0.232249  0.478896  0.553794  0.686561 
25  0.279233  0.318232  0.477556  0.261172  0.421727  0.303347  0.229793  0.644035  0.139221  0.383290  0.524879  0.225015  0.354074  0.334094  0.210423  0.591927  0.325939  0.728011  0.675371  0.608246  0.522069  0.285557  0.265867  0.229814  0.640272 0.0  0.695014  0.701967  0.506295  0.131558  0.321662 
26  0.839550  0.759028  0.400817  0.780474  0.572745  0.700855  0.867748  0.358284  0.896198  0.840458  0.379126  0.904143  0.761506  0.863637  0.725208  0.400286  0.896815  0.381094  0.300866  0.243633  0.214878  0.727864  0.847134  0.776061  0.479871  0.695014 0.0  0.501548  0.584090  0.875752  1.000000 
27  0.647665  0.520487  0.774149  0.610902  0.853434  0.682466  0.767617  0.178046  0.656683  0.752347  0.668347  0.482770  0.532641  0.649366  0.828400  0.222330  0.681693  0.254263  0.233685  0.362248  0.372825  0.676822  0.637836  0.769075  0.232249  0.701967  0.501548 0.0  0.454454  0.547787  0.599474 
28  0.318309  0.298543  0.670838  0.583083  0.622311  0.502855  0.533858  0.468565  0.369896  0.489735  0.678118  0.345844  0.363990  0.318764  0.639189  0.475434  0.392104  0.599221  0.341801  0.542581  0.649739  0.458529  0.418372  0.630218  0.478896  0.506295  0.584090  0.454454 0.0  0.382574  0.432304 
29  0.260114  0.169421  0.719378  0.312000  0.387880  0.250113  0.401745  0.774611  0.280480  0.268768  0.614580  0.129870  0.064736  0.245815  0.318122  0.632523  0.253094  0.825953  0.553880  0.606850  0.601792  0.208571  0.193818  0.363963  0.553794  0.131558  0.875752  0.547787  0.382574 0.0  0.157552 
30  0.069177  0.186791  0.567677  0.344435  0.442461  0.398252  0.502863  0.799063  0.192921  0.228484  0.703665  0.245398  0.097611  0.131226  0.349412  0.725577  0.201245  0.678496  0.511321  0.750782  0.527412  0.238649  0.264941  0.324036  0.686561  0.321662  1.000000  0.599474  0.432304  0.157552 0.0 
