31
0 0.0  0.783966  0.648907  0.575755  0.620121  0.811979  0.646415  0.620869  0.645346  0.682658  0.749696  0.651600  0.592136  0.802338  0.621249  0.376548  0.741677  0.583129  0.562988  0.606523  0.771114  0.502649  0.677730  0.787400  0.729660  0.659404  0.627884  0.715193  0.577622  0.690657  0.623758 
1  0.783966 0.0  0.734239  0.257210  0.815787  0.389917  0.132331  0.628156  0.260824  0.757428  0.479506  0.162720  0.303684  0.982980  0.200616  0.758365  0.371287  0.684321  0.339786  0.668188  0.757405  0.656838  0.267585  0.365514  0.308470  0.271054  0.239751  0.319048  0.757744  0.307067  0.541209 
2  0.648907  0.734239 0.0  0.796149  0.182800  0.836108  0.705810  0.289366  0.629399  0.256448  0.887070  0.640358  0.865971  0.424588  0.715358  0.706449  0.859291  0.283856  0.880170  0.228232  0.386684  0.268212  0.699471  0.847677  0.716611  0.735667  0.786640  0.883141  0.227853  0.824579  0.571172 
3  0.575755  0.257210  0.796149 0.0  0.741885  0.348138  0.246184  0.740446  0.183639  0.774759  0.445553  0.188228  0.362186  0.879437  0.277943  0.832920  0.419780  0.667196  0.317760  0.742580  0.819003  0.726175  0.247963  0.372563  0.187591  0.283088  0.144285  0.327684  0.769144  0.252209  0.603382 
4  0.620121  0.815787  0.182800  0.741885 0.0  0.878531  0.851053  0.346469  0.794037  0.253665  0.837959  0.695439  0.697016  0.462974  0.751716  0.858605  0.913617  0.144186  0.745377  0.221449  0.353833  0.181237  0.759494  0.923809  0.690511  0.757422  0.740057  0.861662  0.276027  0.755906  0.567130 
5  0.811979  0.389917  0.836108  0.348138  0.878531 0.0  0.404944  1.000000  0.354334  0.858483  0.173647  0.349969  0.443800  0.809546  0.398589  0.633890  0.298223  0.879398  0.196662  0.915622  0.735070  0.918592  0.432584  0.297133  0.319319  0.320418  0.440742  0.426192  0.842313  0.513396  0.463845 
6  0.646415  0.132331  0.705810  0.246184  0.851053  0.404944 0.0  0.774551  0.166714  0.771367  0.327954  0.201770  0.197921  0.896697  0.229495  0.728611  0.338235  0.720659  0.324707  0.726353  0.830252  0.734648  0.185994  0.426363  0.163162  0.207337  0.190778  0.408792  0.769419  0.165491  0.556647 
7  0.620869  0.628156  0.289366  0.740446  0.346469  1.000000  0.774551 0.0  0.685405  0.297069  0.801780  0.761379  0.751742  0.344774  0.746635  0.804863  0.837208  0.295610  0.711406  0.210457  0.349277  0.208461  0.766112  0.788666  0.707892  0.754073  0.716891  0.923820  0.172319  0.743847  0.568284 
8  0.645346  0.260824  0.629399  0.183639  0.794037  0.354334  0.166714  0.685405 0.0  0.722076  0.387487  0.311189  0.275751  0.889735  0.089242  0.714297  0.452915  0.671775  0.413479  0.703656  0.815858  0.757829  0.230742  0.519755  0.232321  0.219115  0.230416  0.547227  0.760532  0.319211  0.556047 
9  0.682658  0.757428  0.256448  0.774759  0.253665  0.858483  0.771367  0.297069  0.722076 0.0  0.866261  0.666779  0.658417  0.355751  0.749135  0.739603  0.897922  0.179048  0.800805  0.318571  0.256646  0.164453  0.728216  0.933635  0.803000  0.814698  0.815084  0.751971  0.224489  0.711972  0.502825 
10  0.749696  0.479506  0.887070  0.445553  0.837959  0.173647  0.327954  0.801780  0.387487  0.866261 0.0  0.501905  0.418706  0.719290  0.334560  0.695353  0.145392  0.880298  0.316970  0.822405  0.648603  0.872859  0.392184  0.333326  0.332222  0.364951  0.455879  0.369072  0.810590  0.494104  0.523025 
11  0.651600  0.162720  0.640358  0.188228  0.695439  0.349969  0.201770  0.761379  0.311189  0.666779  0.501905 0.0  0.245805  0.798381  0.160833  0.714557  0.403574  0.753330  0.268065  0.711528  0.871153  0.792223  0.204791  0.486156  0.309310  0.351858  0.132004  0.423043  0.795900  0.256084  0.546893 
12  0.592136  0.303684  0.865971  0.362186  0.697016  0.443800  0.197921  0.751742  0.275751  0.658417  0.418706  0.245805 0.0  0.871820  0.141681  0.744270  0.331612  0.685505  0.266083  0.739583  0.959425  0.741945  0.231423  0.443844  0.215750  0.118571  0.285222  0.447508  0.677755  0.289289  0.569218 
13  0.802338  0.982980  0.424588  0.879437  0.462974  0.809546  0.896697  0.344774  0.889735  0.355751  0.719290  0.798381  0.871820 0.0  0.815266  0.742846  0.684166  0.289677  0.863822  0.441020  0.196219  0.357682  0.863970  0.695079  0.907763  0.874017  0.926535  0.848394  0.364297  0.928150  0.542941 
14  0.621249  0.200616  0.715358  0.277943  0.751716  0.398589  0.229495  0.746635  0.089242  0.749135  0.334560  0.160833  0.141681  0.815266 0.0  0.833047  0.356774  0.783838  0.272113  0.698132  0.920878  0.705959  0.257988  0.270885  0.185883  0.317484  0.247420  0.408140  0.754641  0.197606  0.542929 
15  0.376548  0.758365  0.706449  0.832920  0.858605  0.633890  0.728611  0.804863  0.714297  0.739603  0.695353  0.714557  0.744270  0.742846  0.833047 0.0  0.675623  0.868876  0.537323  0.838015  0.674532  0.723628  0.791408  0.665457  0.814311  0.719586  0.794810  0.585646  0.749150  0.819024  0.531359 
16  0.741677  0.371287  0.859291  0.419780  0.913617  0.298223  0.338235  0.837208  0.452915  0.897922  0.145392  0.403574  0.331612  0.684166  0.356774  0.675623 0.0  0.899198  0.329705  0.885957  0.709131  0.886533  0.384632  0.289343  0.392614  0.312948  0.424353  0.373015  0.817617  0.273206  0.573781 
17  0.583129  0.684321  0.283856  0.667196  0.144186  0.879398  0.720659  0.295610  0.671775  0.179048  0.880298  0.753330  0.685505  0.289677  0.783838  0.868876  0.899198 0.0  0.792738  0.207142  0.444714  0.230110  0.793398  0.812392  0.703295  0.709769  0.735683  0.882255  0.199119  0.736268  0.558457 
18  0.562988  0.339786  0.880170  0.317760  0.745377  0.196662  0.324707  0.711406  0.413479  0.800805  0.316970  0.268065  0.266083  0.863822  0.272113  0.537323  0.329705  0.792738 0.0  0.661651  0.741859  0.818178  0.316605  0.298907  0.307718  0.289738  0.292064  0.391296  0.722777  0.238545  0.562149 
19  0.606523  0.668188  0.228232  0.742580  0.221449  0.915622  0.726353  0.210457  0.703656  0.318571  0.822405  0.711528  0.739583  0.441020  0.698132  0.838015  0.885957  0.207142  0.661651 0.0  0.366172  0.229104  0.708589  0.937487  0.690690  0.829564  0.761042  0.855926  0.185899  0.771051  0.597820 
20  0.771114  0.757405  0.386684  0.819003  0.353833  0.735070  0.830252  0.349277  0.815858  0.256646  0.648603  0.871153  0.959425  0.196219  0.920878  0.674532  0.709131  0.444714  0.741859  0.366172 0.0  0.432358  0.924364  0.625317  0.896297  0.816392  0.807618  0.827039  0.398671  0.825540  0.568444 
21  0.502649  0.656838  0.268212  0.726175  0.181237  0.918592  0.734648  0.208461  0.757829  0.164453  0.872859  0.792223  0.741945  0.357682  0.705959  0.723628  0.886533  0.230110  0.818178  0.229104  0.432358 0.0  0.681536  0.834191  0.800062  0.678620  0.693427  0.898931  0.160798  0.691258  0.598498 
22  0.677730  0.267585  0.699471  0.247963  0.759494  0.432584  0.185994  0.766112  0.230742  0.728216  0.392184  0.204791  0.231423  0.863970  0.257988  0.791408  0.384632  0.793398  0.316605  0.708589  0.924364  0.681536 0.0  0.437722  0.280748  0.175028  0.228760  0.460038  0.651713  0.111408  0.715079 
23  0.787400  0.365514  0.847677  0.372563  0.923809  0.297133  0.426363  0.788666  0.519755  0.933635  0.333326  0.486156  0.443844  0.695079  0.270885  0.665457  0.289343  0.812392  0.298907  0.937487  0.625317  0.834191  0.437722 0.0  0.336143  0.437065  0.409366  0.404858  0.992218  0.474192  0.589218 
24  0.729660  0.308470  0.716611  0.187591  0.690511  0.319319  0.163162  0.707892  0.232321  0.803000  0.332222  0.309310  0.215750  0.907763  0.185883  0.814311  0.392614  0.703295  0.307718  0.690690  0.896297  0.800062  0.280748  0.336143 0.0  0.228719  0.198791  0.321993  0.785725  0.197308  0.653885 
25  0.659404  0.271054  0.735667  0.283088  0.757422  0.320418  0.207337  0.754073  0.219115  0.814698  0.364951  0.351858  0.118571  0.874017  0.317484  0.719586  0.312948  0.709769  0.289738  0.829564  0.816392  0.678620  0.175028  0.437065  0.228719 0.0  0.241163  0.392642  0.730281  0.249566  0.568084 
26  0.627884  0.239751  0.786640  0.144285  0.740057  0.440742  0.190778  0.716891  0.230416  0.815084  0.455879  0.132004  0.285222  0.926535  0.247420  0.794810  0.424353  0.735683  0.292064  0.761042  0.807618  0.693427  0.228760  0.409366  0.198791  0.241163 0.0  0.449620  0.804099  0.248304  0.579636 
27  0.715193  0.319048  0.883141  0.327684  0.861662  0.426192  0.408792  0.923820  0.547227  0.751971  0.369072  0.423043  0.447508  0.848394  0.408140  0.585646  0.373015  0.882255  0.391296  0.855926  0.827039  0.898931  0.460038  0.404858  0.321993  0.392642  0.449620 0.0  0.936553  0.396846  0.471462 
28  0.577622  0.757744  0.227853  0.769144  0.276027  0.842313  0.769419  0.172319  0.760532  0.224489  0.810590  0.795900  0.677755  0.364297  0.754641  0.749150  0.817617  0.199119  0.722777  0.185899  0.398671  0.160798  0.651713  0.992218  0.785725  0.730281  0.804099  0.936553 0.0  0.740382  0.513375 
29  0.690657  0.307067  0.824579  0.252209  0.755906  0.513396  0.165491  0.743847  0.319211  0.711972  0.494104  0.256084  0.289289  0.928150  0.197606  0.819024  0.273206  0.736268  0.238545  0.771051  0.825540  0.691258  0.111408  0.474192  0.197308  0.249566  0.248304  0.396846  0.740382 0.0  0.584949 
30  0.623758  0.541209  0.571172  0.603382  0.567130  0.463845  0.556647  0.568284  0.556047  0.502825  0.523025  0.546893  0.569218  0.542941  0.542929  0.531359  0.573781  0.558457  0.562149  0.597820  0.568444  0.598498  0.715079  0.589218  0.653885  0.568084  0.579636  0.471462  0.513375  0.584949 0.0 
