30
0 0.0  0.706796  0.863702  0.799463  0.727834  0.701553  0.719054  0.572597  0.813009  0.813064  0.782683  0.526224  0.752591  0.540794  0.629981  0.735608  0.594670  0.710151  0.763051  0.632564  0.633894  0.814372  0.649813  0.682397  0.374585  0.713498  0.725436  0.670899  0.665666  0.547092 
1  0.706796 0.0  0.775039  0.620936  0.346003  0.376103  0.532081  0.576019  0.548135  0.357706  0.744588  0.550200  0.455501  0.729592  0.760161  0.784672  0.545618  0.558245  0.604526  0.559636  0.648099  0.431961  0.559314  0.740771  0.901219  0.782520  0.521029  0.862221  0.611013  0.474973 
2  0.863702  0.775039 0.0  0.846223  0.833809  0.835184  0.816983  0.813585  0.798907  0.770640  0.592100  0.718131  0.770692  0.927779  0.859371  0.501809  0.767010  0.910423  0.758315  0.803079  0.620715  0.836638  0.757853  0.756263  0.780546  0.504404  0.916586  0.550255  0.698785  0.695383 
3  0.799463  0.620936  0.846223 0.0  0.593201  0.576992  0.657423  0.513016  0.542212  0.585618  0.751090  0.711679  0.569093  0.668172  0.777200  0.753046  0.592291  0.295675  0.688371  0.482477  0.692590  0.658076  0.749055  0.589555  0.838474  0.758846  0.485729  0.778166  0.559269  0.637867 
4  0.727834  0.346003  0.833809  0.593201 0.0  0.526086  0.629565  0.520170  0.616399  0.541717  0.836766  0.586077  0.657510  0.697980  0.775597  0.890814  0.590679  0.706914  0.705805  0.720933  0.738911  0.403025  0.546345  0.711511  0.786083  0.839045  0.626460  0.680952  0.736233  0.665380 
5  0.701553  0.376103  0.835184  0.576992  0.526086 0.0  0.424257  0.650413  0.358623  0.361016  0.898996  0.581877  0.507455  0.730290  0.716843  0.764702  0.567273  0.634559  0.508289  0.632253  0.778685  0.314234  0.569076  0.756187  0.750997  0.832886  0.644525  0.907528  0.529857  0.404000 
6  0.719054  0.532081  0.816983  0.657423  0.629565  0.424257 0.0  0.543225  0.486179  0.310292  0.816468  0.612705  0.408303  0.716648  0.657708  0.739194  0.581522  0.729834  0.477578  0.648680  0.765194  0.420255  0.638161  0.630630  0.881723  0.852975  0.634331  0.914835  0.514913  0.385189 
7  0.572597  0.576019  0.813585  0.513016  0.520170  0.650413  0.543225 0.0  0.503465  0.725055  0.804986  0.726198  0.590707  0.596114  0.623266  0.796844  0.706370  0.543791  0.489417  0.450952  0.610460  0.712946  0.459102  0.534843  0.538718  0.759531  0.575301  0.635960  0.613372  0.627188 
8  0.813009  0.548135  0.798907  0.542212  0.616399  0.358623  0.486179  0.503465 0.0  0.571337  0.720038  0.587943  0.413788  0.704534  0.690923  0.849423  0.648395  0.567324  0.579340  0.541425  0.777400  0.580141  0.595991  0.577281  0.822136  0.784997  0.360589  0.763568  0.360015  0.535154 
9  0.813064  0.357706  0.770640  0.585618  0.541717  0.361016  0.310292  0.725055  0.571337 0.0  0.832693  0.689480  0.554278  0.819583  0.817230  0.895292  0.622933  0.509333  0.578082  0.633363  0.845156  0.404271  0.466238  0.661613  0.826183  0.702378  0.721068  0.799282  0.539863  0.294088 
10  0.782683  0.744588  0.592100  0.751090  0.836766  0.898996  0.816468  0.804986  0.720038  0.832693 0.0  0.594286  0.799714  0.731202  0.748203  0.614905  0.698575  0.799150  1.000000  0.801508  0.697224  0.875836  0.658263  0.759993  0.763477  0.751352  0.754368  0.732759  0.817162  0.779523 
11  0.526224  0.550200  0.718131  0.711679  0.586077  0.581877  0.612705  0.726198  0.587943  0.689480  0.594286 0.0  0.570779  0.739500  0.615779  0.731702  0.557123  0.687614  0.536353  0.578968  0.561743  0.647507  0.591345  0.706796  0.695283  0.662045  0.656145  0.609423  0.541130  0.566108 
12  0.752591  0.455501  0.770692  0.569093  0.657510  0.507455  0.408303  0.590707  0.413788  0.554278  0.799714  0.570779 0.0  0.774823  0.760690  0.836840  0.619433  0.526624  0.548568  0.676191  0.687022  0.415434  0.697906  0.635124  0.711828  0.817121  0.574176  0.769746  0.467123  0.503570 
13  0.540794  0.729592  0.927779  0.668172  0.697980  0.730290  0.716648  0.596114  0.704534  0.819583  0.731202  0.739500  0.774823 0.0  0.627430  0.793705  0.619589  0.636909  0.575106  0.683793  0.665859  0.761022  0.481333  0.614438  0.364872  0.670539  0.704543  0.704214  0.799582  0.753866 
14  0.629981  0.760161  0.859371  0.777200  0.775597  0.716843  0.657708  0.623266  0.690923  0.817230  0.748203  0.615779  0.760690  0.627430 0.0  0.658712  0.605342  0.670298  0.650994  0.689342  0.544861  0.739123  0.594216  0.364337  0.677156  0.591973  0.690870  0.672432  0.716429  0.558186 
15  0.735608  0.784672  0.501809  0.753046  0.890814  0.764702  0.739194  0.796844  0.849423  0.895292  0.614905  0.731702  0.836840  0.793705  0.658712 0.0  0.644504  0.757139  0.781473  0.734514  0.503253  0.952496  0.745341  0.753772  0.791373  0.483920  0.791178  0.506281  0.833925  0.895744 
16  0.594670  0.545618  0.767010  0.592291  0.590679  0.567273  0.581522  0.706370  0.648395  0.622933  0.698575  0.557123  0.619433  0.619589  0.605342  0.644504 0.0  0.527674  0.649627  0.547578  0.491291  0.574923  0.623013  0.558596  0.733036  0.531889  0.594700  0.570119  0.671830  0.611056 
17  0.710151  0.558245  0.910423  0.295675  0.706914  0.634559  0.729834  0.543791  0.567324  0.509333  0.799150  0.687614  0.526624  0.636909  0.670298  0.757139  0.527674 0.0  0.736475  0.408274  0.648510  0.637677  0.472747  0.699824  0.781015  0.813873  0.490246  0.714900  0.489946  0.693694 
18  0.763051  0.604526  0.758315  0.688371  0.705805  0.508289  0.477578  0.489417  0.579340  0.578082  1.000000  0.536353  0.548568  0.575106  0.650994  0.781473  0.649627  0.736475 0.0  0.459321  0.551269  0.584477  0.608027  0.651487  0.610948  0.814915  0.764167  0.834430  0.778637  0.541930 
19  0.632564  0.559636  0.803079  0.482477  0.720933  0.632253  0.648680  0.450952  0.541425  0.633363  0.801508  0.578968  0.676191  0.683793  0.689342  0.734514  0.547578  0.408274  0.459321 0.0  0.617713  0.645182  0.622942  0.696450  0.715023  0.669251  0.448019  0.721001  0.620336  0.537522 
20  0.633894  0.648099  0.620715  0.692590  0.738911  0.778685  0.765194  0.610460  0.777400  0.845156  0.697224  0.561743  0.687022  0.665859  0.544861  0.503253  0.491291  0.648510  0.551269  0.617713 0.0  0.722226  0.686929  0.690820  0.657497  0.368584  0.654811  0.288538  0.766441  0.732928 
21  0.814372  0.431961  0.836638  0.658076  0.403025  0.314234  0.420255  0.712946  0.580141  0.404271  0.875836  0.647507  0.415434  0.761022  0.739123  0.952496  0.574923  0.637677  0.584477  0.645182  0.722226 0.0  0.733170  0.698790  0.843115  0.776512  0.538854  0.862754  0.640996  0.534910 
22  0.649813  0.559314  0.757853  0.749055  0.546345  0.569076  0.638161  0.459102  0.595991  0.466238  0.658263  0.591345  0.697906  0.481333  0.594216  0.745341  0.623013  0.472747  0.608027  0.622942  0.686929  0.733170 0.0  0.545516  0.746008  0.619641  0.581553  0.762619  0.689768  0.628570 
23  0.682397  0.740771  0.756263  0.589555  0.711511  0.756187  0.630630  0.534843  0.577281  0.661613  0.759993  0.706796  0.635124  0.614438  0.364337  0.753772  0.558596  0.699824  0.651487  0.696450  0.690820  0.698790  0.545516 0.0  0.728633  0.661816  0.613564  0.667245  0.630257  0.548300 
24  0.374585  0.901219  0.780546  0.838474  0.786083  0.750997  0.881723  0.538718  0.822136  0.826183  0.763477  0.695283  0.711828  0.364872  0.677156  0.791373  0.733036  0.781015  0.610948  0.715023  0.657497  0.843115  0.746008  0.728633 0.0  0.811560  0.811624  0.861540  0.785094  0.881564 
25  0.713498  0.782520  0.504404  0.758846  0.839045  0.832886  0.852975  0.759531  0.784997  0.702378  0.751352  0.662045  0.817121  0.670539  0.591973  0.483920  0.531889  0.813873  0.814915  0.669251  0.368584  0.776512  0.619641  0.661816  0.811560 0.0  0.713892  0.507990  0.900043  0.750819 
26  0.725436  0.521029  0.916586  0.485729  0.626460  0.644525  0.634331  0.575301  0.360589  0.721068  0.754368  0.656145  0.574176  0.704543  0.690870  0.791178  0.594700  0.490246  0.764167  0.448019  0.654811  0.538854  0.581553  0.613564  0.811624  0.713892 0.0  0.820766  0.370958  0.603585 
27  0.670899  0.862221  0.550255  0.778166  0.680952  0.907528  0.914835  0.635960  0.763568  0.799282  0.732759  0.609423  0.769746  0.704214  0.672432  0.506281  0.570119  0.714900  0.834430  0.721001  0.288538  0.862754  0.762619  0.667245  0.861540  0.507990  0.820766 0.0  0.869927  0.836766 
28  0.665666  0.611013  0.698785  0.559269  0.736233  0.529857  0.514913  0.613372  0.360015  0.539863  0.817162  0.541130  0.467123  0.799582  0.716429  0.833925  0.671830  0.489946  0.778637  0.620336  0.766441  0.640996  0.689768  0.630257  0.785094  0.900043  0.370958  0.869927 0.0  0.516189 
29  0.547092  0.474973  0.695383  0.637867  0.665380  0.404000  0.385189  0.627188  0.535154  0.294088  0.779523  0.566108  0.503570  0.753866  0.558186  0.895744  0.611056  0.693694  0.541930  0.537522  0.732928  0.534910  0.628570  0.548300  0.881564  0.750819  0.603585  0.836766  0.516189 0.0 
