30
0 0.0  0.530899  0.708082  0.577126  0.756275  0.725874  0.738272  0.564246  0.612108  0.864150  0.479801  0.645264  0.626069  0.551995  0.637618  0.744103  0.592381  0.765807  0.595942  0.562152  0.696268  0.754516  0.587985  0.517942  0.819152  0.600798  0.768440  0.708546  0.608081  0.679327 
1  0.530899 0.0  0.671041  0.678713  0.766670  0.550526  0.805760  0.490016  0.643343  0.835059  0.652445  0.539610  0.560196  0.631594  0.419743  0.526074  0.668051  0.813048  0.812283  0.703461  0.726304  0.655968  0.554235  0.502681  0.758728  0.785380  0.774442  0.794255  0.547075  0.732078 
2  0.708082  0.671041 0.0  0.772926  0.384409  0.680680  0.758444  0.720676  0.775910  0.898758  0.607399  0.708724  0.772655  0.754841  0.794685  0.901857  0.650581  0.874612  0.701978  0.919822  0.678954  0.725614  0.771087  0.714968  0.717274  0.791359  0.687707  0.554398  0.847011  0.678324 
3  0.577126  0.678713  0.772926 0.0  0.898528  0.657322  0.790408  0.645724  0.555097  0.887581  0.552715  0.566886  0.563919  0.479361  0.450830  0.650707  0.764723  0.857392  0.794733  0.482006  0.805828  0.775712  0.278671  0.652128  0.834631  0.494772  0.854343  0.830689  0.410186  0.744044 
4  0.756275  0.766670  0.384409  0.898528 0.0  0.848816  0.759461  0.847952  0.794408  0.898722  0.643900  0.862335  0.851420  0.894089  0.843585  0.925380  0.743344  0.806251  0.888837  0.887921  0.775445  0.928491  0.844548  0.850491  0.629715  0.853236  0.877758  0.674365  0.892454  0.867999 
5  0.725874  0.550526  0.680680  0.657322  0.848816 0.0  0.786125  0.575468  0.683703  0.909421  0.616617  0.487541  0.421458  0.648006  0.607027  0.558312  0.463516  0.681558  0.647230  0.640030  0.819122  0.800660  0.576351  0.501545  0.733686  0.695499  0.703011  0.783013  0.579245  0.746000 
6  0.738272  0.805760  0.758444  0.790408  0.759461  0.786125 0.0  0.880864  0.810809  0.553621  0.436338  0.807265  0.762156  0.730320  0.780740  0.687827  0.569325  0.873571  0.251706  0.862225  0.690975  0.768871  0.893555  0.876313  0.508801  0.955490  0.688419  0.373512  0.865006  0.568492 
7  0.564246  0.490016  0.720676  0.645724  0.847952  0.575468  0.880864 0.0  0.628261  0.965037  0.707704  0.266441  0.610626  0.577947  0.599633  0.432163  0.684033  0.775526  0.834082  0.636635  0.654639  0.626120  0.588767  0.514277  0.860240  0.659099  0.642172  0.849056  0.503051  0.738259 
8  0.612108  0.643343  0.775910  0.555097  0.794408  0.683703  0.810809  0.628261 0.0  0.912174  0.672382  0.622769  0.628277  0.295093  0.566016  0.698305  0.629273  0.833066  0.910809  0.480819  0.703667  0.746496  0.594492  0.609936  0.835984  0.487884  0.759444  0.867501  0.273452  0.739492 
9  0.864150  0.835059  0.898758  0.887581  0.898722  0.909421  0.553621  0.965037  0.912174 0.0  0.843461  0.891846  0.828357  0.892093  0.971386  0.848266  0.693160  0.860901  0.497185  0.914881  0.949122  0.931152  0.959509  0.917303  0.383592  0.754474  0.664403  0.597449  0.822480  0.851296 
10  0.479801  0.652445  0.607399  0.552715  0.643900  0.616617  0.436338  0.707704  0.672382  0.843461 0.0  0.748671  0.632939  0.552600  0.612915  0.759852  0.661410  0.880701  0.676735  0.682069  0.711388  0.730096  0.625655  0.731305  0.647198  0.676686  0.720488  0.707696  0.699789  0.661556 
11  0.645264  0.539610  0.708724  0.566886  0.862335  0.487541  0.807265  0.266441  0.622769  0.891846  0.748671 0.0  0.567960  0.594228  0.632357  0.301464  0.648640  0.833399  0.666915  0.571383  0.667997  0.748037  0.630854  0.360223  0.841206  0.574632  0.608698  0.825049  0.556417  0.769104 
12  0.626069  0.560196  0.772655  0.563919  0.851420  0.421458  0.762156  0.610626  0.628277  0.828357  0.632939  0.567960 0.0  0.718695  0.757346  0.561816  0.567781  0.691381  0.734095  0.731824  0.815548  0.734545  0.597222  0.496116  0.698358  0.769099  0.834850  0.727913  0.679278  0.613071 
13  0.551995  0.631594  0.754841  0.479361  0.894089  0.648006  0.730320  0.577947  0.295093  0.892093  0.552600  0.594228  0.718695 0.0  0.397205  0.622402  0.745362  0.963031  0.805963  0.495624  0.701779  0.724156  0.561481  0.479976  0.890242  0.498308  0.687290  0.847987  0.227284  0.785217 
14  0.637618  0.419743  0.794685  0.450830  0.843585  0.607027  0.780740  0.599633  0.566016  0.971386  0.612915  0.632357  0.757346  0.397205 0.0  0.585519  0.614595  0.739866  0.787864  0.531341  0.820563  0.615067  0.472990  0.494897  0.765337  0.538751  0.687315  0.846415  0.321116  0.748206 
15  0.744103  0.526074  0.901857  0.650707  0.925380  0.558312  0.687827  0.432163  0.698305  0.848266  0.759852  0.301464  0.561816  0.622402  0.585519 0.0  0.592211  0.677158  0.735368  0.656514  0.810082  0.765881  0.630324  0.423482  0.818725  0.626870  0.743376  0.785063  0.584018  0.701009 
16  0.592381  0.668051  0.650581  0.764723  0.743344  0.463516  0.569325  0.684033  0.629273  0.693160  0.661410  0.648640  0.567781  0.745362  0.614595  0.592211 0.0  0.662517  0.688692  0.646598  0.844238  0.688514  0.749824  0.519789  0.612927  0.617405  0.666991  0.535850  0.734672  0.752577 
17  0.765807  0.813048  0.874612  0.857392  0.806251  0.681558  0.873571  0.775526  0.833066  0.860901  0.880701  0.833399  0.691381  0.963031  0.739866  0.677158  0.662517 0.0  0.896975  0.779248  1.000000  0.925379  0.765307  0.864142  0.815766  0.920646  0.936589  0.897181  0.868046  0.806297 
18  0.595942  0.812283  0.701978  0.794733  0.888837  0.647230  0.251706  0.834082  0.910809  0.497185  0.676735  0.666915  0.734095  0.805963  0.787864  0.735368  0.688692  0.896975 0.0  0.861225  0.836767  0.735454  0.818867  0.808740  0.447660  0.866571  0.630420  0.356584  0.830177  0.677943 
19  0.562152  0.703461  0.919822  0.482006  0.887921  0.640030  0.862225  0.636635  0.480819  0.914881  0.682069  0.571383  0.731824  0.495624  0.531341  0.656514  0.646598  0.779248  0.861225 0.0  0.810432  0.728579  0.461699  0.557341  0.960521  0.367246  0.710879  0.854883  0.505699  0.644221 
20  0.696268  0.726304  0.678954  0.805828  0.775445  0.819122  0.690975  0.654639  0.703667  0.949122  0.711388  0.667997  0.815548  0.701779  0.820563  0.810082  0.844238  1.000000  0.836767  0.810432 0.0  0.353237  0.815729  0.810452  0.850336  0.761683  0.656294  0.725423  0.723590  0.738900 
21  0.754516  0.655968  0.725614  0.775712  0.928491  0.800660  0.768871  0.626120  0.746496  0.931152  0.730096  0.748037  0.734545  0.724156  0.615067  0.765881  0.688514  0.925379  0.735454  0.728579  0.353237 0.0  0.852318  0.637772  0.863191  0.749310  0.542997  0.738796  0.736319  0.753020 
22  0.587985  0.554235  0.771087  0.278671  0.844548  0.576351  0.893555  0.588767  0.594492  0.959509  0.625655  0.630854  0.597222  0.561481  0.472990  0.630324  0.749824  0.765307  0.818867  0.461699  0.815729  0.852318 0.0  0.612289  0.860446  0.351857  0.789803  0.842825  0.409251  0.762935 
23  0.517942  0.502681  0.714968  0.652128  0.850491  0.501545  0.876313  0.514277  0.609936  0.917303  0.731305  0.360223  0.496116  0.479976  0.494897  0.423482  0.519789  0.864142  0.808740  0.557341  0.810452  0.637772  0.612289 0.0  0.838914  0.635305  0.755425  0.717682  0.607648  0.760409 
24  0.819152  0.758728  0.717274  0.834631  0.629715  0.733686  0.508801  0.860240  0.835984  0.383592  0.647198  0.841206  0.698358  0.890242  0.765337  0.818725  0.612927  0.815766  0.447660  0.960521  0.850336  0.863191  0.860446  0.838914 0.0  0.939145  0.694578  0.399927  0.924701  0.636104 
25  0.600798  0.785380  0.791359  0.494772  0.853236  0.695499  0.955490  0.659099  0.487884  0.754474  0.676686  0.574632  0.769099  0.498308  0.538751  0.626870  0.617405  0.920646  0.866571  0.367246  0.761683  0.749310  0.351857  0.635305  0.939145 0.0  0.793792  0.844004  0.543540  0.764508 
26  0.768440  0.774442  0.687707  0.854343  0.877758  0.703011  0.688419  0.642172  0.759444  0.664403  0.720488  0.608698  0.834850  0.687290  0.687315  0.743376  0.666991  0.936589  0.630420  0.710879  0.656294  0.542997  0.789803  0.755425  0.694578  0.793792 0.0  0.690180  0.707099  0.776525 
27  0.708546  0.794255  0.554398  0.830689  0.674365  0.783013  0.373512  0.849056  0.867501  0.597449  0.707696  0.825049  0.727913  0.847987  0.846415  0.785063  0.535850  0.897181  0.356584  0.854883  0.725423  0.738796  0.842825  0.717682  0.399927  0.844004  0.690180 0.0  0.879662  0.576130 
28  0.608081  0.547075  0.847011  0.410186  0.892454  0.579245  0.865006  0.503051  0.273452  0.822480  0.699789  0.556417  0.679278  0.227284  0.321116  0.584018  0.734672  0.868046  0.830177  0.505699  0.723590  0.736319  0.409251  0.607648  0.924701  0.543540  0.707099  0.879662 0.0  0.775179 
29  0.679327  0.732078  0.678324  0.744044  0.867999  0.746000  0.568492  0.738259  0.739492  0.851296  0.661556  0.769104  0.613071  0.785217  0.748206  0.701009  0.752577  0.806297  0.677943  0.644221  0.738900  0.753020  0.762935  0.760409  0.636104  0.764508  0.776525  0.576130  0.775179 0.0 
