30
0 0.0  0.574938  0.602514  0.601819  0.476913  0.428244  0.826857  0.839993  0.292873  0.759818  0.725551  0.791043  0.559025  0.669652  0.664312  0.501814  0.756589  0.451248  0.461145  0.760148  0.572069  0.609059  0.474960  0.284274  0.380073  0.572569  0.750597  0.558547  0.723006  0.522213 
1  0.574938 0.0  0.697310  0.592170  0.652260  0.576491  0.741301  0.554483  0.612032  0.528452  0.719706  0.639290  0.619996  0.513320  0.591354  0.603578  0.603903  0.602463  0.591632  0.610589  0.655544  0.571218  0.500368  0.658017  0.643326  0.579628  0.790764  0.604929  0.614055  0.550702 
2  0.602514  0.697310 0.0  0.629549  0.638846  0.722972  0.798584  0.897160  0.571705  0.670089  0.736974  0.732631  0.563812  0.739026  0.402967  0.458601  0.768292  0.549517  0.618524  0.834342  0.630433  0.429209  0.576965  0.680093  0.611977  0.417767  0.709611  0.611228  0.679239  0.687020 
3  0.601819  0.592170  0.629549 0.0  0.731807  0.678322  0.802953  0.728023  0.594849  0.778659  0.831070  0.821398  0.671693  0.781447  0.655103  0.505817  0.829215  0.623122  0.708186  0.632361  0.689218  0.612101  0.633057  0.661242  0.630895  0.780795  0.868880  0.660892  0.243192  0.734760 
4  0.476913  0.652260  0.638846  0.731807 0.0  0.533376  0.863571  0.850571  0.462427  0.681099  0.727467  0.738811  0.540447  0.701828  0.508432  0.580343  0.793167  0.500007  0.437919  0.706610  0.659078  0.544414  0.482844  0.631915  0.339238  0.607086  0.788400  0.309383  0.716033  0.653494 
5  0.428244  0.576491  0.722972  0.678322  0.533376 0.0  0.768816  0.711733  0.524368  0.666698  0.780862  0.618544  0.570879  0.683766  0.613946  0.488049  0.760643  0.533874  0.296897  0.692800  0.624325  0.506979  0.538549  0.553817  0.404357  0.514092  0.841386  0.456570  0.742864  0.616998 
6  0.826857  0.741301  0.798584  0.802953  0.863571  0.768816 0.0  0.441089  0.834872  0.574843  0.736135  0.570302  0.730344  0.495070  0.775894  0.905941  0.562414  0.889029  0.827659  0.543497  0.794072  0.851987  0.809748  0.750344  0.831545  0.897275  0.283992  0.811447  0.864898  0.738951 
7  0.839993  0.554483  0.897160  0.728023  0.850571  0.711733  0.441089 0.0  0.825927  0.596251  0.737043  0.252345  0.653427  0.564234  0.749178  0.620272  0.365135  0.674938  0.623661  0.246231  0.642065  0.742567  0.639211  0.690120  0.693929  0.783501  0.426054  0.668613  0.728870  0.680239 
8  0.292873  0.612032  0.571705  0.594849  0.462427  0.524368  0.834872  0.825927 0.0  0.597095  0.882703  0.733213  0.564020  0.616010  0.688360  0.557777  0.825759  0.416001  0.401014  0.725616  0.469300  0.623253  0.560167  0.284497  0.496704  0.438121  0.834266  0.479016  0.681830  0.634853 
9  0.759818  0.528452  0.670089  0.778659  0.681099  0.666698  0.574843  0.596251  0.597095 0.0  0.851039  0.584008  0.696744  0.393820  0.741498  0.690874  0.632217  0.612980  0.618410  0.543512  0.725437  0.632867  0.668642  0.484451  0.594431  0.589948  0.555753  0.596578  0.611243  0.750014 
10  0.725551  0.719706  0.736974  0.831070  0.727467  0.780862  0.736135  0.737043  0.882703  0.851039 0.0  0.747005  0.787475  0.771246  0.739509  0.757919  0.708252  0.776807  0.733407  0.721715  0.794254  0.710387  0.751593  0.735312  0.753478  0.849259  0.655710  0.800285  0.764901  0.760387 
11  0.791043  0.639290  0.732631  0.821398  0.738811  0.618544  0.570302  0.252345  0.733213  0.584008  0.747005 0.0  0.694157  0.507814  0.855957  0.751202  0.374726  0.833680  0.690853  0.255885  0.590901  0.810660  0.659982  0.703721  0.675498  0.711337  0.395898  0.697350  0.662214  0.715560 
12  0.559025  0.619996  0.563812  0.671693  0.540447  0.570879  0.730344  0.653427  0.564020  0.696744  0.787475  0.694157 0.0  0.740603  0.363254  0.448706  0.773281  0.616450  0.531235  0.680864  0.627270  0.482414  0.562999  0.569487  0.492676  0.319408  0.673352  0.541936  0.647629  0.523688 
13  0.669652  0.513320  0.739026  0.781447  0.701828  0.683766  0.495070  0.564234  0.616010  0.393820  0.771246  0.507814  0.740603 0.0  0.734909  0.624972  0.700746  0.622935  0.679977  0.637110  0.694068  0.740369  0.638450  0.675597  0.644648  0.746823  0.715866  0.695160  0.682572  0.681161 
14  0.664312  0.591354  0.402967  0.655103  0.508432  0.613946  0.775894  0.749178  0.688360  0.741498  0.739509  0.855957  0.363254  0.734909 0.0  0.439384  0.744927  0.503111  0.599713  0.759253  0.532970  0.391397  0.648506  0.636799  0.623587  0.379469  0.844954  0.554645  0.677591  0.689548 
15  0.501814  0.603578  0.458601  0.505817  0.580343  0.488049  0.905941  0.620272  0.557777  0.690874  0.757919  0.751202  0.448706  0.624972  0.439384 0.0  0.845420  0.456940  0.602195  0.756689  0.518131  0.437947  0.511221  0.537368  0.476919  0.402140  1.000000  0.552474  0.728720  0.594628 
16  0.756589  0.603903  0.768292  0.829215  0.793167  0.760643  0.562414  0.365135  0.825759  0.632217  0.708252  0.374726  0.773281  0.700746  0.744927  0.845420 0.0  0.885446  0.678832  0.322706  0.758792  0.722573  0.601964  0.859120  0.811420  0.875497  0.409646  0.862724  0.814941  0.827504 
17  0.451248  0.602463  0.549517  0.623122  0.500007  0.533874  0.889029  0.674938  0.416001  0.612980  0.776807  0.833680  0.616450  0.622935  0.503111  0.456940  0.885446 0.0  0.445544  0.799772  0.532921  0.538719  0.586160  0.303424  0.367973  0.484443  0.843070  0.518620  0.564336  0.602493 
18  0.461145  0.591632  0.618524  0.708186  0.437919  0.296897  0.827659  0.623661  0.401014  0.618410  0.733407  0.690853  0.531235  0.679977  0.599713  0.602195  0.678832  0.445544 0.0  0.677465  0.600624  0.552833  0.655908  0.459165  0.508539  0.467870  0.777378  0.451074  0.640120  0.605270 
19  0.760148  0.610589  0.834342  0.632361  0.706610  0.692800  0.543497  0.246231  0.725616  0.543512  0.721715  0.255885  0.680864  0.637110  0.759253  0.756689  0.322706  0.799772  0.677465 0.0  0.784793  0.815130  0.773452  0.872467  0.729326  0.840432  0.493303  0.756664  0.665981  0.727248 
20  0.572069  0.655544  0.630433  0.689218  0.659078  0.624325  0.794072  0.642065  0.469300  0.725437  0.794254  0.590901  0.627270  0.694068  0.532970  0.518131  0.758792  0.532921  0.600624  0.784793 0.0  0.529384  0.381860  0.490192  0.459447  0.532006  0.820626  0.714079  0.646965  0.497406 
21  0.609059  0.571218  0.429209  0.612101  0.544414  0.506979  0.851987  0.742567  0.623253  0.632867  0.710387  0.810660  0.482414  0.740369  0.391397  0.437947  0.722573  0.538719  0.552833  0.815130  0.529384 0.0  0.450750  0.500107  0.537459  0.382957  0.826689  0.527108  0.757377  0.704939 
22  0.474960  0.500368  0.576965  0.633057  0.482844  0.538549  0.809748  0.639211  0.560167  0.668642  0.751593  0.659982  0.562999  0.638450  0.648506  0.511221  0.601964  0.586160  0.655908  0.773452  0.381860  0.450750 0.0  0.502580  0.503954  0.429477  0.735475  0.553493  0.689879  0.340845 
23  0.284274  0.658017  0.680093  0.661242  0.631915  0.553817  0.750344  0.690120  0.284497  0.484451  0.735312  0.703721  0.569487  0.675597  0.636799  0.537368  0.859120  0.303424  0.459165  0.872467  0.490192  0.500107  0.502580 0.0  0.375688  0.490903  0.784649  0.482638  0.683009  0.602082 
24  0.380073  0.643326  0.611977  0.630895  0.339238  0.404357  0.831545  0.693929  0.496704  0.594431  0.753478  0.675498  0.492676  0.644648  0.623587  0.476919  0.811420  0.367973  0.508539  0.729326  0.459447  0.537459  0.503954  0.375688 0.0  0.514622  0.806257  0.452873  0.670565  0.633914 
25  0.572569  0.579628  0.417767  0.780795  0.607086  0.514092  0.897275  0.783501  0.438121  0.589948  0.849259  0.711337  0.319408  0.746823  0.379469  0.402140  0.875497  0.484443  0.467870  0.840432  0.532006  0.382957  0.429477  0.490903  0.514622 0.0  0.809866  0.552103  0.678301  0.645649 
26  0.750597  0.790764  0.709611  0.868880  0.788400  0.841386  0.283992  0.426054  0.834266  0.555753  0.655710  0.395898  0.673352  0.715866  0.844954  1.000000  0.409646  0.843070  0.777378  0.493303  0.820626  0.826689  0.735475  0.784649  0.806257  0.809866 0.0  0.796484  0.805355  0.710697 
27  0.558547  0.604929  0.611228  0.660892  0.309383  0.456570  0.811447  0.668613  0.479016  0.596578  0.800285  0.697350  0.541936  0.695160  0.554645  0.552474  0.862724  0.518620  0.451074  0.756664  0.714079  0.527108  0.553493  0.482638  0.452873  0.552103  0.796484 0.0  0.702011  0.546426 
28  0.723006  0.614055  0.679239  0.243192  0.716033  0.742864  0.864898  0.728870  0.681830  0.611243  0.764901  0.662214  0.647629  0.682572  0.677591  0.728720  0.814941  0.564336  0.640120  0.665981  0.646965  0.757377  0.689879  0.683009  0.670565  0.678301  0.805355  0.702011 0.0  0.780582 
29  0.522213  0.550702  0.687020  0.734760  0.653494  0.616998  0.738951  0.680239  0.634853  0.750014  0.760387  0.715560  0.523688  0.681161  0.689548  0.594628  0.827504  0.602493  0.605270  0.727248  0.497406  0.704939  0.340845  0.602082  0.633914  0.645649  0.710697  0.546426  0.780582 0.0 
