30
0 0.0  0.786763  0.878945  0.951370  0.886920  0.583417  0.838759  0.909508  0.829594  0.710019  0.771001  0.827667  0.725267  0.611875  0.746141  0.675094  0.803259  0.858599  0.733795  0.723194  0.685669  0.741865  0.803728  0.890113  0.768507  0.969055  0.770432  0.790073  0.760119  0.771604 
1  0.786763 0.0  0.756589  0.835447  0.714715  0.674824  0.794383  0.778534  0.702437  0.711066  0.830174  0.615551  0.674241  0.748106  0.808248  0.664116  0.726783  0.569725  0.750168  0.611566  0.750417  0.795130  0.801238  0.772501  0.602392  0.734304  0.800280  0.913760  0.767265  0.758071 
2  0.878945  0.756589 0.0  0.525325  0.541738  0.793421  0.594315  0.855526  0.687182  0.651308  0.597810  0.701104  0.475255  0.648554  0.602646  0.748186  0.769130  0.539218  0.418073  0.876766  0.782897  0.681926  0.536204  0.554175  0.828628  0.635734  0.691539  0.547396  0.479322  0.512783 
3  0.951370  0.835447  0.525325 0.0  0.703492  0.777400  0.408240  0.689557  0.798018  0.774834  0.523843  0.720265  0.581364  0.858753  0.753188  0.921661  0.566626  0.541287  0.672171  0.935703  1.000000  0.956040  0.408359  0.698504  0.811695  0.864236  0.685587  0.727332  0.506274  0.761533 
4  0.886920  0.714715  0.541738  0.703492 0.0  0.757256  0.745854  0.865982  0.664707  0.619474  0.637191  0.726990  0.594581  0.724201  0.504722  0.935026  0.663326  0.624360  0.646939  0.896734  0.841028  0.732531  0.556213  0.415559  0.942081  0.701416  0.804040  0.736122  0.552841  0.494252 
5  0.583417  0.674824  0.793421  0.777400  0.757256 0.0  0.715162  0.774365  0.656229  0.620456  0.703256  0.599930  0.665318  0.614717  0.621585  0.662933  0.756195  0.693023  0.711230  0.591049  0.720498  0.575874  0.634603  0.593547  0.868117  0.652644  0.680401  0.729779  0.606931  0.697584 
6  0.838759  0.794383  0.594315  0.408240  0.745854  0.715162 0.0  0.889140  0.873333  0.671405  0.514222  0.924022  0.845225  0.735805  0.651407  0.945149  0.431128  0.461109  0.497100  0.784440  0.936126  0.786944  0.382719  0.579279  0.854985  0.721579  0.664798  0.655715  0.426019  0.601375 
7  0.909508  0.778534  0.855526  0.689557  0.865982  0.774365  0.889140 0.0  0.781721  0.819066  0.873019  0.635455  0.790033  0.798917  0.897186  0.673872  0.851263  0.840307  0.783329  0.543557  0.607708  0.929910  0.776070  0.833876  0.501340  0.913528  0.943466  0.920272  0.858837  0.843504 
8  0.829594  0.702437  0.687182  0.798018  0.664707  0.656229  0.873333  0.781721 0.0  0.703856  0.609393  0.740513  0.730011  0.663053  0.852514  0.831110  0.704432  0.573996  0.625643  0.729123  0.775571  0.803284  0.700721  0.764538  0.883366  0.657584  0.826248  0.770609  0.664228  0.683300 
9  0.710019  0.711066  0.651308  0.774834  0.619474  0.620456  0.671405  0.819066  0.703856 0.0  0.673154  0.886199  0.721119  0.617255  0.589989  0.439818  0.593641  0.682784  0.660830  0.683720  0.516403  0.571727  0.749325  0.751531  0.833838  0.618316  0.682425  0.635687  0.679860  0.592206 
10  0.771001  0.830174  0.597810  0.523843  0.637191  0.703256  0.514222  0.873019  0.609393  0.673154 0.0  0.722629  0.627588  0.636445  0.595245  0.729435  0.542817  0.359083  0.355647  0.948719  0.887984  0.774306  0.474097  0.609940  0.944817  0.771529  0.572483  0.558988  0.356252  0.577914 
11  0.827667  0.615551  0.701104  0.720265  0.726990  0.599930  0.924022  0.635455  0.740513  0.886199  0.722629 0.0  0.515216  0.879713  0.762566  0.665055  0.810178  0.652590  0.698042  0.784220  0.562175  0.524066  0.723416  0.728183  0.978633  0.902091  0.865426  0.776099  0.697472  0.830678 
12  0.725267  0.674241  0.475255  0.581364  0.594581  0.665318  0.845225  0.790033  0.730011  0.721119  0.627588  0.515216 0.0  0.545177  0.671531  0.797819  0.576091  0.612276  0.613881  0.854025  0.757712  0.681450  0.558090  0.754919  0.954734  0.731906  0.766869  0.707585  0.632754  0.782041 
13  0.611875  0.748106  0.648554  0.858753  0.724201  0.614717  0.735805  0.798917  0.663053  0.617255  0.636445  0.879713  0.545177 0.0  0.647468  0.712322  0.408137  0.635555  0.714414  0.715145  0.616759  0.616720  0.649246  0.676971  0.745369  0.745627  0.683812  0.562952  0.727714  0.760331 
14  0.746141  0.808248  0.602646  0.753188  0.504722  0.621585  0.651407  0.897186  0.852514  0.589989  0.595245  0.762566  0.671531  0.647468 0.0  0.817243  0.625795  0.740248  0.668700  0.822727  0.785885  0.780355  0.708631  0.437141  0.995631  0.467545  0.769835  0.625981  0.562808  0.347558 
15  0.675094  0.664116  0.748186  0.921661  0.935026  0.662933  0.945149  0.673872  0.831110  0.439818  0.729435  0.665055  0.797819  0.712322  0.817243 0.0  0.764087  0.781528  0.893376  0.353301  0.436410  0.556165  0.861472  0.731326  0.465427  0.954942  0.819672  0.802639  0.853574  0.650458 
16  0.803259  0.726783  0.769130  0.566626  0.663326  0.756195  0.431128  0.851263  0.704432  0.593641  0.542817  0.810178  0.576091  0.408137  0.625795  0.764087 0.0  0.495709  0.462322  0.794950  0.798311  0.620664  0.505415  0.685351  0.874748  0.637343  0.568648  0.661736  0.484215  0.626307 
17  0.858599  0.569725  0.539218  0.541287  0.624360  0.693023  0.461109  0.840307  0.573996  0.682784  0.359083  0.652590  0.612276  0.635555  0.740248  0.781528  0.495709 0.0  0.356267  0.800820  0.763237  0.802097  0.187307  0.669664  0.903996  0.692732  0.636598  0.647306  0.359115  0.700945 
18  0.733795  0.750168  0.418073  0.672171  0.646939  0.711230  0.497100  0.783329  0.625643  0.660830  0.355647  0.698042  0.613881  0.714414  0.668700  0.893376  0.462322  0.356267 0.0  0.846251  0.861188  0.717682  0.423421  0.636018  0.878460  0.683516  0.451819  0.568456  0.247089  0.535000 
19  0.723194  0.611566  0.876766  0.935703  0.896734  0.591049  0.784440  0.543557  0.729123  0.683720  0.948719  0.784220  0.854025  0.715145  0.822727  0.353301  0.794950  0.800820  0.846251 0.0  0.346616  0.616267  0.893787  0.873053  0.518504  0.744798  0.717070  0.794363  0.836817  0.916452 
20  0.685669  0.750417  0.782897  1.000000  0.841028  0.720498  0.936126  0.607708  0.775571  0.516403  0.887984  0.562175  0.757712  0.616759  0.785885  0.436410  0.798311  0.763237  0.861188  0.346616 0.0  0.681020  0.879890  0.910928  0.585807  0.942617  0.735013  0.759895  0.802637  0.872826 
21  0.741865  0.795130  0.681926  0.956040  0.732531  0.575874  0.786944  0.929910  0.803284  0.571727  0.774306  0.524066  0.681450  0.616720  0.780355  0.556165  0.620664  0.802097  0.717682  0.616267  0.681020 0.0  0.802635  0.848475  0.826951  0.822820  0.635551  0.734708  0.813878  0.825621 
22  0.803728  0.801238  0.536204  0.408359  0.556213  0.634603  0.382719  0.776070  0.700721  0.749325  0.474097  0.723416  0.558090  0.649246  0.708631  0.861472  0.505415  0.187307  0.423421  0.893787  0.879890  0.802635 0.0  0.623977  0.899771  0.800576  0.678428  0.630022  0.475504  0.557245 
23  0.890113  0.772501  0.554175  0.698504  0.415559  0.593547  0.579279  0.833876  0.764538  0.751531  0.609940  0.728183  0.754919  0.676971  0.437141  0.731326  0.685351  0.669664  0.636018  0.873053  0.910928  0.848475  0.623977 0.0  0.909992  0.269138  0.691112  0.615828  0.533419  0.347228 
24  0.768507  0.602392  0.828628  0.811695  0.942081  0.868117  0.854985  0.501340  0.883366  0.833838  0.944817  0.978633  0.954734  0.745369  0.995631  0.465427  0.874748  0.903996  0.878460  0.518504  0.585807  0.826951  0.899771  0.909992 0.0  0.834036  0.894284  0.866521  0.943855  0.835173 
25  0.969055  0.734304  0.635734  0.864236  0.701416  0.652644  0.721579  0.913528  0.657584  0.618316  0.771529  0.902091  0.731906  0.745627  0.467545  0.954942  0.637343  0.692732  0.683516  0.744798  0.942617  0.822820  0.800576  0.269138  0.834036 0.0  0.692967  0.704999  0.728857  0.624610 
26  0.770432  0.800280  0.691539  0.685587  0.804040  0.680401  0.664798  0.943466  0.826248  0.682425  0.572483  0.865426  0.766869  0.683812  0.769835  0.819672  0.568648  0.636598  0.451819  0.717070  0.735013  0.635551  0.678428  0.691112  0.894284  0.692967 0.0  0.361660  0.512520  0.635794 
27  0.790073  0.913760  0.547396  0.727332  0.736122  0.729779  0.655715  0.920272  0.770609  0.635687  0.558988  0.776099  0.707585  0.562952  0.625981  0.802639  0.661736  0.647306  0.568456  0.794363  0.759895  0.734708  0.630022  0.615828  0.866521  0.704999  0.361660 0.0  0.530265  0.774415 
28  0.760119  0.767265  0.479322  0.506274  0.552841  0.606931  0.426019  0.858837  0.664228  0.679860  0.356252  0.697472  0.632754  0.727714  0.562808  0.853574  0.484215  0.359115  0.247089  0.836817  0.802637  0.813878  0.475504  0.533419  0.943855  0.728857  0.512520  0.530265 0.0  0.572943 
29  0.771604  0.758071  0.512783  0.761533  0.494252  0.697584  0.601375  0.843504  0.683300  0.592206  0.577914  0.830678  0.782041  0.760331  0.347558  0.650458  0.626307  0.700945  0.535000  0.916452  0.872826  0.825621  0.557245  0.347228  0.835173  0.624610  0.635794  0.774415  0.572943 0.0 
