30
0 0.0  0.543772  0.600754  0.800732  0.672289  0.480556  0.775563  0.714067  0.608283  0.832327  0.626739  0.594189  0.704903  0.666563  0.569053  0.689633  0.550420  0.828863  0.555977  0.766458  0.502972  0.535426  0.659106  0.545138  0.694768  0.867686  0.457237  0.832127  0.923710  0.831439 
1  0.543772 0.0  0.454519  0.850550  0.689315  0.467101  0.523236  0.707318  0.554765  0.890431  0.541073  0.470226  0.491410  0.616091  0.568260  0.659687  0.681971  0.751988  0.555804  0.781366  0.532571  0.559113  0.694505  0.526682  0.672347  0.699798  0.417081  0.760721  0.566491  0.868564 
2  0.600754  0.454519 0.0  0.747303  0.550932  0.560126  0.601291  0.573348  0.379349  0.801334  0.501449  0.491798  0.635475  0.685004  0.510982  0.749501  0.509769  0.700068  0.531823  0.749228  0.595639  0.462170  0.601548  0.483510  0.706155  0.639421  0.440511  0.734159  0.747572  1.000000 
3  0.800732  0.850550  0.747303 0.0  0.810283  0.769134  0.735541  0.626956  0.887060  0.700782  0.826667  0.758037  0.718711  0.707599  0.709946  0.588541  0.873880  0.629185  0.822281  0.654955  0.770019  0.760321  0.558450  0.868170  0.717271  0.692266  0.767624  0.675608  0.795262  0.552358 
4  0.672289  0.689315  0.550932  0.810283 0.0  0.680453  0.461571  0.565261  0.639375  0.842995  0.604854  0.667501  0.684877  0.560814  0.438958  0.745511  0.545008  0.682209  0.556080  0.781322  0.686070  0.549607  0.619053  0.538038  0.739326  0.789803  0.600853  0.741212  0.736561  0.654083 
5  0.480556  0.467101  0.560126  0.769134  0.680453 0.0  0.584718  0.702265  0.489495  0.871846  0.533694  0.554496  0.756448  0.605669  0.712965  0.717368  0.677243  0.808710  0.500974  0.720152  0.435115  0.655863  0.818688  0.653012  0.810150  0.669973  0.423003  0.724617  0.736677  0.870828 
6  0.775563  0.523236  0.601291  0.735541  0.461571  0.584718 0.0  0.484253  0.603719  0.847366  0.419493  0.509975  0.567485  0.512723  0.590928  0.577806  0.650550  0.618197  0.449079  0.609756  0.612867  0.497337  0.710659  0.617523  0.577658  0.657998  0.519755  0.610848  0.608862  0.858481 
7  0.714067  0.707318  0.573348  0.626956  0.565261  0.702265  0.484253 0.0  0.593946  0.755267  0.528167  0.609054  0.776677  0.451186  0.637194  0.739165  0.752111  0.624424  0.383223  0.620650  0.617364  0.531756  0.582268  0.633388  0.744807  0.820147  0.541508  0.689613  0.757792  0.811013 
8  0.608283  0.554765  0.379349  0.887060  0.639375  0.489495  0.603719  0.593946 0.0  0.766966  0.464582  0.533630  0.581195  0.479286  0.522824  0.767893  0.593751  0.817120  0.564922  0.648175  0.538274  0.526475  0.760153  0.548876  0.723972  0.731896  0.485254  0.773938  0.725567  0.789060 
9  0.832327  0.890431  0.801334  0.700782  0.842995  0.871846  0.847366  0.755267  0.766966 0.0  0.882028  0.825464  0.669508  0.766071  0.656881  0.892154  0.699552  0.789897  0.903219  0.805780  0.903132  0.857951  0.686697  0.706856  0.822891  0.894236  0.841451  0.743011  0.812802  0.689523 
10  0.626739  0.541073  0.501449  0.826667  0.604854  0.533694  0.419493  0.528167  0.464582  0.882028 0.0  0.430951  0.537657  0.496723  0.645265  0.723836  0.645556  0.528688  0.338716  0.599509  0.553271  0.609188  0.746042  0.538289  0.622657  0.668135  0.478587  0.651484  0.716286  0.857891 
11  0.594189  0.470226  0.491798  0.758037  0.667501  0.554496  0.509975  0.609054  0.533630  0.825464  0.430951 0.0  0.606756  0.497818  0.627265  0.730289  0.601124  0.650608  0.496523  0.679356  0.629843  0.574745  0.670234  0.610761  0.678950  0.687316  0.436817  0.709885  0.679144  0.835653 
12  0.704903  0.491410  0.635475  0.718711  0.684877  0.756448  0.567485  0.776677  0.581195  0.669508  0.537657  0.606756 0.0  0.634997  0.715045  0.590942  0.812385  0.705272  0.679240  0.735270  0.777491  0.666951  0.670368  0.553796  0.697586  0.726028  0.668872  0.777155  0.660717  0.855452 
13  0.666563  0.616091  0.685004  0.707599  0.560814  0.605669  0.512723  0.451186  0.479286  0.766071  0.496723  0.497818  0.634997 0.0  0.528881  0.825000  0.500386  0.602710  0.468809  0.601597  0.652383  0.642991  0.636403  0.651816  0.685206  0.765703  0.702604  0.687719  0.812642  0.747159 
14  0.569053  0.568260  0.510982  0.709946  0.438958  0.712965  0.590928  0.637194  0.522824  0.656881  0.645265  0.627265  0.715045  0.528881 0.0  0.608397  0.432722  0.740920  0.664286  0.711497  0.599982  0.347033  0.654533  0.421533  0.738047  0.661055  0.578085  0.849450  0.829736  0.823153 
15  0.689633  0.659687  0.749501  0.588541  0.745511  0.717368  0.577806  0.739165  0.767893  0.892154  0.723836  0.730289  0.590942  0.825000  0.608397 0.0  0.760898  0.748558  0.665252  0.702837  0.662069  0.725307  0.748884  0.746315  0.708295  0.401383  0.577830  0.827049  0.708830  0.563612 
16  0.550420  0.681971  0.509769  0.873880  0.545008  0.677243  0.650550  0.752111  0.593751  0.699552  0.645556  0.601124  0.812385  0.500386  0.432722  0.760898 0.0  0.923876  0.668567  0.863083  0.582020  0.386874  0.877499  0.489053  0.819250  0.820295  0.600908  0.741598  0.802947  0.801900 
17  0.828863  0.751988  0.700068  0.629185  0.682209  0.808710  0.618197  0.624424  0.817120  0.789897  0.528688  0.650608  0.705272  0.602710  0.740920  0.748558  0.923876 0.0  0.598834  0.539584  0.700575  0.795187  0.590825  0.676886  0.730056  0.737997  0.730751  0.466634  0.762019  0.847897 
18  0.555977  0.555804  0.531823  0.822281  0.556080  0.500974  0.449079  0.383223  0.564922  0.903219  0.338716  0.496523  0.679240  0.468809  0.664286  0.665252  0.668567  0.598834 0.0  0.596139  0.497205  0.499304  0.724455  0.531822  0.755911  0.586420  0.495430  0.731313  0.666246  0.730073 
19  0.766458  0.781366  0.749228  0.654955  0.781322  0.720152  0.609756  0.620650  0.648175  0.805780  0.599509  0.679356  0.735270  0.601597  0.711497  0.702837  0.863083  0.539584  0.596139 0.0  0.857343  0.788795  0.637055  0.825632  0.671573  0.818515  0.807399  0.385893  0.669528  0.721367 
20  0.502972  0.532571  0.595639  0.770019  0.686070  0.435115  0.612867  0.617364  0.538274  0.903132  0.553271  0.629843  0.777491  0.652383  0.599982  0.662069  0.582020  0.700575  0.497205  0.857343 0.0  0.634725  0.663858  0.661966  0.675293  0.641305  0.400706  0.790457  0.854626  0.848190 
21  0.535426  0.559113  0.462170  0.760321  0.549607  0.655863  0.497337  0.531756  0.526475  0.857951  0.609188  0.574745  0.666951  0.642991  0.347033  0.725307  0.386874  0.795187  0.499304  0.788795  0.634725 0.0  0.688356  0.409051  0.724430  0.736816  0.547858  0.761625  0.756490  0.828968 
22  0.659106  0.694505  0.601548  0.558450  0.619053  0.818688  0.710659  0.582268  0.760153  0.686697  0.746042  0.670234  0.670368  0.636403  0.654533  0.748884  0.877499  0.590825  0.724455  0.637055  0.663858  0.688356 0.0  0.752302  0.696844  0.666476  0.775437  0.603386  0.705462  0.664335 
23  0.545138  0.526682  0.483510  0.868170  0.538038  0.653012  0.617523  0.633388  0.548876  0.706856  0.538289  0.610761  0.553796  0.651816  0.421533  0.746315  0.489053  0.676886  0.531822  0.825632  0.661966  0.409051  0.752302 0.0  0.659570  0.817667  0.506630  0.669491  0.752395  0.891303 
24  0.694768  0.672347  0.706155  0.717271  0.739326  0.810150  0.577658  0.744807  0.723972  0.822891  0.622657  0.678950  0.697586  0.685206  0.738047  0.708295  0.819250  0.730056  0.755911  0.671573  0.675293  0.724430  0.696844  0.659570 0.0  0.728247  0.734743  0.762029  0.302565  0.809871 
25  0.867686  0.699798  0.639421  0.692266  0.789803  0.669973  0.657998  0.820147  0.731896  0.894236  0.668135  0.687316  0.726028  0.765703  0.661055  0.401383  0.820295  0.737997  0.586420  0.818515  0.641305  0.736816  0.666476  0.817667  0.728247 0.0  0.664578  0.767119  0.822050  0.619631 
26  0.457237  0.417081  0.440511  0.767624  0.600853  0.423003  0.519755  0.541508  0.485254  0.841451  0.478587  0.436817  0.668872  0.702604  0.578085  0.577830  0.600908  0.730751  0.495430  0.807399  0.400706  0.547858  0.775437  0.506630  0.734743  0.664578 0.0  0.764373  0.625071  0.895552 
27  0.832127  0.760721  0.734159  0.675608  0.741212  0.724617  0.610848  0.689613  0.773938  0.743011  0.651484  0.709885  0.777155  0.687719  0.849450  0.827049  0.741598  0.466634  0.731313  0.385893  0.790457  0.761625  0.603386  0.669491  0.762029  0.767119  0.764373 0.0  0.647370  0.829465 
28  0.923710  0.566491  0.747572  0.795262  0.736561  0.736677  0.608862  0.757792  0.725567  0.812802  0.716286  0.679144  0.660717  0.812642  0.829736  0.708830  0.802947  0.762019  0.666246  0.669528  0.854626  0.756490  0.705462  0.752395  0.302565  0.822050  0.625071  0.647370 0.0  0.874944 
29  0.831439  0.868564  1.000000  0.552358  0.654083  0.870828  0.858481  0.811013  0.789060  0.689523  0.857891  0.835653  0.855452  0.747159  0.823153  0.563612  0.801900  0.847897  0.730073  0.721367  0.848190  0.828968  0.664335  0.891303  0.809871  0.619631  0.895552  0.829465  0.874944 0.0 
