30
0 0.0  0.820931  0.724403  0.550914  0.652225  0.684427  0.783750  0.569490  0.710004  0.525700  0.657462  0.663518  0.691088  0.694311  0.598940  0.789136  0.705993  0.685475  0.676558  0.848869  0.697886  0.780596  0.599748  0.791397  0.527426  0.559917  0.708760  0.614665  0.595876  0.677553 
1  0.820931 0.0  0.632973  0.450872  0.777488  0.860377  0.813800  0.899074  0.846925  0.896729  0.907507  0.566366  0.748717  0.818451  0.598670  0.490290  0.756488  0.516276  0.351241  0.838822  0.691591  0.507456  0.785280  0.631610  0.710961  0.803896  0.628535  0.833763  0.518790  0.648041 
2  0.724403  0.632973 0.0  0.437645  0.755477  0.830661  0.880510  0.791014  0.836380  0.764488  0.753735  0.871580  0.892301  0.772534  0.820434  0.608576  0.811810  0.601331  0.700880  0.901107  0.826625  0.630559  0.807274  0.604111  0.868454  0.635303  0.691897  0.806854  0.738516  0.860010 
3  0.550914  0.450872  0.437645 0.0  0.689996  0.806277  0.774088  0.721259  0.760069  0.916618  0.653781  0.629619  0.616664  0.770377  0.711779  0.441055  0.731092  0.425243  0.354306  0.875096  0.615984  0.588986  0.793141  0.432884  0.694209  0.798400  0.690767  0.775335  0.604426  0.672811 
4  0.652225  0.777488  0.755477  0.689996 0.0  0.392453  0.624710  0.526382  0.433222  0.473119  0.452608  0.703596  0.602373  0.504132  0.685866  0.768722  0.491928  0.860505  0.682756  0.783845  0.657826  0.700559  0.589847  0.791775  0.624201  0.838683  0.660248  0.656311  0.579459  0.678229 
5  0.684427  0.860377  0.830661  0.806277  0.392453 0.0  0.615417  0.468768  0.367072  0.669091  0.444174  0.770686  0.646304  0.479432  0.819039  0.630086  0.322768  0.890668  0.822795  0.807511  0.778715  0.877035  0.548075  0.786184  0.564128  0.743424  0.590864  0.583445  0.742755  0.827211 
6  0.783750  0.813800  0.880510  0.774088  0.624710  0.615417 0.0  0.517069  0.451927  0.815942  0.478199  0.813292  0.660929  0.480236  0.847399  0.740573  0.536445  0.930930  0.807603  0.700452  0.825229  0.893462  0.642854  0.943570  0.639806  1.000000  0.684155  0.607366  0.702246  0.768816 
7  0.569490  0.899074  0.791014  0.721259  0.526382  0.468768  0.517069 0.0  0.458243  0.630415  0.527074  0.710036  0.579421  0.462484  0.641060  0.732969  0.451387  0.876636  0.820745  0.811896  0.694804  0.771441  0.539506  0.882839  0.717287  0.924364  0.676489  0.440274  0.653902  0.670153 
8  0.710004  0.846925  0.836380  0.760069  0.433222  0.367072  0.451927  0.458243 0.0  0.699820  0.430314  0.727086  0.683471  0.605588  0.578680  0.819823  0.300485  0.902262  0.764488  0.805225  0.793930  0.793548  0.551471  0.866913  0.478200  0.749546  0.646325  0.483333  0.759520  0.802514 
9  0.525700  0.896729  0.764488  0.916618  0.473119  0.669091  0.815942  0.630415  0.699820 0.0  0.593728  0.876722  0.700504  0.471332  0.771844  0.824034  0.693113  0.758632  0.878044  0.834463  0.742998  0.685143  0.441580  0.700115  0.621963  0.771113  0.691712  0.608650  0.727746  0.824404 
10  0.657462  0.907507  0.753735  0.653781  0.452608  0.444174  0.478199  0.527074  0.430314  0.593728 0.0  0.681292  0.539583  0.510095  0.610449  0.699044  0.277631  0.878108  0.719670  0.847758  0.654671  0.778531  0.545255  0.951889  0.517728  0.827118  0.536944  0.469909  0.695067  0.842434 
11  0.663518  0.566366  0.871580  0.629619  0.703596  0.770686  0.813292  0.710036  0.727086  0.876722  0.681292 0.0  0.611292  0.717720  0.562277  0.895734  0.701917  0.556344  0.759880  0.742839  0.649360  0.696618  0.638662  0.667539  0.695361  0.720739  0.570431  0.765008  0.681047  0.554480 
12  0.691088  0.748717  0.892301  0.616664  0.602373  0.646304  0.660929  0.579421  0.683471  0.700504  0.539583  0.611292 0.0  0.711649  0.701794  0.838629  0.579833  0.946341  0.650270  0.677119  0.590664  0.996433  0.703023  0.873825  0.577244  0.719637  0.715455  0.465440  0.529030  0.552855 
13  0.694311  0.818451  0.772534  0.770377  0.504132  0.479432  0.480236  0.462484  0.605588  0.471332  0.510095  0.717720  0.711649 0.0  0.693022  0.726465  0.554568  0.727740  0.687032  0.719784  0.550556  0.948911  0.370206  0.919261  0.612638  0.849093  0.619015  0.653627  0.638430  0.694064 
14  0.598940  0.598670  0.820434  0.711779  0.685866  0.819039  0.847399  0.641060  0.578680  0.771844  0.610449  0.562277  0.701794  0.693022 0.0  0.634062  0.737084  0.780975  0.640530  0.654644  0.708265  0.723854  0.603030  0.760524  0.757065  0.914966  0.686136  0.574718  0.681284  0.821096 
15  0.789136  0.490290  0.608576  0.441055  0.768722  0.630086  0.740573  0.732969  0.819823  0.824034  0.699044  0.895734  0.838629  0.726465  0.634062 0.0  0.776001  0.710678  0.540005  0.798118  0.715012  0.693971  0.697439  0.721600  0.710619  0.891983  0.473215  0.679757  0.795576  0.892226 
16  0.705993  0.756488  0.811810  0.731092  0.491928  0.322768  0.536445  0.451387  0.300485  0.693113  0.277631  0.701917  0.579833  0.554568  0.737084  0.776001 0.0  0.786311  0.694391  0.887402  0.611404  0.952511  0.544581  0.815436  0.651568  0.954497  0.746100  0.704086  0.702773  0.697773 
17  0.685475  0.516276  0.601331  0.425243  0.860505  0.890668  0.930930  0.876636  0.902262  0.758632  0.878108  0.556344  0.946341  0.727740  0.780975  0.710678  0.786311 0.0  0.414143  0.682423  0.701295  0.656696  0.793475  0.440819  0.731882  0.634383  0.664259  0.847092  0.670611  0.579528 
18  0.676558  0.351241  0.700880  0.354306  0.682756  0.822795  0.807603  0.820745  0.764488  0.878044  0.719670  0.759880  0.650270  0.687032  0.640530  0.540005  0.694391  0.414143 0.0  0.751562  0.630607  0.524009  0.849897  0.375495  0.614049  0.747397  0.488942  0.691387  0.635031  0.647226 
19  0.848869  0.838822  0.901107  0.875096  0.783845  0.807511  0.700452  0.811896  0.805225  0.834463  0.847758  0.742839  0.677119  0.719784  0.654644  0.798118  0.887402  0.682423  0.751562 0.0  0.627553  0.769844  0.756433  0.779641  0.819604  0.867241  0.625597  0.650049  0.693900  0.409163 
20  0.697886  0.691591  0.826625  0.615984  0.657826  0.778715  0.825229  0.694804  0.793930  0.742998  0.654671  0.649360  0.590664  0.550556  0.708265  0.715012  0.611404  0.701295  0.630607  0.627553 0.0  0.697372  0.566951  0.748986  0.515402  0.755313  0.658769  0.581731  0.558758  0.593483 
21  0.780596  0.507456  0.630559  0.588986  0.700559  0.877035  0.893462  0.771441  0.793548  0.685143  0.778531  0.696618  0.996433  0.948911  0.723854  0.693971  0.952511  0.656696  0.524009  0.769844  0.697372 0.0  0.757662  0.372844  0.816720  0.881720  0.615174  0.833485  0.883280  0.862037 
22  0.599748  0.785280  0.807274  0.793141  0.589847  0.548075  0.642854  0.539506  0.551471  0.441580  0.545255  0.638662  0.703023  0.370206  0.603030  0.697439  0.544581  0.793475  0.849897  0.756433  0.566951  0.757662 0.0  0.830190  0.397549  0.669785  0.572426  0.573096  0.591243  0.783607 
23  0.791397  0.631610  0.604111  0.432884  0.791775  0.786184  0.943570  0.882839  0.866913  0.700115  0.951889  0.667539  0.873825  0.919261  0.760524  0.721600  0.815436  0.440819  0.375495  0.779641  0.748986  0.372844  0.830190 0.0  0.790432  0.791850  0.740358  0.757225  0.624228  0.888206 
24  0.527426  0.710961  0.868454  0.694209  0.624201  0.564128  0.639806  0.717287  0.478200  0.621963  0.517728  0.695361  0.577244  0.612638  0.757065  0.710619  0.651568  0.731882  0.614049  0.819604  0.515402  0.816720  0.397549  0.790432 0.0  0.702335  0.589589  0.555571  0.445978  0.657475 
25  0.559917  0.803896  0.635303  0.798400  0.838683  0.743424  1.000000  0.924364  0.749546  0.771113  0.827118  0.720739  0.719637  0.849093  0.914966  0.891983  0.954497  0.634383  0.747397  0.867241  0.755313  0.881720  0.669785  0.791850  0.702335 0.0  0.773966  0.891019  0.597638  0.796776 
26  0.708760  0.628535  0.691897  0.690767  0.660248  0.590864  0.684155  0.676489  0.646325  0.691712  0.536944  0.570431  0.715455  0.619015  0.686136  0.473215  0.746100  0.664259  0.488942  0.625597  0.658769  0.615174  0.572426  0.740358  0.589589  0.773966 0.0  0.542665  0.641508  0.593732 
27  0.614665  0.833763  0.806854  0.775335  0.656311  0.583445  0.607366  0.440274  0.483333  0.608650  0.469909  0.765008  0.465440  0.653627  0.574718  0.679757  0.704086  0.847092  0.691387  0.650049  0.581731  0.833485  0.573096  0.757225  0.555571  0.891019  0.542665 0.0  0.689011  0.666687 
28  0.595876  0.518790  0.738516  0.604426  0.579459  0.742755  0.702246  0.653902  0.759520  0.727746  0.695067  0.681047  0.529030  0.638430  0.681284  0.795576  0.702773  0.670611  0.635031  0.693900  0.558758  0.883280  0.591243  0.624228  0.445978  0.597638  0.641508  0.689011 0.0  0.536565 
29  0.677553  0.648041  0.860010  0.672811  0.678229  0.827211  0.768816  0.670153  0.802514  0.824404  0.842434  0.554480  0.552855  0.694064  0.821096  0.892226  0.697773  0.579528  0.647226  0.409163  0.593483  0.862037  0.783607  0.888206  0.657475  0.796776  0.593732  0.666687  0.536565 0.0 
