30
0 0.0  0.596860  0.795215  0.612997  0.610897  0.592743  0.663936  0.511529  0.672907  0.745745  0.382046  0.364645  0.765129  0.523807  0.536588  0.789585  0.554756  0.705254  0.780295  0.974854  0.804128  0.665409  0.537706  0.555616  0.760590  0.327225  0.391438  0.675926  0.653979  0.841426 
1  0.596860 0.0  0.879772  0.539845  0.764673  0.318447  0.594345  0.507086  0.747081  0.584154  0.518286  0.612729  0.695288  0.630805  0.502429  0.803101  0.412292  0.417434  0.829793  0.831406  0.692892  0.522997  0.438708  0.532657  0.780230  0.442091  0.216079  0.589254  0.624456  0.821842 
2  0.795215  0.879772 0.0  0.769425  0.603262  0.744107  0.753145  0.841801  0.592766  0.630585  0.781109  0.847655  0.763637  0.749438  0.858582  0.723133  0.814508  0.802755  0.459564  0.354274  0.528615  0.814055  0.801219  0.853621  0.732462  0.828180  0.746711  0.564162  0.677664  0.562128 
3  0.612997  0.539845  0.769425 0.0  0.603528  0.490627  0.728312  0.598750  0.675654  0.619888  0.578475  0.677315  0.479745  0.680317  0.731410  0.759033  0.733587  0.549660  0.625745  0.766284  0.749242  0.718435  0.599905  0.687283  0.688514  0.574245  0.598917  0.489097  0.639339  0.748124 
4  0.610897  0.764673  0.603262  0.603528 0.0  0.676925  0.795009  0.714849  0.817789  0.719400  0.740382  0.693100  0.722050  0.771332  0.656022  0.880768  0.897562  0.633545  0.565928  0.679080  0.708831  0.669415  0.648533  0.754640  0.772916  0.625883  0.694631  0.665118  0.533348  0.622576 
5  0.592743  0.318447  0.744107  0.490627  0.676925 0.0  0.695558  0.456673  0.845336  0.487563  0.472000  0.519840  0.683108  0.559140  0.488683  0.773206  0.386258  0.451883  0.845655  0.768061  0.876187  0.472605  0.417574  0.479320  0.800850  0.428306  0.391169  0.692616  0.521643  0.843264 
6  0.663936  0.594345  0.753145  0.728312  0.795009  0.695558 0.0  0.539141  0.640808  0.683800  0.519426  0.603207  0.539552  0.417819  0.680391  0.665641  0.780876  0.508374  0.726533  0.719047  0.800072  0.545879  0.625174  0.507634  0.623644  0.588221  0.560030  0.564524  0.580594  0.652168 
7  0.511529  0.507086  0.841801  0.598750  0.714849  0.456673  0.539141 0.0  0.755619  0.629890  0.497845  0.564266  0.680440  0.527039  0.553970  0.820039  0.567618  0.595061  0.851642  0.751533  0.811007  0.709677  0.501112  0.635086  0.795709  0.647826  0.327630  0.831743  0.632429  0.748324 
8  0.672907  0.747081  0.592766  0.675654  0.817789  0.845336  0.640808  0.755619 0.0  0.664531  0.827974  0.765806  0.685869  0.654380  0.767957  0.681606  0.815324  0.627996  0.592943  0.672699  0.897186  0.760376  0.771101  0.660809  0.515233  0.736472  0.768260  0.730260  0.666086  0.614115 
9  0.745745  0.584154  0.630585  0.619888  0.719400  0.487563  0.683800  0.629890  0.664531 0.0  0.695995  0.656668  0.609135  0.737720  0.654745  0.600935  0.736942  0.580344  0.608433  0.588913  0.719821  0.710519  0.649914  0.614989  0.685610  0.699424  0.499905  0.590196  0.587167  0.504275 
10  0.382046  0.518286  0.781109  0.578475  0.740382  0.472000  0.519426  0.497845  0.827974  0.695995 0.0  0.337894  0.734519  0.430219  0.556386  0.799966  0.653151  0.613972  0.731064  0.833952  0.808113  0.503407  0.503527  0.518421  0.755933  0.521904  0.570354  0.672022  0.511906  0.885006 
11  0.364645  0.612729  0.847655  0.677315  0.693100  0.519840  0.603207  0.564266  0.765806  0.656668  0.337894 0.0  0.763317  0.541635  0.379534  0.832519  0.753877  0.671412  0.702040  0.887654  0.728888  0.507996  0.433600  0.480511  0.801914  0.497722  0.390520  0.723839  0.635630  0.922882 
12  0.765129  0.695288  0.763637  0.479745  0.722050  0.683108  0.539552  0.680440  0.685869  0.609135  0.734519  0.763317 0.0  0.673887  0.724475  0.733967  0.771402  0.715108  0.486943  0.641706  0.725739  0.739030  0.724416  0.777763  0.657658  0.735117  0.747884  0.419107  0.502244  0.619975 
13  0.523807  0.630805  0.749438  0.680317  0.771332  0.559140  0.417819  0.527039  0.654380  0.737720  0.430219  0.541635  0.673887 0.0  0.514645  0.771704  0.709691  0.529028  0.748155  0.764946  0.678001  0.605321  0.556085  0.613982  0.581735  0.546143  0.644945  0.574381  0.601284  0.633151 
14  0.536588  0.502429  0.858582  0.731410  0.656022  0.488683  0.680391  0.553970  0.767957  0.654745  0.556386  0.379534  0.724475  0.514645 0.0  0.859588  0.534982  0.521802  0.768575  0.796317  0.876053  0.617238  0.418770  0.501492  0.771384  0.535551  0.466426  0.651590  0.639278  0.757197 
15  0.789585  0.803101  0.723133  0.759033  0.880768  0.773206  0.665641  0.820039  0.681606  0.600935  0.799966  0.832519  0.733967  0.771704  0.859588 0.0  0.767467  0.677091  0.870769  0.694099  0.811361  0.807831  0.829618  0.758616  0.686593  0.844457  0.851265  0.684686  0.828007  0.814949 
16  0.554756  0.412292  0.814508  0.733587  0.897562  0.386258  0.780876  0.567618  0.815324  0.736942  0.653151  0.753877  0.771402  0.709691  0.534982  0.767467 0.0  0.552302  0.841083  0.911478  0.471941  0.680982  0.602882  0.746003  0.644647  0.627971  0.373938  0.731214  0.703607  0.878139 
17  0.705254  0.417434  0.802755  0.549660  0.633545  0.451883  0.508374  0.595061  0.627996  0.580344  0.613972  0.671412  0.715108  0.529028  0.521802  0.677091  0.552302 0.0  0.731924  0.790331  0.820297  0.607606  0.645898  0.716893  0.793763  0.644395  0.585321  0.554692  0.726845  0.679016 
18  0.780295  0.829793  0.459564  0.625745  0.565928  0.845655  0.726533  0.851642  0.592943  0.608433  0.731064  0.702040  0.486943  0.748155  0.768575  0.870769  0.841083  0.731924 0.0  0.396322  0.544515  0.771229  0.750853  0.796163  0.606631  0.727742  0.675085  0.591809  0.640070  0.288164 
19  0.974854  0.831406  0.354274  0.766284  0.679080  0.768061  0.719047  0.751533  0.672699  0.588913  0.833952  0.887654  0.641706  0.764946  0.796317  0.694099  0.911478  0.790331  0.396322 0.0  0.522874  0.836549  0.742820  0.734821  0.748836  0.776315  1.000000  0.621532  0.767358  0.390809 
20  0.804128  0.692892  0.528615  0.749242  0.708831  0.876187  0.800072  0.811007  0.897186  0.719821  0.808113  0.728888  0.725739  0.678001  0.876053  0.811361  0.471941  0.820297  0.544515  0.522874 0.0  0.854594  0.840432  0.870811  0.775936  0.735562  0.798597  0.884667  0.651761  0.678893 
21  0.665409  0.522997  0.814055  0.718435  0.669415  0.472605  0.545879  0.709677  0.760376  0.710519  0.503407  0.507996  0.739030  0.605321  0.617238  0.807831  0.680982  0.607606  0.771229  0.836549  0.854594 0.0  0.559900  0.359467  0.802123  0.471187  0.696119  0.788281  0.529617  0.909410 
22  0.537706  0.438708  0.801219  0.599905  0.648533  0.417574  0.625174  0.501112  0.771101  0.649914  0.503527  0.433600  0.724416  0.556085  0.418770  0.829618  0.602882  0.645898  0.750853  0.742820  0.840432  0.559900 0.0  0.588951  0.717642  0.526816  0.405048  0.754545  0.560002  0.807881 
23  0.555616  0.532657  0.853621  0.687283  0.754640  0.479320  0.507634  0.635086  0.660809  0.614989  0.518421  0.480511  0.777763  0.613982  0.501492  0.758616  0.746003  0.716893  0.796163  0.734821  0.870811  0.359467  0.588951 0.0  0.793100  0.551560  0.525427  0.657790  0.665144  0.707523 
24  0.760590  0.780230  0.732462  0.688514  0.772916  0.800850  0.623644  0.795709  0.515233  0.685610  0.755933  0.801914  0.657658  0.581735  0.771384  0.686593  0.644647  0.793763  0.606631  0.748836  0.775936  0.802123  0.717642  0.793100 0.0  0.768996  0.780187  0.697592  0.700326  0.755445 
25  0.327225  0.442091  0.828180  0.574245  0.625883  0.428306  0.588221  0.647826  0.736472  0.699424  0.521904  0.497722  0.735117  0.546143  0.535551  0.844457  0.627971  0.644395  0.727742  0.776315  0.735562  0.471187  0.526816  0.551560  0.768996 0.0  0.443903  0.623941  0.578670  0.794835 
26  0.391438  0.216079  0.746711  0.598917  0.694631  0.391169  0.560030  0.327630  0.768260  0.499905  0.570354  0.390520  0.747884  0.644945  0.466426  0.851265  0.373938  0.585321  0.675085  1.000000  0.798597  0.696119  0.405048  0.525427  0.780187  0.443903 0.0  0.663193  0.569372  0.814121 
27  0.675926  0.589254  0.564162  0.489097  0.665118  0.692616  0.564524  0.831743  0.730260  0.590196  0.672022  0.723839  0.419107  0.574381  0.651590  0.684686  0.731214  0.554692  0.591809  0.621532  0.884667  0.788281  0.754545  0.657790  0.697592  0.623941  0.663193 0.0  0.461120  0.535637 
28  0.653979  0.624456  0.677664  0.639339  0.533348  0.521643  0.580594  0.632429  0.666086  0.587167  0.511906  0.635630  0.502244  0.601284  0.639278  0.828007  0.703607  0.726845  0.640070  0.767358  0.651761  0.529617  0.560002  0.665144  0.700326  0.578670  0.569372  0.461120 0.0  0.644171 
29  0.841426  0.821842  0.562128  0.748124  0.622576  0.843264  0.652168  0.748324  0.614115  0.504275  0.885006  0.922882  0.619975  0.633151  0.757197  0.814949  0.878139  0.679016  0.288164  0.390809  0.678893  0.909410  0.807881  0.707523  0.755445  0.794835  0.814121  0.535637  0.644171 0.0 
