30
0 0.0  0.723468  0.571562  0.894186  0.354321  0.606042  0.742356  0.208728  0.543090  0.635213  0.801356  0.573801  0.601746  0.622235  0.573611  0.827565  0.747144  0.508290  0.665070  0.532230  0.559945  0.887758  0.325860  0.771476  0.557811  0.611778  0.546494  0.413887  0.772265  0.307356 
1  0.723468 0.0  0.720392  0.770973  0.714854  0.747119  0.715219  0.679012  0.755498  0.784174  0.744525  0.721627  0.659714  0.807295  0.773402  1.000000  0.773922  0.845616  0.692268  0.626605  0.704757  0.898125  0.660774  0.668937  0.842805  0.626978  0.698838  0.742458  0.640609  0.649687 
2  0.571562  0.720392 0.0  0.701366  0.761743  0.718788  0.602083  0.664321  0.749054  0.647936  0.744449  0.657207  0.739989  0.716888  0.495035  0.799992  0.434360  0.758938  0.738165  0.526149  0.661938  0.829920  0.784157  0.663501  0.551417  0.669019  0.808956  0.576943  0.500395  0.703777 
3  0.894186  0.770973  0.701366 0.0  0.780590  0.729375  0.684046  0.789310  0.771178  0.551832  0.374886  0.753929  0.846560  0.640077  0.729103  0.713286  0.688005  0.650390  0.603208  0.536343  0.731100  0.571589  0.589004  0.476792  0.704139  0.596822  0.660615  0.653353  0.675303  0.807499 
4  0.354321  0.714854  0.761743  0.780590 0.0  0.619026  0.886578  0.433904  0.470084  0.656099  0.847561  0.654004  0.609326  0.622754  0.661346  0.852028  0.754287  0.556681  0.827576  0.556165  0.690714  0.916520  0.331934  0.796414  0.617129  0.660804  0.609926  0.503630  0.807688  0.538672 
5  0.606042  0.747119  0.718788  0.729375  0.619026 0.0  0.738094  0.716685  0.574432  0.591817  0.760941  0.627377  0.481150  0.655037  0.695498  0.840004  0.739398  0.495216  0.800167  0.703007  0.516171  0.967693  0.664663  0.799839  0.665551  0.717976  0.606476  0.786402  0.776091  0.712711 
6  0.742356  0.715219  0.602083  0.684046  0.886578  0.738094 0.0  0.835493  0.804903  0.706780  0.754399  0.763059  0.705125  0.709188  0.680749  0.716811  0.672361  0.712279  0.430447  0.628516  0.709937  0.832793  0.705696  0.563156  0.715110  0.577724  0.806025  0.690187  0.725737  0.754639 
7  0.208728  0.679012  0.664321  0.789310  0.433904  0.716685  0.835493 0.0  0.358587  0.556273  0.743913  0.620027  0.588545  0.660029  0.579031  0.893070  0.713124  0.451953  0.723106  0.601818  0.571320  0.766560  0.469733  0.739711  0.532965  0.634686  0.501992  0.563095  0.581549  0.373835 
8  0.543090  0.755498  0.749054  0.771178  0.470084  0.574432  0.804903  0.358587 0.0  0.622349  0.768650  0.618721  0.515955  0.605360  0.417279  0.768331  0.814279  0.356754  0.838998  0.655300  0.491408  0.767933  0.651434  0.854607  0.542646  0.681392  0.535823  0.471728  0.694898  0.568717 
9  0.635213  0.784174  0.647936  0.551832  0.656099  0.591817  0.706780  0.556273  0.622349 0.0  0.582283  0.700178  0.698095  0.633504  0.818055  0.711520  0.753497  0.502493  0.705877  0.662127  0.712264  0.718535  0.626153  0.725728  0.806554  0.435344  0.583584  0.593000  0.608031  0.618534 
10  0.801356  0.744525  0.744449  0.374886  0.847561  0.760941  0.754399  0.743913  0.768650  0.582283 0.0  0.680135  0.803478  0.724080  0.779951  0.801841  0.651121  0.749848  0.689580  0.474406  0.802629  0.477969  0.760837  0.395512  0.602184  0.716743  0.842365  0.676983  0.708185  0.734742 
11  0.573801  0.721627  0.657207  0.753929  0.654004  0.627377  0.763059  0.620027  0.618721  0.700178  0.680135 0.0  0.573855  0.620915  0.471527  0.784949  0.628591  0.621864  0.697961  0.623135  0.599693  0.900657  0.632428  0.668930  0.592145  0.638915  0.474669  0.493519  0.667590  0.641995 
12  0.601746  0.659714  0.739989  0.846560  0.609326  0.481150  0.705125  0.588545  0.515955  0.698095  0.803478  0.573855 0.0  0.531815  0.558201  0.790131  0.582568  0.534557  0.803096  0.626137  0.152391  0.892711  0.612458  0.763414  0.651673  0.658536  0.536921  0.524016  0.679032  0.639184 
13  0.622235  0.807295  0.716888  0.640077  0.622754  0.655037  0.709188  0.660029  0.605360  0.633504  0.724080  0.620915  0.531815 0.0  0.663020  0.767640  0.660595  0.658552  0.719719  0.568049  0.622921  0.843475  0.538069  0.706799  0.395974  0.638391  0.618571  0.451559  0.778710  0.423276 
14  0.573611  0.773402  0.495035  0.729103  0.661346  0.695498  0.680749  0.579031  0.417279  0.818055  0.779951  0.471527  0.558201  0.663020 0.0  0.895202  0.608026  0.575547  0.589412  0.713895  0.622093  0.777742  0.725328  0.675501  0.622877  0.605411  0.553494  0.722231  0.545001  0.599047 
15  0.827565  1.000000  0.799992  0.713286  0.852028  0.840004  0.716811  0.893070  0.768331  0.711520  0.801841  0.784949  0.790131  0.767640  0.895202 0.0  0.766788  0.833065  0.613043  0.604803  0.710863  0.700767  0.702237  0.725451  0.756917  0.713694  0.784563  0.722569  0.833001  0.903406 
16  0.747144  0.773922  0.434360  0.688005  0.754287  0.739398  0.672361  0.713124  0.814279  0.753497  0.651121  0.628591  0.582568  0.660595  0.608026  0.766788 0.0  0.815404  0.540749  0.663533  0.591615  0.786646  0.704494  0.532491  0.723195  0.669214  0.755193  0.634748  0.573542  0.642936 
17  0.508290  0.845616  0.758938  0.650390  0.556681  0.495216  0.712279  0.451953  0.356754  0.502493  0.749848  0.621864  0.534557  0.658552  0.575547  0.833065  0.815404 0.0  0.758138  0.681367  0.453530  0.774891  0.618771  0.917439  0.655862  0.689911  0.476873  0.722818  0.581303  0.466308 
18  0.665070  0.692268  0.738165  0.603208  0.827576  0.800167  0.430447  0.723106  0.838998  0.705877  0.689580  0.697961  0.803096  0.719719  0.589412  0.613043  0.540749  0.758138 0.0  0.609675  0.815468  0.928240  0.722320  0.794521  0.729225  0.555346  0.853635  0.749872  0.730867  0.767434 
19  0.532230  0.626605  0.526149  0.536343  0.556165  0.703007  0.628516  0.601818  0.655300  0.662127  0.474406  0.623135  0.626137  0.568049  0.713895  0.604803  0.663533  0.681367  0.609675 0.0  0.535371  0.798279  0.657788  0.691135  0.709986  0.575172  0.715600  0.586188  0.736241  0.580217 
20  0.559945  0.704757  0.661938  0.731100  0.690714  0.516171  0.709937  0.571320  0.491408  0.712264  0.802629  0.599693  0.152391  0.622921  0.622093  0.710863  0.591615  0.453530  0.815468  0.535371 0.0  0.870217  0.669509  0.752844  0.606514  0.476124  0.472298  0.621305  0.762642  0.605210 
21  0.887758  0.898125  0.829920  0.571589  0.916520  0.967693  0.832793  0.766560  0.767933  0.718535  0.477969  0.900657  0.892711  0.843475  0.777742  0.700767  0.786646  0.774891  0.928240  0.798279  0.870217 0.0  0.861341  0.652279  0.940583  0.641326  0.792683  0.832647  0.663361  0.887003 
22  0.325860  0.660774  0.784157  0.589004  0.331934  0.664663  0.705696  0.469733  0.651434  0.626153  0.760837  0.632428  0.612458  0.538069  0.725328  0.702237  0.704494  0.618771  0.722320  0.657788  0.669509  0.861341 0.0  0.743727  0.432299  0.659769  0.632905  0.464169  0.681381  0.398359 
23  0.771476  0.668937  0.663501  0.476792  0.796414  0.799839  0.563156  0.739711  0.854607  0.725728  0.395512  0.668930  0.763414  0.706799  0.675501  0.725451  0.532491  0.917439  0.794521  0.691135  0.752844  0.652279  0.743727 0.0  0.794226  0.587181  0.826047  0.801878  0.646730  0.751011 
24  0.557811  0.842805  0.551417  0.704139  0.617129  0.665551  0.715110  0.532965  0.542646  0.806554  0.602184  0.592145  0.651673  0.395974  0.622877  0.756917  0.723195  0.655862  0.729225  0.709986  0.606514  0.940583  0.432299  0.794226 0.0  0.640491  0.536106  0.364821  0.753924  0.642293 
25  0.611778  0.626978  0.669019  0.596822  0.660804  0.717976  0.577724  0.634686  0.681392  0.435344  0.716743  0.638915  0.658536  0.638391  0.605411  0.713694  0.669214  0.689911  0.555346  0.575172  0.476124  0.641326  0.659769  0.587181  0.640491 0.0  0.681511  0.630621  0.617987  0.678901 
26  0.546494  0.698838  0.808956  0.660615  0.609926  0.606476  0.806025  0.501992  0.535823  0.583584  0.842365  0.474669  0.536921  0.618571  0.553494  0.784563  0.755193  0.476873  0.853635  0.715600  0.472298  0.792683  0.632905  0.826047  0.536106  0.681511 0.0  0.508627  0.703835  0.442045 
27  0.413887  0.742458  0.576943  0.653353  0.503630  0.786402  0.690187  0.563095  0.471728  0.593000  0.676983  0.493519  0.524016  0.451559  0.722231  0.722569  0.634748  0.722818  0.749872  0.586188  0.621305  0.832647  0.464169  0.801878  0.364821  0.630621  0.508627 0.0  0.684139  0.610813 
28  0.772265  0.640609  0.500395  0.675303  0.807688  0.776091  0.725737  0.581549  0.694898  0.608031  0.708185  0.667590  0.679032  0.778710  0.545001  0.833001  0.573542  0.581303  0.730867  0.736241  0.762642  0.663361  0.681381  0.646730  0.753924  0.617987  0.703835  0.684139 0.0  0.691607 
29  0.307356  0.649687  0.703777  0.807499  0.538672  0.712711  0.754639  0.373835  0.568717  0.618534  0.734742  0.641995  0.639184  0.423276  0.599047  0.903406  0.642936  0.466308  0.767434  0.580217  0.605210  0.887003  0.398359  0.751011  0.642293  0.678901  0.442045  0.610813  0.691607 0.0 
