30
0 0.0  0.730223  0.657184  0.588269  0.782127  0.641024  0.676596  0.604947  0.701624  0.656182  0.375360  0.759947  0.747912  0.783818  0.790630  0.661456  0.859787  0.669625  0.645594  0.731732  0.633488  0.679443  0.645843  0.605104  0.676293  0.611333  0.620646  0.789749  0.707312  0.583611 
1  0.730223 0.0  0.359879  0.540358  0.586120  0.370237  0.581040  0.643698  0.828072  0.521699  0.814229  0.737330  0.611611  0.786446  0.653778  0.644644  0.818224  0.623378  0.676530  0.584523  0.568767  0.642463  0.898025  0.809065  0.685692  0.578436  0.807998  0.480866  0.669802  0.789181 
2  0.657184  0.359879 0.0  0.572733  0.549388  0.480706  0.521968  0.571940  0.863571  0.511032  0.660564  0.640920  0.751675  0.769938  0.668009  0.701589  0.728308  0.691704  0.757118  0.597264  0.695635  0.746806  0.911220  0.693656  0.710135  0.389911  0.859308  0.519587  0.657521  0.621648 
3  0.588269  0.540358  0.572733 0.0  0.707235  0.583442  0.432304  0.459800  0.872621  0.555563  0.663436  0.745548  0.371172  0.750968  0.506855  0.554983  0.625670  0.552756  0.653851  0.639739  0.246725  0.675522  0.797134  0.678313  0.626790  0.531457  0.952602  0.663604  0.616094  0.710738 
4  0.782127  0.586120  0.549388  0.707235 0.0  0.653438  0.584217  0.627803  0.661432  0.601312  0.591086  0.645224  0.697955  0.739384  0.688695  0.583625  0.617267  0.580520  0.701893  0.624144  0.731392  0.640690  0.812067  0.709070  0.577465  0.706368  0.609177  0.639305  0.658361  0.704604 
5  0.641024  0.370237  0.480706  0.583442  0.653438 0.0  0.530684  0.498452  0.898000  0.618432  0.719775  0.684964  0.581250  0.760046  0.708725  0.646212  0.544752  0.532020  0.558387  0.546860  0.552043  0.694111  0.694431  0.885829  0.578699  0.570792  0.877518  0.462235  0.605961  0.827852 
6  0.676596  0.581040  0.521968  0.432304  0.584217  0.530684 0.0  0.350023  0.908196  0.588807  0.770913  0.728193  0.628031  0.858102  0.524847  0.642874  0.481056  0.298976  0.682891  0.550535  0.548352  0.604231  0.790635  0.812810  0.462215  0.429849  0.811813  0.605862  0.543802  0.722679 
7  0.604947  0.643698  0.571940  0.459800  0.627803  0.498452  0.350023 0.0  0.791029  0.585186  0.784003  0.807669  0.715959  0.807658  0.681006  0.687389  0.494553  0.448086  0.626153  0.631651  0.574079  0.751121  0.831275  0.786083  0.454072  0.531955  0.953136  0.586666  0.611173  0.678545 
8  0.701624  0.828072  0.863571  0.872621  0.661432  0.898000  0.908196  0.791029 0.0  0.940662  0.722279  0.435095  0.772068  0.316312  0.830281  0.719315  0.843798  0.868157  0.853813  0.788450  0.737698  0.674397  0.560644  0.411255  0.694253  0.903148  0.465206  0.860598  0.919354  0.628710 
9  0.656182  0.521699  0.511032  0.555563  0.601312  0.618432  0.588807  0.585186  0.940662 0.0  0.766969  0.719571  0.618593  0.932375  0.674771  0.634349  0.729932  0.578545  0.831172  0.502716  0.461492  0.752526  0.835432  0.782387  0.498863  0.456484  0.809711  0.564326  0.671666  0.588258 
10  0.375360  0.814229  0.660564  0.663436  0.591086  0.719775  0.770913  0.784003  0.722279  0.766969 0.0  0.535910  0.587684  0.624231  0.686796  0.753164  0.856369  0.672579  0.641247  0.780060  0.692658  0.709061  0.734868  0.570385  0.540522  0.781499  0.732230  0.758428  0.665857  0.565824 
11  0.759947  0.737330  0.640920  0.745548  0.645224  0.684964  0.728193  0.807669  0.435095  0.719571  0.535910 0.0  0.736026  0.369148  0.693526  0.585626  0.968975  0.880366  0.743266  0.754946  0.845335  0.646820  0.541200  0.521696  0.726445  0.834508  0.479761  0.707032  0.819218  0.660178 
12  0.747912  0.611611  0.751675  0.371172  0.697955  0.581250  0.628031  0.715959  0.772068  0.618593  0.587684  0.736026 0.0  0.638373  0.487015  0.596358  0.790704  0.684902  0.718740  0.681183  0.451430  0.821002  0.828207  0.765319  0.473025  0.630964  0.699080  0.693962  0.632932  0.613051 
13  0.783818  0.786446  0.769938  0.750968  0.739384  0.760046  0.858102  0.807658  0.316312  0.932375  0.624231  0.369148  0.638373 0.0  0.704287  0.708081  0.947313  0.808850  0.860692  0.678208  0.835027  0.673607  0.692987  0.338593  0.667015  0.874603  0.474911  0.819562  0.749462  0.631924 
14  0.790630  0.653778  0.668009  0.506855  0.688695  0.708725  0.524847  0.681006  0.830281  0.674771  0.686796  0.693526  0.487015  0.704287 0.0  0.624120  0.642712  0.591422  0.792345  0.790141  0.562512  0.687728  0.853150  0.663719  0.376646  0.646800  0.720313  0.604672  0.306110  0.670889 
15  0.661456  0.644644  0.701589  0.554983  0.583625  0.646212  0.642874  0.687389  0.719315  0.634349  0.753164  0.585626  0.596358  0.708081  0.624120 0.0  0.834012  0.716758  0.657524  0.612704  0.677848  0.691629  0.670083  0.603902  0.622639  0.775712  0.621862  0.624296  0.567490  0.582584 
16  0.859787  0.818224  0.728308  0.625670  0.617267  0.544752  0.481056  0.494553  0.843798  0.729932  0.856369  0.968975  0.790704  0.947313  0.642712  0.834012 0.0  0.506628  0.749155  0.848207  0.604616  0.925364  0.772588  0.920032  0.615413  0.573655  0.790787  0.652295  0.702193  0.870734 
17  0.669625  0.623378  0.691704  0.552756  0.580520  0.532020  0.298976  0.448086  0.868157  0.578545  0.672579  0.880366  0.684902  0.808850  0.591422  0.716758  0.506628 0.0  0.703722  0.551882  0.563723  0.663462  0.774631  0.853981  0.499177  0.449956  0.939344  0.557680  0.565948  0.787208 
18  0.645594  0.676530  0.757118  0.653851  0.701893  0.558387  0.682891  0.626153  0.853813  0.831172  0.641247  0.743266  0.718740  0.860692  0.792345  0.657524  0.749155  0.703722 0.0  0.730014  0.767594  0.793262  0.760664  0.666531  0.841618  0.715105  1.000000  0.711211  0.721739  0.787816 
19  0.731732  0.584523  0.597264  0.639739  0.624144  0.546860  0.550535  0.631651  0.788450  0.502716  0.780060  0.754946  0.681183  0.678208  0.790141  0.612704  0.848207  0.551882  0.730014 0.0  0.644164  0.603691  0.821398  0.692118  0.680141  0.556433  0.782202  0.784861  0.658129  0.639822 
20  0.633488  0.568767  0.695635  0.246725  0.731392  0.552043  0.548352  0.574079  0.737698  0.461492  0.692658  0.845335  0.451430  0.835027  0.562512  0.677848  0.604616  0.563723  0.767594  0.644164 0.0  0.767951  0.804096  0.812516  0.562920  0.629882  0.848870  0.621582  0.598140  0.689220 
21  0.679443  0.642463  0.746806  0.675522  0.640690  0.694111  0.604231  0.751121  0.674397  0.752526  0.709061  0.646820  0.821002  0.673607  0.687728  0.691629  0.925364  0.663462  0.793262  0.603691  0.767951 0.0  0.652693  0.700823  0.708280  0.686650  0.751952  0.708372  0.642251  0.538038 
22  0.645843  0.898025  0.911220  0.797134  0.812067  0.694431  0.790635  0.831275  0.560644  0.835432  0.734868  0.541200  0.828207  0.692987  0.853150  0.670083  0.772588  0.774631  0.760664  0.821398  0.804096  0.652693 0.0  0.585830  0.970060  0.700113  0.436504  0.932395  0.917328  0.760143 
23  0.605104  0.809065  0.693656  0.678313  0.709070  0.885829  0.812810  0.786083  0.411255  0.782387  0.570385  0.521696  0.765319  0.338593  0.663719  0.603902  0.920032  0.853981  0.666531  0.692118  0.812516  0.700823  0.585830 0.0  0.647946  0.682958  0.515749  0.756423  0.774043  0.709417 
24  0.676293  0.685692  0.710135  0.626790  0.577465  0.578699  0.462215  0.454072  0.694253  0.498863  0.540522  0.726445  0.473025  0.667015  0.376646  0.622639  0.615413  0.499177  0.841618  0.680141  0.562920  0.708280  0.970060  0.647946 0.0  0.686506  0.884184  0.644235  0.469303  0.638604 
25  0.611333  0.578436  0.389911  0.531457  0.706368  0.570792  0.429849  0.531955  0.903148  0.456484  0.781499  0.834508  0.630964  0.874603  0.646800  0.775712  0.573655  0.449956  0.715105  0.556433  0.629882  0.686650  0.700113  0.682958  0.686506 0.0  0.805798  0.534774  0.631889  0.738247 
26  0.620646  0.807998  0.859308  0.952602  0.609177  0.877518  0.811813  0.953136  0.465206  0.809711  0.732230  0.479761  0.699080  0.474911  0.720313  0.621862  0.790787  0.939344  1.000000  0.782202  0.848870  0.751952  0.436504  0.515749  0.884184  0.805798 0.0  0.862580  0.877153  0.812619 
27  0.789749  0.480866  0.519587  0.663604  0.639305  0.462235  0.605862  0.586666  0.860598  0.564326  0.758428  0.707032  0.693962  0.819562  0.604672  0.624296  0.652295  0.557680  0.711211  0.784861  0.621582  0.708372  0.932395  0.756423  0.644235  0.534774  0.862580 0.0  0.727726  0.673745 
28  0.707312  0.669802  0.657521  0.616094  0.658361  0.605961  0.543802  0.611173  0.919354  0.671666  0.665857  0.819218  0.632932  0.749462  0.306110  0.567490  0.702193  0.565948  0.721739  0.658129  0.598140  0.642251  0.917328  0.774043  0.469303  0.631889  0.877153  0.727726 0.0  0.694866 
29  0.583611  0.789181  0.621648  0.710738  0.704604  0.827852  0.722679  0.678545  0.628710  0.588258  0.565824  0.660178  0.613051  0.631924  0.670889  0.582584  0.870734  0.787208  0.787816  0.639822  0.689220  0.538038  0.760143  0.709417  0.638604  0.738247  0.812619  0.673745  0.694866 0.0 
