30
0 0.0  0.793509  0.708701  0.844674  0.833510  0.601494  0.918070  0.657060  0.583276  0.876910  0.587297  0.795313  0.501422  0.835463  0.797819  0.743934  0.570777  0.726057  0.397736  0.920701  0.848467  0.506902  0.953552  0.848376  0.758518  0.936953  0.531284  0.531312  0.690946  0.789905 
1  0.793509 0.0  0.654410  0.642595  0.888773  0.814061  0.286803  0.777775  0.687414  0.452997  0.777577  0.630679  0.828508  0.452125  0.576347  0.805203  0.735954  0.729945  0.892925  0.595207  0.473660  0.824595  0.497347  0.744099  0.377858  0.435090  0.695011  0.870002  0.509964  0.642195 
2  0.708701  0.654410 0.0  0.745478  0.709991  0.864056  0.624167  0.700160  0.682618  0.666468  0.909520  0.453790  0.725410  0.576337  0.470254  0.706576  0.551616  0.690062  0.736733  0.556312  0.657362  0.622927  0.660377  0.806337  0.704868  0.627246  0.566283  0.789504  0.354180  0.491295 
3  0.844674  0.642595  0.745478 0.0  0.854066  0.608368  0.715589  0.947712  0.693984  0.659854  0.766445  0.564979  0.705690  0.738785  0.736739  0.914781  0.666516  0.803230  0.956827  0.392583  0.585694  0.865305  0.736454  0.857585  0.656926  0.710119  0.786828  0.834314  0.617052  0.736772 
4  0.833510  0.888773  0.709991  0.854066 0.0  0.898754  0.938020  0.740046  0.954060  0.903501  0.636182  0.942484  0.692314  0.895958  0.929129  0.914335  0.727936  0.617190  0.944130  0.864246  0.929149  0.678357  0.854026  0.836924  0.775176  0.999394  0.680509  0.865765  0.750425  0.724395 
5  0.601494  0.814061  0.864056  0.608368  0.898754 0.0  0.772814  0.824323  0.840311  0.739039  0.661403  0.959410  0.804441  0.749905  0.757944  0.846526  0.939525  0.735727  0.590822  0.709732  0.847860  0.521245  0.880053  0.830064  0.861054  0.835595  0.765878  0.317564  0.837047  0.904452 
6  0.918070  0.286803  0.624167  0.715589  0.938020  0.772814 0.0  0.760238  0.688725  0.425181  0.730475  0.567866  0.718898  0.439838  0.551683  0.866815  0.681166  0.611802  0.837231  0.622371  0.403465  0.944423  0.419539  0.887522  0.520958  0.311281  0.689461  0.861378  0.549126  0.778406 
7  0.657060  0.777775  0.700160  0.947712  0.740046  0.824323  0.760238 0.0  0.740016  0.792924  0.908535  0.654011  0.605429  0.768043  0.618764  0.813543  0.677903  0.731344  0.617626  0.857154  0.748845  0.675896  0.764470  0.710881  0.797259  0.797697  0.581707  0.723544  0.629181  0.520965 
8  0.583276  0.687414  0.682618  0.693984  0.954060  0.840311  0.688725  0.740016 0.0  0.737743  0.790721  0.616768  0.577888  0.565123  0.723568  0.652392  0.479505  0.766190  0.708314  0.599550  0.558769  0.746577  0.518700  0.690996  0.713392  0.721994  0.524877  0.920247  0.711255  0.555277 
9  0.876910  0.452997  0.666468  0.659854  0.903501  0.739039  0.425181  0.792924  0.737743 0.0  0.775988  0.481815  0.726540  0.340094  0.561812  0.740124  0.743238  0.583515  0.963201  0.438632  0.479412  0.814588  0.454813  0.638471  0.477470  0.418354  0.724492  0.968763  0.556343  0.667901 
10  0.587297  0.777577  0.909520  0.766445  0.636182  0.661403  0.730475  0.908535  0.790721  0.775988 0.0  0.831536  0.845002  0.817827  0.665747  0.829707  1.000000  0.738071  0.602695  0.865112  0.739590  0.494969  0.803205  0.751719  0.914761  0.878838  0.721370  0.581430  0.782992  0.930486 
11  0.795313  0.630679  0.453790  0.564979  0.942484  0.959410  0.567866  0.654011  0.616768  0.481815  0.831536 0.0  0.761036  0.563228  0.404358  0.885862  0.606969  0.717736  0.767650  0.544161  0.607709  0.835574  0.634317  0.755325  0.633891  0.601944  0.682875  0.944907  0.382236  0.299376 
12  0.501422  0.828508  0.725410  0.705690  0.692314  0.804441  0.718898  0.605429  0.577888  0.726540  0.845002  0.761036 0.0  0.724461  0.694833  0.629485  0.517474  0.714124  0.652109  0.552321  0.722667  0.686897  0.825132  0.765684  0.875629  0.715284  0.587757  0.801559  0.674969  0.547040 
13  0.835463  0.452125  0.576337  0.738785  0.895958  0.749905  0.439838  0.768043  0.565123  0.340094  0.817827  0.563228  0.724461 0.0  0.551009  0.720020  0.637204  0.640516  0.906608  0.595947  0.590028  0.743068  0.546362  0.679891  0.410963  0.460904  0.728387  0.914464  0.465176  0.650471 
14  0.797819  0.576347  0.470254  0.736739  0.929129  0.757944  0.551683  0.618764  0.723568  0.561812  0.665747  0.404358  0.694833  0.551009 0.0  0.614214  0.687953  0.778377  0.756744  0.695795  0.575161  0.905626  0.697491  0.673607  0.587121  0.645668  0.697336  0.829160  0.427655  0.453324 
15  0.743934  0.805203  0.706576  0.914781  0.914335  0.846526  0.866815  0.813543  0.652392  0.740124  0.829707  0.885862  0.629485  0.720020  0.614214 0.0  0.723496  0.808657  0.541618  0.755886  0.806063  0.623364  0.690636  0.775791  0.744435  0.754780  0.618604  0.637615  0.743599  0.603359 
16  0.570777  0.735954  0.551616  0.666516  0.727936  0.939525  0.681166  0.677903  0.479505  0.743238  1.000000  0.606969  0.517474  0.637204  0.687953  0.723496 0.0  0.646777  0.699124  0.563208  0.655972  0.768573  0.684291  0.853725  0.596898  0.610351  0.578991  0.691856  0.589460  0.577023 
17  0.726057  0.729945  0.690062  0.803230  0.617190  0.735727  0.611802  0.731344  0.766190  0.583515  0.738071  0.717736  0.714124  0.640516  0.778377  0.808657  0.646777 0.0  0.687163  0.546095  0.549473  0.893357  0.752336  0.660243  0.600525  0.564636  0.737965  0.910352  0.641837  0.705452 
18  0.397736  0.892925  0.736733  0.956827  0.944130  0.590822  0.837231  0.617626  0.708314  0.963201  0.602695  0.767650  0.652109  0.906608  0.756744  0.541618  0.699124  0.687163 0.0  0.728486  0.865031  0.512455  0.875937  0.872319  0.824661  0.956331  0.507589  0.495118  0.854031  0.720983 
19  0.920701  0.595207  0.556312  0.392583  0.864246  0.709732  0.622371  0.857154  0.599550  0.438632  0.865112  0.544161  0.552321  0.595947  0.695795  0.755886  0.563208  0.546095  0.728486 0.0  0.269828  0.908713  0.612399  0.711907  0.474406  0.565955  0.628342  0.925947  0.487123  0.565731 
20  0.848467  0.473660  0.657362  0.585694  0.929149  0.847860  0.403465  0.748845  0.558769  0.479412  0.739590  0.607709  0.722667  0.590028  0.575161  0.806063  0.655972  0.549473  0.865031  0.269828 0.0  0.881226  0.602679  0.804309  0.424596  0.503521  0.666239  0.883075  0.503308  0.654931 
21  0.506902  0.824595  0.622927  0.865305  0.678357  0.521245  0.944423  0.675896  0.746577  0.814588  0.494969  0.835574  0.686897  0.743068  0.905626  0.623364  0.768573  0.893357  0.512455  0.908713  0.881226 0.0  0.796815  0.820384  0.801269  0.890010  0.807887  0.553102  0.852637  0.738721 
22  0.953552  0.497347  0.660377  0.736454  0.854026  0.880053  0.419539  0.764470  0.518700  0.454813  0.803205  0.634317  0.825132  0.546362  0.697491  0.690636  0.684291  0.752336  0.875937  0.612399  0.602679  0.796815 0.0  0.759813  0.513967  0.603734  0.583328  0.823702  0.762624  0.524690 
23  0.848376  0.744099  0.806337  0.857585  0.836924  0.830064  0.887522  0.710881  0.690996  0.638471  0.751719  0.755325  0.765684  0.679891  0.673607  0.775791  0.853725  0.660243  0.872319  0.711907  0.804309  0.820384  0.759813 0.0  0.743870  0.759062  0.567742  0.875818  0.665065  0.768796 
24  0.758518  0.377858  0.704868  0.656926  0.775176  0.861054  0.520958  0.797259  0.713392  0.477470  0.914761  0.633891  0.875629  0.410963  0.587121  0.744435  0.596898  0.600525  0.824661  0.474406  0.424596  0.801269  0.513967  0.743870 0.0  0.527739  0.678066  0.890797  0.503265  0.663340 
25  0.936953  0.435090  0.627246  0.710119  0.999394  0.835595  0.311281  0.797697  0.721994  0.418354  0.878838  0.601944  0.715284  0.460904  0.645668  0.754780  0.610351  0.564636  0.956331  0.565955  0.503521  0.890010  0.603734  0.759062  0.527739 0.0  0.657644  0.961888  0.557610  0.657185 
26  0.531284  0.695011  0.566283  0.786828  0.680509  0.765878  0.689461  0.581707  0.524877  0.724492  0.721370  0.682875  0.587757  0.728387  0.697336  0.618604  0.578991  0.737965  0.507589  0.628342  0.666239  0.807887  0.583328  0.567742  0.678066  0.657644 0.0  0.699780  0.621587  0.637673 
27  0.531312  0.870002  0.789504  0.834314  0.865765  0.317564  0.861378  0.723544  0.920247  0.968763  0.581430  0.944907  0.801559  0.914464  0.829160  0.637615  0.691856  0.910352  0.495118  0.925947  0.883075  0.553102  0.823702  0.875818  0.890797  0.961888  0.699780 0.0  0.873287  0.820294 
28  0.690946  0.509964  0.354180  0.617052  0.750425  0.837047  0.549126  0.629181  0.711255  0.556343  0.782992  0.382236  0.674969  0.465176  0.427655  0.743599  0.589460  0.641837  0.854031  0.487123  0.503308  0.852637  0.762624  0.665065  0.503265  0.557610  0.621587  0.873287 0.0  0.346302 
29  0.789905  0.642195  0.491295  0.736772  0.724395  0.904452  0.778406  0.520965  0.555277  0.667901  0.930486  0.299376  0.547040  0.650471  0.453324  0.603359  0.577023  0.705452  0.720983  0.565731  0.654931  0.738721  0.524690  0.768796  0.663340  0.657185  0.637673  0.820294  0.346302 0.0 
