30
0 0.0  0.643509  0.565429  0.362712  0.798165  0.655215  0.475590  0.595367  0.648932  0.474105  0.679832  0.735641  0.591085  0.328300  0.615584  0.711009  0.653431  0.647107  0.747993  0.595561  0.587685  0.618719  0.544246  0.797397  0.822132  0.657012  0.562345  0.570437  0.837027  0.739702 
1  0.643509 0.0  0.562277  0.692725  0.705747  0.706409  0.706917  0.722899  0.735743  0.491099  0.712005  0.677808  0.848532  0.718048  0.603418  0.765695  0.699606  0.460448  0.739994  0.571187  0.596804  0.559719  0.678042  0.787352  1.000000  0.696057  0.651697  0.322028  0.676749  0.932648 
2  0.565429  0.562277 0.0  0.648562  0.875532  0.740504  0.539150  0.482159  0.494638  0.656488  0.436758  0.769708  0.709728  0.549974  0.337183  0.779496  0.693748  0.674114  0.698793  0.395414  0.588832  0.523628  0.754501  0.678654  0.767357  0.774119  0.732833  0.598411  0.763473  0.729712 
3  0.362712  0.692725  0.648562 0.0  0.696014  0.613581  0.532253  0.754187  0.753842  0.618762  0.658396  0.786279  0.450536  0.512759  0.716693  0.838328  0.657183  0.537355  0.719324  0.675415  0.561782  0.561532  0.574099  0.774735  0.797899  0.793302  0.481628  0.647024  0.814700  0.762592 
4  0.798165  0.705747  0.875532  0.696014 0.0  0.314117  0.745209  0.869555  0.919488  0.627743  0.840210  0.736452  0.878786  0.686405  0.833417  0.737307  0.829465  0.759897  0.764013  0.913416  0.654607  0.844277  0.652528  0.736900  0.847264  0.854124  0.602224  0.610140  0.829137  0.884109 
5  0.655215  0.706409  0.740504  0.613581  0.314117 0.0  0.790539  0.765512  0.771685  0.659744  0.701871  0.624031  0.751800  0.778399  0.638737  0.687611  0.610995  0.714878  0.737317  0.798094  0.585132  0.788606  0.778556  0.844513  0.705601  0.755132  0.547256  0.606902  0.801108  0.810210 
6  0.475590  0.706917  0.539150  0.532253  0.745209  0.790539 0.0  0.638618  0.628697  0.624410  0.557442  0.746052  0.403968  0.468910  0.677845  0.790466  0.736768  0.689676  0.760264  0.722193  0.585773  0.560589  0.483389  0.751718  0.837793  0.757021  0.607197  0.515689  0.803341  0.680791 
7  0.595367  0.722899  0.482159  0.754187  0.869555  0.765512  0.638618 0.0  0.441572  0.805612  0.514372  0.843897  0.613107  0.555494  0.523667  0.698154  0.852154  0.680668  0.897641  0.441314  0.676065  0.584381  0.608543  0.636027  0.931398  0.767739  0.799480  0.515423  0.630156  0.807192 
8  0.648932  0.735743  0.494638  0.753842  0.919488  0.771685  0.628697  0.441572 0.0  0.672589  0.564610  0.678604  0.538138  0.546363  0.407642  0.879395  0.866215  0.613256  0.809708  0.479584  0.595376  0.575474  0.638693  0.838057  0.733076  0.660281  0.783473  0.611559  0.860038  0.769796 
9  0.474105  0.491099  0.656488  0.618762  0.627743  0.659744  0.624410  0.805612  0.672589 0.0  0.641168  0.548069  0.677322  0.727048  0.695791  0.715314  0.726195  0.336973  0.816015  0.604499  0.406536  0.599984  0.625259  0.785486  0.797625  0.716646  0.567691  0.547889  0.732021  0.880993 
10  0.679832  0.712005  0.436758  0.658396  0.840210  0.701871  0.557442  0.514372  0.564610  0.641168 0.0  0.744690  0.622027  0.663620  0.597865  0.886475  0.781738  0.435473  0.724910  0.387959  0.658393  0.505837  0.577293  0.676617  0.854388  0.639150  0.713878  0.613388  0.636435  0.836487 
11  0.735641  0.677808  0.769708  0.786279  0.736452  0.624031  0.746052  0.843897  0.678604  0.548069  0.744690 0.0  0.906945  0.648956  0.685473  0.598368  0.590337  0.736944  0.774462  0.711775  0.675407  0.711169  0.722522  0.717511  0.787394  0.682037  0.585519  0.678839  0.783898  0.748186 
12  0.591085  0.848532  0.709728  0.450536  0.878786  0.751800  0.403968  0.613107  0.538138  0.677322  0.622027  0.906945 0.0  0.499356  0.666655  0.805907  0.842709  0.581655  0.806585  0.787670  0.751690  0.725808  0.513081  0.920682  0.756792  0.691067  0.676106  0.537102  0.836266  0.790706 
13  0.328300  0.718048  0.549974  0.512759  0.686405  0.778399  0.468910  0.555494  0.546363  0.727048  0.663620  0.648956  0.499356 0.0  0.584289  0.724866  0.755463  0.612393  0.747192  0.561651  0.523195  0.668982  0.310910  0.693942  0.855395  0.557478  0.737360  0.466028  0.692591  0.772514 
14  0.615584  0.603418  0.337183  0.716693  0.833417  0.638737  0.677845  0.523667  0.407642  0.695791  0.597865  0.685473  0.666655  0.584289 0.0  0.810163  0.811633  0.539560  0.855360  0.542407  0.633432  0.515020  0.598721  0.764243  0.881952  0.735637  0.686932  0.619905  0.739933  0.774457 
15  0.711009  0.765695  0.779496  0.838328  0.737307  0.687611  0.790466  0.698154  0.879395  0.715314  0.886475  0.598368  0.805907  0.724866  0.810163 0.0  0.349853  0.860842  0.854231  0.809801  0.784048  0.846323  0.751559  0.572584  0.479735  0.841114  0.623232  0.843041  0.721167  0.851367 
16  0.653431  0.699606  0.693748  0.657183  0.829465  0.610995  0.736768  0.852154  0.866215  0.726195  0.781738  0.590337  0.842709  0.755463  0.811633  0.349853 0.0  0.727599  0.729864  0.986500  0.933720  0.835959  0.915569  0.423935  0.610869  0.644622  0.590609  0.740062  0.662161  0.720069 
17  0.647107  0.460448  0.674114  0.537355  0.759897  0.714878  0.689676  0.680668  0.613256  0.336973  0.435473  0.736944  0.581655  0.612393  0.539560  0.860842  0.727599 0.0  0.709638  0.569052  0.469220  0.629893  0.503484  0.745503  0.818971  0.617174  0.776711  0.301108  0.710944  0.796493 
18  0.747993  0.739994  0.698793  0.719324  0.764013  0.737317  0.760264  0.897641  0.809708  0.816015  0.724910  0.774462  0.806585  0.747192  0.855360  0.854231  0.729864  0.709638 0.0  0.746377  0.734283  0.654335  0.787892  0.702053  0.895816  0.594005  0.742758  0.679562  0.645496  0.888670 
19  0.595561  0.571187  0.395414  0.675415  0.913416  0.798094  0.722193  0.441314  0.479584  0.604499  0.387959  0.711775  0.787670  0.561651  0.542407  0.809801  0.986500  0.569052  0.746377 0.0  0.699554  0.444075  0.611376  0.782015  0.852105  0.626004  0.683643  0.531699  0.606311  0.856781 
20  0.587685  0.596804  0.588832  0.561782  0.654607  0.585132  0.585773  0.676065  0.595376  0.406536  0.658393  0.675407  0.751690  0.523195  0.633432  0.784048  0.933720  0.469220  0.734283  0.699554 0.0  0.585146  0.627377  0.740635  0.778500  0.754150  0.677540  0.508190  0.805940  0.709333 
21  0.618719  0.559719  0.523628  0.561532  0.844277  0.788606  0.560589  0.584381  0.575474  0.599984  0.505837  0.711169  0.725808  0.668982  0.515020  0.846323  0.835959  0.629893  0.654335  0.444075  0.585146 0.0  0.608259  0.780875  0.860431  0.604181  0.686456  0.524234  0.755986  0.946691 
22  0.544246  0.678042  0.754501  0.574099  0.652528  0.778556  0.483389  0.608543  0.638693  0.625259  0.577293  0.722522  0.513081  0.310910  0.598721  0.751559  0.915569  0.503484  0.787892  0.611376  0.627377  0.608259 0.0  0.727692  0.969919  0.619702  0.634737  0.575678  0.660862  0.874373 
23  0.797397  0.787352  0.678654  0.774735  0.736900  0.844513  0.751718  0.636027  0.838057  0.785486  0.676617  0.717511  0.920682  0.693942  0.764243  0.572584  0.423935  0.745503  0.702053  0.782015  0.740635  0.780875  0.727692 0.0  0.507963  0.661382  0.706631  0.837466  0.425390  0.858346 
24  0.822132  1.000000  0.767357  0.797899  0.847264  0.705601  0.837793  0.931398  0.733076  0.797625  0.854388  0.787394  0.756792  0.855395  0.881952  0.479735  0.610869  0.818971  0.895816  0.852105  0.778500  0.860431  0.969919  0.507963 0.0  0.765163  0.685536  0.849190  0.760706  0.741762 
25  0.657012  0.696057  0.774119  0.793302  0.854124  0.755132  0.757021  0.767739  0.660281  0.716646  0.639150  0.682037  0.691067  0.557478  0.735637  0.841114  0.644622  0.617174  0.594005  0.626004  0.754150  0.604181  0.619702  0.661382  0.765163 0.0  0.672040  0.577795  0.725548  0.714841 
26  0.562345  0.651697  0.732833  0.481628  0.602224  0.547256  0.607197  0.799480  0.783473  0.567691  0.713878  0.585519  0.676106  0.737360  0.686932  0.623232  0.590609  0.776711  0.742758  0.683643  0.677540  0.686456  0.634737  0.706631  0.685536  0.672040 0.0  0.733317  0.824885  0.807392 
27  0.570437  0.322028  0.598411  0.647024  0.610140  0.606902  0.515689  0.515423  0.611559  0.547889  0.613388  0.678839  0.537102  0.466028  0.619905  0.843041  0.740062  0.301108  0.679562  0.531699  0.508190  0.524234  0.575678  0.837466  0.849190  0.577795  0.733317 0.0  0.780740  0.912582 
28  0.837027  0.676749  0.763473  0.814700  0.829137  0.801108  0.803341  0.630156  0.860038  0.732021  0.636435  0.783898  0.836266  0.692591  0.739933  0.721167  0.662161  0.710944  0.645496  0.606311  0.805940  0.755986  0.660862  0.425390  0.760706  0.725548  0.824885  0.780740 0.0  0.810940 
29  0.739702  0.932648  0.729712  0.762592  0.884109  0.810210  0.680791  0.807192  0.769796  0.880993  0.836487  0.748186  0.790706  0.772514  0.774457  0.851367  0.720069  0.796493  0.888670  0.856781  0.709333  0.946691  0.874373  0.858346  0.741762  0.714841  0.807392  0.912582  0.810940 0.0 
