30
0 0.0  0.519745  0.549074  0.639907  0.924446  0.837465  0.726010  0.338437  0.531875  0.799244  0.720076  0.790062  0.780730  0.557393  0.499712  0.476029  0.539622  0.562275  0.621833  0.803679  0.500458  0.362716  0.504071  0.593118  0.576906  0.619519  0.889850  0.787356  0.626346  0.894648 
1  0.519745 0.0  0.631363  0.475583  0.732194  0.868492  0.660127  0.362678  0.602895  0.851363  0.896207  0.755404  0.838306  0.588931  0.273228  0.245832  0.452717  0.450859  0.668568  0.715902  0.498567  0.590987  0.510438  0.564235  0.586847  0.398402  0.905724  0.786703  0.462598  0.790847 
2  0.549074  0.631363 0.0  0.772257  0.751829  0.798067  0.777079  0.736518  0.833843  0.899438  0.884529  0.822500  0.890498  0.664648  0.648260  0.719421  0.626549  0.826187  0.828045  0.845649  0.521697  0.558040  0.691396  0.733437  0.494963  0.652140  0.882819  0.743345  0.638146  0.996599 
3  0.639907  0.475583  0.772257 0.0  0.715800  0.709076  0.605576  0.710163  0.669296  0.908776  0.760436  0.743007  0.872240  0.651039  0.553083  0.395237  0.529074  0.460055  0.689607  0.796008  0.633343  0.714105  0.652518  0.765823  0.668259  0.644670  0.899254  0.835309  0.756664  0.894325 
4  0.924446  0.732194  0.751829  0.715800 0.0  0.835277  0.790604  0.741424  0.882326  0.836758  0.775550  0.842056  0.834731  0.725362  0.620566  0.705232  0.857304  0.782062  0.710054  0.769808  0.696918  0.714567  0.738711  0.744470  0.666968  0.696504  0.828014  0.783235  0.848636  0.877548 
5  0.837465  0.868492  0.798067  0.709076  0.835277 0.0  0.540415  0.777830  0.871452  0.745100  0.207837  0.514872  0.300260  0.647545  0.830883  0.872886  0.836731  0.912924  0.754714  0.672286  0.923822  0.851517  0.774407  0.898046  0.780177  0.734902  0.509378  0.572836  0.762167  0.673655 
6  0.726010  0.660127  0.777079  0.605576  0.790604  0.540415 0.0  0.701862  0.759140  0.497899  0.602759  0.639425  0.778189  0.569376  0.549056  0.517152  0.706067  0.421585  0.700032  0.511933  0.750408  0.817141  0.740945  0.721820  0.796878  0.473689  0.751573  0.744381  0.822003  0.868876 
7  0.338437  0.362678  0.736518  0.710163  0.741424  0.777830  0.701862 0.0  0.727762  0.790159  0.903516  0.665655  0.741022  0.638039  0.515521  0.488577  0.565506  0.653317  0.575310  0.804847  0.542998  0.408872  0.615945  0.527677  0.648689  0.561073  0.908259  0.826998  0.577994  0.831234 
8  0.531875  0.602895  0.833843  0.669296  0.882326  0.871452  0.759140  0.727762 0.0  0.886223  0.943991  0.943592  0.951483  0.773483  0.396604  0.448846  0.551500  0.539663  0.696697  0.849801  0.686187  0.642932  0.799141  0.613946  0.697315  0.517875  0.755677  0.845590  0.604589  0.777935 
9  0.799244  0.851363  0.899438  0.908776  0.836758  0.745100  0.497899  0.790159  0.886223 0.0  0.822993  0.816707  0.679107  0.713723  0.897179  0.849078  0.946047  0.845752  0.681117  0.477356  0.798122  0.826393  0.697699  0.838375  0.762603  0.907308  0.836389  0.763346  0.666720  0.869744 
10  0.720076  0.896207  0.884529  0.760436  0.775550  0.207837  0.602759  0.903516  0.943991  0.822993 0.0  0.461900  0.380040  0.561866  0.717813  0.823149  0.964588  0.730635  0.664753  0.619950  0.856463  0.942217  0.769335  0.813869  0.806030  0.747088  0.500676  0.621124  0.751917  0.579177 
11  0.790062  0.755404  0.822500  0.743007  0.842056  0.514872  0.639425  0.665655  0.943592  0.816707  0.461900 0.0  0.475512  0.542074  0.785195  0.777485  0.863720  0.684483  0.774348  0.761753  0.686567  0.630474  0.705212  0.806193  0.722463  0.587785  0.435044  0.571447  0.806186  0.598715 
12  0.780730  0.838306  0.890498  0.872240  0.834731  0.300260  0.778189  0.741022  0.951483  0.679107  0.380040  0.475512 0.0  0.567474  0.896052  0.842366  0.964130  0.843237  0.810380  0.530225  0.744097  0.846850  0.773900  0.817568  0.790055  0.889879  0.596507  0.690008  0.741287  0.735958 
13  0.557393  0.588931  0.664648  0.651039  0.725362  0.647545  0.569376  0.638039  0.773483  0.713723  0.561866  0.542074  0.567474 0.0  0.644292  0.762701  0.825295  0.543178  0.571986  0.679966  0.581590  0.730206  0.767574  0.721877  0.678016  0.653709  0.691692  0.727157  0.519456  0.740451 
14  0.499712  0.273228  0.648260  0.553083  0.620566  0.830883  0.549056  0.515521  0.396604  0.897179  0.717813  0.785195  0.896052  0.644292 0.0  0.247379  0.411596  0.572163  0.635181  0.714500  0.528248  0.629358  0.616777  0.521528  0.610720  0.472489  0.929750  0.721100  0.523492  0.760084 
15  0.476029  0.245832  0.719421  0.395237  0.705232  0.872886  0.517152  0.488577  0.448846  0.849078  0.823149  0.777485  0.842366  0.762701  0.247379 0.0  0.401853  0.643279  0.639243  0.684550  0.579237  0.705326  0.575021  0.502956  0.551871  0.355090  0.753426  0.785015  0.662053  0.893050 
16  0.539622  0.452717  0.626549  0.529074  0.857304  0.836731  0.706067  0.565506  0.551500  0.946047  0.964588  0.863720  0.964130  0.825295  0.411596  0.401853 0.0  0.539158  0.633742  1.000000  0.705082  0.742289  0.738694  0.730004  0.681194  0.480995  0.812070  0.837286  0.741807  0.865658 
17  0.562275  0.450859  0.826187  0.460055  0.782062  0.912924  0.421585  0.653317  0.539663  0.845752  0.730635  0.684483  0.843237  0.543178  0.572163  0.643279  0.539158 0.0  0.689860  0.713803  0.584182  0.663061  0.564540  0.600103  0.611803  0.390398  0.703540  0.733664  0.652499  0.929188 
18  0.621833  0.668568  0.828045  0.689607  0.710054  0.754714  0.700032  0.575310  0.696697  0.681117  0.664753  0.774348  0.810380  0.571986  0.635181  0.639243  0.633742  0.689860 0.0  0.698419  0.638693  0.635287  0.818735  0.659177  0.721523  0.619163  0.854477  0.735043  0.532913  0.707148 
19  0.803679  0.715902  0.845649  0.796008  0.769808  0.672286  0.511933  0.804847  0.849801  0.477356  0.619950  0.761753  0.530225  0.679966  0.714500  0.684550  1.000000  0.713803  0.698419 0.0  0.821692  0.787303  0.524741  0.818507  0.690995  0.797851  0.882538  0.885802  0.797506  0.909669 
20  0.500458  0.498567  0.521697  0.633343  0.696918  0.923822  0.750408  0.542998  0.686187  0.798122  0.856463  0.686567  0.744097  0.581590  0.528248  0.579237  0.705082  0.584182  0.638693  0.821692 0.0  0.532777  0.632675  0.432268  0.418094  0.616398  0.921711  0.736296  0.554765  0.810445 
21  0.362716  0.590987  0.558040  0.714105  0.714567  0.851517  0.817141  0.408872  0.642932  0.826393  0.942217  0.630474  0.846850  0.730206  0.629358  0.705326  0.742289  0.663061  0.635287  0.787303  0.532777 0.0  0.558599  0.399944  0.542853  0.580087  0.836936  0.716981  0.622913  0.932634 
22  0.504071  0.510438  0.691396  0.652518  0.738711  0.774407  0.740945  0.615945  0.799141  0.697699  0.769335  0.705212  0.773900  0.767574  0.616777  0.575021  0.738694  0.564540  0.818735  0.524741  0.632675  0.558599 0.0  0.674737  0.730587  0.711560  0.859999  0.751351  0.329698  0.752502 
23  0.593118  0.564235  0.733437  0.765823  0.744470  0.898046  0.721820  0.527677  0.613946  0.838375  0.813869  0.806193  0.817568  0.721877  0.521528  0.502956  0.730004  0.600103  0.659177  0.818507  0.432268  0.399944  0.674737 0.0  0.574065  0.643615  0.930954  0.664454  0.476059  0.842846 
24  0.576906  0.586847  0.494963  0.668259  0.666968  0.780177  0.796878  0.648689  0.697315  0.762603  0.806030  0.722463  0.790055  0.678016  0.610720  0.551871  0.681194  0.611803  0.721523  0.690995  0.418094  0.542853  0.730587  0.574065 0.0  0.648131  0.785948  0.760941  0.475685  0.863748 
25  0.619519  0.398402  0.652140  0.644670  0.696504  0.734902  0.473689  0.561073  0.517875  0.907308  0.747088  0.587785  0.889879  0.653709  0.472489  0.355090  0.480995  0.390398  0.619163  0.797851  0.616398  0.580087  0.711560  0.643615  0.648131 0.0  0.758489  0.886912  0.534817  0.860607 
26  0.889850  0.905724  0.882819  0.899254  0.828014  0.509378  0.751573  0.908259  0.755677  0.836389  0.500676  0.435044  0.596507  0.691692  0.929750  0.753426  0.812070  0.703540  0.854477  0.882538  0.921711  0.836936  0.859999  0.930954  0.785948  0.758489 0.0  0.522946  0.912927  0.703154 
27  0.787356  0.786703  0.743345  0.835309  0.783235  0.572836  0.744381  0.826998  0.845590  0.763346  0.621124  0.571447  0.690008  0.727157  0.721100  0.785015  0.837286  0.733664  0.735043  0.885802  0.736296  0.716981  0.751351  0.664454  0.760941  0.886912  0.522946 0.0  0.813552  0.711878 
28  0.626346  0.462598  0.638146  0.756664  0.848636  0.762167  0.822003  0.577994  0.604589  0.666720  0.751917  0.806186  0.741287  0.519456  0.523492  0.662053  0.741807  0.652499  0.532913  0.797506  0.554765  0.622913  0.329698  0.476059  0.475685  0.534817  0.912927  0.813552 0.0  0.773489 
29  0.894648  0.790847  0.996599  0.894325  0.877548  0.673655  0.868876  0.831234  0.777935  0.869744  0.579177  0.598715  0.735958  0.740451  0.760084  0.893050  0.865658  0.929188  0.707148  0.909669  0.810445  0.932634  0.752502  0.842846  0.863748  0.860607  0.703154  0.711878  0.773489 0.0 
