44
0 0.0  0.831616  0.638025  0.922627  0.838591  0.614602  0.802534  0.427192  0.767526  0.710858  0.582650  0.892583  0.687227  0.822503  0.884064  0.723257  0.890104  0.708584  0.913947  0.837330  0.535009  0.873974  0.683129  0.697055  0.343299  0.741465  0.884266  0.767623  0.513117  0.796827  0.750095  0.763324  0.813654  0.557496  0.323910  0.206433  0.722008  0.699907  0.937387  0.896334  0.684649  0.684641  0.768579  0.563525 
1  0.831616 0.0  0.818184  0.767950  0.794940  0.753359  0.660011  0.715582  0.459653  0.544610  0.755145  0.638717  0.374789  0.413817  0.484132  0.730104  0.724380  0.457027  0.564056  0.802191  0.858730  0.467713  0.674835  0.702052  0.827142  0.591462  0.536167  0.465093  0.870912  0.413823  0.492017  0.408182  0.600608  0.760020  0.872690  0.819381  0.737737  0.730439  0.642269  0.755142  0.621903  0.587169  0.692234  0.809149 
2  0.638025  0.818184 0.0  0.797520  0.734758  0.572274  0.732833  0.606752  0.762147  0.730923  0.587660  0.767661  0.764201  0.700916  0.713552  0.480769  0.843268  0.830676  0.784522  0.818604  0.539535  0.687166  0.599866  0.542829  0.582986  0.637393  0.612157  0.674908  0.726776  0.744391  0.637158  0.643803  0.737410  0.599417  0.743640  0.618648  0.586525  0.565667  0.885801  0.747389  0.445417  0.508176  0.432322  0.777638 
3  0.922627  0.767950  0.797520 0.0  0.744977  0.863343  0.790566  0.896778  0.755847  0.859641  0.933814  0.721300  0.764261  0.689412  0.641390  0.814821  0.635744  0.713737  0.852231  0.848264  0.907686  0.719831  0.736259  0.650703  0.838484  0.779133  0.727469  0.651509  0.797740  0.651751  0.738261  0.784399  0.813996  0.812694  0.830751  0.822406  0.881113  0.849879  0.713567  0.346856  0.797131  0.783115  0.795091  0.857182 
4  0.838591  0.794940  0.734758  0.744977 0.0  0.668030  0.657210  0.856167  0.529353  0.701791  0.774148  0.668109  0.645735  0.696018  0.733725  0.880129  0.666032  0.754064  0.487453  0.666592  0.787079  0.584365  0.723388  0.773234  0.766800  0.751155  0.758223  0.714987  0.839156  0.666923  0.745437  0.646624  0.716196  0.752601  0.803627  0.919026  0.820272  0.772520  0.788419  0.815540  0.818144  0.678386  0.768304  0.837313 
5  0.614602  0.753359  0.572274  0.863343  0.668030 0.0  0.955783  0.465000  0.765842  0.705076  0.276474  0.856019  0.908920  0.880425  0.679327  0.575809  0.860884  0.857331  0.670785  0.860232  0.164982  0.804492  0.702475  0.666521  0.568584  0.789876  0.745960  0.735813  0.702035  0.753396  0.827292  0.737786  0.748351  0.571555  0.437921  0.542660  0.657001  0.684997  0.853578  0.801972  0.572230  0.625911  0.657656  0.707626 
6  0.802534  0.660011  0.732833  0.790566  0.657210  0.955783 0.0  0.740562  0.547364  0.649891  0.788893  0.511661  0.575987  0.646215  0.683177  0.796641  0.683699  0.608910  0.583150  0.920197  0.823584  0.525978  0.706141  0.727824  0.748136  0.754326  0.530256  0.618273  0.871539  0.428362  0.519707  0.614420  0.604573  0.837172  0.829897  0.813931  0.826293  0.856735  0.749653  0.693827  0.757787  0.621873  0.888480  0.893414 
7  0.427192  0.715582  0.606752  0.896778  0.856167  0.465000  0.740562 0.0  0.709460  0.783989  0.401508  0.774562  0.733946  0.816032  0.735226  0.765615  1.000000  0.695083  0.712961  0.916059  0.441912  0.846190  0.681484  0.637255  0.352963  0.668267  0.731274  0.833588  0.571514  0.944881  0.784326  0.832919  0.834005  0.490902  0.331193  0.519615  0.719978  0.789657  0.883087  0.874879  0.637073  0.815104  0.669521  0.470488 
8  0.767526  0.459653  0.762147  0.755847  0.529353  0.765842  0.547364  0.709460 0.0  0.535610  0.802520  0.559142  0.430725  0.524308  0.694492  0.835648  0.850619  0.595231  0.309076  0.784995  0.864428  0.496444  0.701481  0.687243  0.834034  0.613995  0.590984  0.649145  0.882761  0.456513  0.443689  0.516944  0.512272  0.747648  0.867449  0.780587  0.717031  0.725755  0.809887  0.670697  0.706438  0.656074  0.890656  0.776642 
9  0.710858  0.544610  0.730923  0.859641  0.701791  0.705076  0.649891  0.783989  0.535610 0.0  0.825512  0.661143  0.557382  0.665969  0.596763  0.507372  0.760550  0.590813  0.590691  0.850093  0.706162  0.697448  0.662098  0.654014  0.714482  0.583115  0.579438  0.536993  0.872447  0.615298  0.482580  0.545713  0.522914  0.761011  0.745093  0.795444  0.667750  0.605995  0.764718  0.757721  0.509290  0.609288  0.725709  0.781308 
10  0.582650  0.755145  0.587660  0.933814  0.774148  0.276474  0.788893  0.401508  0.802520  0.825512 0.0  0.810779  0.764276  0.764197  0.753013  0.588847  0.941425  0.803582  0.700745  0.847015  0.269296  0.887554  0.757435  0.608170  0.535268  0.666892  0.767192  0.856490  0.592018  0.840770  0.744424  0.695441  0.699767  0.538038  0.471865  0.588775  0.628527  0.698887  0.826970  0.836291  0.588280  0.611529  0.578311  0.623265 
11  0.892583  0.638717  0.767661  0.721300  0.668109  0.856019  0.511661  0.774562  0.559142  0.661143  0.810779 0.0  0.559557  0.443753  0.597496  0.678824  0.634436  0.531866  0.610341  0.797927  0.954941  0.405079  0.703676  0.823435  0.803297  0.706141  0.705607  0.479630  0.846907  0.316973  0.596667  0.438809  0.730655  0.765213  0.901503  0.916156  0.640072  0.575073  0.606934  0.700782  0.754216  0.791936  0.708367  0.875968 
12  0.687227  0.374789  0.764201  0.764261  0.645735  0.908920  0.575987  0.733946  0.430725  0.557382  0.764276  0.559557 0.0  0.187364  0.665557  0.724015  0.841200  0.448732  0.472666  0.774283  0.732383  0.437697  0.627711  0.657093  0.876602  0.660867  0.440826  0.543459  0.750816  0.545012  0.477290  0.405668  0.606042  0.808455  0.763674  0.791834  0.741377  0.613332  0.765851  0.611852  0.739279  0.647036  0.695960  0.883441 
13  0.822503  0.413817  0.700916  0.689412  0.696018  0.880425  0.646215  0.816032  0.524308  0.665969  0.764197  0.443753  0.187364 0.0  0.563292  0.666515  0.636148  0.465494  0.444939  0.774764  0.853222  0.458858  0.621983  0.572921  0.788770  0.676656  0.674471  0.694151  0.813464  0.611891  0.356711  0.211954  0.638647  0.789170  0.822059  0.755576  0.702979  0.672242  0.653095  0.745571  0.604585  0.616041  0.718116  0.946794 
14  0.884064  0.484132  0.713552  0.641390  0.733725  0.679327  0.683177  0.735226  0.694492  0.596763  0.753013  0.597496  0.665557  0.563292 0.0  0.786954  0.768214  0.354980  0.657852  0.810011  0.758999  0.608705  0.587604  0.768897  0.737572  0.725178  0.761710  0.236177  0.872889  0.473294  0.624379  0.424433  0.628862  0.775974  0.878866  0.698046  0.641379  0.589421  0.731518  0.621651  0.724432  0.809529  0.653429  0.798127 
15  0.723257  0.730104  0.480769  0.814821  0.880129  0.575809  0.796641  0.765615  0.835648  0.507372  0.588847  0.678824  0.724015  0.666515  0.786954 0.0  0.807431  0.735821  0.674163  0.911568  0.727507  0.759895  0.329382  0.355830  0.670932  0.459861  0.695010  0.670738  0.624646  0.781905  0.682059  0.650899  0.667274  0.712601  0.640337  0.665506  0.288545  0.344267  0.852865  0.842340  0.440836  0.333589  0.596999  0.804815 
16  0.890104  0.724380  0.843268  0.635744  0.666032  0.860884  0.683699  1.000000  0.850619  0.760550  0.941425  0.634436  0.841200  0.636148  0.768214  0.807431 0.0  0.726477  0.732733  0.756085  0.895037  0.668053  0.919575  0.729931  0.818919  0.667480  0.842462  0.826561  0.858159  0.684251  0.732166  0.775007  0.689383  0.869127  0.975384  0.742579  0.840785  0.702551  0.554008  0.842487  0.855038  0.819250  0.844035  0.802071 
17  0.708584  0.457027  0.830676  0.713737  0.754064  0.857331  0.608910  0.695083  0.595231  0.590813  0.803582  0.531866  0.448732  0.465494  0.354980  0.735821  0.726477 0.0  0.641242  0.824931  0.816213  0.594206  0.644984  0.671643  0.816751  0.772025  0.613290  0.360267  0.828695  0.582619  0.507826  0.454455  0.558928  0.772738  0.791052  0.819974  0.729583  0.665212  0.659315  0.766730  0.729145  0.737947  0.667744  0.788446 
18  0.913947  0.564056  0.784522  0.852231  0.487453  0.670785  0.583150  0.712961  0.309076  0.590691  0.700745  0.610341  0.472666  0.444939  0.657852  0.674163  0.732733  0.641242 0.0  0.834833  0.785403  0.362728  0.806475  0.640381  0.820577  0.673652  0.608261  0.659395  0.787122  0.644882  0.393565  0.483441  0.484989  0.838586  0.846227  0.781847  0.658997  0.632985  0.667674  0.719027  0.802497  0.731957  0.797622  0.811654 
19  0.837330  0.802191  0.818604  0.848264  0.666592  0.860232  0.920197  0.916059  0.784995  0.850093  0.847015  0.797927  0.774283  0.774764  0.810011  0.911568  0.756085  0.824931  0.834833 0.0  0.867425  0.780763  0.817917  0.842911  0.908934  0.852497  0.852809  0.832874  0.955450  0.764251  0.745626  0.782596  0.757099  0.906228  0.832431  0.789880  0.854021  0.783679  0.749526  0.864574  0.771096  0.947912  0.862259  0.928871 
20  0.535009  0.858730  0.539535  0.907686  0.787079  0.164982  0.823584  0.441912  0.864428  0.706162  0.269296  0.954941  0.732383  0.853222  0.758999  0.727507  0.895037  0.816213  0.785403  0.867425 0.0  0.858264  0.652566  0.602907  0.539730  0.664621  0.771176  0.692543  0.648456  0.813216  0.745636  0.777167  0.720870  0.541996  0.342083  0.548797  0.676938  0.633970  0.870949  0.856808  0.615011  0.625599  0.664559  0.716240 
21  0.873974  0.467713  0.687166  0.719831  0.584365  0.804492  0.525978  0.846190  0.496444  0.697448  0.887554  0.405079  0.437697  0.458858  0.608705  0.759895  0.668053  0.594206  0.362728  0.780763  0.858264 0.0  0.589552  0.720225  0.758341  0.699340  0.562507  0.535538  0.738524  0.532242  0.454679  0.548435  0.604496  0.816395  0.882932  0.777986  0.634225  0.736527  0.644886  0.725722  0.735743  0.656262  0.680191  0.802595 
22  0.683129  0.674835  0.599866  0.736259  0.723388  0.702475  0.706141  0.681484  0.701481  0.662098  0.757435  0.703676  0.627711  0.621983  0.587604  0.329382  0.919575  0.644984  0.806475  0.817917  0.652566  0.589552 0.0  0.334543  0.797883  0.529869  0.591825  0.730694  0.697278  0.788524  0.641208  0.634312  0.582030  0.733027  0.688015  0.726076  0.310276  0.222670  0.760427  0.768757  0.535557  0.356285  0.590768  0.772935 
23  0.697055  0.702052  0.542829  0.650703  0.773234  0.666521  0.727824  0.637255  0.687243  0.654014  0.608170  0.823435  0.657093  0.572921  0.768897  0.355830  0.729931  0.671643  0.640381  0.842911  0.602907  0.720225  0.334543 0.0  0.734793  0.490291  0.582233  0.625520  0.755032  0.785123  0.638800  0.729314  0.654172  0.613279  0.684879  0.780996  0.415939  0.518624  0.746389  0.735682  0.588336  0.512481  0.534804  0.746342 
24  0.343299  0.827142  0.582986  0.838484  0.766800  0.568584  0.748136  0.352963  0.834034  0.714482  0.535268  0.803297  0.876602  0.788770  0.737572  0.670932  0.818919  0.816751  0.820577  0.908934  0.539730  0.758341  0.797883  0.734793 0.0  0.703346  0.688624  0.828714  0.465279  0.782818  0.742524  0.797044  0.755404  0.571010  0.285349  0.384548  0.792711  0.640546  0.855278  0.890294  0.683452  0.609839  0.671881  0.506514 
25  0.741465  0.591462  0.637393  0.779133  0.751155  0.789876  0.754326  0.668267  0.613995  0.583115  0.666892  0.706141  0.660867  0.676656  0.725178  0.459861  0.667480  0.772025  0.673652  0.852497  0.664621  0.699340  0.529869  0.490291  0.703346 0.0  0.605137  0.688099  0.880418  0.703741  0.696987  0.639273  0.661800  0.668110  0.714277  0.724845  0.479158  0.422294  0.755825  0.846175  0.546430  0.520989  0.720920  0.819962 
26  0.884266  0.536167  0.612157  0.727469  0.758223  0.745960  0.530256  0.731274  0.590984  0.579438  0.767192  0.705607  0.440826  0.674471  0.761710  0.695010  0.842462  0.613290  0.608261  0.852809  0.771176  0.562507  0.591825  0.582233  0.688624  0.605137 0.0  0.656755  0.783976  0.666096  0.405016  0.452179  0.549572  0.663798  0.809626  0.899297  0.666946  0.571969  0.670179  0.768306  0.626340  0.566894  0.702869  0.867497 
27  0.767623  0.465093  0.674908  0.651509  0.714987  0.735813  0.618273  0.833588  0.649145  0.536993  0.856490  0.479630  0.543459  0.694151  0.236177  0.670738  0.826561  0.360267  0.659395  0.832874  0.692543  0.535538  0.730694  0.625520  0.828714  0.688099  0.656755 0.0  0.808027  0.682610  0.602578  0.534416  0.626057  0.886804  0.676932  0.875322  0.684583  0.631280  0.585769  0.639778  0.679833  0.667290  0.827825  0.931962 
28  0.513117  0.870912  0.726776  0.797740  0.839156  0.702035  0.871539  0.571514  0.882761  0.872447  0.592018  0.846907  0.750816  0.813464  0.872889  0.624646  0.858159  0.828695  0.787122  0.955450  0.648456  0.738524  0.697278  0.755032  0.465279  0.880418  0.783976  0.808027 0.0  0.776454  0.748845  0.849828  0.725181  0.540280  0.590206  0.459709  0.696042  0.779950  0.848785  0.913714  0.766059  0.631589  0.746310  0.661834 
29  0.796827  0.413823  0.744391  0.651751  0.666923  0.753396  0.428362  0.944881  0.456513  0.615298  0.840770  0.316973  0.545012  0.611891  0.473294  0.781905  0.684251  0.582619  0.644882  0.764251  0.813216  0.532242  0.788524  0.785123  0.782818  0.703741  0.666096  0.682610  0.776454 0.0  0.431496  0.589617  0.718956  0.822937  0.882129  0.802584  0.767077  0.740379  0.705482  0.675868  0.670877  0.691168  0.798896  0.805834 
30  0.750095  0.492017  0.637158  0.738261  0.745437  0.827292  0.519707  0.784326  0.443689  0.482580  0.744424  0.596667  0.477290  0.356711  0.624379  0.682059  0.732166  0.507826  0.393565  0.745626  0.745636  0.454679  0.641208  0.638800  0.742524  0.696987  0.405016  0.602578  0.748845  0.431496 0.0  0.404599  0.552111  0.822127  0.852786  0.796192  0.565441  0.567862  0.612076  0.761787  0.750055  0.570915  0.689007  0.827988 
31  0.763324  0.408182  0.643803  0.784399  0.646624  0.737786  0.614420  0.832919  0.516944  0.545713  0.695441  0.438809  0.405668  0.211954  0.424433  0.650899  0.775007  0.454455  0.483441  0.782596  0.777167  0.548435  0.634312  0.729314  0.797044  0.639273  0.452179  0.534416  0.849828  0.589617  0.404599 0.0  0.504019  0.727048  0.858234  0.802963  0.536027  0.646811  0.659946  0.680991  0.601750  0.711160  0.716108  0.848699 
32  0.813654  0.600608  0.737410  0.813996  0.716196  0.748351  0.604573  0.834005  0.512272  0.522914  0.699767  0.730655  0.606042  0.638647  0.628862  0.667274  0.689383  0.558928  0.484989  0.757099  0.720870  0.604496  0.582030  0.654172  0.755404  0.661800  0.549572  0.626057  0.725181  0.718956  0.552111  0.504019 0.0  0.652858  0.765529  0.788707  0.691435  0.575311  0.685850  0.707069  0.660509  0.769696  0.658744  0.818973 
33  0.557496  0.760020  0.599417  0.812694  0.752601  0.571555  0.837172  0.490902  0.747648  0.761011  0.538038  0.765213  0.808455  0.789170  0.775974  0.712601  0.869127  0.772738  0.838586  0.906228  0.541996  0.816395  0.733027  0.613279  0.571010  0.668110  0.663798  0.886804  0.540280  0.822937  0.822127  0.727048  0.652858 0.0  0.546447  0.547977  0.729333  0.735692  0.843871  0.845191  0.729839  0.778043  0.445566  0.563291 
34  0.323910  0.872690  0.743640  0.830751  0.803627  0.437921  0.829897  0.331193  0.867449  0.745093  0.471865  0.901503  0.763674  0.822059  0.878866  0.640337  0.975384  0.791052  0.846227  0.832431  0.342083  0.882932  0.688015  0.684879  0.285349  0.714277  0.809626  0.676932  0.590206  0.882129  0.852786  0.858234  0.765529  0.546447 0.0  0.327402  0.639716  0.862912  0.888572  0.877685  0.709272  0.697536  0.572598  0.531896 
35  0.206433  0.819381  0.618648  0.822406  0.919026  0.542660  0.813931  0.519615  0.780587  0.795444  0.588775  0.916156  0.791834  0.755576  0.698046  0.665506  0.742579  0.819974  0.781847  0.789880  0.548797  0.777986  0.726076  0.780996  0.384548  0.724845  0.899297  0.875322  0.459709  0.802584  0.796192  0.802963  0.788707  0.547977  0.327402 0.0  0.673059  0.766417  0.823828  0.844590  0.662168  0.748258  0.653247  0.664841 
36  0.722008  0.737737  0.586525  0.881113  0.820272  0.657001  0.826293  0.719978  0.717031  0.667750  0.628527  0.640072  0.741377  0.702979  0.641379  0.288545  0.840785  0.729583  0.658997  0.854021  0.676938  0.634225  0.310276  0.415939  0.792711  0.479158  0.666946  0.684583  0.696042  0.767077  0.565441  0.536027  0.691435  0.729333  0.639716  0.673059 0.0  0.488772  0.735493  0.772791  0.556927  0.000000  0.567942  0.836571 
37  0.699907  0.730439  0.565667  0.849879  0.772520  0.684997  0.856735  0.789657  0.725755  0.605995  0.698887  0.575073  0.613332  0.672242  0.589421  0.344267  0.702551  0.665212  0.632985  0.783679  0.633970  0.736527  0.222670  0.518624  0.640546  0.422294  0.571969  0.631280  0.779950  0.740379  0.567862  0.646811  0.575311  0.735692  0.862912  0.766417  0.488772 0.0  0.770081  0.757135  0.569114  0.397731  0.509458  0.754367 
38  0.937387  0.642269  0.885801  0.713567  0.788419  0.853578  0.749653  0.883087  0.809887  0.764718  0.826970  0.606934  0.765851  0.653095  0.731518  0.852865  0.554008  0.659315  0.667674  0.749526  0.870949  0.644886  0.760427  0.746389  0.855278  0.755825  0.670179  0.585769  0.848785  0.705482  0.612076  0.659946  0.685850  0.843871  0.888572  0.823828  0.735493  0.770081 0.0  0.601619  0.806692  0.846305  0.859815  0.829267 
39  0.896334  0.755142  0.747389  0.346856  0.815540  0.801972  0.693827  0.874879  0.670697  0.757721  0.836291  0.700782  0.611852  0.745571  0.621651  0.842340  0.842487  0.766730  0.719027  0.864574  0.856808  0.725722  0.768757  0.735682  0.890294  0.846175  0.768306  0.639778  0.913714  0.675868  0.761787  0.680991  0.707069  0.845191  0.877685  0.844590  0.772791  0.757135  0.601619 0.0  0.751622  0.802166  0.919593  0.776075 
40  0.684649  0.621903  0.445417  0.797131  0.818144  0.572230  0.757787  0.637073  0.706438  0.509290  0.588280  0.754216  0.739279  0.604585  0.724432  0.440836  0.855038  0.729145  0.802497  0.771096  0.615011  0.735743  0.535557  0.588336  0.683452  0.546430  0.626340  0.679833  0.766059  0.670877  0.750055  0.601750  0.660509  0.729839  0.709272  0.662168  0.556927  0.569114  0.806692  0.751622 0.0  0.560749  0.356367  0.739920 
41  0.684641  0.587169  0.508176  0.783115  0.678386  0.625911  0.621873  0.815104  0.656074  0.609288  0.611529  0.791936  0.647036  0.616041  0.809529  0.333589  0.819250  0.737947  0.731957  0.947912  0.625599  0.656262  0.356285  0.512481  0.609839  0.520989  0.566894  0.667290  0.631589  0.691168  0.570915  0.711160  0.769696  0.778043  0.697536  0.748258  0.000000  0.397731  0.846305  0.802166  0.560749 0.0  0.563679  0.870503 
42  0.768579  0.692234  0.432322  0.795091  0.768304  0.657656  0.888480  0.669521  0.890656  0.725709  0.578311  0.708367  0.695960  0.718116  0.653429  0.596999  0.844035  0.667744  0.797622  0.862259  0.664559  0.680191  0.590768  0.534804  0.671881  0.720920  0.702869  0.827825  0.746310  0.798896  0.689007  0.716108  0.658744  0.445566  0.572598  0.653247  0.567942  0.509458  0.859815  0.919593  0.356367  0.563679 0.0  0.728943 
43  0.563525  0.809149  0.777638  0.857182  0.837313  0.707626  0.893414  0.470488  0.776642  0.781308  0.623265  0.875968  0.883441  0.946794  0.798127  0.804815  0.802071  0.788446  0.811654  0.928871  0.716240  0.802595  0.772935  0.746342  0.506514  0.819962  0.867497  0.931962  0.661834  0.805834  0.827988  0.848699  0.818973  0.563291  0.531896  0.664841  0.836571  0.754367  0.829267  0.776075  0.739920  0.870503  0.728943 0.0 
