44
0 0.0  0.708341  0.528610  0.663323  0.479421  0.647419  0.617811  0.664803  0.565527  0.445869  0.768381  0.579001  0.534162  0.659826  0.547806  0.784506  0.815598  0.664004  0.661670  0.771808  0.791099  0.755968  0.609562  0.795861  0.582138  0.501096  0.580252  0.652742  0.814099  0.580959  0.694499  0.675699  0.834175  0.567746  0.837343  0.793365  0.578373  0.600513  0.489767  0.571475  0.666628  0.733082  0.635183  0.747655 
1  0.708341 0.0  0.697981  0.871607  0.691090  0.434463  0.672073  0.657334  0.406784  0.516330  0.735417  0.757211  0.576485  0.653568  0.761521  0.887571  0.854824  0.534203  0.673950  0.865448  0.884947  0.663194  0.646652  0.639344  0.640442  0.686651  0.686797  0.794640  0.774648  0.686830  0.763381  0.900829  0.739830  0.501584  0.833502  0.760067  0.798625  0.377768  0.671058  0.509403  0.780429  0.788167  0.705369  0.727299 
2  0.528610  0.697981 0.0  0.530004  0.714346  0.710619  0.622048  0.266410  0.768016  0.753497  0.687981  0.556485  0.566890  0.316580  0.644001  0.642079  0.683812  0.727210  0.683902  0.627628  0.588100  0.833430  0.594263  0.771475  0.665213  0.485617  0.626762  0.426631  0.684409  0.811906  0.819472  0.288399  0.620544  0.780550  0.660523  0.901147  0.306255  0.662683  0.548453  0.741494  0.433573  0.658656  0.418889  0.817189 
3  0.663323  0.871607  0.530004 0.0  0.631651  0.761563  0.698841  0.479124  0.823392  0.781867  0.472732  0.663051  0.636032  0.374551  0.751128  0.637545  0.574281  0.651463  0.789503  0.476484  0.793319  0.743347  0.630771  0.769162  0.659892  0.570844  0.566036  0.377320  0.662643  0.699050  0.814950  0.521804  0.515927  0.681093  0.632397  0.704615  0.461614  0.754376  0.618883  0.769067  0.435952  0.548199  0.455522  0.601434 
4  0.479421  0.691090  0.714346  0.631651 0.0  0.611526  0.425213  0.677525  0.604724  0.691688  0.612544  0.504972  0.440578  0.643620  0.507090  0.751924  0.698951  0.551341  0.658067  0.714560  0.815901  0.733701  0.474654  0.724574  0.388897  0.571207  0.520626  0.676103  0.734255  0.615416  0.740519  0.657379  0.749933  0.680173  0.716026  0.819141  0.622438  0.568568  0.600582  0.652732  0.638176  0.816817  0.753506  0.738101 
5  0.647419  0.434463  0.710619  0.761563  0.611526 0.0  0.735529  0.715309  0.509787  0.507808  0.803559  0.724427  0.524199  0.737720  0.631187  0.808139  0.766293  0.658400  0.720020  0.730797  0.865475  0.553413  0.682568  0.717952  0.660764  0.631811  0.655708  0.796063  0.817234  0.648577  0.663354  0.699395  0.785777  0.374791  0.859050  0.744571  0.720407  0.236461  0.617366  0.594922  0.740971  0.754484  0.756278  0.844507 
6  0.617811  0.672073  0.622048  0.698841  0.425213  0.735529 0.0  0.602231  0.739104  0.564755  0.724158  0.561921  0.535972  0.519728  0.420485  0.703634  0.682707  0.546675  0.629509  0.843851  0.826354  0.823381  0.478332  0.672257  0.487223  0.583430  0.377666  0.668575  0.756887  0.638347  0.762907  0.771786  0.719500  0.749496  0.700962  0.767246  0.587397  0.649577  0.695029  0.612680  0.560169  0.805326  0.654697  0.666044 
7  0.664803  0.657334  0.266410  0.479124  0.677525  0.715309  0.602231 0.0  0.696456  0.704626  0.690286  0.538188  0.532707  0.349763  0.618640  0.645244  0.669409  0.692057  0.643416  0.652919  0.730660  0.665504  0.528059  0.712821  0.578885  0.627155  0.576711  0.070050  0.814202  0.695731  0.756189  0.319531  0.605014  0.718319  0.625757  0.934765  0.255752  0.714077  0.548934  0.758127  0.547630  0.739910  0.370505  0.678122 
8  0.565527  0.406784  0.768016  0.823392  0.604724  0.509787  0.739104  0.696456 0.0  0.595782  0.806763  0.603095  0.672819  0.745423  0.560188  0.744710  0.747337  0.660349  0.681249  0.920525  0.898174  0.731076  0.821688  0.539107  0.586084  0.642758  0.738286  0.766966  0.839119  0.663242  0.803845  0.777829  0.748363  0.434950  0.830615  0.759640  0.764329  0.387748  0.636604  0.467207  0.727232  0.816782  0.711970  0.897237 
9  0.445869  0.516330  0.753497  0.781867  0.691688  0.507808  0.564755  0.704626  0.595782 0.0  0.706400  0.522632  0.543379  0.624249  0.607240  0.882950  0.792857  0.595451  0.713486  0.725673  0.796792  0.623752  0.598495  0.628090  0.584634  0.646402  0.686631  0.674360  0.899088  0.536264  0.758098  0.669167  0.788407  0.499076  0.753816  0.695281  0.754294  0.518998  0.620046  0.579297  0.576263  0.741571  0.734214  0.791468 
10  0.768381  0.735417  0.687981  0.472732  0.612544  0.803559  0.724158  0.690286  0.806763  0.706400 0.0  0.674050  0.795016  0.673590  0.690241  0.473509  0.484741  0.811450  0.774426  0.326714  0.580507  0.771848  0.801756  0.686042  0.841638  0.738159  0.804098  0.685153  0.401761  0.814937  0.808682  0.577934  0.229919  0.782032  0.604673  0.775776  0.610397  0.750231  0.652441  0.842643  0.526281  0.447206  0.562605  0.602795 
11  0.579001  0.757211  0.556485  0.663051  0.504972  0.724427  0.561921  0.538188  0.603095  0.522632  0.674050 0.0  0.526996  0.602669  0.605674  0.717347  0.782115  0.713571  0.755608  0.771892  0.615848  0.750766  0.585049  0.720413  0.478649  0.393722  0.492246  0.379726  0.733758  0.718265  0.805655  0.546804  0.640128  0.688938  0.767570  0.866469  0.592371  0.732854  0.276160  0.732013  0.639332  0.664293  0.487577  0.779065 
12  0.534162  0.576485  0.566890  0.636032  0.440578  0.524199  0.535972  0.532707  0.672819  0.543379  0.795016  0.526996 0.0  0.719513  0.616107  0.744350  0.652975  0.645323  0.648512  0.723425  0.891639  0.718683  0.568329  0.810268  0.499030  0.447253  0.471967  0.536480  0.685519  0.554378  0.795022  0.536755  0.745520  0.549772  0.781590  0.723110  0.620652  0.622274  0.520043  0.657839  0.618896  0.601640  0.697976  0.699676 
13  0.659826  0.653568  0.316580  0.374551  0.643620  0.737720  0.519728  0.349763  0.745423  0.624249  0.673590  0.602669  0.719513 0.0  0.640119  0.667111  0.646345  0.667351  0.755334  0.708122  0.722853  0.761461  0.550195  0.729148  0.673829  0.615327  0.613355  0.272916  0.586636  0.731401  0.868406  0.000000  0.670480  0.619464  0.717264  0.854909  0.245519  0.662971  0.529668  0.733780  0.403119  0.655000  0.169316  0.699322 
14  0.547806  0.761521  0.644001  0.751128  0.507090  0.631187  0.420485  0.618640  0.560188  0.607240  0.690241  0.605674  0.616107  0.640119 0.0  0.657432  0.741690  0.446578  0.566878  0.664206  0.762685  0.696629  0.625922  0.642742  0.521012  0.579845  0.516626  0.721623  0.673658  0.553626  0.650081  0.693947  0.804004  0.720034  0.820634  0.777710  0.587338  0.667351  0.651663  0.670846  0.773654  0.773217  0.751117  0.794348 
15  0.784506  0.887571  0.642079  0.637545  0.751924  0.808139  0.703634  0.645244  0.744710  0.882950  0.473509  0.717347  0.744350  0.667111  0.657432 0.0  0.331967  0.832873  0.749362  0.154683  0.540718  0.913954  0.719599  0.769389  0.806722  0.673532  0.804049  0.630792  0.362056  0.817912  1.000000  0.630407  0.380581  0.833292  0.393535  0.822783  0.657716  0.822700  0.672456  0.776148  0.707365  0.316309  0.697929  0.449710 
16  0.815598  0.854824  0.683812  0.574281  0.698951  0.766293  0.682707  0.669409  0.747337  0.792857  0.484741  0.782115  0.652975  0.646345  0.741690  0.331967 0.0  0.766871  0.799806  0.261576  0.508381  0.882583  0.747724  0.801922  0.760356  0.758171  0.780508  0.648475  0.335075  0.904965  0.860336  0.648284  0.460601  0.747004  0.439839  0.787990  0.749475  0.702606  0.789585  0.840318  0.668445  0.308758  0.692122  0.671398 
17  0.664004  0.534203  0.727210  0.651463  0.551341  0.658400  0.546675  0.692057  0.660349  0.595451  0.811450  0.713571  0.645323  0.667351  0.446578  0.832873  0.766871 0.0  0.570045  0.787930  0.810638  0.677656  0.686101  0.528255  0.458897  0.698090  0.579613  0.823456  0.824280  0.433929  0.712996  0.695316  0.620492  0.702076  0.759408  0.652011  0.741495  0.636690  0.620351  0.638623  0.669708  0.932562  0.632305  0.760290 
18  0.661670  0.673950  0.683902  0.789503  0.658067  0.720020  0.629509  0.643416  0.681249  0.713486  0.774426  0.755608  0.648512  0.755334  0.566878  0.749362  0.799806  0.570045 0.0  0.714340  0.700579  0.831275  0.745780  0.551976  0.680929  0.776613  0.506561  0.821178  0.751661  0.613360  0.777085  0.814877  0.819423  0.810598  0.899531  0.806885  0.737488  0.693079  0.675098  0.733082  0.835134  0.752000  0.776289  0.676493 
19  0.771808  0.865448  0.627628  0.476484  0.714560  0.730797  0.843851  0.652919  0.920525  0.725673  0.326714  0.771892  0.723425  0.708122  0.664206  0.154683  0.261576  0.787930  0.714340 0.0  0.536213  0.863410  0.733605  0.783266  0.790788  0.728646  0.750654  0.623362  0.382732  0.733561  0.973019  0.674132  0.428927  0.853552  0.372478  0.975010  0.638244  0.767461  0.725382  0.840907  0.578216  0.450459  0.743751  0.464530 
20  0.791099  0.884947  0.588100  0.793319  0.815901  0.865475  0.826354  0.730660  0.898174  0.796792  0.580507  0.615848  0.891639  0.722853  0.762685  0.540718  0.508381  0.810638  0.700579  0.536213 0.0  0.963122  0.715828  0.821790  0.723141  0.759366  0.812968  0.703215  0.482582  0.800693  0.816806  0.768737  0.582893  0.876639  0.497484  0.853914  0.734814  0.769962  0.697449  0.752837  0.827753  0.487677  0.621439  0.265067 
21  0.755968  0.663194  0.833430  0.743347  0.733701  0.553413  0.823381  0.665504  0.731076  0.623752  0.771848  0.750766  0.718683  0.761461  0.696629  0.913954  0.882583  0.677656  0.831275  0.863410  0.963122 0.0  0.771306  0.694420  0.637626  0.711858  0.724060  0.744566  0.829943  0.681916  0.728635  0.790502  0.854917  0.568045  0.823579  0.760964  0.688519  0.681061  0.786037  0.598727  0.812420  0.842003  0.815221  0.820827 
22  0.609562  0.646652  0.594263  0.630771  0.474654  0.682568  0.478332  0.528059  0.821688  0.598495  0.801756  0.585049  0.568329  0.550195  0.625922  0.719599  0.747724  0.686101  0.745780  0.733605  0.715828  0.771306 0.0  0.736281  0.552720  0.402136  0.441896  0.668814  0.725402  0.662619  0.875667  0.598579  0.670003  0.731145  0.711334  0.719088  0.590289  0.627699  0.565719  0.652013  0.705976  0.694133  0.613350  0.659636 
23  0.795861  0.639344  0.771475  0.769162  0.724574  0.717952  0.672257  0.712821  0.539107  0.628090  0.686042  0.720413  0.810268  0.729148  0.642742  0.769389  0.801922  0.528255  0.551976  0.783266  0.821790  0.694420  0.736281 0.0  0.631940  0.675999  0.665049  0.792138  0.789111  0.558948  0.647370  0.677431  0.759015  0.686466  0.815474  0.662576  0.760975  0.631142  0.745503  0.538249  0.882075  0.792114  0.798301  0.801810 
24  0.582138  0.640442  0.665213  0.659892  0.388897  0.660764  0.487223  0.578885  0.586084  0.584634  0.841638  0.478649  0.499030  0.673829  0.521012  0.806722  0.760356  0.458897  0.680929  0.790788  0.723141  0.637626  0.552720  0.631940 0.0  0.705351  0.407782  0.679165  0.672861  0.579184  0.825723  0.641535  0.719002  0.646246  0.739737  0.813130  0.679128  0.684434  0.456544  0.671020  0.607345  0.643979  0.637845  0.743720 
25  0.501096  0.686651  0.485617  0.570844  0.571207  0.631811  0.583430  0.627155  0.642758  0.646402  0.738159  0.393722  0.447253  0.615327  0.579845  0.673532  0.758171  0.698090  0.776613  0.728646  0.759366  0.711858  0.402136  0.675999  0.705351 0.0  0.412538  0.529421  0.736710  0.601134  0.856360  0.551660  0.677330  0.685506  0.765644  0.742733  0.595506  0.789343  0.443050  0.714123  0.547617  0.687515  0.668551  0.763125 
26  0.580252  0.686797  0.626762  0.566036  0.520626  0.655708  0.377666  0.576711  0.738286  0.686631  0.804098  0.492246  0.471967  0.613355  0.516626  0.804049  0.780508  0.579613  0.506561  0.750654  0.812968  0.724060  0.441896  0.665049  0.407782  0.412538 0.0  0.652704  0.708337  0.589091  0.713890  0.673761  0.711021  0.665446  0.854657  0.816385  0.622234  0.715487  0.659915  0.630545  0.674770  0.826931  0.601356  0.769083 
27  0.652742  0.794640  0.426631  0.377320  0.676103  0.796063  0.668575  0.070050  0.766966  0.674360  0.685153  0.379726  0.536480  0.272916  0.721623  0.630792  0.648475  0.823456  0.821178  0.623362  0.703215  0.744566  0.668814  0.792138  0.679165  0.529421  0.652704 0.0  0.665520  0.731927  0.827480  0.346309  0.576561  0.689765  0.680669  0.878411  0.298037  0.637358  0.537447  0.755284  0.458819  0.610598  0.382656  0.753716 
28  0.814099  0.774648  0.684409  0.662643  0.734255  0.817234  0.756887  0.814202  0.839119  0.899088  0.401761  0.733758  0.685519  0.586636  0.673658  0.362056  0.335075  0.824280  0.751661  0.382732  0.482582  0.829943  0.725402  0.789111  0.672861  0.736710  0.708337  0.665520 0.0  0.800065  0.926841  0.702278  0.469671  0.870257  0.179680  0.832385  0.645370  0.686140  0.755299  0.775267  0.667131  0.276882  0.639729  0.571326 
29  0.580959  0.686830  0.811906  0.699050  0.615416  0.648577  0.638347  0.695731  0.663242  0.536264  0.814937  0.718265  0.554378  0.731401  0.553626  0.817912  0.904965  0.433929  0.613360  0.733561  0.800693  0.681916  0.662619  0.558948  0.579184  0.601134  0.589091  0.731927  0.800065 0.0  0.667845  0.753923  0.735151  0.681665  0.815009  0.802320  0.690640  0.688960  0.624103  0.539581  0.721230  0.777845  0.705481  0.781027 
30  0.694499  0.763381  0.819472  0.814950  0.740519  0.663354  0.762907  0.756189  0.803845  0.758098  0.808682  0.805655  0.795022  0.868406  0.650081  1.000000  0.860336  0.712996  0.777085  0.973019  0.816806  0.728635  0.875667  0.647370  0.825723  0.856360  0.713890  0.827480  0.926841  0.667845 0.0  0.854295  0.762297  0.707404  0.867199  0.459915  0.909459  0.860656  0.814949  0.712729  0.751200  0.772634  0.725778  0.885837 
31  0.675699  0.900829  0.288399  0.521804  0.657379  0.699395  0.771786  0.319531  0.777829  0.669167  0.577934  0.546804  0.536755  0.000000  0.693947  0.630407  0.648284  0.695316  0.814877  0.674132  0.768737  0.790502  0.598579  0.677431  0.641535  0.551660  0.673761  0.346309  0.702278  0.753923  0.854295 0.0  0.586330  0.709751  0.696447  0.895584  0.280958  0.702359  0.527461  0.742667  0.365905  0.647016  0.224683  0.780559 
32  0.834175  0.739830  0.620544  0.515927  0.749933  0.785777  0.719500  0.605014  0.748363  0.788407  0.229919  0.640128  0.745520  0.670480  0.804004  0.380581  0.460601  0.620492  0.819423  0.428927  0.582893  0.854917  0.670003  0.759015  0.719002  0.677330  0.711021  0.576561  0.469671  0.735151  0.762297  0.586330 0.0  0.833705  0.536913  0.797697  0.679893  0.780163  0.640189  0.669317  0.522188  0.514505  0.583039  0.594720 
33  0.567746  0.501584  0.780550  0.681093  0.680173  0.374791  0.749496  0.718319  0.434950  0.499076  0.782032  0.688938  0.549772  0.619464  0.720034  0.833292  0.747004  0.702076  0.810598  0.853552  0.876639  0.568045  0.731145  0.686466  0.646246  0.685506  0.665446  0.689765  0.870257  0.681665  0.707404  0.709751  0.833705 0.0  0.754736  0.712414  0.704925  0.494156  0.639043  0.566089  0.666937  0.791448  0.850207  0.834950 
34  0.837343  0.833502  0.660523  0.632397  0.716026  0.859050  0.700962  0.625757  0.830615  0.753816  0.604673  0.767570  0.781590  0.717264  0.820634  0.393535  0.439839  0.759408  0.899531  0.372478  0.497484  0.823579  0.711334  0.815474  0.739737  0.765644  0.854657  0.680669  0.179680  0.815009  0.867199  0.696447  0.536913  0.754736 0.0  0.815717  0.604847  0.799875  0.703266  0.924021  0.665888  0.064328  0.776926  0.482088 
35  0.793365  0.760067  0.901147  0.704615  0.819141  0.744571  0.767246  0.934765  0.759640  0.695281  0.775776  0.866469  0.723110  0.854909  0.777710  0.822783  0.787990  0.652011  0.806885  0.975010  0.853914  0.760964  0.719088  0.662576  0.813130  0.742733  0.816385  0.878411  0.832385  0.802320  0.459915  0.895584  0.797697  0.712414  0.815717 0.0  0.752899  0.807891  0.825214  0.702498  0.830725  0.887444  0.829656  0.908109 
36  0.578373  0.798625  0.306255  0.461614  0.622438  0.720407  0.587397  0.255752  0.764329  0.754294  0.610397  0.592371  0.620652  0.245519  0.587338  0.657716  0.749475  0.741495  0.737488  0.638244  0.734814  0.688519  0.590289  0.760975  0.679128  0.595506  0.622234  0.298037  0.645370  0.690640  0.909459  0.280958  0.679893  0.704925  0.604847  0.752899 0.0  0.707466  0.550933  0.766511  0.343706  0.716356  0.229249  0.696686 
37  0.600513  0.377768  0.662683  0.754376  0.568568  0.236461  0.649577  0.714077  0.387748  0.518998  0.750231  0.732854  0.622274  0.662971  0.667351  0.822700  0.702606  0.636690  0.693079  0.767461  0.769962  0.681061  0.627699  0.631142  0.684434  0.789343  0.715487  0.637358  0.686140  0.688960  0.860656  0.702359  0.780163  0.494156  0.799875  0.807891  0.707466 0.0  0.626724  0.550036  0.724536  0.795189  0.745742  0.828221 
38  0.489767  0.671058  0.548453  0.618883  0.600582  0.617366  0.695029  0.548934  0.636604  0.620046  0.652441  0.276160  0.520043  0.529668  0.651663  0.672456  0.789585  0.620351  0.675098  0.725382  0.697449  0.786037  0.565719  0.745503  0.456544  0.443050  0.659915  0.537447  0.755299  0.624103  0.814949  0.527461  0.640189  0.639043  0.703266  0.825214  0.550933  0.626724 0.0  0.692036  0.504914  0.736209  0.539955  0.721876 
39  0.571475  0.509403  0.741494  0.769067  0.652732  0.594922  0.612680  0.758127  0.467207  0.579297  0.842643  0.732013  0.657839  0.733780  0.670846  0.776148  0.840318  0.638623  0.733082  0.840907  0.752837  0.598727  0.652013  0.538249  0.671020  0.714123  0.630545  0.755284  0.775267  0.539581  0.712729  0.742667  0.669317  0.566089  0.924021  0.702498  0.766511  0.550036  0.692036 0.0  0.698395  0.808609  0.877714  0.842409 
40  0.666628  0.780429  0.433573  0.435952  0.638176  0.740971  0.560169  0.547630  0.727232  0.576263  0.526281  0.639332  0.618896  0.403119  0.773654  0.707365  0.668445  0.669708  0.835134  0.578216  0.827753  0.812420  0.705976  0.882075  0.607345  0.547617  0.674770  0.458819  0.667131  0.721230  0.751200  0.365905  0.522188  0.666937  0.665888  0.830725  0.343706  0.724536  0.504914  0.698395 0.0  0.662262  0.386525  0.639911 
41  0.733082  0.788167  0.658656  0.548199  0.816817  0.754484  0.805326  0.739910  0.816782  0.741571  0.447206  0.664293  0.601640  0.655000  0.773217  0.316309  0.308758  0.932562  0.752000  0.450459  0.487677  0.842003  0.694133  0.792114  0.643979  0.687515  0.826931  0.610598  0.276882  0.777845  0.772634  0.647016  0.514505  0.791448  0.064328  0.887444  0.716356  0.795189  0.736209  0.808609  0.662262 0.0  0.622059  0.516214 
42  0.635183  0.705369  0.418889  0.455522  0.753506  0.756278  0.654697  0.370505  0.711970  0.734214  0.562605  0.487577  0.697976  0.169316  0.751117  0.697929  0.692122  0.632305  0.776289  0.743751  0.621439  0.815221  0.613350  0.798301  0.637845  0.668551  0.601356  0.382656  0.639729  0.705481  0.725778  0.224683  0.583039  0.850207  0.776926  0.829656  0.229249  0.745742  0.539955  0.877714  0.386525  0.622059 0.0  0.661532 
43  0.747655  0.727299  0.817189  0.601434  0.738101  0.844507  0.666044  0.678122  0.897237  0.791468  0.602795  0.779065  0.699676  0.699322  0.794348  0.449710  0.671398  0.760290  0.676493  0.464530  0.265067  0.820827  0.659636  0.801810  0.743720  0.763125  0.769083  0.753716  0.571326  0.781027  0.885837  0.780559  0.594720  0.834950  0.482088  0.908109  0.696686  0.828221  0.721876  0.842409  0.639911  0.516214  0.661532 0.0 
