44
0 0.0  0.669902  0.665026  0.797228  0.567114  0.759032  0.795693  0.391407  0.679298  0.358001  0.639447  0.698319  0.735452  0.664044  0.483511  0.717706  0.715492  0.688538  0.767669  0.537040  0.740153  0.718509  0.840118  0.713797  0.426896  0.634212  0.637733  0.770098  0.788261  0.401546  0.614647  0.730840  0.480218  0.614098  0.643490  0.600392  0.759352  0.769209  0.615610  0.460629  0.736522  0.540752  0.476228  0.807074 
1  0.669902 0.0  0.749461  0.867951  0.719334  0.767320  0.827475  0.644700  0.786062  0.684144  0.745546  0.757524  0.779033  0.812472  0.755319  0.783261  0.794600  0.852990  0.910638  0.694398  0.873810  0.831941  0.813940  0.894947  0.722239  0.779049  0.833593  0.755642  0.787882  0.791596  0.919087  0.854831  0.755588  0.768786  0.844894  0.727331  0.938756  0.902306  0.783079  0.777565  0.842624  0.783704  0.723523  0.894823 
2  0.665026  0.749461 0.0  0.604692  0.582888  0.528309  0.728914  0.679840  0.719819  0.566696  0.780631  0.600331  0.662804  0.231502  0.513287  0.502159  0.610818  0.674719  0.711302  0.663721  0.503757  0.692042  0.742520  0.749227  0.604151  0.428246  0.551715  0.843048  0.845029  0.522578  0.657881  0.673512  0.659480  0.670167  0.466483  0.568176  0.578301  0.677649  0.624755  0.620744  0.442008  0.349016  0.635674  0.674516 
3  0.797228  0.867951  0.604692 0.0  0.667164  0.339893  0.587145  0.754220  0.713476  0.661613  0.715527  0.179782  0.204268  0.618064  0.641292  0.454162  0.448742  0.404818  0.660437  0.787884  0.622472  0.827738  0.840022  0.828037  0.554909  0.630489  0.629065  0.838116  0.608759  0.661525  0.614986  0.751105  0.692759  0.710660  0.436914  0.580118  0.375960  0.681401  0.670962  0.730606  0.457464  0.619607  0.622925  0.612918 
4  0.567114  0.719334  0.582888  0.667164 0.0  0.557498  0.620102  0.755637  0.749906  0.517151  0.771184  0.638881  0.576090  0.499968  0.591642  0.550122  0.693499  0.603415  0.744448  0.657023  0.465020  0.645381  0.717622  0.766118  0.469382  0.523862  0.651449  0.751928  0.728428  0.359792  0.521642  0.633574  0.798031  0.707841  0.504870  0.484499  0.701631  0.676267  0.665761  0.504570  0.571252  0.385485  0.576601  0.682464 
5  0.759032  0.767320  0.528309  0.339893  0.557498 0.0  0.642066  0.644787  0.640260  0.688759  0.826593  0.325407  0.506234  0.578133  0.642875  0.255882  0.537170  0.517885  0.694209  0.687708  0.589847  0.720661  0.753106  0.793037  0.719031  0.624944  0.653517  0.803330  0.627242  0.519323  0.716206  0.592952  0.678553  0.746557  0.341741  0.581207  0.321000  0.633770  0.742934  0.676185  0.372729  0.500745  0.734220  0.701151 
6  0.795693  0.827475  0.728914  0.587145  0.620102  0.642066 0.0  0.768169  0.772290  0.810250  0.804642  0.609113  0.654750  0.664260  0.733702  0.629886  0.702069  0.581344  0.449317  0.875155  0.645514  0.727065  0.574000  0.784547  0.636373  0.761123  0.798838  0.824844  0.453617  0.746909  0.723090  0.722637  0.749032  0.797393  0.678219  0.698730  0.636745  0.593351  0.766674  0.761214  0.778932  0.712437  0.804698  0.445979 
7  0.391407  0.644700  0.679840  0.754220  0.755637  0.644787  0.768169 0.0  0.688086  0.502064  0.580175  0.692218  0.718202  0.676600  0.542692  0.686986  0.612462  0.665779  0.833662  0.538028  0.748404  0.759396  0.858331  0.698151  0.454135  0.596254  0.683194  0.825394  0.750398  0.696835  0.601806  0.629593  0.534138  0.560090  0.604790  0.549692  0.772568  0.890170  0.572998  0.412732  0.760495  0.649511  0.457927  0.736849 
8  0.679298  0.786062  0.719819  0.713476  0.749906  0.640260  0.772290  0.688086 0.0  0.683357  0.624497  0.687370  0.806338  0.826409  0.669804  0.865222  0.861678  0.789707  0.783663  0.794333  0.809196  0.487119  0.975042  0.532897  0.568611  0.672083  0.675685  0.798784  0.697981  0.696717  0.602680  0.478984  0.641066  0.630150  0.705199  0.771831  0.679424  0.815662  0.721621  0.633685  0.739228  0.840710  0.693139  0.809879 
9  0.358001  0.684144  0.566696  0.661613  0.517151  0.688759  0.810250  0.502064  0.683357 0.0  0.650091  0.671557  0.685062  0.690832  0.457997  0.665371  0.670342  0.633395  0.831487  0.603388  0.584558  0.624813  0.807661  0.754441  0.507889  0.459741  0.651522  0.800996  0.781471  0.459408  0.621179  0.691359  0.648256  0.578605  0.736305  0.497464  0.571030  0.865571  0.654456  0.571548  0.701599  0.672532  0.546562  0.774525 
10  0.639447  0.745546  0.780631  0.715527  0.771184  0.826593  0.804642  0.580175  0.624497  0.650091 0.0  0.823182  0.831505  0.707088  0.712902  0.820469  0.817956  0.664819  0.839994  0.572967  0.740863  0.731521  0.775109  0.699356  0.717403  0.683753  0.738600  0.691096  0.829482  0.587297  0.656509  0.642248  0.561594  0.604702  0.814441  0.844338  0.762624  0.791233  0.685799  0.682331  0.691361  0.728049  0.572962  0.810655 
11  0.698319  0.757524  0.600331  0.179782  0.638881  0.325407  0.609113  0.692218  0.687370  0.671557  0.823182 0.0  0.413225  0.553493  0.644804  0.302176  0.505492  0.505841  0.693367  0.675223  0.521173  0.648756  0.717593  0.803001  0.693776  0.496121  0.559434  0.795984  0.734174  0.599968  0.659100  0.717967  0.799868  0.729103  0.457138  0.633321  0.075640  0.568403  0.726464  0.784127  0.420107  0.591364  0.699446  0.591701 
12  0.735452  0.779033  0.662804  0.204268  0.576090  0.506234  0.654750  0.718202  0.806338  0.685062  0.831505  0.413225 0.0  0.648616  0.589565  0.433015  0.382232  0.412871  0.661670  0.772948  0.601033  0.682388  0.614148  0.847912  0.750007  0.622797  0.750736  0.830121  0.655911  0.734078  0.668673  0.734373  0.732888  0.823059  0.521423  0.634840  0.279598  0.569126  0.778078  0.683821  0.511949  0.657985  0.657049  0.588180 
13  0.664044  0.812472  0.231502  0.618064  0.499968  0.578133  0.664260  0.676600  0.826409  0.690832  0.707088  0.553493  0.648616 0.0  0.556479  0.482087  0.743804  0.743084  0.714976  0.699842  0.534805  0.742900  0.770170  0.795732  0.672423  0.433158  0.547271  0.887453  0.713439  0.546292  0.656313  0.613087  0.612248  0.708798  0.485086  0.586527  0.693905  0.734296  0.698451  0.660750  0.540358  0.465225  0.645203  0.575167 
14  0.483511  0.755319  0.513287  0.641292  0.591642  0.642875  0.733702  0.542692  0.669804  0.457997  0.712902  0.644804  0.589565  0.556479 0.0  0.610879  0.726466  0.703050  0.708994  0.593406  0.565682  0.694680  0.834606  0.709527  0.390976  0.416989  0.667710  0.784233  0.687733  0.380303  0.534375  0.618894  0.527470  0.642254  0.658350  0.565436  0.699407  0.679144  0.727948  0.436393  0.583342  0.596892  0.452206  0.718993 
15  0.717706  0.783261  0.502159  0.454162  0.550122  0.255882  0.629886  0.686986  0.865222  0.665371  0.820469  0.302176  0.433015  0.482087  0.610879 0.0  0.508221  0.607198  0.687658  0.691060  0.496495  0.757217  0.703769  0.868180  0.657795  0.569338  0.660582  0.874921  0.738202  0.607648  0.656736  0.747417  0.686167  0.788562  0.389156  0.565968  0.337811  0.603111  0.671357  0.671768  0.345234  0.565993  0.565155  0.685070 
16  0.715492  0.794600  0.610818  0.448742  0.693499  0.537170  0.702069  0.612462  0.861678  0.670342  0.817956  0.505492  0.382232  0.743804  0.726466  0.508221 0.0  0.313820  0.585903  0.649338  0.717622  0.798775  0.698710  0.890017  0.683660  0.741948  0.719155  0.888906  0.523532  0.830742  0.785233  0.782208  0.641580  0.632685  0.539269  0.610658  0.574464  0.518061  0.764743  0.747968  0.623702  0.588514  0.816667  0.526644 
17  0.688538  0.852990  0.674719  0.404818  0.603415  0.517885  0.581344  0.665779  0.789707  0.633395  0.664819  0.505841  0.412871  0.743084  0.703050  0.607198  0.313820 0.0  0.551653  0.741843  0.720228  0.715601  0.592257  0.800322  0.707516  0.564533  0.642138  0.816201  0.651181  0.639402  0.634732  0.839405  0.736515  0.761292  0.650475  0.643332  0.416350  0.603986  0.692606  0.833843  0.526580  0.713059  0.734439  0.569543 
18  0.767669  0.910638  0.711302  0.660437  0.744448  0.694209  0.449317  0.833662  0.783663  0.831487  0.839994  0.693367  0.661670  0.714976  0.708994  0.687658  0.585903  0.551653 0.0  0.795996  0.776114  0.891190  0.558356  0.845325  0.712639  0.809723  0.789739  0.935224  0.298634  0.705504  0.750773  0.792672  0.820691  0.802970  0.707613  0.629920  0.749239  0.568358  0.792852  0.735940  0.700739  0.756007  0.838048  0.469118 
19  0.537040  0.694398  0.663721  0.787884  0.657023  0.687708  0.875155  0.538028  0.794333  0.603388  0.572967  0.675223  0.772948  0.699842  0.593406  0.691060  0.649338  0.741843  0.795996 0.0  0.789629  0.635982  0.751626  0.822491  0.484394  0.586193  0.732380  0.716460  0.950298  0.658777  0.650611  0.745227  0.546859  0.620452  0.788795  0.639197  0.664715  0.696638  0.484889  0.389973  0.774410  0.745570  0.534838  0.858455 
20  0.740153  0.873810  0.503757  0.622472  0.465020  0.589847  0.645514  0.748404  0.809196  0.584558  0.740863  0.521173  0.601033  0.534805  0.565682  0.496495  0.717622  0.720228  0.776114  0.789629 0.0  0.691112  0.736599  0.804431  0.615487  0.586876  0.659996  0.741251  0.705543  0.553177  0.635343  0.648299  0.674834  0.808334  0.567605  0.254774  0.638100  0.646005  0.592361  0.605080  0.675603  0.535158  0.637537  0.695142 
21  0.718509  0.831941  0.692042  0.827738  0.645381  0.720661  0.727065  0.759396  0.487119  0.624813  0.731521  0.648756  0.682388  0.742900  0.694680  0.757217  0.798775  0.715601  0.891190  0.635982  0.691112 0.0  0.833754  0.583827  0.601521  0.720552  0.714558  0.799896  0.752240  0.641202  0.647331  0.450453  0.472358  0.547822  0.674244  0.642819  0.689096  0.763354  0.684453  0.605819  0.731405  0.661466  0.651813  0.772717 
22  0.840118  0.813940  0.742520  0.840022  0.717622  0.753106  0.574000  0.858331  0.975042  0.807661  0.775109  0.717593  0.614148  0.770170  0.834606  0.703769  0.698710  0.592257  0.558356  0.751626  0.736599  0.833754 0.0  0.907955  0.829633  0.813174  0.718612  0.886758  0.580227  0.772519  0.806624  0.871203  0.847239  0.765718  0.794002  0.779794  0.756657  0.577392  0.801336  0.872910  0.752100  0.773179  0.790150  0.586753 
23  0.713797  0.894947  0.749227  0.828037  0.766118  0.793037  0.784547  0.698151  0.532897  0.754441  0.699356  0.803001  0.847912  0.795732  0.709527  0.868180  0.890017  0.800322  0.845325  0.822491  0.804431  0.583827  0.907955 0.0  0.804835  0.732734  0.749815  0.712357  0.760707  0.719605  0.795249  0.631116  0.771428  0.750301  0.722572  0.828662  0.789151  0.850165  0.853919  0.761287  0.861774  0.760000  0.833600  0.922304 
24  0.426896  0.722239  0.604151  0.554909  0.469382  0.719031  0.636373  0.454135  0.568611  0.507889  0.717403  0.693776  0.750007  0.672423  0.390976  0.657795  0.683660  0.707516  0.712639  0.484394  0.615487  0.601521  0.829633  0.804835 0.0  0.612502  0.648615  0.841533  0.773912  0.461808  0.484857  0.534510  0.481109  0.652808  0.648435  0.413198  0.741859  0.826703  0.618942  0.536552  0.622115  0.532695  0.495597  0.682850 
25  0.634212  0.779049  0.428246  0.630489  0.523862  0.624944  0.761123  0.596254  0.672083  0.459741  0.683753  0.496121  0.622797  0.433158  0.416989  0.569338  0.741948  0.564533  0.809723  0.586193  0.586876  0.720552  0.813174  0.732734  0.612502 0.0  0.536770  0.764003  0.786744  0.616607  0.380563  0.678859  0.640378  0.621191  0.576586  0.541760  0.675246  0.847479  0.603390  0.605523  0.584977  0.471501  0.596354  0.678354 
26  0.637733  0.833593  0.551715  0.629065  0.651449  0.653517  0.798838  0.683194  0.675685  0.651522  0.738600  0.559434  0.750736  0.547271  0.667710  0.660582  0.719155  0.642138  0.789739  0.732380  0.659996  0.714558  0.718612  0.749815  0.648615  0.536770 0.0  0.827450  0.720211  0.618538  0.486161  0.508740  0.600691  0.642370  0.547251  0.765933  0.630723  0.783715  0.804491  0.669138  0.644113  0.610587  0.626412  0.765446 
27  0.770098  0.755642  0.843048  0.838116  0.751928  0.803330  0.824844  0.825394  0.798784  0.800996  0.691096  0.795984  0.830121  0.887453  0.784233  0.874921  0.888906  0.816201  0.935224  0.716460  0.741251  0.799896  0.886758  0.712357  0.841533  0.764003  0.827450 0.0  1.000000  0.821723  0.884257  0.825923  0.830180  0.773827  0.923926  0.967313  0.878150  0.830641  0.731982  0.734894  0.787702  0.815935  0.838150  0.842547 
28  0.788261  0.787882  0.845029  0.608759  0.728428  0.627242  0.453617  0.750398  0.697981  0.781471  0.829482  0.734174  0.655911  0.713439  0.687733  0.738202  0.523532  0.651181  0.298634  0.950298  0.705543  0.752240  0.580227  0.760707  0.773912  0.786744  0.720211  1.000000 0.0  0.665040  0.870797  0.869950  0.850928  0.805580  0.766026  0.700612  0.758541  0.481323  0.858571  0.724896  0.682529  0.770985  0.798421  0.475947 
29  0.401546  0.791596  0.522578  0.661525  0.359792  0.519323  0.746909  0.696835  0.696717  0.459408  0.587297  0.599968  0.734078  0.546292  0.380303  0.607648  0.830742  0.639402  0.705504  0.658777  0.553177  0.641202  0.772519  0.719605  0.461808  0.616607  0.618538  0.821723  0.665040 0.0  0.594061  0.658199  0.556174  0.757230  0.645056  0.498057  0.774482  0.739202  0.654142  0.558901  0.546617  0.507226  0.615786  0.683020 
30  0.614647  0.919087  0.657881  0.614986  0.521642  0.716206  0.723090  0.601806  0.602680  0.621179  0.656509  0.659100  0.668673  0.656313  0.534375  0.656736  0.785233  0.634732  0.750773  0.650611  0.635343  0.647331  0.806624  0.795249  0.484857  0.380563  0.486161  0.884257  0.870797  0.594061 0.0  0.667654  0.618697  0.580898  0.534946  0.699042  0.713110  0.697753  0.672940  0.584695  0.655413  0.516108  0.465520  0.631878 
31  0.730840  0.854831  0.673512  0.751105  0.633574  0.592952  0.722637  0.629593  0.478984  0.691359  0.642248  0.717967  0.734373  0.613087  0.618894  0.747417  0.782208  0.839405  0.792672  0.745227  0.648299  0.450453  0.871203  0.631116  0.534510  0.678859  0.508740  0.825923  0.869950  0.658199  0.667654 0.0  0.501492  0.552641  0.756316  0.692958  0.714073  0.747887  0.698516  0.663029  0.693222  0.705879  0.575125  0.792391 
32  0.480218  0.755588  0.659480  0.692759  0.798031  0.678553  0.749032  0.534138  0.641066  0.648256  0.561594  0.799868  0.732888  0.612248  0.527470  0.686167  0.641580  0.736515  0.820691  0.546859  0.674834  0.472358  0.847239  0.771428  0.481109  0.640378  0.600691  0.830180  0.850928  0.556174  0.618697  0.501492 0.0  0.512794  0.675126  0.752612  0.741644  0.627841  0.573665  0.490854  0.741152  0.692244  0.609924  0.817292 
33  0.614098  0.768786  0.670167  0.710660  0.707841  0.746557  0.797393  0.560090  0.630150  0.578605  0.604702  0.729103  0.823059  0.708798  0.642254  0.788562  0.632685  0.761292  0.802970  0.620452  0.808334  0.547822  0.765718  0.750301  0.652808  0.621191  0.642370  0.773827  0.805580  0.757230  0.580898  0.552641  0.512794 0.0  0.757912  0.742085  0.804336  0.769992  0.751611  0.514717  0.660146  0.710596  0.640184  0.882666 
34  0.643490  0.844894  0.466483  0.436914  0.504870  0.341741  0.678219  0.604790  0.705199  0.736305  0.814441  0.457138  0.521423  0.485086  0.658350  0.389156  0.539269  0.650475  0.707613  0.788795  0.567605  0.674244  0.794002  0.722572  0.648435  0.576586  0.547251  0.923926  0.766026  0.645056  0.534946  0.756316  0.675126  0.757912 0.0  0.453816  0.360286  0.763328  0.813577  0.615974  0.280627  0.534423  0.685797  0.645124 
35  0.600392  0.727331  0.568176  0.580118  0.484499  0.581207  0.698730  0.549692  0.771831  0.497464  0.844338  0.633321  0.634840  0.586527  0.565436  0.565968  0.610658  0.643332  0.629920  0.639197  0.254774  0.642819  0.779794  0.828662  0.413198  0.541760  0.765933  0.967313  0.700612  0.498057  0.699042  0.692958  0.752612  0.742085  0.453816 0.0  0.570806  0.691126  0.638665  0.490482  0.510028  0.519611  0.635423  0.703193 
36  0.759352  0.938756  0.578301  0.375960  0.701631  0.321000  0.636745  0.772568  0.679424  0.571030  0.762624  0.075640  0.279598  0.693905  0.699407  0.337811  0.574464  0.416350  0.749239  0.664715  0.638100  0.689096  0.756657  0.789151  0.741859  0.675246  0.630723  0.878150  0.758541  0.774482  0.713110  0.714073  0.741644  0.804336  0.360286  0.570806 0.0  0.688746  0.696581  0.653786  0.335332  0.604887  0.607109  0.667537 
37  0.769209  0.902306  0.677649  0.681401  0.676267  0.633770  0.593351  0.890170  0.815662  0.865571  0.791233  0.568403  0.569126  0.734296  0.679144  0.603111  0.518061  0.603986  0.568358  0.696638  0.646005  0.763354  0.577392  0.850165  0.826703  0.847479  0.783715  0.830641  0.481323  0.739202  0.697753  0.747887  0.627841  0.769992  0.763328  0.691126  0.688746 0.0  0.771269  0.862543  0.563299  0.700157  0.700284  0.568056 
38  0.615610  0.783079  0.624755  0.670962  0.665761  0.742934  0.766674  0.572998  0.721621  0.654456  0.685799  0.726464  0.778078  0.698451  0.727948  0.671357  0.764743  0.692606  0.792852  0.484889  0.592361  0.684453  0.801336  0.853919  0.618942  0.603390  0.804491  0.731982  0.858571  0.654142  0.672940  0.698516  0.573665  0.751611  0.813577  0.638665  0.696581  0.771269 0.0  0.605485  0.724782  0.758478  0.648902  0.687242 
39  0.460629  0.777565  0.620744  0.730606  0.504570  0.676185  0.761214  0.412732  0.633685  0.571548  0.682331  0.784127  0.683821  0.660750  0.436393  0.671768  0.747968  0.833843  0.735940  0.389973  0.605080  0.605819  0.872910  0.761287  0.536552  0.605523  0.669138  0.734894  0.724896  0.558901  0.584695  0.663029  0.490854  0.514717  0.615974  0.490482  0.653786  0.862543  0.605485 0.0  0.748559  0.612025  0.311945  0.964273 
40  0.736522  0.842624  0.442008  0.457464  0.571252  0.372729  0.778932  0.760495  0.739228  0.701599  0.691361  0.420107  0.511949  0.540358  0.583342  0.345234  0.623702  0.526580  0.700739  0.774410  0.675603  0.731405  0.752100  0.861774  0.622115  0.584977  0.644113  0.787702  0.682529  0.546617  0.655413  0.693222  0.741152  0.660146  0.280627  0.510028  0.335332  0.563299  0.724782  0.748559 0.0  0.578649  0.731087  0.668463 
41  0.540752  0.783704  0.349016  0.619607  0.385485  0.500745  0.712437  0.649511  0.840710  0.672532  0.728049  0.591364  0.657985  0.465225  0.596892  0.565993  0.588514  0.713059  0.756007  0.745570  0.535158  0.661466  0.773179  0.760000  0.532695  0.471501  0.610587  0.815935  0.770985  0.507226  0.516108  0.705879  0.692244  0.710596  0.534423  0.519611  0.604887  0.700157  0.758478  0.612025  0.578649 0.0  0.584011  0.760541 
42  0.476228  0.723523  0.635674  0.622925  0.576601  0.734220  0.804698  0.457927  0.693139  0.546562  0.572962  0.699446  0.657049  0.645203  0.452206  0.565155  0.816667  0.734439  0.838048  0.534838  0.637537  0.651813  0.790150  0.833600  0.495597  0.596354  0.626412  0.838150  0.798421  0.615786  0.465520  0.575125  0.609924  0.640184  0.685797  0.635423  0.607109  0.700284  0.648902  0.311945  0.731087  0.584011 0.0  0.709792 
43  0.807074  0.894823  0.674516  0.612918  0.682464  0.701151  0.445979  0.736849  0.809879  0.774525  0.810655  0.591701  0.588180  0.575167  0.718993  0.685070  0.526644  0.569543  0.469118  0.858455  0.695142  0.772717  0.586753  0.922304  0.682850  0.678354  0.765446  0.842547  0.475947  0.683020  0.631878  0.792391  0.817292  0.882666  0.645124  0.703193  0.667537  0.568056  0.687242  0.964273  0.668463  0.760541  0.709792 0.0 
