73
0 0.0  0.651972  0.574235  0.656241  0.855498  0.714330  0.473976  0.711482  0.612467  0.552728  0.383349  0.755925  0.511689  0.667904  0.712256  0.656491  0.864163  0.540793  0.821023  0.774881  0.583621  0.743602  0.743128  0.637107  0.608395  0.536742  0.812802  0.707545  0.687906  0.658316  0.754587  0.840719  0.646180  0.705830  0.690377  0.635274  0.584930  0.666229  0.732537  0.672292  0.604594  0.787960  0.791089  0.538066  0.929733  0.727211  0.753272  0.775539  0.637413  0.771267  0.706290  0.851683  0.812139  0.515210  0.564632  0.657202  0.784677  0.612684  0.582109  0.580991  0.616468  0.645528  0.634505  0.576924  0.612841  0.736290  0.797060  0.446282  0.707160  0.617911  0.769932  0.510681  0.806905 
1  0.651972 0.0  0.685189  0.732221  0.808017  0.722519  0.710572  0.782019  0.652100  0.829353  0.625509  0.687989  0.717453  0.649830  0.691021  0.620026  0.632806  0.766110  0.746507  0.746949  0.709553  0.613404  0.731800  0.668392  0.724519  0.613218  0.731512  0.656401  0.730532  0.586487  0.757822  0.635086  0.746622  0.559461  0.548588  0.571842  0.744474  0.432282  0.720165  0.652630  0.643698  0.609859  0.756726  0.620146  0.884490  0.661068  0.548124  0.713562  0.642151  0.615316  0.691803  0.715030  0.906535  0.685659  0.666171  0.619919  0.773349  0.483179  0.837198  0.656883  0.726773  0.443655  0.690810  0.687130  0.508744  0.879874  0.672473  0.791156  0.691247  0.545925  0.635869  0.612797  0.774823 
2  0.574235  0.685189 0.0  0.711756  0.796697  0.461314  0.595924  0.799374  0.583586  0.675146  0.417982  0.740064  0.491039  0.735440  0.598028  0.662984  0.754244  0.676194  0.836606  0.859734  0.653785  0.730893  0.755160  0.666004  0.597676  0.691858  0.757239  0.620678  0.701213  0.697498  0.812002  0.712668  0.490700  0.825143  0.712120  0.657191  0.639235  0.727382  0.784062  0.704570  0.629255  0.770637  0.875228  0.461870  0.916422  0.746467  0.560605  0.682435  0.754420  0.683463  0.656300  0.775299  0.922346  0.663714  0.721236  0.732861  0.838398  0.658375  0.677708  0.505421  0.757496  0.648714  0.739442  0.671584  0.657414  0.700649  0.607263  0.664346  0.782262  0.637068  0.797877  0.632785  0.717128 
3  0.656241  0.732221  0.711756 0.0  0.704338  0.729693  0.851024  0.593632  0.806688  0.746036  0.691436  0.495985  0.733832  0.500112  0.845910  0.533256  0.679095  0.479726  0.465867  0.586852  0.731228  0.606373  0.661191  0.454458  0.664186  0.636234  0.615050  0.699417  0.637356  0.665659  0.666671  0.505432  0.665082  0.622411  0.458168  0.528717  0.733454  0.622585  0.762051  0.692261  0.671777  0.531051  0.693274  0.707362  0.783748  0.666220  0.813184  0.611570  0.563194  0.371539  0.564646  0.620328  0.854214  0.627509  0.552810  0.548043  0.584113  0.656347  0.672628  0.771880  0.784211  0.669360  0.584648  0.656670  0.583822  0.620689  0.372942  0.759872  0.334919  0.482027  0.588880  0.742985  0.459858 
4  0.855498  0.808017  0.796697  0.704338 0.0  0.837331  0.890622  0.752823  0.878962  0.878941  0.840538  0.824640  0.871581  0.799797  0.921341  0.823237  0.744809  0.758350  0.726705  0.863716  0.872252  0.734687  0.634322  0.867916  0.886959  0.790257  0.779146  0.730418  0.751530  0.820080  0.751195  0.679521  0.830160  0.805525  0.739704  0.711523  0.893111  0.778132  0.709843  0.742033  0.831579  0.720326  0.757050  0.895716  0.663822  0.842703  0.819260  0.880691  0.922963  0.782192  0.801616  0.695676  0.661428  0.825606  0.844703  0.799883  0.744622  0.818865  0.807241  0.789692  0.935634  0.733063  0.682554  0.804358  0.850881  0.744478  0.763034  0.877246  0.744906  0.765447  0.761226  0.987691  0.763087 
5  0.714330  0.722519  0.461314  0.729693  0.837331 0.0  0.566118  0.757725  0.538020  0.609395  0.592912  0.720528  0.547299  0.805750  0.468472  0.825764  0.736186  0.693376  0.735241  0.826229  0.706643  0.796061  0.847138  0.700935  0.559655  0.748524  0.770252  0.672959  0.657068  0.741440  0.787696  0.830112  0.530204  0.684815  0.762905  0.678768  0.588472  0.675525  0.778860  0.601929  0.664839  0.800288  0.681312  0.353990  0.927532  0.812879  0.496923  0.819687  0.662764  0.771976  0.698652  0.819745  0.942967  0.855884  0.716577  0.756259  0.903534  0.577396  0.666688  0.606362  0.796708  0.703426  0.754890  0.674373  0.695592  0.847877  0.631142  0.723527  0.692409  0.830880  0.759189  0.751492  0.625359 
6  0.473976  0.710572  0.595924  0.851024  0.890622  0.566118 0.0  0.665869  0.628822  0.494342  0.562154  0.797612  0.547799  0.747918  0.605491  0.670765  0.753400  0.644657  0.784855  0.803999  0.461581  0.755133  0.724864  0.735371  0.698443  0.629695  0.855025  0.666309  0.741927  0.792170  0.834049  0.828419  0.610066  0.624851  0.744797  0.607916  0.674769  0.680984  0.780307  0.660928  0.611002  0.769697  0.845288  0.568258  0.879991  0.813937  0.746028  0.805375  0.706169  0.757194  0.715535  0.749692  0.737738  0.813035  0.668233  0.726213  0.692297  0.702048  0.359581  0.555695  0.671210  0.682947  0.671224  0.680594  0.665364  0.835613  0.718636  0.411304  0.866286  0.754381  0.808015  0.506387  0.797145 
7  0.711482  0.782019  0.799374  0.593632  0.752823  0.757725  0.665869 0.0  0.790154  0.858869  0.804200  0.497119  0.651700  0.594041  0.818339  0.571095  0.398172  0.573740  0.598734  0.457386  0.798831  0.722780  0.587552  0.629176  0.808675  0.672714  0.419526  0.711367  0.681154  0.543691  0.573552  0.441191  0.843311  0.523213  0.669358  0.658718  0.825583  0.884226  0.592857  0.674070  0.690450  0.384200  0.710374  0.749610  0.847736  0.417290  0.700322  0.482370  0.721727  0.560672  0.648480  0.350700  0.890164  0.715224  0.614236  0.646946  0.435314  0.750706  0.707146  0.701764  0.875715  0.709810  0.648567  0.635593  0.686888  0.512694  0.686548  0.705908  0.645859  0.661358  0.351384  0.806181  0.628775 
8  0.612467  0.652100  0.583586  0.806688  0.878962  0.538020  0.628822  0.790154 0.0  0.565628  0.657559  0.848332  0.677624  0.830465  0.457820  0.882184  0.751367  0.689643  0.701630  0.771126  0.624965  0.776753  0.678049  0.814277  0.503280  0.805647  0.823388  0.838293  0.727845  0.740332  0.862840  0.872569  0.553692  0.695925  0.690316  0.689602  0.722341  0.685079  0.745624  0.774405  0.478695  0.747371  0.850030  0.497845  0.857242  0.795059  0.404320  0.907906  0.673480  0.737920  0.665824  0.760899  0.893415  0.743401  0.561859  0.645575  0.784247  0.658302  0.707002  0.571479  0.766196  0.664756  0.778779  0.722319  0.658821  0.745374  0.732311  0.624553  0.734996  0.712883  0.804028  0.654776  0.823336 
9  0.552728  0.829353  0.675146  0.746036  0.878941  0.609395  0.494342  0.858869  0.565628 0.0  0.465865  0.824706  0.550175  0.700469  0.752254  0.652680  0.835928  0.897114  0.814666  0.721264  0.419939  0.774547  0.780150  0.776512  0.672805  0.735764  0.700802  0.729491  0.621764  0.628196  0.811933  0.708367  0.542472  0.756230  0.652385  0.696985  0.727377  0.710290  0.796028  0.806637  0.608672  0.723752  0.840473  0.606988  0.807770  0.799697  0.644763  0.703067  0.727209  0.774147  0.681038  0.755769  0.855157  0.715375  0.654526  0.713640  0.720009  0.709290  0.410280  0.659669  0.731114  0.695005  0.764209  0.617418  0.561239  0.818632  0.644957  0.523367  0.676467  0.746745  0.762776  0.418775  0.763520 
10  0.383349  0.625509  0.417982  0.691436  0.840538  0.592912  0.562154  0.804200  0.657559  0.465865 0.0  0.683904  0.145653  0.776815  0.687568  0.683303  0.704219  0.720867  0.741549  0.846450  0.658955  0.639328  0.734522  0.739914  0.727677  0.677219  0.643830  0.613425  0.624732  0.671778  0.778940  0.818114  0.618167  0.795300  0.711504  0.729287  0.667206  0.628324  0.693397  0.639960  0.556509  0.803361  0.816208  0.590459  0.818624  0.816755  0.778233  0.667140  0.688531  0.726688  0.746557  0.654882  0.785607  0.552316  0.649187  0.637793  0.730018  0.553039  0.606349  0.582586  0.719425  0.630506  0.615341  0.448254  0.588912  0.780589  0.697363  0.484133  0.672411  0.719927  0.752268  0.467250  0.712054 
11  0.755925  0.687989  0.740064  0.495985  0.824640  0.720528  0.797612  0.497119  0.848332  0.824706  0.683904 0.0  0.746046  0.504136  0.761455  0.516290  0.598077  0.616259  0.110285  0.613073  0.716531  0.587591  0.684934  0.235295  0.834311  0.521404  0.650122  0.610702  0.579011  0.698327  0.510843  0.498726  0.740211  0.652161  0.571722  0.535129  0.811171  0.727245  0.646012  0.590708  0.739991  0.531418  0.603198  0.843969  0.833516  0.616095  0.804524  0.626599  0.550490  0.463801  0.569741  0.649354  0.617543  0.668188  0.596968  0.610186  0.540806  0.566933  0.741610  0.766963  0.789818  0.653835  0.766538  0.738020  0.732815  0.648043  0.483969  0.702964  0.490797  0.592517  0.578456  0.718609  0.268910 
12  0.511689  0.717453  0.491039  0.733832  0.871581  0.547299  0.547799  0.651700  0.677624  0.550175  0.145653  0.746046 0.0  0.735468  0.649753  0.787215  0.697548  0.675324  0.726288  0.813905  0.594527  0.730857  0.833368  0.690908  0.709856  0.642707  0.717612  0.520154  0.811808  0.810474  0.683498  0.755875  0.722048  0.747790  0.692372  0.840104  0.628657  0.720404  0.720490  0.628737  0.474176  0.735041  0.858422  0.735464  0.791112  0.813228  0.794786  0.778652  0.657543  0.734622  0.639879  0.792236  0.860213  0.701740  0.604696  0.606302  0.788940  0.597754  0.547954  0.584569  0.790990  0.635404  0.668329  0.544356  0.372390  0.764621  0.703942  0.613568  0.706398  0.660299  0.779939  0.488004  0.725847 
13  0.667904  0.649830  0.735440  0.500112  0.799797  0.805750  0.747918  0.594041  0.830465  0.700469  0.776815  0.504136  0.735468 0.0  0.798992  0.353636  0.703157  0.450649  0.626668  0.640257  0.691814  0.711496  0.618072  0.762586  0.748170  0.528678  0.734364  0.582272  0.492664  0.482522  0.652008  0.611079  0.651449  0.556962  0.584645  0.486271  0.806572  0.741312  0.705494  0.544029  0.715772  0.564798  0.775708  0.705115  0.838929  0.610516  0.796854  0.609591  0.556598  0.503006  0.604285  0.609666  0.721630  0.642877  0.645237  0.566563  0.590475  0.637075  0.738153  0.671896  0.827884  0.767559  0.654433  0.635320  0.587010  0.659142  0.580386  0.730578  0.559174  0.534451  0.626666  0.639389  0.523263 
14  0.712256  0.691021  0.598028  0.845910  0.921341  0.468472  0.605491  0.818339  0.457820  0.752254  0.687568  0.761455  0.649753  0.798992 0.0  0.709198  0.831361  0.738548  0.819438  0.771405  0.686330  0.838952  0.853408  0.794982  0.484723  0.829124  0.812237  0.610630  0.701206  0.747481  0.910253  0.889118  0.562558  0.701152  0.653635  0.828636  0.636329  0.712583  0.768985  0.708963  0.679289  0.827519  0.798952  0.502806  0.857374  0.721944  0.081093  0.766812  0.565716  0.793749  0.754758  0.708274  0.812015  0.648964  0.692124  0.802571  0.744532  0.688568  0.589902  0.546508  0.680160  0.592432  0.812821  0.620070  0.674811  0.764438  0.678275  0.736152  0.854179  0.824074  0.798480  0.681001  0.857189 
15  0.656491  0.620026  0.662984  0.533256  0.823237  0.825764  0.670765  0.571095  0.882184  0.652680  0.683303  0.516290  0.787215  0.353636  0.709198 0.0  0.645758  0.307219  0.603846  0.614548  0.676180  0.614420  0.687114  0.499624  0.829573  0.429168  0.646793  0.458771  0.452945  0.294187  0.640963  0.614526  0.678249  0.372102  0.548802  0.403845  0.683736  0.715946  0.586634  0.392509  0.632710  0.692333  0.728590  0.689093  0.832920  0.654846  0.642155  0.647684  0.683948  0.478763  0.437777  0.661535  0.781736  0.628067  0.514309  0.414534  0.668776  0.702685  0.680751  0.660747  0.696620  0.624884  0.529244  0.531246  0.707199  0.636583  0.409567  0.641428  0.503480  0.436089  0.736146  0.807499  0.576819 
16  0.864163  0.632806  0.754244  0.679095  0.744809  0.736186  0.753400  0.398172  0.751367  0.835928  0.704219  0.598077  0.697548  0.703157  0.831361  0.645758 0.0  0.754234  0.573833  0.336984  0.765486  0.649474  0.647999  0.512319  0.853936  0.701154  0.460341  0.742196  0.730570  0.639223  0.397448  0.392005  0.747931  0.706158  0.739021  0.689140  0.822954  0.790535  0.505931  0.660003  0.716904  0.284167  0.617483  0.723970  0.803539  0.199068  0.832591  0.314453  0.580119  0.602711  0.711037  0.346158  0.817811  0.713408  0.626213  0.682314  0.531811  0.711992  0.654604  0.701043  0.880797  0.788279  0.639374  0.803425  0.649433  0.389428  0.598047  0.808340  0.609829  0.700575  0.419117  0.668232  0.576066 
17  0.540793  0.766110  0.676194  0.479726  0.758350  0.693376  0.644657  0.573740  0.689643  0.897114  0.720867  0.616259  0.675324  0.450649  0.738548  0.307219  0.754234 0.0  0.632237  0.762685  0.738101  0.706764  0.625467  0.553355  0.654680  0.536904  0.698739  0.598693  0.554077  0.345400  0.643619  0.702268  0.850066  0.373898  0.559056  0.538371  0.792891  0.706708  0.638741  0.443005  0.645457  0.709691  0.693790  0.783584  0.844906  0.610344  0.738778  0.605168  0.518351  0.497300  0.617756  0.601755  0.725860  0.600171  0.477192  0.495794  0.568852  0.565723  0.734072  0.625373  0.900042  0.693609  0.419000  0.579690  0.560524  0.662104  0.509343  0.764731  0.431192  0.643384  0.655527  0.568596  0.547010 
18  0.821023  0.746507  0.836606  0.465867  0.726705  0.735241  0.784855  0.598734  0.701630  0.814666  0.741549  0.110285  0.726288  0.626668  0.819438  0.603846  0.573833  0.632237 0.0  0.493746  0.770350  0.635774  0.678074  0.196089  0.751785  0.613926  0.501712  0.537289  0.581155  0.479790  0.557425  0.635867  0.799192  0.663585  0.547539  0.617736  0.714585  0.717325  0.612129  0.756152  0.654062  0.577082  0.629038  0.824853  0.815716  0.390569  0.710958  0.581004  0.586716  0.447059  0.593126  0.624152  0.760774  0.677903  0.538094  0.613358  0.513018  0.802999  0.755943  0.687321  0.830021  0.572896  0.521284  0.649938  0.663177  0.585400  0.421176  0.815147  0.490360  0.643324  0.513461  0.730700  0.241104 
19  0.774881  0.746949  0.859734  0.586852  0.863716  0.826229  0.803999  0.457386  0.771126  0.721264  0.846450  0.613073  0.813905  0.640257  0.771405  0.614548  0.336984  0.762685  0.493746 0.0  0.815468  0.663574  0.582639  0.559186  0.749456  0.779051  0.149107  0.779553  0.596321  0.679991  0.273636  0.205035  0.759867  0.694660  0.734992  0.728926  0.772926  0.766146  0.568346  0.603701  0.759883  0.222711  0.557937  0.743508  0.709221  0.342090  0.840756  0.100859  0.653878  0.603578  0.665567  0.304633  0.754649  0.672071  0.694962  0.627148  0.431700  0.728809  0.797501  0.833281  0.779673  0.725132  0.649352  0.633037  0.744720  0.428899  0.666370  0.715561  0.623560  0.696257  0.303868  0.824045  0.694954 
20  0.583621  0.709553  0.653785  0.731228  0.872252  0.706643  0.461581  0.798831  0.624965  0.419939  0.658955  0.716531  0.594527  0.691814  0.686330  0.676180  0.765486  0.738101  0.770350  0.815468 0.0  0.756391  0.740672  0.688217  0.725450  0.673976  0.847118  0.673616  0.778815  0.690009  0.735792  0.810229  0.724978  0.725599  0.670584  0.689579  0.655624  0.706212  0.724599  0.714086  0.543137  0.782764  0.833620  0.590175  0.821771  0.808029  0.760604  0.799135  0.758828  0.717036  0.792385  0.810833  0.878347  0.542945  0.528117  0.672069  0.717315  0.672055  0.175867  0.649352  0.695417  0.755630  0.761096  0.620709  0.633742  0.830748  0.720463  0.406284  0.788633  0.709551  0.757505  0.508831  0.849393 
21  0.743602  0.613404  0.730893  0.606373  0.734687  0.796061  0.755133  0.722780  0.776753  0.774547  0.639328  0.587591  0.730857  0.711496  0.838952  0.614420  0.649474  0.706764  0.635774  0.663574  0.756391 0.0  0.618005  0.569671  0.743188  0.653991  0.686867  0.792062  0.684510  0.624123  0.640011  0.732053  0.756266  0.619615  0.537205  0.640953  0.736444  0.694394  0.714793  0.658259  0.713117  0.693679  0.797212  0.634354  0.777759  0.625721  0.689570  0.627268  0.648794  0.545055  0.643909  0.667934  0.633138  0.696002  0.633792  0.670270  0.717280  0.673555  0.666001  0.581390  0.690601  0.587852  0.560943  0.552315  0.761755  0.655485  0.656542  0.845133  0.579584  0.665938  0.655253  0.808561  0.688570 
22  0.743128  0.731800  0.755160  0.661191  0.634322  0.847138  0.724864  0.587552  0.678049  0.780150  0.734522  0.684934  0.833368  0.618072  0.853408  0.687114  0.647999  0.625467  0.678074  0.582639  0.740672  0.618005 0.0  0.713484  0.806164  0.664400  0.789545  0.802458  0.638533  0.695535  0.693168  0.653661  0.696911  0.661648  0.598183  0.741060  0.839420  0.729437  0.625104  0.685879  0.801243  0.718055  0.746344  0.810530  0.741514  0.645843  0.710931  0.566813  0.682560  0.606184  0.740080  0.515817  0.728816  0.780580  0.733503  0.654997  0.652158  0.724550  0.881269  0.799735  0.927660  0.893214  0.673267  0.708226  0.699633  0.618847  0.639808  0.695948  0.682031  0.707082  0.539051  0.683524  0.625666 
23  0.637107  0.668392  0.666004  0.454458  0.867916  0.700935  0.735371  0.629176  0.814277  0.776512  0.739914  0.235295  0.690908  0.762586  0.794982  0.499624  0.512319  0.553355  0.196089  0.559186  0.688217  0.569671  0.713484 0.0  0.687392  0.651652  0.564398  0.840563  0.675551  0.621147  0.631384  0.448696  0.654363  0.634643  0.656271  0.583639  0.722225  0.509998  0.492052  0.523749  0.676248  0.574351  0.662198  0.755570  0.799708  0.628026  0.802807  0.565080  0.641373  0.546328  0.631199  0.616357  0.763266  0.585387  0.685136  0.643705  0.314582  0.731289  0.715005  0.599881  0.880880  0.708748  0.627258  0.735510  0.704866  0.578914  0.631800  0.678562  0.555470  0.590822  0.583536  0.703858  0.095768 
24  0.608395  0.724519  0.597676  0.664186  0.886959  0.559655  0.698443  0.808675  0.503280  0.672805  0.727677  0.834311  0.709856  0.748170  0.484723  0.829573  0.853936  0.654680  0.751785  0.749456  0.725450  0.743188  0.806164  0.687392 0.0  0.795900  0.991452  0.652728  0.780273  0.776766  0.939622  0.780794  0.753253  0.744426  0.846094  0.676871  0.685516  0.681755  0.830474  0.728287  0.736173  0.929461  0.795761  0.736669  0.890076  0.832534  0.414875  0.875556  0.766943  0.735288  0.726123  0.811271  0.864342  0.763584  0.713993  0.775258  0.811048  0.677845  0.783996  0.642895  0.710812  0.666403  0.876276  0.738467  0.709558  0.727666  0.758596  0.731275  0.722632  0.786685  0.801771  0.659608  0.752988 
25  0.536742  0.613218  0.691858  0.636234  0.790257  0.748524  0.629695  0.672714  0.805647  0.735764  0.677219  0.521404  0.642707  0.528678  0.829124  0.429168  0.701154  0.536904  0.613926  0.779051  0.673976  0.653991  0.664400  0.651652  0.795900 0.0  0.771366  0.528374  0.000000  0.479920  0.707661  0.704435  0.632791  0.424457  0.528679  0.347301  0.856703  0.643340  0.682351  0.448552  0.657725  0.750145  0.797086  0.706652  0.842996  0.798721  0.773110  0.811902  0.384196  0.483865  0.302464  0.737328  0.699394  0.402797  0.364339  0.215307  0.594014  0.695070  0.827289  0.656614  0.733372  0.614066  0.305155  0.524130  0.486290  0.682408  0.482371  0.705396  0.511217  0.400317  0.736516  0.739183  0.671508 
26  0.812802  0.731512  0.757239  0.615050  0.779146  0.770252  0.855025  0.419526  0.823388  0.700802  0.643830  0.650122  0.717612  0.734364  0.812237  0.646793  0.460341  0.698739  0.501712  0.149107  0.847118  0.686867  0.789545  0.564398  0.991452  0.771366 0.0  0.721408  0.594764  0.656018  0.436880  0.248694  0.820164  0.594003  0.725120  0.791825  0.861621  0.794607  0.381430  0.689051  0.716793  0.147463  0.613014  0.713011  0.753873  0.240190  0.768129  0.297130  0.793111  0.622285  0.701476  0.252201  0.820153  0.681198  0.727004  0.627712  0.427113  0.704408  0.844882  0.711292  0.780553  0.730856  0.662458  0.732248  0.726018  0.496756  0.608631  0.832170  0.702248  0.688152  0.306428  0.722037  0.529953 
27  0.707545  0.656401  0.620678  0.699417  0.730418  0.672959  0.666309  0.711367  0.838293  0.729491  0.613425  0.610702  0.520154  0.582272  0.610630  0.458771  0.742196  0.598693  0.537289  0.779553  0.673616  0.792062  0.802458  0.840563  0.652728  0.528374  0.721408 0.0  0.518569  0.575561  0.773157  0.750199  0.620210  0.501386  0.447228  0.429758  0.748993  0.659522  0.771253  0.547493  0.623045  0.697394  0.838956  0.736853  0.817460  0.743052  0.707539  0.750433  0.507032  0.657779  0.622172  0.663170  0.806468  0.257568  0.422141  0.558937  0.721296  0.536680  0.653977  0.550381  0.729479  0.603385  0.533310  0.417083  0.412129  0.714099  0.573246  0.618386  0.596251  0.502501  0.719339  0.746480  0.597150 
28  0.687906  0.730532  0.701213  0.637356  0.751530  0.657068  0.741927  0.681154  0.727845  0.621764  0.624732  0.579011  0.811808  0.492664  0.701206  0.452945  0.730570  0.554077  0.581155  0.596321  0.778815  0.684510  0.638533  0.675551  0.780273  0.000000  0.594764  0.518569 0.0  0.422301  0.706290  0.768889  0.650817  0.451517  0.554321  0.382591  0.757473  0.639470  0.741571  0.450361  0.492678  0.727832  0.688595  0.593109  0.864551  0.676996  0.731221  0.654325  0.511393  0.517697  0.240392  0.552210  0.796497  0.538336  0.374370  0.357488  0.613485  0.673871  0.689824  0.639017  0.811721  0.557896  0.391585  0.539511  0.523656  0.661068  0.558746  0.678110  0.537127  0.422958  0.614015  0.653278  0.568995 
29  0.658316  0.586487  0.697498  0.665659  0.820080  0.741440  0.792170  0.543691  0.740332  0.628196  0.671778  0.698327  0.810474  0.482522  0.747481  0.294187  0.639223  0.345400  0.479790  0.679991  0.690009  0.624123  0.695535  0.621147  0.776766  0.479920  0.656018  0.575561  0.422301 0.0  0.763008  0.655954  0.735645  0.473089  0.505802  0.449826  0.858260  0.618706  0.639736  0.428002  0.612895  0.637975  0.778224  0.791904  0.785868  0.649745  0.697351  0.638836  0.455734  0.564259  0.446890  0.660858  0.732821  0.478242  0.529391  0.305536  0.651516  0.640999  0.755621  0.697711  0.765285  0.585784  0.436563  0.501674  0.642037  0.635019  0.532724  0.738832  0.427550  0.656911  0.592416  0.744837  0.688755 
30  0.754587  0.757822  0.812002  0.666671  0.751195  0.787696  0.834049  0.573552  0.862840  0.811933  0.778940  0.510843  0.683498  0.652008  0.910253  0.640963  0.397448  0.643619  0.557425  0.273636  0.735792  0.640011  0.693168  0.631384  0.939622  0.707661  0.436880  0.773157  0.706290  0.763008 0.0  0.427701  0.842671  0.655212  0.667401  0.724849  0.748346  0.793488  0.452402  0.627775  0.837125  0.422481  0.586906  0.765791  0.764069  0.313110  0.760562  0.445186  0.608722  0.601497  0.655728  0.395827  0.780506  0.750046  0.585221  0.630419  0.605527  0.762172  0.759066  0.662584  0.837580  0.757912  0.633482  0.661035  0.777028  0.259606  0.680604  0.762274  0.560707  0.721995  0.580799  0.753569  0.496223 
31  0.840719  0.635086  0.712668  0.505432  0.679521  0.830112  0.828419  0.441191  0.872569  0.708367  0.818114  0.498726  0.755875  0.611079  0.889118  0.614526  0.392005  0.702268  0.635867  0.205035  0.810229  0.732053  0.653661  0.448696  0.780794  0.704435  0.248694  0.750199  0.768889  0.655954  0.427701 0.0  0.787894  0.616925  0.684216  0.783457  0.733161  0.746559  0.569775  0.712343  0.779651  0.292323  0.619308  0.621836  0.911637  0.392749  0.834421  0.191556  0.760722  0.628336  0.718688  0.084023  0.800285  0.697427  0.549362  0.659788  0.369871  0.811426  0.827751  0.720093  0.805542  0.680992  0.669041  0.671339  0.707891  0.434641  0.705116  0.810431  0.656623  0.598611  0.274775  0.711744  0.621949 
32  0.646180  0.746622  0.490700  0.665082  0.830160  0.530204  0.610066  0.843311  0.553692  0.542472  0.618167  0.740211  0.722048  0.651449  0.562558  0.678249  0.747931  0.850066  0.799192  0.759867  0.724978  0.756266  0.696911  0.654363  0.753253  0.632791  0.820164  0.620210  0.650817  0.735645  0.842671  0.787894 0.0  0.675525  0.731917  0.677995  0.643399  0.653369  0.754970  0.658732  0.644574  0.760784  0.734346  0.551152  0.931516  0.725346  0.530967  0.879381  0.687416  0.749366  0.705317  0.770201  0.847127  0.727192  0.740967  0.665848  0.767666  0.701047  0.727917  0.540555  0.654035  0.679403  0.669899  0.783478  0.689883  0.845047  0.743806  0.634026  0.830684  0.677876  0.737877  0.601686  0.666648 
33  0.705830  0.559461  0.825143  0.622411  0.805525  0.684815  0.624851  0.523213  0.695925  0.756230  0.795300  0.652161  0.747790  0.556962  0.701152  0.372102  0.706158  0.373898  0.663585  0.694660  0.725599  0.619615  0.661648  0.634643  0.744426  0.424457  0.594003  0.501386  0.451517  0.473089  0.655212  0.616925  0.675525 0.0  0.395592  0.327183  0.748325  0.642049  0.621168  0.248674  0.560951  0.776484  0.748971  0.609829  0.720184  0.743990  0.795586  0.672041  0.426122  0.456218  0.317707  0.724835  0.795922  0.438845  0.442620  0.330325  0.626038  0.530515  0.716068  0.667821  0.801303  0.531737  0.159749  0.598318  0.574905  0.611536  0.490215  0.717371  0.505981  0.442109  0.696394  0.609365  0.559354 
34  0.690377  0.548588  0.712120  0.458168  0.739704  0.762905  0.744797  0.669358  0.690316  0.652385  0.711504  0.571722  0.692372  0.584645  0.653635  0.548802  0.739021  0.559056  0.547539  0.734992  0.670584  0.537205  0.598183  0.656271  0.846094  0.528679  0.725120  0.447228  0.554321  0.505802  0.667401  0.684216  0.731917  0.395592 0.0  0.510167  0.821912  0.666511  0.790484  0.336540  0.596615  0.779367  0.766388  0.672082  0.941969  0.656469  0.712141  0.744691  0.428129  0.520428  0.400858  0.739237  0.802993  0.437646  0.384282  0.455693  0.612090  0.612921  0.737394  0.734682  0.868394  0.604923  0.522616  0.629353  0.620831  0.633264  0.471761  0.718349  0.518023  0.286935  0.699901  0.574422  0.533580 
35  0.635274  0.571842  0.657191  0.528717  0.711523  0.678768  0.607916  0.658718  0.689602  0.696985  0.729287  0.535129  0.840104  0.486271  0.828636  0.403845  0.689140  0.538371  0.617736  0.728926  0.689579  0.640953  0.741060  0.583639  0.676871  0.347301  0.791825  0.429758  0.382591  0.449826  0.724849  0.783457  0.677995  0.327183  0.510167 0.0  0.757522  0.716805  0.716757  0.261319  0.617901  0.590209  0.726659  0.676838  0.768426  0.705246  0.766269  0.666449  0.395370  0.431308  0.129507  0.655201  0.885683  0.591198  0.450551  0.400633  0.669580  0.674576  0.829672  0.651027  0.817462  0.598424  0.262618  0.680754  0.481316  0.661708  0.565126  0.717493  0.576668  0.458949  0.722821  0.683911  0.549272 
36  0.584930  0.744474  0.639235  0.733454  0.893111  0.588472  0.674769  0.825583  0.722341  0.727377  0.667206  0.811171  0.628657  0.806572  0.636329  0.683736  0.822954  0.792891  0.714585  0.772926  0.655624  0.736444  0.839420  0.722225  0.685516  0.856703  0.861621  0.748993  0.757473  0.858260  0.748346  0.733161  0.643399  0.748325  0.821912  0.757522 0.0  0.701576  0.772270  0.799055  0.771840  0.742160  0.803843  0.598972  0.946402  0.801740  0.545511  0.787894  0.783253  0.802047  0.854367  0.704525  0.892215  0.889952  0.702990  0.782050  0.805001  0.806553  0.749728  0.718212  0.592550  0.734026  0.796591  0.750438  0.804595  0.851071  0.841263  0.785138  0.774850  0.884472  0.972713  0.626503  0.783292 
37  0.666229  0.432282  0.727382  0.622585  0.778132  0.675525  0.680984  0.884226  0.685079  0.710290  0.628324  0.727245  0.720404  0.741312  0.712583  0.715946  0.790535  0.706708  0.717325  0.766146  0.706212  0.694394  0.729437  0.509998  0.681755  0.643340  0.794607  0.659522  0.639470  0.618706  0.793488  0.746559  0.653369  0.642049  0.666511  0.716805  0.701576 0.0  0.691170  0.641864  0.524782  0.644763  0.790591  0.595888  0.755812  0.769278  0.597525  0.733275  0.641028  0.711189  0.683883  0.763421  0.840699  0.526965  0.633639  0.689774  0.732994  0.368701  0.772018  0.637946  0.688720  0.582575  0.657347  0.629136  0.611851  0.710178  0.654091  0.693357  0.730990  0.631433  0.738992  0.653578  0.678186 
38  0.732537  0.720165  0.784062  0.762051  0.709843  0.778860  0.780307  0.592857  0.745624  0.796028  0.693397  0.646012  0.720490  0.705494  0.768985  0.586634  0.505931  0.638741  0.612129  0.568346  0.724599  0.714793  0.625104  0.492052  0.830474  0.682351  0.381430  0.771253  0.741571  0.639736  0.452402  0.569775  0.754970  0.621168  0.790484  0.716757  0.772270  0.691170 0.0  0.678177  0.771146  0.485799  0.642163  0.777965  0.694466  0.505479  0.674508  0.511213  0.747321  0.655895  0.632615  0.507227  0.759298  0.792981  0.700440  0.653683  0.684103  0.744955  0.829034  0.743112  0.768566  0.780940  0.649541  0.667574  0.805901  0.588925  0.683455  0.782933  0.620474  0.740764  0.600170  0.748701  0.657743 
39  0.672292  0.652630  0.704570  0.692261  0.742033  0.601929  0.660928  0.674070  0.774405  0.806637  0.639960  0.590708  0.628737  0.544029  0.708963  0.392509  0.660003  0.443005  0.756152  0.603701  0.714086  0.658259  0.685879  0.523749  0.728287  0.448552  0.689051  0.547493  0.450361  0.428002  0.627775  0.712343  0.658732  0.248674  0.336540  0.261319  0.799055  0.641864  0.678177 0.0  0.715553  0.608774  0.703736  0.634198  0.910165  0.711877  0.710387  0.593401  0.462434  0.583437  0.350537  0.690910  0.787416  0.560465  0.315313  0.335428  0.628604  0.746522  0.695052  0.679522  0.796052  0.601829  0.311937  0.526854  0.440923  0.687707  0.417892  0.660885  0.413930  0.417837  0.672065  0.584549  0.550733 
40  0.604594  0.643698  0.629255  0.671777  0.831579  0.664839  0.611002  0.690450  0.478695  0.608672  0.556509  0.739991  0.474176  0.715772  0.679289  0.632710  0.716904  0.645457  0.654062  0.759883  0.543137  0.713117  0.801243  0.676248  0.736173  0.657725  0.716793  0.623045  0.492678  0.612895  0.837125  0.779651  0.644574  0.560951  0.596615  0.617901  0.771840  0.524782  0.771146  0.715553 0.0  0.771662  0.859207  0.689487  0.994885  0.757258  0.739927  0.755727  0.631028  0.684973  0.606626  0.765401  1.000000  0.534148  0.529117  0.625791  0.774579  0.660817  0.726724  0.619676  0.641160  0.668275  0.681003  0.507507  0.477908  0.741513  0.729523  0.532447  0.709910  0.728269  0.674548  0.546204  0.598948 
41  0.787960  0.609859  0.770637  0.531051  0.720326  0.800288  0.769697  0.384200  0.747371  0.723752  0.803361  0.531418  0.735041  0.564798  0.827519  0.692333  0.284167  0.709691  0.577082  0.222711  0.782764  0.693679  0.718055  0.574351  0.929461  0.750145  0.147463  0.697394  0.727832  0.637975  0.422481  0.292323  0.760784  0.776484  0.779367  0.590209  0.742160  0.644763  0.485799  0.608774  0.771662 0.0  0.554470  0.829369  0.785456  0.287949  0.730803  0.066203  0.730126  0.623753  0.627290  0.334655  0.804072  0.612190  0.567712  0.599632  0.546837  0.654820  0.782456  0.635554  0.784773  0.702986  0.653508  0.742704  0.645444  0.423458  0.595314  0.899951  0.625255  0.769988  0.306572  0.720298  0.584153 
42  0.791089  0.756726  0.875228  0.693274  0.757050  0.681312  0.845288  0.710374  0.850030  0.840473  0.816208  0.603198  0.858422  0.775708  0.798952  0.728590  0.617483  0.693790  0.629038  0.557937  0.833620  0.797212  0.746344  0.662198  0.795761  0.797086  0.613014  0.838956  0.688595  0.778224  0.586906  0.619308  0.734346  0.748971  0.766388  0.726659  0.803843  0.790591  0.642163  0.703736  0.859207  0.554470 0.0  0.886289  0.752631  0.587252  0.872244  0.605199  0.734861  0.663832  0.740215  0.520310  0.742625  0.670262  0.746543  0.783668  0.670206  0.777869  0.836427  0.797189  0.777132  0.827501  0.611145  0.701900  0.809914  0.637019  0.768737  0.870892  0.692155  0.740479  0.759368  0.687249  0.732047 
43  0.538066  0.620146  0.461870  0.707362  0.895716  0.353990  0.568258  0.749610  0.497845  0.606988  0.590459  0.843969  0.735464  0.705115  0.502806  0.689093  0.723970  0.783584  0.824853  0.743508  0.590175  0.634354  0.810530  0.755570  0.736669  0.706652  0.713011  0.736853  0.593109  0.791904  0.765791  0.621836  0.551152  0.609829  0.672082  0.676838  0.598972  0.595888  0.777965  0.634198  0.689487  0.829369  0.886289 0.0  0.888541  0.749092  0.491103  0.849847  0.710709  0.707058  0.790932  0.743165  0.817767  0.619392  0.675424  0.820623  0.725498  0.620550  0.619317  0.571265  0.751052  0.665388  0.747978  0.710744  0.763695  0.878591  0.789459  0.755174  0.760904  0.720839  0.857574  0.689525  0.865349 
44  0.929733  0.884490  0.916422  0.783748  0.663822  0.927532  0.879991  0.847736  0.857242  0.807770  0.818624  0.833516  0.791112  0.838929  0.857374  0.832920  0.803539  0.844906  0.815716  0.709221  0.821771  0.777759  0.741514  0.799708  0.890076  0.842996  0.753873  0.817460  0.864551  0.785868  0.764069  0.911637  0.931516  0.720184  0.941969  0.768426  0.946402  0.755812  0.694466  0.910165  0.994885  0.785456  0.752631  0.888541 0.0  0.766888  0.878313  0.831620  0.739267  0.777920  0.751735  0.739919  0.662807  0.936597  0.944634  0.905540  0.758115  0.885657  0.855890  0.956496  0.894516  0.798647  0.858937  0.866689  0.886342  0.843960  0.819835  0.873290  0.832166  0.816180  0.853229  0.839335  0.790466 
45  0.727211  0.661068  0.746467  0.666220  0.842703  0.812879  0.813937  0.417290  0.795059  0.799697  0.816755  0.616095  0.813228  0.610516  0.721944  0.654846  0.199068  0.610344  0.390569  0.342090  0.808029  0.625721  0.645843  0.628026  0.832534  0.798721  0.240190  0.743052  0.676996  0.649745  0.313110  0.392749  0.725346  0.743990  0.656469  0.705246  0.801740  0.769278  0.505479  0.711877  0.757258  0.287949  0.587252  0.749092  0.766888 0.0  0.870754  0.000000  0.671505  0.654570  0.552560  0.314660  0.850944  0.716056  0.689932  0.628992  0.535857  0.899691  0.740263  0.665417  0.753543  0.720411  0.703398  0.640676  0.806591  0.436148  0.706140  0.695716  0.723961  0.723179  0.401482  0.825309  0.632682 
46  0.753272  0.548124  0.560605  0.813184  0.819260  0.496923  0.746028  0.700322  0.404320  0.644763  0.778233  0.804524  0.794786  0.796854  0.081093  0.642155  0.832591  0.738778  0.710958  0.840756  0.760604  0.689570  0.710931  0.802807  0.414875  0.773110  0.768129  0.707539  0.731221  0.697351  0.760562  0.834421  0.530967  0.795586  0.712141  0.766269  0.545511  0.597525  0.674508  0.710387  0.739927  0.730803  0.872244  0.491103  0.878313  0.870754 0.0  0.912763  0.680180  0.865076  0.744866  0.789067  0.817302  0.724954  0.763011  0.801967  0.939672  0.688004  0.731215  0.627730  0.668583  0.623028  0.704015  0.721772  0.711723  0.743241  0.789244  0.722865  0.817244  0.687008  0.775444  0.686608  0.827236 
47  0.775539  0.713562  0.682435  0.611570  0.880691  0.819687  0.805375  0.482370  0.907906  0.703067  0.667140  0.626599  0.778652  0.609591  0.766812  0.647684  0.314453  0.605168  0.581004  0.100859  0.799135  0.627268  0.566813  0.565080  0.875556  0.811902  0.297130  0.750433  0.654325  0.638836  0.445186  0.191556  0.879381  0.672041  0.744691  0.666449  0.787894  0.733275  0.511213  0.593401  0.755727  0.066203  0.605199  0.849847  0.831620  0.000000  0.912763 0.0  0.577587  0.602780  0.634139  0.337591  0.796403  0.710715  0.702260  0.755430  0.496849  0.847108  0.785587  0.801293  0.824332  0.757751  0.702896  0.668508  0.662087  0.402961  0.635932  0.693446  0.633391  0.662896  0.273096  0.620732  0.429227 
48  0.637413  0.642151  0.754420  0.563194  0.922963  0.662764  0.706169  0.721727  0.673480  0.727209  0.688531  0.550490  0.657543  0.556598  0.565716  0.683948  0.580119  0.518351  0.586716  0.653878  0.758828  0.648794  0.682560  0.641373  0.766943  0.384196  0.793111  0.507032  0.511393  0.455734  0.608722  0.760722  0.687416  0.426122  0.428129  0.395370  0.783253  0.641028  0.747321  0.462434  0.631028  0.730126  0.734861  0.710709  0.739267  0.671505  0.680180  0.577587 0.0  0.561843  0.460391  0.769931  0.824660  0.378870  0.467496  0.552393  0.785295  0.589183  0.786931  0.752937  0.930384  0.580518  0.459441  0.509537  0.528006  0.687946  0.548228  0.646684  0.476692  0.383265  0.710099  0.639569  0.691375 
49  0.771267  0.615316  0.683463  0.371539  0.782192  0.771976  0.757194  0.560672  0.737920  0.774147  0.726688  0.463801  0.734622  0.503006  0.793749  0.478763  0.602711  0.497300  0.447059  0.603578  0.717036  0.545055  0.606184  0.546328  0.735288  0.483865  0.622285  0.657779  0.517697  0.564259  0.601497  0.628336  0.749366  0.456218  0.520428  0.431308  0.802047  0.711189  0.655895  0.583437  0.684973  0.623753  0.663832  0.707058  0.777920  0.654570  0.865076  0.602780  0.561843 0.0  0.481780  0.623986  0.841257  0.587430  0.645315  0.577650  0.507026  0.705270  0.796804  0.702250  0.846011  0.720191  0.420680  0.684774  0.560534  0.609410  0.209796  0.694087  0.365861  0.528076  0.536342  0.767008  0.431558 
50  0.706290  0.691803  0.656300  0.564646  0.801616  0.698652  0.715535  0.648480  0.665824  0.681038  0.746557  0.569741  0.639879  0.604285  0.754758  0.437777  0.711037  0.617756  0.593126  0.665567  0.792385  0.643909  0.740080  0.631199  0.726123  0.302464  0.701476  0.622172  0.240392  0.446890  0.655728  0.718688  0.705317  0.317707  0.400858  0.129507  0.854367  0.683883  0.632615  0.350537  0.606626  0.627290  0.740215  0.790932  0.751735  0.552560  0.744866  0.634139  0.460391  0.481780 0.0  0.693231  0.718877  0.406587  0.302940  0.298713  0.597688  0.672794  0.748462  0.744479  0.729868  0.606253  0.327713  0.628593  0.591155  0.685557  0.576806  0.655115  0.520032  0.545593  0.625708  0.676448  0.659057 
51  0.851683  0.715030  0.775299  0.620328  0.695676  0.819745  0.749692  0.350700  0.760899  0.755769  0.654882  0.649354  0.792236  0.609666  0.708274  0.661535  0.346158  0.601755  0.624152  0.304633  0.810833  0.667934  0.515817  0.616357  0.811271  0.737328  0.252201  0.663170  0.552210  0.660858  0.395827  0.084023  0.770201  0.724835  0.739237  0.655201  0.704525  0.763421  0.507227  0.690910  0.765401  0.334655  0.520310  0.743165  0.739919  0.314660  0.789067  0.337591  0.769931  0.623986  0.693231 0.0  0.739267  0.609684  0.704867  0.733200  0.491455  0.754131  0.792511  0.757824  0.717975  0.807876  0.612180  0.770711  0.692869  0.365159  0.606331  0.713587  0.636074  0.681434  0.363369  0.630114  0.479629 
52  0.812139  0.906535  0.922346  0.854214  0.661428  0.942967  0.737738  0.890164  0.893415  0.855157  0.785607  0.617543  0.860213  0.721630  0.812015  0.781736  0.817811  0.725860  0.760774  0.754649  0.878347  0.633138  0.728816  0.763266  0.864342  0.699394  0.820153  0.806468  0.796497  0.732821  0.780506  0.800285  0.847127  0.795922  0.802993  0.885683  0.892215  0.840699  0.759298  0.787416  1.000000  0.804072  0.742625  0.817767  0.662807  0.850944  0.817302  0.796403  0.824660  0.841257  0.718877  0.739267 0.0  0.873645  0.848588  0.787568  0.796460  0.711707  0.900952  0.822907  0.886522  0.812466  0.791255  0.874170  0.861960  0.742572  0.822997  0.752744  0.816343  0.744202  0.789523  0.772175  0.819796 
53  0.515210  0.685659  0.663714  0.627509  0.825606  0.855884  0.813035  0.715224  0.743401  0.715375  0.552316  0.668188  0.701740  0.642877  0.648964  0.628067  0.713408  0.600171  0.677903  0.672071  0.542945  0.696002  0.780580  0.585387  0.763584  0.402797  0.681198  0.257568  0.538336  0.478242  0.750046  0.697427  0.727192  0.438845  0.437646  0.591198  0.889952  0.526965  0.792981  0.560465  0.534148  0.612190  0.670262  0.619392  0.936597  0.716056  0.724954  0.710715  0.378870  0.587430  0.406587  0.609684  0.873645 0.0  0.377682  0.458389  0.712902  0.660309  0.697087  0.677300  0.852575  0.556606  0.618699  0.508393  0.343504  0.626895  0.607484  0.759840  0.542466  0.513280  0.683119  0.719020  0.621142 
