73
0 0.0  0.441079  0.649217  0.484908  0.553932  0.443040  0.673537  0.536856  0.635625  0.597345  0.505499  0.648726  0.844571  0.758968  0.493838  0.416993  0.475348  0.455253  0.666132  0.679471  0.916839  0.617056  0.606088  0.400724  0.500239  0.844374  0.586548  0.727833  0.603802  0.470893  0.628386  0.578534  0.628535  0.797032  0.564191  0.527012  0.622557  0.580660  0.333825  0.651531  0.496627  0.539792  0.690304  0.730289  0.467228  0.473777  0.532408  0.656543  0.607927  0.490600  0.714634  0.561228  0.690043  0.772997  0.654665  0.565098  0.580537  0.574325  0.618586  0.637284  0.693091  0.575957  0.485813  0.657509  0.656175  0.519405  0.579018  0.727868  0.610862  0.568518  0.598360  0.574293  0.731468 
1  0.441079 0.0  0.775699  0.509783  0.553688  0.257092  0.722786  0.568140  0.674856  0.464969  0.595654  0.730557  0.786304  0.751744  0.406560  0.189983  0.513046  0.418906  0.611551  0.673505  0.812066  0.558528  0.710740  0.534845  0.707581  0.795747  0.559598  0.846583  0.634382  0.410294  0.542886  0.636943  0.560478  0.754685  0.576135  0.489346  0.885386  0.629330  0.222850  0.678065  0.710218  0.393695  0.647420  0.739835  0.488561  0.377805  0.498136  0.821264  0.569468  0.572592  0.738324  0.626219  0.651156  0.702876  0.776222  0.583755  0.641922  0.507339  0.603333  0.571163  0.755464  0.592662  0.598190  0.676449  0.614740  0.414666  0.658254  0.724458  0.504432  0.552352  0.607026  0.640534  0.583586 
2  0.649217  0.775699 0.0  0.698004  0.797729  0.783382  0.741757  0.629200  0.768468  0.712465  0.705469  0.772707  0.877243  0.753233  0.655641  0.832948  0.665832  0.702670  0.586084  0.743270  0.784115  0.636975  0.586649  0.882973  0.468715  0.832364  0.639963  0.500948  0.751528  0.670164  0.503085  0.625541  0.785948  0.834944  0.697402  0.752152  0.560382  0.802530  0.717476  0.708301  0.742600  0.767347  0.703554  0.498730  0.721732  0.748538  0.754689  0.530350  0.763264  0.694519  0.619777  0.764867  0.818375  0.605039  0.517788  0.760803  0.765850  0.722102  0.800524  0.787125  0.485940  0.828464  0.756212  0.565044  0.775795  0.636830  0.739663  0.616962  0.685310  0.730531  0.509985  0.714559  0.656995 
3  0.484908  0.509783  0.698004 0.0  0.584618  0.615846  0.704154  0.494725  0.673724  0.527976  0.588623  0.654856  0.818310  0.757585  0.559658  0.573591  0.412455  0.380297  0.726038  0.707066  0.682532  0.574993  0.508118  0.624842  0.686206  0.787569  0.648844  0.645048  0.636922  0.365656  0.749088  0.569697  0.580158  0.763522  0.625920  0.544929  0.745390  0.669656  0.493514  0.672830  0.645654  0.558689  0.623920  0.731055  0.447916  0.487767  0.382371  0.665004  0.413047  0.557669  0.647903  0.583371  0.735979  0.727996  0.782100  0.623685  0.640546  0.570744  0.645251  0.623291  0.777043  0.669507  0.666026  0.595494  0.518776  0.495009  0.694096  0.742590  0.402131  0.592665  0.802173  0.703682  0.601694 
4  0.553932  0.553688  0.797729  0.584618 0.0  0.533434  0.590551  0.627210  0.592323  0.640158  0.647151  0.478720  0.880702  0.667550  0.656703  0.635077  0.807994  0.672726  0.751980  0.713799  0.630453  0.531645  0.715021  0.562764  0.728703  0.746789  0.455937  0.779352  0.439005  0.637146  0.817760  0.739976  0.677594  0.746755  0.357934  0.627122  0.740913  0.425700  0.612216  0.784919  0.360621  0.596419  0.403888  0.657191  0.730082  0.633404  0.638092  0.761840  0.603289  0.547057  0.705867  0.458845  0.657988  0.892023  0.881614  0.395688  0.509138  0.677630  0.412094  0.430165  0.760064  0.402518  0.413321  0.612538  0.810158  0.595485  0.484765  0.686933  0.719233  0.432487  0.883707  0.609639  0.813643 
5  0.443040  0.257092  0.783382  0.615846  0.533434 0.0  0.636811  0.517426  0.718076  0.447749  0.731792  0.769025  0.760359  0.816317  0.408766  0.231966  0.405090  0.464216  0.738164  0.620759  0.730339  0.649327  0.595285  0.438858  0.595060  0.898590  0.649831  0.744627  0.580768  0.492208  0.561102  0.656210  0.666777  0.716996  0.608227  0.527983  0.577995  0.553541  0.190746  0.701710  0.613168  0.477531  0.609540  0.749439  0.341628  0.364897  0.529935  0.725749  0.505516  0.480904  0.615007  0.585791  0.714418  0.726888  0.766765  0.704561  0.596645  0.537789  0.606456  0.673326  0.647092  0.593993  0.511246  0.550783  0.654925  0.466879  0.604993  0.702913  0.502769  0.625939  0.681556  0.490573  0.594696 
6  0.673537  0.722786  0.741757  0.704154  0.590551  0.636811 0.0  0.694027  0.593417  0.640631  0.705363  0.369989  0.767128  0.643400  0.608531  0.528327  0.650001  0.745483  0.811564  0.501097  0.705488  0.634415  0.647013  0.560888  0.751301  0.844850  0.542288  0.838682  0.609182  0.610550  0.812926  0.681673  0.641639  0.671983  0.667848  0.584360  0.798698  0.469896  0.732452  0.657492  0.553825  0.632945  0.553009  0.773580  0.629388  0.706240  0.702360  0.743371  0.619184  0.550882  0.717809  0.500074  0.530605  0.822985  0.748502  0.648155  0.558097  0.686970  0.602444  0.585044  0.740172  0.487505  0.608198  0.795832  0.769095  0.650558  0.587091  0.853245  0.776484  0.631942  0.726250  0.638002  0.702078 
7  0.536856  0.568140  0.629200  0.494725  0.627210  0.517426  0.694027 0.0  0.676043  0.434448  0.675124  0.689676  0.967854  0.682074  0.545055  0.375634  0.000000  0.278725  0.812427  0.552039  0.719134  0.573486  0.721440  0.584727  0.599387  0.864349  0.513880  0.720608  0.684422  0.255993  0.660375  0.495719  0.612402  0.723914  0.622326  0.675848  0.640474  0.568890  0.463351  0.698020  0.627510  0.548676  0.659409  0.716995  0.544392  0.384408  0.250363  0.655156  0.578131  0.548786  0.639341  0.685572  0.740398  0.729778  0.739807  0.662059  0.691554  0.501969  0.588623  0.682778  0.696185  0.679913  0.597940  0.472763  0.647355  0.438338  0.625584  0.727587  0.443978  0.674022  0.651060  0.702762  0.523438 
8  0.635625  0.674856  0.768468  0.673724  0.592323  0.718076  0.593417  0.676043 0.0  0.633690  0.630290  0.488721  0.929102  0.670112  0.554973  0.603509  0.589110  0.697298  0.802150  0.729300  0.686461  0.629906  0.698608  0.641454  0.711686  0.863287  0.415563  0.689643  0.480000  0.672609  0.784938  0.749071  0.702861  0.761936  0.353860  0.581105  0.732714  0.257161  0.658632  0.858010  0.498970  0.611379  0.312822  0.747574  0.643907  0.651023  0.606196  0.804234  0.697079  0.626357  0.722613  0.530885  0.503123  0.810177  0.720329  0.509825  0.442774  0.675099  0.264865  0.285438  0.661267  0.323313  0.481307  0.587008  0.626759  0.657343  0.328793  0.725949  0.675532  0.447826  0.736330  0.572199  0.701021 
9  0.597345  0.464969  0.712465  0.527976  0.640158  0.447749  0.640631  0.434448  0.633690 0.0  0.522726  0.687391  0.801567  0.719962  0.515190  0.419814  0.413436  0.323526  0.611195  0.633417  0.629722  0.723064  0.604187  0.595792  0.547929  0.742125  0.701047  0.745828  0.662205  0.314540  0.588004  0.494409  0.738958  0.774278  0.634393  0.476472  0.630673  0.666678  0.490369  0.629926  0.593443  0.489152  0.648799  0.761434  0.524873  0.484571  0.477058  0.729521  0.627794  0.553826  0.520629  0.706512  0.694561  0.736546  0.704554  0.545828  0.696659  0.617816  0.650552  0.795035  0.692038  0.747371  0.623070  0.605479  0.648016  0.370531  0.673609  0.606553  0.466921  0.595215  0.646522  0.629946  0.583366 
10  0.505499  0.595654  0.705469  0.588623  0.647151  0.731792  0.705363  0.675124  0.630290  0.522726 0.0  0.656117  0.816078  0.714514  0.626550  0.509003  0.656271  0.596022  0.552766  0.673741  0.765972  0.664452  0.619783  0.648296  0.343923  0.826684  0.663051  0.683884  0.733853  0.701638  0.463768  0.565548  0.614474  0.900275  0.733954  0.690885  0.693576  0.647396  0.546794  0.650928  0.661656  0.617475  0.720652  0.690029  0.688819  0.623198  0.659994  0.568396  0.767047  0.595025  0.503075  0.818643  0.808828  0.642275  0.667752  0.810247  0.665074  0.570170  0.638806  0.787581  0.539045  0.682590  0.735616  0.524853  0.613431  0.580785  0.672918  0.748747  0.576347  0.702018  0.564968  0.728944  0.515693 
11  0.648726  0.730557  0.772707  0.654856  0.478720  0.769025  0.369989  0.689676  0.488721  0.687391  0.656117 0.0  0.882664  0.704155  0.592563  0.626701  0.622654  0.810419  0.903327  0.623777  0.709793  0.685692  0.663784  0.650741  0.726380  0.833818  0.486021  0.771695  0.479682  0.710048  0.874127  0.662294  0.737208  0.726626  0.560170  0.630107  0.848046  0.542213  0.641942  0.815353  0.523350  0.600308  0.606835  0.838363  0.633677  0.737248  0.685033  0.768168  0.722954  0.597541  0.761433  0.567988  0.553642  0.811348  0.859659  0.507057  0.498500  0.809736  0.523895  0.540881  0.814088  0.512569  0.523468  0.691746  0.651929  0.667420  0.548662  0.744988  0.635299  0.614966  0.788655  0.572860  0.720302 
12  0.844571  0.786304  0.877243  0.818310  0.880702  0.760359  0.767128  0.967854  0.929102  0.801567  0.816078  0.882664 0.0  0.839062  0.827363  0.758638  0.878739  0.724809  0.734463  0.881764  0.930589  0.745218  0.757899  0.746083  0.814620  0.799958  0.912553  0.763987  0.754287  0.841405  0.733099  0.763438  0.843328  0.831941  0.905278  0.798080  0.865513  0.847053  0.722904  0.888196  0.888446  0.850168  0.855369  0.682567  0.793040  0.677814  0.895860  0.934161  0.813733  0.768858  0.758893  0.839271  0.869383  0.785608  0.735394  0.850112  0.779051  0.733145  0.776679  0.719528  0.831866  0.850390  0.876791  0.929268  0.813003  0.862341  0.827877  0.710094  0.843933  0.872185  0.876098  0.865197  0.731207 
13  0.758968  0.751744  0.753233  0.757585  0.667550  0.816317  0.643400  0.682074  0.670112  0.719962  0.714514  0.704155  0.839062 0.0  0.611195  0.794628  0.754566  0.700716  0.843077  0.701774  0.703702  0.711771  0.767468  0.745796  0.696355  0.793996  0.693349  0.823547  0.666488  0.756937  0.734765  0.814108  0.758025  0.718124  0.715474  0.782392  0.743788  0.572886  0.617944  0.727245  0.641185  0.740016  0.660133  0.776595  0.640367  0.747773  0.699758  0.787004  0.638108  0.720361  0.745746  0.663121  0.646787  0.782862  0.810569  0.709268  0.668502  0.720448  0.639417  0.588756  0.735052  0.665288  0.664259  0.837667  0.839017  0.670461  0.676800  0.850076  0.783446  0.667965  0.756216  0.753189  0.723600 
14  0.493838  0.406560  0.655641  0.559658  0.656703  0.408766  0.608531  0.545055  0.554973  0.515190  0.626550  0.592563  0.827363  0.611195 0.0  0.457390  0.450265  0.515458  0.689573  0.605230  0.632682  0.662532  0.684204  0.503153  0.711518  0.855189  0.564154  0.767634  0.628262  0.460225  0.644832  0.651249  0.612361  0.865776  0.442134  0.434660  0.635114  0.680676  0.590924  0.681590  0.580495  0.307882  0.599840  0.791821  0.401441  0.513184  0.449316  0.761031  0.467737  0.503635  0.561619  0.619985  0.752632  0.653641  0.606986  0.618277  0.748805  0.593386  0.563009  0.593022  0.651777  0.603602  0.657194  0.706281  0.556973  0.450244  0.575678  0.765571  0.489912  0.562079  0.672724  0.522107  0.573926 
15  0.416993  0.189983  0.832948  0.573591  0.635077  0.231966  0.528327  0.375634  0.603509  0.419814  0.509003  0.626701  0.758638  0.794628  0.457390 0.0  0.297331  0.388859  0.690875  0.636404  0.863291  0.598479  0.587980  0.580710  0.768894  0.831683  0.634257  0.723764  0.671702  0.305535  0.802824  0.664030  0.589071  0.740300  0.652708  0.505427  0.570365  0.591552  0.130326  0.676206  0.668304  0.570477  0.715956  0.653977  0.408273  0.352712  0.399246  0.662572  0.476987  0.512066  0.640986  0.581403  0.766755  0.862466  0.622481  0.631582  0.650300  0.561081  0.470519  0.666661  0.721653  0.765915  0.518143  0.574117  0.543990  0.440252  0.649168  0.727777  0.460878  0.622684  0.711424  0.550692  0.583263 
16  0.475348  0.513046  0.665832  0.412455  0.807994  0.405090  0.650001  0.000000  0.589110  0.413436  0.656271  0.622654  0.878739  0.754566  0.450265  0.297331 0.0  0.262085  0.719074  0.664979  0.646947  0.606355  0.570154  0.658949  0.664097  0.751019  0.600372  0.746187  0.634957  0.395913  0.536464  0.568209  0.619995  0.702235  0.682080  0.564065  0.719656  0.636380  0.478396  0.705312  0.665852  0.568376  0.629086  0.776893  0.396354  0.508764  0.307375  0.707989  0.490573  0.601043  0.627005  0.673167  0.718239  0.753425  0.727367  0.590395  0.605074  0.571119  0.651070  0.546510  0.558183  0.693140  0.687000  0.496484  0.581754  0.456612  0.580893  0.696216  0.373432  0.728428  0.603232  0.592024  0.555498 
17  0.455253  0.418906  0.702670  0.380297  0.672726  0.464216  0.745483  0.278725  0.697298  0.323526  0.596022  0.810419  0.724809  0.700716  0.515458  0.388859  0.262085 0.0  0.728032  0.706344  0.852458  0.536605  0.732743  0.576178  0.731917  0.781438  0.674424  0.728677  0.706235  0.137724  0.699143  0.573522  0.670615  0.814592  0.576688  0.594436  0.621442  0.678300  0.414878  0.654294  0.589578  0.450312  0.728435  0.726360  0.475513  0.331897  0.350163  0.597455  0.628606  0.515204  0.530985  0.707896  0.684372  0.734780  0.776449  0.578068  0.630740  0.459157  0.689623  0.696690  0.675107  0.689112  0.811734  0.540897  0.564748  0.452640  0.611513  0.647504  0.432635  0.654997  0.722204  0.659330  0.569485 
18  0.666132  0.611551  0.586084  0.726038  0.751980  0.738164  0.811564  0.812427  0.802150  0.611195  0.552766  0.903327  0.734463  0.843077  0.689573  0.690875  0.719074  0.728032 0.0  0.692200  0.709884  0.681016  0.483375  0.834649  0.701621  0.826768  0.738261  0.692967  0.710439  0.749650  0.424127  0.600908  0.806444  0.799521  0.749070  0.706377  0.649454  0.793230  0.634812  0.625035  0.665395  0.609642  0.747233  0.541488  0.676723  0.719799  0.683767  0.695898  0.739994  0.691162  0.536404  0.715863  0.787547  0.708322  0.735896  0.817281  0.682490  0.582488  0.718775  0.759735  0.597135  0.797248  0.667164  0.710224  0.654236  0.703980  0.659082  0.707355  0.645130  0.770058  0.673538  0.699707  0.604001 
19  0.679471  0.673505  0.743270  0.707066  0.713799  0.620759  0.501097  0.552039  0.729300  0.633417  0.673741  0.623777  0.881764  0.701774  0.605230  0.636404  0.664979  0.706344  0.692200 0.0  0.696342  0.588283  0.760570  0.553478  0.724281  0.809014  0.738347  0.831937  0.590632  0.665542  0.764543  0.696394  0.623279  0.770580  0.613700  0.650377  0.785281  0.632865  0.646061  0.785061  0.695691  0.650595  0.682198  0.784668  0.701783  0.615793  0.673696  0.687389  0.622366  0.578470  0.714381  0.553654  0.494806  0.662888  0.787133  0.661285  0.634162  0.720109  0.751282  0.598693  0.744749  0.558313  0.560050  0.605992  0.796960  0.653483  0.623333  0.682079  0.600610  0.748204  0.715757  0.589697  0.769093 
20  0.916839  0.812066  0.784115  0.682532  0.630453  0.730339  0.705488  0.719134  0.686461  0.629722  0.765972  0.709793  0.930589  0.703702  0.632682  0.863291  0.646947  0.852458  0.709884  0.696342 0.0  0.765625  0.820323  0.740596  0.752690  0.704651  0.740287  0.860875  0.657004  0.654015  0.819735  0.735937  0.801400  0.506412  0.680439  0.882045  0.766208  0.744896  0.653756  0.738143  0.758024  0.781537  0.697188  0.853838  0.709202  0.772804  0.699770  0.809407  0.785308  0.677154  0.728804  0.702795  0.657110  0.692758  0.922675  0.652083  0.676776  0.878289  0.759218  0.725461  0.663007  0.815926  0.728941  0.739479  0.761313  0.777015  0.680379  0.783465  0.733093  0.739932  0.819438  0.625841  0.743715 
21  0.617056  0.558528  0.636975  0.574993  0.531645  0.649327  0.634415  0.573486  0.629906  0.723064  0.664452  0.685692  0.745218  0.711771  0.662532  0.598479  0.606355  0.536605  0.681016  0.588283  0.765625 0.0  0.662997  0.487632  0.623803  0.854563  0.631466  0.740073  0.718845  0.557061  0.719596  0.726530  0.357960  0.784740  0.675166  0.670278  0.651855  0.683272  0.594087  0.659901  0.606559  0.563396  0.682758  0.749062  0.540733  0.627052  0.680373  0.740410  0.582617  0.668511  0.649433  0.744779  0.685761  0.785927  0.843500  0.638544  0.618342  0.592541  0.650112  0.709430  0.706828  0.723091  0.467745  0.730791  0.436522  0.597359  0.770080  0.680780  0.568553  0.558240  0.703648  0.689845  0.648499 
22  0.606088  0.710740  0.586649  0.508118  0.715021  0.595285  0.647013  0.721440  0.698608  0.604187  0.619783  0.663784  0.757899  0.767468  0.684204  0.587980  0.570154  0.732743  0.483375  0.760570  0.820323  0.662997 0.0  0.669089  0.548061  0.811450  0.857150  0.680793  0.759428  0.571384  0.650314  0.595449  0.673059  0.879410  0.705174  0.779083  0.595164  0.763531  0.592850  0.514201  0.762038  0.598482  0.699084  0.606003  0.685415  0.556900  0.637697  0.538016  0.680353  0.631935  0.533611  0.705441  0.777473  0.716236  0.713671  0.819465  0.784611  0.586449  0.755509  0.745506  0.632839  0.662838  0.729324  0.637232  0.522083  0.676812  0.653313  0.618089  0.633089  0.755720  0.488376  0.776134  0.594560 
23  0.400724  0.534845  0.882973  0.624842  0.562764  0.438858  0.560888  0.584727  0.641454  0.595792  0.648296  0.650741  0.746083  0.745796  0.503153  0.580710  0.658949  0.576178  0.834649  0.553478  0.740596  0.487632  0.669089 0.0  0.813225  0.887472  0.613003  0.650170  0.514343  0.568177  0.670269  0.673702  0.670931  0.603430  0.505722  0.421397  0.821103  0.483200  0.576317  0.751056  0.480082  0.514153  0.492746  0.734005  0.530410  0.567553  0.495061  0.770345  0.251784  0.180856  0.690181  0.539801  0.636385  0.821123  0.745389  0.480320  0.482103  0.715228  0.524095  0.380700  0.675770  0.624193  0.583571  0.632849  0.730505  0.598000  0.592629  0.608014  0.608540  0.435915  0.675927  0.425859  0.629326 
24  0.500239  0.707581  0.468715  0.686206  0.728703  0.595060  0.751301  0.599387  0.711686  0.547929  0.343923  0.726380  0.814620  0.696355  0.711518  0.768894  0.664097  0.731917  0.701621  0.724281  0.752690  0.623803  0.548061  0.813225 0.0  0.927559  0.616578  0.730197  0.752209  0.618291  0.475328  0.567593  0.680070  0.862071  0.691022  0.651631  0.630384  0.647350  0.645317  0.687363  0.778033  0.641280  0.728380  0.540308  0.680147  0.708006  0.629857  0.666601  0.661138  0.608361  0.504138  0.739242  0.823753  0.652017  0.725681  0.815988  0.833012  0.638158  0.668714  0.642401  0.550536  0.654830  0.781218  0.512054  0.677506  0.623708  0.824886  0.558967  0.589073  0.645024  0.587251  0.651905  0.733842 
25  0.844374  0.795747  0.832364  0.787569  0.746789  0.898590  0.844850  0.864349  0.863287  0.742125  0.826684  0.833818  0.799958  0.793996  0.855189  0.831683  0.751019  0.781438  0.826768  0.809014  0.704651  0.854563  0.811450  0.887472  0.927559 0.0  0.777554  0.855692  0.720238  0.851452  0.847480  0.844084  0.833719  0.674613  0.639441  0.774098  0.861188  0.770584  0.854961  0.818533  0.746588  0.849246  0.822678  0.853782  0.815529  0.813431  0.787029  0.816858  0.801672  0.701620  0.804621  0.829444  0.722920  0.986938  0.987274  0.742877  0.758568  0.764504  0.845745  0.747526  0.750329  0.821056  0.811241  0.794932  0.743506  0.809087  0.812538  0.982153  0.783860  0.779103  0.815383  0.819907  0.895765 
26  0.586548  0.559598  0.639963  0.648844  0.455937  0.649831  0.542288  0.513880  0.415563  0.701047  0.663051  0.486021  0.912553  0.693349  0.564154  0.634257  0.600372  0.674424  0.738261  0.738347  0.740287  0.631466  0.857150  0.613003  0.616578  0.777554 0.0  0.724003  0.423875  0.643204  0.769946  0.657168  0.596734  0.743758  0.325968  0.515139  0.808018  0.443887  0.489604  0.787986  0.478655  0.653270  0.326803  0.740733  0.581618  0.593583  0.631346  0.776601  0.589526  0.486393  0.643049  0.378839  0.558739  0.740636  0.653210  0.311185  0.190004  0.806626  0.471088  0.301137  0.813256  0.403755  0.338841  0.675708  0.599185  0.560637  0.244213  0.753561  0.648961  0.229631  0.746685  0.584886  0.740789 
27  0.727833  0.846583  0.500948  0.645048  0.779352  0.744627  0.838682  0.720608  0.689643  0.745828  0.683884  0.771695  0.763987  0.823547  0.767634  0.723764  0.746187  0.728677  0.692967  0.831937  0.860875  0.740073  0.680793  0.650170  0.730197  0.855692  0.724003 0.0  0.711453  0.536153  0.528818  0.692864  0.735495  0.762710  0.763546  0.802495  0.750978  0.812736  0.703270  0.613726  0.754159  0.717539  0.781099  0.614490  0.688211  0.825049  0.729639  0.554803  0.845367  0.725794  0.624647  0.726356  0.793978  0.585723  0.288401  0.699126  0.771360  0.690571  0.877052  0.767774  0.490617  0.889677  0.822870  0.665707  0.815105  0.733883  0.729896  0.669257  0.812035  0.697185  0.676458  0.696442  0.661743 
28  0.603802  0.634382  0.751528  0.636922  0.439005  0.580768  0.609182  0.684422  0.480000  0.662205  0.733853  0.479682  0.754287  0.666488  0.628262  0.671702  0.634957  0.706235  0.710439  0.590632  0.657004  0.718845  0.759428  0.514343  0.752209  0.720238  0.423875  0.711453 0.0  0.587856  0.745253  0.565320  0.632292  0.814300  0.474758  0.639706  0.704373  0.372458  0.682211  0.780177  0.350398  0.720285  0.347264  0.771902  0.575713  0.627727  0.768751  0.732671  0.523757  0.634767  0.646514  0.528551  0.686509  0.756712  0.713306  0.435895  0.453709  0.640281  0.356280  0.428213  0.789878  0.301935  0.539264  0.781253  0.711839  0.627347  0.532876  0.777778  0.661167  0.461878  0.697950  0.519141  0.660999 
29  0.470893  0.410294  0.670164  0.365656  0.637146  0.492208  0.610550  0.255993  0.672609  0.314540  0.701638  0.710048  0.841405  0.756937  0.460225  0.305535  0.395913  0.137724  0.749650  0.665542  0.654015  0.557061  0.571384  0.568177  0.618291  0.851452  0.643204  0.536153  0.587856 0.0  0.639058  0.637048  0.516648  0.773885  0.730593  0.405780  0.679442  0.620564  0.375249  0.720347  0.561741  0.568719  0.592107  0.719970  0.575804  0.399430  0.340930  0.646707  0.555295  0.682717  0.629863  0.651491  0.752168  0.667493  0.709602  0.486509  0.631175  0.476151  0.585899  0.689370  0.708469  0.685867  0.550178  0.539633  0.510337  0.438093  0.733864  0.536123  0.511433  0.683301  0.686224  0.612439  0.542558 
30  0.628386  0.542886  0.503085  0.749088  0.817760  0.561102  0.812926  0.660375  0.784938  0.588004  0.463768  0.874127  0.733099  0.734765  0.644832  0.802824  0.536464  0.699143  0.424127  0.764543  0.819735  0.719596  0.650314  0.670269  0.475328  0.847480  0.769946  0.528818  0.745253  0.639058 0.0  0.608910  0.766871  0.833880  0.791036  0.596133  0.598275  0.688799  0.554125  0.621088  0.688800  0.716156  0.830923  0.510221  0.707985  0.605693  0.554370  0.615857  0.719980  0.673716  0.649300  0.796406  0.631247  0.623544  0.609470  0.798193  0.752301  0.700156  0.691981  0.665863  0.549461  0.685748  0.691620  0.618829  0.621954  0.676940  0.709428  0.703789  0.616819  0.702412  0.601928  0.583807  0.571511 
31  0.578534  0.636943  0.625541  0.569697  0.739976  0.656210  0.681673  0.495719  0.749071  0.494409  0.565548  0.662294  0.763438  0.814108  0.651249  0.664030  0.568209  0.573522  0.600908  0.696394  0.735937  0.726530  0.595449  0.673702  0.567593  0.844084  0.657168  0.692864  0.565320  0.637048  0.608910 0.0  0.616680  0.741174  0.709567  0.535915  0.682331  0.744134  0.490874  0.650915  0.604196  0.640212  0.668201  0.658419  0.585372  0.745317  0.578347  0.602212  0.555877  0.714260  0.511642  0.727792  0.799655  0.768067  0.718877  0.729363  0.762276  0.393778  0.576370  0.648886  0.666067  0.725097  0.747948  0.312823  0.659333  0.553537  0.703772  0.652223  0.563719  0.655359  0.630081  0.654624  0.347650 
32  0.628535  0.560478  0.785948  0.580158  0.677594  0.666777  0.641639  0.612402  0.702861  0.738958  0.614474  0.737208  0.843328  0.758025  0.612361  0.589071  0.619995  0.670615  0.806444  0.623279  0.801400  0.357960  0.673059  0.670931  0.680070  0.833719  0.596734  0.735495  0.632292  0.516648  0.766871  0.616680 0.0  0.737592  0.570103  0.545165  0.709654  0.668379  0.650735  0.704341  0.589768  0.556977  0.640858  0.676110  0.505026  0.652006  0.595468  0.756211  0.675585  0.696486  0.698332  0.747920  0.686066  0.723300  0.651564  0.697393  0.644947  0.633243  0.752203  0.546671  0.785395  0.592544  0.652136  0.702614  0.523072  0.654871  0.591404  0.730154  0.630017  0.704322  0.635139  0.651151  0.648561 
33  0.797032  0.754685  0.834944  0.763522  0.746755  0.716996  0.671983  0.723914  0.761936  0.774278  0.900275  0.726626  0.831941  0.718124  0.865776  0.740300  0.702235  0.814592  0.799521  0.770580  0.506412  0.784740  0.879410  0.603430  0.862071  0.674613  0.743758  0.762710  0.814300  0.773885  0.833880  0.741174  0.737592 0.0  0.714060  0.711228  0.838871  0.802470  0.823062  0.715584  0.719336  0.720197  0.688967  0.726845  0.720428  0.774991  0.756320  0.847692  0.789159  0.618268  0.767810  0.738326  0.664609  0.840006  0.897676  0.700650  0.777195  0.679112  0.779154  0.826791  0.939952  0.703535  0.780816  0.798206  0.713353  0.812488  0.778435  1.000000  0.826442  0.796027  0.771833  0.688126  0.695631 
34  0.564191  0.576135  0.697402  0.625920  0.357934  0.608227  0.667848  0.622326  0.353860  0.634393  0.733954  0.560170  0.905278  0.715474  0.442134  0.652708  0.682080  0.576688  0.749070  0.613700  0.680439  0.675166  0.705174  0.505722  0.691022  0.639441  0.325968  0.763546  0.474758  0.730593  0.791036  0.709567  0.570103  0.714060 0.0  0.551385  0.663665  0.297479  0.579098  0.713880  0.430594  0.583616  0.282723  0.758001  0.588104  0.693443  0.670575  0.843546  0.620162  0.404049  0.731863  0.367024  0.618047  0.743358  0.737987  0.241312  0.197125  0.574215  0.369847  0.065680  0.736678  0.392441  0.310438  0.709184  0.653875  0.675201  0.342734  0.778841  0.522823  0.385719  0.696978  0.487356  0.646830 
35  0.527012  0.489346  0.752152  0.544929  0.627122  0.527983  0.584360  0.675848  0.581105  0.476472  0.690885  0.630107  0.798080  0.782392  0.434660  0.505427  0.564065  0.594436  0.706377  0.650377  0.882045  0.670278  0.779083  0.421397  0.651631  0.774098  0.515139  0.802495  0.639706  0.405780  0.596133  0.535915  0.545165  0.711228  0.551385 0.0  0.747707  0.569046  0.515457  0.699870  0.617429  0.386074  0.533085  0.737366  0.370536  0.574611  0.565423  0.748109  0.458950  0.504779  0.626149  0.525352  0.834691  0.773751  0.761171  0.587989  0.525057  0.512591  0.621114  0.512791  0.769727  0.563623  0.632184  0.568057  0.528873  0.524094  0.544229  0.712668  0.446523  0.585466  0.650270  0.605683  0.615714 
36  0.622557  0.885386  0.560382  0.745390  0.740913  0.577995  0.798698  0.640474  0.732714  0.630673  0.693576  0.848046  0.865513  0.743788  0.635114  0.570365  0.719656  0.621442  0.649454  0.785281  0.766208  0.651855  0.595164  0.821103  0.630384  0.861188  0.808018  0.750978  0.704373  0.679442  0.598275  0.682331  0.709654  0.838871  0.663665  0.747707 0.0  0.743630  0.639423  0.491404  0.689021  0.706831  0.783681  0.654716  0.628454  0.664070  0.668887  0.514988  0.600970  0.735032  0.537448  0.750940  0.809807  0.664667  0.644285  0.685697  0.750909  0.658592  0.720420  0.699501  0.716856  0.807480  0.690107  0.584747  0.534034  0.646207  0.684753  0.303890  0.712921  0.675594  0.498585  0.799958  0.732844 
37  0.580660  0.629330  0.802530  0.669656  0.425700  0.553541  0.469896  0.568890  0.257161  0.666678  0.647396  0.542213  0.847053  0.572886  0.680676  0.591552  0.636380  0.678300  0.793230  0.632865  0.744896  0.683272  0.763531  0.483200  0.647350  0.770584  0.443887  0.812736  0.372458  0.620564  0.688799  0.744134  0.668379  0.802470  0.297479  0.569046  0.743630 0.0  0.519999  0.772483  0.372294  0.713278  0.266907  0.725335  0.673251  0.662378  0.612566  0.685001  0.588721  0.609898  0.696835  0.529362  0.665257  0.811514  0.771427  0.462225  0.440313  0.714850  0.277565  0.367400  0.886086  0.217541  0.442212  0.684156  0.599228  0.597749  0.473236  0.732856  0.527105  0.433144  0.715822  0.511985  0.598487 
38  0.333825  0.222850  0.717476  0.493514  0.612216  0.190746  0.732452  0.463351  0.658632  0.490369  0.546794  0.641942  0.722904  0.617944  0.590924  0.130326  0.478396  0.414878  0.634812  0.646061  0.653756  0.594087  0.592850  0.576317  0.645317  0.854961  0.489604  0.703270  0.682211  0.375249  0.554125  0.490874  0.650735  0.823062  0.579098  0.515457  0.639423  0.519999 0.0  0.669954  0.591237  0.501799  0.636491  0.720920  0.475617  0.378306  0.510698  0.729110  0.450734  0.490872  0.628675  0.511182  0.846191  0.693885  0.764803  0.724226  0.642221  0.593292  0.557884  0.655279  0.740520  0.647260  0.678365  0.655074  0.666897  0.407512  0.605077  0.661639  0.411516  0.694779  0.690876  0.568957  0.646084 
39  0.651531  0.678065  0.708301  0.672830  0.784919  0.701710  0.657492  0.698020  0.858010  0.629926  0.650928  0.815353  0.888196  0.727245  0.681590  0.676206  0.705312  0.654294  0.625035  0.785061  0.738143  0.659901  0.514201  0.751056  0.687363  0.818533  0.787986  0.613726  0.780177  0.720347  0.621088  0.650915  0.704341  0.715584  0.713880  0.699870  0.491404  0.772483  0.669954 0.0  0.763175  0.722817  0.851793  0.815037  0.644746  0.705561  0.769828  0.536422  0.715766  0.716336  0.540259  0.801155  0.714402  0.654092  0.662786  0.736438  0.758697  0.558985  0.719778  0.692486  0.613584  0.816482  0.744741  0.723373  0.656255  0.673452  0.827437  0.096849  0.687489  0.786556  0.434634  0.733655  0.606064 
40  0.496627  0.710218  0.742600  0.645654  0.360621  0.613168  0.553825  0.627510  0.498970  0.593443  0.661656  0.523350  0.888446  0.641185  0.580495  0.668304  0.665852  0.589578  0.665395  0.695691  0.758024  0.606559  0.762038  0.480082  0.778033  0.746588  0.478655  0.754159  0.350398  0.561741  0.688800  0.604196  0.589768  0.719336  0.430594  0.617429  0.689021  0.372294  0.591237  0.763175 0.0  0.693153  0.458466  0.760954  0.621886  0.659440  0.692078  0.719093  0.543177  0.612775  0.756114  0.488843  0.654113  0.772062  0.786359  0.406738  0.453045  0.697198  0.433939  0.384640  0.765663  0.401185  0.508426  0.617192  0.810715  0.708327  0.500892  0.818642  0.668999  0.449714  0.778116  0.483379  0.695933 
41  0.539792  0.393695  0.767347  0.558689  0.596419  0.477531  0.632945  0.548676  0.611379  0.489152  0.617475  0.600308  0.850168  0.740016  0.307882  0.570477  0.568376  0.450312  0.609642  0.650595  0.781537  0.563396  0.598482  0.514153  0.641280  0.849246  0.653270  0.717539  0.720285  0.568719  0.716156  0.640212  0.556977  0.720197  0.583616  0.386074  0.706831  0.713278  0.501799  0.722817  0.693153 0.0  0.701500  0.721386  0.414184  0.618707  0.435900  0.732351  0.473490  0.460836  0.647829  0.699639  0.713654  0.757136  0.793810  0.645540  0.573842  0.623127  0.567643  0.560021  0.715331  0.562903  0.621073  0.652835  0.531285  0.597606  0.571275  0.711037  0.448195  0.531192  0.776051  0.603330  0.577096 
42  0.690304  0.647420  0.703554  0.623920  0.403888  0.609540  0.553009  0.659409  0.312822  0.648799  0.720652  0.606835  0.855369  0.660133  0.599840  0.715956  0.629086  0.728435  0.747233  0.682198  0.697188  0.682758  0.699084  0.492746  0.728380  0.822678  0.326803  0.781099  0.347264  0.592107  0.830923  0.668201  0.640858  0.688967  0.282723  0.533085  0.783681  0.266907  0.636491  0.851793  0.458466  0.701500 0.0  0.654610  0.727302  0.689117  0.661449  0.712325  0.537686  0.547300  0.710896  0.574830  0.544924  0.731482  0.743699  0.307260  0.329698  0.658918  0.329511  0.287321  0.790432  0.329449  0.438734  0.740011  0.729737  0.701146  0.393432  0.762452  0.628268  0.349118  0.734719  0.407361  0.710575 
43  0.730289  0.739835  0.498730  0.731055  0.657191  0.749439  0.773580  0.716995  0.747574  0.761434  0.690029  0.838363  0.682567  0.776595  0.791821  0.653977  0.776893  0.726360  0.541488  0.784668  0.853838  0.749062  0.606003  0.734005  0.540308  0.853782  0.740733  0.614490  0.771902  0.719970  0.510221  0.658419  0.676110  0.726845  0.758001  0.737366  0.654716  0.725335  0.720920  0.815037  0.760954  0.721386  0.654610 0.0  0.670278  0.673833  0.642021  0.663830  0.759918  0.759435  0.581510  0.772999  0.852130  0.660201  0.530751  0.750316  0.781250  0.725597  0.774946  0.760259  0.268637  0.782739  0.714629  0.586354  0.666251  0.664834  0.764204  0.593529  0.663018  0.725792  0.714811  0.792846  0.698114 
44  0.467228  0.488561  0.721732  0.447916  0.730082  0.341628  0.629388  0.544392  0.643907  0.524873  0.688819  0.633677  0.793040  0.640367  0.401441  0.408273  0.396354  0.475513  0.676723  0.701783  0.709202  0.540733  0.685415  0.530410  0.680147  0.815529  0.581618  0.688211  0.575713  0.575804  0.707985  0.585372  0.505026  0.720428  0.588104  0.370536  0.628454  0.673251  0.475617  0.644746  0.621886  0.414184  0.727302  0.670278 0.0  0.553078  0.370218  0.696120  0.531208  0.580609  0.662908  0.526624  0.737337  0.748186  0.726005  0.659859  0.616070  0.516733  0.599764  0.624596  0.779260  0.548690  0.595623  0.594605  0.540405  0.512962  0.671468  0.632609  0.316472  0.701686  0.746297  0.640886  0.546892 
45  0.473777  0.377805  0.748538  0.487767  0.633404  0.364897  0.706240  0.384408  0.651023  0.484571  0.623198  0.737248  0.677814  0.747773  0.513184  0.352712  0.508764  0.331897  0.719799  0.615793  0.772804  0.627052  0.556900  0.567553  0.708006  0.813431  0.593583  0.825049  0.627727  0.399430  0.605693  0.745317  0.652006  0.774991  0.693443  0.574611  0.664070  0.662378  0.378306  0.705561  0.659440  0.618707  0.689117  0.673833  0.553078 0.0  0.417012  0.736502  0.572614  0.574589  0.648909  0.664124  0.601550  0.732114  0.647102  0.606111  0.585427  0.494284  0.686290  0.572828  0.713265  0.631286  0.638388  0.600294  0.678176  0.336240  0.515112  0.609574  0.529484  0.603309  0.750901  0.690575  0.525052 
46  0.532408  0.498136  0.754689  0.382371  0.638092  0.529935  0.702360  0.250363  0.606196  0.477058  0.659994  0.685033  0.895860  0.699758  0.449316  0.399246  0.307375  0.350163  0.683767  0.673696  0.699770  0.680373  0.637697  0.495061  0.629857  0.787029  0.631346  0.729639  0.768751  0.340930  0.554370  0.578347  0.595468  0.756320  0.670575  0.565423  0.668887  0.612566  0.510698  0.769828  0.692078  0.435900  0.661449  0.642021  0.370218  0.417012 0.0  0.803798  0.491551  0.474895  0.652877  0.622095  0.584039  0.719084  0.659558  0.657903  0.727481  0.479742  0.710620  0.697611  0.716531  0.598055  0.535683  0.639615  0.545116  0.507736  0.704400  0.658748  0.407193  0.629951  0.611143  0.595710  0.633058 
47  0.656543  0.821264  0.530350  0.665004  0.761840  0.725749  0.743371  0.655156  0.804234  0.729521  0.568396  0.768168  0.934161  0.787004  0.761031  0.662572  0.707989  0.597455  0.695898  0.687389  0.809407  0.740410  0.538016  0.770345  0.666601  0.816858  0.776601  0.554803  0.732671  0.646707  0.615857  0.602212  0.756211  0.847692  0.843546  0.748109  0.514988  0.685001  0.729110  0.536422  0.719093  0.732351  0.712325  0.663830  0.696120  0.736502  0.803798 0.0  0.707181  0.739692  0.538317  0.720207  0.788527  0.533425  0.689384  0.745870  0.675973  0.634024  0.779455  0.774918  0.616442  0.643542  0.752690  0.680004  0.602531  0.521212  0.823375  0.612608  0.659296  0.861258  0.614141  0.758877  0.654508 
48  0.607927  0.569468  0.763264  0.413047  0.603289  0.505516  0.619184  0.578131  0.697079  0.627794  0.767047  0.722954  0.813733  0.638108  0.467737  0.476987  0.490573  0.628606  0.739994  0.622366  0.785308  0.582617  0.680353  0.251784  0.661138  0.801672  0.589526  0.845367  0.523757  0.555295  0.719980  0.555877  0.675585  0.789159  0.620162  0.458950  0.600970  0.588721  0.450734  0.715766  0.543177  0.473490  0.537686  0.759918  0.531208  0.572614  0.491551  0.707181 0.0  0.414939  0.619314  0.508312  0.619691  0.813206  0.651315  0.646930  0.582718  0.669388  0.615768  0.630014  0.829395  0.612748  0.511856  0.708036  0.627334  0.599176  0.577214  0.739475  0.664875  0.455846  0.644609  0.507815  0.677988 
49  0.490600  0.572592  0.694519  0.557669  0.547057  0.480904  0.550882  0.548786  0.626357  0.553826  0.595025  0.597541  0.768858  0.720361  0.503635  0.512066  0.601043  0.515204  0.691162  0.578470  0.677154  0.668511  0.631935  0.180856  0.608361  0.701620  0.486393  0.725794  0.634767  0.682717  0.673716  0.714260  0.696486  0.618268  0.404049  0.504779  0.735032  0.609898  0.490872  0.716336  0.612775  0.460836  0.547300  0.759435  0.580609  0.574589  0.474895  0.739692  0.414939 0.0  0.692233  0.562778  0.817486  0.719521  0.857601  0.562865  0.468999  0.616937  0.659474  0.506510  0.770716  0.559016  0.569900  0.688288  0.699185  0.551224  0.477325  0.734960  0.618978  0.506210  0.718439  0.534347  0.596193 
50  0.714634  0.738324  0.619777  0.647903  0.705867  0.615007  0.717809  0.639341  0.722613  0.520629  0.503075  0.761433  0.758893  0.745746  0.561619  0.640986  0.627005  0.530985  0.536404  0.714381  0.728804  0.649433  0.533611  0.690181  0.504138  0.804621  0.643049  0.624647  0.646514  0.629863  0.649300  0.511642  0.698332  0.767810  0.731863  0.626149  0.537448  0.696835  0.628675  0.540259  0.756114  0.647829  0.710896  0.581510  0.662908  0.648909  0.652877  0.538317  0.619314  0.692233 0.0  0.717683  0.787604  0.603222  0.683866  0.707963  0.664792  0.580983  0.684814  0.683160  0.601767  0.713704  0.745910  0.516711  0.620864  0.601643  0.766514  0.581034  0.640779  0.837912  0.543147  0.798626  0.577622 
51  0.561228  0.626219  0.764867  0.583371  0.458845  0.585791  0.500074  0.685572  0.530885  0.706512  0.818643  0.567988  0.839271  0.663121  0.619985  0.581403  0.673167  0.707896  0.715863  0.553654  0.702795  0.744779  0.705441  0.539801  0.739242  0.829444  0.378839  0.726356  0.528551  0.651491  0.796406  0.727792  0.747920  0.738326  0.367024  0.525352  0.750940  0.529362  0.511182  0.801155  0.488843  0.699639  0.574830  0.772999  0.526624  0.664124  0.622095  0.720207  0.508312  0.562778  0.717683 0.0  0.718371  0.838062  0.736044  0.508500  0.437517  0.587390  0.551520  0.395258  0.655180  0.510801  0.325626  0.768275  0.719555  0.699476  0.339218  0.671445  0.656091  0.336436  0.740075  0.355594  0.743226 
52  0.690043  0.651156  0.818375  0.735979  0.657988  0.714418  0.530605  0.740398  0.503123  0.694561  0.808828  0.553642  0.869383  0.646787  0.752632  0.766755  0.718239  0.684372  0.787547  0.494806  0.657110  0.685761  0.777473  0.636385  0.823753  0.722920  0.558739  0.793978  0.686509  0.752168  0.631247  0.799655  0.686066  0.664609  0.618047  0.834691  0.809807  0.665257  0.846191  0.714402  0.654113  0.713654  0.544924  0.852130  0.737337  0.601550  0.584039  0.788527  0.619691  0.817486  0.787604  0.718371 0.0  0.738764  0.762590  0.525030  0.570806  0.678899  0.626787  0.645792  0.781640  0.624049  0.679978  0.631436  0.675709  0.700185  0.591628  0.752262  0.735804  0.653838  0.740811  0.513756  0.695634 
53  0.772997  0.702876  0.605039  0.727996  0.892023  0.726888  0.822985  0.729778  0.810177  0.736546  0.642275  0.811348  0.785608  0.782862  0.653641  0.862466  0.753425  0.734780  0.708322  0.662888  0.692758  0.785927  0.716236  0.821123  0.652017  0.986938  0.740636  0.585723  0.756712  0.667493  0.623544  0.768067  0.723300  0.840006  0.743358  0.773751  0.664667  0.811514  0.693885  0.654092  0.772062  0.757136  0.731482  0.660201  0.748186  0.732114  0.719084  0.533425  0.813206  0.719521  0.603222  0.838062  0.738764 0.0  0.647822  0.720546  0.794123  0.726170  0.694085  0.732214  0.515688  0.686866  0.757872  0.687262  0.551343  0.831955  0.850671  0.573172  0.694748  0.786533  0.616280  0.728336  0.716196 
