73
0 0.0  0.699192  0.541083  0.884120  0.717914  0.683471  0.573429  0.802303  0.494455  0.625357  0.606081  0.667665  0.701968  0.533037  0.663596  0.612215  0.777866  0.720768  0.642864  0.569099  0.654673  0.547145  0.535107  0.630746  0.873836  0.739633  0.611670  0.573639  0.613508  0.634665  0.672254  0.799413  0.691307  0.507322  0.597566  0.760296  0.703116  0.695006  0.574555  0.766654  0.466898  0.760614  0.749642  0.584023  0.817288  0.478621  0.656113  0.704141  0.568049  0.491933  0.773405  0.641830  0.566924  0.684781  0.547806  0.624839  0.485705  0.578340  0.516326  0.605843  0.691819  0.580466  0.669984  0.717856  0.610313  0.632944  0.692550  0.608518  0.637123  0.635426  0.561253  0.587744  0.676219 
1  0.699192 0.0  0.617547  0.583981  0.357232  0.205871  0.663817  0.694961  0.588289  0.595888  0.618242  0.464863  0.747777  0.707181  0.419668  0.582167  0.291935  0.077865  0.610074  0.646201  0.588523  0.513870  0.682157  0.762329  0.754970  0.589711  0.589244  0.608816  0.623685  0.725771  0.753763  0.884203  0.136466  0.655130  0.687721  0.861736  0.697747  0.694925  0.617699  0.572463  0.679435  0.562407  0.209235  0.571439  0.088729  0.520646  0.511802  0.791236  0.585850  0.734233  0.806622  0.637119  0.608215  0.741346  0.422521  0.692729  0.647440  0.596746  0.606766  0.672972  0.922875  0.527403  0.548338  0.674451  0.180610  0.738558  0.645352  0.746463  0.673895  0.702842  0.654524  0.834885  0.412178 
2  0.541083  0.617547 0.0  0.631293  0.640081  0.705662  0.277063  0.580124  0.418166  0.482996  0.537554  0.580778  0.627365  0.671079  0.598481  0.491295  0.648860  0.672343  0.422974  0.450407  0.593956  0.433006  0.433875  0.660295  0.816293  0.430820  0.582395  0.529476  0.426763  0.601911  0.762823  0.894220  0.694748  0.608267  0.668730  0.789142  0.569668  0.566417  0.589826  0.370764  0.496467  0.728640  0.602107  0.403534  0.665423  0.452640  0.444755  0.670013  0.371289  0.381258  0.660362  0.506866  0.481302  0.612229  0.448286  0.400385  0.198476  0.515498  0.599851  0.694185  0.695222  0.565733  0.658739  0.353423  0.657576  0.570053  0.578122  0.604405  0.564155  0.737147  0.302129  0.737308  0.710985 
3  0.884120  0.583981  0.631293 0.0  0.711357  0.718228  0.689383  0.750788  0.684291  0.698718  0.720676  0.647535  0.749148  0.829511  0.605580  0.580527  0.581186  0.669625  0.738079  0.744576  0.588669  0.757968  0.667377  0.772644  0.714768  0.652364  0.727813  0.742730  0.614656  0.724470  0.818624  0.887541  0.637639  0.727428  0.765401  0.859555  0.713246  0.619343  0.648833  0.725027  0.729135  0.535282  0.641841  0.790670  0.608485  0.711993  0.732038  0.926784  0.726225  0.795803  0.758489  0.766463  0.673255  0.832197  0.602100  0.660257  0.645955  0.775274  0.669256  0.622010  0.815415  0.673764  0.682667  0.771259  0.676749  0.731201  0.691465  0.747069  0.628737  0.742096  0.719919  0.743702  0.665182 
4  0.717914  0.357232  0.640081  0.711357 0.0  0.403681  0.606409  0.727130  0.568534  0.601534  0.679981  0.633638  0.724834  0.697492  0.258228  0.592039  0.378415  0.287778  0.509583  0.669036  0.590001  0.625234  0.591879  0.770361  0.904987  0.646145  0.704930  0.475275  0.501210  0.761787  0.722026  0.968539  0.329261  0.866295  0.757864  0.834909  0.718777  0.588237  0.659291  0.577797  0.709864  0.615486  0.486457  0.605567  0.324248  0.580441  0.585864  0.726326  0.711010  0.673581  0.828587  0.513102  0.722812  0.756846  0.528623  0.659858  0.638437  0.677514  0.627128  0.654942  0.652997  0.691595  0.507082  0.706358  0.403831  0.737293  0.485388  0.757955  0.740092  0.703072  0.708403  0.820253  0.548561 
5  0.683471  0.205871  0.705662  0.718228  0.403681 0.0  0.517293  0.651921  0.561172  0.705150  0.791222  0.501804  0.788849  0.751946  0.342484  0.567572  0.319958  0.300122  0.492038  0.633979  0.603640  0.559538  0.568923  0.812151  0.792778  0.566881  0.585711  0.635354  0.552131  0.748854  0.836988  0.785094  0.389505  0.633706  0.674974  0.858452  0.725381  0.744039  0.566394  0.583962  0.737959  0.586392  0.202044  0.496401  0.308098  0.560394  0.600128  0.804252  0.728464  0.625278  0.762206  0.695940  0.603128  0.708268  0.385685  0.513796  0.620559  0.610242  0.631332  0.634980  0.762393  0.692018  0.358978  0.412505  0.128277  0.689962  0.569735  0.770937  0.541556  0.761934  0.734766  0.569395  0.484417 
6  0.573429  0.663817  0.277063  0.689383  0.606409  0.517293 0.0  0.456322  0.381701  0.416874  0.566070  0.609387  0.762379  0.718391  0.604271  0.621535  0.700893  0.601346  0.607107  0.363305  0.434376  0.491230  0.515511  0.804681  0.918177  0.518856  0.462754  0.444375  0.424059  0.560735  0.799093  0.825991  0.616288  0.520689  0.643638  0.717264  0.608205  0.525678  0.594350  0.485851  0.742177  0.566639  0.633417  0.431552  0.602702  0.322266  0.393116  0.596726  0.351488  0.470756  0.719348  0.424139  0.365688  0.472021  0.677248  0.407518  0.417439  0.423528  0.641101  0.748529  0.748115  0.448988  0.524688  0.345521  0.648536  0.634938  0.500307  0.617805  0.380293  0.697832  0.250398  0.584811  0.573304 
7  0.802303  0.694961  0.580124  0.750788  0.727130  0.651921  0.456322 0.0  0.605577  0.549283  0.584876  0.664640  0.589942  0.616226  0.633594  0.746815  0.826448  0.718615  0.664817  0.635503  0.652380  0.747896  0.658801  0.596814  0.882679  0.566797  0.635914  0.705441  0.553818  0.225580  0.595088  0.726976  0.589289  0.634848  0.668918  0.739828  0.305017  0.406652  0.654875  0.577006  0.561523  0.655840  0.696197  0.692328  0.756203  0.512240  0.563817  0.563019  0.637089  0.586513  0.665459  0.609819  0.648311  0.323851  0.758293  0.553173  0.506577  0.546786  0.767580  0.748211  0.627422  0.474495  0.694294  0.568762  0.611775  0.318962  0.689226  0.556888  0.592116  0.680620  0.621204  0.588144  0.649686 
8  0.494455  0.588289  0.418166  0.684291  0.568534  0.561172  0.381701  0.605577 0.0  0.340125  0.738375  0.594102  0.655895  0.741912  0.687005  0.531942  0.642091  0.511131  0.471605  0.246657  0.438667  0.445268  0.487487  0.618552  0.741682  0.430992  0.456242  0.492671  0.496150  0.596943  0.705313  0.817752  0.638095  0.563967  0.697551  0.716363  0.590982  0.637495  0.473697  0.431568  0.615539  0.685351  0.551269  0.280007  0.697410  0.458858  0.490249  0.756511  0.000000  0.519317  0.761561  0.461400  0.494955  0.676575  0.615160  0.366527  0.313414  0.359434  0.530359  0.705739  0.563013  0.554728  0.496631  0.508635  0.548611  0.752098  0.500065  0.612175  0.323476  0.741534  0.348506  0.646492  0.589660 
9  0.625357  0.595888  0.482996  0.698718  0.601534  0.705150  0.416874  0.549283  0.340125 0.0  0.581521  0.498275  0.762589  0.676530  0.560265  0.411042  0.595469  0.658400  0.469418  0.264840  0.441217  0.417155  0.436712  0.723570  0.885993  0.546171  0.460748  0.287948  0.351165  0.643283  0.758217  0.885159  0.454740  0.635753  0.805523  0.671013  0.537707  0.739250  0.523606  0.290255  0.551829  0.640837  0.635754  0.360270  0.645812  0.401763  0.460107  0.720796  0.367288  0.492018  0.649350  0.377105  0.475017  0.606802  0.495015  0.413167  0.467815  0.214114  0.627604  0.721703  0.805762  0.473350  0.521482  0.277016  0.729470  0.636127  0.652141  0.707212  0.306727  0.595796  0.378182  0.636729  0.573137 
10  0.606081  0.618242  0.537554  0.720676  0.679981  0.791222  0.566070  0.584876  0.738375  0.581521 0.0  0.650847  0.680243  0.551813  0.707022  0.662626  0.736422  0.789851  0.651802  0.684848  0.659560  0.586998  0.744432  0.588526  0.859068  0.543022  0.770555  0.704733  0.636350  0.429356  0.676574  0.797409  0.863531  0.488903  0.633989  0.638002  0.414439  0.477634  0.578043  0.688776  0.502721  0.844333  0.718663  0.702765  0.720952  0.656864  0.523435  0.627798  0.516764  0.454398  0.538970  0.574198  0.727380  0.325249  0.646372  0.495386  0.509747  0.589303  0.753562  0.670744  0.577696  0.428232  0.674097  0.714760  0.675657  0.508901  0.590297  0.625907  0.690716  0.612887  0.667182  0.588991  0.788194 
11  0.667665  0.464863  0.580778  0.647535  0.633638  0.501804  0.609387  0.664640  0.594102  0.498275  0.650847 0.0  0.710828  0.709019  0.647637  0.414504  0.601377  0.564199  0.468072  0.526611  0.546394  0.535229  0.450081  0.812273  0.718936  0.624318  0.393911  0.499884  0.505929  0.763764  0.751998  0.933019  0.529098  0.665918  0.698112  0.773702  0.606196  0.749431  0.239217  0.378970  0.604542  0.576783  0.590316  0.608550  0.582629  0.522087  0.529630  0.687310  0.577671  0.589100  0.728717  0.459315  0.424035  0.690435  0.322346  0.502400  0.584738  0.607112  0.476971  0.518207  0.760494  0.688057  0.343201  0.601407  0.646474  0.713811  0.310278  0.657376  0.601248  0.685355  0.499955  0.693489  0.625520 
12  0.701968  0.747777  0.627365  0.749148  0.724834  0.788849  0.762379  0.589942  0.655895  0.762589  0.680243  0.710828 0.0  0.671484  0.936547  0.723443  0.701319  0.715046  0.683596  0.801453  0.713394  0.739207  0.663549  0.444502  0.755301  0.736047  0.736763  0.630423  0.720919  0.637548  0.471988  0.774092  0.791720  0.634342  0.537455  0.484037  0.537875  0.560082  0.723883  0.718870  0.755924  0.711916  0.796396  0.763566  0.720923  0.752250  0.731736  0.522924  0.710169  0.572682  0.410403  0.650288  0.769273  0.632984  0.679590  0.665662  0.715266  0.797537  0.676220  0.821345  0.575866  0.615910  0.794289  0.703192  0.683075  0.576087  0.640036  0.464301  0.725342  0.563850  0.703228  0.567440  0.737841 
13  0.533037  0.707181  0.671079  0.829511  0.697492  0.751946  0.718391  0.616226  0.741912  0.676530  0.551813  0.709019  0.671484 0.0  0.852745  0.647284  0.654778  0.706702  0.756625  0.711616  0.750687  0.750222  0.577846  0.668517  0.828117  0.631683  0.651538  0.693021  0.708667  0.664294  0.649331  0.709185  0.664032  0.520379  0.267114  0.717748  0.549483  0.500226  0.688231  0.691303  0.544850  0.752709  0.748686  0.659354  0.767117  0.706371  0.641501  0.222056  0.644384  0.637012  0.558529  0.611656  0.604730  0.649332  0.711290  0.653964  0.617591  0.698698  0.736607  0.814310  0.555484  0.504348  0.714077  0.756493  0.765252  0.555356  0.746145  0.613661  0.715655  0.477790  0.610653  0.506732  0.797117 
14  0.663596  0.419668  0.598481  0.605580  0.258228  0.342484  0.604271  0.633594  0.687005  0.560265  0.707022  0.647637  0.936547  0.852745 0.0  0.570753  0.425129  0.539066  0.599856  0.677335  0.660059  0.506488  0.627349  0.706403  0.720372  0.703841  0.605745  0.725897  0.486413  0.666719  0.803060  0.888913  0.346598  0.760791  0.742088  0.877801  0.649434  0.723244  0.649747  0.654856  0.758720  0.577277  0.404109  0.514478  0.484161  0.616493  0.599686  0.798689  0.559940  0.622404  0.706076  0.631899  0.724314  0.671628  0.538822  0.590061  0.689646  0.708156  0.627191  0.644291  0.751541  0.754705  0.532938  0.626688  0.537148  0.713177  0.548779  0.824883  0.607988  0.702183  0.600335  0.638757  0.453483 
15  0.612215  0.582167  0.491295  0.580527  0.592039  0.567572  0.621535  0.746815  0.531942  0.411042  0.662626  0.414504  0.723443  0.647284  0.570753 0.0  0.688752  0.630313  0.078892  0.430692  0.250999  0.422477  0.530145  0.756636  0.847909  0.584949  0.208147  0.240855  0.518833  0.665215  0.653350  0.802359  0.527515  0.647129  0.663172  0.701996  0.775203  0.687877  0.304591  0.453101  0.640378  0.535806  0.655321  0.406149  0.601633  0.437835  0.455895  0.530540  0.506057  0.632739  0.653755  0.483597  0.277392  0.594874  0.359832  0.480869  0.529054  0.353291  0.508389  0.660419  0.704593  0.509765  0.425664  0.458010  0.636039  0.639399  0.453438  0.748449  0.366327  0.682016  0.472889  0.649552  0.767138 
16  0.777866  0.291935  0.648860  0.581186  0.378415  0.319958  0.700893  0.826448  0.642091  0.595469  0.736422  0.601377  0.701319  0.654778  0.425129  0.688752 0.0  0.320764  0.583929  0.565730  0.692999  0.593009  0.662094  0.846886  0.878068  0.681747  0.553575  0.586264  0.582365  0.729097  0.774219  0.852229  0.355409  0.670941  0.804471  0.710685  0.648816  0.709405  0.520549  0.545445  0.697674  0.556913  0.330833  0.627452  0.467851  0.683195  0.669545  0.822886  0.630553  0.719721  0.746949  0.561050  0.654900  0.790001  0.622710  0.613483  0.684585  0.563845  0.674418  0.538748  0.697050  0.685443  0.588192  0.731952  0.455484  0.694981  0.531558  0.748470  0.606079  0.707757  0.735209  0.704082  0.497658 
17  0.720768  0.077865  0.672343  0.669625  0.287778  0.300122  0.601346  0.718615  0.511131  0.658400  0.789851  0.564199  0.715046  0.706702  0.539066  0.630313  0.320764 0.0  0.611245  0.623241  0.540289  0.549369  0.646528  0.806171  0.698938  0.684448  0.563639  0.665915  0.523546  0.651383  0.868338  0.901267  0.252032  0.733223  0.703572  0.843795  0.719162  0.642308  0.492482  0.609956  0.750536  0.594600  0.253773  0.721765  0.000000  0.636193  0.651417  0.701596  0.708149  0.753363  0.805113  0.688137  0.629407  0.705766  0.468416  0.543695  0.568402  0.622388  0.541075  0.672787  0.782642  0.684993  0.471999  0.624898  0.192865  0.706109  0.625874  0.897775  0.555582  0.789849  0.657658  0.734875  0.561340 
18  0.642864  0.610074  0.422974  0.738079  0.509583  0.492038  0.607107  0.664817  0.471605  0.469418  0.651802  0.468072  0.683596  0.756625  0.599856  0.078892  0.583929  0.611245 0.0  0.410582  0.342781  0.556089  0.530926  0.690366  0.894061  0.625735  0.182467  0.380645  0.438310  0.664235  0.697074  0.873884  0.533128  0.645564  0.668688  0.752125  0.602379  0.604727  0.294461  0.321466  0.625631  0.615712  0.578045  0.403462  0.578222  0.491732  0.506940  0.707478  0.528385  0.543547  0.726080  0.583416  0.129009  0.735752  0.501827  0.526373  0.399230  0.448063  0.494299  0.719660  0.736123  0.574264  0.427821  0.513697  0.526010  0.727916  0.453687  0.695771  0.485152  0.721302  0.463536  0.649966  0.630850 
19  0.569099  0.646201  0.450407  0.744576  0.669036  0.633979  0.363305  0.635503  0.246657  0.264840  0.684848  0.526611  0.801453  0.711616  0.677335  0.430692  0.565730  0.623241  0.410582 0.0  0.421307  0.448974  0.381315  0.723499  0.800193  0.541141  0.447494  0.294679  0.328795  0.611970  0.800595  0.822785  0.621247  0.599465  0.671966  0.689898  0.606031  0.510817  0.478381  0.376820  0.587005  0.727276  0.572328  0.383330  0.653826  0.413034  0.369829  0.658205  0.409835  0.446649  0.636880  0.296136  0.375067  0.565287  0.542194  0.339840  0.386541  0.099694  0.562838  0.716797  0.694560  0.634287  0.545677  0.346276  0.547875  0.655761  0.556210  0.773034  0.450456  0.683437  0.461550  0.662433  0.679839 
20  0.654673  0.588523  0.593956  0.588669  0.590001  0.603640  0.434376  0.652380  0.438667  0.441217  0.659560  0.546394  0.713394  0.750687  0.660059  0.250999  0.692999  0.540289  0.342781  0.421307 0.0  0.149153  0.328443  0.755406  0.801292  0.514326  0.411855  0.354919  0.289885  0.579353  0.735827  0.818811  0.582702  0.570547  0.721932  0.757826  0.744837  0.586327  0.545675  0.206234  0.609677  0.713812  0.561948  0.546106  0.552764  0.484770  0.354171  0.728188  0.558863  0.606043  0.649243  0.459841  0.402884  0.716498  0.522197  0.201851  0.530994  0.427978  0.457985  0.592856  0.733704  0.612467  0.461927  0.387279  0.622020  0.623945  0.459135  0.675073  0.517680  0.733933  0.445127  0.736893  0.686905 
21  0.547145  0.513870  0.433006  0.757968  0.625234  0.559538  0.491230  0.747896  0.445268  0.417155  0.586998  0.535229  0.739207  0.750222  0.506488  0.422477  0.593009  0.549369  0.556089  0.448974  0.149153 0.0  0.312678  0.691147  0.748861  0.568148  0.400831  0.327880  0.137767  0.709837  0.752038  0.800949  0.667010  0.592747  0.798372  0.874338  0.747824  0.629326  0.461605  0.150930  0.469198  0.585091  0.588819  0.530990  0.612446  0.420931  0.423016  0.567112  0.497991  0.481411  0.745985  0.406136  0.379767  0.677937  0.446802  0.037802  0.514539  0.374023  0.602105  0.730244  0.787116  0.621764  0.564727  0.478559  0.460562  0.704825  0.511649  0.764213  0.494416  0.730904  0.439009  0.532807  0.701659 
22  0.535107  0.682157  0.433875  0.667377  0.591879  0.568923  0.515511  0.658801  0.487487  0.436712  0.744432  0.450081  0.663549  0.577846  0.627349  0.530145  0.662094  0.646528  0.530926  0.381315  0.328443  0.312678 0.0  0.675498  0.875261  0.529514  0.514927  0.526282  0.161969  0.649715  0.697430  0.892862  0.531373  0.607316  0.630599  0.637773  0.602748  0.618849  0.454513  0.278871  0.508387  0.667966  0.660379  0.372342  0.586600  0.381509  0.259603  0.697688  0.494754  0.564452  0.664453  0.360962  0.518508  0.542504  0.572519  0.163044  0.438485  0.407105  0.511428  0.684322  0.714193  0.488190  0.566093  0.432331  0.682201  0.645175  0.472608  0.647282  0.396060  0.769802  0.481623  0.675409  0.706051 
23  0.630746  0.762329  0.660295  0.772644  0.770361  0.812151  0.804681  0.596814  0.618552  0.723570  0.588526  0.812273  0.444502  0.668517  0.706403  0.756636  0.846886  0.806171  0.690366  0.723499  0.755406  0.691147  0.675498 0.0  0.811547  0.655795  0.809499  0.646451  0.737807  0.578603  0.394368  0.797810  0.749950  0.711174  0.661809  0.333314  0.554162  0.655640  0.812903  0.821661  0.777451  0.742270  0.829130  0.749582  0.756480  0.774881  0.758973  0.611705  0.756750  0.714676  0.522573  0.714913  0.649558  0.554198  0.845794  0.831449  0.771175  0.776843  0.813410  0.827276  0.480732  0.587274  0.761958  0.710977  0.770379  0.669612  0.836054  0.594533  0.687557  0.579109  0.715543  0.700193  0.882941 
24  0.873836  0.754970  0.816293  0.714768  0.904987  0.792778  0.918177  0.882679  0.741682  0.885993  0.859068  0.718936  0.755301  0.828117  0.720372  0.847909  0.878068  0.698938  0.894061  0.800193  0.801292  0.748861  0.875261  0.811547 0.0  0.801436  0.853965  0.784215  0.861041  0.825521  0.918802  0.933799  0.759857  0.940111  0.846037  0.831713  0.800421  0.769096  0.820332  0.830505  0.808567  0.814178  0.738957  0.881097  0.767651  0.835008  0.803446  0.922049  0.818343  0.845234  0.832892  0.888516  0.781282  0.892156  0.684585  0.862418  0.854815  0.879750  0.670797  0.704260  0.988937  0.854728  0.769934  0.854688  0.730128  0.902074  0.802111  0.894615  0.839110  0.830971  0.821735  0.875241  0.743551 
25  0.739633  0.589711  0.430820  0.652364  0.646145  0.566881  0.518856  0.566797  0.430992  0.546171  0.543022  0.624318  0.736047  0.631683  0.703841  0.584949  0.681747  0.684448  0.625735  0.541141  0.514326  0.568148  0.529514  0.655795  0.801436 0.0  0.644353  0.518853  0.524413  0.534601  0.609170  0.802298  0.710857  0.390154  0.624356  0.610139  0.557038  0.452049  0.613780  0.632439  0.573233  0.680681  0.615819  0.504885  0.750132  0.536278  0.488166  0.636568  0.536130  0.470409  0.678449  0.535671  0.692356  0.487405  0.571325  0.627790  0.480181  0.480562  0.587622  0.788067  0.664989  0.359216  0.646128  0.367587  0.501124  0.435763  0.557201  0.588764  0.515845  0.777474  0.514577  0.561262  0.785661 
26  0.611670  0.589244  0.582395  0.727813  0.704930  0.585711  0.462754  0.635914  0.456242  0.460748  0.770555  0.393911  0.736763  0.651538  0.605745  0.208147  0.553575  0.563639  0.182467  0.447494  0.411855  0.400831  0.514927  0.809499  0.853965  0.644353 0.0  0.379643  0.464001  0.604544  0.685521  0.837272  0.611863  0.597468  0.719586  0.727609  0.589576  0.590160  0.339620  0.448546  0.518972  0.588599  0.482691  0.412007  0.501303  0.384113  0.508355  0.679392  0.456000  0.538859  0.642111  0.399765  0.408636  0.608550  0.475206  0.429101  0.569504  0.522297  0.531436  0.650336  0.872346  0.572878  0.543954  0.479783  0.649408  0.782594  0.667365  0.800083  0.377628  0.585541  0.396527  0.678440  0.674516 
27  0.573639  0.608816  0.529476  0.742730  0.475275  0.635354  0.444375  0.705441  0.492671  0.287948  0.704733  0.499884  0.630423  0.693021  0.725897  0.240855  0.586264  0.665915  0.380645  0.294679  0.354919  0.327880  0.526282  0.646451  0.784215  0.518853  0.379643 0.0  0.388916  0.833382  0.707359  0.788194  0.620707  0.605029  0.802412  0.798081  0.643942  0.680531  0.503897  0.371912  0.566950  0.605773  0.486056  0.315544  0.693940  0.198913  0.439054  0.737465  0.476219  0.536307  0.751969  0.278839  0.512200  0.667213  0.489624  0.153383  0.527452  0.235578  0.673368  0.578699  0.698447  0.671209  0.489620  0.517464  0.655749  0.633612  0.418642  0.769195  0.366609  0.717748  0.490740  0.610718  0.568241 
28  0.613508  0.623685  0.426763  0.614656  0.501210  0.552131  0.424059  0.553818  0.496150  0.351165  0.636350  0.505929  0.720919  0.708667  0.486413  0.518833  0.582365  0.523546  0.438310  0.328795  0.289885  0.137767  0.161969  0.737807  0.861041  0.524413  0.464001  0.388916 0.0  0.560299  0.826149  0.792416  0.633087  0.608902  0.672829  0.767947  0.570725  0.595320  0.404885  0.143105  0.604470  0.638170  0.622043  0.446430  0.556606  0.459514  0.333864  0.751252  0.446052  0.542081  0.683565  0.343618  0.473545  0.609117  0.510015  0.215151  0.564360  0.406394  0.537479  0.744631  0.740480  0.646381  0.480963  0.316686  0.673215  0.731149  0.417587  0.698735  0.412365  0.663105  0.306579  0.689546  0.565931 
29  0.634665  0.725771  0.601911  0.724470  0.761787  0.748854  0.560735  0.225580  0.596943  0.643283  0.429356  0.763764  0.637548  0.664294  0.666719  0.665215  0.729097  0.651383  0.664235  0.611970  0.579353  0.709837  0.649715  0.578603  0.825521  0.534601  0.604544  0.833382  0.560299 0.0  0.446340  0.818730  0.640275  0.578592  0.627296  0.589789  0.450390  0.362706  0.791790  0.613254  0.634925  0.748198  0.779851  0.602362  0.736621  0.670811  0.740888  0.632112  0.683477  0.617858  0.588524  0.585987  0.710717  0.444966  0.688975  0.660515  0.541599  0.649645  0.809503  0.730836  0.493510  0.546844  0.612949  0.558866  0.885144  0.493594  0.807983  0.581941  0.748199  0.803299  0.623434  0.550094  0.752128 
30  0.672254  0.753763  0.762823  0.818624  0.722026  0.836988  0.799093  0.595088  0.705313  0.758217  0.676574  0.751998  0.471988  0.649331  0.803060  0.653350  0.774219  0.868338  0.697074  0.800595  0.735827  0.752038  0.697430  0.394368  0.918802  0.609170  0.685521  0.707359  0.826149  0.446340 0.0  0.721654  0.856178  0.752873  0.629790  0.423192  0.668790  0.801779  0.659546  0.776042  0.719979  0.722113  0.794419  0.589434  0.725210  0.696866  0.599691  0.688745  0.725691  0.589324  0.452674  0.686151  0.745697  0.515628  0.648603  0.607708  0.780655  0.650700  0.813487  0.844603  0.508024  0.762055  0.729697  0.715047  0.769777  0.715858  0.724292  0.465037  0.783670  0.750218  0.740780  0.520211  0.780007 
31  0.799413  0.884203  0.894220  0.887541  0.968539  0.785094  0.825991  0.726976  0.817752  0.885159  0.797409  0.933019  0.774092  0.709185  0.888913  0.802359  0.852229  0.901267  0.873884  0.822785  0.818811  0.800949  0.892862  0.797810  0.933799  0.802298  0.837272  0.788194  0.792416  0.818730  0.721654 0.0  0.871890  0.762980  0.852956  0.651486  0.721270  0.739341  0.939644  0.731201  0.682360  0.844879  0.830704  0.969529  0.833750  0.793789  0.791412  0.604846  1.000000  0.827768  0.829299  0.770551  0.816522  0.896333  0.905433  0.749690  0.713231  0.773794  0.851502  0.852633  0.796333  0.809511  0.870658  0.793135  0.859645  0.799327  0.929568  0.701402  0.881893  0.710581  0.813404  0.803767  0.753327 
32  0.691307  0.136466  0.694748  0.637639  0.329261  0.389505  0.616288  0.589289  0.638095  0.454740  0.863531  0.529098  0.791720  0.664032  0.346598  0.527515  0.355409  0.252032  0.533128  0.621247  0.582702  0.667010  0.531373  0.749950  0.759857  0.710857  0.611863  0.620707  0.633087  0.640275  0.856178  0.871890 0.0  0.669121  0.738863  0.733999  0.690310  0.764240  0.521815  0.634694  0.716984  0.590442  0.293386  0.585949  0.140829  0.704201  0.588297  0.818952  0.550791  0.655978  0.782816  0.633716  0.517358  0.794532  0.527266  0.612071  0.575264  0.557325  0.614812  0.614273  0.794793  0.695913  0.528798  0.520227  0.279616  0.746982  0.499863  0.737824  0.601375  0.701618  0.726539  0.797113  0.591171 
33  0.507322  0.655130  0.608267  0.727428  0.866295  0.633706  0.520689  0.634848  0.563967  0.635753  0.488903  0.665918  0.634342  0.520379  0.760791  0.647129  0.670941  0.733223  0.645564  0.599465  0.570547  0.592747  0.607316  0.711174  0.940111  0.390154  0.597468  0.605029  0.608902  0.578592  0.752873  0.762980  0.669121 0.0  0.619739  0.703258  0.563786  0.612806  0.630905  0.621267  0.351965  0.713494  0.647195  0.516361  0.660989  0.678001  0.656915  0.598738  0.664441  0.616201  0.703001  0.393598  0.602888  0.524702  0.701130  0.576654  0.455927  0.594650  0.656844  0.777424  0.659363  0.600460  0.560911  0.623022  0.701107  0.576304  0.611040  0.625611  0.494038  0.584532  0.624205  0.358725  0.666513 
34  0.597566  0.687721  0.668730  0.765401  0.757864  0.674974  0.643638  0.668918  0.697551  0.805523  0.633989  0.698112  0.537455  0.267114  0.742088  0.663172  0.804471  0.703572  0.668688  0.671966  0.721932  0.798372  0.630599  0.661809  0.846037  0.624356  0.719586  0.802412  0.672829  0.627296  0.629790  0.852956  0.738863  0.619739 0.0  0.723414  0.602037  0.729163  0.646451  0.763489  0.472993  0.691672  0.813263  0.693230  0.802501  0.760600  0.650627  0.271445  0.578615  0.774014  0.693230  0.843295  0.675040  0.585446  0.693032  0.611553  0.657682  0.640033  0.702337  0.676235  0.483852  0.641364  0.792383  0.643378  0.772999  0.680622  0.757166  0.657009  0.635211  0.441810  0.723158  0.590929  0.706260 
35  0.760296  0.861736  0.789142  0.859555  0.834909  0.858452  0.717264  0.739828  0.716363  0.671013  0.638002  0.773702  0.484037  0.717748  0.877801  0.701996  0.710685  0.843795  0.752125  0.689898  0.757826  0.874338  0.637773  0.333314  0.831713  0.610139  0.727609  0.798081  0.767947  0.589789  0.423192  0.651486  0.733999  0.703258  0.723414 0.0  0.656211  0.617513  0.725603  0.837709  0.700711  0.748055  0.832430  0.726621  0.775834  0.747560  0.766503  0.603294  0.716649  0.802929  0.657479  0.863126  0.718595  0.692462  0.717503  0.699206  0.665732  0.682069  0.731689  0.814395  0.489292  0.663465  0.626597  0.705096  0.792099  0.609057  0.799198  0.523892  0.789897  0.613758  0.655453  0.650483  0.880865 
36  0.703116  0.697747  0.569668  0.713246  0.718777  0.725381  0.608205  0.305017  0.590982  0.537707  0.414439  0.606196  0.537875  0.549483  0.649434  0.775203  0.648816  0.719162  0.602379  0.606031  0.744837  0.747824  0.602748  0.554162  0.800421  0.557038  0.589576  0.643942  0.570725  0.450390  0.668790  0.721270  0.690310  0.563786  0.602037  0.656211 0.0  0.340267  0.697879  0.649644  0.702870  0.732202  0.679585  0.570816  0.713993  0.736893  0.721571  0.535227  0.640085  0.613182  0.614637  0.578519  0.706600  0.321560  0.613695  0.621126  0.597156  0.603983  0.669032  0.755126  0.641184  0.503474  0.666179  0.623181  0.687706  0.105411  0.711137  0.592321  0.655714  0.633375  0.593825  0.457775  0.750030 
37  0.695006  0.694925  0.566417  0.619343  0.588237  0.744039  0.525678  0.406652  0.637495  0.739250  0.477634  0.749431  0.560082  0.500226  0.723244  0.687877  0.709405  0.642308  0.604727  0.510817  0.586327  0.629326  0.618849  0.655640  0.769096  0.452049  0.590160  0.680531  0.595320  0.362706  0.801779  0.739341  0.764240  0.612806  0.729163  0.617513  0.340267 0.0  0.617479  0.639012  0.603656  0.761296  0.656185  0.632905  0.672481  0.625969  0.670972  0.606571  0.609366  0.548113  0.505084  0.550397  0.627157  0.396251  0.756309  0.841113  0.633153  0.729865  0.598330  0.793909  0.708602  0.517233  0.696857  0.633232  0.621747  0.426064  0.642167  0.521489  0.604022  0.818946  0.590928  0.574000  0.726209 
38  0.574555  0.617699  0.589826  0.648833  0.659291  0.566394  0.594350  0.654875  0.473697  0.523606  0.578043  0.239217  0.723883  0.688231  0.649747  0.304591  0.520549  0.492482  0.294461  0.478381  0.545675  0.461605  0.454513  0.812903  0.820332  0.613780  0.339620  0.503897  0.404885  0.791790  0.659546  0.939644  0.521815  0.630905  0.646451  0.725603  0.697879  0.617479 0.0  0.515858  0.708714  0.695123  0.569731  0.597744  0.600145  0.513415  0.575573  0.754532  0.603492  0.548015  0.836525  0.640974  0.309950  0.658916  0.373982  0.446685  0.629996  0.537663  0.604522  0.702622  0.771177  0.517096  0.483047  0.584932  0.621149  0.623469  0.389030  0.753754  0.518487  0.781211  0.526939  0.745924  0.551218 
39  0.766654  0.572463  0.370764  0.725027  0.577797  0.583962  0.485851  0.577006  0.431568  0.290255  0.688776  0.378970  0.718870  0.691303  0.654856  0.453101  0.545445  0.609956  0.321466  0.376820  0.206234  0.150930  0.278871  0.821661  0.830505  0.632439  0.448546  0.371912  0.143105  0.613254  0.776042  0.731201  0.634694  0.621267  0.763489  0.837709  0.649644  0.639012  0.515858 0.0  0.710733  0.692176  0.588983  0.415949  0.669243  0.373883  0.298864  0.693486  0.445165  0.627551  0.688455  0.453630  0.445114  0.646914  0.566666  0.000000  0.572163  0.359894  0.571228  0.730794  0.772548  0.644285  0.561215  0.488840  0.645497  0.694856  0.457910  0.545279  0.454149  0.749331  0.432689  0.660750  0.672376 
40  0.466898  0.679435  0.496467  0.729135  0.709864  0.737959  0.742177  0.561523  0.615539  0.551829  0.502721  0.604542  0.755924  0.544850  0.758720  0.640378  0.697674  0.750536  0.625631  0.587005  0.609677  0.469198  0.508387  0.777451  0.808567  0.573233  0.518972  0.566950  0.604470  0.634925  0.719979  0.682360  0.716984  0.351965  0.472993  0.700711  0.702870  0.603656  0.708714  0.710733 0.0  0.658579  0.758431  0.553932  0.812732  0.624025  0.668536  0.658438  0.509425  0.654463  0.720756  0.558106  0.568918  0.477370  0.634326  0.707346  0.533311  0.601014  0.595727  0.711834  0.663302  0.637877  0.742091  0.477652  0.542038  0.700940  0.686550  0.630225  0.616006  0.618967  0.519271  0.582141  0.730804 
41  0.760614  0.562407  0.728640  0.535282  0.615486  0.586392  0.566639  0.655840  0.685351  0.640837  0.844333  0.576783  0.711916  0.752709  0.577277  0.535806  0.556913  0.594600  0.615712  0.727276  0.713812  0.585091  0.667966  0.742270  0.814178  0.680681  0.588599  0.605773  0.638170  0.748198  0.722113  0.844879  0.590442  0.713494  0.691672  0.748055  0.732202  0.761296  0.695123  0.692176  0.658579 0.0  0.632688  0.616801  0.520735  0.643009  0.610545  0.827129  0.725606  0.682998  0.782477  0.666224  0.638631  0.829145  0.541347  0.664476  0.762416  0.524517  0.653355  0.570480  0.774126  0.751832  0.639676  0.645436  0.560808  0.694279  0.670765  0.782599  0.746304  0.763001  0.687554  0.684062  0.446176 
42  0.749642  0.209235  0.602107  0.641841  0.486457  0.202044  0.633417  0.696197  0.551269  0.635754  0.718663  0.590316  0.796396  0.748686  0.404109  0.655321  0.330833  0.253773  0.578045  0.572328  0.561948  0.588819  0.660379  0.829130  0.738957  0.615819  0.482691  0.486056  0.622043  0.779851  0.794419  0.830704  0.293386  0.647195  0.813263  0.832430  0.679585  0.656185  0.569731  0.588983  0.758431  0.632688 0.0  0.610592  0.295927  0.637264  0.561210  0.659596  0.673866  0.756390  0.730008  0.552765  0.539038  0.738752  0.562331  0.564498  0.569156  0.655777  0.623027  0.563224  0.722228  0.695907  0.541991  0.669192  0.211378  0.644713  0.569038  0.745186  0.475185  0.660349  0.651675  0.665742  0.556363 
43  0.584023  0.571439  0.403534  0.790670  0.605567  0.496401  0.431552  0.692328  0.280007  0.360270  0.702765  0.608550  0.763566  0.659354  0.514478  0.406149  0.627452  0.721765  0.403462  0.383330  0.546106  0.530990  0.372342  0.749582  0.881097  0.504885  0.412007  0.315544  0.446430  0.602362  0.589434  0.969529  0.585949  0.516361  0.693230  0.726621  0.570816  0.632905  0.597744  0.415949  0.553932  0.616801  0.610592 0.0  0.693372  0.068799  0.434722  0.671354  0.492516  0.550339  0.694345  0.340420  0.496811  0.650707  0.592567  0.327450  0.448585  0.444832  0.480863  0.698139  0.757375  0.565099  0.542479  0.480872  0.651873  0.709667  0.575663  0.641122  0.168078  0.783597  0.476505  0.520296  0.687091 
44  0.817288  0.088729  0.665423  0.608485  0.324248  0.308098  0.602702  0.756203  0.697410  0.645812  0.720952  0.582629  0.720923  0.767117  0.484161  0.601633  0.467851  0.000000  0.578222  0.653826  0.552764  0.612446  0.586600  0.756480  0.767651  0.750132  0.501303  0.693940  0.556606  0.736621  0.725210  0.833750  0.140829  0.660989  0.802501  0.775834  0.713993  0.672481  0.600145  0.669243  0.812732  0.520735  0.295927  0.693372 0.0  0.609998  0.563588  0.737948  0.606970  0.668996  0.740125  0.706569  0.580982  0.707976  0.504638  0.555139  0.564516  0.647964  0.730851  0.545213  0.733206  0.622498  0.485696  0.582599  0.191443  0.754844  0.607750  0.779136  0.503694  0.684934  0.635196  0.700547  0.450502 
45  0.478621  0.520646  0.452640  0.711993  0.580441  0.560394  0.322266  0.512240  0.458858  0.401763  0.656864  0.522087  0.752250  0.706371  0.616493  0.437835  0.683195  0.636193  0.491732  0.413034  0.484770  0.420931  0.381509  0.774881  0.835008  0.536278  0.384113  0.198913  0.459514  0.670811  0.696866  0.793789  0.704201  0.678001  0.760600  0.747560  0.736893  0.625969  0.513415  0.373883  0.624025  0.643009  0.637264  0.068799  0.609998 0.0  0.464361  0.749057  0.406170  0.600015  0.746201  0.438489  0.459575  0.678274  0.673461  0.443271  0.509793  0.340552  0.531810  0.677504  0.757266  0.575308  0.584172  0.401369  0.722041  0.685848  0.679291  0.729933  0.000000  0.810650  0.430917  0.688209  0.648308 
46  0.656113  0.511802  0.444755  0.732038  0.585864  0.600128  0.393116  0.563817  0.490249  0.460107  0.523435  0.529630  0.731736  0.641501  0.599686  0.455895  0.669545  0.651417  0.506940  0.369829  0.354171  0.423016  0.259603  0.758973  0.803446  0.488166  0.508355  0.439054  0.333864  0.740888  0.599691  0.791412  0.588297  0.656915  0.650627  0.766503  0.721571  0.670972  0.575573  0.298864  0.668536  0.610545  0.561210  0.434722  0.563588  0.464361 0.0  0.621344  0.607350  0.503455  0.755065  0.359556  0.443123  0.577217  0.484957  0.325130  0.438872  0.462654  0.587640  0.742195  0.775349  0.575112  0.564335  0.227786  0.720082  0.612562  0.505457  0.763799  0.411725  0.815556  0.419279  0.618990  0.603870 
47  0.704141  0.791236  0.670013  0.926784  0.726326  0.804252  0.596726  0.563019  0.756511  0.720796  0.627798  0.687310  0.522924  0.222056  0.798689  0.530540  0.822886  0.701596  0.707478  0.658205  0.728188  0.567112  0.697688  0.611705  0.922049  0.636568  0.679392  0.737465  0.751252  0.632112  0.688745  0.604846  0.818952  0.598738  0.271445  0.603294  0.535227  0.606571  0.754532  0.693486  0.658438  0.827129  0.659596  0.671354  0.737948  0.749057  0.621344 0.0  0.671407  0.688408  0.691013  0.689283  0.707188  0.500425  0.766907  0.746857  0.663680  0.663149  0.635493  0.876074  0.523488  0.559410  0.771521  0.645860  0.773679  0.636477  0.732643  0.730596  0.707420  0.455766  0.677979  0.441775  0.820921 
48  0.568049  0.585850  0.371289  0.726225  0.711010  0.728464  0.351488  0.637089  0.000000  0.367288  0.516764  0.577671  0.710169  0.644384  0.559940  0.506057  0.630553  0.708149  0.528385  0.409835  0.558863  0.497991  0.494754  0.756750  0.818343  0.536130  0.456000  0.476219  0.446052  0.683477  0.725691  1.000000  0.550791  0.664441  0.578615  0.716649  0.640085  0.609366  0.603492  0.445165  0.509425  0.725606  0.673866  0.492516  0.606970  0.406170  0.607350  0.671407 0.0  0.560068  0.751681  0.352804  0.438648  0.604700  0.623384  0.491197  0.364721  0.441738  0.619888  0.811775  0.695455  0.607900  0.613133  0.478415  0.690420  0.543046  0.590536  0.688475  0.361895  0.727705  0.387048  0.588203  0.582310 
49  0.491933  0.734233  0.381258  0.795803  0.673581  0.625278  0.470756  0.586513  0.519317  0.492018  0.454398  0.589100  0.572682  0.637012  0.622404  0.632739  0.719721  0.753363  0.543547  0.446649  0.606043  0.481411  0.564452  0.714676  0.845234  0.470409  0.538859  0.536307  0.542081  0.617858  0.589324  0.827768  0.655978  0.616201  0.774014  0.802929  0.613182  0.548113  0.548015  0.627551  0.654463  0.682998  0.756390  0.550339  0.668996  0.600015  0.503455  0.688408  0.560068 0.0  0.664637  0.520568  0.626670  0.594028  0.705322  0.499847  0.290879  0.492703  0.494162  0.656480  0.688465  0.456645  0.658505  0.481283  0.642612  0.582105  0.644110  0.672176  0.484494  0.605022  0.409597  0.614590  0.679766 
50  0.773405  0.806622  0.660362  0.758489  0.828587  0.762206  0.719348  0.665459  0.761561  0.649350  0.538970  0.728717  0.410403  0.558529  0.706076  0.653755  0.746949  0.805113  0.726080  0.636880  0.649243  0.745985  0.664453  0.522573  0.832892  0.678449  0.642111  0.751969  0.683565  0.588524  0.452674  0.829299  0.782816  0.703001  0.693230  0.657479  0.614637  0.505084  0.836525  0.688455  0.720756  0.782477  0.730008  0.694345  0.740125  0.746201  0.755065  0.691013  0.751681  0.664637 0.0  0.683494  0.652688  0.535105  0.791881  0.701479  0.752607  0.698243  0.752762  0.772592  0.605758  0.674582  0.727552  0.645082  0.733173  0.650955  0.649928  0.291283  0.761583  0.577668  0.725089  0.538159  0.831148 
51  0.641830  0.637119  0.506866  0.766463  0.513102  0.695940  0.424139  0.609819  0.461400  0.377105  0.574198  0.459315  0.650288  0.611656  0.631899  0.483597  0.561050  0.688137  0.583416  0.296136  0.459841  0.406136  0.360962  0.714913  0.888516  0.535671  0.399765  0.278839  0.343618  0.585987  0.686151  0.770551  0.633716  0.393598  0.843295  0.863126  0.578519  0.550397  0.640974  0.453630  0.558106  0.666224  0.552765  0.340420  0.706569  0.438489  0.359556  0.689283  0.352804  0.520568  0.683494 0.0  0.437594  0.714485  0.593363  0.483631  0.331901  0.369247  0.646689  0.618560  0.679980  0.565490  0.497642  0.061645  0.605701  0.632532  0.612683  0.725888  0.442994  0.724031  0.212711  0.652980  0.709228 
52  0.566924  0.608215  0.481302  0.673255  0.722812  0.603128  0.365688  0.648311  0.494955  0.475017  0.727380  0.424035  0.769273  0.604730  0.724314  0.277392  0.654900  0.629407  0.129009  0.375067  0.402884  0.379767  0.518508  0.649558  0.781282  0.692356  0.408636  0.512200  0.473545  0.710717  0.745697  0.816522  0.517358  0.602888  0.675040  0.718595  0.706600  0.627157  0.309950  0.445114  0.568918  0.638631  0.539038  0.496811  0.580982  0.459575  0.443123  0.707188  0.438648  0.626670  0.652688  0.437594 0.0  0.686331  0.550097  0.457719  0.438875  0.451981  0.482854  0.648308  0.811898  0.575887  0.409015  0.461989  0.590211  0.723424  0.441253  0.628936  0.470322  0.755472  0.428736  0.660319  0.611932 
53  0.684781  0.741346  0.612229  0.832197  0.756846  0.708268  0.472021  0.323851  0.676575  0.606802  0.325249  0.690435  0.632984  0.649332  0.671628  0.594874  0.790001  0.705766  0.735752  0.565287  0.716498  0.677937  0.542504  0.554198  0.892156  0.487405  0.608550  0.667213  0.609117  0.444966  0.515628  0.896333  0.794532  0.524702  0.585446  0.692462  0.321560  0.396251  0.658916  0.646914  0.477370  0.829145  0.738752  0.650707  0.707976  0.678274  0.577217  0.500425  0.604700  0.594028  0.535105  0.714485  0.686331 0.0  0.597078  0.626143  0.588365  0.656544  0.661489  0.677923  0.594734  0.468596  0.724682  0.499188  0.720399  0.354211  0.679797  0.603346  0.599882  0.704479  0.571341  0.577755  0.732372 
