73
0 0.0  0.527422  0.824591  0.383637  0.690708  0.296702  0.727260  0.758653  0.878886  0.235243  0.733324  0.669249  0.929725  0.459379  0.671015  0.668209  0.438744  0.562019  0.349833  0.035171  0.746354  0.582897  0.793520  0.901852  0.663292  0.730107  0.680062  0.664867  0.675901  0.497972  0.823322  0.822638  0.651065  0.087528  0.741781  0.653367  0.706759  0.404495  0.676291  0.667821  0.713044  0.638777  0.633428  0.725518  0.857106  0.702811  0.623606  0.649108  0.821298  0.824311  0.753223  0.779587  0.780472  0.643770  0.693448  0.165437  0.853378  0.577032  0.580881  0.660125  0.627977  0.643475  0.851279  0.689146  0.329555  0.542418  0.863461  0.656735  0.677469  0.840734  0.115647  0.488691  0.772854 
1  0.527422 0.0  0.624610  0.623698  0.556564  0.606094  0.598322  0.737974  0.763627  0.459045  0.857197  0.659201  0.686174  0.643147  0.745915  0.652247  0.569036  0.551295  0.554126  0.453547  0.799670  0.630021  0.787609  0.750234  0.480953  0.620774  0.630730  0.569703  0.588888  0.548128  0.640657  0.762541  0.621112  0.518443  0.759747  0.346856  0.691098  0.583386  0.775101  0.660882  0.629023  0.650634  0.902298  0.752106  0.730612  0.567136  0.658946  0.507036  0.774043  0.739906  0.729670  0.622479  0.826432  0.498452  0.508407  0.603951  0.763379  0.470926  0.676419  0.700410  0.531378  0.647324  0.865549  0.650553  0.572334  0.617297  0.818691  0.781460  0.449327  0.798413  0.475171  0.536938  0.665805 
2  0.824591  0.624610 0.0  0.812442  0.691887  0.620271  0.714326  0.430820  0.710496  0.830816  0.535819  0.738333  0.776147  0.748986  0.715854  0.641019  0.824013  0.710497  0.759973  0.865166  0.427782  0.822089  0.641981  0.788666  0.689411  0.381262  0.775235  0.738830  0.654181  0.744992  0.609834  0.626394  0.615999  0.747920  0.693625  0.841417  0.582173  0.831998  0.775040  0.758087  0.820386  0.724400  0.600574  0.582987  0.709826  0.669333  0.655197  0.664734  0.864343  0.579431  0.506774  0.688781  0.580282  0.595863  0.719973  0.743534  0.649585  0.735146  0.782513  0.698496  0.774099  0.714864  0.400549  0.611791  0.747006  0.633009  0.633069  0.886665  0.773373  0.623626  0.724116  0.657936  0.624251 
3  0.383637  0.623698  0.812442 0.0  0.758813  0.003237  0.659571  0.661715  0.773685  0.514959  0.679264  0.638164  0.802043  0.422441  0.642650  0.527536  0.227952  0.756474  0.300022  0.418077  0.779656  0.695961  0.824160  0.848316  0.655323  0.735791  0.624933  0.673934  0.624980  0.449549  0.742861  0.598626  0.724474  0.349792  0.710318  0.644597  0.774042  0.452261  0.766524  0.620261  0.657717  0.734437  0.859838  0.761396  0.869661  0.781346  0.637486  0.499960  0.778766  0.866316  0.792465  0.761519  0.795591  0.642512  0.624317  0.367871  0.793764  0.574870  0.621166  0.768314  0.799693  0.688239  0.750257  0.678314  0.525849  0.731319  0.841185  0.654692  0.649365  0.836503  0.312421  0.510975  0.747201 
4  0.690708  0.556564  0.691887  0.758813 0.0  0.588398  0.508497  0.749451  0.778148  0.696346  0.780607  0.394154  0.730992  0.711662  0.630937  0.489065  0.753727  0.442956  0.797028  0.643530  0.751616  0.824817  0.766963  0.876321  0.496811  0.703295  0.389711  0.371627  0.524921  0.667893  0.727407  0.615392  0.491961  0.541580  0.746362  0.617712  0.701826  0.701372  0.735239  0.390770  0.521000  0.360811  0.650778  0.660422  0.788565  0.320603  0.590222  0.458118  0.681422  0.844942  0.881456  0.645911  0.714384  0.482393  0.301406  0.625931  0.798454  0.553660  0.320944  0.634423  0.586200  0.582420  0.713775  0.158145  0.720205  0.321129  0.717161  0.814865  0.520694  0.613678  0.759906  0.653133  0.622855 
5  0.296702  0.606094  0.620271  0.003237  0.588398 0.0  0.628617  0.759484  0.833339  0.546274  0.771917  0.568315  0.674989  0.352779  0.682662  0.735189  0.248628  0.599742  0.293483  0.477281  0.783031  0.652258  0.763964  0.877689  0.616651  0.816805  0.684004  0.687803  0.668651  0.423738  0.781480  0.756227  0.721929  0.357464  0.795031  0.611197  0.816687  0.489560  0.777767  0.673966  0.650762  0.614397  0.768953  0.758660  0.831810  0.704403  0.705394  0.598024  0.756253  0.771105  0.846967  0.849769  0.772516  0.542043  0.693783  0.365245  0.811687  0.656471  0.747684  0.710533  0.599037  0.621295  0.846622  0.701371  0.359434  0.740225  0.793998  0.697490  0.692346  0.758598  0.247793  0.515627  0.711541 
6  0.727260  0.598322  0.714326  0.659571  0.508497  0.628617 0.0  0.645655  0.686433  0.748608  0.646216  0.511206  0.729495  0.710368  0.423747  0.382785  0.737105  0.437661  0.757001  0.733629  0.735866  0.804819  0.710124  0.884134  0.465743  0.711602  0.536541  0.465481  0.359377  0.722706  0.597281  0.637432  0.589602  0.677648  0.616634  0.666218  0.521029  0.633680  0.763302  0.463143  0.480794  0.236662  0.575551  0.799592  0.800708  0.352962  0.502061  0.571970  0.768881  0.693258  0.833051  0.683263  0.883118  0.449255  0.348731  0.715621  0.798400  0.595047  0.307343  0.561831  0.682559  0.454599  0.710208  0.396531  0.643406  0.458037  0.828502  0.695184  0.480769  0.738920  0.687225  0.680276  0.456230 
7  0.758653  0.737974  0.430820  0.661715  0.749451  0.759484  0.645655 0.0  0.614297  0.757534  0.513279  0.617902  0.544937  0.819655  0.652188  0.594684  0.732163  0.790469  0.787319  0.836237  0.494098  0.768463  0.755219  0.822957  0.696803  0.506559  0.626263  0.734945  0.748970  0.858793  0.511058  0.550247  0.597159  0.750999  0.717745  0.741842  0.516705  0.789355  0.742682  0.716950  0.688862  0.686283  0.626911  0.671782  0.703999  0.573808  0.656318  0.828918  0.804771  0.546269  0.683542  0.727913  0.622201  0.647416  0.772400  0.710897  0.670202  0.670523  0.717298  0.679667  0.624970  0.680402  0.226703  0.684921  0.732642  0.572843  0.646431  0.709772  0.801694  0.596846  0.757081  0.765677  0.588218 
8  0.878886  0.763627  0.710496  0.773685  0.778148  0.833339  0.686433  0.614297 0.0  0.789999  0.638247  0.749215  0.612689  0.830994  0.805633  0.703152  0.912131  0.628022  0.832323  0.819340  0.599249  0.777173  0.417064  0.927083  0.703624  0.732287  0.713163  0.838243  0.708215  0.705684  0.652191  0.615701  0.681822  0.861298  0.614417  0.810895  0.653280  0.657017  0.943130  0.683237  0.723896  0.726917  0.645757  0.489067  0.708411  0.704867  0.702267  0.824795  0.791231  0.539807  0.611082  0.715736  0.619309  0.716864  0.748317  0.736576  0.377416  0.816313  0.567378  0.644056  0.731936  0.704532  0.631158  0.701295  0.837303  0.617344  0.558781  0.932407  0.652630  0.723985  0.739755  0.714668  0.662364 
9  0.235243  0.459045  0.830816  0.514959  0.696346  0.546274  0.748608  0.757534  0.789999 0.0  0.787393  0.701356  0.896062  0.529035  0.695380  0.527542  0.576377  0.686573  0.335121  0.459032  0.738046  0.608002  0.652682  0.839912  0.690494  0.872403  0.718923  0.697731  0.629431  0.580009  0.860965  0.890018  0.637242  0.343840  0.748335  0.654791  0.650502  0.444330  0.694962  0.712547  0.651479  0.645973  0.764671  0.781776  0.783912  0.670103  0.742287  0.580637  0.715500  0.830867  0.783431  0.637151  0.810712  0.701455  0.644420  0.317228  0.817275  0.627880  0.681905  0.739076  0.604993  0.653901  0.818036  0.709870  0.293315  0.618075  0.792488  0.677336  0.601149  0.797573  0.300661  0.519216  0.682228 
10  0.733324  0.857197  0.535819  0.679264  0.780607  0.771917  0.646216  0.513279  0.638247  0.787393 0.0  0.705596  0.704158  0.863342  0.643502  0.703811  0.758470  0.783263  0.748869  0.822403  0.531030  0.836575  0.587498  0.759735  0.909485  0.778431  0.695376  0.731254  0.731106  0.841174  0.771924  0.525986  0.716943  0.640081  0.621066  0.712032  0.717517  0.871110  0.883284  0.641856  0.794793  0.817016  0.410735  0.570311  0.645830  0.752915  0.672220  0.677194  0.835150  0.385590  0.627496  0.630678  0.563033  0.834719  0.706134  0.730843  0.562077  0.808923  0.769244  0.783825  0.722852  0.804477  0.552106  0.699385  0.851445  0.807463  0.663304  0.803858  0.697560  0.578732  0.813516  0.837623  0.729495 
11  0.669249  0.659201  0.738333  0.638164  0.394154  0.568315  0.511206  0.617902  0.749215  0.701356  0.705596 0.0  0.825868  0.622121  0.529052  0.459294  0.672183  0.513753  0.614977  0.585385  0.646392  0.601040  0.799624  0.977484  0.475672  0.728892  0.519776  0.547108  0.568971  0.705314  0.688937  0.788435  0.513869  0.657333  0.682378  0.494778  0.606681  0.722605  0.807599  0.415303  0.198442  0.489721  0.669896  0.837375  0.744010  0.485494  0.565341  0.413590  0.888944  0.701817  0.726349  0.580122  0.680856  0.224785  0.444388  0.617981  0.770983  0.507536  0.446669  0.599727  0.741451  0.413137  0.763754  0.397101  0.527583  0.563156  0.772497  0.765222  0.555708  0.709661  0.694491  0.554001  0.652984 
12  0.929725  0.686174  0.776147  0.802043  0.730992  0.674989  0.729495  0.544937  0.612689  0.896062  0.704158  0.825868 0.0  0.798192  0.830381  0.784812  0.899650  0.741436  0.839826  0.762991  0.690402  0.781407  0.472051  0.918138  0.885070  0.764823  0.704418  0.765148  0.772403  0.911461  0.838597  0.660336  0.638484  0.838025  0.655077  0.807867  0.749492  0.850349  0.758758  0.714380  0.688530  0.803028  0.720390  0.549751  0.670012  0.734816  0.736034  0.776282  0.819830  0.648466  0.687018  0.674379  0.575980  0.780940  0.690208  0.739706  0.636247  0.754424  0.735714  0.714805  0.825324  0.661578  0.701789  0.806477  0.731762  0.688002  0.696542  0.832910  0.747671  0.621496  0.940642  0.848629  0.724874 
13  0.459379  0.643147  0.748986  0.422441  0.711662  0.352779  0.710368  0.819655  0.830994  0.529035  0.863342  0.622121  0.798192 0.0  0.713635  0.713347  0.372287  0.690076  0.523595  0.561452  0.798296  0.563785  0.887328  0.740797  0.722552  0.828893  0.621116  0.732524  0.749416  0.299924  0.743011  0.900460  0.687701  0.507127  0.818415  0.634957  0.765687  0.436642  0.875844  0.631755  0.681953  0.698156  0.710328  0.811089  0.859371  0.746681  0.559955  0.624345  0.712398  0.760067  0.645945  0.763566  0.778212  0.766289  0.568473  0.506761  0.877236  0.634188  0.662586  0.752334  0.785378  0.595043  0.747990  0.580582  0.535103  0.705235  0.770650  0.586888  0.730291  0.842957  0.412566  0.351715  0.695816 
14  0.671015  0.745915  0.715854  0.642650  0.630937  0.682662  0.423747  0.652188  0.805633  0.695380  0.643502  0.529052  0.830381  0.713635 0.0  0.515557  0.607217  0.539522  0.689105  0.627796  0.705636  0.671327  0.745700  0.842562  0.503726  0.541427  0.516709  0.638875  0.485138  0.706210  0.664787  0.709256  0.476939  0.702580  0.651122  0.585784  0.554048  0.669167  0.820013  0.484274  0.541305  0.423418  0.593134  0.698155  0.703223  0.437860  0.443280  0.531405  0.825810  0.798934  0.671539  0.465337  0.755591  0.546666  0.552009  0.780315  0.756113  0.627700  0.461842  0.642100  0.664459  0.567013  0.737043  0.469995  0.681111  0.498160  0.824586  0.788090  0.560787  0.674416  0.630976  0.701269  0.506775 
15  0.668209  0.652247  0.641019  0.527536  0.489065  0.735189  0.382785  0.594684  0.703152  0.527542  0.703811  0.459294  0.784812  0.713347  0.515557 0.0  0.577757  0.720260  0.732438  0.740312  0.649455  0.651187  0.714492  0.877261  0.604133  0.620604  0.426703  0.409666  0.640250  0.676811  0.783520  0.711883  0.655071  0.610374  0.693309  0.547434  0.633820  0.608573  0.818630  0.177012  0.537864  0.356381  0.848682  0.674220  0.801659  0.537059  0.476989  0.567005  0.784756  0.649174  0.732208  0.590160  0.710737  0.302894  0.532897  0.743242  0.823849  0.623888  0.381751  0.608091  0.592176  0.303655  0.715817  0.444486  0.628839  0.475612  0.772845  0.737905  0.487569  0.606133  0.698797  0.697944  0.720267 
16  0.438744  0.569036  0.824013  0.227952  0.753727  0.248628  0.737105  0.732163  0.912131  0.576377  0.758470  0.672183  0.899650  0.372287  0.607217  0.577757 0.0  0.740831  0.358584  0.467540  0.802199  0.740597  0.751103  0.981945  0.668159  0.699610  0.690504  0.674181  0.728091  0.500171  0.746279  0.858047  0.646666  0.389288  0.699198  0.647568  0.723242  0.610579  0.828779  0.502962  0.703088  0.681919  0.802118  0.663568  0.867429  0.719488  0.837456  0.682783  0.849163  0.773132  0.759303  0.730938  0.779211  0.610708  0.647376  0.413055  0.791581  0.599535  0.660416  0.681499  0.798741  0.663712  0.665376  0.651073  0.535756  0.639001  0.739593  0.632709  0.627481  0.769523  0.389564  0.374963  0.730385 
17  0.562019  0.551295  0.710497  0.756474  0.442956  0.599742  0.437661  0.790469  0.628022  0.686573  0.783263  0.513753  0.741436  0.690076  0.539522  0.720260  0.740831 0.0  0.657601  0.745105  0.772532  0.767957  0.652889  0.821595  0.367895  0.708826  0.348315  0.420902  0.252217  0.667172  0.720495  0.728648  0.108260  0.637770  0.641074  0.562541  0.702925  0.589869  0.805224  0.467473  0.514394  0.506778  0.788444  0.636481  0.875320  0.453125  0.536102  0.586058  0.773211  0.682652  0.750473  0.590353  0.712177  0.541807  0.441475  0.672575  0.728520  0.569105  0.457769  0.733951  0.738737  0.501421  0.666656  0.439993  0.553668  0.521834  0.816186  0.756096  0.564449  0.698575  0.737751  0.608888  0.712217 
18  0.349833  0.554126  0.759973  0.300022  0.797028  0.293483  0.757001  0.787319  0.832323  0.335121  0.748869  0.614977  0.839826  0.523595  0.689105  0.732438  0.358584  0.657601 0.0  0.349323  0.730163  0.580251  0.818625  0.922556  0.668403  0.755127  0.619329  0.674848  0.629208  0.545303  0.796639  0.792310  0.547260  0.189494  0.764196  0.538237  0.770632  0.493013  0.699659  0.675801  0.632471  0.696492  0.783850  0.721501  0.811006  0.675589  0.910871  0.603181  0.838573  0.755017  0.834883  0.894473  0.753118  0.670259  0.594657  0.312877  0.832072  0.632866  0.681516  0.682079  0.763949  0.668571  0.917394  0.720362  0.281022  0.608087  0.776295  0.690933  0.575146  0.792975  0.250146  0.347718  0.645284 
19  0.035171  0.453547  0.865166  0.418077  0.643530  0.477281  0.733629  0.836237  0.819340  0.459032  0.822403  0.585385  0.762991  0.561452  0.627796  0.740312  0.467540  0.745105  0.349323 0.0  0.840061  0.578012  0.841111  0.928170  0.608223  0.769668  0.739536  0.661587  0.671130  0.413298  0.687709  0.731045  0.684880  0.000000  0.700058  0.642426  0.627562  0.445344  0.709374  0.641723  0.665809  0.560603  0.760968  0.763330  0.770931  0.577777  0.660100  0.754331  0.798838  0.731892  0.709165  0.752030  0.856595  0.560853  0.697463  0.184215  0.732501  0.619657  0.720173  0.749328  0.616222  0.741195  0.828550  0.564047  0.320839  0.551648  0.867808  0.626185  0.540781  0.872473  0.168594  0.477414  0.805806 
20  0.746354  0.799670  0.427782  0.779656  0.751616  0.783031  0.735866  0.494098  0.599249  0.738046  0.531030  0.646392  0.690402  0.798296  0.705636  0.649455  0.802199  0.772532  0.730163  0.840061 0.0  0.758661  0.645457  0.874342  0.854833  0.471398  0.713912  0.752429  0.741570  0.776983  0.533936  0.724875  0.710515  0.773392  0.533695  0.602927  0.701665  0.685393  0.901257  0.746424  0.761031  0.541784  0.579875  0.567381  0.680228  0.671989  0.680671  0.789450  0.936332  0.669915  0.718914  0.713340  0.713249  0.805208  0.712631  0.780936  0.666964  0.739527  0.749592  0.669677  0.806138  0.737486  0.484891  0.639343  0.873971  0.737857  0.661211  0.800951  0.786411  0.492596  0.815852  0.777363  0.495786 
21  0.582897  0.630021  0.822089  0.695961  0.824817  0.652258  0.804819  0.768463  0.777173  0.608002  0.836575  0.601040  0.781407  0.563785  0.671327  0.651187  0.740597  0.767957  0.580251  0.578012  0.758661 0.0  0.940152  0.881453  0.741026  0.776218  0.682916  0.750132  0.827027  0.805663  0.724263  0.667869  0.771951  0.502593  0.730788  0.656690  0.740848  0.546705  0.642275  0.636432  0.731667  0.579098  0.809476  0.848479  0.868315  0.604569  0.641357  0.629395  0.783829  0.855606  0.806414  0.813752  0.783212  0.641080  0.762726  0.661439  0.883768  0.682596  0.655461  0.869064  0.701422  0.680563  0.900003  0.678670  0.608909  0.611499  0.858176  0.651049  0.656583  0.780137  0.556680  0.658087  0.731582 
22  0.793520  0.787609  0.641981  0.824160  0.766963  0.763964  0.710124  0.755219  0.417064  0.652682  0.587498  0.799624  0.472051  0.887328  0.745700  0.714492  0.751103  0.652889  0.818625  0.841111  0.645457  0.940152 0.0  0.834393  0.748051  0.722817  0.719410  0.794571  0.715661  0.816561  0.621682  0.643964  0.708540  0.690685  0.701493  0.841376  0.644089  0.706514  0.886024  0.697602  0.820718  0.858323  0.616742  0.629741  0.731812  0.774801  0.657801  0.796043  0.841333  0.602518  0.714040  0.606857  0.696527  0.740114  0.784676  0.870182  0.083818  0.702209  0.745415  0.625139  0.900290  0.747812  0.521282  0.856968  0.767497  0.751753  0.535461  0.887679  0.721072  0.680520  0.802165  0.754316  0.613736 
23  0.901852  0.750234  0.788666  0.848316  0.876321  0.877689  0.884134  0.822957  0.927083  0.839912  0.759735  0.977484  0.918138  0.740797  0.842562  0.877261  0.981945  0.821595  0.922556  0.928170  0.874342  0.881453  0.834393 0.0  0.871562  0.872511  0.833764  0.946527  0.900650  0.860461  0.850187  0.780097  0.785026  0.893473  0.915989  0.902115  0.790982  0.871545  0.916929  0.854471  0.874062  0.956663  0.850122  0.807604  0.871028  0.932731  0.820284  0.860761  0.844059  0.913429  0.741564  0.811168  0.793598  0.827051  0.727441  0.853743  0.800386  0.783666  0.974868  0.999196  0.797632  0.795766  0.846910  0.871491  0.903036  0.950209  0.823268  0.816918  0.733075  0.783342  0.770714  0.916611  0.829020 
24  0.663292  0.480953  0.689411  0.655323  0.496811  0.616651  0.465743  0.696803  0.703624  0.690494  0.909485  0.475672  0.885070  0.722552  0.503726  0.604133  0.668159  0.367895  0.668403  0.608223  0.854833  0.741026  0.748051  0.871562 0.0  0.725636  0.364696  0.142058  0.499672  0.676075  0.822194  0.691414  0.351531  0.607348  0.590793  0.504615  0.582785  0.700949  0.825335  0.429837  0.531055  0.516876  0.733923  0.800190  0.821659  0.493001  0.577074  0.479614  0.833870  0.751667  0.738847  0.715193  0.811102  0.485286  0.404609  0.618901  0.742638  0.524889  0.488098  0.617343  0.615806  0.513866  0.787947  0.520295  0.693154  0.222114  0.944878  0.748452  0.506488  0.717279  0.786321  0.742296  0.659341 
25  0.730107  0.620774  0.381262  0.735791  0.703295  0.816805  0.711602  0.506559  0.732287  0.872403  0.778431  0.728892  0.764823  0.828893  0.541427  0.620604  0.699610  0.708826  0.755127  0.769668  0.471398  0.776218  0.722817  0.872511  0.725636 0.0  0.683191  0.667887  0.733415  0.750243  0.456600  0.672111  0.772158  0.665637  0.623115  0.657711  0.605813  0.833675  0.751714  0.648676  0.692601  0.622198  0.613635  0.666653  0.766122  0.637949  0.602395  0.621088  0.762376  0.655485  0.642360  0.720211  0.659280  0.743616  0.709667  0.704462  0.797132  0.765217  0.675826  0.723872  0.905356  0.651315  0.600561  0.624640  0.714617  0.720394  0.772895  0.883520  0.704940  0.483700  0.739975  0.742834  0.475240 
26  0.680062  0.630730  0.775235  0.624933  0.389711  0.684004  0.536541  0.626263  0.713163  0.718923  0.695376  0.519776  0.704418  0.621116  0.516709  0.426703  0.690504  0.348315  0.619329  0.739536  0.713912  0.682916  0.719410  0.833764  0.364696  0.683191 0.0  0.496964  0.376624  0.783548  0.738094  0.719655  0.460685  0.576835  0.558226  0.706707  0.542601  0.570554  0.706486  0.556517  0.600732  0.514996  0.683559  0.802386  0.853837  0.517964  0.415411  0.624571  0.811389  0.685923  0.757109  0.535183  0.785633  0.445593  0.452690  0.645328  0.826530  0.578737  0.463538  0.690112  0.574781  0.545377  0.681984  0.379398  0.686722  0.525933  0.676648  0.757775  0.571441  0.599089  0.721940  0.673032  0.566503 
27  0.664867  0.569703  0.738830  0.673934  0.371627  0.687803  0.465481  0.734945  0.838243  0.697731  0.731254  0.547108  0.765148  0.732524  0.638875  0.409666  0.674181  0.420902  0.674848  0.661587  0.752429  0.750132  0.794571  0.946527  0.142058  0.667887  0.496964 0.0  0.440128  0.720256  0.706202  0.730930  0.355424  0.690397  0.649433  0.574397  0.623794  0.705422  0.790689  0.527964  0.502512  0.438228  0.704505  0.698805  0.778855  0.441288  0.625606  0.451210  0.698551  0.787080  0.783533  0.647472  0.772631  0.527801  0.450511  0.637700  0.672439  0.461119  0.468696  0.575958  0.598262  0.492404  0.683525  0.412352  0.592256  0.305186  0.879778  0.744236  0.492364  0.756253  0.608604  0.588901  0.624770 
28  0.675901  0.588888  0.654181  0.624980  0.524921  0.668651  0.359377  0.748970  0.708215  0.629431  0.731106  0.568971  0.772403  0.749416  0.485138  0.640250  0.728091  0.252217  0.629208  0.671130  0.741570  0.827027  0.715661  0.900650  0.499672  0.733415  0.376624  0.440128 0.0  0.863042  0.708845  0.605634  0.314468  0.586786  0.666436  0.672366  0.646005  0.613883  0.846546  0.573272  0.576383  0.614931  0.755628  0.699624  0.730622  0.459169  0.546364  0.488586  0.842411  0.706268  0.751206  0.562828  0.800294  0.667947  0.447778  0.662591  0.706113  0.604552  0.520341  0.636842  0.643006  0.628798  0.647533  0.533400  0.667032  0.494859  0.852443  0.627333  0.565399  0.616232  0.726471  0.780913  0.718588 
29  0.497972  0.548128  0.744992  0.449549  0.667893  0.423738  0.722706  0.858793  0.705684  0.580009  0.841174  0.705314  0.911461  0.299924  0.706210  0.676811  0.500171  0.667172  0.545303  0.413298  0.776983  0.805663  0.816561  0.860461  0.676075  0.750243  0.783548  0.720256  0.863042 0.0  0.772988  0.713037  0.773426  0.427611  0.691030  0.606239  0.731012  0.467887  0.724649  0.628942  0.778451  0.660874  0.828451  0.749248  0.855214  0.627217  0.613789  0.657748  0.809756  0.797568  0.701605  0.812760  0.839410  0.681062  0.677895  0.499262  0.767352  0.587733  0.644567  0.772651  0.686124  0.625950  0.659993  0.518630  0.470647  0.640255  0.867827  0.638773  0.571435  0.831149  0.500551  0.216552  0.811243 
30  0.823322  0.640657  0.609834  0.742861  0.727407  0.781480  0.597281  0.511058  0.652191  0.860965  0.771924  0.688937  0.838597  0.743011  0.664787  0.783520  0.746279  0.720495  0.796639  0.687709  0.533936  0.724263  0.621682  0.850187  0.822194  0.456600  0.738094  0.706202  0.708845  0.772988 0.0  0.654613  0.600180  0.736968  0.693636  0.623002  0.438679  0.854392  0.836594  0.741040  0.580938  0.632010  0.563465  0.635553  0.727381  0.714376  0.572869  0.736047  0.815565  0.503642  0.617038  0.589870  0.468760  0.626294  0.763233  0.754699  0.584429  0.727401  0.537752  0.659777  0.754454  0.644447  0.469306  0.636525  0.783187  0.727003  0.736028  0.852855  0.577224  0.387255  0.782099  0.724908  0.430549 
31  0.822638  0.762541  0.626394  0.598626  0.615392  0.756227  0.637432  0.550247  0.615701  0.890018  0.525986  0.788435  0.660336  0.900460  0.709256  0.711883  0.858047  0.728648  0.792310  0.731045  0.724875  0.667869  0.643964  0.780097  0.691414  0.672111  0.719655  0.730930  0.605634  0.713037  0.654613 0.0  0.615526  0.709374  0.627983  0.661151  0.551293  0.867639  0.936542  0.787247  0.742065  0.594487  0.594489  0.476480  0.571615  0.708690  0.578170  0.660308  0.764554  0.554607  0.694983  0.664048  0.545364  0.609735  0.695149  0.735914  0.539127  0.781225  0.739130  0.681742  0.709834  0.757788  0.648740  0.639756  0.806364  0.815611  0.511648  0.821873  0.726554  0.484910  0.768075  0.686798  0.627347 
32  0.651065  0.621112  0.615999  0.724474  0.491961  0.721929  0.589602  0.597159  0.681822  0.637242  0.716943  0.513869  0.638484  0.687701  0.476939  0.655071  0.646666  0.108260  0.547260  0.684880  0.710515  0.771951  0.708540  0.785026  0.351531  0.772158  0.460685  0.355424  0.314468  0.773426  0.600180  0.615526 0.0  0.784052  0.734209  0.603161  0.690858  0.735806  0.856054  0.520689  0.439941  0.491841  0.807494  0.743715  0.810950  0.526796  0.515796  0.485344  0.718773  0.682025  0.849723  0.615800  0.725926  0.470305  0.464460  0.700066  0.664072  0.580854  0.493440  0.630081  0.566545  0.474166  0.751426  0.396495  0.637109  0.447196  0.785305  0.739494  0.486089  0.675027  0.625731  0.678249  0.644965 
33  0.087528  0.518443  0.747920  0.349792  0.541580  0.357464  0.677648  0.750999  0.861298  0.343840  0.640081  0.657333  0.838025  0.507127  0.702580  0.610374  0.389288  0.637770  0.189494  0.000000  0.773392  0.502593  0.690685  0.893473  0.607348  0.665637  0.576835  0.690397  0.586786  0.427611  0.736968  0.709374  0.784052 0.0  0.616895  0.622440  0.798325  0.387930  0.796301  0.571794  0.578009  0.696682  0.833099  0.763725  0.877574  0.620725  0.701743  0.603918  0.799653  0.812648  0.812038  0.706367  0.750331  0.580512  0.661979  0.148238  0.739790  0.644674  0.673179  0.748701  0.675745  0.768832  0.714042  0.733589  0.334665  0.740557  0.804807  0.623221  0.634498  0.781699  0.077711  0.517478  0.712935 
34  0.741781  0.759747  0.693625  0.710318  0.746362  0.795031  0.616634  0.717745  0.614417  0.748335  0.621066  0.682378  0.655077  0.818415  0.651122  0.693309  0.699198  0.641074  0.764196  0.700058  0.533695  0.730788  0.701493  0.915989  0.590793  0.623115  0.558226  0.649433  0.666436  0.691030  0.693636  0.627983  0.734209  0.616895 0.0  0.629089  0.578714  0.654729  0.850170  0.613116  0.746753  0.669566  0.691928  0.685996  0.718405  0.680977  0.603668  0.701854  0.801201  0.677736  0.686065  0.391740  0.693969  0.649506  0.647833  0.797353  0.731328  0.582734  0.596802  0.353950  0.582735  0.601081  0.599108  0.760255  0.761628  0.667164  0.783816  0.844138  0.691653  0.515122  0.824999  0.731274  0.663775 
35  0.653367  0.346856  0.841417  0.644597  0.617712  0.611197  0.666218  0.741842  0.810895  0.654791  0.712032  0.494778  0.807867  0.634957  0.585784  0.547434  0.647568  0.562541  0.538237  0.642426  0.602927  0.656690  0.841376  0.902115  0.504615  0.657711  0.706707  0.574397  0.672366  0.606239  0.623002  0.661151  0.603161  0.622440  0.629089 0.0  0.718495  0.464863  0.749612  0.464747  0.521039  0.632118  0.769917  0.750910  0.888009  0.619744  0.667581  0.333988  0.732459  0.819773  0.803391  0.607264  0.780655  0.518565  0.576504  0.706552  0.805485  0.385174  0.585165  0.733371  0.681102  0.550482  0.712499  0.475226  0.693867  0.498544  0.832097  0.692875  0.475455  0.655611  0.515109  0.643497  0.709137 
36  0.706759  0.691098  0.582173  0.774042  0.701826  0.816687  0.521029  0.516705  0.653280  0.650502  0.717517  0.606681  0.749492  0.765687  0.554048  0.633820  0.723242  0.702925  0.770632  0.627562  0.701665  0.740848  0.644089  0.790982  0.582785  0.605813  0.542601  0.623794  0.646005  0.731012  0.438679  0.551293  0.690858  0.798325  0.578714  0.718495 0.0  0.761405  0.783144  0.576840  0.619905  0.661910  0.572512  0.668573  0.807725  0.621358  0.538307  0.679599  0.757866  0.621411  0.588042  0.615579  0.687059  0.639842  0.540600  0.692458  0.680796  0.642937  0.685093  0.611753  0.665525  0.550662  0.542380  0.539513  0.693679  0.591053  0.729824  0.651080  0.821344  0.574433  0.684797  0.783689  0.431565 
37  0.404495  0.583386  0.831998  0.452261  0.701372  0.489560  0.633680  0.789355  0.657017  0.444330  0.871110  0.722605  0.850349  0.436642  0.669167  0.608573  0.610579  0.589869  0.493013  0.445344  0.685393  0.546705  0.706514  0.871545  0.700949  0.833675  0.570554  0.705422  0.613883  0.467887  0.854392  0.867639  0.735806  0.387930  0.654729  0.464863  0.761405 0.0  0.768320  0.787801  0.679677  0.604861  0.772778  0.721845  1.000000  0.693820  0.698958  0.610510  0.757155  0.729206  0.757519  0.832590  0.883679  0.568012  0.748425  0.400958  0.714551  0.637795  0.623845  0.715057  0.690038  0.679245  0.698723  0.662071  0.234305  0.478530  0.934583  0.731378  0.563955  0.623454  0.460620  0.584314  0.818598 
38  0.676291  0.775101  0.775040  0.766524  0.735239  0.777767  0.763302  0.742682  0.943130  0.694962  0.883284  0.807599  0.758758  0.875844  0.820013  0.818630  0.828779  0.805224  0.699659  0.709374  0.901257  0.642275  0.886024  0.916929  0.825335  0.751714  0.706486  0.790689  0.846546  0.724649  0.836594  0.936542  0.856054  0.796301  0.850170  0.749612  0.783144  0.768320 0.0  0.861706  0.740150  0.684495  0.911091  0.811908  0.874277  0.797478  0.893297  0.811250  0.727134  0.897998  0.828755  0.879555  0.906836  0.858347  0.854638  0.721621  0.863995  0.790301  0.825517  0.855836  0.780128  0.849046  0.827471  0.752944  0.870560  0.843610  0.871284  0.662828  0.798279  0.706108  0.733709  0.838359  0.825738 
39  0.667821  0.660882  0.758087  0.620261  0.390770  0.673966  0.463143  0.716950  0.683237  0.712547  0.641856  0.415303  0.714380  0.631755  0.484274  0.177012  0.502962  0.467473  0.675801  0.641723  0.746424  0.636432  0.697602  0.854471  0.429837  0.648676  0.556517  0.527964  0.573272  0.628942  0.741040  0.787247  0.520689  0.571794  0.613116  0.464747  0.576840  0.787801  0.861706 0.0  0.476686  0.411558  0.704561  0.736708  0.698883  0.405636  0.425924  0.591714  0.632547  0.622075  0.775364  0.652912  0.727435  0.475789  0.353116  0.663642  0.806273  0.673234  0.463962  0.730128  0.607340  0.361856  0.622413  0.444638  0.664105  0.579237  0.707882  0.766874  0.521097  0.546052  0.733230  0.598994  0.580519 
40  0.713044  0.629023  0.820386  0.657717  0.521000  0.650762  0.480794  0.688862  0.723896  0.651479  0.794793  0.198442  0.688530  0.681953  0.541305  0.537864  0.703088  0.514394  0.632471  0.665809  0.761031  0.731667  0.820718  0.874062  0.531055  0.692601  0.600732  0.502512  0.576383  0.778451  0.580938  0.742065  0.439941  0.578009  0.746753  0.521039  0.619905  0.679677  0.740150  0.476686 0.0  0.576152  0.672487  0.711495  0.697088  0.491882  0.577914  0.454278  0.820493  0.791194  0.805961  0.686109  0.722865  0.337100  0.406642  0.550028  0.766167  0.505113  0.525580  0.723384  0.591139  0.397085  0.694101  0.488162  0.557113  0.542544  0.833321  0.759273  0.471670  0.679808  0.652147  0.659508  0.566809 
41  0.638777  0.650634  0.724400  0.734437  0.360811  0.614397  0.236662  0.686283  0.726917  0.645973  0.817016  0.489721  0.803028  0.698156  0.423418  0.356381  0.681919  0.506778  0.696492  0.560603  0.541784  0.579098  0.858323  0.956663  0.516876  0.622198  0.514996  0.438228  0.614931  0.660874  0.632010  0.594487  0.491841  0.696682  0.669566  0.632118  0.661910  0.604861  0.684495  0.411558  0.576152 0.0  0.725141  0.666684  0.802790  0.344956  0.537536  0.534506  0.824087  0.706091  0.831764  0.636905  0.733083  0.398323  0.258240  0.688732  0.670612  0.613522  0.357119  0.686554  0.720045  0.290689  0.827603  0.334573  0.629765  0.506297  0.652164  0.748891  0.496307  0.622996  0.627051  0.527958  0.524008 
42  0.633428  0.902298  0.600574  0.859838  0.650778  0.768953  0.575551  0.626911  0.645757  0.764671  0.410735  0.669896  0.720390  0.710328  0.593134  0.848682  0.802118  0.788444  0.783850  0.760968  0.579875  0.809476  0.616742  0.850122  0.733923  0.613635  0.683559  0.704505  0.755628  0.828451  0.563465  0.594489  0.807494  0.833099  0.691928  0.769917  0.572512  0.772778  0.911091  0.704561  0.672487  0.725141 0.0  0.574849  0.609558  0.719091  0.778445  0.720536  0.897321  0.324520  0.485578  0.691334  0.616278  0.654643  0.774593  0.655072  0.597426  0.736963  0.794393  0.675271  0.846309  0.848682  0.581002  0.737998  0.686728  0.836785  0.626919  0.734548  0.867950  0.537319  0.862564  0.862021  0.673599 
43  0.725518  0.752106  0.582987  0.761396  0.660422  0.758660  0.799592  0.671782  0.489067  0.781776  0.570311  0.837375  0.549751  0.811089  0.698155  0.674220  0.663568  0.636481  0.721501  0.763330  0.567381  0.848479  0.629741  0.807604  0.800190  0.666653  0.802386  0.698805  0.699624  0.749248  0.635553  0.476480  0.743715  0.763725  0.685996  0.750910  0.668573  0.721845  0.811908  0.736708  0.711495  0.666684  0.574849 0.0  0.741564  0.581322  0.754917  0.726562  0.950702  0.590962  0.824566  0.671477  0.734344  0.752084  0.835607  0.868827  0.512405  0.665394  0.709444  0.806399  0.711996  0.716579  0.691241  0.739827  0.823900  0.787892  0.717767  0.801920  0.734734  0.498769  0.734026  0.782805  0.622343 
44  0.857106  0.730612  0.709826  0.869661  0.788565  0.831810  0.800708  0.703999  0.708411  0.783912  0.645830  0.744010  0.670012  0.859371  0.703223  0.801659  0.867429  0.875320  0.811006  0.770931  0.680228  0.868315  0.731812  0.871028  0.821659  0.766122  0.853837  0.778855  0.730622  0.855214  0.727381  0.571615  0.810950  0.877574  0.718405  0.888009  0.807725  1.000000  0.874277  0.698883  0.697088  0.802790  0.609558  0.741564 0.0  0.773352  0.643420  0.708535  0.894350  0.771308  0.631611  0.860370  0.574300  0.887500  0.818504  0.823398  0.676781  0.765478  0.861570  0.815909  0.805475  0.809752  0.785670  0.773154  0.825014  0.811712  0.421562  0.978065  0.812437  0.647221  0.925437  0.841012  0.703899 
45  0.702811  0.567136  0.669333  0.781346  0.320603  0.704403  0.352962  0.573808  0.704867  0.670103  0.752915  0.485494  0.734816  0.746681  0.437860  0.537059  0.719488  0.453125  0.675589  0.577777  0.671989  0.604569  0.774801  0.932731  0.493001  0.637949  0.517964  0.441288  0.459169  0.627217  0.714376  0.708690  0.526796  0.620725  0.680977  0.619744  0.621358  0.693820  0.797478  0.405636  0.491882  0.344956  0.719091  0.581322  0.773352 0.0  0.568656  0.645786  0.905528  0.750078  0.702609  0.752280  0.726175  0.544449  0.404257  0.687587  0.780569  0.468044  0.267438  0.664453  0.770863  0.480605  0.770373  0.149841  0.497727  0.545209  0.726310  0.745648  0.564834  0.683022  0.677701  0.512990  0.538160 
46  0.623606  0.658946  0.655197  0.637486  0.590222  0.705394  0.502061  0.656318  0.702267  0.742287  0.672220  0.565341  0.736034  0.559955  0.443280  0.476989  0.837456  0.536102  0.910871  0.660100  0.680671  0.641357  0.657801  0.820284  0.577074  0.602395  0.415411  0.625606  0.546364  0.613789  0.572869  0.578170  0.515796  0.701743  0.603668  0.667581  0.538307  0.698958  0.893297  0.425924  0.577914  0.537536  0.778445  0.754917  0.643420  0.568656 0.0  0.700906  0.785272  0.695841  0.666023  0.600651  0.707814  0.517727  0.540383  0.760335  0.682218  0.629500  0.376222  0.603640  0.688673  0.537044  0.642912  0.495862  0.752141  0.490728  0.800337  0.723138  0.597762  0.671388  0.685826  0.691700  0.535580 
47  0.649108  0.507036  0.664734  0.499960  0.458118  0.598024  0.571970  0.828918  0.824795  0.580637  0.677194  0.413590  0.776282  0.624345  0.531405  0.567005  0.682783  0.586058  0.603181  0.754331  0.789450  0.629395  0.796043  0.860761  0.479614  0.621088  0.624571  0.451210  0.488586  0.657748  0.736047  0.660308  0.485344  0.603918  0.701854  0.333988  0.679599  0.610510  0.811250  0.591714  0.454278  0.534506  0.720536  0.726562  0.708535  0.645786  0.700906 0.0  0.811456  0.577908  0.635240  0.716865  0.806387  0.544482  0.571163  0.536582  0.820928  0.409501  0.516197  0.616796  0.568406  0.581119  0.704411  0.543228  0.531984  0.485470  0.757865  0.735313  0.555571  0.745557  0.504656  0.701161  0.839431 
48  0.821298  0.774043  0.864343  0.778766  0.681422  0.756253  0.768881  0.804771  0.791231  0.715500  0.835150  0.888944  0.819830  0.712398  0.825810  0.784756  0.849163  0.773211  0.838573  0.798838  0.936332  0.783829  0.841333  0.844059  0.833870  0.762376  0.811389  0.698551  0.842411  0.809756  0.815565  0.764554  0.718773  0.799653  0.801201  0.732459  0.757866  0.757155  0.727134  0.632547  0.820493  0.824087  0.897321  0.950702  0.894350  0.905528  0.785272  0.811456 0.0  0.713332  0.751988  0.868363  0.787867  0.758898  0.777750  0.714477  0.823450  0.719188  0.849356  0.739749  0.759770  0.762842  0.797060  0.887495  0.686082  0.842214  0.835356  0.764253  0.862112  0.903959  0.706318  0.896387  0.887920 
49  0.824311  0.739906  0.579431  0.866316  0.844942  0.771105  0.693258  0.546269  0.539807  0.830867  0.385590  0.701817  0.648466  0.760067  0.798934  0.649174  0.773132  0.682652  0.755017  0.731892  0.669915  0.855606  0.602518  0.913429  0.751667  0.655485  0.685923  0.787080  0.706268  0.797568  0.503642  0.554607  0.682025  0.812648  0.677736  0.819773  0.621411  0.729206  0.897998  0.622075  0.791194  0.706091  0.324520  0.590962  0.771308  0.750078  0.695841  0.577908  0.713332 0.0  0.625757  0.624211  0.614498  0.805920  0.721788  0.878597  0.438815  0.781680  0.608594  0.692762  0.787502  0.725455  0.591637  0.751677  0.791546  0.852178  0.574425  0.758828  0.740426  0.604879  0.809527  0.781700  0.588016 
50  0.753223  0.729670  0.506774  0.792465  0.881456  0.846967  0.833051  0.683542  0.611082  0.783431  0.627496  0.726349  0.687018  0.645945  0.671539  0.732208  0.759303  0.750473  0.834883  0.709165  0.718914  0.806414  0.714040  0.741564  0.738847  0.642360  0.757109  0.783533  0.751206  0.701605  0.617038  0.694983  0.849723  0.812038  0.686065  0.803391  0.588042  0.757519  0.828755  0.775364  0.805961  0.831764  0.485578  0.824566  0.631611  0.702609  0.666023  0.635240  0.751988  0.625757 0.0  0.675691  0.525077  0.801435  0.729659  0.743149  0.624981  0.873043  0.755998  0.668870  0.711857  0.651820  0.612043  0.761926  0.809051  0.791918  0.515376  0.836607  0.810169  0.666289  0.811757  0.739288  0.622439 
51  0.779587  0.622479  0.688781  0.761519  0.645911  0.849769  0.683263  0.727913  0.715736  0.637151  0.630678  0.580122  0.674379  0.763566  0.465337  0.590160  0.730938  0.590353  0.894473  0.752030  0.713340  0.813752  0.606857  0.811168  0.715193  0.720211  0.535183  0.647472  0.562828  0.812760  0.589870  0.664048  0.615800  0.706367  0.391740  0.607264  0.615579  0.832590  0.879555  0.652912  0.686109  0.636905  0.691334  0.671477  0.860370  0.752280  0.600651  0.716865  0.868363  0.624211  0.675691 0.0  0.716785  0.727962  0.644122  0.752515  0.733315  0.710607  0.590075  0.462331  0.685102  0.545727  0.672204  0.635188  0.700085  0.670570  0.644863  0.673438  0.697888  0.715085  0.710183  0.646783  0.511638 
52  0.780472  0.826432  0.580282  0.795591  0.714384  0.772516  0.883118  0.622201  0.619309  0.810712  0.563033  0.680856  0.575980  0.778212  0.755591  0.710737  0.779211  0.712177  0.753118  0.856595  0.713249  0.783212  0.696527  0.793598  0.811102  0.659280  0.785633  0.772631  0.800294  0.839410  0.468760  0.545364  0.725926  0.750331  0.693969  0.780655  0.687059  0.883679  0.906836  0.727435  0.722865  0.733083  0.616278  0.734344  0.574300  0.726175  0.707814  0.806387  0.787867  0.614498  0.525077  0.716785 0.0  0.756873  0.800533  0.754304  0.645926  0.631321  0.802433  0.704893  0.751579  0.883046  0.739445  0.678412  0.637600  0.702162  0.705505  0.738409  0.754174  0.572440  0.859416  0.801517  0.687839 
53  0.643770  0.498452  0.595863  0.642512  0.482393  0.542043  0.449255  0.647416  0.716864  0.701455  0.834719  0.224785  0.780940  0.766289  0.546666  0.302894  0.610708  0.541807  0.670259  0.560853  0.805208  0.641080  0.740114  0.827051  0.485286  0.743616  0.445593  0.527801  0.667947  0.681062  0.626294  0.609735  0.470305  0.580512  0.649506  0.518565  0.639842  0.568012  0.858347  0.475789  0.337100  0.398323  0.654643  0.752084  0.887500  0.544449  0.517727  0.544482  0.758898  0.805920  0.801435  0.727962  0.756873 0.0  0.353588  0.611902  0.716035  0.576979  0.352240  0.776397  0.676201  0.476654  0.769132  0.498539  0.605930  0.444127  0.726098  0.736558  0.423529  0.755667  0.704884  0.667426  0.584206 
