73
0 0.0  0.721343  0.633695  0.756674  0.619152  0.732371  0.637114  0.673650  0.902139  0.734505  0.728309  0.634236  0.504493  0.707518  0.804476  0.574709  0.702671  0.830007  0.775373  0.786813  0.754857  0.656627  0.748249  0.615405  0.726318  0.736712  0.639326  0.712847  0.674250  0.629361  0.721060  0.773354  0.773770  0.584592  0.695381  0.489110  0.805509  0.736156  0.520371  0.757345  0.811930  0.986874  0.396839  0.681508  0.686441  0.504415  0.815040  0.646767  0.457606  0.711700  0.619329  0.787263  0.604703  0.708738  0.858796  0.238297  0.677775  0.693207  0.834867  0.616451  0.427872  0.682079  0.675763  0.867903  0.800888  0.747289  0.764274  0.557997  0.505275  0.769860  0.797611  0.815756  0.766935 
1  0.721343 0.0  0.539553  0.199925  0.354031  0.796582  0.732161  0.834146  0.725627  0.709790  0.360688  0.672346  0.600525  0.467202  0.747803  0.741500  0.277239  0.671693  0.550485  0.721353  0.168670  0.502379  0.774300  0.776390  0.362439  0.610155  0.494689  0.599816  0.695693  0.245228  0.567762  0.284488  0.737133  0.641452  0.697052  0.613075  0.781243  0.587668  0.758939  0.406035  0.749807  0.799733  0.692542  0.559688  0.670569  0.720944  0.565672  0.497004  0.686617  0.481854  0.619780  0.716224  0.646214  0.706678  0.645456  0.659757  0.764959  0.733396  0.791729  0.546824  0.655927  0.639729  0.564274  0.724896  0.591669  0.710204  0.682873  0.670185  0.622476  0.676585  0.712532  0.769892  0.720269 
2  0.633695  0.539553 0.0  0.522236  0.534391  0.679224  0.703651  0.801212  0.773393  0.773249  0.486304  0.747720  0.655809  0.225985  0.639643  0.671492  0.518456  0.643792  0.289962  0.620513  0.471735  0.568356  0.645437  0.712133  0.629996  0.530440  0.529172  0.563581  0.839965  0.529982  0.586761  0.581722  0.728151  0.705794  0.763054  0.613710  0.608932  0.635542  0.762886  0.452994  0.683863  0.826106  0.734182  0.512326  0.769404  0.730530  0.627420  0.462947  0.694658  0.205758  0.688656  0.730045  0.607253  0.849394  0.590581  0.751671  0.734513  0.731976  0.931506  0.558276  0.772714  0.650357  0.351564  0.670987  0.261725  0.559463  0.712112  0.710217  0.757850  0.710170  0.701337  0.713321  0.739773 
3  0.756674  0.199925  0.522236 0.0  0.487525  0.659862  0.865252  0.743287  0.794298  0.664559  0.216798  0.583555  0.678899  0.516588  0.732135  0.680984  0.423028  0.598927  0.428610  0.660726  0.523914  0.438529  0.655259  0.830864  0.494247  0.842425  0.516899  0.364148  0.766990  0.000000  0.608828  0.366933  0.668122  0.486230  0.662521  0.556058  0.796679  0.597486  0.685266  0.472946  0.718486  0.801758  0.737462  0.623532  0.703794  0.647810  0.469814  0.508408  0.656630  0.550454  0.619779  0.611748  0.510288  0.717496  0.656956  0.759599  0.739538  0.748814  0.868845  0.449210  0.691340  0.542142  0.535459  0.557252  0.517161  0.473066  0.599284  0.704511  0.760262  0.713252  0.905735  0.656079  0.622619 
4  0.619152  0.354031  0.534391  0.487525 0.0  0.864171  0.816196  0.756305  0.729523  0.686097  0.561759  0.550027  0.677610  0.619581  0.682568  0.670172  0.475190  0.678165  0.545835  0.668746  0.437568  0.533110  0.721756  0.757878  0.088217  0.665579  0.606169  0.511816  0.817698  0.387337  0.730554  0.591656  0.692833  0.683603  0.703132  0.527648  0.781250  0.671163  0.682940  0.460795  0.730555  0.901050  0.780137  0.580091  0.778288  0.649910  0.508990  0.534889  0.678583  0.585595  0.620576  0.630579  0.621429  0.726573  0.559250  0.756031  0.660301  0.676999  0.721700  0.577909  0.666394  0.555281  0.559070  0.704982  0.581032  0.699344  0.738053  0.523277  0.600658  0.691403  0.855765  0.870330  0.621199 
5  0.732371  0.796582  0.679224  0.659862  0.864171 0.0  0.923021  0.911526  0.668012  0.653237  0.765351  0.785830  0.734419  0.683009  0.384851  0.820644  0.703514  0.261858  0.740337  0.493726  0.695765  0.734071  0.363356  0.912179  0.678323  0.495046  0.729214  0.639956  0.824090  0.649496  0.727456  0.680928  0.540655  0.826966  0.413228  0.814832  0.443830  0.661264  0.761482  0.611317  0.464232  0.851551  0.806203  0.663467  0.832264  0.712820  0.649436  0.723532  0.777392  0.735614  0.867574  0.445162  0.643004  0.777306  0.607517  0.706680  0.767945  0.776327  0.844534  0.653687  0.690749  0.832367  0.647282  0.468599  0.620195  0.631461  0.450606  0.759863  0.796874  0.361536  0.649772  0.866503  0.701161 
6  0.637114  0.732161  0.703651  0.865252  0.816196  0.923021 0.0  0.655792  0.833852  0.829614  0.691836  0.669166  0.638027  0.708199  0.662472  0.507870  0.787585  0.814789  0.817452  0.732612  0.763648  0.681088  0.817758  0.761188  0.763381  0.892970  0.762507  0.794452  0.516118  0.770374  0.722923  0.799316  0.851430  0.695815  0.901460  0.705978  0.873775  0.697252  0.729983  0.785005  0.824895  0.911192  0.831666  0.718266  0.503562  0.626478  0.792168  0.745604  0.722920  0.795748  0.727038  0.827173  0.819503  0.563182  0.765972  0.657876  0.775442  0.709552  0.831271  0.699769  0.693386  0.724844  0.764731  0.841952  0.806138  0.769749  0.757607  0.675433  0.743716  0.911995  0.925830  0.481082  0.675644 
7  0.673650  0.834146  0.801212  0.743287  0.756305  0.911526  0.655792 0.0  0.835500  0.871390  0.851291  0.758532  0.774573  0.828093  0.846927  0.746602  0.850163  0.865878  0.785379  0.893465  0.744568  0.779003  0.829309  0.620788  0.803936  0.735074  0.755728  0.851701  0.629901  0.746402  0.758772  0.766082  0.905255  0.647961  0.691670  0.670305  0.846148  0.725880  0.699560  0.762622  0.816394  0.952138  0.712148  0.902089  0.592940  0.756394  0.787957  0.703529  0.685416  0.723989  0.658072  0.779914  0.795356  0.647690  0.824340  0.590859  0.770164  0.475672  0.944446  0.736466  0.709134  0.693124  0.859838  0.835468  0.780031  0.813611  0.895881  0.799420  0.663576  0.889995  0.867866  0.819791  0.839602 
8  0.902139  0.725627  0.773393  0.794298  0.729523  0.668012  0.833852  0.835500 0.0  0.664333  0.783250  0.776034  0.657666  0.752936  0.653445  0.870019  0.797078  0.662792  0.710970  0.754507  0.725307  0.765763  0.690701  0.947226  0.700114  0.706612  0.741130  0.710284  0.795513  0.771337  0.855568  0.777108  0.673492  0.846060  0.657737  0.832831  0.815259  0.757481  0.830864  0.773765  0.755407  0.799529  0.775070  0.799562  0.784463  0.830769  0.749109  0.757296  0.884467  0.684487  0.932014  0.606342  0.717189  0.800237  0.774070  0.741385  0.932566  0.771055  0.854312  0.701857  0.815542  0.915482  0.772696  0.673338  0.713956  0.684197  0.713547  0.855162  0.797167  0.661835  0.646492  0.952364  0.847925 
9  0.734505  0.709790  0.773249  0.664559  0.686097  0.653237  0.829614  0.871390  0.664333 0.0  0.716423  0.728840  0.807359  0.770679  0.672026  0.786946  0.763273  0.643294  0.714985  0.592005  0.802215  0.633917  0.567386  0.957813  0.809231  0.628220  0.680977  0.665235  0.765178  0.709082  0.772019  0.747297  0.529237  0.868053  0.629767  0.771637  0.589450  0.625346  0.776130  0.763991  0.632108  0.748791  0.825740  0.779465  0.997463  0.753828  0.738326  0.677887  0.654430  0.677269  0.712289  0.553479  0.720833  0.754676  0.743034  0.908823  0.767714  0.821793  0.760657  0.807481  0.862089  0.727002  0.749379  0.616311  0.774178  0.648088  0.628035  0.749549  0.766481  0.598401  0.596230  0.820917  0.678771 
10  0.728309  0.360688  0.486304  0.216798  0.561759  0.765351  0.691836  0.851291  0.783250  0.716423 0.0  0.502995  0.751261  0.540652  0.754951  0.726004  0.558307  0.663144  0.589546  0.643378  0.284913  0.553226  0.647722  0.803487  0.548415  0.711041  0.521664  0.569851  0.753318  0.127880  0.652263  0.424540  0.627242  0.632384  0.715288  0.622451  0.762126  0.689316  0.653485  0.542649  0.683484  0.831501  0.604617  0.561889  0.793529  0.660852  0.500703  0.467828  0.611488  0.586844  0.648731  0.662534  0.600282  0.719507  0.665708  0.674024  0.668639  0.819041  0.873916  0.553803  0.641413  0.467721  0.487314  0.697943  0.565702  0.652047  0.829179  0.700960  0.770921  0.640594  0.829719  0.753562  0.751355 
11  0.634236  0.672346  0.747720  0.583555  0.550027  0.785830  0.669166  0.758532  0.776034  0.728840  0.502995 0.0  0.453481  0.581612  0.829046  0.611245  0.537480  0.673675  0.703513  0.896687  0.588971  0.577212  0.748766  0.700437  0.610438  0.852524  0.758575  0.671515  0.726335  0.533076  0.465210  0.737662  0.934280  0.504504  0.787970  0.634869  0.851316  0.654108  0.626450  0.661131  0.804409  0.843712  0.677057  0.370359  0.777153  0.589783  0.558829  0.633163  0.567206  0.542971  0.366396  0.693856  0.573570  0.716294  0.576894  0.642379  0.671564  0.617403  0.717568  0.654186  0.605877  0.645881  0.607278  0.790643  0.623206  0.709518  0.568991  0.575511  0.675044  0.793979  0.801850  0.660297  0.685410 
12  0.504493  0.600525  0.655809  0.678899  0.677610  0.734419  0.638027  0.774573  0.657666  0.807359  0.751261  0.453481 0.0  0.671899  0.859814  0.613781  0.547328  0.799982  0.740819  0.623026  0.700876  0.590799  0.744807  0.705333  0.765402  0.775458  0.749569  0.778243  0.700839  0.591394  0.616238  0.665499  0.752646  0.364270  0.776800  0.056409  0.656401  0.720092  0.462423  0.644112  0.746757  0.920439  0.540777  0.623670  0.537363  0.561577  0.747316  0.684320  0.392568  0.694752  0.490861  0.709917  0.648082  0.756504  0.773722  0.481852  0.585083  0.716130  0.817368  0.759796  0.456408  0.635734  0.670312  0.694523  0.762621  0.832434  0.818332  0.699576  0.585317  0.800131  0.926894  0.734187  0.779112 
13  0.707518  0.467202  0.225985  0.516588  0.619581  0.683009  0.708199  0.828093  0.752936  0.770679  0.540652  0.581612  0.671899 0.0  0.660629  0.751269  0.489738  0.770951  0.199029  0.597546  0.597552  0.606155  0.741837  0.785378  0.612096  0.644619  0.510709  0.609089  0.744251  0.450896  0.557055  0.358416  0.637680  0.721065  0.554294  0.671233  0.712375  0.655024  0.603627  0.570690  0.625044  0.877609  0.695424  0.564177  0.689644  0.689864  0.573478  0.528657  0.742645  0.310123  0.597305  0.638111  0.490215  0.693378  0.545196  0.917430  0.664645  0.860802  0.742474  0.500135  0.687998  0.554497  0.279529  0.570234  0.267370  0.568898  0.692446  0.739274  0.748323  0.710049  0.707148  0.841350  0.543445 
14  0.804476  0.747803  0.639643  0.732135  0.682568  0.384851  0.662472  0.846927  0.653445  0.672026  0.754951  0.829046  0.859814  0.660629 0.0  0.703273  0.744475  0.530953  0.600929  0.293961  0.639704  0.766411  0.409457  0.743688  0.834744  0.263500  0.630180  0.690820  0.743725  0.681949  0.780315  0.700423  0.209431  0.808504  0.507053  0.763367  0.187932  0.667385  0.772465  0.702041  0.240763  0.847631  0.793231  0.726678  0.779203  0.793231  0.668993  0.746902  0.681660  0.682615  0.732617  0.243870  0.585672  0.840736  0.680633  0.812862  0.888585  0.748820  0.734978  0.763031  0.801871  0.804360  0.709357  0.464919  0.675180  0.667147  0.314385  0.795610  0.701230  0.391353  0.639994  0.747387  0.733268 
15  0.574709  0.741500  0.671492  0.680984  0.670172  0.820644  0.507870  0.746602  0.870019  0.786946  0.726004  0.611245  0.613781  0.751269  0.703273 0.0  0.811138  0.747559  0.794115  0.741838  0.759572  0.724960  0.862796  0.754678  0.757905  0.850218  0.745194  0.715925  0.444382  0.660452  0.787022  0.733830  0.719585  0.618498  0.809284  0.647621  0.785682  0.805672  0.627392  0.838361  0.828196  0.910024  0.694779  0.742643  0.392417  0.658813  0.878429  0.703026  0.632342  0.632835  0.641486  0.833855  0.760595  0.404724  0.795183  0.673016  0.754409  0.690735  0.868402  0.675004  0.640605  0.702972  0.756998  0.769514  0.654927  0.813765  0.791429  0.572114  0.650830  0.820717  0.829633  0.622292  0.764852 
16  0.702671  0.277239  0.518456  0.423028  0.475190  0.703514  0.787585  0.850163  0.797078  0.763273  0.558307  0.537480  0.547328  0.489738  0.744475  0.811138 0.0  0.795750  0.510068  0.666361  0.483353  0.736592  0.775758  0.717313  0.662957  0.708285  0.613286  0.501998  0.763531  0.472775  0.772812  0.382047  0.693846  0.787865  0.673113  0.726036  0.701863  0.635842  0.696539  0.489535  0.821925  0.794170  0.734147  0.560870  0.743226  0.651804  0.561668  0.207291  0.694276  0.447507  0.718727  0.701042  0.581997  0.653791  0.564380  0.711513  0.656388  0.762625  0.837280  0.605867  0.854111  0.659874  0.498100  0.785708  0.356998  0.715308  0.760532  0.754587  0.698248  0.762797  0.760851  0.830762  0.767441 
17  0.830007  0.671693  0.643792  0.598927  0.678165  0.261858  0.814789  0.865878  0.662792  0.643294  0.663144  0.673675  0.799982  0.770951  0.530953  0.747559  0.795750 0.0  0.708096  0.457066  0.674912  0.697018  0.275431  0.972375  0.583170  0.526720  0.694713  0.752256  0.856297  0.691392  0.762772  0.631056  0.598227  0.857868  0.422086  0.741597  0.560629  0.656091  0.707464  0.677961  0.509828  0.835925  0.692863  0.704775  0.788294  0.882825  0.650572  0.611306  0.714202  0.641452  0.695324  0.501731  0.657328  0.797901  0.531947  0.829197  0.770656  0.816657  0.856883  0.642370  0.838367  0.725989  0.709349  0.410502  0.719585  0.668360  0.446042  0.726455  0.798755  0.472992  0.694054  0.806052  0.693018 
18  0.775373  0.550485  0.289962  0.428610  0.545835  0.740337  0.817452  0.785379  0.710970  0.714985  0.589546  0.703513  0.740819  0.199029  0.600929  0.794115  0.510068  0.708096 0.0  0.742561  0.409921  0.647919  0.678967  0.773655  0.601959  0.813513  0.568655  0.609168  0.734159  0.469086  0.748321  0.518476  0.724284  0.692278  0.685572  0.680299  0.714797  0.586237  0.631043  0.451701  0.725381  0.902175  0.651820  0.677385  0.732688  0.743824  0.575232  0.481729  0.755383  0.347028  0.589499  0.648944  0.559107  0.846208  0.573392  0.738740  0.728953  0.833441  0.764989  0.489225  0.621895  0.712912  0.211627  0.714182  0.138966  0.588030  0.755839  0.748585  0.737161  0.786323  0.813265  0.719927  0.624155 
19  0.786813  0.721353  0.620513  0.660726  0.668746  0.493726  0.732612  0.893465  0.754507  0.592005  0.643378  0.896687  0.623026  0.597546  0.293961  0.741838  0.666361  0.457066  0.742561 0.0  0.739247  0.833574  0.517331  0.807116  0.680754  0.186979  0.621417  0.613550  0.774195  0.790645  0.768631  0.624570  0.296777  0.760032  0.450518  0.834268  0.353539  0.671232  0.854958  0.575009  0.287343  0.786283  0.858299  0.659912  0.815931  0.829763  0.706400  0.766765  0.765556  0.605830  0.729670  0.190177  0.652293  0.810516  0.651718  0.861627  0.737865  0.937845  0.831747  0.584476  0.781628  0.717742  0.618281  0.490073  0.701099  0.523619  0.356802  0.778145  0.803874  0.442880  0.686040  0.776675  0.717835 
20  0.754857  0.168670  0.471735  0.523914  0.437568  0.695765  0.763648  0.744568  0.725307  0.802215  0.284913  0.588971  0.700876  0.597552  0.639704  0.759572  0.483353  0.674912  0.409921  0.739247 0.0  0.509066  0.762539  0.746372  0.442793  0.594789  0.533347  0.590401  0.687969  0.388286  0.625942  0.218358  0.594664  0.769266  0.604379  0.670835  0.701553  0.683140  0.623433  0.472912  0.693319  0.776466  0.749121  0.547720  0.727102  0.684219  0.371213  0.420615  0.599591  0.482303  0.473844  0.612781  0.553911  0.747566  0.564699  0.717720  0.685618  0.678215  0.872898  0.572972  0.641751  0.667862  0.606504  0.727774  0.564398  0.652368  0.640792  0.618105  0.625250  0.730058  0.767662  0.780253  0.744096 
21  0.656627  0.502379  0.568356  0.438529  0.533110  0.734071  0.681088  0.779003  0.765763  0.633917  0.553226  0.577212  0.590799  0.606155  0.766411  0.724960  0.736592  0.697018  0.647919  0.833574  0.509066 0.0  0.719185  0.802570  0.505925  0.821726  0.684841  0.617482  0.758571  0.532196  0.573288  0.435494  0.758926  0.668052  0.705552  0.586673  0.815643  0.596280  0.680468  0.523614  0.705860  0.808923  0.700733  0.362973  0.658786  0.643059  0.522029  0.562720  0.586910  0.553299  0.607828  0.714966  0.706917  0.657111  0.661791  0.667067  0.680426  0.734827  0.712528  0.614131  0.707127  0.613508  0.538289  0.756140  0.560480  0.615164  0.717315  0.580228  0.882641  0.712834  0.796963  0.878162  0.652333 
22  0.748249  0.774300  0.645437  0.655259  0.721756  0.363356  0.817758  0.829309  0.690701  0.567386  0.647722  0.748766  0.744807  0.741837  0.409457  0.862796  0.775758  0.275431  0.678967  0.517331  0.762539  0.719185 0.0  0.797211  0.717310  0.546256  0.676921  0.725432  0.853751  0.690379  0.675033  0.736481  0.529100  0.844184  0.419273  0.892568  0.535133  0.664649  0.891778  0.755350  0.385922  0.822051  0.742781  0.739522  0.747865  0.714415  0.733541  0.647541  0.778324  0.798882  0.666726  0.612353  0.754434  0.845422  0.611396  0.725955  0.830451  0.866062  0.785411  0.682293  0.733213  0.801812  0.654225  0.379579  0.686340  0.617501  0.441173  0.853650  0.843852  0.370908  0.676512  0.887172  0.726012 
23  0.615405  0.776390  0.712133  0.830864  0.757878  0.912179  0.761188  0.620788  0.947226  0.957813  0.803487  0.700437  0.705333  0.785378  0.743688  0.754678  0.717313  0.972375  0.773655  0.807116  0.746372  0.802570  0.797211 0.0  0.729864  0.910828  0.899462  0.824283  0.736404  0.738228  0.870313  0.819207  0.867518  0.635001  0.941408  0.774600  0.791881  0.781719  0.723702  0.770102  0.791813  0.851738  0.706726  0.761344  0.657351  0.821112  0.783278  0.842376  0.787303  0.656821  0.679914  0.773809  0.819432  0.713679  0.852280  0.736718  0.716132  0.615948  0.849467  0.808451  0.844113  0.761388  0.844399  1.000000  0.832525  0.815537  0.879997  0.813952  0.746680  0.865591  0.855615  0.701690  0.807762 
24  0.726318  0.362439  0.629996  0.494247  0.088217  0.678323  0.763381  0.803936  0.700114  0.809231  0.548415  0.610438  0.765402  0.612096  0.834744  0.757905  0.662957  0.583170  0.601959  0.680754  0.442793  0.505925  0.717310  0.729864 0.0  0.652105  0.542429  0.470364  0.671075  0.545904  0.570299  0.539553  0.642995  0.754886  0.799856  0.582693  0.752085  0.509937  0.686751  0.469315  0.730102  0.875583  0.546222  0.437655  0.663861  0.649153  0.402907  0.610543  0.771649  0.447418  0.569193  0.707850  0.535208  0.613714  0.678757  0.695610  0.603527  0.830487  0.824587  0.502481  0.665983  0.599319  0.699792  0.738405  0.626299  0.646960  0.672568  0.677827  0.628686  0.539060  0.797000  0.714338  0.658350 
25  0.736712  0.610155  0.530440  0.842425  0.665579  0.495046  0.892970  0.735074  0.706612  0.628220  0.711041  0.852524  0.775458  0.644619  0.263500  0.850218  0.708285  0.526720  0.813513  0.186979  0.594789  0.821726  0.546256  0.910828  0.652105 0.0  0.684497  0.706504  0.902610  0.677802  0.750617  0.611993  0.323658  0.815133  0.301447  0.718163  0.303019  0.595438  0.680619  0.653687  0.318613  0.843304  0.724560  0.699010  0.832247  0.703180  0.712686  0.676280  0.699678  0.651646  0.817549  0.314609  0.610346  0.697529  0.615484  0.807737  0.788742  0.807548  0.780322  0.620254  0.724462  0.793040  0.762884  0.433500  0.699647  0.616523  0.541064  0.678627  0.778269  0.430698  0.597151  0.729820  0.655295 
26  0.639326  0.494689  0.529172  0.516899  0.606169  0.729214  0.762507  0.755728  0.741130  0.680977  0.521664  0.758575  0.749569  0.510709  0.630180  0.745194  0.613286  0.694713  0.568655  0.621417  0.533347  0.684841  0.676921  0.899462  0.542429  0.684497 0.0  0.338041  0.761386  0.613706  0.760447  0.489728  0.750430  0.785585  0.721500  0.663760  0.725015  0.507659  0.700024  0.354106  0.679395  0.809678  0.648790  0.556689  0.672217  0.733079  0.508886  0.618873  0.715313  0.534468  0.621306  0.743664  0.564176  0.637460  0.462606  0.727277  0.787345  0.779023  0.817984  0.310997  0.715750  0.814778  0.489365  0.639679  0.541148  0.631315  0.534974  0.698372  0.651964  0.737841  0.896673  0.816455  0.740844 
27  0.712847  0.599816  0.563581  0.364148  0.511816  0.639956  0.794452  0.851701  0.710284  0.665235  0.569851  0.671515  0.778243  0.609089  0.690820  0.715925  0.501998  0.752256  0.609168  0.613550  0.590401  0.617482  0.725432  0.824283  0.470364  0.706504  0.338041 0.0  0.729785  0.429911  0.654253  0.646737  0.586817  0.710998  0.687805  0.720437  0.622654  0.522052  0.697743  0.458690  0.683527  0.750808  0.746815  0.589773  0.724237  0.671328  0.499850  0.507881  0.772775  0.548593  0.506258  0.587683  0.403790  0.818465  0.424600  0.756429  0.726400  0.837399  0.827400  0.155360  0.731912  0.636134  0.493239  0.700277  0.519088  0.608118  0.780888  0.667082  0.690125  0.754790  0.671187  0.715583  0.643316 
28  0.674250  0.695693  0.839965  0.766990  0.817698  0.824090  0.516118  0.629901  0.795513  0.765178  0.753318  0.726335  0.700839  0.744251  0.743725  0.444382  0.763531  0.856297  0.734159  0.774195  0.687969  0.758571  0.853751  0.736404  0.671075  0.902610  0.761386  0.729785 0.0  0.719628  0.684857  0.668650  0.880104  0.694811  0.845819  0.627222  0.839349  0.819524  0.589342  0.740424  0.809254  0.927219  0.727338  0.668187  0.627754  0.613933  0.763193  0.811339  0.735222  0.722355  0.702788  0.841386  0.790456  0.421387  0.747365  0.612446  0.735844  0.690224  0.847984  0.590526  0.627017  0.766692  0.757425  0.734054  0.796790  0.797756  0.729264  0.791741  0.710976  0.803007  0.811058  0.497984  0.829784 
29  0.629361  0.245228  0.529982  0.000000  0.387337  0.649496  0.770374  0.746402  0.771337  0.709082  0.127880  0.533076  0.591394  0.450896  0.681949  0.660452  0.472775  0.691392  0.469086  0.790645  0.388286  0.532196  0.690379  0.738228  0.545904  0.677802  0.613706  0.429911  0.719628 0.0  0.519013  0.344295  0.639992  0.521964  0.677441  0.672354  0.645012  0.620238  0.779598  0.432599  0.777921  0.813326  0.725682  0.476540  0.775337  0.608969  0.593696  0.466126  0.799053  0.489246  0.695057  0.626292  0.597794  0.644374  0.569427  0.723035  0.788890  0.776388  0.741697  0.550797  0.802663  0.621672  0.433560  0.623334  0.550963  0.583256  0.692777  0.692519  0.758397  0.744485  0.803741  0.675578  0.715388 
30  0.721060  0.567762  0.586761  0.608828  0.730554  0.727456  0.722923  0.758772  0.855568  0.772019  0.652263  0.465210  0.616238  0.557055  0.780315  0.787022  0.772812  0.762772  0.748321  0.768631  0.625942  0.573288  0.675033  0.870313  0.570299  0.750617  0.760447  0.654253  0.684857  0.519013 0.0  0.653643  0.797479  0.397439  0.675277  0.479146  0.649254  0.739575  0.598435  0.642573  0.774756  0.891656  0.619435  0.508852  0.739633  0.671002  0.610777  0.502867  0.593200  0.675273  0.502724  0.725123  0.670865  0.667420  0.710601  0.623699  0.677254  0.719918  0.803876  0.699014  0.472847  0.572149  0.671907  0.822347  0.687168  0.648249  0.662741  0.551286  0.666541  0.698325  0.742185  0.710510  0.693870 
31  0.773354  0.284488  0.581722  0.366933  0.591656  0.680928  0.799316  0.766082  0.777108  0.747297  0.424540  0.737662  0.665499  0.358416  0.700423  0.733830  0.382047  0.631056  0.518476  0.624570  0.218358  0.435494  0.736481  0.819207  0.539553  0.611993  0.489728  0.646737  0.668650  0.344295  0.653643 0.0  0.720328  0.703169  0.714890  0.658500  0.858466  0.648279  0.730687  0.487011  0.738602  0.845710  0.651355  0.366976  0.668427  0.624766  0.535651  0.375926  0.557188  0.525721  0.669310  0.678762  0.548517  0.805542  0.669863  0.628117  0.522958  0.671703  0.794553  0.635189  0.708986  0.561514  0.577150  0.630596  0.588891  0.605990  0.730798  0.734886  0.821894  0.830178  0.787021  0.829934  0.647668 
32  0.773770  0.737133  0.728151  0.668122  0.692833  0.540655  0.851430  0.905255  0.673492  0.529237  0.627242  0.934280  0.752646  0.637680  0.209431  0.719585  0.693846  0.598227  0.724284  0.296777  0.594664  0.758926  0.529100  0.867518  0.642995  0.323658  0.750430  0.586817  0.880104  0.639992  0.797479  0.720328 0.0  0.763541  0.422348  0.833583  0.293874  0.691855  0.743524  0.722979  0.070401  0.814314  0.774193  0.662447  0.764036  0.688841  0.708054  0.672223  0.697355  0.644018  0.859654  0.308514  0.533286  0.753518  0.645963  0.864217  0.840155  0.756247  0.794056  0.734781  0.737286  0.672448  0.678851  0.502929  0.695788  0.505639  0.478494  0.815645  0.831454  0.479557  0.643916  0.818795  0.635398 
33  0.584592  0.641452  0.705794  0.486230  0.683603  0.826966  0.695815  0.647961  0.846060  0.868053  0.632384  0.504504  0.364270  0.721065  0.808504  0.618498  0.787865  0.857868  0.692278  0.760032  0.769266  0.668052  0.844184  0.635001  0.754886  0.815133  0.785585  0.710998  0.694811  0.521964  0.397439  0.703169  0.763541 0.0  0.719149  0.223022  0.786524  0.723245  0.545564  0.638031  0.844179  0.776630  0.573392  0.564839  0.690923  0.561520  0.833423  0.620848  0.389199  0.689829  0.551732  0.810958  0.598410  0.700986  0.650587  0.516087  0.598526  0.745425  0.867818  0.698533  0.467748  0.702226  0.557516  0.813732  0.674285  0.654643  0.735413  0.796179  0.572517  0.704714  0.693185  0.651596  0.623142 
34  0.695381  0.697052  0.763054  0.662521  0.703132  0.413228  0.901460  0.691670  0.657737  0.629767  0.715288  0.787970  0.776800  0.554294  0.507053  0.809284  0.673113  0.422086  0.685572  0.450518  0.604379  0.705552  0.419273  0.941408  0.799856  0.301447  0.721500  0.687805  0.845819  0.677441  0.675277  0.714890  0.422348  0.719149 0.0  0.815299  0.402010  0.678599  0.692264  0.671122  0.418084  0.822396  0.871450  0.933183  0.765996  0.751508  0.772997  0.715591  0.777046  0.692445  0.814097  0.344288  0.554412  0.842267  0.774979  0.816941  0.750845  0.767471  0.758807  0.748085  0.817621  0.707704  0.756870  0.331403  0.688182  0.623931  0.321784  0.756817  0.797728  0.325112  0.691752  0.805865  0.670014 
35  0.489110  0.613075  0.613710  0.556058  0.527648  0.814832  0.705978  0.670305  0.832831  0.771637  0.622451  0.634869  0.056409  0.671233  0.763367  0.647621  0.726036  0.741597  0.680299  0.834268  0.670835  0.586673  0.892568  0.774600  0.582693  0.718163  0.663760  0.720437  0.627222  0.672354  0.479146  0.658500  0.833583  0.223022  0.815299 0.0  0.715602  0.816046  0.436120  0.745576  0.722154  0.902299  0.392989  0.579571  0.625315  0.669521  0.623755  0.618460  0.457017  0.645759  0.554630  0.678454  0.715747  0.528174  0.715892  0.607044  0.675132  0.612834  0.860396  0.723705  0.461549  0.672500  0.529747  0.748748  0.628603  0.664123  0.714036  0.691224  0.644886  0.850899  0.890563  0.763468  0.816086 
36  0.805509  0.781243  0.608932  0.796679  0.781250  0.443830  0.873775  0.846148  0.815259  0.589450  0.762126  0.851316  0.656401  0.712375  0.187932  0.785682  0.701863  0.560629  0.714797  0.353539  0.701553  0.815643  0.535133  0.791881  0.752085  0.303019  0.725015  0.622654  0.839349  0.645012  0.649254  0.858466  0.293874  0.786524  0.402010  0.715602 0.0  0.648142  0.721958  0.716645  0.374375  0.909880  0.782552  0.761065  0.761737  0.683382  0.703811  0.667489  0.677949  0.708945  0.751733  0.318696  0.618563  0.777950  0.733922  0.663397  0.779835  0.843325  0.823569  0.673938  0.797027  0.739073  0.645893  0.486130  0.734758  0.529999  0.319862  0.777993  0.685799  0.440903  0.717979  0.880763  0.706658 
37  0.736156  0.587668  0.635542  0.597486  0.671163  0.661264  0.697252  0.725880  0.757481  0.625346  0.689316  0.654108  0.720092  0.655024  0.667385  0.805672  0.635842  0.656091  0.586237  0.671232  0.683140  0.596280  0.664649  0.781719  0.509937  0.595438  0.507659  0.522052  0.819524  0.620238  0.739575  0.648279  0.691855  0.723245  0.678599  0.816046  0.648142 0.0  0.674770  0.488174  0.523611  0.717368  0.688195  0.644382  0.716679  0.712721  0.641724  0.640853  0.790749  0.496426  0.656554  0.599589  0.450079  0.903820  0.346685  0.759132  0.650651  0.682756  0.698905  0.422924  0.788203  0.659103  0.542480  0.710468  0.612650  0.405759  0.612359  0.751035  0.765824  0.651927  0.813512  0.843901  0.631329 
38  0.520371  0.758939  0.762886  0.685266  0.682940  0.761482  0.729983  0.699560  0.830864  0.776130  0.653485  0.626450  0.462423  0.603627  0.772465  0.627392  0.696539  0.707464  0.631043  0.854958  0.623433  0.680468  0.891778  0.723702  0.686751  0.680619  0.700024  0.697743  0.589342  0.779598  0.598435  0.730687  0.743524  0.545564  0.692264  0.436120  0.721958  0.674770 0.0  0.645005  0.784220  0.831052  0.409981  0.771387  0.563418  0.601713  0.786896  0.609150  0.445815  0.633876  0.563176  0.760703  0.824118  0.777821  0.800907  0.401140  0.672511  0.587935  0.935571  0.677651  0.313423  0.710278  0.651501  0.843850  0.665205  0.801056  0.748173  0.648706  0.596307  0.698541  0.725624  0.768931  0.837470 
39  0.757345  0.406035  0.452994  0.472946  0.460795  0.611317  0.785005  0.762622  0.773765  0.763991  0.542649  0.661131  0.644112  0.570690  0.702041  0.838361  0.489535  0.677961  0.451701  0.575009  0.472912  0.523614  0.755350  0.770102  0.469315  0.653687  0.354106  0.458690  0.740424  0.432599  0.642573  0.487011  0.722979  0.638031  0.671122  0.745576  0.716645  0.488174  0.645005 0.0  0.720188  0.869689  0.681557  0.593939  0.581859  0.687933  0.383972  0.463169  0.693436  0.489144  0.653310  0.646490  0.592544  0.758875  0.557577  0.728420  0.844856  0.800853  0.881183  0.461867  0.654023  0.717127  0.538573  0.641139  0.505709  0.606582  0.617263  0.716453  0.692111  0.715487  0.747401  0.823272  0.778373 
40  0.811930  0.749807  0.683863  0.718486  0.730555  0.464232  0.824895  0.816394  0.755407  0.632108  0.683484  0.804409  0.746757  0.625044  0.240763  0.828196  0.821925  0.509828  0.725381  0.287343  0.693319  0.705860  0.385922  0.791813  0.730102  0.318613  0.679395  0.683527  0.809254  0.777921  0.774756  0.738602  0.070401  0.844179  0.418084  0.722154  0.374375  0.523611  0.784220  0.720188 0.0  0.920436  0.805646  0.808755  0.837019  0.765957  0.704370  0.696710  0.769151  0.542864  0.795757  0.266990  0.651723  0.920534  0.661325  0.802504  0.770495  0.761534  0.789992  0.635963  0.758058  0.786394  0.698886  0.463951  0.691194  0.572131  0.423729  0.723796  0.740760  0.446783  0.716681  0.756155  0.715625 
41  0.986874  0.799733  0.826106  0.801758  0.901050  0.851551  0.911192  0.952138  0.799529  0.748791  0.831501  0.843712  0.920439  0.877609  0.847631  0.910024  0.794170  0.835925  0.902175  0.786283  0.776466  0.808923  0.822051  0.851738  0.875583  0.843304  0.809678  0.750808  0.927219  0.813326  0.891656  0.845710  0.814314  0.776630  0.822396  0.902299  0.909880  0.717368  0.831052  0.869689  0.920436 0.0  0.795092  0.896335  0.853170  0.884765  0.785710  0.992028  0.916768  0.823351  0.907971  0.903060  0.784363  0.962084  0.800288  0.852718  0.845452  0.874195  0.719642  0.898824  0.899844  0.810599  0.834739  0.875690  0.671001  0.902634  0.738430  0.919150  0.817210  0.790299  0.666748  0.923457  0.816879 
42  0.396839  0.692542  0.734182  0.737462  0.780137  0.806203  0.831666  0.712148  0.775070  0.825740  0.604617  0.677057  0.540777  0.695424  0.793231  0.694779  0.734147  0.692863  0.651820  0.858299  0.749121  0.700733  0.742781  0.706726  0.546222  0.724560  0.648790  0.746815  0.727338  0.725682  0.619435  0.651355  0.774193  0.573392  0.871450  0.392989  0.782552  0.688195  0.409981  0.681557  0.805646  0.795092 0.0  0.634704  0.515086  0.630122  0.594060  0.691426  0.525503  0.664805  0.641034  0.733215  0.702735  0.663247  0.675481  0.312847  0.666553  0.700866  0.939730  0.723011  0.551643  0.690572  0.693287  0.788445  0.673361  0.859598  0.820389  0.732926  0.472998  0.729801  0.745644  0.650485  0.871796 
43  0.681508  0.559688  0.512326  0.623532  0.580091  0.663467  0.718266  0.902089  0.799562  0.779465  0.561889  0.370359  0.623670  0.564177  0.726678  0.742643  0.560870  0.704775  0.677385  0.659912  0.547720  0.362973  0.739522  0.761344  0.437655  0.699010  0.556689  0.589773  0.668187  0.476540  0.508852  0.366976  0.662447  0.564839  0.933183  0.579571  0.761065  0.644382  0.771387  0.593939  0.808755  0.896335  0.634704 0.0  0.593153  0.556854  0.560933  0.533111  0.601320  0.629761  0.517984  0.679069  0.698243  0.636681  0.637172  0.738165  0.699155  0.718067  0.837740  0.626401  0.669288  0.592082  0.681678  0.648135  0.662899  0.722112  0.717007  0.545733  0.750943  0.752520  0.829393  0.748605  0.805364 
44  0.686441  0.670569  0.769404  0.703794  0.778288  0.832264  0.503562  0.592940  0.784463  0.997463  0.793529  0.777153  0.537363  0.689644  0.779203  0.392417  0.743226  0.788294  0.732688  0.815931  0.727102  0.658786  0.747865  0.657351  0.663861  0.832247  0.672217  0.724237  0.627754  0.775337  0.739633  0.668427  0.764036  0.690923  0.765996  0.625315  0.761737  0.716679  0.563418  0.581859  0.837019  0.853170  0.515086  0.593153 0.0  0.607158  0.764764  0.657167  0.584749  0.809184  0.660283  0.755680  0.792992  0.414051  0.661346  0.709594  0.644319  0.664211  0.871775  0.717671  0.600986  0.658929  0.683047  0.858271  0.688300  0.744100  0.849349  0.720818  0.715892  0.712724  0.773607  0.784855  0.771029 
45  0.504415  0.720944  0.730530  0.647810  0.649910  0.712820  0.626478  0.756394  0.830769  0.753828  0.660852  0.589783  0.561577  0.689864  0.793231  0.658813  0.651804  0.882825  0.743824  0.829763  0.684219  0.643059  0.714415  0.821112  0.649153  0.703180  0.733079  0.671328  0.613933  0.608969  0.671002  0.624766  0.688841  0.561520  0.751508  0.669521  0.683382  0.712721  0.601713  0.687933  0.765957  0.884765  0.630122  0.556854  0.607158 0.0  0.651379  0.666761  0.659485  0.560880  0.557359  0.735024  0.661385  0.585448  0.844346  0.761420  0.500486  0.768550  0.853632  0.641460  0.672027  0.626198  0.733320  0.757286  0.674585  0.766103  0.878253  0.432649  0.757519  0.763880  0.710421  0.673689  0.719799 
46  0.815040  0.565672  0.627420  0.469814  0.508990  0.649436  0.792168  0.787957  0.749109  0.738326  0.500703  0.558829  0.747316  0.573478  0.668993  0.878429  0.561668  0.650572  0.575232  0.706400  0.371213  0.522029  0.733541  0.783278  0.402907  0.712686  0.508886  0.499850  0.763193  0.593696  0.610777  0.535651  0.708054  0.833423  0.772997  0.623755  0.703811  0.641724  0.786896  0.383972  0.704370  0.785710  0.594060  0.560933  0.764764  0.651379 0.0  0.618679  0.771689  0.532109  0.656258  0.662428  0.554639  0.808967  0.511183  0.621987  0.667405  0.871926  0.782885  0.467625  0.722777  0.619637  0.513122  0.722328  0.625306  0.604385  0.672524  0.650657  0.812602  0.698019  0.701249  0.780478  0.642742 
47  0.646767  0.497004  0.462947  0.508408  0.534889  0.723532  0.745604  0.703529  0.757296  0.677887  0.467828  0.633163  0.684320  0.528657  0.746902  0.703026  0.207291  0.611306  0.481729  0.766765  0.420615  0.562720  0.647541  0.842376  0.610543  0.676280  0.618873  0.507881  0.811339  0.466126  0.502867  0.375926  0.672223  0.620848  0.715591  0.618460  0.667489  0.640853  0.609150  0.463169  0.696710  0.992028  0.691426  0.533111  0.657167  0.666761  0.618679 0.0  0.521330  0.500856  0.587729  0.665705  0.513921  0.687547  0.568567  0.759946  0.727962  0.872999  0.800449  0.447200  0.709154  0.651655  0.469312  0.667455  0.397800  0.734425  0.664649  0.606363  0.640080  0.720778  0.782627  0.801170  0.630101 
48  0.457606  0.686617  0.694658  0.656630  0.678583  0.777392  0.722920  0.685416  0.884467  0.654430  0.611488  0.567206  0.392568  0.742645  0.681660  0.632342  0.694276  0.714202  0.755383  0.765556  0.599591  0.586910  0.778324  0.787303  0.771649  0.699678  0.715313  0.772775  0.735222  0.799053  0.593200  0.557188  0.697355  0.389199  0.777046  0.457017  0.677949  0.790749  0.445815  0.693436  0.769151  0.916768  0.525503  0.601320  0.584749  0.659485  0.771689  0.521330 0.0  0.731546  0.583005  0.809222  0.758069  0.569923  0.850196  0.422476  0.789179  0.564065  0.815874  0.814287  0.571873  0.643429  0.692253  0.734234  0.706865  0.808547  0.701050  0.610651  0.652505  0.690989  0.937871  0.712476  0.716354 
49  0.711700  0.481854  0.205758  0.550454  0.585595  0.735614  0.795748  0.723989  0.684487  0.677269  0.586844  0.542971  0.694752  0.310123  0.682615  0.632835  0.447507  0.641452  0.347028  0.605830  0.482303  0.553299  0.798882  0.656821  0.447418  0.651646  0.534468  0.548593  0.722355  0.489246  0.675273  0.525721  0.644018  0.689829  0.692445  0.645759  0.708945  0.496426  0.633876  0.489144  0.542864  0.823351  0.664805  0.629761  0.809184  0.560880  0.532109  0.500856  0.731546 0.0  0.670492  0.494499  0.542864  0.802799  0.575225  0.731263  0.604053  0.755766  0.876548  0.480142  0.698910  0.672683  0.267499  0.722472  0.231353  0.631036  0.713399  0.677177  0.739602  0.726289  0.675644  0.781528  0.756812 
50  0.619329  0.619780  0.688656  0.619779  0.620576  0.867574  0.727038  0.658072  0.932014  0.712289  0.648731  0.366396  0.490861  0.597305  0.732617  0.641486  0.718727  0.695324  0.589499  0.729670  0.473844  0.607828  0.666726  0.679914  0.569193  0.817549  0.621306  0.506258  0.702788  0.695057  0.502724  0.669310  0.859654  0.551732  0.814097  0.554630  0.751733  0.656554  0.563176  0.653310  0.795757  0.907971  0.641034  0.517984  0.660283  0.557359  0.656258  0.587729  0.583005  0.670492 0.0  0.851356  0.608382  0.771204  0.640286  0.637870  0.585464  0.720384  0.827945  0.741524  0.632333  0.669183  0.651339  0.752505  0.664824  0.724903  0.799286  0.649047  0.743121  0.702190  0.790674  0.798856  0.707093 
51  0.787263  0.716224  0.730045  0.611748  0.630579  0.445162  0.827173  0.779914  0.606342  0.553479  0.662534  0.693856  0.709917  0.638111  0.243870  0.833855  0.701042  0.501731  0.648944  0.190177  0.612781  0.714966  0.612353  0.773809  0.707850  0.314609  0.743664  0.587683  0.841386  0.626292  0.725123  0.678762  0.308514  0.810958  0.344288  0.678454  0.318696  0.599589  0.760703  0.646490  0.266990  0.903060  0.733215  0.679069  0.755680  0.735024  0.662428  0.665705  0.809222  0.494499  0.851356 0.0  0.624959  0.869579  0.588823  0.786856  0.730043  0.839148  0.825019  0.597420  0.745604  0.636974  0.661922  0.479444  0.729065  0.597405  0.409964  0.793711  0.797612  0.543833  0.698592  0.823592  0.589395 
52  0.604703  0.646214  0.607253  0.510288  0.621429  0.643004  0.819503  0.795356  0.717189  0.720833  0.600282  0.573570  0.648082  0.490215  0.585672  0.760595  0.581997  0.657328  0.559107  0.652293  0.553911  0.706917  0.754434  0.819432  0.535208  0.610346  0.564176  0.403790  0.790456  0.597794  0.670865  0.548517  0.533286  0.598410  0.554412  0.715747  0.618563  0.450079  0.824118  0.592544  0.651723  0.784363  0.702735  0.698243  0.792992  0.661385  0.554639  0.513921  0.758069  0.542864  0.608382  0.624959 0.0  0.709328  0.266174  0.732144  0.627701  0.789294  0.793965  0.223753  0.740306  0.725048  0.578899  0.649777  0.466299  0.508394  0.570076  0.623047  0.723892  0.710781  0.787189  0.884244  0.611940 
53  0.708738  0.706678  0.849394  0.717496  0.726573  0.777306  0.563182  0.647690  0.800237  0.754676  0.719507  0.716294  0.756504  0.693378  0.840736  0.404724  0.653791  0.797901  0.846208  0.810516  0.747566  0.657111  0.845422  0.713679  0.613714  0.697529  0.637460  0.818465  0.421387  0.644374  0.667420  0.805542  0.753518  0.700986  0.842267  0.528174  0.777950  0.903820  0.777821  0.758875  0.920534  0.962084  0.663247  0.636681  0.414051  0.585448  0.808967  0.687547  0.569923  0.802799  0.771204  0.869579  0.709328 0.0  0.732697  0.611202  0.701520  0.620278  0.973788  0.644640  0.658903  0.740345  0.731516  0.817617  0.772803  0.755162  0.783342  0.614325  0.690910  0.888695  0.832219  0.704201  0.736637 
