73
0 0.0  0.609409  0.458110  0.628593  0.900510  0.613746  0.483361  0.290677  0.567676  0.399557  0.495402  0.597291  0.749724  0.621840  0.483391  0.701412  0.646019  0.574436  0.717195  0.584372  0.599449  0.642011  0.530214  0.742340  0.678280  0.742196  0.642716  0.670668  0.695867  0.684944  0.766058  0.675640  0.645510  0.381387  0.606870  0.487328  0.414337  0.690555  0.731875  0.641728  0.703078  0.465061  0.474274  0.854091  0.772657  0.653451  0.725938  0.519434  0.779225  0.704325  0.542558  0.485375  0.623741  0.514655  0.631225  0.504396  0.721043  0.511946  0.482807  0.555648  0.686629  0.927242  0.485215  0.707666  0.381858  0.663975  0.589441  0.436568  0.655459  0.661924  0.677732  0.700607  0.367614 
1  0.609409 0.0  0.701870  0.619206  0.662791  0.704294  0.765743  0.709399  0.603374  0.586166  0.701383  0.459753  0.796361  0.651497  0.661506  0.729432  0.703713  0.684029  0.700473  0.536494  0.601957  0.724158  0.633593  0.801616  0.503427  0.730974  0.534403  0.613284  0.828106  0.667414  0.584600  0.726208  0.736615  0.712958  0.627567  0.635394  0.705229  0.796107  0.632122  0.664127  0.668797  0.571424  0.645593  0.804548  0.796596  0.714802  0.695781  0.654630  0.836478  0.662402  0.636540  0.659631  0.726525  0.654799  0.696264  0.520236  0.719884  0.691983  0.572669  0.759265  0.704097  1.000000  0.496300  0.741749  0.591036  0.770710  0.700872  0.611281  0.744195  0.715231  0.836400  0.740159  0.718018 
2  0.458110  0.701870 0.0  0.491238  0.778714  0.750870  0.691257  0.476359  0.571873  0.452838  0.361739  0.707045  0.773883  0.613861  0.667034  0.706042  0.585164  0.588732  0.788479  0.240329  0.441684  0.418735  0.354089  0.700956  0.755846  0.735954  0.672256  0.781670  0.573394  0.678962  0.612619  0.701875  0.694093  0.524289  0.611041  0.316669  0.496520  0.692104  0.575890  0.686450  0.710303  0.394361  0.256649  0.771677  0.946284  0.652911  0.712497  0.516494  0.813675  0.697720  0.594513  0.607805  0.658124  0.494874  0.762571  0.387668  0.635710  0.612619  0.497095  0.560755  0.661508  0.824209  0.402498  0.782079  0.509999  0.610138  0.536154  0.286578  0.625251  0.614536  0.782174  0.659208  0.469052 
3  0.628593  0.619206  0.491238 0.0  0.684239  0.743838  0.631532  0.613074  0.600639  0.644731  0.666784  0.786772  0.740899  0.637724  0.682302  0.779213  0.629778  0.632860  0.596552  0.592707  0.552174  0.495729  0.555670  0.796401  0.608552  0.679831  0.746231  0.687800  0.693007  0.752932  0.587897  0.759740  0.705167  0.527195  0.761277  0.631472  0.572448  0.700124  0.598349  0.811742  0.532579  0.604826  0.518834  0.885191  0.791636  0.665617  0.606463  0.603026  0.760412  0.740237  0.713223  0.658101  0.865355  0.599667  0.792545  0.486554  0.774772  0.672675  0.546025  0.222900  0.614380  0.875272  0.459350  0.485820  0.576676  0.755808  0.555478  0.558585  0.724977  0.697727  0.639952  0.583150  0.586821 
4  0.900510  0.662791  0.778714  0.684239 0.0  0.678439  0.694677  0.723853  0.767347  0.617273  0.614803  0.671862  0.813748  0.728381  0.734011  0.802131  0.839745  0.587000  0.830650  0.702884  0.723983  0.765107  0.806477  0.652513  0.877144  0.829275  0.605448  0.495423  0.821970  0.568671  0.801295  0.588029  0.620060  0.832004  0.623722  0.888268  0.676108  0.868055  0.744405  0.526219  0.759267  0.779514  0.799368  0.842091  0.694077  0.694941  0.871885  0.802650  0.821647  0.820741  0.690818  0.575754  0.703766  0.722861  0.590824  0.754987  0.612834  0.615068  0.840986  0.651600  0.794709  0.829682  0.757461  0.785422  0.643464  0.713309  0.771144  0.758080  0.853416  0.694671  0.838807  0.753453  0.722477 
5  0.613746  0.704294  0.750870  0.743838  0.678439 0.0  0.433671  0.603834  0.687364  0.601655  0.622843  0.551198  0.798239  0.484403  0.624570  0.844300  0.594585  0.623496  0.649920  0.597418  0.662824  0.785703  0.725457  0.678973  0.576814  0.642824  0.251260  0.625962  0.840879  0.728139  0.799247  0.327128  0.488063  0.595142  0.488092  0.651566  0.745289  0.746881  0.822497  0.337396  0.726972  0.619353  0.775295  0.752293  0.582792  0.117466  0.718209  0.687383  0.813132  0.787039  0.573979  0.680484  0.463283  0.671639  0.412654  0.676444  0.488224  0.674992  0.583645  0.679215  0.796938  0.856277  0.661299  0.750911  0.631489  0.297944  0.741534  0.785213  0.747688  0.310484  0.678048  0.901562  0.615786 
6  0.483361  0.765743  0.691257  0.631532  0.694677  0.433671 0.0  0.622106  0.567750  0.604130  0.608094  0.496881  0.672181  0.633457  0.291671  0.765876  0.728799  0.294020  0.783018  0.591319  0.564629  0.584523  0.614442  0.708962  0.673750  0.728602  0.546491  0.680928  0.800660  0.622722  0.719074  0.591798  0.597295  0.571852  0.134728  0.548360  0.515993  0.844510  0.838232  0.576928  0.751939  0.613892  0.623429  0.755135  0.865984  0.512847  0.767446  0.607973  0.804812  0.795987  0.479437  0.529765  0.654726  0.603618  0.603294  0.708977  0.654023  0.476250  0.682967  0.614800  0.752477  0.803839  0.557459  0.727025  0.618222  0.470568  0.643846  0.509236  0.737641  0.645783  0.778518  0.734081  0.595016 
7  0.290677  0.709399  0.476359  0.613074  0.723853  0.603834  0.622106 0.0  0.384169  0.382532  0.572501  0.607619  0.717309  0.743002  0.544067  0.698660  0.674988  0.539731  0.745852  0.507202  0.500006  0.605792  0.626739  0.767123  0.623970  0.739076  0.769202  0.700790  0.595695  0.742226  0.708048  0.660697  0.609717  0.504817  0.608074  0.333685  0.483719  0.764379  0.668545  0.658868  0.583854  0.451935  0.503319  0.774333  0.831344  0.541336  0.610544  0.517426  0.786704  0.763014  0.523514  0.582306  0.751018  0.507988  0.618233  0.484119  0.558525  0.573259  0.550559  0.550356  0.650056  0.853312  0.528932  0.679487  0.421323  0.600677  0.623230  0.555689  0.742655  0.734387  0.695749  0.711708  0.442506 
8  0.567676  0.603374  0.571873  0.600639  0.767347  0.687364  0.567750  0.384169 0.0  0.527050  0.540049  0.708858  0.778427  0.598148  0.569591  0.660827  0.612005  0.570593  0.744695  0.615386  0.585264  0.504481  0.510358  0.794983  0.518482  0.724793  0.651331  0.645781  0.748254  0.698305  0.659681  0.622251  0.662697  0.627180  0.636393  0.464364  0.574035  0.694607  0.703484  0.620103  0.688896  0.343385  0.543830  0.887020  0.834776  0.781531  0.646633  0.609908  0.760953  0.816821  0.615776  0.610123  0.720929  0.460395  0.688332  0.481098  0.578728  0.625293  0.485624  0.477589  0.782191  0.880612  0.533517  0.783059  0.528061  0.625519  0.650777  0.513486  0.661726  0.632200  0.708586  0.630029  0.589581 
9  0.399557  0.586166  0.452838  0.644731  0.617273  0.601655  0.604130  0.382532  0.527050 0.0  0.460424  0.569096  0.831385  0.615470  0.553076  0.685601  0.639377  0.556333  0.650108  0.443078  0.611156  0.552899  0.542181  0.727831  0.543013  0.741070  0.603177  0.749829  0.783819  0.721003  0.781395  0.712060  0.670262  0.458373  0.470639  0.560665  0.500684  0.660220  0.641005  0.719215  0.607566  0.512536  0.465566  0.766506  0.813315  0.692573  0.738062  0.489290  0.863672  0.754681  0.483998  0.473420  0.743346  0.433363  0.707883  0.645348  0.683801  0.621019  0.557074  0.462059  0.805028  0.798767  0.602946  0.780348  0.362735  0.720838  0.671396  0.435002  0.719200  0.682413  0.739205  0.741459  0.342812 
10  0.495402  0.701383  0.361739  0.666784  0.614803  0.622843  0.608094  0.572501  0.540049  0.460424 0.0  0.667098  0.816389  0.645331  0.642863  0.807066  0.702391  0.585718  0.753917  0.504793  0.350099  0.284209  0.495185  0.805460  0.599963  0.720547  0.628958  0.727154  0.694302  0.761686  0.745203  0.632798  0.676552  0.270111  0.678009  0.461446  0.475634  0.610458  0.734107  0.561831  0.645571  0.430963  0.385166  0.827330  0.847111  0.694601  0.647509  0.465658  0.783000  0.686584  0.601511  0.649134  0.645645  0.588376  0.674134  0.472028  0.655272  0.682746  0.398709  0.626622  0.704394  0.858632  0.226991  0.746151  0.512513  0.764981  0.656990  0.429239  0.812243  0.660831  0.777147  0.740916  0.505600 
11  0.597291  0.459753  0.707045  0.786772  0.671862  0.551198  0.496881  0.607619  0.708858  0.569096  0.667098 0.0  0.724703  0.788168  0.623111  0.740699  0.645263  0.682976  0.753758  0.535185  0.646963  0.645510  0.637040  0.800399  0.660924  0.753151  0.761992  0.686908  0.754778  0.617782  0.831331  0.693742  0.627548  0.615581  0.622273  0.639824  0.706687  0.731109  0.810488  0.712798  0.696360  0.656320  0.673150  0.842264  0.855900  0.737926  0.708723  0.632545  0.833209  0.820667  0.646132  0.600918  0.698899  0.673216  0.657640  0.698805  0.749319  0.615188  0.605631  0.650117  0.847584  0.793045  0.686665  0.774394  0.586465  0.627535  0.643956  0.701813  0.801457  0.780517  0.729882  0.631828  0.552393 
12  0.749724  0.796361  0.773883  0.740899  0.813748  0.798239  0.672181  0.717309  0.778427  0.831385  0.816389  0.724703 0.0  0.823518  0.691707  0.248958  0.634632  0.728403  0.659352  0.670488  0.631667  0.770184  0.670752  0.856057  0.807912  0.647500  0.838191  0.883683  0.530009  0.777975  0.726591  0.816870  0.745817  0.851070  0.670386  0.678222  0.850935  0.754380  0.607631  0.775534  0.570362  0.722854  0.755347  0.809668  0.915593  0.691320  0.772154  0.788033  0.706804  0.596622  0.751398  0.654272  0.794107  0.749316  0.760876  0.863464  0.757671  0.789822  0.727845  0.685275  0.690779  0.899166  0.699200  0.741523  0.832125  0.848620  0.553270  0.730689  0.727317  0.709317  0.640880  0.503008  0.803239 
13  0.621840  0.651497  0.613861  0.637724  0.728381  0.484403  0.633457  0.743002  0.598148  0.615470  0.645331  0.788168  0.823518 0.0  0.577560  0.867315  0.752735  0.646825  0.720928  0.753645  0.630397  0.747070  0.765185  0.602286  0.745331  0.703337  0.529355  0.550552  0.796634  0.727162  0.693846  0.591091  0.515915  0.767056  0.690707  0.754055  0.652344  0.795612  0.715749  0.482128  0.752759  0.714372  0.648776  0.803475  0.809516  0.503764  0.713458  0.743244  0.851050  0.777582  0.674933  0.671167  0.349771  0.726248  0.252366  0.686176  0.411369  0.565989  0.701778  0.687126  0.807405  0.804643  0.669314  0.720828  0.604210  0.483376  0.822663  0.783058  0.822749  0.365472  0.755887  0.771904  0.653859 
14  0.483391  0.661506  0.667034  0.682302  0.734011  0.624570  0.291671  0.544067  0.569591  0.553076  0.642863  0.623111  0.691707  0.577560 0.0  0.798759  0.746697  0.307293  0.812880  0.672788  0.569037  0.616348  0.598617  0.740657  0.644417  0.737545  0.661327  0.664024  0.681281  0.689699  0.612663  0.616347  0.587561  0.614928  0.322840  0.614268  0.518318  0.876868  0.689016  0.505894  0.675471  0.635497  0.699008  0.778256  0.776452  0.550279  0.767020  0.659680  0.773499  0.650416  0.525891  0.439186  0.665248  0.659573  0.627580  0.600217  0.422169  0.636243  0.659013  0.667857  0.743919  0.865697  0.675947  0.915274  0.578119  0.514629  0.648130  0.579038  0.844163  0.614279  0.781195  0.730855  0.509891 
15  0.701412  0.729432  0.706042  0.779213  0.802131  0.844300  0.765876  0.698660  0.660827  0.685601  0.807066  0.740699  0.248958  0.867315  0.798759 0.0  0.541234  0.735850  0.718839  0.702206  0.717213  0.668728  0.708595  0.811613  0.781278  0.543321  0.820562  0.724306  0.571240  0.792215  0.667843  0.735784  0.763361  0.695774  0.813438  0.703747  0.798149  0.746306  0.772663  0.867495  0.662894  0.699627  0.694692  0.806856  0.904329  0.853282  0.629979  0.722813  0.759203  0.487991  0.705920  0.734660  0.817586  0.730873  0.700028  0.769609  0.686297  0.729160  0.763604  0.717194  0.762860  0.881546  0.859243  0.613922  0.793052  0.826120  0.524023  0.761048  0.664481  0.737606  0.692709  0.627161  0.803064 
16  0.646019  0.703713  0.585164  0.629778  0.839745  0.594585  0.728799  0.674988  0.612005  0.639377  0.702391  0.645263  0.634632  0.752735  0.746697  0.541234 0.0  0.807391  0.558113  0.593994  0.704653  0.680555  0.738504  0.976983  0.704056  0.662848  0.784183  0.836845  0.348924  0.748660  0.587279  0.778073  0.643226  0.656739  0.749591  0.805174  0.795605  0.717288  0.560625  0.821176  0.590999  0.652869  0.622434  0.800262  0.807193  0.849315  0.614181  0.718966  0.750079  0.688863  0.741497  0.760069  0.719302  0.730557  0.754926  0.764953  0.599485  0.801970  0.584938  0.652037  0.524450  0.760790  0.835884  0.620218  0.770652  0.782841  0.662873  0.814048  0.647264  0.749437  0.537975  0.400320  0.767362 
17  0.574436  0.684029  0.588732  0.632860  0.587000  0.623496  0.294020  0.539731  0.570593  0.556333  0.585718  0.682976  0.728403  0.646825  0.307293  0.735850  0.807391 0.0  0.737629  0.617004  0.633596  0.545107  0.644374  0.689435  0.612015  0.736214  0.608432  0.722106  0.595720  0.666705  0.679006  0.540317  0.696967  0.719814  0.475515  0.657464  0.571118  0.800073  0.757278  0.651313  0.658013  0.584918  0.610405  0.632673  0.791509  0.580031  0.684813  0.546579  0.868032  0.663688  0.518109  0.436963  0.659370  0.685402  0.586235  0.736901  0.639045  0.494433  0.597126  0.546204  0.781417  0.845656  0.706292  0.795627  0.561944  0.597961  0.739649  0.571363  0.781140  0.630327  0.737869  0.857449  0.537377 
18  0.717195  0.700473  0.788479  0.596552  0.830650  0.649920  0.783018  0.745852  0.744695  0.650108  0.753917  0.753758  0.659352  0.720928  0.812880  0.718839  0.558113  0.737629 0.0  0.676783  0.679497  0.756647  0.709262  0.689002  0.726384  0.599294  0.818129  0.686402  0.690075  0.769025  0.534161  0.758711  0.773239  0.709956  0.797012  0.798051  0.692456  0.625978  0.123328  0.905869  0.610264  0.755910  0.692569  0.702106  0.856947  0.769122  0.513940  0.657244  0.703618  0.383977  0.769587  0.789653  0.793964  0.783217  0.849756  0.731097  0.702681  0.818029  0.739317  0.682485  0.531805  0.946370  0.638837  0.532058  0.783526  0.838949  0.747435  0.631059  0.674471  0.876276  0.571416  0.734897  0.761308 
19  0.584372  0.536494  0.240329  0.592707  0.702884  0.597418  0.591319  0.507202  0.615386  0.443078  0.504793  0.535185  0.670488  0.753645  0.672788  0.702206  0.593994  0.617004  0.676783 0.0  0.376778  0.394355  0.000000  0.764409  0.666622  0.807616  0.668224  0.725874  0.743977  0.718890  0.771925  0.770956  0.760079  0.439993  0.580510  0.368683  0.571095  0.675969  0.671645  0.709331  0.574195  0.269445  0.328699  0.830909  0.750720  0.671095  0.602378  0.637338  0.778925  0.720342  0.637994  0.576749  0.712138  0.536173  0.708272  0.476260  0.703537  0.746225  0.442089  0.479797  0.602483  0.919481  0.387709  0.757504  0.564885  0.686179  0.632511  0.431385  0.804950  0.664341  0.738118  0.720432  0.525787 
20  0.599449  0.601957  0.441684  0.552174  0.723983  0.662824  0.564629  0.500006  0.585264  0.611156  0.350099  0.646963  0.631667  0.630397  0.569037  0.717213  0.704653  0.633596  0.679497  0.376778 0.0  0.334948  0.527723  0.724820  0.649341  0.789563  0.738650  0.731570  0.688085  0.587501  0.634687  0.632146  0.572716  0.228199  0.642905  0.349717  0.392530  0.663633  0.729075  0.595090  0.632610  0.540508  0.442792  0.907495  0.800688  0.670991  0.566988  0.287515  0.721265  0.706769  0.570409  0.493391  0.725264  0.517282  0.752492  0.487394  0.695582  0.666912  0.366596  0.715982  0.694501  0.778896  0.492172  0.763922  0.478829  0.605218  0.566557  0.595041  0.748422  0.652100  0.682461  0.742381  0.499565 
21  0.642011  0.724158  0.418735  0.495729  0.765107  0.785703  0.584523  0.605792  0.504481  0.552899  0.284209  0.645510  0.770184  0.747070  0.616348  0.668728  0.680555  0.545107  0.756647  0.394355  0.334948 0.0  0.442073  0.743006  0.634338  0.812774  0.593628  0.611117  0.758212  0.664275  0.664014  0.704951  0.675022  0.271252  0.591211  0.441487  0.467809  0.657115  0.658154  0.581592  0.667865  0.504997  0.490442  0.889197  0.798417  0.641972  0.726874  0.408426  0.663445  0.728095  0.598839  0.578009  0.635681  0.534851  0.665164  0.611731  0.703820  0.696862  0.306708  0.583201  0.706097  0.834823  0.501242  0.699339  0.562047  0.688489  0.638358  0.496789  0.747413  0.646459  0.659950  0.732928  0.543142 
22  0.530214  0.633593  0.354089  0.555670  0.806477  0.725457  0.614442  0.626739  0.510358  0.542181  0.495185  0.637040  0.670752  0.765185  0.598617  0.708595  0.738504  0.644374  0.709262  0.000000  0.527723  0.442073 0.0  0.778163  0.664816  0.729661  0.652203  0.667197  0.750344  0.757297  0.614981  0.787953  0.654751  0.463569  0.657911  0.453236  0.541177  0.565079  0.613779  0.622555  0.637385  0.458876  0.283629  0.808464  0.899919  0.592294  0.705821  0.447693  0.839865  0.654294  0.559383  0.598884  0.679534  0.575264  0.728884  0.446384  0.679846  0.653709  0.427418  0.450452  0.595910  0.787214  0.342567  0.833378  0.492633  0.750026  0.620028  0.243180  0.776105  0.675827  0.652191  0.729066  0.654478 
23  0.742340  0.801616  0.700956  0.796401  0.652513  0.678973  0.708962  0.767123  0.794983  0.727831  0.805460  0.800399  0.856057  0.602286  0.740657  0.811613  0.976983  0.689435  0.689002  0.764409  0.724820  0.743006  0.778163 0.0  0.906263  0.852017  0.704252  0.755586  0.773036  0.809807  0.774738  0.723083  0.762211  0.691201  0.756990  0.742381  0.745918  0.827905  0.884099  0.621484  0.760707  0.811519  0.762271  0.817860  0.693204  0.816700  0.730721  0.710633  0.920281  0.736317  0.826579  0.766753  0.600851  0.790511  0.646477  0.779627  0.662310  0.747103  0.756490  0.794652  0.760817  0.767077  0.683062  0.797850  0.778638  0.672538  0.799280  0.754125  0.771341  0.637618  0.912945  0.775013  0.757365 
24  0.678280  0.503427  0.755846  0.608552  0.877144  0.576814  0.673750  0.623970  0.518482  0.543013  0.599963  0.660924  0.807912  0.745331  0.644417  0.781278  0.704056  0.612015  0.726384  0.666622  0.649341  0.634338  0.664816  0.906263 0.0  0.743362  0.705107  0.782822  0.676995  0.744570  0.658256  0.658897  0.716801  0.672529  0.717444  0.527068  0.667504  0.669490  0.752561  0.724660  0.671977  0.641700  0.553778  0.811604  0.849815  0.786333  0.697527  0.591317  0.725193  0.692152  0.546442  0.728028  0.679805  0.582961  0.897376  0.565969  0.731100  0.711081  0.629302  0.628142  0.773135  0.866164  0.606660  0.751479  0.554657  0.737025  0.683277  0.602329  0.826618  0.755281  0.765169  0.800085  0.671060 
25  0.742196  0.730974  0.735954  0.679831  0.829275  0.642824  0.728602  0.739076  0.724793  0.741070  0.720547  0.753151  0.647500  0.703337  0.737545  0.543321  0.662848  0.736214  0.599294  0.807616  0.789563  0.812774  0.729661  0.852017  0.743362 0.0  0.746026  0.842221  0.430376  0.777234  0.626032  0.829929  0.849137  0.693648  0.840022  0.740169  0.762094  0.649681  0.696022  0.870386  0.708234  0.773428  0.734164  0.841944  0.941723  0.709492  0.690184  0.660190  0.729824  0.669233  0.694696  0.741305  0.742135  0.638913  0.725513  0.778239  0.863560  0.820564  0.740511  0.693906  0.571617  0.901586  0.753441  0.574050  0.724757  0.696866  0.700139  0.716199  0.734509  0.801225  0.709984  0.536155  0.784756 
26  0.642716  0.534403  0.672256  0.746231  0.605448  0.251260  0.546491  0.769202  0.651331  0.603177  0.628958  0.761992  0.838191  0.529355  0.661327  0.820562  0.784183  0.608432  0.818129  0.668224  0.738650  0.593628  0.652203  0.704252  0.705107  0.746026 0.0  0.583872  0.848845  0.652584  0.714641  0.277060  0.507291  0.779610  0.549173  0.665271  0.677405  0.760075  0.755746  0.503609  0.862558  0.645795  0.613274  0.853945  0.708991  0.404532  0.769766  0.604460  0.771039  0.834373  0.600442  0.682224  0.323889  0.706431  0.356487  0.645492  0.487682  0.428463  0.686028  0.667713  0.732571  0.883786  0.638417  0.897042  0.644186  0.239408  0.780643  0.715454  0.793000  0.000000  0.851426  0.773642  0.694820 
27  0.670668  0.613284  0.781670  0.687800  0.495423  0.625962  0.680928  0.700790  0.645781  0.749829  0.727154  0.686908  0.883683  0.550552  0.664024  0.724306  0.836845  0.722106  0.686402  0.725874  0.731570  0.611117  0.667197  0.755586  0.782822  0.842221  0.583872 0.0  0.761888  0.557346  0.687742  0.723657  0.690054  0.663390  0.634723  0.850362  0.603301  0.838129  0.680078  0.614434  0.771215  0.636731  0.632761  0.760333  0.763983  0.672201  0.794262  0.773340  0.916246  0.860122  0.638464  0.689923  0.565855  0.744263  0.534287  0.738026  0.493268  0.575698  0.840479  0.830991  0.668112  0.837416  0.562888  0.849061  0.736326  0.612542  0.786116  0.817789  0.778126  0.613401  0.689267  0.780105  0.613560 
28  0.695867  0.828106  0.573394  0.693007  0.821970  0.840879  0.800660  0.595695  0.748254  0.783819  0.694302  0.754778  0.530009  0.796634  0.681281  0.571240  0.348924  0.595720  0.690075  0.743977  0.688085  0.758212  0.750344  0.773036  0.676995  0.430376  0.848845  0.761888 0.0  0.791817  0.779332  0.733798  0.717374  0.688700  0.787533  0.699231  0.712732  0.758569  0.639977  0.782090  0.628146  0.664659  0.731113  0.892813  0.874467  0.749810  0.679067  0.738171  0.684403  0.524493  0.865733  0.700181  0.797832  0.742086  0.847473  0.704834  0.858650  0.874941  0.565010  0.616906  0.646904  0.926221  0.685906  0.618538  0.828117  0.795897  0.554329  0.694157  0.677588  0.789159  0.712238  0.507748  0.795823 
29  0.684944  0.667414  0.678962  0.752932  0.568671  0.728139  0.622722  0.742226  0.698305  0.721003  0.761686  0.617782  0.777975  0.727162  0.689699  0.792215  0.748660  0.666705  0.769025  0.718890  0.587501  0.664275  0.757297  0.809807  0.744570  0.777234  0.652584  0.557346  0.791817 0.0  0.831177  0.772670  0.663818  0.715731  0.605939  0.793267  0.625340  0.829696  0.874645  0.617829  0.817956  0.844225  0.765646  0.701507  0.671756  0.597091  0.754699  0.768553  0.869810  0.784198  0.815553  0.665081  0.652672  0.798744  0.580170  0.712064  0.588819  0.618183  0.715494  0.762175  0.820501  0.724235  0.769986  0.809883  0.672878  0.594433  0.731400  0.651076  0.852251  0.715139  0.742187  0.788441  0.700770 
30  0.766058  0.584600  0.612619  0.587897  0.801295  0.799247  0.719074  0.708048  0.659681  0.781395  0.745203  0.831331  0.726591  0.693846  0.612663  0.667843  0.587279  0.679006  0.534161  0.771925  0.634687  0.664014  0.614981  0.774738  0.658256  0.626032  0.714641  0.687742  0.779332  0.831177 0.0  0.707646  0.824669  0.582524  0.706044  0.712609  0.726170  0.473916  0.572824  0.833317  0.658183  0.631651  0.744989  0.826345  0.935507  0.800884  0.602277  0.731011  0.679738  0.472588  0.776467  0.711625  0.697687  0.658984  0.807333  0.704243  0.636804  0.695776  0.635778  0.668639  0.415328  0.927046  0.567797  0.676074  0.790919  0.758885  0.649582  0.580121  0.803141  0.874883  0.600964  0.532578  0.638504 
31  0.675640  0.726208  0.701875  0.759740  0.588029  0.327128  0.591798  0.660697  0.622251  0.712060  0.632798  0.693742  0.816870  0.591091  0.616347  0.735784  0.778073  0.540317  0.758711  0.770956  0.632146  0.704951  0.787953  0.723083  0.658897  0.829929  0.277060  0.723657  0.733798  0.772670  0.707646 0.0  0.520767  0.724857  0.657643  0.633631  0.729746  0.797954  0.750879  0.411064  0.797482  0.576989  0.721045  0.854775  0.809141  0.286241  0.813300  0.687432  0.680635  0.795511  0.657385  0.559488  0.472853  0.724906  0.486665  0.632907  0.654397  0.529815  0.713765  0.603116  0.650075  0.765574  0.656174  0.730209  0.620936  0.234244  0.714896  0.705378  0.896029  0.216870  0.778693  0.851402  0.596432 
32  0.645510  0.736615  0.694093  0.705167  0.620060  0.488063  0.597295  0.609717  0.662697  0.670262  0.676552  0.627548  0.745817  0.515915  0.587561  0.763361  0.643226  0.696967  0.773239  0.760079  0.572716  0.675022  0.654751  0.762211  0.716801  0.849137  0.507291  0.690054  0.717374  0.663818  0.824669  0.520767 0.0  0.649134  0.622980  0.740197  0.601503  0.807134  0.718341  0.605395  0.844145  0.663897  0.589933  0.698296  0.900244  0.486687  0.833835  0.662873  0.913085  0.765808  0.596003  0.659519  0.448560  0.706011  0.459875  0.688807  0.374435  0.549987  0.638889  0.702592  0.736504  0.801526  0.770247  0.796690  0.720925  0.421498  0.808657  0.610220  0.871510  0.478344  0.702720  0.772268  0.570140 
33  0.381387  0.712958  0.524289  0.527195  0.832004  0.595142  0.571852  0.504817  0.627180  0.458373  0.270111  0.615581  0.851070  0.767056  0.614928  0.695774  0.656739  0.719814  0.709956  0.439993  0.228199  0.271252  0.463569  0.691201  0.672529  0.693648  0.779610  0.663390  0.688700  0.715731  0.582524  0.724857  0.649134 0.0  0.548259  0.448972  0.474222  0.720594  0.761320  0.678719  0.804316  0.489647  0.534521  0.747780  0.752054  0.683101  0.675080  0.374640  0.664484  0.737125  0.558027  0.635388  0.691628  0.528381  0.623244  0.517264  0.614296  0.645741  0.386183  0.511991  0.737101  0.840100  0.462423  0.765826  0.573466  0.668785  0.737721  0.470179  0.691777  0.740983  0.690269  0.655332  0.557219 
34  0.606870  0.627567  0.611041  0.761277  0.623722  0.488092  0.134728  0.608074  0.636393  0.470639  0.678009  0.622273  0.670386  0.690707  0.322840  0.813438  0.749591  0.475515  0.797012  0.580510  0.642905  0.591211  0.657911  0.756990  0.717444  0.840022  0.549173  0.634723  0.787533  0.605939  0.706044  0.657643  0.622980  0.548259 0.0  0.467283  0.551460  0.708660  0.710867  0.414248  0.662743  0.584929  0.575244  0.748844  0.924911  0.534917  0.769876  0.590946  0.848843  0.772439  0.569037  0.538366  0.766223  0.495205  0.611617  0.688654  0.651352  0.434614  0.647071  0.597167  0.863961  0.771394  0.594543  0.757722  0.532495  0.512602  0.705393  0.711938  0.764615  0.613668  0.750927  0.836051  0.607724 
35  0.487328  0.635394  0.316669  0.631472  0.888268  0.651566  0.548360  0.333685  0.464364  0.560665  0.461446  0.639824  0.678222  0.754055  0.614268  0.703747  0.805174  0.657464  0.798051  0.368683  0.349717  0.441487  0.453236  0.742381  0.527068  0.740169  0.665271  0.850362  0.699231  0.793267  0.712609  0.633631  0.740197  0.448972  0.467283 0.0  0.539288  0.564338  0.639762  0.819835  0.633507  0.378313  0.358002  0.754151  0.759870  0.690340  0.628875  0.568649  0.790124  0.807005  0.563990  0.414497  0.687734  0.578496  0.643077  0.493265  0.567831  0.698418  0.493448  0.527661  0.662650  0.887189  0.469159  0.740480  0.523985  0.696877  0.675317  0.446590  0.729274  0.681636  0.666960  0.680431  0.556237 
36  0.414337  0.705229  0.496520  0.572448  0.676108  0.745289  0.515993  0.483719  0.574035  0.500684  0.475634  0.706687  0.850935  0.652344  0.518318  0.798149  0.795605  0.571118  0.692456  0.571095  0.392530  0.467809  0.541177  0.745918  0.667504  0.762094  0.677405  0.603301  0.712732  0.625340  0.726170  0.729746  0.601503  0.474222  0.551460  0.539288 0.0  0.650264  0.580339  0.550198  0.722315  0.580843  0.590215  0.721147  0.798634  0.614795  0.793746  0.454760  0.741862  0.772227  0.428494  0.461521  0.677575  0.545130  0.499185  0.548609  0.640723  0.784073  0.451442  0.592214  0.796830  0.870864  0.526979  0.765480  0.431269  0.497054  0.664300  0.528625  0.722322  0.688103  0.705749  0.704673  0.544440 
37  0.690555  0.796107  0.692104  0.700124  0.868055  0.746881  0.844510  0.764379  0.694607  0.660220  0.610458  0.731109  0.754380  0.795612  0.876868  0.746306  0.717288  0.800073  0.625978  0.675969  0.663633  0.657115  0.565079  0.827905  0.669490  0.649681  0.760075  0.838129  0.758569  0.829696  0.473916  0.797954  0.807134  0.720594  0.708660  0.564338  0.650264 0.0  0.476028  0.755276  0.581551  0.726293  0.623982  0.718277  0.879015  0.766584  0.356995  0.691754  0.649683  0.543597  0.799469  0.610934  0.789746  0.640189  0.660878  0.609984  0.812267  0.740214  0.659352  0.555289  0.463272  0.789259  0.750282  0.624396  0.712682  0.799300  0.583762  0.647529  0.630580  0.724988  0.403803  0.579071  0.611819 
38  0.731875  0.632122  0.575890  0.598349  0.744405  0.822497  0.838232  0.668545  0.703484  0.641005  0.734107  0.810488  0.607631  0.715749  0.689016  0.772663  0.560625  0.757278  0.123328  0.671645  0.729075  0.658154  0.613779  0.884099  0.752561  0.696022  0.755746  0.680078  0.639977  0.874645  0.572824  0.750879  0.718341  0.761320  0.710867  0.639762  0.580339  0.476028 0.0  0.797554  0.681263  0.725782  0.770396  0.830945  0.857513  0.805197  0.448803  0.693760  0.758867  0.491370  0.701178  0.700631  0.879216  0.634691  0.711746  0.717512  0.767041  0.706949  0.770257  0.647382  0.461244  0.897241  0.689071  0.544925  0.765901  0.774073  0.692638  0.657962  0.639632  0.690775  0.449482  0.550981  0.703594 
39  0.641728  0.664127  0.686450  0.811742  0.526219  0.337396  0.576928  0.658868  0.620103  0.719215  0.561831  0.712798  0.775534  0.482128  0.505894  0.867495  0.821176  0.651313  0.905869  0.709331  0.595090  0.581592  0.622555  0.621484  0.724660  0.870386  0.503609  0.614434  0.782090  0.617829  0.833317  0.411064  0.605395  0.678719  0.414248  0.819835  0.550198  0.755276  0.797554 0.0  0.725289  0.645260  0.663470  0.742518  0.848577  0.343190  0.707834  0.665576  0.796533  0.774801  0.644057  0.656486  0.539635  0.761935  0.513577  0.690889  0.634076  0.341793  0.631659  0.739185  0.904798  0.766323  0.694374  0.723181  0.745709  0.413597  0.671676  0.748414  0.762815  0.455582  0.802905  0.803634  0.557967 
40  0.703078  0.668797  0.710303  0.532579  0.759267  0.726972  0.751939  0.583854  0.688896  0.607566  0.645571  0.696360  0.570362  0.752759  0.675471  0.662894  0.590999  0.658013  0.610264  0.574195  0.632610  0.667865  0.637385  0.760707  0.671977  0.708234  0.862558  0.771215  0.628146  0.817956  0.658183  0.797482  0.844145  0.804316  0.662743  0.633507  0.722315  0.581551  0.681263  0.725289 0.0  0.634835  0.659354  0.700087  0.945757  0.633841  0.732717  0.566909  0.763228  0.627639  0.756152  0.726809  0.690374  0.649202  0.770698  0.780576  0.726144  0.773517  0.653191  0.602957  0.657358  0.912165  0.574835  0.619175  0.591586  0.799460  0.610985  0.704671  0.776495  0.676811  0.606010  0.577031  0.607067 
41  0.465061  0.571424  0.394361  0.604826  0.779514  0.619353  0.613892  0.451935  0.343385  0.512536  0.430963  0.656320  0.722854  0.714372  0.635497  0.699627  0.652869  0.584918  0.755910  0.269445  0.540508  0.504997  0.458876  0.811519  0.641700  0.773428  0.645795  0.636731  0.664659  0.844225  0.631651  0.576989  0.663897  0.489647  0.584929  0.378313  0.580843  0.726293  0.725782  0.645260  0.634835 0.0  0.337783  0.627502  0.836470  0.666617  0.695301  0.531023  0.843132  0.689420  0.545213  0.500976  0.707208  0.503649  0.675802  0.357069  0.669358  0.687620  0.462708  0.544127  0.801088  0.717599  0.351317  0.683731  0.498199  0.777093  0.560408  0.403772  0.653633  0.696202  0.740687  0.613727  0.559857 
42  0.474274  0.645593  0.256649  0.518834  0.799368  0.775295  0.623429  0.503319  0.543830  0.465566  0.385166  0.673150  0.755347  0.648776  0.699008  0.694692  0.622434  0.610405  0.692569  0.328699  0.442792  0.490442  0.283629  0.762271  0.553778  0.734164  0.613274  0.632761  0.731113  0.765646  0.744989  0.721045  0.589933  0.534521  0.575244  0.358002  0.590215  0.623982  0.770396  0.663470  0.659354  0.337783 0.0  0.838322  0.795237  0.716394  0.620537  0.583928  0.816576  0.751372  0.479796  0.556402  0.683171  0.556344  0.667560  0.450382  0.692322  0.580116  0.480448  0.485935  0.710112  0.862598  0.305832  0.736053  0.395447  0.658620  0.750883  0.147251  0.740410  0.670071  0.687182  0.718069  0.534234 
43  0.854091  0.804548  0.771677  0.885191  0.842091  0.752293  0.755135  0.774333  0.887020  0.766506  0.827330  0.842264  0.809668  0.803475  0.778256  0.806856  0.800262  0.632673  0.702106  0.830909  0.907495  0.889197  0.808464  0.817860  0.811604  0.841944  0.853945  0.760333  0.892813  0.701507  0.826345  0.854775  0.698296  0.747780  0.748844  0.754151  0.721147  0.718277  0.830945  0.742518  0.700087  0.627502  0.838322 0.0  0.712335  0.728486  0.872846  0.795614  0.879291  0.917031  0.774218  0.780377  0.836815  0.802488  0.768445  0.971068  0.839164  0.798629  0.697498  0.813688  0.727731  0.943370  0.842318  0.891828  0.823766  0.698519  0.654601  0.743733  0.797688  0.729254  0.950434  0.941077  0.795746 
44  0.772657  0.796596  0.946284  0.791636  0.694077  0.582792  0.865984  0.831344  0.834776  0.813315  0.847111  0.855900  0.915593  0.809516  0.776452  0.904329  0.807193  0.791509  0.856947  0.750720  0.800688  0.798417  0.899919  0.693204  0.849815  0.941723  0.708991  0.763983  0.874467  0.671756  0.935507  0.809141  0.900244  0.752054  0.924911  0.759870  0.798634  0.879015  0.857513  0.848577  0.945757  0.836470  0.795237  0.712335 0.0  0.718629  0.857139  0.834367  0.903869  0.820670  0.776372  0.744016  0.759823  0.805849  0.782045  0.832319  0.789660  0.739817  0.894281  0.810346  0.846872  0.761256  0.699923  0.857174  0.823299  0.704468  0.738010  0.778032  0.809367  0.747014  0.851909  0.859025  0.811313 
45  0.653451  0.714802  0.652911  0.665617  0.694941  0.117466  0.512847  0.541336  0.781531  0.692573  0.694601  0.737926  0.691320  0.503764  0.550279  0.853282  0.849315  0.580031  0.769122  0.671095  0.670991  0.641972  0.592294  0.816700  0.786333  0.709492  0.404532  0.672201  0.749810  0.597091  0.800884  0.286241  0.486687  0.683101  0.534917  0.690340  0.614795  0.766584  0.805197  0.343190  0.633841  0.666617  0.716394  0.728486  0.718629 0.0  0.703701  0.700999  0.810762  0.757651  0.687273  0.666094  0.392081  0.644052  0.546278  0.777257  0.495278  0.453389  0.575418  0.732081  0.705950  0.817431  0.704551  0.789192  0.569906  0.381157  0.699735  0.693799  0.784057  0.391505  0.817135  0.804252  0.649732 
46  0.725938  0.695781  0.712497  0.606463  0.871885  0.718209  0.767446  0.610544  0.646633  0.738062  0.647509  0.708723  0.772154  0.713458  0.767020  0.629979  0.614181  0.684813  0.513940  0.602378  0.566988  0.726874  0.705821  0.730721  0.697527  0.690184  0.769766  0.794262  0.679067  0.754699  0.602277  0.813300  0.833835  0.675080  0.769876  0.628875  0.793746  0.356995  0.448803  0.707834  0.732717  0.695301  0.620537  0.872846  0.857139  0.703701 0.0  0.713565  0.782086  0.542230  0.632547  0.673535  0.786923  0.670199  0.811647  0.616989  0.748444  0.766863  0.625254  0.591098  0.445982  0.937254  0.821594  0.526787  0.651048  0.820955  0.637750  0.507411  0.685950  0.764685  0.546778  0.624725  0.703400 
47  0.519434  0.654630  0.516494  0.603026  0.802650  0.687383  0.607973  0.517426  0.609908  0.489290  0.465658  0.632545  0.788033  0.743244  0.659680  0.722813  0.718966  0.546579  0.657244  0.637338  0.287515  0.408426  0.447693  0.710633  0.591317  0.660190  0.604460  0.773340  0.738171  0.768553  0.731011  0.687432  0.662873  0.374640  0.590946  0.568649  0.454760  0.691754  0.693760  0.665576  0.566909  0.531023  0.583928  0.795614  0.834367  0.700999  0.713565 0.0  0.798660  0.680139  0.547752  0.597645  0.623673  0.564008  0.641244  0.507114  0.594694  0.645037  0.404368  0.547627  0.819026  0.944520  0.529749  0.810235  0.590338  0.593717  0.643913  0.481717  0.851167  0.728589  0.801133  0.676935  0.629486 
48  0.779225  0.836478  0.813675  0.760412  0.821647  0.813132  0.804812  0.786704  0.760953  0.863672  0.783000  0.833209  0.706804  0.851050  0.773499  0.759203  0.750079  0.868032  0.703618  0.778925  0.721265  0.663445  0.839865  0.920281  0.725193  0.729824  0.771039  0.916246  0.684403  0.869810  0.679738  0.680635  0.913085  0.664484  0.848843  0.790124  0.741862  0.649683  0.758867  0.796533  0.763228  0.843132  0.816576  0.879291  0.903869  0.810762  0.782086  0.798660 0.0  0.766178  0.818619  0.739628  0.905210  0.880700  0.744554  0.773360  0.825651  0.768213  0.728375  0.757264  0.691834  0.993444  0.674876  0.667499  0.787081  0.912231  0.808012  0.774460  0.749118  0.874989  0.682767  0.707570  0.833706 
49  0.704325  0.662402  0.697720  0.740237  0.820741  0.787039  0.795987  0.763014  0.816821  0.754681  0.686584  0.820667  0.596622  0.777582  0.650416  0.487991  0.688863  0.663688  0.383977  0.720342  0.706769  0.728095  0.654294  0.736317  0.692152  0.669233  0.834373  0.860122  0.524493  0.784198  0.472588  0.795511  0.765808  0.737125  0.772439  0.807005  0.772227  0.543597  0.491370  0.774801  0.627639  0.689420  0.751372  0.917031  0.820670  0.757651  0.542230  0.680139  0.766178 0.0  0.699648  0.725537  0.809296  0.663603  0.851726  0.709614  0.718833  0.750648  0.676723  0.632931  0.403096  0.873459  0.686457  0.605411  0.750256  0.773072  0.691221  0.763597  0.507647  0.649361  0.443312  0.580649  0.674446 
50  0.542558  0.636540  0.594513  0.713223  0.690818  0.573979  0.479437  0.523514  0.615776  0.483998  0.601511  0.646132  0.751398  0.674933  0.525891  0.705920  0.741497  0.518109  0.769587  0.637994  0.570409  0.598839  0.559383  0.826579  0.546442  0.694696  0.600442  0.638464  0.865733  0.815553  0.776467  0.657385  0.596003  0.558027  0.569037  0.563990  0.428494  0.799469  0.701178  0.644057  0.756152  0.545213  0.479796  0.774218  0.776372  0.687273  0.632547  0.547752  0.818619  0.699648 0.0  0.293125  0.605072  0.535836  0.575099  0.647891  0.670620  0.633064  0.547000  0.655897  0.751316  0.879064  0.632746  0.790808  0.475715  0.693755  0.615992  0.614294  0.866180  0.745163  0.713086  0.717496  0.398798 
51  0.485375  0.659631  0.607805  0.658101  0.575754  0.680484  0.529765  0.582306  0.610123  0.473420  0.649134  0.600918  0.654272  0.671167  0.439186  0.734660  0.760069  0.436963  0.789653  0.576749  0.493391  0.578009  0.598884  0.766753  0.728028  0.741305  0.682224  0.689923  0.700181  0.665081  0.711625  0.559488  0.659519  0.635388  0.538366  0.414497  0.461521  0.610934  0.700631  0.656486  0.726809  0.500976  0.556402  0.780377  0.744016  0.666094  0.673535  0.597645  0.739628  0.725537  0.293125 0.0  0.695696  0.604100  0.693911  0.562168  0.646740  0.505156  0.461781  0.790221  0.766321  0.849840  0.412652  0.766104  0.538223  0.658231  0.796092  0.419576  0.714170  0.571439  0.801370  0.721901  0.509842 
52  0.623741  0.726525  0.658124  0.865355  0.703766  0.463283  0.654726  0.751018  0.720929  0.743346  0.645645  0.698899  0.794107  0.349771  0.665248  0.817586  0.719302  0.659370  0.793964  0.712138  0.725264  0.635681  0.679534  0.600851  0.679805  0.742135  0.323889  0.565855  0.797832  0.652672  0.697687  0.472853  0.448560  0.691628  0.766223  0.687734  0.677575  0.789746  0.879216  0.539635  0.690374  0.707208  0.683171  0.836815  0.759823  0.392081  0.786923  0.623673  0.905210  0.809296  0.605072  0.695696 0.0  0.773926  0.158151  0.693183  0.480667  0.457992  0.680016  0.708624  0.802480  0.707870  0.771010  0.666935  0.693752  0.375019  0.849434  0.756682  0.720502  0.448579  0.728522  0.676232  0.585784 
53  0.514655  0.654799  0.494874  0.599667  0.722861  0.671639  0.603618  0.507988  0.460395  0.433363  0.588376  0.673216  0.749316  0.726248  0.659573  0.730873  0.730557  0.685402  0.783217  0.536173  0.517282  0.534851  0.575264  0.790511  0.582961  0.638913  0.706431  0.744263  0.742086  0.798744  0.658984  0.724906  0.706011  0.528381  0.495205  0.578496  0.545130  0.640189  0.634691  0.761935  0.649202  0.503649  0.556344  0.802488  0.805849  0.644052  0.670199  0.564008  0.880700  0.663603  0.535836  0.604100  0.773926 0.0  0.739114  0.151989  0.713213  0.743235  0.473702  0.552523  0.612134  0.832435  0.535015  0.648234  0.553913  0.632236  0.568537  0.448439  0.743225  0.647327  0.715073  0.843288  0.528308 
