73
0 0.0  0.386872  0.688685  0.384912  0.463124  0.507925  0.535012  0.788160  0.360589  0.653756  0.705951  0.581705  0.328602  0.631328  0.852185  0.702104  0.508541  0.533757  0.658191  0.553233  0.409319  0.596101  0.456000  0.619320  0.615282  0.598897  0.542903  0.724749  0.681016  0.429228  0.344773  0.508424  0.691425  0.223952  0.283395  0.516964  0.524576  0.449626  0.626080  0.666905  0.369430  0.633435  0.759454  0.408297  0.681811  0.469234  0.665983  0.677862  0.590092  0.408308  0.138456  0.484435  0.538701  0.520101  0.603288  0.404968  0.629898  0.483836  0.653271  0.579227  0.558762  0.613753  0.558158  0.352254  0.418382  0.609111  0.370264  0.490452  0.595675  0.337692  0.497026  0.617926  0.594207 
1  0.386872 0.0  0.653480  0.528145  0.444748  0.509225  0.553469  0.643567  0.452036  0.650858  0.654422  0.674615  0.427183  0.605570  0.798113  0.648099  0.562192  0.441118  0.667703  0.543111  0.472234  0.632141  0.422075  0.672389  0.455518  0.667688  0.416618  0.662829  0.675352  0.404763  0.399140  0.594922  0.534369  0.497936  0.495261  0.574742  0.568479  0.576654  0.568496  0.616724  0.250413  0.579031  0.670737  0.290181  0.711261  0.571426  0.620850  0.637498  0.624628  0.462234  0.397598  0.321887  0.490351  0.545237  0.517216  0.244914  0.592459  0.638974  0.600334  0.383294  0.370486  0.508139  0.564148  0.356786  0.409469  0.551890  0.481613  0.381421  0.517500  0.364852  0.651456  0.542429  0.626520 
2  0.688685  0.653480 0.0  0.464120  0.515738  0.677369  0.170576  0.746527  0.550051  0.620562  0.620459  0.589450  0.639846  0.678483  0.751748  0.712354  0.393073  0.517605  0.619376  0.118809  0.478758  0.603679  0.489313  0.682351  0.549714  0.681837  0.250558  0.709110  0.673769  0.589320  0.510379  0.594248  0.351292  0.519578  0.625009  0.168175  0.304695  0.616579  0.629085  0.460085  0.564743  0.759362  0.727574  0.556137  0.612671  0.673232  0.667078  0.753750  0.721267  0.635148  0.482708  0.441231  0.294609  0.305243  0.379716  0.470577  0.678890  0.652004  0.616811  0.670430  0.446032  0.224157  0.700467  0.628989  0.636825  0.196641  0.641741  0.432119  0.638669  0.537028  0.559297  0.622217  0.669343 
3  0.384912  0.528145  0.464120 0.0  0.383629  0.655247  0.430982  0.713030  0.333433  0.673831  0.528880  0.512765  0.165875  0.535010  0.791725  0.549493  0.674937  0.068323  0.644536  0.496131  0.273679  0.623827  0.560827  0.619317  0.501886  0.605011  0.630078  0.631198  0.584989  0.413428  0.351429  0.610910  0.661693  0.486944  0.324339  0.561682  0.610865  0.299748  0.553711  0.577583  0.459556  0.577518  0.746938  0.412058  0.531300  0.502402  0.672886  0.661509  0.491972  0.360695  0.327081  0.503637  0.665885  0.527042  0.482783  0.472237  0.550744  0.507296  0.655959  0.489835  0.546439  0.503366  0.730001  0.518636  0.181316  0.591988  0.397150  0.583306  0.513397  0.216413  0.550648  0.651654  0.718639 
4  0.463124  0.444748  0.515738  0.383629 0.0  0.564232  0.619328  0.691825  0.313720  0.758480  0.522663  0.501495  0.283954  0.550774  0.641176  0.542501  0.486561  0.318788  0.597744  0.624885  0.347947  0.721360  0.535341  0.676751  0.413721  0.672731  0.504140  0.683410  0.571665  0.308214  0.355792  0.651675  0.549792  0.417983  0.365617  0.607484  0.535537  0.400076  0.609557  0.550071  0.392176  0.562045  0.690632  0.415794  0.607902  0.553782  0.663380  0.599281  0.682198  0.348378  0.384693  0.474687  0.511438  0.555326  0.612957  0.410887  0.547322  0.516004  0.596362  0.429490  0.529516  0.550924  0.657435  0.471214  0.245050  0.487143  0.462453  0.484850  0.549853  0.219829  0.477937  0.564941  0.751584 
5  0.507925  0.509225  0.677369  0.655247  0.564232 0.0  0.674613  0.785974  0.650375  0.591227  0.683251  0.364756  0.616362  0.461810  0.668381  0.471416  0.595902  0.618979  0.430409  0.560101  0.616800  0.711396  0.640495  0.556317  0.621387  0.748394  0.674412  0.507434  0.594729  0.631965  0.655508  0.717300  0.642280  0.572617  0.707196  0.657270  0.649057  0.672287  0.140926  0.694981  0.699778  0.569460  0.684924  0.572419  0.357249  0.434041  0.541250  0.556349  0.495604  0.555437  0.547286  0.619086  0.607414  0.724685  0.674194  0.567710  0.524928  0.572602  0.528835  0.587720  0.765072  0.706995  0.643096  0.596200  0.637396  0.637374  0.607350  0.680904  0.694741  0.667990  0.570044  0.543146  0.696505 
6  0.535012  0.553469  0.170576  0.430982  0.619328  0.674613 0.0  0.775691  0.459705  0.785799  0.689153  0.622236  0.560629  0.609790  0.828841  0.706054  0.425144  0.537467  0.605808  0.155853  0.543726  0.567125  0.478696  0.691884  0.665156  0.657366  0.033502  0.698678  0.693839  0.649036  0.493706  0.534944  0.418787  0.542690  0.629251  0.203814  0.422805  0.566997  0.693178  0.471836  0.635261  0.711238  0.651035  0.526856  0.588012  0.606111  0.770517  0.658664  0.661619  0.640949  0.528037  0.490793  0.402147  0.203951  0.343845  0.537796  0.769528  0.639260  0.706038  0.649894  0.329935  0.090338  0.692697  0.556086  0.541568  0.383257  0.530067  0.583020  0.673289  0.532108  0.538592  0.659107  0.737521 
7  0.788160  0.643567  0.746527  0.713030  0.691825  0.785974  0.775691 0.0  0.722365  0.778830  0.790933  0.785612  0.707362  0.773873  0.730615  0.669226  0.761391  0.622233  0.826660  0.780915  0.746604  0.696052  0.595017  0.788550  0.784453  0.588927  0.702963  0.867477  0.789710  0.753859  0.753517  0.803036  0.706626  0.749576  0.855412  0.745853  0.693779  0.742326  0.861316  0.658441  0.783984  0.701819  0.637464  0.740506  0.798860  0.824940  0.748589  0.813451  0.732999  0.808097  0.764875  0.782920  0.720330  0.775435  0.737329  0.757576  0.840924  0.848709  0.837812  0.714688  0.755411  0.809800  0.852127  0.759181  0.767008  0.731577  0.781955  0.752746  0.717810  0.720487  0.723743  0.742925  0.755651 
8  0.360589  0.452036  0.550051  0.333433  0.313720  0.650375  0.459705  0.722365 0.0  0.567941  0.410058  0.644784  0.288081  0.541118  0.755154  0.497284  0.520949  0.333221  0.559291  0.606569  0.289528  0.587747  0.504461  0.629786  0.490936  0.740200  0.453556  0.673279  0.656975  0.437335  0.243017  0.552897  0.593290  0.404183  0.353151  0.541411  0.509560  0.402798  0.503851  0.622420  0.437288  0.601860  0.599889  0.488386  0.567144  0.484696  0.556594  0.698155  0.603204  0.315058  0.288151  0.521572  0.502457  0.587814  0.600595  0.355549  0.625609  0.493186  0.613148  0.499314  0.578286  0.531659  0.655310  0.380505  0.226218  0.511128  0.432759  0.513404  0.641402  0.144074  0.515609  0.627646  0.700628 
9  0.653756  0.650858  0.620562  0.673831  0.758480  0.591227  0.785799  0.778830  0.567941 0.0  0.824922  0.533124  0.556359  0.548337  0.669878  0.537718  0.650842  0.702306  0.527346  0.765272  0.531466  0.611008  0.573337  0.547721  0.661673  0.769572  0.651684  0.513527  0.577238  0.766611  0.626779  0.661131  0.607892  0.624104  0.686279  0.708708  0.739296  0.598050  0.561520  0.690029  0.582883  0.531975  0.768772  0.724579  0.596833  0.678035  0.469114  0.478383  0.646864  0.675930  0.762610  0.625209  0.702452  0.680840  0.762127  0.711654  0.411848  0.633635  0.551863  0.621990  0.647267  0.662646  0.682110  0.657936  0.610651  0.679099  0.626169  0.733905  0.713667  0.651306  0.661243  0.668585  0.512535 
10  0.705951  0.654422  0.620459  0.528880  0.522663  0.683251  0.689153  0.790933  0.410058  0.824922 0.0  0.554162  0.541290  0.513038  0.830802  0.351151  0.683502  0.531504  0.592071  0.535745  0.547313  0.719315  0.622809  0.538104  0.510240  0.751866  0.689409  0.614245  0.557660  0.594096  0.500926  0.543126  0.682202  0.572516  0.585368  0.716463  0.617932  0.494743  0.582544  0.632257  0.598625  0.530914  0.714167  0.649211  0.647463  0.497784  0.633643  0.619510  0.499364  0.477467  0.578294  0.588694  0.629809  0.651883  0.589034  0.639028  0.587976  0.388835  0.645516  0.471737  0.484948  0.599067  0.528125  0.543592  0.508296  0.545041  0.512493  0.571773  0.356241  0.470524  0.577630  0.479708  0.631615 
11  0.581705  0.674615  0.589450  0.512765  0.501495  0.364756  0.622236  0.785612  0.644784  0.533124  0.554162 0.0  0.664680  0.569446  0.744013  0.480874  0.699031  0.558921  0.350120  0.693488  0.540776  0.663792  0.594858  0.553622  0.589331  0.775388  0.648022  0.598519  0.495932  0.689182  0.622801  0.767468  0.640051  0.538605  0.568879  0.607171  0.616782  0.528961  0.280961  0.727579  0.598277  0.544472  0.698716  0.601829  0.389288  0.569869  0.499451  0.460834  0.541828  0.570995  0.663451  0.634074  0.647136  0.592101  0.553481  0.623384  0.579146  0.570274  0.553924  0.732640  0.618520  0.666408  0.651206  0.567983  0.623056  0.693213  0.658891  0.737118  0.478750  0.534040  0.633609  0.520496  0.615134 
12  0.328602  0.427183  0.639846  0.165875  0.283954  0.616362  0.560629  0.707362  0.288081  0.556359  0.541290  0.664680 0.0  0.539426  0.760613  0.618306  0.544771  0.158010  0.565865  0.617245  0.090531  0.662590  0.561946  0.700262  0.579590  0.678984  0.642907  0.523535  0.691151  0.326018  0.333725  0.585275  0.515363  0.411167  0.361115  0.595864  0.570131  0.288440  0.628923  0.665188  0.496290  0.498156  0.632101  0.492508  0.618884  0.424692  0.692586  0.596157  0.633271  0.244002  0.349699  0.443716  0.628263  0.692215  0.547166  0.569706  0.686324  0.523605  0.624887  0.460409  0.589641  0.513088  0.629282  0.436509  0.293727  0.562891  0.381130  0.497214  0.544962  0.383597  0.508088  0.567783  0.658986 
13  0.631328  0.605570  0.678483  0.535010  0.550774  0.461810  0.609790  0.773873  0.541118  0.548337  0.513038  0.569446  0.539426 0.0  0.754589  0.455716  0.685930  0.585434  0.444449  0.618787  0.555955  0.697211  0.578861  0.653646  0.555098  0.666218  0.584607  0.663134  0.581117  0.543257  0.627357  0.652515  0.732774  0.556866  0.686630  0.620092  0.578188  0.528744  0.506149  0.657498  0.620325  0.503590  0.707275  0.687571  0.435394  0.467843  0.621168  0.522769  0.396545  0.532148  0.595446  0.624806  0.658236  0.614618  0.634896  0.633064  0.516649  0.554641  0.596458  0.583886  0.612002  0.655412  0.569117  0.660409  0.567570  0.657763  0.515801  0.657791  0.473754  0.606773  0.603024  0.470875  0.572892 
14  0.852185  0.798113  0.751748  0.791725  0.641176  0.668381  0.828841  0.730615  0.755154  0.669878  0.830802  0.744013  0.760613  0.754589 0.0  0.604528  0.809905  0.723872  0.708443  0.845930  0.798994  0.789921  0.716793  0.647448  0.909513  0.873417  0.753564  0.644510  0.643508  0.733213  0.840467  0.743070  0.742447  0.786171  0.715029  0.765576  0.807717  0.772988  0.624663  0.821473  0.810409  0.739324  1.000000  0.686348  0.636325  0.685484  0.638792  0.757928  0.729265  0.780555  0.862042  0.741604  0.771456  0.756991  0.779880  0.718569  0.765739  0.732144  0.743901  0.769540  0.669112  0.751498  0.601142  0.712744  0.801964  0.704568  0.792353  0.798096  0.739324  0.670574  0.844674  0.725391  0.645637 
15  0.702104  0.648099  0.712354  0.549493  0.542501  0.471416  0.706054  0.669226  0.497284  0.537718  0.351151  0.480874  0.618306  0.455716  0.604528 0.0  0.679647  0.562518  0.436659  0.751541  0.587598  0.694892  0.643947  0.594396  0.642759  0.683703  0.665757  0.489466  0.439698  0.595757  0.546760  0.738403  0.722961  0.651571  0.683054  0.653700  0.742612  0.491080  0.536919  0.698806  0.664577  0.362807  0.712934  0.629370  0.456878  0.509543  0.518966  0.493412  0.173351  0.606737  0.667876  0.730810  0.650082  0.596016  0.628993  0.588977  0.411445  0.562319  0.580128  0.562303  0.634708  0.747413  0.575651  0.624520  0.516582  0.622926  0.592445  0.639452  0.551395  0.526198  0.620493  0.419521  0.422657 
16  0.508541  0.562192  0.393073  0.674937  0.486561  0.595902  0.425144  0.761391  0.520949  0.650842  0.683502  0.699031  0.544771  0.685930  0.809905  0.679647 0.0  0.551666  0.673289  0.416943  0.647537  0.478113  0.501855  0.644220  0.579229  0.651896  0.418466  0.667794  0.594824  0.559410  0.586448  0.559811  0.390827  0.479793  0.562429  0.477610  0.339982  0.539115  0.633863  0.540941  0.611360  0.724346  0.839249  0.607639  0.592421  0.546966  0.725270  0.663085  0.694828  0.600457  0.485267  0.517726  0.431556  0.323309  0.189442  0.554386  0.725933  0.640960  0.682429  0.586430  0.499884  0.366750  0.565677  0.557738  0.520418  0.409225  0.601168  0.491869  0.620735  0.537210  0.573112  0.658231  0.738100 
17  0.533757  0.441118  0.517605  0.068323  0.318788  0.618979  0.537467  0.622233  0.333221  0.702306  0.531504  0.558921  0.158010  0.585434  0.723872  0.562518  0.551666 0.0  0.560713  0.574152  0.305537  0.631184  0.463554  0.657469  0.579488  0.735508  0.557152  0.579442  0.686199  0.497123  0.287523  0.569712  0.619088  0.467080  0.273537  0.556311  0.643505  0.327208  0.596806  0.653574  0.447308  0.640179  0.628995  0.422078  0.508731  0.522254  0.672820  0.648999  0.592164  0.367559  0.417317  0.565798  0.598313  0.489018  0.596361  0.511197  0.653900  0.583723  0.567720  0.436105  0.517994  0.515949  0.700944  0.476349  0.222321  0.561051  0.367362  0.481768  0.595871  0.255543  0.523995  0.588592  0.624921 
18  0.658191  0.667703  0.619376  0.644536  0.597744  0.430409  0.605808  0.826660  0.559291  0.527346  0.592071  0.350120  0.565865  0.444449  0.708443  0.436659  0.673289  0.560713 0.0  0.661770  0.459732  0.755126  0.515697  0.542957  0.593732  0.687872  0.610056  0.544274  0.479842  0.576249  0.619158  0.659433  0.740306  0.602155  0.487841  0.633301  0.663814  0.499093  0.393668  0.667937  0.579583  0.509866  0.647143  0.567292  0.344567  0.530422  0.632776  0.519504  0.587652  0.639345  0.612684  0.534331  0.688875  0.615996  0.700926  0.555663  0.569470  0.589314  0.643243  0.644858  0.556612  0.673284  0.613186  0.602124  0.643595  0.653595  0.561311  0.717471  0.610762  0.677043  0.649406  0.590897  0.666947 
19  0.553233  0.543111  0.118809  0.496131  0.624885  0.560101  0.155853  0.780915  0.606569  0.765272  0.535745  0.693488  0.617245  0.618787  0.845930  0.751541  0.416943  0.574152  0.661770 0.0  0.626487  0.499945  0.472446  0.665165  0.569844  0.655277  0.187589  0.624623  0.710549  0.515338  0.525283  0.591736  0.369645  0.521347  0.547975  0.068135  0.270414  0.591263  0.664402  0.442934  0.582693  0.672041  0.618418  0.564277  0.589445  0.587185  0.759977  0.715013  0.653398  0.619378  0.513878  0.524553  0.341620  0.225371  0.368243  0.594575  0.641370  0.577858  0.641024  0.613984  0.487981  0.197862  0.685196  0.539526  0.539142  0.196116  0.570971  0.401202  0.630128  0.511292  0.551505  0.572029  0.687324 
20  0.409319  0.472234  0.478758  0.273679  0.347947  0.616800  0.543726  0.746604  0.289528  0.531466  0.547313  0.540776  0.090531  0.555955  0.798994  0.587598  0.647537  0.305537  0.459732  0.626487 0.0  0.728001  0.519793  0.664165  0.591105  0.692739  0.611262  0.606216  0.636128  0.392297  0.408232  0.621444  0.592517  0.303098  0.380141  0.600824  0.565593  0.282565  0.598955  0.673797  0.405330  0.662158  0.638749  0.389723  0.600506  0.555813  0.708929  0.657664  0.568731  0.239511  0.494001  0.494668  0.563717  0.537182  0.729544  0.478129  0.655390  0.543143  0.705044  0.505070  0.491098  0.568090  0.609609  0.482354  0.143618  0.547571  0.297903  0.445441  0.557036  0.282050  0.629463  0.482540  0.627399 
21  0.596101  0.632141  0.603679  0.623827  0.721360  0.711396  0.567125  0.696052  0.587747  0.611008  0.719315  0.663792  0.662590  0.697211  0.789921  0.694892  0.478113  0.631184  0.755126  0.499945  0.728001 0.0  0.634616  0.729041  0.643333  0.675949  0.635742  0.751876  0.715226  0.638838  0.629608  0.611019  0.577716  0.657725  0.641481  0.529949  0.542618  0.653426  0.618248  0.653197  0.597781  0.716041  0.677378  0.668465  0.679513  0.660361  0.769714  0.664953  0.679130  0.755565  0.605955  0.659326  0.587772  0.679048  0.550008  0.652549  0.751420  0.650257  0.695610  0.665433  0.598426  0.570632  0.695698  0.673902  0.717292  0.621911  0.550309  0.635056  0.687895  0.641931  0.637896  0.681361  0.758753 
22  0.456000  0.422075  0.489313  0.560827  0.535341  0.640495  0.478696  0.595017  0.504461  0.573337  0.622809  0.594858  0.561946  0.578861  0.716793  0.643947  0.501855  0.463554  0.515697  0.472446  0.519793  0.634616 0.0  0.610548  0.495380  0.709141  0.362303  0.634060  0.644271  0.563941  0.444113  0.592412  0.540550  0.496236  0.479643  0.502623  0.502252  0.584872  0.680474  0.502759  0.470644  0.574342  0.621652  0.417089  0.610783  0.560515  0.743922  0.718928  0.667489  0.555265  0.500159  0.263946  0.517922  0.552219  0.462589  0.436346  0.666557  0.606463  0.600505  0.573693  0.446185  0.442324  0.654682  0.375319  0.489446  0.459421  0.527408  0.316319  0.519856  0.516717  0.627641  0.661350  0.718775 
23  0.619320  0.672389  0.682351  0.619317  0.676751  0.556317  0.691884  0.788550  0.629786  0.547721  0.538104  0.553622  0.700262  0.653646  0.647448  0.594396  0.644220  0.657469  0.542957  0.665165  0.664165  0.729041  0.610548 0.0  0.680419  0.805068  0.749880  0.639400  0.576322  0.715661  0.637593  0.738985  0.716896  0.608305  0.694082  0.616501  0.784263  0.683139  0.645084  0.745266  0.621730  0.553307  0.692589  0.669634  0.531587  0.709825  0.466568  0.572909  0.580828  0.659309  0.709104  0.735904  0.785258  0.764975  0.673908  0.731356  0.553001  0.597080  0.665526  0.746150  0.665779  0.735467  0.670550  0.705260  0.657190  0.663482  0.608283  0.800569  0.586655  0.731885  0.777639  0.686969  0.499204 
24  0.615282  0.455518  0.549714  0.501886  0.413721  0.621387  0.665156  0.784453  0.490936  0.661673  0.510240  0.589331  0.579590  0.555098  0.909513  0.642759  0.579229  0.579488  0.593732  0.569844  0.591105  0.643333  0.495380  0.680419 0.0  0.738882  0.587750  0.627037  0.571179  0.429939  0.478163  0.492797  0.573542  0.598743  0.509482  0.560843  0.574801  0.489943  0.626149  0.510438  0.568007  0.645402  0.554591  0.392289  0.574769  0.619382  0.711067  0.698346  0.622265  0.551311  0.555688  0.436441  0.570692  0.548332  0.602064  0.617651  0.638233  0.510287  0.677941  0.504505  0.503986  0.628236  0.615329  0.596540  0.608096  0.581430  0.597331  0.511055  0.622557  0.454234  0.362678  0.546000  0.605280 
25  0.598897  0.667688  0.681837  0.605011  0.672731  0.748394  0.657366  0.588927  0.740200  0.769572  0.751866  0.775388  0.678984  0.666218  0.873417  0.683703  0.651896  0.735508  0.687872  0.655277  0.692739  0.675949  0.709141  0.805068  0.738882 0.0  0.583578  0.651819  0.787166  0.654980  0.707343  0.584878  0.613647  0.623087  0.738974  0.505262  0.643884  0.720220  0.675926  0.658389  0.709680  0.871800  0.569974  0.710382  0.759023  0.721031  0.782389  0.745132  0.691867  0.804803  0.755006  0.748323  0.713123  0.699308  0.633680  0.623291  0.723426  0.682867  0.725723  0.681364  0.602326  0.733111  0.761050  0.712253  0.719562  0.626742  0.823321  0.647122  0.696373  0.656639  0.571650  0.821093  0.730865 
26  0.542903  0.416618  0.250558  0.630078  0.504140  0.674412  0.033502  0.702963  0.453556  0.651684  0.689409  0.648022  0.642907  0.584607  0.753564  0.665757  0.418466  0.557152  0.610056  0.187589  0.611262  0.635742  0.362303  0.749880  0.587750  0.583578 0.0  0.722272  0.610366  0.627883  0.487056  0.646915  0.536661  0.496830  0.523797  0.269406  0.466834  0.515865  0.657790  0.399667  0.585814  0.737786  0.576657  0.554545  0.701855  0.608678  0.710013  0.777457  0.575164  0.571208  0.477754  0.584108  0.298113  0.044693  0.397693  0.557992  0.645622  0.561879  0.712798  0.621567  0.254345  0.093847  0.647808  0.512059  0.674969  0.281733  0.578950  0.514571  0.634272  0.538544  0.645863  0.692853  0.749440 
27  0.724749  0.662829  0.709110  0.631198  0.683410  0.507434  0.698678  0.867477  0.673279  0.513527  0.614245  0.598519  0.523535  0.663134  0.644510  0.489466  0.667794  0.579442  0.544274  0.624623  0.606216  0.751876  0.634060  0.639400  0.627037  0.651819  0.722272 0.0  0.586090  0.400805  0.565382  0.628899  0.786621  0.569340  0.662277  0.713493  0.741544  0.588985  0.476928  0.608630  0.519391  0.468755  0.820620  0.722024  0.538658  0.614568  0.438864  0.440119  0.455957  0.534248  0.611312  0.648140  0.604142  0.587789  0.654021  0.724760  0.243441  0.524106  0.521100  0.553282  0.641275  0.738648  0.485163  0.627582  0.527417  0.764328  0.598706  0.731748  0.570239  0.587548  0.696951  0.478623  0.496410 
28  0.681016  0.675352  0.673769  0.584989  0.571665  0.594729  0.693839  0.789710  0.656975  0.577238  0.557660  0.495932  0.691151  0.581117  0.643508  0.439698  0.594824  0.686199  0.479842  0.710549  0.636128  0.715226  0.644271  0.576322  0.571179  0.787166  0.610366  0.586090 0.0  0.614969  0.609814  0.648119  0.664818  0.599959  0.727385  0.678760  0.599954  0.664742  0.554688  0.697478  0.642677  0.262830  0.783237  0.654785  0.632846  0.605653  0.529478  0.575744  0.438374  0.637263  0.693544  0.587174  0.673681  0.592885  0.758465  0.658322  0.307801  0.521205  0.341425  0.670557  0.610679  0.641488  0.348453  0.642328  0.657691  0.679076  0.567553  0.684521  0.604774  0.615084  0.549787  0.571348  0.521476 
29  0.429228  0.404763  0.589320  0.413428  0.308214  0.631965  0.649036  0.753859  0.437335  0.766611  0.594096  0.689182  0.326018  0.543257  0.733213  0.595757  0.559410  0.497123  0.576249  0.515338  0.392297  0.638838  0.563941  0.715661  0.429939  0.654980  0.627883  0.400805  0.614969 0.0  0.353035  0.577615  0.717895  0.500344  0.485282  0.430654  0.584732  0.332221  0.595152  0.653745  0.290197  0.636634  0.690690  0.440153  0.677903  0.504668  0.658996  0.677724  0.613310  0.388993  0.366224  0.489650  0.598244  0.541383  0.472332  0.473583  0.643928  0.521206  0.560650  0.420065  0.515885  0.593375  0.679023  0.410474  0.371637  0.628979  0.363390  0.467222  0.614419  0.311763  0.465921  0.535232  0.615431 
30  0.344773  0.399140  0.510379  0.351429  0.355792  0.655508  0.493706  0.753517  0.243017  0.626779  0.500926  0.622801  0.333725  0.627357  0.840467  0.546760  0.586448  0.287523  0.619158  0.525283  0.408232  0.629608  0.444113  0.637593  0.478163  0.707343  0.487056  0.565382  0.609814  0.353035 0.0  0.618009  0.573500  0.492743  0.381400  0.588834  0.603776  0.493665  0.728857  0.677679  0.428930  0.568861  0.691508  0.288002  0.678458  0.558054  0.626350  0.644454  0.688381  0.338462  0.392327  0.379816  0.534208  0.576569  0.531031  0.422110  0.637958  0.488440  0.660188  0.589273  0.504672  0.579438  0.720003  0.518216  0.261995  0.581341  0.417170  0.476403  0.618958  0.182487  0.542481  0.502208  0.676811 
31  0.508424  0.594922  0.594248  0.610910  0.651675  0.717300  0.534944  0.803036  0.552897  0.661131  0.543126  0.767468  0.585275  0.652515  0.743070  0.738403  0.559811  0.569712  0.659433  0.591736  0.621444  0.611019  0.592412  0.738985  0.492797  0.584878  0.646915  0.628899  0.648119  0.577615  0.618009 0.0  0.655206  0.546081  0.649211  0.606402  0.589726  0.742464  0.716230  0.440371  0.478647  0.663049  0.634429  0.541437  0.683287  0.642116  0.761637  0.721560  0.595397  0.567936  0.605814  0.576528  0.579167  0.489361  0.570458  0.622921  0.684412  0.631601  0.557082  0.619666  0.534838  0.460778  0.666048  0.420377  0.573811  0.498299  0.585337  0.576873  0.591288  0.564140  0.406077  0.619903  0.730785 
32  0.691425  0.534369  0.351292  0.661693  0.549792  0.642280  0.418787  0.706626  0.593290  0.607892  0.682202  0.640051  0.515363  0.732774  0.742447  0.722961  0.390827  0.619088  0.740306  0.369645  0.592517  0.577716  0.540550  0.716896  0.573542  0.613647  0.536661  0.786621  0.664818  0.717895  0.573500  0.655206 0.0  0.638387  0.578350  0.301862  0.371200  0.642934  0.712587  0.557291  0.464231  0.699531  0.791625  0.623550  0.691229  0.631418  0.697532  0.697306  0.587893  0.542200  0.568969  0.524894  0.303353  0.459280  0.242833  0.501941  0.689629  0.591422  0.702037  0.616963  0.478967  0.327466  0.686723  0.561391  0.564409  0.405995  0.565025  0.512115  0.681825  0.643019  0.553674  0.640037  0.576305 
33  0.223952  0.497936  0.519578  0.486944  0.417983  0.572617  0.542690  0.749576  0.404183  0.624104  0.572516  0.538605  0.411167  0.556866  0.786171  0.651571  0.479793  0.467080  0.602155  0.521347  0.303098  0.657725  0.496236  0.608305  0.598743  0.623087  0.496830  0.569340  0.599959  0.500344  0.492743  0.546081  0.638387 0.0  0.251298  0.550784  0.589910  0.488540  0.575756  0.672813  0.310037  0.652984  0.769105  0.402601  0.625447  0.619620  0.619526  0.584161  0.530290  0.398532  0.211403  0.424570  0.555462  0.548051  0.588249  0.409815  0.656084  0.552198  0.673000  0.570455  0.460688  0.592050  0.636941  0.470677  0.407132  0.601134  0.364616  0.495102  0.565247  0.381067  0.567844  0.556365  0.645513 
34  0.283395  0.495261  0.625009  0.324339  0.365617  0.707196  0.629251  0.855412  0.353151  0.686279  0.585368  0.568879  0.361115  0.686630  0.715029  0.683054  0.562429  0.273537  0.487841  0.547975  0.380141  0.641481  0.479643  0.694082  0.509482  0.738974  0.523797  0.662277  0.727385  0.485282  0.381400  0.649211  0.578350  0.251298 0.0  0.541448  0.561832  0.402965  0.594157  0.463067  0.431875  0.690307  0.803717  0.435965  0.510213  0.564390  0.769529  0.568577  0.628083  0.355960  0.249905  0.533675  0.596299  0.586560  0.531612  0.485963  0.684664  0.558979  0.564868  0.593439  0.519825  0.627528  0.577868  0.504349  0.451198  0.590341  0.201484  0.437138  0.556811  0.392213  0.468254  0.563154  0.733490 
35  0.516964  0.574742  0.168175  0.561682  0.607484  0.657270  0.203814  0.745853  0.541411  0.708708  0.716463  0.607171  0.595864  0.620092  0.765576  0.653700  0.477610  0.556311  0.633301  0.068135  0.600824  0.529949  0.502623  0.616501  0.560843  0.505262  0.269406  0.713493  0.678760  0.430654  0.588834  0.606402  0.301862  0.550784  0.541448 0.0  0.222839  0.523502  0.582961  0.534900  0.562250  0.631657  0.752608  0.589457  0.546351  0.677908  0.694008  0.712572  0.596096  0.596233  0.579912  0.473831  0.247487  0.176171  0.371248  0.507273  0.666628  0.630692  0.706706  0.669727  0.424737  0.238230  0.686545  0.518253  0.603543  0.196051  0.555697  0.462943  0.652405  0.567400  0.551252  0.666208  0.711290 
36  0.524576  0.568479  0.304695  0.610865  0.535537  0.649057  0.422805  0.693779  0.509560  0.739296  0.617932  0.616782  0.570131  0.578188  0.807717  0.742612  0.339982  0.643505  0.663814  0.270414  0.565593  0.542618  0.502252  0.784263  0.574801  0.643884  0.466834  0.741544  0.599954  0.584732  0.603776  0.589726  0.371200  0.589910  0.561832  0.222839 0.0  0.605826  0.591812  0.411832  0.481844  0.717553  0.650946  0.543908  0.538462  0.658629  0.693934  0.612598  0.537291  0.606110  0.539419  0.515054  0.000000  0.474509  0.295619  0.530483  0.678038  0.631655  0.707762  0.608149  0.535569  0.419895  0.773580  0.498913  0.551021  0.307953  0.554389  0.490760  0.659284  0.664435  0.564995  0.599093  0.743670 
37  0.449626  0.576654  0.616579  0.299748  0.400076  0.672287  0.566997  0.742326  0.402798  0.598050  0.494743  0.528961  0.288440  0.528744  0.772988  0.491080  0.539115  0.327208  0.499093  0.591263  0.282565  0.653426  0.584872  0.683139  0.489943  0.720220  0.515865  0.588985  0.664742  0.332221  0.493665  0.742464  0.642934  0.488540  0.402965  0.523502  0.605826 0.0  0.532904  0.612901  0.467388  0.618987  0.697431  0.480687  0.592871  0.502788  0.547991  0.675555  0.574641  0.227928  0.394348  0.545018  0.529854  0.603772  0.597063  0.513202  0.639556  0.366115  0.686375  0.437674  0.599592  0.563481  0.655592  0.551400  0.356088  0.560437  0.412281  0.495581  0.499749  0.345022  0.533648  0.631207  0.631349 
38  0.626080  0.568496  0.629085  0.553711  0.609557  0.140926  0.693178  0.861316  0.503851  0.561520  0.582544  0.280961  0.628923  0.506149  0.624663  0.536919  0.633863  0.596806  0.393668  0.664402  0.598955  0.618248  0.680474  0.645084  0.626149  0.675926  0.657790  0.476928  0.554688  0.595152  0.728857  0.716230  0.712587  0.575756  0.594157  0.582961  0.591812  0.532904 0.0  0.666434  0.633284  0.422336  0.812318  0.577468  0.355593  0.545496  0.415232  0.524114  0.620508  0.633345  0.591249  0.614184  0.627567  0.711886  0.612999  0.642789  0.622442  0.602652  0.505092  0.657437  0.766387  0.596012  0.593019  0.586669  0.547342  0.648739  0.564539  0.579849  0.596020  0.567351  0.642340  0.655178  0.658234 
39  0.666905  0.616724  0.460085  0.577583  0.550071  0.694981  0.471836  0.658441  0.622420  0.690029  0.632257  0.727579  0.665188  0.657498  0.821473  0.698806  0.540941  0.653574  0.667937  0.442934  0.673797  0.653197  0.502759  0.745266  0.510438  0.658389  0.399667  0.608630  0.697478  0.653745  0.677679  0.440371  0.557291  0.672813  0.463067  0.534900  0.411832  0.612901  0.666434 0.0  0.636504  0.613306  0.709716  0.687185  0.643155  0.529036  0.731408  0.734343  0.637653  0.680520  0.594380  0.457661  0.517263  0.495479  0.458938  0.556217  0.696925  0.693418  0.690461  0.732943  0.557517  0.525164  0.678211  0.662749  0.635363  0.463411  0.647996  0.522648  0.638910  0.647339  0.553955  0.621936  0.669819 
40  0.369430  0.250413  0.564743  0.459556  0.392176  0.699778  0.635261  0.783984  0.437288  0.582883  0.598625  0.598277  0.496290  0.620325  0.810409  0.664577  0.611360  0.447308  0.579583  0.582693  0.405330  0.597781  0.470644  0.621730  0.568007  0.709680  0.585814  0.519391  0.642677  0.290197  0.428930  0.478647  0.464231  0.310037  0.431875  0.562250  0.481844  0.467388  0.633284  0.636504 0.0  0.631206  0.708402  0.227295  0.611771  0.583164  0.592460  0.723465  0.546247  0.516703  0.521709  0.461857  0.573933  0.510994  0.652487  0.294735  0.579831  0.629658  0.682198  0.565240  0.498599  0.584810  0.759319  0.408464  0.417767  0.587124  0.461333  0.448675  0.552089  0.419890  0.566698  0.579342  0.665051 
41  0.633435  0.579031  0.759362  0.577518  0.562045  0.569460  0.711238  0.701819  0.601860  0.531975  0.530914  0.544472  0.498156  0.503590  0.739324  0.362807  0.724346  0.640179  0.509866  0.672041  0.662158  0.716041  0.574342  0.553307  0.645402  0.871800  0.737786  0.468755  0.262830  0.636634  0.568861  0.663049  0.699531  0.652984  0.690307  0.631657  0.717553  0.618987  0.422336  0.613306  0.631206 0.0  0.679270  0.562371  0.633434  0.617671  0.536123  0.508574  0.540509  0.622978  0.598878  0.640557  0.719833  0.745995  0.659711  0.595325  0.391104  0.617721  0.159096  0.603446  0.600476  0.716252  0.484609  0.563765  0.750714  0.666576  0.637395  0.647999  0.546407  0.588902  0.673191  0.497031  0.552708 
42  0.759454  0.670737  0.727574  0.746938  0.690632  0.684924  0.651035  0.637464  0.599889  0.768772  0.714167  0.698716  0.632101  0.707275  1.000000  0.712934  0.839249  0.628995  0.647143  0.618418  0.638749  0.677378  0.621652  0.692589  0.554591  0.569974  0.576657  0.820620  0.783237  0.690690  0.691508  0.634429  0.791625  0.769105  0.803717  0.752608  0.650946  0.697431  0.812318  0.709716  0.708402  0.679270 0.0  0.652488  0.757246  0.725635  0.817653  0.673218  0.682542  0.751458  0.637394  0.696435  0.726898  0.636245  0.564486  0.611384  0.655820  0.774258  0.611616  0.657583  0.619147  0.625898  0.703636  0.729250  0.631649  0.717022  0.736933  0.674545  0.642194  0.715886  0.543599  0.780648  0.698196 
43  0.408297  0.290181  0.556137  0.412058  0.415794  0.572419  0.526856  0.740506  0.488386  0.724579  0.649211  0.601829  0.492508  0.687571  0.686348  0.629370  0.607639  0.422078  0.567292  0.564277  0.389723  0.668465  0.417089  0.669634  0.392289  0.710382  0.554545  0.722024  0.654785  0.440153  0.288002  0.541437  0.623550  0.402601  0.435965  0.589457  0.543908  0.480687  0.577468  0.687185  0.227295  0.562371  0.652488 0.0  0.648081  0.532639  0.708598  0.740051  0.487726  0.469836  0.425823  0.305676  0.547914  0.465639  0.580610  0.365867  0.645774  0.525969  0.576590  0.527584  0.533933  0.495757  0.558803  0.341353  0.423753  0.457617  0.481282  0.489368  0.592820  0.400442  0.568930  0.535557  0.678060 
44  0.681811  0.711261  0.612671  0.531300  0.607902  0.357249  0.588012  0.798860  0.567144  0.596833  0.647463  0.389288  0.618884  0.435394  0.636325  0.456878  0.592421  0.508731  0.344567  0.589445  0.600506  0.679513  0.610783  0.531587  0.574769  0.759023  0.701855  0.538658  0.632846  0.677903  0.678458  0.683287  0.691229  0.625447  0.510213  0.546351  0.538462  0.592871  0.355593  0.643155  0.611771  0.633434  0.757246  0.648081 0.0  0.600494  0.536218  0.435471  0.516671  0.674782  0.486828  0.626379  0.688464  0.611797  0.632251  0.675728  0.511618  0.637811  0.499928  0.684809  0.639569  0.698103  0.621596  0.710420  0.586650  0.651765  0.612431  0.645291  0.516706  0.634925  0.580243  0.533854  0.619534 
45  0.469234  0.571426  0.673232  0.502402  0.553782  0.434041  0.606111  0.824940  0.484696  0.678035  0.497784  0.569869  0.424692  0.467843  0.685484  0.509543  0.546966  0.522254  0.530422  0.587185  0.555813  0.660361  0.560515  0.709825  0.619382  0.721031  0.608678  0.614568  0.605653  0.504668  0.558054  0.642116  0.631418  0.619620  0.564390  0.677908  0.658629  0.502788  0.545496  0.529036  0.583164  0.617671  0.725635  0.532639  0.600494 0.0  0.535885  0.605934  0.463674  0.571820  0.479844  0.574091  0.650458  0.670205  0.659375  0.486818  0.567255  0.415427  0.584009  0.473369  0.590510  0.665955  0.583502  0.595338  0.445680  0.686355  0.499457  0.569293  0.512761  0.498258  0.627623  0.469638  0.602155 
46  0.665983  0.620850  0.667078  0.672886  0.663380  0.541250  0.770517  0.748589  0.556594  0.469114  0.633643  0.499451  0.692586  0.621168  0.638792  0.518966  0.725270  0.672820  0.632776  0.759977  0.708929  0.769714  0.743922  0.466568  0.711067  0.782389  0.710013  0.438864  0.529478  0.658996  0.626350  0.761637  0.697532  0.619526  0.769529  0.694008  0.693934  0.547991  0.415232  0.731408  0.592460  0.536123  0.817653  0.708598  0.536218  0.535885 0.0  0.501598  0.528847  0.600684  0.544936  0.630705  0.605476  0.629004  0.683703  0.714809  0.486261  0.568672  0.601489  0.619103  0.605094  0.705244  0.596580  0.645805  0.677400  0.747427  0.753286  0.715569  0.660748  0.682891  0.718577  0.512673  0.552599 
47  0.677862  0.637498  0.753750  0.661509  0.599281  0.556349  0.658664  0.813451  0.698155  0.478383  0.619510  0.460834  0.596157  0.522769  0.757928  0.493412  0.663085  0.648999  0.519504  0.715013  0.657664  0.664953  0.718928  0.572909  0.698346  0.745132  0.777457  0.440119  0.575744  0.677724  0.644454  0.721560  0.697306  0.584161  0.568577  0.712572  0.612598  0.675555  0.524114  0.734343  0.723465  0.508574  0.673218  0.740051  0.435471  0.605934  0.501598 0.0  0.433269  0.680397  0.618365  0.682848  0.748863  0.702334  0.584274  0.541375  0.438911  0.581444  0.490852  0.668349  0.729695  0.620926  0.574548  0.680854  0.696589  0.671401  0.621370  0.594835  0.594652  0.686587  0.690035  0.610125  0.621654 
48  0.590092  0.624628  0.721267  0.491972  0.682198  0.495604  0.661619  0.732999  0.603204  0.646864  0.499364  0.541828  0.633271  0.396545  0.729265  0.173351  0.694828  0.592164  0.587652  0.653398  0.568731  0.679130  0.667489  0.580828  0.622265  0.691867  0.575164  0.455957  0.438374  0.613310  0.688381  0.595397  0.587893  0.530290  0.628083  0.596096  0.537291  0.574641  0.620508  0.637653  0.546247  0.540509  0.682542  0.487726  0.516671  0.463674  0.528847  0.433269 0.0  0.565654  0.581866  0.586812  0.621272  0.664640  0.546815  0.669966  0.460985  0.587590  0.512494  0.631772  0.583356  0.623485  0.482683  0.732675  0.664811  0.611318  0.598838  0.729341  0.526495  0.554006  0.597428  0.320540  0.524612 
49  0.408308  0.462234  0.635148  0.360695  0.348378  0.555437  0.640949  0.808097  0.315058  0.675930  0.477467  0.570995  0.244002  0.532148  0.780555  0.606737  0.600457  0.367559  0.639345  0.619378  0.239511  0.755565  0.555265  0.659309  0.551311  0.804803  0.571208  0.534248  0.637263  0.388993  0.338462  0.567936  0.542200  0.398532  0.355960  0.596233  0.606110  0.227928  0.633345  0.680520  0.516703  0.622978  0.751458  0.469836  0.674782  0.571820  0.600684  0.680397  0.565654 0.0  0.500446  0.475538  0.533225  0.616249  0.607187  0.543305  0.619225  0.516378  0.588072  0.523473  0.571167  0.561476  0.651012  0.515131  0.368529  0.616808  0.304322  0.462730  0.494216  0.413979  0.417994  0.489458  0.764862 
50  0.138456  0.397598  0.482708  0.327081  0.384693  0.547286  0.528037  0.764875  0.288151  0.762610  0.578294  0.663451  0.349699  0.595446  0.862042  0.667876  0.485267  0.417317  0.612684  0.513878  0.494001  0.605955  0.500159  0.709104  0.555688  0.755006  0.477754  0.611312  0.693544  0.366224  0.392327  0.605814  0.568969  0.211403  0.249905  0.579912  0.539419  0.394348  0.591249  0.594380  0.521709  0.598878  0.637394  0.425823  0.486828  0.479844  0.544936  0.618365  0.581866  0.500446 0.0  0.371895  0.551197  0.649288  0.513980  0.470993  0.575903  0.508772  0.635670  0.537502  0.481204  0.495975  0.618049  0.420842  0.382745  0.514293  0.411378  0.464806  0.545742  0.332747  0.542909  0.625325  0.742783 
51  0.484435  0.321887  0.441231  0.503637  0.474687  0.619086  0.490793  0.782920  0.521572  0.625209  0.588694  0.634074  0.443716  0.624806  0.741604  0.730810  0.517726  0.565798  0.534331  0.524553  0.494668  0.659326  0.263946  0.735904  0.436441  0.748323  0.584108  0.648140  0.587174  0.489650  0.379816  0.576528  0.524894  0.424570  0.533675  0.473831  0.515054  0.545018  0.614184  0.457661  0.461857  0.640557  0.696435  0.305676  0.626379  0.574091  0.630705  0.682848  0.586812  0.475538  0.371895 0.0  0.502012  0.466178  0.471722  0.197049  0.622764  0.605144  0.579076  0.583375  0.509856  0.489936  0.660211  0.099146  0.520367  0.620757  0.415727  0.280205  0.603074  0.321033  0.547224  0.622227  0.658684 
52  0.538701  0.490351  0.294609  0.665885  0.511438  0.607414  0.402147  0.720330  0.502457  0.702452  0.629809  0.647136  0.628263  0.658236  0.771456  0.650082  0.431556  0.598313  0.688875  0.341620  0.563717  0.587772  0.517922  0.785258  0.570692  0.713123  0.298113  0.604142  0.673681  0.598244  0.534208  0.579167  0.303353  0.555462  0.596299  0.247487  0.000000  0.529854  0.627567  0.517263  0.573933  0.719833  0.726898  0.547914  0.688464  0.650458  0.605476  0.748863  0.621272  0.533225  0.551197  0.502012 0.0  0.381695  0.321995  0.649094  0.685528  0.690049  0.662823  0.649352  0.529685  0.333539  0.627903  0.487364  0.705393  0.307010  0.525483  0.608046  0.615770  0.490755  0.616949  0.680481  0.760585 
53  0.520101  0.545237  0.305243  0.527042  0.555326  0.724685  0.203951  0.775435  0.587814  0.680840  0.651883  0.592101  0.692215  0.614618  0.756991  0.596016  0.323309  0.489018  0.615996  0.225371  0.537182  0.679048  0.552219  0.764975  0.548332  0.699308  0.044693  0.587789  0.592885  0.541383  0.576569  0.489361  0.459280  0.548051  0.586560  0.176171  0.474509  0.603772  0.711886  0.495479  0.510994  0.745995  0.636245  0.465639  0.611797  0.670205  0.629004  0.702334  0.664640  0.616249  0.649288  0.466178  0.381695 0.0  0.395701  0.555060  0.580002  0.614977  0.737738  0.625823  0.427495  0.059897  0.679958  0.484431  0.493019  0.313441  0.482816  0.431140  0.603731  0.527064  0.551318  0.644501  0.698677 
