89
0 0.0  0.446812  0.597084  0.549340  0.605708  0.678839  0.720671  0.361185  0.625045  0.676341  0.508823  0.758262  0.681572  0.730630  0.805272  0.718154  0.725033  0.734366  0.849739  0.657900  0.458470  0.653855  0.638327  0.682481  0.558827  0.645124  0.703253  0.752861  0.587317  0.650342  0.693213  0.597389  0.470990  0.612855  0.741850  0.777610  0.733482  0.540826  0.665415  0.449023  0.478237  0.484324  0.596028  0.673668  0.324596  0.566363  0.559030  0.573759  0.465584  0.709338  0.494907  0.821976  0.448700  0.746446  0.683965  0.507308  0.653852  0.646881  0.529552  0.426593  0.618849  0.527979  0.757826  0.673495  0.580774  0.603184  0.476548  0.454463  0.612587  0.694805  0.704210  0.616760  0.628999  0.627367  0.583622  0.489650  0.683621  0.647940  0.602054  0.686259  0.716043  0.528520  0.606524  0.650189  0.696769  0.665084  0.623136  0.543253  0.624027 
1  0.446812 0.0  0.507677  0.733124  0.463375  0.681668  0.388189  0.415809  0.709241  0.634279  0.544875  0.602403  0.709767  0.658310  0.679809  0.743059  0.608503  0.747742  0.845563  0.608586  0.558705  0.736597  0.655332  0.618890  0.496355  0.549658  0.548293  0.645256  0.588520  0.448598  0.132514  0.640003  0.609613  0.466058  0.590235  0.678177  0.556181  0.518067  0.795875  0.628537  0.485825  0.443277  0.624170  0.333098  0.473322  0.395551  0.489395  0.431613  0.581265  0.616035  0.597833  0.756743  0.579611  0.623649  0.590103  0.381604  0.647470  0.493590  0.632877  0.575751  0.720694  0.407378  0.788960  0.481183  0.614861  0.706250  0.508635  0.514566  0.257668  0.603174  0.583662  0.486187  0.604362  0.443706  0.669483  0.646747  0.533218  0.590869  0.583954  0.716238  0.723237  0.535849  0.659915  0.765796  0.670503  0.707594  0.464204  0.378049  0.620029 
2  0.597084  0.507677 0.0  0.565149  0.617576  0.640729  0.592257  0.589916  0.549823  0.774409  0.587503  0.616298  0.532611  0.711312  0.576347  0.658708  0.764317  0.637001  0.644849  0.539340  0.666049  0.574978  0.605094  0.688090  0.630915  0.641392  0.768138  0.617582  0.584057  0.669863  0.624840  0.624749  0.551227  0.544416  0.711146  0.704771  0.600681  0.476237  0.508533  0.545245  0.516523  0.549740  0.501296  0.713510  0.618948  0.559829  0.562754  0.515612  0.550905  0.674492  0.501552  0.650580  0.681961  0.724120  0.707479  0.614294  0.568357  0.555157  0.496617  0.638187  0.655464  0.604915  0.703834  0.564676  0.647958  0.632583  0.694742  0.493697  0.626468  0.654650  0.602458  0.645351  0.582952  0.685420  0.617745  0.560203  0.573833  0.647256  0.603922  0.612916  0.632011  0.452830  0.574204  0.607030  0.657388  0.543010  0.589252  0.567472  0.550923 
3  0.549340  0.733124  0.565149 0.0  0.550620  0.700144  0.687042  0.590611  0.655596  0.783581  0.520639  0.602255  0.630570  0.745332  0.489055  0.738591  0.781923  0.696496  0.655915  0.595723  0.570993  0.622176  0.681664  0.578039  0.609014  0.559325  0.753855  0.738746  0.531892  0.594475  0.676537  0.592122  0.586742  0.489179  0.495166  0.599480  0.743116  0.478516  0.598295  0.603035  0.636223  0.696145  0.562519  0.656089  0.699722  0.688853  0.598719  0.705658  0.525649  0.515088  0.623015  0.608587  0.745096  0.681631  0.636762  0.624899  0.611160  0.680491  0.567657  0.595870  0.566077  0.553580  0.706087  0.680686  0.584833  0.657137  0.568856  0.432705  0.657413  0.586659  0.763345  0.377642  0.552014  0.589998  0.399031  0.519648  0.474839  0.442985  0.488612  0.660388  0.590884  0.584758  0.606470  0.745086  0.657240  0.722326  0.522187  0.582487  0.693040 
4  0.605708  0.463375  0.617576  0.550620 0.0  0.458283  0.608076  0.468931  0.651784  0.548999  0.587127  0.476223  0.532718  0.605628  0.527451  0.642934  0.530331  0.599291  0.507157  0.553171  0.372782  0.530324  0.497385  0.419863  0.516887  0.477847  0.657251  0.725325  0.601398  0.695116  0.465751  0.387332  0.714653  0.602866  0.548924  0.571547  0.667163  0.542831  0.486605  0.527778  0.629529  0.737264  0.442928  0.501299  0.498782  0.581940  0.242065  0.539029  0.492660  0.663082  0.585053  0.440083  0.528668  0.616968  0.624272  0.413928  0.488386  0.404778  0.537536  0.468270  0.423930  0.711600  0.484193  0.589559  0.455454  0.745279  0.340041  0.514117  0.338701  0.575596  0.644187  0.397277  0.596500  0.556520  0.470881  0.558316  0.520664  0.565889  0.580867  0.652447  0.533574  0.395635  0.647206  0.741017  0.598817  0.570239  0.640563  0.628521  0.631134 
5  0.678839  0.681668  0.640729  0.700144  0.458283 0.0  0.734386  0.719321  0.540569  0.474701  0.560979  0.573996  0.609472  0.799748  0.635749  0.471090  0.545323  0.299064  0.364856  0.557445  0.421591  0.442341  0.404625  0.481392  0.698735  0.610821  0.560105  0.617621  0.618752  0.638545  0.598037  0.375430  0.872942  0.648877  0.450374  0.404825  0.512115  0.660979  0.438891  0.770424  0.900526  0.819093  0.403119  0.748716  0.812782  0.763573  0.741069  0.652996  0.555219  0.518866  0.676113  0.367024  0.742386  0.582639  0.592357  0.593474  0.412035  0.534074  0.540991  0.689571  0.178741  0.762750  0.645496  0.652740  0.445268  0.469357  0.524615  0.636251  0.725912  0.606736  0.577196  0.714039  0.623585  0.533694  0.536776  0.720594  0.731787  0.577846  0.556339  0.422214  0.492537  0.645191  0.702164  0.569469  0.476279  0.588790  0.692970  0.689044  0.664699 
6  0.720671  0.388189  0.592257  0.687042  0.608076  0.734386 0.0  0.547279  0.728120  0.666423  0.717756  0.635678  0.740345  0.692880  0.606433  0.750116  0.509259  0.753197  0.860139  0.649083  0.698029  0.656465  0.665208  0.692571  0.534193  0.569433  0.598356  0.644711  0.667888  0.630958  0.388211  0.736514  0.572352  0.688824  0.753812  0.776860  0.657701  0.615647  0.886271  0.605737  0.349841  0.570123  0.700511  0.410803  0.514018  0.432519  0.632390  0.549674  0.737577  0.732019  0.627780  0.715658  0.662945  0.486487  0.633732  0.419258  0.737745  0.524866  0.515043  0.656860  0.788239  0.631018  0.606908  0.647978  0.737211  0.764282  0.728642  0.531644  0.462346  0.652037  0.632482  0.570397  0.590659  0.386500  0.765412  0.611656  0.572505  0.589596  0.489295  0.732925  0.762792  0.508519  0.545982  0.660520  0.736544  0.678436  0.567996  0.552148  0.594273 
7  0.361185  0.415809  0.589916  0.590611  0.468931  0.719321  0.547279 0.0  0.761737  0.784052  0.507253  0.632931  0.728515  0.754850  0.665193  0.778452  0.639344  0.675515  0.794120  0.772902  0.552753  0.694132  0.655130  0.721922  0.759989  0.689860  0.729294  0.992475  0.555360  0.452666  0.388951  0.595627  0.660229  0.636858  0.711348  0.802975  0.772078  0.509458  0.832065  0.535814  0.544732  0.386263  0.604906  0.555986  0.126171  0.374912  0.578463  0.533526  0.741987  0.716333  0.575730  0.599327  0.301062  0.639288  0.710068  0.380761  0.764885  0.808251  0.758158  0.556933  0.723112  0.596446  0.696167  0.685382  0.730634  0.794005  0.577088  0.503108  0.506508  0.719623  0.662524  0.633070  0.519042  0.576657  0.642790  0.633532  0.658074  0.761682  0.662379  0.771089  0.680770  0.519941  0.665521  0.758207  0.614848  0.702035  0.632123  0.442797  0.638250 
8  0.625045  0.709241  0.549823  0.655596  0.651784  0.540569  0.728120  0.761737 0.0  0.646260  0.647312  0.479399  0.523496  0.679762  0.698930  0.659802  0.743757  0.608982  0.570900  0.555943  0.555281  0.557168  0.525052  0.493064  0.693007  0.479030  0.648555  0.684045  0.621569  0.635983  0.733028  0.655484  0.584189  0.539936  0.679520  0.376397  0.575583  0.587906  0.484184  0.736221  0.886108  0.737734  0.461910  0.710774  0.714309  0.721427  0.696098  0.499884  0.458394  0.512249  0.620228  0.612007  0.709172  0.694899  0.618029  0.765005  0.645352  0.574846  0.387864  0.745708  0.445585  0.513428  0.692272  0.503982  0.492794  0.440824  0.472267  0.625221  0.635413  0.471105  0.704080  0.540111  0.563911  0.706508  0.648007  0.525848  0.376237  0.718971  0.470428  0.468552  0.737493  0.449284  0.622307  0.545700  0.485668  0.556557  0.552738  0.619771  0.546637 
9  0.676341  0.634279  0.774409  0.783581  0.548999  0.474701  0.666423  0.784052  0.646260 0.0  0.594641  0.593777  0.684252  0.571226  0.699103  0.621904  0.611413  0.650410  0.632316  0.545495  0.597571  0.634752  0.574766  0.639038  0.659892  0.667466  0.580410  0.525818  0.592352  0.688182  0.634318  0.557869  0.826194  0.668362  0.588698  0.512464  0.515262  0.651844  0.530004  0.748082  0.743362  0.842084  0.533886  0.613001  0.686919  0.669123  0.653486  0.578730  0.624961  0.641355  0.460369  0.591404  0.783413  0.487639  0.519421  0.599504  0.448011  0.603227  0.707872  0.678564  0.566079  0.579928  0.760132  0.642189  0.521937  0.649827  0.605396  0.603536  0.609205  0.676227  0.697016  0.590024  0.574582  0.626748  0.675692  0.572737  0.630352  0.630524  0.573327  0.594392  0.545194  0.835883  0.463463  0.549655  0.673408  0.659134  0.649016  0.682791  0.597994 
10  0.508823  0.544875  0.587503  0.520639  0.587127  0.560979  0.717756  0.507253  0.647312  0.594641 0.0  0.626598  0.517727  0.476491  0.534287  0.521914  0.617583  0.571078  0.564135  0.620689  0.653267  0.609218  0.663573  0.578776  0.501212  0.548771  0.657294  0.606592  0.567235  0.543813  0.627354  0.616222  0.644044  0.550935  0.531698  0.543116  0.544706  0.675758  0.577527  0.660621  0.720809  0.677834  0.687641  0.530805  0.656629  0.598119  0.550518  0.671334  0.555686  0.630264  0.516756  0.659120  0.521641  0.554926  0.642133  0.614323  0.698879  0.617389  0.654189  0.690635  0.682461  0.634933  0.546809  0.627480  0.545737  0.620895  0.562093  0.621027  0.504423  0.660672  0.593423  0.501802  0.472998  0.599421  0.558295  0.617745  0.712207  0.577051  0.645098  0.561130  0.594007  0.585138  0.526876  0.545892  0.532500  0.718772  0.548566  0.558791  0.570138 
11  0.758262  0.602403  0.616298  0.602255  0.476223  0.573996  0.635678  0.632931  0.479399  0.593777  0.626598 0.0  0.495264  0.632727  0.337937  0.595356  0.686494  0.566832  0.721371  0.493526  0.441489  0.503857  0.611076  0.510798  0.679796  0.493730  0.586430  0.615776  0.505645  0.578424  0.550123  0.482725  0.733952  0.408758  0.533659  0.474244  0.661004  0.600789  0.558848  0.700655  0.705393  0.629191  0.500705  0.634941  0.737227  0.654256  0.658619  0.573943  0.503586  0.543645  0.593746  0.560959  0.589165  0.698987  0.596325  0.483807  0.603193  0.429236  0.474113  0.631088  0.580570  0.613440  0.589570  0.570574  0.536627  0.525656  0.376868  0.583973  0.456427  0.477823  0.544119  0.346522  0.613676  0.628310  0.592532  0.606906  0.561477  0.600046  0.563385  0.564420  0.744041  0.394581  0.649328  0.664573  0.499091  0.583740  0.692270  0.613243  0.668506 
12  0.681572  0.709767  0.532611  0.630570  0.532718  0.609472  0.740345  0.728515  0.523496  0.684252  0.517727  0.495264 0.0  0.740290  0.696934  0.473691  0.651650  0.676002  0.645724  0.533145  0.613266  0.602444  0.645769  0.351930  0.711617  0.540541  0.575984  0.663365  0.569989  0.659962  0.564224  0.562018  0.668515  0.548270  0.592225  0.450545  0.594239  0.617328  0.561785  0.736592  0.579659  0.680277  0.273813  0.726873  0.688251  0.713861  0.527493  0.530497  0.555036  0.680113  0.593227  0.413001  0.658166  0.704137  0.706329  0.496615  0.611590  0.520598  0.576992  0.641806  0.578174  0.676890  0.714079  0.586645  0.490351  0.551773  0.631718  0.447272  0.549219  0.598286  0.731716  0.566067  0.536758  0.582274  0.733398  0.601116  0.659679  0.548414  0.528343  0.556054  0.463076  0.555346  0.419037  0.551755  0.624872  0.572428  0.602700  0.684546  0.587537 
13  0.730630  0.658310  0.711312  0.745332  0.605628  0.799748  0.692880  0.754850  0.679762  0.571226  0.476491  0.632727  0.740290 0.0  0.600153  0.603032  0.525541  0.565392  0.629301  0.586735  0.730350  0.564736  0.629868  0.743958  0.525414  0.663007  0.483053  0.578810  0.770517  0.655667  0.537472  0.632960  0.704256  0.749225  0.663061  0.581614  0.537273  0.766968  0.727989  0.709897  0.700839  0.733394  0.724258  0.656380  0.734296  0.623659  0.797702  0.644922  0.616416  0.560127  0.665194  0.629746  0.729058  0.525296  0.475735  0.512135  0.653878  0.630866  0.638531  0.748657  0.716069  0.743171  0.579575  0.496476  0.669270  0.525468  0.596766  0.604828  0.531291  0.737319  0.415070  0.692216  0.684251  0.538645  0.843841  0.654649  0.697014  0.700823  0.573338  0.606164  0.509369  0.681464  0.592879  0.558325  0.681061  0.481921  0.491620  0.562512  0.532928 
14  0.805272  0.679809  0.576347  0.489055  0.527451  0.635749  0.606433  0.665193  0.698930  0.699103  0.534287  0.337937  0.696934  0.600153 0.0  0.785675  0.723735  0.564148  0.610368  0.458994  0.574864  0.503751  0.599735  0.533663  0.732804  0.328336  0.542901  0.593747  0.630019  0.660646  0.611573  0.486151  0.768784  0.399845  0.447556  0.497823  0.634950  0.560855  0.523995  0.774570  0.706487  0.850484  0.425093  0.574942  0.750029  0.670156  0.650053  0.703532  0.350313  0.416368  0.631063  0.524501  0.716321  0.619068  0.580352  0.509517  0.614305  0.424069  0.522195  0.772871  0.628224  0.738283  0.618321  0.647895  0.642943  0.470696  0.575601  0.490051  0.626747  0.345062  0.655548  0.331813  0.536609  0.584044  0.523876  0.626858  0.563008  0.547372  0.543196  0.435078  0.755127  0.522900  0.827910  0.592764  0.545237  0.476680  0.686252  0.635398  0.581005 
15  0.718154  0.743059  0.658708  0.738591  0.642934  0.471090  0.750116  0.778452  0.659802  0.621904  0.521914  0.595356  0.473691  0.603032  0.785675 0.0  0.754461  0.505860  0.706760  0.466060  0.657681  0.588414  0.693157  0.546867  0.729542  0.701115  0.606510  0.585702  0.672953  0.664769  0.667142  0.655497  0.593989  0.679209  0.598371  0.541019  0.536085  0.648828  0.532840  0.726973  0.656129  0.781753  0.615566  0.703364  0.812008  0.779577  0.547732  0.667737  0.670062  0.577087  0.659610  0.519881  0.777069  0.678853  0.507635  0.576773  0.536587  0.579426  0.644706  0.658186  0.581694  0.603245  0.602660  0.633194  0.662200  0.549906  0.635880  0.629149  0.673408  0.558913  0.632272  0.644781  0.778137  0.719619  0.686972  0.577800  0.747318  0.643714  0.533170  0.641459  0.427496  0.684161  0.746216  0.533532  0.602596  0.506656  0.704677  0.819947  0.685973 
16  0.725033  0.608503  0.764317  0.781923  0.530331  0.545323  0.509259  0.639344  0.743757  0.611413  0.617583  0.686494  0.651650  0.525541  0.723735  0.754461 0.0  0.580251  0.660990  0.575403  0.694477  0.574473  0.619765  0.807003  0.590667  0.505879  0.480239  0.492382  0.652859  0.662116  0.522491  0.690123  0.716277  0.829730  0.643229  0.664237  0.467150  0.710311  0.827726  0.661641  0.744086  0.551277  0.759148  0.506815  0.726802  0.500963  0.623887  0.565627  0.719895  0.702837  0.699389  0.744418  0.668582  0.240627  0.555276  0.535992  0.712419  0.581810  0.777919  0.844478  0.624266  0.683687  0.528434  0.534644  0.647770  0.712157  0.580464  0.670807  0.547890  0.652477  0.496760  0.652488  0.518864  0.459213  0.691346  0.540447  0.711558  0.545622  0.527989  0.713514  0.507274  0.736500  0.747963  0.561603  0.654906  0.676291  0.663219  0.587694  0.607134 
17  0.734366  0.747742  0.637001  0.696496  0.599291  0.299064  0.753197  0.675515  0.608982  0.650410  0.571078  0.566832  0.676002  0.565392  0.564148  0.505860  0.580251 0.0  0.374444  0.432487  0.522474  0.514048  0.474466  0.453701  0.570764  0.553906  0.580778  0.592483  0.680027  0.618603  0.689859  0.447045  0.766935  0.720422  0.447171  0.535484  0.640076  0.558793  0.376064  0.684910  0.758006  0.635381  0.537479  0.637964  0.648531  0.731425  0.681389  0.718287  0.608715  0.560041  0.636641  0.524579  0.736944  0.543687  0.492041  0.597103  0.446400  0.563941  0.607366  0.628526  0.548923  0.678155  0.649366  0.597390  0.461215  0.474255  0.590659  0.640121  0.581802  0.571656  0.643191  0.522582  0.611979  0.583816  0.466965  0.680702  0.653337  0.642072  0.592211  0.536159  0.533398  0.568659  0.688760  0.447383  0.569613  0.619787  0.758845  0.575095  0.637415 
18  0.849739  0.845563  0.644849  0.655915  0.507157  0.364856  0.860139  0.794120  0.570900  0.632316  0.564135  0.721371  0.645724  0.629301  0.610368  0.706760  0.660990  0.374444 0.0  0.570501  0.410386  0.590064  0.389458  0.529112  0.783452  0.581661  0.560913  0.726270  0.651982  0.639686  0.736197  0.439150  0.789626  0.701676  0.569733  0.501496  0.580187  0.696325  0.311404  0.654479  0.803920  0.773786  0.489433  0.735135  0.712654  0.829232  0.806524  0.730321  0.619739  0.633417  0.679549  0.410986  0.786144  0.620178  0.601094  0.705888  0.336090  0.651679  0.632208  0.790901  0.315080  0.567220  0.674695  0.655805  0.353260  0.559917  0.581758  0.670007  0.678894  0.576512  0.624467  0.637379  0.662906  0.694629  0.562354  0.687298  0.668696  0.723570  0.634760  0.601808  0.703531  0.608916  0.709502  0.485245  0.527961  0.562830  0.609813  0.721027  0.686944 
19  0.657900  0.608586  0.539340  0.595723  0.553171  0.557445  0.649083  0.772902  0.555943  0.545495  0.620689  0.493526  0.533145  0.586735  0.458994  0.466060  0.575403  0.432487  0.570501 0.0  0.585921  0.433634  0.619897  0.586843  0.525894  0.313677  0.459012  0.634790  0.620487  0.689762  0.676275  0.614264  0.891004  0.485067  0.575015  0.342516  0.433031  0.477347  0.523192  0.738982  0.772937  0.798077  0.513665  0.561884  0.729907  0.708574  0.552704  0.747879  0.524747  0.405636  0.586160  0.567328  0.748589  0.578078  0.519608  0.592966  0.477069  0.368380  0.528078  0.613051  0.571755  0.612415  0.430556  0.772586  0.490695  0.376583  0.465372  0.701196  0.631677  0.556475  0.596001  0.426649  0.653278  0.532580  0.691381  0.679100  0.639966  0.492254  0.513237  0.294779  0.499341  0.450751  0.730632  0.560632  0.490961  0.403343  0.560446  0.722955  0.715432 
20  0.458470  0.558705  0.666049  0.570993  0.372782  0.421591  0.698029  0.552753  0.555281  0.597571  0.653267  0.441489  0.613266  0.730350  0.574864  0.657681  0.694477  0.522474  0.410386  0.585921 0.0  0.631262  0.491253  0.261137  0.659476  0.580250  0.642958  0.625113  0.528810  0.583667  0.523964  0.409352  0.735234  0.475476  0.612411  0.629625  0.670900  0.542107  0.255500  0.532980  0.709225  0.659491  0.378502  0.606719  0.619067  0.572497  0.568237  0.507825  0.452951  0.503449  0.548754  0.412244  0.620735  0.617043  0.776090  0.539142  0.409312  0.570586  0.503861  0.600980  0.398494  0.603567  0.584545  0.577817  0.342116  0.617583  0.463592  0.489853  0.609123  0.471561  0.668642  0.430308  0.555949  0.542077  0.379605  0.525454  0.598376  0.589272  0.614265  0.615234  0.689550  0.474265  0.519244  0.648184  0.624773  0.607679  0.712353  0.687617  0.627498 
21  0.653855  0.736597  0.574978  0.622176  0.530324  0.442341  0.656465  0.694132  0.557168  0.634752  0.609218  0.503857  0.602444  0.564736  0.503751  0.588414  0.574473  0.514048  0.590064  0.433634  0.631262 0.0  0.694395  0.681774  0.682618  0.299043  0.560110  0.664901  0.652466  0.636480  0.602665  0.518652  0.734873  0.444236  0.452084  0.447350  0.479446  0.522247  0.656726  0.758835  0.732048  0.702745  0.627300  0.683894  0.599856  0.577243  0.563143  0.649333  0.506244  0.446867  0.634776  0.651570  0.622102  0.556441  0.548498  0.631676  0.637186  0.479418  0.605767  0.879477  0.592450  0.586535  0.456871  0.652871  0.600928  0.482987  0.509006  0.632787  0.519737  0.477922  0.598639  0.456061  0.711253  0.513188  0.654715  0.683284  0.615785  0.616084  0.596165  0.379942  0.617312  0.597408  0.869448  0.579795  0.518725  0.394967  0.548816  0.575861  0.641950 
22  0.638327  0.655332  0.605094  0.681664  0.497385  0.404625  0.665208  0.655130  0.525052  0.574766  0.663573  0.611076  0.645769  0.629868  0.599735  0.693157  0.619765  0.474466  0.389458  0.619897  0.491253  0.694395 0.0  0.315873  0.723101  0.444240  0.625854  0.556803  0.605538  0.617623  0.594566  0.405632  0.829580  0.582249  0.555554  0.495822  0.499641  0.509874  0.356853  0.694832  0.825578  0.694971  0.393218  0.633967  0.640395  0.725959  0.631898  0.610925  0.534792  0.553991  0.566198  0.442401  0.796478  0.653515  0.651610  0.705401  0.406255  0.502561  0.528557  0.585177  0.204152  0.567669  0.530434  0.607581  0.338749  0.544355  0.515604  0.643596  0.698560  0.616562  0.676124  0.527309  0.712921  0.639522  0.531505  0.579598  0.697959  0.692518  0.505530  0.502412  0.565036  0.639267  0.630824  0.537798  0.533615  0.590822  0.723756  0.615797  0.721618 
23  0.682481  0.618890  0.688090  0.578039  0.419863  0.481392  0.692571  0.721922  0.493064  0.639038  0.578776  0.510798  0.351930  0.743958  0.533663  0.546867  0.807003  0.453701  0.529112  0.586843  0.261137  0.681774  0.315873 0.0  0.665393  0.356408  0.669363  0.549147  0.529840  0.576511  0.577393  0.374437  0.817656  0.541977  0.603574  0.525797  0.597905  0.567905  0.297060  0.742125  0.756225  0.695235  0.485042  0.698803  0.733846  0.643134  0.525422  0.663098  0.427203  0.574597  0.570706  0.352675  0.759923  0.651689  0.447204  0.664577  0.349397  0.534832  0.555807  0.619393  0.303063  0.607590  0.701844  0.587005  0.314812  0.579469  0.412849  0.471296  0.672984  0.657131  0.717050  0.419057  0.586997  0.646009  0.469458  0.473284  0.501350  0.552142  0.592973  0.465127  0.559748  0.596124  0.546330  0.616970  0.571916  0.460517  0.687100  0.650359  0.530216 
24  0.558827  0.496355  0.630915  0.609014  0.516887  0.698735  0.534193  0.759989  0.693007  0.659892  0.501212  0.679796  0.711617  0.525414  0.732804  0.729542  0.590667  0.570764  0.783452  0.525894  0.659476  0.682618  0.723101  0.665393 0.0  0.553700  0.592982  0.676360  0.589875  0.634871  0.394128  0.607074  0.609319  0.628279  0.592100  0.665706  0.546453  0.585795  0.823469  0.571732  0.594059  0.515662  0.658605  0.523529  0.602962  0.494450  0.641338  0.620284  0.581127  0.666642  0.583317  0.629754  0.695696  0.362931  0.491769  0.502091  0.664265  0.555147  0.646533  0.653544  0.621986  0.526865  0.623198  0.548869  0.774403  0.702051  0.672341  0.590060  0.494893  0.542541  0.524933  0.557619  0.562139  0.518825  0.642882  0.679317  0.611023  0.662450  0.717664  0.619234  0.713917  0.522923  0.619847  0.747031  0.621592  0.580066  0.503778  0.397322  0.735690 
25  0.645124  0.549658  0.641392  0.559325  0.477847  0.610821  0.569433  0.689860  0.479030  0.667466  0.548771  0.493730  0.540541  0.663007  0.328336  0.701115  0.505879  0.553906  0.581661  0.313677  0.580250  0.299043  0.444240  0.356408  0.553700 0.0  0.632136  0.546021  0.659725  0.700545  0.452229  0.413077  0.715802  0.592646  0.499636  0.379606  0.559967  0.465730  0.655224  0.771114  0.677697  0.757840  0.509041  0.531879  0.582207  0.662447  0.684208  0.626278  0.436697  0.489344  0.539539  0.530617  0.603276  0.490787  0.623932  0.365827  0.514049  0.352551  0.513153  0.514172  0.553286  0.670942  0.431958  0.576777  0.435972  0.441420  0.493562  0.538357  0.408297  0.537017  0.615349  0.377939  0.601564  0.401014  0.689423  0.570233  0.519452  0.377771  0.557445  0.511448  0.676065  0.347001  0.646564  0.645839  0.447438  0.418257  0.541945  0.557425  0.587017 
26  0.703253  0.548293  0.768138  0.753855  0.657251  0.560105  0.598356  0.729294  0.648555  0.580410  0.657294  0.586430  0.575984  0.483053  0.542901  0.606510  0.480239  0.580778  0.560913  0.459012  0.642958  0.560110  0.625854  0.669363  0.592982  0.632136 0.0  0.435741  0.641056  0.673182  0.633456  0.591012  0.736458  0.587116  0.565038  0.496597  0.462293  0.785388  0.692091  0.669260  0.688376  0.762316  0.610766  0.530517  0.747589  0.618500  0.695178  0.579607  0.602206  0.452875  0.561913  0.540589  0.755644  0.435534  0.548108  0.510642  0.687161  0.528451  0.587331  0.783402  0.625632  0.643050  0.537325  0.579212  0.533149  0.532003  0.686041  0.590235  0.405936  0.726546  0.529465  0.528907  0.511756  0.518415  0.692519  0.592920  0.694216  0.564459  0.626778  0.575976  0.433543  0.670675  0.663484  0.545255  0.591170  0.565550  0.506656  0.635074  0.646292 
27  0.752861  0.645256  0.617582  0.738746  0.725325  0.617621  0.644711  0.992475  0.684045  0.525818  0.606592  0.615776  0.663365  0.578810  0.593747  0.585702  0.492382  0.592483  0.726270  0.634790  0.625113  0.664901  0.556803  0.549147  0.676360  0.546021  0.435741 0.0  0.662636  0.673616  0.561323  0.723026  1.000000  0.580273  0.574347  0.428526  0.329518  0.730717  0.647672  0.778771  0.759969  0.889368  0.669377  0.652071  0.833450  0.688025  0.709783  0.513794  0.643214  0.678133  0.687970  0.597323  0.715649  0.418326  0.539916  0.569502  0.468055  0.592085  0.675345  0.795024  0.528170  0.602425  0.524410  0.603329  0.606137  0.521758  0.672240  0.691644  0.499247  0.671514  0.523179  0.629146  0.562093  0.312345  0.838800  0.600778  0.838731  0.562118  0.490859  0.524806  0.640867  0.782631  0.698843  0.603701  0.637489  0.631469  0.557050  0.548886  0.643576 
28  0.587317  0.588520  0.584057  0.531892  0.601398  0.618752  0.667888  0.555360  0.621569  0.592352  0.567235  0.505645  0.569989  0.770517  0.630019  0.672953  0.652859  0.680027  0.651982  0.620487  0.528810  0.652466  0.605538  0.529840  0.589875  0.659725  0.641056  0.662636 0.0  0.569422  0.623447  0.617708  0.594078  0.496402  0.669362  0.689971  0.633568  0.633211  0.580747  0.637941  0.608456  0.545426  0.640409  0.545196  0.572732  0.519818  0.509399  0.587770  0.620884  0.654678  0.586660  0.717433  0.605048  0.642347  0.564486  0.657951  0.632212  0.556739  0.569352  0.534898  0.579091  0.681231  0.661124  0.567155  0.521689  0.726809  0.637215  0.553119  0.482679  0.729857  0.621177  0.566716  0.489227  0.618811  0.644836  0.596313  0.571055  0.601693  0.650394  0.607344  0.635358  0.630819  0.615923  0.648791  0.599654  0.659084  0.617401  0.594639  0.601523 
29  0.650342  0.448598  0.669863  0.594475  0.695116  0.638545  0.630958  0.452666  0.635983  0.688182  0.543813  0.578424  0.659962  0.655667  0.660646  0.664769  0.662116  0.618603  0.639686  0.689762  0.583667  0.636480  0.617623  0.576511  0.634871  0.700545  0.673182  0.673616  0.569422 0.0  0.472811  0.554952  0.609095  0.622000  0.651442  0.594310  0.668935  0.616274  0.708846  0.559117  0.467756  0.569900  0.552834  0.633129  0.514943  0.407634  0.539488  0.466979  0.626448  0.500392  0.480117  0.673609  0.655922  0.612905  0.601818  0.479430  0.633193  0.507522  0.547259  0.460694  0.607798  0.642898  0.527141  0.572458  0.599456  0.553440  0.454760  0.529371  0.559854  0.597255  0.593007  0.522443  0.616375  0.648060  0.555118  0.568846  0.482654  0.660634  0.616996  0.630503  0.724509  0.604607  0.630439  0.688323  0.611066  0.569661  0.584607  0.579195  0.642676 
30  0.693213  0.132514  0.624840  0.676537  0.465751  0.598037  0.388211  0.388951  0.733028  0.634318  0.627354  0.550123  0.564224  0.537472  0.611573  0.667142  0.522491  0.689859  0.736197  0.676275  0.523964  0.602665  0.594566  0.577393  0.394128  0.452229  0.633456  0.561323  0.623447  0.472811 0.0  0.635184  0.551701  0.593872  0.631509  0.782225  0.717307  0.725436  0.644537  0.614328  0.509920  0.484593  0.565713  0.449951  0.472399  0.309144  0.479385  0.482779  0.649384  0.666961  0.655318  0.723788  0.472622  0.553560  0.694057  0.227896  0.715969  0.611338  0.732599  0.516271  0.649787  0.594426  0.600076  0.517695  0.698961  0.729203  0.566802  0.508408  0.189000  0.633995  0.532718  0.502057  0.475759  0.459852  0.669884  0.520262  0.733096  0.606912  0.510645  0.665935  0.639089  0.541978  0.696525  0.567754  0.735114  0.635591  0.522106  0.378872  0.640095 
31  0.597389  0.640003  0.624749  0.592122  0.387332  0.375430  0.736514  0.595627  0.655484  0.557869  0.616222  0.482725  0.562018  0.632960  0.486151  0.655497  0.690123  0.447045  0.439150  0.614264  0.409352  0.518652  0.405632  0.374437  0.607074  0.413077  0.591012  0.723026  0.617708  0.554952  0.635184 0.0  0.632953  0.708492  0.603794  0.459414  0.603898  0.494082  0.393470  0.736494  0.857347  0.678836  0.515829  0.601329  0.541868  0.841704  0.602999  0.647501  0.521648  0.509136  0.650377  0.366896  0.708587  0.722707  0.704549  0.641400  0.363565  0.406304  0.645850  0.733997  0.356495  0.613282  0.642656  0.663514  0.532089  0.660258  0.481529  0.482166  0.641817  0.528255  0.725790  0.511777  0.560878  0.584326  0.409019  0.615927  0.643207  0.610991  0.594523  0.614904  0.654152  0.535409  0.641506  0.634983  0.678591  0.555006  0.573963  0.682606  0.665017 
32  0.470990  0.609613  0.551227  0.586742  0.714653  0.872942  0.572352  0.660229  0.584189  0.826194  0.644044  0.733952  0.668515  0.704256  0.768784  0.593989  0.716277  0.766935  0.789626  0.891004  0.735234  0.734873  0.829580  0.817656  0.609319  0.715802  0.736458  1.000000  0.594078  0.609095  0.551701  0.632953 0.0  0.586254  0.687439  0.813005  0.894993  0.514157  0.784081  0.344212  0.312640  0.464039  0.791117  0.623408  0.785179  0.558676  0.585183  0.575642  0.638735  0.705960  0.677770  0.890154  0.703623  0.875368  0.730825  0.678083  0.841642  0.614229  0.655097  0.528047  0.793603  0.571459  0.708718  0.661592  0.906187  0.806637  0.693089  0.530851  0.621542  0.612062  0.673806  0.597560  0.592090  0.676698  0.665279  0.564005  0.653406  0.701686  0.589633  0.741447  0.659268  0.578718  0.619748  0.824788  0.616496  0.686436  0.742691  0.573611  0.556860 
33  0.612855  0.466058  0.544416  0.489179  0.602866  0.648877  0.688824  0.636858  0.539936  0.668362  0.550935  0.408758  0.548270  0.749225  0.399845  0.679209  0.829730  0.720422  0.701676  0.485067  0.475476  0.444236  0.582249  0.541977  0.628279  0.592646  0.587116  0.580273  0.496402  0.622000  0.593872  0.708492  0.586254 0.0  0.713317  0.523196  0.849770  0.532997  0.567770  0.656056  0.631952  0.677728  0.513256  0.507219  0.696125  0.676436  0.621808  0.535140  0.386910  0.624710  0.591792  0.638769  0.580819  0.696182  0.681671  0.532202  0.619007  0.357027  0.346784  0.665934  0.676712  0.589362  0.596092  0.567137  0.649056  0.596423  0.469801  0.517752  0.649549  0.559676  0.657552  0.545620  0.596916  0.700242  0.634015  0.612192  0.433592  0.545911  0.613363  0.624721  0.760312  0.315488  0.571544  0.716607  0.517148  0.502130  0.671273  0.558128  0.499399 
34  0.741850  0.590235  0.711146  0.495166  0.548924  0.450374  0.753812  0.711348  0.679520  0.588698  0.531698  0.533659  0.592225  0.663061  0.447556  0.598371  0.643229  0.447171  0.569733  0.575015  0.612411  0.452084  0.555554  0.603574  0.592100  0.499636  0.565038  0.574347  0.669362  0.651442  0.631509  0.603794  0.687439  0.713317 0.0  0.299268  0.457765  0.682676  0.558861  0.617319  0.823444  0.825474  0.437358  0.579758  0.721674  0.711251  0.554493  0.748534  0.789389  0.416289  0.459636  0.508092  0.767292  0.470031  0.546143  0.547580  0.585310  0.487631  0.647619  0.746190  0.468710  0.744733  0.639972  0.787148  0.567693  0.507788  0.439138  0.604361  0.697252  0.601791  0.634198  0.503174  0.591016  0.637673  0.534251  0.661397  0.634495  0.548955  0.486027  0.412943  0.549179  0.572359  0.881377  0.663383  0.642194  0.608479  0.642287  0.595285  0.612205 
35  0.777610  0.678177  0.704771  0.599480  0.571547  0.404825  0.776860  0.802975  0.376397  0.512464  0.543116  0.474244  0.450545  0.581614  0.497823  0.541019  0.664237  0.535484  0.501496  0.342516  0.629625  0.447350  0.495822  0.525797  0.665706  0.379606  0.496597  0.428526  0.689971  0.594310  0.782225  0.459414  0.813005  0.523196  0.299268 0.0  0.430473  0.612444  0.467783  0.805759  0.849593  0.876559  0.419436  0.759710  0.836815  0.850133  0.705897  0.516290  0.482591  0.321021  0.560671  0.512855  0.905021  0.637768  0.624118  0.617088  0.595393  0.433087  0.349911  0.705629  0.443776  0.673011  0.542096  0.648705  0.405355  0.318577  0.520147  0.708163  0.625605  0.474821  0.561020  0.496869  0.562132  0.696364  0.576378  0.584820  0.509115  0.564307  0.486679  0.278052  0.569058  0.533516  0.744980  0.521892  0.437377  0.484795  0.659625  0.680722  0.594148 
36  0.733482  0.556181  0.600681  0.743116  0.667163  0.512115  0.657701  0.772078  0.575583  0.515262  0.544706  0.661004  0.594239  0.537273  0.634950  0.536085  0.467150  0.640076  0.580187  0.433031  0.670900  0.479446  0.499641  0.597905  0.546453  0.559967  0.462293  0.329518  0.633568  0.668935  0.717307  0.603898  0.894993  0.849770  0.457765  0.430473 0.0  0.657571  0.492575  0.797044  0.779568  0.858511  0.513065  0.552384  0.883419  0.703978  0.730342  0.521682  0.635670  0.483158  0.606351  0.518020  0.772597  0.570702  0.515565  0.483900  0.581457  0.532447  0.561207  0.820211  0.524080  0.683372  0.613350  0.465946  0.521957  0.492656  0.629740  0.663793  0.587718  0.680020  0.548576  0.614212  0.655498  0.443126  0.663555  0.749274  0.638805  0.674027  0.575768  0.481419  0.625116  0.803708  0.546205  0.496263  0.690876  0.559215  0.483363  0.638907  0.552358 
37  0.540826  0.518067  0.476237  0.478516  0.542831  0.660979  0.615647  0.509458  0.587906  0.651844  0.675758  0.600789  0.617328  0.766968  0.560855  0.648828  0.710311  0.558793  0.696325  0.477347  0.542107  0.522247  0.509874  0.567905  0.585795  0.465730  0.785388  0.730717  0.633211  0.616274  0.725436  0.494082  0.514157  0.532997  0.682676  0.612444  0.657571 0.0  0.501416  0.574457  0.502407  0.625374  0.542370  0.582867  0.655348  0.515094  0.541379  0.537419  0.334641  0.496955  0.618100  0.712559  0.716123  0.789683  0.654232  0.600776  0.654764  0.455056  0.400650  0.611864  0.579404  0.505122  0.570898  0.640092  0.600630  0.479131  0.590976  0.535323  0.615736  0.470392  0.679726  0.394323  0.638749  0.642857  0.563044  0.678130  0.440876  0.587948  0.613449  0.564762  0.762480  0.505634  0.614191  0.656383  0.562638  0.550516  0.619873  0.655871  0.664789 
38  0.665415  0.795875  0.508533  0.598295  0.486605  0.438891  0.886271  0.832065  0.484184  0.530004  0.577527  0.558848  0.561785  0.727989  0.523995  0.532840  0.827726  0.376064  0.311404  0.523192  0.255500  0.656726  0.356853  0.297060  0.823469  0.655224  0.692091  0.647672  0.580747  0.708846  0.644537  0.393470  0.784081  0.567770  0.558861  0.467783  0.492575  0.501416 0.0  0.640767  0.742025  0.666085  0.339818  0.671330  0.728532  0.620206  0.616890  0.613128  0.530650  0.612969  0.535742  0.363428  0.715952  0.764979  0.588692  0.793304  0.364384  0.520038  0.422482  0.734793  0.181582  0.617725  0.681820  0.487847  0.422085  0.531505  0.437687  0.517364  0.714651  0.419267  0.680214  0.491517  0.502098  0.711536  0.400932  0.624593  0.565911  0.679634  0.449400  0.513137  0.514343  0.602144  0.560673  0.688498  0.549743  0.563503  0.671181  0.727536  0.599222 
39  0.449023  0.628537  0.545245  0.603035  0.527778  0.770424  0.605737  0.535814  0.736221  0.748082  0.660621  0.700655  0.736592  0.709897  0.774570  0.726973  0.661641  0.684910  0.654479  0.738982  0.532980  0.758835  0.694832  0.742125  0.571732  0.771114  0.669260  0.778771  0.637941  0.559117  0.614328  0.736494  0.344212  0.656056  0.617319  0.805759  0.797044  0.574457  0.640767 0.0  0.478826  0.368581  0.665088  0.705232  0.607798  0.692069  0.609207  0.701247  0.603675  0.709794  0.537108  0.623112  0.489985  0.627000  0.666580  0.736096  0.710686  0.686714  0.530879  0.508967  0.583466  0.516343  0.695382  0.599306  0.727954  0.696850  0.692852  0.491294  0.645629  0.709107  0.627356  0.558106  0.558562  0.711550  0.612279  0.569306  0.573788  0.774587  0.627900  0.722331  0.739296  0.534314  0.573996  0.716695  0.757343  0.763902  0.683634  0.545673  0.627110 
40  0.478237  0.485825  0.516523  0.636223  0.629529  0.900526  0.349841  0.544732  0.886108  0.743362  0.720809  0.705393  0.579659  0.700839  0.706487  0.656129  0.744086  0.758006  0.803920  0.772937  0.709225  0.732048  0.825578  0.756225  0.594059  0.677697  0.688376  0.759969  0.608456  0.467756  0.509920  0.857347  0.312640  0.631952  0.823444  0.849593  0.779568  0.502407  0.742025  0.478826 0.0  0.426101  0.828711  0.666606  0.587337  0.493440  0.442967  0.548052  0.832262  0.874705  0.582831  0.750766  0.560585  0.698931  0.687195  0.514519  0.810938  0.813937  0.668625  0.477374  0.687668  0.546447  0.762111  0.684330  0.874104  0.866651  0.651569  0.551890  0.482873  0.637235  0.594130  0.652627  0.632347  0.760221  0.662305  0.560589  0.604050  0.729132  0.405822  0.720638  0.644331  0.530025  0.597199  0.776314  0.668404  0.676660  0.667999  0.495602  0.571518 
41  0.484324  0.443277  0.549740  0.696145  0.737264  0.819093  0.570123  0.386263  0.737734  0.842084  0.677834  0.629191  0.680277  0.733394  0.850484  0.781753  0.551277  0.635381  0.773786  0.798077  0.659491  0.702745  0.694971  0.695235  0.515662  0.757840  0.762316  0.889368  0.545426  0.569900  0.484593  0.678836  0.464039  0.677728  0.825474  0.876559  0.858511  0.625374  0.666085  0.368581  0.426101 0.0  0.734138  0.475864  0.515851  0.346145  0.610699  0.613659  0.637359  0.790524  0.531056  0.810720  0.575610  0.626167  0.698422  0.513058  0.757587  0.707447  0.653263  0.551791  0.606724  0.586338  0.805830  0.772164  0.787045  0.750508  0.663070  0.551655  0.639960  0.820780  0.751962  0.632953  0.601096  0.711728  0.671697  0.561094  0.677841  0.780981  0.600803  0.845010  0.796320  0.617949  0.724975  0.672700  0.788597  0.741192  0.675619  0.640668  0.644160 
42  0.596028  0.624170  0.501296  0.562519  0.442928  0.403119  0.700511  0.604906  0.461910  0.533886  0.687641  0.500705  0.273813  0.724258  0.425093  0.615566  0.759148  0.537479  0.489433  0.513665  0.378502  0.627300  0.393218  0.485042  0.658605  0.509041  0.610766  0.669377  0.640409  0.552834  0.565713  0.515829  0.791117  0.513256  0.437358  0.419436  0.513065  0.542370  0.339818  0.665088  0.828711  0.734138 0.0  0.614607  0.825712  0.679130  0.639766  0.646425  0.419594  0.515881  0.603592  0.491933  0.671989  0.699370  0.645791  0.648029  0.351736  0.529588  0.458392  0.685699  0.375932  0.517583  0.639090  0.539831  0.382310  0.477761  0.361697  0.517616  0.665785  0.435307  0.762734  0.442205  0.433094  0.660521  0.404551  0.545044  0.556826  0.619545  0.513199  0.579948  0.632094  0.459629  0.500722  0.653060  0.631411  0.564822  0.632478  0.607526  0.618421 
43  0.673668  0.333098  0.713510  0.656089  0.501299  0.748716  0.410803  0.555986  0.710774  0.613001  0.530805  0.634941  0.726873  0.656380  0.574942  0.703364  0.506815  0.637964  0.735135  0.561884  0.606719  0.683894  0.633967  0.698803  0.523529  0.531879  0.530517  0.652071  0.545196  0.633129  0.449951  0.601329  0.623408  0.507219  0.579758  0.759710  0.552384  0.582867  0.671330  0.705232  0.666606  0.475864  0.614607 0.0  0.505185  0.338120  0.584460  0.344837  0.715192  0.513898  0.518555  0.717905  0.605403  0.463934  0.594802  0.344010  0.719726  0.564314  0.605226  0.562379  0.587249  0.528293  0.660419  0.535198  0.685075  0.751033  0.568887  0.630573  0.388392  0.628750  0.617115  0.487924  0.636105  0.448838  0.525269  0.585582  0.613705  0.602434  0.454953  0.526240  0.676713  0.469193  0.600784  0.752158  0.646152  0.712529  0.509149  0.438109  0.604373 
44  0.324596  0.473322  0.618948  0.699722  0.498782  0.812782  0.514018  0.126171  0.714309  0.686919  0.656629  0.737227  0.688251  0.734296  0.750029  0.812008  0.726802  0.648531  0.712654  0.729907  0.619067  0.599856  0.640395  0.733846  0.602962  0.582207  0.747589  0.833450  0.572732  0.514943  0.472399  0.541868  0.785179  0.696125  0.721674  0.836815  0.883419  0.655348  0.728532  0.607798  0.587337  0.515851  0.825712  0.505185 0.0  0.381276  0.593152  0.612975  0.792933  0.760063  0.692106  0.611235  0.291470  0.752477  0.697413  0.469365  0.824619  0.660517  0.823530  0.514011  0.705000  0.610746  0.663742  0.698248  0.633289  0.714470  0.622240  0.530198  0.498459  0.846315  0.735036  0.571894  0.609107  0.716604  0.767630  0.507783  0.711145  0.719189  0.645840  0.711260  0.856458  0.756518  0.686400  0.765041  0.700151  0.827378  0.633113  0.584720  0.632053 
