89
0 0.0  0.408938  0.589811  0.581360  0.490551  0.686625  0.643726  0.439714  0.743393  0.625460  0.584165  0.732305  0.685640  0.757659  0.694922  0.662769  0.671640  0.722145  0.656537  0.711895  0.489856  0.672853  0.709573  0.578917  0.609171  0.687955  0.630119  0.747698  0.596909  0.632846  0.645813  0.605994  0.544240  0.539438  0.672549  0.747336  0.678718  0.578158  0.520607  0.433672  0.568190  0.417513  0.700574  0.647713  0.417617  0.613492  0.524766  0.732823  0.616374  0.532732  0.556562  0.642361  0.417469  0.753974  0.662460  0.468857  0.659713  0.624453  0.605553  0.411746  0.631298  0.539957  0.672959  0.731908  0.671006  0.790201  0.519144  0.507822  0.607658  0.681428  0.733034  0.580317  0.634761  0.755886  0.565300  0.595082  0.657716  0.550556  0.504193  0.671979  0.547726  0.466098  0.614031  0.819503  0.600289  0.752201  0.683001  0.658607  0.616711 
1  0.408938 0.0  0.638399  0.621794  0.520079  0.846966  0.345723  0.367999  0.750804  0.666794  0.611743  0.604878  0.819769  0.573744  0.632018  0.786551  0.675797  0.673954  0.820037  0.629528  0.578169  0.720716  0.821778  0.673932  0.438375  0.613792  0.655636  0.593472  0.553954  0.480731  0.294973  0.670835  0.574655  0.554038  0.714590  0.783811  0.518162  0.549688  0.714113  0.627687  0.478410  0.564562  0.661005  0.283862  0.485478  0.331705  0.515977  0.328906  0.655899  0.642640  0.517263  0.657117  0.521238  0.559015  0.743606  0.327322  0.681025  0.587946  0.640482  0.535289  0.668850  0.523073  0.521262  0.572720  0.773346  0.735701  0.424682  0.484895  0.366576  0.698915  0.567519  0.580769  0.501861  0.530656  0.661029  0.571419  0.667716  0.601726  0.512591  0.643172  0.705391  0.582501  0.614290  0.703171  0.663202  0.717813  0.532914  0.388636  0.592670 
2  0.589811  0.638399 0.0  0.572981  0.633869  0.678875  0.666447  0.559635  0.525849  0.599898  0.611417  0.648781  0.610911  0.618971  0.651641  0.532929  0.723484  0.627104  0.691857  0.733903  0.487160  0.650204  0.623916  0.589603  0.600691  0.662224  0.662947  0.724966  0.621020  0.611048  0.539018  0.624818  0.507506  0.513450  0.660034  0.592333  0.624041  0.458439  0.516427  0.522134  0.629798  0.554314  0.528701  0.533868  0.673174  0.564383  0.658882  0.491966  0.494890  0.585301  0.552104  0.684904  0.557828  0.802917  0.597122  0.649210  0.560738  0.591186  0.577390  0.586392  0.583972  0.593133  0.681723  0.488325  0.571184  0.637247  0.670862  0.589398  0.544368  0.508785  0.672253  0.590259  0.540969  0.610679  0.682005  0.522834  0.607220  0.746342  0.575082  0.649948  0.686213  0.640240  0.471164  0.676256  0.573050  0.645681  0.621430  0.524633  0.643198 
3  0.581360  0.621794  0.572981 0.0  0.509824  0.704434  0.675546  0.714592  0.594616  0.592092  0.583036  0.584920  0.612020  0.713431  0.478605  0.632037  0.736912  0.720379  0.653653  0.607026  0.465915  0.525257  0.531598  0.557517  0.529675  0.497944  0.570546  0.534125  0.460995  0.601722  0.681001  0.596482  0.489418  0.477767  0.363101  0.639797  0.704691  0.532765  0.547117  0.664788  0.656380  0.655392  0.510542  0.572555  0.774205  0.592851  0.561418  0.704687  0.487323  0.566340  0.431550  0.648376  0.575388  0.698564  0.641790  0.627835  0.620025  0.612000  0.596380  0.582074  0.597533  0.470795  0.639219  0.637615  0.575847  0.795514  0.496424  0.535463  0.709957  0.531178  0.711116  0.411494  0.537804  0.626400  0.499659  0.669700  0.536430  0.477969  0.652466  0.601450  0.657768  0.527985  0.619739  0.718066  0.555288  0.673758  0.664443  0.518912  0.605773 
4  0.490551  0.520079  0.633869  0.509824 0.0  0.434927  0.588001  0.443860  0.629384  0.643747  0.594823  0.549232  0.598075  0.653164  0.612662  0.653664  0.774154  0.462474  0.527121  0.603037  0.357424  0.472003  0.456668  0.331385  0.509528  0.382064  0.638086  0.791454  0.564642  0.492874  0.451180  0.431188  0.680941  0.569723  0.562693  0.576889  0.727361  0.561778  0.377928  0.618579  0.615254  0.594247  0.449888  0.527138  0.539452  0.537885  0.409971  0.610245  0.545236  0.608534  0.548216  0.479865  0.580119  0.634051  0.696686  0.409844  0.338020  0.415109  0.625670  0.555479  0.390665  0.601819  0.474704  0.591143  0.417462  0.686159  0.321066  0.585745  0.382271  0.589284  0.761073  0.434998  0.516083  0.477916  0.410143  0.520056  0.522354  0.545379  0.545876  0.577241  0.609946  0.462316  0.625714  0.707573  0.595216  0.499403  0.624682  0.641501  0.672634 
5  0.686625  0.846966  0.678875  0.704434  0.434927 0.0  0.832049  0.780294  0.687628  0.531228  0.636892  0.500222  0.599900  0.599385  0.631129  0.464058  0.681601  0.368960  0.383820  0.519705  0.454486  0.599027  0.324494  0.428322  0.752892  0.592388  0.608734  0.540400  0.651886  0.635718  0.827095  0.401240  0.779717  0.664389  0.453749  0.284753  0.457642  0.634850  0.346926  0.819775  0.759879  0.836055  0.485892  0.694702  0.642821  0.773337  0.706834  0.595493  0.519962  0.486398  0.686825  0.361813  0.758045  0.590945  0.608011  0.699811  0.354836  0.499290  0.478289  0.743506  0.309143  0.699138  0.616198  0.663710  0.317785  0.514446  0.521571  0.571319  0.728574  0.624242  0.563971  0.630509  0.615168  0.720465  0.509470  0.592711  0.762279  0.654711  0.547749  0.382005  0.536381  0.657989  0.602118  0.517409  0.633918  0.568422  0.617981  0.615704  0.584733 
6  0.643726  0.345723  0.666447  0.675546  0.588001  0.832049 0.0  0.460889  0.621804  0.604051  0.556948  0.666105  0.727575  0.607032  0.778004  0.842545  0.423854  0.529099  0.606322  0.615330  0.761346  0.517905  0.691477  0.729644  0.569265  0.487460  0.535253  0.624181  0.641117  0.575748  0.286392  0.841742  0.615212  0.535388  0.661580  0.711360  0.588187  0.509893  0.748556  0.652720  0.383233  0.483818  0.807052  0.462345  0.464127  0.377390  0.578139  0.490356  0.820504  0.651474  0.581820  0.793486  0.636393  0.383884  0.609082  0.439890  0.629304  0.590884  0.632615  0.561736  0.839394  0.620517  0.593034  0.539436  0.656095  0.676203  0.613223  0.586079  0.357421  0.715448  0.525989  0.614043  0.675107  0.467539  0.788767  0.581000  0.597694  0.677681  0.630997  0.796027  0.765147  0.517726  0.599925  0.690116  0.725244  0.555728  0.498233  0.410885  0.654297 
7  0.439714  0.367999  0.559635  0.714592  0.443860  0.780294  0.460889 0.0  0.940532  0.677057  0.520069  0.661463  0.615163  0.724746  0.673809  0.963648  0.661146  0.657470  0.859293  0.662512  0.584190  0.561983  0.677498  0.727570  0.577721  0.669317  0.772896  0.782984  0.592709  0.532514  0.382078  0.693882  0.568334  0.681510  0.931124  0.804649  0.819083  0.551676  0.693388  0.557698  0.453926  0.381150  0.648468  0.602226  0.204872  0.294963  0.542599  0.579476  0.635656  0.817922  0.536064  0.757098  0.263841  0.753067  0.670234  0.508013  0.779906  0.716100  0.822642  0.524956  0.742583  0.514141  0.644439  0.637867  0.657279  0.881374  0.549672  0.579574  0.445253  0.761362  0.683291  0.591750  0.618190  0.629441  0.700067  0.459708  0.641907  0.635257  0.596323  0.762758  0.817862  0.646758  0.631887  0.512776  0.747792  0.756453  0.555009  0.501306  0.523422 
8  0.743393  0.750804  0.525849  0.594616  0.629384  0.687628  0.621804  0.940532 0.0  0.610270  0.639312  0.446966  0.566225  0.751592  0.473185  0.575281  0.665660  0.621637  0.575314  0.428534  0.625512  0.562204  0.653160  0.581618  0.613135  0.506630  0.600321  0.729439  0.645975  0.595142  0.719535  0.617668  0.692648  0.486361  0.600751  0.445569  0.624093  0.463695  0.576942  0.719341  0.722359  0.727723  0.485817  0.755602  0.808912  0.741256  0.637120  0.677859  0.504106  0.442570  0.613837  0.577832  0.735263  0.747670  0.596061  0.670579  0.726424  0.517905  0.360851  0.712398  0.554600  0.638866  0.704497  0.545884  0.573320  0.495578  0.543131  0.616699  0.689517  0.520902  0.663316  0.587372  0.700379  0.734968  0.594004  0.588639  0.436511  0.721362  0.556151  0.457643  0.706723  0.525915  0.660762  0.648404  0.382801  0.543835  0.702425  0.569025  0.546405 
9  0.625460  0.666794  0.599898  0.592092  0.643747  0.531228  0.604051  0.677057  0.610270 0.0  0.614690  0.558791  0.595184  0.631586  0.669165  0.683213  0.670677  0.645301  0.665283  0.480870  0.655867  0.736576  0.547996  0.574212  0.703756  0.618824  0.664107  0.538200  0.553260  0.674460  0.661539  0.563362  0.805307  0.627932  0.691991  0.511575  0.565072  0.727370  0.488194  0.652830  0.758331  0.697635  0.525424  0.635118  0.686623  0.726074  0.717262  0.612765  0.632620  0.546618  0.517850  0.640370  0.687688  0.503146  0.587364  0.567643  0.565357  0.707631  0.558966  0.675405  0.473569  0.496600  0.841875  0.605501  0.436544  0.594084  0.642704  0.541928  0.559070  0.627116  0.611203  0.582675  0.602093  0.669785  0.694522  0.685423  0.855359  0.584926  0.433393  0.623431  0.533023  0.587426  0.483384  0.485765  0.694449  0.778814  0.644880  0.653381  0.740079 
10  0.584165  0.611743  0.611417  0.583036  0.594823  0.636892  0.556948  0.520069  0.639312  0.614690 0.0  0.603364  0.470694  0.680428  0.609042  0.647434  0.646123  0.602744  0.670720  0.587372  0.537240  0.548101  0.646970  0.503345  0.625051  0.589519  0.556114  0.576476  0.696643  0.542094  0.512224  0.553296  0.626837  0.634492  0.513002  0.573426  0.481216  0.618943  0.498852  0.617080  0.557397  0.634802  0.599838  0.622853  0.602546  0.527251  0.625108  0.512869  0.674420  0.546466  0.661552  0.504248  0.625418  0.607218  0.617640  0.570098  0.527016  0.615059  0.598203  0.574342  0.532554  0.539994  0.551421  0.740722  0.583163  0.590397  0.565031  0.650890  0.576578  0.543994  0.710320  0.567149  0.548614  0.579818  0.598250  0.534863  0.642771  0.567185  0.627204  0.609064  0.612789  0.619027  0.644452  0.661370  0.536843  0.619546  0.633587  0.576868  0.608509 
11  0.732305  0.604878  0.648781  0.584920  0.549232  0.500222  0.666105  0.661463  0.446966  0.558791  0.603364 0.0  0.540310  0.683289  0.460810  0.639068  0.623394  0.587764  0.758772  0.481581  0.575012  0.561346  0.613309  0.548803  0.663474  0.408753  0.576984  0.689865  0.550944  0.613252  0.555646  0.611706  0.562630  0.457651  0.675648  0.474471  0.700971  0.490819  0.562416  0.667807  0.606671  0.694365  0.442156  0.652549  0.733541  0.635016  0.570995  0.649757  0.371304  0.460165  0.520269  0.706458  0.671934  0.655451  0.674689  0.573961  0.619694  0.440285  0.447001  0.663340  0.637566  0.630926  0.557362  0.597632  0.593163  0.574726  0.415358  0.537887  0.530336  0.401844  0.684265  0.403924  0.643328  0.571060  0.633449  0.562265  0.521148  0.716003  0.676522  0.508220  0.598872  0.431075  0.814385  0.605763  0.493718  0.533813  0.596769  0.570213  0.660752 
12  0.685640  0.819769  0.610911  0.612020  0.598075  0.599900  0.727575  0.615163  0.566225  0.595184  0.470694  0.540310 0.0  0.632213  0.707737  0.375273  0.742570  0.564443  0.716470  0.600950  0.500768  0.649361  0.609782  0.439333  0.657417  0.397400  0.630692  0.688489  0.600075  0.597167  0.559772  0.563828  0.609037  0.556708  0.588696  0.465408  0.549830  0.630725  0.485284  0.645006  0.602037  0.727845  0.432127  0.706721  0.726678  0.639200  0.494398  0.482893  0.531110  0.502006  0.570338  0.442055  0.591942  0.733394  0.554297  0.545841  0.597693  0.552051  0.530967  0.576490  0.437440  0.616156  0.714174  0.424557  0.533658  0.689788  0.521158  0.594742  0.590337  0.629118  0.757999  0.450288  0.590003  0.585892  0.724016  0.571588  0.537022  0.596664  0.592543  0.541392  0.578622  0.745634  0.574342  0.624655  0.662946  0.524075  0.614541  0.557840  0.652346 
13  0.757659  0.573744  0.618971  0.713431  0.653164  0.599385  0.607032  0.724746  0.751592  0.631586  0.680428  0.683289  0.632213 0.0  0.650944  0.759008  0.502518  0.513645  0.661577  0.596372  0.688231  0.559736  0.673057  0.747455  0.544737  0.608681  0.495379  0.559844  0.658475  0.622337  0.461650  0.728025  0.608367  0.722313  0.653176  0.618761  0.400598  0.724550  0.662850  0.869347  0.591327  0.668317  0.703309  0.670754  0.806961  0.594959  0.695921  0.563850  0.606276  0.539097  0.738708  0.740906  0.734302  0.504770  0.604204  0.591970  0.582833  0.615240  0.689763  0.793278  0.664575  0.652381  0.701404  0.499347  0.733749  0.546529  0.765228  0.602031  0.557789  0.582936  0.524345  0.547111  0.633744  0.564776  0.682655  0.793498  0.683008  0.571434  0.607440  0.492199  0.537477  0.738782  0.724087  0.549835  0.542418  0.625782  0.474146  0.525141  0.584756 
14  0.694922  0.632018  0.651641  0.478605  0.612662  0.631129  0.778004  0.673809  0.473185  0.669165  0.609042  0.460810  0.707737  0.650944 0.0  0.708909  0.727631  0.622947  0.588482  0.405994  0.678854  0.459072  0.625944  0.573557  0.646565  0.390665  0.512493  0.577567  0.621093  0.638059  0.621905  0.506252  0.766761  0.435248  0.651967  0.438760  0.539877  0.446592  0.593047  0.771047  0.762469  0.713581  0.500383  0.583160  0.661643  0.503892  0.735047  0.634866  0.519362  0.427561  0.511168  0.606095  0.722791  0.691205  0.609349  0.585295  0.605404  0.505878  0.515831  0.767020  0.635730  0.586464  0.672443  0.551940  0.574651  0.475778  0.539790  0.505158  0.580293  0.405567  0.697448  0.350936  0.545767  0.492565  0.526385  0.601195  0.446148  0.656166  0.456830  0.361656  0.749815  0.544730  0.794686  0.634484  0.526508  0.502726  0.616809  0.680406  0.524053 
15  0.662769  0.786551  0.532929  0.632037  0.653664  0.464058  0.842545  0.963648  0.575281  0.683213  0.647434  0.639068  0.375273  0.759008  0.708909 0.0  0.746371  0.553907  0.671205  0.447151  0.650038  0.597072  0.554991  0.755506  0.674648  0.635058  0.608269  0.519034  0.688396  0.593561  0.734182  0.580545  0.555579  0.646188  0.561173  0.537285  0.582356  0.674062  0.677006  0.717574  0.757249  0.736543  0.565931  0.736343  0.845330  0.838585  0.547506  0.666130  0.656411  0.576266  0.676888  0.538095  0.774558  0.652897  0.617074  0.795225  0.643054  0.677013  0.537442  0.836941  0.489948  0.695905  0.680053  0.629756  0.616396  0.581656  0.610220  0.605847  0.675956  0.633215  0.663370  0.693251  0.565111  0.699779  0.752545  0.681210  0.696082  0.622961  0.637677  0.552126  0.388239  0.785660  0.643660  0.418773  0.572632  0.534539  0.545027  0.741018  0.573306 
16  0.671640  0.675797  0.723484  0.736912  0.774154  0.681601  0.423854  0.661146  0.665660  0.670677  0.646123  0.623394  0.742570  0.502518  0.727631  0.746371 0.0  0.524610  0.685937  0.574670  0.688629  0.506354  0.662476  0.722225  0.553394  0.543292  0.388128  0.497197  0.593719  0.580959  0.609641  0.708664  0.680156  0.682989  0.682684  0.708072  0.500942  0.677005  0.781568  0.653763  0.756439  0.633878  0.714228  0.617657  0.701108  0.639624  0.725324  0.670037  0.818416  0.562449  0.710428  0.724315  0.692007  0.240617  0.507688  0.539912  0.721773  0.517869  0.693989  0.700224  0.639143  0.627978  0.589652  0.540039  0.656772  0.671015  0.634686  0.570316  0.480647  0.831997  0.541323  0.584094  0.600569  0.446271  0.750450  0.593303  0.742469  0.590207  0.468007  0.605396  0.576747  0.784947  0.525404  0.584547  0.704920  0.715605  0.590967  0.545423  0.603333 
17  0.722145  0.673954  0.627104  0.720379  0.462474  0.368960  0.529099  0.657470  0.621637  0.645301  0.602744  0.587764  0.564443  0.513645  0.622947  0.553907  0.524610 0.0  0.462868  0.532397  0.489680  0.566569  0.433112  0.447243  0.773148  0.619963  0.557358  0.713920  0.672174  0.454289  0.673952  0.591929  0.634446  0.557045  0.440107  0.495484  0.551604  0.709698  0.397083  0.706911  0.875790  0.747215  0.567227  0.647521  0.697864  0.747546  0.740507  0.646220  0.576252  0.604678  0.695935  0.460775  0.555379  0.592932  0.516374  0.823315  0.422814  0.467938  0.625447  0.546382  0.401298  0.672244  0.578181  0.778116  0.473607  0.516139  0.520575  0.544882  0.696552  0.588563  0.542480  0.646330  0.542721  0.620273  0.491642  0.597695  0.728149  0.582207  0.591465  0.442678  0.578520  0.662368  0.729175  0.598579  0.594900  0.419660  0.667453  0.718733  0.584124 
18  0.656537  0.820037  0.691857  0.653653  0.527121  0.383820  0.606322  0.859293  0.575314  0.665283  0.670720  0.758772  0.716470  0.661577  0.588482  0.671205  0.685937  0.462868 0.0  0.540638  0.513096  0.535031  0.331163  0.446391  0.662087  0.554431  0.663813  0.538865  0.733955  0.652995  0.710308  0.497459  0.769131  0.660519  0.632077  0.452437  0.568697  0.675058  0.433299  0.705659  0.747745  0.800173  0.414582  0.710633  0.671746  0.776347  0.669584  0.695069  0.631236  0.557534  0.748355  0.402405  0.755353  0.717742  0.658503  0.817135  0.467728  0.699462  0.521808  0.765283  0.395725  0.658989  0.655343  0.682360  0.377591  0.598082  0.662441  0.556670  0.841986  0.620248  0.703093  0.692116  0.573986  0.663142  0.493440  0.587870  0.620593  0.740473  0.491787  0.473993  0.671155  0.673568  0.563622  0.554235  0.663028  0.696170  0.688173  0.702047  0.569355 
19  0.711895  0.629528  0.733903  0.607026  0.603037  0.519705  0.615330  0.662512  0.428534  0.480870  0.587372  0.481581  0.600950  0.596372  0.405994  0.447151  0.574670  0.532397  0.540638 0.0  0.606925  0.389479  0.524813  0.501598  0.696648  0.338430  0.588311  0.642849  0.585704  0.654558  0.626636  0.549716  0.845847  0.435964  0.498240  0.321379  0.568593  0.530525  0.595936  0.815374  0.760642  0.809116  0.497079  0.620391  0.735813  0.754274  0.587798  0.672553  0.471028  0.393006  0.605742  0.501292  0.659168  0.511715  0.576845  0.597526  0.511759  0.347688  0.469287  0.753037  0.550784  0.768722  0.440689  0.672936  0.580627  0.401231  0.479231  0.642716  0.546081  0.539382  0.501521  0.471036  0.471068  0.544262  0.620695  0.622581  0.569898  0.647657  0.609697  0.289819  0.588810  0.527312  0.613502  0.587678  0.469517  0.402955  0.654961  0.648137  0.566062 
20  0.489856  0.578169  0.487160  0.465915  0.357424  0.454486  0.761346  0.584190  0.625512  0.655867  0.537240  0.575012  0.500768  0.688231  0.678854  0.650038  0.688629  0.489680  0.513096  0.606925 0.0  0.600461  0.377982  0.379661  0.658477  0.529591  0.640810  0.615676  0.565897  0.624000  0.593336  0.428071  0.668568  0.493720  0.561227  0.574162  0.566783  0.625358  0.306914  0.659891  0.724152  0.735622  0.406665  0.536595  0.711619  0.716606  0.469208  0.632505  0.409289  0.527669  0.572067  0.463675  0.431612  0.665300  0.740041  0.580863  0.344593  0.560122  0.439840  0.504700  0.443613  0.467098  0.562654  0.543099  0.399836  0.503629  0.417674  0.589089  0.563229  0.546256  0.813948  0.484457  0.528633  0.588911  0.432813  0.540591  0.615645  0.541799  0.520754  0.559737  0.661985  0.560201  0.520810  0.646092  0.578027  0.616348  0.509329  0.569869  0.538880 
21  0.672853  0.720716  0.650204  0.525257  0.472003  0.599027  0.517905  0.561983  0.562204  0.736576  0.548101  0.561346  0.649361  0.559736  0.459072  0.597072  0.506354  0.566569  0.535031  0.389479  0.600461 0.0  0.689614  0.545947  0.650572  0.367033  0.527350  0.646417  0.646720  0.511997  0.601573  0.600899  0.653997  0.587024  0.433792  0.416128  0.533018  0.471371  0.582806  0.737200  0.682368  0.595148  0.615213  0.588439  0.639316  0.696134  0.456074  0.621640  0.497955  0.400805  0.638433  0.615383  0.770112  0.517392  0.541571  0.531266  0.644134  0.436751  0.543324  0.814412  0.600921  0.610237  0.467191  0.598967  0.576362  0.459994  0.505312  0.666678  0.487344  0.469834  0.501595  0.377426  0.700178  0.534761  0.608887  0.678580  0.462440  0.684794  0.575016  0.430175  0.715425  0.555207  0.676037  0.570221  0.476715  0.359206  0.610514  0.640760  0.593369 
22  0.709573  0.821778  0.623916  0.531598  0.456668  0.324494  0.691477  0.677498  0.653160  0.547996  0.646970  0.613309  0.609782  0.673057  0.625944  0.554991  0.662476  0.433112  0.331163  0.524813  0.377982  0.689614 0.0  0.345058  0.762326  0.536878  0.563419  0.587724  0.537874  0.627849  0.719073  0.340624  0.767041  0.659577  0.521716  0.401917  0.544271  0.681408  0.427295  0.722523  0.828829  0.725693  0.513720  0.591928  0.771325  0.758784  0.666529  0.589106  0.623136  0.537916  0.582175  0.500679  0.680507  0.695835  0.550955  0.665358  0.304589  0.509517  0.507726  0.700720  0.343495  0.558066  0.537730  0.583206  0.224629  0.551460  0.541787  0.555011  0.687898  0.633483  0.596004  0.568026  0.554844  0.520206  0.387260  0.552588  0.592068  0.617129  0.539526  0.469010  0.561681  0.630133  0.597665  0.565363  0.592107  0.673192  0.713102  0.675855  0.603695 
23  0.578917  0.673932  0.589603  0.557517  0.331385  0.428322  0.729644  0.727570  0.581618  0.574212  0.503345  0.548803  0.439333  0.747455  0.573557  0.755506  0.722225  0.447243  0.446391  0.501598  0.379661  0.545947  0.345058 0.0  0.597159  0.470055  0.627897  0.575838  0.590447  0.591347  0.539539  0.434618  0.847328  0.454999  0.607776  0.488466  0.544662  0.497735  0.359354  0.744881  0.858227  0.798580  0.434520  0.690196  0.712255  0.669849  0.596471  0.476892  0.479740  0.566416  0.573229  0.373400  0.610859  0.708288  0.555607  0.523575  0.285123  0.477488  0.420409  0.678556  0.327425  0.582741  0.685550  0.543821  0.341747  0.629100  0.438731  0.526971  0.567211  0.601466  0.726685  0.497537  0.569348  0.540069  0.491969  0.599862  0.534508  0.524946  0.560284  0.508013  0.685842  0.580613  0.621973  0.528738  0.654112  0.547466  0.619901  0.600891  0.617099 
24  0.609171  0.438375  0.600691  0.529675  0.509528  0.752892  0.569265  0.577721  0.613135  0.703756  0.625051  0.663474  0.657417  0.544737  0.646565  0.674648  0.553394  0.773148  0.662087  0.696648  0.658477  0.650572  0.762326  0.597159 0.0  0.556910  0.587874  0.593463  0.521008  0.578811  0.538732  0.665902  0.527961  0.575208  0.758901  0.728791  0.678301  0.708800  0.749667  0.640793  0.536125  0.589551  0.624101  0.585104  0.665720  0.477257  0.612150  0.594545  0.606012  0.730589  0.605273  0.799241  0.606056  0.522480  0.656103  0.450825  0.725766  0.636304  0.507325  0.678731  0.765757  0.610357  0.658060  0.574457  0.728069  0.672471  0.630783  0.494874  0.454502  0.550669  0.505825  0.502616  0.597284  0.512193  0.625486  0.610791  0.556920  0.630601  0.652348  0.683817  0.701410  0.596576  0.561387  0.706971  0.545698  0.655536  0.463116  0.478697  0.720697 
25  0.687955  0.613792  0.662224  0.497944  0.382064  0.592388  0.487460  0.669317  0.506630  0.618824  0.589519  0.408753  0.397400  0.608681  0.390665  0.635058  0.543292  0.619963  0.554431  0.338430  0.529591  0.367033  0.536878  0.470055  0.556910 0.0  0.513523  0.566299  0.580629  0.668383  0.422374  0.511438  0.660282  0.446078  0.490525  0.466264  0.563640  0.468472  0.610006  0.822626  0.587021  0.751960  0.481063  0.615743  0.661590  0.549526  0.482222  0.664064  0.526149  0.454090  0.571161  0.503796  0.570780  0.492625  0.610143  0.487793  0.483758  0.284772  0.425936  0.483218  0.584285  0.703838  0.483174  0.630061  0.464315  0.459706  0.503587  0.517843  0.485780  0.404423  0.650193  0.289711  0.631907  0.476738  0.568360  0.586641  0.513512  0.327018  0.471600  0.427087  0.612889  0.422727  0.674050  0.648486  0.490285  0.380368  0.532115  0.615769  0.551261 
26  0.630119  0.655636  0.662947  0.570546  0.638086  0.608734  0.535253  0.772896  0.600321  0.664107  0.556114  0.576984  0.630692  0.495379  0.512493  0.608269  0.388128  0.557358  0.663813  0.588311  0.640810  0.527350  0.563419  0.627897  0.587874  0.513523 0.0  0.489784  0.615480  0.551656  0.489609  0.662819  0.803618  0.658648  0.535179  0.471805  0.580160  0.737553  0.615369  0.704663  0.623608  0.751050  0.735396  0.553303  0.701644  0.561647  0.698289  0.613226  0.657906  0.527341  0.608447  0.657894  0.783810  0.396244  0.546963  0.578837  0.514098  0.476563  0.470330  0.635399  0.672096  0.610030  0.579802  0.538349  0.523952  0.578969  0.543418  0.668787  0.449240  0.685286  0.579929  0.560511  0.572270  0.440637  0.616303  0.555417  0.678375  0.598355  0.499435  0.502019  0.583675  0.593246  0.754428  0.556978  0.593311  0.595175  0.529637  0.461512  0.661079 
27  0.747698  0.593472  0.724966  0.534125  0.791454  0.540400  0.624181  0.782984  0.729439  0.538200  0.576476  0.689865  0.688489  0.559844  0.577567  0.519034  0.497197  0.713920  0.538865  0.642849  0.615676  0.646417  0.587724  0.575838  0.593463  0.566299  0.489784 0.0  0.774602  0.653594  0.569504  0.605697  1.000000  0.713591  0.546266  0.400341  0.394784  0.730183  0.819982  0.826975  0.837526  0.843391  0.547190  0.622615  0.752653  0.702538  0.620702  0.606516  0.563127  0.675338  0.559698  0.667247  0.738022  0.444988  0.582733  0.638212  0.618669  0.507969  0.706034  0.772260  0.587147  0.655376  0.544817  0.491668  0.619165  0.640392  0.792941  0.672310  0.426836  0.713039  0.554144  0.610727  0.601893  0.444978  0.718245  0.531356  0.674014  0.691997  0.530878  0.567134  0.583863  0.836855  0.621734  0.648057  0.623308  0.547654  0.588648  0.560047  0.723390 
28  0.596909  0.553954  0.621020  0.460995  0.564642  0.651886  0.641117  0.592709  0.645975  0.553260  0.696643  0.550944  0.600075  0.658475  0.621093  0.688396  0.593719  0.672174  0.733955  0.585704  0.565897  0.646720  0.537874  0.590447  0.521008  0.580629  0.615480  0.774602 0.0  0.584841  0.584746  0.588996  0.601325  0.611088  0.638914  0.694741  0.585745  0.559097  0.503748  0.528955  0.579605  0.583650  0.564372  0.651283  0.556888  0.490309  0.592735  0.555042  0.653431  0.674157  0.604975  0.670678  0.622764  0.706637  0.640179  0.541983  0.663353  0.612256  0.541148  0.559066  0.567966  0.572705  0.693429  0.605146  0.660772  0.613412  0.564237  0.504532  0.555287  0.447201  0.797849  0.551881  0.530174  0.565891  0.621750  0.457862  0.594596  0.571236  0.593493  0.654050  0.683543  0.572775  0.591112  0.668289  0.576412  0.579848  0.563827  0.551434  0.650456 
29  0.632846  0.480731  0.611048  0.601722  0.492874  0.635718  0.575748  0.532514  0.595142  0.674460  0.542094  0.613252  0.597167  0.622337  0.638059  0.593561  0.580959  0.454289  0.652995  0.654558  0.624000  0.511997  0.627849  0.591347  0.578811  0.668383  0.551656  0.653594  0.584841 0.0  0.551101  0.609800  0.560774  0.622320  0.669369  0.596073  0.542954  0.556118  0.658365  0.607668  0.480473  0.577251  0.550736  0.582333  0.562422  0.493930  0.466542  0.568800  0.516748  0.649380  0.588297  0.655367  0.522240  0.656507  0.603862  0.447296  0.609555  0.625414  0.585118  0.567357  0.564880  0.451830  0.559683  0.615925  0.549013  0.634396  0.564388  0.609012  0.585252  0.581898  0.624669  0.522476  0.603359  0.644849  0.658780  0.620400  0.586910  0.674543  0.552679  0.711817  0.653435  0.552709  0.570684  0.578430  0.604029  0.617865  0.516963  0.629928  0.598505 
30  0.645813  0.294973  0.539018  0.681001  0.451180  0.827095  0.286392  0.382078  0.719535  0.661539  0.512224  0.555646  0.559772  0.461650  0.621905  0.734182  0.609641  0.673952  0.710308  0.626636  0.593336  0.601573  0.719073  0.539539  0.538732  0.422374  0.489609  0.569504  0.584746  0.551101 0.0  0.711413  0.582743  0.560747  0.704639  0.711874  0.624030  0.581269  0.689040  0.711817  0.485827  0.576343  0.642310  0.436956  0.392912  0.291583  0.475416  0.392373  0.692317  0.626810  0.706600  0.754972  0.476345  0.511717  0.711821  0.225759  0.588968  0.629401  0.735470  0.682677  0.610535  0.580396  0.666038  0.397892  0.651947  0.914247  0.546974  0.602470  0.309971  0.558500  0.598090  0.474916  0.486915  0.476127  0.708018  0.511332  0.762513  0.630435  0.550632  0.740895  0.676301  0.537756  0.677732  0.657352  0.776951  0.634495  0.491323  0.411120  0.589801 
31  0.605994  0.670835  0.624818  0.596482  0.431188  0.401240  0.841742  0.693882  0.617668  0.563362  0.553296  0.611706  0.563828  0.728025  0.506252  0.580545  0.708664  0.591929  0.497459  0.549716  0.428071  0.600899  0.340624  0.434618  0.665902  0.511438  0.662819  0.605697  0.588996  0.609800  0.711413 0.0  0.750091  0.648538  0.549919  0.447094  0.577284  0.565008  0.381481  0.677842  0.833648  0.657827  0.436246  0.592210  0.642166  0.672832  0.583862  0.723299  0.653645  0.483858  0.575817  0.398797  0.792893  0.675446  0.733473  0.634819  0.452017  0.477798  0.593606  0.687423  0.393984  0.563172  0.624204  0.619584  0.319224  0.559752  0.437225  0.617152  0.652139  0.635944  0.640440  0.498010  0.543696  0.634352  0.392453  0.641210  0.615292  0.568070  0.510809  0.507267  0.707861  0.538986  0.664125  0.599153  0.594569  0.551649  0.600616  0.743678  0.662444 
32  0.544240  0.574655  0.507506  0.489418  0.680941  0.779717  0.615212  0.568334  0.692648  0.805307  0.626837  0.562630  0.609037  0.608367  0.766761  0.555579  0.680156  0.634446  0.769131  0.845847  0.668568  0.653997  0.767041  0.847328  0.527961  0.660282  0.803618  1.000000  0.601325  0.560774  0.582743  0.750091 0.0  0.575610  0.740881  0.891968  0.935713  0.561183  0.732720  0.495221  0.314707  0.369471  0.751395  0.681365  0.740008  0.551009  0.517560  0.640260  0.667843  0.625965  0.579212  0.846298  0.613309  0.814204  0.660264  0.594679  0.961228  0.692830  0.614285  0.524863  0.849078  0.488235  0.747040  0.617793  0.866480  0.769659  0.700281  0.520862  0.715367  0.547865  0.819759  0.566945  0.645908  0.796106  0.780276  0.516183  0.571478  0.767251  0.686880  0.623628  0.721785  0.555579  0.478037  0.604738  0.640733  0.731098  0.677959  0.604542  0.639726 
33  0.539438  0.554038  0.513450  0.477767  0.569723  0.664389  0.535388  0.681510  0.486361  0.627932  0.634492  0.457651  0.556708  0.722313  0.435248  0.646188  0.682989  0.557045  0.660519  0.435964  0.493720  0.587024  0.659577  0.454999  0.575208  0.446078  0.658648  0.713591  0.611088  0.622320  0.560747  0.648538  0.575610 0.0  0.640510  0.523170  0.777293  0.371634  0.624014  0.577873  0.771764  0.644141  0.566721  0.546849  0.780642  0.613244  0.737270  0.540295  0.374216  0.491326  0.718183  0.757804  0.619594  0.612833  0.677124  0.663993  0.614341  0.503142  0.374318  0.597481  0.659744  0.565436  0.504585  0.530731  0.588558  0.568818  0.392566  0.496867  0.555965  0.461880  0.626715  0.355731  0.664006  0.578057  0.660785  0.586070  0.373101  0.575246  0.617820  0.532558  0.746520  0.388610  0.590828  0.696709  0.492708  0.520528  0.619095  0.550320  0.610774 
34  0.672549  0.714590  0.660034  0.363101  0.562693  0.453749  0.661580  0.931124  0.600751  0.691991  0.513002  0.675648  0.588696  0.653176  0.651967  0.561173  0.682684  0.440107  0.632077  0.498240  0.561227  0.433792  0.521716  0.607776  0.758901  0.490525  0.535179  0.546266  0.638914  0.669369  0.704639  0.549919  0.740881  0.640510 0.0  0.368094  0.525651  0.644353  0.549232  0.803530  0.667206  0.854674  0.450912  0.538208  0.693053  0.908214  0.610390  0.763193  0.594646  0.495013  0.638368  0.586839  0.807839  0.421567  0.490248  0.589299  0.599298  0.468541  0.590306  0.700820  0.553868  0.652783  0.612240  0.638452  0.536751  0.516521  0.554117  0.604058  0.587077  0.569408  0.752339  0.479020  0.556948  0.478995  0.437913  0.698869  0.750493  0.386789  0.601767  0.364698  0.530425  0.681659  0.700481  0.612911  0.595941  0.602117  0.655939  0.678003  0.574249 
35  0.747336  0.783811  0.592333  0.639797  0.576889  0.284753  0.711360  0.804649  0.445569  0.511575  0.573426  0.474471  0.465408  0.618761  0.438760  0.537285  0.708072  0.495484  0.452437  0.321379  0.574162  0.416128  0.401917  0.488466  0.728791  0.466264  0.471805  0.400341  0.694741  0.596073  0.711874  0.447094  0.891968  0.523170  0.368094 0.0  0.368962  0.547349  0.545707  0.777105  0.783357  0.892249  0.385543  0.578937  0.861323  0.873476  0.772708  0.561087  0.432161  0.326957  0.552017  0.415806  0.898402  0.437704  0.564836  0.617778  0.499336  0.397118  0.401115  0.691202  0.462040  0.717603  0.546877  0.551842  0.387576  0.292601  0.542806  0.635628  0.545981  0.452909  0.589774  0.460102  0.640444  0.588385  0.593061  0.777973  0.574012  0.574015  0.554601  0.324447  0.551028  0.552248  0.655164  0.492869  0.505517  0.441734  0.606236  0.657016  0.700844 
36  0.678718  0.518162  0.624041  0.704691  0.727361  0.457642  0.588187  0.819083  0.624093  0.565072  0.481216  0.700971  0.549830  0.400598  0.539877  0.582356  0.500942  0.551604  0.568697  0.568593  0.566783  0.533018  0.544271  0.544662  0.678301  0.563640  0.580160  0.394784  0.585745  0.542954  0.624030  0.577284  0.935713  0.777293  0.525651  0.368962 0.0  0.663100  0.526592  0.689959  0.660287  0.829377  0.424264  0.520049  0.975997  0.540172  0.755097  0.528045  0.593784  0.516735  0.609383  0.578115  0.842419  0.441154  0.515206  0.568795  0.515887  0.587672  0.677414  0.794586  0.491608  0.665773  0.700690  0.537092  0.480673  0.430858  0.621341  0.652708  0.489308  0.659625  0.478280  0.675131  0.543394  0.478615  0.664984  0.663107  0.768816  0.647149  0.525897  0.481894  0.484084  0.789712  0.526060  0.559681  0.619697  0.493860  0.471729  0.653396  0.707327 
37  0.578158  0.549688  0.458439  0.532765  0.561778  0.634850  0.509893  0.551676  0.463695  0.727370  0.618943  0.490819  0.630725  0.724550  0.446592  0.674062  0.677005  0.709698  0.675058  0.530525  0.625358  0.471371  0.681408  0.497735  0.708800  0.468472  0.737553  0.730183  0.559097  0.556118  0.581269  0.565008  0.561183  0.371634  0.644353  0.547349  0.663100 0.0  0.561444  0.599026  0.477746  0.621572  0.535076  0.613906  0.667539  0.596675  0.608926  0.665462  0.351178  0.421789  0.585707  0.518523  0.606785  0.687615  0.568271  0.511132  0.625046  0.497224  0.403877  0.627864  0.541191  0.491028  0.575537  0.520348  0.585942  0.500494  0.574853  0.508872  0.590995  0.408015  0.597530  0.418626  0.665697  0.681901  0.459609  0.526052  0.445304  0.603409  0.601078  0.462387  0.731204  0.390058  0.606955  0.647198  0.443725  0.531228  0.639211  0.588689  0.555404 
38  0.520607  0.714113  0.516427  0.547117  0.377928  0.346926  0.748556  0.693388  0.576942  0.488194  0.498852  0.562416  0.485284  0.662850  0.593047  0.677006  0.781568  0.397083  0.433299  0.595936  0.306914  0.582806  0.427295  0.359354  0.749667  0.610006  0.615369  0.819982  0.503748  0.658365  0.689040  0.381481  0.732720  0.624014  0.549232  0.545707  0.526592  0.561444 0.0  0.630297  0.692236  0.759650  0.372131  0.910954  0.678330  0.804908  0.618752  0.570767  0.490948  0.624557  0.520315  0.382369  0.741486  0.751228  0.566979  0.639242  0.383300  0.524494  0.405683  0.663601  0.305956  0.592152  0.584871  0.565944  0.320027  0.493389  0.545445  0.602788  0.765449  0.454216  0.700663  0.476135  0.560027  0.725983  0.417773  0.502183  0.526110  0.719655  0.515102  0.424344  0.602175  0.626703  0.610198  0.565596  0.549726  0.726977  0.729552  0.707231  0.615619 
39  0.433672  0.627687  0.522134  0.664788  0.618579  0.819775  0.652720  0.557698  0.719341  0.652830  0.617080  0.667807  0.645006  0.869347  0.771047  0.717574  0.653763  0.706911  0.705659  0.815374  0.659891  0.737200  0.722523  0.744881  0.640793  0.822626  0.704663  0.826975  0.528955  0.607668  0.711817  0.677842  0.495221  0.577873  0.803530  0.777105  0.689959  0.599026  0.630297 0.0  0.414904  0.353513  0.741992  0.563372  0.586997  0.638984  0.620696  0.677316  0.670206  0.711283  0.528666  0.775289  0.533039  0.679473  0.600128  0.684445  0.804373  0.721833  0.631961  0.439370  0.634229  0.528990  0.629700  0.612325  0.777429  0.854442  0.713919  0.560643  0.599465  0.667872  0.679246  0.527700  0.509845  0.625059  0.551245  0.571946  0.652810  0.711386  0.572914  0.635067  0.771477  0.625600  0.609166  0.734706  0.640707  0.719743  0.655719  0.591004  0.566252 
40  0.568190  0.478410  0.629798  0.656380  0.615254  0.759879  0.383233  0.453926  0.722359  0.758331  0.557397  0.606671  0.602037  0.591327  0.762469  0.757249  0.756439  0.875790  0.747745  0.760642  0.724152  0.682368  0.828829  0.858227  0.536125  0.587021  0.623608  0.837526  0.579605  0.480473  0.485827  0.833648  0.314707  0.771764  0.667206  0.783357  0.660287  0.477746  0.692236  0.414904 0.0  0.456275  0.769748  0.619007  0.465202  0.522058  0.442687  0.665560  0.637368  0.822101  0.569744  0.764161  0.529920  0.686970  0.547346  0.449259  0.891055  0.726034  0.649333  0.623057  0.756185  0.508371  0.776329  0.530832  0.710845  0.756822  0.711253  0.573641  0.582195  0.747757  0.749955  0.606214  0.621034  0.595293  0.614391  0.522342  0.721738  0.777205  0.643088  0.804033  0.554309  0.624424  0.615821  0.777846  0.659971  0.841901  0.678880  0.530502  0.571412 
41  0.417513  0.564562  0.554314  0.655392  0.594247  0.836055  0.483818  0.381150  0.727723  0.697635  0.634802  0.694365  0.727845  0.668317  0.713581  0.736543  0.633878  0.747215  0.800173  0.809116  0.735622  0.595148  0.725693  0.798580  0.589551  0.751960  0.751050  0.843391  0.583650  0.577251  0.576343  0.657827  0.369471  0.644141  0.854674  0.892249  0.829377  0.621572  0.759650  0.353513  0.456275 0.0  0.676672  0.538744  0.474572  0.440666  0.657311  0.609097  0.691657  0.682076  0.727856  0.786779  0.466889  0.593750  0.692539  0.543120  0.733941  0.569491  0.530205  0.549021  0.651546  0.571788  0.723816  0.678707  0.699396  0.786599  0.664090  0.556491  0.514944  0.763055  0.739055  0.599402  0.487453  0.838775  0.647618  0.565819  0.637058  0.608351  0.682014  0.843320  0.720445  0.652996  0.578394  0.671885  0.700394  0.712786  0.692768  0.538743  0.592642 
42  0.700574  0.661005  0.528701  0.510542  0.449888  0.485892  0.807052  0.648468  0.485817  0.525424  0.599838  0.442156  0.432127  0.703309  0.500383  0.565931  0.714228  0.567227  0.414582  0.497079  0.406665  0.615213  0.513720  0.434520  0.624101  0.481063  0.735396  0.547190  0.564372  0.550736  0.642310  0.436246  0.751395  0.566721  0.450912  0.385543  0.424264  0.535076  0.372131  0.741992  0.769748  0.676672 0.0  0.583457  0.714978  0.676223  0.583604  0.541979  0.451563  0.486803  0.520623  0.415074  0.782550  0.638566  0.600393  0.450813  0.471044  0.503815  0.458364  0.720326  0.358452  0.627417  0.722916  0.528719  0.382569  0.480113  0.359248  0.587970  0.601255  0.433292  0.778173  0.472072  0.493297  0.604945  0.522498  0.550027  0.489400  0.597230  0.502765  0.451716  0.565116  0.648620  0.497100  0.639038  0.589717  0.544078  0.509017  0.569759  0.635865 
43  0.647713  0.283862  0.533868  0.572555  0.527138  0.694702  0.462345  0.602226  0.755602  0.635118  0.622853  0.652549  0.706721  0.670754  0.583160  0.736343  0.617657  0.647521  0.710633  0.620391  0.536595  0.588439  0.591928  0.690196  0.585104  0.615743  0.553303  0.622615  0.651283  0.582333  0.436956  0.592210  0.681365  0.546849  0.538208  0.578937  0.520049  0.613906  0.910954  0.563372  0.619007  0.538744  0.583457 0.0  0.519407  0.439620  0.659044  0.396763  0.650060  0.604096  0.674511  0.806405  0.590214  0.378972  0.649788  0.367804  0.668533  0.555425  0.582610  0.648488  0.627719  0.534145  0.617264  0.543826  0.551902  0.524979  0.514109  0.607311  0.374440  0.680226  0.547687  0.486346  0.615231  0.418934  0.588333  0.529147  0.535997  0.688631  0.525804  0.621490  0.614216  0.568698  0.561335  0.627357  0.654482  0.735956  0.500502  0.412763  0.678562 
44  0.417617  0.485478  0.673174  0.774205  0.539452  0.642821  0.464127  0.204872  0.808912  0.686623  0.602546  0.733541  0.726678  0.806961  0.661643  0.845330  0.701108  0.697864  0.671746  0.735813  0.711619  0.639316  0.771325  0.712255  0.665720  0.661590  0.701644  0.752653  0.556888  0.562422  0.392912  0.642166  0.740008  0.780642  0.693053  0.861323  0.975997  0.667539  0.678330  0.586997  0.465202  0.474572  0.714978  0.519407 0.0  0.403058  0.667269  0.633573  0.793767  0.672376  0.717456  0.634730  0.270469  0.748867  0.636881  0.523708  0.836493  0.702291  0.828843  0.582440  0.823123  0.701071  0.704934  0.713634  0.740541  0.771249  0.761147  0.554520  0.474771  0.806565  0.869974  0.576974  0.528442  0.553726  0.731362  0.564867  0.792151  0.619618  0.559506  0.732280  0.839737  0.582700  0.844201  0.766477  0.676378  0.714116  0.595877  0.574026  0.596099 
