89
0 0.0  0.551051  0.570803  0.473032  0.539823  0.721828  0.538770  0.409197  0.629173  0.646437  0.625428  0.614926  0.713804  0.757912  0.649336  0.765588  0.784630  0.612817  0.647056  0.716036  0.475589  0.750718  0.802256  0.645580  0.730901  0.773297  0.646252  0.851917  0.604356  0.672085  0.637544  0.709739  0.540733  0.705293  0.749722  0.702527  0.857567  0.517151  0.666088  0.389890  0.608867  0.519213  0.642296  0.629501  0.484196  0.631718  0.541810  0.654565  0.631869  0.716839  0.608058  0.658906  0.423163  0.841779  0.619186  0.657678  0.686731  0.629286  0.635232  0.497838  0.713752  0.528649  0.813708  0.758448  0.775230  0.781583  0.512799  0.690427  0.618539  0.788018  0.751530  0.604659  0.706503  0.685252  0.644336  0.635741  0.651897  0.668388  0.682423  0.670095  0.613804  0.597630  0.698190  0.704421  0.654382  0.817851  0.749791  0.625829  0.632544 
1  0.551051 0.0  0.682086  0.659436  0.561728  0.719177  0.341148  0.514256  0.776902  0.645301  0.652847  0.587354  0.673779  0.686890  0.624082  0.684817  0.594678  0.798937  0.797945  0.696112  0.641266  0.655862  0.904993  0.749182  0.518500  0.611232  0.626793  0.698844  0.549142  0.530756  0.297273  0.780425  0.615809  0.566484  0.661327  0.820712  0.583072  0.564644  0.818212  0.695545  0.535510  0.535423  0.686063  0.298758  0.507312  0.254481  0.517768  0.405248  0.580255  0.641891  0.649372  0.881799  0.586344  0.484023  0.538941  0.291699  0.685110  0.643369  0.619419  0.638957  0.713491  0.589726  0.675470  0.630281  0.749949  0.755160  0.502216  0.519311  0.406212  0.586057  0.556785  0.567498  0.541602  0.366680  0.660139  0.530294  0.621527  0.535623  0.704237  0.773542  0.673199  0.365345  0.603943  0.766955  0.780451  0.699264  0.569350  0.452109  0.619345 
2  0.570803  0.682086 0.0  0.522413  0.607300  0.717788  0.685698  0.615419  0.671340  0.805201  0.652125  0.566494  0.524173  0.755043  0.653796  0.621782  0.675907  0.692247  0.790167  0.700044  0.565530  0.649061  0.512435  0.515700  0.748459  0.607849  0.778749  0.731768  0.619990  0.624995  0.662111  0.539087  0.651607  0.606824  0.699731  0.643049  0.707571  0.467894  0.621472  0.590854  0.672406  0.685765  0.611587  0.574375  0.779498  0.636414  0.589121  0.612528  0.591349  0.651457  0.590971  0.735665  0.599322  0.862325  0.779923  0.699445  0.762168  0.759059  0.511287  0.630462  0.615075  0.609191  0.835313  0.714195  0.663061  0.702357  0.556499  0.553036  0.649414  0.622835  0.627292  0.653980  0.661884  0.798792  0.585280  0.567468  0.552643  0.741350  0.679023  0.705304  0.725294  0.714034  0.465289  0.616433  0.538019  0.616368  0.719816  0.578031  0.635126 
3  0.473032  0.659436  0.522413 0.0  0.406186  0.713422  0.713955  0.698999  0.568538  0.867647  0.595565  0.732845  0.772541  0.711176  0.555998  0.708204  0.812325  0.772154  0.622575  0.632170  0.535462  0.683705  0.702956  0.729867  0.629057  0.651541  0.607472  0.786458  0.574485  0.628325  0.711291  0.564416  0.667373  0.576778  0.464808  0.642394  0.594912  0.562102  0.709717  0.720759  0.802986  0.640206  0.547596  0.676243  0.818209  0.626109  0.504155  0.721345  0.624747  0.481427  0.472177  0.670908  0.761481  0.815890  0.688466  0.712687  0.658958  0.634181  0.710559  0.596867  0.653524  0.545002  0.718574  0.809312  0.613875  0.726492  0.561330  0.613399  0.697586  0.537353  0.805556  0.381105  0.600313  0.624697  0.600856  0.631657  0.495227  0.523498  0.468651  0.717833  0.753519  0.425965  0.574117  0.873339  0.686291  0.763792  0.688132  0.633679  0.740958 
4  0.539823  0.561728  0.607300  0.406186 0.0  0.566489  0.572587  0.507171  0.711989  0.666899  0.647959  0.579822  0.637563  0.765865  0.626755  0.709176  0.586325  0.474415  0.534324  0.537373  0.288788  0.520883  0.593223  0.413169  0.579318  0.438325  0.591982  0.649559  0.698592  0.621315  0.538742  0.465921  0.743897  0.596311  0.611920  0.605362  0.734682  0.729746  0.369503  0.615621  0.611341  0.671108  0.492514  0.595927  0.559515  0.703612  0.484542  0.682222  0.621925  0.632019  0.602942  0.521182  0.527022  0.612868  0.569725  0.394266  0.399916  0.563975  0.543880  0.644524  0.378691  0.612851  0.569546  0.720795  0.478045  0.725680  0.470901  0.621843  0.415572  0.511900  0.665047  0.420973  0.574044  0.610102  0.430410  0.642407  0.594241  0.484010  0.678246  0.728601  0.583413  0.465876  0.573177  0.751888  0.612557  0.589228  0.736021  0.613987  0.668653 
5  0.721828  0.719177  0.717788  0.713422  0.566489 0.0  0.847488  0.779630  0.653307  0.505654  0.636554  0.639987  0.752882  0.591985  0.675581  0.451021  0.643516  0.391962  0.394080  0.577940  0.412423  0.618966  0.386352  0.470278  0.768831  0.621600  0.604412  0.609600  0.594957  0.608361  0.811054  0.282988  0.894996  0.682283  0.484643  0.438608  0.563483  0.703949  0.331350  0.765074  0.843619  0.830875  0.476287  0.700603  0.831020  0.988495  0.867083  0.692255  0.588491  0.578325  0.616581  0.443881  0.793264  0.607337  0.462837  0.747100  0.301448  0.500153  0.582391  0.804203  0.346845  0.675507  0.642228  0.555432  0.331275  0.426537  0.623773  0.637726  0.782546  0.697186  0.643506  0.705730  0.612766  0.668630  0.559389  0.777421  0.722660  0.744511  0.536050  0.476035  0.511811  0.765235  0.607108  0.471953  0.552417  0.709640  0.666233  0.852449  0.667525 
6  0.538770  0.341148  0.685698  0.713955  0.572587  0.847488 0.0  0.585289  0.777241  0.686829  0.534486  0.536890  0.759713  0.580612  0.818252  0.868557  0.378390  0.669943  0.849872  0.708260  0.743205  0.641844  0.721000  0.786285  0.532269  0.470887  0.384811  0.606520  0.699447  0.595058  0.460543  0.833764  0.639911  0.636856  0.646090  0.738313  0.796617  0.658208  0.927745  0.682420  0.480300  0.599730  0.881202  0.421598  0.581902  0.367857  0.547987  0.483618  0.781977  0.828953  0.578102  0.741518  0.633287  0.429263  0.608809  0.392262  0.805591  0.514164  0.677086  0.694273  0.893573  0.633683  0.662723  0.599087  0.849346  0.719060  0.675219  0.657888  0.530060  0.796994  0.668629  0.602603  0.664777  0.559094  0.698328  0.708376  0.679014  0.615304  0.648751  0.807479  0.666246  0.633321  0.722561  0.766086  0.618454  0.671379  0.595465  0.541722  0.667024 
7  0.409197  0.514256  0.615419  0.698999  0.507171  0.779630  0.585289 0.0  0.778235  0.700694  0.569182  0.740450  0.676994  0.760591  0.736576  0.871998  0.678320  0.611409  0.785464  0.718887  0.841100  0.608561  0.780659  0.611962  0.656417  0.564220  0.860770  0.933886  0.606129  0.599058  0.428474  0.693043  0.513057  0.593609  0.737609  0.952620  0.840738  0.565665  0.770128  0.620690  0.396357  0.428567  0.682363  0.720602  0.127159  0.384900  0.429932  0.547525  0.583799  0.807276  0.668121  0.734863  0.348882  0.658625  0.688216  0.563720  0.732642  0.814038  0.759082  0.536566  0.707714  0.600267  0.891860  0.693465  0.746470  0.865442  0.668482  0.609005  0.482457  0.856023  0.751027  0.695070  0.590022  0.650984  0.699737  0.542930  0.612659  0.749721  0.636304  0.792755  0.922740  0.595390  0.636907  0.768826  0.769483  0.713389  0.735597  0.568480  0.641977 
8  0.629173  0.776902  0.671340  0.568538  0.711989  0.653307  0.777241  0.778235 0.0  0.716495  0.703194  0.411904  0.695426  0.643740  0.597617  0.578907  0.786553  0.676874  0.673109  0.574040  0.670356  0.550592  0.548074  0.532549  0.600277  0.663656  0.823322  0.809048  0.710497  0.507642  0.761160  0.623654  0.778900  0.515990  0.752212  0.506531  0.646896  0.517086  0.618537  0.653144  0.772110  0.696126  0.371766  0.787571  0.780635  0.881155  0.710038  0.698128  0.469244  0.494651  0.581379  0.545560  0.706930  0.852373  0.587837  0.720166  0.645573  0.553761  0.525833  0.835038  0.561175  0.691729  0.695213  0.706288  0.581726  0.478695  0.692409  0.785674  0.698218  0.425182  0.571602  0.578318  0.604936  0.638929  0.540858  0.600800  0.492202  0.838262  0.663730  0.501679  0.747276  0.580412  0.747697  0.556783  0.494617  0.518058  0.674773  0.705568  0.576485 
9  0.646437  0.645301  0.805201  0.867647  0.666899  0.505654  0.686829  0.700694  0.716495 0.0  0.633737  0.749278  0.671479  0.671962  0.760533  0.694545  0.751779  0.694135  0.688113  0.576084  0.509298  0.702633  0.577040  0.730769  0.685883  0.708836  0.548084  0.530490  0.626148  0.648769  0.728553  0.609954  0.922886  0.630121  0.743932  0.665455  0.432883  0.839119  0.581878  0.889100  0.739652  0.831827  0.527985  0.672966  0.853807  0.694668  0.583278  0.686566  0.647624  0.590338  0.536852  0.788145  0.728658  0.577633  0.683787  0.727897  0.608506  0.575002  0.593245  0.781546  0.545927  0.666047  0.838571  0.672675  0.440046  0.540451  0.632975  0.703620  0.587998  0.722218  0.683494  0.646027  0.631866  0.647347  0.710250  0.615500  0.592906  0.524445  0.571268  0.668533  0.617492  0.740758  0.371929  0.682162  0.652408  0.648277  0.708413  0.709461  0.641361 
10  0.625428  0.652847  0.652125  0.595565  0.647959  0.636554  0.534486  0.569182  0.703194  0.633737 0.0  0.759226  0.614590  0.593517  0.621835  0.654071  0.697330  0.713144  0.620346  0.676795  0.631554  0.633108  0.598711  0.613466  0.691055  0.613896  0.591275  0.717942  0.540203  0.609476  0.645824  0.571473  0.652414  0.707272  0.646614  0.689302  0.529869  0.619267  0.569430  0.573073  0.604926  0.604696  0.673829  0.658028  0.637607  0.675372  0.591493  0.582066  0.662160  0.573744  0.690326  0.480887  0.744421  0.658367  0.674899  0.646335  0.609939  0.595140  0.463047  0.668925  0.687154  0.693306  0.577848  0.577083  0.597785  0.637647  0.516315  0.619240  0.594745  0.713536  0.670321  0.631715  0.691931  0.588725  0.517540  0.616461  0.749365  0.565797  0.616886  0.600982  0.649111  0.619094  0.570265  0.632426  0.622398  0.558475  0.639815  0.741698  0.573818 
11  0.614926  0.587354  0.566494  0.732845  0.579822  0.639987  0.536890  0.740450  0.411904  0.749278  0.759226 0.0  0.441993  0.727478  0.467243  0.673179  0.658137  0.690967  0.596981  0.560879  0.587989  0.599766  0.655162  0.477904  0.608824  0.459444  0.638586  0.647264  0.614187  0.546951  0.516508  0.579087  0.747967  0.453377  0.732578  0.518653  0.689716  0.574879  0.597001  0.691111  0.677671  0.664868  0.426424  0.583880  0.867465  0.739804  0.686809  0.619049  0.536484  0.610605  0.600257  0.696533  0.747600  0.748290  0.650652  0.623861  0.537588  0.355493  0.379966  0.701013  0.593257  0.534875  0.519455  0.677642  0.516606  0.609825  0.544786  0.559462  0.560836  0.444131  0.714499  0.386214  0.530132  0.703513  0.678656  0.621805  0.525842  0.633719  0.494419  0.527370  0.706378  0.495986  0.644073  0.796423  0.482914  0.594247  0.778456  0.655963  0.612182 
12  0.713804  0.673779  0.524173  0.772541  0.637563  0.752882  0.759713  0.676994  0.695426  0.671479  0.614590  0.441993 0.0  0.650414  0.644460  0.513390  0.872771  0.808730  0.660237  0.724504  0.701625  0.610600  0.567238  0.514020  0.805827  0.493506  0.584143  0.631507  0.638252  0.561913  0.599922  0.679494  0.645956  0.654978  0.616486  0.439247  0.602944  0.666392  0.471152  0.685585  0.544483  0.709985  0.469034  0.775229  0.671701  0.721193  0.449251  0.641867  0.561277  0.706542  0.696020  0.533110  0.559965  0.842977  0.627250  0.455247  0.665310  0.595285  0.476077  0.762722  0.523817  0.576409  0.710421  0.529866  0.524955  0.640954  0.487564  0.596026  0.629647  0.757173  0.859610  0.632667  0.571228  0.622643  0.750720  0.537181  0.653150  0.611228  0.609972  0.675731  0.515748  0.739372  0.655751  0.636948  0.713313  0.676472  0.631355  0.571362  0.645239 
13  0.757912  0.686890  0.755043  0.711176  0.765865  0.591985  0.580612  0.760591  0.643740  0.671962  0.593517  0.727478  0.650414 0.0  0.738191  0.684696  0.495556  0.581995  0.662787  0.590404  0.651506  0.739965  0.801294  0.802119  0.566193  0.561710  0.636448  0.569615  0.726166  0.669615  0.498554  0.704626  0.714913  0.821715  0.714835  0.655296  0.548960  0.735959  0.790972  0.732695  0.668550  0.801714  0.781418  0.702262  0.856920  0.652333  0.702349  0.647188  0.796775  0.644296  0.621349  0.713392  0.756271  0.496536  0.598970  0.617656  0.717911  0.568570  0.787712  0.672576  0.771073  0.732275  0.743990  0.427033  0.665591  0.577316  0.764077  0.628519  0.496696  0.582338  0.626905  0.580958  0.740666  0.591764  0.754170  0.703503  0.790284  0.698440  0.635730  0.525135  0.570900  0.666229  0.673874  0.526710  0.682462  0.663099  0.607238  0.554645  0.716350 
14  0.649336  0.624082  0.653796  0.555998  0.626755  0.675581  0.818252  0.736576  0.597617  0.760533  0.621835  0.467243  0.644460  0.738191 0.0  0.719550  0.811711  0.620871  0.747851  0.458313  0.602841  0.461588  0.725701  0.596695  0.731276  0.463706  0.663185  0.629163  0.610673  0.539644  0.654479  0.505988  0.776235  0.600343  0.667287  0.427669  0.708049  0.610474  0.691532  0.890151  0.745291  0.782059  0.555042  0.584288  0.778445  0.736479  0.466539  0.709141  0.342330  0.597429  0.592835  0.591979  0.770788  0.727583  0.633195  0.603739  0.554799  0.554718  0.519014  0.769794  0.756602  0.786783  0.653062  0.624796  0.673922  0.566438  0.523764  0.617843  0.750940  0.547873  0.783109  0.459229  0.569291  0.634477  0.735399  0.687897  0.509891  0.611685  0.555829  0.497786  0.821240  0.583735  0.676043  0.748926  0.494485  0.457197  0.689684  0.631962  0.636520 
15  0.765588  0.684817  0.621782  0.708204  0.709176  0.451021  0.868557  0.871998  0.578907  0.694545  0.654071  0.673179  0.513390  0.684696  0.719550 0.0  0.677738  0.677761  0.676660  0.622620  0.717978  0.697169  0.664751  0.623541  0.710630  0.641948  0.679895  0.696900  0.683187  0.636152  0.748439  0.685326  0.581637  0.729668  0.476164  0.471185  0.695464  0.867441  0.706506  0.781878  0.721164  0.763425  0.561187  0.842458  0.900461  0.809939  0.578596  0.713749  0.605720  0.528198  0.578360  0.629859  0.886890  0.727938  0.567877  0.632610  0.693035  0.637367  0.558382  0.864228  0.542499  0.679179  0.773989  0.709911  0.610624  0.723506  0.643244  0.644397  0.860221  0.571986  0.762986  0.694103  0.589258  0.860111  0.795660  0.650903  0.763833  0.759377  0.550512  0.633350  0.464683  0.690165  0.736373  0.627268  0.592648  0.576522  0.743546  0.722439  0.699265 
16  0.784630  0.594678  0.675907  0.812325  0.586325  0.643516  0.378390  0.678320  0.786553  0.751779  0.697330  0.658137  0.872771  0.495556  0.811711  0.677738 0.0  0.603721  0.655260  0.460327  0.694476  0.576375  0.717593  0.797816  0.597888  0.600860  0.452895  0.555891  0.723676  0.621134  0.595098  0.789786  0.716641  0.781213  0.722027  0.703967  0.458798  0.730066  0.857686  0.701690  0.675917  0.585674  0.674148  0.640768  0.830329  0.657837  0.774194  0.640957  0.889083  0.682904  0.756917  1.000000  0.758054  0.284052  0.694082  0.585997  0.692374  0.577065  0.754041  0.718055  0.676057  0.757669  0.613185  0.618801  0.675729  0.735533  0.564432  0.646857  0.467975  0.886090  0.482489  0.589812  0.643770  0.646020  0.827690  0.715130  0.834245  0.716604  0.643901  0.635916  0.549997  0.666880  0.720363  0.646163  0.689069  0.621552  0.616264  0.712552  0.695435 
17  0.612817  0.798937  0.692247  0.772154  0.474415  0.391962  0.669943  0.611409  0.676874  0.694135  0.713144  0.690967  0.808730  0.581995  0.620871  0.677761  0.603721 0.0  0.551557  0.421061  0.511057  0.580760  0.447475  0.569412  0.771457  0.532020  0.498996  0.601213  0.734828  0.634474  0.697519  0.602014  0.761618  0.650720  0.454126  0.523629  0.678944  0.710511  0.407616  0.750472  0.790979  0.686942  0.590948  0.664909  0.734223  0.848801  0.718441  0.715100  0.676891  0.515601  0.758436  0.454385  0.743257  0.525920  0.583832  0.777650  0.486377  0.580131  0.738424  0.705955  0.533063  0.761649  0.646137  0.814275  0.454992  0.627260  0.537945  0.631471  0.680616  0.565884  0.694821  0.593998  0.792000  0.675082  0.571969  0.786746  0.803640  0.717851  0.567578  0.636505  0.656117  0.634245  0.743146  0.650706  0.631880  0.517720  0.736438  0.683291  0.647740 
18  0.647056  0.797945  0.790167  0.622575  0.534324  0.394080  0.849872  0.785464  0.673109  0.688113  0.620346  0.596981  0.660237  0.662787  0.747851  0.676660  0.655260  0.551557 0.0  0.616937  0.467858  0.545596  0.338525  0.447199  0.777753  0.722928  0.683627  0.583085  0.746798  0.723824  0.797480  0.522122  0.872036  0.647941  0.695251  0.516862  0.596265  0.631203  0.476908  0.776790  0.860962  0.831039  0.511863  0.770379  0.838277  0.822364  0.706511  0.707457  0.663029  0.596720  0.601178  0.470514  0.824748  0.668974  0.638780  0.800122  0.448429  0.583456  0.677048  0.882434  0.426984  0.638244  0.668675  0.646854  0.351684  0.552266  0.612001  0.675411  0.809995  0.709001  0.784780  0.616321  0.663897  0.784728  0.592002  0.612837  0.714706  0.782970  0.628466  0.488119  0.575615  0.784880  0.634905  0.546399  0.703171  0.689617  0.614682  0.891267  0.596174 
19  0.716036  0.696112  0.700044  0.632170  0.537373  0.577940  0.708260  0.718887  0.574040  0.576084  0.676795  0.560879  0.724504  0.590404  0.458313  0.622620  0.460327  0.421061  0.616937 0.0  0.619361  0.325877  0.589007  0.514157  0.716156  0.432594  0.615737  0.460460  0.730377  0.682204  0.627831  0.660911  0.710339  0.539749  0.493612  0.361279  0.614731  0.580749  0.580389  0.753243  0.954015  0.843279  0.454285  0.572981  0.775829  0.720383  0.694490  0.617179  0.416615  0.381358  0.639282  0.529706  0.669764  0.593215  0.541804  0.640013  0.562106  0.292262  0.473985  0.749914  0.588091  0.753586  0.511068  0.661422  0.587258  0.487283  0.539492  0.655185  0.615248  0.611850  0.574097  0.437087  0.632172  0.544726  0.595713  0.689695  0.556286  0.562988  0.614212  0.423601  0.660477  0.581073  0.739026  0.611796  0.462606  0.359874  0.545261  0.658312  0.565371 
20  0.475589  0.641266  0.565530  0.535462  0.288788  0.412423  0.743205  0.841100  0.670356  0.509298  0.631554  0.587989  0.701625  0.651506  0.602841  0.717978  0.694476  0.511057  0.467858  0.619361 0.0  0.692441  0.510304  0.376870  0.653674  0.509019  0.637671  0.640596  0.605492  0.657173  0.596860  0.447624  0.776851  0.495125  0.615674  0.584001  0.720792  0.630662  0.492862  0.624153  0.743207  0.784350  0.507357  0.669816  0.717047  0.662295  0.644033  0.692561  0.438457  0.658536  0.637715  0.515334  0.646592  0.759488  0.720882  0.665263  0.469000  0.558829  0.562906  0.527118  0.433956  0.725080  0.568103  0.570273  0.386008  0.720364  0.439769  0.585698  0.609646  0.626612  0.789578  0.471517  0.521218  0.631137  0.443288  0.601892  0.648887  0.613739  0.528039  0.636799  0.663719  0.586121  0.657925  0.770993  0.625710  0.705971  0.767000  0.592554  0.607450 
21  0.750718  0.655862  0.649061  0.683705  0.520883  0.618966  0.641844  0.608561  0.550592  0.702633  0.633108  0.599766  0.610600  0.739965  0.461588  0.697169  0.576375  0.580760  0.545596  0.325877  0.692441 0.0  0.781461  0.794161  0.727664  0.409109  0.661677  0.538627  0.709982  0.553970  0.688306  0.582203  0.693362  0.587360  0.573808  0.352436  0.583513  0.520733  0.681200  0.789711  0.787326  0.864281  0.592226  0.704767  0.687903  0.727659  0.542909  0.661786  0.525473  0.373035  0.674838  0.550961  0.716241  0.621955  0.582071  0.655845  0.589760  0.544446  0.647823  0.808693  0.686272  0.716862  0.449652  0.849990  0.634310  0.505007  0.509206  0.681181  0.619759  0.569463  0.607000  0.546059  0.773600  0.697782  0.689667  0.746068  0.553951  0.627868  0.631828  0.483962  0.719751  0.515176  0.762511  0.742732  0.487574  0.349086  0.733198  0.769532  0.678768 
22  0.802256  0.904993  0.512435  0.702956  0.593223  0.386352  0.721000  0.780659  0.548074  0.577040  0.598711  0.655162  0.567238  0.801294  0.725701  0.664751  0.717593  0.447475  0.338525  0.589007  0.510304  0.781461 0.0  0.316730  0.776700  0.576579  0.642864  0.716021  0.673678  0.682862  0.667842  0.319285  0.944558  0.612107  0.489211  0.625120  0.655840  0.597569  0.353731  0.752928  0.850697  0.782851  0.432670  0.677871  0.691608  0.739723  0.701145  0.710807  0.551590  0.509806  0.681770  0.390822  0.697713  0.594370  0.657486  0.758491  0.401317  0.467394  0.455702  0.649472  0.352832  0.607832  0.591823  0.736425  0.246906  0.734417  0.525101  0.644835  0.793246  0.728614  0.711334  0.681424  0.576133  0.607893  0.374392  0.573807  0.633578  0.694483  0.547579  0.457082  0.751814  0.553929  0.673910  0.656158  0.705335  0.686452  0.750726  0.718374  0.625537 
23  0.645580  0.749182  0.515700  0.729867  0.413169  0.470278  0.786285  0.611962  0.532549  0.730769  0.613466  0.477904  0.514020  0.802119  0.596695  0.623541  0.797816  0.569412  0.447199  0.514157  0.376870  0.794161  0.316730 0.0  0.739691  0.386694  0.751730  0.710751  0.612852  0.696540  0.616423  0.393868  0.782802  0.509698  0.490156  0.611759  0.649698  0.568130  0.472402  0.712242  0.799087  0.810268  0.281389  0.796478  0.731814  0.754631  0.609431  0.626161  0.421906  0.647576  0.624979  0.432352  0.656488  0.699259  0.685179  0.669391  0.298070  0.567091  0.495841  0.706748  0.328112  0.652470  0.676069  0.617424  0.337532  0.645513  0.457744  0.525566  0.558605  0.488106  0.661131  0.511894  0.655079  0.590113  0.541550  0.655803  0.600620  0.512465  0.648750  0.620019  0.654673  0.597980  0.446575  0.603613  0.553344  0.610861  0.670146  0.575400  0.596305 
24  0.730901  0.518500  0.748459  0.629057  0.579318  0.768831  0.532269  0.656417  0.600277  0.685883  0.691055  0.608824  0.805827  0.566193  0.731276  0.710630  0.597888  0.771457  0.777753  0.716156  0.653674  0.727664  0.776700  0.739691 0.0  0.594805  0.569248  0.624021  0.649008  0.514103  0.481673  0.811618  0.641115  0.722016  0.684640  0.683489  0.627532  0.722776  0.711616  0.503160  0.605827  0.691386  0.714128  0.516284  0.641481  0.275972  0.607761  0.640883  0.672001  0.626021  0.634283  0.800614  0.633311  0.509422  0.824040  0.443728  0.781799  0.547279  0.813921  0.660645  0.571589  0.553273  0.629853  0.533860  0.706441  0.768117  0.770910  0.589992  0.542823  0.627493  0.724209  0.612982  0.728834  0.515093  0.655527  0.556066  0.806074  0.642426  0.683137  0.548802  0.586781  0.568317  0.646146  0.789132  0.656860  0.737120  0.522695  0.566459  0.677528 
25  0.773297  0.611232  0.607849  0.651541  0.438325  0.621600  0.470887  0.564220  0.663656  0.708836  0.613896  0.459444  0.493506  0.561710  0.463706  0.641948  0.600860  0.532020  0.722928  0.432594  0.509019  0.409109  0.576579  0.386694  0.594805 0.0  0.682584  0.591390  0.736558  0.605183  0.472287  0.616200  0.711023  0.570648  0.398474  0.364796  0.556913  0.528968  0.654530  0.761952  0.666071  0.690343  0.563686  0.591146  0.585631  0.599763  0.643558  0.617016  0.517910  0.489815  0.647781  0.556451  0.631150  0.492535  0.582110  0.498178  0.419013  0.284387  0.517534  0.648150  0.520953  0.630717  0.489096  0.630987  0.491485  0.526890  0.501547  0.490974  0.364481  0.576363  0.709392  0.434677  0.492026  0.467203  0.588902  0.660978  0.606892  0.400311  0.577417  0.463628  0.748499  0.467830  0.679175  0.727353  0.555500  0.313158  0.606240  0.533779  0.652044 
26  0.646252  0.626793  0.778749  0.607472  0.591982  0.604412  0.384811  0.860770  0.823322  0.548084  0.591275  0.638586  0.584143  0.636448  0.663185  0.679895  0.452895  0.498996  0.683627  0.615737  0.637671  0.661677  0.642864  0.751730  0.569248  0.682584 0.0  0.525911  0.581740  0.612529  0.581310  0.734074  0.734361  0.750244  0.645250  0.626680  0.474983  0.741291  0.696128  0.817611  0.790004  0.780857  0.633717  0.641850  0.735590  0.703048  0.720220  0.565918  0.608489  0.551262  0.675253  0.650615  0.824039  0.482705  0.698324  0.514600  0.697857  0.543751  0.620448  0.756125  0.607289  0.620075  0.608893  0.529207  0.656780  0.663062  0.670622  0.672434  0.515295  0.633902  0.538457  0.611708  0.683459  0.471720  0.730355  0.751124  0.742557  0.587810  0.612510  0.506783  0.639635  0.657402  0.740078  0.463417  0.735386  0.588603  0.570825  0.500199  0.715632 
27  0.851917  0.698844  0.731768  0.786458  0.649559  0.609600  0.606520  0.933886  0.809048  0.530490  0.717942  0.647264  0.631507  0.569615  0.629163  0.696900  0.555891  0.601213  0.583085  0.460460  0.640596  0.538627  0.716021  0.710751  0.624021  0.591390  0.525911 0.0  0.728113  0.673372  0.643388  0.735924  0.898534  0.664707  0.598681  0.457511  0.320618  0.734640  0.793300  0.866633  0.926054  0.903542  0.667438  0.646459  0.907227  0.843591  0.814016  0.615317  0.654157  0.620186  0.585202  0.620011  0.680345  0.529829  0.644483  0.654217  0.583447  0.621276  0.731864  0.867184  0.530801  0.612070  0.522597  0.609283  0.592797  0.616637  0.735606  0.650711  0.523543  0.679445  0.585121  0.657632  0.676665  0.322168  0.853110  0.660110  0.717325  0.495702  0.659876  0.510257  0.551153  0.761279  0.543799  0.523612  0.712180  0.657531  0.436347  0.691718  0.582952 
28  0.604356  0.549142  0.619990  0.574485  0.698592  0.594957  0.699447  0.606129  0.710497  0.626148  0.540203  0.614187  0.638252  0.726166  0.610673  0.683187  0.723676  0.734828  0.746798  0.730377  0.605492  0.709982  0.673678  0.612852  0.649008  0.736558  0.581740  0.728113 0.0  0.594019  0.579289  0.670507  0.642726  0.557545  0.618870  0.693326  0.654003  0.560012  0.479519  0.628077  0.596582  0.585679  0.731880  0.623962  0.640109  0.640225  0.523681  0.552149  0.474282  0.620957  0.554055  0.762915  0.649386  0.743435  0.655795  0.752510  0.578321  0.622215  0.540582  0.610025  0.709100  0.664246  0.721701  0.552779  0.676013  0.703000  0.572927  0.519785  0.705472  0.707593  0.754440  0.563169  0.563535  0.500476  0.571044  0.529828  0.553013  0.733640  0.607201  0.603937  0.686885  0.552128  0.651834  0.652315  0.554466  0.772936  0.623802  0.579630  0.634613 
29  0.672085  0.530756  0.624995  0.628325  0.621315  0.608361  0.595058  0.599058  0.507642  0.648769  0.609476  0.546951  0.561913  0.669615  0.539644  0.636152  0.621134  0.634474  0.723824  0.682204  0.657173  0.553970  0.682862  0.696540  0.514103  0.605183  0.612529  0.673372  0.594019 0.0  0.463786  0.718590  0.512798  0.685048  0.642611  0.643418  0.694444  0.576253  0.657432  0.601246  0.590196  0.604898  0.535032  0.547728  0.624406  0.524867  0.482469  0.465298  0.474000  0.549874  0.582250  0.551126  0.602860  0.646259  0.576483  0.560842  0.568701  0.729947  0.661868  0.624927  0.552549  0.555494  0.660506  0.507430  0.643409  0.714985  0.531286  0.734236  0.682205  0.608946  0.754724  0.586176  0.580902  0.666632  0.594267  0.670833  0.662874  0.692767  0.753869  0.730674  0.858964  0.635439  0.656047  0.731600  0.718589  0.648341  0.519731  0.672089  0.761574 
30  0.637544  0.297273  0.662111  0.711291  0.538742  0.811054  0.460543  0.428474  0.761160  0.728553  0.645824  0.516508  0.599922  0.498554  0.654479  0.748439  0.595098  0.697519  0.797480  0.627831  0.596860  0.688306  0.667842  0.616423  0.481673  0.472287  0.581310  0.643388  0.579289  0.463786 0.0  0.798360  0.748391  0.528323  0.705372  0.822906  0.686105  0.616686  0.784597  0.735746  0.547973  0.642484  0.592427  0.335134  0.390195  0.216476  0.547914  0.480688  0.550608  0.737225  0.667309  0.701915  0.559703  0.564596  0.709420  0.262364  0.670049  0.588033  0.681865  0.573017  0.678470  0.615541  0.680981  0.406216  0.624952  0.635780  0.536663  0.612972  0.298168  0.737915  0.582502  0.524884  0.538831  0.443905  0.766224  0.657317  0.649311  0.638620  0.572713  0.658215  0.675722  0.464471  0.578319  0.728839  0.672358  0.696733  0.649835  0.468883  0.604159 
31  0.709739  0.780425  0.539087  0.564416  0.465921  0.282988  0.833764  0.693043  0.623654  0.609954  0.571473  0.579087  0.679494  0.704626  0.505988  0.685326  0.789786  0.602014  0.522122  0.660911  0.447624  0.582203  0.319285  0.393868  0.811618  0.616200  0.734074  0.735924  0.670507  0.718590  0.798360 0.0  0.871579  0.695004  0.479488  0.602009  0.634804  0.692943  0.325108  0.719703  0.822436  0.781423  0.454069  0.604282  0.717820  0.856696  0.604707  0.815139  0.670326  0.676936  0.612975  0.289975  0.699935  0.591063  0.597202  0.738813  0.382288  0.543070  0.492784  0.751912  0.355083  0.636583  0.649693  0.619360  0.323896  0.653564  0.553825  0.653379  0.699029  0.581393  0.742857  0.445647  0.582966  0.753280  0.331667  0.660504  0.670598  0.729706  0.530189  0.541630  0.598033  0.803669  0.682155  0.680227  0.708059  0.717092  0.558988  0.735776  0.680674 
32  0.540733  0.615809  0.651607  0.667373  0.743897  0.894996  0.639911  0.513057  0.778900  0.922886  0.652414  0.747967  0.645956  0.714913  0.776235  0.581637  0.716641  0.761618  0.872036  0.710339  0.776851  0.693362  0.944558  0.782802  0.641115  0.711023  0.734361  0.898534  0.642726  0.512798  0.748391  0.871579 0.0  0.758993  0.583417  0.881735  0.908419  0.588994  0.778300  0.438029  0.187131  0.378813  0.744720  0.537808  0.659920  0.633360  0.525228  0.640968  0.740850  0.734255  0.685437  0.915479  0.633027  0.771364  0.661791  0.652865  0.922477  0.881227  0.724784  0.633547  0.766921  0.564452  0.754971  0.817228  0.911500  0.737096  0.768533  0.612553  0.674652  0.649366  0.737799  0.581499  0.644155  0.687203  0.694694  0.513124  0.623830  0.875880  0.740734  0.847547  0.729399  0.669569  0.723242  0.638196  0.698980  0.863673  0.712541  0.707906  0.615782 
33  0.705293  0.566484  0.606824  0.576778  0.596311  0.682283  0.636856  0.593609  0.515990  0.630121  0.707272  0.453377  0.654978  0.821715  0.600343  0.729668  0.781213  0.650720  0.647941  0.539749  0.495125  0.587360  0.612107  0.509698  0.722016  0.570648  0.750244  0.664707  0.557545  0.685048  0.528323  0.695004  0.758993 0.0  0.710549  0.441930  0.687987  0.475349  0.682133  0.629052  0.738419  0.697290  0.563897  0.599252  0.778497  0.699711  0.621755  0.510563  0.405410  0.442842  0.590200  0.667700  0.744633  0.729964  0.694944  0.643742  0.626926  0.453061  0.276498  0.705661  0.641155  0.575442  0.646155  0.606894  0.696839  0.604934  0.503422  0.537761  0.595371  0.513402  0.654940  0.460493  0.559482  0.528844  0.643135  0.730772  0.410593  0.618713  0.673364  0.626211  0.820825  0.370942  0.657416  0.662573  0.474235  0.550475  0.589245  0.525126  0.585585 
34  0.749722  0.661327  0.699731  0.464808  0.611920  0.484643  0.646090  0.737609  0.752212  0.743932  0.646614  0.732578  0.616486  0.714835  0.667287  0.476164  0.722027  0.454126  0.695251  0.493612  0.615674  0.573808  0.489211  0.490156  0.684640  0.398474  0.645250  0.598681  0.618870  0.642611  0.705372  0.479488  0.583417  0.710549 0.0  0.266346  0.657246  0.670381  0.588595  0.773160  0.892156  0.762924  0.496501  0.717491  0.740053  0.785354  0.723044  0.846988  0.660417  0.379508  0.522176  0.470567  0.645652  0.539908  0.550602  0.719064  0.665365  0.503416  0.645021  0.572263  0.532043  0.799027  0.589698  0.718702  0.540192  0.558052  0.562514  0.663256  0.663815  0.577003  0.633214  0.608974  0.655079  0.609445  0.504375  0.641422  0.777599  0.407016  0.622258  0.549681  0.536058  0.577348  0.786889  0.608063  0.643523  0.508103  0.765776  0.736178  0.644628 
35  0.702527  0.820712  0.643049  0.642394  0.605362  0.438608  0.738313  0.952620  0.506531  0.665455  0.689302  0.518653  0.439247  0.655296  0.427669  0.471185  0.703967  0.523629  0.516862  0.361279  0.584001  0.352436  0.625120  0.611759  0.683489  0.364796  0.626680  0.457511  0.693326  0.643418  0.822906  0.602009  0.881735  0.441930  0.266346 0.0  0.292223  0.451837  0.470526  0.841405  0.877094  0.962100  0.482781  0.770088  0.891941  0.916514  0.738888  0.556550  0.373651  0.420282  0.704326  0.501033  0.810803  0.676956  0.590827  0.725044  0.390483  0.512014  0.484744  0.875199  0.451740  0.755453  0.475804  0.582034  0.444769  0.292892  0.626213  0.696756  0.731536  0.385287  0.485062  0.396860  0.680501  0.548537  0.622338  0.665933  0.558477  0.561433  0.555504  0.256103  0.499151  0.629270  0.767798  0.563113  0.583560  0.466931  0.660616  0.612120  0.706447 
36  0.857567  0.583072  0.707571  0.594912  0.734682  0.563483  0.796617  0.840738  0.646896  0.432883  0.529869  0.689716  0.602944  0.548960  0.708049  0.695464  0.458798  0.678944  0.596265  0.614731  0.720792  0.583513  0.655840  0.649698  0.627532  0.556913  0.474983  0.320618  0.654003  0.694444  0.686105  0.634804  0.908419  0.687987  0.657246  0.292223 0.0  0.683115  0.481924  0.858950  0.963658  0.861325  0.512093  0.546221  0.760966  0.680994  0.748864  0.515837  0.670234  0.525927  0.605394  0.526723  0.674772  0.522377  0.555006  0.549473  0.563253  0.660306  0.601322  0.860331  0.572076  0.672207  0.740664  0.540821  0.546846  0.488853  0.637982  0.552947  0.455641  0.667500  0.526747  0.604099  0.648327  0.380448  0.825258  0.554313  0.697673  0.776002  0.489520  0.600613  0.514024  0.719446  0.585666  0.484336  0.710250  0.604705  0.565380  0.607542  0.503155 
37  0.517151  0.564644  0.467894  0.562102  0.729746  0.703949  0.658208  0.565665  0.517086  0.839119  0.619267  0.574879  0.666392  0.735959  0.610474  0.867441  0.730066  0.710511  0.631203  0.580749  0.630662  0.520733  0.597569  0.568130  0.722776  0.528968  0.741291  0.734640  0.560012  0.576253  0.616686  0.692943  0.588994  0.475349  0.670381  0.451837  0.683115 0.0  0.565904  0.607992  0.646568  0.555113  0.574763  0.548852  0.783652  0.600760  0.707179  0.569899  0.439098  0.398931  0.635032  0.604252  0.657780  0.733492  0.716614  0.623130  0.623507  0.558617  0.382323  0.717961  0.708249  0.586419  0.663514  0.623021  0.663500  0.350674  0.498442  0.557567  0.624951  0.559519  0.660590  0.309266  0.603609  0.641394  0.676424  0.680260  0.502074  0.613120  0.692664  0.547346  0.796082  0.506393  0.740998  0.729942  0.508392  0.521282  0.626476  0.454693  0.635241 
38  0.666088  0.818212  0.621472  0.709717  0.369503  0.331350  0.927745  0.770128  0.618537  0.581878  0.569430  0.597001  0.471152  0.790972  0.691532  0.706506  0.857686  0.407616  0.476908  0.580389  0.492862  0.681200  0.353731  0.472402  0.711616  0.654530  0.696128  0.793300  0.479519  0.657432  0.784597  0.325108  0.778300  0.682133  0.588595  0.470526  0.481924  0.565904 0.0  0.717977  0.859814  0.887152  0.318845  0.759673  0.830864  0.709961  0.609290  0.551259  0.555298  0.574971  0.625556  0.365075  0.775999  0.803972  0.683071  0.680261  0.384691  0.564229  0.480178  0.740539  0.233908  0.554076  0.689256  0.568818  0.407597  0.541920  0.555536  0.561779  0.668320  0.579233  0.762970  0.620055  0.538042  0.747777  0.419745  0.555312  0.615231  0.734420  0.562941  0.470387  0.601281  0.581006  0.627514  0.638185  0.681539  0.608739  0.711505  0.690139  0.783382 
39  0.389890  0.695545  0.590854  0.720759  0.615621  0.765074  0.682420  0.620690  0.653144  0.889100  0.573073  0.691111  0.685585  0.732695  0.890151  0.781878  0.701690  0.750472  0.776790  0.753243  0.624153  0.789711  0.752928  0.712242  0.503160  0.761952  0.817611  0.866633  0.628077  0.601246  0.735746  0.719703  0.438029  0.629052  0.773160  0.841405  0.858950  0.607992  0.717977 0.0  0.487426  0.464225  0.705247  0.699257  0.567279  0.592717  0.828162  0.780452  0.695824  0.787768  0.583146  0.752573  0.534021  0.732167  0.725872  0.640648  0.679881  0.775634  0.701956  0.537584  0.819799  0.589088  0.687688  0.706090  0.790299  0.655826  0.655823  0.574971  0.749319  0.704709  0.813782  0.626113  0.610572  0.730868  0.647962  0.632324  0.696346  0.902788  0.600755  0.848545  0.922632  0.602352  0.678230  0.839208  0.691259  0.782045  0.825772  0.594774  0.639302 
40  0.608867  0.535510  0.672406  0.802986  0.611341  0.843619  0.480300  0.396357  0.772110  0.739652  0.604926  0.677671  0.544483  0.668550  0.745291  0.721164  0.675917  0.790979  0.860962  0.954015  0.743207  0.787326  0.850697  0.799087  0.605827  0.666071  0.790004  0.926054  0.596582  0.590196  0.547973  0.822436  0.187131  0.738419  0.892156  0.877094  0.963658  0.646568  0.859814  0.487426 0.0  0.449177  0.790778  0.566888  0.580617  0.517377  0.403835  0.681995  0.804745  0.757671  0.746812  0.816734  0.545199  0.628005  0.816096  0.623766  0.791268  0.742254  0.721956  0.681700  0.883024  0.507518  0.749541  0.643972  0.849473  0.742959  0.689975  0.530648  0.500899  0.658563  0.700099  0.617250  0.526934  0.870220  0.694512  0.687295  0.667873  0.753965  0.689345  0.867632  0.712196  0.746122  0.564286  0.675505  0.855203  0.806246  0.718687  0.649635  0.683582 
41  0.519213  0.535423  0.685765  0.640206  0.671108  0.830875  0.599730  0.428567  0.696126  0.831827  0.604696  0.664868  0.709985  0.801714  0.782059  0.763425  0.585674  0.686942  0.831039  0.843279  0.784350  0.864281  0.782851  0.810268  0.691386  0.690343  0.780857  0.903542  0.585679  0.604898  0.642484  0.781423  0.378813  0.697290  0.762924  0.962100  0.861325  0.555113  0.887152  0.464225  0.449177 0.0  0.871327  0.665810  0.544951  0.474196  0.624463  0.575561  0.732177  0.780303  0.667164  0.847662  0.508810  0.720689  0.642243  0.689428  0.852476  0.792982  0.717518  0.571176  0.790144  0.584280  0.737408  0.698717  0.797164  0.793044  0.622395  0.573266  0.721662  0.774876  0.734692  0.756730  0.569152  0.774023  0.644159  0.615021  0.754238  0.759528  0.693173  0.909319  0.824984  0.568100  0.646260  0.783155  0.644471  0.814378  0.836465  0.488764  0.637808 
42  0.642296  0.686063  0.611587  0.547596  0.492514  0.476287  0.881202  0.682363  0.371766  0.527985  0.673829  0.426424  0.469034  0.781418  0.555042  0.561187  0.674148  0.590948  0.511863  0.454285  0.507357  0.592226  0.432670  0.281389  0.714128  0.563686  0.633717  0.667438  0.731880  0.535032  0.592427  0.454069  0.744720  0.563897  0.496501  0.482781  0.512093  0.574763  0.318845  0.705247  0.790778  0.871327 0.0  0.672020  0.714711  0.715898  0.579161  0.687551  0.550752  0.330042  0.467834  0.402437  0.738200  0.636347  0.630470  0.583984  0.383207  0.465351  0.488268  0.781077  0.333464  0.537281  0.661268  0.571820  0.383876  0.506109  0.356049  0.552978  0.548770  0.602327  0.787127  0.519308  0.564790  0.792954  0.422113  0.651332  0.516772  0.551870  0.587902  0.547203  0.599815  0.660353  0.681682  0.646379  0.540331  0.567845  0.715621  0.656486  0.630741 
43  0.629501  0.298758  0.574375  0.676243  0.595927  0.700603  0.421598  0.720602  0.787571  0.672966  0.658028  0.583880  0.775229  0.702262  0.584288  0.842458  0.640768  0.664909  0.770379  0.572981  0.669816  0.704767  0.677871  0.796478  0.516284  0.591146  0.641850  0.646459  0.623962  0.547728  0.335134  0.604282  0.537808  0.599252  0.717491  0.770088  0.546221  0.548852  0.759673  0.699257  0.566888  0.665810  0.672020 0.0  0.634211  0.376564  0.584116  0.390431  0.654556  0.679312  0.567632  0.799215  0.669758  0.560673  0.725259  0.269195  0.773721  0.492798  0.624350  0.662106  0.709647  0.616158  0.677646  0.666965  0.748380  0.687929  0.492656  0.589904  0.321422  0.613156  0.667514  0.515685  0.691775  0.422387  0.696238  0.660139  0.641101  0.747474  0.555092  0.731084  0.765797  0.591866  0.578416  0.744951  0.519377  0.644455  0.503894  0.555967  0.661775 
44  0.484196  0.507312  0.779498  0.818209  0.559515  0.831020  0.581902  0.127159  0.780635  0.853807  0.637607  0.867465  0.671701  0.856920  0.778445  0.900461  0.830329  0.734223  0.838277  0.775829  0.717047  0.687903  0.691608  0.731814  0.641481  0.585631  0.735590  0.907227  0.640109  0.624406  0.390195  0.717820  0.659920  0.778497  0.740053  0.891941  0.760966  0.783652  0.830864  0.567279  0.580617  0.544951  0.714711  0.634211 0.0  0.446630  0.465536  0.750436  0.785420  0.648933  0.598349  0.689164  0.229503  0.744477  0.727337  0.564045  0.819554  0.753116  0.829736  0.581803  0.819019  0.567379  0.842850  0.786855  0.682323  0.810553  0.536013  0.684047  0.644497  0.789864  0.753453  0.582895  0.630824  0.744293  0.642442  0.664302  0.737297  0.679693  0.614733  0.858776  0.931953  0.697805  0.695607  0.644706  0.752080  0.801001  0.596852  0.663130  0.620379 
