89
0 0.0  0.589453  0.592421  0.638916  0.526225  0.624701  0.651826  0.388972  0.664543  0.607844  0.627729  0.696853  0.600531  0.782250  0.638825  0.732120  0.815504  0.714219  0.698205  0.804715  0.512278  0.747293  0.657977  0.607883  0.534381  0.678239  0.704680  0.715872  0.611634  0.648956  0.713464  0.593397  0.574236  0.447829  0.753325  0.904155  0.839754  0.456197  0.602913  0.413976  0.653214  0.498634  0.708469  0.566413  0.535029  0.593572  0.488594  0.687205  0.503689  0.573163  0.471692  0.632300  0.411187  0.682124  0.687411  0.558619  0.605341  0.617958  0.609663  0.486806  0.694613  0.520643  0.672883  0.763420  0.713742  0.630494  0.648677  0.554148  0.558268  0.727886  0.751513  0.544657  0.600731  0.656323  0.629405  0.545788  0.540748  0.689908  0.639714  0.661326  0.739770  0.630804  0.621939  0.676463  0.752186  0.735200  0.677522  0.618247  0.686474 
1  0.589453 0.0  0.566596  0.616806  0.529551  0.667314  0.354289  0.425077  0.638686  0.648458  0.589666  0.561487  0.743769  0.579064  0.691536  0.763554  0.464837  0.593227  0.733093  0.704503  0.616704  0.847892  0.799676  0.725404  0.485468  0.635726  0.582331  0.604478  0.555005  0.504569  0.307374  0.726377  0.663513  0.630793  0.753871  0.659206  0.675789  0.547487  0.695659  0.678711  0.452793  0.528088  0.705031  0.278132  0.457803  0.311699  0.570741  0.394673  0.629797  0.752905  0.561901  0.754798  0.448501  0.533270  0.628601  0.309480  0.664512  0.658287  0.691136  0.571692  0.650666  0.606518  0.706253  0.692523  0.726636  0.892318  0.519286  0.584170  0.297786  0.671440  0.615847  0.579482  0.616295  0.391069  0.681410  0.531009  0.577796  0.575777  0.637932  0.720434  0.720729  0.509027  0.637609  0.810145  0.634126  0.682539  0.603478  0.428109  0.569790 
2  0.592421  0.566596 0.0  0.576748  0.629848  0.665523  0.609301  0.575056  0.525575  0.683616  0.756867  0.553309  0.615959  0.602412  0.677758  0.627705  0.721142  0.634664  0.767941  0.685161  0.430405  0.675627  0.612532  0.562786  0.645657  0.726663  0.643307  0.603596  0.627274  0.519892  0.714225  0.595468  0.536438  0.513254  0.774249  0.677001  0.736229  0.655975  0.499322  0.544343  0.497767  0.629022  0.506104  0.676511  0.675154  0.613871  0.615968  0.597378  0.508204  0.534856  0.621369  0.683036  0.565174  0.601907  0.609026  0.670577  0.765843  0.629709  0.519618  0.639411  0.561078  0.585782  0.675214  0.558035  0.577867  0.639650  0.539142  0.517091  0.635657  0.534110  0.589076  0.650223  0.592937  0.608781  0.698948  0.554714  0.577507  0.707291  0.624577  0.672675  0.607274  0.636092  0.507862  0.631476  0.590579  0.700188  0.645968  0.522744  0.586197 
3  0.638916  0.616806  0.576748 0.0  0.524991  0.688550  0.775619  0.652618  0.685377  0.570750  0.542996  0.586385  0.704733  0.799602  0.458205  0.696909  0.795506  0.758418  0.646727  0.639383  0.436540  0.576487  0.635753  0.594443  0.616015  0.604706  0.733959  0.710804  0.473109  0.617214  0.650236  0.625144  0.740226  0.555397  0.457534  0.691760  0.664309  0.629910  0.558058  0.619845  0.758702  0.767851  0.551029  0.543583  0.782175  0.637523  0.577082  0.593839  0.499679  0.594464  0.505860  0.658479  0.641043  0.771206  0.741596  0.649078  0.614809  0.642276  0.564318  0.596331  0.488900  0.592118  0.760292  0.671559  0.635932  0.558216  0.565141  0.516824  0.608983  0.541898  0.650674  0.529932  0.591644  0.575091  0.437879  0.689757  0.475509  0.464643  0.532820  0.700455  0.748792  0.589132  0.610446  0.836735  0.637176  0.690471  0.561121  0.567313  0.642012 
4  0.526225  0.529551  0.629848  0.524991 0.0  0.445895  0.642696  0.494227  0.635016  0.687882  0.594122  0.586129  0.681352  0.694495  0.446610  0.732373  0.531513  0.427128  0.602839  0.605912  0.371954  0.555937  0.529820  0.436751  0.561080  0.405346  0.772746  0.600834  0.591679  0.531586  0.443831  0.363891  0.583192  0.502758  0.634829  0.681456  0.706571  0.578532  0.421423  0.574869  0.662279  0.581138  0.481458  0.523293  0.595001  0.612032  0.425797  0.511104  0.497653  0.579717  0.594509  0.525996  0.416828  0.670361  0.644937  0.436250  0.419571  0.515486  0.670938  0.556489  0.368655  0.617170  0.561605  0.592164  0.546677  0.720861  0.351643  0.475378  0.389621  0.623633  0.684620  0.420167  0.541606  0.539734  0.429345  0.604906  0.637149  0.535447  0.561511  0.558664  0.720023  0.513976  0.601405  0.718984  0.679509  0.652049  0.693012  0.583343  0.739640 
5  0.624701  0.667314  0.665523  0.688550  0.445895 0.0  0.769098  0.874646  0.629646  0.550025  0.551775  0.659871  0.574985  0.591864  0.682478  0.542258  0.726183  0.390215  0.384419  0.496965  0.502549  0.585045  0.372160  0.508982  0.832971  0.620868  0.586691  0.650215  0.635759  0.663601  0.743789  0.380936  0.729586  0.659490  0.465336  0.372877  0.412929  0.619088  0.356868  0.686600  0.783891  0.917231  0.404785  0.802270  0.864161  0.872308  0.743705  0.577179  0.597052  0.515701  0.628808  0.415635  0.852978  0.624555  0.550725  0.683091  0.339128  0.589031  0.524123  0.769915  0.280603  0.589918  0.674207  0.701418  0.344347  0.420882  0.623094  0.623155  0.792357  0.630722  0.513277  0.609797  0.532538  0.678165  0.517069  0.725233  0.877401  0.742751  0.576692  0.459224  0.461784  0.640500  0.705446  0.440926  0.708241  0.615611  0.576442  0.774318  0.549529 
6  0.651826  0.354289  0.609301  0.775619  0.642696  0.769098 0.0  0.486649  0.803866  0.699238  0.601809  0.680050  0.719982  0.581570  0.895104  0.758831  0.376623  0.702631  0.912142  0.622453  0.623787  0.686937  0.732799  0.832721  0.554784  0.543135  0.528489  0.692778  0.535058  0.539026  0.384881  0.810666  0.621099  0.639338  0.829256  0.755208  0.654078  0.696885  0.889660  0.692414  0.507450  0.497043  0.725190  0.419520  0.474136  0.408462  0.607102  0.434493  0.698747  0.781988  0.640879  0.699610  0.568794  0.454650  0.633698  0.409989  0.698407  0.520713  0.613705  0.608825  0.574495  0.590825  0.603190  0.569106  0.809066  0.716901  0.686399  0.608746  0.391653  0.703159  0.522296  0.657981  0.584712  0.557957  0.652872  0.658801  0.639656  0.552757  0.521760  0.761251  0.658087  0.513701  0.690322  0.720948  0.687597  0.689006  0.488998  0.622487  0.557893 
7  0.388972  0.425077  0.575056  0.652618  0.494227  0.874646  0.486649 0.0  0.655837  0.696305  0.621164  0.758743  0.604078  0.674134  0.715728  0.778221  0.742407  0.620749  0.678083  0.719843  0.618355  0.636294  0.664666  0.746192  0.496569  0.587077  0.734549  0.733632  0.554177  0.505493  0.482606  0.640798  0.475522  0.609266  0.839016  0.837976  0.831240  0.605423  0.830817  0.457658  0.441543  0.397201  0.639761  0.626974  0.219549  0.360342  0.524768  0.576531  0.752136  0.660313  0.543228  0.698559  0.301299  0.717905  0.556183  0.453850  0.790846  0.657571  0.637759  0.499167  0.801139  0.568301  0.827563  0.848106  0.692241  0.753258  0.649135  0.580364  0.514546  0.649360  0.733459  0.530605  0.667480  0.581976  0.658280  0.568071  0.661220  0.625913  0.750630  0.810183  0.804705  0.604658  0.679002  0.686969  0.672984  0.682187  0.669147  0.441581  0.543676 
8  0.664543  0.638686  0.525575  0.685377  0.635016  0.629646  0.803866  0.655837 0.0  0.582934  0.587070  0.413829  0.583792  0.678341  0.623149  0.637444  0.774651  0.667134  0.643383  0.548332  0.654756  0.502775  0.592744  0.493476  0.689903  0.493636  0.649058  0.748829  0.663565  0.597615  0.775015  0.618800  0.624843  0.487519  0.666182  0.429046  0.524602  0.465557  0.462609  0.659966  0.650301  0.714928  0.449013  0.748652  0.770628  0.729035  0.699154  0.663132  0.443293  0.490201  0.601510  0.622347  0.702879  0.736711  0.673431  0.729696  0.751904  0.518805  0.416972  0.770914  0.572207  0.600577  0.792023  0.549880  0.588289  0.453567  0.626153  0.549284  0.748961  0.396762  0.574196  0.457957  0.577373  0.649877  0.614861  0.619193  0.478017  0.797203  0.678639  0.452709  0.667941  0.555275  0.670384  0.580969  0.543354  0.495828  0.563405  0.649455  0.672696 
9  0.607844  0.648458  0.683616  0.570750  0.687882  0.550025  0.699238  0.696305  0.582934 0.0  0.474746  0.620135  0.425536  0.545831  0.645394  0.586085  0.719681  0.675761  0.632537  0.687869  0.563458  0.537648  0.653132  0.689810  0.747789  0.714707  0.568903  0.592284  0.567932  0.676269  0.674366  0.563379  0.836449  0.685883  0.679014  0.614420  0.474003  0.750262  0.533254  0.787653  0.634995  0.843510  0.549092  0.666019  0.872884  0.675007  0.662311  0.599564  0.590924  0.717785  0.553694  0.621680  0.641849  0.609613  0.544780  0.605169  0.513112  0.555861  0.651670  0.731082  0.705448  0.596201  0.757165  0.576458  0.535547  0.529658  0.608710  0.685013  0.448166  0.752120  0.683311  0.623997  0.570259  0.648501  0.705418  0.598473  0.645714  0.626954  0.510478  0.583165  0.531416  0.822554  0.447379  0.542263  0.746316  0.641064  0.614429  0.667221  0.567453 
10  0.627729  0.589666  0.756867  0.542996  0.594122  0.551775  0.601809  0.621164  0.587070  0.474746 0.0  0.574572  0.635686  0.590240  0.616294  0.588831  0.644505  0.624918  0.662408  0.563936  0.550446  0.549471  0.544565  0.639417  0.548957  0.570769  0.600150  0.636705  0.617531  0.553302  0.536772  0.628154  0.471552  0.680591  0.602424  0.553221  0.572238  0.626014  0.632282  0.548313  0.556274  0.623297  0.660044  0.636329  0.578961  0.577117  0.564858  0.558659  0.548810  0.564532  0.658503  0.595830  0.634660  0.535884  0.547507  0.568135  0.606962  0.595787  0.561790  0.547629  0.663072  0.676813  0.569388  0.645386  0.556370  0.617943  0.558171  0.630192  0.568950  0.586141  0.523800  0.624739  0.629640  0.520561  0.556911  0.650945  0.585034  0.597850  0.640815  0.675371  0.698377  0.632318  0.548437  0.688324  0.498394  0.559830  0.649114  0.616951  0.514851 
11  0.696853  0.561487  0.553309  0.586385  0.586129  0.659871  0.680050  0.758743  0.413829  0.620135  0.574572 0.0  0.582473  0.613898  0.469293  0.625308  0.752995  0.586592  0.651598  0.464339  0.523753  0.518779  0.468186  0.580403  0.669334  0.440806  0.624911  0.737892  0.569378  0.602059  0.541568  0.588512  0.723682  0.454033  0.667619  0.520933  0.609161  0.502751  0.516678  0.724226  0.802195  0.784046  0.534732  0.550888  0.746934  0.695195  0.595384  0.691723  0.481293  0.568425  0.517224  0.549261  0.712502  0.700740  0.746516  0.583746  0.585901  0.429415  0.431235  0.565724  0.605051  0.551427  0.514095  0.623858  0.557434  0.489670  0.502815  0.655363  0.631226  0.494767  0.646729  0.391057  0.487224  0.567832  0.571517  0.613077  0.536033  0.647104  0.663611  0.495868  0.684954  0.455913  0.622960  0.697435  0.498569  0.468561  0.650525  0.628032  0.704604 
12  0.600531  0.743769  0.615959  0.704733  0.681352  0.574985  0.719982  0.604078  0.583792  0.425536  0.635686  0.582473 0.0  0.722254  0.580020  0.428590  0.760932  0.581092  0.663314  0.583822  0.617110  0.725442  0.520799  0.494033  0.652990  0.443958  0.573077  0.650970  0.648236  0.645040  0.563674  0.531578  0.571722  0.549361  0.665750  0.454018  0.625654  0.581761  0.476084  0.626160  0.570763  0.615523  0.472793  0.765010  0.630424  0.639204  0.397023  0.537032  0.586178  0.614887  0.561850  0.512963  0.563533  0.621941  0.732199  0.476781  0.628511  0.634688  0.500879  0.527572  0.488910  0.608793  0.729692  0.469604  0.600021  0.643174  0.517364  0.532139  0.548342  0.558705  0.665365  0.548634  0.588316  0.582122  0.830417  0.576867  0.625563  0.588500  0.501334  0.669864  0.582540  0.696315  0.559569  0.690830  0.633911  0.658581  0.581269  0.670315  0.611027 
13  0.782250  0.579064  0.602412  0.799602  0.694495  0.591864  0.581570  0.674134  0.678341  0.545831  0.590240  0.613898  0.722254 0.0  0.575159  0.669933  0.559478  0.661773  0.665953  0.549547  0.608625  0.603500  0.593836  0.777660  0.512215  0.641482  0.502931  0.477734  0.715112  0.623691  0.587373  0.707230  0.688369  0.710961  0.606740  0.607442  0.413919  0.700222  0.696605  0.739863  0.691688  0.752824  0.664759  0.656316  0.709793  0.617971  0.646084  0.583671  0.812669  0.641282  0.591349  0.684003  0.815669  0.438903  0.564430  0.521225  0.539826  0.546799  0.641669  0.700892  0.679436  0.624775  0.665957  0.558073  0.678778  0.616879  0.696235  0.677592  0.604226  0.739975  0.423905  0.689879  0.684144  0.523387  0.701597  0.629815  0.655209  0.608694  0.573393  0.595943  0.620394  0.763995  0.687528  0.606517  0.555437  0.573947  0.549310  0.522718  0.697850 
14  0.638825  0.691536  0.677758  0.458205  0.446610  0.682478  0.895104  0.715728  0.623149  0.645394  0.616294  0.469293  0.580020  0.575159 0.0  0.711229  0.750075  0.609212  0.639980  0.432015  0.521649  0.480073  0.673767  0.566453  0.546881  0.381038  0.520459  0.648408  0.672197  0.710361  0.619984  0.637341  0.634324  0.464472  0.647020  0.401621  0.628144  0.578229  0.623123  0.680434  0.714867  0.832582  0.502660  0.620482  0.638517  0.562962  0.619669  0.749865  0.442056  0.413504  0.516520  0.566212  0.812846  0.641320  0.665390  0.614369  0.558338  0.528678  0.583131  0.807591  0.653826  0.710828  0.575529  0.606324  0.583952  0.456247  0.585778  0.681084  0.619473  0.433230  0.666377  0.377642  0.537949  0.600782  0.572729  0.595526  0.505550  0.696309  0.585236  0.414568  0.626979  0.552919  0.666201  0.747604  0.477081  0.433255  0.546545  0.742016  0.630039 
15  0.732120  0.763554  0.627705  0.696909  0.732373  0.542258  0.758831  0.778221  0.637444  0.586085  0.588831  0.625308  0.428590  0.669933  0.711229 0.0  0.856291  0.506722  0.756599  0.651912  0.719551  0.682871  0.557672  0.647172  0.694737  0.604789  0.594773  0.695821  0.588611  0.683023  0.726783  0.603953  0.625433  0.674322  0.497232  0.518824  0.620396  0.795138  0.655315  0.728916  0.661289  0.790422  0.579613  0.623564  0.675903  0.894343  0.474320  0.733804  0.613811  0.589762  0.558113  0.588440  0.894314  0.578743  0.555118  0.707903  0.576292  0.640389  0.578280  0.624748  0.613469  0.609095  0.789361  0.653378  0.529130  0.612997  0.712815  0.506664  0.671905  0.758611  0.711652  0.746647  0.579130  0.738487  0.767527  0.592691  0.728066  0.754319  0.553952  0.491249  0.406766  0.739431  0.812620  0.564787  0.678933  0.596769  0.729567  0.695084  0.676987 
16  0.815504  0.464837  0.721142  0.795506  0.531513  0.726183  0.376623  0.742407  0.774651  0.719681  0.644505  0.752995  0.760932  0.559478  0.750075  0.856291 0.0  0.562675  0.724992  0.554748  0.666540  0.542574  0.691398  0.532476  0.604676  0.512132  0.386320  0.447261  0.638620  0.584444  0.575500  0.796396  0.709899  0.725916  0.555794  0.622879  0.466608  0.817783  0.767046  0.804612  0.710097  0.623404  0.767355  0.663994  0.852801  0.575116  0.642898  0.604116  0.698254  0.618225  0.682658  0.716709  0.718358  0.225295  0.583568  0.497135  0.531175  0.481824  0.586659  0.733730  0.690614  0.602625  0.549855  0.609272  0.669834  0.611060  0.583183  0.624008  0.474641  0.707492  0.468100  0.656955  0.711422  0.495357  0.715286  0.664129  0.784434  0.542826  0.492411  0.553570  0.501726  0.755569  0.713243  0.596074  0.530248  0.593402  0.608280  0.725703  0.582148 
17  0.714219  0.593227  0.634664  0.758418  0.427128  0.390215  0.702631  0.620749  0.667134  0.675761  0.624918  0.586592  0.581092  0.661773  0.609212  0.506722  0.562675 0.0  0.567537  0.486518  0.496932  0.527166  0.470279  0.483078  0.828770  0.559331  0.652263  0.636751  0.607654  0.587894  0.759968  0.469154  0.826787  0.643120  0.460533  0.507866  0.599737  0.695046  0.515680  0.704633  0.753323  0.743938  0.515785  0.746817  0.764227  0.659370  0.733532  0.734059  0.733205  0.506515  0.611916  0.572190  0.651600  0.500943  0.521658  0.628720  0.450991  0.520978  0.756988  0.644590  0.444484  0.605594  0.677454  0.727771  0.520119  0.513350  0.567323  0.629779  0.742387  0.631759  0.685233  0.714330  0.603582  0.667756  0.544964  0.633791  0.644913  0.600516  0.582080  0.540474  0.492475  0.488894  0.730917  0.560432  0.538976  0.493019  0.684746  0.712382  0.588014 
18  0.698205  0.733093  0.767941  0.646727  0.602839  0.384419  0.912142  0.678083  0.643383  0.632537  0.662408  0.651598  0.663314  0.665953  0.639980  0.756599  0.724992  0.567537 0.0  0.550238  0.492542  0.683226  0.355936  0.383003  0.877637  0.703382  0.701502  0.593917  0.660735  0.754237  0.851193  0.499171  0.854116  0.766699  0.713835  0.462690  0.638061  0.684094  0.446147  0.692923  0.761516  0.754436  0.551184  0.782346  0.751195  0.862452  0.676748  0.797688  0.620763  0.622112  0.538655  0.408894  0.719283  0.665095  0.624255  0.768340  0.349324  0.658834  0.512729  0.816226  0.445839  0.626079  0.657041  0.660057  0.366038  0.532660  0.544867  0.699531  0.800799  0.648701  0.684973  0.647617  0.673614  0.747908  0.557050  0.647509  0.627603  0.685911  0.561615  0.597729  0.625144  0.650709  0.638449  0.526828  0.745930  0.675525  0.711708  0.715735  0.568586 
19  0.804715  0.704503  0.685161  0.639383  0.605912  0.496965  0.622453  0.719843  0.548332  0.687869  0.563936  0.464339  0.583822  0.549547  0.432015  0.651912  0.554748  0.486518  0.550238 0.0  0.604890  0.379860  0.555196  0.501467  0.660379  0.378056  0.516130  0.532125  0.555440  0.681135  0.598866  0.624446  0.801098  0.475650  0.488883  0.349677  0.562926  0.628099  0.520428  0.748980  0.770054  0.918605  0.545901  0.481967  0.859909  0.696320  0.574872  0.672486  0.481710  0.450207  0.617991  0.572810  0.827273  0.525872  0.616905  0.537771  0.522640  0.347794  0.501351  0.600335  0.541330  0.753081  0.534320  0.738188  0.485935  0.358092  0.506120  0.663296  0.586756  0.535398  0.593268  0.473858  0.785999  0.502504  0.822355  0.618712  0.654844  0.607592  0.551404  0.375084  0.564716  0.540519  0.772817  0.492903  0.549700  0.320518  0.586255  0.615522  0.559698 
20  0.512278  0.616704  0.430405  0.436540  0.371954  0.502549  0.623787  0.618355  0.654756  0.563458  0.550446  0.523753  0.617110  0.608625  0.521649  0.719551  0.666540  0.496932  0.492542  0.604890 0.0  0.611651  0.462550  0.358408  0.679562  0.444567  0.661998  0.564849  0.623193  0.596144  0.633137  0.464769  0.766438  0.571644  0.633988  0.599356  0.809772  0.528188  0.409789  0.600651  0.659187  0.676153  0.464692  0.657504  0.727004  0.724230  0.672168  0.580006  0.479821  0.524367  0.622994  0.409965  0.564944  0.719737  0.715697  0.550247  0.342270  0.567494  0.508160  0.630470  0.452495  0.551068  0.614192  0.552993  0.403962  0.679626  0.410130  0.544427  0.596896  0.663871  0.716478  0.538592  0.594312  0.516640  0.443170  0.557860  0.504946  0.570478  0.624786  0.592732  0.666249  0.573786  0.577300  0.642504  0.601888  0.630230  0.619651  0.579044  0.524540 
21  0.747293  0.847892  0.675627  0.576487  0.555937  0.585045  0.686937  0.636294  0.502775  0.537648  0.549471  0.518779  0.725442  0.603500  0.480073  0.682871  0.542574  0.527166  0.683226  0.379860  0.611651 0.0  0.615642  0.675686  0.746197  0.339547  0.621671  0.649405  0.570039  0.595527  0.573384  0.665525  0.717115  0.554991  0.580579  0.438732  0.533922  0.527702  0.681617  0.849590  0.687969  0.901540  0.586594  0.649078  0.665957  0.624656  0.520759  0.757452  0.598347  0.390432  0.732962  0.603406  0.710391  0.602058  0.521002  0.621652  0.647578  0.436312  0.586099  0.741542  0.693464  0.701625  0.499181  0.709244  0.559714  0.415457  0.513310  0.689732  0.616189  0.577184  0.555923  0.429863  0.560744  0.496580  0.703464  0.649337  0.531527  0.615691  0.594893  0.365212  0.647974  0.505983  0.729482  0.680839  0.463976  0.393573  0.634856  0.553247  0.611516 
22  0.657977  0.799676  0.612532  0.635753  0.529820  0.372160  0.732799  0.664666  0.592744  0.653132  0.544565  0.468186  0.520799  0.593836  0.673767  0.557672  0.691398  0.470279  0.355936  0.555196  0.462550  0.615642 0.0  0.374225  0.654912  0.529172  0.627057  0.613679  0.574669  0.577013  0.798458  0.374852  0.850459  0.631643  0.450667  0.524389  0.529153  0.596794  0.395378  0.648257  0.779961  0.664116  0.447383  0.681326  0.739824  0.804211  0.680574  0.657985  0.464228  0.592101  0.526973  0.456240  0.772603  0.643250  0.648277  0.627735  0.363836  0.548210  0.497602  0.716877  0.308111  0.689857  0.638772  0.470698  0.266871  0.584267  0.557351  0.606626  0.669286  0.557362  0.722763  0.633757  0.524345  0.579713  0.388097  0.545318  0.795871  0.666806  0.537230  0.497470  0.585095  0.547650  0.587804  0.501431  0.657354  0.688327  0.690407  0.684205  0.661418 
23  0.607883  0.725404  0.562786  0.594443  0.436751  0.508982  0.832721  0.746192  0.493476  0.689810  0.639417  0.580403  0.494033  0.777660  0.566453  0.647172  0.532476  0.483078  0.383003  0.501467  0.358408  0.675686  0.374225 0.0  0.674321  0.412990  0.648115  0.594920  0.703007  0.706395  0.619102  0.386142  0.796838  0.471435  0.633718  0.473198  0.709353  0.491522  0.364909  0.737533  0.841960  0.787791  0.407061  0.698421  0.686614  0.718352  0.665397  0.583046  0.459186  0.604201  0.534604  0.408954  0.542051  0.695814  0.647245  0.526705  0.294190  0.451104  0.411249  0.548789  0.310410  0.564992  0.566615  0.541741  0.341121  0.576219  0.420146  0.461576  0.610343  0.562428  0.742826  0.525959  0.555470  0.604079  0.502544  0.527247  0.605178  0.548179  0.604275  0.545032  0.695985  0.534431  0.500927  0.549879  0.641066  0.639186  0.693885  0.828434  0.640156 
24  0.534381  0.485468  0.645657  0.616015  0.561080  0.832971  0.554784  0.496569  0.689903  0.747789  0.548957  0.669334  0.652990  0.512215  0.546881  0.694737  0.604676  0.828770  0.877637  0.660379  0.679562  0.746197  0.654912  0.674321 0.0  0.598149  0.568849  0.610593  0.600571  0.562500  0.426549  0.742785  0.695508  0.580761  0.712097  0.691423  0.612770  0.664322  0.639321  0.721096  0.408679  0.516295  0.666198  0.509173  0.691805  0.458754  0.593928  0.685796  0.698275  0.650694  0.512284  0.813516  0.607094  0.508582  0.676984  0.517042  0.712487  0.697825  0.824620  0.590110  0.649574  0.580740  0.633517  0.613762  0.794470  0.741075  0.520360  0.632146  0.516620  0.649565  0.537414  0.555186  0.489462  0.465246  0.626088  0.649986  0.702886  0.508715  0.552064  0.660787  0.673285  0.534523  0.776470  0.652513  0.644324  0.767134  0.558191  0.504777  0.551400 
25  0.678239  0.635726  0.726663  0.604706  0.405346  0.620868  0.543135  0.587077  0.493636  0.714707  0.570769  0.440806  0.443958  0.641482  0.381038  0.604789  0.512132  0.559331  0.703382  0.378056  0.444567  0.339547  0.529172  0.412990  0.598149 0.0  0.602581  0.463200  0.621915  0.687652  0.442485  0.606389  0.677159  0.488395  0.426755  0.357985  0.647012  0.548665  0.649564  0.723466  0.677396  0.696145  0.476900  0.646466  0.513443  0.579492  0.492145  0.667320  0.452707  0.483705  0.575712  0.587728  0.699156  0.548706  0.590947  0.487827  0.502213  0.292126  0.461508  0.590922  0.660058  0.626930  0.454558  0.592192  0.454893  0.488301  0.434237  0.679314  0.461885  0.591370  0.497699  0.281507  0.618858  0.437904  0.630341  0.555859  0.463896  0.446905  0.592014  0.407045  0.659252  0.479588  0.741764  0.615304  0.475749  0.387701  0.537462  0.647322  0.546282 
26  0.704680  0.582331  0.643307  0.733959  0.772746  0.586691  0.528489  0.734549  0.649058  0.568903  0.600150  0.624911  0.573077  0.502931  0.520459  0.594773  0.386320  0.652263  0.701502  0.516130  0.661998  0.621671  0.627057  0.648115  0.568849  0.602581 0.0  0.482196  0.701651  0.740655  0.514490  0.678551  0.827600  0.721541  0.567923  0.502609  0.483206  0.575420  0.652313  0.763533  0.730998  0.619463  0.675424  0.556801  0.630973  0.658401  0.631563  0.450902  0.674497  0.644844  0.657846  0.553017  0.671929  0.422277  0.566124  0.561146  0.647773  0.527270  0.692372  0.757112  0.653600  0.689371  0.659118  0.523931  0.585826  0.714150  0.610714  0.637211  0.481653  0.628698  0.607740  0.618881  0.591591  0.453370  0.658504  0.713469  0.835692  0.712786  0.650273  0.474300  0.588351  0.607297  0.593337  0.528364  0.639263  0.582301  0.593333  0.602232  0.638067 
27  0.715872  0.604478  0.603596  0.710804  0.600834  0.650215  0.692778  0.733632  0.748829  0.592284  0.636705  0.737892  0.650970  0.477734  0.648408  0.695821  0.447261  0.636751  0.593917  0.532125  0.564849  0.649405  0.613679  0.594920  0.610593  0.463200  0.482196 0.0  0.656512  0.634673  0.638556  0.654008  1.000000  0.706170  0.656573  0.557792  0.382203  0.699849  0.729232  0.800024  0.957401  0.981423  0.645846  0.657161  0.940333  0.623460  0.825410  0.500276  0.617999  0.698729  0.630971  0.714991  0.761542  0.478864  0.582338  0.600690  0.640227  0.560986  0.668779  0.783065  0.600232  0.607349  0.608213  0.568477  0.555457  0.582152  0.636723  0.626629  0.587417  0.594539  0.547828  0.815106  0.595853  0.372502  0.758593  0.586273  0.734188  0.501933  0.540325  0.522577  0.599981  0.873559  0.603721  0.664397  0.642357  0.470944  0.561230  0.608347  0.635631 
28  0.611634  0.555005  0.627274  0.473109  0.591679  0.635759  0.535058  0.554177  0.663565  0.567932  0.617531  0.569378  0.648236  0.715112  0.672197  0.588611  0.638620  0.607654  0.660735  0.555440  0.623193  0.570039  0.574669  0.703007  0.600571  0.621915  0.701651  0.656512 0.0  0.571419  0.619506  0.614178  0.525837  0.578848  0.642389  0.660725  0.705693  0.572553  0.650515  0.494121  0.550054  0.496994  0.569061  0.672258  0.577881  0.554119  0.562217  0.601572  0.581658  0.683613  0.509162  0.657328  0.548735  0.627280  0.668308  0.584111  0.651545  0.579131  0.600064  0.612376  0.664225  0.648461  0.753369  0.541223  0.588388  0.563307  0.600794  0.503207  0.713511  0.533704  0.723563  0.550900  0.545177  0.585812  0.556229  0.640519  0.477426  0.606619  0.616211  0.674961  0.699515  0.554857  0.601781  0.693715  0.495596  0.687370  0.573835  0.579273  0.574928 
29  0.648956  0.504569  0.519892  0.617214  0.531586  0.663601  0.539026  0.505493  0.597615  0.676269  0.553302  0.602059  0.645040  0.623691  0.710361  0.683023  0.584444  0.587894  0.754237  0.681135  0.596144  0.595527  0.577013  0.706395  0.562500  0.687652  0.740655  0.634673  0.571419 0.0  0.462164  0.668434  0.469174  0.621045  0.623460  0.564948  0.561009  0.583461  0.625747  0.592102  0.548473  0.574230  0.530669  0.633574  0.598511  0.524362  0.517174  0.575702  0.655936  0.597374  0.655103  0.670691  0.494288  0.661676  0.621378  0.577917  0.757690  0.640364  0.625296  0.523133  0.534743  0.581090  0.608181  0.625436  0.585886  0.516094  0.513958  0.571874  0.543211  0.590662  0.559563  0.601066  0.545112  0.647967  0.667599  0.539668  0.522632  0.584218  0.570584  0.742547  0.625352  0.621078  0.612603  0.701401  0.747817  0.531069  0.600500  0.515582  0.667829 
30  0.713464  0.307374  0.714225  0.650236  0.443831  0.743789  0.384881  0.482606  0.775015  0.674366  0.536772  0.541568  0.563674  0.587373  0.619984  0.726783  0.575500  0.759968  0.851193  0.598866  0.633137  0.573384  0.798458  0.619102  0.426549  0.442485  0.514490  0.638556  0.619506  0.462164 0.0  0.751321  0.669062  0.621920  0.681295  0.847253  0.650158  0.686484  0.832101  0.557772  0.515531  0.422907  0.694668  0.383548  0.512336  0.236688  0.520436  0.391910  0.726803  0.787805  0.601773  0.630693  0.495649  0.491235  0.621464  0.226470  0.739776  0.466215  0.781151  0.586754  0.706868  0.666217  0.601149  0.449285  0.692818  0.813634  0.447356  0.598992  0.317676  0.640154  0.625550  0.537909  0.516538  0.452040  0.713836  0.535555  0.710489  0.586688  0.661815  0.664093  0.709810  0.546835  0.659611  0.745067  0.727543  0.606381  0.493784  0.460343  0.569913 
31  0.593397  0.726377  0.595468  0.625144  0.363891  0.380936  0.810666  0.640798  0.618800  0.563379  0.628154  0.588512  0.531578  0.707230  0.637341  0.603953  0.796396  0.469154  0.499171  0.624446  0.464769  0.665525  0.374852  0.386142  0.742785  0.606389  0.678551  0.654008  0.614178  0.668434  0.751321 0.0  0.886750  0.580389  0.523639  0.551043  0.576343  0.647950  0.320182  0.612192  0.754291  0.830147  0.385592  0.556966  0.697986  0.795168  0.585340  0.660636  0.549073  0.559253  0.649515  0.375251  0.653160  0.786204  0.642505  0.714658  0.398817  0.473443  0.538161  0.678233  0.398767  0.632236  0.558759  0.616419  0.319621  0.609587  0.524644  0.586159  0.670219  0.577636  0.728262  0.480170  0.533045  0.728077  0.415736  0.686871  0.735325  0.644450  0.617401  0.603132  0.676557  0.677723  0.583939  0.675063  0.616081  0.647196  0.585706  0.786265  0.572459 
32  0.574236  0.663513  0.536438  0.740226  0.583192  0.729586  0.621099  0.475522  0.624843  0.836449  0.471552  0.723682  0.571722  0.688369  0.634324  0.625433  0.709899  0.826787  0.854116  0.801098  0.766438  0.717115  0.850459  0.796838  0.695508  0.677159  0.827600  1.000000  0.525837  0.469174  0.669062  0.886750 0.0  0.604091  0.733462  0.823840  0.899376  0.616575  0.778250  0.452942  0.286000  0.427736  0.789554  0.528001  0.781919  0.614692  0.517019  0.713570  0.727086  0.748466  0.586454  0.802678  0.645461  0.841317  0.679255  0.731525  0.962676  0.711013  0.619946  0.550491  0.802504  0.586778  0.648736  0.793995  0.935818  0.769629  0.754442  0.524335  0.756676  0.653391  0.659546  0.573738  0.623347  0.793739  0.674852  0.608798  0.559576  0.725142  0.575921  0.780602  0.665135  0.561351  0.661313  0.656582  0.758642  0.909274  0.643951  0.614863  0.656423 
33  0.447829  0.630793  0.513254  0.555397  0.502758  0.659490  0.639338  0.609266  0.487519  0.685883  0.680591  0.454033  0.549361  0.710961  0.464472  0.674322  0.725916  0.643120  0.766699  0.475650  0.571644  0.554991  0.631643  0.471435  0.580761  0.488395  0.721541  0.706170  0.578848  0.621045  0.621920  0.580389  0.604091 0.0  0.598401  0.564075  0.655385  0.349799  0.598284  0.624150  0.679916  0.687769  0.521198  0.676194  0.655592  0.723993  0.651361  0.509755  0.406066  0.618329  0.631426  0.629627  0.585516  0.669148  0.604073  0.624556  0.589829  0.427005  0.370113  0.667987  0.541618  0.542379  0.564418  0.581742  0.547690  0.609635  0.481536  0.588663  0.634811  0.527887  0.620608  0.426587  0.635336  0.660520  0.614748  0.605325  0.509021  0.610523  0.635734  0.617221  0.637675  0.370844  0.489523  0.692460  0.523176  0.488707  0.535501  0.549832  0.623849 
34  0.753325  0.753871  0.774249  0.457534  0.634829  0.465336  0.829256  0.839016  0.666182  0.679014  0.602424  0.667619  0.665750  0.606740  0.647020  0.497232  0.555794  0.460533  0.713835  0.488883  0.633988  0.580579  0.450667  0.633718  0.712097  0.426755  0.567923  0.656573  0.642389  0.623460  0.681295  0.523639  0.733462  0.598401 0.0  0.338981  0.470699  0.589869  0.649742  0.710797  0.723011  0.833874  0.474383  0.610953  0.896023  0.771720  0.683353  0.771124  0.676775  0.558716  0.530445  0.594021  0.719899  0.549394  0.517739  0.644204  0.631187  0.446879  0.608597  0.657671  0.472420  0.741762  0.693573  0.598553  0.644883  0.551568  0.541362  0.588629  0.520080  0.620272  0.698081  0.484032  0.624282  0.574608  0.524436  0.616852  0.649455  0.466798  0.563053  0.443904  0.589106  0.604640  0.800517  0.617353  0.457899  0.569508  0.593058  0.649484  0.599167 
35  0.904155  0.659206  0.677001  0.691760  0.681456  0.372877  0.755208  0.837976  0.429046  0.614420  0.553221  0.520933  0.454018  0.607442  0.401621  0.518824  0.622879  0.507866  0.462690  0.349677  0.599356  0.438732  0.524389  0.473198  0.691423  0.357985  0.502609  0.557792  0.660725  0.564948  0.847253  0.551043  0.823840  0.564075  0.338981 0.0  0.394983  0.471074  0.447379  0.833323  0.719474  0.943295  0.475737  0.750326  0.886725  0.767301  0.775078  0.702896  0.425329  0.408037  0.610968  0.417751  0.861399  0.651817  0.574164  0.637265  0.506211  0.380416  0.446107  0.774864  0.441397  0.668645  0.571285  0.590078  0.413857  0.317821  0.541034  0.531094  0.742553  0.464360  0.648789  0.456071  0.536791  0.558202  0.623250  0.542362  0.574581  0.529759  0.509832  0.308424  0.580656  0.493153  0.664130  0.520416  0.512075  0.375331  0.624993  0.668543  0.718274 
36  0.839754  0.675789  0.736229  0.664309  0.706571  0.412929  0.654078  0.831240  0.524602  0.474003  0.572238  0.609161  0.625654  0.413919  0.628144  0.620396  0.466608  0.599737  0.638061  0.562926  0.809772  0.533922  0.529153  0.709353  0.612770  0.647012  0.483206  0.382203  0.705693  0.561009  0.650158  0.576343  0.899376  0.655385  0.470699  0.394983 0.0  0.656196  0.540278  0.832056  0.643790  0.835113  0.522831  0.527074  0.809556  0.602046  0.730509  0.543851  0.617040  0.547363  0.607959  0.600653  0.712652  0.529530  0.615181  0.580502  0.606546  0.502312  0.579056  0.828121  0.519328  0.675383  0.675481  0.537284  0.459611  0.437088  0.648945  0.746115  0.510084  0.587559  0.569386  0.538695  0.621472  0.449191  0.780293  0.634264  0.750237  0.636238  0.376753  0.417783  0.539056  0.761133  0.654744  0.519078  0.635390  0.541433  0.545067  0.614305  0.630562 
37  0.456197  0.547487  0.655975  0.629910  0.578532  0.619088  0.696885  0.605423  0.465557  0.750262  0.626014  0.502751  0.581761  0.700222  0.578229  0.795138  0.817783  0.695046  0.684094  0.628099  0.528188  0.527702  0.596794  0.491522  0.664322  0.548665  0.575420  0.699849  0.572553  0.583461  0.686484  0.647950  0.616575  0.349799  0.589869  0.471074  0.656196 0.0  0.512697  0.507334  0.640264  0.549131  0.527314  0.552977  0.688051  0.661049  0.551211  0.584441  0.390415  0.534112  0.562098  0.704538  0.696142  0.770805  0.636476  0.660675  0.706967  0.482405  0.370503  0.713395  0.585818  0.553360  0.562234  0.544440  0.771301  0.474353  0.515348  0.640352  0.665701  0.428900  0.699262  0.433449  0.655551  0.494813  0.624565  0.624520  0.504650  0.564916  0.450844  0.501577  0.687628  0.492615  0.606383  0.669403  0.512647  0.509808  0.577921  0.513123  0.501350 
38  0.602913  0.695659  0.499322  0.558058  0.421423  0.356868  0.889660  0.830817  0.462609  0.533254  0.632282  0.516678  0.476084  0.696605  0.623123  0.655315  0.767046  0.515680  0.446147  0.520428  0.409789  0.681617  0.395378  0.364909  0.639321  0.649564  0.652313  0.729232  0.650515  0.625747  0.832101  0.320182  0.778250  0.598284  0.649742  0.447379  0.540278  0.512697 0.0  0.645053  0.612621  0.715377  0.338291  0.751851  0.662843  0.772257  0.664361  0.670625  0.560208  0.549587  0.570313  0.400282  0.715386  0.784362  0.536128  0.690739  0.401225  0.526682  0.417309  0.747043  0.302617  0.475107  0.668395  0.623849  0.342821  0.517104  0.451619  0.566285  0.690497  0.459733  0.715268  0.518744  0.489236  0.578746  0.430150  0.545863  0.648850  0.582485  0.580933  0.466553  0.601322  0.722669  0.511078  0.702002  0.560120  0.664501  0.751562  0.659869  0.556174 
39  0.413976  0.678711  0.544343  0.619845  0.574869  0.686600  0.692414  0.457658  0.659966  0.787653  0.548313  0.724226  0.626160  0.739863  0.680434  0.728916  0.804612  0.704633  0.692923  0.748980  0.600651  0.849590  0.648257  0.737533  0.721096  0.723466  0.763533  0.800024  0.494121  0.592102  0.557772  0.612192  0.452942  0.624150  0.710797  0.833323  0.832056  0.507334  0.645053 0.0  0.433935  0.313473  0.801265  0.581172  0.539403  0.665957  0.622867  0.686040  0.577798  0.766695  0.675804  0.894622  0.492049  0.814235  0.665504  0.718826  0.854900  0.707524  0.545298  0.406101  0.731831  0.578470  0.719800  0.727105  0.787439  0.820900  0.724508  0.592638  0.591448  0.675998  0.661868  0.660873  0.715804  0.618475  0.560442  0.556195  0.661925  0.824680  0.563083  0.713901  0.893002  0.577913  0.672323  0.688339  0.687876  0.742064  0.665395  0.594142  0.606954 
40  0.653214  0.452793  0.497767  0.758702  0.662279  0.783891  0.507450  0.441543  0.650301  0.634995  0.556274  0.802195  0.570763  0.691688  0.714867  0.661289  0.710097  0.753323  0.761516  0.770054  0.659187  0.687969  0.779961  0.841960  0.408679  0.677396  0.730998  0.957401  0.550054  0.548473  0.515531  0.754291  0.286000  0.679916  0.723011  0.719474  0.643790  0.640264  0.612621  0.433935 0.0  0.403807  0.773571  0.652096  0.519786  0.490978  0.523772  0.598102  0.718830  0.754975  0.660567  0.704007  0.559929  0.680450  0.685370  0.466679  0.826694  0.723827  0.714209  0.565331  0.746795  0.484919  0.825191  0.579747  0.789309  0.806392  0.623496  0.508919  0.611441  0.703682  0.698128  0.670881  0.576970  0.666206  0.656646  0.541320  0.719386  0.898363  0.672034  0.717137  0.707576  0.536839  0.525622  0.702066  0.593360  0.774559  0.708092  0.588574  0.702033 
41  0.498634  0.528088  0.629022  0.767851  0.581138  0.917231  0.497043  0.397201  0.714928  0.843510  0.623297  0.784046  0.615523  0.752824  0.832582  0.790422  0.623404  0.743938  0.754436  0.918605  0.676153  0.901540  0.664116  0.787791  0.516295  0.696145  0.619463  0.981423  0.496994  0.574230  0.422907  0.830147  0.427736  0.687769  0.833874  0.943295  0.835113  0.549131  0.715377  0.313473  0.403807 0.0  0.813274  0.506218  0.518595  0.487519  0.601238  0.668058  0.786056  0.864610  0.590297  0.779027  0.580412  0.554886  0.717207  0.662622  0.692347  0.677041  0.695950  0.566654  0.791609  0.516622  0.669643  0.648658  0.756795  0.755920  0.711584  0.540798  0.561242  0.636661  0.825900  0.682431  0.615870  0.774851  0.587848  0.605723  0.709885  0.675625  0.606664  0.869777  0.888693  0.603745  0.607831  0.664354  0.638099  0.941267  0.685866  0.667629  0.686002 
42  0.708469  0.705031  0.506104  0.551029  0.481458  0.404785  0.725190  0.639761  0.449013  0.549092  0.660044  0.534732  0.472793  0.664759  0.502660  0.579613  0.767355  0.515785  0.551184  0.545901  0.464692  0.586594  0.447383  0.407061  0.666198  0.476900  0.675424  0.645846  0.569061  0.530669  0.694668  0.385592  0.789554  0.521198  0.474383  0.475737  0.522831  0.527314  0.338291  0.801265  0.773571  0.813274 0.0  0.692138  0.860470  0.741574  0.576994  0.580878  0.485038  0.481013  0.571886  0.460640  0.653405  0.678056  0.619564  0.581202  0.443615  0.483764  0.374797  0.675100  0.382415  0.584455  0.646064  0.472018  0.412427  0.561737  0.366689  0.597291  0.559262  0.476430  0.742023  0.516539  0.504697  0.681581  0.586639  0.544455  0.520610  0.599402  0.564639  0.416481  0.658716  0.551134  0.648291  0.610586  0.610855  0.578598  0.735695  0.586291  0.574674 
43  0.566413  0.278132  0.676511  0.543583  0.523293  0.802270  0.419520  0.626974  0.748652  0.666019  0.636329  0.550888  0.765010  0.656316  0.620482  0.623564  0.663994  0.746817  0.782346  0.481967  0.657504  0.649078  0.681326  0.698421  0.509173  0.646466  0.556801  0.657161  0.672258  0.633574  0.383548  0.556966  0.528001  0.676194  0.610953  0.750326  0.527074  0.552977  0.751851  0.581172  0.652096  0.506218  0.692138 0.0  0.586457  0.367691  0.536309  0.383733  0.741683  0.532837  0.566068  0.721170  0.623956  0.436780  0.680585  0.346330  0.609125  0.655141  0.545423  0.633582  0.638763  0.670483  0.645099  0.599639  0.593577  0.660712  0.576535  0.643376  0.406653  0.585938  0.671469  0.629575  0.632001  0.359638  0.619019  0.590745  0.656997  0.619283  0.499451  0.606069  0.661506  0.463874  0.603871  0.773600  0.632285  0.644863  0.543457  0.376536  0.650509 
44  0.535029  0.457803  0.675154  0.782175  0.595001  0.864161  0.474136  0.219549  0.770628  0.872884  0.578961  0.746934  0.630424  0.709793  0.638517  0.675903  0.852801  0.764227  0.751195  0.859909  0.727004  0.665957  0.739824  0.686614  0.691805  0.513443  0.630973  0.940333  0.577881  0.598511  0.512336  0.697986  0.781919  0.655592  0.896023  0.886725  0.809556  0.688051  0.662843  0.539403  0.519786  0.518595  0.860470  0.586457 0.0  0.458010  0.524019  0.700390  0.755472  0.730620  0.688403  0.678258  0.289425  0.843517  0.734579  0.502649  0.807266  0.743302  0.855256  0.572707  0.814770  0.619520  0.788786  0.727631  0.617963  0.756543  0.737814  0.731094  0.539451  0.667845  0.697356  0.637312  0.607374  0.834396  0.708064  0.635017  0.712655  0.641856  0.664118  0.774758  0.889478  0.664874  0.958531  0.730612  0.758708  0.795260  0.775904  0.742396  0.608190 
