89
0 0.0  0.487750  0.522287  0.523552  0.458853  0.650500  0.673213  0.377219  0.715065  0.712900  0.684207  0.607312  0.609130  0.665066  0.604597  0.790071  0.814506  0.741032  0.605815  0.698273  0.561410  0.640099  0.674806  0.575225  0.564562  0.665922  0.752024  0.777257  0.642386  0.649904  0.661659  0.603562  0.553048  0.623915  0.769605  0.729196  0.555143  0.505901  0.536794  0.372170  0.457180  0.446119  0.526023  0.575057  0.448284  0.539088  0.484403  0.656687  0.535317  0.653719  0.555987  0.735201  0.441890  0.669007  0.711334  0.503062  0.535581  0.535718  0.623075  0.471543  0.533089  0.485283  0.716698  0.537481  0.608981  0.717263  0.512759  0.530478  0.481824  0.745016  0.680999  0.625916  0.624074  0.625121  0.529554  0.500469  0.592181  0.560763  0.717255  0.702745  0.711899  0.548579  0.530732  0.699942  0.648219  0.752870  0.729204  0.597499  0.628776 
1  0.487750 0.0  0.522547  0.519222  0.482398  0.765500  0.334916  0.405540  0.599057  0.565087  0.548007  0.559483  0.604752  0.560976  0.695755  0.663563  0.592554  0.713042  0.669066  0.703872  0.586890  0.688578  0.722100  0.569377  0.442354  0.540121  0.622942  0.670795  0.598509  0.595062  0.277041  0.611993  0.552681  0.530418  0.615707  0.729812  0.519412  0.474486  0.761117  0.573668  0.510740  0.425616  0.655870  0.266821  0.484182  0.244777  0.452401  0.357577  0.586919  0.655698  0.495390  0.923760  0.477107  0.490128  0.622650  0.253877  0.715135  0.500727  0.582983  0.545685  0.666439  0.541741  0.704813  0.491931  0.647150  0.753156  0.503044  0.520589  0.296454  0.627670  0.571033  0.442733  0.517211  0.444633  0.595159  0.613868  0.608019  0.609553  0.513301  0.711680  0.625994  0.448198  0.639372  0.581615  0.652622  0.792227  0.497708  0.382577  0.534775 
2  0.522287  0.522547 0.0  0.533265  0.634223  0.687323  0.498514  0.569833  0.616303  0.723339  0.620991  0.505759  0.575584  0.620591  0.563967  0.602745  0.625534  0.688894  0.675861  0.560841  0.570294  0.615592  0.607938  0.519880  0.616447  0.606642  0.593984  0.494136  0.526175  0.523421  0.584508  0.626867  0.580210  0.498057  0.674527  0.595278  0.671126  0.507521  0.644325  0.564373  0.489562  0.555298  0.456147  0.557818  0.657436  0.497130  0.583966  0.527922  0.506377  0.639554  0.543442  0.551522  0.625402  0.667045  0.625244  0.629870  0.568992  0.686306  0.487546  0.580475  0.691604  0.512490  0.671450  0.643953  0.506632  0.656083  0.479551  0.456280  0.554346  0.563223  0.697100  0.612657  0.527213  0.754138  0.672489  0.461460  0.632952  0.603450  0.568740  0.674078  0.723021  0.593184  0.437485  0.661520  0.614637  0.632515  0.589784  0.542787  0.591146 
3  0.523552  0.519222  0.533265 0.0  0.434989  0.638583  0.674241  0.579725  0.509436  0.746561  0.552963  0.625201  0.618491  0.759571  0.483340  0.689241  0.735917  0.698089  0.547730  0.551326  0.514870  0.526276  0.567638  0.500978  0.495406  0.531818  0.668835  0.700422  0.588115  0.591942  0.773837  0.522589  0.522524  0.506398  0.400277  0.666150  0.684762  0.434090  0.553456  0.573114  0.663119  0.761618  0.496355  0.551228  0.716823  0.631450  0.548269  0.629393  0.496815  0.579955  0.492799  0.615919  0.593654  0.721169  0.670669  0.571440  0.607015  0.641781  0.585425  0.568519  0.660357  0.550942  0.652379  0.660846  0.570897  0.567808  0.507965  0.567253  0.667730  0.552675  0.752669  0.538240  0.491821  0.482338  0.462351  0.561295  0.517873  0.440101  0.596264  0.541689  0.632456  0.509290  0.493740  0.712809  0.566039  0.659759  0.609526  0.506521  0.533643 
4  0.458853  0.482398  0.634223  0.434989 0.0  0.441607  0.515021  0.477234  0.617972  0.606354  0.588864  0.556279  0.510123  0.650011  0.528281  0.652311  0.585748  0.505470  0.520565  0.521672  0.283892  0.455922  0.425419  0.382551  0.568467  0.414190  0.556000  0.609989  0.544297  0.524155  0.424965  0.370425  0.578175  0.619232  0.577412  0.649901  0.726977  0.547092  0.417503  0.592024  0.541451  0.565474  0.467253  0.514021  0.519686  0.566130  0.382211  0.688329  0.489343  0.553928  0.468597  0.457726  0.446346  0.474591  0.626873  0.387760  0.457896  0.481995  0.516220  0.490692  0.408738  0.571194  0.469946  0.567839  0.414860  0.694915  0.316306  0.570950  0.341533  0.552112  0.678122  0.376331  0.580577  0.535128  0.403709  0.530550  0.552278  0.540102  0.489968  0.486343  0.587433  0.407563  0.563070  0.715647  0.536872  0.508196  0.566440  0.545234  0.577322 
5  0.650500  0.765500  0.687323  0.638583  0.441607 0.0  0.711505  0.819752  0.556235  0.483115  0.511428  0.667097  0.634605  0.632285  0.580023  0.470418  0.555593  0.340016  0.330530  0.469620  0.498304  0.636546  0.314056  0.454366  0.731508  0.571774  0.534600  0.598165  0.719651  0.733887  0.781559  0.376502  0.767165  0.611519  0.433085  0.300648  0.491250  0.620356  0.314217  0.696121  0.713249  0.749892  0.445253  0.875274  0.716031  0.673582  0.668003  0.649070  0.575772  0.498084  0.640420  0.321316  0.759980  0.504708  0.532250  0.633222  0.367916  0.536696  0.513902  0.706566  0.282591  0.654969  0.662181  0.556222  0.273904  0.432842  0.496458  0.555408  0.695767  0.597956  0.644061  0.576439  0.527724  0.633021  0.449571  0.607012  0.712312  0.635066  0.566225  0.403148  0.435522  0.601322  0.606097  0.364848  0.618467  0.521815  0.644165  0.650274  0.443849 
6  0.673213  0.334916  0.498514  0.674241  0.515021  0.711505 0.0  0.505078  0.744315  0.546428  0.510515  0.690167  0.773455  0.661853  0.742711  0.728365  0.385100  0.674371  0.719913  0.716383  0.708184  0.634758  0.651871  0.713195  0.478021  0.476702  0.492904  0.636689  0.624908  0.566658  0.314247  0.720652  0.527537  0.568073  0.656180  0.713658  0.578098  0.501951  0.901274  0.635466  0.459465  0.417273  0.758849  0.405415  0.457076  0.409359  0.586356  0.411429  0.673693  0.728053  0.657132  0.762908  0.561772  0.391331  0.607252  0.389066  0.734056  0.542916  0.626785  0.657570  0.778794  0.570232  0.564044  0.559457  0.741042  0.712196  0.579758  0.581939  0.457584  0.574126  0.552942  0.494434  0.624663  0.520353  0.621992  0.559793  0.647054  0.640572  0.480293  0.696527  0.657998  0.486750  0.588089  0.579102  0.565480  0.699551  0.539868  0.479721  0.619319 
7  0.377219  0.405540  0.569833  0.579725  0.477234  0.819752  0.505078 0.0  0.747192  0.673624  0.587810  0.614412  0.699796  0.736233  0.627986  0.775474  0.608690  0.613412  0.653768  0.600729  0.547630  0.716508  0.579475  0.679234  0.536726  0.698835  0.757373  0.867830  0.498363  0.490921  0.402925  0.663775  0.511186  0.674080  0.697323  0.729149  0.852781  0.612089  0.603323  0.449416  0.448511  0.367044  0.590023  0.525580  0.204086  0.347056  0.508292  0.491900  0.644649  0.691829  0.531729  0.733445  0.303153  0.649559  0.709943  0.408340  0.656145  0.694409  0.691866  0.514944  0.900373  0.562587  0.748010  0.704998  0.647442  0.784294  0.575842  0.509607  0.450443  0.630793  0.595378  0.626243  0.471675  0.697570  0.622312  0.463601  0.615073  0.692167  0.605819  0.743572  0.725911  0.515051  0.605015  0.780467  0.678970  0.723011  0.600867  0.539898  0.552903 
8  0.715065  0.599057  0.616303  0.509436  0.617972  0.556235  0.744315  0.747192 0.0  0.628368  0.550065  0.481601  0.571770  0.645067  0.467879  0.565785  0.691773  0.631294  0.556014  0.392034  0.547230  0.523125  0.600115  0.499269  0.623387  0.452240  0.619832  0.714621  0.602038  0.560064  0.618997  0.597624  0.679719  0.402164  0.570606  0.426466  0.525179  0.482900  0.524410  0.717623  0.585927  0.754924  0.480151  0.767817  0.663820  0.631793  0.686559  0.537451  0.411611  0.400098  0.545094  0.593460  0.793063  0.733083  0.540295  0.573117  0.572373  0.488929  0.382047  0.686708  0.551447  0.529403  0.692903  0.470953  0.565524  0.439619  0.592515  0.537625  0.680205  0.375983  0.626594  0.483103  0.595257  0.754720  0.616055  0.546574  0.403539  0.784769  0.570160  0.455233  0.605792  0.551411  0.586278  0.599482  0.441700  0.546324  0.638139  0.638588  0.563032 
9  0.712900  0.565087  0.723339  0.746561  0.606354  0.483115  0.546428  0.673624  0.628368 0.0  0.599232  0.587243  0.515617  0.590299  0.545551  0.637078  0.540019  0.502725  0.570309  0.613000  0.565659  0.685236  0.452763  0.527274  0.651638  0.597574  0.597283  0.479447  0.732914  0.516558  0.605479  0.568475  0.921385  0.629163  0.651655  0.539302  0.449523  0.705585  0.478469  0.696407  0.658674  0.777672  0.451695  0.718212  0.812205  0.687215  0.652086  0.538593  0.578201  0.665920  0.604515  0.531969  0.668548  0.555285  0.601731  0.577046  0.501213  0.556062  0.552154  0.657787  0.496434  0.500183  0.753738  0.492775  0.427553  0.561605  0.488240  0.544700  0.658386  0.636838  0.535504  0.539223  0.537008  0.553242  0.602726  0.638272  0.671107  0.599449  0.500398  0.538100  0.526319  0.621266  0.523815  0.602582  0.659331  0.711361  0.584095  0.652212  0.521346 
10  0.684207  0.548007  0.620991  0.552963  0.588864  0.511428  0.510515  0.587810  0.550065  0.599232 0.0  0.588637  0.535929  0.520981  0.542382  0.500496  0.548991  0.506918  0.625456  0.635826  0.575150  0.512634  0.560185  0.592494  0.650036  0.595759  0.476832  0.615679  0.646227  0.629737  0.656887  0.539149  0.606566  0.581246  0.556984  0.655967  0.545558  0.490342  0.589678  0.581034  0.569470  0.578474  0.578901  0.584171  0.578568  0.568469  0.511203  0.485169  0.490210  0.521843  0.492214  0.571287  0.518231  0.515097  0.628760  0.557088  0.569515  0.531652  0.465498  0.552234  0.527878  0.647579  0.604191  0.635295  0.546706  0.624941  0.530743  0.609369  0.438939  0.619227  0.620803  0.548932  0.685112  0.580938  0.499298  0.497258  0.573319  0.570438  0.547853  0.583380  0.590021  0.597939  0.669806  0.596941  0.602813  0.603629  0.582082  0.525188  0.645149 
11  0.607312  0.559483  0.505759  0.625201  0.556279  0.667097  0.690167  0.614412  0.481601  0.587243  0.588637 0.0  0.525216  0.540472  0.455443  0.564925  0.541151  0.567506  0.607944  0.473249  0.489221  0.531954  0.636378  0.434968  0.549123  0.430499  0.560304  0.608519  0.521736  0.597300  0.477163  0.579710  0.512873  0.389331  0.555606  0.457564  0.587306  0.457018  0.462615  0.650064  0.784842  0.668435  0.479713  0.523618  0.698397  0.573240  0.510061  0.571875  0.496600  0.465730  0.607346  0.631561  0.645567  0.663097  0.616289  0.602230  0.601847  0.393553  0.440745  0.608734  0.497956  0.523668  0.578659  0.552833  0.513037  0.482235  0.468057  0.622585  0.487738  0.352087  0.667558  0.365864  0.579840  0.612936  0.611317  0.613268  0.471222  0.638452  0.497523  0.407150  0.669404  0.426641  0.585170  0.632509  0.443826  0.435207  0.612747  0.581326  0.524019 
12  0.609130  0.604752  0.575584  0.618491  0.510123  0.634605  0.773455  0.699796  0.571770  0.515617  0.535929  0.525216 0.0  0.579102  0.598818  0.411685  0.796189  0.722738  0.561845  0.575695  0.545267  0.583968  0.577855  0.386122  0.697764  0.464574  0.636450  0.675345  0.546481  0.549845  0.665300  0.630433  0.603246  0.469237  0.589431  0.486876  0.549085  0.566140  0.606866  0.733337  0.494430  0.747572  0.461112  0.711271  0.688890  0.699706  0.477321  0.655652  0.462742  0.574514  0.526241  0.451124  0.603441  0.672536  0.592215  0.461297  0.493197  0.516842  0.484260  0.543191  0.516747  0.541319  0.628986  0.642985  0.561580  0.629709  0.481716  0.488549  0.432347  0.529934  0.659711  0.521586  0.527676  0.601554  0.645606  0.608010  0.635121  0.518158  0.547140  0.555932  0.438082  0.733021  0.480472  0.528104  0.648200  0.693081  0.611355  0.582644  0.633892 
13  0.665066  0.560976  0.620591  0.759571  0.650011  0.632285  0.661853  0.736233  0.645067  0.590299  0.520981  0.540472  0.579102 0.0  0.689248  0.568664  0.483560  0.538038  0.646361  0.568300  0.571312  0.489687  0.695389  0.665505  0.528656  0.540725  0.434297  0.540324  0.677451  0.677464  0.545360  0.627437  0.627000  0.605128  0.523050  0.570593  0.461407  0.666337  0.737635  0.641222  0.700896  0.690676  0.725917  0.592677  0.691083  0.572495  0.635287  0.607328  0.611346  0.584837  0.708151  0.562655  0.668488  0.422558  0.450375  0.640723  0.619907  0.553176  0.676968  0.630060  0.720957  0.540182  0.710457  0.450267  0.571091  0.595155  0.634342  0.638451  0.583624  0.480176  0.451315  0.626573  0.584353  0.531192  0.722278  0.639698  0.679084  0.584888  0.488654  0.518102  0.469419  0.622986  0.595067  0.625783  0.491927  0.509250  0.521264  0.578567  0.466089 
14  0.604597  0.695755  0.563967  0.483340  0.528281  0.580023  0.742711  0.627986  0.467879  0.545551  0.542382  0.455443  0.598818  0.689248 0.0  0.635440  0.633545  0.610232  0.605052  0.437958  0.472824  0.467548  0.691699  0.494731  0.581722  0.393330  0.632216  0.673518  0.545405  0.566224  0.600533  0.486000  0.669046  0.457438  0.477665  0.452491  0.558543  0.446675  0.498394  0.670552  0.694135  0.765719  0.452432  0.552465  0.618016  0.580368  0.533619  0.526613  0.438030  0.397733  0.562706  0.522988  0.615853  0.623855  0.664770  0.558767  0.568273  0.478412  0.515706  0.788057  0.628616  0.675606  0.569216  0.620211  0.527806  0.574441  0.573050  0.595974  0.515553  0.364518  0.662987  0.355009  0.534861  0.539093  0.463079  0.574725  0.485176  0.536849  0.493510  0.412988  0.670840  0.496339  0.628629  0.627579  0.477964  0.396595  0.552676  0.695348  0.600171 
15  0.790071  0.663563  0.602745  0.689241  0.652311  0.470418  0.728365  0.775474  0.565785  0.637078  0.500496  0.564925  0.411685  0.568664  0.635440 0.0  0.694557  0.562811  0.625806  0.496726  0.633839  0.627248  0.614716  0.535238  0.721536  0.638758  0.523566  0.628145  0.507859  0.607131  0.592892  0.619640  0.604646  0.609309  0.484330  0.504093  0.616860  0.699677  0.563228  0.653452  0.696919  0.740017  0.493713  0.707855  0.689479  0.780000  0.487099  0.711503  0.668573  0.526356  0.567726  0.513359  0.850333  0.653798  0.566233  0.768147  0.622852  0.754699  0.534351  0.664137  0.576831  0.680113  0.726040  0.601735  0.516889  0.490974  0.525039  0.596855  0.637997  0.507683  0.651134  0.568445  0.515321  0.795650  0.572675  0.496248  0.743904  0.597000  0.536321  0.542251  0.441107  0.619118  0.712302  0.505985  0.676466  0.575595  0.616197  0.615799  0.684581 
16  0.814506  0.592554  0.625534  0.735917  0.585748  0.555593  0.385100  0.608690  0.691773  0.540019  0.548991  0.541151  0.796189  0.483560  0.633545  0.694557 0.0  0.566689  0.670427  0.545617  0.655240  0.545045  0.663879  0.685743  0.475243  0.531517  0.397362  0.543600  0.537115  0.642057  0.478039  0.704628  0.711146  0.605882  0.643656  0.681671  0.399936  0.687137  0.764537  0.684394  0.548833  0.579824  0.687240  0.514319  0.769954  0.529054  0.575980  0.502927  0.745156  0.655348  0.652913  0.766142  0.726612  0.227260  0.580697  0.437383  0.663406  0.477406  0.586082  0.559205  0.583320  0.573426  0.521641  0.533992  0.693197  0.688274  0.676172  0.582478  0.478142  0.652589  0.445894  0.561856  0.580675  0.521852  0.703450  0.588786  0.697274  0.590456  0.612570  0.452984  0.490815  0.659383  0.552577  0.569971  0.659559  0.593846  0.599185  0.536247  0.484874 
17  0.741032  0.713042  0.688894  0.698089  0.505470  0.340016  0.674371  0.613412  0.631294  0.502725  0.506918  0.567506  0.722738  0.538038  0.610232  0.562811  0.566689 0.0  0.540859  0.490033  0.487699  0.485356  0.496498  0.492678  0.691415  0.501221  0.577260  0.569389  0.629687  0.685988  0.676927  0.529729  0.720237  0.655009  0.452519  0.503579  0.547633  0.636781  0.427364  0.690991  0.681506  0.749805  0.515077  0.619305  0.565138  0.788924  0.552829  0.695241  0.685603  0.531630  0.624168  0.477102  0.579378  0.618740  0.490470  0.702978  0.410316  0.512044  0.530648  0.642855  0.405212  0.616458  0.478692  0.578376  0.398876  0.555109  0.574334  0.741120  0.562849  0.512868  0.667846  0.659174  0.569061  0.624358  0.578669  0.628797  0.584599  0.580725  0.537208  0.550098  0.564953  0.582064  0.647707  0.579812  0.633505  0.529794  0.595274  0.623064  0.623042 
18  0.605815  0.669066  0.675861  0.547730  0.520565  0.330530  0.719913  0.653768  0.556014  0.570309  0.625456  0.607944  0.561845  0.646361  0.605052  0.625806  0.670427  0.540859 0.0  0.552809  0.381152  0.678397  0.350273  0.432345  0.593317  0.589714  0.628053  0.559454  0.685130  0.607782  0.874746  0.428799  0.758425  0.683755  0.554314  0.497768  0.604784  0.715028  0.394982  0.639799  0.651175  0.712068  0.458931  0.686600  0.841701  0.768686  0.679922  0.559904  0.554355  0.547517  0.528991  0.368988  0.809458  0.674387  0.560922  0.788929  0.407367  0.628096  0.542857  0.823903  0.383864  0.578812  0.633003  0.578842  0.332281  0.505556  0.606374  0.642347  0.815306  0.730163  0.596892  0.635430  0.526236  0.678401  0.513374  0.649045  0.680079  0.663637  0.606775  0.565892  0.737397  0.728861  0.724617  0.559729  0.602161  0.615645  0.678143  0.652502  0.548290 
19  0.698273  0.703872  0.560841  0.551326  0.521672  0.469620  0.716383  0.600729  0.392034  0.613000  0.635826  0.473249  0.575695  0.568300  0.437958  0.496726  0.545617  0.490033  0.552809 0.0  0.513315  0.357156  0.439230  0.468267  0.585890  0.322778  0.488639  0.500708  0.663302  0.655365  0.577506  0.543686  0.761859  0.559730  0.474074  0.300341  0.451240  0.505455  0.595925  0.627303  0.779919  0.803757  0.517564  0.572361  0.723107  0.660605  0.591909  0.594007  0.442256  0.302689  0.570317  0.602276  0.724367  0.555886  0.467501  0.526260  0.455548  0.336172  0.453776  0.627673  0.504183  0.619662  0.395081  0.610869  0.457722  0.398248  0.489267  0.575936  0.611783  0.495117  0.500125  0.407496  0.525347  0.485629  0.645240  0.538436  0.560752  0.512001  0.599231  0.343700  0.583885  0.422757  0.616147  0.472825  0.427514  0.373660  0.547446  0.607490  0.551154 
20  0.561410  0.586890  0.570294  0.514870  0.283892  0.498304  0.708184  0.547630  0.547230  0.565659  0.575150  0.489221  0.545267  0.571312  0.472824  0.633839  0.655240  0.487699  0.381152  0.513315 0.0  0.598760  0.410113  0.304735  0.619388  0.484127  0.572474  0.536436  0.534168  0.614893  0.667699  0.408627  0.670376  0.468896  0.564831  0.570449  0.548234  0.409880  0.336423  0.623168  0.690399  0.770716  0.475732  0.650698  0.691995  0.782545  0.560786  0.583499  0.430366  0.526908  0.529197  0.403992  0.629796  0.660298  0.633846  0.540997  0.353485  0.433251  0.499781  0.538135  0.429833  0.524355  0.615601  0.516788  0.384131  0.611598  0.467601  0.483515  0.635280  0.533022  0.706651  0.396227  0.556978  0.512431  0.415914  0.441086  0.625222  0.557317  0.582132  0.602801  0.655743  0.487740  0.506273  0.647308  0.647014  0.595360  0.642271  0.460263  0.544363 
21  0.640099  0.688578  0.615592  0.526276  0.455922  0.636546  0.634758  0.716508  0.523125  0.685236  0.512634  0.531954  0.583968  0.489687  0.467548  0.627248  0.545045  0.485356  0.678397  0.357156  0.598760 0.0  0.593071  0.513840  0.600448  0.345256  0.474973  0.552507  0.650768  0.499855  0.617032  0.581583  0.760678  0.516819  0.564515  0.379522  0.545288  0.475997  0.647053  0.778005  0.761449  0.726834  0.519321  0.695088  0.671247  0.723221  0.535040  0.626710  0.485431  0.447773  0.630767  0.538270  0.779191  0.505598  0.546653  0.548614  0.504296  0.433140  0.614009  0.711697  0.587184  0.676407  0.487260  0.656861  0.538086  0.474092  0.472646  0.521358  0.513894  0.522056  0.587347  0.414782  0.596011  0.506334  0.660542  0.669760  0.530146  0.603932  0.523683  0.422042  0.668474  0.496117  0.799092  0.546063  0.474300  0.328421  0.450170  0.524752  0.599945 
22  0.674806  0.722100  0.607938  0.567638  0.425419  0.314056  0.651871  0.579475  0.600115  0.452763  0.560185  0.636378  0.577855  0.695389  0.691699  0.614716  0.663879  0.496498  0.350273  0.439230  0.410113  0.593071 0.0  0.350699  0.752648  0.454868  0.528393  0.695939  0.597610  0.670298  0.715517  0.354834  0.763499  0.561114  0.442174  0.439364  0.516932  0.540160  0.417618  0.631271  0.772635  0.632061  0.418700  0.624673  0.641794  0.701271  0.630937  0.594534  0.475402  0.556246  0.506913  0.434177  0.550741  0.450655  0.602887  0.698874  0.332464  0.471155  0.502897  0.652337  0.338588  0.595883  0.654974  0.626975  0.226293  0.454068  0.586824  0.596154  0.647545  0.537354  0.643665  0.474387  0.541603  0.633402  0.382790  0.600672  0.577590  0.541506  0.523096  0.499775  0.619180  0.503569  0.612525  0.493570  0.591979  0.609962  0.605790  0.716513  0.561005 
23  0.575225  0.569377  0.519880  0.500978  0.382551  0.454366  0.713195  0.679234  0.499269  0.527274  0.592494  0.434968  0.386122  0.665505  0.494731  0.535238  0.685743  0.492678  0.432345  0.468267  0.304735  0.513840  0.350699 0.0  0.737588  0.394709  0.628533  0.507880  0.607071  0.612366  0.585037  0.364514  0.849447  0.513711  0.543203  0.544599  0.536567  0.505458  0.408824  0.643482  0.727656  0.647632  0.349006  0.697651  0.664290  0.604629  0.496987  0.518498  0.414575  0.615669  0.532622  0.325485  0.585372  0.653961  0.561787  0.561563  0.302466  0.442471  0.475701  0.658938  0.325267  0.522812  0.513832  0.436153  0.342921  0.577076  0.401741  0.486131  0.465197  0.616589  0.737840  0.479863  0.500678  0.597038  0.515799  0.574691  0.602171  0.463653  0.548782  0.501783  0.604455  0.579763  0.573005  0.547985  0.616988  0.522808  0.546188  0.568283  0.480374 
24  0.564562  0.442354  0.616447  0.495406  0.568467  0.731508  0.478021  0.536726  0.623387  0.651638  0.650036  0.549123  0.697764  0.528656  0.581722  0.721536  0.475243  0.691415  0.593317  0.585890  0.619388  0.600448  0.752648  0.737588 0.0  0.557745  0.541387  0.544290  0.568994  0.522726  0.433263  0.701199  0.594459  0.642200  0.576636  0.656274  0.699061  0.588726  0.719300  0.587202  0.566800  0.553622  0.618018  0.566793  0.649591  0.438091  0.545716  0.499799  0.580414  0.593793  0.612102  0.831032  0.704387  0.522696  0.536557  0.442703  0.510021  0.540437  0.652305  0.560392  0.718021  0.508520  0.539997  0.527358  0.588522  0.697991  0.561089  0.596625  0.459225  0.614913  0.484540  0.504411  0.547963  0.469591  0.629478  0.536116  0.592141  0.759765  0.671236  0.542052  0.649907  0.595480  0.662202  0.651128  0.523783  0.625958  0.491446  0.463970  0.481117 
25  0.665922  0.540121  0.606642  0.531818  0.414190  0.571774  0.476702  0.698835  0.452240  0.597574  0.595759  0.430499  0.464574  0.540725  0.393330  0.638758  0.531517  0.501221  0.589714  0.322778  0.484127  0.345256  0.454868  0.394709  0.557745 0.0  0.542824  0.534219  0.488875  0.553228  0.456703  0.347772  0.624177  0.527830  0.420673  0.350750  0.667725  0.498481  0.536218  0.625649  0.620262  0.613926  0.461822  0.552213  0.703753  0.558387  0.481847  0.625849  0.487379  0.426729  0.558421  0.574188  0.523925  0.495779  0.538401  0.489981  0.539389  0.266968  0.502546  0.557396  0.550961  0.586466  0.454462  0.603433  0.566065  0.522451  0.426749  0.563743  0.367275  0.500803  0.573782  0.349644  0.529603  0.331748  0.506252  0.606127  0.463932  0.345286  0.486681  0.349314  0.638044  0.435235  0.617757  0.614741  0.430190  0.407836  0.631033  0.585669  0.614732 
26  0.752024  0.622942  0.593984  0.668835  0.556000  0.534600  0.492904  0.757373  0.619832  0.597283  0.476832  0.560304  0.636450  0.434297  0.632216  0.523566  0.397362  0.577260  0.628053  0.488639  0.572474  0.474973  0.528393  0.628533  0.541387  0.542824 0.0  0.471615  0.587557  0.508338  0.541403  0.649848  0.708714  0.571155  0.475351  0.514451  0.451859  0.701370  0.644747  0.714543  0.640952  0.647615  0.587710  0.534062  0.718728  0.613766  0.643593  0.500647  0.616073  0.576314  0.636819  0.607895  0.637380  0.376674  0.548513  0.411900  0.563696  0.453612  0.544469  0.591463  0.592659  0.554443  0.579024  0.450425  0.467365  0.595709  0.512801  0.584379  0.456092  0.686535  0.528618  0.607669  0.570972  0.525801  0.703635  0.573540  0.720847  0.641093  0.583525  0.549381  0.588208  0.544269  0.612972  0.539658  0.590970  0.548159  0.582172  0.556393  0.553711 
27  0.777257  0.670795  0.494136  0.700422  0.609989  0.598165  0.636689  0.867830  0.714621  0.479447  0.615679  0.608519  0.675345  0.540324  0.673518  0.628145  0.543600  0.569389  0.559454  0.500708  0.536436  0.552507  0.695939  0.507880  0.544290  0.534219  0.471615 0.0  0.644966  0.645035  0.663530  0.583943  1.000000  0.592746  0.535688  0.449289  0.305387  0.634207  0.689212  0.811129  0.798312  0.868547  0.546462  0.500592  0.792295  0.776932  0.714856  0.505432  0.656509  0.669819  0.509139  0.574888  0.752144  0.457726  0.591826  0.494852  0.604289  0.653799  0.721387  0.668612  0.506527  0.642795  0.653353  0.583866  0.558489  0.599864  0.735877  0.627854  0.478711  0.603653  0.466456  0.573223  0.512607  0.314934  0.760551  0.687598  0.711865  0.530114  0.515306  0.417460  0.554280  0.681529  0.544245  0.519755  0.568413  0.519190  0.483014  0.522341  0.632800 
28  0.642386  0.598509  0.526175  0.588115  0.544297  0.719651  0.624908  0.498363  0.602038  0.732914  0.646227  0.521736  0.546481  0.677451  0.545405  0.507859  0.537115  0.629687  0.685130  0.663302  0.534168  0.650768  0.597610  0.607071  0.568994  0.488875  0.587557  0.644966 0.0  0.574343  0.518931  0.588946  0.521415  0.470106  0.655129  0.610490  0.604943  0.515774  0.619487  0.542404  0.523740  0.592711  0.539762  0.622177  0.586602  0.660622  0.533677  0.513906  0.510769  0.658261  0.595971  0.591732  0.590881  0.552388  0.648203  0.571187  0.612240  0.548410  0.541970  0.553333  0.514283  0.470441  0.690232  0.563094  0.642787  0.645103  0.484390  0.484286  0.477604  0.558762  0.521857  0.630072  0.520494  0.616818  0.541935  0.664722  0.514949  0.663496  0.628652  0.631916  0.583806  0.532964  0.504737  0.622314  0.625803  0.738747  0.564439  0.527766  0.604146 
29  0.649904  0.595062  0.523421  0.591942  0.524155  0.733887  0.566658  0.490921  0.560064  0.516558  0.629737  0.597300  0.549845  0.677464  0.566224  0.607131  0.642057  0.685988  0.607782  0.655365  0.614893  0.499855  0.670298  0.612366  0.522726  0.553228  0.508338  0.645035  0.574343 0.0  0.479562  0.604933  0.484957  0.478200  0.628912  0.535458  0.623764  0.549268  0.620991  0.566995  0.539892  0.515704  0.606128  0.568573  0.531637  0.479191  0.574769  0.441221  0.434483  0.641697  0.593004  0.466676  0.505662  0.569889  0.625225  0.481490  0.625731  0.635861  0.626785  0.563392  0.552499  0.561389  0.594962  0.486674  0.622780  0.645274  0.525713  0.554843  0.574635  0.503540  0.520451  0.585161  0.596420  0.513539  0.600798  0.483702  0.614727  0.571231  0.592756  0.615898  0.660234  0.524807  0.621708  0.587492  0.519366  0.545242  0.644226  0.536496  0.576647 
30  0.661659  0.277041  0.584508  0.773837  0.424965  0.781559  0.314247  0.402925  0.618997  0.605479  0.656887  0.477163  0.665300  0.545360  0.600533  0.592892  0.478039  0.676927  0.874746  0.577506  0.667699  0.617032  0.715517  0.585037  0.433263  0.456703  0.541403  0.663530  0.518931  0.479562 0.0  0.707983  0.700950  0.579127  0.686531  0.779601  0.611682  0.567920  0.745161  0.760829  0.465019  0.553836  0.573444  0.355045  0.407040  0.231510  0.478991  0.441949  0.706321  0.634741  0.576736  0.689815  0.451388  0.485245  0.634287  0.233708  0.609912  0.529098  0.616188  0.621131  0.675073  0.562116  0.597069  0.439567  0.704505  0.695446  0.527965  0.537234  0.284502  0.558656  0.537157  0.485299  0.463904  0.418634  0.718068  0.526678  0.619756  0.528694  0.656943  0.564443  0.641825  0.508781  0.581692  0.587015  0.679470  0.714298  0.445596  0.394125  0.554123 
31  0.603562  0.611993  0.626867  0.522589  0.370425  0.376502  0.720652  0.663775  0.597624  0.568475  0.539149  0.579710  0.630433  0.627437  0.486000  0.619640  0.704628  0.529729  0.428799  0.543686  0.408627  0.581583  0.354834  0.364514  0.701199  0.347772  0.649848  0.583943  0.588946  0.604933  0.707983 0.0  0.845236  0.558601  0.502241  0.511959  0.569707  0.533312  0.332499  0.753159  0.757531  0.669126  0.416732  0.560786  0.632944  0.746523  0.621440  0.676650  0.498602  0.387845  0.519512  0.346692  0.743805  0.655730  0.586278  0.633544  0.367864  0.473422  0.507973  0.577917  0.330658  0.667663  0.645130  0.556012  0.341404  0.637611  0.418586  0.560376  0.621658  0.536228  0.660333  0.450857  0.457727  0.547934  0.374497  0.600886  0.531449  0.609378  0.409890  0.530662  0.595925  0.608022  0.691168  0.543305  0.552197  0.590373  0.635492  0.749083  0.519462 
32  0.553048  0.552681  0.580210  0.522524  0.578175  0.767165  0.527537  0.511186  0.679719  0.921385  0.606566  0.512873  0.603246  0.627000  0.669046  0.604646  0.711146  0.720237  0.758425  0.761859  0.670376  0.760678  0.763499  0.849447  0.594459  0.624177  0.708714  1.000000  0.521415  0.484957  0.700950  0.845236 0.0  0.654616  0.632651  0.774957  0.759673  0.531529  0.755081  0.390926  0.259501  0.462499  0.740388  0.679014  0.712839  0.615355  0.458083  0.546255  0.700993  0.654326  0.484559  0.761068  0.586067  0.834325  0.666640  0.675382  0.806492  0.681678  0.649396  0.598228  0.827884  0.529785  0.637101  0.645056  0.894209  0.599017  0.625332  0.565843  0.768794  0.623849  0.664806  0.529252  0.666964  0.728496  0.645004  0.543991  0.669017  0.786400  0.567202  0.677878  0.635766  0.498288  0.637311  0.713671  0.595889  0.676364  0.826154  0.518321  0.583966 
33  0.623915  0.530418  0.498057  0.506398  0.619232  0.611519  0.568073  0.674080  0.402164  0.629163  0.581246  0.389331  0.469237  0.605128  0.457438  0.609309  0.605882  0.655009  0.683755  0.559730  0.468896  0.516819  0.561114  0.513711  0.642200  0.527830  0.571155  0.592746  0.470106  0.478200  0.579127  0.558601  0.654616 0.0  0.615092  0.518429  0.686550  0.380794  0.549946  0.547181  0.728593  0.748959  0.615659  0.577926  0.805519  0.544068  0.657098  0.552391  0.370162  0.443266  0.545976  0.682061  0.544981  0.582431  0.558263  0.616430  0.481110  0.370020  0.358492  0.564147  0.511345  0.515941  0.444622  0.601780  0.607239  0.610056  0.415853  0.504302  0.577663  0.470931  0.649212  0.392287  0.509642  0.557767  0.644377  0.615758  0.355995  0.567145  0.481115  0.565570  0.649361  0.358963  0.499693  0.681186  0.442669  0.500237  0.599131  0.571165  0.560120 
34  0.769605  0.615707  0.674527  0.400277  0.577412  0.433085  0.656180  0.697323  0.570606  0.651655  0.556984  0.555606  0.589431  0.523050  0.477665  0.484330  0.643656  0.452519  0.554314  0.474074  0.564831  0.564515  0.442174  0.543203  0.576636  0.420673  0.475351  0.535688  0.655129  0.628912  0.686531  0.502241  0.632651  0.615092 0.0  0.301400  0.529811  0.643947  0.512780  0.767957  0.734047  0.668341  0.476152  0.675439  0.725504  0.792010  0.632590  0.706194  0.595556  0.487131  0.562605  0.459877  0.701283  0.567029  0.532900  0.663403  0.580802  0.406265  0.647218  0.609200  0.468579  0.675614  0.555842  0.696808  0.408887  0.485884  0.583118  0.698933  0.609959  0.564302  0.634474  0.549261  0.552556  0.499105  0.573907  0.527668  0.647275  0.352943  0.563224  0.407049  0.522043  0.592289  0.739653  0.635241  0.651068  0.551198  0.621055  0.679375  0.544907 
35  0.729196  0.729812  0.595278  0.666150  0.649901  0.300648  0.713658  0.729149  0.426466  0.539302  0.655967  0.457564  0.486876  0.570593  0.452491  0.504093  0.681671  0.503579  0.497768  0.300341  0.570449  0.379522  0.439364  0.544599  0.656274  0.350750  0.514451  0.449289  0.610490  0.535458  0.779601  0.511959  0.774957  0.518429  0.301400 0.0  0.391345  0.497718  0.517008  0.894148  0.773353  0.816899  0.430992  0.783673  0.841820  0.753707  0.613138  0.525835  0.462820  0.311958  0.544444  0.429361  0.887539  0.586286  0.587416  0.633149  0.453571  0.348892  0.367718  0.716787  0.394621  0.641917  0.438035  0.572200  0.441741  0.306964  0.530795  0.660654  0.653441  0.422969  0.571356  0.370204  0.545318  0.515228  0.584329  0.573862  0.513890  0.585075  0.461181  0.276104  0.483190  0.559040  0.659961  0.482604  0.474170  0.435905  0.657892  0.638967  0.591767 
36  0.555143  0.519412  0.671126  0.684762  0.726977  0.491250  0.578098  0.852781  0.525179  0.449523  0.545558  0.587306  0.549085  0.461407  0.558543  0.616860  0.399936  0.547633  0.604784  0.451240  0.548234  0.545288  0.516932  0.536567  0.699061  0.667725  0.451859  0.305387  0.604943  0.623764  0.611682  0.569707  0.759673  0.686550  0.529811  0.391345 0.0  0.730375  0.505957  0.864117  0.783263  0.789989  0.549827  0.426222  0.776766  0.619582  0.751496  0.537810  0.644961  0.497974  0.536574  0.466760  0.710625  0.373917  0.532392  0.461089  0.521969  0.476567  0.574415  0.671779  0.551158  0.761305  0.634434  0.476486  0.480652  0.463065  0.639929  0.464845  0.403110  0.623602  0.447280  0.477369  0.624934  0.332565  0.737953  0.666413  0.661153  0.530326  0.513405  0.451262  0.507294  0.626369  0.535181  0.475563  0.651357  0.575660  0.506213  0.632022  0.686641 
37  0.505901  0.474486  0.507521  0.434090  0.547092  0.620356  0.501951  0.612089  0.482900  0.705585  0.490342  0.457018  0.566140  0.666337  0.446675  0.699677  0.687137  0.636781  0.715028  0.505455  0.409880  0.475997  0.540160  0.505458  0.588726  0.498481  0.701370  0.634207  0.515774  0.549268  0.567920  0.533312  0.531529  0.380794  0.643947  0.497718  0.730375 0.0  0.493599  0.518058  0.493913  0.483651  0.435575  0.447322  0.601219  0.488131  0.632531  0.588427  0.392940  0.430069  0.607770  0.577191  0.649167  0.678121  0.514510  0.578557  0.682231  0.497448  0.455327  0.690339  0.582714  0.466319  0.545710  0.568885  0.676204  0.360207  0.454465  0.607758  0.573878  0.398153  0.603504  0.370445  0.539890  0.682955  0.542691  0.665962  0.528716  0.721639  0.561997  0.500190  0.662878  0.379530  0.648529  0.766764  0.440482  0.480846  0.576376  0.584242  0.533319 
38  0.536794  0.761117  0.644325  0.553456  0.417503  0.314217  0.901274  0.603323  0.524410  0.478469  0.589678  0.462615  0.606866  0.737635  0.498394  0.563228  0.764537  0.427364  0.394982  0.595925  0.336423  0.647053  0.417618  0.408824  0.719300  0.536218  0.644747  0.689212  0.619487  0.620991  0.745161  0.332499  0.755081  0.549946  0.512780  0.517008  0.505957  0.493599 0.0  0.556373  0.633395  0.741377  0.336532  0.694758  0.774772  0.758938  0.592784  0.574170  0.440204  0.528631  0.511614  0.350164  0.847232  0.552902  0.613614  0.566811  0.348813  0.615053  0.374743  0.703362  0.258443  0.543270  0.743064  0.537560  0.282591  0.475767  0.486808  0.579362  0.686390  0.481316  0.656052  0.477439  0.506653  0.642688  0.414315  0.508347  0.565012  0.717709  0.510038  0.565591  0.570890  0.650905  0.509149  0.628717  0.611925  0.627179  0.578494  0.578355  0.578471 
39  0.372170  0.573668  0.564373  0.573114  0.592024  0.696121  0.635466  0.449416  0.717623  0.696407  0.581034  0.650064  0.733337  0.641222  0.670552  0.653452  0.684394  0.690991  0.639799  0.627303  0.623168  0.778005  0.631271  0.643482  0.587202  0.625649  0.714543  0.811129  0.542404  0.566995  0.760829  0.753159  0.390926  0.547181  0.767957  0.894148  0.864117  0.518058  0.556373 0.0  0.369822  0.319633  0.668691  0.789358  0.534991  0.589756  0.572964  0.651881  0.611824  0.692395  0.578092  0.753572  0.551039  0.616661  0.678991  0.655569  0.771303  0.663266  0.633093  0.500790  0.787151  0.569986  0.822284  0.672721  0.768855  0.722896  0.686028  0.511262  0.625205  0.673885  0.694362  0.596723  0.474053  0.688300  0.554634  0.498915  0.483296  0.699280  0.578526  0.562487  0.735723  0.550608  0.578258  0.744826  0.617766  0.828260  0.772619  0.594897  0.564152 
40  0.457180  0.510740  0.489562  0.663119  0.541451  0.713249  0.459465  0.448511  0.585927  0.658674  0.569470  0.784842  0.494430  0.700896  0.694135  0.696919  0.548833  0.681506  0.651175  0.779919  0.690399  0.761449  0.772635  0.727656  0.566800  0.620262  0.640952  0.798312  0.523740  0.539892  0.465019  0.757531  0.259501  0.728593  0.734047  0.773353  0.783263  0.493913  0.633395  0.369822 0.0  0.355297  0.633312  0.522375  0.520505  0.475725  0.490832  0.657277  0.756762  0.546737  0.599551  0.722030  0.530226  0.677228  0.582905  0.507560  0.806388  0.584406  0.772204  0.638515  0.817933  0.503936  0.754316  0.619192  0.870918  0.707987  0.589594  0.531848  0.476262  0.700502  0.662602  0.522279  0.563555  0.702601  0.643461  0.517429  0.704367  0.659296  0.636099  0.808598  0.644044  0.681907  0.562861  0.715472  0.740702  0.754289  0.657938  0.505900  0.547598 
41  0.446119  0.425616  0.555298  0.761618  0.565474  0.749892  0.417273  0.367044  0.754924  0.777672  0.578474  0.668435  0.747572  0.690676  0.765719  0.740017  0.579824  0.749805  0.712068  0.803757  0.770716  0.726834  0.632061  0.647632  0.553622  0.613926  0.647615  0.868547  0.592711  0.515704  0.553836  0.669126  0.462499  0.748959  0.668341  0.816899  0.789989  0.483651  0.741377  0.319633  0.355297 0.0  0.612454  0.553406  0.468996  0.450814  0.600620  0.567201  0.781632  0.798664  0.527769  0.800994  0.469003  0.666962  0.627350  0.621032  0.751981  0.607933  0.638198  0.504862  0.720795  0.515781  0.642204  0.604182  0.615952  0.715367  0.575666  0.499854  0.615434  0.597468  0.612571  0.676249  0.511635  0.602501  0.686445  0.565139  0.602570  0.573587  0.542482  0.739200  0.813131  0.548530  0.671450  0.611932  0.691144  0.697079  0.741220  0.594506  0.613255 
42  0.526023  0.655870  0.456147  0.496355  0.467253  0.445253  0.758849  0.590023  0.480151  0.451695  0.578901  0.479713  0.461112  0.725917  0.452432  0.493713  0.687240  0.515077  0.458931  0.517564  0.475732  0.519321  0.418700  0.349006  0.618018  0.461822  0.587710  0.546462  0.539762  0.606128  0.573444  0.416732  0.740388  0.615659  0.476152  0.430992  0.549827  0.435575  0.336532  0.668691  0.633312  0.612454 0.0  0.565661  0.723463  0.702639  0.555531  0.589178  0.402919  0.486185  0.530593  0.345055  0.759961  0.676108  0.513745  0.563930  0.389420  0.493480  0.389182  0.669894  0.360648  0.525305  0.672816  0.493172  0.375642  0.431964  0.359195  0.573768  0.635642  0.444672  0.678391  0.459126  0.562466  0.617336  0.506114  0.526146  0.406377  0.578801  0.450583  0.455450  0.621523  0.531552  0.493680  0.602001  0.598442  0.515151  0.617842  0.564256  0.516470 
43  0.575057  0.266821  0.557818  0.551228  0.514021  0.875274  0.405415  0.525580  0.767817  0.718212  0.584171  0.523618  0.711271  0.592677  0.552465  0.707855  0.514319  0.619305  0.686600  0.572361  0.650698  0.695088  0.624673  0.697651  0.566793  0.552213  0.534062  0.500592  0.622177  0.568573  0.355045  0.560786  0.679014  0.577926  0.675439  0.783673  0.426222  0.447322  0.694758  0.789358  0.522375  0.553406  0.565661 0.0  0.589836  0.355232  0.485162  0.397988  0.681605  0.605168  0.470197  0.612010  0.494962  0.417187  0.601043  0.347991  0.751033  0.579212  0.639600  0.631897  0.679301  0.461839  0.711070  0.521388  0.656694  0.693091  0.547697  0.522424  0.408923  0.485389  0.525888  0.554841  0.531227  0.412930  0.606102  0.530026  0.584145  0.606320  0.610513  0.639005  0.700918  0.461443  0.615175  0.793864  0.574579  0.576818  0.446221  0.388059  0.657571 
44  0.448284  0.484182  0.657436  0.716823  0.519686  0.716031  0.457076  0.204086  0.663820  0.812205  0.578568  0.698397  0.688890  0.691083  0.618016  0.689479  0.769954  0.565138  0.841701  0.723107  0.691995  0.671247  0.641794  0.664290  0.649591  0.703753  0.718728  0.792295  0.586602  0.531637  0.407040  0.632944  0.712839  0.805519  0.725504  0.841820  0.776766  0.601219  0.774772  0.534991  0.520505  0.468996  0.723463  0.589836 0.0  0.421676  0.589855  0.637734  0.703468  0.738797  0.643575  0.705705  0.267579  0.750778  0.656808  0.448594  0.809324  0.604084  0.765428  0.462715  0.707948  0.520018  0.763973  0.758577  0.752682  0.712062  0.591932  0.586182  0.459595  0.632496  0.776529  0.578580  0.569164  0.668180  0.592413  0.613651  0.679181  0.646033  0.597377  0.707675  0.841611  0.589303  0.749605  0.577243  0.658065  0.719644  0.620034  0.590617  0.566132 
