89
0 0.0  0.571819  0.529303  0.569848  0.582256  0.763499  0.666595  0.493047  0.727240  0.701510  0.574805  0.713180  0.691054  0.736109  0.763452  0.779030  0.766891  0.766101  0.677537  0.830239  0.491521  0.751361  0.780441  0.692241  0.647495  0.733897  0.709085  0.853697  0.590364  0.609015  0.603149  0.712534  0.599490  0.602188  0.677672  0.818422  0.784734  0.441800  0.651866  0.439711  0.602037  0.405615  0.774892  0.685246  0.463911  0.531580  0.506926  0.714798  0.530067  0.714256  0.519848  0.704077  0.551879  0.627815  0.721236  0.524474  0.794017  0.611821  0.607849  0.416020  0.729697  0.632025  0.838153  0.740433  0.804916  0.899650  0.618855  0.612482  0.621168  0.822221  0.714694  0.523458  0.605362  0.754115  0.569552  0.582372  0.643762  0.645218  0.629000  0.610955  0.840102  0.497407  0.649262  0.653286  0.693621  0.773635  0.649891  0.609821  0.658308 
1  0.571819 0.0  0.625037  0.537402  0.492621  0.731502  0.415509  0.424802  0.721082  0.683429  0.642062  0.649512  0.698387  0.668480  0.672966  0.742775  0.629668  0.673258  0.806436  0.696583  0.681179  0.687682  0.689528  0.732754  0.471389  0.582529  0.559272  0.599947  0.547301  0.640044  0.280111  0.711908  0.628911  0.574140  0.734102  0.740737  0.671460  0.614120  0.807238  0.621648  0.442295  0.470695  0.707011  0.294391  0.591464  0.273534  0.445013  0.412830  0.614206  0.641424  0.601244  0.782551  0.487775  0.604990  0.715812  0.274107  0.651507  0.779536  0.630662  0.616897  0.813087  0.513358  0.741604  0.515046  0.721951  0.738221  0.549537  0.609629  0.433773  0.634874  0.699986  0.564110  0.700717  0.486488  0.720630  0.613331  0.568538  0.616277  0.585953  0.760132  0.657538  0.516836  0.531744  0.669372  0.797888  0.621623  0.552162  0.412120  0.521538 
2  0.529303  0.625037 0.0  0.603409  0.653800  0.574358  0.552507  0.528768  0.580499  0.665636  0.694541  0.593937  0.604873  0.740723  0.674208  0.599457  0.715276  0.743037  0.647033  0.647354  0.573727  0.733717  0.711687  0.603793  0.635207  0.693923  0.730152  0.567524  0.550455  0.597311  0.710120  0.698133  0.622979  0.390258  0.756251  0.740135  0.519448  0.532919  0.522992  0.573640  0.612204  0.579300  0.498590  0.613498  0.604590  0.636170  0.621569  0.538574  0.722161  0.648639  0.674009  0.779647  0.527856  0.697019  0.759891  0.598930  0.728743  0.605430  0.518332  0.606783  0.591593  0.615353  0.644408  0.614210  0.655857  0.665479  0.634268  0.562536  0.586153  0.655903  0.548456  0.704004  0.583723  0.702460  0.610812  0.638923  0.544950  0.659338  0.563078  0.728284  0.721575  0.688678  0.482590  0.834900  0.498716  0.688200  0.635227  0.561079  0.598954 
3  0.569848  0.537402  0.603409 0.0  0.556219  0.686385  0.768208  0.677267  0.616190  0.766195  0.667630  0.704488  0.552795  0.722589  0.504539  0.550765  0.814559  0.734182  0.702272  0.568898  0.504490  0.680883  0.575004  0.617342  0.644906  0.685211  0.721957  0.768904  0.638409  0.629664  0.767762  0.587003  0.625707  0.597507  0.434595  0.651732  0.763522  0.514094  0.593437  0.618954  0.679590  0.720541  0.491885  0.567917  0.698681  0.670280  0.534158  0.652058  0.614938  0.612512  0.546373  0.647814  0.651388  0.756949  0.661706  0.649291  0.701654  0.646162  0.663316  0.676833  0.619958  0.513774  0.663009  0.729230  0.631068  0.677919  0.664615  0.516084  0.739853  0.486517  0.754380  0.412958  0.550531  0.481838  0.598123  0.501941  0.653736  0.492183  0.624762  0.696182  0.655933  0.553326  0.621953  0.810142  0.636337  0.785923  0.652344  0.649409  0.616575 
4  0.582256  0.492621  0.653800  0.556219 0.0  0.512909  0.619691  0.548410  0.718074  0.700178  0.615505  0.555298  0.524990  0.775464  0.612045  0.660558  0.602098  0.448571  0.634846  0.632766  0.349900  0.493628  0.547177  0.405230  0.654040  0.499020  0.626595  0.712428  0.580691  0.508858  0.433151  0.507633  0.590521  0.611667  0.557258  0.597502  0.627310  0.519484  0.481989  0.584853  0.660242  0.730802  0.551382  0.621414  0.638489  0.636542  0.387323  0.615823  0.638523  0.619123  0.724147  0.471115  0.383439  0.588408  0.564924  0.395228  0.443889  0.513582  0.488607  0.563517  0.426726  0.700239  0.463086  0.648625  0.393976  0.781657  0.319589  0.455442  0.403311  0.622259  0.686126  0.465566  0.551995  0.522263  0.416796  0.648726  0.703739  0.639009  0.556244  0.672783  0.739157  0.570713  0.559722  0.690350  0.676037  0.572233  0.817500  0.609946  0.637532 
5  0.763499  0.731502  0.574358  0.686385  0.512909 0.0  0.864023  0.866684  0.532491  0.482211  0.650988  0.653280  0.545221  0.630595  0.686730  0.577601  0.659743  0.356919  0.349047  0.507611  0.423037  0.571422  0.319078  0.441770  0.696181  0.692859  0.605167  0.578800  0.682352  0.723189  0.685253  0.344677  0.851265  0.718975  0.457882  0.438669  0.422729  0.736296  0.406513  0.809037  0.912481  0.880349  0.449624  0.694606  0.878982  0.889640  0.712729  0.553265  0.598136  0.566684  0.587970  0.453920  0.854377  0.683767  0.563041  0.781858  0.492579  0.653239  0.490020  0.716071  0.335447  0.736834  0.524944  0.649974  0.244576  0.493595  0.670157  0.705152  0.718619  0.689239  0.674245  0.606898  0.561623  0.634123  0.553816  0.640164  0.620376  0.699799  0.602432  0.366892  0.576479  0.567764  0.646108  0.514505  0.571484  0.523197  0.674705  0.761180  0.546484 
6  0.666595  0.415509  0.552507  0.768208  0.619691  0.864023 0.0  0.538239  0.757169  0.702026  0.500051  0.815492  0.746516  0.552581  0.782586  0.738475  0.435755  0.700656  0.780967  0.783322  0.737929  0.618923  0.621714  0.802086  0.530990  0.597541  0.508162  0.631183  0.640926  0.544871  0.272993  0.828876  0.733822  0.638921  0.812799  0.727675  0.701386  0.644765  0.927879  0.637996  0.502441  0.560963  0.817078  0.455690  0.573463  0.502646  0.617330  0.516875  0.814265  0.767223  0.792438  0.839033  0.612579  0.456499  0.665649  0.410905  0.792960  0.742355  0.681038  0.589075  0.926795  0.556586  0.631495  0.524417  0.775818  0.737265  0.623031  0.661039  0.426318  0.688080  0.576589  0.610499  0.676960  0.507921  0.752735  0.496457  0.739779  0.620004  0.515430  0.837415  0.795804  0.577839  0.655381  0.719114  0.664779  0.658126  0.509039  0.480381  0.612203 
7  0.493047  0.424802  0.528768  0.677267  0.548410  0.866684  0.538239 0.0  0.761395  0.752845  0.596182  0.693008  0.877409  0.838343  0.782912  0.912744  0.881541  0.771040  0.820719  0.812436  0.574848  0.778441  0.724724  0.718953  0.727991  0.707030  0.671619  0.823023  0.589048  0.515587  0.354605  0.730232  0.633519  0.751187  0.826622  1.000000  0.814782  0.645695  0.741484  0.416468  0.589137  0.484536  0.711394  0.627642  0.177039  0.378635  0.594745  0.620099  0.677221  0.798236  0.670333  0.705337  0.319470  0.755849  0.723710  0.446589  0.797063  0.636897  0.726941  0.645249  0.854374  0.599980  0.690282  0.832635  0.677833  0.899683  0.606812  0.484661  0.506129  0.622500  0.725073  0.582755  0.466235  0.612541  0.665294  0.561189  0.602952  0.656077  0.632289  0.747639  0.814332  0.457272  0.711821  0.824571  0.683772  0.709416  0.590552  0.528420  0.603708 
8  0.727240  0.721082  0.580499  0.616190  0.718074  0.532491  0.757169  0.761395 0.0  0.645643  0.626736  0.542103  0.573569  0.735759  0.517446  0.597978  0.728463  0.610902  0.562202  0.579213  0.588227  0.688890  0.640958  0.559639  0.640492  0.585326  0.630330  0.705358  0.657031  0.603251  0.685577  0.630923  0.649104  0.620983  0.594144  0.408922  0.592476  0.443365  0.544492  0.704727  0.774415  0.759596  0.438484  0.825495  0.873889  0.750002  0.740160  0.657012  0.437510  0.522195  0.702421  0.593517  0.701544  0.791453  0.630721  0.559583  0.510559  0.471318  0.388817  0.720806  0.571110  0.478016  0.637733  0.570551  0.502319  0.516963  0.685335  0.571072  0.709108  0.548237  0.605741  0.537286  0.498868  0.794174  0.527872  0.525413  0.520225  0.701130  0.662248  0.471088  0.736308  0.586509  0.686161  0.709937  0.499776  0.541442  0.642498  0.565365  0.652203 
9  0.701510  0.683429  0.665636  0.766195  0.700178  0.482211  0.702026  0.752845  0.645643 0.0  0.485838  0.744936  0.522391  0.691627  0.685686  0.676443  0.774427  0.621368  0.522546  0.715639  0.666043  0.673092  0.641965  0.566316  0.793756  0.597605  0.559269  0.510004  0.625506  0.690063  0.759209  0.522143  0.904555  0.652590  0.685138  0.552922  0.506861  0.641446  0.478203  0.701202  0.901973  0.793935  0.465900  0.677861  0.772936  0.761932  0.692895  0.557327  0.652162  0.677611  0.601922  0.635182  0.778480  0.641434  0.645434  0.654046  0.553443  0.599087  0.612295  0.710816  0.564623  0.646375  0.809609  0.608138  0.377670  0.606867  0.692320  0.671072  0.665214  0.702502  0.674009  0.516707  0.520714  0.644670  0.758750  0.666998  0.700666  0.641835  0.660573  0.562379  0.582557  0.637019  0.509920  0.665773  0.634508  0.705602  0.580535  0.711566  0.597440 
10  0.574805  0.642062  0.694541  0.667630  0.615505  0.650988  0.500051  0.596182  0.626736  0.485838 0.0  0.622041  0.543682  0.631004  0.614915  0.576513  0.607792  0.661538  0.640933  0.575131  0.525755  0.577956  0.551446  0.525961  0.577874  0.561805  0.652958  0.694916  0.658210  0.570465  0.553163  0.704637  0.576322  0.653806  0.482296  0.600060  0.614719  0.700663  0.663428  0.553608  0.415651  0.552680  0.727093  0.642830  0.510298  0.507654  0.522961  0.615804  0.579379  0.490360  0.616412  0.583948  0.594550  0.614510  0.603567  0.634198  0.666227  0.578156  0.672599  0.629978  0.586639  0.638072  0.670808  0.592626  0.510246  0.592184  0.654999  0.660182  0.572488  0.562923  0.674680  0.628216  0.549836  0.577337  0.539945  0.644027  0.582555  0.670382  0.616965  0.656805  0.693500  0.574411  0.554959  0.679659  0.547506  0.627812  0.678851  0.646470  0.568693 
11  0.713180  0.649512  0.593937  0.704488  0.555298  0.653280  0.815492  0.693008  0.542103  0.744936  0.622041 0.0  0.583043  0.674475  0.489390  0.508919  0.629468  0.658997  0.717527  0.444170  0.546336  0.457452  0.624280  0.580445  0.673151  0.379839  0.588884  0.641796  0.489429  0.658998  0.774444  0.551409  0.667668  0.475629  0.643901  0.520770  0.737332  0.569773  0.607756  0.755126  0.638262  0.724174  0.508461  0.709962  0.722156  0.706082  0.581807  0.590573  0.430552  0.467653  0.483994  0.677660  0.701259  0.753012  0.663715  0.553532  0.665824  0.372032  0.411214  0.717012  0.562649  0.467158  0.536742  0.602575  0.763136  0.491976  0.412619  0.552799  0.611620  0.416488  0.694027  0.446543  0.611480  0.687086  0.524119  0.648213  0.517650  0.608657  0.441412  0.555747  0.631876  0.360867  0.663035  0.663319  0.536798  0.464277  0.559869  0.651730  0.644904 
12  0.691054  0.698387  0.604873  0.552795  0.524990  0.545221  0.746516  0.877409  0.573569  0.522391  0.543682  0.583043 0.0  0.743214  0.588014  0.475528  0.842708  0.679528  0.642863  0.642065  0.663123  0.688082  0.573597  0.380360  0.827096  0.495073  0.581329  0.702021  0.591775  0.706992  0.625005  0.619000  0.677434  0.557879  0.642439  0.612585  0.523316  0.635451  0.483363  0.757479  0.589598  0.867496  0.435642  0.712950  0.710135  0.564343  0.477770  0.585064  0.560911  0.633047  0.594480  0.516203  0.712033  0.610726  0.665150  0.576631  0.506759  0.571775  0.467664  0.609856  0.416621  0.570981  0.807733  0.578357  0.532199  0.601104  0.616884  0.597610  0.530536  0.693405  0.724723  0.598789  0.590652  0.727541  0.668426  0.616450  0.586640  0.570316  0.551711  0.656570  0.480504  0.581658  0.575800  0.641774  0.727525  0.627777  0.767191  0.708567  0.722877 
13  0.736109  0.668480  0.740723  0.722589  0.775464  0.630595  0.552581  0.838343  0.735759  0.691627  0.631004  0.674475  0.743214 0.0  0.582406  0.647273  0.474170  0.655160  0.693900  0.591668  0.809693  0.663538  0.717467  0.689362  0.503978  0.664836  0.539663  0.546023  0.660891  0.675307  0.533100  0.687068  0.620973  0.766525  0.714253  0.613435  0.504525  0.699762  0.727627  0.731325  0.790171  0.734354  0.678725  0.627674  0.758828  0.643016  0.629124  0.655709  0.618634  0.705242  0.561837  0.686454  0.798066  0.418660  0.673614  0.657828  0.781881  0.663354  0.675343  0.764223  0.778769  0.736865  0.650328  0.499111  0.691276  0.658831  0.750120  0.577144  0.631037  0.713320  0.412092  0.670654  0.605358  0.683025  0.695345  0.789275  0.647716  0.648872  0.649163  0.633111  0.568051  0.703937  0.721564  0.464790  0.656236  0.629153  0.445505  0.580276  0.570677 
14  0.763452  0.672966  0.674208  0.504539  0.612045  0.686730  0.782586  0.782912  0.517446  0.685686  0.614915  0.489390  0.588014  0.582406 0.0  0.782194  0.793317  0.618413  0.674800  0.470767  0.574478  0.462866  0.649759  0.612293  0.654869  0.377001  0.717177  0.600993  0.618528  0.475025  0.613341  0.514837  0.727236  0.490174  0.609196  0.447597  0.632538  0.576572  0.475446  0.798554  0.758481  0.786502  0.544920  0.655620  0.555259  0.600195  0.622705  0.716974  0.352934  0.377041  0.547761  0.565672  0.578699  0.620606  0.633721  0.559204  0.602875  0.360984  0.415667  0.685528  0.543946  0.642195  0.528424  0.603192  0.622059  0.551997  0.491394  0.671106  0.711153  0.513419  0.631630  0.303574  0.682773  0.564598  0.650815  0.717205  0.441440  0.566561  0.463895  0.304719  0.649180  0.471356  0.901351  0.750421  0.424875  0.437729  0.553239  0.596213  0.579921 
15  0.779030  0.742775  0.599457  0.550765  0.660558  0.577601  0.738475  0.912744  0.597978  0.676443  0.576513  0.508919  0.475528  0.647273  0.782194 0.0  0.753225  0.523444  0.760802  0.696012  0.690153  0.659379  0.689640  0.571474  0.760830  0.711072  0.557235  0.690112  0.671173  0.571128  0.742931  0.693654  0.647590  0.706316  0.478244  0.519728  0.568298  0.641494  0.673276  0.733023  0.715298  0.797065  0.464608  0.701297  0.752609  0.742680  0.522167  0.681379  0.707405  0.611841  0.700303  0.543674  0.815696  0.732808  0.651090  0.672311  0.518235  0.728829  0.629539  0.621132  0.610336  0.621945  0.750876  0.709318  0.592549  0.586359  0.566272  0.631970  0.725153  0.621334  0.757961  0.656648  0.670024  0.694953  0.749273  0.667898  0.654142  0.652566  0.668084  0.566988  0.518283  0.688008  0.707785  0.618476  0.654068  0.680660  0.725468  0.683649  0.628878 
16  0.766891  0.629668  0.715276  0.814559  0.602098  0.659743  0.435755  0.881541  0.728463  0.774427  0.607792  0.629468  0.842708  0.474170  0.793317  0.753225 0.0  0.574284  0.719933  0.486267  0.770184  0.595381  0.696924  0.686685  0.560029  0.658241  0.406347  0.541696  0.600746  0.735794  0.529152  0.715990  0.735082  0.708500  0.824099  0.775053  0.420233  0.806255  0.681459  0.768647  0.785978  0.589512  0.742124  0.621876  0.811458  0.685717  0.618163  0.660270  0.709683  0.578838  0.679981  0.801620  0.766330  0.294870  0.620854  0.592596  0.777524  0.560392  0.745692  0.736747  0.684640  0.730603  0.601834  0.536753  0.655526  0.647833  0.688260  0.622806  0.533195  0.674871  0.469899  0.651821  0.641645  0.589539  0.817041  0.665806  0.763202  0.629419  0.633409  0.680950  0.528425  0.715407  0.661978  0.629758  0.697511  0.585125  0.565202  0.668628  0.687331 
17  0.766101  0.673258  0.743037  0.734182  0.448571  0.356919  0.700656  0.771040  0.610902  0.621368  0.661538  0.658997  0.679528  0.655160  0.618413  0.523444  0.574284 0.0  0.457888  0.582596  0.551533  0.502062  0.470420  0.528729  0.755115  0.550825  0.576436  0.613251  0.639200  0.638492  0.661534  0.608435  0.838296  0.657375  0.558957  0.542859  0.554341  0.688899  0.438675  0.695814  0.717507  0.728834  0.525444  0.691391  0.639123  0.850471  0.677374  0.713028  0.635602  0.481650  0.677874  0.360525  0.796273  0.593484  0.515299  0.734604  0.369670  0.600361  0.670305  0.747169  0.630645  0.695113  0.634294  0.701119  0.571164  0.526451  0.574760  0.678749  0.723650  0.690200  0.592708  0.615915  0.552707  0.689490  0.550568  0.696278  0.658125  0.670918  0.666440  0.499025  0.417474  0.740505  0.734800  0.526815  0.771409  0.609968  0.645753  0.705156  0.583880 
18  0.677537  0.806436  0.647033  0.702272  0.634846  0.349047  0.780967  0.820719  0.562202  0.522546  0.640933  0.717527  0.642863  0.693900  0.674800  0.760802  0.719933  0.457888 0.0  0.503939  0.494625  0.602002  0.343735  0.536890  0.665316  0.603916  0.660987  0.644282  0.691720  0.688954  0.832009  0.596828  0.851151  0.710634  0.460370  0.443154  0.578672  0.626552  0.467032  0.725951  0.908172  0.734586  0.512491  0.717151  0.815892  0.888128  0.693306  0.777478  0.565372  0.612581  0.627862  0.507336  0.843022  0.753197  0.683062  0.717394  0.360758  0.670606  0.650994  0.686537  0.495989  0.735588  0.581710  0.624250  0.371910  0.597481  0.640342  0.633602  0.850956  0.639499  0.853860  0.710038  0.639469  0.749702  0.567254  0.765981  0.580096  0.765408  0.695069  0.520344  0.718136  0.703991  0.829503  0.689271  0.550578  0.689112  0.562439  0.772824  0.573689 
19  0.830239  0.696583  0.647354  0.568898  0.632766  0.507611  0.783322  0.812436  0.579213  0.715639  0.575131  0.444170  0.642065  0.591668  0.470767  0.696012  0.486267  0.582596  0.503939 0.0  0.532959  0.436172  0.533509  0.722055  0.772248  0.350091  0.513743  0.541576  0.510208  0.583470  0.601775  0.698232  0.737789  0.566986  0.495066  0.363476  0.472894  0.563822  0.466422  0.870930  0.819057  0.804305  0.494321  0.668356  0.859899  0.779090  0.725876  0.717135  0.483776  0.418258  0.578767  0.599413  0.791411  0.531899  0.560262  0.606579  0.556805  0.306207  0.514432  0.730372  0.471062  0.665692  0.445710  0.512004  0.477440  0.353973  0.420782  0.687433  0.667148  0.655332  0.600093  0.490736  0.639267  0.546741  0.631733  0.692051  0.517479  0.506111  0.463968  0.422772  0.666179  0.515901  0.801109  0.567782  0.440480  0.419126  0.633196  0.696234  0.623859 
20  0.491521  0.681179  0.573727  0.504490  0.349900  0.423037  0.737929  0.574848  0.588227  0.666043  0.525755  0.546336  0.663123  0.809693  0.574478  0.690153  0.770184  0.551533  0.494625  0.532959 0.0  0.689660  0.387463  0.301099  0.603528  0.511941  0.624399  0.545722  0.632832  0.497789  0.737997  0.450707  0.690294  0.558503  0.577620  0.502979  0.600944  0.538942  0.450485  0.623818  0.664395  0.645926  0.515402  0.681675  0.779540  0.820406  0.733066  0.648395  0.452942  0.559171  0.731071  0.488383  0.544660  0.686106  0.741457  0.598886  0.436011  0.552292  0.499222  0.520063  0.418844  0.582919  0.712475  0.699736  0.449816  0.637321  0.540568  0.609617  0.510557  0.595809  0.754266  0.441611  0.651700  0.615401  0.310581  0.573417  0.571281  0.629324  0.562689  0.626427  0.655251  0.553355  0.560090  0.668292  0.626553  0.495884  0.677451  0.551154  0.653379 
21  0.751361  0.687682  0.733717  0.680883  0.493628  0.571422  0.618923  0.778441  0.688890  0.673092  0.577956  0.457452  0.688082  0.663538  0.462866  0.659379  0.595381  0.502062  0.602002  0.436172  0.689660 0.0  0.702511  0.635881  0.631335  0.384677  0.630827  0.669683  0.654079  0.626116  0.740090  0.715380  0.876260  0.656853  0.648221  0.429233  0.576926  0.532598  0.715767  0.746074  0.779109  0.816174  0.629374  0.612756  0.656166  0.611477  0.533173  0.797671  0.515805  0.410251  0.629483  0.584713  0.729242  0.598587  0.535227  0.567232  0.631848  0.483742  0.652501  0.716447  0.616546  0.672343  0.379095  0.673552  0.669239  0.509265  0.439597  0.660147  0.652102  0.584157  0.467386  0.372360  0.688156  0.535169  0.640315  0.652468  0.506015  0.605568  0.652899  0.335341  0.711861  0.530486  0.795243  0.671397  0.512575  0.280350  0.633342  0.696097  0.601178 
22  0.780441  0.689528  0.711687  0.575004  0.547177  0.319078  0.621714  0.724724  0.640958  0.641965  0.551446  0.624280  0.573597  0.717467  0.649759  0.689640  0.696924  0.470420  0.343735  0.533509  0.387463  0.702511 0.0  0.348565  0.808392  0.500706  0.657361  0.714799  0.572479  0.805893  0.694214  0.370063  0.817638  0.653888  0.567312  0.471665  0.543702  0.566352  0.395016  0.737561  0.850430  0.701797  0.385528  0.645958  0.736128  0.729338  0.626644  0.654232  0.608927  0.541158  0.564225  0.319447  0.693164  0.626094  0.564490  0.688803  0.455201  0.548988  0.505675  0.760566  0.442726  0.640072  0.713945  0.564466  0.176855  0.571590  0.558770  0.631182  0.634344  0.681707  0.600001  0.624939  0.570256  0.594289  0.467616  0.605819  0.654541  0.603447  0.573156  0.502774  0.664614  0.659184  0.642621  0.531724  0.713223  0.721637  0.754458  0.766812  0.619804 
23  0.692241  0.732754  0.603793  0.617342  0.405230  0.441770  0.802086  0.718953  0.559639  0.566316  0.525961  0.580445  0.380360  0.689362  0.612293  0.571474  0.686685  0.528729  0.536890  0.722055  0.301099  0.635881  0.348565 0.0  0.746384  0.456420  0.626296  0.569803  0.530574  0.608005  0.531084  0.450344  0.891074  0.522050  0.624302  0.559290  0.652531  0.520812  0.381951  0.814545  0.733091  0.745102  0.455920  0.718464  0.780561  0.688896  0.592447  0.544370  0.516331  0.649035  0.551353  0.350568  0.634630  0.668071  0.658473  0.613142  0.370298  0.562577  0.449617  0.520555  0.409863  0.631180  0.670097  0.575655  0.262503  0.618374  0.463825  0.475845  0.583254  0.552028  0.745481  0.567323  0.583221  0.612492  0.422282  0.553925  0.700419  0.479655  0.518745  0.681059  0.451693  0.594628  0.524622  0.696347  0.542845  0.608443  0.741344  0.633973  0.601022 
24  0.647495  0.471389  0.635207  0.644906  0.654040  0.696181  0.530990  0.727991  0.640492  0.793756  0.577874  0.673151  0.827096  0.503978  0.654869  0.760830  0.560029  0.755115  0.665316  0.772248  0.603528  0.631335  0.808392  0.746384 0.0  0.689061  0.614637  0.592621  0.577702  0.574105  0.472432  0.716108  0.662246  0.653853  0.716733  0.781078  0.642508  0.525021  0.783707  0.656776  0.547305  0.686849  0.615835  0.614731  0.703536  0.437228  0.571647  0.475254  0.630058  0.576497  0.763234  0.762708  0.575683  0.462829  0.684064  0.475204  0.700916  0.620127  0.603611  0.591766  0.765935  0.632445  0.688331  0.639853  0.763454  0.611930  0.643576  0.645046  0.484566  0.537305  0.487892  0.667389  0.656860  0.597978  0.517337  0.698972  0.571492  0.540612  0.581016  0.633751  0.643822  0.498249  0.724750  0.624630  0.645862  0.667525  0.530084  0.475333  0.594559 
25  0.733897  0.582529  0.693923  0.685211  0.499020  0.692859  0.597541  0.707030  0.585326  0.597605  0.561805  0.379839  0.495073  0.664836  0.377001  0.711072  0.658241  0.550825  0.603916  0.350091  0.511941  0.384677  0.500706  0.456420  0.689061 0.0  0.607597  0.554583  0.592293  0.598126  0.501525  0.635980  0.749100  0.403865  0.523864  0.397741  0.628713  0.520107  0.586785  0.694851  0.640113  0.752803  0.575907  0.510237  0.671735  0.611279  0.478228  0.772938  0.516125  0.351646  0.696146  0.491351  0.607720  0.505652  0.585908  0.422763  0.501181  0.298413  0.487031  0.622122  0.494867  0.735152  0.547414  0.629403  0.499944  0.492825  0.425136  0.525612  0.456672  0.510782  0.647406  0.354278  0.539882  0.338754  0.531085  0.617511  0.544949  0.351468  0.621311  0.470903  0.724202  0.483837  0.614605  0.652273  0.426686  0.390185  0.581868  0.559383  0.590418 
26  0.709085  0.559272  0.730152  0.721957  0.626595  0.605167  0.508162  0.671619  0.630330  0.559269  0.652958  0.588884  0.581329  0.539663  0.717177  0.557235  0.406347  0.576436  0.660987  0.513743  0.624399  0.630827  0.657361  0.626296  0.614637  0.607597 0.0  0.469148  0.562714  0.665078  0.547518  0.683106  0.725711  0.781196  0.478686  0.540491  0.516519  0.740141  0.634896  0.797577  0.657960  0.728874  0.679012  0.588303  0.679561  0.678140  0.718690  0.511314  0.617424  0.646563  0.688780  0.603057  0.728600  0.468139  0.589597  0.580151  0.604145  0.656444  0.715118  0.801769  0.644291  0.623226  0.518075  0.556366  0.602174  0.546268  0.596048  0.656410  0.398833  0.640666  0.564787  0.595632  0.647561  0.591537  0.767492  0.789250  0.528188  0.637518  0.554604  0.540218  0.519027  0.694488  0.660036  0.637859  0.693767  0.535669  0.552524  0.556932  0.597349 
27  0.853697  0.599947  0.567524  0.768904  0.712428  0.578800  0.631183  0.823023  0.705358  0.510004  0.694916  0.641796  0.702021  0.546023  0.600993  0.690112  0.541696  0.613251  0.644282  0.541576  0.545722  0.669683  0.714799  0.569803  0.592621  0.554583  0.469148 0.0  0.597988  0.639046  0.563342  0.694975  0.980818  0.632009  0.629204  0.465447  0.428630  0.658642  0.802389  0.823402  0.800395  0.889437  0.660998  0.638624  0.891926  0.720703  0.815021  0.562781  0.670333  0.734178  0.643768  0.692244  0.767909  0.466433  0.610535  0.574583  0.532189  0.607168  0.657009  0.748484  0.500945  0.711627  0.628317  0.465069  0.670507  0.741064  0.705231  0.706349  0.423408  0.777758  0.538922  0.765406  0.555626  0.362257  0.853301  0.628309  0.660606  0.517736  0.412230  0.595678  0.580052  0.787592  0.492203  0.588303  0.710482  0.610671  0.477323  0.593030  0.653324 
28  0.590364  0.547301  0.550455  0.638409  0.580691  0.682352  0.640926  0.589048  0.657031  0.625506  0.658210  0.489429  0.591775  0.660891  0.618528  0.671173  0.600746  0.639200  0.691720  0.510208  0.632832  0.654079  0.572479  0.530574  0.577702  0.592293  0.562714  0.597988 0.0  0.529557  0.558321  0.560665  0.637418  0.590992  0.689524  0.627753  0.680041  0.605319  0.533236  0.597287  0.570518  0.573701  0.552219  0.611093  0.715678  0.519464  0.494902  0.486374  0.512047  0.706838  0.646617  0.625295  0.580888  0.680456  0.689379  0.517769  0.561624  0.587303  0.611060  0.492376  0.791542  0.701233  0.629041  0.524160  0.552608  0.662992  0.641843  0.611507  0.581790  0.550840  0.646502  0.575046  0.492098  0.645195  0.590618  0.596986  0.481515  0.579014  0.573959  0.674441  0.694628  0.599218  0.584628  0.697851  0.576292  0.676638  0.509588  0.667012  0.606883 
29  0.609015  0.640044  0.597311  0.629664  0.508858  0.723189  0.544871  0.515587  0.603251  0.690063  0.570465  0.658998  0.706992  0.675307  0.475025  0.571128  0.735794  0.638492  0.688954  0.583470  0.497789  0.626116  0.805893  0.608005  0.574105  0.598126  0.665078  0.639046  0.529557 0.0  0.538198  0.720139  0.617113  0.674150  0.587038  0.706145  0.656191  0.568990  0.634913  0.561571  0.592901  0.659052  0.494913  0.561976  0.543840  0.509904  0.514408  0.510987  0.660227  0.629896  0.610090  0.697039  0.545322  0.594813  0.721564  0.532638  0.576286  0.616574  0.680974  0.612528  0.627756  0.691055  0.491962  0.639334  0.612971  0.601647  0.602150  0.581420  0.575995  0.575512  0.611991  0.548146  0.563690  0.649768  0.624877  0.542487  0.634226  0.654516  0.677550  0.663961  0.773995  0.642084  0.465137  0.710288  0.535523  0.742023  0.522000  0.615390  0.624337 
30  0.603149  0.280111  0.710120  0.767762  0.433151  0.685253  0.272993  0.354605  0.685577  0.759209  0.553163  0.774444  0.625005  0.533100  0.613341  0.742931  0.529152  0.661534  0.832009  0.601775  0.737997  0.740090  0.694214  0.531084  0.472432  0.501525  0.547518  0.563342  0.558321  0.538198 0.0  0.719105  0.681880  0.643683  0.679427  0.847063  0.613799  0.650046  0.756293  0.693494  0.626024  0.415138  0.747465  0.410144  0.481926  0.275197  0.530551  0.464921  0.631652  0.763567  0.661283  0.715476  0.572489  0.463847  0.705711  0.243154  0.722144  0.531265  0.675856  0.683968  0.654838  0.591647  0.651928  0.404386  0.760860  0.749368  0.442618  0.572331  0.243860  0.625118  0.441029  0.426689  0.566639  0.498972  0.677677  0.573358  0.728701  0.513604  0.622304  0.727970  0.688015  0.450665  0.588579  0.609095  0.745060  0.543478  0.584583  0.448807  0.731813 
31  0.712534  0.711908  0.698133  0.587003  0.507633  0.344677  0.828876  0.730232  0.630923  0.522143  0.704637  0.551409  0.619000  0.687068  0.514837  0.693654  0.715990  0.608435  0.596828  0.698232  0.450707  0.715380  0.370063  0.450344  0.716108  0.635980  0.683106  0.694975  0.560665  0.720139  0.719105 0.0  0.771839  0.682992  0.521635  0.562958  0.709048  0.714233  0.500200  0.689512  0.790342  0.817208  0.408527  0.711132  0.657320  0.681807  0.574435  0.780130  0.517609  0.659431  0.517767  0.274446  0.751836  0.604882  0.572238  0.664751  0.382643  0.575287  0.735449  0.706665  0.334238  0.579283  0.617637  0.713352  0.340192  0.624296  0.535287  0.658071  0.660351  0.533285  0.809495  0.461695  0.521209  0.519988  0.425140  0.673331  0.768809  0.701942  0.566653  0.522058  0.679205  0.669524  0.700772  0.720626  0.635103  0.714529  0.515837  0.700307  0.614277 
32  0.599490  0.628911  0.622979  0.625707  0.590521  0.851265  0.733822  0.633519  0.649104  0.904555  0.576322  0.667668  0.677434  0.620973  0.727236  0.647590  0.735082  0.838296  0.851151  0.737789  0.690294  0.876260  0.817638  0.891074  0.662246  0.749100  0.725711  0.980818  0.637418  0.617113  0.681880  0.771839 0.0  0.578348  0.780427  0.959306  0.785336  0.611146  0.763809  0.446182  0.278685  0.443213  0.744957  0.636388  0.698881  0.657636  0.518324  0.591674  0.748799  0.781154  0.671782  0.978266  0.709287  0.763801  0.719637  0.752455  0.777400  0.720035  0.621166  0.678625  0.776477  0.528113  0.738192  0.581914  0.880638  0.801144  0.658014  0.546020  0.721800  0.660263  0.723901  0.538469  0.711662  0.795055  0.708725  0.509005  0.637864  0.761461  0.725204  0.736180  0.779779  0.608719  0.704730  0.742144  0.578013  0.765484  0.794702  0.631606  0.511900 
33  0.602188  0.574140  0.390258  0.597507  0.611667  0.718975  0.638921  0.751187  0.620983  0.652590  0.653806  0.475629  0.557879  0.766525  0.490174  0.706316  0.708500  0.657375  0.710634  0.566986  0.558503  0.656853  0.653888  0.522050  0.653853  0.403865  0.781196  0.632009  0.590992  0.674150  0.643683  0.682992  0.578348 0.0  0.654172  0.458486  0.706519  0.487541  0.534456  0.658256  0.691289  0.651418  0.593165  0.626399  0.806365  0.733125  0.746999  0.633725  0.347394  0.451587  0.537449  0.685322  0.663970  0.781748  0.785390  0.694424  0.532709  0.517728  0.417611  0.662949  0.689999  0.613427  0.514900  0.589597  0.653535  0.642242  0.512151  0.605993  0.581459  0.504136  0.766063  0.424642  0.663804  0.621520  0.640015  0.534761  0.477785  0.565797  0.656248  0.579214  0.744199  0.429741  0.616787  0.610390  0.444109  0.479044  0.575809  0.613639  0.663649 
34  0.677672  0.734102  0.756251  0.434595  0.557258  0.457882  0.812799  0.826622  0.594144  0.685138  0.482296  0.643901  0.642439  0.714253  0.609196  0.478244  0.824099  0.558957  0.460370  0.495066  0.577620  0.648221  0.567312  0.624302  0.716733  0.523864  0.478686  0.629204  0.689524  0.587038  0.679427  0.521635  0.780427  0.654172 0.0  0.414772  0.562655  0.709203  0.525108  0.803289  0.818554  0.809830  0.443564  0.677076  0.806195  0.796706  0.620650  0.671187  0.711769  0.548937  0.709370  0.524297  0.748579  0.466256  0.539227  0.553008  0.625400  0.429648  0.726532  0.741319  0.541699  0.792079  0.574199  0.710515  0.491813  0.595150  0.557108  0.655872  0.606857  0.535645  0.646960  0.572877  0.670897  0.479846  0.598681  0.617652  0.708438  0.423192  0.637926  0.498870  0.628167  0.766863  0.671364  0.607865  0.708160  0.684382  0.582072  0.719522  0.588356 
35  0.818422  0.740737  0.740135  0.651732  0.597502  0.438669  0.727675  1.000000  0.408922  0.552922  0.600060  0.520770  0.612585  0.613435  0.447597  0.519728  0.775053  0.542859  0.443154  0.363476  0.502979  0.429233  0.471665  0.559290  0.781078  0.397741  0.540491  0.465447  0.627753  0.706145  0.847063  0.562958  0.959306  0.458486  0.414772 0.0  0.454682  0.618222  0.511137  0.836504  0.939226  0.935292  0.346621  0.670035  0.923612  0.790407  0.747685  0.598497  0.421031  0.351129  0.539965  0.425592  0.977408  0.666452  0.540742  0.715582  0.545287  0.470330  0.398644  0.799466  0.459766  0.703129  0.552216  0.564073  0.504918  0.252008  0.616851  0.668626  0.702633  0.415276  0.632461  0.477466  0.612070  0.756893  0.685832  0.709990  0.557539  0.638404  0.552622  0.273286  0.557404  0.485106  0.664608  0.512526  0.489638  0.456269  0.573170  0.824530  0.672155 
36  0.784734  0.671460  0.519448  0.763522  0.627310  0.422729  0.701386  0.814782  0.592476  0.506861  0.614719  0.737332  0.523316  0.504525  0.632538  0.568298  0.420233  0.554341  0.578672  0.472894  0.600944  0.576926  0.543702  0.652531  0.642508  0.628713  0.516519  0.428630  0.680041  0.656191  0.613799  0.709048  0.785336  0.706519  0.562655  0.454682 0.0  0.640089  0.584808  0.825698  0.763499  0.951012  0.578820  0.565627  0.771626  0.704684  0.812762  0.395972  0.581261  0.482676  0.606378  0.615463  0.708185  0.459809  0.473332  0.528552  0.580645  0.552639  0.611701  0.662319  0.541279  0.545339  0.620110  0.473147  0.532008  0.466357  0.707027  0.680294  0.510340  0.688435  0.587930  0.615072  0.522878  0.389683  0.848302  0.724985  0.814248  0.736585  0.452858  0.515045  0.551693  0.718725  0.554845  0.546529  0.670915  0.570723  0.529775  0.625997  0.624858 
37  0.441800  0.614120  0.532919  0.514094  0.519484  0.736296  0.644765  0.645695  0.443365  0.641446  0.700663  0.569773  0.635451  0.699762  0.576572  0.641494  0.806255  0.688899  0.626552  0.563822  0.538942  0.532598  0.566352  0.520812  0.525021  0.520107  0.740141  0.658642  0.605319  0.568990  0.650046  0.714233  0.611146  0.487541  0.709203  0.618222  0.640089 0.0  0.553724  0.586168  0.673306  0.572769  0.482305  0.522160  0.715851  0.581979  0.598921  0.475393  0.319096  0.544107  0.636592  0.663276  0.632003  0.740206  0.813476  0.623091  0.604897  0.589046  0.346580  0.703044  0.574430  0.566211  0.625623  0.627826  0.667491  0.402607  0.581099  0.599398  0.603382  0.499163  0.791553  0.452937  0.635900  0.725871  0.569529  0.531092  0.482166  0.668655  0.700109  0.464412  0.809721  0.368066  0.539360  0.609418  0.485154  0.429761  0.544846  0.561505  0.623189 
38  0.651866  0.807238  0.522992  0.593437  0.481989  0.406513  0.927879  0.741484  0.544492  0.478203  0.663428  0.607756  0.483363  0.727627  0.475446  0.673276  0.681459  0.438675  0.467032  0.466422  0.450485  0.715767  0.395016  0.381951  0.783707  0.586785  0.634896  0.802389  0.533236  0.634913  0.756293  0.500200  0.763809  0.534456  0.525108  0.511137  0.584808  0.553724 0.0  0.568224  0.756369  0.797034  0.449091  0.662446  0.826925  0.756719  0.632263  0.634375  0.577465  0.624804  0.558177  0.371458  0.688400  0.755593  0.739945  0.644790  0.360808  0.483404  0.466321  0.806625  0.244362  0.543077  0.732236  0.647585  0.272098  0.499845  0.552462  0.680880  0.661347  0.492796  0.753613  0.621574  0.499562  0.754311  0.400274  0.584097  0.583374  0.760006  0.583030  0.515173  0.742397  0.635420  0.452846  0.546844  0.557538  0.654137  0.660453  0.758102  0.650905 
39  0.439711  0.621648  0.573640  0.618954  0.584853  0.809037  0.637996  0.416468  0.704727  0.701202  0.553608  0.755126  0.757479  0.731325  0.798554  0.733023  0.768647  0.695814  0.725951  0.870930  0.623818  0.746074  0.737561  0.814545  0.656776  0.694851  0.797577  0.823402  0.597287  0.561571  0.693494  0.689512  0.446182  0.658256  0.803289  0.836504  0.825698  0.586168  0.568224 0.0  0.446010  0.402378  0.764919  0.620605  0.577127  0.620133  0.658779  0.645080  0.644007  0.731160  0.556281  0.819084  0.523970  0.695306  0.681339  0.639849  0.765133  0.529523  0.709629  0.512959  0.803254  0.584807  0.648398  0.700100  0.721359  0.685966  0.743998  0.483894  0.701276  0.588932  0.771227  0.519493  0.603410  0.789081  0.734745  0.544791  0.739752  0.786496  0.605342  0.732479  0.779390  0.573995  0.654001  0.724306  0.700268  0.876293  0.706946  0.659875  0.634553 
40  0.602037  0.442295  0.612204  0.679590  0.660242  0.912481  0.502441  0.589137  0.774415  0.901973  0.415651  0.638262  0.589598  0.790171  0.758481  0.715298  0.785978  0.717507  0.908172  0.819057  0.664395  0.779109  0.850430  0.733091  0.547305  0.640113  0.657960  0.800395  0.570518  0.592901  0.626024  0.790342  0.278685  0.691289  0.818554  0.939226  0.763499  0.673306  0.756369  0.446010 0.0  0.340958  0.836586  0.642474  0.498197  0.525289  0.471230  0.580159  0.710522  0.850778  0.605480  0.811324  0.496062  0.563823  0.705547  0.470905  0.816362  0.745952  0.689480  0.494408  0.888645  0.514845  0.810208  0.583673  0.896504  0.721141  0.720630  0.523734  0.590388  0.716076  0.757111  0.720001  0.571395  0.611008  0.701044  0.535298  0.638511  0.765287  0.659564  0.786370  0.612409  0.634099  0.618586  0.788287  0.683709  0.751466  0.591790  0.593975  0.602699 
41  0.405615  0.470695  0.579300  0.720541  0.730802  0.880349  0.560963  0.484536  0.759596  0.793935  0.552680  0.724174  0.867496  0.734354  0.786502  0.797065  0.589512  0.728834  0.734586  0.804305  0.645926  0.816174  0.701797  0.745102  0.686849  0.752803  0.728874  0.889437  0.573701  0.659052  0.415138  0.817208  0.443213  0.651418  0.809830  0.935292  0.951012  0.572769  0.797034  0.402378  0.340958 0.0  0.757880  0.589815  0.551227  0.502589  0.520671  0.771732  0.693317  0.858185  0.537764  0.848568  0.556146  0.715920  0.664404  0.677231  0.853881  0.754222  0.676247  0.501858  0.813261  0.606556  0.739651  0.659300  0.731962  0.810691  0.778425  0.554554  0.535757  0.710155  0.731776  0.587069  0.611259  0.783838  0.641968  0.592154  0.705998  0.736504  0.571115  0.948574  0.795187  0.636480  0.629179  0.691737  0.691675  0.810142  0.580488  0.553028  0.561467 
42  0.774892  0.707011  0.498590  0.491885  0.551382  0.449624  0.817078  0.711394  0.438484  0.465900  0.727093  0.508461  0.435642  0.678725  0.544920  0.464608  0.742124  0.525444  0.512491  0.494321  0.515402  0.629374  0.385528  0.455920  0.615835  0.575907  0.679012  0.660998  0.552219  0.494913  0.747465  0.408527  0.744957  0.593165  0.443564  0.346621  0.578820  0.482305  0.449091  0.764919  0.836586  0.757880 0.0  0.745609  0.750387  0.668296  0.565008  0.580161  0.420256  0.329250  0.498045  0.451724  0.754180  0.735796  0.611643  0.548589  0.458129  0.581314  0.590946  0.712343  0.299147  0.623776  0.555103  0.596669  0.336869  0.489799  0.419756  0.570150  0.684087  0.475364  0.707964  0.508357  0.551141  0.675567  0.501066  0.480329  0.531369  0.487431  0.581052  0.467680  0.568958  0.606028  0.616486  0.506175  0.539099  0.632609  0.675591  0.603455  0.757557 
43  0.685246  0.294391  0.613498  0.567917  0.621414  0.694606  0.455690  0.627642  0.825495  0.677861  0.642830  0.709962  0.712950  0.627674  0.655620  0.701297  0.621876  0.691391  0.717151  0.668356  0.681675  0.612756  0.645958  0.718464  0.614731  0.510237  0.588303  0.638624  0.611093  0.561976  0.410144  0.711132  0.636388  0.626399  0.677076  0.670035  0.565627  0.522160  0.662446  0.620605  0.642474  0.589815  0.745609 0.0  0.665408  0.432363  0.593116  0.422977  0.578280  0.658075  0.577225  0.735490  0.746037  0.439830  0.696659  0.281670  0.606110  0.448833  0.742663  0.665760  0.620272  0.673135  0.646846  0.664306  0.690899  0.774012  0.497369  0.635857  0.328682  0.543510  0.533291  0.645105  0.603215  0.435709  0.711179  0.542459  0.694484  0.591042  0.537314  0.711534  0.650036  0.546687  0.601993  0.689192  0.629990  0.611717  0.468150  0.382672  0.578901 
44  0.463911  0.591464  0.604590  0.698681  0.638489  0.878982  0.573463  0.177039  0.873889  0.772936  0.510298  0.722156  0.710135  0.758828  0.555259  0.752609  0.811458  0.639123  0.815892  0.859899  0.779540  0.656166  0.736128  0.780561  0.703536  0.671735  0.679561  0.891926  0.715678  0.543840  0.481926  0.657320  0.698881  0.806365  0.806195  0.923612  0.771626  0.715851  0.826925  0.577127  0.498197  0.551227  0.750387  0.665408 0.0  0.448665  0.478144  0.607622  0.821347  0.793489  0.696574  0.618270  0.243890  0.653965  0.808759  0.465091  0.717789  0.708050  0.809646  0.597666  0.791771  0.631364  0.809188  0.768932  0.639402  0.936312  0.684110  0.620948  0.518992  0.848880  0.682681  0.633248  0.793346  0.753889  0.653207  0.657312  0.693419  0.744834  0.679421  0.597334  0.843117  0.579007  0.692978  0.705553  0.747543  0.808341  0.685135  0.627520  0.674711 
