89
0 0.0  0.590326  0.677589  0.795224  0.615188  0.783847  0.785530  0.372260  0.744096  0.754888  0.622287  0.805129  0.697482  0.731201  0.742249  0.848537  0.878460  0.781623  0.774035  0.813527  0.577239  0.773766  0.695327  0.706324  0.675783  0.734649  0.826031  0.890014  0.589187  0.677043  0.545377  0.717118  0.530725  0.740216  0.796906  0.784983  0.815644  0.594578  0.671725  0.425743  0.601074  0.424605  0.620898  0.662611  0.463932  0.579959  0.456375  0.708766  0.566823  0.762292  0.662138  0.716880  0.355501  0.780031  0.876497  0.706381  0.550099  0.614284  0.559989  0.519856  0.664630  0.467879  0.803266  0.718236  0.743460  0.827216  0.575532  0.573245  0.674087  0.706821  0.601610  0.550290  0.578834  0.750557  0.666665  0.615119  0.688001  0.593459  0.696212  0.760298  0.717497  0.614330  0.691876  0.832518  0.801950  0.812373  0.706074  0.630401  0.680737 
1  0.590326 0.0  0.565588  0.549851  0.472900  0.866038  0.454452  0.602957  0.679937  0.610027  0.653985  0.754183  0.723747  0.651342  0.622949  0.868870  0.602779  0.792243  0.743388  0.694621  0.591221  0.719794  0.800601  0.795036  0.439228  0.576853  0.543319  0.663757  0.550687  0.576372  0.301595  0.714025  0.570365  0.694274  0.647287  0.822684  0.563611  0.672310  0.748922  0.672877  0.564403  0.609264  0.626442  0.290073  0.540264  0.337886  0.600691  0.376934  0.658557  0.690799  0.610177  0.918117  0.599153  0.610686  0.764860  0.399209  0.788313  0.630291  0.803529  0.687632  0.768935  0.566837  0.737174  0.493373  0.722398  0.871193  0.609255  0.652838  0.447672  0.616800  0.534305  0.577300  0.655631  0.509326  0.660689  0.706754  0.578052  0.616651  0.712021  0.793197  0.728404  0.517301  0.632379  0.792667  0.824612  0.779932  0.597003  0.468600  0.626136 
2  0.677589  0.565588 0.0  0.628497  0.592977  0.650652  0.529068  0.582627  0.633158  0.706223  0.541707  0.513446  0.791507  0.686676  0.652091  0.671471  0.664381  0.772044  0.834622  0.625866  0.565491  0.734169  0.684268  0.586782  0.717772  0.659930  0.653638  0.638538  0.642065  0.629796  0.556768  0.654940  0.585426  0.583941  0.791441  0.681845  0.748860  0.513693  0.679985  0.625470  0.585331  0.692581  0.600186  0.632345  0.709772  0.615873  0.795135  0.588669  0.603378  0.514420  0.549336  0.704402  0.638693  0.721922  0.702448  0.593394  0.650934  0.600787  0.569588  0.716576  0.548166  0.527855  0.702203  0.569229  0.695178  0.732470  0.588923  0.600245  0.587010  0.645613  0.745154  0.694435  0.524532  0.747948  0.668421  0.564755  0.470637  0.733586  0.594848  0.739228  0.681461  0.633111  0.515365  0.700455  0.589487  0.758086  0.661844  0.448208  0.540336 
3  0.795224  0.549851  0.628497 0.0  0.628870  0.734719  0.836306  0.686334  0.720767  0.859886  0.609395  0.713157  0.685339  0.775044  0.574351  0.663812  0.951847  0.777283  0.665995  0.718400  0.423975  0.522269  0.591947  0.636589  0.649323  0.650010  0.693366  0.804910  0.628343  0.678834  0.735597  0.536255  0.638286  0.617578  0.424275  0.695006  0.844038  0.577696  0.477736  0.689501  0.678400  0.687013  0.504247  0.564277  0.765795  0.698468  0.664226  0.685318  0.512397  0.627636  0.679105  0.718848  0.647007  0.882790  0.798333  0.895968  0.669729  0.704575  0.596468  0.698024  0.534392  0.612720  0.679316  0.754900  0.705473  0.809986  0.506282  0.573469  0.668201  0.639088  0.801538  0.501157  0.574463  0.574859  0.541949  0.568469  0.599222  0.600535  0.665556  0.642950  0.842853  0.596458  0.585375  0.807606  0.738733  0.639921  0.645012  0.613993  0.711211 
4  0.615188  0.472900  0.592977  0.628870 0.0  0.507173  0.685710  0.487247  0.785006  0.615455  0.508565  0.442714  0.602021  0.816206  0.594491  0.585229  0.671632  0.403705  0.513384  0.621638  0.203992  0.625052  0.582708  0.427049  0.552386  0.435396  0.646603  0.819201  0.519705  0.553777  0.434750  0.458177  0.672110  0.586278  0.619767  0.767561  0.777292  0.543654  0.473614  0.645947  0.619024  0.583759  0.398191  0.558175  0.566222  0.571416  0.358964  0.760220  0.589724  0.653502  0.596624  0.406328  0.639838  0.667170  0.660123  0.325093  0.352930  0.584556  0.716205  0.622547  0.487930  0.647671  0.559317  0.568314  0.494466  0.829737  0.354508  0.518977  0.400171  0.608294  0.799617  0.437227  0.615135  0.680663  0.450436  0.637591  0.631703  0.632193  0.724562  0.630558  0.633714  0.605978  0.699251  0.675105  0.645830  0.630998  0.780364  0.755018  0.623737 
5  0.783847  0.866038  0.650652  0.734719  0.507173 0.0  0.913746  0.814487  0.615941  0.458662  0.730210  0.728648  0.629983  0.673396  0.715885  0.566603  0.526650  0.438508  0.449759  0.612655  0.450435  0.582886  0.296608  0.524848  0.794500  0.707535  0.609299  0.665799  0.665092  0.749865  0.795573  0.318186  0.916908  0.621293  0.461596  0.396866  0.504284  0.797072  0.414685  0.868714  0.855238  0.905804  0.400611  0.731997  0.871904  0.990256  0.747056  0.680078  0.625702  0.559502  0.563819  0.407829  0.912906  0.614459  0.664241  0.781020  0.402061  0.580293  0.606811  0.751740  0.342858  0.653400  0.616516  0.570639  0.358557  0.496966  0.487214  0.710231  0.757155  0.607619  0.755572  0.731282  0.659558  0.733779  0.565401  0.688528  0.677715  0.753174  0.530301  0.517618  0.627465  0.732391  0.689712  0.548014  0.693998  0.587808  0.710767  0.832619  0.508801 
6  0.785530  0.454452  0.529068  0.836306  0.685710  0.913746 0.0  0.521271  0.762475  0.756938  0.534594  0.747824  0.745943  0.698685  0.834479  0.799036  0.515664  0.696102  0.815454  0.767156  0.656519  0.708285  0.741275  0.833554  0.515087  0.464414  0.536219  0.536477  0.753871  0.692267  0.469744  0.833768  0.742251  0.759604  0.757388  0.763836  0.682137  0.699312  0.822948  0.622691  0.405542  0.476164  0.739218  0.385340  0.559052  0.505371  0.652625  0.560985  0.750402  0.845986  0.715043  0.770178  0.645973  0.398255  0.694507  0.343032  0.815945  0.712941  0.712039  0.684770  0.791268  0.515114  0.576465  0.698658  0.887555  0.769145  0.727768  0.602719  0.498759  0.839492  0.726945  0.727857  0.634708  0.490084  0.678903  0.711688  0.720097  0.708801  0.633375  0.655995  0.759070  0.545213  0.628413  0.707822  0.637122  0.631620  0.605838  0.463267  0.659980 
7  0.372260  0.602957  0.582627  0.686334  0.487247  0.814487  0.521271 0.0  0.891626  0.724818  0.676001  0.727465  0.610146  0.867487  0.614974  0.846948  0.740039  0.744667  0.825958  0.827444  0.678273  0.770267  0.816418  0.787455  0.583089  0.571089  0.763196  0.906873  0.705536  0.517705  0.403297  0.782678  0.618863  0.872493  0.805051  0.948715  0.821129  0.668131  0.779249  0.469328  0.557672  0.485708  0.954160  0.615100  0.290291  0.356615  0.512592  0.657188  0.712194  0.736960  0.537217  0.786996  0.346734  0.828285  0.831236  0.655749  0.786586  0.832112  0.828747  0.436136  0.770816  0.597536  0.862948  0.783180  0.775545  0.913384  0.577984  0.602163  0.540178  0.810021  0.693465  0.434343  0.624602  0.767887  0.637731  0.573697  0.582793  0.787291  0.643513  0.806529  0.949532  0.687954  0.620797  0.816337  0.815869  0.726566  0.742809  0.538627  0.659217 
8  0.744096  0.679937  0.633158  0.720767  0.785006  0.615941  0.762475  0.891626 0.0  0.698959  0.621521  0.524379  0.617993  0.809829  0.698175  0.664988  0.792759  0.668948  0.558048  0.556595  0.566013  0.683439  0.681520  0.606731  0.735968  0.706021  0.682267  0.855128  0.495354  0.742786  0.805504  0.644169  0.692158  0.434061  0.606181  0.392525  0.535154  0.505024  0.501071  0.701307  0.818784  0.778011  0.540401  0.699285  0.816188  0.743269  0.686409  0.619438  0.500469  0.431772  0.609637  0.626754  0.708195  0.773307  0.741877  0.773426  0.617851  0.523888  0.384946  0.777158  0.522991  0.733995  0.793177  0.587771  0.642234  0.443255  0.617229  0.837293  0.721114  0.595463  0.745400  0.562372  0.642521  0.809020  0.696718  0.613236  0.440642  0.735159  0.575717  0.634616  0.691028  0.493357  0.667085  0.678273  0.529282  0.624695  0.652268  0.670158  0.679850 
9  0.754888  0.610027  0.706223  0.859886  0.615455  0.458662  0.756938  0.724818  0.698959 0.0  0.624185  0.584220  0.531944  0.678221  0.677743  0.680973  0.699585  0.674222  0.522716  0.591488  0.632557  0.640859  0.522640  0.523179  0.767780  0.595704  0.597886  0.522155  0.701414  0.777043  0.558344  0.661484  0.972373  0.935471  0.818004  0.517544  0.501605  0.729220  0.583736  0.792730  0.700150  0.937731  0.511912  0.667639  0.801910  0.928758  0.741240  0.612400  0.765866  0.664856  0.623813  0.684745  0.725547  0.719796  0.562717  0.606166  0.607594  0.730248  0.694033  0.773678  0.545364  0.711029  0.714424  0.517095  0.628666  0.667860  0.688104  0.706738  0.724256  0.655391  0.744742  0.767499  0.592271  0.629031  0.764267  0.698425  0.859926  0.716355  0.497136  0.647076  0.570801  0.726698  0.415325  0.582619  0.745374  0.791995  0.653404  0.745018  0.765244 
10  0.622287  0.653985  0.541707  0.609395  0.508565  0.730210  0.534594  0.676001  0.621521  0.624185 0.0  0.745169  0.569978  0.679419  0.668507  0.661836  0.541375  0.668540  0.628367  0.671151  0.654212  0.686184  0.646533  0.697251  0.692752  0.668466  0.606299  0.666540  0.638776  0.730556  0.583913  0.559145  0.655805  0.642563  0.608571  0.502394  0.642394  0.610663  0.611226  0.560285  0.572516  0.580633  0.614758  0.686860  0.569357  0.623929  0.660610  0.577468  0.676180  0.671251  0.696802  0.640544  0.692967  0.494584  0.659561  0.506916  0.764996  0.673284  0.605181  0.597952  0.680253  0.684869  0.710344  0.720885  0.681920  0.639079  0.571099  0.681929  0.761668  0.778277  0.637824  0.720043  0.604406  0.609892  0.670929  0.699826  0.701819  0.628070  0.639896  0.701565  0.693100  0.626356  0.629967  0.596660  0.614013  0.635625  0.727390  0.660964  0.673381 
11  0.805129  0.754183  0.513446  0.713157  0.442714  0.728648  0.747824  0.727465  0.524379  0.584220  0.745169 0.0  0.646813  0.671768  0.525023  0.671928  0.756746  0.712533  0.672054  0.440619  0.541763  0.570486  0.630136  0.531906  0.714862  0.485816  0.711690  0.630781  0.598006  0.632619  0.571814  0.627385  0.695358  0.521281  0.779430  0.536735  0.784848  0.564112  0.555050  0.698182  0.727328  0.730045  0.636586  0.693354  0.708872  0.738169  0.577322  0.586031  0.389095  0.476770  0.622631  0.610116  0.731147  0.759361  0.671609  0.603171  0.721201  0.599633  0.390858  0.715793  0.577328  0.635612  0.569362  0.634822  0.699672  0.576450  0.548738  0.633977  0.566100  0.458856  0.582523  0.335596  0.558264  0.639189  0.646934  0.581603  0.560098  0.606758  0.620042  0.571488  0.711270  0.468321  0.665631  0.689888  0.481105  0.505187  0.734448  0.633159  0.683101 
12  0.697482  0.723747  0.791507  0.685339  0.602021  0.629983  0.745943  0.610146  0.617993  0.531944  0.569978  0.646813 0.0  0.742310  0.707815  0.488086  0.804107  0.728045  0.716099  0.631496  0.598455  0.790096  0.615313  0.309508  0.619207  0.508693  0.640769  0.724231  0.678705  0.640796  0.586580  0.540016  0.609560  0.592165  0.559691  0.442447  0.627114  0.628338  0.606766  0.790957  0.581407  0.744291  0.347232  0.795929  0.711118  0.781671  0.521433  0.652088  0.603470  0.732988  0.623426  0.617881  0.677508  0.666857  0.626316  0.662976  0.534067  0.548558  0.511774  0.671474  0.446542  0.625594  0.753339  0.538400  0.613527  0.675238  0.627290  0.498700  0.680737  0.612284  0.723531  0.636850  0.591086  0.569269  0.749353  0.457633  0.663455  0.587014  0.519087  0.621462  0.517141  0.760693  0.618836  0.612918  0.685389  0.711915  0.692879  0.631532  0.620649 
13  0.731201  0.651342  0.686676  0.775044  0.816206  0.673396  0.698685  0.867487  0.809829  0.678221  0.679419  0.671768  0.742310 0.0  0.681337  0.709872  0.492715  0.653088  0.744440  0.525077  0.754719  0.543640  0.689261  0.849678  0.721916  0.743380  0.419252  0.596750  0.758606  0.740877  0.583891  0.780541  0.830867  0.764633  0.750414  0.565524  0.525946  0.819356  0.794795  0.715372  0.798966  0.823818  0.814949  0.626922  0.750843  0.700402  0.721035  0.579831  0.668628  0.703462  0.575043  0.779722  0.693837  0.508298  0.663800  0.545825  0.748301  0.554487  0.831905  0.712855  0.727138  0.782426  0.655375  0.594645  0.672153  0.683517  0.727510  0.710156  0.669466  0.685638  0.534518  0.846749  0.718954  0.458157  0.745954  0.714834  0.627355  0.607609  0.668694  0.526588  0.553846  0.671829  0.766519  0.504726  0.736476  0.594710  0.531386  0.666819  0.665589 
14  0.742249  0.622949  0.652091  0.574351  0.594491  0.715885  0.834479  0.614974  0.698175  0.677743  0.668507  0.525023  0.707815  0.681337 0.0  0.725092  0.834319  0.669533  0.629856  0.524006  0.597582  0.472158  0.776622  0.581735  0.698014  0.405564  0.747529  0.823211  0.674540  0.680199  0.690470  0.410170  0.784303  0.538163  0.530700  0.459229  0.699523  0.531458  0.588473  0.671670  0.743701  0.896226  0.529848  0.609644  0.849935  0.605528  0.717723  0.809254  0.501209  0.464472  0.582363  0.661575  0.789306  0.790809  0.658877  0.691956  0.569650  0.531021  0.599557  0.821216  0.642803  0.743591  0.707628  0.684394  0.604064  0.519910  0.589415  0.697210  0.573676  0.424442  0.806882  0.356819  0.637653  0.603328  0.614080  0.543460  0.549165  0.667813  0.488439  0.461598  0.793902  0.571834  0.695595  0.860561  0.437516  0.454973  0.663313  0.655202  0.711624 
15  0.848537  0.868870  0.671471  0.663812  0.585229  0.566603  0.799036  0.846948  0.664988  0.680973  0.661836  0.671928  0.488086  0.709872  0.725092 0.0  0.769821  0.569764  0.793769  0.545476  0.755649  0.704422  0.624980  0.708340  0.782935  0.698775  0.642015  0.654559  0.723770  0.743021  0.652731  0.789755  0.747689  0.736938  0.561054  0.584602  0.556416  0.720976  0.644445  0.816359  0.726934  0.774236  0.621182  0.765958  0.880812  0.865837  0.599572  0.678797  0.718726  0.668225  0.672728  0.653347  0.843253  0.857092  0.708916  0.739404  0.652216  0.676420  0.617390  0.682953  0.610410  0.654778  0.855922  0.711958  0.682145  0.617472  0.634681  0.566816  0.743679  0.650404  0.647152  0.610470  0.631820  0.700517  0.763992  0.833257  0.734784  0.689656  0.521847  0.691281  0.496684  0.749793  0.743380  0.608765  0.714000  0.673373  0.602775  0.757914  0.606003 
16  0.878460  0.602779  0.664381  0.951847  0.671632  0.526650  0.515664  0.740039  0.792759  0.699585  0.541375  0.756746  0.804107  0.492715  0.834319  0.769821 0.0  0.624037  0.700013  0.625787  0.776212  0.487913  0.704042  0.855897  0.585937  0.610909  0.463656  0.628667  0.647869  0.725638  0.599908  0.768077  0.700677  0.865642  0.668049  0.760034  0.449373  0.797461  0.758578  0.865438  0.711821  0.705600  0.821351  0.608325  0.930754  0.639456  0.748553  0.515966  0.848049  0.526518  0.755680  0.854336  0.791977  0.336038  0.565526  0.627805  0.619701  0.632183  0.778068  0.877574  0.753589  0.658033  0.548632  0.699596  0.730023  0.689628  0.707858  0.669837  0.510006  0.785779  0.523897  0.667211  0.572185  0.524089  0.851936  0.811912  0.667880  0.671545  0.591896  0.558908  0.574451  0.770049  0.612265  0.571118  0.644095  0.746564  0.566240  0.658089  0.656097 
17  0.781623  0.792243  0.772044  0.777283  0.403705  0.438508  0.696102  0.744667  0.668948  0.674222  0.668540  0.712533  0.728045  0.653088  0.669533  0.569764  0.624037 0.0  0.539067  0.576359  0.608333  0.560563  0.514670  0.508441  0.699320  0.530714  0.720625  0.659274  0.605854  0.714390  0.734684  0.620116  0.809777  0.644056  0.576326  0.499581  0.796606  0.799779  0.528816  0.715524  0.820063  0.919267  0.603552  0.764405  0.804902  0.814746  0.621199  0.776509  0.611196  0.591284  0.772173  0.570053  0.784131  0.709636  0.683250  0.774275  0.454981  0.578684  0.656104  0.741673  0.557034  0.589615  0.680944  0.676697  0.486071  0.586125  0.533858  0.705245  0.766532  0.595557  0.716219  0.591875  0.556558  0.680926  0.649843  0.705156  0.763344  0.700945  0.630835  0.588752  0.629612  0.705696  0.716873  0.558307  0.699055  0.615109  0.724882  0.886493  0.732045 
18  0.774035  0.743388  0.834622  0.665995  0.513384  0.449759  0.815454  0.825958  0.558048  0.522716  0.628367  0.672054  0.716099  0.744440  0.629856  0.793769  0.700013  0.539067 0.0  0.678686  0.488406  0.676688  0.415480  0.637548  0.826700  0.703144  0.813879  0.619889  0.766413  0.605161  0.851896  0.430492  0.884091  0.729360  0.697092  0.531879  0.577410  0.685787  0.350439  0.773128  0.903124  0.809435  0.417169  0.704209  0.719999  0.784241  0.822460  0.759420  0.632474  0.562864  0.765544  0.562223  0.855144  0.650375  0.667833  0.850533  0.450731  0.619872  0.650091  0.875495  0.458196  0.718260  0.637243  0.761148  0.378677  0.510684  0.612158  0.767116  0.795587  0.716957  0.736284  0.631403  0.639127  0.770738  0.673547  0.647214  0.587709  0.850136  0.606307  0.605399  0.758568  0.748785  0.738247  0.632905  0.583185  0.622987  0.818471  0.802248  0.620652 
19  0.813527  0.694621  0.625866  0.718400  0.621638  0.612655  0.767156  0.827444  0.556595  0.591488  0.671151  0.440619  0.631496  0.525077  0.524006  0.545476  0.625787  0.576359  0.678686 0.0  0.582389  0.434671  0.617355  0.582213  0.588956  0.442215  0.547405  0.563304  0.635631  0.700271  0.743908  0.653332  0.814381  0.522555  0.529816  0.323971  0.663629  0.592925  0.596127  0.883489  0.823986  0.863825  0.433934  0.703750  0.667892  0.879770  0.593325  0.626835  0.457799  0.504374  0.675501  0.515554  0.807251  0.543253  0.564787  0.719742  0.554369  0.370927  0.630747  0.764652  0.620113  0.808719  0.599597  0.810649  0.629402  0.452178  0.524139  0.688998  0.718360  0.553556  0.627882  0.514159  0.661095  0.725889  0.524199  0.750844  0.640900  0.569581  0.610533  0.270214  0.566944  0.542316  0.738837  0.649798  0.553206  0.372668  0.650011  0.759359  0.545486 
20  0.577239  0.591221  0.565491  0.423975  0.203992  0.450435  0.656519  0.678273  0.566013  0.632557  0.654212  0.541763  0.598455  0.754719  0.597582  0.755649  0.776212  0.608333  0.488406  0.582389 0.0  0.601003  0.471053  0.454093  0.747799  0.648211  0.614683  0.524051  0.626162  0.671270  0.687285  0.482164  0.757198  0.549193  0.519273  0.630124  0.654618  0.675074  0.390606  0.697700  0.831171  0.837026  0.601600  0.651421  0.715268  0.714876  0.566930  0.666645  0.542849  0.658146  0.666233  0.432413  0.629295  0.674439  0.657853  0.615298  0.447420  0.605782  0.566501  0.602167  0.376967  0.552488  0.658927  0.533434  0.556996  0.819124  0.542969  0.576516  0.700680  0.560959  0.842951  0.636187  0.546186  0.660666  0.379578  0.660675  0.581976  0.669918  0.597717  0.643227  0.666178  0.591921  0.469597  0.656656  0.647411  0.645362  0.770562  0.648947  0.707530 
21  0.773766  0.719794  0.734169  0.522269  0.625052  0.582886  0.708285  0.770267  0.683439  0.640859  0.686184  0.570486  0.790096  0.543640  0.472158  0.704422  0.487913  0.560563  0.676688  0.434671  0.601003 0.0  0.859079  0.648981  0.740829  0.307196  0.689588  0.768262  0.744841  0.613546  0.665643  0.689544  0.731370  0.621455  0.562941  0.520583  0.603204  0.523345  0.673156  0.783214  0.854874  0.774759  0.603423  0.786826  0.841959  0.770334  0.647070  0.834585  0.575406  0.446425  0.688617  0.660280  0.765036  0.583673  0.527826  0.540151  0.465762  0.505729  0.596259  0.738835  0.708348  0.667215  0.423477  0.774730  0.654168  0.401199  0.483365  0.630025  0.505241  0.529189  0.541923  0.442921  0.713637  0.568463  0.653629  0.796391  0.579981  0.654513  0.642601  0.441543  0.648816  0.569707  0.816063  0.671012  0.499597  0.492841  0.653620  0.674696  0.682041 
22  0.695327  0.800601  0.684268  0.591947  0.582708  0.296608  0.741275  0.816418  0.681520  0.522640  0.646533  0.630136  0.615313  0.689261  0.776622  0.624980  0.704042  0.514670  0.415480  0.617355  0.471053  0.859079 0.0  0.397017  0.719169  0.605854  0.786248  0.662375  0.755395  0.661094  0.752271  0.502441  0.939597  0.736806  0.511045  0.403900  0.561619  0.732667  0.353055  0.747363  0.712712  0.808673  0.391366  0.734913  0.726753  0.898828  0.677480  0.718007  0.647970  0.489195  0.533160  0.490532  0.821241  0.685587  0.684135  0.751072  0.310851  0.542285  0.499849  0.752738  0.356985  0.589922  0.677719  0.592682  0.191468  0.454032  0.751861  0.682431  0.575115  0.661629  0.706228  0.688039  0.648191  0.658525  0.435733  0.651665  0.780153  0.807905  0.513587  0.587091  0.752581  0.620147  0.801628  0.665919  0.573757  0.762417  0.710443  0.643602  0.618678 
23  0.706324  0.795036  0.586782  0.636589  0.427049  0.524848  0.833554  0.787455  0.606731  0.523179  0.697251  0.531906  0.309508  0.849678  0.581735  0.708340  0.855897  0.508441  0.637548  0.582213  0.454093  0.648981  0.397017 0.0  0.741948  0.491487  0.671114  0.584325  0.562703  0.537668  0.628214  0.412248  0.807790  0.490172  0.611037  0.638349  0.595460  0.675825  0.454250  0.669583  0.867000  0.780615  0.389550  0.852692  0.707951  0.759132  0.597084  0.593995  0.473234  0.716354  0.679169  0.410762  0.636047  0.726937  0.798453  0.684148  0.350934  0.576787  0.505115  0.624733  0.345817  0.635733  0.691489  0.528607  0.358608  0.618893  0.536688  0.587622  0.497551  0.653506  0.802376  0.527571  0.552455  0.570523  0.531413  0.472647  0.652522  0.638881  0.641047  0.653360  0.716009  0.736733  0.589689  0.708017  0.611622  0.689112  0.741406  0.605401  0.603550 
24  0.675783  0.439228  0.717772  0.649323  0.552386  0.794500  0.515087  0.583089  0.735968  0.767780  0.692752  0.714862  0.619207  0.721916  0.698014  0.782935  0.585937  0.699320  0.826700  0.588956  0.747799  0.740829  0.719169  0.741948 0.0  0.770857  0.496717  0.719902  0.708395  0.553378  0.472596  0.707823  0.700991  0.607459  0.573898  0.693227  0.730042  0.634387  0.921893  0.626515  0.541815  0.666142  0.670795  0.586213  0.728822  0.472673  0.689472  0.615214  0.680662  0.802992  0.565352  0.669720  0.706141  0.508427  0.756053  0.542243  0.714999  0.644811  0.744842  0.774989  0.651549  0.568918  0.689090  0.624474  0.740716  0.739103  0.687755  0.585013  0.480990  0.650497  0.495094  0.598762  0.571780  0.612171  0.690188  0.638391  0.715410  0.639404  0.656644  0.641746  0.794817  0.668945  0.709135  0.756209  0.722217  0.723834  0.619612  0.459196  0.578175 
25  0.734649  0.576853  0.659930  0.650010  0.435396  0.707535  0.464414  0.571089  0.706021  0.595704  0.668466  0.485816  0.508693  0.743380  0.405564  0.698775  0.610909  0.530714  0.703144  0.442215  0.648211  0.307196  0.605854  0.491487  0.770857 0.0  0.641626  0.633352  0.698938  0.616727  0.518107  0.563898  0.714430  0.485010  0.488469  0.558195  0.489048  0.486286  0.760748  0.827778  0.702025  0.829032  0.482187  0.617710  0.602602  0.653985  0.452208  0.716128  0.538690  0.454705  0.595226  0.603469  0.571365  0.512212  0.641264  0.450677  0.546367  0.325604  0.485805  0.582521  0.586092  0.681847  0.463188  0.623237  0.485710  0.557758  0.486295  0.647005  0.490131  0.589272  0.699172  0.341539  0.625686  0.411655  0.582635  0.635678  0.634343  0.442778  0.587486  0.403174  0.676939  0.553319  0.715288  0.694094  0.531866  0.388285  0.564601  0.665918  0.744646 
26  0.826031  0.543319  0.653638  0.693366  0.646603  0.609299  0.536219  0.763196  0.682267  0.597886  0.606299  0.711690  0.640769  0.419252  0.747529  0.642015  0.463656  0.720625  0.813879  0.547405  0.614683  0.689588  0.786248  0.671114  0.496717  0.641626 0.0  0.602282  0.684301  0.518667  0.558896  0.644309  0.846557  0.682875  0.494243  0.603121  0.458874  0.767424  0.707802  0.843939  0.731328  0.874344  0.778056  0.724776  0.780061  0.713739  0.585042  0.535729  0.781416  0.589228  0.638307  0.560578  0.720387  0.334585  0.530371  0.592680  0.595060  0.635076  0.660424  0.787707  0.712054  0.720319  0.521029  0.578657  0.750102  0.617083  0.678754  0.667090  0.534912  0.761302  0.503203  0.540835  0.701105  0.487992  0.730002  0.709592  0.769014  0.694679  0.696099  0.625086  0.464930  0.807336  0.664637  0.620121  0.668468  0.576685  0.638383  0.695502  0.772552 
27  0.890014  0.663757  0.638538  0.804910  0.819201  0.665799  0.536477  0.906873  0.855128  0.522155  0.666540  0.630781  0.724231  0.596750  0.823211  0.654559  0.628667  0.659274  0.619889  0.563304  0.524051  0.768262  0.662375  0.584325  0.719902  0.633352  0.602282 0.0  0.811105  0.672422  0.599482  0.519893  1.000000  0.709767  0.591017  0.479424  0.309770  0.872899  0.768976  0.857860  0.964795  0.997193  0.634441  0.594410  0.938389  0.841186  0.799233  0.581268  0.570385  0.704544  0.626047  0.732803  0.809450  0.672040  0.640823  0.509204  0.620541  0.616977  0.833523  0.870796  0.554507  0.713710  0.509092  0.570863  0.554530  0.607700  0.715426  0.672527  0.586366  0.771036  0.537316  0.654729  0.670065  0.374872  0.877356  0.822576  0.815700  0.665493  0.524531  0.570429  0.530453  0.674881  0.643915  0.641014  0.724109  0.667947  0.691185  0.569151  0.588944 
28  0.589187  0.550687  0.642065  0.628343  0.519705  0.665092  0.753871  0.705536  0.495354  0.701414  0.638776  0.598006  0.678705  0.758606  0.674540  0.723770  0.647869  0.605854  0.766413  0.635631  0.626162  0.744841  0.755395  0.562703  0.708395  0.698938  0.684301  0.811105 0.0  0.632973  0.604688  0.689679  0.637644  0.554356  0.738192  0.707879  0.803966  0.527283  0.688640  0.620767  0.585826  0.537827  0.606036  0.690916  0.612551  0.556364  0.596502  0.645797  0.426540  0.625906  0.695470  0.734448  0.603468  0.682939  0.660760  0.648261  0.617943  0.631233  0.657552  0.646198  0.594988  0.556375  0.698885  0.546224  0.619042  0.539909  0.640969  0.561652  0.505532  0.502536  0.625396  0.585376  0.665691  0.649337  0.613024  0.644365  0.488790  0.671659  0.735302  0.634437  0.726786  0.597403  0.600674  0.732813  0.658176  0.676198  0.540358  0.691266  0.743078 
29  0.677043  0.576372  0.629796  0.678834  0.553777  0.749865  0.692267  0.517705  0.742786  0.777043  0.730556  0.632619  0.640796  0.740877  0.680199  0.743021  0.725638  0.714390  0.605161  0.700271  0.671270  0.613546  0.661094  0.537668  0.553378  0.616727  0.518667  0.672422  0.632973 0.0  0.498490  0.725304  0.581919  0.774848  0.720490  0.575709  0.757776  0.596353  0.667367  0.601964  0.607115  0.587014  0.520959  0.614848  0.634355  0.475276  0.678751  0.586308  0.683957  0.610991  0.572638  0.589891  0.571630  0.597802  0.673864  0.541437  0.814118  0.655148  0.653648  0.458035  0.688330  0.580877  0.555416  0.659807  0.591582  0.649065  0.520832  0.548990  0.588295  0.619151  0.640995  0.621382  0.512034  0.712262  0.642579  0.708026  0.699906  0.648769  0.665874  0.718041  0.673209  0.665454  0.691142  0.667442  0.759849  0.758602  0.599702  0.516075  0.679322 
30  0.545377  0.301595  0.556768  0.735597  0.434750  0.795573  0.469744  0.403297  0.805504  0.558344  0.583913  0.571814  0.586580  0.583891  0.690470  0.652731  0.599908  0.734684  0.851896  0.743908  0.687285  0.665643  0.752271  0.628214  0.472596  0.518107  0.558896  0.599482  0.604688  0.498490 0.0  0.754073  0.743917  0.690672  0.682429  0.798691  0.688907  0.583978  0.774613  0.825660  0.510692  0.507858  0.700261  0.391061  0.436418  0.308755  0.519348  0.555122  0.585937  0.749747  0.696295  0.798601  0.490659  0.492347  0.686829  0.294295  0.815295  0.650949  0.698025  0.600658  0.778717  0.668631  0.711786  0.412021  0.777623  0.840926  0.596066  0.575679  0.296825  0.625371  0.621491  0.619812  0.513341  0.560577  0.842924  0.563573  0.815600  0.621312  0.615796  0.774232  0.654886  0.553677  0.772601  0.683973  0.634387  0.629343  0.592672  0.456025  0.730310 
31  0.717118  0.714025  0.654940  0.536255  0.458177  0.318186  0.833768  0.782678  0.644169  0.661484  0.559145  0.627385  0.540016  0.780541  0.410170  0.789755  0.768077  0.620116  0.430492  0.653332  0.482164  0.689544  0.502441  0.412248  0.707823  0.563898  0.644309  0.519893  0.689679  0.725304  0.754073 0.0  0.684972  0.683768  0.536283  0.636849  0.652085  0.630263  0.401685  0.781955  0.832588  0.759682  0.388353  0.665053  0.813921  0.790081  0.655329  0.789796  0.650181  0.540412  0.658508  0.353827  0.685705  0.683872  0.717223  0.701570  0.484742  0.578454  0.624040  0.748089  0.404452  0.724942  0.654315  0.605100  0.307422  0.635825  0.468434  0.651695  0.754439  0.539613  0.814466  0.497755  0.487555  0.575455  0.508093  0.632547  0.642651  0.613495  0.565962  0.660551  0.613043  0.771946  0.678228  0.612833  0.615480  0.695818  0.670708  0.742867  0.691646 
32  0.530725  0.570365  0.585426  0.638286  0.672110  0.916908  0.742251  0.618863  0.692158  0.972373  0.655805  0.695358  0.609560  0.830867  0.784303  0.747689  0.700677  0.809777  0.884091  0.814381  0.757198  0.731370  0.939597  0.807790  0.700991  0.714430  0.846557  1.000000  0.637644  0.581919  0.743917  0.684972 0.0  0.738107  0.825585  0.910140  0.863755  0.549763  0.762495  0.440089  0.277481  0.545360  0.765081  0.695211  0.684155  0.610967  0.626236  0.679037  0.746004  0.745590  0.706136  0.975924  0.780558  0.955758  0.764987  0.776548  0.912728  0.738885  0.681567  0.637530  0.940913  0.674335  0.721778  0.786681  0.902615  0.917641  0.681520  0.652812  0.829372  0.697402  0.815096  0.612698  0.553547  0.815689  0.614313  0.651012  0.661244  0.872900  0.687317  0.829766  0.763068  0.647110  0.691560  0.764539  0.691385  0.719530  0.825423  0.675785  0.569668 
33  0.740216  0.694274  0.583941  0.617578  0.586278  0.621293  0.759604  0.872493  0.434061  0.935471  0.642563  0.521281  0.592165  0.764633  0.538163  0.736938  0.865642  0.644056  0.729360  0.522555  0.549193  0.621455  0.736806  0.490172  0.607459  0.485010  0.682875  0.709767  0.554356  0.774848  0.690672  0.683768  0.738107 0.0  0.728481  0.439395  0.773800  0.464009  0.720390  0.699272  0.761544  0.580852  0.557649  0.549467  0.756762  0.744067  0.723124  0.669740  0.360306  0.416351  0.595106  0.714435  0.680141  0.704978  0.714259  0.529993  0.657721  0.501022  0.455198  0.774798  0.552826  0.590986  0.604570  0.653413  0.740069  0.581006  0.631913  0.631893  0.529619  0.556156  0.733108  0.444762  0.633328  0.605009  0.746218  0.577693  0.435272  0.675460  0.593972  0.651267  0.788463  0.414482  0.497580  0.782424  0.533000  0.512461  0.639411  0.547722  0.622963 
34  0.796906  0.647287  0.791441  0.424275  0.619767  0.461596  0.757388  0.805051  0.606181  0.818004  0.608571  0.779430  0.559691  0.750414  0.530700  0.561054  0.668049  0.576326  0.697092  0.529816  0.519273  0.562941  0.511045  0.611037  0.573898  0.488469  0.494243  0.591017  0.738192  0.720490  0.682429  0.536283  0.825585  0.728481 0.0  0.409075  0.726221  0.692676  0.619356  0.759971  0.775729  0.960755  0.596590  0.633746  0.777724  0.764839  0.669791  0.801910  0.772830  0.480200  0.551057  0.640815  0.760507  0.566890  0.705910  0.621856  0.600831  0.605549  0.571077  0.673381  0.549593  0.713036  0.630004  0.810407  0.568622  0.597037  0.573785  0.769702  0.738100  0.667145  0.687226  0.586842  0.642045  0.590526  0.570819  0.812130  0.779612  0.523576  0.596630  0.376039  0.521764  0.743774  0.916705  0.647606  0.653099  0.532593  0.830915  0.871896  0.647195 
35  0.784983  0.822684  0.681845  0.695006  0.767561  0.396866  0.763836  0.948715  0.392525  0.517544  0.502394  0.536735  0.442447  0.565524  0.459229  0.584602  0.760034  0.499581  0.531879  0.323971  0.630124  0.520583  0.403900  0.638349  0.693227  0.558195  0.603121  0.479424  0.707879  0.575709  0.798691  0.636849  0.910140  0.439395  0.409075 0.0  0.403751  0.531487  0.520619  0.912887  0.964058  0.866839  0.460573  0.831510  0.901681  0.802973  0.934462  0.559254  0.563315  0.374079  0.667369  0.456726  0.963593  0.767583  0.649217  0.699836  0.561741  0.498943  0.508429  0.781293  0.487063  0.728013  0.546313  0.615978  0.571189  0.286318  0.611630  0.593658  0.720042  0.602471  0.564632  0.474883  0.613517  0.652766  0.643318  0.796183  0.548116  0.583966  0.767225  0.247840  0.522806  0.543582  0.665099  0.551992  0.599019  0.500785  0.660839  0.710992  0.699707 
36  0.815644  0.563611  0.748860  0.844038  0.777292  0.504284  0.682137  0.821129  0.535154  0.501605  0.642394  0.784848  0.627114  0.525946  0.699523  0.556416  0.449373  0.796606  0.577410  0.663629  0.654618  0.603204  0.561619  0.595460  0.730042  0.489048  0.458874  0.309770  0.803966  0.757776  0.688907  0.652085  0.863755  0.773800  0.726221  0.403751 0.0  0.743585  0.678072  0.751817  0.845743  0.854147  0.582466  0.576856  0.826971  0.690666  0.753752  0.496906  0.597387  0.510003  0.609832  0.658517  0.810947  0.649912  0.599567  0.693117  0.572328  0.547550  0.650162  0.868507  0.634910  0.684439  0.667937  0.455135  0.623342  0.456823  0.649264  0.685220  0.569770  0.660134  0.485925  0.802608  0.560314  0.564490  0.747554  0.692088  0.810151  0.850043  0.531317  0.465674  0.523719  0.749848  0.585902  0.476244  0.760395  0.683668  0.598839  0.558982  0.559599 
37  0.594578  0.672310  0.513693  0.577696  0.543654  0.797072  0.699312  0.668131  0.505024  0.729220  0.610663  0.564112  0.628338  0.819356  0.531458  0.720976  0.797461  0.799779  0.685787  0.592925  0.675074  0.523345  0.732667  0.675825  0.634387  0.486286  0.767424  0.872899  0.527283  0.596353  0.583978  0.630263  0.549763  0.464009  0.692676  0.531487  0.743585 0.0  0.764855  0.537290  0.691321  0.661127  0.509053  0.591963  0.718175  0.574832  0.696091  0.604558  0.354737  0.464961  0.537181  0.598659  0.657310  0.789116  0.782450  0.571900  0.601871  0.504236  0.374671  0.704323  0.558899  0.513859  0.754030  0.700399  0.640517  0.489047  0.551016  0.628529  0.640595  0.597974  0.735744  0.405385  0.598977  0.632621  0.598410  0.525693  0.538928  0.608309  0.721357  0.570262  0.804240  0.445380  0.681251  0.727451  0.483382  0.574543  0.691317  0.641380  0.623586 
38  0.671725  0.748922  0.679985  0.477736  0.473614  0.414685  0.822948  0.779249  0.501071  0.583736  0.611226  0.555050  0.606766  0.794795  0.588473  0.644445  0.758578  0.528816  0.350439  0.596127  0.390606  0.673156  0.353055  0.454250  0.921893  0.760748  0.707802  0.768976  0.688640  0.667367  0.774613  0.401685  0.762495  0.720390  0.619356  0.520619  0.678072  0.764855 0.0  0.710337  0.790658  0.756161  0.370773  0.686463  0.816217  0.768971  0.701071  0.639815  0.562070  0.442542  0.576983  0.381226  0.772094  0.791097  0.673077  0.690787  0.363791  0.567675  0.525016  0.773291  0.288673  0.607492  0.756030  0.652622  0.318086  0.547562  0.448511  0.627502  0.735944  0.506833  0.604300  0.547416  0.552541  0.877744  0.587829  0.593655  0.589829  0.686919  0.575460  0.534912  0.746511  0.767889  0.746323  0.625929  0.624286  0.742468  0.724422  0.663376  0.716031 
39  0.425743  0.672877  0.625470  0.689501  0.645947  0.868714  0.622691  0.469328  0.701307  0.792730  0.560285  0.698182  0.790957  0.715372  0.671670  0.816359  0.865438  0.715524  0.773128  0.883489  0.697700  0.783214  0.747363  0.669583  0.626515  0.827778  0.843939  0.857860  0.620767  0.601964  0.825660  0.781955  0.440089  0.699272  0.759971  0.912887  0.751817  0.537290  0.710337 0.0  0.497488  0.283102  0.744525  0.772423  0.613066  0.704304  0.614206  0.687495  0.569306  0.679365  0.581688  0.798195  0.577700  0.852224  0.787962  0.630656  0.802860  0.677306  0.724391  0.501432  0.774751  0.624162  0.826430  0.735715  0.763981  0.693882  0.709564  0.546147  0.674564  0.646341  0.730605  0.822561  0.711143  0.677128  0.694335  0.654382  0.665546  0.625958  0.740480  0.851418  0.838441  0.669059  0.681126  0.743664  0.681958  0.768560  0.692639  0.643785  0.668441 
40  0.601074  0.564403  0.585331  0.678400  0.619024  0.855238  0.405542  0.557672  0.818784  0.700150  0.572516  0.727328  0.581407  0.798966  0.743701  0.726934  0.711821  0.820063  0.903124  0.823986  0.831171  0.854874  0.712712  0.867000  0.541815  0.702025  0.731328  0.964795  0.585826  0.607115  0.510692  0.832588  0.277481  0.761544  0.775729  0.964058  0.845743  0.691321  0.790658  0.497488 0.0  0.496816  0.801522  0.524679  0.637257  0.501409  0.516216  0.559202  0.847727  0.802876  0.668712  0.779543  0.528431  0.684070  0.741233  0.576998  0.899419  0.803686  0.757751  0.733340  0.899693  0.600906  0.856377  0.635642  0.909488  0.918449  0.730797  0.677051  0.557918  0.733681  0.694862  0.691947  0.709159  0.754506  0.813955  0.528276  0.777351  0.754061  0.665514  0.917502  0.681187  0.622678  0.681060  0.796410  0.732823  0.758564  0.611374  0.559039  0.700007 
41  0.424605  0.609264  0.692581  0.687013  0.583759  0.905804  0.476164  0.485708  0.778011  0.937731  0.580633  0.730045  0.744291  0.823818  0.896226  0.774236  0.705600  0.919267  0.809435  0.863825  0.837026  0.774759  0.808673  0.780615  0.666142  0.829032  0.874344  0.997193  0.537827  0.587014  0.507858  0.759682  0.545360  0.580852  0.960755  0.866839  0.854147  0.661127  0.756161  0.283102  0.496816 0.0  0.829278  0.637085  0.459483  0.410457  0.699836  0.649648  0.725360  0.888558  0.672479  0.845391  0.459453  0.676994  0.605860  0.627924  0.782493  0.772117  0.778685  0.501380  0.740120  0.574166  0.791598  0.778849  0.798538  0.897740  0.721242  0.595292  0.663490  0.844482  0.827027  0.613019  0.612179  0.825122  0.646587  0.562760  0.734284  0.807177  0.553344  0.851314  0.838148  0.713366  0.613017  0.739945  0.760813  0.873726  0.779285  0.531294  0.639587 
42  0.620898  0.626442  0.600186  0.504247  0.398191  0.400611  0.739218  0.954160  0.540401  0.511912  0.614758  0.636586  0.347232  0.814949  0.529848  0.621182  0.821351  0.603552  0.417169  0.433934  0.601600  0.603423  0.391366  0.389550  0.670795  0.482187  0.778056  0.634441  0.606036  0.520959  0.700261  0.388353  0.765081  0.557649  0.596590  0.460573  0.582466  0.509053  0.370773  0.744525  0.801522  0.829278 0.0  0.683150  0.712908  0.692396  0.654794  0.580683  0.475154  0.557340  0.458440  0.435942  0.850389  0.722376  0.709789  0.704014  0.614495  0.434284  0.339847  0.674793  0.512275  0.656264  0.542524  0.556446  0.304597  0.473765  0.352005  0.667049  0.720227  0.421078  0.820239  0.525027  0.529964  0.589674  0.510631  0.699100  0.584460  0.692296  0.551494  0.421424  0.696134  0.655282  0.623143  0.613577  0.547428  0.576237  0.689247  0.669308  0.745374 
43  0.662611  0.290073  0.632345  0.564277  0.558175  0.731997  0.385340  0.615100  0.699285  0.667639  0.686860  0.693354  0.795929  0.626922  0.609644  0.765958  0.608325  0.764405  0.704209  0.703750  0.651421  0.786826  0.734913  0.852692  0.586213  0.617710  0.724776  0.594410  0.690916  0.614848  0.391061  0.665053  0.695211  0.549467  0.633746  0.831510  0.576856  0.591963  0.686463  0.772423  0.524679  0.637085  0.683150 0.0  0.662992  0.512336  0.559964  0.420084  0.721232  0.625718  0.651913  0.714642  0.725058  0.565017  0.682335  0.492394  0.752924  0.617306  0.582219  0.691035  0.712468  0.543729  0.653474  0.604801  0.808572  0.758663  0.642028  0.512032  0.441806  0.645550  0.572804  0.495334  0.573751  0.468453  0.588293  0.557614  0.713632  0.658180  0.543928  0.613025  0.679153  0.581693  0.597042  0.805165  0.779635  0.721884  0.633010  0.556684  0.713349 
44  0.463932  0.540264  0.709772  0.765795  0.566222  0.871904  0.559052  0.290291  0.816188  0.801910  0.569357  0.708872  0.711118  0.750843  0.849935  0.880812  0.930754  0.804902  0.719999  0.667892  0.715268  0.841959  0.726753  0.707951  0.728822  0.602602  0.780061  0.938389  0.612551  0.634355  0.436418  0.813921  0.684155  0.756762  0.777724  0.901681  0.826971  0.718175  0.816217  0.613066  0.637257  0.459483  0.712908  0.662992 0.0  0.536463  0.576906  0.679890  0.782772  0.791407  0.744782  0.724256  0.316201  0.821797  0.752734  0.587910  0.851843  0.740037  0.870978  0.530528  0.834181  0.710045  0.806423  0.845014  0.762384  0.820240  0.737954  0.542050  0.554316  0.808049  0.736219  0.645765  0.656159  0.815740  0.840029  0.630445  0.752496  0.740006  0.647146  0.793302  0.852810  0.705353  0.778835  0.804473  0.748638  0.765390  0.775080  0.811865  0.727286 
