89
0 0.0  0.430540  0.503464  0.519156  0.569958  0.737111  0.704869  0.343094  0.700726  0.675588  0.778022  0.701650  0.669897  0.859984  0.695718  0.749150  0.800198  0.680874  0.705433  0.673772  0.469529  0.755918  0.693872  0.608094  0.534961  0.641224  0.710895  0.790116  0.576057  0.627307  0.615723  0.682398  0.493163  0.444328  0.750931  0.781991  0.733926  0.475957  0.648963  0.388592  0.562333  0.432595  0.537961  0.589423  0.408845  0.615954  0.423052  0.675216  0.573149  0.665200  0.751419  0.627644  0.375904  0.576992  0.654018  0.591690  0.546555  0.606686  0.677035  0.413512  0.577320  0.599882  0.697454  0.703274  0.543920  0.671502  0.538474  0.448753  0.693089  0.666076  0.623012  0.606275  0.654592  0.561731  0.590312  0.622575  0.582213  0.551492  0.563560  0.655137  0.698950  0.613859  0.742934  0.710300  0.681629  0.678275  0.478681  0.538616  0.508972 
1  0.430540 0.0  0.470859  0.668674  0.471145  0.765234  0.392973  0.422790  0.639071  0.660865  0.599552  0.628311  0.662277  0.527052  0.799844  0.769503  0.525830  0.666630  0.758014  0.737395  0.584829  0.748830  0.737487  0.754375  0.476963  0.650483  0.612459  0.627110  0.557187  0.421153  0.354433  0.723305  0.506793  0.555396  0.669466  0.751549  0.605238  0.574251  0.645234  0.529763  0.532260  0.568251  0.684896  0.278102  0.513638  0.318519  0.556393  0.258629  0.509518  0.702407  0.601966  0.833621  0.568819  0.438441  0.646297  0.264154  0.727867  0.624561  0.542052  0.592314  0.713456  0.684343  0.625442  0.592122  0.786423  0.801632  0.486913  0.599443  0.312565  0.568004  0.536260  0.517070  0.572665  0.509754  0.751311  0.515134  0.550046  0.636338  0.590478  0.718938  0.690032  0.471050  0.580434  0.684398  0.576921  0.773226  0.568272  0.359627  0.704763 
2  0.503464  0.470859 0.0  0.615825  0.536149  0.526165  0.547599  0.565830  0.593841  0.618069  0.685156  0.523825  0.647680  0.584021  0.758225  0.515578  0.691614  0.658498  0.656596  0.618517  0.464198  0.662977  0.635911  0.499272  0.663278  0.657452  0.695210  0.642927  0.664987  0.630572  0.624171  0.748980  0.456130  0.456619  0.581186  0.743198  0.601969  0.522079  0.635983  0.720347  0.635829  0.512455  0.627707  0.669059  0.733321  0.604572  0.659086  0.577746  0.511205  0.596988  0.682877  0.536273  0.600350  0.630580  0.694796  0.589235  0.613056  0.642237  0.548705  0.617303  0.639189  0.464749  0.649340  0.628264  0.543475  0.674991  0.614877  0.455577  0.655725  0.592818  0.648641  0.609676  0.618246  0.658690  0.626725  0.561260  0.548522  0.596265  0.671303  0.650119  0.680436  0.589978  0.544140  0.668836  0.590659  0.646002  0.576076  0.643657  0.692677 
3  0.519156  0.668674  0.615825 0.0  0.519368  0.684184  0.686939  0.759981  0.618120  0.798522  0.575432  0.689208  0.619766  0.685335  0.401865  0.647121  0.743217  0.810466  0.724636  0.569429  0.518308  0.621077  0.728166  0.579248  0.668428  0.576168  0.711984  0.663622  0.595413  0.568361  0.822525  0.564514  0.715726  0.455235  0.457558  0.618376  0.734618  0.468015  0.565370  0.611291  0.809126  0.647063  0.570391  0.637267  0.763661  0.578843  0.513436  0.704706  0.423451  0.568878  0.508624  0.561232  0.660291  0.764230  0.579983  0.622951  0.661935  0.625423  0.676742  0.620848  0.663666  0.530424  0.727827  0.675398  0.756094  0.710867  0.555009  0.508552  0.651085  0.584882  0.742429  0.490785  0.603558  0.535296  0.519108  0.609206  0.595988  0.505281  0.717403  0.533219  0.725527  0.544265  0.610669  0.800509  0.775186  0.585849  0.549215  0.683178  0.560914 
4  0.569958  0.471145  0.536149  0.519368 0.0  0.346545  0.642075  0.458873  0.642881  0.647034  0.549268  0.491584  0.658780  0.606755  0.606098  0.700083  0.540699  0.555231  0.610080  0.607470  0.371028  0.486838  0.424542  0.423176  0.685729  0.527447  0.575429  0.738577  0.659468  0.563174  0.389965  0.390032  0.680509  0.551946  0.591919  0.585020  0.676716  0.597345  0.535318  0.622821  0.642606  0.688241  0.523595  0.626204  0.630457  0.646072  0.398905  0.655152  0.698887  0.715336  0.434219  0.420323  0.465702  0.674459  0.620821  0.361331  0.428789  0.432485  0.622066  0.643260  0.474774  0.563105  0.604875  0.625658  0.427680  0.709410  0.343947  0.566790  0.462597  0.596130  0.643843  0.450941  0.512579  0.571234  0.520459  0.703379  0.469250  0.549694  0.632695  0.593434  0.625033  0.572096  0.613529  0.735602  0.632365  0.661711  0.689851  0.618377  0.521952 
5  0.737111  0.765234  0.526165  0.684184  0.346545 0.0  0.758479  0.850470  0.595975  0.502566  0.652960  0.546444  0.618955  0.605172  0.630634  0.397029  0.568689  0.390481  0.278725  0.451642  0.442983  0.622130  0.364014  0.481848  0.730026  0.538719  0.601368  0.538143  0.748119  0.615944  0.785594  0.365734  0.871374  0.624961  0.530743  0.271545  0.477613  0.710086  0.394345  0.733469  1.000000  0.919725  0.464909  0.876331  0.815937  0.851755  0.725286  0.810637  0.558006  0.536032  0.657095  0.399862  0.807795  0.570605  0.542828  0.657150  0.448342  0.563749  0.588656  0.776196  0.314060  0.648040  0.682416  0.612303  0.297455  0.496156  0.689910  0.658245  0.705898  0.520766  0.649848  0.599493  0.532958  0.661430  0.487516  0.712975  0.663640  0.782973  0.577902  0.450779  0.574862  0.568359  0.605860  0.454911  0.497049  0.619472  0.700455  0.830601  0.574833 
6  0.704869  0.392973  0.547599  0.686939  0.642075  0.758479 0.0  0.475540  0.734382  0.727231  0.688082  0.746981  0.651629  0.485537  0.718891  0.760872  0.394139  0.636804  0.894958  0.646101  0.678559  0.615195  0.688380  0.779254  0.454067  0.492915  0.552203  0.625409  0.589058  0.567505  0.333801  0.789204  0.675442  0.635982  0.669661  0.751618  0.707777  0.540220  0.919753  0.705295  0.537926  0.543147  0.748146  0.423304  0.544527  0.393497  0.529315  0.531839  0.783631  0.713377  0.634672  0.863843  0.629000  0.353265  0.617042  0.454204  0.799096  0.588314  0.598404  0.715590  0.738631  0.577246  0.625327  0.578104  0.716173  0.765496  0.681865  0.681910  0.529613  0.749938  0.576900  0.634411  0.602572  0.460157  0.698559  0.575956  0.787021  0.548392  0.518656  0.710584  0.699640  0.580680  0.660668  0.679766  0.759727  0.658322  0.571011  0.501363  0.532464 
7  0.343094  0.422790  0.565830  0.759981  0.458873  0.850470  0.475540 0.0  0.722121  0.717689  0.590360  0.661246  0.715619  0.711105  0.663215  0.787232  0.722912  0.666700  0.785239  0.761723  0.593269  0.627492  0.720070  0.717553  0.651079  0.696490  0.600136  0.904202  0.591756  0.503315  0.458833  0.728050  0.644183  0.684773  0.839158  0.925970  0.783545  0.642564  0.731935  0.330855  0.514550  0.474096  0.757745  0.569633  0.184008  0.383087  0.588828  0.545457  0.603913  0.751967  0.590992  0.728183  0.270160  0.770727  0.669351  0.523428  0.823712  0.704329  0.714505  0.448622  0.718120  0.624774  0.739773  0.775029  0.774883  0.834722  0.626598  0.547603  0.542687  0.666664  0.713242  0.610040  0.584575  0.669863  0.640892  0.488379  0.532875  0.532725  0.747897  0.752065  0.790806  0.558225  0.630203  0.799376  0.612340  0.827414  0.628824  0.599992  0.512428 
8  0.700726  0.639071  0.593841  0.618120  0.642881  0.595975  0.734382  0.722121 0.0  0.713188  0.641842  0.522333  0.570928  0.638364  0.642535  0.614779  0.773140  0.668171  0.604355  0.553451  0.665512  0.462048  0.564519  0.559835  0.662109  0.602350  0.607603  0.664778  0.607069  0.631984  0.639049  0.637805  0.675270  0.480849  0.641730  0.453192  0.555240  0.523874  0.475402  0.669771  0.655285  0.854217  0.520872  0.717328  0.835538  0.649716  0.630532  0.652892  0.417519  0.462763  0.512243  0.573150  0.755713  0.794119  0.682892  0.657776  0.617641  0.523628  0.436023  0.787860  0.507254  0.584856  0.685016  0.488284  0.648097  0.451848  0.473952  0.612785  0.656786  0.475238  0.686561  0.542722  0.613478  0.767315  0.662795  0.515768  0.379671  0.616121  0.632451  0.471639  0.708214  0.453461  0.699209  0.584793  0.434052  0.603713  0.525167  0.647575  0.676356 
9  0.675588  0.660865  0.618069  0.798522  0.647034  0.502566  0.727231  0.717689  0.713188 0.0  0.599964  0.613202  0.472237  0.647356  0.702861  0.679831  0.722712  0.589068  0.467766  0.619490  0.560394  0.689806  0.521426  0.516131  0.755031  0.737128  0.547213  0.607903  0.590845  0.544123  0.626897  0.537230  0.770012  0.677447  0.606585  0.554400  0.534021  0.688085  0.457454  0.842446  0.742684  0.775987  0.538585  0.564974  0.677960  0.772809  0.671545  0.535124  0.602395  0.626073  0.593804  0.698778  0.714539  0.644570  0.632173  0.670271  0.592515  0.531423  0.704567  0.741735  0.498192  0.746016  0.757583  0.606975  0.511310  0.489600  0.727127  0.587236  0.606727  0.678250  0.577990  0.656394  0.507766  0.589508  0.675321  0.592361  0.707139  0.634530  0.566186  0.489567  0.579446  0.712357  0.514722  0.595017  0.725514  0.637096  0.591116  0.667656  0.562845 
10  0.778022  0.599552  0.685156  0.575432  0.549268  0.652960  0.688082  0.590360  0.641842  0.599964 0.0  0.593498  0.712819  0.576334  0.585613  0.598902  0.496332  0.554500  0.666290  0.551960  0.525628  0.579530  0.595248  0.506261  0.581723  0.658406  0.554491  0.608463  0.654548  0.677102  0.497119  0.507836  0.597017  0.631760  0.654668  0.610755  0.527445  0.612388  0.497530  0.640732  0.500576  0.602930  0.728352  0.650135  0.623334  0.640133  0.579396  0.566807  0.583923  0.653841  0.585028  0.525093  0.532080  0.612172  0.616352  0.666804  0.497770  0.605112  0.626312  0.606433  0.663432  0.633671  0.512638  0.700278  0.651811  0.597072  0.667991  0.659316  0.679628  0.597302  0.600842  0.627301  0.485158  0.619408  0.535704  0.656087  0.602370  0.713499  0.554269  0.596362  0.630787  0.591840  0.669306  0.643978  0.588673  0.644124  0.547533  0.559736  0.544734 
11  0.701650  0.628311  0.523825  0.689208  0.491584  0.546444  0.746981  0.661246  0.522333  0.613202  0.593498 0.0  0.552950  0.620926  0.458334  0.685159  0.802013  0.607618  0.739707  0.339854  0.531646  0.536524  0.639205  0.516063  0.639711  0.367438  0.564637  0.720131  0.631351  0.582118  0.547873  0.561306  0.722142  0.404959  0.557625  0.475351  0.594318  0.377180  0.548207  0.756013  0.667820  0.679144  0.563661  0.539937  0.744845  0.631567  0.667912  0.614764  0.542976  0.405663  0.601178  0.659387  0.681095  0.683141  0.556720  0.502180  0.521431  0.419805  0.411677  0.673046  0.601134  0.593545  0.526905  0.588184  0.564976  0.515053  0.520646  0.552918  0.590902  0.339825  0.668490  0.477019  0.556575  0.688742  0.659772  0.658754  0.445965  0.684203  0.626962  0.373502  0.632892  0.427302  0.676571  0.647369  0.509493  0.454948  0.629732  0.598015  0.741401 
12  0.669897  0.662277  0.647680  0.619766  0.658780  0.618955  0.651629  0.715619  0.570928  0.472237  0.712819  0.552950 0.0  0.742301  0.613383  0.419348  0.742156  0.645204  0.738409  0.595457  0.664888  0.752111  0.619236  0.468941  0.761459  0.533734  0.689186  0.769601  0.533506  0.667587  0.542512  0.621464  0.625553  0.572124  0.560260  0.434178  0.574584  0.698865  0.457446  0.700219  0.485885  0.769303  0.421700  0.558497  0.644929  0.567724  0.547720  0.575456  0.463667  0.556332  0.609597  0.592611  0.574070  0.766486  0.612695  0.569592  0.668084  0.596771  0.466305  0.500996  0.457603  0.641481  0.659756  0.498743  0.519977  0.677444  0.538017  0.610990  0.538120  0.550981  0.806273  0.578037  0.509922  0.600080  0.631104  0.536620  0.663951  0.640050  0.611377  0.589934  0.549592  0.591911  0.590812  0.748852  0.689419  0.670927  0.675237  0.695109  0.490023 
13  0.859984  0.527052  0.584021  0.685335  0.606755  0.605172  0.485537  0.711105  0.638364  0.647356  0.576334  0.620926  0.742301 0.0  0.641071  0.568440  0.522315  0.606906  0.674982  0.608512  0.655276  0.601409  0.637471  0.605950  0.586400  0.708641  0.586873  0.552953  0.777974  0.642875  0.522090  0.729947  0.804939  0.654092  0.588741  0.558599  0.374973  0.780562  0.758097  0.702077  0.783347  0.773360  0.619670  0.570948  0.823583  0.482130  0.772943  0.605308  0.744746  0.583427  0.590061  0.729123  0.740661  0.475790  0.550609  0.577258  0.716900  0.686895  0.703837  0.745588  0.811725  0.639368  0.593453  0.472794  0.599626  0.671908  0.584310  0.767432  0.593190  0.693431  0.446447  0.526838  0.633393  0.518269  0.841569  0.689895  0.581261  0.713475  0.567685  0.561139  0.568529  0.764814  0.608014  0.614333  0.682956  0.612119  0.534396  0.527351  0.647606 
14  0.695718  0.799844  0.758225  0.401865  0.606098  0.630634  0.718891  0.663215  0.642535  0.702861  0.585613  0.458334  0.613383  0.641071 0.0  0.653438  0.768511  0.579068  0.630847  0.526512  0.552245  0.542008  0.698672  0.545485  0.687845  0.490076  0.622903  0.772956  0.634044  0.534801  0.671880  0.538787  0.765902  0.467661  0.643529  0.437461  0.616443  0.440246  0.520077  0.729188  0.896877  0.792219  0.510769  0.527456  0.624956  0.646379  0.566619  0.688950  0.499753  0.524505  0.574591  0.448719  0.635187  0.741973  0.642474  0.610243  0.573986  0.462612  0.577827  0.716544  0.618375  0.551448  0.603569  0.658512  0.639042  0.566485  0.551702  0.574122  0.707648  0.337167  0.701271  0.378359  0.633368  0.631957  0.586480  0.600346  0.473897  0.613862  0.480664  0.402248  0.753896  0.526854  0.555272  0.631853  0.435458  0.412156  0.642585  0.624465  0.606197 
15  0.749150  0.769503  0.515578  0.647121  0.700083  0.397029  0.760872  0.787232  0.614779  0.679831  0.598902  0.685159  0.419348  0.568440  0.653438 0.0  0.673411  0.644628  0.688587  0.496624  0.746955  0.657405  0.715532  0.619774  0.747666  0.566407  0.682872  0.643349  0.582974  0.592978  0.759871  0.641820  0.484777  0.574374  0.441769  0.502909  0.532984  0.741080  0.616810  0.730547  0.697580  0.873799  0.562813  0.719314  0.936227  0.812825  0.511708  0.733519  0.615904  0.627658  0.577752  0.678684  0.707359  0.734924  0.501590  0.564810  0.654457  0.573211  0.615451  0.808942  0.565179  0.689889  0.681512  0.706293  0.556266  0.570236  0.649322  0.605460  0.739486  0.615944  0.698592  0.680279  0.639311  0.692130  0.750662  0.589362  0.698655  0.810231  0.522062  0.554917  0.448326  0.636612  0.716180  0.661507  0.674759  0.623424  0.655686  0.712552  0.664062 
16  0.800198  0.525830  0.691614  0.743217  0.540699  0.568689  0.394139  0.722912  0.773140  0.722712  0.496332  0.802013  0.742156  0.522315  0.768511  0.673411 0.0  0.652930  0.729011  0.559622  0.625918  0.502576  0.682338  0.854077  0.495813  0.676262  0.353864  0.618316  0.650513  0.749494  0.513065  0.810280  0.694631  0.796952  0.578207  0.638042  0.515942  0.841954  0.774621  0.750201  0.692063  0.683345  0.780654  0.519925  0.763104  0.592855  0.652821  0.605329  0.847605  0.694921  0.796608  0.808866  0.668802  0.255197  0.561336  0.412424  0.673012  0.494368  0.790951  0.723993  0.645466  0.771178  0.665445  0.490085  0.669828  0.728485  0.727873  0.630781  0.494367  0.830843  0.452887  0.573506  0.681122  0.413100  0.808197  0.756196  0.768889  0.713743  0.549921  0.620431  0.457497  0.802149  0.764812  0.508846  0.623356  0.555188  0.620333  0.578527  0.685663 
17  0.680874  0.666630  0.658498  0.810466  0.555231  0.390481  0.636804  0.666700  0.668171  0.589068  0.554500  0.607618  0.645204  0.606906  0.579068  0.644628  0.652930 0.0  0.460066  0.512308  0.549292  0.560919  0.400768  0.625921  0.674217  0.526597  0.620410  0.656694  0.656605  0.706793  0.607739  0.459754  0.756596  0.561489  0.471373  0.508276  0.595240  0.658272  0.480093  0.714633  0.757736  0.747977  0.552632  0.572639  0.731973  0.762213  0.598522  0.787470  0.726576  0.650349  0.796327  0.506933  0.691207  0.544114  0.608778  0.695885  0.474776  0.553713  0.644658  0.726226  0.497104  0.688651  0.563752  0.711065  0.542958  0.656539  0.624504  0.656481  0.761221  0.672094  0.700354  0.695716  0.675926  0.622009  0.568337  0.714176  0.669095  0.568967  0.640443  0.465596  0.571765  0.666114  0.738153  0.429531  0.579025  0.509295  0.720678  0.719314  0.585594 
18  0.705433  0.758014  0.656596  0.724636  0.610080  0.278725  0.894958  0.785239  0.604355  0.467766  0.666290  0.739707  0.738409  0.674982  0.630847  0.688587  0.729011  0.460066 0.0  0.598216  0.475849  0.646203  0.400006  0.383584  0.613661  0.534097  0.697826  0.646093  0.681515  0.650984  0.820561  0.429249  0.759096  0.652486  0.660212  0.451351  0.528711  0.722894  0.413454  0.666233  0.816758  0.768083  0.637388  0.701174  0.782991  0.755463  0.676452  0.729046  0.572428  0.557406  0.599769  0.533653  0.712407  0.583461  0.592955  0.787730  0.408585  0.625462  0.507596  0.719638  0.480614  0.709781  0.664221  0.678191  0.420128  0.472339  0.588088  0.607616  0.745267  0.540725  0.747072  0.649935  0.649282  0.689361  0.487381  0.710127  0.791906  0.688056  0.635682  0.533187  0.648443  0.575276  0.675910  0.543318  0.499013  0.634735  0.575769  0.710770  0.620297 
19  0.673772  0.737395  0.618517  0.569429  0.607470  0.451642  0.646101  0.761723  0.553451  0.619490  0.551960  0.339854  0.595457  0.608512  0.526512  0.496624  0.559622  0.512308  0.598216 0.0  0.716995  0.356485  0.516991  0.683393  0.809969  0.407919  0.537446  0.557639  0.781372  0.621299  0.673508  0.673943  0.813137  0.464775  0.586071  0.341505  0.518973  0.620129  0.556102  0.696294  0.662754  0.820338  0.548465  0.618852  0.855351  0.669074  0.547777  0.702271  0.444237  0.350515  0.586447  0.669792  0.646347  0.556093  0.513707  0.611992  0.532535  0.386783  0.528022  0.714650  0.540480  0.715672  0.450603  0.663156  0.395306  0.457065  0.434074  0.645865  0.530888  0.464813  0.606411  0.484034  0.623063  0.533059  0.733168  0.571548  0.525659  0.525857  0.546726  0.301696  0.500963  0.422763  0.641658  0.543383  0.500603  0.372377  0.666969  0.689634  0.615608 
20  0.469529  0.584829  0.464198  0.518308  0.371028  0.442983  0.678559  0.593269  0.665512  0.560394  0.525628  0.531646  0.664888  0.655276  0.552245  0.746955  0.625918  0.549292  0.475849  0.716995 0.0  0.683667  0.528078  0.321688  0.669516  0.585592  0.627247  0.503595  0.682521  0.665891  0.708200  0.466464  0.749279  0.515300  0.483006  0.635622  0.707709  0.486875  0.405663  0.738648  0.679303  0.722991  0.474747  0.653699  0.645173  0.754988  0.462494  0.544274  0.503928  0.656172  0.550977  0.467685  0.514823  0.758406  0.659234  0.580576  0.281806  0.448924  0.515947  0.528135  0.309160  0.695967  0.461276  0.535050  0.470631  0.765433  0.487988  0.504648  0.567819  0.578046  0.705135  0.449651  0.509010  0.535501  0.438494  0.534639  0.594622  0.657211  0.722277  0.692748  0.629821  0.550096  0.552220  0.741693  0.708484  0.616032  0.753377  0.656805  0.616617 
21  0.755918  0.748830  0.662977  0.621077  0.486838  0.622130  0.615195  0.627492  0.462048  0.689806  0.579530  0.536524  0.752111  0.601409  0.542008  0.657405  0.502576  0.560919  0.646203  0.356485  0.683667 0.0  0.675189  0.698928  0.578140  0.290884  0.543703  0.550875  0.632225  0.620072  0.661985  0.607566  0.741687  0.548370  0.540007  0.490354  0.600338  0.562351  0.748533  0.718233  0.728678  0.723318  0.586961  0.588747  0.703311  0.614354  0.639567  0.721807  0.445285  0.496176  0.644438  0.544979  0.786282  0.494166  0.731945  0.633329  0.709949  0.389164  0.588319  0.748412  0.649328  0.629427  0.385844  0.677092  0.543447  0.537603  0.533543  0.526600  0.600008  0.617313  0.549783  0.507042  0.715767  0.671124  0.601375  0.602732  0.548134  0.600672  0.481251  0.362368  0.491862  0.585063  0.725655  0.518350  0.376727  0.374295  0.640702  0.500729  0.544891 
22  0.693872  0.737487  0.635911  0.728166  0.424542  0.364014  0.688380  0.720070  0.564519  0.521426  0.595248  0.639205  0.619236  0.637471  0.698672  0.715532  0.682338  0.400768  0.400006  0.516991  0.528078  0.675189 0.0  0.373947  0.763741  0.502470  0.601161  0.533011  0.592388  0.725011  0.751086  0.411584  0.789413  0.701638  0.547724  0.487811  0.536660  0.597567  0.441475  0.652201  0.677590  0.756596  0.405654  0.622818  0.766472  0.784239  0.647962  0.475176  0.535102  0.663210  0.604857  0.513000  0.557258  0.751720  0.636974  0.696940  0.346347  0.540586  0.485886  0.673418  0.356474  0.614361  0.727438  0.663255  0.247924  0.577195  0.549718  0.664520  0.640491  0.612518  0.675135  0.561816  0.672660  0.716243  0.505019  0.578107  0.548746  0.595555  0.631935  0.576455  0.618100  0.648551  0.652079  0.622998  0.721955  0.553403  0.675967  0.706076  0.691453 
23  0.608094  0.754375  0.499272  0.579248  0.423176  0.481848  0.779254  0.717553  0.559835  0.516131  0.506261  0.516063  0.468941  0.605950  0.545485  0.619774  0.854077  0.625921  0.383584  0.683393  0.321688  0.698928  0.373947 0.0  0.603051  0.401891  0.695653  0.587213  0.615959  0.520960  0.573509  0.362302  0.796766  0.529098  0.591853  0.546284  0.507145  0.656796  0.451549  0.798777  0.767376  0.725221  0.312905  0.673467  0.686453  0.746366  0.625423  0.613631  0.500511  0.599773  0.567709  0.388842  0.676852  0.801472  0.638611  0.630279  0.435916  0.535814  0.624259  0.613276  0.381878  0.546565  0.698671  0.388154  0.372221  0.542941  0.485393  0.536457  0.548191  0.569887  0.778228  0.484223  0.589220  0.629070  0.525753  0.572156  0.523044  0.487097  0.603597  0.628971  0.588484  0.671544  0.583012  0.453061  0.540702  0.518048  0.593717  0.659033  0.616641 
24  0.534961  0.476963  0.663278  0.668428  0.685729  0.730026  0.454067  0.651079  0.662109  0.755031  0.581723  0.639711  0.761459  0.586400  0.687845  0.747666  0.495813  0.674217  0.613661  0.809969  0.669516  0.578140  0.763741  0.603051 0.0  0.705555  0.574339  0.631413  0.655207  0.641156  0.434688  0.743925  0.616631  0.628162  0.653068  0.681716  0.591149  0.591263  0.709661  0.611684  0.507587  0.646967  0.595183  0.590334  0.698478  0.445917  0.666566  0.587589  0.688950  0.622862  0.517558  0.721137  0.623458  0.679618  0.636470  0.548904  0.833379  0.598086  0.677564  0.606278  0.663934  0.613712  0.608564  0.527658  0.691256  0.629695  0.681111  0.597732  0.465324  0.676764  0.630991  0.593945  0.574828  0.498847  0.584572  0.535681  0.586800  0.624040  0.784999  0.708443  0.674463  0.648103  0.677045  0.648937  0.592503  0.605669  0.523640  0.360321  0.620146 
25  0.641224  0.650483  0.657452  0.576168  0.527447  0.538719  0.492915  0.696490  0.602350  0.737128  0.658406  0.367438  0.533734  0.708641  0.490076  0.566407  0.676262  0.526597  0.534097  0.407919  0.585592  0.290884  0.502470  0.401891  0.705555 0.0  0.470636  0.591772  0.651592  0.601577  0.479744  0.531206  0.779246  0.430234  0.497687  0.316828  0.601081  0.420524  0.575554  0.704046  0.677301  0.704698  0.422461  0.599064  0.626474  0.505507  0.543875  0.654525  0.594739  0.436296  0.672315  0.557474  0.590887  0.586181  0.528832  0.474158  0.564467  0.226928  0.451852  0.701756  0.539751  0.683696  0.432740  0.638449  0.467672  0.505350  0.464878  0.551520  0.311180  0.470988  0.589576  0.313342  0.468792  0.394106  0.600229  0.572937  0.438260  0.424630  0.611215  0.292635  0.655526  0.440330  0.732258  0.771872  0.491513  0.328007  0.634651  0.532857  0.633573 
26  0.710895  0.612459  0.695210  0.711984  0.575429  0.601368  0.552203  0.600136  0.607603  0.547213  0.554491  0.564637  0.689186  0.586873  0.622903  0.682872  0.353864  0.620410  0.697826  0.537446  0.627247  0.543703  0.601161  0.695653  0.574339  0.470636 0.0  0.499524  0.527849  0.605585  0.512338  0.701739  0.696349  0.670141  0.547212  0.528587  0.464913  0.754030  0.597524  0.676798  0.633480  0.735538  0.594535  0.567968  0.627487  0.638059  0.658722  0.631829  0.609051  0.681259  0.707826  0.548684  0.660262  0.466709  0.739437  0.600759  0.624780  0.671459  0.587669  0.619438  0.618096  0.715372  0.535530  0.532345  0.549266  0.763929  0.665346  0.692509  0.490639  0.652175  0.541240  0.651718  0.741280  0.453867  0.647333  0.696450  0.755437  0.699209  0.593100  0.545014  0.574227  0.798993  0.548945  0.519175  0.653720  0.488772  0.551826  0.633287  0.604442 
27  0.790116  0.627110  0.642927  0.663622  0.738577  0.538143  0.625409  0.904202  0.664778  0.607903  0.608463  0.720131  0.769601  0.552953  0.772956  0.643349  0.618316  0.656694  0.646093  0.557639  0.503595  0.550875  0.533011  0.587213  0.631413  0.591772  0.499524 0.0  0.646094  0.547346  0.719932  0.705210  0.853108  0.596498  0.743708  0.565312  0.312797  0.720548  0.603382  0.864357  0.752355  0.874236  0.645186  0.662849  0.765649  0.717392  0.744391  0.555565  0.643271  0.627101  0.634161  0.702534  0.744141  0.555333  0.733954  0.631566  0.577154  0.557881  0.685111  0.760269  0.582415  0.742817  0.555278  0.464859  0.522054  0.622159  0.621851  0.658054  0.561609  0.690465  0.496949  0.664920  0.563731  0.302585  0.832003  0.785427  0.746141  0.532429  0.610527  0.506715  0.598714  0.759773  0.588625  0.657121  0.726277  0.647521  0.509494  0.700600  0.638987 
28  0.576057  0.557187  0.664987  0.595413  0.659468  0.748119  0.589058  0.591756  0.607069  0.590845  0.654548  0.631351  0.533506  0.777974  0.634044  0.582974  0.650513  0.656605  0.681515  0.781372  0.682521  0.632225  0.592388  0.615959  0.655207  0.651592  0.527849  0.646094 0.0  0.670993  0.649803  0.678205  0.572032  0.442460  0.679545  0.693406  0.748304  0.654846  0.591154  0.523366  0.618474  0.475319  0.611209  0.650861  0.591870  0.553911  0.549118  0.567399  0.602140  0.704270  0.512469  0.672340  0.583419  0.797198  0.647713  0.554772  0.562014  0.662784  0.489570  0.611790  0.676671  0.512283  0.724004  0.520154  0.665891  0.773368  0.605851  0.573202  0.616000  0.669928  0.686973  0.597946  0.596635  0.640959  0.600698  0.544810  0.505862  0.565006  0.668989  0.610240  0.697468  0.544853  0.641798  0.718405  0.590240  0.642314  0.694447  0.611996  0.697167 
29  0.627307  0.421153  0.630572  0.568361  0.563174  0.615944  0.567505  0.503315  0.631984  0.544123  0.677102  0.582118  0.667587  0.642875  0.534801  0.592978  0.749494  0.706793  0.650984  0.621299  0.665891  0.620072  0.725011  0.520960  0.641156  0.601577  0.605585  0.547346  0.670993 0.0  0.504968  0.692974  0.403753  0.620406  0.624117  0.659633  0.754282  0.567386  0.659759  0.640023  0.531722  0.479773  0.670075  0.715395  0.521732  0.459951  0.524488  0.611273  0.533886  0.601721  0.568753  0.654382  0.485649  0.541171  0.577822  0.487695  0.802073  0.649081  0.642585  0.607855  0.609707  0.670023  0.540612  0.505039  0.584133  0.668324  0.590193  0.679085  0.573726  0.599145  0.622806  0.619185  0.616324  0.719044  0.595010  0.545505  0.683155  0.593958  0.629099  0.647828  0.569842  0.605470  0.571076  0.687456  0.642179  0.675278  0.619926  0.602520  0.499244 
30  0.615723  0.354433  0.624171  0.822525  0.389965  0.785594  0.333801  0.458833  0.639049  0.626897  0.497119  0.547873  0.542512  0.522090  0.671880  0.759871  0.513065  0.607739  0.820561  0.673508  0.708200  0.661985  0.751086  0.573509  0.434688  0.479744  0.512338  0.719932  0.649803  0.504968 0.0  0.707477  0.661983  0.631522  0.678694  0.777939  0.717598  0.573704  0.752188  0.676820  0.445662  0.549529  0.628451  0.462728  0.555786  0.245321  0.633297  0.403798  0.721710  0.702989  0.621233  0.746026  0.433050  0.373910  0.748311  0.175795  0.650449  0.659998  0.699569  0.742102  0.628332  0.672318  0.596539  0.529910  0.671509  0.777726  0.656670  0.580093  0.320782  0.643126  0.559183  0.456075  0.515900  0.467370  0.765604  0.619171  0.676532  0.618652  0.501922  0.651343  0.727078  0.501782  0.626396  0.703647  0.609469  0.547265  0.493210  0.405464  0.660363 
31  0.682398  0.723305  0.748980  0.564514  0.390032  0.365734  0.789204  0.728050  0.637805  0.537230  0.507836  0.561306  0.621464  0.729947  0.538787  0.641820  0.810280  0.459754  0.429249  0.673943  0.466464  0.607566  0.411584  0.362302  0.743925  0.531206  0.701739  0.705210  0.678205  0.692974  0.707477 0.0  0.845002  0.653462  0.465924  0.571230  0.591039  0.637509  0.370196  0.714170  0.773435  0.739629  0.358171  0.580744  0.609212  0.711186  0.689400  0.642753  0.639239  0.526566  0.488804  0.414626  0.708622  0.857144  0.692255  0.629184  0.453121  0.476051  0.553914  0.668657  0.377645  0.687514  0.637414  0.600060  0.257146  0.594779  0.540892  0.626338  0.606921  0.560290  0.797148  0.496908  0.558880  0.546736  0.392752  0.641971  0.587041  0.665097  0.650954  0.548642  0.658242  0.582928  0.659166  0.492398  0.605858  0.604046  0.651591  0.652318  0.549164 
32  0.493163  0.506793  0.456130  0.715726  0.680509  0.871374  0.675442  0.644183  0.675270  0.770012  0.597017  0.722142  0.625553  0.804939  0.765902  0.484777  0.694631  0.756596  0.759096  0.813137  0.749279  0.741687  0.789413  0.796766  0.616631  0.779246  0.696349  0.853108  0.572032  0.403753  0.661983  0.845002 0.0  0.749510  0.762266  0.912443  0.869994  0.639457  0.695830  0.500155  0.306773  0.483519  0.659739  0.533775  0.788417  0.624920  0.592546  0.599735  0.736377  0.675322  0.718129  0.881282  0.526359  0.747735  0.702633  0.652699  0.869039  0.681287  0.677340  0.572604  0.833431  0.445656  0.723129  0.636486  0.933057  0.808503  0.721374  0.595230  0.735480  0.700569  0.764421  0.651677  0.605178  0.730474  0.743336  0.602931  0.593318  0.832420  0.546215  0.788565  0.752111  0.599928  0.643059  0.668392  0.699137  0.767464  0.708350  0.616901  0.648804 
33  0.444328  0.555396  0.456619  0.455235  0.551946  0.624961  0.635982  0.684773  0.480849  0.677447  0.631760  0.404959  0.572124  0.654092  0.467661  0.574374  0.796952  0.561489  0.652486  0.464775  0.515300  0.548370  0.701638  0.529098  0.628162  0.430234  0.670141  0.596498  0.442460  0.620406  0.631522  0.653462  0.749510 0.0  0.688208  0.401117  0.726569  0.327348  0.603241  0.612629  0.688989  0.677762  0.510918  0.569341  0.798067  0.562213  0.603431  0.562036  0.388989  0.481408  0.548916  0.676804  0.548377  0.806709  0.581941  0.536812  0.492868  0.467439  0.465508  0.611551  0.660375  0.567848  0.609318  0.610131  0.654660  0.603966  0.533817  0.599109  0.649263  0.453915  0.558296  0.393407  0.655949  0.658180  0.718938  0.458963  0.461935  0.537558  0.769569  0.508491  0.739430  0.344076  0.641026  0.745737  0.494624  0.546252  0.579735  0.493362  0.636800 
34  0.750931  0.669466  0.581186  0.457558  0.591919  0.530743  0.669661  0.839158  0.641730  0.606585  0.654668  0.557625  0.560260  0.588741  0.643529  0.441769  0.578207  0.471373  0.660212  0.586071  0.483006  0.540007  0.547724  0.591853  0.653068  0.497687  0.547212  0.743708  0.679545  0.624117  0.678694  0.465924  0.762266  0.688208 0.0  0.319737  0.557607  0.683784  0.615649  0.685219  0.768114  0.759480  0.511249  0.719239  0.687847  0.721324  0.639578  0.714596  0.651585  0.482836  0.467532  0.562150  0.740874  0.653456  0.544745  0.719973  0.583225  0.360774  0.627392  0.773082  0.442018  0.641089  0.624133  0.826196  0.520758  0.567630  0.546775  0.710326  0.687173  0.558804  0.715380  0.467992  0.761084  0.608053  0.578726  0.646857  0.701121  0.469167  0.508723  0.372401  0.515649  0.465106  0.621416  0.538911  0.505860  0.641024  0.727650  0.728266  0.712483 
35  0.781991  0.751549  0.743198  0.618376  0.585020  0.271545  0.751618  0.925970  0.453192  0.554400  0.610755  0.475351  0.434178  0.558599  0.437461  0.502909  0.638042  0.508276  0.451351  0.341505  0.635622  0.490354  0.487811  0.546284  0.681716  0.316828  0.528587  0.565312  0.693406  0.659633  0.777939  0.571230  0.912443  0.401117  0.319737 0.0  0.397985  0.502600  0.497797  0.775431  0.906671  0.869775  0.552943  0.695219  0.915836  0.838265  0.791585  0.644545  0.425364  0.390751  0.670346  0.368222  0.806180  0.712419  0.527805  0.700871  0.495004  0.444621  0.477922  0.749771  0.420160  0.625012  0.578528  0.616988  0.487850  0.334598  0.475363  0.661236  0.709029  0.488782  0.617579  0.452032  0.638864  0.642313  0.610457  0.667456  0.508339  0.580780  0.703399  0.313192  0.527034  0.473765  0.683658  0.593459  0.538400  0.424060  0.623893  0.643840  0.596738 
36  0.733926  0.605238  0.601969  0.734618  0.676716  0.477613  0.707777  0.783545  0.555240  0.534021  0.527445  0.594318  0.574584  0.374973  0.616443  0.532984  0.515942  0.595240  0.528711  0.518973  0.707709  0.600338  0.536660  0.507145  0.591149  0.601081  0.464913  0.312797  0.748304  0.754282  0.717598  0.591039  0.869994  0.726569  0.557607  0.397985 0.0  0.718947  0.531328  0.751179  0.800575  0.930667  0.540014  0.553785  0.939032  0.669219  0.741247  0.540587  0.640764  0.477873  0.618292  0.491761  0.805526  0.418852  0.463536  0.596343  0.717103  0.595471  0.513523  0.713429  0.489596  0.693312  0.732165  0.488079  0.482464  0.458955  0.726831  0.621613  0.523441  0.636632  0.530276  0.571878  0.589377  0.410654  0.706927  0.744748  0.779981  0.655270  0.498184  0.557811  0.546671  0.751853  0.613401  0.613091  0.682710  0.653654  0.491071  0.513606  0.608513 
37  0.475957  0.574251  0.522079  0.468015  0.597345  0.710086  0.540220  0.642564  0.523874  0.688085  0.612388  0.377180  0.698865  0.780562  0.440246  0.741080  0.841954  0.658272  0.722894  0.620129  0.486875  0.562351  0.597567  0.656796  0.591263  0.420524  0.754030  0.720548  0.654846  0.567386  0.573704  0.637509  0.639457  0.327348  0.683784  0.502600  0.718947 0.0  0.472436  0.605257  0.641346  0.627551  0.496736  0.602603  0.737038  0.601653  0.622123  0.439613  0.329913  0.381882  0.512706  0.682993  0.635077  0.790193  0.721843  0.615288  0.644027  0.524683  0.547038  0.636933  0.757603  0.569613  0.621570  0.574061  0.751232  0.438837  0.446607  0.559018  0.730363  0.440803  0.575891  0.373356  0.571980  0.681206  0.512735  0.501307  0.456268  0.569450  0.706517  0.545134  0.637290  0.360731  0.553473  0.638062  0.412266  0.489283  0.708178  0.571945  0.666715 
38  0.648963  0.645234  0.635983  0.565370  0.535318  0.394345  0.919753  0.731935  0.475402  0.457454  0.497530  0.548207  0.457446  0.758097  0.520077  0.616810  0.774621  0.480093  0.413454  0.556102  0.405663  0.748533  0.441475  0.451549  0.709661  0.575554  0.597524  0.603382  0.591154  0.659759  0.752188  0.370196  0.695830  0.603241  0.615649  0.497797  0.531328  0.472436 0.0  0.685167  0.838533  0.734727  0.380099  0.584863  0.796879  0.834928  0.578696  0.606603  0.431824  0.491788  0.533352  0.305054  0.695033  0.718551  0.630719  0.646207  0.359770  0.574390  0.414032  0.666767  0.200450  0.634173  0.663347  0.551810  0.326444  0.568418  0.472360  0.595694  0.720589  0.503725  0.706434  0.511413  0.511112  0.656343  0.531460  0.521432  0.472762  0.724432  0.545396  0.438612  0.634889  0.707848  0.580197  0.611653  0.616616  0.636188  0.720574  0.700202  0.572621 
39  0.388592  0.529763  0.720347  0.611291  0.622821  0.733469  0.705295  0.330855  0.669771  0.842446  0.640732  0.756013  0.700219  0.702077  0.729188  0.730547  0.750201  0.714633  0.666233  0.696294  0.738648  0.718233  0.652201  0.798777  0.611684  0.704046  0.676798  0.864357  0.523366  0.640023  0.676820  0.714170  0.500155  0.612629  0.685219  0.775431  0.751179  0.605257  0.685167 0.0  0.487737  0.217597  0.702401  0.624090  0.533297  0.548881  0.580340  0.733235  0.634065  0.694986  0.552041  0.788798  0.568276  0.733802  0.753444  0.679063  0.763253  0.709526  0.527447  0.475333  0.768891  0.542360  0.691696  0.761819  0.874889  0.726467  0.634502  0.507684  0.689201  0.775637  0.690024  0.594038  0.558703  0.702091  0.560547  0.606155  0.688292  0.700393  0.629141  0.682434  0.773919  0.564369  0.728895  0.779958  0.603725  0.795653  0.650205  0.580734  0.593640 
40  0.562333  0.532260  0.635829  0.809126  0.642606  1.000000  0.537926  0.514550  0.655285  0.742684  0.500576  0.667820  0.485885  0.783347  0.896877  0.697580  0.692063  0.757736  0.816758  0.662754  0.679303  0.728678  0.677590  0.767376  0.507587  0.677301  0.633480  0.752355  0.618474  0.531722  0.445662  0.773435  0.306773  0.688989  0.768114  0.906671  0.800575  0.641346  0.838533  0.487737 0.0  0.363112  0.742841  0.646822  0.603818  0.566411  0.535382  0.709912  0.761262  0.737206  0.536753  0.667557  0.573970  0.642776  0.603735  0.403207  0.749950  0.719854  0.720128  0.556363  0.758140  0.596046  0.766475  0.674080  0.810840  0.762666  0.670400  0.537228  0.559234  0.686959  0.676145  0.629253  0.552202  0.667463  0.652524  0.501866  0.701760  0.806423  0.638942  0.799777  0.678665  0.565568  0.703153  0.739388  0.700805  0.779857  0.613078  0.536587  0.665934 
41  0.432595  0.568251  0.512455  0.647063  0.688241  0.919725  0.543147  0.474096  0.854217  0.775987  0.602930  0.679144  0.769303  0.773360  0.792219  0.873799  0.683345  0.747977  0.768083  0.820338  0.722991  0.723318  0.756596  0.725221  0.646967  0.704698  0.735538  0.874236  0.475319  0.479773  0.549529  0.739629  0.483519  0.677762  0.759480  0.869775  0.930667  0.627551  0.734727  0.217597  0.363112 0.0  0.863642  0.562664  0.503793  0.425021  0.626661  0.622336  0.762524  0.791500  0.602981  0.840450  0.523552  0.663029  0.727796  0.662560  0.726102  0.776609  0.678419  0.501267  0.866665  0.546295  0.720342  0.766822  0.756367  0.876326  0.678685  0.609350  0.517733  0.671145  0.794140  0.706110  0.484866  0.797124  0.670322  0.528765  0.814770  0.666617  0.598613  0.726235  0.768036  0.605958  0.623491  0.734753  0.658665  0.795693  0.728059  0.586952  0.553911 
42  0.537961  0.684896  0.627707  0.570391  0.523595  0.464909  0.748146  0.757745  0.520872  0.538585  0.728352  0.563661  0.421700  0.619670  0.510769  0.562813  0.780654  0.552632  0.637388  0.548465  0.474747  0.586961  0.405654  0.312905  0.595183  0.422461  0.594535  0.645186  0.611209  0.670075  0.628451  0.358171  0.659739  0.510918  0.511249  0.552943  0.540014  0.496736  0.380099  0.702401  0.742841  0.863642 0.0  0.648331  0.747273  0.726255  0.528888  0.612243  0.398943  0.390588  0.486415  0.380965  0.704804  0.671940  0.600179  0.581152  0.474617  0.511122  0.279492  0.651318  0.363595  0.530987  0.752875  0.586129  0.257145  0.419994  0.273685  0.472341  0.621573  0.446842  0.631635  0.533364  0.474159  0.616096  0.411611  0.543331  0.603706  0.607123  0.547934  0.497575  0.709430  0.574727  0.588180  0.551092  0.614481  0.605441  0.712983  0.617183  0.631150 
43  0.589423  0.278102  0.669059  0.637267  0.626204  0.876331  0.423304  0.569633  0.717328  0.564974  0.650135  0.539937  0.558497  0.570948  0.527456  0.719314  0.519925  0.572639  0.701174  0.618852  0.653699  0.588747  0.622818  0.673467  0.590334  0.599064  0.567968  0.662849  0.650861  0.715395  0.462728  0.580744  0.533775  0.569341  0.719239  0.695219  0.553785  0.602603  0.584863  0.624090  0.646822  0.562664  0.648331 0.0  0.497897  0.357257  0.660860  0.498488  0.700192  0.591628  0.504344  0.683584  0.615085  0.391005  0.623442  0.347126  0.676668  0.602275  0.626067  0.646636  0.729497  0.573159  0.656653  0.545762  0.626975  0.827920  0.567074  0.678787  0.374984  0.608886  0.703756  0.639410  0.604183  0.445628  0.623532  0.558647  0.621798  0.696724  0.578668  0.580304  0.709634  0.585354  0.590246  0.778113  0.652028  0.740643  0.543903  0.478435  0.487678 
44  0.408845  0.513638  0.733321  0.763661  0.630457  0.815937  0.544527  0.184008  0.835538  0.677960  0.623334  0.744845  0.644929  0.823583  0.624956  0.936227  0.763104  0.731973  0.782991  0.855351  0.645173  0.703311  0.766472  0.686453  0.698478  0.626474  0.627487  0.765649  0.591870  0.521732  0.555786  0.609212  0.788417  0.798067  0.687847  0.915836  0.939032  0.737038  0.796879  0.533297  0.603818  0.503793  0.747273  0.497897 0.0  0.421823  0.670746  0.678698  0.847688  0.730373  0.732349  0.614050  0.349380  0.636771  0.762932  0.549573  0.789992  0.698968  0.809301  0.491505  0.831392  0.684174  0.757080  0.800306  0.775114  0.801742  0.590590  0.634799  0.503105  0.668416  0.696855  0.585267  0.576568  0.731081  0.716301  0.584634  0.634321  0.712532  0.623487  0.749524  0.846709  0.695129  0.731612  0.715871  0.770326  0.750749  0.664021  0.659222  0.599214 
