89
0 0.0  0.547063  0.564804  0.656911  0.500975  0.728700  0.674812  0.448820  0.684743  0.581884  0.605522  0.680911  0.652722  0.706722  0.683020  0.788760  0.693370  0.769660  0.696268  0.705960  0.543293  0.718459  0.662540  0.669454  0.535323  0.709511  0.731307  0.713565  0.616785  0.603700  0.607753  0.595243  0.457303  0.490851  0.778281  0.754637  0.633092  0.509944  0.580822  0.436469  0.566722  0.432280  0.708038  0.439731  0.554646  0.601603  0.487013  0.654759  0.626437  0.700763  0.592928  0.709866  0.430438  0.799148  0.714444  0.655635  0.600496  0.661446  0.608860  0.475452  0.621951  0.578168  0.659656  0.629421  0.641245  0.815394  0.540452  0.579506  0.565548  0.656261  0.824386  0.580833  0.725977  0.629657  0.583477  0.603232  0.697792  0.542536  0.635547  0.694679  0.779675  0.531251  0.626840  0.760425  0.552913  0.653270  0.649467  0.586273  0.659591 
1  0.547063 0.0  0.642169  0.587352  0.537872  0.725955  0.370977  0.438810  0.768057  0.614790  0.519115  0.648573  0.681647  0.532803  0.631742  0.742300  0.571496  0.711655  0.822604  0.676591  0.622769  0.627680  0.674762  0.646052  0.453262  0.566541  0.508828  0.538151  0.590083  0.550354  0.295253  0.729163  0.606055  0.477566  0.754793  0.611131  0.568476  0.556561  0.740416  0.592524  0.528199  0.426155  0.659776  0.281408  0.460456  0.342972  0.536485  0.412451  0.619169  0.732305  0.605273  0.737614  0.522429  0.640829  0.592699  0.281275  0.753430  0.570060  0.552881  0.579147  0.691154  0.532831  0.690946  0.463333  0.614521  0.752388  0.560270  0.496870  0.361762  0.659570  0.574938  0.567248  0.637192  0.496582  0.629342  0.527649  0.683863  0.586184  0.527636  0.717596  0.706383  0.512240  0.574632  0.717189  0.628527  0.704481  0.461995  0.471254  0.564647 
2  0.564804  0.642169 0.0  0.576346  0.652400  0.562211  0.707379  0.591745  0.578057  0.741469  0.684515  0.642483  0.488326  0.606100  0.697275  0.519154  0.567824  0.652418  0.672568  0.678582  0.562312  0.721804  0.583900  0.616041  0.740566  0.701837  0.650687  0.595375  0.536993  0.627952  0.690003  0.616304  0.548448  0.521915  0.594195  0.550520  0.705435  0.518673  0.557541  0.561546  0.534246  0.648851  0.578846  0.670211  0.605067  0.631735  0.672055  0.590260  0.450386  0.630802  0.503501  0.718853  0.647101  0.680463  0.648025  0.665894  0.537161  0.591919  0.535629  0.609318  0.639520  0.463949  0.720193  0.541774  0.701795  0.593207  0.652697  0.522591  0.540247  0.564788  0.611783  0.624537  0.571408  0.747303  0.604420  0.614459  0.568593  0.644478  0.644281  0.646796  0.698798  0.522269  0.482519  0.614264  0.562878  0.611391  0.604032  0.566909  0.629838 
3  0.656911  0.587352  0.576346 0.0  0.494260  0.610152  0.822520  0.672898  0.571228  0.641685  0.551685  0.552440  0.670989  0.685143  0.536556  0.666399  0.838402  0.684841  0.534525  0.675012  0.514567  0.623575  0.656021  0.588513  0.501568  0.611621  0.575617  0.679116  0.595994  0.547977  0.785717  0.531796  0.646112  0.517536  0.347533  0.565360  0.682613  0.526523  0.527093  0.583606  0.687376  0.612696  0.572950  0.555415  0.751903  0.560405  0.549788  0.623504  0.555824  0.603062  0.544185  0.626030  0.812026  0.658194  0.656350  0.703383  0.649363  0.651628  0.610526  0.597458  0.658989  0.520447  0.666206  0.651051  0.615454  0.548188  0.494888  0.506780  0.636130  0.535123  0.726904  0.435095  0.605783  0.527320  0.555640  0.526325  0.509288  0.528970  0.584683  0.607619  0.547951  0.534937  0.465600  0.528866  0.662556  0.705141  0.604246  0.680256  0.672644 
4  0.500975  0.537872  0.652400  0.494260 0.0  0.494954  0.678869  0.480037  0.643781  0.515803  0.568492  0.486592  0.553255  0.620763  0.555843  0.646841  0.685837  0.504721  0.399923  0.470121  0.405458  0.520056  0.426083  0.390949  0.683608  0.412104  0.648081  0.597137  0.555849  0.527732  0.512373  0.384998  0.695810  0.541089  0.648693  0.655546  0.548098  0.497365  0.466709  0.626351  0.650379  0.614062  0.490482  0.545673  0.592289  0.581291  0.431330  0.628408  0.522960  0.612195  0.486657  0.418745  0.486427  0.551821  0.703244  0.440325  0.445901  0.457877  0.657864  0.453918  0.376538  0.575592  0.531713  0.699099  0.440767  0.745629  0.317161  0.563798  0.444255  0.542727  0.725485  0.464803  0.561682  0.515848  0.455841  0.450770  0.561940  0.637013  0.569048  0.644877  0.715645  0.516550  0.543713  0.683615  0.512806  0.620481  0.550058  0.638394  0.605494 
5  0.728700  0.725955  0.562211  0.610152  0.494954 0.0  0.787851  0.779363  0.623562  0.519095  0.587800  0.669386  0.611511  0.645616  0.597724  0.526871  0.621023  0.402531  0.335437  0.511009  0.510536  0.598403  0.353527  0.441795  0.707683  0.583764  0.547720  0.594328  0.637960  0.593327  0.777211  0.388008  0.765260  0.708911  0.362609  0.314856  0.476918  0.676579  0.406728  0.763953  0.757997  0.950968  0.427949  0.774248  0.770781  0.842452  0.721394  0.631143  0.581275  0.433445  0.581513  0.355168  0.717036  0.619018  0.570865  0.731715  0.375120  0.627476  0.506697  0.748284  0.304867  0.677698  0.646253  0.686801  0.364052  0.479767  0.570223  0.694816  0.739208  0.582507  0.662382  0.657050  0.551597  0.614180  0.525924  0.667457  0.670756  0.703259  0.489792  0.446233  0.537035  0.661571  0.670166  0.434128  0.589943  0.593256  0.720427  0.787695  0.656116 
6  0.674812  0.370977  0.707379  0.822520  0.678869  0.787851 0.0  0.490442  0.744116  0.671019  0.542617  0.633306  0.757596  0.600384  0.794439  0.814364  0.424502  0.677884  0.845453  0.714787  0.747130  0.650539  0.610426  0.696754  0.442163  0.556054  0.478181  0.583595  0.546768  0.549906  0.365105  0.670690  0.644832  0.612744  0.672559  0.733609  0.664548  0.502769  0.856833  0.640833  0.501979  0.461528  0.840230  0.396568  0.436264  0.389778  0.463316  0.552179  0.595298  0.778924  0.583328  0.841969  0.536442  0.376002  0.637516  0.415441  0.802406  0.591826  0.579970  0.601671  0.847005  0.564505  0.711972  0.455078  0.770073  0.814112  0.697394  0.610737  0.456575  0.699746  0.498421  0.689923  0.639151  0.406009  0.708497  0.523432  0.613912  0.638854  0.556721  0.784291  0.728004  0.520260  0.662625  0.664906  0.606007  0.611640  0.546019  0.492462  0.589931 
7  0.448820  0.438810  0.591745  0.672898  0.480037  0.779363  0.490442 0.0  0.746274  0.590084  0.638361  0.659633  0.685916  0.638071  0.734687  0.885953  0.804421  0.699896  0.820602  0.695608  0.572218  0.615682  0.647608  0.743259  0.625877  0.573199  0.700032  0.897443  0.494754  0.486021  0.420029  0.694894  0.611718  0.676440  0.752769  0.897099  0.787015  0.563939  0.671100  0.448211  0.425213  0.387333  0.774739  0.546379  0.204915  0.357570  0.539816  0.573049  0.675185  0.793206  0.598251  0.648256  0.283477  0.702711  0.646760  0.501664  0.784019  0.662026  0.707106  0.579977  0.725563  0.589613  0.741900  0.698522  0.805985  0.855058  0.527735  0.572222  0.421886  0.762832  0.618153  0.546620  0.608335  0.641401  0.670378  0.523869  0.591220  0.728625  0.719426  0.662439  0.902345  0.500135  0.641805  0.631599  0.639894  0.746797  0.639096  0.506421  0.696222 
8  0.684743  0.768057  0.578057  0.571228  0.643781  0.623562  0.744116  0.746274 0.0  0.624191  0.611862  0.509008  0.496613  0.683495  0.594585  0.535752  0.765473  0.642254  0.577039  0.536093  0.571294  0.516971  0.513925  0.558410  0.573886  0.528172  0.658998  0.773195  0.565126  0.596837  0.674896  0.659540  0.779361  0.577004  0.588251  0.448762  0.544812  0.491015  0.601712  0.623075  0.638900  0.852759  0.488276  0.714782  0.799608  0.751482  0.675964  0.602850  0.463947  0.479857  0.534842  0.541073  0.598991  0.666117  0.723392  0.734459  0.546549  0.549359  0.406186  0.667170  0.502554  0.538421  0.703749  0.555531  0.591791  0.427374  0.576988  0.559580  0.682067  0.418611  0.652900  0.500512  0.562435  0.847585  0.628746  0.659022  0.464980  0.770819  0.586928  0.403262  0.816554  0.455087  0.561350  0.629393  0.459697  0.519413  0.703851  0.631048  0.695479 
9  0.581884  0.614790  0.741469  0.641685  0.515803  0.519095  0.671019  0.590084  0.624191 0.0  0.534775  0.741846  0.633638  0.652596  0.730993  0.651099  0.663586  0.665023  0.540463  0.576638  0.579070  0.725920  0.474136  0.729765  0.614940  0.542687  0.605994  0.409005  0.688926  0.620661  0.678398  0.461816  0.887681  0.609706  0.618220  0.584762  0.461446  0.720617  0.625450  0.879029  0.810074  0.756210  0.526519  0.578221  0.859474  0.650835  0.587481  0.488348  0.581517  0.665938  0.540917  0.641199  0.733084  0.571469  0.573260  0.612969  0.548851  0.718657  0.610820  0.777965  0.604934  0.640756  0.727806  0.588519  0.412177  0.523278  0.654382  0.498029  0.649239  0.708032  0.655101  0.722063  0.580025  0.601566  0.685483  0.492382  0.788508  0.603471  0.516266  0.558082  0.495054  0.652019  0.377478  0.582412  0.670125  0.741487  0.639885  0.637577  0.612958 
10  0.605522  0.519115  0.684515  0.551685  0.568492  0.587800  0.542617  0.638361  0.611862  0.534775 0.0  0.671153  0.621113  0.532274  0.577722  0.628865  0.638304  0.584728  0.544443  0.705500  0.692860  0.569756  0.533846  0.574294  0.650845  0.613895  0.443155  0.558002  0.591953  0.491821  0.656695  0.624535  0.625953  0.694749  0.512473  0.605170  0.599260  0.567689  0.621032  0.699224  0.656723  0.670657  0.605977  0.556125  0.605187  0.515787  0.529852  0.612492  0.586465  0.663833  0.593361  0.586368  0.586890  0.665363  0.614630  0.588338  0.545058  0.599546  0.600782  0.557288  0.614846  0.536611  0.574664  0.686587  0.668907  0.549060  0.590889  0.614565  0.544186  0.589329  0.502926  0.483078  0.538945  0.617377  0.596913  0.626368  0.627365  0.549716  0.530913  0.611889  0.708883  0.666947  0.590725  0.720321  0.661204  0.612827  0.659141  0.639614  0.544343 
11  0.680911  0.648573  0.642483  0.552440  0.486592  0.669386  0.633306  0.659633  0.509008  0.741846  0.671153 0.0  0.591380  0.628909  0.413042  0.697417  0.785282  0.604133  0.660590  0.438253  0.558567  0.526023  0.576826  0.528541  0.518235  0.481404  0.691182  0.696437  0.543737  0.594458  0.505741  0.619073  0.610540  0.404681  0.649144  0.435085  0.691302  0.513833  0.546237  0.732756  0.677658  0.686891  0.572101  0.700886  0.745269  0.615865  0.614799  0.697487  0.434894  0.484257  0.626202  0.659986  0.639537  0.612018  0.604087  0.552906  0.586796  0.459412  0.494479  0.633620  0.510293  0.616359  0.623111  0.558149  0.504770  0.514633  0.517986  0.545595  0.590927  0.399669  0.721328  0.441575  0.537258  0.596642  0.581452  0.561955  0.471262  0.498269  0.609953  0.482841  0.758179  0.458986  0.690514  0.630530  0.387886  0.576384  0.599935  0.610046  0.543028 
12  0.652722  0.681647  0.488326  0.670989  0.553255  0.611511  0.757596  0.685916  0.496613  0.633638  0.621113  0.591380 0.0  0.755035  0.540287  0.436289  0.696894  0.580180  0.579381  0.622290  0.631525  0.618885  0.531476  0.428731  0.636754  0.416841  0.516109  0.541816  0.570838  0.631598  0.534563  0.667134  0.627588  0.547195  0.535152  0.457809  0.542010  0.560432  0.542989  0.627674  0.543599  0.731262  0.460620  0.799278  0.650598  0.707481  0.439397  0.538430  0.558940  0.683949  0.586980  0.504769  0.582050  0.704603  0.608053  0.532238  0.575660  0.499981  0.493591  0.621152  0.496773  0.576934  0.716257  0.603753  0.543892  0.572912  0.538659  0.536384  0.576699  0.592451  0.739359  0.497455  0.560142  0.613532  0.660595  0.555300  0.642913  0.592898  0.560866  0.524442  0.502619  0.622599  0.529112  0.631023  0.628466  0.697331  0.680779  0.580676  0.593937 
13  0.706722  0.532803  0.606100  0.685143  0.620763  0.645616  0.600384  0.638071  0.683495  0.652596  0.532274  0.628909  0.755035 0.0  0.737372  0.655974  0.450227  0.574838  0.624834  0.584800  0.648042  0.553635  0.566306  0.616217  0.504188  0.546359  0.547870  0.534995  0.781986  0.670037  0.476737  0.718273  0.762525  0.742093  0.643666  0.489813  0.544665  0.757780  0.723921  0.840366  0.696449  0.686497  0.628978  0.575324  0.706301  0.586708  0.687757  0.662981  0.633137  0.577739  0.575979  0.810651  0.615482  0.454999  0.464671  0.487790  0.678565  0.676229  0.754593  0.701827  0.736921  0.680225  0.628029  0.579857  0.617218  0.560532  0.731381  0.653204  0.539217  0.687453  0.462456  0.580803  0.600402  0.510321  0.772845  0.663495  0.742518  0.644514  0.520016  0.598927  0.604036  0.755043  0.626151  0.527257  0.598907  0.558313  0.537010  0.561034  0.520853 
14  0.683020  0.631742  0.697275  0.536556  0.555843  0.597724  0.794439  0.734687  0.594585  0.730993  0.577722  0.413042  0.540287  0.737372 0.0  0.633704  0.721354  0.634960  0.691013  0.492641  0.473053  0.462537  0.640561  0.487524  0.641011  0.385502  0.694586  0.547086  0.577410  0.567344  0.639018  0.509637  0.737014  0.460351  0.616676  0.409966  0.640124  0.537244  0.521126  0.724808  0.845971  0.885655  0.521608  0.533635  0.614069  0.703367  0.648099  0.718609  0.466757  0.453039  0.643336  0.549956  0.691366  0.651704  0.672886  0.597896  0.521932  0.471922  0.560911  0.669922  0.570464  0.615969  0.671096  0.636614  0.512298  0.518738  0.585812  0.579730  0.638841  0.388125  0.613443  0.392397  0.608742  0.595808  0.638508  0.547065  0.492865  0.534962  0.549251  0.367023  0.694500  0.499421  0.639532  0.765090  0.467373  0.435691  0.546975  0.506622  0.574269 
15  0.788760  0.742300  0.519154  0.666399  0.646841  0.526871  0.814364  0.885953  0.535752  0.651099  0.628865  0.697417  0.436289  0.655974  0.633704 0.0  0.683166  0.616773  0.682068  0.524434  0.690287  0.561708  0.558033  0.711241  0.688944  0.655996  0.570870  0.672206  0.592505  0.633438  0.812893  0.650514  0.654884  0.678892  0.553416  0.551339  0.610979  0.624260  0.487417  0.774020  0.699445  0.805419  0.563914  0.793142  0.868978  0.837741  0.533252  0.694477  0.679290  0.507603  0.560643  0.529997  0.804865  0.701769  0.522320  0.729119  0.628936  0.647503  0.533922  0.685675  0.525277  0.580073  0.754064  0.695651  0.659830  0.557324  0.674939  0.506861  0.604535  0.612443  0.685037  0.630193  0.618086  0.720447  0.708722  0.572893  0.648477  0.727796  0.592448  0.561377  0.446348  0.692161  0.776018  0.575300  0.688761  0.595568  0.697509  0.694740  0.626893 
16  0.693370  0.571496  0.567824  0.838402  0.685837  0.621023  0.424502  0.804421  0.765473  0.663586  0.638304  0.785282  0.696894  0.450227  0.721354  0.683166 0.0  0.633926  0.594981  0.583353  0.683010  0.561766  0.553171  0.691696  0.503102  0.601118  0.405952  0.486162  0.653626  0.684960  0.530396  0.557635  0.830228  0.660556  0.631316  0.608971  0.526653  0.713231  0.696026  0.646469  0.703891  0.639995  0.767115  0.602692  0.730017  0.594890  0.667399  0.567026  0.744915  0.590170  0.686418  0.763908  0.778444  0.231164  0.593511  0.485394  0.690632  0.516011  0.759217  0.795901  0.647552  0.707495  0.548121  0.574417  0.549910  0.666428  0.608519  0.609810  0.500313  0.603788  0.530162  0.544290  0.673154  0.485577  0.798280  0.584803  0.759074  0.580299  0.635812  0.604425  0.490519  0.607756  0.774430  0.528655  0.625600  0.601407  0.441421  0.568776  0.621122 
17  0.769660  0.711655  0.652418  0.684841  0.504721  0.402531  0.677884  0.699896  0.642254  0.665023  0.584728  0.604133  0.580180  0.574838  0.634960  0.616773  0.633926 0.0  0.462738  0.465095  0.436815  0.573548  0.414160  0.479114  0.592219  0.614570  0.587025  0.674920  0.630764  0.637999  0.619120  0.526136  0.675813  0.743082  0.534545  0.415028  0.660412  0.703625  0.430933  0.693240  0.873126  0.696483  0.546198  0.626427  0.694132  0.667496  0.599042  0.707093  0.647426  0.612130  0.665385  0.457286  0.640337  0.576669  0.574227  0.610128  0.370207  0.493383  0.697467  0.632410  0.469517  0.722298  0.562139  0.631228  0.487278  0.560445  0.685356  0.610859  0.793602  0.629150  0.548862  0.555297  0.561160  0.606375  0.566806  0.591495  0.750669  0.710687  0.567820  0.430169  0.561932  0.648838  0.738168  0.571844  0.648221  0.532767  0.711088  0.806512  0.649692 
18  0.696268  0.822604  0.672568  0.534525  0.399923  0.335437  0.845453  0.820602  0.577039  0.540463  0.544443  0.660590  0.579381  0.624834  0.691013  0.682068  0.594981  0.462738 0.0  0.566148  0.472825  0.621687  0.373045  0.475792  0.813082  0.679564  0.694146  0.570064  0.712835  0.530417  0.805393  0.452981  0.853935  0.675879  0.599748  0.574749  0.619915  0.621439  0.408306  0.709625  0.974089  0.779275  0.525605  0.663200  0.699013  0.783756  0.710910  0.778444  0.564621  0.559825  0.640035  0.402668  0.802883  0.636316  0.650608  0.703504  0.400417  0.671784  0.714288  0.719613  0.336049  0.727045  0.626933  0.650028  0.384229  0.542369  0.710276  0.667630  0.854531  0.615733  0.574471  0.750379  0.639098  0.708076  0.543059  0.540855  0.612063  0.753582  0.575881  0.512045  0.730413  0.774184  0.751282  0.564270  0.558516  0.519070  0.689199  0.668020  0.572830 
19  0.705960  0.676591  0.678582  0.675012  0.470121  0.511009  0.714787  0.695608  0.536093  0.576638  0.705500  0.438253  0.622290  0.584800  0.492641  0.524434  0.583353  0.465095  0.566148 0.0  0.573311  0.394597  0.652130  0.597016  0.565590  0.409113  0.492626  0.552139  0.672684  0.685104  0.527572  0.578567  0.851202  0.508917  0.512534  0.352599  0.528868  0.532783  0.633113  0.736458  0.874594  0.791071  0.530386  0.709334  0.708060  0.723023  0.683617  0.707372  0.499321  0.388222  0.645664  0.575088  0.771692  0.538338  0.559149  0.652408  0.579754  0.419429  0.531453  0.679288  0.559640  0.620800  0.482889  0.623109  0.534097  0.387053  0.526915  0.536650  0.607261  0.520223  0.610931  0.407605  0.682605  0.600548  0.546424  0.697191  0.559938  0.516587  0.535989  0.369194  0.612007  0.507244  0.605127  0.566237  0.501416  0.430184  0.541394  0.727563  0.513743 
20  0.543293  0.622769  0.562312  0.514567  0.405458  0.510536  0.747130  0.572218  0.571294  0.579070  0.692860  0.558567  0.631525  0.648042  0.473053  0.690287  0.683010  0.436815  0.472825  0.573311 0.0  0.556485  0.435057  0.356519  0.607339  0.502209  0.647586  0.693738  0.506604  0.690908  0.574188  0.452398  0.765584  0.408951  0.685394  0.511062  0.638040  0.557065  0.356989  0.614448  0.708702  0.623316  0.540241  0.720414  0.775735  0.626317  0.588305  0.639144  0.468641  0.591393  0.588576  0.416342  0.544337  0.672879  0.618723  0.598626  0.340429  0.512593  0.461497  0.587821  0.367325  0.581830  0.629958  0.641976  0.427302  0.614576  0.457314  0.517671  0.482684  0.604060  0.692735  0.525986  0.561229  0.603823  0.377057  0.533440  0.621148  0.546186  0.589452  0.623882  0.605541  0.612937  0.549818  0.609262  0.531421  0.536360  0.647478  0.617401  0.636165 
21  0.718459  0.627680  0.721804  0.623575  0.520056  0.598403  0.650539  0.615682  0.516971  0.725920  0.569756  0.526023  0.618885  0.553635  0.462537  0.561708  0.561766  0.573548  0.621687  0.394597  0.556485 0.0  0.736387  0.614853  0.647241  0.350914  0.588840  0.647321  0.659627  0.561330  0.593931  0.589023  0.689751  0.605706  0.531567  0.401389  0.610350  0.532546  0.642692  0.687638  0.698665  0.867786  0.651954  0.600468  0.597779  0.608871  0.624335  0.700283  0.524752  0.399104  0.729473  0.611981  0.655299  0.576020  0.561372  0.477196  0.615223  0.468120  0.447850  0.794443  0.647212  0.717796  0.502398  0.651511  0.611921  0.478693  0.513110  0.652483  0.558681  0.460856  0.563469  0.398182  0.671746  0.566179  0.622905  0.669587  0.606130  0.529443  0.534804  0.370347  0.702682  0.489870  0.690571  0.538041  0.373746  0.336275  0.633204  0.667822  0.569532 
22  0.662540  0.674762  0.583900  0.656021  0.426083  0.353527  0.610426  0.647608  0.513925  0.474136  0.533846  0.576826  0.531476  0.566306  0.640561  0.558033  0.553171  0.414160  0.373045  0.652130  0.435057  0.736387 0.0  0.413621  0.728998  0.504720  0.594223  0.496809  0.572993  0.656614  0.635952  0.363958  0.748002  0.532440  0.527684  0.489657  0.570353  0.597738  0.360426  0.736954  0.853061  0.701710  0.365925  0.596811  0.602411  0.650452  0.582998  0.664434  0.603192  0.580977  0.486608  0.455202  0.640669  0.649720  0.611210  0.648144  0.345499  0.512031  0.467695  0.654640  0.323994  0.606658  0.587195  0.496582  0.255392  0.540104  0.564416  0.625954  0.754193  0.617043  0.673958  0.647557  0.542550  0.606469  0.417511  0.610110  0.637974  0.590770  0.555784  0.551658  0.523805  0.520853  0.563144  0.535318  0.667030  0.643321  0.669877  0.754158  0.491426 
23  0.669454  0.646052  0.616041  0.588513  0.390949  0.441795  0.696754  0.743259  0.558410  0.729765  0.574294  0.528541  0.428731  0.616217  0.487524  0.711241  0.691696  0.479114  0.475792  0.597016  0.356519  0.614853  0.413621 0.0  0.653252  0.424430  0.694836  0.580648  0.529993  0.547738  0.578117  0.397809  0.742923  0.488751  0.717016  0.496160  0.625565  0.432417  0.365638  0.686234  0.798688  0.615594  0.387509  0.581440  0.711416  0.671495  0.654844  0.463681  0.462682  0.654135  0.481316  0.400406  0.557661  0.724461  0.567731  0.639629  0.360182  0.466268  0.474201  0.676282  0.342698  0.577763  0.674024  0.498595  0.327194  0.551166  0.420865  0.521486  0.597857  0.570993  0.775442  0.473574  0.556469  0.622999  0.586721  0.522068  0.622496  0.562305  0.558078  0.573379  0.612145  0.618838  0.542645  0.539376  0.627609  0.597125  0.653435  0.653828  0.614869 
24  0.535323  0.453262  0.740566  0.501568  0.683608  0.707683  0.442163  0.625877  0.573886  0.614940  0.650845  0.518235  0.636754  0.504188  0.641011  0.688944  0.503102  0.592219  0.813082  0.565590  0.607339  0.647241  0.728998  0.653252 0.0  0.640180  0.452968  0.578639  0.568624  0.532623  0.432812  0.746763  0.639612  0.634554  0.673729  0.688448  0.551969  0.496056  0.625285  0.610325  0.561479  0.585235  0.728789  0.524616  0.635187  0.463398  0.586599  0.686791  0.523441  0.604188  0.566594  0.699221  0.583094  0.493342  0.620575  0.487273  0.661859  0.532473  0.611232  0.552328  0.801688  0.590038  0.692905  0.561901  0.772280  0.720271  0.622604  0.581296  0.518788  0.623321  0.459103  0.537912  0.482953  0.487974  0.540897  0.565993  0.526622  0.670577  0.655706  0.644931  0.694062  0.531113  0.564118  0.627643  0.671161  0.628481  0.475106  0.465880  0.648079 
25  0.709511  0.566541  0.701837  0.611621  0.412104  0.583764  0.556054  0.573199  0.528172  0.542687  0.613895  0.481404  0.416841  0.546359  0.385502  0.655996  0.601118  0.614570  0.679564  0.409113  0.502209  0.350914  0.504720  0.424430  0.640180 0.0  0.537247  0.615172  0.608563  0.561782  0.483027  0.527025  0.753438  0.408294  0.455150  0.398701  0.662165  0.465432  0.613571  0.762225  0.665049  0.760325  0.497310  0.656839  0.602470  0.512959  0.458628  0.549482  0.448091  0.457472  0.615121  0.529433  0.619789  0.530778  0.505448  0.428412  0.426932  0.278858  0.514332  0.579738  0.600517  0.643123  0.351844  0.677696  0.511966  0.442497  0.474413  0.557825  0.419125  0.507926  0.697971  0.295522  0.651632  0.374387  0.542775  0.608977  0.547956  0.393594  0.503342  0.411325  0.584470  0.475198  0.591679  0.609243  0.471054  0.384547  0.500989  0.593184  0.618255 
26  0.731307  0.508828  0.650687  0.575617  0.648081  0.547720  0.478181  0.700032  0.658998  0.605994  0.443155  0.691182  0.516109  0.547870  0.694586  0.570870  0.405952  0.587025  0.694146  0.492626  0.647586  0.588840  0.594223  0.694836  0.452968  0.537247 0.0  0.551855  0.616076  0.613184  0.466964  0.640964  0.752574  0.673215  0.681706  0.582952  0.432501  0.674206  0.652817  0.764331  0.709469  0.755613  0.630368  0.546127  0.647710  0.642740  0.558127  0.535481  0.659259  0.584709  0.623249  0.632192  0.667640  0.442279  0.553139  0.528292  0.603223  0.586206  0.607463  0.635642  0.624305  0.589999  0.680177  0.546691  0.736999  0.684720  0.655072  0.632641  0.471928  0.673452  0.527104  0.528773  0.604198  0.429324  0.653730  0.671424  0.701591  0.634491  0.589264  0.561876  0.509709  0.622292  0.668752  0.586925  0.675976  0.617939  0.541566  0.609488  0.556433 
27  0.713565  0.538151  0.595375  0.679116  0.597137  0.594328  0.583595  0.897443  0.773195  0.409005  0.558002  0.696437  0.541816  0.534995  0.547086  0.672206  0.486162  0.674920  0.570064  0.552139  0.693738  0.647321  0.496809  0.580648  0.578639  0.615172  0.551855 0.0  0.613931  0.582023  0.579337  0.686059  0.952780  0.650014  0.611216  0.480116  0.361916  0.587757  0.755623  0.791087  0.749151  1.000000  0.582459  0.601569  0.777509  0.685940  0.782026  0.546139  0.594462  0.543517  0.640866  0.697705  0.696357  0.533467  0.649160  0.667276  0.622075  0.610721  0.660657  0.808492  0.622341  0.605411  0.528721  0.592507  0.567167  0.582085  0.703605  0.589693  0.515717  0.731933  0.477684  0.647175  0.585969  0.397840  0.776213  0.665672  0.739000  0.535637  0.531218  0.564784  0.586945  0.805200  0.550388  0.522902  0.630192  0.521025  0.549508  0.582083  0.574166 
28  0.616785  0.590083  0.536993  0.595994  0.555849  0.637960  0.546768  0.494754  0.565126  0.688926  0.591953  0.543737  0.570838  0.781986  0.577410  0.592505  0.653626  0.630764  0.712835  0.672684  0.506604  0.659627  0.572993  0.529993  0.568624  0.608563  0.616076  0.613931 0.0  0.632597  0.560440  0.692127  0.580935  0.494942  0.618870  0.682403  0.606682  0.559482  0.648205  0.541184  0.599882  0.629511  0.517365  0.673572  0.530425  0.550025  0.644963  0.581492  0.479905  0.702099  0.550399  0.585588  0.613795  0.583170  0.688366  0.546951  0.632715  0.641026  0.536481  0.529079  0.602757  0.592767  0.480405  0.571728  0.555532  0.649574  0.590856  0.606447  0.510704  0.531311  0.692984  0.585817  0.615522  0.659785  0.519738  0.534781  0.553944  0.651001  0.536981  0.747238  0.664754  0.625557  0.615814  0.737901  0.635132  0.550350  0.664060  0.638632  0.603948 
29  0.603700  0.550354  0.627952  0.547977  0.527732  0.593327  0.549906  0.486021  0.596837  0.620661  0.491821  0.594458  0.631598  0.670037  0.567344  0.633438  0.684960  0.637999  0.530417  0.685104  0.690908  0.561330  0.656614  0.547738  0.532623  0.561782  0.613184  0.582023  0.632597 0.0  0.500638  0.559538  0.508351  0.606703  0.656835  0.630500  0.603519  0.568007  0.560419  0.605343  0.578620  0.583733  0.568684  0.517055  0.504796  0.591572  0.652290  0.496553  0.585999  0.484472  0.575560  0.584359  0.556134  0.641679  0.605911  0.512569  0.603592  0.676876  0.633612  0.607276  0.574688  0.481192  0.547629  0.573433  0.557536  0.547236  0.581883  0.689648  0.504981  0.611541  0.631918  0.540828  0.494635  0.635012  0.689356  0.585851  0.536805  0.749068  0.636910  0.586908  0.596500  0.550967  0.563946  0.618169  0.580677  0.677785  0.592356  0.521051  0.690185 
30  0.607753  0.295253  0.690003  0.785717  0.512373  0.777211  0.365105  0.420029  0.674896  0.678398  0.656695  0.505741  0.534563  0.476737  0.639018  0.812893  0.530396  0.619120  0.805393  0.527572  0.574188  0.593931  0.635952  0.578117  0.432812  0.483027  0.466964  0.579337  0.560440  0.500638 0.0  0.655669  0.656304  0.615926  0.590936  0.657060  0.578579  0.636421  0.700523  0.636077  0.511218  0.509059  0.663080  0.406524  0.467003  0.236423  0.531599  0.354705  0.675441  0.596753  0.652974  0.668214  0.471451  0.467806  0.623533  0.289416  0.781272  0.608875  0.724832  0.670587  0.612434  0.540409  0.703218  0.437390  0.693655  0.822503  0.513476  0.596311  0.288393  0.640147  0.561460  0.458990  0.586969  0.419353  0.697619  0.571210  0.615819  0.596085  0.519498  0.620901  0.568282  0.568165  0.735066  0.632890  0.749629  0.609777  0.492450  0.460050  0.550835 
31  0.595243  0.729163  0.616304  0.531796  0.384998  0.388008  0.670690  0.694894  0.659540  0.461816  0.624535  0.619073  0.667134  0.718273  0.509637  0.650514  0.557635  0.526136  0.452981  0.578567  0.452398  0.589023  0.363958  0.397809  0.746763  0.527025  0.640964  0.686059  0.692127  0.559538  0.655669 0.0  0.734044  0.678462  0.514918  0.465006  0.593319  0.679035  0.311188  0.604856  0.764179  0.708494  0.434647  0.469568  0.625111  0.737119  0.567613  0.735136  0.610559  0.582766  0.470190  0.379180  0.640003  0.748007  0.621899  0.674750  0.428377  0.517636  0.567910  0.682754  0.403573  0.548700  0.566226  0.605036  0.328072  0.644572  0.515282  0.614506  0.605998  0.592030  0.709122  0.495845  0.547152  0.571753  0.410428  0.651365  0.660922  0.656811  0.572246  0.589830  0.645330  0.571828  0.564908  0.572080  0.548460  0.665921  0.765369  0.675146  0.613318 
32  0.457303  0.606055  0.548448  0.646112  0.695810  0.765260  0.644832  0.611718  0.779361  0.887681  0.625953  0.610540  0.627588  0.762525  0.737014  0.654884  0.830228  0.675813  0.853935  0.851202  0.765584  0.689751  0.748002  0.742923  0.639612  0.753438  0.752574  0.952780  0.580935  0.508351  0.656304  0.734044 0.0  0.670244  0.739403  0.820526  0.798410  0.557659  0.888703  0.415931  0.299120  0.388532  0.594727  0.693095  0.622186  0.614810  0.608284  0.650803  0.631069  0.742261  0.661163  0.841053  0.660495  0.714262  0.636205  0.732071  0.743485  0.650395  0.584364  0.587744  0.780795  0.543115  0.693493  0.597624  0.772207  0.770501  0.610274  0.613627  0.710568  0.564593  0.705240  0.618367  0.541406  0.748425  0.741421  0.525369  0.693762  0.717509  0.581809  0.724081  0.607613  0.652617  0.713403  0.722254  0.731726  0.802987  0.637813  0.607617  0.680047 
33  0.490851  0.477566  0.521915  0.517536  0.541089  0.708911  0.612744  0.676440  0.577004  0.609706  0.694749  0.404681  0.547195  0.742093  0.460351  0.678892  0.660556  0.743082  0.675879  0.508917  0.408951  0.605706  0.532440  0.488751  0.634554  0.408294  0.673215  0.650014  0.494942  0.606703  0.615926  0.678462  0.670244 0.0  0.684078  0.484455  0.683806  0.417141  0.626105  0.657284  0.786517  0.730715  0.640297  0.571096  0.691771  0.597844  0.625793  0.565829  0.432379  0.485724  0.619202  0.564974  0.601859  0.753197  0.657594  0.619810  0.578666  0.494544  0.371324  0.637006  0.580505  0.571309  0.513454  0.541476  0.657549  0.538937  0.487794  0.574594  0.602018  0.411545  0.709202  0.370179  0.523892  0.627583  0.698257  0.507405  0.443077  0.566490  0.571517  0.482051  0.760693  0.361746  0.615534  0.558284  0.509042  0.420007  0.711597  0.564507  0.577948 
34  0.778281  0.754793  0.594195  0.347533  0.648693  0.362609  0.672559  0.752769  0.588251  0.618220  0.512473  0.649144  0.535152  0.643666  0.616676  0.553416  0.631316  0.534545  0.599748  0.512534  0.685394  0.531567  0.527684  0.717016  0.673729  0.455150  0.681706  0.611216  0.618870  0.656835  0.590936  0.514918  0.739403  0.684078 0.0  0.312642  0.496176  0.712768  0.615026  0.606470  0.784896  0.916561  0.458939  0.541869  0.688317  0.759339  0.634651  0.825226  0.613202  0.461170  0.545304  0.550347  0.575958  0.515250  0.561487  0.527482  0.484679  0.504697  0.580004  0.639921  0.524434  0.696739  0.617102  0.771129  0.556967  0.492210  0.535632  0.675415  0.594422  0.528392  0.687546  0.521100  0.568676  0.570262  0.547897  0.675059  0.686421  0.439933  0.452907  0.459827  0.525183  0.540503  0.784378  0.588908  0.660129  0.554185  0.635445  0.683180  0.541090 
35  0.754637  0.611131  0.550520  0.565360  0.655546  0.314856  0.733609  0.897099  0.448762  0.584762  0.605170  0.435085  0.457809  0.489813  0.409966  0.551339  0.608971  0.415028  0.574749  0.352599  0.511062  0.401389  0.489657  0.496160  0.688448  0.398701  0.582952  0.480116  0.682403  0.630500  0.657060  0.465006  0.820526  0.484455  0.312642 0.0  0.326467  0.481161  0.469963  0.769784  0.809235  0.980365  0.372377  0.811222  0.776447  0.836085  0.809137  0.605803  0.417848  0.323410  0.523083  0.420657  0.772559  0.718767  0.509797  0.634550  0.460134  0.413898  0.403077  0.687431  0.397948  0.584469  0.615996  0.614485  0.416231  0.335157  0.563652  0.536889  0.662689  0.468974  0.649618  0.351882  0.578363  0.606944  0.561366  0.688084  0.557874  0.648695  0.545201  0.272453  0.567632  0.543603  0.800394  0.487581  0.499097  0.465207  0.586078  0.668211  0.547135 
36  0.633092  0.568476  0.705435  0.682613  0.548098  0.476918  0.664548  0.787015  0.544812  0.461446  0.599260  0.691302  0.542010  0.544665  0.640124  0.610979  0.526653  0.660412  0.619915  0.528868  0.638040  0.610350  0.570353  0.625565  0.551969  0.662165  0.432501  0.361916  0.606682  0.603519  0.578579  0.593319  0.798410  0.683806  0.496176  0.326467 0.0  0.785910  0.572697  0.826989  0.726152  0.863494  0.495180  0.558742  0.763729  0.705205  0.658978  0.466557  0.577743  0.470252  0.527285  0.505561  0.764228  0.478885  0.607101  0.561424  0.543680  0.501070  0.546108  0.699554  0.564132  0.783553  0.589243  0.519547  0.533860  0.444957  0.729142  0.604765  0.525162  0.672159  0.453688  0.687887  0.615469  0.470614  0.650119  0.656657  0.667520  0.679566  0.551722  0.445281  0.552127  0.755915  0.519805  0.631935  0.674031  0.561294  0.519270  0.508529  0.614429 
37  0.509944  0.556561  0.518673  0.526523  0.497365  0.676579  0.502769  0.563939  0.491015  0.720617  0.567689  0.513833  0.560432  0.757780  0.537244  0.624260  0.713231  0.703625  0.621439  0.532783  0.557065  0.532546  0.597738  0.432417  0.496056  0.465432  0.674206  0.587757  0.559482  0.568007  0.636421  0.679035  0.557659  0.417141  0.712768  0.481161  0.785910 0.0  0.604088  0.474317  0.655937  0.628493  0.531072  0.655558  0.720498  0.558312  0.561288  0.582723  0.385520  0.510656  0.533573  0.589418  0.654639  0.735766  0.631846  0.534774  0.549246  0.432136  0.379583  0.723753  0.538950  0.583626  0.512296  0.536753  0.615023  0.493366  0.564257  0.520240  0.625883  0.461380  0.629446  0.438352  0.599968  0.621856  0.502152  0.560479  0.499784  0.597483  0.605320  0.516257  0.773030  0.433409  0.703933  0.738793  0.468004  0.476076  0.648370  0.513799  0.649541 
38  0.580822  0.740416  0.557541  0.527093  0.466709  0.406728  0.856833  0.671100  0.601712  0.625450  0.621032  0.546237  0.542989  0.723921  0.521126  0.487417  0.696026  0.430933  0.408306  0.633113  0.356989  0.642692  0.360426  0.365638  0.625285  0.613571  0.652817  0.755623  0.648205  0.560419  0.700523  0.311188  0.888703  0.626105  0.615026  0.469963  0.572697  0.604088 0.0  0.656034  0.687528  0.734475  0.333308  0.841396  0.801964  0.766497  0.670434  0.528105  0.491610  0.498340  0.397099  0.391022  0.697415  0.746131  0.578457  0.626066  0.404308  0.604830  0.400142  0.638174  0.270753  0.657140  0.733941  0.534037  0.376406  0.561507  0.456138  0.538004  0.697071  0.481226  0.652810  0.478532  0.461066  0.693022  0.513893  0.564691  0.574797  0.779897  0.425336  0.439739  0.588283  0.615168  0.523910  0.537880  0.587027  0.575926  0.628591  0.641741  0.548286 
39  0.436469  0.592524  0.561546  0.583606  0.626351  0.763953  0.640833  0.448211  0.623075  0.879029  0.699224  0.732756  0.627674  0.840366  0.724808  0.774020  0.646469  0.693240  0.709625  0.736458  0.614448  0.687638  0.736954  0.686234  0.610325  0.762225  0.764331  0.791087  0.541184  0.605343  0.636077  0.604856  0.415931  0.657284  0.606470  0.769784  0.826989  0.474317  0.656034 0.0  0.463653  0.320311  0.673867  0.578747  0.541724  0.551017  0.580645  0.670038  0.664024  0.764474  0.597854  0.755748  0.526373  0.807858  0.689712  0.608722  0.656575  0.663371  0.709745  0.506199  0.749990  0.558813  0.727193  0.714887  0.681960  0.727300  0.574858  0.494745  0.554860  0.640837  0.711440  0.613787  0.651976  0.606384  0.558865  0.620061  0.600599  0.707908  0.591989  0.805477  0.779262  0.622810  0.606409  0.696772  0.792935  0.777265  0.828002  0.681465  0.519062 
40  0.566722  0.528199  0.534246  0.687376  0.650379  0.757997  0.501979  0.425213  0.638900  0.810074  0.656723  0.677658  0.543599  0.696449  0.845971  0.699445  0.703891  0.873126  0.974089  0.874594  0.708702  0.698665  0.853061  0.798688  0.561479  0.665049  0.709469  0.749151  0.599882  0.578620  0.511218  0.764179  0.299120  0.786517  0.784896  0.809235  0.726152  0.655937  0.687528  0.463653 0.0  0.418311  0.687587  0.602022  0.499061  0.554858  0.454917  0.539093  0.771520  0.755458  0.622990  0.725545  0.491597  0.681481  0.714329  0.503190  0.724263  0.642798  0.772613  0.531141  0.784681  0.605761  0.645830  0.710688  0.717445  0.864436  0.697326  0.535774  0.503868  0.776305  0.578007  0.640115  0.596849  0.742471  0.648818  0.536111  0.626199  0.712663  0.580792  0.897423  0.647911  0.600077  0.573957  0.756516  0.763232  0.736578  0.488422  0.512404  0.553309 
41  0.432280  0.426155  0.648851  0.612696  0.614062  0.950968  0.461528  0.387333  0.852759  0.756210  0.670657  0.686891  0.731262  0.686497  0.885655  0.805419  0.639995  0.696483  0.779275  0.791071  0.623316  0.867786  0.701710  0.615594  0.585235  0.760325  0.755613  1.000000  0.629511  0.583733  0.509059  0.708494  0.388532  0.730715  0.916561  0.980365  0.863494  0.628493  0.734475  0.320311  0.418311 0.0  0.716873  0.583195  0.475604  0.444170  0.599218  0.710465  0.689469  0.846570  0.540112  0.813023  0.491742  0.622816  0.654623  0.589106  0.896908  0.801956  0.678324  0.488671  0.845839  0.550386  0.699905  0.654092  0.838585  0.712975  0.696051  0.629447  0.647092  0.716813  0.681017  0.682867  0.553886  0.735623  0.555770  0.655420  0.565270  0.743070  0.551231  0.858779  0.705984  0.613168  0.632445  0.747133  0.712467  0.843769  0.579002  0.543418  0.757506 
42  0.708038  0.659776  0.578846  0.572950  0.490482  0.427949  0.840230  0.774739  0.488276  0.526519  0.605977  0.572101  0.460620  0.628978  0.521608  0.563914  0.767115  0.546198  0.525605  0.530386  0.540241  0.651954  0.365925  0.387509  0.728789  0.497310  0.630368  0.582459  0.517365  0.568684  0.663080  0.434647  0.594727  0.640297  0.458939  0.372377  0.495180  0.531072  0.333308  0.673867  0.687587  0.716873 0.0  0.690540  0.773635  0.691818  0.585833  0.555144  0.436510  0.423279  0.565620  0.456031  0.689326  0.589867  0.647547  0.669298  0.459441  0.524343  0.424242  0.675811  0.346317  0.609798  0.593260  0.579463  0.356538  0.397877  0.326621  0.503813  0.637369  0.457533  0.600298  0.507165  0.518508  0.696638  0.512089  0.588217  0.587968  0.656849  0.515512  0.436547  0.569453  0.537412  0.537082  0.535297  0.553159  0.562647  0.644453  0.621610  0.615605 
43  0.439731  0.281408  0.670211  0.555415  0.545673  0.774248  0.396568  0.546379  0.714782  0.578221  0.556125  0.700886  0.799278  0.575324  0.533635  0.793142  0.602692  0.626427  0.663200  0.709334  0.720414  0.600468  0.596811  0.581440  0.524616  0.656839  0.546127  0.601569  0.673572  0.517055  0.406524  0.469568  0.693095  0.571096  0.541869  0.811222  0.558742  0.655558  0.841396  0.578747  0.602022  0.583195  0.690540 0.0  0.514346  0.409874  0.683702  0.407164  0.630282  0.656903  0.651826  0.872674  0.712752  0.433594  0.701521  0.396594  0.660748  0.635667  0.656501  0.583965  0.734524  0.597404  0.662124  0.552628  0.580169  0.789008  0.477311  0.659997  0.450202  0.777151  0.530181  0.540307  0.601434  0.419296  0.753210  0.576873  0.605085  0.663831  0.590666  0.666542  0.677502  0.459314  0.672078  0.660577  0.607800  0.646637  0.531055  0.457832  0.703643 
44  0.554646  0.460456  0.605067  0.751903  0.592289  0.770781  0.436264  0.204915  0.799608  0.859474  0.605187  0.745269  0.650598  0.706301  0.614069  0.868978  0.730017  0.694132  0.699013  0.708060  0.775735  0.597779  0.602411  0.711416  0.635187  0.602470  0.647710  0.777509  0.530425  0.504796  0.467003  0.625111  0.622186  0.691771  0.688317  0.776447  0.763729  0.720498  0.801964  0.541724  0.499061  0.475604  0.773635  0.514346 0.0  0.437050  0.509112  0.640411  0.801550  0.795801  0.606850  0.702476  0.286068  0.724006  0.612462  0.553978  0.735244  0.690569  0.786017  0.508607  0.750120  0.512684  0.773310  0.784357  0.676426  0.682674  0.619835  0.679115  0.566624  0.819364  0.718982  0.593378  0.603924  0.624947  0.720996  0.570526  0.672096  0.668951  0.604064  0.794370  0.795177  0.616853  0.875734  0.720437  0.704808  0.768953  0.654390  0.583220  0.557132 
