89
0 0.0  0.470266  0.531930  0.557981  0.533004  0.710363  0.599463  0.408701  0.735453  0.716907  0.501219  0.761611  0.690782  0.863229  0.691754  0.842255  0.755232  0.635332  0.728325  0.684552  0.511539  0.794497  0.614851  0.561690  0.653815  0.695082  0.786945  0.728031  0.621712  0.589230  0.644767  0.739393  0.654140  0.667983  0.716092  0.840684  0.766659  0.524828  0.510684  0.402759  0.552316  0.436166  0.596365  0.604808  0.465466  0.693986  0.486658  0.656425  0.579043  0.701945  0.558523  0.727728  0.389910  0.700023  0.734937  0.571481  0.651425  0.628694  0.635120  0.395947  0.641100  0.556980  0.682181  0.714425  0.858185  0.775607  0.495643  0.544373  0.601779  0.743996  0.670352  0.636630  0.632201  0.636222  0.568099  0.517141  0.531367  0.597137  0.705286  0.678735  0.714575  0.531436  0.574012  0.585349  0.694026  0.693213  0.671625  0.557237  0.611619 
1  0.470266 0.0  0.630699  0.606938  0.470567  0.820988  0.343974  0.430123  0.636761  0.649607  0.678995  0.630573  0.562523  0.609830  0.649119  0.721598  0.582883  0.845263  0.902463  0.664751  0.570535  0.680291  0.732416  0.568549  0.460267  0.656062  0.658791  0.632609  0.611276  0.502568  0.316668  0.671746  0.575229  0.545899  0.731480  0.684694  0.635822  0.556524  0.693502  0.637889  0.504269  0.504584  0.608577  0.280108  0.507000  0.285227  0.512699  0.364570  0.560865  0.599621  0.608900  0.835210  0.460419  0.495031  0.789329  0.286342  0.703108  0.573631  0.741068  0.640222  0.708672  0.571799  0.647092  0.543834  0.670951  0.778325  0.603661  0.538837  0.295511  0.748123  0.617405  0.657603  0.537530  0.494832  0.579189  0.714423  0.693524  0.542630  0.585630  0.705369  0.734999  0.489090  0.537891  0.743175  0.757151  0.777136  0.585397  0.382720  0.536306 
2  0.531930  0.630699 0.0  0.540970  0.648844  0.669841  0.606259  0.547319  0.515549  0.571581  0.644333  0.535398  0.603967  0.671077  0.621387  0.575373  0.585387  0.571198  0.692781  0.628631  0.505476  0.780306  0.616160  0.628712  0.683301  0.603438  0.699479  0.656300  0.625581  0.652357  0.561506  0.586064  0.548343  0.563802  0.639021  0.624108  0.586618  0.496876  0.620600  0.645814  0.643171  0.590800  0.508323  0.621182  0.644132  0.537950  0.588051  0.473506  0.516501  0.628028  0.637248  0.619902  0.615915  0.670639  0.618317  0.520510  0.731686  0.675450  0.517670  0.665910  0.559821  0.591078  0.812472  0.517638  0.664871  0.558790  0.573974  0.540321  0.649432  0.535186  0.751586  0.606807  0.620922  0.668226  0.631940  0.600842  0.558366  0.657965  0.589335  0.657100  0.699597  0.547481  0.583741  0.689852  0.609649  0.534345  0.654691  0.486205  0.545047 
3  0.557981  0.606938  0.540970 0.0  0.556142  0.598038  0.815148  0.543159  0.621599  0.827607  0.601608  0.687875  0.736010  0.652906  0.447181  0.658447  0.857560  0.617049  0.585677  0.582359  0.452963  0.588890  0.575082  0.591688  0.656246  0.632203  0.723743  0.681207  0.442157  0.581928  0.771722  0.480856  0.713874  0.457960  0.448565  0.639629  0.765190  0.547095  0.515017  0.534149  0.657800  0.743236  0.479046  0.596616  0.776802  0.625985  0.492519  0.592793  0.513216  0.636016  0.532426  0.602414  0.643586  0.646099  0.674366  0.692409  0.572495  0.625842  0.639075  0.684138  0.597517  0.515685  0.647027  0.762717  0.634894  0.728810  0.522565  0.601414  0.667653  0.581384  0.823035  0.499398  0.610331  0.545980  0.581012  0.527833  0.576567  0.526749  0.486203  0.571789  0.814448  0.478402  0.560339  0.780841  0.654647  0.722690  0.672635  0.521512  0.703392 
4  0.533004  0.470567  0.648844  0.556142 0.0  0.458209  0.598122  0.526826  0.598552  0.582723  0.583749  0.518944  0.585807  0.663111  0.593224  0.666005  0.670388  0.464758  0.538609  0.516596  0.372525  0.533971  0.494678  0.422648  0.652990  0.466369  0.613285  0.789722  0.362913  0.495549  0.439926  0.380106  0.745539  0.553736  0.418883  0.500026  0.765992  0.430986  0.416129  0.607753  0.615360  0.610091  0.448669  0.538804  0.475754  0.558805  0.403813  0.696118  0.579906  0.609684  0.496203  0.434786  0.449177  0.595664  0.482108  0.395446  0.373539  0.464538  0.603376  0.605751  0.415666  0.656301  0.594419  0.641988  0.451203  0.735826  0.338628  0.490152  0.374525  0.546862  0.643888  0.450502  0.564718  0.581587  0.449008  0.536092  0.641399  0.492693  0.625752  0.533444  0.621790  0.523963  0.495058  0.731718  0.691070  0.582428  0.616025  0.509823  0.590643 
5  0.710363  0.820988  0.669841  0.598038  0.458209 0.0  0.888609  0.831324  0.614299  0.464645  0.541764  0.612914  0.703629  0.599070  0.619118  0.480968  0.673725  0.389944  0.382040  0.517881  0.412963  0.619332  0.316689  0.504186  0.743358  0.636088  0.624345  0.564972  0.576757  0.728879  0.891911  0.438615  0.813726  0.740223  0.489067  0.386219  0.438420  0.656905  0.325887  0.885909  0.851001  0.950748  0.445181  0.598524  0.792275  0.787356  0.720468  0.688774  0.627878  0.580951  0.559296  0.391852  0.728597  0.520121  0.561288  0.755079  0.322453  0.522386  0.577620  0.688631  0.301011  0.776208  0.617127  0.594299  0.288826  0.530586  0.583348  0.599064  0.613172  0.610105  0.695409  0.650274  0.642217  0.706433  0.380649  0.592751  0.660896  0.646265  0.617426  0.436462  0.519755  0.594435  0.672393  0.528486  0.466145  0.575496  0.793628  0.722537  0.662587 
6  0.599463  0.343974  0.606259  0.815148  0.598122  0.888609 0.0  0.478853  0.800498  0.758893  0.698100  0.585559  0.776943  0.534005  0.626596  0.756265  0.455640  0.628871  0.790761  0.716371  0.711017  0.690437  0.684716  0.691112  0.567009  0.518872  0.553310  0.661215  0.683314  0.630800  0.330863  0.807277  0.657707  0.649476  0.586001  0.753163  0.688146  0.571028  0.796124  0.662354  0.559649  0.490659  0.801471  0.436246  0.545031  0.415044  0.569498  0.498992  0.800272  0.852780  0.604379  0.676397  0.583666  0.398673  0.664567  0.381165  0.799478  0.596115  0.684675  0.615795  0.764507  0.556883  0.552871  0.583496  0.611332  0.728922  0.590935  0.563060  0.446616  0.704768  0.455035  0.552443  0.584975  0.420560  0.752181  0.613772  0.620843  0.726916  0.557956  0.623566  0.638237  0.604009  0.707657  0.623483  0.652431  0.678837  0.507920  0.458331  0.568572 
7  0.408701  0.430123  0.547319  0.543159  0.526826  0.831324  0.478853 0.0  0.799962  0.743922  0.611984  0.635593  0.547188  0.804125  0.635650  0.839869  0.823135  0.774751  0.786686  0.745942  0.720969  0.639799  0.624973  0.744996  0.516458  0.654807  0.710799  0.909676  0.588985  0.519338  0.514672  0.730354  0.576312  0.551281  0.730706  0.888325  1.000000  0.650240  0.825176  0.502295  0.447322  0.406320  0.629745  0.648025  0.229208  0.369820  0.471561  0.631825  0.763507  0.694972  0.739107  0.700213  0.270768  0.850607  0.574095  0.460800  0.714778  0.716804  0.676033  0.528380  0.737988  0.575861  0.870267  0.719947  0.698196  0.891742  0.459031  0.608830  0.503369  0.814274  0.696367  0.612176  0.627046  0.616291  0.697015  0.698196  0.622813  0.673294  0.538569  0.655103  0.784092  0.665913  0.623907  0.697329  0.687827  0.702084  0.654394  0.484306  0.639379 
8  0.735453  0.636761  0.515549  0.621599  0.598552  0.614299  0.800498  0.799962 0.0  0.694155  0.628557  0.443102  0.566943  0.642549  0.585854  0.646654  0.643528  0.541121  0.573665  0.522272  0.669530  0.620396  0.532249  0.501201  0.637482  0.590758  0.706532  0.670517  0.712905  0.646865  0.713669  0.569208  0.603077  0.397741  0.736203  0.412028  0.575238  0.426339  0.488084  0.613598  0.847388  0.738318  0.504529  0.787685  0.789081  0.659447  0.678215  0.558939  0.473881  0.501056  0.623631  0.580304  0.863199  0.646492  0.632374  0.630403  0.482356  0.562204  0.412829  0.655630  0.492975  0.551680  0.686316  0.568242  0.587612  0.470146  0.599207  0.547336  0.699685  0.411973  0.558030  0.530053  0.556720  0.785457  0.656314  0.555244  0.465067  0.686538  0.677759  0.533388  0.705426  0.474886  0.664613  0.550022  0.512338  0.572309  0.605708  0.614442  0.577051 
9  0.716907  0.649607  0.571581  0.827607  0.582723  0.464645  0.758893  0.743922  0.694155 0.0  0.560290  0.660304  0.617122  0.669782  0.634438  0.697180  0.647125  0.685779  0.494326  0.504291  0.618562  0.648515  0.517948  0.556653  0.828784  0.547477  0.548775  0.511588  0.643923  0.714277  0.655281  0.571014  0.842759  0.626646  0.632274  0.658265  0.498606  0.718079  0.550825  0.802318  0.764288  0.755840  0.489616  0.665585  0.777176  0.737090  0.678840  0.525106  0.662302  0.580176  0.655022  0.720408  0.722532  0.564333  0.570640  0.572372  0.496072  0.621042  0.620542  0.723210  0.590434  0.569152  0.721100  0.601492  0.409271  0.671392  0.707081  0.525644  0.633522  0.688760  0.574893  0.661232  0.572297  0.541240  0.590276  0.659205  0.724635  0.588363  0.519006  0.532564  0.627581  0.697160  0.512096  0.538869  0.645861  0.632465  0.643962  0.635667  0.576339 
10  0.501219  0.678995  0.644333  0.601608  0.583749  0.541764  0.698100  0.611984  0.628557  0.560290 0.0  0.651307  0.534194  0.656357  0.618988  0.594956  0.538991  0.660411  0.590782  0.643805  0.510385  0.576775  0.549150  0.574841  0.610350  0.560180  0.591479  0.604621  0.559245  0.616114  0.483856  0.506619  0.574987  0.676273  0.602611  0.595705  0.604038  0.662374  0.614091  0.467640  0.587631  0.525339  0.619220  0.646697  0.482520  0.686608  0.562788  0.633703  0.568554  0.689949  0.685559  0.580341  0.605061  0.637524  0.603713  0.672538  0.625181  0.561318  0.524930  0.591880  0.634651  0.694061  0.508111  0.589683  0.557981  0.649567  0.594384  0.681672  0.564506  0.547640  0.611137  0.550667  0.569260  0.627465  0.600089  0.542600  0.658254  0.658520  0.598292  0.576232  0.617022  0.594554  0.622518  0.659977  0.639739  0.657069  0.594027  0.549873  0.620839 
11  0.761611  0.630573  0.535398  0.687875  0.518944  0.612914  0.585559  0.635593  0.443102  0.660304  0.651307 0.0  0.554264  0.672366  0.501394  0.714039  0.668458  0.620773  0.725285  0.476255  0.526021  0.571695  0.528891  0.593327  0.662889  0.394994  0.670921  0.587036  0.699221  0.557882  0.583571  0.658398  0.761601  0.393877  0.559339  0.484548  0.640184  0.480228  0.523365  0.635831  0.538422  0.792483  0.563508  0.683090  0.725369  0.614735  0.729352  0.565769  0.472837  0.508128  0.530942  0.564181  0.698659  0.692109  0.674087  0.607673  0.650083  0.537184  0.475821  0.643171  0.512261  0.618188  0.523273  0.535242  0.562823  0.527468  0.471831  0.428830  0.597635  0.432419  0.666216  0.409498  0.513494  0.563045  0.602860  0.481950  0.454435  0.706774  0.634613  0.520784  0.700894  0.499080  0.704258  0.600031  0.486941  0.507719  0.688534  0.629874  0.597381 
12  0.690782  0.562523  0.603967  0.736010  0.585807  0.703629  0.776943  0.547188  0.566943  0.617122  0.534194  0.554264 0.0  0.732594  0.614394  0.470239  0.703057  0.730308  0.569748  0.683724  0.479590  0.576372  0.582057  0.415970  0.693655  0.493243  0.571150  0.646558  0.571787  0.629233  0.582985  0.594550  0.584150  0.649805  0.547922  0.475354  0.494073  0.662925  0.535123  0.673018  0.547090  0.727532  0.451504  0.718430  0.719301  0.669896  0.433246  0.547355  0.558501  0.588084  0.523953  0.554713  0.678969  0.581903  0.590317  0.537719  0.612664  0.528991  0.494843  0.716835  0.536922  0.562156  0.729444  0.504888  0.458240  0.535633  0.580886  0.550376  0.602283  0.575770  0.738550  0.604048  0.566023  0.559021  0.758707  0.636178  0.637972  0.577439  0.525334  0.576991  0.533821  0.624463  0.420211  0.611346  0.740170  0.583914  0.609015  0.686613  0.598226 
13  0.863229  0.609830  0.671077  0.652906  0.663111  0.599070  0.534005  0.804125  0.642549  0.669782  0.656357  0.672366  0.732594 0.0  0.600557  0.672312  0.470270  0.505447  0.622629  0.585603  0.729662  0.573394  0.732355  0.647309  0.477105  0.636707  0.553371  0.506141  0.643276  0.593699  0.489326  0.706274  0.672731  0.692262  0.645288  0.599420  0.520645  0.615957  0.800547  0.677327  0.733239  0.702820  0.716309  0.583614  0.629486  0.530328  0.742708  0.585080  0.682146  0.651095  0.712040  0.729209  0.828977  0.448052  0.552382  0.538889  0.583050  0.546483  0.790787  0.773694  0.846293  0.664850  0.701201  0.537924  0.514992  0.590882  0.635012  0.587485  0.507688  0.689969  0.407161  0.638399  0.749737  0.502642  0.781234  0.750624  0.662002  0.527718  0.619180  0.596168  0.619175  0.762840  0.617909  0.527537  0.692971  0.599158  0.519596  0.565607  0.586374 
14  0.691754  0.649119  0.621387  0.447181  0.593224  0.619118  0.626596  0.635650  0.585854  0.634438  0.618988  0.501394  0.614394  0.600557 0.0  0.740325  0.734849  0.706143  0.657587  0.407711  0.514966  0.488161  0.750715  0.615276  0.642667  0.411858  0.627233  0.659770  0.630815  0.689783  0.619767  0.533913  0.795602  0.508919  0.654403  0.439171  0.648414  0.451639  0.533796  0.723180  0.803657  0.942733  0.476908  0.522375  0.718090  0.661698  0.656895  0.707450  0.485737  0.416210  0.566104  0.548675  0.685517  0.575021  0.555231  0.600613  0.563740  0.466991  0.570083  0.619074  0.649880  0.641567  0.647749  0.708189  0.625367  0.527988  0.594344  0.553964  0.607189  0.418793  0.733281  0.372199  0.506714  0.524709  0.581689  0.573117  0.439185  0.633837  0.514452  0.380301  0.741618  0.546878  0.663102  0.652723  0.548066  0.479789  0.655028  0.659495  0.606391 
15  0.842255  0.721598  0.575373  0.658447  0.666005  0.480968  0.756265  0.839869  0.646654  0.697180  0.594956  0.714039  0.470239  0.672312  0.740325 0.0  0.638299  0.579128  0.644765  0.529786  0.570470  0.607388  0.574903  0.607643  0.659249  0.629332  0.653604  0.619831  0.711273  0.573074  0.717553  0.621952  0.549333  0.716261  0.575145  0.530477  0.543342  0.701662  0.629451  0.699002  0.620676  0.858371  0.462641  0.670090  0.745981  0.791749  0.603215  0.709342  0.730510  0.610691  0.527270  0.628894  0.731119  0.564188  0.490537  0.681503  0.604481  0.736276  0.658163  0.664848  0.611791  0.636004  0.761251  0.552160  0.566894  0.552157  0.585683  0.599101  0.710292  0.578894  0.691774  0.610171  0.659312  0.616161  0.718348  0.642398  0.657033  0.658788  0.490888  0.705941  0.345188  0.761565  0.672004  0.555391  0.591941  0.499941  0.656539  0.888510  0.661656 
16  0.755232  0.582883  0.585387  0.857560  0.670388  0.673725  0.455640  0.823135  0.643528  0.647125  0.538991  0.668458  0.703057  0.470270  0.734849  0.638299 0.0  0.530734  0.681819  0.528101  0.661852  0.583072  0.544993  0.740579  0.530431  0.462863  0.362680  0.507506  0.573520  0.587739  0.525600  0.678473  0.753837  0.731568  0.608863  0.538297  0.510626  0.711383  0.786007  0.725072  0.738541  0.557591  0.750330  0.545181  0.729205  0.607690  0.596832  0.560242  0.706908  0.631006  0.738644  0.849639  0.797883  0.261269  0.472542  0.514457  0.634809  0.545801  0.596432  0.822653  0.749685  0.671582  0.461035  0.577130  0.694406  0.709968  0.671048  0.634228  0.545501  0.752244  0.510265  0.642035  0.639806  0.482548  0.798135  0.655485  0.794074  0.623764  0.634807  0.623862  0.556388  0.692002  0.695003  0.618073  0.689031  0.618648  0.647505  0.628803  0.716847 
17  0.635332  0.845263  0.571198  0.617049  0.464758  0.389944  0.628871  0.774751  0.541121  0.685779  0.660411  0.620773  0.730308  0.505447  0.706143  0.579128  0.530734 0.0  0.552278  0.465830  0.437701  0.587273  0.463478  0.488862  0.688353  0.571309  0.588895  0.723530  0.678382  0.576282  0.615108  0.514474  0.748775  0.667956  0.562085  0.543562  0.650992  0.679025  0.427287  0.730204  0.755528  0.710801  0.589412  0.699097  0.557900  0.722362  0.678741  0.709083  0.618391  0.540822  0.631564  0.460797  0.760312  0.630817  0.606434  0.736319  0.409243  0.549606  0.578969  0.709013  0.476017  0.658607  0.644666  0.748646  0.476462  0.570772  0.418141  0.712034  0.701923  0.715234  0.675162  0.583847  0.633460  0.706735  0.566536  0.636904  0.745208  0.676786  0.566357  0.527077  0.477355  0.640796  0.656185  0.648346  0.674741  0.576488  0.680535  0.863135  0.552187 
18  0.728325  0.902463  0.692781  0.585677  0.538609  0.382040  0.790761  0.786686  0.573665  0.494326  0.590782  0.725285  0.569748  0.622629  0.657587  0.644765  0.681819  0.552278 0.0  0.634028  0.507441  0.636444  0.394604  0.493512  0.652494  0.630370  0.641017  0.545988  0.638451  0.790164  0.706571  0.475283  0.773730  0.613264  0.574419  0.440426  0.552029  0.697388  0.376053  0.593142  0.856576  0.687647  0.528396  0.683086  0.841231  0.871681  0.731696  0.765649  0.570055  0.649881  0.552451  0.397640  0.772127  0.698155  0.646131  0.846584  0.392117  0.567861  0.647780  0.834847  0.391181  0.618057  0.634302  0.760702  0.350134  0.423310  0.544070  0.659015  0.739345  0.600281  0.596174  0.681498  0.663664  0.757056  0.545333  0.664473  0.686649  0.637512  0.647884  0.514869  0.671041  0.722478  0.775825  0.592040  0.679471  0.712252  0.597120  0.864334  0.619696 
19  0.684552  0.664751  0.628631  0.582359  0.516596  0.517881  0.716371  0.745942  0.522272  0.504291  0.643805  0.476255  0.683724  0.585603  0.407711  0.529786  0.528101  0.465830  0.634028 0.0  0.533680  0.350925  0.576273  0.588808  0.694440  0.367018  0.572167  0.556669  0.675540  0.678806  0.708772  0.704551  0.723832  0.490863  0.492909  0.358164  0.499438  0.545784  0.585242  0.763606  0.874866  0.744337  0.571540  0.649167  0.670481  0.657985  0.613083  0.584776  0.421969  0.438950  0.613185  0.603756  0.676255  0.579552  0.612882  0.645789  0.539760  0.357490  0.470126  0.639771  0.528219  0.659523  0.454750  0.662259  0.479479  0.372891  0.473364  0.619570  0.665136  0.557889  0.553898  0.467543  0.654877  0.572456  0.683301  0.668938  0.541058  0.571058  0.745387  0.343981  0.520869  0.498632  0.575254  0.606785  0.619771  0.457102  0.613192  0.552934  0.562700 
20  0.511539  0.570535  0.505476  0.452963  0.372525  0.412963  0.711017  0.720969  0.669530  0.618562  0.510385  0.526021  0.479590  0.729662  0.514966  0.570470  0.661852  0.437701  0.507441  0.533680 0.0  0.682942  0.489125  0.321977  0.653604  0.484130  0.729189  0.529706  0.584247  0.609280  0.684234  0.461957  0.732870  0.391755  0.567766  0.606959  0.719358  0.475387  0.412076  0.719319  0.733488  0.840484  0.498861  0.712036  0.625995  0.629586  0.516007  0.633503  0.432444  0.610405  0.620597  0.446738  0.453507  0.766520  0.679400  0.493360  0.364606  0.574581  0.569456  0.620615  0.384634  0.592124  0.657553  0.706749  0.378344  0.698627  0.421176  0.578087  0.466444  0.633525  0.652862  0.471451  0.616294  0.612387  0.458497  0.484893  0.553843  0.620274  0.589568  0.583760  0.695843  0.598622  0.493611  0.657085  0.548380  0.615068  0.623590  0.646216  0.691534 
21  0.794497  0.680291  0.780306  0.588890  0.533971  0.619332  0.690437  0.639799  0.620396  0.648515  0.576775  0.571695  0.576372  0.573394  0.488161  0.607388  0.583072  0.587273  0.636444  0.350925  0.682942 0.0  0.636031  0.490229  0.789653  0.354837  0.626428  0.681892  0.664978  0.620262  0.503592  0.579364  0.692058  0.491379  0.406831  0.436359  0.530318  0.498653  0.671303  0.751215  0.773026  0.780259  0.536122  0.607724  0.573952  0.589881  0.555152  0.550720  0.600719  0.393498  0.664615  0.503429  0.767819  0.565435  0.597163  0.540894  0.616652  0.381034  0.465949  0.713995  0.588524  0.639090  0.419642  0.541595  0.574597  0.480648  0.424260  0.603318  0.554322  0.503930  0.626629  0.429408  0.603432  0.550908  0.729035  0.602904  0.570562  0.634193  0.633659  0.425511  0.599978  0.598319  0.820178  0.471067  0.532582  0.322847  0.581136  0.609335  0.597848 
22  0.614851  0.732416  0.616160  0.575082  0.494678  0.316689  0.684716  0.624973  0.532249  0.517948  0.549150  0.528891  0.582057  0.732355  0.750715  0.574903  0.544993  0.463478  0.394604  0.576273  0.489125  0.636031 0.0  0.374783  0.708980  0.508600  0.597675  0.702571  0.549024  0.604344  0.802786  0.361566  0.834603  0.605783  0.543478  0.470279  0.554421  0.660722  0.368806  0.741901  0.828838  0.616576  0.421118  0.649156  0.691045  0.847637  0.707867  0.668842  0.649354  0.473056  0.494625  0.443542  0.654764  0.660944  0.644383  0.675932  0.307581  0.489991  0.458109  0.704078  0.343799  0.631305  0.658578  0.471031  0.250973  0.534424  0.448379  0.559968  0.632531  0.669237  0.672059  0.544286  0.481515  0.642261  0.430681  0.432626  0.633250  0.587112  0.482115  0.562452  0.633725  0.696943  0.646298  0.670719  0.671557  0.716020  0.571527  0.752426  0.652409 
23  0.561690  0.568549  0.628712  0.591688  0.422648  0.504186  0.691112  0.744996  0.501201  0.556653  0.574841  0.593327  0.415970  0.647309  0.615276  0.607643  0.740579  0.488862  0.493512  0.588808  0.321977  0.490229  0.374783 0.0  0.670820  0.396775  0.609547  0.609246  0.599683  0.682020  0.502896  0.446459  0.734358  0.483652  0.541608  0.554641  0.483069  0.571505  0.372178  0.608736  0.879438  0.760753  0.361480  0.690498  0.746045  0.729005  0.700550  0.506952  0.480239  0.538054  0.553183  0.403756  0.645565  0.754065  0.538905  0.568416  0.273643  0.529459  0.414047  0.663482  0.342754  0.572721  0.548971  0.520411  0.355557  0.599563  0.373532  0.552137  0.599217  0.653626  0.776440  0.493542  0.556669  0.625969  0.536331  0.525776  0.597025  0.521792  0.550480  0.654954  0.713912  0.570149  0.576387  0.497860  0.594134  0.640025  0.631416  0.559647  0.539671 
24  0.653815  0.460267  0.683301  0.656246  0.652990  0.743358  0.567009  0.516458  0.637482  0.828784  0.610350  0.662889  0.693655  0.477105  0.642667  0.659249  0.530431  0.688353  0.652494  0.694440  0.653604  0.789653  0.708980  0.670820 0.0  0.618754  0.532399  0.679154  0.545562  0.665218  0.455532  0.678412  0.707562  0.621797  0.641053  0.758563  0.626432  0.651218  0.634015  0.660582  0.545668  0.539592  0.659425  0.412604  0.666186  0.405076  0.633151  0.637961  0.586597  0.655301  0.613714  0.848298  0.583020  0.537734  0.571457  0.582756  0.721382  0.630629  0.605213  0.698152  0.768392  0.565973  0.539400  0.519480  0.678428  0.778872  0.576871  0.598403  0.525831  0.628882  0.525009  0.624085  0.543755  0.523477  0.599948  0.570157  0.600204  0.707155  0.672213  0.670131  0.667197  0.615785  0.632461  0.676004  0.524094  0.658537  0.493509  0.497568  0.618945 
25  0.695082  0.656062  0.603438  0.632203  0.466369  0.636088  0.518872  0.654807  0.590758  0.547477  0.560180  0.394994  0.493243  0.636707  0.411858  0.629332  0.462863  0.571309  0.630370  0.367018  0.484130  0.354837  0.508600  0.396775  0.618754 0.0  0.573003  0.568417  0.626494  0.550521  0.452892  0.619880  0.698279  0.451585  0.444977  0.398317  0.647550  0.484083  0.569289  0.737911  0.661515  0.732584  0.554721  0.641356  0.653537  0.553802  0.498521  0.658745  0.493696  0.494722  0.658157  0.528705  0.674580  0.478426  0.608496  0.460418  0.519508  0.267867  0.495805  0.600076  0.585975  0.477499  0.447395  0.713128  0.508314  0.643032  0.366706  0.579733  0.409350  0.564998  0.688092  0.354936  0.515237  0.440013  0.574305  0.671912  0.476909  0.380747  0.537992  0.471939  0.698247  0.412191  0.683175  0.636396  0.492509  0.395830  0.650198  0.699098  0.513192 
26  0.786945  0.658791  0.699479  0.723743  0.613285  0.624345  0.553310  0.710799  0.706532  0.548775  0.591479  0.670921  0.571150  0.553371  0.627233  0.653604  0.362680  0.588895  0.641017  0.572167  0.729189  0.626428  0.597675  0.609547  0.532399  0.573003 0.0  0.554346  0.708943  0.516858  0.483484  0.694345  0.734543  0.558808  0.559986  0.435879  0.421307  0.779654  0.682766  0.655781  0.724227  0.705035  0.764297  0.547004  0.791987  0.544907  0.604569  0.613428  0.719002  0.502257  0.605878  0.675682  0.735059  0.399120  0.587484  0.479443  0.616947  0.579674  0.584231  0.743195  0.555227  0.570277  0.709655  0.603199  0.663857  0.577063  0.651269  0.561665  0.434463  0.598500  0.593756  0.716920  0.565856  0.470771  0.637698  0.643048  0.676914  0.539441  0.616311  0.592667  0.596961  0.695671  0.582868  0.556111  0.701386  0.557155  0.523589  0.659082  0.655674 
27  0.728031  0.632609  0.656300  0.681207  0.789722  0.564972  0.661215  0.909676  0.670517  0.511588  0.604621  0.587036  0.646558  0.506141  0.659770  0.619831  0.507506  0.723530  0.545988  0.556669  0.529706  0.681892  0.702571  0.609246  0.679154  0.568417  0.554346 0.0  0.560742  0.692664  0.610975  0.692943  0.863992  0.640757  0.641318  0.550306  0.367751  0.718877  0.681614  0.872343  0.831113  0.881138  0.620263  0.558374  0.808657  0.749203  0.789880  0.563454  0.612537  0.646425  0.557637  0.636486  0.665255  0.458196  0.567877  0.520285  0.570812  0.600921  0.709452  0.668208  0.592816  0.670956  0.604433  0.654426  0.664006  0.700002  0.631417  0.606451  0.492265  0.658816  0.612354  0.562020  0.573035  0.379325  0.666378  0.626231  0.617941  0.607463  0.509393  0.475584  0.555916  0.773963  0.656863  0.554558  0.664025  0.617756  0.526491  0.573854  0.612868 
28  0.621712  0.611276  0.625581  0.442157  0.362913  0.576757  0.683314  0.588985  0.712905  0.643923  0.559245  0.699221  0.571787  0.643276  0.630815  0.711273  0.573520  0.678382  0.638451  0.675540  0.584247  0.664978  0.549024  0.599683  0.545562  0.626494  0.708943  0.560742 0.0  0.623214  0.490342  0.551012  0.630181  0.608147  0.654985  0.606673  0.538380  0.536060  0.493273  0.618718  0.556847  0.484533  0.595893  0.613178  0.543385  0.619229  0.566133  0.556702  0.557493  0.629204  0.514777  0.605217  0.457040  0.620203  0.613612  0.526325  0.483429  0.612877  0.555025  0.554830  0.589343  0.621288  0.711695  0.469106  0.663798  0.602207  0.579339  0.547110  0.576811  0.556985  0.624901  0.574901  0.504478  0.524516  0.503043  0.543976  0.622620  0.647526  0.656282  0.751646  0.482289  0.689134  0.517417  0.690712  0.591589  0.601098  0.551330  0.570667  0.672121 
29  0.589230  0.502568  0.652357  0.581928  0.495549  0.728879  0.630800  0.519338  0.646865  0.714277  0.616114  0.557882  0.629233  0.593699  0.689783  0.573074  0.587739  0.576282  0.790164  0.678806  0.609280  0.620262  0.604344  0.682020  0.665218  0.550521  0.516858  0.692664  0.623214 0.0  0.482161  0.648281  0.577129  0.636397  0.600951  0.540898  0.592566  0.598926  0.590676  0.623676  0.518392  0.633258  0.641826  0.600297  0.546543  0.495702  0.521011  0.538423  0.636115  0.585185  0.721901  0.686456  0.544694  0.599619  0.572695  0.523869  0.662330  0.615283  0.665803  0.562694  0.702427  0.544058  0.547189  0.567386  0.667466  0.675930  0.480928  0.507524  0.482589  0.612449  0.602851  0.645377  0.620789  0.633325  0.596955  0.577455  0.588922  0.622462  0.607620  0.679879  0.632226  0.640186  0.604872  0.637164  0.703708  0.660102  0.597293  0.487791  0.599361 
30  0.644767  0.316668  0.561506  0.771722  0.439926  0.891911  0.330863  0.514672  0.713669  0.655281  0.483856  0.583571  0.582985  0.489326  0.619767  0.717553  0.525600  0.615108  0.706571  0.708772  0.684234  0.503592  0.802786  0.502896  0.455532  0.452892  0.483484  0.610975  0.490342  0.482161 0.0  0.658334  0.621915  0.649072  0.679112  0.749936  0.603105  0.527865  0.747873  0.720588  0.521340  0.554063  0.600935  0.416749  0.537735  0.266940  0.530257  0.434425  0.780119  0.734911  0.703974  0.786069  0.502038  0.411720  0.721773  0.258484  0.702347  0.543314  0.768479  0.510106  0.654734  0.622601  0.640401  0.432728  0.625282  0.828419  0.545752  0.519439  0.259008  0.711472  0.583620  0.458966  0.510941  0.490777  0.676583  0.640114  0.707320  0.518057  0.493734  0.752430  0.608275  0.460365  0.641336  0.635192  0.743281  0.677879  0.502029  0.392185  0.540879 
31  0.739393  0.671746  0.586064  0.480856  0.380106  0.438615  0.807277  0.730354  0.569208  0.571014  0.506619  0.658398  0.594550  0.706274  0.533913  0.621952  0.678473  0.514474  0.475283  0.704551  0.461957  0.579364  0.361566  0.446459  0.678412  0.619880  0.694345  0.692943  0.551012  0.648281  0.658334 0.0  0.757093  0.672256  0.565193  0.502240  0.518646  0.655943  0.351203  0.720732  0.689063  0.728364  0.448273  0.553749  0.716124  0.750435  0.601962  0.698276  0.595069  0.511805  0.584815  0.345623  0.739686  0.606505  0.536174  0.649219  0.481015  0.552820  0.577879  0.630203  0.350482  0.634497  0.704317  0.663822  0.283696  0.602629  0.495539  0.677224  0.674035  0.511460  0.666990  0.484512  0.535985  0.733739  0.410676  0.711571  0.699147  0.583435  0.588980  0.573558  0.540130  0.613753  0.567948  0.616204  0.661083  0.667893  0.666566  0.687341  0.616772 
32  0.654140  0.575229  0.548343  0.713874  0.745539  0.813726  0.657707  0.576312  0.603077  0.842759  0.574987  0.761601  0.584150  0.672731  0.795602  0.549333  0.753837  0.748775  0.773730  0.723832  0.732870  0.692058  0.834603  0.734358  0.707562  0.698279  0.734543  0.863992  0.630181  0.577129  0.621915  0.757093 0.0  0.646375  0.795421  0.683641  0.941991  0.550906  0.862434  0.403099  0.315667  0.434753  0.773179  0.653245  0.681383  0.596970  0.505833  0.679874  0.642181  0.690973  0.523272  0.865422  0.657392  0.646860  0.654265  0.666833  0.833412  0.753441  0.704103  0.581039  0.893975  0.478402  0.844127  0.663763  0.878755  0.825775  0.713458  0.575693  0.814221  0.552788  0.673707  0.593271  0.486862  0.751821  0.726651  0.505788  0.731249  0.781382  0.559570  0.727057  0.566703  0.632291  0.637108  0.620226  0.656002  0.766707  0.784405  0.562675  0.576524 
33  0.667983  0.545899  0.563802  0.457960  0.553736  0.740223  0.649476  0.551281  0.397741  0.626646  0.676273  0.393877  0.649805  0.692262  0.508919  0.716261  0.731568  0.667956  0.613264  0.490863  0.391755  0.491379  0.605783  0.483652  0.621797  0.451585  0.558808  0.640757  0.608147  0.636397  0.649072  0.672256  0.646375 0.0  0.561690  0.548365  0.753669  0.377204  0.520085  0.712783  0.644515  0.708101  0.557047  0.631518  0.714667  0.597495  0.551190  0.537160  0.376978  0.498529  0.611263  0.709733  0.656466  0.816246  0.675038  0.529424  0.617929  0.431264  0.358117  0.622633  0.587517  0.540266  0.569746  0.725639  0.702432  0.659482  0.513097  0.559046  0.594318  0.462638  0.689348  0.428824  0.625600  0.725003  0.689378  0.559368  0.467066  0.571711  0.638772  0.538240  0.761197  0.396635  0.521712  0.656471  0.444873  0.535814  0.688975  0.599231  0.687928 
34  0.716092  0.731480  0.639021  0.448565  0.418883  0.489067  0.586001  0.730706  0.736203  0.632274  0.602611  0.559339  0.547922  0.645288  0.654403  0.575145  0.608863  0.562085  0.574419  0.492909  0.567766  0.406831  0.543478  0.541608  0.641053  0.444977  0.559986  0.641318  0.654985  0.600951  0.679112  0.565193  0.795421  0.561690 0.0  0.356312  0.548125  0.626750  0.551580  0.797802  0.631503  0.862374  0.538886  0.701977  0.786830  0.727015  0.666825  0.811280  0.763797  0.522375  0.622919  0.454257  0.680025  0.503134  0.506618  0.653007  0.682475  0.522846  0.652198  0.674586  0.541898  0.642096  0.647903  0.702523  0.472848  0.614151  0.449732  0.577823  0.632459  0.650764  0.589187  0.549620  0.540944  0.695335  0.575929  0.641204  0.777808  0.458254  0.537261  0.481198  0.468692  0.548963  0.861876  0.645604  0.599714  0.540150  0.685858  0.666122  0.554748 
35  0.840684  0.684694  0.624108  0.639629  0.500026  0.386219  0.753163  0.888325  0.412028  0.658265  0.595705  0.484548  0.475354  0.599420  0.439171  0.530477  0.538297  0.543562  0.440426  0.358164  0.606959  0.436359  0.470279  0.554641  0.758563  0.398317  0.435879  0.550306  0.606673  0.540898  0.749936  0.502240  0.683641  0.548365  0.356312 0.0  0.444702  0.477629  0.459787  0.919182  0.889648  0.958012  0.362083  0.714597  0.753178  0.946561  0.842643  0.625861  0.408178  0.378692  0.588786  0.523990  0.746304  0.641067  0.499646  0.706916  0.457481  0.421916  0.368612  0.749578  0.434530  0.676481  0.514105  0.608686  0.431698  0.301815  0.533395  0.574427  0.655775  0.479617  0.617905  0.422802  0.595471  0.608031  0.632186  0.676768  0.613608  0.652651  0.535312  0.299726  0.624495  0.518355  0.830082  0.497576  0.478274  0.435065  0.660352  0.720993  0.699991 
36  0.766659  0.635822  0.586618  0.765190  0.765992  0.438420  0.688146  1.000000  0.575238  0.498606  0.604038  0.640184  0.494073  0.520645  0.648414  0.543342  0.510626  0.650992  0.552029  0.499438  0.719358  0.530318  0.554421  0.483069  0.626432  0.647550  0.421307  0.367751  0.538380  0.592566  0.603105  0.518646  0.941991  0.753669  0.548125  0.444702 0.0  0.655461  0.542892  0.854947  0.803242  0.809266  0.474865  0.541215  0.830513  0.617445  0.757319  0.510168  0.629446  0.520935  0.588231  0.565993  0.757163  0.448870  0.495683  0.651822  0.571155  0.603482  0.590472  0.731701  0.510593  0.528630  0.681951  0.494668  0.546732  0.463181  0.732833  0.593129  0.451988  0.622901  0.503368  0.616280  0.649418  0.415279  0.666721  0.673804  0.653769  0.646029  0.452409  0.476885  0.532868  0.711679  0.533330  0.536970  0.643935  0.480357  0.505771  0.597404  0.702919 
37  0.524828  0.556524  0.496876  0.547095  0.430986  0.656905  0.571028  0.650240  0.426339  0.718079  0.662374  0.480228  0.662925  0.615957  0.451639  0.701662  0.711383  0.679025  0.697388  0.545784  0.475387  0.498653  0.660722  0.571505  0.651218  0.484083  0.779654  0.718877  0.536060  0.598926  0.527865  0.655943  0.550906  0.377204  0.626750  0.477629  0.655461 0.0  0.530705  0.582449  0.604698  0.584209  0.541383  0.562679  0.820883  0.609794  0.474292  0.559995  0.375270  0.476752  0.555463  0.709319  0.611663  0.759609  0.654260  0.560838  0.628326  0.393617  0.417203  0.683868  0.576243  0.566526  0.656557  0.577782  0.631444  0.470323  0.501482  0.555650  0.666439  0.514537  0.777008  0.415967  0.559152  0.663620  0.558632  0.465358  0.525098  0.707001  0.508381  0.522772  0.824260  0.411213  0.532818  0.661398  0.545461  0.494962  0.556170  0.523021  0.713630 
38  0.510684  0.693502  0.620600  0.515017  0.416129  0.325887  0.796124  0.825176  0.488084  0.550825  0.614091  0.523365  0.535123  0.800547  0.533796  0.629451  0.786007  0.427287  0.376053  0.585242  0.412076  0.671303  0.368806  0.372178  0.634015  0.569289  0.682766  0.681614  0.493273  0.590676  0.747873  0.351203  0.862434  0.520085  0.551580  0.459787  0.542892  0.530705 0.0  0.644955  0.714846  0.763417  0.293251  0.730307  0.659794  0.820394  0.646801  0.623479  0.529947  0.578075  0.470445  0.371072  0.727535  0.750191  0.668532  0.710879  0.386371  0.593562  0.453772  0.662983  0.294010  0.688107  0.666444  0.580512  0.326434  0.507603  0.453856  0.514186  0.632737  0.476563  0.738309  0.505831  0.552355  0.663915  0.455423  0.585636  0.596718  0.676533  0.497986  0.472351  0.712333  0.632867  0.584962  0.535819  0.687628  0.586177  0.687393  0.691587  0.719603 
39  0.402759  0.637889  0.645814  0.534149  0.607753  0.885909  0.662354  0.502295  0.613598  0.802318  0.467640  0.635831  0.673018  0.677327  0.723180  0.699002  0.725072  0.730204  0.593142  0.763606  0.719319  0.751215  0.741901  0.608736  0.660582  0.737911  0.655781  0.872343  0.618718  0.623676  0.720588  0.720732  0.403099  0.712783  0.797802  0.919182  0.854947  0.582449  0.644955 0.0  0.476757  0.400043  0.751613  0.654425  0.603313  0.527539  0.562347  0.743710  0.623102  0.649574  0.580005  0.797506  0.468387  0.696946  0.624546  0.558610  0.753803  0.724458  0.665414  0.492504  0.732877  0.524314  0.782453  0.806580  0.757497  0.792519  0.690865  0.553729  0.700570  0.726631  0.718088  0.645227  0.636726  0.747807  0.518850  0.585275  0.551328  0.681148  0.639262  0.785039  0.905138  0.542992  0.656371  0.695050  0.597134  0.802858  0.730138  0.530866  0.750574 
40  0.552316  0.504269  0.643171  0.657800  0.615360  0.851001  0.559649  0.447322  0.847388  0.764288  0.587631  0.538422  0.547090  0.733239  0.803657  0.620676  0.738541  0.755528  0.856576  0.874866  0.733488  0.773026  0.828838  0.879438  0.545668  0.661515  0.724227  0.831113  0.556847  0.518392  0.521340  0.689063  0.315667  0.644515  0.631503  0.889648  0.803242  0.604698  0.714846  0.476757 0.0  0.457107  0.805937  0.587717  0.520439  0.511578  0.508333  0.667063  0.681499  0.695488  0.623966  0.796554  0.540633  0.720234  0.623594  0.477219  0.755732  0.771186  0.627987  0.756610  0.830435  0.489886  0.677531  0.749141  0.855968  0.898674  0.705414  0.670963  0.536067  0.687755  0.728186  0.592615  0.607814  0.633714  0.727947  0.532766  0.516760  0.819080  0.610484  0.880994  0.675513  0.636915  0.634361  0.736686  0.640501  0.773598  0.658219  0.537940  0.638273 
41  0.436166  0.504584  0.590800  0.743236  0.610091  0.950748  0.490659  0.406320  0.738318  0.755840  0.525339  0.792483  0.727532  0.702820  0.942733  0.858371  0.557591  0.710801  0.687647  0.744337  0.840484  0.780259  0.616576  0.760753  0.539592  0.732584  0.705035  0.881138  0.484533  0.633258  0.554063  0.728364  0.434753  0.708101  0.862374  0.958012  0.809266  0.584209  0.763417  0.400043  0.457107 0.0  0.694247  0.554469  0.460396  0.461970  0.542981  0.594399  0.763551  0.791212  0.547123  0.889834  0.447219  0.582208  0.698574  0.650902  0.778505  0.749073  0.618778  0.512895  0.637226  0.494610  0.624348  0.747217  0.796756  0.847904  0.705737  0.518161  0.689169  0.763318  0.759161  0.659336  0.541896  0.779740  0.711510  0.623091  0.590281  0.686383  0.684090  0.922684  0.765586  0.648392  0.662511  0.655492  0.675417  0.700026  0.771715  0.649862  0.560351 
42  0.596365  0.608577  0.508323  0.479046  0.448669  0.445181  0.801471  0.629745  0.504529  0.489616  0.619220  0.563508  0.451504  0.716309  0.476908  0.462641  0.750330  0.589412  0.528396  0.571540  0.498861  0.536122  0.421118  0.361480  0.659425  0.554721  0.764297  0.620263  0.595893  0.641826  0.600935  0.448273  0.773179  0.557047  0.538886  0.362083  0.474865  0.541383  0.293251  0.751613  0.805937  0.694247 0.0  0.613515  0.818015  0.648657  0.542803  0.587894  0.418852  0.500471  0.492637  0.399458  0.687621  0.669139  0.565222  0.691555  0.455116  0.494389  0.409879  0.697861  0.394497  0.600259  0.676003  0.580263  0.374854  0.504396  0.422216  0.523407  0.666563  0.489034  0.698275  0.472590  0.585742  0.590802  0.521211  0.599366  0.588313  0.624800  0.564836  0.478042  0.619787  0.596146  0.522168  0.565760  0.603540  0.612960  0.626963  0.643941  0.601095 
43  0.604808  0.280108  0.621182  0.596616  0.538804  0.598524  0.436246  0.648025  0.787685  0.665585  0.646697  0.683090  0.718430  0.583614  0.522375  0.670090  0.545181  0.699097  0.683086  0.649167  0.712036  0.607724  0.649156  0.690498  0.412604  0.641356  0.547004  0.558374  0.613178  0.600297  0.416749  0.553749  0.653245  0.631518  0.701977  0.714597  0.541215  0.562679  0.730307  0.654425  0.587717  0.554469  0.613515 0.0  0.636388  0.416828  0.629854  0.420208  0.536513  0.581124  0.575280  0.696558  0.682771  0.374793  0.618836  0.414498  0.717585  0.543856  0.674296  0.641517  0.630496  0.661206  0.594780  0.465148  0.781249  0.766300  0.676767  0.536578  0.419614  0.651273  0.637749  0.528192  0.665122  0.444638  0.525390  0.583602  0.488857  0.615802  0.546568  0.709490  0.685485  0.450559  0.464460  0.791457  0.764332  0.699399  0.485367  0.429984  0.665482 
44  0.465466  0.507000  0.644132  0.776802  0.475754  0.792275  0.545031  0.229208  0.789081  0.777176  0.482520  0.725369  0.719301  0.629486  0.718090  0.745981  0.729205  0.557900  0.841231  0.670481  0.625995  0.573952  0.691045  0.746045  0.666186  0.653537  0.791987  0.808657  0.543385  0.546543  0.537735  0.716124  0.681383  0.714667  0.786830  0.753178  0.830513  0.820883  0.659794  0.603313  0.520439  0.460396  0.818015  0.636388 0.0  0.465878  0.579027  0.681152  0.823216  0.667124  0.632305  0.665121  0.270633  0.780231  0.643864  0.533776  0.715945  0.689033  0.834442  0.540082  0.760613  0.580388  0.904839  0.627592  0.684283  0.928014  0.534186  0.598126  0.521490  0.690306  0.779138  0.648795  0.648543  0.572516  0.648078  0.576071  0.617538  0.776942  0.554580  0.787250  0.841711  0.660607  0.789851  0.764814  0.826614  0.738350  0.606184  0.561110  0.640669 
