89
0 0.0  0.532962  0.561478  0.487432  0.433102  0.579392  0.598346  0.365162  0.559876  0.710355  0.501302  0.612827  0.694623  0.727127  0.585452  0.739435  0.731647  0.587570  0.710309  0.580854  0.521102  0.656648  0.691185  0.548920  0.555670  0.569647  0.670377  0.681077  0.509812  0.542399  0.599925  0.560993  0.541925  0.487646  0.668782  0.748883  0.773343  0.528166  0.615062  0.408221  0.508804  0.403886  0.593660  0.540981  0.442345  0.578666  0.408002  0.578620  0.463610  0.591165  0.436961  0.698572  0.372195  0.647513  0.673962  0.617972  0.646898  0.515095  0.541829  0.388078  0.668447  0.523880  0.675562  0.487585  0.492047  0.785488  0.481589  0.511819  0.580702  0.516881  0.551229  0.493490  0.577549  0.654231  0.551861  0.463544  0.630582  0.539900  0.576115  0.712173  0.641872  0.482058  0.567345  0.683229  0.633926  0.652931  0.593275  0.501745  0.505513 
1  0.532962 0.0  0.538688  0.626318  0.523231  0.734771  0.335550  0.380731  0.702831  0.695237  0.612312  0.536046  0.515651  0.525904  0.608998  0.674544  0.573597  0.641938  0.864074  0.696143  0.612676  0.563466  0.625645  0.662236  0.471525  0.571603  0.502185  0.571079  0.563399  0.444896  0.308731  0.667311  0.469261  0.508226  0.652395  0.789247  0.570025  0.597041  0.714779  0.652990  0.455952  0.418854  0.717524  0.306186  0.521170  0.304178  0.471333  0.355489  0.494477  0.597117  0.544112  0.575974  0.568654  0.628723  0.611469  0.262628  0.624596  0.559974  0.558488  0.526725  0.643871  0.525969  0.626370  0.506544  0.696128  0.681333  0.561615  0.506448  0.340619  0.570968  0.597498  0.547607  0.505612  0.425867  0.652773  0.442380  0.543360  0.603561  0.531835  0.684498  0.660239  0.452769  0.530648  0.693856  0.705734  0.663481  0.422003  0.382858  0.604253 
2  0.561478  0.538688 0.0  0.510039  0.597135  0.590161  0.494518  0.469798  0.574996  0.655129  0.545880  0.594405  0.537967  0.559620  0.575149  0.626144  0.521828  0.670175  0.562450  0.562781  0.537942  0.518678  0.573387  0.614554  0.613648  0.526124  0.681153  0.551495  0.501088  0.601380  0.562104  0.623946  0.531014  0.454285  0.609501  0.557152  0.560851  0.437006  0.526255  0.478820  0.454877  0.600386  0.508856  0.610548  0.575436  0.566038  0.632775  0.543682  0.380915  0.564426  0.477331  0.699106  0.564998  0.713005  0.623492  0.555158  0.489889  0.614521  0.474181  0.480643  0.489325  0.474822  0.727765  0.596042  0.538911  0.633729  0.578487  0.520356  0.441900  0.485423  0.656687  0.604746  0.567938  0.629152  0.438563  0.477726  0.465627  0.604514  0.559185  0.579328  0.614059  0.536260  0.498623  0.643205  0.619015  0.544521  0.535828  0.479853  0.524345 
3  0.487432  0.626318  0.510039 0.0  0.455251  0.631030  0.602931  0.566284  0.681100  0.662005  0.554122  0.531087  0.587201  0.764556  0.487293  0.617824  0.793930  0.613800  0.559843  0.595431  0.429767  0.643025  0.534568  0.513254  0.669967  0.493800  0.719151  0.618814  0.529880  0.512214  0.772604  0.433581  0.482469  0.582832  0.418185  0.554783  0.546851  0.527726  0.522231  0.488932  0.616877  0.612422  0.468179  0.564163  0.597463  0.685189  0.499843  0.728892  0.458017  0.569251  0.456248  0.613321  0.663934  0.633048  0.685580  0.667717  0.611324  0.546389  0.464967  0.653982  0.544626  0.528112  0.525968  0.647397  0.569769  0.680763  0.411228  0.521778  0.556590  0.544832  0.670531  0.381512  0.498818  0.527570  0.500245  0.504208  0.476532  0.445724  0.562232  0.478765  0.634272  0.424758  0.563094  0.684857  0.605537  0.602591  0.527884  0.546138  0.625571 
4  0.433102  0.523231  0.597135  0.455251 0.0  0.389204  0.530793  0.468155  0.513842  0.550364  0.534551  0.440352  0.487775  0.659394  0.509384  0.651191  0.659647  0.402071  0.391700  0.497292  0.320726  0.461325  0.447564  0.328422  0.637904  0.427156  0.546262  0.712634  0.516662  0.499483  0.400717  0.381637  0.662024  0.544590  0.445196  0.508763  0.725745  0.505932  0.432693  0.514756  0.601768  0.597368  0.431199  0.431169  0.564786  0.516134  0.354179  0.571157  0.414526  0.462256  0.495633  0.424506  0.525305  0.529811  0.514492  0.362737  0.412858  0.448028  0.457727  0.545652  0.394538  0.572078  0.511092  0.583950  0.403786  0.650284  0.294100  0.455843  0.388781  0.479875  0.676812  0.377356  0.544883  0.452948  0.415964  0.540083  0.638220  0.491355  0.457152  0.579701  0.589814  0.455458  0.553968  0.519742  0.570543  0.530048  0.649675  0.578955  0.581357 
5  0.579392  0.734771  0.590161  0.631030  0.389204 0.0  0.663502  0.744895  0.466696  0.485186  0.535089  0.555435  0.545027  0.606692  0.549454  0.393241  0.630710  0.341501  0.346845  0.445979  0.337878  0.528272  0.347450  0.422542  0.774995  0.587453  0.510922  0.523842  0.626131  0.705632  0.744342  0.378808  0.722174  0.591360  0.410549  0.328777  0.371474  0.611725  0.364586  0.805925  0.868700  0.672414  0.435880  0.535594  0.748596  0.640575  0.556750  0.672814  0.459111  0.495849  0.559948  0.338698  0.759600  0.567341  0.554400  0.569070  0.312131  0.462729  0.417520  0.660966  0.285375  0.635737  0.631641  0.547741  0.329465  0.453550  0.453838  0.569546  0.630760  0.519525  0.611676  0.593043  0.573894  0.541651  0.473637  0.603101  0.598132  0.665701  0.523819  0.394358  0.497021  0.587918  0.660924  0.445216  0.453253  0.562727  0.547996  0.765837  0.514541 
6  0.598346  0.335550  0.494518  0.602931  0.530793  0.663502 0.0  0.444689  0.717383  0.686314  0.545801  0.608108  0.712603  0.490240  0.652027  0.639136  0.404882  0.664474  0.670912  0.623976  0.753279  0.550574  0.604337  0.572861  0.498954  0.480013  0.513460  0.596575  0.544644  0.568785  0.311980  0.723864  0.619791  0.597448  0.653551  0.592907  0.572130  0.653850  0.894869  0.556980  0.465191  0.390905  0.718188  0.398949  0.530570  0.368056  0.504503  0.515785  0.602015  0.655828  0.603855  0.735106  0.590474  0.361317  0.573344  0.390996  0.648074  0.562538  0.613491  0.566969  0.669703  0.608882  0.536953  0.551140  0.677400  0.577904  0.600528  0.569089  0.329397  0.699858  0.442756  0.541018  0.565028  0.479482  0.744383  0.560970  0.595474  0.572293  0.534966  0.617170  0.729444  0.555413  0.574167  0.481452  0.549120  0.664985  0.553460  0.493716  0.630919 
7  0.365162  0.380731  0.469798  0.566284  0.468155  0.744895  0.444689 0.0  0.686532  0.615586  0.531266  0.646207  0.580480  0.613208  0.613955  0.691384  0.781662  0.585568  0.707235  0.681093  0.554771  0.542426  0.645267  0.678698  0.593278  0.540023  0.682470  0.828985  0.511342  0.478955  0.388847  0.631218  0.503269  0.518384  0.668683  0.729477  0.778510  0.636646  0.657961  0.452087  0.426174  0.378778  0.678070  0.523837  0.206353  0.331921  0.532149  0.506755  0.678745  0.718901  0.586211  0.787573  0.271086  0.684109  0.657322  0.417841  0.680072  0.595612  0.765841  0.416606  0.705743  0.432139  0.617099  0.614047  0.763631  0.708357  0.557269  0.516053  0.462425  0.712283  0.676523  0.588309  0.531269  0.524614  0.615563  0.462530  0.567261  0.571265  0.549776  0.722297  0.606462  0.477739  0.617202  0.636123  0.597335  0.716151  0.669510  0.497416  0.542032 
8  0.559876  0.702831  0.574996  0.681100  0.513842  0.466696  0.717383  0.686532 0.0  0.540781  0.582766  0.379515  0.538728  0.560547  0.529281  0.643853  0.587137  0.558363  0.561858  0.457070  0.604239  0.537329  0.575390  0.493310  0.586479  0.504438  0.507006  0.575805  0.514207  0.619925  0.554520  0.568127  0.627997  0.399570  0.548699  0.383119  0.605557  0.413097  0.544150  0.658885  0.717005  0.661740  0.496508  0.702222  0.642621  0.591731  0.605573  0.462951  0.488857  0.411854  0.584802  0.446316  0.671041  0.676629  0.561334  0.552709  0.522877  0.449809  0.385197  0.675329  0.466901  0.602417  0.594034  0.511689  0.531541  0.421481  0.420052  0.538016  0.601860  0.352327  0.554523  0.465036  0.595285  0.768220  0.524000  0.499551  0.428538  0.763175  0.501904  0.407800  0.683995  0.476798  0.613837  0.506136  0.386718  0.550723  0.624804  0.576236  0.618372 
9  0.710355  0.695237  0.655129  0.662005  0.550364  0.485186  0.686314  0.615586  0.540781 0.0  0.598739  0.536554  0.485668  0.593300  0.656574  0.596177  0.670607  0.543410  0.617408  0.527633  0.553962  0.666302  0.457861  0.594744  0.599237  0.625649  0.541923  0.446400  0.518588  0.644521  0.686005  0.519313  0.720817  0.674514  0.556072  0.443088  0.394124  0.619059  0.548013  0.559885  0.626259  0.786800  0.426714  0.546626  0.700560  0.755822  0.649728  0.505950  0.598671  0.594205  0.497341  0.532739  0.661076  0.495898  0.536833  0.532253  0.491310  0.599389  0.624152  0.636805  0.436488  0.570413  0.638621  0.548656  0.452022  0.538041  0.540007  0.588819  0.450626  0.651571  0.568763  0.546167  0.466586  0.542559  0.595978  0.550244  0.746298  0.584779  0.471099  0.506215  0.502878  0.762553  0.481154  0.563049  0.676322  0.686972  0.574215  0.650402  0.574043 
10  0.501302  0.612312  0.545880  0.554122  0.534551  0.535089  0.545801  0.531266  0.582766  0.598739 0.0  0.501516  0.555898  0.617053  0.469937  0.582773  0.579640  0.505313  0.511974  0.517665  0.603961  0.537056  0.550772  0.581406  0.504287  0.580917  0.592361  0.569297  0.553132  0.573742  0.535113  0.455942  0.572168  0.538293  0.585315  0.609055  0.565013  0.594540  0.656113  0.568599  0.545488  0.595873  0.499650  0.569263  0.549913  0.526683  0.439864  0.528801  0.512761  0.531302  0.594431  0.569741  0.491561  0.531407  0.564652  0.578277  0.581563  0.504302  0.550107  0.468280  0.619022  0.603661  0.531513  0.545126  0.474087  0.591374  0.599848  0.535315  0.485514  0.626451  0.553238  0.471279  0.574946  0.519714  0.518846  0.616549  0.552243  0.648869  0.619798  0.570062  0.525004  0.547184  0.549774  0.569711  0.636239  0.524679  0.483270  0.544064  0.619280 
11  0.612827  0.536046  0.594405  0.531087  0.440352  0.555435  0.608108  0.646207  0.379515  0.536554  0.501516 0.0  0.471459  0.520758  0.449057  0.658440  0.593006  0.498524  0.608116  0.426823  0.531159  0.482114  0.621773  0.543212  0.559624  0.452133  0.507639  0.575903  0.606354  0.430190  0.580494  0.573996  0.656322  0.446499  0.542899  0.445166  0.704824  0.438961  0.500848  0.608180  0.705594  0.623148  0.479007  0.585544  0.667107  0.610189  0.508007  0.529627  0.380407  0.490269  0.520087  0.669611  0.644915  0.713957  0.687954  0.509526  0.418532  0.434475  0.442039  0.626583  0.429776  0.561065  0.528750  0.450096  0.566472  0.510426  0.460503  0.567274  0.481277  0.403827  0.603446  0.404873  0.560150  0.476457  0.598737  0.613195  0.356998  0.625459  0.516768  0.482978  0.657677  0.399893  0.599929  0.539657  0.452018  0.440349  0.572738  0.543954  0.578862 
12  0.694623  0.515651  0.537967  0.587201  0.487775  0.545027  0.712603  0.580480  0.538728  0.485668  0.555898  0.471459 0.0  0.732292  0.482546  0.474537  0.700468  0.582328  0.651316  0.527044  0.513795  0.567727  0.621833  0.385004  0.706750  0.489388  0.519065  0.702837  0.577597  0.525185  0.528159  0.581115  0.569404  0.535631  0.456676  0.482471  0.555315  0.556597  0.478344  0.602871  0.438570  0.633089  0.330641  0.578548  0.612579  0.651379  0.381483  0.533011  0.521726  0.445391  0.481646  0.484659  0.689262  0.748216  0.573997  0.461742  0.548788  0.561773  0.484640  0.544376  0.511254  0.569167  0.713011  0.463650  0.471590  0.523793  0.529352  0.512356  0.516989  0.555368  0.589388  0.430735  0.484837  0.539729  0.649728  0.524084  0.619920  0.506925  0.606340  0.529641  0.448541  0.609367  0.425158  0.524824  0.596737  0.586452  0.679346  0.568638  0.461614 
13  0.727127  0.525904  0.559620  0.764556  0.659394  0.606692  0.490240  0.613208  0.560547  0.593300  0.617053  0.520758  0.732292 0.0  0.556011  0.686718  0.473803  0.581962  0.688392  0.580600  0.694629  0.529549  0.653875  0.609294  0.500770  0.610152  0.390952  0.426863  0.580660  0.645289  0.446046  0.635809  0.603061  0.595896  0.572270  0.535961  0.435535  0.597552  0.625929  0.634282  0.605087  0.684404  0.590483  0.502554  0.671196  0.496632  0.597362  0.603752  0.616170  0.637372  0.464556  0.662462  0.674760  0.537124  0.487289  0.501291  0.625372  0.548266  0.644976  0.804661  0.661269  0.636029  0.581920  0.506638  0.567611  0.607459  0.585278  0.589002  0.500212  0.568101  0.462666  0.568802  0.527939  0.455602  0.708935  0.575619  0.646153  0.614876  0.437464  0.594607  0.396308  0.619817  0.691130  0.465971  0.651938  0.450196  0.458780  0.608381  0.544544 
14  0.585452  0.608998  0.575149  0.487293  0.509384  0.549454  0.652027  0.613955  0.529281  0.656574  0.469937  0.449057  0.482546  0.556011 0.0  0.601658  0.657260  0.567917  0.480398  0.390639  0.541205  0.487470  0.582842  0.566782  0.605442  0.380079  0.469424  0.568112  0.606627  0.669220  0.551283  0.429044  0.802998  0.459604  0.544149  0.415419  0.599313  0.422889  0.485250  0.610260  0.698054  0.757011  0.464040  0.455696  0.552535  0.545355  0.730338  0.658367  0.432511  0.392191  0.494802  0.539423  0.587380  0.663691  0.552463  0.519626  0.494191  0.414655  0.455979  0.691208  0.507190  0.614697  0.634768  0.559045  0.483161  0.489962  0.475625  0.512707  0.530922  0.406031  0.634526  0.390646  0.456164  0.475454  0.528068  0.528186  0.449630  0.468238  0.463500  0.398599  0.639076  0.483421  0.640543  0.708642  0.412113  0.385701  0.669403  0.536473  0.602950 
15  0.739435  0.674544  0.626144  0.617824  0.651191  0.393241  0.639136  0.691384  0.643853  0.596177  0.582773  0.658440  0.474537  0.686718  0.601658 0.0  0.573113  0.471395  0.635227  0.637297  0.696876  0.568766  0.610856  0.633835  0.610241  0.619250  0.532128  0.569890  0.498704  0.558452  0.601793  0.659962  0.540136  0.611756  0.499180  0.380514  0.523131  0.564418  0.503425  0.678717  0.667165  0.664931  0.503968  0.668517  0.618739  0.642872  0.540372  0.696927  0.619637  0.496831  0.605452  0.506493  0.704737  0.591477  0.552777  0.563062  0.545898  0.604995  0.577407  0.633435  0.551896  0.603004  0.527030  0.613811  0.552442  0.519473  0.576800  0.504257  0.632861  0.581306  0.564609  0.667346  0.583092  0.626777  0.672860  0.544284  0.660587  0.601920  0.558392  0.524143  0.366456  0.576839  0.666485  0.490881  0.593235  0.544277  0.602518  0.724745  0.594927 
16  0.731647  0.573597  0.521828  0.793930  0.659647  0.630710  0.404882  0.781662  0.587137  0.670607  0.579640  0.593006  0.700468  0.473803  0.657260  0.573113 0.0  0.594603  0.602289  0.503471  0.593853  0.489387  0.610053  0.708128  0.546207  0.559251  0.400727  0.515112  0.609954  0.525519  0.539631  0.567828  0.624228  0.705381  0.614463  0.579732  0.459149  0.692640  0.685678  0.687351  0.598090  0.488539  0.800033  0.552401  0.680395  0.505430  0.624013  0.490357  0.714441  0.440101  0.665952  0.782938  0.618756  0.228434  0.484119  0.462867  0.623757  0.545311  0.678400  0.616729  0.698008  0.599268  0.556719  0.512553  0.592570  0.596919  0.640237  0.679907  0.471357  0.665072  0.391996  0.607879  0.472258  0.368840  0.639588  0.601776  0.691902  0.594309  0.540666  0.575027  0.542492  0.580569  0.691308  0.501898  0.592647  0.570309  0.541337  0.555284  0.625466 
17  0.587570  0.641938  0.670175  0.613800  0.402071  0.341501  0.664474  0.585568  0.558363  0.543410  0.505313  0.498524  0.582328  0.581962  0.567917  0.471395  0.594603 0.0  0.464711  0.424379  0.433509  0.498648  0.438322  0.431520  0.577949  0.527314  0.578112  0.640114  0.688611  0.519147  0.557508  0.453923  0.592712  0.641859  0.449014  0.498923  0.577499  0.596612  0.397655  0.654911  0.755528  0.684516  0.543772  0.692376  0.678818  0.720987  0.587327  0.622610  0.504480  0.509353  0.623059  0.398169  0.718577  0.557084  0.557809  0.638100  0.407259  0.449308  0.507183  0.653971  0.452094  0.632812  0.550781  0.665591  0.412579  0.472585  0.570495  0.473740  0.570290  0.565606  0.424312  0.601663  0.583880  0.576922  0.503141  0.573204  0.509033  0.638479  0.526012  0.422359  0.435263  0.562979  0.556479  0.419682  0.533639  0.484862  0.642963  0.683154  0.613680 
18  0.710309  0.864074  0.562450  0.559843  0.391700  0.346845  0.670912  0.707235  0.561858  0.617408  0.511974  0.608116  0.651316  0.688392  0.480398  0.635227  0.602289  0.464711 0.0  0.471128  0.483800  0.464743  0.318046  0.423092  0.676177  0.555595  0.703115  0.528015  0.635041  0.556413  0.841269  0.439360  0.879400  0.679471  0.597850  0.436872  0.503772  0.605931  0.406113  0.712849  0.818500  0.824784  0.451722  0.663472  0.746262  0.716567  0.688300  0.692023  0.551902  0.607701  0.616721  0.379548  0.740322  0.622781  0.570708  0.616921  0.373894  0.635952  0.506947  0.616034  0.396856  0.595816  0.533896  0.580497  0.382923  0.503230  0.557287  0.618484  0.774758  0.608734  0.576355  0.565766  0.558755  0.599325  0.443295  0.622281  0.515957  0.737596  0.541768  0.456710  0.628101  0.581965  0.547424  0.547396  0.487321  0.615796  0.591499  0.738252  0.596231 
19  0.580854  0.696143  0.562781  0.595431  0.497292  0.445979  0.623976  0.681093  0.457070  0.527633  0.517665  0.426823  0.527044  0.580600  0.390639  0.637297  0.503471  0.424379  0.471128 0.0  0.508835  0.330106  0.561486  0.515658  0.556048  0.323585  0.560525  0.472900  0.511435  0.636450  0.538387  0.558321  0.576474  0.412615  0.466667  0.307225  0.479499  0.460196  0.575108  0.655991  0.684169  0.688714  0.519748  0.634299  0.676648  0.662652  0.547401  0.644055  0.423507  0.348706  0.647319  0.487969  0.785509  0.569558  0.597573  0.490249  0.363958  0.361336  0.426264  0.695207  0.557388  0.554420  0.395474  0.720685  0.474586  0.383504  0.470916  0.579632  0.609862  0.474058  0.458301  0.432539  0.511476  0.473357  0.536559  0.601340  0.507858  0.528376  0.564073  0.358364  0.453494  0.435796  0.641152  0.493022  0.452483  0.346979  0.601139  0.549703  0.538093 
20  0.521102  0.612676  0.537942  0.429767  0.320726  0.337878  0.753279  0.554771  0.604239  0.553962  0.603961  0.531159  0.513795  0.694629  0.541205  0.696876  0.593853  0.433509  0.483800  0.508835 0.0  0.614349  0.421592  0.294876  0.532265  0.574318  0.660868  0.529841  0.472691  0.607302  0.559686  0.397366  0.550568  0.452089  0.575194  0.498162  0.608584  0.484905  0.333713  0.548018  0.539914  0.633698  0.447691  0.633935  0.686568  0.621754  0.495412  0.556311  0.443906  0.589821  0.575851  0.426852  0.574407  0.601527  0.624477  0.526461  0.307911  0.415492  0.520661  0.505808  0.418146  0.503278  0.585215  0.626346  0.400169  0.601832  0.510210  0.426299  0.621739  0.523254  0.615637  0.446221  0.522761  0.475583  0.405651  0.545870  0.538078  0.506388  0.545605  0.519493  0.649653  0.458798  0.454983  0.549836  0.531450  0.604849  0.515440  0.567789  0.639849 
21  0.656648  0.563466  0.518678  0.643025  0.461325  0.528272  0.550574  0.542426  0.537329  0.666302  0.537056  0.482114  0.567727  0.529549  0.487470  0.568766  0.489387  0.498648  0.464743  0.330106  0.614349 0.0  0.633220  0.662895  0.793922  0.350902  0.514282  0.589530  0.671986  0.531328  0.628467  0.553556  0.741894  0.501233  0.503805  0.348393  0.554979  0.536493  0.562912  0.692168  0.674880  0.643686  0.546005  0.618041  0.614864  0.572111  0.583929  0.527634  0.537599  0.356690  0.648496  0.524593  0.701853  0.490321  0.569737  0.525047  0.457817  0.437973  0.563640  0.613055  0.634072  0.604207  0.432240  0.607908  0.483510  0.418169  0.400614  0.501484  0.431535  0.474736  0.560366  0.392151  0.657685  0.534674  0.545534  0.545656  0.506089  0.579605  0.504867  0.374050  0.498780  0.502157  0.690750  0.558126  0.426331  0.310840  0.518594  0.521499  0.567926 
22  0.691185  0.625645  0.573387  0.534568  0.447564  0.347450  0.604337  0.645267  0.575390  0.457861  0.550772  0.621773  0.621833  0.653875  0.582842  0.610856  0.610053  0.438322  0.318046  0.561486  0.421592  0.633220 0.0  0.363242  0.668167  0.497021  0.528363  0.574982  0.629826  0.655741  0.662846  0.412694  0.741969  0.613215  0.468576  0.397295  0.473761  0.675918  0.308344  0.736473  0.726354  0.710247  0.452678  0.505236  0.797711  0.658107  0.659008  0.570124  0.546395  0.493188  0.530303  0.454986  0.620388  0.618727  0.619297  0.719258  0.312786  0.498951  0.443079  0.633443  0.332880  0.659662  0.592596  0.525760  0.222100  0.548414  0.475933  0.615502  0.591329  0.640072  0.644836  0.498553  0.526178  0.592039  0.391983  0.585842  0.519847  0.638407  0.487771  0.486985  0.525128  0.531006  0.575438  0.465665  0.483047  0.519701  0.583095  0.550545  0.507381 
23  0.548920  0.662236  0.614554  0.513254  0.328422  0.422542  0.572861  0.678698  0.493310  0.594744  0.581406  0.543212  0.385004  0.609294  0.566782  0.633835  0.708128  0.431520  0.423092  0.515658  0.294876  0.662895  0.363242 0.0  0.728723  0.391722  0.546425  0.579364  0.483043  0.452316  0.630101  0.343915  0.719162  0.502647  0.526384  0.439544  0.561776  0.467867  0.363149  0.670880  0.714953  0.647371  0.290760  0.632570  0.639650  0.647718  0.550962  0.568756  0.415931  0.562637  0.513939  0.376277  0.599223  0.502841  0.634836  0.585254  0.265404  0.489819  0.463924  0.642300  0.368362  0.511167  0.651588  0.481245  0.298864  0.600648  0.328012  0.474214  0.558024  0.522090  0.638208  0.466010  0.449489  0.605159  0.420401  0.506846  0.518503  0.505674  0.545500  0.534617  0.568193  0.597391  0.506123  0.598009  0.625990  0.514438  0.660050  0.533789  0.517110 
24  0.555670  0.471525  0.613648  0.669967  0.637904  0.774995  0.498954  0.593278  0.586479  0.599237  0.504287  0.559624  0.706750  0.500770  0.605442  0.610241  0.546207  0.577949  0.676177  0.556048  0.532265  0.793922  0.668167  0.728723 0.0  0.589677  0.516814  0.489656  0.541019  0.536845  0.473580  0.615168  0.560756  0.532641  0.679513  0.649429  0.522925  0.668290  0.553999  0.600163  0.531218  0.573453  0.616450  0.503598  0.542856  0.383841  0.510167  0.477271  0.656116  0.560704  0.515388  0.571265  0.568646  0.508280  0.667844  0.509230  0.723030  0.455823  0.571300  0.559934  0.636288  0.548819  0.570741  0.418336  0.702115  0.575627  0.598915  0.542274  0.435716  0.577128  0.561714  0.499042  0.566556  0.540684  0.531357  0.542805  0.581317  0.576623  0.549924  0.571656  0.568833  0.516428  0.589349  0.614379  0.635722  0.617784  0.463576  0.384538  0.542101 
25  0.569647  0.571603  0.526124  0.493800  0.427156  0.587453  0.480013  0.540023  0.504438  0.625649  0.580917  0.452133  0.489388  0.610152  0.380079  0.619250  0.559251  0.527314  0.555595  0.323585  0.574318  0.350902  0.497021  0.391722  0.589677 0.0  0.448306  0.478283  0.572733  0.566309  0.377009  0.559980  0.605931  0.503226  0.349167  0.357321  0.587428  0.428560  0.630391  0.625390  0.693943  0.524722  0.436488  0.541577  0.549418  0.436000  0.548998  0.562944  0.493417  0.380894  0.501529  0.394064  0.654542  0.458946  0.532280  0.413617  0.475200  0.230959  0.509150  0.538400  0.571671  0.582305  0.382198  0.571830  0.419872  0.571344  0.415803  0.531134  0.413710  0.461620  0.568542  0.300480  0.537804  0.393147  0.468731  0.531960  0.535436  0.408151  0.471072  0.393030  0.515164  0.462387  0.628895  0.585609  0.423038  0.394795  0.499020  0.503129  0.593649 
26  0.670377  0.502185  0.681153  0.719151  0.546262  0.510922  0.513460  0.682470  0.507006  0.541923  0.592361  0.507639  0.519065  0.390952  0.469424  0.532128  0.400727  0.578112  0.703115  0.560525  0.660868  0.514282  0.528363  0.546425  0.516814  0.448306 0.0  0.546535  0.599207  0.543306  0.500478  0.489717  0.657044  0.590838  0.570781  0.495563  0.455858  0.662713  0.589025  0.648589  0.674285  0.601415  0.544192  0.503181  0.661367  0.542564  0.594983  0.490218  0.460814  0.504186  0.600662  0.591824  0.613878  0.383241  0.518043  0.411461  0.589353  0.549912  0.515891  0.632122  0.574470  0.628275  0.610696  0.535036  0.624957  0.595533  0.568677  0.650056  0.451415  0.690082  0.544522  0.579362  0.519906  0.446722  0.655707  0.686718  0.571106  0.580632  0.516242  0.487099  0.562038  0.693576  0.556352  0.517697  0.518376  0.604561  0.526481  0.477583  0.589949 
27  0.681077  0.571079  0.551495  0.618814  0.712634  0.523842  0.596575  0.828985  0.575805  0.446400  0.569297  0.575903  0.702837  0.426863  0.568112  0.569890  0.515112  0.640114  0.528015  0.472900  0.529841  0.589530  0.574982  0.579364  0.489656  0.478283  0.546535 0.0  0.596396  0.566217  0.565804  0.652513  1.000000  0.580759  0.559660  0.388854  0.370141  0.759077  0.640636  0.890119  0.897685  0.974430  0.580760  0.518026  0.780552  0.609067  0.705466  0.529033  0.531864  0.538509  0.491575  0.631119  0.689094  0.422114  0.556754  0.552618  0.500995  0.541693  0.704567  0.758933  0.552115  0.635635  0.588287  0.533822  0.526592  0.611827  0.625485  0.580058  0.490892  0.603172  0.442260  0.659177  0.559767  0.356924  0.822224  0.695891  0.684343  0.522989  0.443138  0.471787  0.481884  0.732315  0.547237  0.505346  0.665620  0.515610  0.513038  0.492609  0.495394 
28  0.509812  0.563399  0.501088  0.529880  0.516662  0.626131  0.544644  0.511342  0.514207  0.518588  0.553132  0.606354  0.577597  0.580660  0.606627  0.498704  0.609954  0.688611  0.635041  0.511435  0.472691  0.671986  0.629826  0.483043  0.541019  0.572733  0.599207  0.596396 0.0  0.544970  0.560044  0.547932  0.533999  0.602538  0.664834  0.531000  0.678801  0.579450  0.598901  0.538234  0.514261  0.549987  0.547065  0.510159  0.533148  0.501386  0.503152  0.542041  0.447711  0.627942  0.527852  0.547361  0.381554  0.547573  0.550656  0.560385  0.549614  0.610676  0.598516  0.510884  0.599111  0.515438  0.652650  0.490119  0.588670  0.692392  0.503868  0.540650  0.507611  0.498342  0.604124  0.523765  0.602865  0.505435  0.616963  0.455554  0.525732  0.544694  0.667633  0.607912  0.644256  0.500149  0.554303  0.583476  0.588836  0.665640  0.484934  0.552375  0.469876 
29  0.542399  0.444896  0.601380  0.512214  0.499483  0.705632  0.568785  0.478955  0.619925  0.644521  0.573742  0.430190  0.525185  0.645289  0.669220  0.558452  0.525519  0.519147  0.556413  0.636450  0.607302  0.531328  0.655741  0.452316  0.536845  0.566309  0.543306  0.566217  0.544970 0.0  0.514680  0.556948  0.434563  0.504176  0.662681  0.584329  0.592667  0.559640  0.596253  0.641145  0.528216  0.502361  0.563123  0.494779  0.432006  0.473345  0.475384  0.417993  0.518324  0.575593  0.554272  0.547196  0.541401  0.586746  0.625046  0.499876  0.552963  0.580723  0.545034  0.526967  0.495241  0.581752  0.602432  0.498479  0.606465  0.539515  0.482406  0.611335  0.463263  0.660023  0.509017  0.467822  0.594187  0.437179  0.565923  0.523401  0.546310  0.552383  0.439012  0.593733  0.642831  0.561105  0.512165  0.603426  0.635382  0.576147  0.587188  0.486274  0.510415 
30  0.599925  0.308731  0.562104  0.772604  0.400717  0.744342  0.311980  0.388847  0.554520  0.686005  0.535113  0.580494  0.528159  0.446046  0.551283  0.601793  0.539631  0.557508  0.841269  0.538387  0.559686  0.628467  0.662846  0.630101  0.473580  0.377009  0.500478  0.565804  0.560044  0.514680 0.0  0.654557  0.670397  0.601726  0.616255  0.628106  0.582561  0.642601  0.580682  0.631404  0.436830  0.346483  0.613839  0.392930  0.385231  0.242608  0.484534  0.376422  0.632254  0.680708  0.500682  0.682433  0.475588  0.471157  0.537215  0.228649  0.673791  0.515374  0.612827  0.535133  0.630357  0.636145  0.483250  0.428698  0.774286  0.604752  0.463095  0.480781  0.207828  0.613296  0.572073  0.504037  0.502538  0.475333  0.666692  0.543892  0.539126  0.509430  0.458371  0.715602  0.610177  0.486087  0.562549  0.583361  0.613331  0.570138  0.377094  0.346368  0.674934 
31  0.560993  0.667311  0.623946  0.433581  0.381637  0.378808  0.723864  0.631218  0.568127  0.519313  0.455942  0.573996  0.581115  0.635809  0.429044  0.659962  0.567828  0.453923  0.439360  0.558321  0.397366  0.553556  0.412694  0.343915  0.615168  0.559980  0.489717  0.652513  0.547932  0.556948  0.654557 0.0  0.786677  0.586845  0.536999  0.488831  0.594559  0.548617  0.301146  0.686325  0.598329  0.592054  0.387610  0.616502  0.576545  0.760878  0.513019  0.683286  0.550160  0.513493  0.530810  0.328268  0.720136  0.571567  0.566599  0.727697  0.419810  0.466539  0.540998  0.670590  0.370085  0.615100  0.508195  0.551970  0.349712  0.436321  0.467056  0.587624  0.592008  0.539018  0.656885  0.512407  0.552943  0.592596  0.309281  0.538874  0.698439  0.623475  0.523918  0.503188  0.595623  0.642252  0.570288  0.548847  0.580059  0.607447  0.565944  0.626673  0.526665 
32  0.541925  0.469261  0.531014  0.482469  0.662024  0.722174  0.619791  0.503269  0.627997  0.720817  0.572168  0.656322  0.569404  0.603061  0.802998  0.540136  0.624228  0.592712  0.879400  0.576474  0.550568  0.741894  0.741969  0.719162  0.560756  0.605931  0.657044  1.000000  0.533999  0.434563  0.670397  0.786677 0.0  0.579856  0.631415  0.731841  0.687592  0.557946  0.624033  0.378269  0.252676  0.345047  0.632202  0.599001  0.576336  0.501409  0.495927  0.595151  0.726164  0.661152  0.544647  0.829335  0.774362  0.665878  0.618106  0.508614  0.812337  0.643667  0.580870  0.535788  0.682367  0.512535  0.575162  0.532078  0.688076  0.704540  0.522907  0.517104  0.788709  0.634572  0.639246  0.612348  0.533934  0.595348  0.740849  0.475879  0.532222  0.687363  0.506923  0.807807  0.677952  0.442939  0.632394  0.758688  0.565812  0.765761  0.622947  0.542743  0.541127 
33  0.487646  0.508226  0.454285  0.582832  0.544590  0.591360  0.597448  0.518384  0.399570  0.674514  0.538293  0.446499  0.535631  0.595896  0.459604  0.611756  0.705381  0.641859  0.679471  0.412615  0.452089  0.501233  0.613215  0.502647  0.532641  0.503226  0.590838  0.580759  0.602538  0.504176  0.601726  0.586845  0.579856 0.0  0.671979  0.472737  0.605208  0.362521  0.632279  0.506652  0.772884  0.602938  0.490400  0.486698  0.584556  0.633342  0.608219  0.445580  0.377982  0.447560  0.533364  0.679054  0.543821  0.574756  0.599320  0.523081  0.508681  0.398267  0.355861  0.609926  0.661742  0.553043  0.473975  0.556856  0.575056  0.441650  0.440869  0.523674  0.568072  0.379238  0.605922  0.372239  0.508713  0.531876  0.566962  0.566123  0.434849  0.587509  0.540574  0.484765  0.622069  0.370550  0.562473  0.629864  0.406694  0.483868  0.592580  0.478591  0.602564 
34  0.668782  0.652395  0.609501  0.418185  0.445196  0.410549  0.653551  0.668683  0.548699  0.556072  0.585315  0.542899  0.456676  0.572270  0.544149  0.499180  0.614463  0.449014  0.597850  0.466667  0.575194  0.503805  0.468576  0.526384  0.679513  0.349167  0.570781  0.559660  0.664834  0.662681  0.616255  0.536999  0.631415  0.671979 0.0  0.337003  0.591161  0.643939  0.424915  0.767107  0.685459  0.664060  0.431435  0.613032  0.700511  0.717671  0.583062  0.719685  0.689097  0.521375  0.596353  0.466937  0.639372  0.535478  0.515752  0.585827  0.549455  0.427318  0.611740  0.630115  0.487163  0.543913  0.534248  0.802133  0.458610  0.428585  0.428458  0.592285  0.557090  0.533139  0.561454  0.438175  0.518825  0.518010  0.458537  0.563812  0.652032  0.366825  0.439830  0.395252  0.490403  0.506184  0.659272  0.582571  0.619876  0.558614  0.660221  0.772773  0.552183 
35  0.748883  0.789247  0.557152  0.554783  0.508763  0.328777  0.592907  0.729477  0.383119  0.443088  0.609055  0.445166  0.482471  0.535961  0.415419  0.380514  0.579732  0.498923  0.436872  0.307225  0.498162  0.348393  0.397295  0.439544  0.649429  0.357321  0.495563  0.388854  0.531000  0.584329  0.628106  0.488831  0.731841  0.472737  0.337003 0.0  0.417560  0.449514  0.441245  0.796371  0.690403  0.840810  0.393304  0.620117  0.802469  0.728726  0.779538  0.610003  0.462565  0.314023  0.597583  0.386529  0.772508  0.560324  0.489268  0.573598  0.447869  0.342465  0.362034  0.710601  0.425166  0.681031  0.526631  0.487751  0.370158  0.335349  0.524750  0.598913  0.666387  0.393741  0.550090  0.461289  0.546714  0.536404  0.558477  0.624400  0.558121  0.554531  0.474718  0.254688  0.473551  0.598862  0.605504  0.460139  0.470042  0.427476  0.525035  0.594563  0.597434 
36  0.773343  0.570025  0.560851  0.546851  0.725745  0.371474  0.572130  0.778510  0.605557  0.394124  0.565013  0.704824  0.555315  0.435535  0.599313  0.523131  0.459149  0.577499  0.503772  0.479499  0.608584  0.554979  0.473761  0.561776  0.522925  0.587428  0.455858  0.370141  0.678801  0.592667  0.582561  0.594559  0.687592  0.605208  0.591161  0.417560 0.0  0.571396  0.511704  0.787359  0.771294  0.776435  0.511417  0.497197  0.686124  0.531555  0.637518  0.506869  0.639025  0.442790  0.479732  0.436762  0.750722  0.386764  0.459355  0.473040  0.541577  0.616517  0.444432  0.526937  0.461965  0.600564  0.602909  0.487752  0.427738  0.466333  0.606505  0.632346  0.402875  0.610434  0.479825  0.545440  0.495276  0.463345  0.672718  0.531776  0.677461  0.671488  0.470155  0.413189  0.496274  0.678022  0.558259  0.424973  0.618882  0.538316  0.445088  0.481140  0.567274 
37  0.528166  0.597041  0.437006  0.527726  0.505932  0.611725  0.653850  0.636646  0.413097  0.619059  0.594540  0.438961  0.556597  0.597552  0.422889  0.564418  0.692640  0.596612  0.605931  0.460196  0.484905  0.536493  0.675918  0.467867  0.668290  0.428560  0.662713  0.759077  0.579450  0.559640  0.642601  0.548617  0.557946  0.362521  0.643939  0.449514  0.571396 0.0  0.501233  0.492131  0.544966  0.528057  0.411182  0.570730  0.676434  0.546593  0.538618  0.506978  0.368832  0.391330  0.533887  0.506684  0.580165  0.652691  0.648212  0.592458  0.553917  0.453372  0.366891  0.701580  0.559586  0.551258  0.609084  0.621359  0.591769  0.442976  0.434825  0.542414  0.501603  0.472913  0.660331  0.364580  0.514295  0.654557  0.516128  0.531706  0.432490  0.596624  0.539853  0.450651  0.755200  0.440271  0.528126  0.590820  0.497367  0.402597  0.547339  0.510336  0.529371 
38  0.615062  0.714779  0.526255  0.522231  0.432693  0.364586  0.894869  0.657961  0.544150  0.548013  0.656113  0.500848  0.478344  0.625929  0.485250  0.503425  0.685678  0.397655  0.406113  0.575108  0.333713  0.562912  0.308344  0.363149  0.553999  0.630391  0.589025  0.640636  0.598901  0.596253  0.580682  0.301146  0.624033  0.632279  0.424915  0.441245  0.511704  0.501233 0.0  0.554925  0.686158  0.721617  0.328569  0.580013  0.628527  0.803977  0.613720  0.523941  0.527287  0.570884  0.534551  0.374912  0.632411  0.643623  0.575233  0.574106  0.368954  0.507878  0.417507  0.638935  0.276274  0.523873  0.600129  0.568172  0.291322  0.529006  0.450955  0.471888  0.679858  0.453355  0.783697  0.507784  0.432163  0.500470  0.405051  0.561082  0.529474  0.743697  0.496911  0.469365  0.539898  0.588103  0.477661  0.521306  0.533813  0.691279  0.612563  0.597772  0.571703 
39  0.408221  0.652990  0.478820  0.488932  0.514756  0.805925  0.556980  0.452087  0.658885  0.559885  0.568599  0.608180  0.602871  0.634282  0.610260  0.678717  0.687351  0.654911  0.712849  0.655991  0.548018  0.692168  0.736473  0.670880  0.600163  0.625390  0.648589  0.890119  0.538234  0.641145  0.631404  0.686325  0.378269  0.506652  0.767107  0.796371  0.787359  0.492131  0.554925 0.0  0.380019  0.295775  0.628622  0.570356  0.576497  0.514324  0.590988  0.665922  0.604094  0.645674  0.527200  0.641272  0.420709  0.641713  0.589311  0.568681  0.707136  0.627317  0.584883  0.455685  0.692950  0.494784  0.693760  0.608124  0.588019  0.667214  0.622454  0.625376  0.681415  0.688656  0.580711  0.597692  0.546028  0.679360  0.482680  0.515193  0.553077  0.663713  0.664628  0.726213  0.609147  0.480633  0.522247  0.716210  0.585254  0.679162  0.699126  0.524806  0.531225 
40  0.508804  0.455952  0.454877  0.616877  0.601768  0.868700  0.465191  0.426174  0.717005  0.626259  0.545488  0.705594  0.438570  0.605087  0.698054  0.667165  0.598090  0.755528  0.818500  0.684169  0.539914  0.674880  0.726354  0.714953  0.531218  0.693943  0.674285  0.897685  0.514261  0.528216  0.436830  0.598329  0.252676  0.772884  0.685459  0.690403  0.771294  0.544966  0.686158  0.380019 0.0  0.380403  0.571375  0.636609  0.490107  0.537783  0.390639  0.581252  0.574139  0.703391  0.632399  0.684548  0.509307  0.649627  0.722017  0.463471  0.674801  0.537654  0.593541  0.553755  0.758842  0.469325  0.551058  0.621214  0.821606  0.782489  0.688490  0.590417  0.493751  0.610703  0.621416  0.626823  0.525999  0.692650  0.638224  0.472055  0.585986  0.726606  0.471533  0.749850  0.643876  0.498695  0.548300  0.583495  0.582132  0.657165  0.596176  0.496520  0.553623 
41  0.403886  0.418854  0.600386  0.612422  0.597368  0.672414  0.390905  0.378778  0.661740  0.786800  0.595873  0.623148  0.633089  0.684404  0.757011  0.664931  0.488539  0.684516  0.824784  0.688714  0.633698  0.643686  0.710247  0.647371  0.573453  0.524722  0.601415  0.974430  0.549987  0.502361  0.346483  0.592054  0.345047  0.602938  0.664060  0.840810  0.776435  0.528057  0.721617  0.295775  0.380403 0.0  0.639269  0.502553  0.477305  0.462216  0.531795  0.486164  0.525768  0.567528  0.562063  0.766945  0.449865  0.488110  0.660938  0.542068  0.730738  0.685984  0.609267  0.441260  0.685685  0.482390  0.662385  0.555181  0.615180  0.705464  0.556331  0.487079  0.557385  0.710721  0.577001  0.488328  0.602261  0.719048  0.566900  0.559559  0.650995  0.598439  0.506307  0.718679  0.654089  0.566728  0.593049  0.695354  0.685515  0.889485  0.624610  0.577957  0.523391 
42  0.593660  0.717524  0.508856  0.468179  0.431199  0.435880  0.718188  0.678070  0.496508  0.426714  0.499650  0.479007  0.330641  0.590483  0.464040  0.503968  0.800033  0.543772  0.451722  0.519748  0.447691  0.546005  0.452678  0.290760  0.616450  0.436488  0.544192  0.580760  0.547065  0.563123  0.613839  0.387610  0.632202  0.490400  0.431435  0.393304  0.511417  0.411182  0.328569  0.628622  0.571375  0.639269 0.0  0.567443  0.653388  0.621820  0.550522  0.539932  0.430730  0.370611  0.548569  0.358437  0.625715  0.669661  0.506093  0.503495  0.385874  0.445853  0.407480  0.550464  0.320642  0.541933  0.616398  0.533553  0.328651  0.389833  0.292188  0.524047  0.464845  0.472134  0.637285  0.400717  0.532794  0.731810  0.501577  0.439221  0.537025  0.585465  0.521271  0.499629  0.605473  0.535919  0.508166  0.494940  0.466873  0.416477  0.499246  0.549470  0.517600 
43  0.540981  0.306186  0.610548  0.564163  0.431169  0.535594  0.398949  0.523837  0.702222  0.546626  0.569263  0.585544  0.578548  0.502554  0.455696  0.668517  0.552401  0.692376  0.663472  0.634299  0.633935  0.618041  0.505236  0.632570  0.503598  0.541577  0.503181  0.518026  0.510159  0.494779  0.392930  0.616502  0.599001  0.486698  0.613032  0.620117  0.497197  0.570730  0.580013  0.570356  0.636609  0.502553  0.567443 0.0  0.472200  0.360059  0.550091  0.442828  0.606506  0.514249  0.544860  0.680524  0.630059  0.420672  0.629933  0.384411  0.589323  0.543346  0.632708  0.471286  0.684480  0.568166  0.525219  0.526432  0.522645  0.695277  0.486695  0.551635  0.360126  0.574108  0.597799  0.558706  0.511884  0.369225  0.585540  0.561674  0.693522  0.586186  0.455487  0.468300  0.555301  0.462148  0.539463  0.762788  0.718929  0.665056  0.513000  0.450792  0.495143 
44  0.442345  0.521170  0.575436  0.597463  0.564786  0.748596  0.530570  0.206353  0.642621  0.700560  0.549913  0.667107  0.612579  0.671196  0.552535  0.618739  0.680395  0.678818  0.746262  0.676648  0.686568  0.614864  0.797711  0.639650  0.542856  0.549418  0.661367  0.780552  0.533148  0.432006  0.385231  0.576545  0.576336  0.584556  0.700511  0.802469  0.686124  0.676434  0.628527  0.576497  0.490107  0.477305  0.653388  0.472200 0.0  0.480479  0.546875  0.607935  0.758672  0.702981  0.712919  0.609667  0.258653  0.646189  0.562426  0.453661  0.702639  0.681051  0.673840  0.485374  0.807446  0.568669  0.768164  0.628556  0.727836  0.738157  0.624777  0.582023  0.488720  0.728536  0.711800  0.586051  0.592759  0.611165  0.626763  0.547203  0.635815  0.598953  0.591698  0.668869  0.626621  0.561042  0.742530  0.669297  0.651607  0.720260  0.632277  0.501617  0.601218 
