89
0 0.0  0.549367  0.695587  0.484517  0.443694  0.740091  0.688441  0.406953  0.679398  0.678788  0.583086  0.738437  0.598416  0.719812  0.618862  0.863245  0.744048  0.642289  0.554920  0.752631  0.594634  0.607296  0.799694  0.600309  0.572270  0.721606  0.742526  0.726361  0.580699  0.572426  0.574690  0.614024  0.556778  0.556029  0.786129  0.766664  0.624741  0.502616  0.568449  0.397003  0.497811  0.483024  0.542526  0.609488  0.472426  0.577956  0.442123  0.593018  0.502127  0.546814  0.589622  0.667515  0.467437  0.676713  0.692706  0.506338  0.582289  0.639410  0.752727  0.471336  0.589815  0.522760  0.678045  0.662313  0.646361  0.625886  0.591006  0.474049  0.495427  0.631459  0.613190  0.567266  0.524081  0.599769  0.638446  0.560016  0.572740  0.521858  0.631436  0.670595  0.683114  0.460842  0.608303  0.648355  0.769147  0.774461  0.554697  0.546414  0.545522 
1  0.549367 0.0  0.528094  0.586785  0.471265  0.682431  0.343822  0.411686  0.667796  0.727184  0.577436  0.646717  0.641449  0.604851  0.626135  0.755450  0.572914  0.551175  0.773924  0.617001  0.526866  0.685194  0.722701  0.569802  0.467222  0.578141  0.485495  0.576784  0.564984  0.502592  0.280211  0.654568  0.584118  0.494398  0.640137  0.691385  0.549864  0.628191  0.775039  0.536204  0.510530  0.566679  0.622663  0.267571  0.457786  0.294217  0.444408  0.359317  0.481829  0.689042  0.619192  0.727652  0.501009  0.527371  0.613433  0.277270  0.761931  0.592221  0.567198  0.584777  0.639300  0.568260  0.625938  0.555912  0.758538  0.606723  0.460237  0.537532  0.289507  0.643935  0.569917  0.551539  0.536626  0.469993  0.601616  0.519550  0.510053  0.652218  0.625031  0.611838  0.634208  0.464472  0.524792  0.819489  0.609963  0.685435  0.461394  0.381262  0.525257 
2  0.695587  0.528094 0.0  0.575615  0.653090  0.569643  0.491944  0.478724  0.605935  0.578317  0.511891  0.582983  0.586862  0.579260  0.734426  0.672370  0.587052  0.605847  0.551511  0.702032  0.472388  0.722494  0.523497  0.528400  0.569493  0.740862  0.627120  0.516573  0.508618  0.538625  0.531356  0.571949  0.574682  0.487723  0.763794  0.562419  0.612468  0.483770  0.530021  0.475695  0.546314  0.597793  0.589335  0.660248  0.632444  0.495976  0.671504  0.531032  0.523679  0.637114  0.506062  0.568785  0.594376  0.728631  0.769323  0.545570  0.590896  0.687466  0.499865  0.581112  0.534436  0.589460  0.694434  0.502494  0.578000  0.603119  0.565076  0.534012  0.395651  0.540156  0.517540  0.498684  0.471174  0.650983  0.607977  0.560527  0.594570  0.649551  0.595848  0.609996  0.605295  0.513098  0.488724  0.589342  0.580022  0.769233  0.609481  0.514955  0.597522 
3  0.484517  0.586785  0.575615 0.0  0.490262  0.634756  0.793897  0.579337  0.619475  0.782113  0.540468  0.502135  0.589024  0.740944  0.461192  0.664953  0.815120  0.721975  0.607074  0.594645  0.541661  0.533309  0.567970  0.623889  0.630153  0.524977  0.586994  0.720843  0.582649  0.643284  0.782870  0.571439  0.545304  0.543633  0.409896  0.577858  0.658488  0.489057  0.580466  0.568078  0.733145  0.726253  0.498762  0.606002  0.682379  0.597939  0.494906  0.628820  0.487404  0.591096  0.525841  0.658400  0.723589  0.708560  0.726704  0.579728  0.615954  0.610312  0.624610  0.576448  0.587413  0.581998  0.665468  0.821269  0.637814  0.607901  0.456533  0.564173  0.760017  0.480866  0.731428  0.471452  0.584469  0.585177  0.535873  0.588762  0.612156  0.440547  0.509907  0.562362  0.564497  0.488184  0.536317  0.610009  0.586454  0.675233  0.671199  0.502915  0.521197 
4  0.443694  0.471265  0.653090  0.490262 0.0  0.416411  0.558786  0.522204  0.635213  0.670647  0.518962  0.533916  0.604340  0.782918  0.508507  0.619699  0.616115  0.395849  0.535570  0.513281  0.329310  0.537004  0.443860  0.402297  0.643267  0.385443  0.586521  0.705080  0.529964  0.521310  0.374298  0.431298  0.785756  0.439950  0.452423  0.601038  0.654593  0.524024  0.458942  0.568523  0.563406  0.576782  0.472845  0.509591  0.444208  0.555159  0.353289  0.510562  0.530020  0.518159  0.536016  0.410613  0.457547  0.507208  0.645837  0.362934  0.442999  0.494149  0.541547  0.493084  0.449334  0.621812  0.512496  0.615513  0.351382  0.643478  0.299150  0.509489  0.382259  0.519184  0.713072  0.392538  0.474963  0.527401  0.415296  0.674029  0.626683  0.504430  0.563388  0.605404  0.662298  0.423553  0.611915  0.685316  0.571545  0.545164  0.658128  0.608705  0.524420 
5  0.740091  0.682431  0.569643  0.634756  0.416411 0.0  0.713538  0.874670  0.626485  0.512560  0.579763  0.610638  0.626116  0.547642  0.550334  0.512449  0.691669  0.336629  0.355314  0.491556  0.410783  0.501338  0.330638  0.470093  0.781072  0.538311  0.515129  0.587788  0.582138  0.473363  0.734127  0.406970  0.739262  0.682071  0.483504  0.378705  0.441439  0.645116  0.380424  0.700250  0.868792  0.732005  0.368519  0.639805  0.842314  0.862424  0.705338  0.701854  0.525026  0.473326  0.602746  0.394528  0.873994  0.635707  0.531077  0.712760  0.375855  0.557563  0.627355  0.731196  0.312592  0.616908  0.630834  0.563800  0.244809  0.449565  0.481203  0.686332  0.704472  0.605567  0.696969  0.556076  0.549158  0.710580  0.540213  0.574431  0.662351  0.790596  0.571010  0.428862  0.517549  0.684210  0.627527  0.493288  0.586133  0.555080  0.610658  0.714209  0.607621 
6  0.688441  0.343822  0.491944  0.793897  0.558786  0.713538 0.0  0.553354  0.756132  0.823023  0.671702  0.654605  0.710518  0.598932  0.784104  0.859928  0.450152  0.676050  0.796748  0.756541  0.643800  0.578875  0.699749  0.552801  0.530724  0.515303  0.468724  0.765958  0.490788  0.602914  0.382266  0.815071  0.656154  0.627980  0.605911  0.619850  0.608517  0.646749  0.809773  0.556676  0.575584  0.472784  0.803926  0.446900  0.544793  0.370155  0.480797  0.446849  0.687160  0.715868  0.663167  0.777136  0.594719  0.389184  0.647581  0.391669  0.752216  0.566127  0.652621  0.627899  0.757390  0.562010  0.663607  0.542731  0.694305  0.646296  0.688484  0.521030  0.435054  0.678582  0.420094  0.659177  0.587317  0.447783  0.755964  0.548512  0.547368  0.507788  0.551271  0.673258  0.689706  0.510816  0.675944  0.709015  0.602090  0.657957  0.613166  0.457100  0.629352 
7  0.406953  0.411686  0.478724  0.579337  0.522204  0.874670  0.553354 0.0  0.792801  0.774422  0.568941  0.651557  0.714083  0.683665  0.662787  0.920746  0.686833  0.597644  0.771323  0.795413  0.597174  0.669213  0.748427  0.694287  0.686864  0.636040  0.740645  1.000000  0.545801  0.530616  0.396225  0.684170  0.572221  0.604464  0.736248  0.814431  0.647428  0.602856  0.809793  0.452546  0.382648  0.355486  0.722308  0.589202  0.209693  0.378698  0.484739  0.483720  0.680222  0.714067  0.573538  0.707557  0.235379  0.723329  0.694031  0.490902  0.674532  0.685856  0.697714  0.475592  0.698242  0.491211  0.655500  0.529843  0.700221  0.847408  0.605624  0.554201  0.424842  0.748537  0.627607  0.584118  0.548365  0.833429  0.626312  0.519683  0.514927  0.734992  0.717069  0.689643  0.891204  0.577098  0.538698  0.734421  0.648425  0.829541  0.580385  0.562832  0.680697 
8  0.679398  0.667796  0.605935  0.619475  0.635213  0.626485  0.756132  0.792801 0.0  0.635886  0.595281  0.412145  0.551425  0.719431  0.482152  0.619912  0.737573  0.634123  0.567995  0.470002  0.612940  0.554887  0.547230  0.498306  0.668221  0.589177  0.569185  0.604074  0.510726  0.623690  0.703248  0.505756  0.680572  0.465444  0.646012  0.413088  0.658921  0.498026  0.498290  0.495932  0.689285  0.767757  0.489407  0.647940  0.718563  0.734273  0.648699  0.653528  0.377184  0.441427  0.488411  0.538396  0.827062  0.577096  0.699711  0.774794  0.626745  0.528284  0.382404  0.630849  0.493759  0.530673  0.541046  0.623417  0.549975  0.432352  0.590686  0.552722  0.743052  0.466118  0.644125  0.505928  0.578313  0.676553  0.528369  0.586868  0.474637  0.899315  0.539025  0.439327  0.719901  0.525836  0.643545  0.506463  0.549217  0.449658  0.580821  0.539080  0.619063 
9  0.678788  0.727184  0.578317  0.782113  0.670647  0.512560  0.823023  0.774422  0.635886 0.0  0.632777  0.549800  0.606331  0.477247  0.693283  0.607600  0.559871  0.627590  0.477292  0.469851  0.596433  0.697452  0.508655  0.626333  0.734631  0.585913  0.508713  0.510107  0.532858  0.645830  0.633496  0.601900  0.709915  0.722595  0.720699  0.554455  0.448319  0.657595  0.459496  0.579381  0.842664  0.825764  0.484345  0.498905  0.666774  0.783092  0.679358  0.565166  0.673127  0.604455  0.506154  0.609211  0.628790  0.555838  0.584081  0.533682  0.497910  0.526337  0.544979  0.614045  0.545180  0.607933  0.683602  0.516870  0.436752  0.623286  0.467457  0.637959  0.554773  0.555009  0.662355  0.654550  0.538746  0.470632  0.648653  0.536014  0.587741  0.584986  0.570732  0.499730  0.606472  0.648290  0.481551  0.520932  0.621279  0.647832  0.672913  0.616747  0.555473 
10  0.583086  0.577436  0.511891  0.540468  0.518962  0.579763  0.671702  0.568941  0.595281  0.632777 0.0  0.606986  0.569702  0.644185  0.605827  0.575660  0.582906  0.497865  0.709540  0.537526  0.703890  0.650197  0.546023  0.583763  0.603668  0.619024  0.441429  0.604619  0.480048  0.676958  0.589174  0.574715  0.554562  0.576124  0.631275  0.563089  0.581723  0.648084  0.617076  0.523291  0.539540  0.516690  0.548095  0.591358  0.519829  0.584719  0.541691  0.536650  0.547561  0.521208  0.485233  0.689648  0.557504  0.610475  0.597779  0.551879  0.549589  0.588105  0.619081  0.543644  0.592087  0.577979  0.604371  0.577299  0.603973  0.603657  0.533929  0.457950  0.557618  0.546145  0.530100  0.567791  0.555513  0.557053  0.577026  0.687974  0.481981  0.656264  0.627364  0.517585  0.616401  0.664049  0.618156  0.532591  0.533986  0.538618  0.568970  0.578790  0.619760 
11  0.738437  0.646717  0.582983  0.502135  0.533916  0.610638  0.654605  0.651557  0.412145  0.549800  0.606986 0.0  0.519879  0.670960  0.490188  0.725170  0.586843  0.644302  0.568771  0.507927  0.590977  0.437935  0.569105  0.533632  0.600609  0.452559  0.617587  0.709206  0.514333  0.497213  0.561564  0.555093  0.688720  0.411605  0.585039  0.548843  0.679572  0.425237  0.573218  0.671513  0.658444  0.524605  0.536786  0.484883  0.721944  0.500742  0.582835  0.633454  0.438186  0.529490  0.599086  0.615850  0.701961  0.589626  0.606792  0.503974  0.479151  0.382219  0.467176  0.627026  0.560374  0.520303  0.620830  0.633580  0.572651  0.477113  0.556812  0.449984  0.580254  0.370539  0.652004  0.403755  0.422301  0.517815  0.521412  0.519889  0.496010  0.653878  0.602871  0.528203  0.620179  0.457709  0.624263  0.617298  0.478299  0.446982  0.539207  0.644895  0.628885 
12  0.598416  0.641449  0.586862  0.589024  0.604340  0.626116  0.710518  0.714083  0.551425  0.606331  0.569702  0.519879 0.0  0.618926  0.677905  0.341669  0.724438  0.622309  0.581531  0.559673  0.602544  0.643359  0.557452  0.467953  0.630280  0.498800  0.642609  0.647572  0.603807  0.541571  0.572234  0.523001  0.627073  0.578910  0.582888  0.495419  0.545365  0.542140  0.567127  0.645316  0.591109  0.691839  0.434401  0.704150  0.708561  0.574192  0.485655  0.637165  0.531881  0.586915  0.565582  0.416085  0.592229  0.824042  0.577675  0.586620  0.528410  0.505724  0.502658  0.539279  0.544566  0.493950  0.680152  0.559490  0.522868  0.507928  0.502889  0.616139  0.507532  0.552696  0.741887  0.607975  0.580989  0.575876  0.644712  0.522205  0.526551  0.486304  0.514010  0.656782  0.524961  0.661399  0.476415  0.542920  0.569453  0.652397  0.619991  0.645099  0.552928 
13  0.719812  0.604851  0.579260  0.740944  0.782918  0.547642  0.598932  0.683665  0.719431  0.477247  0.644185  0.670960  0.618926 0.0  0.721056  0.647807  0.406266  0.647758  0.732734  0.496084  0.831604  0.582171  0.652688  0.701867  0.529863  0.551868  0.555374  0.599437  0.667476  0.469848  0.525647  0.701421  0.741207  0.730446  0.532428  0.513315  0.407734  0.790837  0.781740  0.764235  0.646986  0.617137  0.679513  0.599641  0.621387  0.547480  0.808812  0.584656  0.751797  0.584348  0.624297  0.723661  0.626060  0.430758  0.619618  0.559452  0.697706  0.611239  0.598639  0.740956  0.661845  0.601983  0.603761  0.526660  0.585044  0.507075  0.576506  0.651063  0.552574  0.687960  0.365689  0.609439  0.616063  0.517545  0.832643  0.628741  0.662032  0.603540  0.546046  0.602660  0.467701  0.672559  0.655798  0.551927  0.599640  0.637498  0.406395  0.547704  0.564956 
14  0.618862  0.626135  0.734426  0.461192  0.508507  0.550334  0.784104  0.662787  0.482152  0.693283  0.605827  0.490188  0.677905  0.721056 0.0  0.694668  0.791661  0.656650  0.647568  0.473874  0.459584  0.414840  0.690571  0.494187  0.656360  0.378691  0.627618  0.620793  0.514833  0.657122  0.529834  0.452568  0.726915  0.503691  0.577942  0.409808  0.632453  0.432320  0.489812  0.699308  0.732160  0.820032  0.456531  0.528057  0.774456  0.615972  0.656871  0.662426  0.425810  0.374016  0.479851  0.531271  0.760741  0.565606  0.630260  0.450711  0.587490  0.438247  0.468327  0.700799  0.649502  0.659394  0.588777  0.550395  0.656617  0.492134  0.536033  0.514759  0.498042  0.391539  0.696104  0.371559  0.602924  0.489665  0.606356  0.632252  0.459623  0.566989  0.542226  0.417850  0.657193  0.480907  0.675121  0.673141  0.433332  0.482689  0.589781  0.593762  0.615307 
15  0.863245  0.755450  0.672370  0.664953  0.619699  0.512449  0.859928  0.920746  0.619912  0.607600  0.575660  0.725170  0.341669  0.647807  0.694668 0.0  0.680445  0.549797  0.630816  0.535786  0.735393  0.584426  0.665291  0.489332  0.589606  0.686813  0.617612  0.606105  0.599370  0.530851  0.775535  0.597491  0.537112  0.734106  0.547954  0.476757  0.564217  0.687038  0.539455  0.699302  0.708408  0.703808  0.541661  0.625134  0.731656  0.874981  0.512850  0.638823  0.656944  0.596217  0.545812  0.581055  0.784279  0.765024  0.568170  0.611501  0.602373  0.631713  0.602793  0.614004  0.514329  0.564602  0.714098  0.700972  0.623660  0.555333  0.628733  0.491420  0.720744  0.706035  0.683825  0.713506  0.569754  0.816910  0.706995  0.558486  0.756575  0.743360  0.450893  0.512718  0.392376  0.743554  0.722984  0.543856  0.679414  0.612422  0.731743  0.693333  0.557070 
16  0.744048  0.572914  0.587052  0.815120  0.616115  0.691669  0.450152  0.686833  0.737573  0.559871  0.582906  0.586843  0.724438  0.406266  0.791661  0.680445 0.0  0.645415  0.628014  0.528009  0.592023  0.494724  0.682533  0.699591  0.583859  0.493732  0.363569  0.424566  0.713271  0.562960  0.553598  0.672460  0.707971  0.651683  0.508849  0.705410  0.539804  0.712517  0.727514  0.625143  0.642399  0.599856  0.668428  0.541687  0.654657  0.527098  0.716126  0.516137  0.657317  0.618136  0.551351  0.797858  0.715572  0.219571  0.553149  0.529893  0.680324  0.489742  0.577282  0.772648  0.667572  0.719145  0.570639  0.525036  0.599660  0.762428  0.587649  0.582448  0.491072  0.793527  0.471933  0.602084  0.580790  0.486638  0.803340  0.590285  0.780863  0.671905  0.527200  0.636169  0.516147  0.664271  0.618483  0.557504  0.532731  0.611750  0.536333  0.522078  0.605974 
17  0.642289  0.551175  0.605847  0.721975  0.395849  0.336629  0.676050  0.597644  0.634123  0.627590  0.497865  0.644302  0.622309  0.647758  0.656650  0.549797  0.645415 0.0  0.430257  0.510487  0.490359  0.596439  0.433267  0.457688  0.713047  0.470318  0.547156  0.577875  0.626418  0.534077  0.684512  0.509964  0.749708  0.588413  0.493263  0.440374  0.567382  0.687455  0.496677  0.756292  0.768967  0.760967  0.549744  0.680383  0.704771  0.696593  0.598251  0.631810  0.587017  0.582678  0.556274  0.438125  0.619905  0.555651  0.521371  0.549536  0.383272  0.456107  0.627154  0.726523  0.456048  0.627543  0.689061  0.689663  0.372222  0.482988  0.453343  0.575356  0.635438  0.616869  0.588603  0.672318  0.640226  0.545421  0.604551  0.628787  0.587027  0.681321  0.505611  0.455856  0.537598  0.605263  0.749702  0.520211  0.669112  0.529128  0.741934  0.605799  0.590876 
18  0.554920  0.773924  0.551511  0.607074  0.535570  0.355314  0.796748  0.771323  0.567995  0.477292  0.709540  0.568771  0.581531  0.732734  0.647568  0.630816  0.628014  0.430257 0.0  0.584538  0.434404  0.541549  0.383231  0.435896  0.801609  0.579323  0.586998  0.506790  0.672728  0.518414  0.748093  0.403817  0.725842  0.665969  0.538468  0.475303  0.626117  0.658172  0.381717  0.647262  0.800158  0.774067  0.517673  0.705118  0.768450  0.862672  0.768474  0.686278  0.720479  0.589667  0.573481  0.417195  0.675817  0.665246  0.547901  0.792384  0.393900  0.703990  0.485354  0.713895  0.339418  0.693806  0.631068  0.598844  0.332750  0.584038  0.629779  0.778656  0.773601  0.579583  0.574793  0.501868  0.681835  0.734698  0.526821  0.529634  0.551966  0.765792  0.594163  0.570943  0.606518  0.667946  0.506868  0.499447  0.596118  0.496149  0.619368  0.694866  0.635610 
19  0.752631  0.617001  0.702032  0.594645  0.513281  0.491556  0.756541  0.795413  0.470002  0.469851  0.537526  0.507927  0.559673  0.496084  0.473874  0.535786  0.528009  0.510487  0.584538 0.0  0.556779  0.349187  0.604950  0.574193  0.639772  0.343342  0.476944  0.497296  0.631176  0.606014  0.744992  0.573631  0.676835  0.475784  0.476050  0.295217  0.514139  0.568263  0.544723  0.723193  0.947498  0.796445  0.537933  0.603637  0.769349  0.677060  0.599175  0.654136  0.430060  0.328243  0.505036  0.568759  0.888335  0.536281  0.515613  0.577294  0.482737  0.407407  0.465915  0.736341  0.507350  0.623304  0.374168  0.632569  0.459009  0.406825  0.432080  0.600285  0.555215  0.435287  0.498531  0.397582  0.495617  0.548943  0.736248  0.625906  0.539580  0.514288  0.628126  0.309909  0.546747  0.531264  0.579847  0.509720  0.509935  0.400606  0.613350  0.617877  0.677589 
20  0.594634  0.526866  0.472388  0.541661  0.329310  0.410783  0.643800  0.597174  0.612940  0.596433  0.703890  0.590977  0.602544  0.831604  0.459584  0.735393  0.592023  0.490359  0.434404  0.556779 0.0  0.497118  0.473598  0.303392  0.660727  0.492183  0.667356  0.574560  0.511526  0.590346  0.620186  0.459793  0.666773  0.462469  0.708849  0.516934  0.774428  0.525973  0.339845  0.626327  0.665752  0.607377  0.585427  0.591785  0.562703  0.728385  0.572480  0.626710  0.508448  0.601330  0.565223  0.436756  0.572411  0.697863  0.762264  0.561897  0.380306  0.496748  0.465430  0.602327  0.340762  0.627375  0.638814  0.693314  0.334993  0.597113  0.466960  0.554471  0.506934  0.591710  0.710361  0.535420  0.593352  0.624503  0.407452  0.469066  0.520754  0.656348  0.517701  0.602378  0.720673  0.532626  0.524838  0.571899  0.559973  0.673954  0.569472  0.555685  0.617487 
21  0.607296  0.685194  0.722494  0.533309  0.537004  0.501338  0.578875  0.669213  0.554887  0.697452  0.650197  0.437935  0.643359  0.582171  0.414840  0.584426  0.494724  0.596439  0.541549  0.349187  0.497118 0.0  0.511884  0.623007  0.489684  0.301643  0.563896  0.646738  0.656770  0.521449  0.576810  0.546495  0.783709  0.558825  0.569829  0.401421  0.494414  0.463202  0.678007  0.826713  0.639697  0.782715  0.528226  0.639292  0.610100  0.613893  0.526946  0.682976  0.489643  0.368370  0.613090  0.583482  0.723329  0.480342  0.475260  0.537321  0.617539  0.452955  0.529372  0.808291  0.701621  0.594764  0.457512  0.628309  0.626860  0.465437  0.481546  0.600616  0.532033  0.552456  0.537123  0.412769  0.585021  0.474507  0.587612  0.647870  0.501590  0.681891  0.495546  0.363266  0.598649  0.474679  0.630531  0.487746  0.447621  0.342216  0.591474  0.639331  0.630459 
22  0.799694  0.722701  0.523497  0.567970  0.443860  0.330638  0.699749  0.748427  0.547230  0.508655  0.546023  0.569105  0.557452  0.652688  0.690571  0.665291  0.682533  0.433267  0.383231  0.604950  0.473598  0.511884 0.0  0.334889  0.763671  0.521061  0.541405  0.652150  0.605198  0.614023  0.628293  0.316841  0.938849  0.655908  0.547007  0.510513  0.582711  0.719724  0.368691  0.675701  0.715200  0.612834  0.467163  0.617244  0.685425  0.693646  0.593480  0.617031  0.672912  0.449690  0.522532  0.449981  0.756316  0.650392  0.520806  0.603148  0.280614  0.516943  0.479486  0.666033  0.311853  0.462107  0.671707  0.625789  0.250507  0.556484  0.536944  0.504677  0.611213  0.574257  0.658783  0.566492  0.537953  0.620691  0.405183  0.595431  0.694974  0.619788  0.505131  0.563234  0.567368  0.537265  0.552825  0.516551  0.616722  0.657368  0.578001  0.611622  0.642498 
23  0.600309  0.569802  0.528400  0.623889  0.402297  0.470093  0.552801  0.694287  0.498306  0.626333  0.583763  0.533632  0.467953  0.701867  0.494187  0.489332  0.699591  0.457688  0.435896  0.574193  0.303392  0.623007  0.334889 0.0  0.553820  0.440950  0.621023  0.572976  0.646691  0.610413  0.504940  0.449985  0.781860  0.489633  0.591317  0.504640  0.539735  0.555905  0.348823  0.735861  0.652471  0.605083  0.429806  0.695758  0.622619  0.671622  0.618183  0.590225  0.458184  0.567684  0.513568  0.414361  0.594441  0.632379  0.592029  0.598308  0.278363  0.564386  0.467353  0.663369  0.306555  0.561786  0.568652  0.535169  0.320543  0.615447  0.446194  0.548043  0.618633  0.676359  0.659805  0.431629  0.500631  0.519543  0.579339  0.514180  0.619041  0.498035  0.484474  0.703997  0.687018  0.590029  0.511065  0.584987  0.545800  0.514208  0.634734  0.534864  0.570954 
24  0.572270  0.467222  0.569493  0.630153  0.643267  0.781072  0.530724  0.686864  0.668221  0.734631  0.603668  0.600609  0.630280  0.529863  0.656360  0.589606  0.583859  0.713047  0.801609  0.639772  0.660727  0.489684  0.763671  0.553820 0.0  0.541765  0.537849  0.615421  0.656269  0.593447  0.404245  0.589922  0.570487  0.699939  0.709104  0.672488  0.611021  0.543107  0.634215  0.581216  0.576384  0.664273  0.630508  0.518992  0.561920  0.461764  0.577272  0.601385  0.731762  0.645275  0.559330  0.782867  0.519687  0.536696  0.644843  0.406713  0.636298  0.528496  0.608805  0.597942  0.659614  0.518744  0.684006  0.494504  0.751503  0.612409  0.700654  0.490711  0.451865  0.541631  0.510441  0.500744  0.597089  0.474394  0.580373  0.697549  0.631548  0.568355  0.541327  0.674754  0.578407  0.592086  0.721744  0.729852  0.635492  0.668323  0.554194  0.409207  0.568443 
25  0.721606  0.578141  0.740862  0.524977  0.385443  0.538311  0.515303  0.636040  0.589177  0.585913  0.619024  0.452559  0.498800  0.551868  0.378691  0.686813  0.493732  0.470318  0.579323  0.343342  0.492183  0.301643  0.521061  0.440950  0.541765 0.0  0.665556  0.613951  0.573241  0.605051  0.427796  0.435093  0.615627  0.456935  0.412841  0.363299  0.627935  0.504396  0.523623  0.675628  0.672961  0.645351  0.527347  0.554146  0.636133  0.588391  0.464942  0.662332  0.441249  0.486487  0.627356  0.437871  0.637852  0.439967  0.612435  0.505476  0.476083  0.282825  0.446498  0.546348  0.519434  0.586058  0.396852  0.549965  0.441687  0.467238  0.431613  0.550570  0.368476  0.487478  0.647159  0.317028  0.628739  0.347787  0.613456  0.664762  0.514992  0.400908  0.542692  0.380487  0.552137  0.428876  0.629068  0.626959  0.477450  0.354003  0.497760  0.573208  0.575647 
26  0.742526  0.485495  0.627120  0.586994  0.586521  0.515129  0.468724  0.740645  0.569185  0.508713  0.441429  0.617587  0.642609  0.555374  0.627618  0.617612  0.363569  0.547156  0.586998  0.476944  0.667356  0.563896  0.541405  0.621023  0.537849  0.665556 0.0  0.563929  0.625334  0.514189  0.537505  0.601363  0.694141  0.711815  0.616332  0.520604  0.480226  0.654362  0.678069  0.662516  0.703183  0.671229  0.626447  0.523300  0.776686  0.548163  0.584087  0.507787  0.575068  0.631548  0.542473  0.558380  0.708269  0.445481  0.574670  0.482721  0.535683  0.545198  0.583983  0.607565  0.543238  0.624479  0.658262  0.505867  0.653474  0.618586  0.600085  0.621703  0.415719  0.587973  0.565924  0.609147  0.577124  0.486827  0.566810  0.645788  0.756435  0.600224  0.538926  0.454896  0.498805  0.673269  0.540102  0.612422  0.633816  0.552627  0.533890  0.613908  0.556124 
27  0.726361  0.576784  0.516573  0.720843  0.705080  0.587788  0.765958  1.000000  0.604074  0.510107  0.604619  0.709206  0.647572  0.599437  0.620793  0.606105  0.424566  0.577875  0.506790  0.497296  0.574560  0.646738  0.652150  0.572976  0.615421  0.613951  0.563929 0.0  0.626553  0.626090  0.572759  0.610811  0.859415  0.684705  0.745401  0.477330  0.383830  0.635687  0.696961  0.833915  0.748712  0.949520  0.638661  0.658843  0.914020  0.803401  0.746005  0.585891  0.659542  0.611839  0.609856  0.662289  0.695064  0.473146  0.585896  0.502722  0.474141  0.579003  0.674507  0.741759  0.638287  0.620856  0.601098  0.669898  0.498711  0.607191  0.541031  0.472117  0.528247  0.669807  0.504557  0.686490  0.583967  0.349693  0.742498  0.639943  0.794161  0.582772  0.548405  0.537321  0.643570  0.753699  0.530347  0.564564  0.572356  0.555963  0.552089  0.496712  0.606192 
28  0.580699  0.564984  0.508618  0.582649  0.529964  0.582138  0.490788  0.545801  0.510726  0.532858  0.480048  0.514333  0.603807  0.667476  0.514833  0.599370  0.713271  0.626418  0.672728  0.631176  0.511526  0.656770  0.605198  0.646691  0.656269  0.573241  0.625334  0.626553 0.0  0.516976  0.634452  0.578686  0.511786  0.554821  0.659473  0.635755  0.561403  0.607064  0.598023  0.703320  0.483413  0.504520  0.487052  0.609004  0.624018  0.574261  0.540006  0.553256  0.554321  0.516229  0.565450  0.602690  0.588890  0.621589  0.617539  0.553614  0.555944  0.650669  0.551357  0.583619  0.528997  0.540066  0.593198  0.573159  0.565690  0.641637  0.461052  0.626220  0.543602  0.605046  0.702834  0.530000  0.568968  0.571631  0.617494  0.624726  0.484501  0.650039  0.672927  0.563274  0.638108  0.483907  0.603961  0.680519  0.457061  0.683084  0.574102  0.644602  0.531801 
29  0.572426  0.502592  0.538625  0.643284  0.521310  0.473363  0.602914  0.530616  0.623690  0.645830  0.676958  0.497213  0.541571  0.469848  0.657122  0.530851  0.562960  0.534077  0.518414  0.606014  0.590346  0.521449  0.614023  0.610413  0.593447  0.605051  0.514189  0.626090  0.516976 0.0  0.459462  0.678974  0.550499  0.640595  0.665271  0.623435  0.522936  0.550847  0.602465  0.629009  0.518008  0.534680  0.585867  0.600473  0.599503  0.472009  0.534571  0.560945  0.533289  0.605437  0.611414  0.652209  0.471349  0.638690  0.665299  0.505387  0.722778  0.588424  0.650447  0.594110  0.632224  0.539486  0.465424  0.592576  0.567569  0.698520  0.568800  0.539175  0.510259  0.537963  0.616921  0.547180  0.597462  0.564717  0.570404  0.556410  0.626813  0.577461  0.540369  0.703053  0.826214  0.672291  0.606735  0.627870  0.524141  0.630139  0.596500  0.588971  0.529352 
30  0.574690  0.280211  0.531356  0.782870  0.374298  0.734127  0.382266  0.396225  0.703248  0.633496  0.589174  0.561564  0.572234  0.525647  0.529834  0.775535  0.553598  0.684512  0.748093  0.744992  0.620186  0.576810  0.628293  0.504940  0.404245  0.427796  0.537505  0.572759  0.634452  0.459462 0.0  0.559809  0.690654  0.671514  0.570453  0.656439  0.646509  0.654452  0.670294  0.639248  0.445526  0.468253  0.706121  0.464004  0.436527  0.260931  0.402649  0.425089  0.687088  0.707171  0.519531  0.756914  0.428422  0.538467  0.620826  0.207009  0.553471  0.491878  0.625009  0.568039  0.646848  0.561715  0.585855  0.418544  0.730289  0.696332  0.512403  0.452901  0.215949  0.667276  0.460072  0.409470  0.552311  0.418060  0.647939  0.546006  0.549710  0.541910  0.607273  0.694594  0.666887  0.471069  0.585313  0.628356  0.624301  0.649815  0.490821  0.369333  0.597824 
31  0.614024  0.654568  0.571949  0.571439  0.431298  0.406970  0.815071  0.684170  0.505756  0.601900  0.574715  0.555093  0.523001  0.701421  0.452568  0.597491  0.672460  0.509964  0.403817  0.573631  0.459793  0.546495  0.316841  0.449985  0.589922  0.435093  0.601363  0.610811  0.578686  0.678974  0.559809 0.0  0.881162  0.683481  0.451299  0.486618  0.477508  0.616914  0.323253  0.703349  0.774391  0.551107  0.409947  0.516696  0.555298  0.882449  0.603964  0.637012  0.605102  0.565816  0.503557  0.364711  0.707978  0.650438  0.579861  0.619757  0.376757  0.468911  0.593076  0.655209  0.410492  0.552299  0.697832  0.571970  0.306023  0.516846  0.438772  0.534680  0.525004  0.581955  0.612463  0.538767  0.516866  0.539389  0.355318  0.639528  0.688198  0.653979  0.593333  0.558572  0.628391  0.518033  0.732032  0.627323  0.623301  0.693525  0.493356  0.699958  0.632172 
32  0.556778  0.584118  0.574682  0.545304  0.785756  0.739262  0.656154  0.572221  0.680572  0.709915  0.554562  0.688720  0.627073  0.741207  0.726915  0.537112  0.707971  0.749708  0.725842  0.676835  0.666773  0.783709  0.938849  0.781860  0.570487  0.615627  0.694141  0.859415  0.511786  0.550499  0.690654  0.881162 0.0  0.609590  0.690843  0.864830  0.774393  0.518887  0.779145  0.365877  0.289021  0.449590  0.718834  0.563177  0.595582  0.635253  0.433081  0.650191  0.726806  0.606114  0.563331  0.892325  0.617688  0.738277  0.588571  0.632067  0.872188  0.650729  0.647132  0.646441  0.778742  0.515689  0.594105  0.707640  0.834730  0.659513  0.641078  0.503823  0.691463  0.512380  0.701079  0.564978  0.542811  0.730831  0.713032  0.544542  0.616139  0.712111  0.560578  0.701910  0.677998  0.627102  0.591241  0.740077  0.623848  0.725639  0.761291  0.580563  0.582149 
33  0.556029  0.494398  0.487723  0.543633  0.439950  0.682071  0.627980  0.604464  0.465444  0.722595  0.576124  0.411605  0.578910  0.730446  0.503691  0.734106  0.651683  0.588413  0.665969  0.475784  0.462469  0.558825  0.655908  0.489633  0.699939  0.456935  0.711815  0.684705  0.554821  0.640595  0.671514  0.683481  0.609590 0.0  0.726761  0.508653  0.772184  0.352640  0.542204  0.607203  0.714382  0.634770  0.593568  0.509941  0.655172  0.580394  0.552915  0.489026  0.385707  0.457837  0.614194  0.534741  0.511195  0.738005  0.626571  0.526052  0.532032  0.381805  0.346671  0.548751  0.595991  0.531077  0.521536  0.586777  0.572160  0.607493  0.484723  0.481671  0.576495  0.443803  0.695754  0.435226  0.532831  0.604296  0.616185  0.610133  0.425678  0.530742  0.623360  0.493871  0.731680  0.363843  0.581573  0.640314  0.514593  0.373263  0.541696  0.469079  0.618193 
34  0.786129  0.640137  0.763794  0.409896  0.452423  0.483504  0.605911  0.736248  0.646012  0.720699  0.631275  0.585039  0.582888  0.532428  0.577942  0.547954  0.508849  0.493263  0.538468  0.476050  0.708849  0.569829  0.547007  0.591317  0.709104  0.412841  0.616332  0.745401  0.659473  0.665271  0.570453  0.451299  0.690843  0.726761 0.0  0.388597  0.496728  0.752988  0.500469  0.666050  0.687494  0.743385  0.450347  0.621321  0.866768  0.711332  0.570419  0.806734  0.640930  0.455596  0.583483  0.484946  0.733103  0.472191  0.602706  0.631693  0.602873  0.446100  0.552844  0.664499  0.599240  0.620571  0.645349  0.756670  0.493502  0.587102  0.422564  0.538113  0.662993  0.591066  0.622370  0.475384  0.571162  0.509700  0.543926  0.688304  0.806477  0.401106  0.470492  0.383359  0.512404  0.562876  0.771051  0.567391  0.582523  0.537770  0.590259  0.685771  0.512837 
35  0.766664  0.691385  0.562419  0.577858  0.601038  0.378705  0.619850  0.814431  0.413088  0.554455  0.563089  0.548843  0.495419  0.513315  0.409808  0.476757  0.705410  0.440374  0.475303  0.295217  0.516934  0.401421  0.510513  0.504640  0.672488  0.363299  0.520604  0.477330  0.635755  0.623435  0.656439  0.486618  0.864830  0.508653  0.388597 0.0  0.457074  0.451635  0.404268  0.902341  0.775166  0.976987  0.409795  0.689367  0.964542  0.982474  0.625746  0.560426  0.471971  0.327421  0.504282  0.440585  0.814361  0.594499  0.481262  0.633169  0.437442  0.389230  0.437678  0.714775  0.421240  0.701267  0.582531  0.625496  0.462628  0.307612  0.540532  0.647187  0.635526  0.465663  0.582546  0.463261  0.501417  0.533234  0.531219  0.654234  0.585302  0.657683  0.500504  0.275464  0.540652  0.555383  0.633315  0.517498  0.453635  0.389746  0.590102  0.678777  0.593688 
36  0.624741  0.549864  0.612468  0.658488  0.654593  0.441439  0.608517  0.647428  0.658921  0.448319  0.581723  0.679572  0.545365  0.407734  0.632453  0.564217  0.539804  0.567382  0.626117  0.514139  0.774428  0.494414  0.582711  0.539735  0.611021  0.627935  0.480226  0.383830  0.561403  0.522936  0.646509  0.477508  0.774393  0.772184  0.496728  0.457074 0.0  0.671634  0.539526  0.767270  0.840511  0.843013  0.495085  0.514505  0.693456  0.607383  0.643192  0.513010  0.483815  0.515628  0.620393  0.607309  0.744287  0.470813  0.551892  0.499165  0.564804  0.550888  0.570110  0.677485  0.483386  0.606729  0.514993  0.475084  0.466577  0.517395  0.695585  0.678742  0.458208  0.680280  0.526468  0.610819  0.574685  0.429015  0.780276  0.591299  0.766536  0.632589  0.543704  0.436333  0.493664  0.769317  0.503030  0.480078  0.525096  0.558237  0.498735  0.535852  0.511462 
37  0.502616  0.628191  0.483770  0.489057  0.524024  0.645116  0.646749  0.602856  0.498026  0.657595  0.648084  0.425237  0.542140  0.790837  0.432320  0.687038  0.712517  0.687455  0.658172  0.568263  0.525973  0.463202  0.719724  0.555905  0.543107  0.504396  0.654362  0.635687  0.607064  0.550847  0.654452  0.616914  0.518887  0.352640  0.752988  0.451635  0.671634 0.0  0.454340  0.534811  0.580586  0.604356  0.502932  0.534379  0.610300  0.566436  0.649339  0.567511  0.386405  0.455451  0.587588  0.577067  0.718996  0.676396  0.580576  0.662683  0.516367  0.516881  0.394369  0.691120  0.514103  0.511239  0.686656  0.628191  0.632757  0.444380  0.399984  0.571643  0.590822  0.488327  0.722584  0.388378  0.683759  0.638255  0.507133  0.545000  0.405772  0.661763  0.641422  0.430931  0.772965  0.386934  0.587537  0.511944  0.442059  0.477653  0.608239  0.492145  0.547642 
38  0.568449  0.775039  0.530021  0.580466  0.458942  0.380424  0.809773  0.809793  0.498290  0.459496  0.617076  0.573218  0.567127  0.781740  0.489812  0.539455  0.727514  0.496677  0.381717  0.544723  0.339845  0.678007  0.368691  0.348823  0.634215  0.523623  0.678069  0.696961  0.598023  0.602465  0.670294  0.323253  0.779145  0.542204  0.500469  0.404268  0.539526  0.454340 0.0  0.543885  0.796385  0.683320  0.314070  0.621520  0.761514  0.857150  0.581957  0.665491  0.500225  0.548384  0.601478  0.312261  0.607377  0.725833  0.609851  0.700460  0.343808  0.502547  0.430583  0.681534  0.285669  0.548259  0.589460  0.610657  0.320284  0.464085  0.509751  0.496826  0.684961  0.422763  0.796103  0.460169  0.507795  0.676826  0.485479  0.654183  0.622100  0.738512  0.529448  0.426768  0.643679  0.617106  0.505535  0.506773  0.496117  0.683372  0.643332  0.683865  0.588711 
39  0.397003  0.536204  0.475695  0.568078  0.568523  0.700250  0.556676  0.452546  0.495932  0.579381  0.523291  0.671513  0.645316  0.764235  0.699308  0.699302  0.625143  0.756292  0.647262  0.723193  0.626327  0.826713  0.675701  0.735861  0.581216  0.675628  0.662516  0.833915  0.703320  0.629009  0.639248  0.703349  0.365877  0.607203  0.666050  0.902341  0.767270  0.534811  0.543885 0.0  0.395199  0.311454  0.683040  0.705824  0.560046  0.628146  0.586125  0.547189  0.671219  0.721228  0.596566  0.887010  0.493411  0.725521  0.661057  0.666552  0.575321  0.600212  0.628534  0.469435  0.702133  0.576671  0.847747  0.595424  0.690607  0.677697  0.608902  0.512116  0.671895  0.546207  0.745715  0.581741  0.554893  0.749521  0.598365  0.636543  0.545091  0.606670  0.554097  0.707287  0.714441  0.530771  0.659771  0.731518  0.619124  0.772403  0.744046  0.585332  0.587866 
40  0.497811  0.510530  0.546314  0.733145  0.563406  0.868792  0.575584  0.382648  0.689285  0.842664  0.539540  0.658444  0.591109  0.646986  0.732160  0.708408  0.642399  0.768967  0.800158  0.947498  0.665752  0.639697  0.715200  0.652471  0.576384  0.672961  0.703183  0.748712  0.483413  0.518008  0.445526  0.774391  0.289021  0.714382  0.687494  0.775166  0.840511  0.580586  0.796385  0.395199 0.0  0.375203  0.692935  0.552739  0.448404  0.522548  0.492917  0.642389  0.716711  0.706336  0.651303  0.750998  0.551029  0.565244  0.678199  0.452892  0.750960  0.580712  0.750039  0.623821  0.791257  0.497453  0.712030  0.592943  0.742224  0.759879  0.601639  0.522731  0.561746  0.766554  0.588572  0.502100  0.527827  0.676177  0.709621  0.531180  0.692565  0.683688  0.614198  0.690788  0.782924  0.607018  0.608492  0.642738  0.633284  0.582394  0.494696  0.544513  0.636563 
41  0.483024  0.566679  0.597793  0.726253  0.576782  0.732005  0.472784  0.355486  0.767757  0.825764  0.516690  0.524605  0.691839  0.617137  0.820032  0.703808  0.599856  0.760967  0.774067  0.796445  0.607377  0.782715  0.612834  0.605083  0.664273  0.645351  0.671229  0.949520  0.504520  0.534680  0.468253  0.551107  0.449590  0.634770  0.743385  0.976987  0.843013  0.604356  0.683320  0.311454  0.375203 0.0  0.819828  0.525322  0.485347  0.424606  0.705014  0.590195  0.821775  0.767997  0.637366  0.860490  0.454750  0.606307  0.605257  0.608232  0.766836  0.669422  0.738520  0.531576  0.764206  0.516023  0.730168  0.613541  0.746501  0.788833  0.571604  0.480486  0.656612  0.748026  0.592007  0.598127  0.568820  0.777387  0.621041  0.601324  0.661978  0.710535  0.545195  0.742587  0.765564  0.499547  0.666839  0.598540  0.701395  0.721197  0.706171  0.563660  0.628348 
42  0.542526  0.622663  0.589335  0.498762  0.472845  0.368519  0.803926  0.722308  0.489407  0.484345  0.548095  0.536786  0.434401  0.679513  0.456531  0.541661  0.668428  0.549744  0.517673  0.537933  0.585427  0.528226  0.467163  0.429806  0.630508  0.527347  0.626447  0.638661  0.487052  0.585867  0.706121  0.409947  0.718834  0.593568  0.450347  0.409795  0.495085  0.502932  0.314070  0.683040  0.692935  0.819828 0.0  0.668815  0.665783  0.733357  0.554249  0.626003  0.414971  0.467420  0.532460  0.408461  0.616624  0.636111  0.609358  0.639446  0.439017  0.429297  0.358784  0.636762  0.342240  0.578202  0.588202  0.527671  0.378982  0.434068  0.359050  0.559171  0.623249  0.548861  0.649303  0.424248  0.389660  0.589515  0.415087  0.551307  0.551854  0.604749  0.534638  0.474412  0.593281  0.521493  0.561217  0.567781  0.593485  0.488375  0.590006  0.527172  0.625166 
43  0.609488  0.267571  0.660248  0.606002  0.509591  0.639805  0.446900  0.589202  0.647940  0.498905  0.591358  0.484883  0.704150  0.599641  0.528057  0.625134  0.541687  0.680383  0.705118  0.603637  0.591785  0.639292  0.617244  0.695758  0.518992  0.554146  0.523300  0.658843  0.609004  0.600473  0.464004  0.516696  0.563177  0.509941  0.621321  0.689367  0.514505  0.534379  0.621520  0.705824  0.552739  0.525322  0.668815 0.0  0.615083  0.388676  0.623031  0.433311  0.623486  0.476826  0.563330  0.706787  0.586599  0.457184  0.709389  0.390467  0.726695  0.464447  0.557349  0.503520  0.637117  0.508446  0.603718  0.538381  0.729301  0.782957  0.558788  0.578267  0.436990  0.669567  0.552825  0.487775  0.632214  0.420412  0.597793  0.607904  0.656891  0.600448  0.547862  0.593677  0.679864  0.485376  0.550122  0.843517  0.589888  0.635219  0.485033  0.475718  0.624443 
44  0.472426  0.457786  0.632444  0.682379  0.444208  0.842314  0.544793  0.209693  0.718563  0.666774  0.519829  0.721944  0.708561  0.621387  0.774456  0.731656  0.654657  0.704771  0.768450  0.769349  0.562703  0.610100  0.685425  0.622619  0.561920  0.636133  0.776686  0.914020  0.624018  0.599503  0.436527  0.555298  0.595582  0.655172  0.866768  0.964542  0.693456  0.610300  0.761514  0.560046  0.448404  0.485347  0.665783  0.615083 0.0  0.441128  0.554623  0.666476  0.764532  0.758866  0.589595  0.540353  0.263623  0.687698  0.679364  0.444051  0.717833  0.653370  0.856010  0.532367  0.692577  0.673502  0.743306  0.728655  0.735111  0.800702  0.635428  0.667222  0.417934  0.783318  0.682049  0.614279  0.643538  0.686693  0.691756  0.512359  0.640313  0.706301  0.555597  0.667776  0.705296  0.677751  0.768695  0.677196  0.646675  0.653775  0.595577  0.629820  0.552924 
