89
0 0.0  0.504685  0.547331  0.536086  0.470155  0.720233  0.583710  0.322585  0.561699  0.589914  0.678602  0.634670  0.595320  0.722823  0.659570  0.777956  0.819051  0.678030  0.603152  0.717783  0.463106  0.686589  0.640882  0.650356  0.643718  0.570697  0.767880  0.719268  0.553266  0.558686  0.527528  0.567651  0.553345  0.563309  0.627512  0.784961  0.762175  0.422335  0.620284  0.408901  0.497393  0.407051  0.671894  0.648665  0.502885  0.523019  0.418667  0.475797  0.528889  0.709712  0.478864  0.725809  0.408910  0.689051  0.635384  0.551542  0.575200  0.509615  0.629371  0.508428  0.686718  0.550445  0.603877  0.691520  0.581157  0.721437  0.529088  0.544911  0.557449  0.677462  0.610273  0.497270  0.499595  0.584283  0.600517  0.471830  0.606197  0.497076  0.679604  0.728467  0.547209  0.535971  0.570000  0.640671  0.693318  0.675949  0.524470  0.500375  0.590446 
1  0.504685 0.0  0.591944  0.573970  0.483613  0.654333  0.365272  0.390944  0.615003  0.534125  0.633069  0.584245  0.696182  0.568373  0.641996  0.716074  0.529456  0.658549  0.786762  0.719225  0.527535  0.649849  0.676195  0.607894  0.462248  0.500935  0.563916  0.571310  0.548397  0.508346  0.267566  0.647177  0.533068  0.528119  0.631288  0.754017  0.605608  0.449140  0.708816  0.546171  0.520033  0.423589  0.521583  0.256744  0.457878  0.259997  0.449171  0.338198  0.577944  0.597162  0.653719  0.601970  0.507114  0.463108  0.719464  0.248698  0.660856  0.582189  0.570774  0.530617  0.730635  0.551253  0.633696  0.480195  0.621520  0.691678  0.487239  0.437290  0.301572  0.485448  0.570165  0.497000  0.521131  0.486249  0.500901  0.481596  0.661663  0.537224  0.541398  0.743990  0.637163  0.481868  0.566281  0.666626  0.622182  0.718661  0.423907  0.419512  0.646968 
2  0.547331  0.591944 0.0  0.483100  0.532306  0.571398  0.571114  0.528369  0.583379  0.603839  0.506568  0.547799  0.444700  0.627375  0.647562  0.551608  0.598371  0.515412  0.648273  0.623643  0.488184  0.772638  0.563443  0.493634  0.558245  0.586103  0.596068  0.521444  0.500204  0.549300  0.614037  0.537643  0.533222  0.444954  0.599703  0.647514  0.676854  0.485146  0.518134  0.470103  0.497101  0.491117  0.604057  0.597693  0.586810  0.582643  0.566974  0.515754  0.523281  0.506154  0.488096  0.596094  0.611680  0.715455  0.730470  0.554402  0.619916  0.552990  0.466552  0.598481  0.639707  0.456709  0.707467  0.541836  0.574762  0.558333  0.586832  0.478569  0.652287  0.564820  0.582496  0.630990  0.612732  0.592900  0.658733  0.540652  0.510357  0.657964  0.552501  0.576014  0.644299  0.555150  0.536647  0.575067  0.612751  0.586792  0.573798  0.599244  0.573362 
3  0.536086  0.573970  0.483100 0.0  0.434727  0.689411  0.700593  0.601930  0.639133  0.658685  0.545775  0.618219  0.563215  0.721792  0.459909  0.723172  0.490243  0.724209  0.628969  0.563527  0.490459  0.577899  0.607548  0.478736  0.555642  0.498817  0.616154  0.641091  0.551432  0.648900  0.734820  0.584229  0.562041  0.418688  0.457896  0.514946  0.591196  0.502769  0.580932  0.580144  0.689636  0.621892  0.432449  0.529891  0.721485  0.562886  0.569846  0.661131  0.480408  0.612554  0.512305  0.607622  0.619329  0.669769  0.593975  0.621029  0.535635  0.536470  0.536390  0.519692  0.531940  0.505746  0.684750  0.663719  0.562810  0.656727  0.522509  0.521314  0.608109  0.474254  0.602972  0.455070  0.536098  0.491909  0.477900  0.516365  0.468010  0.433234  0.563330  0.521578  0.776909  0.464858  0.488555  0.748616  0.630247  0.587848  0.705748  0.460302  0.566172 
4  0.470155  0.483613  0.532306  0.434727 0.0  0.490499  0.589159  0.436266  0.655558  0.624337  0.579491  0.467669  0.410439  0.678563  0.571486  0.571153  0.544890  0.412246  0.446720  0.488415  0.319814  0.454573  0.419985  0.388196  0.667413  0.377290  0.604176  0.626877  0.547031  0.527559  0.404582  0.344308  0.658325  0.508403  0.459878  0.595560  0.614948  0.512248  0.452238  0.605646  0.610312  0.476289  0.524488  0.508756  0.497948  0.516790  0.318451  0.595532  0.555085  0.568914  0.573723  0.380208  0.502239  0.579623  0.669148  0.396228  0.383005  0.449938  0.622987  0.519058  0.410384  0.552888  0.524662  0.639187  0.390277  0.708792  0.296777  0.558299  0.379537  0.488791  0.669196  0.401027  0.455770  0.520228  0.403060  0.554609  0.515652  0.650744  0.638722  0.558047  0.621899  0.424328  0.563643  0.698842  0.597841  0.563397  0.604027  0.610655  0.553053 
5  0.720233  0.654333  0.571398  0.689411  0.490499 0.0  0.719499  0.855242  0.510388  0.457372  0.547206  0.566108  0.521187  0.487236  0.590324  0.438708  0.522201  0.370805  0.406751  0.446367  0.431781  0.533203  0.298946  0.409392  0.659965  0.685454  0.531664  0.649037  0.613230  0.519227  0.605974  0.417154  0.867293  0.561859  0.415796  0.359039  0.413916  0.596038  0.298672  0.712871  0.884629  0.738660  0.404151  0.597123  0.665137  0.876735  0.628752  0.653365  0.542886  0.438868  0.549987  0.354546  0.701330  0.568448  0.543112  0.694869  0.384179  0.504846  0.579573  0.745216  0.302177  0.592760  0.591530  0.564480  0.287961  0.369994  0.467466  0.515524  0.576180  0.571622  0.563141  0.510844  0.603500  0.629179  0.488579  0.544239  0.655714  0.718623  0.525011  0.430724  0.450341  0.641035  0.646138  0.492857  0.521987  0.525734  0.583779  0.699681  0.555367 
6  0.583710  0.365272  0.571114  0.700593  0.589159  0.719499 0.0  0.464596  0.580423  0.658646  0.504995  0.634311  0.707088  0.483549  0.715212  0.800394  0.456505  0.798284  0.659010  0.556722  0.645915  0.561501  0.635324  0.733559  0.466575  0.405396  0.501542  0.585056  0.483603  0.581594  0.334275  0.775762  0.662780  0.600684  0.620698  0.682080  0.659093  0.555757  0.796679  0.519118  0.424803  0.476829  0.741401  0.376098  0.385957  0.369241  0.423215  0.438170  0.717012  0.759476  0.588476  0.742492  0.559659  0.370053  0.558826  0.373990  0.638672  0.609163  0.684924  0.672618  0.731089  0.523341  0.632903  0.509949  0.671582  0.838886  0.688484  0.538916  0.424474  0.647016  0.554294  0.588168  0.603476  0.496820  0.655930  0.582827  0.577122  0.582364  0.563505  0.675018  0.756575  0.498161  0.612022  0.610637  0.723784  0.541118  0.534086  0.437517  0.453819 
7  0.322585  0.390944  0.528369  0.601930  0.436266  0.855242  0.464596 0.0  0.651323  0.752115  0.582276  0.622247  0.725563  0.693301  0.748345  0.704972  0.680622  0.660090  0.710633  0.714490  0.640138  0.622774  0.739624  0.535553  0.581996  0.623512  0.579335  0.707559  0.583185  0.411322  0.414563  0.673002  0.526025  0.575821  0.648839  0.827209  0.783486  0.536505  0.652689  0.447619  0.445208  0.331336  0.632387  0.473560  0.200146  0.352523  0.532202  0.575628  0.638610  0.678566  0.672718  0.572287  0.292647  0.847291  0.544470  0.471700  0.700503  0.615190  0.701070  0.475875  0.672997  0.447176  0.772475  0.568127  0.613445  0.645591  0.495337  0.529199  0.437417  0.704302  0.629502  0.588452  0.583120  0.657617  0.598605  0.537915  0.581709  0.602212  0.607400  0.635192  0.693934  0.529272  0.593213  0.703060  0.661864  0.657829  0.566180  0.501053  0.577579 
8  0.561699  0.615003  0.583379  0.639133  0.655558  0.510388  0.580423  0.651323 0.0  0.662196  0.565391  0.475323  0.447125  0.611256  0.475467  0.530642  0.575545  0.600488  0.578918  0.494966  0.593472  0.513790  0.576782  0.553791  0.621707  0.552496  0.581109  0.683243  0.546798  0.586375  0.623695  0.544247  0.623511  0.492718  0.533285  0.402250  0.553897  0.390215  0.454842  0.693920  0.596434  0.631557  0.453597  0.695904  0.731086  0.716734  0.685979  0.546236  0.402531  0.472388  0.557241  0.524826  0.687172  0.643337  0.708569  0.611926  0.640196  0.565326  0.402936  0.727255  0.443251  0.581458  0.682417  0.515986  0.527407  0.380661  0.557002  0.573947  0.644703  0.367326  0.622962  0.517634  0.447209  0.706574  0.629742  0.513474  0.371518  0.646154  0.463341  0.469267  0.669721  0.486116  0.555347  0.607422  0.449651  0.476434  0.618912  0.560270  0.647528 
9  0.589914  0.534125  0.603839  0.658685  0.624337  0.457372  0.658646  0.752115  0.662196 0.0  0.607331  0.607533  0.459048  0.605289  0.572240  0.587240  0.582775  0.601501  0.599586  0.606039  0.611501  0.609661  0.469787  0.605767  0.589729  0.602956  0.503359  0.465022  0.494250  0.643561  0.630554  0.543497  0.661877  0.526532  0.632313  0.524774  0.482590  0.710404  0.570167  0.702581  0.703521  0.814722  0.513910  0.628182  0.678712  0.723973  0.664801  0.459746  0.665910  0.698864  0.614534  0.578240  0.598137  0.582469  0.502343  0.611083  0.527686  0.568680  0.578428  0.650132  0.487296  0.596631  0.815391  0.506446  0.332724  0.559264  0.513411  0.550592  0.609937  0.639461  0.542207  0.589203  0.477138  0.559783  0.659163  0.540608  0.625284  0.544153  0.439346  0.501002  0.498094  0.717184  0.384258  0.451363  0.641935  0.627261  0.550688  0.677572  0.563172 
10  0.678602  0.633069  0.506568  0.545775  0.579491  0.547206  0.504995  0.582276  0.565391  0.607331 0.0  0.545961  0.594108  0.529665  0.576912  0.495253  0.592086  0.594615  0.554974  0.478060  0.603659  0.637717  0.544784  0.610478  0.613274  0.609442  0.620508  0.546601  0.572228  0.570637  0.569825  0.476660  0.538450  0.611103  0.546493  0.440863  0.562573  0.514453  0.605914  0.540968  0.609288  0.536364  0.594349  0.606968  0.556083  0.507428  0.514002  0.562400  0.571999  0.526904  0.514097  0.567744  0.572031  0.549925  0.605673  0.551664  0.480462  0.593732  0.533338  0.560368  0.591670  0.483150  0.556373  0.525310  0.506054  0.565534  0.549429  0.582683  0.565504  0.591459  0.565743  0.627006  0.521417  0.501262  0.573675  0.618432  0.602725  0.557829  0.579890  0.628161  0.599735  0.613349  0.518631  0.505331  0.616154  0.616577  0.635420  0.552957  0.576529 
11  0.634670  0.584245  0.547799  0.618219  0.467669  0.566108  0.634311  0.622247  0.475323  0.607533  0.545961 0.0  0.615708  0.646008  0.487683  0.513796  0.605194  0.624166  0.530773  0.368693  0.530032  0.510636  0.597156  0.526547  0.494813  0.389747  0.583892  0.669705  0.486907  0.489708  0.588359  0.541942  0.576654  0.499136  0.508383  0.429993  0.584526  0.466064  0.564064  0.708397  0.704972  0.678623  0.420275  0.641027  0.750991  0.643581  0.602486  0.580665  0.456522  0.479290  0.560855  0.601086  0.622072  0.564357  0.528404  0.488799  0.519077  0.419720  0.363262  0.595716  0.532442  0.559783  0.554741  0.530068  0.508618  0.456573  0.475081  0.462400  0.578889  0.422622  0.694358  0.366005  0.545384  0.610842  0.571717  0.502811  0.474721  0.567131  0.545336  0.464372  0.550739  0.401582  0.686795  0.432135  0.480190  0.368108  0.583087  0.569570  0.568376 
12  0.595320  0.696182  0.444700  0.563215  0.410439  0.521187  0.707088  0.725563  0.447125  0.459048  0.594108  0.615708 0.0  0.573460  0.636584  0.478638  0.655527  0.642372  0.578524  0.535336  0.472229  0.549041  0.484449  0.417134  0.674025  0.473070  0.627831  0.645560  0.521890  0.604606  0.589880  0.578454  0.605837  0.520924  0.520874  0.497127  0.575276  0.563647  0.496066  0.585998  0.603801  0.613808  0.388905  0.597170  0.671014  0.703985  0.460328  0.543584  0.498845  0.635235  0.495609  0.474220  0.627400  0.603527  0.673697  0.504936  0.530763  0.608218  0.435733  0.537124  0.546084  0.466405  0.627465  0.518972  0.496578  0.555362  0.467430  0.549048  0.577363  0.636464  0.625667  0.561486  0.565320  0.535706  0.633714  0.493803  0.628993  0.513506  0.593344  0.528143  0.489660  0.629143  0.489835  0.526819  0.530347  0.563418  0.616424  0.634861  0.518730 
13  0.722823  0.568373  0.627375  0.721792  0.678563  0.487236  0.483549  0.693301  0.611256  0.605289  0.529665  0.646008  0.573460 0.0  0.547191  0.646691  0.480876  0.602517  0.606536  0.470413  0.640983  0.535177  0.611294  0.701245  0.485921  0.555180  0.469538  0.487708  0.579728  0.611028  0.459802  0.682395  0.550761  0.664120  0.604040  0.578416  0.503043  0.625749  0.612281  0.767983  0.624626  0.805846  0.673859  0.492445  0.667434  0.539423  0.720175  0.520139  0.656411  0.493017  0.605802  0.669876  0.578160  0.417884  0.465729  0.547408  0.648691  0.479411  0.661665  0.647778  0.655439  0.689956  0.607974  0.509542  0.604426  0.572017  0.633325  0.638369  0.554655  0.544060  0.522306  0.632203  0.593173  0.542891  0.635866  0.471938  0.703912  0.588919  0.505502  0.527716  0.544139  0.660337  0.614112  0.565921  0.630793  0.561839  0.455727  0.567028  0.594970 
14  0.659570  0.641996  0.647562  0.459909  0.571486  0.590324  0.715212  0.748345  0.475467  0.572240  0.576912  0.487683  0.636584  0.547191 0.0  0.679761  0.618499  0.614571  0.619078  0.445033  0.549648  0.473808  0.636256  0.495252  0.565270  0.346517  0.605788  0.600450  0.447164  0.641052  0.499527  0.473126  0.632431  0.433611  0.495817  0.422541  0.565380  0.511227  0.560150  0.664914  0.653839  0.727484  0.459423  0.570069  0.566795  0.517631  0.594965  0.605620  0.410519  0.410896  0.525200  0.433248  0.611114  0.586300  0.535174  0.608429  0.539662  0.489584  0.534479  0.540025  0.556614  0.684499  0.634678  0.618434  0.508393  0.424082  0.590273  0.567734  0.620704  0.373224  0.598662  0.375598  0.509246  0.556754  0.505220  0.653685  0.412769  0.582221  0.430407  0.341137  0.666451  0.475979  0.567183  0.563405  0.426371  0.517920  0.578329  0.603227  0.573236 
15  0.777956  0.716074  0.551608  0.723172  0.571153  0.438708  0.800394  0.704972  0.530642  0.587240  0.495253  0.513796  0.478638  0.646691  0.679761 0.0  0.517931  0.499026  0.607517  0.585636  0.632371  0.564235  0.582462  0.619176  0.643921  0.684066  0.566250  0.427834  0.622985  0.501553  0.749616  0.566147  0.561258  0.645676  0.436412  0.464686  0.567679  0.569216  0.567450  0.647379  0.613969  0.874447  0.456692  0.761247  0.817744  0.594803  0.509654  0.586869  0.643584  0.654221  0.745932  0.496787  0.714895  0.687802  0.624204  0.569840  0.602718  0.536265  0.583469  0.877560  0.568116  0.624392  0.604752  0.672251  0.574374  0.565571  0.561254  0.558200  0.732398  0.597613  0.654708  0.568532  0.587549  0.474751  0.665615  0.607675  0.626629  0.616939  0.505005  0.573345  0.407108  0.756855  0.666524  0.613697  0.541756  0.509311  0.632649  0.675004  0.552383 
16  0.819051  0.529456  0.598371  0.490243  0.544890  0.522201  0.456505  0.680622  0.575545  0.582775  0.592086  0.605194  0.655527  0.480876  0.618499  0.517931 0.0  0.622427  0.621394  0.559980  0.712700  0.517375  0.697451  0.778956  0.487627  0.562095  0.398528  0.397901  0.582221  0.503028  0.528655  0.692122  0.693189  0.670442  0.563716  0.592752  0.434963  0.593197  0.804273  0.732626  0.664493  0.637827  0.672464  0.586799  0.801599  0.521871  0.656119  0.544160  0.681521  0.580754  0.672091  0.732365  0.667602  0.207367  0.555701  0.487989  0.659429  0.469425  0.631834  0.672344  0.639536  0.758179  0.638443  0.507378  0.730341  0.535674  0.677090  0.661938  0.514224  0.706277  0.455754  0.508921  0.549156  0.472968  0.792648  0.576282  0.565064  0.537985  0.570696  0.615327  0.440583  0.621590  0.572794  0.541903  0.564804  0.562696  0.516138  0.571100  0.618182 
17  0.678030  0.658549  0.515412  0.724209  0.412246  0.370805  0.798284  0.660090  0.600488  0.601501  0.594615  0.624166  0.642372  0.602517  0.614571  0.499026  0.622427 0.0  0.507916  0.470073  0.403144  0.601022  0.499030  0.458823  0.616043  0.552229  0.575756  0.568030  0.587553  0.493580  0.713918  0.497163  0.740738  0.565742  0.422180  0.535695  0.531164  0.695106  0.429396  0.667869  0.688380  0.732984  0.575890  0.577874  0.688155  0.744471  0.690756  0.566250  0.608465  0.585276  0.730800  0.488829  0.731326  0.615341  0.530016  0.656686  0.350974  0.477816  0.625212  0.537557  0.484554  0.705478  0.589602  0.681593  0.409213  0.515087  0.522435  0.644902  0.666283  0.600889  0.557207  0.480263  0.622900  0.616222  0.557030  0.485522  0.688055  0.536012  0.560190  0.427480  0.556521  0.657634  0.639890  0.473260  0.639192  0.523128  0.619840  0.796260  0.481242 
18  0.603152  0.786762  0.648273  0.628969  0.446720  0.406751  0.659010  0.710633  0.578918  0.599586  0.554974  0.530773  0.578524  0.606536  0.619078  0.607517  0.621394  0.507916 0.0  0.611773  0.442605  0.614223  0.327177  0.480037  0.732264  0.575538  0.643310  0.499150  0.628196  0.648459  0.645435  0.481099  0.859261  0.673663  0.628358  0.525831  0.622201  0.636951  0.375089  0.712988  0.798616  0.748282  0.482094  0.679297  0.709569  0.864784  0.731708  0.617519  0.603797  0.627895  0.656407  0.393714  0.739722  0.665303  0.564468  0.820640  0.456513  0.529833  0.530113  0.609195  0.335938  0.509679  0.583885  0.596635  0.350731  0.486103  0.711214  0.475761  0.602448  0.612957  0.625067  0.664451  0.541070  0.672647  0.624301  0.628347  0.636363  0.659681  0.588325  0.526872  0.667563  0.737445  0.629514  0.622698  0.570875  0.533455  0.687072  0.687853  0.539254 
19  0.717783  0.719225  0.623643  0.563527  0.488415  0.446367  0.556722  0.714490  0.494966  0.606039  0.478060  0.368693  0.535336  0.470413  0.445033  0.585636  0.559980  0.470073  0.611773 0.0  0.557972  0.361647  0.488797  0.487912  0.714484  0.360964  0.493755  0.637379  0.601487  0.689937  0.576654  0.529238  0.803257  0.501766  0.446678  0.334758  0.519077  0.482661  0.619229  0.759062  0.693966  0.794877  0.478507  0.481395  0.679040  0.692216  0.573793  0.645267  0.410914  0.353222  0.645274  0.488691  0.713300  0.480161  0.549843  0.530697  0.401515  0.387817  0.439085  0.686290  0.525003  0.696001  0.473642  0.620240  0.530655  0.361699  0.490742  0.586458  0.518819  0.463781  0.529514  0.413172  0.592793  0.449826  0.582278  0.593049  0.541949  0.477634  0.574423  0.328574  0.492738  0.458148  0.742309  0.522375  0.456008  0.342040  0.567894  0.629274  0.575740 
20  0.463106  0.527535  0.488184  0.490459  0.319814  0.431781  0.645915  0.640138  0.593472  0.611501  0.603659  0.530032  0.472229  0.640983  0.549648  0.632371  0.712700  0.403144  0.442605  0.557972 0.0  0.619853  0.451217  0.339586  0.681277  0.485408  0.618710  0.586741  0.559998  0.595539  0.628347  0.444918  0.678322  0.487255  0.639290  0.514124  0.657878  0.528293  0.371582  0.494466  0.649720  0.680742  0.488282  0.537131  0.647054  0.638526  0.611555  0.571782  0.418178  0.567256  0.622338  0.448246  0.468024  0.650568  0.554442  0.623502  0.317729  0.458132  0.486762  0.539858  0.446685  0.605222  0.559496  0.598298  0.379357  0.679878  0.441212  0.509054  0.487534  0.554805  0.729498  0.491433  0.477560  0.505751  0.368153  0.492943  0.519627  0.597389  0.653862  0.512243  0.492755  0.504772  0.486761  0.632824  0.552038  0.556444  0.676551  0.533335  0.501529 
21  0.686589  0.649849  0.772638  0.577899  0.454573  0.533203  0.561501  0.622774  0.513790  0.609661  0.637717  0.510636  0.549041  0.535177  0.473808  0.564235  0.517375  0.601022  0.614223  0.361647  0.619853 0.0  0.687303  0.598575  0.611911  0.344089  0.568662  0.590006  0.558895  0.477417  0.616260  0.609750  0.693928  0.527778  0.427029  0.373648  0.595426  0.522811  0.764146  0.757840  0.711586  0.636811  0.530796  0.618856  0.590316  0.669798  0.468327  0.589612  0.478834  0.398310  0.654429  0.545265  0.738395  0.557599  0.521449  0.553142  0.550873  0.388842  0.576595  0.716463  0.687636  0.667064  0.409254  0.552447  0.532101  0.478258  0.485858  0.568805  0.629712  0.455698  0.595226  0.396297  0.520380  0.523249  0.623797  0.593537  0.482342  0.500043  0.538576  0.318770  0.559866  0.632006  0.644673  0.577812  0.393576  0.298011  0.614560  0.664360  0.523929 
22  0.640882  0.676195  0.563443  0.607548  0.419985  0.298946  0.635324  0.739624  0.576782  0.469787  0.544784  0.597156  0.484449  0.611294  0.636256  0.582462  0.697451  0.499030  0.327177  0.488797  0.451217  0.687303 0.0  0.340966  0.707381  0.583697  0.676323  0.534544  0.540580  0.538340  0.739539  0.353956  0.798931  0.549644  0.606699  0.500543  0.512023  0.518116  0.325380  0.765743  0.668940  0.726086  0.394919  0.697183  0.775342  0.796052  0.613607  0.612898  0.508126  0.593246  0.558528  0.473218  0.651452  0.638090  0.594051  0.712419  0.361758  0.477302  0.445352  0.640664  0.316660  0.630785  0.569084  0.707265  0.253831  0.577443  0.460298  0.626295  0.700038  0.571279  0.583856  0.585473  0.567664  0.556852  0.398836  0.482358  0.563793  0.555058  0.436968  0.489752  0.547071  0.623171  0.614938  0.521668  0.543656  0.681346  0.637995  0.643269  0.619768 
23  0.650356  0.607894  0.493634  0.478736  0.388196  0.409392  0.733559  0.535553  0.553791  0.605767  0.610478  0.526547  0.417134  0.701245  0.495252  0.619176  0.778956  0.458823  0.480037  0.487912  0.339586  0.598575  0.340966 0.0  0.657477  0.426951  0.614634  0.601072  0.444989  0.573717  0.532176  0.415344  0.784428  0.462016  0.532600  0.430243  0.574748  0.495060  0.325364  0.716912  0.719231  0.706850  0.403199  0.734516  0.612196  0.629727  0.532718  0.513058  0.484596  0.554394  0.510466  0.343663  0.582076  0.610142  0.589242  0.545094  0.320915  0.495408  0.419864  0.703758  0.296636  0.546817  0.594429  0.575240  0.337959  0.594610  0.385589  0.406941  0.556458  0.641890  0.809186  0.520910  0.486739  0.547773  0.531001  0.564521  0.628390  0.455440  0.572084  0.516517  0.584291  0.493707  0.529937  0.631660  0.518531  0.488317  0.700366  0.583082  0.655823 
24  0.643718  0.462248  0.558245  0.555642  0.667413  0.659965  0.466575  0.581996  0.621707  0.589729  0.613274  0.494813  0.674025  0.485921  0.565270  0.643921  0.487627  0.616043  0.732264  0.714484  0.681277  0.611911  0.707381  0.657477 0.0  0.605562  0.466262  0.594220  0.523288  0.480787  0.359934  0.657202  0.604531  0.594107  0.613672  0.701412  0.558889  0.525034  0.643770  0.444948  0.511698  0.585301  0.680839  0.494027  0.557813  0.434822  0.542026  0.578062  0.614509  0.642156  0.504544  0.697509  0.539867  0.398809  0.483005  0.477823  0.682261  0.527883  0.531859  0.614076  0.655954  0.630110  0.676090  0.487456  0.668278  0.680606  0.604984  0.559710  0.420126  0.495683  0.451788  0.555447  0.559280  0.490432  0.596193  0.597387  0.561430  0.632743  0.669248  0.604249  0.682633  0.547626  0.615649  0.729679  0.684637  0.647733  0.484069  0.425256  0.525682 
25  0.570697  0.500935  0.586103  0.498817  0.377290  0.685454  0.405396  0.623512  0.552496  0.602956  0.609442  0.389747  0.473070  0.555180  0.346517  0.684066  0.562095  0.552229  0.575538  0.360964  0.485408  0.344089  0.583697  0.426951  0.605562 0.0  0.499223  0.519729  0.564969  0.589157  0.429840  0.463567  0.758512  0.444997  0.446164  0.341343  0.505201  0.441133  0.563467  0.614582  0.690566  0.584334  0.448289  0.535590  0.597557  0.491730  0.509307  0.570545  0.397794  0.473196  0.706615  0.534518  0.516054  0.391053  0.494208  0.411647  0.446231  0.241378  0.453763  0.598560  0.485212  0.644690  0.370721  0.576552  0.434697  0.528914  0.439892  0.484770  0.395080  0.462296  0.625730  0.292684  0.472592  0.421690  0.538810  0.643892  0.468406  0.433088  0.549166  0.393905  0.629433  0.375110  0.706874  0.647122  0.433212  0.405942  0.464907  0.589105  0.582459 
26  0.767880  0.563916  0.596068  0.616154  0.604176  0.531664  0.501542  0.579335  0.581109  0.503359  0.620508  0.583892  0.627831  0.469538  0.605788  0.566250  0.398528  0.575756  0.643310  0.493755  0.618710  0.568662  0.676323  0.614634  0.466262  0.499223 0.0  0.440104  0.589812  0.591163  0.445337  0.640991  0.615539  0.724628  0.584121  0.499098  0.397402  0.650146  0.631274  0.743189  0.579963  0.626682  0.656684  0.511728  0.779857  0.578246  0.585624  0.578774  0.581111  0.533413  0.464844  0.589042  0.717504  0.384569  0.479505  0.534410  0.608964  0.536885  0.611143  0.644568  0.435993  0.566779  0.562417  0.507726  0.471231  0.541999  0.536953  0.609006  0.455988  0.625421  0.505488  0.540360  0.426893  0.423160  0.633486  0.568962  0.597255  0.581164  0.518260  0.572439  0.570979  0.566099  0.607829  0.467521  0.673663  0.570003  0.560662  0.509997  0.645618 
27  0.719268  0.571310  0.521444  0.641091  0.626877  0.649037  0.585056  0.707559  0.683243  0.465022  0.546601  0.669705  0.645560  0.487708  0.600450  0.427834  0.397901  0.568030  0.499150  0.637379  0.586741  0.590006  0.534544  0.601072  0.594220  0.519729  0.440104 0.0  0.552549  0.600437  0.529591  0.570562  0.929876  0.655704  0.593090  0.504571  0.319760  0.598242  0.519014  0.778130  0.810638  0.799808  0.549079  0.506821  0.785438  0.695676  0.757660  0.548510  0.585551  0.666362  0.555285  0.609850  0.628867  0.461717  0.575102  0.486599  0.612035  0.629222  0.680686  0.799519  0.534667  0.555653  0.489747  0.452938  0.556513  0.565475  0.667681  0.600712  0.469842  0.597355  0.545282  0.591996  0.517434  0.336963  0.647947  0.680784  0.750710  0.515688  0.476366  0.536153  0.509920  0.779876  0.568595  0.609820  0.670128  0.632271  0.437520  0.563920  0.572307 
28  0.553266  0.548397  0.500204  0.551432  0.547031  0.613230  0.483603  0.583185  0.546798  0.494250  0.572228  0.486907  0.521890  0.579728  0.447164  0.622985  0.582221  0.587553  0.628196  0.601487  0.559998  0.558895  0.540580  0.444989  0.523288  0.564969  0.589812  0.552549 0.0  0.533758  0.614225  0.671310  0.523277  0.480087  0.620575  0.591726  0.591306  0.515749  0.497999  0.488652  0.545881  0.495319  0.522992  0.571053  0.644247  0.492993  0.545736  0.511414  0.596491  0.623792  0.481934  0.620433  0.558550  0.677255  0.575020  0.531634  0.564006  0.521903  0.591867  0.573591  0.566611  0.512840  0.605376  0.560075  0.546872  0.620796  0.531083  0.533976  0.556104  0.456183  0.676166  0.481721  0.460965  0.495254  0.531747  0.516484  0.416633  0.625696  0.488174  0.666641  0.573714  0.483586  0.526581  0.578510  0.574348  0.675464  0.610781  0.506658  0.592224 
29  0.558686  0.508346  0.549300  0.648900  0.527559  0.519227  0.581594  0.411322  0.586375  0.643561  0.570637  0.489708  0.604606  0.611028  0.641052  0.501553  0.503028  0.493580  0.648459  0.689937  0.595539  0.477417  0.538340  0.573717  0.480787  0.589157  0.591163  0.600437  0.533758 0.0  0.513549  0.593448  0.481133  0.572626  0.621297  0.643176  0.555876  0.522060  0.689198  0.599396  0.605984  0.401939  0.487281  0.536358  0.557988  0.502034  0.515384  0.521727  0.512487  0.552325  0.578564  0.568961  0.562171  0.573815  0.586073  0.550848  0.587300  0.647535  0.539182  0.622413  0.462173  0.638730  0.608722  0.588278  0.498342  0.615134  0.588164  0.502677  0.499804  0.556022  0.592549  0.519001  0.463865  0.604533  0.472990  0.570344  0.486163  0.611046  0.574654  0.600806  0.635613  0.521462  0.474607  0.545248  0.515435  0.589166  0.535424  0.496435  0.567069 
30  0.527528  0.267566  0.614037  0.734820  0.404582  0.605974  0.334275  0.414563  0.623695  0.630554  0.569825  0.588359  0.589880  0.459802  0.499527  0.749616  0.528655  0.713918  0.645435  0.576654  0.628347  0.616260  0.739539  0.532176  0.359934  0.429840  0.445337  0.529591  0.614225  0.513549 0.0  0.692837  0.624771  0.503592  0.744999  0.640087  0.655263  0.586242  0.710452  0.575873  0.470791  0.436540  0.569286  0.394269  0.464729  0.206420  0.435819  0.478071  0.726838  0.764595  0.535295  0.645288  0.489336  0.451349  0.527151  0.240513  0.648913  0.539552  0.547772  0.615014  0.651534  0.582382  0.658580  0.385533  0.592319  0.662046  0.530688  0.512396  0.260551  0.545504  0.513390  0.413461  0.565373  0.440775  0.666314  0.507945  0.532336  0.492963  0.446719  0.613982  0.726723  0.477121  0.597812  0.660695  0.640940  0.610359  0.390810  0.407041  0.541385 
31  0.567651  0.647177  0.537643  0.584229  0.344308  0.417154  0.775762  0.673002  0.544247  0.543497  0.476660  0.541942  0.578454  0.682395  0.473126  0.566147  0.692122  0.497163  0.481099  0.529238  0.444918  0.609750  0.353956  0.415344  0.657202  0.463567  0.640991  0.570562  0.671310  0.593448  0.692837 0.0  0.685169  0.612624  0.536591  0.492970  0.574003  0.530874  0.315384  0.636276  0.736883  0.686939  0.365937  0.605364  0.559229  0.724212  0.576619  0.607743  0.579317  0.529108  0.541786  0.380855  0.684240  0.602788  0.541887  0.558652  0.353303  0.443827  0.497048  0.616850  0.309987  0.599495  0.595380  0.520453  0.328612  0.542452  0.485702  0.616514  0.627947  0.527897  0.701013  0.430044  0.579998  0.622687  0.363315  0.520778  0.666209  0.639560  0.497594  0.467042  0.610911  0.655554  0.650048  0.575404  0.526382  0.613274  0.650660  0.584528  0.581233 
32  0.553345  0.533068  0.533222  0.562041  0.658325  0.867293  0.662780  0.526025  0.623511  0.661877  0.538450  0.576654  0.605837  0.550761  0.632431  0.561258  0.693189  0.740738  0.859261  0.803257  0.678322  0.693928  0.798931  0.784428  0.604531  0.758512  0.615539  0.929876  0.523277  0.481133  0.624771  0.685169 0.0  0.638524  0.692782  0.832689  0.974157  0.539779  0.671870  0.406928  0.267853  0.396920  0.732855  0.571114  0.592966  0.595999  0.536368  0.608868  0.658033  0.655887  0.536696  0.811890  0.504512  0.685469  0.702485  0.733947  0.733648  0.751624  0.704610  0.622175  0.787917  0.500231  0.650815  0.566369  0.799435  0.615830  0.616513  0.557908  0.649194  0.574213  0.614894  0.657215  0.514140  0.676464  0.734092  0.614791  0.585002  0.705159  0.606917  0.789609  0.605641  0.509476  0.591258  0.716379  0.782182  0.570558  0.732756  0.580344  0.636929 
33  0.563309  0.528119  0.444954  0.418688  0.508403  0.561859  0.600684  0.575821  0.492718  0.526532  0.611103  0.499136  0.520924  0.664120  0.433611  0.645676  0.670442  0.565742  0.673663  0.501766  0.487255  0.527778  0.549644  0.462016  0.594107  0.444997  0.724628  0.655704  0.480087  0.572626  0.503592  0.612624  0.638524 0.0  0.391175  0.492678  0.614290  0.339467  0.581471  0.569781  0.606581  0.661708  0.552004  0.535271  0.674808  0.613419  0.623012  0.490426  0.363784  0.516798  0.550040  0.547804  0.641500  0.625999  0.700511  0.549173  0.534317  0.310322  0.335528  0.615586  0.512453  0.475591  0.474736  0.530395  0.587645  0.596627  0.483045  0.536652  0.537854  0.420008  0.678704  0.433678  0.634821  0.578123  0.556467  0.557132  0.391052  0.594400  0.619443  0.521553  0.710474  0.389418  0.525164  0.576030  0.492448  0.494434  0.537224  0.500172  0.601613 
34  0.627512  0.631288  0.599703  0.457896  0.459878  0.415796  0.620698  0.648839  0.533285  0.632313  0.546493  0.508383  0.520874  0.604040  0.495817  0.436412  0.563716  0.422180  0.628358  0.446678  0.639290  0.427029  0.606699  0.532600  0.613672  0.446164  0.584121  0.593090  0.620575  0.621297  0.744999  0.536591  0.692782  0.391175 0.0  0.400191  0.517081  0.683604  0.491511  0.662459  0.681708  1.000000  0.512266  0.666954  0.778983  0.660026  0.569229  0.625171  0.693744  0.451043  0.557335  0.516969  0.706969  0.528820  0.479655  0.563986  0.518792  0.461127  0.620808  0.697500  0.474876  0.634646  0.541983  0.707898  0.546548  0.569486  0.449850  0.551382  0.677853  0.501693  0.519302  0.496854  0.451911  0.508047  0.500397  0.610255  0.665475  0.474641  0.559604  0.393291  0.471813  0.532830  0.748493  0.606877  0.462485  0.526997  0.611269  0.590972  0.628629 
35  0.784961  0.754017  0.647514  0.514946  0.595560  0.359039  0.682080  0.827209  0.402250  0.524774  0.440863  0.429993  0.497127  0.578416  0.422541  0.464686  0.592752  0.535695  0.525831  0.334758  0.514124  0.373648  0.500543  0.430243  0.701412  0.341343  0.499098  0.504571  0.591726  0.643176  0.640087  0.492970  0.832689  0.492678  0.400191 0.0  0.386585  0.474745  0.385239  0.726069  0.847010  0.806478  0.385057  0.654953  0.879174  0.781735  0.738929  0.524846  0.444656  0.347978  0.611683  0.415491  0.839209  0.657084  0.424831  0.630352  0.497221  0.423699  0.314082  0.692552  0.432817  0.564459  0.569468  0.555616  0.395091  0.349959  0.550446  0.587303  0.698258  0.455681  0.546912  0.452978  0.505679  0.526843  0.512159  0.607099  0.498402  0.514926  0.491030  0.259182  0.584164  0.531484  0.646544  0.476035  0.409471  0.391323  0.548926  0.626649  0.582186 
36  0.762175  0.605608  0.676854  0.591196  0.614948  0.413916  0.659093  0.783486  0.553897  0.482590  0.562573  0.584526  0.575276  0.503043  0.565380  0.567679  0.434963  0.531164  0.622201  0.519077  0.657878  0.595426  0.512023  0.574748  0.558889  0.505201  0.397402  0.319760  0.591306  0.555876  0.655263  0.574003  0.974157  0.614290  0.517081  0.386585 0.0  0.584862  0.541981  0.690929  0.653515  0.838721  0.552049  0.490794  0.709441  0.588095  0.629217  0.506106  0.625601  0.426080  0.562165  0.488917  0.690047  0.460756  0.455774  0.455295  0.467756  0.487182  0.471142  0.699222  0.477378  0.717712  0.704929  0.440626  0.513245  0.479721  0.620143  0.503620  0.534551  0.506179  0.439867  0.566614  0.587111  0.435219  0.715592  0.544115  0.667296  0.561496  0.512385  0.460755  0.487676  0.675926  0.526893  0.461947  0.576135  0.573670  0.536312  0.533113  0.535797 
37  0.422335  0.449140  0.485146  0.502769  0.512248  0.596038  0.555757  0.536505  0.390215  0.710404  0.514453  0.466064  0.563647  0.625749  0.511227  0.569216  0.593197  0.695106  0.636951  0.482661  0.528293  0.522811  0.518116  0.495060  0.525034  0.441133  0.650146  0.598242  0.515749  0.522060  0.586242  0.530874  0.539779  0.339467  0.683604  0.474745  0.584862 0.0  0.538346  0.579430  0.463165  0.558044  0.483348  0.591343  0.650968  0.575197  0.457061  0.479650  0.373660  0.486309  0.489824  0.567156  0.523727  0.531769  0.665934  0.544910  0.553738  0.511179  0.383421  0.687004  0.596170  0.482889  0.599448  0.541723  0.637300  0.455201  0.501465  0.480684  0.635933  0.389134  0.609308  0.328251  0.482560  0.604391  0.521147  0.514980  0.447889  0.598442  0.677625  0.470446  0.809078  0.344380  0.583137  0.540422  0.467841  0.480978  0.591107  0.483128  0.591090 
38  0.620284  0.708816  0.518134  0.580932  0.452238  0.298672  0.796679  0.652689  0.454842  0.570167  0.605914  0.564064  0.496066  0.612281  0.560150  0.567450  0.804273  0.429396  0.375089  0.619229  0.371582  0.764146  0.325380  0.325364  0.643770  0.563467  0.631274  0.519014  0.497999  0.689198  0.710452  0.315384  0.671870  0.581471  0.491511  0.385239  0.541981  0.538346 0.0  0.569956  0.605660  0.611833  0.324676  0.580478  0.680892  0.714085  0.649433  0.609285  0.447126  0.498747  0.537075  0.334064  0.637304  0.609184  0.528197  0.587291  0.411772  0.563486  0.444267  0.653753  0.278638  0.518929  0.560055  0.587541  0.284354  0.464257  0.491091  0.525353  0.684220  0.437766  0.654751  0.539995  0.479714  0.636539  0.427905  0.489062  0.555075  0.775292  0.547742  0.452641  0.635403  0.530523  0.593872  0.609050  0.604598  0.508950  0.554126  0.531949  0.452463 
39  0.408901  0.546171  0.470103  0.580144  0.605646  0.712871  0.519118  0.447619  0.693920  0.702581  0.540968  0.708397  0.585998  0.767983  0.664914  0.647379  0.732626  0.667869  0.712988  0.759062  0.494466  0.757840  0.765743  0.716912  0.444948  0.614582  0.743189  0.778130  0.488652  0.599396  0.575873  0.636276  0.406928  0.569781  0.662459  0.726069  0.690929  0.579430  0.569956 0.0  0.370971  0.306435  0.636542  0.647466  0.549487  0.629329  0.618944  0.575284  0.623124  0.591067  0.550228  0.746938  0.464551  0.646819  0.648971  0.597578  0.635748  0.586650  0.670076  0.507960  0.655498  0.564217  0.732543  0.665157  0.665901  0.685350  0.579083  0.477586  0.584509  0.619652  0.633142  0.599439  0.476688  0.515334  0.530148  0.540028  0.655619  0.670854  0.512754  0.626938  0.707433  0.538895  0.541597  0.750016  0.643647  0.654140  0.694198  0.568497  0.598399 
40  0.497393  0.520033  0.497101  0.689636  0.610312  0.884629  0.424803  0.445208  0.596434  0.703521  0.609288  0.704972  0.603801  0.624626  0.653839  0.613969  0.664493  0.688380  0.798616  0.693966  0.649720  0.711586  0.668940  0.719231  0.511698  0.690566  0.579963  0.810638  0.545881  0.605984  0.470791  0.736883  0.267853  0.606581  0.681708  0.847010  0.653515  0.463165  0.605660  0.370971 0.0  0.369386  0.674795  0.558880  0.580054  0.535643  0.499235  0.538338  0.575573  0.750086  0.590233  0.756330  0.505269  0.698205  0.658592  0.423353  0.812961  0.684601  0.627584  0.609544  0.861095  0.484120  0.733186  0.682732  0.846913  0.640894  0.720395  0.517513  0.489988  0.608657  0.610457  0.585394  0.580496  0.650731  0.679045  0.534438  0.592261  0.667723  0.541966  0.742014  0.545980  0.548945  0.581803  0.700080  0.649980  0.628641  0.628665  0.478915  0.662705 
41  0.407051  0.423589  0.491117  0.621892  0.476289  0.738660  0.476829  0.331336  0.631557  0.814722  0.536364  0.678623  0.613808  0.805846  0.727484  0.874447  0.637827  0.732984  0.748282  0.794877  0.680742  0.636811  0.726086  0.706850  0.585301  0.584334  0.626682  0.799808  0.495319  0.401939  0.436540  0.686939  0.396920  0.661708  1.000000  0.806478  0.838721  0.558044  0.611833  0.306435  0.369386 0.0  0.561579  0.558060  0.419404  0.443514  0.540280  0.583491  0.621728  0.639537  0.584371  0.816676  0.386229  0.583960  0.549363  0.578284  0.782648  0.647212  0.575843  0.531775  0.793667  0.536489  0.767069  0.527516  0.772861  0.809461  0.727825  0.456582  0.531227  0.709054  0.634170  0.517701  0.497217  0.714620  0.585844  0.618984  0.550324  0.769247  0.530902  0.701072  0.790237  0.582385  0.604560  0.525371  0.750969  0.819472  0.731800  0.526678  0.655452 
42  0.671894  0.521583  0.604057  0.432449  0.524488  0.404151  0.741401  0.632387  0.453597  0.513910  0.594349  0.420275  0.388905  0.673859  0.459423  0.456692  0.672464  0.575890  0.482094  0.478507  0.488282  0.530796  0.394919  0.403199  0.680839  0.448289  0.656684  0.549079  0.522992  0.487281  0.569286  0.365937  0.732855  0.552004  0.512266  0.385057  0.552049  0.483348  0.324676  0.636542  0.674795  0.561579 0.0  0.647263  0.711806  0.620901  0.563048  0.549778  0.487924  0.480451  0.469845  0.470664  0.754627  0.600490  0.524173  0.567455  0.406953  0.473987  0.400753  0.566486  0.379395  0.530510  0.551487  0.535190  0.354525  0.476813  0.340524  0.557678  0.607164  0.454728  0.639823  0.449791  0.489775  0.496528  0.430164  0.472419  0.356425  0.620158  0.534953  0.384435  0.625932  0.578632  0.626669  0.622714  0.570269  0.565148  0.545925  0.491760  0.506899 
43  0.648665  0.256744  0.597693  0.529891  0.508756  0.597123  0.376098  0.473560  0.695904  0.628182  0.606968  0.641027  0.597170  0.492445  0.570069  0.761247  0.586799  0.577874  0.679297  0.481395  0.537131  0.618856  0.697183  0.734516  0.494027  0.535590  0.511728  0.506821  0.571053  0.536358  0.394269  0.605364  0.571114  0.535271  0.666954  0.654953  0.490794  0.591343  0.580478  0.647466  0.558880  0.558060  0.647263 0.0  0.585572  0.324086  0.518862  0.375665  0.546670  0.674535  0.546701  0.813379  0.597931  0.432954  0.645558  0.313562  0.724638  0.577197  0.491958  0.616542  0.658935  0.558951  0.554788  0.513964  0.632271  0.630589  0.561678  0.438033  0.356320  0.583480  0.625970  0.555608  0.651598  0.400388  0.613396  0.517307  0.648903  0.547488  0.583087  0.610297  0.645474  0.436674  0.487747  0.615826  0.631884  0.563371  0.448550  0.458077  0.584122 
44  0.502885  0.457878  0.586810  0.721485  0.497948  0.665137  0.385957  0.200146  0.731086  0.678712  0.556083  0.750991  0.671014  0.667434  0.566795  0.817744  0.801599  0.688155  0.709569  0.679040  0.647054  0.590316  0.775342  0.612196  0.557813  0.597557  0.779857  0.785438  0.644247  0.557988  0.464729  0.559229  0.592966  0.674808  0.778983  0.879174  0.709441  0.650968  0.680892  0.549487  0.580054  0.419404  0.711806  0.585572 0.0  0.435155  0.570563  0.661880  0.796330  0.799257  0.702913  0.661287  0.217394  0.672267  0.546719  0.427937  0.694295  0.659970  0.755592  0.486884  0.789403  0.598420  0.680431  0.666614  0.660029  0.761513  0.597899  0.608651  0.515437  0.715928  0.715657  0.570165  0.577971  0.659065  0.676308  0.573285  0.723076  0.575569  0.532358  0.914115  0.842543  0.653433  0.692119  0.641601  0.776203  0.725393  0.607818  0.569648  0.608697 
