89
0 0.0  0.529649  0.535361  0.469018  0.445972  0.689252  0.647948  0.392334  0.682683  0.620639  0.597822  0.711135  0.561015  0.704699  0.630798  0.766187  0.729108  0.665803  0.732892  0.643634  0.503334  0.630123  0.595843  0.564456  0.583351  0.702759  0.758062  0.740575  0.533244  0.538309  0.668911  0.616563  0.577060  0.491608  0.667082  0.696983  0.588921  0.448003  0.638179  0.437741  0.488952  0.405012  0.724291  0.500250  0.487673  0.520834  0.472656  0.606679  0.589700  0.678769  0.508897  0.622048  0.432261  0.708986  0.567475  0.592837  0.593742  0.598920  0.617814  0.476116  0.652989  0.513149  0.717371  0.749284  0.506859  0.685562  0.576270  0.536212  0.525378  0.619296  0.620656  0.465747  0.590924  0.585316  0.536890  0.578631  0.651883  0.532920  0.699523  0.650458  0.670434  0.488935  0.594543  0.716047  0.631957  0.677620  0.567750  0.545804  0.622416 
1  0.529649 0.0  0.546212  0.443856  0.481419  0.735364  0.355499  0.373474  0.695078  0.613054  0.490577  0.539990  0.584044  0.584791  0.662839  0.676938  0.571849  0.735056  0.745813  0.783717  0.497474  0.648504  0.753989  0.615356  0.459386  0.569008  0.516554  0.535113  0.562339  0.473662  0.309364  0.568421  0.494255  0.528819  0.761680  0.671686  0.597990  0.532719  0.548558  0.564657  0.402463  0.446713  0.594398  0.253534  0.501790  0.264540  0.452387  0.306799  0.646733  0.594871  0.687487  0.795883  0.463585  0.446487  0.569073  0.287984  0.715062  0.604540  0.622459  0.631778  0.729751  0.494254  0.632740  0.532940  0.714426  0.644581  0.487007  0.525360  0.317241  0.684293  0.605952  0.526648  0.492420  0.519456  0.671555  0.550195  0.648370  0.603600  0.524802  0.684201  0.473470  0.428030  0.546606  0.678557  0.661726  0.652011  0.521098  0.451129  0.507103 
2  0.535361  0.546212 0.0  0.565678  0.629007  0.567605  0.587651  0.529703  0.554336  0.625254  0.552229  0.536442  0.516649  0.742427  0.541433  0.612455  0.697320  0.672474  0.641078  0.616560  0.540463  0.638881  0.650918  0.473447  0.594624  0.629871  0.580571  0.589339  0.514762  0.541505  0.615387  0.573700  0.557757  0.490022  0.611383  0.571486  0.550421  0.573214  0.601911  0.471849  0.567819  0.507490  0.493742  0.539371  0.629131  0.521474  0.588754  0.545055  0.516273  0.561731  0.512052  0.690829  0.615481  0.691474  0.693637  0.569805  0.580064  0.549483  0.496099  0.587611  0.548766  0.566858  0.685523  0.511122  0.549356  0.691293  0.569532  0.528650  0.491666  0.548100  0.518420  0.530782  0.659104  0.622635  0.602708  0.516004  0.414823  0.616558  0.542354  0.601776  0.694841  0.544667  0.608021  0.607210  0.499954  0.618581  0.628769  0.602552  0.588691 
3  0.469018  0.443856  0.565678 0.0  0.518232  0.566130  0.743460  0.564946  0.773736  0.666882  0.573699  0.625060  0.628097  0.706391  0.496149  0.624923  0.760285  0.591064  0.596385  0.570390  0.460589  0.542257  0.569008  0.519982  0.451834  0.545260  0.649926  0.819776  0.558061  0.548092  0.702945  0.567024  0.563429  0.513792  0.414653  0.635731  0.750974  0.532732  0.551883  0.585711  0.544304  0.686348  0.519486  0.482722  0.691611  0.528248  0.494139  0.573082  0.528458  0.506583  0.527447  0.634730  0.603091  0.716335  0.613587  0.603564  0.560790  0.568568  0.557455  0.601043  0.578874  0.484196  0.620737  0.649958  0.564904  0.672240  0.484935  0.539510  0.583452  0.419770  0.691835  0.457746  0.466092  0.593963  0.421305  0.537418  0.551508  0.463733  0.519477  0.534414  0.745546  0.450969  0.567772  0.795596  0.586663  0.494423  0.686577  0.514016  0.693205 
4  0.445972  0.481419  0.629007  0.518232 0.0  0.497784  0.585669  0.513551  0.617841  0.582446  0.515176  0.539219  0.442934  0.661091  0.632778  0.617417  0.566231  0.452325  0.438218  0.517995  0.324313  0.578429  0.517777  0.413695  0.569154  0.401916  0.461254  0.740334  0.443673  0.552481  0.435527  0.398164  0.604179  0.584848  0.406134  0.487634  0.642907  0.491858  0.463453  0.574041  0.604445  0.585822  0.474084  0.538225  0.534512  0.476235  0.349131  0.540410  0.568004  0.525997  0.525834  0.466393  0.468355  0.608726  0.511208  0.391628  0.421484  0.417945  0.511314  0.481593  0.423059  0.530998  0.526584  0.617650  0.397901  0.679335  0.307895  0.461287  0.337679  0.624575  0.648568  0.370138  0.433506  0.540583  0.354193  0.497341  0.629405  0.506837  0.544418  0.621963  0.624287  0.479264  0.547709  0.621506  0.541720  0.736204  0.568005  0.550576  0.626315 
5  0.689252  0.735364  0.567605  0.566130  0.497784 0.0  0.853748  0.617334  0.482727  0.513587  0.574787  0.553302  0.641233  0.557782  0.649928  0.438336  0.623231  0.376170  0.361036  0.422704  0.388887  0.548520  0.289790  0.476384  0.594814  0.580714  0.629888  0.509852  0.607889  0.649694  0.770523  0.356996  0.764480  0.657486  0.378677  0.276005  0.500911  0.612777  0.319069  0.670139  0.846460  0.712119  0.455614  0.723779  0.824732  0.787546  0.750041  0.636269  0.579474  0.429643  0.542651  0.357384  0.723631  0.464997  0.484323  0.599312  0.306609  0.575660  0.549571  0.635005  0.304512  0.715742  0.627083  0.656666  0.303646  0.455007  0.553228  0.688136  0.626058  0.567540  0.537144  0.610248  0.499101  0.649487  0.485361  0.654330  0.670473  0.636511  0.431682  0.418361  0.536629  0.624994  0.708064  0.475175  0.635500  0.608354  0.644277  0.776554  0.586180 
6  0.647948  0.355499  0.587651  0.743460  0.585669  0.853748 0.0  0.434274  0.698153  0.614616  0.432026  0.576509  0.765157  0.635251  0.826485  0.632566  0.407601  0.631731  0.712702  0.604923  0.783051  0.603986  0.735035  0.638941  0.522270  0.492839  0.483544  0.609156  0.633545  0.564272  0.351200  0.841696  0.669577  0.538145  0.653143  0.619327  0.585145  0.629836  0.631471  0.607838  0.419317  0.384080  0.774204  0.309325  0.466872  0.323549  0.704811  0.457983  0.680071  0.629889  0.568041  0.759564  0.518727  0.388515  0.596689  0.443763  0.697226  0.516979  0.688689  0.591177  0.720545  0.647455  0.611578  0.569277  0.579771  0.703049  0.655926  0.546976  0.420440  0.638610  0.482100  0.587043  0.727702  0.475572  0.689228  0.605306  0.570968  0.599754  0.516743  0.716772  0.693287  0.524023  0.620124  0.629401  0.605948  0.672546  0.576382  0.405271  0.507265 
7  0.392334  0.373474  0.529703  0.564946  0.513551  0.617334  0.434274 0.0  0.639374  0.700826  0.493630  0.679982  0.651978  0.720228  0.767715  0.727550  0.736571  0.777615  0.580910  0.868682  0.651800  0.605947  0.760561  0.625608  0.495211  0.636976  0.717386  0.877237  0.483102  0.452597  0.383297  0.633257  0.676784  0.508789  0.667708  0.785365  0.655508  0.610215  0.707233  0.486874  0.412290  0.406353  0.737404  0.573711  0.197065  0.368282  0.532505  0.589669  0.606378  0.806646  0.517419  0.636637  0.267867  0.607024  0.677231  0.427914  0.742550  0.637420  0.672060  0.457467  0.533199  0.618207  0.684683  0.670049  0.646395  0.665437  0.620883  0.525600  0.541924  0.730888  0.735919  0.617416  0.564467  0.713624  0.503921  0.631975  0.699684  0.740753  0.486066  0.726577  0.662798  0.540668  0.650345  0.655119  0.610758  0.631710  0.631441  0.537880  0.660959 
8  0.682683  0.695078  0.554336  0.773736  0.617841  0.482727  0.698153  0.639374 0.0  0.664065  0.610136  0.432545  0.559119  0.579972  0.579654  0.630556  0.722516  0.633461  0.568340  0.456025  0.569268  0.493107  0.622570  0.498049  0.557748  0.494924  0.726784  0.667748  0.551580  0.637180  0.544695  0.517782  0.607155  0.438916  0.695191  0.426094  0.603812  0.478641  0.497029  0.676473  0.692695  0.670418  0.521271  0.749800  0.625317  0.700099  0.705802  0.613061  0.469296  0.453024  0.557082  0.541080  0.804726  0.648144  0.602366  0.714315  0.611527  0.495640  0.366911  0.725934  0.475974  0.509657  0.684571  0.574245  0.582931  0.387364  0.513977  0.495843  0.694326  0.444746  0.597759  0.530583  0.483754  0.794208  0.581031  0.488305  0.445320  0.599452  0.521550  0.440788  0.608928  0.502403  0.610427  0.564552  0.409872  0.528032  0.540127  0.637384  0.541697 
9  0.620639  0.613054  0.625254  0.666882  0.582446  0.513587  0.614616  0.700826  0.664065 0.0  0.469178  0.534996  0.456656  0.598028  0.610119  0.585077  0.673266  0.552986  0.522477  0.518201  0.503096  0.710761  0.424750  0.622603  0.635556  0.620006  0.459209  0.542805  0.575388  0.580348  0.544605  0.583407  0.779326  0.661177  0.649581  0.540133  0.474537  0.628431  0.517773  0.737172  0.748463  0.735636  0.523337  0.632510  0.700535  0.694191  0.696510  0.470902  0.544614  0.551698  0.568303  0.624513  0.667001  0.524736  0.540964  0.646118  0.469299  0.527208  0.627986  0.743840  0.545597  0.626681  0.822451  0.625208  0.391596  0.472711  0.566269  0.620459  0.582748  0.690432  0.641117  0.565398  0.496059  0.518295  0.649659  0.580356  0.629776  0.593463  0.480768  0.556596  0.444436  0.655808  0.481601  0.525715  0.587509  0.560395  0.705979  0.576824  0.504381 
10  0.597822  0.490577  0.552229  0.573699  0.515176  0.574787  0.432026  0.493630  0.610136  0.469178 0.0  0.591562  0.606969  0.546208  0.549743  0.631210  0.548622  0.605895  0.517557  0.491238  0.608141  0.519930  0.640591  0.511050  0.618398  0.581890  0.524805  0.554052  0.535493  0.592765  0.551970  0.505164  0.623345  0.572025  0.572433  0.544783  0.522883  0.603611  0.551943  0.496181  0.622933  0.590642  0.516371  0.520097  0.625942  0.609540  0.630666  0.593411  0.559486  0.510167  0.548912  0.522458  0.609270  0.457452  0.520511  0.525225  0.563240  0.513789  0.601570  0.499724  0.561589  0.487571  0.492188  0.506694  0.621882  0.588324  0.594168  0.583448  0.505363  0.560998  0.531550  0.559516  0.614227  0.560627  0.511529  0.665197  0.558838  0.536489  0.576981  0.604605  0.610664  0.548950  0.486388  0.494290  0.617411  0.572980  0.529887  0.579015  0.505188 
11  0.711135  0.539990  0.536442  0.625060  0.539219  0.553302  0.576509  0.679982  0.432545  0.534996  0.591562 0.0  0.509605  0.654354  0.459307  0.579553  0.570137  0.607173  0.607284  0.477617  0.555082  0.598755  0.506289  0.430156  0.617295  0.390172  0.613420  0.580566  0.506904  0.576997  0.574839  0.563444  0.597035  0.374264  0.575029  0.497495  0.639281  0.441909  0.476216  0.617456  0.798127  0.606051  0.514472  0.551402  0.686806  0.607009  0.555819  0.625699  0.422219  0.511279  0.541362  0.563634  0.615380  0.633067  0.666940  0.506378  0.552504  0.397649  0.396570  0.585011  0.577174  0.576023  0.483785  0.540140  0.465330  0.512167  0.452365  0.521846  0.528397  0.408361  0.662616  0.387425  0.458605  0.566641  0.545019  0.516849  0.506494  0.540438  0.589861  0.479870  0.704298  0.496471  0.593368  0.575305  0.473750  0.452223  0.546281  0.559578  0.638185 
12  0.561015  0.584044  0.516649  0.628097  0.442934  0.641233  0.765157  0.651978  0.559119  0.456656  0.606969  0.509605 0.0  0.594629  0.620739  0.419389  0.707731  0.737613  0.686946  0.644029  0.529519  0.624981  0.527441  0.406774  0.761405  0.431440  0.619984  0.671771  0.539183  0.548867  0.533026  0.557622  0.600004  0.515959  0.512896  0.504603  0.513162  0.554065  0.539835  0.587480  0.547765  0.671580  0.366200  0.639931  0.679711  0.711354  0.453861  0.652721  0.554826  0.586559  0.498951  0.519972  0.623679  0.650077  0.607986  0.535149  0.442928  0.514538  0.550035  0.592818  0.488722  0.617114  0.740689  0.505655  0.443160  0.535190  0.495630  0.504050  0.551637  0.542590  0.687338  0.509061  0.562649  0.519593  0.668517  0.441670  0.625749  0.512060  0.530271  0.624427  0.495339  0.640274  0.443132  0.591380  0.658509  0.626039  0.642410  0.517614  0.481948 
13  0.704699  0.584791  0.742427  0.706391  0.661091  0.557782  0.635251  0.720228  0.579972  0.598028  0.546208  0.654354  0.594629 0.0  0.663335  0.618670  0.416802  0.688077  0.726424  0.516068  0.652232  0.493891  0.721672  0.642243  0.502868  0.482634  0.478807  0.492110  0.637967  0.713917  0.419629  0.608946  0.680759  0.722329  0.557127  0.523680  0.447848  0.583973  0.614911  0.718045  0.718334  0.748728  0.560349  0.612195  0.722069  0.501617  0.613650  0.584378  0.576339  0.591942  0.644676  0.602439  0.634706  0.429449  0.537399  0.542624  0.677888  0.574751  0.630192  0.687633  0.790137  0.616846  0.570910  0.482915  0.741189  0.530846  0.641476  0.680863  0.593055  0.695819  0.427432  0.596105  0.639875  0.495201  0.705505  0.648726  0.655709  0.542653  0.593357  0.552700  0.501310  0.567582  0.734188  0.527670  0.639828  0.622021  0.483288  0.428479  0.585419 
14  0.630798  0.662839  0.541433  0.496149  0.632778  0.649928  0.826485  0.767715  0.579654  0.610119  0.549743  0.459307  0.620739  0.663335 0.0  0.670191  0.697797  0.563334  0.525796  0.336064  0.509439  0.439227  0.627777  0.534435  0.719905  0.365694  0.652814  0.618244  0.569814  0.607620  0.558780  0.491710  0.729846  0.406282  0.537007  0.398453  0.576593  0.443561  0.506681  0.561655  0.727235  0.657408  0.415096  0.602121  0.638132  0.551286  0.648364  0.753215  0.492150  0.377088  0.552017  0.558883  0.682554  0.594485  0.550526  0.553323  0.692274  0.413785  0.525835  0.651409  0.501406  0.576750  0.564327  0.589069  0.580692  0.421513  0.549815  0.539559  0.685926  0.387971  0.625194  0.340199  0.507921  0.544641  0.595197  0.592007  0.437198  0.532190  0.527093  0.420923  0.623898  0.481400  0.599997  0.694692  0.468184  0.394143  0.528409  0.687667  0.535720 
15  0.766187  0.676938  0.612455  0.624923  0.617417  0.438336  0.632566  0.727550  0.630556  0.585077  0.631210  0.579553  0.419389  0.618670  0.670191 0.0  0.610178  0.553805  0.697916  0.563268  0.665566  0.509359  0.564450  0.644060  0.733365  0.679795  0.538836  0.623755  0.554373  0.618623  0.698979  0.597336  0.581293  0.657029  0.454154  0.462849  0.600399  0.723682  0.528444  0.688429  0.614785  0.720392  0.558512  0.713293  0.766592  0.645867  0.462521  0.597329  0.669730  0.550308  0.636025  0.492061  0.754316  0.621399  0.532519  0.632455  0.618906  0.534893  0.576020  0.741759  0.531950  0.729420  0.625248  0.518855  0.492559  0.560250  0.514683  0.631488  0.574329  0.566453  0.589483  0.730122  0.550909  0.612830  0.628823  0.711003  0.727202  0.699147  0.459292  0.570356  0.416864  0.601897  0.683512  0.509638  0.602535  0.517511  0.655642  0.759094  0.634638 
16  0.729108  0.571849  0.697320  0.760285  0.566231  0.623231  0.407601  0.736571  0.722516  0.673266  0.548622  0.570137  0.707731  0.416802  0.697797  0.610178 0.0  0.575484  0.722577  0.530581  0.634921  0.413233  0.736202  0.630840  0.451661  0.556365  0.337904  0.427816  0.648571  0.533269  0.521974  0.631067  0.779422  0.640969  0.621099  0.574450  0.456757  0.704602  0.620668  0.707873  0.621907  0.598154  0.711576  0.578121  0.723151  0.549777  0.693157  0.524586  0.760482  0.558104  0.603064  0.710097  0.708228  0.210240  0.503312  0.505280  0.763997  0.467993  0.615298  0.715174  0.639126  0.669303  0.500334  0.489496  0.516298  0.635772  0.554716  0.567545  0.432939  0.687410  0.491550  0.499197  0.595627  0.444275  0.698347  0.643059  0.668640  0.611456  0.516782  0.566768  0.616472  0.709436  0.683186  0.511230  0.567601  0.604773  0.528135  0.615768  0.553775 
17  0.665803  0.735056  0.672474  0.591064  0.452325  0.376170  0.631731  0.777615  0.633461  0.552986  0.605895  0.607173  0.737613  0.688077  0.563334  0.553805  0.575484 0.0  0.490982  0.476587  0.407966  0.581354  0.436642  0.450003  0.613373  0.483629  0.527680  0.599648  0.646261  0.612529  0.604132  0.499815  0.947027  0.470421  0.476502  0.439258  0.581084  0.669271  0.481138  0.693362  0.773910  0.737784  0.567945  0.771839  0.664683  0.672139  0.676782  0.778454  0.545401  0.463417  0.569073  0.442920  0.545227  0.547083  0.551527  0.605667  0.395090  0.463785  0.568206  0.641270  0.476104  0.791432  0.571692  0.767272  0.445808  0.554375  0.537470  0.591863  0.672514  0.548281  0.620949  0.568218  0.646672  0.603039  0.398783  0.678358  0.701247  0.590419  0.543019  0.546294  0.567021  0.585213  0.653640  0.481395  0.581657  0.500416  0.564653  0.651847  0.563259 
18  0.732892  0.745813  0.641078  0.596385  0.438218  0.361036  0.712702  0.580910  0.568340  0.522477  0.517557  0.607284  0.686946  0.726424  0.525796  0.697916  0.722577  0.490982 0.0  0.584436  0.450157  0.619722  0.379891  0.460642  0.707424  0.557752  0.630135  0.600396  0.599338  0.536694  0.904196  0.484796  0.799833  0.568261  0.548068  0.481435  0.553520  0.617079  0.376619  0.677951  0.837989  0.618071  0.510736  0.692889  0.727732  0.730834  0.722451  0.672582  0.573372  0.539423  0.500768  0.459293  0.693583  0.671544  0.619770  0.639734  0.398208  0.575500  0.465455  0.666778  0.360273  0.584052  0.614944  0.596207  0.341530  0.493863  0.586465  0.577333  0.688390  0.645556  0.579415  0.578607  0.608783  0.688567  0.534166  0.642914  0.629644  0.575653  0.513481  0.482702  0.725945  0.625715  0.619637  0.476191  0.639840  0.634089  0.652948  0.823462  0.661388 
19  0.643634  0.783717  0.616560  0.570390  0.517995  0.422704  0.604923  0.868682  0.456025  0.518201  0.491238  0.477617  0.644029  0.516068  0.336064  0.563268  0.530581  0.476587  0.584436 0.0  0.593907  0.354859  0.547650  0.578935  0.597153  0.382416  0.550914  0.556924  0.571695  0.592080  0.584045  0.654069  0.660251  0.462986  0.487061  0.331245  0.551443  0.571697  0.613390  0.692527  0.862976  0.719239  0.403847  0.662575  0.865276  0.616214  0.541860  0.630139  0.416439  0.407368  0.633368  0.543763  0.740320  0.464173  0.495936  0.592243  0.512860  0.356511  0.347630  0.797769  0.532563  0.658237  0.435664  0.685231  0.506790  0.360448  0.446410  0.628330  0.563668  0.521697  0.525433  0.407000  0.626781  0.474025  0.591821  0.664597  0.479964  0.470319  0.476894  0.375147  0.504068  0.463645  0.600125  0.544634  0.474598  0.371929  0.584305  0.709542  0.586013 
20  0.503334  0.497474  0.540463  0.460589  0.324313  0.388887  0.783051  0.651800  0.569268  0.503096  0.608141  0.555082  0.529519  0.652232  0.509439  0.665566  0.634921  0.407966  0.450157  0.593907 0.0  0.518320  0.445941  0.293434  0.743014  0.455925  0.674223  0.517531  0.527520  0.582688  0.495881  0.461828  0.695085  0.413568  0.508207  0.561525  0.640221  0.581270  0.400035  0.644456  0.657904  0.635161  0.420410  0.622168  0.558452  0.620238  0.619437  0.548587  0.476261  0.556617  0.534681  0.455933  0.509941  0.789790  0.636274  0.566098  0.362938  0.508115  0.472546  0.571306  0.330279  0.578958  0.520069  0.589790  0.408092  0.585394  0.450708  0.620561  0.534439  0.499872  0.726093  0.455779  0.501494  0.509244  0.418047  0.490509  0.565586  0.447860  0.439531  0.509416  0.601039  0.505814  0.413566  0.570265  0.578175  0.473900  0.594957  0.522975  0.577385 
21  0.630123  0.648504  0.638881  0.542257  0.578429  0.548520  0.603986  0.605947  0.493107  0.710761  0.519930  0.598755  0.624981  0.493891  0.439227  0.509359  0.413233  0.581354  0.619722  0.354859  0.518320 0.0  0.631057  0.504673  0.678621  0.381510  0.524293  0.526869  0.623950  0.550597  0.513610  0.509114  0.753158  0.501342  0.516363  0.423609  0.586324  0.571824  0.586717  0.646343  0.699127  0.818885  0.553242  0.613376  0.561583  0.454328  0.499118  0.675814  0.476642  0.326084  0.580724  0.460506  0.754130  0.505779  0.459505  0.497258  0.450677  0.435539  0.526748  0.756116  0.565698  0.701971  0.410702  0.671803  0.636183  0.497014  0.426849  0.627867  0.525135  0.499681  0.596066  0.435799  0.600636  0.575009  0.700188  0.593031  0.553185  0.552195  0.521604  0.371896  0.656177  0.562634  0.778152  0.524432  0.483844  0.369667  0.501693  0.686513  0.568662 
22  0.595843  0.753989  0.650918  0.569008  0.517777  0.289790  0.735035  0.760561  0.622570  0.424750  0.640591  0.506289  0.527441  0.721672  0.627777  0.564450  0.736202  0.436642  0.379891  0.547650  0.445941  0.631057 0.0  0.373172  0.731753  0.588549  0.562351  0.580010  0.604967  0.566202  0.602538  0.328833  0.723451  0.533479  0.584415  0.492168  0.516180  0.614530  0.376473  0.646309  0.680931  0.715111  0.385290  0.526748  0.765184  0.682612  0.540123  0.629137  0.523650  0.534368  0.563209  0.393933  0.634553  0.641921  0.560631  0.660979  0.314474  0.476230  0.461724  0.655236  0.335067  0.565861  0.595506  0.600065  0.238117  0.541535  0.554597  0.553681  0.513158  0.567164  0.546725  0.527360  0.579866  0.673513  0.438771  0.541796  0.559167  0.520618  0.471114  0.566918  0.624084  0.592837  0.549839  0.486971  0.581228  0.598656  0.532769  0.747600  0.495719 
23  0.564456  0.615356  0.473447  0.519982  0.413695  0.476384  0.638941  0.625608  0.498049  0.622603  0.511050  0.430156  0.406774  0.642243  0.534435  0.644060  0.630840  0.450003  0.460642  0.578935  0.293434  0.504673  0.373172 0.0  0.564731  0.383710  0.624047  0.505290  0.532507  0.560276  0.571166  0.391794  0.716107  0.438218  0.575919  0.501184  0.556199  0.571536  0.334185  0.696685  0.712664  0.697454  0.362879  0.609539  0.661570  0.637652  0.565521  0.496013  0.441909  0.509551  0.538376  0.362054  0.578496  0.591849  0.640787  0.564630  0.291782  0.569583  0.488124  0.504519  0.299268  0.614784  0.532689  0.456531  0.293093  0.494616  0.401346  0.517125  0.623092  0.527168  0.739440  0.443699  0.592034  0.582972  0.482032  0.582513  0.582645  0.459398  0.517126  0.533761  0.644459  0.579112  0.604266  0.526614  0.534620  0.571808  0.645251  0.612013  0.528723 
24  0.583351  0.459386  0.594624  0.451834  0.569154  0.594814  0.522270  0.495211  0.557748  0.635556  0.618398  0.617295  0.761405  0.502868  0.719905  0.733365  0.451661  0.613373  0.707424  0.597153  0.743014  0.678621  0.731753  0.564731 0.0  0.589290  0.480774  0.605506  0.519133  0.587805  0.378867  0.713068  0.531058  0.621219  0.610038  0.602566  0.613872  0.502922  0.703246  0.654637  0.572605  0.537132  0.639531  0.463702  0.595470  0.424885  0.621953  0.523589  0.637479  0.569768  0.553539  0.720013  0.626365  0.470992  0.598388  0.511416  0.582992  0.544673  0.623806  0.557715  0.658000  0.586498  0.610904  0.507441  0.603106  0.723338  0.544102  0.507948  0.405834  0.609423  0.507897  0.521797  0.559134  0.566024  0.591945  0.600657  0.617191  0.641843  0.576035  0.591165  0.556064  0.445346  0.565584  0.598388  0.588977  0.601229  0.464862  0.379043  0.645340 
25  0.702759  0.569008  0.629871  0.545260  0.401916  0.580714  0.492839  0.636976  0.494924  0.620006  0.581890  0.390172  0.431440  0.482634  0.365694  0.679795  0.556365  0.483629  0.557752  0.382416  0.455925  0.381510  0.588549  0.383710  0.589290 0.0  0.514344  0.543666  0.575106  0.583002  0.365397  0.514913  0.822178  0.466085  0.450286  0.355255  0.523419  0.442386  0.612858  0.773690  0.643378  0.657107  0.452006  0.542929  0.591330  0.475567  0.572611  0.646288  0.365388  0.449472  0.596866  0.404607  0.620365  0.442905  0.551452  0.465857  0.441260  0.263756  0.445923  0.507050  0.492804  0.664724  0.358941  0.613107  0.540613  0.477501  0.439041  0.651755  0.476849  0.447930  0.575660  0.300141  0.599665  0.392923  0.563664  0.555146  0.456016  0.423584  0.516154  0.411747  0.594544  0.454060  0.716686  0.635552  0.416437  0.378200  0.576447  0.622206  0.568678 
26  0.758062  0.516554  0.580571  0.649926  0.461254  0.629888  0.483544  0.717386  0.726784  0.459209  0.524805  0.613420  0.619984  0.478807  0.652814  0.538836  0.337904  0.527680  0.630135  0.550914  0.674223  0.524293  0.562351  0.624047  0.480774  0.514344 0.0  0.539092  0.611597  0.619076  0.453899  0.673880  0.586072  0.551642  0.655909  0.490865  0.423558  0.603654  0.594951  0.786063  0.678725  0.673841  0.605775  0.550213  0.735537  0.600076  0.620852  0.522929  0.615250  0.549873  0.541783  0.677298  0.701538  0.341445  0.554862  0.389120  0.600155  0.428781  0.607524  0.647045  0.635117  0.684116  0.585113  0.530142  0.569535  0.533476  0.532540  0.688983  0.467194  0.635947  0.437536  0.505217  0.489095  0.441107  0.624240  0.623774  0.669266  0.606027  0.522900  0.613687  0.525261  0.575938  0.613704  0.487549  0.564175  0.531993  0.497682  0.552856  0.526353 
27  0.740575  0.535113  0.589339  0.819776  0.740334  0.509852  0.609156  0.877237  0.667748  0.542805  0.554052  0.580566  0.671771  0.492110  0.618244  0.623755  0.427816  0.599648  0.600396  0.556924  0.517531  0.526869  0.580010  0.505290  0.605506  0.543666  0.539092 0.0  0.645584  0.701739  0.690484  0.627890  0.795530  0.613945  0.519524  0.584613  0.339967  0.693186  0.753864  0.695465  0.791613  0.882853  0.613549  0.508308  0.782393  0.663598  0.656108  0.631033  0.493727  0.545743  0.626196  0.640662  0.749158  0.448919  0.622362  0.534041  0.556631  0.579916  0.667159  0.657993  0.497993  0.672431  0.516875  0.556623  0.591635  0.591998  0.668276  0.592285  0.532487  0.647500  0.587988  0.605464  0.593951  0.340202  0.748032  0.677449  0.665381  0.582426  0.571275  0.502440  0.422725  0.868400  0.583270  0.571501  0.666465  0.695713  0.596390  0.563463  0.682896 
28  0.533244  0.562339  0.514762  0.558061  0.443673  0.607889  0.633545  0.483102  0.551580  0.575388  0.535493  0.506904  0.539183  0.637967  0.569814  0.554373  0.648571  0.646261  0.599338  0.571695  0.527520  0.623950  0.604967  0.532507  0.519133  0.575106  0.611597  0.645584 0.0  0.545742  0.549262  0.575062  0.456905  0.504503  0.658625  0.592759  0.697325  0.558529  0.597489  0.562890  0.507940  0.548896  0.525708  0.585529  0.510853  0.521107  0.484233  0.540539  0.592582  0.529612  0.465773  0.682536  0.456567  0.687479  0.749740  0.449086  0.598454  0.502850  0.526168  0.599809  0.560789  0.545519  0.677391  0.558350  0.578941  0.641274  0.515104  0.498865  0.451124  0.568984  0.591830  0.579017  0.586455  0.676597  0.490687  0.506784  0.508455  0.615332  0.598394  0.722753  0.622189  0.601828  0.487344  0.685961  0.581546  0.613464  0.550442  0.589190  0.579837 
29  0.538309  0.473662  0.541505  0.548092  0.552481  0.649694  0.564272  0.452597  0.637180  0.580348  0.592765  0.576997  0.548867  0.713917  0.607620  0.618623  0.533269  0.612529  0.536694  0.592080  0.582688  0.550597  0.566202  0.560276  0.587805  0.583002  0.619076  0.701739  0.545742 0.0  0.434172  0.632241  0.463588  0.540787  0.574514  0.587641  0.547822  0.487717  0.506441  0.585635  0.486124  0.465892  0.555066  0.497779  0.524852  0.464939  0.494016  0.488806  0.621069  0.692065  0.596794  0.615288  0.500729  0.629909  0.543100  0.436652  0.583779  0.570625  0.481522  0.534869  0.589192  0.590959  0.515827  0.580780  0.516919  0.559665  0.461535  0.496652  0.453422  0.593750  0.600341  0.554783  0.508075  0.643334  0.554247  0.525667  0.589818  0.683054  0.471947  0.603775  0.649303  0.680608  0.558634  0.545715  0.520803  0.589989  0.557001  0.519662  0.647240 
30  0.668911  0.309364  0.615387  0.702945  0.435527  0.770523  0.351200  0.383297  0.544695  0.544605  0.551970  0.574839  0.533026  0.419629  0.558780  0.698979  0.521974  0.604132  0.904196  0.584045  0.495881  0.513610  0.602538  0.571166  0.378867  0.365397  0.453899  0.690484  0.549262  0.434172 0.0  0.707995  0.670764  0.606599  0.622209  0.614253  0.495523  0.632106  0.772184  0.578138  0.525369  0.476661  0.664552  0.375939  0.470340  0.229547  0.465471  0.403497  0.705242  0.588270  0.622879  0.667535  0.504201  0.471412  0.688826  0.241455  0.651404  0.526888  0.644550  0.535132  0.623373  0.623153  0.667799  0.403617  0.739594  0.685451  0.493878  0.601746  0.246738  0.626701  0.476258  0.428527  0.534778  0.438581  0.611520  0.555724  0.561553  0.508750  0.533706  0.595445  0.713158  0.497074  0.638109  0.692663  0.669684  0.693472  0.500821  0.354812  0.630113 
31  0.616563  0.568421  0.573700  0.567024  0.398164  0.356996  0.841696  0.633257  0.517782  0.583407  0.505164  0.563444  0.557622  0.608946  0.491710  0.597336  0.631067  0.499815  0.484796  0.654069  0.461828  0.509114  0.328833  0.391794  0.713068  0.514913  0.673880  0.627890  0.575062  0.632241  0.707995 0.0  0.765614  0.616159  0.516942  0.459233  0.550996  0.513670  0.366241  0.588752  0.754197  0.626824  0.401775  0.612488  0.613167  0.709592  0.588093  0.634190  0.619876  0.474657  0.512619  0.331370  0.616983  0.607594  0.590258  0.681358  0.447379  0.543715  0.564513  0.564347  0.382174  0.621370  0.665641  0.592424  0.339079  0.489090  0.426298  0.559732  0.602744  0.525630  0.698178  0.481116  0.482893  0.541096  0.358259  0.528554  0.546691  0.562063  0.559472  0.476018  0.640137  0.610599  0.700771  0.600516  0.566219  0.525732  0.720780  0.732158  0.609695 
32  0.577060  0.494255  0.557757  0.563429  0.604179  0.764480  0.669577  0.676784  0.607155  0.779326  0.623345  0.597035  0.600004  0.680759  0.729846  0.581293  0.779422  0.947027  0.799833  0.660251  0.695085  0.753158  0.723451  0.716107  0.531058  0.822178  0.586072  0.795530  0.456905  0.463588  0.670764  0.765614 0.0  0.594571  0.716317  0.732459  0.690748  0.503271  0.717085  0.400459  0.312477  0.479449  0.639477  0.647972  0.669317  0.653054  0.522285  0.639446  0.678018  0.576323  0.656697  0.765423  0.587086  0.801709  0.630262  0.623496  0.806498  0.629309  0.648354  0.627418  0.877963  0.545471  0.592385  0.667198  0.725383  0.717560  0.569275  0.502034  0.754981  0.590255  0.740097  0.483665  0.575000  0.804746  0.589731  0.467439  0.616419  0.732187  0.518133  0.763288  0.727034  0.535099  0.647296  0.718569  0.637804  0.730715  0.742038  0.571496  0.553802 
33  0.491608  0.528819  0.490022  0.513792  0.584848  0.657486  0.538145  0.508789  0.438916  0.661177  0.572025  0.374264  0.515959  0.722329  0.406282  0.657029  0.640969  0.470421  0.568261  0.462986  0.413568  0.501342  0.533479  0.438218  0.621219  0.466085  0.551642  0.613945  0.504503  0.540787  0.606599  0.616159  0.594571 0.0  0.611307  0.509780  0.669798  0.363432  0.625577  0.567946  0.709018  0.688887  0.557896  0.590628  0.627406  0.563921  0.564913  0.510024  0.363519  0.540676  0.532426  0.705955  0.614956  0.678589  0.677013  0.547997  0.548170  0.439614  0.351810  0.663374  0.572761  0.565824  0.612818  0.496602  0.526470  0.637532  0.512113  0.431604  0.616902  0.447153  0.636217  0.360281  0.622047  0.572723  0.563768  0.507699  0.360980  0.657932  0.565964  0.591042  0.720107  0.339026  0.599769  0.679106  0.548566  0.466520  0.520946  0.537859  0.483464 
34  0.667082  0.761680  0.611383  0.414653  0.406134  0.378677  0.653143  0.667708  0.695191  0.649581  0.572433  0.575029  0.512896  0.557127  0.537007  0.454154  0.621099  0.476502  0.548068  0.487061  0.508207  0.516363  0.584415  0.575919  0.610038  0.450286  0.655909  0.519524  0.658625  0.574514  0.622209  0.516942  0.716317  0.611307 0.0  0.332300  0.542538  0.713446  0.555898  0.662088  0.828755  0.761847  0.544472  0.599309  0.769573  0.714582  0.579173  0.749068  0.825132  0.466744  0.576486  0.576871  0.666495  0.505611  0.525556  0.505070  0.455928  0.472100  0.541896  0.631714  0.520238  0.670734  0.516633  0.631318  0.506330  0.485165  0.544735  0.627279  0.619298  0.549130  0.580896  0.531800  0.527293  0.504851  0.544364  0.578750  0.591100  0.381366  0.519547  0.344575  0.469199  0.563425  0.766375  0.560505  0.553640  0.531177  0.638017  0.589856  0.559483 
35  0.696983  0.671686  0.571486  0.635731  0.487634  0.276005  0.619327  0.785365  0.426094  0.540133  0.544783  0.497495  0.504603  0.523680  0.398453  0.462849  0.574450  0.439258  0.481435  0.331245  0.561525  0.423609  0.492168  0.501184  0.602566  0.355255  0.490865  0.584613  0.592759  0.587641  0.614253  0.459233  0.732459  0.509780  0.332300 0.0  0.348690  0.494323  0.414659  0.793714  0.754621  0.932573  0.479700  0.701764  1.000000  0.758034  0.686522  0.608798  0.407806  0.307513  0.558500  0.462252  0.932690  0.592717  0.482049  0.602056  0.462068  0.398738  0.394745  0.638618  0.384146  0.568787  0.571835  0.562887  0.408206  0.300773  0.547133  0.570471  0.563906  0.417606  0.515311  0.472747  0.561006  0.623365  0.616496  0.723910  0.515597  0.544517  0.479534  0.284078  0.534378  0.479255  0.611891  0.535548  0.408942  0.387537  0.549890  0.675286  0.572426 
36  0.588921  0.597990  0.550421  0.750974  0.642907  0.500911  0.585145  0.655508  0.603812  0.474537  0.522883  0.639281  0.513162  0.447848  0.576593  0.600399  0.456757  0.581084  0.553520  0.551443  0.640221  0.586324  0.516180  0.556199  0.613872  0.523419  0.423558  0.339967  0.697325  0.547822  0.495523  0.550996  0.690748  0.669798  0.542538  0.348690 0.0  0.663534  0.600087  0.648868  0.860601  0.823794  0.521390  0.516956  0.866538  0.672592  0.667399  0.425625  0.691877  0.428522  0.659555  0.528628  0.779940  0.399430  0.495547  0.541428  0.550872  0.574288  0.487766  0.752214  0.521516  0.675788  0.639208  0.483418  0.550780  0.420031  0.710222  0.512107  0.431131  0.577444  0.524459  0.557367  0.589352  0.388273  0.658787  0.668832  0.734207  0.687385  0.506460  0.413360  0.507552  0.587026  0.582799  0.431760  0.616262  0.537490  0.446765  0.528494  0.637854 
37  0.448003  0.532719  0.573214  0.532732  0.491858  0.612777  0.629836  0.610215  0.478641  0.628431  0.603611  0.441909  0.554065  0.583973  0.443561  0.723682  0.704602  0.669271  0.617079  0.571697  0.581270  0.571824  0.614530  0.571536  0.502922  0.442386  0.603654  0.693186  0.558529  0.487717  0.632106  0.513670  0.503271  0.363432  0.713446  0.494323  0.663534 0.0  0.456614  0.539821  0.541721  0.585258  0.443584  0.498771  0.690035  0.599484  0.540316  0.563070  0.364906  0.430352  0.546661  0.531381  0.552726  0.788675  0.616029  0.542921  0.543599  0.508498  0.417597  0.619537  0.541028  0.408801  0.600795  0.645786  0.548304  0.417532  0.598159  0.525194  0.602206  0.476868  0.587774  0.362124  0.537911  0.662456  0.487376  0.626459  0.422455  0.636399  0.539802  0.470141  0.683135  0.371897  0.576263  0.652355  0.465835  0.434545  0.571487  0.454387  0.499970 
38  0.638179  0.548558  0.601911  0.551883  0.463453  0.319069  0.631471  0.707233  0.497029  0.517773  0.551943  0.476216  0.539835  0.614911  0.506681  0.528444  0.620668  0.481138  0.376619  0.613390  0.400035  0.586717  0.376473  0.334185  0.703246  0.612858  0.594951  0.753864  0.597489  0.506441  0.772184  0.366241  0.717085  0.625577  0.555898  0.414659  0.600087  0.456614 0.0  0.504043  0.690306  0.739709  0.317935  0.587408  0.693217  0.772488  0.571802  0.574385  0.418931  0.550540  0.483014  0.320711  0.679169  0.584692  0.618154  0.652320  0.394247  0.606039  0.437263  0.586623  0.287388  0.525947  0.577236  0.518470  0.319049  0.523611  0.464418  0.492306  0.699112  0.453147  0.550721  0.494785  0.468172  0.702038  0.510694  0.553029  0.456472  0.645413  0.533549  0.493319  0.601755  0.586452  0.467348  0.596516  0.598753  0.555647  0.566248  0.594904  0.594104 
39  0.437741  0.564657  0.471849  0.585711  0.574041  0.670139  0.607838  0.486874  0.676473  0.737172  0.496181  0.617456  0.587480  0.718045  0.561655  0.688429  0.707873  0.693362  0.677951  0.692527  0.644456  0.646343  0.646309  0.696685  0.654637  0.773690  0.786063  0.695465  0.562890  0.585635  0.578138  0.588752  0.400459  0.567946  0.662088  0.793714  0.648868  0.539821  0.504043 0.0  0.420082  0.310084  0.634157  0.637751  0.651269  0.654692  0.553893  0.624727  0.643759  0.607202  0.556727  0.714726  0.452273  0.686432  0.644519  0.628096  0.735846  0.633208  0.581014  0.475512  0.680059  0.519499  0.717602  0.659848  0.785954  0.657001  0.758776  0.486585  0.652255  0.583785  0.501090  0.571994  0.510391  0.693073  0.562805  0.519593  0.686802  0.684121  0.579636  0.712754  0.719082  0.467348  0.621085  0.597115  0.696940  0.720777  0.737649  0.494855  0.487571 
40  0.488952  0.402463  0.567819  0.544304  0.604445  0.846460  0.419317  0.412290  0.692695  0.748463  0.622933  0.798127  0.547765  0.718334  0.727235  0.614785  0.621907  0.773910  0.837989  0.862976  0.657904  0.699127  0.680931  0.712664  0.572605  0.643378  0.678725  0.791613  0.507940  0.486124  0.525369  0.754197  0.312477  0.709018  0.828755  0.754621  0.860601  0.541721  0.690306  0.420082 0.0  0.435009  0.602168  0.553492  0.540938  0.534749  0.549778  0.490208  0.656306  0.669996  0.529329  0.778072  0.453199  0.653296  0.717179  0.447814  0.760354  0.669971  0.595050  0.546154  0.764025  0.546023  0.811618  0.560072  0.821184  0.823592  0.679383  0.484899  0.501725  0.718890  0.578845  0.591967  0.591861  0.667555  0.645118  0.475034  0.681017  0.723418  0.430894  0.803215  0.678838  0.598902  0.633037  0.658143  0.732760  0.785734  0.579110  0.547062  0.571516 
41  0.405012  0.446713  0.507490  0.686348  0.585822  0.712119  0.384080  0.406353  0.670418  0.735636  0.590642  0.606051  0.671580  0.748728  0.657408  0.720392  0.598154  0.737784  0.618071  0.719239  0.635161  0.818885  0.715111  0.697454  0.537132  0.657107  0.673841  0.882853  0.548896  0.465892  0.476661  0.626824  0.479449  0.688887  0.761847  0.932573  0.823794  0.585258  0.739709  0.310084  0.435009 0.0  0.674144  0.509021  0.409514  0.395284  0.565124  0.593774  0.620657  0.620825  0.557377  0.868948  0.438341  0.604793  0.529931  0.596871  0.704312  0.709363  0.605065  0.468719  0.605791  0.486575  0.772832  0.579513  0.806643  0.676896  0.668339  0.511369  0.606532  0.594362  0.701068  0.557590  0.504307  0.718215  0.688711  0.540574  0.703560  0.716505  0.578937  0.783244  0.679075  0.541682  0.691508  0.506591  0.743659  0.740013  0.591518  0.565415  0.659829 
42  0.724291  0.594398  0.493742  0.519486  0.474084  0.455614  0.774204  0.737404  0.521271  0.523337  0.516371  0.514472  0.366200  0.560349  0.415096  0.558512  0.711576  0.567945  0.510736  0.403847  0.420410  0.553242  0.385290  0.362879  0.639531  0.452006  0.605775  0.613549  0.525708  0.555066  0.664552  0.401775  0.639477  0.557896  0.544472  0.479700  0.521390  0.443584  0.317935  0.634157  0.602168  0.674144 0.0  0.644408  0.649319  0.572885  0.494840  0.533867  0.458482  0.415173  0.567051  0.413979  0.684370  0.624137  0.547133  0.652839  0.443571  0.415052  0.408124  0.673494  0.319319  0.640637  0.652822  0.535289  0.344658  0.500025  0.355182  0.490841  0.573238  0.425484  0.733229  0.421983  0.464248  0.675342  0.446601  0.636095  0.472276  0.597050  0.545563  0.453441  0.505819  0.515068  0.522894  0.488133  0.553836  0.495104  0.610835  0.673416  0.539136 
43  0.500250  0.253534  0.539371  0.482722  0.538225  0.723779  0.309325  0.573711  0.749800  0.632510  0.520097  0.551402  0.639931  0.612195  0.602121  0.713293  0.578121  0.771839  0.692889  0.662575  0.622168  0.613376  0.526748  0.609539  0.463702  0.542929  0.550213  0.508308  0.585529  0.497779  0.375939  0.612488  0.647972  0.590628  0.599309  0.701764  0.516956  0.498771  0.587408  0.637751  0.553492  0.509021  0.644408 0.0  0.505501  0.410941  0.570980  0.396816  0.639344  0.568280  0.558254  0.701164  0.556964  0.348959  0.609796  0.308663  0.729552  0.490217  0.623859  0.628578  0.681423  0.482104  0.568148  0.608588  0.692431  0.673721  0.493830  0.520321  0.362742  0.639914  0.600585  0.517253  0.568868  0.419622  0.539857  0.583811  0.582306  0.529351  0.585601  0.614917  0.706459  0.501101  0.586995  0.748029  0.605893  0.625515  0.476731  0.436697  0.580270 
44  0.487673  0.501790  0.629131  0.691611  0.534512  0.824732  0.466872  0.197065  0.625317  0.700535  0.625942  0.686806  0.679711  0.722069  0.638132  0.766592  0.723151  0.664683  0.727732  0.865276  0.558452  0.561583  0.765184  0.661570  0.595470  0.591330  0.735537  0.782393  0.510853  0.524852  0.470340  0.613167  0.669317  0.627406  0.769573  1.000000  0.866538  0.690035  0.693217  0.651269  0.540938  0.409514  0.649319  0.505501 0.0  0.344216  0.493421  0.646283  0.647897  0.664965  0.607231  0.687898  0.264571  0.654777  0.647892  0.415091  0.674796  0.688056  0.825922  0.491195  0.820394  0.641538  0.615361  0.680971  0.746425  0.684759  0.680218  0.547485  0.400956  0.688878  0.717840  0.573812  0.410575  0.739878  0.730959  0.540525  0.685442  0.714098  0.472981  0.655178  0.763760  0.595960  0.848503  0.655865  0.649309  0.665875  0.610504  0.631627  0.539557 
