89
0 0.0  0.477479  0.573329  0.599904  0.535204  0.584251  0.627866  0.336509  0.606168  0.664338  0.567718  0.609079  0.559519  0.740688  0.738668  0.745397  0.801784  0.812495  0.741956  0.727360  0.481862  0.694910  0.748938  0.739154  0.609366  0.652658  0.797753  0.728771  0.453985  0.554652  0.694634  0.677595  0.578331  0.547986  0.574562  0.810385  0.736285  0.455723  0.611300  0.320494  0.550449  0.456962  0.603937  0.607429  0.499303  0.561170  0.412630  0.642588  0.572562  0.584990  0.558460  0.682170  0.410287  0.705058  0.726929  0.588233  0.713503  0.651446  0.643750  0.533994  0.483804  0.559051  0.629340  0.681418  0.704295  0.737777  0.436355  0.568912  0.592886  0.669038  0.724529  0.550654  0.589254  0.679893  0.564888  0.558273  0.600308  0.545821  0.661700  0.780476  0.714228  0.568415  0.536397  0.811848  0.701697  0.606970  0.750288  0.576787  0.650320 
1  0.477479 0.0  0.584635  0.585621  0.483330  0.777967  0.312690  0.438421  0.732849  0.618236  0.655489  0.597852  0.653592  0.503566  0.712914  0.749564  0.555239  0.660407  0.755363  0.665858  0.627385  0.748772  0.674838  0.608662  0.518949  0.522394  0.575937  0.579974  0.549759  0.441626  0.265369  0.584256  0.499174  0.503789  0.738687  0.697844  0.605229  0.570887  0.703769  0.578503  0.486117  0.539327  0.627838  0.266887  0.409318  0.302959  0.448808  0.322668  0.603436  0.694694  0.670752  0.648623  0.478534  0.479766  0.715474  0.290043  0.690951  0.557402  0.547656  0.535608  0.650633  0.471068  0.627510  0.625720  0.723494  0.776466  0.531212  0.498227  0.361578  0.734088  0.560155  0.551002  0.451313  0.467039  0.566227  0.538850  0.653058  0.628072  0.519806  0.774463  0.580409  0.505419  0.569797  0.743677  0.754785  0.637333  0.513763  0.426358  0.523841 
2  0.573329  0.584635 0.0  0.522548  0.607442  0.653391  0.568746  0.515337  0.589415  0.591538  0.657816  0.654392  0.612385  0.591488  0.645226  0.607672  0.751253  0.658289  0.609772  0.642143  0.483648  0.608798  0.560217  0.593090  0.531704  0.692946  0.592487  0.680835  0.543090  0.595860  0.608242  0.595738  0.580333  0.549084  0.668029  0.647765  0.646477  0.524072  0.567479  0.541884  0.669584  0.515819  0.548309  0.512730  0.665567  0.588534  0.560519  0.517737  0.456512  0.646313  0.465302  0.749995  0.584236  0.756748  0.631942  0.554890  0.592581  0.679208  0.506713  0.568862  0.567839  0.473189  0.642479  0.569027  0.627100  0.590989  0.537638  0.501991  0.580440  0.601991  0.678588  0.675319  0.580671  0.718823  0.567313  0.595723  0.547325  0.670966  0.632968  0.642668  0.750077  0.537987  0.518155  0.668435  0.556165  0.589438  0.594253  0.485970  0.598083 
3  0.599904  0.585621  0.522548 0.0  0.575165  0.642274  0.855008  0.615238  0.657338  0.680252  0.556928  0.551434  0.633274  0.748693  0.527654  0.670629  0.874552  0.614045  0.678323  0.611851  0.508063  0.593443  0.634195  0.553697  0.680323  0.533257  0.588468  0.643899  0.545072  0.570590  0.788246  0.594081  0.498084  0.584837  0.431235  0.654921  0.780718  0.453529  0.563693  0.583210  0.702591  0.717458  0.514243  0.583983  0.665201  0.674029  0.512893  0.571432  0.543735  0.564524  0.536551  0.581945  0.640963  0.824692  0.632760  0.591542  0.702265  0.572015  0.574727  0.570909  0.593437  0.536257  0.636433  0.579207  0.650360  0.678163  0.492783  0.533045  0.636981  0.484644  0.707070  0.488382  0.499837  0.568234  0.503257  0.687546  0.403379  0.475248  0.508812  0.643823  0.599193  0.541405  0.533973  0.732986  0.509622  0.661284  0.620731  0.597962  0.616858 
4  0.535204  0.483330  0.607442  0.575165 0.0  0.434327  0.620635  0.509426  0.619279  0.582453  0.671926  0.473074  0.601366  0.769896  0.529894  0.557058  0.577815  0.438948  0.500932  0.561681  0.314378  0.478143  0.517570  0.409769  0.642851  0.426663  0.536457  0.712651  0.501516  0.539272  0.459471  0.415733  0.672164  0.535810  0.502620  0.581099  0.693658  0.646739  0.436695  0.645894  0.543263  0.609168  0.456533  0.497922  0.530657  0.523371  0.387204  0.595554  0.586845  0.578666  0.574163  0.418332  0.526942  0.522639  0.697254  0.360897  0.370411  0.453466  0.688603  0.523772  0.367982  0.602037  0.602226  0.636720  0.426580  0.643673  0.336746  0.520802  0.415049  0.644978  0.683710  0.430685  0.515809  0.572323  0.334661  0.587212  0.559948  0.596033  0.560864  0.677983  0.607478  0.527935  0.577803  0.690264  0.586411  0.655649  0.694231  0.550866  0.515405 
5  0.584251  0.777967  0.653391  0.642274  0.434327 0.0  0.748782  0.678090  0.483459  0.544697  0.517084  0.545697  0.579423  0.618720  0.613813  0.493357  0.734361  0.358221  0.383411  0.511202  0.466289  0.465803  0.347904  0.459039  0.691923  0.653429  0.568790  0.556214  0.624467  0.656884  0.650187  0.334793  0.980129  0.609473  0.455834  0.332877  0.452238  0.628386  0.358623  0.693850  0.857134  0.910983  0.380838  0.629484  0.578847  0.766942  0.644172  0.655839  0.575900  0.486925  0.689754  0.374348  0.737084  0.544411  0.606670  0.679211  0.339283  0.604315  0.590611  0.810928  0.343895  0.798892  0.616232  0.646080  0.293892  0.444784  0.524457  0.582972  0.664185  0.568171  0.630514  0.525934  0.606668  0.610458  0.503625  0.687119  0.682854  0.545704  0.496180  0.455783  0.466580  0.575744  0.687558  0.445642  0.659570  0.529715  0.631690  0.691898  0.583181 
6  0.627866  0.312690  0.568746  0.855008  0.620635  0.748782 0.0  0.472323  0.762599  0.767770  0.604045  0.592605  0.721330  0.539402  0.685528  0.790278  0.434148  0.739575  0.758718  0.642256  0.712778  0.564879  0.776004  0.737907  0.505734  0.512592  0.541712  0.585790  0.591557  0.512466  0.321681  0.714362  0.568177  0.620412  0.755491  0.714542  0.592525  0.644403  0.878518  0.607027  0.500765  0.490114  0.741515  0.338040  0.501294  0.391262  0.508207  0.460495  0.617387  0.621881  0.693980  0.818843  0.616137  0.416955  0.538497  0.378044  0.633866  0.532768  0.772719  0.661407  0.777851  0.655607  0.553508  0.532724  0.692871  0.813258  0.677208  0.570392  0.425974  0.566362  0.473907  0.747867  0.648977  0.467726  0.726856  0.561052  0.608793  0.610229  0.593044  0.770807  0.826885  0.535408  0.652579  0.682241  0.617323  0.636682  0.491279  0.468733  0.573680 
7  0.336509  0.438421  0.515337  0.615238  0.509426  0.678090  0.472323 0.0  0.718418  0.597790  0.584185  0.746773  0.648139  0.723702  0.676284  0.816763  0.753000  0.690025  0.824451  0.724823  0.745248  0.627138  0.594460  0.684187  0.619914  0.646737  0.729219  0.790660  0.670789  0.448908  0.406255  0.663647  0.544748  0.691382  0.785020  0.754285  0.711885  0.594522  0.719184  0.455030  0.460064  0.398116  0.781591  0.633233  0.207233  0.379075  0.545151  0.538738  0.615824  0.672923  0.612161  0.735168  0.315917  0.736931  0.611949  0.448814  0.711175  0.706231  0.671622  0.498166  0.753744  0.580213  0.789041  0.625671  0.708158  0.916647  0.546166  0.486487  0.450088  0.699161  0.736474  0.666233  0.601044  0.714030  0.693694  0.532726  0.698326  0.681867  0.616314  0.830556  0.793487  0.542802  0.645288  0.648511  0.652719  0.875852  0.671274  0.600620  0.721916 
8  0.606168  0.732849  0.589415  0.657338  0.619279  0.483459  0.762599  0.718418 0.0  0.645509  0.653157  0.428918  0.519923  0.581536  0.610580  0.625513  0.589607  0.651087  0.551654  0.388563  0.692599  0.560624  0.532352  0.534069  0.602477  0.533109  0.539163  0.675881  0.534925  0.698662  0.676558  0.736942  0.686060  0.422620  0.686826  0.460335  0.542815  0.425385  0.459647  0.680678  0.695798  0.800166  0.498612  0.647691  0.648518  0.623721  0.603450  0.592490  0.376006  0.448895  0.736243  0.563276  0.742137  0.783186  0.610046  0.570267  0.646057  0.480184  0.373067  0.720096  0.477915  0.607838  0.630458  0.543613  0.543470  0.514731  0.543366  0.411036  0.733160  0.534321  0.684766  0.540722  0.557473  0.684566  0.682653  0.584471  0.468793  0.780535  0.631180  0.484305  0.741859  0.408290  0.680652  0.608064  0.490897  0.559879  0.621946  0.555945  0.633114 
9  0.664338  0.618236  0.591538  0.680252  0.582453  0.544697  0.767770  0.597790  0.645509 0.0  0.592940  0.655853  0.622862  0.618038  0.590491  0.620747  0.638582  0.670412  0.601055  0.597206  0.650378  0.665302  0.493660  0.660881  0.725835  0.618933  0.600038  0.533528  0.676680  0.648271  0.640110  0.556042  0.786935  0.600738  0.624484  0.587793  0.447311  0.750537  0.551409  0.809898  0.749829  0.782768  0.499129  0.656777  0.698919  0.812787  0.732645  0.574707  0.621329  0.612016  0.510139  0.610225  0.630890  0.518461  0.631783  0.527483  0.518242  0.692271  0.563779  0.725101  0.442912  0.571162  0.811934  0.591381  0.391921  0.621475  0.546461  0.658093  0.593779  0.621412  0.614259  0.548226  0.537121  0.538596  0.759881  0.590535  0.788202  0.490678  0.547523  0.564395  0.615485  0.560225  0.478564  0.552952  0.652004  0.515484  0.595290  0.710482  0.574415 
10  0.567718  0.655489  0.657816  0.556928  0.671926  0.517084  0.604045  0.584185  0.653157  0.592940 0.0  0.579158  0.621666  0.632171  0.620654  0.565371  0.561835  0.618972  0.576239  0.600032  0.660576  0.580439  0.688444  0.558398  0.562786  0.588954  0.534212  0.561748  0.597243  0.565628  0.553238  0.620629  0.644589  0.546940  0.653981  0.594631  0.549524  0.537185  0.566356  0.669195  0.552894  0.630225  0.583954  0.623595  0.603705  0.585911  0.554404  0.517957  0.566879  0.611113  0.545805  0.629537  0.574067  0.558555  0.609544  0.589600  0.572127  0.620914  0.596953  0.525308  0.499168  0.582776  0.544758  0.557588  0.586761  0.585592  0.582010  0.530635  0.562511  0.643449  0.618009  0.623970  0.547963  0.534691  0.601129  0.629699  0.566204  0.598048  0.572572  0.627497  0.694225  0.685878  0.573023  0.544285  0.581233  0.686318  0.609164  0.650695  0.507386 
11  0.609079  0.597852  0.654392  0.551434  0.473074  0.545697  0.592605  0.746773  0.428918  0.655853  0.579158 0.0  0.570555  0.693111  0.457541  0.698837  0.667569  0.640420  0.707143  0.568195  0.470444  0.486629  0.496632  0.530996  0.632458  0.399478  0.556688  0.522307  0.511315  0.603442  0.518986  0.648500  0.624087  0.436685  0.582724  0.462566  0.562243  0.453811  0.453253  0.675890  0.677941  0.770763  0.470784  0.697945  0.611987  0.606594  0.606764  0.612321  0.454832  0.490139  0.530610  0.534556  0.641204  0.632091  0.562392  0.596225  0.615642  0.459041  0.446969  0.547969  0.558514  0.596901  0.443645  0.613896  0.617787  0.459883  0.523932  0.563053  0.562899  0.409832  0.658069  0.415100  0.453947  0.577611  0.603096  0.593705  0.434456  0.595611  0.545299  0.586858  0.653924  0.427497  0.616566  0.645730  0.457607  0.537219  0.593607  0.712263  0.632332 
12  0.559519  0.653592  0.612385  0.633274  0.601366  0.579423  0.721330  0.648139  0.519923  0.622862  0.621666  0.570555 0.0  0.556807  0.587624  0.407046  0.739586  0.705020  0.623077  0.524024  0.602953  0.641370  0.582286  0.417599  0.697533  0.471825  0.592846  0.645267  0.543151  0.483940  0.599954  0.521019  0.618743  0.675088  0.639497  0.505375  0.504680  0.643021  0.548523  0.731637  0.510114  0.821563  0.406361  0.737603  0.565071  0.620557  0.450872  0.558483  0.510697  0.609304  0.593167  0.534237  0.614176  0.713039  0.636376  0.591929  0.544337  0.666513  0.453982  0.568758  0.500991  0.550402  0.825765  0.661384  0.470472  0.661164  0.520048  0.556787  0.572616  0.591755  0.638613  0.475540  0.500882  0.627082  0.683964  0.611119  0.517786  0.500288  0.579219  0.516454  0.540738  0.617727  0.541638  0.567057  0.587239  0.615571  0.617222  0.707049  0.607504 
13  0.740688  0.503566  0.591488  0.748693  0.769896  0.618720  0.539402  0.723702  0.581536  0.618038  0.632171  0.693111  0.556807 0.0  0.688098  0.553531  0.571674  0.543534  0.725403  0.588395  0.705028  0.558593  0.747754  0.764305  0.481855  0.653807  0.494938  0.486058  0.592370  0.603006  0.441667  0.696079  0.689268  0.737977  0.548855  0.502476  0.464892  0.743390  0.657745  0.705259  0.661282  0.664532  0.748359  0.678163  0.879956  0.577484  0.642520  0.596599  0.696330  0.596281  0.696152  0.679008  0.716572  0.537145  0.513813  0.630681  0.667113  0.603003  0.720792  0.814503  0.648151  0.784679  0.654858  0.415105  0.557182  0.536429  0.686827  0.649930  0.557542  0.678441  0.437281  0.649755  0.666170  0.507338  0.667609  0.683106  0.563685  0.541848  0.494064  0.559898  0.497657  0.674168  0.711263  0.487618  0.659892  0.578796  0.478118  0.521523  0.596280 
14  0.738668  0.712914  0.645226  0.527654  0.529894  0.613813  0.685528  0.676284  0.610580  0.590491  0.620654  0.457541  0.587624  0.688098 0.0  0.721204  0.648976  0.681610  0.607361  0.460828  0.621498  0.465388  0.578219  0.577685  0.647968  0.432678  0.557855  0.645335  0.653756  0.644356  0.747718  0.468180  0.813059  0.413858  0.523156  0.478349  0.567104  0.424723  0.492996  0.725875  0.679389  0.701067  0.470106  0.537178  0.665547  0.625612  0.721742  0.689826  0.459276  0.403738  0.529675  0.489484  0.636778  0.707797  0.611006  0.720617  0.614655  0.463854  0.491171  0.632611  0.497718  0.594202  0.751108  0.630913  0.473541  0.483450  0.533204  0.526420  0.542809  0.403213  0.624264  0.343895  0.564002  0.626378  0.513380  0.521543  0.514389  0.556440  0.494847  0.454732  0.672740  0.532490  0.769004  0.688485  0.461264  0.479703  0.617688  0.655183  0.598366 
15  0.745397  0.749564  0.607672  0.670629  0.557058  0.493357  0.790278  0.816763  0.625513  0.620747  0.565371  0.698837  0.407046  0.553531  0.721204 0.0  0.676051  0.530758  0.619537  0.594144  0.661393  0.689288  0.635617  0.529108  0.674303  0.671856  0.605964  0.554670  0.606612  0.600184  0.634833  0.616447  0.550225  0.620533  0.513166  0.499553  0.579857  0.704967  0.550267  0.719017  0.654129  0.740753  0.486972  0.598226  0.733578  0.690814  0.548919  0.745495  0.666866  0.592013  0.590534  0.492267  0.777725  0.691517  0.615299  0.600332  0.578157  0.602027  0.457697  0.726128  0.673015  0.646824  0.694412  0.608013  0.601287  0.515562  0.598454  0.618447  0.755702  0.658005  0.605203  0.640649  0.549197  0.692096  0.643009  0.710482  0.684395  0.516212  0.548655  0.573857  0.408273  0.796479  0.708646  0.549489  0.714721  0.464881  0.604697  0.705800  0.601734 
16  0.801784  0.555239  0.751253  0.874552  0.577815  0.734361  0.434148  0.753000  0.589607  0.638582  0.561835  0.667569  0.739586  0.571674  0.648976  0.676051 0.0  0.612116  0.798553  0.515695  0.739686  0.498649  0.673100  0.554754  0.538038  0.611388  0.339836  0.523564  0.694506  0.695168  0.534518  0.760970  0.725060  0.789445  0.604062  0.657512  0.410313  0.748283  0.881814  0.615199  0.621734  0.528645  0.674627  0.542662  0.704896  0.690703  0.682129  0.508017  0.790107  0.598369  0.618659  0.908143  0.693634  0.226718  0.539098  0.507789  0.551962  0.535703  0.724798  0.668242  0.690126  0.598752  0.570469  0.649923  0.563260  0.691120  0.593183  0.684810  0.555409  0.747812  0.519236  0.578103  0.659132  0.509083  0.733513  0.706116  0.732641  0.563999  0.534182  0.630202  0.522254  0.659348  0.674765  0.490881  0.677954  0.730781  0.539993  0.626881  0.602148 
17  0.812495  0.660407  0.658289  0.614045  0.438948  0.358221  0.739575  0.690025  0.651087  0.670412  0.618972  0.640420  0.705020  0.543534  0.681610  0.530758  0.612116 0.0  0.483759  0.509286  0.463786  0.512774  0.434901  0.461170  0.748459  0.580222  0.537979  0.525806  0.721967  0.589801  0.758631  0.496312  0.643793  0.592049  0.500964  0.522144  0.527141  0.645460  0.510277  0.694863  0.722680  0.764251  0.574925  0.650989  0.780395  0.700003  0.646022  0.681468  0.643272  0.482070  0.738862  0.520846  0.660222  0.480513  0.552645  0.634358  0.443689  0.506271  0.639039  0.640195  0.493266  0.721638  0.564491  0.692824  0.441426  0.590106  0.512708  0.673480  0.549017  0.503612  0.659478  0.623088  0.590603  0.645572  0.603551  0.608937  0.748056  0.642247  0.565174  0.562112  0.486791  0.594353  0.755382  0.512863  0.672242  0.497465  0.598235  0.670048  0.668050 
18  0.741956  0.755363  0.609772  0.678323  0.500932  0.383411  0.758718  0.824451  0.551654  0.601055  0.576239  0.707143  0.623077  0.725403  0.607361  0.619537  0.798553  0.483759 0.0  0.674757  0.370082  0.534914  0.345179  0.491466  0.645009  0.713762  0.668417  0.537537  0.631875  0.536971  0.673610  0.420552  0.878158  0.629359  0.591742  0.566066  0.650328  0.534081  0.392392  0.715679  0.692423  0.777179  0.503184  0.680510  0.757612  0.977779  0.655329  0.801342  0.590047  0.659856  0.698646  0.419990  0.806720  0.658087  0.525335  0.905502  0.379506  0.645961  0.575942  0.773345  0.343822  0.579764  0.673932  0.661946  0.388871  0.501310  0.659678  0.587920  0.737767  0.658245  0.586951  0.642993  0.584057  0.685501  0.504100  0.720164  0.644149  0.684714  0.560408  0.464978  0.615772  0.700033  0.576982  0.541167  0.687563  0.697399  0.543686  0.736773  0.633124 
19  0.727360  0.665858  0.642143  0.611851  0.561681  0.511202  0.642256  0.724823  0.388563  0.597206  0.600032  0.568195  0.524024  0.588395  0.460828  0.594144  0.515695  0.509286  0.674757 0.0  0.563645  0.375133  0.569716  0.508531  0.677603  0.414076  0.495112  0.527989  0.605616  0.608607  0.684269  0.587996  0.729238  0.499447  0.467108  0.336995  0.527941  0.485406  0.520431  0.772872  0.784248  0.788192  0.543755  0.600681  0.581207  0.706299  0.597392  0.629763  0.426345  0.416567  0.624679  0.578995  0.777488  0.593884  0.526560  0.528909  0.499644  0.331567  0.484287  0.575197  0.500113  0.725015  0.472596  0.586607  0.570855  0.392003  0.472883  0.529511  0.478890  0.558769  0.541344  0.373526  0.554637  0.584367  0.657887  0.564674  0.588191  0.573827  0.538367  0.348228  0.639204  0.461458  0.622556  0.549233  0.450051  0.317148  0.539468  0.645748  0.602254 
20  0.481862  0.627385  0.483648  0.508063  0.314378  0.466289  0.712778  0.745248  0.692599  0.650378  0.660576  0.470444  0.602953  0.705028  0.621498  0.661393  0.739686  0.463786  0.370082  0.563645 0.0  0.610574  0.473807  0.309026  0.638721  0.525040  0.663001  0.616917  0.583818  0.543964  0.627870  0.434083  0.608584  0.449872  0.714263  0.548366  0.631751  0.521590  0.372398  0.639618  0.701762  0.684987  0.413222  0.696590  0.685547  0.679181  0.584014  0.530698  0.453757  0.601970  0.497591  0.391001  0.628279  0.728414  0.652468  0.592702  0.344819  0.518774  0.505315  0.596257  0.366584  0.633571  0.615268  0.586247  0.435640  0.625096  0.442843  0.507355  0.504236  0.581581  0.741107  0.491235  0.539027  0.644895  0.449479  0.592505  0.549985  0.596231  0.532150  0.564817  0.559189  0.547696  0.524651  0.687343  0.560160  0.619547  0.594817  0.552230  0.622109 
21  0.694910  0.748772  0.608798  0.593443  0.478143  0.465803  0.564879  0.627138  0.560624  0.665302  0.580439  0.486629  0.641370  0.558593  0.465388  0.689288  0.498649  0.512774  0.534914  0.375133  0.610574 0.0  0.601151  0.669715  0.613825  0.394814  0.516041  0.630709  0.651466  0.603478  0.555842  0.503640  0.671218  0.560073  0.511570  0.377477  0.574417  0.441089  0.610515  0.755071  0.684461  0.673290  0.598351  0.550797  0.536375  0.576579  0.495407  0.776908  0.487529  0.349159  0.690818  0.542275  0.673706  0.456962  0.559990  0.696224  0.541796  0.445315  0.547187  0.821331  0.630837  0.653333  0.446295  0.661943  0.620540  0.491849  0.499574  0.739364  0.587074  0.531480  0.602377  0.416367  0.697673  0.566409  0.670325  0.577055  0.472278  0.563195  0.578270  0.386004  0.555325  0.563374  0.832730  0.641970  0.476271  0.376729  0.657932  0.704166  0.632433 
22  0.748938  0.674838  0.560217  0.634195  0.517570  0.347904  0.776004  0.594460  0.532352  0.493660  0.688444  0.496632  0.582286  0.747754  0.578219  0.635617  0.673100  0.434901  0.345179  0.569716  0.473807  0.601151 0.0  0.362086  0.743164  0.529469  0.621161  0.588716  0.528976  0.617224  0.720231  0.338807  0.803789  0.658860  0.552585  0.425576  0.536865  0.637219  0.368764  0.623071  0.687105  0.753988  0.468620  0.653915  0.698926  0.867765  0.621716  0.645994  0.600455  0.537136  0.514940  0.395399  0.718477  0.576177  0.638826  0.681552  0.369271  0.493201  0.463713  0.624353  0.331907  0.655097  0.588665  0.639181  0.250289  0.616072  0.511177  0.514418  0.577130  0.605319  0.633717  0.580640  0.539630  0.690185  0.447835  0.585251  0.691945  0.653637  0.589818  0.509412  0.597636  0.648093  0.594741  0.548565  0.596206  0.653696  0.826880  0.680542  0.716543 
23  0.739154  0.608662  0.593090  0.553697  0.409769  0.459039  0.737907  0.684187  0.534069  0.660881  0.558398  0.530996  0.417599  0.764305  0.577685  0.529108  0.554754  0.461170  0.491466  0.508531  0.309026  0.669715  0.362086 0.0  0.698374  0.431157  0.545475  0.471863  0.520754  0.671370  0.582420  0.405989  0.939049  0.500434  0.580178  0.549008  0.608196  0.572705  0.401602  0.667224  0.775663  0.640582  0.325979  0.791658  0.669173  0.636720  0.610234  0.420460  0.484010  0.608528  0.490068  0.398807  0.573512  0.658125  0.539796  0.570266  0.306801  0.538540  0.459033  0.639216  0.327152  0.607341  0.583295  0.493158  0.335539  0.699486  0.396453  0.521516  0.621459  0.626450  0.678180  0.522656  0.564453  0.483427  0.442027  0.554617  0.654797  0.448524  0.557657  0.496235  0.550918  0.531386  0.511530  0.615525  0.475211  0.597414  0.712054  0.705125  0.547071 
24  0.609366  0.518949  0.531704  0.680323  0.642851  0.691923  0.505734  0.619914  0.602477  0.725835  0.562786  0.632458  0.697533  0.481855  0.647968  0.674303  0.538038  0.748459  0.645009  0.677603  0.638721  0.613825  0.743164  0.698374 0.0  0.585721  0.594934  0.600948  0.619443  0.597742  0.389594  0.651928  0.546273  0.498479  0.645462  0.758403  0.609522  0.624004  0.767780  0.605292  0.522959  0.589132  0.694800  0.498424  0.678779  0.395598  0.656137  0.564354  0.658001  0.743637  0.581433  0.732599  0.701886  0.533608  0.659820  0.432511  0.673472  0.601978  0.600566  0.652632  0.778230  0.538586  0.579433  0.422893  0.737209  0.780807  0.657980  0.482090  0.532634  0.639356  0.457776  0.462100  0.642988  0.562519  0.689580  0.513046  0.633754  0.749455  0.572070  0.663014  0.684224  0.495511  0.666529  0.801433  0.663041  0.666376  0.570537  0.477911  0.563483 
25  0.652658  0.522394  0.692946  0.533257  0.426663  0.653429  0.512592  0.646737  0.533109  0.618933  0.588954  0.399478  0.471825  0.653807  0.432678  0.671856  0.611388  0.580222  0.713762  0.414076  0.525040  0.394814  0.529469  0.431157  0.585721 0.0  0.599186  0.590347  0.574200  0.644142  0.420449  0.545501  0.728353  0.422514  0.414766  0.427112  0.559868  0.485798  0.638114  0.699021  0.646851  0.705546  0.534789  0.518299  0.654597  0.638685  0.521257  0.618782  0.453255  0.564759  0.588661  0.535001  0.615373  0.429385  0.596767  0.462432  0.531341  0.278526  0.483030  0.527405  0.561092  0.603064  0.394707  0.582074  0.518110  0.545143  0.408904  0.583411  0.445171  0.506586  0.605439  0.380691  0.640647  0.341693  0.592234  0.655338  0.520909  0.442432  0.508959  0.385772  0.533658  0.374173  0.681809  0.621304  0.501505  0.437663  0.569563  0.632286  0.600874 
26  0.797753  0.575937  0.592487  0.588468  0.536457  0.568790  0.541712  0.729219  0.539163  0.600038  0.534212  0.556688  0.592846  0.494938  0.557855  0.605964  0.339836  0.537979  0.668417  0.495112  0.663001  0.516041  0.621161  0.545475  0.594934  0.599186 0.0  0.454794  0.673990  0.642048  0.573838  0.590517  0.773535  0.612632  0.630208  0.443551  0.436786  0.747682  0.620542  0.678981  0.730523  0.756040  0.516380  0.539021  0.702204  0.573406  0.615614  0.576264  0.601080  0.519293  0.542594  0.615303  0.710023  0.428388  0.482364  0.419728  0.581698  0.505247  0.636032  0.641310  0.549955  0.607648  0.594684  0.505672  0.506535  0.600277  0.576155  0.631547  0.432526  0.763160  0.498720  0.562724  0.586607  0.505923  0.566569  0.556881  0.640773  0.610484  0.643685  0.561638  0.486265  0.621938  0.575510  0.597764  0.661708  0.550548  0.504931  0.512197  0.490904 
27  0.728771  0.579974  0.680835  0.643899  0.712651  0.556214  0.585790  0.790660  0.675881  0.533528  0.561748  0.522307  0.645267  0.486058  0.645335  0.554670  0.523564  0.525806  0.537537  0.527989  0.616917  0.630709  0.588716  0.471863  0.600948  0.590347  0.454794 0.0  0.601906  0.574010  0.634137  0.620723  0.817861  0.519956  0.644838  0.464226  0.404502  0.636438  0.622911  0.832319  0.818548  0.869277  0.593439  0.576964  0.819261  0.805382  0.774390  0.472241  0.648857  0.630036  0.672468  0.712628  0.686412  0.418451  0.618226  0.500570  0.573189  0.597473  0.648536  0.695203  0.479544  0.690402  0.497899  0.517714  0.543743  0.647825  0.695703  0.624220  0.496790  0.679314  0.519580  0.660872  0.565014  0.352663  0.904719  0.670326  0.858690  0.527672  0.494095  0.511973  0.551367  0.765351  0.612815  0.531993  0.693456  0.601031  0.578587  0.651520  0.633603 
28  0.453985  0.549759  0.543090  0.545072  0.501516  0.624467  0.591557  0.670789  0.534925  0.676680  0.597243  0.511315  0.543151  0.592370  0.653756  0.606612  0.694506  0.721967  0.631875  0.605616  0.583818  0.651466  0.528976  0.520754  0.619443  0.574200  0.673990  0.601906 0.0  0.634720  0.569441  0.586692  0.579769  0.541650  0.647089  0.642756  0.716272  0.540924  0.627826  0.599795  0.474794  0.572339  0.516274  0.582167  0.693791  0.509328  0.604354  0.590054  0.465793  0.573252  0.475705  0.536575  0.568896  0.617136  0.657896  0.492024  0.544344  0.447739  0.665565  0.534315  0.650049  0.624843  0.533216  0.534390  0.599183  0.643212  0.546809  0.576093  0.581052  0.404186  0.595165  0.595760  0.509971  0.494144  0.563464  0.589303  0.594540  0.620938  0.565079  0.626666  0.710172  0.485983  0.547213  0.687602  0.617754  0.616846  0.682042  0.529722  0.564139 
29  0.554652  0.441626  0.595860  0.570590  0.539272  0.656884  0.512466  0.448908  0.698662  0.648271  0.565628  0.603442  0.483940  0.603006  0.644356  0.600184  0.695168  0.589801  0.536971  0.608607  0.543964  0.603478  0.617224  0.671370  0.597742  0.644142  0.642048  0.574010  0.634720 0.0  0.565625  0.574206  0.527710  0.586221  0.723645  0.608769  0.651551  0.572529  0.549838  0.623256  0.520455  0.526472  0.610155  0.515466  0.477234  0.531272  0.581930  0.566512  0.588171  0.619006  0.601464  0.652728  0.593719  0.536125  0.679015  0.519641  0.610781  0.734765  0.564792  0.595891  0.531107  0.610667  0.610577  0.510693  0.657544  0.612597  0.584604  0.547955  0.583061  0.690469  0.627999  0.509943  0.540641  0.745622  0.555384  0.581565  0.508665  0.675275  0.569468  0.587274  0.639529  0.531635  0.535779  0.540612  0.555159  0.672553  0.599589  0.489752  0.683227 
30  0.694634  0.265369  0.608242  0.788246  0.459471  0.650187  0.321681  0.406255  0.676558  0.640110  0.553238  0.518986  0.599954  0.441667  0.747718  0.634833  0.534518  0.758631  0.673610  0.684269  0.627870  0.555842  0.720231  0.582420  0.389594  0.420449  0.573838  0.634137  0.569441  0.565625 0.0  0.626377  0.768390  0.678818  0.667269  0.818472  0.631638  0.604703  0.649825  0.720779  0.453862  0.510523  0.649405  0.401216  0.455420  0.253823  0.435801  0.451982  0.703260  0.679550  0.567352  0.650814  0.497710  0.442195  0.624536  0.259962  0.592560  0.549198  0.608866  0.537592  0.628452  0.677960  0.532825  0.492833  0.805146  0.726923  0.559791  0.540594  0.273044  0.590290  0.524607  0.495803  0.536406  0.459142  0.670827  0.590756  0.602963  0.479602  0.587772  0.716169  0.763804  0.513063  0.673383  0.630602  0.597447  0.637114  0.432931  0.400910  0.557664 
31  0.677595  0.584256  0.595738  0.594081  0.415733  0.334793  0.714362  0.663647  0.736942  0.556042  0.620629  0.648500  0.521019  0.696079  0.468180  0.616447  0.760970  0.496312  0.420552  0.587996  0.434083  0.503640  0.338807  0.405989  0.651928  0.545501  0.590517  0.620723  0.586692  0.574206  0.626377 0.0  0.843536  0.639651  0.539939  0.510250  0.569725  0.600702  0.332412  0.704635  0.705434  0.681508  0.446696  0.524228  0.733506  0.678190  0.577358  0.671229  0.522406  0.488830  0.642477  0.353550  0.630850  0.688519  0.681716  0.697034  0.375141  0.460913  0.620019  0.691422  0.357515  0.698342  0.654744  0.630823  0.332964  0.634541  0.497281  0.616925  0.592595  0.493961  0.706313  0.471897  0.532013  0.610895  0.407600  0.663326  0.555652  0.627576  0.520159  0.442028  0.579890  0.652955  0.595529  0.569345  0.581889  0.705438  0.796041  0.729415  0.588927 
32  0.578331  0.499174  0.580333  0.498084  0.672164  0.980129  0.568177  0.544748  0.686060  0.786935  0.644589  0.624087  0.618743  0.689268  0.813059  0.550225  0.725060  0.643793  0.878158  0.729238  0.608584  0.671218  0.803789  0.939049  0.546273  0.728353  0.773535  0.817861  0.579769  0.527710  0.768390  0.843536 0.0  0.630585  0.739739  0.789372  0.787126  0.547309  0.774320  0.353553  0.256612  0.403549  0.678656  0.531604  0.720788  0.626302  0.526558  0.687701  0.696658  0.647489  0.617172  0.894221  0.668213  0.802028  0.633516  0.708156  0.813880  0.746032  0.698974  0.623392  0.739720  0.543469  0.613694  0.661542  0.817059  0.798503  0.654146  0.508772  0.624192  0.566562  0.825990  0.689954  0.652862  0.714063  0.620185  0.539590  0.580493  0.715062  0.626179  0.766648  0.620624  0.565539  0.662066  0.670432  0.526491  0.705979  0.650129  0.689699  0.556408 
33  0.547986  0.503789  0.549084  0.584837  0.535810  0.609473  0.620412  0.691382  0.422620  0.600738  0.546940  0.436685  0.675088  0.737977  0.413858  0.620533  0.789445  0.592049  0.629359  0.499447  0.449872  0.560073  0.658860  0.500434  0.498479  0.422514  0.612632  0.519956  0.541650  0.586221  0.678818  0.639651  0.630585 0.0  0.657294  0.521263  0.579286  0.386452  0.627420  0.634034  0.690101  0.614085  0.542114  0.573950  0.752153  0.576937  0.614363  0.600272  0.369710  0.492938  0.596847  0.600257  0.594580  0.788803  0.607874  0.529503  0.599661  0.430170  0.404136  0.592353  0.576822  0.557858  0.577905  0.648052  0.611199  0.475179  0.501183  0.516608  0.596957  0.507465  0.710669  0.412502  0.526782  0.632081  0.573864  0.569826  0.443353  0.526536  0.654222  0.576155  0.708503  0.377837  0.605769  0.666177  0.424362  0.571465  0.635830  0.556220  0.595145 
34  0.574562  0.738687  0.668029  0.431235  0.502620  0.455834  0.755491  0.785020  0.686826  0.624484  0.653981  0.582724  0.639497  0.548855  0.523156  0.513166  0.604062  0.500964  0.591742  0.467108  0.714263  0.511570  0.552585  0.580178  0.645462  0.414766  0.630208  0.644838  0.647089  0.723645  0.667269  0.539939  0.739739  0.657294 0.0  0.343092  0.579829  0.745018  0.459181  0.768306  0.670648  0.678247  0.469517  0.523878  0.682171  0.751150  0.626861  0.714674  0.683063  0.542952  0.651786  0.529471  0.819025  0.508895  0.677977  0.639522  0.567166  0.445623  0.664945  0.600520  0.497795  0.570999  0.604521  0.811635  0.599766  0.545620  0.545118  0.620362  0.578991  0.526048  0.678586  0.504403  0.527089  0.582417  0.534829  0.710349  0.680723  0.425752  0.537085  0.438315  0.527016  0.570200  0.777221  0.625066  0.621252  0.581041  0.578932  0.814544  0.565454 
35  0.810385  0.697844  0.647765  0.654921  0.581099  0.332877  0.714542  0.754285  0.460335  0.587793  0.594631  0.462566  0.505375  0.502476  0.478349  0.499553  0.657512  0.522144  0.566066  0.336995  0.548366  0.377477  0.425576  0.549008  0.758403  0.427112  0.443551  0.464226  0.642756  0.608769  0.818472  0.510250  0.789372  0.521263  0.343092 0.0  0.413327  0.463099  0.417213  0.886258  0.915664  1.000000  0.426343  0.710667  0.805158  0.754143  0.694999  0.551113  0.462027  0.349707  0.631907  0.434514  0.769570  0.637335  0.615249  0.720427  0.528953  0.469705  0.404008  0.657283  0.351170  0.641053  0.568725  0.674462  0.447152  0.298806  0.556989  0.664310  0.639439  0.491342  0.546466  0.423439  0.587508  0.648430  0.570670  0.614688  0.540255  0.518992  0.482302  0.284421  0.523807  0.609987  0.668560  0.435073  0.475148  0.430386  0.618956  0.734845  0.667596 
36  0.736285  0.605229  0.646477  0.780718  0.693658  0.452238  0.592525  0.711885  0.542815  0.447311  0.549524  0.562243  0.504680  0.464892  0.567104  0.579857  0.410313  0.527141  0.650328  0.527941  0.631751  0.574417  0.536865  0.608196  0.609522  0.559868  0.436786  0.404502  0.716272  0.651551  0.631638  0.569725  0.787126  0.579286  0.579829  0.413327 0.0  0.672340  0.568593  0.778206  0.818802  0.776455  0.579347  0.552284  0.872505  0.623413  0.739532  0.478051  0.751663  0.392652  0.610803  0.503141  0.807671  0.542216  0.518898  0.525085  0.624669  0.506767  0.607130  0.837839  0.484062  0.601754  0.672859  0.549585  0.459941  0.430640  0.624931  0.710410  0.494235  0.494818  0.484193  0.692630  0.583771  0.432111  0.684098  0.648250  0.682206  0.791430  0.554200  0.435642  0.542585  0.566000  0.589192  0.448636  0.719884  0.519951  0.513681  0.538058  0.558894 
37  0.455723  0.570887  0.524072  0.453529  0.646739  0.628386  0.644403  0.594522  0.425385  0.750537  0.537185  0.453811  0.643021  0.743390  0.424723  0.704967  0.748283  0.645460  0.534081  0.485406  0.521590  0.441089  0.637219  0.572705  0.624004  0.485798  0.747682  0.636438  0.540924  0.572529  0.604703  0.600702  0.547309  0.386452  0.745018  0.463099  0.672340 0.0  0.559044  0.598615  0.614814  0.587362  0.505477  0.593359  0.625783  0.603815  0.653949  0.512538  0.326600  0.518829  0.571764  0.608927  0.599278  0.630612  0.583303  0.562161  0.656977  0.441129  0.438638  0.616461  0.631655  0.465814  0.527072  0.547460  0.587973  0.451313  0.491733  0.519560  0.659677  0.531053  0.621133  0.430163  0.552462  0.729074  0.645208  0.504288  0.534630  0.662639  0.629010  0.533271  0.782438  0.472541  0.602732  0.559281  0.447013  0.476505  0.579937  0.482230  0.624971 
38  0.611300  0.703769  0.567479  0.563693  0.436695  0.358623  0.878518  0.719184  0.459647  0.551409  0.566356  0.453253  0.548523  0.657745  0.492996  0.550267  0.881814  0.510277  0.392392  0.520431  0.372398  0.610515  0.368764  0.401602  0.767780  0.638114  0.620542  0.622911  0.627826  0.549838  0.649825  0.332412  0.774320  0.627420  0.459181  0.417213  0.568593  0.559044 0.0  0.601415  0.670528  0.809869  0.325834  0.654569  0.655701  0.785770  0.669813  0.580832  0.411608  0.541468  0.477348  0.403998  0.680903  0.720030  0.525912  0.597226  0.383686  0.529397  0.374300  0.669188  0.295924  0.539796  0.668466  0.609067  0.366725  0.543964  0.520235  0.516475  0.742704  0.463251  0.673400  0.534875  0.518277  0.718575  0.414312  0.545830  0.512532  0.700975  0.501796  0.498548  0.606367  0.573967  0.498130  0.615091  0.560919  0.642052  0.549904  0.693816  0.707881 
39  0.320494  0.578503  0.541884  0.583210  0.645894  0.693850  0.607027  0.455030  0.680678  0.809898  0.669195  0.675890  0.731637  0.705259  0.725875  0.719017  0.615199  0.694863  0.715679  0.772872  0.639618  0.755071  0.623071  0.667224  0.605292  0.699021  0.678981  0.832319  0.599795  0.623256  0.720779  0.704635  0.353553  0.634034  0.768306  0.886258  0.778206  0.598615  0.601415 0.0  0.371106  0.288210  0.683519  0.631595  0.550194  0.667322  0.548379  0.638405  0.692715  0.698006  0.552642  0.726542  0.434926  0.630284  0.632295  0.542028  0.716207  0.686494  0.645602  0.547079  0.758982  0.535139  0.691293  0.687030  0.713840  0.843200  0.681852  0.512847  0.589160  0.706741  0.764747  0.504658  0.555037  0.731536  0.484398  0.583812  0.763307  0.622958  0.638497  0.715347  0.725195  0.608898  0.606032  0.694763  0.647666  0.644669  0.638531  0.548316  0.659674 
40  0.550449  0.486117  0.669584  0.702591  0.543263  0.857134  0.500765  0.460064  0.695798  0.749829  0.552894  0.677941  0.510114  0.661282  0.679389  0.654129  0.621734  0.722680  0.692423  0.784248  0.701762  0.684461  0.687105  0.775663  0.522959  0.646851  0.730523  0.818548  0.474794  0.520455  0.453862  0.705434  0.256612  0.690101  0.670648  0.915664  0.818802  0.614814  0.670528  0.371106 0.0  0.287985  0.727020  0.551119  0.558450  0.558460  0.415204  0.667658  0.625085  0.735160  0.670564  0.796696  0.456785  0.479464  0.715265  0.548020  0.759841  0.676299  0.724299  0.565571  0.780771  0.598631  0.844261  0.619246  0.831924  0.781354  0.648988  0.518563  0.532886  0.784406  0.582884  0.594043  0.542744  0.570165  0.589515  0.546069  0.628241  0.699175  0.658758  0.790953  0.586918  0.564624  0.592078  0.672885  0.713878  0.700165  0.664533  0.563378  0.539046 
41  0.456962  0.539327  0.515819  0.717458  0.609168  0.910983  0.490114  0.398116  0.800166  0.782768  0.630225  0.770763  0.821563  0.664532  0.701067  0.740753  0.528645  0.764251  0.777179  0.788192  0.684987  0.673290  0.753988  0.640582  0.589132  0.705546  0.756040  0.869277  0.572339  0.526472  0.510523  0.681508  0.403549  0.614085  0.678247  1.000000  0.776455  0.587362  0.809869  0.288210  0.287985 0.0  0.624954  0.536851  0.469020  0.535307  0.621863  0.637368  0.696175  0.662747  0.693970  0.869730  0.402987  0.567289  0.590037  0.573257  0.724519  0.669213  0.695055  0.438948  0.693093  0.536473  0.806526  0.695407  0.756019  0.820519  0.711586  0.517840  0.706324  0.607134  0.740795  0.622870  0.631813  0.696307  0.635526  0.596485  0.778565  0.628118  0.570209  0.880957  0.933911  0.567107  0.625452  0.762713  0.734314  0.706350  0.624775  0.540335  0.614408 
42  0.603937  0.627838  0.548309  0.514243  0.456533  0.380838  0.741515  0.781591  0.498612  0.499129  0.583954  0.470784  0.406361  0.748359  0.470106  0.486972  0.674627  0.574925  0.503184  0.543755  0.413222  0.598351  0.468620  0.325979  0.694800  0.534789  0.516380  0.593439  0.516274  0.610155  0.649405  0.446696  0.678656  0.542114  0.469517  0.426343  0.579347  0.505477  0.325834  0.683519  0.727020  0.624954 0.0  0.583958  0.836787  0.666390  0.537015  0.693273  0.452328  0.522553  0.443903  0.423291  0.767378  0.692289  0.637284  0.544778  0.370262  0.482413  0.405415  0.589005  0.393910  0.514878  0.687533  0.533381  0.422400  0.383037  0.331989  0.479193  0.580346  0.435430  0.706049  0.460293  0.610516  0.705218  0.465440  0.488036  0.519463  0.633041  0.591571  0.395864  0.619976  0.570986  0.620453  0.530189  0.532849  0.536846  0.546547  0.592635  0.589191 
43  0.607429  0.266887  0.512730  0.583983  0.497922  0.629484  0.338040  0.633233  0.647691  0.656777  0.623595  0.697945  0.737603  0.678163  0.537178  0.598226  0.542662  0.650989  0.680510  0.600681  0.696590  0.550797  0.653915  0.791658  0.498424  0.518299  0.539021  0.576964  0.582167  0.515466  0.401216  0.524228  0.531604  0.573950  0.523878  0.710667  0.552284  0.593359  0.654569  0.631595  0.551119  0.536851  0.583958 0.0  0.651792  0.400823  0.475107  0.403712  0.704342  0.635775  0.554547  0.630479  0.576057  0.456305  0.769695  0.339050  0.775738  0.621922  0.655522  0.700709  0.680051  0.519597  0.637677  0.599450  0.705078  0.756766  0.569403  0.587577  0.365819  0.640362  0.485292  0.501268  0.565594  0.393358  0.741536  0.716288  0.611868  0.606734  0.477569  0.627803  0.537730  0.510978  0.600555  0.716195  0.641635  0.705408  0.488526  0.491236  0.622505 
44  0.499303  0.409318  0.665567  0.665201  0.530657  0.578847  0.501294  0.207233  0.648518  0.698919  0.603705  0.611987  0.565071  0.879956  0.665547  0.733578  0.704896  0.780395  0.757612  0.581207  0.685547  0.536375  0.698926  0.669173  0.678779  0.654597  0.702204  0.819261  0.693791  0.477234  0.455420  0.733506  0.720788  0.752153  0.682171  0.805158  0.872505  0.625783  0.655701  0.550194  0.558450  0.469020  0.836787  0.651792 0.0  0.458785  0.416151  0.648762  0.867296  0.736414  0.586764  0.730087  0.257700  0.732191  0.672405  0.550794  0.787845  0.740922  0.685973  0.464268  0.746581  0.606398  0.773347  0.791541  0.602357  0.884296  0.689178  0.622005  0.557689  0.712292  0.611963  0.638618  0.624794  0.693975  0.597362  0.592813  0.759177  0.646674  0.589506  0.848074  0.767902  0.665613  0.648507  0.664104  0.550659  0.649129  0.612000  0.559026  0.509399 
