30
0 0.0  0.529726  0.611516  0.596442  0.531021  0.655407  0.541443  0.465037  0.493740  0.677194  0.718949  0.814029  0.747046  0.709285  0.699697  0.707922  0.727578  0.742815  0.696413  0.768559  0.568105  0.400650  0.792790  0.610101  0.806216  0.732292  0.654201  0.698712  0.575518  0.800514 
1  0.529726 0.0  0.737613  0.873857  0.673800  0.302220  0.326563  0.546842  0.525894  0.753697  0.757535  0.733362  0.812514  0.624494  0.703541  0.324557  0.506765  0.591450  0.147605  0.714305  0.384239  0.633724  0.818228  0.707337  0.518133  0.774824  0.000000  0.709266  0.677545  0.460386 
2  0.611516  0.737613 0.0  0.572020  0.593641  0.748824  0.690876  0.638317  0.505442  0.673213  0.508812  0.709830  0.620636  0.742210  0.418332  0.719727  0.680156  0.748540  0.776195  0.712769  0.693283  0.595531  0.654242  0.483169  0.839469  0.549550  0.668520  0.653535  0.556054  0.824268 
3  0.596442  0.873857  0.572020 0.0  0.424844  0.786624  0.833958  0.750351  0.735806  0.534526  0.525626  0.537396  0.328408  0.905156  0.430812  0.741538  0.755629  0.798776  0.789236  0.810680  0.755588  0.583288  0.542368  0.497986  0.861349  0.320150  0.790398  0.549047  0.390853  0.854368 
4  0.531021  0.673800  0.593641  0.424844 0.0  0.806777  0.768717  0.746271  0.552019  0.670971  0.585978  0.697099  0.539431  0.766033  0.635817  0.745599  0.820293  0.862936  0.656467  0.832713  0.770885  0.586967  0.597783  0.211367  0.721575  0.475807  0.833821  0.643059  0.199918  0.747261 
5  0.655407  0.302220  0.748824  0.786624  0.806777 0.0  0.508751  0.602071  0.723211  0.769312  0.781748  0.802239  0.770063  0.449256  0.808768  0.448574  0.541641  0.591064  0.187391  0.579514  0.032958  0.697654  0.884303  0.763987  0.571735  0.762799  0.356164  0.801702  0.714851  0.473801 
6  0.541443  0.326563  0.690876  0.833958  0.768717  0.508751 0.0  0.567214  0.711470  0.812745  0.795068  0.811750  0.785192  0.559826  0.833406  0.446803  0.496824  0.653702  0.353003  0.689259  0.429852  0.597514  0.717286  0.812641  0.601737  0.644811  0.405175  0.813082  0.812553  0.370698 
7  0.465037  0.546842  0.638317  0.750351  0.746271  0.602071  0.567214 0.0  0.590693  0.957789  0.755577  0.691348  0.676108  0.648159  0.657686  0.546391  0.659031  0.614427  0.652846  0.666626  0.606034  0.576188  0.739526  0.657297  0.697551  0.744166  0.531262  0.819432  0.693623  0.656378 
8  0.493740  0.525894  0.505442  0.735806  0.552019  0.723211  0.711470  0.590693 0.0  0.730019  0.599465  0.745246  0.639813  0.629187  0.683194  0.598994  0.681473  0.663364  0.602856  0.685879  0.649820  0.342378  0.597189  0.621705  0.719947  0.586838  0.553904  0.730784  0.611977  0.619727 
9  0.677194  0.753697  0.673213  0.534526  0.670971  0.769312  0.812745  0.957789  0.730019 0.0  0.421089  0.482024  0.375297  0.855863  0.416548  0.839938  0.940693  0.763394  0.788760  0.851512  0.786074  0.657718  0.559229  0.613082  0.855781  0.480960  0.792730  0.238971  0.622381  0.903620 
10  0.718949  0.757535  0.508812  0.525626  0.585978  0.781748  0.795068  0.755577  0.599465  0.421089 0.0  0.504679  0.450519  0.818353  0.608926  0.822686  0.892455  0.702489  0.722550  0.844536  0.693004  0.676046  0.561750  0.540617  0.796928  0.464220  0.809933  0.404227  0.480874  0.750589 
11  0.814029  0.733362  0.709830  0.537396  0.697099  0.802239  0.811750  0.691348  0.745246  0.482024  0.504679 0.0  0.472357  0.794689  0.568114  0.752696  1.000000  0.885918  0.814059  0.927145  0.874696  0.708063  0.671533  0.619484  0.864977  0.588335  0.823796  0.420592  0.592149  0.798317 
12  0.747046  0.812514  0.620636  0.328408  0.539431  0.770063  0.785192  0.676108  0.639813  0.375297  0.450519  0.472357 0.0  0.764600  0.547084  0.750292  0.802856  0.828749  0.801076  0.731725  0.810469  0.579019  0.568241  0.520897  0.810647  0.352482  0.738669  0.419387  0.399039  0.742354 
13  0.709285  0.624494  0.742210  0.905156  0.766033  0.449256  0.559826  0.648159  0.629187  0.855863  0.818353  0.794689  0.764600 0.0  0.743728  0.645860  0.634889  0.434196  0.557942  0.228289  0.768075  0.753927  0.706563  0.764322  0.657873  0.822704  0.537836  0.798907  0.851028  0.668322 
14  0.699697  0.703541  0.418332  0.430812  0.635817  0.808768  0.833406  0.657686  0.683194  0.416548  0.608926  0.568114  0.547084  0.743728 0.0  0.706773  0.802134  0.835518  0.734240  0.905607  0.843994  0.653082  0.362713  0.655094  0.873911  0.491376  0.760935  0.608632  0.529216  0.707872 
15  0.707922  0.324557  0.719727  0.741538  0.745599  0.448574  0.446803  0.546391  0.598994  0.839938  0.822686  0.752696  0.750292  0.645860  0.706773 0.0  0.528951  0.583080  0.391575  0.599541  0.472860  0.534388  0.633398  0.791876  0.549975  0.726365  0.293457  0.750478  0.668978  0.496565 
16  0.727578  0.506765  0.680156  0.755629  0.820293  0.541641  0.496824  0.659031  0.681473  0.940693  0.892455  1.000000  0.802856  0.634889  0.802134  0.528951 0.0  0.456338  0.481972  0.615715  0.561871  0.671360  0.804955  0.793449  0.531940  0.805973  0.598510  0.776862  0.687281  0.385672 
17  0.742815  0.591450  0.748540  0.798776  0.862936  0.591064  0.653702  0.614427  0.663364  0.763394  0.702489  0.885918  0.828749  0.434196  0.835518  0.583080  0.456338 0.0  0.570856  0.324067  0.482116  0.800200  0.846720  0.750620  0.548525  0.811460  0.641402  0.917034  0.758824  0.367891 
18  0.696413  0.147605  0.776195  0.789236  0.656467  0.187391  0.353003  0.652846  0.602856  0.788760  0.722550  0.814059  0.801076  0.557942  0.734240  0.391575  0.481972  0.570856 0.0  0.606598  0.298674  0.676271  0.827207  0.717281  0.543738  0.732088  0.159519  0.801997  0.720224  0.398901 
19  0.768559  0.714305  0.712769  0.810680  0.832713  0.579514  0.689259  0.666626  0.685879  0.851512  0.844536  0.927145  0.731725  0.228289  0.905607  0.599541  0.615715  0.324067  0.606598 0.0  0.591210  0.767329  0.829948  0.786043  0.472240  0.833616  0.536646  0.859866  0.788615  0.568119 
20  0.568105  0.384239  0.693283  0.755588  0.770885  0.032958  0.429852  0.606034  0.649820  0.786074  0.693004  0.874696  0.810469  0.768075  0.843994  0.472860  0.561871  0.482116  0.298674  0.591210 0.0  0.671391  0.796201  0.757772  0.612946  0.723920  0.436191  0.769101  0.720220  0.346944 
21  0.400650  0.633724  0.595531  0.583288  0.586967  0.697654  0.597514  0.576188  0.342378  0.657718  0.676046  0.708063  0.579019  0.753927  0.653082  0.534388  0.671360  0.800200  0.676271  0.767329  0.671391 0.0  0.759301  0.442508  0.735345  0.598200  0.690370  0.711346  0.747269  0.694288 
22  0.792790  0.818228  0.654242  0.542368  0.597783  0.884303  0.717286  0.739526  0.597189  0.559229  0.561750  0.671533  0.568241  0.706563  0.362713  0.633398  0.804955  0.846720  0.827207  0.829948  0.796201  0.759301 0.0  0.642375  0.892750  0.518099  0.761837  0.628888  0.654534  0.778864 
23  0.610101  0.707337  0.483169  0.497986  0.211367  0.763987  0.812641  0.657297  0.621705  0.613082  0.540617  0.619484  0.520897  0.764322  0.655094  0.791876  0.793449  0.750620  0.717281  0.786043  0.757772  0.442508  0.642375 0.0  0.761779  0.424130  0.891671  0.675689  0.327732  0.708891 
24  0.806216  0.518133  0.839469  0.861349  0.721575  0.571735  0.601737  0.697551  0.719947  0.855781  0.796928  0.864977  0.810647  0.657873  0.873911  0.549975  0.531940  0.548525  0.543738  0.472240  0.612946  0.735345  0.892750  0.761779 0.0  0.764860  0.571250  0.824785  0.935151  0.388510 
25  0.732292  0.774824  0.549550  0.320150  0.475807  0.762799  0.644811  0.744166  0.586838  0.480960  0.464220  0.588335  0.352482  0.822704  0.491376  0.726365  0.805973  0.811460  0.732088  0.833616  0.723920  0.598200  0.518099  0.424130  0.764860 0.0  0.818278  0.502226  0.514429  0.742401 
26  0.654201  0.000000  0.668520  0.790398  0.833821  0.356164  0.405175  0.531262  0.553904  0.792730  0.809933  0.823796  0.738669  0.537836  0.760935  0.293457  0.598510  0.641402  0.159519  0.536646  0.436191  0.690370  0.761837  0.891671  0.571250  0.818278 0.0  0.844118  0.892066  0.465326 
27  0.698712  0.709266  0.653535  0.549047  0.643059  0.801702  0.813082  0.819432  0.730784  0.238971  0.404227  0.420592  0.419387  0.798907  0.608632  0.750478  0.776862  0.917034  0.801997  0.859866  0.769101  0.711346  0.628888  0.675689  0.824785  0.502226  0.844118 0.0  0.517875  0.821991 
28  0.575518  0.677545  0.556054  0.390853  0.199918  0.714851  0.812553  0.693623  0.611977  0.622381  0.480874  0.592149  0.399039  0.851028  0.529216  0.668978  0.687281  0.758824  0.720224  0.788615  0.720220  0.747269  0.654534  0.327732  0.935151  0.514429  0.892066  0.517875 0.0  0.761599 
29  0.800514  0.460386  0.824268  0.854368  0.747261  0.473801  0.370698  0.656378  0.619727  0.903620  0.750589  0.798317  0.742354  0.668322  0.707872  0.496565  0.385672  0.367891  0.398901  0.568119  0.346944  0.694288  0.778864  0.708891  0.388510  0.742401  0.465326  0.821991  0.761599 0.0 
