30
0 0.0  0.802397  0.502507  0.809615  0.614422  0.444370  0.896717  0.618935  0.502365  0.438568  0.634309  0.837682  0.711132  0.595287  0.925977  0.542044  0.921512  0.886637  0.469894  0.601082  0.695151  0.857686  0.381158  0.585459  0.404328  0.540715  0.762878  0.877494  0.897027  0.988043 
1  0.802397 0.0  0.642596  0.809352  0.657256  0.749261  0.722915  0.811446  0.762397  0.772532  0.742794  0.760526  0.649590  0.760609  0.572521  0.702886  0.880339  0.765357  0.706929  0.638807  0.672093  0.660460  0.737178  0.718794  0.782158  0.731799  0.554209  0.725676  0.504335  0.660105 
2  0.502507  0.642596 0.0  0.844317  0.378240  0.505441  0.787701  0.820224  0.463895  0.624712  0.223192  0.817378  0.868217  0.424615  0.969967  0.469139  0.855821  0.770792  0.547956  0.176248  0.611292  0.765482  0.589621  0.303158  0.498093  0.666059  0.822079  0.859394  0.730166  0.936536 
3  0.809615  0.809352  0.844317 0.0  0.857481  0.854635  0.666103  0.955511  0.839242  0.954452  0.829560  0.717228  0.669356  0.772999  0.683248  0.921218  0.427776  0.632808  0.884631  0.786429  0.822796  0.653230  0.884773  0.830061  0.859893  0.826317  0.626485  0.345242  0.795174  0.683778 
4  0.614422  0.657256  0.378240  0.857481 0.0  0.597515  0.753464  0.747377  0.520957  0.576569  0.215914  0.846137  0.789718  0.067625  0.778195  0.541509  0.885409  0.800773  0.528882  0.307211  0.700351  0.772271  0.600755  0.246424  0.468127  0.683215  0.864013  0.681869  0.684751  0.747159 
5  0.444370  0.749261  0.505441  0.854635  0.597515 0.0  0.930929  0.628928  0.347816  0.369801  0.561034  0.906125  0.900863  0.692427  0.848768  0.632453  0.833278  0.870876  0.271685  0.490625  0.507135  0.815726  0.619600  0.501528  0.417102  0.490600  0.739857  0.829318  0.675063  0.876096 
6  0.896717  0.722915  0.787701  0.666103  0.753464  0.930929 0.0  0.945191  0.855639  0.810740  0.956974  0.526001  0.666983  0.841309  0.459576  0.798133  0.493262  0.434072  0.833354  0.844792  0.906120  0.696568  0.866964  0.738717  1.000000  0.856175  0.657872  0.605909  0.671225  0.514319 
7  0.618935  0.811446  0.820224  0.955511  0.747377  0.628928  0.945191 0.0  0.742258  0.585728  0.630051  0.920554  0.946600  0.783858  0.928132  0.680538  0.815019  0.920293  0.762988  0.636616  0.754956  0.923722  0.615290  0.702429  0.722405  0.581356  0.855259  0.852571  0.823602  0.857481 
8  0.502365  0.762397  0.463895  0.839242  0.520957  0.347816  0.855639  0.742258 0.0  0.532577  0.398201  0.860175  0.751860  0.496876  0.778834  0.588953  0.866490  0.803421  0.512181  0.410433  0.606122  0.915009  0.659531  0.608984  0.400376  0.526980  0.773551  0.908713  0.823255  0.804431 
9  0.438568  0.772532  0.624712  0.954452  0.576569  0.369801  0.810740  0.585728  0.532577 0.0  0.578984  0.890587  0.814594  0.541289  0.867865  0.632896  0.826922  0.855572  0.281572  0.611344  0.510251  0.812766  0.595359  0.689377  0.583066  0.379772  0.847294  0.754135  0.812075  0.913792 
10  0.634309  0.742794  0.223192  0.829560  0.215914  0.561034  0.956974  0.630051  0.398201  0.578984 0.0  0.820304  0.776760  0.166548  0.791791  0.674639  0.936993  0.851687  0.540865  0.242242  0.661132  0.709817  0.604762  0.303052  0.450988  0.637018  0.744524  0.890564  0.739768  0.820911 
11  0.837682  0.760526  0.817378  0.717228  0.846137  0.906125  0.526001  0.920554  0.860175  0.890587  0.820304 0.0  0.299514  0.848708  0.405266  0.951320  0.571037  0.646273  0.860067  0.765523  0.768533  0.579168  0.687951  0.887175  0.908004  0.957938  0.624159  0.563935  0.790766  0.654107 
12  0.711132  0.649590  0.868217  0.669356  0.789718  0.900863  0.666983  0.946600  0.751860  0.814594  0.776760  0.299514 0.0  0.787104  0.471490  0.822305  0.672562  0.588990  0.820553  0.794849  0.962786  0.541019  0.890234  0.856665  0.888356  0.804759  0.728455  0.573636  0.592817  0.679089 
13  0.595287  0.760609  0.424615  0.772999  0.067625  0.692427  0.841309  0.783858  0.496876  0.541289  0.166548  0.848708  0.787104 0.0  0.864946  0.590257  0.843288  0.903856  0.593274  0.327930  0.646729  0.670123  0.610891  0.222541  0.529809  0.754089  0.773820  0.796745  0.685927  0.804411 
14  0.925977  0.572521  0.969967  0.683248  0.778195  0.848768  0.459576  0.928132  0.778834  0.867865  0.791791  0.405266  0.471490  0.864946 0.0  0.806162  0.541218  0.671287  0.858889  0.823963  0.959987  0.526575  0.853521  0.812047  0.901904  0.742221  0.675634  0.631970  0.692769  0.699383 
15  0.542044  0.702886  0.469139  0.921218  0.541509  0.632453  0.798133  0.680538  0.588953  0.632896  0.674639  0.951320  0.822305  0.590257  0.806162 0.0  0.915038  0.941127  0.611675  0.616691  0.593577  0.712022  0.425208  0.551634  0.430704  0.697364  0.829954  0.704333  0.840210  0.852230 
16  0.921512  0.880339  0.855821  0.427776  0.885409  0.833278  0.493262  0.815019  0.866490  0.826922  0.936993  0.571037  0.672562  0.843288  0.541218  0.915038 0.0  0.463768  0.893259  0.756301  0.937772  0.718307  0.937070  0.876452  0.752491  0.863176  0.722662  0.496840  0.698504  0.693018 
17  0.886637  0.765357  0.770792  0.632808  0.800773  0.870876  0.434072  0.920293  0.803421  0.855572  0.851687  0.646273  0.588990  0.903856  0.671287  0.941127  0.463768 0.0  0.958884  0.830265  0.946166  0.724522  0.875420  0.758124  0.901391  0.845484  0.743384  0.605875  0.661229  0.595849 
18  0.469894  0.706929  0.547956  0.884631  0.528882  0.271685  0.833354  0.762988  0.512181  0.281572  0.540865  0.860067  0.820553  0.593274  0.858889  0.611675  0.893259  0.958884 0.0  0.585799  0.583377  0.707475  0.496699  0.626625  0.489681  0.582458  0.768365  0.873332  0.825023  0.914212 
19  0.601082  0.638807  0.176248  0.786429  0.307211  0.490625  0.844792  0.636616  0.410433  0.611344  0.242242  0.765523  0.794849  0.327930  0.823963  0.616691  0.756301  0.830265  0.585799 0.0  0.732836  0.738800  0.595690  0.385381  0.452611  0.605151  0.825612  0.853013  0.589055  0.889071 
20  0.695151  0.672093  0.611292  0.822796  0.700351  0.507135  0.906120  0.754956  0.606122  0.510251  0.661132  0.768533  0.962786  0.646729  0.959987  0.593577  0.937772  0.946166  0.583377  0.732836 0.0  0.766347  0.665221  0.651961  0.629556  0.421378  0.843624  0.849917  0.830487  0.894521 
21  0.857686  0.660460  0.765482  0.653230  0.772271  0.815726  0.696568  0.923722  0.915009  0.812766  0.709817  0.579168  0.541019  0.670123  0.526575  0.712022  0.718307  0.724522  0.707475  0.738800  0.766347 0.0  0.777202  0.746610  0.684576  0.921224  0.355584  0.724175  0.496893  0.781357 
22  0.381158  0.737178  0.589621  0.884773  0.600755  0.619600  0.866964  0.615290  0.659531  0.595359  0.604762  0.687951  0.890234  0.610891  0.853521  0.425208  0.937070  0.875420  0.496699  0.595690  0.665221  0.777202 0.0  0.593967  0.454116  0.640989  0.818760  0.749357  0.830578  0.918570 
23  0.585459  0.718794  0.303158  0.830061  0.246424  0.501528  0.738717  0.702429  0.608984  0.689377  0.303052  0.887175  0.856665  0.222541  0.812047  0.551634  0.876452  0.758124  0.626625  0.385381  0.651961  0.746610  0.593967 0.0  0.529297  0.729737  0.841486  0.793690  0.700703  0.796619 
24  0.404328  0.782158  0.498093  0.859893  0.468127  0.417102  1.000000  0.722405  0.400376  0.583066  0.450988  0.908004  0.888356  0.529809  0.901904  0.430704  0.752491  0.901391  0.489681  0.452611  0.629556  0.684576  0.454116  0.529297 0.0  0.511347  0.857671  0.888745  0.723921  0.872601 
25  0.540715  0.731799  0.666059  0.826317  0.683215  0.490600  0.856175  0.581356  0.526980  0.379772  0.637018  0.957938  0.804759  0.754089  0.742221  0.697364  0.863176  0.845484  0.582458  0.605151  0.421378  0.921224  0.640989  0.729737  0.511347 0.0  0.763317  0.815632  0.834425  0.914765 
26  0.762878  0.554209  0.822079  0.626485  0.864013  0.739857  0.657872  0.855259  0.773551  0.847294  0.744524  0.624159  0.728455  0.773820  0.675634  0.829954  0.722662  0.743384  0.768365  0.825612  0.843624  0.355584  0.818760  0.841486  0.857671  0.763317 0.0  0.548060  0.600734  0.765264 
27  0.877494  0.725676  0.859394  0.345242  0.681869  0.829318  0.605909  0.852571  0.908713  0.754135  0.890564  0.563935  0.573636  0.796745  0.631970  0.704333  0.496840  0.605875  0.873332  0.853013  0.849917  0.724175  0.749357  0.793690  0.888745  0.815632  0.548060 0.0  0.736776  0.764477 
28  0.897027  0.504335  0.730166  0.795174  0.684751  0.675063  0.671225  0.823602  0.823255  0.812075  0.739768  0.790766  0.592817  0.685927  0.692769  0.840210  0.698504  0.661229  0.825023  0.589055  0.830487  0.496893  0.830578  0.700703  0.723921  0.834425  0.600734  0.736776 0.0  0.734505 
29  0.988043  0.660105  0.936536  0.683778  0.747159  0.876096  0.514319  0.857481  0.804431  0.913792  0.820911  0.654107  0.679089  0.804411  0.699383  0.852230  0.693018  0.595849  0.914212  0.889071  0.894521  0.781357  0.918570  0.796619  0.872601  0.914765  0.765264  0.764477  0.734505 0.0 
