30
0 0.0  0.580633  0.500776  0.704971  0.747662  0.628844  0.589217  0.802809  0.719718  0.808544  0.570043  0.675782  0.647134  0.706444  0.591472  0.700263  0.733238  0.663074  0.736736  0.650381  0.923172  0.855647  0.786495  0.533290  0.684002  0.606095  0.897296  0.622154  0.657269  0.798100 
1  0.580633 0.0  0.689196  0.894631  0.655859  0.714533  0.766528  0.623021  0.612139  0.781799  0.766528  0.742707  0.718704  0.643373  0.608445  0.619626  0.831663  0.680479  0.617544  0.759804  0.810467  0.750084  0.707153  0.688558  0.624813  0.655312  0.702852  0.700442  0.578891  0.749935 
2  0.500776  0.689196 0.0  0.672457  0.886053  0.529386  0.588604  0.769377  0.468368  0.777679  0.487690  0.874905  0.484992  0.579387  0.838264  0.462734  0.595397  0.628744  0.801631  0.761098  0.859232  0.913692  0.805323  0.611744  0.755865  0.548128  0.890868  0.583552  0.730730  0.781710 
3  0.704971  0.894631  0.672457 0.0  0.751976  0.398950  0.680510  0.856308  0.570482  0.847924  0.613535  0.870580  0.462399  0.557661  0.840394  0.433725  0.504795  0.683529  0.837041  0.793564  0.819523  0.894342  0.916649  0.688668  0.890222  0.592991  0.886387  0.698580  0.778690  0.984629 
4  0.747662  0.655859  0.886053  0.751976 0.0  0.792008  0.694707  0.599985  0.738161  0.642095  0.787307  0.773148  0.775465  0.786949  0.623932  0.738864  0.817424  0.645971  0.703125  0.728140  0.693002  0.822985  0.680847  0.752294  0.721014  0.688701  0.854378  0.717133  0.373290  0.571468 
5  0.628844  0.714533  0.529386  0.398950  0.792008 0.0  0.531903  0.812149  0.311637  0.870880  0.387922  0.929017  0.536115  0.587246  0.734371  0.412819  0.673493  0.563231  0.821805  0.757657  0.856149  0.827809  0.888382  0.583385  0.852831  0.514946  0.858598  0.458773  0.767514  0.825799 
6  0.589217  0.766528  0.588604  0.680510  0.694707  0.531903 0.0  0.773977  0.534327  0.831026  0.543235  0.758342  0.378701  0.176204  0.631658  0.563216  0.649284  0.313014  0.737117  0.813127  0.861527  0.767977  0.850517  0.369557  0.848427  0.368002  0.837820  0.296701  0.831553  0.893469 
7  0.802809  0.623021  0.769377  0.856308  0.599985  0.812149  0.773977 0.0  0.893737  0.617099  0.732789  0.572353  0.773137  0.776476  0.454274  0.857939  0.858536  0.709325  0.287121  0.281581  0.462165  0.619295  0.533320  0.835405  0.440889  0.830451  0.712868  0.774381  0.527621  0.479135 
8  0.719718  0.612139  0.468368  0.570482  0.738161  0.311637  0.534327  0.893737 0.0  0.830504  0.445095  0.855470  0.318558  0.530545  0.782444  0.504505  0.654961  0.536360  0.799623  0.915221  0.761673  0.873497  0.997830  0.536747  0.717087  0.513477  0.822570  0.485307  0.834284  0.912532 
9  0.808544  0.781799  0.777679  0.847924  0.642095  0.870880  0.831026  0.617099  0.830504 0.0  0.850310  0.548485  0.913775  0.792431  0.736007  0.846149  0.936444  0.910015  0.579630  0.619570  0.507427  0.508574  0.466157  0.869735  0.594771  0.906583  0.759320  0.870010  0.523159  0.563837 
10  0.570043  0.766528  0.487690  0.613535  0.787307  0.387922  0.543235  0.732789  0.445095  0.850310 0.0  0.880271  0.473936  0.588790  0.769677  0.403882  0.740972  0.691056  0.762355  0.760239  0.803373  0.842821  0.848401  0.655198  0.833875  0.514419  0.881995  0.639080  0.788764  0.845750 
11  0.675782  0.742707  0.874905  0.870580  0.773148  0.929017  0.758342  0.572353  0.855470  0.548485  0.880271 0.0  0.803672  0.836034  0.692966  0.969028  0.839950  0.794446  0.734465  0.626144  0.362266  0.257825  0.323796  0.789960  0.669801  0.828066  0.492567  0.855797  0.663906  0.416549 
12  0.647134  0.718704  0.484992  0.462399  0.775465  0.536115  0.378701  0.773137  0.318558  0.913775  0.473936  0.803672 0.0  0.429028  0.740959  0.435655  0.535614  0.341742  0.735940  0.719856  0.874430  0.817497  0.822354  0.484974  0.768543  0.342103  0.787274  0.408345  0.699114  0.879311 
13  0.706444  0.643373  0.579387  0.557661  0.786949  0.587246  0.176204  0.776476  0.530545  0.792431  0.588790  0.836034  0.429028 0.0  0.840531  0.525971  0.609198  0.105761  0.749844  0.805814  0.761919  0.895930  0.856360  0.331105  0.768552  0.362809  0.858525  0.216525  0.743025  0.778572 
14  0.591472  0.608445  0.838264  0.840394  0.623932  0.734371  0.631658  0.454274  0.782444  0.736007  0.769677  0.692966  0.740959  0.840531 0.0  0.841649  0.836482  0.679445  0.337155  0.485714  0.769441  0.637062  0.667180  0.712075  0.396346  0.807491  0.716311  0.783732  0.525958  0.651132 
15  0.700263  0.619626  0.462734  0.433725  0.738864  0.412819  0.563216  0.857939  0.504505  0.846149  0.403882  0.969028  0.435655  0.525971  0.841649 0.0  0.656058  0.669886  0.917291  0.863729  0.798579  0.952065  0.850437  0.682919  0.909018  0.551409  0.932248  0.749198  0.824336  0.832385 
16  0.733238  0.831663  0.595397  0.504795  0.817424  0.673493  0.649284  0.858536  0.654961  0.936444  0.740972  0.839950  0.535614  0.609198  0.836482  0.656058 0.0  0.640052  0.876991  0.877310  0.862036  0.835598  0.979441  0.588280  0.842378  0.533363  0.958590  0.630400  1.000000  0.811659 
17  0.663074  0.680479  0.628744  0.683529  0.645971  0.563231  0.313014  0.709325  0.536360  0.910015  0.691056  0.794446  0.341742  0.105761  0.679445  0.669886  0.640052 0.0  0.688058  0.767546  0.778709  0.760949  0.866403  0.284762  0.833263  0.359162  0.798649  0.187884  0.692013  0.812686 
18  0.736736  0.617544  0.801631  0.837041  0.703125  0.821805  0.737117  0.287121  0.799623  0.579630  0.762355  0.734465  0.735940  0.749844  0.337155  0.917291  0.876991  0.688058 0.0  0.450479  0.543145  0.649096  0.622692  0.845753  0.290901  0.785565  0.656743  0.842493  0.468625  0.528943 
19  0.650381  0.759804  0.761098  0.793564  0.728140  0.757657  0.813127  0.281581  0.915221  0.619570  0.760239  0.626144  0.719856  0.805814  0.485714  0.863729  0.877310  0.767546  0.450479 0.0  0.742403  0.594691  0.658078  0.685402  0.359465  0.856825  0.597109  0.747157  0.556613  0.421139 
20  0.923172  0.810467  0.859232  0.819523  0.693002  0.856149  0.861527  0.462165  0.761673  0.507427  0.803373  0.362266  0.874430  0.761919  0.769441  0.798579  0.862036  0.778709  0.543145  0.742403 0.0  0.361451  0.439038  0.873872  0.705038  0.897045  0.650559  0.854713  0.679978  0.530883 
21  0.855647  0.750084  0.913692  0.894342  0.822985  0.827809  0.767977  0.619295  0.873497  0.508574  0.842821  0.257825  0.817497  0.895930  0.637062  0.952065  0.835598  0.760949  0.649096  0.594691  0.361451 0.0  0.225530  0.817846  0.583051  0.779657  0.584518  0.845654  0.747410  0.450636 
22  0.786495  0.707153  0.805323  0.916649  0.680847  0.888382  0.850517  0.533320  0.997830  0.466157  0.848401  0.323796  0.822354  0.856360  0.667180  0.850437  0.979441  0.866403  0.622692  0.658078  0.439038  0.225530 0.0  0.873244  0.608924  0.929931  0.518118  0.788025  0.587853  0.408267 
23  0.533290  0.688558  0.611744  0.688668  0.752294  0.583385  0.369557  0.835405  0.536747  0.869735  0.655198  0.789960  0.484974  0.331105  0.712075  0.682919  0.588280  0.284762  0.845753  0.685402  0.873872  0.817846  0.873244 0.0  0.802115  0.525346  0.838081  0.408845  0.749527  0.867767 
24  0.684002  0.624813  0.755865  0.890222  0.721014  0.852831  0.848427  0.440889  0.717087  0.594771  0.833875  0.669801  0.768543  0.768552  0.396346  0.909018  0.842378  0.833263  0.290901  0.359465  0.705038  0.583051  0.608924  0.802115 0.0  0.792475  0.651937  0.825772  0.643817  0.616427 
25  0.606095  0.655312  0.548128  0.592991  0.688701  0.514946  0.368002  0.830451  0.513477  0.906583  0.514419  0.828066  0.342103  0.362809  0.807491  0.551409  0.533363  0.359162  0.785565  0.856825  0.897045  0.779657  0.929931  0.525346  0.792475 0.0  0.939002  0.316426  0.727989  0.769211 
26  0.897296  0.702852  0.890868  0.886387  0.854378  0.858598  0.837820  0.712868  0.822570  0.759320  0.881995  0.492567  0.787274  0.858525  0.716311  0.932248  0.958590  0.798649  0.656743  0.597109  0.650559  0.584518  0.518118  0.838081  0.651937  0.939002 0.0  0.786835  0.617677  0.519365 
27  0.622154  0.700442  0.583552  0.698580  0.717133  0.458773  0.296701  0.774381  0.485307  0.870010  0.639080  0.855797  0.408345  0.216525  0.783732  0.749198  0.630400  0.187884  0.842493  0.747157  0.854713  0.845654  0.788025  0.408845  0.825772  0.316426  0.786835 0.0  0.915376  0.825404 
28  0.657269  0.578891  0.730730  0.778690  0.373290  0.767514  0.831553  0.527621  0.834284  0.523159  0.788764  0.663906  0.699114  0.743025  0.525958  0.824336  1.000000  0.692013  0.468625  0.556613  0.679978  0.747410  0.587853  0.749527  0.643817  0.727989  0.617677  0.915376 0.0  0.523305 
29  0.798100  0.749935  0.781710  0.984629  0.571468  0.825799  0.893469  0.479135  0.912532  0.563837  0.845750  0.416549  0.879311  0.778572  0.651132  0.832385  0.811659  0.812686  0.528943  0.421139  0.530883  0.450636  0.408267  0.867767  0.616427  0.769211  0.519365  0.825404  0.523305 0.0 
