30
0 0.0  0.830354  0.897112  0.865535  0.958556  0.345195  0.814687  0.562028  0.844074  0.593887  0.610947  0.256260  0.747802  0.559662  0.886090  0.384735  0.605047  0.802081  0.382900  0.822172  0.837556  0.482226  0.906286  0.905603  0.819149  0.939821  0.638356  0.637472  0.904910  0.434171 
1  0.830354 0.0  0.342982  0.556810  0.724497  0.813392  0.535469  0.769942  0.396495  0.830859  0.701478  0.879318  0.662101  0.822886  0.652499  0.762508  0.970827  0.616888  0.803625  0.547334  0.375897  0.941898  0.548687  0.635394  0.412039  0.327885  0.661568  0.868850  0.529008  0.773844 
2  0.897112  0.342982 0.0  0.605372  0.626143  0.836445  0.445742  0.853349  0.564398  0.928286  0.722135  0.822964  0.412203  0.868184  0.552566  0.823061  0.867662  0.594425  0.769976  0.532808  0.399460  0.841606  0.576248  0.620903  0.437542  0.409506  0.659315  0.791253  0.489474  0.902174 
3  0.865535  0.556810  0.605372 0.0  0.556347  0.838630  0.730588  0.831119  0.597350  0.985345  0.763898  0.876119  0.769109  0.901616  0.459883  0.791375  0.928490  0.171417  0.858078  0.292095  0.761457  0.841140  0.221220  0.403043  0.303687  0.468483  0.757713  0.936597  0.623727  0.923526 
4  0.958556  0.724497  0.626143  0.556347 0.0  0.961806  0.665155  0.848453  0.804592  0.911634  0.803099  0.805954  0.648930  0.939030  0.536018  0.912982  0.990139  0.573986  0.859052  0.466156  0.710267  0.922645  0.596020  0.681313  0.617841  0.680934  0.853885  0.847224  0.539371  0.848944 
5  0.345195  0.813392  0.836445  0.838630  0.961806 0.0  0.765948  0.351640  0.732471  0.548216  0.595372  0.215537  0.668563  0.555136  0.781148  0.226894  0.613751  0.834387  0.350836  0.872914  0.721404  0.234410  0.864019  0.904145  0.910960  0.810288  0.689878  0.356131  0.681306  0.319745 
6  0.814687  0.535469  0.445742  0.730588  0.665155  0.765948 0.0  0.821511  0.457676  0.810874  0.584207  0.771723  0.450996  0.765350  0.524438  0.838986  0.896363  0.663035  0.847951  0.633980  0.609041  0.740496  0.578178  0.560486  0.609448  0.486156  0.574391  0.810771  0.593629  0.843984 
7  0.562028  0.769942  0.853349  0.831119  0.848453  0.351640  0.821511 0.0  0.794054  0.571689  0.779602  0.337117  0.692475  0.433201  0.888898  0.284511  0.567213  0.894929  0.392712  0.828196  0.637791  0.094214  0.777279  0.793989  0.834671  0.857721  0.649906  0.275192  0.854707  0.212236 
8  0.844074  0.396495  0.564398  0.597350  0.804592  0.732471  0.457676  0.794054 0.0  0.787850  0.632788  0.830744  0.601855  0.799762  0.586930  0.829655  0.802151  0.649819  0.871480  0.739605  0.252168  0.759084  0.563242  0.483002  0.576550  0.444422  0.475695  0.710207  0.691267  0.786446 
9  0.593887  0.830859  0.928286  0.985345  0.911634  0.548216  0.810874  0.571689  0.787850 0.0  0.850200  0.628468  0.972466  0.461082  0.865988  0.520124  0.463515  0.948535  0.437543  0.883446  0.923280  0.567250  0.900006  0.907053  0.891142  0.970280  0.709062  0.563816  0.865551  0.637082 
10  0.610947  0.701478  0.722135  0.763898  0.803099  0.595372  0.584207  0.779602  0.632788  0.850200 0.0  0.575327  0.497970  0.669582  0.861936  0.652514  0.854826  0.764431  0.694483  0.814989  0.527140  0.668977  0.654464  0.769568  0.749656  0.673055  0.258508  0.614773  0.745865  0.699331 
11  0.256260  0.879318  0.822964  0.876119  0.805954  0.215537  0.771723  0.337117  0.830744  0.628468  0.575327 0.0  0.717590  0.583325  0.892314  0.000000  0.644468  0.734947  0.459567  0.863788  0.725581  0.305113  0.840172  0.858697  0.797366  0.770182  0.610325  0.513464  0.834178  0.377699 
12  0.747802  0.662101  0.412203  0.769109  0.648930  0.668563  0.450996  0.692475  0.601855  0.972466  0.497970  0.717590 0.0  0.779086  0.658463  0.678769  0.722517  0.730652  0.806078  0.681656  0.666000  0.714911  0.649739  0.727300  0.730118  0.636000  0.593834  0.734661  0.619012  0.692523 
13  0.559662  0.822886  0.868184  0.901616  0.939030  0.555136  0.765350  0.433201  0.799762  0.461082  0.669582  0.583325  0.779086 0.0  0.911360  0.546957  0.553449  0.870535  0.402035  0.843394  0.682881  0.616013  0.823661  1.000000  0.761231  0.845802  0.724077  0.467465  0.722469  0.474619 
14  0.886090  0.652499  0.552566  0.459883  0.536018  0.781148  0.524438  0.888898  0.586930  0.865988  0.861936  0.892314  0.658463  0.911360 0.0  0.898215  0.876412  0.306811  0.826008  0.325077  0.707460  0.925578  0.277320  0.601049  0.451493  0.553133  0.758613  0.897045  0.497051  0.888663 
15  0.384735  0.762508  0.823061  0.791375  0.912982  0.226894  0.838986  0.284511  0.829655  0.520124  0.652514  0.000000  0.678769  0.546957  0.898215 0.0  0.685943  0.882297  0.410191  0.863329  0.739911  0.264150  0.931128  0.854621  0.766863  0.861718  0.737156  0.480810  0.762704  0.305580 
16  0.605047  0.970827  0.867662  0.928490  0.990139  0.613751  0.896363  0.567213  0.802151  0.463515  0.854826  0.644468  0.722517  0.553449  0.876412  0.685943 0.0  0.932849  0.548205  0.959160  0.963388  0.673239  0.914850  0.919787  0.963842  0.897112  0.785198  0.532468  0.817649  0.564045 
17  0.802081  0.616888  0.594425  0.171417  0.573986  0.834387  0.663035  0.894929  0.649819  0.948535  0.764431  0.734947  0.730652  0.870535  0.306811  0.882297  0.932849 0.0  0.838015  0.148496  0.665656  0.895503  0.256937  0.558389  0.298113  0.445155  0.806906  0.857055  0.546990  0.850277 
18  0.382900  0.803625  0.769976  0.858078  0.859052  0.350836  0.847951  0.392712  0.871480  0.437543  0.694483  0.459567  0.806078  0.402035  0.826008  0.410191  0.548205  0.838015 0.0  0.896870  0.779817  0.426461  0.851917  0.854797  0.775329  0.949063  0.768049  0.284216  0.886092  0.206666 
19  0.822172  0.547334  0.532808  0.292095  0.466156  0.872914  0.633980  0.828196  0.739605  0.883446  0.814989  0.863788  0.681656  0.843394  0.325077  0.863329  0.959160  0.148496  0.896870 0.0  0.547280  0.755774  0.131361  0.579390  0.363316  0.515170  0.766687  0.808353  0.532885  0.859454 
20  0.837556  0.375897  0.399460  0.761457  0.710267  0.721404  0.609041  0.637791  0.252168  0.923280  0.527140  0.725581  0.666000  0.682881  0.707460  0.739911  0.963388  0.665656  0.779817  0.547280 0.0  0.810648  0.582785  0.692809  0.566251  0.506539  0.523179  0.819646  0.685068  0.721055 
21  0.482226  0.941898  0.841606  0.841140  0.922645  0.234410  0.740496  0.094214  0.759084  0.567250  0.668977  0.305113  0.714911  0.616013  0.925578  0.264150  0.673239  0.895503  0.426461  0.755774  0.810648 0.0  0.854869  0.866769  0.797187  0.791221  0.708309  0.468625  0.831448  0.218499 
22  0.906286  0.548687  0.576248  0.221220  0.596020  0.864019  0.578178  0.777279  0.563242  0.900006  0.654464  0.840172  0.649739  0.823661  0.277320  0.931128  0.914850  0.256937  0.851917  0.131361  0.582785  0.854869 0.0  0.585958  0.358480  0.378636  0.680396  0.798116  0.438554  0.836402 
23  0.905603  0.635394  0.620903  0.403043  0.681313  0.904145  0.560486  0.793989  0.483002  0.907053  0.769568  0.858697  0.727300  1.000000  0.601049  0.854621  0.919787  0.558389  0.854797  0.579390  0.692809  0.866769  0.585958 0.0  0.466260  0.589147  0.634844  0.922651  0.632851  0.788499 
24  0.819149  0.412039  0.437542  0.303687  0.617841  0.910960  0.609448  0.834671  0.576550  0.891142  0.749656  0.797366  0.730118  0.761231  0.451493  0.766863  0.963842  0.298113  0.775329  0.363316  0.566251  0.797187  0.358480  0.466260 0.0  0.122239  0.569046  0.911471  0.585793  0.829645 
25  0.939821  0.327885  0.409506  0.468483  0.680934  0.810288  0.486156  0.857721  0.444422  0.970280  0.673055  0.770182  0.636000  0.845802  0.553133  0.861718  0.897112  0.445155  0.949063  0.515170  0.506539  0.791221  0.378636  0.589147  0.122239 0.0  0.712371  0.875645  0.622787  0.789027 
26  0.638356  0.661568  0.659315  0.757713  0.853885  0.689878  0.574391  0.649906  0.475695  0.709062  0.258508  0.610325  0.593834  0.724077  0.758613  0.737156  0.785198  0.806906  0.768049  0.766687  0.523179  0.708309  0.680396  0.634844  0.569046  0.712371 0.0  0.733646  0.785012  0.782040 
27  0.637472  0.868850  0.791253  0.936597  0.847224  0.356131  0.810771  0.275192  0.710207  0.563816  0.614773  0.513464  0.734661  0.467465  0.897045  0.480810  0.532468  0.857055  0.284216  0.808353  0.819646  0.468625  0.798116  0.922651  0.911471  0.875645  0.733646 0.0  0.805319  0.323063 
28  0.904910  0.529008  0.489474  0.623727  0.539371  0.681306  0.593629  0.854707  0.691267  0.865551  0.745865  0.834178  0.619012  0.722469  0.497051  0.762704  0.817649  0.546990  0.886092  0.532885  0.685068  0.831448  0.438554  0.632851  0.585793  0.622787  0.785012  0.805319 0.0  0.872358 
29  0.434171  0.773844  0.902174  0.923526  0.848944  0.319745  0.843984  0.212236  0.786446  0.637082  0.699331  0.377699  0.692523  0.474619  0.888663  0.305580  0.564045  0.850277  0.206666  0.859454  0.721055  0.218499  0.836402  0.788499  0.829645  0.789027  0.782040  0.323063  0.872358 0.0 
