30
0 0.0  0.769242  0.793928  0.734351  0.833275  0.897342  0.869864  0.895864  0.777463  0.602227  0.513149  0.461105  0.691640  0.582358  0.660749  0.834783  0.358099  0.681613  0.819784  0.793067  0.876142  0.470490  0.629759  0.810475  0.614902  0.701228  0.771771  0.819967  0.821018  0.426743 
1  0.769242 0.0  0.393521  0.506103  0.551164  0.693492  0.544154  0.526925  0.540485  0.712697  0.761749  0.809078  0.917718  0.843411  0.835770  0.722079  0.801792  0.412153  0.364321  0.633571  0.422218  0.943200  0.707303  0.435251  0.831927  0.831891  0.475419  0.673627  0.473002  0.869501 
2  0.793928  0.393521 0.0  0.462873  0.521702  0.578070  0.497956  0.494922  0.642404  0.853176  0.809599  0.833676  0.810090  0.800326  0.773574  0.699816  0.811481  0.503529  0.487947  0.528907  0.452113  0.776264  0.725992  0.458284  0.791659  0.771132  0.456950  0.483399  0.378010  0.701519 
3  0.734351  0.506103  0.462873 0.0  0.601181  0.639879  0.000000  0.526256  0.662008  0.821637  0.658379  0.800172  0.948930  0.839937  0.924652  0.638686  0.794638  0.239190  0.334493  0.681945  0.267534  0.912012  0.668681  0.124584  0.710774  0.767638  0.545590  0.625558  0.541657  0.763139 
4  0.833275  0.551164  0.521702  0.601181 0.0  0.553205  0.704263  0.497809  0.558547  0.717236  0.824990  0.755524  0.959915  0.854551  0.868299  0.538842  0.745734  0.577576  0.616996  0.628954  0.579937  0.823914  0.802259  0.533069  0.833125  0.758879  0.428307  0.548350  0.478441  0.874006 
5  0.897342  0.693492  0.578070  0.639879  0.553205 0.0  0.628280  0.491284  0.728853  0.826479  0.909959  0.800764  0.848234  0.857907  0.923920  0.651589  0.825165  0.676808  0.580144  0.324464  0.659521  0.853417  0.716907  0.704786  0.918026  0.892780  0.567636  0.509063  0.419713  0.756456 
6  0.869864  0.544154  0.497956  0.000000  0.704263  0.628280 0.0  0.577066  0.620433  0.788360  0.721741  0.757871  0.800874  0.837951  0.790583  0.711579  0.844325  0.210800  0.334788  0.507324  0.372843  0.815820  0.568803  0.159565  0.797326  0.828504  0.550360  0.593399  0.513576  0.676260 
7  0.895864  0.526925  0.494922  0.526256  0.497809  0.491284  0.577066 0.0  0.700520  0.795927  0.870962  0.798362  0.939931  0.939800  0.940253  0.622150  0.767073  0.598888  0.519394  0.320252  0.561093  0.832973  0.606339  0.525115  0.887309  0.894161  0.407502  0.499320  0.260742  0.866726 
8  0.777463  0.540485  0.642404  0.662008  0.558547  0.728853  0.620433  0.700520 0.0  0.699958  0.648177  0.873886  0.895321  0.890452  0.891843  0.743352  0.751917  0.572771  0.570094  0.759326  0.597045  0.753714  0.500759  0.599696  0.803009  0.768814  0.553501  0.724694  0.664243  0.828411 
9  0.602227  0.712697  0.853176  0.821637  0.717236  0.826479  0.788360  0.795927  0.699958 0.0  0.646580  0.516707  0.745649  0.637189  0.590492  0.857181  0.542423  0.874914  0.832699  0.948054  0.769120  0.328805  0.740180  0.900732  0.527335  0.421446  0.777137  0.912024  0.875888  0.662157 
10  0.513149  0.761749  0.809599  0.658379  0.824990  0.909959  0.721741  0.870962  0.648177  0.646580 0.0  0.631252  0.570341  0.732193  0.699517  0.757504  0.564467  0.675779  0.795816  0.783644  0.656231  0.554108  0.625303  0.667712  0.666460  0.684379  0.735965  0.748951  0.769794  0.555705 
11  0.461105  0.809078  0.833676  0.800172  0.755524  0.800764  0.757871  0.798362  0.873886  0.516707  0.631252 0.0  0.713620  0.775542  0.486614  0.895674  0.350642  0.681751  0.787472  0.791656  0.786396  0.404870  0.692870  0.687739  0.561095  0.605355  0.795496  0.812970  0.867115  0.546697 
12  0.691640  0.917718  0.810090  0.948930  0.959915  0.848234  0.800874  0.939931  0.895321  0.745649  0.570341  0.713620 0.0  0.486851  0.524654  0.879575  0.648448  0.796336  0.746745  0.885146  0.787002  0.702764  0.740733  0.845409  0.777165  0.637125  0.855835  1.000000  0.773222  0.671780 
13  0.582358  0.843411  0.800326  0.839937  0.854551  0.857907  0.837951  0.939800  0.890452  0.637189  0.732193  0.775542  0.486851 0.0  0.534840  0.910104  0.614461  0.834295  0.728228  0.770031  0.880190  0.617244  0.749821  0.789946  0.487878  0.565762  0.856609  0.855250  0.864149  0.605023 
14  0.660749  0.835770  0.773574  0.924652  0.868299  0.923920  0.790583  0.940253  0.891843  0.590492  0.699517  0.486614  0.524654  0.534840 0.0  0.852532  0.546681  0.932616  0.720386  0.838383  0.878427  0.528278  0.700495  0.792073  0.437258  0.477985  0.850462  0.916292  0.851518  0.629733 
15  0.834783  0.722079  0.699816  0.638686  0.538842  0.651589  0.711579  0.622150  0.743352  0.857181  0.757504  0.895674  0.879575  0.910104  0.852532 0.0  0.915167  0.673407  0.768657  0.574919  0.752501  0.981407  0.725761  0.859097  0.835628  0.885317  0.620497  0.619891  0.691552  0.920320 
16  0.358099  0.801792  0.811481  0.794638  0.745734  0.825165  0.844325  0.767073  0.751917  0.542423  0.564467  0.350642  0.648448  0.614461  0.546681  0.915167 0.0  0.885431  0.709023  0.901085  0.852993  0.411050  0.613839  0.716260  0.574954  0.593437  0.753414  0.860503  0.859007  0.465164 
17  0.681613  0.412153  0.503529  0.239190  0.577576  0.676808  0.210800  0.598888  0.572771  0.874914  0.675779  0.681751  0.796336  0.834295  0.932616  0.673407  0.885431 0.0  0.188037  0.602100  0.143504  0.800507  0.729382  0.252333  0.853132  0.880767  0.587455  0.659960  0.562628  0.813759 
18  0.819784  0.364321  0.487947  0.334493  0.616996  0.580144  0.334788  0.519394  0.570094  0.832699  0.795816  0.787472  0.746745  0.728228  0.720386  0.768657  0.709023  0.188037 0.0  0.611011  0.205986  0.862357  0.712822  0.375474  0.924808  0.859917  0.492617  0.585946  0.543786  0.837064 
19  0.793067  0.633571  0.528907  0.681945  0.628954  0.324464  0.507324  0.320252  0.759326  0.948054  0.783644  0.791656  0.885146  0.770031  0.838383  0.574919  0.901085  0.602100  0.611011 0.0  0.622199  0.844692  0.720704  0.600102  0.927693  0.930746  0.446699  0.355686  0.533599  0.879579 
20  0.876142  0.422218  0.452113  0.267534  0.579937  0.659521  0.372843  0.561093  0.597045  0.769120  0.656231  0.786396  0.787002  0.880190  0.878427  0.752501  0.852993  0.143504  0.205986  0.622199 0.0  0.836337  0.760809  0.343005  0.893077  0.829370  0.476645  0.515435  0.587237  0.814673 
21  0.470490  0.943200  0.776264  0.912012  0.823914  0.853417  0.815820  0.832973  0.753714  0.328805  0.554108  0.404870  0.702764  0.617244  0.528278  0.981407  0.411050  0.800507  0.862357  0.844692  0.836337 0.0  0.642099  0.745676  0.547152  0.565366  0.794505  0.817113  0.795860  0.582570 
22  0.629759  0.707303  0.725992  0.668681  0.802259  0.716907  0.568803  0.606339  0.500759  0.740180  0.625303  0.692870  0.740733  0.749821  0.700495  0.725761  0.613839  0.729382  0.712822  0.720704  0.760809  0.642099 0.0  0.715858  0.846591  0.674557  0.680996  0.731543  0.860567  0.634936 
23  0.810475  0.435251  0.458284  0.124584  0.533069  0.704786  0.159565  0.525115  0.599696  0.900732  0.667712  0.687739  0.845409  0.789946  0.792073  0.859097  0.716260  0.252333  0.375474  0.600102  0.343005  0.745676  0.715858 0.0  0.794281  0.756510  0.396093  0.606715  0.569722  0.646597 
24  0.614902  0.831927  0.791659  0.710774  0.833125  0.918026  0.797326  0.887309  0.803009  0.527335  0.666460  0.561095  0.777165  0.487878  0.437258  0.835628  0.574954  0.853132  0.924808  0.927693  0.893077  0.547152  0.846591  0.794281 0.0  0.390012  0.828055  0.942951  0.953045  0.613038 
25  0.701228  0.831891  0.771132  0.767638  0.758879  0.892780  0.828504  0.894161  0.768814  0.421446  0.684379  0.605355  0.637125  0.565762  0.477985  0.885317  0.593437  0.880767  0.859917  0.930746  0.829370  0.565366  0.674557  0.756510  0.390012 0.0  0.821180  0.943607  0.783320  0.669564 
26  0.771771  0.475419  0.456950  0.545590  0.428307  0.567636  0.550360  0.407502  0.553501  0.777137  0.735965  0.795496  0.855835  0.856609  0.850462  0.620497  0.753414  0.587455  0.492617  0.446699  0.476645  0.794505  0.680996  0.396093  0.828055  0.821180 0.0  0.483494  0.418693  0.829266 
27  0.819967  0.673627  0.483399  0.625558  0.548350  0.509063  0.593399  0.499320  0.724694  0.912024  0.748951  0.812970  1.000000  0.855250  0.916292  0.619891  0.860503  0.659960  0.585946  0.355686  0.515435  0.817113  0.731543  0.606715  0.942951  0.943607  0.483494 0.0  0.398146  0.884731 
28  0.821018  0.473002  0.378010  0.541657  0.478441  0.419713  0.513576  0.260742  0.664243  0.875888  0.769794  0.867115  0.773222  0.864149  0.851518  0.691552  0.859007  0.562628  0.543786  0.533599  0.587237  0.795860  0.860567  0.569722  0.953045  0.783320  0.418693  0.398146 0.0  0.807308 
29  0.426743  0.869501  0.701519  0.763139  0.874006  0.756456  0.676260  0.866726  0.828411  0.662157  0.555705  0.546697  0.671780  0.605023  0.629733  0.920320  0.465164  0.813759  0.837064  0.879579  0.814673  0.582570  0.634936  0.646597  0.613038  0.669564  0.829266  0.884731  0.807308 0.0 
