30
0 0.0  0.334516  0.747992  0.109206  0.612275  0.717180  0.824251  0.513355  0.789298  0.498277  0.590952  0.521894  0.661971  0.309701  0.701579  0.765702  0.208283  0.287451  0.562057  0.801356  0.729863  0.752568  0.675096  0.720467  0.784275  0.546130  0.728925  0.073148  0.744287  0.445363 
1  0.334516 0.0  0.798535  0.258083  0.569463  0.593131  0.779461  0.387843  0.910197  0.530585  0.618093  0.518781  0.755073  0.375739  0.771050  0.962675  0.299828  0.120147  0.504776  0.689163  0.797867  0.829271  0.672605  0.534843  0.701109  0.482311  0.811579  0.273003  0.752421  0.362807 
2  0.747992  0.798535 0.0  0.830665  0.800088  0.962999  0.479601  0.679435  0.602197  0.794079  0.828821  0.704754  0.632118  0.838795  0.579607  0.556243  0.764342  0.848791  0.711971  0.474687  0.545944  0.446654  0.596329  0.804566  0.578726  0.787447  0.300752  0.748608  0.593777  0.737934 
3  0.109206  0.258083  0.830665 0.0  0.565717  0.748705  0.765402  0.529243  0.710759  0.426050  0.677920  0.450645  0.749046  0.259877  0.820576  0.891152  0.135065  0.194097  0.467884  0.805741  0.916680  0.756079  0.678417  0.516689  0.880897  0.425966  0.662741  0.126287  0.786070  0.464081 
4  0.612275  0.569463  0.800088  0.565717 0.0  0.512314  0.858261  0.448304  0.877771  0.678383  0.233324  0.607702  0.833137  0.647049  0.887532  0.838196  0.562979  0.531578  0.539786  0.826017  0.908873  0.843091  0.805603  0.366078  0.815199  0.261913  0.885654  0.567378  0.803794  0.415726 
5  0.717180  0.593131  0.962999  0.748705  0.512314 0.0  0.884934  0.600418  0.966907  0.819246  0.546833  0.690579  0.904669  0.627889  0.835273  0.902332  0.793355  0.712475  0.688016  0.864748  0.824796  1.000000  0.812427  0.742544  0.878038  0.568586  0.906934  0.717971  0.825458  0.668647 
6  0.824251  0.779461  0.479601  0.765402  0.858261  0.884934 0.0  0.783070  0.589989  0.643070  0.908434  0.850816  0.450841  0.730457  0.524568  0.706253  0.797787  0.696841  0.882791  0.388165  0.387019  0.567627  0.465265  0.894924  0.307354  0.781721  0.538357  0.836166  0.399410  0.797755 
7  0.513355  0.387843  0.679435  0.529243  0.448304  0.600418  0.783070 0.0  0.874287  0.518602  0.389045  0.353384  0.853221  0.549412  0.869884  0.843327  0.508239  0.525242  0.317319  0.781848  0.859659  0.788455  0.736920  0.507504  0.755400  0.263998  0.831030  0.541614  0.763570  0.288053 
8  0.789298  0.910197  0.602197  0.710759  0.877771  0.966907  0.589989  0.874287 0.0  0.880293  0.857415  0.898446  0.624596  0.869618  0.460805  0.662069  0.861690  0.815817  0.864935  0.578548  0.409633  0.511694  0.573361  0.942987  0.479342  0.868624  0.606328  0.855947  0.537119  0.910381 
9  0.498277  0.530585  0.794079  0.426050  0.678383  0.819246  0.643070  0.518602  0.880293 0.0  0.681483  0.519967  0.639123  0.475118  0.749950  0.867005  0.605750  0.569897  0.583873  0.670902  0.767530  0.679985  0.664847  0.687833  0.737958  0.734763  0.738469  0.514399  0.620526  0.549412 
10  0.590952  0.618093  0.828821  0.677920  0.233324  0.546833  0.908434  0.389045  0.857415  0.681483 0.0  0.564937  0.865091  0.663908  0.951482  0.812146  0.519049  0.548526  0.485891  0.795577  0.889978  0.863773  0.812422  0.440693  0.760283  0.360024  0.807999  0.632420  0.830724  0.445911 
11  0.521894  0.518781  0.704754  0.450645  0.607702  0.690579  0.850816  0.353384  0.898446  0.519967  0.564937 0.0  0.720715  0.567696  0.846421  0.790490  0.536765  0.470123  0.262654  0.676715  0.811281  0.740612  0.809523  0.664247  0.778953  0.529852  0.716628  0.479512  0.791210  0.441082 
12  0.661971  0.755073  0.632118  0.749046  0.833137  0.904669  0.450841  0.853221  0.624596  0.639123  0.865091  0.720715 0.0  0.663353  0.614132  0.740166  0.672699  0.693221  0.754440  0.423948  0.521661  0.641411  0.167197  0.833687  0.360717  0.673280  0.568953  0.719639  0.197071  0.786225 
13  0.309701  0.375739  0.838795  0.259877  0.647049  0.627889  0.730457  0.549412  0.869618  0.475118  0.663908  0.567696  0.663353 0.0  0.820607  0.945141  0.352915  0.405186  0.574079  0.775646  0.815679  0.696960  0.683712  0.593114  0.760876  0.517040  0.718319  0.339582  0.755258  0.416258 
14  0.701579  0.771050  0.579607  0.820576  0.887532  0.835273  0.524568  0.869884  0.460805  0.749950  0.951482  0.846421  0.614132  0.820607 0.0  0.537004  0.733318  0.866528  0.804540  0.469955  0.390443  0.284178  0.622556  0.903264  0.464796  0.773030  0.413809  0.789809  0.570026  0.831028 
15  0.765702  0.962675  0.556243  0.891152  0.838196  0.902332  0.706253  0.843327  0.662069  0.867005  0.812146  0.790490  0.740166  0.945141  0.537004 0.0  0.864378  0.807326  0.893751  0.583660  0.683314  0.580212  0.677015  0.851968  0.623801  0.903780  0.567209  0.640025  0.693640  0.912644 
16  0.208283  0.299828  0.764342  0.135065  0.562979  0.793355  0.797787  0.508239  0.861690  0.605750  0.519049  0.536765  0.672699  0.352915  0.733318  0.864378 0.0  0.208240  0.470793  0.747013  0.760364  0.935556  0.769539  0.568742  0.809119  0.587642  0.751512  0.146588  0.808592  0.486034 
17  0.287451  0.120147  0.848791  0.194097  0.531578  0.712475  0.696841  0.525242  0.815817  0.569897  0.548526  0.470123  0.693221  0.405186  0.866528  0.807326  0.208240 0.0  0.439880  0.843707  0.799045  0.803737  0.700270  0.671614  0.865012  0.425419  0.785198  0.253188  0.744951  0.364614 
18  0.562057  0.504776  0.711971  0.467884  0.539786  0.688016  0.882791  0.317319  0.864935  0.583873  0.485891  0.262654  0.754440  0.574079  0.804540  0.893751  0.470793  0.439880 0.0  0.639574  0.830186  0.855746  0.741451  0.654918  0.732860  0.523059  0.832911  0.501171  0.782241  0.654592 
19  0.801356  0.689163  0.474687  0.805741  0.826017  0.864748  0.388165  0.781848  0.578548  0.670902  0.795577  0.676715  0.423948  0.775646  0.469955  0.583660  0.747013  0.843707  0.639574 0.0  0.565670  0.516072  0.502125  0.899530  0.390717  0.838636  0.358234  0.725438  0.337185  0.846756 
20  0.729863  0.797867  0.545944  0.916680  0.908873  0.824796  0.387019  0.859659  0.409633  0.767530  0.889978  0.811281  0.521661  0.815679  0.390443  0.683314  0.760364  0.799045  0.830186  0.565670 0.0  0.456945  0.544325  0.881466  0.370447  0.912851  0.474343  0.935382  0.511675  0.805354 
21  0.752568  0.829271  0.446654  0.756079  0.843091  1.000000  0.567627  0.788455  0.511694  0.679985  0.863773  0.740612  0.641411  0.696960  0.284178  0.580212  0.935556  0.803737  0.855746  0.516072  0.456945 0.0  0.619589  0.930997  0.490222  0.773641  0.587278  0.823315  0.485871  0.834330 
22  0.675096  0.672605  0.596329  0.678417  0.805603  0.812427  0.465265  0.736920  0.573361  0.664847  0.812422  0.809523  0.167197  0.683712  0.622556  0.677015  0.769539  0.700270  0.741451  0.502125  0.544325  0.619589 0.0  0.842536  0.336515  0.830951  0.538831  0.820209  0.254849  0.663078 
23  0.720467  0.534843  0.804566  0.516689  0.366078  0.742544  0.894924  0.507504  0.942987  0.687833  0.440693  0.664247  0.833687  0.593114  0.903264  0.851968  0.568742  0.671614  0.654918  0.899530  0.881466  0.930997  0.842536 0.0  0.844251  0.429189  0.853326  0.581239  0.896392  0.558502 
24  0.784275  0.701109  0.578726  0.880897  0.815199  0.878038  0.307354  0.755400  0.479342  0.737958  0.760283  0.778953  0.360717  0.760876  0.464796  0.623801  0.809119  0.865012  0.732860  0.390717  0.370447  0.490222  0.336515  0.844251 0.0  0.842847  0.517428  0.790781  0.254451  0.727229 
25  0.546130  0.482311  0.787447  0.425966  0.261913  0.568586  0.781721  0.263998  0.868624  0.734763  0.360024  0.529852  0.673280  0.517040  0.773030  0.903780  0.587642  0.425419  0.523059  0.838636  0.912851  0.773641  0.830951  0.429189  0.842847 0.0  0.771501  0.568870  0.758383  0.410562 
26  0.728925  0.811579  0.300752  0.662741  0.885654  0.906934  0.538357  0.831030  0.606328  0.738469  0.807999  0.716628  0.568953  0.718319  0.413809  0.567209  0.751512  0.785198  0.832911  0.358234  0.474343  0.587278  0.538831  0.853326  0.517428  0.771501 0.0  0.672020  0.578241  0.788147 
27  0.073148  0.273003  0.748608  0.126287  0.567378  0.717971  0.836166  0.541614  0.855947  0.514399  0.632420  0.479512  0.719639  0.339582  0.789809  0.640025  0.146588  0.253188  0.501171  0.725438  0.935382  0.823315  0.820209  0.581239  0.790781  0.568870  0.672020 0.0  0.641944  0.509023 
28  0.744287  0.752421  0.593777  0.786070  0.803794  0.825458  0.399410  0.763570  0.537119  0.620526  0.830724  0.791210  0.197071  0.755258  0.570026  0.693640  0.808592  0.744951  0.782241  0.337185  0.511675  0.485871  0.254849  0.896392  0.254451  0.758383  0.578241  0.641944 0.0  0.744858 
29  0.445363  0.362807  0.737934  0.464081  0.415726  0.668647  0.797755  0.288053  0.910381  0.549412  0.445911  0.441082  0.786225  0.416258  0.831028  0.912644  0.486034  0.364614  0.654592  0.846756  0.805354  0.834330  0.663078  0.558502  0.727229  0.410562  0.788147  0.509023  0.744858 0.0 
