30
0 0.0  0.587767  0.780214  0.821544  0.844129  0.438947  0.604462  0.501831  0.461588  0.515450  0.522306  0.788264  0.783784  0.756454  0.903605  0.689895  0.581112  0.836441  0.809534  0.819230  0.854490  0.874610  0.665471  0.751029  0.797400  0.484109  0.618427  0.766079  0.596614  0.549791 
1  0.587767 0.0  0.806283  0.719832  0.925688  0.677457  0.779625  0.603219  0.520283  0.521185  0.556412  0.842584  0.806198  0.830932  0.968201  0.906721  0.518167  0.831247  0.867075  0.785643  0.959350  0.890584  0.139008  0.875593  0.773397  0.662417  0.475180  0.998215  0.385274  0.615695 
2  0.780214  0.806283 0.0  0.509396  0.378464  0.679419  0.668437  0.785797  0.854764  0.758258  0.800096  0.531796  0.718312  0.311667  0.589091  0.379430  0.782865  0.423688  0.450135  0.511551  0.526010  0.416614  0.799355  0.568399  0.372458  0.793327  0.835594  0.476446  0.863748  0.840427 
3  0.821544  0.719832  0.509396 0.0  0.576474  0.770313  0.608211  0.702586  0.806725  0.884358  0.811475  0.324240  0.532658  0.429140  0.543195  0.381945  0.693967  0.542787  0.507603  0.506647  0.680642  0.219732  0.904624  0.475495  0.591792  0.771014  0.733681  0.565736  0.855162  0.634303 
4  0.844129  0.925688  0.378464  0.576474 0.0  0.721311  0.608431  0.738370  0.808308  0.820044  0.785826  0.486455  0.665644  0.356717  0.548919  0.549953  0.819011  0.422084  0.454168  0.452935  0.526419  0.469417  0.874753  0.595674  0.248250  0.679285  0.821907  0.475555  0.841982  0.795295 
5  0.438947  0.677457  0.679419  0.770313  0.721311 0.0  0.682022  0.102850  0.572271  0.436093  0.154364  0.843262  0.730139  0.693399  0.827939  0.668156  0.314426  0.824504  0.809969  0.837745  0.821409  0.792942  0.553979  0.790136  0.759899  0.635995  0.597198  0.916557  0.605599  0.107714 
6  0.604462  0.779625  0.668437  0.608211  0.608431  0.682022 0.0  0.625435  0.758801  0.682849  0.691637  0.744189  0.311645  0.573016  0.668850  0.425118  0.440902  0.693993  0.637789  0.691530  0.749553  0.639291  0.821994  0.557555  0.729509  0.506459  0.906642  0.746757  0.690328  0.649670 
7  0.501831  0.603219  0.785797  0.702586  0.738370  0.102850  0.625435 0.0  0.600834  0.419399  0.198101  0.745252  0.627739  0.827235  0.782316  0.613020  0.192609  0.814013  0.831551  0.752674  0.766720  0.714217  0.502502  0.636897  0.770611  0.548621  0.671024  0.793001  0.620555  0.000692 
8  0.461588  0.520283  0.854764  0.806725  0.808308  0.572271  0.758801  0.600834 0.0  0.561803  0.582455  0.822290  0.671054  0.805072  0.915037  0.796524  0.626510  0.911089  0.749673  0.884316  1.000000  0.770327  0.501827  0.813690  0.823078  0.670327  0.194699  0.821416  0.537002  0.579272 
9  0.515450  0.521185  0.758258  0.884358  0.820044  0.436093  0.682849  0.419399  0.561803 0.0  0.355457  0.855555  0.839614  0.677173  0.863381  0.719804  0.519686  0.849819  0.917896  0.786435  0.980162  0.756808  0.478329  0.752409  0.861692  0.585487  0.569098  0.863714  0.518080  0.424285 
10  0.522306  0.556412  0.800096  0.811475  0.785826  0.154364  0.691637  0.198101  0.582455  0.355457 0.0  0.864142  0.628816  0.720416  0.826541  0.815053  0.475056  0.847739  0.896682  0.852784  0.878856  0.852452  0.541982  0.802295  0.807752  0.647901  0.524651  0.818923  0.507750  0.330002 
11  0.788264  0.842584  0.531796  0.324240  0.486455  0.843262  0.744189  0.745252  0.822290  0.855555  0.864142 0.0  0.625585  0.477956  0.502142  0.484319  0.744724  0.527064  0.491451  0.534116  0.688202  0.409413  0.835409  0.538084  0.588153  0.695673  0.749300  0.535143  0.841866  0.719246 
12  0.783784  0.806198  0.718312  0.532658  0.665644  0.730139  0.311645  0.627739  0.671054  0.839614  0.628816  0.625585 0.0  0.575687  0.763472  0.544700  0.506766  0.677375  0.613387  0.781738  0.787686  0.562847  0.702203  0.513906  0.736583  0.669717  0.779668  0.698102  0.721287  0.566125 
13  0.756454  0.830932  0.311667  0.429140  0.356717  0.693399  0.573016  0.827235  0.805072  0.677173  0.720416  0.477956  0.575687 0.0  0.647248  0.475905  0.744935  0.492698  0.549274  0.633174  0.490408  0.422679  0.897742  0.357630  0.273612  0.651148  0.814176  0.577467  0.731957  0.697316 
14  0.903605  0.968201  0.589091  0.543195  0.548919  0.827939  0.668850  0.782316  0.915037  0.863381  0.826541  0.502142  0.763472  0.647248 0.0  0.587809  0.666258  0.357921  0.335292  0.349995  0.537688  0.538812  0.940618  0.622155  0.614732  0.771333  0.853205  0.539217  0.893362  0.811192 
15  0.689895  0.906721  0.379430  0.381945  0.549953  0.668156  0.425118  0.613020  0.796524  0.719804  0.815053  0.484319  0.544700  0.475905  0.587809 0.0  0.764421  0.562113  0.647476  0.465176  0.642563  0.479257  0.870518  0.064576  0.539094  0.596453  0.739935  0.560356  0.767412  0.737924 
16  0.581112  0.518167  0.782865  0.693967  0.819011  0.314426  0.440902  0.192609  0.626510  0.519686  0.475056  0.744724  0.506766  0.744935  0.666258  0.764421 0.0  0.796096  0.775303  0.884376  0.858030  0.671447  0.445151  0.798807  0.821986  0.609768  0.595051  0.878270  0.551921  0.203991 
17  0.836441  0.831247  0.423688  0.542787  0.422084  0.824504  0.693993  0.814013  0.911089  0.849819  0.847739  0.527064  0.677375  0.492698  0.357921  0.562113  0.796096 0.0  0.132137  0.266707  0.523871  0.630709  0.886941  0.604517  0.578409  0.676159  0.814255  0.391919  0.844403  0.824913 
18  0.809534  0.867075  0.450135  0.507603  0.454168  0.809969  0.637789  0.831551  0.749673  0.917896  0.896682  0.491451  0.613387  0.549274  0.335292  0.647476  0.775303  0.132137 0.0  0.251573  0.466365  0.510578  0.894100  0.622179  0.551239  0.855764  0.841657  0.161427  0.878591  0.869276 
19  0.819230  0.785643  0.511551  0.506647  0.452935  0.837745  0.691530  0.752674  0.884316  0.786435  0.852784  0.534116  0.781738  0.633174  0.349995  0.465176  0.884376  0.266707  0.251573 0.0  0.522083  0.621475  0.860801  0.696028  0.494938  0.870272  0.893671  0.233842  0.819913  0.809874 
20  0.854490  0.959350  0.526010  0.680642  0.526419  0.821409  0.749553  0.766720  1.000000  0.980162  0.878856  0.688202  0.787686  0.490408  0.537688  0.642563  0.858030  0.523871  0.466365  0.522083 0.0  0.783216  0.950994  0.644112  0.471584  0.774687  0.883645  0.497922  0.957044  0.802482 
21  0.874610  0.890584  0.416614  0.219732  0.469417  0.792942  0.639291  0.714217  0.770327  0.756808  0.852452  0.409413  0.562847  0.422679  0.538812  0.479257  0.671447  0.630709  0.510578  0.621475  0.783216 0.0  0.897816  0.523686  0.608946  0.645902  0.912312  0.661334  0.875205  0.613185 
22  0.665471  0.139008  0.799355  0.904624  0.874753  0.553979  0.821994  0.502502  0.501827  0.478329  0.541982  0.835409  0.702203  0.897742  0.940618  0.870518  0.445151  0.886941  0.894100  0.860801  0.950994  0.897816 0.0  0.828096  0.705765  0.682885  0.466502  0.886740  0.321909  0.566486 
23  0.751029  0.875593  0.568399  0.475495  0.595674  0.790136  0.557555  0.636897  0.813690  0.752409  0.802295  0.538084  0.513906  0.357630  0.622155  0.064576  0.798807  0.604517  0.622179  0.696028  0.644112  0.523686  0.828096 0.0  0.384667  0.629423  0.751116  0.599128  0.810101  0.778254 
24  0.797400  0.773397  0.372458  0.591792  0.248250  0.759899  0.729509  0.770611  0.823078  0.861692  0.807752  0.588153  0.736583  0.273612  0.614732  0.539094  0.821986  0.578409  0.551239  0.494938  0.471584  0.608946  0.705765  0.384667 0.0  0.645491  0.867493  0.543649  0.796165  0.713013 
25  0.484109  0.662417  0.793327  0.771014  0.679285  0.635995  0.506459  0.548621  0.670327  0.585487  0.647901  0.695673  0.669717  0.651148  0.771333  0.596453  0.609768  0.676159  0.855764  0.870272  0.774687  0.645902  0.682885  0.629423  0.645491 0.0  0.631120  0.787276  0.781926  0.544399 
26  0.618427  0.475180  0.835594  0.733681  0.821907  0.597198  0.906642  0.671024  0.194699  0.569098  0.524651  0.749300  0.779668  0.814176  0.853205  0.739935  0.595051  0.814255  0.841657  0.893671  0.883645  0.912312  0.466502  0.751116  0.867493  0.631120 0.0  0.919338  0.623622  0.681124 
27  0.766079  0.998215  0.476446  0.565736  0.475555  0.916557  0.746757  0.793001  0.821416  0.863714  0.818923  0.535143  0.698102  0.577467  0.539217  0.560356  0.878270  0.391919  0.161427  0.233842  0.497922  0.661334  0.886740  0.599128  0.543649  0.787276  0.919338 0.0  0.947707  0.883395 
28  0.596614  0.385274  0.863748  0.855162  0.841982  0.605599  0.690328  0.620555  0.537002  0.518080  0.507750  0.841866  0.721287  0.731957  0.893362  0.767412  0.551921  0.844403  0.878591  0.819913  0.957044  0.875205  0.321909  0.810101  0.796165  0.781926  0.623622  0.947707 0.0  0.602401 
29  0.549791  0.615695  0.840427  0.634303  0.795295  0.107714  0.649670  0.000692  0.579272  0.424285  0.330002  0.719246  0.566125  0.697316  0.811192  0.737924  0.203991  0.824913  0.869276  0.809874  0.802482  0.613185  0.566486  0.778254  0.713013  0.544399  0.681124  0.883395  0.602401 0.0 
