30
0 0.0  0.473783  0.774887  0.798857  0.275109  0.517631  0.842063  0.728413  0.348766  0.670815  0.635755  0.724023  0.813106  0.859067  0.642519  0.602604  0.865670  0.416851  0.745558  0.784402  0.794139  0.566683  0.789268  0.920071  0.761966  0.804048  0.236462  0.513886  0.679451  0.728166 
1  0.473783 0.0  0.781244  0.883698  0.522552  0.370040  0.855463  0.723378  0.607926  0.628490  0.732956  0.852433  0.834990  0.755730  0.627600  0.442154  0.855696  0.476277  0.883274  0.815711  0.895038  0.416086  0.817674  0.849596  0.782250  0.780633  0.547754  0.342484  0.837720  0.821017 
2  0.774887  0.781244 0.0  0.543846  0.780864  0.838920  0.366052  0.537375  0.746929  0.705927  0.627492  0.343119  0.362345  0.617040  0.989677  0.933245  0.516756  0.710939  0.488473  0.319474  0.526955  0.768608  0.197749  0.471820  0.493821  0.488310  0.865237  0.832843  0.597837  0.587069 
3  0.798857  0.883698  0.543846 0.0  0.817030  0.945775  0.485557  0.607544  0.905252  0.706970  0.701184  0.570305  0.485317  0.708975  0.984123  0.824490  0.389361  0.979577  0.542921  0.482277  0.386453  0.739441  0.658687  0.281544  0.611222  0.646445  0.835271  0.891854  0.825457  0.218762 
4  0.275109  0.522552  0.780864  0.817030 0.0  0.647425  0.720351  0.671932  0.380168  0.598394  0.642315  0.847817  0.814056  0.900963  0.699761  0.763066  0.891984  0.469581  0.758080  0.612023  0.790520  0.473569  0.811879  0.744083  0.842077  0.887959  0.028429  0.496156  0.710852  0.890130 
5  0.517631  0.370040  0.838920  0.945775  0.647425 0.0  0.846752  0.783558  0.548632  0.701915  0.748405  0.890791  0.882855  0.812586  0.547595  0.202407  0.908049  0.288114  0.976429  0.864181  0.875079  0.392215  0.940946  0.953367  0.847369  0.937468  0.611609  0.543800  0.728445  0.912715 
6  0.842063  0.855463  0.366052  0.485557  0.720351  0.846752 0.0  0.470242  0.803495  0.684140  0.674516  0.323539  0.406100  0.431015  0.905693  0.771189  0.440367  0.864930  0.378404  0.499306  0.462756  0.793674  0.337418  0.451709  0.437278  0.449635  0.797622  0.776928  0.717514  0.507920 
7  0.728413  0.723378  0.537375  0.607544  0.671932  0.783558  0.470242 0.0  0.644523  0.635013  0.603912  0.442855  0.512148  0.265715  0.924418  0.854534  0.681132  0.833376  0.477431  0.398360  0.580066  0.847776  0.423540  0.597503  0.567826  0.591402  0.728927  0.821192  0.655581  0.645777 
8  0.348766  0.607926  0.746929  0.905252  0.380168  0.548632  0.803495  0.644523 0.0  0.477546  0.541386  0.826277  0.782400  0.782350  0.749345  0.582067  0.876439  0.513110  0.932556  0.817439  0.814091  0.635432  0.806194  0.987899  0.913183  0.795273  0.317593  0.464692  0.596865  0.870989 
9  0.670815  0.628490  0.705927  0.706970  0.598394  0.701915  0.684140  0.635013  0.477546 0.0  0.725463  0.802867  0.741279  0.625424  0.767139  0.830905  0.852420  0.642859  0.667040  0.733889  0.683279  0.689941  0.747010  0.779567  0.783621  0.812097  0.587274  0.572995  0.523290  0.793764 
10  0.635755  0.732956  0.627492  0.701184  0.642315  0.748405  0.674516  0.603912  0.541386  0.725463 0.0  0.687972  0.729507  0.623957  0.794938  0.849163  0.606090  0.744338  0.668502  0.526718  0.575858  0.785721  0.683922  0.762463  0.629059  0.768505  0.757790  0.675334  0.326487  0.682737 
11  0.724023  0.852433  0.343119  0.570305  0.847817  0.890791  0.323539  0.442855  0.826277  0.802867  0.687972 0.0  0.501050  0.385793  0.903286  0.771719  0.496924  0.830139  0.409824  0.534670  0.565323  0.872299  0.421672  0.518040  0.534096  0.440581  0.701376  0.801992  0.585650  0.543709 
12  0.813106  0.834990  0.362345  0.485317  0.814056  0.882855  0.406100  0.512148  0.782400  0.741279  0.729507  0.501050 0.0  0.661989  0.876384  0.963565  0.562310  0.850915  0.661458  0.437603  0.397126  0.786041  0.403668  0.406701  0.600202  0.517626  0.767819  0.831572  0.770638  0.407508 
13  0.859067  0.755730  0.617040  0.708975  0.900963  0.812586  0.431015  0.265715  0.782350  0.625424  0.623957  0.385793  0.661989 0.0  0.851538  0.910328  0.670832  0.888929  0.113680  0.457430  0.708715  0.776074  0.454841  0.699364  0.511850  0.461075  0.756995  0.876014  0.604805  0.563566 
14  0.642519  0.627600  0.989677  0.984123  0.699761  0.547595  0.905693  0.924418  0.749345  0.767139  0.794938  0.903286  0.876384  0.851538 0.0  0.564789  0.939841  0.684006  0.865359  0.842501  0.946642  0.562281  0.890054  0.882987  0.902222  0.906601  0.669191  0.696708  0.767037  0.988945 
15  0.602604  0.442154  0.933245  0.824490  0.763066  0.202407  0.771189  0.854534  0.582067  0.830905  0.849163  0.771719  0.963565  0.910328  0.564789 0.0  0.981139  0.461462  0.849100  0.988070  0.852034  0.431861  0.863651  0.943248  1.000000  0.847837  0.611190  0.512004  0.895553  0.927181 
16  0.865670  0.855696  0.516756  0.389361  0.891984  0.908049  0.440367  0.681132  0.876439  0.852420  0.606090  0.496924  0.562310  0.670832  0.939841  0.981139 0.0  0.989658  0.546531  0.618434  0.406566  0.920904  0.546276  0.385168  0.410817  0.404594  0.850329  0.871492  0.678225  0.424566 
17  0.416851  0.476277  0.710939  0.979577  0.469581  0.288114  0.864930  0.833376  0.513110  0.642859  0.744338  0.830139  0.850915  0.888929  0.684006  0.461462  0.989658 0.0  0.767776  0.771309  0.794536  0.298477  0.831730  0.827884  0.768489  0.794640  0.391095  0.367835  0.708446  0.739078 
18  0.745558  0.883274  0.488473  0.542921  0.758080  0.976429  0.378404  0.477431  0.932556  0.667040  0.668502  0.409824  0.661458  0.113680  0.865359  0.849100  0.546531  0.767776 0.0  0.443060  0.720214  0.881246  0.488384  0.691001  0.579067  0.423499  0.668540  0.749954  0.685038  0.656662 
19  0.784402  0.815711  0.319474  0.482277  0.612023  0.864181  0.499306  0.398360  0.817439  0.733889  0.526718  0.534670  0.437603  0.457430  0.842501  0.988070  0.618434  0.771309  0.443060 0.0  0.627192  0.829171  0.476382  0.637332  0.553685  0.646330  0.800589  0.860556  0.610775  0.515516 
20  0.794139  0.895038  0.526955  0.386453  0.790520  0.875079  0.462756  0.580066  0.814091  0.683279  0.575858  0.565323  0.397126  0.708715  0.946642  0.852034  0.406566  0.794536  0.720214  0.627192 0.0  0.833357  0.527246  0.197870  0.548987  0.515564  0.809188  0.767121  0.783214  0.393535 
21  0.566683  0.416086  0.768608  0.739441  0.473569  0.392215  0.793674  0.847776  0.635432  0.689941  0.785721  0.872299  0.786041  0.776074  0.562281  0.431861  0.920904  0.298477  0.881246  0.829171  0.833357 0.0  0.799264  0.897937  0.748939  0.946085  0.546810  0.451160  0.737966  0.918737 
22  0.789268  0.817674  0.197749  0.658687  0.811879  0.940946  0.337418  0.423540  0.806194  0.747010  0.683922  0.421672  0.403668  0.454841  0.890054  0.863651  0.546276  0.831730  0.488384  0.476382  0.527246  0.799264 0.0  0.647524  0.533558  0.478263  0.817830  0.733486  0.731967  0.619181 
23  0.920071  0.849596  0.471820  0.281544  0.744083  0.953367  0.451709  0.597503  0.987899  0.779567  0.762463  0.518040  0.406701  0.699364  0.882987  0.943248  0.385168  0.827884  0.691001  0.637332  0.197870  0.897937  0.647524 0.0  0.526181  0.532550  0.838187  0.872790  0.609560  0.334886 
24  0.761966  0.782250  0.493821  0.611222  0.842077  0.847369  0.437278  0.567826  0.913183  0.783621  0.629059  0.534096  0.600202  0.511850  0.902222  1.000000  0.410817  0.768489  0.579067  0.553685  0.548987  0.748939  0.533558  0.526181 0.0  0.439099  0.832773  0.851881  0.780479  0.621886 
25  0.804048  0.780633  0.488310  0.646445  0.887959  0.937468  0.449635  0.591402  0.795273  0.812097  0.768505  0.440581  0.517626  0.461075  0.906601  0.847837  0.404594  0.794640  0.423499  0.646330  0.515564  0.946085  0.478263  0.532550  0.439099 0.0  0.846317  0.773102  0.667663  0.604274 
26  0.236462  0.547754  0.865237  0.835271  0.028429  0.611609  0.797622  0.728927  0.317593  0.587274  0.757790  0.701376  0.767819  0.756995  0.669191  0.611190  0.850329  0.391095  0.668540  0.800589  0.809188  0.546810  0.817830  0.838187  0.832773  0.846317 0.0  0.240755  0.619570  0.834227 
27  0.513886  0.342484  0.832843  0.891854  0.496156  0.543800  0.776928  0.821192  0.464692  0.572995  0.675334  0.801992  0.831572  0.876014  0.696708  0.512004  0.871492  0.367835  0.749954  0.860556  0.767121  0.451160  0.733486  0.872790  0.851881  0.773102  0.240755 0.0  0.638343  0.842737 
28  0.679451  0.837720  0.597837  0.825457  0.710852  0.728445  0.717514  0.655581  0.596865  0.523290  0.326487  0.585650  0.770638  0.604805  0.767037  0.895553  0.678225  0.708446  0.685038  0.610775  0.783214  0.737966  0.731967  0.609560  0.780479  0.667663  0.619570  0.638343 0.0  0.749842 
29  0.728166  0.821017  0.587069  0.218762  0.890130  0.912715  0.507920  0.645777  0.870989  0.793764  0.682737  0.543709  0.407508  0.563566  0.988945  0.927181  0.424566  0.739078  0.656662  0.515516  0.393535  0.918737  0.619181  0.334886  0.621886  0.604274  0.834227  0.842737  0.749842 0.0 
