30
0 0.0  0.769138  0.258132  0.685837  0.648122  0.428517  0.331109  0.409257  0.657192  0.615667  0.741656  0.699907  0.685721  0.679838  0.692506  0.677843  0.460035  0.772624  0.502217  0.063421  0.488967  0.736391  0.677337  0.497388  0.545246  0.762939  0.772637  0.531636  0.663627  0.547355 
1  0.769138 0.0  0.854138  0.416479  0.838813  0.879448  0.881569  0.864884  0.632316  0.608280  0.448619  0.589370  0.531645  0.607718  0.597502  0.585645  0.919191  0.560991  0.799368  0.844331  0.752796  0.481966  1.000000  0.853214  0.871980  0.480316  0.500883  0.789944  0.686703  0.763127 
2  0.258132  0.854138 0.0  0.754320  0.603118  0.419880  0.429300  0.408501  0.653953  0.620361  0.850450  0.813746  0.705708  0.666128  0.731422  0.760982  0.364730  0.841014  0.604727  0.260183  0.467713  0.829075  0.512772  0.338178  0.531481  0.738227  0.676483  0.577037  0.634623  0.583580 
3  0.685837  0.416479  0.754320 0.0  0.736598  0.733255  0.807800  0.657217  0.261566  0.648622  0.517827  0.289157  0.242966  0.588998  0.489820  0.175841  0.762251  0.593508  0.640417  0.827430  0.657798  0.542037  0.830882  0.817032  0.844375  0.509224  0.391225  0.761698  0.622068  0.785219 
4  0.648122  0.838813  0.603118  0.736598 0.0  0.451553  0.546783  0.566081  0.773510  0.657042  0.810592  0.751141  0.805812  0.749584  0.759211  0.756495  0.607401  0.793670  0.497704  0.587973  0.551830  0.906728  0.469355  0.475160  0.324696  0.866406  0.767385  0.207726  0.694416  0.554499 
5  0.428517  0.879448  0.419880  0.733255  0.451553 0.0  0.310876  0.311161  0.779303  0.615165  0.900160  0.703441  0.674686  0.690005  0.684472  0.707458  0.423990  0.845607  0.549066  0.496713  0.561207  0.754611  0.513317  0.334468  0.464316  0.816540  0.806340  0.476476  0.523861  0.124356 
6  0.331109  0.881569  0.429300  0.807800  0.546783  0.310876 0.0  0.467300  0.716469  0.612889  0.814419  0.819251  0.807336  0.736492  0.767019  0.700061  0.201571  0.903251  0.485022  0.348304  0.416346  0.714338  0.503835  0.378795  0.475956  0.802671  0.772524  0.561501  0.613168  0.500461 
7  0.409257  0.864884  0.408501  0.657217  0.566081  0.311161  0.467300 0.0  0.720337  0.673193  0.727329  0.702659  0.646499  0.644207  0.673490  0.785012  0.430160  0.689233  0.590087  0.471134  0.429171  0.806589  0.651723  0.445230  0.596549  0.744754  0.848223  0.577937  0.448839  0.360989 
8  0.657192  0.632316  0.653953  0.261566  0.773510  0.779303  0.716469  0.720337 0.0  0.568606  0.573190  0.281113  0.118798  0.582746  0.533987  0.306934  0.757246  0.628704  0.800140  0.706323  0.749733  0.487339  0.779979  0.766310  0.857935  0.480719  0.492460  0.747454  0.662665  0.718310 
9  0.615667  0.608280  0.620361  0.648622  0.657042  0.615165  0.612889  0.673193  0.568606 0.0  0.769812  0.611933  0.614536  0.469936  0.639816  0.643599  0.644550  0.668945  0.760630  0.598695  0.702864  0.709586  0.771501  0.666893  0.721120  0.701043  0.611341  0.749291  0.637023  0.733817 
10  0.741656  0.448619  0.850450  0.517827  0.810592  0.900160  0.814419  0.727329  0.573190  0.769812 0.0  0.468079  0.560226  0.633128  0.535892  0.522455  0.877836  0.381889  0.735091  0.798363  0.899516  0.487971  0.938944  0.794318  0.836803  0.196274  0.409385  0.776304  0.705406  0.840422 
11  0.699907  0.589370  0.813746  0.289157  0.751141  0.703441  0.819251  0.702659  0.281113  0.611933  0.468079 0.0  0.378217  0.645079  0.530688  0.247481  0.816484  0.611860  0.832020  0.709502  0.671281  0.311614  0.903489  0.783268  0.763753  0.453584  0.236561  0.770381  0.798277  0.769751 
12  0.685721  0.531645  0.705708  0.242966  0.805812  0.674686  0.807336  0.646499  0.118798  0.614536  0.560226  0.378217 0.0  0.479102  0.575047  0.300511  0.616069  0.552217  0.797262  0.761022  0.593653  0.438072  0.834855  0.773027  0.662549  0.736614  0.461835  0.784997  0.762315  0.747130 
13  0.679838  0.607718  0.666128  0.588998  0.749584  0.690005  0.736492  0.644207  0.582746  0.469936  0.633128  0.645079  0.479102 0.0  0.431142  0.568307  0.753207  0.698325  0.685959  0.651301  0.617496  0.539592  0.707170  0.617095  0.714909  0.705867  0.586343  0.712091  0.679235  0.693529 
14  0.692506  0.597502  0.731422  0.489820  0.759211  0.684472  0.767019  0.673490  0.533987  0.639816  0.535892  0.530688  0.575047  0.431142 0.0  0.493340  0.785488  0.575948  0.803298  0.731208  0.725253  0.437832  0.810350  0.690756  0.742613  0.511252  0.438001  0.840176  0.680773  0.770674 
15  0.677843  0.585645  0.760982  0.175841  0.756495  0.707458  0.700061  0.785012  0.306934  0.643599  0.522455  0.247481  0.300511  0.568307  0.493340 0.0  0.710885  0.544680  0.831670  0.678133  0.625896  0.469991  0.736430  0.749978  0.729674  0.481011  0.417444  0.855306  0.610548  0.797199 
16  0.460035  0.919191  0.364730  0.762251  0.607401  0.423990  0.201571  0.430160  0.757246  0.644550  0.877836  0.816484  0.616069  0.753207  0.785488  0.710885 0.0  0.867020  0.467169  0.413913  0.698714  0.734571  0.508544  0.446172  0.543003  0.888760  0.813899  0.631469  0.648155  0.392847 
17  0.772624  0.560991  0.841014  0.593508  0.793670  0.845607  0.903251  0.689233  0.628704  0.668945  0.381889  0.611860  0.552217  0.698325  0.575948  0.544680  0.867020 0.0  0.877642  0.796851  0.720604  0.469194  0.853669  0.739983  0.960503  0.377247  0.527027  0.850939  0.744119  0.867094 
18  0.502217  0.799368  0.604727  0.640417  0.497704  0.549066  0.485022  0.590087  0.800140  0.760630  0.735091  0.832020  0.797262  0.685959  0.803298  0.831670  0.467169  0.877642 0.0  0.581189  0.609784  0.697808  0.545217  0.418272  0.478166  0.801421  0.900374  0.500875  0.683913  0.635662 
19  0.063421  0.844331  0.260183  0.827430  0.587973  0.496713  0.348304  0.471134  0.706323  0.598695  0.798363  0.709502  0.761022  0.651301  0.731208  0.678133  0.413913  0.796851  0.581189 0.0  0.597467  0.803081  0.640196  0.498222  0.490865  0.743896  0.772302  0.555151  0.573424  0.490442 
20  0.488967  0.752796  0.467713  0.657798  0.551830  0.561207  0.416346  0.429171  0.749733  0.702864  0.899516  0.671281  0.593653  0.617496  0.725253  0.625896  0.698714  0.720604  0.609784  0.597467 0.0  0.715668  0.707113  0.491174  0.547220  0.776051  0.791585  0.565802  0.416455  0.546339 
21  0.736391  0.481966  0.829075  0.542037  0.906728  0.754611  0.714338  0.806589  0.487339  0.709586  0.487971  0.311614  0.438072  0.539592  0.437832  0.469991  0.734571  0.469194  0.697808  0.803081  0.715668 0.0  0.909692  0.811093  0.716103  0.361378  0.267425  0.801134  0.775063  0.769093 
22  0.677337  1.000000  0.512772  0.830882  0.469355  0.513317  0.503835  0.651723  0.779979  0.771501  0.938944  0.903489  0.834855  0.707170  0.810350  0.736430  0.508544  0.853669  0.545217  0.640196  0.707113  0.909692 0.0  0.538090  0.523295  0.723367  0.857432  0.496956  0.592204  0.511046 
23  0.497388  0.853214  0.338178  0.817032  0.475160  0.334468  0.378795  0.445230  0.766310  0.666893  0.794318  0.783268  0.773027  0.617095  0.690756  0.749978  0.446172  0.739983  0.418272  0.498222  0.491174  0.811093  0.538090 0.0  0.539852  0.697247  0.793826  0.366928  0.611941  0.347284 
24  0.545246  0.871980  0.531481  0.844375  0.324696  0.464316  0.475956  0.596549  0.857935  0.721120  0.836803  0.763753  0.662549  0.714909  0.742613  0.729674  0.543003  0.960503  0.478166  0.490865  0.547220  0.716103  0.523295  0.539852 0.0  0.835665  0.831448  0.001733  0.732958  0.427473 
25  0.762939  0.480316  0.738227  0.509224  0.866406  0.816540  0.802671  0.744754  0.480719  0.701043  0.196274  0.453584  0.736614  0.705867  0.511252  0.481011  0.888760  0.377247  0.801421  0.743896  0.776051  0.361378  0.723367  0.697247  0.835665 0.0  0.379859  0.819752  0.696545  0.794882 
26  0.772637  0.500883  0.676483  0.391225  0.767385  0.806340  0.772524  0.848223  0.492460  0.611341  0.409385  0.236561  0.461835  0.586343  0.438001  0.417444  0.813899  0.527027  0.900374  0.772302  0.791585  0.267425  0.857432  0.793826  0.831448  0.379859 0.0  0.758695  0.700570  0.755448 
27  0.531636  0.789944  0.577037  0.761698  0.207726  0.476476  0.561501  0.577937  0.747454  0.749291  0.776304  0.770381  0.784997  0.712091  0.840176  0.855306  0.631469  0.850939  0.500875  0.555151  0.565802  0.801134  0.496956  0.366928  0.001733  0.819752  0.758695 0.0  0.569387  0.454428 
28  0.663627  0.686703  0.634623  0.622068  0.694416  0.523861  0.613168  0.448839  0.662665  0.637023  0.705406  0.798277  0.762315  0.679235  0.680773  0.610548  0.648155  0.744119  0.683913  0.573424  0.416455  0.775063  0.592204  0.611941  0.732958  0.696545  0.700570  0.569387 0.0  0.491006 
29  0.547355  0.763127  0.583580  0.785219  0.554499  0.124356  0.500461  0.360989  0.718310  0.733817  0.840422  0.769751  0.747130  0.693529  0.770674  0.797199  0.392847  0.867094  0.635662  0.490442  0.546339  0.769093  0.511046  0.347284  0.427473  0.794882  0.755448  0.454428  0.491006 0.0 
