30
0 0.0  0.699956  0.200988  0.237638  0.840624  0.713765  0.475736  0.800218  0.654482  0.809587  0.764066  0.663741  0.826120  0.742275  0.256011  0.769145  0.749773  0.834758  0.337256  0.746705  0.845067  0.723741  0.142709  0.861541  0.424411  0.883944  0.473228  0.196139  0.600612  0.545062 
1  0.699956 0.0  0.594757  0.655456  0.868348  0.823787  0.562367  0.946982  0.282891  0.884143  0.878362  0.622917  0.855735  0.902522  0.696089  0.869704  0.832022  0.899021  0.500448  0.922026  0.901093  0.807080  0.521564  0.862367  0.582080  0.814499  0.560912  0.637704  0.811785  0.521457 
2  0.200988  0.594757 0.0  0.254175  0.911713  0.716592  0.319198  0.807342  0.612927  0.835042  0.754093  0.711740  0.817537  0.773009  0.216922  0.774186  0.672068  0.732262  0.386312  0.839278  0.693328  0.802112  0.483024  0.785846  0.414964  0.870376  0.537699  0.249038  0.541946  0.515772 
3  0.237638  0.655456  0.254175 0.0  0.869390  0.850008  0.393252  0.798911  0.642639  0.845361  0.795839  0.645559  0.866334  0.751955  0.239395  0.791734  0.713696  0.796236  0.570547  0.824383  0.858297  0.722077  0.383582  0.833075  0.430320  0.774009  0.711700  0.004729  0.665921  0.613073 
4  0.840624  0.868348  0.911713  0.869390 0.0  0.674417  0.777407  0.552813  0.919278  0.648368  0.664826  0.740838  0.717295  0.750497  0.864287  0.704903  0.855422  0.663819  0.824528  0.681916  0.683310  0.651239  0.850375  0.613877  0.895510  0.579292  0.978733  0.747754  0.865938  0.943083 
5  0.713765  0.823787  0.716592  0.850008  0.674417 0.0  0.761340  0.650686  0.751805  0.446357  0.499862  0.628534  0.646931  0.542856  0.775736  0.208232  0.640746  0.604083  0.751081  0.428213  0.193628  0.399513  0.806751  0.641785  0.784374  0.699265  0.709757  0.743573  0.542406  0.743311 
6  0.475736  0.562367  0.319198  0.393252  0.777407  0.761340 0.0  0.825805  0.559764  0.789540  0.779471  0.676419  0.822822  0.831034  0.372276  0.853788  0.736500  0.786948  0.452788  0.787936  0.833810  0.772362  0.358038  0.835712  0.448255  0.778803  0.466137  0.496043  0.708176  0.582594 
7  0.800218  0.946982  0.807342  0.798911  0.552813  0.650686  0.825805 0.0  0.932834  0.546232  0.605428  0.777265  0.618537  0.713767  0.865702  0.712231  0.792171  0.560772  0.949161  0.618530  0.675926  0.728127  0.951854  0.331618  0.889803  0.371580  0.859705  0.699180  0.800976  0.888144 
8  0.654482  0.282891  0.612927  0.642639  0.919278  0.751805  0.559764  0.932834 0.0  0.906616  0.857416  0.734830  0.949033  0.725075  0.651100  0.808967  0.714713  0.809295  0.611603  0.829075  0.826071  0.843090  0.599081  0.956580  0.550090  0.798853  0.577760  0.550446  0.765081  0.467938 
9  0.809587  0.884143  0.835042  0.845361  0.648368  0.446357  0.789540  0.546232  0.906616 0.0  0.376034  0.743626  0.532741  0.529749  0.693361  0.521147  0.738972  0.625136  0.716387  0.434351  0.432306  0.580441  0.918744  0.589826  0.726025  0.471460  0.719770  0.773600  0.629424  0.886144 
10  0.764066  0.878362  0.754093  0.795839  0.664826  0.499862  0.779471  0.605428  0.857416  0.376034 0.0  0.704169  0.552756  0.596162  0.792326  0.320676  0.506300  0.611329  0.758592  0.248964  0.452443  0.392435  0.769224  0.573050  0.845591  0.571607  0.810189  0.757081  0.702210  0.811972 
11  0.663741  0.622917  0.711740  0.645559  0.740838  0.628534  0.676419  0.777265  0.734830  0.743626  0.704169 0.0  0.794334  0.488553  0.681562  0.559974  0.353141  0.735573  0.645834  0.710039  0.491316  0.571654  0.690671  0.721086  0.665803  0.505698  0.607916  0.700599  0.164339  0.760176 
12  0.826120  0.855735  0.817537  0.866334  0.717295  0.646931  0.822822  0.618537  0.949033  0.532741  0.552756  0.794334 0.0  0.721089  0.874841  0.653086  0.696455  0.739902  0.839435  0.592389  0.610189  0.715357  0.945663  0.518627  0.826941  0.496862  0.860007  0.837027  0.896375  0.881416 
13  0.742275  0.902522  0.773009  0.751955  0.750497  0.542856  0.831034  0.713767  0.725075  0.529749  0.596162  0.488553  0.721089 0.0  0.719704  0.605642  0.468853  0.430827  0.695790  0.698844  0.563476  0.457736  0.804079  0.659658  0.740477  0.760428  0.799226  0.593885  0.513497  0.753841 
14  0.256011  0.696089  0.216922  0.239395  0.864287  0.775736  0.372276  0.865702  0.651100  0.693361  0.792326  0.681562  0.874841  0.719704 0.0  0.782195  0.672018  0.732231  0.290993  0.742767  0.799743  0.737684  0.379686  0.835834  0.462354  0.899647  0.544111  0.251785  0.675215  0.525951 
15  0.769145  0.869704  0.774186  0.791734  0.704903  0.208232  0.853788  0.712231  0.808967  0.521147  0.320676  0.559974  0.653086  0.605642  0.782195 0.0  0.645726  0.592188  0.662462  0.596142  0.289861  0.241093  0.738273  0.639629  0.768703  0.594310  0.731053  0.671930  0.736990  0.764695 
16  0.749773  0.832022  0.672068  0.713696  0.855422  0.640746  0.736500  0.792171  0.714713  0.738972  0.506300  0.353141  0.696455  0.468853  0.672018  0.645726 0.0  0.616012  0.588397  0.709929  0.634323  0.568478  0.781122  0.765359  0.707957  0.674133  0.738203  0.702827  0.356634  0.678231 
17  0.834758  0.899021  0.732262  0.796236  0.663819  0.604083  0.786948  0.560772  0.809295  0.625136  0.611329  0.735573  0.739902  0.430827  0.732231  0.592188  0.616012 0.0  0.674770  0.722726  0.625228  0.649598  0.716156  0.545866  0.855411  0.691823  0.708661  0.825120  0.676199  0.749513 
18  0.337256  0.500448  0.386312  0.570547  0.824528  0.751081  0.452788  0.949161  0.611603  0.716387  0.758592  0.645834  0.839435  0.695790  0.290993  0.662462  0.588397  0.674770 0.0  0.791883  0.768995  0.654173  0.481471  0.878474  0.609323  0.824348  0.591249  0.393563  0.647387  0.613925 
19  0.746705  0.922026  0.839278  0.824383  0.681916  0.428213  0.787936  0.618530  0.829075  0.434351  0.248964  0.710039  0.592389  0.698844  0.742767  0.596142  0.709929  0.722726  0.791883 0.0  0.459998  0.567120  0.848078  0.616008  0.798204  0.518124  0.890656  0.727619  0.689211  0.792742 
20  0.845067  0.901093  0.693328  0.858297  0.683310  0.193628  0.833810  0.675926  0.826071  0.432306  0.452443  0.491316  0.610189  0.563476  0.799743  0.289861  0.634323  0.625228  0.768995  0.459998 0.0  0.544366  0.747769  0.723278  0.758788  0.642647  0.686212  0.772493  0.582482  0.805803 
21  0.723741  0.807080  0.802112  0.722077  0.651239  0.399513  0.772362  0.728127  0.843090  0.580441  0.392435  0.571654  0.715357  0.457736  0.737684  0.241093  0.568478  0.649598  0.654173  0.567120  0.544366 0.0  0.812966  0.560709  0.789658  0.556596  0.812901  0.764905  0.675095  0.790855 
22  0.142709  0.521564  0.483024  0.383582  0.850375  0.806751  0.358038  0.951854  0.599081  0.918744  0.769224  0.690671  0.945663  0.804079  0.379686  0.738273  0.781122  0.716156  0.481471  0.848078  0.747769  0.812966 0.0  0.830284  0.463743  0.837285  0.484804  0.365320  0.770787  0.601071 
23  0.861541  0.862367  0.785846  0.833075  0.613877  0.641785  0.835712  0.331618  0.956580  0.589826  0.573050  0.721086  0.518627  0.659658  0.835834  0.639629  0.765359  0.545866  0.878474  0.616008  0.723278  0.560709  0.830284 0.0  0.829593  0.217262  0.811147  0.667927  0.748326  0.996332 
24  0.424411  0.582080  0.414964  0.430320  0.895510  0.784374  0.448255  0.889803  0.550090  0.726025  0.845591  0.665803  0.826941  0.740477  0.462354  0.768703  0.707957  0.855411  0.609323  0.798204  0.758788  0.789658  0.463743  0.829593 0.0  0.821467  0.535986  0.503141  0.593422  0.442767 
25  0.883944  0.814499  0.870376  0.774009  0.579292  0.699265  0.778803  0.371580  0.798853  0.471460  0.571607  0.505698  0.496862  0.760428  0.899647  0.594310  0.674133  0.691823  0.824348  0.518124  0.642647  0.556596  0.837285  0.217262  0.821467 0.0  0.734107  0.859235  0.725602  1.000000 
26  0.473228  0.560912  0.537699  0.711700  0.978733  0.709757  0.466137  0.859705  0.577760  0.719770  0.810189  0.607916  0.860007  0.799226  0.544111  0.731053  0.738203  0.708661  0.591249  0.890656  0.686212  0.812901  0.484804  0.811147  0.535986  0.734107 0.0  0.574869  0.663621  0.655024 
27  0.196139  0.637704  0.249038  0.004729  0.747754  0.743573  0.496043  0.699180  0.550446  0.773600  0.757081  0.700599  0.837027  0.593885  0.251785  0.671930  0.702827  0.825120  0.393563  0.727619  0.772493  0.764905  0.365320  0.667927  0.503141  0.859235  0.574869 0.0  0.553305  0.629369 
28  0.600612  0.811785  0.541946  0.665921  0.865938  0.542406  0.708176  0.800976  0.765081  0.629424  0.702210  0.164339  0.896375  0.513497  0.675215  0.736990  0.356634  0.676199  0.647387  0.689211  0.582482  0.675095  0.770787  0.748326  0.593422  0.725602  0.663621  0.553305 0.0  0.715120 
29  0.545062  0.521457  0.515772  0.613073  0.943083  0.743311  0.582594  0.888144  0.467938  0.886144  0.811972  0.760176  0.881416  0.753841  0.525951  0.764695  0.678231  0.749513  0.613925  0.792742  0.805803  0.790855  0.601071  0.996332  0.442767  1.000000  0.655024  0.629369  0.715120 0.0 
