30
0 0.0  0.974286  0.780421  0.881592  0.543614  0.684685  0.635456  0.616864  0.904956  0.799829  0.810110  0.717197  0.875452  0.911823  0.856782  0.534709  0.853933  0.728269  0.677951  0.978968  0.495870  0.689944  0.605401  0.736586  0.715381  0.692257  0.918322  0.908669  0.664484  0.793345 
1  0.974286 0.0  0.712374  0.592782  0.817993  0.878369  0.794109  0.819644  0.635500  0.772865  0.565704  0.716702  0.352582  0.633253  0.656619  0.904726  0.516699  0.927617  0.766966  0.524430  0.920699  0.851130  0.836414  1.000000  0.748080  0.789184  0.448134  0.582070  0.964861  0.759285 
2  0.780421  0.712374 0.0  0.765701  0.559826  0.411860  0.611005  0.629942  0.767451  0.618505  0.806640  0.690657  0.792557  0.705741  0.695349  0.640333  0.749263  0.523373  0.455923  0.809542  0.689396  0.412283  0.635363  0.570480  0.509331  0.541207  0.871037  0.762990  0.761505  0.493608 
3  0.881592  0.592782  0.765701 0.0  0.871425  0.779049  0.922447  0.777311  0.476214  0.892963  0.178457  0.418051  0.500520  0.405969  0.099336  0.823642  0.334537  0.806001  0.743006  0.648971  0.687393  0.863401  0.802456  0.794629  0.737840  0.755623  0.461772  0.477160  0.831640  0.673578 
4  0.543614  0.817993  0.559826  0.871425 0.0  0.566308  0.559837  0.540520  0.842502  0.561021  0.893254  0.758883  0.831244  0.810326  0.954675  0.491068  0.846607  0.680138  0.479796  0.913371  0.536689  0.477254  0.289982  0.377285  0.729087  0.478895  0.745631  0.838271  0.727418  0.687790 
5  0.684685  0.878369  0.411860  0.779049  0.566308 0.0  0.503025  0.474545  0.775159  0.362633  0.819483  0.931125  0.836720  0.723753  0.789563  0.623909  0.730397  0.565115  0.283308  0.813548  0.544746  0.467046  0.564787  0.400712  0.483636  0.349286  0.845390  0.936587  0.661148  0.514118 
6  0.635456  0.794109  0.611005  0.922447  0.559837  0.503025 0.0  0.515416  0.773422  0.572762  0.893272  0.799269  0.949603  0.911891  0.833005  0.393229  0.699169  0.607957  0.626992  0.857272  0.381430  0.648871  0.728204  0.462802  0.635426  0.611180  0.751975  0.815466  0.553756  0.590135 
7  0.616864  0.819644  0.629942  0.777311  0.540520  0.474545  0.515416 0.0  0.888189  0.652835  0.777692  0.883348  0.789974  0.789236  0.862323  0.254664  0.894039  0.624214  0.696459  0.922752  0.133893  0.616601  0.575729  0.441061  0.468280  0.426718  0.812083  0.831574  0.464283  0.816383 
8  0.904956  0.635500  0.767451  0.476214  0.842502  0.775159  0.773422  0.888189 0.0  0.720984  0.408155  0.496794  0.592710  0.442306  0.310862  0.853643  0.405653  0.754424  0.726402  0.717623  0.747079  0.739751  0.751159  0.821121  0.798551  0.736209  0.297915  0.555495  0.928949  0.687603 
9  0.799829  0.772865  0.618505  0.892963  0.561021  0.362633  0.572762  0.652835  0.720984 0.0  0.805878  0.765399  0.842276  0.928856  0.765400  0.651308  0.796924  0.484318  0.602170  0.902927  0.581708  0.737040  0.623623  0.653944  0.109389  0.532812  0.947520  0.798179  0.709052  0.655617 
10  0.810110  0.565704  0.806640  0.178457  0.893254  0.819483  0.893272  0.777692  0.408155  0.805878 0.0  0.322636  0.508591  0.589137  0.000000  0.753531  0.377485  0.967557  0.749389  0.675460  0.832103  0.799500  0.695478  0.689973  0.661480  0.872693  0.444478  0.584212  0.848235  0.677675 
11  0.717197  0.716702  0.690657  0.418051  0.758883  0.931125  0.799269  0.883348  0.496794  0.765399  0.322636 0.0  0.582593  0.541246  0.417067  0.877011  0.443722  0.783730  0.745276  0.760651  0.727174  0.784956  0.807795  0.782463  0.668425  0.723894  0.561166  0.687073  0.996802  0.671584 
12  0.875452  0.352582  0.792557  0.500520  0.831244  0.836720  0.949603  0.789974  0.592710  0.842276  0.508591  0.582593 0.0  0.593412  0.563063  0.897998  0.497498  0.829359  0.795058  0.571079  0.836585  0.840264  0.885046  0.903674  0.809768  0.834597  0.479532  0.531753  0.835810  0.809604 
13  0.911823  0.633253  0.705741  0.405969  0.810326  0.723753  0.911891  0.789236  0.442306  0.928856  0.589137  0.541246  0.593412 0.0  0.589038  0.927618  0.587926  0.755834  0.746620  0.810586  0.882955  0.725298  0.862199  0.858648  0.799443  0.843621  0.487741  0.534680  0.835988  0.658825 
14  0.856782  0.656619  0.695349  0.099336  0.954675  0.789563  0.833005  0.862323  0.310862  0.765400  0.000000  0.417067  0.563063  0.589038 0.0  0.881055  0.330381  0.849173  0.722013  0.711268  0.833792  0.848680  0.888534  0.800093  0.838001  0.874261  0.457563  0.481112  0.789394  0.697278 
15  0.534709  0.904726  0.640333  0.823642  0.491068  0.623909  0.393229  0.254664  0.853643  0.651308  0.753531  0.877011  0.897998  0.927618  0.881055 0.0  0.817194  0.503288  0.608755  0.817365  0.007733  0.632230  0.571223  0.493400  0.602893  0.521143  0.820215  0.912266  0.547204  0.710326 
16  0.853933  0.516699  0.749263  0.334537  0.846607  0.730397  0.699169  0.894039  0.405653  0.796924  0.377485  0.443722  0.497498  0.587926  0.330381  0.817194 0.0  0.840341  0.729619  0.612629  0.789436  0.737203  0.767087  0.825870  0.816505  0.922406  0.446268  0.539210  0.861231  0.666334 
17  0.728269  0.927617  0.523373  0.806001  0.680138  0.565115  0.607957  0.624214  0.754424  0.484318  0.967557  0.783730  0.829359  0.755834  0.849173  0.503288  0.840341 0.0  0.542931  0.864515  0.576929  0.724003  0.677334  0.610031  0.501048  0.546105  0.910146  0.778460  0.639688  0.641407 
18  0.677951  0.766966  0.455923  0.743006  0.479796  0.283308  0.626992  0.696459  0.726402  0.602170  0.749389  0.745276  0.795058  0.746620  0.722013  0.608755  0.729619  0.542931 0.0  0.864709  0.483431  0.185414  0.515564  0.586890  0.482704  0.344797  0.833809  0.813736  0.636853  0.645219 
19  0.978968  0.524430  0.809542  0.648971  0.913371  0.813548  0.857272  0.922752  0.717623  0.902927  0.675460  0.760651  0.571079  0.810586  0.711268  0.817365  0.612629  0.864515  0.864709 0.0  0.848040  0.923564  0.850715  0.925868  0.870533  0.889596  0.581732  0.557432  0.806663  0.783003 
20  0.495870  0.920699  0.689396  0.687393  0.536689  0.544746  0.381430  0.133893  0.747079  0.581708  0.832103  0.727174  0.836585  0.882955  0.833792  0.007733  0.789436  0.576929  0.483431  0.848040 0.0  0.665961  0.468212  0.517579  0.506062  0.649739  0.853298  0.955345  0.703009  0.738205 
21  0.689944  0.851130  0.412283  0.863401  0.477254  0.467046  0.648871  0.616601  0.739751  0.737040  0.799500  0.784956  0.840264  0.725298  0.848680  0.632230  0.737203  0.724003  0.185414  0.923564  0.665961 0.0  0.426972  0.548620  0.602381  0.415748  0.754383  0.898012  0.609947  0.639087 
22  0.605401  0.836414  0.635363  0.802456  0.289982  0.564787  0.728204  0.575729  0.751159  0.623623  0.695478  0.807795  0.885046  0.862199  0.888534  0.571223  0.767087  0.677334  0.515564  0.850715  0.468212  0.426972 0.0  0.312766  0.621147  0.555465  0.905483  0.799017  0.680500  0.687234 
23  0.736586  1.000000  0.570480  0.794629  0.377285  0.400712  0.462802  0.441061  0.821121  0.653944  0.689973  0.782463  0.903674  0.858648  0.800093  0.493400  0.825870  0.610031  0.586890  0.925868  0.517579  0.548620  0.312766 0.0  0.678921  0.496919  0.903206  0.860556  0.672125  0.637342 
24  0.715381  0.748080  0.509331  0.737840  0.729087  0.483636  0.635426  0.468280  0.798551  0.109389  0.661480  0.668425  0.809768  0.799443  0.838001  0.602893  0.816505  0.501048  0.482704  0.870533  0.506062  0.602381  0.621147  0.678921 0.0  0.513853  0.785290  0.726183  0.684139  0.628896 
25  0.692257  0.789184  0.541207  0.755623  0.478895  0.349286  0.611180  0.426718  0.736209  0.532812  0.872693  0.723894  0.834597  0.843621  0.874261  0.521143  0.922406  0.546105  0.344797  0.889596  0.649739  0.415748  0.555465  0.496919  0.513853 0.0  0.776866  0.862691  0.631857  0.553987 
26  0.918322  0.448134  0.871037  0.461772  0.745631  0.845390  0.751975  0.812083  0.297915  0.947520  0.444478  0.561166  0.479532  0.487741  0.457563  0.820215  0.446268  0.910146  0.833809  0.581732  0.853298  0.754383  0.905483  0.903206  0.785290  0.776866 0.0  0.528402  0.919357  0.565248 
27  0.908669  0.582070  0.762990  0.477160  0.838271  0.936587  0.815466  0.831574  0.555495  0.798179  0.584212  0.687073  0.531753  0.534680  0.481112  0.912266  0.539210  0.778460  0.813736  0.557432  0.955345  0.898012  0.799017  0.860556  0.726183  0.862691  0.528402 0.0  0.932057  0.584967 
28  0.664484  0.964861  0.761505  0.831640  0.727418  0.661148  0.553756  0.464283  0.928949  0.709052  0.848235  0.996802  0.835810  0.835988  0.789394  0.547204  0.861231  0.639688  0.636853  0.806663  0.703009  0.609947  0.680500  0.672125  0.684139  0.631857  0.919357  0.932057 0.0  0.651731 
29  0.793345  0.759285  0.493608  0.673578  0.687790  0.514118  0.590135  0.816383  0.687603  0.655617  0.677675  0.671584  0.809604  0.658825  0.697278  0.710326  0.666334  0.641407  0.645219  0.783003  0.738205  0.639087  0.687234  0.637342  0.628896  0.553987  0.565248  0.584967  0.651731 0.0 
