197
0 0.0  0.547061  0.571613  0.443326  0.434509  0.476518  0.379235  0.463857  0.670424  0.632507  0.537057  0.515663  0.425042  0.608902  0.594928  0.573879  0.463132  0.454831  0.561793  0.493892  0.530060  0.619832  0.576064  0.603292  0.498268  0.766563  0.557645  0.580711  0.442782  0.719836  0.484956  0.435111  0.408645  0.491362  0.381791  0.648624  0.514395  0.592917  0.508433  0.563229  0.640069  0.654477  0.679953  0.639426  0.670887  0.495783  0.418031  0.655602  0.519122  0.512614  0.430315  0.711248  0.417999  0.477935  0.372220  0.566005  0.563406  0.770345  0.627592  0.443704  0.602341  0.596404  0.527795  0.567131  0.499935  0.399480  0.535087  0.580361  0.448700  0.605406  0.514335  0.478419  0.382790  0.489807  0.685999  0.451884  0.504340  0.563197  0.654887  0.596323  0.630605  0.526892  0.489232  0.605634  0.656758  0.566249  0.393763  0.575712  0.481405  0.730492  0.546492  0.562056  0.629057  0.445404  0.539423  0.677398  0.432388  0.581374  0.632782  0.602844  0.786526  0.620917  0.386835  0.521375  0.754878  0.561356  0.511051  0.625213  0.607280  0.413228  0.581155  0.570291  0.523344  0.471921  0.692091  0.486301  0.559306  0.583935  0.584310  0.473518  0.561062  0.690101  0.566355  0.486452  0.633930  0.558940  0.482723  0.576427  0.541713  0.521745  0.473645  0.635824  0.509624  0.396396  0.622231  0.511302  0.543154  0.455029  0.334752  0.392919  0.607600  0.412648  0.700763  0.488846  0.566427  0.499781  0.418339  0.533436  0.559599  0.451747  0.671847  0.582846  0.724618  0.482862  0.583917  0.618765  0.574284  0.513497  0.470246  0.584605  0.726621  0.516808  0.403210  0.454643  0.552958  0.513416  0.324066  0.634327  0.552023  0.657375  0.711477  0.696651  0.601445  0.565231  0.635500  0.639256  0.503243  0.587403  0.677277  0.549351  0.379052  0.531581  0.418395  0.672581  0.572530  0.523228  0.695584  0.721525  0.538972  0.436306  0.540903  0.510681  0.505689  0.469871  0.723682  0.727956  0.410648 
1  0.547061 0.0  0.464316  0.439031  0.589196  0.583336  0.576186  0.630593  0.576816  0.461191  0.557526  0.530618  0.440700  0.514640  0.570983  0.343765  0.603364  0.420757  0.671867  0.332474  0.642493  0.565148  0.575486  0.748733  0.644486  0.557875  0.414000  0.551220  0.625120  0.658656  0.560760  0.436680  0.606583  0.607741  0.492516  0.532821  0.475317  0.546083  0.433985  0.530441  0.557608  0.784041  0.530760  0.605373  0.613251  0.629813  0.559933  0.569281  0.649254  0.531879  0.541618  0.628711  0.516971  0.530410  0.619790  0.670905  0.649179  0.639355  0.696818  0.635149  0.579746  0.467302  0.616943  0.241998  0.482542  0.456957  0.504994  0.546136  0.626968  0.787376  0.346743  0.741951  0.583050  0.518708  0.697319  0.354904  0.442151  0.499330  0.396939  0.353480  0.413735  0.418252  0.548189  0.664185  0.713365  0.628688  0.582648  0.600056  0.414396  0.627049  0.628057  0.442641  0.461651  0.383765  0.423833  0.604654  0.449222  0.497310  0.478478  0.587380  0.489201  0.615280  0.641081  0.617349  0.570391  0.557733  0.547147  0.514885  0.487329  0.660844  0.643326  0.653938  0.664938  0.592811  0.568788  0.530466  0.456252  0.610182  0.531065  0.416014  0.499240  0.779739  0.572780  0.597976  0.394609  0.679943  0.356635  0.609554  0.597337  0.577505  0.563753  0.463627  0.441706  0.588270  0.595990  0.589750  0.610227  0.703733  0.331904  0.441021  0.628507  0.426310  0.613907  0.456546  0.627135  0.597736  0.428540  0.357115  0.466566  0.313004  0.640404  0.406496  0.685532  0.353498  0.458191  0.502900  0.458221  0.370682  0.398588  0.558172  0.629582  0.371559  0.489332  0.381167  0.500058  0.601785  0.545854  0.612322  0.540627  0.637082  0.655317  0.735077  0.620205  0.376374  0.474397  0.442750  0.371982  0.473883  0.591733  0.446261  0.544436  0.617304  0.349558  0.552112  0.488491  0.449419  0.581584  0.662093  0.597605  0.591612  0.574084  0.514458  0.573134  0.407556  0.538103  0.620182  0.479384 
2  0.571613  0.464316 0.0  0.600519  0.547284  0.549101  0.574684  0.563053  0.540161  0.537712  0.689182  0.541775  0.568630  0.514279  0.477329  0.733693  0.457635  0.526572  0.494420  0.533985  0.525840  0.558486  0.556617  0.577898  0.553343  0.523354  0.639891  0.639002  0.643324  0.602838  0.626595  0.566298  0.458507  0.494999  0.696009  0.697953  0.606201  0.555415  0.607640  0.484307  0.524368  0.562838  0.510234  0.456033  0.546134  0.552635  0.597090  0.566641  0.650076  0.544859  0.547280  0.534098  0.530812  0.417276  0.676455  0.437125  0.611034  0.504253  0.574448  0.586143  0.611479  0.556903  0.482572  0.671852  0.553802  0.513002  0.531785  0.363235  0.511793  0.663270  0.637860  0.575540  0.576855  0.508461  0.504133  0.650097  0.634394  0.502435  0.670708  0.543972  0.644958  0.563484  0.609257  0.628705  0.582606  0.499091  0.532203  0.488624  0.608609  0.658725  0.588022  0.531943  0.660747  0.637201  0.567339  0.656430  0.632436  0.580678  0.713296  0.558230  0.650419  0.650747  0.540465  0.568093  0.499551  0.609872  0.468728  0.574501  0.507738  0.509658  0.481330  0.489286  0.582884  0.424035  0.515432  0.496768  0.675119  0.603273  0.497871  0.496720  0.536139  0.588706  0.507849  0.420104  0.594464  0.456183  0.552732  0.356528  0.503944  0.602232  0.561355  0.548098  0.659678  0.562117  0.516165  0.652723  0.482823  0.567235  0.576490  0.560642  0.523946  0.620625  0.601062  0.613166  0.628638  0.561155  0.550464  0.533107  0.513691  0.573621  0.656578  0.521761  0.591452  0.660307  0.653332  0.542785  0.686046  0.576706  0.670544  0.575243  0.639208  0.589551  0.594062  0.625695  0.640577  0.485300  0.526006  0.545774  0.541143  0.548374  0.601277  0.451546  0.575793  0.687834  0.681730  0.583641  0.555846  0.499318  0.559015  0.639886  0.538018  0.596415  0.628537  0.556716  0.503738  0.645876  0.542067  0.570473  0.576160  0.551982  0.562346  0.586449  0.550534  0.572291  0.541321  0.768586  0.643836 
3  0.443326  0.439031  0.600519 0.0  0.620218  0.628297  0.438393  0.748593  0.587006  0.764315  0.598978  0.682658  0.368185  0.549431  0.627380  0.408453  0.669160  0.486249  0.666632  0.490526  0.503997  0.599210  0.531164  0.850199  0.668215  0.598234  0.422477  0.514345  0.699844  0.695287  0.406109  0.446400  0.575640  0.547385  0.596322  0.725623  0.561501  0.615167  0.620937  0.441711  0.594302  0.671727  0.673163  0.809745  0.498012  0.537558  0.550731  0.621556  0.620808  0.618726  0.590061  0.599209  0.651929  0.674591  0.635916  0.666323  0.648429  0.705728  0.767959  0.610423  0.667787  0.319038  0.638360  0.384663  0.473365  0.374503  0.623745  0.519563  0.645156  0.861699  0.348654  0.795221  0.531154  0.683452  0.739937  0.471834  0.371588  0.630608  0.499164  0.502773  0.436587  0.341958  0.493241  0.728701  0.618992  0.663291  0.535376  0.675885  0.668157  0.781561  0.751459  0.593394  0.385650  0.512965  0.486136  0.652914  0.412387  0.640061  0.459805  0.592313  0.713867  0.697937  0.494847  0.565551  0.590526  0.648405  0.563479  0.614207  0.627513  0.689504  0.636461  0.663314  0.662500  0.578649  0.540832  0.609127  0.369543  0.668982  0.558259  0.557726  0.689022  0.637483  0.706178  0.538096  0.521016  0.705539  0.373595  0.728225  0.566998  0.441568  0.580849  0.472464  0.633674  0.739796  0.530893  0.534499  0.597319  0.665800  0.393812  0.358941  0.660610  0.519109  0.814739  0.448165  0.582738  0.757997  0.450320  0.519328  0.524921  0.547258  0.608631  0.476486  0.706316  0.390780  0.429485  0.701800  0.352271  0.430698  0.479888  0.644034  0.572989  0.255136  0.541006  0.324396  0.487744  0.522500  0.498420  0.690254  0.569377  0.610166  0.812651  0.824991  0.606735  0.457392  0.575300  0.550690  0.416952  0.488312  0.708857  0.485102  0.705749  0.622588  0.331525  0.686180  0.499426  0.299819  0.609339  0.759910  0.631542  0.568118  0.531134  0.474495  0.537931  0.446248  0.722962  0.648451  0.620987 
4  0.434509  0.589196  0.547284  0.620218 0.0  0.457336  0.519444  0.498176  0.750958  0.499696  0.565805  0.564564  0.538179  0.534688  0.515218  0.658135  0.485589  0.623908  0.754182  0.660388  0.435753  0.593747  0.518561  0.648121  0.462911  0.685116  0.698417  0.490216  0.409904  0.629078  0.586954  0.611661  0.562472  0.457240  0.401939  0.570272  0.604023  0.495185  0.588509  0.487650  0.581404  0.616934  0.568460  0.314979  0.608833  0.490866  0.534874  0.692922  0.551032  0.532629  0.490398  0.561449  0.547840  0.512526  0.662459  0.672521  0.491917  0.633541  0.602061  0.436963  0.634547  0.513240  0.639361  0.744363  0.537938  0.573236  0.519839  0.598025  0.427593  0.719195  0.592475  0.590219  0.524844  0.374955  0.796890  0.672461  0.495657  0.473746  0.651608  0.643691  0.681485  0.670737  0.588266  0.713938  0.745906  0.621316  0.570941  0.544669  0.610508  0.685046  0.682520  0.555283  0.733873  0.632107  0.706585  0.413724  0.666861  0.602294  0.761852  0.620477  0.758034  0.600269  0.329775  0.511916  0.569188  0.539980  0.449381  0.654750  0.538858  0.561028  0.464433  0.487693  0.580433  0.551949  0.553169  0.385266  0.703871  0.591918  0.638505  0.629873  0.448883  0.653637  0.752282  0.584425  0.640074  0.462920  0.539828  0.457001  0.604844  0.555784  0.675265  0.515798  0.762358  0.548468  0.586151  0.498598  0.611726  0.711769  0.576662  0.556844  0.642381  0.593991  0.596459  0.686767  0.568245  0.426490  0.675061  0.833178  0.620993  0.628853  0.676079  0.689126  0.553524  0.611310  0.682560  0.516343  0.678785  0.705330  0.625245  0.603125  0.622983  0.611716  0.747625  0.684822  0.592148  0.560427  0.489686  0.433068  0.649899  0.648583  0.607869  0.385991  0.580118  0.681504  0.640837  0.756583  0.733727  0.492329  0.594706  0.551513  0.557204  0.466453  0.729471  0.457069  0.549080  0.675715  0.574785  0.734941  0.454529  0.440762  0.463236  0.613416  0.534464  0.677550  0.679945  0.704581  0.689525 
5  0.476518  0.583336  0.549101  0.628297  0.457336 0.0  0.575271  0.472721  0.603583  0.596998  0.592861  0.485910  0.583856  0.557786  0.513296  0.633154  0.575571  0.696262  0.526140  0.528636  0.648369  0.585194  0.548791  0.604432  0.559697  0.548670  0.671344  0.591939  0.540344  0.650716  0.494757  0.487668  0.520044  0.682782  0.560191  0.572584  0.653542  0.571791  0.611968  0.500069  0.491595  0.526486  0.598424  0.556742  0.596364  0.538130  0.543888  0.527228  0.541351  0.605075  0.692809  0.507279  0.525876  0.576034  0.592926  0.501887  0.556876  0.533275  0.577550  0.506244  0.583960  0.645746  0.622615  0.620156  0.630596  0.630691  0.447395  0.581255  0.453837  0.700356  0.572727  0.598071  0.612866  0.510380  0.550187  0.725318  0.503255  0.588746  0.572451  0.595664  0.554735  0.559326  0.656659  0.650028  0.567449  0.562033  0.605846  0.476616  0.467103  0.611120  0.743438  0.515239  0.703997  0.640329  0.550523  0.576950  0.626314  0.496243  0.613912  0.569942  0.653098  0.655511  0.558967  0.601467  0.526945  0.536952  0.484603  0.619848  0.511238  0.629028  0.606061  0.576064  0.605930  0.489280  0.651692  0.470130  0.620584  0.526116  0.549365  0.519977  0.585120  0.648980  0.680993  0.721238  0.642619  0.521278  0.595998  0.512577  0.552643  0.458863  0.536782  0.640732  0.591399  0.612881  0.671974  0.534529  0.653613  0.489138  0.585948  0.523012  0.521717  0.455740  0.598509  0.544013  0.535218  0.628258  0.572669  0.547702  0.613295  0.492528  0.503847  0.576550  0.472012  0.590779  0.564456  0.555246  0.636689  0.599163  0.566703  0.610748  0.614520  0.584788  0.601425  0.551828  0.552581  0.489579  0.441469  0.604079  0.570263  0.545912  0.611083  0.479354  0.565090  0.637808  0.568175  0.677575  0.541680  0.606401  0.610531  0.636073  0.509045  0.533695  0.517196  0.526194  0.576081  0.550110  0.484154  0.535528  0.627736  0.584250  0.587488  0.513279  0.461446  0.524667  0.658916  0.665931  0.666232 
6  0.379235  0.576186  0.574684  0.438393  0.519444  0.575271 0.0  0.501933  0.560324  0.567120  0.590373  0.543795  0.627545  0.588156  0.628081  0.538368  0.493399  0.523189  0.632940  0.549864  0.634666  0.588560  0.616337  0.560030  0.601397  0.537048  0.434128  0.586108  0.497910  0.610523  0.533820  0.503750  0.563590  0.576386  0.473333  0.562249  0.528907  0.607976  0.581856  0.615325  0.537917  0.504209  0.681054  0.600757  0.489731  0.509613  0.609730  0.521959  0.641187  0.531002  0.652369  0.553060  0.619605  0.569525  0.569616  0.637712  0.569314  0.637791  0.602118  0.536343  0.681547  0.470789  0.469698  0.573092  0.540797  0.514421  0.542940  0.620704  0.491255  0.623874  0.504179  0.718215  0.607607  0.640737  0.617481  0.630207  0.494752  0.505926  0.613177  0.668964  0.648877  0.499244  0.639775  0.513368  0.616287  0.602570  0.565505  0.666293  0.495333  0.516971  0.582151  0.589842  0.568122  0.536317  0.512500  0.465283  0.581848  0.669613  0.532737  0.561888  0.534001  0.626697  0.595937  0.555381  0.525033  0.604004  0.616435  0.675925  0.559818  0.620007  0.562139  0.594078  0.541514  0.557011  0.594686  0.535304  0.664450  0.591359  0.524800  0.570934  0.641804  0.663142  0.492430  0.573238  0.546325  0.558652  0.606946  0.547190  0.604417  0.572975  0.520835  0.599959  0.546862  0.701476  0.571278  0.588073  0.608395  0.581506  0.428326  0.496523  0.544859  0.550084  0.604646  0.477882  0.638180  0.601708  0.518961  0.694498  0.531664  0.445775  0.509017  0.607525  0.614533  0.506630  0.574533  0.521418  0.509938  0.611740  0.583661  0.620099  0.535307  0.741072  0.456240  0.627164  0.561704  0.541614  0.574771  0.629075  0.510238  0.589376  0.594562  0.469305  0.429362  0.519989  0.478598  0.508962  0.531388  0.542975  0.558423  0.542219  0.530378  0.634575  0.607280  0.522557  0.536899  0.512379  0.492239  0.557838  0.497152  0.612892  0.538540  0.624164  0.625233  0.591481  0.656964  0.541552  0.500895 
7  0.463857  0.630593  0.563053  0.748593  0.498176  0.472721  0.501933 0.0  0.469906  0.517796  0.490320  0.551492  0.632164  0.573316  0.574789  0.642706  0.490773  0.571827  0.530114  0.630170  0.583378  0.468783  0.466566  0.335253  0.509075  0.641070  0.602437  0.668080  0.560614  0.576000  0.585741  0.524575  0.408874  0.442648  0.573395  0.523624  0.557573  0.473875  0.571303  0.496938  0.405856  0.500222  0.730696  0.572625  0.622585  0.520916  0.511937  0.586406  0.321883  0.531617  0.479012  0.465935  0.401772  0.552354  0.754378  0.437972  0.545274  0.579974  0.564493  0.464737  0.652129  0.531449  0.452684  0.658245  0.721423  0.535810  0.364124  0.634993  0.492082  0.784743  0.541000  0.430279  0.660154  0.409591  0.661965  0.510308  0.600944  0.631169  0.548705  0.565533  0.607720  0.586539  0.516978  0.645663  0.549923  0.475463  0.373622  0.371417  0.640439  0.404837  0.581745  0.579295  0.565262  0.666738  0.609633  0.609631  0.558408  0.373666  0.564323  0.476639  0.412496  0.613506  0.533390  0.725886  0.591941  0.618784  0.580681  0.613067  0.469569  0.386133  0.527073  0.581591  0.605550  0.383606  0.637973  0.473893  0.592367  0.647142  0.508470  0.432099  0.586434  0.408758  0.670043  0.537459  0.634307  0.331770  0.607264  0.491528  0.519929  0.481003  0.408034  0.519015  0.532892  0.488273  0.469125  0.480986  0.567983  0.649853  0.522367  0.458398  0.333379  0.523487  0.542644  0.582542  0.559760  0.361788  0.621379  0.576265  0.555122  0.566125  0.364138  0.665341  0.539321  0.567431  0.631169  0.505347  0.691222  0.690550  0.634953  0.560926  0.572852  0.604337  0.679210  0.556805  0.702581  0.501709  0.414086  0.621909  0.515689  0.679695  0.451317  0.639644  0.578924  0.561688  0.622831  0.612475  0.621545  0.462721  0.572641  0.690244  0.420901  0.523096  0.550699  0.484011  0.423772  0.632046  0.377178  0.533585  0.672877  0.518166  0.556890  0.545536  0.465038  0.683036  0.486440  0.452306  0.661259 
8  0.670424  0.576816  0.540161  0.587006  0.750958  0.603583  0.560324  0.469906 0.0  0.603877  0.572118  0.618057  0.592957  0.598100  0.578819  0.644299  0.639797  0.579683  0.463619  0.552015  0.619418  0.588977  0.494342  0.384853  0.576954  0.673175  0.497066  0.662532  0.769846  0.452256  0.621945  0.452222  0.645985  0.486550  0.635490  0.556431  0.632337  0.516689  0.544770  0.574945  0.492836  0.632522  0.575213  0.590119  0.495718  0.549524  0.639361  0.631398  0.543240  0.680608  0.656212  0.487687  0.715607  0.678091  0.608051  0.655076  0.783328  0.616962  0.589966  0.676452  0.669845  0.652984  0.471307  0.693758  0.671836  0.699851  0.551934  0.477445  0.731464  0.548210  0.664772  0.506544  0.772282  0.601981  0.524488  0.575793  0.631369  0.684393  0.600730  0.549415  0.786529  0.566656  0.542527  0.631804  0.511003  0.644806  0.563619  0.535369  0.617584  0.434541  0.490016  0.582938  0.660278  0.675825  0.503169  0.571267  0.573561  0.572562  0.563096  0.468746  0.652017  0.641492  0.586098  0.559582  0.516293  0.581011  0.635177  0.556642  0.622213  0.626864  0.567007  0.531651  0.654930  0.531300  0.504846  0.665685  0.553841  0.552079  0.519667  0.499945  0.521984  0.549560  0.643385  0.643312  0.556844  0.584291  0.676743  0.468216  0.479438  0.603311  0.671810  0.503543  0.468280  0.646517  0.504320  0.640021  0.680611  0.697830  0.708572  0.567490  0.585266  0.643835  0.589906  0.619929  0.630314  0.615988  0.662040  0.615305  0.558022  0.470447  0.566441  0.476420  0.582926  0.563664  0.533488  0.536255  0.597351  0.564882  0.608333  0.448994  0.483609  0.672999  0.647572  0.550848  0.670157  0.585117  0.534287  0.688938  0.570734  0.466351  0.497957  0.635141  0.540178  0.534585  0.595703  0.572857  0.703577  0.506513  0.668884  0.595513  0.636512  0.565989  0.596923  0.524882  0.623702  0.533468  0.450735  0.606705  0.541139  0.539861  0.594989  0.590397  0.593567  0.604091  0.524217  0.638299  0.699331 
9  0.632507  0.461191  0.537712  0.764315  0.499696  0.596998  0.567120  0.517796  0.603877 0.0  0.582760  0.383517  0.542769  0.560901  0.530464  0.640498  0.374165  0.697513  0.582916  0.558371  0.495083  0.713316  0.538412  0.534525  0.543887  0.569057  0.633911  0.656864  0.518299  0.659176  0.732956  0.479101  0.675676  0.509385  0.528117  0.692319  0.721772  0.651074  0.511437  0.593726  0.442246  0.673162  0.703411  0.500251  0.553911  0.507515  0.598069  0.681866  0.460996  0.647621  0.611421  0.597085  0.579408  0.484211  0.661391  0.508480  0.369866  0.578072  0.749211  0.694423  0.358401  0.591027  0.555091  0.588732  0.641276  0.636335  0.555339  0.582021  0.491465  0.715726  0.564733  0.611197  0.677664  0.399011  0.662557  0.629839  0.628874  0.681594  0.667019  0.656212  0.696132  0.652398  0.723105  0.684052  0.704278  0.683557  0.556197  0.569024  0.617297  0.626567  0.588255  0.451151  0.612891  0.583838  0.608627  0.425604  0.593187  0.396588  0.609785  0.552580  0.544822  0.674054  0.652204  0.530847  0.560587  0.589162  0.408051  0.576961  0.307028  0.385959  0.492267  0.604689  0.749384  0.571338  0.608207  0.584642  0.603060  0.723898  0.504652  0.681214  0.514735  0.640856  0.648215  0.419597  0.647303  0.539904  0.635141  0.300294  0.569617  0.760162  0.688308  0.448787  0.571013  0.592204  0.519521  0.494861  0.570745  0.703776  0.610538  0.653808  0.565196  0.481853  0.637037  0.604639  0.405468  0.362963  0.698233  0.586090  0.500870  0.590140  0.531357  0.616653  0.440244  0.565063  0.484385  0.566158  0.603681  0.546392  0.683538  0.492445  0.535106  0.581769  0.764601  0.547947  0.532987  0.635126  0.564084  0.672052  0.744048  0.722509  0.619902  0.615211  0.583609  0.577009  0.723069  0.704755  0.513289  0.494188  0.433980  0.648126  0.555716  0.608595  0.602411  0.371549  0.611431  0.530750  0.613177  0.588081  0.547422  0.537156  0.643931  0.700880  0.468466  0.662738  0.591274  0.531539  0.631716 
10  0.537057  0.557526  0.689182  0.598978  0.565805  0.592861  0.590373  0.490320  0.572118  0.582760 0.0  0.800876  0.537348  0.767033  0.473808  0.592977  0.742939  0.616399  0.684558  0.640302  0.602874  0.555213  0.566354  0.687409  0.566256  0.745775  0.678565  0.523093  0.623900  0.644936  0.483691  0.595237  0.473183  0.555717  0.574638  0.747261  0.435728  0.413557  0.718184  0.607330  0.603756  0.562147  0.381108  0.632325  0.529874  0.668597  0.687965  0.529384  0.492572  0.678574  0.603460  0.565291  0.582757  0.562968  0.524965  0.679895  0.712536  0.743937  0.356984  0.618484  0.711885  0.503132  0.691026  0.671841  0.631931  0.726064  0.602507  0.602472  0.639384  0.726039  0.763730  0.761818  0.570364  0.620565  0.758673  0.634542  0.565333  0.423451  0.598436  0.819123  0.556058  0.590064  0.487766  0.587614  0.480856  0.725420  0.601453  0.639451  0.576378  0.692786  0.741680  0.632763  0.614044  0.611665  0.627309  0.653664  0.633875  0.719218  0.537794  0.773856  0.653929  0.461265  0.385090  0.504117  0.580064  0.455805  0.686816  0.383185  0.675209  0.669184  0.537929  0.624338  0.693884  0.669843  0.547686  0.529003  0.569056  0.321031  0.564433  0.571322  0.642075  0.524933  0.732975  0.584777  0.748138  0.565200  0.682495  0.811621  0.573749  0.523785  0.714405  0.542266  0.568245  0.658887  0.791996  0.572043  0.752717  0.643557  0.489691  0.678606  0.604999  0.566618  0.638598  0.571144  0.728658  0.738559  0.642308  0.682650  0.621865  0.653498  0.575061  0.646351  0.709476  0.744425  0.634829  0.634683  0.675876  0.713696  0.566330  0.622097  0.658931  0.566192  0.681962  0.761447  0.664848  0.613298  0.595768  0.584486  0.414252  0.472127  0.650593  0.468338  0.456070  0.604710  0.638359  0.641288  0.548277  0.668668  0.667423  0.641798  0.626580  0.378093  0.591053  0.593272  0.273788  0.580985  0.573312  0.598983  0.546608  0.388662  0.417443  0.587452  0.635132  0.564733  0.654463  0.662556  0.626763 
11  0.515663  0.530618  0.541775  0.682658  0.564564  0.485910  0.543795  0.551492  0.618057  0.383517  0.800876 0.0  0.614843  0.437575  0.655563  0.602525  0.344704  0.623207  0.649155  0.670996  0.617055  0.516337  0.546182  0.683956  0.610546  0.572626  0.495421  0.525137  0.430754  0.540749  0.644040  0.515238  0.469157  0.594171  0.613322  0.568511  0.586201  0.686295  0.491892  0.490581  0.578527  0.620192  0.534138  0.463054  0.584228  0.394271  0.478573  0.602146  0.539833  0.558489  0.499825  0.550536  0.518755  0.473500  0.737659  0.558154  0.498115  0.626319  0.538477  0.606510  0.555524  0.677229  0.545579  0.531952  0.560521  0.568638  0.474513  0.462860  0.403412  0.742929  0.535188  0.728023  0.519569  0.329194  0.566990  0.637819  0.609868  0.612977  0.358235  0.563797  0.615112  0.452076  0.577958  0.553050  0.637143  0.452105  0.477532  0.548463  0.522772  0.543059  0.515808  0.560409  0.484357  0.634766  0.607775  0.562995  0.667023  0.557050  0.569768  0.413392  0.663998  0.661838  0.690865  0.418875  0.493908  0.555883  0.443449  0.531817  0.418118  0.432610  0.439485  0.417503  0.637954  0.425619  0.653286  0.673241  0.513940  0.813835  0.565413  0.571679  0.632218  0.714763  0.638197  0.368040  0.645445  0.457787  0.596507  0.501219  0.566407  0.652371  0.587241  0.378155  0.458037  0.474742  0.500351  0.429176  0.514476  0.578684  0.526636  0.531204  0.438646  0.454132  0.626341  0.586685  0.549824  0.419378  0.681959  0.619886  0.516215  0.538968  0.457466  0.585048  0.468799  0.545640  0.474141  0.573662  0.723790  0.568492  0.588033  0.496963  0.551898  0.526317  0.542401  0.495382  0.684362  0.595320  0.658364  0.550107  0.588170  0.733532  0.567145  0.715577  0.664711  0.518015  0.641524  0.632650  0.670498  0.400323  0.449584  0.614516  0.460151  0.690673  0.615304  0.466756  0.663189  0.616898  0.484078  0.553031  0.506378  0.537256  0.672306  0.526701  0.602402  0.557971  0.498803  0.555305  0.564918 
12  0.425042  0.440700  0.568630  0.368185  0.538179  0.583856  0.627545  0.632164  0.592957  0.542769  0.537348  0.614843 0.0  0.553394  0.597297  0.417159  0.473702  0.330784  0.694364  0.378441  0.696390  0.475895  0.574337  0.587500  0.499048  0.538997  0.410764  0.564800  0.649833  0.644653  0.505725  0.374250  0.639180  0.442174  0.582855  0.524466  0.654050  0.611183  0.475958  0.566202  0.529381  0.708187  0.507534  0.653340  0.670771  0.623224  0.545048  0.507706  0.616357  0.532625  0.537993  0.576291  0.448965  0.529716  0.548733  0.562387  0.601856  0.647609  0.653102  0.526703  0.634266  0.447438  0.574788  0.393859  0.401019  0.348608  0.532450  0.446806  0.589862  0.652233  0.342760  0.587842  0.531975  0.563549  0.581510  0.315957  0.541111  0.531159  0.344719  0.274977  0.410715  0.377877  0.580192  0.613267  0.609048  0.552023  0.487309  0.614159  0.565306  0.539989  0.527803  0.364345  0.467643  0.353091  0.423226  0.597033  0.500704  0.537255  0.532934  0.603684  0.601039  0.421043  0.537125  0.530650  0.603672  0.594792  0.527185  0.658691  0.541546  0.651489  0.693356  0.544982  0.671681  0.496974  0.630105  0.643087  0.438974  0.546669  0.525562  0.504075  0.586589  0.624026  0.577241  0.614625  0.418561  0.454176  0.388989  0.521828  0.469290  0.405696  0.449377  0.516435  0.454670  0.483997  0.509907  0.630416  0.325553  0.642066  0.533734  0.261101  0.589069  0.396131  0.485481  0.386109  0.606886  0.661140  0.393196  0.340203  0.540020  0.449641  0.649938  0.431868  0.630445  0.396547  0.389926  0.564067  0.526300  0.312683  0.408415  0.511438  0.558066  0.453756  0.373304  0.428917  0.509458  0.534807  0.447630  0.677642  0.576851  0.528925  0.658131  0.617557  0.666163  0.368171  0.435662  0.411290  0.336317  0.597582  0.609299  0.440978  0.506218  0.457337  0.386488  0.426092  0.559569  0.423562  0.644765  0.642276  0.653188  0.480120  0.629931  0.287587  0.525337  0.387677  0.554865  0.605614  0.484103 
13  0.608902  0.514640  0.514279  0.549431  0.534688  0.557786  0.588156  0.573316  0.598100  0.560901  0.767033  0.437575  0.553394 0.0  0.562737  0.523420  0.508281  0.537972  0.553558  0.420804  0.540574  0.428103  0.492625  0.468539  0.580119  0.493568  0.406706  0.603540  0.637879  0.671595  0.564787  0.390295  0.534675  0.510018  0.510072  0.473598  0.548341  0.518285  0.449206  0.550454  0.543072  0.632042  0.602976  0.535479  0.668340  0.580129  0.573378  0.599814  0.480414  0.347238  0.510806  0.471969  0.476245  0.467114  0.495313  0.532370  0.418634  0.534775  0.632687  0.589323  0.458838  0.395787  0.523160  0.499322  0.601554  0.400541  0.376161  0.554002  0.552087  0.853810  0.464976  0.528417  0.579238  0.435869  0.554904  0.466453  0.515403  0.500033  0.379882  0.358945  0.534174  0.502286  0.539961  0.697745  0.670200  0.342162  0.505918  0.597482  0.363858  0.375055  0.494710  0.427760  0.517575  0.520664  0.515266  0.553376  0.517724  0.473306  0.593885  0.379290  0.574263  0.596907  0.565306  0.634946  0.459640  0.443752  0.513688  0.520738  0.500673  0.475654  0.476490  0.509167  0.609310  0.529958  0.615883  0.688516  0.503819  0.591038  0.652035  0.425803  0.499292  0.546077  0.566370  0.536145  0.412792  0.432443  0.560863  0.579039  0.670411  0.592320  0.536781  0.479766  0.475329  0.522334  0.561618  0.547102  0.335825  0.489452  0.573700  0.488096  0.652806  0.627289  0.603369  0.584476  0.562115  0.438589  0.477375  0.466379  0.489397  0.595079  0.421856  0.432181  0.486075  0.510478  0.487718  0.479924  0.473654  0.426390  0.547310  0.489308  0.624699  0.521582  0.548278  0.406719  0.556375  0.474150  0.635256  0.638358  0.574056  0.604048  0.572231  0.585309  0.680437  0.441443  0.572281  0.461625  0.498325  0.486931  0.576185  0.597984  0.486416  0.443105  0.430146  0.390466  0.509021  0.482899  0.458057  0.488369  0.620284  0.621981  0.664742  0.552172  0.511605  0.469700  0.480789  0.632172  0.544377 
14  0.594928  0.570983  0.477329  0.627380  0.515218  0.513296  0.628081  0.574789  0.578819  0.530464  0.473808  0.655563  0.597297  0.562737 0.0  0.536558  0.491013  0.680968  0.650721  0.607566  0.623900  0.587519  0.700980  0.728797  0.494417  0.653974  0.564802  0.602641  0.526234  0.550037  0.600599  0.671639  0.624064  0.503116  0.543793  0.596202  0.552738  0.527202  0.596368  0.527875  0.543889  0.703363  0.449765  0.573272  0.517926  0.508719  0.574641  0.552476  0.554996  0.640423  0.465971  0.584614  0.520002  0.579994  0.557427  0.667915  0.616987  0.636360  0.513050  0.632744  0.555713  0.726484  0.550646  0.564252  0.598572  0.569720  0.597669  0.579976  0.659859  0.697749  0.635655  0.584294  0.485256  0.609943  0.564034  0.650046  0.555933  0.547493  0.591113  0.587927  0.659929  0.682992  0.642976  0.628849  0.609234  0.507048  0.514514  0.556704  0.521768  0.665113  0.562043  0.582738  0.508843  0.519014  0.567946  0.620988  0.608434  0.579863  0.599218  0.597068  0.641528  0.621739  0.571345  0.563789  0.479487  0.589136  0.576495  0.425767  0.522457  0.680568  0.623222  0.602772  0.561825  0.582146  0.671037  0.630337  0.583714  0.589089  0.574306  0.603467  0.417463  0.681456  0.627258  0.551940  0.639844  0.534590  0.612274  0.664031  0.580729  0.589734  0.533382  0.486990  0.574303  0.622388  0.577896  0.553749  0.532202  0.635253  0.564645  0.702790  0.526970  0.578583  0.616540  0.565044  0.500910  0.618638  0.565132  0.589709  0.514371  0.501360  0.562780  0.617087  0.655587  0.568536  0.496314  0.538288  0.604366  0.694356  0.590621  0.614210  0.571177  0.560594  0.603889  0.524727  0.592400  0.498919  0.580192  0.540610  0.633034  0.545462  0.515240  0.550589  0.542332  0.516612  0.551204  0.734293  0.597572  0.582329  0.464983  0.681009  0.603678  0.665950  0.478000  0.630388  0.540932  0.692346  0.594500  0.539890  0.720107  0.550685  0.621098  0.714465  0.562012  0.568625  0.561063  0.644647  0.658512 
15  0.573879  0.343765  0.733693  0.408453  0.658135  0.633154  0.538368  0.642706  0.644299  0.640498  0.592977  0.602525  0.417159  0.523420  0.536558 0.0  0.647496  0.418216  0.744693  0.345139  0.731486  0.558412  0.532357  0.631902  0.693485  0.552629  0.364895  0.500952  0.753811  0.619119  0.474482  0.357289  0.732765  0.553750  0.555267  0.637692  0.571248  0.583601  0.537354  0.618225  0.529924  0.615837  0.574513  0.557629  0.636288  0.560611  0.533800  0.469313  0.673638  0.618729  0.497942  0.582683  0.569404  0.632733  0.651170  0.625489  0.651786  0.578363  0.608901  0.637879  0.556330  0.458093  0.568060  0.553285  0.459557  0.338650  0.606296  0.558159  0.752655  0.702559  0.361052  0.626153  0.584469  0.660862  0.603657  0.483578  0.433988  0.656180  0.416099  0.304636  0.440652  0.405387  0.721443  0.604669  0.704394  0.621321  0.464609  0.521797  0.546948  0.582814  0.571709  0.318381  0.445927  0.413018  0.465026  0.693737  0.435662  0.560536  0.379109  0.457935  0.420124  0.675154  0.617588  0.608559  0.618620  0.556355  0.661969  0.616300  0.516414  0.720429  0.642841  0.538229  0.592976  0.500740  0.563543  0.722979  0.386648  0.661635  0.601057  0.596121  0.544826  0.738543  0.667501  0.619286  0.432454  0.680596  0.470986  0.653562  0.599467  0.639887  0.562525  0.464041  0.548120  0.534616  0.553778  0.527156  0.531881  0.687664  0.406009  0.492924  0.799643  0.492497  0.575875  0.440867  0.630625  0.569579  0.416708  0.425947  0.586346  0.512294  0.549326  0.382771  0.629970  0.321621  0.534386  0.554249  0.365823  0.461833  0.395981  0.546829  0.558535  0.435650  0.524268  0.412480  0.533048  0.460069  0.565006  0.741414  0.591580  0.644797  0.567903  0.709450  0.711409  0.475113  0.393455  0.204614  0.444849  0.463909  0.681207  0.555189  0.502228  0.667914  0.419057  0.504236  0.613589  0.467744  0.542891  0.652273  0.645850  0.606838  0.618026  0.421021  0.455242  0.454860  0.627684  0.652603  0.457920 
16  0.463132  0.603364  0.457635  0.669160  0.485589  0.575571  0.493399  0.490773  0.639797  0.374165  0.742939  0.344704  0.473702  0.508281  0.491013  0.647496 0.0  0.540985  0.608938  0.510396  0.589103  0.481632  0.508239  0.444598  0.499956  0.593929  0.622457  0.591511  0.461060  0.677266  0.450685  0.421574  0.573057  0.443423  0.679620  0.657317  0.413677  0.689558  0.488801  0.571998  0.624511  0.624788  0.710253  0.375485  0.673807  0.318647  0.432826  0.698003  0.503405  0.332398  0.556477  0.618656  0.449186  0.341687  0.525375  0.488308  0.332296  0.586723  0.658759  0.575075  0.402715  0.463777  0.469390  0.503050  0.599830  0.488000  0.438994  0.565310  0.232685  0.873062  0.391103  0.525586  0.567196  0.332141  0.625366  0.432622  0.541126  0.434547  0.551389  0.460511  0.612146  0.553994  0.572353  0.783831  0.609739  0.418667  0.446323  0.417084  0.356494  0.507416  0.658209  0.424565  0.582241  0.607835  0.654201  0.480502  0.520967  0.484170  0.727976  0.387646  0.616888  0.616254  0.644630  0.455129  0.355439  0.455913  0.340641  0.510011  0.303422  0.397718  0.422586  0.459264  0.446525  0.358439  0.581322  0.495310  0.668099  0.670802  0.459639  0.674001  0.468517  0.761592  0.476227  0.383814  0.421228  0.486052  0.567087  0.390436  0.623014  0.499970  0.499584  0.551928  0.422557  0.566291  0.504845  0.457750  0.364902  0.504022  0.352269  0.264439  0.516224  0.438981  0.440862  0.693431  0.367687  0.254708  0.497739  0.457585  0.536766  0.677872  0.567672  0.527240  0.309631  0.413528  0.586371  0.459926  0.549829  0.581896  0.628718  0.526242  0.612096  0.406381  0.534294  0.449498  0.651825  0.551692  0.418284  0.492442  0.456566  0.793632  0.621916  0.637684  0.687855  0.442818  0.656288  0.528968  0.404494  0.564673  0.557337  0.504881  0.570477  0.520957  0.412787  0.274421  0.613097  0.599991  0.486731  0.516791  0.595668  0.452520  0.549672  0.514381  0.507326  0.577061  0.557018  0.499786  0.438356 
17  0.454831  0.420757  0.526572  0.486249  0.623908  0.696262  0.523189  0.571827  0.579683  0.697513  0.616399  0.623207  0.330784  0.537972  0.680968  0.418216  0.540985 0.0  0.677033  0.406780  0.602838  0.500113  0.465683  0.494819  0.640781  0.571845  0.379499  0.605678  0.705252  0.635086  0.451142  0.331131  0.549490  0.554579  0.634678  0.623605  0.780430  0.695934  0.449023  0.539490  0.542317  0.618137  0.494171  0.528306  0.550923  0.626446  0.667035  0.656079  0.666692  0.527884  0.452989  0.549620  0.529981  0.545998  0.556643  0.724272  0.724867  0.625987  0.646280  0.573058  0.593718  0.350362  0.493996  0.281379  0.349692  0.344427  0.572820  0.484874  0.581848  0.692686  0.314999  0.635417  0.551582  0.681463  0.572737  0.375273  0.333139  0.650085  0.332321  0.383279  0.431402  0.328662  0.621986  0.693685  0.727346  0.534996  0.601354  0.586669  0.486846  0.564902  0.562373  0.433124  0.465691  0.431451  0.432994  0.629105  0.327984  0.627326  0.382459  0.521753  0.493222  0.615081  0.518575  0.602739  0.586653  0.597563  0.601117  0.671962  0.660061  0.540684  0.539260  0.550087  0.550650  0.530835  0.612547  0.723766  0.323068  0.526757  0.466775  0.587940  0.600018  0.644266  0.447637  0.630276  0.369797  0.578893  0.368506  0.634667  0.645542  0.659035  0.635752  0.485368  0.531005  0.534347  0.394492  0.679828  0.380527  0.632542  0.467502  0.260248  0.445089  0.521359  0.496203  0.461463  0.568368  0.502391  0.402161  0.519843  0.608559  0.458147  0.506269  0.517055  0.555704  0.222313  0.409028  0.563502  0.472593  0.315611  0.396220  0.500031  0.613002  0.316955  0.337139  0.313650  0.526580  0.601493  0.572049  0.624192  0.567263  0.551590  0.585819  0.645315  0.558447  0.246785  0.540072  0.402001  0.397152  0.538919  0.652843  0.561002  0.479936  0.583217  0.234437  0.635686  0.665373  0.277991  0.723379  0.596050  0.565734  0.600609  0.558495  0.391563  0.631920  0.380097  0.639589  0.618973  0.461368 
18  0.561793  0.671867  0.494420  0.666632  0.754182  0.526140  0.632940  0.530114  0.463619  0.582916  0.684558  0.649155  0.694364  0.553558  0.650721  0.744693  0.608938  0.677033 0.0  0.594042  0.624106  0.657325  0.558469  0.594940  0.541588  0.756477  0.710454  0.560322  0.602965  0.626083  0.672270  0.638529  0.672612  0.581393  0.720699  0.476569  0.602180  0.715321  0.528121  0.492570  0.557655  0.636094  0.626361  0.739355  0.680919  0.682146  0.456612  0.730151  0.489071  0.695782  0.696420  0.709771  0.622576  0.736458  0.634006  0.647601  0.645055  0.674412  0.594803  0.661429  0.627453  0.615553  0.490679  0.640346  0.562915  0.545437  0.558642  0.445513  0.635247  0.716253  0.698592  0.659808  0.676800  0.701579  0.716751  0.527124  0.763148  0.718786  0.670691  0.698636  0.659034  0.729148  0.480082  0.618365  0.600948  0.589851  0.513179  0.694568  0.696927  0.603317  0.503283  0.705751  0.634916  0.663439  0.634000  0.516236  0.619291  0.558851  0.634029  0.580334  0.663490  0.550229  0.514671  0.589900  0.577386  0.614934  0.708608  0.587644  0.629370  0.737336  0.622332  0.715964  0.749487  0.525118  0.682324  0.728525  0.706018  0.497554  0.491457  0.644011  0.632973  0.601041  0.701220  0.630437  0.607606  0.702098  0.703045  0.578422  0.648338  0.712359  0.596620  0.462022  0.688110  0.525659  0.467187  0.680993  0.625375  0.715723  0.586872  0.567411  0.634548  0.551597  0.809276  0.518925  0.688657  0.700094  0.806372  0.755043  0.588865  0.646953  0.629964  0.648108  0.658942  0.798123  0.537304  0.577925  0.613631  0.663565  0.644483  0.603718  0.501951  0.490993  0.655278  0.546309  0.671457  0.526325  0.522726  0.652088  0.727678  0.634362  0.636478  0.840284  0.608399  0.836805  0.721992  0.634523  0.614277  0.522889  0.654143  0.677941  0.645797  0.682729  0.650076  0.587779  0.539290  0.605435  0.532986  0.880219  0.471600  0.541937  0.539579  0.605482  0.556100  0.705672  0.686464  0.536343  0.846976 
19  0.493892  0.332474  0.533985  0.490526  0.660388  0.528636  0.549864  0.630170  0.552015  0.558371  0.640302  0.670996  0.378441  0.420804  0.607566  0.345139  0.510396  0.406780  0.594042 0.0  0.528028  0.503121  0.532203  0.641789  0.551568  0.476200  0.460313  0.529539  0.700694  0.690693  0.301125  0.480858  0.629074  0.452535  0.505070  0.621907  0.548640  0.554853  0.395446  0.547977  0.508550  0.674499  0.633697  0.653483  0.620073  0.598424  0.551636  0.582535  0.659717  0.563569  0.600693  0.532931  0.442658  0.637801  0.538818  0.627943  0.693989  0.624872  0.520405  0.627970  0.530153  0.334304  0.566292  0.410498  0.402379  0.393530  0.551789  0.561965  0.551940  0.762404  0.383778  0.638516  0.523266  0.582964  0.470453  0.447755  0.396126  0.568168  0.432870  0.337145  0.432680  0.409050  0.533285  0.762485  0.576961  0.593079  0.495021  0.564286  0.425893  0.519695  0.520829  0.342723  0.444110  0.439718  0.308778  0.516764  0.323656  0.594789  0.450365  0.490183  0.559175  0.560188  0.590307  0.553105  0.634736  0.559229  0.590077  0.658201  0.651378  0.553752  0.477857  0.517682  0.653856  0.514463  0.667558  0.645093  0.403802  0.640402  0.585180  0.457182  0.540748  0.682305  0.559386  0.528791  0.455785  0.597657  0.442098  0.600080  0.425674  0.559881  0.566584  0.489714  0.595560  0.512778  0.435251  0.602643  0.472950  0.633975  0.281563  0.271784  0.649749  0.495649  0.565949  0.494813  0.519426  0.614317  0.476292  0.407147  0.541564  0.363719  0.594883  0.469447  0.708990  0.273478  0.362290  0.498875  0.391968  0.443299  0.381851  0.518519  0.604364  0.245388  0.411269  0.329978  0.527249  0.600625  0.477764  0.747520  0.679355  0.582235  0.610384  0.709729  0.585850  0.450941  0.413575  0.540841  0.417123  0.496788  0.578485  0.363871  0.551894  0.556449  0.292961  0.615791  0.599974  0.350798  0.486961  0.644084  0.562739  0.504051  0.597676  0.517341  0.544566  0.499458  0.648304  0.645325  0.533524 
