197
0 0.0  0.583118  0.686269  0.573710  0.548829  0.649932  0.494636  0.600727  0.663173  0.734403  0.621555  0.506406  0.563017  0.459192  0.570870  0.670338  0.411525  0.530859  0.546195  0.537719  0.514790  0.566032  0.559882  0.519711  0.431183  0.629975  0.463135  0.666003  0.539268  0.639309  0.538506  0.430488  0.388833  0.508009  0.444746  0.684898  0.537646  0.600002  0.499294  0.535696  0.494789  0.621931  0.613095  0.587937  0.630797  0.535339  0.476038  0.603790  0.400764  0.524802  0.509977  0.696801  0.492381  0.619525  0.499674  0.607396  0.541747  0.731156  0.521817  0.522335  0.630252  0.494207  0.461856  0.577389  0.558117  0.410657  0.543304  0.475270  0.364437  0.680474  0.585885  0.595823  0.316596  0.387147  0.779508  0.466264  0.539353  0.477238  0.661498  0.507118  0.554285  0.552355  0.558516  0.757615  0.686340  0.570757  0.564433  0.550616  0.507763  0.626112  0.697030  0.503813  0.541228  0.493563  0.565290  0.637248  0.402745  0.476904  0.464270  0.636878  0.849031  0.583152  0.600503  0.625191  0.624706  0.529519  0.499336  0.744383  0.512182  0.542068  0.507761  0.592105  0.547340  0.457435  0.694473  0.497083  0.512354  0.634710  0.634889  0.493970  0.645817  0.554477  0.609808  0.535789  0.590352  0.577334  0.533400  0.584533  0.631213  0.479056  0.515764  0.611342  0.571084  0.380343  0.567585  0.537177  0.700335  0.584414  0.312746  0.362456  0.519459  0.287650  0.715433  0.615310  0.606214  0.576539  0.472245  0.403549  0.595556  0.514346  0.621371  0.575189  0.463286  0.626977  0.685444  0.624810  0.527372  0.584971  0.551974  0.712299  0.550932  0.474667  0.635579  0.521598  0.600733  0.594479  0.482146  0.706596  0.563737  0.641717  0.615029  0.515782  0.595238  0.442717  0.600254  0.639357  0.420141  0.570723  0.610818  0.499700  0.330757  0.630688  0.483154  0.608429  0.597136  0.567584  0.716892  0.673267  0.595668  0.465696  0.559076  0.524402  0.510650  0.457640  0.664613  0.623614  0.374144 
1  0.583118 0.0  0.668608  0.454467  0.576756  0.636578  0.558671  0.547120  0.575312  0.650318  0.493590  0.612168  0.350299  0.464136  0.556677  0.452121  0.486284  0.406448  0.602846  0.372917  0.626702  0.565855  0.548065  0.667610  0.566206  0.575525  0.457014  0.663030  0.638949  0.691135  0.523892  0.443644  0.653209  0.452606  0.428104  0.553576  0.497275  0.531142  0.543727  0.543756  0.567575  0.600722  0.657073  0.656378  0.563129  0.644422  0.538947  0.545883  0.688355  0.606629  0.624717  0.568564  0.592698  0.495595  0.588654  0.713826  0.666536  0.637577  0.557567  0.578266  0.617102  0.480017  0.457961  0.435266  0.376997  0.318329  0.524967  0.403368  0.574823  0.848552  0.342517  0.708590  0.442714  0.553814  0.680792  0.511062  0.517652  0.572786  0.370890  0.343431  0.440355  0.402611  0.481643  0.582091  0.615329  0.594788  0.528504  0.569044  0.574739  0.572259  0.695325  0.410752  0.312870  0.376826  0.483679  0.612466  0.358091  0.631785  0.453338  0.588985  0.619930  0.650024  0.479866  0.670512  0.544376  0.559044  0.630637  0.500071  0.527222  0.699052  0.527823  0.684787  0.678014  0.545461  0.634081  0.676711  0.489640  0.656468  0.529114  0.563812  0.532479  0.557634  0.552069  0.534159  0.473158  0.577060  0.469110  0.594843  0.528033  0.561853  0.662256  0.534394  0.619382  0.402753  0.525881  0.517277  0.551147  0.647860  0.353951  0.302569  0.655394  0.478924  0.618624  0.464764  0.598830  0.629576  0.486594  0.367359  0.520640  0.341056  0.599595  0.437787  0.641019  0.444040  0.357548  0.623789  0.473656  0.465840  0.402818  0.503952  0.609471  0.378247  0.497250  0.432020  0.528674  0.540533  0.634809  0.655516  0.611344  0.625961  0.667237  0.676462  0.479981  0.492440  0.493138  0.410779  0.376375  0.548252  0.713131  0.496170  0.474682  0.523575  0.375168  0.497815  0.507385  0.418807  0.564947  0.559153  0.571375  0.571421  0.641389  0.401106  0.539427  0.350328  0.554107  0.653068  0.476078 
2  0.686269  0.668608 0.0  0.690832  0.642491  0.588621  0.667455  0.515394  0.555351  0.599625  0.606355  0.585799  0.599509  0.564944  0.595497  0.656760  0.569530  0.555429  0.654722  0.656098  0.482284  0.466512  0.529076  0.563586  0.522083  0.585557  0.637113  0.503117  0.614125  0.492756  0.654286  0.764439  0.518048  0.569880  0.623050  0.676390  0.492040  0.446084  0.609217  0.512946  0.448159  0.635191  0.548632  0.498587  0.594587  0.509839  0.608914  0.556986  0.644792  0.490220  0.693517  0.463992  0.606094  0.429190  0.672948  0.415077  0.525103  0.600217  0.582493  0.737463  0.536185  0.674742  0.606861  0.568334  0.674188  0.590631  0.471969  0.586851  0.598231  0.868797  0.535220  0.610362  0.734349  0.544166  0.493977  0.500307  0.489854  0.599676  0.629682  0.499743  0.715739  0.635274  0.657120  0.641004  0.570169  0.515692  0.543510  0.514700  0.629816  0.549115  0.680103  0.600944  0.635406  0.730092  0.554865  0.518035  0.597891  0.601908  0.754264  0.572743  0.676263  0.669298  0.588466  0.632511  0.479066  0.530927  0.482828  0.457237  0.515674  0.431188  0.438838  0.372196  0.430823  0.541992  0.671536  0.541011  0.661607  0.670363  0.643507  0.622258  0.554816  0.614767  0.500409  0.557407  0.631470  0.570914  0.579065  0.492128  0.590223  0.667580  0.549260  0.458926  0.594653  0.537967  0.519360  0.492401  0.541752  0.551192  0.599464  0.549096  0.536560  0.621049  0.593232  0.615560  0.508996  0.584990  0.591298  0.574280  0.575756  0.583565  0.538204  0.658226  0.682758  0.722073  0.582523  0.665642  0.770321  0.447981  0.640866  0.566088  0.648083  0.635837  0.615965  0.647570  0.794519  0.538841  0.614104  0.557864  0.496021  0.708838  0.713880  0.502678  0.566703  0.571081  0.693642  0.772186  0.533450  0.594493  0.665247  0.668890  0.561235  0.556176  0.690439  0.496178  0.531897  0.626946  0.380866  0.622123  0.539202  0.573760  0.597168  0.700793  0.533567  0.603584  0.475824  0.725592  0.688501 
3  0.573710  0.454467  0.690832 0.0  0.698502  0.635531  0.541399  0.584223  0.716187  0.767505  0.651424  0.632176  0.470185  0.694481  0.560310  0.468006  0.563099  0.430944  0.769116  0.501029  0.576400  0.712221  0.529148  0.653864  0.633764  0.658073  0.470016  0.523443  0.656725  0.699932  0.391466  0.428962  0.530194  0.672749  0.662530  0.533925  0.604370  0.672417  0.650621  0.547143  0.579961  0.739667  0.655980  0.680334  0.473189  0.524277  0.620928  0.683562  0.525768  0.703243  0.708181  0.591467  0.712818  0.672939  0.661131  0.700403  0.672883  0.789992  0.663182  0.549986  0.637229  0.378606  0.509346  0.511653  0.421094  0.424222  0.732562  0.643832  0.631583  0.766065  0.468011  0.758177  0.502443  0.649031  0.787840  0.418483  0.419157  0.688594  0.456459  0.490194  0.537432  0.501272  0.598661  0.490632  0.658903  0.667932  0.471510  0.737236  0.612282  0.697053  0.772975  0.500862  0.324086  0.341629  0.354686  0.605025  0.326504  0.773717  0.397246  0.622027  0.613850  0.586823  0.537662  0.506951  0.710902  0.553529  0.695545  0.727234  0.810298  0.797637  0.581375  0.653645  0.742437  0.588965  0.625807  0.765124  0.323626  0.648507  0.604676  0.532256  0.553908  0.626000  0.616829  0.652670  0.528275  0.687602  0.416668  0.775429  0.596988  0.479496  0.728736  0.542962  0.758493  0.653406  0.636131  0.541673  0.772410  0.688461  0.329093  0.363990  0.711571  0.540311  0.600756  0.457737  0.788681  0.624621  0.558349  0.490485  0.702852  0.391399  0.552369  0.417888  0.708418  0.551436  0.545693  0.604884  0.506938  0.518866  0.480902  0.594050  0.572489  0.469971  0.527246  0.285165  0.617050  0.525614  0.512783  0.664067  0.545775  0.714608  0.676659  0.704341  0.681108  0.474161  0.495220  0.553452  0.420125  0.631126  0.703639  0.408335  0.651279  0.595246  0.398019  0.656656  0.596548  0.413769  0.629977  0.758469  0.633906  0.526763  0.572310  0.523534  0.529114  0.464710  0.812760  0.788323  0.554634 
4  0.548829  0.576756  0.642491  0.698502 0.0  0.520782  0.585392  0.412365  0.652206  0.518146  0.640409  0.504550  0.466681  0.514373  0.625858  0.661606  0.413107  0.518334  0.668980  0.671138  0.588583  0.587846  0.604273  0.526072  0.477611  0.702804  0.778626  0.499034  0.297665  0.638878  0.524984  0.538842  0.567729  0.602122  0.510920  0.680958  0.612056  0.475867  0.705640  0.567926  0.556909  0.660641  0.553941  0.366204  0.717913  0.397203  0.554352  0.661678  0.463382  0.493847  0.612971  0.780799  0.564174  0.506261  0.577694  0.525222  0.612071  0.698612  0.635652  0.478077  0.631435  0.623596  0.655346  0.651516  0.669596  0.662087  0.551071  0.456649  0.485696  0.753475  0.756241  0.664854  0.650329  0.447495  0.750892  0.742353  0.706758  0.495751  0.698164  0.686595  0.520145  0.654124  0.493530  0.754816  0.620813  0.684572  0.533500  0.717981  0.587552  0.791477  0.590471  0.608939  0.742130  0.665992  0.672076  0.500836  0.580994  0.544204  0.670372  0.643784  0.586319  0.608657  0.520708  0.429018  0.599853  0.597127  0.421008  0.705612  0.495421  0.494601  0.535910  0.516936  0.581395  0.546280  0.700739  0.511394  0.533900  0.568258  0.614952  0.641296  0.543099  0.569564  0.740867  0.592953  0.609307  0.510850  0.614372  0.467091  0.565876  0.500261  0.677333  0.532374  0.708024  0.552743  0.736968  0.547260  0.578419  0.582676  0.573870  0.556297  0.505042  0.513321  0.535262  0.624914  0.508007  0.445355  0.617570  0.630031  0.670948  0.702834  0.625138  0.650810  0.523049  0.697184  0.672330  0.697961  0.675740  0.647715  0.591766  0.719064  0.553056  0.613308  0.746373  0.613547  0.661294  0.526143  0.539091  0.431290  0.452467  0.664041  0.760082  0.365753  0.623630  0.709489  0.616935  0.741485  0.613008  0.496949  0.657542  0.638459  0.588618  0.470576  0.592671  0.491336  0.546094  0.542786  0.633438  0.658424  0.495836  0.572428  0.468374  0.602767  0.543112  0.672350  0.557883  0.594294  0.638720 
5  0.649932  0.636578  0.588621  0.635531  0.520782 0.0  0.666152  0.600049  0.564998  0.608307  0.645727  0.556704  0.601816  0.570684  0.531355  0.546992  0.694394  0.692927  0.517015  0.589342  0.615758  0.549204  0.555778  0.555886  0.623009  0.568338  0.527443  0.694490  0.633362  0.627602  0.518904  0.569531  0.524058  0.611149  0.559967  0.610018  0.569276  0.603621  0.651018  0.543560  0.603995  0.591348  0.620857  0.492827  0.631836  0.535450  0.533714  0.585087  0.633346  0.572841  0.594136  0.554394  0.534125  0.665215  0.725107  0.521361  0.620346  0.605596  0.682672  0.475926  0.620338  0.647978  0.553895  0.535651  0.537008  0.616537  0.514115  0.535088  0.488053  0.670774  0.612090  0.579216  0.705775  0.535011  0.691907  0.709671  0.500929  0.469419  0.530832  0.655348  0.543111  0.599605  0.620303  0.621394  0.680511  0.622234  0.520063  0.551344  0.561002  0.579168  0.627299  0.536222  0.531025  0.630592  0.606702  0.621410  0.602068  0.598030  0.480322  0.678465  0.730258  0.555643  0.576274  0.678213  0.502393  0.705553  0.567102  0.651726  0.574291  0.599209  0.679849  0.612273  0.649365  0.606209  0.605355  0.493712  0.528276  0.662133  0.503388  0.600875  0.627786  0.466006  0.633913  0.603419  0.678030  0.596775  0.630412  0.561369  0.544627  0.536420  0.571611  0.511430  0.659988  0.457536  0.511829  0.559383  0.587443  0.515799  0.566595  0.490265  0.498984  0.436446  0.646161  0.495191  0.614617  0.572012  0.675309  0.607317  0.539752  0.625795  0.649115  0.555657  0.633725  0.638679  0.594781  0.552449  0.600067  0.600637  0.643630  0.623255  0.578603  0.661377  0.686341  0.449252  0.629731  0.671261  0.530537  0.615079  0.576984  0.550427  0.666798  0.553246  0.664913  0.631980  0.581897  0.661308  0.563524  0.512328  0.701812  0.603605  0.519301  0.609133  0.510900  0.634497  0.563573  0.627533  0.649629  0.577213  0.608908  0.506090  0.554291  0.565363  0.584043  0.512824  0.580685  0.743505  0.622363 
6  0.494636  0.558671  0.667455  0.541399  0.585392  0.666152 0.0  0.507178  0.555670  0.610653  0.580409  0.630033  0.590462  0.531110  0.575150  0.552135  0.529564  0.586829  0.574800  0.581862  0.613229  0.522969  0.560712  0.537604  0.436161  0.607837  0.438157  0.564296  0.521166  0.536123  0.564763  0.519548  0.601632  0.566015  0.521166  0.654543  0.484300  0.552698  0.527287  0.648301  0.587531  0.641771  0.528336  0.661398  0.566613  0.555114  0.660018  0.603732  0.573069  0.494907  0.528885  0.561438  0.717027  0.547121  0.496628  0.721320  0.612948  0.720522  0.565711  0.622407  0.514042  0.526054  0.618214  0.514095  0.520858  0.557260  0.548570  0.608723  0.529432  0.640482  0.641574  0.689198  0.587303  0.666083  0.637353  0.563484  0.570947  0.544515  0.626498  0.551673  0.634983  0.568105  0.577824  0.568316  0.782577  0.523530  0.587910  0.517984  0.446460  0.526509  0.674568  0.515947  0.509458  0.563957  0.629747  0.521832  0.488062  0.728906  0.596083  0.458158  0.700950  0.537638  0.540381  0.579388  0.559998  0.588350  0.623125  0.561904  0.618107  0.619329  0.514593  0.576624  0.547837  0.613441  0.534778  0.548609  0.494248  0.558786  0.530769  0.531017  0.622251  0.496856  0.558307  0.606225  0.590219  0.705430  0.588379  0.649126  0.643200  0.638053  0.513342  0.578767  0.505100  0.645479  0.535642  0.500605  0.551673  0.589717  0.514183  0.506920  0.543177  0.592899  0.502072  0.545491  0.578608  0.596618  0.530857  0.707765  0.583560  0.560941  0.566813  0.655424  0.518074  0.621838  0.616295  0.599279  0.523976  0.519358  0.491712  0.632969  0.681803  0.461395  0.608598  0.455526  0.609221  0.680807  0.564230  0.602914  0.576723  0.628469  0.634703  0.517711  0.635865  0.620905  0.565053  0.483439  0.633645  0.541666  0.672564  0.573398  0.582209  0.498415  0.678422  0.689607  0.638235  0.585359  0.582198  0.636394  0.580667  0.634238  0.631204  0.539692  0.643556  0.513585  0.602158  0.629572  0.533253 
7  0.600727  0.547120  0.515394  0.584223  0.412365  0.600049  0.507178 0.0  0.489221  0.515098  0.529221  0.511153  0.573701  0.552361  0.633108  0.598573  0.516455  0.684238  0.591614  0.611911  0.546774  0.417758  0.552114  0.447993  0.471558  0.586537  0.579079  0.495139  0.519481  0.563604  0.703984  0.542485  0.434652  0.334081  0.770691  0.516318  0.537850  0.455057  0.623300  0.509116  0.583265  0.549331  0.553267  0.432495  0.577572  0.627147  0.415273  0.546976  0.427453  0.508039  0.661658  0.615780  0.608052  0.485422  0.652524  0.464377  0.588301  0.564843  0.508078  0.575988  0.609669  0.660712  0.609233  0.652436  0.639999  0.568504  0.261602  0.556696  0.625057  0.751963  0.636780  0.404250  0.672214  0.460458  0.616027  0.659738  0.620461  0.496570  0.664238  0.494722  0.564146  0.565906  0.407179  0.700980  0.599107  0.603090  0.491623  0.418989  0.514956  0.468580  0.435087  0.605563  0.602308  0.680619  0.583089  0.629553  0.518601  0.339338  0.700725  0.436178  0.578695  0.543905  0.470711  0.584839  0.592514  0.584285  0.473401  0.622613  0.454292  0.478823  0.554999  0.508516  0.506624  0.459923  0.692570  0.394880  0.625075  0.585887  0.632457  0.567603  0.564070  0.498752  0.565530  0.479228  0.676194  0.489878  0.523972  0.497326  0.487240  0.602684  0.707667  0.592995  0.509495  0.452268  0.413466  0.587163  0.590516  0.542412  0.660558  0.365957  0.419392  0.620454  0.693187  0.735941  0.499732  0.594554  0.561022  0.518927  0.526038  0.566958  0.535882  0.614346  0.610536  0.593937  0.594083  0.580465  0.716832  0.624983  0.620138  0.592189  0.461792  0.625768  0.709622  0.576842  0.619871  0.541004  0.519847  0.520958  0.619021  0.661160  0.625993  0.515795  0.736996  0.593413  0.713901  0.749059  0.668588  0.597187  0.706575  0.678401  0.485582  0.510335  0.641238  0.509895  0.601184  0.530586  0.415919  0.593699  0.658131  0.552800  0.479220  0.649988  0.644050  0.631609  0.546532  0.573238  0.659604 
8  0.663173  0.575312  0.555351  0.716187  0.652206  0.564998  0.555670  0.489221 0.0  0.743885  0.645898  0.676069  0.548811  0.638975  0.523594  0.554200  0.704673  0.635694  0.483981  0.512747  0.647110  0.531658  0.561085  0.423947  0.523126  0.573294  0.398135  0.568387  0.805835  0.477394  0.741420  0.602456  0.649632  0.508908  0.650440  0.463617  0.536588  0.683600  0.530441  0.557350  0.502694  0.647092  0.590480  0.723547  0.701971  0.736683  0.587852  0.584719  0.674271  0.585907  0.623269  0.573982  0.723185  0.566421  0.636850  0.670148  0.617543  0.635968  0.544821  0.613445  0.602236  0.577054  0.667792  0.665962  0.659888  0.625699  0.484815  0.383428  0.623044  0.711739  0.583793  0.615612  0.678406  0.645452  0.673771  0.532072  0.547046  0.602550  0.630186  0.552249  0.598600  0.627417  0.647028  0.529249  0.527977  0.656557  0.439560  0.418557  0.515077  0.531329  0.393071  0.602002  0.624007  0.633216  0.577747  0.518492  0.572730  0.524197  0.618810  0.564423  0.548747  0.658749  0.522392  0.710652  0.570056  0.668794  0.622296  0.466441  0.665551  0.701416  0.634169  0.603142  0.608401  0.601458  0.630354  0.711665  0.621070  0.606449  0.486299  0.539501  0.482233  0.418951  0.567528  0.635495  0.529118  0.647735  0.639092  0.704292  0.634444  0.576820  0.573444  0.466154  0.594715  0.594769  0.569635  0.704944  0.526091  0.672955  0.636334  0.559223  0.545271  0.723855  0.711363  0.603558  0.714442  0.680316  0.688694  0.553831  0.393080  0.609801  0.462931  0.504429  0.535043  0.492729  0.531217  0.555407  0.591240  0.658533  0.666537  0.528441  0.498426  0.602637  0.533108  0.568408  0.620451  0.615700  0.688910  0.609290  0.673687  0.662425  0.503392  0.652213  0.525444  0.619061  0.634248  0.521824  0.634258  0.538246  0.660561  0.814164  0.613559  0.575520  0.601369  0.599567  0.512259  0.670150  0.439146  0.695809  0.622569  0.606830  0.581691  0.615964  0.598027  0.615667  0.507166  0.487467  0.702689 
9  0.734403  0.650318  0.599625  0.767505  0.518146  0.608307  0.610653  0.515098  0.743885 0.0  0.676359  0.525067  0.658947  0.504399  0.614215  0.570877  0.375708  0.760495  0.577173  0.589133  0.647160  0.628508  0.625934  0.480469  0.717122  0.430919  0.626902  0.572663  0.498592  0.665268  0.778923  0.495810  0.747152  0.583140  0.592171  0.612682  0.735121  0.560720  0.649858  0.682308  0.532491  0.688340  0.649153  0.530619  0.643636  0.442345  0.582831  0.731428  0.579659  0.493679  0.519838  0.791779  0.587994  0.599919  0.603432  0.549272  0.431969  0.509117  0.649536  0.655995  0.518033  0.555170  0.484602  0.680823  0.632143  0.635577  0.606493  0.548681  0.463001  0.709625  0.575462  0.620017  0.675863  0.500566  0.566741  0.666511  0.554205  0.619877  0.610266  0.631098  0.646906  0.481145  0.670606  0.753706  0.746855  0.619037  0.572548  0.676854  0.507691  0.628392  0.597055  0.592807  0.608470  0.604130  0.585904  0.502412  0.657542  0.621316  0.679205  0.504237  0.533486  0.717456  0.650380  0.544436  0.671249  0.654111  0.413401  0.751126  0.503098  0.449533  0.542032  0.589024  0.759522  0.495470  0.630199  0.603937  0.565301  0.777390  0.573682  0.718729  0.649034  0.725526  0.603195  0.440854  0.588567  0.565977  0.622454  0.339184  0.514965  0.651473  0.752178  0.450285  0.492624  0.552865  0.560979  0.483255  0.564957  0.647501  0.661784  0.665270  0.609409  0.452480  0.661800  0.652952  0.382175  0.406648  0.593169  0.588628  0.395104  0.633063  0.582030  0.653926  0.545986  0.695218  0.567865  0.582629  0.649320  0.709433  0.655990  0.572869  0.586974  0.536496  0.749698  0.647480  0.622265  0.563118  0.529694  0.596259  0.527485  0.654217  0.627891  0.599595  0.554225  0.604716  0.702263  0.626642  0.512005  0.429983  0.424842  0.629671  0.614523  0.677867  0.532149  0.415927  0.689252  0.607009  0.490983  0.569848  0.592991  0.606098  0.703510  0.661796  0.655456  0.637375  0.613630  0.551505  0.639533 
10  0.621555  0.493590  0.606355  0.651424  0.640409  0.645727  0.580409  0.529221  0.645898  0.676359 0.0  0.651450  0.688739  0.596896  0.646822  0.590797  0.776273  0.681218  0.763884  0.601762  0.697633  0.619976  0.565477  0.685327  0.526365  0.757935  0.754399  0.500983  0.600102  0.617197  0.606021  0.615337  0.446414  0.574127  0.632711  0.761770  0.489911  0.479191  0.805986  0.597351  0.669006  0.604780  0.585327  0.590332  0.491271  0.504701  0.583056  0.732551  0.570059  0.749974  0.616716  0.640116  0.560520  0.655435  0.644910  0.655142  0.800621  0.674975  0.469490  0.576093  0.719776  0.551249  0.649180  0.720837  0.512024  0.691880  0.606873  0.560560  0.690009  0.765753  0.591967  0.691799  0.564609  0.666928  0.699516  0.626504  0.555743  0.390995  0.717305  0.737892  0.609452  0.536426  0.429797  0.416280  0.538738  0.671358  0.577921  0.702614  0.599973  0.706163  0.737488  0.603646  0.551342  0.748325  0.620973  0.591330  0.531141  0.720177  0.562766  0.707024  0.591235  0.410975  0.477780  0.538981  0.553914  0.388495  0.735646  0.472649  0.678140  0.657722  0.613131  0.644656  0.600878  0.600120  0.527300  0.490189  0.569669  0.341881  0.603607  0.637287  0.517694  0.631448  0.703335  0.584406  0.608129  0.589784  0.642313  0.687787  0.662363  0.400158  0.741948  0.593583  0.566669  0.664268  0.801458  0.611929  0.808378  0.694212  0.502277  0.574913  0.631715  0.558540  0.635172  0.582151  0.701728  0.745329  0.686684  0.736270  0.783015  0.650820  0.645461  0.551359  0.580746  0.793047  0.599377  0.611774  0.743160  0.740862  0.650227  0.595737  0.622396  0.729882  0.735441  0.693038  0.658963  0.515484  0.469383  0.557525  0.465164  0.489815  0.620800  0.424901  0.476732  0.565380  0.586120  0.697154  0.633472  0.598208  0.718209  0.583231  0.724584  0.372276  0.703592  0.624089  0.403283  0.613111  0.563780  0.598804  0.492482  0.438812  0.613527  0.627201  0.525305  0.513548  0.576760  0.704106  0.671035 
11  0.506406  0.612168  0.585799  0.632176  0.504550  0.556704  0.630033  0.511153  0.676069  0.525067  0.651450 0.0  0.595101  0.472003  0.570933  0.619131  0.467105  0.571276  0.654746  0.530512  0.568221  0.566307  0.513571  0.545362  0.623547  0.502625  0.567697  0.614225  0.540254  0.628456  0.627350  0.594519  0.674259  0.539937  0.542943  0.632927  0.617490  0.585470  0.519789  0.458288  0.525748  0.749951  0.697993  0.492917  0.626166  0.568789  0.569965  0.669561  0.666852  0.528186  0.566880  0.639587  0.517742  0.483976  0.609313  0.589442  0.489715  0.685481  0.587232  0.624339  0.437721  0.628681  0.467146  0.607823  0.658060  0.619167  0.452877  0.462766  0.404972  0.626232  0.591917  0.774232  0.670093  0.385637  0.706674  0.607586  0.621706  0.612250  0.555458  0.535909  0.569946  0.589044  0.595671  0.664767  0.689275  0.522513  0.466004  0.556374  0.561526  0.534606  0.521728  0.531762  0.667660  0.583014  0.544527  0.505091  0.589518  0.611861  0.638093  0.441829  0.641085  0.587631  0.712009  0.577157  0.506556  0.468291  0.332391  0.657855  0.479872  0.469171  0.403675  0.508720  0.692143  0.470641  0.577429  0.600613  0.670940  0.654417  0.639398  0.713809  0.543660  0.594459  0.670458  0.473518  0.618989  0.657871  0.557834  0.387810  0.606477  0.620655  0.571206  0.524579  0.445009  0.583637  0.548869  0.454586  0.495260  0.611505  0.609046  0.537896  0.506181  0.542757  0.532874  0.750110  0.402832  0.466623  0.601900  0.639709  0.572143  0.525195  0.475735  0.572177  0.500182  0.525391  0.523577  0.546451  0.671677  0.528190  0.580266  0.557262  0.651683  0.632433  0.586938  0.483500  0.708162  0.408953  0.541991  0.578170  0.559257  0.592691  0.656221  0.566777  0.726233  0.590960  0.660887  0.671654  0.661236  0.547980  0.449986  0.580912  0.448363  0.619375  0.643425  0.409687  0.698262  0.570747  0.413947  0.634054  0.412318  0.553557  0.653267  0.514564  0.681411  0.562979  0.419118  0.624547  0.629802 
12  0.563017  0.350299  0.599509  0.470185  0.466681  0.601816  0.590462  0.573701  0.548811  0.658947  0.688739  0.595101 0.0  0.579694  0.646985  0.435798  0.590487  0.420886  0.590628  0.476581  0.761833  0.521803  0.477326  0.532276  0.548363  0.544488  0.453439  0.586258  0.595635  0.668339  0.448254  0.281473  0.537207  0.513268  0.519380  0.410879  0.563213  0.576433  0.453079  0.594605  0.633384  0.685511  0.690557  0.514570  0.694469  0.586510  0.500986  0.517111  0.547866  0.501809  0.500554  0.581045  0.540330  0.550995  0.538386  0.592113  0.678101  0.611553  0.600099  0.578895  0.538445  0.407137  0.509588  0.411770  0.377551  0.401687  0.569489  0.460764  0.562544  0.822677  0.414073  0.583732  0.485908  0.643593  0.471125  0.383292  0.378399  0.650692  0.404115  0.280970  0.370954  0.529138  0.533504  0.607750  0.489346  0.522429  0.463839  0.558432  0.480585  0.610287  0.468313  0.378417  0.288128  0.432386  0.345344  0.602496  0.423513  0.769705  0.412302  0.483492  0.710325  0.590459  0.512271  0.553050  0.553900  0.441939  0.473972  0.527122  0.583781  0.604467  0.615959  0.436066  0.752413  0.365957  0.615996  0.678329  0.341829  0.556933  0.659025  0.654956  0.628046  0.649671  0.485860  0.595997  0.405331  0.513477  0.530948  0.525673  0.542877  0.437769  0.430036  0.581972  0.649951  0.545515  0.563775  0.571732  0.492339  0.714184  0.347652  0.307086  0.554740  0.498096  0.565549  0.466956  0.636965  0.704872  0.376127  0.362220  0.524987  0.474907  0.685987  0.355142  0.603564  0.415743  0.446874  0.540799  0.349904  0.319350  0.373110  0.608477  0.590504  0.238966  0.464965  0.434063  0.521937  0.505918  0.500291  0.696947  0.596056  0.554671  0.614380  0.664047  0.642085  0.418766  0.409507  0.329431  0.367578  0.641319  0.602118  0.393227  0.458451  0.410532  0.417583  0.499174  0.594173  0.575494  0.587314  0.731872  0.614302  0.558869  0.478877  0.468243  0.593785  0.428924  0.547820  0.650462  0.352081 
13  0.459192  0.464136  0.564944  0.694481  0.514373  0.570684  0.531110  0.552361  0.638975  0.504399  0.596896  0.472003  0.579694 0.0  0.555391  0.594788  0.454030  0.479295  0.550690  0.526001  0.651507  0.490733  0.471944  0.599101  0.528311  0.522723  0.392860  0.564964  0.631747  0.508894  0.538935  0.442217  0.639159  0.444739  0.559554  0.614858  0.590919  0.552008  0.524098  0.557238  0.606167  0.606381  0.542155  0.473696  0.561093  0.489701  0.614061  0.659443  0.628452  0.306316  0.512607  0.552537  0.459265  0.483534  0.594206  0.466629  0.513757  0.655373  0.634652  0.519426  0.505419  0.588462  0.392292  0.630213  0.534167  0.495816  0.456542  0.485974  0.513788  0.812779  0.524320  0.542658  0.626628  0.423778  0.548722  0.609406  0.501349  0.535116  0.565841  0.446560  0.590737  0.613347  0.610054  0.594556  0.696140  0.488021  0.624675  0.398171  0.396338  0.563083  0.491002  0.438868  0.534245  0.488798  0.546453  0.473614  0.406663  0.550914  0.644776  0.494412  0.619287  0.657779  0.637802  0.673711  0.454258  0.427273  0.436308  0.608095  0.378304  0.557671  0.425644  0.456219  0.630112  0.402622  0.520845  0.644055  0.528710  0.549525  0.522480  0.584986  0.569165  0.598123  0.524291  0.463032  0.514598  0.534806  0.567361  0.563239  0.715790  0.628858  0.430719  0.476877  0.518655  0.561417  0.507552  0.571397  0.390154  0.551042  0.485745  0.477115  0.401289  0.509884  0.434814  0.547020  0.541729  0.473225  0.490322  0.588447  0.457684  0.496382  0.547617  0.534458  0.530529  0.572096  0.507083  0.462265  0.635881  0.501764  0.635881  0.569134  0.488767  0.574137  0.558769  0.467415  0.538289  0.597149  0.642479  0.678021  0.583888  0.645092  0.602586  0.694976  0.626488  0.464202  0.601580  0.421124  0.626234  0.427844  0.534969  0.525861  0.468694  0.492151  0.555935  0.481316  0.510516  0.511204  0.412164  0.561821  0.567653  0.688487  0.540617  0.484550  0.594031  0.625745  0.610844  0.699768  0.502402 
14  0.570870  0.556677  0.595497  0.560310  0.625858  0.531355  0.575150  0.633108  0.523594  0.614215  0.646822  0.570933  0.646985  0.555391 0.0  0.568646  0.640989  0.581213  0.597232  0.612403  0.588114  0.556258  0.608516  0.590583  0.591331  0.506778  0.550733  0.617957  0.623141  0.514429  0.633015  0.705950  0.550730  0.607272  0.618474  0.514926  0.493776  0.423743  0.672123  0.527530  0.552151  0.582785  0.624948  0.648135  0.556483  0.621732  0.629998  0.536257  0.564392  0.567325  0.635441  0.536414  0.569041  0.560302  0.593060  0.561180  0.612079  0.610229  0.532173  0.573176  0.534986  0.588757  0.585056  0.569372  0.582087  0.718151  0.646364  0.609054  0.581894  0.685245  0.507898  0.544589  0.529900  0.581894  0.599777  0.573066  0.708504  0.486001  0.586266  0.558498  0.630539  0.652960  0.587266  0.549534  0.500166  0.529063  0.634482  0.654813  0.654783  0.584674  0.729106  0.566629  0.538288  0.561780  0.545996  0.640255  0.490282  0.538206  0.675622  0.511482  0.518049  0.615359  0.634232  0.585668  0.663466  0.617835  0.603345  0.653239  0.660985  0.617333  0.486616  0.589216  0.600688  0.619415  0.705707  0.551852  0.579975  0.570100  0.597459  0.543629  0.543078  0.658705  0.600194  0.537723  0.623634  0.602537  0.687773  0.535943  0.580812  0.605169  0.491854  0.632770  0.598532  0.647307  0.607426  0.571481  0.580391  0.606224  0.601215  0.683939  0.597705  0.612583  0.614345  0.598617  0.565625  0.524077  0.659839  0.577456  0.571898  0.571804  0.514438  0.571029  0.589790  0.628087  0.573961  0.588200  0.599009  0.683015  0.586757  0.663436  0.600127  0.522776  0.607824  0.600066  0.561389  0.556187  0.599577  0.564643  0.586127  0.560734  0.579184  0.638655  0.588023  0.610416  0.551354  0.609831  0.604576  0.611827  0.523335  0.513441  0.553005  0.563138  0.481374  0.686499  0.567053  0.612128  0.543865  0.479085  0.662109  0.487119  0.563764  0.529331  0.633939  0.544367  0.583658  0.620021  0.580505 
15  0.670338  0.452121  0.656760  0.468006  0.661606  0.546992  0.552135  0.598573  0.554200  0.570877  0.590797  0.619131  0.435798  0.594788  0.568646 0.0  0.586298  0.394732  0.669458  0.466137  0.744326  0.544336  0.504583  0.598004  0.618802  0.480144  0.471605  0.444038  0.664969  0.749222  0.490862  0.353627  0.795272  0.526449  0.619286  0.601788  0.748503  0.610020  0.463020  0.650343  0.666764  0.812550  0.542879  0.625899  0.658351  0.652344  0.510042  0.538632  0.700591  0.662108  0.491751  0.702008  0.508439  0.543438  0.555678  0.655229  0.585011  0.532585  0.764337  0.644937  0.656119  0.338630  0.549021  0.438560  0.524917  0.382177  0.673569  0.543927  0.777053  0.695641  0.363287  0.749391  0.577520  0.747632  0.722833  0.481126  0.289924  0.670396  0.285651  0.364988  0.400079  0.454274  0.625450  0.692471  0.581711  0.561232  0.554595  0.629922  0.596350  0.481465  0.425701  0.349544  0.336646  0.396055  0.457289  0.548832  0.629955  0.679416  0.503181  0.661697  0.630861  0.709341  0.583901  0.627058  0.608277  0.520581  0.532995  0.773143  0.564885  0.682159  0.579969  0.458682  0.601434  0.595111  0.528904  0.694696  0.304460  0.707849  0.616795  0.578075  0.536223  0.672743  0.569889  0.690669  0.363447  0.760763  0.553271  0.833910  0.569492  0.614680  0.609084  0.557829  0.529518  0.615724  0.650958  0.579099  0.569772  0.596884  0.481665  0.450268  0.723433  0.466550  0.553600  0.365695  0.521454  0.637064  0.401063  0.511942  0.440533  0.466780  0.574160  0.448510  0.612462  0.475207  0.490248  0.475924  0.483462  0.402260  0.434597  0.507980  0.584581  0.331537  0.484316  0.446080  0.642971  0.625437  0.661113  0.683611  0.586669  0.628241  0.508196  0.785664  0.672452  0.426790  0.475344  0.436241  0.418761  0.530241  0.668590  0.392746  0.546617  0.645555  0.453396  0.668504  0.635475  0.444075  0.545379  0.650874  0.549831  0.625294  0.552261  0.403798  0.605486  0.422960  0.535807  0.744671  0.525257 
16  0.411525  0.486284  0.569530  0.563099  0.413107  0.694394  0.529564  0.516455  0.704673  0.375708  0.776273  0.467105  0.590487  0.454030  0.640989  0.586298 0.0  0.573965  0.743991  0.497474  0.511803  0.605078  0.351340  0.556536  0.573630  0.364171  0.433861  0.534064  0.550775  0.626357  0.634391  0.507057  0.516283  0.430838  0.658197  0.600630  0.513852  0.611845  0.538720  0.530876  0.492031  0.769205  0.624382  0.278801  0.574503  0.439886  0.624886  0.637016  0.507221  0.266996  0.571162  0.609383  0.441280  0.273392  0.652313  0.452558  0.360003  0.582010  0.741007  0.459632  0.368493  0.546727  0.433221  0.411212  0.562353  0.499786  0.553167  0.514637  0.436123  0.941494  0.469616  0.472997  0.650249  0.330475  0.555739  0.526978  0.572233  0.537292  0.633609  0.591871  0.546413  0.721182  0.558803  0.761372  0.717821  0.600455  0.445813  0.557235  0.359779  0.597633  0.527407  0.463755  0.610324  0.622039  0.479856  0.473128  0.368933  0.468620  0.595719  0.397037  0.630176  0.611433  0.621011  0.564298  0.455535  0.553642  0.408823  0.733429  0.365940  0.290946  0.396181  0.455853  0.476003  0.480590  0.640039  0.610856  0.584871  0.686768  0.596126  0.625767  0.416658  0.699850  0.387797  0.247752  0.509962  0.469476  0.673345  0.297840  0.669143  0.556919  0.516831  0.482811  0.449783  0.540173  0.515961  0.443561  0.472865  0.589002  0.444096  0.412483  0.415205  0.480395  0.533139  0.648960  0.445272  0.307687  0.382151  0.556953  0.596276  0.545480  0.539326  0.640653  0.490511  0.544517  0.531336  0.368768  0.552210  0.506670  0.578489  0.646110  0.577305  0.498526  0.558139  0.477551  0.616560  0.618795  0.381304  0.673900  0.494027  0.743303  0.694918  0.663154  0.581938  0.429003  0.671490  0.629717  0.501977  0.514207  0.411389  0.569526  0.346380  0.434109  0.546232  0.336184  0.613981  0.558077  0.432745  0.677337  0.531443  0.503386  0.743495  0.537563  0.583386  0.532940  0.618547  0.634890  0.389857 
17  0.530859  0.406448  0.555429  0.430944  0.518334  0.692927  0.586829  0.684238  0.635694  0.760495  0.681218  0.571276  0.420886  0.479295  0.581213  0.394732  0.573965 0.0  0.741251  0.443568  0.565224  0.537986  0.454949  0.541277  0.470583  0.603025  0.263239  0.432272  0.729606  0.709542  0.478168  0.205829  0.656586  0.545814  0.601976  0.489631  0.585949  0.783923  0.361003  0.619594  0.579641  0.707650  0.535973  0.489288  0.646099  0.644788  0.592019  0.567427  0.635696  0.519586  0.559122  0.572273  0.553114  0.575932  0.518015  0.616123  0.536171  0.693449  0.598663  0.590886  0.737477  0.397414  0.545874  0.331436  0.494854  0.182665  0.598116  0.553781  0.555394  0.755191  0.312275  0.657423  0.652754  0.476313  0.575101  0.397096  0.525602  0.607640  0.363255  0.377773  0.387885  0.299815  0.623446  0.568622  0.635254  0.526776  0.458693  0.585273  0.455752  0.700696  0.578232  0.522466  0.381605  0.350952  0.369223  0.546518  0.486530  0.610765  0.393592  0.552417  0.706775  0.587561  0.571594  0.640738  0.510398  0.601332  0.590097  0.668922  0.612595  0.662031  0.610321  0.555200  0.632507  0.483188  0.671496  0.659929  0.409649  0.474490  0.602000  0.549679  0.504481  0.706564  0.458268  0.621614  0.348733  0.661149  0.484664  0.678915  0.588739  0.617104  0.522435  0.547285  0.579714  0.458663  0.484597  0.671364  0.499286  0.732815  0.285318  0.368487  0.593548  0.586712  0.469784  0.364624  0.542429  0.509375  0.399791  0.343465  0.761535  0.414265  0.565586  0.467672  0.586917  0.293494  0.374668  0.621844  0.454387  0.342547  0.368652  0.647110  0.629850  0.348993  0.355528  0.392419  0.536006  0.628980  0.575219  0.686428  0.559503  0.600709  0.694561  0.733139  0.559807  0.352648  0.652970  0.427280  0.441968  0.561857  0.642077  0.358091  0.534440  0.442835  0.250465  0.651076  0.628476  0.427342  0.585012  0.665838  0.503800  0.682392  0.521888  0.394077  0.567041  0.431445  0.786450  0.519635  0.341720 
18  0.546195  0.602846  0.654722  0.769116  0.668980  0.517015  0.574800  0.591614  0.483981  0.577173  0.763884  0.654746  0.590628  0.550690  0.597232  0.669458  0.743991  0.741251 0.0  0.569653  0.713675  0.584253  0.610784  0.649459  0.691609  0.691953  0.573852  0.581660  0.589397  0.534404  0.627451  0.705533  0.748581  0.540168  0.726274  0.552691  0.565486  0.549227  0.658958  0.642506  0.579501  0.513632  0.642803  0.713478  0.614306  0.672188  0.481548  0.539638  0.650688  0.584860  0.759246  0.637776  0.681049  0.665096  0.615559  0.671713  0.615282  0.606364  0.671944  0.618110  0.596779  0.634518  0.623501  0.653514  0.681428  0.593913  0.540573  0.529014  0.753915  0.750715  0.720648  0.649874  0.704013  0.639511  0.712295  0.460670  0.722301  0.686523  0.704700  0.556143  0.713038  0.584856  0.617373  0.693122  0.655480  0.766385  0.575698  0.502284  0.780615  0.606559  0.470885  0.703848  0.636680  0.739377  0.744819  0.556596  0.607424  0.605504  0.868154  0.614198  0.558658  0.542369  0.599517  0.695782  0.492786  0.681235  0.646939  0.602428  0.620275  0.740705  0.525754  0.740999  0.769852  0.582403  0.586244  0.651487  0.558202  0.586441  0.592106  0.599402  0.561959  0.611655  0.642807  0.645012  0.743232  0.646766  0.669741  0.763796  0.522098  0.574694  0.569667  0.456343  0.688378  0.645137  0.510377  0.647393  0.691881  0.598776  0.586632  0.694545  0.475003  0.701986  0.794030  0.569213  0.631138  0.569649  0.747839  0.750920  0.548255  0.571342  0.591503  0.678785  0.720717  0.694187  0.652156  0.597232  0.626819  0.561493  0.699408  0.583877  0.594347  0.672821  0.624484  0.632287  0.563778  0.564624  0.509450  0.646435  0.778998  0.579793  0.646112  0.753644  0.586227  0.670940  0.680632  0.623008  0.760594  0.487690  0.724479  0.744553  0.743478  0.693970  0.679237  0.556361  0.524737  0.624488  0.536888  0.808270  0.630524  0.521017  0.586475  0.733497  0.560915  0.652644  0.699080  0.582265  0.682704 
19  0.537719  0.372917  0.656098  0.501029  0.671138  0.589342  0.581862  0.611911  0.512747  0.589133  0.601762  0.530512  0.476581  0.526001  0.612403  0.466137  0.497474  0.443568  0.569653 0.0  0.730627  0.643666  0.580232  0.599242  0.603888  0.546468  0.350341  0.509287  0.586899  0.711114  0.494342  0.392413  0.528051  0.434647  0.504266  0.597521  0.556096  0.550564  0.516210  0.634017  0.579350  0.828766  0.566933  0.604841  0.595025  0.683048  0.550875  0.561254  0.634547  0.502113  0.454641  0.528936  0.443542  0.582442  0.573558  0.701126  0.687410  0.591880  0.582476  0.544619  0.628145  0.487461  0.530062  0.422808  0.413366  0.423403  0.625677  0.532160  0.625097  0.723740  0.440046  0.673010  0.541636  0.595883  0.621280  0.371756  0.494711  0.542114  0.409574  0.382154  0.488756  0.439689  0.614976  0.574367  0.715953  0.561370  0.514634  0.612171  0.610933  0.691369  0.627241  0.343075  0.474452  0.503450  0.329494  0.505296  0.376552  0.619482  0.440587  0.531426  0.576604  0.598514  0.538141  0.652807  0.555754  0.477335  0.546758  0.602972  0.609251  0.721855  0.543752  0.621802  0.719030  0.425630  0.692480  0.601252  0.333703  0.665380  0.526600  0.508251  0.507014  0.589456  0.516799  0.635633  0.506656  0.585808  0.449425  0.565133  0.641478  0.597350  0.486844  0.506586  0.658006  0.613647  0.651069  0.775522  0.542256  0.643646  0.497502  0.346561  0.580267  0.519793  0.683240  0.442593  0.737932  0.613915  0.467805  0.460515  0.555897  0.423500  0.655631  0.454333  0.614961  0.449263  0.290092  0.547403  0.413187  0.353891  0.516024  0.555058  0.608738  0.413948  0.365020  0.457781  0.544662  0.534950  0.519682  0.733988  0.620669  0.612855  0.702833  0.705742  0.550276  0.427177  0.583880  0.331397  0.352748  0.590610  0.683330  0.377503  0.576461  0.642010  0.432751  0.632043  0.642254  0.323179  0.611318  0.600667  0.644537  0.567446  0.633034  0.398978  0.587194  0.417007  0.614948  0.643397  0.459235 
