197
0 0.0  0.535842  0.649867  0.514980  0.468082  0.559790  0.553447  0.516413  0.632466  0.588061  0.629264  0.552530  0.502969  0.520577  0.595716  0.595425  0.389642  0.427036  0.698017  0.501209  0.510664  0.616676  0.530465  0.671799  0.536832  0.621783  0.537999  0.538355  0.560998  0.677997  0.567261  0.475165  0.478997  0.514455  0.389532  0.579999  0.476108  0.596764  0.459915  0.580240  0.509867  0.506211  0.636048  0.566461  0.688444  0.486756  0.443152  0.479974  0.428765  0.521462  0.449365  0.606733  0.444655  0.554999  0.444729  0.768635  0.534088  0.820416  0.585566  0.535112  0.609309  0.502126  0.503052  0.514248  0.450083  0.468305  0.523558  0.528843  0.468948  0.726855  0.570285  0.580491  0.393520  0.470239  0.674187  0.604185  0.514591  0.529004  0.531273  0.551005  0.538616  0.585935  0.583191  0.593600  0.636867  0.556970  0.492915  0.489619  0.626521  0.620534  0.755122  0.466570  0.484437  0.481353  0.536227  0.586815  0.367942  0.627242  0.676496  0.555515  0.682471  0.640431  0.490353  0.570450  0.588866  0.580768  0.390866  0.699946  0.539905  0.650234  0.533125  0.632975  0.588341  0.461135  0.703184  0.554620  0.446137  0.604127  0.608944  0.576764  0.542777  0.628014  0.610694  0.549081  0.568968  0.532574  0.515753  0.649291  0.595160  0.488718  0.471979  0.531949  0.694256  0.420049  0.596286  0.632954  0.662689  0.534038  0.319618  0.387301  0.524741  0.357472  0.687345  0.528065  0.673265  0.525136  0.330983  0.567290  0.605803  0.607514  0.602063  0.621274  0.536256  0.446782  0.581391  0.472849  0.558609  0.511322  0.583686  0.517816  0.589797  0.478961  0.617989  0.488701  0.546137  0.511133  0.383347  0.615559  0.536579  0.648428  0.610062  0.588590  0.544184  0.434319  0.572848  0.553758  0.530113  0.637527  0.582780  0.477944  0.419404  0.612107  0.544521  0.545159  0.564792  0.466049  0.475774  0.551681  0.519817  0.441905  0.524388  0.570035  0.518292  0.490674  0.641998  0.647150  0.513109 
1  0.535842 0.0  0.590898  0.402126  0.640604  0.486034  0.475199  0.586446  0.597458  0.567213  0.552588  0.531095  0.387470  0.496879  0.557162  0.404812  0.606719  0.397062  0.625371  0.406804  0.527479  0.569417  0.568272  0.628602  0.675742  0.548985  0.361188  0.562602  0.684417  0.619764  0.386501  0.384046  0.694731  0.480387  0.506492  0.555679  0.514774  0.613605  0.521570  0.536051  0.550047  0.688413  0.559448  0.591135  0.574142  0.551839  0.576852  0.651609  0.658492  0.540958  0.577352  0.522190  0.436336  0.614785  0.667392  0.630813  0.549227  0.635991  0.625596  0.603739  0.515333  0.469560  0.489200  0.374553  0.425424  0.422978  0.530753  0.511449  0.659013  0.832536  0.413239  0.643535  0.516077  0.533986  0.579380  0.324584  0.457487  0.523165  0.433313  0.400350  0.426678  0.454867  0.476044  0.659103  0.452987  0.558817  0.535051  0.564436  0.653018  0.653024  0.575697  0.343739  0.384830  0.472036  0.395519  0.644572  0.435131  0.552400  0.486805  0.613538  0.572587  0.658420  0.564160  0.590239  0.580403  0.602861  0.506437  0.500215  0.529196  0.588657  0.525567  0.648379  0.634227  0.510193  0.722295  0.538197  0.425792  0.611851  0.521047  0.557803  0.566344  0.706296  0.513417  0.604666  0.430903  0.608280  0.461309  0.695571  0.610236  0.548008  0.549377  0.530664  0.536225  0.556534  0.508725  0.570566  0.546457  0.829604  0.350558  0.349651  0.637272  0.481819  0.597520  0.425388  0.586878  0.622626  0.401808  0.399728  0.643228  0.386437  0.542297  0.462546  0.590576  0.443787  0.408631  0.571098  0.489851  0.377617  0.386253  0.502045  0.584706  0.346640  0.480644  0.367062  0.653006  0.562152  0.493527  0.706877  0.520342  0.561921  0.765598  0.634371  0.610952  0.356576  0.383004  0.386834  0.350961  0.618299  0.654047  0.436242  0.473928  0.664331  0.374576  0.584822  0.468248  0.376289  0.630825  0.658461  0.590348  0.561630  0.595828  0.490911  0.569522  0.349964  0.613726  0.711572  0.590304 
2  0.649867  0.590898 0.0  0.554841  0.560085  0.497361  0.658562  0.425783  0.549116  0.526717  0.521589  0.570980  0.668905  0.417511  0.461153  0.625481  0.470232  0.684145  0.704403  0.595596  0.484897  0.537603  0.541550  0.539189  0.604043  0.605671  0.656691  0.479938  0.661770  0.547415  0.584069  0.557655  0.533018  0.452143  0.665216  0.651357  0.501829  0.477521  0.593391  0.484651  0.537789  0.579349  0.510898  0.482336  0.622523  0.521439  0.560113  0.531898  0.495737  0.483990  0.567098  0.556053  0.646359  0.498566  0.669345  0.529890  0.534083  0.538247  0.504099  0.625116  0.542834  0.613601  0.533638  0.553887  0.580378  0.662184  0.499996  0.503409  0.528276  0.631876  0.502638  0.651202  0.555835  0.506280  0.602321  0.586682  0.676346  0.541599  0.712332  0.517089  0.604108  0.604603  0.534391  0.595976  0.526063  0.595128  0.515724  0.528167  0.490376  0.565117  0.663450  0.572634  0.574069  0.673920  0.627011  0.539733  0.660925  0.540452  0.542971  0.452688  0.582420  0.599701  0.524015  0.596240  0.467595  0.534241  0.540146  0.531531  0.592482  0.596286  0.461803  0.454584  0.615955  0.499472  0.579187  0.515125  0.584519  0.666156  0.554884  0.599711  0.595721  0.523272  0.502279  0.456700  0.573526  0.459192  0.605475  0.467276  0.634284  0.538631  0.539842  0.475480  0.481957  0.477771  0.448497  0.660725  0.524726  0.640559  0.664842  0.610823  0.479767  0.609781  0.534302  0.625376  0.546112  0.552151  0.668338  0.672284  0.650093  0.535488  0.484370  0.666822  0.557194  0.690070  0.635117  0.579511  0.629035  0.518996  0.659597  0.483309  0.602560  0.612628  0.629667  0.557165  0.520930  0.485184  0.498597  0.642119  0.476236  0.634593  0.536501  0.591146  0.724294  0.537583  0.645451  0.621231  0.596912  0.464467  0.553505  0.622037  0.590040  0.480029  0.599992  0.574073  0.612718  0.686420  0.472386  0.444329  0.604172  0.450219  0.656026  0.592202  0.583346  0.572288  0.504904  0.612559  0.738490 
3  0.514980  0.402126  0.554841 0.0  0.616804  0.569103  0.548184  0.610958  0.569191  0.785860  0.635549  0.625360  0.457178  0.671893  0.550053  0.446150  0.569283  0.441726  0.735487  0.463917  0.557489  0.637979  0.542899  0.749969  0.575939  0.636148  0.508681  0.559960  0.672637  0.698542  0.391896  0.497694  0.544128  0.512545  0.586280  0.670903  0.655520  0.580773  0.530260  0.619019  0.599420  0.660521  0.665544  0.812362  0.511529  0.570603  0.627474  0.506808  0.605359  0.667532  0.778664  0.559961  0.714324  0.717434  0.649717  0.693840  0.498361  0.716147  0.632184  0.579205  0.594487  0.407604  0.537265  0.481949  0.440631  0.463758  0.628812  0.631031  0.619405  0.900738  0.508257  0.796873  0.639693  0.698867  0.822762  0.470146  0.414450  0.650800  0.456506  0.515717  0.448135  0.403888  0.667061  0.656459  0.588409  0.643726  0.580300  0.628925  0.548096  0.619350  0.861641  0.499433  0.410272  0.481958  0.457861  0.636418  0.346759  0.649148  0.408351  0.674373  0.765157  0.690874  0.621153  0.614897  0.527395  0.523452  0.639517  0.753894  0.620192  0.762937  0.686024  0.584100  0.679900  0.480086  0.614897  0.755004  0.422196  0.539885  0.553939  0.531648  0.636968  0.687811  0.664404  0.639002  0.441588  0.566934  0.415220  0.753671  0.659122  0.436453  0.571003  0.540489  0.629329  0.524020  0.632831  0.545564  0.543081  0.784926  0.384750  0.379586  0.686269  0.574399  0.556321  0.455316  0.516491  0.669221  0.458157  0.472796  0.632125  0.463371  0.742595  0.489939  0.720016  0.435912  0.383436  0.663266  0.445554  0.488570  0.437943  0.639221  0.635644  0.382629  0.406716  0.364481  0.694452  0.539578  0.564632  0.708919  0.574935  0.572890  0.719314  0.621879  0.486726  0.548874  0.545150  0.474505  0.526677  0.537299  0.774753  0.409124  0.594796  0.626160  0.397854  0.658754  0.634412  0.423837  0.733582  0.811463  0.531133  0.510806  0.473399  0.495193  0.527454  0.424993  0.770092  0.807730  0.524680 
4  0.468082  0.640604  0.560085  0.616804 0.0  0.704345  0.614517  0.517221  0.739067  0.497653  0.555413  0.530301  0.503965  0.601019  0.639100  0.624774  0.413046  0.661224  0.861757  0.708891  0.544489  0.588283  0.605653  0.543596  0.459340  0.629433  0.796065  0.571141  0.383299  0.628911  0.655993  0.655807  0.499294  0.416465  0.532279  0.641579  0.497018  0.519895  0.677882  0.528959  0.606560  0.541231  0.609567  0.438733  0.640180  0.412441  0.520902  0.636685  0.417115  0.539022  0.669394  0.643694  0.516610  0.562784  0.568955  0.529697  0.461697  0.714198  0.598151  0.557741  0.559815  0.539132  0.614223  0.685175  0.581792  0.718205  0.532834  0.554739  0.399659  0.777742  0.698518  0.473632  0.572324  0.413136  0.594707  0.704939  0.564999  0.446243  0.600034  0.666004  0.656578  0.682311  0.603417  0.709735  0.572780  0.564292  0.515849  0.648774  0.563650  0.550369  0.611710  0.618246  0.663287  0.731068  0.630113  0.550459  0.602266  0.507705  0.600024  0.669243  0.709824  0.527601  0.568607  0.483556  0.636005  0.542894  0.456101  0.723792  0.471762  0.450978  0.507757  0.519173  0.449615  0.627264  0.579948  0.466036  0.575671  0.565586  0.605627  0.705680  0.525685  0.619969  0.673974  0.480804  0.594827  0.457278  0.649634  0.550268  0.625345  0.516746  0.648386  0.564913  0.717253  0.594168  0.631092  0.498480  0.487475  0.561283  0.523566  0.579980  0.663023  0.577105  0.698156  0.614807  0.488896  0.516423  0.548174  0.654022  0.627804  0.725777  0.666415  0.606086  0.515402  0.632421  0.671427  0.599440  0.627222  0.783936  0.574477  0.699797  0.637810  0.600955  0.661006  0.648595  0.746679  0.524677  0.502514  0.504356  0.467280  0.589751  0.699347  0.476021  0.574430  0.755820  0.593711  0.712725  0.607362  0.601814  0.608433  0.663352  0.591703  0.481403  0.553489  0.536708  0.448986  0.593911  0.619802  0.626357  0.424190  0.532560  0.512463  0.551460  0.490307  0.697759  0.631818  0.689210  0.711436 
5  0.559790  0.486034  0.497361  0.569103  0.704345 0.0  0.649205  0.528575  0.626772  0.625084  0.584769  0.608560  0.598008  0.668973  0.469594  0.471678  0.536268  0.601914  0.519787  0.505339  0.635575  0.527505  0.588866  0.571526  0.609918  0.497741  0.536762  0.634329  0.603422  0.574049  0.554775  0.539318  0.526089  0.568314  0.515816  0.500660  0.547605  0.627429  0.523555  0.537729  0.628575  0.547492  0.611387  0.589313  0.606696  0.542077  0.582744  0.501000  0.495458  0.639513  0.603967  0.571698  0.532425  0.513244  0.710323  0.407789  0.567370  0.540432  0.578264  0.517498  0.503454  0.565705  0.540913  0.564846  0.627930  0.628010  0.614196  0.694193  0.551244  0.590828  0.657881  0.573160  0.518603  0.485466  0.623554  0.607477  0.500451  0.615632  0.561258  0.643936  0.563853  0.576510  0.648096  0.573252  0.558841  0.577850  0.465096  0.522937  0.532948  0.637615  0.694314  0.554989  0.602344  0.638144  0.552418  0.603293  0.553249  0.464466  0.546645  0.643782  0.657214  0.602167  0.485717  0.693848  0.583648  0.604293  0.538775  0.592379  0.564704  0.529291  0.545460  0.691171  0.495805  0.542555  0.508672  0.538775  0.557294  0.648002  0.576105  0.628978  0.604740  0.533786  0.619436  0.596797  0.636021  0.526619  0.649986  0.523730  0.563772  0.576167  0.607726  0.516613  0.590564  0.564156  0.679212  0.509009  0.552623  0.449575  0.511261  0.599499  0.504023  0.540013  0.514176  0.568970  0.616364  0.477737  0.535203  0.728437  0.550991  0.577404  0.545917  0.606264  0.543467  0.616544  0.629072  0.562509  0.495515  0.546261  0.576784  0.576472  0.471771  0.636366  0.661900  0.597393  0.711104  0.507471  0.475689  0.605423  0.557768  0.575260  0.550259  0.590585  0.584412  0.568982  0.598230  0.753320  0.547427  0.634914  0.471711  0.581668  0.530227  0.524460  0.538028  0.559423  0.586987  0.534732  0.565800  0.564471  0.605730  0.474220  0.570141  0.481440  0.517314  0.499663  0.622935  0.545411  0.604535 
6  0.553447  0.475199  0.658562  0.548184  0.614517  0.649205 0.0  0.621232  0.555612  0.739924  0.566175  0.584015  0.517674  0.454365  0.591589  0.452570  0.532701  0.523301  0.615163  0.516419  0.482846  0.605358  0.569547  0.550398  0.510932  0.493987  0.482203  0.559048  0.575981  0.533859  0.571564  0.523658  0.472659  0.584997  0.571674  0.533931  0.517548  0.559905  0.554943  0.533328  0.551494  0.637803  0.630617  0.644784  0.540249  0.506566  0.619600  0.626736  0.537193  0.549168  0.595746  0.597842  0.580318  0.624686  0.593037  0.638324  0.683541  0.649511  0.612962  0.477936  0.623512  0.440213  0.476498  0.582261  0.581757  0.528566  0.676245  0.550588  0.623886  0.585817  0.551157  0.588958  0.651543  0.619009  0.675631  0.569934  0.648602  0.592437  0.531479  0.528019  0.578592  0.472207  0.549459  0.531830  0.533171  0.596647  0.587593  0.557060  0.504521  0.553375  0.587268  0.628827  0.568239  0.638493  0.576006  0.590810  0.437145  0.736242  0.638636  0.469603  0.586266  0.590480  0.469744  0.552371  0.541860  0.508663  0.585895  0.546195  0.598586  0.623504  0.695080  0.627174  0.524545  0.607229  0.609039  0.507463  0.544388  0.570773  0.592948  0.522053  0.576654  0.531422  0.538286  0.531900  0.509576  0.606952  0.526892  0.715783  0.528593  0.459308  0.548905  0.569510  0.542176  0.669028  0.566971  0.629883  0.628708  0.547146  0.524900  0.501075  0.671577  0.631606  0.452676  0.530321  0.649226  0.537507  0.630122  0.642587  0.581291  0.495254  0.546125  0.583908  0.539029  0.498297  0.620938  0.634244  0.542557  0.550977  0.571624  0.581398  0.625494  0.574148  0.501961  0.511378  0.596190  0.606916  0.586598  0.597703  0.494867  0.575974  0.613312  0.642595  0.598140  0.504347  0.542001  0.575920  0.538452  0.582270  0.604470  0.624852  0.528135  0.625126  0.537718  0.610800  0.545350  0.557035  0.548659  0.605788  0.484386  0.608682  0.629012  0.699195  0.552667  0.483560  0.662023  0.584488  0.506373 
7  0.516413  0.586446  0.425783  0.610958  0.517221  0.528575  0.621232 0.0  0.522107  0.578650  0.615473  0.494003  0.642584  0.470214  0.634374  0.638233  0.445779  0.679375  0.555248  0.674318  0.458507  0.486928  0.554840  0.397841  0.402806  0.708816  0.691532  0.585854  0.501047  0.426837  0.562770  0.536817  0.488636  0.389018  0.646597  0.428389  0.506200  0.592254  0.696565  0.504215  0.482908  0.481398  0.593119  0.446561  0.733761  0.570828  0.518025  0.646977  0.348656  0.534776  0.596680  0.517290  0.550898  0.370033  0.633213  0.420024  0.565814  0.607809  0.641978  0.468035  0.664929  0.596850  0.490256  0.673264  0.612452  0.634701  0.319822  0.608164  0.506231  0.786784  0.619811  0.361666  0.530945  0.414471  0.577541  0.559306  0.583756  0.519560  0.581308  0.626964  0.485761  0.603887  0.556649  0.552573  0.592758  0.576870  0.381988  0.361665  0.474794  0.418309  0.583565  0.536853  0.633369  0.628563  0.536930  0.571808  0.625871  0.333466  0.753048  0.367653  0.526927  0.712577  0.468564  0.553623  0.524230  0.560380  0.439270  0.637541  0.491020  0.496777  0.601492  0.499728  0.533854  0.549311  0.627759  0.454368  0.697711  0.544196  0.511926  0.567878  0.457114  0.468443  0.647327  0.530042  0.632120  0.439881  0.572072  0.523494  0.591650  0.498919  0.621325  0.493814  0.516042  0.421591  0.477179  0.508336  0.597840  0.625309  0.519479  0.514675  0.399872  0.517671  0.659978  0.592722  0.513139  0.492146  0.643075  0.598952  0.592926  0.566182  0.362493  0.607497  0.602577  0.566720  0.601520  0.601979  0.640704  0.625420  0.682667  0.617506  0.443521  0.509967  0.616138  0.525956  0.517740  0.464215  0.491341  0.670472  0.460209  0.647352  0.436999  0.511185  0.658931  0.564696  0.718614  0.727612  0.608779  0.590540  0.541180  0.629379  0.522989  0.518767  0.563257  0.496422  0.509945  0.612851  0.434245  0.521350  0.665566  0.483457  0.592698  0.587670  0.497925  0.696328  0.641907  0.416274  0.628581 
8  0.632466  0.597458  0.549116  0.569191  0.739067  0.626772  0.555612  0.522107 0.0  0.650935  0.616484  0.604979  0.585360  0.559969  0.589399  0.626070  0.636223  0.608781  0.514751  0.604106  0.618884  0.547157  0.573856  0.449031  0.624767  0.665133  0.560579  0.521149  0.738635  0.513589  0.688607  0.520871  0.630807  0.532701  0.774974  0.562127  0.591834  0.592737  0.599314  0.554517  0.576393  0.605384  0.468825  0.701861  0.641968  0.632382  0.780073  0.543817  0.569965  0.606490  0.650133  0.564973  0.618690  0.575693  0.587762  0.587531  0.658468  0.579334  0.616910  0.716283  0.648178  0.507153  0.581063  0.619140  0.693868  0.505779  0.480930  0.521631  0.620681  0.621528  0.534353  0.517638  0.638466  0.783501  0.576378  0.555545  0.649112  0.605453  0.681491  0.543543  0.686231  0.604891  0.565791  0.615116  0.508869  0.530269  0.610447  0.503672  0.631180  0.459378  0.455163  0.564513  0.519652  0.648852  0.517694  0.479186  0.702249  0.517527  0.673450  0.496180  0.587364  0.494345  0.615846  0.672338  0.548998  0.505124  0.583739  0.528734  0.601251  0.731743  0.740826  0.483097  0.581412  0.507469  0.592397  0.674145  0.706603  0.538041  0.563682  0.512758  0.563452  0.493641  0.622500  0.611960  0.604333  0.683035  0.666456  0.618513  0.567274  0.595991  0.590161  0.534726  0.594389  0.664601  0.508842  0.706569  0.548070  0.553708  0.628368  0.605885  0.560529  0.577672  0.726839  0.600247  0.561197  0.701896  0.659259  0.699588  0.569034  0.575688  0.427130  0.560846  0.606316  0.556695  0.540738  0.569776  0.603974  0.612566  0.590689  0.489953  0.486146  0.544305  0.596499  0.522663  0.577933  0.562219  0.638400  0.622585  0.598715  0.568085  0.555804  0.644070  0.634416  0.522475  0.616502  0.554492  0.607638  0.485084  0.658906  0.558361  0.546597  0.662407  0.586283  0.509435  0.585206  0.638304  0.505941  0.636601  0.696491  0.654112  0.588309  0.599985  0.574582  0.610670  0.488729  0.585325  0.636563 
9  0.588061  0.567213  0.526717  0.785860  0.497653  0.625084  0.739924  0.578650  0.650935 0.0  0.636311  0.510789  0.543266  0.530370  0.621936  0.536276  0.368515  0.735505  0.648319  0.633533  0.552185  0.620198  0.630625  0.601199  0.688603  0.582255  0.614202  0.587925  0.522563  0.606645  0.585879  0.447908  0.683128  0.532774  0.571725  0.594515  0.615565  0.594139  0.525602  0.540055  0.497784  0.765239  0.641261  0.370266  0.588024  0.420298  0.687303  0.646927  0.611618  0.627435  0.538608  0.590755  0.467276  0.471031  0.611698  0.535566  0.425629  0.528717  0.774315  0.692110  0.426661  0.642509  0.498843  0.702466  0.818268  0.610054  0.591558  0.543056  0.477250  0.740022  0.643183  0.674651  0.710489  0.443228  0.693285  0.641051  0.661125  0.660845  0.618035  0.560616  0.643590  0.618699  0.743693  0.687987  0.686288  0.628674  0.569733  0.455850  0.592410  0.608819  0.562122  0.612848  0.540086  0.544194  0.505599  0.521012  0.671088  0.493277  0.682624  0.534966  0.511859  0.693126  0.638332  0.632692  0.578233  0.609468  0.483603  0.635536  0.402868  0.444205  0.511735  0.586438  0.559325  0.529970  0.645508  0.676936  0.741400  0.834541  0.601799  0.691443  0.599379  0.737432  0.674849  0.430764  0.616074  0.502470  0.613185  0.384277  0.516765  0.747233  0.644295  0.497094  0.534574  0.560269  0.576115  0.449085  0.545864  0.666090  0.589092  0.643380  0.571599  0.564360  0.626336  0.602904  0.405075  0.368223  0.599388  0.697177  0.494331  0.573774  0.594249  0.661676  0.486306  0.668461  0.633612  0.575534  0.670434  0.600782  0.733963  0.557213  0.575517  0.612029  0.638580  0.447073  0.591799  0.603396  0.611146  0.558588  0.608861  0.675544  0.580430  0.824548  0.609539  0.562197  0.614898  0.745029  0.576783  0.590524  0.439945  0.653194  0.540091  0.708255  0.606205  0.453638  0.596735  0.672969  0.553942  0.536547  0.651408  0.482178  0.802586  0.694035  0.635123  0.563558  0.605674  0.510981  0.662924 
10  0.629264  0.552588  0.521589  0.635549  0.555413  0.584769  0.566175  0.615473  0.616484  0.636311 0.0  0.778669  0.509612  0.635743  0.609152  0.687573  0.670490  0.605948  0.666494  0.576128  0.562951  0.651348  0.654989  0.639401  0.568454  0.685578  0.786610  0.585317  0.557775  0.596673  0.536396  0.733014  0.403244  0.568055  0.577507  0.680960  0.474166  0.414202  0.812811  0.556876  0.596056  0.535652  0.549187  0.597149  0.503201  0.540246  0.627134  0.636024  0.531837  0.724332  0.631590  0.471673  0.605934  0.546838  0.607230  0.645596  0.579281  0.709665  0.355142  0.577517  0.692083  0.588222  0.572041  0.733203  0.568974  0.644008  0.551880  0.640710  0.563574  0.789719  0.697895  0.727074  0.556800  0.692549  0.792014  0.624029  0.476288  0.399113  0.575617  0.675517  0.583996  0.587245  0.461825  0.447417  0.614469  0.625835  0.579176  0.606826  0.569638  0.698106  0.761050  0.625153  0.605254  0.674140  0.633234  0.806319  0.598848  0.727978  0.587433  0.770118  0.636908  0.431954  0.409741  0.597728  0.551902  0.434342  0.662282  0.425745  0.866550  0.567063  0.687812  0.603949  0.569560  0.613940  0.515344  0.472950  0.525964  0.396934  0.545934  0.523563  0.602554  0.429265  0.717811  0.772322  0.563092  0.512169  0.600204  0.769679  0.599376  0.499176  0.707465  0.625557  0.606247  0.613798  0.804250  0.707374  0.724158  0.566768  0.542837  0.706614  0.633113  0.672643  0.621696  0.517642  0.648128  0.719787  0.624427  0.708683  0.648088  0.508931  0.693094  0.591544  0.679371  0.601208  0.545777  0.616052  0.601907  0.688514  0.557354  0.645835  0.697841  0.632145  0.634315  0.678107  0.682320  0.499787  0.444578  0.585441  0.485556  0.495456  0.665105  0.475174  0.527183  0.696641  0.517381  0.698342  0.619451  0.655290  0.654044  0.526163  0.674708  0.457748  0.627287  0.576982  0.400805  0.583101  0.683873  0.601835  0.565725  0.448546  0.583330  0.550748  0.543213  0.661128  0.604138  0.675475  0.719053 
11  0.552530  0.531095  0.570980  0.625360  0.530301  0.608560  0.584015  0.494003  0.604979  0.510789  0.778669 0.0  0.571945  0.491902  0.542576  0.618220  0.355384  0.589393  0.672672  0.530987  0.561777  0.602233  0.486933  0.464066  0.520867  0.458070  0.492773  0.646240  0.492718  0.580615  0.582951  0.476305  0.617699  0.550772  0.616930  0.620245  0.459992  0.632826  0.430188  0.574087  0.513301  0.773509  0.562219  0.431834  0.726015  0.382451  0.566449  0.677148  0.614393  0.554387  0.553383  0.554408  0.499301  0.475394  0.630361  0.565622  0.422374  0.653254  0.648764  0.595892  0.433793  0.546603  0.495899  0.520576  0.650329  0.502704  0.436648  0.455858  0.419001  0.713973  0.493119  0.676479  0.628844  0.344450  0.636091  0.626858  0.692414  0.579142  0.502857  0.616818  0.723738  0.535920  0.690102  0.692858  0.597953  0.651052  0.466372  0.445744  0.544191  0.493909  0.559381  0.527560  0.558434  0.670820  0.558949  0.487260  0.567311  0.507644  0.658730  0.494434  0.609915  0.592840  0.733318  0.415966  0.505243  0.604661  0.449804  0.528107  0.463195  0.363152  0.454550  0.530717  0.524364  0.475488  0.695454  0.479542  0.633780  0.636835  0.522614  0.606055  0.565345  0.645883  0.602152  0.384473  0.547132  0.597450  0.517499  0.404630  0.525835  0.668349  0.570321  0.404373  0.473747  0.486230  0.414673  0.462838  0.531951  0.680055  0.531195  0.496247  0.538771  0.467717  0.548359  0.706939  0.480197  0.398818  0.577508  0.742031  0.447756  0.599414  0.480220  0.539973  0.452172  0.609891  0.504359  0.568066  0.574628  0.528593  0.661255  0.501471  0.490623  0.593738  0.570558  0.495111  0.623360  0.527693  0.648099  0.553781  0.642997  0.659434  0.533201  0.648589  0.604623  0.411698  0.617058  0.571022  0.577369  0.510943  0.442926  0.694417  0.501779  0.568874  0.496825  0.476172  0.540545  0.590471  0.558056  0.583044  0.560623  0.569342  0.617331  0.472836  0.550827  0.588127  0.583191  0.575016  0.523584 
12  0.502969  0.387470  0.668905  0.457178  0.503965  0.598008  0.517674  0.642584  0.585360  0.543266  0.509612  0.571945 0.0  0.498496  0.618798  0.457134  0.464019  0.339897  0.686133  0.350788  0.736575  0.518564  0.449608  0.617458  0.538485  0.457750  0.349175  0.486392  0.664919  0.764485  0.451772  0.329253  0.607769  0.474798  0.641139  0.568251  0.545978  0.639569  0.444156  0.535689  0.548926  0.634183  0.521942  0.559346  0.640095  0.663063  0.579689  0.574560  0.606581  0.606645  0.497209  0.541763  0.532755  0.597442  0.503564  0.583371  0.575906  0.654684  0.652012  0.549561  0.616349  0.363136  0.596369  0.362312  0.367316  0.310337  0.601968  0.525306  0.539304  0.674517  0.383384  0.668490  0.507927  0.607144  0.552196  0.397965  0.454852  0.567673  0.370769  0.303832  0.409866  0.367616  0.605217  0.604752  0.495752  0.613902  0.489975  0.576074  0.513256  0.490018  0.379059  0.417286  0.429273  0.362225  0.400636  0.648828  0.430593  0.525217  0.400527  0.547818  0.724098  0.576572  0.576514  0.551318  0.577607  0.541557  0.547438  0.657142  0.605771  0.485236  0.675282  0.496405  0.689471  0.471167  0.649320  0.640856  0.415416  0.673305  0.588222  0.493902  0.527204  0.724806  0.565713  0.577640  0.446651  0.596401  0.453252  0.640614  0.631262  0.534157  0.516502  0.532826  0.516760  0.458656  0.562438  0.580158  0.456523  0.648419  0.457228  0.345328  0.600703  0.501647  0.617104  0.398057  0.688468  0.659866  0.438353  0.376823  0.553610  0.372357  0.728728  0.410495  0.574112  0.368910  0.446719  0.532417  0.374625  0.341732  0.434607  0.566305  0.599577  0.414671  0.446904  0.377309  0.611640  0.617976  0.489835  0.767664  0.565157  0.544295  0.639292  0.686556  0.617852  0.328722  0.430241  0.389298  0.419200  0.513882  0.634757  0.501400  0.519471  0.583528  0.289125  0.602805  0.544887  0.435561  0.555421  0.666328  0.679978  0.414584  0.632507  0.367650  0.578795  0.425541  0.591436  0.686902  0.407920 
13  0.520577  0.496879  0.417511  0.671893  0.601019  0.668973  0.454365  0.470214  0.559969  0.530370  0.635743  0.491902  0.498496 0.0  0.555709  0.472883  0.459845  0.489587  0.606034  0.494671  0.569534  0.511441  0.480893  0.583651  0.558053  0.552881  0.438546  0.600745  0.497776  0.604961  0.577685  0.465865  0.537174  0.476883  0.673573  0.503471  0.478923  0.518990  0.414505  0.482752  0.512944  0.593594  0.584055  0.530344  0.533163  0.598293  0.498637  0.747209  0.530899  0.385022  0.439718  0.618038  0.422780  0.532984  0.566547  0.578178  0.491006  0.582290  0.644503  0.609434  0.502504  0.429892  0.459196  0.480683  0.501560  0.578763  0.438208  0.518550  0.491600  0.741268  0.507294  0.590635  0.535413  0.429910  0.482424  0.492488  0.582945  0.537837  0.563035  0.424304  0.498843  0.599240  0.584641  0.599680  0.690405  0.336609  0.470739  0.514519  0.386283  0.484555  0.388391  0.381126  0.504706  0.547150  0.499127  0.489446  0.471528  0.479093  0.537329  0.532863  0.741104  0.612323  0.647834  0.604471  0.533922  0.472393  0.397643  0.658146  0.493580  0.519735  0.371202  0.452004  0.597088  0.470662  0.606696  0.554001  0.575510  0.577616  0.504163  0.472866  0.512140  0.599825  0.531190  0.416414  0.441337  0.557030  0.634461  0.521973  0.584350  0.578989  0.508955  0.394085  0.424570  0.504247  0.517927  0.513552  0.390195  0.538629  0.506926  0.426439  0.608287  0.449624  0.537735  0.615748  0.561178  0.470617  0.504454  0.542811  0.515535  0.560776  0.534683  0.496728  0.592280  0.447070  0.540986  0.483170  0.564659  0.451871  0.563167  0.482121  0.569892  0.494347  0.545685  0.397219  0.641189  0.494637  0.616326  0.608943  0.504825  0.652238  0.515721  0.599691  0.565580  0.442716  0.576031  0.548073  0.480069  0.545583  0.450094  0.543979  0.438924  0.477416  0.501216  0.448717  0.500521  0.536050  0.459468  0.556755  0.627124  0.577518  0.612138  0.527043  0.539436  0.503507  0.494799  0.565905  0.625154 
14  0.595716  0.557162  0.461153  0.550053  0.639100  0.469594  0.591589  0.634374  0.589399  0.621936  0.609152  0.542576  0.618798  0.555709 0.0  0.555933  0.560375  0.650619  0.521702  0.619756  0.627653  0.582840  0.708722  0.600109  0.541025  0.522575  0.632382  0.634455  0.618860  0.674415  0.650516  0.508454  0.539793  0.464205  0.500752  0.471984  0.486390  0.560125  0.518213  0.645094  0.558912  0.567952  0.625650  0.678598  0.640533  0.507310  0.532404  0.538324  0.588448  0.539987  0.582923  0.651655  0.613964  0.681131  0.649002  0.730110  0.623259  0.582293  0.579559  0.583773  0.490594  0.618659  0.554835  0.606674  0.558001  0.651361  0.602270  0.558744  0.537714  0.615129  0.506928  0.569733  0.641046  0.537880  0.572071  0.583494  0.610138  0.545956  0.639085  0.547383  0.609501  0.720135  0.557516  0.516338  0.569647  0.553157  0.553605  0.561362  0.576986  0.534692  0.696208  0.626456  0.580250  0.651007  0.456704  0.571297  0.489520  0.584181  0.550336  0.620740  0.604370  0.552120  0.513234  0.804191  0.587276  0.642932  0.655528  0.507888  0.571109  0.569401  0.512620  0.601597  0.553308  0.638613  0.548495  0.591026  0.622226  0.560735  0.581944  0.650661  0.498313  0.648577  0.591913  0.474528  0.568129  0.634632  0.531484  0.596218  0.596110  0.592823  0.655049  0.565156  0.582671  0.635452  0.540877  0.509222  0.617441  0.609770  0.608222  0.680168  0.501667  0.609866  0.723679  0.579868  0.525984  0.549649  0.635958  0.561189  0.514801  0.509407  0.683891  0.531656  0.672072  0.591974  0.507789  0.576102  0.653246  0.622631  0.552363  0.607413  0.575500  0.602249  0.568543  0.605206  0.520042  0.541606  0.574626  0.579658  0.547206  0.621752  0.585406  0.560334  0.512168  0.519182  0.539896  0.595374  0.590999  0.654576  0.520411  0.553879  0.548966  0.716976  0.615187  0.602489  0.565965  0.584050  0.577694  0.513304  0.588616  0.584243  0.589395  0.723783  0.614380  0.527259  0.543611  0.592942  0.592989 
15  0.595425  0.404812  0.625481  0.446150  0.624774  0.471678  0.452570  0.638233  0.626070  0.536276  0.687573  0.618220  0.457134  0.472883  0.555933 0.0  0.612740  0.471170  0.720649  0.454813  0.677526  0.524364  0.436762  0.609245  0.684974  0.523772  0.395025  0.535624  0.619773  0.626793  0.413365  0.406351  0.644480  0.516306  0.607807  0.585022  0.617598  0.686777  0.413794  0.639561  0.591928  0.692500  0.628580  0.653827  0.559320  0.609205  0.497326  0.576999  0.640183  0.662500  0.501704  0.616742  0.477457  0.516990  0.491543  0.566290  0.639571  0.569511  0.590561  0.681200  0.667815  0.398998  0.462936  0.431076  0.453109  0.465686  0.653942  0.521848  0.719126  0.803944  0.420394  0.568098  0.581104  0.698036  0.672842  0.406565  0.391278  0.661313  0.362714  0.420041  0.510203  0.483483  0.704429  0.663163  0.646764  0.557711  0.543232  0.680614  0.574142  0.556814  0.551247  0.345133  0.413370  0.427454  0.411857  0.529712  0.517133  0.689871  0.327701  0.596190  0.649335  0.708348  0.599071  0.591749  0.536845  0.579255  0.618948  0.656929  0.599729  0.518552  0.671345  0.577589  0.610013  0.477956  0.622307  0.632203  0.439854  0.574479  0.589956  0.529188  0.548493  0.598923  0.594358  0.662961  0.376684  0.591484  0.456612  0.689479  0.621488  0.650580  0.549027  0.598573  0.504213  0.551234  0.635049  0.565041  0.578902  0.729788  0.439900  0.429800  0.733413  0.506894  0.547206  0.410209  0.630095  0.594861  0.510331  0.414834  0.495276  0.460964  0.686893  0.404126  0.553227  0.362787  0.440207  0.466167  0.488502  0.424721  0.470011  0.621045  0.681974  0.462486  0.448016  0.386796  0.567113  0.619298  0.614498  0.639160  0.509537  0.555611  0.641884  0.702123  0.617130  0.386147  0.360674  0.385826  0.460574  0.498588  0.638386  0.534340  0.487075  0.645672  0.446658  0.571943  0.638595  0.469810  0.525038  0.680175  0.677434  0.605302  0.708329  0.424953  0.557057  0.421317  0.723297  0.698026  0.538092 
16  0.389642  0.606719  0.470232  0.569283  0.413046  0.536268  0.532701  0.445779  0.636223  0.368515  0.670490  0.355384  0.464019  0.459845  0.560375  0.612740 0.0  0.517025  0.608227  0.588955  0.582216  0.518492  0.452672  0.471664  0.556307  0.583074  0.497257  0.564951  0.538133  0.602435  0.547826  0.374362  0.481822  0.492909  0.710639  0.572462  0.576547  0.630043  0.433785  0.561882  0.596884  0.612935  0.535892  0.347031  0.624384  0.374531  0.453168  0.651972  0.562795  0.343382  0.496548  0.540240  0.376389  0.384728  0.589414  0.431496  0.323502  0.584091  0.615514  0.549138  0.452098  0.502798  0.529474  0.494359  0.614907  0.459190  0.388643  0.534599  0.293894  0.822337  0.446745  0.493720  0.533233  0.295451  0.572410  0.473538  0.549216  0.554181  0.557985  0.452446  0.463926  0.584850  0.702758  0.819872  0.776206  0.448740  0.488056  0.455541  0.368889  0.589904  0.561237  0.471842  0.552561  0.679979  0.558809  0.444977  0.458591  0.453968  0.605794  0.344110  0.673036  0.750922  0.600048  0.433831  0.493813  0.617412  0.290984  0.704900  0.348920  0.371331  0.402496  0.406229  0.518482  0.426369  0.687507  0.524772  0.508277  0.617114  0.532248  0.630539  0.537683  0.670751  0.599192  0.328105  0.488370  0.378522  0.577884  0.351253  0.571163  0.534874  0.548313  0.442525  0.428874  0.531916  0.472305  0.354238  0.417706  0.580590  0.504210  0.353336  0.493620  0.425633  0.547758  0.610788  0.447440  0.278782  0.500195  0.462338  0.622259  0.529501  0.539811  0.585497  0.503899  0.379326  0.679639  0.525235  0.708671  0.474237  0.634221  0.563584  0.615207  0.540157  0.600323  0.432172  0.736096  0.519010  0.483555  0.555697  0.595667  0.695687  0.664848  0.654866  0.566413  0.482320  0.716425  0.651803  0.510835  0.457311  0.416724  0.584186  0.430038  0.445131  0.466573  0.355298  0.678182  0.575800  0.502439  0.548017  0.501467  0.471574  0.618955  0.569315  0.572072  0.530408  0.629507  0.512486  0.458362 
17  0.427036  0.397062  0.684145  0.441726  0.661224  0.601914  0.523301  0.679375  0.608781  0.735505  0.605948  0.589393  0.339897  0.489587  0.650619  0.471170  0.517025 0.0  0.580661  0.393845  0.611176  0.523752  0.562289  0.575713  0.628877  0.631440  0.304359  0.583497  0.791844  0.640141  0.425191  0.303428  0.603498  0.514951  0.556398  0.530324  0.670828  0.788402  0.532471  0.607859  0.595257  0.666540  0.468327  0.510411  0.547176  0.679878  0.495104  0.545709  0.579714  0.510170  0.541589  0.568731  0.540356  0.609199  0.614400  0.672759  0.729965  0.528753  0.748914  0.592247  0.594184  0.379282  0.545611  0.332903  0.376617  0.281575  0.609662  0.496158  0.584940  0.694219  0.306548  0.645579  0.639813  0.501547  0.553931  0.287114  0.409950  0.663731  0.360899  0.328508  0.501203  0.365416  0.549992  0.662973  0.577933  0.583213  0.511713  0.682340  0.456174  0.634998  0.490102  0.387412  0.460540  0.383335  0.430471  0.539037  0.352439  0.640374  0.376533  0.492199  0.597766  0.655429  0.526099  0.634154  0.565865  0.595740  0.485966  0.676778  0.519796  0.661999  0.585316  0.536063  0.680306  0.485960  0.694124  0.781800  0.404383  0.594217  0.648068  0.599903  0.484473  0.593754  0.461587  0.546330  0.322321  0.620152  0.352350  0.596765  0.550724  0.636540  0.509548  0.466590  0.543987  0.556910  0.474057  0.671671  0.510266  0.681095  0.308916  0.253858  0.618565  0.538236  0.683608  0.414258  0.584145  0.595714  0.406994  0.326875  0.658523  0.398089  0.581383  0.440103  0.611185  0.256989  0.463111  0.603490  0.354733  0.349408  0.367209  0.652100  0.646381  0.337453  0.370453  0.291229  0.573093  0.560010  0.480637  0.625070  0.608082  0.660685  0.683504  0.781997  0.632924  0.301439  0.400070  0.384795  0.374656  0.462582  0.751757  0.422067  0.499578  0.520514  0.359330  0.674911  0.737373  0.414978  0.626430  0.718649  0.617454  0.545424  0.487475  0.377264  0.548200  0.399011  0.545489  0.590491  0.376931 
18  0.698017  0.625371  0.704403  0.735487  0.861757  0.519787  0.615163  0.555248  0.514751  0.648319  0.666494  0.672672  0.686133  0.606034  0.521702  0.720649  0.608227  0.580661 0.0  0.675960  0.625629  0.642660  0.551904  0.560809  0.636221  0.615128  0.575955  0.550825  0.615427  0.567591  0.673057  0.716914  0.632623  0.557357  0.659518  0.425879  0.616937  0.590411  0.643609  0.609126  0.569895  0.607306  0.565777  0.820282  0.695415  0.617421  0.516491  0.657228  0.558085  0.772758  0.500417  0.644502  0.831867  0.743007  0.623034  0.856654  0.624844  0.604880  0.648122  0.620282  0.540460  0.650668  0.538313  0.778957  0.570852  0.545983  0.591835  0.515176  0.759103  0.724197  0.755960  0.691928  0.649655  0.679002  0.541226  0.640959  0.856656  0.674152  0.581886  0.615505  0.763690  0.673662  0.679162  0.697056  0.613793  0.666376  0.583882  0.583950  0.774865  0.510932  0.571464  0.719433  0.488308  0.625428  0.587433  0.631366  0.628142  0.588321  0.685877  0.555523  0.601523  0.505693  0.557909  0.722372  0.636135  0.674137  0.629230  0.554662  0.570100  0.803658  0.560207  0.702833  0.829861  0.501658  0.602850  0.712550  0.636213  0.555374  0.621151  0.533952  0.512686  0.613960  0.590439  0.727535  0.642275  0.598695  0.639713  0.643584  0.565490  0.628343  0.579036  0.447816  0.691690  0.585757  0.515030  0.687119  0.622407  0.726352  0.568841  0.583279  0.650331  0.590858  0.717434  0.703585  0.680397  0.719267  0.673547  0.656032  0.534902  0.568197  0.588195  0.587877  0.747197  0.658120  0.631888  0.586313  0.592969  0.575232  0.596208  0.547280  0.594386  0.585274  0.639917  0.660698  0.630583  0.591262  0.501947  0.573389  0.726800  0.616354  0.663460  0.769143  0.515827  0.624682  0.656224  0.606671  0.782404  0.553955  0.574336  0.687503  0.659667  0.681445  0.695613  0.599283  0.516600  0.642023  0.535745  0.810068  0.618818  0.563432  0.500257  0.711427  0.527843  0.642263  0.676908  0.631065  0.846982 
19  0.501209  0.406804  0.595596  0.463917  0.708891  0.505339  0.516419  0.674318  0.604106  0.633533  0.576128  0.530987  0.350788  0.494671  0.619756  0.454813  0.588955  0.393845  0.675960 0.0  0.600699  0.490568  0.547899  0.526402  0.606432  0.430194  0.391780  0.544862  0.654434  0.707074  0.398748  0.315387  0.567280  0.500601  0.477044  0.575054  0.617815  0.569122  0.402083  0.546931  0.520112  0.696472  0.646127  0.665627  0.548724  0.657700  0.461529  0.627749  0.607038  0.481102  0.545089  0.570379  0.534761  0.628382  0.601506  0.660307  0.739236  0.606226  0.603892  0.551191  0.575099  0.401345  0.524844  0.357452  0.390218  0.382607  0.686695  0.437888  0.594775  0.847084  0.356979  0.608931  0.599686  0.605055  0.604829  0.386888  0.486154  0.572898  0.376819  0.402120  0.442125  0.407215  0.636227  0.710240  0.617372  0.540911  0.489176  0.605448  0.509148  0.488143  0.397380  0.378215  0.396073  0.408616  0.359558  0.633273  0.408463  0.490859  0.450004  0.673154  0.666552  0.572155  0.607936  0.705935  0.599559  0.596429  0.531190  0.566003  0.461139  0.583388  0.637177  0.564878  0.704740  0.432824  0.620561  0.626842  0.425796  0.613050  0.449880  0.577700  0.557953  0.654214  0.580543  0.540691  0.395247  0.670100  0.365730  0.531247  0.640242  0.501452  0.534851  0.548123  0.563688  0.443840  0.515315  0.521720  0.394431  0.684055  0.419725  0.349823  0.548793  0.554921  0.536789  0.438828  0.611248  0.658316  0.391896  0.410597  0.477637  0.437815  0.623483  0.422438  0.680846  0.373224  0.432494  0.508299  0.456911  0.312681  0.377782  0.542844  0.575926  0.415221  0.439863  0.339341  0.567203  0.483343  0.495522  0.636109  0.614631  0.588948  0.646472  0.615642  0.722793  0.388743  0.476774  0.328354  0.352984  0.480606  0.615341  0.430518  0.474550  0.542000  0.348316  0.551418  0.508232  0.389734  0.724178  0.701680  0.562295  0.567157  0.630531  0.465305  0.579520  0.379323  0.651377  0.669897  0.568862 
