197
0 0.0  0.456219  0.567122  0.414504  0.432387  0.434577  0.406764  0.471133  0.609594  0.707223  0.517290  0.531763  0.451555  0.562884  0.496939  0.519850  0.381592  0.458501  0.629347  0.554733  0.457420  0.544915  0.543267  0.640832  0.446175  0.565577  0.501260  0.465213  0.432020  0.616241  0.402674  0.391535  0.409331  0.453382  0.327741  0.579211  0.532036  0.499945  0.449086  0.481360  0.469287  0.535566  0.624027  0.534665  0.545174  0.374827  0.504571  0.475333  0.389368  0.478135  0.457156  0.663079  0.417621  0.509742  0.428758  0.569228  0.485080  0.686835  0.517988  0.553101  0.586261  0.474457  0.469173  0.461462  0.490603  0.417007  0.553694  0.535894  0.485116  0.651498  0.423609  0.504711  0.292211  0.460668  0.763745  0.468441  0.482305  0.472947  0.502550  0.449121  0.428305  0.538316  0.529777  0.649419  0.616501  0.563882  0.435775  0.545221  0.451258  0.574523  0.567103  0.408840  0.458940  0.506732  0.541594  0.551403  0.410035  0.566836  0.563896  0.464838  0.665287  0.574387  0.454803  0.577298  0.529974  0.434234  0.508741  0.647296  0.490434  0.478664  0.516580  0.556271  0.533486  0.462345  0.475364  0.496054  0.479169  0.544016  0.527632  0.532944  0.580462  0.626233  0.516531  0.435943  0.473624  0.491920  0.461608  0.514018  0.500325  0.493028  0.402436  0.635434  0.611255  0.329658  0.539130  0.507425  0.484458  0.511318  0.300735  0.396064  0.480125  0.413786  0.637316  0.553450  0.499712  0.468869  0.366182  0.470363  0.525801  0.474839  0.544237  0.462995  0.511116  0.494796  0.504337  0.629907  0.560621  0.486515  0.521931  0.670017  0.636289  0.397942  0.505829  0.444841  0.635644  0.444097  0.352448  0.504352  0.535880  0.539792  0.723298  0.544210  0.546501  0.482932  0.554507  0.567128  0.356891  0.529103  0.591789  0.479518  0.336313  0.497141  0.391538  0.465886  0.486239  0.508683  0.608493  0.640341  0.369621  0.436550  0.439600  0.545091  0.474741  0.534451  0.720719  0.539016  0.447128 
1  0.456219 0.0  0.534363  0.458018  0.723987  0.512238  0.467930  0.587579  0.571789  0.509080  0.553784  0.542600  0.367793  0.405592  0.537506  0.391572  0.559149  0.394525  0.512957  0.333084  0.626190  0.460579  0.513870  0.573308  0.535333  0.467868  0.415950  0.533426  0.621630  0.485223  0.431324  0.355341  0.586323  0.425300  0.457327  0.552483  0.482188  0.448522  0.497700  0.545966  0.596431  0.650827  0.532208  0.593554  0.584580  0.538533  0.474369  0.516662  0.653663  0.498472  0.509510  0.489272  0.507994  0.526954  0.550908  0.577584  0.521392  0.518706  0.570247  0.534820  0.602154  0.349044  0.437567  0.393432  0.421224  0.385372  0.554056  0.414784  0.546020  0.718335  0.411614  0.537726  0.448343  0.548835  0.550406  0.338371  0.406529  0.510861  0.396884  0.356360  0.385485  0.489234  0.496562  0.545207  0.647072  0.527025  0.509174  0.560552  0.492402  0.540738  0.606519  0.375316  0.354179  0.428074  0.374070  0.546257  0.409535  0.608594  0.395393  0.563020  0.550292  0.526670  0.506554  0.533901  0.476379  0.603733  0.586742  0.595941  0.550378  0.554609  0.580162  0.575122  0.672746  0.449702  0.620108  0.560881  0.398262  0.568353  0.520074  0.470670  0.408171  0.604135  0.538502  0.574760  0.382538  0.551634  0.356648  0.547485  0.530641  0.496369  0.511979  0.432125  0.541641  0.479026  0.461868  0.542160  0.523789  0.599971  0.399449  0.324610  0.571569  0.404723  0.513038  0.428022  0.538019  0.521296  0.482562  0.411415  0.493409  0.344353  0.505471  0.436171  0.610469  0.422737  0.329664  0.453097  0.417838  0.328003  0.376461  0.522335  0.584510  0.334165  0.399334  0.351800  0.535195  0.477630  0.446839  0.597242  0.590899  0.536850  0.637322  0.631029  0.555229  0.375733  0.468968  0.328278  0.398508  0.529443  0.561657  0.393268  0.435992  0.501527  0.330945  0.444723  0.463095  0.336370  0.526959  0.700438  0.501962  0.445282  0.510560  0.437894  0.567869  0.416223  0.548254  0.605337  0.567028 
2  0.567122  0.534363 0.0  0.597804  0.570066  0.531668  0.493249  0.508639  0.529815  0.546554  0.497771  0.531584  0.511007  0.444542  0.507318  0.559208  0.457674  0.598072  0.587652  0.495448  0.455516  0.478417  0.514350  0.461938  0.512385  0.475707  0.501885  0.470651  0.485677  0.478778  0.514262  0.444041  0.496817  0.479014  0.591022  0.721051  0.511472  0.526613  0.592834  0.501440  0.521657  0.681676  0.504640  0.550599  0.544428  0.507995  0.551780  0.648059  0.526326  0.489255  0.548112  0.512427  0.531631  0.430751  0.563926  0.533567  0.543581  0.511475  0.553674  0.505334  0.482031  0.485066  0.465023  0.576168  0.555372  0.611990  0.472457  0.437329  0.439805  0.613879  0.606036  0.525905  0.496529  0.425380  0.574108  0.512893  0.642958  0.488965  0.558432  0.596301  0.629221  0.531581  0.560892  0.587456  0.485225  0.538379  0.467419  0.425450  0.501829  0.487999  0.616122  0.569115  0.511275  0.631662  0.478234  0.466652  0.592225  0.491336  0.652864  0.553329  0.627628  0.511446  0.565526  0.576836  0.449987  0.530770  0.452706  0.434150  0.478337  0.503166  0.401590  0.433728  0.543557  0.486593  0.492980  0.502405  0.529168  0.582851  0.425023  0.558391  0.468770  0.522098  0.458677  0.445315  0.571576  0.425836  0.573734  0.503616  0.535301  0.595503  0.466198  0.422803  0.418935  0.434255  0.464504  0.491556  0.459241  0.486647  0.565077  0.514186  0.416703  0.546785  0.542928  0.612702  0.458614  0.503385  0.497633  0.529531  0.521114  0.524862  0.476969  0.572155  0.595947  0.517036  0.607040  0.431107  0.542805  0.570124  0.558284  0.392950  0.537372  0.527213  0.594529  0.565034  0.684447  0.504236  0.498202  0.585966  0.528508  0.511781  0.569574  0.445258  0.478374  0.710398  0.630091  0.638671  0.523621  0.474857  0.563788  0.663491  0.484791  0.407515  0.481820  0.445429  0.459899  0.657020  0.448887  0.529530  0.540594  0.501700  0.468082  0.445687  0.528857  0.544440  0.451352  0.595520  0.523537 
3  0.414504  0.458018  0.597804 0.0  0.554832  0.597443  0.477889  0.559229  0.589584  0.725551  0.525758  0.602486  0.389955  0.570444  0.559698  0.516236  0.559766  0.351282  0.597078  0.422501  0.605872  0.517584  0.521974  0.621534  0.535337  0.478075  0.460349  0.576437  0.683721  0.550492  0.393416  0.416170  0.586497  0.604237  0.533662  0.533273  0.575504  0.615529  0.546998  0.580565  0.450787  0.564439  0.580152  0.680821  0.459540  0.572400  0.514663  0.561990  0.571024  0.576894  0.657115  0.569941  0.634214  0.602278  0.640143  0.659556  0.587141  0.653722  0.593826  0.508295  0.614141  0.347988  0.542081  0.427174  0.419599  0.393614  0.611674  0.593606  0.498308  0.770294  0.405875  0.643302  0.548517  0.535024  0.698330  0.430317  0.380750  0.535586  0.484316  0.440382  0.478538  0.371352  0.507708  0.572224  0.634580  0.630403  0.507142  0.568607  0.576193  0.581665  0.788001  0.438793  0.364843  0.504547  0.418179  0.608657  0.377946  0.569036  0.431227  0.676202  0.621934  0.530799  0.531578  0.553038  0.587173  0.538854  0.532643  0.605727  0.654239  0.601760  0.577024  0.539427  0.579063  0.493833  0.584297  0.534746  0.352603  0.512001  0.473716  0.479698  0.583303  0.550783  0.518655  0.499530  0.451734  0.653149  0.434049  0.741218  0.460370  0.386667  0.556784  0.564027  0.674918  0.502092  0.571987  0.621408  0.590178  0.607163  0.400534  0.335855  0.666850  0.518969  0.615007  0.381501  0.682150  0.548211  0.426213  0.437094  0.605893  0.414629  0.551737  0.405654  0.684567  0.412584  0.393696  0.502051  0.453834  0.451874  0.376854  0.579658  0.658353  0.349480  0.445353  0.422390  0.486173  0.489894  0.418818  0.657592  0.469343  0.484282  0.606429  0.704738  0.590801  0.371653  0.436848  0.456386  0.441441  0.547233  0.654869  0.376954  0.550758  0.617512  0.383524  0.533756  0.497329  0.351399  0.625207  0.792699  0.573954  0.471142  0.449339  0.428085  0.457431  0.370569  0.752976  0.738829  0.530994 
4  0.432387  0.723987  0.570066  0.554832 0.0  0.596981  0.501374  0.447753  0.579482  0.396330  0.524841  0.496436  0.517625  0.558059  0.519169  0.621230  0.348313  0.560880  0.637768  0.648107  0.481576  0.590366  0.536169  0.563737  0.465783  0.587752  0.662159  0.521182  0.308353  0.566149  0.480246  0.584866  0.466753  0.517989  0.471522  0.643183  0.548450  0.563219  0.519631  0.486946  0.601905  0.607678  0.566795  0.367810  0.615244  0.370015  0.478943  0.536016  0.392162  0.473957  0.469666  0.632253  0.548766  0.438712  0.512933  0.458058  0.492398  0.727412  0.542107  0.527780  0.563713  0.566761  0.615524  0.597386  0.577802  0.573269  0.479552  0.535438  0.343044  0.550737  0.609699  0.525755  0.508512  0.375114  0.592196  0.687301  0.504898  0.479896  0.552235  0.689946  0.582125  0.608972  0.487351  0.602193  0.505663  0.669807  0.465872  0.570510  0.552226  0.631802  0.696954  0.658772  0.607400  0.595361  0.580228  0.472096  0.493454  0.472571  0.599553  0.558830  0.721566  0.575062  0.406837  0.503540  0.512154  0.643918  0.321153  0.586844  0.406879  0.394676  0.485252  0.414511  0.584206  0.432373  0.533988  0.459636  0.587647  0.474975  0.594464  0.707775  0.520442  0.480807  0.663970  0.463060  0.644105  0.379014  0.664513  0.449966  0.452400  0.506926  0.643612  0.538967  0.649651  0.545880  0.611358  0.434207  0.567799  0.541709  0.524129  0.576574  0.588466  0.425072  0.632124  0.542039  0.372607  0.468389  0.566342  0.603041  0.680400  0.601571  0.684274  0.613545  0.528579  0.626504  0.696542  0.550951  0.618789  0.761981  0.612565  0.573373  0.530613  0.582070  0.684727  0.541017  0.604371  0.503400  0.427284  0.484198  0.549472  0.648591  0.644946  0.436739  0.480626  0.667704  0.725356  0.612771  0.591170  0.496090  0.453067  0.701104  0.476271  0.383482  0.551045  0.451766  0.480575  0.614026  0.530172  0.625567  0.462667  0.502964  0.366938  0.588256  0.506045  0.673693  0.565459  0.598360  0.606374 
5  0.434577  0.512238  0.531668  0.597443  0.596981 0.0  0.497223  0.495342  0.549138  0.487378  0.426356  0.503158  0.520839  0.506333  0.543180  0.504321  0.508826  0.594881  0.518493  0.528813  0.643260  0.473020  0.448624  0.631720  0.565451  0.616746  0.516056  0.612342  0.630422  0.567645  0.516955  0.464964  0.466241  0.519669  0.487103  0.488452  0.578342  0.598197  0.542595  0.460661  0.544795  0.516801  0.589846  0.530127  0.610454  0.482229  0.502791  0.577001  0.581319  0.541140  0.568808  0.492461  0.600697  0.454622  0.671718  0.406046  0.522075  0.670726  0.604119  0.447211  0.525480  0.538385  0.570704  0.527515  0.506189  0.552185  0.506836  0.549295  0.468655  0.597184  0.491138  0.441621  0.546458  0.501602  0.542695  0.720462  0.433318  0.466195  0.533086  0.593098  0.496350  0.539890  0.534404  0.678675  0.499984  0.527193  0.606433  0.553688  0.561986  0.518837  0.589869  0.492954  0.556724  0.573041  0.474391  0.582277  0.584015  0.492310  0.606170  0.488510  0.453382  0.668791  0.461203  0.645686  0.458921  0.562853  0.413163  0.575525  0.609704  0.502864  0.484606  0.556809  0.515212  0.522330  0.604910  0.458052  0.497453  0.553035  0.612319  0.621772  0.562666  0.490343  0.621478  0.509017  0.604295  0.529867  0.486842  0.463138  0.564233  0.503866  0.491942  0.495490  0.580186  0.506939  0.599424  0.455130  0.594033  0.465512  0.486063  0.556123  0.524500  0.420601  0.629442  0.525089  0.567855  0.542210  0.569643  0.610417  0.472471  0.500379  0.514818  0.510964  0.576750  0.577663  0.583888  0.507878  0.588906  0.549375  0.580353  0.517072  0.489982  0.451943  0.590350  0.496330  0.522508  0.580505  0.488667  0.597498  0.479072  0.553686  0.583938  0.453781  0.591864  0.545366  0.539072  0.595486  0.486647  0.558219  0.447558  0.559550  0.412033  0.535778  0.412931  0.489983  0.533505  0.541402  0.482824  0.522762  0.547784  0.445872  0.476581  0.465513  0.482037  0.556074  0.617172  0.655944  0.591377 
6  0.406764  0.467930  0.493249  0.477889  0.501374  0.497223 0.0  0.521318  0.560692  0.544583  0.573012  0.493308  0.467873  0.516721  0.515545  0.607399  0.513114  0.522547  0.547937  0.440752  0.540293  0.542352  0.463655  0.578292  0.414122  0.565460  0.488295  0.520986  0.566106  0.595380  0.518875  0.525014  0.521374  0.553695  0.564512  0.533227  0.554620  0.486389  0.459071  0.511741  0.543225  0.533773  0.594180  0.570693  0.567822  0.551093  0.433461  0.501382  0.462328  0.501189  0.506615  0.513770  0.611184  0.520538  0.578779  0.636022  0.597693  0.503542  0.639105  0.594705  0.508234  0.482897  0.479856  0.507003  0.495697  0.428213  0.482166  0.637868  0.479582  0.555333  0.480992  0.584990  0.477855  0.421157  0.570619  0.480015  0.552003  0.514713  0.487077  0.622484  0.547167  0.517455  0.482120  0.557535  0.614807  0.482214  0.549241  0.486935  0.454403  0.470448  0.547459  0.518671  0.473286  0.485791  0.499401  0.502960  0.476538  0.520746  0.544217  0.442946  0.552633  0.522153  0.469718  0.441106  0.476434  0.517627  0.562589  0.550507  0.526499  0.509283  0.501581  0.501956  0.460971  0.531527  0.492218  0.588266  0.544253  0.535057  0.525198  0.504077  0.557471  0.552500  0.536139  0.556245  0.505867  0.601045  0.481711  0.593203  0.604167  0.552452  0.520144  0.484234  0.491447  0.544128  0.515325  0.593879  0.498783  0.479682  0.445920  0.477399  0.516153  0.574903  0.538328  0.542650  0.464018  0.521959  0.581157  0.527414  0.586775  0.536389  0.530626  0.470680  0.602012  0.526497  0.586031  0.589132  0.621502  0.566767  0.479461  0.522952  0.478271  0.532127  0.440372  0.461139  0.624087  0.490676  0.493287  0.582795  0.523106  0.482045  0.535122  0.468514  0.575206  0.487068  0.510486  0.417504  0.500948  0.436227  0.650044  0.424956  0.525755  0.550059  0.411162  0.464120  0.490895  0.540946  0.597860  0.574882  0.575047  0.458094  0.506978  0.583352  0.462608  0.530925  0.508908  0.552605  0.471471 
7  0.471133  0.587579  0.508639  0.559229  0.447753  0.495342  0.521318 0.0  0.456132  0.526368  0.436905  0.461263  0.530846  0.414383  0.496966  0.469526  0.401384  0.569337  0.591432  0.622341  0.477700  0.487881  0.514216  0.399193  0.428128  0.536455  0.550527  0.567276  0.427916  0.392229  0.514685  0.568514  0.419552  0.441798  0.482918  0.436906  0.512508  0.457975  0.503006  0.429389  0.480683  0.452068  0.511703  0.479388  0.585781  0.468296  0.407812  0.564084  0.341725  0.494666  0.470431  0.482406  0.504274  0.376066  0.636708  0.421174  0.593931  0.471058  0.476802  0.511564  0.497858  0.529422  0.462083  0.517786  0.536204  0.556748  0.353523  0.469948  0.526032  0.737063  0.553171  0.415648  0.575476  0.375452  0.579093  0.598712  0.485409  0.478454  0.578570  0.517713  0.561359  0.483876  0.533187  0.436491  0.552109  0.549293  0.471239  0.321518  0.462279  0.413329  0.456206  0.572182  0.531975  0.614539  0.547938  0.590725  0.594609  0.311111  0.620625  0.367896  0.521003  0.560467  0.453217  0.582756  0.462950  0.482588  0.393537  0.600484  0.446648  0.519895  0.553000  0.436507  0.511533  0.441347  0.578609  0.440340  0.621899  0.543909  0.491270  0.548058  0.589589  0.412171  0.509611  0.541425  0.522787  0.429439  0.666140  0.530687  0.581889  0.406211  0.565426  0.493542  0.503760  0.501821  0.395657  0.414873  0.514765  0.533391  0.463067  0.468200  0.369601  0.513539  0.589635  0.507934  0.470974  0.491030  0.546443  0.584542  0.490038  0.526530  0.427735  0.580333  0.552361  0.531283  0.493251  0.459350  0.637522  0.572614  0.620506  0.485302  0.413936  0.519323  0.700771  0.481476  0.572471  0.443996  0.440201  0.619965  0.446497  0.568828  0.520209  0.441028  0.613621  0.565297  0.674783  0.663231  0.483123  0.572041  0.434965  0.661324  0.480245  0.510955  0.541684  0.449082  0.521846  0.575936  0.352015  0.450523  0.551943  0.439917  0.475613  0.541367  0.508957  0.511138  0.520274  0.543888  0.506655 
8  0.609594  0.571789  0.529815  0.589584  0.579482  0.549138  0.560692  0.456132 0.0  0.460675  0.589600  0.468590  0.525948  0.556659  0.585861  0.573928  0.623614  0.502286  0.439129  0.576422  0.630585  0.405996  0.506545  0.486321  0.520284  0.598282  0.528460  0.507522  0.604154  0.465046  0.627023  0.608708  0.513867  0.468637  0.698997  0.522324  0.545655  0.490848  0.508623  0.566376  0.546358  0.655350  0.505680  0.631211  0.557996  0.627765  0.673651  0.581085  0.502937  0.595046  0.535254  0.448054  0.637387  0.607051  0.542276  0.584014  0.561052  0.543571  0.623883  0.545087  0.586077  0.522887  0.465984  0.527116  0.566599  0.486430  0.486648  0.448830  0.698262  0.566968  0.531663  0.440882  0.669974  0.552117  0.501091  0.594437  0.609232  0.653200  0.524649  0.511248  0.541709  0.491881  0.563578  0.530072  0.511990  0.553578  0.560997  0.498344  0.561797  0.475480  0.471136  0.623333  0.594949  0.563653  0.583511  0.593308  0.606056  0.566932  0.587719  0.475137  0.512866  0.471190  0.512077  0.590555  0.521662  0.508970  0.589635  0.444133  0.563999  0.576975  0.580271  0.628831  0.650672  0.520565  0.536883  0.563796  0.567991  0.550466  0.552485  0.542902  0.476298  0.506200  0.623712  0.553864  0.639089  0.560664  0.581324  0.671675  0.526861  0.530742  0.505910  0.467826  0.486341  0.485270  0.448513  0.571826  0.450154  0.629911  0.538043  0.499808  0.494856  0.505023  0.535228  0.593602  0.597010  0.653656  0.662777  0.628347  0.472080  0.501547  0.404488  0.531496  0.597181  0.415706  0.494769  0.465899  0.504793  0.581447  0.499347  0.570240  0.449886  0.475170  0.577979  0.543387  0.564092  0.513718  0.569822  0.588020  0.498426  0.509301  0.472232  0.610746  0.550680  0.531610  0.571961  0.498800  0.662314  0.469584  0.606454  0.517016  0.627198  0.564406  0.599071  0.579523  0.525277  0.515720  0.441982  0.577969  0.630753  0.523761  0.618018  0.561274  0.588328  0.502810  0.473744  0.565357  0.673008 
9  0.707223  0.509080  0.546554  0.725551  0.396330  0.487378  0.544583  0.526368  0.460675 0.0  0.607310  0.446895  0.575403  0.474842  0.610566  0.533318  0.382540  0.657449  0.730227  0.508061  0.575826  0.586843  0.450269  0.617365  0.631600  0.475810  0.564858  0.599957  0.512312  0.555748  0.628767  0.469515  0.664804  0.455506  0.604379  0.496910  0.580398  0.589888  0.566042  0.517072  0.539170  0.607152  0.578115  0.425453  0.580756  0.468307  0.568139  0.649434  0.439294  0.489967  0.499577  0.718496  0.475516  0.430196  0.609554  0.493160  0.397343  0.610560  0.665862  0.583883  0.372002  0.620945  0.538899  0.609379  0.663171  0.493462  0.529494  0.448627  0.450855  0.749802  0.584137  0.621065  0.608251  0.410840  0.526265  0.620317  0.457056  0.579642  0.566362  0.513826  0.484570  0.545296  0.605259  0.653367  0.699107  0.642005  0.509585  0.508373  0.480957  0.541579  0.487847  0.562503  0.538823  0.598852  0.507271  0.457386  0.593464  0.462674  0.579945  0.497531  0.463972  0.622788  0.568860  0.615260  0.470656  0.588704  0.425687  0.673614  0.365471  0.383730  0.447017  0.417041  0.607587  0.508185  0.577071  0.565135  0.539280  0.649443  0.505846  0.580108  0.580681  0.741539  0.490793  0.435606  0.651603  0.489681  0.613951  0.375763  0.533830  0.690993  0.669934  0.555451  0.614123  0.519314  0.535679  0.427711  0.492881  0.475474  0.495895  0.532647  0.607242  0.474392  0.622955  0.591474  0.380398  0.380586  0.611843  0.615295  0.478592  0.562519  0.512002  0.516416  0.436277  0.522319  0.538767  0.520274  0.514977  0.608559  0.603911  0.539475  0.604631  0.582627  0.630511  0.558146  0.539505  0.594542  0.588176  0.625412  0.563106  0.553075  0.588400  0.544339  0.571305  0.556529  0.574986  0.526197  0.507204  0.545198  0.410970  0.582526  0.468626  0.619970  0.538818  0.421105  0.625464  0.570848  0.493695  0.567950  0.537398  0.547541  0.507727  0.719730  0.492211  0.605238  0.473807  0.470838  0.476945 
10  0.517290  0.553784  0.497771  0.525758  0.524841  0.426356  0.573012  0.436905  0.589600  0.607310 0.0  0.610450  0.537361  0.586898  0.498261  0.580092  0.643077  0.685337  0.518862  0.567592  0.612760  0.643671  0.558642  0.546544  0.482601  0.591795  0.632386  0.543990  0.535360  0.557530  0.470259  0.693953  0.379679  0.538825  0.546594  0.655523  0.376795  0.422860  0.697291  0.628975  0.521640  0.475494  0.560213  0.565280  0.465790  0.521576  0.570286  0.551320  0.517278  0.657263  0.550501  0.550838  0.431812  0.523181  0.576818  0.685148  0.608294  0.621813  0.399420  0.561542  0.635477  0.471700  0.537329  0.670358  0.461554  0.611522  0.529638  0.529996  0.452092  0.695966  0.658727  0.613741  0.498011  0.592444  0.613897  0.644969  0.406401  0.376988  0.586120  0.655451  0.508947  0.616138  0.387978  0.476417  0.507557  0.595215  0.591896  0.655638  0.512203  0.647934  0.589654  0.659752  0.616485  0.555438  0.597699  0.530678  0.562322  0.593224  0.497739  0.736021  0.560934  0.442283  0.411370  0.606383  0.479171  0.436232  0.640901  0.429715  0.713684  0.557711  0.587463  0.574607  0.483207  0.615711  0.482528  0.394444  0.448505  0.316083  0.557402  0.497883  0.385541  0.448893  0.577839  0.488575  0.603842  0.564920  0.576838  0.789325  0.517481  0.489807  0.651595  0.559599  0.540126  0.609483  0.617569  0.728888  0.612332  0.530413  0.521270  0.581700  0.589305  0.599960  0.593446  0.507799  0.697051  0.648509  0.530132  0.670622  0.583562  0.606320  0.496960  0.504119  0.534103  0.563307  0.557528  0.630341  0.553258  0.639904  0.490539  0.622091  0.560174  0.594025  0.586826  0.726925  0.595625  0.546187  0.517132  0.560408  0.433606  0.427661  0.644753  0.468735  0.442153  0.637156  0.564533  0.606439  0.512470  0.554400  0.717300  0.569850  0.701530  0.360665  0.574799  0.573990  0.365583  0.583870  0.550290  0.713939  0.498904  0.487377  0.472238  0.551703  0.559538  0.564653  0.624075  0.621683  0.575674 
11  0.531763  0.542600  0.531584  0.602486  0.496436  0.503158  0.493308  0.461263  0.468590  0.446895  0.610450 0.0  0.569942  0.434219  0.591835  0.469509  0.393952  0.569866  0.535676  0.430204  0.504344  0.506636  0.436130  0.584680  0.546147  0.530152  0.573647  0.519234  0.492516  0.541890  0.541619  0.474366  0.561744  0.448486  0.566997  0.586877  0.540536  0.517064  0.392710  0.488246  0.548444  0.579818  0.549024  0.391255  0.594558  0.476020  0.452866  0.607971  0.505232  0.526459  0.511871  0.479725  0.525019  0.450804  0.540080  0.567396  0.475778  0.631601  0.546307  0.466233  0.483663  0.495905  0.462517  0.505855  0.543208  0.527358  0.435927  0.525803  0.464107  0.705039  0.489418  0.520530  0.478390  0.393820  0.594125  0.544095  0.636794  0.515788  0.418660  0.504602  0.501252  0.456998  0.556251  0.582555  0.602757  0.522686  0.486290  0.427646  0.517434  0.468498  0.508451  0.491326  0.567538  0.622145  0.571028  0.461075  0.585203  0.545491  0.497150  0.462815  0.522390  0.512595  0.584757  0.472781  0.472219  0.488345  0.421851  0.611256  0.357743  0.371691  0.357046  0.471744  0.485947  0.397591  0.636695  0.603195  0.543853  0.630956  0.444739  0.535012  0.556888  0.504972  0.515751  0.309146  0.534675  0.538400  0.578597  0.350388  0.477566  0.592503  0.555756  0.445472  0.351028  0.487161  0.419321  0.424358  0.491305  0.617440  0.604567  0.436010  0.447572  0.498893  0.540209  0.541296  0.435675  0.397769  0.536178  0.592175  0.488711  0.531707  0.445100  0.490382  0.490339  0.632749  0.577624  0.484313  0.601516  0.507593  0.648626  0.494456  0.499886  0.518595  0.523609  0.394306  0.604525  0.444050  0.520174  0.555916  0.480004  0.459256  0.574065  0.548071  0.558995  0.453526  0.596603  0.572063  0.555063  0.514501  0.478192  0.592890  0.464238  0.535295  0.542173  0.390234  0.688356  0.619664  0.490111  0.496344  0.511893  0.484219  0.522458  0.510332  0.534851  0.605055  0.487083  0.445662  0.551454 
12  0.451555  0.367793  0.511007  0.389955  0.517625  0.520839  0.467873  0.530846  0.525948  0.575403  0.537361  0.569942 0.0  0.447836  0.584358  0.359959  0.499834  0.309007  0.552927  0.386032  0.561918  0.437938  0.478660  0.532510  0.577297  0.500351  0.327070  0.467673  0.500655  0.536476  0.402100  0.308878  0.461127  0.441463  0.515582  0.545720  0.614574  0.576516  0.396544  0.574287  0.525438  0.594150  0.602630  0.586310  0.587473  0.622526  0.479705  0.575264  0.517331  0.526481  0.519944  0.531564  0.433653  0.529896  0.515598  0.556460  0.636924  0.548962  0.591373  0.456602  0.568154  0.325112  0.441026  0.341195  0.355212  0.267089  0.557200  0.457946  0.538444  0.606431  0.384319  0.541994  0.547780  0.610350  0.492463  0.402434  0.417177  0.529981  0.327812  0.279540  0.363168  0.388472  0.526832  0.643597  0.562618  0.592056  0.449208  0.564528  0.438724  0.520839  0.431162  0.337965  0.341972  0.375856  0.368790  0.536439  0.430681  0.533916  0.369051  0.504945  0.548241  0.480363  0.481746  0.579457  0.491092  0.588113  0.510077  0.523316  0.496975  0.557586  0.613013  0.469480  0.510160  0.428403  0.580475  0.558843  0.312426  0.563993  0.561423  0.545064  0.529695  0.489819  0.547592  0.642257  0.310627  0.538128  0.401189  0.549294  0.483970  0.511729  0.440488  0.504949  0.505586  0.419970  0.559273  0.471400  0.461194  0.503620  0.404285  0.324995  0.625068  0.444695  0.429906  0.391787  0.612478  0.538121  0.434882  0.400218  0.487720  0.412647  0.599619  0.450062  0.653411  0.252592  0.391757  0.509217  0.347164  0.312108  0.298761  0.522068  0.479150  0.319082  0.376524  0.338425  0.526529  0.545045  0.491375  0.664422  0.578680  0.579020  0.611571  0.641827  0.574193  0.318356  0.446477  0.329178  0.379786  0.539467  0.561135  0.379625  0.430359  0.577164  0.337339  0.509022  0.540106  0.377425  0.632907  0.512049  0.519129  0.480769  0.513812  0.354001  0.560002  0.435295  0.553623  0.552238  0.405738 
13  0.562884  0.405592  0.444542  0.570444  0.558059  0.506333  0.516721  0.414383  0.556659  0.474842  0.586898  0.434219  0.447836 0.0  0.576004  0.458240  0.379394  0.561603  0.555076  0.521426  0.544176  0.488274  0.452458  0.448785  0.583843  0.540436  0.396244  0.504698  0.592736  0.482811  0.539533  0.350020  0.543989  0.466905  0.602015  0.482519  0.492726  0.526741  0.362424  0.449990  0.523479  0.607807  0.573309  0.475860  0.570500  0.433901  0.456689  0.531235  0.585517  0.374723  0.450645  0.460822  0.439750  0.388343  0.486492  0.580862  0.461941  0.561417  0.586083  0.550229  0.458388  0.441239  0.393721  0.469696  0.546590  0.520985  0.393400  0.433912  0.413944  0.778382  0.470690  0.481959  0.589794  0.442403  0.471341  0.455770  0.525280  0.553211  0.465065  0.360070  0.548850  0.498859  0.543775  0.606478  0.591250  0.349050  0.440422  0.462308  0.394987  0.462112  0.408560  0.380840  0.490729  0.540477  0.458403  0.444726  0.435029  0.411574  0.476592  0.395247  0.577379  0.604407  0.570284  0.588304  0.456126  0.455548  0.432799  0.472670  0.497713  0.447100  0.429329  0.429400  0.504753  0.424170  0.449003  0.581954  0.470243  0.495128  0.547503  0.485347  0.521649  0.697418  0.453527  0.409503  0.431055  0.463458  0.463155  0.377597  0.566835  0.480728  0.420975  0.420464  0.416552  0.423316  0.531199  0.467092  0.349788  0.501863  0.438135  0.424536  0.494412  0.399873  0.523734  0.486471  0.434988  0.403678  0.527399  0.510454  0.473135  0.546939  0.403506  0.460270  0.513507  0.480070  0.473649  0.540623  0.557977  0.373443  0.498213  0.473223  0.490210  0.485756  0.520862  0.350189  0.546105  0.463831  0.485922  0.585676  0.499972  0.564916  0.465428  0.518413  0.589362  0.473681  0.558011  0.498552  0.440867  0.420966  0.454765  0.599593  0.384340  0.442333  0.421662  0.453781  0.512590  0.474077  0.388671  0.432278  0.544925  0.440603  0.499811  0.459929  0.499679  0.448151  0.450752  0.568382  0.547006 
14  0.496939  0.537506  0.507318  0.559698  0.519169  0.543180  0.515545  0.496966  0.585861  0.610566  0.498261  0.591835  0.584358  0.576004 0.0  0.607437  0.551566  0.640451  0.556157  0.555048  0.515767  0.580412  0.544867  0.570217  0.568440  0.499785  0.517646  0.527957  0.549092  0.621955  0.527551  0.588151  0.500668  0.536822  0.472475  0.539064  0.496654  0.477858  0.549955  0.535288  0.465363  0.632079  0.582493  0.623092  0.487655  0.459086  0.491150  0.523290  0.487358  0.544287  0.611787  0.570420  0.556584  0.499800  0.456601  0.523216  0.556204  0.557827  0.527469  0.505182  0.472666  0.597607  0.455724  0.510821  0.554765  0.574259  0.522342  0.540544  0.541403  0.572964  0.472321  0.640215  0.433702  0.542242  0.571593  0.562029  0.571503  0.506253  0.581974  0.571016  0.568915  0.661969  0.557510  0.507353  0.496830  0.528891  0.503165  0.401707  0.514698  0.461972  0.572481  0.578500  0.527736  0.479442  0.544049  0.606302  0.484607  0.546996  0.549728  0.590510  0.633365  0.484010  0.482349  0.584950  0.470302  0.541372  0.547604  0.510884  0.535535  0.493004  0.499037  0.525780  0.496801  0.547490  0.574646  0.488780  0.540313  0.524393  0.529091  0.502095  0.542482  0.566094  0.536220  0.480753  0.620660  0.516126  0.572695  0.524196  0.547450  0.561439  0.505389  0.545674  0.540538  0.539765  0.575261  0.649347  0.671065  0.532144  0.465045  0.471406  0.497249  0.653756  0.519888  0.473760  0.539479  0.544824  0.523758  0.621218  0.486706  0.552372  0.450222  0.544484  0.541433  0.504845  0.465191  0.582639  0.454991  0.562802  0.559339  0.584245  0.506561  0.490491  0.570043  0.500217  0.579990  0.539310  0.488813  0.540772  0.548403  0.547294  0.523765  0.480988  0.601761  0.532831  0.428730  0.640745  0.648542  0.598741  0.577088  0.547778  0.446675  0.522043  0.507130  0.525600  0.540714  0.577295  0.596494  0.486119  0.483190  0.531794  0.532035  0.612480  0.479555  0.500883  0.500606  0.565130  0.527299 
15  0.519850  0.391572  0.559208  0.516236  0.621230  0.504321  0.607399  0.469526  0.573928  0.533318  0.580092  0.469509  0.359959  0.458240  0.607437 0.0  0.678762  0.372908  0.591885  0.322541  0.615912  0.528514  0.445917  0.528162  0.593775  0.508142  0.388633  0.487908  0.655424  0.615360  0.387354  0.402683  0.649207  0.449860  0.514231  0.597031  0.591207  0.533350  0.395291  0.586324  0.517418  0.742989  0.615043  0.572598  0.545340  0.468340  0.515957  0.511115  0.594005  0.631704  0.492783  0.621421  0.402499  0.497234  0.517896  0.666497  0.621799  0.562302  0.583161  0.511023  0.599523  0.377999  0.514008  0.367929  0.438907  0.395213  0.571423  0.535741  0.639137  0.602200  0.366187  0.614909  0.548493  0.608508  0.627685  0.475560  0.347854  0.671290  0.279618  0.356818  0.408114  0.442947  0.625068  0.571439  0.525874  0.643807  0.462195  0.544953  0.548301  0.471880  0.463634  0.346312  0.370798  0.407905  0.339539  0.471962  0.491477  0.598599  0.419930  0.523035  0.615413  0.493163  0.538898  0.644797  0.617620  0.524947  0.551377  0.522500  0.473019  0.619518  0.542789  0.588609  0.549165  0.470415  0.632589  0.665894  0.442707  0.539571  0.585858  0.481163  0.452467  0.565846  0.555250  0.564244  0.396936  0.684795  0.384046  0.646583  0.619520  0.518471  0.471138  0.563915  0.475055  0.562148  0.525177  0.572783  0.600477  0.649164  0.378375  0.396635  0.543660  0.507356  0.622468  0.443868  0.597714  0.648662  0.475158  0.434706  0.522403  0.332078  0.584390  0.459071  0.587713  0.337847  0.364663  0.492534  0.478945  0.409316  0.393079  0.472231  0.430991  0.369926  0.430246  0.373169  0.542292  0.592718  0.513296  0.693707  0.557885  0.584848  0.467524  0.570785  0.581484  0.366229  0.452391  0.346226  0.424341  0.503888  0.573068  0.445185  0.535865  0.522747  0.350467  0.554781  0.547296  0.433077  0.594294  0.588615  0.620858  0.544171  0.518844  0.363834  0.572171  0.407238  0.598170  0.564941  0.453273 
16  0.381592  0.559149  0.457674  0.559766  0.348313  0.508826  0.513114  0.401384  0.623614  0.382540  0.643077  0.393952  0.499834  0.379394  0.551566  0.678762 0.0  0.406729  0.606969  0.430987  0.422501  0.458250  0.430154  0.461538  0.496123  0.461591  0.444904  0.571766  0.453694  0.578812  0.541728  0.376551  0.566133  0.392618  0.591341  0.620070  0.557558  0.639976  0.430819  0.441121  0.462476  0.632645  0.559445  0.278373  0.633318  0.369875  0.385156  0.649933  0.457674  0.298897  0.449046  0.490211  0.408761  0.329418  0.598157  0.510082  0.307956  0.603227  0.605515  0.461760  0.341221  0.530391  0.477312  0.464677  0.476618  0.451066  0.329216  0.418314  0.253136  0.897590  0.480315  0.486111  0.568630  0.282856  0.515783  0.520340  0.444437  0.518869  0.575239  0.428691  0.484596  0.568246  0.486326  0.661221  0.584716  0.472949  0.408445  0.495996  0.338286  0.484765  0.426713  0.480460  0.573800  0.464103  0.487975  0.415771  0.429021  0.368032  0.646846  0.341047  0.623621  0.630349  0.528595  0.430569  0.522510  0.574803  0.268206  0.610045  0.279335  0.299528  0.308877  0.409657  0.536064  0.368658  0.570827  0.563444  0.429649  0.639229  0.536643  0.616340  0.503088  0.529258  0.501469  0.271270  0.408258  0.396995  0.594706  0.337614  0.507752  0.488616  0.446116  0.462340  0.449060  0.469680  0.418685  0.357221  0.425897  0.505447  0.407614  0.341065  0.392688  0.391911  0.492322  0.580098  0.365129  0.247567  0.439270  0.464176  0.496051  0.447648  0.504523  0.571785  0.408155  0.410192  0.454654  0.396836  0.627619  0.406604  0.565324  0.510556  0.573196  0.507226  0.546219  0.413813  0.687099  0.478544  0.411774  0.425909  0.562783  0.631505  0.529066  0.500304  0.542794  0.397772  0.611422  0.625529  0.490661  0.460106  0.441377  0.601982  0.442991  0.413344  0.405232  0.343715  0.679702  0.556893  0.483502  0.531464  0.434225  0.424582  0.534817  0.529017  0.435793  0.487146  0.553383  0.463575  0.389352 
17  0.458501  0.394525  0.598072  0.351282  0.560880  0.594881  0.522547  0.569337  0.502286  0.657449  0.685337  0.569866  0.309007  0.561603  0.640451  0.372908  0.406729 0.0  0.586931  0.362323  0.618244  0.511933  0.525635  0.499765  0.460083  0.569081  0.294098  0.449644  0.624104  0.618141  0.386069  0.296037  0.494134  0.459523  0.591721  0.537888  0.565823  0.661778  0.432655  0.563448  0.598592  0.591941  0.472777  0.525756  0.635989  0.551588  0.553750  0.464076  0.565910  0.492477  0.525826  0.593204  0.516671  0.560693  0.486231  0.597529  0.506266  0.460772  0.648267  0.489934  0.649100  0.359360  0.515571  0.290253  0.319925  0.296966  0.467400  0.523640  0.569448  0.595088  0.322767  0.576684  0.607111  0.470082  0.549182  0.365667  0.404732  0.612907  0.372990  0.344281  0.397699  0.304595  0.495879  0.595143  0.555912  0.528356  0.450062  0.520865  0.439245  0.541157  0.375855  0.387287  0.394858  0.317215  0.350267  0.535792  0.341170  0.555317  0.402457  0.408562  0.665440  0.543171  0.465848  0.587771  0.534103  0.484829  0.550441  0.606346  0.461721  0.525381  0.569301  0.494437  0.576706  0.420534  0.479414  0.574797  0.374064  0.454399  0.568930  0.554596  0.522854  0.630601  0.433864  0.525118  0.334091  0.579663  0.332060  0.513349  0.619002  0.482143  0.488699  0.492494  0.536049  0.498254  0.537115  0.675437  0.448349  0.678126  0.313903  0.293339  0.511046  0.522678  0.528622  0.380125  0.649695  0.554091  0.424688  0.307884  0.530481  0.430238  0.576956  0.390082  0.538259  0.235769  0.456516  0.530975  0.367007  0.316710  0.364251  0.495315  0.518761  0.349072  0.336960  0.284279  0.481166  0.489898  0.503362  0.628278  0.484662  0.522708  0.625825  0.604299  0.565716  0.283034  0.440630  0.328928  0.393012  0.456056  0.566246  0.348785  0.490735  0.452353  0.298328  0.469790  0.633575  0.331346  0.555884  0.646833  0.540467  0.449962  0.569162  0.347503  0.462260  0.389306  0.528689  0.664463  0.385828 
18  0.629347  0.512957  0.587652  0.597078  0.637768  0.518493  0.547937  0.591432  0.439129  0.730227  0.518862  0.535676  0.552927  0.555076  0.556157  0.591885  0.606969  0.586931 0.0  0.660500  0.569709  0.553415  0.546302  0.516821  0.430778  0.681480  0.571494  0.490255  0.593024  0.447812  0.553597  0.596594  0.510605  0.498243  0.605249  0.469690  0.519140  0.546206  0.585266  0.538669  0.490090  0.485121  0.513774  0.691148  0.650746  0.609548  0.479405  0.610323  0.485890  0.720212  0.656288  0.642269  0.619831  0.529783  0.704901  0.656077  0.625765  0.632612  0.659151  0.489400  0.563812  0.571498  0.499023  0.616518  0.589746  0.521511  0.531308  0.494894  0.536921  0.643437  0.630649  0.571863  0.602376  0.536825  0.618413  0.582155  0.631008  0.669264  0.557301  0.589185  0.656498  0.686631  0.503883  0.616576  0.547863  0.576745  0.508135  0.574045  0.660336  0.467260  0.503310  0.651678  0.540243  0.681633  0.573397  0.603525  0.585475  0.531576  0.659916  0.567591  0.592721  0.483933  0.544757  0.586850  0.453351  0.577209  0.659453  0.482924  0.527127  0.593938  0.546640  0.718091  0.709236  0.505310  0.535371  0.695336  0.602014  0.511740  0.535070  0.593101  0.484162  0.609187  0.609193  0.625348  0.598669  0.553440  0.576781  0.528852  0.535649  0.576121  0.615980  0.407960  0.577069  0.552147  0.519136  0.569529  0.602617  0.640888  0.627413  0.611477  0.639010  0.547133  0.739651  0.673492  0.584004  0.736275  0.676957  0.696915  0.482821  0.546927  0.496613  0.559309  0.626128  0.611062  0.570461  0.465048  0.658003  0.610389  0.591280  0.503211  0.670526  0.596650  0.664903  0.581304  0.557707  0.503795  0.436450  0.582037  0.657573  0.608776  0.567370  0.517176  0.525927  0.618987  0.606983  0.567447  0.632725  0.516736  0.621372  0.564519  0.724669  0.557956  0.550882  0.486054  0.432484  0.655557  0.442367  0.707694  0.537501  0.522288  0.566278  0.683314  0.655960  0.753783  0.648654  0.585119  0.634586 
19  0.554733  0.333084  0.495448  0.422501  0.648107  0.528813  0.440752  0.622341  0.576422  0.508061  0.567592  0.430204  0.386032  0.521426  0.555048  0.322541  0.430987  0.362323  0.660500 0.0  0.598113  0.483407  0.471287  0.603724  0.551057  0.505658  0.367335  0.516779  0.589146  0.520224  0.371863  0.351386  0.549148  0.425176  0.515799  0.574755  0.489811  0.498077  0.416203  0.500997  0.547799  0.659451  0.596578  0.617848  0.566119  0.551960  0.472309  0.533405  0.665953  0.626202  0.505115  0.465794  0.437963  0.547628  0.538172  0.598426  0.633579  0.605965  0.578627  0.510529  0.528283  0.320585  0.540758  0.370483  0.386351  0.305704  0.512160  0.528516  0.483020  0.711584  0.362620  0.616085  0.521351  0.578737  0.581402  0.341738  0.417350  0.488490  0.359006  0.327592  0.481407  0.381848  0.539496  0.547043  0.515256  0.487176  0.511235  0.447434  0.537482  0.589804  0.568092  0.291844  0.365092  0.350226  0.341984  0.602698  0.344232  0.506292  0.435552  0.552458  0.569030  0.534793  0.485418  0.592900  0.450892  0.429938  0.495917  0.474347  0.564155  0.542010  0.538116  0.544804  0.529813  0.443027  0.536012  0.612290  0.376133  0.488042  0.482884  0.527088  0.450867  0.635553  0.502382  0.437262  0.358938  0.573761  0.337315  0.515611  0.591831  0.528866  0.481615  0.506390  0.503075  0.501893  0.513392  0.518076  0.453515  0.541582  0.339727  0.357755  0.680038  0.484927  0.601784  0.377734  0.543251  0.588355  0.487368  0.337733  0.505544  0.364946  0.530680  0.409502  0.632084  0.343370  0.361822  0.520164  0.356998  0.339377  0.391645  0.572272  0.505625  0.309430  0.423481  0.362399  0.461490  0.438695  0.501290  0.635176  0.581504  0.607911  0.585068  0.536893  0.609730  0.354701  0.396932  0.466915  0.317931  0.463094  0.601169  0.382668  0.477660  0.478336  0.336536  0.611612  0.590506  0.380709  0.636951  0.548230  0.593901  0.522631  0.542345  0.453884  0.452101  0.419327  0.573633  0.659806  0.514875 
