197
0 0.0  0.483086  0.517288  0.443462  0.483152  0.559623  0.491967  0.415034  0.778666  0.616471  0.650657  0.513788  0.502497  0.399363  0.545496  0.680225  0.443139  0.404554  0.590820  0.528964  0.530329  0.516206  0.601290  0.667194  0.466341  0.569989  0.462146  0.529717  0.462024  0.638473  0.504832  0.380667  0.425350  0.461439  0.380565  0.676638  0.487244  0.520744  0.372554  0.625540  0.471475  0.602007  0.640678  0.593491  0.606243  0.476265  0.465716  0.412635  0.503490  0.463428  0.481182  0.585112  0.390080  0.573817  0.492317  0.663946  0.593943  0.683164  0.519106  0.511749  0.573659  0.503949  0.473586  0.402818  0.496115  0.409797  0.604872  0.640207  0.512474  0.678954  0.522691  0.561892  0.328854  0.445583  0.615747  0.441579  0.489386  0.494677  0.519597  0.577258  0.590972  0.564602  0.570428  0.548548  0.604939  0.560192  0.474895  0.619618  0.543466  0.584235  0.630187  0.499780  0.500760  0.491533  0.545908  0.457210  0.386590  0.617875  0.583699  0.560899  0.633711  0.566915  0.440249  0.622976  0.559566  0.555115  0.564506  0.566826  0.476715  0.499337  0.591433  0.570654  0.528887  0.486175  0.524301  0.544471  0.496140  0.616730  0.555369  0.503301  0.611973  0.545236  0.676013  0.556116  0.496502  0.527726  0.484936  0.437871  0.560102  0.492451  0.440208  0.603755  0.599175  0.381404  0.559763  0.487842  0.635230  0.474185  0.303113  0.450345  0.493610  0.357437  0.521236  0.458983  0.584654  0.479612  0.322925  0.472814  0.593526  0.552240  0.575242  0.559152  0.604338  0.435981  0.568260  0.587921  0.523639  0.517584  0.489488  0.543118  0.638364  0.448336  0.576499  0.446627  0.568415  0.542900  0.368381  0.619830  0.567785  0.693578  0.578507  0.598031  0.568725  0.539975  0.646030  0.512965  0.500849  0.465980  0.578619  0.555933  0.396837  0.474808  0.411636  0.507579  0.455169  0.469386  0.554211  0.539942  0.432175  0.432740  0.469231  0.573118  0.437251  0.439843  0.705114  0.533464  0.420839 
1  0.483086 0.0  0.541600  0.453928  0.645639  0.563386  0.503785  0.477754  0.621525  0.483004  0.559313  0.433368  0.377631  0.465935  0.609734  0.412163  0.610408  0.429354  0.581485  0.328078  0.525173  0.524117  0.499358  0.634411  0.610222  0.463350  0.417292  0.514557  0.593471  0.642472  0.439223  0.313829  0.558650  0.458991  0.572077  0.552380  0.543213  0.518131  0.458318  0.535524  0.476701  0.706440  0.607715  0.582988  0.588441  0.548998  0.437726  0.463892  0.495495  0.538245  0.468498  0.451693  0.509938  0.546291  0.457047  0.561548  0.580727  0.592821  0.555178  0.510071  0.591370  0.393472  0.543322  0.355383  0.412281  0.331790  0.524865  0.566037  0.610672  0.759380  0.336398  0.582466  0.524610  0.637134  0.529550  0.357949  0.425820  0.583246  0.420757  0.387459  0.479585  0.400758  0.478288  0.530086  0.596963  0.545869  0.464635  0.595966  0.568272  0.586168  0.658800  0.372130  0.381692  0.440702  0.328726  0.557991  0.362378  0.585154  0.410663  0.570122  0.607896  0.547998  0.535629  0.536728  0.509576  0.471617  0.617863  0.571676  0.502722  0.578097  0.535304  0.577733  0.658261  0.472267  0.551631  0.627366  0.395774  0.516835  0.521083  0.545664  0.523425  0.638300  0.521340  0.461752  0.390583  0.596966  0.427728  0.592820  0.511225  0.593753  0.568309  0.453000  0.571478  0.487143  0.547085  0.620365  0.544215  0.712450  0.389506  0.356061  0.466046  0.532549  0.510433  0.369117  0.542627  0.630911  0.441706  0.390896  0.439141  0.377585  0.491496  0.496493  0.643756  0.436436  0.332139  0.530274  0.433806  0.378279  0.402597  0.551958  0.553069  0.357258  0.393109  0.386307  0.545577  0.506366  0.541069  0.708389  0.563584  0.503139  0.635853  0.722706  0.602502  0.318309  0.432869  0.379888  0.347775  0.483712  0.586534  0.401682  0.462398  0.539318  0.317883  0.539125  0.551674  0.375992  0.471929  0.596753  0.630115  0.513960  0.551166  0.418082  0.483696  0.373535  0.576284  0.594378  0.490073 
2  0.517288  0.541600 0.0  0.594882  0.467557  0.540678  0.574784  0.569678  0.655528  0.555797  0.617758  0.450478  0.616970  0.515031  0.521495  0.476400  0.476510  0.623993  0.583031  0.619497  0.584086  0.444923  0.583845  0.501225  0.503827  0.549789  0.605527  0.575283  0.535802  0.503788  0.540193  0.550661  0.544316  0.444527  0.561236  0.641749  0.509377  0.431221  0.541561  0.587482  0.496745  0.707290  0.528310  0.603490  0.522626  0.401991  0.570269  0.676188  0.569922  0.460843  0.563797  0.511362  0.428307  0.403756  0.604984  0.506818  0.542805  0.525734  0.528859  0.619399  0.486148  0.652054  0.454605  0.611603  0.574062  0.525741  0.423849  0.427609  0.456081  0.718610  0.505602  0.558612  0.606718  0.542588  0.497011  0.534292  0.484753  0.528454  0.607415  0.505371  0.704840  0.636868  0.545203  0.590510  0.516067  0.489397  0.473146  0.469462  0.540532  0.573415  0.538850  0.545350  0.540006  0.596525  0.531028  0.524097  0.567903  0.574638  0.619243  0.475551  0.544370  0.551886  0.485350  0.623550  0.503685  0.531855  0.522597  0.571534  0.522155  0.477665  0.475813  0.516192  0.518249  0.408912  0.565885  0.464703  0.556280  0.560848  0.541273  0.643478  0.560648  0.546854  0.498994  0.453899  0.737465  0.466843  0.511349  0.474907  0.563359  0.521236  0.449172  0.473034  0.498104  0.564822  0.485940  0.506532  0.455985  0.557877  0.584276  0.520091  0.399965  0.530156  0.545580  0.587709  0.494516  0.499475  0.647385  0.566577  0.550465  0.552274  0.497538  0.542879  0.643859  0.648546  0.550336  0.549469  0.647994  0.541715  0.591711  0.481367  0.571053  0.525002  0.685512  0.652081  0.593613  0.497178  0.595561  0.659554  0.419084  0.592781  0.543900  0.543254  0.589729  0.605586  0.648446  0.646511  0.469644  0.529461  0.494133  0.580150  0.533962  0.469546  0.528154  0.554751  0.449092  0.515342  0.498456  0.584182  0.596135  0.430521  0.590990  0.564506  0.520811  0.537791  0.443043  0.637521  0.616679 
3  0.443462  0.453928  0.594882 0.0  0.732129  0.531462  0.495907  0.563738  0.688769  0.622309  0.618684  0.643277  0.386060  0.615628  0.493540  0.520360  0.629233  0.410858  0.632621  0.428174  0.566282  0.636655  0.551468  0.677030  0.647686  0.491911  0.395408  0.492214  0.514779  0.641818  0.437272  0.416631  0.440352  0.539851  0.670925  0.621165  0.539217  0.640808  0.623910  0.568447  0.603305  0.591385  0.602984  0.708307  0.521408  0.548938  0.552110  0.499831  0.437453  0.632668  0.596517  0.623991  0.663571  0.747273  0.567632  0.809918  0.640225  0.582683  0.565810  0.583909  0.698155  0.405512  0.504187  0.406140  0.383380  0.434985  0.636634  0.614832  0.535062  0.780636  0.447363  0.718601  0.456975  0.588029  0.807564  0.424674  0.417622  0.552291  0.473642  0.455297  0.429018  0.407120  0.618406  0.624055  0.590318  0.615640  0.475464  0.564530  0.521702  0.648528  0.729557  0.449663  0.378886  0.496268  0.405595  0.723645  0.366967  0.697163  0.463258  0.593615  0.647323  0.542418  0.561053  0.530369  0.579644  0.539200  0.710390  0.585703  0.603899  0.740561  0.495612  0.630318  0.550717  0.524423  0.543985  0.664783  0.345778  0.637776  0.549495  0.475362  0.501137  0.702829  0.592908  0.503889  0.434934  0.589652  0.449210  0.701443  0.605262  0.458920  0.659386  0.500422  0.616122  0.619905  0.607790  0.526912  0.555529  0.625701  0.359011  0.390186  0.734658  0.561818  0.599412  0.402373  0.593533  0.551510  0.417917  0.478560  0.607355  0.378391  0.666461  0.482477  0.484336  0.477511  0.429657  0.576109  0.437940  0.428473  0.383036  0.593043  0.599293  0.412924  0.390193  0.398086  0.496872  0.384120  0.482761  0.648960  0.528866  0.565982  0.530031  0.701315  0.639424  0.364259  0.425813  0.458525  0.395801  0.521628  0.648722  0.409717  0.681173  0.569384  0.320724  0.575201  0.628915  0.392861  0.647671  0.713295  0.640497  0.484401  0.478320  0.483089  0.382684  0.336381  0.624911  0.752343  0.529655 
4  0.483152  0.645639  0.467557  0.732129 0.0  0.584714  0.525901  0.442498  0.621862  0.489365  0.552630  0.494560  0.517790  0.578333  0.655505  0.622174  0.353519  0.605813  0.542775  0.620928  0.493407  0.636821  0.540987  0.631901  0.521538  0.682682  0.752996  0.428508  0.374452  0.617866  0.547191  0.560702  0.483571  0.520045  0.514295  0.582177  0.501442  0.555732  0.656783  0.548903  0.505188  0.586313  0.587303  0.388110  0.592042  0.392170  0.474151  0.498960  0.451538  0.580198  0.592793  0.711044  0.518736  0.470234  0.553121  0.513101  0.533487  0.682033  0.483633  0.514688  0.537587  0.618902  0.573945  0.732711  0.604804  0.697499  0.542748  0.490238  0.371779  0.653882  0.662493  0.576918  0.499093  0.391133  0.602371  0.738614  0.506074  0.448744  0.616431  0.554997  0.550150  0.584651  0.605525  0.644895  0.589114  0.552139  0.523382  0.598156  0.592332  0.527591  0.735468  0.534194  0.602237  0.550553  0.560818  0.487967  0.645907  0.552921  0.708368  0.630373  0.640422  0.627698  0.488495  0.451371  0.532123  0.574167  0.429559  0.590222  0.477525  0.424705  0.534289  0.508129  0.534755  0.523684  0.567372  0.478764  0.522210  0.531826  0.502487  0.717010  0.567804  0.554232  0.767002  0.495773  0.653394  0.417857  0.675288  0.542251  0.592076  0.529257  0.571448  0.613377  0.540192  0.615656  0.560833  0.433909  0.681654  0.644247  0.512294  0.545003  0.556538  0.556805  0.473719  0.636115  0.349353  0.495449  0.594477  0.662920  0.549650  0.625265  0.774308  0.619338  0.501990  0.648168  0.779124  0.682432  0.642224  0.506935  0.612520  0.593207  0.586504  0.571301  0.724886  0.564845  0.751906  0.552623  0.422788  0.432407  0.507098  0.623931  0.712495  0.480350  0.478610  0.690972  0.596346  0.647695  0.566920  0.598644  0.569048  0.672636  0.494932  0.531432  0.642549  0.457535  0.501219  0.592592  0.610244  0.633476  0.440951  0.411539  0.444771  0.589401  0.532856  0.582491  0.614650  0.698705  0.603473 
5  0.559623  0.563386  0.540678  0.531462  0.584714 0.0  0.611470  0.542421  0.589998  0.497293  0.545995  0.574828  0.635410  0.465319  0.638011  0.539702  0.560363  0.556339  0.648518  0.486668  0.558893  0.597912  0.514847  0.638283  0.527549  0.487489  0.495735  0.645923  0.554285  0.604387  0.513853  0.501530  0.531650  0.500658  0.627062  0.616054  0.558464  0.542011  0.638078  0.515734  0.593264  0.633558  0.513301  0.582700  0.533848  0.523128  0.543290  0.530331  0.503021  0.487158  0.590549  0.564900  0.572886  0.562723  0.562080  0.434111  0.491661  0.521644  0.533664  0.563791  0.556563  0.486608  0.539987  0.535921  0.586004  0.592764  0.529656  0.593044  0.577955  0.633072  0.588466  0.552501  0.491994  0.545582  0.636531  0.686909  0.544656  0.567780  0.467182  0.500071  0.414897  0.583069  0.568539  0.581401  0.501917  0.646115  0.462951  0.523284  0.506881  0.528051  0.590761  0.542650  0.502088  0.650033  0.462334  0.677993  0.643953  0.516330  0.480751  0.537263  0.663570  0.596586  0.422745  0.561458  0.540541  0.521324  0.537001  0.552473  0.364542  0.475253  0.485021  0.542290  0.463469  0.489593  0.495969  0.539368  0.509905  0.565123  0.610770  0.478781  0.579966  0.482618  0.590813  0.518529  0.501233  0.493084  0.602540  0.542588  0.605043  0.517312  0.523223  0.589863  0.575334  0.452713  0.605352  0.568210  0.600790  0.502306  0.479892  0.484164  0.539427  0.467762  0.564619  0.443667  0.574628  0.656551  0.568886  0.524076  0.634904  0.539877  0.570573  0.646052  0.597603  0.572628  0.540503  0.522648  0.592010  0.603102  0.588680  0.512891  0.563712  0.537794  0.715953  0.511604  0.466992  0.407900  0.500072  0.644133  0.481952  0.487114  0.536406  0.473593  0.614149  0.587547  0.605207  0.636549  0.476797  0.579682  0.533689  0.566875  0.482347  0.601932  0.518719  0.614511  0.506197  0.620580  0.497881  0.512106  0.522268  0.528226  0.530937  0.558419  0.511288  0.551663  0.618627  0.607759  0.600104 
6  0.491967  0.503785  0.574784  0.495907  0.525901  0.611470 0.0  0.456105  0.435984  0.591026  0.594778  0.559201  0.514639  0.512137  0.526954  0.561862  0.528018  0.522091  0.498587  0.570878  0.557867  0.606821  0.637542  0.565275  0.516478  0.592201  0.469728  0.625770  0.480246  0.570842  0.469818  0.483742  0.532016  0.589593  0.603628  0.519940  0.557621  0.678557  0.587924  0.538258  0.519601  0.559522  0.569832  0.551274  0.508729  0.536095  0.653010  0.484038  0.606613  0.491456  0.501890  0.516654  0.544696  0.579409  0.502824  0.626399  0.485814  0.688778  0.548875  0.629377  0.600978  0.550172  0.416758  0.524693  0.586714  0.411101  0.559607  0.532870  0.514019  0.513656  0.454995  0.611998  0.601113  0.519011  0.697407  0.478547  0.497711  0.547223  0.543277  0.522813  0.555674  0.469663  0.531718  0.550214  0.612160  0.580552  0.525477  0.544353  0.474289  0.545357  0.552249  0.579766  0.655242  0.555652  0.534611  0.579854  0.503377  0.615347  0.551796  0.592862  0.657509  0.567120  0.519156  0.512839  0.545626  0.485864  0.536300  0.457507  0.576482  0.565990  0.509963  0.532272  0.484464  0.557599  0.576006  0.584249  0.551077  0.528710  0.493318  0.442773  0.536440  0.598632  0.527828  0.466591  0.427885  0.547723  0.535408  0.662270  0.538503  0.487158  0.621332  0.616415  0.601206  0.528534  0.486730  0.616951  0.569437  0.439986  0.545610  0.526915  0.544010  0.463111  0.538640  0.507371  0.597713  0.501296  0.544174  0.568083  0.519275  0.541813  0.549048  0.412764  0.568450  0.429704  0.542477  0.503836  0.528303  0.624833  0.529123  0.588930  0.500444  0.617249  0.454745  0.582417  0.612684  0.518119  0.462928  0.519574  0.440983  0.597269  0.573588  0.475523  0.455870  0.522390  0.554762  0.479671  0.625874  0.540471  0.700644  0.474933  0.578148  0.527593  0.496005  0.501711  0.512332  0.515466  0.487341  0.568034  0.569760  0.510044  0.575977  0.532756  0.584292  0.474810  0.493323  0.544370  0.492822 
7  0.415034  0.477754  0.569678  0.563738  0.442498  0.542421  0.456105 0.0  0.554324  0.481871  0.583620  0.495505  0.573241  0.467248  0.518650  0.611025  0.478496  0.598133  0.520226  0.589361  0.501294  0.490652  0.616661  0.431958  0.440614  0.628530  0.575477  0.486567  0.429448  0.451995  0.507226  0.597502  0.417856  0.338945  0.665604  0.529920  0.498693  0.564828  0.569274  0.464323  0.473011  0.442694  0.662513  0.455921  0.663833  0.418175  0.400139  0.563442  0.345294  0.417511  0.500942  0.579241  0.492386  0.385357  0.562103  0.493481  0.530269  0.632418  0.503507  0.479380  0.575779  0.659521  0.455777  0.520151  0.671028  0.552800  0.327821  0.462084  0.470460  0.722476  0.522305  0.374927  0.597879  0.418506  0.605042  0.585598  0.537227  0.511867  0.691572  0.678078  0.559864  0.642955  0.534350  0.511764  0.598383  0.556670  0.411911  0.313238  0.544525  0.410827  0.533216  0.478115  0.563340  0.580569  0.627759  0.636622  0.550495  0.320320  0.669460  0.382707  0.556290  0.521533  0.476790  0.601264  0.412049  0.547525  0.383609  0.633612  0.379243  0.417538  0.505726  0.506195  0.528992  0.409001  0.563865  0.393169  0.524233  0.487127  0.464840  0.558890  0.501353  0.396058  0.581815  0.550071  0.611008  0.320604  0.668470  0.475390  0.539448  0.484001  0.569103  0.495105  0.456669  0.457657  0.396352  0.417635  0.520026  0.616631  0.468389  0.472169  0.387312  0.484861  0.563468  0.613468  0.516410  0.541022  0.583734  0.549488  0.552751  0.710272  0.377972  0.560674  0.560125  0.554312  0.617056  0.551035  0.611980  0.590951  0.693936  0.616689  0.478625  0.529110  0.580174  0.508095  0.564412  0.500466  0.420961  0.505686  0.458921  0.580623  0.443837  0.585463  0.641504  0.549887  0.559139  0.657880  0.497110  0.495291  0.592828  0.570641  0.532600  0.433025  0.519334  0.504267  0.500525  0.490965  0.351549  0.501879  0.570253  0.442458  0.498231  0.551124  0.607918  0.665557  0.481693  0.512664  0.522069 
8  0.778666  0.621525  0.655528  0.688769  0.621862  0.589998  0.435984  0.554324 0.0  0.564080  0.502476  0.638800  0.412422  0.503461  0.598112  0.575899  0.650630  0.507336  0.415462  0.570089  0.577977  0.453610  0.488651  0.480531  0.589009  0.625969  0.587651  0.516845  0.565004  0.510913  0.569944  0.558813  0.631805  0.588743  0.652511  0.596079  0.575637  0.559239  0.492343  0.523807  0.541697  0.617560  0.444627  0.588116  0.654331  0.657897  0.543086  0.592683  0.528623  0.527680  0.586443  0.580375  0.709619  0.585220  0.592920  0.688731  0.553249  0.562007  0.581859  0.503408  0.595865  0.569844  0.558476  0.569230  0.633098  0.544514  0.480237  0.435023  0.613360  0.564341  0.516997  0.492950  0.575080  0.637712  0.561596  0.514355  0.703515  0.557610  0.578035  0.469332  0.641762  0.553221  0.540991  0.564584  0.558511  0.567313  0.540662  0.454474  0.533865  0.423811  0.353773  0.596437  0.594525  0.589583  0.466480  0.626616  0.585728  0.505907  0.601676  0.520749  0.536918  0.534161  0.570255  0.585390  0.586269  0.515964  0.566066  0.524916  0.559423  0.716714  0.572952  0.537414  0.619116  0.482503  0.613946  0.644443  0.545916  0.469917  0.479548  0.559828  0.527920  0.484780  0.581571  0.612671  0.556192  0.631619  0.551897  0.570598  0.531642  0.495430  0.557591  0.502814  0.497745  0.643094  0.443711  0.600605  0.529499  0.653734  0.618773  0.472752  0.611754  0.632363  0.592153  0.622078  0.641385  0.625689  0.620966  0.670508  0.482983  0.571201  0.441601  0.593295  0.637868  0.547394  0.603461  0.578115  0.569455  0.501221  0.620807  0.528314  0.521915  0.650904  0.544941  0.556085  0.565890  0.607858  0.652892  0.755733  0.525525  0.526527  0.609524  0.554754  0.584556  0.582903  0.534604  0.505585  0.678038  0.409857  0.591635  0.542677  0.582879  0.594826  0.535584  0.530173  0.500870  0.515747  0.422108  0.563706  0.584676  0.600847  0.579669  0.549810  0.703844  0.639772  0.443791  0.527258  0.634464 
9  0.616471  0.483004  0.555797  0.622309  0.489365  0.497293  0.591026  0.481871  0.564080 0.0  0.558126  0.405109  0.604109  0.429138  0.468548  0.656404  0.372669  0.707693  0.545164  0.462287  0.496210  0.561413  0.511156  0.453338  0.664183  0.515361  0.505604  0.545843  0.488110  0.630439  0.703297  0.487738  0.632928  0.483464  0.611794  0.614666  0.622306  0.634698  0.488326  0.511299  0.552705  0.732979  0.649510  0.448053  0.547610  0.496934  0.602165  0.494000  0.531681  0.517891  0.476464  0.573423  0.551912  0.487154  0.627214  0.503598  0.396540  0.578078  0.709304  0.641349  0.410425  0.636485  0.553797  0.554845  0.568617  0.501686  0.557386  0.491468  0.394142  0.698443  0.568065  0.630936  0.659746  0.425928  0.582555  0.572400  0.578927  0.705478  0.553537  0.672545  0.567564  0.579530  0.690272  0.612235  0.629149  0.581575  0.617625  0.583298  0.537214  0.527529  0.564956  0.588232  0.587449  0.639968  0.552095  0.423013  0.659150  0.465385  0.636370  0.500184  0.569197  0.647402  0.670882  0.553292  0.525976  0.519976  0.407736  0.679763  0.360062  0.398025  0.446525  0.559438  0.645733  0.494983  0.647168  0.580335  0.531307  0.666232  0.612637  0.672173  0.573815  0.640917  0.592344  0.423032  0.593456  0.559666  0.527993  0.328130  0.515475  0.747191  0.688482  0.514258  0.553462  0.482533  0.532758  0.405756  0.571750  0.598129  0.667433  0.582603  0.613476  0.480108  0.527692  0.536427  0.425560  0.416567  0.553301  0.674344  0.455735  0.569666  0.602235  0.608882  0.531510  0.525340  0.634350  0.566304  0.644080  0.596512  0.623796  0.645124  0.454091  0.566030  0.706452  0.468229  0.474753  0.605199  0.526286  0.683548  0.636246  0.563458  0.632970  0.667845  0.554323  0.538592  0.564953  0.668635  0.500977  0.530145  0.339258  0.546902  0.478677  0.651548  0.591234  0.381903  0.597362  0.600725  0.478955  0.561258  0.538922  0.561747  0.584867  0.628045  0.497696  0.586726  0.630851  0.415822  0.578906 
10  0.650657  0.559313  0.617758  0.618684  0.552630  0.545995  0.594778  0.583620  0.502476  0.558126 0.0  0.678770  0.566795  0.522360  0.486673  0.644608  0.696532  0.610918  0.602332  0.523974  0.563668  0.656562  0.576731  0.764771  0.448839  0.649203  0.646015  0.506191  0.487871  0.565026  0.476366  0.659854  0.469250  0.624955  0.509756  0.576809  0.359270  0.404465  0.779797  0.517217  0.552157  0.595198  0.460864  0.573116  0.535232  0.509768  0.576293  0.587303  0.467305  0.599516  0.580386  0.584203  0.572162  0.541395  0.533640  0.697387  0.708134  0.649044  0.329712  0.496336  0.810723  0.562340  0.613763  0.697716  0.492818  0.795205  0.495761  0.592464  0.515401  0.547954  0.679250  0.698582  0.607703  0.587256  0.689950  0.591620  0.494083  0.396967  0.682466  0.767311  0.584819  0.557590  0.461650  0.381987  0.481059  0.648163  0.657179  0.638299  0.461842  0.726169  0.770096  0.528350  0.647242  0.584242  0.547312  0.647006  0.556065  0.660103  0.591814  0.682627  0.592359  0.362887  0.366386  0.630114  0.549670  0.415137  0.715361  0.425657  0.625374  0.634437  0.606778  0.676833  0.646869  0.602452  0.488957  0.482114  0.475414  0.382160  0.596536  0.665135  0.581559  0.409680  0.586958  0.622138  0.581831  0.545268  0.649581  0.666991  0.600472  0.501335  0.701022  0.644693  0.614071  0.487150  0.691808  0.700209  0.757837  0.652802  0.497450  0.702008  0.566952  0.542194  0.564694  0.453725  0.642670  0.690082  0.666373  0.797971  0.592011  0.542679  0.593071  0.567355  0.610353  0.603521  0.547013  0.610740  0.546518  0.558381  0.580579  0.527221  0.532230  0.558338  0.635504  0.612195  0.679528  0.527566  0.392308  0.500692  0.435969  0.498243  0.533122  0.487841  0.486186  0.580248  0.534017  0.561292  0.663904  0.614960  0.711956  0.614859  0.612683  0.350121  0.587740  0.571763  0.332072  0.571859  0.628711  0.645185  0.564779  0.478285  0.444906  0.578241  0.500093  0.562160  0.621814  0.806893  0.494048 
11  0.513788  0.433368  0.450478  0.643277  0.494560  0.574828  0.559201  0.495505  0.638800  0.405109  0.678770 0.0  0.505299  0.478014  0.570502  0.549709  0.386135  0.574803  0.602485  0.529171  0.539918  0.434900  0.489287  0.409816  0.702754  0.508008  0.575946  0.555350  0.498963  0.551891  0.608755  0.432387  0.558306  0.458505  0.620671  0.695364  0.505843  0.545016  0.447851  0.488303  0.542477  0.656850  0.611882  0.419230  0.680922  0.429595  0.431601  0.607459  0.549116  0.442760  0.492589  0.567066  0.483822  0.443016  0.661584  0.518262  0.461006  0.598741  0.579271  0.602290  0.485038  0.612318  0.436701  0.490964  0.542778  0.569747  0.401361  0.518270  0.535291  0.748203  0.564199  0.658181  0.576697  0.385176  0.674121  0.586944  0.655492  0.667868  0.467227  0.472826  0.544236  0.529728  0.624749  0.684685  0.574328  0.592842  0.476825  0.457045  0.527396  0.536155  0.563922  0.511612  0.468801  0.540022  0.517836  0.524031  0.691232  0.575922  0.592618  0.476237  0.535935  0.638993  0.631093  0.516425  0.493359  0.557760  0.479673  0.607257  0.436850  0.383490  0.391412  0.520350  0.570295  0.464835  0.741856  0.489526  0.543091  0.662932  0.509786  0.581713  0.511810  0.541247  0.586281  0.404434  0.524554  0.533659  0.608916  0.474993  0.503479  0.613759  0.605475  0.485124  0.489378  0.467430  0.481506  0.394045  0.522313  0.577277  0.413019  0.515941  0.433384  0.527234  0.512741  0.642472  0.346589  0.449854  0.566965  0.478115  0.499930  0.497590  0.488531  0.558836  0.432647  0.560846  0.542301  0.419950  0.711298  0.569662  0.689783  0.522726  0.593251  0.485679  0.618469  0.482059  0.692294  0.511414  0.606050  0.638915  0.594032  0.670031  0.444665  0.645273  0.560610  0.529308  0.508868  0.648062  0.547966  0.529289  0.466287  0.644974  0.457875  0.663556  0.462688  0.443250  0.603662  0.551138  0.484249  0.599650  0.519301  0.541092  0.600706  0.509899  0.553004  0.526356  0.585227  0.509767  0.615076 
12  0.502497  0.377631  0.616970  0.386060  0.517790  0.635410  0.514639  0.573241  0.412422  0.604109  0.566795  0.505299 0.0  0.423492  0.588689  0.336276  0.490148  0.350747  0.564347  0.366993  0.622990  0.444733  0.545108  0.572276  0.481411  0.543445  0.325744  0.560211  0.648302  0.635637  0.436611  0.314466  0.487769  0.463759  0.496306  0.590051  0.646752  0.564748  0.385514  0.519249  0.510323  0.571091  0.558665  0.612679  0.583467  0.549334  0.462185  0.533031  0.487009  0.582886  0.509337  0.606941  0.464171  0.534594  0.478951  0.570628  0.495586  0.598939  0.634289  0.590933  0.520057  0.341208  0.488155  0.385912  0.340896  0.389639  0.528263  0.539816  0.456753  0.696115  0.320842  0.536543  0.544781  0.492069  0.541139  0.357755  0.465179  0.613808  0.316837  0.298151  0.429622  0.366137  0.474312  0.556148  0.564973  0.519494  0.445203  0.534355  0.407823  0.507391  0.475716  0.380632  0.331180  0.382635  0.313310  0.580167  0.394074  0.539112  0.367889  0.497249  0.610397  0.530812  0.479896  0.601375  0.490848  0.504333  0.435353  0.643983  0.521995  0.581112  0.631698  0.494990  0.635009  0.385047  0.587886  0.611865  0.351981  0.543245  0.569385  0.600424  0.518928  0.576386  0.466833  0.601061  0.322199  0.593236  0.461348  0.614051  0.593220  0.408698  0.499815  0.497733  0.562459  0.422022  0.552802  0.569194  0.439875  0.639573  0.385658  0.350608  0.557978  0.465044  0.540692  0.412592  0.590678  0.531085  0.400287  0.376245  0.490093  0.402213  0.679123  0.394213  0.476006  0.296093  0.433463  0.480955  0.421420  0.336580  0.414797  0.541726  0.531368  0.318343  0.448916  0.360665  0.605303  0.561178  0.408879  0.672262  0.573161  0.618171  0.611221  0.621734  0.527661  0.302449  0.429800  0.356582  0.362069  0.482176  0.642439  0.449465  0.446047  0.609631  0.314132  0.542945  0.486591  0.356500  0.502272  0.605309  0.531284  0.418195  0.464145  0.333966  0.488672  0.373008  0.653091  0.597456  0.425255 
13  0.399363  0.465935  0.515031  0.615628  0.578333  0.465319  0.512137  0.467248  0.503461  0.429138  0.522360  0.478014  0.423492 0.0  0.544503  0.508307  0.340035  0.516729  0.496680  0.528328  0.536840  0.454920  0.489785  0.479181  0.551248  0.500587  0.451515  0.597778  0.622298  0.513244  0.546882  0.417276  0.529110  0.490813  0.543734  0.393885  0.478446  0.499616  0.366005  0.430459  0.544607  0.649129  0.584534  0.521091  0.588997  0.514689  0.429693  0.571790  0.501009  0.418153  0.523631  0.520119  0.534338  0.441598  0.633053  0.527827  0.495829  0.563887  0.515285  0.489173  0.424227  0.501399  0.499007  0.487492  0.564251  0.540238  0.432097  0.502328  0.493967  0.663838  0.438285  0.536283  0.518377  0.464287  0.502058  0.485770  0.501977  0.478699  0.401601  0.423967  0.570434  0.497023  0.615957  0.596703  0.610929  0.365873  0.496060  0.483212  0.378474  0.460942  0.531453  0.421066  0.470619  0.531867  0.538676  0.501593  0.435554  0.507917  0.596660  0.400346  0.590800  0.545493  0.580364  0.599818  0.436764  0.480303  0.436136  0.599048  0.434726  0.520527  0.510909  0.483658  0.532954  0.421331  0.547960  0.444658  0.521678  0.642521  0.592056  0.533821  0.499283  0.642415  0.510272  0.379572  0.477990  0.465454  0.569288  0.411554  0.512404  0.505180  0.505110  0.418693  0.519278  0.434378  0.461981  0.460400  0.320613  0.486811  0.501874  0.441354  0.503250  0.453531  0.559435  0.594687  0.491081  0.432789  0.473862  0.522125  0.519542  0.488773  0.409322  0.564338  0.575950  0.438461  0.458094  0.497840  0.554597  0.472354  0.478197  0.437730  0.547944  0.479362  0.585839  0.428428  0.477097  0.546846  0.572934  0.643624  0.529543  0.542775  0.505074  0.530706  0.542016  0.525946  0.534369  0.446121  0.524849  0.519681  0.476300  0.517361  0.374000  0.411881  0.381931  0.481548  0.449893  0.435989  0.434976  0.492528  0.521951  0.475976  0.540504  0.543107  0.591935  0.568590  0.541874  0.525807  0.556593 
14  0.545496  0.609734  0.521495  0.493540  0.655505  0.638011  0.526954  0.518650  0.598112  0.468548  0.486673  0.570502  0.588689  0.544503 0.0  0.631837  0.616657  0.606838  0.528819  0.527715  0.529862  0.529109  0.527858  0.424359  0.542181  0.579066  0.513581  0.589487  0.560555  0.535535  0.503915  0.512034  0.553543  0.557302  0.516568  0.604888  0.486480  0.475787  0.525076  0.549096  0.570885  0.602617  0.602874  0.614331  0.563148  0.536730  0.577978  0.502058  0.618937  0.595440  0.554822  0.559951  0.605784  0.526989  0.569348  0.563598  0.505776  0.563321  0.393962  0.544458  0.536055  0.493469  0.631777  0.555387  0.716018  0.521361  0.567862  0.480361  0.560328  0.536462  0.466210  0.504874  0.578045  0.611499  0.554864  0.567174  0.614248  0.543283  0.526769  0.633162  0.644405  0.621611  0.556716  0.602108  0.649264  0.589680  0.534508  0.523404  0.508858  0.500966  0.540545  0.563709  0.555891  0.566851  0.599610  0.542494  0.483843  0.615486  0.550310  0.520091  0.543753  0.652862  0.472322  0.555400  0.620701  0.557336  0.578959  0.520857  0.497769  0.607228  0.592526  0.606417  0.537634  0.394618  0.585140  0.454790  0.567068  0.527418  0.616332  0.548132  0.530252  0.587338  0.547744  0.469703  0.517780  0.577690  0.579353  0.599301  0.643581  0.548793  0.483421  0.598434  0.579395  0.551033  0.529198  0.606017  0.622578  0.448647  0.545163  0.570614  0.537846  0.439243  0.629177  0.488095  0.577217  0.580887  0.573565  0.531862  0.467289  0.587318  0.540020  0.545145  0.700560  0.571624  0.502544  0.558517  0.596684  0.603406  0.578680  0.490724  0.619081  0.549008  0.491021  0.509104  0.586301  0.533756  0.610740  0.536792  0.592780  0.603232  0.547323  0.556687  0.515455  0.464738  0.584465  0.671527  0.605345  0.536627  0.554973  0.656700  0.595367  0.660873  0.502102  0.598617  0.453464  0.522437  0.599296  0.507469  0.532428  0.535398  0.544613  0.693106  0.561234  0.603363  0.520063  0.672105  0.573751 
15  0.680225  0.412163  0.476400  0.520360  0.622174  0.539702  0.561862  0.611025  0.575899  0.656404  0.644608  0.549709  0.336276  0.508307  0.631837 0.0  0.624124  0.461516  0.580835  0.390265  0.771351  0.567424  0.519989  0.515294  0.579492  0.540940  0.349523  0.559633  0.669053  0.596460  0.429788  0.418803  0.581582  0.517173  0.572388  0.645817  0.647671  0.507119  0.499390  0.572662  0.515805  0.567190  0.596014  0.543857  0.573282  0.461555  0.505528  0.579906  0.662054  0.700275  0.571110  0.681056  0.472674  0.501041  0.551381  0.648474  0.600086  0.577488  0.667023  0.564168  0.558533  0.397963  0.656314  0.404598  0.394278  0.415064  0.649242  0.531291  0.677935  0.591944  0.338000  0.649310  0.591011  0.724691  0.543698  0.457463  0.426940  0.630399  0.368681  0.371303  0.360335  0.404062  0.622065  0.627855  0.638715  0.531142  0.470964  0.589703  0.538649  0.536839  0.426794  0.352195  0.426216  0.408325  0.354956  0.596075  0.516028  0.575171  0.349939  0.646332  0.553954  0.643186  0.618775  0.659815  0.460965  0.570675  0.456220  0.668905  0.594979  0.633946  0.608990  0.558261  0.592731  0.546388  0.675690  0.740120  0.418038  0.572277  0.587056  0.572595  0.528530  0.670928  0.548530  0.577631  0.440391  0.619105  0.415347  0.669713  0.575484  0.642235  0.609458  0.466776  0.565906  0.534991  0.548221  0.618484  0.528012  0.679712  0.507395  0.380796  0.789535  0.481653  0.490373  0.392972  0.533556  0.597221  0.510009  0.457800  0.494694  0.414564  0.651617  0.406002  0.641441  0.382127  0.385167  0.457927  0.429346  0.388177  0.447174  0.521108  0.592568  0.393323  0.458849  0.350832  0.561549  0.542831  0.522737  0.667051  0.559801  0.498753  0.544727  0.643324  0.584931  0.391992  0.410139  0.399284  0.347025  0.525935  0.585669  0.431652  0.511790  0.587577  0.399738  0.559493  0.594434  0.445112  0.540202  0.611618  0.571707  0.514592  0.503017  0.389038  0.515022  0.470920  0.569134  0.578518  0.419803 
16  0.443139  0.610408  0.476510  0.629233  0.353519  0.560363  0.528018  0.478496  0.650630  0.372669  0.696532  0.386135  0.490148  0.340035  0.616657  0.624124 0.0  0.492033  0.684859  0.492492  0.524004  0.529203  0.403428  0.540919  0.597265  0.492679  0.381355  0.451966  0.393096  0.637901  0.484861  0.395666  0.512637  0.413323  0.646367  0.571545  0.552606  0.573713  0.476745  0.482479  0.564805  0.549728  0.539609  0.339813  0.628868  0.375340  0.435884  0.549617  0.403154  0.322785  0.517374  0.570280  0.405121  0.355283  0.522743  0.471206  0.351083  0.567126  0.603606  0.495076  0.364334  0.504842  0.464381  0.476601  0.661319  0.500290  0.335804  0.493577  0.332032  0.726503  0.397231  0.464852  0.684557  0.319184  0.526761  0.417420  0.553183  0.460881  0.463376  0.477543  0.494525  0.569240  0.579393  0.711334  0.608336  0.471223  0.475108  0.475042  0.315835  0.553924  0.517374  0.495995  0.495628  0.508412  0.456253  0.404582  0.469161  0.425039  0.682513  0.352218  0.477860  0.605048  0.612645  0.438710  0.517526  0.458622  0.274012  0.625216  0.332163  0.318658  0.365813  0.422557  0.454117  0.388236  0.533855  0.584020  0.590322  0.702561  0.481621  0.600580  0.560421  0.786265  0.518175  0.298455  0.506785  0.438139  0.572141  0.321678  0.661980  0.561133  0.487836  0.457653  0.489347  0.479220  0.439181  0.341334  0.394361  0.531737  0.434668  0.329579  0.463325  0.402289  0.475029  0.518821  0.399388  0.267869  0.360169  0.419477  0.509236  0.557132  0.522371  0.565491  0.488029  0.457994  0.596645  0.454468  0.566402  0.449668  0.580450  0.487129  0.558335  0.552708  0.580529  0.393701  0.573589  0.506935  0.422986  0.418382  0.457960  0.653543  0.607625  0.619386  0.536638  0.431191  0.699631  0.518721  0.479682  0.460036  0.379018  0.458282  0.437888  0.462950  0.352475  0.411559  0.504460  0.523081  0.565065  0.597706  0.494977  0.500647  0.633640  0.572204  0.497925  0.588834  0.532022  0.504049  0.436599 
17  0.404554  0.429354  0.623993  0.410858  0.605813  0.556339  0.522091  0.598133  0.507336  0.707693  0.610918  0.574803  0.350747  0.516729  0.606838  0.461516  0.492033 0.0  0.624284  0.348985  0.540120  0.585287  0.539340  0.572711  0.592715  0.561106  0.307273  0.536893  0.537983  0.533402  0.437685  0.304434  0.577709  0.444050  0.534123  0.590233  0.558095  0.579491  0.429892  0.598830  0.551535  0.610871  0.498271  0.513082  0.565631  0.548840  0.573164  0.504416  0.686969  0.494655  0.520685  0.563507  0.439710  0.582080  0.553511  0.621550  0.590712  0.652272  0.626931  0.550520  0.586828  0.362660  0.527437  0.281345  0.328968  0.338917  0.671954  0.478703  0.584765  0.694541  0.278933  0.582193  0.532200  0.554409  0.536731  0.294735  0.440011  0.554062  0.335632  0.347077  0.432407  0.333045  0.607671  0.581631  0.564113  0.611234  0.507773  0.557193  0.489125  0.650181  0.479389  0.365682  0.439283  0.424638  0.408289  0.623259  0.378764  0.552217  0.411923  0.523555  0.691305  0.656824  0.557436  0.598476  0.570952  0.546036  0.505847  0.648557  0.559608  0.585708  0.596022  0.553836  0.535794  0.493068  0.711199  0.653854  0.337881  0.525509  0.524709  0.504096  0.496813  0.578588  0.440001  0.567305  0.352274  0.604928  0.325067  0.578541  0.518516  0.580464  0.495269  0.381473  0.563533  0.494867  0.529612  0.583526  0.478943  0.662681  0.372289  0.285865  0.649346  0.489982  0.528325  0.409926  0.521166  0.518401  0.403679  0.354133  0.594674  0.389788  0.497370  0.450238  0.629527  0.258966  0.381379  0.424882  0.409950  0.295440  0.392212  0.491507  0.541909  0.339874  0.376178  0.293761  0.483991  0.531912  0.422041  0.645706  0.564668  0.572424  0.599776  0.679736  0.571014  0.280949  0.417618  0.342011  0.362758  0.529857  0.625253  0.352118  0.505152  0.439159  0.295394  0.619464  0.656548  0.345800  0.549736  0.613923  0.507325  0.566641  0.567299  0.354959  0.489413  0.433747  0.603503  0.646667  0.334550 
18  0.590820  0.581485  0.583031  0.632621  0.542775  0.648518  0.498587  0.520226  0.415462  0.545164  0.602332  0.602485  0.564347  0.496680  0.528819  0.580835  0.684859  0.624284 0.0  0.600505  0.692328  0.626685  0.531009  0.593190  0.683205  0.647559  0.580928  0.546238  0.486393  0.579983  0.632136  0.579120  0.608487  0.562413  0.621337  0.377178  0.550435  0.527412  0.504343  0.618730  0.692585  0.552548  0.521751  0.765373  0.588289  0.645878  0.556596  0.532094  0.555813  0.623168  0.579375  0.624501  0.654630  0.712142  0.580911  0.670183  0.608097  0.641729  0.597671  0.616354  0.600550  0.647755  0.522769  0.646690  0.552085  0.560414  0.621016  0.420972  0.565601  0.698737  0.691759  0.660533  0.612114  0.630069  0.596234  0.559507  0.617908  0.605818  0.577763  0.585748  0.615677  0.610050  0.484022  0.546853  0.569285  0.699299  0.490081  0.533759  0.735438  0.585655  0.518205  0.578330  0.598804  0.639742  0.612516  0.543172  0.589143  0.447579  0.748625  0.576809  0.547745  0.521482  0.520532  0.622563  0.600087  0.542144  0.581779  0.513271  0.579687  0.592716  0.546748  0.675512  0.657936  0.453896  0.542759  0.619957  0.632003  0.598457  0.485214  0.586221  0.526471  0.539178  0.659720  0.598058  0.646904  0.563381  0.567823  0.635907  0.548141  0.611956  0.490599  0.516645  0.643111  0.527390  0.530415  0.580784  0.645478  0.739889  0.473724  0.604052  0.582883  0.612060  0.675282  0.589563  0.658858  0.649329  0.720075  0.724347  0.451861  0.525817  0.505035  0.633519  0.655860  0.722487  0.579783  0.528423  0.666956  0.618210  0.545393  0.536754  0.584232  0.561511  0.605134  0.610358  0.691870  0.523364  0.470574  0.620125  0.727245  0.532842  0.607231  0.660942  0.691463  0.675199  0.578220  0.627829  0.648927  0.505731  0.539895  0.670968  0.766586  0.636158  0.569344  0.637606  0.540644  0.560157  0.446377  0.833992  0.517746  0.557975  0.495269  0.591917  0.609815  0.637107  0.638401  0.588645  0.807332 
19  0.528964  0.328078  0.619497  0.428174  0.620928  0.486668  0.570878  0.589361  0.570089  0.462287  0.523974  0.529171  0.366993  0.528328  0.527715  0.390265  0.492492  0.348985  0.600505 0.0  0.561743  0.455502  0.495085  0.671027  0.608370  0.517090  0.377347  0.557724  0.642065  0.544886  0.469417  0.324392  0.543633  0.461612  0.393828  0.550221  0.531590  0.531519  0.520787  0.650661  0.611822  0.670613  0.549888  0.602682  0.658447  0.613556  0.534160  0.474524  0.654168  0.559602  0.565052  0.425512  0.458525  0.636027  0.530693  0.566681  0.616608  0.718969  0.609665  0.553270  0.572659  0.412009  0.533590  0.335938  0.447516  0.419176  0.568626  0.482606  0.663211  0.786929  0.323469  0.669871  0.539813  0.636430  0.499884  0.318779  0.479742  0.500614  0.335210  0.358334  0.418781  0.433253  0.546881  0.566599  0.611736  0.479521  0.489832  0.659269  0.544791  0.601318  0.508273  0.320879  0.430268  0.441574  0.331217  0.572402  0.358587  0.545088  0.430512  0.554436  0.503431  0.601492  0.594826  0.643652  0.634600  0.493594  0.460878  0.575044  0.613610  0.696454  0.540460  0.568049  0.702846  0.446976  0.680027  0.571097  0.334154  0.502538  0.561310  0.464484  0.435070  0.595999  0.496993  0.587198  0.343625  0.616661  0.365245  0.603572  0.559648  0.448621  0.452134  0.422305  0.605842  0.512436  0.517281  0.508235  0.517407  0.567502  0.363566  0.395383  0.646748  0.544983  0.483163  0.380367  0.525369  0.636573  0.410300  0.432978  0.539191  0.345861  0.509129  0.426065  0.544352  0.376121  0.348230  0.455742  0.437472  0.313020  0.393605  0.499335  0.491667  0.362055  0.439227  0.363424  0.511544  0.537566  0.403798  0.618538  0.657213  0.558870  0.676184  0.572895  0.670850  0.307196  0.463284  0.355852  0.409769  0.498520  0.624134  0.398446  0.501586  0.501239  0.359068  0.563497  0.545239  0.364104  0.506660  0.611673  0.551626  0.522819  0.477846  0.400032  0.481910  0.407497  0.643148  0.674556  0.432428 
