197
0 0.0  0.503460  0.596042  0.431885  0.463138  0.535404  0.500998  0.436971  0.777657  0.762155  0.661338  0.610314  0.510233  0.528407  0.537687  0.628742  0.436807  0.510803  0.677523  0.461641  0.592504  0.663169  0.632864  0.594374  0.544015  0.695729  0.533254  0.620709  0.439399  0.752724  0.438788  0.548320  0.517340  0.501751  0.392521  0.571313  0.507319  0.601548  0.527189  0.618064  0.550621  0.671485  0.818917  0.714444  0.752868  0.491526  0.431657  0.534977  0.592126  0.529735  0.527849  0.616236  0.565679  0.571844  0.449140  0.638932  0.652015  0.706420  0.543099  0.636151  0.686791  0.521884  0.466616  0.594360  0.528279  0.471914  0.554421  0.676351  0.503846  0.904706  0.625072  0.480498  0.322183  0.533592  0.720396  0.504610  0.548873  0.588194  0.614450  0.555651  0.479070  0.534173  0.655702  0.699997  0.666346  0.609060  0.477531  0.559137  0.710453  0.748686  0.802220  0.602595  0.523198  0.561617  0.617633  0.723172  0.446609  0.572781  0.530254  0.542051  0.729959  0.716621  0.500809  0.547116  0.613227  0.506199  0.587428  0.589378  0.664096  0.505510  0.636676  0.666640  0.548028  0.540070  0.636530  0.560579  0.518963  0.692133  0.584704  0.508935  0.610246  0.550105  0.740758  0.536168  0.536937  0.570079  0.524901  0.624598  0.666332  0.556110  0.505856  0.553640  0.628810  0.420968  0.516884  0.552728  0.644445  0.508017  0.388406  0.456972  0.612873  0.243444  0.626077  0.624193  0.645808  0.484132  0.460888  0.511453  0.726546  0.469904  0.621689  0.631305  0.620643  0.592080  0.526361  0.525432  0.524996  0.516906  0.378126  0.554259  0.742093  0.570059  0.661935  0.460027  0.654936  0.487497  0.463457  0.625077  0.537601  0.573165  0.610568  0.585453  0.597405  0.646468  0.580896  0.556384  0.498724  0.498160  0.668815  0.571597  0.287088  0.569301  0.399429  0.588053  0.494141  0.564208  0.612896  0.721995  0.554637  0.439211  0.553414  0.555209  0.445324  0.488208  0.817023  0.648276  0.455623 
1  0.503460 0.0  0.557679  0.444564  0.700219  0.666951  0.500070  0.499275  0.654326  0.585637  0.647039  0.640446  0.592314  0.513411  0.534226  0.479150  0.525780  0.389054  0.573172  0.309887  0.613478  0.477715  0.520242  0.710427  0.621165  0.631210  0.385542  0.515559  0.662241  0.637913  0.500029  0.367475  0.593762  0.480988  0.688185  0.693667  0.575035  0.614060  0.549923  0.582628  0.708787  0.727137  0.655212  0.703226  0.654003  0.564169  0.458800  0.538873  0.587395  0.624434  0.596393  0.687218  0.535355  0.607387  0.643307  0.508367  0.567229  0.660019  0.516980  0.586980  0.735313  0.464983  0.378812  0.329846  0.536095  0.423400  0.547105  0.539072  0.614762  0.742183  0.432175  0.497530  0.507269  0.544083  0.525503  0.424381  0.507691  0.583126  0.309593  0.494873  0.556438  0.491677  0.611665  0.615590  0.589353  0.570409  0.540631  0.535778  0.611496  0.704258  0.613096  0.456748  0.425503  0.559026  0.419285  0.607649  0.456971  0.570108  0.528329  0.594509  0.597374  0.643960  0.517956  0.820106  0.506422  0.509335  0.537017  0.653281  0.517478  0.611585  0.557290  0.572931  0.709371  0.477645  0.687435  0.668837  0.413509  0.621847  0.632017  0.459508  0.421234  0.696489  0.621094  0.514611  0.485486  0.698400  0.376968  0.636466  0.683937  0.604874  0.496742  0.494346  0.506505  0.466990  0.633790  0.518292  0.455121  0.608999  0.316082  0.402467  0.594069  0.493913  0.643004  0.429009  0.595215  0.579386  0.296282  0.415633  0.539277  0.430459  0.604720  0.371326  0.531987  0.435537  0.348329  0.647602  0.506684  0.319626  0.476432  0.656232  0.619670  0.307090  0.542749  0.486011  0.508413  0.528685  0.685776  0.786543  0.556807  0.715883  0.743520  0.665799  0.506305  0.354942  0.539777  0.324524  0.387958  0.542901  0.680168  0.404854  0.564805  0.575002  0.436884  0.485423  0.584394  0.377505  0.634754  0.688550  0.735195  0.520211  0.578760  0.490520  0.448500  0.294697  0.525755  0.748510  0.574874 
2  0.596042  0.557679 0.0  0.707774  0.637358  0.562488  0.572893  0.564386  0.643525  0.496818  0.702774  0.531952  0.702134  0.476389  0.480181  0.619748  0.514721  0.696353  0.634672  0.547754  0.552294  0.596937  0.597416  0.644641  0.609967  0.726723  0.568485  0.526286  0.649761  0.664374  0.713456  0.459162  0.585574  0.580490  0.496716  0.764824  0.590673  0.483476  0.542214  0.469863  0.599701  0.631744  0.566551  0.549961  0.669631  0.458312  0.505167  0.658794  0.627808  0.545384  0.616346  0.701837  0.622906  0.491601  0.785618  0.568138  0.562409  0.636496  0.691050  0.637989  0.561736  0.587465  0.351971  0.678252  0.654061  0.577605  0.425437  0.424283  0.472354  0.687322  0.645063  0.553594  0.722986  0.566077  0.633012  0.673172  0.682731  0.485093  0.629297  0.549820  0.628583  0.694937  0.563811  0.706286  0.560703  0.474513  0.575529  0.537265  0.462526  0.559985  0.595678  0.543478  0.680900  0.626495  0.568176  0.641086  0.662292  0.635038  0.582704  0.612748  0.683716  0.635783  0.669331  0.693379  0.552180  0.652681  0.552406  0.512113  0.528097  0.593308  0.503847  0.509469  0.467250  0.465119  0.552354  0.611008  0.669283  0.519139  0.589920  0.536519  0.558392  0.613322  0.542213  0.517957  0.689530  0.544065  0.529804  0.532201  0.582680  0.504015  0.607529  0.504772  0.685557  0.734688  0.532251  0.646475  0.456896  0.509778  0.590459  0.560491  0.452946  0.707715  0.587425  0.690358  0.596366  0.626336  0.627863  0.545214  0.553064  0.524595  0.576486  0.615260  0.581057  0.678632  0.611639  0.447374  0.680415  0.621387  0.742783  0.533994  0.611273  0.534664  0.679588  0.600613  0.763585  0.439665  0.503620  0.567814  0.567752  0.596042  0.591649  0.530902  0.583560  0.730571  0.677148  0.680472  0.531319  0.594827  0.556465  0.667911  0.565060  0.475519  0.657883  0.577997  0.607310  0.624311  0.510620  0.527327  0.528192  0.573875  0.565659  0.556726  0.513509  0.601530  0.601531  0.705961  0.599063 
3  0.431885  0.444564  0.707774 0.0  0.749044  0.513799  0.550641  0.713223  0.716619  0.788172  0.644185  0.642041  0.517845  0.682120  0.531453  0.570896  0.591402  0.483533  0.509414  0.320550  0.543725  0.534081  0.693715  0.778742  0.628741  0.634264  0.594314  0.393425  0.570459  0.697264  0.470449  0.415766  0.635573  0.633325  0.734612  0.642208  0.516215  0.780621  0.681548  0.612857  0.526949  0.595991  0.608128  0.809366  0.671547  0.497340  0.649617  0.686889  0.617590  0.684208  0.657270  0.649893  0.701790  0.715194  0.699306  0.804889  0.737057  0.750054  0.653355  0.559828  0.736542  0.539101  0.608950  0.463317  0.435494  0.418207  0.678992  0.698683  0.618723  0.754407  0.459389  0.869569  0.596617  0.677039  0.808297  0.357619  0.406906  0.700813  0.548952  0.666298  0.489956  0.511598  0.537652  0.646235  0.595070  0.608433  0.533223  0.680163  0.608975  0.799923  0.911184  0.479841  0.393705  0.462332  0.426281  0.814316  0.397307  0.749752  0.522591  0.515701  0.647382  0.618692  0.565271  0.592666  0.610840  0.627372  0.648624  0.688479  0.741550  0.788251  0.609307  0.642158  0.665930  0.632082  0.611049  0.694627  0.329501  0.646126  0.581875  0.509554  0.553268  0.611682  0.651441  0.653838  0.445587  0.675511  0.466306  0.746738  0.678444  0.488013  0.517754  0.711408  0.640894  0.665924  0.641423  0.542992  0.722451  0.693344  0.380194  0.382427  0.709298  0.530888  0.572404  0.399528  0.667156  0.709514  0.536190  0.399047  0.776379  0.474497  0.673121  0.466098  0.569621  0.369715  0.393311  0.628666  0.359457  0.386177  0.365915  0.588627  0.689965  0.388891  0.491756  0.404929  0.721472  0.521699  0.505010  0.768664  0.616398  0.746682  0.805732  0.670565  0.613625  0.453089  0.648301  0.572794  0.498310  0.595522  0.730940  0.377394  0.644429  0.680966  0.372920  0.593691  0.598836  0.378804  0.629558  0.706486  0.691229  0.513382  0.625986  0.511700  0.567193  0.389219  0.784654  0.691269  0.653019 
4  0.463138  0.700219  0.637358  0.749044 0.0  0.690214  0.486757  0.504157  0.669711  0.523239  0.548951  0.499627  0.434550  0.505450  0.557236  0.642858  0.396350  0.614015  0.672790  0.722417  0.576366  0.626299  0.684341  0.749408  0.578544  0.718481  0.667656  0.529187  0.342691  0.557277  0.561048  0.627324  0.427274  0.416388  0.485988  0.694766  0.525720  0.535957  0.647314  0.534764  0.588691  0.564346  0.549551  0.472024  0.739042  0.352592  0.579840  0.727612  0.567034  0.590216  0.624795  0.635735  0.639983  0.578452  0.541643  0.565078  0.570629  0.678541  0.562980  0.468964  0.571979  0.709456  0.668938  0.751849  0.609222  0.599999  0.445902  0.658236  0.477170  0.768868  0.782468  0.648826  0.544000  0.357858  0.705782  0.740632  0.541957  0.577975  0.631688  0.691976  0.621763  0.627254  0.637354  0.688992  0.712759  0.564520  0.580367  0.757134  0.780026  0.619431  0.756258  0.511213  0.728225  0.597328  0.626290  0.486720  0.653934  0.560475  0.744554  0.655587  0.737132  0.536608  0.517401  0.619369  0.716750  0.725923  0.442165  0.575504  0.504208  0.469377  0.599171  0.541590  0.629762  0.563966  0.623599  0.520011  0.495676  0.580510  0.673681  0.677718  0.566699  0.496804  0.828580  0.495317  0.702249  0.428611  0.728042  0.515134  0.492286  0.517184  0.718181  0.588678  0.669116  0.497255  0.716274  0.470920  0.648206  0.538752  0.544886  0.598243  0.620343  0.552935  0.503891  0.693646  0.477605  0.542352  0.727104  0.750747  0.745567  0.751577  0.677728  0.666948  0.573554  0.667618  0.704823  0.580647  0.717960  0.582542  0.615155  0.650163  0.629368  0.567096  0.805812  0.636582  0.566058  0.648556  0.462017  0.410384  0.626762  0.713310  0.661344  0.558751  0.624233  0.670686  0.808183  0.714757  0.667705  0.639102  0.710783  0.607674  0.569054  0.385487  0.701416  0.444878  0.484850  0.670508  0.577932  0.758010  0.610401  0.626345  0.450281  0.579704  0.461995  0.770562  0.675328  0.724268  0.775638 
5  0.535404  0.666951  0.562488  0.513799  0.690214 0.0  0.614268  0.533888  0.634423  0.623544  0.578624  0.604972  0.643192  0.709050  0.526122  0.576451  0.642651  0.583786  0.708612  0.619110  0.768838  0.642422  0.611026  0.572711  0.630209  0.616481  0.579413  0.529541  0.498949  0.630707  0.458087  0.619042  0.439818  0.511476  0.675672  0.531495  0.610392  0.645158  0.684381  0.562485  0.659781  0.620116  0.573732  0.573219  0.626258  0.596487  0.652467  0.524181  0.574096  0.703849  0.633640  0.576057  0.575206  0.463342  0.638139  0.482943  0.637248  0.576892  0.605699  0.589281  0.509608  0.539205  0.661386  0.663293  0.543467  0.717649  0.600920  0.618472  0.509083  0.619900  0.629898  0.586145  0.574846  0.672408  0.625433  0.631957  0.568674  0.633371  0.664884  0.693820  0.591020  0.576233  0.620264  0.634451  0.725703  0.526831  0.603521  0.549555  0.611661  0.523453  0.756528  0.557120  0.527640  0.512965  0.535662  0.619762  0.567456  0.460714  0.671070  0.625948  0.593411  0.822266  0.427504  0.669563  0.576629  0.607634  0.560070  0.569229  0.634465  0.514387  0.582393  0.615272  0.573097  0.606822  0.689722  0.561060  0.632961  0.615019  0.609118  0.570894  0.653204  0.601218  0.559144  0.512107  0.706474  0.554939  0.668095  0.587935  0.605401  0.609015  0.524581  0.679908  0.647042  0.606865  0.588058  0.485772  0.736194  0.436149  0.567882  0.480567  0.570218  0.584524  0.622024  0.576478  0.604164  0.575206  0.528439  0.577840  0.553179  0.503845  0.628720  0.698660  0.602987  0.705981  0.619629  0.512887  0.600746  0.594285  0.611108  0.652940  0.621677  0.571705  0.608775  0.523590  0.574620  0.551196  0.446692  0.752287  0.536369  0.653865  0.706640  0.709991  0.592042  0.572215  0.492150  0.658818  0.534541  0.651584  0.537455  0.602776  0.404155  0.578408  0.629373  0.506986  0.410387  0.595049  0.552203  0.559089  0.511583  0.508048  0.621406  0.464419  0.570337  0.575008  0.640507  0.605383  0.739941 
6  0.500998  0.500070  0.572893  0.550641  0.486757  0.614268 0.0  0.613888  0.561556  0.651412  0.579132  0.485503  0.595433  0.549662  0.546936  0.628890  0.540394  0.573892  0.574433  0.598010  0.525129  0.604275  0.529080  0.639275  0.598055  0.633394  0.495982  0.682364  0.558855  0.543880  0.596235  0.496324  0.616836  0.615818  0.556998  0.603680  0.710799  0.423068  0.596126  0.617125  0.700154  0.729726  0.563148  0.622331  0.568454  0.528724  0.636175  0.603042  0.628183  0.532836  0.599539  0.645735  0.568273  0.633909  0.722014  0.734790  0.664022  0.749826  0.561090  0.518909  0.664365  0.529281  0.553599  0.515365  0.568511  0.642741  0.560667  0.697065  0.558945  0.649999  0.400167  0.668913  0.560173  0.596721  0.643712  0.511436  0.572270  0.648397  0.454154  0.526586  0.545778  0.571268  0.577141  0.696842  0.641555  0.500495  0.541125  0.695963  0.586502  0.558243  0.615868  0.561146  0.569932  0.534970  0.687927  0.607096  0.490218  0.700933  0.560911  0.631105  0.610903  0.542820  0.555439  0.573173  0.532868  0.524771  0.507110  0.652571  0.611606  0.668353  0.645828  0.643612  0.551504  0.553408  0.626597  0.576167  0.483460  0.658607  0.663875  0.487283  0.723192  0.463090  0.450424  0.575958  0.637810  0.624448  0.644410  0.598466  0.556527  0.473372  0.557720  0.571961  0.685537  0.620688  0.603205  0.579309  0.581154  0.577766  0.441262  0.521089  0.650475  0.672147  0.514611  0.586828  0.611741  0.644294  0.563266  0.453558  0.581590  0.621901  0.542212  0.521130  0.675260  0.476654  0.623546  0.641287  0.567772  0.610319  0.433795  0.549614  0.582291  0.653032  0.424365  0.669216  0.584539  0.616416  0.537210  0.471343  0.694856  0.636794  0.715644  0.627227  0.539276  0.525211  0.557802  0.547873  0.682458  0.642528  0.525690  0.511648  0.644008  0.612308  0.508691  0.485943  0.499641  0.618936  0.662768  0.612491  0.542419  0.598046  0.563263  0.545928  0.636957  0.693487  0.599280  0.616862  0.581531 
7  0.436971  0.499275  0.564386  0.713223  0.504157  0.533888  0.613888 0.0  0.524251  0.664902  0.477804  0.470496  0.548263  0.374829  0.437648  0.674784  0.466617  0.597206  0.550133  0.529903  0.615198  0.487377  0.607377  0.380855  0.470523  0.487407  0.666896  0.539332  0.474038  0.533433  0.690301  0.563451  0.484667  0.402639  0.568635  0.581862  0.439639  0.632516  0.520981  0.448074  0.670073  0.482016  0.530989  0.403144  0.597706  0.610795  0.465545  0.603557  0.395576  0.528291  0.547684  0.547856  0.603005  0.455318  0.681218  0.514017  0.597034  0.672751  0.534123  0.582272  0.504687  0.654879  0.495241  0.611798  0.603032  0.642255  0.282453  0.556803  0.597513  0.962522  0.612205  0.382320  0.586678  0.459731  0.597801  0.562782  0.566866  0.507911  0.615467  0.550168  0.621343  0.616020  0.554631  0.619478  0.587908  0.528003  0.406577  0.384299  0.342537  0.551119  0.485060  0.508291  0.672912  0.684324  0.783504  0.611336  0.599029  0.399991  0.619579  0.424452  0.545755  0.549906  0.375814  0.616837  0.451908  0.565315  0.514901  0.548365  0.389049  0.493199  0.682845  0.405801  0.444091  0.414643  0.684353  0.560667  0.675187  0.582317  0.387356  0.620044  0.560080  0.470038  0.692874  0.576596  0.681787  0.464434  0.766069  0.549789  0.675110  0.477174  0.661972  0.561796  0.513228  0.498321  0.465171  0.624186  0.551201  0.664163  0.561065  0.465236  0.435303  0.434312  0.577088  0.552482  0.471916  0.569096  0.606945  0.613442  0.612510  0.710749  0.378475  0.680011  0.628416  0.695777  0.624493  0.668640  0.603699  0.666612  0.642909  0.551194  0.556075  0.577080  0.718950  0.542603  0.598779  0.511447  0.485334  0.761692  0.554654  0.586459  0.500206  0.571855  0.611553  0.616677  0.718568  0.713273  0.562614  0.423854  0.575375  0.676483  0.609810  0.535025  0.554030  0.510681  0.433727  0.749114  0.424451  0.556066  0.600151  0.389887  0.588007  0.596881  0.583993  0.651154  0.524576  0.563960  0.588046 
8  0.777657  0.654326  0.643525  0.716619  0.669711  0.634423  0.561556  0.524251 0.0  0.653530  0.600550  0.652466  0.578266  0.557207  0.563078  0.638824  0.563380  0.637129  0.590556  0.654174  0.706375  0.522194  0.463167  0.625923  0.543041  0.669221  0.554397  0.600473  0.679364  0.441714  0.641700  0.671675  0.601575  0.561263  0.752968  0.544138  0.619910  0.554623  0.609790  0.656869  0.625879  0.666515  0.491598  0.705533  0.659416  0.707224  0.579250  0.629455  0.600478  0.620957  0.582409  0.547828  0.654586  0.607947  0.637592  0.642074  0.731720  0.601964  0.566916  0.650272  0.679268  0.615013  0.661383  0.690541  0.567042  0.503276  0.406782  0.429001  0.791214  0.803406  0.595008  0.709960  0.660644  0.701289  0.557832  0.616768  0.597736  0.601649  0.458345  0.584964  0.686604  0.554771  0.593769  0.617214  0.466720  0.574635  0.589188  0.510531  0.557003  0.521516  0.533909  0.745734  0.557325  0.547575  0.604306  0.588425  0.643321  0.676990  0.580534  0.618160  0.571570  0.595302  0.616693  0.706058  0.639032  0.603595  0.618135  0.611716  0.556681  0.751166  0.676363  0.583234  0.570261  0.485888  0.556002  0.805651  0.675720  0.384785  0.617115  0.512510  0.653248  0.541941  0.565231  0.607982  0.530205  0.686807  0.650356  0.682837  0.537341  0.645263  0.619178  0.485546  0.501996  0.551326  0.613195  0.729291  0.527514  0.698121  0.664391  0.646740  0.563633  0.772909  0.677189  0.572357  0.699771  0.566834  0.740787  0.657619  0.458836  0.704234  0.453180  0.546775  0.717439  0.665596  0.607622  0.530722  0.703349  0.472351  0.696118  0.518378  0.536243  0.674256  0.573604  0.537839  0.626560  0.499495  0.607302  0.744056  0.653736  0.568987  0.376350  0.630274  0.665655  0.672856  0.521696  0.588854  0.728400  0.468815  0.680622  0.620594  0.605961  0.785910  0.575970  0.682401  0.609546  0.562764  0.465476  0.682026  0.697274  0.587010  0.581950  0.531516  0.637741  0.579767  0.413982  0.579125  0.681872 
9  0.762155  0.585637  0.496818  0.788172  0.523239  0.623544  0.651412  0.664902  0.653530 0.0  0.699222  0.661210  0.588401  0.500443  0.690025  0.613699  0.597675  0.687835  0.626482  0.687055  0.716529  0.676521  0.648767  0.617152  0.657518  0.510652  0.610365  0.664308  0.559189  0.606182  0.640477  0.667988  0.716324  0.571549  0.601577  0.603796  0.634789  0.695254  0.509929  0.571668  0.555602  0.762771  0.693824  0.411903  0.641795  0.532558  0.646596  0.550151  0.592248  0.666399  0.480455  0.694065  0.592699  0.539273  0.561993  0.409581  0.350921  0.625342  0.707859  0.758231  0.439852  0.640573  0.639389  0.642394  0.700776  0.710414  0.451967  0.518867  0.590484  0.809057  0.539290  0.562687  0.681580  0.435167  0.649671  0.641015  0.625715  0.645465  0.550255  0.656005  0.577784  0.638766  0.683755  0.649241  0.708687  0.640082  0.511804  0.529140  0.560400  0.624249  0.611897  0.746881  0.695993  0.641583  0.652674  0.465093  0.705050  0.452656  0.589582  0.488909  0.445070  0.562405  0.719037  0.591973  0.677954  0.748016  0.386082  0.710834  0.509938  0.355295  0.513146  0.627024  0.656377  0.550195  0.589261  0.731660  0.662141  0.727626  0.643954  0.663612  0.545729  0.712000  0.667398  0.549801  0.635991  0.513508  0.709351  0.397299  0.471171  0.788147  0.707109  0.488121  0.593902  0.552854  0.532354  0.441066  0.570225  0.664501  0.653776  0.630014  0.717448  0.572821  0.672948  0.565690  0.442772  0.524794  0.654873  0.564391  0.587708  0.642102  0.534729  0.663873  0.569758  0.679143  0.678969  0.499778  0.611669  0.590514  0.719366  0.617535  0.634711  0.657933  0.671662  0.529463  0.623544  0.421725  0.622482  0.622798  0.696335  0.653602  0.664284  0.697446  0.590463  0.673178  0.551478  0.707669  0.563120  0.586443  0.410545  0.592383  0.638607  0.647559  0.573939  0.533183  0.707376  0.707336  0.631689  0.579355  0.657199  0.637819  0.772403  0.649576  0.595784  0.513537  0.644666  0.576838  0.663566 
10  0.661338  0.647039  0.702774  0.644185  0.548951  0.578624  0.579132  0.477804  0.600550  0.699222 0.0  0.751603  0.669027  0.585840  0.733345  0.704072  0.733736  0.820933  0.568756  0.636717  0.551190  0.620868  0.669922  0.707502  0.622145  0.685449  0.841008  0.655483  0.674662  0.602046  0.501015  0.825332  0.410386  0.662424  0.589447  0.700893  0.485159  0.458543  0.869883  0.589720  0.703050  0.547298  0.568034  0.605627  0.554255  0.570849  0.600685  0.563201  0.708588  0.809047  0.666628  0.561282  0.577116  0.630861  0.632925  0.678846  0.805962  0.669409  0.396519  0.610470  0.676404  0.654863  0.713286  0.729936  0.465159  0.744372  0.529976  0.565390  0.544412  0.704484  0.781502  0.660681  0.515729  0.651561  0.657518  0.691848  0.578215  0.400340  0.685895  0.751584  0.630648  0.699998  0.367006  0.497394  0.587398  0.740022  0.625586  0.689162  0.538217  0.667272  0.848514  0.657906  0.639814  0.672521  0.617731  0.735701  0.676335  0.717598  0.571353  0.768137  0.681515  0.371245  0.363215  0.659794  0.643602  0.557944  0.717725  0.551851  0.739900  0.658589  0.616102  0.609125  0.557989  0.550704  0.492433  0.524356  0.592249  0.348209  0.646704  0.779373  0.633329  0.526187  0.642748  0.633843  0.678540  0.657973  0.592234  0.851160  0.542446  0.548019  0.759084  0.725026  0.630507  0.569545  0.668344  0.697079  0.741156  0.624598  0.589003  0.718314  0.619859  0.573913  0.702967  0.629027  0.783408  0.759331  0.712406  0.688419  0.626246  0.632868  0.788876  0.529123  0.643867  0.768063  0.574943  0.625869  0.718673  0.758653  0.634187  0.588727  0.681783  0.631414  0.713786  0.603238  0.610719  0.563614  0.634780  0.554848  0.428157  0.620859  0.688921  0.495923  0.588758  0.714581  0.688925  0.649509  0.591549  0.696444  0.749820  0.600495  0.691574  0.378176  0.716622  0.653074  0.379005  0.599203  0.589448  0.746677  0.548563  0.574506  0.613706  0.718803  0.446380  0.672740  0.665573  0.735353  0.733512 
11  0.610314  0.640446  0.531952  0.642041  0.499627  0.604972  0.485503  0.470496  0.652466  0.661210  0.751603 0.0  0.679814  0.400175  0.574947  0.620990  0.411774  0.531473  0.653291  0.492121  0.553400  0.578918  0.591893  0.528143  0.579902  0.498637  0.600323  0.712874  0.551638  0.593450  0.605759  0.521380  0.531431  0.517817  0.571470  0.728272  0.556699  0.747623  0.519504  0.628184  0.584958  0.692322  0.611350  0.435976  0.614385  0.464389  0.428690  0.727785  0.574867  0.538252  0.623703  0.616240  0.586269  0.489870  0.781095  0.632460  0.475770  0.635522  0.590518  0.649043  0.553935  0.680266  0.581940  0.571630  0.573961  0.616228  0.391217  0.597913  0.534991  0.754782  0.620068  0.603543  0.719659  0.337122  0.695475  0.485190  0.665266  0.641783  0.603902  0.637465  0.641767  0.592795  0.689750  0.698062  0.651271  0.569693  0.492886  0.537449  0.530551  0.533331  0.524523  0.556499  0.507223  0.639255  0.477652  0.418050  0.580015  0.636092  0.661557  0.567740  0.620046  0.715456  0.687391  0.428245  0.576703  0.491663  0.432527  0.710039  0.375579  0.435518  0.501907  0.556816  0.669035  0.531731  0.707684  0.513382  0.739704  0.721341  0.606898  0.560159  0.544859  0.630612  0.495502  0.418617  0.615903  0.613640  0.666322  0.535574  0.573673  0.616105  0.492726  0.530464  0.515568  0.575969  0.508509  0.473952  0.527093  0.632993  0.571291  0.473429  0.498142  0.596727  0.614571  0.458761  0.470830  0.421642  0.615454  0.614124  0.497950  0.425595  0.421555  0.644012  0.454582  0.609058  0.638063  0.533475  0.713082  0.606968  0.728606  0.601282  0.609388  0.635868  0.638789  0.547540  0.566067  0.594754  0.655367  0.641500  0.653675  0.624596  0.555210  0.568507  0.627105  0.551835  0.628352  0.542197  0.678985  0.590085  0.435728  0.699707  0.392724  0.616307  0.517264  0.407640  0.758080  0.625332  0.495268  0.629978  0.566265  0.482611  0.641731  0.532390  0.718384  0.551684  0.622529  0.604244  0.639557 
12  0.510233  0.592314  0.702134  0.517845  0.434550  0.643192  0.595433  0.548263  0.578266  0.588401  0.669027  0.679814 0.0  0.620044  0.671674  0.398351  0.502467  0.355860  0.627053  0.496868  0.580809  0.457527  0.506046  0.676188  0.602028  0.584801  0.463034  0.573441  0.572137  0.768283  0.407164  0.401720  0.587116  0.513894  0.570709  0.593685  0.645344  0.611544  0.419420  0.566152  0.595858  0.761818  0.684282  0.573171  0.676292  0.650555  0.464009  0.584619  0.549733  0.689994  0.572486  0.672533  0.447527  0.508917  0.584200  0.651158  0.576522  0.651982  0.600081  0.661431  0.730197  0.360313  0.637463  0.418726  0.228449  0.412975  0.511016  0.443305  0.677856  0.792052  0.432098  0.577080  0.459883  0.632513  0.460930  0.493004  0.415559  0.525962  0.385908  0.388679  0.367537  0.361165  0.517274  0.600830  0.615868  0.561176  0.447043  0.668022  0.412611  0.580296  0.437144  0.404648  0.446563  0.499800  0.356052  0.586469  0.418727  0.574399  0.406154  0.544648  0.610510  0.610127  0.528649  0.654865  0.588359  0.546186  0.603704  0.730454  0.557626  0.585799  0.703958  0.516358  0.620403  0.464381  0.645641  0.694069  0.379091  0.672968  0.647548  0.520971  0.591050  0.661379  0.529561  0.561323  0.410328  0.555751  0.407721  0.670306  0.516844  0.468266  0.518044  0.406500  0.484439  0.426934  0.563940  0.672657  0.527896  0.672339  0.370582  0.390177  0.731735  0.454403  0.566620  0.463670  0.498140  0.605254  0.358726  0.283449  0.506882  0.478475  0.688339  0.455156  0.623626  0.354626  0.423755  0.622373  0.500581  0.394677  0.438447  0.562166  0.586045  0.521551  0.419158  0.354962  0.496236  0.620664  0.489831  0.716456  0.714504  0.684280  0.657216  0.606957  0.715354  0.216146  0.400387  0.327151  0.309003  0.442766  0.614839  0.408123  0.410031  0.599800  0.351687  0.608020  0.573990  0.468140  0.552613  0.634719  0.632009  0.534527  0.649043  0.285525  0.592081  0.469054  0.614247  0.617597  0.438573 
13  0.528407  0.513411  0.476389  0.682120  0.505450  0.709050  0.549662  0.374829  0.557207  0.500443  0.585840  0.400175  0.620044 0.0  0.690150  0.604792  0.344163  0.543460  0.613730  0.530879  0.528304  0.613409  0.492929  0.553170  0.658135  0.524909  0.566450  0.568041  0.602273  0.538994  0.552057  0.417883  0.587660  0.555451  0.640952  0.553091  0.579361  0.577200  0.429151  0.596364  0.663372  0.637789  0.531305  0.616316  0.608118  0.473101  0.442322  0.607546  0.605564  0.451119  0.471071  0.469721  0.500597  0.432055  0.641674  0.533394  0.444774  0.617689  0.620583  0.588161  0.525799  0.478549  0.511829  0.538442  0.644375  0.528104  0.397673  0.518423  0.563746  0.777549  0.468536  0.529185  0.584672  0.461481  0.461273  0.455576  0.531361  0.604309  0.640914  0.437091  0.543629  0.496450  0.565945  0.755169  0.613824  0.429746  0.460807  0.499920  0.526871  0.497062  0.509374  0.417510  0.494420  0.594782  0.425684  0.613675  0.399119  0.635345  0.651229  0.427607  0.600253  0.512599  0.585510  0.594545  0.492112  0.433375  0.459224  0.564458  0.501067  0.590760  0.620227  0.514428  0.607087  0.430614  0.476947  0.564788  0.602597  0.694385  0.546670  0.667811  0.573862  0.779168  0.553723  0.515578  0.636092  0.522467  0.526113  0.581629  0.634841  0.646468  0.512230  0.381852  0.559151  0.508837  0.491595  0.495165  0.371769  0.487734  0.441056  0.484756  0.628838  0.386107  0.482591  0.678450  0.523184  0.483201  0.523256  0.516442  0.437494  0.511217  0.468365  0.497237  0.515794  0.423751  0.569503  0.528345  0.642647  0.539099  0.663044  0.448013  0.606143  0.423956  0.543141  0.422917  0.577388  0.433044  0.700146  0.720130  0.582557  0.676742  0.575014  0.626725  0.607962  0.444103  0.584332  0.496352  0.506998  0.485229  0.521903  0.577007  0.452843  0.471790  0.543887  0.481191  0.519742  0.556399  0.466931  0.531264  0.577660  0.719782  0.586636  0.496570  0.674099  0.655304  0.424617  0.669995  0.525401 
14  0.537687  0.534226  0.480181  0.531453  0.557236  0.526122  0.546936  0.437648  0.563078  0.690025  0.733345  0.574947  0.671674  0.690150 0.0  0.659075  0.621232  0.598553  0.600949  0.611733  0.663255  0.621425  0.664389  0.621683  0.669329  0.592993  0.629434  0.632812  0.552996  0.567226  0.549608  0.547978  0.578381  0.534620  0.544657  0.592353  0.549490  0.443969  0.558812  0.609617  0.580292  0.583273  0.508547  0.694977  0.683017  0.564241  0.655461  0.631856  0.440604  0.533863  0.623270  0.636149  0.569126  0.565148  0.589531  0.544986  0.603084  0.639070  0.629626  0.564182  0.606649  0.583106  0.512773  0.558672  0.583637  0.640986  0.679666  0.606937  0.522533  0.658366  0.569227  0.614680  0.629907  0.621690  0.682196  0.572290  0.599971  0.625210  0.616865  0.621898  0.602696  0.725599  0.479015  0.552967  0.596100  0.417070  0.611734  0.557268  0.598373  0.626246  0.652845  0.555133  0.486884  0.658341  0.521078  0.571684  0.620174  0.638599  0.487636  0.671605  0.567799  0.619315  0.585808  0.551685  0.488476  0.512340  0.745376  0.331218  0.574510  0.638221  0.580402  0.696084  0.645069  0.560868  0.571718  0.617809  0.709975  0.608524  0.564556  0.500761  0.672066  0.600773  0.658975  0.625786  0.726468  0.532302  0.584853  0.540638  0.534206  0.580896  0.504899  0.564614  0.662342  0.599345  0.508772  0.696130  0.618499  0.686921  0.617077  0.560580  0.645852  0.650569  0.683537  0.628075  0.552989  0.643697  0.546010  0.525728  0.615425  0.545392  0.521568  0.503422  0.684779  0.644217  0.500878  0.526998  0.539296  0.574662  0.645538  0.615293  0.462233  0.522859  0.553018  0.633264  0.617643  0.486519  0.599058  0.691939  0.581115  0.627742  0.611486  0.681022  0.584802  0.631326  0.712819  0.632460  0.561564  0.575675  0.617378  0.571089  0.448956  0.727658  0.680347  0.498328  0.565600  0.584049  0.454461  0.561577  0.646193  0.476562  0.722089  0.595189  0.642610  0.626487  0.545213  0.694244  0.624632 
15  0.628742  0.479150  0.619748  0.570896  0.642858  0.576451  0.628890  0.674784  0.638824  0.613699  0.704072  0.620990  0.398351  0.604792  0.659075 0.0  0.627621  0.399395  0.686402  0.470142  0.694645  0.594723  0.522299  0.628603  0.637442  0.513249  0.403755  0.492296  0.728032  0.623975  0.403241  0.493816  0.690888  0.519140  0.588992  0.755550  0.578352  0.634196  0.476487  0.607739  0.611937  0.776659  0.607200  0.664979  0.676328  0.619143  0.724073  0.641890  0.623953  0.726290  0.532254  0.670011  0.506545  0.560358  0.603263  0.639668  0.547439  0.668883  0.688404  0.602507  0.616267  0.504426  0.535296  0.496325  0.386389  0.474594  0.604947  0.593448  0.635039  0.661047  0.519498  0.752521  0.503516  0.679357  0.626710  0.445302  0.454312  0.670988  0.298538  0.423031  0.474310  0.423294  0.725909  0.667296  0.744419  0.546657  0.583733  0.592717  0.579017  0.592308  0.476269  0.226097  0.417068  0.428252  0.339692  0.627045  0.477519  0.626615  0.418083  0.564874  0.618133  0.680442  0.659287  0.756641  0.604109  0.723016  0.625259  0.702056  0.567178  0.643771  0.679423  0.687445  0.705657  0.545228  0.622186  0.730747  0.397423  0.624970  0.620810  0.638074  0.556807  0.701814  0.668939  0.637118  0.235239  0.705997  0.466235  0.755022  0.655701  0.609390  0.602258  0.529226  0.612151  0.649013  0.554541  0.543431  0.524637  0.734565  0.478265  0.533588  0.632316  0.503693  0.618802  0.443788  0.497416  0.650637  0.449283  0.501910  0.559098  0.488964  0.661066  0.435848  0.737545  0.342619  0.414636  0.591591  0.499975  0.413462  0.512988  0.567578  0.609915  0.474684  0.377812  0.447700  0.563361  0.563419  0.645359  0.771570  0.551717  0.626772  0.644816  0.726441  0.707157  0.450271  0.453439  0.348011  0.487652  0.591455  0.661718  0.595175  0.659697  0.617083  0.413427  0.552799  0.639997  0.377320  0.670753  0.612515  0.622682  0.497169  0.676319  0.433535  0.571047  0.469591  0.534846  0.761928  0.482948 
16  0.436807  0.525780  0.514721  0.591402  0.396350  0.642651  0.540394  0.466617  0.563380  0.597675  0.733736  0.411774  0.502467  0.344163  0.621232  0.627621 0.0  0.492226  0.734341  0.568372  0.612788  0.526075  0.477623  0.576060  0.603071  0.598952  0.482691  0.596050  0.503583  0.565826  0.557385  0.409199  0.484396  0.482753  0.638743  0.681919  0.717855  0.650228  0.491473  0.532180  0.569058  0.685618  0.557778  0.326469  0.662381  0.449291  0.515298  0.660002  0.504916  0.303310  0.526904  0.572798  0.455347  0.328257  0.581123  0.458718  0.296605  0.702287  0.728708  0.584748  0.265059  0.558985  0.477945  0.549575  0.538329  0.540582  0.393370  0.536297  0.303916  0.735622  0.383457  0.504810  0.585357  0.323425  0.628211  0.587048  0.587945  0.500783  0.573548  0.530047  0.499085  0.512545  0.589703  0.713159  0.661256  0.456324  0.475560  0.444143  0.331985  0.618597  0.417345  0.561367  0.639559  0.680231  0.569349  0.426049  0.493885  0.479975  0.687937  0.322489  0.645480  0.675914  0.650932  0.481639  0.469608  0.564829  0.287953  0.718151  0.317961  0.222877  0.494522  0.465059  0.503719  0.408194  0.681185  0.667177  0.605354  0.659539  0.636323  0.615088  0.542000  0.731297  0.597474  0.427231  0.486051  0.382219  0.654808  0.422050  0.575692  0.672798  0.443633  0.543200  0.474936  0.528731  0.465383  0.327464  0.455717  0.491989  0.447540  0.399334  0.494126  0.352258  0.467234  0.572006  0.377692  0.263364  0.451172  0.420410  0.519289  0.489644  0.410002  0.590049  0.422257  0.417356  0.635642  0.544869  0.596911  0.525443  0.605068  0.517185  0.659205  0.590611  0.507149  0.468273  0.689793  0.440661  0.454729  0.541171  0.593931  0.627321  0.608378  0.606409  0.657625  0.385752  0.702711  0.627581  0.579680  0.418615  0.379437  0.491752  0.497436  0.530523  0.357104  0.328393  0.672500  0.569895  0.485630  0.626902  0.649211  0.373306  0.512296  0.510106  0.465942  0.658452  0.719161  0.577960  0.414482 
17  0.510803  0.389054  0.696353  0.483533  0.614015  0.583786  0.573892  0.597206  0.637129  0.687835  0.820933  0.531473  0.355860  0.543460  0.598553  0.399395  0.492226 0.0  0.770389  0.419019  0.548349  0.619934  0.493699  0.588986  0.628807  0.556078  0.409775  0.587626  0.541825  0.696839  0.547838  0.311192  0.602616  0.461776  0.534857  0.576087  0.665851  0.645798  0.488218  0.645674  0.685933  0.739362  0.586774  0.642072  0.659545  0.729150  0.551378  0.522859  0.577378  0.552429  0.572868  0.632939  0.516814  0.610362  0.505537  0.699323  0.648979  0.717150  0.631624  0.654367  0.574153  0.403986  0.568162  0.292639  0.496337  0.236846  0.536534  0.588985  0.613407  0.764289  0.387363  0.663896  0.611786  0.667432  0.622801  0.292505  0.465136  0.540604  0.384934  0.371644  0.505631  0.371879  0.603858  0.666488  0.656095  0.604997  0.492743  0.559743  0.414372  0.582822  0.420234  0.493305  0.385862  0.399148  0.469077  0.560476  0.391173  0.562656  0.355927  0.611209  0.584094  0.600599  0.600786  0.627706  0.617041  0.593273  0.620249  0.702217  0.627874  0.571347  0.685186  0.646806  0.759549  0.503601  0.674157  0.792945  0.360542  0.618972  0.699936  0.530499  0.563439  0.813734  0.525688  0.657151  0.322012  0.743918  0.373829  0.626280  0.582963  0.638189  0.553019  0.600767  0.585519  0.573835  0.585748  0.731164  0.501156  0.716095  0.409726  0.253876  0.667631  0.433863  0.694458  0.364006  0.621689  0.629130  0.499550  0.262993  0.666246  0.565454  0.574025  0.496389  0.500812  0.253908  0.336839  0.593319  0.539167  0.363839  0.389094  0.671776  0.611877  0.315871  0.283773  0.199414  0.585899  0.597248  0.519841  0.858356  0.625724  0.692081  0.556603  0.685248  0.655426  0.259182  0.512730  0.396460  0.342098  0.496333  0.863710  0.514930  0.519263  0.437820  0.309887  0.685283  0.719209  0.354898  0.642968  0.744752  0.699932  0.588227  0.599444  0.423317  0.557994  0.436688  0.668480  0.608171  0.448865 
18  0.677523  0.573172  0.634672  0.509414  0.672790  0.708612  0.574433  0.550133  0.590556  0.626482  0.568756  0.653291  0.627053  0.613730  0.600949  0.686402  0.734341  0.770389 0.0  0.746829  0.687321  0.652739  0.661341  0.666120  0.596595  0.777006  0.729035  0.590235  0.593019  0.522393  0.724534  0.628621  0.656174  0.473620  0.696330  0.419747  0.635933  0.703317  0.552744  0.599882  0.530104  0.647280  0.639224  0.785818  0.586977  0.696518  0.594840  0.683368  0.506960  0.671762  0.723107  0.616669  0.644908  0.710248  0.771815  0.770861  0.755417  0.724438  0.579129  0.733530  0.598523  0.594041  0.506695  0.753882  0.623034  0.485159  0.679245  0.531952  0.701667  0.784201  0.693975  0.652645  0.686372  0.780110  0.776479  0.650697  0.638611  0.650466  0.704028  0.639279  0.718530  0.599385  0.610382  0.558025  0.646623  0.667402  0.484853  0.622479  0.673451  0.721822  0.598659  0.765775  0.563565  0.666015  0.714689  0.722337  0.604389  0.478717  0.683440  0.568774  0.507431  0.422704  0.587349  0.721238  0.696246  0.676784  0.558446  0.726479  0.557154  0.734771  0.571345  0.566434  0.847254  0.611761  0.626215  0.696738  0.716934  0.645465  0.574634  0.545631  0.496367  0.680042  0.606034  0.625820  0.690096  0.569395  0.712803  0.672459  0.530372  0.693391  0.620008  0.463469  0.809062  0.660228  0.588822  0.692259  0.622662  0.615098  0.600337  0.587589  0.788913  0.606095  0.836408  0.573121  0.680635  0.659127  0.739124  0.706371  0.543982  0.591974  0.482861  0.675148  0.645132  0.749939  0.684526  0.530861  0.674621  0.594132  0.691602  0.622113  0.599534  0.631834  0.735325  0.634787  0.606832  0.433716  0.454247  0.597016  0.591991  0.729522  0.500235  0.768734  0.622543  0.724724  0.698850  0.604379  0.529909  0.556530  0.687990  0.665206  0.776448  0.844348  0.667106  0.551871  0.560797  0.742303  0.481850  0.746341  0.525070  0.548353  0.637056  0.629309  0.625517  0.759150  0.728209  0.535300  0.711599 
19  0.461641  0.309887  0.547754  0.320550  0.722417  0.619110  0.598010  0.529903  0.654174  0.687055  0.636717  0.492121  0.496868  0.530879  0.611733  0.470142  0.568372  0.419019  0.746829 0.0  0.655826  0.594050  0.728030  0.631489  0.526922  0.542293  0.322373  0.602255  0.641726  0.670103  0.434320  0.321519  0.674294  0.411858  0.534206  0.586728  0.489073  0.523234  0.411661  0.552708  0.628843  0.776922  0.673581  0.548968  0.621079  0.612908  0.504649  0.529885  0.545021  0.624461  0.443107  0.591033  0.451758  0.625683  0.489742  0.725807  0.583933  0.739810  0.735307  0.612846  0.602044  0.320728  0.592412  0.507825  0.465480  0.462258  0.582944  0.419041  0.560249  0.708774  0.402765  0.699838  0.516386  0.614637  0.568762  0.386457  0.525575  0.538424  0.393399  0.413981  0.535636  0.318859  0.628279  0.733323  0.593761  0.604393  0.526588  0.547078  0.583806  0.633801  0.559334  0.369821  0.373445  0.460017  0.343836  0.621295  0.448757  0.611481  0.477351  0.614841  0.585615  0.846921  0.554297  0.634259  0.569045  0.451528  0.531024  0.566210  0.602102  0.704747  0.555143  0.514251  0.627890  0.537729  0.580174  0.526848  0.438998  0.509604  0.539939  0.579945  0.457070  0.750676  0.553142  0.647590  0.359520  0.668870  0.431819  0.620377  0.549403  0.518730  0.539486  0.462747  0.605830  0.582381  0.608788  0.676330  0.541874  0.815049  0.539828  0.405592  0.678358  0.568988  0.612089  0.329533  0.576538  0.705299  0.479200  0.414680  0.760594  0.445277  0.566322  0.467495  0.628551  0.420796  0.415937  0.595431  0.496011  0.400809  0.403956  0.584900  0.531732  0.360415  0.442141  0.447261  0.510929  0.517328  0.624533  0.692220  0.661440  0.667709  0.548274  0.698798  0.621525  0.376487  0.481362  0.428500  0.432403  0.593764  0.637522  0.373776  0.482516  0.607343  0.394124  0.681022  0.513550  0.461102  0.530499  0.624262  0.605644  0.524441  0.693717  0.514283  0.563747  0.352288  0.540803  0.657307  0.464232 
