197
0 0.0  0.542563  0.546106  0.388829  0.448041  0.541138  0.397706  0.486834  0.659935  0.564252  0.575539  0.664660  0.435893  0.587122  0.519331  0.499995  0.333033  0.464477  0.708914  0.443418  0.508044  0.641735  0.503558  0.557472  0.422556  0.557888  0.317090  0.586184  0.418181  0.621265  0.422629  0.453015  0.436565  0.433085  0.370860  0.599227  0.512082  0.552111  0.433524  0.595323  0.605109  0.660995  0.635603  0.598115  0.633880  0.375871  0.385027  0.597874  0.475629  0.459916  0.414837  0.597443  0.360269  0.495769  0.437477  0.645540  0.608034  0.674565  0.555740  0.497875  0.580712  0.478415  0.478587  0.428925  0.548526  0.493713  0.520238  0.639902  0.465600  0.785942  0.505518  0.524157  0.344212  0.461815  0.774550  0.474015  0.494467  0.586415  0.441982  0.506291  0.498988  0.496560  0.576693  0.565069  0.644533  0.469893  0.502915  0.528094  0.494786  0.784218  0.635285  0.485475  0.536919  0.563887  0.446286  0.596495  0.384318  0.579992  0.530826  0.534120  0.639463  0.671445  0.454728  0.466039  0.529241  0.500156  0.450396  0.680132  0.505518  0.510984  0.539313  0.517017  0.514160  0.541955  0.664559  0.460060  0.453158  0.511628  0.502264  0.451677  0.492616  0.637036  0.634988  0.473933  0.429420  0.471506  0.482176  0.529750  0.679689  0.496788  0.407671  0.566498  0.684932  0.388366  0.588501  0.587754  0.596533  0.483890  0.337090  0.421604  0.437717  0.358608  0.739044  0.571709  0.565146  0.515309  0.401326  0.475831  0.564191  0.520194  0.569449  0.520933  0.462523  0.450871  0.539076  0.504626  0.620530  0.579142  0.444770  0.550135  0.646135  0.542360  0.546460  0.447797  0.594223  0.500219  0.342709  0.558293  0.548441  0.624754  0.695709  0.645753  0.525075  0.468513  0.541494  0.581027  0.519860  0.544121  0.650470  0.565432  0.409760  0.508725  0.365865  0.600320  0.496822  0.440488  0.600106  0.649879  0.485017  0.400551  0.461995  0.539272  0.559398  0.479202  0.712981  0.715688  0.504812 
1  0.542563 0.0  0.475629  0.393494  0.547272  0.605046  0.562197  0.512540  0.647003  0.549709  0.547123  0.530134  0.373527  0.430977  0.540397  0.388116  0.488824  0.405554  0.587169  0.343297  0.601521  0.485016  0.481439  0.550961  0.560964  0.569497  0.386521  0.652664  0.524918  0.636090  0.467000  0.390507  0.540837  0.425849  0.506955  0.608728  0.437371  0.479098  0.507052  0.607108  0.454879  0.685749  0.591191  0.573885  0.519369  0.607311  0.499723  0.512508  0.603325  0.466101  0.474794  0.538309  0.489776  0.522499  0.636275  0.520710  0.667856  0.466875  0.582476  0.612547  0.560311  0.346021  0.438706  0.372751  0.433313  0.436817  0.546336  0.499156  0.518138  0.814811  0.362181  0.548460  0.503213  0.603612  0.464226  0.301752  0.409703  0.597600  0.390976  0.387398  0.379247  0.428330  0.567193  0.619148  0.567024  0.567689  0.509783  0.606700  0.458151  0.600961  0.609970  0.322124  0.358126  0.452947  0.387133  0.618552  0.410018  0.565770  0.404606  0.567402  0.519690  0.585962  0.466929  0.638346  0.540291  0.436805  0.531527  0.513625  0.495980  0.625611  0.581099  0.593043  0.626042  0.386966  0.604347  0.536128  0.357724  0.532768  0.556655  0.529853  0.558615  0.668270  0.538894  0.520844  0.352092  0.602070  0.394309  0.623139  0.516508  0.483628  0.516476  0.446770  0.506457  0.435758  0.532646  0.538062  0.507383  0.712657  0.395791  0.386002  0.575556  0.439521  0.630144  0.410851  0.623998  0.551880  0.445666  0.425433  0.496529  0.389455  0.525915  0.428660  0.562540  0.402870  0.353273  0.538405  0.415841  0.375884  0.386739  0.550713  0.544634  0.365983  0.470633  0.395642  0.593616  0.601815  0.493301  0.632222  0.580863  0.585121  0.539429  0.643062  0.546287  0.413214  0.398537  0.375250  0.364764  0.506825  0.586707  0.442310  0.465249  0.554188  0.342103  0.504542  0.476659  0.441545  0.506216  0.635008  0.545668  0.599310  0.499372  0.395012  0.506717  0.431818  0.527304  0.742896  0.541163 
2  0.546106  0.475629 0.0  0.530538  0.555641  0.465510  0.454373  0.501753  0.521754  0.522821  0.500372  0.489766  0.509089  0.468041  0.546184  0.654636  0.475734  0.524674  0.584306  0.571623  0.499220  0.531937  0.577811  0.521750  0.553432  0.614687  0.560965  0.540509  0.594912  0.537422  0.555214  0.578923  0.563606  0.451007  0.743236  0.530595  0.502514  0.488411  0.610333  0.467525  0.491801  0.586821  0.575456  0.535771  0.527549  0.489776  0.508692  0.617897  0.582325  0.434330  0.589998  0.507847  0.613839  0.485883  0.706293  0.458619  0.458690  0.558805  0.540566  0.448164  0.507898  0.606578  0.492735  0.488915  0.595328  0.563191  0.434769  0.461642  0.478166  0.728788  0.570897  0.538112  0.579196  0.488443  0.531127  0.637866  0.713956  0.511430  0.639584  0.594030  0.602259  0.610206  0.499879  0.615660  0.554166  0.454441  0.518820  0.557487  0.515344  0.504538  0.548941  0.534408  0.541122  0.720071  0.430155  0.465301  0.581621  0.566767  0.652198  0.510487  0.662432  0.607980  0.596555  0.624940  0.509032  0.531557  0.472865  0.469430  0.362567  0.425151  0.456920  0.475935  0.485962  0.497052  0.570291  0.509243  0.565037  0.655937  0.454475  0.621392  0.542774  0.513158  0.603081  0.427778  0.632180  0.463340  0.613153  0.467608  0.635030  0.599477  0.595619  0.472705  0.425103  0.490487  0.460304  0.484833  0.506647  0.590699  0.646255  0.533061  0.441770  0.617422  0.480016  0.522869  0.424621  0.582385  0.651822  0.504596  0.512476  0.604162  0.451041  0.580971  0.500350  0.606959  0.577037  0.535629  0.557692  0.585685  0.608070  0.512356  0.608862  0.514331  0.558954  0.540731  0.647884  0.474709  0.499302  0.484756  0.514658  0.533046  0.599999  0.548678  0.616677  0.636603  0.648324  0.545385  0.554809  0.564845  0.515340  0.618317  0.495666  0.421548  0.560622  0.587379  0.491626  0.662520  0.541142  0.548046  0.599168  0.586309  0.532038  0.542977  0.530798  0.579438  0.497976  0.641231  0.605482 
3  0.388829  0.393494  0.530538 0.0  0.651144  0.581713  0.447038  0.593991  0.535993  0.679185  0.590155  0.625478  0.452615  0.603716  0.656842  0.454083  0.672869  0.394372  0.554920  0.420543  0.565477  0.666975  0.598136  0.737709  0.539610  0.573620  0.468036  0.493180  0.546062  0.648558  0.408791  0.379267  0.514341  0.492865  0.598568  0.695439  0.531466  0.565329  0.572275  0.591590  0.575292  0.597745  0.606791  0.669779  0.501082  0.555215  0.594732  0.542714  0.523320  0.668212  0.656540  0.569747  0.620569  0.643435  0.492340  0.642524  0.571517  0.670241  0.606916  0.520799  0.552169  0.428456  0.552962  0.352617  0.343290  0.504479  0.630868  0.620591  0.576936  0.772337  0.469065  0.703655  0.567100  0.719836  0.757821  0.440160  0.429655  0.651223  0.531341  0.526687  0.455664  0.411538  0.517490  0.619818  0.670127  0.617764  0.452132  0.539388  0.594936  0.684814  0.907045  0.489549  0.409067  0.472589  0.382981  0.683381  0.398016  0.575146  0.398995  0.669057  0.661605  0.626435  0.584445  0.600361  0.595566  0.553572  0.558434  0.732558  0.623054  0.692534  0.600345  0.556199  0.573529  0.578597  0.582329  0.692461  0.329946  0.613616  0.555315  0.465262  0.579775  0.614740  0.555325  0.531998  0.454489  0.583738  0.473224  0.721059  0.562634  0.464841  0.655041  0.550022  0.632609  0.502946  0.588477  0.605756  0.660074  0.719091  0.351287  0.375151  0.671736  0.502897  0.651393  0.433234  0.702085  0.570033  0.432779  0.520594  0.601453  0.407108  0.549227  0.452891  0.606515  0.457005  0.399820  0.530561  0.403598  0.447662  0.365556  0.656631  0.548964  0.414547  0.413340  0.369997  0.531594  0.445134  0.501053  0.764621  0.464128  0.663891  0.632225  0.689929  0.642919  0.375406  0.414637  0.450376  0.437574  0.587053  0.583614  0.440218  0.613480  0.624115  0.392416  0.614500  0.575757  0.360915  0.580889  0.758327  0.613360  0.492301  0.475454  0.485595  0.549334  0.396770  0.811492  0.787521  0.477980 
4  0.448041  0.547272  0.555641  0.651144 0.0  0.672500  0.590489  0.457040  0.639296  0.436708  0.600898  0.570517  0.463051  0.533665  0.571101  0.636397  0.395407  0.547875  0.536359  0.610700  0.511102  0.624871  0.442898  0.616946  0.380366  0.674126  0.732293  0.487940  0.335961  0.622694  0.613032  0.644750  0.548311  0.427738  0.462343  0.632174  0.537084  0.514621  0.556812  0.562782  0.565750  0.561861  0.550382  0.372289  0.657182  0.384713  0.479033  0.653691  0.453692  0.558353  0.537850  0.689740  0.540936  0.502781  0.492606  0.581517  0.583163  0.618982  0.514013  0.471961  0.493488  0.545477  0.518781  0.663921  0.619974  0.642382  0.512705  0.584178  0.365254  0.696775  0.674010  0.528905  0.454899  0.412979  0.684389  0.874279  0.601232  0.477277  0.640211  0.538792  0.612092  0.620177  0.597272  0.681760  0.531480  0.552764  0.465731  0.623332  0.615184  0.670639  0.672661  0.625389  0.677396  0.512558  0.693439  0.510633  0.602980  0.543158  0.575101  0.533338  0.617121  0.499731  0.412195  0.506059  0.484480  0.544342  0.419664  0.649549  0.444304  0.496012  0.498275  0.566918  0.577456  0.533590  0.505282  0.429484  0.493448  0.538381  0.527803  0.551746  0.550303  0.529880  0.736567  0.513668  0.717033  0.445940  0.626784  0.539244  0.481798  0.475418  0.596192  0.617929  0.589389  0.541702  0.597654  0.513020  0.563787  0.582983  0.526051  0.678539  0.626436  0.491004  0.651841  0.557608  0.465053  0.511577  0.595186  0.640187  0.603711  0.665296  0.672987  0.602082  0.538257  0.574046  0.621004  0.547456  0.575895  0.571695  0.578882  0.654112  0.638841  0.630611  0.674304  0.587701  0.614292  0.508178  0.409376  0.466368  0.420508  0.554024  0.686377  0.418023  0.589342  0.676674  0.616988  0.619579  0.549706  0.528838  0.518964  0.634444  0.537350  0.395341  0.539564  0.480292  0.507665  0.734635  0.621226  0.849313  0.454951  0.473778  0.468548  0.539438  0.467575  0.728073  0.597826  0.733958  0.728315 
5  0.541138  0.605046  0.465510  0.581713  0.672500 0.0  0.613878  0.526277  0.560078  0.548670  0.662198  0.542098  0.624575  0.550647  0.477400  0.577060  0.395831  0.574695  0.552658  0.558070  0.594410  0.601467  0.502845  0.608489  0.545718  0.527769  0.686905  0.623412  0.502745  0.597247  0.492682  0.567380  0.569200  0.497904  0.502745  0.615422  0.512978  0.508552  0.649385  0.474470  0.484351  0.626530  0.580739  0.512814  0.569788  0.461431  0.575982  0.635648  0.587993  0.486082  0.581679  0.504790  0.503292  0.529810  0.570336  0.443978  0.561350  0.550102  0.591283  0.530673  0.537010  0.668834  0.609615  0.553242  0.572229  0.465090  0.525211  0.658587  0.418092  0.681151  0.567599  0.495463  0.526264  0.567268  0.582320  0.612882  0.537596  0.525670  0.552092  0.610915  0.549558  0.542095  0.596790  0.512670  0.644826  0.513555  0.523772  0.570536  0.502693  0.480672  0.682041  0.543513  0.428949  0.547912  0.590902  0.535870  0.489917  0.436140  0.596108  0.585186  0.452618  0.606023  0.516403  0.608026  0.555207  0.591562  0.425375  0.615787  0.590296  0.494563  0.501567  0.562731  0.439090  0.519486  0.579443  0.484712  0.609395  0.637188  0.498501  0.511739  0.512801  0.479290  0.604209  0.586004  0.546409  0.498950  0.525322  0.570883  0.592920  0.466961  0.498425  0.464590  0.513870  0.582449  0.564287  0.491022  0.629674  0.404795  0.487337  0.458577  0.602184  0.466665  0.546418  0.530421  0.650841  0.483950  0.558436  0.488326  0.589734  0.568066  0.512767  0.493250  0.590817  0.559703  0.601313  0.568680  0.579712  0.532811  0.592377  0.591143  0.545229  0.510115  0.636247  0.529243  0.557510  0.497156  0.528180  0.504915  0.470017  0.484106  0.571692  0.528867  0.473953  0.489178  0.518221  0.564839  0.463552  0.493309  0.526200  0.512167  0.493985  0.491105  0.511781  0.456516  0.553635  0.512976  0.506074  0.591845  0.545827  0.432357  0.523275  0.545414  0.560602  0.597782  0.601897  0.534305  0.504571 
6  0.397706  0.562197  0.454373  0.447038  0.590489  0.613878 0.0  0.543437  0.592830  0.609726  0.473318  0.533950  0.568422  0.579493  0.558814  0.621708  0.544358  0.466637  0.526171  0.556354  0.534326  0.567472  0.481335  0.490518  0.477517  0.551791  0.510710  0.486542  0.522457  0.698640  0.450123  0.555802  0.523334  0.466629  0.583416  0.602183  0.497938  0.618802  0.503322  0.508263  0.529228  0.525274  0.546874  0.568815  0.546758  0.502706  0.512898  0.542252  0.548756  0.553222  0.568068  0.640225  0.591271  0.592963  0.460073  0.698313  0.568603  0.612971  0.602223  0.531839  0.654019  0.507808  0.585716  0.516242  0.522142  0.471164  0.565250  0.516377  0.534357  0.655226  0.561771  0.564951  0.470497  0.473919  0.662882  0.532053  0.481160  0.471398  0.547857  0.558848  0.599498  0.596709  0.629727  0.528038  0.558567  0.557765  0.515307  0.546533  0.567400  0.542976  0.501989  0.507241  0.526866  0.564826  0.545046  0.524587  0.488150  0.615560  0.534827  0.499245  0.654759  0.589622  0.570831  0.483625  0.498955  0.561529  0.555758  0.493699  0.607620  0.627596  0.538926  0.581320  0.525249  0.579542  0.452932  0.532073  0.558600  0.570630  0.454864  0.560843  0.507696  0.551094  0.476416  0.610830  0.471441  0.551803  0.554544  0.588045  0.574031  0.614617  0.561877  0.570050  0.504989  0.604886  0.601775  0.612608  0.511505  0.565226  0.468252  0.480536  0.587220  0.533538  0.565568  0.572590  0.640046  0.509911  0.501789  0.606964  0.635202  0.419086  0.463602  0.510196  0.476664  0.519879  0.489638  0.522493  0.567937  0.534783  0.524144  0.526840  0.533152  0.552883  0.505870  0.497028  0.538972  0.480551  0.588829  0.564863  0.437049  0.605352  0.567237  0.646698  0.506311  0.490237  0.548361  0.549552  0.654958  0.539006  0.657079  0.471482  0.534365  0.511941  0.512400  0.551809  0.484692  0.397261  0.521003  0.547987  0.536050  0.430419  0.589396  0.486883  0.493369  0.547170  0.561981  0.524584  0.502653 
7  0.486834  0.512540  0.501753  0.593991  0.457040  0.526277  0.543437 0.0  0.457748  0.525958  0.529923  0.478523  0.618680  0.415387  0.546977  0.487185  0.420689  0.607987  0.557652  0.531800  0.488633  0.405289  0.461244  0.403860  0.435547  0.560111  0.606632  0.522350  0.489674  0.504435  0.567413  0.528520  0.532078  0.436290  0.528499  0.492834  0.477251  0.558729  0.619831  0.440961  0.474839  0.452119  0.611837  0.555069  0.665300  0.416000  0.378597  0.571713  0.358494  0.468793  0.559774  0.529451  0.516518  0.343201  0.636834  0.429389  0.622679  0.560828  0.483420  0.523003  0.542496  0.572051  0.470010  0.581581  0.545923  0.553133  0.358182  0.469856  0.489832  0.742870  0.625124  0.338055  0.605746  0.439464  0.640732  0.505939  0.560812  0.445594  0.598894  0.503059  0.532510  0.490653  0.499868  0.676286  0.602591  0.574681  0.361568  0.361033  0.503024  0.439270  0.493362  0.587228  0.550418  0.673369  0.593679  0.573119  0.612915  0.293431  0.664205  0.372908  0.539693  0.597014  0.451057  0.619398  0.432743  0.492263  0.374337  0.628554  0.448381  0.436585  0.514737  0.551676  0.551209  0.401459  0.682709  0.404879  0.569266  0.626335  0.510844  0.590013  0.623875  0.428478  0.712712  0.580463  0.560979  0.406573  0.533918  0.480656  0.581199  0.456763  0.581428  0.494422  0.489501  0.589961  0.451971  0.416161  0.584986  0.589295  0.476769  0.447890  0.358002  0.513404  0.584998  0.575774  0.507775  0.512026  0.578355  0.633581  0.565493  0.523288  0.464613  0.640519  0.628993  0.635474  0.555253  0.534391  0.682190  0.589338  0.723515  0.488936  0.534453  0.580125  0.695677  0.493136  0.552984  0.401606  0.381177  0.577779  0.561696  0.547533  0.422795  0.464199  0.600491  0.566689  0.636173  0.635338  0.493608  0.609256  0.615288  0.705282  0.488555  0.498872  0.592227  0.461873  0.481655  0.686146  0.352395  0.505322  0.511955  0.473604  0.605469  0.533920  0.549634  0.564786  0.516987  0.542876  0.552951 
8  0.659935  0.647003  0.521754  0.535993  0.639296  0.560078  0.592830  0.457748 0.0  0.591807  0.542202  0.606555  0.565710  0.549035  0.590077  0.570784  0.630252  0.582455  0.480073  0.539525  0.650929  0.507174  0.531723  0.463424  0.658374  0.584045  0.463122  0.510559  0.757866  0.531736  0.581783  0.505511  0.641436  0.515620  0.647837  0.504619  0.533670  0.593746  0.551269  0.434341  0.465728  0.614787  0.528559  0.610820  0.493479  0.706161  0.624019  0.535807  0.495128  0.610562  0.492481  0.489603  0.618827  0.647105  0.607605  0.566730  0.755354  0.646666  0.600269  0.595206  0.611283  0.489819  0.480073  0.524780  0.590960  0.477386  0.502394  0.457434  0.636124  0.705997  0.592349  0.519339  0.788016  0.635999  0.533961  0.578349  0.513514  0.547611  0.595820  0.577250  0.636665  0.535994  0.546081  0.523759  0.545817  0.595219  0.520834  0.448414  0.497840  0.417183  0.456988  0.610706  0.524528  0.610894  0.573037  0.591532  0.646614  0.623000  0.570095  0.525146  0.545391  0.545340  0.595740  0.674446  0.568498  0.562423  0.591366  0.551090  0.598564  0.711205  0.601646  0.557067  0.515415  0.589132  0.541651  0.564426  0.584436  0.454740  0.524316  0.548723  0.522139  0.580483  0.581922  0.638742  0.570941  0.611979  0.639752  0.676019  0.524905  0.532959  0.587924  0.473813  0.527472  0.491628  0.443303  0.699519  0.524214  0.669248  0.565953  0.686068  0.490949  0.580289  0.530157  0.591868  0.668230  0.677984  0.656241  0.630151  0.479458  0.529172  0.488672  0.559500  0.571979  0.608833  0.483474  0.485207  0.566218  0.579911  0.532542  0.480504  0.521458  0.609919  0.537784  0.672364  0.489943  0.473155  0.596453  0.696251  0.623058  0.524485  0.495063  0.574646  0.543187  0.539651  0.493909  0.439662  0.512501  0.529171  0.667353  0.585123  0.614719  0.586426  0.629375  0.549362  0.557308  0.601126  0.386861  0.628666  0.602580  0.659933  0.642680  0.629331  0.593108  0.634700  0.499505  0.548664  0.578285 
9  0.564252  0.549709  0.522821  0.679185  0.436708  0.548670  0.609726  0.525958  0.591807 0.0  0.730172  0.535529  0.500587  0.450777  0.428184  0.697443  0.366446  0.736261  0.641429  0.581762  0.639073  0.552531  0.465422  0.540060  0.618437  0.533365  0.650297  0.533960  0.485519  0.544814  0.606621  0.607736  0.612070  0.560607  0.569356  0.588601  0.740397  0.608353  0.568628  0.541357  0.550857  0.836956  0.504904  0.452379  0.690907  0.478696  0.602654  0.583904  0.536279  0.631124  0.484065  0.586231  0.504452  0.400183  0.507886  0.529092  0.384591  0.523627  0.763407  0.580713  0.409904  0.543725  0.547890  0.701475  0.578743  0.632056  0.540976  0.454773  0.405629  0.691939  0.573345  0.644796  0.638866  0.416045  0.665872  0.652997  0.564533  0.609817  0.587843  0.568941  0.634093  0.600180  0.626711  0.746682  0.575450  0.704873  0.552037  0.566562  0.574600  0.612210  0.567507  0.597591  0.544795  0.611797  0.535435  0.464827  0.579109  0.435626  0.617322  0.552947  0.412362  0.578726  0.630711  0.501785  0.553048  0.530678  0.415281  0.729095  0.349211  0.328323  0.486506  0.606874  0.677341  0.474947  0.610620  0.539972  0.643037  0.646349  0.523326  0.633520  0.505807  0.670761  0.523017  0.459878  0.610449  0.570972  0.643719  0.383924  0.501951  0.611372  0.619638  0.433539  0.659395  0.528705  0.511293  0.444055  0.588639  0.603799  0.561549  0.577679  0.667757  0.492804  0.631386  0.639568  0.376407  0.345820  0.581507  0.531397  0.517375  0.636674  0.589819  0.555756  0.421162  0.565980  0.582171  0.479102  0.592066  0.493585  0.729723  0.520767  0.582688  0.561254  0.652500  0.570267  0.613400  0.599234  0.599199  0.614803  0.624289  0.598333  0.621068  0.684556  0.499437  0.520005  0.576989  0.673518  0.636102  0.593480  0.419418  0.664319  0.548418  0.631599  0.541026  0.384135  0.740797  0.599786  0.520466  0.614656  0.517780  0.595900  0.601765  0.625500  0.544327  0.552612  0.665386  0.506700  0.641370 
10  0.575539  0.547123  0.500372  0.590155  0.600898  0.662198  0.473318  0.529923  0.542202  0.730172 0.0  0.602847  0.553676  0.631030  0.495710  0.609183  0.622233  0.581545  0.603678  0.608303  0.547052  0.479471  0.493662  0.648832  0.527834  0.525055  0.707590  0.631334  0.611359  0.513051  0.516989  0.609640  0.370793  0.592240  0.522046  0.571025  0.430948  0.403362  0.690820  0.579573  0.523508  0.568831  0.504838  0.631578  0.469029  0.568335  0.659176  0.688588  0.559837  0.702590  0.525174  0.601967  0.505630  0.591815  0.561179  0.551941  0.760716  0.616486  0.387737  0.471610  0.629822  0.584632  0.513192  0.530203  0.537765  0.540539  0.527901  0.623535  0.471671  0.669250  0.660988  0.787667  0.585887  0.683355  0.667650  0.696565  0.463381  0.354309  0.659410  0.655816  0.475309  0.597266  0.466490  0.398656  0.466150  0.619531  0.575822  0.589008  0.660465  0.669773  0.795823  0.613952  0.662217  0.636689  0.578542  0.562645  0.561170  0.610111  0.470667  0.614586  0.592797  0.400972  0.430648  0.625344  0.582357  0.479351  0.647499  0.482799  0.673615  0.687427  0.674103  0.608783  0.647988  0.642628  0.464829  0.447473  0.572890  0.352536  0.586906  0.547891  0.435530  0.497855  0.610208  0.645074  0.595846  0.468117  0.662085  0.648112  0.439614  0.525066  0.684217  0.623587  0.505211  0.555734  0.605339  0.599331  0.590554  0.630759  0.554882  0.692942  0.457668  0.702005  0.545935  0.498450  0.639379  0.749830  0.600850  0.685285  0.527458  0.638539  0.662431  0.630434  0.634321  0.662473  0.544738  0.620358  0.651560  0.615376  0.548146  0.543653  0.637729  0.595773  0.615796  0.608731  0.594211  0.545508  0.520264  0.495017  0.420658  0.483268  0.576518  0.454960  0.435061  0.578990  0.497708  0.559156  0.501590  0.708370  0.742384  0.535416  0.629715  0.371169  0.591273  0.584664  0.474216  0.598768  0.602693  0.622748  0.462369  0.512449  0.442718  0.632561  0.555959  0.537643  0.603262  0.677130  0.793670 
11  0.664660  0.530134  0.489766  0.625478  0.570517  0.542098  0.533950  0.478523  0.606555  0.535529  0.602847 0.0  0.616971  0.433187  0.560072  0.553499  0.387935  0.525033  0.644825  0.544758  0.590850  0.501242  0.464450  0.522928  0.563454  0.603357  0.530281  0.501555  0.552468  0.619574  0.560550  0.559651  0.615233  0.526739  0.522454  0.469667  0.550446  0.745053  0.472537  0.432157  0.472357  0.668019  0.623166  0.478521  0.683143  0.448259  0.625841  0.661904  0.568941  0.528887  0.562172  0.679402  0.469205  0.427516  0.571026  0.536803  0.399406  0.628445  0.744503  0.631788  0.477129  0.505705  0.399768  0.517113  0.552776  0.514041  0.521672  0.516388  0.389772  0.562570  0.560426  0.617785  0.505850  0.342917  0.624561  0.485831  0.558590  0.617745  0.529406  0.531232  0.623121  0.617067  0.556676  0.719250  0.633165  0.571048  0.493542  0.507764  0.392286  0.500537  0.445803  0.518070  0.493658  0.633455  0.560176  0.439719  0.548121  0.540169  0.536836  0.444804  0.582635  0.626528  0.623249  0.411337  0.473960  0.599503  0.433629  0.500583  0.438475  0.428040  0.393971  0.563797  0.523928  0.488838  0.651443  0.624987  0.643624  0.630132  0.500066  0.619414  0.569497  0.499738  0.547446  0.442631  0.467433  0.560462  0.543777  0.470322  0.607346  0.571971  0.542929  0.493252  0.437532  0.507197  0.445459  0.392707  0.472293  0.599902  0.629538  0.572342  0.378618  0.503128  0.603209  0.440272  0.416892  0.461699  0.606116  0.610284  0.554439  0.561415  0.443637  0.568275  0.499509  0.509279  0.519482  0.506715  0.609441  0.524425  0.711038  0.521106  0.511073  0.528120  0.585695  0.480220  0.632838  0.523827  0.529655  0.628260  0.600565  0.604515  0.542618  0.558609  0.649109  0.479593  0.501796  0.557455  0.541962  0.532004  0.484188  0.638061  0.453927  0.566151  0.535382  0.479477  0.509538  0.601760  0.510284  0.629599  0.517211  0.528293  0.754918  0.541202  0.551912  0.648494  0.517518  0.464384  0.510570 
12  0.435893  0.373527  0.509089  0.452615  0.463051  0.624575  0.568422  0.618680  0.565710  0.500587  0.553676  0.616971 0.0  0.476860  0.543252  0.385334  0.522367  0.315360  0.609783  0.394736  0.505474  0.474803  0.529934  0.534656  0.518702  0.526453  0.327345  0.489978  0.692010  0.634086  0.428839  0.283301  0.498210  0.485603  0.426870  0.510572  0.534295  0.585168  0.361480  0.620861  0.513807  0.583706  0.542170  0.519428  0.496553  0.659733  0.596079  0.457040  0.480858  0.520707  0.449248  0.687801  0.508962  0.520215  0.559315  0.579061  0.615588  0.667660  0.534865  0.448156  0.642996  0.344167  0.448570  0.374013  0.392723  0.290329  0.516186  0.488671  0.516639  0.594003  0.408291  0.526148  0.537482  0.552361  0.585068  0.454869  0.433082  0.469946  0.359312  0.338273  0.407547  0.355225  0.495419  0.607497  0.591297  0.549194  0.416744  0.650055  0.457108  0.598195  0.400344  0.324679  0.367111  0.343154  0.354227  0.498089  0.406648  0.549638  0.423976  0.507356  0.597707  0.458148  0.530521  0.561273  0.538661  0.517412  0.510643  0.630813  0.479615  0.618308  0.623127  0.427557  0.614411  0.352697  0.623261  0.589723  0.429877  0.569827  0.643703  0.552750  0.654795  0.650506  0.560954  0.635257  0.353227  0.539019  0.424811  0.560645  0.534641  0.508614  0.466591  0.471515  0.550103  0.556377  0.509295  0.610959  0.493258  0.561020  0.387526  0.345082  0.624293  0.433190  0.476123  0.390137  0.550356  0.565656  0.383849  0.417634  0.572478  0.355135  0.503091  0.428972  0.621907  0.348156  0.394137  0.500296  0.396889  0.311975  0.440062  0.504392  0.543968  0.350832  0.385152  0.301708  0.529443  0.516446  0.516135  0.644180  0.566965  0.670246  0.652648  0.623027  0.668573  0.313130  0.347639  0.374300  0.417345  0.515394  0.529693  0.382152  0.489652  0.589826  0.320656  0.573508  0.532903  0.414860  0.524062  0.737656  0.563610  0.457637  0.534069  0.323019  0.548931  0.479794  0.544465  0.596018  0.351272 
13  0.587122  0.430977  0.468041  0.603716  0.533665  0.550647  0.579493  0.415387  0.549035  0.450777  0.631030  0.433187  0.476860 0.0  0.487916  0.473845  0.324674  0.499211  0.502844  0.421196  0.615599  0.488371  0.426968  0.537560  0.621498  0.488207  0.431345  0.586134  0.602278  0.462175  0.601561  0.383506  0.540511  0.526274  0.624942  0.490388  0.479348  0.485360  0.383726  0.444901  0.415812  0.623205  0.579295  0.507654  0.603226  0.582227  0.450621  0.521382  0.513175  0.428273  0.499425  0.566508  0.506241  0.399274  0.561572  0.532434  0.472860  0.580569  0.656918  0.485084  0.469370  0.492327  0.511364  0.443359  0.492583  0.445443  0.468934  0.465056  0.519811  0.782534  0.466617  0.491375  0.574452  0.415976  0.419796  0.452053  0.552347  0.552494  0.558425  0.449617  0.496389  0.438225  0.530210  0.632795  0.639475  0.391756  0.469216  0.515321  0.495007  0.422762  0.446673  0.404472  0.539884  0.499738  0.458514  0.619983  0.457340  0.523133  0.542652  0.436531  0.531439  0.565666  0.619116  0.571752  0.526280  0.493445  0.421856  0.505161  0.533100  0.553998  0.513800  0.441900  0.501081  0.524910  0.575200  0.437206  0.585001  0.608140  0.563269  0.558450  0.504684  0.555015  0.533026  0.440672  0.535365  0.479496  0.481340  0.445831  0.598169  0.526869  0.398901  0.425810  0.449833  0.412956  0.429652  0.579754  0.367126  0.532515  0.447822  0.355380  0.462306  0.430657  0.496154  0.474064  0.500526  0.472045  0.490807  0.517834  0.501593  0.540152  0.476224  0.516619  0.561984  0.496724  0.489750  0.519957  0.541610  0.432202  0.520264  0.412518  0.546755  0.483781  0.547588  0.486858  0.600054  0.492152  0.554217  0.702588  0.591446  0.559358  0.504754  0.557550  0.554770  0.454141  0.558435  0.486717  0.503860  0.461110  0.548249  0.669742  0.386165  0.425867  0.483979  0.481969  0.378530  0.655964  0.506675  0.455793  0.508951  0.526948  0.533575  0.513176  0.626271  0.489465  0.494158  0.568846  0.557585 
14  0.519331  0.540397  0.546184  0.656842  0.571101  0.477400  0.558814  0.546977  0.590077  0.428184  0.495710  0.560072  0.543252  0.487916 0.0  0.662599  0.607646  0.547501  0.505185  0.460382  0.575369  0.522494  0.500333  0.512136  0.459763  0.536505  0.511882  0.594234  0.478722  0.487283  0.587522  0.562173  0.579184  0.482140  0.506587  0.498630  0.542207  0.469868  0.560568  0.491531  0.532020  0.580371  0.600620  0.741709  0.570587  0.496407  0.526045  0.582401  0.555567  0.611877  0.491668  0.523343  0.528306  0.638920  0.543814  0.566839  0.578161  0.570054  0.594599  0.490912  0.558419  0.610819  0.525215  0.592790  0.552038  0.573195  0.646709  0.591086  0.602115  0.621401  0.534783  0.622846  0.544200  0.554484  0.535365  0.526898  0.537528  0.548688  0.547744  0.565545  0.607218  0.520284  0.494660  0.574714  0.678084  0.548118  0.558273  0.531086  0.554757  0.487873  0.593492  0.515614  0.479577  0.541054  0.565502  0.626470  0.529167  0.580771  0.605658  0.667868  0.598633  0.559876  0.585253  0.614627  0.496056  0.578823  0.548598  0.463335  0.550526  0.598989  0.440052  0.597054  0.562748  0.548793  0.570037  0.485393  0.518014  0.509088  0.554390  0.599561  0.638438  0.652956  0.618767  0.576297  0.680734  0.642414  0.641955  0.506132  0.517741  0.523058  0.563546  0.542681  0.513891  0.562757  0.518227  0.498494  0.538118  0.597230  0.428881  0.551610  0.695205  0.547270  0.628238  0.533696  0.558455  0.527279  0.584524  0.571754  0.501670  0.549457  0.511507  0.538612  0.568653  0.616515  0.523118  0.555219  0.576567  0.655234  0.566233  0.576528  0.539518  0.528285  0.599590  0.515056  0.539434  0.490773  0.586700  0.533313  0.540797  0.570688  0.567880  0.614299  0.517657  0.585422  0.692350  0.643892  0.608258  0.589368  0.551780  0.486570  0.474012  0.562667  0.532364  0.531562  0.525816  0.647070  0.518425  0.519133  0.622910  0.549135  0.528075  0.573887  0.546782  0.453880  0.587673  0.661221  0.583490 
15  0.499995  0.388116  0.654636  0.454083  0.636397  0.577060  0.621708  0.487185  0.570784  0.697443  0.609183  0.553499  0.385334  0.473845  0.662599 0.0  0.591427  0.420419  0.577911  0.392731  0.741824  0.521202  0.530762  0.539193  0.575700  0.498756  0.372355  0.506302  0.702036  0.641235  0.464730  0.428334  0.612114  0.509988  0.593554  0.542793  0.621321  0.560892  0.501160  0.535272  0.520824  0.707418  0.516518  0.641217  0.565518  0.541808  0.557401  0.542928  0.614348  0.586833  0.561998  0.510750  0.550531  0.592658  0.544774  0.504060  0.601730  0.513596  0.656901  0.588504  0.694524  0.436392  0.554363  0.408332  0.421172  0.373288  0.512839  0.550738  0.601398  0.622141  0.341073  0.581681  0.499940  0.599844  0.560666  0.467606  0.413305  0.733745  0.324635  0.403270  0.353947  0.405835  0.643894  0.643185  0.579627  0.603249  0.513123  0.607299  0.491255  0.486745  0.509765  0.423753  0.432614  0.383678  0.345689  0.590485  0.468546  0.662689  0.394578  0.616754  0.566493  0.543002  0.603057  0.623648  0.510994  0.589082  0.588251  0.658938  0.487560  0.703690  0.595742  0.540997  0.598198  0.451873  0.603776  0.690943  0.399438  0.603915  0.606863  0.578218  0.523243  0.528060  0.510601  0.543373  0.430049  0.624733  0.450293  0.657037  0.525249  0.443711  0.526489  0.457172  0.534737  0.512290  0.516057  0.467904  0.469036  0.790337  0.501751  0.413705  0.691114  0.415790  0.554122  0.400050  0.541045  0.529371  0.527017  0.464870  0.505987  0.477949  0.565564  0.413939  0.646249  0.405350  0.412290  0.559150  0.457212  0.438614  0.421335  0.456884  0.497503  0.417080  0.389238  0.381090  0.569262  0.538335  0.560365  0.653309  0.598874  0.616835  0.640221  0.580117  0.581417  0.348212  0.441860  0.373221  0.410635  0.513487  0.582466  0.482228  0.441642  0.533168  0.445054  0.514259  0.574705  0.464240  0.484704  0.461230  0.710383  0.630427  0.515254  0.437284  0.507855  0.435862  0.566495  0.663943  0.456360 
16  0.333033  0.488824  0.475734  0.672869  0.395407  0.395831  0.544358  0.420689  0.630252  0.366446  0.622233  0.387935  0.522367  0.324674  0.607646  0.591427 0.0  0.493320  0.680617  0.514627  0.631362  0.506894  0.484368  0.491784  0.518392  0.495029  0.443899  0.501851  0.481235  0.609385  0.634286  0.426039  0.545509  0.364785  0.694251  0.540939  0.618935  0.710389  0.432159  0.493005  0.530172  0.800078  0.537986  0.402840  0.544009  0.375239  0.466093  0.662699  0.474131  0.306580  0.576531  0.571824  0.448989  0.401692  0.580645  0.445163  0.369750  0.483238  0.754570  0.607791  0.369967  0.545483  0.396193  0.445202  0.535247  0.452659  0.406566  0.537436  0.287393  0.822192  0.421869  0.460510  0.645309  0.284546  0.528978  0.441471  0.552120  0.458335  0.487659  0.458781  0.522862  0.566539  0.523673  0.625077  0.670317  0.501157  0.433673  0.474472  0.376422  0.584369  0.463792  0.409378  0.604436  0.570344  0.494918  0.405443  0.455871  0.423095  0.666869  0.327893  0.645296  0.640690  0.586555  0.517727  0.515506  0.536513  0.289623  0.709011  0.376196  0.269174  0.418005  0.391143  0.498993  0.426773  0.631290  0.614150  0.513011  0.553608  0.452286  0.667661  0.489132  0.567954  0.463945  0.298134  0.507977  0.430324  0.594394  0.326485  0.554928  0.470852  0.487230  0.492171  0.454298  0.458513  0.438246  0.364793  0.396647  0.459943  0.463924  0.325704  0.574097  0.408255  0.524637  0.553469  0.397185  0.211769  0.409780  0.452105  0.615008  0.660240  0.495333  0.611149  0.488824  0.507557  0.623739  0.446564  0.594624  0.477779  0.575031  0.593434  0.538641  0.542120  0.592635  0.413413  0.586087  0.436973  0.454598  0.569752  0.499191  0.645792  0.584885  0.622125  0.619655  0.448074  0.635097  0.537486  0.511637  0.460332  0.479685  0.498028  0.411638  0.450709  0.419287  0.373352  0.630937  0.563549  0.571325  0.617811  0.538955  0.487250  0.659910  0.429824  0.480490  0.545831  0.665877  0.591471  0.453874 
17  0.464477  0.405554  0.524674  0.394372  0.547875  0.574695  0.466637  0.607987  0.582455  0.736261  0.581545  0.525033  0.315360  0.499211  0.547501  0.420419  0.493320 0.0  0.657450  0.384865  0.574137  0.469915  0.556924  0.599254  0.603692  0.525896  0.301835  0.503976  0.708314  0.674094  0.473155  0.290375  0.565303  0.433099  0.623655  0.598628  0.534207  0.671389  0.370030  0.676480  0.553015  0.653425  0.542262  0.574460  0.566851  0.591755  0.529457  0.554392  0.505059  0.505167  0.491387  0.616987  0.460541  0.591709  0.540877  0.518531  0.598612  0.549525  0.601169  0.521239  0.603545  0.352364  0.462903  0.299759  0.395929  0.330868  0.538102  0.440159  0.607681  0.715118  0.352457  0.646806  0.639634  0.500769  0.607391  0.327990  0.484838  0.661644  0.314776  0.322227  0.366695  0.316523  0.525070  0.720861  0.551401  0.651571  0.455370  0.571913  0.482768  0.629459  0.498488  0.387453  0.416732  0.373566  0.332623  0.578117  0.397509  0.532786  0.395337  0.466477  0.627804  0.541171  0.507248  0.614049  0.559564  0.544141  0.461738  0.547887  0.593133  0.626917  0.658920  0.556553  0.566657  0.515126  0.619605  0.814870  0.344585  0.488306  0.493073  0.545208  0.493014  0.667574  0.398048  0.591692  0.383000  0.569361  0.328491  0.622258  0.507934  0.520246  0.472758  0.506466  0.478620  0.533932  0.510773  0.670739  0.464250  0.728967  0.311804  0.314195  0.522550  0.407812  0.554921  0.404822  0.568458  0.558171  0.353683  0.364745  0.583355  0.457335  0.517786  0.432395  0.599281  0.205134  0.368229  0.532618  0.432502  0.329568  0.351547  0.543224  0.479802  0.337398  0.305069  0.302993  0.534473  0.526680  0.467474  0.595784  0.604588  0.546551  0.549304  0.663039  0.554735  0.276113  0.481034  0.307115  0.391032  0.545596  0.626217  0.346400  0.488058  0.477094  0.321273  0.632504  0.647046  0.378074  0.688520  0.580725  0.512908  0.551041  0.463936  0.367184  0.573814  0.395712  0.564784  0.547652  0.396742 
18  0.708914  0.587169  0.584306  0.554920  0.536359  0.552658  0.526171  0.557652  0.480073  0.641429  0.603678  0.644825  0.609783  0.502844  0.505185  0.577911  0.680617  0.657450 0.0  0.604922  0.668458  0.584809  0.599324  0.611120  0.540314  0.630701  0.600486  0.483192  0.605990  0.575674  0.667801  0.711838  0.602706  0.487522  0.603717  0.503653  0.592004  0.639268  0.552902  0.579176  0.504280  0.511202  0.646957  0.663123  0.484865  0.611353  0.513485  0.625457  0.512209  0.635665  0.577145  0.628642  0.615284  0.600811  0.662876  0.659990  0.583217  0.611720  0.594287  0.570975  0.561131  0.628426  0.624831  0.626994  0.599098  0.572666  0.510156  0.364718  0.612839  0.739540  0.620112  0.655114  0.539649  0.673872  0.612821  0.519323  0.721926  0.651879  0.610922  0.547600  0.740137  0.606214  0.523032  0.565408  0.593447  0.604414  0.447606  0.597739  0.710343  0.567975  0.536341  0.677360  0.574153  0.728497  0.522958  0.583676  0.486840  0.688479  0.717524  0.557319  0.687564  0.491040  0.520289  0.675401  0.511524  0.593681  0.657449  0.569002  0.561938  0.710900  0.512362  0.614905  0.686603  0.583320  0.521328  0.584393  0.687560  0.561748  0.522897  0.532754  0.571745  0.580847  0.846600  0.567974  0.645576  0.638807  0.567573  0.631042  0.661116  0.597253  0.621278  0.453861  0.561708  0.637324  0.463652  0.601855  0.578572  0.610463  0.584628  0.657862  0.556959  0.617407  0.718793  0.496270  0.701078  0.647303  0.764555  0.727054  0.542208  0.456486  0.499931  0.567046  0.631916  0.656055  0.552359  0.549495  0.595571  0.660587  0.599815  0.518388  0.656742  0.624100  0.694899  0.540612  0.587735  0.466621  0.505482  0.646999  0.708032  0.658429  0.543941  0.773197  0.584471  0.749405  0.596179  0.562524  0.662978  0.594305  0.537296  0.658341  0.707891  0.660734  0.658003  0.611877  0.566095  0.715256  0.465547  0.696070  0.518228  0.529272  0.575721  0.607741  0.608777  0.679720  0.632391  0.514076  0.814244 
19  0.443418  0.343297  0.571623  0.420543  0.610700  0.558070  0.556354  0.531800  0.539525  0.581762  0.608303  0.544758  0.394736  0.421196  0.460382  0.392731  0.514627  0.384865  0.604922 0.0  0.593446  0.493013  0.486441  0.559187  0.649170  0.444679  0.417607  0.554841  0.645313  0.628045  0.370670  0.343012  0.477858  0.507491  0.531150  0.543648  0.673637  0.567918  0.458612  0.535506  0.531889  0.703299  0.641398  0.702416  0.636918  0.570079  0.489840  0.542803  0.631063  0.550107  0.528172  0.435036  0.412549  0.573020  0.521887  0.635619  0.650305  0.565245  0.582239  0.532640  0.609354  0.392180  0.572050  0.386070  0.426185  0.358006  0.501604  0.511191  0.579580  0.746767  0.402426  0.671748  0.523260  0.625950  0.641670  0.316000  0.484511  0.486860  0.324461  0.343258  0.384515  0.434684  0.548610  0.574597  0.652032  0.495970  0.569782  0.516459  0.561720  0.591028  0.515494  0.347439  0.396454  0.441982  0.350462  0.597973  0.377041  0.440526  0.432256  0.575978  0.595038  0.499260  0.520196  0.560915  0.575969  0.589092  0.612348  0.633292  0.501246  0.555683  0.471471  0.626791  0.591767  0.449743  0.552131  0.543807  0.347794  0.534234  0.580162  0.518362  0.551864  0.637183  0.555707  0.469870  0.418190  0.592076  0.364849  0.536571  0.510693  0.510127  0.481354  0.493060  0.542079  0.468100  0.480421  0.563245  0.444058  0.487814  0.411458  0.361517  0.686146  0.397777  0.501242  0.395080  0.499190  0.520299  0.447832  0.441762  0.487850  0.358479  0.538637  0.476611  0.591125  0.363824  0.356162  0.554586  0.377604  0.329286  0.414096  0.532733  0.632570  0.292491  0.435261  0.400310  0.602213  0.535004  0.501229  0.643752  0.651398  0.565415  0.562050  0.822153  0.630852  0.376290  0.432372  0.389509  0.395888  0.559656  0.553868  0.403152  0.564385  0.540527  0.314895  0.571276  0.506346  0.350440  0.479139  0.556925  0.611278  0.517978  0.521090  0.406849  0.518825  0.407974  0.586162  0.642412  0.471959 
