197
0 0.0  0.530655  0.571174  0.488028  0.431811  0.509851  0.506386  0.539104  0.685116  0.668980  0.574653  0.498769  0.470910  0.486738  0.462350  0.727965  0.386377  0.519837  0.621367  0.580620  0.503166  0.532359  0.528704  0.611005  0.476686  0.668299  0.463916  0.598611  0.490128  0.661199  0.576146  0.415553  0.571559  0.447173  0.366529  0.627023  0.470834  0.464960  0.476321  0.629086  0.552026  0.579476  0.722626  0.607883  0.589416  0.489808  0.514313  0.558223  0.458646  0.504024  0.467125  0.572332  0.416447  0.516489  0.430030  0.646068  0.554908  0.766458  0.515650  0.569863  0.555655  0.562987  0.580573  0.538025  0.532594  0.550390  0.556204  0.600879  0.468511  0.669426  0.552406  0.590628  0.338208  0.466759  0.757279  0.470379  0.530035  0.563799  0.516963  0.628419  0.569245  0.478459  0.591438  0.615671  0.581721  0.668764  0.455933  0.626440  0.554926  0.564289  0.629260  0.533043  0.536912  0.494174  0.557302  0.618609  0.402790  0.502896  0.542301  0.530577  0.599715  0.557273  0.452935  0.604644  0.700371  0.494330  0.511376  0.725738  0.578824  0.480438  0.570102  0.640938  0.503866  0.424546  0.677014  0.553040  0.467564  0.638077  0.582181  0.511232  0.650670  0.609993  0.574066  0.549394  0.494069  0.548059  0.554662  0.584575  0.602792  0.558882  0.522394  0.590744  0.706310  0.375798  0.529917  0.487743  0.556332  0.512151  0.299755  0.412613  0.521982  0.361529  0.685782  0.553732  0.542103  0.496115  0.377852  0.542419  0.615386  0.622563  0.596001  0.582632  0.575063  0.465657  0.522469  0.615686  0.608779  0.585402  0.590305  0.715467  0.655514  0.475641  0.503406  0.491683  0.626101  0.455704  0.405020  0.620187  0.568225  0.705691  0.673459  0.639092  0.530462  0.565061  0.529955  0.597604  0.515032  0.530440  0.590354  0.516780  0.368872  0.556357  0.433404  0.507344  0.517594  0.606478  0.713587  0.719903  0.481441  0.519013  0.505913  0.587575  0.590305  0.499665  0.713664  0.673028  0.447258 
1  0.530655 0.0  0.628158  0.478269  0.577396  0.616964  0.590940  0.575603  0.584189  0.494715  0.475089  0.516791  0.409458  0.489382  0.563325  0.497192  0.567762  0.424303  0.565476  0.297336  0.592078  0.595290  0.482318  0.672182  0.568858  0.531379  0.411315  0.617310  0.566178  0.696909  0.492613  0.392230  0.644203  0.491126  0.527533  0.566403  0.555973  0.473572  0.458654  0.604338  0.493850  0.551123  0.592767  0.679425  0.555976  0.595615  0.505790  0.602994  0.633537  0.572560  0.479228  0.467674  0.536771  0.582130  0.509795  0.578510  0.579501  0.557692  0.575636  0.461638  0.517774  0.370523  0.439694  0.372168  0.461013  0.377714  0.510170  0.517174  0.638068  0.714578  0.380214  0.638457  0.607618  0.519407  0.493909  0.366127  0.498474  0.547124  0.422992  0.391320  0.433521  0.408116  0.561607  0.584974  0.558023  0.616018  0.467685  0.528597  0.576142  0.523271  0.760318  0.357847  0.411185  0.448422  0.338683  0.579776  0.317328  0.494458  0.468739  0.548451  0.594931  0.584441  0.495296  0.598426  0.568273  0.570227  0.524042  0.553937  0.595802  0.705114  0.618431  0.612324  0.597950  0.461676  0.550295  0.623927  0.417124  0.584098  0.517885  0.535318  0.537388  0.672542  0.527658  0.556372  0.333931  0.529728  0.380453  0.583233  0.519247  0.517039  0.573192  0.491780  0.568401  0.536583  0.581616  0.494060  0.507309  0.596127  0.399236  0.395355  0.565291  0.506640  0.591300  0.390801  0.547390  0.566509  0.469780  0.424334  0.463623  0.366104  0.544584  0.416686  0.649790  0.395883  0.457068  0.528358  0.383844  0.397531  0.465081  0.591741  0.754777  0.370027  0.481795  0.383076  0.581223  0.562638  0.563022  0.686745  0.644112  0.597871  0.648087  0.659090  0.661794  0.385694  0.483088  0.446592  0.423911  0.433433  0.634526  0.448533  0.514242  0.575326  0.340752  0.602028  0.513204  0.467544  0.504828  0.559593  0.587591  0.501251  0.524685  0.453093  0.647567  0.411158  0.468987  0.657844  0.523452 
2  0.571174  0.628158 0.0  0.728607  0.533973  0.611514  0.620370  0.500126  0.685827  0.564282  0.574135  0.460675  0.657831  0.521034  0.475168  0.702737  0.510646  0.620284  0.644023  0.582392  0.598245  0.485238  0.471945  0.556308  0.504339  0.640121  0.590145  0.516085  0.508711  0.537016  0.658180  0.641522  0.544313  0.534477  0.638217  0.577674  0.491181  0.495588  0.507644  0.417863  0.544263  0.649373  0.527810  0.499694  0.573357  0.542797  0.708640  0.629537  0.488437  0.485513  0.580326  0.487639  0.574123  0.433509  0.688958  0.573843  0.577662  0.552433  0.476676  0.504816  0.503466  0.535382  0.470300  0.593647  0.624810  0.567437  0.461526  0.518861  0.494940  0.783146  0.543291  0.573110  0.640956  0.508468  0.532773  0.556309  0.619645  0.575012  0.626303  0.587820  0.590916  0.647791  0.534935  0.634800  0.589139  0.526589  0.464585  0.396291  0.579717  0.544330  0.618086  0.575646  0.602661  0.686136  0.552675  0.566007  0.441630  0.533495  0.628234  0.543959  0.704603  0.581178  0.557218  0.564831  0.481010  0.572100  0.519967  0.542817  0.523574  0.518868  0.540806  0.492463  0.527386  0.413559  0.500195  0.533035  0.562579  0.624445  0.571221  0.654389  0.525299  0.622386  0.482793  0.372696  0.641548  0.450942  0.564844  0.526771  0.506203  0.621927  0.552352  0.528586  0.575083  0.518141  0.543012  0.536556  0.456847  0.519138  0.620795  0.549895  0.505582  0.693433  0.494731  0.628803  0.560356  0.510845  0.634972  0.473442  0.552373  0.536586  0.536868  0.626011  0.558128  0.613272  0.606382  0.552906  0.635586  0.535429  0.637505  0.484735  0.631799  0.580680  0.621542  0.508804  0.733902  0.451473  0.578290  0.571423  0.492425  0.605848  0.578555  0.542342  0.603172  0.689192  0.593848  0.589812  0.488230  0.474888  0.595654  0.628937  0.528502  0.543101  0.652896  0.472610  0.582475  0.572438  0.506465  0.595173  0.598147  0.572126  0.675315  0.632252  0.525920  0.555529  0.473777  0.776681  0.689629 
3  0.488028  0.478269  0.728607 0.0  0.716342  0.527639  0.538784  0.636422  0.644984  0.725900  0.642793  0.678925  0.427164  0.551062  0.504260  0.510767  0.570904  0.385558  0.625216  0.459902  0.638152  0.643728  0.580953  0.724816  0.589442  0.513661  0.455150  0.655774  0.613192  0.672261  0.427318  0.397152  0.584082  0.547043  0.684560  0.683325  0.711070  0.676855  0.666724  0.651744  0.578494  0.514798  0.603486  0.784725  0.576271  0.520636  0.674570  0.565301  0.563595  0.579576  0.681825  0.563930  0.662979  0.687071  0.617807  0.635128  0.686798  0.657095  0.615120  0.565794  0.679410  0.444845  0.678169  0.464593  0.470816  0.369590  0.655130  0.686922  0.618601  0.791841  0.500273  0.716834  0.633644  0.753863  0.820953  0.479203  0.421836  0.651433  0.479896  0.559091  0.472016  0.464054  0.650747  0.577110  0.531056  0.606326  0.539784  0.695871  0.559649  0.703162  0.615233  0.488490  0.407392  0.549520  0.453506  0.647545  0.427404  0.732542  0.471632  0.570178  0.625160  0.664429  0.570874  0.579859  0.545213  0.588985  0.599586  0.782460  0.467865  0.648168  0.605925  0.643389  0.524657  0.580234  0.561118  0.721947  0.409925  0.624450  0.484378  0.574950  0.620894  0.643215  0.554483  0.635338  0.446111  0.657623  0.394031  0.688980  0.597226  0.443477  0.626826  0.604484  0.692800  0.585073  0.598580  0.648173  0.692716  0.648997  0.398957  0.408300  0.699584  0.685072  0.633460  0.376766  0.738139  0.593896  0.517414  0.474680  0.549018  0.438207  0.566136  0.422055  0.641193  0.495594  0.482195  0.654382  0.406065  0.484991  0.432907  0.672408  0.675641  0.417183  0.467842  0.423351  0.636815  0.534690  0.508924  0.709138  0.568998  0.784061  0.663676  0.716600  0.609488  0.469745  0.507270  0.516152  0.419858  0.571765  0.683390  0.462470  0.539664  0.617214  0.363930  0.510665  0.685362  0.381904  0.740233  0.602771  0.635448  0.496678  0.543446  0.461094  0.566501  0.374348  0.834851  0.540444  0.540404 
4  0.431811  0.577396  0.533973  0.716342 0.0  0.520359  0.523872  0.529147  0.680812  0.505092  0.551595  0.577755  0.535640  0.469285  0.582421  0.626779  0.396490  0.600011  0.702992  0.595401  0.511521  0.680727  0.594974  0.547270  0.483681  0.603138  0.614803  0.518462  0.352786  0.667820  0.643910  0.596994  0.434670  0.497756  0.507485  0.606597  0.533732  0.551415  0.563599  0.463991  0.628463  0.563817  0.619870  0.374538  0.591934  0.418790  0.533829  0.640345  0.503304  0.603229  0.521520  0.556240  0.548770  0.517190  0.639610  0.558265  0.516196  0.596918  0.624352  0.488486  0.487884  0.558417  0.560452  0.821393  0.580414  0.728568  0.491137  0.575458  0.366196  0.760048  0.627239  0.563323  0.535128  0.419862  0.707910  0.637707  0.576366  0.568094  0.686876  0.692093  0.582210  0.660925  0.559977  0.599233  0.567679  0.650444  0.537998  0.642977  0.648987  0.602088  0.667682  0.622939  0.536864  0.532942  0.616809  0.522659  0.586209  0.526134  0.637711  0.639380  0.598256  0.534811  0.536404  0.532550  0.550097  0.552969  0.420094  0.641336  0.448702  0.515346  0.510102  0.482429  0.608935  0.529419  0.640961  0.399715  0.581772  0.646061  0.627517  0.660080  0.527328  0.582973  0.662236  0.583534  0.627377  0.395015  0.603061  0.498198  0.602350  0.528483  0.634750  0.481709  0.572115  0.546231  0.569812  0.563994  0.532502  0.682015  0.471442  0.668090  0.617929  0.493371  0.523900  0.626054  0.452565  0.533633  0.677162  0.702133  0.549197  0.753236  0.806809  0.594459  0.555344  0.714454  0.755143  0.577857  0.505152  0.680819  0.735740  0.629788  0.541372  0.544894  0.750575  0.564666  0.649668  0.520837  0.378079  0.453796  0.574670  0.708255  0.628475  0.550028  0.513322  0.724252  0.522607  0.750915  0.682026  0.565672  0.507680  0.684833  0.541005  0.473140  0.596780  0.567080  0.514292  0.589549  0.636452  0.682258  0.444641  0.523789  0.429360  0.550875  0.654109  0.622539  0.611246  0.675336  0.749896 
5  0.509851  0.616964  0.611514  0.527639  0.520359 0.0  0.736737  0.456828  0.643713  0.502567  0.581574  0.670524  0.615531  0.550992  0.508270  0.654877  0.562106  0.530132  0.540337  0.549754  0.588806  0.632353  0.599142  0.611141  0.631382  0.505625  0.497529  0.536404  0.564128  0.645653  0.538718  0.613548  0.438185  0.484663  0.534071  0.599737  0.541299  0.640216  0.670429  0.659011  0.499784  0.561268  0.537505  0.557923  0.615801  0.442889  0.609901  0.624306  0.521640  0.555074  0.616070  0.506175  0.509443  0.430975  0.635329  0.421899  0.623277  0.525592  0.585159  0.530315  0.594445  0.565356  0.552427  0.523269  0.532659  0.647265  0.646651  0.582502  0.505186  0.700304  0.651319  0.445767  0.537896  0.532593  0.626138  0.605490  0.509718  0.632434  0.567958  0.602659  0.528998  0.494440  0.654560  0.592598  0.597707  0.507152  0.531648  0.587390  0.630902  0.447773  0.685270  0.499163  0.471365  0.610821  0.621408  0.663089  0.535619  0.436994  0.535455  0.584686  0.622500  0.586154  0.553146  0.739182  0.417237  0.494519  0.460890  0.519005  0.653369  0.485620  0.503566  0.510898  0.522615  0.496902  0.603219  0.515801  0.482306  0.537276  0.506045  0.634884  0.584043  0.540358  0.632970  0.541533  0.617614  0.572335  0.550221  0.529981  0.473887  0.540530  0.561596  0.573338  0.613191  0.549796  0.577666  0.595914  0.666117  0.517439  0.556293  0.488037  0.571542  0.496315  0.607325  0.547060  0.582924  0.582837  0.617908  0.607786  0.575369  0.524142  0.533874  0.539679  0.536123  0.667781  0.527048  0.607549  0.636421  0.577165  0.592448  0.642763  0.613353  0.559834  0.590138  0.493798  0.492543  0.554411  0.516873  0.600364  0.546896  0.564837  0.559062  0.517683  0.436348  0.606366  0.591275  0.711276  0.496421  0.642372  0.590719  0.555677  0.443349  0.648887  0.537766  0.661032  0.614877  0.589148  0.510176  0.492284  0.592283  0.495927  0.643714  0.634114  0.489126  0.492410  0.489864  0.553946  0.554216 
6  0.506386  0.590940  0.620370  0.538784  0.523872  0.736737 0.0  0.552438  0.465305  0.622358  0.575151  0.409466  0.523021  0.571611  0.587790  0.571621  0.519614  0.524235  0.576935  0.644299  0.571345  0.581176  0.483576  0.588551  0.533533  0.553475  0.531641  0.574433  0.499771  0.628147  0.556701  0.594052  0.529217  0.571426  0.491047  0.660386  0.506030  0.540301  0.535729  0.524582  0.613328  0.605308  0.562831  0.634448  0.538044  0.480760  0.641012  0.577604  0.655442  0.512216  0.654416  0.589076  0.604066  0.552544  0.574096  0.615965  0.701937  0.647507  0.604146  0.609832  0.540382  0.682430  0.577516  0.565089  0.514487  0.481505  0.509997  0.664248  0.602463  0.644679  0.479199  0.732940  0.517094  0.572795  0.624292  0.554286  0.518270  0.584261  0.538594  0.594304  0.531675  0.597354  0.587912  0.487270  0.636712  0.592939  0.517121  0.598557  0.501410  0.500373  0.550986  0.525759  0.420765  0.679533  0.539614  0.591500  0.479840  0.617533  0.453653  0.565674  0.585703  0.562321  0.625716  0.417484  0.494321  0.623414  0.514378  0.651863  0.574357  0.571295  0.574790  0.580899  0.524402  0.557689  0.605161  0.625383  0.609695  0.636713  0.499952  0.567287  0.571880  0.600920  0.516233  0.517601  0.490396  0.583268  0.538632  0.617692  0.641038  0.590626  0.552492  0.561878  0.481471  0.538213  0.550510  0.610931  0.501477  0.542197  0.512096  0.546347  0.563808  0.509681  0.542948  0.554083  0.589876  0.599698  0.599110  0.586766  0.549594  0.612460  0.563582  0.518642  0.491665  0.492514  0.606074  0.575231  0.607347  0.496645  0.445306  0.551511  0.627029  0.459237  0.573144  0.492137  0.572074  0.427028  0.520546  0.564276  0.588355  0.449794  0.623241  0.573572  0.516957  0.447196  0.603315  0.488040  0.679650  0.488015  0.653060  0.561862  0.555393  0.550648  0.526213  0.509396  0.476197  0.538841  0.575894  0.620442  0.504114  0.528853  0.548811  0.613499  0.612198  0.503635  0.588409  0.617173  0.465596 
7  0.539104  0.575603  0.500126  0.636422  0.529147  0.456828  0.552438 0.0  0.496769  0.509134  0.594472  0.459792  0.667757  0.435742  0.583404  0.574202  0.445292  0.571626  0.587768  0.559383  0.499517  0.547753  0.468486  0.393529  0.511464  0.576956  0.554428  0.646423  0.504793  0.520579  0.563659  0.567594  0.459695  0.448865  0.544150  0.515056  0.548354  0.579095  0.541481  0.483268  0.643630  0.488479  0.637372  0.456525  0.679513  0.518019  0.424324  0.512057  0.417190  0.437836  0.536815  0.545931  0.505956  0.423401  0.705570  0.430500  0.615820  0.454187  0.555048  0.532364  0.512058  0.588031  0.454509  0.681454  0.561130  0.558018  0.330042  0.457311  0.424871  0.879879  0.652521  0.358370  0.577000  0.424838  0.652555  0.688389  0.509282  0.554139  0.678612  0.583979  0.567987  0.657517  0.543467  0.705481  0.553248  0.547358  0.451206  0.320628  0.419099  0.466341  0.516312  0.547581  0.479804  0.656909  0.644495  0.689812  0.601650  0.379236  0.656641  0.380341  0.489267  0.644974  0.538737  0.625322  0.481603  0.561925  0.453147  0.638739  0.417868  0.481984  0.574032  0.479134  0.510287  0.388376  0.656367  0.485265  0.592663  0.595296  0.589208  0.529923  0.554088  0.462807  0.606075  0.518451  0.554943  0.344382  0.629568  0.586755  0.585957  0.397993  0.555472  0.540639  0.479955  0.488023  0.412731  0.455591  0.583709  0.552105  0.503100  0.457118  0.428790  0.557145  0.565331  0.646491  0.464883  0.507921  0.580307  0.593771  0.572074  0.528018  0.415928  0.589074  0.531339  0.654043  0.612447  0.612242  0.679944  0.547777  0.645018  0.572892  0.450079  0.616063  0.622824  0.593308  0.633197  0.486980  0.470955  0.657796  0.531591  0.721041  0.503762  0.507177  0.691976  0.663198  0.706667  0.629719  0.570441  0.444948  0.568875  0.762633  0.521975  0.564295  0.552845  0.476924  0.475488  0.495858  0.409656  0.584121  0.583304  0.513917  0.600677  0.590558  0.443536  0.644401  0.555353  0.504656  0.562348 
8  0.685116  0.584189  0.685827  0.644984  0.680812  0.643713  0.465305  0.496769 0.0  0.601548  0.519887  0.551595  0.566587  0.573320  0.597953  0.529371  0.631943  0.504099  0.525909  0.645678  0.726012  0.506986  0.574644  0.502397  0.578432  0.667305  0.498785  0.537661  0.755834  0.542963  0.642256  0.638360  0.581299  0.506779  0.731758  0.481396  0.575496  0.600719  0.534986  0.548097  0.530307  0.628248  0.560969  0.599331  0.546180  0.632787  0.697635  0.499250  0.474171  0.555189  0.684162  0.537902  0.567263  0.661894  0.591666  0.702684  0.657989  0.629121  0.669414  0.704448  0.667617  0.560756  0.543137  0.602565  0.614384  0.622304  0.479737  0.484106  0.600412  0.606521  0.574010  0.524863  0.610233  0.655754  0.569473  0.558792  0.668322  0.610753  0.592242  0.593980  0.537088  0.515735  0.625772  0.652496  0.583029  0.508384  0.496754  0.392114  0.606919  0.428689  0.442411  0.588219  0.558539  0.642353  0.609685  0.601210  0.577636  0.597071  0.572076  0.410730  0.555905  0.529719  0.554458  0.643878  0.557082  0.570916  0.669125  0.501947  0.551542  0.728386  0.603714  0.593322  0.655783  0.540548  0.581891  0.704047  0.633348  0.566969  0.546346  0.534538  0.603615  0.524639  0.581696  0.615744  0.499560  0.558417  0.675845  0.725633  0.520990  0.558418  0.595554  0.473175  0.481881  0.640444  0.438327  0.712664  0.628104  0.637709  0.653118  0.670171  0.511454  0.550935  0.612747  0.671349  0.651412  0.680666  0.683483  0.679189  0.492830  0.649712  0.466012  0.582319  0.603929  0.547060  0.595914  0.577113  0.606195  0.503895  0.600502  0.546287  0.461756  0.563356  0.536539  0.531186  0.568819  0.523695  0.578832  0.641872  0.585110  0.495494  0.486045  0.618245  0.635450  0.596853  0.541173  0.431475  0.718211  0.592020  0.580644  0.609770  0.609054  0.617606  0.616919  0.646455  0.464679  0.565282  0.469833  0.515682  0.678493  0.516702  0.594100  0.637522  0.619174  0.645394  0.504498  0.488452  0.702769 
9  0.668980  0.494715  0.564282  0.725900  0.505092  0.502567  0.622358  0.509134  0.601548 0.0  0.742803  0.454523  0.627972  0.427004  0.598924  0.628430  0.403801  0.695706  0.594506  0.505281  0.633603  0.582181  0.583809  0.531072  0.680080  0.520836  0.629598  0.583537  0.546686  0.594132  0.673621  0.644231  0.678497  0.592699  0.467465  0.616903  0.675435  0.613211  0.623647  0.614933  0.424249  0.733505  0.577508  0.493254  0.607117  0.455144  0.660212  0.602442  0.539598  0.595897  0.580387  0.579927  0.493764  0.467717  0.663407  0.446496  0.398221  0.626479  0.705546  0.489207  0.497987  0.673773  0.629442  0.635175  0.616847  0.655699  0.576083  0.569092  0.416147  0.828822  0.552196  0.661557  0.603418  0.472455  0.593861  0.631296  0.652575  0.601905  0.521664  0.651025  0.607739  0.606572  0.622348  0.586363  0.661194  0.663302  0.587918  0.574373  0.563108  0.610584  0.508028  0.590253  0.614252  0.695491  0.493854  0.433946  0.614242  0.473017  0.623589  0.468001  0.561502  0.600873  0.737722  0.556975  0.546615  0.570903  0.454743  0.663465  0.339524  0.366550  0.470528  0.617624  0.702897  0.499900  0.636837  0.600545  0.674298  0.738731  0.613066  0.694077  0.591662  0.684140  0.506115  0.456188  0.579279  0.647030  0.704012  0.379935  0.574383  0.719966  0.665768  0.505651  0.557914  0.558067  0.621223  0.420195  0.535790  0.686366  0.657511  0.569613  0.681268  0.484129  0.618435  0.675349  0.371213  0.338575  0.602534  0.632003  0.501678  0.596320  0.600676  0.616070  0.419988  0.623777  0.546666  0.546688  0.638033  0.689533  0.744773  0.562834  0.566718  0.700280  0.746744  0.644985  0.690737  0.552623  0.689225  0.593593  0.666922  0.597963  0.593135  0.654987  0.591542  0.540669  0.540615  0.644616  0.544382  0.610676  0.491605  0.667969  0.520349  0.632948  0.603683  0.436709  0.588585  0.732590  0.500774  0.655221  0.442734  0.518499  0.657859  0.750366  0.641224  0.561783  0.578975  0.552760  0.601457 
10  0.574653  0.475089  0.574135  0.642793  0.551595  0.581574  0.575151  0.594472  0.519887  0.742803 0.0  0.697051  0.525307  0.638336  0.581308  0.580312  0.625235  0.696933  0.651914  0.587739  0.580056  0.621391  0.615142  0.613708  0.510688  0.710208  0.699261  0.532083  0.553723  0.587165  0.505279  0.626997  0.442387  0.550991  0.552649  0.696781  0.437790  0.469494  0.870652  0.546520  0.716975  0.554366  0.504279  0.610645  0.583007  0.518168  0.633005  0.536463  0.488341  0.593035  0.550243  0.568244  0.540736  0.584511  0.548080  0.706978  0.698020  0.675799  0.397820  0.531241  0.742427  0.638469  0.565893  0.681158  0.613626  0.651635  0.528703  0.680239  0.623648  0.638328  0.695635  0.730110  0.512563  0.667842  0.714170  0.614045  0.543466  0.400059  0.660083  0.713182  0.600494  0.585980  0.438264  0.463508  0.457084  0.683310  0.557937  0.538854  0.576539  0.736680  0.672825  0.608187  0.531660  0.659256  0.576454  0.666767  0.556379  0.710922  0.554638  0.721704  0.605952  0.360544  0.362226  0.546256  0.604875  0.442277  0.603158  0.466882  0.692442  0.640522  0.737445  0.625888  0.753690  0.587331  0.486727  0.510748  0.540420  0.333648  0.603081  0.537233  0.546955  0.502034  0.586212  0.616745  0.569650  0.552247  0.672275  0.647351  0.493949  0.497040  0.595493  0.653463  0.629834  0.589299  0.665275  0.750257  0.724999  0.606453  0.502574  0.654263  0.605146  0.599661  0.642696  0.593877  0.780478  0.762893  0.677543  0.546017  0.635554  0.554410  0.607659  0.554783  0.655620  0.721690  0.601295  0.534426  0.585997  0.655103  0.560242  0.647432  0.670773  0.546508  0.681288  0.689751  0.613982  0.601491  0.571704  0.567571  0.350343  0.537243  0.563767  0.428269  0.603110  0.663863  0.660372  0.587784  0.645499  0.606281  0.692033  0.565925  0.743687  0.408678  0.535099  0.662842  0.380594  0.560561  0.559283  0.730745  0.596986  0.517502  0.402818  0.634257  0.470833  0.672577  0.683428  0.756084  0.678225 
11  0.498769  0.516791  0.460675  0.678925  0.577755  0.670524  0.409466  0.459792  0.551595  0.454523  0.697051 0.0  0.624546  0.426418  0.558443  0.557882  0.434078  0.625575  0.586858  0.625356  0.557197  0.480361  0.547167  0.517728  0.621373  0.544999  0.566544  0.651410  0.581591  0.526374  0.611165  0.550030  0.627158  0.535074  0.636262  0.555997  0.568219  0.593209  0.458778  0.538071  0.551051  0.634665  0.692862  0.446352  0.713795  0.507882  0.498589  0.630816  0.628861  0.554674  0.514159  0.589340  0.553538  0.434518  0.599544  0.622892  0.468355  0.653887  0.617939  0.535606  0.516543  0.614599  0.445510  0.544989  0.660364  0.523912  0.440673  0.457366  0.526420  0.792410  0.561608  0.759906  0.484612  0.415686  0.550924  0.523494  0.616182  0.747414  0.510179  0.615828  0.546063  0.660915  0.650125  0.681230  0.590581  0.437966  0.514098  0.536404  0.553787  0.491662  0.551400  0.561020  0.552590  0.685249  0.584613  0.472087  0.638673  0.570855  0.633102  0.478430  0.663480  0.620858  0.648034  0.473998  0.524305  0.498536  0.451972  0.635699  0.508773  0.364821  0.439021  0.605869  0.635072  0.498724  0.605193  0.590867  0.596319  0.604410  0.479234  0.600760  0.541121  0.595730  0.575036  0.442258  0.635726  0.629675  0.611818  0.485489  0.535335  0.586825  0.618238  0.452631  0.471844  0.477634  0.434564  0.402163  0.513046  0.659600  0.594715  0.532991  0.581739  0.493594  0.654159  0.560965  0.383342  0.447924  0.657117  0.593799  0.510320  0.561456  0.502196  0.543441  0.546465  0.435337  0.559845  0.480677  0.658332  0.611421  0.624618  0.485570  0.592622  0.562997  0.571038  0.469331  0.632609  0.458973  0.544969  0.609402  0.524670  0.643899  0.636052  0.634740  0.586502  0.519619  0.636376  0.610584  0.615535  0.498580  0.451581  0.747531  0.512040  0.575270  0.571398  0.497866  0.548691  0.689909  0.512505  0.552156  0.507420  0.506733  0.566751  0.568552  0.580682  0.665024  0.540365  0.590355  0.444145 
12  0.470910  0.409458  0.657831  0.427164  0.535640  0.615531  0.523021  0.667757  0.566587  0.627972  0.525307  0.624546 0.0  0.469054  0.574761  0.388081  0.537143  0.385031  0.704628  0.425648  0.605770  0.438839  0.480013  0.631092  0.615092  0.532120  0.343800  0.576988  0.652279  0.648753  0.438201  0.371553  0.598971  0.527946  0.525110  0.654495  0.567718  0.580696  0.456157  0.521265  0.627929  0.566387  0.572356  0.577792  0.607418  0.572398  0.507287  0.547181  0.495998  0.558056  0.546114  0.523488  0.496484  0.521299  0.532179  0.612274  0.621168  0.622397  0.636225  0.500193  0.618279  0.355641  0.490353  0.354518  0.368766  0.324738  0.514469  0.488174  0.550805  0.716193  0.373777  0.558772  0.544441  0.535608  0.502922  0.377041  0.425778  0.659943  0.373302  0.320625  0.403453  0.381928  0.587278  0.556750  0.603611  0.667848  0.487426  0.691801  0.448429  0.566977  0.397089  0.330113  0.409445  0.388968  0.395908  0.644120  0.417046  0.500872  0.472127  0.474439  0.623060  0.659131  0.539813  0.555368  0.501720  0.506700  0.426549  0.637283  0.495973  0.591252  0.675991  0.512925  0.760465  0.438126  0.536749  0.703621  0.395291  0.531190  0.533789  0.572972  0.538496  0.614914  0.529813  0.640074  0.420356  0.499757  0.470280  0.641261  0.555659  0.464929  0.526754  0.441158  0.624482  0.520373  0.570248  0.551893  0.483031  0.654738  0.399575  0.327870  0.588055  0.429391  0.472536  0.368420  0.611614  0.525210  0.430024  0.370249  0.511405  0.466088  0.527698  0.374963  0.602405  0.355664  0.414883  0.549806  0.417536  0.368576  0.429433  0.509754  0.644381  0.368681  0.386342  0.383446  0.559539  0.480548  0.546387  0.618322  0.634762  0.526681  0.590253  0.645999  0.570147  0.288936  0.479820  0.378144  0.349694  0.564103  0.592045  0.405301  0.449434  0.605370  0.376075  0.599171  0.494366  0.409612  0.563243  0.696205  0.607515  0.579246  0.533164  0.346636  0.521181  0.436597  0.558723  0.606947  0.408513 
13  0.486738  0.489382  0.521034  0.551062  0.469285  0.550992  0.571611  0.435742  0.573320  0.427004  0.638336  0.426418  0.469054 0.0  0.610281  0.456424  0.435416  0.527104  0.646663  0.495508  0.659510  0.512792  0.472599  0.469016  0.621210  0.479201  0.449201  0.586968  0.673690  0.650025  0.609884  0.425261  0.591487  0.352489  0.531582  0.456161  0.535531  0.460406  0.410544  0.479718  0.539499  0.564700  0.536893  0.470352  0.661852  0.545629  0.445914  0.586386  0.560298  0.392478  0.592633  0.549274  0.624162  0.434433  0.552117  0.496284  0.495557  0.602547  0.555263  0.654285  0.613191  0.542595  0.452717  0.490767  0.568436  0.534246  0.396681  0.392837  0.488262  0.742648  0.515444  0.524736  0.572900  0.498909  0.516238  0.475985  0.537464  0.527792  0.465065  0.369546  0.520745  0.547253  0.541344  0.726940  0.587679  0.366021  0.511527  0.500709  0.498245  0.461312  0.524495  0.457747  0.448973  0.546074  0.500323  0.602223  0.465771  0.440250  0.519401  0.429858  0.668616  0.535795  0.547696  0.679983  0.479748  0.405098  0.468779  0.568132  0.463737  0.485594  0.529498  0.471930  0.486810  0.561137  0.455119  0.591215  0.612305  0.519949  0.563716  0.577286  0.536644  0.639612  0.554975  0.459176  0.542579  0.515396  0.512340  0.467023  0.419859  0.580931  0.466965  0.478355  0.507806  0.483060  0.456148  0.490066  0.389726  0.504403  0.514321  0.384473  0.477413  0.418548  0.639935  0.534802  0.534557  0.463660  0.552420  0.528229  0.517688  0.503312  0.522926  0.588175  0.611982  0.525585  0.537212  0.484925  0.547827  0.493098  0.556315  0.491802  0.540656  0.472891  0.582880  0.409856  0.552341  0.418048  0.535843  0.653452  0.474922  0.695786  0.516085  0.549855  0.733858  0.506448  0.542879  0.446855  0.499025  0.559304  0.493426  0.620029  0.482685  0.505565  0.465013  0.496741  0.486917  0.533595  0.443247  0.554304  0.533948  0.524295  0.590412  0.534822  0.570539  0.568992  0.536157  0.556577  0.500635 
14  0.462350  0.563325  0.475168  0.504260  0.582421  0.508270  0.587790  0.583404  0.597953  0.598924  0.581308  0.558443  0.574761  0.610281 0.0  0.575721  0.608280  0.603394  0.521878  0.486640  0.607521  0.572121  0.646520  0.669602  0.501282  0.595111  0.574284  0.597836  0.515718  0.494339  0.529195  0.574557  0.553365  0.557442  0.494275  0.571223  0.498030  0.496348  0.579599  0.535726  0.552880  0.638449  0.615961  0.615011  0.581314  0.492203  0.591132  0.550898  0.548304  0.714844  0.583528  0.598878  0.482758  0.593854  0.556416  0.580227  0.536535  0.615330  0.537606  0.501554  0.615165  0.552246  0.536015  0.606745  0.584073  0.562559  0.505496  0.638715  0.651808  0.646779  0.656118  0.635184  0.534095  0.589382  0.627134  0.564736  0.588996  0.527582  0.611748  0.610557  0.568406  0.646260  0.562406  0.557427  0.621907  0.559813  0.550754  0.476295  0.541353  0.571365  0.653459  0.565439  0.561310  0.553442  0.537655  0.670148  0.486761  0.528256  0.512015  0.605492  0.568360  0.526217  0.533293  0.616860  0.535570  0.555682  0.563212  0.489937  0.594921  0.555357  0.598467  0.514359  0.604872  0.646589  0.545923  0.489757  0.590346  0.673887  0.701396  0.606339  0.576251  0.629801  0.575280  0.523354  0.555240  0.721424  0.541842  0.617663  0.498006  0.537545  0.559234  0.615279  0.630956  0.651366  0.620614  0.601032  0.615524  0.543741  0.564320  0.512616  0.538747  0.647500  0.562814  0.562493  0.473291  0.528713  0.645486  0.597978  0.465789  0.453570  0.486183  0.602733  0.624822  0.678648  0.544107  0.643309  0.438576  0.667624  0.626077  0.505956  0.638295  0.574134  0.587501  0.590941  0.448707  0.584248  0.549130  0.590923  0.585999  0.583651  0.623646  0.560452  0.580837  0.566437  0.645033  0.619198  0.660080  0.539057  0.479983  0.650231  0.606685  0.681092  0.553213  0.636941  0.581683  0.593439  0.603899  0.511029  0.574913  0.602189  0.661343  0.502290  0.558466  0.593861  0.479287  0.719445  0.549520 
15  0.727965  0.497192  0.702737  0.510767  0.626779  0.654877  0.571621  0.574202  0.529371  0.628430  0.580312  0.557882  0.388081  0.456424  0.575721 0.0  0.594681  0.450475  0.795991  0.394883  0.681385  0.526440  0.501019  0.576234  0.633260  0.610135  0.476038  0.553068  0.619978  0.753737  0.471980  0.396254  0.600908  0.466743  0.506580  0.581639  0.773580  0.644485  0.473704  0.636429  0.583921  0.760616  0.630910  0.649972  0.538730  0.608814  0.623405  0.599974  0.675297  0.676886  0.484261  0.598333  0.505431  0.573582  0.533661  0.629496  0.590050  0.602948  0.641639  0.643575  0.661131  0.428402  0.514490  0.455166  0.457057  0.404826  0.607366  0.550616  0.593973  0.636542  0.422639  0.638951  0.530642  0.592842  0.519836  0.450633  0.457579  0.608561  0.389400  0.410647  0.431518  0.453563  0.684614  0.669925  0.580512  0.628736  0.558185  0.582092  0.543779  0.598198  0.537424  0.376794  0.415718  0.426204  0.387476  0.601175  0.468426  0.712531  0.419729  0.557207  0.599000  0.679560  0.655074  0.763988  0.548262  0.584239  0.540547  0.624412  0.507489  0.703793  0.539079  0.629046  0.726256  0.529207  0.643183  0.726546  0.403757  0.662395  0.477888  0.493919  0.581333  0.741407  0.587000  0.668560  0.388114  0.627000  0.497617  0.720273  0.634116  0.579189  0.482452  0.526536  0.642464  0.568077  0.660146  0.561079  0.609672  0.657272  0.487144  0.403229  0.790449  0.512700  0.555751  0.434448  0.599272  0.621177  0.511013  0.393345  0.535803  0.386612  0.660197  0.382009  0.673914  0.356534  0.312561  0.449471  0.481201  0.449108  0.430153  0.620457  0.571231  0.383469  0.415861  0.393261  0.440335  0.533698  0.560478  0.686856  0.570903  0.614742  0.708650  0.664763  0.571347  0.390128  0.435888  0.397167  0.412207  0.525389  0.647798  0.493397  0.502145  0.600436  0.402698  0.626219  0.584216  0.394576  0.631353  0.602733  0.752163  0.524857  0.550144  0.318406  0.618637  0.472719  0.589372  0.702619  0.532021 
16  0.386377  0.567762  0.510646  0.570904  0.396490  0.562106  0.519614  0.445292  0.631943  0.403801  0.625235  0.434078  0.537143  0.435416  0.608280  0.594681 0.0  0.503784  0.603854  0.640939  0.572678  0.548221  0.462313  0.484259  0.487429  0.401328  0.451351  0.593724  0.499900  0.508428  0.497535  0.384060  0.500631  0.420684  0.659174  0.701319  0.597131  0.588876  0.457823  0.539643  0.532692  0.630597  0.556703  0.333507  0.568743  0.314816  0.518173  0.604511  0.442243  0.315689  0.535477  0.543542  0.464334  0.347137  0.506078  0.444881  0.398886  0.469235  0.625936  0.552344  0.496369  0.563086  0.448929  0.506016  0.470939  0.496764  0.444644  0.449398  0.305210  0.738244  0.459459  0.529409  0.619198  0.351918  0.569023  0.459265  0.653109  0.526601  0.546927  0.417636  0.594775  0.577552  0.669232  0.733169  0.667552  0.445985  0.430964  0.471511  0.357129  0.596890  0.508166  0.512752  0.487299  0.560735  0.428205  0.413998  0.448317  0.438934  0.633583  0.360731  0.512893  0.627118  0.561246  0.512888  0.491969  0.474878  0.322656  0.673965  0.361698  0.295346  0.422493  0.426822  0.493638  0.427697  0.671093  0.615178  0.585859  0.716198  0.563515  0.532341  0.529772  0.710986  0.507775  0.346123  0.560268  0.425511  0.508662  0.339596  0.547283  0.586956  0.441832  0.536049  0.505234  0.457555  0.402496  0.339653  0.441418  0.540919  0.377879  0.373649  0.510202  0.422365  0.535642  0.738907  0.381628  0.271029  0.431462  0.471556  0.592471  0.637390  0.423112  0.642049  0.436524  0.379022  0.602204  0.448998  0.654426  0.432725  0.539302  0.580742  0.549097  0.520954  0.623852  0.368835  0.650429  0.491760  0.415338  0.442811  0.502586  0.636594  0.636140  0.678304  0.632243  0.481015  0.685933  0.550398  0.518960  0.518884  0.448657  0.638007  0.466455  0.439139  0.432657  0.390479  0.674922  0.561263  0.540090  0.587233  0.505846  0.436585  0.646258  0.499630  0.578648  0.526451  0.666614  0.548747  0.398919 
17  0.519837  0.424303  0.620284  0.385558  0.600011  0.530132  0.524235  0.571626  0.504099  0.695706  0.696933  0.625575  0.385031  0.527104  0.603394  0.450475  0.503784 0.0  0.719205  0.406721  0.727877  0.554491  0.521514  0.552638  0.571270  0.524553  0.381538  0.502389  0.681070  0.593170  0.396659  0.265968  0.560543  0.493889  0.614564  0.618686  0.745068  0.694003  0.489610  0.566850  0.530462  0.720641  0.496420  0.653196  0.627162  0.729738  0.620322  0.499482  0.599226  0.544251  0.530019  0.531026  0.582377  0.566171  0.534991  0.711743  0.736945  0.632825  0.662048  0.607481  0.629771  0.340830  0.461411  0.347462  0.378681  0.308932  0.501681  0.578640  0.525635  0.798890  0.335994  0.624364  0.582878  0.625285  0.591854  0.341977  0.511687  0.586373  0.364237  0.372060  0.407850  0.321175  0.573146  0.656653  0.666674  0.608736  0.513609  0.594379  0.447928  0.691531  0.425847  0.397283  0.444992  0.399576  0.442449  0.576761  0.382050  0.621802  0.436093  0.587455  0.622630  0.517181  0.587647  0.515919  0.628345  0.459163  0.587752  0.744419  0.560351  0.560194  0.616917  0.586277  0.556277  0.478948  0.613249  0.660269  0.372794  0.628355  0.574558  0.604959  0.471125  0.705334  0.437684  0.583796  0.352982  0.671363  0.363163  0.516780  0.545268  0.593795  0.421702  0.524841  0.428861  0.499853  0.511477  0.631998  0.512252  0.695291  0.366836  0.289641  0.475510  0.503777  0.596168  0.410182  0.553087  0.595529  0.399999  0.355208  0.559213  0.465356  0.587203  0.438821  0.637079  0.267623  0.469034  0.521836  0.434270  0.328510  0.399473  0.560013  0.542182  0.337279  0.373554  0.354819  0.527169  0.593379  0.512326  0.658808  0.664913  0.624237  0.527452  0.738492  0.566877  0.221102  0.455236  0.391968  0.354513  0.559987  0.664818  0.420673  0.465993  0.411541  0.278560  0.615100  0.607826  0.402324  0.553821  0.706271  0.588420  0.487324  0.543014  0.351785  0.568762  0.471173  0.631571  0.660371  0.383684 
18  0.621367  0.565476  0.644023  0.625216  0.702992  0.540337  0.576935  0.587768  0.525909  0.594506  0.651914  0.586858  0.704628  0.646663  0.521878  0.795991  0.603854  0.719205 0.0  0.456956  0.661840  0.560650  0.587815  0.589515  0.592535  0.647109  0.635686  0.702121  0.670847  0.494936  0.706144  0.697379  0.619342  0.560491  0.660329  0.456106  0.562630  0.599560  0.653724  0.602694  0.559471  0.615294  0.720350  0.707977  0.665209  0.567647  0.441636  0.559780  0.485330  0.558410  0.675925  0.613650  0.659387  0.628372  0.728245  0.767860  0.596467  0.725340  0.691293  0.596582  0.591776  0.503580  0.493916  0.638387  0.573376  0.551753  0.564393  0.521100  0.638426  0.749829  0.742676  0.669771  0.485888  0.757002  0.722443  0.645048  0.814297  0.639346  0.540435  0.632094  0.639366  0.680183  0.577181  0.714249  0.648105  0.642770  0.498836  0.653689  0.693628  0.503155  0.614165  0.596428  0.595290  0.651946  0.633455  0.558284  0.668250  0.533284  0.571945  0.547805  0.608021  0.476130  0.533043  0.655272  0.636185  0.617112  0.505486  0.527386  0.677902  0.768082  0.533600  0.612669  0.801994  0.537586  0.526709  0.638812  0.592989  0.563770  0.560401  0.539478  0.499358  0.611620  0.656291  0.482633  0.699590  0.688095  0.599026  0.574840  0.522984  0.632848  0.560105  0.487164  0.480051  0.610344  0.485635  0.705352  0.563276  0.762314  0.523526  0.730859  0.647087  0.587568  0.771467  0.656195  0.688800  0.660630  0.839365  0.720532  0.536340  0.614351  0.478252  0.565721  0.666649  0.646212  0.622017  0.514916  0.619324  0.580129  0.765061  0.496796  0.592782  0.557264  0.540897  0.600176  0.729636  0.516332  0.483889  0.542409  0.569159  0.562704  0.544875  0.740393  0.671391  0.649860  0.677519  0.630794  0.561627  0.596729  0.570756  0.615705  0.559741  0.661204  0.646178  0.448921  0.603187  0.588206  0.556298  0.641565  0.598512  0.465706  0.572510  0.698877  0.523107  0.579488  0.604991  0.507795  0.752347 
19  0.580620  0.297336  0.582392  0.459902  0.595401  0.549754  0.644299  0.559383  0.645678  0.505281  0.587739  0.625356  0.425648  0.495508  0.486640  0.394883  0.640939  0.406721  0.456956 0.0  0.535929  0.522006  0.491120  0.646105  0.728119  0.574293  0.407220  0.573377  0.663683  0.705209  0.443200  0.328086  0.632527  0.492367  0.413729  0.607732  0.570315  0.573119  0.498906  0.573363  0.536828  0.707413  0.512142  0.544484  0.630955  0.617776  0.482095  0.602838  0.585919  0.511074  0.489941  0.519918  0.423267  0.517635  0.524773  0.667294  0.640022  0.612353  0.495305  0.565909  0.575483  0.408265  0.501883  0.401566  0.397995  0.366853  0.529838  0.521336  0.525025  0.703783  0.388560  0.637130  0.544333  0.570495  0.628308  0.341160  0.497640  0.550057  0.397751  0.374459  0.426278  0.466378  0.547904  0.645004  0.606168  0.482713  0.498936  0.538786  0.491463  0.632995  0.596166  0.358480  0.432107  0.428880  0.371916  0.558891  0.406369  0.623489  0.398197  0.527376  0.639794  0.552687  0.570774  0.647414  0.509356  0.555517  0.584746  0.526680  0.514445  0.604952  0.469777  0.650763  0.589388  0.485352  0.614699  0.635842  0.391313  0.597696  0.587403  0.558060  0.512429  0.688107  0.506537  0.542908  0.427388  0.521520  0.434627  0.530325  0.585866  0.558172  0.522952  0.464967  0.621524  0.396424  0.653592  0.514054  0.467844  0.735866  0.371837  0.343674  0.620142  0.475105  0.528375  0.420106  0.659717  0.690354  0.497059  0.319853  0.486543  0.327787  0.495705  0.396971  0.526887  0.423119  0.377138  0.513899  0.442380  0.329205  0.466055  0.598474  0.524083  0.343721  0.489306  0.368435  0.546832  0.504635  0.480676  0.741034  0.601669  0.632821  0.682115  0.756689  0.592749  0.418730  0.458335  0.396692  0.310077  0.423296  0.579828  0.458242  0.547478  0.595520  0.334042  0.627172  0.646768  0.467315  0.539014  0.656197  0.576456  0.585563  0.513892  0.453169  0.622943  0.426922  0.561619  0.655760  0.479945 
