197
0 0.0  0.545310  0.652537  0.528781  0.532401  0.565833  0.451829  0.501429  0.815473  0.652496  0.556557  0.563719  0.514186  0.584453  0.508567  0.636270  0.457319  0.534058  0.615520  0.552733  0.480028  0.629674  0.518987  0.687719  0.542822  0.776952  0.540782  0.607184  0.483987  0.612031  0.468763  0.576974  0.488497  0.455215  0.426666  0.571710  0.576783  0.569035  0.391234  0.579025  0.593559  0.566959  0.676280  0.507432  0.633641  0.453024  0.510352  0.547805  0.515483  0.548311  0.511925  0.619632  0.405938  0.500329  0.445614  0.591026  0.695234  0.908344  0.510134  0.573239  0.733742  0.611550  0.481024  0.556489  0.562838  0.517626  0.569698  0.607667  0.522290  0.735586  0.552470  0.624258  0.345613  0.388908  0.807421  0.553857  0.531359  0.515302  0.513286  0.573186  0.503979  0.674389  0.519915  0.642345  0.608058  0.622452  0.487983  0.531535  0.417777  0.643488  0.751707  0.575124  0.494910  0.540732  0.576636  0.635504  0.413085  0.594406  0.499826  0.612146  0.607193  0.529251  0.478990  0.601361  0.579975  0.427567  0.500431  0.677036  0.612589  0.496416  0.560004  0.512540  0.530208  0.530878  0.664797  0.480939  0.493197  0.604126  0.549743  0.577945  0.585782  0.576703  0.660203  0.552262  0.612874  0.549074  0.517700  0.524779  0.634595  0.607957  0.502160  0.601305  0.623902  0.462397  0.591276  0.625497  0.592877  0.497486  0.335924  0.378915  0.582668  0.328327  0.742979  0.579787  0.711410  0.533944  0.440159  0.483546  0.635179  0.550251  0.603749  0.631475  0.635803  0.587520  0.593241  0.686861  0.655661  0.458870  0.601335  0.678748  0.689155  0.441065  0.517747  0.465875  0.604775  0.468769  0.439244  0.651101  0.603464  0.447444  0.569940  0.598161  0.577510  0.529104  0.608770  0.495433  0.479194  0.488701  0.709772  0.550801  0.351070  0.593989  0.432506  0.542639  0.528711  0.498562  0.675413  0.739308  0.525357  0.479550  0.564330  0.499976  0.455913  0.475689  0.650224  0.638778  0.418596 
1  0.545310 0.0  0.616630  0.405338  0.658058  0.585672  0.559766  0.709844  0.579961  0.511544  0.573258  0.491081  0.405100  0.358532  0.535203  0.385342  0.463746  0.413658  0.710632  0.375032  0.606234  0.493009  0.535807  0.660293  0.531098  0.615673  0.352736  0.563705  0.636381  0.707018  0.390952  0.401844  0.602891  0.448512  0.429106  0.527374  0.606371  0.566333  0.444367  0.663161  0.593869  0.707988  0.517680  0.620218  0.560728  0.640755  0.458445  0.667860  0.680612  0.499742  0.531091  0.499423  0.437347  0.524438  0.483532  0.574354  0.577961  0.700786  0.544063  0.564192  0.556664  0.445777  0.486094  0.396083  0.405674  0.369276  0.592973  0.487834  0.621602  0.706554  0.404992  0.671350  0.567253  0.578305  0.594878  0.376738  0.413885  0.543763  0.356931  0.406305  0.429244  0.398168  0.587636  0.582133  0.638330  0.492990  0.578013  0.663592  0.539451  0.567775  0.622646  0.354497  0.453820  0.461406  0.362091  0.594268  0.407876  0.590890  0.402647  0.632467  0.595456  0.604067  0.570872  0.612182  0.598144  0.549666  0.618083  0.509555  0.635931  0.622014  0.593901  0.627620  0.671424  0.425974  0.647108  0.612604  0.393789  0.537196  0.545390  0.477373  0.551589  0.788184  0.503658  0.562533  0.430671  0.514843  0.388743  0.617925  0.665044  0.499055  0.591300  0.503835  0.524486  0.524099  0.606571  0.490340  0.514092  0.782415  0.412766  0.408459  0.624303  0.449666  0.578511  0.416136  0.593493  0.704455  0.455685  0.468924  0.528293  0.395395  0.591420  0.419828  0.650690  0.361253  0.400629  0.546306  0.415729  0.324993  0.415899  0.668066  0.745891  0.406875  0.499269  0.386856  0.532479  0.546021  0.517119  0.608864  0.604480  0.584126  0.558361  0.641157  0.652546  0.466468  0.438948  0.479851  0.387179  0.509426  0.547429  0.455115  0.561410  0.572223  0.354044  0.618680  0.566616  0.399920  0.595652  0.537607  0.636377  0.612567  0.604324  0.461413  0.602821  0.451657  0.623001  0.699331  0.622433 
2  0.652537  0.616630 0.0  0.489889  0.601831  0.526647  0.572517  0.507660  0.605394  0.583671  0.672909  0.475182  0.699143  0.551970  0.498596  0.678798  0.406200  0.691686  0.665248  0.675795  0.531561  0.480321  0.609234  0.610667  0.639939  0.609266  0.655341  0.625626  0.569917  0.617886  0.644078  0.522897  0.556279  0.565985  0.647794  0.773666  0.576692  0.539369  0.602105  0.492571  0.532609  0.747878  0.562290  0.498066  0.742416  0.613045  0.540618  0.697055  0.606814  0.518934  0.714097  0.558875  0.572574  0.474165  0.628376  0.456470  0.552840  0.611470  0.567516  0.530117  0.503960  0.585521  0.569080  0.509739  0.705302  0.671738  0.471378  0.441966  0.486237  0.752684  0.651486  0.559105  0.565500  0.546658  0.551338  0.654134  0.667007  0.553442  0.564994  0.655029  0.723399  0.653766  0.642142  0.738074  0.575882  0.593103  0.558806  0.449072  0.547361  0.638414  0.616945  0.500196  0.641975  0.691848  0.614938  0.521024  0.636438  0.665991  0.656484  0.580470  0.674450  0.522770  0.494218  0.634260  0.468927  0.533521  0.532094  0.530116  0.443859  0.478819  0.484766  0.463207  0.548445  0.559616  0.520540  0.443527  0.588523  0.560524  0.587060  0.635589  0.567387  0.590029  0.563648  0.377687  0.628096  0.454022  0.636941  0.508656  0.689930  0.589530  0.618489  0.405982  0.495713  0.537313  0.504125  0.587626  0.532379  0.618211  0.650510  0.555905  0.534967  0.586684  0.553183  0.695449  0.473494  0.500146  0.642791  0.653229  0.530530  0.651783  0.511018  0.628038  0.600943  0.701491  0.634256  0.588796  0.710578  0.587243  0.662093  0.470818  0.696589  0.550068  0.696810  0.601417  0.676958  0.488265  0.528061  0.594273  0.592341  0.558315  0.534223  0.525651  0.577187  0.658568  0.770472  0.615387  0.549715  0.474539  0.601568  0.638116  0.583495  0.593070  0.494881  0.460388  0.513676  0.691100  0.566063  0.527874  0.560602  0.637643  0.616103  0.619854  0.499025  0.557509  0.519526  0.686295  0.659201 
3  0.528781  0.405338  0.489889 0.0  0.658250  0.585997  0.537091  0.601353  0.732503  0.762152  0.647344  0.684259  0.445759  0.554232  0.533167  0.516555  0.667638  0.452191  0.682259  0.482079  0.617967  0.640842  0.565015  0.697552  0.579429  0.613961  0.508742  0.588788  0.657785  0.828140  0.468509  0.441641  0.580547  0.540252  0.647736  0.524519  0.546180  0.632908  0.682838  0.507487  0.631888  0.660053  0.712508  0.780980  0.545403  0.567163  0.573062  0.548285  0.573396  0.712774  0.696272  0.652427  0.566764  0.593319  0.618352  0.714128  0.684732  0.682425  0.685734  0.545975  0.620921  0.429863  0.615661  0.491735  0.428211  0.452499  0.725407  0.545649  0.563905  0.764387  0.477331  0.693998  0.634177  0.627422  0.844119  0.470843  0.404106  0.572164  0.417486  0.593145  0.419900  0.427676  0.598773  0.566117  0.711070  0.647537  0.496923  0.712865  0.571404  0.704031  0.720024  0.432608  0.367789  0.515108  0.457530  0.733995  0.411658  0.580802  0.403712  0.620066  0.593243  0.735147  0.572145  0.545265  0.519317  0.602380  0.675922  0.658149  0.523854  0.823466  0.624951  0.649107  0.660138  0.523648  0.592996  0.632005  0.369114  0.529001  0.557538  0.547171  0.563775  0.685446  0.624925  0.502265  0.451975  0.604929  0.548505  0.706780  0.603374  0.464408  0.647736  0.519343  0.739497  0.773121  0.705250  0.573859  0.644298  0.574073  0.355965  0.362836  0.785444  0.603750  0.688763  0.430939  0.707086  0.649533  0.593901  0.475306  0.589558  0.468943  0.636650  0.501069  0.742500  0.476313  0.474231  0.651968  0.471004  0.494525  0.406652  0.678307  0.647601  0.425382  0.389421  0.444987  0.534248  0.507194  0.531556  0.721190  0.663908  0.580454  0.706802  0.696025  0.699560  0.472955  0.477742  0.451034  0.580173  0.515100  0.647124  0.437737  0.724045  0.633293  0.329071  0.618906  0.637945  0.417453  0.619556  0.704663  0.581059  0.405372  0.536436  0.433834  0.611365  0.448433  0.853245  0.775919  0.545762 
4  0.532401  0.658058  0.601831  0.658250 0.0  0.578858  0.606350  0.452520  0.784646  0.582659  0.565906  0.546212  0.586873  0.594462  0.529530  0.556225  0.414518  0.583377  0.753386  0.696020  0.440248  0.588415  0.540117  0.599765  0.482563  0.601642  0.682690  0.524391  0.374232  0.634372  0.609746  0.817731  0.556147  0.569834  0.493965  0.656880  0.590320  0.549128  0.690543  0.519732  0.529550  0.698526  0.631721  0.438692  0.780029  0.398406  0.549942  0.656348  0.400838  0.556727  0.665840  0.677321  0.531390  0.584434  0.564587  0.558954  0.573439  0.670959  0.597638  0.565165  0.553495  0.569918  0.585319  0.683929  0.610294  0.717927  0.508741  0.558369  0.426873  0.726564  0.630247  0.569512  0.530402  0.409149  0.551197  0.783507  0.532797  0.490841  0.644794  0.678091  0.558629  0.636209  0.637211  0.631412  0.582683  0.560058  0.506691  0.589105  0.510950  0.678920  0.737418  0.654510  0.609557  0.634977  0.634914  0.468458  0.670763  0.570612  0.642703  0.610490  0.772204  0.591857  0.505921  0.438377  0.534014  0.687963  0.422552  0.554994  0.481531  0.450904  0.535463  0.536724  0.621778  0.552245  0.585716  0.483408  0.564423  0.596822  0.541123  0.675104  0.570119  0.597101  0.844154  0.507884  0.675940  0.448215  0.755768  0.525337  0.590339  0.535403  0.696544  0.615682  0.703218  0.526463  0.705440  0.483885  0.515200  0.541344  0.603866  0.543876  0.452501  0.490502  0.630932  0.552701  0.487150  0.551767  0.590652  0.703661  0.681824  0.650961  0.607908  0.706010  0.422369  0.698485  0.682256  0.729558  0.605867  0.680260  0.615640  0.601284  0.605097  0.680592  0.830042  0.737689  0.693430  0.632400  0.435264  0.439522  0.458192  0.702991  0.650779  0.502088  0.595560  0.792445  0.685453  0.641427  0.618846  0.585836  0.635318  0.694094  0.545150  0.452993  0.755836  0.471348  0.467274  0.632950  0.686740  0.638678  0.511242  0.455580  0.499774  0.616451  0.521676  0.673363  0.648115  0.704522  0.702302 
5  0.565833  0.585672  0.526647  0.585997  0.578858 0.0  0.651319  0.520074  0.681779  0.587028  0.586522  0.431825  0.521139  0.541530  0.568291  0.672955  0.520092  0.584632  0.700597  0.523870  0.610048  0.514360  0.593136  0.536312  0.598170  0.567811  0.560442  0.692647  0.563379  0.614290  0.440206  0.606280  0.563305  0.530877  0.589188  0.571825  0.586292  0.602134  0.597699  0.579979  0.561616  0.526151  0.553956  0.683289  0.579964  0.474214  0.551128  0.645113  0.581991  0.580792  0.674971  0.505677  0.527356  0.558442  0.615958  0.549528  0.576527  0.579084  0.675112  0.531288  0.579751  0.537494  0.629091  0.589930  0.591587  0.552505  0.589745  0.583965  0.515420  0.719390  0.481701  0.530122  0.527712  0.580298  0.574284  0.664822  0.562915  0.544404  0.675371  0.629670  0.541404  0.625860  0.525509  0.622252  0.531140  0.490675  0.536168  0.538207  0.507771  0.641894  0.689930  0.587963  0.582713  0.526924  0.456238  0.630867  0.580686  0.519838  0.679076  0.542123  0.656969  0.695594  0.506205  0.509533  0.542663  0.590438  0.561011  0.570219  0.611712  0.529068  0.583045  0.698756  0.614456  0.619003  0.663061  0.569905  0.533242  0.540083  0.540828  0.574206  0.575996  0.609441  0.629095  0.553541  0.562175  0.510228  0.713562  0.554420  0.651591  0.652575  0.568664  0.720049  0.703832  0.517080  0.500575  0.478442  0.618768  0.582508  0.591733  0.539459  0.519024  0.483573  0.615797  0.589269  0.602377  0.598970  0.516463  0.639324  0.669795  0.607849  0.568156  0.609321  0.587075  0.681414  0.560052  0.482505  0.603730  0.663305  0.588546  0.554334  0.522063  0.562100  0.736990  0.536400  0.565364  0.585803  0.526336  0.675260  0.586689  0.572150  0.614915  0.540779  0.603718  0.634552  0.579009  0.723895  0.482742  0.591250  0.522018  0.554393  0.514857  0.675938  0.587442  0.554459  0.561978  0.648062  0.485761  0.587016  0.579612  0.563824  0.582484  0.598208  0.571293  0.544695  0.599442  0.520077  0.585280 
6  0.451829  0.559766  0.572517  0.537091  0.606350  0.651319 0.0  0.607196  0.567493  0.584513  0.617931  0.518614  0.623622  0.580470  0.611839  0.651745  0.511406  0.550400  0.518277  0.596333  0.564977  0.638215  0.593392  0.632884  0.575397  0.566815  0.530455  0.504186  0.540696  0.587279  0.517488  0.581600  0.671092  0.577658  0.619431  0.600844  0.433642  0.623971  0.610133  0.616106  0.544727  0.675879  0.541241  0.607801  0.628051  0.511270  0.618145  0.635259  0.582524  0.533976  0.632514  0.722274  0.669955  0.588321  0.590267  0.695325  0.675512  0.730796  0.674855  0.575763  0.765813  0.642625  0.589086  0.468781  0.590081  0.500014  0.594512  0.719071  0.468327  0.592649  0.523892  0.534869  0.635773  0.616454  0.822526  0.501355  0.507647  0.606942  0.515161  0.547007  0.643707  0.594302  0.628407  0.527539  0.506493  0.691537  0.568932  0.625335  0.538451  0.532693  0.563064  0.652630  0.607059  0.653275  0.639483  0.499916  0.562553  0.696726  0.693049  0.579324  0.559484  0.509027  0.555990  0.545383  0.614133  0.455263  0.620162  0.453228  0.593104  0.655442  0.575209  0.535960  0.509903  0.573611  0.526234  0.595323  0.568992  0.605110  0.597208  0.586065  0.539584  0.602704  0.520653  0.586429  0.544409  0.563949  0.551048  0.674340  0.573927  0.540515  0.551917  0.601953  0.574383  0.639465  0.601078  0.637610  0.654169  0.588164  0.545982  0.466787  0.581769  0.637061  0.510918  0.501548  0.666012  0.471441  0.575542  0.635052  0.617562  0.711514  0.523719  0.537096  0.566865  0.487752  0.591567  0.529759  0.509072  0.613206  0.513851  0.541476  0.674454  0.529412  0.531879  0.575910  0.529815  0.599442  0.515839  0.657157  0.538086  0.660240  0.651731  0.712780  0.583814  0.494817  0.631246  0.500567  0.593752  0.503302  0.586711  0.485997  0.479392  0.508101  0.584539  0.539932  0.554518  0.539541  0.682722  0.549788  0.600029  0.613196  0.540851  0.533342  0.549244  0.478284  0.649482  0.550007  0.601514 
7  0.501429  0.709844  0.507660  0.601353  0.452520  0.520074  0.607196 0.0  0.523313  0.549105  0.629638  0.413653  0.561289  0.461107  0.575096  0.644903  0.452570  0.528815  0.604444  0.708655  0.457231  0.653122  0.564651  0.463299  0.535887  0.664124  0.608082  0.582984  0.527426  0.463626  0.641893  0.649522  0.431805  0.460654  0.615689  0.516623  0.563357  0.526822  0.581391  0.448204  0.545910  0.444633  0.507955  0.509652  0.629526  0.484117  0.525875  0.592498  0.349918  0.479959  0.581659  0.505363  0.517630  0.437456  0.617507  0.520046  0.584177  0.569353  0.575438  0.548563  0.550952  0.633952  0.470542  0.571568  0.596219  0.522464  0.349661  0.521346  0.541969  0.937876  0.561738  0.370530  0.529683  0.411588  0.601651  0.650236  0.609470  0.502921  0.703106  0.685541  0.618544  0.598930  0.547967  0.631235  0.653871  0.597760  0.503843  0.408308  0.527643  0.447181  0.530591  0.551528  0.679856  0.729106  0.571419  0.703016  0.629176  0.348812  0.716689  0.394883  0.575248  0.630988  0.550739  0.763460  0.415130  0.576615  0.399116  0.519536  0.504003  0.513715  0.530515  0.527333  0.535175  0.450841  0.676296  0.482602  0.684647  0.585701  0.518136  0.604775  0.518271  0.437194  0.643626  0.478638  0.654764  0.380657  0.617252  0.474183  0.615532  0.426758  0.536775  0.560537  0.484016  0.455011  0.407030  0.456111  0.542918  0.581740  0.532447  0.460310  0.406251  0.555334  0.758954  0.626972  0.448841  0.447392  0.608474  0.617583  0.616626  0.679867  0.401558  0.549235  0.604067  0.644868  0.579837  0.494242  0.748295  0.616135  0.550370  0.616092  0.507626  0.524992  0.637476  0.484923  0.504393  0.567138  0.354811  0.667372  0.595461  0.617221  0.464759  0.572609  0.630590  0.666591  0.651171  0.758837  0.576150  0.596834  0.650278  0.700838  0.516629  0.543566  0.505992  0.522771  0.523502  0.669361  0.331125  0.447848  0.573222  0.512579  0.588548  0.692018  0.472344  0.585874  0.568227  0.528387  0.591806 
8  0.815473  0.579961  0.605394  0.732503  0.784646  0.681779  0.567493  0.523313 0.0  0.603684  0.690627  0.659040  0.588353  0.600853  0.534330  0.595553  0.692787  0.660231  0.442373  0.633839  0.581512  0.454434  0.477184  0.501670  0.631066  0.577623  0.537194  0.633944  0.818468  0.475786  0.618050  0.722898  0.710639  0.604153  0.670786  0.524708  0.590777  0.630517  0.529797  0.643224  0.545357  0.695197  0.605067  0.724521  0.527987  0.773539  0.612206  0.571194  0.561677  0.642898  0.634276  0.583232  0.594566  0.586174  0.640684  0.641544  0.615556  0.665383  0.679152  0.709977  0.587023  0.606359  0.526675  0.680217  0.623905  0.513976  0.519152  0.495317  0.703609  0.578231  0.567520  0.496298  0.700515  0.607227  0.585966  0.521073  0.570258  0.637020  0.625029  0.563257  0.684871  0.634736  0.627424  0.433533  0.592040  0.545765  0.522131  0.515878  0.643307  0.430138  0.387521  0.616328  0.510698  0.574261  0.574372  0.586766  0.585389  0.540711  0.556975  0.533281  0.581748  0.547520  0.579724  0.678692  0.578157  0.538788  0.742007  0.597236  0.659477  0.652199  0.701598  0.548241  0.691821  0.589924  0.653167  0.691294  0.629848  0.567397  0.543525  0.634946  0.478117  0.493594  0.670963  0.647590  0.595285  0.542598  0.666645  0.692527  0.572590  0.551847  0.612112  0.460937  0.510229  0.632514  0.462151  0.636909  0.564020  0.702897  0.745776  0.552815  0.620825  0.643617  0.537665  0.573289  0.645805  0.705851  0.767783  0.802258  0.527508  0.610837  0.448039  0.619711  0.677112  0.524186  0.633105  0.596947  0.648468  0.633258  0.538928  0.540147  0.526435  0.669069  0.624882  0.548112  0.599521  0.543932  0.589630  0.579628  0.633949  0.616095  0.506835  0.682429  0.577785  0.695700  0.602664  0.495011  0.640075  0.536647  0.658802  0.629152  0.707846  0.569831  0.644777  0.528444  0.549702  0.556420  0.458931  0.441949  0.683331  0.597835  0.639169  0.531172  0.530078  0.496821  0.469994  0.586699  0.582879 
9  0.652496  0.511544  0.583671  0.762152  0.582659  0.587028  0.584513  0.549105  0.603684 0.0  0.750561  0.488946  0.660774  0.503620  0.540119  0.621230  0.445774  0.593163  0.651933  0.597965  0.577236  0.625494  0.539859  0.609806  0.567853  0.526655  0.724103  0.584536  0.552549  0.564464  0.685658  0.626285  0.756907  0.531091  0.498189  0.626179  0.688720  0.779162  0.679931  0.576256  0.599523  0.763916  0.560992  0.459883  0.758697  0.467420  0.556568  0.631658  0.668960  0.553973  0.513409  0.706882  0.561895  0.477668  0.691361  0.567065  0.385362  0.545529  0.847430  0.539783  0.498866  0.572651  0.586249  0.646006  0.666358  0.685261  0.576241  0.610116  0.465571  0.759250  0.636377  0.536927  0.686251  0.460955  0.523777  0.652851  0.706833  0.604252  0.581056  0.611989  0.582669  0.671989  0.591279  0.657146  0.699972  0.535501  0.502250  0.624177  0.529043  0.561375  0.562664  0.563562  0.645963  0.592690  0.600038  0.470961  0.714844  0.475437  0.667147  0.608490  0.525245  0.757106  0.588822  0.539037  0.557588  0.674610  0.444772  0.676949  0.407532  0.402074  0.463397  0.605930  0.611889  0.540117  0.666202  0.584784  0.603536  0.782046  0.674063  0.660737  0.569509  0.776551  0.588654  0.510543  0.628172  0.588735  0.622837  0.409218  0.654899  0.615473  0.653167  0.481250  0.544644  0.604925  0.667198  0.381943  0.610409  0.705555  0.550960  0.597102  0.640995  0.503858  0.639029  0.611047  0.360448  0.364674  0.619472  0.564365  0.503450  0.626159  0.613399  0.680466  0.497423  0.556473  0.514069  0.563429  0.604728  0.659585  0.707742  0.586165  0.541474  0.699202  0.747018  0.556870  0.622954  0.552685  0.574037  0.648949  0.681357  0.644235  0.656169  0.644857  0.616802  0.607513  0.646691  0.829667  0.675722  0.531359  0.463043  0.656356  0.594192  0.665944  0.651237  0.481720  0.622425  0.607782  0.511029  0.632753  0.591877  0.516871  0.620211  0.687689  0.628954  0.661456  0.612884  0.535634  0.487668 
10  0.556557  0.573258  0.672909  0.647344  0.565906  0.586522  0.617931  0.629638  0.690627  0.750561 0.0  0.663018  0.611154  0.655398  0.557483  0.728676  0.653414  0.669161  0.683366  0.507404  0.584024  0.589972  0.709333  0.683771  0.611229  0.629008  0.680888  0.635555  0.630928  0.552862  0.530199  0.636554  0.491602  0.532156  0.517040  0.696607  0.459780  0.382338  0.823655  0.545671  0.579606  0.522830  0.512033  0.515354  0.528678  0.599227  0.614967  0.677851  0.613829  0.730057  0.669732  0.647890  0.679586  0.576417  0.577696  0.712167  0.692954  0.704407  0.436561  0.566498  0.760255  0.511437  0.588007  0.607686  0.577777  0.650365  0.532026  0.651630  0.548778  0.700126  0.694309  0.791971  0.655319  0.687921  0.718027  0.688037  0.454195  0.390331  0.639588  0.739326  0.624093  0.603918  0.528769  0.436142  0.571314  0.638710  0.612975  0.637309  0.630012  0.635956  0.760833  0.645464  0.611292  0.604343  0.660971  0.814778  0.569054  0.699027  0.479325  0.762334  0.596898  0.373268  0.442334  0.648299  0.591316  0.444081  0.646845  0.523538  0.823647  0.610533  0.614022  0.619840  0.613541  0.537873  0.500450  0.504727  0.569881  0.349574  0.592275  0.631372  0.550195  0.552230  0.576229  0.771124  0.660914  0.666672  0.616811  0.738033  0.566961  0.580660  0.663432  0.722180  0.638275  0.644663  0.843589  0.623914  0.670534  0.658387  0.553090  0.720327  0.597304  0.658645  0.665997  0.552331  0.684958  0.788505  0.583680  0.825392  0.655625  0.619310  0.599221  0.623005  0.631213  0.747488  0.625991  0.702280  0.557381  0.606409  0.676398  0.616130  0.667832  0.588122  0.687433  0.721235  0.628588  0.592805  0.503623  0.591154  0.453133  0.649298  0.665983  0.544606  0.488485  0.623631  0.644627  0.607968  0.655048  0.613844  0.730400  0.632892  0.678703  0.386844  0.639717  0.663095  0.446833  0.614683  0.542533  0.705367  0.516253  0.440604  0.522085  0.543018  0.570635  0.611444  0.718296  0.775563  0.756113 
11  0.563719  0.491081  0.475182  0.684259  0.546212  0.431825  0.518614  0.413653  0.659040  0.488946  0.663018 0.0  0.608352  0.444589  0.650722  0.602026  0.399694  0.598610  0.636040  0.531333  0.582908  0.443323  0.483515  0.542968  0.660558  0.546537  0.535528  0.568177  0.490874  0.636897  0.748558  0.592707  0.613663  0.402579  0.644752  0.680471  0.596831  0.593267  0.493619  0.478627  0.510627  0.679906  0.487706  0.519450  0.665394  0.446451  0.575654  0.737298  0.584756  0.595402  0.515049  0.512099  0.447793  0.553036  0.751083  0.529747  0.379155  0.618639  0.625414  0.599102  0.526291  0.625677  0.514319  0.597463  0.514551  0.593930  0.499939  0.524391  0.464826  0.793735  0.614418  0.532051  0.590138  0.358228  0.683181  0.528928  0.598805  0.696138  0.609337  0.627846  0.693009  0.649796  0.647565  0.730638  0.706106  0.556027  0.551151  0.573332  0.513796  0.540160  0.586753  0.497085  0.488755  0.727867  0.616590  0.476131  0.527248  0.520596  0.700744  0.524585  0.603199  0.741818  0.626501  0.504902  0.482865  0.579470  0.478581  0.585039  0.435653  0.462561  0.452875  0.566654  0.691481  0.454077  0.608461  0.506196  0.689111  0.753634  0.603698  0.544305  0.517123  0.621931  0.608229  0.456193  0.535053  0.607474  0.559353  0.507833  0.562071  0.629260  0.538983  0.479626  0.438946  0.463375  0.433312  0.438866  0.551406  0.683436  0.622435  0.597093  0.524346  0.497050  0.602512  0.579209  0.437713  0.413297  0.661783  0.662891  0.574222  0.585762  0.461709  0.651765  0.469128  0.525951  0.670142  0.577064  0.639349  0.518371  0.613726  0.551008  0.602776  0.634513  0.725709  0.493762  0.594405  0.447499  0.531201  0.515498  0.612405  0.748014  0.620898  0.628719  0.644064  0.577130  0.627726  0.541284  0.523249  0.449707  0.531080  0.678420  0.537530  0.584864  0.551540  0.462173  0.544522  0.550750  0.519875  0.613186  0.490528  0.654780  0.612317  0.553291  0.541982  0.702697  0.619289  0.580830  0.546087 
12  0.514186  0.405100  0.699143  0.445759  0.586873  0.521139  0.623622  0.561289  0.588353  0.660774  0.611154  0.608352 0.0  0.388908  0.553890  0.391952  0.521321  0.341950  0.683867  0.418842  0.777416  0.557290  0.536917  0.589353  0.623871  0.562921  0.337830  0.513247  0.588378  0.722797  0.491380  0.310371  0.488786  0.511252  0.585907  0.613259  0.643548  0.554415  0.359547  0.606183  0.634121  0.601873  0.565832  0.600591  0.678105  0.626955  0.554319  0.614044  0.541087  0.596955  0.445170  0.516427  0.451792  0.558184  0.577595  0.686635  0.590110  0.633014  0.632360  0.583007  0.644811  0.327863  0.568301  0.308412  0.390748  0.316297  0.494806  0.503282  0.606539  0.743606  0.375822  0.546087  0.489911  0.650293  0.529797  0.376396  0.483595  0.566786  0.403108  0.306503  0.403241  0.350299  0.562630  0.637584  0.653086  0.518855  0.428407  0.653745  0.549594  0.673746  0.497750  0.388550  0.386349  0.369380  0.389424  0.653347  0.387499  0.618454  0.476345  0.538813  0.605823  0.541544  0.460708  0.592989  0.587129  0.509850  0.533360  0.616899  0.527368  0.663686  0.535627  0.588879  0.758292  0.513446  0.703699  0.672124  0.417555  0.575721  0.570383  0.600547  0.567020  0.725977  0.537824  0.605713  0.398627  0.519346  0.456691  0.604894  0.543243  0.534184  0.415521  0.428747  0.455013  0.495653  0.596897  0.536872  0.434955  0.725602  0.389566  0.311652  0.651026  0.431012  0.562016  0.369395  0.556485  0.666175  0.389240  0.418500  0.568022  0.430774  0.596020  0.464078  0.497479  0.359274  0.436230  0.566289  0.447790  0.364155  0.432154  0.550198  0.502192  0.366766  0.394859  0.386903  0.477848  0.493261  0.431208  0.718736  0.652271  0.705774  0.700822  0.689409  0.579924  0.296692  0.449325  0.358237  0.397904  0.626425  0.641374  0.493771  0.531911  0.574242  0.338562  0.604565  0.568319  0.480987  0.523400  0.727947  0.529157  0.523476  0.597957  0.373529  0.583167  0.444867  0.717733  0.656374  0.441925 
13  0.584453  0.358532  0.551970  0.554232  0.594462  0.541530  0.580470  0.461107  0.600853  0.503620  0.655398  0.444589  0.388908 0.0  0.610368  0.471384  0.400418  0.654115  0.551853  0.446006  0.602892  0.530991  0.540108  0.518597  0.641795  0.548703  0.427519  0.489390  0.664594  0.633218  0.497300  0.420902  0.591374  0.473150  0.591259  0.454696  0.528787  0.485868  0.375306  0.492120  0.583388  0.665032  0.556346  0.564897  0.530260  0.532396  0.514902  0.598319  0.564474  0.413547  0.456064  0.550256  0.506126  0.465040  0.565647  0.516988  0.510625  0.587691  0.517362  0.608345  0.492884  0.515126  0.557057  0.502950  0.611411  0.509721  0.492318  0.464827  0.478126  0.746040  0.475029  0.572630  0.574013  0.431191  0.500981  0.408791  0.498187  0.533084  0.494116  0.450499  0.591314  0.553533  0.569873  0.575403  0.652344  0.436612  0.503768  0.578060  0.451151  0.473681  0.573648  0.435821  0.517839  0.451551  0.514161  0.542451  0.457433  0.589698  0.576847  0.406276  0.643406  0.620071  0.612597  0.588752  0.498821  0.520100  0.528956  0.695932  0.435587  0.515732  0.603605  0.455319  0.575264  0.459523  0.606663  0.504459  0.598433  0.638769  0.583987  0.521366  0.536076  0.671258  0.467098  0.515930  0.566184  0.555645  0.587804  0.475871  0.670586  0.609499  0.514832  0.537755  0.511944  0.490551  0.535317  0.501917  0.404315  0.540143  0.487685  0.483654  0.503389  0.429419  0.584243  0.464702  0.569793  0.532926  0.504541  0.488697  0.520854  0.528408  0.424947  0.530523  0.536505  0.521979  0.536863  0.419592  0.572095  0.455570  0.653637  0.498813  0.552849  0.553598  0.609900  0.462103  0.630010  0.533399  0.695263  0.600636  0.517728  0.533620  0.501461  0.630625  0.612551  0.462093  0.617891  0.446038  0.487950  0.534990  0.470186  0.614927  0.488700  0.563184  0.525430  0.477810  0.531801  0.593383  0.453487  0.397492  0.527476  0.667899  0.638288  0.487888  0.577764  0.607260  0.510537  0.536139  0.463112 
14  0.508567  0.535203  0.498596  0.533167  0.529530  0.568291  0.611839  0.575096  0.534330  0.540119  0.557483  0.650722  0.553890  0.610368 0.0  0.535898  0.597318  0.564157  0.598995  0.608370  0.651044  0.493107  0.637598  0.624863  0.570846  0.579860  0.633293  0.619040  0.558008  0.551144  0.571758  0.571308  0.561687  0.605824  0.574070  0.530566  0.559037  0.568360  0.600667  0.537092  0.581635  0.560444  0.554647  0.640776  0.597394  0.594429  0.575814  0.576077  0.514232  0.555716  0.582921  0.621757  0.563223  0.604749  0.554494  0.533249  0.485190  0.591634  0.539102  0.588833  0.524259  0.516020  0.687704  0.504856  0.561964  0.666130  0.561718  0.576324  0.582034  0.619391  0.658707  0.579824  0.592654  0.561846  0.661585  0.583837  0.531043  0.533636  0.591434  0.691804  0.672984  0.628431  0.669868  0.642611  0.608398  0.609657  0.522141  0.634682  0.460414  0.566705  0.610749  0.549320  0.614329  0.523510  0.675173  0.599073  0.509725  0.564447  0.548810  0.631008  0.615655  0.557020  0.619950  0.650093  0.679361  0.607126  0.660595  0.496443  0.610403  0.471006  0.571931  0.655136  0.568301  0.540251  0.617035  0.653264  0.617777  0.581874  0.495887  0.530955  0.625130  0.607763  0.577670  0.612363  0.762380  0.577202  0.616667  0.596532  0.496027  0.757612  0.528032  0.572825  0.576815  0.556074  0.667430  0.549812  0.641734  0.589027  0.586496  0.603002  0.614319  0.540786  0.551236  0.684496  0.631736  0.626384  0.486860  0.582024  0.588262  0.528322  0.541374  0.536231  0.694311  0.717489  0.551816  0.637736  0.611846  0.544652  0.705489  0.569698  0.620243  0.509327  0.607109  0.461136  0.601231  0.456743  0.543261  0.700503  0.592345  0.579782  0.596192  0.616861  0.565885  0.646328  0.642963  0.599876  0.562195  0.532909  0.586260  0.649555  0.379241  0.694289  0.557956  0.535986  0.616399  0.566578  0.601797  0.552391  0.504727  0.553982  0.572551  0.613392  0.492328  0.547543  0.508019  0.517197  0.658729 
15  0.636270  0.385342  0.678798  0.516555  0.556225  0.672955  0.651745  0.644903  0.595553  0.621230  0.728676  0.602026  0.391952  0.471384  0.535898 0.0  0.629407  0.434500  0.642182  0.369044  0.719929  0.550239  0.531996  0.758441  0.664497  0.610846  0.456649  0.525273  0.712705  0.583583  0.466711  0.398516  0.727381  0.540050  0.571874  0.720498  0.738874  0.574910  0.427138  0.605492  0.585010  0.776541  0.624142  0.599723  0.610472  0.633670  0.594418  0.564082  0.610682  0.757291  0.584555  0.627082  0.530313  0.685699  0.566055  0.509176  0.590656  0.540372  0.764327  0.578059  0.661266  0.435304  0.604779  0.539912  0.445731  0.481587  0.706413  0.526519  0.738368  0.843317  0.371259  0.560371  0.538736  0.561198  0.606155  0.446825  0.383926  0.721542  0.398472  0.410735  0.444122  0.365600  0.652163  0.582620  0.726790  0.567438  0.546252  0.661804  0.589454  0.556877  0.572428  0.381789  0.359140  0.364271  0.413434  0.684881  0.518577  0.610840  0.454496  0.479574  0.722731  0.582149  0.503877  0.566959  0.676538  0.548048  0.424682  0.735426  0.508028  0.738074  0.579412  0.582455  0.673924  0.472480  0.660529  0.677001  0.512429  0.653702  0.551304  0.512696  0.567376  0.700647  0.682612  0.499904  0.430364  0.652841  0.488822  0.642047  0.600958  0.624193  0.463846  0.566981  0.652884  0.543528  0.591860  0.578920  0.615814  0.673072  0.493519  0.448962  0.610429  0.481639  0.563057  0.458707  0.528065  0.723320  0.489964  0.492659  0.631900  0.486390  0.631586  0.427042  0.637006  0.370580  0.407985  0.516523  0.442785  0.455454  0.382484  0.598349  0.601762  0.442661  0.396594  0.462930  0.619260  0.506576  0.612249  0.734281  0.545505  0.638316  0.586837  0.687041  0.644496  0.381090  0.465077  0.392968  0.436489  0.510077  0.652561  0.462896  0.498183  0.650838  0.424944  0.608334  0.641528  0.340886  0.633496  0.557884  0.601969  0.720058  0.647280  0.392826  0.566859  0.492801  0.565373  0.763451  0.575579 
16  0.457319  0.463746  0.406200  0.667638  0.414518  0.520092  0.511406  0.452570  0.692787  0.445774  0.653414  0.399694  0.521321  0.400418  0.597318  0.629407 0.0  0.488393  0.680495  0.561933  0.510169  0.585324  0.445357  0.445312  0.591685  0.497288  0.527453  0.628658  0.505757  0.664692  0.641331  0.365479  0.540677  0.412451  0.608993  0.624660  0.591405  0.585273  0.425868  0.602709  0.561887  0.577113  0.650412  0.406566  0.612187  0.401473  0.542229  0.625374  0.431170  0.302413  0.509959  0.576609  0.459107  0.406615  0.614398  0.476206  0.373081  0.562840  0.565398  0.481083  0.458508  0.609465  0.447092  0.510729  0.591126  0.555163  0.436008  0.548216  0.354560  0.829350  0.474881  0.549493  0.665499  0.330909  0.514400  0.507446  0.553817  0.514340  0.481145  0.460459  0.571694  0.637501  0.578430  0.669352  0.682596  0.489016  0.467659  0.543624  0.342008  0.623183  0.508018  0.532758  0.478217  0.623661  0.522086  0.470002  0.511227  0.480955  0.669996  0.346502  0.511129  0.652851  0.540604  0.436577  0.497335  0.543015  0.290913  0.754645  0.361439  0.305982  0.427770  0.467006  0.541550  0.460849  0.781852  0.579429  0.575246  0.634476  0.573493  0.653742  0.589470  0.738512  0.554828  0.287537  0.547439  0.409116  0.528731  0.333681  0.508252  0.521956  0.503940  0.478607  0.492573  0.559875  0.507714  0.376063  0.402796  0.489060  0.354786  0.365403  0.466160  0.411649  0.584559  0.675569  0.381706  0.269576  0.478564  0.485894  0.600039  0.644182  0.551194  0.642787  0.452811  0.498962  0.613789  0.479166  0.561754  0.417810  0.649201  0.544819  0.603229  0.522966  0.634336  0.382986  0.643335  0.603366  0.411527  0.530494  0.584783  0.784139  0.575821  0.607400  0.553982  0.439782  0.681415  0.541097  0.486534  0.479835  0.459940  0.536347  0.491973  0.438005  0.406344  0.391196  0.688602  0.548135  0.535156  0.655340  0.568417  0.402060  0.568193  0.616689  0.507201  0.549822  0.664574  0.530448  0.488383 
17  0.534058  0.413658  0.691686  0.452191  0.583377  0.584632  0.550400  0.528815  0.660231  0.593163  0.669161  0.598610  0.341950  0.654115  0.564157  0.434500  0.488393 0.0  0.688666  0.358902  0.620655  0.518150  0.436920  0.462599  0.525962  0.577848  0.410444  0.569416  0.605591  0.600251  0.441662  0.294406  0.551149  0.582360  0.622861  0.655654  0.584128  0.608069  0.443198  0.717383  0.598656  0.606145  0.514808  0.581728  0.730736  0.630200  0.537407  0.533389  0.645913  0.502281  0.453250  0.595083  0.536902  0.530341  0.603730  0.729330  0.484260  0.659689  0.746774  0.480291  0.648382  0.357654  0.482940  0.305517  0.391851  0.320291  0.599615  0.496625  0.521235  0.804070  0.312906  0.673081  0.628581  0.587130  0.564781  0.366880  0.520194  0.677020  0.310402  0.419336  0.507055  0.379125  0.715264  0.663558  0.574330  0.693582  0.466583  0.641268  0.490586  0.658696  0.462583  0.398726  0.420610  0.416365  0.385655  0.620558  0.413802  0.559594  0.455767  0.511330  0.634759  0.596477  0.550009  0.697216  0.610429  0.588378  0.570175  0.666898  0.534515  0.664103  0.711192  0.568951  0.605429  0.504542  0.609052  0.865861  0.357120  0.499847  0.588345  0.543701  0.549105  0.555217  0.441783  0.514383  0.397439  0.717433  0.338307  0.630611  0.598801  0.618547  0.549222  0.468709  0.498521  0.526311  0.567695  0.594079  0.502167  0.654482  0.386471  0.301216  0.578229  0.478182  0.490978  0.357695  0.603708  0.578956  0.375402  0.419891  0.544977  0.487933  0.609685  0.492185  0.700934  0.238086  0.469004  0.578323  0.331985  0.332498  0.401234  0.636918  0.634534  0.319996  0.401537  0.271817  0.620281  0.535278  0.614506  0.667299  0.613304  0.604660  0.648755  0.693893  0.772009  0.280576  0.419251  0.406786  0.385838  0.536773  0.672141  0.404400  0.500522  0.539384  0.253766  0.564028  0.773680  0.341993  0.595440  0.756539  0.506077  0.539495  0.537964  0.369656  0.522810  0.452466  0.661603  0.636816  0.376145 
18  0.615520  0.710632  0.665248  0.682259  0.753386  0.700597  0.518277  0.604444  0.442373  0.651933  0.683366  0.636040  0.683867  0.551853  0.598995  0.642182  0.680495  0.688666 0.0  0.606305  0.553777  0.542437  0.526534  0.620987  0.639767  0.669860  0.730948  0.576797  0.683973  0.582474  0.611184  0.672583  0.601649  0.513606  0.740769  0.484003  0.635985  0.580991  0.469588  0.641041  0.582595  0.564566  0.611896  0.741921  0.727110  0.697466  0.562850  0.687780  0.525377  0.782699  0.688876  0.604342  0.666442  0.730656  0.663472  0.694368  0.637745  0.673758  0.562713  0.618537  0.600643  0.636240  0.533273  0.611273  0.629349  0.624786  0.591066  0.496280  0.657680  0.743082  0.630696  0.678647  0.693012  0.686060  0.724688  0.616939  0.785598  0.746089  0.606276  0.639101  0.803327  0.559222  0.561640  0.759375  0.674104  0.742110  0.455130  0.568006  0.764280  0.634426  0.579633  0.605806  0.599006  0.723296  0.584018  0.631299  0.620540  0.671276  0.561158  0.644862  0.649959  0.598912  0.513906  0.586139  0.687439  0.696187  0.595406  0.558130  0.646476  0.778178  0.569335  0.678155  0.724054  0.556213  0.652149  0.771394  0.684523  0.676105  0.511150  0.647227  0.609014  0.566716  0.694542  0.643446  0.692510  0.756809  0.599071  0.657709  0.590715  0.579498  0.544907  0.383835  0.649075  0.527767  0.567858  0.622030  0.601465  0.806324  0.686961  0.636229  0.650775  0.715848  0.713080  0.595813  0.611260  0.684346  0.762450  0.733420  0.557165  0.539241  0.532199  0.719367  0.694440  0.725301  0.626234  0.600104  0.698940  0.738581  0.635219  0.564635  0.611852  0.691296  0.697973  0.551195  0.599251  0.495100  0.557812  0.669083  0.735652  0.588396  0.595654  0.699609  0.666849  0.727125  0.719922  0.615841  0.738222  0.561772  0.623959  0.639762  0.671220  0.672864  0.668804  0.583965  0.581096  0.646949  0.495580  0.843888  0.550782  0.458047  0.566423  0.727185  0.548601  0.629520  0.644297  0.537682  0.677726 
19  0.552733  0.375032  0.675795  0.482079  0.696020  0.523870  0.596333  0.708655  0.633839  0.597965  0.507404  0.531333  0.418842  0.446006  0.608370  0.369044  0.561933  0.358902  0.606305 0.0  0.567309  0.623486  0.580300  0.723192  0.652457  0.508684  0.415304  0.635110  0.616533  0.601078  0.446871  0.368272  0.478642  0.481523  0.516527  0.651792  0.671841  0.571926  0.440910  0.514766  0.525999  0.877921  0.650057  0.624110  0.611419  0.651878  0.464034  0.543884  0.646245  0.607216  0.488247  0.572863  0.447623  0.588927  0.504787  0.535870  0.666347  0.617770  0.591064  0.540085  0.627544  0.411471  0.433942  0.403772  0.412408  0.367867  0.609047  0.505452  0.489308  0.849691  0.405466  0.605673  0.538437  0.712760  0.567826  0.360725  0.446945  0.622333  0.370710  0.399266  0.479561  0.485452  0.543652  0.711895  0.659713  0.529071  0.528596  0.571529  0.494155  0.730004  0.507997  0.341112  0.358206  0.542499  0.361232  0.622885  0.376779  0.560639  0.418192  0.634915  0.644163  0.519112  0.534712  0.590461  0.572879  0.567560  0.634707  0.612158  0.576349  0.571327  0.684022  0.739499  0.743524  0.537819  0.663126  0.646580  0.390342  0.682895  0.543830  0.522951  0.548796  0.665234  0.579585  0.471836  0.367301  0.582399  0.359099  0.642489  0.579934  0.568411  0.465855  0.468953  0.582607  0.486040  0.479324  0.568343  0.503219  0.557148  0.409758  0.450124  0.624195  0.548249  0.578473  0.432034  0.558433  0.580928  0.440073  0.444816  0.538816  0.371200  0.599306  0.484392  0.603854  0.406216  0.356812  0.615692  0.517410  0.375934  0.461913  0.638875  0.548020  0.364477  0.474998  0.366638  0.485121  0.553114  0.602809  0.646497  0.581848  0.785276  0.670962  0.792710  0.715236  0.311053  0.471371  0.397644  0.351134  0.563552  0.581606  0.489777  0.506361  0.584030  0.332767  0.607878  0.516346  0.381267  0.601870  0.584625  0.620499  0.544492  0.583025  0.446339  0.633845  0.368282  0.565467  0.742742  0.469593 
