197
0 0.0  0.552884  0.602362  0.548187  0.532658  0.577751  0.506271  0.498649  0.719124  0.650177  0.610637  0.455999  0.532840  0.440397  0.664866  0.700667  0.471844  0.506210  0.660142  0.546729  0.601386  0.629030  0.559824  0.714974  0.554111  0.729238  0.430319  0.505366  0.492027  0.722366  0.501130  0.581981  0.454448  0.367680  0.431317  0.698049  0.608395  0.633138  0.446161  0.556391  0.573958  0.608945  0.792896  0.691988  0.726058  0.569873  0.452013  0.563775  0.529892  0.614361  0.564970  0.568921  0.415325  0.461726  0.385719  0.705515  0.543428  0.752676  0.637097  0.475453  0.562277  0.557639  0.574789  0.511396  0.557442  0.569636  0.513239  0.699770  0.555015  0.849629  0.500855  0.633312  0.415610  0.360310  0.714978  0.536904  0.645890  0.551374  0.573921  0.548865  0.540433  0.663456  0.567212  0.709027  0.647620  0.533321  0.496665  0.656909  0.696465  0.720420  0.860101  0.560491  0.526079  0.565537  0.593444  0.627521  0.385060  0.686795  0.562632  0.505340  0.712492  0.698345  0.591486  0.597477  0.612568  0.609940  0.647362  0.709868  0.546631  0.541654  0.582104  0.568948  0.599923  0.541636  0.681236  0.679684  0.524245  0.623121  0.576835  0.556634  0.617288  0.720110  0.800345  0.474417  0.578737  0.578791  0.498146  0.674289  0.586569  0.539157  0.513708  0.506944  0.653632  0.396456  0.616413  0.481186  0.602935  0.545318  0.235853  0.511293  0.608660  0.399201  0.738424  0.477962  0.640970  0.460398  0.368324  0.572259  0.656775  0.625083  0.606926  0.694543  0.682273  0.599834  0.500143  0.577259  0.563158  0.568849  0.599687  0.644006  0.765011  0.485660  0.476714  0.425484  0.568291  0.431584  0.352640  0.640035  0.579162  0.761056  0.740883  0.695959  0.554421  0.609753  0.690942  0.605781  0.454044  0.552165  0.648876  0.564576  0.445787  0.712401  0.483130  0.681727  0.594835  0.518958  0.569476  0.715607  0.569912  0.450790  0.513728  0.612983  0.508732  0.509627  0.744083  0.640753  0.442903 
1  0.552884 0.0  0.634859  0.524214  0.675303  0.567283  0.518896  0.570089  0.713672  0.739902  0.587329  0.577547  0.460274  0.560820  0.654981  0.511290  0.658251  0.450958  0.645228  0.328786  0.664807  0.717302  0.541260  0.629314  0.651025  0.677538  0.423982  0.544099  0.590347  0.696973  0.406679  0.429825  0.650722  0.554179  0.546145  0.626645  0.634863  0.548240  0.456211  0.574562  0.593161  0.750866  0.649985  0.767758  0.679296  0.689932  0.634280  0.651049  0.674334  0.554342  0.521077  0.614748  0.437930  0.497108  0.656967  0.574584  0.605647  0.687639  0.637810  0.743054  0.599099  0.436942  0.418510  0.370786  0.443758  0.320421  0.493175  0.559448  0.710352  0.883829  0.447414  0.601142  0.499238  0.684105  0.641552  0.421441  0.618255  0.566590  0.427597  0.336522  0.506775  0.488243  0.665486  0.766898  0.580073  0.590123  0.435689  0.606266  0.525759  0.590456  0.560909  0.416136  0.384451  0.531661  0.386570  0.831407  0.435687  0.554312  0.482605  0.700988  0.700418  0.574779  0.519108  0.628026  0.574159  0.510195  0.609312  0.652444  0.575453  0.687745  0.661573  0.583282  0.685452  0.437863  0.762162  0.524880  0.440649  0.631580  0.642964  0.542588  0.502310  0.792593  0.584446  0.626259  0.434064  0.652935  0.457745  0.666022  0.629947  0.546902  0.639624  0.454588  0.428191  0.450421  0.690538  0.518979  0.565548  0.775691  0.422908  0.337595  0.703241  0.467205  0.678357  0.380975  0.621428  0.614957  0.464818  0.416948  0.583204  0.308708  0.548189  0.387368  0.779223  0.459741  0.456032  0.494215  0.441098  0.441458  0.598728  0.575706  0.717625  0.431123  0.506537  0.362592  0.558767  0.502504  0.627715  0.706067  0.692806  0.750827  0.677994  0.611739  0.654806  0.323755  0.511324  0.456940  0.460587  0.635071  0.676944  0.397442  0.694259  0.618936  0.326959  0.494474  0.492272  0.438835  0.593314  0.618133  0.652376  0.590221  0.489319  0.436833  0.600671  0.410860  0.541453  0.692695  0.519980 
2  0.602362  0.634859 0.0  0.639745  0.750342  0.628608  0.648859  0.573016  0.561929  0.591832  0.614678  0.556074  0.558628  0.632016  0.628208  0.718171  0.399045  0.673922  0.704613  0.597378  0.539976  0.613246  0.491386  0.601473  0.613555  0.625866  0.618552  0.629596  0.623802  0.637922  0.630972  0.617757  0.519965  0.568915  0.674696  0.695509  0.567975  0.511531  0.668935  0.495891  0.690315  0.639939  0.658946  0.553991  0.657843  0.543835  0.681863  0.731700  0.584294  0.475392  0.669005  0.489501  0.581153  0.435937  0.826020  0.463796  0.521888  0.704531  0.505227  0.641897  0.552438  0.558520  0.573664  0.569246  0.835758  0.664655  0.551889  0.544443  0.563526  0.705015  0.644691  0.672045  0.553715  0.441091  0.604463  0.680303  0.598571  0.564118  0.676063  0.584299  0.649193  0.503267  0.578024  0.669884  0.559065  0.522110  0.541351  0.531052  0.456660  0.536272  0.731465  0.563893  0.647048  0.515020  0.693616  0.492225  0.538648  0.616251  0.755982  0.521372  0.642968  0.632030  0.595003  0.588017  0.480335  0.587753  0.558110  0.504491  0.610291  0.416214  0.511312  0.518349  0.605486  0.638498  0.585357  0.596302  0.598233  0.617459  0.544827  0.660518  0.537518  0.633862  0.464262  0.511721  0.735152  0.421831  0.564472  0.577276  0.655727  0.433526  0.743490  0.567227  0.572823  0.511799  0.446789  0.578276  0.517257  0.561656  0.721548  0.693563  0.520287  0.698181  0.536222  0.649464  0.625394  0.582262  0.729247  0.553151  0.533987  0.621826  0.504529  0.761882  0.706841  0.638184  0.499157  0.410236  0.654935  0.646904  0.595002  0.533879  0.637971  0.587708  0.745183  0.483866  0.688140  0.568552  0.577587  0.769007  0.603305  0.664181  0.714656  0.699045  0.660952  0.634936  0.633675  0.645261  0.652860  0.603443  0.518620  0.632329  0.566274  0.563886  0.642574  0.595656  0.547130  0.606405  0.457592  0.641672  0.625247  0.484138  0.678693  0.615051  0.588489  0.601438  0.486512  0.734937  0.609938 
3  0.548187  0.524214  0.639745 0.0  0.590012  0.583548  0.632580  0.645221  0.624147  0.784121  0.712480  0.651691  0.441129  0.759642  0.626535  0.493108  0.736855  0.422001  0.689602  0.491388  0.637334  0.562138  0.575503  0.910603  0.662874  0.645320  0.605701  0.607926  0.644735  0.626255  0.450504  0.443304  0.578094  0.610539  0.647339  0.629717  0.669499  0.735306  0.583546  0.584044  0.562357  0.627245  0.453136  0.814265  0.602622  0.670129  0.667217  0.609294  0.578650  0.737903  0.632674  0.590435  0.640680  0.813921  0.695612  0.721677  0.668570  0.755288  0.611244  0.521245  0.606954  0.467980  0.693743  0.501494  0.385448  0.427612  0.691942  0.627070  0.558644  0.747137  0.447098  0.880578  0.606695  0.700889  0.824378  0.432265  0.421777  0.708270  0.396612  0.594377  0.428619  0.446291  0.632377  0.658192  0.615466  0.701772  0.461011  0.650293  0.716789  0.704022  0.764643  0.491096  0.398646  0.524106  0.448939  0.743693  0.380671  0.780375  0.447672  0.729659  0.747196  0.721441  0.625140  0.562576  0.483415  0.566703  0.666858  0.777786  0.602950  0.833758  0.660854  0.626559  0.686615  0.664741  0.640884  0.693244  0.416959  0.671024  0.589539  0.585108  0.691508  0.673626  0.693190  0.710403  0.588364  0.687503  0.558555  0.835229  0.581858  0.468698  0.560335  0.585037  0.875149  0.707971  0.725317  0.588340  0.698805  0.797172  0.335910  0.400346  0.743138  0.486549  0.741727  0.426217  0.722192  0.615217  0.531669  0.448619  0.588295  0.473203  0.633241  0.454759  0.658603  0.448266  0.471045  0.676034  0.514672  0.569976  0.411710  0.641414  0.689456  0.489800  0.472465  0.445666  0.698705  0.587937  0.527115  0.753015  0.527100  0.697217  0.651895  0.811192  0.740553  0.428194  0.546976  0.548216  0.628455  0.594564  0.693401  0.470098  0.606373  0.662581  0.468106  0.616218  0.629617  0.404114  0.645813  0.733359  0.620644  0.478318  0.641411  0.498716  0.635272  0.387770  0.783340  0.728222  0.589975 
4  0.532658  0.675303  0.750342  0.590012 0.0  0.646437  0.642788  0.450736  0.716208  0.653043  0.579719  0.520110  0.553304  0.611184  0.583051  0.689711  0.508771  0.486816  0.810461  0.658603  0.597514  0.615908  0.604871  0.526289  0.492923  0.667348  0.787080  0.447692  0.365721  0.522218  0.602361  0.590417  0.532628  0.593844  0.572459  0.651943  0.620109  0.583074  0.612274  0.553555  0.565925  0.658900  0.584639  0.333435  0.624943  0.424795  0.496773  0.642346  0.459828  0.722507  0.644698  0.757647  0.653930  0.513175  0.571209  0.629854  0.532311  0.736135  0.652193  0.542110  0.605907  0.678218  0.533355  0.702909  0.647761  0.750621  0.631967  0.599643  0.377926  0.758023  0.675221  0.525753  0.543790  0.310120  0.757711  0.698786  0.632697  0.607968  0.644934  0.657146  0.589790  0.658702  0.538594  0.686453  0.571696  0.688755  0.592333  0.656157  0.612105  0.730016  0.678280  0.585090  0.684650  0.669178  0.625483  0.527786  0.620192  0.489464  0.738452  0.681560  0.749937  0.687639  0.541603  0.577938  0.527363  0.662276  0.447857  0.754988  0.495444  0.603841  0.606292  0.556298  0.694927  0.543061  0.649521  0.463734  0.743751  0.730888  0.669279  0.676136  0.588215  0.582125  0.804900  0.586776  0.672320  0.405418  0.695752  0.492134  0.607600  0.496953  0.666435  0.634797  0.737889  0.636754  0.584408  0.462246  0.637327  0.641825  0.503280  0.518226  0.670689  0.552319  0.630890  0.745687  0.393987  0.618962  0.773630  0.706195  0.597423  0.798080  0.687901  0.776142  0.511677  0.671831  0.727746  0.578098  0.720907  0.710360  0.699592  0.640648  0.697137  0.718152  0.759117  0.610994  0.735447  0.586598  0.529209  0.513679  0.631508  0.668248  0.766356  0.490809  0.587934  0.701127  0.663515  0.690965  0.651577  0.661187  0.590787  0.662109  0.531433  0.470955  0.635024  0.518935  0.507258  0.695071  0.649688  0.743581  0.458616  0.577833  0.483197  0.617933  0.671104  0.708819  0.753332  0.693387  0.673071 
5  0.577751  0.567283  0.628608  0.583548  0.646437 0.0  0.559705  0.495294  0.689118  0.685579  0.709218  0.646841  0.593083  0.534285  0.599224  0.588672  0.599336  0.612075  0.644679  0.712796  0.528608  0.709649  0.552565  0.559593  0.566727  0.557329  0.574801  0.689576  0.544514  0.563879  0.554816  0.530800  0.572055  0.619313  0.485137  0.615886  0.659968  0.639700  0.727410  0.625442  0.585447  0.670754  0.646609  0.542642  0.535420  0.625310  0.650381  0.579985  0.599919  0.691843  0.578103  0.553102  0.611330  0.530949  0.739391  0.509240  0.609744  0.564148  0.686028  0.506656  0.521343  0.619952  0.584657  0.577230  0.680499  0.646778  0.458964  0.578915  0.386662  0.764148  0.559954  0.506172  0.471025  0.605112  0.629182  0.629840  0.569996  0.584701  0.582144  0.589104  0.581122  0.553756  0.554492  0.539386  0.714713  0.507111  0.539274  0.606529  0.529093  0.587551  0.702439  0.530779  0.525461  0.556236  0.648340  0.695969  0.601202  0.565007  0.657515  0.560203  0.544954  0.671153  0.585631  0.638511  0.556086  0.749235  0.468868  0.602417  0.590924  0.543132  0.619398  0.604212  0.624578  0.634903  0.652175  0.557648  0.607904  0.687653  0.568084  0.609428  0.678976  0.612222  0.524518  0.617628  0.701863  0.501853  0.531790  0.629647  0.668012  0.523453  0.648929  0.654818  0.637157  0.602754  0.666151  0.555300  0.524422  0.604609  0.690131  0.661399  0.639296  0.585555  0.631530  0.534864  0.776641  0.654113  0.442014  0.634328  0.596250  0.692227  0.632894  0.519103  0.489234  0.610266  0.652278  0.595855  0.586942  0.655023  0.571622  0.698476  0.681577  0.688027  0.736824  0.568481  0.590932  0.650302  0.569104  0.679689  0.522646  0.645977  0.687650  0.557064  0.735308  0.605926  0.628250  0.609202  0.631505  0.563781  0.606025  0.498863  0.511080  0.607804  0.622364  0.514524  0.508499  0.536215  0.619359  0.647471  0.627791  0.413948  0.596312  0.667350  0.593822  0.569146  0.550447  0.564407  0.544053 
6  0.506271  0.518896  0.648859  0.632580  0.642788  0.559705 0.0  0.786323  0.525942  0.662670  0.663138  0.584339  0.730983  0.746447  0.540703  0.659222  0.553127  0.606488  0.578137  0.569974  0.649353  0.685604  0.569257  0.574893  0.643824  0.586128  0.647565  0.482508  0.570445  0.670485  0.530397  0.563849  0.634161  0.659721  0.548052  0.635693  0.492621  0.615486  0.585492  0.547309  0.596987  0.749025  0.545472  0.620886  0.606320  0.609131  0.699173  0.502660  0.592912  0.464966  0.473078  0.709178  0.646153  0.491149  0.569203  0.717146  0.675120  0.662931  0.553063  0.629358  0.621093  0.517214  0.617227  0.556223  0.572701  0.584270  0.589444  0.651164  0.636834  0.637922  0.568118  0.722947  0.660777  0.615114  0.693341  0.545233  0.550657  0.641012  0.608019  0.512030  0.597598  0.498366  0.547319  0.665939  0.623976  0.658716  0.577439  0.585913  0.519696  0.720268  0.557342  0.461378  0.555969  0.576443  0.560712  0.581935  0.519315  0.715186  0.543362  0.685546  0.661184  0.586383  0.546507  0.515846  0.591867  0.629977  0.511632  0.504119  0.626379  0.602229  0.511051  0.636170  0.509742  0.685878  0.686216  0.600070  0.566054  0.480856  0.624967  0.574145  0.666552  0.588389  0.548933  0.453555  0.478272  0.592813  0.598396  0.575559  0.573566  0.569555  0.579669  0.666652  0.649885  0.630677  0.612849  0.601838  0.672684  0.656696  0.480601  0.586219  0.632613  0.556114  0.619241  0.548221  0.701996  0.573938  0.573846  0.723124  0.530640  0.647389  0.566651  0.591140  0.678645  0.537891  0.666446  0.548475  0.580126  0.598778  0.511658  0.472247  0.629643  0.487868  0.492463  0.511863  0.594622  0.643893  0.551951  0.581997  0.617135  0.731997  0.629247  0.577124  0.482878  0.530163  0.529447  0.499417  0.618531  0.747728  0.698228  0.693468  0.593799  0.523967  0.532098  0.518727  0.716186  0.574834  0.564161  0.662138  0.554595  0.564348  0.619969  0.689264  0.530378  0.532653  0.644194  0.603397  0.617945 
7  0.498649  0.570089  0.573016  0.645221  0.450736  0.495294  0.786323 0.0  0.527122  0.602648  0.575828  0.571736  0.566240  0.465814  0.548408  0.658536  0.488752  0.630850  0.582256  0.642110  0.537547  0.595463  0.622339  0.542175  0.514456  0.602933  0.551676  0.518008  0.549511  0.583521  0.586637  0.520892  0.507680  0.365098  0.570522  0.471039  0.565261  0.568349  0.616533  0.466656  0.531218  0.512754  0.616317  0.590608  0.612071  0.541147  0.427411  0.711385  0.363284  0.510606  0.622893  0.657094  0.587963  0.465755  0.723631  0.456195  0.671991  0.507155  0.564945  0.615223  0.616043  0.613142  0.555255  0.714049  0.843634  0.647909  0.368226  0.631307  0.500081  0.846745  0.687521  0.409144  0.676784  0.562050  0.630942  0.757149  0.654060  0.630607  0.628371  0.725923  0.754581  0.662084  0.626773  0.630612  0.458104  0.626556  0.400014  0.368493  0.419436  0.518396  0.504510  0.734274  0.569726  0.610068  0.644586  0.599713  0.630774  0.407670  0.738519  0.432849  0.661386  0.769235  0.574110  0.686390  0.603736  0.500849  0.455538  0.730763  0.566125  0.546555  0.639434  0.448052  0.479005  0.321557  0.654591  0.416821  0.697974  0.627046  0.563041  0.550544  0.634057  0.516952  0.653487  0.540878  0.732922  0.443766  0.640352  0.558573  0.522200  0.459882  0.592655  0.589108  0.519042  0.571509  0.465204  0.525790  0.576137  0.755482  0.487857  0.473431  0.411376  0.487821  0.627706  0.687085  0.454667  0.606964  0.602787  0.616750  0.711499  0.605517  0.501750  0.696996  0.502892  0.607864  0.630853  0.509479  0.672488  0.643335  0.696410  0.675877  0.616601  0.563089  0.720934  0.625839  0.562443  0.535265  0.405630  0.711448  0.558668  0.700862  0.646691  0.610751  0.571443  0.664376  0.571169  0.743071  0.602265  0.505324  0.658069  0.698497  0.537709  0.626981  0.629363  0.571207  0.616321  0.668843  0.432800  0.697336  0.610869  0.551473  0.688893  0.708939  0.594390  0.633471  0.682887  0.501255  0.654335 
8  0.719124  0.713672  0.561929  0.624147  0.716208  0.689118  0.525942  0.527122 0.0  0.636926  0.621114  0.521503  0.511463  0.587896  0.656237  0.646248  0.710896  0.692990  0.570471  0.589962  0.637701  0.406889  0.573626  0.369532  0.635618  0.609810  0.572730  0.634077  0.764675  0.389656  0.725580  0.622034  0.823844  0.533876  0.766947  0.561759  0.602104  0.575006  0.584635  0.558208  0.557712  0.461058  0.578401  0.573115  0.520069  0.735791  0.594382  0.524429  0.529831  0.765897  0.716415  0.580143  0.632669  0.596120  0.597482  0.678383  0.718860  0.639891  0.649235  0.537417  0.633230  0.609966  0.555222  0.673174  0.562587  0.422119  0.506080  0.663633  0.848864  0.795322  0.565648  0.544347  0.664738  0.597843  0.547926  0.620252  0.591863  0.630182  0.671019  0.537488  0.483348  0.661201  0.503538  0.494506  0.439217  0.633610  0.554352  0.496479  0.587183  0.517057  0.386470  0.542004  0.526321  0.660394  0.600287  0.640988  0.665637  0.502000  0.579030  0.526751  0.722110  0.550269  0.543817  0.729274  0.560365  0.594410  0.691848  0.566317  0.727854  0.612606  0.624496  0.545143  0.537122  0.603010  0.683501  0.651673  0.649340  0.655339  0.548440  0.478914  0.602573  0.548967  0.716169  0.734530  0.646137  0.630710  0.584620  0.715663  0.513479  0.554745  0.531297  0.581597  0.594419  0.662532  0.630245  0.605003  0.584021  0.712727  0.660737  0.648297  0.533503  0.736499  0.699356  0.638780  0.647584  0.708009  0.640207  0.684160  0.519458  0.630501  0.571133  0.567423  0.669212  0.621917  0.613900  0.540205  0.629192  0.626419  0.651604  0.475153  0.575734  0.745706  0.472855  0.672962  0.564203  0.498109  0.576609  0.678209  0.550094  0.486896  0.598911  0.645708  0.653101  0.758976  0.597812  0.635487  0.537670  0.505648  0.646116  0.644929  0.730179  0.586933  0.828474  0.597860  0.625500  0.592515  0.511854  0.696903  0.618082  0.645044  0.832844  0.598570  0.631609  0.576192  0.555014  0.504105  0.662759 
9  0.650177  0.739902  0.591832  0.784121  0.653043  0.685579  0.662670  0.602648  0.636926 0.0  0.831838  0.461405  0.585520  0.498554  0.711146  0.684527  0.485548  0.661629  0.676486  0.659042  0.658061  0.592346  0.637030  0.636439  0.708480  0.573876  0.663251  0.692002  0.546852  0.649087  0.693403  0.510933  0.614726  0.581205  0.573422  0.592595  0.651073  0.672097  0.481960  0.711110  0.535108  0.828695  0.674917  0.439965  0.664739  0.503301  0.654106  0.635927  0.747379  0.567157  0.496399  0.646175  0.552141  0.526926  0.649617  0.638757  0.371139  0.596768  0.702692  0.588136  0.480744  0.608853  0.542283  0.710511  0.614589  0.687924  0.515125  0.577422  0.426173  0.748846  0.689390  0.546708  0.654488  0.444847  0.666342  0.716331  0.790043  0.678115  0.664323  0.657015  0.650345  0.779102  0.722031  0.644502  0.732924  0.688312  0.575711  0.639103  0.611015  0.581503  0.493740  0.651270  0.646099  0.791921  0.540874  0.518745  0.742967  0.575831  0.715548  0.462822  0.588821  0.731178  0.756313  0.630933  0.577939  0.658727  0.489762  0.762077  0.360787  0.388804  0.563755  0.615680  0.660138  0.672208  0.776331  0.557783  0.764422  0.771695  0.608589  0.569305  0.569742  0.771042  0.634835  0.516684  0.752484  0.641569  0.732162  0.409130  0.742765  0.752169  0.724523  0.600798  0.563238  0.546119  0.526433  0.569956  0.555492  0.739133  0.760339  0.540071  0.756601  0.464226  0.586334  0.599348  0.356761  0.360068  0.595454  0.665017  0.555545  0.636320  0.645768  0.584196  0.590538  0.651948  0.635866  0.504191  0.726502  0.635223  0.733919  0.754486  0.567802  0.658604  0.719864  0.632270  0.670299  0.669051  0.619095  0.753559  0.638527  0.658667  0.660243  0.704830  0.648284  0.645363  0.675693  0.634190  0.714366  0.625519  0.434656  0.619712  0.461333  0.677025  0.665331  0.444421  0.736645  0.549492  0.533326  0.590962  0.619783  0.551637  0.665350  0.720655  0.599567  0.643067  0.527812  0.527409  0.769442 
10  0.610637  0.587329  0.614678  0.712480  0.579719  0.709218  0.663138  0.575828  0.621114  0.831838 0.0  0.715112  0.650249  0.556725  0.773557  0.657602  0.615221  0.751349  0.726774  0.666163  0.602915  0.646488  0.594673  0.763677  0.603261  0.750406  0.840930  0.629951  0.578092  0.657693  0.500715  0.688009  0.480897  0.649414  0.646776  0.710692  0.389599  0.425362  0.827677  0.467164  0.653318  0.520423  0.482247  0.659104  0.587838  0.649472  0.673891  0.687844  0.654193  0.661737  0.788671  0.626470  0.693743  0.549250  0.648372  0.673957  0.971343  0.716085  0.353169  0.534155  0.780988  0.544517  0.568766  0.729674  0.544265  0.709935  0.710625  0.731063  0.574613  0.742461  0.692961  0.632683  0.705430  0.613947  0.643965  0.833699  0.633524  0.401615  0.576128  0.766065  0.567046  0.674244  0.498511  0.555505  0.610326  0.730500  0.631117  0.620793  0.680038  0.705614  0.833190  0.625870  0.629593  0.729396  0.659512  0.840127  0.616767  0.678974  0.580248  0.783952  0.670578  0.392883  0.462809  0.572898  0.627693  0.531388  0.693155  0.481051  0.754150  0.699561  0.648373  0.636337  0.711634  0.576315  0.401161  0.400121  0.599893  0.466630  0.530758  0.634602  0.631357  0.551144  0.679019  0.674943  0.631927  0.574375  0.632739  0.921475  0.593431  0.544445  0.745395  0.707482  0.576416  0.540417  0.726290  0.677509  0.715920  0.673656  0.517606  0.657121  0.577581  0.679597  0.702443  0.534598  0.769017  0.789053  0.609690  0.762589  0.656313  0.704122  0.610099  0.558780  0.677089  0.725630  0.588188  0.588747  0.619150  0.708071  0.673090  0.597295  0.753182  0.683272  0.807729  0.627588  0.623312  0.759008  0.511270  0.631803  0.500526  0.588024  0.739206  0.440967  0.583242  0.685132  0.568334  0.620164  0.622893  0.626409  0.748776  0.701224  0.592983  0.608527  0.668931  0.727923  0.487201  0.593059  0.683144  0.631340  0.573510  0.609199  0.573125  0.633570  0.544852  0.518135  0.709087  0.716765  0.828275 
11  0.455999  0.577547  0.556074  0.651691  0.520110  0.646841  0.584339  0.571736  0.521503  0.461405  0.715112 0.0  0.620224  0.431558  0.688391  0.638368  0.537699  0.603831  0.563880  0.656370  0.580002  0.546022  0.521627  0.522863  0.606835  0.544960  0.511214  0.638479  0.518686  0.654542  0.593578  0.599420  0.658759  0.477745  0.543023  0.673435  0.611648  0.656205  0.663166  0.446025  0.618032  0.803290  0.654953  0.406925  0.665381  0.433739  0.506519  0.695800  0.647481  0.574380  0.582957  0.679134  0.482695  0.558237  0.708339  0.596073  0.462272  0.642203  0.651592  0.587665  0.459041  0.677621  0.536759  0.608489  0.618881  0.600536  0.410420  0.588574  0.556282  0.681080  0.516560  0.747210  0.631691  0.353233  0.849220  0.540555  0.720353  0.617963  0.586859  0.633167  0.610390  0.607234  0.775098  0.747755  0.638185  0.596328  0.524628  0.521501  0.576079  0.696357  0.601078  0.512303  0.513778  0.664095  0.546001  0.439415  0.663196  0.677807  0.697305  0.623222  0.673087  0.721312  0.638311  0.533397  0.506802  0.491037  0.322659  0.704940  0.526991  0.378520  0.393469  0.688516  0.520096  0.456845  0.699877  0.621989  0.682798  0.659151  0.599091  0.587060  0.652334  0.696885  0.661370  0.447283  0.532362  0.564226  0.625925  0.537047  0.581313  0.703007  0.566960  0.463516  0.418298  0.511815  0.500777  0.519284  0.585777  0.600938  0.587942  0.539777  0.598032  0.490602  0.647017  0.623095  0.393629  0.343579  0.624406  0.639435  0.535496  0.470075  0.576248  0.499203  0.509326  0.605365  0.597878  0.528853  0.692885  0.672621  0.736754  0.553425  0.666674  0.591049  0.663713  0.484866  0.782176  0.554841  0.611590  0.631715  0.604775  0.646926  0.657937  0.686187  0.667665  0.587974  0.681565  0.642641  0.458365  0.528897  0.543056  0.798130  0.505691  0.549674  0.557819  0.400822  0.657506  0.791395  0.527007  0.574769  0.629004  0.545737  0.708501  0.655190  0.666146  0.713388  0.622599  0.428930  0.646467 
12  0.532840  0.460274  0.558628  0.441129  0.553304  0.593083  0.730983  0.566240  0.511463  0.585520  0.650249  0.620224 0.0  0.509530  0.628458  0.323408  0.512683  0.389876  0.698665  0.348030  0.649635  0.545370  0.535976  0.580568  0.581635  0.482606  0.434108  0.517591  0.628892  0.809649  0.501639  0.286142  0.551919  0.560505  0.598369  0.644215  0.600628  0.570333  0.372009  0.605232  0.563558  0.608735  0.609845  0.645668  0.628551  0.647419  0.609160  0.571991  0.566711  0.672772  0.482758  0.624001  0.577728  0.655019  0.543567  0.682462  0.636084  0.698410  0.713679  0.591199  0.602950  0.393110  0.527918  0.488475  0.380966  0.403600  0.540135  0.475777  0.619855  0.793182  0.279964  0.658912  0.473125  0.659969  0.604559  0.465748  0.460685  0.515020  0.388583  0.250938  0.401011  0.437505  0.591012  0.602627  0.581658  0.554348  0.510040  0.598915  0.513132  0.640556  0.495017  0.349845  0.430095  0.367264  0.378492  0.601118  0.468404  0.550599  0.420972  0.610272  0.792244  0.587434  0.569266  0.719368  0.559465  0.529705  0.535753  0.775014  0.553807  0.697200  0.790475  0.549696  0.776175  0.466325  0.661221  0.782668  0.377594  0.688873  0.532020  0.601745  0.544628  0.584824  0.605171  0.657331  0.359641  0.605344  0.440458  0.670137  0.540941  0.541155  0.517430  0.578953  0.574938  0.503696  0.581873  0.654224  0.508322  0.681312  0.412173  0.307404  0.605495  0.509237  0.536092  0.393376  0.511592  0.637754  0.451517  0.298437  0.520495  0.347927  0.812140  0.438394  0.545574  0.244210  0.511842  0.623223  0.438076  0.403098  0.556160  0.539601  0.568705  0.221269  0.480502  0.415952  0.600303  0.593843  0.529658  0.732524  0.536465  0.618238  0.529960  0.706116  0.659607  0.395001  0.446113  0.369892  0.382239  0.625768  0.645853  0.450855  0.467189  0.457761  0.380273  0.521557  0.620905  0.471164  0.648474  0.737434  0.658870  0.615048  0.573060  0.399140  0.563705  0.371901  0.591723  0.670467  0.431379 
13  0.440397  0.560820  0.632016  0.759642  0.611184  0.534285  0.746447  0.465814  0.587896  0.498554  0.556725  0.431558  0.509530 0.0  0.529589  0.538785  0.378792  0.454133  0.751686  0.474810  0.609620  0.400393  0.558736  0.479608  0.553498  0.519504  0.524620  0.668785  0.598660  0.601649  0.590280  0.354476  0.573438  0.520195  0.631164  0.538597  0.596790  0.617472  0.483701  0.624976  0.498466  0.663696  0.528947  0.633823  0.605442  0.564859  0.592379  0.658899  0.646116  0.493383  0.488592  0.603469  0.574007  0.498289  0.542106  0.505257  0.453530  0.692068  0.564457  0.576243  0.526873  0.537037  0.624441  0.531463  0.648989  0.493152  0.438296  0.529657  0.504678  0.812933  0.458726  0.500611  0.661603  0.453675  0.557281  0.452635  0.627508  0.616773  0.391412  0.474565  0.527233  0.634469  0.667561  0.724479  0.625907  0.433516  0.621718  0.561489  0.529827  0.497289  0.423910  0.439283  0.570044  0.591678  0.505555  0.471807  0.516371  0.577126  0.740688  0.437883  0.615826  0.567118  0.748574  0.659546  0.455164  0.584561  0.442874  0.699436  0.395109  0.634216  0.505722  0.427707  0.636985  0.519131  0.647737  0.509674  0.495880  0.640327  0.579746  0.480778  0.625119  0.675210  0.476097  0.481975  0.560837  0.507649  0.584318  0.606184  0.612445  0.564826  0.478830  0.431287  0.594357  0.499108  0.504046  0.590892  0.416830  0.589464  0.501305  0.550570  0.548615  0.380437  0.547024  0.682696  0.619972  0.643145  0.453633  0.611831  0.557189  0.578440  0.592488  0.581369  0.626339  0.599992  0.578999  0.449599  0.558138  0.557505  0.530719  0.543673  0.668131  0.508754  0.596123  0.371203  0.702621  0.536785  0.693014  0.656671  0.620615  0.605834  0.603886  0.610781  0.676865  0.583781  0.550322  0.409714  0.492627  0.644899  0.455440  0.560578  0.355921  0.499983  0.471894  0.481157  0.569462  0.585805  0.522640  0.478818  0.676793  0.560058  0.540296  0.410886  0.640957  0.556826  0.539230  0.603267  0.553701 
14  0.664866  0.654981  0.628208  0.626535  0.583051  0.599224  0.540703  0.548408  0.656237  0.711146  0.773557  0.688391  0.628458  0.529589 0.0  0.627863  0.689657  0.623128  0.655384  0.561230  0.661831  0.667931  0.700510  0.603005  0.481260  0.549418  0.564429  0.563762  0.551367  0.580581  0.656136  0.756252  0.478995  0.638233  0.451637  0.623540  0.598523  0.551278  0.594502  0.599105  0.664440  0.555265  0.599244  0.709274  0.615544  0.554189  0.626162  0.644792  0.541290  0.584008  0.635941  0.530028  0.522881  0.471718  0.592067  0.594944  0.646563  0.582442  0.552895  0.656394  0.594067  0.676875  0.578546  0.562375  0.629451  0.630001  0.534831  0.599481  0.632510  0.584978  0.555942  0.539790  0.557458  0.534516  0.598641  0.577353  0.629837  0.599735  0.596061  0.574931  0.627587  0.685800  0.606661  0.583191  0.607636  0.655995  0.517313  0.550316  0.570404  0.652277  0.715056  0.586357  0.541384  0.506029  0.586178  0.531593  0.628492  0.598746  0.533066  0.641302  0.618834  0.648516  0.702377  0.655034  0.589881  0.603931  0.662312  0.460879  0.658185  0.572344  0.634153  0.685784  0.533969  0.623911  0.554187  0.548917  0.571591  0.595368  0.593206  0.631728  0.593519  0.599599  0.578065  0.632998  0.625513  0.684450  0.616452  0.676067  0.677502  0.595704  0.596361  0.646674  0.631664  0.562365  0.690853  0.615449  0.557393  0.578765  0.615488  0.513071  0.744695  0.545221  0.679728  0.694196  0.539072  0.641207  0.684650  0.605891  0.669768  0.479357  0.581642  0.667653  0.687334  0.645749  0.622069  0.593563  0.544572  0.612187  0.701765  0.569200  0.581994  0.515677  0.568086  0.586888  0.583897  0.615515  0.663900  0.578381  0.667774  0.546307  0.562010  0.565001  0.634157  0.604739  0.577916  0.661113  0.705355  0.540008  0.539110  0.626092  0.622618  0.734869  0.621602  0.646068  0.635126  0.588306  0.657462  0.668126  0.579427  0.572214  0.548878  0.705206  0.605094  0.485188  0.618866  0.745621  0.611203 
15  0.700667  0.511290  0.718171  0.493108  0.689711  0.588672  0.659222  0.658536  0.646248  0.684527  0.657602  0.638368  0.323408  0.538785  0.627863 0.0  0.669507  0.500135  0.647767  0.474994  0.692448  0.544516  0.519189  0.648067  0.621078  0.568405  0.447891  0.573173  0.773829  0.678807  0.497853  0.558004  0.686644  0.516712  0.569120  0.653309  0.634374  0.678335  0.516980  0.713866  0.504855  0.713326  0.507581  0.639985  0.548328  0.765889  0.641708  0.541495  0.642104  0.686782  0.610594  0.678683  0.511615  0.667320  0.661319  0.604020  0.701676  0.705859  0.672942  0.648889  0.618450  0.452851  0.600026  0.453922  0.516029  0.496175  0.620559  0.749568  0.649139  0.739361  0.332806  0.578864  0.651281  0.668218  0.682969  0.495402  0.609687  0.746228  0.370448  0.448298  0.497382  0.449903  0.734533  0.722159  0.646839  0.590452  0.656096  0.665384  0.651106  0.515561  0.483963  0.362202  0.497081  0.390520  0.481901  0.573044  0.547796  0.642684  0.383250  0.606491  0.652233  0.603671  0.690880  0.745617  0.651156  0.555785  0.656737  0.610587  0.610750  0.741245  0.632713  0.656309  0.729343  0.479295  0.589315  0.708736  0.441900  0.691381  0.636107  0.602497  0.539452  0.623183  0.699900  0.713489  0.469457  0.588875  0.470047  0.663828  0.597999  0.679625  0.517156  0.544354  0.578674  0.670228  0.534321  0.590639  0.610969  0.686903  0.519793  0.449555  0.694727  0.654009  0.573885  0.367558  0.570040  0.664655  0.470547  0.552346  0.538625  0.452949  0.704695  0.352576  0.686080  0.430841  0.451209  0.650094  0.548829  0.486888  0.402054  0.638906  0.610458  0.376244  0.541692  0.342691  0.632593  0.552669  0.564987  0.749311  0.592815  0.568146  0.711781  0.663171  0.637663  0.387174  0.483248  0.404657  0.467422  0.451422  0.691097  0.451203  0.632393  0.609939  0.380589  0.675887  0.564716  0.481692  0.651522  0.520667  0.722866  0.704759  0.619812  0.441817  0.642990  0.596407  0.634258  0.645715  0.586426 
16  0.471844  0.658251  0.399045  0.736855  0.508771  0.599336  0.553127  0.488752  0.710896  0.485548  0.615221  0.537699  0.512683  0.378792  0.689657  0.669507 0.0  0.605228  0.704771  0.506006  0.694417  0.535475  0.581423  0.581244  0.550224  0.619517  0.541454  0.636003  0.544283  0.600004  0.664105  0.387990  0.542362  0.459984  0.723555  0.674243  0.573446  0.740034  0.446123  0.456557  0.508575  0.725412  0.651905  0.316053  0.720929  0.372242  0.528867  0.652889  0.460871  0.393129  0.519908  0.630647  0.292404  0.363305  0.510818  0.450518  0.371848  0.464815  0.729047  0.570289  0.469132  0.630129  0.440387  0.476163  0.588329  0.556263  0.409975  0.658384  0.308771  0.889114  0.496684  0.529864  0.706817  0.251565  0.483800  0.526991  0.619261  0.511025  0.543227  0.477565  0.658911  0.645847  0.664710  0.705629  0.565809  0.544991  0.485041  0.562339  0.378589  0.681072  0.628466  0.379249  0.631093  0.554390  0.556268  0.456689  0.597054  0.483642  0.744581  0.248417  0.649008  0.672409  0.519078  0.601833  0.494730  0.505059  0.373404  0.667198  0.342346  0.337265  0.475805  0.427768  0.532161  0.521484  0.593981  0.539204  0.697142  0.600528  0.591010  0.588371  0.512576  0.742646  0.560473  0.272769  0.520548  0.549121  0.611367  0.345291  0.533786  0.624960  0.690122  0.571664  0.584052  0.561877  0.577871  0.444954  0.337661  0.667217  0.482892  0.314641  0.441892  0.426100  0.629789  0.605258  0.395309  0.319957  0.518365  0.491067  0.566924  0.661083  0.537866  0.781041  0.474195  0.467605  0.493606  0.548513  0.635056  0.512169  0.693978  0.655363  0.605811  0.646080  0.596086  0.459987  0.697818  0.571665  0.517422  0.576869  0.522520  0.724623  0.687369  0.618311  0.636140  0.458749  0.594706  0.617128  0.433703  0.481980  0.545839  0.636591  0.459720  0.508491  0.405646  0.421086  0.660887  0.556063  0.516045  0.618075  0.657944  0.518661  0.586298  0.536454  0.647817  0.693059  0.599109  0.598552  0.549428 
17  0.506210  0.450958  0.673922  0.422001  0.486816  0.612075  0.606488  0.630850  0.692990  0.661629  0.751349  0.603831  0.389876  0.454133  0.623128  0.500135  0.605228 0.0  0.597757  0.447309  0.614175  0.561206  0.463821  0.620290  0.601118  0.582830  0.298648  0.444958  0.683177  0.740547  0.439601  0.287042  0.632344  0.489395  0.657478  0.654919  0.758642  0.748727  0.466147  0.682145  0.469679  0.748534  0.624375  0.659570  0.768512  0.735082  0.550009  0.535679  0.663258  0.518563  0.602482  0.719836  0.453076  0.598725  0.491622  0.685807  0.742318  0.704788  0.704827  0.667966  0.623351  0.374040  0.557801  0.348566  0.326133  0.305421  0.549890  0.458359  0.591438  0.676799  0.362770  0.687353  0.655534  0.558031  0.681358  0.441870  0.586433  0.675602  0.363686  0.335727  0.515898  0.404974  0.595573  0.684488  0.649883  0.613687  0.483842  0.624510  0.419177  0.591275  0.497588  0.344468  0.408967  0.363468  0.328464  0.507535  0.402093  0.535322  0.382643  0.544567  0.682521  0.580352  0.619916  0.690018  0.734394  0.636678  0.515353  0.759510  0.683369  0.608527  0.647717  0.654501  0.630614  0.552536  0.710430  0.641611  0.388527  0.558456  0.692099  0.566303  0.533896  0.667586  0.519962  0.593452  0.324792  0.727861  0.326352  0.623019  0.520700  0.679205  0.443152  0.523331  0.551690  0.553275  0.517793  0.663017  0.453892  0.679238  0.448477  0.247448  0.530968  0.484427  0.575755  0.395568  0.593575  0.629154  0.451387  0.390693  0.584697  0.460002  0.698449  0.399627  0.673678  0.240015  0.334796  0.562845  0.560153  0.359303  0.399060  0.639806  0.621824  0.481150  0.331329  0.367705  0.513602  0.530476  0.507313  0.690685  0.607148  0.591256  0.624146  0.647063  0.627764  0.338384  0.493665  0.373413  0.526271  0.464759  0.662460  0.451258  0.598999  0.643253  0.298003  0.677637  0.642683  0.372143  0.677856  0.806561  0.759173  0.528750  0.569931  0.300009  0.505577  0.458467  0.603947  0.707808  0.447727 
18  0.660142  0.645228  0.704613  0.689602  0.810461  0.644679  0.578137  0.582256  0.570471  0.676486  0.726774  0.563880  0.698665  0.751686  0.655384  0.647767  0.704771  0.597757 0.0  0.613737  0.670238  0.651864  0.534576  0.607097  0.714990  0.641995  0.543968  0.509271  0.702324  0.606117  0.717607  0.670111  0.603089  0.429295  0.764789  0.419505  0.610310  0.697955  0.562115  0.658357  0.516986  0.603196  0.716718  0.819673  0.669302  0.540270  0.588841  0.710686  0.642851  0.654281  0.702626  0.753556  0.735526  0.709459  0.675746  0.646584  0.720169  0.717061  0.635509  0.758480  0.571104  0.625893  0.653863  0.727632  0.614663  0.765633  0.747235  0.453604  0.721271  0.646369  0.654837  0.615255  0.658990  0.751386  0.748768  0.683267  0.773421  0.807544  0.708596  0.657214  0.778764  0.688194  0.701998  0.625904  0.569611  0.676626  0.503031  0.568548  0.785404  0.716212  0.568386  0.732644  0.603607  0.706575  0.679847  0.693988  0.709386  0.630833  0.702229  0.595015  0.617601  0.665699  0.606287  0.572947  0.716805  0.623807  0.577919  0.713818  0.622509  0.718963  0.527913  0.745851  0.800035  0.541800  0.726029  0.727078  0.606763  0.625008  0.563076  0.586050  0.506619  0.714698  0.664065  0.760444  0.743835  0.600947  0.791296  0.636653  0.614876  0.592537  0.576131  0.470691  0.603962  0.637693  0.591037  0.669579  0.763622  0.736963  0.618642  0.763292  0.749207  0.578910  0.805082  0.652265  0.772843  0.637160  0.796163  0.781378  0.512648  0.624850  0.558200  0.701072  0.764071  0.652149  0.626656  0.526936  0.669627  0.586456  0.682020  0.558044  0.588271  0.618901  0.746029  0.706317  0.774771  0.431983  0.498575  0.617558  0.691585  0.714384  0.753406  0.725448  0.606088  0.753635  0.719938  0.653815  0.685627  0.601608  0.592960  0.776419  0.663694  0.709420  0.661744  0.650020  0.508274  0.612819  0.484319  0.852161  0.636815  0.543909  0.656221  0.699324  0.667650  0.674102  0.644804  0.628028  0.862241 
19  0.546729  0.328786  0.597378  0.491388  0.658603  0.712796  0.569974  0.642110  0.589962  0.659042  0.666163  0.656370  0.348030  0.474810  0.561230  0.474994  0.506006  0.447309  0.613737 0.0  0.686387  0.486706  0.496267  0.654015  0.622576  0.515829  0.425456  0.590588  0.721830  0.637615  0.328496  0.383020  0.682552  0.435292  0.516212  0.536315  0.554594  0.598101  0.428764  0.676373  0.545619  0.697761  0.606074  0.572088  0.707380  0.700538  0.516599  0.678973  0.733331  0.592016  0.448655  0.596666  0.534975  0.628633  0.569151  0.613823  0.595214  0.676687  0.643366  0.718216  0.611328  0.462041  0.515773  0.384360  0.506163  0.372876  0.601735  0.633276  0.527857  0.703110  0.362396  0.543932  0.491727  0.610246  0.595376  0.385389  0.511464  0.641081  0.458652  0.400289  0.409649  0.454095  0.609923  0.684411  0.709633  0.552182  0.525485  0.472594  0.563870  0.587683  0.493175  0.385453  0.377730  0.370049  0.306016  0.683412  0.365214  0.633407  0.467591  0.603734  0.713036  0.590998  0.623799  0.765650  0.535978  0.659363  0.671701  0.702250  0.639614  0.627318  0.641143  0.520418  0.644327  0.567565  0.656207  0.686538  0.307345  0.684165  0.655973  0.694018  0.603303  0.653485  0.547479  0.570010  0.415725  0.666673  0.374251  0.685170  0.530260  0.704087  0.508546  0.591629  0.735796  0.514412  0.551280  0.670030  0.548438  0.677960  0.482676  0.264264  0.635656  0.473109  0.536254  0.365325  0.746145  0.689129  0.353696  0.473243  0.572351  0.363856  0.620429  0.442904  0.676613  0.558735  0.356499  0.531507  0.490941  0.236626  0.434302  0.689729  0.652421  0.402113  0.463584  0.395311  0.611475  0.473666  0.640895  0.631166  0.725642  0.655391  0.753271  0.642778  0.711965  0.367906  0.383814  0.310627  0.371494  0.513545  0.725291  0.526333  0.646555  0.568104  0.432361  0.564733  0.403533  0.416885  0.616566  0.647483  0.659432  0.533992  0.569799  0.489718  0.623104  0.409361  0.574396  0.622722  0.433285 
