197
0 0.0  0.601392  0.595875  0.474203  0.485664  0.636937  0.522239  0.528286  0.674966  0.703469  0.549804  0.700281  0.546627  0.504968  0.495471  0.634998  0.392815  0.541123  0.745686  0.623465  0.553339  0.674968  0.533755  0.641822  0.551318  0.662575  0.535035  0.504139  0.516402  0.708423  0.523983  0.509629  0.468863  0.629987  0.402099  0.575139  0.556185  0.574289  0.409035  0.637132  0.545892  0.599435  0.648971  0.586386  0.565936  0.464540  0.450536  0.580553  0.521617  0.576106  0.492888  0.679265  0.435089  0.703437  0.491042  0.699242  0.556892  0.714487  0.582883  0.611896  0.695522  0.476502  0.533127  0.578604  0.540677  0.516379  0.502975  0.590648  0.480113  0.733729  0.558520  0.650148  0.382683  0.500825  0.723065  0.567833  0.567252  0.530328  0.617394  0.550419  0.597497  0.582019  0.631160  0.722922  0.701969  0.636430  0.471984  0.563005  0.490677  0.803365  0.723361  0.474911  0.688285  0.493045  0.504622  0.621618  0.407493  0.624937  0.587528  0.443838  0.824221  0.638753  0.496213  0.627570  0.699757  0.606167  0.674215  0.626788  0.595566  0.548511  0.661501  0.577002  0.620331  0.563723  0.597626  0.506086  0.487964  0.593694  0.549969  0.575668  0.594318  0.634835  0.693388  0.518526  0.609262  0.581923  0.645517  0.572819  0.670138  0.532644  0.560847  0.567420  0.608973  0.465685  0.578637  0.618436  0.592430  0.531950  0.367545  0.460503  0.566218  0.347001  0.661553  0.473434  0.629419  0.605180  0.402690  0.592130  0.645179  0.542775  0.585821  0.724719  0.791642  0.475364  0.621622  0.535591  0.568654  0.496074  0.612616  0.567744  0.564805  0.472952  0.562003  0.447654  0.518757  0.542394  0.427658  0.593477  0.490036  0.593672  0.729611  0.584567  0.547498  0.662783  0.678435  0.682522  0.518873  0.533710  0.669117  0.517073  0.419508  0.628791  0.499103  0.569421  0.630509  0.484454  0.623743  0.778480  0.522275  0.469349  0.488496  0.534607  0.543264  0.494952  0.685965  0.734636  0.584919 
1  0.601392 0.0  0.607208  0.432267  0.801903  0.623103  0.694630  0.520037  0.708136  0.660327  0.524008  0.555408  0.440140  0.551995  0.519639  0.407725  0.623320  0.444691  0.630632  0.358912  0.690174  0.570981  0.546022  0.678113  0.648510  0.461693  0.434936  0.600409  0.698873  0.748160  0.473477  0.410467  0.635729  0.503674  0.543307  0.575394  0.594217  0.628558  0.554771  0.578512  0.577036  0.731295  0.746380  0.720335  0.641131  0.576217  0.431747  0.625691  0.643300  0.620812  0.540631  0.554131  0.589752  0.578865  0.588237  0.680667  0.632226  0.697575  0.597048  0.530023  0.507022  0.425801  0.595283  0.420472  0.456086  0.429501  0.649632  0.527081  0.533352  0.850878  0.452338  0.737137  0.633380  0.709016  0.778556  0.374004  0.388524  0.540978  0.447172  0.412457  0.473595  0.460219  0.639915  0.606693  0.670091  0.590344  0.500512  0.689056  0.523138  0.544774  0.653331  0.432389  0.447905  0.504134  0.375805  0.590975  0.403171  0.584039  0.455604  0.456276  0.640678  0.598284  0.558718  0.672854  0.620842  0.676682  0.616314  0.642431  0.593038  0.577338  0.567454  0.639991  0.605095  0.479147  0.630512  0.654197  0.432503  0.616118  0.577989  0.451603  0.549320  0.783075  0.556707  0.528561  0.427985  0.734865  0.398859  0.613617  0.676488  0.548987  0.485414  0.548077  0.571745  0.424384  0.524013  0.657144  0.626866  0.723718  0.384780  0.434086  0.666085  0.500591  0.665803  0.433992  0.617334  0.656474  0.497006  0.477848  0.570735  0.424452  0.656184  0.437032  0.781230  0.436474  0.380776  0.529627  0.464793  0.344782  0.484561  0.690119  0.650685  0.398430  0.465699  0.424446  0.603638  0.492991  0.464200  0.668899  0.659043  0.668726  0.809735  0.788947  0.665354  0.392210  0.481939  0.447678  0.435279  0.584661  0.691617  0.417749  0.497240  0.584851  0.402615  0.630007  0.557119  0.475623  0.521966  0.595389  0.689504  0.532078  0.710352  0.508497  0.573186  0.374374  0.560925  0.762193  0.600317 
2  0.595875  0.607208 0.0  0.717046  0.588472  0.601588  0.615145  0.641593  0.556660  0.546410  0.605243  0.481866  0.665600  0.527847  0.609024  0.630799  0.490873  0.616696  0.715387  0.565029  0.559552  0.489002  0.452870  0.605390  0.531097  0.650699  0.671945  0.490476  0.546912  0.570132  0.654173  0.551761  0.531101  0.499007  0.612765  0.730596  0.582943  0.598787  0.582865  0.505526  0.527146  0.603221  0.572267  0.513072  0.648558  0.545180  0.657083  0.642557  0.513256  0.452637  0.608735  0.546664  0.673763  0.499323  0.689972  0.543912  0.526935  0.588191  0.577511  0.663177  0.540290  0.572961  0.541563  0.697918  0.720766  0.631001  0.553978  0.477990  0.595744  0.740898  0.634256  0.633122  0.587694  0.505422  0.518792  0.609087  0.601229  0.564421  0.554776  0.614186  0.616435  0.775659  0.606096  0.683645  0.589557  0.489573  0.505783  0.574025  0.527636  0.608542  0.587076  0.596725  0.516755  0.674824  0.649736  0.608261  0.623652  0.583834  0.753898  0.589686  0.682565  0.553739  0.646356  0.750115  0.466961  0.500365  0.553951  0.487752  0.553479  0.622804  0.489490  0.420589  0.582445  0.497224  0.614688  0.579284  0.608106  0.708115  0.720374  0.622280  0.509288  0.570508  0.537781  0.621582  0.651614  0.483054  0.566357  0.517411  0.657062  0.614101  0.633140  0.539880  0.523196  0.616766  0.586761  0.562958  0.526741  0.476956  0.690480  0.607309  0.526397  0.544655  0.681197  0.523749  0.577785  0.498808  0.691897  0.525390  0.652073  0.632099  0.426239  0.792269  0.534289  0.668273  0.676461  0.559131  0.616506  0.574135  0.597625  0.536562  0.725972  0.609215  0.602965  0.628808  0.610341  0.539130  0.640899  0.644884  0.578794  0.549207  0.665662  0.574817  0.718950  0.635182  0.647881  0.611330  0.530261  0.648306  0.706343  0.644616  0.646203  0.562255  0.658832  0.633444  0.569572  0.501831  0.503022  0.588786  0.627209  0.527730  0.604709  0.594873  0.588907  0.689863  0.518257  0.700867  0.732002 
3  0.474203  0.432267  0.717046 0.0  0.743410  0.514936  0.482090  0.568699  0.566060  0.694954  0.634267  0.679224  0.460906  0.685050  0.599218  0.546873  0.600765  0.447553  0.586326  0.434439  0.562249  0.692504  0.648710  0.790313  0.631310  0.640158  0.465085  0.622300  0.791206  0.614068  0.497959  0.442649  0.607054  0.637735  0.599368  0.578281  0.569526  0.722278  0.586255  0.565906  0.653104  0.713971  0.671164  0.878093  0.571361  0.532483  0.553740  0.585851  0.621682  0.631929  0.738113  0.682247  0.674540  0.693592  0.657801  0.792232  0.735464  0.598916  0.629528  0.602471  0.664502  0.447596  0.598814  0.394327  0.431807  0.407079  0.644455  0.624936  0.679860  0.622828  0.549370  0.751654  0.605343  0.709238  0.980425  0.467969  0.395737  0.685540  0.579619  0.550844  0.484626  0.429515  0.550822  0.607703  0.579127  0.647741  0.505545  0.588620  0.559226  0.688836  0.935086  0.582758  0.359629  0.524234  0.491365  0.728238  0.414337  0.769139  0.509653  0.624824  0.775757  0.659921  0.689801  0.517573  0.487053  0.691259  0.663432  0.697804  0.646799  0.789631  0.650974  0.641758  0.635900  0.518734  0.609896  0.764800  0.439384  0.568540  0.627545  0.572173  0.644664  0.681187  0.745304  0.577175  0.542015  0.830354  0.486097  0.709987  0.640930  0.504840  0.671409  0.515316  0.775222  0.730275  0.563515  0.679676  0.721030  0.706567  0.379737  0.396515  0.723880  0.685367  0.670026  0.439828  0.745913  0.670657  0.528364  0.452099  0.645367  0.444261  0.634584  0.436047  0.650722  0.438659  0.478840  0.621822  0.480597  0.456996  0.479170  0.613412  0.750858  0.405784  0.428364  0.448406  0.668868  0.503767  0.534619  0.793707  0.674765  0.746317  0.860375  0.754143  0.707519  0.448341  0.529164  0.483956  0.461261  0.598012  0.753371  0.436398  0.610430  0.635614  0.499697  0.621768  0.565361  0.362412  0.755118  0.803581  0.629893  0.541798  0.588559  0.484486  0.633296  0.416928  0.767727  0.702111  0.647784 
4  0.485664  0.801903  0.588472  0.743410 0.0  0.600113  0.604373  0.506292  0.704945  0.623932  0.589513  0.500099  0.583401  0.511476  0.557321  0.675163  0.460432  0.617832  0.711742  0.585389  0.498875  0.590816  0.606528  0.632865  0.550231  0.623147  0.623160  0.550710  0.410792  0.617337  0.555962  0.639032  0.565312  0.646949  0.515775  0.783941  0.566769  0.527567  0.637522  0.627246  0.591204  0.612554  0.661818  0.465957  0.702933  0.467515  0.501354  0.560346  0.426197  0.585801  0.653044  0.726067  0.537960  0.481726  0.656549  0.583280  0.653136  0.746564  0.640938  0.511384  0.564342  0.607595  0.609471  0.739608  0.633076  0.696416  0.599641  0.575959  0.398440  0.823747  0.651799  0.623035  0.532141  0.459357  0.715306  0.754357  0.641603  0.584085  0.712353  0.614355  0.525423  0.622785  0.609468  0.683023  0.602309  0.594827  0.585625  0.652414  0.635165  0.630319  0.639114  0.604687  0.664363  0.628195  0.666020  0.574841  0.747233  0.571212  0.756748  0.710648  0.929549  0.589709  0.444022  0.504282  0.642064  0.646590  0.439315  0.603115  0.456370  0.528910  0.489183  0.530650  0.643927  0.567364  0.572230  0.561204  0.610216  0.576117  0.617270  0.639808  0.568309  0.637682  0.675561  0.527958  0.708769  0.488898  0.834989  0.592555  0.638612  0.480104  0.690193  0.682675  0.557772  0.571790  0.535709  0.488252  0.605161  0.629877  0.617793  0.660519  0.491534  0.596928  0.637784  0.639711  0.498628  0.598093  0.630777  0.789344  0.709026  0.641394  0.707557  0.651702  0.548459  0.643734  0.697583  0.681935  0.771687  0.689345  0.584815  0.678103  0.566961  0.684824  0.656579  0.644662  0.619865  0.579125  0.501918  0.488249  0.564601  0.636134  0.626268  0.512989  0.549282  0.691626  0.700718  0.790152  0.744485  0.707649  0.522340  0.699835  0.584670  0.474818  0.659447  0.508773  0.558280  0.689102  0.603749  0.728521  0.489542  0.500494  0.497434  0.734386  0.553833  0.599673  0.681576  0.643618  0.739861 
5  0.636937  0.623103  0.601588  0.514936  0.600113 0.0  0.594471  0.671954  0.595959  0.696953  0.606214  0.647186  0.706169  0.651508  0.651867  0.593712  0.596040  0.686446  0.658499  0.511074  0.694949  0.594415  0.593300  0.576782  0.654748  0.533357  0.667759  0.676753  0.600311  0.660333  0.606882  0.616533  0.460533  0.665343  0.619262  0.644474  0.544133  0.602750  0.571287  0.588255  0.549049  0.555832  0.567967  0.580055  0.589742  0.613546  0.601706  0.577142  0.612229  0.524660  0.657670  0.595745  0.527572  0.500589  0.706673  0.481850  0.595761  0.634875  0.585084  0.553776  0.481112  0.521401  0.517656  0.592518  0.622456  0.596189  0.586488  0.616690  0.477592  0.516453  0.620188  0.623272  0.568039  0.546410  0.678699  0.600553  0.529795  0.589148  0.651775  0.804845  0.616996  0.550903  0.583146  0.645183  0.642303  0.630399  0.551406  0.572055  0.619387  0.563821  0.702657  0.572895  0.596267  0.657678  0.591163  0.625569  0.521158  0.441166  0.550172  0.586640  0.632449  0.615143  0.515903  0.582496  0.520493  0.642791  0.586836  0.650620  0.536939  0.517772  0.597747  0.615345  0.604868  0.579253  0.699073  0.466479  0.512212  0.685357  0.600829  0.648446  0.610546  0.522961  0.631545  0.677264  0.591145  0.548055  0.581061  0.553471  0.525470  0.598668  0.448867  0.596166  0.628136  0.622657  0.611307  0.625905  0.629592  0.602656  0.622379  0.567535  0.579950  0.488058  0.582234  0.540944  0.617758  0.660203  0.673715  0.654940  0.574210  0.583706  0.595470  0.581080  0.575421  0.688742  0.711131  0.596879  0.659684  0.687742  0.643851  0.596250  0.590682  0.552251  0.608792  0.516090  0.612346  0.610037  0.418448  0.708282  0.633786  0.597788  0.647366  0.526777  0.724260  0.649553  0.650127  0.649350  0.500190  0.566238  0.610756  0.574733  0.531143  0.632636  0.613800  0.552724  0.647865  0.559059  0.621642  0.565243  0.609928  0.583719  0.679974  0.610926  0.573297  0.618627  0.559386  0.661982  0.548061 
6  0.522239  0.694630  0.615145  0.482090  0.604373  0.594471 0.0  0.614740  0.532979  0.723356  0.561213  0.518936  0.572210  0.578889  0.556597  0.515450  0.584021  0.545121  0.518269  0.686764  0.565361  0.616941  0.589559  0.713286  0.654859  0.639353  0.483708  0.637273  0.585239  0.547361  0.539242  0.663536  0.636689  0.657133  0.570826  0.670119  0.516440  0.735938  0.617689  0.571145  0.577991  0.594538  0.538596  0.621541  0.600263  0.565182  0.562914  0.618254  0.608088  0.582220  0.655950  0.788951  0.627394  0.621091  0.515302  0.639103  0.778648  0.636176  0.710137  0.574538  0.674148  0.534147  0.514714  0.598459  0.501627  0.547124  0.577778  0.626926  0.614360  0.606797  0.509690  0.639759  0.626361  0.623952  0.584790  0.556274  0.515576  0.541650  0.497703  0.614210  0.596496  0.559550  0.598217  0.578131  0.642820  0.604347  0.595390  0.652987  0.550519  0.580290  0.688819  0.596153  0.535737  0.650023  0.510119  0.635915  0.582757  0.591340  0.600917  0.583301  0.637177  0.614144  0.558962  0.495207  0.605907  0.585115  0.582014  0.672657  0.638904  0.580519  0.576407  0.624968  0.512690  0.600352  0.635245  0.632333  0.594168  0.619213  0.569149  0.519952  0.610514  0.503531  0.575953  0.662623  0.548926  0.679946  0.545269  0.640021  0.599118  0.627768  0.611125  0.644175  0.579430  0.671893  0.629076  0.626545  0.541662  0.602538  0.547483  0.539974  0.561759  0.527704  0.610955  0.588219  0.535169  0.670097  0.662714  0.608362  0.630901  0.579994  0.647948  0.595618  0.624124  0.492005  0.619024  0.564966  0.546521  0.618078  0.546222  0.489506  0.676094  0.600091  0.534544  0.553602  0.519846  0.644200  0.556216  0.610162  0.600119  0.518715  0.500992  0.614775  0.620757  0.535608  0.628020  0.525504  0.561969  0.677001  0.613187  0.560750  0.567023  0.697079  0.537327  0.497998  0.603223  0.573280  0.719524  0.745081  0.546352  0.657619  0.584192  0.570660  0.594266  0.482193  0.665443  0.614371  0.687131 
7  0.528286  0.520037  0.641593  0.568699  0.506292  0.671954  0.614740 0.0  0.498168  0.628729  0.594690  0.524045  0.612038  0.500435  0.599967  0.659972  0.436248  0.719962  0.588623  0.700163  0.471870  0.533991  0.614243  0.430414  0.510627  0.643429  0.639835  0.601096  0.575015  0.532811  0.630364  0.560152  0.477576  0.397268  0.650202  0.519191  0.528758  0.547419  0.636472  0.486562  0.519983  0.506936  0.622475  0.515358  0.648801  0.587910  0.408944  0.625922  0.325995  0.415184  0.633040  0.676078  0.535668  0.426225  0.598916  0.499535  0.645778  0.667621  0.629098  0.598703  0.591391  0.592445  0.475177  0.681939  0.614232  0.567570  0.390711  0.502528  0.520034  0.774700  0.593968  0.433942  0.697931  0.407458  0.689311  0.707103  0.620998  0.469281  0.601036  0.625211  0.717117  0.642045  0.536845  0.635874  0.595745  0.630491  0.470424  0.385958  0.552625  0.451550  0.523339  0.575631  0.682392  0.584994  0.581583  0.615248  0.562749  0.348994  0.795937  0.369934  0.474388  0.603251  0.455077  0.618082  0.446880  0.554064  0.419379  0.611192  0.508432  0.486311  0.580829  0.491705  0.516005  0.500831  0.603965  0.478021  0.728502  0.612823  0.575704  0.620454  0.513964  0.487222  0.741145  0.593480  0.691568  0.411446  0.602118  0.606449  0.662046  0.474743  0.638264  0.566544  0.547995  0.543327  0.452373  0.577778  0.488241  0.580760  0.506268  0.512727  0.436774  0.498157  0.568840  0.614508  0.474045  0.567026  0.565895  0.581203  0.604230  0.548550  0.407149  0.718635  0.556454  0.634528  0.628174  0.533092  0.711337  0.572365  0.695872  0.576415  0.591980  0.598874  0.789088  0.622168  0.521616  0.509889  0.496737  0.584223  0.532658  0.743463  0.644706  0.498125  0.739832  0.706318  0.717152  0.697337  0.646653  0.490261  0.536928  0.677485  0.577426  0.452796  0.600303  0.617041  0.532406  0.732773  0.375700  0.468486  0.618983  0.551296  0.569750  0.735700  0.520729  0.701315  0.541724  0.413209  0.529208 
8  0.674966  0.708136  0.556660  0.566060  0.704945  0.595959  0.532979  0.498168 0.0  0.726624  0.651743  0.594045  0.570346  0.665688  0.623025  0.645645  0.627592  0.639252  0.496183  0.623951  0.668147  0.503873  0.454951  0.506686  0.501351  0.545775  0.562508  0.607333  0.763251  0.485098  0.587791  0.687566  0.663224  0.571375  0.741368  0.594170  0.526277  0.553896  0.556648  0.597241  0.506154  0.647934  0.638580  0.617214  0.694433  0.662374  0.694619  0.552519  0.619103  0.609199  0.682655  0.573031  0.699726  0.649170  0.640274  0.648353  0.749102  0.584892  0.642794  0.646623  0.545385  0.542041  0.506809  0.567396  0.565163  0.529324  0.485178  0.598664  0.712177  0.644595  0.515150  0.526798  0.743696  0.703701  0.537066  0.539654  0.642916  0.682803  0.647318  0.612021  0.546610  0.660617  0.566008  0.670206  0.508593  0.605330  0.615778  0.472114  0.700828  0.491998  0.493331  0.668174  0.628698  0.660641  0.611756  0.596167  0.597746  0.619873  0.633162  0.548771  0.443986  0.616657  0.646115  0.629129  0.617787  0.519842  0.730401  0.553069  0.630654  0.662779  0.807975  0.625725  0.668310  0.628199  0.719737  0.709113  0.666972  0.659739  0.615555  0.500254  0.594029  0.593488  0.686006  0.670493  0.576378  0.626739  0.561666  0.694812  0.656148  0.650844  0.608965  0.615444  0.512974  0.570612  0.465023  0.675746  0.576731  0.719770  0.655797  0.662253  0.586680  0.536879  0.646411  0.642968  0.762675  0.648066  0.611476  0.721885  0.603193  0.622995  0.462154  0.679004  0.623617  0.606790  0.595559  0.594509  0.583202  0.598069  0.564137  0.583827  0.569795  0.637603  0.664126  0.628170  0.587651  0.605642  0.583536  0.715928  0.555777  0.391158  0.526538  0.601330  0.618713  0.616280  0.604597  0.483243  0.695299  0.551211  0.571312  0.653908  0.680807  0.648499  0.695247  0.587005  0.537032  0.713451  0.509800  0.660359  0.674584  0.630757  0.648084  0.615505  0.620264  0.648332  0.575198  0.474916  0.762280 
9  0.703469  0.660327  0.546410  0.694954  0.623932  0.696953  0.723356  0.628729  0.726624 0.0  0.837988  0.489104  0.665001  0.526744  0.492993  0.651119  0.410657  0.711269  0.671756  0.582625  0.658221  0.662437  0.634752  0.641606  0.628104  0.618983  0.621132  0.646830  0.604144  0.519581  0.639228  0.599771  0.646976  0.561101  0.688430  0.620879  0.644425  0.719038  0.524639  0.514451  0.449114  0.809934  0.590297  0.475576  0.668673  0.523732  0.626772  0.647657  0.566453  0.644962  0.554190  0.716431  0.493301  0.515068  0.644983  0.569603  0.345309  0.533842  0.749885  0.645165  0.448743  0.646369  0.453436  0.593287  0.722104  0.631778  0.551314  0.592392  0.458705  0.835761  0.560187  0.668776  0.659332  0.592597  0.674346  0.734783  0.659796  0.701897  0.608379  0.630384  0.593376  0.685567  0.679804  0.723366  0.701846  0.642000  0.526157  0.645694  0.624164  0.618711  0.600580  0.620147  0.581542  0.771058  0.642984  0.420200  0.702380  0.519508  0.603789  0.578419  0.649659  0.761810  0.693723  0.615471  0.527490  0.664294  0.435430  0.792063  0.354309  0.446198  0.472653  0.616614  0.773071  0.583047  0.641681  0.663280  0.573365  0.777868  0.550495  0.631549  0.646881  0.698164  0.604967  0.476534  0.610153  0.628791  0.693709  0.402977  0.532442  0.717569  0.787837  0.599073  0.645621  0.551616  0.638946  0.406674  0.651953  0.676405  0.640022  0.615342  0.671298  0.548665  0.719647  0.685336  0.371610  0.359950  0.669098  0.630627  0.499085  0.538732  0.595937  0.697019  0.491931  0.573764  0.581976  0.576689  0.664064  0.679494  0.706112  0.505803  0.606737  0.697411  0.804958  0.521540  0.679420  0.616671  0.707379  0.720253  0.587001  0.657715  0.654530  0.680704  0.658334  0.565337  0.713691  0.596382  0.629390  0.591742  0.468575  0.674079  0.574626  0.788948  0.564122  0.440512  0.716752  0.621947  0.570727  0.627882  0.588364  0.607445  0.737487  0.622427  0.553238  0.636827  0.630476  0.497359  0.657495 
10  0.549804  0.524008  0.605243  0.634267  0.589513  0.606214  0.561213  0.594690  0.651743  0.837988 0.0  0.784769  0.606637  0.796057  0.581231  0.587879  0.647190  0.568275  0.762648  0.563141  0.573655  0.561686  0.622020  0.666348  0.521908  0.824456  0.736343  0.666784  0.596561  0.725739  0.462825  0.694082  0.422918  0.590135  0.659872  0.594135  0.405810  0.431984  0.778261  0.629842  0.660837  0.567568  0.613072  0.562460  0.576287  0.472314  0.691828  0.565490  0.579892  0.773489  0.630187  0.679579  0.619917  0.539786  0.602971  0.630207  0.865209  0.678808  0.489585  0.648621  0.673998  0.476572  0.607479  0.749934  0.557596  0.685618  0.553738  0.650646  0.592717  0.787133  0.634686  0.718568  0.512563  0.661909  0.668322  0.703125  0.604252  0.378998  0.686197  0.798249  0.605247  0.684285  0.491292  0.439449  0.597376  0.722065  0.653632  0.669464  0.533516  0.734589  0.803380  0.661724  0.635841  0.714082  0.703245  0.701964  0.599185  0.696607  0.610923  0.792786  0.774423  0.412735  0.402339  0.617921  0.582729  0.487343  0.750222  0.509975  0.799289  0.672394  0.688400  0.777151  0.579908  0.623327  0.527010  0.628077  0.600382  0.445725  0.608992  0.649128  0.517286  0.545446  0.672498  0.677879  0.681290  0.716219  0.684328  0.859430  0.607562  0.558148  0.699320  0.659059  0.545443  0.663439  0.764212  0.751056  0.867713  0.625610  0.521511  0.697592  0.707104  0.539179  0.617948  0.563407  0.800465  0.757976  0.640977  0.849944  0.781717  0.629731  0.628328  0.601548  0.653858  0.779044  0.575295  0.613626  0.595627  0.750732  0.590160  0.725713  0.594388  0.672674  0.694047  0.655322  0.663653  0.582025  0.578459  0.497332  0.433511  0.490580  0.533390  0.473739  0.504529  0.896553  0.734006  0.646326  0.630883  0.586509  0.705398  0.665364  0.683535  0.423027  0.599099  0.759121  0.382964  0.544565  0.516895  0.783072  0.579802  0.490638  0.561597  0.646318  0.552101  0.603413  0.746053  0.756850  0.757215 
11  0.700281  0.555408  0.481866  0.679224  0.500099  0.647186  0.518936  0.524045  0.594045  0.489104  0.784769 0.0  0.625072  0.499638  0.602315  0.577394  0.445210  0.501166  0.596165  0.651282  0.659189  0.541672  0.508517  0.528448  0.622229  0.652365  0.583636  0.551804  0.542438  0.614827  0.652850  0.495126  0.551044  0.524816  0.636554  0.753941  0.668414  0.591833  0.501496  0.600489  0.618843  0.694918  0.651623  0.513777  0.696974  0.511238  0.561624  0.752166  0.518372  0.586918  0.640432  0.665036  0.509056  0.484370  0.636643  0.565609  0.511224  0.644482  0.539571  0.548874  0.557916  0.652721  0.489541  0.604137  0.622995  0.499270  0.443898  0.567028  0.503202  0.729704  0.621346  0.619636  0.592015  0.460694  0.663447  0.610661  0.681946  0.721150  0.505433  0.580874  0.576070  0.729562  0.717783  0.665961  0.740593  0.582678  0.499413  0.555085  0.504316  0.606603  0.580332  0.608672  0.596571  0.683685  0.541906  0.526568  0.770151  0.574235  0.722610  0.529451  0.653377  0.619384  0.697965  0.456943  0.578309  0.633153  0.497328  0.663656  0.450936  0.454482  0.451246  0.639152  0.633520  0.535968  0.702571  0.660442  0.590258  0.718302  0.605376  0.602632  0.563768  0.624717  0.579333  0.426564  0.594977  0.524551  0.614702  0.455384  0.601056  0.689060  0.653197  0.518097  0.438787  0.548409  0.470869  0.511713  0.434633  0.740810  0.706182  0.544706  0.539502  0.533504  0.599143  0.590696  0.510646  0.528266  0.687385  0.508824  0.521626  0.587266  0.549792  0.735600  0.503623  0.611891  0.626514  0.476280  0.680427  0.633373  0.691621  0.560944  0.591007  0.585070  0.581988  0.590872  0.657909  0.501349  0.562502  0.599216  0.683552  0.582811  0.651980  0.540377  0.673891  0.565112  0.690984  0.581832  0.563285  0.584455  0.528134  0.612151  0.470689  0.711161  0.584104  0.436181  0.605717  0.748705  0.475662  0.679684  0.498930  0.613431  0.623142  0.581637  0.516278  0.676820  0.569819  0.619551  0.590334 
12  0.546627  0.440140  0.665600  0.460906  0.583401  0.706169  0.572210  0.612038  0.570346  0.665001  0.606637  0.625072 0.0  0.460181  0.608556  0.421669  0.591644  0.388361  0.639155  0.395991  0.624327  0.508725  0.593295  0.484138  0.541351  0.589326  0.399602  0.554876  0.620821  0.688958  0.455373  0.414098  0.605269  0.529613  0.485474  0.635464  0.695252  0.578347  0.452707  0.606391  0.602830  0.721505  0.641389  0.571636  0.671028  0.658033  0.469016  0.564437  0.610591  0.567816  0.503428  0.519303  0.528206  0.634470  0.594363  0.701266  0.665013  0.631457  0.643892  0.614978  0.678934  0.418487  0.523274  0.425355  0.371869  0.382209  0.554287  0.575836  0.556514  0.647969  0.424233  0.559048  0.556288  0.618482  0.520925  0.389130  0.520681  0.562473  0.376113  0.326482  0.404363  0.386222  0.535575  0.624145  0.612440  0.486677  0.456679  0.635571  0.557786  0.593916  0.486369  0.394218  0.418115  0.421191  0.353557  0.592199  0.451937  0.553519  0.463616  0.572358  0.784579  0.704617  0.531163  0.633537  0.642586  0.561925  0.521216  0.591972  0.580895  0.559602  0.680046  0.579543  0.657373  0.513097  0.655809  0.672294  0.441252  0.590029  0.561679  0.644194  0.616196  0.586837  0.564502  0.724058  0.388807  0.584148  0.440720  0.583734  0.595817  0.566714  0.482692  0.487021  0.568607  0.510769  0.553110  0.609840  0.510552  0.579700  0.413277  0.369889  0.625061  0.442645  0.592195  0.444885  0.661605  0.516703  0.451583  0.390453  0.567426  0.358640  0.639529  0.466506  0.680433  0.329461  0.480478  0.614757  0.436427  0.339876  0.493396  0.546478  0.647659  0.358451  0.469057  0.409829  0.577619  0.561820  0.539829  0.614299  0.628133  0.569515  0.571377  0.669928  0.481781  0.348668  0.514156  0.388500  0.331746  0.666299  0.775591  0.470013  0.478694  0.520715  0.397472  0.594242  0.535751  0.452123  0.647929  0.729382  0.627823  0.602625  0.680614  0.365376  0.565532  0.442502  0.602746  0.592491  0.460434 
13  0.504968  0.551995  0.527847  0.685050  0.511476  0.651508  0.578889  0.500435  0.665688  0.526744  0.796057  0.499638  0.460181 0.0  0.597256  0.506406  0.441895  0.584134  0.593624  0.519207  0.625914  0.481251  0.499968  0.544161  0.633141  0.539494  0.487870  0.607369  0.621035  0.617762  0.592942  0.479500  0.658513  0.453415  0.567391  0.496591  0.542622  0.655578  0.494260  0.491673  0.493371  0.573816  0.566961  0.560961  0.577523  0.507366  0.480593  0.612294  0.599429  0.360641  0.532796  0.555264  0.590108  0.436062  0.579565  0.623720  0.498313  0.701482  0.669279  0.589072  0.493772  0.594662  0.520466  0.517691  0.619729  0.538214  0.476293  0.494856  0.594625  0.869582  0.547963  0.521513  0.563999  0.522968  0.555990  0.511237  0.601420  0.510670  0.524649  0.375768  0.583816  0.669673  0.623325  0.620459  0.681139  0.407077  0.466917  0.562526  0.536088  0.501944  0.438636  0.469000  0.578159  0.561841  0.464744  0.575953  0.448220  0.498768  0.653790  0.541051  0.697504  0.608282  0.644267  0.670180  0.542924  0.522558  0.500903  0.600339  0.552722  0.542461  0.503956  0.495169  0.611318  0.475075  0.588359  0.504145  0.550078  0.650216  0.451646  0.610894  0.581284  0.792064  0.524340  0.471964  0.586497  0.574337  0.539503  0.456181  0.632193  0.493583  0.573710  0.517824  0.550011  0.482806  0.475453  0.581948  0.383182  0.562402  0.479026  0.476544  0.497856  0.492656  0.614659  0.596445  0.551057  0.460523  0.475159  0.526824  0.508988  0.564731  0.614033  0.529637  0.579048  0.501192  0.582783  0.547333  0.581528  0.506184  0.575789  0.440280  0.562783  0.493110  0.616057  0.434149  0.672040  0.512213  0.563832  0.710259  0.556459  0.557065  0.558878  0.660780  0.708296  0.475361  0.687992  0.535359  0.561290  0.459454  0.537806  0.675357  0.476878  0.565153  0.427663  0.539580  0.528925  0.569797  0.517254  0.563421  0.560424  0.554161  0.609041  0.629113  0.550121  0.564280  0.479966  0.527668  0.451737 
14  0.495471  0.519639  0.609024  0.599218  0.557321  0.651867  0.556597  0.599967  0.623025  0.492993  0.581231  0.602315  0.608556  0.597256 0.0  0.642002  0.555900  0.638649  0.647306  0.490526  0.654351  0.549922  0.578053  0.571417  0.563329  0.654150  0.636880  0.658564  0.605639  0.567212  0.625838  0.562831  0.544405  0.562607  0.623125  0.549314  0.552650  0.527067  0.628458  0.540229  0.581430  0.596024  0.580481  0.753686  0.545718  0.587819  0.558850  0.616212  0.635862  0.621294  0.561500  0.545218  0.565009  0.574056  0.644876  0.609004  0.661959  0.610847  0.597302  0.634274  0.690271  0.578476  0.573116  0.508662  0.595690  0.539535  0.639366  0.621626  0.652418  0.574730  0.571457  0.674161  0.606132  0.552321  0.625510  0.578191  0.659168  0.533974  0.613773  0.641848  0.585506  0.695685  0.515437  0.578965  0.596456  0.583744  0.626201  0.659163  0.632215  0.533048  0.705661  0.623555  0.613062  0.577489  0.575604  0.704423  0.516506  0.692304  0.648070  0.632590  0.636814  0.516250  0.560884  0.616073  0.594530  0.592157  0.674800  0.554099  0.591617  0.647855  0.682180  0.641865  0.611163  0.588375  0.639789  0.487275  0.671435  0.739354  0.515928  0.636507  0.583384  0.629124  0.646745  0.543814  0.646104  0.605063  0.629229  0.544806  0.546331  0.713894  0.646762  0.581492  0.620944  0.641307  0.555879  0.513567  0.662493  0.567842  0.617784  0.577029  0.655647  0.570085  0.652520  0.531281  0.560029  0.571751  0.563215  0.639876  0.588332  0.566325  0.588728  0.626693  0.690676  0.634642  0.570919  0.590676  0.582146  0.583904  0.557845  0.627347  0.631757  0.496033  0.577576  0.545235  0.641020  0.661053  0.682119  0.558584  0.534067  0.625342  0.576390  0.618612  0.585245  0.543913  0.738331  0.729448  0.617020  0.550303  0.499191  0.682350  0.635509  0.573374  0.553530  0.596479  0.507027  0.646423  0.553793  0.623979  0.562498  0.596459  0.680061  0.661581  0.701775  0.572973  0.569671  0.629221  0.643345 
15  0.634998  0.407725  0.630799  0.546873  0.675163  0.593712  0.515450  0.659972  0.645645  0.651119  0.587879  0.577394  0.421669  0.506406  0.642002 0.0  0.627396  0.489488  0.741317  0.476491  0.770592  0.579212  0.524694  0.709102  0.671576  0.540360  0.489335  0.586120  0.674893  0.695150  0.497373  0.434812  0.584298  0.506718  0.625136  0.538434  0.596515  0.685779  0.488879  0.689150  0.554439  0.709588  0.523200  0.671167  0.634344  0.664034  0.637912  0.640223  0.732533  0.638961  0.653158  0.714080  0.549405  0.714111  0.574382  0.566349  0.642185  0.559102  0.675363  0.608741  0.665663  0.435545  0.512473  0.441929  0.488108  0.521780  0.670614  0.629929  0.672445  0.725116  0.419907  0.620370  0.572183  0.708828  0.594425  0.445026  0.450988  0.677303  0.387847  0.407101  0.419769  0.493519  0.651059  0.730733  0.774623  0.594728  0.566270  0.696899  0.612014  0.557072  0.512076  0.427610  0.482450  0.428506  0.402444  0.686560  0.516718  0.618104  0.458359  0.706537  0.636258  0.761793  0.610083  0.611138  0.673704  0.558557  0.585369  0.736090  0.608034  0.618354  0.660039  0.623635  0.725499  0.527620  0.610458  0.791411  0.443408  0.788456  0.695246  0.616990  0.574746  0.686199  0.568837  0.618217  0.494317  0.741209  0.498132  0.576692  0.645368  0.707579  0.620811  0.499254  0.614107  0.675114  0.642407  0.590281  0.631088  0.675664  0.567679  0.401888  0.663640  0.499432  0.503211  0.485625  0.637909  0.615790  0.482895  0.532865  0.543406  0.472641  0.627365  0.439896  0.607326  0.411943  0.371007  0.579767  0.417093  0.451424  0.409285  0.619293  0.665029  0.434071  0.535414  0.429261  0.564023  0.627299  0.653438  0.769439  0.624855  0.570608  0.599764  0.697883  0.727673  0.439772  0.499946  0.421826  0.498324  0.608442  0.617909  0.510907  0.593388  0.556837  0.427425  0.662778  0.680556  0.448467  0.546457  0.603759  0.615481  0.684934  0.632123  0.377868  0.616574  0.500387  0.573123  0.740399  0.536806 
16  0.392815  0.623320  0.490873  0.600765  0.460432  0.596040  0.584021  0.436248  0.627592  0.410657  0.647190  0.445210  0.591644  0.441895  0.555900  0.627396 0.0  0.518199  0.637637  0.560366  0.711991  0.471890  0.474146  0.506497  0.623907  0.562344  0.505421  0.674933  0.567607  0.657327  0.524520  0.425357  0.558472  0.472650  0.691694  0.652109  0.668262  0.649237  0.480773  0.536730  0.610554  0.801575  0.664199  0.360077  0.711597  0.393540  0.491156  0.695709  0.484601  0.323909  0.479092  0.633028  0.459869  0.392892  0.696366  0.456871  0.402141  0.604994  0.673348  0.597613  0.414282  0.539756  0.531989  0.490024  0.632325  0.527440  0.395364  0.480424  0.325184  0.817043  0.455445  0.552639  0.551055  0.294811  0.647911  0.543473  0.708474  0.563532  0.598103  0.561801  0.599099  0.622022  0.665453  0.747110  0.707821  0.522473  0.455294  0.541288  0.355195  0.576627  0.545444  0.562793  0.616354  0.595234  0.631450  0.402650  0.498988  0.424253  0.670562  0.379504  0.722294  0.654065  0.592287  0.458155  0.644084  0.522971  0.321969  0.699003  0.426941  0.327913  0.403217  0.481623  0.507145  0.493010  0.622297  0.615884  0.643383  0.618493  0.484653  0.681215  0.557215  0.646698  0.535011  0.333352  0.535278  0.389099  0.584111  0.331005  0.675508  0.614868  0.600595  0.537215  0.443816  0.511851  0.536401  0.414358  0.474247  0.561499  0.421848  0.393591  0.452774  0.407181  0.610868  0.742388  0.467399  0.285792  0.510073  0.502703  0.635882  0.677251  0.509256  0.666108  0.500839  0.497110  0.704514  0.465417  0.654379  0.497831  0.592522  0.579772  0.564201  0.487945  0.676510  0.399087  0.608003  0.521361  0.448503  0.633691  0.679082  0.710978  0.704282  0.608331  0.643863  0.458894  0.632605  0.583715  0.529319  0.517941  0.431131  0.543173  0.497553  0.498184  0.452897  0.413036  0.666101  0.494578  0.470705  0.683313  0.503539  0.503640  0.578768  0.517328  0.559606  0.470255  0.559965  0.577293  0.465624 
17  0.541123  0.444691  0.616696  0.447553  0.617832  0.686446  0.545121  0.719962  0.639252  0.711269  0.568275  0.501166  0.388361  0.584134  0.638649  0.489488  0.518199 0.0  0.800808  0.430328  0.744917  0.638781  0.543346  0.530591  0.534623  0.529451  0.415391  0.520846  0.697772  0.742506  0.437005  0.325289  0.793163  0.574625  0.562570  0.673192  0.576517  0.727146  0.467918  0.610750  0.639240  0.647521  0.490616  0.601795  0.623208  0.690450  0.458946  0.601880  0.516850  0.629175  0.565229  0.536309  0.460249  0.634591  0.503023  0.635405  0.639955  0.718121  0.723175  0.542624  0.575559  0.369561  0.524691  0.343950  0.381330  0.331739  0.542615  0.489669  0.604424  0.830341  0.350035  0.741884  0.508198  0.600006  0.664797  0.343579  0.526432  0.668009  0.435193  0.415533  0.472127  0.378924  0.603412  0.584112  0.715172  0.577167  0.507989  0.628415  0.519776  0.630766  0.579352  0.395045  0.419097  0.407015  0.391111  0.625420  0.443791  0.650340  0.419750  0.584283  0.630836  0.677483  0.562730  0.725663  0.604035  0.703790  0.546958  0.720520  0.675614  0.584726  0.600432  0.635636  0.651200  0.537003  0.630921  0.781998  0.416735  0.620494  0.608123  0.592434  0.570392  0.687044  0.424565  0.565909  0.384423  0.669603  0.371562  0.669394  0.582858  0.538893  0.501319  0.502601  0.482310  0.566363  0.590397  0.664607  0.557740  0.761279  0.316296  0.341372  0.581459  0.462559  0.627898  0.452451  0.574799  0.558102  0.403291  0.399748  0.659183  0.555216  0.602887  0.448880  0.582649  0.288765  0.488929  0.659218  0.466193  0.329483  0.494199  0.584265  0.621914  0.442940  0.372008  0.363870  0.586914  0.466944  0.542824  0.709732  0.613275  0.623925  0.592989  0.783296  0.698790  0.310809  0.473238  0.383953  0.416697  0.498542  0.753570  0.475952  0.540025  0.518797  0.316801  0.621508  0.637127  0.400972  0.573812  0.770442  0.657215  0.603439  0.565982  0.400304  0.607767  0.414170  0.606653  0.581258  0.474178 
18  0.745686  0.630632  0.715387  0.586326  0.711742  0.658499  0.518269  0.588623  0.496183  0.671756  0.762648  0.596165  0.639155  0.593624  0.647306  0.741317  0.637637  0.800808 0.0  0.633611  0.653672  0.550614  0.601252  0.614541  0.589097  0.700173  0.616052  0.612991  0.769397  0.617757  0.618020  0.638834  0.638834  0.514983  0.766353  0.478367  0.587793  0.639676  0.604353  0.712895  0.570584  0.629425  0.672412  0.720146  0.715601  0.695610  0.559283  0.609403  0.488069  0.695486  0.696313  0.504264  0.805758  0.702813  0.757333  0.637883  0.599288  0.618482  0.663249  0.625154  0.685188  0.551216  0.575901  0.721472  0.667807  0.637834  0.530297  0.551154  0.597280  0.718619  0.783640  0.703137  0.667355  0.606453  0.894520  0.667756  0.780293  0.833665  0.652723  0.693744  0.663826  0.622863  0.615094  0.783794  0.599807  0.658190  0.565403  0.578565  0.710927  0.595863  0.655147  0.783425  0.570143  0.824465  0.641173  0.620761  0.685805  0.627269  0.642980  0.544164  0.669744  0.545323  0.591073  0.585540  0.610305  0.584701  0.596104  0.612427  0.612110  0.684669  0.625952  0.651260  0.745299  0.657663  0.700970  0.697110  0.664011  0.639374  0.559369  0.581058  0.587222  0.547298  0.802144  0.753380  0.773406  0.541125  0.662860  0.601789  0.672930  0.684943  0.635748  0.474258  0.562320  0.649521  0.510545  0.816233  0.583173  0.869636  0.749244  0.632616  0.650547  0.645690  0.722959  0.674843  0.749762  0.609898  0.657311  0.644629  0.575813  0.566462  0.586619  0.697214  0.793222  0.593210  0.570570  0.598804  0.606189  0.584735  0.597330  0.621633  0.693526  0.637451  0.649612  0.605299  0.763114  0.537207  0.465613  0.644837  0.790042  0.668204  0.638926  0.734699  0.621273  0.614938  0.726458  0.757616  0.659014  0.552518  0.611082  0.661540  0.823569  0.657744  0.576705  0.650155  0.540265  0.650203  0.587197  0.798288  0.678860  0.639200  0.545573  0.699653  0.559511  0.710890  0.694297  0.640334  0.788243 
19  0.623465  0.358912  0.565029  0.434439  0.585389  0.511074  0.686764  0.700163  0.623951  0.582625  0.563141  0.651282  0.395991  0.519207  0.490526  0.476491  0.560366  0.430328  0.633611 0.0  0.705137  0.531179  0.476747  0.592541  0.657263  0.536881  0.418955  0.578972  0.647937  0.651672  0.469606  0.368714  0.626946  0.495340  0.572282  0.623850  0.628786  0.661086  0.436595  0.639279  0.586546  0.745448  0.625176  0.751462  0.531256  0.714450  0.582650  0.614071  0.582679  0.553737  0.499930  0.560213  0.535115  0.661043  0.525278  0.727287  0.591266  0.617118  0.558028  0.692011  0.623891  0.325241  0.558876  0.401681  0.511747  0.389247  0.531957  0.540244  0.552280  0.797241  0.397731  0.580797  0.458726  0.578430  0.647187  0.368603  0.474510  0.569889  0.395053  0.474489  0.392723  0.426002  0.694058  0.755250  0.617012  0.628647  0.457202  0.625001  0.506568  0.693048  0.632571  0.396479  0.388175  0.464943  0.337542  0.614480  0.366459  0.530207  0.465256  0.607019  0.634109  0.613300  0.639722  0.705854  0.545956  0.612750  0.597626  0.572441  0.620424  0.681019  0.589098  0.570499  0.702683  0.475645  0.736139  0.659403  0.389452  0.653007  0.555219  0.602000  0.549958  0.742725  0.567210  0.576460  0.406342  0.650542  0.471615  0.670665  0.622191  0.569455  0.581319  0.596401  0.641987  0.595774  0.532544  0.628222  0.478039  0.675417  0.433782  0.427244  0.604243  0.525188  0.492930  0.450480  0.583293  0.694259  0.444319  0.441648  0.593767  0.380096  0.556055  0.414483  0.654703  0.389935  0.424286  0.491986  0.455812  0.384961  0.488621  0.639181  0.563601  0.345416  0.480379  0.360740  0.544580  0.541302  0.494165  0.716758  0.603235  0.520429  0.682939  0.800777  0.583609  0.368783  0.519785  0.407427  0.358586  0.566627  0.638989  0.440290  0.592055  0.566271  0.357136  0.616779  0.597053  0.477229  0.574770  0.643970  0.620152  0.610054  0.553041  0.457091  0.611226  0.432123  0.630218  0.782266  0.535677 
