197
0 0.0  0.532160  0.632993  0.469072  0.409035  0.501148  0.480082  0.609283  0.651106  0.673341  0.448021  0.491742  0.475689  0.544833  0.500639  0.599754  0.518368  0.484994  0.678243  0.528362  0.495282  0.640847  0.630016  0.620418  0.524011  0.637639  0.464861  0.595297  0.418369  0.740881  0.628147  0.467173  0.465163  0.491031  0.339886  0.693919  0.569821  0.531413  0.292444  0.480657  0.573733  0.518421  0.763403  0.643489  0.601790  0.456506  0.466167  0.617081  0.479387  0.468985  0.558070  0.631252  0.410209  0.522696  0.452539  0.670687  0.573364  0.676917  0.572665  0.550548  0.629922  0.558828  0.562560  0.471672  0.470403  0.603921  0.486968  0.538019  0.411712  0.749516  0.552345  0.504590  0.340799  0.491905  0.786357  0.568358  0.523614  0.555035  0.701782  0.530602  0.567890  0.514846  0.490223  0.668667  0.654039  0.648798  0.452524  0.608689  0.554809  0.662389  0.749750  0.520540  0.549346  0.560491  0.513537  0.652355  0.406248  0.628700  0.570145  0.531968  0.648904  0.685547  0.410940  0.515321  0.607162  0.580610  0.349936  0.763776  0.572819  0.549098  0.553737  0.524692  0.557116  0.540062  0.720963  0.632956  0.476499  0.615840  0.573127  0.469072  0.559213  0.703128  0.650088  0.443060  0.577831  0.397444  0.506194  0.551872  0.553824  0.556650  0.444444  0.633226  0.631775  0.532000  0.507235  0.648445  0.565196  0.530623  0.222033  0.519578  0.624251  0.413481  0.716568  0.564724  0.597915  0.559983  0.373770  0.507552  0.551768  0.565451  0.550151  0.617744  0.651222  0.529410  0.636250  0.665565  0.536026  0.569121  0.597863  0.659641  0.710396  0.449698  0.574077  0.529450  0.440563  0.546867  0.307766  0.561540  0.433491  0.609430  0.711983  0.681798  0.557781  0.584328  0.636541  0.527089  0.470302  0.548463  0.625148  0.504842  0.488897  0.594751  0.530548  0.574807  0.570133  0.395337  0.664310  0.623041  0.484875  0.519592  0.524559  0.523528  0.549448  0.491566  0.625190  0.646855  0.441050 
1  0.532160 0.0  0.601815  0.475252  0.569434  0.580595  0.547541  0.587800  0.597301  0.625524  0.596738  0.656227  0.481763  0.438947  0.565405  0.429128  0.455540  0.326366  0.645982  0.369426  0.649334  0.613331  0.513978  0.719509  0.593197  0.449128  0.471304  0.651088  0.663573  0.715405  0.412552  0.432807  0.617016  0.446917  0.461796  0.671102  0.532112  0.477938  0.583305  0.573432  0.546037  0.689086  0.593794  0.665030  0.629994  0.649531  0.545254  0.518181  0.616547  0.680531  0.511448  0.583638  0.519450  0.564683  0.490953  0.648394  0.565073  0.625320  0.681925  0.563504  0.507797  0.553285  0.519948  0.443345  0.429838  0.382842  0.652035  0.568251  0.591539  0.723643  0.453970  0.702845  0.582357  0.521612  0.624345  0.277079  0.464271  0.538223  0.325258  0.318279  0.385905  0.321477  0.583659  0.585236  0.672994  0.595861  0.476762  0.659399  0.654348  0.616990  0.602811  0.386118  0.468315  0.438800  0.364963  0.577442  0.407961  0.422604  0.335890  0.689334  0.599421  0.685575  0.545690  0.597883  0.621539  0.520136  0.607049  0.623253  0.526548  0.533021  0.640153  0.651333  0.584468  0.522781  0.561622  0.606883  0.457607  0.608719  0.622143  0.555003  0.499556  0.590888  0.535971  0.538262  0.457183  0.567594  0.369989  0.666551  0.621564  0.620522  0.517032  0.549496  0.541926  0.511475  0.466247  0.586208  0.559071  0.705795  0.515987  0.365939  0.634217  0.495636  0.658053  0.316645  0.548432  0.561370  0.450627  0.450135  0.488591  0.385425  0.595541  0.516078  0.619472  0.386024  0.392622  0.512690  0.489877  0.301530  0.476114  0.548093  0.539791  0.364839  0.485824  0.430639  0.505813  0.410999  0.378461  0.691876  0.533679  0.603265  0.533182  0.707884  0.560793  0.431180  0.437177  0.420150  0.383475  0.600243  0.569546  0.436455  0.516395  0.559816  0.360059  0.617176  0.613455  0.395081  0.584503  0.616987  0.563881  0.469923  0.623059  0.373098  0.521916  0.489340  0.469060  0.713105  0.580338 
2  0.632993  0.601815 0.0  0.583147  0.678669  0.559237  0.604969  0.469322  0.521057  0.622626  0.537640  0.638640  0.672835  0.537332  0.569880  0.555222  0.442697  0.752245  0.571691  0.535057  0.455401  0.523502  0.550180  0.481509  0.485413  0.493628  0.481386  0.546868  0.645474  0.564784  0.692712  0.529113  0.477385  0.495093  0.626365  0.681391  0.598892  0.531424  0.569101  0.473649  0.525843  0.640283  0.479131  0.529321  0.505678  0.560079  0.636554  0.621328  0.516373  0.442632  0.676596  0.534679  0.652095  0.625941  0.723025  0.517566  0.458187  0.613559  0.535454  0.599332  0.533041  0.742841  0.471624  0.516849  0.672324  0.645767  0.458006  0.518768  0.493554  0.673353  0.494673  0.628156  0.545655  0.480570  0.623141  0.610886  0.660979  0.530067  0.521778  0.729120  0.612241  0.596678  0.618903  0.724587  0.546116  0.604926  0.418691  0.515688  0.485442  0.600260  0.595369  0.596177  0.509972  0.584144  0.596131  0.555325  0.584440  0.584332  0.587923  0.647315  0.694803  0.495945  0.533750  0.511895  0.461294  0.491487  0.416561  0.625148  0.536725  0.479302  0.491024  0.496957  0.472967  0.465285  0.602086  0.495838  0.522932  0.507172  0.557987  0.668130  0.507715  0.576265  0.495865  0.418839  0.622027  0.565200  0.519935  0.573454  0.557615  0.567363  0.686872  0.422728  0.542327  0.529176  0.450881  0.572444  0.509768  0.518597  0.586910  0.590868  0.445621  0.567598  0.510853  0.554437  0.533260  0.606795  0.667318  0.611244  0.446850  0.606800  0.496685  0.619743  0.635922  0.686147  0.609151  0.568711  0.618339  0.604062  0.650741  0.620924  0.582769  0.584987  0.659001  0.533539  0.644386  0.584967  0.690022  0.674591  0.545217  0.700496  0.589042  0.495425  0.630302  0.518268  0.763429  0.524272  0.569301  0.598482  0.535356  0.716080  0.566241  0.488700  0.634512  0.529176  0.495017  0.524470  0.501308  0.536159  0.570851  0.603398  0.589964  0.627719  0.522272  0.711393  0.624108  0.688876  0.561590 
3  0.469072  0.475252  0.583147 0.0  0.778514  0.709942  0.383641  0.681124  0.582590  0.747744  0.623702  0.636742  0.434869  0.683825  0.571063  0.374773  0.606865  0.491607  0.664772  0.555148  0.560032  0.650716  0.542877  0.684627  0.607295  0.667147  0.455660  0.596111  0.655149  0.612889  0.419362  0.457397  0.474942  0.629934  0.594529  0.631453  0.409997  0.703058  0.615602  0.675585  0.619904  0.636263  0.649198  0.784754  0.593681  0.565653  0.540342  0.590921  0.609599  0.632988  0.654929  0.562974  0.611487  0.719952  0.617681  0.589456  0.731868  0.663850  0.714291  0.404198  0.627101  0.359512  0.556159  0.397559  0.469742  0.402945  0.673099  0.658389  0.532744  0.728874  0.557519  0.817856  0.588324  0.591974  0.739677  0.429141  0.419123  0.677076  0.449547  0.610564  0.540718  0.415337  0.599060  0.635405  0.512970  0.637680  0.588563  0.660150  0.693012  0.752306  0.755661  0.500831  0.398656  0.548862  0.422337  0.722081  0.436075  0.637227  0.518323  0.625734  0.622472  0.672124  0.667716  0.595201  0.698311  0.536525  0.642324  0.546493  0.553098  0.733161  0.681863  0.587599  0.595274  0.555121  0.546689  0.728668  0.394336  0.663169  0.573696  0.563728  0.682460  0.615854  0.620722  0.581911  0.477965  0.736195  0.398117  0.835291  0.585271  0.405492  0.570234  0.623212  0.703505  0.564294  0.570853  0.617722  0.631494  0.760003  0.352609  0.403193  0.562484  0.570737  0.678703  0.371522  0.608279  0.700479  0.448540  0.447827  0.627446  0.422269  0.688920  0.471316  0.706678  0.418780  0.492933  0.591506  0.421919  0.503013  0.460175  0.530705  0.736472  0.368930  0.392046  0.392472  0.554439  0.437093  0.582370  0.700134  0.594345  0.535867  0.731161  0.728407  0.499827  0.441222  0.587103  0.499401  0.405578  0.578211  0.740981  0.459999  0.674090  0.488029  0.342491  0.586981  0.682720  0.366367  0.640970  0.823226  0.660427  0.611242  0.571842  0.436348  0.537442  0.406146  0.734431  0.754186  0.553992 
4  0.409035  0.569434  0.678669  0.778514 0.0  0.635896  0.613562  0.557213  0.645109  0.591818  0.569749  0.480715  0.507236  0.531857  0.627567  0.637821  0.450737  0.623201  0.591750  0.581200  0.594140  0.555085  0.600296  0.660033  0.561509  0.516129  0.649569  0.540823  0.520905  0.523861  0.590763  0.659519  0.525546  0.475743  0.544637  0.667584  0.494707  0.487170  0.684402  0.563965  0.530484  0.534842  0.560121  0.441955  0.543616  0.393944  0.523386  0.665548  0.534845  0.593737  0.633334  0.559715  0.519160  0.468634  0.587280  0.598614  0.655900  0.698871  0.661358  0.572685  0.543831  0.612729  0.580347  0.730932  0.600807  0.564047  0.598462  0.579121  0.436726  0.728673  0.774608  0.489518  0.562509  0.439678  0.576670  0.775437  0.637973  0.522810  0.759880  0.761377  0.590443  0.514765  0.630619  0.631753  0.563882  0.644087  0.538497  0.598672  0.613483  0.631468  0.627912  0.618115  0.676740  0.694953  0.653697  0.515309  0.655174  0.521057  0.696991  0.703895  0.692725  0.551151  0.468022  0.426115  0.617276  0.609747  0.338446  0.682559  0.541747  0.471802  0.525465  0.532258  0.582848  0.453160  0.592991  0.463687  0.630470  0.586683  0.597840  0.608850  0.675498  0.667626  0.663188  0.540193  0.740426  0.423748  0.649565  0.483759  0.640065  0.563995  0.645049  0.622673  0.708869  0.576159  0.608061  0.656922  0.579433  0.568491  0.608479  0.684207  0.569752  0.532793  0.549133  0.537452  0.457015  0.500475  0.780306  0.761317  0.659069  0.665883  0.644364  0.659103  0.565216  0.643428  0.655147  0.493434  0.572785  0.673039  0.640923  0.750796  0.632561  0.646260  0.742798  0.685679  0.635798  0.533536  0.542627  0.467729  0.432043  0.560728  0.699105  0.539827  0.539737  0.655467  0.656493  0.703841  0.652529  0.614695  0.591539  0.666335  0.536379  0.396230  0.747503  0.560888  0.513654  0.647855  0.666815  0.667430  0.610865  0.504885  0.514928  0.559808  0.524965  0.647488  0.709562  0.688000  0.684676 
5  0.501148  0.580595  0.559237  0.709942  0.635896 0.0  0.579398  0.629380  0.672335  0.592577  0.571638  0.517924  0.538663  0.588645  0.629366  0.636868  0.546973  0.621898  0.645037  0.561157  0.587921  0.589881  0.626992  0.529139  0.621651  0.488595  0.692261  0.702135  0.490232  0.584213  0.550319  0.710028  0.572664  0.591453  0.518289  0.565268  0.614596  0.617693  0.539981  0.554558  0.619002  0.678691  0.556325  0.581677  0.681627  0.551155  0.618489  0.579812  0.612278  0.622760  0.693861  0.558660  0.531817  0.525954  0.663605  0.548286  0.506884  0.616089  0.641182  0.570094  0.652883  0.580266  0.700757  0.525867  0.638072  0.537600  0.636145  0.724585  0.422239  0.696292  0.569193  0.563791  0.599951  0.524195  0.572082  0.632544  0.516615  0.509772  0.678787  0.549733  0.478253  0.623898  0.524907  0.517087  0.610584  0.644332  0.550995  0.572956  0.579336  0.582340  0.646551  0.451380  0.504379  0.523744  0.595241  0.576117  0.478345  0.557364  0.548483  0.613986  0.630044  0.617538  0.622931  0.675960  0.662704  0.542215  0.471928  0.552581  0.584905  0.590670  0.508283  0.552378  0.690440  0.540639  0.661588  0.564577  0.630668  0.616896  0.617248  0.516585  0.560277  0.589917  0.624311  0.579789  0.566425  0.506240  0.643595  0.609544  0.660629  0.425339  0.583695  0.617910  0.663644  0.509372  0.647385  0.571695  0.583873  0.508919  0.535183  0.547338  0.517084  0.523230  0.609924  0.630180  0.592295  0.526087  0.533982  0.572175  0.564557  0.555510  0.533616  0.597866  0.575520  0.639517  0.587918  0.649760  0.555495  0.680457  0.642630  0.620656  0.611770  0.648603  0.612192  0.466928  0.543958  0.559875  0.486513  0.546700  0.424922  0.558204  0.480423  0.634045  0.606372  0.583883  0.628049  0.622171  0.611849  0.668181  0.636189  0.564400  0.556080  0.612541  0.534187  0.605546  0.515468  0.507249  0.427292  0.623741  0.585001  0.592882  0.538848  0.526032  0.536539  0.496126  0.612368  0.622038  0.708799 
6  0.480082  0.547541  0.604969  0.383641  0.613562  0.579398 0.0  0.649036  0.555357  0.705186  0.585700  0.550661  0.649425  0.572953  0.678114  0.519221  0.429902  0.614928  0.490778  0.558132  0.686749  0.634580  0.477445  0.633179  0.590023  0.615844  0.514776  0.586157  0.608724  0.617836  0.526027  0.429057  0.616044  0.549669  0.557335  0.613577  0.588221  0.626060  0.616046  0.511626  0.599139  0.522563  0.609265  0.640939  0.625108  0.582023  0.559767  0.496935  0.607612  0.559004  0.565913  0.549329  0.726096  0.571477  0.588068  0.617905  0.595600  0.682823  0.569856  0.641582  0.556891  0.517350  0.532995  0.547638  0.634030  0.503357  0.693362  0.528510  0.715505  0.565648  0.550551  0.775964  0.617796  0.553719  0.592317  0.585610  0.509952  0.559564  0.456256  0.641032  0.677266  0.515115  0.450107  0.622025  0.566037  0.570189  0.670129  0.525838  0.571865  0.471448  0.553190  0.536656  0.549850  0.547893  0.528346  0.557901  0.470987  0.640332  0.549997  0.585573  0.675423  0.553551  0.573395  0.493729  0.517760  0.618785  0.543622  0.506411  0.579162  0.522761  0.559198  0.695174  0.518901  0.578381  0.583310  0.505724  0.484941  0.549740  0.650449  0.571073  0.548719  0.479318  0.497287  0.611350  0.615962  0.710578  0.545948  0.640379  0.560046  0.588971  0.447771  0.659123  0.547628  0.632777  0.531289  0.685675  0.558043  0.596624  0.492306  0.528455  0.519419  0.601004  0.501747  0.527868  0.689779  0.675380  0.447016  0.657591  0.511978  0.552527  0.687035  0.556976  0.585483  0.542496  0.543061  0.493055  0.506160  0.554421  0.528589  0.615923  0.610398  0.559583  0.429472  0.555125  0.480010  0.571706  0.560396  0.587989  0.593923  0.474867  0.763457  0.555842  0.607654  0.480055  0.548733  0.583809  0.645664  0.602622  0.601477  0.512375  0.468409  0.592770  0.407360  0.540511  0.747275  0.472482  0.602032  0.566478  0.490064  0.602555  0.491845  0.547920  0.625857  0.485276  0.667614  0.604553  0.497889 
7  0.609283  0.587800  0.469322  0.681124  0.557213  0.629380  0.649036 0.0  0.547193  0.675182  0.552445  0.446450  0.673990  0.373679  0.543361  0.603675  0.360680  0.649702  0.609939  0.584737  0.509121  0.516957  0.526686  0.428123  0.396959  0.639831  0.675282  0.633456  0.545599  0.473220  0.564588  0.472242  0.462350  0.323367  0.569514  0.493535  0.519356  0.491932  0.598312  0.564328  0.589225  0.525494  0.715167  0.473827  0.699496  0.463513  0.519022  0.644366  0.323236  0.446285  0.589458  0.605186  0.637099  0.471728  0.716361  0.483991  0.674325  0.618721  0.555083  0.486962  0.450124  0.534137  0.421441  0.672820  0.633319  0.678548  0.371965  0.593070  0.617755  0.805798  0.543891  0.436709  0.694445  0.387924  0.576002  0.621794  0.727299  0.449479  0.629672  0.656143  0.483385  0.620408  0.497797  0.596934  0.528917  0.609537  0.355292  0.342652  0.514911  0.516860  0.557562  0.627913  0.485517  0.634873  0.664659  0.681863  0.624656  0.357136  0.736111  0.377597  0.568386  0.557101  0.497871  0.641966  0.365996  0.505633  0.523700  0.675499  0.562330  0.516037  0.549478  0.540315  0.571840  0.522861  0.623801  0.413767  0.684107  0.649690  0.566947  0.474868  0.639163  0.479677  0.634342  0.525483  0.595313  0.479234  0.633757  0.579470  0.535784  0.460757  0.609674  0.542613  0.544211  0.592366  0.457325  0.500837  0.535543  0.575620  0.506042  0.418634  0.392991  0.524947  0.578107  0.659324  0.437384  0.627916  0.704666  0.635963  0.618625  0.626095  0.454350  0.694664  0.607090  0.540907  0.714657  0.490119  0.657877  0.511907  0.697641  0.606448  0.495898  0.531075  0.634002  0.572386  0.612128  0.512444  0.446057  0.623948  0.524777  0.577392  0.477617  0.503164  0.758238  0.619301  0.659031  0.695746  0.595863  0.528527  0.674271  0.677831  0.573432  0.564579  0.645187  0.510234  0.628443  0.596331  0.494041  0.574231  0.557478  0.487936  0.452981  0.620919  0.658614  0.674112  0.606747  0.416447  0.581554 
8  0.651106  0.597301  0.521057  0.582590  0.645109  0.672335  0.555357  0.547193 0.0  0.572860  0.590199  0.661793  0.626951  0.587812  0.635366  0.615967  0.689929  0.460970  0.575452  0.619160  0.683759  0.513634  0.468185  0.427050  0.555530  0.609159  0.498752  0.537130  0.722909  0.504384  0.641913  0.612804  0.551785  0.590739  0.667757  0.669587  0.682449  0.584474  0.460042  0.575120  0.560651  0.524542  0.488742  0.693508  0.632308  0.803634  0.706545  0.604262  0.502003  0.618431  0.621852  0.555187  0.698607  0.623858  0.654523  0.728725  0.734134  0.685278  0.624283  0.611104  0.580967  0.596121  0.563563  0.674330  0.634538  0.481672  0.525222  0.502076  0.723329  0.687963  0.603512  0.507116  0.580736  0.587740  0.634195  0.567839  0.561705  0.606349  0.543909  0.698052  0.616560  0.558914  0.522034  0.550928  0.611487  0.632302  0.594166  0.438245  0.698804  0.600349  0.397218  0.648716  0.677817  0.611538  0.585033  0.589537  0.723653  0.695968  0.494056  0.531207  0.622836  0.479156  0.630088  0.698101  0.388220  0.512719  0.571387  0.565077  0.585835  0.635513  0.731522  0.621152  0.522743  0.678357  0.712049  0.806852  0.581944  0.539639  0.513070  0.581443  0.616650  0.593300  0.729214  0.611597  0.615664  0.552892  0.555387  0.596508  0.556787  0.595463  0.637021  0.465431  0.509136  0.563871  0.508470  0.684122  0.669617  0.693306  0.646149  0.492238  0.522669  0.628477  0.555711  0.615502  0.592612  0.662020  0.632595  0.722491  0.389011  0.584470  0.489072  0.618461  0.596385  0.635938  0.660158  0.519017  0.692528  0.489533  0.562968  0.461126  0.587467  0.534702  0.520912  0.684659  0.576500  0.522203  0.610514  0.718514  0.578549  0.587378  0.563317  0.698097  0.630948  0.674724  0.670992  0.544567  0.574503  0.607544  0.664496  0.581535  0.689696  0.691391  0.706226  0.526836  0.640938  0.593571  0.459176  0.675668  0.700105  0.642295  0.643304  0.619541  0.656386  0.593959  0.526879  0.504118  0.682368 
9  0.673341  0.625524  0.622626  0.747744  0.591818  0.592577  0.705186  0.675182  0.572860 0.0  0.771331  0.482576  0.691940  0.561370  0.569190  0.546472  0.363136  0.640281  0.711097  0.618540  0.693975  0.729045  0.484454  0.578081  0.605457  0.573866  0.590973  0.600007  0.568075  0.489869  0.709130  0.592451  0.603597  0.554828  0.574034  0.641743  0.621171  0.694666  0.520107  0.524911  0.578528  0.700643  0.491680  0.392449  0.709593  0.526592  0.652755  0.578532  0.690280  0.614027  0.522655  0.592294  0.483986  0.572446  0.637121  0.491912  0.378783  0.743409  0.626489  0.704581  0.407913  0.504279  0.582495  0.598717  0.562130  0.659519  0.575219  0.524825  0.487751  0.678910  0.604078  0.526862  0.655928  0.513786  0.544039  0.686693  0.706956  0.621009  0.661698  0.682666  0.604898  0.612428  0.768085  0.704600  0.681939  0.505638  0.515421  0.467946  0.545378  0.556040  0.615414  0.591439  0.649165  0.650356  0.578684  0.437458  0.637284  0.441012  0.686801  0.596175  0.492169  0.755948  0.688012  0.541479  0.563778  0.673170  0.540933  0.822466  0.365830  0.352323  0.476682  0.535765  0.724327  0.465422  0.627668  0.625700  0.622561  0.706905  0.589961  0.638993  0.565609  0.692545  0.634904  0.545642  0.539658  0.637660  0.608661  0.514012  0.549034  0.773063  0.726773  0.452142  0.682190  0.611784  0.606212  0.440114  0.586727  0.770450  0.616898  0.582097  0.675638  0.597458  0.612473  0.741296  0.415797  0.344047  0.650228  0.559710  0.572730  0.550233  0.553064  0.655474  0.486641  0.563289  0.597845  0.547990  0.558414  0.598365  0.671676  0.614406  0.518969  0.597787  0.678307  0.583196  0.729148  0.638476  0.666237  0.570388  0.610323  0.724351  0.721348  0.834929  0.608666  0.576912  0.726662  0.575433  0.501233  0.545556  0.432789  0.638470  0.654203  0.657820  0.596499  0.534707  0.676586  0.677967  0.678540  0.650578  0.658676  0.568042  0.701377  0.736160  0.647370  0.576497  0.641747  0.499325  0.627403 
10  0.448021  0.596738  0.537640  0.623702  0.569749  0.571638  0.585700  0.552445  0.590199  0.771331 0.0  0.691185  0.616073  0.582192  0.573199  0.633105  0.592289  0.756022  0.651413  0.695516  0.620282  0.622620  0.593115  0.823977  0.482017  0.760853  0.780017  0.552194  0.569116  0.580142  0.528350  0.688669  0.520146  0.538700  0.521488  0.628210  0.401659  0.489932  0.699003  0.691523  0.638448  0.655189  0.543736  0.642235  0.480595  0.551106  0.561132  0.631730  0.640763  0.736717  0.532268  0.447707  0.533650  0.639928  0.581975  0.677402  0.637946  0.721200  0.314840  0.558508  0.676641  0.732564  0.585822  0.566632  0.529577  0.714248  0.604887  0.637411  0.574857  0.679231  0.726950  0.650120  0.558341  0.587512  0.733238  0.718493  0.644628  0.372685  0.605572  0.753196  0.590136  0.507461  0.455406  0.409936  0.542517  0.554506  0.431668  0.627729  0.581090  0.735788  0.687558  0.498123  0.590721  0.669961  0.694815  0.653385  0.559790  0.658498  0.580100  0.637336  0.688974  0.421245  0.356954  0.504280  0.624829  0.423836  0.683891  0.339789  0.727549  0.717770  0.559917  0.541989  0.611905  0.551142  0.515647  0.486010  0.498748  0.444840  0.733217  0.622108  0.529902  0.548029  0.645191  0.671486  0.603199  0.602422  0.602198  0.686757  0.682518  0.519200  0.740403  0.605867  0.535318  0.519957  0.816682  0.718998  0.827571  0.669090  0.629350  0.607427  0.464801  0.593134  0.673884  0.576952  0.855094  0.807152  0.663755  0.856981  0.592718  0.686968  0.722330  0.643509  0.698139  0.604933  0.593479  0.606024  0.564831  0.620153  0.649499  0.603207  0.647931  0.581910  0.722518  0.671851  0.716752  0.617822  0.537473  0.562413  0.374180  0.499032  0.694285  0.528074  0.524573  0.684670  0.522995  0.612166  0.598731  0.551746  0.695028  0.586747  0.687780  0.471921  0.604286  0.567389  0.497897  0.501813  0.659854  0.690290  0.610681  0.540213  0.488700  0.707748  0.579879  0.586704  0.578244  0.774265  0.752387 
11  0.491742  0.656227  0.638640  0.636742  0.480715  0.517924  0.550661  0.446450  0.661793  0.482576  0.691185 0.0  0.570649  0.409871  0.569915  0.481708  0.518367  0.633083  0.615337  0.627727  0.650492  0.580262  0.495675  0.634691  0.487135  0.543609  0.510380  0.567509  0.497413  0.581571  0.600711  0.611329  0.717086  0.488190  0.570720  0.685705  0.645283  0.486496  0.504772  0.576922  0.667454  0.726663  0.583527  0.425418  0.745846  0.529391  0.487205  0.650482  0.668262  0.648575  0.667086  0.589838  0.534644  0.546746  0.614800  0.456983  0.485768  0.713909  0.659930  0.617902  0.359046  0.692546  0.469723  0.614661  0.706149  0.638871  0.500185  0.590160  0.448578  0.756447  0.576125  0.637682  0.569497  0.386256  0.691994  0.532272  0.570081  0.682476  0.494088  0.523188  0.640174  0.588211  0.619101  0.675433  0.627761  0.548591  0.524610  0.562339  0.583299  0.509409  0.577260  0.493013  0.524456  0.565200  0.447471  0.549958  0.648523  0.487920  0.669928  0.381261  0.646089  0.638124  0.688277  0.486997  0.524656  0.565291  0.440479  0.619635  0.378797  0.426071  0.480826  0.650804  0.544788  0.514535  0.714750  0.597993  0.633186  0.661125  0.518405  0.571845  0.553235  0.674207  0.539412  0.477266  0.538719  0.605684  0.675827  0.423922  0.521765  0.618600  0.531504  0.412360  0.458436  0.529313  0.494257  0.391811  0.479223  0.552614  0.542244  0.459830  0.564499  0.442411  0.516424  0.498539  0.528582  0.370470  0.674589  0.540123  0.431042  0.623058  0.545344  0.555565  0.562509  0.554179  0.546091  0.487511  0.754800  0.580236  0.494001  0.566009  0.521281  0.489846  0.631303  0.587457  0.608888  0.509606  0.579820  0.500073  0.597578  0.639163  0.625124  0.606612  0.735233  0.490155  0.582154  0.598665  0.589447  0.570723  0.470464  0.689811  0.418092  0.570031  0.556073  0.404342  0.694725  0.602688  0.469713  0.598362  0.602316  0.617538  0.590313  0.551408  0.646960  0.583681  0.566735  0.495108  0.513192 
12  0.475689  0.481763  0.672835  0.434869  0.507236  0.538663  0.649425  0.673990  0.626951  0.691940  0.616073  0.570649 0.0  0.556429  0.512798  0.451374  0.625128  0.404531  0.537265  0.345087  0.663325  0.441078  0.590718  0.544839  0.565427  0.579573  0.348767  0.519375  0.699347  0.619213  0.447052  0.332233  0.498436  0.381687  0.517410  0.640786  0.710314  0.575040  0.364465  0.618838  0.591904  0.618363  0.618110  0.603196  0.590429  0.524723  0.531512  0.472236  0.505574  0.521658  0.586565  0.608430  0.520004  0.596331  0.495328  0.561149  0.658188  0.562806  0.668143  0.637381  0.564005  0.416204  0.604236  0.434669  0.383598  0.338965  0.574266  0.394557  0.620792  0.543605  0.416542  0.574138  0.584497  0.551359  0.424529  0.421998  0.470807  0.487391  0.355528  0.302616  0.484585  0.434164  0.595009  0.625758  0.734920  0.613687  0.556901  0.656693  0.553823  0.549749  0.390656  0.333777  0.378571  0.428020  0.477370  0.552330  0.414416  0.484090  0.443535  0.528152  0.571755  0.649838  0.565349  0.669763  0.546134  0.422941  0.510657  0.607064  0.580038  0.591570  0.621134  0.572140  0.583157  0.481444  0.611155  0.673191  0.371515  0.621713  0.603314  0.619000  0.488348  0.623146  0.593873  0.609318  0.329365  0.570818  0.451969  0.649356  0.518497  0.427701  0.469755  0.456385  0.497354  0.498904  0.644028  0.574591  0.402499  0.775321  0.336840  0.390642  0.674829  0.498171  0.620027  0.372114  0.530675  0.600444  0.333441  0.384036  0.612507  0.516952  0.616517  0.396458  0.615948  0.523384  0.428737  0.573544  0.421856  0.382210  0.396595  0.536374  0.599089  0.394110  0.467475  0.494971  0.581382  0.517260  0.532253  0.642843  0.608110  0.603350  0.597261  0.678782  0.619103  0.347419  0.350383  0.382136  0.336580  0.637695  0.642328  0.416275  0.495832  0.537085  0.378728  0.553605  0.703489  0.367386  0.574806  0.660102  0.552770  0.556554  0.589980  0.339509  0.611858  0.442095  0.627478  0.615978  0.501197 
13  0.544833  0.438947  0.537332  0.683825  0.531857  0.588645  0.572953  0.373679  0.587812  0.561370  0.582192  0.409871  0.556429 0.0  0.570279  0.454767  0.395442  0.534831  0.573881  0.539644  0.598279  0.593532  0.441090  0.437143  0.635257  0.538753  0.477636  0.670631  0.444982  0.570044  0.534711  0.417683  0.554679  0.489734  0.670629  0.523485  0.568632  0.502316  0.362154  0.519409  0.498306  0.638520  0.504251  0.333055  0.508412  0.489827  0.444456  0.596728  0.511646  0.437990  0.452568  0.592061  0.528831  0.538505  0.549586  0.569716  0.514416  0.617740  0.629988  0.578281  0.531030  0.558738  0.501644  0.444410  0.553044  0.508683  0.499955  0.481016  0.471938  0.839809  0.369846  0.538030  0.597308  0.485168  0.584350  0.539962  0.598203  0.432907  0.454992  0.448691  0.524870  0.632849  0.701895  0.623791  0.707859  0.361066  0.506197  0.437888  0.507181  0.492166  0.502528  0.575112  0.493048  0.541606  0.481328  0.501665  0.460919  0.522887  0.651015  0.473068  0.635813  0.640264  0.620031  0.603587  0.524882  0.544083  0.574701  0.616589  0.527645  0.497141  0.566519  0.442865  0.547649  0.462104  0.651508  0.567092  0.428705  0.591885  0.575147  0.528299  0.572290  0.673968  0.639813  0.441333  0.564338  0.497668  0.542362  0.448663  0.589685  0.561387  0.472030  0.503042  0.527921  0.576914  0.522723  0.541559  0.393695  0.439841  0.465130  0.443066  0.540395  0.474918  0.550635  0.554315  0.542941  0.400331  0.531291  0.576645  0.511039  0.564460  0.410450  0.427914  0.563443  0.522443  0.390428  0.596424  0.612103  0.409911  0.524217  0.463299  0.588438  0.593023  0.633919  0.446037  0.580256  0.475029  0.566819  0.659832  0.707529  0.712550  0.568059  0.665667  0.507473  0.409739  0.560894  0.523371  0.540780  0.518588  0.492884  0.662494  0.519104  0.514698  0.587674  0.401003  0.539294  0.586432  0.487050  0.520112  0.614655  0.573215  0.537435  0.512411  0.526838  0.539849  0.552586  0.605076  0.556446 
14  0.500639  0.565405  0.569880  0.571063  0.627567  0.629366  0.678114  0.543361  0.635366  0.569190  0.573199  0.569915  0.512798  0.570279 0.0  0.684397  0.586931  0.672605  0.529559  0.551262  0.521585  0.559686  0.578667  0.582062  0.490764  0.579342  0.594395  0.613817  0.505654  0.604361  0.390915  0.592080  0.550987  0.574950  0.495848  0.589964  0.553489  0.506962  0.621025  0.568582  0.681052  0.574891  0.603072  0.757232  0.584302  0.651516  0.510286  0.614886  0.616679  0.579744  0.570649  0.574250  0.604198  0.615630  0.559508  0.713610  0.462039  0.630621  0.498097  0.637184  0.464338  0.610975  0.618680  0.532087  0.604467  0.532324  0.554832  0.551675  0.528273  0.594014  0.508212  0.618024  0.624053  0.509318  0.568931  0.550329  0.610354  0.583213  0.585790  0.631392  0.632068  0.536284  0.609343  0.552733  0.548387  0.598526  0.662408  0.653018  0.624941  0.555082  0.582896  0.647886  0.522274  0.645861  0.589419  0.597113  0.555341  0.623741  0.562544  0.584465  0.534143  0.605239  0.623988  0.536803  0.543473  0.621266  0.562610  0.517610  0.677636  0.592974  0.605534  0.563910  0.600337  0.597401  0.487378  0.616911  0.546103  0.732003  0.492442  0.558877  0.558355  0.645386  0.658260  0.403132  0.677821  0.530593  0.556561  0.580555  0.611509  0.633370  0.631944  0.614143  0.601833  0.552686  0.582873  0.619046  0.540485  0.668961  0.564015  0.630691  0.678649  0.572943  0.765361  0.631363  0.624677  0.535069  0.596944  0.580827  0.502332  0.540835  0.521727  0.572547  0.538375  0.624905  0.539845  0.550905  0.570017  0.534825  0.629621  0.512123  0.586619  0.525246  0.632824  0.638306  0.607274  0.593039  0.552440  0.625347  0.624677  0.474953  0.546202  0.636289  0.466317  0.618938  0.524021  0.660209  0.621661  0.543447  0.426747  0.649932  0.515988  0.681002  0.574620  0.706277  0.554726  0.608049  0.709001  0.606835  0.598733  0.552851  0.567575  0.642723  0.489895  0.559905  0.515511  0.724789  0.665077 
15  0.599754  0.429128  0.555222  0.374773  0.637821  0.636868  0.519221  0.603675  0.615967  0.546472  0.633105  0.481708  0.451374  0.454767  0.684397 0.0  0.522677  0.481618  0.650922  0.379507  0.714015  0.614221  0.645413  0.595372  0.680959  0.505995  0.397091  0.638697  0.604746  0.617339  0.468210  0.483366  0.661983  0.558876  0.625316  0.678335  0.666442  0.661632  0.453319  0.674558  0.575617  0.614428  0.591130  0.569718  0.594087  0.723889  0.660635  0.659412  0.648447  0.578847  0.557573  0.590700  0.597806  0.586338  0.559570  0.622350  0.542001  0.579299  0.706904  0.612865  0.648822  0.380764  0.579850  0.487276  0.427992  0.456233  0.543170  0.604711  0.558716  0.663526  0.307023  0.664438  0.676720  0.503792  0.521136  0.435829  0.582091  0.697795  0.348783  0.424318  0.489814  0.481337  0.649225  0.598297  0.595848  0.562958  0.578877  0.632200  0.551412  0.750521  0.549013  0.303929  0.439103  0.432504  0.509682  0.653883  0.599137  0.686348  0.333566  0.638965  0.553843  0.756227  0.608553  0.697002  0.508377  0.598781  0.575827  0.633343  0.683245  0.704369  0.612681  0.661077  0.679090  0.570948  0.657079  0.762622  0.459650  0.610775  0.698315  0.591814  0.417849  0.777943  0.564858  0.614900  0.395869  0.652332  0.497698  0.726793  0.641042  0.618954  0.551113  0.535393  0.549896  0.701442  0.611151  0.558206  0.491328  0.626547  0.569245  0.444555  0.775144  0.542007  0.528895  0.504496  0.656662  0.660156  0.589509  0.529523  0.461885  0.450828  0.691767  0.419797  0.574859  0.435825  0.385702  0.656797  0.537372  0.370121  0.436200  0.552760  0.590242  0.408886  0.421188  0.617717  0.541400  0.499972  0.597895  0.668318  0.529506  0.585785  0.593028  0.733138  0.616535  0.413001  0.433003  0.303776  0.486373  0.554992  0.675778  0.434539  0.520388  0.665214  0.368124  0.590088  0.592057  0.530487  0.532083  0.555357  0.718463  0.678516  0.596723  0.439300  0.476380  0.324449  0.645602  0.813157  0.514036 
16  0.518368  0.455540  0.442697  0.606865  0.450737  0.546973  0.429902  0.360680  0.689929  0.363136  0.592289  0.518367  0.625128  0.395442  0.586931  0.522677 0.0  0.475355  0.715802  0.625730  0.628042  0.517966  0.523583  0.439683  0.536992  0.615488  0.525434  0.629762  0.521684  0.625375  0.546195  0.426651  0.550442  0.305827  0.558317  0.516742  0.669513  0.516125  0.280498  0.549165  0.623250  0.576614  0.539269  0.475547  0.574099  0.356878  0.360358  0.600913  0.408114  0.320114  0.647231  0.577023  0.422444  0.439680  0.601324  0.452846  0.363511  0.591055  0.634660  0.655301  0.410246  0.442535  0.457733  0.484733  0.614735  0.485895  0.333058  0.609749  0.311634  0.808419  0.572376  0.524991  0.614311  0.285891  0.543294  0.593830  0.490323  0.474476  0.704745  0.468522  0.547596  0.614808  0.628836  0.713996  0.603640  0.477827  0.485671  0.506263  0.302886  0.560925  0.613995  0.547387  0.613497  0.605709  0.520028  0.401440  0.547295  0.405888  0.536975  0.413804  0.581337  0.663380  0.592911  0.451617  0.481639  0.458320  0.265156  0.680825  0.326414  0.389221  0.369626  0.425601  0.469162  0.499592  0.562831  0.554616  0.594410  0.593742  0.561001  0.677472  0.536692  0.667880  0.566362  0.319147  0.569883  0.502162  0.477644  0.348646  0.610787  0.606188  0.458571  0.557223  0.499415  0.499028  0.479802  0.267475  0.460859  0.506531  0.335413  0.375997  0.503647  0.376379  0.558916  0.564290  0.345732  0.310670  0.302922  0.453410  0.570229  0.517370  0.625110  0.582617  0.478925  0.435121  0.526269  0.538675  0.651515  0.445198  0.683350  0.514949  0.619228  0.546129  0.560501  0.453235  0.682355  0.557508  0.460809  0.516642  0.520381  0.627554  0.606288  0.760254  0.633210  0.356851  0.594465  0.471272  0.531715  0.537018  0.333244  0.538564  0.401059  0.448047  0.560362  0.444593  0.556501  0.629481  0.538998  0.595554  0.573011  0.557020  0.616767  0.582451  0.546153  0.622178  0.620873  0.576405  0.355076 
17  0.484994  0.326366  0.752245  0.491607  0.623201  0.621898  0.614928  0.649702  0.460970  0.640281  0.756022  0.633083  0.404531  0.534831  0.672605  0.481618  0.475355 0.0  0.694936  0.359049  0.729244  0.634469  0.494484  0.614955  0.591023  0.501073  0.379873  0.535696  0.635647  0.691357  0.461105  0.292200  0.567085  0.410440  0.610407  0.576369  0.647283  0.615291  0.448504  0.448010  0.646389  0.752764  0.577060  0.453661  0.613767  0.721378  0.543274  0.608933  0.597968  0.523072  0.591425  0.563289  0.530243  0.592439  0.569033  0.623259  0.619145  0.542992  0.595117  0.597484  0.728301  0.354277  0.574028  0.323182  0.416197  0.311563  0.481240  0.570263  0.566219  0.714829  0.322677  0.717307  0.605924  0.531231  0.633131  0.429154  0.470835  0.604893  0.438297  0.516169  0.480299  0.327492  0.504166  0.777307  0.589576  0.679853  0.592206  0.627530  0.407953  0.676465  0.433758  0.389425  0.383614  0.468953  0.469358  0.603503  0.395351  0.685840  0.440979  0.473515  0.702712  0.616055  0.555382  0.590356  0.629575  0.564175  0.570347  0.696239  0.639753  0.556257  0.551023  0.586020  0.696863  0.483095  0.594730  0.739646  0.403391  0.617977  0.678333  0.508267  0.556584  0.696390  0.421504  0.620486  0.325289  0.602353  0.390394  0.568468  0.571699  0.615555  0.525463  0.501553  0.531603  0.541908  0.502441  0.606797  0.455177  0.638073  0.442517  0.318435  0.554585  0.348520  0.557266  0.464800  0.596587  0.575772  0.381180  0.357473  0.610403  0.473604  0.479328  0.351262  0.698874  0.336946  0.441500  0.596246  0.483175  0.294015  0.300794  0.686975  0.544416  0.280957  0.295093  0.318904  0.622786  0.559041  0.484327  0.646440  0.502867  0.540432  0.600000  0.695479  0.527513  0.315410  0.398494  0.349158  0.388541  0.538867  0.766748  0.341993  0.585903  0.516322  0.237782  0.669395  0.737718  0.354511  0.516329  0.794675  0.707579  0.604447  0.570913  0.327781  0.424465  0.419125  0.640700  0.500856  0.367087 
18  0.678243  0.645982  0.571691  0.664772  0.591750  0.645037  0.490778  0.609939  0.575452  0.711097  0.651413  0.615337  0.537265  0.573881  0.529559  0.650922  0.715802  0.694936 0.0  0.663457  0.624201  0.602384  0.528612  0.614000  0.723700  0.791266  0.603430  0.554630  0.613995  0.580171  0.718791  0.621039  0.554578  0.551752  0.671914  0.458490  0.622471  0.621218  0.672783  0.538181  0.569492  0.594269  0.666339  0.761779  0.718130  0.568287  0.435326  0.757747  0.530633  0.677613  0.728317  0.532253  0.643266  0.695940  0.644496  0.724026  0.556110  0.816265  0.656938  0.643336  0.496177  0.562688  0.513124  0.755125  0.642576  0.569885  0.552392  0.408865  0.570037  0.773536  0.553355  0.706454  0.702749  0.692983  0.680441  0.586442  0.685656  0.619139  0.595301  0.558091  0.650824  0.699685  0.526339  0.721699  0.618199  0.658867  0.561061  0.644691  0.650710  0.546341  0.487208  0.609916  0.615845  0.679968  0.684199  0.652324  0.597220  0.600347  0.608994  0.521849  0.681067  0.611058  0.565633  0.636362  0.702543  0.706188  0.598503  0.638168  0.609363  0.740187  0.547958  0.661818  0.745492  0.480127  0.705782  0.660639  0.510578  0.641263  0.542709  0.712977  0.527884  0.645620  0.618631  0.696115  0.713180  0.571504  0.699910  0.599363  0.555942  0.676004  0.568715  0.433183  0.615474  0.646260  0.559340  0.667897  0.607381  0.783572  0.656050  0.748861  0.754228  0.675776  0.806199  0.697908  0.644838  0.602799  0.819523  0.707266  0.489643  0.546541  0.591430  0.685079  0.647775  0.690621  0.614021  0.476447  0.713752  0.580602  0.669206  0.644983  0.729588  0.579304  0.653934  0.526646  0.624872  0.528762  0.503749  0.738435  0.754565  0.757110  0.689538  0.745036  0.586381  0.651323  0.615921  0.587127  0.765668  0.506468  0.683345  0.682781  0.673304  0.733334  0.703916  0.564328  0.483380  0.620088  0.500436  0.757009  0.561974  0.603570  0.545463  0.701994  0.622907  0.674235  0.540940  0.526129  0.820858 
19  0.528362  0.369426  0.535057  0.555148  0.581200  0.561157  0.558132  0.584737  0.619160  0.618540  0.695516  0.627727  0.345087  0.539644  0.551262  0.379507  0.625730  0.359049  0.663457 0.0  0.669414  0.644622  0.545133  0.626618  0.644962  0.479475  0.365566  0.610146  0.631321  0.685932  0.431942  0.352154  0.603480  0.453585  0.410417  0.572505  0.463534  0.516969  0.409905  0.542321  0.500947  0.732129  0.561689  0.599260  0.560110  0.520793  0.569072  0.618052  0.563928  0.495225  0.543562  0.439029  0.491055  0.587809  0.489333  0.668563  0.471879  0.651769  0.614792  0.495448  0.551643  0.508893  0.552497  0.364415  0.523619  0.467163  0.559487  0.593437  0.620130  0.758093  0.383237  0.645258  0.594474  0.550802  0.565351  0.323849  0.504056  0.564667  0.376610  0.464438  0.474781  0.329499  0.567736  0.698070  0.634138  0.537563  0.493610  0.584157  0.370197  0.655431  0.566860  0.290232  0.368955  0.457952  0.375581  0.677891  0.397258  0.526334  0.351020  0.602038  0.567816  0.618874  0.549909  0.587758  0.626075  0.575813  0.618584  0.610796  0.516237  0.564788  0.576662  0.680987  0.644891  0.487448  0.555139  0.539359  0.339901  0.543974  0.577594  0.625066  0.525600  0.613716  0.526353  0.465512  0.416226  0.597896  0.461781  0.634260  0.500692  0.486705  0.485963  0.456160  0.594251  0.469993  0.643413  0.606610  0.534282  0.605908  0.441209  0.377128  0.675141  0.554355  0.569193  0.435663  0.619208  0.680791  0.471053  0.449512  0.490243  0.401696  0.533533  0.444907  0.586318  0.411888  0.399971  0.480911  0.452845  0.456303  0.392912  0.614082  0.564018  0.404291  0.401868  0.415377  0.689753  0.506206  0.560581  0.701634  0.615969  0.724348  0.526386  0.760338  0.636230  0.348524  0.499884  0.491655  0.352790  0.504489  0.675118  0.444234  0.460281  0.507387  0.411366  0.638711  0.546023  0.397490  0.509408  0.662914  0.523448  0.628591  0.581079  0.429583  0.641123  0.419255  0.559568  0.817177  0.476698 
