197
0 0.0  0.590669  0.546460  0.562655  0.456387  0.586006  0.600605  0.434545  0.699978  0.596115  0.523131  0.564253  0.444425  0.551351  0.602131  0.614589  0.481587  0.456040  0.640547  0.492158  0.552928  0.724816  0.585748  0.730210  0.523440  0.598534  0.516823  0.652210  0.455337  0.625855  0.538457  0.598311  0.577456  0.462858  0.453365  0.644269  0.459854  0.407527  0.406811  0.511991  0.630538  0.609279  0.698510  0.577176  0.626672  0.504158  0.548641  0.571255  0.430186  0.534627  0.475638  0.556706  0.454603  0.468700  0.518433  0.708984  0.595632  0.830853  0.537449  0.575401  0.600757  0.492913  0.484299  0.497730  0.582917  0.455466  0.624853  0.586409  0.537569  0.747758  0.542595  0.524747  0.412971  0.395819  0.736508  0.463529  0.590246  0.607136  0.418002  0.444016  0.468860  0.599124  0.638933  0.651857  0.609312  0.535982  0.503121  0.659153  0.585664  0.758277  0.679186  0.454942  0.514732  0.514271  0.504689  0.613770  0.432863  0.477017  0.648859  0.524463  0.652002  0.639882  0.489983  0.522096  0.558186  0.482940  0.367953  0.705212  0.585216  0.525084  0.492997  0.606433  0.507322  0.420329  0.644150  0.557636  0.523101  0.585822  0.522937  0.478492  0.667008  0.636666  0.634652  0.504739  0.547198  0.567791  0.487147  0.610834  0.577241  0.508403  0.440497  0.569225  0.652711  0.421721  0.647925  0.612752  0.495072  0.464673  0.291421  0.381438  0.615142  0.264584  0.644913  0.518007  0.621720  0.521849  0.479391  0.574615  0.627432  0.590671  0.573290  0.676250  0.568686  0.453862  0.510062  0.602948  0.613873  0.443866  0.593337  0.706132  0.503646  0.453656  0.541095  0.443701  0.446197  0.539048  0.446292  0.489458  0.629266  0.718236  0.701895  0.761472  0.468409  0.511302  0.634226  0.638214  0.534807  0.595555  0.567859  0.516616  0.403833  0.474739  0.444003  0.553378  0.517981  0.433246  0.725250  0.667368  0.569450  0.504219  0.455654  0.545066  0.548402  0.531411  0.655889  0.561626  0.482002 
1  0.590669 0.0  0.519962  0.429385  0.617474  0.574543  0.562260  0.503083  0.561185  0.613530  0.640539  0.436490  0.410717  0.460404  0.592890  0.450901  0.462435  0.427019  0.661123  0.367730  0.567113  0.555219  0.454085  0.684266  0.620078  0.552543  0.410407  0.426507  0.601963  0.559623  0.528365  0.293283  0.641325  0.469548  0.587172  0.529600  0.632368  0.609728  0.522451  0.497173  0.452018  0.676168  0.537887  0.609750  0.574325  0.624255  0.523439  0.648786  0.650965  0.578846  0.447983  0.627125  0.448311  0.655119  0.556747  0.716837  0.622964  0.593705  0.612228  0.747420  0.513888  0.436050  0.495081  0.288070  0.579363  0.391856  0.578330  0.547259  0.566917  0.662785  0.408664  0.554366  0.523668  0.602529  0.614624  0.369861  0.458868  0.517485  0.348168  0.376289  0.401288  0.460447  0.603522  0.676241  0.552013  0.607169  0.498058  0.594255  0.579847  0.540482  0.542465  0.350156  0.491815  0.417782  0.429907  0.536020  0.434600  0.603457  0.380545  0.565343  0.642175  0.588583  0.594347  0.687593  0.603082  0.540399  0.606623  0.570630  0.551395  0.510914  0.642137  0.596083  0.648991  0.431197  0.640025  0.644559  0.415187  0.539145  0.605859  0.567042  0.511330  0.716128  0.646918  0.584325  0.352703  0.586437  0.446993  0.628033  0.547074  0.479497  0.508100  0.504844  0.624465  0.534522  0.516363  0.554524  0.517706  0.658731  0.438746  0.284317  0.557227  0.435724  0.523942  0.425696  0.569682  0.608306  0.452073  0.540503  0.544794  0.422208  0.608839  0.456547  0.653603  0.349486  0.312577  0.625455  0.463015  0.349141  0.374749  0.578939  0.614620  0.374587  0.428856  0.419715  0.498569  0.430583  0.514573  0.701836  0.664412  0.567447  0.497752  0.691968  0.585845  0.426259  0.434486  0.451588  0.361318  0.539135  0.688426  0.456882  0.471773  0.572962  0.372729  0.551095  0.575565  0.442123  0.643065  0.574812  0.592278  0.498706  0.528192  0.348751  0.623459  0.365825  0.627326  0.753893  0.504556 
2  0.546460  0.519962 0.0  0.669018  0.524734  0.559005  0.567089  0.487633  0.656475  0.551654  0.503384  0.454113  0.566149  0.348449  0.595390  0.669281  0.469607  0.654520  0.641562  0.536374  0.452599  0.387765  0.548431  0.533475  0.669487  0.549833  0.601274  0.548165  0.646020  0.536011  0.683741  0.676344  0.527696  0.482918  0.566283  0.720897  0.546915  0.459822  0.618914  0.523983  0.509211  0.750391  0.518242  0.554869  0.583484  0.525946  0.532320  0.669236  0.570287  0.564972  0.515469  0.527139  0.557271  0.439006  0.601255  0.515760  0.577476  0.547080  0.471285  0.524731  0.535844  0.674481  0.442510  0.654243  0.532131  0.592359  0.570180  0.457539  0.511650  0.854435  0.571088  0.541968  0.657893  0.459659  0.602766  0.580440  0.700457  0.492408  0.561706  0.594711  0.700207  0.665941  0.612519  0.656556  0.533533  0.538526  0.511865  0.530684  0.487056  0.575679  0.557657  0.559879  0.643963  0.778272  0.552881  0.484883  0.690628  0.582415  0.662745  0.518767  0.576819  0.646797  0.595158  0.548907  0.414320  0.559677  0.541605  0.497596  0.539937  0.428266  0.558785  0.502764  0.557377  0.580935  0.636898  0.464654  0.601115  0.526902  0.501503  0.624981  0.516129  0.598447  0.509656  0.432719  0.601422  0.467231  0.536295  0.495522  0.602750  0.622403  0.576314  0.467155  0.510934  0.611216  0.460760  0.475349  0.486977  0.627910  0.595239  0.653577  0.388398  0.492340  0.531469  0.626229  0.528604  0.591048  0.599269  0.649134  0.622280  0.520994  0.498447  0.619660  0.647949  0.640115  0.542996  0.432015  0.636858  0.533130  0.618389  0.476707  0.584598  0.574610  0.696538  0.570586  0.671316  0.524259  0.440847  0.674076  0.529572  0.604531  0.607255  0.460701  0.581045  0.527762  0.531386  0.625615  0.520475  0.490671  0.510323  0.591795  0.590245  0.515180  0.652136  0.588429  0.497416  0.511559  0.485595  0.565251  0.561179  0.551215  0.606524  0.586065  0.546455  0.640084  0.474958  0.556294  0.684465 
3  0.562655  0.429385  0.669018 0.0  0.622363  0.554888  0.563562  0.586192  0.565625  0.676143  0.669735  0.675768  0.422185  0.618311  0.454065  0.464901  0.571781  0.322987  0.654070  0.567537  0.679502  0.671914  0.529897  0.630116  0.569980  0.570772  0.495449  0.637485  0.620467  0.652255  0.421588  0.520866  0.504192  0.559951  0.620016  0.625450  0.488501  0.605200  0.731601  0.607414  0.635708  0.557476  0.671309  0.708440  0.566050  0.556284  0.603616  0.587801  0.527861  0.587509  0.733551  0.547861  0.651692  0.744440  0.564542  0.808894  0.641240  0.590176  0.691879  0.491297  0.597342  0.396901  0.533071  0.393445  0.417329  0.450705  0.702371  0.602175  0.566044  0.709314  0.414559  0.775062  0.641532  0.596667  0.746629  0.387330  0.510350  0.598337  0.563346  0.554181  0.493469  0.467323  0.724919  0.646366  0.537761  0.624478  0.507778  0.639261  0.602842  0.696760  0.694586  0.539703  0.371337  0.508809  0.551183  0.642175  0.450886  0.695027  0.444138  0.675110  0.641809  0.669167  0.662517  0.539393  0.576457  0.520487  0.614497  0.727066  0.585234  0.707776  0.637767  0.615077  0.629998  0.571483  0.647087  0.669605  0.453433  0.633122  0.582905  0.632651  0.554682  0.676005  0.715636  0.555459  0.419699  0.601172  0.418135  0.696509  0.635068  0.482170  0.625479  0.510140  0.702464  0.669000  0.581664  0.611040  0.726347  0.800208  0.417777  0.418002  0.703287  0.544603  0.636383  0.464652  0.629455  0.682722  0.405327  0.401243  0.590859  0.409220  0.580362  0.459699  0.581907  0.440126  0.498137  0.621684  0.431427  0.454908  0.419919  0.725813  0.609491  0.432569  0.523808  0.343038  0.461209  0.482772  0.478693  0.602260  0.552895  0.516820  0.696096  0.744890  0.638847  0.390833  0.462686  0.507474  0.486794  0.647300  0.666889  0.401777  0.598557  0.661571  0.424863  0.555603  0.674063  0.364789  0.674150  0.879598  0.603435  0.519148  0.585280  0.515376  0.570772  0.465120  0.838447  0.556798  0.673292 
4  0.456387  0.617474  0.524734  0.622363 0.0  0.574866  0.500399  0.402449  0.578988  0.451117  0.662256  0.457790  0.529107  0.557416  0.525949  0.621924  0.365054  0.605386  0.596781  0.595918  0.551694  0.607598  0.568747  0.590470  0.407765  0.628029  0.667845  0.590628  0.466054  0.649909  0.622333  0.628049  0.467122  0.533573  0.457104  0.674942  0.449235  0.579759  0.582425  0.662176  0.522270  0.615060  0.527685  0.351032  0.617307  0.387560  0.448704  0.685983  0.358772  0.545441  0.612424  0.605666  0.691979  0.450238  0.559704  0.491188  0.564067  0.572801  0.590628  0.570073  0.524618  0.584955  0.584194  0.672717  0.665239  0.583211  0.440099  0.572112  0.475026  0.739122  0.612959  0.619648  0.518155  0.449655  0.580486  0.693768  0.584688  0.483352  0.634842  0.657043  0.658282  0.631210  0.519373  0.605781  0.598984  0.500939  0.493242  0.651007  0.537410  0.607189  0.690931  0.618587  0.550451  0.705531  0.623681  0.456580  0.699696  0.448367  0.676539  0.577871  0.571292  0.573133  0.473351  0.628457  0.590335  0.553226  0.418517  0.687168  0.544068  0.499901  0.458849  0.389861  0.515637  0.568114  0.561095  0.527045  0.553291  0.548914  0.593665  0.647740  0.429366  0.464287  0.680337  0.529578  0.706735  0.402076  0.651596  0.416214  0.574974  0.502461  0.628321  0.692609  0.692943  0.558581  0.576202  0.607692  0.646895  0.581924  0.563902  0.631919  0.565852  0.569244  0.536035  0.519223  0.532553  0.561331  0.582375  0.642345  0.663269  0.711249  0.652912  0.627506  0.512639  0.669720  0.743866  0.674180  0.622052  0.623826  0.620823  0.665288  0.628166  0.551697  0.661803  0.660851  0.786332  0.529602  0.336394  0.430211  0.592050  0.594120  0.659865  0.377969  0.606608  0.691175  0.679631  0.748103  0.559047  0.667440  0.460257  0.621981  0.534306  0.518622  0.684890  0.431847  0.488374  0.654650  0.621467  0.693100  0.352729  0.508327  0.434815  0.596258  0.547951  0.671650  0.693238  0.684492  0.619637 
5  0.586006  0.574543  0.559005  0.554888  0.574866 0.0  0.628001  0.519767  0.562567  0.553954  0.511525  0.558289  0.550874  0.600306  0.654684  0.599351  0.505566  0.595805  0.500425  0.643082  0.585798  0.557630  0.649826  0.581704  0.537345  0.550996  0.639491  0.564914  0.555368  0.567076  0.489077  0.562408  0.528793  0.567641  0.587677  0.606110  0.647132  0.569349  0.510617  0.538405  0.610944  0.598564  0.670949  0.623833  0.601336  0.491953  0.542244  0.509195  0.606369  0.569768  0.555746  0.680532  0.422666  0.628076  0.619863  0.407821  0.546481  0.518984  0.496213  0.516281  0.598823  0.496422  0.537730  0.575257  0.610686  0.583484  0.529001  0.595133  0.492920  0.619023  0.583835  0.485491  0.536179  0.634250  0.583575  0.622846  0.494228  0.455509  0.541755  0.641285  0.577675  0.633748  0.456765  0.568689  0.549911  0.653996  0.471258  0.549903  0.510091  0.559468  0.714353  0.592058  0.523642  0.579855  0.504536  0.632230  0.505504  0.530231  0.532408  0.562845  0.560489  0.674114  0.588350  0.596582  0.621343  0.655471  0.490465  0.597316  0.643559  0.478547  0.516071  0.546240  0.572311  0.512258  0.637370  0.512479  0.584139  0.663508  0.530948  0.571964  0.520004  0.517125  0.569376  0.523216  0.676280  0.465904  0.657833  0.542265  0.651869  0.561245  0.667175  0.565663  0.506174  0.543428  0.407775  0.497437  0.648084  0.505303  0.612740  0.516298  0.608116  0.538259  0.608567  0.541433  0.532418  0.600184  0.553063  0.519423  0.557186  0.483137  0.545842  0.575685  0.521809  0.679591  0.510010  0.526759  0.657573  0.593043  0.518965  0.616803  0.599066  0.555861  0.711097  0.655961  0.462439  0.494962  0.444310  0.645359  0.537477  0.538988  0.629131  0.577735  0.455197  0.611205  0.559969  0.650590  0.530889  0.610752  0.540719  0.597221  0.518230  0.519647  0.521857  0.484636  0.622642  0.535198  0.584701  0.599392  0.614012  0.532391  0.650672  0.671162  0.517947  0.549903  0.610084  0.598268  0.582650 
6  0.600605  0.562260  0.567089  0.563562  0.500399  0.628001 0.0  0.467834  0.621408  0.632847  0.580744  0.470118  0.603441  0.583138  0.574467  0.572584  0.477415  0.583118  0.529781  0.576757  0.546924  0.542631  0.461117  0.484860  0.528161  0.624944  0.561505  0.539341  0.567660  0.563951  0.537222  0.519931  0.575046  0.513437  0.561479  0.610056  0.566621  0.643087  0.556313  0.589021  0.599162  0.573108  0.600446  0.683774  0.516985  0.467929  0.613690  0.552028  0.509975  0.505550  0.445951  0.584825  0.494984  0.629690  0.499874  0.655186  0.616231  0.677480  0.573731  0.515426  0.586286  0.545022  0.536654  0.492142  0.617567  0.503295  0.433634  0.577909  0.492757  0.541348  0.514009  0.618495  0.629108  0.590746  0.680404  0.481795  0.478718  0.583332  0.573057  0.493981  0.523058  0.463066  0.582568  0.623333  0.610353  0.586635  0.690024  0.571563  0.480527  0.560067  0.559220  0.568404  0.633758  0.576067  0.494681  0.588029  0.507640  0.515535  0.538649  0.522950  0.601631  0.540878  0.542314  0.557117  0.569030  0.579579  0.538548  0.585631  0.562840  0.607592  0.519232  0.715291  0.629512  0.653216  0.584989  0.495845  0.534013  0.574603  0.590293  0.543140  0.595038  0.546839  0.528510  0.640824  0.549462  0.631926  0.523418  0.480872  0.560700  0.625956  0.581273  0.560981  0.558921  0.647619  0.585676  0.589043  0.526232  0.542452  0.531361  0.618807  0.633769  0.643213  0.498519  0.560746  0.661718  0.436701  0.555022  0.581974  0.514290  0.644502  0.510462  0.514889  0.650130  0.474578  0.671227  0.573472  0.442093  0.607639  0.480158  0.591280  0.548985  0.537538  0.489866  0.500808  0.622855  0.584242  0.529034  0.672074  0.570481  0.484902  0.597205  0.569061  0.561295  0.560780  0.578204  0.567314  0.571203  0.636769  0.624460  0.622780  0.673161  0.635408  0.565421  0.583490  0.588390  0.575724  0.565885  0.663809  0.524312  0.499384  0.641189  0.581998  0.695023  0.563643  0.649259  0.544511  0.430459 
7  0.434545  0.503083  0.487633  0.586192  0.402449  0.519767  0.467834 0.0  0.469711  0.449993  0.484200  0.556294  0.624600  0.464435  0.541787  0.551402  0.362306  0.677301  0.694158  0.560303  0.538792  0.450335  0.601004  0.311462  0.475618  0.661925  0.610292  0.563869  0.454821  0.371095  0.573228  0.538500  0.518077  0.449959  0.727368  0.511634  0.522551  0.553658  0.607924  0.480685  0.541070  0.418341  0.627137  0.381453  0.605677  0.542495  0.426656  0.542850  0.359348  0.509082  0.534255  0.480534  0.584617  0.369495  0.700707  0.599969  0.582632  0.573874  0.586884  0.425079  0.532011  0.655498  0.377484  0.632944  0.551548  0.555154  0.236572  0.505790  0.543049  0.812297  0.556070  0.343316  0.551375  0.433414  0.645876  0.729311  0.667948  0.383122  0.671533  0.575253  0.581792  0.661353  0.600797  0.561418  0.600207  0.634636  0.481519  0.334864  0.464462  0.387666  0.522929  0.570578  0.564725  0.542750  0.521707  0.685724  0.572158  0.351917  0.757657  0.366194  0.507097  0.626554  0.449208  0.650186  0.579639  0.439057  0.410093  0.536568  0.378191  0.521272  0.511989  0.470650  0.569157  0.440318  0.677366  0.480181  0.588201  0.551694  0.604181  0.559269  0.592436  0.494487  0.536521  0.563660  0.744224  0.427183  0.606241  0.580204  0.577727  0.445409  0.513993  0.514132  0.547144  0.492757  0.473133  0.521825  0.634027  0.483813  0.586459  0.433665  0.452991  0.461146  0.670426  0.647474  0.518773  0.504835  0.597025  0.511259  0.563191  0.547660  0.423938  0.604619  0.548831  0.624975  0.560605  0.446094  0.680000  0.530541  0.588175  0.489287  0.438434  0.551711  0.688994  0.410975  0.656897  0.540559  0.541524  0.593128  0.562011  0.505254  0.432876  0.558919  0.616565  0.565724  0.667813  0.626853  0.637007  0.500444  0.679212  0.701611  0.518620  0.487394  0.564222  0.506730  0.519214  0.565146  0.353667  0.586726  0.605989  0.446765  0.453369  0.588558  0.635106  0.656190  0.479347  0.581887  0.581912 
8  0.699978  0.561185  0.656475  0.565625  0.578988  0.562567  0.621408  0.469711 0.0  0.649791  0.708979  0.570445  0.542479  0.512224  0.765780  0.531602  0.701384  0.565350  0.445349  0.629036  0.604032  0.615248  0.570979  0.442544  0.538523  0.560410  0.610158  0.532495  0.645400  0.599710  0.656629  0.636879  0.508510  0.560164  0.726142  0.528737  0.539605  0.655550  0.618050  0.632432  0.546279  0.580299  0.397689  0.574566  0.597180  0.519193  0.675613  0.580633  0.452989  0.712136  0.619847  0.501060  0.589332  0.591332  0.673940  0.583459  0.663182  0.503696  0.627347  0.582248  0.679591  0.489944  0.476826  0.540382  0.591325  0.547210  0.414429  0.485203  0.561071  0.680928  0.612446  0.536193  0.740220  0.618306  0.568224  0.513076  0.614060  0.609972  0.508789  0.588241  0.697638  0.480314  0.566966  0.492742  0.627395  0.563829  0.564518  0.447604  0.522455  0.637800  0.550060  0.621922  0.566562  0.661553  0.445686  0.585526  0.646512  0.562719  0.618647  0.535219  0.664961  0.540435  0.556548  0.686676  0.535575  0.597754  0.666315  0.616096  0.600540  0.640851  0.519899  0.585354  0.606570  0.523552  0.554938  0.678812  0.536429  0.630528  0.498230  0.638511  0.584403  0.509384  0.545812  0.717769  0.624914  0.584176  0.653548  0.694089  0.597177  0.584311  0.667477  0.554189  0.573970  0.583912  0.545321  0.608412  0.576891  0.632522  0.648386  0.594346  0.670819  0.708794  0.600952  0.563816  0.638734  0.645826  0.586637  0.768651  0.419460  0.611133  0.473630  0.580722  0.541733  0.595793  0.546201  0.498162  0.548083  0.456463  0.627945  0.366738  0.598672  0.514404  0.579739  0.552478  0.681541  0.566700  0.651122  0.607302  0.547226  0.519066  0.489054  0.599648  0.718040  0.668194  0.544118  0.435770  0.526637  0.605918  0.571026  0.588052  0.601631  0.666633  0.606975  0.576068  0.472203  0.452362  0.453100  0.620497  0.610182  0.482706  0.561517  0.581505  0.588370  0.635778  0.399492  0.517951  0.670196 
9  0.596115  0.613530  0.551654  0.676143  0.451117  0.553954  0.632847  0.449993  0.649791 0.0  0.680867  0.368684  0.683602  0.446434  0.660063  0.547927  0.436789  0.571739  0.656416  0.567773  0.637558  0.592939  0.599398  0.491927  0.580813  0.415930  0.601588  0.625010  0.545913  0.554125  0.657838  0.536068  0.618056  0.556662  0.605016  0.641283  0.638646  0.719858  0.546097  0.597281  0.566843  0.684436  0.746140  0.429342  0.554848  0.421959  0.511456  0.637098  0.580347  0.597393  0.460824  0.685583  0.510842  0.550962  0.602791  0.462812  0.410270  0.514019  0.677621  0.568711  0.429892  0.552467  0.537155  0.743825  0.624121  0.592016  0.497467  0.577270  0.409751  0.651006  0.557210  0.572121  0.618308  0.433990  0.520006  0.615374  0.676573  0.645545  0.634860  0.575724  0.586058  0.617775  0.580844  0.733567  0.551040  0.597798  0.480820  0.577460  0.594852  0.612337  0.501207  0.596188  0.617354  0.610091  0.566656  0.483730  0.604806  0.540467  0.581495  0.547358  0.548753  0.755440  0.695331  0.497082  0.503280  0.709531  0.469451  0.620293  0.475412  0.353293  0.521547  0.522431  0.681142  0.534925  0.602697  0.556577  0.641774  0.569108  0.597225  0.666619  0.687739  0.635528  0.554820  0.445145  0.679036  0.506811  0.615675  0.291718  0.548321  0.691456  0.639666  0.480842  0.462372  0.574716  0.644561  0.394026  0.584612  0.573397  0.574971  0.541277  0.638994  0.526356  0.531053  0.577355  0.441298  0.275989  0.593384  0.588662  0.491684  0.626057  0.510994  0.604961  0.421997  0.546790  0.660319  0.590294  0.614065  0.606474  0.609764  0.611515  0.603296  0.491289  0.712902  0.635434  0.592415  0.619148  0.554290  0.615225  0.631899  0.621908  0.662487  0.676719  0.610983  0.606466  0.628827  0.669840  0.662726  0.570475  0.450693  0.571265  0.554095  0.647314  0.551543  0.379936  0.724125  0.661989  0.454558  0.487372  0.596010  0.615794  0.620006  0.674321  0.554620  0.611144  0.563896  0.454714  0.541542 
10  0.523131  0.640539  0.503384  0.669735  0.662256  0.511525  0.580744  0.484200  0.708979  0.680867 0.0  0.610103  0.609640  0.650493  0.534142  0.682618  0.660610  0.688760  0.608643  0.653949  0.522034  0.581991  0.560098  0.745827  0.498869  0.712571  0.735620  0.656616  0.556425  0.503751  0.514599  0.673058  0.468178  0.599948  0.447064  0.619330  0.453295  0.451740  0.747062  0.540767  0.522621  0.580604  0.468809  0.648623  0.529514  0.525488  0.652477  0.599175  0.486784  0.671633  0.559327  0.600608  0.466224  0.514976  0.621424  0.647471  0.671917  0.589011  0.327389  0.580296  0.743755  0.540824  0.597334  0.674384  0.461022  0.755928  0.621857  0.576727  0.589098  0.554489  0.682052  0.611785  0.511982  0.732382  0.727645  0.648876  0.632554  0.389617  0.599032  0.662225  0.558092  0.609489  0.506537  0.488311  0.552417  0.640101  0.505407  0.581944  0.542455  0.692519  0.621247  0.544632  0.487151  0.589359  0.636403  0.566454  0.554180  0.668658  0.545055  0.641896  0.670015  0.377114  0.489263  0.606771  0.570453  0.540121  0.608950  0.497611  0.652555  0.639794  0.649574  0.592787  0.600498  0.549707  0.584988  0.443834  0.584228  0.365219  0.662451  0.573166  0.539819  0.432553  0.605141  0.674468  0.579518  0.575870  0.630104  0.807406  0.625251  0.489813  0.659524  0.653846  0.453938  0.543430  0.676740  0.618617  0.753569  0.575445  0.569824  0.630149  0.561074  0.577375  0.576122  0.536014  0.573232  0.635753  0.663101  0.689349  0.557508  0.568910  0.597443  0.534114  0.570058  0.693922  0.589384  0.667441  0.592265  0.603953  0.549010  0.530954  0.629319  0.577552  0.672102  0.689355  0.636237  0.530978  0.515124  0.656413  0.456593  0.444957  0.659090  0.495176  0.559898  0.703891  0.641790  0.590643  0.535898  0.618462  0.695468  0.542090  0.710676  0.457246  0.698165  0.590658  0.380242  0.586128  0.641769  0.661346  0.569046  0.484513  0.447602  0.691694  0.503213  0.707086  0.628414  0.742856  0.666425 
11  0.564253  0.436490  0.454113  0.675768  0.457790  0.558289  0.470118  0.556294  0.570445  0.368684  0.610103 0.0  0.575761  0.438421  0.595735  0.608418  0.367295  0.542776  0.505566  0.600899  0.589602  0.589422  0.511782  0.612823  0.640491  0.598569  0.427469  0.586975  0.530843  0.588177  0.582897  0.547547  0.609833  0.514259  0.622697  0.686904  0.600745  0.699022  0.377518  0.506901  0.425017  0.747052  0.621649  0.419843  0.663795  0.434028  0.579929  0.554752  0.636895  0.420075  0.540415  0.594409  0.525869  0.509811  0.633262  0.568826  0.304109  0.727435  0.700086  0.513859  0.459010  0.550918  0.421929  0.577592  0.624145  0.549154  0.420079  0.526072  0.468577  0.634153  0.532012  0.571381  0.541437  0.341674  0.590840  0.512133  0.588971  0.628338  0.472256  0.530261  0.561512  0.625162  0.668380  0.713107  0.679516  0.614474  0.510843  0.463958  0.510099  0.522132  0.537150  0.529455  0.525024  0.599247  0.477956  0.655077  0.557108  0.556067  0.658623  0.496400  0.641905  0.610796  0.636920  0.510729  0.523087  0.554984  0.407170  0.658852  0.378402  0.427860  0.376789  0.598340  0.581502  0.485347  0.597486  0.527936  0.584365  0.672248  0.632646  0.682645  0.595575  0.695522  0.537986  0.443993  0.559781  0.576457  0.670416  0.505717  0.608134  0.638947  0.609415  0.485227  0.443503  0.505630  0.446924  0.455955  0.492947  0.591848  0.636069  0.599090  0.533319  0.527066  0.518157  0.587415  0.464242  0.496303  0.688677  0.644458  0.548970  0.649422  0.461030  0.616637  0.532544  0.536884  0.624117  0.530401  0.631357  0.504928  0.613891  0.530724  0.617394  0.577827  0.705860  0.564862  0.583191  0.568915  0.621421  0.571109  0.626887  0.655133  0.675812  0.587329  0.697611  0.543439  0.557216  0.619651  0.530545  0.532358  0.440219  0.656292  0.535178  0.476304  0.567199  0.434187  0.650302  0.526073  0.386098  0.590190  0.487500  0.496798  0.579939  0.686800  0.527664  0.647919  0.597541  0.586519  0.512844 
12  0.444425  0.410717  0.566149  0.422185  0.529107  0.550874  0.603441  0.624600  0.542479  0.683602  0.609640  0.575761 0.0  0.596050  0.674622  0.455603  0.494504  0.314882  0.553481  0.359839  0.642488  0.491813  0.469660  0.711216  0.603004  0.504134  0.409123  0.587762  0.607088  0.576655  0.395327  0.390760  0.580494  0.440047  0.535661  0.543864  0.640776  0.577290  0.408839  0.636121  0.519757  0.688182  0.633325  0.661135  0.619796  0.545528  0.442819  0.564484  0.576524  0.605177  0.454235  0.568742  0.481642  0.596560  0.367785  0.587709  0.605005  0.573381  0.670180  0.563994  0.599393  0.466659  0.568721  0.332601  0.340580  0.327839  0.638381  0.525036  0.491591  0.750286  0.359277  0.534764  0.509696  0.626920  0.501566  0.388217  0.380243  0.587992  0.417718  0.190849  0.394822  0.471590  0.569897  0.654363  0.599068  0.616977  0.485314  0.628625  0.524469  0.664593  0.522173  0.311520  0.452275  0.430865  0.330908  0.657330  0.350028  0.519013  0.390424  0.516563  0.626860  0.529908  0.484252  0.654914  0.532740  0.472798  0.470400  0.606677  0.622155  0.631049  0.593889  0.501595  0.686747  0.565393  0.625104  0.582573  0.270738  0.560375  0.478542  0.535752  0.587710  0.651769  0.497004  0.524810  0.353705  0.553831  0.478703  0.653294  0.516837  0.466677  0.569738  0.491324  0.474958  0.485578  0.569007  0.608839  0.467143  0.722378  0.448714  0.285627  0.534826  0.502507  0.513836  0.458811  0.481617  0.589600  0.368781  0.412224  0.554538  0.407028  0.597647  0.530347  0.602187  0.409182  0.401106  0.581167  0.612936  0.184895  0.551677  0.482430  0.503457  0.343662  0.435798  0.390414  0.536801  0.481838  0.447378  0.669384  0.568711  0.668146  0.730219  0.703407  0.656559  0.276900  0.416841  0.302035  0.387202  0.582630  0.698175  0.433896  0.528031  0.557851  0.316294  0.546688  0.591134  0.453544  0.619749  0.594622  0.560771  0.471238  0.477473  0.334873  0.542741  0.390069  0.587812  0.747126  0.407006 
13  0.551351  0.460404  0.348449  0.618311  0.557416  0.600306  0.583138  0.464435  0.512224  0.446434  0.650493  0.438421  0.596050 0.0  0.589759  0.491534  0.348345  0.512731  0.554905  0.525307  0.521621  0.550992  0.430505  0.495708  0.568413  0.591031  0.485298  0.425436  0.537261  0.634822  0.612447  0.447220  0.618677  0.405136  0.624567  0.532747  0.578021  0.571404  0.485729  0.514841  0.585716  0.564283  0.538770  0.501136  0.561012  0.509098  0.462008  0.616416  0.567574  0.415816  0.546926  0.543601  0.612999  0.437256  0.637656  0.664734  0.478034  0.600431  0.570400  0.605244  0.523116  0.505691  0.478460  0.464945  0.572221  0.358336  0.399506  0.509403  0.507869  0.735863  0.489718  0.489234  0.557926  0.481358  0.542540  0.296891  0.544371  0.479830  0.555611  0.459014  0.561796  0.534868  0.527517  0.671891  0.641667  0.417501  0.388113  0.498386  0.414160  0.481057  0.510694  0.436589  0.487279  0.517259  0.408914  0.481643  0.524344  0.474636  0.513593  0.384737  0.573886  0.588866  0.710282  0.632631  0.517566  0.622277  0.471453  0.608511  0.443818  0.491102  0.458028  0.448382  0.573428  0.477723  0.474181  0.493341  0.554980  0.720903  0.601618  0.557090  0.551077  0.647121  0.564206  0.443594  0.566023  0.518669  0.582571  0.426446  0.589457  0.519629  0.574290  0.496956  0.546179  0.421981  0.444630  0.429607  0.323105  0.490414  0.449112  0.487601  0.551301  0.494085  0.605961  0.580661  0.507664  0.526720  0.531520  0.584663  0.483162  0.470317  0.538134  0.555309  0.566195  0.632739  0.516680  0.484917  0.547082  0.418383  0.613048  0.464197  0.561155  0.332599  0.554819  0.484878  0.534518  0.422343  0.529088  0.631375  0.566684  0.629354  0.404059  0.624947  0.659370  0.451749  0.648617  0.461743  0.464318  0.525897  0.457802  0.715510  0.424341  0.455159  0.560135  0.551318  0.512182  0.555641  0.435252  0.511543  0.621135  0.523615  0.678257  0.457124  0.544859  0.580810  0.460723  0.646342  0.483047 
14  0.602131  0.592890  0.595390  0.454065  0.525949  0.654684  0.574467  0.541787  0.765780  0.660063  0.534142  0.595735  0.674622  0.589759 0.0  0.499528  0.501046  0.665816  0.545796  0.499830  0.562602  0.660361  0.576158  0.547808  0.550571  0.521407  0.625107  0.594235  0.575753  0.543810  0.530321  0.615418  0.643139  0.514409  0.529274  0.595517  0.555659  0.445239  0.630121  0.469194  0.627954  0.633093  0.589622  0.585958  0.629933  0.535392  0.551489  0.627961  0.517267  0.652984  0.502755  0.612959  0.584930  0.526104  0.572223  0.559517  0.578227  0.616925  0.534080  0.451266  0.591863  0.565566  0.525637  0.586123  0.612305  0.595121  0.625676  0.648649  0.410093  0.653962  0.625739  0.684161  0.557370  0.532535  0.689330  0.591240  0.571797  0.579496  0.458874  0.605443  0.587463  0.596228  0.504440  0.584635  0.688828  0.592469  0.563387  0.592477  0.471818  0.592450  0.603330  0.689853  0.595619  0.559301  0.430314  0.631061  0.512160  0.572011  0.538604  0.652841  0.514642  0.554644  0.542757  0.556632  0.540546  0.573529  0.594774  0.519491  0.645741  0.495608  0.565040  0.538257  0.616845  0.658689  0.564465  0.477568  0.469083  0.553413  0.600251  0.449189  0.481984  0.560916  0.600330  0.564237  0.648128  0.511065  0.488046  0.573328  0.483374  0.567230  0.558497  0.522140  0.593978  0.582913  0.514761  0.631252  0.565444  0.639406  0.591768  0.617069  0.584871  0.569816  0.577941  0.600265  0.552741  0.576754  0.535640  0.628347  0.589031  0.589733  0.420877  0.564927  0.591155  0.584423  0.627660  0.584298  0.601966  0.487713  0.535501  0.471710  0.607359  0.516903  0.614106  0.636224  0.527870  0.588722  0.603307  0.603489  0.542872  0.667199  0.501772  0.608829  0.585435  0.537771  0.547200  0.664864  0.535491  0.650723  0.547012  0.596250  0.507064  0.594556  0.548522  0.572578  0.671180  0.628451  0.507425  0.461307  0.629482  0.497272  0.566135  0.570824  0.607033  0.527178  0.528883  0.701178  0.618938 
15  0.614589  0.450901  0.669281  0.464901  0.621924  0.599351  0.572584  0.551402  0.531602  0.547927  0.682618  0.608418  0.455603  0.491534  0.499528 0.0  0.635620  0.539543  0.608871  0.469506  0.661162  0.551837  0.529061  0.574750  0.738804  0.543603  0.443672  0.612451  0.755371  0.601689  0.462520  0.334846  0.618080  0.573940  0.567616  0.606826  0.555147  0.559707  0.472256  0.532436  0.517233  0.721099  0.519745  0.608706  0.503001  0.663218  0.541697  0.592300  0.680762  0.569014  0.507628  0.690383  0.560306  0.531209  0.598838  0.627938  0.566552  0.592164  0.670231  0.591259  0.484216  0.387738  0.513858  0.452065  0.457352  0.435809  0.676102  0.578037  0.566021  0.752026  0.310194  0.527133  0.560046  0.626663  0.600543  0.337717  0.411615  0.711444  0.516391  0.353543  0.450891  0.596046  0.612329  0.577367  0.622392  0.599244  0.537837  0.572848  0.569994  0.547792  0.511375  0.424328  0.447056  0.393670  0.365316  0.553756  0.512235  0.515505  0.493814  0.536983  0.667927  0.684613  0.624904  0.741629  0.582788  0.637831  0.528514  0.688409  0.586257  0.619039  0.689281  0.573424  0.689320  0.616316  0.603535  0.770194  0.385500  0.552494  0.530573  0.530552  0.543261  0.624410  0.484445  0.626575  0.342185  0.745128  0.425241  0.683369  0.667865  0.604132  0.504014  0.570025  0.541952  0.577536  0.626069  0.628595  0.650498  0.685544  0.516648  0.416148  0.584954  0.558705  0.544684  0.423888  0.537574  0.520841  0.537249  0.492133  0.555838  0.409035  0.600938  0.314417  0.559591  0.440422  0.455633  0.514277  0.417431  0.419205  0.508607  0.574095  0.664834  0.484242  0.294390  0.400177  0.560309  0.476267  0.557014  0.668523  0.532573  0.675598  0.452325  0.709019  0.560150  0.345281  0.410659  0.418632  0.417575  0.520335  0.646643  0.490165  0.503963  0.684785  0.520356  0.547240  0.625726  0.424909  0.539731  0.542854  0.713336  0.714449  0.490910  0.421195  0.596429  0.564020  0.528105  0.647202  0.541500 
16  0.481587  0.462435  0.469607  0.571781  0.365054  0.505566  0.477415  0.362306  0.701384  0.436789  0.660610  0.367295  0.494504  0.348345  0.501046  0.635620 0.0  0.465397  0.647587  0.592314  0.648944  0.569365  0.474260  0.489637  0.540026  0.518512  0.460420  0.630782  0.439101  0.691967  0.568221  0.436307  0.528264  0.385111  0.621882  0.524488  0.492678  0.564812  0.458174  0.449971  0.499399  0.660566  0.570298  0.358855  0.611638  0.355783  0.511836  0.606449  0.479565  0.305555  0.537298  0.577389  0.400894  0.357254  0.607651  0.400520  0.380653  0.496214  0.614014  0.573726  0.519056  0.599002  0.498853  0.524343  0.568866  0.580481  0.386719  0.452114  0.398033  0.788645  0.553777  0.485288  0.589695  0.262112  0.583583  0.503452  0.675691  0.476692  0.583170  0.450122  0.618528  0.609656  0.696143  0.774896  0.648836  0.459215  0.483187  0.455544  0.365018  0.594827  0.496064  0.526173  0.611593  0.506041  0.588059  0.293454  0.552847  0.407667  0.618040  0.289238  0.602908  0.598472  0.536120  0.401121  0.586570  0.519126  0.243234  0.753219  0.309866  0.320756  0.474741  0.500177  0.567844  0.432134  0.654064  0.511250  0.611329  0.641546  0.529511  0.650565  0.513207  0.691830  0.561454  0.281483  0.636739  0.548491  0.524009  0.291455  0.500902  0.551768  0.504064  0.375506  0.496412  0.478329  0.504993  0.330010  0.395726  0.568840  0.404698  0.378797  0.448296  0.452516  0.597997  0.607466  0.472155  0.370463  0.311671  0.539385  0.499753  0.558981  0.493591  0.545611  0.468355  0.546489  0.504080  0.550807  0.559768  0.452462  0.650274  0.569503  0.665726  0.537214  0.496961  0.342337  0.573234  0.531415  0.609203  0.584609  0.481634  0.616180  0.667034  0.680555  0.610669  0.374412  0.583643  0.575026  0.504619  0.541886  0.422938  0.673053  0.457520  0.346980  0.397560  0.306329  0.553046  0.552803  0.487547  0.630668  0.601436  0.453253  0.656710  0.587422  0.447091  0.620095  0.533249  0.615950  0.409555 
17  0.456040  0.427019  0.654520  0.322987  0.605386  0.595805  0.583118  0.677301  0.565350  0.571739  0.688760  0.542776  0.314882  0.512731  0.665816  0.539543  0.465397 0.0  0.657604  0.421885  0.523427  0.461476  0.462078  0.515593  0.489236  0.578093  0.251327  0.472081  0.629529  0.573085  0.457396  0.311626  0.605562  0.472753  0.682701  0.601238  0.695056  0.694314  0.501388  0.540531  0.566934  0.692810  0.595225  0.570694  0.596489  0.737074  0.501040  0.528900  0.576979  0.611187  0.557550  0.538953  0.490889  0.512878  0.547180  0.506910  0.622426  0.525705  0.623254  0.603495  0.573033  0.427717  0.509703  0.327229  0.413291  0.214266  0.522980  0.551709  0.562368  0.806496  0.285559  0.770443  0.680736  0.597519  0.491511  0.389803  0.515808  0.676773  0.305567  0.370499  0.468192  0.403059  0.583261  0.625671  0.664465  0.686966  0.476178  0.517919  0.417113  0.605344  0.612498  0.468284  0.544258  0.313478  0.430342  0.534338  0.284876  0.547709  0.450527  0.555070  0.665930  0.426802  0.549433  0.743982  0.538595  0.494440  0.539856  0.759573  0.615342  0.711704  0.674857  0.502785  0.670897  0.446149  0.615332  0.752111  0.322248  0.639319  0.548576  0.612926  0.502033  0.684937  0.479227  0.485949  0.396363  0.477044  0.466002  0.587212  0.456255  0.534826  0.533307  0.533539  0.585760  0.476817  0.521178  0.643632  0.492961  0.567783  0.358542  0.324491  0.566174  0.424193  0.600951  0.438958  0.581275  0.443264  0.358520  0.415119  0.655893  0.515356  0.497873  0.435331  0.685032  0.320394  0.431886  0.642550  0.346134  0.277003  0.408725  0.594509  0.552967  0.330512  0.361231  0.308846  0.588789  0.588443  0.476145  0.595749  0.610580  0.663387  0.572027  0.680254  0.594759  0.310621  0.366006  0.398939  0.482704  0.514749  0.678548  0.435799  0.527937  0.471741  0.372126  0.651120  0.488134  0.419711  0.557906  0.726305  0.632342  0.523253  0.499395  0.381766  0.596548  0.399644  0.582215  0.684285  0.412898 
18  0.640547  0.661123  0.641562  0.654070  0.596781  0.500425  0.529781  0.694158  0.445349  0.656416  0.608643  0.505566  0.553481  0.554905  0.545796  0.608871  0.647587  0.657604 0.0  0.591127  0.711134  0.572324  0.540570  0.599408  0.680522  0.710163  0.672083  0.624066  0.592040  0.571387  0.750103  0.632172  0.517055  0.438517  0.628077  0.467576  0.635357  0.632274  0.584884  0.660455  0.539915  0.538610  0.622341  0.721704  0.543270  0.716917  0.540234  0.643334  0.568692  0.747516  0.650054  0.709015  0.536594  0.730245  0.709150  0.854837  0.717536  0.692322  0.630649  0.638477  0.627807  0.632199  0.519704  0.581168  0.624605  0.549420  0.573924  0.455697  0.580684  0.712206  0.596464  0.673054  0.603467  0.669306  0.769369  0.600104  0.750532  0.776382  0.644012  0.523123  0.679908  0.763241  0.608138  0.617050  0.662795  0.551813  0.532505  0.542886  0.663704  0.579545  0.602968  0.668968  0.510742  0.700005  0.600033  0.536866  0.588596  0.665916  0.739409  0.529383  0.595889  0.558354  0.522616  0.664887  0.627453  0.492601  0.601011  0.538899  0.638160  0.819228  0.606755  0.593482  0.713536  0.539620  0.672638  0.619269  0.594253  0.571965  0.550640  0.583525  0.487917  0.580414  0.753449  0.663392  0.651139  0.682263  0.718622  0.662780  0.540940  0.602001  0.573167  0.496813  0.637825  0.669966  0.522164  0.667671  0.601556  0.674932  0.514515  0.677801  0.709355  0.613591  0.723098  0.549634  0.711052  0.676266  0.752285  0.715841  0.486499  0.575696  0.496617  0.586564  0.725963  0.721948  0.642150  0.520446  0.611789  0.610933  0.721230  0.642648  0.653711  0.644848  0.677494  0.429091  0.615478  0.500595  0.420712  0.564776  0.623168  0.662043  0.580165  0.662631  0.553218  0.633834  0.734010  0.579604  0.637761  0.543639  0.628321  0.692606  0.650097  0.640718  0.620810  0.586072  0.601937  0.669086  0.532018  0.770659  0.610437  0.574383  0.617744  0.681945  0.608748  0.584998  0.607751  0.530111  0.760269 
19  0.492158  0.367730  0.536374  0.567537  0.595918  0.643082  0.576757  0.560303  0.629036  0.567773  0.653949  0.600899  0.359839  0.525307  0.499830  0.469506  0.592314  0.421885  0.591127 0.0  0.598526  0.450487  0.528621  0.575429  0.622877  0.571791  0.364311  0.499452  0.749870  0.583379  0.521229  0.433406  0.519729  0.533193  0.448379  0.561069  0.557648  0.530148  0.448396  0.561781  0.488405  0.701343  0.632637  0.620654  0.570850  0.660706  0.515142  0.544313  0.573834  0.531959  0.525242  0.568873  0.519227  0.606978  0.616386  0.703911  0.610974  0.693692  0.635556  0.488695  0.604870  0.468090  0.533838  0.412839  0.423015  0.374699  0.592567  0.516374  0.595610  0.721102  0.343533  0.520183  0.553116  0.597359  0.548542  0.411113  0.474082  0.481587  0.484502  0.360324  0.446080  0.349569  0.567516  0.705198  0.560407  0.629944  0.395753  0.528957  0.618166  0.646778  0.652346  0.324534  0.374887  0.427420  0.441172  0.514208  0.448247  0.589137  0.356835  0.568842  0.628930  0.687215  0.687204  0.560246  0.609854  0.540515  0.505658  0.636271  0.480868  0.561898  0.548438  0.573984  0.695705  0.436698  0.667615  0.519819  0.425518  0.617676  0.499613  0.478181  0.589098  0.713843  0.578531  0.524328  0.428913  0.645064  0.414017  0.553794  0.556902  0.605278  0.543986  0.373736  0.653476  0.514570  0.539317  0.704302  0.517271  0.683535  0.427871  0.346933  0.526639  0.617352  0.590653  0.338564  0.712941  0.665272  0.457064  0.444422  0.465816  0.413392  0.678205  0.382163  0.638878  0.310166  0.470661  0.449314  0.541439  0.392784  0.453932  0.580666  0.588276  0.484071  0.352635  0.405653  0.490111  0.548391  0.544998  0.686202  0.628899  0.621414  0.651790  0.673140  0.608566  0.411191  0.512227  0.442588  0.339845  0.548871  0.640314  0.394332  0.564538  0.559207  0.325590  0.522394  0.521704  0.494023  0.501129  0.639236  0.537947  0.557950  0.507369  0.428786  0.569183  0.367203  0.564083  0.612686  0.418230 
