197
0 0.0  0.509447  0.524011  0.464360  0.427423  0.558109  0.496837  0.481280  0.614337  0.600772  0.608718  0.487059  0.513012  0.515555  0.510789  0.571997  0.421074  0.488226  0.602197  0.504547  0.539627  0.578209  0.598086  0.554312  0.500797  0.701430  0.605679  0.550432  0.471470  0.609053  0.517363  0.409193  0.412884  0.489996  0.382498  0.572211  0.551909  0.572931  0.377440  0.574513  0.624359  0.620374  0.682654  0.728394  0.601804  0.413770  0.424133  0.643228  0.545915  0.506702  0.447148  0.639696  0.389356  0.630639  0.506313  0.625352  0.530409  0.776538  0.589880  0.531203  0.598610  0.502361  0.487179  0.641141  0.484855  0.486693  0.624602  0.596360  0.516136  0.643136  0.503316  0.453711  0.351207  0.491811  0.630133  0.538998  0.589879  0.476827  0.595897  0.514141  0.558680  0.562895  0.558534  0.577582  0.744441  0.665445  0.457165  0.671889  0.621910  0.677879  0.630147  0.458203  0.550155  0.585561  0.603668  0.571641  0.402315  0.654765  0.546790  0.594615  0.603972  0.618678  0.537138  0.558770  0.576599  0.421847  0.549232  0.689753  0.585525  0.580886  0.584227  0.574873  0.566672  0.611649  0.695682  0.577550  0.531357  0.510250  0.609441  0.521519  0.645599  0.612179  0.589253  0.507085  0.571740  0.393093  0.596640  0.716342  0.531026  0.594975  0.518326  0.634436  0.724927  0.403270  0.549628  0.578629  0.616363  0.502685  0.357445  0.445701  0.522546  0.378796  0.689860  0.531807  0.551008  0.524022  0.399825  0.544172  0.648851  0.477220  0.585018  0.553244  0.667497  0.498426  0.557599  0.546411  0.627158  0.549916  0.515028  0.726433  0.570004  0.489238  0.594203  0.492026  0.634292  0.589523  0.353990  0.628031  0.605699  0.734430  0.680469  0.609731  0.594911  0.489892  0.567873  0.565532  0.417938  0.537458  0.540077  0.556104  0.404415  0.459541  0.444181  0.597593  0.558669  0.425062  0.559827  0.728286  0.489139  0.433444  0.552071  0.586809  0.502514  0.546383  0.753518  0.679418  0.424816 
1  0.509447 0.0  0.556089  0.402898  0.692308  0.600621  0.512048  0.575742  0.585027  0.581394  0.502593  0.545732  0.377884  0.437409  0.498270  0.414569  0.678008  0.385288  0.595838  0.333633  0.642700  0.618067  0.612614  0.579768  0.594774  0.517627  0.433712  0.534558  0.564812  0.676781  0.402057  0.355289  0.547546  0.534274  0.594620  0.568371  0.501047  0.588300  0.579538  0.552270  0.586737  0.699359  0.632405  0.589569  0.591455  0.578243  0.467865  0.513881  0.692365  0.596425  0.495636  0.511458  0.432344  0.621551  0.459546  0.642746  0.527150  0.730287  0.661366  0.512115  0.534075  0.389358  0.574539  0.426401  0.389969  0.399743  0.574558  0.514975  0.588897  0.866618  0.416790  0.709809  0.498972  0.559026  0.581414  0.437915  0.450153  0.456556  0.417832  0.397923  0.441945  0.390821  0.636984  0.537973  0.554985  0.638645  0.489259  0.635892  0.626884  0.587973  0.634670  0.357921  0.406829  0.434951  0.385179  0.631839  0.356631  0.534337  0.428015  0.663700  0.588045  0.554948  0.589341  0.749809  0.546526  0.542482  0.572661  0.596345  0.488945  0.613628  0.537411  0.609157  0.647878  0.476297  0.603756  0.658223  0.467893  0.483346  0.579117  0.550726  0.525754  0.677673  0.625233  0.558191  0.389439  0.619078  0.385709  0.695608  0.591711  0.532335  0.497173  0.507072  0.553157  0.529601  0.490332  0.553757  0.504639  0.641741  0.417920  0.382882  0.477809  0.516166  0.568371  0.458928  0.510657  0.611927  0.456634  0.400144  0.522064  0.392678  0.656720  0.433462  0.634067  0.430918  0.435572  0.521346  0.392680  0.360365  0.415632  0.582986  0.530551  0.354188  0.448916  0.407130  0.631566  0.470531  0.474081  0.636767  0.583806  0.623748  0.652152  0.638282  0.601249  0.364409  0.483945  0.457496  0.328335  0.516118  0.623487  0.487520  0.600388  0.640390  0.352593  0.584577  0.487190  0.445972  0.537056  0.547063  0.622331  0.503197  0.631331  0.459488  0.578189  0.405395  0.515380  0.638442  0.549055 
2  0.524011  0.556089 0.0  0.586470  0.545744  0.591174  0.563993  0.553733  0.545034  0.632422  0.621505  0.549235  0.775993  0.556969  0.539985  0.545760  0.554582  0.571124  0.610114  0.579174  0.561177  0.497531  0.501156  0.531769  0.548759  0.624973  0.563131  0.663554  0.550937  0.590404  0.614269  0.628320  0.626827  0.523976  0.670978  0.659501  0.512071  0.454096  0.486511  0.534731  0.560105  0.609910  0.577355  0.522725  0.548203  0.555286  0.586524  0.551111  0.511411  0.438274  0.697254  0.544641  0.498315  0.438879  0.576454  0.490850  0.552966  0.570041  0.514843  0.661864  0.517393  0.660807  0.521036  0.619079  0.716822  0.663998  0.447476  0.526843  0.487126  0.709112  0.545876  0.608417  0.575517  0.499083  0.582584  0.583259  0.749617  0.508341  0.610899  0.607731  0.660632  0.658868  0.573299  0.703067  0.566432  0.538710  0.449775  0.570498  0.495078  0.554585  0.599727  0.578221  0.574775  0.649257  0.566122  0.555920  0.598659  0.597820  0.656062  0.596582  0.577217  0.664497  0.551427  0.583093  0.497660  0.604307  0.573905  0.575458  0.468376  0.526204  0.469681  0.531155  0.545656  0.406890  0.584211  0.581958  0.704036  0.637793  0.575675  0.568542  0.502904  0.558747  0.500931  0.457484  0.599960  0.467307  0.635111  0.529404  0.615839  0.512634  0.561967  0.487604  0.517609  0.588202  0.484059  0.445989  0.484992  0.583737  0.612273  0.609639  0.470196  0.593919  0.498511  0.576955  0.614467  0.523215  0.651640  0.667125  0.544647  0.661318  0.443641  0.600331  0.538092  0.660039  0.567215  0.552749  0.660946  0.534389  0.587958  0.543100  0.579027  0.613860  0.749606  0.540525  0.748732  0.534898  0.579692  0.496401  0.602665  0.547269  0.490124  0.560259  0.540789  0.625737  0.700806  0.615585  0.509371  0.525155  0.524277  0.630414  0.588999  0.509800  0.682324  0.519025  0.568111  0.577109  0.500826  0.544404  0.577644  0.554186  0.611713  0.563032  0.626819  0.741121  0.561911  0.677520  0.610468 
3  0.464360  0.402898  0.586470 0.0  0.712377  0.692904  0.634502  0.587687  0.747630  0.682649  0.570795  0.685546  0.448699  0.528644  0.614277  0.523372  0.609924  0.443509  0.562268  0.416108  0.617814  0.598014  0.606343  0.761786  0.603404  0.574531  0.458156  0.608744  0.608925  0.551642  0.446163  0.450505  0.413784  0.579092  0.648018  0.563272  0.533173  0.615712  0.579918  0.589819  0.614082  0.550475  0.660840  0.730833  0.499491  0.611028  0.543436  0.511842  0.567607  0.632021  0.721910  0.423393  0.667686  0.666647  0.695216  0.810008  0.704006  0.690309  0.611195  0.491966  0.635943  0.451148  0.522157  0.438190  0.423378  0.430396  0.671451  0.541858  0.634694  0.732684  0.426639  0.730569  0.576533  0.767323  0.817222  0.412872  0.393463  0.684612  0.532656  0.569904  0.433537  0.441287  0.602581  0.475739  0.578745  0.707675  0.454951  0.705845  0.637389  0.698645  0.817340  0.400354  0.338140  0.426331  0.428847  0.735183  0.446840  0.766014  0.441975  0.507584  0.664289  0.696888  0.476646  0.568537  0.665535  0.551527  0.672436  0.688988  0.690177  0.785485  0.605905  0.619403  0.637116  0.645815  0.680940  0.673295  0.436406  0.570252  0.682234  0.477789  0.568853  0.642426  0.612739  0.627277  0.384732  0.636175  0.486738  0.705217  0.570888  0.426415  0.630992  0.585781  0.681830  0.495571  0.600552  0.507480  0.695111  0.749776  0.361602  0.375130  0.593621  0.530660  0.645483  0.423597  0.704250  0.615147  0.416572  0.547398  0.562284  0.440203  0.708919  0.476169  0.598054  0.422589  0.469376  0.679965  0.474970  0.471984  0.453578  0.720493  0.536958  0.474395  0.456646  0.381396  0.526252  0.551851  0.471222  0.721974  0.605758  0.587998  0.603461  0.742257  0.707234  0.501701  0.527861  0.471510  0.432616  0.588858  0.629469  0.385058  0.794914  0.736007  0.398439  0.580003  0.632936  0.424977  0.702098  0.706735  0.595821  0.544678  0.492054  0.415663  0.582459  0.371476  0.548254  0.778154  0.629756 
4  0.427423  0.692308  0.545744  0.712377 0.0  0.520408  0.581052  0.445879  0.678829  0.485375  0.592381  0.519368  0.512915  0.531465  0.626022  0.636848  0.389202  0.575493  0.616000  0.638680  0.460596  0.649043  0.515629  0.614310  0.402545  0.592701  0.673234  0.607697  0.361722  0.642797  0.488060  0.687390  0.483501  0.540431  0.504619  0.659090  0.553477  0.578280  0.569457  0.568414  0.625560  0.544302  0.568128  0.447046  0.645828  0.443006  0.539200  0.669647  0.440444  0.469446  0.625765  0.637656  0.599289  0.445877  0.545328  0.544669  0.582154  0.613572  0.695186  0.642786  0.714550  0.532475  0.579800  0.848772  0.675361  0.629575  0.565949  0.440060  0.364535  0.728120  0.721184  0.518366  0.464176  0.408252  0.616051  0.679219  0.532415  0.422885  0.663642  0.666576  0.601742  0.615383  0.560310  0.597862  0.579354  0.583134  0.492653  0.651904  0.706231  0.581556  0.600961  0.635777  0.701702  0.631307  0.661325  0.498271  0.622570  0.480643  0.651908  0.614936  0.747643  0.420842  0.498220  0.492245  0.549404  0.659444  0.355248  0.670960  0.429637  0.440070  0.609041  0.532246  0.577821  0.536737  0.610464  0.589030  0.678535  0.663921  0.581741  0.660074  0.561110  0.600759  0.606772  0.518155  0.578502  0.389771  0.726273  0.486798  0.552365  0.522229  0.601621  0.632756  0.670168  0.565995  0.555079  0.493884  0.384586  0.574082  0.511768  0.507558  0.579427  0.489553  0.574477  0.615524  0.443972  0.519954  0.632593  0.718246  0.649596  0.590046  0.754466  0.612804  0.519015  0.635199  0.783952  0.555694  0.585782  0.581832  0.675844  0.576083  0.585938  0.614677  0.655561  0.649105  0.604768  0.570223  0.449329  0.495017  0.638485  0.645151  0.570968  0.446299  0.540141  0.614581  0.630043  0.638770  0.620676  0.652288  0.676644  0.626481  0.472425  0.472111  0.689851  0.519547  0.528749  0.624776  0.568872  0.729438  0.497144  0.533813  0.382157  0.584531  0.530741  0.681353  0.658696  0.659737  0.614519 
5  0.558109  0.600621  0.591174  0.692904  0.520408 0.0  0.600429  0.595735  0.668083  0.583315  0.440947  0.511067  0.597017  0.589108  0.473708  0.535198  0.624892  0.643113  0.598278  0.634841  0.657728  0.488264  0.635998  0.536947  0.584895  0.532044  0.620762  0.620101  0.508921  0.533615  0.414644  0.654626  0.504814  0.473795  0.628151  0.599572  0.606221  0.630638  0.622006  0.548920  0.534082  0.548590  0.654739  0.575908  0.501844  0.564487  0.523515  0.553793  0.573209  0.552881  0.578453  0.525673  0.528432  0.609611  0.713225  0.419699  0.577126  0.488435  0.580301  0.514675  0.562899  0.557438  0.551180  0.530067  0.544135  0.597414  0.516021  0.610838  0.592065  0.455696  0.549570  0.581262  0.485766  0.569799  0.572910  0.696507  0.542647  0.617064  0.548039  0.686101  0.500757  0.494030  0.605617  0.628061  0.585308  0.615284  0.469816  0.493021  0.565670  0.550486  0.680646  0.575848  0.592834  0.566945  0.616195  0.661961  0.614627  0.484283  0.596922  0.564202  0.647207  0.515911  0.587564  0.503326  0.569950  0.545232  0.480722  0.509801  0.566025  0.557748  0.506979  0.567041  0.573145  0.569388  0.614389  0.533150  0.574434  0.567820  0.601323  0.577038  0.665649  0.540950  0.704673  0.548449  0.699604  0.556832  0.496749  0.537050  0.514094  0.505254  0.479591  0.598856  0.574266  0.571039  0.625515  0.527439  0.512694  0.490539  0.615289  0.509276  0.602933  0.484451  0.584173  0.585517  0.570265  0.587521  0.522324  0.712696  0.643419  0.549934  0.562217  0.562598  0.536064  0.492310  0.549355  0.609066  0.615692  0.627523  0.481904  0.524807  0.516855  0.501755  0.623865  0.584368  0.573546  0.576971  0.510175  0.603611  0.535997  0.555901  0.570280  0.528065  0.640419  0.607068  0.536883  0.644510  0.479295  0.544521  0.628715  0.502933  0.522102  0.518704  0.543161  0.497729  0.489316  0.571234  0.503426  0.564219  0.454094  0.601211  0.689341  0.556045  0.554888  0.565148  0.644010  0.677308  0.589603 
6  0.496837  0.512048  0.563993  0.634502  0.581052  0.600429 0.0  0.580090  0.533242  0.544322  0.502348  0.602287  0.510776  0.589532  0.549631  0.625696  0.526878  0.419077  0.572086  0.582865  0.647895  0.616874  0.496140  0.491738  0.430714  0.480744  0.504580  0.535135  0.615468  0.695004  0.508186  0.547611  0.506243  0.629475  0.639962  0.564069  0.591875  0.571007  0.552090  0.624605  0.572345  0.477618  0.496157  0.624580  0.545408  0.436272  0.633669  0.576117  0.586567  0.544633  0.561225  0.532638  0.630840  0.551381  0.580957  0.651311  0.577631  0.654239  0.598161  0.548846  0.614549  0.603096  0.583858  0.544861  0.535529  0.548375  0.547127  0.615655  0.539292  0.659507  0.572201  0.723241  0.569060  0.565600  0.628150  0.566345  0.556298  0.565419  0.549598  0.612696  0.540297  0.498559  0.551388  0.616539  0.618333  0.566552  0.625286  0.532561  0.513304  0.501703  0.567283  0.536271  0.545292  0.550386  0.503842  0.500044  0.539045  0.730695  0.575582  0.579012  0.627546  0.522297  0.515761  0.580994  0.569332  0.506593  0.488474  0.469456  0.593735  0.500659  0.579852  0.644343  0.502720  0.467156  0.559383  0.631884  0.605753  0.580570  0.653262  0.551778  0.462108  0.518842  0.545662  0.535632  0.562350  0.635245  0.506607  0.644290  0.680991  0.603103  0.592223  0.576195  0.549298  0.571094  0.538896  0.562889  0.492779  0.570934  0.544166  0.481631  0.428204  0.615470  0.543480  0.600282  0.596190  0.615903  0.546971  0.644046  0.513346  0.562045  0.575616  0.542880  0.559797  0.510291  0.449846  0.629968  0.473418  0.593782  0.553000  0.584155  0.599144  0.565251  0.550633  0.477581  0.560530  0.573844  0.542383  0.617995  0.585893  0.595695  0.609820  0.657107  0.511922  0.565702  0.573716  0.528401  0.577366  0.562075  0.519169  0.580094  0.596513  0.592190  0.495431  0.606388  0.614491  0.418441  0.504424  0.620826  0.501482  0.602002  0.515683  0.505363  0.596312  0.443336  0.594973  0.610904  0.504040 
7  0.481280  0.575742  0.553733  0.587687  0.445879  0.595735  0.580090 0.0  0.555785  0.583507  0.587605  0.466372  0.560952  0.467277  0.613090  0.528988  0.429748  0.708369  0.485040  0.593402  0.611089  0.502913  0.478325  0.407382  0.443818  0.603374  0.620669  0.591458  0.545982  0.408940  0.597609  0.612490  0.577751  0.465189  0.668764  0.523966  0.517282  0.537291  0.574373  0.458986  0.496418  0.469601  0.605805  0.413150  0.688713  0.469945  0.493128  0.646345  0.346417  0.453439  0.561746  0.500703  0.484823  0.415132  0.701923  0.444740  0.615476  0.573791  0.522242  0.530024  0.559480  0.666180  0.532906  0.592528  0.516270  0.594365  0.309419  0.546085  0.570030  0.802723  0.654117  0.396156  0.632904  0.403162  0.614170  0.668460  0.570292  0.442615  0.598337  0.656452  0.557245  0.618018  0.504333  0.664461  0.601295  0.566800  0.493619  0.378553  0.521730  0.476143  0.470453  0.519652  0.686551  0.623293  0.525064  0.663023  0.641172  0.289074  0.722405  0.320157  0.527297  0.595671  0.469500  0.547504  0.444808  0.521608  0.443951  0.597259  0.420144  0.530994  0.619063  0.474183  0.556077  0.401694  0.589877  0.410165  0.617921  0.644567  0.556533  0.522597  0.542646  0.392344  0.622739  0.544191  0.529335  0.427826  0.605547  0.485214  0.496458  0.518242  0.496848  0.513863  0.435265  0.541952  0.409616  0.465474  0.534874  0.625976  0.574399  0.496420  0.385779  0.536459  0.657590  0.687275  0.498066  0.487169  0.597494  0.611249  0.551690  0.629856  0.474498  0.581772  0.603921  0.587532  0.514292  0.603735  0.569912  0.664486  0.682353  0.610754  0.465123  0.520796  0.795203  0.508600  0.595591  0.543954  0.430537  0.678710  0.485582  0.722846  0.529728  0.641100  0.630799  0.652874  0.649003  0.619536  0.605884  0.526078  0.606742  0.718680  0.492086  0.465010  0.553840  0.511752  0.465079  0.701240  0.353501  0.541191  0.525060  0.470577  0.534074  0.572141  0.468423  0.761549  0.549326  0.512508  0.640420 
8  0.614337  0.585027  0.545034  0.747630  0.678829  0.668083  0.533242  0.555785 0.0  0.647578  0.557969  0.559833  0.512004  0.579701  0.585336  0.590762  0.566179  0.565424  0.476179  0.603605  0.709237  0.498735  0.648489  0.503106  0.620662  0.561811  0.558580  0.418033  0.730969  0.441759  0.601748  0.659633  0.578447  0.494260  0.776087  0.578043  0.532601  0.580593  0.556629  0.467269  0.520609  0.581360  0.559637  0.728515  0.607037  0.713421  0.733436  0.535617  0.546341  0.572022  0.612685  0.509765  0.748768  0.567130  0.558373  0.664685  0.734435  0.566580  0.597721  0.583650  0.577530  0.483183  0.589209  0.605013  0.577311  0.457061  0.466986  0.446940  0.577322  0.773540  0.590258  0.552110  0.634849  0.737779  0.574480  0.504230  0.670934  0.684668  0.446964  0.500250  0.687253  0.587743  0.597666  0.479553  0.557922  0.457517  0.560447  0.512218  0.512506  0.500062  0.383306  0.676943  0.583247  0.603975  0.507746  0.606755  0.654533  0.542720  0.618155  0.515751  0.498640  0.597012  0.701463  0.695184  0.521090  0.477461  0.604136  0.600239  0.577019  0.643357  0.659502  0.627294  0.592558  0.520317  0.584399  0.680355  0.572741  0.508980  0.598841  0.492106  0.548932  0.565930  0.610178  0.618458  0.524796  0.684349  0.616186  0.665561  0.570014  0.662490  0.654553  0.470307  0.503039  0.605052  0.508172  0.680095  0.633244  0.773333  0.658575  0.537837  0.516731  0.741637  0.611889  0.535839  0.587927  0.595896  0.638186  0.542792  0.580788  0.674955  0.511590  0.570519  0.667790  0.580907  0.554929  0.542676  0.559604  0.567809  0.658150  0.462027  0.570338  0.662339  0.574927  0.627929  0.477807  0.523261  0.625641  0.652923  0.530207  0.536705  0.506973  0.666755  0.524707  0.645553  0.528750  0.539007  0.757045  0.553642  0.713694  0.591827  0.580535  0.739431  0.610957  0.565678  0.479494  0.614849  0.461437  0.608486  0.615295  0.590986  0.563804  0.559280  0.631594  0.551242  0.547455  0.540284  0.645988 
9  0.600772  0.581394  0.632422  0.682649  0.485375  0.583315  0.544322  0.583507  0.647578 0.0  0.748023  0.448125  0.577122  0.508063  0.518034  0.626377  0.371907  0.646009  0.650073  0.512689  0.645243  0.672075  0.611652  0.567052  0.606690  0.530061  0.587870  0.573177  0.544446  0.587615  0.652337  0.630653  0.756720  0.462102  0.578072  0.682820  0.532502  0.597498  0.512033  0.603481  0.478763  0.776280  0.582052  0.457544  0.661977  0.494840  0.637669  0.562819  0.535250  0.524405  0.588508  0.653369  0.587294  0.478499  0.571324  0.456271  0.396046  0.508427  0.654437  0.713177  0.430677  0.567712  0.571766  0.645609  0.721729  0.604342  0.533646  0.560773  0.463366  0.723409  0.528426  0.673885  0.704606  0.448133  0.661661  0.655740  0.618771  0.571534  0.544950  0.618430  0.655448  0.604487  0.616826  0.645659  0.684313  0.616219  0.506353  0.504405  0.568117  0.563143  0.468606  0.610343  0.592036  0.544924  0.537580  0.425282  0.672125  0.556111  0.650389  0.495511  0.609117  0.737822  0.708912  0.639525  0.510598  0.787248  0.371328  0.611553  0.399711  0.421028  0.519536  0.595110  0.645505  0.545075  0.587273  0.636357  0.642935  0.726272  0.563452  0.565809  0.608532  0.765369  0.571839  0.442880  0.749679  0.532734  0.633817  0.339486  0.619423  0.628721  0.678249  0.500541  0.765674  0.625150  0.595262  0.400148  0.601614  0.645948  0.664805  0.665717  0.689790  0.530127  0.555211  0.600940  0.432292  0.330053  0.651215  0.645331  0.468714  0.676660  0.570384  0.701165  0.510806  0.685010  0.645578  0.564292  0.541537  0.631971  0.631388  0.632322  0.596033  0.502395  0.762201  0.454159  0.570241  0.590488  0.695138  0.573578  0.642584  0.727586  0.627067  0.659333  0.649771  0.500689  0.666313  0.564725  0.513869  0.575530  0.373395  0.657983  0.557584  0.658819  0.565762  0.338236  0.575699  0.655084  0.535619  0.561061  0.515961  0.562211  0.605416  0.711149  0.500025  0.721175  0.687194  0.561614  0.636262 
10  0.608718  0.502593  0.621505  0.570795  0.592381  0.440947  0.502348  0.587605  0.557969  0.748023 0.0  0.672076  0.580301  0.662288  0.576106  0.637094  0.639879  0.669015  0.760366  0.670635  0.572292  0.624889  0.647327  0.674824  0.531132  0.711059  0.668260  0.589385  0.507568  0.600480  0.528217  0.682945  0.429393  0.620530  0.565345  0.598024  0.425605  0.349195  0.680646  0.616211  0.571202  0.619185  0.589553  0.562981  0.498300  0.484981  0.755194  0.661547  0.603474  0.697757  0.591860  0.682585  0.596454  0.492049  0.502939  0.664189  0.616344  0.701311  0.376415  0.540459  0.578198  0.580297  0.598660  0.725898  0.487479  0.724919  0.621049  0.612410  0.578783  0.611908  0.734030  0.692798  0.611613  0.665508  0.613666  0.705957  0.503875  0.410117  0.507082  0.763240  0.609717  0.674212  0.568571  0.399077  0.562611  0.701339  0.523194  0.622668  0.530290  0.831799  0.728442  0.585290  0.551051  0.524603  0.643909  0.723400  0.589612  0.763588  0.604159  0.705269  0.734450  0.414948  0.395157  0.606593  0.557328  0.459564  0.578810  0.444865  0.626263  0.729720  0.687352  0.708828  0.639410  0.707692  0.516791  0.420908  0.588775  0.338439  0.577360  0.602783  0.532495  0.570805  0.601041  0.708533  0.625030  0.534469  0.649039  0.856008  0.549864  0.457152  0.553312  0.701260  0.580788  0.618503  0.662606  0.711533  0.780741  0.619262  0.511063  0.618019  0.602362  0.629997  0.597822  0.552521  0.730689  0.703777  0.643553  0.794549  0.730316  0.556924  0.578256  0.642421  0.635367  0.673662  0.536087  0.592871  0.596481  0.725042  0.541065  0.717580  0.546459  0.672906  0.749203  0.736436  0.680027  0.590570  0.499270  0.636805  0.423079  0.520412  0.774625  0.503407  0.468074  0.590773  0.663139  0.590677  0.577562  0.576130  0.758365  0.504898  0.661517  0.404328  0.534031  0.644695  0.345490  0.569848  0.514208  0.710211  0.492308  0.486395  0.445778  0.615941  0.514063  0.446787  0.653433  0.877511  0.722736 
11  0.487059  0.545732  0.549235  0.685546  0.519368  0.511067  0.602287  0.466372  0.559833  0.448125  0.672076 0.0  0.557201  0.417280  0.607858  0.583744  0.398369  0.676487  0.631714  0.641025  0.470143  0.501754  0.418877  0.591079  0.577722  0.497073  0.704946  0.537637  0.506193  0.571642  0.663985  0.594227  0.585021  0.536918  0.558602  0.659702  0.633879  0.679378  0.505117  0.530702  0.527042  0.735430  0.470825  0.536768  0.511474  0.485719  0.554650  0.695364  0.629810  0.521315  0.526800  0.666281  0.533673  0.484249  0.602870  0.549710  0.467867  0.614260  0.686515  0.509237  0.425731  0.634965  0.537240  0.562049  0.746297  0.536799  0.503674  0.614865  0.461591  0.722675  0.529305  0.602865  0.604216  0.403791  0.794821  0.601694  0.638260  0.668550  0.596707  0.612241  0.657922  0.588248  0.637196  0.737559  0.619502  0.583368  0.509874  0.486892  0.474490  0.613930  0.474147  0.492419  0.522075  0.722358  0.614823  0.519154  0.603672  0.499351  0.637532  0.558321  0.595219  0.617103  0.637962  0.495818  0.525111  0.585226  0.403503  0.437330  0.479386  0.453567  0.413803  0.568797  0.572733  0.477800  0.566089  0.543874  0.666414  0.776056  0.583105  0.612070  0.486408  0.571032  0.571487  0.514166  0.488040  0.571200  0.517914  0.460869  0.595481  0.716839  0.505917  0.410388  0.512910  0.477298  0.398551  0.471518  0.500118  0.646283  0.654233  0.583919  0.541405  0.485485  0.602317  0.705010  0.376221  0.467988  0.661173  0.567644  0.513907  0.586760  0.580190  0.683969  0.483970  0.593609  0.529219  0.511589  0.704470  0.505953  0.611958  0.596608  0.599009  0.526126  0.672189  0.462748  0.719455  0.488412  0.562011  0.564000  0.583250  0.653919  0.608616  0.556154  0.755693  0.583867  0.631229  0.460807  0.654839  0.551871  0.391619  0.607851  0.469030  0.568859  0.513398  0.411445  0.595844  0.570320  0.461177  0.634405  0.397964  0.535138  0.599477  0.560949  0.560293  0.628289  0.458192  0.535468  0.621431 
12  0.513012  0.377884  0.775993  0.448699  0.512915  0.597017  0.510776  0.560952  0.512004  0.577122  0.580301  0.557201 0.0  0.440358  0.641236  0.390264  0.538947  0.373243  0.717938  0.331173  0.636669  0.515971  0.501150  0.577581  0.597012  0.483684  0.350061  0.579791  0.561124  0.731543  0.418428  0.303363  0.552835  0.573847  0.596368  0.488530  0.560564  0.687906  0.404608  0.537499  0.579686  0.618111  0.563406  0.636410  0.619491  0.630530  0.461897  0.533565  0.493511  0.654573  0.572414  0.586646  0.524499  0.546810  0.549878  0.676656  0.646897  0.534377  0.625422  0.603160  0.639229  0.361936  0.535082  0.361308  0.356588  0.340897  0.633012  0.493487  0.561334  0.800228  0.351744  0.490888  0.508209  0.584891  0.589155  0.399218  0.432720  0.532479  0.396317  0.317333  0.447129  0.360508  0.600479  0.691320  0.586223  0.542209  0.452200  0.486077  0.539648  0.496130  0.496840  0.356689  0.353546  0.391070  0.374009  0.593743  0.419497  0.481298  0.514439  0.522184  0.553969  0.543607  0.554811  0.635429  0.655856  0.619574  0.540172  0.608260  0.438538  0.636676  0.624990  0.520896  0.565231  0.483979  0.661075  0.688933  0.413439  0.585737  0.494184  0.518829  0.547762  0.631477  0.535704  0.627217  0.358864  0.568482  0.434988  0.619323  0.617652  0.483671  0.499774  0.549989  0.585005  0.460556  0.562223  0.612135  0.431107  0.651141  0.384277  0.334139  0.676529  0.499996  0.568150  0.378234  0.600487  0.566090  0.412129  0.331167  0.600353  0.385004  0.636573  0.384307  0.635156  0.324299  0.426629  0.607592  0.451525  0.318680  0.436153  0.545213  0.561073  0.376676  0.464966  0.354401  0.556813  0.554177  0.523865  0.710531  0.552405  0.628016  0.574817  0.694394  0.571707  0.316418  0.409114  0.371250  0.350904  0.600733  0.607135  0.422022  0.485081  0.542278  0.346784  0.516791  0.508547  0.377756  0.641196  0.590549  0.574045  0.506251  0.541444  0.373895  0.558582  0.432874  0.646738  0.586525  0.419803 
13  0.515555  0.437409  0.556969  0.528644  0.531465  0.589108  0.589532  0.467277  0.579701  0.508063  0.662288  0.417280  0.440358 0.0  0.459805  0.478350  0.396466  0.574326  0.606980  0.459875  0.623644  0.509872  0.461338  0.497704  0.580812  0.504996  0.530550  0.606471  0.526265  0.591071  0.630480  0.410134  0.524947  0.494654  0.574875  0.489304  0.564097  0.501219  0.466522  0.533420  0.514606  0.565323  0.516966  0.486035  0.586782  0.514368  0.408832  0.542894  0.504221  0.392623  0.488425  0.558008  0.498829  0.422478  0.586250  0.551309  0.471063  0.578379  0.473099  0.545870  0.538964  0.494246  0.459861  0.471178  0.463787  0.490120  0.406274  0.574495  0.486886  0.694746  0.513641  0.560867  0.598020  0.478293  0.446543  0.484493  0.581890  0.561364  0.495378  0.386517  0.531474  0.608872  0.566971  0.635970  0.618281  0.393443  0.432966  0.474186  0.475397  0.485020  0.483631  0.341491  0.451136  0.633321  0.429996  0.471754  0.465815  0.507317  0.629143  0.447184  0.599656  0.583283  0.638057  0.654399  0.430627  0.539331  0.422975  0.617223  0.479956  0.477223  0.450849  0.478304  0.499725  0.509094  0.563486  0.560679  0.535749  0.665733  0.485639  0.617642  0.580958  0.789319  0.527823  0.473498  0.546685  0.494928  0.566017  0.576006  0.522506  0.626977  0.515429  0.512016  0.461785  0.494869  0.648785  0.506106  0.408566  0.510255  0.446751  0.529970  0.498520  0.490509  0.505305  0.576703  0.527014  0.516238  0.519016  0.558475  0.549587  0.574773  0.430905  0.548165  0.496112  0.477405  0.501280  0.465967  0.559008  0.494313  0.605882  0.461155  0.366236  0.555972  0.604823  0.338569  0.645596  0.542259  0.612384  0.661905  0.562751  0.600191  0.486290  0.608028  0.693032  0.440792  0.626979  0.496588  0.526303  0.536708  0.426424  0.510399  0.479564  0.473332  0.525293  0.542784  0.481047  0.588514  0.418801  0.513794  0.510907  0.631494  0.573714  0.481896  0.559074  0.601503  0.513789  0.644756  0.599861 
14  0.510789  0.498270  0.539985  0.614277  0.626022  0.473708  0.549631  0.613090  0.585336  0.518034  0.576106  0.607858  0.641236  0.459805 0.0  0.642885  0.603499  0.688776  0.562684  0.587708  0.617545  0.597535  0.613419  0.632409  0.553473  0.549147  0.462185  0.513724  0.643494  0.644830  0.535886  0.574438  0.567831  0.591518  0.510209  0.569065  0.486548  0.493389  0.613559  0.577269  0.631009  0.566251  0.676990  0.610282  0.512045  0.606045  0.647378  0.564742  0.553628  0.551072  0.580403  0.533646  0.645195  0.582485  0.614943  0.484890  0.632462  0.517655  0.446068  0.608786  0.611527  0.557402  0.555315  0.490229  0.620155  0.553212  0.616313  0.590604  0.517969  0.638921  0.523875  0.646187  0.465755  0.626038  0.597001  0.606687  0.619320  0.537598  0.580387  0.557581  0.654890  0.605138  0.557647  0.572636  0.600333  0.569297  0.595916  0.596884  0.662728  0.681526  0.645835  0.518539  0.525550  0.476093  0.522857  0.653648  0.465851  0.588850  0.577157  0.627491  0.584838  0.654723  0.633488  0.562404  0.579523  0.539988  0.644041  0.502082  0.665967  0.516859  0.559246  0.595888  0.443660  0.629657  0.593924  0.662218  0.444601  0.581773  0.570604  0.590878  0.518280  0.670392  0.617264  0.505355  0.679669  0.573958  0.623645  0.438663  0.528961  0.579009  0.584505  0.598205  0.557134  0.640975  0.663807  0.521205  0.641999  0.584691  0.547840  0.617754  0.646400  0.556677  0.658242  0.545516  0.559291  0.526287  0.529857  0.564555  0.550393  0.584402  0.476597  0.599491  0.601659  0.681663  0.538664  0.510920  0.534732  0.550887  0.557518  0.552478  0.549792  0.558590  0.641886  0.622058  0.640558  0.572392  0.586744  0.568515  0.529045  0.439439  0.533270  0.643860  0.506346  0.602231  0.549483  0.657554  0.629921  0.615035  0.527658  0.593125  0.626851  0.717052  0.578741  0.566465  0.610045  0.572627  0.616179  0.604278  0.517264  0.506001  0.632499  0.577610  0.653249  0.570442  0.476363  0.634205  0.677816 
15  0.571997  0.414569  0.545760  0.523372  0.636848  0.535198  0.625696  0.528988  0.590762  0.626377  0.637094  0.583744  0.390264  0.478350  0.642885 0.0  0.451903  0.454220  0.649214  0.394418  0.782720  0.475492  0.562523  0.579174  0.582341  0.562888  0.418760  0.581626  0.684820  0.641119  0.360168  0.391974  0.729180  0.547601  0.563489  0.661758  0.722105  0.562257  0.553286  0.558810  0.498499  0.733940  0.532319  0.697722  0.635528  0.594725  0.635420  0.486794  0.661724  0.734505  0.539304  0.703516  0.505258  0.660370  0.630169  0.566060  0.660480  0.586738  0.705189  0.596294  0.594079  0.423194  0.528108  0.546953  0.416347  0.447339  0.527690  0.592858  0.616172  0.726106  0.405697  0.606177  0.599999  0.748919  0.634806  0.415839  0.368552  0.738200  0.346942  0.366296  0.436238  0.445370  0.647666  0.711599  0.724613  0.648583  0.509454  0.650437  0.546620  0.619516  0.520272  0.342244  0.444603  0.454240  0.399844  0.654799  0.510737  0.571105  0.444507  0.620632  0.694931  0.519174  0.616948  0.682492  0.546122  0.590625  0.655432  0.632284  0.614935  0.710324  0.615805  0.556296  0.674653  0.490204  0.577625  0.665973  0.403614  0.524586  0.567447  0.552871  0.473185  0.620719  0.623974  0.653230  0.389704  0.687743  0.456147  0.533689  0.612322  0.606143  0.541211  0.495349  0.541975  0.566250  0.519931  0.614744  0.471201  0.658120  0.433194  0.436447  0.769615  0.440955  0.515657  0.332042  0.629442  0.598816  0.501279  0.469256  0.612294  0.409308  0.663713  0.365682  0.648166  0.365858  0.370936  0.606050  0.481821  0.330093  0.432346  0.610088  0.624994  0.432867  0.493726  0.434195  0.523711  0.593415  0.668027  0.588781  0.614363  0.562667  0.607734  0.730717  0.653946  0.328651  0.461285  0.442638  0.422492  0.533447  0.631882  0.480180  0.496738  0.542617  0.443975  0.606815  0.609675  0.413295  0.562740  0.530957  0.711025  0.606374  0.669077  0.401110  0.557023  0.513984  0.555681  0.698586  0.471865 
16  0.421074  0.678008  0.554582  0.609924  0.389202  0.624892  0.526878  0.429748  0.566179  0.371907  0.639879  0.398369  0.538947  0.396466  0.603499  0.451903 0.0  0.537525  0.741749  0.609191  0.565971  0.573796  0.566118  0.506500  0.528342  0.467519  0.500008  0.539926  0.515558  0.665427  0.627435  0.417274  0.529864  0.437319  0.621795  0.533519  0.601013  0.649259  0.381781  0.498351  0.467807  0.701285  0.618552  0.373294  0.598872  0.377412  0.442505  0.709122  0.493176  0.332852  0.489013  0.468262  0.420641  0.366664  0.534513  0.504531  0.405157  0.669400  0.679952  0.527892  0.405836  0.522275  0.437795  0.470247  0.680935  0.490495  0.433155  0.489872  0.304011  0.730459  0.479743  0.477046  0.590480  0.333001  0.534171  0.584086  0.610480  0.530073  0.521927  0.487651  0.571020  0.648529  0.682143  0.622738  0.633836  0.411399  0.413539  0.452686  0.342889  0.624860  0.506838  0.419880  0.628199  0.580818  0.532766  0.375406  0.510341  0.463400  0.611964  0.336717  0.601663  0.723706  0.526614  0.474332  0.557437  0.558380  0.242494  0.738566  0.333401  0.282947  0.452216  0.494962  0.493847  0.455142  0.582998  0.497933  0.588778  0.606322  0.521044  0.636708  0.537383  0.618833  0.600359  0.275091  0.505761  0.439596  0.587493  0.322049  0.588072  0.512327  0.545721  0.460284  0.542773  0.596606  0.502015  0.358987  0.421463  0.560018  0.399936  0.359108  0.450250  0.372324  0.574922  0.548055  0.456739  0.288079  0.379345  0.449041  0.565514  0.679785  0.458272  0.589807  0.485946  0.421608  0.577230  0.449648  0.538483  0.523219  0.562614  0.537061  0.539395  0.539933  0.561770  0.425802  0.580006  0.532598  0.553571  0.530304  0.658179  0.729604  0.667474  0.621207  0.745035  0.475702  0.591975  0.603348  0.482212  0.553419  0.547074  0.578631  0.450634  0.431094  0.386976  0.383418  0.636738  0.507865  0.506082  0.612224  0.498874  0.521581  0.577331  0.460312  0.520785  0.555259  0.563947  0.527450  0.468567 
17  0.488226  0.385288  0.571124  0.443509  0.575493  0.643113  0.419077  0.708369  0.565424  0.646009  0.669015  0.676487  0.373243  0.574326  0.688776  0.454220  0.537525 0.0  0.698958  0.431164  0.669300  0.483076  0.431214  0.570273  0.570057  0.570586  0.341732  0.515375  0.611711  0.667124  0.438842  0.305825  0.514767  0.572832  0.606286  0.565130  0.615264  0.786436  0.433936  0.552019  0.543874  0.625446  0.629321  0.616519  0.595013  0.590610  0.531108  0.566525  0.630404  0.463136  0.523377  0.556688  0.522166  0.617688  0.524755  0.618407  0.624617  0.623315  0.694237  0.571014  0.683089  0.437521  0.532017  0.354864  0.450048  0.321545  0.503554  0.492006  0.604721  0.740181  0.387354  0.653205  0.587885  0.604244  0.557478  0.349636  0.578186  0.628430  0.402381  0.391537  0.481904  0.296771  0.653190  0.643740  0.644509  0.586406  0.432366  0.531782  0.467061  0.598708  0.492341  0.419256  0.466315  0.379868  0.385384  0.549384  0.381469  0.537468  0.408989  0.491317  0.672962  0.571720  0.500375  0.578909  0.613269  0.442899  0.541148  0.630087  0.575036  0.639343  0.661365  0.589002  0.643915  0.473021  0.668512  0.722763  0.407299  0.601432  0.519863  0.535570  0.589583  0.640340  0.537944  0.410016  0.380312  0.669909  0.289220  0.671030  0.540747  0.622197  0.535570  0.603686  0.548516  0.499035  0.545715  0.641757  0.491184  0.656588  0.430007  0.303691  0.560604  0.497761  0.634825  0.409996  0.543649  0.491643  0.407856  0.361013  0.637298  0.504813  0.570103  0.426738  0.671478  0.229854  0.511238  0.474931  0.357522  0.355585  0.380231  0.558037  0.611029  0.355719  0.342059  0.312989  0.577026  0.614684  0.585294  0.646979  0.680436  0.532520  0.602732  0.778884  0.559814  0.299975  0.394191  0.340892  0.363452  0.445607  0.693214  0.399763  0.495764  0.527667  0.286142  0.621625  0.820012  0.355964  0.661917  0.727620  0.623389  0.624860  0.570251  0.411805  0.543675  0.462141  0.612917  0.705417  0.402407 
18  0.602197  0.595838  0.610114  0.562268  0.616000  0.598278  0.572086  0.485040  0.476179  0.650073  0.760366  0.631714  0.717938  0.606980  0.562684  0.649214  0.741749  0.698958 0.0  0.550105  0.597637  0.575572  0.541498  0.703572  0.704289  0.732352  0.702195  0.519449  0.726637  0.552888  0.757286  0.801507  0.587919  0.476658  0.633818  0.529084  0.529805  0.653038  0.602115  0.545887  0.573283  0.545222  0.604891  0.718685  0.699179  0.735297  0.602706  0.612455  0.515481  0.658030  0.651273  0.610333  0.784600  0.641927  0.650919  0.708150  0.588350  0.775044  0.621810  0.702162  0.623957  0.557307  0.540751  0.843032  0.730899  0.583605  0.569712  0.456294  0.594037  0.595177  0.691738  0.680917  0.592112  0.667361  0.635310  0.662094  0.729697  0.778478  0.656228  0.661174  0.710570  0.746172  0.640708  0.647966  0.612330  0.671689  0.506386  0.500207  0.662348  0.588093  0.567797  0.756886  0.720407  0.738405  0.542783  0.573091  0.618840  0.576353  0.667957  0.534474  0.634583  0.451575  0.590907  0.636430  0.612716  0.564630  0.588978  0.479534  0.613022  0.609578  0.549888  0.646051  0.763712  0.555612  0.557480  0.618431  0.572356  0.609194  0.542986  0.558447  0.608779  0.657230  0.592932  0.627843  0.693758  0.661031  0.614131  0.591570  0.586288  0.643196  0.591690  0.520006  0.641306  0.648984  0.541618  0.622989  0.548036  0.589431  0.618222  0.658729  0.612467  0.624003  0.830035  0.564195  0.663066  0.578212  0.817936  0.830495  0.485558  0.452811  0.528938  0.705915  0.614580  0.730353  0.580925  0.632714  0.662576  0.585202  0.752667  0.546222  0.626427  0.534313  0.649874  0.720378  0.644707  0.537827  0.532368  0.672384  0.645640  0.659518  0.589324  0.787947  0.601738  0.602365  0.657121  0.611720  0.591224  0.546808  0.577021  0.746133  0.522747  0.740779  0.577023  0.628821  0.494783  0.668612  0.557347  0.695553  0.458302  0.497228  0.515797  0.690361  0.566092  0.635484  0.689892  0.560061  0.780652 
19  0.504547  0.333633  0.579174  0.416108  0.638680  0.634841  0.582865  0.593402  0.603605  0.512689  0.670635  0.641025  0.331173  0.459875  0.587708  0.394418  0.609191  0.431164  0.550105 0.0  0.612594  0.529390  0.541540  0.539307  0.667873  0.588781  0.359947  0.570714  0.616827  0.620049  0.452780  0.330535  0.545018  0.454168  0.436991  0.630468  0.573462  0.541294  0.507405  0.638453  0.596135  0.860829  0.525967  0.636224  0.569777  0.605736  0.438041  0.501059  0.669946  0.518131  0.554136  0.507855  0.423555  0.453580  0.548749  0.586981  0.617976  0.660132  0.610004  0.539652  0.646193  0.480100  0.558065  0.345635  0.377062  0.451097  0.518993  0.484303  0.542134  0.830175  0.339479  0.654953  0.491763  0.500914  0.412587  0.349867  0.436716  0.553821  0.328435  0.408939  0.486241  0.480766  0.609082  0.776292  0.626907  0.473162  0.545771  0.624654  0.478795  0.515339  0.579168  0.335458  0.415258  0.428063  0.335581  0.566067  0.368282  0.548797  0.416381  0.577795  0.526852  0.617886  0.572886  0.701796  0.578397  0.492843  0.518773  0.594068  0.605664  0.657809  0.478012  0.598466  0.723317  0.492150  0.544255  0.546456  0.429487  0.569565  0.574944  0.508097  0.458793  0.670800  0.583396  0.561152  0.377757  0.606296  0.407718  0.604046  0.603920  0.530289  0.600720  0.463783  0.526557  0.481073  0.504571  0.543440  0.494011  0.717825  0.386321  0.332552  0.690750  0.497020  0.542216  0.469460  0.544464  0.634809  0.409086  0.448415  0.606092  0.359169  0.581172  0.434108  0.588732  0.385175  0.367788  0.565729  0.437799  0.375628  0.452615  0.637559  0.562170  0.360974  0.455547  0.422896  0.505634  0.614674  0.446038  0.704263  0.612917  0.594651  0.585375  0.733233  0.615660  0.376878  0.411915  0.410300  0.371774  0.522900  0.622599  0.398728  0.416617  0.527003  0.348946  0.668242  0.584938  0.465807  0.546336  0.601682  0.553863  0.508055  0.529635  0.362559  0.580540  0.404183  0.501662  0.619406  0.529899 
