197
0 0.0  0.436923  0.587651  0.469987  0.477767  0.577859  0.508866  0.440559  0.765924  0.581733  0.630243  0.703559  0.600220  0.515197  0.571657  0.805890  0.371230  0.449482  0.527484  0.507412  0.588179  0.519200  0.680324  0.607960  0.504987  0.570788  0.492016  0.586358  0.548740  0.730772  0.566402  0.460018  0.574428  0.535427  0.382833  0.528302  0.471445  0.616598  0.408257  0.699912  0.571999  0.577719  0.697700  0.676938  0.606071  0.577541  0.473505  0.689116  0.513389  0.556399  0.472229  0.558146  0.462445  0.464385  0.473276  0.613277  0.588806  0.725339  0.607707  0.605137  0.636043  0.502611  0.485483  0.562186  0.497602  0.480260  0.603457  0.478232  0.394911  0.730809  0.603923  0.518661  0.275080  0.485681  0.714554  0.469244  0.528547  0.504009  0.568364  0.549810  0.671278  0.487803  0.710139  0.715696  0.679552  0.638455  0.577644  0.726412  0.672540  0.610969  0.712453  0.578070  0.555902  0.622573  0.641654  0.613830  0.414167  0.564374  0.637244  0.557461  0.883925  0.659762  0.667803  0.630690  0.580504  0.522070  0.461465  0.647418  0.517727  0.520435  0.618356  0.590527  0.625126  0.481128  0.780564  0.535705  0.381699  0.571125  0.634827  0.490127  0.551047  0.657141  0.582559  0.584954  0.567634  0.468604  0.600764  0.668434  0.526426  0.609317  0.467819  0.652125  0.668243  0.456990  0.553048  0.600421  0.578972  0.560003  0.279831  0.354617  0.543175  0.239236  0.689563  0.484450  0.657375  0.608076  0.339427  0.470770  0.504738  0.585170  0.531846  0.532165  0.529067  0.508886  0.542040  0.681239  0.609324  0.563402  0.607441  0.792400  0.631979  0.532876  0.626129  0.392235  0.550693  0.485193  0.354157  0.522585  0.545751  0.672395  0.689840  0.712121  0.600880  0.600829  0.574004  0.598516  0.393292  0.599131  0.527370  0.517518  0.270149  0.553939  0.460511  0.533241  0.515414  0.475308  0.669086  0.658279  0.542135  0.360325  0.528562  0.575864  0.602486  0.609152  0.693533  0.712515  0.451759 
1  0.436923 0.0  0.594480  0.444236  0.687420  0.554764  0.559810  0.588544  0.623517  0.603025  0.634303  0.602909  0.314842  0.540681  0.545500  0.361718  0.566817  0.509973  0.645193  0.344338  0.609978  0.606569  0.465160  0.621515  0.661581  0.546423  0.372987  0.578758  0.700203  0.610202  0.449683  0.453833  0.460501  0.476985  0.479875  0.507638  0.502007  0.515218  0.429216  0.557359  0.641890  0.673335  0.683924  0.654319  0.545942  0.560021  0.421579  0.543001  0.647441  0.689658  0.577719  0.560469  0.528311  0.602265  0.564522  0.615095  0.651342  0.653266  0.619774  0.617191  0.671228  0.527172  0.486740  0.372997  0.292417  0.479017  0.545132  0.601224  0.647447  0.789508  0.386089  0.618686  0.494631  0.643590  0.625320  0.404782  0.531725  0.587142  0.349057  0.381179  0.501116  0.448762  0.629081  0.710679  0.580243  0.616215  0.537904  0.627465  0.625914  0.627911  0.593017  0.313727  0.368248  0.508033  0.333914  0.628283  0.377625  0.507174  0.459810  0.594754  0.603396  0.563580  0.698939  0.633598  0.554311  0.569081  0.573808  0.688941  0.550077  0.681916  0.565779  0.624497  0.750808  0.499102  0.473373  0.611709  0.422821  0.560947  0.523960  0.498517  0.531132  0.679346  0.622341  0.633151  0.436141  0.601351  0.501281  0.685210  0.510907  0.610916  0.544698  0.508688  0.668036  0.439361  0.646462  0.499069  0.468562  0.579636  0.448308  0.503019  0.616384  0.550712  0.619547  0.435651  0.606654  0.531065  0.404255  0.526449  0.614314  0.450335  0.584642  0.378183  0.620845  0.362405  0.414616  0.480612  0.424324  0.368935  0.497389  0.519282  0.657630  0.383429  0.570569  0.267012  0.539059  0.588621  0.602102  0.668723  0.722547  0.656626  0.718391  0.701080  0.678237  0.407311  0.406836  0.307999  0.413282  0.544975  0.508762  0.409787  0.546482  0.610024  0.412922  0.574065  0.566849  0.288117  0.505521  0.676059  0.705707  0.580174  0.656654  0.497255  0.578061  0.389304  0.567070  0.828173  0.550001 
2  0.587651  0.594480 0.0  0.624836  0.586647  0.459257  0.674628  0.458428  0.660575  0.573710  0.600703  0.533401  0.671094  0.404807  0.585407  0.646072  0.463825  0.644746  0.659762  0.576778  0.533126  0.610417  0.548050  0.620508  0.605864  0.577648  0.711169  0.524756  0.562289  0.652818  0.560253  0.424033  0.460551  0.508101  0.539214  0.564401  0.595007  0.462173  0.564033  0.483567  0.619763  0.649032  0.627024  0.574500  0.597283  0.520293  0.726477  0.542470  0.551786  0.500414  0.644933  0.554081  0.531652  0.508868  0.670758  0.612078  0.503519  0.691306  0.660338  0.620029  0.554857  0.564910  0.495395  0.589815  0.656640  0.541527  0.466324  0.382607  0.524233  0.692349  0.652668  0.653420  0.609529  0.547355  0.513926  0.686513  0.795160  0.531151  0.720934  0.577308  0.718390  0.592347  0.585093  0.675414  0.578677  0.546275  0.506320  0.576620  0.553720  0.601866  0.591720  0.639720  0.607111  0.633854  0.545157  0.454714  0.554939  0.609924  0.728492  0.587041  0.585519  0.641887  0.624670  0.627591  0.426031  0.532752  0.511823  0.530982  0.639869  0.630399  0.581288  0.414381  0.564156  0.522297  0.549835  0.529435  0.647940  0.606363  0.495471  0.641368  0.532007  0.540903  0.561888  0.468426  0.562655  0.518330  0.536367  0.548645  0.578933  0.663431  0.559997  0.490743  0.446307  0.494368  0.482002  0.484072  0.446960  0.508028  0.721179  0.600927  0.588731  0.655555  0.538391  0.558196  0.623490  0.556828  0.687422  0.591922  0.512281  0.565687  0.494799  0.599512  0.630600  0.710787  0.631335  0.479543  0.657879  0.409750  0.663614  0.494924  0.608274  0.562830  0.643180  0.503623  0.792552  0.438989  0.482877  0.570927  0.496993  0.624214  0.636566  0.494815  0.560686  0.552411  0.629516  0.622623  0.568384  0.574325  0.510851  0.776548  0.533825  0.482205  0.639972  0.544824  0.536423  0.661146  0.479355  0.537911  0.549092  0.602226  0.659479  0.627339  0.541807  0.543165  0.567188  0.729362  0.585099 
3  0.469987  0.444236  0.624836 0.0  0.650669  0.553034  0.508477  0.670737  0.709369  0.928497  0.696848  0.531734  0.494551  0.585281  0.646422  0.531255  0.660453  0.445571  0.701023  0.452385  0.627102  0.647434  0.708961  0.790399  0.630546  0.622541  0.520569  0.472033  0.702625  0.694312  0.381576  0.377029  0.517504  0.666031  0.635796  0.609423  0.646120  0.586564  0.688142  0.575121  0.517172  0.704372  0.703796  0.716373  0.694339  0.681882  0.540869  0.509918  0.519578  0.636040  0.630342  0.724672  0.736423  0.620507  0.638181  0.715813  0.728390  0.790992  0.563729  0.567120  0.552398  0.438096  0.542521  0.500229  0.316235  0.399988  0.735668  0.623259  0.655408  0.745761  0.584282  0.843120  0.723960  0.601180  0.855983  0.515481  0.454187  0.700043  0.617372  0.589049  0.554724  0.394389  0.646736  0.607861  0.548493  0.682949  0.491882  0.657394  0.650155  0.637231  0.833103  0.456931  0.402092  0.449750  0.390321  0.727002  0.379984  0.739146  0.382382  0.687053  0.746379  0.721238  0.469281  0.557222  0.577332  0.635816  0.573868  0.682318  0.651620  0.738993  0.607480  0.630487  0.677985  0.565919  0.631012  0.556937  0.299124  0.556600  0.562769  0.531717  0.628712  0.624340  0.690307  0.617118  0.589058  0.668734  0.474962  0.656941  0.505551  0.412716  0.566696  0.475141  0.720065  0.603957  0.621724  0.622717  0.584811  0.774572  0.392959  0.403920  0.797564  0.510677  0.760076  0.371010  0.686996  0.620915  0.410773  0.403861  0.573579  0.347072  0.693878  0.583596  0.672653  0.426391  0.549186  0.567862  0.414453  0.491332  0.411201  0.595715  0.627868  0.470064  0.501497  0.537380  0.585632  0.398540  0.534915  0.715376  0.540313  0.608911  0.740001  0.758439  0.545004  0.401070  0.380505  0.607697  0.446093  0.584406  0.708892  0.426983  0.733052  0.671297  0.335136  0.684255  0.486083  0.379914  0.567400  0.770442  0.586805  0.626095  0.599920  0.512456  0.580028  0.414246  0.886832  0.787885  0.565253 
4  0.477767  0.687420  0.586647  0.650669 0.0  0.581852  0.674743  0.491418  0.611216  0.453177  0.487594  0.481107  0.514016  0.529704  0.653473  0.665072  0.471920  0.634479  0.640875  0.649771  0.490274  0.636811  0.637936  0.668188  0.456710  0.649206  0.606366  0.497628  0.337124  0.670093  0.666240  0.652576  0.525093  0.577516  0.559454  0.608354  0.650281  0.636907  0.557576  0.596929  0.568320  0.524333  0.616326  0.417839  0.632232  0.375751  0.605873  0.645416  0.666198  0.589699  0.562420  0.573256  0.697085  0.493898  0.680850  0.614385  0.520032  0.611227  0.571651  0.498264  0.558586  0.572603  0.547497  0.715623  0.543411  0.683789  0.488257  0.687510  0.497251  0.835881  0.620660  0.534122  0.541630  0.439377  0.576599  0.781596  0.581232  0.483791  0.643755  0.599680  0.661233  0.723967  0.579258  0.699834  0.591045  0.685499  0.488207  0.615412  0.656128  0.550285  0.651566  0.605061  0.612012  0.678646  0.732373  0.596830  0.696457  0.632077  0.766318  0.548710  0.831560  0.587521  0.505043  0.537504  0.658932  0.662166  0.350890  0.534575  0.550109  0.555308  0.484998  0.583798  0.578482  0.579804  0.691331  0.443940  0.577804  0.578648  0.542504  0.707374  0.682698  0.558274  0.725133  0.576265  0.735411  0.472229  0.611413  0.411493  0.593356  0.561607  0.678841  0.539469  0.630824  0.383552  0.568462  0.444552  0.497981  0.587810  0.573135  0.722766  0.618281  0.488796  0.567491  0.692111  0.558421  0.597924  0.609467  0.636383  0.630428  0.668189  0.745758  0.615748  0.524906  0.574585  0.751097  0.633191  0.673780  0.698772  0.666034  0.607290  0.629544  0.576055  0.669500  0.729399  0.664749  0.539734  0.496379  0.465705  0.618450  0.716297  0.676555  0.485407  0.615180  0.709320  0.681019  0.705369  0.583736  0.680120  0.643311  0.653745  0.510304  0.517082  0.669711  0.469773  0.557609  0.686571  0.683194  0.651091  0.408973  0.494546  0.556463  0.673715  0.541734  0.780744  0.766380  0.601712  0.645120 
5  0.577859  0.554764  0.459257  0.553034  0.581852 0.0  0.726142  0.535167  0.583574  0.578700  0.611840  0.624786  0.667103  0.640046  0.564696  0.693992  0.603346  0.675706  0.643467  0.587980  0.623024  0.574683  0.602617  0.631345  0.649002  0.399989  0.728920  0.454804  0.501752  0.530035  0.490457  0.605572  0.505116  0.548289  0.581551  0.526638  0.600348  0.568523  0.489823  0.420380  0.553079  0.649471  0.638476  0.573979  0.456934  0.464991  0.514127  0.593095  0.482581  0.540252  0.641739  0.514733  0.690520  0.671332  0.642215  0.519783  0.665812  0.537747  0.582581  0.468704  0.556205  0.658896  0.633758  0.538160  0.627784  0.650617  0.556146  0.730080  0.537385  0.579306  0.661302  0.481353  0.612440  0.492799  0.719944  0.605212  0.587769  0.662629  0.588017  0.687081  0.536837  0.533159  0.756743  0.517481  0.537394  0.733865  0.422757  0.593864  0.616342  0.641013  0.624480  0.524319  0.474815  0.627795  0.559718  0.574482  0.702797  0.563718  0.598202  0.604659  0.654251  0.652738  0.537153  0.670050  0.618421  0.505362  0.635781  0.574899  0.540261  0.599493  0.580401  0.516368  0.596199  0.714890  0.491493  0.577441  0.539125  0.531804  0.585414  0.414177  0.586336  0.541550  0.649966  0.551626  0.685778  0.505357  0.528314  0.542724  0.546019  0.541915  0.603441  0.553400  0.689632  0.685644  0.646214  0.537132  0.662015  0.494325  0.555377  0.552203  0.548638  0.497923  0.638916  0.565392  0.716076  0.699616  0.598046  0.607800  0.551025  0.573373  0.586360  0.659263  0.585949  0.667767  0.590236  0.628405  0.604439  0.566472  0.581423  0.628624  0.535131  0.581049  0.608929  0.661344  0.597930  0.564372  0.549281  0.545768  0.427289  0.549866  0.541339  0.572217  0.651537  0.573175  0.556878  0.681595  0.447980  0.680672  0.562840  0.626177  0.534464  0.545648  0.710116  0.521540  0.550618  0.638144  0.572171  0.609050  0.584801  0.540443  0.632000  0.589458  0.464269  0.501113  0.681942  0.554305  0.692451 
6  0.508866  0.559810  0.674628  0.508477  0.674743  0.726142 0.0  0.523534  0.599795  0.636100  0.706570  0.610937  0.590985  0.608411  0.520241  0.636176  0.482860  0.537710  0.508586  0.629212  0.575233  0.670296  0.570390  0.690460  0.618967  0.586298  0.424645  0.583581  0.660640  0.541808  0.592714  0.546894  0.537306  0.536010  0.585375  0.662831  0.558173  0.574855  0.521717  0.540502  0.563646  0.675585  0.540703  0.686950  0.545597  0.572210  0.523399  0.529659  0.573267  0.546923  0.701099  0.544786  0.633008  0.602620  0.577569  0.555640  0.676699  0.642220  0.624303  0.469918  0.592876  0.557539  0.562940  0.626003  0.518508  0.512697  0.560538  0.588373  0.486804  0.671901  0.566587  0.604567  0.537130  0.669539  0.705698  0.611539  0.556471  0.540812  0.463433  0.535393  0.479297  0.587147  0.519886  0.561250  0.641687  0.632845  0.545327  0.513982  0.549339  0.577769  0.672138  0.496052  0.549868  0.637384  0.577011  0.581289  0.563612  0.740230  0.586125  0.595488  0.624453  0.562811  0.568667  0.564990  0.461507  0.609162  0.607696  0.551519  0.641602  0.694861  0.615231  0.586479  0.370726  0.604467  0.560444  0.654027  0.576692  0.588997  0.598383  0.620977  0.513554  0.530906  0.656386  0.524483  0.508474  0.489835  0.504563  0.514040  0.617259  0.568489  0.668578  0.703004  0.586213  0.629750  0.607618  0.551767  0.580970  0.603386  0.480915  0.516588  0.640573  0.646950  0.592672  0.629139  0.557472  0.640586  0.524652  0.654291  0.617134  0.664049  0.527768  0.643383  0.603038  0.473511  0.615620  0.541776  0.654674  0.638695  0.561215  0.598989  0.617931  0.505707  0.376920  0.588913  0.599586  0.581531  0.609032  0.650331  0.631676  0.633357  0.541236  0.576208  0.578415  0.520613  0.632236  0.580796  0.658236  0.564954  0.539916  0.540898  0.528770  0.561896  0.654324  0.588235  0.553061  0.506439  0.540900  0.609562  0.611441  0.533250  0.634095  0.739345  0.594377  0.579523  0.642978  0.638699  0.527566 
7  0.440559  0.588544  0.458428  0.670737  0.491418  0.535167  0.523534 0.0  0.545276  0.434092  0.442599  0.554873  0.586508  0.499416  0.579397  0.690361  0.378324  0.619974  0.519481  0.536602  0.434927  0.417165  0.559368  0.467395  0.579113  0.691624  0.563638  0.687668  0.391088  0.565878  0.638548  0.663312  0.386045  0.474120  0.585858  0.455172  0.511739  0.515301  0.581491  0.547872  0.548416  0.435752  0.646774  0.460318  0.499490  0.404725  0.443278  0.595259  0.362079  0.410105  0.552047  0.471943  0.550835  0.427239  0.600724  0.366312  0.550857  0.547974  0.517670  0.552596  0.506698  0.626329  0.669626  0.687089  0.595550  0.558004  0.407480  0.585968  0.496662  0.837137  0.481246  0.410711  0.686485  0.433862  0.647992  0.661664  0.527903  0.460940  0.651615  0.649750  0.585560  0.655831  0.584288  0.676766  0.719724  0.614801  0.447549  0.434395  0.544138  0.422664  0.481223  0.596516  0.661535  0.723325  0.660776  0.638315  0.644594  0.330886  0.674170  0.466385  0.483312  0.620754  0.594548  0.625646  0.474260  0.590355  0.418736  0.601017  0.423830  0.500003  0.628079  0.522526  0.526746  0.517289  0.624166  0.480207  0.605917  0.707757  0.582330  0.453141  0.512861  0.326591  0.586348  0.580196  0.769439  0.417851  0.578585  0.514071  0.598994  0.482311  0.577234  0.567953  0.527684  0.584427  0.542193  0.463790  0.489208  0.736904  0.485412  0.533844  0.393845  0.549082  0.630090  0.648875  0.444239  0.495201  0.643134  0.684639  0.531008  0.668030  0.440399  0.578005  0.668600  0.659117  0.588326  0.517114  0.671203  0.568455  0.573621  0.512134  0.546634  0.621319  0.707452  0.525083  0.641512  0.598492  0.422946  0.668632  0.548582  0.644927  0.659561  0.558104  0.683515  0.576634  0.643679  0.631868  0.574051  0.427400  0.600736  0.704732  0.342064  0.514843  0.646805  0.482889  0.507842  0.578610  0.346055  0.584545  0.485436  0.499653  0.559241  0.694916  0.625268  0.568780  0.496540  0.608546  0.617461 
8  0.765924  0.623517  0.660575  0.709369  0.611216  0.583574  0.599795  0.545276 0.0  0.668716  0.615854  0.580472  0.625207  0.526273  0.491448  0.451833  0.665578  0.678255  0.419176  0.703773  0.506028  0.468802  0.516162  0.521147  0.628517  0.665365  0.523138  0.507535  0.674881  0.530394  0.586991  0.619307  0.667259  0.645507  0.704821  0.553036  0.624975  0.506994  0.666732  0.611908  0.592429  0.674783  0.506864  0.606223  0.599161  0.671888  0.624844  0.573986  0.589427  0.720335  0.645659  0.503998  0.596977  0.569879  0.684391  0.705679  0.741972  0.584846  0.649241  0.732312  0.652559  0.646129  0.576899  0.544456  0.612816  0.601116  0.469332  0.522436  0.680795  0.693524  0.645159  0.511279  0.732640  0.755096  0.534308  0.646142  0.650591  0.633210  0.536476  0.615019  0.710256  0.552389  0.489948  0.642497  0.657514  0.538856  0.548533  0.490268  0.607388  0.457625  0.524741  0.626635  0.594039  0.666639  0.532947  0.599603  0.599176  0.663241  0.550200  0.493360  0.467210  0.633890  0.677476  0.667823  0.570016  0.520278  0.777379  0.516423  0.712277  0.644880  0.745666  0.554616  0.526765  0.623829  0.542301  0.649176  0.603660  0.587218  0.589268  0.607583  0.473969  0.606319  0.560143  0.651688  0.701527  0.706845  0.662091  0.687060  0.597954  0.631378  0.524985  0.497009  0.552511  0.636167  0.484199  0.604046  0.565703  0.627961  0.645064  0.674004  0.521563  0.710469  0.603433  0.578102  0.648959  0.629221  0.593765  0.737550  0.471411  0.638954  0.437292  0.561893  0.651674  0.539299  0.647904  0.563478  0.689764  0.426053  0.602206  0.587828  0.448358  0.573504  0.562944  0.556163  0.456598  0.703688  0.622372  0.807507  0.520194  0.452514  0.461521  0.809471  0.617095  0.677516  0.581589  0.435357  0.708834  0.661652  0.751175  0.616010  0.689085  0.669535  0.602442  0.572781  0.469782  0.595951  0.439434  0.584409  0.636245  0.644654  0.731227  0.653308  0.654445  0.623872  0.467390  0.383542  0.592315 
9  0.581733  0.603025  0.573710  0.928497  0.453177  0.578700  0.636100  0.434092  0.668716 0.0  0.681150  0.483510  0.578403  0.511894  0.608956  0.674722  0.413216  0.564526  0.796680  0.559064  0.654355  0.640471  0.534034  0.629451  0.683592  0.519139  0.640175  0.520087  0.549683  0.552895  0.594861  0.497795  0.708057  0.501856  0.533444  0.615651  0.699759  0.629661  0.558302  0.576509  0.520033  0.667893  0.579570  0.401761  0.579157  0.469601  0.529883  0.666639  0.641958  0.514616  0.485491  0.608604  0.478838  0.471192  0.688535  0.546555  0.450179  0.534153  0.686716  0.689980  0.406911  0.593229  0.611476  0.579025  0.632556  0.738728  0.580225  0.590608  0.451476  0.786086  0.560768  0.631830  0.604146  0.533062  0.568297  0.595653  0.717337  0.788477  0.587020  0.697184  0.612477  0.612633  0.637305  0.750171  0.700508  0.671456  0.484313  0.607979  0.629248  0.627683  0.551923  0.529200  0.699627  0.665276  0.564334  0.492326  0.628693  0.531635  0.628369  0.597268  0.593980  0.654781  0.737011  0.508561  0.549646  0.631277  0.454330  0.673070  0.313587  0.437623  0.418916  0.553370  0.729640  0.426153  0.673678  0.500837  0.606412  0.776678  0.594167  0.651503  0.532162  0.564513  0.597125  0.440868  0.557344  0.585949  0.638343  0.329063  0.568870  0.775686  0.712386  0.613021  0.585591  0.659017  0.505224  0.298329  0.575770  0.523333  0.651747  0.642494  0.617992  0.642697  0.667048  0.641553  0.535289  0.427631  0.603738  0.665567  0.668456  0.636454  0.633628  0.639743  0.554740  0.517369  0.664270  0.574332  0.566198  0.643976  0.748155  0.506946  0.624680  0.608630  0.804712  0.570932  0.714046  0.521315  0.619351  0.597408  0.589924  0.669418  0.697371  0.772257  0.670058  0.576018  0.541436  0.634468  0.531539  0.586444  0.374904  0.789922  0.575370  0.674535  0.592597  0.400538  0.597712  0.714864  0.393704  0.493728  0.538157  0.572634  0.689673  0.689335  0.628363  0.540142  0.729262  0.580123  0.688147 
10  0.630243  0.634303  0.600703  0.696848  0.487594  0.611840  0.706570  0.442599  0.615854  0.681150 0.0  0.644592  0.536442  0.630166  0.645489  0.767558  0.576787  0.735338  0.696999  0.525495  0.555225  0.523930  0.588633  0.641919  0.476102  0.690952  0.800813  0.464688  0.584831  0.509182  0.570883  0.646661  0.375673  0.706610  0.645299  0.697708  0.468611  0.514335  0.841572  0.607847  0.610295  0.616474  0.532363  0.725641  0.485360  0.607706  0.719518  0.633512  0.559606  0.708119  0.519378  0.608432  0.594100  0.468110  0.539763  0.658554  0.767554  0.709436  0.315140  0.539835  0.622997  0.684286  0.533984  0.672084  0.556136  0.774291  0.624189  0.567679  0.648773  0.728944  0.667624  0.685356  0.667845  0.740340  0.647962  0.781561  0.515627  0.372400  0.716735  0.788465  0.662157  0.632012  0.499759  0.537085  0.483717  0.668137  0.603656  0.787577  0.613745  0.785892  0.701633  0.582761  0.552466  0.609828  0.718665  0.712980  0.707034  0.694274  0.685946  0.767140  0.619797  0.308774  0.409954  0.541133  0.519888  0.505891  0.754421  0.466417  0.771616  0.648410  0.600964  0.683176  0.728053  0.621591  0.530422  0.590430  0.590570  0.475195  0.675480  0.649143  0.440489  0.489382  0.649635  0.670554  0.621465  0.531606  0.623178  0.719720  0.588282  0.594452  0.750968  0.595387  0.610168  0.567516  0.725115  0.675756  0.688090  0.595114  0.520644  0.643635  0.689492  0.652636  0.687723  0.546072  0.746667  0.809331  0.696446  0.782158  0.683818  0.493583  0.668651  0.655024  0.639064  0.671514  0.637527  0.637460  0.622834  0.677052  0.649063  0.681751  0.647515  0.614169  0.652017  0.739339  0.575887  0.554353  0.501344  0.610088  0.430634  0.461486  0.797668  0.552970  0.416578  0.665420  0.568854  0.602064  0.556734  0.638846  0.737034  0.615949  0.719999  0.451998  0.577598  0.600652  0.309740  0.566181  0.552979  0.692576  0.482007  0.565093  0.460105  0.575692  0.486751  0.647713  0.665599  0.749254  0.735575 
11  0.703559  0.602909  0.533401  0.531734  0.481107  0.624786  0.610937  0.554873  0.580472  0.483510  0.644592 0.0  0.652953  0.456879  0.606004  0.541944  0.462491  0.637932  0.632659  0.652674  0.564095  0.569217  0.502290  0.489672  0.581099  0.550488  0.523201  0.551430  0.561616  0.609407  0.671949  0.503479  0.604306  0.496060  0.682668  0.596027  0.573071  0.696457  0.484921  0.637865  0.527480  0.756129  0.789721  0.460902  0.591854  0.423817  0.558860  0.546289  0.640672  0.525918  0.528054  0.671300  0.596689  0.425905  0.688679  0.580371  0.499140  0.711584  0.682181  0.564280  0.509080  0.630337  0.482252  0.522706  0.646841  0.457388  0.579420  0.440042  0.558138  0.710676  0.587598  0.665122  0.529891  0.360813  0.679543  0.624254  0.601160  0.699123  0.643588  0.596626  0.776928  0.576438  0.604565  0.814361  0.547858  0.608344  0.572781  0.485429  0.559323  0.544797  0.529721  0.458085  0.497662  0.647206  0.593650  0.605996  0.541834  0.614679  0.602797  0.538167  0.618845  0.701321  0.671042  0.562668  0.519816  0.556265  0.404844  0.601497  0.446048  0.379394  0.463925  0.602550  0.629353  0.551673  0.711591  0.426735  0.646600  0.660604  0.607341  0.584848  0.514014  0.665022  0.475602  0.453353  0.629110  0.703395  0.638004  0.487082  0.612040  0.520485  0.563749  0.550065  0.457523  0.624184  0.435610  0.392501  0.343545  0.627537  0.639706  0.537070  0.543036  0.537513  0.688552  0.697354  0.466380  0.440180  0.581050  0.696486  0.393904  0.544044  0.530065  0.614634  0.441282  0.584253  0.608609  0.554644  0.695313  0.498962  0.631857  0.576073  0.631722  0.541839  0.660618  0.561255  0.643673  0.446773  0.592516  0.583642  0.634149  0.583423  0.584455  0.537558  0.609774  0.604637  0.492896  0.559646  0.538792  0.508142  0.449580  0.523345  0.443491  0.579826  0.510315  0.511673  0.626626  0.654796  0.406428  0.544532  0.496285  0.561458  0.657599  0.587931  0.540842  0.621252  0.503198  0.593661  0.582769 
12  0.600220  0.314842  0.671094  0.494551  0.514016  0.667103  0.590985  0.586508  0.625207  0.578403  0.536442  0.652953 0.0  0.506718  0.706554  0.323909  0.442977  0.356566  0.724455  0.308586  0.672367  0.615438  0.388582  0.608637  0.541998  0.542420  0.414775  0.647645  0.631322  0.498110  0.433557  0.420132  0.575183  0.515278  0.578163  0.637923  0.740798  0.526060  0.416745  0.618526  0.541267  0.636721  0.595157  0.655573  0.540530  0.604203  0.560807  0.431565  0.511346  0.662497  0.515581  0.569347  0.460074  0.538687  0.552977  0.600841  0.560766  0.557290  0.648275  0.648565  0.721741  0.372658  0.514678  0.442607  0.370553  0.457926  0.544187  0.564292  0.681681  0.731294  0.436815  0.519542  0.531850  0.534630  0.606485  0.384267  0.441720  0.561776  0.377469  0.310039  0.443109  0.349357  0.514012  0.686376  0.599969  0.542968  0.437241  0.671601  0.540977  0.608419  0.394794  0.370221  0.346186  0.427252  0.325044  0.477879  0.377201  0.676695  0.426380  0.468133  0.622797  0.497968  0.482914  0.582390  0.637264  0.542860  0.454989  0.591476  0.509329  0.581679  0.649795  0.535173  0.632420  0.427173  0.606283  0.727899  0.392688  0.562124  0.604326  0.598003  0.547632  0.737433  0.489872  0.637541  0.412689  0.577296  0.493524  0.546112  0.607406  0.471379  0.539647  0.491385  0.463436  0.608985  0.437009  0.620655  0.470857  0.670349  0.385857  0.445767  0.666945  0.379850  0.476341  0.424357  0.569539  0.577815  0.487354  0.349712  0.489944  0.432414  0.646793  0.363761  0.582693  0.341423  0.505618  0.624647  0.402157  0.339637  0.474072  0.501701  0.562155  0.338087  0.424220  0.431037  0.611385  0.581704  0.469007  0.605830  0.669615  0.540086  0.514039  0.541257  0.526959  0.377937  0.557165  0.314599  0.357662  0.553591  0.660451  0.507143  0.546902  0.469353  0.280208  0.601947  0.591729  0.340757  0.562765  0.625979  0.688281  0.614089  0.550909  0.420701  0.635905  0.411799  0.571597  0.720068  0.435406 
13  0.515197  0.540681  0.404807  0.585281  0.529704  0.640046  0.608411  0.499416  0.526273  0.511894  0.630166  0.456879  0.506718 0.0  0.649766  0.426886  0.480130  0.517560  0.602091  0.529988  0.524157  0.549006  0.652642  0.518803  0.610218  0.469060  0.416655  0.581682  0.630101  0.511956  0.481785  0.488848  0.546376  0.507365  0.534144  0.468990  0.626148  0.558783  0.441028  0.493499  0.601731  0.610149  0.582620  0.434758  0.657744  0.541987  0.467529  0.574378  0.406557  0.388215  0.488452  0.569926  0.498046  0.385884  0.507424  0.624794  0.499480  0.608440  0.663783  0.614718  0.572425  0.589395  0.455033  0.577424  0.525311  0.517459  0.439834  0.520246  0.543509  0.730862  0.478826  0.463075  0.571305  0.392908  0.602697  0.513584  0.610794  0.607730  0.486412  0.390643  0.573736  0.640668  0.542297  0.624787  0.571228  0.334495  0.544346  0.576676  0.443126  0.499323  0.458703  0.472464  0.584775  0.480361  0.548551  0.425446  0.460146  0.558649  0.575264  0.503128  0.572816  0.666024  0.629875  0.714279  0.519647  0.519948  0.652136  0.595559  0.617088  0.594624  0.492102  0.489590  0.533399  0.436546  0.653862  0.518731  0.526975  0.589840  0.513190  0.577202  0.440879  0.734067  0.539571  0.507987  0.504751  0.407590  0.591350  0.567793  0.645518  0.487487  0.508287  0.457871  0.431327  0.540618  0.470708  0.429249  0.401240  0.575236  0.552767  0.405634  0.452872  0.525195  0.436325  0.501748  0.483166  0.514761  0.573119  0.587246  0.636007  0.463673  0.522608  0.561239  0.515665  0.426064  0.535892  0.403992  0.608733  0.497554  0.568608  0.444928  0.456350  0.556733  0.627033  0.434892  0.599385  0.437137  0.520529  0.560941  0.627877  0.606922  0.444634  0.581830  0.496695  0.515880  0.605106  0.505873  0.522059  0.508152  0.582137  0.614750  0.492772  0.531090  0.513884  0.495200  0.547635  0.588126  0.521687  0.487300  0.626262  0.541064  0.665008  0.528896  0.513222  0.676908  0.510938  0.580133  0.615590 
14  0.571657  0.545500  0.585407  0.646422  0.653473  0.564696  0.520241  0.579397  0.491448  0.608956  0.645489  0.606004  0.706554  0.649766 0.0  0.720903  0.652412  0.663898  0.490901  0.567669  0.654794  0.735129  0.689152  0.671994  0.557939  0.464425  0.643430  0.579518  0.426061  0.547428  0.636938  0.536542  0.504806  0.553682  0.565640  0.618495  0.551872  0.555774  0.567762  0.561628  0.529253  0.655834  0.643567  0.559003  0.600198  0.598251  0.562305  0.715404  0.534762  0.494399  0.549479  0.602589  0.572034  0.597238  0.560832  0.554993  0.600896  0.597458  0.541754  0.624935  0.601481  0.580764  0.659647  0.500748  0.645724  0.562045  0.565332  0.550202  0.625528  0.610090  0.662079  0.560607  0.662376  0.573400  0.495433  0.600158  0.624932  0.457733  0.651823  0.645082  0.633290  0.588833  0.514251  0.607905  0.603992  0.568970  0.515366  0.555325  0.689818  0.556484  0.687905  0.610769  0.532611  0.494595  0.628049  0.544324  0.557348  0.514254  0.541490  0.589293  0.577519  0.563827  0.540062  0.664667  0.556138  0.618553  0.633924  0.402605  0.595101  0.538030  0.533909  0.688819  0.638483  0.613225  0.523293  0.590445  0.536303  0.592963  0.580899  0.573000  0.533149  0.639083  0.596613  0.542744  0.626024  0.637754  0.545059  0.580053  0.526471  0.689239  0.490364  0.689746  0.514455  0.619857  0.655995  0.617644  0.576502  0.662606  0.596552  0.535085  0.557871  0.564288  0.740298  0.631634  0.396410  0.589933  0.641000  0.600241  0.488184  0.531434  0.550588  0.590154  0.575748  0.606040  0.584851  0.562472  0.673563  0.685343  0.529812  0.659804  0.560815  0.637726  0.575896  0.603740  0.504786  0.506446  0.526463  0.559586  0.600517  0.586952  0.505225  0.629506  0.467712  0.663311  0.605365  0.656775  0.589815  0.633800  0.665014  0.589016  0.724158  0.597471  0.587070  0.604942  0.540481  0.573544  0.507236  0.575827  0.571650  0.560441  0.670087  0.654131  0.482900  0.566235  0.554391  0.590381  0.712452 
15  0.805890  0.361718  0.646072  0.531255  0.665072  0.693992  0.636176  0.690361  0.451833  0.674722  0.767558  0.541944  0.323909  0.426886  0.720903 0.0  0.589501  0.448637  0.695172  0.466712  0.677215  0.536323  0.563829  0.658400  0.607753  0.651943  0.482624  0.566707  0.663355  0.685076  0.393234  0.477028  0.558310  0.552262  0.626988  0.609778  0.640106  0.664629  0.442792  0.639924  0.601706  0.793883  0.671112  0.682046  0.476398  0.727033  0.607523  0.530123  0.767027  0.687768  0.531221  0.474975  0.590366  0.670042  0.495418  0.631756  0.709846  0.601320  0.659655  0.564695  0.663338  0.376815  0.597226  0.426491  0.558374  0.387983  0.659093  0.529683  0.531885  0.633116  0.403748  0.566696  0.599947  0.672680  0.577717  0.511558  0.446759  0.673599  0.354276  0.344182  0.512875  0.460829  0.639117  0.676160  0.742966  0.632508  0.544593  0.647904  0.547577  0.505282  0.560577  0.363227  0.495533  0.461666  0.511677  0.676214  0.521409  0.648727  0.496424  0.647833  0.625887  0.661524  0.557572  0.674675  0.616606  0.579225  0.674623  0.640922  0.492414  0.658143  0.484135  0.526898  0.741689  0.609914  0.606695  0.744744  0.378316  0.690254  0.576065  0.591039  0.464843  0.756538  0.617267  0.660275  0.373994  0.670710  0.458542  0.679275  0.580135  0.664232  0.428561  0.507865  0.489471  0.511722  0.612289  0.616928  0.486232  0.638964  0.474256  0.446431  0.700892  0.546714  0.591070  0.460954  0.675106  0.562398  0.516851  0.494666  0.493020  0.419283  0.600879  0.403563  0.534428  0.348658  0.335082  0.526570  0.488041  0.449438  0.548160  0.577068  0.618063  0.475639  0.497581  0.420572  0.661298  0.523984  0.619012  0.672007  0.617772  0.557043  0.638147  0.591650  0.673406  0.337138  0.289408  0.435751  0.483588  0.642870  0.588702  0.529443  0.548562  0.603347  0.451791  0.552851  0.600098  0.401202  0.632323  0.541552  0.655492  0.543787  0.615728  0.297134  0.529103  0.457230  0.509110  0.715071  0.568573 
16  0.371230  0.566817  0.463825  0.660453  0.471920  0.603346  0.482860  0.378324  0.665578  0.413216  0.576787  0.462491  0.442977  0.480130  0.652412  0.589501 0.0  0.483394  0.655978  0.580076  0.544868  0.588343  0.425731  0.487881  0.544542  0.563759  0.497185  0.671229  0.464411  0.690225  0.630976  0.338342  0.512530  0.394974  0.560498  0.581894  0.602601  0.731714  0.546382  0.611938  0.596891  0.693321  0.652047  0.378070  0.607517  0.392117  0.548766  0.610220  0.470707  0.359761  0.539661  0.701871  0.496775  0.288552  0.519663  0.419928  0.355669  0.591675  0.715509  0.539785  0.477640  0.480776  0.519281  0.530589  0.481776  0.472961  0.518010  0.491838  0.328730  0.906235  0.441819  0.593280  0.640592  0.287826  0.603789  0.613923  0.696898  0.505459  0.566782  0.552916  0.575481  0.525977  0.536255  0.685932  0.762772  0.364855  0.448469  0.463093  0.368155  0.539578  0.589355  0.566747  0.625722  0.587835  0.544373  0.441208  0.414257  0.458497  0.645468  0.305772  0.622892  0.699669  0.543486  0.520412  0.540043  0.502440  0.267294  0.764217  0.231320  0.290058  0.331773  0.474461  0.427083  0.456438  0.681620  0.603776  0.575722  0.685252  0.543017  0.634259  0.442374  0.743419  0.524555  0.272951  0.581789  0.315920  0.479098  0.379671  0.537502  0.475707  0.550350  0.450609  0.462765  0.475327  0.497632  0.396689  0.440142  0.516546  0.406114  0.268969  0.469095  0.332229  0.591035  0.647457  0.450041  0.206065  0.397681  0.450929  0.564174  0.635200  0.430136  0.585103  0.502443  0.438383  0.629761  0.533116  0.720360  0.471081  0.616373  0.500107  0.442998  0.513003  0.634218  0.523110  0.683498  0.587162  0.457246  0.522894  0.540485  0.647915  0.607371  0.615345  0.692355  0.442205  0.573044  0.547842  0.474345  0.489638  0.470475  0.645334  0.434427  0.452248  0.362713  0.430968  0.627335  0.518425  0.500720  0.668821  0.507388  0.499109  0.557533  0.506796  0.545218  0.518344  0.607128  0.661181  0.480727 
17  0.449482  0.509973  0.644746  0.445571  0.634479  0.675706  0.537710  0.619974  0.678255  0.564526  0.735338  0.637932  0.356566  0.517560  0.663898  0.448637  0.483394 0.0  0.741768  0.396517  0.668397  0.544320  0.433454  0.560100  0.630655  0.612775  0.364673  0.483165  0.644509  0.577735  0.469806  0.361227  0.681370  0.604040  0.723634  0.614984  0.660556  0.703247  0.542210  0.639001  0.453765  0.627586  0.463643  0.630504  0.649902  0.625067  0.627475  0.577242  0.556532  0.501326  0.581366  0.532401  0.543222  0.605226  0.534219  0.631691  0.571502  0.633947  0.617735  0.429983  0.675728  0.415483  0.552726  0.289070  0.355501  0.342721  0.496098  0.499595  0.713946  0.677766  0.320337  0.686811  0.565515  0.660559  0.510922  0.294272  0.487353  0.625018  0.324342  0.393730  0.455943  0.273569  0.547436  0.619871  0.625043  0.628219  0.519846  0.475384  0.472643  0.649798  0.561813  0.420305  0.370291  0.455070  0.388246  0.452007  0.440689  0.630301  0.512444  0.503532  0.592654  0.536466  0.601029  0.625380  0.676199  0.485267  0.660226  0.638938  0.620396  0.552075  0.572011  0.660513  0.632736  0.508649  0.707761  0.837654  0.371363  0.699497  0.592863  0.514264  0.655988  0.753247  0.542292  0.579850  0.431167  0.686006  0.344501  0.626962  0.682370  0.615138  0.552792  0.413673  0.675441  0.487223  0.516046  0.728354  0.506069  0.661919  0.399302  0.343740  0.634714  0.444654  0.584702  0.399237  0.635238  0.592161  0.509783  0.320400  0.579601  0.481963  0.543808  0.458914  0.604817  0.237491  0.400348  0.646661  0.484931  0.413823  0.320509  0.616959  0.594406  0.428077  0.380847  0.335049  0.616117  0.648749  0.512746  0.696189  0.612533  0.573319  0.600210  0.794769  0.610670  0.260613  0.481570  0.387244  0.383396  0.502234  0.685175  0.383987  0.433035  0.434314  0.329902  0.511869  0.600521  0.309945  0.579489  0.759894  0.602437  0.603162  0.556174  0.405332  0.503144  0.428551  0.627435  0.556875  0.405387 
18  0.527484  0.645193  0.659762  0.701023  0.640875  0.643467  0.508586  0.519481  0.419176  0.796680  0.696999  0.632659  0.724455  0.602091  0.490901  0.695172  0.655978  0.741768 0.0  0.567097  0.682689  0.488428  0.551394  0.537897  0.614235  0.741496  0.594104  0.509785  0.618109  0.635341  0.663795  0.676777  0.530671  0.524116  0.626882  0.624088  0.588693  0.660095  0.636640  0.663152  0.618736  0.589107  0.638069  0.796277  0.633440  0.646371  0.580331  0.667497  0.546551  0.779790  0.629050  0.577079  0.750766  0.642201  0.666291  0.700800  0.588666  0.754920  0.588091  0.591433  0.698379  0.473494  0.671880  0.645401  0.621065  0.657410  0.441647  0.472484  0.688127  0.718316  0.574307  0.719153  0.627232  0.765369  0.780371  0.601589  0.697601  0.715850  0.707262  0.569858  0.684302  0.652024  0.653448  0.660201  0.595759  0.657845  0.533007  0.521025  0.656828  0.583898  0.489124  0.670368  0.679381  0.623324  0.613499  0.658381  0.653388  0.615468  0.609554  0.547629  0.601162  0.520093  0.546362  0.574724  0.686732  0.604105  0.717928  0.538519  0.646151  0.639640  0.638768  0.648575  0.775827  0.513741  0.529287  0.637839  0.694301  0.639828  0.582579  0.579476  0.606068  0.587219  0.778664  0.705570  0.733518  0.677814  0.682919  0.669805  0.565242  0.692419  0.663780  0.399998  0.714763  0.639758  0.603278  0.682434  0.517355  0.729972  0.554108  0.721795  0.614200  0.574299  0.802281  0.715712  0.758103  0.705411  0.814894  0.690302  0.462902  0.656799  0.505964  0.621724  0.710126  0.618878  0.701295  0.434951  0.726178  0.611952  0.655848  0.432479  0.637631  0.626579  0.624572  0.576319  0.633873  0.615009  0.587648  0.619842  0.766387  0.735494  0.728762  0.844939  0.646618  0.659148  0.603364  0.600200  0.673786  0.540390  0.607164  0.766666  0.668157  0.659958  0.625561  0.601049  0.581778  0.661867  0.561927  0.645645  0.597329  0.507401  0.623524  0.525494  0.707141  0.602574  0.685242  0.616895  0.814790 
19  0.507412  0.344338  0.576778  0.452385  0.649771  0.587980  0.629212  0.536602  0.703773  0.559064  0.525495  0.652674  0.308586  0.529988  0.567669  0.466712  0.580076  0.396517  0.567097 0.0  0.644818  0.622718  0.556056  0.644252  0.541381  0.567550  0.373667  0.576574  0.712667  0.695261  0.445231  0.405324  0.573810  0.528847  0.534646  0.561953  0.592343  0.491343  0.383642  0.668711  0.643390  0.708569  0.648324  0.696765  0.526780  0.585637  0.504529  0.530452  0.466550  0.577811  0.529462  0.510805  0.540759  0.657883  0.587301  0.600644  0.504178  0.667643  0.562465  0.559399  0.765683  0.411511  0.531284  0.513761  0.383166  0.346861  0.568419  0.606450  0.469796  0.820098  0.342795  0.636768  0.690926  0.604779  0.610203  0.284387  0.580033  0.466582  0.459402  0.324153  0.424805  0.511018  0.634347  0.760245  0.688881  0.544215  0.554049  0.627065  0.487113  0.564554  0.588935  0.428880  0.407749  0.369049  0.357616  0.669495  0.338592  0.554606  0.407932  0.630860  0.638428  0.658305  0.552175  0.708289  0.628994  0.627229  0.603502  0.667292  0.619297  0.742718  0.631736  0.616337  0.639709  0.441593  0.699278  0.643017  0.519817  0.651668  0.501431  0.521416  0.548936  0.786490  0.461866  0.589255  0.332840  0.620529  0.341725  0.663453  0.596671  0.475747  0.487314  0.464545  0.495762  0.532631  0.520551  0.669747  0.516480  0.606449  0.404105  0.403219  0.605488  0.587506  0.618876  0.392818  0.595245  0.554118  0.439924  0.466116  0.525318  0.357607  0.645875  0.371101  0.567098  0.424380  0.379132  0.567489  0.407318  0.303473  0.394986  0.573010  0.547127  0.379257  0.544685  0.318403  0.508547  0.553449  0.624164  0.627363  0.568162  0.576234  0.570558  0.749149  0.688003  0.223581  0.579189  0.353482  0.371384  0.517963  0.594249  0.427592  0.532805  0.606133  0.322123  0.652492  0.602503  0.366069  0.563121  0.499717  0.622679  0.611309  0.542478  0.377622  0.532321  0.490418  0.655247  0.590407  0.434924 
