197
0 0.0  0.536426  0.631847  0.455672  0.466646  0.609636  0.586125  0.440306  0.708374  0.683895  0.606010  0.556044  0.565617  0.494901  0.612283  0.558278  0.467407  0.509086  0.545168  0.547731  0.545378  0.721432  0.545348  0.646913  0.434416  0.681071  0.620180  0.543126  0.492308  0.574467  0.586816  0.487580  0.497603  0.516853  0.428388  0.617594  0.514121  0.536192  0.493287  0.566637  0.495004  0.598038  0.588130  0.680317  0.564525  0.541835  0.469687  0.564728  0.452078  0.632842  0.513726  0.616506  0.428208  0.559587  0.520009  0.731533  0.638884  0.700818  0.553706  0.504473  0.567030  0.523202  0.457200  0.594475  0.546908  0.508613  0.511104  0.572503  0.509286  0.822765  0.577285  0.445744  0.298648  0.457436  0.761338  0.487303  0.407535  0.535069  0.571987  0.511896  0.527066  0.592307  0.569924  0.676624  0.643997  0.625533  0.467180  0.652722  0.597857  0.648839  0.869284  0.567368  0.450714  0.526446  0.553955  0.641956  0.464207  0.567017  0.638249  0.661222  0.788265  0.513261  0.525898  0.568433  0.616342  0.505592  0.651464  0.630141  0.553836  0.572245  0.600515  0.560231  0.641425  0.465378  0.645185  0.530959  0.533154  0.560340  0.522206  0.577609  0.614636  0.625554  0.573367  0.569083  0.553964  0.490305  0.522108  0.554605  0.561772  0.589427  0.474318  0.592432  0.639122  0.478974  0.624496  0.487947  0.567833  0.457172  0.372339  0.406688  0.556203  0.425475  0.739049  0.560030  0.607489  0.505298  0.452308  0.560753  0.638536  0.505214  0.567398  0.691108  0.621658  0.558360  0.642263  0.560959  0.624442  0.535879  0.511352  0.803602  0.621037  0.537336  0.537787  0.421328  0.628576  0.577154  0.347636  0.647816  0.597599  0.619386  0.658785  0.611900  0.591412  0.482327  0.595758  0.597511  0.537515  0.597967  0.603081  0.521444  0.398956  0.561740  0.396917  0.538907  0.594584  0.522514  0.610169  0.744383  0.527993  0.431011  0.626111  0.490488  0.509939  0.509644  0.686584  0.637783  0.459862 
1  0.536426 0.0  0.534963  0.425396  0.732399  0.602774  0.606335  0.631537  0.562041  0.579457  0.587712  0.599061  0.426202  0.517837  0.566758  0.435394  0.501865  0.408324  0.594916  0.412310  0.707304  0.490658  0.626521  0.661874  0.585407  0.552793  0.432407  0.598890  0.564742  0.693936  0.414881  0.416043  0.589970  0.449405  0.534392  0.545914  0.501604  0.567115  0.538844  0.485200  0.579444  0.955515  0.654866  0.685457  0.574844  0.605576  0.452816  0.501361  0.609318  0.671338  0.468074  0.580227  0.573610  0.562443  0.607464  0.628846  0.656195  0.601016  0.589551  0.613395  0.560758  0.406198  0.574326  0.374160  0.493947  0.403893  0.590803  0.590690  0.610201  0.811030  0.419421  0.579906  0.444096  0.612117  0.563687  0.370542  0.509512  0.603306  0.413109  0.405900  0.453591  0.463394  0.609436  0.730422  0.690233  0.590036  0.470003  0.651835  0.552221  0.568392  0.604682  0.366286  0.423572  0.527157  0.374451  0.598651  0.376371  0.558022  0.380376  0.605102  0.662535  0.586379  0.561980  0.631224  0.650434  0.544196  0.566824  0.622155  0.542249  0.662450  0.603263  0.612352  0.745390  0.440077  0.594825  0.608123  0.418149  0.665939  0.554215  0.565479  0.542237  0.737283  0.484644  0.594239  0.438816  0.556642  0.373387  0.559191  0.616565  0.547739  0.538887  0.545404  0.588084  0.531973  0.599989  0.532752  0.524397  0.582283  0.427566  0.427220  0.392868  0.613271  0.539816  0.386472  0.650242  0.617549  0.475516  0.448887  0.548693  0.410626  0.609709  0.443585  0.676901  0.461218  0.342732  0.529386  0.464386  0.398161  0.483868  0.520245  0.629769  0.414558  0.462459  0.380791  0.707974  0.625111  0.512718  0.751781  0.648816  0.630815  0.677034  0.744812  0.645687  0.464179  0.466124  0.445421  0.391864  0.535642  0.544427  0.489506  0.564408  0.565162  0.411088  0.530729  0.538156  0.495162  0.605525  0.681888  0.610197  0.656965  0.546669  0.415871  0.569192  0.431742  0.540957  0.640074  0.629855 
2  0.631847  0.534963 0.0  0.636952  0.611729  0.561454  0.567956  0.523676  0.672684  0.624384  0.519578  0.464197  0.598035  0.512977  0.620867  0.695850  0.480778  0.544866  0.616594  0.627053  0.518103  0.605143  0.628749  0.561347  0.597801  0.600206  0.508437  0.516215  0.508117  0.618618  0.609289  0.614528  0.499438  0.489870  0.725531  0.755625  0.566906  0.532371  0.693232  0.522415  0.596917  0.714040  0.593514  0.478966  0.667428  0.592231  0.528190  0.679599  0.612918  0.463347  0.714315  0.562161  0.597244  0.524504  0.661973  0.593761  0.607542  0.601701  0.550852  0.674875  0.486789  0.567102  0.556294  0.543675  0.711895  0.527973  0.493792  0.486554  0.634732  0.737799  0.625333  0.589081  0.662356  0.494211  0.606462  0.575061  0.657278  0.478257  0.640158  0.556956  0.584264  0.787784  0.621042  0.707786  0.586630  0.614863  0.565091  0.552637  0.510836  0.710238  0.569430  0.515660  0.544183  0.729186  0.623936  0.531937  0.548354  0.616520  0.644319  0.504676  0.704171  0.589666  0.496539  0.607508  0.518922  0.536578  0.521125  0.457838  0.478211  0.586973  0.502588  0.518496  0.564867  0.525361  0.562792  0.453898  0.598126  0.643889  0.602564  0.618280  0.562890  0.538584  0.485703  0.464877  0.583369  0.481864  0.613034  0.515414  0.606186  0.559786  0.510771  0.616398  0.571143  0.560478  0.499771  0.502374  0.460075  0.602568  0.630340  0.536253  0.462922  0.677623  0.668646  0.706872  0.538065  0.526997  0.670188  0.590578  0.557551  0.626086  0.455280  0.612778  0.625781  0.542223  0.667830  0.448262  0.656682  0.601939  0.646844  0.452597  0.644750  0.553143  0.800653  0.592983  0.722407  0.599588  0.580411  0.662275  0.579119  0.639528  0.588371  0.562615  0.617762  0.542680  0.530619  0.614879  0.684018  0.602933  0.551641  0.647565  0.549243  0.486920  0.574501  0.545117  0.559891  0.646981  0.479193  0.610783  0.653482  0.560029  0.690409  0.573863  0.522743  0.602361  0.406866  0.700803  0.633209 
3  0.455672  0.425396  0.636952 0.0  0.583218  0.653348  0.530322  0.532629  0.588914  0.827061  0.695430  0.628107  0.518825  0.484110  0.556162  0.496642  0.556631  0.444001  0.703407  0.514693  0.618324  0.653213  0.616576  0.772091  0.582962  0.662205  0.366098  0.467906  0.612922  0.630418  0.466059  0.427998  0.519715  0.555471  0.573074  0.647338  0.564642  0.714602  0.666922  0.547060  0.555582  0.586121  0.572180  0.819096  0.593999  0.641483  0.686964  0.514504  0.600854  0.693144  0.590639  0.519603  0.736875  0.747264  0.708431  0.677299  0.654683  0.753700  0.658774  0.551026  0.675027  0.460976  0.508013  0.412698  0.410381  0.423360  0.739636  0.696454  0.625663  0.826568  0.503241  0.643015  0.617479  0.718027  0.829044  0.509041  0.469572  0.653107  0.464827  0.630394  0.446311  0.421666  0.590415  0.601051  0.699263  0.695161  0.445565  0.529526  0.687128  0.716635  0.813303  0.501079  0.460736  0.545379  0.414485  0.592153  0.424295  0.625659  0.456876  0.650303  0.679768  0.587924  0.523862  0.582181  0.709500  0.679286  0.616766  0.720715  0.730206  0.850577  0.578575  0.722715  0.668405  0.574446  0.682058  0.747663  0.398394  0.607892  0.483214  0.581055  0.568614  0.565681  0.746949  0.565340  0.453176  0.549688  0.435254  0.826847  0.656916  0.445787  0.544587  0.545178  0.640354  0.612335  0.580345  0.632552  0.763650  0.813509  0.403112  0.378934  0.750131  0.522712  0.600295  0.454033  0.705357  0.702511  0.474674  0.456555  0.573158  0.388449  0.544179  0.448796  0.716042  0.492441  0.514827  0.644155  0.492277  0.488819  0.425841  0.639745  0.661404  0.376841  0.449287  0.361361  0.605824  0.491826  0.515188  0.681938  0.600779  0.617343  0.697459  0.755239  0.654973  0.456556  0.513250  0.529452  0.452117  0.617652  0.758651  0.365298  0.729716  0.540362  0.396916  0.693306  0.537879  0.414772  0.686137  0.829987  0.692365  0.567715  0.544445  0.484195  0.530792  0.345387  0.689577  0.780717  0.593984 
4  0.466646  0.732399  0.611729  0.583218 0.0  0.660644  0.606688  0.468632  0.658521  0.605300  0.530416  0.483682  0.579884  0.432416  0.705661  0.734721  0.455179  0.619730  0.648461  0.631218  0.447777  0.615388  0.613762  0.576641  0.492697  0.736700  0.612801  0.522685  0.443287  0.602240  0.617861  0.657922  0.470428  0.476669  0.427663  0.680280  0.584291  0.543758  0.642648  0.599144  0.641272  0.620363  0.610956  0.422329  0.739760  0.433828  0.527165  0.687660  0.491698  0.561032  0.548049  0.652066  0.582410  0.608766  0.550084  0.528291  0.505760  0.661970  0.609565  0.504481  0.549533  0.626472  0.529001  0.696376  0.612625  0.676376  0.525924  0.584380  0.421394  0.747152  0.614244  0.616772  0.565395  0.408930  0.566934  0.718120  0.604792  0.496401  0.689870  0.700566  0.675177  0.619780  0.476586  0.746178  0.645102  0.673441  0.548127  0.633525  0.632890  0.570394  0.633538  0.701335  0.688447  0.715845  0.757141  0.563898  0.561395  0.572347  0.691054  0.563138  0.707453  0.536801  0.544628  0.523599  0.590923  0.634203  0.390953  0.692093  0.427402  0.502417  0.532566  0.517312  0.559413  0.489422  0.618672  0.501981  0.620603  0.495718  0.623980  0.641861  0.609001  0.534573  0.717029  0.467877  0.649623  0.382893  0.586962  0.575582  0.576373  0.535383  0.629633  0.675897  0.757100  0.634059  0.617792  0.508416  0.642140  0.564102  0.589508  0.585576  0.602672  0.558061  0.500119  0.697358  0.493828  0.516732  0.680199  0.737757  0.628610  0.661188  0.849940  0.633958  0.543439  0.633024  0.777301  0.721744  0.661650  0.658058  0.652382  0.690711  0.675562  0.616431  0.640730  0.633940  0.622538  0.624508  0.497550  0.486799  0.552309  0.692714  0.661620  0.506731  0.518164  0.693327  0.738562  0.708207  0.563299  0.604622  0.564905  0.619368  0.565762  0.441895  0.744093  0.482048  0.563918  0.614039  0.631597  0.684502  0.422048  0.417539  0.546389  0.678069  0.449070  0.684004  0.674790  0.708029  0.631602 
5  0.609636  0.602774  0.561454  0.653348  0.660644 0.0  0.607165  0.598667  0.545293  0.550783  0.632161  0.679128  0.639315  0.576619  0.628570  0.506048  0.561881  0.597719  0.602579  0.565531  0.587158  0.626817  0.580145  0.689589  0.639123  0.557558  0.736557  0.605707  0.582466  0.568846  0.517049  0.597943  0.509791  0.687028  0.612461  0.596352  0.546185  0.742701  0.646273  0.536664  0.515851  0.573515  0.532287  0.549677  0.617258  0.488042  0.561733  0.584482  0.541374  0.582524  0.598824  0.570222  0.621646  0.575670  0.661644  0.497112  0.591353  0.523451  0.620700  0.505259  0.558283  0.593034  0.544867  0.506636  0.586809  0.619886  0.537211  0.670725  0.520295  0.692875  0.667667  0.636501  0.545718  0.503813  0.597692  0.647973  0.567253  0.590882  0.637885  0.530653  0.486469  0.670265  0.584530  0.673032  0.528783  0.654604  0.496636  0.616806  0.532703  0.622305  0.688839  0.512900  0.566906  0.614958  0.539569  0.722771  0.608224  0.583949  0.546802  0.482182  0.521109  0.649667  0.524488  0.642664  0.492416  0.675720  0.566766  0.660538  0.611547  0.506478  0.607232  0.606402  0.613114  0.550232  0.649624  0.577960  0.551679  0.640933  0.629357  0.606479  0.592455  0.527756  0.614805  0.561531  0.593037  0.491202  0.598529  0.630173  0.503444  0.575149  0.663473  0.636827  0.593909  0.588544  0.621100  0.512214  0.745521  0.549174  0.674922  0.506282  0.610447  0.494936  0.651706  0.553288  0.629526  0.640297  0.539494  0.583030  0.641675  0.560397  0.668028  0.635369  0.687666  0.625899  0.678252  0.550472  0.589705  0.672561  0.657287  0.614828  0.512906  0.613161  0.605208  0.545970  0.657531  0.504891  0.527326  0.600738  0.507924  0.573298  0.705407  0.550535  0.709172  0.526131  0.657613  0.609952  0.479124  0.648690  0.592619  0.602787  0.636107  0.576460  0.536232  0.495844  0.615941  0.612778  0.546151  0.548753  0.554982  0.487292  0.622128  0.630992  0.545048  0.569501  0.632327  0.637973  0.584205 
6  0.586125  0.606335  0.567956  0.530322  0.606688  0.607165 0.0  0.475963  0.511802  0.668367  0.579470  0.615564  0.511568  0.575902  0.508539  0.606650  0.544078  0.654188  0.576077  0.630749  0.544995  0.467937  0.602223  0.590827  0.565233  0.599459  0.579391  0.642960  0.583831  0.560959  0.542794  0.522653  0.570334  0.654761  0.509097  0.595414  0.580571  0.585561  0.570699  0.528960  0.611702  0.617267  0.669859  0.606046  0.645268  0.549558  0.650019  0.603394  0.612183  0.545834  0.656778  0.617479  0.607277  0.629628  0.549430  0.692557  0.717689  0.695726  0.559023  0.617593  0.654276  0.576376  0.518775  0.523972  0.603984  0.569373  0.544853  0.685590  0.478317  0.659405  0.542850  0.743459  0.638151  0.578995  0.685721  0.611730  0.476662  0.499452  0.511238  0.642244  0.614039  0.577488  0.609490  0.630487  0.569900  0.550829  0.552468  0.587336  0.513013  0.583461  0.535893  0.550281  0.578907  0.587737  0.601110  0.644849  0.525319  0.674958  0.678187  0.501897  0.656585  0.530462  0.523152  0.484600  0.588934  0.592702  0.820031  0.522112  0.539200  0.606133  0.628569  0.630934  0.575764  0.516780  0.534122  0.548334  0.542548  0.548350  0.532119  0.606694  0.536142  0.607729  0.487444  0.460315  0.586632  0.668681  0.599290  0.616357  0.645832  0.570437  0.644273  0.506243  0.620790  0.620981  0.529305  0.620298  0.623914  0.632152  0.497458  0.498338  0.609535  0.599683  0.517680  0.716691  0.598771  0.573795  0.651139  0.562255  0.643569  0.635649  0.441801  0.637074  0.452002  0.513147  0.633238  0.635309  0.593883  0.592114  0.583624  0.637516  0.615104  0.537309  0.553873  0.536246  0.488658  0.603311  0.591926  0.636252  0.629255  0.556713  0.601701  0.616793  0.676109  0.572236  0.620650  0.579720  0.572229  0.570361  0.661332  0.604693  0.538272  0.558540  0.477847  0.504598  0.580542  0.618292  0.443980  0.654366  0.440120  0.485667  0.561896  0.564560  0.550622  0.557039  0.578512  0.600563  0.521361 
7  0.440306  0.631537  0.523676  0.532629  0.468632  0.598667  0.475963 0.0  0.514789  0.467226  0.658768  0.495282  0.584300  0.415753  0.588545  0.620592  0.487485  0.563762  0.629645  0.671498  0.590518  0.511870  0.617094  0.434798  0.533974  0.629190  0.771201  0.582622  0.436962  0.454274  0.625429  0.627243  0.443536  0.407986  0.657393  0.511110  0.540954  0.584476  0.568530  0.501150  0.517403  0.477003  0.530600  0.469157  0.587114  0.464060  0.470173  0.572731  0.389523  0.485466  0.580042  0.498039  0.594154  0.385442  0.729008  0.503979  0.648584  0.601180  0.491724  0.558812  0.596015  0.601598  0.557999  0.546853  0.576842  0.648271  0.325249  0.497448  0.472252  0.960094  0.535837  0.405208  0.605260  0.391881  0.539091  0.616408  0.679811  0.518174  0.627194  0.635356  0.612530  0.608156  0.493020  0.725239  0.604267  0.523271  0.449419  0.348698  0.439690  0.561633  0.545605  0.650522  0.596797  0.700350  0.610509  0.708919  0.658164  0.337655  0.695275  0.379684  0.569073  0.670390  0.518057  0.607045  0.517668  0.599345  0.500147  0.698053  0.485107  0.513522  0.527054  0.534627  0.590902  0.427839  0.744800  0.517890  0.700855  0.615810  0.542087  0.540664  0.502006  0.452069  0.584698  0.453756  0.583123  0.395209  0.741000  0.597680  0.604144  0.464616  0.543571  0.493921  0.438331  0.568767  0.453219  0.514568  0.541472  0.583693  0.518103  0.524251  0.388941  0.495928  0.633074  0.541497  0.525753  0.549178  0.636799  0.593491  0.567229  0.608236  0.495224  0.568182  0.674692  0.587900  0.564437  0.613584  0.755520  0.606839  0.649109  0.549137  0.545620  0.604897  0.667435  0.553191  0.649350  0.479355  0.535230  0.748301  0.576801  0.644476  0.518466  0.435101  0.630731  0.681556  0.635787  0.706497  0.533987  0.595367  0.633471  0.744032  0.561259  0.538437  0.590661  0.621199  0.557108  0.701031  0.363403  0.418205  0.612442  0.469826  0.557941  0.641510  0.552090  0.541425  0.592299  0.603068  0.605525 
8  0.708374  0.562041  0.672684  0.588914  0.658521  0.545293  0.511802  0.514789 0.0  0.717603  0.538884  0.619449  0.497928  0.529621  0.642628  0.602945  0.642176  0.539591  0.534628  0.673746  0.758847  0.560149  0.587399  0.468099  0.525346  0.523293  0.575144  0.579219  0.665856  0.510028  0.613280  0.693426  0.658753  0.547976  0.643456  0.597274  0.558311  0.584862  0.593122  0.663132  0.527553  0.545317  0.630391  0.697122  0.744379  0.719832  0.673085  0.565696  0.544477  0.655989  0.661048  0.633605  0.690881  0.588671  0.589512  0.713369  0.626045  0.570246  0.654177  0.732567  0.617441  0.606964  0.484441  0.648126  0.634676  0.564738  0.492867  0.507607  0.720411  0.729970  0.602754  0.580017  0.556152  0.657022  0.591839  0.592186  0.605921  0.692357  0.547793  0.553231  0.664904  0.660322  0.601020  0.566879  0.559315  0.502833  0.549177  0.504318  0.642597  0.575370  0.421615  0.725116  0.587157  0.634108  0.561903  0.574324  0.684055  0.661332  0.662709  0.504499  0.611103  0.497589  0.609055  0.598880  0.565753  0.543224  0.706281  0.544744  0.583042  0.741341  0.599166  0.616789  0.616057  0.588803  0.529823  0.656530  0.605898  0.540054  0.545719  0.574689  0.533846  0.475859  0.635293  0.618601  0.521287  0.655594  0.604087  0.644314  0.551851  0.586504  0.694170  0.437259  0.635213  0.639069  0.457831  0.619759  0.604880  0.699459  0.677270  0.613704  0.504433  0.729445  0.594516  0.485176  0.620127  0.596537  0.636717  0.655707  0.550859  0.645042  0.462532  0.619142  0.545409  0.523753  0.673383  0.485606  0.624127  0.489620  0.590300  0.447372  0.474543  0.582680  0.595780  0.647293  0.552989  0.582032  0.542514  0.787397  0.578403  0.531956  0.547819  0.701482  0.697532  0.562272  0.699916  0.530470  0.618039  0.609289  0.718364  0.686598  0.675910  0.547069  0.579340  0.642261  0.560338  0.574689  0.493215  0.606026  0.689439  0.603537  0.636392  0.649269  0.547765  0.633534  0.576945  0.534517  0.760339 
9  0.683895  0.579457  0.624384  0.827061  0.605300  0.550783  0.668367  0.467226  0.717603 0.0  0.740308  0.492212  0.622950  0.503852  0.516933  0.591853  0.444960  0.620226  0.654449  0.526880  0.585239  0.642393  0.577938  0.495778  0.596420  0.513043  0.629249  0.700949  0.542106  0.570586  0.719134  0.627950  0.678677  0.607912  0.504324  0.599011  0.647306  0.706086  0.501773  0.585636  0.581132  0.767488  0.595231  0.405242  0.686732  0.488972  0.664247  0.589311  0.568773  0.567100  0.516935  0.736910  0.576352  0.451706  0.556699  0.492099  0.341231  0.533807  0.756377  0.574698  0.399277  0.590023  0.675990  0.641834  0.667298  0.635728  0.511244  0.572237  0.496958  0.593787  0.602935  0.569415  0.696561  0.479695  0.636121  0.708237  0.705069  0.619160  0.618760  0.606807  0.633994  0.676513  0.738886  0.724490  0.727975  0.658112  0.558647  0.541244  0.630606  0.561991  0.615075  0.671759  0.599932  0.662302  0.579480  0.591550  0.605530  0.449028  0.549837  0.587507  0.548136  0.610663  0.667835  0.564715  0.552911  0.691034  0.454717  0.654591  0.350696  0.443497  0.477566  0.561075  0.707476  0.466363  0.686158  0.669969  0.569788  0.680825  0.607963  0.629203  0.583540  0.689789  0.655363  0.458886  0.527911  0.599401  0.661357  0.406552  0.663010  0.712765  0.653810  0.615309  0.681612  0.571302  0.565569  0.376935  0.671230  0.778291  0.635601  0.617653  0.600888  0.511742  0.591060  0.573632  0.441789  0.410580  0.632382  0.642718  0.475452  0.683043  0.539685  0.640775  0.569576  0.607255  0.658821  0.563753  0.582234  0.602327  0.542996  0.546910  0.482829  0.648199  0.671038  0.609813  0.653536  0.575169  0.581071  0.642761  0.683784  0.695543  0.731554  0.584280  0.645767  0.513153  0.718286  0.688216  0.586515  0.615831  0.435727  0.609810  0.588656  0.698303  0.625854  0.458126  0.671527  0.649524  0.509130  0.579536  0.567123  0.592869  0.604659  0.651033  0.570606  0.702575  0.604277  0.495915  0.633285 
10  0.606010  0.587712  0.519578  0.695430  0.530416  0.632161  0.579470  0.658768  0.538884  0.740308 0.0  0.684864  0.667739  0.631052  0.560665  0.711879  0.676465  0.641667  0.657797  0.566273  0.581579  0.621906  0.643716  0.733056  0.539270  0.637375  0.780015  0.599800  0.632984  0.546868  0.511200  0.602175  0.426571  0.595931  0.502721  0.582286  0.392181  0.431730  0.636512  0.649447  0.524596  0.555409  0.533587  0.639469  0.487158  0.515779  0.743942  0.572411  0.552767  0.777218  0.557833  0.553672  0.542134  0.540593  0.629653  0.690307  0.635244  0.672443  0.338906  0.570972  0.755379  0.609315  0.626837  0.762354  0.556557  0.660120  0.704522  0.608713  0.689416  0.734075  0.666471  0.669706  0.506651  0.672423  0.663212  0.626643  0.558292  0.382251  0.681002  0.735626  0.496055  0.640003  0.439994  0.478602  0.537407  0.695400  0.591554  0.585211  0.581707  0.857716  0.704137  0.662155  0.755339  0.625393  0.552789  0.798820  0.513263  0.711799  0.550339  0.729752  0.692964  0.382928  0.397795  0.641788  0.548608  0.560289  0.677086  0.518408  0.683237  0.737684  0.726011  0.697013  0.619701  0.606134  0.556811  0.512102  0.479255  0.419819  0.626551  0.686506  0.585945  0.531982  0.724813  0.656597  0.687318  0.604964  0.547773  0.715288  0.588160  0.520543  0.697178  0.638685  0.642058  0.573282  0.727322  0.698729  0.649631  0.549793  0.485035  0.548790  0.590982  0.700994  0.600373  0.535550  0.682531  0.900740  0.634584  0.615007  0.610973  0.586389  0.657738  0.543480  0.663415  0.655227  0.651838  0.639099  0.690836  0.597009  0.657868  0.637528  0.713988  0.583179  0.650213  0.687201  0.640058  0.561022  0.541767  0.666484  0.455692  0.484189  0.708832  0.508434  0.597340  0.677269  0.693301  0.626422  0.632805  0.562930  0.703650  0.617925  0.788323  0.445716  0.626095  0.615132  0.375883  0.602968  0.521490  0.617797  0.570857  0.487928  0.565980  0.776591  0.534589  0.575861  0.762430  0.753288  0.736849 
11  0.556044  0.599061  0.464197  0.628107  0.483682  0.679128  0.615564  0.495282  0.619449  0.492212  0.684864 0.0  0.577834  0.483645  0.597642  0.596330  0.431140  0.675787  0.671871  0.599350  0.613708  0.520262  0.546797  0.559651  0.629615  0.497389  0.558236  0.622019  0.511483  0.640815  0.629293  0.560543  0.594808  0.506505  0.670220  0.766482  0.647723  0.702002  0.480385  0.540473  0.602113  0.724001  0.666635  0.491960  0.605003  0.574810  0.572642  0.653498  0.643849  0.577810  0.579079  0.665945  0.559148  0.499912  0.726675  0.594850  0.465944  0.617328  0.654858  0.532558  0.429071  0.526524  0.432960  0.607331  0.649707  0.562248  0.472575  0.549376  0.482358  0.681567  0.581373  0.658417  0.586308  0.384667  0.767166  0.625446  0.582550  0.661430  0.628860  0.558641  0.777406  0.541720  0.630260  0.729225  0.674884  0.568684  0.513424  0.581493  0.496772  0.562970  0.591491  0.591162  0.598211  0.627661  0.526613  0.473269  0.743796  0.601160  0.660964  0.563373  0.771732  0.679754  0.659025  0.443246  0.569075  0.572858  0.472374  0.624500  0.511539  0.410196  0.437222  0.599620  0.569761  0.469296  0.761891  0.694562  0.642393  0.771933  0.496638  0.655358  0.528437  0.669118  0.574637  0.472519  0.574175  0.484655  0.611083  0.476310  0.541625  0.629739  0.577780  0.464160  0.514511  0.526398  0.444626  0.448750  0.556883  0.596643  0.626526  0.531103  0.482544  0.450632  0.610720  0.614666  0.424251  0.453502  0.675473  0.641966  0.507187  0.609071  0.483222  0.637690  0.491700  0.616321  0.617988  0.510782  0.672055  0.605477  0.703862  0.594107  0.559106  0.569286  0.598273  0.554714  0.718510  0.579615  0.532957  0.627129  0.610747  0.649027  0.635703  0.505102  0.718988  0.551001  0.617729  0.591065  0.526175  0.555010  0.469190  0.543797  0.505526  0.516471  0.616778  0.450031  0.706941  0.552233  0.450802  0.572327  0.496394  0.593439  0.646476  0.721316  0.599771  0.654083  0.573813  0.478322  0.657277 
12  0.565617  0.426202  0.598035  0.518825  0.579884  0.639315  0.511568  0.584300  0.497928  0.622950  0.667739  0.577834 0.0  0.452103  0.583662  0.456784  0.555605  0.381729  0.650038  0.431643  0.676369  0.510321  0.473353  0.640193  0.465804  0.562671  0.353339  0.554588  0.501379  0.615803  0.430298  0.333192  0.533472  0.518792  0.519489  0.660186  0.632353  0.690956  0.387209  0.666086  0.592891  0.704591  0.538419  0.597404  0.571280  0.728245  0.551511  0.599791  0.607301  0.610596  0.451075  0.548871  0.488739  0.582575  0.525502  0.471388  0.621368  0.558731  0.628594  0.597218  0.573324  0.332257  0.516126  0.338216  0.412297  0.324055  0.601110  0.497291  0.638146  0.685493  0.359599  0.589660  0.626621  0.625279  0.538043  0.465783  0.476376  0.646279  0.379485  0.257456  0.431084  0.398736  0.561011  0.658047  0.544562  0.620326  0.518876  0.603691  0.576208  0.636535  0.448767  0.314001  0.410610  0.441870  0.384388  0.583727  0.416877  0.509273  0.434300  0.446971  0.648119  0.500466  0.549572  0.589716  0.589196  0.544089  0.543438  0.723186  0.541776  0.526805  0.666833  0.500214  0.623487  0.371194  0.709153  0.763221  0.410262  0.526480  0.595068  0.488599  0.624522  0.677032  0.552199  0.613567  0.356735  0.576045  0.411699  0.558212  0.511975  0.459765  0.497112  0.530056  0.641502  0.492885  0.505602  0.589307  0.511409  0.647080  0.415583  0.322812  0.613351  0.566355  0.497406  0.458777  0.576633  0.602440  0.436551  0.366703  0.478858  0.517321  0.709034  0.418138  0.631346  0.359887  0.482377  0.591319  0.471023  0.375159  0.476336  0.562085  0.550468  0.395549  0.474867  0.370558  0.508868  0.518338  0.584367  0.636833  0.612762  0.549209  0.593795  0.720248  0.630675  0.367760  0.438674  0.361680  0.386426  0.571237  0.585652  0.419050  0.479569  0.560613  0.377174  0.551433  0.624664  0.405217  0.596095  0.608563  0.615437  0.521354  0.613714  0.385764  0.553640  0.508010  0.580097  0.629490  0.401198 
13  0.494901  0.517837  0.512977  0.484110  0.432416  0.576619  0.575902  0.415753  0.529621  0.503852  0.631052  0.483645  0.452103 0.0  0.585843  0.455723  0.430208  0.499697  0.518791  0.458604  0.565719  0.527511  0.476777  0.495602  0.571016  0.481812  0.511554  0.544320  0.653276  0.654541  0.541636  0.458594  0.560995  0.463937  0.599393  0.508996  0.560104  0.449718  0.439405  0.505789  0.559900  0.633208  0.609490  0.503899  0.606582  0.461363  0.475765  0.537879  0.575054  0.399677  0.556574  0.557292  0.509364  0.481038  0.532467  0.483989  0.454827  0.582380  0.549136  0.634349  0.448994  0.577530  0.473310  0.506356  0.583973  0.467359  0.512538  0.499431  0.594449  0.699078  0.517550  0.476980  0.581505  0.518396  0.457352  0.476959  0.587365  0.534456  0.437064  0.447642  0.568377  0.528914  0.604424  0.631112  0.643098  0.400249  0.539745  0.419550  0.434492  0.466243  0.488839  0.439329  0.537801  0.511640  0.496634  0.581617  0.506027  0.523493  0.550178  0.469260  0.689268  0.563781  0.513503  0.614933  0.520962  0.540040  0.461855  0.621154  0.454226  0.493117  0.469047  0.436380  0.542585  0.538748  0.572061  0.574611  0.501576  0.589352  0.583217  0.525246  0.490793  0.692211  0.627116  0.455548  0.551620  0.537994  0.587288  0.524851  0.508007  0.545706  0.510177  0.448449  0.504812  0.551149  0.461819  0.500945  0.396260  0.492936  0.572003  0.439768  0.558876  0.467137  0.537039  0.510126  0.627322  0.488154  0.548619  0.423302  0.516155  0.596099  0.534124  0.596155  0.619457  0.490930  0.481580  0.607088  0.757501  0.457490  0.531781  0.512975  0.553339  0.496442  0.672048  0.426550  0.663486  0.516928  0.445710  0.689610  0.633801  0.597761  0.491313  0.615112  0.603541  0.500996  0.513964  0.413889  0.446852  0.542327  0.514192  0.675766  0.482424  0.577597  0.536667  0.520772  0.506775  0.506077  0.451377  0.542050  0.593022  0.551439  0.634351  0.467599  0.596450  0.606767  0.441535  0.613426  0.644113 
14  0.612283  0.566758  0.620867  0.556162  0.705661  0.628570  0.508539  0.588545  0.642628  0.516933  0.560665  0.597642  0.583662  0.585843 0.0  0.593848  0.541697  0.526399  0.580012  0.492306  0.595230  0.597813  0.623285  0.594296  0.599401  0.600891  0.682133  0.642634  0.552388  0.589610  0.488791  0.629474  0.576839  0.550082  0.510147  0.614837  0.594845  0.571407  0.715371  0.546704  0.576186  0.523347  0.551131  0.613542  0.558657  0.518298  0.476201  0.645042  0.613763  0.571954  0.624308  0.647065  0.571743  0.632013  0.707777  0.602816  0.595462  0.550382  0.475146  0.623112  0.622152  0.647843  0.563374  0.571681  0.566132  0.545722  0.582874  0.659036  0.569528  0.591643  0.677588  0.678085  0.579059  0.586572  0.640177  0.625740  0.649849  0.508959  0.573794  0.621201  0.599681  0.646788  0.580335  0.569986  0.589607  0.483651  0.572078  0.511853  0.564011  0.639031  0.726906  0.595926  0.630882  0.582283  0.647565  0.699701  0.529070  0.648217  0.571305  0.604549  0.575636  0.595940  0.531351  0.555227  0.551694  0.589571  0.616083  0.559612  0.539835  0.579802  0.564045  0.722013  0.580234  0.494160  0.671550  0.606411  0.676208  0.634782  0.604894  0.553177  0.608216  0.638569  0.516027  0.519576  0.717301  0.631487  0.647293  0.560295  0.582407  0.556102  0.646596  0.636447  0.588079  0.561353  0.651843  0.628967  0.583539  0.620514  0.491482  0.536271  0.652465  0.606441  0.614750  0.491741  0.566819  0.591593  0.602950  0.622541  0.588982  0.499682  0.610895  0.613339  0.726236  0.605677  0.599392  0.487770  0.711185  0.697198  0.696625  0.538121  0.661511  0.524639  0.508054  0.542840  0.586589  0.576281  0.570362  0.664831  0.550801  0.575079  0.654490  0.642470  0.634140  0.625318  0.545421  0.587125  0.623369  0.614462  0.599779  0.641839  0.596377  0.712828  0.647679  0.577230  0.590473  0.647262  0.585211  0.508635  0.641288  0.608983  0.617454  0.595771  0.644036  0.537884  0.548936  0.702432  0.619827 
15  0.558278  0.435394  0.695850  0.496642  0.734721  0.506048  0.606650  0.620592  0.602945  0.591853  0.711879  0.596330  0.456784  0.455723  0.593848 0.0  0.604022  0.460272  0.657800  0.449780  0.759662  0.653775  0.496380  0.625828  0.576988  0.595579  0.436481  0.535653  0.638517  0.664879  0.490786  0.395171  0.618076  0.535904  0.545062  0.728050  0.678364  0.627316  0.507349  0.591650  0.617508  0.754352  0.578156  0.578741  0.579060  0.605697  0.503567  0.629456  0.740560  0.680977  0.544691  0.618578  0.576065  0.572667  0.505527  0.666653  0.563280  0.614895  0.602147  0.668873  0.705003  0.474044  0.555335  0.525683  0.398390  0.401669  0.585615  0.576891  0.643787  0.714734  0.399946  0.650739  0.551549  0.670284  0.599552  0.465921  0.473318  0.792050  0.371733  0.401743  0.426600  0.500852  0.678352  0.590118  0.695516  0.572578  0.599596  0.671778  0.529192  0.495368  0.510524  0.389923  0.396035  0.420198  0.353168  0.597939  0.474918  0.662390  0.472940  0.704967  0.610732  0.590464  0.626293  0.670706  0.619764  0.566841  0.603328  0.631576  0.590977  0.649314  0.702929  0.518873  0.622681  0.531607  0.689259  0.761004  0.398076  0.714329  0.626528  0.547994  0.507069  0.727462  0.539209  0.649062  0.479749  0.635276  0.455573  0.781527  0.523811  0.616363  0.558196  0.511737  0.590126  0.606120  0.699730  0.611772  0.581941  0.752369  0.486719  0.436068  0.740704  0.463242  0.525602  0.476157  0.593286  0.712803  0.484138  0.441213  0.509880  0.519822  0.586312  0.360188  0.658942  0.444058  0.416827  0.466207  0.414067  0.458411  0.434368  0.615175  0.603726  0.445269  0.456927  0.405427  0.631650  0.643370  0.496727  0.803758  0.540031  0.572639  0.666438  0.710079  0.614330  0.409416  0.487948  0.422107  0.458326  0.557464  0.630213  0.446042  0.469599  0.482525  0.405739  0.670220  0.577068  0.518340  0.560300  0.588241  0.699110  0.567765  0.687090  0.471455  0.563540  0.488846  0.625389  0.723921  0.476462 
16  0.467407  0.501865  0.480778  0.556631  0.455179  0.561881  0.544078  0.487485  0.642176  0.444960  0.676465  0.431140  0.555605  0.430208  0.541697  0.604022 0.0  0.545539  0.706989  0.595968  0.552057  0.566259  0.506638  0.619076  0.556369  0.576397  0.482394  0.564998  0.585905  0.777905  0.629904  0.368685  0.540651  0.477636  0.661433  0.614288  0.624625  0.635854  0.500223  0.474421  0.434598  0.661905  0.605827  0.354778  0.662349  0.352640  0.491495  0.618157  0.516337  0.332884  0.596458  0.573009  0.478750  0.375082  0.664802  0.429446  0.370733  0.590348  0.659299  0.680643  0.413268  0.600942  0.471772  0.501854  0.599080  0.498669  0.376495  0.509056  0.299290  0.816267  0.482948  0.525035  0.645730  0.315354  0.578508  0.519732  0.643130  0.561859  0.594785  0.624980  0.579877  0.660553  0.655824  0.612508  0.732335  0.477279  0.482658  0.494901  0.398212  0.609304  0.520420  0.549463  0.635765  0.665462  0.516639  0.436990  0.470930  0.472075  0.718991  0.385603  0.585363  0.784982  0.679156  0.369866  0.523945  0.489848  0.312470  0.717732  0.349776  0.328712  0.462759  0.537937  0.505600  0.448717  0.614829  0.651152  0.574545  0.614006  0.599674  0.645927  0.493839  0.608395  0.497463  0.339297  0.530176  0.455259  0.601466  0.330193  0.574679  0.544130  0.512466  0.565027  0.496877  0.543766  0.506264  0.394446  0.477324  0.534249  0.484395  0.421715  0.534083  0.465122  0.620809  0.615231  0.391188  0.253113  0.471071  0.410441  0.587936  0.660916  0.529111  0.539765  0.489868  0.487196  0.602329  0.545295  0.551083  0.516535  0.641069  0.555050  0.477653  0.430447  0.741337  0.450560  0.655451  0.486367  0.467676  0.547900  0.607139  0.618587  0.676358  0.566615  0.701062  0.438527  0.788339  0.532627  0.445850  0.476154  0.528950  0.658545  0.455829  0.364011  0.532585  0.410196  0.556703  0.593205  0.458121  0.630549  0.547917  0.517382  0.665654  0.587463  0.463637  0.441623  0.588065  0.574980  0.499611 
17  0.509086  0.408324  0.544866  0.444001  0.619730  0.597719  0.654188  0.563762  0.539591  0.620226  0.641667  0.675787  0.381729  0.499697  0.526399  0.460272  0.545539 0.0  0.693727  0.395515  0.685628  0.476159  0.510878  0.650108  0.569276  0.585116  0.368066  0.444646  0.675384  0.735194  0.417448  0.312110  0.524464  0.533030  0.650517  0.675732  0.626213  0.742903  0.435528  0.637452  0.598877  0.774248  0.517137  0.617493  0.674318  0.720180  0.602079  0.589566  0.573268  0.513085  0.565506  0.544822  0.563903  0.602025  0.625472  0.702320  0.656707  0.661282  0.681963  0.598554  0.679282  0.351517  0.571951  0.321173  0.398757  0.339002  0.534720  0.621720  0.516491  0.840139  0.350942  0.755851  0.673613  0.585012  0.708332  0.344504  0.503377  0.599000  0.359936  0.416465  0.468826  0.345673  0.654192  0.620934  0.613907  0.492647  0.530632  0.584183  0.513140  0.622251  0.534094  0.376020  0.441579  0.445015  0.399735  0.559082  0.430256  0.499484  0.390696  0.464564  0.565038  0.573554  0.484945  0.675039  0.574198  0.533875  0.636908  0.697261  0.602639  0.678163  0.570532  0.625235  0.689672  0.504978  0.701741  0.711658  0.417667  0.593842  0.648328  0.586262  0.559333  0.746167  0.471013  0.576147  0.332081  0.668877  0.404740  0.675335  0.630008  0.551247  0.524789  0.536746  0.545474  0.569452  0.600616  0.559443  0.468472  0.754563  0.306059  0.289857  0.670715  0.475860  0.640830  0.448867  0.643728  0.603754  0.397720  0.396486  0.529375  0.453170  0.591049  0.474923  0.683860  0.293918  0.514797  0.665419  0.441700  0.316939  0.415236  0.540625  0.563179  0.360250  0.352234  0.383375  0.576659  0.614519  0.588692  0.677433  0.655891  0.652520  0.608540  0.824459  0.665673  0.292683  0.440404  0.326246  0.438783  0.465993  0.572644  0.367011  0.555943  0.493497  0.331150  0.645211  0.619023  0.326712  0.600141  0.823402  0.628742  0.630314  0.557615  0.380347  0.511405  0.407090  0.713123  0.575552  0.357075 
18  0.545168  0.594916  0.616594  0.703407  0.648461  0.602579  0.576077  0.629645  0.534628  0.654449  0.657797  0.671871  0.650038  0.518791  0.580012  0.657800  0.706989  0.693727 0.0  0.570531  0.674354  0.540094  0.639183  0.579938  0.683021  0.768123  0.572017  0.613155  0.679025  0.568101  0.701744  0.701600  0.606295  0.547055  0.672709  0.532783  0.673725  0.623146  0.526166  0.643216  0.540908  0.505102  0.641796  0.788450  0.753647  0.660895  0.489197  0.666492  0.509609  0.692921  0.675859  0.722915  0.672349  0.671126  0.639110  0.763319  0.602147  0.699363  0.542742  0.611178  0.487935  0.603963  0.530801  0.662977  0.712602  0.592054  0.566041  0.464648  0.690856  0.784424  0.721210  0.648134  0.637465  0.722367  0.691711  0.625684  0.736530  0.803555  0.563017  0.604970  0.860843  0.609980  0.532342  0.756035  0.578007  0.627069  0.602226  0.642309  0.695220  0.597832  0.497034  0.699909  0.604904  0.770296  0.617826  0.657087  0.620782  0.498197  0.663075  0.642939  0.668646  0.508042  0.557920  0.586015  0.610247  0.611953  0.625546  0.582122  0.612245  0.711847  0.573844  0.693852  0.845954  0.605432  0.626791  0.692159  0.676398  0.615269  0.563650  0.508181  0.557623  0.732234  0.750924  0.604319  0.699528  0.619078  0.553947  0.663506  0.582470  0.726176  0.642639  0.541917  0.713017  0.594562  0.508941  0.712908  0.734644  0.770130  0.584591  0.772405  0.743896  0.540465  0.658273  0.616559  0.749756  0.588262  0.874863  0.715299  0.555664  0.554499  0.599161  0.502527  0.702052  0.693943  0.634669  0.552263  0.867106  0.597554  0.716910  0.588486  0.643493  0.523380  0.583841  0.672214  0.648928  0.496086  0.478755  0.701259  0.661922  0.610497  0.577971  0.772881  0.613396  0.703747  0.690929  0.682686  0.729293  0.630177  0.712052  0.695578  0.645008  0.776824  0.608468  0.626172  0.697619  0.610222  0.550988  0.684932  0.586817  0.659785  0.613133  0.686103  0.667956  0.640695  0.638570  0.714345  0.891860 
19  0.547731  0.412310  0.627053  0.514693  0.631218  0.565531  0.630749  0.671498  0.673746  0.526880  0.566273  0.599350  0.431643  0.458604  0.492306  0.449780  0.595968  0.395515  0.570531 0.0  0.681948  0.540990  0.612030  0.627583  0.619738  0.493170  0.379025  0.663073  0.678973  0.670924  0.441286  0.373518  0.644319  0.507654  0.488307  0.625752  0.578506  0.593522  0.434651  0.606743  0.578437  0.736313  0.634558  0.626592  0.614138  0.600744  0.484094  0.543825  0.716470  0.647126  0.502744  0.517356  0.558245  0.649633  0.564100  0.698736  0.491645  0.593675  0.671531  0.614806  0.559013  0.441412  0.584104  0.378569  0.450184  0.389134  0.556483  0.515514  0.489766  0.680260  0.361793  0.679467  0.558074  0.594815  0.554390  0.392369  0.466907  0.534807  0.372707  0.341084  0.447057  0.497324  0.467472  0.621136  0.650036  0.560640  0.503132  0.600723  0.532427  0.635722  0.579315  0.360573  0.482211  0.419448  0.353301  0.611323  0.438101  0.555564  0.398993  0.550877  0.699457  0.633448  0.575085  0.751478  0.571734  0.559145  0.607061  0.574215  0.589585  0.586333  0.489141  0.557832  0.759363  0.550115  0.697208  0.651463  0.393574  0.688819  0.497451  0.530213  0.560329  0.693306  0.546876  0.557667  0.413186  0.707654  0.397561  0.652665  0.600657  0.598807  0.575974  0.413585  0.616480  0.517785  0.623486  0.648326  0.588067  0.743694  0.351406  0.361309  0.656710  0.492967  0.494304  0.394311  0.570488  0.662603  0.379555  0.438580  0.554308  0.374090  0.536987  0.417120  0.621499  0.405715  0.406308  0.551343  0.447231  0.350996  0.482186  0.553534  0.704340  0.293304  0.473272  0.354300  0.539780  0.546818  0.574290  0.699823  0.615722  0.677606  0.539529  0.655498  0.668387  0.350157  0.525073  0.414170  0.390700  0.586322  0.676536  0.453890  0.561547  0.646351  0.356746  0.574326  0.491478  0.347033  0.558843  0.730866  0.599698  0.615343  0.597868  0.412971  0.582844  0.360165  0.624059  0.784829  0.530156 
