197
0 0.0  0.544476  0.584622  0.463243  0.427257  0.546335  0.477305  0.450669  0.700838  0.654040  0.593618  0.526221  0.488858  0.595263  0.560505  0.599878  0.417125  0.520084  0.582176  0.530571  0.540817  0.590988  0.501188  0.619307  0.494132  0.608712  0.437456  0.625207  0.487213  0.549220  0.568403  0.466137  0.494486  0.447400  0.385333  0.624333  0.466750  0.519747  0.444935  0.584116  0.670549  0.676879  0.691795  0.578543  0.507402  0.474940  0.467292  0.526413  0.588449  0.530525  0.460799  0.590288  0.399768  0.470957  0.497679  0.627449  0.510442  0.755626  0.570910  0.530179  0.643201  0.475173  0.493884  0.510198  0.525771  0.485199  0.597852  0.506029  0.479407  0.682246  0.488842  0.517144  0.320527  0.439415  0.638519  0.489210  0.509386  0.568529  0.522815  0.504247  0.549166  0.534692  0.569154  0.522849  0.632127  0.619309  0.520492  0.598024  0.552451  0.612513  0.616284  0.399317  0.486231  0.585692  0.529321  0.595185  0.392841  0.577866  0.483424  0.556045  0.706304  0.654680  0.476309  0.622137  0.557839  0.544768  0.491993  0.684664  0.605494  0.625932  0.528793  0.590407  0.509016  0.567578  0.671152  0.536086  0.496968  0.628876  0.489944  0.542491  0.610788  0.620944  0.632149  0.429913  0.529238  0.510260  0.535502  0.592245  0.524568  0.515924  0.482374  0.605024  0.650998  0.383127  0.555458  0.525724  0.609310  0.522461  0.312662  0.431595  0.624531  0.416664  0.630572  0.492359  0.562654  0.472225  0.447430  0.537062  0.686388  0.549127  0.513010  0.569617  0.598029  0.406780  0.493642  0.556044  0.648379  0.499644  0.428152  0.620345  0.603529  0.431927  0.565663  0.459755  0.594507  0.472466  0.364935  0.606783  0.505036  0.738984  0.506039  0.513346  0.610108  0.525169  0.659259  0.655685  0.531979  0.671309  0.557293  0.491430  0.358373  0.592067  0.464208  0.523053  0.539496  0.378217  0.662862  0.757024  0.492603  0.424709  0.485489  0.490487  0.586664  0.520572  0.724745  0.541646  0.433520 
1  0.544476 0.0  0.561624  0.489075  0.532668  0.596119  0.537084  0.585049  0.554731  0.591103  0.528542  0.637768  0.480208  0.530887  0.561869  0.396335  0.569650  0.439923  0.681956  0.361327  0.691482  0.527170  0.486457  0.561633  0.588199  0.555296  0.412901  0.645166  0.656941  0.667024  0.458681  0.408650  0.628461  0.440734  0.535803  0.497623  0.580620  0.516939  0.467725  0.470593  0.519063  0.705596  0.614167  0.514799  0.527624  0.573784  0.522491  0.536651  0.588099  0.528947  0.535070  0.444134  0.435150  0.542856  0.506362  0.689774  0.656337  0.648135  0.579306  0.563300  0.612519  0.403155  0.534704  0.388593  0.395022  0.406582  0.525921  0.520469  0.507732  0.835218  0.436758  0.599161  0.462733  0.595792  0.598065  0.416381  0.457406  0.594503  0.397563  0.342025  0.438650  0.383501  0.660762  0.603355  0.671947  0.483184  0.488125  0.684781  0.571889  0.644591  0.621735  0.353873  0.377215  0.465447  0.349086  0.655815  0.371313  0.566379  0.416550  0.518846  0.543419  0.557604  0.589406  0.643249  0.457258  0.514491  0.643088  0.508631  0.549701  0.548630  0.562545  0.562695  0.647811  0.482041  0.592151  0.581162  0.423662  0.529516  0.536087  0.530082  0.506032  0.704403  0.510549  0.567774  0.442962  0.586294  0.419948  0.530315  0.561027  0.598137  0.457049  0.482495  0.512805  0.426990  0.509744  0.569343  0.544327  0.620191  0.379959  0.376920  0.578279  0.528303  0.619599  0.431533  0.619673  0.536659  0.417146  0.476332  0.572985  0.325427  0.509441  0.430176  0.497505  0.436566  0.415380  0.515651  0.434361  0.390515  0.449361  0.545182  0.602732  0.383074  0.448395  0.399266  0.576787  0.464682  0.462335  0.755722  0.550589  0.640099  0.639523  0.668761  0.600442  0.397297  0.447565  0.452830  0.450180  0.495016  0.545477  0.434485  0.534433  0.582825  0.329876  0.548456  0.489124  0.410254  0.555547  0.531001  0.598584  0.496097  0.606157  0.438541  0.516194  0.396240  0.570845  0.633734  0.535542 
2  0.584622  0.561624 0.0  0.543372  0.635872  0.538208  0.708391  0.486851  0.561403  0.598821  0.688255  0.463890  0.669951  0.481936  0.537884  0.625796  0.493640  0.562001  0.577537  0.621436  0.516626  0.462020  0.505007  0.541854  0.557903  0.542340  0.657621  0.557576  0.663000  0.414647  0.614229  0.545993  0.563555  0.471293  0.652658  0.636860  0.461272  0.499668  0.565245  0.433308  0.549365  0.661235  0.550724  0.523650  0.607633  0.502260  0.630171  0.650784  0.637840  0.503028  0.626392  0.471043  0.567114  0.452579  0.698304  0.551814  0.485564  0.525857  0.503479  0.588990  0.527090  0.675064  0.486038  0.531583  0.658988  0.563521  0.455557  0.483391  0.525687  0.666807  0.623304  0.651372  0.543917  0.474697  0.513313  0.660312  0.651096  0.549693  0.530015  0.588077  0.635049  0.689136  0.549944  0.573929  0.507952  0.545993  0.492904  0.506097  0.484698  0.530851  0.603510  0.539880  0.538241  0.695415  0.578149  0.514187  0.563479  0.558961  0.554348  0.466239  0.636204  0.493553  0.521277  0.526244  0.474412  0.643679  0.514803  0.429313  0.566617  0.506509  0.613869  0.534800  0.508651  0.475230  0.593372  0.518799  0.582420  0.540124  0.582080  0.562081  0.558611  0.580561  0.571576  0.449465  0.580923  0.491028  0.599583  0.559205  0.583204  0.624257  0.602025  0.510798  0.528578  0.612443  0.624808  0.413155  0.475561  0.502369  0.701828  0.556736  0.451790  0.652667  0.431705  0.553966  0.506686  0.576635  0.712252  0.662076  0.511080  0.612135  0.484978  0.648728  0.664601  0.583359  0.575647  0.508022  0.637369  0.631014  0.665428  0.564828  0.527584  0.535571  0.623800  0.482373  0.601738  0.461995  0.518925  0.563886  0.467008  0.545104  0.657250  0.477707  0.527712  0.552003  0.600631  0.470384  0.625303  0.586058  0.488604  0.655475  0.532359  0.498094  0.717112  0.496630  0.520041  0.651070  0.516050  0.513039  0.650276  0.573057  0.555468  0.598147  0.516885  0.664355  0.528474  0.660635  0.683534 
3  0.463243  0.489075  0.543372 0.0  0.723951  0.539157  0.535975  0.606573  0.733942  0.699784  0.610521  0.676837  0.399556  0.576131  0.553881  0.502597  0.624451  0.391488  0.600963  0.415971  0.570223  0.608458  0.554270  0.589715  0.495322  0.583371  0.411441  0.593894  0.594099  0.674389  0.392338  0.347244  0.598367  0.560105  0.630361  0.606089  0.548513  0.651017  0.650295  0.618204  0.568134  0.503106  0.530346  0.649352  0.572554  0.605044  0.599882  0.626993  0.636510  0.626307  0.703189  0.564873  0.579412  0.713549  0.594759  0.794206  0.652531  0.793408  0.528730  0.617052  0.656894  0.433238  0.595761  0.445223  0.438676  0.456393  0.698823  0.578783  0.496830  0.724366  0.480764  0.787645  0.610547  0.613629  0.745486  0.474715  0.424439  0.612762  0.501044  0.490388  0.491754  0.387901  0.657491  0.597188  0.631904  0.621111  0.462678  0.634696  0.666902  0.705651  0.741157  0.492594  0.341568  0.512786  0.474572  0.725145  0.380775  0.678880  0.472408  0.715168  0.794255  0.599985  0.419702  0.596959  0.517261  0.557919  0.643759  0.699729  0.745742  0.785148  0.567607  0.593454  0.598848  0.575475  0.722153  0.514248  0.372429  0.653934  0.540512  0.535937  0.566331  0.604962  0.601451  0.668952  0.483314  0.735527  0.457762  0.770894  0.555223  0.401258  0.614566  0.486743  0.620723  0.600948  0.633814  0.626060  0.696116  0.732063  0.367360  0.344422  0.639022  0.633913  0.551705  0.419830  0.691931  0.594135  0.412160  0.409837  0.580965  0.465443  0.629428  0.440651  0.722850  0.440599  0.451536  0.534476  0.517738  0.466980  0.399856  0.641224  0.659692  0.468445  0.414735  0.406087  0.539956  0.485537  0.487979  0.614145  0.535341  0.691753  0.631864  0.729677  0.717620  0.411976  0.533358  0.556512  0.405711  0.544241  0.691172  0.386721  0.624491  0.551287  0.365959  0.574660  0.745815  0.407615  0.592310  0.734997  0.530470  0.517240  0.538915  0.450733  0.599403  0.377158  0.778357  0.610902  0.627357 
4  0.427257  0.532668  0.635872  0.723951 0.0  0.475200  0.634408  0.544650  0.578540  0.442841  0.623575  0.554149  0.492619  0.607790  0.596838  0.669738  0.438391  0.574333  0.627902  0.611576  0.470732  0.628613  0.549551  0.578995  0.438906  0.655109  0.679642  0.520579  0.343276  0.595605  0.578492  0.580685  0.460333  0.556206  0.477720  0.641960  0.531101  0.493648  0.671524  0.481646  0.635065  0.586457  0.552618  0.355140  0.626461  0.412241  0.567153  0.679965  0.466340  0.515504  0.687731  0.687515  0.605568  0.472018  0.623210  0.541746  0.542627  0.728413  0.655359  0.576978  0.514179  0.622493  0.512239  0.826028  0.537128  0.658379  0.597554  0.517571  0.387020  0.701270  0.761084  0.538646  0.545938  0.438538  0.678630  0.641453  0.549521  0.401234  0.730013  0.557130  0.607271  0.494464  0.533817  0.670987  0.559130  0.557418  0.467646  0.674008  0.602463  0.575435  0.669391  0.617957  0.697835  0.645130  0.608388  0.458869  0.563586  0.558572  0.573893  0.730818  0.677810  0.564380  0.501503  0.552962  0.542725  0.537998  0.401823  0.733967  0.468633  0.490479  0.484042  0.542278  0.576294  0.490112  0.639075  0.493371  0.624793  0.566473  0.636095  0.640084  0.552237  0.560179  0.748063  0.513194  0.633561  0.473619  0.678335  0.569697  0.603839  0.503171  0.574717  0.580089  0.571339  0.525794  0.595261  0.540145  0.532752  0.601536  0.603186  0.604769  0.565930  0.517011  0.516259  0.644216  0.466124  0.477803  0.503648  0.668759  0.606437  0.617499  0.631380  0.589568  0.531345  0.624787  0.713386  0.556228  0.586118  0.670155  0.638899  0.589587  0.653290  0.716366  0.647807  0.625878  0.720955  0.516390  0.478836  0.470828  0.589350  0.613693  0.715850  0.476085  0.538145  0.713885  0.532478  0.762092  0.564740  0.622020  0.583312  0.733151  0.526270  0.574035  0.642885  0.538374  0.546504  0.594969  0.676790  0.604649  0.521310  0.493890  0.490010  0.539359  0.502874  0.764924  0.640902  0.686998  0.624854 
5  0.546335  0.596119  0.538208  0.539157  0.475200 0.0  0.659693  0.461959  0.517884  0.499035  0.547601  0.478126  0.584800  0.650056  0.510109  0.539565  0.513975  0.566706  0.560250  0.567318  0.620438  0.644175  0.660243  0.648570  0.620275  0.531384  0.514495  0.606341  0.519924  0.591915  0.572635  0.535957  0.494585  0.585404  0.521804  0.516031  0.525828  0.554218  0.660304  0.513973  0.545315  0.521804  0.536853  0.551414  0.559976  0.462924  0.609540  0.493242  0.583806  0.706609  0.600824  0.517120  0.446498  0.560918  0.646911  0.507826  0.658550  0.503748  0.530513  0.557779  0.639889  0.607402  0.587785  0.646791  0.621515  0.603840  0.571632  0.617142  0.527996  0.515969  0.545336  0.555097  0.569518  0.577607  0.565486  0.588401  0.576672  0.569766  0.638780  0.600359  0.575970  0.650133  0.595122  0.636013  0.637042  0.550643  0.554165  0.576531  0.559061  0.525338  0.719573  0.580369  0.568726  0.589596  0.602510  0.583065  0.630589  0.558754  0.654049  0.507615  0.712363  0.664763  0.537103  0.587316  0.521840  0.546266  0.533221  0.567301  0.467445  0.545360  0.511411  0.554094  0.609137  0.575845  0.547159  0.466331  0.576661  0.525028  0.582748  0.599202  0.552812  0.470213  0.725214  0.625405  0.584032  0.497233  0.619880  0.552002  0.558105  0.496258  0.543338  0.534392  0.515480  0.622304  0.601890  0.519518  0.563261  0.515274  0.466103  0.500098  0.543055  0.546965  0.600069  0.547438  0.565292  0.550422  0.586961  0.623528  0.562252  0.556171  0.575998  0.553011  0.530353  0.539409  0.520351  0.505292  0.520096  0.659764  0.619324  0.566714  0.560612  0.560328  0.638358  0.615401  0.579270  0.618943  0.543955  0.667448  0.491388  0.527367  0.668748  0.503699  0.599697  0.629521  0.574242  0.742100  0.471872  0.655095  0.590215  0.598635  0.533667  0.522908  0.543204  0.568097  0.486435  0.598738  0.620606  0.498914  0.582752  0.500006  0.664899  0.547832  0.556348  0.533773  0.665114  0.529031  0.505545 
6  0.477305  0.537084  0.708391  0.535975  0.634408  0.659693 0.0  0.534013  0.566672  0.603724  0.518638  0.482437  0.567336  0.524413  0.532624  0.644253  0.507784  0.490663  0.579843  0.615471  0.529706  0.647769  0.564189  0.606466  0.509252  0.616027  0.491525  0.497974  0.492747  0.671792  0.561855  0.506314  0.642044  0.486859  0.625070  0.563955  0.496288  0.544799  0.560383  0.579038  0.524371  0.628092  0.540663  0.592810  0.538717  0.536511  0.541318  0.575256  0.606917  0.563006  0.555274  0.603537  0.594508  0.551498  0.620444  0.692325  0.513919  0.626107  0.563538  0.646674  0.580914  0.568976  0.435240  0.536486  0.550069  0.494306  0.599386  0.722088  0.480347  0.573635  0.580678  0.636753  0.560775  0.454987  0.604783  0.555091  0.497501  0.654757  0.545959  0.565906  0.531700  0.492257  0.532883  0.662252  0.516970  0.605138  0.498640  0.531889  0.448538  0.544396  0.562291  0.512297  0.548524  0.574742  0.577546  0.502887  0.515589  0.665553  0.526741  0.603091  0.537249  0.615531  0.551727  0.568860  0.541942  0.437680  0.564601  0.522229  0.547245  0.593251  0.593891  0.721912  0.469151  0.544203  0.593946  0.554064  0.542703  0.629813  0.487803  0.549437  0.545464  0.566453  0.468110  0.530043  0.560331  0.605354  0.524994  0.628115  0.634155  0.649733  0.570940  0.595411  0.551202  0.601520  0.660779  0.556386  0.590363  0.570625  0.502730  0.571623  0.620457  0.555198  0.564911  0.620959  0.597582  0.519781  0.552399  0.526787  0.567453  0.598231  0.503333  0.567442  0.538711  0.531663  0.614850  0.514780  0.591734  0.614701  0.544810  0.519493  0.603239  0.600740  0.432144  0.458338  0.625495  0.542956  0.601952  0.481490  0.607770  0.546956  0.432360  0.522313  0.542751  0.502475  0.653736  0.564975  0.561644  0.604341  0.671963  0.555647  0.541511  0.610575  0.541647  0.563908  0.612386  0.530484  0.578220  0.704626  0.534829  0.546106  0.628085  0.528555  0.621590  0.570266  0.582833  0.592747  0.499044 
7  0.450669  0.585049  0.486851  0.606573  0.544650  0.461959  0.534013 0.0  0.524904  0.562432  0.559319  0.463933  0.564186  0.486764  0.556678  0.634066  0.438230  0.598463  0.538197  0.569621  0.464514  0.523951  0.577594  0.384369  0.394049  0.607940  0.612387  0.556941  0.417415  0.478349  0.476119  0.579628  0.426484  0.435527  0.597492  0.478723  0.595825  0.536309  0.583293  0.460432  0.550810  0.506812  0.647386  0.524947  0.667237  0.588308  0.448340  0.552839  0.331312  0.447063  0.558197  0.500725  0.598512  0.379639  0.568964  0.489601  0.562640  0.647352  0.516171  0.564105  0.615877  0.560789  0.484105  0.642828  0.597811  0.642068  0.320963  0.490843  0.597783  0.733754  0.560674  0.375476  0.676136  0.396165  0.741240  0.688171  0.622159  0.510334  0.586613  0.661429  0.514072  0.705526  0.547074  0.619457  0.623942  0.522872  0.438275  0.379561  0.568887  0.534999  0.564285  0.540706  0.635867  0.580764  0.521625  0.531898  0.580728  0.339161  0.620887  0.352937  0.571352  0.674664  0.486121  0.542402  0.474931  0.465371  0.425004  0.627276  0.488144  0.471548  0.539365  0.453194  0.529283  0.464333  0.496878  0.464669  0.509825  0.560011  0.508536  0.476573  0.606181  0.448095  0.622605  0.591749  0.690637  0.446268  0.575390  0.501697  0.499777  0.491305  0.544754  0.509772  0.538920  0.565773  0.431409  0.429101  0.517113  0.568646  0.533294  0.475636  0.422051  0.396356  0.551415  0.626692  0.461783  0.457370  0.586137  0.622737  0.623635  0.560171  0.391182  0.584841  0.527520  0.625377  0.680476  0.592609  0.607662  0.623284  0.700569  0.588813  0.488200  0.565859  0.611144  0.672230  0.631941  0.528598  0.489544  0.613631  0.531101  0.632773  0.517840  0.500228  0.648814  0.637238  0.598822  0.630791  0.527434  0.506792  0.644065  0.670742  0.559960  0.492655  0.579364  0.503817  0.474769  0.669281  0.383439  0.535890  0.568118  0.456579  0.556258  0.554545  0.521561  0.623412  0.588475  0.477112  0.610726 
8  0.700838  0.554731  0.561403  0.733942  0.578540  0.517884  0.566672  0.524904 0.0  0.623318  0.657328  0.647350  0.535700  0.493182  0.624735  0.571207  0.710131  0.585178  0.543242  0.601708  0.710746  0.499057  0.502839  0.460088  0.582506  0.652074  0.541828  0.600347  0.726069  0.496043  0.737886  0.604274  0.642299  0.534723  0.612860  0.534478  0.558064  0.536343  0.522040  0.632219  0.509596  0.542424  0.620637  0.635460  0.482021  0.675350  0.622940  0.473806  0.483252  0.635171  0.553104  0.557171  0.692779  0.605113  0.652371  0.668044  0.680675  0.660229  0.638937  0.533563  0.631399  0.563490  0.427561  0.555784  0.672226  0.432176  0.472659  0.471431  0.769560  0.663671  0.544784  0.528667  0.698693  0.695971  0.577432  0.580195  0.608265  0.560127  0.535300  0.600659  0.640422  0.549613  0.530299  0.503955  0.557448  0.572430  0.501212  0.425326  0.613539  0.446128  0.454275  0.661845  0.459215  0.593102  0.632727  0.576762  0.605155  0.492876  0.540969  0.536420  0.557483  0.529480  0.633245  0.582200  0.554145  0.555044  0.683676  0.527902  0.496423  0.686825  0.638299  0.606639  0.626339  0.500549  0.549932  0.578391  0.644970  0.493001  0.587883  0.548280  0.585925  0.562883  0.621979  0.664350  0.528959  0.681583  0.605788  0.710306  0.558771  0.586476  0.610280  0.440245  0.530633  0.652335  0.467127  0.749228  0.570894  0.751177  0.595189  0.491625  0.594205  0.606349  0.634687  0.570648  0.617980  0.683229  0.631876  0.683280  0.488125  0.548039  0.436828  0.528461  0.589602  0.591832  0.634388  0.598889  0.496770  0.523814  0.538930  0.563124  0.543186  0.550571  0.623165  0.529185  0.608575  0.661453  0.625081  0.649841  0.681589  0.507392  0.470750  0.612008  0.515572  0.624003  0.587490  0.533661  0.573766  0.446534  0.601992  0.656273  0.613357  0.575735  0.610002  0.636173  0.567495  0.582396  0.404913  0.566277  0.597517  0.497935  0.666862  0.582088  0.735644  0.597252  0.542865  0.547177  0.634692 
9  0.654040  0.591103  0.598821  0.699784  0.442841  0.499035  0.603724  0.562432  0.623318 0.0  0.573434  0.500219  0.612669  0.479729  0.557422  0.645347  0.353864  0.671542  0.662004  0.572905  0.580095  0.629342  0.494537  0.588460  0.675672  0.439782  0.580251  0.668004  0.525402  0.615326  0.642780  0.663127  0.571594  0.581381  0.587979  0.579545  0.697691  0.678845  0.513404  0.581899  0.538701  0.631955  0.710276  0.417358  0.660382  0.451083  0.569164  0.548877  0.529077  0.641488  0.454746  0.671987  0.505002  0.500500  0.597393  0.430516  0.386272  0.546985  0.702017  0.615871  0.368798  0.575395  0.478852  0.635879  0.693523  0.653379  0.592332  0.514266  0.402966  0.690276  0.623573  0.643466  0.582616  0.434440  0.694814  0.564494  0.546316  0.644836  0.562061  0.599291  0.554242  0.561941  0.703446  0.645149  0.733662  0.689232  0.502958  0.598170  0.593202  0.668606  0.639768  0.704941  0.546269  0.668508  0.513537  0.436080  0.568163  0.395103  0.621064  0.489186  0.568098  0.763656  0.718334  0.553655  0.508562  0.690729  0.477527  0.712257  0.358353  0.406332  0.479660  0.654805  0.604677  0.548441  0.552894  0.521659  0.714748  0.634777  0.532266  0.526073  0.645244  0.687597  0.570321  0.470995  0.622166  0.662920  0.587930  0.408571  0.525649  0.714868  0.648232  0.509761  0.482583  0.555651  0.607335  0.463172  0.567779  0.725124  0.505172  0.563931  0.701210  0.458916  0.625651  0.684940  0.405798  0.394740  0.638793  0.622715  0.525757  0.606161  0.497878  0.566243  0.507050  0.650572  0.544707  0.499256  0.653259  0.568627  0.749307  0.631386  0.480882  0.499420  0.737044  0.552445  0.628548  0.523807  0.720773  0.684775  0.629528  0.697221  0.532839  0.702118  0.542628  0.537630  0.602904  0.591352  0.631258  0.587096  0.380568  0.644009  0.591723  0.706200  0.613779  0.486924  0.665422  0.631217  0.486543  0.525578  0.507002  0.526235  0.638397  0.717235  0.583750  0.631113  0.588679  0.544633  0.601888 
10  0.593618  0.528542  0.688255  0.610521  0.623575  0.547601  0.518638  0.559319  0.657328  0.573434 0.0  0.604933  0.672933  0.632210  0.603154  0.616171  0.626990  0.624160  0.695134  0.582041  0.567689  0.516438  0.658200  0.619744  0.561340  0.631810  0.555103  0.582327  0.521928  0.594237  0.492718  0.588527  0.420628  0.746922  0.469512  0.713486  0.399458  0.411200  0.794769  0.483945  0.617898  0.555227  0.487260  0.724642  0.496691  0.577064  0.697203  0.625623  0.579024  0.660248  0.625557  0.557095  0.554502  0.582191  0.631200  0.555879  0.660403  0.691683  0.403900  0.561207  0.772561  0.546732  0.618246  0.649859  0.586846  0.672510  0.533885  0.571881  0.539535  0.651196  0.613546  0.736269  0.508680  0.611747  0.663000  0.645897  0.540384  0.358715  0.578676  0.729169  0.538415  0.677496  0.415975  0.465929  0.579686  0.657246  0.604564  0.522111  0.626360  0.736785  0.668067  0.654879  0.609736  0.629655  0.687381  0.671379  0.497152  0.595839  0.638309  0.708020  0.658843  0.406057  0.449561  0.639194  0.686720  0.474955  0.626626  0.412005  0.597016  0.657782  0.600676  0.672277  0.583000  0.636559  0.545604  0.424040  0.531186  0.410546  0.520013  0.629173  0.549685  0.468017  0.685587  0.637397  0.567274  0.572297  0.584001  0.741783  0.514502  0.524825  0.661397  0.531912  0.557940  0.700094  0.719718  0.706846  0.897517  0.650655  0.542084  0.644053  0.610632  0.533573  0.580919  0.598298  0.814310  0.757491  0.704454  0.676414  0.637078  0.726662  0.710696  0.523181  0.575827  0.650116  0.534435  0.708641  0.577342  0.619851  0.542102  0.647959  0.694442  0.541256  0.693275  0.552748  0.635036  0.506941  0.496168  0.525190  0.380428  0.587965  0.850082  0.413997  0.471994  0.649689  0.566711  0.578251  0.604452  0.594586  0.708272  0.555256  0.680662  0.510606  0.596801  0.611964  0.388857  0.540120  0.581895  0.694028  0.538329  0.550018  0.492919  0.625217  0.542800  0.665788  0.680866  0.684427  0.712549 
11  0.526221  0.637768  0.463890  0.676837  0.554149  0.478126  0.482437  0.463933  0.647350  0.500219  0.604933 0.0  0.641648  0.489978  0.556285  0.598719  0.450020  0.504741  0.580269  0.502249  0.644559  0.543396  0.492709  0.612002  0.619741  0.577730  0.555972  0.588568  0.523290  0.661244  0.501648  0.549063  0.561498  0.499042  0.560522  0.620072  0.603046  0.594714  0.463046  0.438277  0.496970  0.711457  0.681801  0.504241  0.579144  0.430524  0.492011  0.675339  0.624980  0.530288  0.534776  0.542709  0.559541  0.531464  0.666246  0.465662  0.404435  0.615975  0.627841  0.624549  0.464008  0.615267  0.465310  0.581625  0.628565  0.537651  0.452132  0.493821  0.433486  0.740155  0.513214  0.631635  0.672232  0.385554  0.591591  0.476458  0.628491  0.564184  0.558575  0.569837  0.508193  0.534041  0.625281  0.807969  0.663489  0.616382  0.485250  0.461117  0.477613  0.503203  0.585321  0.574237  0.625934  0.586656  0.591716  0.418410  0.566783  0.564672  0.692884  0.458367  0.591878  0.680857  0.653657  0.508838  0.472257  0.568695  0.400535  0.612306  0.382055  0.446371  0.429733  0.555208  0.602594  0.476075  0.614809  0.632705  0.566406  0.668922  0.552331  0.604708  0.561303  0.638793  0.569420  0.417556  0.643554  0.506861  0.623559  0.482648  0.587205  0.631123  0.622965  0.479166  0.403442  0.544418  0.441521  0.451261  0.444813  0.588804  0.488966  0.562660  0.495058  0.476987  0.630379  0.621808  0.431452  0.507824  0.577477  0.658961  0.532681  0.564274  0.504920  0.691791  0.529780  0.605731  0.534640  0.492499  0.741311  0.544962  0.635011  0.565581  0.463274  0.566340  0.593454  0.577807  0.672375  0.548228  0.524861  0.586492  0.669017  0.678398  0.550658  0.481591  0.697322  0.611868  0.537641  0.502885  0.620383  0.606113  0.528463  0.711077  0.506244  0.563079  0.514557  0.430432  0.593637  0.591085  0.531192  0.727314  0.465804  0.554466  0.686751  0.580639  0.659131  0.589545  0.532138  0.530028  0.621972 
12  0.488858  0.480208  0.669951  0.399556  0.492619  0.584800  0.567336  0.564186  0.535700  0.612669  0.672933  0.641648 0.0  0.390513  0.533307  0.403838  0.522654  0.364840  0.647476  0.416446  0.592410  0.502045  0.517711  0.609365  0.587834  0.556340  0.363371  0.573066  0.565481  0.780240  0.437335  0.349805  0.455248  0.472450  0.547646  0.530330  0.570833  0.598994  0.385829  0.549323  0.434040  0.642111  0.511331  0.571268  0.638095  0.607778  0.507139  0.531929  0.523901  0.561778  0.502975  0.590973  0.468340  0.512563  0.455361  0.630039  0.642092  0.570153  0.548660  0.607599  0.555409  0.309458  0.503453  0.417999  0.370652  0.302594  0.517924  0.480984  0.574265  0.621874  0.351493  0.506851  0.500084  0.626673  0.531323  0.420599  0.403346  0.628384  0.350467  0.323791  0.359545  0.430365  0.562529  0.609266  0.504030  0.496937  0.473130  0.577571  0.484484  0.543953  0.428752  0.366841  0.395601  0.429130  0.314623  0.565851  0.488419  0.507885  0.427019  0.577937  0.665274  0.631078  0.484589  0.636012  0.500469  0.432117  0.479770  0.634982  0.563873  0.665186  0.518503  0.543036  0.585858  0.457609  0.693830  0.622160  0.372647  0.522116  0.527727  0.545506  0.547164  0.681807  0.559856  0.433108  0.385105  0.533825  0.442379  0.568807  0.624111  0.473652  0.511626  0.495274  0.430175  0.536590  0.633072  0.582502  0.457935  0.729526  0.456750  0.321494  0.653017  0.435486  0.496678  0.462129  0.488691  0.709141  0.406341  0.383855  0.581000  0.455097  0.628434  0.376705  0.595254  0.337436  0.408606  0.524938  0.435783  0.340962  0.429238  0.537471  0.577762  0.414765  0.483406  0.373942  0.609890  0.520192  0.533906  0.558620  0.541572  0.586467  0.657518  0.576099  0.614307  0.300964  0.455471  0.388573  0.344171  0.548201  0.604557  0.411986  0.470855  0.582809  0.320689  0.529571  0.586488  0.390134  0.529178  0.618787  0.661330  0.527695  0.644110  0.349268  0.531261  0.489041  0.628291  0.594571  0.375419 
13  0.595263  0.530887  0.481936  0.576131  0.607790  0.650056  0.524413  0.486764  0.493182  0.479729  0.632210  0.489978  0.390513 0.0  0.663401  0.429399  0.371596  0.518877  0.576484  0.478287  0.591882  0.561293  0.445196  0.514482  0.523770  0.524883  0.432689  0.647551  0.604540  0.590368  0.570736  0.442107  0.597394  0.509393  0.530710  0.469551  0.539811  0.572142  0.367491  0.503547  0.488007  0.525076  0.571119  0.522118  0.532963  0.434014  0.511548  0.531936  0.558122  0.354511  0.460177  0.544311  0.601997  0.438348  0.552521  0.595703  0.518228  0.610727  0.632705  0.592758  0.501063  0.490385  0.472874  0.448780  0.459446  0.476848  0.503137  0.493524  0.523272  0.695636  0.531612  0.457710  0.517874  0.497484  0.601686  0.508596  0.492003  0.544841  0.444603  0.495475  0.482267  0.507411  0.576969  0.640371  0.648473  0.373553  0.579636  0.418666  0.513654  0.479158  0.463651  0.443387  0.472639  0.520520  0.515547  0.484190  0.424116  0.448646  0.608557  0.483276  0.669523  0.673085  0.659966  0.690344  0.508369  0.487637  0.405495  0.595102  0.505272  0.547471  0.487663  0.476969  0.576852  0.472764  0.600877  0.524615  0.565151  0.607323  0.515006  0.481859  0.541858  0.659558  0.492293  0.443531  0.561323  0.482728  0.550072  0.504214  0.622720  0.476552  0.509202  0.539766  0.424885  0.475284  0.525681  0.489923  0.425766  0.455564  0.463279  0.505725  0.567636  0.482192  0.598911  0.565374  0.531062  0.374661  0.538416  0.526156  0.466664  0.512744  0.538375  0.550089  0.625457  0.525700  0.548457  0.531777  0.561133  0.476918  0.522608  0.521349  0.518882  0.478386  0.532706  0.443352  0.594236  0.530816  0.508090  0.723341  0.551386  0.612696  0.553617  0.474948  0.645308  0.449471  0.550372  0.428022  0.475283  0.487862  0.499553  0.536527  0.447586  0.509010  0.506545  0.551999  0.482837  0.536774  0.527497  0.486636  0.591237  0.572457  0.569184  0.435110  0.479832  0.624752  0.565934  0.598841  0.543162 
14  0.560505  0.561869  0.537884  0.553881  0.596838  0.510109  0.532624  0.556678  0.624735  0.557422  0.603154  0.556285  0.533307  0.663401 0.0  0.554388  0.623562  0.543278  0.551892  0.654707  0.646677  0.561683  0.587226  0.592421  0.651678  0.590355  0.617485  0.528317  0.606949  0.628181  0.526019  0.610030  0.541118  0.498268  0.500554  0.595379  0.512953  0.541952  0.568333  0.511515  0.609527  0.534314  0.622174  0.640112  0.587814  0.489691  0.672277  0.508402  0.489538  0.553154  0.504041  0.544423  0.599997  0.476433  0.550749  0.657843  0.560974  0.607603  0.496633  0.485953  0.517783  0.595373  0.457031  0.612184  0.522175  0.606607  0.554635  0.535414  0.517867  0.558852  0.629538  0.596224  0.558038  0.621121  0.557723  0.521806  0.574952  0.505781  0.533323  0.530974  0.733303  0.647334  0.570441  0.572650  0.568598  0.515289  0.640573  0.541451  0.521985  0.579493  0.680212  0.494275  0.534643  0.547024  0.591058  0.574251  0.514950  0.558077  0.624776  0.555210  0.590730  0.651221  0.509057  0.512403  0.652600  0.572158  0.743411  0.488503  0.565846  0.527159  0.551016  0.642622  0.558573  0.614984  0.549216  0.564337  0.600543  0.509274  0.674681  0.642333  0.653288  0.747755  0.594589  0.557916  0.631411  0.546890  0.546362  0.584132  0.505400  0.543477  0.572949  0.501590  0.622885  0.596386  0.618172  0.576254  0.534979  0.548394  0.597262  0.570312  0.525292  0.554529  0.732452  0.544879  0.518744  0.589940  0.484538  0.557564  0.502740  0.577994  0.505630  0.594779  0.579277  0.612036  0.518589  0.529162  0.571478  0.612280  0.578979  0.635050  0.608607  0.554405  0.501276  0.553328  0.543739  0.562153  0.532063  0.513695  0.653873  0.513109  0.577353  0.648156  0.568865  0.675263  0.611536  0.624821  0.617819  0.574784  0.603327  0.608649  0.557702  0.624280  0.658726  0.586959  0.628158  0.572211  0.616063  0.597563  0.517173  0.542407  0.559258  0.672643  0.606048  0.595074  0.583811  0.655043  0.600806 
15  0.599878  0.396335  0.625796  0.502597  0.669738  0.539565  0.644253  0.634066  0.571207  0.645347  0.616171  0.598719  0.403838  0.429399  0.554388 0.0  0.642934  0.447247  0.775928  0.417279  0.708536  0.571462  0.475170  0.616357  0.556688  0.597557  0.383250  0.572785  0.580983  0.743628  0.482108  0.420311  0.529496  0.549522  0.561034  0.681887  0.688449  0.591784  0.446595  0.619545  0.503940  0.715054  0.585469  0.630504  0.672124  0.620432  0.563006  0.565242  0.609093  0.705922  0.558782  0.606550  0.465558  0.568028  0.549559  0.529113  0.586540  0.550650  0.731052  0.660260  0.623402  0.432258  0.550851  0.447363  0.357995  0.410613  0.637699  0.617769  0.634557  0.675045  0.399267  0.586811  0.515215  0.709116  0.559210  0.437403  0.397008  0.599596  0.395733  0.368879  0.509706  0.412112  0.639040  0.652235  0.654359  0.625905  0.522673  0.656957  0.635783  0.458299  0.577288  0.385117  0.453869  0.441061  0.393728  0.648093  0.451806  0.554192  0.451930  0.622705  0.572497  0.553972  0.591647  0.763783  0.593859  0.579946  0.583935  0.579990  0.510231  0.649858  0.657310  0.441766  0.623059  0.494343  0.721846  0.645580  0.375636  0.620514  0.545382  0.585378  0.483369  0.701995  0.530903  0.624325  0.374872  0.644046  0.372240  0.725976  0.578361  0.713352  0.509530  0.434517  0.583540  0.566770  0.679473  0.501445  0.588657  0.781510  0.461059  0.402036  0.562053  0.494961  0.609089  0.372172  0.622444  0.561356  0.496093  0.486318  0.552703  0.520880  0.636118  0.376286  0.679647  0.417107  0.413734  0.498799  0.460848  0.466911  0.476752  0.504094  0.603851  0.392056  0.421481  0.392693  0.492321  0.522979  0.589931  0.534354  0.697807  0.564923  0.642731  0.743064  0.606873  0.414877  0.411531  0.381207  0.479896  0.481064  0.567809  0.506448  0.538373  0.716166  0.398204  0.598812  0.644740  0.445254  0.647229  0.632694  0.695721  0.626078  0.568496  0.343182  0.605286  0.483126  0.571958  0.683702  0.451569 
16  0.417125  0.569650  0.493640  0.624451  0.438391  0.513975  0.507784  0.438230  0.710131  0.353864  0.626990  0.450020  0.522654  0.371596  0.623562  0.642934 0.0  0.496616  0.743987  0.594365  0.670030  0.446196  0.417690  0.467868  0.538908  0.544490  0.461958  0.579856  0.505092  0.631664  0.652725  0.427898  0.477173  0.424759  0.622547  0.610916  0.613524  0.627425  0.466559  0.563689  0.476225  0.636783  0.591889  0.330837  0.485768  0.332075  0.464673  0.592849  0.489783  0.332012  0.546828  0.618776  0.470962  0.312216  0.591877  0.394013  0.398853  0.512832  0.622555  0.468120  0.395412  0.533097  0.555724  0.541884  0.608997  0.477067  0.406906  0.498739  0.304084  0.795457  0.449622  0.545688  0.662166  0.340417  0.603621  0.552800  0.608111  0.504839  0.598815  0.493863  0.439885  0.657339  0.554127  0.690293  0.533524  0.516471  0.433823  0.535189  0.329977  0.535717  0.441681  0.535546  0.608859  0.608179  0.522300  0.396685  0.567062  0.478528  0.671569  0.360380  0.569721  0.658764  0.569240  0.510103  0.561846  0.500888  0.283091  0.691316  0.378268  0.297846  0.427271  0.453501  0.476166  0.419606  0.654456  0.520465  0.618914  0.675116  0.571558  0.625141  0.464272  0.638671  0.456452  0.305805  0.515115  0.473456  0.449190  0.330284  0.618340  0.635619  0.504248  0.497874  0.531410  0.576403  0.533225  0.344150  0.461061  0.548733  0.443199  0.339245  0.504112  0.404039  0.596811  0.628565  0.385411  0.273649  0.470099  0.460619  0.552964  0.535567  0.483753  0.563424  0.431652  0.497934  0.563741  0.508384  0.658641  0.443383  0.516328  0.537997  0.568311  0.518278  0.619510  0.409567  0.626188  0.508797  0.521096  0.535671  0.563483  0.621474  0.640019  0.616872  0.694167  0.425807  0.702365  0.559153  0.546587  0.529407  0.423201  0.538278  0.424852  0.407350  0.462903  0.416598  0.562880  0.594409  0.517262  0.578314  0.496190  0.493915  0.514607  0.597816  0.506955  0.593649  0.614049  0.527181  0.466246 
17  0.520084  0.439923  0.562001  0.391488  0.574333  0.566706  0.490663  0.598463  0.585178  0.671542  0.624160  0.504741  0.364840  0.518877  0.543278  0.447247  0.496616 0.0  0.691958  0.421625  0.684913  0.492561  0.445353  0.533349  0.503605  0.499029  0.389749  0.536202  0.566151  0.667037  0.407327  0.305760  0.619716  0.513771  0.656477  0.514150  0.541152  0.645909  0.456988  0.586870  0.553242  0.628374  0.520989  0.599326  0.792060  0.644243  0.570759  0.594619  0.470054  0.541343  0.483846  0.543164  0.431872  0.626628  0.487028  0.631009  0.620725  0.654540  0.636923  0.535619  0.526513  0.383120  0.522925  0.310196  0.450394  0.327740  0.592386  0.508250  0.551372  0.698444  0.378833  0.624138  0.659221  0.585460  0.633873  0.333881  0.483437  0.668365  0.382806  0.368523  0.490329  0.351242  0.606942  0.530991  0.605534  0.691404  0.527962  0.562862  0.414496  0.655657  0.486631  0.395943  0.419231  0.384905  0.381821  0.533934  0.344261  0.619996  0.404400  0.473132  0.544707  0.571706  0.598519  0.704822  0.616738  0.596629  0.530636  0.675049  0.612129  0.590273  0.616712  0.556074  0.580214  0.459656  0.637759  0.803543  0.374465  0.673817  0.674694  0.668001  0.585472  0.719303  0.456571  0.611428  0.380966  0.664249  0.376094  0.531804  0.572668  0.585540  0.450479  0.513085  0.507174  0.524789  0.424670  0.575718  0.477545  0.637492  0.345050  0.340117  0.562454  0.393036  0.586681  0.503660  0.648406  0.593069  0.385926  0.372891  0.568828  0.430841  0.572869  0.407347  0.600446  0.255902  0.458564  0.620783  0.404629  0.337420  0.395750  0.577446  0.505266  0.363575  0.392033  0.356539  0.429617  0.562758  0.567704  0.673687  0.595927  0.644486  0.656163  0.630399  0.597388  0.302992  0.422327  0.345798  0.389363  0.506861  0.658819  0.374217  0.529228  0.518732  0.290485  0.641672  0.837500  0.366086  0.610590  0.688597  0.658670  0.573620  0.545066  0.384918  0.570134  0.485836  0.573577  0.671613  0.379639 
18  0.582176  0.681956  0.577537  0.600963  0.627902  0.560250  0.579843  0.538197  0.543242  0.662004  0.695134  0.580269  0.647476  0.576484  0.551892  0.775928  0.743987  0.691958 0.0  0.568772  0.604706  0.592900  0.506256  0.658116  0.529622  0.681031  0.660264  0.632657  0.619410  0.566592  0.698134  0.501679  0.557358  0.460893  0.611310  0.483147  0.590269  0.609137  0.627227  0.585841  0.597406  0.603345  0.677098  0.648928  0.575261  0.596328  0.525062  0.577673  0.499852  0.578140  0.703027  0.575035  0.731697  0.640342  0.693446  0.658114  0.588038  0.651708  0.658935  0.634352  0.659603  0.578910  0.553387  0.609378  0.573228  0.697002  0.543697  0.464797  0.607204  0.669427  0.613513  0.705662  0.622249  0.748266  0.748703  0.603334  0.606803  0.797841  0.615419  0.570122  0.673185  0.607049  0.574720  0.697053  0.530350  0.726412  0.496642  0.460623  0.597464  0.572877  0.523756  0.562378  0.605854  0.760971  0.566101  0.595223  0.570452  0.600640  0.677458  0.544505  0.634448  0.482721  0.541218  0.746101  0.574833  0.620929  0.558901  0.551902  0.617005  0.627866  0.617564  0.661788  0.746654  0.527033  0.650001  0.755414  0.609567  0.583253  0.501628  0.573562  0.632233  0.622270  0.674873  0.584912  0.695719  0.523488  0.617329  0.616689  0.582189  0.637184  0.693278  0.494673  0.559475  0.661445  0.599403  0.629040  0.537116  0.570466  0.550985  0.614056  0.783298  0.523413  0.649743  0.599628  0.651224  0.653168  0.774958  0.674489  0.520477  0.564641  0.494873  0.735226  0.549399  0.661072  0.573547  0.540625  0.753567  0.574242  0.574356  0.626724  0.563790  0.598154  0.493142  0.670723  0.660011  0.502769  0.493937  0.598784  0.596278  0.568711  0.592518  0.795898  0.542033  0.664670  0.578328  0.593156  0.678515  0.628042  0.623839  0.686126  0.654675  0.743271  0.747468  0.598530  0.516418  0.714817  0.609194  0.921548  0.541577  0.636213  0.550459  0.657935  0.567982  0.501449  0.572239  0.458712  0.705888 
19  0.530571  0.361327  0.621436  0.415971  0.611576  0.567318  0.615471  0.569621  0.601708  0.572905  0.582041  0.502249  0.416446  0.478287  0.654707  0.417279  0.594365  0.421625  0.568772 0.0  0.664980  0.467539  0.497133  0.582428  0.597255  0.468231  0.433829  0.573431  0.596378  0.614607  0.425218  0.364280  0.599020  0.518588  0.575633  0.547510  0.534802  0.585802  0.492367  0.559467  0.555658  0.625637  0.581917  0.611913  0.552637  0.714689  0.437784  0.573110  0.596079  0.557621  0.494125  0.600836  0.512432  0.586260  0.573850  0.556332  0.577516  0.597503  0.621585  0.557033  0.561935  0.414908  0.478086  0.365114  0.437553  0.366084  0.652198  0.411103  0.660088  0.841730  0.389205  0.648729  0.524353  0.613579  0.555301  0.368344  0.437266  0.535216  0.342616  0.372670  0.453133  0.461252  0.560305  0.567199  0.623247  0.593334  0.499193  0.594256  0.467062  0.535549  0.518114  0.378407  0.406650  0.381160  0.373584  0.582588  0.353860  0.648409  0.424896  0.535045  0.705684  0.549749  0.527284  0.615857  0.620629  0.492974  0.592830  0.557601  0.513500  0.674342  0.630174  0.594296  0.792983  0.505587  0.615834  0.698380  0.440794  0.626222  0.573944  0.569454  0.455876  0.681159  0.585598  0.497464  0.387024  0.618920  0.391499  0.612668  0.473327  0.553352  0.551182  0.499630  0.547012  0.466928  0.611370  0.550577  0.542578  0.611684  0.351443  0.386674  0.524478  0.485928  0.618923  0.460526  0.475633  0.643494  0.394282  0.418388  0.475261  0.353410  0.527506  0.428983  0.536669  0.375653  0.390066  0.489009  0.368850  0.341504  0.388528  0.557654  0.485256  0.388645  0.413468  0.374167  0.416495  0.495283  0.530573  0.647847  0.654628  0.594275  0.641247  0.709860  0.585583  0.388537  0.481036  0.406399  0.340480  0.592187  0.584205  0.405279  0.451948  0.589595  0.332259  0.636566  0.452936  0.386260  0.642499  0.527762  0.636569  0.564712  0.615622  0.398322  0.637864  0.416196  0.671104  0.654125  0.470494 
