61
0 0.0  0.517781  0.725849  0.731431  0.413212  0.596849  0.557880  0.400870  0.219300  0.548837  0.659869  0.494371  0.450791  0.509425  0.559623  0.575864  0.471530  0.497586  0.314585  0.253578  0.838019  0.698105  0.490571  0.575978  0.602062  0.456197  0.682909  0.485281  0.670002  0.681758  0.644263  0.420886  0.539998  0.668098  0.259844  0.337106  0.150046  0.692832  0.350261  0.735964  0.267420  0.565581  0.402882  0.546620  0.439056  0.617423  0.405419  0.612096  0.783279  0.286230  0.707061  0.362172  0.580626  0.493687  0.674569  0.285642  0.492724  0.564607  0.653563  0.405964  0.726562 
1  0.517781 0.0  0.643020  0.717480  0.441987  0.563430  0.766781  0.643640  0.696135  0.672614  0.559355  0.567939  0.609405  0.849514  0.940157  0.508041  0.605556  0.467723  0.892964  0.560488  0.728533  0.644238  0.654747  0.518739  0.667174  0.551861  0.683350  0.621008  0.747421  0.478556  0.507332  0.575825  0.624659  0.765419  0.489487  0.671125  0.682276  0.481235  0.679008  0.432255  0.624620  0.749564  0.563527  0.537989  0.640209  0.595081  0.574573  0.475736  0.573042  0.595816  0.605478  0.623161  0.616393  0.778007  0.461905  0.376440  0.518194  0.609689  0.709382  0.717972  0.593606 
2  0.725849  0.643020 0.0  0.687414  0.536730  0.589265  0.899921  0.739530  0.711746  0.897267  0.527908  0.680394  0.638831  0.836060  0.902114  0.550245  0.738227  0.726376  0.901666  0.709506  0.664336  0.658265  0.637673  0.602550  0.585180  0.431783  0.708560  0.619570  0.642410  0.664130  0.529211  0.652448  0.526941  0.599300  0.603338  0.781076  0.684069  0.582837  0.597019  0.420408  0.835505  0.821478  0.791474  0.508691  0.608814  0.727518  0.678408  0.595183  0.575037  0.784141  0.417220  0.623118  0.703683  0.695880  0.558948  0.605469  0.726042  0.557986  0.742203  0.870744  0.466439 
3  0.731431  0.717480  0.687414 0.0  0.674801  0.700383  0.726875  0.674321  0.742380  0.682122  0.712363  0.588859  0.670525  0.642658  0.558418  0.683560  0.635926  0.552763  0.800414  0.772433  0.685243  0.666025  0.749787  0.723940  0.675103  0.751657  0.379301  0.676008  0.654985  0.488078  0.626507  0.592743  0.688206  0.696495  0.795250  0.620680  0.719154  0.843863  0.611436  0.673878  0.591928  0.465298  0.724265  0.659258  0.630693  0.751195  0.716448  0.584510  0.668928  0.740929  0.662327  0.746849  0.727536  0.772304  0.756283  0.566608  0.694051  0.667484  0.525255  0.687355  0.797579 
4  0.413212  0.441987  0.536730  0.674801 0.0  0.637509  0.651108  0.526123  0.494353  0.644212  0.608040  0.484150  0.570930  0.561603  0.837195  0.479647  0.283435  0.586969  0.608863  0.632462  0.576997  0.505223  0.837456  0.300885  0.500954  0.449706  0.550355  0.450236  0.578545  0.547237  0.442995  0.513968  0.374292  0.661630  0.176079  0.378839  0.407839  0.573546  0.568355  0.383296  0.627380  0.778751  0.509637  0.364002  0.437265  0.563536  0.421321  0.317179  0.553348  0.465457  0.685867  0.490266  0.596369  0.665227  0.432257  0.310149  0.310277  0.392295  0.717893  0.375511  0.635637 
5  0.596849  0.563430  0.589265  0.700383  0.637509 0.0  0.674386  0.631759  0.784052  0.658256  0.650625  0.433428  0.577890  0.634897  0.739269  0.638734  0.594688  0.621517  0.661240  0.670755  0.559792  0.620929  0.670041  0.456477  0.553844  0.517665  0.645970  0.699709  0.601653  0.555098  0.596772  0.612963  0.641089  0.696965  0.584142  0.566106  0.632058  0.679597  0.560289  0.522799  0.638101  0.667904  0.633181  0.639776  0.590792  0.587398  0.488825  0.452205  0.769501  0.650838  0.642440  0.605658  0.550508  0.644134  0.526110  0.486294  0.475102  0.450083  0.685299  0.672025  0.564930 
6  0.557880  0.766781  0.899921  0.726875  0.651108  0.674386 0.0  0.617579  0.363674  0.503228  0.929619  0.575523  0.589952  0.379097  0.597453  0.780695  0.754174  0.608540  0.529045  0.410187  0.811491  0.751591  0.675827  0.778221  0.744564  0.614010  0.883071  0.640084  0.719661  0.924651  0.799085  0.615997  0.766788  0.765144  0.717187  0.542702  0.462651  0.817824  0.569016  0.796298  0.732669  0.564146  0.607338  0.818750  0.750751  0.719927  0.732080  0.849339  0.748584  0.508914  0.730216  0.514507  0.599212  0.662934  0.664140  0.651024  0.713112  0.775202  0.705117  0.402579  0.828665 
7  0.400870  0.643640  0.739530  0.674321  0.526123  0.631759  0.617579 0.0  0.373697  0.509735  0.513630  0.526240  0.270601  0.394009  0.611456  0.573142  0.574574  0.538609  0.466117  0.392779  0.797327  0.783656  0.668326  0.565975  0.544158  0.444583  0.661262  0.354015  0.579901  0.685957  0.743662  0.454877  0.394482  0.763470  0.584968  0.351074  0.378432  0.718638  0.494277  0.620172  0.435059  0.683992  0.292200  0.697645  0.419227  0.580245  0.263072  0.619644  0.569406  0.191262  0.575215  0.297076  0.533739  0.460044  0.564943  0.389866  0.541136  0.554353  0.604380  0.436333  0.763275 
8  0.219300  0.696135  0.711746  0.742380  0.494353  0.784052  0.363674  0.373697 0.0  0.422417  0.732128  0.550660  0.405387  0.306903  0.422787  0.609432  0.501422  0.554082  0.425836  0.313858  0.900177  0.730135  0.550488  0.556285  0.505318  0.573093  0.802676  0.523029  0.644511  0.814471  0.722312  0.781284  0.553780  0.706851  0.449581  0.361266  0.351865  0.791081  0.412966  0.679024  0.458661  0.551694  0.608440  0.743216  0.525812  0.555644  0.504666  0.578148  0.761511  0.285057  0.682545  0.299365  0.586734  0.579148  0.771617  0.425471  0.554860  0.529034  0.596068  0.082128  0.733572 
9  0.548837  0.672614  0.897267  0.682122  0.644212  0.658256  0.503228  0.509735  0.422417 0.0  0.688090  0.547401  0.552626  0.469387  0.484774  0.607124  0.757616  0.525610  0.664595  0.408664  0.836918  0.673466  0.636969  0.704119  0.621767  0.709868  0.783934  0.518942  0.626827  0.750155  0.828774  0.462008  0.614970  0.898327  0.667816  0.612576  0.614150  0.726386  0.687401  0.686425  0.477253  0.549440  0.678313  0.678827  0.658876  0.645673  0.650306  0.694070  0.642484  0.346261  0.773474  0.596027  0.587855  0.584962  0.551472  0.432494  0.861217  0.661853  0.712599  0.568921  0.527299 
10  0.659869  0.559355  0.527908  0.712363  0.608040  0.650625  0.929619  0.513630  0.732128  0.688090 0.0  0.498805  0.531416  0.781675  0.668212  0.626849  0.561529  0.569302  0.771018  0.534352  0.671638  0.659869  0.317179  0.629254  0.378311  0.409765  0.858393  0.738069  0.616233  0.794787  0.629041  0.478880  0.709349  0.837516  0.565275  0.604236  0.739270  0.725456  0.349837  0.295122  0.646375  0.629720  0.618105  0.494269  0.483234  0.695073  0.464337  0.579222  0.631255  0.595319  0.361131  0.667977  0.558560  0.443855  0.597099  0.490777  0.754797  0.631752  0.685813  0.731412  0.501633 
11  0.494371  0.567939  0.680394  0.588859  0.484150  0.433428  0.575523  0.526240  0.550660  0.547401  0.498805 0.0  0.336309  0.512134  0.649228  0.470532  0.679521  0.172608  0.663699  0.596444  0.742677  0.621127  0.781448  0.544161  0.496261  0.619551  0.710611  0.515752  0.587591  0.672395  0.622573  0.082128  0.522714  0.812400  0.613522  0.451781  0.599620  0.715799  0.745809  0.557723  0.398972  0.567993  0.562860  0.498087  0.545570  0.705421  0.606212  0.636167  0.726423  0.414075  0.703438  0.532950  0.155976  0.739432  0.614369  0.438313  0.680270  0.428284  0.651237  0.534998  0.777632 
12  0.450791  0.609405  0.638831  0.670525  0.570930  0.577890  0.589952  0.270601  0.405387  0.552626  0.531416  0.336309 0.0  0.428712  0.615493  0.476837  0.652345  0.432345  0.455098  0.240814  0.855605  0.736878  0.662534  0.622503  0.596582  0.688491  0.736273  0.416002  0.676979  0.746506  0.714182  0.272773  0.665441  0.771392  0.603962  0.410778  0.503754  0.771644  0.694819  0.519431  0.463592  0.645248  0.515375  0.654054  0.500712  0.660665  0.417830  0.532869  0.696064  0.206447  0.636129  0.403314  0.328309  0.641378  0.546578  0.326285  0.548350  0.576734  0.796367  0.350826  0.693369 
13  0.509425  0.849514  0.836060  0.642658  0.561603  0.634897  0.379097  0.394009  0.306903  0.469387  0.781675  0.512134  0.428712 0.0  0.552659  0.718255  0.675113  0.462829  0.374381  0.398760  0.770185  0.782518  0.650034  0.651633  0.615841  0.561791  0.645166  0.670297  0.652112  0.780001  0.708482  0.441499  0.617861  0.753987  0.648549  0.429429  0.357753  0.693929  0.534583  0.634848  0.504911  0.443756  0.439102  0.667816  0.690402  0.734660  0.591583  0.680470  0.632655  0.412495  0.855738  0.450440  0.562979  0.500768  0.724735  0.460106  0.679656  0.723603  0.621986  0.351541  0.863710 
14  0.559623  0.940157  0.902114  0.558418  0.837195  0.739269  0.597453  0.611456  0.422787  0.484774  0.668212  0.649228  0.615493  0.552659 0.0  0.730832  0.875993  0.671849  0.172455  0.340534  0.875225  0.695022  0.608573  0.746395  0.613146  0.735832  1.000000  0.662965  0.681356  0.955720  0.902540  0.673445  0.683408  0.914466  0.785631  0.555467  0.512546  0.935013  0.677825  0.819850  0.370641  0.620997  0.433233  0.821517  0.778545  0.603596  0.716307  0.769322  0.812280  0.342572  0.804187  0.442240  0.710924  0.672879  0.901422  0.483572  0.724383  0.661259  0.577097  0.279241  0.688937 
15  0.575864  0.508041  0.550245  0.683560  0.479647  0.638734  0.780695  0.573142  0.609432  0.607124  0.626849  0.470532  0.476837  0.718255  0.730832 0.0  0.359113  0.569234  0.756391  0.435087  0.553589  0.576580  0.754564  0.474559  0.708200  0.688462  0.508914  0.539370  0.555810  0.702575  0.549719  0.510008  0.458754  0.711656  0.399901  0.546282  0.623936  0.656857  0.722802  0.440827  0.524534  0.569593  0.592707  0.521644  0.516764  0.413058  0.503042  0.318200  0.520994  0.463072  0.684372  0.612146  0.584826  0.757193  0.449171  0.606692  0.390207  0.531652  0.613492  0.616076  0.621519 
16  0.471530  0.605556  0.738227  0.635926  0.283435  0.594688  0.754174  0.574574  0.501422  0.757616  0.561529  0.679521  0.652345  0.675113  0.875993  0.359113 0.0  0.572562  0.542950  0.601946  0.553639  0.708467  0.736488  0.380516  0.545250  0.479722  0.389432  0.558881  0.500985  0.543282  0.438668  0.536309  0.403019  0.550020  0.126371  0.441143  0.533662  0.687199  0.606152  0.445231  0.702560  0.676584  0.514128  0.436394  0.476407  0.632526  0.355992  0.304348  0.630837  0.700485  0.636713  0.362912  0.627574  0.755848  0.640836  0.356691  0.249550  0.531978  0.675682  0.642636  0.616602 
17  0.497586  0.467723  0.726376  0.552763  0.586969  0.621517  0.608540  0.538609  0.554082  0.525610  0.569302  0.172608  0.432345  0.462829  0.671849  0.569234  0.572562 0.0  0.642775  0.514566  0.700950  0.612339  0.656295  0.644278  0.486322  0.576193  0.603024  0.590287  0.509424  0.775732  0.524210  0.199206  0.515836  0.579910  0.576409  0.518723  0.519789  0.650066  0.540546  0.568871  0.486063  0.449217  0.404867  0.557068  0.496068  0.641190  0.475430  0.564661  0.649256  0.548646  0.674067  0.466287  0.323657  0.587989  0.518451  0.418251  0.658386  0.507813  0.698601  0.525410  0.689385 
18  0.314585  0.892964  0.901666  0.800414  0.608863  0.661240  0.529045  0.466117  0.425836  0.664595  0.771018  0.663699  0.455098  0.374381  0.172455  0.756391  0.542950  0.642775 0.0  0.508140  0.892447  0.784750  0.658771  0.746640  0.685853  0.705579  0.979202  0.626596  0.700962  0.924762  0.936114  0.672894  0.661846  0.843580  0.675742  0.520963  0.491275  0.815211  0.565111  0.815699  0.498078  0.579947  0.521257  0.754093  0.641694  0.631472  0.749689  0.818632  0.704785  0.333805  0.684549  0.325295  0.771439  0.449355  0.834760  0.677395  0.678432  0.656837  0.616088  0.327821  0.682344 
19  0.253578  0.560488  0.709506  0.772433  0.632462  0.670755  0.410187  0.392779  0.313858  0.408664  0.534352  0.596444  0.240814  0.398760  0.340534  0.435087  0.601946  0.514566  0.508140 0.0  0.861839  0.764674  0.431111  0.637618  0.777041  0.569751  0.791416  0.544606  0.690148  0.779986  0.706228  0.531664  0.553692  0.916635  0.669533  0.440689  0.212412  0.799420  0.497992  0.541573  0.227401  0.677590  0.437382  0.680898  0.557433  0.574901  0.507265  0.451104  0.648449  0.164741  0.749124  0.373741  0.576556  0.562278  0.676283  0.511799  0.587287  0.481319  0.715989  0.224800  0.581824 
20  0.838019  0.728533  0.664336  0.685243  0.576997  0.559792  0.811491  0.797327  0.900177  0.836918  0.671638  0.742677  0.855605  0.770185  0.875225  0.553589  0.553639  0.700950  0.892447  0.861839 0.0  0.677871  0.672993  0.604401  0.680173  0.719380  0.601829  0.716271  0.648397  0.556476  0.332027  0.833993  0.643477  0.596346  0.597973  0.772004  0.824433  0.658011  0.776852  0.603117  0.948621  0.779095  0.780965  0.532556  0.831876  0.818454  0.726721  0.664826  0.657003  0.803236  0.695408  0.785973  0.833875  0.832279  0.409007  0.658116  0.605807  0.692455  0.708639  0.940819  0.617496 
21  0.698105  0.644238  0.658265  0.666025  0.505223  0.620929  0.751591  0.783656  0.730135  0.673466  0.659869  0.621127  0.736878  0.782518  0.695022  0.576580  0.708467  0.612339  0.784750  0.764674  0.677871 0.0  0.720296  0.522225  0.619362  0.537267  0.580408  0.732150  0.715411  0.450009  0.488790  0.686398  0.564926  0.700511  0.583010  0.715242  0.833768  0.454754  0.709407  0.645736  0.676915  0.679761  0.695390  0.545052  0.632186  0.658765  0.715483  0.586307  0.757077  0.748694  0.663357  0.689203  0.669853  0.802567  0.620524  0.700780  0.521485  0.614998  0.637067  0.684745  0.641554 
22  0.490571  0.654747  0.637673  0.749787  0.837456  0.670041  0.675827  0.668326  0.550488  0.636969  0.317179  0.781448  0.662534  0.650034  0.608573  0.754564  0.736488  0.656295  0.658771  0.431111  0.672993  0.720296 0.0  0.682940  0.523608  0.498500  0.889958  0.743273  0.636171  0.904150  0.716574  0.732885  0.735967  0.598442  0.714088  0.680308  0.583760  0.801752  0.262419  0.432242  0.496796  0.511403  0.561042  0.799625  0.599634  0.667539  0.726755  0.836509  0.686801  0.620464  0.429541  0.544966  0.712906  0.220386  0.774064  0.815147  0.647632  0.660290  0.768585  0.465607  0.442570 
23  0.575978  0.518739  0.602550  0.723940  0.300885  0.456477  0.778221  0.565975  0.556285  0.704119  0.629254  0.544161  0.622503  0.651633  0.746395  0.474559  0.380516  0.644278  0.746640  0.637618  0.604401  0.522225  0.682940 0.0  0.593447  0.664699  0.462081  0.504904  0.633222  0.465188  0.570946  0.667952  0.399018  0.657152  0.329917  0.523876  0.660108  0.420264  0.711386  0.568658  0.690054  0.596711  0.561483  0.499039  0.467455  0.502470  0.464618  0.377381  0.666302  0.626811  0.667167  0.528860  0.619297  0.782018  0.436476  0.346785  0.410357  0.490464  0.716301  0.595807  0.682314 
24  0.602062  0.667174  0.585180  0.675103  0.500954  0.553844  0.744564  0.544158  0.505318  0.621767  0.378311  0.496261  0.596582  0.615841  0.613146  0.708200  0.545250  0.486322  0.685853  0.777041  0.680173  0.619362  0.523608  0.593447 0.0  0.350597  0.719645  0.629937  0.704454  0.628855  0.512666  0.544701  0.624575  0.754730  0.514932  0.533815  0.723695  0.606144  0.361779  0.380261  0.605816  0.699194  0.422747  0.625021  0.582054  0.894848  0.669338  0.706038  0.641392  0.677735  0.463612  0.605019  0.553463  0.416913  0.607890  0.521567  0.609159  0.533396  0.665631  0.556747  0.514658 
25  0.456197  0.551861  0.431783  0.751657  0.449706  0.517665  0.614010  0.444583  0.573093  0.709868  0.409765  0.619551  0.688491  0.561791  0.735832  0.688462  0.479722  0.576193  0.705579  0.569751  0.719380  0.537267  0.498500  0.664699  0.350597 0.0  0.741503  0.579929  0.673553  0.524448  0.491498  0.639739  0.525322  0.612422  0.547003  0.379034  0.621716  0.629694  0.341669  0.416476  0.622111  0.769005  0.467205  0.449174  0.501419  0.897093  0.546644  0.531655  0.583674  0.535604  0.312048  0.536764  0.465084  0.455902  0.447737  0.348365  0.520452  0.565300  0.714556  0.622307  0.579554 
26  0.682909  0.683350  0.708560  0.379301  0.550355  0.645970  0.883071  0.661262  0.802676  0.783934  0.858393  0.710611  0.736273  0.645166  1.000000  0.508914  0.389432  0.603024  0.979202  0.791416  0.601829  0.580408  0.889958  0.462081  0.719645  0.741503 0.0  0.654836  0.534286  0.163164  0.364696  0.668692  0.465004  0.582498  0.513866  0.616527  0.806559  0.596032  0.909245  0.600415  0.795506  0.626582  0.658268  0.429214  0.627933  0.740082  0.678412  0.505002  0.717623  0.769591  0.752578  0.735625  0.632458  0.921850  0.517443  0.489575  0.502647  0.585083  0.515654  0.829178  0.791406 
27  0.485281  0.621008  0.619570  0.676008  0.450236  0.699709  0.640084  0.354015  0.523029  0.518942  0.738069  0.515752  0.416002  0.670297  0.662965  0.539370  0.558881  0.590287  0.626596  0.544606  0.716271  0.732150  0.743273  0.504904  0.629937  0.579929  0.654836 0.0  0.729683  0.624347  0.740193  0.634780  0.591270  0.657051  0.535164  0.464511  0.391968  0.770974  0.743651  0.711103  0.545501  0.718496  0.547371  0.651011  0.478727  0.543918  0.400085  0.657257  0.553933  0.489886  0.674439  0.394845  0.679769  0.788599  0.529131  0.453583  0.578066  0.617015  0.697016  0.466641  0.652260 
28  0.670002  0.747421  0.642410  0.654985  0.578545  0.601653  0.719661  0.579901  0.644511  0.626827  0.616233  0.587591  0.676979  0.652112  0.681356  0.555810  0.500985  0.509424  0.700962  0.690148  0.648397  0.715411  0.636171  0.633222  0.704454  0.673553  0.534286  0.729683 0.0  0.774050  0.541990  0.757701  0.543203  0.484452  0.558676  0.645594  0.617905  0.578289  0.724056  0.661954  0.663510  0.620175  0.707973  0.720227  0.596576  0.699249  0.674998  0.530470  0.616236  0.587258  0.795038  0.615853  0.616602  0.671520  0.547056  0.645964  0.586637  0.662634  0.643317  0.578493  0.492515 
29  0.681758  0.478556  0.664130  0.488078  0.547237  0.555098  0.924651  0.685957  0.814471  0.750155  0.794787  0.672395  0.746506  0.780001  0.955720  0.702575  0.543282  0.775732  0.924762  0.779986  0.556476  0.450009  0.904150  0.465188  0.628855  0.524448  0.163164  0.624347  0.774050 0.0  0.459603  0.761570  0.600184  0.633836  0.600608  0.716177  0.845999  0.583916  0.774396  0.597658  0.867747  0.763856  0.662092  0.481596  0.697427  0.692829  0.550149  0.661623  0.557457  0.822628  0.651477  0.685278  0.813447  0.798412  0.573324  0.579918  0.630699  0.701291  0.540431  0.850648  0.661104 
30  0.644263  0.507332  0.529211  0.626507  0.442995  0.596772  0.799085  0.743662  0.722312  0.828774  0.629041  0.622573  0.714182  0.708482  0.902540  0.549719  0.438668  0.524210  0.936114  0.706228  0.332027  0.488790  0.716574  0.570946  0.512666  0.491498  0.364696  0.740193  0.541990  0.459603 0.0  0.725240  0.587788  0.330176  0.434459  0.702303  0.613003  0.638059  0.778601  0.499825  0.739123  0.680366  0.682509  0.500308  0.775155  0.671956  0.679066  0.623874  0.557941  0.788838  0.738870  0.584460  0.765974  0.665736  0.512784  0.613246  0.515394  0.559601  0.764131  0.871471  0.583988 
31  0.420886  0.575825  0.652448  0.592743  0.513968  0.612963  0.615997  0.454877  0.781284  0.462008  0.478880  0.082128  0.272773  0.441499  0.673445  0.510008  0.536309  0.199206  0.672894  0.531664  0.833993  0.686398  0.732885  0.667952  0.544701  0.639739  0.668692  0.634780  0.757701  0.761570  0.725240 0.0  0.409055  0.741660  0.682927  0.368735  0.706768  0.740458  0.713724  0.523355  0.367887  0.497506  0.531524  0.566220  0.480592  0.761560  0.599535  0.568577  0.568342  0.452222  0.639926  0.560187  0.245038  0.671951  0.546137  0.383472  0.751404  0.629066  0.703237  0.577855  0.843329 
32  0.539998  0.624659  0.526941  0.688206  0.374292  0.641089  0.766788  0.394482  0.553780  0.614970  0.709349  0.522714  0.665441  0.617861  0.683408  0.458754  0.403019  0.515836  0.661846  0.553692  0.643477  0.564926  0.735967  0.399018  0.624575  0.525322  0.465004  0.591270  0.543203  0.600184  0.587788  0.409055 0.0  0.730925  0.391130  0.533111  0.569407  0.608836  0.717609  0.549459  0.446178  0.695950  0.524512  0.560547  0.441192  0.554271  0.553342  0.259998  0.681006  0.570762  0.817233  0.591531  0.582526  0.764467  0.510834  0.478596  0.463112  0.346400  0.669098  0.587000  0.631039 
33  0.668098  0.765419  0.599300  0.696495  0.661630  0.696965  0.765144  0.763470  0.706851  0.898327  0.837516  0.812400  0.771392  0.753987  0.914466  0.711656  0.550020  0.579910  0.843580  0.916635  0.596346  0.700511  0.598442  0.657152  0.754730  0.612422  0.582498  0.657051  0.484452  0.633836  0.330176  0.741660  0.730925 0.0  0.698813  0.811554  0.862770  0.784047  0.722215  0.622071  0.666291  0.734450  0.807095  0.510836  0.738920  0.814897  0.635654  0.812480  0.721590  0.772340  0.757186  0.763646  0.935988  0.645567  0.588750  0.770348  0.631086  0.679615  0.712650  0.801037  0.595439 
34  0.259844  0.489487  0.603338  0.795250  0.176079  0.584142  0.717187  0.584968  0.449581  0.667816  0.565275  0.613522  0.603962  0.648549  0.785631  0.399901  0.126371  0.576409  0.675742  0.669533  0.597973  0.583010  0.714088  0.329917  0.514932  0.547003  0.513866  0.535164  0.558676  0.600608  0.434459  0.682927  0.391130  0.698813 0.0  0.411652  0.603278  0.589459  0.593628  0.415208  0.586770  0.623695  0.519302  0.441069  0.426268  0.598446  0.317638  0.291861  0.708145  0.676457  0.677147  0.410969  0.662409  0.687392  0.551321  0.320396  0.289597  0.504123  0.633839  0.463473  0.684098 
35  0.337106  0.671125  0.781076  0.620680  0.378839  0.566106  0.542702  0.351074  0.361266  0.612576  0.604236  0.451781  0.410778  0.429429  0.555467  0.546282  0.441143  0.518723  0.520963  0.440689  0.772004  0.715242  0.680308  0.523876  0.533815  0.379034  0.616527  0.464511  0.645594  0.716177  0.702303  0.368735  0.533111  0.811554  0.411652 0.0  0.393213  0.747976  0.505061  0.447996  0.280517  0.666540  0.262579  0.627623  0.472511  0.690470  0.299296  0.506307  0.728793  0.352415  0.622997  0.342882  0.566765  0.597926  0.630223  0.299578  0.598609  0.558754  0.775144  0.381735  0.719021 
36  0.150046  0.682276  0.684069  0.719154  0.407839  0.632058  0.462651  0.378432  0.351865  0.614150  0.739270  0.599620  0.503754  0.357753  0.512546  0.623936  0.533662  0.519789  0.491275  0.212412  0.824433  0.833768  0.583760  0.660108  0.723695  0.621716  0.806559  0.391968  0.617905  0.845999  0.613003  0.706768  0.569407  0.862770  0.603278  0.393213 0.0  0.744434  0.411299  0.700796  0.476991  0.600406  0.488632  0.674079  0.647074  0.655304  0.418405  0.476912  0.745033  0.261607  0.747824  0.264181  0.643351  0.515795  0.567607  0.489758  0.364182  0.586773  0.643782  0.235309  0.783912 
37  0.692832  0.481235  0.582837  0.843863  0.573546  0.679597  0.817824  0.718638  0.791081  0.726386  0.725456  0.715799  0.771644  0.693929  0.935013  0.656857  0.687199  0.650066  0.815211  0.799420  0.658011  0.454754  0.801752  0.420264  0.606144  0.629694  0.596032  0.770974  0.578289  0.583916  0.638059  0.740458  0.608836  0.784047  0.589459  0.747976  0.744434 0.0  0.632798  0.672267  0.831018  0.780871  0.744785  0.617656  0.758475  0.701808  0.737249  0.557450  0.721444  0.800949  0.665560  0.694422  0.869263  0.724586  0.481765  0.763723  0.514517  0.628596  0.654939  0.811585  0.631798 
38  0.350261  0.679008  0.597019  0.611436  0.568355  0.560289  0.569016  0.494277  0.412966  0.687401  0.349837  0.745809  0.694819  0.534583  0.677825  0.722802  0.606152  0.540546  0.565111  0.497992  0.776852  0.709407  0.262419  0.711386  0.361779  0.341669  0.909245  0.743651  0.724056  0.774396  0.778601  0.713724  0.717609  0.722215  0.593628  0.505061  0.411299  0.632798 0.0  0.477180  0.610066  0.483043  0.614258  0.754598  0.714440  0.673017  0.732117  0.767136  0.667362  0.453183  0.400967  0.454847  0.641351  0.183277  0.611722  0.586037  0.532385  0.735451  0.739101  0.411176  0.548514 
39  0.735964  0.432255  0.420408  0.673878  0.383296  0.522799  0.796298  0.620172  0.679024  0.686425  0.295122  0.557723  0.519431  0.634848  0.819850  0.440827  0.445231  0.568871  0.815699  0.541573  0.603117  0.645736  0.432242  0.568658  0.380261  0.416476  0.600415  0.711103  0.661954  0.597658  0.499825  0.523355  0.549459  0.622071  0.415208  0.447996  0.700796  0.672267  0.477180 0.0  0.533581  0.680199  0.477830  0.487699  0.617421  0.633235  0.629566  0.489153  0.599477  0.681062  0.552031  0.575263  0.582561  0.450365  0.521600  0.525196  0.527565  0.430240  0.730060  0.690134  0.291220 
40  0.267420  0.624620  0.835505  0.591928  0.627380  0.638101  0.732669  0.435059  0.458661  0.477253  0.646375  0.398972  0.463592  0.504911  0.370641  0.524534  0.702560  0.486063  0.498078  0.227401  0.948621  0.676915  0.496796  0.690054  0.605816  0.622111  0.795506  0.545501  0.663510  0.867747  0.739123  0.367887  0.446178  0.666291  0.586770  0.280517  0.476991  0.831018  0.610066  0.533581 0.0  0.640653  0.357154  0.699617  0.616861  0.576999  0.319686  0.602075  0.601094  0.312554  0.709456  0.345655  0.575342  0.528669  0.684298  0.452487  0.643548  0.615461  0.625995  0.355721  0.627605 
41  0.565581  0.749564  0.821478  0.465298  0.778751  0.667904  0.564146  0.683992  0.551694  0.549440  0.629720  0.567993  0.645248  0.443756  0.620997  0.569593  0.676584  0.449217  0.579947  0.677590  0.779095  0.679761  0.511403  0.596711  0.699194  0.769005  0.626582  0.718496  0.620175  0.763856  0.680366  0.497506  0.695950  0.734450  0.623695  0.666540  0.600406  0.780871  0.483043  0.680199  0.640653 0.0  0.565412  0.714224  0.693805  0.735765  0.718560  0.726673  0.663474  0.487065  0.758957  0.506103  0.598718  0.622657  0.628585  0.570512  0.713128  0.653216  0.570000  0.628693  0.644776 
42  0.402882  0.563527  0.791474  0.724265  0.509637  0.633181  0.607338  0.292200  0.608440  0.678313  0.618105  0.562860  0.515375  0.439102  0.433233  0.592707  0.514128  0.404867  0.521257  0.437382  0.780965  0.695390  0.561042  0.561483  0.422747  0.467205  0.658268  0.547371  0.707973  0.662092  0.682509  0.531524  0.524512  0.807095  0.519302  0.262579  0.488632  0.744785  0.614258  0.477830  0.357154  0.565412 0.0  0.607713  0.540322  0.726252  0.383848  0.593523  0.507824  0.414452  0.595208  0.376812  0.518726  0.614373  0.723270  0.155387  0.540303  0.579194  0.751017  0.540289  0.737070 
43  0.546620  0.537989  0.508691  0.659258  0.364002  0.639776  0.818750  0.697645  0.743216  0.678827  0.494269  0.498087  0.654054  0.667816  0.821517  0.521644  0.436394  0.557068  0.754093  0.680898  0.532556  0.545052  0.799625  0.499039  0.625021  0.449174  0.429214  0.651011  0.720227  0.481596  0.500308  0.566220  0.560547  0.510836  0.441069  0.627623  0.674079  0.617656  0.754598  0.487699  0.699617  0.714224  0.607713 0.0  0.695717  0.670217  0.462532  0.392926  0.565768  0.530109  0.629878  0.644683  0.601132  0.763673  0.507672  0.600186  0.390545  0.417079  0.654295  0.638526  0.611294 
44  0.439056  0.640209  0.608814  0.630693  0.437265  0.590792  0.750751  0.419227  0.525812  0.658876  0.483234  0.545570  0.500712  0.690402  0.778545  0.516764  0.476407  0.496068  0.641694  0.557433  0.831876  0.632186  0.599634  0.467455  0.582054  0.501419  0.627933  0.478727  0.596576  0.697427  0.775155  0.480592  0.441192  0.738920  0.426268  0.472511  0.647074  0.758475  0.714440  0.617421  0.616861  0.693805  0.540322  0.695717 0.0  0.645245  0.335436  0.458631  0.640775  0.573045  0.552719  0.560361  0.624530  0.583718  0.574860  0.338682  0.440587  0.595350  0.686024  0.645656  0.696922 
45  0.617423  0.595081  0.727518  0.751195  0.563536  0.587398  0.719927  0.580245  0.555644  0.645673  0.695073  0.705421  0.660665  0.734660  0.603596  0.413058  0.632526  0.641190  0.631472  0.574901  0.818454  0.658765  0.667539  0.502470  0.894848  0.897093  0.740082  0.543918  0.699249  0.692829  0.671956  0.761560  0.554271  0.814897  0.598446  0.690470  0.655304  0.701808  0.673017  0.633235  0.576999  0.735765  0.726252  0.670217  0.645245 0.0  0.555275  0.503880  0.646858  0.688317  0.709988  0.651060  0.755995  0.818341  0.451645  0.637946  0.625980  0.579588  0.577269  0.732773  0.558730 
46  0.405419  0.574573  0.678408  0.716448  0.421321  0.488825  0.732080  0.263072  0.504666  0.650306  0.464337  0.606212  0.417830  0.591583  0.716307  0.503042  0.355992  0.475430  0.749689  0.507265  0.726721  0.715483  0.726755  0.464618  0.669338  0.546644  0.678412  0.400085  0.674998  0.550149  0.679066  0.599535  0.553342  0.635654  0.317638  0.299296  0.418405  0.737249  0.732117  0.629566  0.319686  0.718560  0.383848  0.462532  0.335436  0.555275 0.0  0.492908  0.591354  0.461516  0.563141  0.517385  0.585915  0.563683  0.628684  0.310518  0.478945  0.614697  0.610302  0.613773  0.727977 
47  0.612096  0.475736  0.595183  0.584510  0.317179  0.452205  0.849339  0.619644  0.578148  0.694070  0.579222  0.636167  0.532869  0.680470  0.769322  0.318200  0.304348  0.564661  0.818632  0.451104  0.664826  0.586307  0.836509  0.377381  0.706038  0.531655  0.505002  0.657257  0.530470  0.661623  0.623874  0.568577  0.259998  0.812480  0.291861  0.506307  0.476912  0.557450  0.767136  0.489153  0.602075  0.726673  0.593523  0.392926  0.458631  0.503880  0.492908 0.0  0.600276  0.659485  0.763939  0.566880  0.558378  0.741961  0.449593  0.488699  0.408793  0.248976  0.777923  0.723633  0.596564 
48  0.783279  0.573042  0.575037  0.668928  0.553348  0.769501  0.748584  0.569406  0.761511  0.642484  0.631255  0.726423  0.696064  0.632655  0.812280  0.520994  0.630837  0.649256  0.704785  0.648449  0.657003  0.757077  0.686801  0.666302  0.641392  0.583674  0.717623  0.553933  0.616236  0.557457  0.557941  0.568342  0.681006  0.721590  0.708145  0.728793  0.745033  0.721444  0.667362  0.599477  0.601094  0.663474  0.507824  0.565768  0.640775  0.646858  0.591354  0.600276 0.0  0.673102  0.594907  0.616939  0.656921  0.705487  0.687528  0.638505  0.681733  0.590243  0.589579  0.758362  0.670117 
49  0.286230  0.595816  0.784141  0.740929  0.465457  0.650838  0.508914  0.191262  0.285057  0.346261  0.595319  0.414075  0.206447  0.412495  0.342572  0.463072  0.700485  0.548646  0.333805  0.164741  0.803236  0.748694  0.620464  0.626811  0.677735  0.535604  0.769591  0.489886  0.587258  0.822628  0.788838  0.452222  0.570762  0.772340  0.676457  0.352415  0.261607  0.800949  0.453183  0.681062  0.312554  0.487065  0.414452  0.530109  0.573045  0.688317  0.461516  0.659485  0.673102 0.0  0.595300  0.457384  0.464469  0.444184  0.636290  0.550865  0.557748  0.550343  0.726897  0.311652  0.608634 
50  0.707061  0.605478  0.417220  0.662327  0.685867  0.642440  0.730216  0.575215  0.682545  0.773474  0.361131  0.703438  0.636129  0.855738  0.804187  0.684372  0.636713  0.674067  0.684549  0.749124  0.695408  0.663357  0.429541  0.667167  0.463612  0.312048  0.752578  0.674439  0.795038  0.651477  0.738870  0.639926  0.817233  0.757186  0.677147  0.622997  0.747824  0.665560  0.400967  0.552031  0.709456  0.758957  0.595208  0.629878  0.552719  0.709988  0.563141  0.763939  0.594907  0.595300 0.0  0.657814  0.674737  0.468956  0.638411  0.614569  0.641426  0.687162  0.698772  0.615493  0.621565 
51  0.362172  0.623161  0.623118  0.746849  0.490266  0.605658  0.514507  0.297076  0.299365  0.596027  0.667977  0.532950  0.403314  0.450440  0.442240  0.612146  0.362912  0.466287  0.325295  0.373741  0.785973  0.689203  0.544966  0.528860  0.605019  0.536764  0.735625  0.394845  0.615853  0.685278  0.584460  0.560187  0.591531  0.763646  0.410969  0.342882  0.264181  0.694422  0.454847  0.575263  0.345655  0.506103  0.376812  0.644683  0.560361  0.651060  0.517385  0.566880  0.616939  0.457384  0.657814 0.0  0.614735  0.475579  0.710731  0.313014  0.439988  0.457914  0.754260  0.251173  0.772507 
52  0.580626  0.616393  0.703683  0.727536  0.596369  0.550508  0.599212  0.533739  0.586734  0.587855  0.558560  0.155976  0.328309  0.562979  0.710924  0.584826  0.627574  0.323657  0.771439  0.576556  0.833875  0.669853  0.712906  0.619297  0.553463  0.465084  0.632458  0.679769  0.616602  0.813447  0.765974  0.245038  0.582526  0.935988  0.662409  0.566765  0.643351  0.869263  0.641351  0.582561  0.575342  0.598718  0.518726  0.601132  0.624530  0.755995  0.585915  0.558378  0.656921  0.464469  0.674737  0.614735 0.0  0.614870  0.562640  0.469895  0.517562  0.622126  0.637329  0.437351  0.716075 
53  0.493687  0.778007  0.695880  0.772304  0.665227  0.644134  0.662934  0.460044  0.579148  0.584962  0.443855  0.739432  0.641378  0.500768  0.672879  0.757193  0.755848  0.587989  0.449355  0.562278  0.832279  0.802567  0.220386  0.782018  0.416913  0.455902  0.921850  0.788599  0.671520  0.798412  0.665736  0.671951  0.764467  0.645567  0.687392  0.597926  0.515795  0.724586  0.183277  0.450365  0.528669  0.622657  0.614373  0.763673  0.583718  0.818341  0.563683  0.741961  0.705487  0.444184  0.468956  0.475579  0.614870 0.0  0.662311  0.543428  0.630931  0.707516  0.753550  0.481976  0.582790 
54  0.674569  0.461905  0.558948  0.756283  0.432257  0.526110  0.664140  0.564943  0.771617  0.551472  0.597099  0.614369  0.546578  0.724735  0.901422  0.449171  0.640836  0.518451  0.834760  0.676283  0.409007  0.620524  0.774064  0.436476  0.607890  0.447737  0.517443  0.529131  0.547056  0.573324  0.512784  0.546137  0.510834  0.588750  0.551321  0.630223  0.567607  0.481765  0.611722  0.521600  0.684298  0.628585  0.723270  0.507672  0.574860  0.451645  0.628684  0.449593  0.687528  0.636290  0.638411  0.710731  0.562640  0.662311 0.0  0.535321  0.478170  0.472651  0.669533  0.623067  0.631888 
55  0.285642  0.376440  0.605469  0.566608  0.310149  0.486294  0.651024  0.389866  0.425471  0.432494  0.490777  0.438313  0.326285  0.460106  0.483572  0.606692  0.356691  0.418251  0.677395  0.511799  0.658116  0.700780  0.815147  0.346785  0.521567  0.348365  0.489575  0.453583  0.645964  0.579918  0.613246  0.383472  0.478596  0.770348  0.320396  0.299578  0.489758  0.763723  0.586037  0.525196  0.452487  0.570512  0.155387  0.600186  0.338682  0.637946  0.310518  0.488699  0.638505  0.550865  0.614569  0.313014  0.469895  0.543428  0.535321 0.0  0.385034  0.499408  0.810898  0.584053  0.750230 
56  0.492724  0.518194  0.726042  0.694051  0.310277  0.475102  0.713112  0.541136  0.554860  0.861217  0.754797  0.680270  0.548350  0.679656  0.724383  0.390207  0.249550  0.658386  0.678432  0.587287  0.605807  0.521485  0.647632  0.410357  0.609159  0.520452  0.502647  0.578066  0.586637  0.630699  0.515394  0.751404  0.463112  0.631086  0.289597  0.598609  0.364182  0.514517  0.532385  0.527565  0.643548  0.713128  0.540303  0.390545  0.440587  0.625980  0.478945  0.408793  0.681733  0.557748  0.641426  0.439988  0.517562  0.630931  0.478170  0.385034 0.0  0.626379  0.764970  0.496884  0.505927 
57  0.564607  0.609689  0.557986  0.667484  0.392295  0.450083  0.775202  0.554353  0.529034  0.661853  0.631752  0.428284  0.576734  0.723603  0.661259  0.531652  0.531978  0.507813  0.656837  0.481319  0.692455  0.614998  0.660290  0.490464  0.533396  0.565300  0.585083  0.617015  0.662634  0.701291  0.559601  0.629066  0.346400  0.679615  0.504123  0.558754  0.586773  0.628596  0.735451  0.430240  0.615461  0.653216  0.579194  0.417079  0.595350  0.579588  0.614697  0.248976  0.590243  0.550343  0.687162  0.457914  0.622126  0.707516  0.472651  0.499408  0.626379 0.0  0.756800  0.718853  0.715493 
58  0.653563  0.709382  0.742203  0.525255  0.717893  0.685299  0.705117  0.604380  0.596068  0.712599  0.685813  0.651237  0.796367  0.621986  0.577097  0.613492  0.675682  0.698601  0.616088  0.715989  0.708639  0.637067  0.768585  0.716301  0.665631  0.714556  0.515654  0.697016  0.643317  0.540431  0.764131  0.703237  0.669098  0.712650  0.633839  0.775144  0.643782  0.654939  0.739101  0.730060  0.625995  0.570000  0.751017  0.654295  0.686024  0.577269  0.610302  0.777923  0.589579  0.726897  0.698772  0.754260  0.637329  0.753550  0.669533  0.810898  0.764970  0.756800 0.0  0.785425  0.795168 
59  0.405964  0.717972  0.870744  0.687355  0.375511  0.672025  0.402579  0.436333  0.082128  0.568921  0.731412  0.534998  0.350826  0.351541  0.279241  0.616076  0.642636  0.525410  0.327821  0.224800  0.940819  0.684745  0.465607  0.595807  0.556747  0.622307  0.829178  0.466641  0.578493  0.850648  0.871471  0.577855  0.587000  0.801037  0.463473  0.381735  0.235309  0.811585  0.411176  0.690134  0.355721  0.628693  0.540289  0.638526  0.645656  0.732773  0.613773  0.723633  0.758362  0.311652  0.615493  0.251173  0.437351  0.481976  0.623067  0.584053  0.496884  0.718853  0.785425 0.0  0.731221 
60  0.726562  0.593606  0.466439  0.797579  0.635637  0.564930  0.828665  0.763275  0.733572  0.527299  0.501633  0.777632  0.693369  0.863710  0.688937  0.621519  0.616602  0.689385  0.682344  0.581824  0.617496  0.641554  0.442570  0.682314  0.514658  0.579554  0.791406  0.652260  0.492515  0.661104  0.583988  0.843329  0.631039  0.595439  0.684098  0.719021  0.783912  0.631798  0.548514  0.291220  0.627605  0.644776  0.737070  0.611294  0.696922  0.558730  0.727977  0.596564  0.670117  0.608634  0.621565  0.772507  0.716075  0.582790  0.631888  0.750230  0.505927  0.715493  0.795168  0.731221 0.0 
