61
0 0.0  0.522347  0.597548  0.584817  0.483444  0.574096  0.497588  0.372586  0.207650  0.478666  0.641818  0.506857  0.451973  0.416738  0.478036  0.599493  0.543087  0.340757  0.451983  0.347034  0.784458  0.749435  0.425789  0.457849  0.518543  0.435115  0.562531  0.482985  0.520285  0.721186  0.655290  0.427411  0.454456  0.602085  0.430771  0.319753  0.271731  0.657221  0.363118  0.570699  0.316321  0.494626  0.278570  0.592606  0.482914  0.605314  0.394483  0.540004  0.565756  0.339133  0.655713  0.278224  0.551630  0.431020  0.594138  0.269601  0.521761  0.485816  0.621492  0.282351  0.623310 
1  0.522347 0.0  0.455943  0.705120  0.460391  0.421203  0.754934  0.697804  0.742348  0.669859  0.619485  0.579229  0.642855  0.694187  0.757146  0.399714  0.453487  0.570512  0.780771  0.607345  0.599173  0.539280  0.514565  0.519981  0.679661  0.549837  0.613559  0.691943  0.515029  0.640314  0.643104  0.612211  0.569577  0.654299  0.538270  0.690013  0.775137  0.460574  0.702621  0.312183  0.718820  0.608689  0.583627  0.446333  0.525635  0.497299  0.605571  0.435893  0.504355  0.599533  0.639434  0.608624  0.506511  0.714297  0.472534  0.544339  0.499696  0.581439  0.685181  0.761254  0.663199 
2  0.597548  0.455943 0.0  0.597138  0.525214  0.519933  0.792658  0.670215  0.713979  0.789723  0.373809  0.766117  0.674508  0.781368  0.790080  0.669498  0.645963  0.680336  0.911824  0.570419  0.671970  0.527027  0.642364  0.559724  0.612629  0.402054  0.621960  0.617585  0.619072  0.611365  0.517470  0.669170  0.562086  0.609247  0.674914  0.684965  0.684921  0.589237  0.518117  0.422573  0.706269  0.709231  0.755505  0.494985  0.563053  0.685660  0.629190  0.409280  0.477282  0.720566  0.457072  0.655948  0.680526  0.507723  0.489162  0.646886  0.569553  0.484708  0.712150  0.855202  0.491098 
3  0.584817  0.705120  0.597138 0.0  0.568304  0.544280  0.709291  0.687104  0.714316  0.580727  0.717131  0.584590  0.712208  0.585465  0.751394  0.678801  0.516766  0.623987  0.666701  0.813160  0.671174  0.622281  0.755990  0.620485  0.698939  0.702050  0.424656  0.717651  0.650804  0.481021  0.657872  0.595958  0.531070  0.639268  0.617559  0.640969  0.655700  0.864978  0.744122  0.730030  0.636322  0.554454  0.598962  0.546881  0.745937  0.620237  0.689634  0.622347  0.573530  0.718510  0.727238  0.650075  0.785478  0.803233  0.627857  0.671456  0.656709  0.655908  0.518318  0.637217  0.660728 
4  0.483444  0.460391  0.525214  0.568304 0.0  0.523039  0.629140  0.426180  0.515014  0.700879  0.500427  0.438289  0.600104  0.702249  0.650123  0.336168  0.268463  0.413233  0.581864  0.489161  0.663149  0.550984  0.679553  0.427287  0.492935  0.481979  0.475820  0.543173  0.495814  0.629171  0.463039  0.496844  0.405282  0.586122  0.095987  0.427924  0.487996  0.614837  0.587707  0.476840  0.533371  0.643441  0.514906  0.522047  0.408308  0.606148  0.432747  0.321281  0.588002  0.578309  0.635242  0.437199  0.530119  0.650781  0.510520  0.358620  0.319083  0.351894  0.687150  0.435896  0.595519 
5  0.574096  0.421203  0.519933  0.544280  0.523039 0.0  0.653058  0.519564  0.695105  0.555728  0.620916  0.570505  0.522762  0.586381  0.580586  0.555189  0.506557  0.578022  0.702071  0.595342  0.527487  0.499815  0.627203  0.540242  0.593407  0.471853  0.509303  0.630701  0.730664  0.576537  0.589349  0.604510  0.563790  0.591814  0.471797  0.522285  0.707691  0.523883  0.610157  0.554756  0.633621  0.698728  0.514358  0.652343  0.654465  0.642301  0.517568  0.536306  0.565141  0.563524  0.661618  0.672443  0.600304  0.513294  0.445121  0.571966  0.487600  0.598591  0.651839  0.707123  0.576468 
6  0.497588  0.754934  0.792658  0.709291  0.629140  0.653058 0.0  0.488316  0.450454  0.497327  0.786894  0.641481  0.671603  0.255877  0.474875  0.694528  0.695063  0.593391  0.515438  0.474937  0.887684  0.717564  0.570904  0.809722  0.618489  0.535898  0.748701  0.633076  0.651595  0.819942  0.700318  0.687777  0.690289  0.741183  0.736779  0.489666  0.383832  0.835316  0.617677  0.769925  0.553331  0.568997  0.686126  0.666898  0.740698  0.810055  0.615157  0.787299  0.557490  0.469992  0.676288  0.501194  0.632473  0.565353  0.610621  0.454403  0.677581  0.839522  0.609295  0.321244  0.818453 
7  0.372586  0.697804  0.670215  0.687104  0.426180  0.519564  0.488316 0.0  0.364794  0.522130  0.491531  0.543201  0.298030  0.466175  0.540914  0.486211  0.542806  0.596740  0.581550  0.390885  0.811119  0.695411  0.651634  0.576218  0.519754  0.579411  0.678441  0.376238  0.606103  0.721450  0.698322  0.489146  0.435366  0.681972  0.437761  0.379659  0.300185  0.728712  0.497315  0.611400  0.342668  0.615091  0.410727  0.616817  0.413561  0.657116  0.261872  0.563236  0.606295  0.278822  0.655291  0.325083  0.452445  0.503132  0.561504  0.353522  0.477558  0.546468  0.678049  0.462571  0.791419 
8  0.207650  0.742348  0.713979  0.714316  0.515014  0.695105  0.450454  0.364794 0.0  0.578054  0.653480  0.550153  0.435954  0.495852  0.458535  0.449192  0.591383  0.539472  0.295580  0.258108  0.864545  0.733869  0.492683  0.510422  0.701384  0.580952  0.722500  0.508783  0.598806  0.682616  0.686220  0.492511  0.577386  0.689532  0.461672  0.427596  0.171647  0.686237  0.436373  0.565733  0.419516  0.530132  0.452294  0.532670  0.577205  0.565786  0.580139  0.564436  0.655289  0.352213  0.607917  0.445904  0.595774  0.469275  0.672133  0.441283  0.556496  0.646998  0.581253  0.215340  0.728255 
9  0.478666  0.669859  0.789723  0.580727  0.700879  0.555728  0.497327  0.522130  0.578054 0.0  0.622125  0.492826  0.508860  0.381055  0.565897  0.569810  0.709456  0.469623  0.487280  0.372264  0.758264  0.702037  0.521710  0.715379  0.714951  0.670053  0.739239  0.731348  0.600111  0.753210  0.725986  0.521279  0.559759  0.767078  0.685850  0.517580  0.453986  0.704924  0.554382  0.661509  0.425745  0.501754  0.651208  0.635405  0.694965  0.594035  0.558349  0.547089  0.692507  0.411271  0.675627  0.553493  0.528535  0.586503  0.660647  0.604207  0.733666  0.577097  0.580248  0.522551  0.761409 
10  0.641818  0.619485  0.373809  0.717131  0.500427  0.620916  0.786894  0.491531  0.653480  0.622125 0.0  0.658258  0.504498  0.747340  0.699857  0.572743  0.566123  0.598788  0.745730  0.620079  0.696344  0.715887  0.434958  0.652920  0.342916  0.373886  0.749892  0.728000  0.540961  0.663774  0.595564  0.483082  0.554115  0.681080  0.626159  0.601462  0.714800  0.627171  0.279300  0.423047  0.610013  0.609404  0.433557  0.568698  0.477903  0.671648  0.539253  0.520090  0.608865  0.655193  0.469252  0.588120  0.571100  0.373398  0.612091  0.408290  0.660029  0.485965  0.742862  0.740669  0.460571 
11  0.506857  0.579229  0.766117  0.584590  0.438289  0.570505  0.641481  0.543201  0.550153  0.492826  0.658258 0.0  0.346054  0.428486  0.575905  0.668871  0.528260  0.213607  0.635017  0.502207  0.771839  0.597379  0.715566  0.526778  0.521442  0.585598  0.569294  0.620948  0.581753  0.715792  0.545885  0.265270  0.572839  0.666767  0.492190  0.505796  0.550074  0.737151  0.773422  0.547454  0.457214  0.617821  0.472249  0.518170  0.585749  0.680955  0.634779  0.515460  0.584276  0.361385  0.607638  0.563923  0.102891  0.747425  0.568523  0.599405  0.693794  0.441130  0.706418  0.578244  0.737485 
12  0.451973  0.642855  0.674508  0.712208  0.600104  0.522762  0.671603  0.298030  0.435954  0.508860  0.504498  0.346054 0.0  0.441471  0.466337  0.488322  0.564836  0.427517  0.608095  0.293633  0.754744  0.726332  0.692591  0.517544  0.555713  0.613784  0.762906  0.343726  0.686342  0.804159  0.674508  0.267140  0.459064  0.805840  0.655118  0.313568  0.500531  0.690167  0.540823  0.560316  0.369417  0.620692  0.351120  0.550409  0.624208  0.574489  0.407207  0.608459  0.606751  0.189724  0.630986  0.379413  0.280015  0.701306  0.590830  0.387207  0.558545  0.453070  0.787411  0.444530  0.690071 
13  0.416738  0.694187  0.781368  0.585465  0.702249  0.586381  0.255877  0.466175  0.495852  0.381055  0.747340  0.428486  0.441471 0.0  0.476447  0.617151  0.683597  0.416373  0.343931  0.424487  0.849456  0.589340  0.685964  0.596024  0.566448  0.557027  0.593563  0.523657  0.631342  0.777191  0.731477  0.438660  0.703777  0.677813  0.596534  0.419496  0.349950  0.827028  0.544283  0.659062  0.394958  0.515777  0.489777  0.636144  0.561066  0.653549  0.542169  0.708397  0.668601  0.500908  0.668360  0.392818  0.429359  0.680381  0.616876  0.490943  0.576156  0.658971  0.613855  0.322962  0.704078 
14  0.478036  0.757146  0.790080  0.751394  0.650123  0.580586  0.474875  0.540914  0.458535  0.565897  0.699857  0.575905  0.466337  0.476447 0.0  0.620367  0.708758  0.570549  0.300935  0.437137  0.839838  0.698070  0.642060  0.727412  0.519059  0.742559  1.000000  0.465512  0.613740  0.986810  0.783454  0.535176  0.705071  0.810728  0.829195  0.543131  0.529683  0.762710  0.657916  0.792011  0.474318  0.493715  0.460827  0.818918  0.730918  0.604994  0.637254  0.622456  0.738323  0.471395  0.632469  0.628707  0.542115  0.589621  0.871404  0.700178  0.764248  0.604356  0.656407  0.364542  0.541274 
15  0.599493  0.399714  0.669498  0.678801  0.336168  0.555189  0.694528  0.486211  0.449192  0.569810  0.572743  0.668871  0.488322  0.617151  0.620367 0.0  0.378642  0.517838  0.773125  0.560521  0.599380  0.602937  0.720144  0.494885  0.681925  0.498377  0.570013  0.568857  0.602600  0.608317  0.560412  0.536176  0.507417  0.630762  0.366079  0.469389  0.565772  0.646688  0.825310  0.440619  0.535167  0.633533  0.482180  0.486083  0.459797  0.404591  0.522072  0.266113  0.615748  0.570474  0.709839  0.563442  0.563587  0.669969  0.506036  0.514562  0.440320  0.465695  0.660029  0.681707  0.583188 
16  0.543087  0.453487  0.645963  0.516766  0.268463  0.506557  0.695063  0.542806  0.591383  0.709456  0.566123  0.528260  0.564836  0.683597  0.708758  0.378642 0.0  0.617020  0.618371  0.561745  0.635872  0.570365  0.754228  0.370227  0.579597  0.518158  0.361927  0.584075  0.561641  0.467197  0.487789  0.634647  0.258626  0.573873  0.373765  0.475188  0.494246  0.523578  0.633987  0.590625  0.588531  0.683612  0.503452  0.466248  0.341911  0.569263  0.370680  0.222555  0.630842  0.644874  0.668685  0.406317  0.467185  0.704602  0.429623  0.270971  0.312956  0.399244  0.633373  0.479334  0.600997 
17  0.340757  0.570512  0.680336  0.623987  0.413233  0.578022  0.593391  0.596740  0.539472  0.469623  0.598788  0.213607  0.427517  0.416373  0.570549  0.517838  0.617020 0.0  0.629722  0.471750  0.762375  0.625421  0.690434  0.562881  0.462394  0.580804  0.523246  0.652877  0.528393  0.544185  0.616621  0.199593  0.477590  0.685662  0.607163  0.303394  0.481533  0.707718  0.649964  0.553911  0.411288  0.520391  0.563102  0.569306  0.524907  0.632179  0.503353  0.592898  0.659629  0.432301  0.752386  0.439873  0.313114  0.617846  0.553208  0.335830  0.562882  0.437879  0.638464  0.601858  0.676227 
18  0.451983  0.780771  0.911824  0.666701  0.581864  0.702071  0.515438  0.581550  0.295580  0.487280  0.745730  0.635017  0.608095  0.343931  0.300935  0.773125  0.618371  0.629722 0.0  0.495652  0.828783  0.649749  0.687504  0.639343  0.615204  0.667714  0.808004  0.564858  0.663559  0.830199  0.877756  0.725926  0.588344  0.761463  0.611909  0.492688  0.426011  0.822706  0.528849  0.784406  0.531763  0.647472  0.487904  0.842604  0.666527  0.576011  0.568355  0.841385  0.716540  0.461573  0.615431  0.326439  0.692282  0.503183  0.868034  0.583344  0.635514  0.603721  0.553550  0.300740  0.758649 
19  0.347034  0.607345  0.570419  0.813160  0.489161  0.595342  0.474937  0.390885  0.258108  0.372264  0.620079  0.502207  0.293633  0.424487  0.437137  0.560521  0.561745  0.471750  0.495652 0.0  0.799934  0.792768  0.652042  0.548669  0.610865  0.535703  0.767744  0.367738  0.729578  0.826621  0.684367  0.550176  0.558827  0.807802  0.521284  0.343013  0.263297  0.639419  0.550629  0.473691  0.309084  0.547469  0.372274  0.589554  0.601127  0.549641  0.422876  0.533390  0.633451  0.191889  0.580550  0.418910  0.500942  0.413250  0.544284  0.421756  0.631314  0.475286  0.734494  0.245398  0.595535 
20  0.784458  0.599173  0.671970  0.671174  0.663149  0.527487  0.887684  0.811119  0.864545  0.758264  0.696344  0.771839  0.754744  0.849456  0.839838  0.599380  0.635872  0.762375  0.828783  0.799934 0.0  0.607150  0.808252  0.532380  0.643167  0.736227  0.559144  0.790083  0.588663  0.680853  0.371626  0.750058  0.526684  0.545333  0.576014  0.723158  0.791801  0.597261  0.708791  0.434347  0.812763  0.698317  0.686257  0.586271  0.883367  0.601158  0.713424  0.547116  0.586203  0.684584  0.693133  0.766491  0.803674  0.825588  0.532672  0.724933  0.633317  0.665135  0.665072  0.829060  0.579742 
21  0.749435  0.539280  0.527027  0.622281  0.550984  0.499815  0.717564  0.695411  0.733869  0.702037  0.715887  0.597379  0.726332  0.589340  0.698070  0.602937  0.570365  0.625421  0.649749  0.792768  0.607150 0.0  0.735991  0.586416  0.628291  0.600609  0.581261  0.697792  0.616866  0.467482  0.659331  0.629005  0.616057  0.596681  0.497388  0.759533  0.658551  0.599094  0.784887  0.463100  0.704662  0.729946  0.583518  0.524704  0.650818  0.596366  0.612275  0.574761  0.659777  0.704079  0.600929  0.793642  0.623831  0.627994  0.585354  0.704456  0.588465  0.596619  0.547725  0.735157  0.598164 
22  0.425789  0.514565  0.642364  0.755990  0.679553  0.627203  0.570904  0.651634  0.492683  0.521710  0.434958  0.715566  0.692591  0.685964  0.642060  0.720144  0.754228  0.690434  0.687504  0.652042  0.808252  0.735991 0.0  0.723163  0.527666  0.443995  0.878498  0.783472  0.534468  0.819330  0.691662  0.730992  0.775917  0.555502  0.624397  0.633393  0.605351  0.719827  0.351867  0.578105  0.483626  0.658288  0.630769  0.638966  0.584565  0.677239  0.721535  0.766552  0.707372  0.583514  0.392135  0.517206  0.682923  0.325826  0.608654  0.671455  0.638525  0.706196  0.674776  0.504195  0.497244 
23  0.457849  0.519981  0.559724  0.620485  0.427287  0.540242  0.809722  0.576218  0.510422  0.715379  0.652920  0.526778  0.517544  0.596024  0.727412  0.494885  0.370227  0.562881  0.639343  0.548669  0.532380  0.586416  0.723163 0.0  0.558147  0.563405  0.389090  0.556523  0.502989  0.538069  0.459909  0.508945  0.364164  0.698986  0.315216  0.477011  0.537767  0.365207  0.730235  0.511724  0.573502  0.614755  0.572377  0.479899  0.427970  0.462161  0.532703  0.395966  0.461672  0.613338  0.718017  0.528062  0.607536  0.709366  0.484422  0.441671  0.372630  0.456774  0.664781  0.652073  0.627578 
24  0.518543  0.679661  0.612629  0.698939  0.492935  0.593407  0.618489  0.519754  0.701384  0.714951  0.342916  0.521442  0.555713  0.566448  0.519059  0.681925  0.579597  0.462394  0.615204  0.610865  0.643167  0.628291  0.527666  0.558147 0.0  0.239269  0.665119  0.694094  0.551619  0.591614  0.576373  0.607704  0.512178  0.628081  0.650129  0.426316  0.578271  0.705066  0.389792  0.391445  0.562561  0.614955  0.452412  0.601662  0.529237  0.782052  0.603472  0.585804  0.698738  0.648188  0.468929  0.592451  0.549779  0.483972  0.553779  0.361608  0.598279  0.544117  0.649526  0.564917  0.602149 
25  0.435115  0.549837  0.402054  0.702050  0.481979  0.471853  0.535898  0.579411  0.580952  0.670053  0.373886  0.585598  0.613784  0.557027  0.742559  0.498377  0.518158  0.580804  0.667714  0.535703  0.736227  0.600609  0.443995  0.563405  0.239269 0.0  0.658987  0.573718  0.550411  0.508384  0.452395  0.572346  0.551127  0.587433  0.588846  0.420443  0.601403  0.665821  0.384520  0.244262  0.594515  0.665468  0.436650  0.570212  0.516692  0.689944  0.528883  0.652018  0.694949  0.570172  0.506460  0.398990  0.528125  0.398630  0.577397  0.367951  0.412961  0.501060  0.698892  0.611004  0.497755 
26  0.562531  0.613559  0.621960  0.424656  0.475820  0.509303  0.748701  0.678441  0.722500  0.739239  0.749892  0.569294  0.762906  0.593563  1.000000  0.570013  0.361927  0.523246  0.808004  0.767744  0.559144  0.581261  0.878498  0.389090  0.665119  0.658987 0.0  0.645499  0.572518  0.222533  0.380862  0.636058  0.408875  0.553196  0.532713  0.549688  0.706288  0.627057  0.722207  0.502594  0.745396  0.552497  0.648139  0.430343  0.622466  0.603487  0.610344  0.444990  0.557837  0.723020  0.785727  0.490791  0.608366  0.692067  0.486669  0.580986  0.592667  0.652477  0.521328  0.751416  0.678841 
27  0.482985  0.691943  0.617585  0.717651  0.543173  0.630701  0.633076  0.376238  0.508783  0.731348  0.728000  0.620948  0.343726  0.523657  0.465512  0.568857  0.584075  0.652877  0.564858  0.367738  0.790083  0.697792  0.783472  0.556523  0.694094  0.573718  0.645499 0.0  0.628972  0.638924  0.589907  0.585861  0.490101  0.804501  0.558959  0.414982  0.466275  0.593894  0.656818  0.674888  0.437539  0.629443  0.400474  0.604075  0.464594  0.604216  0.397252  0.571885  0.624665  0.559551  0.629956  0.418717  0.604077  0.648443  0.582503  0.323722  0.546687  0.598488  0.633025  0.541922  0.710554 
28  0.520285  0.515029  0.619072  0.650804  0.495814  0.730664  0.651595  0.606103  0.598806  0.600111  0.540961  0.581753  0.686342  0.631342  0.613740  0.602600  0.561641  0.528393  0.663559  0.729578  0.588663  0.616866  0.534468  0.502989  0.551619  0.550411  0.572518  0.628972 0.0  0.566367  0.495086  0.578312  0.677800  0.604292  0.647833  0.577632  0.654947  0.685983  0.596365  0.570080  0.677068  0.577715  0.523991  0.533422  0.571730  0.544992  0.579644  0.583820  0.587082  0.729050  0.706221  0.612666  0.670065  0.631575  0.507820  0.611018  0.591488  0.570280  0.527039  0.721966  0.555280 
29  0.721186  0.640314  0.611365  0.481021  0.629171  0.576537  0.819942  0.721450  0.682616  0.753210  0.663774  0.715792  0.804159  0.777191  0.986810  0.608317  0.467197  0.544185  0.830199  0.826621  0.680853  0.467482  0.819330  0.538069  0.591614  0.508384  0.222533  0.638924  0.566367 0.0  0.429032  0.705168  0.427031  0.474571  0.442440  0.683349  0.839864  0.591752  0.685971  0.585252  0.817006  0.666867  0.734263  0.558784  0.685389  0.737994  0.559489  0.478961  0.697338  0.739917  0.659438  0.638513  0.740378  0.679611  0.556931  0.694221  0.535059  0.728762  0.570831  0.842151  0.675029 
30  0.655290  0.643104  0.517470  0.657872  0.463039  0.589349  0.700318  0.698322  0.686220  0.725986  0.595564  0.545885  0.674508  0.731477  0.783454  0.560412  0.487789  0.616621  0.877756  0.684367  0.371626  0.659331  0.691662  0.459909  0.576373  0.452395  0.380862  0.589907  0.495086  0.429032 0.0  0.673864  0.446328  0.472409  0.395211  0.557022  0.623225  0.530188  0.595891  0.483944  0.715042  0.770573  0.646963  0.459201  0.715506  0.700355  0.618078  0.452131  0.593228  0.686832  0.709878  0.655800  0.678778  0.602288  0.352207  0.597290  0.503084  0.507583  0.634770  0.756507  0.628947 
31  0.427411  0.612211  0.669170  0.595958  0.496844  0.604510  0.687777  0.489146  0.492511  0.521279  0.483082  0.265270  0.267140  0.438660  0.535176  0.536176  0.634647  0.199593  0.725926  0.550176  0.750058  0.629005  0.730992  0.508945  0.607704  0.572346  0.636058  0.585861  0.578312  0.705168  0.673864 0.0  0.427925  0.756457  0.583439  0.428552  0.651308  0.660395  0.687217  0.611655  0.349872  0.512905  0.413105  0.608190  0.439697  0.692207  0.549735  0.663637  0.575605  0.502191  0.590421  0.473004  0.221862  0.793033  0.563517  0.532814  0.742956  0.475849  0.750227  0.606496  0.638943 
32  0.454456  0.569577  0.562086  0.531070  0.405282  0.563790  0.690289  0.435366  0.577386  0.559759  0.554115  0.572839  0.459064  0.703777  0.705071  0.507417  0.258626  0.477590  0.588344  0.558827  0.526684  0.616057  0.775917  0.364164  0.512178  0.551127  0.408875  0.490101  0.677800  0.427031  0.446328  0.427925 0.0  0.708770  0.394553  0.463113  0.552935  0.559602  0.660413  0.450680  0.506610  0.655431  0.596484  0.414120  0.476162  0.441027  0.402738  0.365354  0.491455  0.478620  0.661200  0.471828  0.398788  0.620090  0.414222  0.381991  0.465906  0.358084  0.721010  0.530326  0.639512 
33  0.602085  0.654299  0.609247  0.639268  0.586122  0.591814  0.741183  0.681972  0.689532  0.767078  0.681080  0.666767  0.805840  0.677813  0.810728  0.630762  0.573873  0.685662  0.761463  0.807802  0.545333  0.596681  0.555502  0.698986  0.628081  0.587433  0.553196  0.804501  0.604292  0.474571  0.472409  0.756457  0.708770 0.0  0.599072  0.648925  0.632065  0.843607  0.725470  0.690833  0.603848  0.727203  0.685736  0.599918  0.649938  0.731360  0.549403  0.662576  0.645096  0.789456  0.639632  0.784531  0.685158  0.682908  0.524448  0.708229  0.615827  0.689785  0.701872  0.731429  0.699951 
34  0.430771  0.538270  0.674914  0.617559  0.095987  0.471797  0.736779  0.437761  0.461672  0.685850  0.626159  0.492190  0.655118  0.596534  0.829195  0.366079  0.373765  0.607163  0.611909  0.521284  0.576014  0.497388  0.624397  0.315216  0.650129  0.588846  0.532713  0.558959  0.647833  0.442440  0.395211  0.583439  0.394553  0.599072 0.0  0.433935  0.437499  0.492792  0.732682  0.411095  0.551887  0.586609  0.446510  0.409722  0.352852  0.599792  0.359539  0.386141  0.565419  0.550199  0.555080  0.430121  0.650498  0.730257  0.396107  0.412582  0.319377  0.394254  0.595196  0.574817  0.625832 
35  0.319753  0.690013  0.684965  0.640969  0.427924  0.522285  0.489666  0.379659  0.427596  0.517580  0.601462  0.505796  0.313568  0.419496  0.543131  0.469389  0.475188  0.303394  0.492688  0.343013  0.723158  0.759533  0.633393  0.477011  0.426316  0.420443  0.549688  0.414982  0.577632  0.683349  0.557022  0.428552  0.463113  0.648925  0.433935 0.0  0.307689  0.723352  0.521274  0.469749  0.352551  0.646894  0.287331  0.595135  0.401723  0.544880  0.373238  0.562100  0.537169  0.222001  0.566144  0.306292  0.394131  0.382429  0.500275  0.160858  0.363038  0.456750  0.657802  0.370534  0.648787 
36  0.271731  0.775137  0.684921  0.655700  0.487996  0.707691  0.383832  0.300185  0.171647  0.453986  0.714800  0.550074  0.500531  0.349950  0.529683  0.565772  0.494246  0.481533  0.426011  0.263297  0.791801  0.658551  0.605351  0.537767  0.578271  0.601403  0.706288  0.466275  0.654947  0.839864  0.623225  0.651308  0.552935  0.632065  0.437499  0.307689 0.0  0.778049  0.480210  0.717161  0.444783  0.476278  0.379829  0.617296  0.656326  0.611429  0.349469  0.671075  0.647618  0.263340  0.631171  0.248306  0.593824  0.544705  0.656309  0.339378  0.589640  0.502820  0.614723  0.258436  0.651502 
37  0.657221  0.460574  0.589237  0.864978  0.614837  0.523883  0.835316  0.728712  0.686237  0.704924  0.627171  0.737151  0.690167  0.827028  0.762710  0.646688  0.523578  0.707718  0.822706  0.639419  0.597261  0.599094  0.719827  0.365207  0.705066  0.665821  0.627057  0.593894  0.685983  0.591752  0.530188  0.660395  0.559602  0.843607  0.492792  0.723352  0.778049 0.0  0.675329  0.517819  0.763091  0.721197  0.717561  0.501275  0.685292  0.618211  0.646293  0.500672  0.600722  0.709014  0.615322  0.634560  0.734830  0.649373  0.448256  0.593094  0.549732  0.554070  0.876746  0.732989  0.506231 
38  0.363118  0.702621  0.518117  0.744122  0.587707  0.610157  0.617677  0.497315  0.436373  0.554382  0.279300  0.773422  0.540823  0.544283  0.657916  0.825310  0.633987  0.649964  0.528849  0.550629  0.708791  0.784887  0.351867  0.730235  0.389792  0.384520  0.722207  0.656818  0.596365  0.685971  0.595891  0.687217  0.660413  0.725470  0.732682  0.521274  0.480210  0.675329 0.0  0.507215  0.591947  0.664068  0.464331  0.651502  0.701791  0.745677  0.568521  0.772846  0.682555  0.402994  0.379091  0.600224  0.691056  0.208263  0.545830  0.699026  0.631024  0.743407  0.682333  0.485669  0.451495 
39  0.570699  0.312183  0.422573  0.730030  0.476840  0.554756  0.769925  0.611400  0.565733  0.661509  0.423047  0.547454  0.560316  0.659062  0.792011  0.440619  0.590625  0.553911  0.784406  0.473691  0.434347  0.463100  0.578105  0.511724  0.391445  0.244262  0.502594  0.674888  0.570080  0.585252  0.483944  0.611655  0.450680  0.690833  0.411095  0.469749  0.717161  0.517819  0.507215 0.0  0.493588  0.701991  0.530823  0.544898  0.659383  0.636687  0.597922  0.382226  0.573555  0.650292  0.396693  0.603438  0.549346  0.565211  0.377997  0.416191  0.483226  0.593987  0.622000  0.623057  0.430386 
40  0.316321  0.718820  0.706269  0.636322  0.533371  0.633621  0.553331  0.342668  0.419516  0.425745  0.610013  0.457214  0.369417  0.394958  0.474318  0.535167  0.588531  0.411288  0.531763  0.309084  0.812763  0.704662  0.483626  0.573502  0.562561  0.594515  0.745396  0.437539  0.677068  0.817006  0.715042  0.349872  0.506610  0.603848  0.551887  0.352551  0.444783  0.763091  0.591947  0.493588 0.0  0.617464  0.430828  0.681770  0.629089  0.555824  0.513258  0.512004  0.565107  0.272743  0.614672  0.397421  0.533948  0.587798  0.734907  0.455266  0.610329  0.528559  0.601849  0.381666  0.683597 
41  0.494626  0.608689  0.709231  0.554454  0.643441  0.698728  0.568997  0.615091  0.530132  0.501754  0.609404  0.617821  0.620692  0.515777  0.493715  0.633533  0.683612  0.520391  0.647472  0.547469  0.698317  0.729946  0.658288  0.614755  0.614955  0.665468  0.552497  0.629443  0.577715  0.666867  0.770573  0.512905  0.655431  0.727203  0.586609  0.646894  0.476278  0.721197  0.664068  0.701991  0.617464 0.0  0.652620  0.535621  0.597423  0.650896  0.658256  0.626627  0.661684  0.524351  0.685696  0.616797  0.560261  0.500281  0.623625  0.552017  0.649465  0.603677  0.482163  0.596351  0.595900 
42  0.278570  0.583627  0.755505  0.598962  0.514906  0.514358  0.686126  0.410727  0.452294  0.651208  0.433557  0.472249  0.351120  0.489777  0.460827  0.482180  0.503452  0.563102  0.487904  0.372274  0.686257  0.583518  0.630769  0.572377  0.452412  0.436650  0.648139  0.400474  0.523991  0.734263  0.646963  0.413105  0.596484  0.685736  0.446510  0.287331  0.379829  0.717561  0.464331  0.530823  0.430828  0.652620 0.0  0.663383  0.403811  0.707067  0.346980  0.621020  0.649295  0.453280  0.629525  0.388792  0.579502  0.588465  0.631105  0.254596  0.552511  0.548562  0.666001  0.469860  0.742123 
43  0.592606  0.446333  0.494985  0.546881  0.522047  0.652343  0.666898  0.616817  0.532670  0.635405  0.568698  0.518170  0.550409  0.636144  0.818918  0.486083  0.466248  0.569306  0.842604  0.589554  0.586271  0.524704  0.638966  0.479899  0.601662  0.570212  0.430343  0.604075  0.533422  0.558784  0.459201  0.608190  0.414120  0.599918  0.409722  0.595135  0.617296  0.501275  0.651502  0.544898  0.681770  0.535621  0.663383 0.0  0.669962  0.551114  0.585611  0.430548  0.609630  0.662921  0.727930  0.602038  0.712102  0.605278  0.483303  0.580904  0.454618  0.526629  0.675501  0.715148  0.525219 
44  0.482914  0.525635  0.563053  0.745937  0.408308  0.654465  0.740698  0.413561  0.577205  0.694965  0.477903  0.585749  0.624208  0.561066  0.730918  0.459797  0.341911  0.524907  0.666527  0.601127  0.883367  0.650818  0.584565  0.427970  0.529237  0.516692  0.622466  0.464594  0.571730  0.685389  0.715506  0.439697  0.476162  0.649938  0.352852  0.401723  0.656326  0.685292  0.701791  0.659383  0.629089  0.597423  0.403811  0.669962 0.0  0.534534  0.272702  0.474571  0.629739  0.485196  0.680323  0.455989  0.541679  0.635473  0.637184  0.315858  0.533248  0.497158  0.620981  0.589552  0.690752 
45  0.605314  0.497299  0.685660  0.620237  0.606148  0.642301  0.810055  0.657116  0.565786  0.594035  0.671648  0.680955  0.574489  0.653549  0.604994  0.404591  0.569263  0.632179  0.576011  0.549641  0.601158  0.596366  0.677239  0.462161  0.782052  0.689944  0.603487  0.604216  0.544992  0.737994  0.700355  0.692207  0.441027  0.731360  0.599792  0.544880  0.611429  0.618211  0.745677  0.636687  0.555824  0.650896  0.707067  0.551114  0.534534 0.0  0.503492  0.378742  0.651530  0.630309  0.850972  0.638666  0.738523  0.897140  0.517501  0.621068  0.571265  0.532419  0.659491  0.636510  0.618876 
46  0.394483  0.605571  0.629190  0.689634  0.432747  0.517568  0.615157  0.261872  0.580139  0.558349  0.539253  0.634779  0.407207  0.542169  0.637254  0.522072  0.370680  0.503353  0.568355  0.422876  0.713424  0.612275  0.721535  0.532703  0.603472  0.528883  0.610344  0.397252  0.579644  0.559489  0.618078  0.549735  0.402738  0.549403  0.359539  0.373238  0.349469  0.646293  0.568521  0.597922  0.513258  0.658256  0.346980  0.585611  0.272702  0.503492 0.0  0.513174  0.715902  0.558358  0.660793  0.517648  0.511442  0.585404  0.556068  0.299115  0.555477  0.464550  0.713252  0.451215  0.743521 
47  0.540004  0.435893  0.409280  0.622347  0.321281  0.536306  0.787299  0.563236  0.564436  0.547089  0.520090  0.515460  0.608459  0.708397  0.622456  0.266113  0.222555  0.592898  0.841385  0.533390  0.547116  0.574761  0.766552  0.395966  0.585804  0.652018  0.444990  0.571885  0.583820  0.478961  0.452131  0.663637  0.365354  0.662576  0.386141  0.562100  0.671075  0.500672  0.772846  0.382226  0.512004  0.626627  0.621020  0.430548  0.474571  0.378742  0.513174 0.0  0.498895  0.554622  0.670514  0.577753  0.662121  0.799665  0.499324  0.482354  0.483318  0.303416  0.671614  0.647057  0.597978 
48  0.565756  0.504355  0.477282  0.573530  0.588002  0.565141  0.557490  0.606295  0.655289  0.692507  0.608865  0.584276  0.606751  0.668601  0.738323  0.615748  0.630842  0.659629  0.716540  0.633451  0.586203  0.659777  0.707372  0.461672  0.698738  0.694949  0.557837  0.624665  0.587082  0.697338  0.593228  0.575605  0.491455  0.645096  0.565419  0.537169  0.647618  0.600722  0.682555  0.573555  0.565107  0.661684  0.649295  0.609630  0.629739  0.651530  0.715902  0.498895 0.0  0.629039  0.635706  0.580139  0.615716  0.583351  0.597446  0.527051  0.687248  0.566948  0.640522  0.722178  0.591350 
49  0.339133  0.599533  0.720566  0.718510  0.578309  0.563524  0.469992  0.278822  0.352213  0.411271  0.655193  0.361385  0.189724  0.500908  0.471395  0.570474  0.644874  0.432301  0.461573  0.191889  0.684584  0.704079  0.583514  0.613338  0.648188  0.570172  0.723020  0.559551  0.729050  0.739917  0.686832  0.502191  0.478620  0.789456  0.550199  0.222001  0.263340  0.709014  0.402994  0.650292  0.272743  0.524351  0.453280  0.662921  0.485196  0.630309  0.558358  0.554622  0.629039 0.0  0.664859  0.317041  0.502266  0.552635  0.714538  0.348214  0.559774  0.587927  0.675712  0.335241  0.656798 
50  0.655713  0.639434  0.457072  0.727238  0.635242  0.661618  0.676288  0.655291  0.607917  0.675627  0.469252  0.607638  0.630986  0.668360  0.632469  0.709839  0.668685  0.752386  0.615431  0.580550  0.693133  0.600929  0.392135  0.718017  0.468929  0.506460  0.785727  0.629956  0.706221  0.659438  0.709878  0.590421  0.661200  0.639632  0.555080  0.566144  0.631171  0.615322  0.379091  0.396693  0.614672  0.685696  0.629525  0.727930  0.680323  0.850972  0.660793  0.670514  0.635706  0.664859 0.0  0.676938  0.587615  0.451676  0.658627  0.615387  0.722892  0.762502  0.752861  0.636155  0.531166 
51  0.278224  0.608624  0.655948  0.650075  0.437199  0.672443  0.501194  0.325083  0.445904  0.553493  0.588120  0.563923  0.379413  0.392818  0.628707  0.563442  0.406317  0.439873  0.326439  0.418910  0.766491  0.793642  0.517206  0.528062  0.592451  0.398990  0.490791  0.418717  0.612666  0.638513  0.655800  0.473004  0.471828  0.784531  0.430121  0.306292  0.248306  0.634560  0.600224  0.603438  0.397421  0.616797  0.388792  0.602038  0.455989  0.638666  0.517648  0.577753  0.580139  0.317041  0.676938 0.0  0.551794  0.601540  0.664392  0.313074  0.417654  0.533614  0.606633  0.405334  0.684283 
52  0.551630  0.506511  0.680526  0.785478  0.530119  0.600304  0.632473  0.452445  0.595774  0.528535  0.571100  0.102891  0.280015  0.429359  0.542115  0.563587  0.467185  0.313114  0.692282  0.500942  0.803674  0.623831  0.682923  0.607536  0.549779  0.528125  0.608366  0.604077  0.670065  0.740378  0.678778  0.221862  0.398788  0.685158  0.650498  0.394131  0.593824  0.734830  0.691056  0.549346  0.533948  0.560261  0.579502  0.712102  0.541679  0.738523  0.511442  0.662121  0.615716  0.502266  0.587615  0.551794 0.0  0.649576  0.529408  0.506178  0.591004  0.459230  0.714359  0.537573  0.793992 
53  0.431020  0.714297  0.507723  0.803233  0.650781  0.513294  0.565353  0.503132  0.469275  0.586503  0.373398  0.747425  0.701306  0.680381  0.589621  0.669969  0.704602  0.617846  0.503183  0.413250  0.825588  0.627994  0.325826  0.709366  0.483972  0.398630  0.692067  0.648443  0.631575  0.679611  0.602288  0.793033  0.620090  0.682908  0.730257  0.382429  0.544705  0.649373  0.208263  0.565211  0.587798  0.500281  0.588465  0.605278  0.635473  0.897140  0.585404  0.799665  0.583351  0.552635  0.451676  0.601540  0.649576 0.0  0.607585  0.560251  0.639583  0.753571  0.679818  0.462292  0.466751 
54  0.594138  0.472534  0.489162  0.627857  0.510520  0.445121  0.610621  0.561504  0.672133  0.660647  0.612091  0.568523  0.590830  0.616876  0.871404  0.506036  0.429623  0.553208  0.868034  0.544284  0.532672  0.585354  0.608654  0.484422  0.553779  0.577397  0.486669  0.582503  0.507820  0.556931  0.352207  0.563517  0.414222  0.524448  0.396107  0.500275  0.656309  0.448256  0.545830  0.377997  0.734907  0.623625  0.631105  0.483303  0.637184  0.517501  0.556068  0.499324  0.597446  0.714538  0.658627  0.664392  0.529408  0.607585 0.0  0.534902  0.472828  0.614067  0.652419  0.680930  0.482876 
55  0.269601  0.544339  0.646886  0.671456  0.358620  0.571966  0.454403  0.353522  0.441283  0.604207  0.408290  0.599405  0.387207  0.490943  0.700178  0.514562  0.270971  0.335830  0.583344  0.421756  0.724933  0.704456  0.671455  0.441671  0.361608  0.367951  0.580986  0.323722  0.611018  0.694221  0.597290  0.532814  0.381991  0.708229  0.412582  0.160858  0.339378  0.593094  0.699026  0.416191  0.455266  0.552017  0.254596  0.580904  0.315858  0.621068  0.299115  0.482354  0.527051  0.348214  0.615387  0.313074  0.506178  0.560251  0.534902 0.0  0.399389  0.491439  0.661246  0.399894  0.695460 
56  0.521761  0.499696  0.569553  0.656709  0.319083  0.487600  0.677581  0.477558  0.556496  0.733666  0.660029  0.693794  0.558545  0.576156  0.764248  0.440320  0.312956  0.562882  0.635514  0.631314  0.633317  0.588465  0.638525  0.372630  0.598279  0.412961  0.592667  0.546687  0.591488  0.535059  0.503084  0.742956  0.465906  0.615827  0.319377  0.363038  0.589640  0.549732  0.631024  0.483226  0.610329  0.649465  0.552511  0.454618  0.533248  0.571265  0.555477  0.483318  0.687248  0.559774  0.722892  0.417654  0.591004  0.639583  0.472828  0.399389 0.0  0.411793  0.725378  0.607976  0.651852 
57  0.485816  0.581439  0.484708  0.655908  0.351894  0.598591  0.839522  0.546468  0.646998  0.577097  0.485965  0.441130  0.453070  0.658971  0.604356  0.465695  0.399244  0.437879  0.603721  0.475286  0.665135  0.596619  0.706196  0.456774  0.544117  0.501060  0.652477  0.598488  0.570280  0.728762  0.507583  0.475849  0.358084  0.689785  0.394254  0.456750  0.502820  0.554070  0.743407  0.593987  0.528559  0.603677  0.548562  0.526629  0.497158  0.532419  0.464550  0.303416  0.566948  0.587927  0.762502  0.533614  0.459230  0.753571  0.614067  0.491439  0.411793 0.0  0.695499  0.559085  0.687555 
58  0.621492  0.685181  0.712150  0.518318  0.687150  0.651839  0.609295  0.678049  0.581253  0.580248  0.742862  0.706418  0.787411  0.613855  0.656407  0.660029  0.633373  0.638464  0.553550  0.734494  0.665072  0.547725  0.674776  0.664781  0.649526  0.698892  0.521328  0.633025  0.527039  0.570831  0.634770  0.750227  0.721010  0.701872  0.595196  0.657802  0.614723  0.876746  0.682333  0.622000  0.601849  0.482163  0.666001  0.675501  0.620981  0.659491  0.713252  0.671614  0.640522  0.675712  0.752861  0.606633  0.714359  0.679818  0.652419  0.661246  0.725378  0.695499 0.0  0.714277  0.672801 
59  0.282351  0.761254  0.855202  0.637217  0.435896  0.707123  0.321244  0.462571  0.215340  0.522551  0.740669  0.578244  0.444530  0.322962  0.364542  0.681707  0.479334  0.601858  0.300740  0.245398  0.829060  0.735157  0.504195  0.652073  0.564917  0.611004  0.751416  0.541922  0.721966  0.842151  0.756507  0.606496  0.530326  0.731429  0.574817  0.370534  0.258436  0.732989  0.485669  0.623057  0.381666  0.596351  0.469860  0.715148  0.589552  0.636510  0.451215  0.647057  0.722178  0.335241  0.636155  0.405334  0.537573  0.462292  0.680930  0.399894  0.607976  0.559085  0.714277 0.0  0.818828 
60  0.623310  0.663199  0.491098  0.660728  0.595519  0.576468  0.818453  0.791419  0.728255  0.761409  0.460571  0.737485  0.690071  0.704078  0.541274  0.583188  0.600997  0.676227  0.758649  0.595535  0.579742  0.598164  0.497244  0.627578  0.602149  0.497755  0.678841  0.710554  0.555280  0.675029  0.628947  0.638943  0.639512  0.699951  0.625832  0.648787  0.651502  0.506231  0.451495  0.430386  0.683597  0.595900  0.742123  0.525219  0.690752  0.618876  0.743521  0.597978  0.591350  0.656798  0.531166  0.684283  0.793992  0.466751  0.482876  0.695460  0.651852  0.687555  0.672801  0.818828 0.0 
