61
0 0.0  0.538133  0.690191  0.541575  0.477403  0.588063  0.445399  0.314770  0.343593  0.469222  0.579242  0.463625  0.418636  0.327800  0.547996  0.557138  0.435005  0.347684  0.482067  0.230837  0.882702  0.728771  0.465927  0.528912  0.602696  0.514421  0.670988  0.455960  0.529405  0.683778  0.614558  0.460606  0.451625  0.720551  0.509007  0.168763  0.308132  0.707641  0.407520  0.563827  0.313407  0.540140  0.334838  0.569124  0.350416  0.586879  0.367327  0.595907  0.600096  0.328957  0.609166  0.330871  0.569349  0.526232  0.555812  0.308341  0.475573  0.542943  0.656566  0.223925  0.690773 
1  0.538133 0.0  0.565005  0.722013  0.327543  0.455795  0.734878  0.677083  0.625498  0.584706  0.535327  0.475163  0.580012  0.870785  0.756400  0.495624  0.609695  0.507355  0.789684  0.568795  0.714658  0.662042  0.578307  0.488419  0.585203  0.563929  0.667952  0.670325  0.546550  0.603322  0.561762  0.589569  0.510548  0.557537  0.536120  0.545042  0.648898  0.493683  0.580172  0.360813  0.572050  0.554363  0.582028  0.369858  0.631029  0.608860  0.548689  0.595469  0.433498  0.604586  0.533258  0.601637  0.561063  0.610717  0.420680  0.543306  0.581946  0.392675  0.715448  0.679880  0.511402 
2  0.690191  0.565005 0.0  0.739621  0.528230  0.460644  0.763336  0.683272  0.712480  0.851467  0.394666  0.680287  0.680855  0.768060  0.857969  0.520199  0.564902  0.634620  0.869229  0.699422  0.552150  0.557418  0.525766  0.562459  0.591596  0.439821  0.658950  0.703794  0.504409  0.487679  0.436355  0.671656  0.465573  0.619920  0.516116  0.606842  0.698643  0.545149  0.568810  0.424447  0.671650  0.754211  0.701144  0.440476  0.658183  0.642910  0.575862  0.324815  0.559321  0.765591  0.446863  0.675047  0.720481  0.676971  0.605908  0.612686  0.622769  0.450284  0.731310  0.726186  0.499542 
3  0.541575  0.722013  0.739621 0.0  0.632538  0.575717  0.668470  0.619721  0.688393  0.670965  0.650427  0.535452  0.596354  0.589545  0.647912  0.641775  0.653015  0.573637  0.614508  0.781050  0.666353  0.523242  0.843021  0.676745  0.660525  0.740363  0.458278  0.651988  0.584034  0.487348  0.634985  0.465365  0.647217  0.550479  0.720646  0.644198  0.653585  0.751034  0.641720  0.686649  0.553068  0.533733  0.660259  0.632869  0.633472  0.622728  0.589922  0.638298  0.579424  0.706746  0.740997  0.645587  0.633080  0.636427  0.629061  0.606268  0.794988  0.613055  0.492598  0.610289  0.766317 
4  0.477403  0.327543  0.528230  0.632538 0.0  0.501620  0.618903  0.411259  0.498137  0.740108  0.401437  0.445910  0.454631  0.501938  0.647018  0.472791  0.199219  0.542119  0.620070  0.554607  0.556951  0.630078  0.687296  0.362598  0.430216  0.447679  0.520943  0.458297  0.577377  0.442125  0.547321  0.531190  0.296553  0.511652  0.142190  0.433589  0.410841  0.515914  0.582857  0.369573  0.573122  0.647930  0.379246  0.412185  0.457095  0.535094  0.499532  0.262022  0.464250  0.478574  0.604220  0.391754  0.443219  0.573389  0.310696  0.398104  0.233316  0.297710  0.584025  0.515561  0.595131 
5  0.588063  0.455795  0.460644  0.575717  0.501620 0.0  0.645829  0.522989  0.570231  0.565819  0.678789  0.528534  0.677329  0.658429  0.713683  0.684231  0.620677  0.512940  0.640379  0.546768  0.450894  0.541269  0.577750  0.587743  0.586538  0.535959  0.562345  0.563706  0.610849  0.555244  0.441815  0.580011  0.604134  0.639989  0.598917  0.465602  0.646112  0.584964  0.618132  0.457712  0.599648  0.630304  0.531080  0.580667  0.659950  0.585285  0.548622  0.599433  0.557729  0.666292  0.549422  0.592839  0.586869  0.671337  0.725255  0.466283  0.525261  0.556211  0.651389  0.825764  0.631901 
6  0.445399  0.734878  0.763336  0.668470  0.618903  0.645829 0.0  0.503556  0.383263  0.530246  0.788839  0.559033  0.597944  0.324674  0.597152  0.696450  0.673482  0.514786  0.565877  0.561767  0.830805  0.685830  0.532292  0.784232  0.614712  0.531812  0.816859  0.608972  0.716212  0.904152  0.707801  0.578144  0.675064  0.732584  0.658873  0.498073  0.346151  0.809958  0.621118  0.774929  0.517716  0.506568  0.608301  0.700130  0.665866  0.800856  0.535049  0.839503  0.708593  0.462263  0.543451  0.454043  0.598591  0.592091  0.647209  0.629932  0.639842  0.812270  0.607453  0.324035  0.757885 
7  0.314770  0.677083  0.683272  0.619721  0.411259  0.522989  0.503556 0.0  0.287197  0.539843  0.505446  0.550714  0.211052  0.477596  0.637255  0.459416  0.466100  0.514157  0.526542  0.216491  0.808604  0.627327  0.557473  0.560309  0.517720  0.458931  0.734020  0.307382  0.626981  0.685258  0.714008  0.448504  0.462600  0.833715  0.408514  0.397699  0.331052  0.756192  0.476794  0.555264  0.385555  0.616499  0.247262  0.580476  0.432230  0.587989  0.374629  0.606620  0.627639  0.247047  0.549541  0.346276  0.472313  0.529329  0.549272  0.382236  0.501225  0.526190  0.591393  0.447640  0.715857 
8  0.343593  0.625498  0.712480  0.688393  0.498137  0.570231  0.383263  0.287197 0.0  0.506133  0.625174  0.546529  0.457281  0.408515  0.499245  0.585244  0.524680  0.472093  0.336362  0.170655  0.844087  0.659007  0.454225  0.497247  0.584879  0.614580  0.771235  0.449577  0.607858  0.781795  0.744502  0.547983  0.595982  0.650103  0.459139  0.387147  0.355539  0.697195  0.431046  0.617332  0.382017  0.501512  0.526078  0.621587  0.456900  0.654069  0.422847  0.620336  0.696997  0.368792  0.544786  0.231321  0.577576  0.412022  0.509421  0.431219  0.490489  0.525978  0.664174  0.156230  0.797300 
9  0.469222  0.584706  0.851467  0.670965  0.740108  0.565819  0.530246  0.539843  0.506133 0.0  0.632105  0.528019  0.476433  0.367422  0.598172  0.582538  0.669049  0.517483  0.571823  0.306982  0.753037  0.700747  0.498937  0.703246  0.692770  0.632499  0.666556  0.638141  0.590207  0.773993  0.704397  0.438610  0.559569  0.687977  0.671447  0.631643  0.465030  0.781110  0.570913  0.585388  0.417143  0.431974  0.500339  0.582563  0.679198  0.619170  0.595297  0.712166  0.662924  0.416433  0.668301  0.510800  0.558486  0.676987  0.621201  0.570502  0.775648  0.540324  0.608607  0.547727  0.579217 
10  0.579242  0.535327  0.394666  0.650427  0.401437  0.678789  0.788839  0.505446  0.625174  0.632105 0.0  0.644331  0.485462  0.677972  0.778292  0.535690  0.529820  0.596956  0.661735  0.643248  0.623005  0.670921  0.408938  0.630496  0.303638  0.280914  0.684131  0.683153  0.517992  0.679937  0.565656  0.561698  0.569629  0.622896  0.548261  0.579698  0.807985  0.655887  0.267423  0.159302  0.591733  0.668359  0.369125  0.629966  0.454389  0.730539  0.477999  0.596043  0.625175  0.508646  0.365791  0.523007  0.546438  0.325359  0.615764  0.509720  0.561669  0.511905  0.699136  0.743013  0.442069 
11  0.463625  0.475163  0.680287  0.535452  0.445910  0.528534  0.559033  0.550714  0.546529  0.528019  0.644331 0.0  0.354131  0.386805  0.628289  0.457523  0.492509  0.114396  0.611645  0.513344  0.678278  0.563524  0.727002  0.510893  0.411129  0.596799  0.637950  0.480847  0.597932  0.799369  0.434537  0.074248  0.405585  0.688028  0.591113  0.429344  0.558852  0.777273  0.720020  0.512302  0.479788  0.507087  0.471652  0.513627  0.524325  0.674253  0.408630  0.492362  0.713459  0.373701  0.653289  0.502957  0.164265  0.629224  0.389348  0.364577  0.672246  0.495103  0.587858  0.574323  0.648555 
12  0.418636  0.580012  0.680855  0.596354  0.454631  0.677329  0.597944  0.211052  0.457281  0.476433  0.485462  0.354131 0.0  0.393812  0.603626  0.501419  0.496361  0.446585  0.555233  0.251808  0.776351  0.553945  0.629325  0.498047  0.463283  0.544047  0.703761  0.367301  0.523186  0.785862  0.658999  0.257735  0.421356  0.756883  0.483285  0.297715  0.431598  0.745295  0.523213  0.534286  0.346256  0.647809  0.439410  0.593312  0.506319  0.628792  0.471585  0.485103  0.607661  0.153898  0.587396  0.412064  0.230103  0.697714  0.543331  0.308340  0.536001  0.483620  0.696637  0.445918  0.656168 
13  0.327800  0.870785  0.768060  0.589545  0.501938  0.658429  0.324674  0.477596  0.408515  0.367422  0.677972  0.386805  0.393812 0.0  0.445380  0.654705  0.601149  0.438039  0.412404  0.398686  0.666185  0.716009  0.582427  0.604758  0.435261  0.650793  0.647388  0.502815  0.633484  0.723779  0.636868  0.376496  0.608535  0.657488  0.609601  0.494297  0.424695  0.852801  0.647854  0.648643  0.427994  0.420408  0.518752  0.605321  0.638758  0.740313  0.508127  0.710956  0.625423  0.407453  0.674990  0.475291  0.536511  0.418412  0.549031  0.340355  0.610088  0.624089  0.535775  0.309778  0.713324 
14  0.547996  0.756400  0.857969  0.647912  0.647018  0.713683  0.597152  0.637255  0.499245  0.598172  0.778292  0.628289  0.603626  0.445380 0.0  0.528998  0.613724  0.611480  0.315859  0.522217  0.908816  0.771599  0.573018  0.562826  0.632286  0.770445  1.000000  0.583105  0.703787  0.915718  0.922310  0.606019  0.590956  0.744027  0.706941  0.538749  0.494093  0.773087  0.605921  0.722899  0.393938  0.521471  0.395656  0.770225  0.713448  0.585191  0.641874  0.697170  0.711579  0.518899  0.548338  0.390879  0.663329  0.596636  0.728766  0.634594  0.695164  0.601117  0.603953  0.355136  0.667690 
15  0.557138  0.495624  0.520199  0.641775  0.472791  0.684231  0.696450  0.459416  0.585244  0.582538  0.535690  0.457523  0.501419  0.654705  0.528998 0.0  0.409646  0.593379  0.525046  0.418200  0.655397  0.504042  0.682782  0.489373  0.704509  0.598037  0.542626  0.487282  0.477848  0.638112  0.590373  0.564567  0.520486  0.709902  0.278531  0.529164  0.556579  0.451520  0.812645  0.512839  0.505228  0.554496  0.542659  0.473288  0.539007  0.446067  0.486556  0.415739  0.538549  0.532100  0.565098  0.512754  0.539160  0.752569  0.584655  0.494725  0.403978  0.440023  0.596304  0.577811  0.587642 
16  0.435005  0.609695  0.564902  0.653015  0.199219  0.620677  0.673482  0.466100  0.524680  0.669049  0.529820  0.492509  0.496361  0.601149  0.613724  0.409646 0.0  0.578633  0.624494  0.598820  0.616816  0.543410  0.756339  0.347847  0.504141  0.380290  0.460222  0.488690  0.623864  0.548416  0.550397  0.683133  0.440168  0.603981  0.192349  0.376584  0.565467  0.626313  0.585708  0.526416  0.627987  0.722533  0.406812  0.514192  0.428552  0.488030  0.459322  0.256237  0.649152  0.636781  0.569582  0.500950  0.643615  0.663443  0.338931  0.397231  0.304683  0.354414  0.666315  0.546774  0.713747 
17  0.347684  0.507355  0.634620  0.573637  0.542119  0.512940  0.514786  0.514157  0.472093  0.517483  0.596956  0.114396  0.446585  0.438039  0.611480  0.593379  0.578633 0.0  0.660574  0.459557  0.678030  0.621708  0.724871  0.463290  0.573254  0.644983  0.460082  0.504349  0.562495  0.537151  0.529880  0.260296  0.427712  0.552875  0.613385  0.413920  0.594529  0.643478  0.625285  0.467908  0.426050  0.516878  0.376468  0.619322  0.458188  0.566219  0.543403  0.629646  0.498995  0.460227  0.686524  0.569199  0.325451  0.623435  0.462366  0.379107  0.636981  0.395662  0.541407  0.532996  0.713125 
18  0.482067  0.789684  0.869229  0.614508  0.620070  0.640379  0.565877  0.526542  0.336362  0.571823  0.661735  0.611645  0.555233  0.412404  0.315859  0.525046  0.624494  0.660574 0.0  0.468118  0.929663  0.662941  0.598553  0.629553  0.660571  0.601159  0.843975  0.421109  0.790693  0.824092  0.833498  0.640262  0.583222  0.853715  0.666381  0.426977  0.468798  0.747447  0.445247  0.837469  0.538655  0.522723  0.445710  0.840027  0.638585  0.597115  0.526377  0.683243  0.751802  0.483861  0.645140  0.417708  0.737061  0.458047  0.705005  0.563312  0.738309  0.750271  0.618700  0.266270  0.764800 
19  0.230837  0.568795  0.699422  0.781050  0.554607  0.546768  0.561767  0.216491  0.170655  0.306982  0.643248  0.513344  0.251808  0.398686  0.522217  0.418200  0.598820  0.459557  0.468118 0.0  0.799248  0.737368  0.436396  0.586386  0.660196  0.565778  0.639154  0.488856  0.732824  0.796339  0.653544  0.557717  0.496881  0.781330  0.599603  0.461532  0.244746  0.688084  0.455708  0.509837  0.303163  0.578129  0.556319  0.670018  0.593753  0.484546  0.563156  0.556702  0.697214  0.188263  0.609030  0.419008  0.584703  0.354420  0.503499  0.335230  0.657356  0.540128  0.700878  0.429964  0.581304 
20  0.882702  0.714658  0.552150  0.666353  0.556951  0.450894  0.830805  0.808604  0.844087  0.753037  0.623005  0.678278  0.776351  0.666185  0.908816  0.655397  0.616816  0.678030  0.929663  0.799248 0.0  0.460968  0.550681  0.684023  0.607954  0.629273  0.593877  0.685034  0.622396  0.502114  0.335123  0.832979  0.620102  0.520564  0.546203  0.776509  0.756709  0.622739  0.747532  0.590272  0.870182  0.699111  0.794258  0.566098  0.714303  0.680999  0.664059  0.534506  0.726325  0.735622  0.624893  0.791076  0.927687  0.731513  0.526693  0.801649  0.507089  0.608981  0.651266  0.820738  0.583283 
21  0.728771  0.662042  0.557418  0.523242  0.630078  0.541269  0.685830  0.627327  0.659007  0.700747  0.670921  0.563524  0.553945  0.716009  0.771599  0.504042  0.543410  0.621708  0.662941  0.737368  0.460968 0.0  0.712401  0.504175  0.562937  0.667130  0.469210  0.598360  0.529018  0.469405  0.511466  0.678898  0.584456  0.661905  0.637467  0.650340  0.734461  0.532534  0.721338  0.532241  0.743852  0.690434  0.722290  0.565796  0.666581  0.650466  0.642096  0.496029  0.587658  0.728495  0.588782  0.649362  0.636685  0.679916  0.583360  0.648566  0.547821  0.566247  0.621536  0.672657  0.577185 
22  0.465927  0.578307  0.525766  0.843021  0.687296  0.577750  0.532292  0.557473  0.454225  0.498937  0.408938  0.727002  0.629325  0.582427  0.573018  0.682782  0.756339  0.724871  0.598553  0.436396  0.550681  0.712401 0.0  0.722464  0.506094  0.540344  0.829533  0.725914  0.637244  0.784000  0.715363  0.756840  0.846919  0.536590  0.753114  0.665763  0.514393  0.683807  0.272689  0.567909  0.604982  0.543556  0.667875  0.704853  0.719872  0.578763  0.602032  0.780127  0.748870  0.552958  0.524051  0.522811  0.693288  0.321070  0.605132  0.700595  0.623601  0.798287  0.690672  0.605583  0.443091 
23  0.528912  0.488419  0.562459  0.676745  0.362598  0.587743  0.784232  0.560309  0.497247  0.703246  0.630496  0.510893  0.498047  0.604758  0.562826  0.489373  0.347847  0.463290  0.629553  0.586386  0.684023  0.504175  0.722464 0.0  0.516575  0.616827  0.361240  0.524030  0.544508  0.565094  0.519961  0.452885  0.321835  0.620624  0.270854  0.443565  0.581125  0.435285  0.719481  0.520265  0.565086  0.654601  0.358046  0.437017  0.423913  0.383001  0.522482  0.302684  0.562523  0.740839  0.634459  0.519715  0.627289  0.755897  0.427951  0.324687  0.393382  0.405309  0.765429  0.635772  0.672964 
24  0.602696  0.585203  0.591596  0.660525  0.430216  0.586538  0.614712  0.517720  0.584879  0.692770  0.303638  0.411129  0.463283  0.435261  0.632286  0.704509  0.504141  0.573254  0.660571  0.660196  0.607954  0.562937  0.506094  0.516575 0.0  0.205902  0.612267  0.647076  0.650064  0.718666  0.598583  0.539715  0.623373  0.613163  0.539369  0.546491  0.568480  0.719760  0.358725  0.359001  0.464800  0.622307  0.457796  0.589302  0.575172  0.825556  0.508101  0.595032  0.608037  0.565223  0.422392  0.536323  0.529298  0.382077  0.639001  0.316689  0.519360  0.570238  0.708693  0.561343  0.526229 
25  0.514421  0.563929  0.439821  0.740363  0.447679  0.535959  0.531812  0.458931  0.614580  0.632499  0.280914  0.596799  0.544047  0.650793  0.770445  0.598037  0.380290  0.644983  0.601159  0.565778  0.629273  0.667130  0.540344  0.616827  0.205902 0.0  0.605660  0.651549  0.595227  0.603765  0.538179  0.464522  0.550323  0.645583  0.474123  0.461627  0.491939  0.663804  0.352021  0.277229  0.573222  0.632373  0.480769  0.456938  0.527021  0.789510  0.528213  0.592952  0.537910  0.635822  0.355718  0.445380  0.492701  0.407424  0.530505  0.290972  0.492735  0.566122  0.596355  0.636716  0.499077 
26  0.670988  0.667952  0.658950  0.458278  0.520943  0.562345  0.816859  0.734020  0.771235  0.666556  0.684131  0.637950  0.703761  0.647388  1.000000  0.542626  0.460222  0.460082  0.843975  0.639154  0.593877  0.469210  0.829533  0.361240  0.612267  0.605660 0.0  0.577596  0.575162  0.221870  0.367088  0.672024  0.440474  0.581983  0.497250  0.501487  0.730876  0.631632  0.788680  0.518389  0.609795  0.530855  0.534103  0.374738  0.589795  0.651185  0.591668  0.513515  0.521820  0.755753  0.808902  0.723834  0.722214  0.644201  0.565319  0.594711  0.593482  0.621686  0.485572  0.740638  0.608593 
27  0.455960  0.670325  0.703794  0.651988  0.458297  0.563706  0.608972  0.307382  0.449577  0.638141  0.683153  0.480847  0.367301  0.502815  0.583105  0.487282  0.488690  0.504349  0.421109  0.488856  0.685034  0.598360  0.725914  0.524030  0.647076  0.651549  0.577596 0.0  0.699411  0.617745  0.674377  0.508990  0.463018  0.675700  0.605640  0.457430  0.394280  0.616931  0.703500  0.646284  0.507823  0.805803  0.469008  0.655206  0.487766  0.538680  0.342392  0.443184  0.611030  0.430292  0.619191  0.532554  0.524195  0.757245  0.668089  0.460685  0.554468  0.569403  0.601414  0.527409  0.684319 
28  0.529405  0.546550  0.504409  0.584034  0.577377  0.610849  0.716212  0.626981  0.607858  0.590207  0.517992  0.597932  0.523186  0.633484  0.703787  0.477848  0.623864  0.562495  0.790693  0.732824  0.622396  0.529018  0.637244  0.544508  0.650064  0.595227  0.575162  0.699411 0.0  0.596338  0.510398  0.585777  0.559881  0.526784  0.545467  0.605636  0.714230  0.593803  0.667204  0.558103  0.595656  0.536469  0.644189  0.559128  0.649343  0.481521  0.513732  0.480224  0.539022  0.667124  0.731814  0.610331  0.668149  0.626721  0.515606  0.467888  0.549551  0.645327  0.553904  0.682691  0.568730 
29  0.683778  0.603322  0.487679  0.487348  0.442125  0.555244  0.904152  0.685258  0.781795  0.773993  0.679937  0.799369  0.785862  0.723779  0.915718  0.638112  0.548416  0.537151  0.824092  0.796339  0.502114  0.469405  0.784000  0.565094  0.718666  0.603765  0.221870  0.617745  0.596338 0.0  0.490429  0.690637  0.420957  0.502659  0.539792  0.657140  0.814032  0.593106  0.767720  0.629572  0.901487  0.591970  0.577591  0.415079  0.569097  0.793878  0.604710  0.491506  0.652777  0.824573  0.744865  0.647615  0.677965  0.794038  0.444118  0.654079  0.525065  0.698130  0.619834  0.807893  0.722639 
30  0.614558  0.561762  0.436355  0.634985  0.547321  0.441815  0.707801  0.714008  0.744502  0.704397  0.565656  0.434537  0.658999  0.636868  0.922310  0.590373  0.550397  0.529880  0.833498  0.653544  0.335123  0.511466  0.715363  0.519961  0.598583  0.538179  0.367088  0.674377  0.510398  0.490429 0.0  0.619563  0.549344  0.461435  0.456860  0.635044  0.691906  0.659596  0.560124  0.522684  0.654547  0.679831  0.668643  0.490139  0.699290  0.714506  0.556671  0.448537  0.566419  0.686617  0.565452  0.655570  0.726419  0.683449  0.394227  0.491759  0.486035  0.475132  0.626643  0.799932  0.583265 
31  0.460606  0.589569  0.671656  0.465365  0.531190  0.580011  0.578144  0.448504  0.547983  0.438610  0.561698  0.074248  0.257735  0.376496  0.606019  0.564567  0.683133  0.260296  0.640262  0.557717  0.832979  0.678898  0.756840  0.452885  0.539715  0.464522  0.672024  0.508990  0.585777  0.690637  0.619563 0.0  0.546482  0.676598  0.524256  0.469932  0.581658  0.651920  0.514838  0.470913  0.434689  0.593192  0.525123  0.607619  0.529890  0.691108  0.442479  0.594704  0.664588  0.506096  0.645349  0.531161  0.189041  0.749955  0.447288  0.308197  0.574634  0.518642  0.629946  0.544465  0.870496 
32  0.451625  0.510548  0.465573  0.647217  0.296553  0.604134  0.675064  0.462600  0.595982  0.559569  0.569629  0.405585  0.421356  0.608535  0.590956  0.520486  0.440168  0.427712  0.583222  0.496881  0.620102  0.584456  0.846919  0.321835  0.623373  0.550323  0.440474  0.463018  0.559881  0.420957  0.549344  0.546482 0.0  0.704513  0.339330  0.437047  0.462933  0.488217  0.720482  0.324551  0.482769  0.632590  0.399469  0.373919  0.521835  0.493188  0.451164  0.380991  0.571074  0.514317  0.680180  0.469756  0.472900  0.610511  0.496557  0.445522  0.437523  0.336891  0.698055  0.596134  0.736838 
33  0.720551  0.557537  0.619920  0.550479  0.511652  0.639989  0.732584  0.833715  0.650103  0.687977  0.622896  0.688028  0.756883  0.657488  0.744027  0.709902  0.603981  0.552875  0.853715  0.781330  0.520564  0.661905  0.536590  0.620624  0.613163  0.645583  0.581983  0.675700  0.526784  0.502659  0.461435  0.676598  0.704513 0.0  0.627123  0.683520  0.672030  0.740967  0.533250  0.686118  0.688706  0.814317  0.566113  0.548920  0.632521  0.741204  0.566671  0.697383  0.616000  0.761970  0.653146  0.729272  0.726474  0.757052  0.514730  0.565203  0.622376  0.708630  0.668084  0.696459  0.679722 
34  0.509007  0.536120  0.516116  0.720646  0.142190  0.598917  0.658873  0.408514  0.459139  0.671447  0.548261  0.591113  0.483285  0.609601  0.706941  0.278531  0.192349  0.613385  0.666381  0.599603  0.546203  0.637467  0.753114  0.270854  0.539369  0.474123  0.497250  0.605640  0.545467  0.539792  0.456860  0.524256  0.339330  0.627123 0.0  0.433918  0.455742  0.560966  0.529894  0.330349  0.641740  0.547295  0.497928  0.481875  0.485711  0.571528  0.401400  0.235982  0.585925  0.629234  0.588462  0.381037  0.549416  0.685708  0.388583  0.435630  0.241468  0.387003  0.590387  0.559745  0.614690 
35  0.168763  0.545042  0.606842  0.644198  0.433589  0.465602  0.498073  0.397699  0.387147  0.631643  0.579698  0.429344  0.297715  0.494297  0.538749  0.529164  0.376584  0.413920  0.426977  0.461532  0.776509  0.650340  0.665763  0.443565  0.546491  0.461627  0.501487  0.457430  0.605636  0.657140  0.635044  0.469932  0.437047  0.683520  0.433918 0.0  0.362205  0.589630  0.584680  0.537535  0.389389  0.506873  0.287271  0.512421  0.362146  0.629319  0.311777  0.520964  0.570310  0.406802  0.589425  0.172026  0.494929  0.570601  0.593680  0.252500  0.537367  0.517096  0.675502  0.328876  0.772344 
36  0.308132  0.648898  0.698643  0.653585  0.410841  0.646112  0.346151  0.331052  0.355539  0.465030  0.807985  0.558852  0.431598  0.424695  0.494093  0.556579  0.565467  0.594529  0.468798  0.244746  0.756709  0.734461  0.514393  0.581125  0.568480  0.491939  0.730876  0.394280  0.714230  0.814032  0.691906  0.581658  0.462933  0.672030  0.455742  0.362205 0.0  0.793582  0.446209  0.726594  0.385987  0.593181  0.442732  0.604766  0.572148  0.501145  0.415184  0.581461  0.584428  0.256190  0.602697  0.279082  0.528846  0.513047  0.622056  0.462499  0.425184  0.528149  0.679654  0.262048  0.652791 
37  0.707641  0.493683  0.545149  0.751034  0.515914  0.584964  0.809958  0.756192  0.697195  0.781110  0.655887  0.777273  0.745295  0.852801  0.773087  0.451520  0.626313  0.643478  0.747447  0.688084  0.622739  0.532534  0.683807  0.435285  0.719760  0.663804  0.631632  0.616931  0.593803  0.593106  0.659596  0.651920  0.488217  0.740967  0.560966  0.589630  0.793582 0.0  0.660108  0.634038  0.779766  0.712588  0.688256  0.455787  0.635688  0.684721  0.641765  0.600999  0.594889  0.688619  0.565420  0.658322  0.691301  0.666901  0.461891  0.678199  0.473852  0.517598  0.742830  0.780465  0.568044 
38  0.407520  0.580172  0.568810  0.641720  0.582857  0.618132  0.621118  0.476794  0.431046  0.570913  0.267423  0.720020  0.523213  0.647854  0.605921  0.812645  0.585708  0.625285  0.445247  0.455708  0.747532  0.721338  0.272689  0.719481  0.358725  0.352021  0.788680  0.703500  0.667204  0.767720  0.560124  0.514838  0.720482  0.533250  0.529894  0.584680  0.446209  0.660108 0.0  0.462106  0.485346  0.567323  0.620955  0.659771  0.523613  0.665712  0.494088  0.743923  0.771157  0.503659  0.445274  0.579017  0.553590  0.239002  0.599103  0.572333  0.641249  0.730121  0.646827  0.445645  0.519826 
39  0.563827  0.360813  0.424447  0.686649  0.369573  0.457712  0.774929  0.555264  0.617332  0.585388  0.159302  0.512302  0.534286  0.648643  0.722899  0.512839  0.526416  0.467908  0.837469  0.509837  0.590272  0.532241  0.567909  0.520265  0.359001  0.277229  0.518389  0.646284  0.558103  0.629572  0.522684  0.470913  0.324551  0.686118  0.330349  0.537535  0.726594  0.634038  0.462106 0.0  0.585379  0.750492  0.559441  0.463114  0.562973  0.644488  0.549344  0.573849  0.427678  0.655427  0.487148  0.467116  0.503843  0.428891  0.484012  0.454193  0.541801  0.504089  0.651461  0.717528  0.400537 
40  0.313407  0.572050  0.671650  0.553068  0.573122  0.599648  0.517716  0.385555  0.382017  0.417143  0.591733  0.479788  0.346256  0.427994  0.393938  0.505228  0.627987  0.426050  0.538655  0.303163  0.870182  0.743852  0.604982  0.565086  0.464800  0.573222  0.609795  0.507823  0.595656  0.901487  0.654547  0.434689  0.482769  0.688706  0.641740  0.389389  0.385987  0.779766  0.485346  0.585379 0.0  0.517091  0.437498  0.657505  0.505784  0.578716  0.459704  0.472009  0.637110  0.375948  0.722175  0.466573  0.434216  0.698127  0.690592  0.396601  0.690980  0.390255  0.676275  0.322857  0.627854 
41  0.540140  0.554363  0.754211  0.533733  0.647930  0.630304  0.506568  0.616499  0.501512  0.431974  0.668359  0.507087  0.647809  0.420408  0.521471  0.554496  0.722533  0.516878  0.522723  0.578129  0.699111  0.690434  0.543556  0.654601  0.622307  0.632373  0.530855  0.805803  0.536469  0.591970  0.679831  0.593192  0.632590  0.814317  0.547295  0.506873  0.593181  0.712588  0.567323  0.750492  0.517091 0.0  0.546579  0.736409  0.722304  0.697649  0.608067  0.697662  0.588005  0.458915  0.665809  0.564452  0.523460  0.521259  0.724339  0.679635  0.644674  0.555995  0.617858  0.507459  0.593315 
42  0.334838  0.582028  0.701144  0.660259  0.379246  0.531080  0.608301  0.247262  0.526078  0.500339  0.369125  0.471652  0.439410  0.518752  0.395656  0.542659  0.406812  0.376468  0.445710  0.556319  0.794258  0.722290  0.667875  0.358046  0.457796  0.480769  0.534103  0.469008  0.644189  0.577591  0.668643  0.525123  0.399469  0.566113  0.497928  0.287271  0.442732  0.688256  0.620955  0.559441  0.437498  0.546579 0.0  0.537915  0.354043  0.638374  0.360268  0.607243  0.605320  0.507380  0.635883  0.450480  0.427676  0.533012  0.674453  0.254024  0.479327  0.562007  0.556128  0.390904  0.704683 
43  0.569124  0.369858  0.440476  0.632869  0.412185  0.580667  0.700130  0.580476  0.621587  0.582563  0.629966  0.513627  0.593312  0.605321  0.770225  0.473288  0.514192  0.619322  0.840027  0.670018  0.566098  0.565796  0.704853  0.437017  0.589302  0.456938  0.374738  0.655206  0.559128  0.415079  0.490139  0.607619  0.373919  0.548920  0.481875  0.512421  0.604766  0.455787  0.659771  0.463114  0.657505  0.736409  0.537915 0.0  0.552976  0.513092  0.527685  0.334938  0.524786  0.623940  0.691804  0.576321  0.597677  0.675213  0.520889  0.422427  0.541674  0.581181  0.634267  0.633229  0.497796 
44  0.350416  0.631029  0.658183  0.633472  0.457095  0.659950  0.665866  0.432230  0.456900  0.679198  0.454389  0.524325  0.506319  0.638758  0.713448  0.539007  0.428552  0.458188  0.638585  0.593753  0.714303  0.666581  0.719872  0.423913  0.575172  0.527021  0.589795  0.487766  0.649343  0.569097  0.699290  0.529890  0.521835  0.632521  0.485711  0.362146  0.572148  0.635688  0.523613  0.562973  0.505784  0.722304  0.354043  0.552976 0.0  0.532319  0.384400  0.529212  0.687965  0.551484  0.604255  0.526329  0.705191  0.558809  0.570178  0.364275  0.461991  0.489502  0.670071  0.531942  0.803041 
45  0.586879  0.608860  0.642910  0.622728  0.535094  0.585285  0.800856  0.587989  0.654069  0.619170  0.730539  0.674253  0.628792  0.740313  0.585191  0.446067  0.488030  0.566219  0.597115  0.484546  0.680999  0.650466  0.578763  0.383001  0.825556  0.789510  0.651185  0.538680  0.481521  0.793878  0.714506  0.691108  0.493188  0.741204  0.571528  0.629319  0.501145  0.684721  0.665712  0.644488  0.578716  0.697649  0.638374  0.513092  0.532319 0.0  0.482395  0.493159  0.657277  0.614774  0.701928  0.571273  0.689783  0.753516  0.588192  0.645493  0.492829  0.573835  0.705046  0.554374  0.580719 
46  0.367327  0.548689  0.575862  0.589922  0.499532  0.548622  0.535049  0.374629  0.422847  0.595297  0.477999  0.408630  0.471585  0.508127  0.641874  0.486556  0.459322  0.543403  0.526377  0.563156  0.664059  0.642096  0.602032  0.522482  0.508101  0.528213  0.591668  0.342392  0.513732  0.604710  0.556671  0.442479  0.451164  0.566671  0.401400  0.311777  0.415184  0.641765  0.494088  0.549344  0.459704  0.608067  0.360268  0.527685  0.384400  0.482395 0.0  0.400475  0.573532  0.402169  0.536515  0.352343  0.514511  0.571986  0.594286  0.324226  0.531122  0.515857  0.723996  0.458469  0.804882 
47  0.595907  0.595469  0.324815  0.638298  0.262022  0.599433  0.839503  0.606620  0.620336  0.712166  0.596043  0.492362  0.485103  0.710956  0.697170  0.415739  0.256237  0.629646  0.683243  0.556702  0.534506  0.496029  0.780127  0.302684  0.595032  0.592952  0.513515  0.443184  0.480224  0.491506  0.448537  0.594704  0.380991  0.697383  0.235982  0.520964  0.581461  0.600999  0.743923  0.573849  0.472009  0.697662  0.607243  0.334938  0.529212  0.493159  0.400475 0.0  0.627029  0.549785  0.654768  0.496561  0.501096  0.930667  0.460453  0.479669  0.448011  0.352662  0.605762  0.571743  0.586678 
48  0.600096  0.433498  0.559321  0.579424  0.464250  0.557729  0.708593  0.627639  0.696997  0.662924  0.625175  0.713459  0.607661  0.625423  0.711579  0.538549  0.649152  0.498995  0.751802  0.697214  0.726325  0.587658  0.748870  0.562523  0.608037  0.537910  0.521820  0.611030  0.539022  0.652777  0.566419  0.664588  0.571074  0.616000  0.585925  0.570310  0.584428  0.594889  0.771157  0.427678  0.637110  0.588005  0.605320  0.524786  0.687965  0.657277  0.573532  0.627029 0.0  0.695849  0.594784  0.497695  0.679953  0.669753  0.583526  0.490991  0.551006  0.616167  0.653437  0.636493  0.652543 
49  0.328957  0.604586  0.765591  0.706746  0.478574  0.666292  0.462263  0.247047  0.368792  0.416433  0.508646  0.373701  0.153898  0.407453  0.518899  0.532100  0.636781  0.460227  0.483861  0.188263  0.735622  0.728495  0.552958  0.740839  0.565223  0.635822  0.755753  0.430292  0.667124  0.824573  0.686617  0.506096  0.514317  0.761970  0.629234  0.406802  0.256190  0.688619  0.503659  0.655427  0.375948  0.458915  0.507380  0.623940  0.551484  0.614774  0.402169  0.549785  0.695849 0.0  0.530793  0.404875  0.362708  0.497249  0.668539  0.442228  0.658705  0.464876  0.630160  0.216039  0.639147 
50  0.609166  0.533258  0.446863  0.740997  0.604220  0.549422  0.543451  0.549541  0.544786  0.668301  0.365791  0.653289  0.587396  0.674990  0.548338  0.565098  0.569582  0.686524  0.645140  0.609030  0.624893  0.588782  0.524051  0.634459  0.422392  0.355718  0.808902  0.619191  0.731814  0.744865  0.565452  0.645349  0.680180  0.653146  0.588462  0.589425  0.602697  0.565420  0.445274  0.487148  0.722175  0.665809  0.635883  0.691804  0.604255  0.701928  0.536515  0.654768  0.594784  0.530793 0.0  0.656143  0.613456  0.365826  0.652271  0.492567  0.619975  0.658877  0.682841  0.595549  0.527041 
51  0.330871  0.601637  0.675047  0.645587  0.391754  0.592839  0.454043  0.346276  0.231321  0.510800  0.523007  0.502957  0.412064  0.475291  0.390879  0.512754  0.500950  0.569199  0.417708  0.419008  0.791076  0.649362  0.522811  0.519715  0.536323  0.445380  0.723834  0.532554  0.610331  0.647615  0.655570  0.531161  0.469756  0.729272  0.381037  0.172026  0.279082  0.658322  0.579017  0.467116  0.466573  0.564452  0.450480  0.576321  0.526329  0.571273  0.352343  0.496561  0.497695  0.404875  0.656143 0.0  0.493519  0.567439  0.525528  0.313822  0.371496  0.524652  0.748548  0.261433  0.680372 
52  0.569349  0.561063  0.720481  0.633080  0.443219  0.586869  0.598591  0.472313  0.577576  0.558486  0.546438  0.164265  0.230103  0.536511  0.663329  0.539160  0.643615  0.325451  0.737061  0.584703  0.927687  0.636685  0.693288  0.627289  0.529298  0.492701  0.722214  0.524195  0.668149  0.677965  0.726419  0.189041  0.472900  0.726474  0.549416  0.494929  0.528846  0.691301  0.553590  0.503843  0.434216  0.523460  0.427676  0.597677  0.705191  0.689783  0.514511  0.501096  0.679953  0.362708  0.613456  0.493519 0.0  0.697864  0.483377  0.372389  0.592815  0.501358  0.519503  0.392432  0.726479 
53  0.526232  0.610717  0.676971  0.636427  0.573389  0.671337  0.592091  0.529329  0.412022  0.676987  0.325359  0.629224  0.697714  0.418412  0.596636  0.752569  0.663443  0.623435  0.458047  0.354420  0.731513  0.679916  0.321070  0.755897  0.382077  0.407424  0.644201  0.757245  0.626721  0.794038  0.683449  0.749955  0.610511  0.757052  0.685708  0.570601  0.513047  0.666901  0.239002  0.428891  0.698127  0.521259  0.533012  0.675213  0.558809  0.753516  0.571986  0.930667  0.669753  0.497249  0.365826  0.567439  0.697864 0.0  0.672241  0.564664  0.632950  0.765596  0.681404  0.633408  0.521274 
54  0.555812  0.420680  0.605908  0.629061  0.310696  0.725255  0.647209  0.549272  0.509421  0.621201  0.615764  0.389348  0.543331  0.549031  0.728766  0.584655  0.338931  0.462366  0.705005  0.503499  0.526693  0.583360  0.605132  0.427951  0.639001  0.530505  0.565319  0.668089  0.515606  0.444118  0.394227  0.447288  0.496557  0.514730  0.388583  0.593680  0.622056  0.461891  0.599103  0.484012  0.690592  0.724339  0.674453  0.520889  0.570178  0.588192  0.594286  0.460453  0.583526  0.668539  0.652271  0.525528  0.483377  0.672241 0.0  0.487792  0.391878  0.553840  0.576136  0.655651  0.496749 
55  0.308341  0.543306  0.612686  0.606268  0.398104  0.466283  0.629932  0.382236  0.431219  0.570502  0.509720  0.364577  0.308340  0.340355  0.634594  0.494725  0.397231  0.379107  0.563312  0.335230  0.801649  0.648566  0.700595  0.324687  0.316689  0.290972  0.594711  0.460685  0.467888  0.654079  0.491759  0.308197  0.445522  0.565203  0.435630  0.252500  0.462499  0.678199  0.572333  0.454193  0.396601  0.679635  0.254024  0.422427  0.364275  0.645493  0.324226  0.479669  0.490991  0.442228  0.492567  0.313822  0.372389  0.564664  0.487792 0.0  0.414705  0.382222  0.636625  0.331106  0.674725 
56  0.475573  0.581946  0.622769  0.794988  0.233316  0.525261  0.639842  0.501225  0.490489  0.775648  0.561669  0.672246  0.536001  0.610088  0.695164  0.403978  0.304683  0.636981  0.738309  0.657356  0.507089  0.547821  0.623601  0.393382  0.519360  0.492735  0.593482  0.554468  0.549551  0.525065  0.486035  0.574634  0.437523  0.622376  0.241468  0.537367  0.425184  0.473852  0.641249  0.541801  0.690980  0.644674  0.479327  0.541674  0.461991  0.492829  0.531122  0.448011  0.551006  0.658705  0.619975  0.371496  0.592815  0.632950  0.391878  0.414705 0.0  0.476857  0.684283  0.530593  0.624713 
57  0.542943  0.392675  0.450284  0.613055  0.297710  0.556211  0.812270  0.526190  0.525978  0.540324  0.511905  0.495103  0.483620  0.624089  0.601117  0.440023  0.354414  0.395662  0.750271  0.540128  0.608981  0.566247  0.798287  0.405309  0.570238  0.566122  0.621686  0.569403  0.645327  0.698130  0.475132  0.518642  0.336891  0.708630  0.387003  0.517096  0.528149  0.517598  0.730121  0.504089  0.390255  0.555995  0.562007  0.581181  0.489502  0.573835  0.515857  0.352662  0.616167  0.464876  0.658877  0.524652  0.501358  0.765596  0.553840  0.382222  0.476857 0.0  0.632043  0.678619  0.644560 
58  0.656566  0.715448  0.731310  0.492598  0.584025  0.651389  0.607453  0.591393  0.664174  0.608607  0.699136  0.587858  0.696637  0.535775  0.603953  0.596304  0.666315  0.541407  0.618700  0.700878  0.651266  0.621536  0.690672  0.765429  0.708693  0.596355  0.485572  0.601414  0.553904  0.619834  0.626643  0.629946  0.698055  0.668084  0.590387  0.675502  0.679654  0.742830  0.646827  0.651461  0.676275  0.617858  0.556128  0.634267  0.670071  0.705046  0.723996  0.605762  0.653437  0.630160  0.682841  0.748548  0.519503  0.681404  0.576136  0.636625  0.684283  0.632043 0.0  0.673190  0.666839 
59  0.223925  0.679880  0.726186  0.610289  0.515561  0.825764  0.324035  0.447640  0.156230  0.547727  0.743013  0.574323  0.445918  0.309778  0.355136  0.577811  0.546774  0.532996  0.266270  0.429964  0.820738  0.672657  0.605583  0.635772  0.561343  0.636716  0.740638  0.527409  0.682691  0.807893  0.799932  0.544465  0.596134  0.696459  0.559745  0.328876  0.262048  0.780465  0.445645  0.717528  0.322857  0.507459  0.390904  0.633229  0.531942  0.554374  0.458469  0.571743  0.636493  0.216039  0.595549  0.261433  0.392432  0.633408  0.655651  0.331106  0.530593  0.678619  0.673190 0.0  0.662388 
60  0.690773  0.511402  0.499542  0.766317  0.595131  0.631901  0.757885  0.715857  0.797300  0.579217  0.442069  0.648555  0.656168  0.713324  0.667690  0.587642  0.713747  0.713125  0.764800  0.581304  0.583283  0.577185  0.443091  0.672964  0.526229  0.499077  0.608593  0.684319  0.568730  0.722639  0.583265  0.870496  0.736838  0.679722  0.614690  0.772344  0.652791  0.568044  0.519826  0.400537  0.627854  0.593315  0.704683  0.497796  0.803041  0.580719  0.804882  0.586678  0.652543  0.639147  0.527041  0.680372  0.726479  0.521274  0.496749  0.674725  0.624713  0.644560  0.666839  0.662388 0.0 
