61
0 0.0  0.546191  0.574848  0.709455  0.391535  0.618316  0.478423  0.398714  0.299740  0.418654  0.602478  0.390336  0.444541  0.397924  0.511816  0.548100  0.434840  0.418427  0.454893  0.319707  0.711047  0.706752  0.503533  0.556458  0.537108  0.426314  0.592055  0.472136  0.590581  0.652966  0.674937  0.483366  0.450514  0.630529  0.371324  0.274870  0.274000  0.738314  0.465417  0.599963  0.304812  0.474523  0.307324  0.559401  0.427478  0.652037  0.366076  0.667908  0.585289  0.297005  0.633086  0.289755  0.458767  0.437991  0.616274  0.259479  0.553932  0.520658  0.727201  0.342806  0.614763 
1  0.546191 0.0  0.522418  0.661705  0.448409  0.505471  0.680543  0.568047  0.625504  0.564909  0.528589  0.512099  0.624948  0.932319  0.618451  0.429342  0.571340  0.503687  0.866308  0.647287  0.769027  0.591579  0.590102  0.495344  0.657765  0.470945  0.558737  0.725232  0.593728  0.627982  0.419762  0.549228  0.443670  0.654771  0.433330  0.567966  0.679330  0.432436  0.679473  0.436899  0.594358  0.685544  0.656615  0.437940  0.656714  0.614032  0.551722  0.498737  0.445484  0.617602  0.598029  0.636183  0.529271  0.741527  0.379433  0.467967  0.532306  0.479658  0.695514  0.812961  0.410493 
2  0.574848  0.522418 0.0  0.555504  0.596888  0.543118  0.928076  0.688278  0.706718  0.635373  0.425266  0.621896  0.738983  0.769653  0.774549  0.675792  0.619048  0.648860  0.930705  0.764511  0.534826  0.547695  0.605641  0.585771  0.517025  0.423574  0.687413  0.614399  0.549247  0.571271  0.490100  0.597318  0.572214  0.470642  0.645262  0.722775  0.656382  0.576260  0.609476  0.400606  0.650016  0.769037  0.679364  0.507546  0.613327  0.557424  0.688415  0.533738  0.533852  0.784734  0.429076  0.684834  0.695543  0.481752  0.623770  0.687746  0.589115  0.487255  0.785327  0.640373  0.501933 
3  0.709455  0.661705  0.555504 0.0  0.623012  0.579819  0.712106  0.720882  0.730633  0.707569  0.665239  0.570792  0.629600  0.668742  0.757636  0.658204  0.684039  0.601884  0.602386  0.627429  0.624551  0.652848  0.711392  0.677623  0.672565  0.663587  0.471726  0.674030  0.534980  0.483589  0.569859  0.552681  0.698181  0.571673  0.749141  0.577547  0.686936  0.750321  0.697848  0.726283  0.591680  0.540326  0.728889  0.561559  0.591958  0.688846  0.662071  0.630089  0.535807  0.697917  0.677762  0.682105  0.662462  0.719500  0.577133  0.625329  0.811282  0.525338  0.505747  0.737243  0.651178 
4  0.391535  0.448409  0.596888  0.623012 0.0  0.572884  0.699700  0.432412  0.465567  0.755675  0.594485  0.575281  0.486385  0.549514  0.809216  0.412688  0.228656  0.510489  0.597726  0.512415  0.532524  0.573595  0.510370  0.324943  0.543246  0.445780  0.522498  0.492829  0.520783  0.565333  0.441469  0.512270  0.350250  0.533404  0.257424  0.364041  0.538032  0.443188  0.563699  0.403278  0.575580  0.594623  0.444499  0.446933  0.470501  0.517914  0.534157  0.341894  0.532124  0.477546  0.600123  0.464844  0.436799  0.599186  0.391399  0.331908  0.293556  0.351416  0.612037  0.554899  0.604846 
5  0.618316  0.505471  0.543118  0.579819  0.572884 0.0  0.604599  0.538970  0.668556  0.639892  0.589936  0.592191  0.585168  0.698346  0.811351  0.519991  0.412052  0.574057  0.605728  0.658627  0.517092  0.527710  0.705751  0.467841  0.498424  0.453471  0.550991  0.574243  0.669834  0.501645  0.502260  0.529971  0.606350  0.579780  0.550685  0.555103  0.677379  0.583171  0.552563  0.467317  0.744519  0.637918  0.553594  0.589046  0.592664  0.637465  0.567510  0.534459  0.696779  0.523126  0.612105  0.649496  0.541682  0.553274  0.482064  0.486239  0.527546  0.503834  0.633574  0.649963  0.637816 
6  0.478423  0.680543  0.928076  0.712106  0.699700  0.604599 0.0  0.488290  0.393399  0.460311  0.703993  0.524701  0.682033  0.330840  0.517237  0.667600  0.760521  0.518047  0.445658  0.485427  0.973865  0.583002  0.569456  0.632755  0.654692  0.534474  0.848227  0.713058  0.715364  0.845627  0.639022  0.603426  0.775209  0.855620  0.610988  0.521913  0.411663  0.901353  0.616967  0.617638  0.554694  0.581861  0.653022  0.749341  0.691346  0.780933  0.722615  0.779257  0.604292  0.477598  0.719758  0.421547  0.563339  0.559989  0.680465  0.500705  0.690409  0.584495  0.697643  0.358529  0.772023 
7  0.398714  0.568047  0.688278  0.720882  0.432412  0.538970  0.488290 0.0  0.385171  0.602189  0.519125  0.519510  0.233144  0.419159  0.563508  0.517386  0.539823  0.512050  0.515704  0.353605  0.825809  0.653389  0.675271  0.560927  0.523500  0.447472  0.658415  0.337248  0.509430  0.728542  0.566612  0.480247  0.528184  0.757036  0.420288  0.360306  0.304146  0.630722  0.580978  0.657979  0.493858  0.596093  0.340874  0.569126  0.393556  0.606673  0.344112  0.497983  0.649165  0.266650  0.564685  0.360241  0.473144  0.445612  0.563938  0.341666  0.524923  0.582888  0.626523  0.383944  0.735094 
8  0.299740  0.625504  0.706718  0.730633  0.465567  0.668556  0.393399  0.385171 0.0  0.438636  0.622852  0.588428  0.355748  0.394560  0.431266  0.576865  0.529688  0.480114  0.311708  0.270533  0.832409  0.680657  0.510244  0.454462  0.593063  0.524167  0.749383  0.484441  0.758155  0.863737  0.702780  0.703258  0.615424  0.621473  0.437424  0.315025  0.275041  0.694263  0.371530  0.702241  0.394076  0.585276  0.568683  0.714739  0.458629  0.559028  0.478777  0.613776  0.689376  0.309628  0.609426  0.358058  0.535072  0.485294  0.665757  0.440806  0.522264  0.609819  0.524004  0.171886  0.549678 
9  0.418654  0.564909  0.635373  0.707569  0.755675  0.639892  0.460311  0.602189  0.438636 0.0  0.766576  0.501910  0.503292  0.404755  0.497588  0.621607  0.714620  0.423538  0.541398  0.399983  0.861242  0.757649  0.477492  0.668783  0.664239  0.728702  0.761577  0.725121  0.571357  0.756020  0.713136  0.519610  0.535621  0.766585  0.610689  0.571615  0.452314  0.671576  0.588300  0.688938  0.408441  0.531034  0.585188  0.621216  0.600373  0.606089  0.584352  0.604861  0.714257  0.372548  0.673715  0.594657  0.526453  0.522634  0.623679  0.604815  0.689674  0.623275  0.694633  0.534324  0.530546 
10  0.602478  0.528589  0.425266  0.665239  0.594485  0.589936  0.703993  0.519125  0.622852  0.766576 0.0  0.540694  0.497525  0.752927  0.663133  0.490112  0.569951  0.534260  0.682388  0.603004  0.707508  0.607587  0.452586  0.462473  0.382354  0.336786  0.705788  0.573238  0.588881  0.614206  0.558694  0.549163  0.615877  0.664901  0.664237  0.561687  0.593821  0.595217  0.368154  0.310368  0.593786  0.629584  0.487397  0.608940  0.506918  0.660419  0.527958  0.521720  0.660986  0.597778  0.384905  0.650993  0.604523  0.404201  0.628906  0.492785  0.630521  0.444488  0.779231  0.704268  0.496051 
11  0.390336  0.512099  0.621896  0.570792  0.575281  0.592191  0.524701  0.519510  0.588428  0.501910  0.540694 0.0  0.308060  0.436264  0.532785  0.517322  0.595086  0.218315  0.668766  0.559147  0.751745  0.595099  0.754246  0.518256  0.486407  0.539813  0.578126  0.636096  0.575987  0.739599  0.722546  0.134368  0.523737  0.665943  0.447793  0.406385  0.558728  0.631761  0.654571  0.512470  0.380873  0.576607  0.517495  0.505693  0.626532  0.738528  0.539307  0.507474  0.526353  0.378638  0.679461  0.568342  0.145751  0.675557  0.524198  0.359960  0.625196  0.516850  0.758898  0.589574  0.777325 
12  0.444541  0.624948  0.738983  0.629600  0.486385  0.585168  0.682033  0.233144  0.355748  0.503292  0.497525  0.308060 0.0  0.446247  0.507858  0.474615  0.491966  0.447997  0.501963  0.277502  0.808557  0.690903  0.655813  0.537002  0.570599  0.554526  0.650231  0.402800  0.581052  0.640005  0.587459  0.258641  0.466458  0.787847  0.601584  0.360623  0.359571  0.791404  0.655811  0.559572  0.350509  0.595165  0.396440  0.655640  0.505696  0.611540  0.462675  0.531418  0.619174  0.199601  0.568473  0.439925  0.316533  0.621035  0.621169  0.350275  0.474295  0.417054  0.666114  0.429607  0.691058 
13  0.397924  0.932319  0.769653  0.668742  0.549514  0.698346  0.330840  0.419159  0.394560  0.404755  0.752927  0.436264  0.446247 0.0  0.475369  0.636644  0.569944  0.401282  0.487767  0.392801  0.932360  0.715782  0.710857  0.604058  0.562315  0.572255  0.691110  0.584412  0.756833  0.855369  0.696619  0.423727  0.596270  0.686206  0.645547  0.425831  0.410183  0.844709  0.562299  0.652910  0.403532  0.421902  0.350761  0.636156  0.603237  0.769072  0.589353  0.635691  0.609558  0.404373  0.658416  0.405607  0.469038  0.471807  0.640633  0.392629  0.666278  0.720113  0.563618  0.337556  0.707810 
14  0.511816  0.618451  0.774549  0.757636  0.809216  0.811351  0.517237  0.563508  0.431266  0.497588  0.663133  0.532785  0.507858  0.475369 0.0  0.613272  0.666305  0.662556  0.249835  0.412329  0.742256  0.601558  0.611784  0.731602  0.628118  0.796487  1.000000  0.569701  0.666696  0.824074  0.787763  0.627048  0.613713  0.940978  0.630888  0.538292  0.555169  0.853794  0.660516  0.892881  0.441934  0.603048  0.514880  0.768295  0.735449  0.546367  0.617787  0.621025  0.795455  0.442140  0.641478  0.486692  0.561574  0.608325  0.705561  0.589373  0.837563  0.580179  0.667903  0.350234  0.640130 
15  0.548100  0.429342  0.675792  0.658204  0.412688  0.519991  0.667600  0.517386  0.576865  0.621607  0.490112  0.517322  0.474615  0.636644  0.613272 0.0  0.393227  0.514128  0.670924  0.436637  0.593076  0.588239  0.733723  0.478287  0.697807  0.570853  0.559270  0.511341  0.679660  0.677414  0.697527  0.584767  0.449041  0.773645  0.420032  0.501008  0.579730  0.592476  0.513487  0.467788  0.500579  0.625743  0.603780  0.505251  0.587890  0.513525  0.534046  0.353728  0.552114  0.558904  0.504726  0.559806  0.563356  0.728472  0.542730  0.538411  0.425466  0.389627  0.620216  0.678027  0.505183 
16  0.434840  0.571340  0.619048  0.684039  0.228656  0.412052  0.760521  0.539823  0.529688  0.714620  0.569951  0.595086  0.491966  0.569944  0.666305  0.393227 0.0  0.610151  0.648601  0.590675  0.555740  0.547184  0.782036  0.337015  0.575556  0.457946  0.480229  0.517875  0.524027  0.599833  0.465046  0.605445  0.331334  0.635224  0.217058  0.398346  0.591863  0.592703  0.590298  0.387562  0.577198  0.617852  0.432799  0.443411  0.402790  0.540735  0.389568  0.319371  0.577248  0.540677  0.672177  0.421600  0.541929  0.667798  0.462063  0.296889  0.244843  0.437504  0.704868  0.621386  0.618995 
17  0.418427  0.503687  0.648860  0.601884  0.510489  0.574057  0.518047  0.512050  0.480114  0.423538  0.534260  0.218315  0.447997  0.401282  0.662556  0.514128  0.610151 0.0  0.701830  0.495290  0.837514  0.664609  0.718715  0.506110  0.615285  0.613110  0.526591  0.536952  0.568826  0.562581  0.597744  0.242957  0.532422  0.638854  0.601462  0.405444  0.507898  0.715934  0.609480  0.507364  0.396772  0.561052  0.380240  0.561823  0.650007  0.638807  0.494914  0.565406  0.496044  0.456482  0.695820  0.498638  0.279599  0.649811  0.510267  0.390268  0.502996  0.400398  0.500796  0.512030  0.660277 
18  0.454893  0.866308  0.930705  0.602386  0.597726  0.605728  0.445658  0.515704  0.311708  0.541398  0.682388  0.668766  0.501963  0.487767  0.249835  0.670924  0.648601  0.701830 0.0  0.502307  0.912503  0.675954  0.622551  0.687086  0.636797  0.692896  0.756249  0.524167  0.676934  0.648068  0.759708  0.554414  0.629825  0.842440  0.542420  0.470166  0.442358  0.883624  0.539238  0.740820  0.470775  0.601377  0.474057  0.779457  0.630404  0.638391  0.591811  0.599671  0.769998  0.497528  0.622342  0.431234  0.654472  0.602352  0.668222  0.557084  0.626774  0.685822  0.614301  0.269090  0.621168 
19  0.319707  0.647287  0.764511  0.627429  0.512415  0.658627  0.485427  0.353605  0.270533  0.399983  0.603004  0.559147  0.277502  0.392801  0.412329  0.436637  0.590675  0.495290  0.502307 0.0  0.785207  0.642156  0.478046  0.545512  0.562015  0.615869  0.814362  0.396166  0.655052  0.760531  0.768664  0.498914  0.549324  0.838255  0.529703  0.430248  0.240582  0.755028  0.498040  0.492211  0.252218  0.540980  0.511301  0.596370  0.518356  0.594613  0.430112  0.564511  0.578477  0.157940  0.641924  0.386750  0.425009  0.493166  0.670394  0.453555  0.554044  0.471942  0.720058  0.370664  0.659448 
20  0.711047  0.769027  0.534826  0.624551  0.532524  0.517092  0.973865  0.825809  0.832409  0.861242  0.707508  0.751745  0.808557  0.932360  0.742256  0.593076  0.555740  0.837514  0.912503  0.785207 0.0  0.541451  0.629253  0.659621  0.664134  0.674547  0.582579  0.818261  0.615880  0.615039  0.351786  0.836088  0.611023  0.517527  0.613537  0.837489  0.941958  0.660578  0.662394  0.521753  0.990328  0.703735  0.789248  0.491515  0.717091  0.614343  0.747037  0.626345  0.679334  0.885918  0.494136  0.906025  0.750573  0.783464  0.561915  0.809844  0.616659  0.745390  0.625707  0.842734  0.562602 
21  0.706752  0.591579  0.547695  0.652848  0.573595  0.527710  0.583002  0.653389  0.680657  0.757649  0.607587  0.595099  0.690903  0.715782  0.601558  0.588239  0.547184  0.664609  0.675954  0.642156  0.541451 0.0  0.839288  0.652687  0.578710  0.580584  0.506450  0.770987  0.593610  0.566480  0.522198  0.608397  0.528242  0.650580  0.574989  0.604516  0.732968  0.603587  0.715091  0.616546  0.652885  0.765568  0.560576  0.538595  0.662039  0.537258  0.639938  0.557127  0.497414  0.726430  0.612652  0.671914  0.679833  0.775609  0.627971  0.743908  0.546083  0.601523  0.575475  0.526000  0.608464 
22  0.503533  0.590102  0.605641  0.711392  0.510370  0.705751  0.569456  0.675271  0.510244  0.477492  0.452586  0.754246  0.655813  0.710857  0.611784  0.733723  0.782036  0.718715  0.622551  0.478046  0.629253  0.839288 0.0  0.736541  0.478266  0.392907  0.915577  0.760870  0.520036  0.962177  0.672187  0.739956  0.735604  0.704132  0.722994  0.708145  0.547505  0.696627  0.284550  0.462711  0.610675  0.533108  0.688385  0.764275  0.662529  0.813147  0.599604  0.884641  0.729870  0.514168  0.398528  0.710019  0.687528  0.306904  0.725123  0.700802  0.648430  0.905976  0.737335  0.524308  0.474376 
23  0.556458  0.495344  0.585771  0.677623  0.324943  0.467841  0.632755  0.560927  0.454462  0.668783  0.462473  0.518256  0.537002  0.604058  0.731602  0.478287  0.337015  0.506110  0.687086  0.545512  0.659621  0.652687  0.736541 0.0  0.653925  0.522701  0.454593  0.452539  0.579908  0.504532  0.485509  0.583969  0.323203  0.597952  0.391837  0.456064  0.618717  0.632539  0.580579  0.442309  0.556872  0.571780  0.543147  0.407915  0.391104  0.438101  0.386751  0.395128  0.508365  0.618882  0.571892  0.434502  0.636276  0.675964  0.404790  0.464131  0.395581  0.386937  0.673578  0.636087  0.740876 
24  0.537108  0.657765  0.517025  0.672565  0.543246  0.498424  0.654692  0.523500  0.593063  0.664239  0.382354  0.486407  0.570599  0.562315  0.628118  0.697807  0.575556  0.615285  0.636797  0.562015  0.664134  0.578710  0.478266  0.653925 0.0  0.270595  0.642475  0.651613  0.559207  0.647822  0.569009  0.562987  0.538801  0.753072  0.583501  0.426700  0.493917  0.595826  0.337558  0.395801  0.641094  0.546936  0.453016  0.572133  0.583341  0.690056  0.508090  0.603895  0.585941  0.666069  0.506072  0.432621  0.603832  0.402283  0.580055  0.437772  0.544467  0.530128  0.728492  0.581511  0.530954 
25  0.426314  0.470945  0.423574  0.663587  0.445780  0.453471  0.534474  0.447472  0.524167  0.728702  0.336786  0.539813  0.554526  0.572255  0.796487  0.570853  0.457946  0.613110  0.692896  0.615869  0.674547  0.580584  0.392907  0.522701  0.270595 0.0  0.666421  0.698338  0.618134  0.581041  0.516633  0.547356  0.501672  0.667089  0.513602  0.369511  0.560706  0.585896  0.393089  0.297374  0.577488  0.622960  0.484993  0.506915  0.451740  0.740767  0.491040  0.622284  0.553948  0.596090  0.421929  0.491960  0.498931  0.405214  0.489802  0.336953  0.555811  0.536412  0.703942  0.544299  0.588165 
26  0.592055  0.558737  0.687413  0.471726  0.522498  0.550991  0.848227  0.658415  0.749383  0.761577  0.705788  0.578126  0.650231  0.691110  1.000000  0.559270  0.480229  0.526591  0.756249  0.814362  0.582579  0.506450  0.915577  0.454593  0.642475  0.666421 0.0  0.585010  0.590745  0.235971  0.420453  0.490728  0.470665  0.515237  0.507310  0.500421  0.608511  0.625836  0.741391  0.694879  0.794006  0.552975  0.649513  0.438571  0.628184  0.656077  0.557240  0.472311  0.630283  0.734531  0.771330  0.663079  0.728836  0.771926  0.441001  0.568268  0.524454  0.500850  0.538687  0.814555  0.616185 
27  0.472136  0.725232  0.614399  0.674030  0.492829  0.574243  0.713058  0.337248  0.484441  0.725121  0.573238  0.636096  0.402800  0.584412  0.569701  0.511341  0.517875  0.536952  0.524167  0.396166  0.818261  0.770987  0.760870  0.452539  0.651613  0.698338  0.585010 0.0  0.600392  0.693567  0.700232  0.592280  0.531980  0.726344  0.534876  0.432827  0.469952  0.744210  0.664362  0.644541  0.548064  0.618638  0.485137  0.574884  0.515426  0.567476  0.360350  0.652850  0.619150  0.481466  0.736842  0.422613  0.628324  0.667539  0.552173  0.412029  0.544737  0.504361  0.633671  0.467092  0.721395 
28  0.590581  0.593728  0.549247  0.534980  0.520783  0.669834  0.715364  0.509430  0.758155  0.571357  0.588881  0.575987  0.581052  0.756833  0.666696  0.679660  0.524027  0.568826  0.676934  0.655052  0.615880  0.593610  0.520036  0.579908  0.559207  0.618134  0.590745  0.600392 0.0  0.596172  0.565320  0.642215  0.512642  0.536897  0.466504  0.608154  0.617102  0.720589  0.546410  0.588129  0.652059  0.557780  0.610578  0.606421  0.611992  0.657833  0.609604  0.568223  0.580712  0.521677  0.546013  0.567875  0.561868  0.522174  0.631583  0.558392  0.633219  0.583156  0.590012  0.580871  0.647889 
29  0.652966  0.627982  0.571271  0.483589  0.565333  0.501645  0.845627  0.728542  0.863737  0.756020  0.614206  0.739599  0.640005  0.855369  0.824074  0.677414  0.599833  0.562581  0.648068  0.760531  0.615039  0.566480  0.962177  0.504532  0.647822  0.581041  0.235971  0.693567  0.596172 0.0  0.494537  0.705025  0.534080  0.572697  0.572739  0.684551  0.757786  0.542671  0.685836  0.510937  0.827674  0.582702  0.644519  0.522175  0.585813  0.588469  0.614994  0.636577  0.573252  0.824423  0.783145  0.681764  0.698263  0.877825  0.571628  0.510452  0.542901  0.666989  0.520479  0.663806  0.628897 
30  0.674937  0.419762  0.490100  0.569859  0.441469  0.502260  0.639022  0.566612  0.702780  0.713136  0.558694  0.722546  0.587459  0.696619  0.787763  0.697527  0.465046  0.597744  0.759708  0.768664  0.351786  0.522198  0.672187  0.485509  0.569009  0.516633  0.420453  0.700232  0.565320  0.494537 0.0  0.560920  0.624010  0.366642  0.453893  0.574341  0.583528  0.593851  0.654929  0.480244  0.841625  0.634926  0.615075  0.460791  0.697327  0.748130  0.622623  0.488464  0.532621  0.622911  0.689329  0.628997  0.671087  0.590575  0.450002  0.667420  0.569126  0.531575  0.697839  0.743058  0.571686 
31  0.483366  0.549228  0.597318  0.552681  0.512270  0.529971  0.603426  0.480247  0.703258  0.519610  0.549163  0.134368  0.258641  0.423727  0.627048  0.584767  0.605445  0.242957  0.554414  0.498914  0.836088  0.608397  0.739956  0.583969  0.562987  0.547356  0.490728  0.592280  0.642215  0.705025  0.560920 0.0  0.507737  0.764300  0.680043  0.471033  0.557753  0.675662  0.805157  0.553403  0.372978  0.574411  0.484689  0.467231  0.570506  0.724279  0.514871  0.608955  0.561818  0.465013  0.520759  0.519090  0.189417  0.734041  0.533293  0.403922  0.677213  0.600447  0.600734  0.622944  0.794981 
32  0.450514  0.443670  0.572214  0.698181  0.350250  0.606350  0.775209  0.528184  0.615424  0.535621  0.615877  0.523737  0.466458  0.596270  0.613713  0.449041  0.331334  0.532422  0.629825  0.549324  0.611023  0.528242  0.735604  0.323203  0.538801  0.501672  0.470665  0.531980  0.512642  0.534080  0.624010  0.507737 0.0  0.608254  0.358042  0.426309  0.644376  0.543275  0.671238  0.513613  0.610325  0.592484  0.454674  0.464736  0.403154  0.402293  0.472504  0.303925  0.596106  0.533893  0.757028  0.485360  0.494542  0.648121  0.415737  0.416097  0.442545  0.385689  0.637702  0.524880  0.608852 
33  0.630529  0.654771  0.470642  0.571673  0.533404  0.579780  0.855620  0.757036  0.621473  0.766585  0.664901  0.665943  0.787847  0.686206  0.940978  0.773645  0.635224  0.638854  0.842440  0.838255  0.517527  0.650580  0.704132  0.597952  0.753072  0.667089  0.515237  0.726344  0.536897  0.572697  0.366642  0.764300  0.608254 0.0  0.784605  0.862284  0.731834  0.629792  0.752496  0.690238  0.624104  0.701257  0.747553  0.494140  0.748268  0.669342  0.582692  0.674747  0.666332  0.685774  0.673005  0.745318  0.799330  0.575849  0.519850  0.679208  0.685632  0.703829  0.630829  0.787721  0.695316 
34  0.371324  0.433330  0.645262  0.749141  0.257424  0.550685  0.610988  0.420288  0.437424  0.610689  0.664237  0.447793  0.601584  0.645547  0.630888  0.420032  0.217058  0.601462  0.542420  0.529703  0.613537  0.574989  0.722994  0.391837  0.583501  0.513602  0.507310  0.534876  0.466504  0.572739  0.453893  0.680043  0.358042  0.784605 0.0  0.384194  0.543895  0.525995  0.716039  0.451583  0.592215  0.608215  0.538580  0.407273  0.444743  0.451509  0.430825  0.327946  0.620937  0.535215  0.613483  0.453739  0.606880  0.657901  0.421449  0.360864  0.272846  0.402691  0.484448  0.540621  0.701044 
35  0.274870  0.567966  0.722775  0.577547  0.364041  0.555103  0.521913  0.360306  0.315025  0.571615  0.561687  0.406385  0.360623  0.425831  0.538292  0.501008  0.398346  0.405444  0.470166  0.430248  0.837489  0.604516  0.708145  0.456064  0.426700  0.369511  0.500421  0.432827  0.608154  0.684551  0.574341  0.471033  0.426309  0.862284  0.384194 0.0  0.308704  0.681471  0.501889  0.565986  0.354278  0.570228  0.303135  0.623901  0.468926  0.587333  0.364824  0.474226  0.642753  0.384084  0.573960  0.304428  0.552498  0.565783  0.565160  0.241839  0.424504  0.472344  0.567890  0.335474  0.812889 
36  0.274000  0.679330  0.656382  0.686936  0.538032  0.677379  0.411663  0.304146  0.275041  0.452314  0.593821  0.558728  0.359571  0.410183  0.555169  0.579730  0.591863  0.507898  0.442358  0.240582  0.941958  0.732968  0.547505  0.618717  0.493917  0.560706  0.608511  0.469952  0.617102  0.757786  0.583528  0.557753  0.644376  0.731834  0.543895  0.308704 0.0  0.802869  0.464539  0.614043  0.409332  0.541434  0.424197  0.669298  0.537310  0.584409  0.422652  0.630573  0.553568  0.267359  0.526399  0.337032  0.544022  0.524178  0.555488  0.330281  0.585137  0.558937  0.656814  0.270363  0.626592 
37  0.738314  0.432436  0.576260  0.750321  0.443188  0.583171  0.901353  0.630722  0.694263  0.671576  0.595217  0.631761  0.791404  0.844709  0.853794  0.592476  0.592703  0.715934  0.883624  0.755028  0.660578  0.603587  0.696627  0.632539  0.595826  0.585896  0.625836  0.744210  0.720589  0.542671  0.593851  0.675662  0.543275  0.629792  0.525995  0.681471  0.802869 0.0  0.682254  0.641872  0.956941  0.711988  0.714892  0.559533  0.556475  0.659240  0.675007  0.583922  0.571955  0.788277  0.767910  0.537848  0.739930  0.758815  0.463570  0.681477  0.604185  0.588278  0.780077  0.881643  0.486470 
38  0.465417  0.679473  0.609476  0.697848  0.563699  0.552563  0.616967  0.580978  0.371530  0.588300  0.368154  0.654571  0.655811  0.562299  0.660516  0.513487  0.590298  0.609480  0.539238  0.498040  0.662394  0.715091  0.284550  0.580579  0.337558  0.393089  0.741391  0.664362  0.546410  0.685836  0.654929  0.805157  0.671238  0.752496  0.716039  0.501889  0.464539  0.682254 0.0  0.504618  0.611692  0.541139  0.527577  0.622082  0.651897  0.787185  0.605352  0.688300  0.733580  0.485520  0.436270  0.558216  0.644949  0.156506  0.671657  0.569388  0.537266  0.674445  0.836283  0.575707  0.437317 
39  0.599963  0.436899  0.400606  0.726283  0.403278  0.467317  0.617638  0.657979  0.702241  0.688938  0.310368  0.512470  0.559572  0.652910  0.892881  0.467788  0.387562  0.507364  0.740820  0.492211  0.521753  0.616546  0.462711  0.442309  0.395801  0.297374  0.694879  0.644541  0.588129  0.510937  0.480244  0.553403  0.513613  0.690238  0.451583  0.565986  0.614043  0.641872  0.504618 0.0  0.502720  0.679514  0.583612  0.480330  0.546451  0.614822  0.558803  0.451033  0.543932  0.573903  0.452279  0.543868  0.499769  0.479934  0.485301  0.580143  0.531570  0.485267  0.804071  0.733175  0.373689 
40  0.304812  0.594358  0.650016  0.591680  0.575580  0.744519  0.554694  0.493858  0.394076  0.408441  0.593786  0.380873  0.350509  0.403532  0.441934  0.500579  0.577198  0.396772  0.470775  0.252218  0.990328  0.652885  0.610675  0.556872  0.641094  0.577488  0.794006  0.548064  0.652059  0.827674  0.841625  0.372978  0.610325  0.624104  0.592215  0.354278  0.409332  0.956941  0.611692  0.502720 0.0  0.504743  0.406111  0.715552  0.597541  0.544965  0.535167  0.593100  0.543070  0.267476  0.615631  0.390187  0.470736  0.610094  0.693706  0.354056  0.689565  0.448920  0.693959  0.377705  0.600367 
41  0.474523  0.685544  0.769037  0.540326  0.594623  0.637918  0.581861  0.596093  0.585276  0.531034  0.629584  0.576607  0.595165  0.421902  0.603048  0.625743  0.617852  0.561052  0.601377  0.540980  0.703735  0.765568  0.533108  0.571780  0.546936  0.622960  0.552975  0.618638  0.557780  0.582702  0.634926  0.574411  0.592484  0.701257  0.608215  0.570228  0.541434  0.711988  0.541139  0.679514  0.504743 0.0  0.536461  0.613497  0.511083  0.601705  0.579233  0.666572  0.718845  0.495042  0.688481  0.462237  0.543413  0.545730  0.573003  0.600078  0.656289  0.623202  0.514448  0.509381  0.574759 
42  0.307324  0.656615  0.679364  0.728889  0.444499  0.553594  0.653022  0.340874  0.568683  0.585188  0.487397  0.517495  0.396440  0.350761  0.514880  0.603780  0.432799  0.380240  0.474057  0.511301  0.789248  0.560576  0.688385  0.543147  0.453016  0.484993  0.649513  0.485137  0.610578  0.644519  0.615075  0.484689  0.454674  0.747553  0.538580  0.303135  0.424197  0.714892  0.527577  0.583612  0.406111  0.536461 0.0  0.640347  0.368301  0.668606  0.414969  0.446564  0.648949  0.367406  0.587077  0.427954  0.515029  0.549056  0.672201  0.203849  0.524978  0.485385  0.677773  0.415398  0.786645 
43  0.559401  0.437940  0.507546  0.561559  0.446933  0.589046  0.749341  0.569126  0.714739  0.621216  0.608940  0.505693  0.655640  0.636156  0.768295  0.505251  0.443411  0.561823  0.779457  0.596370  0.491515  0.538595  0.764275  0.407915  0.572133  0.506915  0.438571  0.574884  0.606421  0.522175  0.460791  0.467231  0.464736  0.494140  0.407273  0.623901  0.669298  0.559533  0.622082  0.480330  0.715552  0.613497  0.640347 0.0  0.522344  0.615480  0.578987  0.422225  0.513560  0.686568  0.556137  0.532034  0.547664  0.750012  0.500200  0.533653  0.483379  0.536882  0.629295  0.682139  0.512976 
44  0.427478  0.656714  0.613327  0.591958  0.470501  0.592664  0.691346  0.393556  0.458629  0.600373  0.506918  0.626532  0.505696  0.603237  0.735449  0.587890  0.402790  0.650007  0.630404  0.518356  0.717091  0.662039  0.662529  0.391104  0.583341  0.451740  0.628184  0.515426  0.611992  0.585813  0.697327  0.570506  0.403154  0.748268  0.444743  0.468926  0.537310  0.556475  0.651897  0.546451  0.597541  0.511083  0.368301  0.522344 0.0  0.546499  0.296998  0.544028  0.709666  0.560248  0.572369  0.534206  0.620785  0.611938  0.624299  0.311483  0.517590  0.551154  0.636501  0.487767  0.646256 
45  0.652037  0.614032  0.557424  0.688846  0.517914  0.637465  0.780933  0.606673  0.559028  0.606089  0.660419  0.738528  0.611540  0.769072  0.546367  0.513525  0.540735  0.638807  0.638391  0.594613  0.614343  0.537258  0.813147  0.438101  0.690056  0.740767  0.656077  0.567476  0.657833  0.588469  0.748130  0.724279  0.402293  0.669342  0.451509  0.587333  0.584409  0.659240  0.787185  0.614822  0.544965  0.601705  0.668606  0.615480  0.546499 0.0  0.526108  0.461003  0.575779  0.558301  0.688984  0.589746  0.741872  0.702533  0.604684  0.634382  0.500351  0.502038  0.717124  0.637795  0.523665 
46  0.366076  0.551722  0.688415  0.662071  0.534157  0.567510  0.722615  0.344112  0.478777  0.584352  0.527958  0.539307  0.462675  0.589353  0.617787  0.534046  0.389568  0.494914  0.591811  0.430112  0.747037  0.639938  0.599604  0.386751  0.508090  0.491040  0.557240  0.360350  0.609604  0.614994  0.622623  0.514871  0.472504  0.582692  0.430825  0.364824  0.422652  0.675007  0.605352  0.558803  0.535167  0.579233  0.414969  0.578987  0.296998  0.526108 0.0  0.497004  0.660601  0.515993  0.675358  0.449903  0.559699  0.574324  0.642719  0.314844  0.553875  0.503425  0.625785  0.457805  0.669911 
47  0.667908  0.498737  0.533738  0.630089  0.341894  0.534459  0.779257  0.497983  0.613776  0.604861  0.521720  0.507474  0.531418  0.635691  0.621025  0.353728  0.319371  0.565406  0.599671  0.564511  0.626345  0.557127  0.884641  0.395128  0.603895  0.622284  0.472311  0.652850  0.568223  0.636577  0.488464  0.608955  0.303925  0.674747  0.327946  0.474226  0.630573  0.583922  0.688300  0.451033  0.593100  0.666572  0.446564  0.422225  0.544028  0.461003  0.497004 0.0  0.569821  0.596853  0.715011  0.524685  0.624329  0.714165  0.431126  0.458718  0.387046  0.295377  0.733434  0.651237  0.669991 
48  0.585289  0.445484  0.533852  0.535807  0.532124  0.696779  0.604292  0.649165  0.689376  0.714257  0.660986  0.526353  0.619174  0.609558  0.795455  0.552114  0.577248  0.496044  0.769998  0.578477  0.679334  0.497414  0.729870  0.508365  0.585941  0.553948  0.630283  0.619150  0.580712  0.573252  0.532621  0.561818  0.596106  0.666332  0.620937  0.642753  0.553568  0.571955  0.733580  0.543932  0.543070  0.718845  0.648949  0.513560  0.709666  0.575779  0.660601  0.569821 0.0  0.669872  0.659031  0.666790  0.643188  0.653678  0.585344  0.577953  0.567573  0.616896  0.596373  0.685616  0.625160 
49  0.297005  0.617602  0.784734  0.697917  0.477546  0.523126  0.477598  0.266650  0.309628  0.372548  0.597778  0.378638  0.199601  0.404373  0.442140  0.558904  0.540677  0.456482  0.497528  0.157940  0.885918  0.726430  0.514168  0.618882  0.666069  0.596090  0.734531  0.481466  0.521677  0.824423  0.622911  0.465013  0.533893  0.685774  0.535215  0.384084  0.267359  0.788277  0.485520  0.573903  0.267476  0.495042  0.367406  0.686568  0.560248  0.558301  0.515993  0.596853  0.669872 0.0  0.609916  0.378872  0.421617  0.559988  0.552809  0.397653  0.631922  0.494951  0.619729  0.281987  0.616034 
50  0.633086  0.598029  0.429076  0.677762  0.600123  0.612105  0.719758  0.564685  0.609426  0.673715  0.384905  0.679461  0.568473  0.658416  0.641478  0.504726  0.672177  0.695820  0.622342  0.641924  0.494136  0.612652  0.398528  0.571892  0.506072  0.421929  0.771330  0.736842  0.546013  0.783145  0.689329  0.520759  0.757028  0.673005  0.613483  0.573960  0.526399  0.767910  0.436270  0.452279  0.615631  0.688481  0.587077  0.556137  0.572369  0.688984  0.675358  0.715011  0.659031  0.609916 0.0  0.603504  0.661181  0.458038  0.581211  0.556781  0.545987  0.530031  0.678431  0.710869  0.579282 
51  0.289755  0.636183  0.684834  0.682105  0.464844  0.649496  0.421547  0.360241  0.358058  0.594657  0.650993  0.568342  0.439925  0.405607  0.486692  0.559806  0.421600  0.498638  0.431234  0.386750  0.906025  0.671914  0.710019  0.434502  0.432621  0.491960  0.663079  0.422613  0.567875  0.681764  0.628997  0.519090  0.485360  0.745318  0.453739  0.304428  0.337032  0.537848  0.558216  0.543868  0.390187  0.462237  0.427954  0.532034  0.534206  0.589746  0.449903  0.524685  0.666790  0.378872  0.603504 0.0  0.512400  0.540361  0.590256  0.363447  0.565133  0.492651  0.534569  0.321545  0.655640 
52  0.458767  0.529271  0.695543  0.662462  0.436799  0.541682  0.563339  0.473144  0.535072  0.526453  0.604523  0.145751  0.316533  0.469038  0.561574  0.563356  0.541929  0.279599  0.654472  0.425009  0.750573  0.679833  0.687528  0.636276  0.603832  0.498931  0.728836  0.628324  0.561868  0.698263  0.671087  0.189417  0.494542  0.799330  0.606880  0.552498  0.544022  0.739930  0.644949  0.499769  0.470736  0.543413  0.515029  0.547664  0.620785  0.741872  0.559699  0.624329  0.643188  0.421617  0.661181  0.512400 0.0  0.687084  0.498012  0.440477  0.644381  0.463208  0.641149  0.538759  0.869792 
53  0.437991  0.741527  0.481752  0.719500  0.599186  0.553274  0.559989  0.445612  0.485294  0.522634  0.404201  0.675557  0.621035  0.471807  0.608325  0.728472  0.667798  0.649811  0.602352  0.493166  0.783464  0.775609  0.306904  0.675964  0.402283  0.405214  0.771926  0.667539  0.522174  0.877825  0.590575  0.734041  0.648121  0.575849  0.657901  0.565783  0.524178  0.758815  0.156506  0.479934  0.610094  0.545730  0.549056  0.750012  0.611938  0.702533  0.574324  0.714165  0.653678  0.559988  0.458038  0.540361  0.687084 0.0  0.591694  0.576094  0.707878  0.715641  0.815784  0.468131  0.512683 
54  0.616274  0.379433  0.623770  0.577133  0.391399  0.482064  0.680465  0.563938  0.665757  0.623679  0.628906  0.524198  0.621169  0.640633  0.705561  0.542730  0.462063  0.510267  0.668222  0.670394  0.561915  0.627971  0.725123  0.404790  0.580055  0.489802  0.441001  0.552173  0.631583  0.571628  0.450002  0.533293  0.415737  0.519850  0.421449  0.565160  0.555488  0.463570  0.671657  0.485301  0.693706  0.573003  0.672201  0.500200  0.624299  0.604684  0.642719  0.431126  0.585344  0.552809  0.581211  0.590256  0.498012  0.591694 0.0  0.512266  0.420657  0.465694  0.569283  0.746035  0.537318 
55  0.259479  0.467967  0.687746  0.625329  0.331908  0.486239  0.500705  0.341666  0.440806  0.604815  0.492785  0.359960  0.350275  0.392629  0.589373  0.538411  0.296889  0.390268  0.557084  0.453555  0.809844  0.743908  0.700802  0.464131  0.437772  0.336953  0.568268  0.412029  0.558392  0.510452  0.667420  0.403922  0.416097  0.679208  0.360864  0.241839  0.330281  0.681477  0.569388  0.580143  0.354056  0.600078  0.203849  0.533653  0.311483  0.634382  0.314844  0.458718  0.577953  0.397653  0.556781  0.363447  0.440477  0.576094  0.512266 0.0  0.424977  0.493491  0.567362  0.421048  0.659663 
56  0.553932  0.532306  0.589115  0.811282  0.293556  0.527546  0.690409  0.524923  0.522264  0.689674  0.630521  0.625196  0.474295  0.666278  0.837563  0.425466  0.244843  0.502996  0.626774  0.554044  0.616659  0.546083  0.648430  0.395581  0.544467  0.555811  0.524454  0.544737  0.633219  0.542901  0.569126  0.677213  0.442545  0.685632  0.272846  0.424504  0.585137  0.604185  0.537266  0.531570  0.689565  0.656289  0.524978  0.483379  0.517590  0.500351  0.553875  0.387046  0.567573  0.631922  0.545987  0.565133  0.644381  0.707878  0.420657  0.424977 0.0  0.471025  0.604212  0.509005  0.722447 
57  0.520658  0.479658  0.487255  0.525338  0.351416  0.503834  0.584495  0.582888  0.609819  0.623275  0.444488  0.516850  0.417054  0.720113  0.580179  0.389627  0.437504  0.400398  0.685822  0.471942  0.745390  0.601523  0.905976  0.386937  0.530128  0.536412  0.500850  0.504361  0.583156  0.666989  0.531575  0.600447  0.385689  0.703829  0.402691  0.472344  0.558937  0.588278  0.674445  0.485267  0.448920  0.623202  0.485385  0.536882  0.551154  0.502038  0.503425  0.295377  0.616896  0.494951  0.530031  0.492651  0.463208  0.715641  0.465694  0.493491  0.471025 0.0  0.582184  0.531404  0.626329 
58  0.727201  0.695514  0.785327  0.505747  0.612037  0.633574  0.697643  0.626523  0.524004  0.694633  0.779231  0.758898  0.666114  0.563618  0.667903  0.620216  0.704868  0.500796  0.614301  0.720058  0.625707  0.575475  0.737335  0.673578  0.728492  0.703942  0.538687  0.633671  0.590012  0.520479  0.697839  0.600734  0.637702  0.630829  0.484448  0.567890  0.656814  0.780077  0.836283  0.804071  0.693959  0.514448  0.677773  0.629295  0.636501  0.717124  0.625785  0.733434  0.596373  0.619729  0.678431  0.534569  0.641149  0.815784  0.569283  0.567362  0.604212  0.582184 0.0  0.633951  0.800837 
59  0.342806  0.812961  0.640373  0.737243  0.554899  0.649963  0.358529  0.383944  0.171886  0.534324  0.704268  0.589574  0.429607  0.337556  0.350234  0.678027  0.621386  0.512030  0.269090  0.370664  0.842734  0.526000  0.524308  0.636087  0.581511  0.544299  0.814555  0.467092  0.580871  0.663806  0.743058  0.622944  0.524880  0.787721  0.540621  0.335474  0.270363  0.881643  0.575707  0.733175  0.377705  0.509381  0.415398  0.682139  0.487767  0.637795  0.457805  0.651237  0.685616  0.281987  0.710869  0.321545  0.538759  0.468131  0.746035  0.421048  0.509005  0.531404  0.633951 0.0  0.797434 
60  0.614763  0.410493  0.501933  0.651178  0.604846  0.637816  0.772023  0.735094  0.549678  0.530546  0.496051  0.777325  0.691058  0.707810  0.640130  0.505183  0.618995  0.660277  0.621168  0.659448  0.562602  0.608464  0.474376  0.740876  0.530954  0.588165  0.616185  0.721395  0.647889  0.628897  0.571686  0.794981  0.608852  0.695316  0.701044  0.812889  0.626592  0.486470  0.437317  0.373689  0.600367  0.574759  0.786645  0.512976  0.646256  0.523665  0.669911  0.669991  0.625160  0.616034  0.579282  0.655640  0.869792  0.512683  0.537318  0.659663  0.722447  0.626329  0.800837  0.797434 0.0 
