61
0 0.0  0.501114  0.655529  0.654223  0.456288  0.607029  0.558775  0.342933  0.272866  0.469788  0.591614  0.480184  0.398862  0.384805  0.628760  0.515405  0.426126  0.423331  0.496445  0.286468  0.749261  0.770950  0.532490  0.412462  0.505943  0.409661  0.501796  0.444512  0.652685  0.686803  0.622457  0.456149  0.496328  0.591495  0.410679  0.286528  0.248549  0.688472  0.471491  0.614533  0.250333  0.498208  0.324304  0.594058  0.422694  0.625187  0.315431  0.486172  0.683171  0.270800  0.578153  0.304395  0.436058  0.513505  0.583090  0.267598  0.498708  0.510459  0.624074  0.325779  0.708858 
1  0.501114 0.0  0.449634  0.585955  0.469677  0.474660  0.662694  0.685210  0.757242  0.557267  0.528873  0.507523  0.588988  0.847305  0.902404  0.467784  0.503838  0.473176  0.912076  0.564828  0.725709  0.589865  0.508102  0.491042  0.571589  0.461745  0.724521  0.518899  0.507543  0.545231  0.404315  0.513123  0.517941  0.525234  0.562344  0.615551  0.768927  0.433212  0.657546  0.379359  0.583238  0.535281  0.631551  0.464302  0.582219  0.568724  0.578128  0.464317  0.444264  0.645787  0.632933  0.533099  0.436688  0.695613  0.425921  0.694351  0.528257  0.506368  0.729013  0.680273  0.549742 
2  0.655529  0.449634 0.0  0.665648  0.502916  0.494819  0.820416  0.688245  0.831113  0.766411  0.407765  0.525766  0.692220  0.733784  0.663298  0.511110  0.547204  0.690240  1.000000  0.714370  0.573251  0.646364  0.576678  0.608633  0.569396  0.439270  0.584982  0.555484  0.579930  0.580584  0.518051  0.758734  0.487337  0.590398  0.551805  0.692690  0.714275  0.584073  0.509164  0.408456  0.660534  0.827816  0.733120  0.516357  0.646791  0.636612  0.570051  0.485753  0.558334  0.661337  0.469463  0.745596  0.674670  0.531416  0.552040  0.662241  0.576446  0.512543  0.696754  0.782777  0.417684 
3  0.654223  0.585955  0.665648 0.0  0.734525  0.624401  0.655680  0.737516  0.631189  0.642288  0.609513  0.524903  0.557200  0.598399  0.643689  0.645875  0.634075  0.652297  0.682026  0.734119  0.621110  0.586119  0.649091  0.620591  0.621738  0.722100  0.431586  0.722258  0.578546  0.364739  0.593579  0.578264  0.593019  0.643687  0.636649  0.527530  0.666048  0.764196  0.685769  0.649803  0.646563  0.499350  0.597755  0.523321  0.715681  0.636656  0.653520  0.590171  0.586274  0.683346  0.644789  0.708616  0.618022  0.749558  0.570159  0.639031  0.663879  0.640477  0.520394  0.694575  0.667322 
4  0.456288  0.469677  0.502916  0.734525 0.0  0.497014  0.650783  0.421055  0.478139  0.796606  0.567221  0.525039  0.461904  0.567928  0.780148  0.397726  0.236706  0.496691  0.656124  0.541471  0.524943  0.457338  0.688485  0.328481  0.456907  0.438423  0.429400  0.546095  0.489546  0.555059  0.440328  0.496287  0.334526  0.576391  0.232432  0.413296  0.513604  0.489790  0.524823  0.340251  0.497506  0.682223  0.515205  0.488943  0.440389  0.561455  0.452589  0.336754  0.528264  0.552655  0.642666  0.488866  0.531723  0.474335  0.391352  0.327675  0.279247  0.345263  0.585590  0.521761  0.566793 
5  0.607029  0.474660  0.494819  0.624401  0.497014 0.0  0.827678  0.522478  0.693690  0.582727  0.621621  0.566647  0.476147  0.667267  0.696650  0.444445  0.475601  0.546965  0.619596  0.554032  0.543611  0.529773  0.578888  0.512281  0.453490  0.539474  0.599029  0.656923  0.626685  0.548858  0.520259  0.525691  0.613341  0.660460  0.467003  0.559310  0.726133  0.559805  0.551687  0.550577  0.641476  0.643421  0.597783  0.561445  0.582556  0.612123  0.541691  0.537355  0.656460  0.535996  0.593090  0.635702  0.555170  0.610774  0.599888  0.555734  0.532130  0.575486  0.640091  0.582219  0.578633 
6  0.558775  0.662694  0.820416  0.655680  0.650783  0.827678 0.0  0.553759  0.385232  0.479813  0.827536  0.585630  0.573221  0.363893  0.545362  0.862452  0.706462  0.600837  0.455256  0.539242  0.834309  0.614654  0.616865  0.664775  0.563348  0.515176  0.768252  0.662350  0.607764  0.737256  0.839450  0.517196  0.653725  0.811505  0.633788  0.456327  0.420965  0.802817  0.583908  0.780944  0.528210  0.500277  0.707181  0.689459  0.724514  0.795356  0.424681  0.896038  0.743160  0.452116  0.575034  0.425936  0.622514  0.593909  0.709943  0.609023  0.700299  0.747678  0.524782  0.316559  0.763957 
7  0.342933  0.685210  0.688245  0.737516  0.421055  0.522478  0.553759 0.0  0.409868  0.552716  0.569395  0.422286  0.224450  0.449868  0.445541  0.504089  0.550270  0.406551  0.472814  0.291341  0.750103  0.743794  0.536598  0.479663  0.547490  0.504935  0.742301  0.307972  0.665286  0.758335  0.674173  0.458140  0.437973  0.703411  0.477575  0.342447  0.314610  0.703419  0.504085  0.531994  0.354177  0.634083  0.358647  0.614517  0.392137  0.636172  0.292471  0.501990  0.542582  0.267937  0.457814  0.346500  0.381657  0.609957  0.545345  0.312627  0.530781  0.461356  0.556316  0.352951  0.680527 
8  0.272866  0.757242  0.831113  0.631189  0.478139  0.693690  0.385232  0.409868 0.0  0.503421  0.620587  0.629057  0.421911  0.354480  0.373262  0.540058  0.416183  0.477990  0.331956  0.283125  0.843053  0.741337  0.519788  0.590332  0.627449  0.534127  0.712196  0.440476  0.630096  0.753736  0.678086  0.549576  0.575575  0.765697  0.484312  0.440213  0.266504  0.714181  0.413946  0.606057  0.354723  0.553442  0.457152  0.676544  0.493672  0.545427  0.503686  0.577835  0.672285  0.311724  0.609563  0.303642  0.594071  0.361147  0.577725  0.405275  0.459015  0.459369  0.618511  0.178820  0.673854 
9  0.469788  0.557267  0.766411  0.642288  0.796606  0.582727  0.479813  0.552716  0.503421 0.0  0.643331  0.473106  0.535420  0.381861  0.487455  0.553988  0.671006  0.450963  0.535688  0.343030  0.657169  0.733960  0.638024  0.647961  0.711357  0.715560  0.715519  0.684447  0.591320  0.569062  0.805979  0.443196  0.702368  0.765432  0.597957  0.551654  0.430036  0.649894  0.475109  0.636433  0.453106  0.465517  0.497520  0.598555  0.667268  0.543257  0.643004  0.703211  0.606181  0.398141  0.771902  0.499346  0.587519  0.615563  0.760434  0.666721  0.683902  0.516980  0.513476  0.550705  0.625429 
10  0.591614  0.528873  0.407765  0.609513  0.567221  0.621621  0.827536  0.569395  0.620587  0.643331 0.0  0.734667  0.472012  0.665767  0.693765  0.573996  0.606601  0.583187  0.707141  0.572575  0.723178  0.630406  0.369018  0.665879  0.399032  0.300935  0.674048  0.508256  0.643995  0.586075  0.587624  0.433568  0.601373  0.668668  0.618617  0.558664  0.754818  0.614595  0.353927  0.331026  0.642785  0.720184  0.474189  0.701155  0.451661  0.604105  0.507759  0.436423  0.477985  0.566966  0.393560  0.606987  0.615704  0.403294  0.605011  0.481160  0.666475  0.559744  0.747887  0.767349  0.481947 
11  0.480184  0.507523  0.525766  0.524903  0.525039  0.566647  0.585630  0.422286  0.629057  0.473106  0.734667 0.0  0.347593  0.437963  0.544055  0.547691  0.564441  0.234419  0.661973  0.414871  0.717687  0.628985  0.691009  0.508197  0.456537  0.552343  0.634918  0.608039  0.615698  0.690100  0.662729  0.119261  0.511988  0.701498  0.571162  0.410512  0.596830  0.677473  0.716252  0.503783  0.381100  0.475161  0.522421  0.500242  0.562072  0.537603  0.520164  0.537454  0.564565  0.437670  0.480247  0.467455  0.133227  0.596346  0.506280  0.389482  0.555473  0.448432  0.579957  0.529884  0.652684 
12  0.398862  0.588988  0.692220  0.557200  0.461904  0.476147  0.573221  0.224450  0.421911  0.535420  0.472012  0.347593 0.0  0.455024  0.450656  0.484221  0.602102  0.393487  0.526881  0.243723  0.812164  0.641617  0.656144  0.561733  0.620287  0.508864  0.501039  0.389019  0.678651  0.651456  0.631650  0.285229  0.470603  0.716182  0.582667  0.372305  0.366361  0.823844  0.561833  0.614787  0.384534  0.512218  0.364892  0.591725  0.458329  0.545962  0.341264  0.508854  0.505499  0.211255  0.601195  0.416660  0.303861  0.586900  0.520377  0.320648  0.483225  0.446939  0.677947  0.365224  0.740906 
13  0.384805  0.847305  0.733784  0.598399  0.567928  0.667267  0.363893  0.449868  0.354480  0.381861  0.665767  0.437963  0.455024 0.0  0.491223  0.628134  0.510221  0.402014  0.442269  0.366533  0.754072  0.636227  0.715968  0.605542  0.545920  0.550805  0.650661  0.555780  0.647416  0.776354  0.616628  0.442616  0.593681  0.761321  0.695570  0.361931  0.372974  0.863820  0.459567  0.732611  0.422343  0.457156  0.481895  0.650014  0.579093  0.626576  0.525588  0.618795  0.684435  0.459869  0.684799  0.397333  0.456665  0.559817  0.482079  0.410313  0.584287  0.672126  0.660317  0.306007  0.743198 
14  0.628760  0.902404  0.663298  0.643689  0.780148  0.696650  0.545362  0.445541  0.373262  0.487455  0.693765  0.544055  0.450656  0.491223 0.0  0.634447  0.789447  0.603793  0.223214  0.400904  0.847561  0.716622  0.540562  0.766317  0.717371  0.730668  0.997186  0.480183  0.694738  0.938287  0.720040  0.576752  0.597638  0.815498  0.766953  0.488569  0.524312  0.837866  0.632970  0.813099  0.464951  0.505689  0.570722  0.670014  0.727894  0.631458  0.640095  0.674502  0.729328  0.456384  0.620611  0.464740  0.630870  0.536336  0.658900  0.528238  0.793780  0.636761  0.633408  0.313806  0.637217 
15  0.515405  0.467784  0.511110  0.645875  0.397726  0.444445  0.862452  0.504089  0.540058  0.553988  0.573996  0.547691  0.484221  0.628134  0.634447 0.0  0.427463  0.479648  0.676950  0.437976  0.621252  0.549755  0.790199  0.402225  0.508605  0.607023  0.600229  0.456012  0.577055  0.643651  0.717074  0.597706  0.347675  0.701786  0.350046  0.552461  0.537824  0.455233  0.671443  0.441773  0.571747  0.656216  0.588946  0.519242  0.486234  0.410177  0.491166  0.444463  0.543424  0.502589  0.569017  0.528410  0.478638  0.655570  0.523319  0.416298  0.318894  0.427046  0.652483  0.648009  0.509772 
16  0.426126  0.503838  0.547204  0.634075  0.236706  0.475601  0.706462  0.550270  0.416183  0.671006  0.606601  0.564441  0.602102  0.510221  0.789447  0.427463 0.0  0.506350  0.548383  0.580540  0.663850  0.591816  0.844019  0.343097  0.642610  0.443176  0.485932  0.569884  0.526108  0.497132  0.437403  0.680140  0.351844  0.646824  0.208079  0.348847  0.527464  0.580998  0.677834  0.476527  0.604014  0.605124  0.491474  0.421819  0.388563  0.553903  0.463913  0.326543  0.572577  0.631707  0.540521  0.436640  0.642084  0.596835  0.491755  0.328345  0.223570  0.449392  0.684092  0.469211  0.631743 
17  0.423331  0.473176  0.690240  0.652297  0.496691  0.546965  0.600837  0.406551  0.477990  0.450963  0.583187  0.234419  0.393487  0.402014  0.603793  0.479648  0.506350 0.0  0.560958  0.462310  0.686594  0.677542  0.681140  0.502637  0.496398  0.601442  0.523596  0.633821  0.670823  0.535857  0.632244  0.226111  0.471524  0.681763  0.585105  0.418899  0.545546  0.666782  0.617996  0.498059  0.429205  0.558885  0.347481  0.596150  0.530489  0.680792  0.427854  0.578742  0.594296  0.444584  0.683358  0.514672  0.281845  0.643901  0.493861  0.358130  0.668360  0.470317  0.606732  0.528922  0.709034 
18  0.496445  0.912076  1.000000  0.682026  0.656124  0.619596  0.455256  0.472814  0.331956  0.535688  0.707141  0.661973  0.526881  0.442269  0.223214  0.676950  0.548383  0.560958 0.0  0.454257  0.884215  0.654562  0.578510  0.690245  0.572223  0.661412  0.792840  0.582075  0.642128  0.950093  0.851382  0.618829  0.653220  0.948540  0.704711  0.426893  0.422255  0.794133  0.523967  0.822277  0.457925  0.476009  0.532696  0.793033  0.685287  0.577449  0.634628  0.760824  0.783686  0.439703  0.623517  0.403391  0.618357  0.581346  0.706716  0.543713  0.623850  0.741427  0.516999  0.277579  0.865292 
19  0.286468  0.564828  0.714370  0.734119  0.541471  0.554032  0.539242  0.291341  0.283125  0.343030  0.572575  0.414871  0.243723  0.366533  0.400904  0.437976  0.580540  0.462310  0.454257 0.0  0.750118  0.725591  0.499974  0.520383  0.551625  0.569018  0.735028  0.393547  0.641569  0.747362  0.609074  0.495872  0.531501  0.782461  0.450467  0.358647  0.246815  0.707872  0.512537  0.466747  0.202558  0.443026  0.484420  0.628954  0.486298  0.497560  0.410842  0.512736  0.690261  0.148774  0.623287  0.354780  0.461220  0.443797  0.598374  0.346781  0.489920  0.471953  0.565604  0.312730  0.547804 
20  0.749261  0.725709  0.573251  0.621110  0.524943  0.543611  0.834309  0.750103  0.843053  0.657169  0.723178  0.717687  0.812164  0.754072  0.847561  0.621252  0.663850  0.686594  0.884215  0.750118 0.0  0.574933  0.784018  0.588641  0.667663  0.708918  0.514509  0.675523  0.499679  0.523190  0.327678  0.756242  0.514203  0.542289  0.510002  0.748065  0.703908  0.592409  0.740070  0.470213  0.848840  0.821443  0.844226  0.519554  0.756337  0.570270  0.633726  0.621933  0.658357  0.703320  0.550921  0.783931  0.734902  0.711493  0.475694  0.666197  0.549804  0.715667  0.600691  0.698379  0.511556 
21  0.770950  0.589865  0.646364  0.586119  0.457338  0.529773  0.614654  0.743794  0.741337  0.733960  0.630406  0.628985  0.641617  0.636227  0.716622  0.549755  0.591816  0.677542  0.654562  0.725591  0.574933 0.0  0.672695  0.504705  0.630063  0.597148  0.486619  0.602779  0.602623  0.574951  0.574629  0.685730  0.605519  0.577006  0.608217  0.701644  0.554146  0.554853  0.733614  0.421722  0.714775  0.611443  0.603488  0.566185  0.641504  0.570430  0.673585  0.574345  0.524194  0.641516  0.662783  0.608485  0.687677  0.640324  0.502298  0.707035  0.453916  0.586279  0.635080  0.692373  0.575228 
22  0.532490  0.508102  0.576678  0.649091  0.688485  0.578888  0.616865  0.536598  0.519788  0.638024  0.369018  0.691009  0.656144  0.715968  0.540562  0.790199  0.844019  0.681140  0.578510  0.499974  0.784018  0.672695 0.0  0.667494  0.419952  0.523945  0.848682  0.730458  0.644075  0.745891  0.679680  0.832799  0.835435  0.589213  0.796521  0.590538  0.592718  0.715544  0.277822  0.513749  0.564548  0.589338  0.615465  0.633473  0.712879  0.720077  0.599073  0.772458  0.549790  0.608794  0.488964  0.510986  0.680753  0.296032  0.692451  0.627131  0.664900  0.783034  0.638202  0.561334  0.462343 
23  0.412462  0.491042  0.608633  0.620591  0.328481  0.512281  0.664775  0.479663  0.590332  0.647961  0.665879  0.508197  0.561733  0.605542  0.766317  0.402225  0.343097  0.502637  0.690245  0.520383  0.588641  0.504705  0.667494 0.0  0.621532  0.640385  0.504356  0.458507  0.523901  0.535363  0.484761  0.566091  0.340442  0.633507  0.340916  0.442973  0.585733  0.595543  0.807473  0.549963  0.609803  0.540033  0.529611  0.406789  0.400495  0.399262  0.452161  0.405382  0.531322  0.595459  0.567155  0.493084  0.587031  0.714496  0.377769  0.374011  0.387796  0.384073  0.634775  0.635371  0.663345 
24  0.505943  0.571589  0.569396  0.621738  0.456907  0.453490  0.563348  0.547490  0.627449  0.711357  0.399032  0.456537  0.620287  0.545920  0.717371  0.508605  0.642610  0.496398  0.572223  0.551625  0.667663  0.630063  0.419952  0.621532 0.0  0.256897  0.623294  0.605259  0.584977  0.631396  0.561989  0.546692  0.579125  0.690532  0.499238  0.404271  0.697339  0.604851  0.355666  0.343915  0.582501  0.661505  0.399195  0.513645  0.660724  0.773001  0.432082  0.753172  0.551639  0.535138  0.416166  0.552772  0.527446  0.384262  0.555943  0.384001  0.511667  0.611547  0.661830  0.556552  0.547323 
25  0.409661  0.461745  0.439270  0.722100  0.438423  0.539474  0.515176  0.504935  0.534127  0.715560  0.300935  0.552343  0.508864  0.550805  0.730668  0.607023  0.443176  0.601442  0.661412  0.569018  0.708918  0.597148  0.523945  0.640385  0.256897 0.0  0.557797  0.589346  0.574028  0.613270  0.475095  0.592439  0.509864  0.667514  0.443919  0.420183  0.578258  0.637266  0.326757  0.326892  0.682945  0.599366  0.470764  0.542326  0.424344  0.688937  0.434414  0.448913  0.603598  0.499309  0.399270  0.477838  0.520206  0.480376  0.498305  0.347958  0.472329  0.557791  0.669153  0.556511  0.496434 
26  0.501796  0.724521  0.584982  0.431586  0.429400  0.599029  0.768252  0.742301  0.712196  0.715519  0.674048  0.634918  0.501039  0.650661  0.997186  0.600229  0.485932  0.523596  0.792840  0.735028  0.514509  0.486619  0.848682  0.504356  0.623294  0.557797 0.0  0.586485  0.503687  0.249398  0.421361  0.601244  0.458689  0.546505  0.452051  0.604659  0.697487  0.667296  0.852602  0.526839  0.746409  0.607743  0.564738  0.419225  0.628624  0.598850  0.518411  0.472670  0.620327  0.742991  0.642013  0.627131  0.611265  0.730102  0.410952  0.557095  0.479242  0.543888  0.493075  0.782254  0.650759 
27  0.444512  0.518899  0.555484  0.722258  0.546095  0.656923  0.662350  0.307972  0.440476  0.684447  0.508256  0.608039  0.389019  0.555780  0.480183  0.456012  0.569884  0.633821  0.582075  0.393547  0.675523  0.602779  0.730458  0.458507  0.605259  0.589346  0.586485 0.0  0.590901  0.688582  0.743049  0.523057  0.554640  0.641450  0.430898  0.447805  0.370300  0.590014  0.679090  0.623729  0.499382  0.764622  0.483238  0.611040  0.464368  0.583244  0.331589  0.479515  0.596785  0.524114  0.566332  0.490675  0.616743  0.617123  0.701098  0.365851  0.532508  0.472890  0.580837  0.535137  0.680373 
28  0.652685  0.507543  0.579930  0.578546  0.489546  0.626685  0.607764  0.665286  0.630096  0.591320  0.643995  0.615698  0.678651  0.647416  0.694738  0.577055  0.526108  0.670823  0.642128  0.641569  0.499679  0.602623  0.644075  0.523901  0.584977  0.574028  0.503687  0.590901 0.0  0.570582  0.625076  0.512606  0.577474  0.567162  0.464600  0.633932  0.557494  0.536679  0.556179  0.472965  0.514776  0.533856  0.579206  0.533734  0.644516  0.524349  0.554586  0.504875  0.591916  0.523086  0.655559  0.522307  0.609311  0.602273  0.489532  0.554110  0.587297  0.670696  0.597085  0.712801  0.497054 
29  0.686803  0.545231  0.580584  0.364739  0.555059  0.548858  0.737256  0.758335  0.753736  0.569062  0.586075  0.690100  0.651456  0.776354  0.938287  0.643651  0.497132  0.535857  0.950093  0.747362  0.523190  0.574951  0.745891  0.535363  0.631396  0.613270  0.249398  0.688582  0.570582 0.0  0.393414  0.610421  0.446515  0.562932  0.568283  0.814765  0.862626  0.668554  0.804906  0.491623  0.697122  0.550362  0.661970  0.469579  0.691738  0.645778  0.568952  0.560464  0.681512  0.705300  0.704181  0.612430  0.671376  0.897960  0.420534  0.624480  0.590188  0.660781  0.550991  0.860988  0.575725 
30  0.622457  0.404315  0.518051  0.593579  0.440328  0.520259  0.839450  0.674173  0.678086  0.805979  0.587624  0.662729  0.631650  0.616628  0.720040  0.717074  0.437403  0.632244  0.851382  0.609074  0.327678  0.574629  0.679680  0.484761  0.561989  0.475095  0.421361  0.743049  0.625076  0.393414 0.0  0.647078  0.513525  0.345654  0.408665  0.621757  0.667463  0.563496  0.642933  0.413877  0.806736  0.726528  0.756677  0.497109  0.732743  0.673764  0.706357  0.514192  0.569934  0.669301  0.644671  0.598731  0.617055  0.621641  0.465146  0.661093  0.521554  0.504825  0.693022  0.671705  0.516006 
31  0.456149  0.513123  0.758734  0.578264  0.496287  0.525691  0.517196  0.458140  0.549576  0.443196  0.433568  0.119261  0.285229  0.442616  0.576752  0.597706  0.680140  0.226111  0.618829  0.495872  0.756242  0.685730  0.832799  0.566091  0.546692  0.592439  0.601244  0.523057  0.512606  0.610421  0.647078 0.0  0.508566  0.753660  0.579468  0.409124  0.500873  0.710777  0.642405  0.507409  0.392985  0.540395  0.445960  0.601211  0.641055  0.718725  0.499635  0.491603  0.623687  0.448348  0.780026  0.562122  0.161162  0.531291  0.565462  0.441041  0.699188  0.486928  0.646218  0.561885  0.715364 
32  0.496328  0.517941  0.487337  0.593019  0.334526  0.613341  0.653725  0.437973  0.575575  0.702368  0.601373  0.511988  0.470603  0.593681  0.597638  0.347675  0.351844  0.471524  0.653220  0.531501  0.514203  0.605519  0.835435  0.340442  0.579125  0.509864  0.458689  0.554640  0.577474  0.446515  0.513525  0.508566 0.0  0.629883  0.386038  0.491205  0.500859  0.551656  0.808394  0.436366  0.479047  0.621295  0.460255  0.407975  0.349807  0.431955  0.395996  0.295837  0.464587  0.511481  0.674692  0.475429  0.563399  0.671158  0.436125  0.354001  0.410794  0.414663  0.662406  0.565051  0.662230 
33  0.591495  0.525234  0.590398  0.643687  0.576391  0.660460  0.811505  0.703411  0.765697  0.765432  0.668668  0.701498  0.716182  0.761321  0.815498  0.701786  0.646824  0.681763  0.948540  0.782461  0.542289  0.577006  0.589213  0.633507  0.690532  0.667514  0.546505  0.641450  0.567162  0.562932  0.345654  0.753660  0.629883 0.0  0.708940  0.788902  0.691276  0.731324  0.723732  0.617457  0.701729  0.720261  0.681863  0.476421  0.622722  0.733314  0.565590  0.665243  0.580103  0.785975  0.602835  0.599012  0.690750  0.635277  0.571188  0.632980  0.689253  0.669243  0.682026  0.677987  0.548343 
34  0.410679  0.562344  0.551805  0.636649  0.232432  0.467003  0.633788  0.477575  0.484312  0.597957  0.618617  0.571162  0.582667  0.695570  0.766953  0.350046  0.208079  0.585105  0.704711  0.450467  0.510002  0.608217  0.796521  0.340916  0.499238  0.443919  0.452051  0.430898  0.464600  0.568283  0.408665  0.579468  0.386038  0.708940 0.0  0.348342  0.552641  0.494925  0.586599  0.472589  0.664976  0.613670  0.527405  0.497244  0.431493  0.522548  0.382315  0.283195  0.570013  0.542561  0.669620  0.427071  0.583656  0.649224  0.408619  0.411156  0.266161  0.400914  0.644384  0.444109  0.536578 
35  0.286528  0.615551  0.692690  0.527530  0.413296  0.559310  0.456327  0.342447  0.440213  0.551654  0.558664  0.410512  0.372305  0.361931  0.488569  0.552461  0.348847  0.418899  0.426893  0.358647  0.748065  0.701644  0.590538  0.442973  0.404271  0.420183  0.604659  0.447805  0.633932  0.814765  0.621757  0.409124  0.491205  0.788902  0.348342 0.0  0.324036  0.684338  0.655744  0.483151  0.320271  0.528500  0.277561  0.579348  0.389995  0.658942  0.374371  0.487975  0.583719  0.378742  0.596582  0.273467  0.527090  0.659014  0.680707  0.208061  0.448551  0.480471  0.698508  0.374337  0.794367 
36  0.248549  0.768927  0.714275  0.666048  0.513604  0.726133  0.420965  0.314610  0.266504  0.430036  0.754818  0.596830  0.366361  0.372974  0.524312  0.537824  0.527464  0.545546  0.422255  0.246815  0.703908  0.554146  0.592718  0.585733  0.697339  0.578258  0.697487  0.370300  0.557494  0.862626  0.667463  0.500873  0.500859  0.691276  0.552641  0.324036 0.0  0.645488  0.420214  0.620620  0.374604  0.573189  0.453294  0.711176  0.613830  0.686225  0.411064  0.649603  0.662298  0.257236  0.631111  0.350311  0.591214  0.501248  0.670281  0.389677  0.492120  0.556620  0.593841  0.281560  0.660829 
37  0.688472  0.433212  0.584073  0.764196  0.489790  0.559805  0.802817  0.703419  0.714181  0.649894  0.614595  0.677473  0.823844  0.863820  0.837866  0.455233  0.580998  0.666782  0.794133  0.707872  0.592409  0.554853  0.715544  0.595543  0.604851  0.637266  0.667296  0.590014  0.536679  0.668554  0.563496  0.710777  0.551656  0.731324  0.494925  0.684338  0.645488 0.0  0.571881  0.549617  0.843323  0.730735  0.652180  0.511974  0.532605  0.661448  0.699804  0.460948  0.595895  0.692784  0.486235  0.697699  0.593977  0.590059  0.436948  0.800459  0.594767  0.580757  0.668667  0.845836  0.635457 
38  0.471491  0.657546  0.509164  0.685769  0.524823  0.551687  0.583908  0.504085  0.413946  0.475109  0.353927  0.716252  0.561833  0.459567  0.632970  0.671443  0.677834  0.617996  0.523967  0.512537  0.740070  0.733614  0.277822  0.807473  0.355666  0.326757  0.852602  0.679090  0.556179  0.804906  0.642933  0.642405  0.808394  0.723732  0.586599  0.655744  0.420214  0.571881 0.0  0.451024  0.686138  0.502253  0.546937  0.698643  0.601494  0.646609  0.469539  0.719666  0.671358  0.495460  0.402884  0.461430  0.738363  0.158339  0.710638  0.526134  0.582842  0.616198  0.726486  0.379647  0.457553 
39  0.614533  0.379359  0.408456  0.649803  0.340251  0.550577  0.780944  0.531994  0.606057  0.636433  0.331026  0.503783  0.614787  0.732611  0.813099  0.441773  0.476527  0.498059  0.822277  0.466747  0.470213  0.421722  0.513749  0.549963  0.343915  0.326892  0.526839  0.623729  0.472965  0.491623  0.413877  0.507409  0.436366  0.617457  0.472589  0.483151  0.620620  0.549617  0.451024 0.0  0.588826  0.668353  0.501521  0.344997  0.519887  0.618927  0.614096  0.429904  0.480923  0.565364  0.458953  0.548083  0.667745  0.510091  0.404066  0.402194  0.500426  0.420025  0.783236  0.731709  0.377812 
40  0.250333  0.583238  0.660534  0.646563  0.497506  0.641476  0.528210  0.354177  0.354723  0.453106  0.642785  0.381100  0.384534  0.422343  0.464951  0.571747  0.604014  0.429205  0.457925  0.202558  0.848840  0.714775  0.564548  0.609803  0.582501  0.682945  0.746409  0.499382  0.514776  0.697122  0.806736  0.392985  0.479047  0.701729  0.664976  0.320271  0.374604  0.843323  0.686138  0.588826 0.0  0.569850  0.395265  0.718466  0.615910  0.585642  0.487046  0.558416  0.674167  0.307438  0.644692  0.399950  0.476683  0.582923  0.657314  0.357997  0.690206  0.540045  0.573624  0.383542  0.617879 
41  0.498208  0.535281  0.827816  0.499350  0.682223  0.643421  0.500277  0.634083  0.553442  0.465517  0.720184  0.475161  0.512218  0.457156  0.505689  0.656216  0.605124  0.558885  0.476009  0.443026  0.821443  0.611443  0.589338  0.540033  0.661505  0.599366  0.607743  0.764622  0.533856  0.550362  0.726528  0.540395  0.621295  0.720261  0.613670  0.528500  0.573189  0.730735  0.502253  0.668353  0.569850 0.0  0.556978  0.645953  0.518951  0.695777  0.658668  0.583739  0.696006  0.463786  0.701757  0.531840  0.543924  0.504781  0.677642  0.593201  0.586463  0.649569  0.482526  0.499330  0.654296 
42  0.324304  0.631551  0.733120  0.597755  0.515205  0.597783  0.707181  0.358647  0.457152  0.497520  0.474189  0.522421  0.364892  0.481895  0.570722  0.588946  0.491474  0.347481  0.532696  0.484420  0.844226  0.603488  0.615465  0.529611  0.399195  0.470764  0.564738  0.483238  0.579206  0.661970  0.756677  0.445960  0.460255  0.681863  0.527405  0.277561  0.453294  0.652180  0.546937  0.501521  0.395265  0.556978 0.0  0.715439  0.356295  0.556064  0.351345  0.538309  0.639873  0.394383  0.616997  0.361749  0.459963  0.464489  0.636791  0.220414  0.605472  0.448933  0.627604  0.472966  0.782445 
43  0.594058  0.464302  0.516357  0.523321  0.488943  0.561445  0.689459  0.614517  0.676544  0.598555  0.701155  0.500242  0.591725  0.650014  0.670014  0.519242  0.421819  0.596150  0.793033  0.628954  0.519554  0.566185  0.633473  0.406789  0.513645  0.542326  0.419225  0.611040  0.533734  0.469579  0.497109  0.601211  0.407975  0.476421  0.497244  0.579348  0.711176  0.511974  0.698643  0.344997  0.718466  0.645953  0.715439 0.0  0.563941  0.602214  0.611351  0.425271  0.503215  0.704694  0.623807  0.589167  0.469013  0.640962  0.513088  0.541189  0.440709  0.507586  0.701642  0.869880  0.517843 
44  0.422694  0.582219  0.646791  0.715681  0.440389  0.582556  0.724514  0.392137  0.493672  0.667268  0.451661  0.562072  0.458329  0.579093  0.727894  0.486234  0.388563  0.530489  0.685287  0.486298  0.756337  0.641504  0.712879  0.400495  0.660724  0.424344  0.628624  0.464368  0.644516  0.691738  0.732743  0.641055  0.349807  0.622722  0.431493  0.389995  0.613830  0.532605  0.601494  0.519887  0.615910  0.518951  0.356295  0.563941 0.0  0.507976  0.316288  0.544772  0.643737  0.583279  0.573812  0.519369  0.483740  0.564264  0.573259  0.333582  0.495199  0.511024  0.673640  0.515983  0.727489 
45  0.625187  0.568724  0.636612  0.636656  0.561455  0.612123  0.795356  0.636172  0.545427  0.543257  0.604105  0.537603  0.545962  0.626576  0.631458  0.410177  0.553903  0.680792  0.577449  0.497560  0.570270  0.570430  0.720077  0.399262  0.773001  0.688937  0.598850  0.583244  0.524349  0.645778  0.673764  0.718725  0.431955  0.733314  0.522548  0.658942  0.686225  0.661448  0.646609  0.618927  0.585642  0.695777  0.556064  0.602214  0.507976 0.0  0.508083  0.546326  0.658208  0.646493  0.721214  0.609723  0.604492  0.727730  0.605640  0.620357  0.533540  0.511137  0.565197  0.706508  0.571600 
46  0.315431  0.578128  0.570051  0.653520  0.452589  0.541691  0.424681  0.292471  0.503686  0.643004  0.507759  0.520164  0.341264  0.525588  0.640095  0.491166  0.463913  0.427854  0.634628  0.410842  0.633726  0.673585  0.599073  0.452161  0.432082  0.434414  0.518411  0.331589  0.554586  0.568952  0.706357  0.499635  0.395996  0.565590  0.382315  0.374371  0.411064  0.699804  0.469539  0.614096  0.487046  0.658668  0.351345  0.611351  0.316288  0.508083 0.0  0.455848  0.555885  0.470393  0.654921  0.413279  0.600832  0.546677  0.693427  0.325136  0.509574  0.438620  0.632360  0.486020  0.703127 
47  0.486172  0.464317  0.485753  0.590171  0.336754  0.537355  0.896038  0.501990  0.577835  0.703211  0.436423  0.537454  0.508854  0.618795  0.674502  0.444463  0.326543  0.578742  0.760824  0.512736  0.621933  0.574345  0.772458  0.405382  0.753172  0.448913  0.472670  0.479515  0.504875  0.560464  0.514192  0.491603  0.295837  0.665243  0.283195  0.487975  0.649603  0.460948  0.719666  0.429904  0.558416  0.583739  0.538309  0.425271  0.544772  0.546326  0.455848 0.0  0.486074  0.482224  0.655324  0.576986  0.523450  0.857222  0.440862  0.409192  0.380105  0.290709  0.693473  0.586718  0.547815 
48  0.683171  0.444264  0.558334  0.586274  0.528264  0.656460  0.743160  0.542582  0.672285  0.606181  0.477985  0.564565  0.505499  0.684435  0.729328  0.543424  0.572577  0.594296  0.783686  0.690261  0.658357  0.524194  0.549790  0.531322  0.551639  0.603598  0.620327  0.596785  0.591916  0.681512  0.569934  0.623687  0.464587  0.580103  0.570013  0.583719  0.662298  0.595895  0.671358  0.480923  0.674167  0.696006  0.639873  0.503215  0.643737  0.658208  0.555885  0.486074 0.0  0.699512  0.645733  0.503446  0.637611  0.781719  0.564815  0.517307  0.598304  0.620937  0.573560  0.562004  0.537961 
49  0.270800  0.645787  0.661337  0.683346  0.552655  0.535996  0.452116  0.267937  0.311724  0.398141  0.566966  0.437670  0.211255  0.459869  0.456384  0.502589  0.631707  0.444584  0.439703  0.148774  0.703320  0.641516  0.608794  0.595459  0.535138  0.499309  0.742991  0.524114  0.523086  0.705300  0.669301  0.448348  0.511481  0.785975  0.542561  0.378742  0.257236  0.692784  0.495460  0.565364  0.307438  0.463786  0.394383  0.704694  0.583279  0.646493  0.470393  0.482224  0.699512 0.0  0.583254  0.381494  0.433886  0.477029  0.500780  0.358068  0.530849  0.510053  0.592959  0.287898  0.703598 
50  0.578153  0.632933  0.469463  0.644789  0.642666  0.593090  0.575034  0.457814  0.609563  0.771902  0.393560  0.480247  0.601195  0.684799  0.620611  0.569017  0.540521  0.683358  0.623517  0.623287  0.550921  0.662783  0.488964  0.567155  0.416166  0.399270  0.642013  0.566332  0.655559  0.704181  0.644671  0.780026  0.674692  0.602835  0.669620  0.596582  0.631111  0.486235  0.402884  0.458953  0.644692  0.701757  0.616997  0.623807  0.573812  0.721214  0.654921  0.655324  0.645733  0.583254 0.0  0.607735  0.625030  0.495048  0.578097  0.739290  0.601087  0.704662  0.646326  0.609603  0.500001 
51  0.304395  0.533099  0.745596  0.708616  0.488866  0.635702  0.425936  0.346500  0.303642  0.499346  0.606987  0.467455  0.416660  0.397333  0.464740  0.528410  0.436640  0.514672  0.403391  0.354780  0.783931  0.608485  0.510986  0.493084  0.552772  0.477838  0.627131  0.490675  0.522307  0.612430  0.598731  0.562122  0.475429  0.599012  0.427071  0.273467  0.350311  0.697699  0.461430  0.548083  0.399950  0.531840  0.361749  0.589167  0.519369  0.609723  0.413279  0.576986  0.503446  0.381494  0.607735 0.0  0.562056  0.579910  0.658361  0.298254  0.387991  0.453917  0.695967  0.308207  0.582605 
52  0.436058  0.436688  0.674670  0.618022  0.531723  0.555170  0.622514  0.381657  0.594071  0.587519  0.615704  0.133227  0.303861  0.456665  0.630870  0.478638  0.642084  0.281845  0.618357  0.461220  0.734902  0.687677  0.680753  0.587031  0.527446  0.520206  0.611265  0.616743  0.609311  0.671376  0.617055  0.161162  0.563399  0.690750  0.583656  0.527090  0.591214  0.593977  0.738363  0.667745  0.476683  0.543924  0.459963  0.469013  0.483740  0.604492  0.600832  0.523450  0.637611  0.433886  0.625030  0.562056 0.0  0.665314  0.480489  0.440421  0.570271  0.524712  0.581185  0.493555  0.798245 
53  0.513505  0.695613  0.531416  0.749558  0.474335  0.610774  0.593909  0.609957  0.361147  0.615563  0.403294  0.596346  0.586900  0.559817  0.536336  0.655570  0.596835  0.643901  0.581346  0.443797  0.711493  0.640324  0.296032  0.714496  0.384262  0.480376  0.730102  0.617123  0.602273  0.897960  0.621641  0.531291  0.671158  0.635277  0.649224  0.659014  0.501248  0.590059  0.158339  0.510091  0.582923  0.504781  0.464489  0.640962  0.564264  0.727730  0.546677  0.857222  0.781719  0.477029  0.495048  0.579910  0.665314 0.0  0.505443  0.534169  0.641364  0.713727  0.727424  0.579411  0.531477 
54  0.583090  0.425921  0.552040  0.570159  0.391352  0.599888  0.709943  0.545345  0.577725  0.760434  0.605011  0.506280  0.520377  0.482079  0.658900  0.523319  0.491755  0.493861  0.706716  0.598374  0.475694  0.502298  0.692451  0.377769  0.555943  0.498305  0.410952  0.701098  0.489532  0.420534  0.465146  0.565462  0.436125  0.571188  0.408619  0.680707  0.670281  0.436948  0.710638  0.404066  0.657314  0.677642  0.636791  0.513088  0.573259  0.605640  0.693427  0.440862  0.564815  0.500780  0.578097  0.658361  0.480489  0.505443 0.0  0.554162  0.404316  0.455038  0.617119  0.694314  0.594616 
55  0.267598  0.694351  0.662241  0.639031  0.327675  0.555734  0.609023  0.312627  0.405275  0.666721  0.481160  0.389482  0.320648  0.410313  0.528238  0.416298  0.328345  0.358130  0.543713  0.346781  0.666197  0.707035  0.627131  0.374011  0.384001  0.347958  0.557095  0.365851  0.554110  0.624480  0.661093  0.441041  0.354001  0.632980  0.411156  0.208061  0.389677  0.800459  0.526134  0.402194  0.357997  0.593201  0.220414  0.541189  0.333582  0.620357  0.325136  0.409192  0.517307  0.358068  0.739290  0.298254  0.440421  0.534169  0.554162 0.0  0.377354  0.447858  0.603377  0.426528  0.657027 
56  0.498708  0.528257  0.576446  0.663879  0.279247  0.532130  0.700299  0.530781  0.459015  0.683902  0.666475  0.555473  0.483225  0.584287  0.793780  0.318894  0.223570  0.668360  0.623850  0.489920  0.549804  0.453916  0.664900  0.387796  0.511667  0.472329  0.479242  0.532508  0.587297  0.590188  0.521554  0.699188  0.410794  0.689253  0.266161  0.448551  0.492120  0.594767  0.582842  0.500426  0.690206  0.586463  0.605472  0.440709  0.495199  0.533540  0.509574  0.380105  0.598304  0.530849  0.601087  0.387991  0.570271  0.641364  0.404316  0.377354 0.0  0.517638  0.555255  0.548213  0.697591 
57  0.510459  0.506368  0.512543  0.640477  0.345263  0.575486  0.747678  0.461356  0.459369  0.516980  0.559744  0.448432  0.446939  0.672126  0.636761  0.427046  0.449392  0.470317  0.741427  0.471953  0.715667  0.586279  0.783034  0.384073  0.611547  0.557791  0.543888  0.472890  0.670696  0.660781  0.504825  0.486928  0.414663  0.669243  0.400914  0.480471  0.556620  0.580757  0.616198  0.420025  0.540045  0.649569  0.448933  0.507586  0.511024  0.511137  0.438620  0.290709  0.620937  0.510053  0.704662  0.453917  0.524712  0.713727  0.455038  0.447858  0.517638 0.0  0.720547  0.602625  0.571521 
58  0.624074  0.729013  0.696754  0.520394  0.585590  0.640091  0.524782  0.556316  0.618511  0.513476  0.747887  0.579957  0.677947  0.660317  0.633408  0.652483  0.684092  0.606732  0.516999  0.565604  0.600691  0.635080  0.638202  0.634775  0.661830  0.669153  0.493075  0.580837  0.597085  0.550991  0.693022  0.646218  0.662406  0.682026  0.644384  0.698508  0.593841  0.668667  0.726486  0.783236  0.573624  0.482526  0.627604  0.701642  0.673640  0.565197  0.632360  0.693473  0.573560  0.592959  0.646326  0.695967  0.581185  0.727424  0.617119  0.603377  0.555255  0.720547 0.0  0.655286  0.641152 
59  0.325779  0.680273  0.782777  0.694575  0.521761  0.582219  0.316559  0.352951  0.178820  0.550705  0.767349  0.529884  0.365224  0.306007  0.313806  0.648009  0.469211  0.528922  0.277579  0.312730  0.698379  0.692373  0.561334  0.635371  0.556552  0.556511  0.782254  0.535137  0.712801  0.860988  0.671705  0.561885  0.565051  0.677987  0.444109  0.374337  0.281560  0.845836  0.379647  0.731709  0.383542  0.499330  0.472966  0.869880  0.515983  0.706508  0.486020  0.586718  0.562004  0.287898  0.609603  0.308207  0.493555  0.579411  0.694314  0.426528  0.548213  0.602625  0.655286 0.0  0.723976 
60  0.708858  0.549742  0.417684  0.667322  0.566793  0.578633  0.763957  0.680527  0.673854  0.625429  0.481947  0.652684  0.740906  0.743198  0.637217  0.509772  0.631743  0.709034  0.865292  0.547804  0.511556  0.575228  0.462343  0.663345  0.547323  0.496434  0.650759  0.680373  0.497054  0.575725  0.516006  0.715364  0.662230  0.548343  0.536578  0.794367  0.660829  0.635457  0.457553  0.377812  0.617879  0.654296  0.782445  0.517843  0.727489  0.571600  0.703127  0.547815  0.537961  0.703598  0.500001  0.582605  0.798245  0.531477  0.594616  0.657027  0.697591  0.571521  0.641152  0.723976 0.0 
