61
0 0.0  0.577540  0.653057  0.759528  0.450729  0.552279  0.476802  0.320162  0.293684  0.464889  0.544462  0.493160  0.374977  0.424243  0.497004  0.528359  0.404519  0.383116  0.412094  0.290253  0.766210  0.782930  0.539186  0.516957  0.522018  0.448763  0.748908  0.494033  0.565669  0.795206  0.577076  0.434417  0.446251  0.730031  0.386047  0.297960  0.280339  0.765379  0.502008  0.565353  0.280216  0.518293  0.297383  0.640862  0.427458  0.637028  0.351826  0.585907  0.655058  0.314258  0.624770  0.266807  0.550510  0.491160  0.674017  0.257857  0.419238  0.456382  0.723108  0.348452  0.675119 
1  0.577540 0.0  0.473439  0.707007  0.494881  0.507797  0.851343  0.617626  0.593971  0.798935  0.519522  0.575507  0.673453  0.771003  0.941379  0.509197  0.512103  0.579074  0.770812  0.604749  0.738031  0.596603  0.617770  0.454888  0.636864  0.456113  0.664016  0.669802  0.585591  0.494441  0.600634  0.440656  0.542903  0.685460  0.569729  0.583182  0.655631  0.392473  0.715913  0.414729  0.605677  0.617000  0.720191  0.484561  0.697924  0.661108  0.558353  0.496228  0.435753  0.684993  0.537054  0.606251  0.499823  0.710684  0.456599  0.551367  0.611831  0.520197  0.727605  0.771085  0.548654 
2  0.653057  0.473439 0.0  0.703616  0.512363  0.680708  0.819458  0.662439  0.564507  0.731743  0.448456  0.655095  0.730100  0.911606  0.829716  0.584461  0.590984  0.583923  1.000000  0.733730  0.619616  0.603257  0.595397  0.638558  0.449661  0.353755  0.502021  0.527437  0.554000  0.602546  0.486390  0.701728  0.547347  0.534175  0.560029  0.722704  0.685198  0.562077  0.607079  0.359580  0.717811  0.867778  0.673293  0.472118  0.565062  0.676803  0.534797  0.490106  0.519198  0.682559  0.458468  0.697638  0.731614  0.556660  0.595686  0.586907  0.685261  0.476740  0.770261  0.755509  0.520737 
3  0.759528  0.707007  0.703616 0.0  0.793212  0.603620  0.630807  0.621957  0.640208  0.606154  0.611681  0.517357  0.681789  0.686206  0.672357  0.640306  0.623947  0.659951  0.585881  0.544159  0.788352  0.651946  0.545961  0.787066  0.632490  0.680137  0.455360  0.714649  0.614550  0.456107  0.656871  0.603128  0.595269  0.642514  0.634711  0.632891  0.809167  0.844643  0.718753  0.689829  0.583074  0.587280  0.621860  0.691707  0.718338  0.616632  0.713735  0.735660  0.558157  0.648386  0.734890  0.654665  0.762999  0.777085  0.648623  0.719275  0.777695  0.543071  0.585564  0.759522  0.752083 
4  0.450729  0.494881  0.512363  0.793212 0.0  0.482331  0.698750  0.456252  0.429557  0.865271  0.578064  0.528116  0.594354  0.641432  0.692922  0.352470  0.224687  0.567815  0.639728  0.525725  0.547916  0.530519  0.851349  0.321720  0.515438  0.493976  0.421891  0.584533  0.550001  0.529142  0.559156  0.663856  0.357324  0.704253  0.186609  0.437834  0.466493  0.572819  0.565370  0.419600  0.650466  0.702709  0.529444  0.467298  0.421966  0.512605  0.444131  0.388065  0.623281  0.603527  0.614380  0.512883  0.590007  0.688817  0.480355  0.352453  0.263401  0.345292  0.671183  0.584920  0.637627 
5  0.552279  0.507797  0.680708  0.603620  0.482331 0.0  0.635591  0.582124  0.642551  0.702895  0.549411  0.466780  0.512498  0.634241  0.615020  0.557495  0.495121  0.570483  0.655126  0.671960  0.521035  0.618016  0.648863  0.532123  0.590917  0.581728  0.569468  0.638239  0.765984  0.658066  0.542555  0.580085  0.560833  0.658020  0.611465  0.546418  0.667437  0.520122  0.675112  0.450936  0.810239  0.576417  0.592911  0.475091  0.667067  0.619033  0.542526  0.516207  0.560119  0.612852  0.547823  0.570519  0.544081  0.699477  0.438635  0.548081  0.533131  0.579732  0.632177  0.696646  0.617734 
6  0.476802  0.851343  0.819458  0.630807  0.698750  0.635591 0.0  0.497922  0.390973  0.504571  0.816433  0.542159  0.690474  0.310345  0.569628  0.826837  0.697382  0.598733  0.526630  0.531976  0.755011  0.808910  0.597048  0.761294  0.668604  0.636113  0.739992  0.748607  0.704160  0.743866  0.618122  0.644138  0.727286  0.744491  0.609414  0.471219  0.452009  0.633214  0.569792  0.819274  0.519257  0.507013  0.615028  0.692437  0.710817  0.881559  0.610555  0.782033  0.784267  0.457429  0.666715  0.516653  0.659891  0.624222  0.746627  0.675274  0.627944  0.779913  0.695338  0.375616  0.924123 
7  0.320162  0.617626  0.662439  0.621957  0.456252  0.582124  0.497922 0.0  0.392882  0.591684  0.516903  0.521781  0.222771  0.431051  0.473226  0.585003  0.556367  0.507295  0.522752  0.288898  0.715313  0.541875  0.584433  0.541575  0.521679  0.474975  0.636290  0.327183  0.640626  0.781520  0.676841  0.455097  0.450501  0.872987  0.484684  0.347512  0.296045  0.740499  0.518520  0.582612  0.433691  0.535061  0.339663  0.593227  0.415082  0.570528  0.321101  0.538167  0.590461  0.251579  0.620615  0.338311  0.449068  0.575327  0.532322  0.323392  0.499640  0.522007  0.642365  0.338425  0.658941 
8  0.293684  0.593971  0.564507  0.640208  0.429557  0.642551  0.390973  0.392882 0.0  0.464332  0.683740  0.673714  0.444153  0.363694  0.364222  0.571263  0.519155  0.539631  0.313349  0.246781  0.770420  0.684833  0.545407  0.530404  0.647760  0.659698  0.790713  0.512237  0.738451  0.965850  0.618912  0.623769  0.639530  0.739068  0.579910  0.445111  0.237547  0.735473  0.396905  0.722757  0.416295  0.519310  0.525546  0.634537  0.478875  0.622157  0.532799  0.648118  0.573469  0.322418  0.637433  0.294132  0.559143  0.477179  0.593256  0.444339  0.494037  0.682741  0.788625  0.142916  0.717753 
9  0.464889  0.798935  0.731743  0.606154  0.865271  0.702895  0.504571  0.591684  0.464332 0.0  0.610147  0.578748  0.645857  0.375580  0.560712  0.597039  0.685271  0.514005  0.498857  0.401869  0.869579  0.809232  0.651837  0.713405  0.594745  0.719544  0.758681  0.684084  0.548830  0.748385  0.749567  0.446373  0.632806  0.696846  0.722133  0.546576  0.485111  0.796635  0.572178  0.628064  0.494041  0.471780  0.528123  0.699277  0.630882  0.768574  0.522045  0.655997  0.743994  0.447673  0.651746  0.522444  0.480452  0.642114  0.655900  0.633489  0.865545  0.606215  0.627243  0.531533  0.729772 
10  0.544462  0.519522  0.448456  0.611681  0.578064  0.549411  0.816433  0.516903  0.683740  0.610147 0.0  0.644547  0.442562  0.718796  0.748209  0.529347  0.622456  0.587623  0.706362  0.703396  0.723661  0.745678  0.471548  0.614433  0.369021  0.364003  0.708529  0.529629  0.634991  0.672537  0.713169  0.502558  0.530481  0.715638  0.608110  0.603852  0.767630  0.634049  0.354630  0.308791  0.582093  0.564911  0.500360  0.670605  0.487558  0.640147  0.452349  0.589800  0.614131  0.571541  0.437208  0.673279  0.650967  0.368488  0.582670  0.449093  0.670858  0.583319  0.921337  0.872099  0.430099 
11  0.493160  0.575507  0.655095  0.517357  0.528116  0.466780  0.542159  0.521781  0.673714  0.578748  0.644547 0.0  0.315074  0.493436  0.585489  0.585507  0.608592  0.239833  0.800546  0.478593  0.777062  0.591179  0.743939  0.554223  0.542078  0.602707  0.630230  0.626821  0.693815  0.638275  0.572402  0.112411  0.481415  0.697399  0.584055  0.446362  0.676202  0.698782  0.696097  0.577156  0.445153  0.611081  0.469538  0.604842  0.481325  0.689323  0.493924  0.542965  0.646299  0.430058  0.754426  0.529790  0.136120  0.724313  0.582810  0.441160  0.655868  0.485408  0.581089  0.536752  0.775068 
12  0.374977  0.673453  0.730100  0.681789  0.594354  0.512498  0.690474  0.222771  0.444153  0.645857  0.442562  0.315074 0.0  0.380546  0.522736  0.513451  0.556894  0.515808  0.594025  0.251169  0.872608  0.663200  0.611849  0.572683  0.606804  0.579097  0.775704  0.401553  0.721868  0.901929  0.718445  0.329814  0.408922  0.853860  0.607380  0.315105  0.360090  0.579533  0.648360  0.553647  0.365410  0.620312  0.356913  0.552062  0.524681  0.656354  0.453738  0.554558  0.652473  0.199874  0.632180  0.402522  0.289021  0.681162  0.577793  0.320642  0.645343  0.464484  0.687730  0.422890  0.733084 
13  0.424243  0.771003  0.911606  0.686206  0.641432  0.634241  0.310345  0.431051  0.363694  0.375580  0.718796  0.493436  0.380546 0.0  0.473920  0.657739  0.714319  0.397036  0.485589  0.462152  0.783655  0.687732  0.703567  0.567205  0.476011  0.564062  0.746011  0.534746  0.609666  0.749487  0.718550  0.430261  0.493376  0.869437  0.575245  0.382519  0.397734  0.974386  0.493838  0.715347  0.473693  0.478281  0.395842  0.786662  0.575879  0.731244  0.571642  0.704977  0.624962  0.360884  0.746976  0.433107  0.522932  0.608625  0.573384  0.471511  0.663890  0.718337  0.659937  0.383063  0.657620 
14  0.497004  0.941379  0.829716  0.672357  0.692922  0.615020  0.569628  0.473226  0.364222  0.560712  0.748209  0.585489  0.522736  0.473920 0.0  0.466180  0.759568  0.553729  0.198043  0.431724  0.938397  0.775871  0.617730  0.692202  0.597309  0.774837  0.996157  0.480142  0.733503  0.877320  0.943702  0.588058  0.616093  0.918168  0.738466  0.568462  0.582149  0.811592  0.540331  0.725027  0.407605  0.580156  0.488527  0.806544  0.741008  0.599922  0.680513  0.689336  0.812008  0.347042  0.780447  0.503190  0.622042  0.655837  0.726289  0.514405  0.839852  0.586179  0.783418  0.318342  0.772109 
15  0.528359  0.509197  0.584461  0.640306  0.352470  0.557495  0.826837  0.585003  0.571263  0.597039  0.529347  0.585507  0.513451  0.657739  0.466180 0.0  0.367477  0.635655  0.673048  0.424870  0.620515  0.635255  0.672974  0.381464  0.635491  0.614191  0.632906  0.527558  0.508503  0.636583  0.678799  0.518550  0.467361  0.712416  0.432811  0.452733  0.608607  0.521281  0.852590  0.447965  0.641658  0.695424  0.589341  0.475900  0.521918  0.415395  0.549664  0.397818  0.549609  0.502367  0.581550  0.507348  0.483270  0.646077  0.405240  0.542637  0.390124  0.387972  0.643275  0.731912  0.543247 
16  0.404519  0.512103  0.590984  0.623947  0.224687  0.495121  0.697382  0.556367  0.519155  0.685271  0.622456  0.608592  0.556894  0.714319  0.759568  0.367477 0.0  0.579399  0.612068  0.552386  0.647943  0.674452  0.807612  0.335354  0.514575  0.475220  0.477296  0.593971  0.549747  0.513281  0.442806  0.637586  0.342286  0.632695  0.188669  0.409918  0.567313  0.582276  0.700789  0.484724  0.627104  0.608687  0.514024  0.525621  0.463755  0.567075  0.380246  0.259924  0.598827  0.617023  0.730302  0.402225  0.629601  0.747213  0.447243  0.404159  0.242866  0.435015  0.652131  0.626365  0.559914 
17  0.383116  0.579074  0.583923  0.659951  0.567815  0.570483  0.598733  0.507295  0.539631  0.514005  0.587623  0.239833  0.515808  0.397036  0.553729  0.635655  0.579399 0.0  0.565839  0.537866  0.651327  0.704490  0.668743  0.530996  0.546616  0.634172  0.562094  0.569105  0.603084  0.575336  0.493150  0.215419  0.543825  0.564645  0.618964  0.462539  0.517620  0.711610  0.573200  0.523446  0.377120  0.483559  0.360554  0.476914  0.504346  0.656516  0.464837  0.579516  0.516652  0.506148  0.693709  0.531744  0.253945  0.733746  0.580373  0.365470  0.635045  0.537984  0.683934  0.511404  0.727206 
18  0.412094  0.770812  1.000000  0.585881  0.639728  0.655126  0.526630  0.522752  0.313349  0.498857  0.706362  0.800546  0.594025  0.485589  0.198043  0.673048  0.612068  0.565839 0.0  0.438575  0.889131  0.803747  0.530913  0.602329  0.652815  0.703709  0.860633  0.612379  0.706025  0.919705  0.939945  0.825132  0.712780  0.785471  0.678616  0.461848  0.505918  0.842777  0.611639  0.897949  0.459147  0.648628  0.488708  0.835728  0.487774  0.591945  0.519442  0.882978  0.740731  0.476797  0.549310  0.421725  0.644533  0.598345  0.774062  0.519232  0.731943  0.683546  0.572104  0.261760  0.885067 
19  0.290253  0.604749  0.733730  0.544159  0.525725  0.671960  0.531976  0.288898  0.246781  0.401869  0.703396  0.478593  0.251169  0.462152  0.431724  0.424870  0.552386  0.537866  0.438575 0.0  0.915543  0.634010  0.525680  0.561751  0.728307  0.614978  0.800831  0.525715  0.770093  0.834170  0.646613  0.506134  0.504078  0.803074  0.501383  0.349885  0.245642  0.702595  0.491949  0.519728  0.252064  0.489229  0.488873  0.595776  0.603255  0.556426  0.407529  0.534630  0.742841  0.140118  0.652181  0.378025  0.445096  0.478662  0.668519  0.472526  0.548939  0.444980  0.653465  0.291939  0.604324 
20  0.766210  0.738031  0.619616  0.788352  0.547916  0.521035  0.755011  0.715313  0.770420  0.869579  0.723661  0.777062  0.872608  0.783655  0.938397  0.620515  0.647943  0.651327  0.889131  0.915543 0.0  0.560362  0.883341  0.582139  0.637827  0.688227  0.486540  0.731228  0.611936  0.562951  0.328075  0.889425  0.607796  0.586511  0.538518  0.822216  0.724327  0.585449  0.659823  0.548646  0.768743  0.606520  0.719294  0.588207  0.881521  0.798073  0.724028  0.611987  0.647084  0.922812  0.677689  0.870881  0.762822  0.690228  0.465636  0.850754  0.645125  0.742378  0.585645  0.812749  0.597317 
21  0.782930  0.596603  0.603257  0.651946  0.530519  0.618016  0.808910  0.541875  0.684833  0.809232  0.745678  0.591179  0.663200  0.687732  0.775871  0.635255  0.674452  0.704490  0.803747  0.634010  0.560362 0.0  0.775688  0.555586  0.619222  0.617050  0.551724  0.659794  0.559597  0.470498  0.603443  0.691982  0.584154  0.674794  0.529079  0.714097  0.855291  0.564234  0.834694  0.478516  0.724277  0.625531  0.694918  0.565739  0.681615  0.541283  0.627835  0.567318  0.675988  0.720126  0.632147  0.664335  0.631144  0.683830  0.599442  0.633847  0.578876  0.555010  0.655894  0.739081  0.629316 
22  0.539186  0.617770  0.595397  0.545961  0.851349  0.648863  0.597048  0.584433  0.545407  0.651837  0.471548  0.743939  0.611849  0.703567  0.617730  0.672974  0.807612  0.668743  0.530913  0.525680  0.883341  0.775688 0.0  0.657899  0.527653  0.527966  0.960566  0.593878  0.690509  0.763563  0.628088  0.707723  0.760331  0.579007  0.631455  0.751913  0.576956  0.766285  0.278223  0.530402  0.640512  0.638881  0.656245  0.719768  0.692294  0.765702  0.637848  0.816613  0.616934  0.478238  0.484880  0.581006  0.663326  0.276387  0.652276  0.726507  0.750696  0.738832  0.659451  0.540621  0.474757 
23  0.516957  0.454888  0.638558  0.787066  0.321720  0.532123  0.761294  0.541575  0.530404  0.713405  0.614433  0.554223  0.572683  0.567205  0.692202  0.381464  0.335354  0.530996  0.602329  0.561751  0.582139  0.555586  0.657899 0.0  0.689850  0.542031  0.455426  0.449447  0.615921  0.493214  0.519332  0.615342  0.304692  0.653253  0.345337  0.517147  0.536951  0.500787  0.612483  0.460030  0.580678  0.714252  0.505769  0.428036  0.381059  0.513047  0.424759  0.371419  0.550697  0.494305  0.690744  0.455301  0.681347  0.748793  0.487996  0.440705  0.446797  0.429458  0.685139  0.470494  0.690668 
24  0.522018  0.636864  0.449661  0.632490  0.515438  0.590917  0.668604  0.521679  0.647760  0.594745  0.369021  0.542078  0.606804  0.476011  0.597309  0.635491  0.514575  0.546616  0.652815  0.728307  0.637827  0.619222  0.527653  0.689850 0.0  0.253543  0.654925  0.735175  0.670032  0.837032  0.500704  0.556492  0.550540  0.701189  0.628754  0.428819  0.613612  0.659449  0.394911  0.411591  0.588656  0.673754  0.332456  0.600952  0.602706  0.805429  0.497368  0.662991  0.697408  0.639779  0.394207  0.547272  0.559925  0.388504  0.576484  0.435994  0.552905  0.656606  0.744924  0.594112  0.632333 
25  0.448763  0.456113  0.353755  0.680137  0.493976  0.581728  0.636113  0.474975  0.659698  0.719544  0.364003  0.602707  0.579097  0.564062  0.774837  0.614191  0.475220  0.634172  0.703709  0.614978  0.688227  0.617050  0.527966  0.542031  0.253543 0.0  0.626116  0.682191  0.570082  0.551562  0.471818  0.594765  0.501597  0.645998  0.500245  0.343471  0.517318  0.655762  0.405046  0.358189  0.624624  0.685236  0.485725  0.492379  0.470351  0.803081  0.541437  0.609482  0.624486  0.588518  0.383908  0.503689  0.529082  0.463662  0.464870  0.351676  0.486834  0.592352  0.701575  0.473986  0.570053 
26  0.748908  0.664016  0.502021  0.455360  0.421891  0.569468  0.739992  0.636290  0.790713  0.758681  0.708529  0.630230  0.775704  0.746011  0.996157  0.632906  0.477296  0.562094  0.860633  0.800831  0.486540  0.551724  0.960566  0.455426  0.654925  0.626116 0.0  0.721817  0.554767  0.257899  0.357899  0.756105  0.510287  0.670349  0.513947  0.593751  0.681945  0.653428  0.861993  0.511369  0.750005  0.589731  0.657286  0.436150  0.553351  0.759845  0.541368  0.461526  0.584654  0.900388  0.820208  0.672218  0.699165  0.851839  0.428872  0.637965  0.500406  0.576162  0.537919  0.867765  0.671880 
27  0.494033  0.669802  0.527437  0.714649  0.584533  0.638239  0.748607  0.327183  0.512237  0.684084  0.529629  0.626821  0.401553  0.534746  0.480142  0.527558  0.593971  0.569105  0.612379  0.525715  0.731228  0.659794  0.593878  0.449447  0.735175  0.682191  0.721817 0.0  0.684350  0.670974  0.736246  0.630158  0.454005  0.635776  0.488090  0.498839  0.349532  0.639196  0.682114  0.755178  0.522705  0.675195  0.402637  0.619769  0.499123  0.622915  0.358783  0.583946  0.656108  0.513920  0.628498  0.413192  0.548836  0.739362  0.674990  0.377386  0.531189  0.591639  0.520141  0.510596  0.813027 
28  0.565669  0.585591  0.554000  0.614550  0.550001  0.765984  0.704160  0.640626  0.738451  0.548830  0.634991  0.693815  0.721868  0.609666  0.733503  0.508503  0.549747  0.603084  0.706025  0.770093  0.611936  0.559597  0.690509  0.615921  0.670032  0.570082  0.554767  0.684350 0.0  0.576362  0.573420  0.596724  0.548818  0.574511  0.542445  0.617073  0.622315  0.605943  0.805878  0.572787  0.628403  0.653466  0.631483  0.583043  0.643463  0.574197  0.615712  0.594582  0.537415  0.701985  0.685281  0.591285  0.597913  0.632220  0.523685  0.608226  0.652262  0.514731  0.628203  0.693197  0.513948 
29  0.795206  0.494441  0.602546  0.456107  0.529142  0.658066  0.743866  0.781520  0.965850  0.748385  0.672537  0.638275  0.901929  0.749487  0.877320  0.636583  0.513281  0.575336  0.919705  0.834170  0.562951  0.470498  0.763563  0.493214  0.837032  0.551562  0.257899  0.670974  0.576362 0.0  0.523739  0.689080  0.580079  0.629621  0.558687  0.686829  0.688188  0.621726  0.881868  0.575964  0.808523  0.450983  0.569061  0.473378  0.645187  0.689020  0.624546  0.564889  0.496617  0.719383  0.702229  0.665411  0.658896  0.829228  0.449348  0.606406  0.532023  0.606231  0.549277  0.960324  0.621191 
30  0.577076  0.600634  0.486390  0.656871  0.559156  0.542555  0.618122  0.676841  0.618912  0.749567  0.713169  0.572402  0.718445  0.718550  0.943702  0.678799  0.442806  0.493150  0.939945  0.646613  0.328075  0.603443  0.628088  0.519332  0.500704  0.471818  0.357899  0.736246  0.573420  0.523739 0.0  0.563806  0.536826  0.339552  0.479332  0.585922  0.672857  0.606170  0.626059  0.476716  0.677248  0.679793  0.703145  0.451395  0.680877  0.624607  0.645317  0.487347  0.683062  0.888500  0.806795  0.562441  0.713046  0.658432  0.432297  0.657091  0.467306  0.560686  0.651587  0.806582  0.642673 
31  0.434417  0.440656  0.701728  0.603128  0.663856  0.580085  0.644138  0.455097  0.623769  0.446373  0.502558  0.112411  0.329814  0.430261  0.588058  0.518550  0.637586  0.215419  0.825132  0.506134  0.889425  0.691982  0.707723  0.615342  0.556492  0.594765  0.756105  0.630158  0.596724  0.689080  0.563806 0.0  0.595799  0.766902  0.623594  0.528297  0.634326  0.754603  0.635244  0.573110  0.485925  0.584179  0.419983  0.571553  0.560935  0.609513  0.468763  0.569395  0.678424  0.448811  0.540101  0.552500  0.195749  0.696117  0.660547  0.443425  0.650901  0.509524  0.548204  0.489665  0.769894 
32  0.446251  0.542903  0.547347  0.595269  0.357324  0.560833  0.727286  0.450501  0.639530  0.632806  0.530481  0.481415  0.408922  0.493376  0.616093  0.467361  0.342286  0.543825  0.712780  0.504078  0.607796  0.584154  0.760331  0.304692  0.550540  0.501597  0.510287  0.454005  0.548818  0.580079  0.536826  0.595799 0.0  0.690297  0.368002  0.485914  0.494831  0.646523  0.749668  0.438995  0.471002  0.699081  0.484540  0.414101  0.447634  0.431181  0.472158  0.290266  0.533784  0.530874  0.607248  0.504927  0.506742  0.705413  0.430935  0.385789  0.405580  0.251466  0.657512  0.518832  0.690710 
33  0.730031  0.685460  0.534175  0.642514  0.704253  0.658020  0.744491  0.872987  0.739068  0.696846  0.715638  0.697399  0.853860  0.869437  0.918168  0.712416  0.632695  0.564645  0.785471  0.803074  0.586511  0.674794  0.579007  0.653253  0.701189  0.645998  0.670349  0.635776  0.574511  0.629621  0.339552  0.766902  0.690297 0.0  0.636633  0.661365  0.659355  0.772392  0.671815  0.600579  0.724697  0.658009  0.752581  0.563493  0.698676  0.735628  0.626289  0.616165  0.593330  0.838742  0.674404  0.763943  0.719651  0.726928  0.519015  0.666397  0.584716  0.756732  0.697034  0.713058  0.637108 
34  0.386047  0.569729  0.560029  0.634711  0.186609  0.611465  0.609414  0.484684  0.579910  0.722133  0.608110  0.584055  0.607380  0.575245  0.738466  0.432811  0.188669  0.618964  0.678616  0.501383  0.538518  0.529079  0.631455  0.345337  0.628754  0.500245  0.513947  0.488090  0.542445  0.558687  0.479332  0.623594  0.368002  0.636633 0.0  0.380120  0.508729  0.573684  0.600246  0.514176  0.611287  0.693856  0.470645  0.467947  0.407383  0.501124  0.440522  0.348983  0.689581  0.511670  0.589632  0.448334  0.638209  0.560537  0.468435  0.420929  0.303042  0.440563  0.621886  0.581335  0.647217 
35  0.297960  0.583182  0.722704  0.632891  0.437834  0.546418  0.471219  0.347512  0.445111  0.546576  0.603852  0.446362  0.315105  0.382519  0.568462  0.452733  0.409918  0.462539  0.461848  0.349885  0.822216  0.714097  0.751913  0.517147  0.428819  0.343471  0.593751  0.498839  0.617073  0.686829  0.585922  0.528297  0.485914  0.661365  0.380120 0.0  0.319902  0.866830  0.574098  0.525613  0.319712  0.538606  0.268164  0.486686  0.455510  0.690094  0.347026  0.473174  0.534047  0.335948  0.579053  0.372434  0.493779  0.607515  0.477952  0.233270  0.488864  0.467177  0.701862  0.349243  0.793397 
36  0.280339  0.655631  0.685198  0.809167  0.466493  0.667437  0.452009  0.296045  0.237547  0.485111  0.767630  0.676202  0.360090  0.397734  0.582149  0.608607  0.567313  0.517620  0.505918  0.245642  0.724327  0.855291  0.576956  0.536951  0.613612  0.517318  0.681945  0.349532  0.622315  0.688188  0.672857  0.634326  0.494831  0.659355  0.508729  0.319902 0.0  0.754967  0.458065  0.674723  0.437135  0.488216  0.410953  0.487902  0.566185  0.660921  0.385406  0.563119  0.737787  0.210139  0.681852  0.344607  0.517250  0.408247  0.676982  0.459060  0.506783  0.484055  0.731954  0.227127  0.773962 
37  0.765379  0.392473  0.562077  0.844643  0.572819  0.520122  0.633214  0.740499  0.735473  0.796635  0.634049  0.698782  0.579533  0.974386  0.811592  0.521281  0.582276  0.711610  0.842777  0.702595  0.585449  0.564234  0.766285  0.500787  0.659449  0.655762  0.653428  0.639196  0.605943  0.621726  0.606170  0.754603  0.646523  0.772392  0.573684  0.866830  0.754967 0.0  0.587668  0.541959  0.804857  0.691150  0.690328  0.541227  0.656688  0.715440  0.661153  0.620363  0.715936  0.671547  0.662753  0.672865  0.625457  0.785287  0.511376  0.688272  0.595986  0.519962  0.811421  0.826057  0.712554 
38  0.502008  0.715913  0.607079  0.718753  0.565370  0.675112  0.569792  0.518520  0.396905  0.572178  0.354630  0.696097  0.648360  0.493838  0.540331  0.852590  0.700789  0.573200  0.611639  0.491949  0.659823  0.834694  0.278223  0.612483  0.394911  0.405046  0.861993  0.682114  0.805878  0.881868  0.626059  0.635244  0.749668  0.671815  0.600246  0.574098  0.458065  0.587668 0.0  0.458464  0.530901  0.478478  0.600776  0.742227  0.655729  0.705562  0.600864  0.766917  0.691413  0.485443  0.454674  0.503026  0.629657  0.155641  0.602901  0.536266  0.599264  0.651685  0.667487  0.496475  0.451951 
39  0.565353  0.414729  0.359580  0.689829  0.419600  0.450936  0.819274  0.582612  0.722757  0.628064  0.308791  0.577156  0.553647  0.715347  0.725027  0.447965  0.484724  0.523446  0.897949  0.519728  0.548646  0.478516  0.530402  0.460030  0.411591  0.358189  0.511369  0.755178  0.572787  0.575964  0.476716  0.573110  0.438995  0.600579  0.514176  0.525613  0.674723  0.541959  0.458464 0.0  0.600393  0.708027  0.459407  0.454078  0.623869  0.604007  0.595551  0.470315  0.578988  0.607895  0.490463  0.589459  0.512802  0.499378  0.445146  0.456157  0.530234  0.477907  0.696088  0.685519  0.377583 
40  0.280216  0.605677  0.717811  0.583074  0.650466  0.810239  0.519257  0.433691  0.416295  0.494041  0.582093  0.445153  0.365410  0.473693  0.407605  0.641658  0.627104  0.377120  0.459147  0.252064  0.768743  0.724277  0.640512  0.580678  0.588656  0.624624  0.750005  0.522705  0.628403  0.808523  0.677248  0.485925  0.471002  0.724697  0.611287  0.319712  0.437135  0.804857  0.530901  0.600393 0.0  0.541772  0.371744  0.693510  0.516630  0.518771  0.460212  0.606577  0.660518  0.253278  0.583532  0.326982  0.413300  0.565799  0.741792  0.381404  0.718261  0.504759  0.678377  0.417077  0.804624 
41  0.518293  0.617000  0.867778  0.587280  0.702709  0.576417  0.507013  0.535061  0.519310  0.471780  0.564911  0.611081  0.620312  0.478281  0.580156  0.695424  0.608687  0.483559  0.648628  0.489229  0.606520  0.625531  0.638881  0.714252  0.673754  0.685236  0.589731  0.675195  0.653466  0.450983  0.679793  0.584179  0.699081  0.658009  0.693856  0.538606  0.488216  0.691150  0.478478  0.708027  0.541772 0.0  0.624522  0.699189  0.449167  0.605722  0.608438  0.734787  0.671617  0.569959  0.633733  0.583155  0.521181  0.622303  0.673701  0.578195  0.703352  0.639898  0.541503  0.531286  0.586615 
42  0.297383  0.720191  0.673293  0.621860  0.529444  0.592911  0.615028  0.339663  0.525546  0.528123  0.500360  0.469538  0.356913  0.395842  0.488527  0.589341  0.514024  0.360554  0.488708  0.488873  0.719294  0.694918  0.656245  0.505769  0.332456  0.485725  0.657286  0.402637  0.631483  0.569061  0.703145  0.419983  0.484540  0.752581  0.470645  0.268164  0.410953  0.690328  0.600776  0.459407  0.371744  0.624522 0.0  0.622141  0.345764  0.653346  0.372230  0.507108  0.650798  0.398858  0.727326  0.451549  0.424457  0.565683  0.639452  0.194405  0.636952  0.522302  0.730577  0.471206  0.825838 
43  0.640862  0.484561  0.472118  0.691707  0.467298  0.475091  0.692437  0.593227  0.634537  0.699277  0.670605  0.604842  0.552062  0.786662  0.806544  0.475900  0.525621  0.476914  0.835728  0.595776  0.588207  0.565739  0.719768  0.428036  0.600952  0.492379  0.436150  0.619769  0.583043  0.473378  0.451395  0.571553  0.414101  0.563493  0.467947  0.486686  0.487902  0.541227  0.742227  0.454078  0.693510  0.699189  0.622141 0.0  0.689042  0.660735  0.486972  0.376433  0.570867  0.721801  0.726268  0.610072  0.610427  0.685283  0.455191  0.479914  0.541017  0.483782  0.624826  0.681423  0.611581 
44  0.427458  0.697924  0.565062  0.718338  0.421966  0.667067  0.710817  0.415082  0.478875  0.630882  0.487558  0.481325  0.524681  0.575879  0.741008  0.521918  0.463755  0.504346  0.487774  0.603255  0.881521  0.681615  0.692294  0.381059  0.602706  0.470351  0.553351  0.499123  0.643463  0.645187  0.680877  0.560935  0.447634  0.698676  0.407383  0.455510  0.566185  0.656688  0.655729  0.623869  0.516630  0.449167  0.345764  0.689042 0.0  0.576352  0.288602  0.566069  0.645972  0.531680  0.581714  0.568479  0.519696  0.576844  0.752673  0.371319  0.572449  0.583342  0.633433  0.496840  0.713920 
45  0.637028  0.661108  0.676803  0.616632  0.512605  0.619033  0.881559  0.570528  0.622157  0.768574  0.640147  0.689323  0.656354  0.731244  0.599922  0.415395  0.567075  0.656516  0.591945  0.556426  0.798073  0.541283  0.765702  0.513047  0.805429  0.803081  0.759845  0.622915  0.574197  0.689020  0.624607  0.609513  0.431181  0.735628  0.501124  0.690094  0.660921  0.715440  0.705562  0.604007  0.518771  0.605722  0.653346  0.660735  0.576352 0.0  0.646847  0.488799  0.665116  0.611001  0.640834  0.594497  0.683701  0.695612  0.620627  0.590076  0.615274  0.607006  0.642450  0.641788  0.549036 
46  0.351826  0.558353  0.534797  0.713735  0.444131  0.542526  0.610555  0.321101  0.532799  0.522045  0.452349  0.493924  0.453738  0.571642  0.680513  0.549664  0.380246  0.464837  0.519442  0.407529  0.724028  0.627835  0.637848  0.424759  0.497368  0.541437  0.541368  0.358783  0.615712  0.624546  0.645317  0.468763  0.472158  0.626289  0.440522  0.347026  0.385406  0.661153  0.600864  0.595551  0.460212  0.608438  0.372230  0.486972  0.288602  0.646847 0.0  0.537315  0.585022  0.465929  0.653650  0.366373  0.590956  0.450426  0.519303  0.343343  0.559880  0.523914  0.615210  0.423167  0.641929 
47  0.585907  0.496228  0.490106  0.735660  0.388065  0.516207  0.782033  0.538167  0.648118  0.655997  0.589800  0.542965  0.554558  0.704977  0.689336  0.397818  0.259924  0.579516  0.882978  0.534630  0.611987  0.567318  0.816613  0.371419  0.662991  0.609482  0.461526  0.583946  0.594582  0.564889  0.487347  0.569395  0.290266  0.616165  0.348983  0.473174  0.563119  0.620363  0.766917  0.470315  0.606577  0.734787  0.507108  0.376433  0.566069  0.488799  0.537315 0.0  0.518567  0.585445  0.771649  0.545686  0.636751  0.870572  0.463157  0.433955  0.407785  0.332215  0.695055  0.706603  0.569496 
48  0.655058  0.435753  0.519198  0.558157  0.623281  0.560119  0.784267  0.590461  0.573469  0.743994  0.614131  0.646299  0.652473  0.624962  0.812008  0.549609  0.598827  0.516652  0.740731  0.742841  0.647084  0.675988  0.616934  0.550697  0.697408  0.624486  0.584654  0.656108  0.537415  0.496617  0.683062  0.678424  0.533784  0.593330  0.689581  0.534047  0.737787  0.715936  0.691413  0.578988  0.660518  0.671617  0.650798  0.570867  0.645972  0.665116  0.585022  0.518567 0.0  0.680738  0.578335  0.572957  0.549455  0.712109  0.614929  0.573622  0.643483  0.651860  0.584512  0.681331  0.615199 
49  0.314258  0.684993  0.682559  0.648386  0.603527  0.612852  0.457429  0.251579  0.322418  0.447673  0.571541  0.430058  0.199874  0.360884  0.347042  0.502367  0.617023  0.506148  0.476797  0.140118  0.922812  0.720126  0.478238  0.494305  0.639779  0.588518  0.900388  0.513920  0.701985  0.719383  0.888500  0.448811  0.530874  0.838742  0.511670  0.335948  0.210139  0.671547  0.485443  0.607895  0.253278  0.569959  0.398858  0.721801  0.531680  0.611001  0.465929  0.585445  0.680738 0.0  0.713689  0.335219  0.506865  0.464327  0.578956  0.430612  0.495235  0.529571  0.676266  0.263307  0.633993 
50  0.624770  0.537054  0.458468  0.734890  0.614380  0.547823  0.666715  0.620615  0.637433  0.651746  0.437208  0.754426  0.632180  0.746976  0.780447  0.581550  0.730302  0.693709  0.549310  0.652181  0.677689  0.632147  0.484880  0.690744  0.394207  0.383908  0.820208  0.628498  0.685281  0.702229  0.806795  0.540101  0.607248  0.674404  0.589632  0.579053  0.681852  0.662753  0.454674  0.490463  0.583532  0.633733  0.727326  0.726268  0.581714  0.640834  0.653650  0.771649  0.578335  0.713689 0.0  0.725298  0.718239  0.482212  0.643807  0.652102  0.604723  0.603093  0.810730  0.507128  0.602768 
51  0.266807  0.606251  0.697638  0.654665  0.512883  0.570519  0.516653  0.338311  0.294132  0.522444  0.673279  0.529790  0.402522  0.433107  0.503190  0.507348  0.402225  0.531744  0.421725  0.378025  0.870881  0.664335  0.581006  0.455301  0.547272  0.503689  0.672218  0.413192  0.591285  0.665411  0.562441  0.552500  0.504927  0.763943  0.448334  0.372434  0.344607  0.672865  0.503026  0.589459  0.326982  0.583155  0.451549  0.610072  0.568479  0.594497  0.366373  0.545686  0.572957  0.335219  0.725298 0.0  0.560295  0.467146  0.567871  0.307252  0.454170  0.459262  0.757219  0.339667  0.679271 
52  0.550510  0.499823  0.731614  0.762999  0.590007  0.544081  0.659891  0.449068  0.559143  0.480452  0.650967  0.136120  0.289021  0.522932  0.622042  0.483270  0.629601  0.253945  0.644533  0.445096  0.762822  0.631144  0.663326  0.681347  0.559925  0.529082  0.699165  0.548836  0.597913  0.658896  0.713046  0.195749  0.506742  0.719651  0.638209  0.493779  0.517250  0.625457  0.629657  0.512802  0.413300  0.521181  0.424457  0.610427  0.519696  0.683701  0.590956  0.636751  0.549455  0.506865  0.718239  0.560295 0.0  0.574264  0.602297  0.453467  0.607478  0.555586  0.595035  0.545225  0.777841 
53  0.491160  0.710684  0.556660  0.777085  0.688817  0.699477  0.624222  0.575327  0.477179  0.642114  0.368488  0.724313  0.681162  0.608625  0.655837  0.646077  0.747213  0.733746  0.598345  0.478662  0.690228  0.683830  0.276387  0.748793  0.388504  0.463662  0.851839  0.739362  0.632220  0.829228  0.658432  0.696117  0.705413  0.726928  0.560537  0.607515  0.408247  0.785287  0.155641  0.499378  0.565799  0.622303  0.565683  0.685283  0.576844  0.695612  0.450426  0.870572  0.712109  0.464327  0.482212  0.467146  0.574264 0.0  0.659380  0.602079  0.733494  0.754065  0.788148  0.520365  0.540246 
54  0.674017  0.456599  0.595686  0.648623  0.480355  0.438635  0.746627  0.532322  0.593256  0.655900  0.582670  0.582810  0.577793  0.573384  0.726289  0.405240  0.447243  0.580373  0.774062  0.668519  0.465636  0.599442  0.652276  0.487996  0.576484  0.464870  0.428872  0.674990  0.523685  0.449348  0.432297  0.660547  0.430935  0.519015  0.468435  0.477952  0.676982  0.511376  0.602901  0.445146  0.741792  0.673701  0.639452  0.455191  0.752673  0.620627  0.519303  0.463157  0.614929  0.578956  0.643807  0.567871  0.602297  0.659380 0.0  0.574897  0.459842  0.573457  0.644052  0.576073  0.555120 
55  0.257857  0.551367  0.586907  0.719275  0.352453  0.548081  0.675274  0.323392  0.444339  0.633489  0.449093  0.441160  0.320642  0.471511  0.514405  0.542637  0.404159  0.365470  0.519232  0.472526  0.850754  0.633847  0.726507  0.440705  0.435994  0.351676  0.637965  0.377386  0.608226  0.606406  0.657091  0.443425  0.385789  0.666397  0.420929  0.233270  0.459060  0.688272  0.536266  0.456157  0.381404  0.578195  0.194405  0.479914  0.371319  0.590076  0.343343  0.433955  0.573622  0.430612  0.652102  0.307252  0.453467  0.602079  0.574897 0.0  0.428511  0.487069  0.724744  0.458415  0.684529 
56  0.419238  0.611831  0.685261  0.777695  0.263401  0.533131  0.627944  0.499640  0.494037  0.865545  0.670858  0.655868  0.645343  0.663890  0.839852  0.390124  0.242866  0.635045  0.731943  0.548939  0.645125  0.578876  0.750696  0.446797  0.552905  0.486834  0.500406  0.531189  0.652262  0.532023  0.467306  0.650901  0.405580  0.584716  0.303042  0.488864  0.506783  0.595986  0.599264  0.530234  0.718261  0.703352  0.636952  0.541017  0.572449  0.615274  0.559880  0.407785  0.643483  0.495235  0.604723  0.454170  0.607478  0.733494  0.459842  0.428511 0.0  0.503093  0.607165  0.553074  0.476340 
57  0.456382  0.520197  0.476740  0.543071  0.345292  0.579732  0.779913  0.522007  0.682741  0.606215  0.583319  0.485408  0.464484  0.718337  0.586179  0.387972  0.435015  0.537984  0.683546  0.444980  0.742378  0.555010  0.738832  0.429458  0.656606  0.592352  0.576162  0.591639  0.514731  0.606231  0.560686  0.509524  0.251466  0.756732  0.440563  0.467177  0.484055  0.519962  0.651685  0.477907  0.504759  0.639898  0.522302  0.483782  0.583342  0.607006  0.523914  0.332215  0.651860  0.529571  0.603093  0.459262  0.555586  0.754065  0.573457  0.487069  0.503093 0.0  0.724259  0.573216  0.630711 
58  0.723108  0.727605  0.770261  0.585564  0.671183  0.632177  0.695338  0.642365  0.788625  0.627243  0.921337  0.581089  0.687730  0.659937  0.783418  0.643275  0.652131  0.683934  0.572104  0.653465  0.585645  0.655894  0.659451  0.685139  0.744924  0.701575  0.537919  0.520141  0.628203  0.549277  0.651587  0.548204  0.657512  0.697034  0.621886  0.701862  0.731954  0.811421  0.667487  0.696088  0.678377  0.541503  0.730577  0.624826  0.633433  0.642450  0.615210  0.695055  0.584512  0.676266  0.810730  0.757219  0.595035  0.788148  0.644052  0.724744  0.607165  0.724259 0.0  0.630555  0.693774 
59  0.348452  0.771085  0.755509  0.759522  0.584920  0.696646  0.375616  0.338425  0.142916  0.531533  0.872099  0.536752  0.422890  0.383063  0.318342  0.731912  0.626365  0.511404  0.261760  0.291939  0.812749  0.739081  0.540621  0.470494  0.594112  0.473986  0.867765  0.510596  0.693197  0.960324  0.806582  0.489665  0.518832  0.713058  0.581335  0.349243  0.227127  0.826057  0.496475  0.685519  0.417077  0.531286  0.471206  0.681423  0.496840  0.641788  0.423167  0.706603  0.681331  0.263307  0.507128  0.339667  0.545225  0.520365  0.576073  0.458415  0.553074  0.573216  0.630555 0.0  0.642675 
60  0.675119  0.548654  0.520737  0.752083  0.637627  0.617734  0.924123  0.658941  0.717753  0.729772  0.430099  0.775068  0.733084  0.657620  0.772109  0.543247  0.559914  0.727206  0.885067  0.604324  0.597317  0.629316  0.474757  0.690668  0.632333  0.570053  0.671880  0.813027  0.513948  0.621191  0.642673  0.769894  0.690710  0.637108  0.647217  0.793397  0.773962  0.712554  0.451951  0.377583  0.804624  0.586615  0.825838  0.611581  0.713920  0.549036  0.641929  0.569496  0.615199  0.633993  0.602768  0.679271  0.777841  0.540246  0.555120  0.684529  0.476340  0.630711  0.693774  0.642675 0.0 
