61
0 0.0  0.503288  0.518458  0.584548  0.338587  0.593924  0.381835  0.306712  0.257188  0.430146  0.484614  0.372796  0.369312  0.301316  0.541324  0.506941  0.414592  0.326610  0.369594  0.292196  0.776365  0.619425  0.442797  0.434369  0.458003  0.392023  0.585579  0.417293  0.520088  0.559521  0.577791  0.444963  0.441379  0.518402  0.357872  0.224485  0.249541  0.629247  0.373585  0.516195  0.233965  0.456303  0.280579  0.504910  0.384874  0.521530  0.332085  0.434843  0.567699  0.250413  0.551666  0.282266  0.425832  0.438532  0.515048  0.240118  0.487307  0.436417  0.670604  0.272046  0.465965 
1  0.503288 0.0  0.469774  0.582738  0.426438  0.516498  0.536635  0.549721  0.729760  0.563528  0.420347  0.399695  0.654244  0.564063  0.663650  0.384922  0.425837  0.479733  0.761782  0.505647  0.513957  0.513921  0.504362  0.508842  0.580325  0.393443  0.585395  0.580845  0.511434  0.511149  0.511938  0.473961  0.450463  0.566504  0.436818  0.546603  0.565252  0.361688  0.536764  0.325832  0.483674  0.547095  0.494726  0.367436  0.597612  0.569272  0.455823  0.453657  0.400711  0.526044  0.589660  0.485068  0.404010  0.600662  0.404247  0.501914  0.552243  0.436083  0.585026  0.635133  0.475023 
2  0.518458  0.469774 0.0  0.650235  0.427609  0.552300  0.744694  0.645602  0.566123  0.637385  0.366335  0.527771  0.532060  0.719872  0.574521  0.543567  0.481277  0.454530  0.805863  0.510033  0.632546  0.509420  0.532062  0.506354  0.446028  0.353373  0.521963  0.552357  0.400250  0.503396  0.459601  0.689720  0.462207  0.433597  0.467979  0.587802  0.646657  0.544355  0.475016  0.328419  0.637263  0.634650  0.618749  0.403574  0.553751  0.574974  0.511247  0.367180  0.516944  0.682055  0.477777  0.591823  0.523847  0.454075  0.521102  0.498575  0.571017  0.425048  0.542736  0.705308  0.361134 
3  0.584548  0.582738  0.650235 0.0  0.541693  0.539639  0.515618  0.544998  0.566693  0.541268  0.715983  0.505711  0.490398  0.620425  0.656409  0.544312  0.417766  0.526842  0.534883  0.619846  0.601849  0.569528  0.603135  0.549395  0.571266  0.569254  0.411636  0.549816  0.518002  0.445531  0.558724  0.545137  0.553870  0.475017  0.589883  0.616100  0.624689  0.520657  0.696112  0.554535  0.492996  0.498231  0.543668  0.515935  0.475911  0.573676  0.542609  0.458944  0.519476  0.589882  0.564856  0.521898  0.613232  0.657195  0.497323  0.453136  0.495288  0.504761  0.488347  0.561960  0.604655 
4  0.338587  0.426438  0.427609  0.541693 0.0  0.479754  0.629085  0.366665  0.483253  0.613106  0.502959  0.504398  0.446355  0.579869  0.562280  0.310646  0.224389  0.452761  0.574540  0.512432  0.485153  0.557260  0.497168  0.322765  0.391209  0.378786  0.374428  0.450153  0.471009  0.455558  0.401690  0.466047  0.299812  0.493640  0.207538  0.332908  0.444465  0.491361  0.543157  0.402463  0.564265  0.606512  0.396311  0.438140  0.382892  0.416187  0.370871  0.327778  0.448244  0.453173  0.506681  0.347918  0.507404  0.493737  0.405737  0.322292  0.264450  0.286433  0.588340  0.462623  0.460707 
5  0.593924  0.516498  0.552300  0.539639  0.479754 0.0  0.616984  0.455933  0.611596  0.515822  0.502348  0.391471  0.490597  0.569238  0.592404  0.439199  0.441119  0.373821  0.587226  0.570449  0.425801  0.519294  0.555338  0.447818  0.414917  0.478195  0.422337  0.502871  0.468974  0.445259  0.453401  0.489611  0.472530  0.514521  0.453994  0.433696  0.506258  0.373959  0.540859  0.452855  0.520728  0.478995  0.498263  0.421341  0.445001  0.541798  0.497892  0.485201  0.480218  0.463113  0.457872  0.517185  0.464879  0.548535  0.395049  0.519320  0.457942  0.554835  0.611739  0.503584  0.557384 
6  0.381835  0.536635  0.744694  0.515618  0.629085  0.616984 0.0  0.472142  0.394633  0.433595  0.700384  0.493190  0.537996  0.290942  0.459748  0.648879  0.530389  0.474403  0.443758  0.385462  0.694359  0.547089  0.476732  0.643437  0.570859  0.545887  0.648898  0.550167  0.527793  0.583586  0.647226  0.515328  0.666986  0.685390  0.506601  0.421938  0.405133  0.733483  0.535508  0.690830  0.482524  0.515878  0.510299  0.685157  0.635327  0.693515  0.523833  0.706797  0.543947  0.412415  0.558254  0.410028  0.538337  0.509156  0.541258  0.543320  0.495763  0.722900  0.602234  0.325878  0.723594 
7  0.306712  0.549721  0.645602  0.544998  0.366665  0.455933  0.472142 0.0  0.331365  0.468659  0.478603  0.443081  0.213156  0.325250  0.525589  0.478526  0.427116  0.407522  0.451453  0.237950  0.677062  0.563453  0.567534  0.411737  0.466438  0.361975  0.599977  0.273821  0.560332  0.554258  0.589632  0.361814  0.414827  0.550887  0.468950  0.328181  0.303843  0.597486  0.437376  0.597637  0.386826  0.474167  0.273082  0.555649  0.323855  0.551430  0.322353  0.563050  0.564634  0.231459  0.490170  0.346387  0.393455  0.478184  0.491377  0.327955  0.452756  0.449643  0.551235  0.316565  0.549010 
8  0.257188  0.729760  0.566123  0.566693  0.483253  0.611596  0.394633  0.331365 0.0  0.447758  0.590321  0.616841  0.384804  0.327008  0.376822  0.475753  0.447010  0.439470  0.269799  0.223551  0.659612  0.510414  0.380598  0.481752  0.437668  0.497436  0.653598  0.436296  0.538421  0.740000  0.667429  0.457308  0.500948  0.505117  0.388440  0.331653  0.222125  0.582616  0.392226  0.547745  0.339615  0.486029  0.440217  0.574253  0.515370  0.665110  0.411876  0.493311  0.561523  0.280147  0.475566  0.303130  0.433509  0.430838  0.572953  0.390086  0.363911  0.438096  0.544523  0.145787  0.571132 
9  0.430146  0.563528  0.637385  0.541268  0.613106  0.515822  0.433595  0.468659  0.447758 0.0  0.573548  0.457482  0.497346  0.337572  0.449363  0.415429  0.692502  0.409365  0.483970  0.350333  0.739362  0.655837  0.440776  0.609848  0.573641  0.525556  0.617859  0.570745  0.516909  0.613206  0.656363  0.385241  0.551733  0.729521  0.617141  0.523869  0.432935  0.601260  0.530534  0.527103  0.417023  0.372862  0.552382  0.587075  0.605700  0.517646  0.513850  0.591281  0.537787  0.408234  0.633198  0.524390  0.456229  0.448931  0.505820  0.538560  0.621417  0.510653  0.575378  0.492033  0.484087 
10  0.484614  0.420347  0.366335  0.715983  0.502959  0.502348  0.700384  0.478603  0.590321  0.573548 0.0  0.443041  0.488220  0.623412  0.688382  0.566265  0.515360  0.544834  0.682577  0.487322  0.619754  0.569649  0.354040  0.674870  0.327674  0.298513  0.622207  0.604328  0.489827  0.553244  0.461785  0.425686  0.528270  0.505910  0.466460  0.446803  0.456001  0.601678  0.283972  0.297462  0.532633  0.546480  0.387962  0.471892  0.423615  0.555671  0.502478  0.504783  0.510437  0.554556  0.351690  0.568216  0.481757  0.313997  0.570669  0.455067  0.515545  0.475116  0.579207  0.592447  0.418590 
11  0.372796  0.399695  0.527771  0.505711  0.504398  0.391471  0.493190  0.443081  0.616841  0.457482  0.443041 0.0  0.270306  0.393077  0.508383  0.384083  0.399510  0.216010  0.646956  0.444782  0.697908  0.544087  0.674259  0.506790  0.438798  0.549510  0.466028  0.519477  0.517534  0.652177  0.497446  0.124318  0.379424  0.588613  0.446195  0.405525  0.453528  0.616558  0.675004  0.447722  0.369790  0.470886  0.364915  0.442563  0.555562  0.565070  0.464652  0.496680  0.460297  0.377099  0.499211  0.474219  0.144324  0.560257  0.389109  0.346539  0.511764  0.424897  0.581672  0.481462  0.555952 
12  0.369312  0.654244  0.532060  0.490398  0.446355  0.490597  0.537996  0.213156  0.384804  0.497346  0.488220  0.270306 0.0  0.352137  0.411303  0.405516  0.505765  0.409827  0.468620  0.230916  0.784748  0.572176  0.650438  0.527992  0.474888  0.530294  0.520038  0.269886  0.566997  0.689033  0.559724  0.249559  0.368013  0.738844  0.370556  0.373889  0.324586  0.606586  0.545693  0.459037  0.342651  0.516368  0.287435  0.597007  0.423677  0.490959  0.398205  0.505189  0.484445  0.191510  0.585691  0.327902  0.271556  0.428468  0.500830  0.289094  0.489172  0.453006  0.482308  0.294525  0.529778 
13  0.301316  0.564063  0.719872  0.620425  0.579869  0.569238  0.290942  0.325250  0.327008  0.337572  0.623412  0.393077  0.352137 0.0  0.406066  0.640885  0.505702  0.386708  0.369965  0.389594  0.780554  0.641972  0.582918  0.562804  0.496600  0.499276  0.546456  0.487108  0.615328  0.680318  0.581221  0.391658  0.510327  0.686793  0.498226  0.364622  0.340753  0.726012  0.492790  0.630467  0.368952  0.421812  0.414665  0.463466  0.502009  0.694898  0.505710  0.604315  0.602529  0.351733  0.656510  0.391868  0.349169  0.469076  0.546328  0.358083  0.525478  0.539730  0.650369  0.322578  0.650907 
14  0.541324  0.663650  0.574521  0.656409  0.562280  0.592404  0.459748  0.525589  0.376822  0.449363  0.688382  0.508383  0.411303  0.406066 0.0  0.567770  0.631974  0.582038  0.231173  0.365200  0.761996  0.613610  0.611360  0.597452  0.437681  0.574768  1.000000  0.499947  0.566792  0.683270  0.743568  0.511426  0.593182  0.786683  0.668111  0.503970  0.413209  0.716896  0.568011  0.606224  0.339717  0.460456  0.454536  0.718895  0.730833  0.568997  0.584497  0.637267  0.618776  0.337055  0.589991  0.375719  0.485141  0.521477  0.598081  0.542950  0.686876  0.510775  0.509065  0.294763  0.474891 
15  0.506941  0.384922  0.543567  0.544312  0.310646  0.439199  0.648879  0.478526  0.475753  0.415429  0.566265  0.384083  0.405516  0.640885  0.567770 0.0  0.335246  0.515737  0.628961  0.382780  0.538870  0.533570  0.610836  0.413551  0.489562  0.520225  0.523034  0.502678  0.516844  0.543542  0.539431  0.455187  0.337875  0.528763  0.330390  0.420909  0.416404  0.492554  0.526433  0.379243  0.422044  0.606664  0.449583  0.536128  0.420734  0.359626  0.421867  0.312179  0.522477  0.428572  0.616205  0.482939  0.481923  0.552001  0.439798  0.417247  0.326340  0.342165  0.540535  0.613081  0.488392 
16  0.414592  0.425837  0.481277  0.417766  0.224389  0.441119  0.530389  0.427116  0.447010  0.692502  0.515360  0.399510  0.505765  0.505702  0.631974  0.335246 0.0  0.458044  0.553418  0.552388  0.527864  0.513301  0.519239  0.282497  0.494308  0.374722  0.423644  0.448325  0.460630  0.395548  0.444913  0.569581  0.290627  0.597965  0.204288  0.342089  0.470199  0.502667  0.511145  0.407301  0.484510  0.560289  0.327740  0.391058  0.405515  0.465941  0.367130  0.304022  0.467553  0.591232  0.548231  0.365275  0.549796  0.716169  0.279083  0.285581  0.231796  0.313187  0.591191  0.496016  0.564506 
17  0.326610  0.479733  0.454530  0.526842  0.452761  0.373821  0.474403  0.407522  0.439470  0.409365  0.544834  0.216010  0.409827  0.386708  0.582038  0.515737  0.458044 0.0  0.540356  0.445280  0.765010  0.604487  0.581097  0.497961  0.445876  0.516092  0.407240  0.468427  0.582262  0.582798  0.581313  0.230481  0.398718  0.563215  0.542224  0.363781  0.413440  0.571658  0.527002  0.495629  0.419923  0.452732  0.359569  0.488501  0.410722  0.561728  0.394395  0.450245  0.491335  0.439769  0.549193  0.456678  0.246878  0.534146  0.396913  0.376391  0.555871  0.430166  0.511154  0.478595  0.607972 
18  0.369594  0.761782  0.805863  0.534883  0.574540  0.587226  0.443758  0.451453  0.269799  0.483970  0.682577  0.646956  0.468620  0.369965  0.231173  0.628961  0.553418  0.540356 0.0  0.438563  0.743800  0.600612  0.592893  0.565778  0.512604  0.489018  0.796156  0.466086  0.561136  0.676485  0.778248  0.546877  0.540437  0.822096  0.611551  0.432566  0.393380  0.591156  0.453239  0.690598  0.379008  0.509966  0.442410  0.793814  0.537719  0.539191  0.480495  0.654423  0.619689  0.398592  0.568444  0.397850  0.597301  0.529806  0.697885  0.508827  0.551949  0.624258  0.581703  0.263035  0.677608 
19  0.292196  0.505647  0.510033  0.619846  0.512432  0.570449  0.385462  0.237950  0.223551  0.350333  0.487322  0.444782  0.230916  0.389594  0.365200  0.382780  0.552388  0.445280  0.438563 0.0  0.726607  0.593759  0.406756  0.562973  0.577193  0.524997  0.610566  0.420982  0.503166  0.803910  0.683380  0.372758  0.381895  0.730493  0.442482  0.293708  0.238109  0.577468  0.419113  0.432168  0.229972  0.450010  0.402899  0.598862  0.446322  0.525442  0.410643  0.496691  0.459925  0.136653  0.544529  0.329856  0.476565  0.412478  0.490639  0.367223  0.405819  0.419829  0.530259  0.293360  0.505166 
20  0.776365  0.513957  0.632546  0.601849  0.485153  0.425801  0.694359  0.677062  0.659612  0.739362  0.619754  0.697908  0.784748  0.780554  0.761996  0.538870  0.527864  0.765010  0.743800  0.726607 0.0  0.441827  0.610398  0.551307  0.655650  0.648882  0.554426  0.678773  0.507047  0.529790  0.330714  0.636578  0.640973  0.426843  0.510813  0.678670  0.735064  0.506073  0.562486  0.461590  0.729401  0.651826  0.821754  0.440974  0.641154  0.542848  0.574173  0.478247  0.571076  0.798883  0.513672  0.668631  0.684340  0.721560  0.429515  0.675280  0.482362  0.568344  0.597762  0.815118  0.487803 
21  0.619425  0.513921  0.509420  0.569528  0.557260  0.519294  0.547089  0.563453  0.510414  0.655837  0.569649  0.544087  0.572176  0.641972  0.613610  0.533570  0.513301  0.604487  0.600612  0.593759  0.441827 0.0  0.646120  0.541890  0.567393  0.474481  0.477426  0.601981  0.531571  0.453085  0.475162  0.615871  0.532068  0.630858  0.463573  0.609377  0.635498  0.487495  0.639559  0.466540  0.536663  0.558987  0.617325  0.542360  0.556853  0.530402  0.561018  0.469092  0.541029  0.664973  0.542824  0.583050  0.527121  0.504778  0.423802  0.520053  0.443555  0.506862  0.535345  0.670939  0.542596 
22  0.442797  0.504362  0.532062  0.603135  0.497168  0.555338  0.476732  0.567534  0.380598  0.440776  0.354040  0.674259  0.650438  0.582918  0.611360  0.610836  0.519239  0.581097  0.592893  0.406756  0.610398  0.646120 0.0  0.647182  0.412334  0.355901  0.786634  0.699161  0.614059  0.724268  0.535698  0.584946  0.634418  0.550149  0.684586  0.563446  0.441253  0.749467  0.241267  0.479992  0.403118  0.523857  0.587229  0.655344  0.613483  0.628333  0.564745  0.676951  0.602668  0.434946  0.371884  0.479842  0.546362  0.264141  0.466800  0.593118  0.562852  0.672904  0.625593  0.437179  0.416649 
23  0.434369  0.508842  0.506354  0.549395  0.322765  0.447818  0.643437  0.411737  0.481752  0.609848  0.674870  0.506790  0.527992  0.562804  0.597452  0.413551  0.282497  0.497961  0.565778  0.562973  0.551307  0.541890  0.647182 0.0  0.530442  0.491453  0.397722  0.436584  0.436511  0.504562  0.411159  0.513721  0.262102  0.553317  0.320670  0.354347  0.408447  0.424129  0.555497  0.420242  0.571562  0.557213  0.472373  0.390525  0.365062  0.420570  0.397840  0.345984  0.516082  0.529814  0.655813  0.398570  0.467216  0.687566  0.395977  0.405483  0.404839  0.391762  0.490027  0.487956  0.507512 
24  0.458003  0.580325  0.446028  0.571266  0.391209  0.414917  0.570859  0.466438  0.437668  0.573641  0.327674  0.438798  0.474888  0.496600  0.437681  0.489562  0.494308  0.445876  0.512604  0.577193  0.655650  0.567393  0.412334  0.530442 0.0  0.239941  0.597554  0.630499  0.537756  0.554492  0.411816  0.531923  0.434138  0.569830  0.491517  0.420875  0.487542  0.633424  0.330319  0.353793  0.431584  0.533866  0.365101  0.507754  0.509212  0.710941  0.460537  0.610326  0.597600  0.523790  0.414867  0.479859  0.436303  0.379096  0.479330  0.363533  0.527403  0.425036  0.666570  0.426040  0.486099 
25  0.392023  0.393443  0.353373  0.569254  0.378786  0.478195  0.545887  0.361975  0.497436  0.525556  0.298513  0.549510  0.530294  0.499276  0.574768  0.520225  0.374722  0.516092  0.489018  0.524997  0.648882  0.474481  0.355901  0.491453  0.239941 0.0  0.504009  0.566340  0.542094  0.496394  0.430905  0.414306  0.506516  0.527070  0.387906  0.361007  0.472165  0.593402  0.314084  0.277634  0.487268  0.528909  0.364536  0.440995  0.487622  0.605341  0.511281  0.499173  0.510105  0.484559  0.430932  0.448696  0.432119  0.322652  0.465951  0.321051  0.415527  0.482006  0.679453  0.499378  0.479644 
26  0.585579  0.585395  0.521963  0.411636  0.374428  0.422337  0.648898  0.599977  0.653598  0.617859  0.622207  0.466028  0.520038  0.546456  1.000000  0.523034  0.423644  0.407240  0.796156  0.610566  0.554426  0.477426  0.786634  0.397722  0.597554  0.504009 0.0  0.527057  0.444201  0.240223  0.365676  0.590626  0.346237  0.515803  0.437723  0.551347  0.625549  0.556797  0.751516  0.514591  0.560770  0.500305  0.591613  0.363321  0.505680  0.683038  0.549556  0.455425  0.532703  0.688903  0.629473  0.506393  0.564038  0.625336  0.353217  0.423223  0.494132  0.498894  0.472984  0.698154  0.661190 
27  0.417293  0.580845  0.552357  0.549816  0.450153  0.502871  0.550167  0.273821  0.436296  0.570745  0.604328  0.519477  0.269886  0.487108  0.499947  0.502678  0.448325  0.468427  0.466086  0.420982  0.678773  0.601981  0.699161  0.436584  0.630499  0.566340  0.527057 0.0  0.539928  0.483164  0.578072  0.522369  0.436163  0.620954  0.428199  0.390871  0.340458  0.559097  0.470855  0.544739  0.442795  0.609309  0.417255  0.481895  0.417611  0.524231  0.329963  0.473623  0.512836  0.345045  0.481956  0.391876  0.494930  0.590790  0.476714  0.325101  0.471992  0.462408  0.574411  0.448225  0.646317 
28  0.520088  0.511434  0.400250  0.518002  0.471009  0.468974  0.527793  0.560332  0.538421  0.516909  0.489827  0.517534  0.566997  0.615328  0.566792  0.516844  0.460630  0.582262  0.561136  0.503166  0.507047  0.531571  0.614059  0.436511  0.537756  0.542094  0.444201  0.539928 0.0  0.446789  0.438866  0.465789  0.456799  0.462274  0.547866  0.519945  0.531864  0.540515  0.622372  0.476149  0.507340  0.491875  0.571689  0.486198  0.530734  0.428693  0.526177  0.382790  0.522579  0.544482  0.557764  0.467441  0.487793  0.530708  0.497939  0.521282  0.550987  0.557941  0.518596  0.560765  0.539829 
29  0.559521  0.511149  0.503396  0.445531  0.455558  0.445259  0.583586  0.554258  0.740000  0.613206  0.553244  0.652177  0.689033  0.680318  0.683270  0.543542  0.395548  0.582798  0.676485  0.803910  0.529790  0.453085  0.724268  0.504562  0.554492  0.496394  0.240223  0.483164  0.446789 0.0  0.391668  0.652350  0.406269  0.417091  0.524304  0.564093  0.724607  0.508302  0.690119  0.417429  0.743806  0.486456  0.636100  0.407294  0.566259  0.597468  0.486833  0.498566  0.546065  0.622314  0.624755  0.543134  0.578415  0.681752  0.418626  0.594955  0.503381  0.566494  0.537923  0.544339  0.563733 
30  0.577791  0.511938  0.459601  0.558724  0.401690  0.453401  0.647226  0.589632  0.667429  0.656363  0.461785  0.497446  0.559724  0.581221  0.743568  0.539431  0.444913  0.581313  0.778248  0.683380  0.330714  0.475162  0.535698  0.411159  0.411816  0.430905  0.365676  0.578072  0.438866  0.391668 0.0  0.549260  0.504064  0.318604  0.403812  0.479783  0.635699  0.532102  0.546306  0.429013  0.573493  0.624050  0.576434  0.388846  0.528675  0.608757  0.520447  0.508628  0.461315  0.558342  0.507412  0.535370  0.632302  0.570711  0.408578  0.507702  0.448555  0.483571  0.523662  0.716162  0.451037 
31  0.444963  0.473961  0.689720  0.545137  0.466047  0.489611  0.515328  0.361814  0.457308  0.385241  0.425686  0.124318  0.249559  0.391658  0.511426  0.455187  0.569581  0.230481  0.546877  0.372758  0.636578  0.615871  0.584946  0.513721  0.531923  0.414306  0.590626  0.522369  0.465789  0.652350  0.549260 0.0  0.486306  0.599319  0.469159  0.431258  0.547320  0.693662  0.584666  0.479053  0.354477  0.440918  0.423812  0.563927  0.426045  0.580000  0.386856  0.493005  0.519512  0.323643  0.505509  0.437693  0.164764  0.609536  0.520160  0.401876  0.591017  0.468334  0.540337  0.541247  0.757608 
32  0.441379  0.450463  0.462207  0.553870  0.299812  0.472530  0.666986  0.414827  0.500948  0.551733  0.528270  0.379424  0.368013  0.510327  0.593182  0.337875  0.290627  0.398718  0.540437  0.381895  0.640973  0.532068  0.634418  0.262102  0.434138  0.506516  0.346237  0.436163  0.456799  0.406269  0.504064  0.486306 0.0  0.637423  0.301916  0.390574  0.486405  0.493374  0.537254  0.366938  0.396295  0.534132  0.410686  0.396751  0.331446  0.380609  0.401674  0.276218  0.535686  0.431710  0.565180  0.466332  0.490237  0.572369  0.395656  0.379452  0.324969  0.314145  0.550807  0.525237  0.463770 
33  0.518402  0.566504  0.433597  0.475017  0.493640  0.514521  0.685390  0.550887  0.505117  0.729521  0.505910  0.588613  0.738844  0.686793  0.786683  0.528763  0.597965  0.563215  0.822096  0.730493  0.426843  0.630858  0.550149  0.553317  0.569830  0.527070  0.515803  0.620954  0.462274  0.417091  0.318604  0.599319  0.637423 0.0  0.532559  0.580279  0.567305  0.606346  0.456219  0.495093  0.674847  0.567616  0.577856  0.416369  0.493127  0.653234  0.650313  0.589455  0.489080  0.687288  0.445698  0.605139  0.645853  0.544775  0.572217  0.551218  0.604589  0.612091  0.588314  0.584184  0.460408 
34  0.357872  0.436818  0.467979  0.589883  0.207538  0.453994  0.506601  0.468950  0.388440  0.617141  0.466460  0.446195  0.370556  0.498226  0.668111  0.330390  0.204288  0.542224  0.611551  0.442482  0.510813  0.463573  0.684586  0.320670  0.491517  0.387906  0.437723  0.428199  0.547866  0.524304  0.403812  0.469159  0.301916  0.532559 0.0  0.338781  0.421862  0.527430  0.526626  0.456857  0.527418  0.620819  0.455223  0.425497  0.350905  0.468551  0.276472  0.272245  0.550390  0.514903  0.458657  0.373931  0.584704  0.480349  0.418016  0.366127  0.241873  0.355562  0.622876  0.465982  0.597872 
35  0.224485  0.546603  0.587802  0.616100  0.332908  0.433696  0.421938  0.328181  0.331653  0.523869  0.446803  0.405525  0.373889  0.364622  0.503970  0.420909  0.342089  0.363781  0.432566  0.293708  0.678670  0.609377  0.563446  0.354347  0.420875  0.361007  0.551347  0.390871  0.519945  0.564093  0.479783  0.431258  0.390574  0.580279  0.338781 0.0  0.331373  0.575307  0.463492  0.483963  0.309031  0.444496  0.263989  0.443424  0.388263  0.595469  0.285911  0.419131  0.501748  0.313106  0.550341  0.287226  0.447271  0.556387  0.491269  0.196442  0.426160  0.403587  0.618391  0.279741  0.579810 
36  0.249541  0.565252  0.646657  0.624689  0.444465  0.506258  0.405133  0.303843  0.222125  0.432935  0.456001  0.453528  0.324586  0.340753  0.413209  0.416404  0.470199  0.413440  0.393380  0.238109  0.735064  0.635498  0.441253  0.408447  0.487542  0.472165  0.625549  0.340458  0.531864  0.724607  0.635699  0.547320  0.486405  0.567305  0.421862  0.331373 0.0  0.584799  0.376994  0.600286  0.345438  0.483121  0.400582  0.555673  0.519956  0.477944  0.370538  0.516801  0.548196  0.225036  0.521042  0.288181  0.458190  0.397962  0.607114  0.343891  0.459282  0.483464  0.595936  0.240137  0.595551 
37  0.629247  0.361688  0.544355  0.520657  0.491361  0.373959  0.733483  0.597486  0.582616  0.601260  0.601678  0.616558  0.606586  0.726012  0.716896  0.492554  0.502667  0.571658  0.591156  0.577468  0.506073  0.487495  0.749467  0.424129  0.633424  0.593402  0.556797  0.559097  0.540515  0.508302  0.532102  0.693662  0.493374  0.606346  0.527430  0.575307  0.584799 0.0  0.546690  0.546580  0.737841  0.521361  0.541428  0.430660  0.496597  0.581660  0.572977  0.529265  0.571610  0.685753  0.616549  0.511342  0.530815  0.539285  0.419375  0.605161  0.441552  0.542379  0.679844  0.650410  0.449649 
38  0.373585  0.536764  0.475016  0.696112  0.543157  0.540859  0.535508  0.437376  0.392226  0.530534  0.283972  0.675004  0.545693  0.492790  0.568011  0.526433  0.511145  0.527002  0.453239  0.419113  0.562486  0.639559  0.241267  0.555497  0.330319  0.314084  0.751516  0.470855  0.622372  0.690119  0.546306  0.584666  0.537254  0.456219  0.526626  0.463492  0.376994  0.546690 0.0  0.371337  0.565519  0.441731  0.440053  0.511496  0.657218  0.556068  0.486551  0.565759  0.644274  0.435939  0.343563  0.450657  0.526624  0.151269  0.544645  0.494743  0.483613  0.567174  0.486542  0.446537  0.416690 
39  0.516195  0.325832  0.328419  0.554535  0.402463  0.452855  0.690830  0.597637  0.547745  0.527103  0.297462  0.447722  0.459037  0.630467  0.606224  0.379243  0.407301  0.495629  0.690598  0.432168  0.461590  0.466540  0.479992  0.420242  0.353793  0.277634  0.514591  0.544739  0.476149  0.417429  0.429013  0.479053  0.366938  0.495093  0.456857  0.483963  0.600286  0.546580  0.371337 0.0  0.465435  0.542510  0.470486  0.403837  0.415167  0.584365  0.489309  0.400544  0.506029  0.525746  0.394885  0.541958  0.432889  0.426779  0.367101  0.399617  0.486819  0.351300  0.639827  0.540406  0.317351 
40  0.233965  0.483674  0.637263  0.492996  0.564265  0.520728  0.482524  0.386826  0.339615  0.417023  0.532633  0.369790  0.342651  0.368952  0.339717  0.422044  0.484510  0.419923  0.379008  0.229972  0.729401  0.536663  0.403118  0.571562  0.431584  0.487268  0.560770  0.442795  0.507340  0.743806  0.573493  0.354477  0.396295  0.674847  0.527418  0.309031  0.345438  0.737841  0.565519  0.465435 0.0  0.488661  0.333801  0.527951  0.484534  0.442792  0.448505  0.489321  0.541897  0.246864  0.536258  0.348354  0.375437  0.427793  0.528063  0.330725  0.580691  0.459769  0.548898  0.336934  0.501233 
41  0.456303  0.547095  0.634650  0.498231  0.606512  0.478995  0.515878  0.474167  0.486029  0.372862  0.546480  0.470886  0.516368  0.421812  0.460456  0.606664  0.560289  0.452732  0.509966  0.450010  0.651826  0.558987  0.523857  0.557213  0.533866  0.528909  0.500305  0.609309  0.491875  0.486456  0.624050  0.440918  0.534132  0.567616  0.620819  0.444496  0.483121  0.521361  0.441731  0.542510  0.488661 0.0  0.467296  0.561881  0.529262  0.640122  0.544136  0.569910  0.538289  0.472919  0.634975  0.486783  0.432248  0.541562  0.519573  0.495057  0.629659  0.481398  0.457922  0.518673  0.518584 
42  0.280579  0.494726  0.618749  0.543668  0.396311  0.498263  0.510299  0.273082  0.440217  0.552382  0.387962  0.364915  0.287435  0.414665  0.454536  0.449583  0.327740  0.359569  0.442410  0.402899  0.821754  0.617325  0.587229  0.472373  0.365101  0.364536  0.591613  0.417255  0.571689  0.636100  0.576434  0.423812  0.410686  0.577856  0.455223  0.263989  0.400582  0.541428  0.440053  0.470486  0.333801  0.467296 0.0  0.487844  0.305200  0.520550  0.307308  0.409752  0.588672  0.375669  0.518725  0.357349  0.411190  0.467030  0.506004  0.189260  0.451898  0.425791  0.647032  0.382482  0.553235 
43  0.504910  0.367436  0.403574  0.515935  0.438140  0.421341  0.685157  0.555649  0.574253  0.587075  0.471892  0.442563  0.597007  0.463466  0.718895  0.536128  0.391058  0.488501  0.793814  0.598862  0.440974  0.542360  0.655344  0.390525  0.507754  0.440995  0.363321  0.481895  0.486198  0.407294  0.388846  0.563927  0.396751  0.416369  0.425497  0.443424  0.555673  0.430660  0.511496  0.403837  0.527951  0.561881  0.487844 0.0  0.525430  0.503932  0.542529  0.341365  0.453611  0.532773  0.537341  0.498297  0.545833  0.606155  0.424826  0.411323  0.349804  0.396337  0.439495  0.613499  0.472400 
44  0.384874  0.597612  0.553751  0.475911  0.382892  0.445001  0.635327  0.323855  0.515370  0.605700  0.423615  0.555562  0.423677  0.502009  0.730833  0.420734  0.405515  0.410722  0.537719  0.446322  0.641154  0.556853  0.613483  0.365062  0.509212  0.487622  0.505680  0.417611  0.530734  0.566259  0.528675  0.426045  0.331446  0.493127  0.350905  0.388263  0.519956  0.496597  0.657218  0.415167  0.484534  0.529262  0.305200  0.525430 0.0  0.503445  0.286008  0.419505  0.533165  0.469607  0.461195  0.411192  0.480697  0.493423  0.528579  0.273785  0.408463  0.515782  0.738569  0.398432  0.644653 
45  0.521530  0.569272  0.574974  0.573676  0.416187  0.541798  0.693515  0.551430  0.665110  0.517646  0.555671  0.565070  0.490959  0.694898  0.568997  0.359626  0.465941  0.561728  0.539191  0.525442  0.542848  0.530402  0.628333  0.420570  0.710941  0.605341  0.683038  0.524231  0.428693  0.597468  0.608757  0.580000  0.380609  0.653234  0.468551  0.595469  0.477944  0.581660  0.556068  0.584365  0.442792  0.640122  0.520550  0.503932  0.503445 0.0  0.555900  0.426861  0.567447  0.534278  0.550480  0.456945  0.601735  0.559543  0.524845  0.486702  0.522750  0.513556  0.543797  0.599019  0.497332 
46  0.332085  0.455823  0.511247  0.542609  0.370871  0.497892  0.523833  0.322353  0.411876  0.513850  0.502478  0.464652  0.398205  0.505710  0.584497  0.421867  0.367130  0.394395  0.480495  0.410643  0.574173  0.561018  0.564745  0.397840  0.460537  0.511281  0.549556  0.329963  0.526177  0.486833  0.520447  0.386856  0.401674  0.650313  0.276472  0.285911  0.370538  0.572977  0.486551  0.489309  0.448505  0.544136  0.307308  0.542529  0.286008  0.555900 0.0  0.382519  0.545483  0.331525  0.542515  0.376144  0.518162  0.516678  0.538664  0.284136  0.390184  0.426300  0.560792  0.466669  0.604364 
47  0.434843  0.453657  0.367180  0.458944  0.327778  0.485201  0.706797  0.563050  0.493311  0.591281  0.504783  0.496680  0.505189  0.604315  0.637267  0.312179  0.304022  0.450245  0.654423  0.496691  0.478247  0.469092  0.676951  0.345984  0.610326  0.499173  0.455425  0.473623  0.382790  0.498566  0.508628  0.493005  0.276218  0.589455  0.272245  0.419131  0.516801  0.529265  0.565759  0.400544  0.489321  0.569910  0.409752  0.341365  0.419505  0.426861  0.382519 0.0  0.498603  0.488925  0.571612  0.489490  0.417342  0.725951  0.416309  0.438973  0.304435  0.254078  0.642588  0.634409  0.529105 
48  0.567699  0.400711  0.516944  0.519476  0.448244  0.480218  0.543947  0.564634  0.561523  0.537787  0.510437  0.460297  0.484445  0.602529  0.618776  0.522477  0.467553  0.491335  0.619689  0.459925  0.571076  0.541029  0.602668  0.516082  0.597600  0.510105  0.532703  0.512836  0.522579  0.546065  0.461315  0.519512  0.535686  0.489080  0.550390  0.501748  0.548196  0.571610  0.644274  0.506029  0.541897  0.538289  0.588672  0.453611  0.533165  0.567447  0.545483  0.498603 0.0  0.537044  0.474085  0.535224  0.597744  0.584799  0.559724  0.471737  0.590080  0.545759  0.538106  0.576693  0.509554 
49  0.250413  0.526044  0.682055  0.589882  0.453173  0.463113  0.412415  0.231459  0.280147  0.408234  0.554556  0.377099  0.191510  0.351733  0.337055  0.428572  0.591232  0.439769  0.398592  0.136653  0.798883  0.664973  0.434946  0.529814  0.523790  0.484559  0.688903  0.345045  0.544482  0.622314  0.558342  0.323643  0.431710  0.687288  0.514903  0.313106  0.225036  0.685753  0.435939  0.525746  0.246864  0.472919  0.375669  0.532773  0.469607  0.534278  0.331525  0.488925  0.537044 0.0  0.585312  0.280972  0.388278  0.393719  0.578442  0.403671  0.449832  0.445065  0.489365  0.266741  0.537952 
50  0.551666  0.589660  0.477777  0.564856  0.506681  0.457872  0.558254  0.490170  0.475566  0.633198  0.351690  0.499211  0.585691  0.656510  0.589991  0.616205  0.548231  0.549193  0.568444  0.544529  0.513672  0.542824  0.371884  0.655813  0.414867  0.430932  0.629473  0.481956  0.557764  0.624755  0.507412  0.505509  0.565180  0.445698  0.458657  0.550341  0.521042  0.616549  0.343563  0.394885  0.536258  0.634975  0.518725  0.537341  0.461195  0.550480  0.542515  0.571612  0.474085  0.585312 0.0  0.585634  0.663892  0.434695  0.507440  0.565533  0.544463  0.566747  0.530206  0.611063  0.480261 
51  0.282266  0.485068  0.591823  0.521898  0.347918  0.517185  0.410028  0.346387  0.303130  0.524390  0.568216  0.474219  0.327902  0.391868  0.375719  0.482939  0.365275  0.456678  0.397850  0.329856  0.668631  0.583050  0.479842  0.398570  0.479859  0.448696  0.506393  0.391876  0.467441  0.543134  0.535370  0.437693  0.466332  0.605139  0.373931  0.287226  0.288181  0.511342  0.450657  0.541958  0.348354  0.486783  0.357349  0.498297  0.411192  0.456945  0.376144  0.489490  0.535224  0.280972  0.585634 0.0  0.469961  0.459332  0.498029  0.289242  0.374018  0.435986  0.533740  0.263017  0.545038 
52  0.425832  0.404010  0.523847  0.613232  0.507404  0.464879  0.538337  0.393455  0.433509  0.456229  0.481757  0.144324  0.271556  0.349169  0.485141  0.481923  0.549796  0.246878  0.597301  0.476565  0.684340  0.527121  0.546362  0.467216  0.436303  0.432119  0.564038  0.494930  0.487793  0.578415  0.632302  0.164764  0.490237  0.645853  0.584704  0.447271  0.458190  0.530815  0.526624  0.432889  0.375437  0.432248  0.411190  0.545833  0.480697  0.601735  0.518162  0.417342  0.597744  0.388278  0.663892  0.469961 0.0  0.559789  0.423240  0.412190  0.467442  0.450074  0.515633  0.426040  0.692989 
53  0.438532  0.600662  0.454075  0.657195  0.493737  0.548535  0.509156  0.478184  0.430838  0.448931  0.313997  0.560257  0.428468  0.469076  0.521477  0.552001  0.716169  0.534146  0.529806  0.412478  0.721560  0.504778  0.264141  0.687566  0.379096  0.322652  0.625336  0.590790  0.530708  0.681752  0.570711  0.609536  0.572369  0.544775  0.480349  0.556387  0.397962  0.539285  0.151269  0.426779  0.427793  0.541562  0.467030  0.606155  0.493423  0.559543  0.516678  0.725951  0.584799  0.393719  0.434695  0.459332  0.559789 0.0  0.626500  0.566038  0.520806  0.613570  0.525653  0.428245  0.505978 
54  0.515048  0.404247  0.521102  0.497323  0.405737  0.395049  0.541258  0.491377  0.572953  0.505820  0.570669  0.389109  0.500830  0.546328  0.598081  0.439798  0.279083  0.396913  0.697885  0.490639  0.429515  0.423802  0.466800  0.395977  0.479330  0.465951  0.353217  0.476714  0.497939  0.418626  0.408578  0.520160  0.395656  0.572217  0.418016  0.491269  0.607114  0.419375  0.544645  0.367101  0.528063  0.519573  0.506004  0.424826  0.528579  0.524845  0.538664  0.416309  0.559724  0.578442  0.507440  0.498029  0.423240  0.626500 0.0  0.474973  0.408626  0.421297  0.453673  0.571519  0.523502 
55  0.240118  0.501914  0.498575  0.453136  0.322292  0.519320  0.543320  0.327955  0.390086  0.538560  0.455067  0.346539  0.289094  0.358083  0.542950  0.417247  0.285581  0.376391  0.508827  0.367223  0.675280  0.520053  0.593118  0.405483  0.363533  0.321051  0.423223  0.325101  0.521282  0.594955  0.507702  0.401876  0.379452  0.551218  0.366127  0.196442  0.343891  0.605161  0.494743  0.399617  0.330725  0.495057  0.189260  0.411323  0.273785  0.486702  0.284136  0.438973  0.471737  0.403671  0.565533  0.289242  0.412190  0.566038  0.474973 0.0  0.337168  0.408759  0.481696  0.319657  0.599724 
56  0.487307  0.552243  0.571017  0.495288  0.264450  0.457942  0.495763  0.452756  0.363911  0.621417  0.515545  0.511764  0.489172  0.525478  0.686876  0.326340  0.231796  0.555871  0.551949  0.405819  0.482362  0.443555  0.562852  0.404839  0.527403  0.415527  0.494132  0.471992  0.550987  0.503381  0.448555  0.591017  0.324969  0.604589  0.241873  0.426160  0.459282  0.441552  0.483613  0.486819  0.580691  0.629659  0.451898  0.349804  0.408463  0.522750  0.390184  0.304435  0.590080  0.449832  0.544463  0.374018  0.467442  0.520806  0.408626  0.337168 0.0  0.404674  0.594267  0.525413  0.487979 
57  0.436417  0.436083  0.425048  0.504761  0.286433  0.554835  0.722900  0.449643  0.438096  0.510653  0.475116  0.424897  0.453006  0.539730  0.510775  0.342165  0.313187  0.430166  0.624258  0.419829  0.568344  0.506862  0.672904  0.391762  0.425036  0.482006  0.498894  0.462408  0.557941  0.566494  0.483571  0.468334  0.314145  0.612091  0.355562  0.403587  0.483464  0.542379  0.567174  0.351300  0.459769  0.481398  0.425791  0.396337  0.515782  0.513556  0.426300  0.254078  0.545759  0.445065  0.566747  0.435986  0.450074  0.613570  0.421297  0.408759  0.404674 0.0  0.663023  0.520299  0.586660 
58  0.670604  0.585026  0.542736  0.488347  0.588340  0.611739  0.602234  0.551235  0.544523  0.575378  0.579207  0.581672  0.482308  0.650369  0.509065  0.540535  0.591191  0.511154  0.581703  0.530259  0.597762  0.535345  0.625593  0.490027  0.666570  0.679453  0.472984  0.574411  0.518596  0.537923  0.523662  0.540337  0.550807  0.588314  0.622876  0.618391  0.595936  0.679844  0.486542  0.639827  0.548898  0.457922  0.647032  0.439495  0.738569  0.543797  0.560792  0.642588  0.538106  0.489365  0.530206  0.533740  0.515633  0.525653  0.453673  0.481696  0.594267  0.663023 0.0  0.621153  0.539966 
59  0.272046  0.635133  0.705308  0.561960  0.462623  0.503584  0.325878  0.316565  0.145787  0.492033  0.592447  0.481462  0.294525  0.322578  0.294763  0.613081  0.496016  0.478595  0.263035  0.293360  0.815118  0.670939  0.437179  0.487956  0.426040  0.499378  0.698154  0.448225  0.560765  0.544339  0.716162  0.541247  0.525237  0.584184  0.465982  0.279741  0.240137  0.650410  0.446537  0.540406  0.336934  0.518673  0.382482  0.613499  0.398432  0.599019  0.466669  0.634409  0.576693  0.266741  0.611063  0.263017  0.426040  0.428245  0.571519  0.319657  0.525413  0.520299  0.621153 0.0  0.605919 
60  0.465965  0.475023  0.361134  0.604655  0.460707  0.557384  0.723594  0.549010  0.571132  0.484087  0.418590  0.555952  0.529778  0.650907  0.474891  0.488392  0.564506  0.607972  0.677608  0.505166  0.487803  0.542596  0.416649  0.507512  0.486099  0.479644  0.661190  0.646317  0.539829  0.563733  0.451037  0.757608  0.463770  0.460408  0.597872  0.579810  0.595551  0.449649  0.416690  0.317351  0.501233  0.518584  0.553235  0.472400  0.644653  0.497332  0.604364  0.529105  0.509554  0.537952  0.480261  0.545038  0.692989  0.505978  0.523502  0.599724  0.487979  0.586660  0.539966  0.605919 0.0 
