61
0 0.0  0.473820  0.691527  0.614243  0.509116  0.581517  0.430116  0.329548  0.266540  0.494673  0.603556  0.387477  0.374847  0.376012  0.578660  0.532634  0.380712  0.331712  0.284757  0.275449  0.994858  0.814995  0.524493  0.567871  0.536216  0.484386  0.653109  0.529037  0.541363  0.793297  0.713678  0.428395  0.521635  0.686951  0.413362  0.338401  0.274504  0.689539  0.491448  0.504325  0.334486  0.615442  0.442074  0.667139  0.333842  0.613374  0.344985  0.567729  0.646607  0.401921  0.658208  0.302782  0.585126  0.575652  0.662113  0.352583  0.522704  0.467477  0.680920  0.377667  0.677436 
1  0.473820 0.0  0.540647  0.768003  0.471257  0.552426  0.749711  0.559668  0.774062  0.613539  0.506837  0.568963  0.686372  0.758519  0.818589  0.502643  0.518745  0.582939  0.956640  0.650097  0.728455  0.556147  0.654843  0.456940  0.628152  0.631880  0.581676  0.735505  0.504020  0.655793  0.646881  0.676570  0.480061  0.680260  0.579147  0.656690  0.665744  0.639604  0.728283  0.478732  0.476796  0.698303  0.689704  0.477137  0.633475  0.581392  0.667420  0.537681  0.474340  0.613116  0.620743  0.616332  0.545784  0.792371  0.430032  0.585934  0.561465  0.446131  0.807079  0.792781  0.513302 
2  0.691527  0.540647 0.0  0.742735  0.570170  0.527457  0.822072  0.682453  0.748958  0.838537  0.539299  0.662778  0.735537  0.829432  0.851263  0.664468  0.668622  0.669947  0.841841  0.645426  0.639444  0.671962  0.536838  0.650537  0.555845  0.443925  0.583098  0.638390  0.628930  0.562789  0.565984  0.760904  0.574136  0.611434  0.561580  0.690111  0.727350  0.504671  0.525063  0.255530  0.808342  0.733427  0.829872  0.449997  0.676031  0.664455  0.611596  0.497999  0.604679  0.608121  0.442033  0.678720  0.737905  0.534693  0.598396  0.732793  0.543682  0.452684  0.632590  0.780116  0.538387 
3  0.614243  0.768003  0.742735 0.0  0.654419  0.683486  0.817583  0.709898  0.745484  0.584949  0.593343  0.619701  0.667510  0.555090  0.774599  0.653332  0.585221  0.555293  0.745855  0.848724  0.732058  0.640643  0.877197  0.740138  0.634837  0.738513  0.475668  0.724118  0.672736  0.549473  0.542272  0.644828  0.673007  0.741475  0.746098  0.628863  0.787831  0.710334  0.675524  0.748021  0.633825  0.576398  0.758419  0.635665  0.658983  0.712167  0.634260  0.673704  0.723212  0.683737  0.712550  0.789527  0.656536  0.732150  0.675509  0.671187  0.723130  0.667811  0.627805  0.700046  0.675455 
4  0.509116  0.471257  0.570170  0.654419 0.0  0.486801  0.675050  0.478758  0.420237  0.712753  0.456619  0.496625  0.518302  0.594400  0.625272  0.461661  0.236459  0.452784  0.506584  0.635617  0.537197  0.455195  0.686526  0.419857  0.471157  0.557468  0.603137  0.474344  0.592094  0.474928  0.406301  0.667862  0.285106  0.553895  0.229687  0.430773  0.472219  0.546073  0.665643  0.474677  0.592483  0.649471  0.443323  0.490033  0.451542  0.574029  0.443060  0.422564  0.591243  0.664151  0.666726  0.390217  0.635654  0.705046  0.488931  0.406840  0.356838  0.314114  0.672107  0.687941  0.613261 
5  0.581517  0.552426  0.527457  0.683486  0.486801 0.0  0.730824  0.630479  0.715301  0.619344  0.442742  0.526361  0.643420  0.588636  0.776738  0.646785  0.631442  0.560593  0.621685  0.732137  0.464112  0.604161  0.699524  0.561937  0.538084  0.442383  0.485048  0.740636  0.630317  0.484075  0.512699  0.601068  0.453632  0.640232  0.595362  0.567773  0.601401  0.763969  0.579195  0.518075  0.647929  0.657347  0.669504  0.545834  0.636498  0.747434  0.673414  0.570789  0.733098  0.650532  0.594513  0.691526  0.506436  0.676028  0.560111  0.535019  0.505209  0.525999  0.576707  0.676045  0.611771 
6  0.430116  0.749711  0.822072  0.817583  0.675050  0.730824 0.0  0.584537  0.385486  0.525742  0.792158  0.600609  0.674175  0.336158  0.625956  0.803710  0.750121  0.658701  0.565743  0.509362  0.880896  0.814477  0.674332  0.772099  0.646914  0.600397  0.782340  0.676434  0.664505  0.821759  0.764324  0.624175  0.826067  0.889097  0.625924  0.510870  0.433333  0.856960  0.589586  0.954085  0.581768  0.531852  0.681629  0.770508  0.733457  0.875257  0.687603  0.876664  0.661983  0.481906  0.715410  0.454034  0.556454  0.558983  0.639399  0.604321  0.695204  0.718701  0.612424  0.298468  0.835928 
7  0.329548  0.559668  0.682453  0.709898  0.478758  0.630479  0.584537 0.0  0.390786  0.591048  0.547675  0.552888  0.199882  0.365430  0.657524  0.543459  0.567511  0.650402  0.552377  0.269898  0.841003  0.802979  0.592040  0.577479  0.525910  0.585569  0.717688  0.240709  0.636928  0.759060  0.724074  0.535688  0.378693  0.747127  0.404889  0.463146  0.336535  0.809509  0.651667  0.678166  0.393007  0.576643  0.274509  0.694593  0.403748  0.666090  0.294381  0.695138  0.703890  0.360127  0.586050  0.427007  0.440745  0.553782  0.522404  0.251831  0.451698  0.530503  0.664169  0.426525  0.719814 
8  0.266540  0.774062  0.748958  0.745484  0.420237  0.715301  0.385486  0.390786 0.0  0.543379  0.657932  0.611996  0.453795  0.348414  0.284122  0.617643  0.491268  0.645151  0.327551  0.263559  0.833761  0.814907  0.443914  0.560406  0.674280  0.590631  0.717768  0.530191  0.650755  0.742586  0.778830  0.535104  0.564247  0.820457  0.449591  0.481414  0.258043  0.770536  0.522960  0.617100  0.425639  0.521908  0.463169  0.654384  0.646493  0.714424  0.575451  0.635800  0.713753  0.339803  0.632913  0.371353  0.677785  0.477680  0.606774  0.428719  0.522297  0.536824  0.607314  0.208028  0.749133 
9  0.494673  0.613539  0.838537  0.584949  0.712753  0.619344  0.525742  0.591048  0.543379 0.0  0.596924  0.477962  0.648307  0.312262  0.445544  0.588546  0.772777  0.494716  0.536930  0.448680  0.861354  0.754696  0.525521  0.699812  0.819278  0.709922  0.616740  0.661152  0.649763  0.768182  0.760407  0.434996  0.725257  0.827781  0.738121  0.560096  0.599597  0.753320  0.636640  0.794313  0.450088  0.475910  0.563912  0.608602  0.556904  0.546324  0.682785  0.663675  0.696143  0.393026  0.757599  0.579115  0.579734  0.574610  0.725928  0.659332  0.771334  0.634650  0.713010  0.605912  0.682786 
10  0.603556  0.506837  0.539299  0.593343  0.456619  0.442742  0.792158  0.547675  0.657932  0.596924 0.0  0.626674  0.518847  0.859892  0.635623  0.640273  0.578095  0.601710  0.766068  0.603002  0.708912  0.686026  0.374845  0.767233  0.437312  0.380138  0.737074  0.744783  0.512933  0.673926  0.658280  0.616423  0.648290  0.751509  0.619005  0.620064  0.796724  0.613802  0.433110  0.412092  0.625508  0.653129  0.485715  0.623326  0.418263  0.588870  0.580740  0.721985  0.688712  0.572509  0.502293  0.694133  0.688707  0.416462  0.678067  0.474949  0.702369  0.541615  0.660352  0.801319  0.466768 
11  0.387477  0.568963  0.662778  0.619701  0.496625  0.526361  0.600609  0.552888  0.611996  0.477962  0.626674 0.0  0.408412  0.401405  0.615808  0.563410  0.557927  0.130445  0.685937  0.554339  0.690456  0.612579  0.683470  0.595561  0.481194  0.655768  0.605361  0.461028  0.701433  0.706668  0.537289  0.201011  0.414005  0.693784  0.625421  0.436350  0.718769  0.772498  0.782171  0.587178  0.443999  0.668146  0.523820  0.597772  0.519914  0.805222  0.624873  0.499835  0.603024  0.469605  0.719259  0.527808  0.197629  0.703567  0.478442  0.547660  0.555802  0.488673  0.665263  0.683506  0.744140 
12  0.374847  0.686372  0.735537  0.667510  0.518302  0.643420  0.674175  0.199882  0.453795  0.648307  0.518847  0.408412 0.0  0.463471  0.481419  0.353786  0.602032  0.483153  0.511610  0.203980  0.753852  0.755137  0.754005  0.623036  0.627249  0.573105  0.762952  0.207598  0.618339  0.799345  0.652086  0.272421  0.565295  0.851705  0.602747  0.330318  0.400676  0.838656  0.694091  0.619886  0.404487  0.474572  0.417752  0.634842  0.434286  0.748106  0.410492  0.610935  0.641986  0.302651  0.605840  0.362398  0.340582  0.662522  0.587702  0.363839  0.522727  0.505652  0.687932  0.469962  0.744562 
13  0.376012  0.758519  0.829432  0.555090  0.594400  0.588636  0.336158  0.365430  0.348414  0.312262  0.859892  0.401405  0.463471 0.0  0.526366  0.598845  0.499165  0.535730  0.485795  0.477257  0.783300  0.726074  0.650792  0.684063  0.589727  0.697513  0.825868  0.608713  0.666310  0.785047  0.593809  0.338097  0.573729  0.777190  0.582703  0.387864  0.436536  0.787424  0.601937  0.695990  0.478665  0.401931  0.575892  0.742095  0.619144  0.715241  0.535457  0.590411  0.721487  0.278376  0.659476  0.475829  0.489637  0.519092  0.625497  0.503183  0.729219  0.652250  0.636462  0.394508  0.795277 
14  0.578660  0.818589  0.851263  0.774599  0.625272  0.776738  0.625956  0.657524  0.284122  0.445544  0.635623  0.615808  0.481419  0.526366 0.0  0.685989  0.716722  0.620832  0.248072  0.527568  0.867702  0.737579  0.723725  0.699572  0.663171  0.770887  0.921004  0.544338  0.846752  1.000000  0.916915  0.666841  0.696707  0.921253  0.807037  0.635553  0.512563  0.864664  0.596367  0.779806  0.496103  0.573321  0.613937  0.779860  0.690850  0.526584  0.636794  0.798723  0.784282  0.519270  0.797724  0.603856  0.701125  0.600521  0.898024  0.590028  0.822092  0.564435  0.692002  0.293177  0.703934 
15  0.532634  0.502643  0.664468  0.653332  0.461661  0.646785  0.803710  0.543459  0.617643  0.588546  0.640273  0.563410  0.353786  0.598845  0.685989 0.0  0.325212  0.554144  0.674731  0.223778  0.645612  0.596323  0.735381  0.536153  0.680645  0.670894  0.547722  0.522069  0.658809  0.591629  0.687037  0.707265  0.431305  0.778373  0.362933  0.473420  0.632852  0.548268  0.773510  0.534392  0.574101  0.657205  0.495542  0.563266  0.524617  0.444088  0.588231  0.362687  0.687120  0.505849  0.642297  0.580633  0.487649  0.768930  0.444145  0.423673  0.419858  0.359902  0.718294  0.504306  0.575150 
16  0.380712  0.518745  0.668622  0.585221  0.236459  0.631442  0.750121  0.567511  0.491268  0.772777  0.578095  0.557927  0.602032  0.499165  0.716722  0.325212 0.0  0.553466  0.722015  0.709756  0.682454  0.584298  0.849540  0.371950  0.622784  0.540614  0.517251  0.570560  0.508827  0.525845  0.536370  0.619044  0.307199  0.428675  0.209610  0.425472  0.553355  0.594156  0.765347  0.437556  0.579999  0.739381  0.504880  0.560563  0.446118  0.661832  0.344349  0.293909  0.585068  0.524083  0.614602  0.426591  0.567790  0.666042  0.467298  0.358569  0.294400  0.472679  0.739195  0.610623  0.653243 
17  0.331712  0.582939  0.669947  0.555293  0.452784  0.560593  0.658701  0.650402  0.645151  0.494716  0.601710  0.130445  0.483153  0.535730  0.620832  0.554144  0.553466 0.0  0.675970  0.561388  0.754406  0.808952  0.763265  0.494893  0.543156  0.618388  0.679100  0.576605  0.655381  0.537813  0.675791  0.304178  0.448829  0.662985  0.561296  0.489844  0.527790  0.736141  0.664131  0.612549  0.459588  0.612404  0.442282  0.547049  0.583657  0.679146  0.543589  0.600301  0.618569  0.515778  0.727151  0.654663  0.351007  0.674069  0.614325  0.360911  0.733567  0.371151  0.658402  0.564889  0.679954 
18  0.284757  0.956640  0.841841  0.745855  0.506584  0.621685  0.565743  0.552377  0.327551  0.536930  0.766068  0.685937  0.511610  0.485795  0.248072  0.674731  0.722015  0.675970 0.0  0.467744  0.872459  0.729111  0.607441  0.691410  0.630563  0.754397  0.802796  0.619839  0.726257  0.873053  0.841319  0.745801  0.624568  0.885421  0.810994  0.490344  0.347895  0.868116  0.690335  0.770415  0.524769  0.601849  0.591382  0.916427  0.551631  0.617023  0.569305  0.760336  0.771698  0.425975  0.654463  0.347552  0.734784  0.516960  0.876383  0.521869  0.753551  0.644176  0.740407  0.295056  0.768910 
19  0.275449  0.650097  0.645426  0.848724  0.635617  0.732137  0.509362  0.269898  0.263559  0.448680  0.603002  0.554339  0.203980  0.477257  0.527568  0.223778  0.709756  0.561388  0.467744 0.0  0.850551  0.833984  0.482973  0.597312  0.674447  0.657341  0.814301  0.536900  0.740744  0.831423  0.694357  0.583726  0.584397  0.758196  0.456371  0.582451  0.274107  0.771234  0.484010  0.473554  0.137600  0.586493  0.458506  0.744590  0.482036  0.557920  0.454968  0.603166  0.682271  0.089675  0.622672  0.505421  0.601367  0.408254  0.548069  0.438039  0.600931  0.532802  0.694637  0.440878  0.580207 
20  0.994858  0.728455  0.639444  0.732058  0.537197  0.464112  0.880896  0.841003  0.833761  0.861354  0.708912  0.690456  0.753852  0.783300  0.867702  0.645612  0.682454  0.754406  0.872459  0.850551 0.0  0.645093  0.779805  0.597790  0.711653  0.713949  0.533203  0.817463  0.628465  0.510648  0.344659  0.784756  0.642470  0.512543  0.544794  0.704611  0.790226  0.663240  0.755452  0.534095  0.899631  0.764140  0.918216  0.518754  0.796070  0.758144  0.730845  0.676232  0.724928  0.843146  0.677789  0.793356  0.687470  0.735515  0.498101  0.733999  0.631836  0.548909  0.613975  0.906781  0.695235 
21  0.814995  0.556147  0.671962  0.640643  0.455195  0.604161  0.814477  0.802979  0.814907  0.754696  0.686026  0.612579  0.755137  0.726074  0.737579  0.596323  0.584298  0.808952  0.729111  0.833984  0.645093 0.0  0.804132  0.498671  0.616451  0.631272  0.449007  0.620849  0.553578  0.660214  0.604301  0.651256  0.586140  0.666540  0.567127  0.693728  0.653017  0.585786  0.754337  0.541614  0.640654  0.622289  0.610400  0.510891  0.711200  0.620308  0.724703  0.566495  0.626201  0.796658  0.616513  0.683392  0.640600  0.772946  0.568406  0.725667  0.663859  0.569874  0.593041  0.742027  0.655168 
22  0.524493  0.654843  0.536838  0.877197  0.686526  0.699524  0.674332  0.592040  0.443914  0.525521  0.374845  0.683470  0.754005  0.650792  0.723725  0.735381  0.849540  0.763265  0.607441  0.482973  0.779805  0.804132 0.0  0.665886  0.518803  0.436226  0.884991  0.895641  0.636137  0.884653  0.675956  0.864313  0.806677  0.703335  0.585925  0.739886  0.603541  0.855376  0.271396  0.553798  0.552317  0.666384  0.608971  0.703103  0.797540  0.613141  0.615699  0.804802  0.618238  0.518532  0.495294  0.617812  0.703781  0.346039  0.701906  0.762480  0.687374  0.849885  0.729206  0.726614  0.481043 
23  0.567871  0.456940  0.650537  0.740138  0.419857  0.561937  0.772099  0.577479  0.560406  0.699812  0.767233  0.595561  0.623036  0.684063  0.699572  0.536153  0.371950  0.494893  0.691410  0.597312  0.597790  0.498671  0.665886 0.0  0.607535  0.640363  0.516927  0.600967  0.571040  0.637221  0.548705  0.655283  0.266010  0.578340  0.148073  0.513720  0.468934  0.582885  0.617005  0.572760  0.684413  0.579737  0.452052  0.376028  0.597932  0.523247  0.485172  0.335030  0.596377  0.620100  0.689400  0.507975  0.561075  0.723402  0.544913  0.433422  0.412372  0.454162  0.709842  0.595181  0.704195 
24  0.536216  0.628152  0.555845  0.634837  0.471157  0.538084  0.646914  0.525910  0.674280  0.819278  0.437312  0.481194  0.627249  0.589727  0.663171  0.680645  0.622784  0.543156  0.630563  0.674447  0.711653  0.616451  0.518803  0.607535 0.0  0.330795  0.785784  0.688903  0.584842  0.732109  0.618664  0.622384  0.577333  0.633532  0.553347  0.509400  0.638829  0.757295  0.470436  0.387096  0.560223  0.704988  0.349057  0.498870  0.528790  0.793852  0.608355  0.708602  0.684521  0.664516  0.430270  0.594456  0.524702  0.457902  0.523421  0.412407  0.538179  0.517336  0.694258  0.603399  0.604574 
25  0.484386  0.631880  0.443925  0.738513  0.557468  0.442383  0.600397  0.585569  0.590631  0.709922  0.380138  0.655768  0.573105  0.697513  0.770887  0.670894  0.540614  0.618388  0.754397  0.657341  0.713949  0.631272  0.436226  0.640363  0.330795 0.0  0.651429  0.716142  0.624488  0.662145  0.516631  0.712969  0.536530  0.634725  0.420245  0.446214  0.538347  0.677350  0.459049  0.315771  0.528483  0.611480  0.502540  0.588345  0.646890  0.828894  0.511509  0.653238  0.572817  0.658173  0.418807  0.501004  0.518937  0.395249  0.526295  0.479486  0.554639  0.669472  0.681310  0.516146  0.571259 
26  0.653109  0.581676  0.583098  0.475668  0.603137  0.485048  0.782340  0.717688  0.717768  0.616740  0.737074  0.605361  0.762952  0.825868  0.921004  0.547722  0.517251  0.679100  0.802796  0.814301  0.533203  0.449007  0.884991  0.516927  0.785784  0.651429 0.0  0.628219  0.603606  0.220556  0.411624  0.679595  0.538851  0.671089  0.475143  0.592019  0.685941  0.639579  0.817293  0.556282  0.800923  0.515964  0.699421  0.453263  0.613805  0.814137  0.639283  0.446799  0.566604  0.914680  0.652865  0.688682  0.577078  0.876233  0.469651  0.635932  0.490964  0.592708  0.515435  0.759197  0.815894 
27  0.529037  0.735505  0.638390  0.724118  0.474344  0.740636  0.676434  0.240709  0.530191  0.661152  0.744783  0.461028  0.207598  0.608713  0.544338  0.522069  0.570560  0.576605  0.619839  0.536900  0.817463  0.620849  0.895641  0.600967  0.688903  0.716142  0.628219 0.0  0.685746  0.648876  0.604044  0.486979  0.627715  0.650756  0.399795  0.468664  0.447388  0.657133  0.606811  0.734067  0.540269  0.734992  0.516817  0.551620  0.433707  0.569653  0.419917  0.526708  0.643454  0.469982  0.737434  0.457701  0.605652  0.708210  0.683678  0.405377  0.494170  0.492508  0.626546  0.595722  0.706220 
28  0.541363  0.504020  0.628930  0.672736  0.592094  0.630317  0.664505  0.636928  0.650755  0.649763  0.512933  0.701433  0.618339  0.666310  0.846752  0.658809  0.508827  0.655381  0.726257  0.740744  0.628465  0.553578  0.636137  0.571040  0.584842  0.624488  0.603606  0.685746 0.0  0.616497  0.599126  0.514384  0.658860  0.747191  0.686962  0.580562  0.692493  0.585548  0.692097  0.676829  0.713010  0.647707  0.671564  0.618644  0.687675  0.670558  0.612690  0.625427  0.619181  0.646228  0.638063  0.538379  0.680138  0.648166  0.681370  0.658338  0.650476  0.626383  0.613281  0.543417  0.742248 
29  0.793297  0.655793  0.562789  0.549473  0.474928  0.484075  0.821759  0.759060  0.742586  0.768182  0.673926  0.706668  0.799345  0.785047  1.000000  0.591629  0.525845  0.537813  0.873053  0.831423  0.510648  0.660214  0.884653  0.637221  0.732109  0.662145  0.220556  0.648876  0.616497 0.0  0.476884  0.728153  0.485792  0.611582  0.601471  0.658030  0.866263  0.611362  0.828745  0.510917  0.979764  0.565342  0.651507  0.414433  0.563413  0.747007  0.588171  0.536765  0.594806  0.761863  0.830390  0.566242  0.741758  0.867562  0.492889  0.673775  0.553815  0.643648  0.501632  0.831178  0.670688 
30  0.713678  0.646881  0.565984  0.542272  0.406301  0.512699  0.764324  0.724074  0.778830  0.760407  0.658280  0.537289  0.652086  0.593809  0.916915  0.687037  0.536370  0.675791  0.841319  0.694357  0.344659  0.604301  0.675956  0.548705  0.618664  0.516631  0.411624  0.604044  0.599126  0.476884 0.0  0.654502  0.576911  0.460225  0.465990  0.649005  0.623007  0.634700  0.632612  0.443357  0.749725  0.678464  0.647962  0.543262  0.794375  0.662387  0.620355  0.588059  0.558048  0.883956  0.584165  0.728680  0.669934  0.717822  0.466856  0.666642  0.536244  0.633333  0.657219  0.797714  0.597731 
31  0.428395  0.676570  0.760904  0.644828  0.667862  0.601068  0.624175  0.535688  0.535104  0.434996  0.616423  0.201011  0.272421  0.338097  0.666841  0.707265  0.619044  0.304178  0.745801  0.583726  0.784756  0.651256  0.864313  0.655283  0.622384  0.712969  0.679595  0.486979  0.514384  0.728153  0.654502 0.0  0.464708  0.736659  0.616980  0.427227  0.624243  0.877375  0.697368  0.634448  0.437757  0.655152  0.454048  0.615067  0.588474  0.634260  0.409914  0.583973  0.696486  0.453450  0.473570  0.497791  0.227688  0.613030  0.635088  0.574090  0.638072  0.589068  0.689379  0.592693  0.681093 
32  0.521635  0.480061  0.574136  0.673007  0.285106  0.453632  0.826067  0.378693  0.564247  0.725257  0.648290  0.414005  0.565295  0.573729  0.696707  0.431305  0.307199  0.448829  0.624568  0.584397  0.642470  0.586140  0.806677  0.266010  0.577333  0.536530  0.538851  0.627715  0.658860  0.485792  0.576911  0.464708 0.0  0.650500  0.322032  0.431137  0.482361  0.452883  0.658972  0.473172  0.527243  0.715244  0.546873  0.415379  0.511396  0.541350  0.547240  0.374248  0.668843  0.491694  0.613899  0.553545  0.633231  0.739644  0.368129  0.504142  0.601572  0.377913  0.683880  0.618471  0.609874 
33  0.686951  0.680260  0.611434  0.741475  0.553895  0.640232  0.889097  0.747127  0.820457  0.827781  0.751509  0.693784  0.851705  0.777190  0.921253  0.778373  0.428675  0.662985  0.885421  0.758196  0.512543  0.666540  0.703335  0.578340  0.633532  0.634725  0.671089  0.650756  0.747191  0.611582  0.460225  0.736659  0.650500 0.0  0.636708  0.717501  0.690363  0.862590  0.622149  0.657796  0.653908  0.735701  0.801731  0.392443  0.727068  0.717597  0.679031  0.754394  0.606392  0.874495  0.665713  0.627692  0.830539  0.707106  0.552115  0.657867  0.659808  0.748577  0.691236  0.813784  0.673646 
34  0.413362  0.579147  0.561580  0.746098  0.229687  0.595362  0.625924  0.404889  0.449591  0.738121  0.619005  0.625421  0.602747  0.582703  0.807037  0.362933  0.209610  0.561296  0.810994  0.456371  0.544794  0.567127  0.585925  0.148073  0.553347  0.420245  0.475143  0.399795  0.686962  0.601471  0.465990  0.616980  0.322032  0.636708 0.0  0.425564  0.516422  0.629196  0.745458  0.523544  0.684183  0.734394  0.401905  0.533276  0.466214  0.533459  0.519736  0.376927  0.595468  0.451833  0.667020  0.382427  0.635616  0.728173  0.449906  0.468323  0.276267  0.429012  0.787895  0.563743  0.587729 
35  0.338401  0.656690  0.690111  0.628863  0.430773  0.567773  0.510870  0.463146  0.481414  0.560096  0.620064  0.436350  0.330318  0.387864  0.635553  0.473420  0.425472  0.489844  0.490344  0.582451  0.704611  0.693728  0.739886  0.513720  0.509400  0.446214  0.592019  0.468664  0.580562  0.658030  0.649005  0.427227  0.431137  0.717501  0.425564 0.0  0.430614  0.792392  0.591343  0.607257  0.310078  0.551490  0.269187  0.656765  0.450132  0.688547  0.427137  0.607545  0.653828  0.378902  0.677654  0.345248  0.588963  0.658302  0.670939  0.243905  0.476516  0.481729  0.607609  0.322485  0.738840 
36  0.274504  0.665744  0.727350  0.787831  0.472219  0.601401  0.433333  0.336535  0.258043  0.599597  0.796724  0.718769  0.400676  0.436536  0.512563  0.632852  0.553355  0.527790  0.347895  0.274107  0.790226  0.653017  0.603541  0.468934  0.638829  0.538347  0.685941  0.447388  0.692493  0.866263  0.623007  0.624243  0.482361  0.690363  0.516422  0.430614 0.0  0.735084  0.484930  0.740197  0.432633  0.469188  0.519691  0.655447  0.512083  0.750930  0.479661  0.672681  0.825762  0.246379  0.582038  0.265326  0.623384  0.633443  0.676303  0.501121  0.396285  0.547462  0.741512  0.250974  0.656679 
37  0.689539  0.639604  0.504671  0.710334  0.546073  0.763969  0.856960  0.809509  0.770536  0.753320  0.613802  0.772498  0.838656  0.787424  0.864664  0.548268  0.594156  0.736141  0.868116  0.771234  0.663240  0.585786  0.855376  0.582885  0.757295  0.677350  0.639579  0.657133  0.585548  0.611362  0.634700  0.877375  0.452883  0.862590  0.629196  0.792392  0.735084 0.0  0.696549  0.625962  0.988069  0.586622  0.756769  0.503345  0.837395  0.847990  0.720355  0.654182  0.670627  0.711924  0.695880  0.769160  0.773334  0.629321  0.496434  0.717069  0.577364  0.669374  0.685086  0.754310  0.614822 
38  0.491448  0.728283  0.525063  0.675524  0.665643  0.579195  0.589586  0.651667  0.522960  0.636640  0.433110  0.782171  0.694091  0.601937  0.596367  0.773510  0.765347  0.664131  0.690335  0.484010  0.755452  0.754337  0.271396  0.617005  0.470436  0.459049  0.817293  0.606811  0.692097  0.828745  0.632612  0.697368  0.658972  0.622149  0.745458  0.591343  0.484930  0.696549 0.0  0.496525  0.637381  0.535686  0.677043  0.633779  0.682325  0.769121  0.690642  0.825085  0.764662  0.451885  0.427574  0.633817  0.778170  0.106211  0.682298  0.497058  0.697117  0.615697  0.658784  0.615204  0.453912 
39  0.504325  0.478732  0.255530  0.748021  0.474677  0.518075  0.954085  0.678166  0.617100  0.794313  0.412092  0.587178  0.619886  0.695990  0.779806  0.534392  0.437556  0.612549  0.770415  0.473554  0.534095  0.541614  0.553798  0.572760  0.387096  0.315771  0.556282  0.734067  0.676829  0.510917  0.443357  0.634448  0.473172  0.657796  0.523544  0.607257  0.740197  0.625962  0.496525 0.0  0.621900  0.673028  0.523224  0.466251  0.609502  0.562869  0.613966  0.404575  0.669200  0.707698  0.394865  0.583909  0.556176  0.509045  0.370178  0.549458  0.517166  0.479388  0.632817  0.780643  0.394307 
40  0.334486  0.476796  0.808342  0.633825  0.592483  0.647929  0.581768  0.393007  0.425639  0.450088  0.625508  0.443999  0.404487  0.478665  0.496103  0.574101  0.579999  0.459588  0.524769  0.137600  0.899631  0.640654  0.552317  0.684413  0.560223  0.528483  0.800923  0.540269  0.713010  0.979764  0.749725  0.437757  0.527243  0.653908  0.684183  0.310078  0.432633  0.988069  0.637381  0.621900 0.0  0.532698  0.410173  0.708442  0.598684  0.578571  0.475300  0.590101  0.512541  0.324475  0.621873  0.304500  0.497565  0.678659  0.746846  0.510698  0.662468  0.582704  0.683479  0.408637  0.726277 
41  0.615442  0.698303  0.733427  0.576398  0.649471  0.657347  0.531852  0.576643  0.521908  0.475910  0.653129  0.668146  0.474572  0.401931  0.573321  0.657205  0.739381  0.612404  0.601849  0.586493  0.764140  0.622289  0.666384  0.579737  0.704988  0.611480  0.515964  0.734992  0.647707  0.565342  0.678464  0.655152  0.715244  0.735701  0.734394  0.551490  0.469188  0.586622  0.535686  0.673028  0.532698 0.0  0.465162  0.599745  0.609082  0.622029  0.677233  0.732291  0.729045  0.472395  0.753493  0.656268  0.539329  0.601636  0.703984  0.572557  0.508330  0.676690  0.521055  0.687264  0.651790 
42  0.442074  0.689704  0.829872  0.758419  0.443323  0.669504  0.681629  0.274509  0.463169  0.563912  0.485715  0.523820  0.417752  0.575892  0.613937  0.495542  0.504880  0.442282  0.591382  0.458506  0.918216  0.610400  0.608971  0.452052  0.349057  0.502540  0.699421  0.516817  0.671564  0.651507  0.647962  0.454048  0.546873  0.801731  0.401905  0.269187  0.519691  0.756769  0.677043  0.523224  0.410173  0.465162 0.0  0.617814  0.425302  0.639510  0.381075  0.579563  0.602196  0.422825  0.677309  0.432145  0.491146  0.527852  0.633017  0.216049  0.533052  0.579256  0.719712  0.533171  0.710308 
43  0.667139  0.477137  0.449997  0.635665  0.490033  0.545834  0.770508  0.694593  0.654384  0.608602  0.623326  0.597772  0.634842  0.742095  0.779860  0.563266  0.560563  0.547049  0.916427  0.744590  0.518754  0.510891  0.703103  0.376028  0.498870  0.588345  0.453263  0.551620  0.618644  0.414433  0.543262  0.615067  0.415379  0.392443  0.533276  0.656765  0.655447  0.503345  0.633779  0.466251  0.708442  0.599745  0.617814 0.0  0.550156  0.632303  0.629041  0.425833  0.544126  0.657698  0.698176  0.670345  0.560935  0.767012  0.588777  0.576919  0.521520  0.527027  0.695988  0.770892  0.591727 
44  0.333842  0.633475  0.676031  0.658983  0.451542  0.636498  0.733457  0.403748  0.646493  0.556904  0.418263  0.519914  0.434286  0.619144  0.690850  0.524617  0.446118  0.583657  0.551631  0.482036  0.796070  0.711200  0.797540  0.597932  0.528790  0.646890  0.613805  0.433707  0.687675  0.563413  0.794375  0.588474  0.511396  0.727068  0.466214  0.450132  0.512083  0.837395  0.682325  0.609502  0.598684  0.609082  0.425302  0.550156 0.0  0.606382  0.346887  0.556871  0.714957  0.501466  0.519034  0.415151  0.628880  0.597037  0.617552  0.373913  0.514420  0.630116  0.708317  0.607136  0.806274 
45  0.613374  0.581392  0.664455  0.712167  0.574029  0.747434  0.875257  0.666090  0.714424  0.546324  0.588870  0.805222  0.748106  0.715241  0.526584  0.444088  0.661832  0.679146  0.617023  0.557920  0.758144  0.620308  0.613141  0.523247  0.793852  0.828894  0.814137  0.569653  0.670558  0.747007  0.662387  0.634260  0.541350  0.717597  0.533459  0.688547  0.750930  0.847990  0.769121  0.562869  0.578571  0.622029  0.639510  0.632303  0.606382 0.0  0.612166  0.524697  0.655029  0.563091  0.821571  0.653522  0.755507  0.897893  0.643039  0.707424  0.635434  0.580939  0.680278  0.639456  0.729602 
46  0.344985  0.667420  0.611596  0.634260  0.443060  0.673414  0.687603  0.294381  0.575451  0.682785  0.580740  0.624873  0.410492  0.535457  0.636794  0.588231  0.344349  0.543589  0.569305  0.454968  0.730845  0.724703  0.615699  0.485172  0.608355  0.511509  0.639283  0.419917  0.612690  0.588171  0.620355  0.409914  0.547240  0.679031  0.519736  0.427137  0.479661  0.720355  0.690642  0.613966  0.475300  0.677233  0.381075  0.629041  0.346887  0.612166 0.0  0.586938  0.651111  0.473719  0.490566  0.472768  0.496214  0.742278  0.708688  0.341628  0.516951  0.587776  0.726217  0.589458  0.842239 
47  0.567729  0.537681  0.497999  0.673704  0.422564  0.570789  0.876664  0.695138  0.635800  0.663675  0.721985  0.499835  0.610935  0.590411  0.798723  0.362687  0.293909  0.600301  0.760336  0.603166  0.676232  0.566495  0.804802  0.335030  0.708602  0.653238  0.446799  0.526708  0.625427  0.536765  0.588059  0.583973  0.374248  0.754394  0.376927  0.607545  0.672681  0.654182  0.825085  0.404575  0.590101  0.732291  0.579563  0.425833  0.556871  0.524697  0.586938 0.0  0.542345  0.613567  0.697111  0.557673  0.603321  0.849298  0.459161  0.544684  0.336138  0.302581  0.657969  0.773735  0.523578 
48  0.646607  0.474340  0.604679  0.723212  0.591243  0.733098  0.661983  0.703890  0.713753  0.696143  0.688712  0.603024  0.641986  0.721487  0.784282  0.687120  0.585068  0.618569  0.771698  0.682271  0.724928  0.626201  0.618238  0.596377  0.684521  0.572817  0.566604  0.643454  0.619181  0.594806  0.558048  0.696486  0.668843  0.606392  0.595468  0.653828  0.825762  0.670627  0.764662  0.669200  0.512541  0.729045  0.602196  0.544126  0.714957  0.655029  0.651111  0.542345 0.0  0.777766  0.564707  0.502972  0.629058  0.860533  0.726219  0.538862  0.739425  0.672246  0.657419  0.775398  0.681586 
49  0.401921  0.613116  0.608121  0.683737  0.664151  0.650532  0.481906  0.360127  0.339803  0.393026  0.572509  0.469605  0.302651  0.278376  0.519270  0.505849  0.524083  0.515778  0.425975  0.089675  0.843146  0.796658  0.518532  0.620100  0.664516  0.658173  0.914680  0.469982  0.646228  0.761863  0.883956  0.453450  0.491694  0.874495  0.451833  0.378902  0.246379  0.711924  0.451885  0.707698  0.324475  0.472395  0.422825  0.657698  0.501466  0.563091  0.473719  0.613567  0.777766 0.0  0.558058  0.418641  0.556253  0.493514  0.802908  0.561766  0.625012  0.460156  0.700646  0.254714  0.673659 
50  0.658208  0.620743  0.442033  0.712550  0.666726  0.594513  0.715410  0.586050  0.632913  0.757599  0.502293  0.719259  0.605840  0.659476  0.797724  0.642297  0.614602  0.727151  0.654463  0.622672  0.677789  0.616513  0.495294  0.689400  0.430270  0.418807  0.652865  0.737434  0.638063  0.830390  0.584165  0.473570  0.613899  0.665713  0.667020  0.677654  0.582038  0.695880  0.427574  0.394865  0.621873  0.753493  0.677309  0.698176  0.519034  0.821571  0.490566  0.697111  0.564707  0.558058 0.0  0.773719  0.795467  0.514302  0.727659  0.554377  0.771853  0.749440  0.668359  0.596829  0.483488 
51  0.302782  0.616332  0.678720  0.789527  0.390217  0.691526  0.454034  0.427007  0.371353  0.579115  0.694133  0.527808  0.362398  0.475829  0.603856  0.580633  0.426591  0.654663  0.347552  0.505421  0.793356  0.683392  0.617812  0.507975  0.594456  0.501004  0.688682  0.457701  0.538379  0.566242  0.728680  0.497791  0.553545  0.627692  0.382427  0.345248  0.265326  0.769160  0.633817  0.583909  0.304500  0.656268  0.432145  0.670345  0.415151  0.653522  0.472768  0.557673  0.502972  0.418641  0.773719 0.0  0.642089  0.678002  0.530620  0.328045  0.433448  0.390362  0.757637  0.207039  0.660258 
52  0.585126  0.545784  0.737905  0.656536  0.635654  0.506436  0.556454  0.440745  0.677785  0.579734  0.688707  0.197629  0.340582  0.489637  0.701125  0.487649  0.567790  0.351007  0.734784  0.601367  0.687470  0.640600  0.703781  0.561075  0.524702  0.518937  0.577078  0.605652  0.680138  0.741758  0.669934  0.227688  0.633231  0.830539  0.635616  0.588963  0.623384  0.773334  0.778170  0.556176  0.497565  0.539329  0.491146  0.560935  0.628880  0.755507  0.496214  0.603321  0.629058  0.556253  0.795467  0.642089 0.0  0.741424  0.528239  0.445985  0.573592  0.389632  0.685638  0.550534  0.737299 
53  0.575652  0.792371  0.534693  0.732150  0.705046  0.676028  0.558983  0.553782  0.477680  0.574610  0.416462  0.703567  0.662522  0.519092  0.600521  0.768930  0.666042  0.674069  0.516960  0.408254  0.735515  0.772946  0.346039  0.723402  0.457902  0.395249  0.876233  0.708210  0.648166  0.867562  0.717822  0.613030  0.739644  0.707106  0.728173  0.658302  0.633443  0.629321  0.106211  0.509045  0.678659  0.601636  0.527852  0.767012  0.597037  0.897893  0.742278  0.849298  0.860533  0.493514  0.514302  0.678002  0.741424 0.0  0.643241  0.499740  0.693815  0.715338  0.769642  0.520504  0.512732 
54  0.662113  0.430032  0.598396  0.675509  0.488931  0.560111  0.639399  0.522404  0.606774  0.725928  0.678067  0.478442  0.587702  0.625497  0.898024  0.444145  0.467298  0.614325  0.876383  0.548069  0.498101  0.568406  0.701906  0.544913  0.523421  0.526295  0.469651  0.683678  0.681370  0.492889  0.466856  0.635088  0.368129  0.552115  0.449906  0.670939  0.676303  0.496434  0.682298  0.370178  0.746846  0.703984  0.633017  0.588777  0.617552  0.643039  0.708688  0.459161  0.726219  0.802908  0.727659  0.530620  0.528239  0.643241 0.0  0.613843  0.419233  0.506288  0.723243  0.702930  0.575247 
55  0.352583  0.585934  0.732793  0.671187  0.406840  0.535019  0.604321  0.251831  0.428719  0.659332  0.474949  0.547660  0.363839  0.503183  0.590028  0.423673  0.358569  0.360911  0.521869  0.438039  0.733999  0.725667  0.762480  0.433422  0.412407  0.479486  0.635932  0.405377  0.658338  0.673775  0.666642  0.574090  0.504142  0.657867  0.468323  0.243905  0.501121  0.717069  0.497058  0.549458  0.510698  0.572557  0.216049  0.576919  0.373913  0.707424  0.341628  0.544684  0.538862  0.561766  0.554377  0.328045  0.445985  0.499740  0.613843 0.0  0.333744  0.393550  0.713194  0.454782  0.665578 
56  0.522704  0.561465  0.543682  0.723130  0.356838  0.505209  0.695204  0.451698  0.522297  0.771334  0.702369  0.555802  0.522727  0.729219  0.822092  0.419858  0.294400  0.733567  0.753551  0.600931  0.631836  0.663859  0.687374  0.412372  0.538179  0.554639  0.490964  0.494170  0.650476  0.553815  0.536244  0.638072  0.601572  0.659808  0.276267  0.476516  0.396285  0.577364  0.697117  0.517166  0.662468  0.508330  0.533052  0.521520  0.514420  0.635434  0.516951  0.336138  0.739425  0.625012  0.771853  0.433448  0.573592  0.693815  0.419233  0.333744 0.0  0.544826  0.800678  0.551186  0.714241 
57  0.467477  0.446131  0.452684  0.667811  0.314114  0.525999  0.718701  0.530503  0.536824  0.634650  0.541615  0.488673  0.505652  0.652250  0.564435  0.359902  0.472679  0.371151  0.644176  0.532802  0.548909  0.569874  0.849885  0.454162  0.517336  0.669472  0.592708  0.492508  0.626383  0.643648  0.633333  0.589068  0.377913  0.748577  0.429012  0.481729  0.547462  0.669374  0.615697  0.479388  0.582704  0.676690  0.579256  0.527027  0.630116  0.580939  0.587776  0.302581  0.672246  0.460156  0.749440  0.390362  0.389632  0.715338  0.506288  0.393550  0.544826 0.0  0.709297  0.629433  0.610215 
58  0.680920  0.807079  0.632590  0.627805  0.672107  0.576707  0.612424  0.664169  0.607314  0.713010  0.660352  0.665263  0.687932  0.636462  0.692002  0.718294  0.739195  0.658402  0.740407  0.694637  0.613975  0.593041  0.729206  0.709842  0.694258  0.681310  0.515435  0.626546  0.613281  0.501632  0.657219  0.689379  0.683880  0.691236  0.787895  0.607609  0.741512  0.685086  0.658784  0.632817  0.683479  0.521055  0.719712  0.695988  0.708317  0.680278  0.726217  0.657969  0.657419  0.700646  0.668359  0.757637  0.685638  0.769642  0.723243  0.713194  0.800678  0.709297 0.0  0.571679  0.714569 
59  0.377667  0.792781  0.780116  0.700046  0.687941  0.676045  0.298468  0.426525  0.208028  0.605912  0.801319  0.683506  0.469962  0.394508  0.293177  0.504306  0.610623  0.564889  0.295056  0.440878  0.906781  0.742027  0.726614  0.595181  0.603399  0.516146  0.759197  0.595722  0.543417  0.831178  0.797714  0.592693  0.618471  0.813784  0.563743  0.322485  0.250974  0.754310  0.615204  0.780643  0.408637  0.687264  0.533171  0.770892  0.607136  0.639456  0.589458  0.773735  0.775398  0.254714  0.596829  0.207039  0.550534  0.520504  0.702930  0.454782  0.551186  0.629433  0.571679 0.0  0.770747 
60  0.677436  0.513302  0.538387  0.675455  0.613261  0.611771  0.835928  0.719814  0.749133  0.682786  0.466768  0.744140  0.744562  0.795277  0.703934  0.575150  0.653243  0.679954  0.768910  0.580207  0.695235  0.655168  0.481043  0.704195  0.604574  0.571259  0.815894  0.706220  0.742248  0.670688  0.597731  0.681093  0.609874  0.673646  0.587729  0.738840  0.656679  0.614822  0.453912  0.394307  0.726277  0.651790  0.710308  0.591727  0.806274  0.729602  0.842239  0.523578  0.681586  0.673659  0.483488  0.660258  0.737299  0.512732  0.575247  0.665578  0.714241  0.610215  0.714569  0.770747 0.0 
