61
0 0.0  0.515811  0.615785  0.648472  0.312266  0.493106  0.461555  0.355935  0.321589  0.463793  0.540562  0.440573  0.398564  0.402225  0.555348  0.504006  0.457634  0.372424  0.415596  0.293498  0.804919  0.676206  0.499394  0.462201  0.442959  0.451062  0.646564  0.433269  0.714978  0.654275  0.632738  0.489548  0.472640  0.555680  0.393260  0.271973  0.221261  0.674056  0.400515  0.548163  0.239705  0.513958  0.369925  0.597517  0.439207  0.636498  0.345774  0.546984  0.664172  0.307883  0.642907  0.295898  0.514606  0.493670  0.650002  0.283998  0.539502  0.446584  0.661512  0.255397  0.641366 
1  0.515811 0.0  0.451789  0.599664  0.437854  0.526770  0.762792  0.527283  0.738065  0.600982  0.430404  0.515011  0.629007  0.756457  0.761764  0.401246  0.438710  0.431895  0.819529  0.545001  0.745368  0.634654  0.572015  0.592640  0.596191  0.410073  0.588708  0.579938  0.563035  0.557834  0.525810  0.552832  0.547311  0.605138  0.489132  0.578177  0.665281  0.423387  0.770496  0.348303  0.531353  0.593062  0.539354  0.488254  0.611127  0.633506  0.487354  0.474432  0.497830  0.597471  0.597996  0.586918  0.587284  0.668657  0.443519  0.431654  0.488576  0.527715  0.679125  0.659835  0.518080 
2  0.615785  0.451789 0.0  0.614877  0.543447  0.541999  0.780984  0.721587  0.771152  0.659563  0.472859  0.714890  0.576273  0.798231  0.781460  0.575776  0.620909  0.609462  0.818809  0.682555  0.572405  0.534452  0.578223  0.692860  0.507219  0.457959  0.706937  0.706759  0.635100  0.674081  0.576226  0.561488  0.511714  0.502507  0.586255  0.683427  0.694790  0.533077  0.543504  0.371146  0.613642  0.684771  0.694059  0.455965  0.667427  0.671745  0.594247  0.444191  0.499228  0.638258  0.386315  0.574802  0.805563  0.625114  0.434378  0.651384  0.627064  0.565066  0.622257  0.828744  0.422092 
3  0.648472  0.599664  0.614877 0.0  0.674928  0.525026  0.674580  0.660343  0.655133  0.586775  0.555245  0.608422  0.586255  0.626630  0.558094  0.600563  0.662761  0.554331  0.669036  0.761445  0.648347  0.581320  0.785693  0.724122  0.741683  0.744070  0.491019  0.628250  0.657714  0.454425  0.690514  0.637355  0.546743  0.659305  0.605632  0.585393  0.596064  0.682512  0.753922  0.701258  0.626637  0.487064  0.536488  0.613457  0.587394  0.647306  0.592072  0.552080  0.634869  0.753203  0.746706  0.493254  0.517142  0.639565  0.487457  0.638645  0.685708  0.529909  0.553616  0.756516  0.559195 
4  0.312266  0.437854  0.543447  0.674928 0.0  0.520734  0.621805  0.475129  0.515154  0.651560  0.619806  0.435536  0.540208  0.541064  0.751233  0.410968  0.200940  0.568621  0.505907  0.491997  0.552356  0.576806  0.694221  0.350942  0.411847  0.458183  0.573055  0.488184  0.628548  0.599253  0.464440  0.576681  0.362052  0.507450  0.238181  0.375345  0.499993  0.511459  0.515658  0.472399  0.557359  0.740393  0.419741  0.437236  0.472759  0.539669  0.461336  0.434322  0.574237  0.467769  0.613124  0.417248  0.522113  0.619481  0.421786  0.336123  0.265180  0.383786  0.626798  0.554910  0.628808 
5  0.493106  0.526770  0.541999  0.525026  0.520734 0.0  0.605925  0.503445  0.593708  0.518216  0.553374  0.518302  0.476848  0.639062  0.574534  0.576042  0.455984  0.550054  0.623535  0.659103  0.543709  0.526732  0.610957  0.435328  0.516344  0.525210  0.538306  0.529242  0.702082  0.525111  0.500508  0.582248  0.513790  0.601154  0.479020  0.636617  0.648477  0.523052  0.609955  0.524551  0.698539  0.539374  0.578664  0.615852  0.542207  0.630153  0.503274  0.514307  0.602339  0.609995  0.560322  0.526249  0.558498  0.559644  0.596575  0.620869  0.517293  0.472143  0.626938  0.729509  0.623914 
6  0.461555  0.762792  0.780984  0.674580  0.621805  0.605925 0.0  0.569059  0.355657  0.559663  0.698826  0.676964  0.693888  0.342295  0.496909  0.665904  0.591965  0.625681  0.429611  0.478272  0.744540  0.771166  0.554397  0.790486  0.611758  0.498618  0.756781  0.583653  0.555293  0.836225  0.695968  0.661879  0.734930  0.742127  0.685717  0.481387  0.421558  0.697624  0.571652  0.791487  0.498825  0.528437  0.682938  0.776640  0.711379  0.732524  0.640752  0.675524  0.634047  0.494436  0.725085  0.374201  0.523983  0.557040  0.665589  0.559706  0.703183  0.687265  0.627933  0.304982  0.704452 
7  0.355935  0.527283  0.721587  0.660343  0.475129  0.503445  0.569059 0.0  0.372897  0.627039  0.509913  0.517663  0.224160  0.406116  0.514902  0.478504  0.512833  0.560538  0.458893  0.280747  0.803197  0.669753  0.611539  0.438188  0.486064  0.480624  0.602766  0.364374  0.591071  0.675387  0.573932  0.415656  0.422747  0.680659  0.451326  0.319031  0.317062  0.701683  0.465150  0.547603  0.397614  0.590857  0.260652  0.736209  0.372022  0.569594  0.299071  0.634466  0.697501  0.286032  0.524525  0.323101  0.450147  0.434680  0.655054  0.314780  0.498652  0.457833  0.614225  0.338340  0.582804 
8  0.321589  0.738065  0.771152  0.655133  0.515154  0.593708  0.355657  0.372897 0.0  0.481317  0.599275  0.673254  0.397187  0.417503  0.423003  0.591571  0.465181  0.552490  0.312054  0.264177  0.857188  0.626867  0.474050  0.540375  0.599825  0.529711  0.709675  0.500190  0.669471  0.610366  0.696739  0.634175  0.591190  0.661549  0.489511  0.384641  0.210312  0.672505  0.410190  0.660109  0.363050  0.624889  0.547161  0.726457  0.573711  0.541436  0.494510  0.677971  0.597143  0.291160  0.619374  0.347752  0.540977  0.440111  0.628744  0.421995  0.439001  0.472661  0.636996  0.148595  0.713299 
9  0.463793  0.600982  0.659563  0.586775  0.651560  0.518216  0.559663  0.627039  0.481317 0.0  0.578233  0.544056  0.597297  0.379276  0.541646  0.512073  0.634048  0.468781  0.606976  0.335684  0.692490  0.680362  0.550064  0.659824  0.691092  0.658851  0.642284  0.643914  0.691779  0.672597  0.662595  0.479790  0.502255  0.742352  0.726813  0.587022  0.598090  0.576629  0.597012  0.575569  0.385088  0.527698  0.663504  0.689643  0.633622  0.457322  0.566307  0.732529  0.613079  0.453906  0.773076  0.479612  0.542000  0.490085  0.634311  0.553992  0.710430  0.622399  0.669665  0.494678  0.679409 
10  0.540562  0.430404  0.472859  0.555245  0.619806  0.553374  0.698826  0.509913  0.599275  0.578233 0.0  0.518446  0.500039  0.666581  0.720211  0.665848  0.703385  0.585071  0.697807  0.627131  0.608505  0.604612  0.379649  0.725234  0.358298  0.338833  0.721027  0.638259  0.624074  0.613849  0.502344  0.490125  0.626031  0.742049  0.546047  0.536411  0.636344  0.555829  0.361102  0.328000  0.603104  0.636239  0.495806  0.486151  0.463308  0.672623  0.446914  0.511356  0.621265  0.477712  0.363666  0.621319  0.646106  0.383147  0.624066  0.459784  0.677743  0.657252  0.691820  0.569299  0.440539 
11  0.440573  0.515011  0.714890  0.608422  0.435536  0.518302  0.676964  0.517663  0.673254  0.544056  0.518446 0.0  0.360480  0.364420  0.548429  0.487406  0.605737  0.233154  0.692885  0.498636  0.673589  0.593260  0.553213  0.511165  0.478089  0.505773  0.719817  0.664267  0.587131  0.693424  0.617129  0.122478  0.429437  0.677906  0.533432  0.373931  0.577257  0.662197  0.671566  0.462355  0.395344  0.470545  0.495806  0.553890  0.613489  0.735284  0.510218  0.539467  0.573885  0.424485  0.665156  0.447570  0.138440  0.644394  0.527368  0.428780  0.625850  0.451780  0.544344  0.588990  0.659560 
12  0.398564  0.629007  0.576273  0.586255  0.540208  0.476848  0.693888  0.224160  0.397187  0.597297  0.500039  0.360480 0.0  0.490679  0.522761  0.471785  0.558525  0.453168  0.518356  0.275540  0.842321  0.677264  0.694521  0.545867  0.540194  0.560901  0.599290  0.392746  0.650674  0.859940  0.543633  0.275910  0.420358  0.667597  0.623325  0.321803  0.413236  0.560673  0.643287  0.531663  0.351068  0.494647  0.371866  0.621122  0.540599  0.618821  0.395954  0.529933  0.581662  0.205225  0.577799  0.396488  0.308161  0.654282  0.564079  0.305825  0.522418  0.468077  0.685937  0.379257  0.702221 
13  0.402225  0.756457  0.798231  0.626630  0.541064  0.639062  0.342295  0.406116  0.417503  0.379276  0.666581  0.364420  0.490679 0.0  0.492094  0.625743  0.602352  0.424101  0.461231  0.361491  0.802061  0.548526  0.717139  0.653239  0.530838  0.540067  0.633954  0.555029  0.685873  0.688833  0.698108  0.431869  0.472863  0.738804  0.633471  0.383019  0.341530  0.713062  0.532352  0.565440  0.471934  0.435969  0.463795  0.636938  0.635674  0.701912  0.589787  0.769136  0.695046  0.451870  0.633005  0.409607  0.400930  0.537976  0.574139  0.388989  0.534158  0.599374  0.589585  0.341438  0.698347 
14  0.555348  0.761764  0.781460  0.558094  0.751233  0.574534  0.496909  0.514902  0.423003  0.541646  0.720211  0.548429  0.522761  0.492094 0.0  0.583542  0.794014  0.561578  0.245274  0.399974  0.846383  0.725422  0.503670  0.778462  0.581325  0.679253  0.824163  0.637600  0.842633  1.000000  0.915034  0.517415  0.649613  0.817294  0.648888  0.527468  0.520317  0.873865  0.565893  0.691821  0.454719  0.492536  0.538518  0.739644  0.783335  0.531310  0.725760  0.657821  0.751129  0.382727  0.670151  0.512342  0.647551  0.623310  0.796603  0.647843  0.653871  0.620372  0.709993  0.343275  0.634812 
15  0.504006  0.401246  0.575776  0.600563  0.410968  0.576042  0.665904  0.478504  0.591571  0.512073  0.665848  0.487406  0.471785  0.625743  0.583542 0.0  0.384935  0.532515  0.649480  0.426542  0.617780  0.433148  0.671470  0.407336  0.607629  0.662928  0.585480  0.523614  0.609595  0.575553  0.635344  0.484294  0.468552  0.775768  0.350781  0.546786  0.520169  0.534084  0.694121  0.504780  0.503055  0.648738  0.573140  0.484214  0.451263  0.461610  0.606292  0.380931  0.567576  0.501737  0.636198  0.528728  0.539056  0.602274  0.473753  0.506623  0.394867  0.466928  0.666187  0.651776  0.598251 
16  0.457634  0.438710  0.620909  0.662761  0.200940  0.455984  0.591965  0.512833  0.465181  0.634048  0.703385  0.605737  0.558525  0.602352  0.794014  0.384935 0.0  0.591302  0.624956  0.525637  0.622952  0.549696  0.648172  0.346525  0.570671  0.423480  0.431416  0.488739  0.472499  0.431076  0.453552  0.576341  0.376362  0.565814  0.188824  0.383959  0.552543  0.477825  0.649991  0.441957  0.565192  0.668867  0.374935  0.404228  0.409139  0.487623  0.468402  0.299515  0.542334  0.547923  0.670973  0.425817  0.648452  0.757969  0.417574  0.311417  0.210419  0.488223  0.631604  0.489068  0.619365 
17  0.372424  0.431895  0.609462  0.554331  0.568621  0.550054  0.625681  0.560538  0.552490  0.468781  0.585071  0.233154  0.453168  0.424101  0.561578  0.532515  0.591302 0.0  0.587664  0.461088  0.762355  0.667060  0.655253  0.545522  0.487951  0.535469  0.604072  0.642709  0.618701  0.587540  0.522952  0.206227  0.499204  0.624926  0.647416  0.443014  0.529832  0.717177  0.624711  0.558619  0.393001  0.534015  0.327850  0.491208  0.541599  0.676513  0.462611  0.603398  0.511695  0.485197  0.886158  0.475074  0.251589  0.609786  0.595510  0.376178  0.534950  0.377312  0.662012  0.530425  0.635491 
18  0.415596  0.819529  0.818809  0.669036  0.505907  0.623535  0.429611  0.458893  0.312054  0.606976  0.697807  0.692885  0.518356  0.461231  0.245274  0.649480  0.624956  0.587664 0.0  0.388511  0.959147  0.693546  0.657726  0.770051  0.589867  0.674747  0.846985  0.493856  0.608092  0.881811  0.708134  0.701919  0.690143  0.841810  0.655367  0.466758  0.462211  0.848006  0.413146  0.719081  0.499731  0.516147  0.467417  0.800259  0.627584  0.623773  0.600698  0.898130  0.746878  0.469115  0.730891  0.413986  0.656046  0.543643  0.807682  0.591146  0.668835  0.685434  0.613079  0.260083  0.524684 
19  0.293498  0.545001  0.682555  0.761445  0.491997  0.659103  0.478272  0.280747  0.264177  0.335684  0.627131  0.498636  0.275540  0.361491  0.399974  0.426542  0.525637  0.461088  0.388511 0.0  0.656391  0.672073  0.374822  0.509268  0.600947  0.525558  0.656769  0.415470  0.649363  0.770665  0.745197  0.542433  0.502850  0.663673  0.519014  0.352658  0.254244  0.598008  0.556852  0.533196  0.233150  0.454770  0.451655  0.637957  0.555109  0.503840  0.338775  0.554035  0.683869  0.146510  0.467871  0.363873  0.411753  0.528826  0.493800  0.366660  0.589785  0.486548  0.669451  0.335875  0.525877 
20  0.804919  0.745368  0.572405  0.648347  0.552356  0.543709  0.744540  0.803197  0.857188  0.692490  0.608505  0.673589  0.842321  0.802061  0.846383  0.617780  0.622952  0.762355  0.959147  0.656391 0.0  0.522757  0.701018  0.597163  0.591256  0.726599  0.591705  0.712663  0.561246  0.573699  0.327174  0.679644  0.507314  0.495226  0.525143  0.630794  0.765471  0.583929  0.716289  0.579644  0.862252  0.701259  0.822556  0.460581  0.718520  0.679530  0.716771  0.618133  0.692384  0.854653  0.679756  0.722731  0.816854  0.609115  0.422219  0.822075  0.517177  0.672886  0.669496  0.967450  0.549547 
21  0.676206  0.634654  0.534452  0.581320  0.576806  0.526732  0.771166  0.669753  0.626867  0.680362  0.604612  0.593260  0.677264  0.548526  0.725422  0.433148  0.549696  0.667060  0.693546  0.672073  0.522757 0.0  0.795668  0.594187  0.575914  0.596331  0.604485  0.552745  0.595906  0.526250  0.534061  0.681066  0.586982  0.682593  0.577565  0.654796  0.637064  0.558417  0.712597  0.535725  0.706120  0.666503  0.552295  0.526554  0.653647  0.610266  0.598010  0.647368  0.597980  0.767134  0.554076  0.753765  0.587691  0.622758  0.566799  0.589263  0.567161  0.620288  0.649286  0.724957  0.707454 
22  0.499394  0.572015  0.578223  0.785693  0.694221  0.610957  0.554397  0.611539  0.474050  0.550064  0.379649  0.553213  0.694521  0.717139  0.503670  0.671470  0.648172  0.655253  0.657726  0.374822  0.701018  0.795668 0.0  0.631973  0.487891  0.472776  0.829572  0.824471  0.583160  0.808578  0.814764  0.732906  0.751220  0.639634  0.779342  0.635199  0.520115  0.782669  0.259230  0.466922  0.477542  0.612610  0.689525  0.688036  0.604131  0.716644  0.650881  0.747019  0.730108  0.492567  0.499681  0.546580  0.642939  0.279517  0.654546  0.689159  0.600334  0.804848  0.656739  0.476334  0.521535 
23  0.462201  0.592640  0.692860  0.724122  0.350942  0.435328  0.790486  0.438188  0.540375  0.659824  0.725234  0.511165  0.545867  0.653239  0.778462  0.407336  0.346525  0.545522  0.770051  0.509268  0.597163  0.594187  0.631973 0.0  0.522717  0.550710  0.491085  0.489947  0.643234  0.479820  0.485420  0.535448  0.334339  0.696767  0.323202  0.499353  0.527946  0.534705  0.688829  0.479907  0.536196  0.544861  0.563828  0.407984  0.368994  0.424642  0.356340  0.409682  0.550394  0.494540  0.623678  0.530439  0.574937  0.670023  0.441058  0.422175  0.410097  0.421201  0.627794  0.598563  0.619377 
24  0.442959  0.596191  0.507219  0.741683  0.411847  0.516344  0.611758  0.486064  0.599825  0.691092  0.358298  0.478089  0.540194  0.530838  0.581325  0.607629  0.570671  0.487951  0.589867  0.600947  0.591256  0.575914  0.487891  0.522717 0.0  0.263588  0.686789  0.734387  0.576810  0.787443  0.508092  0.548920  0.492050  0.693981  0.510263  0.482315  0.610161  0.689416  0.334346  0.351426  0.443249  0.619900  0.337121  0.542909  0.511782  0.680154  0.503773  0.621807  0.634106  0.670425  0.385221  0.450389  0.533611  0.357944  0.557911  0.397027  0.575865  0.592409  0.665633  0.560364  0.622394 
25  0.451062  0.410073  0.457959  0.744070  0.458183  0.525210  0.498618  0.480624  0.529711  0.658851  0.338833  0.505773  0.560901  0.540067  0.679253  0.662928  0.423480  0.535469  0.674747  0.525558  0.726599  0.596331  0.472776  0.550710  0.263588 0.0  0.738461  0.585284  0.575867  0.537499  0.493048  0.510654  0.564937  0.571358  0.548508  0.427498  0.496594  0.706912  0.386480  0.300752  0.613510  0.615569  0.456013  0.467135  0.463568  0.768016  0.548274  0.572381  0.533719  0.593152  0.420762  0.499518  0.493285  0.386686  0.518582  0.399350  0.475190  0.562055  0.723649  0.479258  0.556052 
26  0.646564  0.588708  0.706937  0.491019  0.573055  0.538306  0.756781  0.602766  0.709675  0.642284  0.721027  0.719817  0.599290  0.633954  0.824163  0.585480  0.431416  0.604072  0.846985  0.656769  0.591705  0.604485  0.829572  0.491085  0.686789  0.738461 0.0  0.645868  0.615882  0.234878  0.349568  0.662434  0.458866  0.521923  0.446587  0.670170  0.660544  0.609295  0.881969  0.435443  0.734702  0.575757  0.621130  0.390462  0.556121  0.684611  0.517863  0.560998  0.596569  0.778273  0.606448  0.712739  0.635450  0.622787  0.398847  0.475995  0.487342  0.547480  0.475504  0.754975  0.642295 
27  0.433269  0.579938  0.706759  0.628250  0.488184  0.529242  0.583653  0.364374  0.500190  0.643914  0.638259  0.664267  0.392746  0.555029  0.637600  0.523614  0.488739  0.642709  0.493856  0.415470  0.712663  0.552745  0.824471  0.489947  0.734387  0.585284  0.645868 0.0  0.565241  0.672820  0.676384  0.474860  0.504315  0.669368  0.597839  0.439295  0.355664  0.681165  0.574954  0.664595  0.531747  0.680673  0.480006  0.558055  0.549347  0.590899  0.373557  0.521283  0.473293  0.456951  0.598304  0.455358  0.555326  0.514580  0.518675  0.430189  0.411452  0.519817  0.582557  0.457148  0.693169 
28  0.714978  0.563035  0.635100  0.657714  0.628548  0.702082  0.555293  0.591071  0.669471  0.691779  0.624074  0.587131  0.650674  0.685873  0.842633  0.609595  0.472499  0.618701  0.608092  0.649363  0.561246  0.595906  0.583160  0.643234  0.576810  0.575867  0.615882  0.565241 0.0  0.531809  0.459291  0.634175  0.561881  0.553640  0.573160  0.601955  0.612601  0.562682  0.643008  0.585891  0.590330  0.628720  0.499315  0.546992  0.532808  0.755282  0.508000  0.578132  0.560964  0.676839  0.651068  0.550047  0.647902  0.690205  0.568991  0.636787  0.613689  0.643327  0.622595  0.623795  0.618489 
29  0.654275  0.557834  0.674081  0.454425  0.599253  0.525111  0.836225  0.675387  0.610366  0.672597  0.613849  0.693424  0.859940  0.688833  1.000000  0.575553  0.431076  0.587540  0.881811  0.770665  0.573699  0.526250  0.808578  0.479820  0.787443  0.537499  0.234878  0.672820  0.531809 0.0  0.424523  0.538808  0.498921  0.612161  0.550664  0.767705  0.826774  0.606175  0.703073  0.484654  0.723692  0.581225  0.727372  0.387826  0.513621  0.630076  0.642116  0.449122  0.522649  0.853316  0.753266  0.670939  0.644543  0.760845  0.478692  0.562337  0.527742  0.701177  0.536320  0.766084  0.684160 
30  0.632738  0.525810  0.576226  0.690514  0.464440  0.500508  0.695968  0.573932  0.696739  0.662595  0.502344  0.617129  0.543633  0.698108  0.915034  0.635344  0.453552  0.522952  0.708134  0.745197  0.327174  0.534061  0.814764  0.485420  0.508092  0.493048  0.349568  0.676384  0.459291  0.424523 0.0  0.712202  0.529477  0.399917  0.461591  0.588341  0.645693  0.624845  0.655943  0.434978  0.759117  0.656100  0.679433  0.392102  0.690834  0.692994  0.582484  0.479334  0.591610  0.702204  0.633252  0.723587  0.718386  0.651136  0.344998  0.524648  0.550775  0.525004  0.618803  0.704316  0.521155 
31  0.489548  0.552832  0.561488  0.637355  0.576681  0.582248  0.661879  0.415656  0.634175  0.479790  0.490125  0.122478  0.275910  0.431869  0.517415  0.484294  0.576341  0.206227  0.701919  0.542433  0.679644  0.681066  0.732906  0.535448  0.548920  0.510654  0.662434  0.474860  0.634175  0.538808  0.712202 0.0  0.522718  0.685596  0.533907  0.441041  0.559389  0.659128  0.598728  0.557983  0.346292  0.561609  0.457849  0.519365  0.556656  0.572595  0.451518  0.548728  0.575496  0.476082  0.579178  0.498638  0.172765  0.761444  0.546832  0.403645  0.697012  0.514767  0.612388  0.515170  0.728795 
32  0.472640  0.547311  0.511714  0.546743  0.362052  0.513790  0.734930  0.422747  0.591190  0.502255  0.626031  0.429437  0.420358  0.472863  0.649613  0.468552  0.376362  0.499204  0.690143  0.502850  0.507314  0.586982  0.751220  0.334339  0.492050  0.564937  0.458866  0.504315  0.561881  0.498921  0.529477  0.522718 0.0  0.614836  0.393638  0.454066  0.600848  0.597532  0.730080  0.481930  0.456753  0.560626  0.499910  0.437893  0.374318  0.499118  0.388289  0.346713  0.555262  0.468636  0.664207  0.417033  0.495776  0.750858  0.449097  0.374294  0.348440  0.388961  0.576439  0.594565  0.659979 
33  0.555680  0.605138  0.502507  0.659305  0.507450  0.601154  0.742127  0.680659  0.661549  0.742352  0.742049  0.677906  0.667597  0.738804  0.817294  0.775768  0.565814  0.624926  0.841810  0.663673  0.495226  0.682593  0.639634  0.696767  0.693981  0.571358  0.521923  0.669368  0.553640  0.612161  0.399917  0.685596  0.614836 0.0  0.647791  0.675366  0.727299  0.642127  0.724047  0.708479  0.731721  0.645701  0.663322  0.519764  0.781289  0.662842  0.644272  0.644105  0.468784  0.759614  0.585475  0.594941  0.737331  0.521294  0.502926  0.605543  0.577423  0.642445  0.523330  0.920826  0.609980 
34  0.393260  0.489132  0.586255  0.605632  0.238181  0.479020  0.685717  0.451326  0.489511  0.726813  0.546047  0.533432  0.623325  0.633471  0.648888  0.350781  0.188824  0.647416  0.655367  0.519014  0.525143  0.577565  0.779342  0.323202  0.510263  0.548508  0.446587  0.597839  0.573160  0.550664  0.461591  0.533907  0.393638  0.647791 0.0  0.370192  0.464321  0.584935  0.582103  0.429257  0.614891  0.640998  0.510993  0.405671  0.439044  0.491774  0.374609  0.311077  0.704079  0.568631  0.561633  0.459067  0.583939  0.547353  0.418618  0.376278  0.248956  0.339756  0.694358  0.520036  0.767327 
35  0.271973  0.578177  0.683427  0.585393  0.375345  0.636617  0.481387  0.319031  0.384641  0.587022  0.536411  0.373931  0.321803  0.383019  0.527468  0.546786  0.383959  0.443014  0.466758  0.352658  0.630794  0.654796  0.635199  0.499353  0.482315  0.427498  0.670170  0.439295  0.601955  0.767705  0.588341  0.441041  0.454066  0.675366  0.370192 0.0  0.316910  0.725735  0.489052  0.583078  0.372757  0.584802  0.229234  0.599921  0.438736  0.624984  0.338008  0.476178  0.572113  0.358122  0.588189  0.309479  0.475008  0.513342  0.472003  0.210604  0.381680  0.509661  0.590885  0.310816  0.558356 
36  0.221261  0.665281  0.694790  0.596064  0.499993  0.648477  0.421558  0.317062  0.210312  0.598090  0.636344  0.577257  0.413236  0.341530  0.520317  0.520169  0.552543  0.529832  0.462211  0.254244  0.765471  0.637064  0.520115  0.527946  0.610161  0.496594  0.660544  0.355664  0.612601  0.826774  0.645693  0.559389  0.600848  0.727299  0.464321  0.316910 0.0  0.768268  0.461864  0.634044  0.385968  0.483123  0.509606  0.543071  0.509435  0.660906  0.388158  0.542018  0.677155  0.213379  0.657204  0.284571  0.522416  0.496876  0.541911  0.382099  0.508087  0.559054  0.624516  0.250886  0.531676 
37  0.674056  0.423387  0.533077  0.682512  0.511459  0.523052  0.697624  0.701683  0.672505  0.576629  0.555829  0.662197  0.560673  0.713062  0.873865  0.534084  0.477825  0.717177  0.848006  0.598008  0.583929  0.558417  0.782669  0.534705  0.689416  0.706912  0.609295  0.681165  0.562682  0.606175  0.624845  0.659128  0.597532  0.642127  0.584935  0.725735  0.768268 0.0  0.632877  0.561343  0.649335  0.567999  0.791574  0.483678  0.675838  0.635023  0.618528  0.525989  0.649661  0.756927  0.623045  0.710572  0.591902  0.707538  0.443104  0.542105  0.559911  0.634817  0.720543  0.743333  0.594434 
38  0.400515  0.770496  0.543504  0.753922  0.515658  0.609955  0.571652  0.465150  0.410190  0.597012  0.361102  0.671566  0.643287  0.532352  0.565893  0.694121  0.649991  0.624711  0.413146  0.556852  0.716289  0.712597  0.259230  0.688829  0.334346  0.386480  0.881969  0.574954  0.643008  0.703073  0.655943  0.598728  0.730080  0.724047  0.582103  0.489052  0.461864  0.632877 0.0  0.404648  0.544799  0.583663  0.526096  0.693358  0.500594  0.738311  0.574973  0.720039  0.727474  0.451868  0.378874  0.480961  0.616840  0.159441  0.588206  0.530439  0.622244  0.611147  0.745368  0.433700  0.462915 
39  0.548163  0.348303  0.371146  0.701258  0.472399  0.524551  0.791487  0.547603  0.660109  0.575569  0.328000  0.462355  0.531663  0.565440  0.691821  0.504780  0.441957  0.558619  0.719081  0.533196  0.579644  0.535725  0.466922  0.479907  0.351426  0.300752  0.435443  0.664595  0.585891  0.484654  0.434978  0.557983  0.481930  0.708479  0.429257  0.583078  0.634044  0.561343  0.404648 0.0  0.495802  0.594653  0.494101  0.414232  0.555560  0.543106  0.637321  0.485379  0.511266  0.600596  0.440738  0.558882  0.583514  0.585245  0.469710  0.424281  0.509270  0.486667  0.621047  0.761248  0.447372 
40  0.239705  0.531353  0.613642  0.626637  0.557359  0.698539  0.498825  0.397614  0.363050  0.385088  0.603104  0.395344  0.351068  0.471934  0.454719  0.503055  0.565192  0.393001  0.499731  0.233150  0.862252  0.706120  0.477542  0.536196  0.443249  0.613510  0.734702  0.531747  0.590330  0.723692  0.759117  0.346292  0.456753  0.731721  0.614891  0.372757  0.385968  0.649335  0.544799  0.495802 0.0  0.471130  0.371185  0.563288  0.528721  0.508134  0.495259  0.624549  0.657437  0.267449  0.625051  0.360651  0.478690  0.465251  0.595308  0.441780  0.745439  0.500055  0.678093  0.366148  0.656586 
41  0.513958  0.593062  0.684771  0.487064  0.740393  0.539374  0.528437  0.590857  0.624889  0.527698  0.636239  0.470545  0.494647  0.435969  0.492536  0.648738  0.668867  0.534015  0.516147  0.454770  0.701259  0.666503  0.612610  0.544861  0.619900  0.615569  0.575757  0.680673  0.628720  0.581225  0.656100  0.561609  0.560626  0.645701  0.640998  0.584802  0.483123  0.567999  0.583663  0.594653  0.471130 0.0  0.591211  0.605444  0.627355  0.659734  0.675567  0.721566  0.650355  0.431701  0.805826  0.544672  0.566746  0.588578  0.671038  0.527964  0.614004  0.681586  0.522360  0.561180  0.650107 
42  0.369925  0.539354  0.694059  0.536488  0.419741  0.578664  0.682938  0.260652  0.547161  0.663504  0.495806  0.495806  0.371866  0.463795  0.538518  0.573140  0.374935  0.327850  0.467417  0.451655  0.822556  0.552295  0.689525  0.563828  0.337121  0.456013  0.621130  0.480006  0.499315  0.727372  0.679433  0.457849  0.499910  0.663322  0.510993  0.229234  0.509606  0.791574  0.526096  0.494101  0.371185  0.591211 0.0  0.520345  0.337444  0.584331  0.308308  0.518453  0.639692  0.436494  0.636719  0.350991  0.449412  0.407275  0.590018  0.199298  0.491085  0.479320  0.617552  0.442089  0.753232 
43  0.597517  0.488254  0.455965  0.613457  0.437236  0.615852  0.776640  0.736209  0.726457  0.689643  0.486151  0.553890  0.621122  0.636938  0.739644  0.484214  0.404228  0.491208  0.800259  0.637957  0.460581  0.526554  0.688036  0.407984  0.542909  0.467135  0.390462  0.558055  0.546992  0.387826  0.392102  0.519365  0.437893  0.519764  0.405671  0.599921  0.543071  0.483678  0.693358  0.414232  0.563288  0.605444  0.520345 0.0  0.538908  0.467746  0.554181  0.422407  0.474999  0.635512  0.644207  0.622912  0.590710  0.726072  0.480178  0.488646  0.529504  0.549714  0.615023  0.839662  0.513953 
44  0.439207  0.611127  0.667427  0.587394  0.472759  0.542207  0.711379  0.372022  0.573711  0.633622  0.463308  0.613489  0.540599  0.635674  0.783335  0.451263  0.409139  0.541599  0.627584  0.555109  0.718520  0.653647  0.604131  0.368994  0.511782  0.463568  0.556121  0.549347  0.532808  0.513621  0.690834  0.556656  0.374318  0.781289  0.439044  0.438736  0.509435  0.675838  0.500594  0.555560  0.528721  0.627355  0.337444  0.538908 0.0  0.489482  0.310359  0.508545  0.625234  0.475377  0.497841  0.469760  0.624700  0.603076  0.568288  0.361381  0.522972  0.519979  0.645402  0.574908  0.633268 
45  0.636498  0.633506  0.671745  0.647306  0.539669  0.630153  0.732524  0.569594  0.541436  0.457322  0.672623  0.735284  0.618821  0.701912  0.531310  0.461610  0.487623  0.676513  0.623773  0.503840  0.679530  0.610266  0.716644  0.424642  0.680154  0.768016  0.684611  0.590899  0.755282  0.630076  0.692994  0.572595  0.499118  0.662842  0.491774  0.624984  0.660906  0.635023  0.738311  0.543106  0.508134  0.659734  0.584331  0.467746  0.489482 0.0  0.596515  0.530304  0.559999  0.716764  0.733870  0.549812  0.638041  0.723162  0.657800  0.604630  0.482865  0.559186  0.709198  0.602031  0.549411 
46  0.345774  0.487354  0.594247  0.592072  0.461336  0.503274  0.640752  0.299071  0.494510  0.566307  0.446914  0.510218  0.395954  0.589787  0.725760  0.606292  0.468402  0.462611  0.600698  0.338775  0.716771  0.598010  0.650881  0.356340  0.503773  0.548274  0.517863  0.373557  0.508000  0.642116  0.582484  0.451518  0.388289  0.644272  0.374609  0.338008  0.388158  0.618528  0.574973  0.637321  0.495259  0.675567  0.308308  0.554181  0.310359  0.596515 0.0  0.483257  0.651153  0.463716  0.554251  0.440780  0.533329  0.574858  0.625122  0.354689  0.412206  0.453425  0.678754  0.540417  0.662175 
47  0.546984  0.474432  0.444191  0.552080  0.434322  0.514307  0.675524  0.634466  0.677971  0.732529  0.511356  0.539467  0.529933  0.769136  0.657821  0.380931  0.299515  0.603398  0.898130  0.554035  0.618133  0.647368  0.747019  0.409682  0.621807  0.572381  0.560998  0.521283  0.578132  0.449122  0.479334  0.548728  0.346713  0.644105  0.311077  0.476178  0.542018  0.525989  0.720039  0.485379  0.624549  0.721566  0.518453  0.422407  0.508545  0.530304  0.483257 0.0  0.556405  0.606482  0.724778  0.519115  0.577857  0.850501  0.473202  0.420220  0.362464  0.301513  0.723370  0.637607  0.586064 
48  0.664172  0.497830  0.499228  0.634869  0.574237  0.602339  0.634047  0.697501  0.597143  0.613079  0.621265  0.573885  0.581662  0.695046  0.751129  0.567576  0.542334  0.511695  0.746878  0.683869  0.692384  0.597980  0.730108  0.550394  0.634106  0.533719  0.596569  0.473293  0.560964  0.522649  0.591610  0.575496  0.555262  0.468784  0.704079  0.572113  0.677155  0.649661  0.727474  0.511266  0.657437  0.650355  0.639692  0.474999  0.625234  0.559999  0.651153  0.556405 0.0  0.736009  0.569565  0.632112  0.626873  0.716223  0.524540  0.485757  0.502213  0.664954  0.601948  0.607104  0.507981 
49  0.307883  0.597471  0.638258  0.753203  0.467769  0.609995  0.494436  0.286032  0.291160  0.453906  0.477712  0.424485  0.205225  0.451870  0.382727  0.501737  0.547923  0.485197  0.469115  0.146510  0.854653  0.767134  0.492567  0.494540  0.670425  0.593152  0.778273  0.456951  0.676839  0.853316  0.702204  0.476082  0.468636  0.759614  0.568631  0.358122  0.213379  0.756927  0.451868  0.600596  0.267449  0.431701  0.436494  0.635512  0.475377  0.716764  0.463716  0.606482  0.736009 0.0  0.651893  0.328084  0.384035  0.499468  0.698404  0.404296  0.584784  0.444436  0.654377  0.312993  0.529660 
50  0.642907  0.597996  0.386315  0.746706  0.613124  0.560322  0.725085  0.524525  0.619374  0.773076  0.363666  0.665156  0.577799  0.633005  0.670151  0.636198  0.670973  0.886158  0.730891  0.467871  0.679756  0.554076  0.499681  0.623678  0.385221  0.420762  0.606448  0.598304  0.651068  0.753266  0.633252  0.579178  0.664207  0.585475  0.561633  0.588189  0.657204  0.623045  0.378874  0.440738  0.625051  0.805826  0.636719  0.644207  0.497841  0.733870  0.554251  0.724778  0.569565  0.651893 0.0  0.683256  0.614020  0.426888  0.527977  0.600971  0.577409  0.811572  0.711427  0.661877  0.606647 
51  0.295898  0.586918  0.574802  0.493254  0.417248  0.526249  0.374201  0.323101  0.347752  0.479612  0.621319  0.447570  0.396488  0.409607  0.512342  0.528728  0.425817  0.475074  0.413986  0.363873  0.722731  0.753765  0.546580  0.530439  0.450389  0.499518  0.712739  0.455358  0.550047  0.670939  0.723587  0.498638  0.417033  0.594941  0.459067  0.309479  0.284571  0.710572  0.480961  0.558882  0.360651  0.544672  0.350991  0.622912  0.469760  0.549812  0.440780  0.519115  0.632112  0.328084  0.683256 0.0  0.515502  0.593830  0.640311  0.349928  0.410650  0.470124  0.680940  0.313990  0.657101 
52  0.514606  0.587284  0.805563  0.517142  0.522113  0.558498  0.523983  0.450147  0.540977  0.542000  0.646106  0.138440  0.308161  0.400930  0.647551  0.539056  0.648452  0.251589  0.656046  0.411753  0.816854  0.587691  0.642939  0.574937  0.533611  0.493285  0.635450  0.555326  0.647902  0.644543  0.718386  0.172765  0.495776  0.737331  0.583939  0.475008  0.522416  0.591902  0.616840  0.583514  0.478690  0.566746  0.449412  0.590710  0.624700  0.638041  0.533329  0.577857  0.626873  0.384035  0.614020  0.515502 0.0  0.582156  0.622239  0.386203  0.562138  0.502872  0.597229  0.575719  0.744679 
53  0.493670  0.668657  0.625114  0.639565  0.619481  0.559644  0.557040  0.434680  0.440111  0.490085  0.383147  0.644394  0.654282  0.537976  0.623310  0.602274  0.757969  0.609786  0.543643  0.528826  0.609115  0.622758  0.279517  0.670023  0.357944  0.386686  0.622787  0.514580  0.690205  0.760845  0.651136  0.761444  0.750858  0.521294  0.547353  0.513342  0.496876  0.707538  0.159441  0.585245  0.465251  0.588578  0.407275  0.726072  0.603076  0.723162  0.574858  0.850501  0.716223  0.499468  0.426888  0.593830  0.582156 0.0  0.628655  0.569312  0.646258  0.716364  0.522550  0.502220  0.541692 
54  0.650002  0.443519  0.434378  0.487457  0.421786  0.596575  0.665589  0.655054  0.628744  0.634311  0.624066  0.527368  0.564079  0.574139  0.796603  0.473753  0.417574  0.595510  0.807682  0.493800  0.422219  0.566799  0.654546  0.441058  0.557911  0.518582  0.398847  0.518675  0.568991  0.478692  0.344998  0.546832  0.449097  0.502926  0.418618  0.472003  0.541911  0.443104  0.588206  0.469710  0.595308  0.671038  0.590018  0.480178  0.568288  0.657800  0.625122  0.473202  0.524540  0.698404  0.527977  0.640311  0.622239  0.628655 0.0  0.483653  0.487194  0.468511  0.651344  0.645580  0.582395 
55  0.283998  0.431654  0.651384  0.638645  0.336123  0.620869  0.559706  0.314780  0.421995  0.553992  0.459784  0.428780  0.305825  0.388989  0.647843  0.506623  0.311417  0.376178  0.591146  0.366660  0.822075  0.589263  0.689159  0.422175  0.397027  0.399350  0.475995  0.430189  0.636787  0.562337  0.524648  0.403645  0.374294  0.605543  0.376278  0.210604  0.382099  0.542105  0.530439  0.424281  0.441780  0.527964  0.199298  0.488646  0.361381  0.604630  0.354689  0.420220  0.485757  0.404296  0.600971  0.349928  0.386203  0.569312  0.483653 0.0  0.387749  0.382334  0.666500  0.398833  0.645024 
56  0.539502  0.488576  0.627064  0.685708  0.265180  0.517293  0.703183  0.498652  0.439001  0.710430  0.677743  0.625850  0.522418  0.534158  0.653871  0.394867  0.210419  0.534950  0.668835  0.589785  0.517177  0.567161  0.600334  0.410097  0.575865  0.475190  0.487342  0.411452  0.613689  0.527742  0.550775  0.697012  0.348440  0.577423  0.248956  0.381680  0.508087  0.559911  0.622244  0.509270  0.745439  0.614004  0.491085  0.529504  0.522972  0.482865  0.412206  0.362464  0.502213  0.584784  0.577409  0.410650  0.562138  0.646258  0.487194  0.387749 0.0  0.470920  0.715976  0.563960  0.613631 
57  0.446584  0.527715  0.565066  0.529909  0.383786  0.472143  0.687265  0.457833  0.472661  0.622399  0.657252  0.451780  0.468077  0.599374  0.620372  0.466928  0.488223  0.377312  0.685434  0.486548  0.672886  0.620288  0.804848  0.421201  0.592409  0.562055  0.547480  0.519817  0.643327  0.701177  0.525004  0.514767  0.388961  0.642445  0.339756  0.509661  0.559054  0.634817  0.611147  0.486667  0.500055  0.681586  0.479320  0.549714  0.519979  0.559186  0.453425  0.301513  0.664954  0.444436  0.811572  0.470124  0.502872  0.716364  0.468511  0.382334  0.470920 0.0  0.708011  0.559999  0.690415 
58  0.661512  0.679125  0.622257  0.553616  0.626798  0.626938  0.627933  0.614225  0.636996  0.669665  0.691820  0.544344  0.685937  0.589585  0.709993  0.666187  0.631604  0.662012  0.613079  0.669451  0.669496  0.649286  0.656739  0.627794  0.665633  0.723649  0.475504  0.582557  0.622595  0.536320  0.618803  0.612388  0.576439  0.523330  0.694358  0.590885  0.624516  0.720543  0.745368  0.621047  0.678093  0.522360  0.617552  0.615023  0.645402  0.709198  0.678754  0.723370  0.601948  0.654377  0.711427  0.680940  0.597229  0.522550  0.651344  0.666500  0.715976  0.708011 0.0  0.715219  0.694509 
59  0.255397  0.659835  0.828744  0.756516  0.554910  0.729509  0.304982  0.338340  0.148595  0.494678  0.569299  0.588990  0.379257  0.341438  0.343275  0.651776  0.489068  0.530425  0.260083  0.335875  0.967450  0.724957  0.476334  0.598563  0.560364  0.479258  0.754975  0.457148  0.623795  0.766084  0.704316  0.515170  0.594565  0.920826  0.520036  0.310816  0.250886  0.743333  0.433700  0.761248  0.366148  0.561180  0.442089  0.839662  0.574908  0.602031  0.540417  0.637607  0.607104  0.312993  0.661877  0.313990  0.575719  0.502220  0.645580  0.398833  0.563960  0.559999  0.715219 0.0  0.684777 
60  0.641366  0.518080  0.422092  0.559195  0.628808  0.623914  0.704452  0.582804  0.713299  0.679409  0.440539  0.659560  0.702221  0.698347  0.634812  0.598251  0.619365  0.635491  0.524684  0.525877  0.549547  0.707454  0.521535  0.619377  0.622394  0.556052  0.642295  0.693169  0.618489  0.684160  0.521155  0.728795  0.659979  0.609980  0.767327  0.558356  0.531676  0.594434  0.462915  0.447372  0.656586  0.650107  0.753232  0.513953  0.633268  0.549411  0.662175  0.586064  0.507981  0.529660  0.606647  0.657101  0.744679  0.541692  0.582395  0.645024  0.613631  0.690415  0.694509  0.684777 0.0 
