61
0 0.0  0.457474  0.702974  0.687161  0.406582  0.651752  0.435539  0.332242  0.319483  0.489802  0.550701  0.457646  0.382064  0.360477  0.568776  0.559858  0.421764  0.372410  0.413680  0.310970  0.891711  0.653584  0.502776  0.465974  0.496570  0.483622  0.575207  0.391068  0.544661  0.664335  0.639806  0.469628  0.464395  0.614585  0.472766  0.249778  0.273603  0.637996  0.402834  0.566054  0.290217  0.470408  0.341077  0.559699  0.420386  0.660391  0.370177  0.550829  0.631531  0.296620  0.595017  0.250177  0.498672  0.512905  0.461818  0.304303  0.499071  0.445439  0.643055  0.342346  0.582001 
1  0.457474 0.0  0.452833  0.631397  0.483544  0.523077  0.632349  0.616369  0.682966  0.622232  0.446795  0.463933  0.651201  0.827079  0.748568  0.478902  0.535555  0.544167  0.903998  0.486826  0.632105  0.585657  0.615099  0.483206  0.645888  0.511492  0.628638  0.558752  0.521216  0.485683  0.570747  0.550146  0.559149  0.582117  0.412938  0.587174  0.658576  0.414880  0.636797  0.367305  0.566642  0.652770  0.686141  0.378631  0.562400  0.467790  0.556763  0.498198  0.560733  0.668264  0.685944  0.561424  0.570344  0.679699  0.373865  0.515246  0.500512  0.449173  0.675534  0.767441  0.509916 
2  0.702974  0.452833 0.0  0.642984  0.621270  0.548263  0.826363  0.685118  0.720261  0.698105  0.437129  0.563462  0.711051  0.713227  0.652455  0.573779  0.558701  0.655503  0.875674  0.614498  0.570511  0.507223  0.523031  0.535317  0.425804  0.421433  0.534061  0.643297  0.568321  0.556053  0.488534  0.602224  0.571974  0.487962  0.470096  0.614867  0.647845  0.567695  0.506522  0.304758  0.578149  0.740497  0.700052  0.453633  0.625479  0.617838  0.525661  0.480053  0.479021  0.622945  0.439846  0.625964  0.663426  0.563391  0.521970  0.619541  0.616578  0.463924  0.677595  0.658390  0.427508 
3  0.687161  0.631397  0.642984 0.0  0.683682  0.515232  0.701060  0.610298  0.706530  0.568825  0.734782  0.582688  0.669752  0.526069  0.585747  0.617455  0.508968  0.537786  0.667402  0.699654  0.588087  0.510309  0.668996  0.624117  0.678265  0.603650  0.435045  0.632847  0.617945  0.487486  0.659845  0.574336  0.679587  0.566507  0.637574  0.555170  0.548881  0.610992  0.678940  0.656910  0.590017  0.469776  0.663861  0.505096  0.723484  0.670084  0.560869  0.694662  0.583696  0.672107  0.692789  0.608245  0.583647  0.575169  0.586195  0.579189  0.678998  0.618207  0.540916  0.607824  0.681231 
4  0.406582  0.483544  0.621270  0.683682 0.0  0.497412  0.556739  0.462753  0.445254  0.610204  0.580523  0.581055  0.448263  0.498618  0.690063  0.389411  0.218921  0.522984  0.526407  0.572893  0.548751  0.534693  0.614814  0.365358  0.423131  0.493161  0.463016  0.417694  0.523413  0.491698  0.437905  0.452146  0.324387  0.617832  0.227506  0.401069  0.442115  0.403537  0.598248  0.375280  0.546048  0.600427  0.436456  0.456829  0.409961  0.528973  0.448057  0.336772  0.492150  0.569112  0.736408  0.413398  0.528867  0.640054  0.404744  0.302275  0.253159  0.391828  0.606608  0.556565  0.573963 
5  0.651752  0.523077  0.548263  0.515232  0.497412 0.0  0.620519  0.569679  0.700608  0.565750  0.555563  0.514627  0.510686  0.677730  0.589882  0.480074  0.490202  0.519102  0.639336  0.588975  0.494338  0.557698  0.616829  0.402646  0.505501  0.480334  0.463963  0.559459  0.609716  0.513187  0.502706  0.510355  0.543007  0.546888  0.462991  0.649932  0.532857  0.468281  0.663325  0.566508  0.521822  0.557157  0.549457  0.600211  0.531546  0.650405  0.504301  0.563299  0.541342  0.538847  0.488085  0.527206  0.485287  0.551027  0.584778  0.491528  0.560331  0.488976  0.602944  0.597697  0.514397 
6  0.435539  0.632349  0.826363  0.701060  0.556739  0.620519 0.0  0.519961  0.399152  0.521435  0.617401  0.537569  0.557328  0.325139  0.581394  0.709394  0.648229  0.433316  0.485368  0.515678  0.695515  0.569381  0.637894  0.704685  0.590779  0.645891  0.750295  0.614215  0.667830  0.683143  0.683325  0.590696  0.755403  0.703036  0.574923  0.468497  0.440600  0.834468  0.552969  0.620217  0.564164  0.509204  0.584861  0.632139  0.609606  0.807833  0.567178  0.635717  0.589157  0.513530  0.622071  0.433508  0.559476  0.540644  0.576396  0.522534  0.652318  0.629783  0.664978  0.297294  0.733057 
7  0.332242  0.616369  0.685118  0.610298  0.462753  0.569679  0.519961 0.0  0.343910  0.540810  0.477273  0.472445  0.232849  0.403283  0.609042  0.509269  0.509690  0.434608  0.444705  0.289760  0.788006  0.624258  0.543115  0.541434  0.492694  0.416243  0.592479  0.334257  0.569289  0.690460  0.700479  0.407702  0.493742  0.730797  0.524671  0.273553  0.288678  0.603512  0.591119  0.605790  0.393521  0.525442  0.326072  0.620069  0.343978  0.621543  0.292316  0.650682  0.676216  0.264572  0.504516  0.360162  0.398109  0.488270  0.509010  0.290158  0.461270  0.410778  0.510447  0.288495  0.623770 
8  0.319483  0.682966  0.720261  0.706530  0.445254  0.700608  0.399152  0.343910 0.0  0.512404  0.614760  0.587860  0.415328  0.386695  0.459091  0.541486  0.503551  0.489535  0.298240  0.252399  0.776137  0.725670  0.438869  0.549097  0.660983  0.537701  0.617622  0.525033  0.574817  0.748706  0.756670  0.562169  0.547410  0.661403  0.494524  0.390974  0.271428  0.674861  0.341795  0.590524  0.382599  0.571051  0.471630  0.622277  0.598313  0.586748  0.430234  0.541842  0.630551  0.289943  0.673075  0.332978  0.571882  0.405912  0.481805  0.457785  0.456763  0.554403  0.675046  0.167099  0.670729 
9  0.489802  0.622232  0.698105  0.568825  0.610204  0.565750  0.521435  0.540810  0.512404 0.0  0.648131  0.496775  0.568318  0.339499  0.457561  0.561878  0.620512  0.426269  0.457974  0.410141  0.864128  0.696920  0.547005  0.597653  0.612664  0.638553  0.691134  0.700091  0.589083  0.693616  0.711496  0.583587  0.655924  0.880297  0.633551  0.502166  0.436398  0.643675  0.525378  0.615361  0.451705  0.516533  0.564625  0.558768  0.581511  0.650770  0.620396  0.574935  0.709321  0.395475  0.673774  0.561169  0.520900  0.459638  0.561984  0.645871  0.657797  0.525850  0.566171  0.425723  0.640160 
10  0.550701  0.446795  0.437129  0.734782  0.580523  0.555563  0.617401  0.477273  0.614760  0.648131 0.0  0.508753  0.539959  0.710489  0.518996  0.606520  0.532498  0.549697  0.754913  0.631560  0.653451  0.627663  0.401719  0.615909  0.302641  0.295518  0.616218  0.615747  0.638281  0.488582  0.555635  0.494095  0.559430  0.565922  0.642203  0.601093  0.468041  0.624466  0.340073  0.317212  0.560539  0.572347  0.450756  0.580171  0.401405  0.659831  0.543647  0.517302  0.495893  0.595150  0.453478  0.593597  0.458759  0.322294  0.517925  0.492720  0.637307  0.481539  0.704982  0.718133  0.465102 
11  0.457646  0.463933  0.563462  0.582688  0.581055  0.514627  0.537569  0.472445  0.587860  0.496775  0.508753 0.0  0.300228  0.391108  0.640972  0.443673  0.543947  0.233095  0.590825  0.512835  0.669642  0.567142  0.606301  0.502586  0.542942  0.437701  0.512367  0.535145  0.490715  0.723405  0.494415  0.119179  0.473095  0.650827  0.478316  0.403485  0.624174  0.726271  0.742160  0.420395  0.350396  0.523028  0.460189  0.537708  0.600417  0.715148  0.484895  0.448887  0.627325  0.418400  0.643197  0.568017  0.169569  0.627448  0.532205  0.438546  0.682753  0.480483  0.563843  0.516873  0.594745 
12  0.382064  0.651201  0.711051  0.669752  0.448263  0.510686  0.557328  0.232849  0.415328  0.568318  0.539959  0.300228 0.0  0.443049  0.453229  0.442850  0.503239  0.430296  0.530913  0.269071  0.612354  0.644368  0.571324  0.507277  0.502927  0.488781  0.623235  0.396973  0.630436  0.806075  0.606956  0.298765  0.512558  0.776836  0.539780  0.379325  0.363379  0.690182  0.596863  0.506157  0.379443  0.536029  0.350148  0.641469  0.529295  0.545863  0.401601  0.482489  0.660196  0.201879  0.573740  0.384950  0.290564  0.640273  0.525955  0.327367  0.484064  0.500806  0.681389  0.388331  0.635532 
13  0.360477  0.827079  0.713227  0.526069  0.498618  0.677730  0.325139  0.403283  0.386695  0.339499  0.710489  0.391108  0.443049 0.0  0.486634  0.605312  0.560727  0.451792  0.331888  0.388759  0.713679  0.738843  0.655121  0.689540  0.510013  0.534205  0.657507  0.473960  0.603862  0.707357  0.687870  0.374172  0.486609  0.837891  0.568483  0.395125  0.365546  0.785705  0.500125  0.649390  0.451545  0.448379  0.446553  0.601729  0.550169  0.662733  0.532111  0.672886  0.679408  0.280435  0.697227  0.371585  0.456543  0.463765  0.523335  0.381010  0.523810  0.549523  0.659063  0.336497  0.746261 
14  0.568776  0.748568  0.652455  0.585747  0.690063  0.589882  0.581394  0.609042  0.459091  0.457561  0.518996  0.640972  0.453229  0.486634 0.0  0.555467  0.822951  0.557648  0.220556  0.410088  0.692333  0.566382  0.639742  0.655085  0.689401  0.705616  1.000000  0.541116  0.629403  0.690857  0.809120  0.482207  0.559007  0.702606  0.657333  0.507624  0.507995  0.725893  0.533474  0.812568  0.426441  0.585284  0.485243  0.719044  0.611478  0.554744  0.727676  0.568095  0.679396  0.407048  0.619671  0.507354  0.555458  0.597380  0.766515  0.607182  0.721150  0.641544  0.596595  0.323357  0.564156 
15  0.559858  0.478902  0.573779  0.617455  0.389411  0.480074  0.709394  0.509269  0.541486  0.561878  0.606520  0.443673  0.442850  0.605312  0.555467 0.0  0.400833  0.548861  0.664880  0.439678  0.658126  0.529968  0.628043  0.424179  0.720787  0.630366  0.546432  0.518503  0.550972  0.600506  0.565565  0.504303  0.354354  0.778979  0.380119  0.470780  0.575438  0.505961  0.638627  0.417952  0.478255  0.636571  0.539704  0.497221  0.455028  0.406147  0.404430  0.360087  0.517548  0.528796  0.675774  0.563560  0.525093  0.653494  0.471263  0.511340  0.378391  0.464824  0.560926  0.472277  0.554346 
16  0.421764  0.535555  0.558701  0.508968  0.218921  0.490202  0.648229  0.509690  0.503551  0.620512  0.532498  0.543947  0.503239  0.560727  0.822951  0.400833 0.0  0.560281  0.641793  0.557017  0.577501  0.585064  0.681135  0.330925  0.559952  0.435083  0.451148  0.411490  0.539446  0.563345  0.518689  0.631683  0.337763  0.576025  0.200399  0.312049  0.411763  0.497573  0.659557  0.532826  0.540926  0.668447  0.419955  0.420711  0.433918  0.526527  0.414056  0.345964  0.663553  0.603790  0.676044  0.412014  0.586387  0.674065  0.422002  0.311958  0.215388  0.405636  0.582867  0.427737  0.512114 
17  0.372410  0.544167  0.655503  0.537786  0.522984  0.519102  0.433316  0.434608  0.489535  0.426269  0.549697  0.233095  0.430296  0.451792  0.557648  0.548861  0.560281 0.0  0.610891  0.549043  0.632641  0.657940  0.601459  0.544784  0.488890  0.606911  0.523666  0.593876  0.544130  0.526975  0.587648  0.211291  0.448474  0.558167  0.622636  0.408292  0.467520  0.596645  0.634610  0.525182  0.400126  0.554487  0.414889  0.525021  0.483044  0.552494  0.466745  0.519117  0.555688  0.454277  0.696160  0.484358  0.253636  0.551991  0.468344  0.341387  0.576935  0.421698  0.612467  0.588243  0.672811 
18  0.413680  0.903998  0.875674  0.667402  0.526407  0.639336  0.485368  0.444705  0.298240  0.457974  0.754913  0.590825  0.530913  0.331888  0.220556  0.664880  0.641793  0.610891 0.0  0.424762  0.840902  0.665946  0.624216  0.688584  0.574339  0.738443  0.971951  0.549789  0.620116  0.666020  0.686819  0.607255  0.690646  0.941281  0.524331  0.404740  0.383957  0.813747  0.563694  0.810060  0.470881  0.456066  0.526901  0.725994  0.573684  0.543794  0.615484  0.709460  0.670274  0.420555  0.562184  0.478542  0.613090  0.569728  0.735584  0.495370  0.613435  0.734287  0.696222  0.231255  0.735225 
19  0.310970  0.486826  0.614498  0.699654  0.572893  0.588975  0.515678  0.289760  0.252399  0.410141  0.631560  0.512835  0.269071  0.388759  0.410088  0.439678  0.557017  0.549043  0.424762 0.0  0.775282  0.696975  0.536992  0.615456  0.709980  0.565748  0.631490  0.448672  0.626388  0.794463  0.718037  0.434718  0.525877  0.772083  0.505909  0.348232  0.241017  0.590809  0.412724  0.445684  0.225692  0.410029  0.419053  0.690677  0.475243  0.489910  0.446402  0.549032  0.639932  0.150991  0.682495  0.361401  0.463829  0.476643  0.667257  0.409301  0.545484  0.462970  0.598632  0.310492  0.613729 
20  0.891711  0.632105  0.570511  0.588087  0.548751  0.494338  0.695515  0.788006  0.776137  0.864128  0.653451  0.669642  0.612354  0.713679  0.692333  0.658126  0.577501  0.632641  0.840902  0.775282 0.0  0.564394  0.748143  0.545454  0.628418  0.582290  0.487718  0.685204  0.487322  0.488209  0.348049  0.739832  0.563969  0.604241  0.540982  0.729533  0.771799  0.550360  0.686104  0.489847  0.681672  0.619704  0.796061  0.450090  0.695525  0.696480  0.695656  0.539118  0.710390  0.812658  0.636656  0.813736  0.706431  0.618987  0.520514  0.695156  0.491622  0.633821  0.527715  0.812610  0.600149 
21  0.653584  0.585657  0.507223  0.510309  0.534693  0.557698  0.569381  0.624258  0.725670  0.696920  0.627663  0.567142  0.644368  0.738843  0.566382  0.529968  0.585064  0.657940  0.665946  0.696975  0.564394 0.0  0.708180  0.446404  0.600583  0.656271  0.468774  0.546484  0.457700  0.558267  0.485983  0.647578  0.507566  0.565799  0.463349  0.600256  0.690342  0.560612  0.607208  0.587206  0.675275  0.616479  0.660857  0.515154  0.620835  0.560142  0.621929  0.588953  0.556669  0.651025  0.509085  0.673848  0.498862  0.691941  0.488358  0.559875  0.488316  0.619574  0.669733  0.667881  0.619213 
22  0.502776  0.615099  0.523031  0.668996  0.614814  0.616829  0.637894  0.543115  0.438869  0.547005  0.401719  0.606301  0.571324  0.655121  0.639742  0.628043  0.681135  0.601459  0.624216  0.536992  0.748143  0.708180 0.0  0.736564  0.442377  0.513414  0.764534  0.750326  0.624921  0.698082  0.676863  0.739443  0.652552  0.634680  0.621965  0.628269  0.514730  0.778459  0.237184  0.536167  0.565173  0.540170  0.574667  0.670480  0.743308  0.746964  0.732198  0.766228  0.717288  0.525881  0.416409  0.562998  0.691124  0.287073  0.513085  0.601094  0.637600  0.727599  0.739813  0.482358  0.456975 
23  0.465974  0.483206  0.535317  0.624117  0.365358  0.402646  0.704685  0.541434  0.549097  0.597653  0.615909  0.502586  0.507277  0.689540  0.655085  0.424179  0.330925  0.544784  0.688584  0.615456  0.545454  0.446404  0.736564 0.0  0.531588  0.507453  0.481725  0.428042  0.581966  0.477634  0.511666  0.508508  0.320424  0.647480  0.340731  0.482532  0.492169  0.552144  0.679827  0.459211  0.573701  0.576126  0.547238  0.498279  0.346714  0.494085  0.456499  0.313374  0.479129  0.533620  0.627726  0.456988  0.461016  0.648773  0.438328  0.406155  0.364761  0.347060  0.608472  0.629269  0.586795 
24  0.496570  0.645888  0.425804  0.678265  0.423131  0.505501  0.590779  0.492694  0.660983  0.612664  0.302641  0.542942  0.502927  0.510013  0.689401  0.720787  0.559952  0.488890  0.574339  0.709980  0.628418  0.600583  0.442377  0.531588 0.0  0.250646  0.746563  0.671477  0.601785  0.655201  0.489873  0.520810  0.489924  0.653764  0.574304  0.455984  0.606147  0.741799  0.337446  0.334941  0.490098  0.634333  0.375993  0.541684  0.539247  0.701025  0.558351  0.627032  0.582800  0.656165  0.440683  0.524758  0.541838  0.420407  0.457843  0.415297  0.541464  0.527205  0.657733  0.616040  0.502708 
25  0.483622  0.511492  0.421433  0.603650  0.493161  0.480334  0.645891  0.416243  0.537701  0.638553  0.295518  0.437701  0.488781  0.534205  0.705616  0.630366  0.435083  0.606911  0.738443  0.565748  0.582290  0.656271  0.513414  0.507453  0.250646 0.0  0.571595  0.598916  0.532627  0.531251  0.481634  0.460100  0.541697  0.613632  0.410283  0.341292  0.585609  0.558942  0.367497  0.327349  0.542607  0.537854  0.508346  0.507494  0.491085  0.633261  0.418513  0.535446  0.546170  0.572153  0.422519  0.447820  0.470936  0.393229  0.481979  0.387343  0.505926  0.556887  0.758767  0.584018  0.561777 
26  0.575207  0.628638  0.534061  0.435045  0.463016  0.463963  0.750295  0.592479  0.617622  0.691134  0.616218  0.512367  0.623235  0.657507  1.000000  0.546432  0.451148  0.523666  0.971951  0.631490  0.487718  0.468774  0.764534  0.481725  0.746563  0.571595 0.0  0.603458  0.553331  0.260995  0.419601  0.543847  0.436001  0.543345  0.427373  0.610604  0.680785  0.608627  0.713947  0.468214  0.726623  0.576822  0.614700  0.391932  0.550111  0.629535  0.529330  0.457959  0.554741  0.704754  0.803268  0.576225  0.607883  0.676789  0.425949  0.554151  0.575404  0.507026  0.500111  0.740746  0.598798 
27  0.391068  0.558752  0.643297  0.632847  0.417694  0.559459  0.614215  0.334257  0.525033  0.700091  0.615747  0.535145  0.396973  0.473960  0.541116  0.518503  0.411490  0.593876  0.549789  0.448672  0.685204  0.546484  0.750326  0.428042  0.671477  0.598916  0.603458 0.0  0.663306  0.644120  0.694392  0.574486  0.487385  0.624422  0.476908  0.379881  0.461491  0.650208  0.667085  0.539137  0.526604  0.690531  0.457524  0.569885  0.461293  0.561085  0.376652  0.503470  0.527367  0.380965  0.540086  0.398347  0.575557  0.660475  0.594883  0.410527  0.553556  0.555333  0.610378  0.493701  0.633913 
28  0.544661  0.521216  0.568321  0.617945  0.523413  0.609716  0.667830  0.569289  0.574817  0.589083  0.638281  0.490715  0.630436  0.603862  0.629403  0.550972  0.539446  0.544130  0.620116  0.626388  0.487322  0.457700  0.624921  0.581966  0.601785  0.532627  0.553331  0.663306 0.0  0.474685  0.564832  0.553210  0.497392  0.533354  0.559705  0.581371  0.543270  0.509964  0.649388  0.560963  0.575920  0.558550  0.513268  0.532784  0.562587  0.669385  0.603288  0.605108  0.599278  0.599569  0.568871  0.609706  0.531039  0.590571  0.541315  0.557970  0.471554  0.602404  0.553874  0.639806  0.629035 
29  0.664335  0.485683  0.556053  0.487486  0.491698  0.513187  0.683143  0.690460  0.748706  0.693616  0.488582  0.723405  0.806075  0.707357  0.690857  0.600506  0.563345  0.526975  0.666020  0.794463  0.488209  0.558267  0.698082  0.477634  0.655201  0.531251  0.260995  0.644120  0.474685 0.0  0.456910  0.636435  0.538802  0.507015  0.499188  0.588844  0.722881  0.605985  0.715660  0.621284  0.804219  0.563096  0.653760  0.496009  0.588772  0.747365  0.630818  0.451544  0.507533  0.758968  0.676810  0.615320  0.699476  0.775311  0.490026  0.568419  0.540585  0.636906  0.587139  0.731980  0.566276 
30  0.639806  0.570747  0.488534  0.659845  0.437905  0.502706  0.683325  0.700479  0.756670  0.711496  0.555635  0.494415  0.606956  0.687870  0.809120  0.565565  0.518689  0.587648  0.686819  0.718037  0.348049  0.485983  0.676863  0.511666  0.489873  0.481634  0.419601  0.694392  0.564832  0.456910 0.0  0.639994  0.553503  0.389880  0.472717  0.603674  0.553306  0.582752  0.614083  0.391817  0.620190  0.699868  0.550523  0.470892  0.669060  0.627367  0.552963  0.529499  0.592018  0.673374  0.516760  0.706097  0.699688  0.575885  0.341224  0.553277  0.531333  0.598241  0.625683  0.790401  0.544170 
31  0.469628  0.550146  0.602224  0.574336  0.452146  0.510355  0.590696  0.407702  0.562169  0.583587  0.494095  0.119179  0.298765  0.374172  0.482207  0.504303  0.631683  0.211291  0.607255  0.434718  0.739832  0.647578  0.739443  0.508508  0.520810  0.460100  0.543847  0.574486  0.553210  0.636435  0.639994 0.0  0.501085  0.731280  0.599803  0.450566  0.511171  0.670330  0.638064  0.596722  0.439692  0.540657  0.457148  0.449392  0.481289  0.574739  0.440408  0.527954  0.553284  0.416390  0.654649  0.469951  0.193862  0.698105  0.480202  0.423071  0.635698  0.443545  0.539961  0.492112  0.720471 
32  0.464395  0.559149  0.571974  0.679587  0.324387  0.543007  0.755403  0.493742  0.547410  0.655924  0.559430  0.473095  0.512558  0.486609  0.559007  0.354354  0.337763  0.448474  0.690646  0.525877  0.563969  0.507566  0.652552  0.320424  0.489924  0.541697  0.436001  0.487385  0.497392  0.538802  0.553503  0.501085 0.0  0.635682  0.340975  0.458944  0.459367  0.588594  0.575648  0.453381  0.464925  0.572948  0.418056  0.406336  0.425666  0.415366  0.381521  0.283825  0.593229  0.435833  0.607336  0.415212  0.513375  0.648406  0.437335  0.400422  0.433923  0.354867  0.641542  0.476275  0.556368 
33  0.614585  0.582117  0.487962  0.566507  0.617832  0.546888  0.703036  0.730797  0.661403  0.880297  0.565922  0.650827  0.776836  0.837891  0.702606  0.778979  0.576025  0.558167  0.941281  0.772083  0.604241  0.565799  0.634680  0.647480  0.653764  0.613632  0.543345  0.624422  0.533354  0.507015  0.389880  0.731280  0.635682 0.0  0.671373  0.550390  0.740110  0.681936  0.603309  0.634760  0.647654  0.551215  0.814962  0.462002  0.694284  0.741089  0.593141  0.617435  0.488089  0.611072  0.609040  0.676402  0.698852  0.568059  0.491832  0.667726  0.622285  0.709821  0.665806  0.687835  0.661902 
34  0.472766  0.412938  0.470096  0.637574  0.227506  0.462991  0.574923  0.524671  0.494524  0.633551  0.642203  0.478316  0.539780  0.568483  0.657333  0.380119  0.200399  0.622636  0.524331  0.505909  0.540982  0.463349  0.621965  0.340731  0.574304  0.410283  0.427373  0.476908  0.559705  0.499188  0.472717  0.599803  0.340975  0.671373 0.0  0.371901  0.484455  0.510734  0.519229  0.445737  0.597869  0.601735  0.486034  0.418126  0.404566  0.512100  0.374520  0.303572  0.630109  0.541558  0.633497  0.390801  0.626699  0.586873  0.471330  0.398161  0.256802  0.420521  0.710483  0.515200  0.583246 
35  0.249778  0.587174  0.614867  0.555170  0.401069  0.649932  0.468497  0.273553  0.390974  0.502166  0.601093  0.403485  0.379325  0.395125  0.507624  0.470780  0.312049  0.408292  0.404740  0.348232  0.729533  0.600256  0.628269  0.482532  0.455984  0.341292  0.610604  0.379881  0.581371  0.588844  0.603674  0.450566  0.458944  0.550390  0.371901 0.0  0.302914  0.686975  0.544201  0.426389  0.323996  0.545664  0.264799  0.518053  0.420720  0.579630  0.370961  0.486011  0.618716  0.309095  0.616659  0.330214  0.484792  0.620567  0.620579  0.212447  0.418741  0.535260  0.644138  0.356892  0.709798 
36  0.273603  0.658576  0.647845  0.548881  0.442115  0.532857  0.440600  0.288678  0.271428  0.436398  0.468041  0.624174  0.363379  0.365546  0.507995  0.575438  0.411763  0.467520  0.383957  0.241017  0.771799  0.690342  0.514730  0.492169  0.606147  0.585609  0.680785  0.461491  0.543270  0.722881  0.553306  0.511171  0.459367  0.740110  0.484455  0.302914 0.0  0.632675  0.442093  0.636606  0.371629  0.541780  0.488757  0.465630  0.518993  0.575590  0.389072  0.504731  0.623447  0.258971  0.633191  0.289151  0.616925  0.427070  0.655611  0.436290  0.554861  0.573327  0.619375  0.264154  0.737272 
37  0.637996  0.414880  0.567695  0.610992  0.403537  0.468281  0.834468  0.603512  0.674861  0.643675  0.624466  0.726271  0.690182  0.785705  0.725893  0.505961  0.497573  0.596645  0.813747  0.590809  0.550360  0.560612  0.778459  0.552144  0.741799  0.558942  0.608627  0.650208  0.509964  0.605985  0.582752  0.670330  0.588594  0.681936  0.510734  0.686975  0.632675 0.0  0.540321  0.555320  0.837849  0.701994  0.763634  0.475850  0.714062  0.635400  0.519684  0.554302  0.543131  0.539171  0.670045  0.722838  0.571217  0.571802  0.465588  0.717377  0.485146  0.570049  0.689657  0.757250  0.569459 
38  0.402834  0.636797  0.506522  0.678940  0.598248  0.663325  0.552969  0.591119  0.341795  0.525378  0.340073  0.742160  0.596863  0.500125  0.533474  0.638627  0.659557  0.634610  0.563694  0.412724  0.686104  0.607208  0.237184  0.679827  0.337446  0.367497  0.713947  0.667085  0.649388  0.715660  0.614083  0.638064  0.575648  0.603309  0.519229  0.544201  0.442093  0.540321 0.0  0.474786  0.522273  0.478341  0.459856  0.615602  0.635011  0.654713  0.477382  0.778828  0.754871  0.482791  0.385887  0.491171  0.516842  0.165129  0.613179  0.499843  0.539200  0.504785  0.578300  0.510750  0.447231 
39  0.566054  0.367305  0.304758  0.656910  0.375280  0.566508  0.620217  0.605790  0.590524  0.615361  0.317212  0.420395  0.506157  0.649390  0.812568  0.417952  0.532826  0.525182  0.810060  0.445684  0.489847  0.587206  0.536167  0.459211  0.334941  0.327349  0.468214  0.539137  0.560963  0.621284  0.391817  0.596722  0.453381  0.634760  0.445737  0.426389  0.636606  0.555320  0.474786 0.0  0.596471  0.583805  0.504210  0.387337  0.613603  0.547288  0.565059  0.366158  0.508416  0.566035  0.428267  0.501217  0.461158  0.482999  0.438236  0.451976  0.426869  0.426279  0.700959  0.765713  0.375046 
40  0.290217  0.566642  0.578149  0.590017  0.546048  0.521822  0.564164  0.393521  0.382599  0.451705  0.560539  0.350396  0.379443  0.451545  0.426441  0.478255  0.540926  0.400126  0.470881  0.225692  0.681672  0.675275  0.565173  0.573701  0.490098  0.542607  0.726623  0.526604  0.575920  0.804219  0.620190  0.439692  0.464925  0.647654  0.597869  0.323996  0.371629  0.837849  0.522273  0.596471 0.0  0.566422  0.400658  0.623286  0.527010  0.537570  0.437543  0.617840  0.629177  0.274630  0.645918  0.359081  0.445069  0.542240  0.638718  0.407836  0.626486  0.492637  0.650727  0.389034  0.543224 
41  0.470408  0.652770  0.740497  0.469776  0.600427  0.557157  0.509204  0.525442  0.571051  0.516533  0.572347  0.523028  0.536029  0.448379  0.585284  0.636571  0.668447  0.554487  0.456066  0.410029  0.619704  0.616479  0.540170  0.576126  0.634333  0.537854  0.576822  0.690531  0.558550  0.563096  0.699868  0.540657  0.572948  0.551215  0.601735  0.545664  0.541780  0.701994  0.478341  0.583805  0.566422 0.0  0.455713  0.709178  0.576826  0.602190  0.654433  0.584013  0.604768  0.459171  0.683172  0.489692  0.575029  0.494738  0.642009  0.512770  0.595355  0.526863  0.490251  0.540976  0.661311 
42  0.341077  0.686141  0.700052  0.663861  0.436456  0.549457  0.584861  0.326072  0.471630  0.564625  0.450756  0.460189  0.350148  0.446553  0.485243  0.539704  0.419955  0.414889  0.526901  0.419053  0.796061  0.660857  0.574667  0.547238  0.375993  0.508346  0.614700  0.457524  0.513268  0.653760  0.550523  0.457148  0.418056  0.814962  0.486034  0.264799  0.488757  0.763634  0.459856  0.504210  0.400658  0.455713 0.0  0.537394  0.304092  0.641031  0.361562  0.458191  0.598767  0.405774  0.546469  0.394917  0.454670  0.516355  0.596604  0.229010  0.531031  0.560610  0.666763  0.440257  0.762212 
43  0.559699  0.378631  0.453633  0.505096  0.456829  0.600211  0.632139  0.620069  0.622277  0.558768  0.580171  0.537708  0.641469  0.601729  0.719044  0.497221  0.420711  0.525021  0.725994  0.690677  0.450090  0.515154  0.670480  0.498279  0.541684  0.507494  0.391932  0.569885  0.532784  0.496009  0.470892  0.449392  0.406336  0.462002  0.418126  0.518053  0.465630  0.475850  0.615602  0.387337  0.623286  0.709178  0.537394 0.0  0.514331  0.563373  0.501317  0.400226  0.469774  0.564737  0.631206  0.574860  0.539590  0.688412  0.419389  0.549192  0.484997  0.504663  0.545375  0.691627  0.579696 
44  0.420386  0.562400  0.625479  0.723484  0.409961  0.531546  0.609606  0.343978  0.598313  0.581511  0.401405  0.600417  0.529295  0.550169  0.611478  0.455028  0.433918  0.483044  0.573684  0.475243  0.695525  0.620835  0.743308  0.346714  0.539247  0.491085  0.550111  0.461293  0.562587  0.588772  0.669060  0.481289  0.425666  0.694284  0.404566  0.420720  0.518993  0.714062  0.635011  0.613603  0.527010  0.576826  0.304092  0.514331 0.0  0.446068  0.288022  0.436937  0.638644  0.444492  0.549855  0.499923  0.541270  0.525004  0.570837  0.305199  0.425673  0.529115  0.631087  0.493346  0.582091 
45  0.660391  0.467790  0.617838  0.670084  0.528973  0.650405  0.807833  0.621543  0.586748  0.650770  0.659831  0.715148  0.545863  0.662733  0.554744  0.406147  0.526527  0.552494  0.543794  0.489910  0.696480  0.560142  0.746964  0.494085  0.701025  0.633261  0.629535  0.561085  0.669385  0.747365  0.627367  0.574739  0.415366  0.741089  0.512100  0.579630  0.575590  0.635400  0.654713  0.547288  0.537570  0.602190  0.641031  0.563373  0.446068 0.0  0.584466  0.493733  0.608470  0.524161  0.728527  0.625401  0.640865  0.756872  0.436751  0.578186  0.570102  0.552884  0.620035  0.593612  0.633286 
46  0.370177  0.556763  0.525661  0.560869  0.448057  0.504301  0.567178  0.292316  0.430234  0.620396  0.543647  0.484895  0.401601  0.532111  0.727676  0.404430  0.414056  0.466745  0.615484  0.446402  0.695656  0.621929  0.732198  0.456499  0.558351  0.418513  0.529330  0.376652  0.603288  0.630818  0.552963  0.440408  0.381521  0.593141  0.374520  0.370961  0.389072  0.519684  0.477382  0.565059  0.437543  0.654433  0.361562  0.501317  0.288022  0.584466 0.0  0.486686  0.543372  0.443307  0.526791  0.386110  0.507560  0.608247  0.509223  0.363343  0.494789  0.386332  0.560994  0.507790  0.611233 
47  0.550829  0.498198  0.480053  0.694662  0.336772  0.563299  0.635717  0.650682  0.541842  0.574935  0.517302  0.448887  0.482489  0.672886  0.568095  0.360087  0.345964  0.519117  0.709460  0.549032  0.539118  0.588953  0.766228  0.313374  0.627032  0.535446  0.457959  0.503470  0.605108  0.451544  0.529499  0.527954  0.283825  0.617435  0.303572  0.486011  0.504731  0.554302  0.778828  0.366158  0.617840  0.584013  0.458191  0.400226  0.436937  0.493733  0.486686 0.0  0.488658  0.571264  0.521638  0.524465  0.468186  0.840081  0.424491  0.393252  0.339291  0.290972  0.653389  0.668821  0.610911 
48  0.631531  0.560733  0.479021  0.583696  0.492150  0.541342  0.589157  0.676216  0.630551  0.709321  0.495893  0.627325  0.660196  0.679408  0.679396  0.517548  0.663553  0.555688  0.670274  0.639932  0.710390  0.556669  0.717288  0.479129  0.582800  0.546170  0.554741  0.527367  0.599278  0.507533  0.592018  0.553284  0.593229  0.488089  0.630109  0.618716  0.623447  0.543131  0.754871  0.508416  0.629177  0.604768  0.598767  0.469774  0.638644  0.608470  0.543372  0.488658 0.0  0.615445  0.618844  0.581626  0.613753  0.736011  0.528661  0.524432  0.541149  0.551480  0.573661  0.809658  0.593176 
49  0.296620  0.668264  0.622945  0.672107  0.569112  0.538847  0.513530  0.264572  0.289943  0.395475  0.595150  0.418400  0.201879  0.280435  0.407048  0.528796  0.603790  0.454277  0.420555  0.150991  0.812658  0.651025  0.525881  0.533620  0.656165  0.572153  0.704754  0.380965  0.599569  0.758968  0.673374  0.416390  0.435833  0.611072  0.541558  0.309095  0.258971  0.539171  0.482791  0.566035  0.274630  0.459171  0.405774  0.564737  0.444492  0.524161  0.443307  0.571264  0.615445 0.0  0.602999  0.350737  0.330573  0.470712  0.594712  0.383951  0.597798  0.485645  0.644364  0.322408  0.582497 
50  0.595017  0.685944  0.439846  0.692789  0.736408  0.488085  0.622071  0.504516  0.673075  0.673774  0.453478  0.643197  0.573740  0.697227  0.619671  0.675774  0.676044  0.696160  0.562184  0.682495  0.636656  0.509085  0.416409  0.627726  0.440683  0.422519  0.803268  0.540086  0.568871  0.676810  0.516760  0.654649  0.607336  0.609040  0.633497  0.616659  0.633191  0.670045  0.385887  0.428267  0.645918  0.683172  0.546469  0.631206  0.549855  0.728527  0.526791  0.521638  0.618844  0.602999 0.0  0.548772  0.674412  0.426191  0.648128  0.674032  0.638370  0.613260  0.682904  0.554738  0.472686 
51  0.250177  0.561424  0.625964  0.608245  0.413398  0.527206  0.433508  0.360162  0.332978  0.561169  0.593597  0.568017  0.384950  0.371585  0.507354  0.563560  0.412014  0.484358  0.478542  0.361401  0.813736  0.673848  0.562998  0.456988  0.524758  0.447820  0.576225  0.398347  0.609706  0.615320  0.706097  0.469951  0.415212  0.676402  0.390801  0.330214  0.289151  0.722838  0.491171  0.501217  0.359081  0.489692  0.394917  0.574860  0.499923  0.625401  0.386110  0.524465  0.581626  0.350737  0.548772 0.0  0.458731  0.516636  0.604661  0.292930  0.416809  0.414159  0.599660  0.268688  0.643811 
52  0.498672  0.570344  0.663426  0.583647  0.528867  0.485287  0.559476  0.398109  0.571882  0.520900  0.458759  0.169569  0.290564  0.456543  0.555458  0.525093  0.586387  0.253636  0.613090  0.463829  0.706431  0.498862  0.691124  0.461016  0.541838  0.470936  0.607883  0.575557  0.531039  0.699476  0.699688  0.193862  0.513375  0.698852  0.626699  0.484792  0.616925  0.571217  0.516842  0.461158  0.445069  0.575029  0.454670  0.539590  0.541270  0.640865  0.507560  0.468186  0.613753  0.330573  0.674412  0.458731 0.0  0.634439  0.443184  0.418298  0.582264  0.533540  0.702434  0.490188  0.783179 
53  0.512905  0.679699  0.563391  0.575169  0.640054  0.551027  0.540644  0.488270  0.405912  0.459638  0.322294  0.627448  0.640273  0.463765  0.597380  0.653494  0.674065  0.551991  0.569728  0.476643  0.618987  0.691941  0.287073  0.648773  0.420407  0.393229  0.676789  0.660475  0.590571  0.775311  0.575885  0.698105  0.648406  0.568059  0.586873  0.620567  0.427070  0.571802  0.165129  0.482999  0.542240  0.494738  0.516355  0.688412  0.525004  0.756872  0.608247  0.840081  0.736011  0.470712  0.426191  0.516636  0.634439 0.0  0.588345  0.533368  0.618089  0.672682  0.691931  0.460467  0.456875 
54  0.461818  0.373865  0.521970  0.586195  0.404744  0.584778  0.576396  0.509010  0.481805  0.561984  0.517925  0.532205  0.525955  0.523335  0.766515  0.471263  0.422002  0.468344  0.735584  0.667257  0.520514  0.488358  0.513085  0.438328  0.457843  0.481979  0.425949  0.594883  0.541315  0.490026  0.341224  0.480202  0.437335  0.491832  0.471330  0.620579  0.655611  0.465588  0.613179  0.438236  0.638718  0.642009  0.596604  0.419389  0.570837  0.436751  0.509223  0.424491  0.528661  0.594712  0.648128  0.604661  0.443184  0.588345 0.0  0.553080  0.471305  0.547129  0.560737  0.678402  0.593361 
55  0.304303  0.515246  0.619541  0.579189  0.302275  0.491528  0.522534  0.290158  0.457785  0.645871  0.492720  0.438546  0.327367  0.381010  0.607182  0.511340  0.311958  0.341387  0.495370  0.409301  0.695156  0.559875  0.601094  0.406155  0.415297  0.387343  0.554151  0.410527  0.557970  0.568419  0.553277  0.423071  0.400422  0.667726  0.398161  0.212447  0.436290  0.717377  0.499843  0.451976  0.407836  0.512770  0.229010  0.549192  0.305199  0.578186  0.363343  0.393252  0.524432  0.383951  0.674032  0.292930  0.418298  0.533368  0.553080 0.0  0.392347  0.388062  0.558279  0.361660  0.763129 
56  0.499071  0.500512  0.616578  0.678998  0.253159  0.560331  0.652318  0.461270  0.456763  0.657797  0.637307  0.682753  0.484064  0.523810  0.721150  0.378391  0.215388  0.576935  0.613435  0.545484  0.491622  0.488316  0.637600  0.364761  0.541464  0.505926  0.575404  0.553556  0.471554  0.540585  0.531333  0.635698  0.433923  0.622285  0.256802  0.418741  0.554861  0.485146  0.539200  0.426869  0.626486  0.595355  0.531031  0.484997  0.425673  0.570102  0.494789  0.339291  0.541149  0.597798  0.638370  0.416809  0.582264  0.618089  0.471305  0.392347 0.0  0.427160  0.708774  0.484056  0.532177 
57  0.445439  0.449173  0.463924  0.618207  0.391828  0.488976  0.629783  0.410778  0.554403  0.525850  0.481539  0.480483  0.500806  0.549523  0.641544  0.464824  0.405636  0.421698  0.734287  0.462970  0.633821  0.619574  0.727599  0.347060  0.527205  0.556887  0.507026  0.555333  0.602404  0.636906  0.598241  0.443545  0.354867  0.709821  0.420521  0.535260  0.573327  0.570049  0.504785  0.426279  0.492637  0.526863  0.560610  0.504663  0.529115  0.552884  0.386332  0.290972  0.551480  0.485645  0.613260  0.414159  0.533540  0.672682  0.547129  0.388062  0.427160 0.0  0.551815  0.572040  0.584050 
58  0.643055  0.675534  0.677595  0.540916  0.606608  0.602944  0.664978  0.510447  0.675046  0.566171  0.704982  0.563843  0.681389  0.659063  0.596595  0.560926  0.582867  0.612467  0.696222  0.598632  0.527715  0.669733  0.739813  0.608472  0.657733  0.758767  0.500111  0.610378  0.553874  0.587139  0.625683  0.539961  0.641542  0.665806  0.710483  0.644138  0.619375  0.689657  0.578300  0.700959  0.650727  0.490251  0.666763  0.545375  0.631087  0.620035  0.560994  0.653389  0.573661  0.644364  0.682904  0.599660  0.702434  0.691931  0.560737  0.558279  0.708774  0.551815 0.0  0.589445  0.622832 
59  0.342346  0.767441  0.658390  0.607824  0.556565  0.597697  0.297294  0.288495  0.167099  0.425723  0.718133  0.516873  0.388331  0.336497  0.323357  0.472277  0.427737  0.588243  0.231255  0.310492  0.812610  0.667881  0.482358  0.629269  0.616040  0.584018  0.740746  0.493701  0.639806  0.731980  0.790401  0.492112  0.476275  0.687835  0.515200  0.356892  0.264154  0.757250  0.510750  0.765713  0.389034  0.540976  0.440257  0.691627  0.493346  0.593612  0.507790  0.668821  0.809658  0.322408  0.554738  0.268688  0.490188  0.460467  0.678402  0.361660  0.484056  0.572040  0.589445 0.0  0.754524 
60  0.582001  0.509916  0.427508  0.681231  0.573963  0.514397  0.733057  0.623770  0.670729  0.640160  0.465102  0.594745  0.635532  0.746261  0.564156  0.554346  0.512114  0.672811  0.735225  0.613729  0.600149  0.619213  0.456975  0.586795  0.502708  0.561777  0.598798  0.633913  0.629035  0.566276  0.544170  0.720471  0.556368  0.661902  0.583246  0.709798  0.737272  0.569459  0.447231  0.375046  0.543224  0.661311  0.762212  0.579696  0.582091  0.633286  0.611233  0.610911  0.593176  0.582497  0.472686  0.643811  0.783179  0.456875  0.593361  0.763129  0.532177  0.584050  0.622832  0.754524 0.0 
