61
0 0.0  0.524430  0.660081  0.598141  0.339621  0.734428  0.404115  0.308255  0.266244  0.397192  0.559014  0.411990  0.293936  0.341958  0.500116  0.443486  0.474793  0.350238  0.470529  0.236274  0.705624  0.751582  0.572962  0.533779  0.505548  0.552416  0.580696  0.442064  0.511389  0.604612  0.573195  0.385990  0.444718  0.640394  0.377922  0.316166  0.279159  0.657452  0.316249  0.664861  0.306254  0.465925  0.252269  0.665985  0.347664  0.583784  0.415504  0.601318  0.663626  0.318465  0.527401  0.269009  0.491046  0.469131  0.651154  0.214729  0.502241  0.501807  0.627346  0.367075  0.684970 
1  0.524430 0.0  0.503334  0.635084  0.436711  0.475377  0.664375  0.606582  0.683863  0.575952  0.524400  0.556028  0.695407  0.789977  0.842140  0.496019  0.483381  0.498556  0.834779  0.582598  0.612079  0.493155  0.605274  0.657263  0.572514  0.556545  0.671943  0.625114  0.538469  0.554658  0.596088  0.498979  0.619660  0.736208  0.556611  0.556794  0.757604  0.361624  0.650153  0.417928  0.532115  0.730884  0.598111  0.348134  0.634633  0.653278  0.605148  0.522718  0.491712  0.494427  0.672055  0.469156  0.510193  0.550990  0.509730  0.516074  0.604732  0.525164  0.666394  0.740256  0.555345 
2  0.660081  0.503334 0.0  0.537453  0.555302  0.566853  0.921179  0.671914  0.793347  0.665317  0.380983  0.652070  0.618654  0.787239  0.700020  0.547724  0.621226  0.676976  0.898289  0.701008  0.613925  0.614281  0.551967  0.617010  0.478430  0.369974  0.574507  0.662938  0.500717  0.709755  0.421010  0.726777  0.513681  0.537094  0.584009  0.671878  0.714433  0.509837  0.572979  0.400026  0.575451  0.719360  0.620110  0.460697  0.695598  0.685091  0.589553  0.429425  0.457115  0.704345  0.503391  0.692540  0.702194  0.616780  0.441302  0.588318  0.531952  0.522548  0.706214  0.706893  0.461079 
3  0.598141  0.635084  0.537453 0.0  0.596549  0.504289  0.707619  0.603386  0.653870  0.617080  0.728237  0.554065  0.641957  0.558531  0.665044  0.646748  0.643498  0.610731  0.688676  0.626823  0.565443  0.612898  0.789143  0.648432  0.602476  0.661333  0.376947  0.649177  0.525054  0.476702  0.665819  0.600302  0.610154  0.596903  0.669636  0.544891  0.702188  0.792927  0.701203  0.730051  0.679127  0.458684  0.623547  0.617988  0.611937  0.529307  0.503605  0.687665  0.541480  0.685264  0.715255  0.620235  0.578576  0.672432  0.601241  0.619997  0.706476  0.667351  0.467752  0.608025  0.641969 
4  0.339621  0.436711  0.555302  0.596549 0.0  0.469817  0.652361  0.528131  0.495218  0.657596  0.470849  0.526722  0.542121  0.713520  0.704867  0.394489  0.174200  0.482738  0.659919  0.561524  0.486345  0.547934  0.737713  0.316559  0.351585  0.424185  0.481729  0.431382  0.515347  0.472195  0.492748  0.624228  0.313526  0.584300  0.274639  0.389651  0.537858  0.466371  0.586622  0.449764  0.616771  0.584159  0.399944  0.475515  0.448455  0.553615  0.437187  0.277229  0.557039  0.536914  0.517592  0.426524  0.502904  0.525052  0.336561  0.302647  0.307611  0.401689  0.690034  0.549429  0.638807 
5  0.734428  0.475377  0.566853  0.504289  0.469817 0.0  0.681739  0.591158  0.755888  0.565392  0.636298  0.603097  0.516034  0.576461  0.679213  0.455073  0.504459  0.459182  0.653164  0.604831  0.559154  0.650043  0.712214  0.487650  0.593745  0.636201  0.575269  0.504553  0.658209  0.535952  0.487736  0.553047  0.492171  0.677653  0.560298  0.602590  0.660169  0.450095  0.592791  0.492281  0.623000  0.560661  0.610407  0.512596  0.628062  0.623357  0.567104  0.498952  0.600301  0.537937  0.575063  0.507938  0.645309  0.634735  0.444473  0.459555  0.592481  0.478071  0.668076  0.606684  0.642641 
6  0.404115  0.664375  0.921179  0.707619  0.652361  0.681739 0.0  0.486334  0.307675  0.473845  0.777767  0.527455  0.590449  0.328227  0.480797  0.741437  0.711182  0.606655  0.422573  0.482615  0.738313  0.695271  0.584436  0.701060  0.643568  0.601326  0.767812  0.549609  0.669943  0.828956  0.767456  0.546244  0.781753  0.680691  0.552098  0.425777  0.492410  0.841666  0.599171  0.836882  0.520048  0.556873  0.637513  0.701176  0.708199  0.753680  0.591636  0.642503  0.753315  0.397112  0.670252  0.515671  0.558839  0.547956  0.643784  0.587522  0.651644  0.742271  0.612754  0.327215  0.806630 
7  0.308255  0.606582  0.671914  0.603386  0.528131  0.591158  0.486334 0.0  0.298053  0.538441  0.541195  0.508614  0.284997  0.532805  0.557736  0.505382  0.547013  0.486057  0.450006  0.195693  0.760275  0.650855  0.564276  0.513264  0.481966  0.434016  0.703405  0.283794  0.684234  0.763969  0.665367  0.291934  0.397816  0.770043  0.483448  0.261721  0.254306  0.579787  0.526419  0.570246  0.369277  0.579261  0.290301  0.547301  0.356109  0.597245  0.284535  0.541265  0.704766  0.330811  0.587964  0.341513  0.400196  0.607088  0.546516  0.279856  0.412596  0.477664  0.639753  0.410602  0.744828 
8  0.266244  0.683863  0.793347  0.653870  0.495218  0.755888  0.307675  0.298053 0.0  0.511527  0.695008  0.556544  0.387264  0.349166  0.470640  0.555010  0.543983  0.490485  0.345155  0.260815  0.762286  0.647806  0.412609  0.645234  0.558671  0.509699  0.640742  0.497003  0.517346  0.772167  0.677097  0.574374  0.497643  0.659964  0.442224  0.426996  0.244662  0.741219  0.510566  0.519233  0.448471  0.514018  0.535797  0.650057  0.456160  0.513770  0.440853  0.531136  0.604539  0.281118  0.491123  0.359814  0.577993  0.504144  0.652453  0.488561  0.443589  0.540336  0.724764  0.175480  0.679610 
9  0.397192  0.575952  0.665317  0.617080  0.657596  0.565392  0.473845  0.538441  0.511527 0.0  0.705175  0.525378  0.505229  0.348324  0.436293  0.541292  0.616658  0.480973  0.605772  0.397368  0.633356  0.589311  0.540628  0.619538  0.711675  0.581872  0.661834  0.626519  0.542043  0.757006  0.687890  0.456671  0.610366  0.828208  0.693004  0.545394  0.536679  0.728238  0.526251  0.701169  0.466829  0.464515  0.610912  0.713527  0.610235  0.523211  0.585889  0.614482  0.644178  0.440356  0.643240  0.554502  0.556378  0.400113  0.681694  0.535356  0.724657  0.564530  0.597148  0.456476  0.634608 
10  0.559014  0.524400  0.380983  0.728237  0.470849  0.636298  0.777767  0.541195  0.695008  0.705175 0.0  0.471910  0.540239  0.743473  0.634803  0.624512  0.522093  0.484915  0.680023  0.537742  0.634870  0.589209  0.379429  0.631969  0.349142  0.364020  0.643462  0.595643  0.561754  0.723203  0.509219  0.462671  0.614266  0.551780  0.546098  0.549496  0.732498  0.560374  0.398901  0.352528  0.605701  0.577125  0.487055  0.507834  0.395969  0.722743  0.422099  0.490440  0.608980  0.456513  0.418768  0.616080  0.661658  0.287180  0.565282  0.465729  0.599347  0.440522  0.642734  0.706669  0.538332 
11  0.411990  0.556028  0.652070  0.554065  0.526722  0.603097  0.527455  0.508614  0.556544  0.525378  0.471910 0.0  0.342212  0.404136  0.641060  0.523493  0.544109  0.300701  0.623539  0.517706  0.656859  0.579037  0.713947  0.545434  0.544487  0.472908  0.473753  0.607040  0.533956  0.665632  0.577028  0.172594  0.488293  0.607300  0.622607  0.496797  0.478895  0.555204  0.705690  0.494028  0.370090  0.510342  0.491582  0.505666  0.463061  0.566997  0.544991  0.524384  0.695429  0.429619  0.536412  0.502980  0.136777  0.710953  0.629557  0.349588  0.522370  0.535953  0.600336  0.544560  0.747933 
12  0.293936  0.695407  0.618654  0.641957  0.542121  0.516034  0.590449  0.284997  0.387264  0.505229  0.540239  0.342212 0.0  0.391369  0.346364  0.413038  0.512227  0.526279  0.497713  0.331263  0.724346  0.635185  0.756225  0.483176  0.534713  0.492545  0.772558  0.331612  0.639338  0.761390  0.612576  0.224975  0.487389  0.856177  0.535649  0.341820  0.353975  0.671224  0.609942  0.653091  0.290110  0.528392  0.367380  0.564379  0.441470  0.580114  0.549568  0.521604  0.579007  0.181645  0.529265  0.385816  0.363095  0.590851  0.558075  0.284575  0.522019  0.502526  0.653659  0.434729  0.668143 
13  0.341958  0.789977  0.787239  0.558531  0.713520  0.576461  0.328227  0.532805  0.349166  0.348324  0.743473  0.404136  0.391369 0.0  0.516237  0.776580  0.619357  0.368762  0.377349  0.396461  0.927558  0.613454  0.577598  0.641292  0.520545  0.565142  0.712919  0.487677  0.511848  0.795916  0.607377  0.360149  0.563327  0.731126  0.510164  0.454841  0.351224  0.818005  0.525858  0.739529  0.486739  0.370612  0.401100  0.551548  0.676798  0.606417  0.588628  0.642799  0.725950  0.310807  0.611731  0.324925  0.443936  0.639813  0.679625  0.434466  0.682711  0.546550  0.663362  0.252451  0.720770 
14  0.500116  0.842140  0.700020  0.665044  0.704867  0.679213  0.480797  0.557736  0.470640  0.436293  0.634803  0.641060  0.346364  0.516237 0.0  0.600407  0.738633  0.570503  0.271376  0.379784  0.893355  0.619839  0.581522  0.595233  0.597917  0.828493  1.000000  0.445598  0.709662  0.884501  0.802754  0.489855  0.669097  0.918043  0.603327  0.502309  0.446600  0.898759  0.581994  0.741359  0.364894  0.561155  0.446849  0.721327  0.653656  0.576484  0.664417  0.793015  0.683835  0.378335  0.687921  0.485791  0.548970  0.500535  0.704069  0.575663  0.685841  0.544637  0.619133  0.347590  0.698699 
15  0.443486  0.496019  0.547724  0.646748  0.394489  0.455073  0.741437  0.505382  0.555010  0.541292  0.624512  0.523493  0.413038  0.776580  0.600407 0.0  0.286384  0.488504  0.506357  0.314407  0.668235  0.549790  0.658116  0.388597  0.750005  0.601189  0.571697  0.487951  0.477902  0.562639  0.618782  0.453729  0.413755  0.696721  0.405843  0.473612  0.559104  0.429541  0.651203  0.422458  0.493462  0.570334  0.541446  0.549980  0.487110  0.423824  0.442459  0.322016  0.514937  0.514937  0.598490  0.446379  0.460355  0.666416  0.378493  0.535157  0.271871  0.398454  0.701512  0.621818  0.679377 
16  0.474793  0.483381  0.621226  0.643498  0.174200  0.504459  0.711182  0.547013  0.543983  0.616658  0.522093  0.544109  0.512227  0.619357  0.738633  0.286384 0.0  0.506133  0.614068  0.529797  0.686733  0.571454  0.784082  0.229298  0.540367  0.380556  0.472417  0.468181  0.406466  0.475612  0.421408  0.590195  0.303445  0.478790  0.142517  0.291790  0.509768  0.523007  0.752202  0.518047  0.557652  0.756709  0.498171  0.418466  0.417434  0.499529  0.424130  0.338493  0.555084  0.523576  0.683469  0.465807  0.581711  0.741554  0.448101  0.321351  0.184339  0.420113  0.645740  0.554865  0.773984 
17  0.350238  0.498556  0.676976  0.610731  0.482738  0.459182  0.606655  0.486057  0.490485  0.480973  0.484915  0.300701  0.526279  0.368762  0.570503  0.488504  0.506133 0.0  0.635158  0.440911  0.715883  0.561155  0.656593  0.600713  0.500649  0.487467  0.546287  0.555294  0.561217  0.541682  0.642023  0.160175  0.531292  0.621710  0.591323  0.464951  0.504482  0.725423  0.640237  0.506433  0.296636  0.624535  0.333436  0.512726  0.526088  0.702835  0.465971  0.506700  0.455236  0.392532  0.697052  0.484021  0.276990  0.709212  0.483923  0.436233  0.552764  0.506500  0.693575  0.554022  0.608451 
18  0.470529  0.834779  0.898289  0.688676  0.659919  0.653164  0.422573  0.450006  0.345155  0.605772  0.680023  0.623539  0.497713  0.377349  0.271376  0.506357  0.614068  0.635158 0.0  0.483509  0.845224  0.690757  0.572369  0.632305  0.520554  0.592914  0.762726  0.444029  0.754244  0.849979  0.775119  0.641053  0.530679  0.881452  0.705190  0.439686  0.409895  0.854191  0.463659  0.664056  0.454431  0.602740  0.475294  0.794097  0.619268  0.573979  0.556215  0.769425  0.660221  0.394674  0.580217  0.356483  0.729455  0.440502  0.692419  0.476871  0.572171  0.743855  0.666073  0.284854  0.584009 
19  0.236274  0.582598  0.701008  0.626823  0.561524  0.604831  0.482615  0.195693  0.260815  0.397368  0.537742  0.517706  0.331263  0.396461  0.379784  0.314407  0.529797  0.440911  0.483509 0.0  0.699140  0.656080  0.503781  0.586636  0.772414  0.606111  0.728248  0.564214  0.516004  0.830032  0.684048  0.549510  0.450407  0.656702  0.478033  0.298292  0.247235  0.648806  0.511028  0.502278  0.288006  0.514410  0.366825  0.647446  0.489376  0.473827  0.403195  0.567673  0.631488  0.139631  0.563474  0.229018  0.555836  0.571418  0.552410  0.436020  0.501117  0.471555  0.546513  0.273443  0.581154 
20  0.705624  0.612079  0.613925  0.565443  0.486345  0.559154  0.738313  0.760275  0.762286  0.633356  0.634870  0.656859  0.724346  0.927558  0.893355  0.668235  0.686733  0.715883  0.845224  0.699140 0.0  0.539178  0.582894  0.574378  0.703596  0.652287  0.560510  0.749057  0.606510  0.593490  0.308251  0.647445  0.440797  0.508081  0.494728  0.807619  0.791509  0.589236  0.650860  0.574648  0.728503  0.637028  0.793764  0.586415  0.749707  0.720597  0.659376  0.589367  0.592590  0.767167  0.647100  0.700805  0.717818  0.712956  0.546041  0.765434  0.541589  0.651584  0.640575  0.765505  0.587638 
21  0.751582  0.493155  0.614281  0.612898  0.547934  0.650043  0.695271  0.650855  0.647806  0.589311  0.589209  0.579037  0.635185  0.613454  0.619839  0.549790  0.571454  0.561155  0.690757  0.656080  0.539178 0.0  0.710009  0.416470  0.583886  0.685035  0.512025  0.721666  0.585498  0.578685  0.494060  0.702948  0.504293  0.663484  0.675406  0.533017  0.708914  0.566021  0.585124  0.486176  0.684916  0.711908  0.694795  0.480147  0.727068  0.587859  0.632823  0.499477  0.651707  0.691785  0.556848  0.702181  0.578339  0.726242  0.519001  0.543809  0.515370  0.567025  0.628438  0.653916  0.619999 
22  0.572962  0.605274  0.551967  0.789143  0.737713  0.712214  0.584436  0.564276  0.412609  0.540628  0.379429  0.713947  0.756225  0.577598  0.581522  0.658116  0.784082  0.656593  0.572369  0.503781  0.582894  0.710009 0.0  0.661325  0.557997  0.477664  0.825503  0.788494  0.586882  0.794913  0.758124  0.728231  0.788609  0.646380  0.659952  0.577535  0.597896  0.774275  0.232751  0.466712  0.476364  0.624356  0.631532  0.663219  0.651839  0.706262  0.682540  0.717627  0.565221  0.525894  0.403476  0.621748  0.656635  0.254948  0.697192  0.616584  0.725953  0.663051  0.682690  0.599474  0.421157 
23  0.533779  0.657263  0.617010  0.648432  0.316559  0.487650  0.701060  0.513264  0.645234  0.619538  0.631969  0.545434  0.483176  0.641292  0.595233  0.388597  0.229298  0.600713  0.632305  0.586636  0.574378  0.416470  0.661325 0.0  0.647444  0.546181  0.580972  0.503239  0.390456  0.556546  0.440752  0.492487  0.314236  0.588820  0.288152  0.464970  0.461634  0.547678  0.745300  0.502488  0.539595  0.590292  0.535045  0.396279  0.371986  0.547228  0.347211  0.432285  0.506072  0.548507  0.588071  0.518953  0.487376  0.670109  0.410344  0.338425  0.381511  0.410117  0.631673  0.584158  0.637182 
24  0.505548  0.572514  0.478430  0.602476  0.351585  0.593745  0.643568  0.481966  0.558671  0.711675  0.349142  0.544487  0.534713  0.520545  0.597917  0.750005  0.540367  0.500649  0.520554  0.772414  0.703596  0.583886  0.557997  0.647444 0.0  0.248487  0.681890  0.560896  0.576514  0.612370  0.566741  0.567901  0.525174  0.585938  0.450294  0.410503  0.631385  0.649299  0.376765  0.469252  0.683129  0.670166  0.542438  0.456388  0.621885  0.739565  0.555550  0.673447  0.632328  0.727569  0.378038  0.461083  0.539000  0.403551  0.583875  0.505971  0.468959  0.556178  0.652550  0.541532  0.544098 
25  0.552416  0.556545  0.369974  0.661333  0.424185  0.636201  0.601326  0.434016  0.509699  0.581872  0.364020  0.472908  0.492545  0.565142  0.828493  0.601189  0.380556  0.487467  0.592914  0.606111  0.652287  0.685035  0.477664  0.546181  0.248487 0.0  0.670064  0.621360  0.578072  0.592357  0.459338  0.506628  0.534074  0.629352  0.440925  0.399435  0.503177  0.775012  0.372495  0.296298  0.656735  0.591446  0.526050  0.470331  0.454697  0.708984  0.451339  0.632220  0.651398  0.626680  0.364971  0.386387  0.507159  0.371771  0.451013  0.254736  0.489169  0.489508  0.656372  0.540048  0.503411 
26  0.580696  0.671943  0.574507  0.376947  0.481729  0.575269  0.767812  0.703405  0.640742  0.661834  0.643462  0.473753  0.772558  0.712919  1.000000  0.571697  0.472417  0.546287  0.762726  0.728248  0.560510  0.512025  0.825503  0.580972  0.681890  0.670064 0.0  0.669842  0.539243  0.246275  0.362011  0.661164  0.416606  0.608775  0.446948  0.709008  0.732332  0.533109  0.747321  0.482098  0.751690  0.456524  0.601606  0.434585  0.542312  0.647038  0.605544  0.496588  0.610099  0.705282  0.630533  0.635572  0.617168  0.727836  0.442872  0.461097  0.503877  0.556529  0.523674  0.784368  0.492712 
27  0.442064  0.625114  0.662938  0.649177  0.431382  0.504553  0.549609  0.283794  0.497003  0.626519  0.595643  0.607040  0.331612  0.487677  0.445598  0.487951  0.468181  0.555294  0.444029  0.564214  0.749057  0.721666  0.788494  0.503239  0.560896  0.621360  0.669842 0.0  0.683969  0.660482  0.695237  0.530444  0.369773  0.701627  0.413887  0.326181  0.358302  0.717918  0.589009  0.712395  0.611352  0.699035  0.398625  0.606516  0.371781  0.508107  0.346681  0.585565  0.616075  0.393623  0.585516  0.357031  0.572319  0.627307  0.593365  0.352394  0.460553  0.470255  0.583081  0.402313  0.731920 
28  0.511389  0.538469  0.500717  0.525054  0.515347  0.658209  0.669943  0.684234  0.517346  0.542043  0.561754  0.533956  0.639338  0.511848  0.709662  0.477902  0.406466  0.561217  0.754244  0.516004  0.606510  0.585498  0.586882  0.390456  0.576514  0.578072  0.539243  0.683969 0.0  0.712468  0.550315  0.575203  0.544651  0.595814  0.567067  0.519228  0.555430  0.600039  0.604652  0.586072  0.581389  0.583984  0.625073  0.609749  0.613723  0.559053  0.643247  0.508190  0.534574  0.603147  0.557802  0.662178  0.654346  0.574592  0.537700  0.540931  0.628203  0.586678  0.585405  0.675163  0.589953 
29  0.604612  0.554658  0.709755  0.476702  0.472195  0.535952  0.828956  0.763969  0.772167  0.757006  0.723203  0.665632  0.761390  0.795916  0.884501  0.562639  0.475612  0.541682  0.849979  0.830032  0.593490  0.578685  0.794913  0.556546  0.612370  0.592357  0.246275  0.660482  0.712468 0.0  0.449311  0.666993  0.519441  0.564707  0.518178  0.580936  0.639850  0.651038  0.794915  0.558652  0.821449  0.489227  0.692674  0.440817  0.575352  0.677573  0.655938  0.467794  0.562660  0.746793  0.565478  0.617909  0.610672  0.654423  0.475068  0.553911  0.577736  0.614607  0.583515  0.878048  0.706177 
30  0.573195  0.596088  0.421010  0.665819  0.492748  0.487736  0.767456  0.665367  0.677097  0.687890  0.509219  0.577028  0.612576  0.607377  0.802754  0.618782  0.421408  0.642023  0.775119  0.684048  0.308251  0.494060  0.758124  0.440752  0.566741  0.459338  0.362011  0.695237  0.550315  0.449311 0.0  0.511044  0.569147  0.416147  0.509487  0.532899  0.561385  0.671473  0.656122  0.416356  0.660524  0.695980  0.587372  0.295175  0.655192  0.716137  0.630434  0.469109  0.623278  0.658007  0.529337  0.614482  0.657024  0.586223  0.421794  0.616016  0.634200  0.642984  0.675395  0.623028  0.617104 
31  0.385990  0.498979  0.726777  0.600302  0.624228  0.553047  0.546244  0.291934  0.574374  0.456671  0.462671  0.172594  0.224975  0.360149  0.489855  0.453729  0.590195  0.160175  0.641053  0.549510  0.647445  0.702948  0.728231  0.492487  0.567901  0.506628  0.661164  0.530444  0.575203  0.666993  0.511044 0.0  0.623176  0.645474  0.605472  0.413699  0.688027  0.693195  0.678213  0.589752  0.354107  0.614139  0.513488  0.500047  0.393378  0.707254  0.469022  0.555315  0.509475  0.453276  0.555683  0.529937  0.157526  0.684843  0.507605  0.327108  0.657972  0.398805  0.598305  0.521298  0.756724 
32  0.444718  0.619660  0.513681  0.610154  0.313526  0.492171  0.781753  0.397816  0.497643  0.610366  0.614266  0.488293  0.487389  0.563327  0.669097  0.413755  0.303445  0.531292  0.530679  0.450407  0.440797  0.504293  0.788609  0.314236  0.525174  0.534074  0.416606  0.369773  0.544651  0.519441  0.569147  0.623176 0.0  0.588125  0.400185  0.341296  0.557409  0.548580  0.557800  0.464493  0.543345  0.568373  0.461226  0.395371  0.350017  0.471947  0.410750  0.301918  0.461547  0.543435  0.586621  0.541467  0.417690  0.760760  0.409428  0.411419  0.445022  0.431920  0.638754  0.546929  0.648860 
33  0.640394  0.736208  0.537094  0.596903  0.584300  0.677653  0.680691  0.770043  0.659964  0.828208  0.551780  0.607300  0.856177  0.731126  0.918043  0.696721  0.478790  0.621710  0.881452  0.656702  0.508081  0.663484  0.646380  0.588820  0.585938  0.629352  0.608775  0.701627  0.595814  0.564707  0.416147  0.645474  0.588125 0.0  0.602545  0.698471  0.812716  0.677114  0.639322  0.641689  0.617688  0.566900  0.790177  0.488652  0.735568  0.698744  0.640979  0.548916  0.544441  0.761638  0.632626  0.659082  0.672147  0.549101  0.475308  0.730917  0.604313  0.665672  0.676619  0.727861  0.644075 
34  0.377922  0.556611  0.584009  0.669636  0.274639  0.560298  0.552098  0.483448  0.442224  0.693004  0.546098  0.622607  0.535649  0.510164  0.603327  0.405843  0.142517  0.591323  0.705190  0.478033  0.494728  0.675406  0.659952  0.288152  0.450294  0.440925  0.446948  0.413887  0.567067  0.518178  0.509487  0.605472  0.400185  0.602545 0.0  0.382193  0.513297  0.375833  0.626879  0.485967  0.563206  0.659023  0.574921  0.472474  0.448615  0.583671  0.347827  0.451478  0.652052  0.471467  0.551087  0.393023  0.592532  0.661303  0.364078  0.325022  0.231424  0.486834  0.635594  0.498756  0.640219 
35  0.316166  0.556794  0.671878  0.544891  0.389651  0.602590  0.425777  0.261721  0.426996  0.545394  0.549496  0.496797  0.341820  0.454841  0.502309  0.473612  0.291790  0.464951  0.439686  0.298292  0.807619  0.533017  0.577535  0.464970  0.410503  0.399435  0.709008  0.326181  0.519228  0.580936  0.532899  0.413699  0.341296  0.698471  0.382193 0.0  0.387765  0.737638  0.632614  0.467597  0.386535  0.541125  0.226872  0.602513  0.404732  0.609368  0.334317  0.479579  0.548146  0.338972  0.494192  0.233650  0.489955  0.534136  0.524860  0.276100  0.485517  0.506165  0.674267  0.365940  0.743384 
36  0.279159  0.757604  0.714433  0.702188  0.537858  0.660169  0.492410  0.254306  0.244662  0.536679  0.732498  0.478895  0.353975  0.351224  0.446600  0.559104  0.509768  0.504482  0.409895  0.247235  0.791509  0.708914  0.597896  0.461634  0.631385  0.503177  0.732332  0.358302  0.555430  0.639850  0.561385  0.688027  0.557409  0.812716  0.513297  0.387765 0.0  0.737778  0.389832  0.678026  0.355191  0.482123  0.547653  0.488527  0.516475  0.544059  0.454943  0.605035  0.554971  0.322982  0.718695  0.405434  0.527503  0.390746  0.608193  0.475438  0.435929  0.538906  0.642709  0.106815  0.649685 
37  0.657452  0.361624  0.509837  0.792927  0.466371  0.450095  0.841666  0.579787  0.741219  0.728238  0.560374  0.555204  0.671224  0.818005  0.898759  0.429541  0.523007  0.725423  0.854191  0.648806  0.589236  0.566021  0.774275  0.547678  0.649299  0.775012  0.533109  0.717918  0.600039  0.651038  0.671473  0.693195  0.548580  0.677114  0.375833  0.737638  0.737778 0.0  0.589467  0.555255  0.725937  0.710450  0.691446  0.535558  0.567258  0.526278  0.588214  0.589411  0.719276  0.784881  0.547557  0.752793  0.571602  0.598545  0.570937  0.758537  0.445574  0.679710  0.638413  0.813014  0.573519 
38  0.316249  0.650153  0.572979  0.701203  0.586622  0.592791  0.599171  0.526419  0.510566  0.526251  0.398901  0.705690  0.609942  0.525858  0.581994  0.651203  0.752202  0.640237  0.463659  0.511028  0.650860  0.585124  0.232751  0.745300  0.376765  0.372495  0.747321  0.589009  0.604652  0.794915  0.656122  0.678213  0.557800  0.639322  0.626879  0.632614  0.389832  0.589467 0.0  0.510329  0.725604  0.454821  0.530301  0.664241  0.620747  0.732699  0.491577  0.765735  0.680529  0.470460  0.430339  0.424794  0.619293  0.179382  0.541450  0.426341  0.599113  0.766379  0.705509  0.455941  0.466900 
39  0.664861  0.417928  0.400026  0.730051  0.449764  0.492281  0.836882  0.570246  0.519233  0.701169  0.352528  0.494028  0.653091  0.739529  0.741359  0.422458  0.518047  0.506433  0.664056  0.502278  0.574648  0.486176  0.466712  0.502488  0.469252  0.296298  0.482098  0.712395  0.586072  0.558652  0.416356  0.589752  0.464493  0.641689  0.485967  0.467597  0.678026  0.555255  0.510329 0.0  0.579772  0.590063  0.545092  0.409585  0.463553  0.619959  0.598161  0.466816  0.462169  0.607477  0.463738  0.576155  0.476076  0.443973  0.503864  0.489685  0.450650  0.434780  0.669766  0.744325  0.341181 
40  0.306254  0.532115  0.575451  0.679127  0.616771  0.623000  0.520048  0.369277  0.448471  0.466829  0.605701  0.370090  0.290110  0.486739  0.364894  0.493462  0.557652  0.296636  0.454431  0.288006  0.728503  0.684916  0.476364  0.539595  0.683129  0.656735  0.751690  0.611352  0.581389  0.821449  0.660524  0.354107  0.543345  0.617688  0.563206  0.386535  0.355191  0.725937  0.725604  0.579772 0.0  0.442370  0.372633  0.665992  0.517462  0.521295  0.481378  0.434239  0.606662  0.222240  0.532229  0.346987  0.438065  0.556151  0.647877  0.444014  0.538939  0.493849  0.659714  0.394964  0.605233 
41  0.465925  0.730884  0.719360  0.458684  0.584159  0.560661  0.556873  0.579261  0.514018  0.464515  0.577125  0.510342  0.528392  0.370612  0.561155  0.570334  0.756709  0.624535  0.602740  0.514410  0.637028  0.711908  0.624356  0.590292  0.670166  0.591446  0.456524  0.699035  0.583984  0.489227  0.695980  0.614139  0.568373  0.566900  0.659023  0.541125  0.482123  0.710450  0.454821  0.590063  0.442370 0.0  0.559656  0.678673  0.659224  0.514868  0.716529  0.635012  0.618395  0.523494  0.710214  0.553743  0.498092  0.575156  0.641765  0.437888  0.610368  0.716536  0.552864  0.559440  0.613850 
42  0.252269  0.598111  0.620110  0.623547  0.399944  0.610407  0.637513  0.290301  0.535797  0.610912  0.487055  0.491582  0.367380  0.401100  0.446849  0.541446  0.498171  0.333436  0.475294  0.366825  0.793764  0.694795  0.631532  0.535045  0.542438  0.526050  0.601606  0.398625  0.625073  0.692674  0.587372  0.513488  0.461226  0.790177  0.574921  0.226872  0.547653  0.691446  0.530301  0.545092  0.372633  0.559656 0.0  0.517979  0.277891  0.684070  0.319147  0.440123  0.549914  0.434508  0.488072  0.280767  0.519744  0.500292  0.600585  0.193720  0.467672  0.496900  0.656726  0.402570  0.669513 
43  0.665985  0.348134  0.460697  0.617988  0.475515  0.512596  0.701176  0.547301  0.650057  0.713527  0.507834  0.505666  0.564379  0.551548  0.721327  0.549980  0.418466  0.512726  0.794097  0.647446  0.586415  0.480147  0.663219  0.396279  0.456388  0.470331  0.434585  0.606516  0.609749  0.440817  0.295175  0.500047  0.395371  0.488652  0.472474  0.602513  0.488527  0.535558  0.664241  0.409585  0.665992  0.678673  0.517979 0.0  0.594254  0.602381  0.517011  0.342056  0.543541  0.630673  0.604735  0.632971  0.621366  0.607474  0.425028  0.570230  0.514966  0.483269  0.541028  0.670551  0.623785 
44  0.347664  0.634633  0.695598  0.611937  0.448455  0.628062  0.708199  0.356109  0.456160  0.610235  0.395969  0.463061  0.441470  0.676798  0.653656  0.487110  0.417434  0.526088  0.619268  0.489376  0.749707  0.727068  0.651839  0.371986  0.621885  0.454697  0.542312  0.371781  0.613723  0.575352  0.655192  0.393378  0.350017  0.735568  0.448615  0.404732  0.516475  0.567258  0.620747  0.463553  0.517462  0.659224  0.277891  0.594254 0.0  0.608125  0.283719  0.454483  0.666829  0.519560  0.587483  0.562147  0.626800  0.606525  0.572383  0.323050  0.445296  0.523326  0.523344  0.555097  0.733223 
45  0.583784  0.653278  0.685091  0.529307  0.553615  0.623357  0.753680  0.597245  0.513770  0.523211  0.722743  0.566997  0.580114  0.606417  0.576484  0.423824  0.499529  0.702835  0.573979  0.473827  0.720597  0.587859  0.706262  0.547228  0.739565  0.708984  0.647038  0.508107  0.559053  0.677573  0.716137  0.707254  0.471947  0.698744  0.583671  0.609368  0.544059  0.526278  0.732699  0.619959  0.521295  0.514868  0.684070  0.602381  0.608125 0.0  0.510665  0.405644  0.594720  0.529269  0.760606  0.515167  0.726919  0.736391  0.551941  0.663411  0.510243  0.608930  0.583354  0.580909  0.533387 
46  0.415504  0.605148  0.589553  0.503605  0.437187  0.567104  0.591636  0.284535  0.440853  0.585889  0.422099  0.544991  0.549568  0.588628  0.664417  0.442459  0.424130  0.465971  0.556215  0.403195  0.659376  0.632823  0.682540  0.347211  0.555550  0.451339  0.605544  0.346681  0.643247  0.655938  0.630434  0.469022  0.410750  0.640979  0.347827  0.334317  0.454943  0.588214  0.491577  0.598161  0.481378  0.716529  0.319147  0.517011  0.283719  0.510665 0.0  0.438918  0.535733  0.464640  0.584550  0.342435  0.544773  0.534418  0.498989  0.229219  0.424286  0.462106  0.636782  0.560997  0.746407 
47  0.601318  0.522718  0.429425  0.687665  0.277229  0.498952  0.642503  0.541265  0.531136  0.614482  0.490440  0.524384  0.521604  0.642799  0.793015  0.322016  0.338493  0.506700  0.769425  0.567673  0.589367  0.499477  0.717627  0.432285  0.673447  0.632220  0.496588  0.585565  0.508190  0.467794  0.469109  0.555315  0.301918  0.548916  0.451478  0.479579  0.605035  0.589411  0.765735  0.466816  0.434239  0.635012  0.440123  0.342056  0.454483  0.405644  0.438918 0.0  0.419656  0.507279  0.645443  0.501775  0.548833  0.766025  0.551792  0.406352  0.389233  0.169365  0.646525  0.619271  0.568377 
48  0.663626  0.491712  0.457115  0.541480  0.557039  0.600301  0.753315  0.704766  0.604539  0.644178  0.608980  0.695429  0.579007  0.725950  0.683835  0.514937  0.555084  0.455236  0.660221  0.631488  0.592590  0.651707  0.565221  0.506072  0.632328  0.651398  0.610099  0.616075  0.534574  0.562660  0.623278  0.509475  0.461547  0.544441  0.652052  0.548146  0.554971  0.719276  0.680529  0.462169  0.606662  0.618395  0.549914  0.543541  0.666829  0.594720  0.535733  0.419656 0.0  0.669980  0.558427  0.585326  0.582480  0.716888  0.541519  0.513726  0.627747  0.507497  0.697845  0.637787  0.607064 
49  0.318465  0.494427  0.704345  0.685264  0.536914  0.537937  0.397112  0.330811  0.281118  0.440356  0.456513  0.429619  0.181645  0.310807  0.378335  0.514937  0.523576  0.392532  0.394674  0.139631  0.767167  0.691785  0.525894  0.548507  0.727569  0.626680  0.705282  0.393623  0.603147  0.746793  0.658007  0.453276  0.543435  0.761638  0.471467  0.338972  0.322982  0.784881  0.470460  0.607477  0.222240  0.523494  0.434508  0.630673  0.519560  0.529269  0.464640  0.507279  0.669980 0.0  0.638128  0.377234  0.310096  0.478169  0.600068  0.493876  0.695195  0.463899  0.636513  0.237252  0.645752 
50  0.527401  0.672055  0.503391  0.715255  0.517592  0.575063  0.670252  0.587964  0.491123  0.643240  0.418768  0.536412  0.529265  0.611731  0.687921  0.598490  0.683469  0.697052  0.580217  0.563474  0.647100  0.556848  0.403476  0.588071  0.378038  0.364971  0.630533  0.585516  0.557802  0.565478  0.529337  0.555683  0.586621  0.632626  0.551087  0.494192  0.718695  0.547557  0.430339  0.463738  0.532229  0.710214  0.488072  0.604735  0.587483  0.760606  0.584550  0.645443  0.558427  0.638128 0.0  0.620901  0.597751  0.427326  0.591134  0.552252  0.564446  0.654163  0.683509  0.673357  0.472309 
51  0.269009  0.469156  0.692540  0.620235  0.426524  0.507938  0.515671  0.341513  0.359814  0.554502  0.616080  0.502980  0.385816  0.324925  0.485791  0.446379  0.465807  0.484021  0.356483  0.229018  0.700805  0.702181  0.621748  0.518953  0.461083  0.386387  0.635572  0.357031  0.662178  0.617909  0.614482  0.529937  0.541467  0.659082  0.393023  0.233650  0.405434  0.752793  0.424794  0.576155  0.346987  0.553743  0.280767  0.632971  0.562147  0.515167  0.342435  0.501775  0.585326  0.377234  0.620901 0.0  0.540726  0.563209  0.657076  0.366023  0.410899  0.498055  0.629024  0.245013  0.694780 
52  0.491046  0.510193  0.702194  0.578576  0.502904  0.645309  0.558839  0.400196  0.577993  0.556378  0.661658  0.136777  0.363095  0.443936  0.548970  0.460355  0.581711  0.276990  0.729455  0.555836  0.717818  0.578339  0.656635  0.487376  0.539000  0.507159  0.617168  0.572319  0.654346  0.610672  0.657024  0.157526  0.417690  0.672147  0.592532  0.489955  0.527503  0.571602  0.619293  0.476076  0.438065  0.498092  0.519744  0.621366  0.626800  0.726919  0.544773  0.548833  0.582480  0.310096  0.597751  0.540726 0.0  0.573158  0.527409  0.417433  0.605907  0.406223  0.505792  0.525515  0.651734 
53  0.469131  0.550990  0.616780  0.672432  0.525052  0.634735  0.547956  0.607088  0.504144  0.400113  0.287180  0.710953  0.590851  0.639813  0.500535  0.666416  0.741554  0.709212  0.440502  0.571418  0.712956  0.726242  0.254948  0.670109  0.403551  0.371771  0.727836  0.627307  0.574592  0.654423  0.586223  0.684843  0.760760  0.549101  0.661303  0.534136  0.390746  0.598545  0.179382  0.443973  0.556151  0.575156  0.500292  0.607474  0.606525  0.736391  0.534418  0.766025  0.716888  0.478169  0.427326  0.563209  0.573158 0.0  0.569056  0.640351  0.660253  0.721358  0.621866  0.538669  0.415232 
54  0.651154  0.509730  0.441302  0.601241  0.336561  0.444473  0.643784  0.546516  0.652453  0.681694  0.565282  0.629557  0.558075  0.679625  0.704069  0.378493  0.448101  0.483923  0.692419  0.552410  0.546041  0.519001  0.697192  0.410344  0.583875  0.451013  0.442872  0.593365  0.537700  0.475068  0.421794  0.507605  0.409428  0.475308  0.364078  0.524860  0.608193  0.570937  0.541450  0.503864  0.647877  0.641765  0.600585  0.425028  0.572383  0.551941  0.498989  0.551792  0.541519  0.600068  0.591134  0.657076  0.527409  0.569056 0.0  0.577543  0.480707  0.481313  0.671118  0.684308  0.572286 
55  0.214729  0.516074  0.588318  0.619997  0.302647  0.459555  0.587522  0.279856  0.488561  0.535356  0.465729  0.349588  0.284575  0.434466  0.575663  0.535157  0.321351  0.436233  0.476871  0.436020  0.765434  0.543809  0.616584  0.338425  0.505971  0.254736  0.461097  0.352394  0.540931  0.553911  0.616016  0.327108  0.411419  0.730917  0.325022  0.276100  0.475438  0.758537  0.426341  0.489685  0.444014  0.437888  0.193720  0.570230  0.323050  0.663411  0.229219  0.406352  0.513726  0.493876  0.552252  0.366023  0.417433  0.640351  0.577543 0.0  0.475319  0.260014  0.619316  0.432320  0.725830 
56  0.502241  0.604732  0.531952  0.706476  0.307611  0.592481  0.651644  0.412596  0.443589  0.724657  0.599347  0.522370  0.522019  0.682711  0.685841  0.271871  0.184339  0.552764  0.572171  0.501117  0.541589  0.515370  0.725953  0.381511  0.468959  0.489169  0.503877  0.460553  0.628203  0.577736  0.634200  0.657972  0.445022  0.604313  0.231424  0.485517  0.435929  0.445574  0.599113  0.450650  0.538939  0.610368  0.467672  0.514966  0.445296  0.510243  0.424286  0.389233  0.627747  0.695195  0.564446  0.410899  0.605907  0.660253  0.480707  0.475319 0.0  0.442971  0.693363  0.530862  0.682154 
57  0.501807  0.525164  0.522548  0.667351  0.401689  0.478071  0.742271  0.477664  0.540336  0.564530  0.440522  0.535953  0.502526  0.546550  0.544637  0.398454  0.420113  0.506500  0.743855  0.471555  0.651584  0.567025  0.663051  0.410117  0.556178  0.489508  0.556529  0.470255  0.586678  0.614607  0.642984  0.398805  0.431920  0.665672  0.486834  0.506165  0.538906  0.679710  0.766379  0.434780  0.493849  0.716536  0.496900  0.483269  0.523326  0.608930  0.462106  0.169365  0.507497  0.463899  0.654163  0.498055  0.406223  0.721358  0.481313  0.260014  0.442971 0.0  0.615891  0.597090  0.743781 
58  0.627346  0.666394  0.706214  0.467752  0.690034  0.668076  0.612754  0.639753  0.724764  0.597148  0.642734  0.600336  0.653659  0.663362  0.619133  0.701512  0.645740  0.693575  0.666073  0.546513  0.640575  0.628438  0.682690  0.631673  0.652550  0.656372  0.523674  0.583081  0.585405  0.583515  0.675395  0.598305  0.638754  0.676619  0.635594  0.674267  0.642709  0.638413  0.705509  0.669766  0.659714  0.552864  0.656726  0.541028  0.523344  0.583354  0.636782  0.646525  0.697845  0.636513  0.683509  0.629024  0.505792  0.621866  0.671118  0.619316  0.693363  0.615891 0.0  0.604398  0.721564 
59  0.367075  0.740256  0.706893  0.608025  0.549429  0.606684  0.327215  0.410602  0.175480  0.456476  0.706669  0.544560  0.434729  0.252451  0.347590  0.621818  0.554865  0.554022  0.284854  0.273443  0.765505  0.653916  0.599474  0.584158  0.541532  0.540048  0.784368  0.402313  0.675163  0.878048  0.623028  0.521298  0.546929  0.727861  0.498756  0.365940  0.106815  0.813014  0.455941  0.744325  0.394964  0.559440  0.402570  0.670551  0.555097  0.580909  0.560997  0.619271  0.637787  0.237252  0.673357  0.245013  0.525515  0.538669  0.684308  0.432320  0.530862  0.597090  0.604398 0.0  0.763588 
60  0.684970  0.555345  0.461079  0.641969  0.638807  0.642641  0.806630  0.744828  0.679610  0.634608  0.538332  0.747933  0.668143  0.720770  0.698699  0.679377  0.773984  0.608451  0.584009  0.581154  0.587638  0.619999  0.421157  0.637182  0.544098  0.503411  0.492712  0.731920  0.589953  0.706177  0.617104  0.756724  0.648860  0.644075  0.640219  0.743384  0.649685  0.573519  0.466900  0.341181  0.605233  0.613850  0.669513  0.623785  0.733223  0.533387  0.746407  0.568377  0.607064  0.645752  0.472309  0.694780  0.651734  0.415232  0.572286  0.725830  0.682154  0.743781  0.721564  0.763588 0.0 
