61
0 0.0  0.620549  0.674921  0.598080  0.328221  0.692073  0.559541  0.450506  0.211213  0.525569  0.593329  0.382862  0.497342  0.478881  0.643820  0.579439  0.429197  0.486171  0.453117  0.343695  0.762793  0.802612  0.614151  0.440856  0.636733  0.492349  0.599475  0.406911  0.636391  0.794841  0.696425  0.504515  0.609098  0.640246  0.360513  0.102635  0.379953  0.806952  0.380189  0.561684  0.397702  0.506059  0.371105  0.716421  0.465612  0.611134  0.398157  0.533531  0.626239  0.357344  0.645594  0.203490  0.536045  0.583339  0.554570  0.216536  0.478796  0.456944  0.624936  0.374404  0.711995 
1  0.620549 0.0  0.486808  0.630906  0.594832  0.534708  0.763145  0.654491  0.690028  0.654918  0.461299  0.500588  0.576563  0.849518  0.866482  0.442631  0.482351  0.506919  0.940227  0.543047  0.588522  0.618951  0.567718  0.434338  0.568211  0.380705  0.629717  0.641989  0.460239  0.584866  0.471421  0.616411  0.614220  0.726450  0.475960  0.577283  0.747672  0.352042  0.729330  0.375093  0.730289  0.520340  0.696282  0.436357  0.694287  0.683142  0.627106  0.540472  0.567824  0.597589  0.602659  0.517504  0.504262  0.840289  0.364899  0.577484  0.627244  0.589622  0.729749  0.712485  0.527922 
2  0.674921  0.486808 0.0  0.672773  0.607840  0.544608  0.792530  0.848544  0.800018  0.882924  0.418460  0.609855  0.743277  0.886074  0.871796  0.561879  0.612759  0.638348  0.873795  0.759458  0.674850  0.599079  0.543556  0.517387  0.506781  0.437407  0.725813  0.601064  0.616208  0.694207  0.541915  0.815825  0.640339  0.602146  0.566155  0.687971  0.669739  0.681585  0.582603  0.400346  0.860431  0.780640  0.744651  0.497076  0.761434  0.767756  0.623362  0.417957  0.491334  0.641443  0.451814  0.772325  0.711911  0.631445  0.596337  0.635306  0.608445  0.503412  0.681934  0.888815  0.471580 
3  0.598080  0.630906  0.672773 0.0  0.721708  0.599287  0.691519  0.754886  0.741456  0.777819  0.650340  0.707009  0.729289  0.751695  0.738840  0.714430  0.585257  0.702082  0.692555  0.622766  0.633358  0.582070  0.731644  0.702290  0.703267  0.729415  0.553683  0.719431  0.620452  0.537446  0.646442  0.598671  0.738122  0.670101  0.739039  0.765157  0.749218  0.736697  0.580350  0.854434  0.665876  0.540931  0.731207  0.669878  0.660934  0.749270  0.626861  0.734867  0.614386  0.702014  0.728074  0.555088  0.611118  0.660435  0.721261  0.638203  0.782418  0.699531  0.572853  0.737515  0.727561 
4  0.328221  0.594832  0.607840  0.721708 0.0  0.521979  0.640490  0.522424  0.501659  0.713238  0.520167  0.565727  0.527764  0.576522  0.737440  0.420089  0.262690  0.548511  0.602380  0.500842  0.564170  0.487666  0.637219  0.405439  0.533177  0.445918  0.441766  0.623870  0.559352  0.512624  0.513008  0.546907  0.360049  0.635824  0.221951  0.508198  0.584633  0.549079  0.644361  0.458714  0.599228  0.595695  0.515963  0.492754  0.556044  0.604999  0.464610  0.370949  0.645245  0.654078  0.576392  0.413649  0.604921  0.696945  0.384654  0.371015  0.270818  0.457005  0.732206  0.493232  0.584326 
5  0.692073  0.534708  0.544608  0.599287  0.521979 0.0  0.591922  0.600062  0.685249  0.644008  0.581363  0.596639  0.629790  0.639030  0.633898  0.684365  0.550002  0.584798  0.749961  0.574899  0.576456  0.517313  0.730583  0.564177  0.513671  0.613574  0.475555  0.711085  0.679945  0.512266  0.526620  0.610870  0.527143  0.652243  0.557178  0.545162  0.647881  0.479465  0.553841  0.577792  0.675118  0.662603  0.662262  0.672765  0.655896  0.589314  0.521776  0.554709  0.530216  0.633015  0.641174  0.684894  0.588653  0.764137  0.528916  0.463499  0.459785  0.569769  0.678204  0.776830  0.559409 
6  0.559541  0.763145  0.792530  0.691519  0.640490  0.591922 0.0  0.560219  0.491862  0.541084  0.843109  0.629572  0.543831  0.398995  0.600005  0.830278  0.703676  0.588191  0.470344  0.615606  0.822212  0.687715  0.662629  0.762840  0.705782  0.536811  0.821532  0.741324  0.583622  0.867529  0.792705  0.640091  0.791286  0.819727  0.678104  0.598846  0.466930  0.892656  0.648338  0.795890  0.524800  0.607990  0.730698  0.844093  0.790770  0.900704  0.664468  0.888274  0.847865  0.523248  0.778532  0.484342  0.578156  0.640985  0.627153  0.598809  0.754344  0.823693  0.635122  0.293777  0.834887 
7  0.450506  0.654491  0.848544  0.754886  0.522424  0.600062  0.560219 0.0  0.399424  0.579412  0.468966  0.439522  0.214054  0.512965  0.669359  0.596117  0.617783  0.510562  0.570343  0.335075  0.802254  0.663969  0.600696  0.641414  0.606672  0.487964  0.748446  0.448542  0.660887  0.829909  0.675115  0.540879  0.542553  0.811042  0.533047  0.342066  0.349264  0.613047  0.624019  0.697395  0.425072  0.559662  0.375603  0.701514  0.470171  0.670046  0.353238  0.632931  0.755729  0.280928  0.555090  0.261874  0.475209  0.612178  0.575076  0.338095  0.562325  0.486805  0.640943  0.369592  0.793410 
8  0.211213  0.690028  0.800018  0.741456  0.501659  0.685249  0.491862  0.399424 0.0  0.606011  0.668854  0.583711  0.361120  0.322780  0.530867  0.611166  0.432409  0.512002  0.339263  0.245632  0.899062  0.674378  0.321441  0.511930  0.668664  0.615991  0.750695  0.669316  0.587736  0.836390  0.776554  0.571278  0.599472  0.734061  0.476476  0.305702  0.354772  0.801503  0.516138  0.683779  0.385037  0.620933  0.592140  0.628602  0.570342  0.565288  0.601097  0.693886  0.749335  0.351555  0.793667  0.400254  0.700953  0.501674  0.611510  0.377290  0.592718  0.580282  0.839675  0.252564  0.675393 
9  0.525569  0.654918  0.882924  0.777819  0.713238  0.644008  0.541084  0.579412  0.606011 0.0  0.707615  0.562060  0.590822  0.432206  0.462720  0.589963  0.755416  0.523264  0.566582  0.462575  0.804103  0.859372  0.490499  0.789618  0.783665  0.664806  0.756716  0.763800  0.562393  0.742829  0.780685  0.425271  0.700822  0.875791  0.734465  0.652213  0.544772  0.749207  0.621902  0.569070  0.399462  0.432405  0.677343  0.633399  0.710469  0.711306  0.642137  0.666854  0.648650  0.487005  0.735960  0.569596  0.579547  0.574774  0.687418  0.629512  0.804535  0.633593  0.734284  0.448556  0.581374 
10  0.593329  0.461299  0.418460  0.650340  0.520167  0.581363  0.843109  0.468966  0.668854  0.707615 0.0  0.627311  0.510267  0.819851  0.842347  0.543742  0.643677  0.636509  0.756763  0.515216  0.702850  0.741748  0.347763  0.652100  0.412064  0.361563  0.843294  0.636959  0.589850  0.771057  0.606722  0.579925  0.596038  0.681569  0.705358  0.613657  0.593540  0.606419  0.314019  0.341571  0.737530  0.597445  0.406377  0.571167  0.539405  0.685763  0.500000  0.732864  0.602779  0.547953  0.482221  0.655907  0.648397  0.413266  0.696204  0.532591  0.669684  0.659269  0.696771  0.808240  0.508957 
11  0.382862  0.500588  0.609855  0.707009  0.565727  0.596639  0.629572  0.439522  0.583711  0.562060  0.627311 0.0  0.252229  0.410831  0.536480  0.583075  0.612376  0.326554  0.735659  0.564018  0.669354  0.656272  0.784362  0.520753  0.564542  0.535942  0.530847  0.564929  0.529672  0.879976  0.758025  0.123686  0.435057  0.741483  0.611400  0.574343  0.534135  0.685533  0.703155  0.506165  0.363988  0.466408  0.450126  0.564590  0.599772  0.661576  0.632858  0.611614  0.490272  0.502917  0.724001  0.517709  0.139414  0.690755  0.629039  0.395487  0.754039  0.471275  0.671312  0.652303  0.759712 
12  0.497342  0.576563  0.743277  0.729289  0.527764  0.629790  0.543831  0.214054  0.361120  0.590822  0.510267  0.252229 0.0  0.446522  0.472798  0.434362  0.603121  0.547678  0.472344  0.365742  0.784393  0.679114  0.693777  0.679876  0.534815  0.632331  0.779243  0.395184  0.630197  0.917815  0.656510  0.223269  0.523831  0.833306  0.472329  0.380031  0.377529  0.729263  0.658676  0.542653  0.404500  0.625217  0.363111  0.591426  0.590389  0.644012  0.487391  0.520716  0.629852  0.260487  0.661971  0.384085  0.344565  0.671518  0.601952  0.285318  0.620253  0.517089  0.781592  0.243321  0.676932 
13  0.478881  0.849518  0.886074  0.751695  0.576522  0.639030  0.398995  0.512965  0.322780  0.432206  0.819851  0.410831  0.446522 0.0  0.620904  0.663746  0.745663  0.392737  0.402648  0.401412  0.892175  0.677317  0.850819  0.688188  0.576298  0.622170  0.718393  0.506034  0.624553  0.905192  0.869796  0.418507  0.584550  0.819738  0.472409  0.467723  0.436210  0.902392  0.531219  0.684057  0.311155  0.485271  0.544812  0.770018  0.692901  0.724561  0.715058  0.787297  0.728085  0.427532  0.723624  0.345982  0.600003  0.705386  0.681055  0.407585  0.625015  0.677882  0.586952  0.391973  0.811992 
14  0.643820  0.866482  0.871796  0.738840  0.737440  0.633898  0.600005  0.669359  0.530867  0.462720  0.842347  0.536480  0.472798  0.620904 0.0  0.712979  0.784093  0.586890  0.171983  0.477111  0.888637  0.611495  0.615242  0.684668  0.593932  0.763010  0.999172  0.704513  0.704471  0.933344  0.840184  0.592111  0.736411  0.837608  0.782236  0.612114  0.490085  0.938284  0.783122  0.802773  0.412060  0.495867  0.595303  0.850257  0.749939  0.775900  0.701565  0.732920  0.719093  0.389182  0.726427  0.511107  0.595786  0.619037  0.777370  0.741631  0.796751  0.649290  0.688385  0.374451  0.678445 
15  0.579439  0.442631  0.561879  0.714430  0.420089  0.684365  0.830278  0.596117  0.611166  0.589963  0.543742  0.583075  0.434362  0.663746  0.712979 0.0  0.435775  0.531969  0.608422  0.460633  0.603506  0.544641  0.718096  0.378476  0.742090  0.718824  0.595583  0.554605  0.629325  0.762810  0.725403  0.533343  0.353043  0.616986  0.479017  0.599336  0.637514  0.585637  0.642200  0.455769  0.677020  0.665547  0.645265  0.577255  0.608915  0.403811  0.560351  0.426677  0.655736  0.704998  0.846393  0.464832  0.593126  0.743120  0.458590  0.418393  0.363559  0.465046  0.766819  0.607656  0.560123 
16  0.429197  0.482351  0.612759  0.585257  0.262690  0.550002  0.703676  0.617783  0.432409  0.755416  0.643677  0.612376  0.603121  0.745663  0.784093  0.435775 0.0  0.613119  0.587277  0.650621  0.659608  0.645702  0.838120  0.328454  0.680716  0.521535  0.496521  0.536289  0.450816  0.449705  0.445702  0.593603  0.383500  0.631937  0.240679  0.419995  0.642507  0.522795  0.680596  0.474351  0.766305  0.685884  0.408918  0.446968  0.429001  0.564294  0.390260  0.377318  0.698483  0.559830  0.698434  0.588026  0.638572  0.722438  0.421156  0.432392  0.327260  0.406199  0.600400  0.632827  0.640074 
17  0.486171  0.506919  0.638348  0.702082  0.548511  0.584798  0.588191  0.510562  0.512002  0.523264  0.636509  0.326554  0.547678  0.392737  0.586890  0.531969  0.613119 0.0  0.759090  0.595535  0.738926  0.680631  0.735667  0.571291  0.569939  0.493722  0.554199  0.620380  0.587628  0.618013  0.597326  0.344287  0.554686  0.652145  0.547823  0.388708  0.594156  0.823414  0.672223  0.427404  0.458734  0.507333  0.430429  0.556860  0.581980  0.682477  0.561896  0.542338  0.586521  0.504547  0.794516  0.594425  0.301576  0.575444  0.608282  0.421585  0.661695  0.525890  0.714703  0.563091  0.739130 
18  0.453117  0.940227  0.873795  0.692555  0.602380  0.749961  0.470344  0.570343  0.339263  0.566582  0.756763  0.735659  0.472344  0.402648  0.171983  0.608422  0.587277  0.759090 0.0  0.473339  0.948296  0.770814  0.601394  0.729341  0.557444  0.639106  0.776389  0.505522  0.670358  1.000000  0.841601  0.762934  0.655256  0.816387  0.716368  0.490674  0.269070  0.814197  0.492240  0.968831  0.504734  0.655816  0.448410  0.780494  0.658493  0.514962  0.578468  0.850335  0.845547  0.529389  0.670710  0.466229  0.661791  0.602278  0.808190  0.595910  0.747863  0.759974  0.880366  0.290787  0.750952 
19  0.343695  0.543047  0.759458  0.622766  0.500842  0.574899  0.615606  0.335075  0.245632  0.462575  0.515216  0.564018  0.365742  0.401412  0.477111  0.460633  0.650621  0.595535  0.473339 0.0  0.752483  0.755668  0.444832  0.586683  0.658279  0.557133  0.832969  0.433282  0.762671  0.883646  0.660592  0.523286  0.587062  0.769135  0.559242  0.361659  0.262164  0.696674  0.434242  0.629621  0.304413  0.558136  0.484081  0.730305  0.582936  0.595578  0.496628  0.585570  0.706425  0.159044  0.708271  0.393338  0.468253  0.550920  0.671886  0.436956  0.615654  0.509995  0.696768  0.372719  0.638108 
20  0.762793  0.588522  0.674850  0.633358  0.564170  0.576456  0.822212  0.802254  0.899062  0.804103  0.702850  0.669354  0.784393  0.892175  0.888637  0.603506  0.659608  0.738926  0.948296  0.752483 0.0  0.604942  0.770572  0.606224  0.747500  0.800633  0.665391  0.664212  0.673626  0.513923  0.412102  0.819145  0.626313  0.471183  0.558103  0.750860  0.812911  0.545634  0.739078  0.625505  0.890488  0.694690  0.844680  0.538019  0.787042  0.621483  0.761496  0.609024  0.712384  0.859155  0.684855  0.814042  0.940988  0.795170  0.527249  0.824117  0.652555  0.705125  0.667014  0.859188  0.689195 
21  0.802612  0.618951  0.599079  0.582070  0.487666  0.517313  0.687715  0.663969  0.674378  0.859372  0.741748  0.656272  0.679114  0.677317  0.611495  0.544641  0.645702  0.680631  0.770814  0.755668  0.604942 0.0  0.827812  0.563255  0.687847  0.667207  0.518168  0.620881  0.627968  0.642104  0.616827  0.704421  0.554573  0.739479  0.677963  0.732512  0.767890  0.583204  0.778749  0.650256  0.784531  0.789649  0.666053  0.534333  0.676855  0.573912  0.623616  0.669809  0.717040  0.645586  0.634351  0.697711  0.762335  0.720023  0.596666  0.569030  0.609017  0.748590  0.656960  0.774936  0.628324 
22  0.614151  0.567718  0.543556  0.731644  0.637219  0.730583  0.662629  0.600696  0.321441  0.490499  0.347763  0.784362  0.693777  0.850819  0.615242  0.718096  0.838120  0.735667  0.601394  0.444832  0.770572  0.827812 0.0  0.871510  0.624149  0.470593  0.948552  0.765154  0.611925  0.921227  0.856543  0.634547  0.827763  0.627248  0.751890  0.656152  0.544803  0.778620  0.243849  0.547825  0.466562  0.632347  0.706018  0.855796  0.646599  0.776976  0.736137  0.811845  0.655285  0.604041  0.374800  0.575841  0.774375  0.372311  0.754373  0.707797  0.789796  0.801104  0.775739  0.573580  0.509775 
23  0.440856  0.434338  0.517387  0.702290  0.405439  0.564177  0.762840  0.641414  0.511930  0.789618  0.652100  0.520753  0.679876  0.688188  0.684668  0.378476  0.328454  0.571291  0.729341  0.586683  0.606224  0.563255  0.871510 0.0  0.639360  0.603034  0.606722  0.509750  0.524540  0.529156  0.549812  0.604388  0.361118  0.714538  0.341192  0.443342  0.610825  0.488722  0.806011  0.544877  0.649593  0.604635  0.403851  0.438456  0.427714  0.596363  0.530474  0.316953  0.469958  0.638680  0.723047  0.503584  0.699117  0.812732  0.498262  0.378086  0.476282  0.354257  0.626081  0.601869  0.673905 
24  0.636733  0.568211  0.506781  0.703267  0.533177  0.513671  0.705782  0.606672  0.668664  0.783665  0.412064  0.564542  0.534815  0.576298  0.593932  0.742090  0.680716  0.569939  0.557444  0.658279  0.747500  0.687847  0.624149  0.639360 0.0  0.202867  0.612455  0.672710  0.590955  0.617436  0.560161  0.535522  0.583631  0.777132  0.553890  0.457059  0.692034  0.752215  0.345698  0.311186  0.669088  0.767390  0.480183  0.620946  0.611408  0.838848  0.746957  0.711479  0.698709  0.700048  0.515638  0.561538  0.639133  0.338853  0.622756  0.497911  0.491137  0.582051  0.859886  0.534914  0.510032 
25  0.492349  0.380705  0.437407  0.729415  0.445918  0.613574  0.536811  0.487964  0.615991  0.664806  0.361563  0.535942  0.632331  0.622170  0.763010  0.718824  0.521535  0.493722  0.639106  0.557133  0.800633  0.667207  0.470593  0.603034  0.202867 0.0  0.692820  0.615143  0.595791  0.601727  0.582326  0.569780  0.512833  0.631562  0.464670  0.404080  0.608212  0.589088  0.404706  0.310194  0.614736  0.645227  0.452104  0.531652  0.540361  0.756852  0.491415  0.639851  0.458645  0.683626  0.419944  0.495506  0.610662  0.409706  0.681163  0.353661  0.448930  0.635051  0.785374  0.618196  0.568752 
26  0.599475  0.629717  0.725813  0.553683  0.441766  0.475555  0.821532  0.748446  0.750695  0.756716  0.843294  0.530847  0.779243  0.718393  0.999172  0.595583  0.496521  0.554199  0.776389  0.832969  0.665391  0.518168  0.948552  0.606722  0.612455  0.692820 0.0  0.694521  0.575789  0.263683  0.403183  0.791656  0.423718  0.626000  0.538025  0.706382  0.685485  0.783886  0.816641  0.544288  0.858243  0.722674  0.715369  0.488565  0.608400  0.564159  0.632415  0.518556  0.660351  0.748396  0.792083  0.701259  0.710314  0.665615  0.479860  0.604622  0.508982  0.636639  0.448621  0.765292  0.696502 
27  0.406911  0.641989  0.601064  0.719431  0.623870  0.711085  0.741324  0.448542  0.669316  0.763800  0.636959  0.564929  0.395184  0.506034  0.704513  0.554605  0.536289  0.620380  0.505522  0.433282  0.664212  0.620881  0.765154  0.509750  0.672710  0.615143  0.694521 0.0  0.617440  0.663889  0.656413  0.578133  0.492123  0.741102  0.665753  0.499292  0.325014  0.632260  0.791166  0.681614  0.653723  0.776954  0.488345  0.659195  0.431235  0.554742  0.380913  0.578980  0.472716  0.465798  0.622299  0.504728  0.584549  0.686770  0.679077  0.471155  0.504498  0.643074  0.700305  0.592494  0.734317 
28  0.636391  0.460239  0.616208  0.620452  0.559352  0.679945  0.583622  0.660887  0.587736  0.562393  0.589850  0.529672  0.630197  0.624553  0.704471  0.629325  0.450816  0.587628  0.670358  0.762671  0.673626  0.627968  0.611925  0.524540  0.590955  0.595791  0.575789  0.617440 0.0  0.551816  0.548828  0.665137  0.587504  0.606573  0.509422  0.631625  0.647803  0.625403  0.643393  0.563068  0.617605  0.680123  0.523224  0.640214  0.714417  0.750295  0.646979  0.539706  0.573012  0.574797  0.668012  0.689166  0.585883  0.754570  0.559000  0.528923  0.689808  0.603289  0.744832  0.662842  0.573473 
29  0.794841  0.584866  0.694207  0.537446  0.512624  0.512266  0.867529  0.829909  0.836390  0.742829  0.771057  0.879976  0.917815  0.905192  0.933344  0.762810  0.449705  0.618013  1.000000  0.883646  0.513923  0.642104  0.921227  0.529156  0.617436  0.601727  0.263683  0.663889  0.551816 0.0  0.374251  0.674144  0.498884  0.572856  0.575146  0.699776  0.818256  0.591682  0.808954  0.629091  0.882225  0.690107  0.809309  0.467474  0.657803  0.646017  0.462892  0.533824  0.597172  0.853797  0.789428  0.716345  0.760737  0.755121  0.499947  0.543147  0.565041  0.594906  0.555953  0.900450  0.611334 
30  0.696425  0.471421  0.541915  0.646442  0.513008  0.526620  0.792705  0.675115  0.776554  0.780685  0.606722  0.758025  0.656510  0.869796  0.840184  0.725403  0.445702  0.597326  0.841601  0.660592  0.412102  0.616827  0.856543  0.549812  0.560161  0.582326  0.403183  0.656413  0.548828  0.374251 0.0  0.737023  0.523692  0.464188  0.486929  0.602268  0.590806  0.658517  0.722271  0.476165  0.699859  0.641367  0.678763  0.444801  0.742508  0.636626  0.571090  0.517690  0.619782  0.720338  0.621938  0.656782  0.702284  0.748106  0.468669  0.721626  0.545984  0.631859  0.716054  0.775948  0.627251 
31  0.504515  0.616411  0.815825  0.598671  0.546907  0.610870  0.640091  0.540879  0.571278  0.425271  0.579925  0.123686  0.223269  0.418507  0.592111  0.533343  0.593603  0.344287  0.762934  0.523286  0.819145  0.704421  0.634547  0.604388  0.535522  0.569780  0.791656  0.578133  0.665137  0.674144  0.737023 0.0  0.543499  0.723623  0.635633  0.413711  0.653178  0.845649  0.800291  0.553068  0.362468  0.648712  0.480472  0.643625  0.501057  0.745188  0.479643  0.528312  0.585085  0.565742  0.703908  0.476778  0.214296  0.696877  0.541993  0.421652  0.605453  0.568780  0.673095  0.534298  0.815358 
32  0.609098  0.614220  0.640339  0.738122  0.360049  0.527143  0.791286  0.542553  0.599472  0.700822  0.596038  0.435057  0.523831  0.584550  0.736411  0.353043  0.383500  0.554686  0.655256  0.587062  0.626313  0.554573  0.827763  0.361118  0.583631  0.512833  0.423718  0.492123  0.587504  0.498884  0.523692  0.543499 0.0  0.603801  0.407551  0.437020  0.603948  0.662580  0.676918  0.474871  0.505914  0.628048  0.503119  0.404880  0.422065  0.505689  0.417337  0.310303  0.554266  0.493504  0.673531  0.564153  0.537306  0.788182  0.557192  0.498497  0.408014  0.404343  0.677850  0.598032  0.664334 
33  0.640246  0.726450  0.602146  0.670101  0.635824  0.652243  0.819727  0.811042  0.734061  0.875791  0.681569  0.741483  0.833306  0.819738  0.837608  0.616986  0.631937  0.652145  0.816387  0.769135  0.471183  0.739479  0.627248  0.714538  0.777132  0.631562  0.626000  0.741102  0.606573  0.572856  0.464188  0.723623  0.603801 0.0  0.651697  0.710834  0.724490  0.749701  0.749569  0.652995  0.723606  0.686348  0.802393  0.555292  0.720884  0.715087  0.690893  0.797827  0.664955  0.846114  0.717647  0.653143  0.762371  0.693022  0.668697  0.689408  0.633800  0.668120  0.724449  0.827428  0.772757 
34  0.360513  0.475960  0.566155  0.739039  0.221951  0.557178  0.678104  0.533047  0.476476  0.734465  0.705358  0.611400  0.472329  0.472409  0.782236  0.479017  0.240679  0.547823  0.716368  0.559242  0.558103  0.677963  0.751890  0.341192  0.553890  0.464670  0.538025  0.665753  0.509422  0.575146  0.486929  0.635633  0.407551  0.651697 0.0  0.353760  0.618360  0.600123  0.674869  0.424300  0.557682  0.677835  0.598157  0.453322  0.433904  0.487451  0.532225  0.355747  0.714593  0.598129  0.693448  0.439066  0.520769  0.765374  0.416313  0.379150  0.183921  0.511651  0.737457  0.564830  0.697640 
35  0.102635  0.577283  0.687971  0.765157  0.508198  0.545162  0.598846  0.342066  0.305702  0.652213  0.613657  0.574343  0.380031  0.467723  0.612114  0.599336  0.419995  0.388708  0.490674  0.361659  0.750860  0.732512  0.656152  0.443342  0.457059  0.404080  0.706382  0.499292  0.631625  0.699776  0.602268  0.413711  0.437020  0.710834  0.353760 0.0  0.417229  0.751030  0.560924  0.515262  0.423278  0.604938  0.455698  0.608726  0.379620  0.610252  0.347153  0.581598  0.629723  0.443357  0.754418  0.243045  0.582178  0.668886  0.514252  0.207927  0.527281  0.614349  0.587558  0.340670  0.727407 
36  0.379953  0.747672  0.669739  0.749218  0.584633  0.647881  0.466930  0.349264  0.354772  0.544772  0.593540  0.534135  0.377529  0.436210  0.490085  0.637514  0.642507  0.594156  0.269070  0.262164  0.812911  0.767890  0.544803  0.610825  0.692034  0.608212  0.685485  0.325014  0.647803  0.818256  0.590806  0.653178  0.603948  0.724490  0.618360  0.417229 0.0  0.761193  0.462525  0.711573  0.466341  0.581016  0.506809  0.699967  0.612231  0.604857  0.401023  0.602165  0.601349  0.218503  0.669729  0.341555  0.664833  0.523783  0.648976  0.363977  0.661893  0.625619  0.661810  0.247044  0.802869 
37  0.806952  0.352042  0.681585  0.736697  0.549079  0.479465  0.892656  0.613047  0.801503  0.749207  0.606419  0.685533  0.729263  0.902392  0.938284  0.585637  0.522795  0.823414  0.814197  0.696674  0.545634  0.583204  0.778620  0.488722  0.752215  0.589088  0.783886  0.632260  0.625403  0.591682  0.658517  0.845649  0.662580  0.749701  0.600123  0.751030  0.761193 0.0  0.695784  0.547417  0.964318  0.757449  0.801198  0.519006  0.732707  0.620629  0.719974  0.716336  0.665925  0.847062  0.624150  0.659522  0.725341  0.785735  0.404595  0.697366  0.681024  0.655840  0.695804  0.751915  0.726929 
38  0.380189  0.729330  0.582603  0.580350  0.644361  0.553841  0.648338  0.624019  0.516138  0.621902  0.314019  0.703155  0.658676  0.531219  0.783122  0.642200  0.680596  0.672223  0.492240  0.434242  0.739078  0.778749  0.243849  0.806011  0.345698  0.404706  0.816641  0.791166  0.643393  0.808954  0.722271  0.800291  0.676918  0.749569  0.674869  0.560924  0.462525  0.695784 0.0  0.579925  0.638604  0.404055  0.532094  0.779359  0.695908  0.849083  0.588254  0.789201  0.671176  0.472202  0.345939  0.398292  0.686431  0.152705  0.571178  0.406974  0.656323  0.645191  0.742797  0.483389  0.560012 
39  0.561684  0.375093  0.400346  0.854434  0.458714  0.577792  0.795890  0.697395  0.683779  0.569070  0.341571  0.506165  0.542653  0.684057  0.802773  0.455769  0.474351  0.427404  0.968831  0.629621  0.625505  0.650256  0.547825  0.544877  0.311186  0.310194  0.544288  0.681614  0.563068  0.629091  0.476165  0.553068  0.474871  0.652995  0.424300  0.515262  0.711573  0.547417  0.579925 0.0  0.621638  0.608122  0.667721  0.421170  0.632900  0.551981  0.664245  0.479433  0.425802  0.692599  0.555113  0.632940  0.586835  0.465513  0.418685  0.428792  0.462432  0.539286  0.681480  0.721616  0.306512 
40  0.397702  0.730289  0.860431  0.665876  0.599228  0.675118  0.524800  0.425072  0.385037  0.399462  0.737530  0.363988  0.404500  0.311155  0.412060  0.677020  0.766305  0.458734  0.504734  0.304413  0.890488  0.784531  0.466562  0.649593  0.669088  0.614736  0.858243  0.653723  0.617605  0.882225  0.699859  0.362468  0.505914  0.723606  0.557682  0.423278  0.466341  0.964318  0.638604  0.621638 0.0  0.612098  0.425779  0.717970  0.649699  0.529792  0.541891  0.569226  0.679626  0.356863  0.736392  0.426124  0.562914  0.637199  0.636627  0.331213  0.684407  0.533420  0.634586  0.433113  0.610760 
41  0.506059  0.520340  0.780640  0.540931  0.595695  0.662603  0.607990  0.559662  0.620933  0.432405  0.597445  0.466408  0.625217  0.485271  0.495867  0.665547  0.685884  0.507333  0.655816  0.558136  0.694690  0.789649  0.632347  0.604635  0.767390  0.645227  0.722674  0.776954  0.680123  0.690107  0.641367  0.648712  0.628048  0.686348  0.677835  0.604938  0.581016  0.757449  0.404055  0.608122  0.612098 0.0  0.629719  0.675102  0.622666  0.714810  0.697123  0.707834  0.690233  0.533737  0.687091  0.610651  0.519886  0.537913  0.583350  0.638613  0.724335  0.712103  0.645463  0.687109  0.716658 
42  0.371105  0.696282  0.744651  0.731207  0.515963  0.662262  0.730698  0.375603  0.592140  0.677343  0.406377  0.450126  0.363111  0.544812  0.595303  0.645265  0.408918  0.430429  0.448410  0.484081  0.844680  0.666053  0.706018  0.403851  0.480183  0.452104  0.715369  0.488345  0.523224  0.809309  0.678763  0.480472  0.503119  0.802393  0.598157  0.455698  0.506809  0.801198  0.532094  0.667721  0.425779  0.629719 0.0  0.683114  0.498005  0.697201  0.447369  0.576999  0.735032  0.428836  0.615837  0.381131  0.484336  0.720011  0.648961  0.192855  0.614331  0.624939  0.772498  0.547611  0.804037 
43  0.716421  0.436357  0.497076  0.669878  0.492754  0.672765  0.844093  0.701514  0.628602  0.633399  0.571167  0.564590  0.591426  0.770018  0.850257  0.577255  0.446968  0.556860  0.780494  0.730305  0.538019  0.534333  0.855796  0.438456  0.620946  0.531652  0.488565  0.659195  0.640214  0.467474  0.444801  0.643625  0.404880  0.555292  0.453322  0.608726  0.699967  0.519006  0.779359  0.421170  0.717970  0.675102  0.683114 0.0  0.540389  0.570174  0.672456  0.309976  0.474380  0.660148  0.716268  0.576705  0.678536  0.747388  0.463917  0.514570  0.494207  0.468927  0.688999  0.831129  0.617635 
44  0.465612  0.694287  0.761434  0.660934  0.556044  0.655896  0.790770  0.470171  0.570342  0.710469  0.539405  0.599772  0.590389  0.692901  0.749939  0.608915  0.429001  0.581980  0.658493  0.582936  0.787042  0.676855  0.646599  0.427714  0.611408  0.540361  0.608400  0.431235  0.714417  0.657803  0.742508  0.501057  0.422065  0.720884  0.433904  0.379620  0.612231  0.732707  0.695908  0.632900  0.649699  0.622666  0.498005  0.540389 0.0  0.559406  0.290358  0.542322  0.767868  0.556611  0.658608  0.438250  0.585370  0.650670  0.651390  0.432464  0.486235  0.599081  0.604594  0.679010  0.709335 
45  0.611134  0.683142  0.767756  0.749270  0.604999  0.589314  0.900704  0.670046  0.565288  0.711306  0.685763  0.661576  0.644012  0.724561  0.775900  0.403811  0.564294  0.682477  0.514962  0.595578  0.621483  0.573912  0.776976  0.596363  0.838848  0.756852  0.564159  0.554742  0.750295  0.646017  0.636626  0.745188  0.505689  0.715087  0.487451  0.610252  0.604857  0.620629  0.849083  0.551981  0.529792  0.714810  0.697201  0.570174  0.559406 0.0  0.521231  0.418413  0.759909  0.589716  0.682779  0.530653  0.756691  0.749186  0.711240  0.631203  0.571540  0.508373  0.690496  0.659780  0.583234 
46  0.398157  0.627106  0.623362  0.626861  0.464610  0.521776  0.664468  0.353238  0.601097  0.642137  0.500000  0.632858  0.487391  0.715058  0.701565  0.560351  0.390260  0.561896  0.578468  0.496628  0.761496  0.623616  0.736137  0.530474  0.746957  0.491415  0.632415  0.380913  0.646979  0.462892  0.571090  0.479643  0.417337  0.690893  0.532225  0.347153  0.401023  0.719974  0.588254  0.664245  0.541891  0.697123  0.447369  0.672456  0.290358  0.521231 0.0  0.539424  0.765785  0.457198  0.627573  0.411645  0.661444  0.553126  0.570699  0.272820  0.436803  0.510501  0.653032  0.555351  0.679519 
47  0.533531  0.540472  0.417957  0.734867  0.370949  0.554709  0.888274  0.632931  0.693886  0.666854  0.732864  0.611614  0.520716  0.787297  0.732920  0.426677  0.377318  0.542338  0.850335  0.585570  0.609024  0.669809  0.811845  0.316953  0.711479  0.639851  0.518556  0.578980  0.539706  0.533824  0.517690  0.528312  0.310303  0.797827  0.355747  0.581598  0.602165  0.716336  0.789201  0.479433  0.569226  0.707834  0.576999  0.309976  0.542322  0.418413  0.539424 0.0  0.563584  0.548102  0.603414  0.553973  0.588842  0.751687  0.431089  0.496083  0.341709  0.267248  0.664970  0.684697  0.565940 
48  0.626239  0.567824  0.491334  0.614386  0.645245  0.530216  0.847865  0.755729  0.749335  0.648650  0.602779  0.490272  0.629852  0.728085  0.719093  0.655736  0.698483  0.586521  0.845547  0.706425  0.712384  0.717040  0.655285  0.469958  0.698709  0.458645  0.660351  0.472716  0.573012  0.597172  0.619782  0.585085  0.554266  0.664955  0.714593  0.629723  0.601349  0.665925  0.671176  0.425802  0.679626  0.690233  0.735032  0.474380  0.767868  0.759909  0.765785  0.563584 0.0  0.802993  0.722006  0.664112  0.541966  0.730680  0.525553  0.597387  0.681095  0.730265  0.546493  0.679400  0.645741 
49  0.357344  0.597589  0.641443  0.702014  0.654078  0.633015  0.523248  0.280928  0.351555  0.487005  0.547953  0.502917  0.260487  0.427532  0.389182  0.704998  0.559830  0.504547  0.529389  0.159044  0.859155  0.645586  0.604041  0.638680  0.700048  0.683626  0.748396  0.465798  0.574797  0.853797  0.720338  0.565742  0.493504  0.846114  0.598129  0.443357  0.218503  0.847062  0.472202  0.692599  0.356863  0.533737  0.428836  0.660148  0.556611  0.589716  0.457198  0.548102  0.802993 0.0  0.684836  0.303263  0.464662  0.571208  0.736247  0.521168  0.705902  0.586305  0.654769  0.410407  0.549065 
50  0.645594  0.602659  0.451814  0.728074  0.576392  0.641174  0.778532  0.555090  0.793667  0.735960  0.482221  0.724001  0.661971  0.723624  0.726427  0.846393  0.698434  0.794516  0.670710  0.708271  0.684855  0.634351  0.374800  0.723047  0.515638  0.419944  0.792083  0.622299  0.668012  0.789428  0.621938  0.703908  0.673531  0.717647  0.693448  0.754418  0.669729  0.624150  0.345939  0.555113  0.736392  0.687091  0.615837  0.716268  0.658608  0.682779  0.627573  0.603414  0.722006  0.684836 0.0  0.745737  0.701936  0.511287  0.661785  0.611560  0.618701  0.749692  0.770370  0.779895  0.525668 
51  0.203490  0.517504  0.772325  0.555088  0.413649  0.684894  0.484342  0.261874  0.400254  0.569596  0.655907  0.517709  0.384085  0.345982  0.511107  0.464832  0.588026  0.594425  0.466229  0.393338  0.814042  0.697711  0.575841  0.503584  0.561538  0.495506  0.701259  0.504728  0.689166  0.716345  0.656782  0.476778  0.564153  0.653143  0.439066  0.243045  0.341555  0.659522  0.398292  0.632940  0.426124  0.610651  0.381131  0.576705  0.438250  0.530653  0.411645  0.553973  0.664112  0.303263  0.745737 0.0  0.651185  0.589215  0.531926  0.317389  0.440847  0.439739  0.676980  0.314841  0.742877 
52  0.536045  0.504262  0.711911  0.611118  0.604921  0.588653  0.578156  0.475209  0.700953  0.579547  0.648397  0.139414  0.344565  0.600003  0.595786  0.593126  0.638572  0.301576  0.661791  0.468253  0.940988  0.762335  0.774375  0.699117  0.639133  0.610662  0.710314  0.584549  0.585883  0.760737  0.702284  0.214296  0.537306  0.762371  0.520769  0.582178  0.664833  0.725341  0.686431  0.586835  0.562914  0.519886  0.484336  0.678536  0.585370  0.756691  0.661444  0.588842  0.541966  0.464662  0.701936  0.651185 0.0  0.700164  0.541622  0.358522  0.683264  0.486492  0.620044  0.673900  0.787720 
53  0.583339  0.840289  0.631445  0.660435  0.696945  0.764137  0.640985  0.612178  0.501674  0.574774  0.413266  0.690755  0.671518  0.705386  0.619037  0.743120  0.722438  0.575444  0.602278  0.550920  0.795170  0.720023  0.372311  0.812732  0.338853  0.409706  0.665615  0.686770  0.754570  0.755121  0.748106  0.696877  0.788182  0.693022  0.765374  0.668886  0.523783  0.785735  0.152705  0.465513  0.637199  0.537913  0.720011  0.747388  0.650670  0.749186  0.553126  0.751687  0.730680  0.571208  0.511287  0.589215  0.700164 0.0  0.653987  0.619382  0.666028  0.732518  0.726337  0.533751  0.507552 
54  0.554570  0.364899  0.596337  0.721261  0.384654  0.528916  0.627153  0.575076  0.611510  0.687418  0.696204  0.629039  0.601952  0.681055  0.777370  0.458590  0.421156  0.608282  0.808190  0.671886  0.527249  0.596666  0.754373  0.498262  0.622756  0.681163  0.479860  0.679077  0.559000  0.499947  0.468669  0.541993  0.557192  0.668697  0.416313  0.514252  0.648976  0.404595  0.571178  0.418685  0.636627  0.583350  0.648961  0.463917  0.651390  0.711240  0.570699  0.431089  0.525553  0.736247  0.661785  0.531926  0.541622  0.653987 0.0  0.506600  0.441974  0.475632  0.642779  0.632341  0.514544 
55  0.216536  0.577484  0.635306  0.638203  0.371015  0.463499  0.598809  0.338095  0.377290  0.629512  0.532591  0.395487  0.285318  0.407585  0.741631  0.418393  0.432392  0.421585  0.595910  0.436956  0.824117  0.569030  0.707797  0.378086  0.497911  0.353661  0.604622  0.471155  0.528923  0.543147  0.721626  0.421652  0.498497  0.689408  0.379150  0.207927  0.363977  0.697366  0.406974  0.428792  0.331213  0.638613  0.192855  0.514570  0.432464  0.631203  0.272820  0.496083  0.597387  0.521168  0.611560  0.317389  0.358522  0.619382  0.506600 0.0  0.385569  0.417773  0.717953  0.392850  0.783019 
56  0.478796  0.627244  0.608445  0.782418  0.270818  0.459785  0.754344  0.562325  0.592718  0.804535  0.669684  0.754039  0.620253  0.625015  0.796751  0.363559  0.327260  0.661695  0.747863  0.615654  0.652555  0.609017  0.789796  0.476282  0.491137  0.448930  0.508982  0.504498  0.689808  0.565041  0.545984  0.605453  0.408014  0.633800  0.183921  0.527281  0.661893  0.681024  0.656323  0.462432  0.684407  0.724335  0.614331  0.494207  0.486235  0.571540  0.436803  0.341709  0.681095  0.705902  0.618701  0.440847  0.683264  0.666028  0.441974  0.385569 0.0  0.478380  0.752613  0.655081  0.685600 
57  0.456944  0.589622  0.503412  0.699531  0.457005  0.569769  0.823693  0.486805  0.580282  0.633593  0.659269  0.471275  0.517089  0.677882  0.649290  0.465046  0.406199  0.525890  0.759974  0.509995  0.705125  0.748590  0.801104  0.354257  0.582051  0.635051  0.636639  0.643074  0.603289  0.594906  0.631859  0.568780  0.404343  0.668120  0.511651  0.614349  0.625619  0.655840  0.645191  0.539286  0.533420  0.712103  0.624939  0.468927  0.599081  0.508373  0.510501  0.267248  0.730265  0.586305  0.749692  0.439739  0.486492  0.732518  0.475632  0.417773  0.478380 0.0  0.615828  0.774765  0.603389 
58  0.624936  0.729749  0.681934  0.572853  0.732206  0.678204  0.635122  0.640943  0.839675  0.734284  0.696771  0.671312  0.781592  0.586952  0.688385  0.766819  0.600400  0.714703  0.880366  0.696768  0.667014  0.656960  0.775739  0.626081  0.859886  0.785374  0.448621  0.700305  0.744832  0.555953  0.716054  0.673095  0.677850  0.724449  0.737457  0.587558  0.661810  0.695804  0.742797  0.681480  0.634586  0.645463  0.772498  0.688999  0.604594  0.690496  0.653032  0.664970  0.546493  0.654769  0.770370  0.676980  0.620044  0.726337  0.642779  0.717953  0.752613  0.615828 0.0  0.655917  0.819009 
59  0.374404  0.712485  0.888815  0.737515  0.493232  0.776830  0.293777  0.369592  0.252564  0.448556  0.808240  0.652303  0.243321  0.391973  0.374451  0.607656  0.632827  0.563091  0.290787  0.372719  0.859188  0.774936  0.573580  0.601869  0.534914  0.618196  0.765292  0.592494  0.662842  0.900450  0.775948  0.534298  0.598032  0.827428  0.564830  0.340670  0.247044  0.751915  0.483389  0.721616  0.433113  0.687109  0.547611  0.831129  0.679010  0.659780  0.555351  0.684697  0.679400  0.410407  0.779895  0.314841  0.673900  0.533751  0.632341  0.392850  0.655081  0.774765  0.655917 0.0  0.832795 
60  0.711995  0.527922  0.471580  0.727561  0.584326  0.559409  0.834887  0.793410  0.675393  0.581374  0.508957  0.759712  0.676932  0.811992  0.678445  0.560123  0.640074  0.739130  0.750952  0.638108  0.689195  0.628324  0.509775  0.673905  0.510032  0.568752  0.696502  0.734317  0.573473  0.611334  0.627251  0.815358  0.664334  0.772757  0.697640  0.727407  0.802869  0.726929  0.560012  0.306512  0.610760  0.716658  0.804037  0.617635  0.709335  0.583234  0.679519  0.565940  0.645741  0.549065  0.525668  0.742877  0.787720  0.507552  0.514544  0.783019  0.685600  0.603389  0.819009  0.832795 0.0 
