61
0 0.0  0.579005  0.595217  0.598810  0.367165  0.518943  0.401429  0.354345  0.267847  0.429397  0.476427  0.448767  0.464968  0.343449  0.575201  0.472571  0.390068  0.386490  0.402437  0.259932  0.704802  0.684089  0.537827  0.427216  0.453534  0.406965  0.639217  0.467694  0.491670  0.713880  0.640319  0.451226  0.502554  0.629708  0.394085  0.285052  0.277813  0.691830  0.378884  0.508367  0.280139  0.494228  0.331350  0.533391  0.362726  0.666300  0.372140  0.516202  0.568786  0.254674  0.562321  0.260228  0.432581  0.403224  0.606016  0.248060  0.584540  0.485918  0.532545  0.339211  0.682451 
1  0.579005 0.0  0.487852  0.668598  0.466236  0.537536  0.682803  0.626157  0.612417  0.627191  0.435102  0.465650  0.641280  0.814383  0.800327  0.450716  0.473460  0.481554  0.742623  0.474756  0.650599  0.567203  0.633836  0.514717  0.665261  0.459989  0.570783  0.588112  0.616286  0.523352  0.517803  0.479538  0.454570  0.602585  0.477931  0.560410  0.601302  0.476043  0.635681  0.366705  0.542042  0.644281  0.636537  0.454386  0.617216  0.548001  0.550107  0.433139  0.452722  0.582169  0.524582  0.577635  0.480790  0.689957  0.446418  0.528397  0.512403  0.525047  0.611173  0.622978  0.526387 
2  0.595217  0.487852 0.0  0.704688  0.562971  0.440538  0.796957  0.564443  0.640697  0.653197  0.438883  0.619778  0.701766  0.790351  0.805329  0.643222  0.504599  0.544787  0.718648  0.596705  0.669935  0.506621  0.546765  0.550874  0.528300  0.396986  0.562627  0.596453  0.594305  0.585669  0.470412  0.589468  0.506038  0.499959  0.480947  0.628758  0.631229  0.555909  0.481460  0.404087  0.633811  0.662434  0.769203  0.451777  0.692124  0.585878  0.781456  0.462789  0.487017  0.659309  0.414697  0.726236  0.625529  0.532819  0.506679  0.517412  0.558436  0.476415  0.631319  0.716031  0.475786 
3  0.598810  0.668598  0.704688 0.0  0.542425  0.553814  0.639651  0.650090  0.635469  0.660206  0.626492  0.478913  0.663761  0.525642  0.593840  0.637185  0.628555  0.556336  0.623329  0.649057  0.686246  0.535099  0.658504  0.562155  0.663492  0.515852  0.448883  0.608744  0.660511  0.476888  0.601904  0.523417  0.557358  0.520787  0.556166  0.608271  0.749123  0.612626  0.650086  0.682156  0.580357  0.438700  0.648997  0.585359  0.638564  0.699972  0.697099  0.644919  0.535924  0.715555  0.715452  0.639613  0.670208  0.798298  0.601740  0.729873  0.562968  0.615679  0.513909  0.696418  0.704194 
4  0.367165  0.466236  0.562971  0.542425 0.0  0.498280  0.611938  0.437115  0.452112  0.568522  0.568807  0.436602  0.488524  0.508357  0.627722  0.378019  0.238290  0.575898  0.468176  0.488812  0.526123  0.515017  0.692885  0.399985  0.481449  0.441226  0.492929  0.443393  0.502079  0.478198  0.454093  0.530491  0.345051  0.551818  0.239376  0.371422  0.468051  0.425878  0.460682  0.420423  0.575405  0.601364  0.415220  0.397085  0.456811  0.561832  0.405289  0.327386  0.511109  0.489009  0.673783  0.462597  0.515183  0.517302  0.419900  0.326035  0.244008  0.406081  0.611081  0.477641  0.565513 
5  0.518943  0.537536  0.440538  0.553814  0.498280 0.0  0.535092  0.497656  0.614408  0.632280  0.625482  0.545552  0.526410  0.540772  0.600129  0.495938  0.558311  0.559857  0.654718  0.621310  0.561435  0.533007  0.612463  0.461949  0.575459  0.498541  0.507007  0.499968  0.567613  0.491039  0.538809  0.535202  0.532043  0.570400  0.518425  0.452033  0.656535  0.550365  0.665380  0.514157  0.633548  0.645210  0.519979  0.560150  0.587278  0.580057  0.579526  0.527386  0.587896  0.546909  0.590604  0.514834  0.554569  0.596595  0.526928  0.570086  0.486867  0.489727  0.631810  0.526961  0.568396 
6  0.401429  0.682803  0.796957  0.639651  0.611938  0.535092 0.0  0.524089  0.328550  0.450771  0.782350  0.637226  0.530882  0.323329  0.608156  0.570229  0.680456  0.508554  0.480609  0.544577  0.815640  0.692782  0.552281  0.670680  0.555722  0.512322  0.772331  0.603075  0.609268  0.750211  0.633502  0.622025  0.624980  0.784964  0.611537  0.527772  0.407631  0.663685  0.580567  0.806402  0.498079  0.604954  0.746248  0.830481  0.712166  0.722176  0.616655  0.811395  0.570232  0.472408  0.583390  0.338184  0.516214  0.440705  0.581209  0.506294  0.638357  0.704519  0.628424  0.307492  0.682035 
7  0.354345  0.626157  0.564443  0.650090  0.437115  0.497656  0.524089 0.0  0.283444  0.523826  0.606062  0.473860  0.234891  0.418447  0.537018  0.461279  0.510093  0.484368  0.491328  0.302315  0.770151  0.655669  0.535389  0.501668  0.427679  0.457350  0.695206  0.342424  0.604066  0.673613  0.666983  0.339104  0.456976  0.692430  0.430717  0.336526  0.279661  0.607143  0.452572  0.543529  0.441928  0.492531  0.312723  0.570925  0.328974  0.639513  0.302731  0.616596  0.615732  0.263924  0.539131  0.342343  0.454521  0.533261  0.535568  0.307171  0.492839  0.506889  0.558481  0.316358  0.701646 
8  0.267847  0.612417  0.640697  0.635469  0.452112  0.614408  0.328550  0.283444 0.0  0.509354  0.591322  0.611911  0.421263  0.354415  0.462482  0.544833  0.489508  0.429724  0.263354  0.209687  0.796454  0.680232  0.510845  0.534645  0.561202  0.515801  0.555235  0.485823  0.668055  0.698025  0.605973  0.612493  0.560262  0.674106  0.381662  0.397763  0.249328  0.773028  0.396200  0.584409  0.377118  0.554473  0.482150  0.678916  0.544304  0.546629  0.365303  0.518593  0.606998  0.267199  0.624264  0.278084  0.583558  0.450104  0.661643  0.442549  0.473714  0.508048  0.582932  0.167034  0.558636 
9  0.429397  0.627191  0.653197  0.660206  0.568522  0.632280  0.450771  0.523826  0.509354 0.0  0.652366  0.463372  0.552853  0.352658  0.394493  0.451462  0.565643  0.445142  0.583915  0.357023  0.831425  0.691312  0.487175  0.601910  0.628388  0.632250  0.791185  0.653353  0.582512  0.555353  0.854263  0.511692  0.682327  0.756384  0.573577  0.542201  0.456098  0.625645  0.574025  0.572261  0.492895  0.434665  0.502300  0.688445  0.621389  0.530931  0.593896  0.648561  0.653662  0.369586  0.626610  0.601292  0.539662  0.468959  0.628000  0.525311  0.754271  0.504005  0.654340  0.481440  0.650894 
10  0.476427  0.435102  0.438883  0.626492  0.568807  0.625482  0.782350  0.606062  0.591322  0.652366 0.0  0.497908  0.493962  0.629656  0.662315  0.518924  0.556317  0.573563  0.708109  0.539390  0.624089  0.631385  0.362441  0.550886  0.342509  0.337597  0.695010  0.676110  0.519163  0.623098  0.582133  0.503990  0.572434  0.629451  0.537782  0.545096  0.566706  0.613184  0.320207  0.285118  0.618293  0.516405  0.433233  0.537372  0.433012  0.669714  0.444248  0.507436  0.453057  0.491451  0.416911  0.622523  0.513376  0.404127  0.549776  0.466161  0.601445  0.420395  0.654956  0.657348  0.418403 
11  0.448767  0.465650  0.619778  0.478913  0.436602  0.545552  0.637226  0.473860  0.611911  0.463372  0.497908 0.0  0.321733  0.384465  0.660948  0.524971  0.451255  0.237358  0.524961  0.386976  0.749191  0.581173  0.532509  0.539477  0.480784  0.486318  0.563754  0.620495  0.636978  0.628648  0.498304  0.124811  0.389124  0.660845  0.573552  0.450174  0.527975  0.630293  0.640218  0.488669  0.374648  0.562046  0.438202  0.474047  0.592040  0.554647  0.552669  0.592115  0.541482  0.399245  0.532130  0.541659  0.147111  0.567455  0.503503  0.433627  0.572120  0.405236  0.563645  0.509774  0.745967 
12  0.464968  0.641280  0.701766  0.663761  0.488524  0.526410  0.530882  0.234891  0.421263  0.552853  0.493962  0.321733 0.0  0.438945  0.428440  0.499199  0.592678  0.430795  0.511986  0.234838  0.756717  0.561520  0.550589  0.581458  0.541682  0.447664  0.565739  0.366614  0.618629  0.855899  0.670156  0.271878  0.507328  0.681627  0.504235  0.307802  0.406002  0.612812  0.580368  0.631180  0.347296  0.496541  0.360356  0.567657  0.474112  0.617612  0.397591  0.426862  0.584171  0.202536  0.616183  0.339735  0.324006  0.674485  0.553341  0.310329  0.559569  0.477312  0.650004  0.334698  0.665889 
13  0.343449  0.814383  0.790351  0.525642  0.508357  0.540772  0.323329  0.418447  0.354415  0.352658  0.629656  0.384465  0.438945 0.0  0.462370  0.617816  0.612293  0.336598  0.447528  0.414404  0.803818  0.768676  0.619765  0.615552  0.528758  0.500791  0.598214  0.485275  0.602764  0.643889  0.637351  0.435577  0.560979  0.681855  0.590464  0.386253  0.388685  0.666685  0.478036  0.711012  0.504432  0.479999  0.460948  0.595981  0.601798  0.715013  0.607538  0.657782  0.505925  0.374201  0.715697  0.406564  0.397924  0.558636  0.635003  0.406314  0.513229  0.634298  0.642186  0.314297  0.641514 
14  0.575201  0.800327  0.805329  0.593840  0.627722  0.600129  0.608156  0.537018  0.462482  0.394493  0.662315  0.660948  0.428440  0.462370 0.0  0.612540  0.700089  0.517345  0.204234  0.379016  0.718333  0.645641  0.535519  0.655042  0.508981  0.714342  0.598880  0.548867  0.702628  0.762253  1.000000  0.554138  0.624342  0.814935  0.714854  0.583582  0.489275  0.760545  0.572149  0.626723  0.449408  0.553176  0.433888  0.687068  0.668893  0.651340  0.548002  0.606237  0.565442  0.422829  0.630482  0.426884  0.514834  0.549437  0.762070  0.528214  0.725302  0.589481  0.560917  0.333174  0.536846 
15  0.472571  0.450716  0.643222  0.637185  0.378019  0.495938  0.570229  0.461279  0.544833  0.451462  0.518924  0.524971  0.499199  0.617816  0.612540 0.0  0.335267  0.505020  0.620421  0.408382  0.537161  0.576663  0.730032  0.393566  0.680585  0.544489  0.631310  0.474924  0.605097  0.505100  0.560304  0.479932  0.486543  0.620421  0.391633  0.514526  0.538915  0.607775  0.563879  0.519987  0.497394  0.620080  0.535799  0.506249  0.458422  0.453707  0.548478  0.390177  0.520566  0.508094  0.547632  0.533845  0.447306  0.664258  0.481567  0.486860  0.380633  0.407339  0.582591  0.584505  0.520297 
16  0.390068  0.473460  0.504599  0.628555  0.238290  0.558311  0.680456  0.510093  0.489508  0.565643  0.556317  0.451255  0.592678  0.612293  0.700089  0.335267 0.0  0.532015  0.622676  0.539673  0.609008  0.480974  0.642020  0.302081  0.574156  0.439429  0.442020  0.446307  0.529364  0.520388  0.442104  0.582592  0.316564  0.630943  0.183055  0.379531  0.475981  0.539119  0.567636  0.450729  0.498951  0.555553  0.421169  0.371875  0.335332  0.510164  0.428414  0.335856  0.574283  0.605681  0.573231  0.453254  0.557032  0.664263  0.432112  0.326248  0.242919  0.397029  0.624388  0.509968  0.565648 
17  0.386490  0.481554  0.544787  0.556336  0.575898  0.559857  0.508554  0.484368  0.429724  0.445142  0.573563  0.237358  0.430795  0.336598  0.517345  0.505020  0.532015 0.0  0.508649  0.466810  0.727385  0.621558  0.654073  0.512397  0.526003  0.549466  0.456460  0.580206  0.507376  0.468945  0.452756  0.214057  0.433803  0.517162  0.515871  0.399142  0.552471  0.670662  0.526067  0.489777  0.378037  0.543018  0.357851  0.560584  0.457917  0.619441  0.597241  0.483491  0.538589  0.487862  0.618076  0.463790  0.231959  0.561326  0.473699  0.312785  0.623325  0.454833  0.565332  0.503259  0.643497 
18  0.402437  0.742623  0.718648  0.623329  0.468176  0.654718  0.480609  0.491328  0.263354  0.583915  0.708109  0.524961  0.511986  0.447528  0.204234  0.620421  0.622676  0.508649 0.0  0.471647  0.770031  0.630483  0.475353  0.637154  0.632431  0.672070  0.762605  0.601507  0.740451  0.753635  0.753337  0.709776  0.656333  0.778380  0.623470  0.420541  0.434984  0.609908  0.454130  0.824378  0.484431  0.541750  0.442618  0.703065  0.642782  0.588817  0.544762  0.648438  0.688806  0.362794  0.632587  0.431346  0.613934  0.586646  0.783267  0.470832  0.602668  0.638544  0.587377  0.233235  0.672924 
19  0.259932  0.474756  0.596705  0.649057  0.488812  0.621310  0.544577  0.302315  0.209687  0.357023  0.539390  0.386976  0.234838  0.414404  0.379016  0.408382  0.539673  0.466810  0.471647 0.0  0.762811  0.705512  0.493311  0.582778  0.555360  0.643106  0.563524  0.385418  0.630065  0.688041  0.532032  0.491614  0.456604  0.723055  0.493740  0.334400  0.236524  0.638576  0.471962  0.483191  0.217455  0.492117  0.462717  0.460110  0.547466  0.541926  0.406033  0.505572  0.656042  0.145301  0.512202  0.349607  0.401575  0.464149  0.493672  0.354124  0.522475  0.501841  0.651075  0.331055  0.593755 
20  0.704802  0.650599  0.669935  0.686246  0.526123  0.561435  0.815640  0.770151  0.796454  0.831425  0.624089  0.749191  0.756717  0.803818  0.718333  0.537161  0.609008  0.727385  0.770031  0.762811 0.0  0.620457  0.710331  0.525585  0.672179  0.673419  0.587782  0.677748  0.569425  0.497282  0.405054  0.745917  0.555519  0.509840  0.584402  0.676789  0.838711  0.545143  0.651294  0.510560  0.712147  0.647960  0.715735  0.470330  0.657815  0.589696  0.699009  0.532587  0.634464  0.747846  0.629942  0.704557  0.704019  0.609134  0.520422  0.611603  0.564745  0.739507  0.519425  0.602647  0.587075 
21  0.684089  0.567203  0.506621  0.535099  0.515017  0.533007  0.692782  0.655669  0.680232  0.691312  0.631385  0.581173  0.561520  0.768676  0.645641  0.576663  0.480974  0.621558  0.630483  0.705512  0.620457 0.0  0.609232  0.518084  0.605044  0.583242  0.431067  0.595992  0.589846  0.579838  0.497998  0.621918  0.576862  0.649731  0.590723  0.568752  0.639905  0.521153  0.631645  0.567365  0.700621  0.572422  0.650178  0.509115  0.618306  0.594262  0.637386  0.538467  0.575934  0.651237  0.640937  0.646621  0.595164  0.706917  0.482894  0.642267  0.548400  0.535511  0.550278  0.651136  0.495565 
22  0.537827  0.633836  0.546765  0.658504  0.692885  0.612463  0.552281  0.535389  0.510845  0.487175  0.362441  0.532509  0.550589  0.619765  0.535519  0.730032  0.642020  0.654073  0.475353  0.493311  0.710331  0.609232 0.0  0.608118  0.527998  0.405525  0.708905  0.744823  0.567017  0.780579  0.627048  0.575107  0.686457  0.557769  0.796975  0.536327  0.556285  0.639153  0.282529  0.483855  0.465432  0.538597  0.569310  0.734021  0.709782  0.680260  0.621373  0.652731  0.680081  0.495121  0.350976  0.473152  0.630542  0.252351  0.619858  0.625493  0.641223  0.718717  0.617084  0.542654  0.436639 
23  0.427216  0.514717  0.550874  0.562155  0.399985  0.461949  0.670680  0.501668  0.534645  0.601910  0.550886  0.539477  0.581458  0.615552  0.655042  0.393566  0.302081  0.512397  0.637154  0.582778  0.525585  0.518084  0.608118 0.0  0.583320  0.485691  0.376503  0.470419  0.510624  0.431522  0.435904  0.564683  0.264004  0.590588  0.387482  0.431904  0.516028  0.560150  0.604564  0.523737  0.528317  0.542678  0.476964  0.413901  0.348670  0.469526  0.421739  0.303219  0.561929  0.619483  0.555842  0.462828  0.544339  0.687603  0.415302  0.438825  0.405537  0.404350  0.681294  0.620937  0.552626 
24  0.453534  0.665261  0.528300  0.663492  0.481449  0.575459  0.555722  0.427679  0.561202  0.628388  0.342509  0.480784  0.541682  0.528758  0.508981  0.680585  0.574156  0.526003  0.632431  0.555360  0.672179  0.605044  0.527998  0.583320 0.0  0.238987  0.673773  0.640461  0.601353  0.619682  0.583081  0.517302  0.535816  0.575720  0.514338  0.480171  0.653218  0.684450  0.359337  0.374658  0.580087  0.619451  0.468701  0.545499  0.537020  0.647400  0.505672  0.614165  0.622112  0.568463  0.442926  0.520306  0.528575  0.310229  0.649317  0.384162  0.515191  0.500393  0.550681  0.586673  0.424681 
25  0.406965  0.459989  0.396986  0.515852  0.441226  0.498541  0.512322  0.457350  0.515801  0.632250  0.337597  0.486318  0.447664  0.500791  0.714342  0.544489  0.439429  0.549466  0.672070  0.643106  0.673419  0.583242  0.405525  0.485691  0.238987 0.0  0.511506  0.525021  0.518025  0.486065  0.464363  0.494853  0.483718  0.579698  0.446707  0.374314  0.507234  0.566882  0.415170  0.340539  0.497129  0.491190  0.444782  0.500097  0.519774  0.774137  0.479625  0.498125  0.493760  0.505801  0.409284  0.482566  0.519172  0.377436  0.554963  0.371489  0.409744  0.522767  0.697316  0.533939  0.529011 
26  0.639217  0.570783  0.562627  0.448883  0.492929  0.507007  0.772331  0.695206  0.555235  0.791185  0.695010  0.563754  0.565739  0.598214  0.598880  0.631310  0.442020  0.456460  0.762605  0.563524  0.587782  0.431067  0.708905  0.376503  0.673773  0.511506 0.0  0.712197  0.471652  0.244168  0.407932  0.476161  0.422571  0.563802  0.411579  0.520417  0.627253  0.652873  0.750795  0.442782  0.787450  0.447678  0.546717  0.461805  0.575655  0.597848  0.607638  0.506909  0.597435  0.684733  0.735961  0.621018  0.640069  0.675321  0.397367  0.540761  0.450412  0.517080  0.432096  0.696561  0.627847 
27  0.467694  0.588112  0.596453  0.608744  0.443393  0.499968  0.603075  0.342424  0.485823  0.653353  0.676110  0.620495  0.366614  0.485275  0.548867  0.474924  0.446307  0.580206  0.601507  0.385418  0.677748  0.595992  0.744823  0.470419  0.640461  0.525021  0.712197 0.0  0.616978  0.572001  0.642999  0.478813  0.447431  0.637691  0.528350  0.393826  0.413280  0.584397  0.641378  0.618508  0.445496  0.582552  0.445726  0.604579  0.445545  0.497119  0.342596  0.565173  0.593933  0.455187  0.477347  0.455493  0.542194  0.713401  0.534455  0.439383  0.515838  0.455190  0.638185  0.430583  0.713170 
28  0.491670  0.616286  0.594305  0.660511  0.502079  0.567613  0.609268  0.604066  0.668055  0.582512  0.519163  0.636978  0.618629  0.602764  0.702628  0.605097  0.529364  0.507376  0.740451  0.630065  0.569425  0.589846  0.567017  0.510624  0.601353  0.518025  0.471652  0.616978 0.0  0.492330  0.575465  0.588365  0.599216  0.535172  0.515877  0.556945  0.575487  0.593315  0.643175  0.535146  0.539220  0.509324  0.621696  0.456009  0.506354  0.549630  0.631445  0.561661  0.532987  0.656169  0.628178  0.478144  0.590964  0.640518  0.519795  0.486559  0.691932  0.596334  0.573756  0.541266  0.578276 
29  0.713880  0.523352  0.585669  0.476888  0.478198  0.491039  0.750211  0.673613  0.698025  0.555353  0.623098  0.628648  0.855899  0.643889  0.762253  0.505100  0.520388  0.468945  0.753635  0.688041  0.497282  0.579838  0.780579  0.431522  0.619682  0.486065  0.244168  0.572001  0.492330 0.0  0.400161  0.605805  0.527741  0.522585  0.410063  0.693307  0.715459  0.531860  0.728804  0.519097  0.834289  0.544068  0.624744  0.425832  0.576072  0.543255  0.598107  0.530074  0.571488  0.743667  0.581581  0.489506  0.641430  0.816126  0.507753  0.523923  0.554511  0.613524  0.486708  0.834236  0.609064 
30  0.640319  0.517803  0.470412  0.601904  0.454093  0.538809  0.633502  0.666983  0.605973  0.854263  0.582133  0.498304  0.670156  0.637351  1.000000  0.560304  0.442104  0.452756  0.753337  0.532032  0.405054  0.497998  0.627048  0.435904  0.583081  0.464363  0.407932  0.642999  0.575465  0.400161 0.0  0.522755  0.499713  0.342814  0.374626  0.548018  0.612314  0.596672  0.678680  0.407076  0.739085  0.687450  0.731122  0.440670  0.569980  0.589138  0.583851  0.452593  0.560744  0.576931  0.591620  0.635747  0.655041  0.649737  0.442508  0.579612  0.497996  0.488632  0.681937  0.670742  0.488510 
31  0.451226  0.479538  0.589468  0.523417  0.530491  0.535202  0.622025  0.339104  0.612493  0.511692  0.503990  0.124811  0.271878  0.435577  0.554138  0.479932  0.582592  0.214057  0.709776  0.491614  0.745917  0.621918  0.575107  0.564683  0.517302  0.494853  0.476161  0.478813  0.588365  0.605805  0.522755 0.0  0.480597  0.784519  0.667773  0.366453  0.554353  0.759607  0.718949  0.542835  0.341326  0.506794  0.428187  0.582324  0.529740  0.652721  0.467035  0.582031  0.495041  0.336516  0.691838  0.569312  0.189144  0.606663  0.546767  0.343589  0.642323  0.486087  0.592038  0.506668  0.565954 
32  0.502554  0.454570  0.506038  0.557358  0.345051  0.532043  0.624980  0.456976  0.560262  0.682327  0.572434  0.389124  0.507328  0.560979  0.624342  0.486543  0.316564  0.433803  0.656333  0.456604  0.555519  0.576862  0.686457  0.264004  0.535816  0.483718  0.422571  0.447431  0.599216  0.527741  0.499713  0.480597 0.0  0.623694  0.369016  0.441732  0.535577  0.439811  0.707610  0.421751  0.440396  0.685442  0.462983  0.338870  0.400126  0.468961  0.383865  0.262529  0.515245  0.478955  0.534251  0.464898  0.550452  0.530396  0.459661  0.375988  0.415913  0.362078  0.579228  0.490804  0.624772 
33  0.629708  0.602585  0.499959  0.520787  0.551818  0.570400  0.784964  0.692430  0.674106  0.756384  0.629451  0.660845  0.681627  0.681855  0.814935  0.620421  0.630943  0.517162  0.778380  0.723055  0.509840  0.649731  0.557769  0.590588  0.575720  0.579698  0.563802  0.637691  0.535172  0.522585  0.342814  0.784519  0.623694 0.0  0.573684  0.694491  0.646700  0.744847  0.557174  0.500587  0.656951  0.686865  0.653979  0.484037  0.641500  0.654533  0.604905  0.644580  0.477515  0.784856  0.592035  0.608043  0.680995  0.629219  0.556858  0.655802  0.600176  0.629709  0.604120  0.821580  0.600747 
34  0.394085  0.477931  0.480947  0.556166  0.239376  0.518425  0.611537  0.430717  0.381662  0.573577  0.537782  0.573552  0.504235  0.590464  0.714854  0.391633  0.183055  0.515871  0.623470  0.493740  0.584402  0.590723  0.796975  0.387482  0.514338  0.446707  0.411579  0.528350  0.515877  0.410063  0.374626  0.667773  0.369016  0.573684 0.0  0.384556  0.483842  0.532638  0.623255  0.457324  0.528522  0.611549  0.492597  0.455068  0.358438  0.473570  0.446652  0.289222  0.580217  0.499025  0.592880  0.420669  0.625315  0.614320  0.488065  0.374382  0.248781  0.385493  0.617239  0.534348  0.509339 
35  0.285052  0.560410  0.628758  0.608271  0.371422  0.452033  0.527772  0.336526  0.397763  0.542201  0.545096  0.450174  0.307802  0.386253  0.583582  0.514526  0.379531  0.399142  0.420541  0.334400  0.676789  0.568752  0.536327  0.431904  0.480171  0.374314  0.520417  0.393826  0.556945  0.693307  0.548018  0.366453  0.441732  0.694491  0.384556 0.0  0.322408  0.620756  0.524906  0.506156  0.339365  0.525484  0.288582  0.566764  0.416065  0.549300  0.308327  0.451273  0.626626  0.271187  0.558837  0.313890  0.479118  0.559912  0.525041  0.228714  0.495138  0.426987  0.590529  0.302724  0.722606 
36  0.277813  0.601302  0.631229  0.749123  0.468051  0.656535  0.407631  0.279661  0.249328  0.456098  0.566706  0.527975  0.406002  0.388685  0.489275  0.538915  0.475981  0.552471  0.434984  0.236524  0.838711  0.639905  0.556285  0.516028  0.653218  0.507234  0.627253  0.413280  0.575487  0.715459  0.612314  0.554353  0.535577  0.646700  0.483842  0.322408 0.0  0.667257  0.426931  0.604404  0.372351  0.560753  0.428730  0.517269  0.517546  0.624043  0.402045  0.512746  0.564966  0.242306  0.552261  0.323585  0.538985  0.442280  0.552333  0.373544  0.540070  0.516688  0.612830  0.226587  0.737360 
37  0.691830  0.476043  0.555909  0.612626  0.425878  0.550365  0.663685  0.607143  0.773028  0.625645  0.613184  0.630293  0.612812  0.666685  0.760545  0.607775  0.539119  0.670662  0.609908  0.638576  0.545143  0.521153  0.639153  0.560150  0.684450  0.566882  0.652873  0.584397  0.593315  0.531860  0.596672  0.759607  0.439811  0.744847  0.532638  0.620756  0.667257 0.0  0.543312  0.507889  0.671817  0.705200  0.698877  0.518457  0.713223  0.608770  0.606371  0.526396  0.514237  0.770283  0.590837  0.512223  0.512329  0.679236  0.507912  0.638542  0.537161  0.627380  0.692925  0.691985  0.541723 
38  0.378884  0.635681  0.481460  0.650086  0.460682  0.665380  0.580567  0.452572  0.396200  0.574025  0.320207  0.640218  0.580368  0.478036  0.572149  0.563879  0.567636  0.526067  0.454130  0.471962  0.651294  0.631645  0.282529  0.604564  0.359337  0.415170  0.750795  0.641378  0.643175  0.728804  0.678680  0.718949  0.707610  0.557174  0.623255  0.524906  0.426931  0.543312 0.0  0.461118  0.664439  0.578001  0.495784  0.586168  0.531733  0.751431  0.567797  0.756508  0.765383  0.476398  0.410366  0.469417  0.587236  0.174932  0.579279  0.529122  0.557545  0.713104  0.800625  0.437223  0.448443 
39  0.508367  0.366705  0.404087  0.682156  0.420423  0.514157  0.806402  0.543529  0.584409  0.572261  0.285118  0.488669  0.631180  0.711012  0.626723  0.519987  0.450729  0.489777  0.824378  0.483191  0.510560  0.567365  0.483855  0.523737  0.374658  0.340539  0.442782  0.618508  0.535146  0.519097  0.407076  0.542835  0.421751  0.500587  0.457324  0.506156  0.604404  0.507889  0.461118 0.0  0.516073  0.575051  0.524426  0.444755  0.563589  0.548499  0.567813  0.367770  0.515001  0.512106  0.425202  0.622501  0.542294  0.463673  0.364098  0.415431  0.500802  0.450066  0.646814  0.611269  0.379378 
40  0.280139  0.542042  0.633811  0.580357  0.575405  0.633548  0.498079  0.441928  0.377118  0.492895  0.618293  0.374648  0.347296  0.504432  0.449408  0.497394  0.498951  0.378037  0.484431  0.217455  0.712147  0.700621  0.465432  0.528317  0.580087  0.497129  0.787450  0.445496  0.539220  0.834289  0.739085  0.341326  0.440396  0.656951  0.528522  0.339365  0.372351  0.671817  0.664439  0.516073 0.0  0.558898  0.400339  0.596498  0.579447  0.528909  0.416357  0.585615  0.557537  0.273882  0.590917  0.333966  0.457589  0.568251  0.543538  0.372312  0.511801  0.460930  0.565035  0.343481  0.717928 
41  0.494228  0.644281  0.662434  0.438700  0.601364  0.645210  0.604954  0.492531  0.554473  0.434665  0.516405  0.562046  0.496541  0.479999  0.553176  0.620080  0.555553  0.543018  0.541750  0.492117  0.647960  0.572422  0.538597  0.542678  0.619451  0.491190  0.447678  0.582552  0.509324  0.544068  0.687450  0.506794  0.685442  0.686865  0.611549  0.525484  0.560753  0.705200  0.578001  0.575051  0.558898 0.0  0.544368  0.618890  0.525956  0.544699  0.652920  0.590796  0.651940  0.468883  0.626240  0.529591  0.475790  0.525385  0.673545  0.479406  0.662866  0.683406  0.487372  0.616977  0.524864 
42  0.331350  0.636537  0.769203  0.648997  0.415220  0.519979  0.746248  0.312723  0.482150  0.502300  0.433233  0.438202  0.360356  0.460948  0.433888  0.535799  0.421169  0.357851  0.442618  0.462717  0.715735  0.650178  0.569310  0.476964  0.468701  0.444782  0.546717  0.445726  0.621696  0.624744  0.731122  0.428187  0.462983  0.653979  0.492597  0.288582  0.428730  0.698877  0.495784  0.524426  0.400339  0.544368 0.0  0.648012  0.318212  0.471824  0.340048  0.521365  0.580956  0.422437  0.532891  0.316722  0.430197  0.497579  0.578862  0.203014  0.492509  0.490708  0.582698  0.384411  0.696553 
43  0.533391  0.454386  0.451777  0.585359  0.397085  0.560150  0.830481  0.570925  0.678916  0.688445  0.537372  0.474047  0.567657  0.595981  0.687068  0.506249  0.371875  0.560584  0.703065  0.460110  0.470330  0.509115  0.734021  0.413901  0.545499  0.500097  0.461805  0.604579  0.456009  0.425832  0.440670  0.582324  0.338870  0.484037  0.455068  0.566764  0.517269  0.518457  0.586168  0.444755  0.596498  0.618890  0.648012 0.0  0.616371  0.542234  0.501251  0.350215  0.461419  0.553386  0.612723  0.582118  0.482960  0.736753  0.409906  0.530433  0.469202  0.470266  0.566422  0.528245  0.524716 
44  0.362726  0.617216  0.692124  0.638564  0.456811  0.587278  0.712166  0.328974  0.544304  0.621389  0.433012  0.592040  0.474112  0.601798  0.668893  0.458422  0.335332  0.457917  0.642782  0.547466  0.657815  0.618306  0.709782  0.348670  0.537020  0.519774  0.575655  0.445545  0.506354  0.576072  0.569980  0.529740  0.400126  0.641500  0.358438  0.416065  0.517546  0.713223  0.531733  0.563589  0.579447  0.525956  0.318212  0.616371 0.0  0.571557  0.304525  0.560458  0.587692  0.495583  0.545873  0.496060  0.607260  0.568802  0.581265  0.274409  0.412303  0.484376  0.653394  0.533019  0.628420 
45  0.666300  0.548001  0.585878  0.699972  0.561832  0.580057  0.722176  0.639513  0.546629  0.530931  0.669714  0.554647  0.617612  0.715013  0.651340  0.453707  0.510164  0.619441  0.588817  0.541926  0.589696  0.594262  0.680260  0.469526  0.647400  0.774137  0.597848  0.497119  0.549630  0.543255  0.589138  0.652721  0.468961  0.654533  0.473570  0.549300  0.624043  0.608770  0.751431  0.548499  0.528909  0.544699  0.471824  0.542234  0.571557 0.0  0.543863  0.447298  0.580862  0.524445  0.581051  0.606811  0.725919  0.589154  0.549712  0.565557  0.609581  0.483501  0.620603  0.602081  0.514323 
46  0.372140  0.550107  0.781456  0.697099  0.405289  0.579526  0.616655  0.302731  0.365303  0.593896  0.444248  0.552669  0.397591  0.607538  0.548002  0.548478  0.428414  0.597241  0.544762  0.406033  0.699009  0.637386  0.621373  0.421739  0.505672  0.479625  0.607638  0.342596  0.631445  0.598107  0.583851  0.467035  0.383865  0.604905  0.446652  0.308327  0.402045  0.606371  0.567797  0.567813  0.416357  0.652920  0.340048  0.501251  0.304525  0.543863 0.0  0.413516  0.572555  0.465477  0.523733  0.381347  0.544742  0.521076  0.540969  0.323497  0.523394  0.479844  0.491583  0.490857  0.650989 
47  0.516202  0.433139  0.462789  0.644919  0.327386  0.527386  0.811395  0.616596  0.518593  0.648561  0.507436  0.592115  0.426862  0.657782  0.606237  0.390177  0.335856  0.483491  0.648438  0.505572  0.532587  0.538467  0.652731  0.303219  0.614165  0.498125  0.506909  0.565173  0.561661  0.530074  0.452593  0.582031  0.262529  0.644580  0.289222  0.451273  0.512746  0.526396  0.756508  0.367770  0.585615  0.590796  0.521365  0.350215  0.560458  0.447298  0.413516 0.0  0.421376  0.582952  0.609231  0.433728  0.535198  0.757078  0.395663  0.366193  0.354405  0.318271  0.654864  0.678897  0.555546 
48  0.568786  0.452722  0.487017  0.535924  0.511109  0.587896  0.570232  0.615732  0.606998  0.653662  0.453057  0.541482  0.584171  0.505925  0.565442  0.520566  0.574283  0.538589  0.688806  0.656042  0.634464  0.575934  0.680081  0.561929  0.622112  0.493760  0.597435  0.593933  0.532987  0.571488  0.560744  0.495041  0.515245  0.477515  0.580217  0.626626  0.564966  0.514237  0.765383  0.515001  0.557537  0.651940  0.580956  0.461419  0.587692  0.580862  0.572555  0.421376 0.0  0.623412  0.649848  0.574070  0.579558  0.585304  0.480306  0.568090  0.540248  0.508655  0.519403  0.651695  0.576173 
49  0.254674  0.582169  0.659309  0.715555  0.489009  0.546909  0.472408  0.263924  0.267199  0.369586  0.491451  0.399245  0.202536  0.374201  0.422829  0.508094  0.605681  0.487862  0.362794  0.145301  0.747846  0.651237  0.495121  0.619483  0.568463  0.505801  0.684733  0.455187  0.656169  0.743667  0.576931  0.336516  0.478955  0.784856  0.499025  0.271187  0.242306  0.770283  0.476398  0.512106  0.273882  0.468883  0.422437  0.553386  0.495583  0.524445  0.465477  0.582952  0.623412 0.0  0.574370  0.345886  0.332822  0.435854  0.545061  0.353907  0.588359  0.539771  0.642341  0.299745  0.531639 
50  0.562321  0.524582  0.414697  0.715452  0.673783  0.590604  0.583390  0.539131  0.624264  0.626610  0.416911  0.532130  0.616183  0.715697  0.630482  0.547632  0.573231  0.618076  0.632587  0.512202  0.629942  0.640937  0.350976  0.555842  0.442926  0.409284  0.735961  0.477347  0.628178  0.581581  0.591620  0.691838  0.534251  0.592035  0.592880  0.558837  0.552261  0.590837  0.410366  0.425202  0.590917  0.626240  0.532891  0.612723  0.545873  0.581051  0.523733  0.609231  0.649848  0.574370 0.0  0.558489  0.659900  0.387275  0.695120  0.573920  0.448955  0.631067  0.531640  0.585992  0.509123 
51  0.260228  0.577635  0.726236  0.639613  0.462597  0.514834  0.338184  0.342343  0.278084  0.601292  0.622523  0.541659  0.339735  0.406564  0.426884  0.533845  0.453254  0.463790  0.431346  0.349607  0.704557  0.646621  0.473152  0.462828  0.520306  0.482566  0.621018  0.455493  0.478144  0.489506  0.635747  0.569312  0.464898  0.608043  0.420669  0.313890  0.323585  0.512223  0.469417  0.622501  0.333966  0.529591  0.316722  0.582118  0.496060  0.606811  0.381347  0.433728  0.574070  0.345886  0.558489 0.0  0.494922  0.517621  0.557078  0.339595  0.452919  0.395061  0.582443  0.282402  0.631528 
52  0.432581  0.480790  0.625529  0.670208  0.515183  0.554569  0.516214  0.454521  0.583558  0.539662  0.513376  0.147111  0.324006  0.397924  0.514834  0.447306  0.557032  0.231959  0.613934  0.401575  0.704019  0.595164  0.630542  0.544339  0.528575  0.519172  0.640069  0.542194  0.590964  0.641430  0.655041  0.189144  0.550452  0.680995  0.625315  0.479118  0.538985  0.512329  0.587236  0.542294  0.457589  0.475790  0.430197  0.482960  0.607260  0.725919  0.544742  0.535198  0.579558  0.332822  0.659900  0.494922 0.0  0.652080  0.428625  0.435512  0.612449  0.509395  0.560946  0.537449  0.664665 
53  0.403224  0.689957  0.532819  0.798298  0.517302  0.596595  0.440705  0.533261  0.450104  0.468959  0.404127  0.567455  0.674485  0.558636  0.549437  0.664258  0.664263  0.561326  0.586646  0.464149  0.609134  0.706917  0.252351  0.687603  0.310229  0.377436  0.675321  0.713401  0.640518  0.816126  0.649737  0.606663  0.530396  0.629219  0.614320  0.559912  0.442280  0.679236  0.174932  0.463673  0.568251  0.525385  0.497579  0.736753  0.568802  0.589154  0.521076  0.757078  0.585304  0.435854  0.387275  0.517621  0.652080 0.0  0.592031  0.534628  0.644805  0.708499  0.710970  0.430480  0.415173 
54  0.606016  0.446418  0.506679  0.601740  0.419900  0.526928  0.581209  0.535568  0.661643  0.628000  0.549776  0.503503  0.553341  0.635003  0.762070  0.481567  0.432112  0.473699  0.783267  0.493672  0.520422  0.482894  0.619858  0.415302  0.649317  0.554963  0.397367  0.534455  0.519795  0.507753  0.442508  0.546767  0.459661  0.556858  0.488065  0.525041  0.552333  0.507912  0.579279  0.364098  0.543538  0.673545  0.578862  0.409906  0.581265  0.549712  0.540969  0.395663  0.480306  0.545061  0.695120  0.557078  0.428625  0.592031 0.0  0.550009  0.406680  0.450819  0.584663  0.627019  0.533962 
55  0.248060  0.528397  0.517412  0.729873  0.326035  0.570086  0.506294  0.307171  0.442549  0.525311  0.466161  0.433627  0.310329  0.406314  0.528214  0.486860  0.326248  0.312785  0.470832  0.354124  0.611603  0.642267  0.625493  0.438825  0.384162  0.371489  0.540761  0.439383  0.486559  0.523923  0.579612  0.343589  0.375988  0.655802  0.374382  0.228714  0.373544  0.638542  0.529122  0.415431  0.372312  0.479406  0.203014  0.530433  0.274409  0.565557  0.323497  0.366193  0.568090  0.353907  0.573920  0.339595  0.435512  0.534628  0.550009 0.0  0.378193  0.380481  0.662267  0.465083  0.618176 
56  0.584540  0.512403  0.558436  0.562968  0.244008  0.486867  0.638357  0.492839  0.473714  0.754271  0.601445  0.572120  0.559569  0.513229  0.725302  0.380633  0.242919  0.623325  0.602668  0.522475  0.564745  0.548400  0.641223  0.405537  0.515191  0.409744  0.450412  0.515838  0.691932  0.554511  0.497996  0.642323  0.415913  0.600176  0.248781  0.495138  0.540070  0.537161  0.557545  0.500802  0.511801  0.662866  0.492509  0.469202  0.412303  0.609581  0.523394  0.354405  0.540248  0.588359  0.448955  0.452919  0.612449  0.644805  0.406680  0.378193 0.0  0.474313  0.674143  0.577400  0.563085 
57  0.485918  0.525047  0.476415  0.615679  0.406081  0.489727  0.704519  0.506889  0.508048  0.504005  0.420395  0.405236  0.477312  0.634298  0.589481  0.407339  0.397029  0.454833  0.638544  0.501841  0.739507  0.535511  0.718717  0.404350  0.500393  0.522767  0.517080  0.455190  0.596334  0.613524  0.488632  0.486087  0.362078  0.629709  0.385493  0.426987  0.516688  0.627380  0.713104  0.450066  0.460930  0.683406  0.490708  0.470266  0.484376  0.483501  0.479844  0.318271  0.508655  0.539771  0.631067  0.395061  0.509395  0.708499  0.450819  0.380481  0.474313 0.0  0.684201  0.559862  0.633655 
58  0.532545  0.611173  0.631319  0.513909  0.611081  0.631810  0.628424  0.558481  0.582932  0.654340  0.654956  0.563645  0.650004  0.642186  0.560917  0.582591  0.624388  0.565332  0.587377  0.651075  0.519425  0.550278  0.617084  0.681294  0.550681  0.697316  0.432096  0.638185  0.573756  0.486708  0.681937  0.592038  0.579228  0.604120  0.617239  0.590529  0.612830  0.692925  0.800625  0.646814  0.565035  0.487372  0.582698  0.566422  0.653394  0.620603  0.491583  0.654864  0.519403  0.642341  0.531640  0.582443  0.560946  0.710970  0.584663  0.662267  0.674143  0.684201 0.0  0.547387  0.713987 
59  0.339211  0.622978  0.716031  0.696418  0.477641  0.526961  0.307492  0.316358  0.167034  0.481440  0.657348  0.509774  0.334698  0.314297  0.333174  0.584505  0.509968  0.503259  0.233235  0.331055  0.602647  0.651136  0.542654  0.620937  0.586673  0.533939  0.696561  0.430583  0.541266  0.834236  0.670742  0.506668  0.490804  0.821580  0.534348  0.302724  0.226587  0.691985  0.437223  0.611269  0.343481  0.616977  0.384411  0.528245  0.533019  0.602081  0.490857  0.678897  0.651695  0.299745  0.585992  0.282402  0.537449  0.430480  0.627019  0.465083  0.577400  0.559862  0.547387 0.0  0.721497 
60  0.682451  0.526387  0.475786  0.704194  0.565513  0.568396  0.682035  0.701646  0.558636  0.650894  0.418403  0.745967  0.665889  0.641514  0.536846  0.520297  0.565648  0.643497  0.672924  0.593755  0.587075  0.495565  0.436639  0.552626  0.424681  0.529011  0.627847  0.713170  0.578276  0.609064  0.488510  0.565954  0.624772  0.600747  0.509339  0.722606  0.737360  0.541723  0.448443  0.379378  0.717928  0.524864  0.696553  0.524716  0.628420  0.514323  0.650989  0.555546  0.576173  0.531639  0.509123  0.631528  0.664665  0.415173  0.533962  0.618176  0.563085  0.633655  0.713987  0.721497 0.0 
