61
0 0.0  0.570217  0.664952  0.628549  0.342704  0.641161  0.508024  0.234882  0.226314  0.519931  0.518965  0.375229  0.548769  0.357710  0.448822  0.592432  0.335584  0.435746  0.366984  0.330442  0.789826  0.828120  0.500562  0.494204  0.544052  0.409576  0.644711  0.549264  0.612560  0.719334  0.556566  0.502331  0.523602  0.554209  0.421225  0.234117  0.214970  0.713065  0.416348  0.554983  0.261328  0.589912  0.208586  0.585728  0.420801  0.559374  0.159568  0.435896  0.583984  0.313314  0.700818  0.376218  0.488714  0.529603  0.527902  0.345260  0.548339  0.536515  0.662247  0.295691  0.607542 
1  0.570217 0.0  0.522024  0.668761  0.505388  0.500727  0.730757  0.527615  0.698422  0.595906  0.513057  0.552203  0.583945  0.812333  0.766618  0.377070  0.518364  0.473762  0.826300  0.524739  0.574849  0.601935  0.449574  0.556038  0.653994  0.527667  0.703919  0.669212  0.577990  0.503606  0.635057  0.581087  0.503764  0.608563  0.505053  0.589113  0.649299  0.390362  0.721091  0.428885  0.650000  0.630680  0.626309  0.339387  0.668094  0.619295  0.527103  0.478631  0.575267  0.806808  0.642328  0.584878  0.521505  0.708330  0.313986  0.496334  0.582495  0.431503  0.656818  0.695275  0.537646 
2  0.664952  0.522024 0.0  0.645084  0.584489  0.600402  0.907419  0.687136  0.801083  0.720379  0.407313  0.635597  0.726233  0.777614  0.745832  0.562090  0.612152  0.646476  0.749993  0.650549  0.662516  0.503809  0.493061  0.656627  0.538972  0.275924  0.616223  0.601270  0.616435  0.670156  0.403032  0.710304  0.595775  0.632917  0.617012  0.686328  0.613529  0.594202  0.479115  0.415862  0.722474  0.743148  0.826576  0.457896  0.636247  0.599491  0.606952  0.497757  0.497514  0.563449  0.385649  0.741606  0.708318  0.516567  0.489167  0.549948  0.557655  0.499933  0.681756  0.738914  0.524792 
3  0.628549  0.668761  0.645084 0.0  0.702201  0.542522  0.670538  0.642662  0.665607  0.541461  0.551903  0.618533  0.683029  0.625383  0.649692  0.574724  0.618494  0.523116  0.611255  0.690305  0.812863  0.473003  0.742179  0.584830  0.689024  0.719463  0.441171  0.689837  0.617554  0.512265  0.573078  0.525825  0.717852  0.672450  0.680958  0.596334  0.714629  0.754600  0.640018  0.635492  0.600543  0.584129  0.670552  0.619430  0.715036  0.585698  0.690504  0.663768  0.636514  0.687684  0.733917  0.664520  0.561297  0.714943  0.606682  0.666978  0.689244  0.775264  0.566327  0.697117  0.702102 
4  0.342704  0.505388  0.584489  0.702201 0.0  0.601805  0.753961  0.471824  0.572585  0.724127  0.545497  0.491600  0.610218  0.520920  0.698670  0.439183  0.221039  0.473334  0.548327  0.417964  0.588495  0.620569  0.579805  0.287235  0.472286  0.542789  0.496308  0.503304  0.525267  0.444225  0.438744  0.605973  0.299427  0.462152  0.148290  0.388235  0.541230  0.558695  0.415967  0.497622  0.578915  0.646124  0.474046  0.363378  0.495081  0.480412  0.428214  0.371808  0.570168  0.469785  0.698863  0.353825  0.461777  0.629328  0.463889  0.316914  0.178066  0.385586  0.726974  0.423849  0.628185 
5  0.641161  0.500727  0.600402  0.542522  0.601805 0.0  0.745447  0.618292  0.568582  0.616295  0.601570  0.579045  0.676787  0.731767  0.748569  0.584241  0.563064  0.514286  0.577662  0.632566  0.618026  0.462738  0.640903  0.552911  0.471803  0.492139  0.602870  0.575854  0.536284  0.611321  0.452836  0.590033  0.509728  0.600078  0.493768  0.608905  0.640295  0.582653  0.631465  0.509988  0.637772  0.674888  0.619222  0.662441  0.513664  0.635275  0.598590  0.490081  0.585286  0.538343  0.564423  0.658923  0.518047  0.570272  0.627854  0.580145  0.559575  0.486419  0.528465  0.549670  0.591307 
6  0.508024  0.730757  0.907419  0.670538  0.753961  0.745447 0.0  0.514563  0.382979  0.497178  0.808141  0.526747  0.520510  0.292290  0.735673  0.695157  0.752797  0.559218  0.557646  0.538016  0.805625  0.734530  0.540354  0.773367  0.663385  0.510550  0.836208  0.659974  0.637481  0.726290  0.657382  0.523669  0.767837  0.728530  0.666042  0.474003  0.360005  0.848619  0.594836  0.774484  0.421497  0.447186  0.703001  0.639939  0.636856  0.663212  0.741074  0.704051  0.678169  0.543983  0.620703  0.511761  0.646724  0.610417  0.647487  0.542063  0.611942  0.832461  0.700594  0.351098  0.768333 
7  0.234882  0.527615  0.687136  0.642662  0.471824  0.618292  0.514563 0.0  0.318348  0.537542  0.520217  0.469756  0.308034  0.376035  0.530114  0.484855  0.528597  0.428414  0.469875  0.246472  0.780416  0.611288  0.595537  0.567405  0.538082  0.530240  0.638497  0.261466  0.637444  0.681459  0.603742  0.443539  0.513444  0.681657  0.642768  0.323907  0.359451  0.577815  0.576727  0.581105  0.413304  0.667971  0.375499  0.740884  0.228201  0.657566  0.347773  0.563531  0.509633  0.422663  0.500995  0.292047  0.483021  0.521156  0.527833  0.358572  0.463631  0.434618  0.779551  0.248118  0.793662 
8  0.226314  0.698422  0.801083  0.665607  0.572585  0.568582  0.382979  0.318348 0.0  0.566575  0.651589  0.623960  0.355921  0.415593  0.500082  0.499140  0.410846  0.543087  0.255641  0.246465  0.689349  0.573953  0.410679  0.644572  0.628153  0.532229  0.715956  0.474682  0.731121  0.662336  0.716391  0.540044  0.558217  0.697655  0.503276  0.469117  0.159123  0.769584  0.404603  0.555344  0.421275  0.718872  0.542102  0.602127  0.551819  0.549771  0.443564  0.594030  0.649541  0.315652  0.536089  0.240946  0.441719  0.351964  0.582286  0.343513  0.577135  0.519045  0.675166  0.197400  0.669760 
9  0.519931  0.595906  0.720379  0.541461  0.724127  0.616295  0.497178  0.537542  0.566575 0.0  0.677297  0.523656  0.539088  0.364776  0.474291  0.587086  0.663253  0.532173  0.533155  0.327809  0.730837  0.678982  0.508005  0.711680  0.617865  0.737643  0.769410  0.721610  0.608153  0.608563  0.683620  0.535639  0.582825  0.785416  0.704646  0.568862  0.442092  0.793027  0.566594  0.574194  0.485058  0.469394  0.595096  0.654038  0.611910  0.668008  0.510308  0.656015  0.634385  0.482836  0.617029  0.587696  0.510926  0.564761  0.519736  0.607433  0.578004  0.613743  0.504588  0.570994  0.610574 
10  0.518965  0.513057  0.407313  0.551903  0.545497  0.601570  0.808141  0.520217  0.651589  0.677297 0.0  0.525531  0.525223  0.686678  0.645806  0.528267  0.655198  0.604179  0.745853  0.562450  0.536743  0.763955  0.341644  0.629627  0.330456  0.230475  0.546796  0.619297  0.685523  0.693649  0.698167  0.579678  0.565083  0.635614  0.576096  0.465553  0.647946  0.573271  0.315849  0.263950  0.592205  0.582062  0.439068  0.570860  0.423661  0.668384  0.455379  0.577320  0.665099  0.542159  0.377695  0.659894  0.539416  0.400816  0.532336  0.579217  0.656288  0.488926  0.738793  0.619729  0.418827 
11  0.375229  0.552203  0.635597  0.618533  0.491600  0.579045  0.526747  0.469756  0.623960  0.523656  0.525531 0.0  0.264692  0.355578  0.476977  0.608578  0.608397  0.267666  0.616909  0.458694  0.721819  0.699205  0.799005  0.470338  0.479190  0.536095  0.575094  0.574662  0.695442  0.642982  0.682696  0.179282  0.474412  0.672358  0.583067  0.486137  0.610812  0.681130  0.767123  0.545085  0.459542  0.528654  0.488902  0.452642  0.529038  0.701634  0.520985  0.448067  0.605857  0.398502  0.595033  0.545391  0.189802  0.728481  0.502306  0.489202  0.557371  0.385057  0.628877  0.558705  0.720772 
12  0.548769  0.583945  0.726233  0.683029  0.610218  0.676787  0.520510  0.308034  0.355921  0.539088  0.525223  0.264692 0.0  0.415772  0.431334  0.533688  0.489899  0.481829  0.570715  0.245265  0.700968  0.696254  0.570902  0.546464  0.537628  0.547617  0.802093  0.335347  0.653609  0.728513  0.672484  0.309004  0.593459  0.766296  0.503501  0.370206  0.415914  0.755997  0.702221  0.553928  0.438881  0.519913  0.327392  0.575507  0.482759  0.614822  0.378112  0.513262  0.564356  0.277591  0.609342  0.366503  0.383008  0.600569  0.599549  0.322609  0.505447  0.507669  0.669569  0.408702  0.660144 
13  0.357710  0.812333  0.777614  0.625383  0.520920  0.731767  0.292290  0.376035  0.415593  0.364776  0.686678  0.355578  0.415772 0.0  0.420586  0.686443  0.584042  0.391920  0.570564  0.420749  0.902473  0.677977  0.715020  0.667651  0.488712  0.522860  0.752146  0.556382  0.626282  0.695253  0.701138  0.444936  0.566269  0.746140  0.525157  0.493886  0.404713  0.760170  0.511330  0.610310  0.459017  0.432496  0.507125  0.589334  0.669079  0.659477  0.441936  0.674119  0.634820  0.460239  0.711464  0.412748  0.415142  0.544362  0.667795  0.409964  0.615045  0.544970  0.579781  0.313580  0.784600 
14  0.448822  0.766618  0.745832  0.649692  0.698670  0.748569  0.735673  0.530114  0.500082  0.474291  0.645806  0.476977  0.431334  0.420586 0.0  0.639401  0.739985  0.668718  0.266634  0.383862  0.887215  0.766317  0.636628  0.688159  0.526400  0.783538  0.832562  0.701210  0.683468  1.000000  0.888226  0.708304  0.730124  0.901807  0.764337  0.601401  0.527912  0.778145  0.633173  0.752789  0.436184  0.424180  0.482309  0.807432  0.732334  0.545286  0.635878  0.687578  0.742655  0.397105  0.629753  0.443589  0.534443  0.515469  0.736954  0.536329  0.771012  0.616833  0.636693  0.409712  0.741284 
15  0.592432  0.377070  0.562090  0.574724  0.439183  0.584241  0.695157  0.484855  0.499140  0.587086  0.528267  0.608578  0.533688  0.686443  0.639401 0.0  0.435766  0.509786  0.655478  0.360058  0.615917  0.652114  0.690479  0.436229  0.587378  0.637147  0.589811  0.411209  0.571858  0.661774  0.658475  0.473461  0.461313  0.729568  0.379721  0.371109  0.644419  0.714613  0.698007  0.508314  0.547027  0.578739  0.471993  0.500987  0.613432  0.425515  0.459527  0.305634  0.549369  0.434344  0.597742  0.480722  0.602860  0.648542  0.542457  0.549879  0.458293  0.413846  0.679422  0.592040  0.508691 
16  0.335584  0.518364  0.612152  0.618494  0.221039  0.563064  0.752797  0.528597  0.410846  0.663253  0.655198  0.608397  0.489899  0.584042  0.739985  0.435766 0.0  0.525196  0.659161  0.617858  0.603621  0.564475  0.714463  0.335538  0.521423  0.430954  0.502046  0.504925  0.442571  0.511383  0.419914  0.534513  0.442801  0.546355  0.168850  0.375096  0.456484  0.514741  0.655774  0.486166  0.616774  0.634402  0.481346  0.472223  0.378569  0.575619  0.455668  0.348393  0.618645  0.531636  0.684019  0.419297  0.604206  0.690810  0.419052  0.425508  0.123785  0.411261  0.641258  0.571648  0.651454 
17  0.435746  0.473762  0.646476  0.523116  0.473334  0.514286  0.559218  0.428414  0.543087  0.532173  0.604179  0.267666  0.481829  0.391920  0.668718  0.509786  0.525196 0.0  0.525836  0.509890  0.821796  0.593560  0.649368  0.608974  0.551027  0.562185  0.546287  0.475975  0.566647  0.553475  0.506333  0.240185  0.434120  0.618288  0.654737  0.424172  0.497849  0.687728  0.601564  0.548974  0.390517  0.548684  0.384485  0.497897  0.545504  0.589038  0.500557  0.510969  0.552738  0.445587  0.734446  0.574776  0.245542  0.517031  0.452968  0.484829  0.525167  0.536273  0.614014  0.539781  0.644657 
18  0.366984  0.826300  0.749993  0.611255  0.548327  0.577662  0.557646  0.469875  0.255641  0.533155  0.745853  0.616909  0.570715  0.570564  0.266634  0.655478  0.659161  0.525836 0.0  0.401562  0.783021  0.747568  0.678404  0.727573  0.598272  0.737975  0.808696  0.482521  0.583442  0.799391  0.809719  0.690943  0.584467  0.848946  0.574024  0.336837  0.436294  0.689631  0.405130  0.802737  0.497191  0.593031  0.460810  0.756533  0.674886  0.623300  0.636475  0.700026  0.734450  0.494759  0.630566  0.390062  0.635107  0.524162  0.777206  0.588664  0.666128  0.708780  0.667945  0.235162  0.776448 
19  0.330442  0.524739  0.650549  0.690305  0.417964  0.632566  0.538016  0.246472  0.246465  0.327809  0.562450  0.458694  0.245265  0.420749  0.383862  0.360058  0.617858  0.509890  0.401562 0.0  0.824976  0.692639  0.399384  0.608613  0.618502  0.460935  0.652451  0.375036  0.585812  0.779723  0.691066  0.387724  0.539782  0.807743  0.491615  0.262257  0.303336  0.690278  0.491036  0.491606  0.218783  0.511203  0.474306  0.646228  0.622185  0.533569  0.490941  0.631096  0.635983  0.124310  0.652173  0.274517  0.511025  0.325665  0.538137  0.368510  0.677125  0.580503  0.692671  0.356345  0.633488 
20  0.789826  0.574849  0.662516  0.812863  0.588495  0.618026  0.805625  0.780416  0.689349  0.730837  0.536743  0.721819  0.700968  0.902473  0.887215  0.615917  0.603621  0.821796  0.783021  0.824976 0.0  0.547797  0.710705  0.629632  0.783418  0.586794  0.513670  0.799527  0.600871  0.658178  0.302502  0.799385  0.410686  0.457014  0.684350  0.690301  0.831235  0.634725  0.553289  0.549059  0.740642  0.657271  0.818063  0.467176  0.750219  0.530509  0.657101  0.571110  0.799843  0.740362  0.593538  0.703071  0.747154  0.694647  0.545889  0.774651  0.678267  0.659522  0.766887  0.877658  0.504445 
21  0.828120  0.601935  0.503809  0.473003  0.620569  0.462738  0.734530  0.611288  0.573953  0.678982  0.763955  0.699205  0.696254  0.677977  0.766317  0.652114  0.564475  0.593560  0.747568  0.692639  0.547797 0.0  0.681581  0.607393  0.630238  0.632092  0.567027  0.576365  0.540640  0.555820  0.554705  0.782268  0.531139  0.638845  0.546223  0.678717  0.622520  0.626752  0.732860  0.595022  0.668637  0.596156  0.615979  0.601752  0.722665  0.520040  0.664711  0.594673  0.606071  0.620599  0.576226  0.669470  0.652342  0.706791  0.526246  0.692725  0.625383  0.548833  0.620504  0.726159  0.572132 
22  0.500562  0.449574  0.493061  0.742179  0.579805  0.640903  0.540354  0.595537  0.410679  0.508005  0.341644  0.799005  0.570902  0.715020  0.636628  0.690479  0.714463  0.649368  0.678404  0.399384  0.710705  0.681581 0.0  0.662183  0.505197  0.451435  0.915954  0.757678  0.578114  0.790048  0.660216  0.786325  0.730520  0.650061  0.675735  0.697005  0.607214  0.800279  0.371098  0.521476  0.567773  0.617188  0.629078  0.718898  0.575894  0.659268  0.718799  0.772898  0.761471  0.530398  0.496073  0.512460  0.598085  0.281360  0.727818  0.679069  0.630607  0.788577  0.679044  0.553901  0.446209 
23  0.494204  0.556038  0.656627  0.584830  0.287235  0.552911  0.773367  0.567405  0.644572  0.711680  0.629627  0.470338  0.546464  0.667651  0.688159  0.436229  0.335538  0.608974  0.727573  0.608613  0.629632  0.607393  0.662183 0.0  0.631115  0.446538  0.536925  0.534171  0.433548  0.567462  0.440760  0.677921  0.277268  0.608945  0.356183  0.525488  0.534767  0.560840  0.713851  0.527385  0.506761  0.565264  0.438544  0.451413  0.473450  0.356877  0.455950  0.304201  0.631863  0.640141  0.569698  0.347021  0.545354  0.628739  0.353296  0.298041  0.343531  0.369047  0.636626  0.530975  0.500961 
24  0.544052  0.653994  0.538972  0.689024  0.472286  0.471803  0.663385  0.538082  0.628153  0.617865  0.330456  0.479190  0.537628  0.488712  0.526400  0.587378  0.521423  0.551027  0.598272  0.618502  0.783418  0.630238  0.505197  0.631115 0.0  0.256174  0.660439  0.698464  0.638356  0.584901  0.519956  0.569104  0.554972  0.763734  0.587766  0.402642  0.526980  0.611221  0.360428  0.374784  0.565052  0.686606  0.342856  0.576536  0.546834  0.767939  0.523555  0.770389  0.650204  0.658713  0.485554  0.546692  0.592388  0.332293  0.604609  0.314814  0.555595  0.523325  0.726745  0.643952  0.513737 
25  0.409576  0.527667  0.275924  0.719463  0.542789  0.492139  0.510550  0.530240  0.532229  0.737643  0.230475  0.536095  0.547617  0.522860  0.783538  0.637147  0.430954  0.562185  0.737975  0.460935  0.586794  0.632092  0.451435  0.446538  0.256174 0.0  0.509732  0.589580  0.553197  0.514349  0.519594  0.496966  0.547489  0.576399  0.504797  0.360954  0.527609  0.544704  0.391521  0.332039  0.593843  0.642525  0.510667  0.484292  0.411335  0.739664  0.439802  0.524318  0.603985  0.590796  0.454243  0.502755  0.535749  0.370429  0.537461  0.425004  0.408559  0.586606  0.646026  0.523465  0.526724 
26  0.644711  0.703919  0.616223  0.441171  0.496308  0.602870  0.836208  0.638497  0.715956  0.769410  0.546796  0.575094  0.802093  0.752146  0.832562  0.589811  0.502046  0.546287  0.808696  0.652451  0.513670  0.567027  0.915954  0.536925  0.660439  0.509732 0.0  0.655475  0.620179  0.165246  0.359361  0.725933  0.524106  0.552098  0.515549  0.599260  0.726981  0.608306  0.805502  0.531313  0.697686  0.673790  0.561232  0.498199  0.643015  0.684097  0.494687  0.469751  0.501408  0.850977  0.653516  0.600030  0.625564  0.722712  0.456654  0.527867  0.529363  0.490628  0.582307  0.795752  0.660004 
27  0.549264  0.669212  0.601270  0.689837  0.503304  0.575854  0.659974  0.261466  0.474682  0.721610  0.619297  0.574662  0.335347  0.556382  0.701210  0.411209  0.504925  0.475975  0.482521  0.375036  0.799527  0.576365  0.757678  0.534171  0.698464  0.589580  0.655475 0.0  0.557709  0.654958  0.756587  0.507624  0.476008  0.592029  0.461791  0.476999  0.466623  0.658474  0.675871  0.725773  0.552262  0.624126  0.476628  0.666484  0.433485  0.548680  0.351569  0.613475  0.527891  0.565161  0.554365  0.477189  0.630867  0.727686  0.666615  0.384470  0.596866  0.503879  0.722942  0.450899  0.696940 
28  0.612560  0.577990  0.616435  0.617554  0.525267  0.536284  0.637481  0.637444  0.731121  0.608153  0.685523  0.695442  0.653609  0.626282  0.683468  0.571858  0.442571  0.566647  0.583442  0.585812  0.600871  0.540640  0.578114  0.433548  0.638356  0.553197  0.620179  0.557709 0.0  0.572599  0.539563  0.620364  0.600230  0.558174  0.483698  0.572610  0.620376  0.619994  0.714500  0.470361  0.614234  0.690778  0.536648  0.605525  0.476490  0.655349  0.577409  0.594996  0.550280  0.646334  0.662506  0.562062  0.623934  0.668469  0.542388  0.526484  0.667698  0.554241  0.611964  0.720748  0.639674 
29  0.719334  0.503606  0.670156  0.512265  0.444225  0.611321  0.726290  0.681459  0.662336  0.608563  0.693649  0.642982  0.728513  0.695253  1.000000  0.661774  0.511383  0.553475  0.799391  0.779723  0.658178  0.555820  0.790048  0.567462  0.584901  0.514349  0.165246  0.654958  0.572599 0.0  0.428011  0.627893  0.563896  0.462859  0.557784  0.652493  0.743174  0.638659  0.595830  0.501227  0.787695  0.544135  0.642641  0.396131  0.494656  0.607011  0.629451  0.602586  0.639293  0.836122  0.579142  0.621463  0.701104  0.762658  0.463632  0.582467  0.496686  0.639303  0.485487  0.865176  0.657132 
30  0.556566  0.635057  0.403032  0.573078  0.438744  0.452836  0.657382  0.603742  0.716391  0.683620  0.698167  0.682696  0.672484  0.701138  0.888226  0.658475  0.419914  0.506333  0.809719  0.691066  0.302502  0.554705  0.660216  0.440760  0.519956  0.519594  0.359361  0.756587  0.539563  0.428011 0.0  0.711368  0.501377  0.401130  0.424805  0.522323  0.702628  0.659063  0.530987  0.491397  0.701380  0.662761  0.683420  0.467390  0.675510  0.629933  0.610823  0.501206  0.613507  0.753222  0.558550  0.619646  0.631588  0.614769  0.443207  0.587865  0.515220  0.607406  0.714961  0.759648  0.520225 
31  0.502331  0.581087  0.710304  0.525825  0.605973  0.590033  0.523669  0.443539  0.540044  0.535639  0.579678  0.179282  0.309004  0.444936  0.708304  0.473461  0.534513  0.240185  0.690943  0.387724  0.799385  0.782268  0.786325  0.677921  0.569104  0.496966  0.725933  0.507624  0.620364  0.627893  0.711368 0.0  0.560342  0.804309  0.563349  0.414068  0.494420  0.634135  0.771172  0.559107  0.443663  0.612730  0.412833  0.603756  0.571623  0.638752  0.497415  0.594451  0.609407  0.410968  0.647169  0.607493  0.139493  0.722578  0.591984  0.326233  0.687392  0.521638  0.582366  0.548269  0.699152 
32  0.523602  0.503764  0.595775  0.717852  0.299427  0.509728  0.767837  0.513444  0.558217  0.582825  0.565083  0.474412  0.593459  0.566269  0.730124  0.461313  0.442801  0.434120  0.584467  0.539782  0.410686  0.531139  0.730520  0.277268  0.554972  0.547489  0.524106  0.476008  0.600230  0.563896  0.501377  0.560342 0.0  0.682391  0.378182  0.349912  0.562419  0.573053  0.656933  0.391565  0.463937  0.610080  0.478583  0.344686  0.395946  0.451412  0.474659  0.290542  0.585425  0.476729  0.634049  0.323012  0.475750  0.673255  0.435438  0.436212  0.302418  0.365681  0.673992  0.517304  0.597999 
33  0.554209  0.608563  0.632917  0.672450  0.462152  0.600078  0.728530  0.681657  0.697655  0.785416  0.635614  0.672358  0.766296  0.746140  0.901807  0.729568  0.546355  0.618288  0.848946  0.807743  0.457014  0.638845  0.650061  0.608945  0.763734  0.576399  0.552098  0.592029  0.558174  0.462859  0.401130  0.804309  0.682391 0.0  0.652195  0.792054  0.730358  0.734369  0.731115  0.591667  0.616689  0.736028  0.729807  0.574566  0.689954  0.765563  0.580043  0.594507  0.476596  0.678161  0.548831  0.733869  0.770458  0.644281  0.679290  0.610417  0.635886  0.723912  0.573378  0.831998  0.742095 
34  0.421225  0.505053  0.617012  0.680958  0.148290  0.493768  0.666042  0.642768  0.503276  0.704646  0.576096  0.583067  0.503501  0.525157  0.764337  0.379721  0.168850  0.654737  0.574024  0.491615  0.684350  0.546223  0.675735  0.356183  0.587766  0.504797  0.515549  0.461791  0.483698  0.557784  0.424805  0.563349  0.378182  0.652195 0.0  0.402173  0.414041  0.494663  0.582456  0.526918  0.598106  0.706155  0.438230  0.406360  0.456458  0.427029  0.408834  0.298951  0.556333  0.554338  0.585007  0.365148  0.609815  0.799173  0.498268  0.299199  0.246700  0.471094  0.554736  0.484866  0.619003 
35  0.234117  0.589113  0.686328  0.596334  0.388235  0.608905  0.474003  0.323907  0.469117  0.568862  0.465553  0.486137  0.370206  0.493886  0.601401  0.371109  0.375096  0.424172  0.336837  0.262257  0.690301  0.678717  0.697005  0.525488  0.402642  0.360954  0.599260  0.476999  0.572610  0.652493  0.522323  0.414068  0.349912  0.792054  0.402173 0.0  0.374228  0.711059  0.572842  0.535210  0.286862  0.538416  0.207459  0.602569  0.392697  0.686006  0.324150  0.369530  0.664001  0.371887  0.613591  0.322760  0.421284  0.504945  0.473815  0.232690  0.421502  0.422155  0.620832  0.315659  0.657585 
36  0.214970  0.649299  0.613529  0.714629  0.541230  0.640295  0.360005  0.359451  0.159123  0.442092  0.647946  0.610812  0.415914  0.404713  0.527912  0.644419  0.456484  0.497849  0.436294  0.303336  0.831235  0.622520  0.607214  0.534767  0.526980  0.527609  0.726981  0.466623  0.620376  0.743174  0.702628  0.494420  0.562419  0.730358  0.414041  0.374228 0.0  0.749248  0.434968  0.654758  0.404346  0.600523  0.416797  0.578977  0.449819  0.569887  0.373516  0.456655  0.599177  0.308418  0.724996  0.299383  0.574643  0.461059  0.614528  0.334157  0.454221  0.469165  0.605363  0.241461  0.627541 
37  0.713065  0.390362  0.594202  0.754600  0.558695  0.582653  0.848619  0.577815  0.769584  0.793027  0.573271  0.681130  0.755997  0.760170  0.778145  0.714613  0.514741  0.687728  0.689631  0.690278  0.634725  0.626752  0.800279  0.560840  0.611221  0.544704  0.608306  0.658474  0.619994  0.638659  0.659063  0.634135  0.573053  0.734369  0.494663  0.711059  0.749248 0.0  0.532776  0.495476  0.803706  0.730919  0.644262  0.465472  0.609882  0.595348  0.682479  0.478138  0.598514  0.748401  0.656837  0.706035  0.618953  0.688023  0.449307  0.590874  0.583999  0.666430  0.696652  0.811287  0.673282 
38  0.416348  0.721091  0.479115  0.640018  0.415967  0.631465  0.594836  0.576727  0.404603  0.566594  0.315849  0.767123  0.702221  0.511330  0.633173  0.698007  0.655774  0.601564  0.405130  0.491036  0.553289  0.732860  0.371098  0.713851  0.360428  0.391521  0.805502  0.675871  0.714500  0.595830  0.530987  0.771172  0.656933  0.731115  0.582456  0.572842  0.434968  0.532776 0.0  0.321824  0.591439  0.520555  0.506024  0.711814  0.600471  0.840771  0.602637  0.785144  0.779483  0.458588  0.496598  0.529054  0.706892  0.175420  0.674965  0.522456  0.586858  0.624777  0.650200  0.419031  0.477494 
39  0.554983  0.428885  0.415862  0.635492  0.497622  0.509988  0.774484  0.581105  0.555344  0.574194  0.263950  0.545085  0.553928  0.610310  0.752789  0.508314  0.486166  0.548974  0.802737  0.491606  0.549059  0.595022  0.521476  0.527385  0.374784  0.332039  0.531313  0.725773  0.470361  0.501227  0.491397  0.559107  0.391565  0.591667  0.526918  0.535210  0.654758  0.495476  0.321824 0.0  0.632547  0.695432  0.521142  0.413215  0.596342  0.686685  0.480131  0.361649  0.516804  0.572708  0.484435  0.592833  0.506474  0.534270  0.419651  0.364565  0.527594  0.506400  0.763316  0.755171  0.474884 
40  0.261328  0.650000  0.722474  0.600543  0.578915  0.637772  0.421497  0.413304  0.421275  0.485058  0.592205  0.459542  0.438881  0.459017  0.436184  0.547027  0.616774  0.390517  0.497191  0.218783  0.740642  0.668637  0.567773  0.506761  0.565052  0.593843  0.697686  0.552262  0.614234  0.787695  0.701380  0.443663  0.463937  0.616689  0.598106  0.286862  0.404346  0.803706  0.591439  0.632547 0.0  0.616846  0.377541  0.642496  0.485597  0.481339  0.454336  0.584862  0.722881  0.270870  0.614856  0.345508  0.306161  0.645076  0.601518  0.396552  0.669578  0.509851  0.682385  0.415999  0.561662 
41  0.589912  0.630680  0.743148  0.584129  0.646124  0.674888  0.447186  0.667971  0.718872  0.469394  0.582062  0.528654  0.519913  0.432496  0.424180  0.578739  0.634402  0.548684  0.593031  0.511203  0.657271  0.596156  0.617188  0.565264  0.686606  0.642525  0.673790  0.624126  0.690778  0.544135  0.662761  0.612730  0.610080  0.736028  0.706155  0.538416  0.600523  0.730919  0.520555  0.695432  0.616846 0.0  0.465744  0.647538  0.646916  0.652957  0.633619  0.650330  0.637938  0.522043  0.663212  0.490954  0.575356  0.596887  0.561580  0.531885  0.641813  0.654001  0.481741  0.575180  0.599334 
42  0.208586  0.626309  0.826576  0.670552  0.474046  0.619222  0.703001  0.375499  0.542102  0.595096  0.439068  0.488902  0.327392  0.507125  0.482309  0.471993  0.481346  0.384485  0.460810  0.474306  0.818063  0.615979  0.629078  0.438544  0.342856  0.510667  0.561232  0.476628  0.536648  0.642641  0.683420  0.412833  0.478583  0.729807  0.438230  0.207459  0.416797  0.644262  0.506024  0.521142  0.377541  0.465744 0.0  0.632747  0.318737  0.549545  0.391515  0.598333  0.592167  0.374973  0.493740  0.370800  0.507711  0.567655  0.633061  0.175517  0.461377  0.528821  0.547812  0.469461  0.753639 
43  0.585728  0.339387  0.457896  0.619430  0.363378  0.662441  0.639939  0.740884  0.602127  0.654038  0.570860  0.452642  0.575507  0.589334  0.807432  0.500987  0.472223  0.497897  0.756533  0.646228  0.467176  0.601752  0.718898  0.451413  0.576536  0.484292  0.498199  0.666484  0.605525  0.396131  0.467390  0.603756  0.344686  0.574566  0.406360  0.602569  0.578977  0.465472  0.711814  0.413215  0.642496  0.647538  0.632747 0.0  0.548666  0.643158  0.509451  0.295604  0.480977  0.640045  0.703670  0.603440  0.565601  0.647740  0.460747  0.575646  0.496806  0.478494  0.581078  0.682095  0.456799 
44  0.420801  0.668094  0.636247  0.715036  0.495081  0.513664  0.636856  0.228201  0.551819  0.611910  0.423661  0.529038  0.482759  0.669079  0.732334  0.613432  0.378569  0.545504  0.674886  0.622185  0.750219  0.722665  0.575894  0.473450  0.546834  0.411335  0.643015  0.433485  0.476490  0.494656  0.675510  0.571623  0.395946  0.689954  0.456458  0.392697  0.449819  0.609882  0.600471  0.596342  0.485597  0.646916  0.318737  0.548666 0.0  0.555023  0.230442  0.513806  0.611715  0.512233  0.507936  0.511953  0.576961  0.664402  0.556991  0.299402  0.419401  0.575056  0.687803  0.564626  0.612521 
45  0.559374  0.619295  0.599491  0.585698  0.480412  0.635275  0.663212  0.657566  0.549771  0.668008  0.668384  0.701634  0.614822  0.659477  0.545286  0.425515  0.575619  0.589038  0.623300  0.533569  0.530509  0.520040  0.659268  0.356877  0.767939  0.739664  0.684097  0.548680  0.655349  0.607011  0.629933  0.638752  0.451412  0.765563  0.427029  0.686006  0.569887  0.595348  0.840771  0.686685  0.481339  0.652957  0.549545  0.643158  0.555023 0.0  0.521666  0.452566  0.568218  0.609711  0.577647  0.526839  0.638741  0.722823  0.536758  0.726586  0.629369  0.405583  0.620144  0.562206  0.574916 
46  0.159568  0.527103  0.606952  0.690504  0.428214  0.598590  0.741074  0.347773  0.443564  0.510308  0.455379  0.520985  0.378112  0.441936  0.635878  0.459527  0.455668  0.500557  0.636475  0.490941  0.657101  0.664711  0.718799  0.455950  0.523555  0.439802  0.494687  0.351569  0.577409  0.629451  0.610823  0.497415  0.474659  0.580043  0.408834  0.324150  0.373516  0.682479  0.602637  0.480131  0.454336  0.633619  0.391515  0.509451  0.230442  0.521666 0.0  0.484379  0.664118  0.486851  0.565442  0.405450  0.608857  0.551875  0.697826  0.370283  0.395455  0.433177  0.673283  0.393912  0.579241 
47  0.435896  0.478631  0.497757  0.663768  0.371808  0.490081  0.704051  0.563531  0.594030  0.656015  0.577320  0.448067  0.513262  0.674119  0.687578  0.305634  0.348393  0.510969  0.700026  0.631096  0.571110  0.594673  0.772898  0.304201  0.770389  0.524318  0.469751  0.613475  0.594996  0.602586  0.501206  0.594451  0.290542  0.594507  0.298951  0.369530  0.456655  0.478138  0.785144  0.361649  0.584862  0.650330  0.598333  0.295604  0.513806  0.452566  0.484379 0.0  0.635259  0.487784  0.660378  0.474780  0.561149  0.862410  0.474087  0.451966  0.459675  0.359618  0.495092  0.615407  0.570829 
48  0.583984  0.575267  0.497514  0.636514  0.570168  0.585286  0.678169  0.509633  0.649541  0.634385  0.665099  0.605857  0.564356  0.634820  0.742655  0.549369  0.618645  0.552738  0.734450  0.635983  0.799843  0.606071  0.761471  0.631863  0.650204  0.603985  0.501408  0.527891  0.550280  0.639293  0.613507  0.609407  0.585425  0.476596  0.556333  0.664001  0.599177  0.598514  0.779483  0.516804  0.722881  0.637938  0.592167  0.480977  0.611715  0.568218  0.664118  0.635259 0.0  0.681449  0.652346  0.625077  0.595481  0.695065  0.596612  0.564888  0.676467  0.558748  0.551471  0.633670  0.766653 
49  0.313314  0.806808  0.563449  0.687684  0.469785  0.538343  0.543983  0.422663  0.315652  0.482836  0.542159  0.398502  0.277591  0.460239  0.397105  0.434344  0.531636  0.445587  0.494759  0.124310  0.740362  0.620599  0.530398  0.640141  0.658713  0.590796  0.850977  0.565161  0.646334  0.836122  0.753222  0.410968  0.476729  0.678161  0.554338  0.371887  0.308418  0.748401  0.458588  0.572708  0.270870  0.522043  0.374973  0.640045  0.512233  0.609711  0.486851  0.487784  0.681449 0.0  0.652957  0.298295  0.533380  0.438061  0.694000  0.316435  0.516310  0.612029  0.642044  0.272042  0.666241 
50  0.700818  0.642328  0.385649  0.733917  0.698863  0.564423  0.620703  0.500995  0.536089  0.617029  0.377695  0.595033  0.609342  0.711464  0.629753  0.597742  0.684019  0.734446  0.630566  0.652173  0.593538  0.576226  0.496073  0.569698  0.485554  0.454243  0.653516  0.554365  0.662506  0.579142  0.558550  0.647169  0.634049  0.548831  0.585007  0.613591  0.724996  0.656837  0.496598  0.484435  0.614856  0.663212  0.493740  0.703670  0.507936  0.577647  0.565442  0.660378  0.652346  0.652957 0.0  0.643353  0.633067  0.460952  0.528943  0.711698  0.677159  0.585169  0.767863  0.642496  0.535348 
51  0.376218  0.584878  0.741606  0.664520  0.353825  0.658923  0.511761  0.292047  0.240946  0.587696  0.659894  0.545391  0.366503  0.412748  0.443589  0.480722  0.419297  0.574776  0.390062  0.274517  0.703071  0.669470  0.512460  0.347021  0.546692  0.502755  0.600030  0.477189  0.562062  0.621463  0.619646  0.607493  0.323012  0.733869  0.365148  0.322760  0.299383  0.706035  0.529054  0.592833  0.345508  0.490954  0.370800  0.603440  0.511953  0.526839  0.405450  0.474780  0.625077  0.298295  0.643353 0.0  0.419262  0.574809  0.544878  0.325651  0.439055  0.531504  0.623450  0.356181  0.626659 
52  0.488714  0.521505  0.708318  0.561297  0.461777  0.518047  0.646724  0.483021  0.441719  0.510926  0.539416  0.189802  0.383008  0.415142  0.534443  0.602860  0.604206  0.245542  0.635107  0.511025  0.747154  0.652342  0.598085  0.545354  0.592388  0.535749  0.625564  0.630867  0.623934  0.701104  0.631588  0.139493  0.475750  0.770458  0.609815  0.421284  0.574643  0.618953  0.706892  0.506474  0.306161  0.575356  0.507711  0.565601  0.576961  0.638741  0.608857  0.561149  0.595481  0.533380  0.633067  0.419262 0.0  0.630571  0.455682  0.418288  0.602849  0.496404  0.569926  0.471512  0.777267 
53  0.529603  0.708330  0.516567  0.714943  0.629328  0.570272  0.610417  0.521156  0.351964  0.564761  0.400816  0.728481  0.600569  0.544362  0.515469  0.648542  0.690810  0.517031  0.524162  0.325665  0.694647  0.706791  0.281360  0.628739  0.332293  0.370429  0.722712  0.727686  0.668469  0.762658  0.614769  0.722578  0.673255  0.644281  0.799173  0.504945  0.461059  0.688023  0.175420  0.534270  0.645076  0.596887  0.567655  0.647740  0.664402  0.722823  0.551875  0.862410  0.695065  0.438061  0.460952  0.574809  0.630571 0.0  0.615212  0.706706  0.596322  0.795101  0.665488  0.427148  0.461654 
54  0.527902  0.313986  0.489167  0.606682  0.463889  0.627854  0.647487  0.527833  0.582286  0.519736  0.532336  0.502306  0.599549  0.667795  0.736954  0.542457  0.419052  0.452968  0.777206  0.538137  0.545889  0.526246  0.727818  0.353296  0.604609  0.537461  0.456654  0.666615  0.542388  0.463632  0.443207  0.591984  0.435438  0.679290  0.498268  0.473815  0.614528  0.449307  0.674965  0.419651  0.601518  0.561580  0.633061  0.460747  0.556991  0.536758  0.697826  0.474087  0.596612  0.694000  0.528943  0.544878  0.455682  0.615212 0.0  0.466746  0.467297  0.497466  0.528296  0.654534  0.613507 
55  0.345260  0.496334  0.549948  0.666978  0.316914  0.580145  0.542063  0.358572  0.343513  0.607433  0.579217  0.489202  0.322609  0.409964  0.536329  0.549879  0.425508  0.484829  0.588664  0.368510  0.774651  0.692725  0.679069  0.298041  0.314814  0.425004  0.527867  0.384470  0.526484  0.582467  0.587865  0.326233  0.436212  0.610417  0.299199  0.232690  0.334157  0.590874  0.522456  0.364565  0.396552  0.531885  0.175517  0.575646  0.299402  0.726586  0.370283  0.451966  0.564888  0.316435  0.711698  0.325651  0.418288  0.706706  0.466746 0.0  0.334866  0.425207  0.705130  0.515361  0.723264 
56  0.548339  0.582495  0.557655  0.689244  0.178066  0.559575  0.611942  0.463631  0.577135  0.578004  0.656288  0.557371  0.505447  0.615045  0.771012  0.458293  0.123785  0.525167  0.666128  0.677125  0.678267  0.625383  0.630607  0.343531  0.555595  0.408559  0.529363  0.596866  0.667698  0.496686  0.515220  0.687392  0.302418  0.635886  0.246700  0.421502  0.454221  0.583999  0.586858  0.527594  0.669578  0.641813  0.461377  0.496806  0.419401  0.629369  0.395455  0.459675  0.676467  0.516310  0.677159  0.439055  0.602849  0.596322  0.467297  0.334866 0.0  0.428494  0.684433  0.632532  0.484866 
57  0.536515  0.431503  0.499933  0.775264  0.385586  0.486419  0.832461  0.434618  0.519045  0.613743  0.488926  0.385057  0.507669  0.544970  0.616833  0.413846  0.411261  0.536273  0.708780  0.580503  0.659522  0.548833  0.788577  0.369047  0.523325  0.586606  0.490628  0.503879  0.554241  0.639303  0.607406  0.521638  0.365681  0.723912  0.471094  0.422155  0.469165  0.666430  0.624777  0.506400  0.509851  0.654001  0.528821  0.478494  0.575056  0.405583  0.433177  0.359618  0.558748  0.612029  0.585169  0.531504  0.496404  0.795101  0.497466  0.425207  0.428494 0.0  0.770789  0.613486  0.692778 
58  0.662247  0.656818  0.681756  0.566327  0.726974  0.528465  0.700594  0.779551  0.675166  0.504588  0.738793  0.628877  0.669569  0.579781  0.636693  0.679422  0.641258  0.614014  0.667945  0.692671  0.766887  0.620504  0.679044  0.636626  0.726745  0.646026  0.582307  0.722942  0.611964  0.485487  0.714961  0.582366  0.673992  0.573378  0.554736  0.620832  0.605363  0.696652  0.650200  0.763316  0.682385  0.481741  0.547812  0.581078  0.687803  0.620144  0.673283  0.495092  0.551471  0.642044  0.767863  0.623450  0.569926  0.665488  0.528296  0.705130  0.684433  0.770789 0.0  0.660097  0.696448 
59  0.295691  0.695275  0.738914  0.697117  0.423849  0.549670  0.351098  0.248118  0.197400  0.570994  0.619729  0.558705  0.408702  0.313580  0.409712  0.592040  0.571648  0.539781  0.235162  0.356345  0.877658  0.726159  0.553901  0.530975  0.643952  0.523465  0.795752  0.450899  0.720748  0.865176  0.759648  0.548269  0.517304  0.831998  0.484866  0.315659  0.241461  0.811287  0.419031  0.755171  0.415999  0.575180  0.469461  0.682095  0.564626  0.562206  0.393912  0.615407  0.633670  0.272042  0.642496  0.356181  0.471512  0.427148  0.654534  0.515361  0.632532  0.613486  0.660097 0.0  0.715624 
60  0.607542  0.537646  0.524792  0.702102  0.628185  0.591307  0.768333  0.793662  0.669760  0.610574  0.418827  0.720772  0.660144  0.784600  0.741284  0.508691  0.651454  0.644657  0.776448  0.633488  0.504445  0.572132  0.446209  0.500961  0.513737  0.526724  0.660004  0.696940  0.639674  0.657132  0.520225  0.699152  0.597999  0.742095  0.619003  0.657585  0.627541  0.673282  0.477494  0.474884  0.561662  0.599334  0.753639  0.456799  0.612521  0.574916  0.579241  0.570829  0.766653  0.666241  0.535348  0.626659  0.777267  0.461654  0.613507  0.723264  0.484866  0.692778  0.696448  0.715624 0.0 
