61
0 0.0  0.526195  0.627757  0.559796  0.335491  0.596402  0.504917  0.313084  0.269528  0.466327  0.586934  0.417478  0.361933  0.319466  0.521858  0.516803  0.406435  0.406740  0.389597  0.270337  0.711683  0.661333  0.528126  0.504745  0.465682  0.355811  0.503036  0.420826  0.513005  0.613820  0.641045  0.497582  0.524342  0.653665  0.373666  0.269441  0.260013  0.653203  0.403620  0.569349  0.266971  0.424581  0.318656  0.524487  0.442684  0.590734  0.357187  0.509268  0.594869  0.271997  0.587006  0.264381  0.490355  0.418644  0.537973  0.255716  0.413514  0.452233  0.623887  0.337375  0.618027 
1  0.526195 0.0  0.464807  0.556804  0.396779  0.440245  0.695204  0.571189  0.613401  0.555381  0.489035  0.517052  0.489779  0.807991  0.758675  0.433680  0.510247  0.533181  0.779562  0.506139  0.592122  0.539307  0.527754  0.513505  0.616108  0.462162  0.596285  0.629325  0.510432  0.543934  0.532676  0.555185  0.493423  0.661824  0.439488  0.563394  0.623902  0.428194  0.609475  0.372696  0.478673  0.531474  0.571226  0.389201  0.576706  0.555676  0.492134  0.501855  0.529866  0.596072  0.655616  0.559620  0.495007  0.615675  0.432810  0.525485  0.530814  0.485445  0.597317  0.636693  0.562548 
2  0.627757  0.464807 0.0  0.530382  0.476357  0.567808  0.772517  0.618266  0.712259  0.675924  0.405539  0.581184  0.614691  0.793159  0.735582  0.573703  0.486258  0.577087  0.848191  0.686132  0.547123  0.526761  0.649811  0.529257  0.479868  0.355471  0.604098  0.603628  0.606255  0.532599  0.562041  0.623129  0.467291  0.485802  0.496885  0.725158  0.695113  0.479877  0.503007  0.350570  0.742871  0.718990  0.604998  0.424722  0.565484  0.561074  0.576968  0.437912  0.479870  0.587164  0.395325  0.549402  0.665361  0.547071  0.397850  0.643570  0.644090  0.453083  0.685539  0.757745  0.445752 
3  0.559796  0.556804  0.530382 0.0  0.536946  0.562330  0.674102  0.622081  0.646995  0.600423  0.609159  0.548883  0.664207  0.633380  0.733545  0.602054  0.558331  0.613240  0.542272  0.579045  0.634175  0.522030  0.667027  0.637519  0.601561  0.604635  0.395352  0.655091  0.652296  0.432647  0.592515  0.675757  0.521275  0.660152  0.625599  0.507012  0.735922  0.680236  0.738602  0.631337  0.659253  0.508470  0.578117  0.444060  0.672104  0.623810  0.586736  0.521814  0.517974  0.687498  0.638471  0.557070  0.522335  0.568985  0.566758  0.575538  0.687269  0.548450  0.486790  0.640242  0.652236 
4  0.335491  0.396779  0.476357  0.536946 0.0  0.541719  0.617528  0.446178  0.426025  0.626544  0.514740  0.505164  0.525550  0.538571  0.664218  0.360829  0.234620  0.497226  0.612317  0.541833  0.553917  0.450624  0.635366  0.342995  0.446524  0.453090  0.430441  0.521240  0.473519  0.437854  0.426199  0.527080  0.363357  0.609027  0.215024  0.357451  0.422829  0.469256  0.441043  0.393838  0.533843  0.545145  0.415209  0.361807  0.366593  0.585258  0.442672  0.372318  0.524691  0.487102  0.508283  0.446447  0.543753  0.674999  0.423871  0.305653  0.199534  0.294487  0.748283  0.494055  0.596667 
5  0.596402  0.440245  0.567808  0.562330  0.541719 0.0  0.491729  0.545335  0.593292  0.582285  0.551670  0.455946  0.508632  0.556692  0.723166  0.561572  0.521937  0.592098  0.676359  0.563598  0.504883  0.486312  0.595480  0.520092  0.541147  0.502171  0.535530  0.643770  0.595766  0.440029  0.495211  0.580127  0.588367  0.539615  0.565526  0.529413  0.631897  0.479530  0.584990  0.443736  0.626042  0.540173  0.505374  0.445169  0.577094  0.608303  0.631584  0.555431  0.558673  0.621575  0.507924  0.498527  0.528215  0.658552  0.430872  0.496263  0.439411  0.452763  0.593664  0.604656  0.577170 
6  0.504917  0.695204  0.772517  0.674102  0.617528  0.491729 0.0  0.478139  0.388528  0.466533  0.767490  0.471695  0.539997  0.357591  0.464046  0.680083  0.607555  0.532165  0.431264  0.464272  0.738302  0.619111  0.529690  0.694300  0.540833  0.540014  0.805923  0.701221  0.533150  0.795590  0.645468  0.566187  0.533449  0.761713  0.705214  0.432695  0.397409  0.738966  0.544243  0.666592  0.513325  0.502174  0.609841  0.637935  0.652263  0.575766  0.555676  0.794885  0.643974  0.400783  0.634918  0.429794  0.565430  0.542881  0.696058  0.506719  0.546174  0.660340  0.643567  0.310550  0.726394 
7  0.313084  0.571189  0.618266  0.622081  0.446178  0.545335  0.478139 0.0  0.352824  0.460456  0.470925  0.390572  0.225235  0.404272  0.581161  0.503253  0.487525  0.489142  0.498207  0.280397  0.902774  0.585170  0.511096  0.452248  0.484946  0.458540  0.589355  0.367192  0.671777  0.655426  0.632246  0.470886  0.412532  0.653842  0.466931  0.270639  0.311372  0.576815  0.492435  0.573991  0.372865  0.541597  0.292202  0.599804  0.327363  0.631220  0.305716  0.482322  0.577626  0.265978  0.559274  0.357004  0.417996  0.441703  0.585404  0.327931  0.473713  0.422489  0.644996  0.348741  0.641835 
8  0.269528  0.613401  0.712259  0.646995  0.426025  0.593292  0.388528  0.352824 0.0  0.490997  0.654066  0.537827  0.355477  0.356481  0.386487  0.525330  0.484859  0.474513  0.291619  0.273417  0.633189  0.692034  0.442705  0.552368  0.603232  0.521724  0.606534  0.486739  0.598838  0.872346  0.666158  0.502130  0.587185  0.679256  0.436342  0.388937  0.241656  0.619397  0.388787  0.504524  0.439357  0.505443  0.477427  0.574993  0.465600  0.470387  0.427112  0.613895  0.621629  0.239345  0.575156  0.272464  0.504060  0.392624  0.663281  0.448151  0.443756  0.595729  0.545563  0.150610  0.729117 
9  0.466327  0.555381  0.675924  0.600423  0.626544  0.582285  0.466533  0.460456  0.490997 0.0  0.651414  0.464599  0.486536  0.320800  0.440151  0.565558  0.576028  0.442713  0.411654  0.319702  0.751691  0.663457  0.585213  0.542601  0.693144  0.654907  0.711732  0.515529  0.640483  0.626750  0.683361  0.523526  0.569058  0.700690  0.643378  0.503526  0.472121  0.661750  0.472966  0.615029  0.429932  0.378473  0.592085  0.669038  0.541284  0.504410  0.579606  0.660890  0.649021  0.386004  0.744153  0.466028  0.424572  0.557703  0.658539  0.517417  0.762279  0.547888  0.536187  0.463294  0.592675 
10  0.586934  0.489035  0.405539  0.609159  0.514740  0.551670  0.767490  0.470925  0.654066  0.651414 0.0  0.585086  0.452895  0.653362  0.604327  0.529801  0.618207  0.606175  0.687500  0.625211  0.667497  0.547017  0.381471  0.593998  0.357664  0.264172  0.774312  0.556121  0.496406  0.695397  0.632111  0.545546  0.649176  0.601131  0.475574  0.550789  0.598319  0.589890  0.389680  0.281290  0.544627  0.687624  0.429683  0.601400  0.397193  0.592623  0.408146  0.606449  0.565435  0.532652  0.347660  0.640899  0.525114  0.356181  0.556441  0.457730  0.583072  0.498736  0.676430  0.683456  0.467163 
11  0.417478  0.517052  0.581184  0.548883  0.505164  0.455946  0.471695  0.390572  0.537827  0.464599  0.585086 0.0  0.337047  0.375833  0.541376  0.552987  0.597004  0.189436  0.628184  0.385419  0.614843  0.584616  0.779062  0.456466  0.434376  0.519267  0.556084  0.513261  0.511544  0.512884  0.547452  0.117185  0.431867  0.714172  0.531424  0.389282  0.609506  0.766408  0.580956  0.539098  0.386650  0.570084  0.413155  0.561948  0.527036  0.701361  0.467389  0.496941  0.653657  0.370137  0.723832  0.453038  0.138056  0.588955  0.517209  0.338999  0.538412  0.391382  0.603749  0.521790  0.675998 
12  0.361933  0.489779  0.614691  0.664207  0.525550  0.508632  0.539997  0.225235  0.355477  0.486536  0.452895  0.337047 0.0  0.363166  0.436727  0.404136  0.529528  0.438694  0.465868  0.297671  0.704079  0.743106  0.703620  0.440512  0.512978  0.548714  0.693359  0.372556  0.573665  0.700401  0.651133  0.296469  0.511553  0.667727  0.558998  0.355163  0.412191  0.744856  0.603118  0.511989  0.337534  0.577728  0.381035  0.557447  0.465785  0.539288  0.412555  0.481921  0.559915  0.205560  0.610323  0.387247  0.296857  0.519983  0.456606  0.269730  0.506132  0.388467  0.643840  0.336486  0.652950 
13  0.319466  0.807991  0.793159  0.633380  0.538571  0.556692  0.357591  0.404272  0.356481  0.320800  0.653362  0.375833  0.363166 0.0  0.451953  0.601733  0.452459  0.399003  0.393827  0.386910  0.772774  0.723507  0.638825  0.620454  0.515746  0.449494  0.569334  0.533306  0.609857  0.640475  0.595060  0.375080  0.600176  0.648700  0.527463  0.323470  0.361360  0.613601  0.460481  0.640848  0.414267  0.493876  0.407073  0.654521  0.557820  0.613293  0.537204  0.681194  0.537842  0.376743  0.728069  0.353336  0.394762  0.552500  0.503635  0.448220  0.619665  0.598158  0.642704  0.338854  0.588788 
14  0.521858  0.758675  0.735582  0.733545  0.664218  0.723166  0.464046  0.581161  0.386487  0.440151  0.604327  0.541376  0.436727  0.451953 0.0  0.569538  0.646547  0.514456  0.237350  0.412957  0.871872  0.747503  0.451049  0.739710  0.613286  0.691776  1.000000  0.640592  0.542729  0.833177  0.744977  0.491902  0.709463  0.899888  0.652452  0.614710  0.471791  0.748044  0.616733  0.690168  0.465338  0.448920  0.518091  0.725982  0.635022  0.541475  0.568739  0.619907  0.693575  0.373455  0.594384  0.471297  0.533853  0.604276  0.617853  0.509475  0.781861  0.617110  0.510063  0.332665  0.518165 
15  0.516803  0.433680  0.573703  0.602054  0.360829  0.561572  0.680083  0.503253  0.525330  0.565558  0.529801  0.552987  0.404136  0.601733  0.569538 0.0  0.387675  0.548661  0.594930  0.386922  0.527924  0.556328  0.703363  0.475718  0.704403  0.562424  0.590564  0.499459  0.619456  0.578216  0.513711  0.575706  0.367617  0.710859  0.327474  0.478661  0.565563  0.520866  0.583621  0.457131  0.455218  0.576471  0.446354  0.462675  0.533110  0.384367  0.504536  0.291171  0.644835  0.538163  0.599145  0.513486  0.516084  0.679092  0.462694  0.481891  0.425309  0.387941  0.516694  0.589901  0.538516 
16  0.406435  0.510247  0.486258  0.558331  0.234620  0.521937  0.607555  0.487525  0.484859  0.576028  0.618207  0.597004  0.529528  0.452459  0.646547  0.387675 0.0  0.575935  0.510054  0.461625  0.616107  0.529945  0.775653  0.322444  0.572629  0.440408  0.458484  0.526487  0.563587  0.453987  0.481825  0.484029  0.352659  0.581923  0.196140  0.367878  0.552427  0.613260  0.627402  0.417713  0.603586  0.660563  0.479872  0.402366  0.415410  0.517239  0.459802  0.241850  0.638948  0.524920  0.631445  0.401681  0.592476  0.603373  0.363522  0.329701  0.185889  0.418568  0.634978  0.586639  0.551816 
17  0.406740  0.533181  0.577087  0.613240  0.497226  0.592098  0.532165  0.489142  0.474513  0.442713  0.606175  0.189436  0.438694  0.399003  0.514456  0.548661  0.575935 0.0  0.585986  0.467488  0.714160  0.588120  0.523653  0.519698  0.484029  0.482871  0.516904  0.447010  0.639644  0.573897  0.495345  0.230816  0.462356  0.582384  0.571633  0.396039  0.461359  0.599690  0.637442  0.483095  0.410239  0.452344  0.378927  0.461329  0.574656  0.592345  0.494071  0.494933  0.530482  0.471036  0.564351  0.468019  0.264588  0.624134  0.551904  0.378710  0.622215  0.404096  0.622493  0.587827  0.684921 
18  0.389597  0.779562  0.848191  0.542272  0.612317  0.676359  0.431264  0.498207  0.291619  0.411654  0.687500  0.628184  0.465868  0.393827  0.237350  0.594930  0.510054  0.585986 0.0  0.457515  0.868163  0.649653  0.576100  0.692458  0.522504  0.701576  0.647557  0.462581  0.635224  0.899669  0.669860  0.580251  0.678520  0.734495  0.562655  0.432238  0.394036  0.831560  0.482452  0.739688  0.459130  0.542462  0.457068  0.651020  0.662933  0.685158  0.477380  0.794163  0.725122  0.446680  0.594128  0.325277  0.631557  0.440778  0.663442  0.554261  0.589980  0.644376  0.773620  0.225123  0.635360 
19  0.270337  0.506139  0.686132  0.579045  0.541833  0.563598  0.464272  0.280397  0.273417  0.319702  0.625211  0.385419  0.297671  0.386910  0.412957  0.386922  0.461625  0.467488  0.457515 0.0  0.827137  0.713893  0.477528  0.589959  0.527096  0.455715  0.611626  0.388711  0.623684  0.781078  0.697926  0.471102  0.463220  0.705083  0.634481  0.360964  0.233096  0.660921  0.370461  0.495130  0.255419  0.444418  0.465567  0.616422  0.481872  0.503000  0.466804  0.458883  0.676752  0.137029  0.577286  0.364292  0.465853  0.451963  0.546542  0.450359  0.498105  0.533011  0.597781  0.277379  0.423062 
20  0.711683  0.592122  0.547123  0.634175  0.553917  0.504883  0.738302  0.902774  0.633189  0.751691  0.667497  0.614843  0.704079  0.772774  0.871872  0.527924  0.616107  0.714160  0.868163  0.827137 0.0  0.473790  0.651431  0.627303  0.616395  0.665429  0.529083  0.686084  0.558819  0.521400  0.293634  0.763768  0.563281  0.481065  0.524221  0.774020  0.766284  0.507489  0.571795  0.488098  0.757590  0.603942  0.764355  0.451081  0.553674  0.611394  0.642142  0.549556  0.674097  0.754039  0.566223  0.635489  0.660972  0.705944  0.491646  0.615371  0.498211  0.610518  0.586998  0.850748  0.626196 
21  0.661333  0.539307  0.526761  0.522030  0.450624  0.486312  0.619111  0.585170  0.692034  0.663457  0.547017  0.584616  0.743106  0.723507  0.747503  0.556328  0.529945  0.588120  0.649653  0.713893  0.473790 0.0  0.634789  0.515906  0.502197  0.505082  0.480862  0.490468  0.576090  0.508965  0.485995  0.695808  0.546673  0.588196  0.484800  0.685985  0.541576  0.533529  0.647834  0.474308  0.712582  0.653455  0.566009  0.452090  0.602534  0.495436  0.650560  0.517291  0.558232  0.715595  0.544953  0.557867  0.567126  0.658889  0.516756  0.561894  0.514801  0.576933  0.540941  0.656963  0.554839 
22  0.528126  0.527754  0.649811  0.667027  0.635366  0.595480  0.529690  0.511096  0.442705  0.585213  0.381471  0.779062  0.703620  0.638825  0.451049  0.703363  0.775653  0.523653  0.576100  0.477528  0.651431  0.634789 0.0  0.712967  0.428475  0.445874  0.753836  0.758390  0.616311  0.841862  0.670199  0.640900  0.707670  0.638998  0.639111  0.578620  0.494751  0.632180  0.271070  0.527785  0.449249  0.570520  0.603474  0.735601  0.689450  0.606905  0.594058  0.716703  0.656634  0.520067  0.384903  0.487025  0.691358  0.302300  0.610023  0.556575  0.563894  0.580349  0.655240  0.514732  0.442920 
23  0.504745  0.513505  0.529257  0.637519  0.342995  0.520092  0.694300  0.452248  0.552368  0.542601  0.593998  0.456466  0.440512  0.620454  0.739710  0.475718  0.322444  0.519698  0.692458  0.589959  0.627303  0.515906  0.712967 0.0  0.464223  0.471354  0.410691  0.341806  0.454361  0.433379  0.434849  0.532987  0.309611  0.650498  0.312773  0.493479  0.561018  0.501267  0.671337  0.490677  0.533501  0.596311  0.451045  0.444301  0.392534  0.429322  0.417773  0.371804  0.579275  0.545718  0.622211  0.473206  0.502246  0.690344  0.409245  0.453022  0.425205  0.368452  0.546513  0.628001  0.526996 
24  0.465682  0.616108  0.479868  0.601561  0.446524  0.541147  0.540833  0.484946  0.603232  0.693144  0.357664  0.434376  0.512978  0.515746  0.613286  0.704403  0.572629  0.484029  0.522504  0.527096  0.616395  0.502197  0.428475  0.464223 0.0  0.242490  0.584581  0.609723  0.609239  0.628831  0.492672  0.431657  0.471535  0.649142  0.544112  0.407060  0.607246  0.703176  0.351024  0.358260  0.575572  0.515387  0.396404  0.434143  0.558361  0.714263  0.522839  0.599480  0.522124  0.624660  0.417263  0.498674  0.466302  0.355680  0.545132  0.391558  0.465402  0.512390  0.678323  0.554758  0.541141 
25  0.355811  0.462162  0.355471  0.604635  0.453090  0.502171  0.540014  0.458540  0.521724  0.654907  0.264172  0.519267  0.548714  0.449494  0.691776  0.562424  0.440408  0.482871  0.701576  0.455715  0.665429  0.505082  0.445874  0.471354  0.242490 0.0  0.593841  0.592485  0.564029  0.522004  0.454395  0.571477  0.444058  0.628058  0.454157  0.400215  0.470319  0.560851  0.379538  0.317415  0.558088  0.532600  0.388342  0.487048  0.428296  0.688845  0.434103  0.549309  0.536305  0.525095  0.332899  0.488349  0.501636  0.384398  0.524657  0.343973  0.476730  0.557916  0.654551  0.637919  0.453384 
26  0.503036  0.596285  0.604098  0.395352  0.430441  0.535530  0.805923  0.589355  0.606534  0.711732  0.774312  0.556084  0.693359  0.569334  1.000000  0.590564  0.458484  0.516904  0.647557  0.611626  0.529083  0.480862  0.753836  0.410691  0.584581  0.593841 0.0  0.585152  0.600024  0.224236  0.346514  0.614843  0.468100  0.631316  0.560935  0.597990  0.587339  0.523044  0.803886  0.475555  0.620146  0.571876  0.553981  0.448221  0.585025  0.567539  0.552970  0.446877  0.600625  0.727797  0.681531  0.571621  0.604476  0.600118  0.433366  0.450843  0.469021  0.526492  0.526546  0.871232  0.571656 
27  0.420826  0.629325  0.603628  0.655091  0.521240  0.643770  0.701221  0.367192  0.486739  0.515529  0.556121  0.513261  0.372556  0.533306  0.640592  0.499459  0.526487  0.447010  0.462581  0.388711  0.686084  0.490468  0.758390  0.341806  0.609723  0.592485  0.585152 0.0  0.563602  0.615607  0.536611  0.571643  0.523297  0.699014  0.481038  0.443784  0.502553  0.636256  0.615918  0.618488  0.526959  0.538435  0.396034  0.596838  0.426488  0.489603  0.368901  0.493189  0.610328  0.388458  0.475098  0.395911  0.450142  0.551918  0.584099  0.383071  0.491179  0.462832  0.568696  0.474187  0.634265 
28  0.513005  0.510432  0.606255  0.652296  0.473519  0.595766  0.533150  0.671777  0.598838  0.640483  0.496406  0.511544  0.573665  0.609857  0.542729  0.619456  0.563587  0.639644  0.635224  0.623684  0.558819  0.576090  0.616311  0.454361  0.609239  0.564029  0.600024  0.563602 0.0  0.512924  0.487655  0.503561  0.512174  0.571623  0.492739  0.543051  0.548110  0.556111  0.621118  0.499129  0.513441  0.608194  0.533111  0.553230  0.585740  0.496914  0.533654  0.549320  0.469448  0.551574  0.589598  0.475296  0.645267  0.600072  0.526613  0.492913  0.574659  0.582203  0.523643  0.575271  0.637439 
29  0.613820  0.543934  0.532599  0.432647  0.437854  0.440029  0.795590  0.655426  0.872346  0.626750  0.695397  0.512884  0.700401  0.640475  0.833177  0.578216  0.453987  0.573897  0.899669  0.781078  0.521400  0.508965  0.841862  0.433379  0.628831  0.522004  0.224236  0.615607  0.512924 0.0  0.412953  0.708055  0.520641  0.483800  0.485167  0.667216  0.699830  0.562977  0.678414  0.560444  0.851703  0.616044  0.728616  0.463722  0.620869  0.669121  0.512267  0.499922  0.481990  0.849084  0.574136  0.633197  0.665620  0.730680  0.380724  0.581652  0.480944  0.607342  0.466489  0.721718  0.540732 
30  0.641045  0.532676  0.562041  0.592515  0.426199  0.495211  0.645468  0.632246  0.666158  0.683361  0.632111  0.547452  0.651133  0.595060  0.744977  0.513711  0.481825  0.495345  0.669860  0.697926  0.293634  0.485995  0.670199  0.434849  0.492672  0.454395  0.346514  0.536611  0.487655  0.412953 0.0  0.633497  0.510713  0.371100  0.451921  0.533586  0.679019  0.535075  0.599090  0.416544  0.620953  0.607514  0.650611  0.390572  0.680998  0.661915  0.532234  0.437095  0.559978  0.757218  0.566984  0.595531  0.671740  0.503087  0.373774  0.592463  0.444391  0.673219  0.645092  0.749717  0.448117 
31  0.497582  0.555185  0.623129  0.675757  0.527080  0.580127  0.566187  0.470886  0.502130  0.523526  0.545546  0.117185  0.296469  0.375080  0.491902  0.575706  0.484029  0.230816  0.580251  0.471102  0.763768  0.695808  0.640900  0.532987  0.431657  0.571477  0.614843  0.571643  0.503561  0.708055  0.633497 0.0  0.447354  0.725789  0.552640  0.396390  0.571855  0.677296  0.633790  0.549598  0.363388  0.507599  0.425920  0.450117  0.503431  0.619089  0.462520  0.569721  0.573125  0.442888  0.709189  0.529589  0.169000  0.642426  0.545277  0.407010  0.657574  0.515219  0.601677  0.463852  0.733712 
32  0.524342  0.493423  0.467291  0.521275  0.363357  0.588367  0.533449  0.412532  0.587185  0.569058  0.649176  0.431867  0.511553  0.600176  0.709463  0.367617  0.352659  0.462356  0.678520  0.463220  0.563281  0.546673  0.707670  0.309611  0.471535  0.444058  0.468100  0.523297  0.512174  0.520641  0.510713  0.447354 0.0  0.584360  0.331599  0.415171  0.466492  0.577843  0.520801  0.429329  0.488716  0.545638  0.499288  0.392644  0.373756  0.412488  0.452476  0.271383  0.468499  0.490443  0.646388  0.442416  0.409229  0.644060  0.434162  0.364811  0.348338  0.360521  0.667692  0.611311  0.601900 
33  0.653665  0.661824  0.485802  0.660152  0.609027  0.539615  0.761713  0.653842  0.679256  0.700690  0.601131  0.714172  0.667727  0.648700  0.899888  0.710859  0.581923  0.582384  0.734495  0.705083  0.481065  0.588196  0.638998  0.650498  0.649142  0.628058  0.631316  0.699014  0.571623  0.483800  0.371100  0.725789  0.584360 0.0  0.586591  0.709004  0.720600  0.712484  0.655699  0.485429  0.650670  0.662566  0.755448  0.457970  0.755475  0.667358  0.608364  0.651850  0.538935  0.693803  0.569706  0.652718  0.696751  0.587752  0.562980  0.580850  0.555661  0.600927  0.614505  0.743581  0.583404 
34  0.373666  0.439488  0.496885  0.625599  0.215024  0.565526  0.705214  0.466931  0.436342  0.643378  0.475574  0.531424  0.558998  0.527463  0.652452  0.327474  0.196140  0.571633  0.562655  0.634481  0.524221  0.484800  0.639111  0.312773  0.544112  0.454157  0.560935  0.481038  0.492739  0.485167  0.451921  0.552640  0.331599  0.586591 0.0  0.371540  0.456386  0.461446  0.649163  0.372534  0.518705  0.597105  0.461736  0.420653  0.412678  0.456388  0.368420  0.318983  0.524702  0.533932  0.610717  0.390733  0.564335  0.663705  0.369161  0.371993  0.294063  0.378500  0.651234  0.461221  0.560983 
35  0.269441  0.563394  0.725158  0.507012  0.357451  0.529413  0.432695  0.270639  0.388937  0.503526  0.550789  0.389282  0.355163  0.323470  0.614710  0.478661  0.367878  0.396039  0.432238  0.360964  0.774020  0.685985  0.578620  0.493479  0.407060  0.400215  0.597990  0.443784  0.543051  0.667216  0.533586  0.396390  0.415171  0.709004  0.371540 0.0  0.340084  0.769295  0.540611  0.491133  0.287051  0.559457  0.255520  0.472703  0.413383  0.626987  0.327805  0.438842  0.572406  0.320941  0.556665  0.283461  0.494623  0.489853  0.493061  0.219186  0.445420  0.493061  0.610685  0.332435  0.642932 
36  0.260013  0.623902  0.695113  0.735922  0.422829  0.631897  0.397409  0.311372  0.241656  0.472121  0.598319  0.609506  0.412191  0.361360  0.471791  0.565563  0.552427  0.461359  0.394036  0.233096  0.766284  0.541576  0.494751  0.561018  0.607246  0.470319  0.587339  0.502553  0.548110  0.699830  0.679019  0.571855  0.466492  0.720600  0.456386  0.340084 0.0  0.592014  0.426602  0.637546  0.333769  0.490210  0.420062  0.569706  0.485626  0.589839  0.381403  0.529383  0.603357  0.218840  0.651395  0.267977  0.517382  0.430525  0.576148  0.370224  0.460387  0.523427  0.622362  0.259066  0.611719 
37  0.653203  0.428194  0.479877  0.680236  0.469256  0.479530  0.738966  0.576815  0.619397  0.661750  0.589890  0.766408  0.744856  0.613601  0.748044  0.520866  0.613260  0.599690  0.831560  0.660921  0.507489  0.533529  0.632180  0.501267  0.703176  0.560851  0.523044  0.636256  0.556111  0.562977  0.535075  0.677296  0.577843  0.712484  0.461446  0.769295  0.592014 0.0  0.656304  0.568372  0.845176  0.668709  0.675144  0.516778  0.624531  0.602171  0.606887  0.522714  0.540139  0.742080  0.558110  0.678818  0.665803  0.659929  0.428619  0.614686  0.551874  0.631608  0.691251  0.718253  0.510844 
38  0.403620  0.609475  0.503007  0.738602  0.441043  0.584990  0.544243  0.492435  0.388787  0.472966  0.389680  0.580956  0.603118  0.460481  0.616733  0.583621  0.627402  0.637442  0.482452  0.370461  0.571795  0.647834  0.271070  0.671337  0.351024  0.379538  0.803886  0.615918  0.621118  0.678414  0.599090  0.633790  0.520801  0.655699  0.649163  0.540611  0.426602  0.656304 0.0  0.468166  0.638418  0.561411  0.454514  0.623242  0.556437  0.793541  0.548513  0.740034  0.618138  0.467494  0.410013  0.458969  0.668797  0.156422  0.597165  0.518768  0.540569  0.719966  0.755182  0.462995  0.435053 
39  0.569349  0.372696  0.350570  0.631337  0.393838  0.443736  0.666592  0.573991  0.504524  0.615029  0.281290  0.539098  0.511989  0.640848  0.690168  0.457131  0.417713  0.483095  0.739688  0.495130  0.488098  0.474308  0.527785  0.490677  0.358260  0.317415  0.475555  0.618488  0.499129  0.560444  0.416544  0.549598  0.429329  0.485429  0.372534  0.491133  0.637546  0.568372  0.468166 0.0  0.511696  0.512594  0.519315  0.409311  0.470011  0.588162  0.631783  0.400826  0.559170  0.590046  0.428133  0.577303  0.554432  0.475312  0.422906  0.348339  0.451763  0.412237  0.658527  0.640101  0.350416 
40  0.266971  0.478673  0.742871  0.659253  0.533843  0.626042  0.513325  0.372865  0.439357  0.429932  0.544627  0.386650  0.337534  0.414267  0.465338  0.455218  0.603586  0.410239  0.459130  0.255419  0.757590  0.712582  0.449249  0.533501  0.575572  0.558088  0.620146  0.526959  0.513441  0.851703  0.620953  0.363388  0.488716  0.650670  0.518705  0.287051  0.333769  0.845176  0.638418  0.511696 0.0  0.530838  0.364398  0.698205  0.454046  0.498586  0.435788  0.552055  0.594660  0.235539  0.529681  0.368588  0.460154  0.572177  0.673698  0.344628  0.597348  0.435474  0.670018  0.361411  0.614093 
41  0.424581  0.531474  0.718990  0.508470  0.545145  0.540173  0.502174  0.541597  0.505443  0.378473  0.687624  0.570084  0.577728  0.493876  0.448920  0.576471  0.660563  0.452344  0.542462  0.444418  0.603942  0.653455  0.570520  0.596311  0.515387  0.532600  0.571876  0.538435  0.608194  0.616044  0.607514  0.507599  0.545638  0.662566  0.597105  0.559457  0.490210  0.668709  0.561411  0.512594  0.530838 0.0  0.492107  0.532426  0.601692  0.585637  0.608154  0.662666  0.573595  0.466924  0.748345  0.500282  0.482169  0.581070  0.476251  0.489495  0.702271  0.482644  0.473155  0.469237  0.575860 
42  0.318656  0.571226  0.604998  0.578117  0.415209  0.505374  0.609841  0.292202  0.477427  0.592085  0.429683  0.413155  0.381035  0.407073  0.518091  0.446354  0.479872  0.378927  0.457068  0.465567  0.764355  0.566009  0.603474  0.451045  0.396404  0.388342  0.553981  0.396034  0.533111  0.728616  0.650611  0.425920  0.499288  0.755448  0.461736  0.255520  0.420062  0.675144  0.454514  0.519315  0.364398  0.492107 0.0  0.481060  0.348893  0.547815  0.358020  0.488616  0.525286  0.377365  0.627481  0.309799  0.520580  0.495647  0.645351  0.208725  0.500366  0.449669  0.674359  0.427393  0.632954 
43  0.524487  0.389201  0.424722  0.444060  0.361807  0.445169  0.637935  0.599804  0.574993  0.669038  0.601400  0.561948  0.557447  0.654521  0.725982  0.462675  0.402366  0.461329  0.651020  0.616422  0.451081  0.452090  0.735601  0.444301  0.434143  0.487048  0.448221  0.596838  0.553230  0.463722  0.390572  0.450117  0.392644  0.457970  0.420653  0.472703  0.569706  0.516778  0.623242  0.409311  0.698205  0.532426  0.481060 0.0  0.480658  0.550760  0.444204  0.403899  0.446714  0.585659  0.584914  0.578287  0.557109  0.634808  0.459852  0.450548  0.481774  0.415017  0.591849  0.677627  0.496035 
44  0.442684  0.576706  0.565484  0.672104  0.366593  0.577094  0.652263  0.327363  0.465600  0.541284  0.397193  0.527036  0.465785  0.557820  0.635022  0.533110  0.415410  0.574656  0.662933  0.481872  0.553674  0.602534  0.689450  0.392534  0.558361  0.428296  0.585025  0.426488  0.585740  0.620869  0.680998  0.503431  0.373756  0.755475  0.412678  0.413383  0.485626  0.624531  0.556437  0.470011  0.454046  0.601692  0.348893  0.480658 0.0  0.531522  0.315475  0.450267  0.537560  0.571401  0.646882  0.504213  0.585411  0.468101  0.626647  0.304403  0.472045  0.463629  0.716058  0.491051  0.677377 
45  0.590734  0.555676  0.561074  0.623810  0.585258  0.608303  0.575766  0.631220  0.470387  0.504410  0.592623  0.701361  0.539288  0.613293  0.541475  0.384367  0.517239  0.592345  0.685158  0.503000  0.611394  0.495436  0.606905  0.429322  0.714263  0.688845  0.567539  0.489603  0.496914  0.669121  0.661915  0.619089  0.412488  0.667358  0.456388  0.626987  0.589839  0.602171  0.793541  0.588162  0.498586  0.585637  0.547815  0.550760  0.531522 0.0  0.521161  0.455372  0.594172  0.575048  0.706106  0.616684  0.651697  0.672044  0.503221  0.521828  0.572123  0.507403  0.566699  0.680831  0.501824 
46  0.357187  0.492134  0.576968  0.586736  0.442672  0.631584  0.555676  0.305716  0.427112  0.579606  0.408146  0.467389  0.412555  0.537204  0.568739  0.504536  0.459802  0.494071  0.477380  0.466804  0.642142  0.650560  0.594058  0.417773  0.522839  0.434103  0.552970  0.368901  0.533654  0.512267  0.532234  0.462520  0.452476  0.608364  0.368420  0.327805  0.381403  0.606887  0.548513  0.631783  0.435788  0.608154  0.358020  0.444204  0.315475  0.521161 0.0  0.482884  0.554833  0.459954  0.612732  0.393286  0.534759  0.577195  0.421014  0.317489  0.432707  0.415549  0.613104  0.521190  0.589671 
47  0.509268  0.501855  0.437912  0.521814  0.372318  0.555431  0.794885  0.482322  0.613895  0.660890  0.606449  0.496941  0.481921  0.681194  0.619907  0.291171  0.241850  0.494933  0.794163  0.458883  0.549556  0.517291  0.716703  0.371804  0.599480  0.549309  0.446877  0.493189  0.549320  0.499922  0.437095  0.569721  0.271383  0.651850  0.318983  0.438842  0.529383  0.522714  0.740034  0.400826  0.552055  0.662666  0.488616  0.403899  0.450267  0.455372  0.482884 0.0  0.443001  0.558756  0.593864  0.567660  0.475975  0.636758  0.440485  0.353923  0.351129  0.298148  0.645087  0.613757  0.573374 
48  0.594869  0.529866  0.479870  0.517974  0.524691  0.558673  0.643974  0.577626  0.621629  0.649021  0.565435  0.653657  0.559915  0.537842  0.693575  0.644835  0.638948  0.530482  0.725122  0.676752  0.674097  0.558232  0.656634  0.579275  0.522124  0.536305  0.600625  0.610328  0.469448  0.481990  0.559978  0.573125  0.468499  0.538935  0.524702  0.572406  0.603357  0.540139  0.618138  0.559170  0.594660  0.573595  0.525286  0.446714  0.537560  0.594172  0.554833  0.443001 0.0  0.555949  0.499299  0.520750  0.534184  0.743179  0.612412  0.464446  0.599414  0.564296  0.620651  0.588848  0.663931 
49  0.271997  0.596072  0.587164  0.687498  0.487102  0.621575  0.400783  0.265978  0.239345  0.386004  0.532652  0.370137  0.205560  0.376743  0.373455  0.538163  0.524920  0.471036  0.446680  0.137029  0.754039  0.715595  0.520067  0.545718  0.624660  0.525095  0.727797  0.388458  0.551574  0.849084  0.757218  0.442888  0.490443  0.693803  0.533932  0.320941  0.218840  0.742080  0.467494  0.590046  0.235539  0.466924  0.377365  0.585659  0.571401  0.575048  0.459954  0.558756  0.555949 0.0  0.608154  0.327541  0.338797  0.437756  0.591872  0.419986  0.507888  0.481039  0.684190  0.305888  0.703540 
50  0.587006  0.655616  0.395325  0.638471  0.508283  0.507924  0.634918  0.559274  0.575156  0.744153  0.347660  0.723832  0.610323  0.728069  0.594384  0.599145  0.631445  0.564351  0.594128  0.577286  0.566223  0.544953  0.384903  0.622211  0.417263  0.332899  0.681531  0.475098  0.589598  0.574136  0.566984  0.709189  0.646388  0.569706  0.610717  0.556665  0.651395  0.558110  0.410013  0.428133  0.529681  0.748345  0.627481  0.584914  0.646882  0.706106  0.612732  0.593864  0.499299  0.608154 0.0  0.568256  0.529019  0.396540  0.594036  0.558975  0.511126  0.668314  0.493243  0.559905  0.494015 
51  0.264381  0.559620  0.549402  0.557070  0.446447  0.498527  0.429794  0.357004  0.272464  0.466028  0.640899  0.453038  0.387247  0.353336  0.471297  0.513486  0.401681  0.468019  0.325277  0.364292  0.635489  0.557867  0.487025  0.473206  0.498674  0.488349  0.571621  0.395911  0.475296  0.633197  0.595531  0.529589  0.442416  0.652718  0.390733  0.283461  0.267977  0.678818  0.458969  0.577303  0.368588  0.500282  0.309799  0.578287  0.504213  0.616684  0.393286  0.567660  0.520750  0.327541  0.568256 0.0  0.508803  0.454285  0.488374  0.295057  0.413811  0.479396  0.561581  0.260621  0.648396 
52  0.490355  0.495007  0.665361  0.522335  0.543753  0.528215  0.565430  0.417996  0.504060  0.424572  0.525114  0.138056  0.296857  0.394762  0.533853  0.516084  0.592476  0.264588  0.631557  0.465853  0.660972  0.567126  0.691358  0.502246  0.466302  0.501636  0.604476  0.450142  0.645267  0.665620  0.671740  0.169000  0.409229  0.696751  0.564335  0.494623  0.517382  0.665803  0.668797  0.554432  0.460154  0.482169  0.520580  0.557109  0.585411  0.651697  0.534759  0.475975  0.534184  0.338797  0.529019  0.508803 0.0  0.565106  0.554483  0.357268  0.544756  0.452226  0.487958  0.474466  0.605115 
53  0.418644  0.615675  0.547071  0.568985  0.674999  0.658552  0.542881  0.441703  0.392624  0.557703  0.356181  0.588955  0.519983  0.552500  0.604276  0.679092  0.603373  0.624134  0.440778  0.451963  0.705944  0.658889  0.302300  0.690344  0.355680  0.384398  0.600118  0.551918  0.600072  0.730680  0.503087  0.642426  0.644060  0.587752  0.663705  0.489853  0.430525  0.659929  0.156422  0.475312  0.572177  0.581070  0.495647  0.634808  0.468101  0.672044  0.577195  0.636758  0.743179  0.437756  0.396540  0.454285  0.565106 0.0  0.560026  0.607376  0.626765  0.683933  0.599508  0.508931  0.429596 
54  0.537973  0.432810  0.397850  0.566758  0.423871  0.430872  0.696058  0.585404  0.663281  0.658539  0.556441  0.517209  0.456606  0.503635  0.617853  0.462694  0.363522  0.551904  0.663442  0.546542  0.491646  0.516756  0.610023  0.409245  0.545132  0.524657  0.433366  0.584099  0.526613  0.380724  0.373774  0.545277  0.434162  0.562980  0.369161  0.493061  0.576148  0.428619  0.597165  0.422906  0.673698  0.476251  0.645351  0.459852  0.626647  0.503221  0.421014  0.440485  0.612412  0.591872  0.594036  0.488374  0.554483  0.560026 0.0  0.530215  0.382757  0.473316  0.609500  0.560607  0.517601 
55  0.255716  0.525485  0.643570  0.575538  0.305653  0.496263  0.506719  0.327931  0.448151  0.517417  0.457730  0.338999  0.269730  0.448220  0.509475  0.481891  0.329701  0.378710  0.554261  0.450359  0.615371  0.561894  0.556575  0.453022  0.391558  0.343973  0.450843  0.383071  0.492913  0.581652  0.592463  0.407010  0.364811  0.580850  0.371993  0.219186  0.370224  0.614686  0.518768  0.348339  0.344628  0.489495  0.208725  0.450548  0.304403  0.521828  0.317489  0.353923  0.464446  0.419986  0.558975  0.295057  0.357268  0.607376  0.530215 0.0  0.403705  0.373110  0.625815  0.412351  0.688464 
56  0.413514  0.530814  0.644090  0.687269  0.199534  0.439411  0.546174  0.473713  0.443756  0.762279  0.583072  0.538412  0.506132  0.619665  0.781861  0.425309  0.185889  0.622215  0.589980  0.498105  0.498211  0.514801  0.563894  0.425205  0.465402  0.476730  0.469021  0.491179  0.574659  0.480944  0.444391  0.657574  0.348338  0.555661  0.294063  0.445420  0.460387  0.551874  0.540569  0.451763  0.597348  0.702271  0.500366  0.481774  0.472045  0.572123  0.432707  0.351129  0.599414  0.507888  0.511126  0.413811  0.544756  0.626765  0.382757  0.403705 0.0  0.513447  0.687291  0.513824  0.498514 
57  0.452233  0.485445  0.453083  0.548450  0.294487  0.452763  0.660340  0.422489  0.595729  0.547888  0.498736  0.391382  0.388467  0.598158  0.617110  0.387941  0.418568  0.404096  0.644376  0.533011  0.610518  0.576933  0.580349  0.368452  0.512390  0.557916  0.526492  0.462832  0.582203  0.607342  0.673219  0.515219  0.360521  0.600927  0.378500  0.493061  0.523427  0.631608  0.719966  0.412237  0.435474  0.482644  0.449669  0.415017  0.463629  0.507403  0.415549  0.298148  0.564296  0.481039  0.668314  0.479396  0.452226  0.683933  0.473316  0.373110  0.513447 0.0  0.712586  0.538116  0.621584 
58  0.623887  0.597317  0.685539  0.486790  0.748283  0.593664  0.643567  0.644996  0.545563  0.536187  0.676430  0.603749  0.643840  0.642704  0.510063  0.516694  0.634978  0.622493  0.773620  0.597781  0.586998  0.540941  0.655240  0.546513  0.678323  0.654551  0.526546  0.568696  0.523643  0.466489  0.645092  0.601677  0.667692  0.614505  0.651234  0.610685  0.622362  0.691251  0.755182  0.658527  0.670018  0.473155  0.674359  0.591849  0.716058  0.566699  0.613104  0.645087  0.620651  0.684190  0.493243  0.561581  0.487958  0.599508  0.609500  0.625815  0.687291  0.712586 0.0  0.613208  0.634413 
59  0.337375  0.636693  0.757745  0.640242  0.494055  0.604656  0.310550  0.348741  0.150610  0.463294  0.683456  0.521790  0.336486  0.338854  0.332665  0.589901  0.586639  0.587827  0.225123  0.277379  0.850748  0.656963  0.514732  0.628001  0.554758  0.637919  0.871232  0.474187  0.575271  0.721718  0.749717  0.463852  0.611311  0.743581  0.461221  0.332435  0.259066  0.718253  0.462995  0.640101  0.361411  0.469237  0.427393  0.677627  0.491051  0.680831  0.521190  0.613757  0.588848  0.305888  0.559905  0.260621  0.474466  0.508931  0.560607  0.412351  0.513824  0.538116  0.613208 0.0  0.599998 
60  0.618027  0.562548  0.445752  0.652236  0.596667  0.577170  0.726394  0.641835  0.729117  0.592675  0.467163  0.675998  0.652950  0.588788  0.518165  0.538516  0.551816  0.684921  0.635360  0.423062  0.626196  0.554839  0.442920  0.526996  0.541141  0.453384  0.571656  0.634265  0.637439  0.540732  0.448117  0.733712  0.601900  0.583404  0.560983  0.642932  0.611719  0.510844  0.435053  0.350416  0.614093  0.575860  0.632954  0.496035  0.677377  0.501824  0.589671  0.573374  0.663931  0.703540  0.494015  0.648396  0.605115  0.429596  0.517601  0.688464  0.498514  0.621584  0.634413  0.599998 0.0 
