61
0 0.0  0.558474  0.576104  0.625640  0.401279  0.703593  0.460165  0.393837  0.307812  0.506781  0.539124  0.462294  0.475015  0.396172  0.574280  0.569329  0.422892  0.391728  0.436687  0.289298  0.881480  0.660195  0.526960  0.512921  0.605043  0.520266  0.735356  0.524819  0.660000  0.789072  0.623847  0.455461  0.585950  0.720379  0.456205  0.292395  0.300028  0.725973  0.466385  0.621795  0.266687  0.585249  0.356272  0.660987  0.441664  0.631946  0.343582  0.518861  0.615262  0.324548  0.551007  0.264798  0.560292  0.471490  0.604178  0.299998  0.519381  0.508459  0.700468  0.318719  0.575881 
1  0.558474 0.0  0.541392  0.700679  0.503799  0.560129  0.702470  0.683230  0.776672  0.775108  0.564053  0.550913  0.702661  0.765241  0.786655  0.513052  0.541978  0.469404  0.924448  0.614917  0.670805  0.466964  0.633882  0.429199  0.665277  0.488354  0.708193  0.651063  0.587236  0.575183  0.509012  0.590847  0.485930  0.634290  0.530421  0.568628  0.608559  0.379829  0.686942  0.390530  0.560495  0.633873  0.649391  0.467738  0.614604  0.645643  0.522366  0.489360  0.552162  0.739078  0.715639  0.523928  0.530357  0.739682  0.525773  0.612584  0.546720  0.519757  0.726020  0.733694  0.568820 
2  0.576104  0.541392 0.0  0.681948  0.485143  0.625267  0.877817  0.634984  0.761491  0.767335  0.454854  0.693551  0.808809  0.882572  0.841975  0.530574  0.558968  0.652645  0.908156  0.740049  0.574792  0.639056  0.570676  0.680313  0.528191  0.382158  0.652235  0.613239  0.624249  0.661234  0.530951  0.631681  0.550272  0.552554  0.580178  0.732172  0.766928  0.690679  0.488941  0.423824  0.726318  0.767070  0.760637  0.440502  0.694144  0.647437  0.615892  0.511998  0.573753  0.634475  0.468940  0.733952  0.746675  0.655575  0.453903  0.665569  0.547212  0.459534  0.786429  0.835702  0.498755 
3  0.625640  0.700679  0.681948 0.0  0.656172  0.764227  0.788594  0.737583  0.771976  0.585133  0.720912  0.542096  0.739877  0.669167  0.684534  0.546004  0.630260  0.602964  0.695944  0.679236  0.758111  0.659466  0.664337  0.687200  0.676311  0.673596  0.479630  0.775380  0.541431  0.502729  0.737687  0.627915  0.722983  0.742597  0.678201  0.785171  0.722904  0.680426  0.662162  0.747975  0.614576  0.583700  0.674335  0.680533  0.728928  0.619002  0.605731  0.692868  0.621588  0.647556  0.701164  0.590881  0.611217  0.838412  0.548286  0.747598  0.729514  0.630395  0.564813  0.750247  0.723609 
4  0.401279  0.503799  0.485143  0.656172 0.0  0.565797  0.562213  0.486539  0.443217  0.702721  0.544776  0.499005  0.544232  0.625985  0.752364  0.413059  0.255304  0.528348  0.671025  0.595561  0.561033  0.632372  0.693464  0.377843  0.433974  0.431036  0.520448  0.413404  0.490581  0.507418  0.482304  0.598084  0.373132  0.552543  0.212636  0.432372  0.562710  0.563309  0.469956  0.471993  0.529567  0.729932  0.500618  0.431056  0.414502  0.598412  0.414058  0.361620  0.624562  0.506760  0.623218  0.484529  0.539457  0.612575  0.459574  0.354581  0.298124  0.369190  0.538875  0.569117  0.555200 
5  0.703593  0.560129  0.625267  0.764227  0.565797 0.0  0.563708  0.497712  0.726240  0.634950  0.589889  0.536749  0.614444  0.694746  0.748599  0.636766  0.494656  0.583260  0.591454  0.691533  0.476846  0.556569  0.672553  0.518732  0.509677  0.586054  0.501603  0.581676  0.624579  0.599382  0.633453  0.571679  0.499933  0.544589  0.550668  0.583292  0.622914  0.535876  0.638161  0.548502  0.638293  0.621896  0.598118  0.531928  0.669642  0.500989  0.602652  0.512952  0.633536  0.535373  0.606032  0.653976  0.488291  0.604304  0.416079  0.580939  0.508699  0.517135  0.614889  0.766068  0.646229 
6  0.460165  0.702470  0.877817  0.788594  0.562213  0.563708 0.0  0.467639  0.414187  0.497367  0.850374  0.683869  0.632288  0.324309  0.588983  0.852783  0.744278  0.542311  0.510113  0.494857  0.977753  0.650822  0.643962  0.772976  0.829776  0.596400  0.785252  0.646800  0.696560  0.977269  0.757504  0.507224  0.715641  0.793237  0.690258  0.501383  0.465271  0.791238  0.580334  0.773519  0.543321  0.635950  0.595095  0.697776  0.644548  0.857655  0.693964  0.706510  0.635513  0.446182  0.623115  0.505163  0.650509  0.533020  0.754273  0.689887  0.545013  0.831807  0.642846  0.374314  0.714414 
7  0.393837  0.683230  0.634984  0.737583  0.486539  0.497712  0.467639 0.0  0.354460  0.594180  0.534911  0.510207  0.247676  0.434012  0.576699  0.550005  0.527969  0.503972  0.592431  0.261620  0.840918  0.632437  0.650173  0.580622  0.538502  0.464012  0.638919  0.330983  0.657558  0.771278  0.720952  0.422572  0.519794  0.735312  0.495610  0.328699  0.361612  0.580884  0.542608  0.573935  0.361740  0.665696  0.359121  0.592775  0.383930  0.683901  0.268988  0.614300  0.611033  0.269936  0.592319  0.374073  0.494583  0.512240  0.604437  0.306328  0.443143  0.481584  0.783584  0.379020  0.720050 
8  0.307812  0.776672  0.761491  0.771976  0.443217  0.726240  0.414187  0.354460 0.0  0.576125  0.687945  0.611082  0.393014  0.377233  0.428896  0.562978  0.604974  0.487777  0.272485  0.289616  0.822787  0.724448  0.479289  0.614170  0.590727  0.595869  0.780725  0.523646  0.746088  0.705925  0.728252  0.581287  0.575223  0.732731  0.515308  0.407905  0.245140  0.700176  0.384781  0.713917  0.384186  0.588838  0.523181  0.765772  0.567671  0.595250  0.500019  0.620878  0.650997  0.276587  0.689637  0.337479  0.629620  0.404612  0.658472  0.410251  0.519521  0.549773  0.725389  0.158364  0.716813 
9  0.506781  0.775108  0.767335  0.585133  0.702721  0.634950  0.497367  0.594180  0.576125 0.0  0.612358  0.562261  0.550995  0.417329  0.521224  0.650451  0.769492  0.567106  0.566153  0.390321  0.629655  0.764897  0.672505  0.660894  0.830133  0.676833  0.712853  0.644779  0.677352  0.796421  0.782636  0.493044  0.652635  0.765557  0.634432  0.537675  0.463367  0.623800  0.579102  0.541461  0.444083  0.520437  0.638428  0.739728  0.685102  0.535218  0.556801  0.730841  0.694175  0.419889  0.656725  0.590772  0.546030  0.606377  0.652758  0.638178  0.749031  0.625549  0.621774  0.534918  0.645466 
10  0.539124  0.564053  0.454854  0.720912  0.544776  0.589889  0.850374  0.534911  0.687945  0.612358 0.0  0.502127  0.478434  0.765588  0.693526  0.631638  0.733385  0.526594  0.652792  0.595727  0.705810  0.555194  0.408827  0.707599  0.375262  0.313435  0.672801  0.747905  0.628735  0.633686  0.599818  0.549758  0.613996  0.696255  0.617599  0.648864  0.700125  0.604008  0.367232  0.331695  0.759129  0.642537  0.404389  0.508584  0.429766  0.708005  0.545550  0.709160  0.564648  0.557895  0.345822  0.598013  0.614230  0.456965  0.533945  0.437755  0.601724  0.583363  0.659096  0.832328  0.456541 
11  0.462294  0.550913  0.693551  0.542096  0.499005  0.536749  0.683869  0.510207  0.611082  0.562261  0.502127 0.0  0.327877  0.399227  0.562921  0.587403  0.643623  0.235758  0.727653  0.528415  0.868895  0.616010  0.697286  0.600689  0.525192  0.549063  0.561700  0.510261  0.586519  0.783005  0.710849  0.123360  0.435065  0.918662  0.566207  0.495553  0.639854  0.646400  0.714329  0.539794  0.439987  0.617226  0.439249  0.540526  0.640526  0.735299  0.602388  0.593269  0.752123  0.396078  0.542693  0.579377  0.160359  0.654853  0.552316  0.445717  0.698649  0.484149  0.735392  0.558948  0.762887 
12  0.475015  0.702661  0.808809  0.739877  0.544232  0.614444  0.632288  0.247676  0.393014  0.550995  0.478434  0.327877 0.0  0.475044  0.566719  0.440197  0.447176  0.417940  0.593404  0.291072  0.797941  0.733567  0.756050  0.553452  0.565096  0.603391  0.751038  0.402359  0.631159  0.818759  0.683838  0.274430  0.473626  0.860737  0.558082  0.412687  0.397882  0.735597  0.627838  0.564000  0.412651  0.535325  0.372210  0.660192  0.538911  0.585140  0.425052  0.492897  0.594335  0.206085  0.647813  0.454515  0.339221  0.599502  0.652782  0.332840  0.550967  0.427692  0.758639  0.376251  0.665582 
13  0.396172  0.765241  0.882572  0.669167  0.625985  0.694746  0.324309  0.434012  0.377233  0.417329  0.765588  0.399227  0.475044 0.0  0.555246  0.606054  0.542221  0.434405  0.447448  0.413939  0.812013  0.707523  0.620799  0.616812  0.552042  0.584201  0.778527  0.591330  0.632055  0.776817  0.665119  0.454662  0.651399  0.829359  0.551548  0.419165  0.379727  0.909861  0.583112  0.797864  0.419808  0.443208  0.429530  0.737934  0.663110  0.782130  0.652789  0.665137  0.780155  0.378899  0.516349  0.403651  0.397479  0.669172  0.566848  0.379985  0.565539  0.623639  0.614611  0.332224  0.947781 
14  0.574280  0.786655  0.841975  0.684534  0.752364  0.748599  0.588983  0.576699  0.428896  0.521224  0.693526  0.562921  0.566719  0.555246 0.0  0.612675  0.711985  0.658158  0.223139  0.414712  0.896224  0.755629  0.576607  0.751918  0.535101  0.720883  0.924935  0.608110  0.600373  0.878451  0.855082  0.602358  0.635953  0.859416  0.762579  0.563365  0.567716  0.866664  0.584371  0.757667  0.452872  0.662309  0.580638  0.695319  0.682138  0.566667  0.652585  0.689258  0.677421  0.441467  0.681513  0.487774  0.638869  0.563527  0.750130  0.563279  0.883720  0.697660  0.694358  0.364076  0.732706 
15  0.569329  0.513052  0.530574  0.546004  0.413059  0.636766  0.852783  0.550005  0.562978  0.650451  0.631638  0.587403  0.440197  0.606054  0.612675 0.0  0.360668  0.548401  0.662600  0.483109  0.654416  0.534220  0.588828  0.458188  0.625591  0.711491  0.627239  0.453695  0.594206  0.656013  0.596880  0.552130  0.415107  0.800900  0.394835  0.536889  0.564390  0.553907  0.756720  0.491941  0.562021  0.619070  0.532401  0.571975  0.555706  0.517498  0.609171  0.391260  0.738339  0.521830  0.669509  0.566778  0.546944  0.691851  0.482137  0.568493  0.381617  0.462388  0.608209  0.556298  0.616412 
16  0.422892  0.541978  0.558968  0.630260  0.255304  0.494656  0.744278  0.527969  0.604974  0.769492  0.733385  0.643623  0.447176  0.542221  0.711985  0.360668 0.0  0.568070  0.742264  0.507294  0.648309  0.583130  0.767138  0.316886  0.576440  0.430391  0.448105  0.607928  0.577285  0.541239  0.446205  0.667473  0.423697  0.650610  0.192732  0.357327  0.567553  0.521345  0.743965  0.556115  0.508703  0.726107  0.442441  0.446475  0.433322  0.450922  0.453173  0.265361  0.601953  0.597592  0.603494  0.451810  0.654472  0.721028  0.502380  0.349660  0.241206  0.480452  0.659916  0.591878  0.814032 
17  0.391728  0.469404  0.652645  0.602964  0.528348  0.583260  0.542311  0.503972  0.487777  0.567106  0.526594  0.235758  0.417940  0.434405  0.658158  0.548401  0.568070 0.0  0.684351  0.450535  0.809990  0.728514  0.659425  0.544639  0.589030  0.511909  0.512777  0.642513  0.699066  0.545541  0.540937  0.215947  0.562233  0.613602  0.661338  0.464358  0.504046  0.607466  0.581372  0.565386  0.441568  0.588381  0.432170  0.556610  0.472026  0.788550  0.564063  0.542841  0.570263  0.488571  0.783141  0.479455  0.286144  0.591693  0.513259  0.369469  0.607661  0.412117  0.697619  0.558220  0.682168 
18  0.436687  0.924448  0.908156  0.695944  0.671025  0.591454  0.510113  0.592431  0.272485  0.566153  0.652792  0.727653  0.593404  0.447448  0.223139  0.662600  0.742264  0.684351 0.0  0.509430  0.795934  0.776719  0.617171  0.654762  0.568212  0.774525  0.939709  0.540522  0.678970  0.944959  0.808422  0.704137  0.705801  0.734620  0.630106  0.458670  0.437386  0.792347  0.584871  0.804516  0.474776  0.618056  0.591527  0.720960  0.665597  0.614399  0.564086  0.865004  0.701646  0.441191  0.651878  0.410281  0.718971  0.634502  0.750770  0.611987  0.661627  0.704176  0.654089  0.269871  0.861932 
19  0.289298  0.614917  0.740049  0.679236  0.595561  0.691533  0.494857  0.261620  0.289616  0.390321  0.595727  0.528415  0.291072  0.413939  0.414712  0.483109  0.507294  0.450535  0.509430 0.0  0.769768  0.719772  0.579195  0.567918  0.713415  0.631708  0.873886  0.466139  0.718423  0.791326  0.830386  0.520005  0.463117  0.626489  0.576481  0.351171  0.255360  0.786263  0.437468  0.537611  0.261158  0.487040  0.479003  0.666377  0.634032  0.665799  0.440962  0.491151  0.618578  0.143766  0.619443  0.374551  0.431903  0.494146  0.564825  0.459552  0.592039  0.656126  0.657466  0.333962  0.522685 
20  0.881480  0.670805  0.574792  0.758111  0.561033  0.476846  0.977753  0.840918  0.822787  0.629655  0.705810  0.868895  0.797941  0.812013  0.896224  0.654416  0.648309  0.809990  0.795934  0.769768 0.0  0.576389  0.735322  0.659840  0.665602  0.581674  0.632447  0.578487  0.643306  0.595809  0.382477  0.836299  0.547880  0.502367  0.568676  0.839595  0.707804  0.569082  0.735962  0.485828  0.907531  0.773071  0.880129  0.632625  0.633225  0.641402  0.694501  0.556098  0.622837  0.832857  0.588029  0.764234  0.764119  0.698257  0.463137  0.805079  0.611178  0.774980  0.635586  0.894531  0.594144 
21  0.660195  0.466964  0.639056  0.659466  0.632372  0.556569  0.650822  0.632437  0.724448  0.764897  0.555194  0.616010  0.733567  0.707523  0.755629  0.534220  0.583130  0.728514  0.776719  0.719772  0.576389 0.0  0.736566  0.638495  0.597769  0.636572  0.561870  0.726329  0.661588  0.624976  0.403583  0.642586  0.581255  0.738731  0.642699  0.607581  0.755138  0.571198  0.714888  0.608382  0.762675  0.775485  0.574862  0.640149  0.708632  0.649023  0.546685  0.625597  0.601476  0.793755  0.637488  0.670306  0.637235  0.687795  0.538579  0.608093  0.609223  0.689459  0.721286  0.735429  0.657437 
22  0.526960  0.633882  0.570676  0.664337  0.693464  0.672553  0.643962  0.650173  0.479289  0.672505  0.408827  0.697286  0.756050  0.620799  0.576607  0.588828  0.767138  0.659425  0.617171  0.579195  0.735322  0.736566 0.0  0.767407  0.520691  0.459256  0.806417  0.796363  0.581401  0.787484  0.645734  0.752251  0.777778  0.697812  0.770744  0.744696  0.509498  0.737295  0.239571  0.513138  0.545656  0.548822  0.729221  0.657485  0.619524  0.636614  0.764429  0.806687  0.865162  0.536731  0.521593  0.553869  0.763364  0.275972  0.613731  0.699498  0.687507  0.681073  0.763388  0.522489  0.505312 
23  0.512921  0.429199  0.680313  0.687200  0.377843  0.518732  0.772976  0.580622  0.614170  0.660894  0.707599  0.600689  0.553452  0.616812  0.751918  0.458188  0.316886  0.544639  0.654762  0.567918  0.659840  0.638495  0.767407 0.0  0.686544  0.555292  0.548198  0.568569  0.587663  0.549007  0.521309  0.668890  0.301786  0.596270  0.313033  0.461869  0.629932  0.606839  0.718377  0.450292  0.657471  0.681335  0.513844  0.477280  0.446992  0.540856  0.419044  0.404237  0.524277  0.570826  0.631098  0.565250  0.653595  0.620753  0.458061  0.425675  0.401216  0.353959  0.699878  0.655335  0.577402 
24  0.605043  0.665277  0.528191  0.676311  0.433974  0.509677  0.829776  0.538502  0.590727  0.830133  0.375262  0.525192  0.565096  0.552042  0.535101  0.625591  0.576440  0.589030  0.568212  0.713415  0.665602  0.597769  0.520691  0.686544 0.0  0.285831  0.791849  0.710325  0.621776  0.705339  0.499748  0.567811  0.456639  0.701345  0.626753  0.438194  0.674300  0.713852  0.359234  0.421053  0.692224  0.629353  0.448430  0.531832  0.595403  0.850543  0.536320  0.756096  0.588711  0.737613  0.459979  0.557769  0.549976  0.386295  0.552464  0.412158  0.618999  0.568272  0.694910  0.631645  0.556738 
25  0.520266  0.488354  0.382158  0.673596  0.431036  0.586054  0.596400  0.464012  0.595869  0.676833  0.313435  0.549063  0.603391  0.584201  0.720883  0.711491  0.430391  0.511909  0.774525  0.631708  0.581674  0.636572  0.459256  0.555292  0.285831 0.0  0.571676  0.574429  0.631878  0.562598  0.538963  0.606088  0.511064  0.548155  0.501457  0.402227  0.530891  0.643914  0.371263  0.306211  0.538442  0.665959  0.454614  0.540515  0.464950  0.839386  0.545327  0.545688  0.584587  0.628028  0.419485  0.523272  0.517856  0.407828  0.459940  0.420992  0.509420  0.613106  0.789091  0.608338  0.616371 
26  0.735356  0.708193  0.652235  0.479630  0.520448  0.501603  0.785252  0.638919  0.780725  0.712853  0.672801  0.561700  0.751038  0.778527  0.924935  0.627239  0.448105  0.512777  0.939709  0.873886  0.632447  0.561870  0.806417  0.548198  0.791849  0.571676 0.0  0.646662  0.583292  0.271072  0.381687  0.688342  0.445416  0.575924  0.526993  0.643824  0.867084  0.667546  0.782472  0.542790  0.773495  0.498391  0.619673  0.456946  0.522266  0.657794  0.515788  0.490630  0.646766  0.763501  0.727451  0.589801  0.689876  0.784346  0.480832  0.510147  0.570725  0.654078  0.676651  0.876124  0.625876 
27  0.524819  0.651063  0.613239  0.775380  0.413404  0.581676  0.646800  0.330983  0.523646  0.644779  0.747905  0.510261  0.402359  0.591330  0.608110  0.453695  0.607928  0.642513  0.540522  0.466139  0.578487  0.726329  0.796363  0.568569  0.710325  0.574429  0.646662 0.0  0.497297  0.703018  0.733023  0.625741  0.561649  0.699235  0.504273  0.455681  0.372976  0.594078  0.678657  0.596480  0.549091  0.662593  0.476384  0.618815  0.474287  0.632010  0.387580  0.664148  0.489916  0.472018  0.636049  0.505811  0.617359  0.639072  0.618291  0.385704  0.545223  0.638934  0.696762  0.505876  0.735046 
28  0.660000  0.587236  0.624249  0.541431  0.490581  0.624579  0.696560  0.657558  0.746088  0.677352  0.628735  0.586519  0.631159  0.632055  0.600373  0.594206  0.577285  0.699066  0.678970  0.718423  0.643306  0.661588  0.581401  0.587663  0.621776  0.631878  0.583292  0.497297 0.0  0.652422  0.621361  0.571302  0.582652  0.531576  0.693499  0.502735  0.668137  0.672684  0.627810  0.569326  0.572356  0.769801  0.671795  0.569900  0.510945  0.604684  0.591579  0.492740  0.538378  0.636882  0.643307  0.598429  0.733527  0.747662  0.622378  0.554079  0.625852  0.647148  0.757642  0.597812  0.693485 
29  0.789072  0.575183  0.661234  0.502729  0.507418  0.599382  0.977269  0.771278  0.705925  0.796421  0.633686  0.783005  0.818759  0.776817  0.878451  0.656013  0.541239  0.545541  0.944959  0.791326  0.595809  0.624976  0.787484  0.549007  0.705339  0.562598  0.271072  0.703018  0.652422 0.0  0.498203  0.729222  0.545885  0.677483  0.534591  0.709264  0.749331  0.670021  0.715626  0.559642  1.000000  0.580360  0.693924  0.496036  0.654062  0.693719  0.513070  0.500498  0.557133  0.954743  0.832106  0.621609  0.741722  0.792055  0.455881  0.601011  0.561636  0.601136  0.648541  0.785757  0.584219 
30  0.623847  0.509012  0.530951  0.737687  0.482304  0.633453  0.757504  0.720952  0.728252  0.782636  0.599818  0.710849  0.683838  0.665119  0.855082  0.596880  0.446205  0.540937  0.808422  0.830386  0.382477  0.403583  0.645734  0.521309  0.499748  0.538963  0.381687  0.733023  0.621361  0.498203 0.0  0.559337  0.496919  0.373688  0.459507  0.665712  0.666614  0.620951  0.636650  0.392137  0.796281  0.794761  0.610885  0.520969  0.636954  0.722581  0.707149  0.587869  0.610930  0.763844  0.652670  0.819245  0.653807  0.755629  0.475996  0.651352  0.540665  0.547547  0.867611  0.800836  0.527216 
31  0.455461  0.590847  0.631681  0.627915  0.598084  0.571679  0.507224  0.422572  0.581287  0.493044  0.549758  0.123360  0.274430  0.454662  0.602358  0.552130  0.667473  0.215947  0.704137  0.520005  0.836299  0.642586  0.752251  0.668890  0.567811  0.606088  0.688342  0.625741  0.571302  0.729222  0.559337 0.0  0.592046  0.675996  0.655293  0.467742  0.452621  0.639004  0.714767  0.513991  0.441800  0.634233  0.414254  0.588863  0.563350  0.805462  0.460869  0.611599  0.651206  0.403419  0.696810  0.551344  0.195287  0.727026  0.656865  0.473419  0.743671  0.476633  0.738234  0.635475  0.822674 
32  0.585950  0.485930  0.550272  0.722983  0.373132  0.499933  0.715641  0.519794  0.575223  0.652635  0.613996  0.435065  0.473626  0.651399  0.635953  0.415107  0.423697  0.562233  0.705801  0.463117  0.547880  0.581255  0.777778  0.301786  0.456639  0.511064  0.445416  0.561649  0.582652  0.545885  0.496919  0.592046 0.0  0.696459  0.372310  0.439033  0.564998  0.581485  0.754463  0.538460  0.509328  0.742191  0.458621  0.456986  0.428090  0.463808  0.463266  0.330924  0.681098  0.463614  0.573170  0.482399  0.533826  0.555822  0.480543  0.396726  0.428355  0.397232  0.687463  0.611461  0.636175 
33  0.720379  0.634290  0.552554  0.742597  0.552543  0.544589  0.793237  0.735312  0.732731  0.765557  0.696255  0.918662  0.860737  0.829359  0.859416  0.800900  0.650610  0.613602  0.734620  0.626489  0.502367  0.738731  0.697812  0.596270  0.701345  0.548155  0.575924  0.699235  0.531576  0.677483  0.373688  0.675996  0.696459 0.0  0.606735  0.666004  0.694675  0.679646  0.624322  0.677178  0.682826  0.663396  0.764120  0.539953  0.776810  0.883883  0.646153  0.697822  0.556510  0.917529  0.586316  0.664522  0.694161  0.693185  0.571650  0.707901  0.650422  0.688766  0.777649  0.766184  0.548865 
34  0.456205  0.530421  0.580178  0.678201  0.212636  0.550668  0.690258  0.495610  0.515308  0.634432  0.617599  0.566207  0.558082  0.551548  0.762579  0.394835  0.192732  0.661338  0.630106  0.576481  0.568676  0.642699  0.770744  0.313033  0.626753  0.501457  0.526993  0.504273  0.693499  0.534591  0.459507  0.655293  0.372310  0.606735 0.0  0.402191  0.459788  0.559678  0.706461  0.517027  0.622575  0.756902  0.473298  0.423915  0.427607  0.532822  0.364454  0.385139  0.590800  0.581004  0.707378  0.410335  0.604285  0.626758  0.436094  0.430225  0.304535  0.472897  0.694551  0.545518  0.699372 
35  0.292395  0.568628  0.732172  0.785171  0.432372  0.583292  0.501383  0.328699  0.407905  0.537675  0.648864  0.495553  0.412687  0.419165  0.563365  0.536889  0.357327  0.464358  0.458670  0.351171  0.839595  0.607581  0.744696  0.461869  0.438194  0.402227  0.643824  0.455681  0.502735  0.709264  0.665712  0.467742  0.439033  0.666004  0.402191 0.0  0.355542  0.735434  0.471314  0.536803  0.344551  0.611467  0.284526  0.539808  0.410898  0.619684  0.387733  0.577882  0.522768  0.371262  0.590225  0.335559  0.552140  0.472934  0.579728  0.258563  0.527598  0.485970  0.648279  0.342114  0.622939 
36  0.300028  0.608559  0.766928  0.722904  0.562710  0.622914  0.465271  0.361612  0.245140  0.463367  0.700125  0.639854  0.397882  0.379727  0.567716  0.564390  0.567553  0.504046  0.437386  0.255360  0.707804  0.755138  0.509498  0.629932  0.674300  0.530891  0.867084  0.372976  0.668137  0.749331  0.666614  0.452621  0.564998  0.694675  0.459788  0.355542 0.0  0.688522  0.500931  0.824269  0.415704  0.513139  0.493447  0.642373  0.606470  0.572424  0.415167  0.616405  0.709926  0.260994  0.596688  0.285276  0.561820  0.516729  0.640669  0.414004  0.544763  0.515321  0.729182  0.295651  0.670430 
37  0.725973  0.379829  0.690679  0.680426  0.563309  0.535876  0.791238  0.580884  0.700176  0.623800  0.604008  0.646400  0.735597  0.909861  0.866664  0.553907  0.521345  0.607466  0.792347  0.786263  0.569082  0.571198  0.737295  0.606839  0.713852  0.643914  0.667546  0.594078  0.672684  0.670021  0.620951  0.639004  0.581485  0.679646  0.559678  0.735434  0.688522 0.0  0.723665  0.612725  0.760289  0.652513  0.768748  0.591047  0.684128  0.641939  0.649230  0.541745  0.582071  0.734070  0.673393  0.644909  0.660770  0.678802  0.436675  0.572659  0.628185  0.683736  0.666833  0.913658  0.579017 
38  0.466385  0.686942  0.488941  0.662162  0.469956  0.638161  0.580334  0.542608  0.384781  0.579102  0.367232  0.714329  0.627838  0.583112  0.584371  0.756720  0.743965  0.581372  0.584871  0.437468  0.735962  0.714888  0.239571  0.718377  0.359234  0.371263  0.782472  0.678657  0.627810  0.715626  0.636650  0.714767  0.754463  0.624322  0.706461  0.471314  0.500931  0.723665 0.0  0.477282  0.643645  0.565161  0.574871  0.634620  0.688524  0.892814  0.606146  0.703840  0.733120  0.496869  0.566796  0.489489  0.728173  0.160107  0.582003  0.461316  0.561139  0.798303  0.687622  0.544634  0.417625 
39  0.621795  0.390530  0.423824  0.747975  0.471993  0.548502  0.773519  0.573935  0.713917  0.541461  0.331695  0.539794  0.564000  0.797864  0.757667  0.491941  0.556115  0.565386  0.804516  0.537611  0.485828  0.608382  0.513138  0.450292  0.421053  0.306211  0.542790  0.596480  0.569326  0.559642  0.392137  0.513991  0.538460  0.677178  0.517027  0.536803  0.824269  0.612725  0.477282 0.0  0.571018  0.654837  0.540454  0.483579  0.655819  0.629131  0.634863  0.425034  0.560665  0.601661  0.517624  0.575379  0.603036  0.507187  0.468026  0.469628  0.525166  0.550064  0.597743  0.756188  0.310274 
40  0.266687  0.560495  0.726318  0.614576  0.529567  0.638293  0.543321  0.361740  0.384186  0.444083  0.759129  0.439987  0.412651  0.419808  0.452872  0.562021  0.508703  0.441568  0.474776  0.261158  0.907531  0.762675  0.545656  0.657471  0.692224  0.538442  0.773495  0.549091  0.572356  1.000000  0.796281  0.441800  0.509328  0.682826  0.622575  0.344551  0.415704  0.760289  0.643645  0.571018 0.0  0.496845  0.413639  0.682275  0.596639  0.660853  0.505525  0.656630  0.588825  0.254302  0.627892  0.351966  0.514002  0.600181  0.677251  0.380291  0.778383  0.528124  0.660193  0.458741  0.566996 
41  0.585249  0.633873  0.767070  0.583700  0.729932  0.621896  0.635950  0.665696  0.588838  0.520437  0.642537  0.617226  0.535325  0.443208  0.662309  0.619070  0.726107  0.588381  0.618056  0.487040  0.773071  0.775485  0.548822  0.681335  0.629353  0.665959  0.498391  0.662593  0.769801  0.580360  0.794761  0.634233  0.742191  0.663396  0.756902  0.611467  0.513139  0.652513  0.565161  0.654837  0.496845 0.0  0.566778  0.742703  0.630432  0.614977  0.742985  0.697304  0.663554  0.557866  0.694890  0.641193  0.588627  0.648206  0.569469  0.586842  0.725661  0.670050  0.467638  0.553150  0.595164 
42  0.356272  0.649391  0.760637  0.674335  0.500618  0.598118  0.595095  0.359121  0.523181  0.638428  0.404389  0.439249  0.372210  0.429530  0.580638  0.532401  0.442441  0.432170  0.591527  0.479003  0.880129  0.574862  0.729221  0.513844  0.448430  0.454614  0.619673  0.476384  0.671795  0.693924  0.610885  0.414254  0.458621  0.764120  0.473298  0.284526  0.493447  0.768748  0.574871  0.540454  0.413639  0.566778 0.0  0.583410  0.349734  0.666162  0.344591  0.605465  0.613102  0.411641  0.709458  0.395627  0.496446  0.486546  0.658956  0.232103  0.571968  0.528235  0.647715  0.477155  0.689133 
43  0.660987  0.467738  0.440502  0.680533  0.431056  0.531928  0.697776  0.592775  0.765772  0.739728  0.508584  0.540526  0.660192  0.737934  0.695319  0.571975  0.446475  0.556610  0.720960  0.666377  0.632625  0.640149  0.657485  0.477280  0.531832  0.540515  0.456946  0.618815  0.569900  0.496036  0.520969  0.588863  0.456986  0.539953  0.423915  0.539808  0.642373  0.591047  0.634620  0.483579  0.682275  0.742703  0.583410 0.0  0.548102  0.603150  0.614596  0.435015  0.532541  0.667024  0.594999  0.639569  0.547094  0.731673  0.559247  0.483719  0.542101  0.456528  0.684453  0.665188  0.639356 
44  0.441664  0.614604  0.694144  0.728928  0.414502  0.669642  0.644548  0.383930  0.567671  0.685102  0.429766  0.640526  0.538911  0.663110  0.682138  0.555706  0.433322  0.472026  0.665597  0.634032  0.633225  0.708632  0.619524  0.446992  0.595403  0.464950  0.522266  0.474287  0.510945  0.654062  0.636954  0.563350  0.428090  0.776810  0.427607  0.410898  0.606470  0.684128  0.688524  0.655819  0.596639  0.630432  0.349734  0.548102 0.0  0.507421  0.387222  0.537027  0.561574  0.484134  0.557097  0.476570  0.615832  0.578162  0.682418  0.352834  0.481681  0.529865  0.625618  0.655943  0.760645 
45  0.631946  0.645643  0.647437  0.619002  0.598412  0.500989  0.857655  0.683901  0.595250  0.535218  0.708005  0.735299  0.585140  0.782130  0.566667  0.517498  0.450922  0.788550  0.614399  0.665799  0.641402  0.649023  0.636614  0.540856  0.850543  0.839386  0.657794  0.632010  0.604684  0.693719  0.722581  0.805462  0.463808  0.883883  0.532822  0.619684  0.572424  0.641939  0.892814  0.629131  0.660853  0.614977  0.666162  0.603150  0.507421 0.0  0.648678  0.491066  0.600060  0.664058  0.653358  0.524503  0.715520  0.841756  0.566618  0.698010  0.530944  0.572886  0.790109  0.619924  0.542083 
46  0.343582  0.522366  0.615892  0.605731  0.414058  0.602652  0.693964  0.268988  0.500019  0.556801  0.545550  0.602388  0.425052  0.652789  0.652585  0.609171  0.453173  0.564063  0.564086  0.440962  0.694501  0.546685  0.764429  0.419044  0.536320  0.545327  0.515788  0.387580  0.591579  0.513070  0.707149  0.460869  0.463266  0.646153  0.364454  0.387733  0.415167  0.649230  0.606146  0.634863  0.505525  0.742985  0.344591  0.614596  0.387222  0.648678 0.0  0.465550  0.673406  0.455659  0.684561  0.422250  0.539972  0.522598  0.612353  0.369353  0.432546  0.415837  0.741333  0.578730  0.753997 
47  0.518861  0.489360  0.511998  0.692868  0.361620  0.512952  0.706510  0.614300  0.620878  0.730841  0.709160  0.593269  0.492897  0.665137  0.689258  0.391260  0.265361  0.542841  0.865004  0.491151  0.556098  0.625597  0.806687  0.404237  0.756096  0.545688  0.490630  0.664148  0.492740  0.500498  0.587869  0.611599  0.330924  0.697822  0.385139  0.577882  0.616405  0.541745  0.703840  0.425034  0.656630  0.697304  0.605465  0.435015  0.537027  0.491066  0.465550 0.0  0.591153  0.640925  0.663344  0.533123  0.641940  0.792163  0.407475  0.403531  0.409069  0.307466  0.629955  0.742336  0.625507 
48  0.615262  0.552162  0.573753  0.621588  0.624562  0.633536  0.635513  0.611033  0.650997  0.694175  0.564648  0.752123  0.594335  0.780155  0.677421  0.738339  0.601953  0.570263  0.701646  0.618578  0.622837  0.601476  0.865162  0.524277  0.588711  0.584587  0.646766  0.489916  0.538378  0.557133  0.610930  0.651206  0.681098  0.556510  0.590800  0.522768  0.709926  0.582071  0.733120  0.560665  0.588825  0.663554  0.613102  0.532541  0.561574  0.600060  0.673406  0.591153 0.0  0.770038  0.627966  0.541099  0.586749  0.796826  0.569963  0.563874  0.674847  0.511110  0.643606  0.763124  0.659317 
49  0.324548  0.739078  0.634475  0.647556  0.506760  0.535373  0.446182  0.269936  0.276587  0.419889  0.557895  0.396078  0.206085  0.378899  0.441467  0.521830  0.597592  0.488571  0.441191  0.143766  0.832857  0.793755  0.536731  0.570826  0.737613  0.628028  0.763501  0.472018  0.636882  0.954743  0.763844  0.403419  0.463614  0.917529  0.581004  0.371262  0.260994  0.734070  0.496869  0.601661  0.254302  0.557866  0.411641  0.667024  0.484134  0.664058  0.455659  0.640925  0.770038 0.0  0.666906  0.392723  0.440581  0.515872  0.591037  0.383407  0.507903  0.500028  0.585454  0.273889  0.643431 
50  0.551007  0.715639  0.468940  0.701164  0.623218  0.606032  0.623115  0.592319  0.689637  0.656725  0.345822  0.542693  0.647813  0.516349  0.681513  0.669509  0.603494  0.783141  0.651878  0.619443  0.588029  0.637488  0.521593  0.631098  0.459979  0.419485  0.727451  0.636049  0.643307  0.832106  0.652670  0.696810  0.573170  0.586316  0.707378  0.590225  0.596688  0.673393  0.566796  0.517624  0.627892  0.694890  0.709458  0.594999  0.557097  0.653358  0.684561  0.663344  0.627966  0.666906 0.0  0.714746  0.626606  0.458597  0.664322  0.618707  0.646285  0.588476  0.739370  0.703177  0.582185 
51  0.264798  0.523928  0.733952  0.590881  0.484529  0.653976  0.505163  0.374073  0.337479  0.590772  0.598013  0.579377  0.454515  0.403651  0.487774  0.566778  0.451810  0.479455  0.410281  0.374551  0.764234  0.670306  0.553869  0.565250  0.557769  0.523272  0.589801  0.505811  0.598429  0.621609  0.819245  0.551344  0.482399  0.664522  0.410335  0.335559  0.285276  0.644909  0.489489  0.575379  0.351966  0.641193  0.395627  0.639569  0.476570  0.524503  0.422250  0.533123  0.541099  0.392723  0.714746 0.0  0.628816  0.535321  0.493223  0.300745  0.456225  0.490343  0.656238  0.310413  0.719462 
52  0.560292  0.530357  0.746675  0.611217  0.539457  0.488291  0.650509  0.494583  0.629620  0.546030  0.614230  0.160359  0.339221  0.397479  0.638869  0.546944  0.654472  0.286144  0.718971  0.431903  0.764119  0.637235  0.763364  0.653595  0.549976  0.517856  0.689876  0.617359  0.733527  0.741722  0.653807  0.195287  0.533826  0.694161  0.604285  0.552140  0.561820  0.660770  0.728173  0.603036  0.514002  0.588627  0.496446  0.547094  0.615832  0.715520  0.539972  0.641940  0.586749  0.440581  0.626606  0.628816 0.0  0.655821  0.509229  0.458954  0.623284  0.488467  0.583510  0.579771  0.808682 
53  0.471490  0.739682  0.655575  0.838412  0.612575  0.604304  0.533020  0.512240  0.404612  0.606377  0.456965  0.654853  0.599502  0.669172  0.563527  0.691851  0.721028  0.591693  0.634502  0.494146  0.698257  0.687795  0.275972  0.620753  0.386295  0.407828  0.784346  0.639072  0.747662  0.792055  0.755629  0.727026  0.555822  0.693185  0.626758  0.472934  0.516729  0.678802  0.160107  0.507187  0.600181  0.648206  0.486546  0.731673  0.578162  0.841756  0.522598  0.792163  0.796826  0.515872  0.458597  0.535321  0.655821 0.0  0.592225  0.530239  0.689416  0.757879  0.658591  0.492959  0.538777 
54  0.604178  0.525773  0.453903  0.548286  0.459574  0.416079  0.754273  0.604437  0.658472  0.652758  0.533945  0.552316  0.652782  0.566848  0.750130  0.482137  0.502380  0.513259  0.750770  0.564825  0.463137  0.538579  0.613731  0.458061  0.552464  0.459940  0.480832  0.618291  0.622378  0.455881  0.475996  0.656865  0.480543  0.571650  0.436094  0.579728  0.640669  0.436675  0.582003  0.468026  0.677251  0.569469  0.658956  0.559247  0.682418  0.566618  0.612353  0.407475  0.569963  0.591037  0.664322  0.493223  0.509229  0.592225 0.0  0.518154  0.456092  0.514895  0.656854  0.784507  0.456407 
55  0.299998  0.612584  0.665569  0.747598  0.354581  0.580939  0.689887  0.306328  0.410251  0.638178  0.437755  0.445717  0.332840  0.379985  0.563279  0.568493  0.349660  0.369469  0.611987  0.459552  0.805079  0.608093  0.699498  0.425675  0.412158  0.420992  0.510147  0.385704  0.554079  0.601011  0.651352  0.473419  0.396726  0.707901  0.430225  0.258563  0.414004  0.572659  0.461316  0.469628  0.380291  0.586842  0.232103  0.483719  0.352834  0.698010  0.369353  0.403531  0.563874  0.383407  0.618707  0.300745  0.458954  0.530239  0.518154 0.0  0.485745  0.467008  0.684536  0.427213  0.818763 
56  0.519381  0.546720  0.547212  0.729514  0.298124  0.508699  0.545013  0.443143  0.519521  0.749031  0.601724  0.698649  0.550967  0.565539  0.883720  0.381617  0.241206  0.607661  0.661627  0.592039  0.611178  0.609223  0.687507  0.401216  0.618999  0.509420  0.570725  0.545223  0.625852  0.561636  0.540665  0.743671  0.428355  0.650422  0.304535  0.527598  0.544763  0.628185  0.561139  0.525166  0.778383  0.725661  0.571968  0.542101  0.481681  0.530944  0.432546  0.409069  0.674847  0.507903  0.646285  0.456225  0.623284  0.689416  0.456092  0.485745 0.0  0.496808  0.634961  0.548301  0.725709 
57  0.508459  0.519757  0.459534  0.630395  0.369190  0.517135  0.831807  0.481584  0.549773  0.625549  0.583363  0.484149  0.427692  0.623639  0.697660  0.462388  0.480452  0.412117  0.704176  0.656126  0.774980  0.689459  0.681073  0.353959  0.568272  0.613106  0.654078  0.638934  0.647148  0.601136  0.547547  0.476633  0.397232  0.688766  0.472897  0.485970  0.515321  0.683736  0.798303  0.550064  0.528124  0.670050  0.528235  0.456528  0.529865  0.572886  0.415837  0.307466  0.511110  0.500028  0.588476  0.490343  0.488467  0.757879  0.514895  0.467008  0.496808 0.0  0.602982  0.589813  0.704040 
58  0.700468  0.726020  0.786429  0.564813  0.538875  0.614889  0.642846  0.783584  0.725389  0.621774  0.659096  0.735392  0.758639  0.614611  0.694358  0.608209  0.659916  0.697619  0.654089  0.657466  0.635586  0.721286  0.763388  0.699878  0.694910  0.789091  0.676651  0.696762  0.757642  0.648541  0.867611  0.738234  0.687463  0.777649  0.694551  0.648279  0.729182  0.666833  0.687622  0.597743  0.660193  0.467638  0.647715  0.684453  0.625618  0.790109  0.741333  0.629955  0.643606  0.585454  0.739370  0.656238  0.583510  0.658591  0.656854  0.684536  0.634961  0.602982 0.0  0.671630  0.663731 
59  0.318719  0.733694  0.835702  0.750247  0.569117  0.766068  0.374314  0.379020  0.158364  0.534918  0.832328  0.558948  0.376251  0.332224  0.364076  0.556298  0.591878  0.558220  0.269871  0.333962  0.894531  0.735429  0.522489  0.655335  0.631645  0.608338  0.876124  0.505876  0.597812  0.785757  0.800836  0.635475  0.611461  0.766184  0.545518  0.342114  0.295651  0.913658  0.544634  0.756188  0.458741  0.553150  0.477155  0.665188  0.655943  0.619924  0.578730  0.742336  0.763124  0.273889  0.703177  0.310413  0.579771  0.492959  0.784507  0.427213  0.548301  0.589813  0.671630 0.0  0.785534 
60  0.575881  0.568820  0.498755  0.723609  0.555200  0.646229  0.714414  0.720050  0.716813  0.645466  0.456541  0.762887  0.665582  0.947781  0.732706  0.616412  0.814032  0.682168  0.861932  0.522685  0.594144  0.657437  0.505312  0.577402  0.556738  0.616371  0.625876  0.735046  0.693485  0.584219  0.527216  0.822674  0.636175  0.548865  0.699372  0.622939  0.670430  0.579017  0.417625  0.310274  0.566996  0.595164  0.689133  0.639356  0.760645  0.542083  0.753997  0.625507  0.659317  0.643431  0.582185  0.719462  0.808682  0.538777  0.456407  0.818763  0.725709  0.704040  0.663731  0.785534 0.0 
