61
0 0.0  0.576239  0.555630  0.637302  0.394353  0.661850  0.553994  0.297841  0.386128  0.629842  0.567645  0.467825  0.490724  0.457662  0.546160  0.535728  0.502859  0.459996  0.369231  0.316070  0.834541  0.724310  0.523317  0.436425  0.600838  0.373883  0.579198  0.638207  0.611863  0.854942  0.661303  0.356236  0.457070  0.626105  0.462616  0.271975  0.271364  0.732709  0.499062  0.495367  0.250914  0.568713  0.319089  0.680680  0.421158  0.653477  0.408988  0.586865  0.684410  0.329337  0.584684  0.320878  0.475294  0.518634  0.669719  0.402111  0.587671  0.495959  0.680978  0.270228  0.680746 
1  0.576239 0.0  0.637406  0.702111  0.564027  0.548911  0.714672  0.649598  0.637275  0.601744  0.552431  0.546012  0.749568  0.770053  0.915076  0.502496  0.569482  0.548145  0.763838  0.549311  0.732817  0.581538  0.558442  0.539254  0.619932  0.511808  0.615122  0.704264  0.609171  0.632481  0.526576  0.564399  0.466717  0.786132  0.614229  0.674841  0.674221  0.519574  0.640563  0.501191  0.648924  0.610545  0.545414  0.466888  0.648100  0.600195  0.488837  0.530180  0.464190  0.573971  0.614189  0.517638  0.539168  0.771800  0.455493  0.669291  0.486874  0.562625  0.730860  0.653492  0.568989 
2  0.555630  0.637406 0.0  0.656029  0.655667  0.629019  0.904518  0.665972  0.678890  0.742754  0.471965  0.672773  0.758413  0.942955  0.825682  0.591735  0.530218  0.767080  0.813525  0.772908  0.658432  0.643579  0.678688  0.614814  0.525747  0.418298  0.567322  0.677087  0.589627  0.690469  0.352941  0.838535  0.593116  0.519206  0.669977  0.763578  0.710312  0.664145  0.533074  0.456418  0.681488  0.672806  0.694358  0.471991  0.619747  0.586973  0.631059  0.500688  0.492873  0.650137  0.412429  0.686970  0.657153  0.575542  0.443259  0.611437  0.589007  0.521639  0.725133  0.708253  0.542105 
3  0.637302  0.702111  0.656029 0.0  0.597592  0.554956  0.690947  0.667422  0.755275  0.579206  0.700655  0.683746  0.633805  0.662861  0.692698  0.686903  0.648552  0.710693  0.791818  0.819746  0.620324  0.707684  0.794380  0.670174  0.785713  0.836689  0.514501  0.664603  0.514541  0.546845  0.773431  0.725902  0.615637  0.582620  0.614924  0.620336  0.608986  0.861273  0.692714  0.639063  0.690303  0.592083  0.646534  0.696430  0.750894  0.717184  0.655730  0.715566  0.668738  0.811254  0.720624  0.769216  0.520967  0.686959  0.702470  0.688577  0.773762  0.729872  0.579958  0.704853  0.810431 
4  0.394353  0.564027  0.655667  0.597592 0.0  0.477619  0.675282  0.487070  0.444919  0.700536  0.573107  0.426270  0.616730  0.495013  0.728637  0.407741  0.234155  0.565399  0.587982  0.511494  0.568490  0.553463  0.719996  0.410632  0.506868  0.449360  0.499067  0.648973  0.634393  0.668444  0.443438  0.712622  0.396301  0.673163  0.194821  0.371235  0.592631  0.489824  0.643919  0.519935  0.541240  0.631359  0.533135  0.444736  0.449048  0.572984  0.520735  0.369786  0.619299  0.610816  0.604244  0.439583  0.589442  0.671905  0.466631  0.349388  0.183350  0.366507  0.694410  0.506696  0.658905 
5  0.661850  0.548911  0.629019  0.554956  0.477619 0.0  0.748011  0.581246  0.799454  0.618632  0.499521  0.508110  0.611285  0.788963  0.652083  0.584735  0.531504  0.612349  0.590190  0.673961  0.487975  0.603428  0.639458  0.553245  0.557389  0.514694  0.554124  0.676970  0.664821  0.542172  0.468768  0.677003  0.508266  0.693863  0.510910  0.517189  0.685801  0.576115  0.634954  0.515132  0.681053  0.653409  0.671660  0.581160  0.611222  0.714412  0.539194  0.617620  0.686993  0.623303  0.575495  0.568109  0.592500  0.597283  0.450680  0.623572  0.556573  0.501261  0.622344  0.686244  0.587963 
6  0.553994  0.714672  0.904518  0.690947  0.675282  0.748011 0.0  0.690253  0.394979  0.600994  0.848594  0.555946  0.733869  0.304671  0.638381  0.768586  0.806412  0.604732  0.562250  0.665844  0.918726  0.722843  0.640710  0.842401  0.644280  0.748629  0.838119  0.642307  0.642704  0.878789  0.649618  0.583155  0.801259  0.732314  0.656900  0.493227  0.525938  0.794479  0.541891  0.742953  0.578230  0.444835  0.715648  0.727729  0.748368  0.757291  0.625879  0.932959  0.717913  0.503409  0.668239  0.461834  0.608335  0.579346  0.664687  0.653891  0.673944  0.816512  0.689424  0.462805  0.857423 
7  0.297841  0.649598  0.665972  0.667422  0.487070  0.581246  0.690253 0.0  0.316108  0.573582  0.519910  0.507810  0.231602  0.472605  0.606871  0.537700  0.469872  0.538293  0.533783  0.247435  0.817955  0.610058  0.669494  0.502729  0.492909  0.475743  0.672676  0.300788  0.714311  0.882066  0.570878  0.401130  0.448406  0.745026  0.554146  0.295929  0.255410  0.813796  0.558729  0.596741  0.423967  0.684007  0.370254  0.671269  0.413244  0.679678  0.353497  0.634040  0.570511  0.344598  0.620695  0.355180  0.552092  0.624322  0.524462  0.340888  0.529393  0.539470  0.580560  0.293114  0.796121 
8  0.386128  0.637275  0.678890  0.755275  0.444919  0.799454  0.394979  0.316108 0.0  0.680843  0.752271  0.647318  0.439749  0.251356  0.432139  0.547860  0.524721  0.576203  0.259014  0.266123  0.827684  0.711666  0.496914  0.567439  0.673784  0.591125  0.808886  0.498286  0.543745  0.826523  0.692427  0.586177  0.524007  0.827378  0.512983  0.414872  0.257345  0.895389  0.441614  0.627144  0.425706  0.604085  0.513245  0.703888  0.511726  0.627128  0.442097  0.613090  0.636755  0.280039  0.556919  0.316580  0.558208  0.394991  0.531224  0.425960  0.514796  0.535492  0.532733  0.105064  0.748521 
9  0.629842  0.601744  0.742754  0.579206  0.700536  0.618632  0.600994  0.573582  0.680843 0.0  0.627037  0.516500  0.492357  0.417483  0.521074  0.484398  0.806240  0.537128  0.531579  0.410714  0.841712  0.686805  0.592731  0.784990  0.785349  0.831820  0.789738  0.682073  0.697056  0.656146  0.733763  0.564451  0.673541  0.837252  0.802824  0.586578  0.511213  0.828505  0.580056  0.676524  0.575854  0.558609  0.569093  0.627420  0.611380  0.624069  0.555090  0.731905  0.709929  0.391479  0.639347  0.628194  0.568370  0.654061  0.615268  0.460433  0.833438  0.696762  0.640469  0.610383  0.679829 
10  0.567645  0.552431  0.471965  0.700655  0.573107  0.499521  0.848594  0.519910  0.752271  0.627037 0.0  0.609534  0.534155  0.745429  0.743473  0.617595  0.633561  0.611358  0.672847  0.609188  0.669456  0.754716  0.377704  0.612219  0.428059  0.209806  0.785747  0.766963  0.635872  0.723539  0.658753  0.568104  0.623566  0.544021  0.508576  0.651461  0.628001  0.685141  0.412854  0.262674  0.741662  0.628680  0.371721  0.644635  0.414803  0.836588  0.486776  0.515714  0.685750  0.557157  0.543427  0.654391  0.634091  0.324990  0.649144  0.482710  0.702121  0.584233  0.769850  0.729138  0.471716 
11  0.467825  0.546012  0.672773  0.683746  0.426270  0.508110  0.555946  0.507810  0.647318  0.516500  0.609534 0.0  0.348062  0.378888  0.485325  0.719185  0.518815  0.202931  0.658230  0.489629  0.672227  0.717935  0.760643  0.542459  0.482012  0.528405  0.648378  0.634006  0.596701  0.661184  0.603113  0.088090  0.461550  0.646556  0.575123  0.467158  0.598051  0.745308  0.721420  0.546534  0.425558  0.553388  0.499378  0.615286  0.567208  0.664678  0.455025  0.565555  0.721916  0.377200  0.760749  0.523855  0.088090  0.665087  0.570477  0.408144  0.742673  0.366637  0.679926  0.578395  0.786638 
12  0.490724  0.749568  0.758413  0.633805  0.616730  0.611285  0.733869  0.231602  0.439749  0.492357  0.534155  0.348062 0.0  0.537833  0.427759  0.452567  0.527017  0.416445  0.636112  0.380675  0.697085  0.799424  0.735908  0.513153  0.520582  0.593647  0.729025  0.426651  0.590449  0.831518  0.850555  0.319777  0.585010  0.731004  0.584268  0.308468  0.325207  0.776628  0.583600  0.569839  0.457776  0.550638  0.263673  0.757933  0.507781  0.607137  0.449547  0.494426  0.721323  0.192621  0.624273  0.423907  0.285165  0.645215  0.674156  0.323556  0.514423  0.513600  0.696207  0.378681  0.718543 
13  0.457662  0.770053  0.942955  0.662861  0.495013  0.788963  0.304671  0.472605  0.251356  0.417483  0.745429  0.378888  0.537833 0.0  0.487600  0.671295  0.578182  0.426860  0.523935  0.484146  0.785813  0.819712  0.628450  0.759496  0.521944  0.647966  0.764452  0.593614  0.648606  0.871617  0.678502  0.517105  0.649230  0.760704  0.600894  0.412334  0.390850  0.740875  0.536830  0.677333  0.459354  0.581901  0.573186  0.700108  0.716050  0.805696  0.584725  0.769395  0.652629  0.352871  0.722052  0.333267  0.368981  0.710418  0.744593  0.437769  0.712333  0.645601  0.638999  0.409410  0.772524 
14  0.546160  0.915076  0.825682  0.692698  0.728637  0.652083  0.638381  0.606871  0.432139  0.521074  0.743473  0.485325  0.427759  0.487600 0.0  0.609883  0.853466  0.712412  0.213444  0.522524  0.794863  0.663336  0.647166  0.739711  0.698406  0.840947  1.000000  0.618768  0.710638  0.991194  0.956591  0.649903  0.683923  0.960645  0.861621  0.537335  0.516644  0.854887  0.600552  0.656199  0.506137  0.610105  0.554492  0.851617  0.785954  0.496203  0.589815  0.737141  0.794150  0.418416  0.659597  0.538364  0.652659  0.702982  0.908559  0.539179  0.786755  0.713319  0.714861  0.378363  0.603561 
15  0.535728  0.502496  0.591735  0.686903  0.407741  0.584735  0.768586  0.537700  0.547860  0.484398  0.617595  0.719185  0.452567  0.671295  0.609883 0.0  0.347568  0.610743  0.683604  0.438391  0.638331  0.694502  0.594642  0.486847  0.713525  0.615798  0.704555  0.584655  0.550067  0.626156  0.732623  0.510758  0.470503  0.737916  0.351692  0.501881  0.614806  0.657735  0.664286  0.572586  0.563679  0.650120  0.640345  0.480362  0.495077  0.474331  0.544362  0.397772  0.618565  0.482315  0.664223  0.554247  0.611493  0.577269  0.542421  0.568806  0.463385  0.469980  0.578848  0.538809  0.618622 
16  0.502859  0.569482  0.530218  0.648552  0.234155  0.531504  0.806412  0.469872  0.524721  0.806240  0.633561  0.518815  0.527017  0.578182  0.853466  0.347568 0.0  0.536062  0.726495  0.612151  0.620232  0.590375  0.789113  0.405520  0.709419  0.503375  0.482236  0.568467  0.558348  0.578256  0.480055  0.569370  0.368968  0.623712  0.203465  0.368330  0.415462  0.612259  0.662200  0.463493  0.661791  0.547959  0.593755  0.505034  0.410366  0.542586  0.495275  0.336113  0.588387  0.597231  0.702519  0.507779  0.568087  0.752927  0.389392  0.275501  0.412433  0.520152  0.871516  0.630128  0.767531 
17  0.459996  0.548145  0.767080  0.710693  0.565399  0.612349  0.604732  0.538293  0.576203  0.537128  0.611358  0.202931  0.416445  0.426860  0.712412  0.610743  0.536062 0.0  0.621205  0.399643  0.819678  0.729877  0.646351  0.504257  0.447525  0.540035  0.662468  0.635366  0.544671  0.667964  0.630819  0.204081  0.435692  0.661333  0.573403  0.469947  0.570838  0.760637  0.741065  0.494858  0.444583  0.659766  0.357904  0.627148  0.511820  0.829386  0.518397  0.562785  0.590861  0.537459  0.757675  0.482305  0.273414  0.586552  0.584313  0.344012  0.690789  0.475755  0.780686  0.523296  0.745330 
18  0.369231  0.763838  0.813525  0.791818  0.587982  0.590190  0.562250  0.533783  0.259014  0.531579  0.672847  0.658230  0.636112  0.523935  0.213444  0.683604  0.726495  0.621205 0.0  0.574412  0.950814  0.677717  0.602862  0.745077  0.649507  0.783937  0.829838  0.552805  0.647696  0.890980  0.831880  0.631077  0.644601  0.927022  0.669507  0.558362  0.423554  0.798210  0.634321  0.890296  0.501142  0.521419  0.568341  0.836614  0.663397  0.692590  0.581748  0.822508  0.736538  0.417384  0.661983  0.428812  0.630935  0.659993  0.815173  0.451362  0.679650  0.663352  0.801993  0.322174  0.620649 
19  0.316070  0.549311  0.772908  0.819746  0.511494  0.673961  0.665844  0.247435  0.266123  0.410714  0.609188  0.489629  0.380675  0.484146  0.522524  0.438391  0.612151  0.399643  0.574412 0.0  0.709583  0.788673  0.603729  0.553550  0.680632  0.531709  0.800006  0.399542  0.699565  0.859586  0.721403  0.575049  0.629713  0.839782  0.484238  0.372144  0.432258  0.681576  0.497525  0.499466  0.161912  0.555842  0.408117  0.708154  0.577988  0.620249  0.510131  0.476728  0.755126  0.151990  0.670043  0.413606  0.533759  0.481946  0.654377  0.448702  0.603197  0.483561  0.624760  0.312358  0.763960 
20  0.834541  0.732817  0.658432  0.620324  0.568490  0.487975  0.918726  0.817955  0.827684  0.841712  0.669456  0.672227  0.697085  0.785813  0.794863  0.638331  0.620232  0.819678  0.950814  0.709583 0.0  0.552666  0.796408  0.597473  0.665389  0.619045  0.549835  0.745280  0.603674  0.623568  0.322560  0.746489  0.645109  0.507922  0.607621  0.805038  0.808674  0.637425  0.745513  0.627369  0.887851  0.794540  0.969429  0.584154  0.789103  0.653036  0.782528  0.531096  0.667656  0.878137  0.574117  0.862817  0.783464  0.760875  0.531987  0.742740  0.564342  0.852049  0.745989  0.825581  0.527686 
21  0.724310  0.581538  0.643579  0.707684  0.553463  0.603428  0.722843  0.610058  0.711666  0.686805  0.754716  0.717935  0.799424  0.819712  0.663336  0.694502  0.590375  0.729877  0.677717  0.788673  0.552666 0.0  0.725450  0.525680  0.561147  0.617681  0.573148  0.637142  0.641430  0.515098  0.674048  0.612255  0.571146  0.688906  0.566858  0.660163  0.723242  0.697227  0.731693  0.575219  0.638990  0.749956  0.700651  0.672102  0.635231  0.681913  0.797966  0.625310  0.594727  0.735932  0.621075  0.587294  0.592844  0.608093  0.492016  0.665408  0.588416  0.598532  0.695497  0.730037  0.718676 
22  0.523317  0.558442  0.678688  0.794380  0.719996  0.639458  0.640710  0.669494  0.496914  0.592731  0.377704  0.760643  0.735908  0.628450  0.647166  0.594642  0.789113  0.646351  0.602862  0.603729  0.796408  0.725450 0.0  0.747520  0.503874  0.599553  0.995031  0.747439  0.720743  0.887848  0.628270  0.654008  0.714635  0.629066  0.822519  0.736981  0.509282  0.763937  0.411813  0.547005  0.508418  0.592178  0.570180  0.707285  0.671171  0.763957  0.769064  0.801110  0.672330  0.599268  0.466043  0.517002  0.661638  0.304402  0.558477  0.775324  0.644815  0.784136  0.767776  0.668406  0.375901 
23  0.436425  0.539254  0.614814  0.670174  0.410632  0.553245  0.842401  0.502729  0.567439  0.784990  0.612219  0.542459  0.513153  0.759496  0.739711  0.486847  0.405520  0.504257  0.745077  0.553550  0.597473  0.525680  0.747520 0.0  0.572846  0.525223  0.478364  0.468352  0.578906  0.506081  0.501140  0.601795  0.319630  0.826688  0.250536  0.540789  0.575861  0.579276  0.666935  0.498746  0.557240  0.640811  0.472614  0.473968  0.368125  0.517523  0.432526  0.510714  0.585679  0.671637  0.736563  0.553674  0.722944  0.645082  0.459495  0.386914  0.354049  0.494600  0.668965  0.633048  0.640712 
24  0.600838  0.619932  0.525747  0.785713  0.506868  0.557389  0.644280  0.492909  0.673784  0.785349  0.428059  0.482012  0.520582  0.521944  0.698406  0.713525  0.709419  0.447525  0.649507  0.680632  0.665389  0.561147  0.503874  0.572846 0.0  0.258155  0.848753  0.731517  0.511868  0.745214  0.544397  0.537150  0.612478  0.668551  0.635355  0.568040  0.790377  0.700896  0.395592  0.449125  0.672401  0.687732  0.498285  0.674581  0.555913  0.894011  0.585395  0.655534  0.683901  0.624050  0.507935  0.571340  0.668036  0.396278  0.705869  0.439316  0.713648  0.491881  0.767313  0.565457  0.590058 
25  0.373883  0.511808  0.418298  0.836689  0.449360  0.514694  0.748629  0.475743  0.591125  0.831820  0.209806  0.528405  0.593647  0.647966  0.840947  0.615798  0.503375  0.540035  0.783937  0.531709  0.619045  0.617681  0.599553  0.525223  0.258155 0.0  0.709144  0.618912  0.649673  0.610397  0.487875  0.516620  0.657643  0.631610  0.415552  0.410868  0.592455  0.696708  0.486312  0.306822  0.565359  0.663789  0.424450  0.563954  0.524161  0.679275  0.573460  0.617451  0.509779  0.615759  0.465751  0.554122  0.545581  0.425649  0.584715  0.329649  0.504276  0.587899  0.770106  0.486326  0.665170 
26  0.579198  0.615122  0.567322  0.514501  0.499067  0.554124  0.838119  0.672676  0.808886  0.789738  0.785747  0.648378  0.729025  0.764452  1.000000  0.704555  0.482236  0.662468  0.829838  0.800006  0.549835  0.573148  0.995031  0.478364  0.848753  0.709144 0.0  0.637749  0.538212  0.252882  0.332381  0.700785  0.438251  0.544169  0.508594  0.601759  0.787576  0.756737  0.831888  0.649420  0.772246  0.577943  0.633354  0.519956  0.535171  0.714628  0.539687  0.519856  0.526430  0.850768  0.769915  0.630261  0.587632  0.782883  0.416225  0.634734  0.613288  0.668607  0.628280  0.833936  0.716692 
27  0.638207  0.704264  0.677087  0.664603  0.648973  0.676970  0.642307  0.300788  0.498286  0.682073  0.766963  0.634006  0.426651  0.593614  0.618768  0.584655  0.568467  0.635366  0.552805  0.399542  0.745280  0.637142  0.747439  0.468352  0.731517  0.618912  0.637749 0.0  0.662183  0.719291  0.706161  0.566115  0.449099  0.621593  0.572357  0.497604  0.450268  0.717662  0.709465  0.746112  0.622069  0.620072  0.542673  0.671186  0.512041  0.617877  0.248350  0.618607  0.614167  0.436431  0.619020  0.395321  0.591415  0.608271  0.610003  0.374241  0.547468  0.546167  0.653058  0.584487  0.685217 
28  0.611863  0.609171  0.589627  0.514541  0.634393  0.664821  0.642704  0.714311  0.543745  0.697056  0.635872  0.596701  0.590449  0.648606  0.710638  0.550067  0.558348  0.544671  0.647696  0.699565  0.603674  0.641430  0.720743  0.578906  0.511868  0.649673  0.538212  0.662183 0.0  0.750023  0.578627  0.600119  0.605701  0.715055  0.520697  0.661303  0.585224  0.673697  0.717428  0.699795  0.570039  0.561627  0.752353  0.476465  0.644894  0.564802  0.639549  0.598333  0.644210  0.641594  0.736193  0.642932  0.624685  0.655968  0.610945  0.550014  0.708648  0.606547  0.602439  0.719248  0.574773 
29  0.854942  0.632481  0.690469  0.546845  0.668444  0.542172  0.878789  0.882066  0.826523  0.656146  0.723539  0.661184  0.831518  0.871617  0.991194  0.626156  0.578256  0.667964  0.890980  0.859586  0.623568  0.515098  0.887848  0.506081  0.745214  0.610397  0.252882  0.719291  0.750023 0.0  0.461041  0.687873  0.474620  0.611497  0.489426  0.649798  0.865067  0.699518  0.828224  0.580248  0.893292  0.661535  0.703969  0.465822  0.555235  0.676521  0.570719  0.591090  0.540002  0.856835  0.734326  0.675825  0.715091  0.795742  0.550055  0.538682  0.667065  0.678297  0.645012  0.716709  0.703293 
30  0.661303  0.526576  0.352941  0.773431  0.443438  0.468768  0.649618  0.570878  0.692427  0.733763  0.658753  0.603113  0.850555  0.678502  0.956591  0.732623  0.480055  0.630819  0.831880  0.721403  0.322560  0.674048  0.628270  0.501140  0.544397  0.487875  0.332381  0.706161  0.578627  0.461041 0.0  0.654418  0.483696  0.392767  0.502307  0.684449  0.750750  0.595418  0.665950  0.434301  0.869923  0.727935  0.633179  0.414658  0.689646  0.693062  0.737001  0.581850  0.659674  0.752739  0.612264  0.612503  0.796285  0.554197  0.456458  0.745508  0.538773  0.619015  0.782725  0.733306  0.685708 
31  0.356236  0.564399  0.838535  0.725902  0.712622  0.677003  0.583155  0.401130  0.586177  0.564451  0.568104  0.088090  0.319777  0.517105  0.649903  0.510758  0.569370  0.204081  0.631077  0.575049  0.746489  0.612255  0.654008  0.601795  0.537150  0.516620  0.700785  0.566115  0.600119  0.687873  0.654418 0.0  0.566611  0.831899  0.705673  0.448506  0.551831  0.622201  0.696396  0.545911  0.414215  0.668934  0.426788  0.654368  0.567157  0.721991  0.433635  0.549811  0.716623  0.457413  0.760223  0.493568  0.209173  0.787353  0.584849  0.446240  0.773733  0.556076  0.652391  0.580834  0.706103 
32  0.457070  0.466717  0.593116  0.615637  0.396301  0.508266  0.801259  0.448406  0.524007  0.673541  0.623566  0.461550  0.585010  0.649230  0.683923  0.470503  0.368968  0.435692  0.644601  0.629713  0.645109  0.571146  0.714635  0.319630  0.612478  0.657643  0.438251  0.449099  0.605701  0.474620  0.483696  0.566611 0.0  0.690663  0.373923  0.447879  0.548180  0.587050  0.638637  0.413985  0.544025  0.681398  0.501454  0.506351  0.568397  0.450464  0.464160  0.279404  0.583203  0.477031  0.698181  0.541531  0.573852  0.614707  0.477873  0.451147  0.414887  0.442775  0.647181  0.681462  0.589498 
33  0.626105  0.786132  0.519206  0.582620  0.673163  0.693863  0.732314  0.745026  0.827378  0.837252  0.544021  0.646556  0.731004  0.760704  0.960645  0.737916  0.623712  0.661333  0.927022  0.839782  0.507922  0.688906  0.629066  0.826688  0.668551  0.631610  0.544169  0.621593  0.715055  0.611497  0.392767  0.831899  0.690663 0.0  0.680640  0.803307  0.702884  0.857300  0.683662  0.598837  0.778828  0.741862  0.746146  0.374231  0.756270  0.666110  0.778439  0.789508  0.593535  0.773905  0.628740  0.760231  0.652027  0.632435  0.575172  0.644481  0.643085  0.706995  0.791281  0.866229  0.633667 
34  0.462616  0.614229  0.669977  0.614924  0.194821  0.510910  0.656900  0.554146  0.512983  0.802824  0.508576  0.575123  0.584268  0.600894  0.861621  0.351692  0.203465  0.573403  0.669507  0.484238  0.607621  0.566858  0.822519  0.250536  0.635355  0.415552  0.508594  0.572357  0.520697  0.489426  0.502307  0.705673  0.373923  0.680640 0.0  0.456731  0.513640  0.500044  0.611759  0.545243  0.611911  0.713418  0.524907  0.422171  0.479422  0.551248  0.400918  0.297707  0.655265  0.536614  0.538621  0.438074  0.605058  0.730717  0.482966  0.348580  0.368252  0.569733  0.727186  0.454473  0.664855 
35  0.271975  0.674841  0.763578  0.620336  0.371235  0.517189  0.493227  0.295929  0.414872  0.586578  0.651461  0.467158  0.308468  0.412334  0.537335  0.501881  0.368330  0.469947  0.558362  0.372144  0.805038  0.660163  0.736981  0.540789  0.568040  0.410868  0.601759  0.497604  0.661303  0.649798  0.684449  0.448506  0.447879  0.803307  0.456731 0.0  0.316194  0.694637  0.565525  0.595043  0.414713  0.626673  0.221918  0.630088  0.367840  0.689629  0.449629  0.587027  0.519072  0.344979  0.552702  0.334351  0.654453  0.605955  0.646858  0.225694  0.452420  0.546910  0.688987  0.390969  0.746547 
36  0.271364  0.674221  0.710312  0.608986  0.592631  0.685801  0.525938  0.255410  0.257345  0.511213  0.628001  0.598051  0.325207  0.390850  0.516644  0.614806  0.415462  0.570838  0.423554  0.432258  0.808674  0.723242  0.509282  0.575861  0.790377  0.592455  0.787576  0.450268  0.585224  0.865067  0.750750  0.551831  0.548180  0.702884  0.513640  0.316194 0.0  0.712644  0.447838  0.792603  0.385108  0.582455  0.464290  0.666982  0.597264  0.681702  0.371020  0.589020  0.658041  0.261871  0.648323  0.400439  0.667644  0.449750  0.713918  0.478877  0.393377  0.483780  0.670217  0.290201  0.738438 
37  0.732709  0.519574  0.664145  0.861273  0.489824  0.576115  0.794479  0.813796  0.895389  0.828505  0.685141  0.745308  0.776628  0.740875  0.854887  0.657735  0.612259  0.760637  0.798210  0.681576  0.637425  0.697227  0.763937  0.579276  0.700896  0.696708  0.756737  0.717662  0.673697  0.699518  0.595418  0.622201  0.587050  0.857300  0.500044  0.694637  0.712644 0.0  0.680567  0.530971  0.782328  0.783029  0.695512  0.511565  0.744789  0.672259  0.773678  0.595202  0.563790  0.945864  0.657626  0.696262  0.662133  0.607359  0.557952  0.626400  0.551772  0.628270  0.688997  0.754295  0.642921 
38  0.499062  0.640563  0.533074  0.692714  0.643919  0.634954  0.541891  0.558729  0.441614  0.580056  0.412854  0.721420  0.583600  0.536830  0.600552  0.664286  0.662200  0.741065  0.634321  0.497525  0.745513  0.731693  0.411813  0.666935  0.395592  0.486312  0.831888  0.709465  0.717428  0.828224  0.665950  0.696396  0.638637  0.683662  0.611759  0.565525  0.447838  0.680567 0.0  0.480107  0.643894  0.632382  0.625707  0.615043  0.576264  0.741836  0.555931  0.783368  0.772963  0.594982  0.384183  0.563819  0.710552  0.093167  0.714557  0.562183  0.549098  0.779849  0.706680  0.428146  0.347156 
39  0.495367  0.501191  0.456418  0.639063  0.519935  0.515132  0.742953  0.596741  0.627144  0.676524  0.262674  0.546534  0.569839  0.677333  0.656199  0.572586  0.463493  0.494858  0.890296  0.499466  0.627369  0.575219  0.547005  0.498746  0.449125  0.306822  0.649420  0.746112  0.699795  0.580248  0.434301  0.545911  0.413985  0.598837  0.545243  0.595043  0.792603  0.530971  0.480107 0.0  0.628923  0.622532  0.572374  0.347833  0.640139  0.756729  0.685861  0.414688  0.541123  0.653247  0.494137  0.606815  0.468803  0.478754  0.425398  0.499504  0.578617  0.524201  0.692710  0.633290  0.539562 
40  0.250914  0.648924  0.681488  0.690303  0.541240  0.681053  0.578230  0.423967  0.425706  0.575854  0.741662  0.425558  0.457776  0.459354  0.506137  0.563679  0.661791  0.444583  0.501142  0.161912  0.887851  0.638990  0.508418  0.557240  0.672401  0.565359  0.772246  0.622069  0.570039  0.893292  0.869923  0.414215  0.544025  0.778828  0.611911  0.414713  0.385108  0.782328  0.643894  0.628923 0.0  0.538681  0.420563  0.738613  0.596647  0.435703  0.512976  0.690472  0.697234  0.286440  0.600079  0.315961  0.467537  0.578863  0.675199  0.272949  0.767753  0.541649  0.717326  0.406495  0.635403 
41  0.568713  0.610545  0.672806  0.592083  0.631359  0.653409  0.444835  0.684007  0.604085  0.558609  0.628680  0.553388  0.550638  0.581901  0.610105  0.650120  0.547959  0.659766  0.521419  0.555842  0.794540  0.749956  0.592178  0.640811  0.687732  0.663789  0.577943  0.620072  0.561627  0.661535  0.727935  0.668934  0.681398  0.741862  0.713418  0.626673  0.582455  0.783029  0.632382  0.622532  0.538681 0.0  0.504714  0.539015  0.644294  0.624973  0.693397  0.664715  0.604115  0.517304  0.758681  0.604366  0.624291  0.535416  0.552014  0.530412  0.790204  0.696458  0.523561  0.538740  0.599731 
42  0.319089  0.545414  0.694358  0.646534  0.533135  0.671660  0.715648  0.370254  0.513245  0.569093  0.371721  0.499378  0.263673  0.573186  0.554492  0.640345  0.593755  0.357904  0.568341  0.408117  0.969429  0.700651  0.570180  0.472614  0.498285  0.424450  0.633354  0.542673  0.752353  0.703969  0.633179  0.426788  0.501454  0.746146  0.524907  0.221918  0.464290  0.695512  0.625707  0.572374  0.420563  0.504714 0.0  0.674278  0.337065  0.616671  0.305525  0.568545  0.713554  0.453637  0.602895  0.517404  0.514588  0.485976  0.724594  0.243199  0.535365  0.641303  0.775823  0.394865  0.615499 
43  0.680680  0.466888  0.471991  0.696430  0.444736  0.581160  0.727729  0.671269  0.703888  0.627420  0.644635  0.615286  0.757933  0.700108  0.851617  0.480362  0.505034  0.627148  0.836614  0.708154  0.584154  0.672102  0.707285  0.473968  0.674581  0.563954  0.519956  0.671186  0.476465  0.465822  0.414658  0.654368  0.506351  0.374231  0.422171  0.630088  0.666982  0.511565  0.615043  0.347833  0.738613  0.539015  0.674278 0.0  0.571897  0.539503  0.587745  0.419134  0.581309  0.716354  0.705790  0.663041  0.714674  0.787511  0.517893  0.620659  0.482255  0.619295  0.598948  0.652110  0.612253 
44  0.421158  0.648100  0.619747  0.750894  0.449048  0.611222  0.748368  0.413244  0.511726  0.611380  0.414803  0.567208  0.507781  0.716050  0.785954  0.495077  0.410366  0.511820  0.663397  0.577988  0.789103  0.635231  0.671171  0.368125  0.555913  0.524161  0.535171  0.512041  0.644894  0.555235  0.689646  0.567157  0.568397  0.756270  0.479422  0.367840  0.597264  0.744789  0.576264  0.640139  0.596647  0.644294  0.337065  0.571897 0.0  0.666840  0.261308  0.605623  0.694894  0.601851  0.539490  0.515152  0.678703  0.658871  0.652304  0.348074  0.421508  0.525407  0.725065  0.573539  0.648565 
45  0.653477  0.600195  0.586973  0.717184  0.572984  0.714412  0.757291  0.679678  0.627128  0.624069  0.836588  0.664678  0.607137  0.805696  0.496203  0.474331  0.542586  0.829386  0.692590  0.620249  0.653036  0.681913  0.763957  0.517523  0.894011  0.679275  0.714628  0.617877  0.564802  0.676521  0.693062  0.721991  0.450464  0.666110  0.551248  0.689629  0.681702  0.672259  0.741836  0.756729  0.435703  0.624973  0.616671  0.539503  0.666840 0.0  0.565205  0.536574  0.592506  0.542061  0.722682  0.557256  0.621255  0.772409  0.661911  0.649711  0.639193  0.709253  0.619250  0.701172  0.624657 
46  0.408988  0.488837  0.631059  0.655730  0.520735  0.539194  0.625879  0.353497  0.442097  0.555090  0.486776  0.455025  0.449547  0.584725  0.589815  0.544362  0.495275  0.518397  0.581748  0.510131  0.782528  0.797966  0.769064  0.432526  0.585395  0.573460  0.539687  0.248350  0.639549  0.570719  0.737001  0.433635  0.464160  0.778439  0.400918  0.449629  0.371020  0.773678  0.555931  0.685861  0.512976  0.693397  0.305525  0.587745  0.261308  0.565205 0.0  0.522527  0.650783  0.412096  0.522518  0.553308  0.594986  0.684716  0.765291  0.307071  0.461058  0.402018  0.685497  0.560354  0.737987 
47  0.586865  0.530180  0.500688  0.715566  0.369786  0.617620  0.932959  0.634040  0.613090  0.731905  0.515714  0.565555  0.494426  0.769395  0.737141  0.397772  0.336113  0.562785  0.822508  0.476728  0.531096  0.625310  0.801110  0.510714  0.655534  0.617451  0.519856  0.618607  0.598333  0.591090  0.581850  0.549811  0.279404  0.789508  0.297707  0.587027  0.589020  0.595202  0.783368  0.414688  0.690472  0.664715  0.568545  0.419134  0.605623  0.536574  0.522527 0.0  0.563204  0.639981  0.644818  0.575446  0.620634  0.865385  0.312275  0.372745  0.466918  0.330988  0.796119  0.739254  0.606744 
48  0.684410  0.464190  0.492873  0.668738  0.619299  0.686993  0.717913  0.570511  0.636755  0.709929  0.685750  0.721916  0.721323  0.652629  0.794150  0.618565  0.588387  0.590861  0.736538  0.755126  0.667656  0.594727  0.672330  0.585679  0.683901  0.509779  0.526430  0.614167  0.644210  0.540002  0.659674  0.716623  0.583203  0.593535  0.655265  0.519072  0.658041  0.563790  0.772963  0.541123  0.697234  0.604115  0.713554  0.581309  0.694894  0.592506  0.650783  0.563204 0.0  0.658377  0.770767  0.608813  0.597090  0.727839  0.532254  0.519433  0.696919  0.539717  0.679499  0.745626  0.652868 
49  0.329337  0.573971  0.650137  0.811254  0.610816  0.623303  0.503409  0.344598  0.280039  0.391479  0.557157  0.377200  0.192621  0.352871  0.418416  0.482315  0.597231  0.537459  0.417384  0.151990  0.878137  0.735932  0.599268  0.671637  0.624050  0.615759  0.850768  0.436431  0.641594  0.856835  0.752739  0.457413  0.477031  0.773905  0.536614  0.344979  0.261871  0.945864  0.594982  0.653247  0.286440  0.517304  0.453637  0.716354  0.601851  0.542061  0.412096  0.639981  0.658377 0.0  0.656189  0.380151  0.407540  0.456835  0.633667  0.382327  0.559032  0.521249  0.630504  0.266099  0.571991 
50  0.584684  0.614189  0.412429  0.720624  0.604244  0.575495  0.668239  0.620695  0.556919  0.639347  0.543427  0.760749  0.624273  0.722052  0.659597  0.664223  0.702519  0.757675  0.661983  0.670043  0.574117  0.621075  0.466043  0.736563  0.507935  0.465751  0.769915  0.619020  0.736193  0.734326  0.612264  0.760223  0.698181  0.628740  0.538621  0.552702  0.648323  0.657626  0.384183  0.494137  0.600079  0.758681  0.602895  0.705790  0.539490  0.722682  0.522518  0.644818  0.770767  0.656189 0.0  0.832294  0.635860  0.559682  0.607538  0.644850  0.564597  0.722427  0.751426  0.641673  0.566214 
51  0.320878  0.517638  0.686970  0.769216  0.439583  0.568109  0.461834  0.355180  0.316580  0.628194  0.654391  0.523855  0.423907  0.333267  0.538364  0.554247  0.507779  0.482305  0.428812  0.413606  0.862817  0.587294  0.517002  0.553674  0.571340  0.554122  0.630261  0.395321  0.642932  0.675825  0.612503  0.493568  0.541531  0.760231  0.438074  0.334351  0.400439  0.696262  0.563819  0.606815  0.315961  0.604366  0.517404  0.663041  0.515152  0.557256  0.553308  0.575446  0.608813  0.380151  0.832294 0.0  0.538644  0.559698  0.681409  0.270355  0.533773  0.508240  0.656363  0.344713  0.672653 
52  0.475294  0.539168  0.657153  0.520967  0.589442  0.592500  0.608335  0.552092  0.558208  0.568370  0.634091  0.088090  0.285165  0.368981  0.652659  0.611493  0.568087  0.273414  0.630935  0.533759  0.783464  0.592844  0.661638  0.722944  0.668036  0.545581  0.587632  0.591415  0.624685  0.715091  0.796285  0.209173  0.573852  0.652027  0.605058  0.654453  0.667644  0.662133  0.710552  0.468803  0.467537  0.624291  0.514588  0.714674  0.678703  0.621255  0.594986  0.620634  0.597090  0.407540  0.635860  0.538644 0.0  0.692837  0.475287  0.500017  0.489606  0.441992  0.681870  0.594187  0.743061 
53  0.518634  0.771800  0.575542  0.686959  0.671905  0.597283  0.579346  0.624322  0.394991  0.654061  0.324990  0.665087  0.645215  0.710418  0.702982  0.577269  0.752927  0.586552  0.659993  0.481946  0.760875  0.608093  0.304402  0.645082  0.396278  0.425649  0.782883  0.608271  0.655968  0.795742  0.554197  0.787353  0.614707  0.632435  0.730717  0.605955  0.449750  0.607359  0.093167  0.478754  0.578863  0.535416  0.485976  0.787511  0.658871  0.772409  0.684716  0.865385  0.727839  0.456835  0.559682  0.559698  0.692837 0.0  0.558721  0.617912  0.731367  0.691820  0.843189  0.595684  0.485596 
54  0.669719  0.455493  0.443259  0.702470  0.466631  0.450680  0.664687  0.524462  0.531224  0.615268  0.649144  0.570477  0.674156  0.744593  0.908559  0.542421  0.389392  0.584313  0.815173  0.654377  0.531987  0.492016  0.558477  0.459495  0.705869  0.584715  0.416225  0.610003  0.610945  0.550055  0.456458  0.584849  0.477873  0.575172  0.482966  0.646858  0.713918  0.557952  0.714557  0.425398  0.675199  0.552014  0.724594  0.517893  0.652304  0.661911  0.765291  0.312275  0.532254  0.633667  0.607538  0.681409  0.475287  0.558721 0.0  0.599606  0.565480  0.592155  0.745129  0.696829  0.490439 
55  0.402111  0.669291  0.611437  0.688577  0.349388  0.623572  0.653891  0.340888  0.425960  0.460433  0.482710  0.408144  0.323556  0.437769  0.539179  0.568806  0.275501  0.344012  0.451362  0.448702  0.742740  0.665408  0.775324  0.386914  0.439316  0.329649  0.634734  0.374241  0.550014  0.538682  0.745508  0.446240  0.451147  0.644481  0.348580  0.225694  0.478877  0.626400  0.562183  0.499504  0.272949  0.530412  0.243199  0.620659  0.348074  0.649711  0.307071  0.372745  0.519433  0.382327  0.644850  0.270355  0.500017  0.617912  0.599606 0.0  0.445855  0.460893  0.737832  0.305866  0.811175 
56  0.587671  0.486874  0.589007  0.773762  0.183350  0.556573  0.673944  0.529393  0.514796  0.833438  0.702121  0.742673  0.514423  0.712333  0.786755  0.463385  0.412433  0.690789  0.679650  0.603197  0.564342  0.588416  0.644815  0.354049  0.713648  0.504276  0.613288  0.547468  0.708648  0.667065  0.538773  0.773733  0.414887  0.643085  0.368252  0.452420  0.393377  0.551772  0.549098  0.578617  0.767753  0.790204  0.535365  0.482255  0.421508  0.639193  0.461058  0.466918  0.696919  0.559032  0.564597  0.533773  0.489606  0.731367  0.565480  0.445855 0.0  0.564414  0.717587  0.594600  0.693424 
57  0.495959  0.562625  0.521639  0.729872  0.366507  0.501261  0.816512  0.539470  0.535492  0.696762  0.584233  0.366637  0.513600  0.645601  0.713319  0.469980  0.520152  0.475755  0.663352  0.483561  0.852049  0.598532  0.784136  0.494600  0.491881  0.587899  0.668607  0.546167  0.606547  0.678297  0.619015  0.556076  0.442775  0.706995  0.569733  0.546910  0.483780  0.628270  0.779849  0.524201  0.541649  0.696458  0.641303  0.619295  0.525407  0.709253  0.402018  0.330988  0.539717  0.521249  0.722427  0.508240  0.441992  0.691820  0.592155  0.460893  0.564414 0.0  0.674472  0.628952  0.633179 
58  0.680978  0.730860  0.725133  0.579958  0.694410  0.622344  0.689424  0.580560  0.532733  0.640469  0.769850  0.679926  0.696207  0.638999  0.714861  0.578848  0.871516  0.780686  0.801993  0.624760  0.745989  0.695497  0.767776  0.668965  0.767313  0.770106  0.628280  0.653058  0.602439  0.645012  0.782725  0.652391  0.647181  0.791281  0.727186  0.688987  0.670217  0.688997  0.706680  0.692710  0.717326  0.523561  0.775823  0.598948  0.725065  0.619250  0.685497  0.796119  0.679499  0.630504  0.751426  0.656363  0.681870  0.843189  0.745129  0.737832  0.717587  0.674472 0.0  0.695449  0.700164 
59  0.270228  0.653492  0.708253  0.704853  0.506696  0.686244  0.462805  0.293114  0.105064  0.610383  0.729138  0.578395  0.378681  0.409410  0.378363  0.538809  0.630128  0.523296  0.322174  0.312358  0.825581  0.730037  0.668406  0.633048  0.565457  0.486326  0.833936  0.584487  0.719248  0.716709  0.733306  0.580834  0.681462  0.866229  0.454473  0.390969  0.290201  0.754295  0.428146  0.633290  0.406495  0.538740  0.394865  0.652110  0.573539  0.701172  0.560354  0.739254  0.745626  0.266099  0.641673  0.344713  0.594187  0.595684  0.696829  0.305866  0.594600  0.628952  0.695449 0.0  0.790959 
60  0.680746  0.568989  0.542105  0.810431  0.658905  0.587963  0.857423  0.796121  0.748521  0.679829  0.471716  0.786638  0.718543  0.772524  0.603561  0.618622  0.767531  0.745330  0.620649  0.763960  0.527686  0.718676  0.375901  0.640712  0.590058  0.665170  0.716692  0.685217  0.574773  0.703293  0.685708  0.706103  0.589498  0.633667  0.664855  0.746547  0.738438  0.642921  0.347156  0.539562  0.635403  0.599731  0.615499  0.612253  0.648565  0.624657  0.737987  0.606744  0.652868  0.571991  0.566214  0.672653  0.743061  0.485596  0.490439  0.811175  0.693424  0.633179  0.700164  0.790959 0.0 
