61
0 0.0  0.629305  0.605211  0.636058  0.372835  0.578484  0.436051  0.342248  0.309084  0.512140  0.569963  0.470377  0.417127  0.320501  0.532782  0.596293  0.420998  0.453714  0.396374  0.304982  0.749321  0.698386  0.596189  0.445535  0.509382  0.428281  0.670081  0.501622  0.550415  0.710809  0.700555  0.516849  0.450474  0.578861  0.399822  0.263001  0.288811  0.688951  0.503340  0.555968  0.251460  0.560946  0.323486  0.624378  0.420881  0.620244  0.362927  0.520891  0.638557  0.331789  0.673678  0.273127  0.546341  0.414018  0.627003  0.271694  0.419523  0.446446  0.682790  0.297832  0.608536 
1  0.629305 0.0  0.439367  0.748606  0.452170  0.502235  0.675490  0.573485  0.758636  0.664031  0.513324  0.516815  0.811528  0.700658  0.786279  0.489726  0.603421  0.583816  0.878319  0.574520  0.711331  0.689827  0.467704  0.457663  0.679364  0.490632  0.634449  0.603447  0.527736  0.556598  0.451983  0.589389  0.525866  0.633851  0.546375  0.667249  0.714458  0.403404  0.670254  0.367908  0.546084  0.676202  0.589981  0.421614  0.537779  0.631686  0.569436  0.517793  0.518190  0.696044  0.620488  0.564711  0.535888  0.671136  0.400677  0.483628  0.495994  0.498843  0.747617  0.766599  0.503450 
2  0.605211  0.439367 0.0  0.671540  0.607089  0.532846  0.888073  0.643949  0.707036  0.793451  0.379288  0.710943  0.619506  0.817857  0.685582  0.490806  0.537899  0.653243  0.887259  0.639569  0.673773  0.648910  0.641431  0.555830  0.433968  0.479754  0.672027  0.673323  0.560496  0.528838  0.628975  0.629641  0.606579  0.538075  0.598716  0.804434  0.688093  0.684231  0.565000  0.339570  0.646079  0.724601  0.717845  0.448782  0.540279  0.611125  0.615406  0.496870  0.547674  0.788001  0.484069  0.813585  0.677516  0.628037  0.537826  0.641453  0.482818  0.498506  0.765151  0.771027  0.525160 
3  0.636058  0.748606  0.671540 0.0  0.673105  0.580524  0.573192  0.624039  0.759619  0.638053  0.648723  0.574549  0.631380  0.641538  0.616732  0.688015  0.639326  0.594451  0.604071  0.670810  0.641497  0.591198  0.642451  0.680398  0.691731  0.622889  0.476530  0.823336  0.567258  0.475213  0.598195  0.574071  0.690505  0.645395  0.683854  0.719060  0.679377  0.614055  0.694359  0.709656  0.613871  0.496702  0.600080  0.560233  0.624399  0.616349  0.682014  0.626350  0.674815  0.644583  0.675021  0.595994  0.512950  0.691424  0.623233  0.659504  0.659234  0.641217  0.576139  0.760394  0.704204 
4  0.372835  0.452170  0.607089  0.673105 0.0  0.532864  0.646272  0.489294  0.411641  0.776301  0.540260  0.517543  0.552439  0.553702  0.591360  0.403473  0.193591  0.473765  0.557755  0.531561  0.547345  0.642281  0.706581  0.353858  0.413220  0.404574  0.440578  0.560748  0.545253  0.473544  0.418603  0.509661  0.375710  0.555261  0.228569  0.447682  0.532943  0.566564  0.572248  0.405041  0.535186  0.737145  0.442147  0.442874  0.479275  0.596895  0.481960  0.341701  0.614452  0.533324  0.607913  0.453898  0.534769  0.661691  0.483623  0.363974  0.309520  0.329234  0.615931  0.557755  0.473485 
5  0.578484  0.502235  0.532846  0.580524  0.532864 0.0  0.531381  0.608519  0.715133  0.599272  0.561751  0.516578  0.583225  0.519760  0.650209  0.523030  0.506910  0.624313  0.575722  0.600621  0.534009  0.552384  0.634135  0.491912  0.531964  0.597703  0.534298  0.599115  0.580587  0.470965  0.541564  0.577323  0.464232  0.616519  0.559377  0.478287  0.661045  0.566560  0.536290  0.551642  0.693290  0.584421  0.547145  0.530505  0.526765  0.628448  0.478636  0.526278  0.613462  0.589419  0.561960  0.634013  0.595120  0.585089  0.577659  0.608609  0.599633  0.449752  0.614118  0.672508  0.564965 
6  0.436051  0.675490  0.888073  0.573192  0.646272  0.531381 0.0  0.521201  0.405747  0.449117  0.719766  0.653664  0.585518  0.321591  0.516580  0.688219  0.714540  0.575750  0.458594  0.433328  1.000000  0.677183  0.611030  0.720091  0.712191  0.652217  0.856243  0.602671  0.564559  0.845125  0.704602  0.654292  0.738216  0.698224  0.638075  0.516478  0.419833  0.821512  0.544595  0.787959  0.454320  0.535184  0.605094  0.668098  0.761252  0.816620  0.636324  0.776999  0.671807  0.533918  0.633629  0.450215  0.561964  0.538226  0.661395  0.596461  0.778264  0.817232  0.588527  0.333600  0.744131 
7  0.342248  0.573485  0.643949  0.624039  0.489294  0.608519  0.521201 0.0  0.340715  0.534373  0.533251  0.491264  0.226424  0.463571  0.481264  0.470620  0.547314  0.527562  0.497181  0.315740  0.702085  0.685154  0.545513  0.507637  0.546630  0.450820  0.740515  0.351177  0.712427  0.636823  0.547875  0.477559  0.433003  0.784953  0.469951  0.305941  0.306621  0.706640  0.509149  0.523413  0.418242  0.687814  0.303713  0.544343  0.379164  0.684638  0.319343  0.551178  0.682947  0.270936  0.586517  0.381486  0.445313  0.478672  0.575731  0.335754  0.475075  0.452783  0.601163  0.371345  0.739746 
8  0.309084  0.758636  0.707036  0.759619  0.411641  0.715133  0.405747  0.340715 0.0  0.472784  0.731459  0.578316  0.409928  0.433353  0.392114  0.495805  0.557475  0.575879  0.325907  0.272306  0.962002  0.676852  0.447914  0.617293  0.599415  0.544750  0.719142  0.534372  0.592637  0.854480  0.719222  0.587077  0.575138  0.636279  0.453380  0.390168  0.243571  0.749534  0.424056  0.777686  0.402145  0.528123  0.490594  0.700552  0.550238  0.538059  0.544241  0.634193  0.762524  0.270825  0.581847  0.301856  0.577831  0.436056  0.547238  0.392068  0.489068  0.572706  0.584353  0.170820  0.726486 
9  0.512140  0.664031  0.793451  0.638053  0.776301  0.599272  0.449117  0.534373  0.472784 0.0  0.635047  0.459475  0.456414  0.361233  0.466702  0.645575  0.657804  0.474358  0.488369  0.459519  0.810429  0.803234  0.582114  0.661136  0.739775  0.736142  0.701631  0.638366  0.728413  0.774524  0.853143  0.540036  0.548962  0.762432  0.579424  0.517843  0.474597  0.675797  0.502353  0.648293  0.405154  0.484175  0.493388  0.712131  0.717146  0.651387  0.579348  0.545778  0.621195  0.429171  0.639787  0.561205  0.551232  0.512460  0.771225  0.655064  0.662104  0.612773  0.621538  0.491809  0.576945 
10  0.569963  0.513324  0.379288  0.648723  0.540260  0.561751  0.719766  0.533251  0.731459  0.635047 0.0  0.580915  0.452724  0.704282  0.544986  0.662037  0.619659  0.632838  0.778974  0.475269  0.586615  0.591622  0.397560  0.544111  0.356585  0.332607  0.854329  0.668384  0.580398  0.636519  0.621658  0.495286  0.547171  0.694356  0.640310  0.565290  0.645816  0.698253  0.385284  0.305244  0.644175  0.705803  0.438012  0.584616  0.481071  0.645961  0.446889  0.636409  0.597441  0.527766  0.443998  0.583799  0.629399  0.367890  0.510271  0.450137  0.670365  0.460488  0.765450  0.744951  0.497385 
11  0.470377  0.516815  0.710943  0.574549  0.517543  0.516578  0.653664  0.491264  0.578316  0.459475  0.580915 0.0  0.366949  0.448588  0.480220  0.601993  0.601325  0.218384  0.694531  0.507643  0.682902  0.761603  0.755237  0.537935  0.433612  0.575620  0.582277  0.618972  0.628926  0.627028  0.532222  0.124655  0.405224  0.712370  0.617522  0.393094  0.485092  0.683111  0.716970  0.533597  0.397198  0.581364  0.446029  0.500357  0.513332  0.745982  0.528943  0.494277  0.621950  0.376705  0.691313  0.566980  0.149024  0.691003  0.473056  0.448272  0.618244  0.458984  0.588808  0.491766  0.755808 
12  0.417127  0.811528  0.619506  0.631380  0.552439  0.583225  0.585518  0.226424  0.409928  0.456414  0.452724  0.366949 0.0  0.449010  0.437785  0.454213  0.468098  0.501488  0.479760  0.285129  0.734635  0.718824  0.612847  0.537599  0.512399  0.506576  0.787667  0.376208  0.595270  0.774037  0.688224  0.315265  0.489101  0.853762  0.554771  0.378867  0.359948  0.810344  0.627414  0.464722  0.319378  0.628151  0.396436  0.602006  0.501889  0.590012  0.348918  0.546823  0.620801  0.233744  0.621808  0.388508  0.292163  0.609546  0.601156  0.324331  0.524886  0.480096  0.696434  0.385756  0.644036 
13  0.320501  0.700658  0.817857  0.641538  0.553702  0.519760  0.321591  0.463571  0.433353  0.361233  0.704282  0.448588  0.449010 0.0  0.467459  0.681262  0.581170  0.453803  0.453217  0.391865  0.933971  0.723215  0.772518  0.643132  0.596095  0.598947  0.772175  0.598469  0.644684  0.732757  0.674158  0.384354  0.514994  0.860466  0.612756  0.357938  0.387417  0.865173  0.443522  0.659031  0.438251  0.473263  0.483831  0.760194  0.565209  0.686997  0.590027  0.732056  0.537688  0.349935  0.697078  0.402664  0.427443  0.572190  0.598823  0.437975  0.677609  0.586640  0.626521  0.395293  0.776674 
14  0.532782  0.786279  0.685582  0.616732  0.591360  0.650209  0.516580  0.481264  0.392114  0.466702  0.544986  0.480220  0.437785  0.467459 0.0  0.584455  0.783297  0.607873  0.199371  0.400869  0.672609  0.719525  0.600780  0.718310  0.633887  0.742128  0.898745  0.562269  0.774814  0.874339  0.858952  0.564611  0.597599  0.894088  0.684361  0.531604  0.489335  0.641599  0.681297  0.719315  0.389781  0.591084  0.580158  0.872701  0.802931  0.639308  0.632772  0.660817  0.676977  0.406602  0.698482  0.534166  0.603300  0.536752  0.778240  0.518263  0.757774  0.689607  0.599756  0.313727  0.693195 
15  0.596293  0.489726  0.490806  0.688015  0.403473  0.523030  0.688219  0.470620  0.495805  0.645575  0.662037  0.601993  0.454213  0.681262  0.584455 0.0  0.376317  0.550622  0.631658  0.434689  0.572717  0.577096  0.648766  0.431720  0.709319  0.659810  0.548199  0.440483  0.598275  0.723995  0.642112  0.565867  0.422111  0.762561  0.360869  0.504784  0.606101  0.552470  0.762296  0.411688  0.510183  0.614417  0.549364  0.504024  0.490880  0.419336  0.554065  0.393235  0.671012  0.522324  0.598568  0.521583  0.570880  0.639847  0.461612  0.597659  0.376506  0.420437  0.705391  0.664416  0.525437 
16  0.420998  0.603421  0.537899  0.639326  0.193591  0.506910  0.714540  0.547314  0.557475  0.657804  0.619659  0.601325  0.468098  0.581170  0.783297  0.376317 0.0  0.570924  0.645213  0.517790  0.599921  0.610199  0.698284  0.319251  0.431041  0.454713  0.461238  0.454230  0.541551  0.472900  0.495912  0.639544  0.362470  0.617453  0.220843  0.396189  0.561636  0.552270  0.709291  0.517028  0.584871  0.693732  0.430563  0.473153  0.361938  0.516688  0.447685  0.293404  0.601925  0.547686  0.616222  0.367776  0.648655  0.651810  0.388747  0.338619  0.216797  0.463903  0.548141  0.523238  0.657415 
17  0.453714  0.583816  0.653243  0.594451  0.473765  0.624313  0.575750  0.527562  0.575879  0.474358  0.632838  0.218384  0.501488  0.453803  0.607873  0.550622  0.570924 0.0  0.579881  0.555502  0.629112  0.672140  0.598093  0.462161  0.522327  0.557008  0.513004  0.623605  0.503110  0.561689  0.600330  0.226262  0.457566  0.650506  0.611893  0.365390  0.488026  0.765345  0.576812  0.667766  0.434521  0.525331  0.421662  0.570666  0.490402  0.625381  0.439638  0.517647  0.608956  0.430837  0.728899  0.493036  0.282837  0.585381  0.465296  0.370854  0.595874  0.392584  0.594240  0.502614  0.656692 
18  0.396374  0.878319  0.887259  0.604071  0.557755  0.575722  0.458594  0.497181  0.325907  0.488369  0.778974  0.694531  0.479760  0.453217  0.199371  0.631658  0.645213  0.579881 0.0  0.426191  0.880885  0.713309  0.631074  0.723870  0.524059  0.696620  0.815290  0.549471  0.719059  0.856941  0.825653  0.644069  0.648075  0.796526  0.639626  0.382392  0.404700  0.855743  0.589154  0.735890  0.460763  0.535653  0.426334  0.744118  0.657107  0.678948  0.575034  0.782465  0.708573  0.360980  0.664431  0.458786  0.668256  0.459616  0.662043  0.529212  0.645729  0.581885  0.547964  0.281828  0.639940 
19  0.304982  0.574520  0.639569  0.670810  0.531561  0.600621  0.433328  0.315740  0.272306  0.459519  0.475269  0.507643  0.285129  0.391865  0.400869  0.434689  0.517790  0.555502  0.426191 0.0  0.693919  0.755860  0.519492  0.589295  0.656421  0.594306  0.775374  0.483402  0.564633  0.862169  0.650196  0.417869  0.505308  0.893781  0.499237  0.393782  0.257548  0.671212  0.494162  0.543085  0.225322  0.524290  0.415612  0.614845  0.468917  0.549827  0.412300  0.491708  0.582839  0.144505  0.634319  0.392881  0.463505  0.471201  0.620853  0.444168  0.535924  0.527049  0.709839  0.355059  0.548502 
20  0.749321  0.711331  0.673773  0.641497  0.547345  0.534009  1.000000  0.702085  0.962002  0.810429  0.586615  0.682902  0.734635  0.933971  0.672609  0.572717  0.599921  0.629112  0.880885  0.693919 0.0  0.643516  0.704910  0.684428  0.676390  0.683689  0.621397  0.680451  0.555790  0.502108  0.300180  0.648328  0.487915  0.512613  0.521452  0.789153  0.706572  0.615793  0.761685  0.562405  0.775803  0.754673  0.753463  0.502043  0.715928  0.773693  0.722098  0.610987  0.659812  0.869739  0.619537  0.801642  0.729361  0.730769  0.510454  0.780325  0.636563  0.796267  0.661463  0.719704  0.560648 
21  0.698386  0.689827  0.648910  0.591198  0.642281  0.552384  0.677183  0.685154  0.676852  0.803234  0.591622  0.761603  0.718824  0.723215  0.719525  0.577096  0.610199  0.672140  0.713309  0.755860  0.643516 0.0  0.780561  0.543147  0.593584  0.471712  0.556799  0.566021  0.554733  0.607561  0.543792  0.584696  0.539877  0.645725  0.624423  0.750083  0.654483  0.577339  0.805264  0.571913  0.691000  0.772818  0.683370  0.557489  0.571299  0.623964  0.614922  0.588512  0.548485  0.678778  0.590421  0.553184  0.621564  0.654426  0.521475  0.582449  0.625964  0.684984  0.647196  0.760835  0.538269 
22  0.596189  0.467704  0.641431  0.642451  0.706581  0.634135  0.611030  0.545513  0.447914  0.582114  0.397560  0.755237  0.612847  0.772518  0.600780  0.648766  0.698284  0.598093  0.631074  0.519492  0.704910  0.780561 0.0  0.798232  0.522943  0.527722  0.968082  0.725248  0.626977  0.750123  0.686568  0.598687  0.802665  0.635747  0.755800  0.541408  0.558622  0.709348  0.242735  0.485450  0.550609  0.622711  0.606693  0.554937  0.682091  0.697228  0.562914  0.841946  0.688449  0.516365  0.449387  0.563502  0.730053  0.322634  0.765903  0.642193  0.662132  0.748049  0.868283  0.533375  0.480020 
23  0.445535  0.457663  0.555830  0.680398  0.353858  0.491912  0.720091  0.507637  0.617293  0.661136  0.544111  0.537935  0.537599  0.643132  0.718310  0.431720  0.319251  0.462161  0.723870  0.589295  0.684428  0.543147  0.798232 0.0  0.557995  0.553869  0.522926  0.542542  0.542455  0.573779  0.590828  0.548027  0.335380  0.689242  0.338689  0.479897  0.516205  0.609351  0.601646  0.539965  0.598144  0.556675  0.501461  0.498434  0.374972  0.453435  0.474552  0.421167  0.603005  0.585442  0.680324  0.499128  0.638583  0.695600  0.454332  0.505231  0.384305  0.435892  0.650130  0.635919  0.731096 
24  0.509382  0.679364  0.433968  0.691731  0.413220  0.531964  0.712191  0.546630  0.599415  0.739775  0.356585  0.433612  0.512399  0.596095  0.633887  0.709319  0.431041  0.522327  0.524059  0.656421  0.676390  0.593584  0.522943  0.557995 0.0  0.288812  0.694974  0.616087  0.668662  0.734655  0.520714  0.563570  0.541168  0.566526  0.498849  0.468978  0.558409  0.638591  0.356352  0.419029  0.642372  0.687285  0.414417  0.645386  0.615299  0.726086  0.578955  0.729242  0.649516  0.687046  0.401604  0.531948  0.542188  0.347280  0.473956  0.446813  0.534238  0.577087  0.724737  0.595301  0.530068 
25  0.428281  0.490632  0.479754  0.622889  0.404574  0.597703  0.652217  0.450820  0.544750  0.736142  0.332607  0.575620  0.506576  0.598947  0.742128  0.659810  0.454713  0.557008  0.696620  0.594306  0.683689  0.471712  0.527722  0.553869  0.288812 0.0  0.611143  0.502478  0.561001  0.511393  0.525754  0.426642  0.541356  0.621614  0.483020  0.400613  0.480779  0.610506  0.379888  0.281639  0.600655  0.664131  0.388260  0.475879  0.448192  0.737441  0.479461  0.656977  0.511463  0.598236  0.417120  0.501699  0.503617  0.425624  0.562008  0.351757  0.482429  0.475536  0.682583  0.551826  0.554659 
26  0.670081  0.634449  0.672027  0.476530  0.440578  0.534298  0.856243  0.740515  0.719142  0.701631  0.854329  0.582277  0.787667  0.772175  0.898745  0.548199  0.461238  0.513004  0.815290  0.775374  0.621397  0.556799  0.968082  0.522926  0.694974  0.611143 0.0  0.592293  0.624617  0.236400  0.453355  0.614638  0.434477  0.548290  0.521025  0.535991  0.617920  0.629718  0.697944  0.545186  0.715414  0.578858  0.638853  0.459839  0.637343  0.729549  0.635941  0.456461  0.595817  0.804539  0.911510  0.635059  0.589504  0.851342  0.411103  0.508831  0.528780  0.597922  0.526610  0.753735  0.745735 
27  0.501622  0.603447  0.673323  0.823336  0.560748  0.599115  0.602671  0.351177  0.534372  0.638366  0.668384  0.618972  0.376208  0.598469  0.562269  0.440483  0.454230  0.623605  0.549471  0.483402  0.680451  0.566021  0.725248  0.542542  0.616087  0.502478  0.592293 0.0  0.622368  0.703264  0.584547  0.515652  0.511234  0.736950  0.540063  0.509924  0.378672  0.710791  0.785838  0.723480  0.506782  0.760250  0.440650  0.731287  0.463346  0.542005  0.379934  0.570529  0.552504  0.504284  0.661598  0.401048  0.610637  0.711110  0.694371  0.361429  0.562001  0.489937  0.615971  0.547670  0.674055 
28  0.550415  0.527736  0.560496  0.567258  0.545253  0.580587  0.564559  0.712427  0.592637  0.728413  0.580398  0.628926  0.595270  0.644684  0.774814  0.598275  0.541551  0.503110  0.719059  0.564633  0.555790  0.554733  0.626977  0.542455  0.668662  0.561001  0.624617  0.622368 0.0  0.494354  0.519120  0.603538  0.562394  0.601142  0.610984  0.535289  0.564873  0.635637  0.543885  0.499752  0.660925  0.642364  0.577383  0.600833  0.553219  0.615317  0.658695  0.627241  0.609126  0.714778  0.684976  0.514810  0.638062  0.592525  0.586164  0.591233  0.575315  0.611341  0.627357  0.627022  0.559922 
29  0.710809  0.556598  0.528838  0.475213  0.473544  0.470965  0.845125  0.636823  0.854480  0.774524  0.636519  0.627028  0.774037  0.732757  0.874339  0.723995  0.472900  0.561689  0.856941  0.862169  0.502108  0.607561  0.750123  0.573779  0.734655  0.511393  0.236400  0.703264  0.494354 0.0  0.539026  0.795788  0.510975  0.579362  0.528833  0.717739  0.712525  0.658798  0.843077  0.569611  0.832883  0.663949  0.650217  0.469721  0.478072  0.757481  0.607057  0.550066  0.609946  0.950416  0.550670  0.661175  0.680324  0.832689  0.472273  0.549596  0.509175  0.569596  0.597809  0.868995  0.672538 
30  0.700555  0.451983  0.628975  0.598195  0.418603  0.541564  0.704602  0.547875  0.719222  0.853143  0.621658  0.532222  0.688224  0.674158  0.858952  0.642112  0.495912  0.600330  0.825653  0.650196  0.300180  0.543792  0.686568  0.590828  0.520714  0.525754  0.453355  0.584547  0.519120  0.539026 0.0  0.735420  0.519877  0.342942  0.451723  0.474933  0.569550  0.571655  0.630737  0.446205  0.779927  0.698371  0.631288  0.374060  0.756138  0.606889  0.595759  0.436747  0.634480  0.649470  0.653126  0.673726  0.664593  0.674989  0.432916  0.491049  0.501802  0.575597  0.636076  0.792161  0.560195 
31  0.516849  0.589389  0.629641  0.574071  0.509661  0.577323  0.654292  0.477559  0.587077  0.540036  0.495286  0.124655  0.315265  0.384354  0.564611  0.565867  0.639544  0.226262  0.644069  0.417869  0.648328  0.584696  0.598687  0.548027  0.563570  0.426642  0.614638  0.515652  0.603538  0.795788  0.735420 0.0  0.438210  0.564615  0.667958  0.520866  0.613715  0.577626  0.719535  0.505836  0.407292  0.568534  0.401023  0.586041  0.477427  0.589150  0.479064  0.558524  0.552025  0.431181  0.605820  0.587058  0.175241  0.744579  0.633992  0.420923  0.596293  0.505852  0.681933  0.570829  0.720993 
32  0.450474  0.525866  0.606579  0.690505  0.375710  0.464232  0.738216  0.433003  0.575138  0.548962  0.547171  0.405224  0.489101  0.514994  0.597599  0.422111  0.362470  0.457566  0.648075  0.505308  0.487915  0.539877  0.802665  0.335380  0.541168  0.541356  0.434477  0.511234  0.562394  0.510975  0.519877  0.438210 0.0  0.689696  0.326572  0.483258  0.558359  0.572026  0.638155  0.463625  0.459780  0.608392  0.465654  0.393486  0.410302  0.462461  0.429034  0.320151  0.542112  0.538714  0.680211  0.448832  0.525275  0.774346  0.484092  0.383150  0.458032  0.377328  0.660037  0.530509  0.688778 
33  0.578861  0.633851  0.538075  0.645395  0.555261  0.616519  0.698224  0.784953  0.636279  0.762432  0.694356  0.712370  0.853762  0.860466  0.894088  0.762561  0.617453  0.650506  0.796526  0.893781  0.512613  0.645725  0.635747  0.689242  0.566526  0.621614  0.548290  0.736950  0.601142  0.579362  0.342942  0.564615  0.689696 0.0  0.614079  0.727014  0.684769  0.778381  0.566235  0.625576  0.867769  0.679519  0.624360  0.575187  0.531171  0.707729  0.602134  0.702561  0.494583  0.778509  0.666458  0.696037  0.624895  0.553615  0.621801  0.718561  0.525635  0.653969  0.698517  0.779354  0.564494 
34  0.399822  0.546375  0.598716  0.683854  0.228569  0.559377  0.638075  0.469951  0.453380  0.579424  0.640310  0.617522  0.554771  0.612756  0.684361  0.360869  0.220843  0.611893  0.639626  0.499237  0.521452  0.624423  0.755800  0.338689  0.498849  0.483020  0.521025  0.540063  0.610984  0.528833  0.451723  0.667958  0.326572  0.614079 0.0  0.369493  0.467431  0.564227  0.674836  0.490639  0.492196  0.722645  0.611338  0.452852  0.454206  0.465378  0.383475  0.293507  0.614538  0.557332  0.456527  0.420174  0.681409  0.697788  0.466368  0.347117  0.242906  0.427714  0.628173  0.495462  0.665800 
35  0.263001  0.667249  0.804434  0.719060  0.447682  0.478287  0.516478  0.305941  0.390168  0.517843  0.565290  0.393094  0.378867  0.357938  0.531604  0.504784  0.396189  0.365390  0.382392  0.393782  0.789153  0.750083  0.541408  0.479897  0.468978  0.400613  0.535991  0.509924  0.535289  0.717739  0.474933  0.520866  0.483258  0.727014  0.369493 0.0  0.349713  0.831058  0.605051  0.485681  0.343722  0.567475  0.263496  0.524291  0.480690  0.523223  0.363451  0.447222  0.657386  0.337038  0.596910  0.314908  0.559029  0.562083  0.558686  0.234367  0.429376  0.500071  0.565036  0.354395  0.732822 
36  0.288811  0.714458  0.688093  0.679377  0.532943  0.661045  0.419833  0.306621  0.243571  0.474597  0.645816  0.485092  0.359948  0.387417  0.489335  0.606101  0.561636  0.488026  0.404700  0.257548  0.706572  0.654483  0.558622  0.516205  0.558409  0.480779  0.617920  0.378672  0.564873  0.712525  0.569550  0.613715  0.558359  0.684769  0.467431  0.349713 0.0  0.627208  0.438063  0.834701  0.426668  0.431181  0.418059  0.562059  0.571469  0.523044  0.369918  0.626579  0.679891  0.221473  0.642186  0.336582  0.521522  0.521795  0.652093  0.449911  0.494221  0.525791  0.748328  0.262880  0.730374 
37  0.688951  0.403404  0.684231  0.614055  0.566564  0.566560  0.821512  0.706640  0.749534  0.675797  0.698253  0.683111  0.810344  0.865173  0.641599  0.552470  0.552270  0.765345  0.855743  0.671212  0.615793  0.577339  0.709348  0.609351  0.638591  0.610506  0.629718  0.710791  0.635637  0.658798  0.571655  0.577626  0.572026  0.778381  0.564227  0.831058  0.627208 0.0  0.535189  0.603529  0.766931  0.661751  0.652805  0.562636  0.711359  0.616308  0.604582  0.543817  0.590438  0.689722  0.678222  0.615991  0.698525  0.657863  0.509470  0.637778  0.468450  0.525537  0.673257  0.659376  0.553557 
38  0.503340  0.670254  0.565000  0.694359  0.572248  0.536290  0.544595  0.509149  0.424056  0.502353  0.385284  0.716970  0.627414  0.443522  0.681297  0.762296  0.709291  0.576812  0.589154  0.494162  0.761685  0.805264  0.242735  0.601646  0.356352  0.379888  0.697944  0.785838  0.543885  0.843077  0.630737  0.719535  0.638155  0.566235  0.674836  0.605051  0.438063  0.535189 0.0  0.510004  0.641197  0.559941  0.529721  0.612797  0.571364  0.719421  0.604983  0.755881  0.709199  0.541089  0.477878  0.529130  0.619925  0.159051  0.610652  0.552776  0.571446  0.561497  0.600966  0.483872  0.429297 
39  0.555968  0.367908  0.339570  0.709656  0.405041  0.551642  0.787959  0.523413  0.777686  0.648293  0.305244  0.533597  0.464722  0.659031  0.719315  0.411688  0.517028  0.667766  0.735890  0.543085  0.562405  0.571913  0.485450  0.539965  0.419029  0.281639  0.545186  0.723480  0.499752  0.569611  0.446205  0.505836  0.463625  0.625576  0.490639  0.485681  0.834701  0.603529  0.510004 0.0  0.628551  0.646188  0.547057  0.417366  0.554030  0.510193  0.641741  0.418596  0.458331  0.577272  0.423298  0.599481  0.551439  0.510607  0.488282  0.480810  0.544637  0.436804  0.655523  0.701938  0.303678 
40  0.251460  0.546084  0.646079  0.613871  0.535186  0.693290  0.454320  0.418242  0.402145  0.405154  0.644175  0.397198  0.319378  0.438251  0.389781  0.510183  0.584871  0.434521  0.460763  0.225322  0.775803  0.691000  0.550609  0.598144  0.642372  0.600655  0.715414  0.506782  0.660925  0.832883  0.779927  0.407292  0.459780  0.867769  0.492196  0.343722  0.426668  0.766931  0.641197  0.628551 0.0  0.549349  0.385372  0.761301  0.556335  0.572566  0.447818  0.597550  0.673814  0.282291  0.547046  0.380140  0.474562  0.594697  0.642621  0.364913  0.693349  0.390649  0.732338  0.423331  0.649571 
41  0.560946  0.676202  0.724601  0.496702  0.737145  0.584421  0.535184  0.687814  0.528123  0.484175  0.705803  0.581364  0.628151  0.473263  0.591084  0.614417  0.693732  0.525331  0.535653  0.524290  0.754673  0.772818  0.622711  0.556675  0.687285  0.664131  0.578858  0.760250  0.642364  0.663949  0.698371  0.568534  0.608392  0.679519  0.722645  0.567475  0.431181  0.661751  0.559941  0.646188  0.549349 0.0  0.541861  0.674746  0.630012  0.578673  0.643026  0.781404  0.628480  0.559326  0.725031  0.508760  0.590063  0.503113  0.569039  0.590943  0.631245  0.512491  0.496120  0.593154  0.664674 
42  0.323486  0.589981  0.717845  0.600080  0.442147  0.547145  0.605094  0.303713  0.490594  0.493388  0.438012  0.446029  0.396436  0.483831  0.580158  0.549364  0.430563  0.421662  0.426334  0.415612  0.753463  0.683370  0.606693  0.501461  0.414417  0.388260  0.638853  0.440650  0.577383  0.650217  0.631288  0.401023  0.465654  0.624360  0.611338  0.263496  0.418059  0.652805  0.529721  0.547057  0.385372  0.541861 0.0  0.637098  0.363648  0.603738  0.401104  0.570168  0.540992  0.411321  0.632845  0.381602  0.444379  0.419737  0.659178  0.199665  0.590798  0.460771  0.710426  0.486370  0.727830 
43  0.624378  0.421614  0.448782  0.560233  0.442874  0.530505  0.668098  0.544343  0.700552  0.712131  0.584616  0.500357  0.602006  0.760194  0.872701  0.504024  0.473153  0.570666  0.744118  0.614845  0.502043  0.557489  0.554937  0.498434  0.645386  0.475879  0.459839  0.731287  0.600833  0.469721  0.374060  0.586041  0.393486  0.575187  0.452852  0.524291  0.562059  0.562636  0.612797  0.417366  0.761301  0.674746  0.637098 0.0  0.585640  0.537744  0.604075  0.425532  0.493476  0.630035  0.638065  0.579486  0.672180  0.722725  0.361535  0.533197  0.552343  0.387576  0.589306  0.640154  0.587255 
44  0.420881  0.537779  0.540279  0.624399  0.479275  0.526765  0.761252  0.379164  0.550238  0.717146  0.481071  0.513332  0.501889  0.565209  0.802931  0.490880  0.361938  0.490402  0.657107  0.468917  0.715928  0.571299  0.682091  0.374972  0.615299  0.448192  0.637343  0.463346  0.553219  0.478072  0.756138  0.477427  0.410302  0.531171  0.454206  0.480690  0.571469  0.711359  0.571364  0.554030  0.556335  0.630012  0.363648  0.585640 0.0  0.559657  0.300182  0.443594  0.652429  0.569358  0.588219  0.535998  0.551006  0.524738  0.623845  0.298032  0.399016  0.530586  0.654088  0.518999  0.698507 
45  0.620244  0.631686  0.611125  0.616349  0.596895  0.628448  0.816620  0.684638  0.538059  0.651387  0.645961  0.745982  0.590012  0.686997  0.639308  0.419336  0.516688  0.625381  0.678948  0.549827  0.773693  0.623964  0.697228  0.453435  0.726086  0.737441  0.729549  0.542005  0.615317  0.757481  0.606889  0.589150  0.462461  0.707729  0.465378  0.523223  0.523044  0.616308  0.719421  0.510193  0.572566  0.578673  0.603738  0.537744  0.559657 0.0  0.666841  0.514655  0.702284  0.571904  0.561586  0.619244  0.675026  0.629729  0.514527  0.620583  0.545335  0.576752  0.646972  0.613717  0.490824 
46  0.362927  0.569436  0.615406  0.682014  0.481960  0.478636  0.636324  0.319343  0.544241  0.579348  0.446889  0.528943  0.348918  0.590027  0.632772  0.554065  0.447685  0.439638  0.575034  0.412300  0.722098  0.614922  0.562914  0.474552  0.578955  0.479461  0.635941  0.379934  0.658695  0.607057  0.595759  0.479064  0.429034  0.602134  0.383475  0.363451  0.369918  0.604582  0.604983  0.641741  0.447818  0.643026  0.401104  0.604075  0.300182  0.666841 0.0  0.428226  0.552918  0.407316  0.562001  0.378922  0.522373  0.577196  0.545457  0.335037  0.466558  0.483783  0.674156  0.519029  0.649316 
47  0.520891  0.517793  0.496870  0.626350  0.341701  0.526278  0.776999  0.551178  0.634193  0.545778  0.636409  0.494277  0.546823  0.732056  0.660817  0.393235  0.293404  0.517647  0.782465  0.491708  0.610987  0.588512  0.841946  0.421167  0.729242  0.656977  0.456461  0.570529  0.627241  0.550066  0.436747  0.558524  0.320151  0.702561  0.293507  0.447222  0.626579  0.543817  0.755881  0.418596  0.597550  0.781404  0.570168  0.425532  0.443594  0.514655  0.428226 0.0  0.506894  0.611841  0.618927  0.564806  0.602888  0.848024  0.397496  0.407299  0.364771  0.327693  0.626743  0.600443  0.591169 
48  0.638557  0.518190  0.547674  0.674815  0.614452  0.613462  0.671807  0.682947  0.762524  0.621195  0.597441  0.621950  0.620801  0.537688  0.676977  0.671012  0.601925  0.608956  0.708573  0.582839  0.659812  0.548485  0.688449  0.603005  0.649516  0.511463  0.595817  0.552504  0.609126  0.609946  0.634480  0.552025  0.542112  0.494583  0.614538  0.657386  0.679891  0.590438  0.709199  0.458331  0.673814  0.628480  0.540992  0.493476  0.652429  0.702284  0.552918  0.506894 0.0  0.645903  0.634280  0.648566  0.602377  0.680788  0.604227  0.537969  0.657602  0.500971  0.574201  0.642649  0.519108 
49  0.331789  0.696044  0.788001  0.644583  0.533324  0.589419  0.533918  0.270936  0.270825  0.429171  0.527766  0.376705  0.233744  0.349935  0.406602  0.522324  0.547686  0.430837  0.360980  0.144505  0.869739  0.678778  0.516365  0.585442  0.687046  0.598236  0.804539  0.504284  0.714778  0.950416  0.649470  0.431181  0.538714  0.778509  0.557332  0.337038  0.221473  0.689722  0.541089  0.577272  0.282291  0.559326  0.411321  0.630035  0.569358  0.571904  0.407316  0.611841  0.645903 0.0  0.692242  0.372947  0.360921  0.486480  0.627307  0.434892  0.664268  0.498793  0.582464  0.293521  0.548703 
50  0.673678  0.620488  0.484069  0.675021  0.607913  0.561960  0.633629  0.586517  0.581847  0.639787  0.443998  0.691313  0.621808  0.697078  0.698482  0.598568  0.616222  0.728899  0.664431  0.634319  0.619537  0.590421  0.449387  0.680324  0.401604  0.417120  0.911510  0.661598  0.684976  0.550670  0.653126  0.605820  0.680211  0.666458  0.456527  0.596910  0.642186  0.678222  0.477878  0.423298  0.547046  0.725031  0.632845  0.638065  0.588219  0.561586  0.562001  0.618927  0.634280  0.692242 0.0  0.577608  0.732358  0.451949  0.630291  0.679403  0.561829  0.713692  0.781258  0.589706  0.545034 
51  0.273127  0.564711  0.813585  0.595994  0.453898  0.634013  0.450215  0.381486  0.301856  0.561205  0.583799  0.566980  0.388508  0.402664  0.534166  0.521583  0.367776  0.493036  0.458786  0.392881  0.801642  0.553184  0.563502  0.499128  0.531948  0.501699  0.635059  0.401048  0.514810  0.661175  0.673726  0.587058  0.448832  0.696037  0.420174  0.314908  0.336582  0.615991  0.529130  0.599481  0.380140  0.508760  0.381602  0.579486  0.535998  0.619244  0.378922  0.564806  0.648566  0.372947  0.577608 0.0  0.515400  0.589277  0.603314  0.289842  0.407495  0.500300  0.648877  0.347356  0.595979 
52  0.546341  0.535888  0.677516  0.512950  0.534769  0.595120  0.561964  0.445313  0.577831  0.551232  0.629399  0.149024  0.292163  0.427443  0.603300  0.570880  0.648655  0.282837  0.668256  0.463505  0.729361  0.621564  0.730053  0.638583  0.542188  0.503617  0.589504  0.610637  0.638062  0.680324  0.664593  0.175241  0.525275  0.624895  0.681409  0.559029  0.521522  0.698525  0.619925  0.551439  0.474562  0.590063  0.444379  0.672180  0.551006  0.675026  0.522373  0.602888  0.602377  0.360921  0.732358  0.515400 0.0  0.531118  0.497268  0.478997  0.608126  0.510106  0.526937  0.630645  0.735981 
53  0.414018  0.671136  0.628037  0.691424  0.661691  0.585089  0.538226  0.478672  0.436056  0.512460  0.367890  0.691003  0.609546  0.572190  0.536752  0.639847  0.651810  0.585381  0.459616  0.471201  0.730769  0.654426  0.322634  0.695600  0.347280  0.425624  0.851342  0.711110  0.592525  0.832689  0.674989  0.744579  0.774346  0.553615  0.697788  0.562083  0.521795  0.657863  0.159051  0.510607  0.594697  0.503113  0.419737  0.722725  0.524738  0.629729  0.577196  0.848024  0.680788  0.486480  0.451949  0.589277  0.531118 0.0  0.616904  0.522485  0.747266  0.658158  0.718059  0.529355  0.439791 
54  0.627003  0.400677  0.537826  0.623233  0.483623  0.577659  0.661395  0.575731  0.547238  0.771225  0.510271  0.473056  0.601156  0.598823  0.778240  0.461612  0.388747  0.465296  0.662043  0.620853  0.510454  0.521475  0.765903  0.454332  0.473956  0.562008  0.411103  0.694371  0.586164  0.472273  0.432916  0.633992  0.484092  0.621801  0.466368  0.558686  0.652093  0.509470  0.610652  0.488282  0.642621  0.569039  0.659178  0.361535  0.623845  0.514527  0.545457  0.397496  0.604227  0.627307  0.630291  0.603314  0.497268  0.616904 0.0  0.499384  0.442362  0.470444  0.496191  0.612431  0.551916 
55  0.271694  0.483628  0.641453  0.659504  0.363974  0.608609  0.596461  0.335754  0.392068  0.655064  0.450137  0.448272  0.324331  0.437975  0.518263  0.597659  0.338619  0.370854  0.529212  0.444168  0.780325  0.582449  0.642193  0.505231  0.446813  0.351757  0.508831  0.361429  0.591233  0.549596  0.491049  0.420923  0.383150  0.718561  0.347117  0.234367  0.449911  0.637778  0.552776  0.480810  0.364913  0.590943  0.199665  0.533197  0.298032  0.620583  0.335037  0.407299  0.537969  0.434892  0.679403  0.289842  0.478997  0.522485  0.499384 0.0  0.445492  0.370346  0.581825  0.458919  0.647110 
56  0.419523  0.495994  0.482818  0.659234  0.309520  0.599633  0.778264  0.475075  0.489068  0.662104  0.670365  0.618244  0.524886  0.677609  0.757774  0.376506  0.216797  0.595874  0.645729  0.535924  0.636563  0.625964  0.662132  0.384305  0.534238  0.482429  0.528780  0.562001  0.575315  0.509175  0.501802  0.596293  0.458032  0.525635  0.242906  0.429376  0.494221  0.468450  0.571446  0.544637  0.693349  0.631245  0.590798  0.552343  0.399016  0.545335  0.466558  0.364771  0.657602  0.664268  0.561829  0.407495  0.608126  0.747266  0.442362  0.445492 0.0  0.447665  0.616330  0.602417  0.656636 
57  0.446446  0.498843  0.498506  0.641217  0.329234  0.449752  0.817232  0.452783  0.572706  0.612773  0.460488  0.458984  0.480096  0.586640  0.689607  0.420437  0.463903  0.392584  0.581885  0.527049  0.796267  0.684984  0.748049  0.435892  0.577087  0.475536  0.597922  0.489937  0.611341  0.569596  0.575597  0.505852  0.377328  0.653969  0.427714  0.500071  0.525791  0.525537  0.561497  0.436804  0.390649  0.512491  0.460771  0.387576  0.530586  0.576752  0.483783  0.327693  0.500971  0.498793  0.713692  0.500300  0.510106  0.658158  0.470444  0.370346  0.447665 0.0  0.698818  0.701680  0.576841 
58  0.682790  0.747617  0.765151  0.576139  0.615931  0.614118  0.588527  0.601163  0.584353  0.621538  0.765450  0.588808  0.696434  0.626521  0.599756  0.705391  0.548141  0.594240  0.547964  0.709839  0.661463  0.647196  0.868283  0.650130  0.724737  0.682583  0.526610  0.615971  0.627357  0.597809  0.636076  0.681933  0.660037  0.698517  0.628173  0.565036  0.748328  0.673257  0.600966  0.655523  0.732338  0.496120  0.710426  0.589306  0.654088  0.646972  0.674156  0.626743  0.574201  0.582464  0.781258  0.648877  0.526937  0.718059  0.496191  0.581825  0.616330  0.698818 0.0  0.705037  0.751989 
59  0.297832  0.766599  0.771027  0.760394  0.557755  0.672508  0.333600  0.371345  0.170820  0.491809  0.744951  0.491766  0.385756  0.395293  0.313727  0.664416  0.523238  0.502614  0.281828  0.355059  0.719704  0.760835  0.533375  0.635919  0.595301  0.551826  0.753735  0.547670  0.627022  0.868995  0.792161  0.570829  0.530509  0.779354  0.495462  0.354395  0.262880  0.659376  0.483872  0.701938  0.423331  0.593154  0.486370  0.640154  0.518999  0.613717  0.519029  0.600443  0.642649  0.293521  0.589706  0.347356  0.630645  0.529355  0.612431  0.458919  0.602417  0.701680  0.705037 0.0  0.749107 
60  0.608536  0.503450  0.525160  0.704204  0.473485  0.564965  0.744131  0.739746  0.726486  0.576945  0.497385  0.755808  0.644036  0.776674  0.693195  0.525437  0.657415  0.656692  0.639940  0.548502  0.560648  0.538269  0.480020  0.731096  0.530068  0.554659  0.745735  0.674055  0.559922  0.672538  0.560195  0.720993  0.688778  0.564494  0.665800  0.732822  0.730374  0.553557  0.429297  0.303678  0.649571  0.664674  0.727830  0.587255  0.698507  0.490824  0.649316  0.591169  0.519108  0.548703  0.545034  0.595979  0.735981  0.439791  0.551916  0.647110  0.656636  0.576841  0.751989  0.749107 0.0 
