61
0 0.0  0.434353  0.615999  0.630299  0.356850  0.630156  0.426242  0.382790  0.316833  0.485957  0.588370  0.428627  0.410384  0.357578  0.526401  0.465360  0.450257  0.365565  0.403932  0.252671  0.674407  0.680914  0.528545  0.454958  0.397403  0.485931  0.628347  0.460719  0.519962  0.591688  0.542475  0.426071  0.464622  0.597677  0.409121  0.257901  0.260989  0.698335  0.425117  0.596143  0.278480  0.505041  0.319361  0.580800  0.391624  0.607979  0.362322  0.574367  0.563752  0.334072  0.579288  0.284606  0.524307  0.445183  0.495335  0.287169  0.447830  0.453916  0.586174  0.329746  0.591828 
1  0.434353 0.0  0.454741  0.701206  0.468752  0.516578  0.614022  0.638439  0.600533  0.599145  0.492524  0.478326  0.581501  0.740191  0.859078  0.472524  0.447984  0.526195  0.780091  0.538409  0.616632  0.481463  0.633003  0.487152  0.574266  0.405063  0.726682  0.591762  0.476537  0.633579  0.543842  0.564068  0.496518  0.621758  0.592026  0.603799  0.766499  0.422144  0.694665  0.369075  0.598938  0.627425  0.656049  0.464002  0.552478  0.558496  0.500945  0.427291  0.461711  0.619857  0.584931  0.572863  0.477708  0.622630  0.449177  0.535993  0.551557  0.530533  0.664470  0.707131  0.562060 
2  0.615999  0.454741 0.0  0.613866  0.546778  0.634055  0.849575  0.641863  0.709726  0.695611  0.454020  0.667892  0.720903  0.674428  0.815236  0.603635  0.599386  0.558474  0.813656  0.716989  0.590197  0.641758  0.530568  0.581984  0.537594  0.438878  0.622329  0.626386  0.655603  0.687727  0.569555  0.650552  0.593818  0.591182  0.589891  0.655358  0.776979  0.526819  0.526648  0.327480  0.683205  0.597926  0.756946  0.494664  0.676140  0.568236  0.609451  0.537477  0.513464  0.560966  0.441402  0.714869  0.641817  0.511067  0.457324  0.598160  0.574862  0.450982  0.634009  0.835812  0.431400 
3  0.630299  0.701206  0.613866 0.0  0.640166  0.635983  0.500327  0.583932  0.719198  0.652893  0.795021  0.636742  0.601855  0.605700  0.665308  0.707151  0.576014  0.525789  0.698275  0.608878  0.581825  0.726006  0.755383  0.517303  0.576516  0.649433  0.509804  0.709379  0.553013  0.513045  0.715673  0.542764  0.635871  0.569460  0.606538  0.490352  0.635580  0.664085  0.674439  0.716782  0.569925  0.454229  0.550447  0.586694  0.677983  0.610619  0.624149  0.688592  0.625623  0.657032  0.666749  0.611647  0.664023  0.711151  0.592026  0.608962  0.653581  0.621636  0.466779  0.694319  0.576433 
4  0.356850  0.468752  0.546778  0.640166 0.0  0.455856  0.634584  0.452564  0.503669  0.587523  0.588858  0.456582  0.461292  0.491650  0.727017  0.413828  0.209327  0.523678  0.628160  0.526492  0.506704  0.518957  0.688087  0.397756  0.489506  0.444595  0.452668  0.481357  0.559163  0.463352  0.470319  0.521127  0.351050  0.574074  0.239230  0.313404  0.483101  0.495651  0.446893  0.431225  0.461748  0.662373  0.416882  0.434041  0.468545  0.488464  0.418508  0.405706  0.513800  0.506622  0.598568  0.367048  0.549589  0.672443  0.368736  0.335943  0.284534  0.347663  0.601550  0.552353  0.584539 
5  0.630156  0.516578  0.634055  0.635983  0.455856 0.0  0.619296  0.608668  0.588380  0.622164  0.574016  0.521567  0.648168  0.600190  0.684189  0.589870  0.452053  0.560273  0.751859  0.585136  0.504104  0.541914  0.611841  0.519438  0.520430  0.545007  0.508156  0.558553  0.520338  0.523277  0.497976  0.517866  0.452089  0.682623  0.470180  0.560510  0.712673  0.475100  0.649736  0.438975  0.632768  0.596714  0.493199  0.459690  0.556528  0.590846  0.607230  0.522348  0.671724  0.628301  0.594869  0.611674  0.605039  0.586834  0.477466  0.520269  0.469361  0.476384  0.687570  0.721653  0.536294 
6  0.426242  0.614022  0.849575  0.500327  0.634584  0.619296 0.0  0.556702  0.397376  0.483561  0.784985  0.543935  0.590957  0.389668  0.443054  0.639488  0.667367  0.531295  0.461793  0.448086  0.806692  0.691009  0.523216  0.573537  0.580475  0.555093  0.801264  0.713080  0.598957  0.670857  0.674904  0.601907  0.679267  0.683084  0.563041  0.472839  0.412261  0.535615  0.549624  0.676273  0.513748  0.502493  0.675812  0.746876  0.786921  0.719916  0.585015  0.723880  0.660727  0.497000  0.681740  0.361180  0.564468  0.548550  0.609604  0.542087  0.600763  0.683687  0.628973  0.321952  0.724159 
7  0.382790  0.638439  0.641863  0.583932  0.452564  0.608668  0.556702 0.0  0.342153  0.500457  0.518362  0.508952  0.247719  0.473985  0.513839  0.515886  0.525289  0.448296  0.497482  0.310603  0.855636  0.599919  0.590545  0.486440  0.559558  0.454701  0.667383  0.329389  0.672841  0.702000  0.811354  0.487990  0.457394  0.666895  0.494022  0.386777  0.311057  0.730841  0.558527  0.501967  0.406900  0.627325  0.313559  0.556410  0.387989  0.646978  0.342165  0.506848  0.641063  0.273354  0.608690  0.343331  0.500919  0.509196  0.541978  0.347057  0.540210  0.428877  0.659946  0.374060  0.768751 
8  0.316833  0.600533  0.709726  0.719198  0.503669  0.588380  0.397376  0.342153 0.0  0.522293  0.665064  0.567516  0.425570  0.386759  0.401149  0.492210  0.469322  0.541103  0.308082  0.259022  0.787762  0.643308  0.473620  0.562091  0.542093  0.515446  0.683415  0.453091  0.616591  0.739236  0.644760  0.609645  0.561058  0.694894  0.425471  0.420748  0.246532  0.713394  0.413364  0.581667  0.397933  0.504516  0.508586  0.701394  0.503111  0.667293  0.495126  0.627077  0.629119  0.291265  0.679630  0.324897  0.525485  0.428416  0.610241  0.365226  0.524957  0.530070  0.695145  0.146833  0.674099 
9  0.485957  0.599145  0.695611  0.652893  0.587523  0.622164  0.483561  0.500457  0.522293 0.0  0.596666  0.452684  0.440055  0.346973  0.499275  0.588370  0.695591  0.503741  0.555911  0.329099  0.706499  0.635662  0.437997  0.734810  0.700854  0.719231  0.652389  0.731378  0.702414  0.767985  0.771743  0.609521  0.631065  0.816341  0.631480  0.459739  0.439026  0.662751  0.436604  0.605507  0.400450  0.522925  0.613019  0.594460  0.668512  0.618168  0.643545  0.708014  0.575255  0.435202  0.678607  0.552527  0.517503  0.553406  0.714912  0.534217  0.735235  0.627789  0.618658  0.509968  0.613260 
10  0.588370  0.492524  0.454020  0.795021  0.588858  0.574016  0.784985  0.518362  0.665064  0.596666 0.0  0.551446  0.476557  0.716767  0.736818  0.557439  0.625883  0.547652  0.666565  0.551985  0.630105  0.620822  0.377847  0.691737  0.353167  0.322260  0.712439  0.522540  0.600551  0.587743  0.576441  0.481005  0.557988  0.618713  0.570833  0.622818  0.672262  0.483356  0.350419  0.267318  0.614718  0.651780  0.454298  0.551961  0.441912  0.651171  0.472805  0.628625  0.704692  0.619520  0.358900  0.591648  0.574730  0.438754  0.605454  0.458392  0.644936  0.490934  0.687609  0.743170  0.460683 
11  0.428627  0.478326  0.667892  0.636742  0.456582  0.521567  0.543935  0.508952  0.567516  0.452684  0.551446 0.0  0.399577  0.496842  0.548107  0.477225  0.487293  0.204043  0.574673  0.454714  0.717808  0.439254  0.692563  0.560220  0.491468  0.511145  0.549238  0.582453  0.565231  0.636322  0.525490  0.133482  0.470633  0.663149  0.541117  0.429091  0.579928  0.712144  0.675083  0.590777  0.376998  0.479849  0.436743  0.499639  0.557101  0.714974  0.527784  0.482419  0.567215  0.376257  0.710093  0.445800  0.147950  0.649824  0.441918  0.377316  0.666637  0.429857  0.552503  0.522929  0.612278 
12  0.410384  0.581501  0.720903  0.601855  0.461292  0.648168  0.590957  0.247719  0.425570  0.440055  0.476557  0.399577 0.0  0.410407  0.468849  0.477416  0.489507  0.387422  0.493701  0.267528  0.787485  0.658530  0.774692  0.481225  0.519735  0.554869  0.725370  0.359673  0.712535  0.780173  0.687863  0.313894  0.431009  0.851076  0.472501  0.382294  0.344612  0.715572  0.582241  0.472204  0.380160  0.601896  0.331746  0.553306  0.466211  0.621931  0.353512  0.501598  0.581180  0.216113  0.507093  0.345831  0.316754  0.625121  0.530051  0.329326  0.504855  0.417498  0.607457  0.375669  0.636479 
13  0.357578  0.740191  0.674428  0.605700  0.491650  0.600190  0.389668  0.473985  0.386759  0.346973  0.716767  0.496842  0.410407 0.0  0.474620  0.630929  0.590703  0.431594  0.367254  0.363471  0.807279  0.626887  0.732419  0.577296  0.481620  0.528370  0.644905  0.553789  0.635895  0.733996  0.643029  0.417266  0.543742  0.644649  0.591027  0.382950  0.347499  0.716824  0.526157  0.700093  0.452148  0.467163  0.480699  0.640638  0.626811  0.649532  0.548367  0.666699  0.692585  0.357398  0.728642  0.423250  0.440235  0.537324  0.533577  0.408771  0.593647  0.666272  0.521222  0.340234  0.823233 
14  0.526401  0.859078  0.815236  0.665308  0.727017  0.684189  0.443054  0.513839  0.401149  0.499275  0.736818  0.548107  0.468849  0.474620 0.0  0.657534  0.753894  0.631326  0.249710  0.378033  0.850878  0.743712  0.575419  0.661621  0.618052  0.746332  0.766007  0.591696  0.614478  0.829662  0.874549  0.562067  0.727097  0.959834  0.608279  0.530069  0.445758  0.845218  0.655425  0.672424  0.340269  0.550737  0.441737  0.848868  0.747509  0.559776  0.576894  0.552612  0.758238  0.358951  0.628341  0.492352  0.579382  0.586826  0.800358  0.566453  0.747674  0.689974  0.668303  0.336265  0.600555 
15  0.465360  0.472524  0.603635  0.707151  0.413828  0.589870  0.639488  0.515886  0.492210  0.588370  0.557439  0.477225  0.477416  0.630929  0.657534 0.0  0.342786  0.454805  0.652383  0.447885  0.556044  0.589713  0.634774  0.434973  0.684853  0.598936  0.604200  0.409312  0.448427  0.605747  0.557246  0.564035  0.470008  0.721814  0.369992  0.493436  0.593741  0.584038  0.661941  0.488524  0.526817  0.676245  0.501555  0.499553  0.462682  0.407107  0.461640  0.350774  0.627333  0.513120  0.587455  0.510111  0.504066  0.687608  0.483047  0.435744  0.430052  0.372405  0.617156  0.617834  0.606434 
16  0.450257  0.447984  0.599386  0.576014  0.209327  0.452053  0.667367  0.525289  0.469322  0.695591  0.625883  0.487293  0.489507  0.590703  0.753894  0.342786 0.0  0.379683  0.626884  0.524605  0.626855  0.577481  0.827048  0.327135  0.458269  0.466422  0.488248  0.573969  0.539075  0.513682  0.389987  0.526548  0.356719  0.533554  0.208364  0.355643  0.477571  0.498865  0.545366  0.448893  0.569486  0.611580  0.416565  0.388165  0.453967  0.656967  0.374310  0.302522  0.594210  0.602102  0.574768  0.395879  0.626406  0.736227  0.408532  0.324336  0.216504  0.347907  0.696463  0.577954  0.653485 
17  0.365565  0.526195  0.558474  0.525789  0.523678  0.560273  0.531295  0.448296  0.541103  0.503741  0.547652  0.204043  0.387422  0.431594  0.631326  0.454805  0.379683 0.0  0.596274  0.416096  0.644841  0.646587  0.594311  0.534432  0.501314  0.523649  0.591274  0.556257  0.569662  0.654247  0.505510  0.225453  0.374221  0.655136  0.640795  0.397772  0.486148  0.731532  0.624860  0.528419  0.402739  0.425817  0.401023  0.504938  0.550601  0.627777  0.568156  0.595085  0.534802  0.472700  0.605343  0.487814  0.275397  0.574201  0.505063  0.394945  0.634237  0.400313  0.588340  0.528150  0.710035 
18  0.403932  0.780091  0.813656  0.698275  0.628160  0.751859  0.461793  0.497482  0.308082  0.555911  0.666565  0.574673  0.493701  0.367254  0.249710  0.652383  0.626884  0.596274 0.0  0.425506  0.743861  0.687889  0.554007  0.750494  0.544594  0.607007  0.796531  0.570596  0.680579  0.724107  0.832907  0.623040  0.687186  0.970322  0.628267  0.463864  0.474347  0.755954  0.417410  0.637808  0.407006  0.533377  0.505761  0.753514  0.637024  0.616718  0.516790  0.691456  0.719604  0.495681  0.510261  0.327353  0.680921  0.500829  0.722719  0.600241  0.597303  0.636033  0.586482  0.264454  0.705882 
19  0.252671  0.538409  0.716989  0.608878  0.526492  0.585136  0.448086  0.310603  0.259022  0.329099  0.551985  0.454714  0.267528  0.363471  0.378033  0.447885  0.524605  0.416096  0.425506 0.0  0.759788  0.687946  0.479206  0.561110  0.548756  0.574973  0.653944  0.482928  0.662837  0.759252  0.586252  0.506091  0.446329  0.693644  0.527852  0.360178  0.246727  0.532519  0.519643  0.496979  0.242220  0.508061  0.488819  0.747762  0.458191  0.499535  0.453350  0.493627  0.605816  0.140191  0.562930  0.370176  0.454532  0.469975  0.594657  0.415765  0.520415  0.480992  0.652214  0.304595  0.620948 
20  0.674407  0.616632  0.590197  0.581825  0.506704  0.504104  0.806692  0.855636  0.787762  0.706499  0.630105  0.717808  0.787485  0.807279  0.850878  0.556044  0.626855  0.644841  0.743861  0.759788 0.0  0.463414  0.717305  0.605516  0.700303  0.715437  0.519299  0.688450  0.537651  0.542377  0.389269  0.670088  0.605326  0.537781  0.535805  0.775416  0.778303  0.546796  0.686109  0.578266  0.731844  0.620173  0.721196  0.456766  0.638301  0.560925  0.675085  0.672862  0.632082  0.754013  0.672026  0.810715  0.717489  0.712619  0.411392  0.745632  0.628655  0.725598  0.705954  0.727589  0.553180 
21  0.680914  0.481463  0.641758  0.726006  0.518957  0.541914  0.691009  0.599919  0.643308  0.635662  0.620822  0.439254  0.658530  0.626887  0.743712  0.589713  0.577481  0.646587  0.687889  0.687946  0.463414 0.0  0.680274  0.637225  0.581520  0.549709  0.440927  0.632990  0.604603  0.583149  0.603515  0.616617  0.521799  0.550022  0.511724  0.579613  0.601510  0.460267  0.712414  0.564640  0.675592  0.670065  0.621920  0.486076  0.571724  0.647598  0.653629  0.464312  0.553662  0.641163  0.550973  0.697324  0.580433  0.671749  0.538901  0.636405  0.577592  0.576847  0.618121  0.772678  0.681943 
22  0.528545  0.633003  0.530568  0.755383  0.688087  0.611841  0.523216  0.590545  0.473620  0.437997  0.377847  0.692563  0.774692  0.732419  0.575419  0.634774  0.827048  0.594311  0.554007  0.479206  0.717305  0.680274 0.0  0.730438  0.476843  0.451957  0.707263  0.731057  0.631615  0.911908  0.681665  0.714353  0.675011  0.525730  0.718199  0.634328  0.534157  0.676022  0.226617  0.462739  0.429073  0.491974  0.633288  0.710988  0.583967  0.746093  0.589721  0.568563  0.706578  0.531302  0.451924  0.538798  0.659778  0.323381  0.721870  0.477109  0.668382  0.699532  0.650549  0.479941  0.328000 
23  0.454958  0.487152  0.581984  0.517303  0.397756  0.519438  0.573537  0.486440  0.562091  0.734810  0.691737  0.560220  0.481225  0.577296  0.661621  0.434973  0.327135  0.534432  0.750494  0.561110  0.605516  0.637225  0.730438 0.0  0.546279  0.502951  0.404921  0.491048  0.574948  0.459477  0.515975  0.583011  0.294799  0.604337  0.308697  0.370427  0.602987  0.542443  0.538735  0.470353  0.561303  0.542499  0.503880  0.485116  0.368382  0.496200  0.434847  0.407748  0.597921  0.600656  0.659028  0.527828  0.535051  0.728386  0.467095  0.365582  0.424010  0.442547  0.649565  0.574805  0.590348 
24  0.397403  0.574266  0.537594  0.576516  0.489506  0.520430  0.580475  0.559558  0.542093  0.700854  0.353167  0.491468  0.519735  0.481620  0.618052  0.684853  0.458269  0.501314  0.544594  0.548756  0.700303  0.581520  0.476843  0.546279 0.0  0.249447  0.648923  0.530719  0.501577  0.742817  0.521695  0.588467  0.504466  0.643884  0.551737  0.479684  0.518917  0.613506  0.331024  0.382029  0.631830  0.613478  0.396446  0.616144  0.567763  0.659725  0.518222  0.618579  0.617344  0.740539  0.477926  0.563147  0.532061  0.398526  0.666311  0.429430  0.532521  0.591169  0.722394  0.617525  0.571554 
25  0.485931  0.405063  0.438878  0.649433  0.444595  0.545007  0.555093  0.454701  0.515446  0.719231  0.322260  0.511145  0.554869  0.528370  0.746332  0.598936  0.466422  0.523649  0.607007  0.574973  0.715437  0.549709  0.451957  0.502951  0.249447 0.0  0.541923  0.577767  0.532083  0.589933  0.479707  0.594410  0.607673  0.666208  0.484316  0.380918  0.579263  0.749964  0.369281  0.289967  0.556629  0.550115  0.414151  0.561668  0.471917  0.701509  0.466844  0.551178  0.572181  0.540914  0.398612  0.501902  0.565604  0.440706  0.420414  0.376643  0.474102  0.577367  0.653140  0.512539  0.496665 
26  0.628347  0.726682  0.622329  0.509804  0.452668  0.508156  0.801264  0.667383  0.683415  0.652389  0.712439  0.549238  0.725370  0.644905  0.766007  0.604200  0.488248  0.591274  0.796531  0.653944  0.519299  0.440927  0.707263  0.404921  0.648923  0.541923 0.0  0.723704  0.461657  0.261370  0.385453  0.667919  0.436796  0.508676  0.498034  0.582054  0.727446  0.608025  0.795212  0.500671  0.526211  0.574375  0.650612  0.475344  0.583113  0.735308  0.604133  0.504547  0.466263  0.774439  0.708362  0.616539  0.626917  0.750090  0.461875  0.520999  0.564498  0.602970  0.555813  0.696586  0.716122 
27  0.460719  0.591762  0.626386  0.709379  0.481357  0.558553  0.713080  0.329389  0.453091  0.731378  0.522540  0.582453  0.359673  0.553789  0.591696  0.409312  0.573969  0.556257  0.570596  0.482928  0.688450  0.632990  0.731057  0.491048  0.530719  0.577767  0.723704 0.0  0.587434  0.634186  0.611437  0.547699  0.413801  0.687579  0.522669  0.370359  0.427391  0.556773  0.654783  0.729896  0.557169  0.536636  0.462148  0.541438  0.427435  0.468949  0.350081  0.532092  0.601225  0.501772  0.562291  0.475675  0.576972  0.614737  0.662555  0.376826  0.447051  0.489776  0.665866  0.461582  0.725443 
28  0.519962  0.476537  0.655603  0.553013  0.559163  0.520338  0.598957  0.672841  0.616591  0.702414  0.600551  0.565231  0.712535  0.635895  0.614478  0.448427  0.539075  0.569662  0.680579  0.662837  0.537651  0.604603  0.631615  0.574948  0.501577  0.532083  0.461657  0.587434 0.0  0.577351  0.398222  0.557466  0.504744  0.486082  0.561666  0.571921  0.639252  0.582438  0.612756  0.504604  0.581032  0.575689  0.623261  0.583575  0.553693  0.540053  0.578386  0.438402  0.494000  0.599218  0.584823  0.582749  0.633308  0.494994  0.524504  0.625089  0.488013  0.560684  0.519745  0.631105  0.572357 
29  0.591688  0.633579  0.687727  0.513045  0.463352  0.523277  0.670857  0.702000  0.739236  0.767985  0.587743  0.636322  0.780173  0.733996  0.829662  0.605747  0.513682  0.654247  0.724107  0.759252  0.542377  0.583149  0.911908  0.459477  0.742817  0.589933  0.261370  0.634186  0.577351 0.0  0.412962  0.628004  0.550791  0.539997  0.536288  0.579664  0.812859  0.585561  0.746000  0.588498  1.000000  0.529694  0.573091  0.477325  0.669800  0.696260  0.595350  0.514985  0.460053  0.817703  0.679967  0.578599  0.741205  0.783532  0.447327  0.527574  0.554160  0.699825  0.553318  0.859663  0.648396 
30  0.542475  0.543842  0.569555  0.715673  0.470319  0.497976  0.674904  0.811354  0.644760  0.771743  0.576441  0.525490  0.687863  0.643029  0.874549  0.557246  0.389987  0.505510  0.832907  0.586252  0.389269  0.603515  0.681665  0.515975  0.521695  0.479707  0.385453  0.611437  0.398222  0.412962 0.0  0.567383  0.488104  0.405916  0.462853  0.445021  0.685576  0.639884  0.610701  0.445005  0.685776  0.679967  0.703199  0.384769  0.604117  0.670993  0.596112  0.555278  0.567934  0.695722  0.566762  0.576962  0.535634  0.589866  0.410482  0.602119  0.452447  0.546331  0.712201  0.684845  0.655790 
31  0.426071  0.564068  0.650552  0.542764  0.521127  0.517866  0.601907  0.487990  0.609645  0.609521  0.481005  0.133482  0.313894  0.417266  0.562067  0.564035  0.526548  0.225453  0.623040  0.506091  0.670088  0.616617  0.714353  0.583011  0.588467  0.594410  0.667919  0.547699  0.557466  0.628004  0.567383 0.0  0.502718  0.650892  0.441311  0.427945  0.595723  0.698874  0.584731  0.574194  0.429587  0.527849  0.460802  0.547169  0.537002  0.703886  0.462504  0.536876  0.541020  0.382995  0.551475  0.548924  0.179046  0.603080  0.524852  0.394173  0.754218  0.495101  0.531602  0.537979  0.655701 
32  0.464622  0.496518  0.593818  0.635871  0.351050  0.452089  0.679267  0.457394  0.561058  0.631065  0.557988  0.470633  0.431009  0.543742  0.727097  0.470008  0.356719  0.374221  0.687186  0.446329  0.605326  0.521799  0.675011  0.294799  0.504466  0.607673  0.436796  0.413801  0.504744  0.550791  0.488104  0.502718 0.0  0.578390  0.326625  0.418192  0.534425  0.509088  0.638508  0.475076  0.522996  0.722140  0.488507  0.376203  0.392935  0.520493  0.390595  0.314797  0.522435  0.497720  0.684677  0.491183  0.427836  0.801368  0.429051  0.427186  0.375953  0.336251  0.664408  0.505963  0.477577 
33  0.597677  0.621758  0.591182  0.569460  0.574074  0.682623  0.683084  0.666895  0.694894  0.816341  0.618713  0.663149  0.851076  0.644649  0.959834  0.721814  0.533554  0.655136  0.970322  0.693644  0.537781  0.550022  0.525730  0.604337  0.643884  0.666208  0.508676  0.687579  0.486082  0.539997  0.405916  0.650892  0.578390 0.0  0.716380  0.680327  0.777300  0.728916  0.582808  0.573547  0.604590  0.555326  0.867249  0.459936  0.709362  0.705271  0.676077  0.668560  0.512079  0.669779  0.588906  0.661557  0.787585  0.565523  0.542421  0.714872  0.669674  0.690444  0.620684  0.796326  0.621865 
34  0.409121  0.592026  0.589891  0.606538  0.239230  0.470180  0.563041  0.494022  0.425471  0.631480  0.570833  0.541117  0.472501  0.591027  0.608279  0.369992  0.208364  0.640795  0.628267  0.527852  0.535805  0.511724  0.718199  0.308697  0.551737  0.484316  0.498034  0.522669  0.561666  0.536288  0.462853  0.441311  0.326625  0.716380 0.0  0.366561  0.522202  0.491715  0.625748  0.452179  0.571682  0.680611  0.494151  0.440992  0.342839  0.572003  0.401311  0.327210  0.590144  0.592074  0.613225  0.412117  0.598160  0.721587  0.426521  0.368607  0.247864  0.421370  0.613846  0.450485  0.622355 
35  0.257901  0.603799  0.655358  0.490352  0.313404  0.560510  0.472839  0.386777  0.420748  0.459739  0.622818  0.429091  0.382294  0.382950  0.530069  0.493436  0.355643  0.397772  0.463864  0.360178  0.775416  0.579613  0.634328  0.370427  0.479684  0.380918  0.582054  0.370359  0.571921  0.579664  0.445021  0.427945  0.418192  0.680327  0.366561 0.0  0.345524  0.719923  0.528319  0.602011  0.314482  0.535324  0.282238  0.567855  0.407002  0.692485  0.311508  0.560110  0.560633  0.374131  0.643469  0.294871  0.526875  0.697522  0.518017  0.228237  0.425452  0.438943  0.667547  0.332755  0.689246 
36  0.260989  0.766499  0.776979  0.635580  0.483101  0.712673  0.412261  0.311057  0.246532  0.439026  0.672262  0.579928  0.344612  0.347499  0.445758  0.593741  0.477571  0.486148  0.474347  0.246727  0.778303  0.601510  0.534157  0.602987  0.518917  0.579263  0.727446  0.427391  0.639252  0.812859  0.685576  0.595723  0.534425  0.777300  0.522202  0.345524 0.0  0.653112  0.464210  0.644325  0.360373  0.538555  0.433526  0.540202  0.549944  0.619908  0.389073  0.515685  0.555988  0.241466  0.601652  0.310003  0.534218  0.474885  0.542982  0.347853  0.491417  0.535446  0.657655  0.289115  0.718324 
37  0.698335  0.422144  0.526819  0.664085  0.495651  0.475100  0.535615  0.730841  0.713394  0.662751  0.483356  0.712144  0.715572  0.716824  0.845218  0.584038  0.498865  0.731532  0.755954  0.532519  0.546796  0.460267  0.676022  0.542443  0.613506  0.749964  0.608025  0.556773  0.582438  0.585561  0.639884  0.698874  0.509088  0.728916  0.491715  0.719923  0.653112 0.0  0.616590  0.520024  0.695784  0.580971  0.623844  0.602539  0.561145  0.680568  0.668858  0.603914  0.596129  0.675031  0.587623  0.551809  0.595068  0.547434  0.477199  0.620133  0.535265  0.554506  0.769465  0.811412  0.546149 
38  0.425117  0.694665  0.526648  0.674439  0.446893  0.649736  0.549624  0.558527  0.413364  0.436604  0.350419  0.675083  0.582241  0.526157  0.655425  0.661941  0.545366  0.624860  0.417410  0.519643  0.686109  0.712414  0.226617  0.538735  0.331024  0.369281  0.795212  0.654783  0.612756  0.746000  0.610701  0.584731  0.638508  0.582808  0.625748  0.528319  0.464210  0.616590 0.0  0.485983  0.538315  0.546196  0.553036  0.602759  0.620773  0.680372  0.562567  0.655852  0.727219  0.416678  0.463267  0.478265  0.592396  0.166628  0.555905  0.499323  0.642399  0.623232  0.676083  0.405082  0.434313 
39  0.596143  0.369075  0.327480  0.716782  0.431225  0.438975  0.676273  0.501967  0.581667  0.605507  0.267318  0.590777  0.472204  0.700093  0.672424  0.488524  0.448893  0.528419  0.637808  0.496979  0.578266  0.564640  0.462739  0.470353  0.382029  0.289967  0.500671  0.729896  0.504604  0.588498  0.445005  0.574194  0.475076  0.573547  0.452179  0.602011  0.644325  0.520024  0.485983 0.0  0.528735  0.607643  0.520680  0.417015  0.551532  0.511247  0.637785  0.460786  0.507009  0.580598  0.461356  0.542949  0.594009  0.532764  0.402333  0.414730  0.550371  0.481955  0.691572  0.667737  0.361507 
40  0.278480  0.598938  0.683205  0.569925  0.461748  0.632768  0.513748  0.406900  0.397933  0.400450  0.614718  0.376998  0.380160  0.452148  0.340269  0.526817  0.569486  0.402739  0.407006  0.242220  0.731844  0.675592  0.429073  0.561303  0.631830  0.556629  0.526211  0.557169  0.581032  1.000000  0.685776  0.429587  0.522996  0.604590  0.571682  0.314482  0.360373  0.695784  0.538315  0.528735 0.0  0.589754  0.437840  0.688715  0.612343  0.456204  0.470553  0.629872  0.604016  0.268974  0.518257  0.329678  0.458653  0.656592  0.628532  0.357161  0.619906  0.466553  0.594219  0.362119  0.629861 
41  0.505041  0.627425  0.597926  0.454229  0.662373  0.596714  0.502493  0.627325  0.504516  0.522925  0.651780  0.479849  0.601896  0.467163  0.550737  0.676245  0.611580  0.425817  0.533377  0.508061  0.620173  0.670065  0.491974  0.542499  0.613478  0.550115  0.574375  0.536636  0.575689  0.529694  0.679967  0.527849  0.722140  0.555326  0.680611  0.535324  0.538555  0.580971  0.546196  0.607643  0.589754 0.0  0.553553  0.590679  0.605067  0.634700  0.670539  0.621239  0.672256  0.515467  0.592316  0.519243  0.466354  0.515269  0.518055  0.569503  0.628954  0.686286  0.561678  0.549775  0.712140 
42  0.319361  0.656049  0.756946  0.550447  0.416882  0.493199  0.675812  0.313559  0.508586  0.613019  0.454298  0.436743  0.331746  0.480699  0.441737  0.501555  0.416565  0.401023  0.505761  0.488819  0.721196  0.621920  0.633288  0.503880  0.396446  0.414151  0.650612  0.462148  0.623261  0.573091  0.703199  0.460802  0.488507  0.867249  0.494151  0.282238  0.433526  0.623844  0.553036  0.520680  0.437840  0.553553 0.0  0.693368  0.336525  0.711933  0.331271  0.515154  0.470751  0.471577  0.669545  0.378898  0.505702  0.414558  0.511979  0.208389  0.539014  0.484514  0.641790  0.475823  0.625651 
43  0.580800  0.464002  0.494664  0.586694  0.434041  0.459690  0.746876  0.556410  0.701394  0.594460  0.551961  0.499639  0.553306  0.640638  0.848868  0.499553  0.388165  0.504938  0.753514  0.747762  0.456766  0.486076  0.710988  0.485116  0.616144  0.561668  0.475344  0.541438  0.583575  0.477325  0.384769  0.547169  0.376203  0.459936  0.440992  0.567855  0.540202  0.602539  0.602759  0.417015  0.688715  0.590679  0.693368 0.0  0.615721  0.565825  0.572411  0.405369  0.552407  0.523272  0.598624  0.603505  0.517699  0.711149  0.429896  0.553359  0.446045  0.476501  0.557604  0.644467  0.544592 
44  0.391624  0.552478  0.676140  0.677983  0.468545  0.556528  0.786921  0.387989  0.503111  0.668512  0.441912  0.557101  0.466211  0.626811  0.747509  0.462682  0.453967  0.550601  0.637024  0.458191  0.638301  0.571724  0.583967  0.368382  0.567763  0.471917  0.583113  0.427435  0.553693  0.669800  0.604117  0.537002  0.392935  0.709362  0.342839  0.407002  0.549944  0.561145  0.620773  0.551532  0.612343  0.605067  0.336525  0.615721 0.0  0.598112  0.306247  0.525899  0.577838  0.482455  0.543513  0.466996  0.653856  0.557045  0.505606  0.359312  0.501474  0.535345  0.573575  0.614985  0.731054 
45  0.607979  0.558496  0.568236  0.610619  0.488464  0.590846  0.719916  0.646978  0.667293  0.618168  0.651171  0.714974  0.621931  0.649532  0.559776  0.407107  0.656967  0.627777  0.616718  0.499535  0.560925  0.647598  0.746093  0.496200  0.659725  0.701509  0.735308  0.468949  0.540053  0.696260  0.670993  0.703886  0.520493  0.705271  0.572003  0.692485  0.619908  0.680568  0.680372  0.511247  0.456204  0.634700  0.711933  0.565825  0.598112 0.0  0.531645  0.534226  0.601325  0.576240  0.728352  0.549109  0.602527  0.719510  0.536104  0.521775  0.473421  0.497389  0.678569  0.510427  0.518453 
46  0.362322  0.500945  0.609451  0.624149  0.418508  0.607230  0.585015  0.342165  0.495126  0.643545  0.472805  0.527784  0.353512  0.548367  0.576894  0.461640  0.374310  0.568156  0.516790  0.453350  0.675085  0.653629  0.589721  0.434847  0.518222  0.466844  0.604133  0.350081  0.578386  0.595350  0.596112  0.462504  0.390595  0.676077  0.401311  0.311508  0.389073  0.668858  0.562567  0.637785  0.470553  0.670539  0.331271  0.572411  0.306247  0.531645 0.0  0.561303  0.577702  0.401164  0.649925  0.417345  0.551921  0.437978  0.492010  0.318750  0.481105  0.466384  0.677625  0.500182  0.657838 
47  0.574367  0.427291  0.537477  0.688592  0.405706  0.522348  0.723880  0.506848  0.627077  0.708014  0.628625  0.482419  0.501598  0.666699  0.552612  0.350774  0.302522  0.595085  0.691456  0.493627  0.672862  0.464312  0.568563  0.407748  0.618579  0.551178  0.504547  0.532092  0.438402  0.514985  0.555278  0.536876  0.314797  0.668560  0.327210  0.560110  0.515685  0.603914  0.655852  0.460786  0.629872  0.621239  0.515154  0.405369  0.525899  0.534226  0.561303 0.0  0.521819  0.518734  0.672110  0.562924  0.539088  0.817087  0.431562  0.442013  0.368252  0.311503  0.610751  0.548152  0.539711 
48  0.563752  0.461711  0.513464  0.625623  0.513800  0.671724  0.660727  0.641063  0.629119  0.575255  0.704692  0.567215  0.581180  0.692585  0.758238  0.627333  0.594210  0.534802  0.719604  0.605816  0.632082  0.553662  0.706578  0.597921  0.617344  0.572181  0.466263  0.601225  0.494000  0.460053  0.567934  0.541020  0.522435  0.512079  0.590144  0.560633  0.555988  0.596129  0.727219  0.507009  0.604016  0.672256  0.470751  0.552407  0.577838  0.601325  0.577702  0.521819 0.0  0.627231  0.576462  0.585422  0.577548  0.658217  0.675718  0.549479  0.600316  0.505507  0.582323  0.672013  0.590619 
49  0.334072  0.619857  0.560966  0.657032  0.506622  0.628301  0.497000  0.273354  0.291265  0.435202  0.619520  0.376257  0.216113  0.357398  0.358951  0.513120  0.602102  0.472700  0.495681  0.140191  0.754013  0.641163  0.531302  0.600656  0.740539  0.540914  0.774439  0.501772  0.599218  0.817703  0.695722  0.382995  0.497720  0.669779  0.592074  0.374131  0.241466  0.675031  0.416678  0.580598  0.268974  0.515467  0.471577  0.523272  0.482455  0.576240  0.401164  0.518734  0.627231 0.0  0.564385  0.372440  0.371968  0.473797  0.636222  0.403515  0.548100  0.578184  0.657115  0.296477  0.590069 
50  0.579288  0.584931  0.441402  0.666749  0.598568  0.594869  0.681740  0.608690  0.679630  0.678607  0.358900  0.710093  0.507093  0.728642  0.628341  0.587455  0.574768  0.605343  0.510261  0.562930  0.672026  0.550973  0.451924  0.659028  0.477926  0.398612  0.708362  0.562291  0.584823  0.679967  0.566762  0.551475  0.684677  0.588906  0.613225  0.643469  0.601652  0.587623  0.463267  0.461356  0.518257  0.592316  0.669545  0.598624  0.543513  0.728352  0.649925  0.672110  0.576462  0.564385 0.0  0.642416  0.561088  0.494227  0.589403  0.643976  0.628173  0.678568  0.661620  0.593129  0.582172 
51  0.284606  0.572863  0.714869  0.611647  0.367048  0.611674  0.361180  0.343331  0.324897  0.552527  0.591648  0.445800  0.345831  0.423250  0.492352  0.510111  0.395879  0.487814  0.327353  0.370176  0.810715  0.697324  0.538798  0.527828  0.563147  0.501902  0.616539  0.475675  0.582749  0.578599  0.576962  0.548924  0.491183  0.661557  0.412117  0.294871  0.310003  0.551809  0.478265  0.542949  0.329678  0.519243  0.378898  0.603505  0.466996  0.549109  0.417345  0.562924  0.585422  0.372440  0.642416 0.0  0.565269  0.494420  0.531267  0.301226  0.370281  0.462755  0.659816  0.296788  0.595095 
52  0.524307  0.477708  0.641817  0.664023  0.549589  0.605039  0.564468  0.500919  0.525485  0.517503  0.574730  0.147950  0.316754  0.440235  0.579382  0.504066  0.626406  0.275397  0.680921  0.454532  0.717489  0.580433  0.659778  0.535051  0.532061  0.565604  0.626917  0.576972  0.633308  0.741205  0.535634  0.179046  0.427836  0.787585  0.598160  0.526875  0.534218  0.595068  0.592396  0.594009  0.458653  0.466354  0.505702  0.517699  0.653856  0.602527  0.551921  0.539088  0.577548  0.371968  0.561088  0.565269 0.0  0.599227  0.516578  0.442749  0.544470  0.528205  0.608117  0.488061  0.709832 
53  0.445183  0.622630  0.511067  0.711151  0.672443  0.586834  0.548550  0.509196  0.428416  0.553406  0.438754  0.649824  0.625121  0.537324  0.586826  0.687608  0.736227  0.574201  0.500829  0.469975  0.712619  0.671749  0.323381  0.728386  0.398526  0.440706  0.750090  0.614737  0.494994  0.783532  0.589866  0.603080  0.801368  0.565523  0.721587  0.697522  0.474885  0.547434  0.166628  0.532764  0.656592  0.515269  0.414558  0.711149  0.557045  0.719510  0.437978  0.817087  0.658217  0.473797  0.494227  0.494420  0.599227 0.0  0.626540  0.452896  0.722701  0.643722  0.736691  0.503132  0.501836 
54  0.495335  0.449177  0.457324  0.592026  0.368736  0.477466  0.609604  0.541978  0.610241  0.714912  0.605454  0.441918  0.530051  0.533577  0.800358  0.483047  0.408532  0.505063  0.722719  0.594657  0.411392  0.538901  0.721870  0.467095  0.666311  0.420414  0.461875  0.662555  0.524504  0.447327  0.410482  0.524852  0.429051  0.542421  0.426521  0.518017  0.542982  0.477199  0.555905  0.402333  0.628532  0.518055  0.511979  0.429896  0.505606  0.536104  0.492010  0.431562  0.675718  0.636222  0.589403  0.531267  0.516578  0.626540 0.0  0.464330  0.494677  0.455519  0.683548  0.581191  0.605614 
55  0.287169  0.535993  0.598160  0.608962  0.335943  0.520269  0.542087  0.347057  0.365226  0.534217  0.458392  0.377316  0.329326  0.408771  0.566453  0.435744  0.324336  0.394945  0.600241  0.415765  0.745632  0.636405  0.477109  0.365582  0.429430  0.376643  0.520999  0.376826  0.625089  0.527574  0.602119  0.394173  0.427186  0.714872  0.368607  0.228237  0.347853  0.620133  0.499323  0.414730  0.357161  0.569503  0.208389  0.553359  0.359312  0.521775  0.318750  0.442013  0.549479  0.403515  0.643976  0.301226  0.442749  0.452896  0.464330 0.0  0.410177  0.474045  0.637746  0.441459  0.670942 
56  0.447830  0.551557  0.574862  0.653581  0.284534  0.469361  0.600763  0.540210  0.524957  0.735235  0.644936  0.666637  0.504855  0.593647  0.747674  0.430052  0.216504  0.634237  0.597303  0.520415  0.628655  0.577592  0.668382  0.424010  0.532521  0.474102  0.564498  0.447051  0.488013  0.554160  0.452447  0.754218  0.375953  0.669674  0.247864  0.425452  0.491417  0.535265  0.642399  0.550371  0.619906  0.628954  0.539014  0.446045  0.501474  0.473421  0.481105  0.368252  0.600316  0.548100  0.628173  0.370281  0.544470  0.722701  0.494677  0.410177 0.0  0.514583  0.640063  0.508831  0.507774 
57  0.453916  0.530533  0.450982  0.621636  0.347663  0.476384  0.683687  0.428877  0.530070  0.627789  0.490934  0.429857  0.417498  0.666272  0.689974  0.372405  0.347907  0.400313  0.636033  0.480992  0.725598  0.576847  0.699532  0.442547  0.591169  0.577367  0.602970  0.489776  0.560684  0.699825  0.546331  0.495101  0.336251  0.690444  0.421370  0.438943  0.535446  0.554506  0.623232  0.481955  0.466553  0.686286  0.484514  0.476501  0.535345  0.497389  0.466384  0.311503  0.505507  0.578184  0.678568  0.462755  0.528205  0.643722  0.455519  0.474045  0.514583 0.0  0.667530  0.629154  0.611222 
58  0.586174  0.664470  0.634009  0.466779  0.601550  0.687570  0.628973  0.659946  0.695145  0.618658  0.687609  0.552503  0.607457  0.521222  0.668303  0.617156  0.696463  0.588340  0.586482  0.652214  0.705954  0.618121  0.650549  0.649565  0.722394  0.653140  0.555813  0.665866  0.519745  0.553318  0.712201  0.531602  0.664408  0.620684  0.613846  0.667547  0.657655  0.769465  0.676083  0.691572  0.594219  0.561678  0.641790  0.557604  0.573575  0.678569  0.677625  0.610751  0.582323  0.657115  0.661620  0.659816  0.608117  0.736691  0.683548  0.637746  0.640063  0.667530 0.0  0.629125  0.651305 
59  0.329746  0.707131  0.835812  0.694319  0.552353  0.721653  0.321952  0.374060  0.146833  0.509968  0.743170  0.522929  0.375669  0.340234  0.336265  0.617834  0.577954  0.528150  0.264454  0.304595  0.727589  0.772678  0.479941  0.574805  0.617525  0.512539  0.696586  0.461582  0.631105  0.859663  0.684845  0.537979  0.505963  0.796326  0.450485  0.332755  0.289115  0.811412  0.405082  0.667737  0.362119  0.549775  0.475823  0.644467  0.614985  0.510427  0.500182  0.548152  0.672013  0.296477  0.593129  0.296788  0.488061  0.503132  0.581191  0.441459  0.508831  0.629154  0.629125 0.0  0.778955 
60  0.591828  0.562060  0.431400  0.576433  0.584539  0.536294  0.724159  0.768751  0.674099  0.613260  0.460683  0.612278  0.636479  0.823233  0.600555  0.606434  0.653485  0.710035  0.705882  0.620948  0.553180  0.681943  0.328000  0.590348  0.571554  0.496665  0.716122  0.725443  0.572357  0.648396  0.655790  0.655701  0.477577  0.621865  0.622355  0.689246  0.718324  0.546149  0.434313  0.361507  0.629861  0.712140  0.625651  0.544592  0.731054  0.518453  0.657838  0.539711  0.590619  0.590069  0.582172  0.595095  0.709832  0.501836  0.605614  0.670942  0.507774  0.611222  0.651305  0.778955 0.0 
