61
0 0.0  0.614977  0.659615  0.659013  0.370391  0.678984  0.501519  0.336343  0.303000  0.496130  0.565177  0.520820  0.460552  0.394127  0.553926  0.532114  0.455532  0.394670  0.385278  0.272723  0.741652  0.759239  0.590768  0.596282  0.550456  0.460451  0.709898  0.428125  0.642703  0.734845  0.664482  0.419857  0.459489  0.588059  0.428932  0.277716  0.258503  0.770812  0.424543  0.611844  0.298952  0.569602  0.331188  0.566625  0.417019  0.656275  0.402881  0.606202  0.637650  0.305039  0.652032  0.295487  0.454829  0.539123  0.627840  0.298063  0.513041  0.499623  0.665104  0.371444  0.678151 
1  0.614977 0.0  0.513403  0.684484  0.480897  0.516524  0.799203  0.684065  0.771101  0.610418  0.488659  0.495316  0.632939  0.771491  0.687307  0.478038  0.505109  0.535010  0.802452  0.637561  0.723947  0.593357  0.573907  0.521621  0.691451  0.478696  0.667558  0.723366  0.578546  0.644548  0.519952  0.534451  0.517521  0.625949  0.519039  0.598413  0.599819  0.458457  0.641405  0.400798  0.577068  0.665052  0.727803  0.482477  0.707760  0.589475  0.549160  0.499861  0.566922  0.604206  0.631075  0.618135  0.556167  0.699683  0.385776  0.581878  0.574213  0.455448  0.736020  0.751412  0.577977 
2  0.659615  0.513403 0.0  0.671450  0.633272  0.644758  0.804883  0.727825  0.745650  0.808985  0.509060  0.624783  0.685751  0.830339  0.832877  0.619563  0.549173  0.793153  0.948600  0.700504  0.755052  0.590955  0.589593  0.531478  0.552338  0.415049  0.724369  0.702062  0.559260  0.676898  0.588620  0.819059  0.533808  0.560524  0.580161  0.780202  0.699065  0.718312  0.555644  0.358698  0.590771  0.900149  0.616786  0.496971  0.641699  0.565197  0.656374  0.506127  0.532148  0.706250  0.451782  0.826646  0.824084  0.591277  0.508336  0.718908  0.518914  0.482384  0.736588  0.721423  0.502005 
3  0.659013  0.684484  0.671450 0.0  0.785121  0.612978  0.664434  0.726921  0.669522  0.715699  0.787830  0.642972  0.769379  0.726580  0.689389  0.549563  0.687212  0.658597  0.817757  0.645012  0.748184  0.631109  0.778460  0.726020  0.590938  0.728736  0.554664  0.698819  0.617326  0.447082  0.611319  0.573158  0.621035  0.575878  0.719428  0.632651  0.687872  0.779936  0.871201  0.748234  0.593260  0.493740  0.589990  0.604613  0.757711  0.774789  0.694642  0.535031  0.513018  0.806118  0.664412  0.663783  0.666340  0.720489  0.497091  0.599525  0.785029  0.695017  0.562736  0.833412  0.664348 
4  0.370391  0.480897  0.633272  0.785121 0.0  0.617955  0.644504  0.557229  0.482488  0.650254  0.539458  0.538793  0.494508  0.581749  0.731357  0.453144  0.239104  0.585895  0.600465  0.568225  0.586868  0.544233  0.799106  0.376303  0.520619  0.436197  0.508389  0.491673  0.525511  0.584111  0.470471  0.615405  0.389845  0.679362  0.240116  0.427527  0.489969  0.558904  0.613751  0.444544  0.596849  0.642741  0.457777  0.556984  0.473330  0.604316  0.414441  0.340156  0.541925  0.426907  0.572293  0.421189  0.514753  0.574236  0.479595  0.361791  0.272610  0.401702  0.692675  0.519918  0.674046 
5  0.678984  0.516524  0.644758  0.612978  0.617955 0.0  0.699992  0.596788  0.776189  0.640893  0.545954  0.553810  0.699527  0.624140  0.513641  0.611881  0.569456  0.575635  0.745042  0.714371  0.588647  0.539726  0.710012  0.624147  0.536074  0.516759  0.539600  0.644983  0.637764  0.542496  0.527357  0.624834  0.509611  0.627461  0.484769  0.650571  0.663141  0.461812  0.668465  0.512816  0.675546  0.576538  0.600452  0.586531  0.603139  0.623145  0.559267  0.556235  0.587595  0.575130  0.565442  0.678568  0.651588  0.723925  0.507260  0.653471  0.595865  0.643279  0.535378  0.696683  0.692510 
6  0.501519  0.799203  0.804883  0.664434  0.644504  0.699992 0.0  0.518256  0.411287  0.507538  0.789496  0.659240  0.581793  0.378030  0.547732  0.690261  0.601039  0.612207  0.438266  0.526578  0.974936  0.706133  0.589488  0.735373  0.687987  0.582138  0.762616  0.657497  0.614491  0.808801  0.719735  0.522141  0.726902  0.820666  0.737727  0.468620  0.397887  0.829648  0.526826  0.760824  0.559082  0.640789  0.775366  0.605581  0.768972  0.841979  0.568438  0.706806  0.690600  0.535717  0.718316  0.472008  0.695797  0.674393  0.698207  0.664764  0.574429  0.889525  0.605557  0.333827  0.725127 
7  0.336343  0.684065  0.727825  0.726921  0.557229  0.596788  0.518256 0.0  0.370713  0.633646  0.565489  0.581442  0.222723  0.453339  0.535016  0.495042  0.494354  0.516284  0.482179  0.308961  0.741782  0.656518  0.663017  0.476178  0.581248  0.467848  0.720296  0.333792  0.687395  0.722708  0.680380  0.470505  0.480847  0.871683  0.563184  0.379221  0.356821  0.668877  0.566406  0.508495  0.488277  0.653999  0.343590  0.701608  0.421615  0.653633  0.349293  0.634054  0.715262  0.299295  0.706019  0.364107  0.457183  0.519030  0.573716  0.337935  0.520927  0.540214  0.646528  0.372737  0.768089 
8  0.303000  0.771101  0.745650  0.669522  0.482488  0.776189  0.411287  0.370713 0.0  0.552518  0.621449  0.715598  0.433957  0.384592  0.387580  0.659478  0.572864  0.449169  0.307115  0.310572  0.876812  0.725890  0.508557  0.730437  0.681919  0.492027  0.796465  0.542328  0.710315  0.719141  0.707376  0.623959  0.637353  0.735727  0.511478  0.394775  0.275885  0.684414  0.494270  0.692149  0.422502  0.553555  0.566441  0.563801  0.580550  0.576458  0.503069  0.558125  0.747995  0.313002  0.553287  0.325570  0.638914  0.543364  0.609058  0.458796  0.592741  0.566108  0.751381  0.194340  0.794704 
9  0.496130  0.610418  0.808985  0.715699  0.650254  0.640893  0.507538  0.633646  0.552518 0.0  0.757121  0.515414  0.590705  0.426935  0.511503  0.671456  0.785703  0.559550  0.561191  0.454073  0.788780  0.760619  0.613417  0.690909  0.761119  0.638633  0.625192  0.618511  0.615952  0.837078  0.773213  0.605290  0.632831  0.748015  0.739873  0.532936  0.543650  0.765770  0.608101  0.692296  0.503483  0.504492  0.682725  0.721005  0.575025  0.624659  0.614424  0.680061  0.730560  0.455672  0.740408  0.589948  0.480898  0.521316  0.688648  0.539864  0.731651  0.644111  0.634109  0.495137  0.500729 
10  0.565177  0.488659  0.509060  0.787830  0.539458  0.545954  0.789496  0.565489  0.621449  0.757121 0.0  0.689861  0.531898  0.746420  0.696238  0.477418  0.584147  0.594816  0.698326  0.602611  0.747282  0.693584  0.455119  0.686810  0.395924  0.344290  0.689229  0.708390  0.667652  0.701187  0.650515  0.577302  0.694286  0.609601  0.684794  0.643298  0.671676  0.697617  0.340679  0.333034  0.660839  0.721755  0.432624  0.521760  0.522984  0.759925  0.475831  0.645749  0.643699  0.681336  0.418087  0.586860  0.578807  0.388108  0.570657  0.456423  0.650967  0.661152  0.781239  0.739358  0.471019 
11  0.520820  0.495316  0.624783  0.642972  0.538793  0.553810  0.659240  0.581442  0.715598  0.515414  0.689861 0.0  0.362753  0.478435  0.646558  0.474501  0.521776  0.221167  0.690515  0.536967  0.833695  0.610747  0.778451  0.546022  0.618318  0.596949  0.664955  0.591171  0.609966  0.737613  0.568420  0.136872  0.398459  0.779220  0.587109  0.499113  0.659842  0.655378  0.712911  0.596028  0.431416  0.520885  0.493207  0.569880  0.529626  0.746324  0.542457  0.544206  0.696096  0.454843  0.737411  0.504597  0.161165  0.633397  0.535260  0.468370  0.720833  0.524279  0.499045  0.502788  0.591083 
12  0.460552  0.632939  0.685751  0.769379  0.494508  0.699527  0.581793  0.222723  0.433957  0.590705  0.531898  0.362753 0.0  0.447291  0.466824  0.499001  0.619956  0.508632  0.541601  0.282757  0.752607  0.653149  0.718862  0.598116  0.584620  0.585684  0.684846  0.429331  0.619978  0.919124  0.764368  0.303369  0.541607  0.749932  0.625576  0.444642  0.411879  0.609254  0.618177  0.499376  0.332552  0.583818  0.412178  0.697685  0.462900  0.577115  0.433616  0.534633  0.677311  0.225852  0.691477  0.451256  0.296495  0.618720  0.624300  0.372410  0.590312  0.492162  0.705785  0.442138  0.644755 
13  0.394127  0.771491  0.830339  0.726580  0.581749  0.624140  0.378030  0.453339  0.384592  0.426935  0.746420  0.478435  0.447291 0.0  0.559301  0.633404  0.663903  0.379264  0.445957  0.376537  0.686570  0.824806  0.728262  0.642323  0.647554  0.588835  0.599308  0.615593  0.658685  0.732851  0.757871  0.457206  0.688005  0.641503  0.610560  0.411544  0.413331  0.929296  0.579159  0.652938  0.469550  0.527879  0.459285  0.648819  0.662357  0.798376  0.678675  0.663057  0.845889  0.404625  0.718088  0.471232  0.473512  0.536057  0.647569  0.405941  0.614739  0.674843  0.585745  0.408243  0.756019 
14  0.553926  0.687307  0.832877  0.689389  0.731357  0.513641  0.547732  0.535016  0.387580  0.511503  0.696238  0.646558  0.466824  0.559301 0.0  0.647361  0.732510  0.589245  0.223636  0.461504  0.901905  0.643650  0.695785  0.720144  0.671013  0.665310  0.957057  0.525581  0.739281  0.867266  0.948986  0.616172  0.723000  0.881227  0.802279  0.567176  0.672949  0.841238  0.642824  0.694549  0.463422  0.568489  0.557605  0.978705  0.793984  0.607159  0.576661  0.724679  0.762999  0.466366  0.691721  0.498807  0.609113  0.643220  0.716749  0.702959  0.720484  0.632074  0.692726  0.363106  0.801153 
15  0.532114  0.478038  0.619563  0.549563  0.453144  0.611881  0.690261  0.495042  0.659478  0.671456  0.477418  0.474501  0.499001  0.633404  0.647361 0.0  0.381575  0.616275  0.713156  0.453762  0.706349  0.549459  0.707373  0.472819  0.883146  0.670274  0.633070  0.619096  0.599897  0.666682  0.542222  0.602553  0.488053  0.763360  0.401769  0.607534  0.686871  0.426615  0.753710  0.546389  0.422799  0.561801  0.654755  0.510269  0.523383  0.454702  0.491654  0.345202  0.630602  0.489222  0.747718  0.543268  0.550937  0.759008  0.516881  0.493796  0.373920  0.480021  0.695170  0.595023  0.501029 
16  0.455532  0.505109  0.549173  0.687212  0.239104  0.569456  0.601039  0.494354  0.572864  0.785703  0.584147  0.521776  0.619956  0.663903  0.732510  0.381575 0.0  0.560325  0.696141  0.564478  0.593330  0.497632  0.894501  0.344601  0.562880  0.440900  0.398178  0.575183  0.579877  0.568048  0.510784  0.599164  0.370791  0.701471  0.221699  0.494127  0.458622  0.663673  0.710394  0.480744  0.627178  0.648510  0.516880  0.426549  0.372109  0.613488  0.446658  0.335191  0.625323  0.615476  0.627167  0.412244  0.644539  0.773210  0.481124  0.358570  0.251249  0.497000  0.621855  0.483641  0.626402 
17  0.394670  0.535010  0.793153  0.658597  0.585895  0.575635  0.612207  0.516284  0.449169  0.559550  0.594816  0.221167  0.508632  0.379264  0.589245  0.616275  0.560325 0.0  0.657624  0.424390  0.744989  0.686417  0.656261  0.569053  0.612932  0.476643  0.531900  0.609887  0.664719  0.546128  0.569130  0.236001  0.460973  0.677100  0.518351  0.472535  0.594197  0.723760  0.686455  0.648958  0.456220  0.550953  0.398364  0.614931  0.562427  0.699822  0.488324  0.545150  0.688325  0.501483  0.678159  0.526161  0.278792  0.573033  0.542139  0.400175  0.717295  0.460961  0.722952  0.579932  0.695006 
18  0.385278  0.802452  0.948600  0.817757  0.600465  0.745042  0.438266  0.482179  0.307115  0.561191  0.698326  0.690515  0.541601  0.445957  0.223636  0.713156  0.696141  0.657624 0.0  0.430486  1.000000  0.797678  0.720479  0.833113  0.672763  0.691331  0.808372  0.524813  0.780097  0.955040  0.887145  0.651859  0.641659  0.916479  0.674724  0.503167  0.505526  0.658341  0.572373  0.808737  0.436796  0.581466  0.536154  0.796919  0.671937  0.776229  0.562319  0.691380  0.839090  0.511509  0.812798  0.469744  0.683724  0.572063  0.758966  0.520405  0.653083  0.715638  0.692774  0.264885  0.707778 
19  0.272723  0.637561  0.700504  0.645012  0.568225  0.714371  0.526578  0.308961  0.310572  0.454073  0.602611  0.536967  0.282757  0.376537  0.461504  0.453762  0.564478  0.424390  0.430486 0.0  0.761047  0.625548  0.516248  0.683237  0.698140  0.603587  0.963118  0.508887  0.616368  0.754351  0.808907  0.475586  0.525696  0.794172  0.470990  0.369117  0.250301  0.720791  0.511674  0.705676  0.271953  0.550065  0.515009  0.632502  0.537143  0.481071  0.489485  0.571972  0.754742  0.154140  0.530086  0.407493  0.540141  0.501126  0.667077  0.417757  0.561440  0.452776  0.690968  0.319234  0.467230 
20  0.741652  0.723947  0.755052  0.748184  0.586868  0.588647  0.974936  0.741782  0.876812  0.788780  0.747282  0.833695  0.752607  0.686570  0.901905  0.706349  0.593330  0.744989  1.000000  0.761047 0.0  0.746995  0.880555  0.568506  0.649937  0.617373  0.503083  0.641459  0.614309  0.541358  0.344490  0.678516  0.551194  0.585516  0.575596  0.790933  0.890478  0.755801  0.736999  0.591728  0.861609  0.700423  0.800136  0.503132  0.838391  0.726371  0.798145  0.562606  0.660933  0.768374  0.636566  0.818367  0.747922  0.645546  0.578515  0.738949  0.616581  0.721731  0.839147  0.902273  0.675068 
21  0.759239  0.593357  0.590955  0.631109  0.544233  0.539726  0.706133  0.656518  0.725890  0.760619  0.693584  0.610747  0.653149  0.824806  0.643650  0.549459  0.497632  0.686417  0.797678  0.625548  0.746995 0.0  0.722580  0.523007  0.518840  0.591648  0.547533  0.680038  0.678654  0.525876  0.452279  0.729381  0.610649  0.704557  0.542578  0.744827  0.821272  0.500450  0.770312  0.605650  0.717115  0.594581  0.696182  0.570024  0.623299  0.606618  0.572746  0.542131  0.770273  0.776403  0.677501  0.720020  0.682303  0.809265  0.536518  0.663652  0.642465  0.666421  0.686503  0.840703  0.660715 
22  0.590768  0.573907  0.589593  0.778460  0.799106  0.710012  0.589488  0.663017  0.508557  0.613417  0.455119  0.778451  0.718862  0.728262  0.695785  0.707373  0.894501  0.656261  0.720479  0.516248  0.880555  0.722580 0.0  0.683283  0.527668  0.492865  0.949764  0.823896  0.551965  0.899053  0.773050  0.743772  0.868638  0.594787  0.768289  0.661167  0.513687  0.758843  0.284442  0.513755  0.587777  0.575506  0.653384  0.777596  0.694287  0.744521  0.630043  0.834050  0.572063  0.583157  0.542738  0.635095  0.722751  0.324675  0.738825  0.733774  0.691224  0.885182  0.813781  0.589890  0.450941 
23  0.596282  0.521621  0.531478  0.726020  0.376303  0.624147  0.735373  0.476178  0.730437  0.690909  0.686810  0.546022  0.598116  0.642323  0.720144  0.472819  0.344601  0.569053  0.833113  0.683237  0.568506  0.523007  0.683283 0.0  0.600917  0.602210  0.563771  0.463007  0.590389  0.471041  0.548610  0.656800  0.341932  0.757502  0.346994  0.521998  0.569138  0.599282  0.701866  0.569261  0.658402  0.477887  0.363617  0.514425  0.432617  0.459302  0.470657  0.392970  0.665739  0.591461  0.718121  0.527320  0.619837  0.793573  0.442893  0.415219  0.408811  0.399957  0.703506  0.586268  0.700323 
24  0.550456  0.691451  0.552338  0.590938  0.520619  0.536074  0.687987  0.581248  0.681919  0.761119  0.395924  0.618318  0.584620  0.647554  0.671013  0.883146  0.562880  0.612932  0.672763  0.698140  0.649937  0.518840  0.527668  0.600917 0.0  0.277015  0.718021  0.649007  0.553010  0.757569  0.548477  0.657337  0.594931  0.617110  0.609935  0.524445  0.590345  0.641782  0.370294  0.415574  0.642813  0.650049  0.485927  0.560045  0.586407  0.897282  0.533016  0.766413  0.681796  0.679390  0.446783  0.578810  0.560686  0.397931  0.625076  0.380524  0.690461  0.658460  0.727300  0.588668  0.562114 
25  0.460451  0.478696  0.415049  0.728736  0.436197  0.516759  0.582138  0.467848  0.492027  0.638633  0.344290  0.596949  0.585684  0.588835  0.665310  0.670274  0.440900  0.476643  0.691331  0.603587  0.617373  0.591648  0.492865  0.602210  0.277015 0.0  0.627196  0.674793  0.614616  0.672481  0.472470  0.707742  0.597545  0.675676  0.536919  0.422883  0.545829  0.679366  0.410724  0.336237  0.542808  0.678052  0.449910  0.671087  0.492709  0.775787  0.499432  0.581674  0.522621  0.697373  0.439816  0.519530  0.567431  0.379459  0.506744  0.430422  0.501300  0.544560  0.792605  0.530035  0.550244 
26  0.709898  0.667558  0.724369  0.554664  0.508389  0.539600  0.762616  0.720296  0.796465  0.625192  0.689229  0.664955  0.684846  0.599308  0.957057  0.633070  0.398178  0.531900  0.808372  0.963118  0.503083  0.547533  0.949764  0.563771  0.718021  0.627196 0.0  0.691832  0.590308  0.269238  0.392906  0.606275  0.510860  0.565949  0.523795  0.615811  0.678191  0.701073  0.874452  0.611877  0.746841  0.658162  0.775202  0.489045  0.520132  0.664978  0.567334  0.487843  0.491586  0.785721  0.814417  0.622608  0.669824  0.793417  0.463403  0.636670  0.510948  0.653168  0.527932  0.840656  0.807259 
27  0.428125  0.723366  0.702062  0.698819  0.491673  0.644983  0.657497  0.333792  0.542328  0.618511  0.708390  0.591171  0.429331  0.615593  0.525581  0.619096  0.575183  0.609887  0.524813  0.508887  0.641459  0.680038  0.823896  0.463007  0.649007  0.674793  0.691832 0.0  0.638241  0.697323  0.852358  0.447873  0.496095  0.644413  0.536763  0.465033  0.358784  0.762246  0.661728  0.645825  0.604021  0.719249  0.547757  0.675397  0.527789  0.603253  0.406704  0.594460  0.639337  0.460685  0.691504  0.523185  0.638596  0.595113  0.590419  0.446437  0.593495  0.579409  0.831067  0.568332  0.818366 
28  0.642703  0.578546  0.559260  0.617326  0.525511  0.637764  0.614491  0.687395  0.710315  0.615952  0.667652  0.609966  0.619978  0.658685  0.739281  0.599897  0.579877  0.664719  0.780097  0.616368  0.614309  0.678654  0.551965  0.590389  0.553010  0.614616  0.590308  0.638241 0.0  0.552199  0.596631  0.609648  0.579351  0.593901  0.531360  0.606369  0.656434  0.678276  0.717166  0.621040  0.576847  0.605039  0.601242  0.540846  0.705838  0.656736  0.582212  0.503532  0.623478  0.670282  0.716624  0.660491  0.711155  0.601565  0.666412  0.557463  0.602822  0.663310  0.654958  0.641389  0.738286 
29  0.734845  0.644548  0.676898  0.447082  0.584111  0.542496  0.808801  0.722708  0.719141  0.837078  0.701187  0.737613  0.919124  0.732851  0.867266  0.666682  0.568048  0.546128  0.955040  0.754351  0.541358  0.525876  0.899053  0.471041  0.757569  0.672481  0.269238  0.697323  0.552199 0.0  0.531391  0.786473  0.544465  0.537422  0.629329  0.685907  0.852487  0.691912  0.819514  0.586774  0.925246  0.597808  0.650642  0.451364  0.654711  0.743150  0.565421  0.490072  0.646129  0.835029  0.806891  0.665755  0.670440  0.746264  0.509261  0.498421  0.659019  0.653166  0.554869  0.767414  0.648544 
30  0.664482  0.519952  0.588620  0.611319  0.470471  0.527357  0.719735  0.680380  0.707376  0.773213  0.650515  0.568420  0.764368  0.757871  0.948986  0.542222  0.510784  0.569130  0.887145  0.808907  0.344490  0.452279  0.773050  0.548610  0.548477  0.472470  0.392906  0.852358  0.596631  0.531391 0.0  0.618981  0.521916  0.381715  0.565513  0.519355  0.686653  0.636301  0.655821  0.483296  0.845069  0.694763  0.593466  0.461406  0.676586  0.783500  0.521428  0.550858  0.612488  0.708502  0.629643  0.718363  0.785569  0.677326  0.433949  0.677509  0.533210  0.546990  0.709453  0.761780  0.595936 
31  0.419857  0.534451  0.819059  0.573158  0.615405  0.624834  0.522141  0.470505  0.623959  0.605290  0.577302  0.136872  0.303369  0.457206  0.616172  0.602553  0.599164  0.236001  0.651859  0.475586  0.678516  0.729381  0.743772  0.656800  0.657337  0.707742  0.606275  0.447873  0.609648  0.786473  0.618981 0.0  0.537506  0.763284  0.617819  0.433278  0.525384  0.772258  0.608899  0.602851  0.454282  0.557489  0.509789  0.608833  0.545673  0.525290  0.536454  0.603943  0.680486  0.446838  0.766922  0.579156  0.221935  0.697586  0.598764  0.465040  0.608420  0.539095  0.677969  0.669143  0.746366 
32  0.459489  0.517521  0.533808  0.621035  0.389845  0.509611  0.726902  0.480847  0.637353  0.632831  0.694286  0.398459  0.541607  0.688005  0.723000  0.488053  0.370791  0.460973  0.641659  0.525696  0.551194  0.610649  0.868638  0.341932  0.594931  0.597545  0.510860  0.496095  0.579351  0.544465  0.521916  0.537506 0.0  0.619476  0.354157  0.485340  0.562055  0.607857  0.821213  0.482744  0.547870  0.724823  0.524497  0.431981  0.408969  0.449937  0.467460  0.316425  0.551840  0.521121  0.699436  0.489290  0.570361  0.771733  0.477526  0.353978  0.418868  0.375616  0.712126  0.603596  0.707992 
33  0.588059  0.625949  0.560524  0.575878  0.679362  0.627461  0.820666  0.871683  0.735727  0.748015  0.609601  0.779220  0.749932  0.641503  0.881227  0.763360  0.701471  0.677100  0.916479  0.794172  0.585516  0.704557  0.594787  0.757502  0.617110  0.675676  0.565949  0.644413  0.593901  0.537422  0.381715  0.763284  0.619476 0.0  0.761077  0.738354  0.662555  0.854352  0.644530  0.644517  0.769020  0.776691  0.818699  0.561827  0.721943  0.741181  0.684900  0.687103  0.600033  0.811433  0.647731  0.689925  0.892785  0.734268  0.541738  0.683826  0.578601  0.666850  0.689031  0.741655  0.754036 
34  0.428932  0.519039  0.580161  0.719428  0.240116  0.484769  0.737727  0.563184  0.511478  0.739873  0.684794  0.587109  0.625576  0.610560  0.802279  0.401769  0.221699  0.518351  0.674724  0.470990  0.575596  0.542578  0.768289  0.346994  0.609935  0.536919  0.523795  0.536763  0.531360  0.629329  0.565513  0.617819  0.354157  0.761077 0.0  0.394717  0.564174  0.586755  0.608355  0.503360  0.565919  0.809957  0.497378  0.475853  0.418564  0.525278  0.436700  0.339624  0.594409  0.591421  0.652257  0.430847  0.594005  0.756179  0.460927  0.395827  0.313987  0.461107  0.579072  0.520322  0.692584 
35  0.277716  0.598413  0.780202  0.632651  0.427527  0.650571  0.468620  0.379221  0.394775  0.532936  0.643298  0.499113  0.444642  0.411544  0.567176  0.607534  0.494127  0.472535  0.503167  0.369117  0.790933  0.744827  0.661167  0.521998  0.524445  0.422883  0.615811  0.465033  0.606369  0.685907  0.519355  0.433278  0.485340  0.738354  0.394717 0.0  0.351207  0.683529  0.558910  0.544475  0.324143  0.649232  0.280621  0.511398  0.446151  0.575487  0.373391  0.572395  0.659855  0.375449  0.582682  0.299514  0.471071  0.537816  0.564427  0.238349  0.438237  0.531616  0.770498  0.376913  0.767381 
36  0.258503  0.599819  0.699065  0.687872  0.489969  0.663141  0.397887  0.356821  0.275885  0.543650  0.671676  0.659842  0.411879  0.413331  0.672949  0.686871  0.458622  0.594197  0.505526  0.250301  0.890478  0.821272  0.513687  0.569138  0.590345  0.545829  0.678191  0.358784  0.656434  0.852487  0.686653  0.525384  0.562055  0.662555  0.564174  0.351207 0.0  0.702462  0.490166  0.804956  0.402092  0.445665  0.544986  0.609003  0.604955  0.561415  0.427240  0.658835  0.725928  0.280396  0.601238  0.336243  0.635720  0.539221  0.632471  0.494617  0.514549  0.503678  0.624811  0.302734  0.621557 
37  0.770812  0.458457  0.718312  0.779936  0.558904  0.461812  0.829648  0.668877  0.684414  0.765770  0.697617  0.655378  0.609254  0.929296  0.841238  0.426615  0.663673  0.723760  0.658341  0.720791  0.755801  0.500450  0.758843  0.599282  0.641782  0.679366  0.701073  0.762246  0.678276  0.691912  0.636301  0.772258  0.607857  0.854352  0.586755  0.683529  0.702462 0.0  0.666810  0.569484  0.849760  0.755944  0.795570  0.677361  0.710309  0.630839  0.641531  0.546119  0.574029  0.820427  0.654813  0.750267  0.800827  0.684153  0.502997  0.711371  0.546694  0.681011  0.804080  0.847573  0.644025 
38  0.424543  0.641405  0.555644  0.871201  0.613751  0.668465  0.526826  0.566406  0.494270  0.608101  0.340679  0.712911  0.618177  0.579159  0.642824  0.753710  0.710394  0.686455  0.572373  0.511674  0.736999  0.770312  0.284442  0.701866  0.370294  0.410724  0.874452  0.661728  0.717166  0.819514  0.655821  0.608899  0.821213  0.644530  0.608355  0.558910  0.490166  0.666810 0.0  0.421573  0.719806  0.605772  0.630691  0.681450  0.648634  0.653971  0.631069  0.716724  0.830265  0.644966  0.468292  0.527829  0.763570  0.178589  0.714440  0.492479  0.651053  0.637836  0.742251  0.553181  0.520660 
39  0.611844  0.400798  0.358698  0.748234  0.444544  0.512816  0.760824  0.508495  0.692149  0.692296  0.333034  0.596028  0.499376  0.652938  0.694549  0.546389  0.480744  0.648958  0.808737  0.705676  0.591728  0.605650  0.513755  0.569261  0.415574  0.336237  0.611877  0.645825  0.621040  0.586774  0.483296  0.602851  0.482744  0.644517  0.503360  0.544475  0.804956  0.569484  0.421573 0.0  0.573548  0.707393  0.502011  0.465991  0.546006  0.692687  0.589224  0.533699  0.490683  0.650687  0.479472  0.525528  0.577626  0.528579  0.496923  0.465025  0.597521  0.401949  0.740105  0.811700  0.365662 
40  0.298952  0.577068  0.590771  0.593260  0.596849  0.675546  0.559082  0.488277  0.422502  0.503483  0.660839  0.431416  0.332552  0.469550  0.463422  0.422799  0.627178  0.456220  0.436796  0.271953  0.861609  0.717115  0.587777  0.658402  0.642813  0.542808  0.746841  0.604021  0.576847  0.925246  0.845069  0.454282  0.547870  0.769020  0.565919  0.324143  0.402092  0.849760  0.719806  0.573548 0.0  0.598924  0.389554  0.685912  0.529886  0.574923  0.506887  0.590392  0.645205  0.318500  0.692954  0.378994  0.498211  0.613867  0.672781  0.427404  0.665394  0.566462  0.601313  0.414492  0.586041 
41  0.569602  0.665052  0.900149  0.493740  0.642741  0.576538  0.640789  0.653999  0.553555  0.504492  0.721755  0.520885  0.583818  0.527879  0.568489  0.561801  0.648510  0.550953  0.581466  0.550065  0.700423  0.594581  0.575506  0.477887  0.650049  0.678052  0.658162  0.719249  0.605039  0.597808  0.694763  0.557489  0.724823  0.776691  0.809957  0.649232  0.445665  0.755944  0.605772  0.707393  0.598924 0.0  0.634210  0.800502  0.586842  0.585673  0.684280  0.673694  0.684684  0.483681  0.750215  0.685726  0.563510  0.521619  0.707363  0.597344  0.696227  0.663952  0.603685  0.578843  0.706663 
42  0.331188  0.727803  0.616786  0.589990  0.457777  0.600452  0.775366  0.343590  0.566441  0.682725  0.432624  0.493207  0.412178  0.459285  0.557605  0.654755  0.516880  0.398364  0.536154  0.515009  0.800136  0.696182  0.653384  0.363617  0.485927  0.449910  0.775202  0.547757  0.601242  0.650642  0.593466  0.509789  0.524497  0.818699  0.497378  0.280621  0.544986  0.795570  0.630691  0.502011  0.389554  0.634210 0.0  0.476032  0.418201  0.683307  0.399541  0.604099  0.667392  0.396957  0.712284  0.391802  0.508004  0.500296  0.688203  0.228310  0.595109  0.532873  0.691324  0.463306  0.861366 
43  0.566625  0.482477  0.496971  0.604613  0.556984  0.586531  0.605581  0.701608  0.563801  0.721005  0.521760  0.569880  0.697685  0.648819  0.978705  0.510269  0.426549  0.614931  0.796919  0.632502  0.503132  0.570024  0.777596  0.514425  0.560045  0.671087  0.489045  0.675397  0.540846  0.451364  0.461406  0.608833  0.431981  0.561827  0.475853  0.511398  0.609003  0.677361  0.681450  0.465991  0.685912  0.800502  0.476032 0.0  0.664099  0.632529  0.751045  0.408632  0.488928  0.710719  0.712928  0.600594  0.577158  0.724708  0.521021  0.464877  0.473104  0.449534  0.588146  0.700778  0.752277 
44  0.417019  0.707760  0.641699  0.757711  0.473330  0.603139  0.768972  0.421615  0.580550  0.575025  0.522984  0.529626  0.462900  0.662357  0.793984  0.523383  0.372109  0.562427  0.671937  0.537143  0.838391  0.623299  0.694287  0.432617  0.586407  0.492709  0.520132  0.527789  0.705838  0.654711  0.676586  0.545673  0.408969  0.721943  0.418564  0.446151  0.604955  0.710309  0.648634  0.546006  0.529886  0.586842  0.418201  0.664099 0.0  0.596897  0.271505  0.567043  0.634075  0.561957  0.603984  0.539888  0.661912  0.667193  0.561815  0.294425  0.567410  0.506034  0.687905  0.652991  0.736467 
45  0.656275  0.589475  0.565197  0.774789  0.604316  0.623145  0.841979  0.653633  0.576458  0.624659  0.759925  0.746324  0.577115  0.798376  0.607159  0.454702  0.613488  0.699822  0.776229  0.481071  0.726371  0.606618  0.744521  0.459302  0.897282  0.775787  0.664978  0.603253  0.656736  0.743150  0.783500  0.525290  0.449937  0.741181  0.525278  0.575487  0.561415  0.630839  0.653971  0.692687  0.574923  0.585673  0.683307  0.632529  0.596897 0.0  0.608039  0.481906  0.711821  0.618185  0.665482  0.730499  0.757578  0.882127  0.687163  0.585476  0.615104  0.567324  0.681138  0.652195  0.597212 
46  0.402881  0.549160  0.656374  0.694642  0.414441  0.559267  0.568438  0.349293  0.503069  0.614424  0.475831  0.542457  0.433616  0.678675  0.576661  0.491654  0.446658  0.488324  0.562319  0.489485  0.798145  0.572746  0.630043  0.470657  0.533016  0.499432  0.567334  0.406704  0.582212  0.565421  0.521428  0.536454  0.467460  0.684900  0.436700  0.373391  0.427240  0.641531  0.631069  0.589224  0.506887  0.684280  0.399541  0.751045  0.271505  0.608039 0.0  0.552252  0.592307  0.418951  0.613366  0.464689  0.588816  0.536024  0.564699  0.365358  0.524619  0.461641  0.762300  0.479990  0.784856 
47  0.606202  0.499861  0.506127  0.535031  0.340156  0.556235  0.706806  0.634054  0.558125  0.680061  0.645749  0.544206  0.534633  0.663057  0.724679  0.345202  0.335191  0.545150  0.691380  0.571972  0.562606  0.542131  0.834050  0.392970  0.766413  0.581674  0.487843  0.594460  0.503532  0.490072  0.550858  0.603943  0.316425  0.687103  0.339624  0.572395  0.658835  0.546119  0.716724  0.533699  0.590392  0.673694  0.604099  0.408632  0.567043  0.481906  0.552252 0.0  0.473301  0.574832  0.670181  0.555924  0.641505  0.907000  0.436335  0.445532  0.405845  0.297470  0.674540  0.723046  0.637439 
48  0.637650  0.566922  0.532148  0.513018  0.541925  0.587595  0.690600  0.715262  0.747995  0.730560  0.643699  0.696096  0.677311  0.845889  0.762999  0.630602  0.625323  0.688325  0.839090  0.754742  0.660933  0.770273  0.572063  0.665739  0.681796  0.522621  0.491586  0.639337  0.623478  0.646129  0.612488  0.680486  0.551840  0.600033  0.594409  0.659855  0.725928  0.574029  0.830265  0.490683  0.645205  0.684684  0.667392  0.488928  0.634075  0.711821  0.592307  0.473301 0.0  0.693656  0.668315  0.641563  0.625658  0.836252  0.650596  0.586433  0.777164  0.636817  0.583372  0.678686  0.674259 
49  0.305039  0.604206  0.706250  0.806118  0.426907  0.575130  0.535717  0.299295  0.313002  0.455672  0.681336  0.454843  0.225852  0.404625  0.466366  0.489222  0.615476  0.501483  0.511509  0.154140  0.768374  0.776403  0.583157  0.591461  0.679390  0.697373  0.785721  0.460685  0.670282  0.835029  0.708502  0.446838  0.521121  0.811433  0.591421  0.375449  0.280396  0.820427  0.644966  0.650687  0.318500  0.483681  0.396957  0.710719  0.561957  0.618185  0.418951  0.574832  0.693656 0.0  0.678226  0.372343  0.474107  0.559648  0.619409  0.398426  0.548937  0.525683  0.677713  0.307449  0.587905 
50  0.652032  0.631075  0.451782  0.664412  0.572293  0.565442  0.718316  0.706019  0.553287  0.740408  0.418087  0.737411  0.691477  0.718088  0.691721  0.747718  0.627167  0.678159  0.812798  0.530086  0.636566  0.677501  0.542738  0.718121  0.446783  0.439816  0.814417  0.691504  0.716624  0.806891  0.629643  0.766922  0.699436  0.647731  0.652257  0.582682  0.601238  0.654813  0.468292  0.479472  0.692954  0.750215  0.712284  0.712928  0.603984  0.665482  0.613366  0.670181  0.668315  0.678226 0.0  0.739381  0.613123  0.442702  0.612115  0.704036  0.684208  0.608671  0.774716  0.669765  0.574680 
51  0.295487  0.618135  0.826646  0.663783  0.421189  0.678568  0.472008  0.364107  0.325570  0.589948  0.586860  0.504597  0.451256  0.471232  0.498807  0.543268  0.412244  0.526161  0.469744  0.407493  0.818367  0.720020  0.635095  0.527320  0.578810  0.519530  0.622608  0.523185  0.660491  0.665755  0.718363  0.579156  0.489290  0.689925  0.430847  0.299514  0.336243  0.750267  0.527829  0.525528  0.378994  0.685726  0.391802  0.600594  0.539888  0.730499  0.464689  0.555924  0.641563  0.372343  0.739381 0.0  0.526729  0.501551  0.552715  0.303379  0.468280  0.502434  0.673415  0.309877  0.659540 
52  0.454829  0.556167  0.824084  0.666340  0.514753  0.651588  0.695797  0.457183  0.638914  0.480898  0.578807  0.161165  0.296495  0.473512  0.609113  0.550937  0.644539  0.278792  0.683724  0.540141  0.747922  0.682303  0.722751  0.619837  0.560686  0.567431  0.669824  0.638596  0.711155  0.670440  0.785569  0.221935  0.570361  0.892785  0.594005  0.471071  0.635720  0.800827  0.763570  0.577626  0.498211  0.563510  0.508004  0.577158  0.661912  0.757578  0.588816  0.641505  0.625658  0.474107  0.613123  0.526729 0.0  0.654946  0.598825  0.464998  0.665881  0.537443  0.646468  0.520140  0.696882 
53  0.539123  0.699683  0.591277  0.720489  0.574236  0.723925  0.674393  0.519030  0.543364  0.521316  0.388108  0.633397  0.618720  0.536057  0.643220  0.759008  0.773210  0.573033  0.572063  0.501126  0.645546  0.809265  0.324675  0.793573  0.397931  0.379459  0.793417  0.595113  0.601565  0.746264  0.677326  0.697586  0.771733  0.734268  0.756179  0.537816  0.539221  0.684153  0.178589  0.528579  0.613867  0.521619  0.500296  0.724708  0.667193  0.882127  0.536024  0.907000  0.836252  0.559648  0.442702  0.501551  0.654946 0.0  0.619352  0.601441  0.748556  0.611350  0.836833  0.511623  0.511623 
54  0.627840  0.385776  0.508336  0.497091  0.479595  0.507260  0.698207  0.573716  0.609058  0.688648  0.570657  0.535260  0.624300  0.647569  0.716749  0.516881  0.481124  0.542139  0.758966  0.667077  0.578515  0.536518  0.738825  0.442893  0.625076  0.506744  0.463403  0.590419  0.666412  0.509261  0.433949  0.598764  0.477526  0.541738  0.460927  0.564427  0.632471  0.502997  0.714440  0.496923  0.672781  0.707363  0.688203  0.521021  0.561815  0.687163  0.564699  0.436335  0.650596  0.619409  0.612115  0.552715  0.598825  0.619352 0.0  0.573140  0.526945  0.510648  0.685567  0.772992  0.543846 
55  0.298063  0.581878  0.718908  0.599525  0.361791  0.653471  0.664764  0.337935  0.458796  0.539864  0.456423  0.468370  0.372410  0.405941  0.702959  0.493796  0.358570  0.400175  0.520405  0.417757  0.738949  0.663652  0.733774  0.415219  0.380524  0.430422  0.636670  0.446437  0.557463  0.498421  0.677509  0.465040  0.353978  0.683826  0.395827  0.238349  0.494617  0.711371  0.492479  0.465025  0.427404  0.597344  0.228310  0.464877  0.294425  0.585476  0.365358  0.445532  0.586433  0.398426  0.704036  0.303379  0.464998  0.601441  0.573140 0.0  0.411714  0.420275  0.669545  0.404090  0.605528 
56  0.513041  0.574213  0.518914  0.785029  0.272610  0.595865  0.574429  0.520927  0.592741  0.731651  0.650967  0.720833  0.590312  0.614739  0.720484  0.373920  0.251249  0.717295  0.653083  0.561440  0.616581  0.642465  0.691224  0.408811  0.690461  0.501300  0.510948  0.593495  0.602822  0.659019  0.533210  0.608420  0.418868  0.578601  0.313987  0.438237  0.514549  0.546694  0.651053  0.597521  0.665394  0.696227  0.595109  0.473104  0.567410  0.615104  0.524619  0.405845  0.777164  0.548937  0.684208  0.468280  0.665881  0.748556  0.526945  0.411714 0.0  0.465753  0.761286  0.635990  0.637340 
57  0.499623  0.455448  0.482384  0.695017  0.401702  0.643279  0.889525  0.540214  0.566108  0.644111  0.661152  0.524279  0.492162  0.674843  0.632074  0.480021  0.497000  0.460961  0.715638  0.452776  0.721731  0.666421  0.885182  0.399957  0.658460  0.544560  0.653168  0.579409  0.663310  0.653166  0.546990  0.539095  0.375616  0.666850  0.461107  0.531616  0.503678  0.681011  0.637836  0.401949  0.566462  0.663952  0.532873  0.449534  0.506034  0.567324  0.461641  0.297470  0.636817  0.525683  0.608671  0.502434  0.537443  0.611350  0.510648  0.420275  0.465753 0.0  0.673734  0.658144  0.706228 
58  0.665104  0.736020  0.736588  0.562736  0.692675  0.535378  0.605557  0.646528  0.751381  0.634109  0.781239  0.499045  0.705785  0.585745  0.692726  0.695170  0.621855  0.722952  0.692774  0.690968  0.839147  0.686503  0.813781  0.703506  0.727300  0.792605  0.527932  0.831067  0.654958  0.554869  0.709453  0.677969  0.712126  0.689031  0.579072  0.770498  0.624811  0.804080  0.742251  0.740105  0.601313  0.603685  0.691324  0.588146  0.687905  0.681138  0.762300  0.674540  0.583372  0.677713  0.774716  0.673415  0.646468  0.836833  0.685567  0.669545  0.761286  0.673734 0.0  0.706013  0.755094 
59  0.371444  0.751412  0.721423  0.833412  0.519918  0.696683  0.333827  0.372737  0.194340  0.495137  0.739358  0.502788  0.442138  0.408243  0.363106  0.595023  0.483641  0.579932  0.264885  0.319234  0.902273  0.840703  0.589890  0.586268  0.588668  0.530035  0.840656  0.568332  0.641389  0.767414  0.761780  0.669143  0.603596  0.741655  0.520322  0.376913  0.302734  0.847573  0.553181  0.811700  0.414492  0.578843  0.463306  0.700778  0.652991  0.652195  0.479990  0.723046  0.678686  0.307449  0.669765  0.309877  0.520140  0.511623  0.772992  0.404090  0.635990  0.658144  0.706013 0.0  0.811508 
60  0.678151  0.577977  0.502005  0.664348  0.674046  0.692510  0.725127  0.768089  0.794704  0.500729  0.471019  0.591083  0.644755  0.756019  0.801153  0.501029  0.626402  0.695006  0.707778  0.467230  0.675068  0.660715  0.450941  0.700323  0.562114  0.550244  0.807259  0.818366  0.738286  0.648544  0.595936  0.746366  0.707992  0.754036  0.692584  0.767381  0.621557  0.644025  0.520660  0.365662  0.586041  0.706663  0.861366  0.752277  0.736467  0.597212  0.784856  0.637439  0.674259  0.587905  0.574680  0.659540  0.696882  0.511623  0.543846  0.605528  0.637340  0.706228  0.755094  0.811508 0.0 
