61
0 0.0  0.612912  0.694747  0.688508  0.425843  0.673008  0.515397  0.314239  0.346228  0.456322  0.544895  0.472838  0.478192  0.398148  0.499718  0.507803  0.485589  0.458822  0.389854  0.342349  0.764109  0.724113  0.478410  0.542538  0.490921  0.377229  0.793664  0.495327  0.697679  0.736167  0.736071  0.504612  0.470310  0.725543  0.468256  0.333072  0.393516  0.693917  0.403526  0.534260  0.190736  0.603878  0.317586  0.615114  0.277794  0.643602  0.416564  0.489797  0.639377  0.450414  0.767859  0.219908  0.451447  0.524782  0.608498  0.258905  0.593564  0.518998  0.628248  0.308209  0.646624 
1  0.612912 0.0  0.506501  0.641695  0.553535  0.552273  0.851495  0.724654  0.712286  0.630178  0.572295  0.478987  0.676849  0.817930  0.900776  0.473571  0.548610  0.487204  0.887416  0.638928  0.738978  0.644795  0.655318  0.509003  0.672218  0.476843  0.654375  0.744618  0.627406  0.512616  0.475739  0.535227  0.581801  0.683907  0.410994  0.649018  0.698280  0.375246  0.602119  0.381920  0.553323  0.692710  0.697673  0.546145  0.660131  0.525063  0.563122  0.454854  0.491930  0.563804  0.619866  0.734968  0.586636  0.608933  0.526323  0.594937  0.478451  0.604611  0.705033  0.811407  0.652642 
2  0.694747  0.506501 0.0  0.703671  0.639200  0.544783  0.749618  0.706744  0.675427  0.724696  0.426993  0.607204  0.760796  1.000000  0.918296  0.624832  0.654860  0.595062  0.952304  0.623381  0.597407  0.652590  0.576059  0.554684  0.489299  0.397164  0.624825  0.645383  0.666549  0.645825  0.412059  0.746103  0.523430  0.513993  0.596365  0.549157  0.724527  0.562894  0.582268  0.362073  0.793511  0.599773  0.791813  0.530237  0.775655  0.730874  0.653073  0.544037  0.580727  0.619971  0.525900  0.781971  0.605933  0.629558  0.533392  0.594902  0.700627  0.425797  0.771871  0.887042  0.444048 
3  0.688508  0.641695  0.703671 0.0  0.779309  0.580464  0.787484  0.746814  0.702285  0.594938  0.706574  0.639207  0.760438  0.763060  0.647141  0.664269  0.717835  0.645301  0.692537  0.738564  0.612373  0.573548  0.898611  0.564514  0.698128  0.741536  0.460265  0.683608  0.678681  0.544084  0.719850  0.642634  0.638633  0.735634  0.687922  0.701481  0.715005  0.722500  0.699259  0.717238  0.647194  0.483163  0.578893  0.561175  0.695586  0.565623  0.641978  0.706600  0.709845  0.747915  0.705200  0.638807  0.674102  0.780034  0.659110  0.655692  0.717761  0.626851  0.578252  0.643993  0.781844 
4  0.425843  0.553535  0.639200  0.779309 0.0  0.515787  0.644289  0.661247  0.464430  0.658574  0.606159  0.496591  0.456297  0.696230  0.801556  0.464305  0.229372  0.535611  0.575070  0.569626  0.699352  0.655795  0.719332  0.330814  0.485518  0.451686  0.517233  0.607282  0.481526  0.508840  0.562608  0.514788  0.350713  0.685674  0.230314  0.491657  0.469148  0.533250  0.677088  0.425533  0.525241  0.624750  0.411688  0.517662  0.407448  0.585254  0.482909  0.381267  0.572649  0.656721  0.664968  0.586755  0.582230  0.632083  0.454434  0.433483  0.264191  0.384515  0.606324  0.568418  0.615228 
5  0.673008  0.552273  0.544783  0.580464  0.515787 0.0  0.643387  0.579016  0.729114  0.635937  0.569833  0.639024  0.506638  0.693532  0.584864  0.608635  0.620200  0.457477  0.645043  0.629307  0.529051  0.640293  0.653305  0.630732  0.493511  0.585248  0.507402  0.671473  0.645758  0.521742  0.659818  0.660614  0.521457  0.693227  0.511852  0.621375  0.716154  0.525143  0.645345  0.518430  0.737928  0.668386  0.502803  0.534794  0.547086  0.633286  0.565728  0.585926  0.628857  0.750293  0.653997  0.699453  0.579881  0.658817  0.618568  0.580520  0.543362  0.513166  0.650621  0.730584  0.571870 
6  0.515397  0.851495  0.749618  0.787484  0.644289  0.643387 0.0  0.535365  0.472313  0.543364  0.972519  0.711761  0.630745  0.341614  0.584652  0.737511  0.698961  0.498536  0.411867  0.507074  0.936419  0.699348  0.629202  0.727480  0.770074  0.597517  0.939580  0.576066  0.727767  0.806020  0.801150  0.638239  0.659162  0.696260  0.664288  0.449718  0.409296  0.807689  0.559805  0.834229  0.582933  0.551815  0.658600  0.673826  0.689775  0.781930  0.672165  0.860853  0.745845  0.531220  0.774274  0.461777  0.564994  0.663314  0.707214  0.539160  0.627619  0.738521  0.654776  0.343368  0.797243 
7  0.314239  0.724654  0.706744  0.746814  0.661247  0.579016  0.535365 0.0  0.213241  0.667927  0.484519  0.515386  0.148286  0.516570  0.582742  0.607238  0.519152  0.488905  0.544408  0.338645  0.814152  0.666708  0.651524  0.571430  0.604877  0.555947  0.703934  0.373658  0.651548  0.706330  0.660478  0.510832  0.429772  0.706039  0.418879  0.341823  0.202733  0.742097  0.553788  0.589531  0.435180  0.565624  0.263381  0.520151  0.260751  0.752163  0.392995  0.649408  0.602798  0.298710  0.558854  0.420716  0.503139  0.492357  0.489672  0.355485  0.414150  0.544890  0.611257  0.393440  0.697275 
8  0.346228  0.712286  0.675427  0.702285  0.464430  0.729114  0.472313  0.213241 0.0  0.502707  0.702763  0.706654  0.365168  0.379003  0.422721  0.614610  0.487908  0.533974  0.302076  0.265239  0.808450  0.654026  0.563752  0.537953  0.646850  0.559595  0.728412  0.473039  0.698778  0.845903  0.681009  0.700079  0.495214  0.846133  0.412068  0.448823  0.215934  0.811231  0.450607  0.683714  0.378749  0.591064  0.516121  0.683868  0.530841  0.589780  0.546645  0.671007  0.774666  0.272954  0.632075  0.500582  0.506958  0.469503  0.574256  0.400417  0.468777  0.486890  0.760130  0.177930  0.734792 
9  0.456322  0.630178  0.724696  0.594938  0.658574  0.635937  0.543364  0.667927  0.502707 0.0  0.587103  0.515566  0.496896  0.385913  0.573783  0.575667  0.698671  0.531681  0.546471  0.403572  0.789913  0.754633  0.558537  0.700284  0.811046  0.723847  0.875221  0.764833  0.608667  0.714358  0.767926  0.522968  0.672943  0.866548  0.620578  0.559742  0.463071  0.794856  0.697735  0.633167  0.452038  0.528344  0.635985  0.599875  0.518562  0.708277  0.729395  0.579882  0.683791  0.482082  0.598874  0.551183  0.522376  0.663926  0.723297  0.606454  0.803663  0.441650  0.660378  0.495134  0.628997 
10  0.544895  0.572295  0.426993  0.706574  0.606159  0.569833  0.972519  0.484519  0.702763  0.587103 0.0  0.566343  0.560930  0.807835  0.779156  0.647452  0.715506  0.630717  0.767644  0.606165  0.780404  0.731353  0.475908  0.659947  0.377546  0.417784  0.687805  0.679569  0.633529  0.738288  0.727974  0.673824  0.678647  0.658992  0.683916  0.638686  0.579585  0.620439  0.526989  0.277689  0.591812  0.645937  0.552103  0.587291  0.441780  0.786994  0.504035  0.460896  0.532457  0.504645  0.431417  0.690171  0.579622  0.433818  0.576342  0.444747  0.621442  0.531598  0.692341  0.802967  0.451276 
11  0.472838  0.478987  0.607204  0.639207  0.496591  0.639024  0.711761  0.515386  0.706654  0.515566  0.566343 0.0  0.402395  0.436783  0.691961  0.539031  0.621460  0.251741  0.583064  0.534970  0.789572  0.588409  0.751829  0.512243  0.499583  0.579025  0.583519  0.659902  0.677635  0.600673  0.679109  0.150350  0.469369  0.729656  0.604093  0.390004  0.515586  0.716537  0.717165  0.522713  0.402596  0.643635  0.527385  0.591083  0.599884  0.627904  0.437734  0.480037  0.645122  0.499580  0.640689  0.607694  0.122112  0.592064  0.579419  0.415159  0.691226  0.371588  0.512229  0.529547  0.733941 
12  0.478192  0.676849  0.760796  0.760438  0.456297  0.506638  0.630745  0.148286  0.365168  0.496896  0.560930  0.402395 0.0  0.443769  0.478708  0.341313  0.720736  0.496884  0.623485  0.283234  0.851345  0.575485  0.822479  0.579167  0.592978  0.489334  0.776777  0.347649  0.608939  0.734533  0.661444  0.175152  0.454141  0.745984  0.581879  0.384092  0.411687  0.824184  0.609908  0.493032  0.466716  0.629454  0.411122  0.646690  0.502439  0.516531  0.456291  0.529738  0.635494  0.309079  0.585816  0.382081  0.423432  0.443017  0.584488  0.369169  0.553419  0.416870  0.633016  0.417121  0.610248 
13  0.398148  0.817930  1.000000  0.763060  0.696230  0.693532  0.341614  0.516570  0.379003  0.385913  0.807835  0.436783  0.443769 0.0  0.449836  0.590941  0.614813  0.423598  0.593640  0.474373  0.894622  0.731986  0.812611  0.639920  0.600132  0.539233  0.768982  0.530787  0.585397  0.740908  0.709857  0.420964  0.702488  0.760658  0.493989  0.430419  0.437922  0.807576  0.603915  0.701886  0.474152  0.365627  0.552374  0.754403  0.622199  0.817577  0.552548  0.691680  0.764177  0.317896  0.796388  0.414012  0.446711  0.584983  0.718024  0.505079  0.574942  0.656611  0.657842  0.347630  0.837351 
14  0.499718  0.900776  0.918296  0.647141  0.801556  0.584864  0.584652  0.582742  0.422721  0.573783  0.779156  0.691961  0.478708  0.449836 0.0  0.648665  0.807841  0.547366  0.298124  0.468810  0.885194  0.668833  0.599449  0.796405  0.728910  0.819004  0.922608  0.560504  0.684492  0.959371  0.939276  0.499469  0.654354  0.764279  0.747182  0.470905  0.460310  0.938444  0.729858  0.740133  0.506197  0.566449  0.446941  0.805888  0.722889  0.583258  0.708569  0.765589  0.661417  0.325889  0.651444  0.470176  0.604163  0.577412  0.726653  0.509863  0.738528  0.636162  0.690352  0.440056  0.783879 
15  0.507803  0.473571  0.624832  0.664269  0.464305  0.608635  0.737511  0.607238  0.614610  0.575667  0.647452  0.539031  0.341313  0.590941  0.648665 0.0  0.335689  0.612807  0.622038  0.414992  0.658328  0.673230  0.690135  0.402671  0.695053  0.675831  0.638059  0.469268  0.512513  0.602318  0.616944  0.527702  0.406000  0.674998  0.321292  0.491462  0.609606  0.589779  0.717426  0.454140  0.565707  0.623605  0.505994  0.521264  0.655846  0.370285  0.399273  0.379744  0.642576  0.548987  0.665063  0.552952  0.596710  0.644101  0.616895  0.595713  0.273639  0.437015  0.733093  0.731650  0.694207 
16  0.485589  0.548610  0.654860  0.717835  0.229372  0.620200  0.698961  0.519152  0.487908  0.698671  0.715506  0.621460  0.720736  0.614813  0.807841  0.335689 0.0  0.571369  0.561199  0.678528  0.566164  0.718688  0.696984  0.405141  0.520893  0.494546  0.465373  0.522609  0.625739  0.626759  0.503729  0.566588  0.357078  0.517493  0.193886  0.362371  0.574910  0.535744  0.636335  0.446985  0.669135  0.620607  0.499130  0.498368  0.358207  0.608885  0.359652  0.371063  0.630856  0.594776  0.682668  0.400755  0.691947  0.738830  0.445609  0.347330  0.231152  0.493213  0.717662  0.547651  0.637501 
17  0.458822  0.487204  0.595062  0.645301  0.535611  0.457477  0.498536  0.488905  0.533974  0.531681  0.630717  0.251741  0.496884  0.423598  0.547366  0.612807  0.571369 0.0  0.647497  0.577544  0.707746  0.745112  0.728168  0.536825  0.527546  0.623340  0.601700  0.672422  0.584970  0.628740  0.590411  0.175508  0.439652  0.645085  0.583164  0.390496  0.502333  0.787367  0.626320  0.630126  0.431270  0.473480  0.229332  0.573808  0.576340  0.781836  0.539096  0.536041  0.582670  0.465069  0.737822  0.510411  0.350404  0.623536  0.500103  0.374214  0.633096  0.477022  0.659892  0.542062  0.631276 
18  0.389854  0.887416  0.952304  0.692537  0.575070  0.645043  0.411867  0.544408  0.302076  0.546471  0.767644  0.583064  0.623485  0.593640  0.298124  0.622038  0.561199  0.647497 0.0  0.459517  0.955384  0.698086  0.669124  0.874398  0.548445  0.710962  0.917215  0.551526  0.704024  0.916515  0.783909  0.685223  0.736989  0.916534  0.715114  0.441885  0.434814  0.866584  0.587143  0.794273  0.467266  0.539049  0.463431  0.799150  0.629955  0.640445  0.622498  0.762833  0.738530  0.449965  0.726183  0.371088  0.798444  0.587112  0.732441  0.542333  0.473352  0.705385  0.604259  0.292712  0.812768 
19  0.342349  0.638928  0.623381  0.738564  0.569626  0.629307  0.507074  0.338645  0.265239  0.403572  0.606165  0.534970  0.283234  0.474373  0.468810  0.414992  0.678528  0.577544  0.459517 0.0  0.762846  0.757512  0.484692  0.613524  0.612421  0.608600  0.824553  0.491402  0.658384  0.823104  0.787319  0.433611  0.505555  0.837552  0.554127  0.443647  0.301674  0.713945  0.536744  0.607796  0.250556  0.533564  0.374175  0.623606  0.550225  0.445797  0.578024  0.525860  0.754860  0.180264  0.498428  0.384036  0.536466  0.395571  0.593037  0.412993  0.584982  0.498730  0.629817  0.308766  0.586326 
20  0.764109  0.738978  0.597407  0.612373  0.699352  0.529051  0.936419  0.814152  0.808450  0.789913  0.780404  0.789572  0.851345  0.894622  0.885194  0.658328  0.566164  0.707746  0.955384  0.762846 0.0  0.606665  0.721868  0.757445  0.688740  0.633725  0.553297  0.789666  0.599359  0.627039  0.305522  0.760045  0.548479  0.433149  0.638304  0.823019  0.864337  0.643864  0.633226  0.579558  0.797426  0.683425  0.849495  0.558244  0.782617  0.761313  0.610835  0.635133  0.779679  0.899799  0.732499  0.691732  0.691130  0.695783  0.492381  0.812360  0.502966  0.768972  0.725756  0.752763  0.623771 
21  0.724113  0.644795  0.652590  0.573548  0.655795  0.640293  0.699348  0.666708  0.654026  0.754633  0.731353  0.588409  0.575485  0.731986  0.668833  0.673230  0.718688  0.745112  0.698086  0.757512  0.606665 0.0  0.700094  0.524073  0.551639  0.690040  0.617748  0.662147  0.545128  0.522154  0.508002  0.682004  0.479933  0.750823  0.509278  0.586456  0.692865  0.552314  0.659961  0.571814  0.705174  0.678866  0.670018  0.569707  0.634313  0.714203  0.584029  0.521879  0.593418  0.655183  0.682747  0.704032  0.700601  0.793622  0.570909  0.729581  0.687077  0.605796  0.667149  0.623145  0.617729 
22  0.478410  0.655318  0.576059  0.898611  0.719332  0.653305  0.629202  0.651524  0.563752  0.558537  0.475908  0.751829  0.822479  0.812611  0.599449  0.690135  0.696984  0.728168  0.669124  0.484692  0.721868  0.700094 0.0  0.758395  0.595413  0.620113  0.892994  0.740788  0.725743  0.870930  0.674349  0.814536  0.809925  0.628549  0.756894  0.705672  0.494929  0.753966  0.357998  0.588951  0.648521  0.541626  0.656054  0.721010  0.742978  0.732340  0.681210  0.762173  0.730970  0.554265  0.437195  0.523129  0.529430  0.467739  0.752270  0.684913  0.653510  0.768013  0.766047  0.543202  0.531893 
23  0.542538  0.509003  0.554684  0.564514  0.330814  0.630732  0.727480  0.571430  0.537953  0.700284  0.659947  0.512243  0.579167  0.639920  0.796405  0.402671  0.405141  0.536825  0.874398  0.613524  0.757445  0.524073  0.758395 0.0  0.663695  0.631963  0.525567  0.473223  0.616275  0.609189  0.502247  0.619097  0.330037  0.585689  0.357766  0.543286  0.673636  0.550796  0.676421  0.608475  0.482885  0.609967  0.501530  0.409459  0.453401  0.520589  0.453916  0.411563  0.546164  0.650547  0.738955  0.496264  0.583685  0.825256  0.458869  0.442036  0.325271  0.542357  0.678881  0.626105  0.560408 
24  0.490921  0.672218  0.489299  0.698128  0.485518  0.493511  0.770074  0.604877  0.646850  0.811046  0.377546  0.499583  0.592978  0.600132  0.728910  0.695053  0.520893  0.527546  0.548445  0.612421  0.688740  0.551639  0.595413  0.663695 0.0  0.251151  0.704828  0.612672  0.503852  0.690587  0.591841  0.504531  0.611477  0.729142  0.705700  0.528972  0.635656  0.767094  0.219654  0.395774  0.625883  0.650556  0.462012  0.623042  0.574871  0.715736  0.528967  0.628484  0.757431  0.713674  0.367154  0.531906  0.759824  0.318316  0.489014  0.349608  0.645732  0.529743  0.784799  0.593218  0.548655 
25  0.377229  0.476843  0.397164  0.741536  0.451686  0.585248  0.597517  0.555947  0.559595  0.723847  0.417784  0.579025  0.489334  0.539233  0.819004  0.675831  0.494546  0.623340  0.710962  0.608600  0.633725  0.690040  0.620113  0.631963  0.251151 0.0  0.623889  0.682159  0.653402  0.660226  0.546702  0.639684  0.631462  0.606148  0.505247  0.497233  0.522286  0.727459  0.531475  0.315554  0.503151  0.607872  0.520431  0.529877  0.516729  0.848122  0.499191  0.503497  0.563329  0.683414  0.369621  0.439143  0.611435  0.342569  0.492452  0.430689  0.439695  0.612868  0.725322  0.647759  0.616635 
26  0.793664  0.654375  0.624825  0.460265  0.517233  0.507402  0.939580  0.703934  0.728412  0.875221  0.687805  0.583519  0.776777  0.768982  0.922608  0.638059  0.465373  0.601700  0.917215  0.824553  0.553297  0.617748  0.892994  0.525567  0.704828  0.623889 0.0  0.559360  0.548052  0.345216  0.388905  0.686503  0.492552  0.611817  0.602529  0.655986  0.740558  0.592149  0.813521  0.523571  0.827084  0.477496  0.640892  0.362726  0.573506  0.904335  0.663691  0.492072  0.703807  0.776759  0.821686  0.653037  0.630222  0.915943  0.550888  0.493208  0.500637  0.570061  0.579293  0.855433  0.754080 
27  0.495327  0.744618  0.645383  0.683608  0.607282  0.671473  0.576066  0.373658  0.473039  0.764833  0.679569  0.659902  0.347649  0.530787  0.560504  0.469268  0.522609  0.672422  0.551526  0.491402  0.789666  0.662147  0.740788  0.473223  0.612672  0.682159  0.559360 0.0  0.588728  0.669887  0.691647  0.546204  0.514230  0.686029  0.479392  0.432673  0.375360  0.691210  0.658672  0.724335  0.555642  0.696699  0.460271  0.703807  0.516793  0.745937  0.505928  0.566943  0.598375  0.523879  0.711107  0.439189  0.692668  0.664943  0.656547  0.452686  0.565487  0.496693  0.706673  0.589852  0.701017 
28  0.697679  0.627406  0.666549  0.678681  0.481526  0.645758  0.727767  0.651548  0.698778  0.608667  0.633529  0.677635  0.608939  0.585397  0.684492  0.512513  0.625739  0.584970  0.704024  0.658384  0.599359  0.545128  0.725743  0.616275  0.503852  0.653402  0.548052  0.588728 0.0  0.742958  0.603112  0.673206  0.514592  0.719569  0.579784  0.680321  0.656569  0.715149  0.744592  0.650922  0.666252  0.598491  0.740818  0.415795  0.625275  0.567054  0.713444  0.619550  0.483247  0.579397  0.676041  0.657522  0.596096  0.653004  0.566976  0.537865  0.589505  0.526432  0.653061  0.739368  0.668384 
29  0.736167  0.512616  0.645825  0.544084  0.508840  0.521742  0.806020  0.706330  0.845903  0.714358  0.738288  0.600673  0.734533  0.740908  0.959371  0.602318  0.626759  0.628740  0.916515  0.823104  0.627039  0.522154  0.870930  0.609189  0.690587  0.660226  0.345216  0.669887  0.742958 0.0  0.577528  0.745326  0.552919  0.582784  0.541881  0.706624  0.815361  0.771582  0.763558  0.474952  0.841500  0.709151  0.563839  0.438959  0.661236  0.796497  0.629690  0.580319  0.669354  0.874022  0.783343  0.699141  0.680677  0.743688  0.463332  0.671110  0.526371  0.642968  0.630940  0.884888  0.755767 
30  0.736071  0.475739  0.412059  0.719850  0.562608  0.659818  0.801150  0.660478  0.681009  0.767926  0.727974  0.679109  0.661444  0.709857  0.939276  0.616944  0.503729  0.590411  0.783909  0.787319  0.305522  0.508002  0.674349  0.502247  0.591841  0.546702  0.388905  0.691647  0.603112  0.577528 0.0  0.720314  0.437963  0.405232  0.447008  0.653277  0.575870  0.594461  0.655913  0.423563  0.674065  0.733906  0.678239  0.467216  0.787880  0.704874  0.615205  0.633494  0.609228  0.745303  0.610827  0.598043  0.647637  0.685606  0.454038  0.571428  0.477529  0.563011  0.736952  0.710782  0.616710 
31  0.504612  0.535227  0.746103  0.642634  0.514788  0.660614  0.638239  0.510832  0.700079  0.522968  0.673824  0.150350  0.175152  0.420964  0.499469  0.527702  0.566588  0.175508  0.685223  0.433611  0.760045  0.682004  0.814536  0.619097  0.504531  0.639684  0.686503  0.546204  0.673206  0.745326  0.720314 0.0  0.517085  0.752534  0.589577  0.485583  0.661711  0.786523  0.724158  0.534859  0.439631  0.563231  0.503411  0.600824  0.477026  0.689062  0.450118  0.602535  0.528340  0.432459  0.602198  0.490777  0.181644  0.632560  0.624010  0.364786  0.612344  0.549096  0.588604  0.624484  0.799815 
32  0.470310  0.581801  0.523430  0.638633  0.350713  0.521457  0.659162  0.429772  0.495214  0.672943  0.678647  0.469369  0.454141  0.702488  0.654354  0.406000  0.357078  0.439652  0.736989  0.505555  0.548479  0.479933  0.809925  0.330037  0.611477  0.631462  0.492552  0.514230  0.514592  0.552919  0.437963  0.517085 0.0  0.492607  0.365937  0.388090  0.516694  0.559431  0.734335  0.487332  0.608434  0.689060  0.368280  0.361314  0.501429  0.482753  0.482616  0.236692  0.544513  0.388300  0.814138  0.488420  0.618456  0.561377  0.486962  0.397442  0.357604  0.327113  0.684518  0.602706  0.650143 
33  0.725543  0.683907  0.513993  0.735634  0.685674  0.693227  0.696260  0.706039  0.846133  0.866548  0.658992  0.729656  0.745984  0.760658  0.764279  0.674998  0.517493  0.645085  0.916534  0.837552  0.433149  0.750823  0.628549  0.585689  0.729142  0.606148  0.611817  0.686029  0.719569  0.582784  0.405232  0.752534  0.492607 0.0  0.630489  0.681769  0.823713  0.701560  0.679365  0.634752  0.715328  0.742962  0.711819  0.495801  0.728678  0.755958  0.656061  0.667434  0.696181  0.895956  0.670818  0.701069  0.714999  0.776073  0.567694  0.731582  0.611491  0.708208  0.593166  0.734609  0.729871 
34  0.468256  0.410994  0.596365  0.687922  0.230314  0.511852  0.664288  0.418879  0.412068  0.620578  0.683916  0.604093  0.581879  0.493989  0.747182  0.321292  0.193886  0.583164  0.715114  0.554127  0.638304  0.509278  0.756894  0.357766  0.705700  0.505247  0.602529  0.479392  0.579784  0.541881  0.447008  0.589577  0.365937  0.630489 0.0  0.360735  0.481923  0.583160  0.704512  0.416649  0.580201  0.642712  0.545029  0.546687  0.365032  0.465500  0.494462  0.409979  0.646245  0.590760  0.507231  0.511854  0.700339  0.670101  0.365073  0.419146  0.261807  0.366406  0.772054  0.507886  0.680309 
35  0.333072  0.649018  0.549157  0.701481  0.491657  0.621375  0.449718  0.341823  0.448823  0.559742  0.638686  0.390004  0.384092  0.430419  0.470905  0.491462  0.362371  0.390496  0.441885  0.443647  0.823019  0.586456  0.705672  0.543286  0.528972  0.497233  0.655986  0.432673  0.680321  0.706624  0.653277  0.485583  0.388090  0.681769  0.360735 0.0  0.377878  0.680781  0.567991  0.524187  0.400016  0.469319  0.151563  0.623158  0.400729  0.654658  0.262766  0.429901  0.687066  0.371673  0.739861  0.387210  0.616031  0.599230  0.613426  0.192021  0.410727  0.458719  0.626592  0.343297  0.839717 
36  0.393516  0.698280  0.724527  0.715005  0.469148  0.716154  0.409296  0.202733  0.215934  0.463071  0.579585  0.515586  0.411687  0.437922  0.460310  0.609606  0.574910  0.502333  0.434814  0.301674  0.864337  0.692865  0.494929  0.673636  0.635656  0.522286  0.740558  0.375360  0.656569  0.815361  0.575870  0.661711  0.516694  0.823713  0.481923  0.377878 0.0  0.667843  0.397013  0.730610  0.473430  0.551768  0.500428  0.626564  0.599268  0.756075  0.321909  0.667860  0.618229  0.292741  0.728389  0.320736  0.603771  0.478004  0.643111  0.449148  0.467965  0.626137  0.588399  0.370309  0.709107 
37  0.693917  0.375246  0.562894  0.722500  0.533250  0.525143  0.807689  0.742097  0.811231  0.794856  0.620439  0.716537  0.824184  0.807576  0.938444  0.589779  0.535744  0.787367  0.866584  0.713945  0.643864  0.552314  0.753966  0.550796  0.767094  0.727459  0.592149  0.691210  0.715149  0.771582  0.594461  0.786523  0.559431  0.701560  0.583160  0.680781  0.667843 0.0  0.569935  0.641526  0.810283  0.763665  0.683898  0.536474  0.530539  0.661888  0.615718  0.659580  0.629472  0.882203  0.625538  0.661824  0.649996  0.645415  0.552802  0.666395  0.570504  0.592593  0.726152  0.758213  0.636664 
38  0.403526  0.602119  0.582268  0.699259  0.677088  0.645345  0.559805  0.553788  0.450607  0.697735  0.526989  0.717165  0.609908  0.603915  0.729858  0.717426  0.636335  0.626320  0.587143  0.536744  0.633226  0.659961  0.357998  0.676421  0.219654  0.531475  0.813521  0.658672  0.744592  0.763558  0.655913  0.724158  0.734335  0.679365  0.704512  0.567991  0.397013  0.569935 0.0  0.471553  0.684895  0.596399  0.554403  0.794223  0.673657  0.773288  0.612832  0.722679  0.702070  0.546420  0.570887  0.461843  0.721922  0.146916  0.678716  0.565029  0.523512  0.665655  0.671178  0.534480  0.579650 
39  0.534260  0.381920  0.362073  0.717238  0.425533  0.518430  0.834229  0.589531  0.683714  0.633167  0.277689  0.522713  0.493032  0.701886  0.740133  0.454140  0.446985  0.630126  0.794273  0.607796  0.579558  0.571814  0.588951  0.608475  0.395774  0.315554  0.523571  0.724335  0.650922  0.474952  0.423563  0.534859  0.487332  0.634752  0.416649  0.524187  0.730610  0.641526  0.471553 0.0  0.643255  0.681262  0.615008  0.391904  0.643927  0.625334  0.694652  0.462611  0.550376  0.668270  0.480265  0.570406  0.555518  0.527574  0.412267  0.452635  0.575375  0.501342  0.750398  0.766007  0.441665 
40  0.190736  0.553323  0.793511  0.647194  0.525241  0.737928  0.582933  0.435180  0.378749  0.452038  0.591812  0.402596  0.466716  0.474152  0.506197  0.565707  0.669135  0.431270  0.467266  0.250556  0.797426  0.705174  0.648521  0.482885  0.625883  0.503151  0.827084  0.555642  0.666252  0.841500  0.674065  0.439631  0.608434  0.715328  0.580201  0.400016  0.473430  0.810283  0.684895  0.643255 0.0  0.550016  0.428221  0.757687  0.627558  0.570924  0.448608  0.609347  0.695827  0.351765  0.572535  0.481165  0.490295  0.645336  0.764680  0.407702  0.652027  0.530916  0.624157  0.476769  0.779999 
41  0.603878  0.692710  0.599773  0.483163  0.624750  0.668386  0.551815  0.565624  0.591064  0.528344  0.645937  0.643635  0.629454  0.365627  0.566449  0.623605  0.620607  0.473480  0.539049  0.533564  0.683425  0.678866  0.541626  0.609967  0.650556  0.607872  0.477496  0.696699  0.598491  0.709151  0.733906  0.563231  0.689060  0.742962  0.642712  0.469319  0.551768  0.763665  0.596399  0.681262  0.550016 0.0  0.474761  0.724241  0.596653  0.642507  0.627084  0.639564  0.545376  0.551701  0.699805  0.540705  0.473048  0.511897  0.600291  0.595915  0.766368  0.624073  0.661663  0.563181  0.618307 
42  0.317586  0.697673  0.791813  0.578893  0.411688  0.502803  0.658600  0.263381  0.516121  0.635985  0.552103  0.527385  0.411122  0.552374  0.446941  0.505994  0.499130  0.229332  0.463431  0.374175  0.849495  0.670018  0.656054  0.501530  0.462012  0.520431  0.640892  0.460271  0.740818  0.563839  0.678239  0.503411  0.368280  0.711819  0.545029  0.151563  0.500428  0.683898  0.554403  0.615008  0.428221  0.474761 0.0  0.574455  0.380371  0.638900  0.396424  0.538439  0.629674  0.490696  0.608195  0.447727  0.422859  0.544334  0.664914  0.169506  0.626147  0.571353  0.544077  0.462453  0.695853 
43  0.615114  0.546145  0.530237  0.561175  0.517662  0.534794  0.673826  0.520151  0.683868  0.599875  0.587291  0.591083  0.646690  0.754403  0.805888  0.521264  0.498368  0.573808  0.799150  0.623606  0.558244  0.569707  0.721010  0.409459  0.623042  0.529877  0.362726  0.703807  0.415795  0.438959  0.467216  0.600824  0.361314  0.495801  0.546687  0.623158  0.626564  0.536474  0.794223  0.391904  0.757687  0.724241  0.574455 0.0  0.564060  0.562437  0.605802  0.426151  0.470297  0.669470  0.565174  0.622095  0.669103  0.662764  0.545707  0.566468  0.540072  0.510812  0.638458  0.697350  0.481052 
44  0.277794  0.660131  0.775655  0.695586  0.407448  0.547086  0.689775  0.260751  0.530841  0.518562  0.441780  0.599884  0.502439  0.622199  0.722889  0.655846  0.358207  0.576340  0.629955  0.550225  0.782617  0.634313  0.742978  0.453401  0.574871  0.516729  0.573506  0.516793  0.625275  0.661236  0.787880  0.477026  0.501429  0.728678  0.365032  0.400729  0.599268  0.530539  0.673657  0.643927  0.627558  0.596653  0.380371  0.564060 0.0  0.471181  0.384404  0.607064  0.763284  0.502702  0.511734  0.478470  0.683762  0.726920  0.645070  0.420735  0.515586  0.541473  0.652865  0.561876  0.779229 
45  0.643602  0.525063  0.730874  0.565623  0.585254  0.633286  0.781930  0.752163  0.589780  0.708277  0.786994  0.627904  0.516531  0.817577  0.583258  0.370285  0.608885  0.781836  0.640445  0.445797  0.761313  0.714203  0.732340  0.520589  0.715736  0.848122  0.904335  0.745937  0.567054  0.796497  0.704874  0.689062  0.482753  0.755958  0.465500  0.654658  0.756075  0.661888  0.773288  0.625334  0.570924  0.642507  0.638900  0.562437  0.471181 0.0  0.554153  0.512408  0.697348  0.637513  0.759590  0.599527  0.735850  0.706027  0.629206  0.594308  0.600591  0.512557  0.570125  0.654632  0.610048 
46  0.416564  0.563122  0.653073  0.641978  0.482909  0.565728  0.672165  0.392995  0.546645  0.729395  0.504035  0.437734  0.456291  0.552548  0.708569  0.399273  0.359652  0.539096  0.622498  0.578024  0.610835  0.584029  0.681210  0.453916  0.528967  0.499191  0.663691  0.505928  0.713444  0.629690  0.615205  0.450118  0.482616  0.656061  0.494462  0.262766  0.321909  0.615718  0.612832  0.694652  0.448608  0.627084  0.396424  0.605802  0.384404  0.554153 0.0  0.493082  0.522864  0.473095  0.499781  0.450200  0.577178  0.600962  0.622467  0.391458  0.520494  0.418580  0.649867  0.515620  0.644512 
47  0.489797  0.454854  0.544037  0.706600  0.381267  0.585926  0.860853  0.649408  0.671007  0.579882  0.460896  0.480037  0.529738  0.691680  0.765589  0.379744  0.371063  0.536041  0.762833  0.525860  0.635133  0.521879  0.762173  0.411563  0.628484  0.503497  0.492072  0.566943  0.619550  0.580319  0.633494  0.602535  0.236692  0.667434  0.409979  0.429901  0.667860  0.659580  0.722679  0.462611  0.609347  0.639564  0.538439  0.426151  0.607064  0.512408  0.493082 0.0  0.525255  0.484484  0.675657  0.522158  0.609931  0.739069  0.522935  0.459116  0.381917  0.324099  0.715093  0.663276  0.596817 
48  0.639377  0.491930  0.580727  0.709845  0.572649  0.628857  0.745845  0.602798  0.774666  0.683791  0.532457  0.645122  0.635494  0.764177  0.661417  0.642576  0.630856  0.582670  0.738530  0.754860  0.779679  0.593418  0.730970  0.546164  0.757431  0.563329  0.703807  0.598375  0.483247  0.669354  0.609228  0.528340  0.544513  0.696181  0.646245  0.687066  0.618229  0.629472  0.702070  0.550376  0.695827  0.545376  0.629674  0.470297  0.763284  0.697348  0.522864  0.525255 0.0  0.755090  0.687592  0.671912  0.583840  0.620101  0.649299  0.600577  0.735838  0.658402  0.645113  0.632216  0.661273 
49  0.450414  0.563804  0.619971  0.747915  0.656721  0.750293  0.531220  0.298710  0.272954  0.482082  0.504645  0.499580  0.309079  0.317896  0.325889  0.548987  0.594776  0.465069  0.449965  0.180264  0.899799  0.655183  0.554265  0.650547  0.713674  0.683414  0.776759  0.523879  0.579397  0.874022  0.745303  0.432459  0.388300  0.895956  0.590760  0.371673  0.292741  0.882203  0.546420  0.668270  0.351765  0.551701  0.490696  0.669470  0.502702  0.637513  0.473095  0.484484  0.755090 0.0  0.676453  0.439235  0.527092  0.505104  0.592817  0.375347  0.556640  0.406711  0.725195  0.304057  0.664948 
50  0.767859  0.619866  0.525900  0.705200  0.664968  0.653997  0.774274  0.558854  0.632075  0.598874  0.431417  0.640689  0.585816  0.796388  0.651444  0.665063  0.682668  0.737822  0.726183  0.498428  0.732499  0.682747  0.437195  0.738955  0.367154  0.369621  0.821686  0.711107  0.676041  0.783343  0.610827  0.602198  0.814138  0.670818  0.507231  0.739861  0.728389  0.625538  0.570887  0.480265  0.572535  0.699805  0.608195  0.565174  0.511734  0.759590  0.499781  0.675657  0.687592  0.676453 0.0  0.537482  0.707396  0.445733  0.700930  0.650605  0.665973  0.765072  0.819914  0.577831  0.635189 
51  0.219908  0.734968  0.781971  0.638807  0.586755  0.699453  0.461777  0.420716  0.500582  0.551183  0.690171  0.607694  0.382081  0.414012  0.470176  0.552952  0.400755  0.510411  0.371088  0.384036  0.691732  0.704032  0.523129  0.496264  0.531906  0.439143  0.653037  0.439189  0.657522  0.699141  0.598043  0.490777  0.488420  0.701069  0.511854  0.387210  0.320736  0.661824  0.461843  0.570406  0.481165  0.540705  0.447727  0.622095  0.478470  0.599527  0.450200  0.522158  0.671912  0.439235  0.537482 0.0  0.503395  0.538972  0.573793  0.193074  0.493829  0.357632  0.741953  0.241562  0.757902 
52  0.451447  0.586636  0.605933  0.674102  0.582230  0.579881  0.564994  0.503139  0.506958  0.522376  0.579622  0.122112  0.423432  0.446711  0.604163  0.596710  0.691947  0.350404  0.798444  0.536466  0.691130  0.700601  0.529430  0.583685  0.759824  0.611435  0.630222  0.692668  0.596096  0.680677  0.647637  0.181644  0.618456  0.714999  0.700339  0.616031  0.603771  0.649996  0.721922  0.555518  0.490295  0.473048  0.422859  0.669103  0.683762  0.735850  0.577178  0.609931  0.583840  0.527092  0.707396  0.503395 0.0  0.622695  0.488058  0.443648  0.647514  0.458485  0.626206  0.550194  0.680002 
53  0.524782  0.608933  0.629558  0.780034  0.632083  0.658817  0.663314  0.492357  0.469503  0.663926  0.433818  0.592064  0.443017  0.584983  0.577412  0.644101  0.738830  0.623536  0.587112  0.395571  0.695783  0.793622  0.467739  0.825256  0.318316  0.342569  0.915943  0.664943  0.653004  0.743688  0.685606  0.632560  0.561377  0.776073  0.670101  0.599230  0.478004  0.645415  0.146916  0.527574  0.645336  0.511897  0.544334  0.662764  0.726920  0.706027  0.600962  0.739069  0.620101  0.505104  0.445733  0.538972  0.622695 0.0  0.808754  0.592751  0.645771  0.752654  0.708619  0.548639  0.476293 
54  0.608498  0.526323  0.533392  0.659110  0.454434  0.618568  0.707214  0.489672  0.574256  0.723297  0.576342  0.579419  0.584488  0.718024  0.726653  0.616895  0.445609  0.500103  0.732441  0.593037  0.492381  0.570909  0.752270  0.458869  0.489014  0.492452  0.550888  0.656547  0.566976  0.463332  0.454038  0.624010  0.486962  0.567694  0.365073  0.613426  0.643111  0.552802  0.678716  0.412267  0.764680  0.600291  0.664914  0.545707  0.645070  0.629206  0.622467  0.522935  0.649299  0.592817  0.700930  0.573793  0.488058  0.808754 0.0  0.611740  0.429202  0.445618  0.649963  0.747502  0.578872 
55  0.258905  0.594937  0.594902  0.655692  0.433483  0.580520  0.539160  0.355485  0.400417  0.606454  0.444747  0.415159  0.369169  0.505079  0.509863  0.595713  0.347330  0.374214  0.542333  0.412993  0.812360  0.729581  0.684913  0.442036  0.349608  0.430689  0.493208  0.452686  0.537865  0.671110  0.571428  0.364786  0.397442  0.731582  0.419146  0.192021  0.449148  0.666395  0.565029  0.452635  0.407702  0.595915  0.169506  0.566468  0.420735  0.594308  0.391458  0.459116  0.600577  0.375347  0.650605  0.193074  0.443648  0.592751  0.611740 0.0  0.401077  0.540335  0.793638  0.442268  0.750221 
56  0.593564  0.478451  0.700627  0.717761  0.264191  0.543362  0.627619  0.414150  0.468777  0.803663  0.621442  0.691226  0.553419  0.574942  0.738528  0.273639  0.231152  0.633096  0.473352  0.584982  0.502966  0.687077  0.653510  0.325271  0.645732  0.439695  0.500637  0.565487  0.589505  0.526371  0.477529  0.612344  0.357604  0.611491  0.261807  0.410727  0.467965  0.570504  0.523512  0.575375  0.652027  0.766368  0.626147  0.540072  0.515586  0.600591  0.520494  0.381917  0.735838  0.556640  0.665973  0.493829  0.647514  0.645771  0.429202  0.401077 0.0  0.496016  0.641560  0.653361  0.647492 
57  0.518998  0.604611  0.425797  0.626851  0.384515  0.513166  0.738521  0.544890  0.486890  0.441650  0.531598  0.371588  0.416870  0.656611  0.636162  0.437015  0.493213  0.477022  0.705385  0.498730  0.768972  0.605796  0.768013  0.542357  0.529743  0.612868  0.570061  0.496693  0.526432  0.642968  0.563011  0.549096  0.327113  0.708208  0.366406  0.458719  0.626137  0.592593  0.665655  0.501342  0.530916  0.624073  0.571353  0.510812  0.541473  0.512557  0.418580  0.324099  0.658402  0.406711  0.765072  0.357632  0.458485  0.752654  0.445618  0.540335  0.496016 0.0  0.693507  0.713390  0.733037 
58  0.628248  0.705033  0.771871  0.578252  0.606324  0.650621  0.654776  0.611257  0.760130  0.660378  0.692341  0.512229  0.633016  0.657842  0.690352  0.733093  0.717662  0.659892  0.604259  0.629817  0.725756  0.667149  0.766047  0.678881  0.784799  0.725322  0.579293  0.706673  0.653061  0.630940  0.736952  0.588604  0.684518  0.593166  0.772054  0.626592  0.588399  0.726152  0.671178  0.750398  0.624157  0.661663  0.544077  0.638458  0.652865  0.570125  0.649867  0.715093  0.645113  0.725195  0.819914  0.741953  0.626206  0.708619  0.649963  0.793638  0.641560  0.693507 0.0  0.655178  0.762032 
59  0.308209  0.811407  0.887042  0.643993  0.568418  0.730584  0.343368  0.393440  0.177930  0.495134  0.802967  0.529547  0.417121  0.347630  0.440056  0.731650  0.547651  0.542062  0.292712  0.308766  0.752763  0.623145  0.543202  0.626105  0.593218  0.647759  0.855433  0.589852  0.739368  0.884888  0.710782  0.624484  0.602706  0.734609  0.507886  0.343297  0.370309  0.758213  0.534480  0.766007  0.476769  0.563181  0.462453  0.697350  0.561876  0.654632  0.515620  0.663276  0.632216  0.304057  0.577831  0.241562  0.550194  0.548639  0.747502  0.442268  0.653361  0.713390  0.655178 0.0  0.758728 
60  0.646624  0.652642  0.444048  0.781844  0.615228  0.571870  0.797243  0.697275  0.734792  0.628997  0.451276  0.733941  0.610248  0.837351  0.783879  0.694207  0.637501  0.631276  0.812768  0.586326  0.623771  0.617729  0.531893  0.560408  0.548655  0.616635  0.754080  0.701017  0.668384  0.755767  0.616710  0.799815  0.650143  0.729871  0.680309  0.839717  0.709107  0.636664  0.579650  0.441665  0.779999  0.618307  0.695853  0.481052  0.779229  0.610048  0.644512  0.596817  0.661273  0.664948  0.635189  0.757902  0.680002  0.476293  0.578872  0.750221  0.647492  0.733037  0.762032  0.758728 0.0 
