61
0 0.0  0.435014  0.666000  0.687804  0.402699  0.651728  0.480666  0.338183  0.290210  0.473405  0.582408  0.456435  0.441299  0.414768  0.560492  0.495562  0.425820  0.390578  0.471184  0.304035  0.902764  0.734022  0.525999  0.539628  0.434805  0.421116  0.625671  0.479670  0.518210  0.816735  0.737331  0.476939  0.472894  0.518735  0.403377  0.289309  0.261746  0.583650  0.333646  0.545498  0.270119  0.618527  0.354889  0.632731  0.382323  0.518416  0.352724  0.634303  0.529482  0.315799  0.652979  0.299425  0.466962  0.409686  0.644817  0.248173  0.535701  0.468319  0.608037  0.374496  0.704638 
1  0.435014 0.0  0.464684  0.559971  0.434691  0.586585  0.636032  0.558205  0.696044  0.764994  0.453720  0.540347  0.671587  1.000000  0.893061  0.502787  0.470965  0.486191  0.770724  0.508036  0.616858  0.581211  0.590238  0.478066  0.653786  0.527292  0.702206  0.666717  0.575215  0.622252  0.581745  0.549539  0.477647  0.685247  0.516794  0.645000  0.717327  0.419129  0.660942  0.396060  0.532378  0.622221  0.691241  0.392140  0.636053  0.598861  0.539918  0.457713  0.480560  0.602542  0.654309  0.607998  0.482274  0.682658  0.415505  0.523254  0.480610  0.469396  0.633686  0.755502  0.577718 
2  0.666000  0.464684 0.0  0.643630  0.538136  0.587233  0.655844  0.656850  0.800544  0.799165  0.429250  0.561735  0.680476  0.819771  0.655752  0.633713  0.604075  0.806449  0.760109  0.643118  0.561764  0.693356  0.625307  0.618702  0.480984  0.423261  0.694356  0.552022  0.728946  0.613049  0.457530  0.756023  0.528028  0.511019  0.484957  0.562063  0.752142  0.611585  0.600917  0.357841  0.586449  0.768502  0.615825  0.414559  0.595133  0.674537  0.577609  0.473403  0.571641  0.658524  0.430432  0.728540  0.637298  0.580649  0.628983  0.619766  0.609476  0.478229  0.750920  0.878227  0.474184 
3  0.687804  0.559971  0.643630 0.0  0.676967  0.577374  0.653208  0.648472  0.765113  0.726958  0.754550  0.487421  0.698749  0.600934  0.695105  0.695463  0.638391  0.610445  0.744460  0.598368  0.701147  0.586052  0.744547  0.695921  0.664360  0.669143  0.511509  0.655994  0.617227  0.472812  0.656333  0.668943  0.625398  0.594193  0.643082  0.561331  0.671517  0.803576  0.872762  0.636938  0.658287  0.545291  0.747535  0.669728  0.682773  0.654909  0.665837  0.639722  0.552826  0.649200  0.690508  0.733111  0.664604  0.740430  0.602488  0.730008  0.727591  0.533397  0.556643  0.665580  0.729574 
4  0.402699  0.434691  0.538136  0.676967 0.0  0.580147  0.728752  0.484546  0.512736  0.824068  0.528507  0.503063  0.474982  0.528256  0.799697  0.398942  0.242235  0.543488  0.640954  0.503562  0.604544  0.502037  0.714304  0.355857  0.574034  0.444028  0.474378  0.412277  0.561219  0.555627  0.496435  0.551697  0.306320  0.651210  0.243792  0.462289  0.500332  0.454151  0.547939  0.443262  0.524774  0.626937  0.432059  0.420866  0.408108  0.591983  0.499792  0.382766  0.497715  0.533114  0.577931  0.454345  0.548926  0.530104  0.438866  0.329491  0.244997  0.376139  0.827526  0.512295  0.644409 
5  0.651728  0.586585  0.587233  0.577374  0.580147 0.0  0.601059  0.614498  0.631659  0.595667  0.552838  0.560222  0.582576  0.603488  0.809002  0.658823  0.514382  0.531933  0.674035  0.565613  0.526097  0.540413  0.585459  0.416692  0.529095  0.511471  0.478650  0.474417  0.551770  0.570690  0.528311  0.569511  0.509040  0.705722  0.498099  0.456064  0.537408  0.496161  0.622438  0.522073  0.628503  0.637213  0.587151  0.495722  0.635836  0.576260  0.600994  0.539087  0.628531  0.574477  0.460164  0.555914  0.503165  0.643708  0.455540  0.627698  0.515216  0.491194  0.673440  0.683741  0.618962 
6  0.480666  0.636032  0.655844  0.653208  0.728752  0.601059 0.0  0.508138  0.381382  0.513614  0.798311  0.563242  0.667515  0.329272  0.574032  0.767751  0.643379  0.518313  0.469644  0.477591  0.954787  0.745598  0.564951  0.679982  0.699872  0.564290  0.690585  0.607756  0.716599  0.805779  0.665958  0.640542  0.713888  0.815647  0.638051  0.515687  0.410262  0.727717  0.552867  0.765548  0.493500  0.628447  0.646061  0.752850  0.633983  0.723238  0.563237  0.751160  0.605241  0.469787  0.628163  0.393279  0.612294  0.623217  0.546224  0.533221  0.716582  0.780573  0.517564  0.336792  0.853695 
7  0.338183  0.558205  0.656850  0.648472  0.484546  0.614498  0.508138 0.0  0.389677  0.551890  0.571626  0.470810  0.266192  0.454479  0.554374  0.534518  0.509904  0.465031  0.565738  0.313538  0.892907  0.648870  0.543949  0.507218  0.527811  0.393421  0.743509  0.349932  0.630686  0.861939  0.648985  0.440558  0.438246  0.873604  0.524256  0.309570  0.317805  0.734903  0.583953  0.574177  0.433662  0.577656  0.296896  0.619551  0.385042  0.718803  0.346257  0.627772  0.647834  0.261498  0.547752  0.290133  0.473365  0.551998  0.617254  0.296681  0.509777  0.521673  0.640423  0.360092  0.697347 
8  0.290210  0.696044  0.800544  0.765113  0.512736  0.631659  0.381382  0.389677 0.0  0.431144  0.624922  0.530915  0.423623  0.440952  0.381031  0.496400  0.546390  0.581107  0.357817  0.288407  0.822095  0.748499  0.470025  0.544279  0.600492  0.583945  0.791424  0.516370  0.597647  0.773008  0.704107  0.724156  0.584549  0.776877  0.377417  0.414512  0.247484  0.618974  0.418030  0.697102  0.427791  0.544841  0.469234  0.618505  0.548471  0.608725  0.464861  0.605673  0.776352  0.295402  0.595762  0.351123  0.568558  0.440980  0.520732  0.364082  0.432490  0.544841  0.678633  0.163244  0.726267 
9  0.473405  0.764994  0.799165  0.726958  0.824068  0.595667  0.513614  0.551890  0.431144 0.0  0.647979  0.464722  0.591850  0.429443  0.535880  0.573287  0.668032  0.469697  0.464493  0.387157  0.873016  0.642121  0.575413  0.613234  0.693598  0.578639  0.765903  0.586720  0.531256  0.702101  0.795350  0.500305  0.459122  0.817426  0.702862  0.529232  0.511679  0.775602  0.618966  0.663071  0.422269  0.458110  0.667674  0.622423  0.716874  0.630636  0.669593  0.669123  0.580578  0.417151  0.707006  0.536699  0.527524  0.567130  0.614824  0.670794  0.766305  0.581464  0.551303  0.523144  0.708762 
10  0.582408  0.453720  0.429250  0.754550  0.528507  0.552838  0.798311  0.571626  0.624922  0.647979 0.0  0.552199  0.525090  0.640487  0.721903  0.610234  0.631601  0.635221  0.756519  0.650061  0.800034  0.772278  0.349907  0.657082  0.364803  0.292916  0.638801  0.684709  0.631193  0.712329  0.615236  0.442088  0.634420  0.633207  0.655714  0.599561  0.594286  0.654505  0.412589  0.285324  0.661060  0.628998  0.474705  0.536315  0.451603  0.705024  0.520444  0.560512  0.615701  0.593882  0.381399  0.583252  0.602725  0.376317  0.582332  0.428264  0.544697  0.613744  0.798798  0.762023  0.457791 
11  0.456435  0.540347  0.561735  0.487421  0.503063  0.560222  0.563242  0.470810  0.530915  0.464722  0.552199 0.0  0.355690  0.424589  0.505937  0.509249  0.542393  0.221365  0.528001  0.518917  0.793153  0.511583  0.694213  0.546312  0.433382  0.556983  0.623737  0.650595  0.606431  0.753939  0.561529  0.124966  0.434510  0.698087  0.529163  0.446928  0.714278  0.719939  0.759303  0.410329  0.419982  0.528233  0.431454  0.516601  0.556853  0.773896  0.596871  0.547318  0.638479  0.384680  0.682942  0.499726  0.135128  0.714840  0.626148  0.427274  0.591399  0.441330  0.600066  0.574223  0.802192 
12  0.441299  0.671587  0.680476  0.698749  0.474982  0.582576  0.667515  0.266192  0.423623  0.591850  0.525090  0.355690 0.0  0.443155  0.473451  0.485994  0.513728  0.450751  0.517101  0.228907  0.805861  0.694663  0.688710  0.569352  0.605981  0.607965  0.699911  0.355813  0.662375  0.653163  0.693574  0.284917  0.461756  0.822597  0.557413  0.336749  0.342003  0.814747  0.705606  0.603540  0.335415  0.568937  0.383518  0.704592  0.499906  0.617914  0.422749  0.504226  0.580596  0.194489  0.601810  0.400054  0.350667  0.522385  0.487018  0.343240  0.620533  0.484804  0.753416  0.304139  0.618263 
13  0.414768  1.000000  0.819771  0.600934  0.528256  0.603488  0.329272  0.454479  0.440952  0.429443  0.640487  0.424589  0.443155 0.0  0.418170  0.668635  0.536493  0.378078  0.419429  0.344224  0.898824  0.713901  0.651811  0.579899  0.496906  0.580204  0.754179  0.533217  0.657179  0.641030  0.779087  0.374223  0.600735  0.767151  0.533744  0.416439  0.403977  0.848807  0.535561  0.552688  0.436553  0.452518  0.425813  0.592084  0.587010  0.755075  0.533939  0.799030  0.682194  0.340895  0.668723  0.358585  0.410051  0.579918  0.636073  0.379602  0.604122  0.525680  0.663730  0.345235  0.730626 
14  0.560492  0.893061  0.655752  0.695105  0.799697  0.809002  0.574032  0.554374  0.381031  0.535880  0.721903  0.505937  0.473451  0.418170 0.0  0.604985  0.823247  0.652670  0.238900  0.426420  0.886586  0.634257  0.597127  0.710282  0.549033  0.747742  0.850150  0.611245  0.709539  0.979368  0.957050  0.600447  0.684852  0.741049  0.715541  0.495519  0.533153  0.736615  0.610689  0.820548  0.416521  0.588077  0.525620  0.831897  0.621163  0.628231  0.590101  0.743282  0.675766  0.420080  0.734601  0.484815  0.575041  0.624364  0.745135  0.564339  0.762664  0.594809  0.661020  0.360985  0.621301 
15  0.495562  0.502787  0.633713  0.695463  0.398942  0.658823  0.767751  0.534518  0.496400  0.573287  0.610234  0.509249  0.485994  0.668635  0.604985 0.0  0.363080  0.574020  0.580693  0.448524  0.579014  0.641690  0.776354  0.406709  0.736697  0.669989  0.562338  0.519980  0.502686  0.522182  0.568336  0.501424  0.419642  0.720212  0.372170  0.525436  0.512806  0.543384  0.708689  0.491957  0.493879  0.648956  0.554454  0.613579  0.494725  0.452598  0.510716  0.357906  0.569202  0.478859  0.579300  0.525047  0.527975  0.712667  0.498631  0.407414  0.441507  0.389299  0.562271  0.528809  0.549719 
16  0.425820  0.470965  0.604075  0.638391  0.242235  0.514382  0.643379  0.509904  0.546390  0.668032  0.631601  0.542393  0.513728  0.536493  0.823247  0.363080 0.0  0.574710  0.578826  0.529829  0.600084  0.680229  0.586622  0.305676  0.549472  0.444331  0.458579  0.584192  0.589385  0.480084  0.557897  0.577695  0.424056  0.565543  0.201673  0.385649  0.496535  0.586774  0.766762  0.444867  0.631024  0.725168  0.438109  0.402609  0.394707  0.569194  0.457324  0.335799  0.596163  0.558878  0.693532  0.398487  0.638938  0.712866  0.414599  0.351241  0.214704  0.440329  0.779479  0.489908  0.592978 
17  0.390578  0.486191  0.806449  0.610445  0.543488  0.531933  0.518313  0.465031  0.581107  0.469697  0.635221  0.221365  0.450751  0.378078  0.652670  0.574020  0.574710 0.0  0.567448  0.423678  0.728800  0.682216  0.677923  0.602216  0.548047  0.575304  0.552725  0.609570  0.515469  0.645294  0.573954  0.240194  0.502705  0.637753  0.578259  0.406481  0.466482  0.590575  0.698199  0.489262  0.420545  0.530377  0.476047  0.481155  0.565008  0.619167  0.498225  0.547420  0.534862  0.412989  0.644934  0.545493  0.253570  0.621368  0.497398  0.391252  0.508394  0.471398  0.602665  0.571797  0.700162 
18  0.471184  0.770724  0.760109  0.744460  0.640954  0.674035  0.469644  0.565738  0.357817  0.464493  0.756519  0.528001  0.517101  0.419429  0.238900  0.580693  0.578826  0.567448 0.0  0.407413  0.930419  0.773475  0.660771  0.663766  0.576659  0.705904  0.837169  0.583850  0.659046  0.884740  0.951703  0.780082  0.593697  0.919365  0.632920  0.493457  0.438501  0.744561  0.575025  0.711117  0.468376  0.546044  0.518706  0.759013  0.541262  0.663673  0.526276  0.642267  0.785525  0.470273  0.617758  0.363104  0.591550  0.572830  0.684380  0.529172  0.503713  0.689375  0.676164  0.272727  0.687585 
19  0.304035  0.508036  0.643118  0.598368  0.503562  0.565613  0.477591  0.313538  0.288407  0.387157  0.650061  0.518917  0.228907  0.344224  0.426420  0.448524  0.529829  0.423678  0.407413 0.0  0.764118  0.793206  0.476064  0.578419  0.632673  0.560234  0.714371  0.469405  0.672691  0.740242  0.724543  0.446709  0.503508  0.767880  0.468534  0.419792  0.276295  0.674845  0.412222  0.554002  0.241855  0.567133  0.457591  0.523137  0.551954  0.521736  0.470087  0.567327  0.773006  0.150534  0.661061  0.370332  0.402419  0.447187  0.580405  0.377285  0.547068  0.508239  0.736908  0.340851  0.568877 
20  0.902764  0.616858  0.561764  0.701147  0.604544  0.526097  0.954787  0.892907  0.822095  0.873016  0.800034  0.793153  0.805861  0.898824  0.886586  0.579014  0.600084  0.728800  0.930419  0.764118 0.0  0.554362  0.671225  0.500734  0.686638  0.725689  0.651650  0.823032  0.685211  0.652668  0.355502  0.696803  0.531608  0.443351  0.588181  0.736734  0.739225  0.631231  0.658113  0.583556  0.919735  0.728188  0.805280  0.488127  0.712275  0.645418  0.678138  0.560038  0.543953  0.796890  0.623384  0.851335  0.802819  0.660278  0.450445  0.839242  0.583737  0.654150  0.624126  0.809418  0.540987 
21  0.734022  0.581211  0.693356  0.586052  0.502037  0.540413  0.745598  0.648870  0.748499  0.642121  0.772278  0.511583  0.694663  0.713901  0.634257  0.641690  0.680229  0.682216  0.773475  0.793206  0.554362 0.0  0.733230  0.539482  0.555333  0.716393  0.523502  0.630410  0.611975  0.471774  0.584593  0.680337  0.534699  0.640326  0.595951  0.684651  0.681207  0.526324  0.694741  0.597214  0.627302  0.741912  0.693845  0.564982  0.639441  0.608024  0.623331  0.449922  0.577802  0.628081  0.688712  0.782260  0.708749  0.694417  0.551346  0.528939  0.471345  0.570964  0.707967  0.663970  0.738765 
22  0.525999  0.590238  0.625307  0.744547  0.714304  0.585459  0.564951  0.543949  0.470025  0.575413  0.349907  0.694213  0.688710  0.651811  0.597127  0.776354  0.586622  0.677923  0.660771  0.476064  0.671225  0.733230 0.0  0.723932  0.366860  0.473839  0.841278  0.830431  0.641949  0.760237  0.852869  0.748390  0.817103  0.622188  0.811365  0.544063  0.448837  0.672877  0.246744  0.527213  0.598495  0.576905  0.595505  0.675293  0.627169  0.697482  0.650602  0.727098  0.645664  0.574091  0.395575  0.553241  0.814935  0.307929  0.683503  0.675014  0.622385  0.688467  0.671945  0.451606  0.434645 
23  0.539628  0.478066  0.618702  0.695921  0.355857  0.416692  0.679982  0.507218  0.544279  0.613234  0.657082  0.546312  0.569352  0.579899  0.710282  0.406709  0.305676  0.602216  0.663766  0.578419  0.500734  0.539482  0.723932 0.0  0.619175  0.547420  0.449364  0.471312  0.501734  0.502673  0.438762  0.550444  0.326597  0.585252  0.320898  0.507919  0.571373  0.543973  0.721931  0.462922  0.660849  0.586421  0.463288  0.378741  0.424628  0.483287  0.453198  0.331424  0.540615  0.649091  0.635769  0.525432  0.573090  0.737527  0.388982  0.376491  0.446431  0.367089  0.621775  0.625628  0.639412 
24  0.434805  0.653786  0.480984  0.664360  0.574034  0.529095  0.699872  0.527811  0.600492  0.693598  0.364803  0.433382  0.605981  0.496906  0.549033  0.736697  0.549472  0.548047  0.576659  0.632673  0.686638  0.555333  0.366860  0.619175 0.0  0.251847  0.736455  0.628227  0.646752  0.706630  0.579288  0.593316  0.490235  0.549675  0.581122  0.432862  0.621894  0.662541  0.370161  0.366198  0.596375  0.646567  0.355123  0.600878  0.514869  0.768638  0.531333  0.763405  0.646468  0.540849  0.435650  0.513335  0.525834  0.397846  0.482276  0.413726  0.639092  0.552586  0.757071  0.536158  0.616463 
25  0.421116  0.527292  0.423261  0.669143  0.444028  0.511471  0.564290  0.393421  0.583945  0.578639  0.292916  0.556983  0.607965  0.580204  0.747742  0.669989  0.444331  0.575304  0.705904  0.560234  0.725689  0.716393  0.473839  0.547420  0.251847 0.0  0.668012  0.499795  0.607307  0.611842  0.468549  0.565476  0.580142  0.625038  0.438707  0.373102  0.516566  0.619428  0.406408  0.306308  0.501676  0.692723  0.415059  0.586580  0.415444  0.805769  0.524914  0.531307  0.553621  0.589147  0.429216  0.485513  0.485011  0.450082  0.485410  0.363373  0.479493  0.478400  0.795090  0.550240  0.558496 
26  0.625671  0.702206  0.694356  0.511509  0.474378  0.478650  0.690585  0.743509  0.791424  0.765903  0.638801  0.623737  0.699911  0.754179  0.850150  0.562338  0.458579  0.552725  0.837169  0.714371  0.651650  0.523502  0.841278  0.449364  0.736455  0.668012 0.0  0.656319  0.555511  0.261298  0.341415  0.727109  0.502803  0.642340  0.480549  0.619397  0.761864  0.712154  0.871397  0.501518  0.758358  0.527164  0.646186  0.437755  0.524379  0.711559  0.523692  0.467473  0.546745  0.742783  0.708563  0.735257  0.616508  0.697892  0.494952  0.599202  0.417473  0.666832  0.565948  0.880444  0.560293 
27  0.479670  0.666717  0.552022  0.655994  0.412277  0.474417  0.607756  0.349932  0.516370  0.586720  0.684709  0.650595  0.355813  0.533217  0.611245  0.519980  0.584192  0.609570  0.583850  0.469405  0.823032  0.630410  0.830431  0.471312  0.628227  0.499795  0.656319 0.0  0.686678  0.586193  0.752515  0.561681  0.484010  0.677711  0.539653  0.455574  0.392150  0.684802  0.653416  0.617298  0.518577  0.584115  0.523203  0.595597  0.456054  0.630464  0.350467  0.576140  0.534589  0.485919  0.693597  0.398613  0.555595  0.694663  0.646752  0.385554  0.492752  0.488723  0.606517  0.471921  0.664975 
28  0.518210  0.575215  0.728946  0.617227  0.561219  0.551770  0.716599  0.630686  0.597647  0.531256  0.631193  0.606431  0.662375  0.657179  0.709539  0.502686  0.589385  0.515469  0.659046  0.672691  0.685211  0.611975  0.641949  0.501734  0.646752  0.607307  0.555511  0.686678 0.0  0.691652  0.532463  0.635574  0.516359  0.655263  0.634487  0.532646  0.550945  0.644491  0.572057  0.600786  0.592134  0.633909  0.635955  0.518405  0.624517  0.631440  0.553127  0.585055  0.524854  0.634939  0.670028  0.605037  0.665445  0.635602  0.518109  0.557988  0.686938  0.638626  0.560272  0.564025  0.488578 
29  0.816735  0.622252  0.613049  0.472812  0.555627  0.570690  0.805779  0.861939  0.773008  0.702101  0.712329  0.753939  0.653163  0.641030  0.979368  0.522182  0.480084  0.645294  0.884740  0.740242  0.652668  0.471774  0.760237  0.502673  0.706630  0.611842  0.261298  0.586193  0.691652 0.0  0.393770  0.497461  0.520594  0.483376  0.483420  0.753495  0.724491  0.598205  0.787041  0.595062  0.815673  0.608397  0.678567  0.358697  0.529073  0.671372  0.572739  0.492023  0.662352  0.779436  0.692799  0.589704  0.674640  0.763677  0.504899  0.512399  0.569861  0.707014  0.630328  0.742850  0.643653 
30  0.737331  0.581745  0.457530  0.656333  0.496435  0.528311  0.665958  0.648985  0.704107  0.795350  0.615236  0.561529  0.693574  0.779087  0.957050  0.568336  0.557897  0.573954  0.951703  0.724543  0.355502  0.584593  0.852869  0.438762  0.579288  0.468549  0.341415  0.752515  0.532463  0.393770 0.0  0.574131  0.565480  0.377650  0.465250  0.464515  0.761347  0.561187  0.572121  0.383535  0.760486  0.585380  0.841097  0.404811  0.685089  0.677581  0.525651  0.510763  0.556313  0.685457  0.617723  0.720683  0.631618  0.623514  0.417000  0.556602  0.523219  0.577275  0.732306  0.677197  0.585560 
31  0.476939  0.549539  0.756023  0.668943  0.551697  0.569511  0.640542  0.440558  0.724156  0.500305  0.442088  0.124966  0.284917  0.374223  0.600447  0.501424  0.577695  0.240194  0.780082  0.446709  0.696803  0.680337  0.748390  0.550444  0.593316  0.565476  0.727109  0.561681  0.635574  0.497461  0.574131 0.0  0.508363  0.735772  0.533288  0.435037  0.620910  0.687895  0.716390  0.549747  0.450336  0.606749  0.448585  0.541558  0.535398  0.626866  0.508530  0.536449  0.569770  0.407649  0.678993  0.535706  0.190732  0.804938  0.551472  0.485166  0.710676  0.499815  0.589518  0.581707  0.872742 
32  0.472894  0.477647  0.528028  0.625398  0.306320  0.509040  0.713888  0.438246  0.584549  0.459122  0.634420  0.434510  0.461756  0.600735  0.684852  0.419642  0.424056  0.502705  0.593697  0.503508  0.531608  0.534699  0.817103  0.326597  0.490235  0.580142  0.502803  0.484010  0.516359  0.520594  0.565480  0.508363 0.0  0.683777  0.377523  0.422822  0.609258  0.529549  0.701116  0.530374  0.420260  0.625530  0.437385  0.388884  0.490504  0.440760  0.388940  0.300237  0.514730  0.505616  0.650163  0.442552  0.554700  0.708750  0.460411  0.466120  0.442540  0.386057  0.669366  0.609688  0.582403 
33  0.518735  0.685247  0.511019  0.594193  0.651210  0.705722  0.815647  0.873604  0.776877  0.817426  0.633207  0.698087  0.822597  0.767151  0.741049  0.720212  0.565543  0.637753  0.919365  0.767880  0.443351  0.640326  0.622188  0.585252  0.549675  0.625038  0.642340  0.677711  0.655263  0.483376  0.377650  0.735772  0.683777 0.0  0.596007  0.694151  0.630959  0.749883  0.697055  0.629045  0.623451  0.626160  0.749423  0.517574  0.746654  0.702532  0.626318  0.636035  0.511817  0.662456  0.596594  0.813954  0.839153  0.612976  0.542230  0.604898  0.738279  0.575443  0.642032  0.745392  0.651922 
34  0.403377  0.516794  0.484957  0.643082  0.243792  0.498099  0.638051  0.524256  0.377417  0.702862  0.655714  0.529163  0.557413  0.533744  0.715541  0.372170  0.201673  0.578259  0.632920  0.468534  0.588181  0.595951  0.811365  0.320898  0.581122  0.438707  0.480549  0.539653  0.634487  0.483420  0.465250  0.533288  0.377523  0.596007 0.0  0.373629  0.506852  0.547312  0.651881  0.442346  0.610575  0.771468  0.507115  0.439516  0.439609  0.490655  0.424652  0.309539  0.673992  0.525343  0.555659  0.444278  0.566448  0.727098  0.359266  0.387334  0.286165  0.440391  0.723824  0.462108  0.602174 
35  0.289309  0.645000  0.562063  0.561331  0.462289  0.456064  0.515687  0.309570  0.414512  0.529232  0.599561  0.446928  0.336749  0.416439  0.495519  0.525436  0.385649  0.406481  0.493457  0.419792  0.736734  0.684651  0.544063  0.507919  0.432862  0.373102  0.619397  0.455574  0.532646  0.753495  0.464515  0.435037  0.422822  0.694151  0.373629 0.0  0.371189  0.684642  0.531090  0.534745  0.321536  0.542563  0.245142  0.564513  0.442274  0.597846  0.360614  0.491851  0.619397  0.378913  0.646547  0.308790  0.597223  0.609840  0.589206  0.195654  0.455072  0.457683  0.632336  0.345663  0.788588 
36  0.261746  0.717327  0.752142  0.671517  0.500332  0.537408  0.410262  0.317805  0.247484  0.511679  0.594286  0.714278  0.342003  0.403977  0.533153  0.512806  0.496535  0.466482  0.438501  0.276295  0.739225  0.681207  0.448837  0.571373  0.621894  0.516566  0.761864  0.392150  0.550945  0.724491  0.761347  0.620910  0.609258  0.630959  0.506852  0.371189 0.0  0.759898  0.488884  0.720636  0.423013  0.549809  0.517590  0.586628  0.532163  0.609941  0.438347  0.491363  0.614146  0.252813  0.646752  0.315364  0.530864  0.502578  0.547770  0.430430  0.519995  0.476916  0.601390  0.262568  0.663270 
37  0.583650  0.419129  0.611585  0.803576  0.454151  0.496161  0.727717  0.734903  0.618974  0.775602  0.654505  0.719939  0.814747  0.848807  0.736615  0.543384  0.586774  0.590575  0.744561  0.674845  0.631231  0.526324  0.672877  0.543973  0.662541  0.619428  0.712154  0.684802  0.644491  0.598205  0.561187  0.687895  0.529549  0.749883  0.547312  0.684642  0.759898 0.0  0.658359  0.595062  0.819224  0.666009  0.640250  0.508821  0.582581  0.605181  0.638586  0.567655  0.518122  0.811193  0.664798  0.687167  0.715534  0.705931  0.489490  0.556628  0.576433  0.653670  0.752782  0.821448  0.676395 
38  0.333646  0.660942  0.600917  0.872762  0.547939  0.622438  0.552867  0.583953  0.418030  0.618966  0.412589  0.759303  0.705606  0.535561  0.610689  0.708689  0.766762  0.698199  0.575025  0.412222  0.658113  0.694741  0.246744  0.721931  0.370161  0.406408  0.871397  0.653416  0.572057  0.787041  0.572121  0.716390  0.701116  0.697055  0.651881  0.531090  0.488884  0.658359 0.0  0.505529  0.688481  0.522048  0.611098  0.725819  0.684762  0.656410  0.557908  0.691298  0.707745  0.483726  0.450167  0.471340  0.706404  0.169217  0.602302  0.579988  0.641834  0.720119  0.643804  0.509252  0.418576 
39  0.545498  0.396060  0.357841  0.636938  0.443262  0.522073  0.765548  0.574177  0.697102  0.663071  0.285324  0.410329  0.603540  0.552688  0.820548  0.491957  0.444867  0.489262  0.711117  0.554002  0.583556  0.597214  0.527213  0.462922  0.366198  0.306308  0.501518  0.617298  0.600786  0.595062  0.383535  0.549747  0.530374  0.629045  0.442346  0.534745  0.720636  0.595062  0.505529 0.0  0.519087  0.657696  0.504503  0.435859  0.557425  0.645311  0.577176  0.428729  0.534708  0.587590  0.506775  0.504863  0.554827  0.466671  0.404569  0.479369  0.482325  0.428973  0.708750  0.751289  0.424853 
40  0.270119  0.532378  0.586449  0.658287  0.524774  0.628503  0.493500  0.433662  0.427791  0.422269  0.661060  0.419982  0.335415  0.436553  0.416521  0.493879  0.631024  0.420545  0.468376  0.241855  0.919735  0.627302  0.598495  0.660849  0.596375  0.501676  0.758358  0.518577  0.592134  0.815673  0.760486  0.450336  0.420260  0.623451  0.610575  0.321536  0.423013  0.819224  0.688481  0.519087 0.0  0.505917  0.410206  0.645324  0.601690  0.505730  0.441210  0.627757  0.645299  0.286502  0.640285  0.361561  0.498446  0.569581  0.598217  0.414189  0.607044  0.445144  0.655225  0.386820  0.710875 
41  0.618527  0.622221  0.768502  0.545291  0.626937  0.637213  0.628447  0.577656  0.544841  0.458110  0.628998  0.528233  0.568937  0.452518  0.588077  0.648956  0.725168  0.530377  0.546044  0.567133  0.728188  0.741912  0.576905  0.586421  0.646567  0.692723  0.527164  0.584115  0.633909  0.608397  0.585380  0.606749  0.625530  0.626160  0.771468  0.542563  0.549809  0.666009  0.522048  0.657696  0.505917 0.0  0.533244  0.608452  0.611337  0.621574  0.606540  0.793453  0.625253  0.551846  0.696566  0.498349  0.498638  0.540182  0.654760  0.580856  0.679596  0.654425  0.538366  0.501648  0.624226 
42  0.354889  0.691241  0.615825  0.747535  0.432059  0.587151  0.646061  0.296896  0.469234  0.667674  0.474705  0.431454  0.383518  0.425813  0.525620  0.554454  0.438109  0.476047  0.518706  0.457591  0.805280  0.693845  0.595505  0.463288  0.355123  0.415059  0.646186  0.523203  0.635955  0.678567  0.841097  0.448585  0.437385  0.749423  0.507115  0.245142  0.517590  0.640250  0.611098  0.504503  0.410206  0.533244 0.0  0.591007  0.437008  0.685118  0.396921  0.550608  0.645249  0.350134  0.592242  0.379679  0.499939  0.490507  0.631774  0.206662  0.487783  0.531427  0.616715  0.481194  0.639206 
43  0.632731  0.392140  0.414559  0.669728  0.420866  0.495722  0.752850  0.619551  0.618505  0.622423  0.536315  0.516601  0.704592  0.592084  0.831897  0.613579  0.402609  0.481155  0.759013  0.523137  0.488127  0.564982  0.675293  0.378741  0.600878  0.586580  0.437755  0.595597  0.518405  0.358697  0.404811  0.541558  0.388884  0.517574  0.439516  0.564513  0.586628  0.508821  0.725819  0.435859  0.645324  0.608452  0.591007 0.0  0.547113  0.536341  0.582747  0.438900  0.446505  0.662414  0.608656  0.711883  0.629233  0.658536  0.470617  0.509927  0.520909  0.497323  0.665911  0.821135  0.550576 
44  0.382323  0.636053  0.595133  0.682773  0.408108  0.635836  0.633983  0.385042  0.548471  0.716874  0.451603  0.556853  0.499906  0.587010  0.621163  0.494725  0.394707  0.565008  0.541262  0.551954  0.712275  0.639441  0.627169  0.424628  0.514869  0.415444  0.524379  0.456054  0.624517  0.529073  0.685089  0.535398  0.490504  0.746654  0.439609  0.442274  0.532163  0.582581  0.684762  0.557425  0.601690  0.611337  0.437008  0.547113 0.0  0.582358  0.307673  0.530493  0.659518  0.498318  0.607335  0.495125  0.624447  0.603063  0.580366  0.349310  0.464828  0.574523  0.626104  0.517420  0.591226 
45  0.518416  0.598861  0.674537  0.654909  0.591983  0.576260  0.723238  0.718803  0.608725  0.630636  0.705024  0.773896  0.617914  0.755075  0.628231  0.452598  0.569194  0.619167  0.663673  0.521736  0.645418  0.608024  0.697482  0.483287  0.768638  0.805769  0.711559  0.630464  0.631440  0.671372  0.677581  0.626866  0.440760  0.702532  0.490655  0.597846  0.609941  0.605181  0.656410  0.645311  0.505730  0.621574  0.685118  0.536341  0.582358 0.0  0.570577  0.450774  0.535152  0.587995  0.756634  0.583241  0.569917  0.786041  0.515018  0.654248  0.631845  0.538243  0.628079  0.588653  0.545246 
46  0.352724  0.539918  0.577609  0.665837  0.499792  0.600994  0.563237  0.346257  0.464861  0.669593  0.520444  0.596871  0.422749  0.533939  0.590101  0.510716  0.457324  0.498225  0.526276  0.470087  0.678138  0.623331  0.650602  0.453198  0.531333  0.524914  0.523692  0.350467  0.553127  0.572739  0.525651  0.508530  0.388940  0.626318  0.424652  0.360614  0.438347  0.638586  0.557908  0.577176  0.441210  0.606540  0.396921  0.582747  0.307673  0.570577 0.0  0.491687  0.682797  0.419136  0.654116  0.441458  0.472060  0.515847  0.513038  0.339660  0.459583  0.467959  0.648340  0.518744  0.660178 
47  0.634303  0.457713  0.473403  0.639722  0.382766  0.539087  0.751160  0.627772  0.605673  0.669123  0.560512  0.547318  0.504226  0.799030  0.743282  0.357906  0.335799  0.547420  0.642267  0.567327  0.560038  0.449922  0.727098  0.331424  0.763405  0.531307  0.467473  0.576140  0.585055  0.492023  0.510763  0.536449  0.300237  0.636035  0.309539  0.491851  0.491363  0.567655  0.691298  0.428729  0.627757  0.793453  0.550608  0.438900  0.530493  0.450774  0.491687 0.0  0.454940  0.569171  0.763031  0.608720  0.585981  0.689440  0.316955  0.495068  0.429134  0.330937  0.696659  0.687590  0.605325 
48  0.529482  0.480560  0.571641  0.552826  0.497715  0.628531  0.605241  0.647834  0.776352  0.580578  0.615701  0.638479  0.580596  0.682194  0.675766  0.569202  0.596163  0.534862  0.785525  0.773006  0.543953  0.577802  0.645664  0.540615  0.646468  0.553621  0.546745  0.534589  0.524854  0.662352  0.556313  0.569770  0.514730  0.511817  0.673992  0.619397  0.614146  0.518122  0.707745  0.534708  0.645299  0.625253  0.645249  0.446505  0.659518  0.535152  0.682797  0.454940 0.0  0.705633  0.633419  0.618689  0.607761  0.801337  0.629505  0.464953  0.661425  0.568212  0.595832  0.715111  0.678926 
49  0.315799  0.602542  0.658524  0.649200  0.533114  0.574477  0.469787  0.261498  0.295402  0.417151  0.593882  0.384680  0.194489  0.340895  0.420080  0.478859  0.558878  0.412989  0.470273  0.150534  0.796890  0.628081  0.574091  0.649091  0.540849  0.589147  0.742783  0.485919  0.634939  0.779436  0.685457  0.407649  0.505616  0.662456  0.525343  0.378913  0.252813  0.811193  0.483726  0.587590  0.286502  0.551846  0.350134  0.662414  0.498318  0.587995  0.419136  0.569171  0.705633 0.0  0.688022  0.343397  0.391161  0.409166  0.675311  0.402315  0.674790  0.495172  0.635769  0.248141  0.654500 
50  0.652979  0.654309  0.430432  0.690508  0.577931  0.460164  0.628163  0.547752  0.595762  0.707006  0.381399  0.682942  0.601810  0.668723  0.734601  0.579300  0.693532  0.644934  0.617758  0.661061  0.623384  0.688712  0.395575  0.635769  0.435650  0.429216  0.708563  0.693597  0.670028  0.692799  0.617723  0.678993  0.650163  0.596594  0.555659  0.646547  0.646752  0.664798  0.450167  0.506775  0.640285  0.696566  0.592242  0.608656  0.607335  0.756634  0.654116  0.763031  0.633419  0.688022 0.0  0.651094  0.687453  0.449330  0.626015  0.705733  0.543239  0.689165  0.639003  0.636655  0.467049 
51  0.299425  0.607998  0.728540  0.733111  0.454345  0.555914  0.393279  0.290133  0.351123  0.536699  0.583252  0.499726  0.400054  0.358585  0.484815  0.525047  0.398487  0.545493  0.363104  0.370332  0.851335  0.782260  0.553241  0.525432  0.513335  0.485513  0.735257  0.398613  0.605037  0.589704  0.720683  0.535706  0.442552  0.813954  0.444278  0.308790  0.315364  0.687167  0.471340  0.504863  0.361561  0.498349  0.379679  0.711883  0.495125  0.583241  0.441458  0.608720  0.618689  0.343397  0.651094 0.0  0.518401  0.526642  0.638955  0.252305  0.465741  0.503338  0.586872  0.316296  0.646258 
52  0.466962  0.482274  0.637298  0.664604  0.548926  0.503165  0.612294  0.473365  0.568558  0.527524  0.602725  0.135128  0.350667  0.410051  0.575041  0.527975  0.638938  0.253570  0.591550  0.402419  0.802819  0.708749  0.814935  0.573090  0.525834  0.485011  0.616508  0.555595  0.665445  0.674640  0.631618  0.190732  0.554700  0.839153  0.566448  0.597223  0.530864  0.715534  0.706404  0.554827  0.498446  0.498638  0.499939  0.629233  0.624447  0.569917  0.472060  0.585981  0.607761  0.391161  0.687453  0.518401 0.0  0.640404  0.536119  0.436403  0.518589  0.510749  0.711245  0.531698  0.712462 
53  0.409686  0.682658  0.580649  0.740430  0.530104  0.643708  0.623217  0.551998  0.440980  0.567130  0.376317  0.714840  0.522385  0.579918  0.624364  0.712667  0.712866  0.621368  0.572830  0.447187  0.660278  0.694417  0.307929  0.737527  0.397846  0.450082  0.697892  0.694663  0.635602  0.763677  0.623514  0.804938  0.708750  0.612976  0.727098  0.609840  0.502578  0.705931  0.169217  0.466671  0.569581  0.540182  0.490507  0.658536  0.603063  0.786041  0.515847  0.689440  0.801337  0.409166  0.449330  0.526642  0.640404 0.0  0.551358  0.645966  0.636842  0.632319  0.636027  0.547597  0.439439 
54  0.644817  0.415505  0.628983  0.602488  0.438866  0.455540  0.546224  0.617254  0.520732  0.614824  0.582332  0.626148  0.487018  0.636073  0.745135  0.498631  0.414599  0.497398  0.684380  0.580405  0.450445  0.551346  0.683503  0.388982  0.482276  0.485410  0.494952  0.646752  0.518109  0.504899  0.417000  0.551472  0.460411  0.542230  0.359266  0.589206  0.547770  0.489490  0.602302  0.404569  0.598217  0.654760  0.631774  0.470617  0.580366  0.515018  0.513038  0.316955  0.629505  0.675311  0.626015  0.638955  0.536119  0.551358 0.0  0.514186  0.372370  0.474921  0.730715  0.612558  0.489806 
55  0.248173  0.523254  0.619766  0.730008  0.329491  0.627698  0.533221  0.296681  0.364082  0.670794  0.428264  0.427274  0.343240  0.379602  0.564339  0.407414  0.351241  0.391252  0.529172  0.377285  0.839242  0.528939  0.675014  0.376491  0.413726  0.363373  0.599202  0.385554  0.557988  0.512399  0.556602  0.485166  0.466120  0.604898  0.387334  0.195654  0.430430  0.556628  0.579988  0.479369  0.414189  0.580856  0.206662  0.509927  0.349310  0.654248  0.339660  0.495068  0.464953  0.402315  0.705733  0.252305  0.436403  0.645966  0.514186 0.0  0.398281  0.398729  0.637876  0.439387  0.671572 
56  0.535701  0.480610  0.609476  0.727591  0.244997  0.515216  0.716582  0.509777  0.432490  0.766305  0.544697  0.591399  0.620533  0.604122  0.762664  0.441507  0.214704  0.508394  0.503713  0.547068  0.583737  0.471345  0.622385  0.446431  0.639092  0.479493  0.417473  0.492752  0.686938  0.569861  0.523219  0.710676  0.442540  0.738279  0.286165  0.455072  0.519995  0.576433  0.641834  0.482325  0.607044  0.679596  0.487783  0.520909  0.464828  0.631845  0.459583  0.429134  0.661425  0.674790  0.543239  0.465741  0.518589  0.636842  0.372370  0.398281 0.0  0.498837  0.659735  0.482703  0.672462 
57  0.468319  0.469396  0.478229  0.533397  0.376139  0.491194  0.780573  0.521673  0.544841  0.581464  0.613744  0.441330  0.484804  0.525680  0.594809  0.389299  0.440329  0.471398  0.689375  0.508239  0.654150  0.570964  0.688467  0.367089  0.552586  0.478400  0.666832  0.488723  0.638626  0.707014  0.577275  0.499815  0.386057  0.575443  0.440391  0.457683  0.476916  0.653670  0.720119  0.428973  0.445144  0.654425  0.531427  0.497323  0.574523  0.538243  0.467959  0.330937  0.568212  0.495172  0.689165  0.503338  0.510749  0.632319  0.474921  0.398729  0.498837 0.0  0.730631  0.610627  0.569559 
58  0.608037  0.633686  0.750920  0.556643  0.827526  0.673440  0.517564  0.640423  0.678633  0.551303  0.798798  0.600066  0.753416  0.663730  0.661020  0.562271  0.779479  0.602665  0.676164  0.736908  0.624126  0.707967  0.671945  0.621775  0.757071  0.795090  0.565948  0.606517  0.560272  0.630328  0.732306  0.589518  0.669366  0.642032  0.723824  0.632336  0.601390  0.752782  0.643804  0.708750  0.655225  0.538366  0.616715  0.665911  0.626104  0.628079  0.648340  0.696659  0.595832  0.635769  0.639003  0.586872  0.711245  0.636027  0.730715  0.637876  0.659735  0.730631 0.0  0.646389  0.730537 
59  0.374496  0.755502  0.878227  0.665580  0.512295  0.683741  0.336792  0.360092  0.163244  0.523144  0.762023  0.574223  0.304139  0.345235  0.360985  0.528809  0.489908  0.571797  0.272727  0.340851  0.809418  0.663970  0.451606  0.625628  0.536158  0.550240  0.880444  0.471921  0.564025  0.742850  0.677197  0.581707  0.609688  0.745392  0.462108  0.345663  0.262568  0.821448  0.509252  0.751289  0.386820  0.501648  0.481194  0.821135  0.517420  0.588653  0.518744  0.687590  0.715111  0.248141  0.636655  0.316296  0.531698  0.547597  0.612558  0.439387  0.482703  0.610627  0.646389 0.0  0.773949 
60  0.704638  0.577718  0.474184  0.729574  0.644409  0.618962  0.853695  0.697347  0.726267  0.708762  0.457791  0.802192  0.618263  0.730626  0.621301  0.549719  0.592978  0.700162  0.687585  0.568877  0.540987  0.738765  0.434645  0.639412  0.616463  0.558496  0.560293  0.664975  0.488578  0.643653  0.585560  0.872742  0.582403  0.651922  0.602174  0.788588  0.663270  0.676395  0.418576  0.424853  0.710875  0.624226  0.639206  0.550576  0.591226  0.545246  0.660178  0.605325  0.678926  0.654500  0.467049  0.646258  0.712462  0.439439  0.489806  0.671572  0.672462  0.569559  0.730537  0.773949 0.0 
