61
0 0.0  0.507453  0.714305  0.610196  0.327856  0.666751  0.437831  0.359109  0.324925  0.502535  0.569611  0.453949  0.422244  0.319179  0.665272  0.584602  0.477272  0.377329  0.451778  0.294444  0.794860  0.701880  0.525972  0.470532  0.554850  0.451883  0.663566  0.448170  0.641559  0.695895  0.635550  0.395434  0.494372  0.580351  0.408733  0.289089  0.298683  0.720501  0.331334  0.650122  0.287007  0.573111  0.320599  0.648812  0.472638  0.541342  0.405593  0.470764  0.695792  0.297136  0.674826  0.266116  0.488403  0.456636  0.662018  0.320443  0.494879  0.511374  0.698279  0.379356  0.599688 
1  0.507453 0.0  0.496270  0.695489  0.494531  0.620704  0.665885  0.612442  0.721572  0.719279  0.634934  0.496983  0.577568  0.799700  0.819882  0.434993  0.495320  0.570731  0.844352  0.609698  0.753341  0.618805  0.568073  0.483927  0.580332  0.398894  0.634411  0.729881  0.524812  0.498604  0.524612  0.517031  0.533119  0.665588  0.511419  0.539767  0.703677  0.388544  0.750420  0.411566  0.623577  0.574470  0.559368  0.462982  0.619813  0.604120  0.547325  0.485256  0.490790  0.585382  0.607912  0.546015  0.568894  0.664119  0.471643  0.440921  0.458858  0.492412  0.645324  0.689882  0.513626 
2  0.714305  0.496270 0.0  0.673586  0.585655  0.630869  0.722940  0.634836  0.723834  0.771642  0.346182  0.634188  0.655628  0.734643  0.853093  0.542674  0.593915  0.694360  0.777355  0.638167  0.577805  0.552388  0.622344  0.573550  0.511983  0.423890  0.591264  0.632399  0.613171  0.603643  0.526401  0.640539  0.560504  0.548234  0.543839  0.667590  0.774042  0.609055  0.611333  0.389877  0.741778  0.740761  0.730560  0.438932  0.666747  0.648195  0.691569  0.417771  0.490030  0.697787  0.400735  0.703683  0.584074  0.580746  0.584675  0.565524  0.539522  0.475983  0.690244  0.729648  0.523184 
3  0.610196  0.695489  0.673586 0.0  0.729244  0.544508  0.682636  0.814156  0.614450  0.601707  0.735194  0.584927  0.682746  0.622039  0.627458  0.711231  0.567162  0.554362  0.714589  0.668647  0.596482  0.552823  0.657721  0.674039  0.679014  0.582548  0.522674  0.671410  0.582906  0.475508  0.648979  0.616305  0.566448  0.537953  0.734767  0.633028  0.642889  0.632320  0.737990  0.661255  0.547836  0.470191  0.647565  0.635264  0.618291  0.532452  0.655151  0.673136  0.606567  0.660041  0.659863  0.687705  0.564077  0.688875  0.622714  0.654011  0.765832  0.677341  0.483655  0.695755  0.599657 
4  0.327856  0.494531  0.585655  0.729244 0.0  0.510620  0.668127  0.480447  0.476655  0.736732  0.656297  0.557159  0.528022  0.540125  0.755613  0.422968  0.259640  0.497643  0.616053  0.628884  0.521520  0.551799  0.628054  0.383211  0.470629  0.459978  0.494445  0.554710  0.555963  0.492777  0.476990  0.579284  0.355585  0.555282  0.238837  0.423396  0.484207  0.514697  0.580246  0.416622  0.564077  0.605344  0.503391  0.488799  0.415671  0.546280  0.412752  0.302686  0.560845  0.550496  0.613933  0.480001  0.590800  0.579781  0.417144  0.311003  0.281285  0.402158  0.658354  0.581938  0.541793 
5  0.666751  0.620704  0.630869  0.544508  0.510620 0.0  0.612301  0.599441  0.649319  0.593388  0.616907  0.517686  0.574341  0.533406  0.569612  0.605021  0.512927  0.516601  0.683232  0.604717  0.465276  0.630195  0.612486  0.546327  0.505984  0.517914  0.521469  0.572526  0.517479  0.546643  0.477836  0.571131  0.534560  0.489082  0.489748  0.622135  0.543731  0.519601  0.664081  0.543818  0.628443  0.615836  0.531339  0.571686  0.501336  0.618533  0.595939  0.551106  0.644327  0.629273  0.561292  0.609857  0.565770  0.621607  0.561669  0.539052  0.550667  0.540585  0.611415  0.528788  0.523338 
6  0.437831  0.665885  0.722940  0.682636  0.668127  0.612301 0.0  0.549279  0.390739  0.614851  0.723674  0.603378  0.609552  0.322552  0.515715  0.789684  0.638135  0.610922  0.476499  0.573055  0.803439  0.641117  0.618446  0.644128  0.620203  0.512887  0.825754  0.611356  0.725153  0.817513  0.767336  0.539933  0.756432  0.664188  0.583104  0.471762  0.453376  0.802125  0.535194  0.822829  0.566496  0.564309  0.597887  0.706531  0.729499  0.742460  0.506321  0.686599  0.723922  0.523974  0.722485  0.461179  0.674003  0.610191  0.664365  0.580207  0.736207  0.644376  0.680430  0.342854  0.721536 
7  0.359109  0.612442  0.634836  0.814156  0.480447  0.599441  0.549279 0.0  0.376463  0.523649  0.576042  0.565929  0.207308  0.443395  0.518036  0.428500  0.520402  0.463218  0.519054  0.292994  0.773446  0.646533  0.582813  0.478306  0.484318  0.520240  0.701479  0.357627  0.584690  0.713511  0.589636  0.427017  0.499063  0.696467  0.476875  0.320876  0.326067  0.720067  0.545796  0.588768  0.393436  0.550178  0.281091  0.645817  0.367832  0.696759  0.310293  0.531543  0.621852  0.273705  0.650218  0.358035  0.487817  0.545567  0.532261  0.329659  0.504308  0.510582  0.641728  0.323996  0.755510 
8  0.324925  0.721572  0.723834  0.614450  0.476655  0.649319  0.390739  0.376463 0.0  0.490379  0.627660  0.624845  0.381669  0.365602  0.427780  0.593699  0.490260  0.580526  0.344102  0.278918  0.906103  0.595486  0.530068  0.444750  0.659578  0.480636  0.703481  0.533582  0.700547  0.758882  0.709348  0.647266  0.557193  0.727990  0.457918  0.419827  0.264287  0.726097  0.437768  0.670038  0.362751  0.559112  0.506194  0.616092  0.608091  0.589109  0.496058  0.514705  0.538505  0.283807  0.628499  0.303074  0.586153  0.435388  0.556272  0.371153  0.534943  0.479248  0.653129  0.160239  0.685420 
9  0.502535  0.719279  0.771642  0.601707  0.736732  0.593388  0.614851  0.523649  0.490379 0.0  0.722525  0.500045  0.585221  0.360062  0.489851  0.591093  0.777453  0.430201  0.528681  0.389201  0.811314  0.669184  0.518898  0.566073  0.726512  0.632012  0.809512  0.643626  0.658033  0.788674  0.843513  0.544455  0.606992  0.784734  0.605448  0.535072  0.458891  0.669353  0.632579  0.606635  0.405640  0.469718  0.581625  0.601217  0.627824  0.579022  0.527662  0.637657  0.646477  0.411945  0.764257  0.567940  0.444498  0.512146  0.599601  0.618712  0.720065  0.531485  0.513017  0.580799  0.592872 
10  0.569611  0.634934  0.346182  0.735194  0.656297  0.616907  0.723674  0.576042  0.627660  0.722525 0.0  0.592370  0.492771  0.717599  0.641411  0.568496  0.643923  0.606950  0.713374  0.540486  0.730191  0.649480  0.397358  0.717233  0.369381  0.378563  0.718481  0.557531  0.650235  0.722423  0.614347  0.553454  0.536894  0.585538  0.580538  0.525858  0.660163  0.685740  0.332913  0.324999  0.813671  0.725095  0.529286  0.589404  0.428586  0.747777  0.499833  0.558781  0.624338  0.574413  0.396200  0.624438  0.594797  0.327624  0.648202  0.500058  0.653601  0.543082  0.634494  0.771245  0.454827 
11  0.453949  0.496983  0.634188  0.584927  0.557159  0.517686  0.603378  0.565929  0.624845  0.500045  0.592370 0.0  0.374514  0.450472  0.527967  0.540092  0.605010  0.255308  0.655986  0.512392  0.744469  0.538190  0.665586  0.576545  0.482259  0.495381  0.569287  0.584080  0.634863  0.620877  0.599559  0.140086  0.436725  0.545909  0.508562  0.435386  0.603281  0.639779  0.604148  0.580688  0.336002  0.544358  0.469997  0.491441  0.564093  0.698976  0.594118  0.571079  0.593758  0.444456  0.610679  0.493003  0.166896  0.711889  0.608223  0.385299  0.724482  0.421085  0.574817  0.521311  0.642458 
12  0.422244  0.577568  0.655628  0.682746  0.528022  0.574341  0.609552  0.207308  0.381669  0.585221  0.492771  0.374514 0.0  0.464046  0.481707  0.460924  0.512893  0.443244  0.545356  0.304610  0.604124  0.761838  0.707393  0.594063  0.557156  0.544418  0.727053  0.345575  0.549214  0.750401  0.711861  0.337615  0.420334  0.706260  0.527808  0.389714  0.437642  0.845279  0.544411  0.612747  0.370362  0.629724  0.367115  0.661199  0.455079  0.587212  0.357289  0.516434  0.690442  0.222027  0.531523  0.397354  0.334207  0.583556  0.581059  0.368302  0.545754  0.433100  0.667697  0.322450  0.693126 
13  0.319179  0.799700  0.734643  0.622039  0.540125  0.533406  0.322552  0.443395  0.365602  0.360062  0.717599  0.450472  0.464046 0.0  0.571401  0.692567  0.605117  0.413965  0.424176  0.426678  0.881949  0.666715  0.620833  0.689920  0.526835  0.583856  0.703578  0.546800  0.675784  0.742757  0.708596  0.452537  0.608710  0.727103  0.594683  0.433122  0.378453  0.865285  0.487668  0.552372  0.474642  0.462232  0.457778  0.676633  0.660320  0.648113  0.649197  0.703528  0.696246  0.383573  0.706860  0.438987  0.397348  0.550399  0.503396  0.441549  0.651516  0.618618  0.616848  0.412916  0.782098 
14  0.665272  0.819882  0.853093  0.627458  0.755613  0.569612  0.515715  0.518036  0.427780  0.489851  0.641411  0.527967  0.481707  0.571401 0.0  0.613146  0.767741  0.649276  0.240610  0.423361  0.757200  0.714539  0.584377  0.724531  0.570352  0.752160  0.888198  0.618054  0.835665  0.828044  0.809308  0.653231  0.623918  1.000000  0.681329  0.620183  0.498866  0.951886  0.601983  0.769721  0.408355  0.599462  0.525858  0.705572  0.606410  0.586294  0.540771  0.688555  0.701185  0.445627  0.612113  0.447342  0.631898  0.625995  0.721996  0.483097  0.683385  0.556300  0.727220  0.351435  0.669356 
15  0.584602  0.434993  0.542674  0.711231  0.422968  0.605021  0.789684  0.428500  0.593699  0.591093  0.568496  0.540092  0.460924  0.692567  0.613146 0.0  0.371810  0.478717  0.591978  0.443389  0.576426  0.543856  0.621697  0.473093  0.720319  0.616509  0.498182  0.466501  0.454640  0.662723  0.681679  0.498702  0.481849  0.759773  0.428189  0.555049  0.557889  0.557202  0.722962  0.497737  0.545209  0.620462  0.643902  0.530209  0.480445  0.486443  0.482722  0.423198  0.683624  0.524927  0.561496  0.475041  0.533408  0.719985  0.551697  0.515349  0.425722  0.470633  0.585868  0.624876  0.432890 
16  0.477272  0.495320  0.593915  0.567162  0.259640  0.512927  0.638135  0.520402  0.490260  0.777453  0.643923  0.605010  0.512893  0.605117  0.767741  0.371810 0.0  0.502504  0.711121  0.581916  0.619766  0.546259  0.784488  0.353587  0.546959  0.501933  0.458535  0.530733  0.533987  0.479640  0.465979  0.602637  0.412775  0.662088  0.194516  0.387930  0.569308  0.595926  0.612647  0.500669  0.707912  0.644923  0.468244  0.438400  0.474610  0.645390  0.372771  0.349286  0.550256  0.675685  0.538635  0.417396  0.605350  0.666365  0.454204  0.342942  0.278289  0.401609  0.702089  0.538467  0.620615 
17  0.377329  0.570731  0.694360  0.554362  0.497643  0.516601  0.610922  0.463218  0.580526  0.430201  0.606950  0.255308  0.443244  0.413965  0.649276  0.478717  0.502504 0.0  0.569893  0.544567  0.731651  0.623172  0.654606  0.481310  0.536100  0.543548  0.598460  0.563189  0.491037  0.700226  0.548577  0.253879  0.493014  0.628637  0.560523  0.434045  0.516592  0.617076  0.562295  0.656790  0.511209  0.537258  0.432406  0.573434  0.489170  0.623556  0.539404  0.476077  0.487797  0.428602  0.636006  0.424219  0.279064  0.655730  0.629815  0.397345  0.596230  0.477479  0.679777  0.545423  0.730441 
18  0.451778  0.844352  0.777355  0.714589  0.616053  0.683232  0.476499  0.519054  0.344102  0.528681  0.713374  0.655986  0.545356  0.424176  0.240610  0.591978  0.711121  0.569893 0.0  0.425780  0.859480  0.687992  0.553618  0.722739  0.647199  0.674382  0.737348  0.490243  0.706654  0.824062  0.932361  0.690925  0.626302  0.884528  0.772911  0.436909  0.442131  0.768368  0.587795  0.887179  0.528572  0.499089  0.444140  0.886382  0.591386  0.578051  0.582714  0.772966  0.626075  0.438343  0.683843  0.424669  0.700432  0.586379  0.812039  0.545532  0.665050  0.691753  0.701156  0.273410  0.683392 
19  0.294444  0.609698  0.638167  0.668647  0.628884  0.604717  0.573055  0.292994  0.278918  0.389201  0.540486  0.512392  0.304610  0.426678  0.423361  0.443389  0.581916  0.544567  0.425780 0.0  0.750549  0.727780  0.530628  0.592421  0.618867  0.589085  0.810217  0.421636  0.611587  0.815039  0.826041  0.421680  0.537958  0.622960  0.553889  0.391293  0.243738  0.683595  0.430552  0.513557  0.268768  0.580587  0.492879  0.675247  0.443103  0.592247  0.387133  0.538311  0.649065  0.149038  0.671191  0.411528  0.475952  0.455636  0.548045  0.413287  0.573082  0.538237  0.723812  0.316003  0.515228 
20  0.794860  0.753341  0.577805  0.596482  0.521520  0.465276  0.803439  0.773446  0.906103  0.811314  0.730191  0.744469  0.604124  0.881949  0.757200  0.576426  0.619766  0.731651  0.859480  0.750549 0.0  0.612083  0.659503  0.567934  0.620798  0.637452  0.684650  0.622901  0.540519  0.514303  0.324676  0.815799  0.627402  0.593875  0.667435  0.778878  0.778115  0.575827  0.756953  0.545873  0.793648  0.635388  0.815527  0.508109  0.768084  0.635317  0.735013  0.530459  0.634293  0.797005  0.629593  0.853341  0.686923  0.666363  0.459653  0.638907  0.579339  0.667367  0.595723  0.921021  0.547593 
21  0.701880  0.618805  0.552388  0.552823  0.551799  0.630195  0.641117  0.646533  0.595486  0.669184  0.649480  0.538190  0.761838  0.666715  0.714539  0.543856  0.546259  0.623172  0.687992  0.727780  0.612083 0.0  0.672637  0.580854  0.580131  0.551687  0.502120  0.614139  0.527086  0.495422  0.592364  0.643207  0.478105  0.666640  0.596217  0.715351  0.716549  0.569857  0.633020  0.580797  0.756645  0.687215  0.712443  0.533585  0.516426  0.621783  0.534152  0.556712  0.642446  0.697540  0.651232  0.660688  0.596028  0.671532  0.515763  0.608511  0.618021  0.669190  0.575348  0.645572  0.631466 
22  0.525972  0.568073  0.622344  0.657721  0.628054  0.612486  0.618446  0.582813  0.530068  0.518898  0.397358  0.665586  0.707393  0.620833  0.584377  0.621697  0.784488  0.654606  0.553618  0.530628  0.659503  0.672637 0.0  0.706113  0.426292  0.584029  0.654231  0.818410  0.712313  0.764742  0.729448  0.735916  0.864630  0.628716  0.730243  0.623357  0.542902  0.778139  0.249586  0.598971  0.510718  0.534019  0.567619  0.600635  0.627772  0.692833  0.703061  0.733628  0.781199  0.573000  0.404198  0.531324  0.702785  0.303242  0.664155  0.643068  0.657326  0.685710  0.719458  0.459699  0.413740 
23  0.470532  0.483927  0.573550  0.674039  0.383211  0.546327  0.644128  0.478306  0.444750  0.566073  0.717233  0.576545  0.594063  0.689920  0.724531  0.473093  0.353587  0.481310  0.722739  0.592421  0.567934  0.580854  0.706113 0.0  0.584517  0.495286  0.394733  0.524274  0.493344  0.561988  0.480824  0.513187  0.316205  0.534431  0.373424  0.384500  0.569861  0.566690  0.737110  0.488147  0.600600  0.653798  0.533191  0.450071  0.413364  0.544594  0.444786  0.434126  0.656654  0.580672  0.625563  0.478415  0.574761  0.769794  0.482321  0.452181  0.427150  0.432497  0.640862  0.523463  0.642113 
24  0.554850  0.580332  0.511983  0.679014  0.470629  0.505984  0.620203  0.484318  0.659578  0.726512  0.369381  0.482259  0.557156  0.526835  0.570352  0.720319  0.546959  0.536100  0.647199  0.618867  0.620798  0.580131  0.426292  0.584517 0.0  0.266958  0.667314  0.572272  0.520187  0.537986  0.478360  0.445148  0.622652  0.675402  0.568198  0.519359  0.643412  0.636964  0.352647  0.452147  0.458051  0.583308  0.373534  0.589231  0.512085  0.694547  0.562098  0.646406  0.636711  0.622990  0.414394  0.473297  0.429861  0.376275  0.534452  0.388042  0.559522  0.539879  0.691785  0.592367  0.601520 
25  0.451883  0.398894  0.423890  0.582548  0.459978  0.517914  0.512887  0.520240  0.480636  0.632012  0.378563  0.495381  0.544418  0.583856  0.752160  0.616509  0.501933  0.543548  0.674382  0.589085  0.637452  0.551687  0.584029  0.495286  0.266958 0.0  0.623272  0.534001  0.655344  0.567911  0.485122  0.571093  0.445282  0.633288  0.417622  0.409708  0.568368  0.652873  0.431562  0.324927  0.561498  0.805649  0.470202  0.561347  0.459322  0.781639  0.448017  0.580921  0.621212  0.518183  0.326371  0.501079  0.504547  0.426357  0.524639  0.313137  0.506486  0.639636  0.591063  0.663120  0.521287 
26  0.663566  0.634411  0.591264  0.522674  0.494445  0.521469  0.825754  0.701479  0.703481  0.809512  0.718481  0.569287  0.727053  0.703578  0.888198  0.498182  0.458535  0.598460  0.737348  0.810217  0.684650  0.502120  0.654231  0.394733  0.667314  0.623272 0.0  0.566992  0.576623  0.240916  0.359262  0.797869  0.494741  0.515141  0.471145  0.516852  0.783395  0.616570  0.762075  0.537360  0.713443  0.502021  0.732468  0.471429  0.605472  0.736978  0.575343  0.454420  0.619991  0.762167  0.623710  0.709933  0.632702  0.748301  0.443196  0.602423  0.529609  0.607320  0.594485  0.659370  0.622510 
27  0.448170  0.729881  0.632399  0.671410  0.554710  0.572526  0.611356  0.357627  0.533582  0.643626  0.557531  0.584080  0.345575  0.546800  0.618054  0.466501  0.530733  0.563189  0.490243  0.421636  0.622901  0.614139  0.818410  0.524274  0.572272  0.534001  0.566992 0.0  0.675865  0.636860  0.650541  0.520471  0.538066  0.640824  0.480468  0.432653  0.432775  0.569928  0.576939  0.787088  0.593861  0.677070  0.480067  0.711293  0.432920  0.649335  0.358004  0.605383  0.582821  0.400475  0.567814  0.406866  0.628174  0.738362  0.677340  0.397913  0.513477  0.556279  0.707832  0.501195  0.626423 
28  0.641559  0.524812  0.613171  0.582906  0.555963  0.517479  0.725153  0.584690  0.700547  0.658033  0.650235  0.634863  0.549214  0.675784  0.835665  0.454640  0.533987  0.491037  0.706654  0.611587  0.540519  0.527086  0.712313  0.493344  0.520187  0.655344  0.576623  0.675865 0.0  0.713309  0.586679  0.568010  0.550459  0.541861  0.547178  0.667640  0.692992  0.496678  0.592817  0.612349  0.684630  0.675152  0.591718  0.573022  0.596202  0.600811  0.586093  0.472465  0.549689  0.634762  0.614238  0.630651  0.577174  0.580903  0.525104  0.591234  0.637130  0.645766  0.624669  0.611281  0.599031 
29  0.695895  0.498604  0.603643  0.475508  0.492777  0.546643  0.817513  0.713511  0.758882  0.788674  0.722423  0.620877  0.750401  0.742757  0.828044  0.662723  0.479640  0.700226  0.824062  0.815039  0.514303  0.495422  0.764742  0.561988  0.537986  0.567911  0.240916  0.636860  0.713309 0.0  0.499918  0.684469  0.491937  0.623985  0.529344  0.713084  0.762680  0.571286  0.799202  0.536127  0.736126  0.573989  0.630520  0.487635  0.530886  0.572186  0.671114  0.488524  0.515485  0.712872  0.667450  0.724376  0.786326  0.787386  0.492157  0.577825  0.568641  0.590619  0.472695  0.873087  0.653645 
30  0.635550  0.524612  0.526401  0.648979  0.476990  0.477836  0.767336  0.589636  0.709348  0.843513  0.614347  0.599559  0.711861  0.708596  0.809308  0.681679  0.465979  0.548577  0.932361  0.826041  0.324676  0.592364  0.729448  0.480824  0.478360  0.485122  0.359262  0.650541  0.586679  0.499918 0.0  0.689986  0.511116  0.373991  0.461226  0.619976  0.595737  0.565510  0.709043  0.415125  0.706323  0.692266  0.723212  0.465422  0.640701  0.610088  0.641025  0.593059  0.560396  0.772173  0.681071  0.590191  0.627333  0.699058  0.420728  0.580303  0.469242  0.529153  0.662093  0.681953  0.612500 
31  0.395434  0.517031  0.640539  0.616305  0.579284  0.571131  0.539933  0.427017  0.647266  0.544455  0.553454  0.140086  0.337615  0.452537  0.653231  0.498702  0.602637  0.253879  0.690925  0.421680  0.815799  0.643207  0.735916  0.513187  0.445148  0.571093  0.797869  0.520471  0.568010  0.684469  0.689986 0.0  0.571558  0.625852  0.581905  0.397389  0.618119  0.731909  0.829845  0.594969  0.432060  0.526198  0.547147  0.550215  0.497558  0.719135  0.469231  0.591968  0.591075  0.387880  0.669178  0.574783  0.196691  0.716167  0.502437  0.381284  0.632056  0.480348  0.614849  0.520969  0.751104 
32  0.494372  0.533119  0.560504  0.566448  0.355585  0.534560  0.756432  0.499063  0.557193  0.606992  0.536894  0.436725  0.420334  0.608710  0.623918  0.481849  0.412775  0.493014  0.626302  0.537958  0.627402  0.478105  0.864630  0.316205  0.622652  0.445282  0.494741  0.538066  0.550459  0.491937  0.511116  0.571558 0.0  0.660294  0.355922  0.479529  0.535338  0.576355  0.714290  0.469451  0.511472  0.678727  0.473071  0.444533  0.438292  0.468975  0.497194  0.300572  0.531926  0.483509  0.716782  0.456363  0.522238  0.706837  0.472507  0.359854  0.400867  0.422087  0.467330  0.585779  0.599364 
33  0.580351  0.665588  0.548234  0.537953  0.555282  0.489082  0.664188  0.696467  0.727990  0.784734  0.585538  0.545909  0.706260  0.727103  1.000000  0.759773  0.662088  0.628637  0.884528  0.622960  0.593875  0.666640  0.628716  0.534431  0.675402  0.633288  0.515141  0.640824  0.541861  0.623985  0.373991  0.625852  0.660294 0.0  0.646476  0.654724  0.771861  0.789590  0.572658  0.597318  0.667586  0.670978  0.714331  0.532812  0.678959  0.760230  0.587228  0.660356  0.501391  0.723837  0.628698  0.636233  0.810291  0.541327  0.503289  0.637288  0.698907  0.674673  0.644748  0.727761  0.548989 
34  0.408733  0.511419  0.543839  0.734767  0.238837  0.489748  0.583104  0.476875  0.457918  0.605448  0.580538  0.508562  0.527808  0.594683  0.681329  0.428189  0.194516  0.560523  0.772911  0.553889  0.667435  0.596217  0.730243  0.373424  0.568198  0.417622  0.471145  0.480468  0.547178  0.529344  0.461226  0.581905  0.355922  0.646476 0.0  0.420553  0.522434  0.552449  0.595717  0.473981  0.535062  0.649868  0.477220  0.395770  0.439092  0.473869  0.373290  0.315150  0.609527  0.606310  0.607794  0.474131  0.596651  0.683662  0.459561  0.437402  0.262697  0.427347  0.662788  0.520086  0.699827 
35  0.289089  0.539767  0.667590  0.633028  0.423396  0.622135  0.471762  0.320876  0.419827  0.535072  0.525858  0.435386  0.389714  0.433122  0.620183  0.555049  0.387930  0.434045  0.436909  0.391293  0.778878  0.715351  0.623357  0.384500  0.519359  0.409708  0.516852  0.432653  0.667640  0.713084  0.619976  0.397389  0.479529  0.654724  0.420553 0.0  0.344044  0.799627  0.516553  0.506586  0.323105  0.599106  0.215354  0.498376  0.411957  0.662698  0.376175  0.466805  0.611959  0.395911  0.647786  0.323807  0.537567  0.620416  0.567365  0.228186  0.444812  0.485910  0.670400  0.313398  0.756958 
36  0.298683  0.703677  0.774042  0.642889  0.484207  0.543731  0.453376  0.326067  0.264287  0.458891  0.660163  0.603281  0.437642  0.378453  0.498866  0.557889  0.569308  0.516592  0.442131  0.243738  0.778115  0.716549  0.542902  0.569861  0.643412  0.568368  0.783395  0.432775  0.692992  0.762680  0.595737  0.618119  0.535338  0.771861  0.522434  0.344044 0.0  0.696211  0.400010  0.606008  0.386326  0.473644  0.520210  0.738616  0.531713  0.709849  0.420790  0.708851  0.606689  0.257241  0.655194  0.279796  0.551519  0.468039  0.603605  0.424514  0.472419  0.537880  0.663051  0.295649  0.715824 
37  0.720501  0.388544  0.609055  0.632320  0.514697  0.519601  0.802125  0.720067  0.726097  0.669353  0.685740  0.639779  0.845279  0.865285  0.951886  0.557202  0.595926  0.617076  0.768368  0.683595  0.575827  0.569857  0.778139  0.566690  0.636964  0.652873  0.616570  0.569928  0.496678  0.571286  0.565510  0.731909  0.576355  0.789590  0.552449  0.799627  0.696211 0.0  0.645134  0.504801  0.658304  0.671717  0.730267  0.577195  0.638862  0.586062  0.580106  0.556390  0.526930  0.639411  0.671516  0.614869  0.711538  0.611866  0.486564  0.699034  0.566569  0.636162  0.643423  0.842162  0.585466 
38  0.331334  0.750420  0.611333  0.737990  0.580246  0.664081  0.535194  0.545796  0.437768  0.632579  0.332913  0.604148  0.544411  0.487668  0.601983  0.722962  0.612647  0.562295  0.587795  0.430552  0.756953  0.633020  0.249586  0.737110  0.352647  0.431562  0.762075  0.576939  0.592817  0.799202  0.709043  0.829845  0.714290  0.572658  0.595717  0.516553  0.400010  0.645134 0.0  0.454614  0.518667  0.525304  0.532409  0.693807  0.485794  0.697054  0.563961  0.778208  0.665773  0.572979  0.463227  0.482963  0.683194  0.167989  0.609572  0.494073  0.672016  0.672184  0.669638  0.513370  0.441018 
39  0.650122  0.411566  0.389877  0.661255  0.416622  0.543818  0.822829  0.588768  0.670038  0.606635  0.324999  0.580688  0.612747  0.552372  0.769721  0.497737  0.500669  0.656790  0.887179  0.513557  0.545873  0.580797  0.598971  0.488147  0.452147  0.324927  0.537360  0.787088  0.612349  0.536127  0.415125  0.594969  0.469451  0.597318  0.473981  0.506586  0.606008  0.504801  0.454614 0.0  0.529911  0.684248  0.571882  0.473044  0.640631  0.587049  0.584698  0.377701  0.512276  0.609154  0.462808  0.549203  0.661145  0.508984  0.478672  0.466891  0.540710  0.468123  0.586987  0.581869  0.403661 
40  0.287007  0.623577  0.741778  0.547836  0.564077  0.628443  0.566496  0.393436  0.362751  0.405640  0.813671  0.336002  0.370362  0.474642  0.408355  0.545209  0.707912  0.511209  0.528572  0.268768  0.793648  0.756645  0.510718  0.600600  0.458051  0.561498  0.713443  0.593861  0.684630  0.736126  0.706323  0.432060  0.511472  0.667586  0.535062  0.323105  0.386326  0.658304  0.518667  0.529911 0.0  0.557152  0.397926  0.661023  0.581608  0.519541  0.449739  0.473352  0.679415  0.307068  0.680590  0.368394  0.513685  0.553740  0.687908  0.367084  0.748445  0.530827  0.629271  0.389327  0.715691 
41  0.573111  0.574470  0.740761  0.470191  0.605344  0.615836  0.564309  0.550178  0.559112  0.469718  0.725095  0.544358  0.629724  0.462232  0.599462  0.620462  0.644923  0.537258  0.499089  0.580587  0.635388  0.687215  0.534019  0.653798  0.583308  0.805649  0.502021  0.677070  0.675152  0.573989  0.692266  0.526198  0.678727  0.670978  0.649868  0.599106  0.473644  0.671717  0.525304  0.684248  0.557152 0.0  0.471479  0.622471  0.615382  0.586588  0.690180  0.633316  0.583099  0.530590  0.756616  0.445575  0.542508  0.638129  0.696233  0.596206  0.718494  0.656517  0.543906  0.520482  0.687983 
42  0.320599  0.559368  0.730560  0.647565  0.503391  0.531339  0.597887  0.281091  0.506194  0.581625  0.529286  0.469997  0.367115  0.457778  0.525858  0.643902  0.468244  0.432406  0.444140  0.492879  0.815527  0.712443  0.567619  0.533191  0.373534  0.470202  0.732468  0.480067  0.591718  0.630520  0.723212  0.547147  0.473071  0.714331  0.477220  0.215354  0.520210  0.730267  0.532409  0.571882  0.397926  0.471479 0.0  0.625931  0.445184  0.541758  0.375285  0.474440  0.553372  0.382874  0.660043  0.395265  0.440119  0.519812  0.584523  0.221302  0.457078  0.527466  0.670376  0.444398  0.725502 
43  0.648812  0.462982  0.438932  0.635264  0.488799  0.571686  0.706531  0.645817  0.616092  0.601217  0.589404  0.491441  0.661199  0.676633  0.705572  0.530209  0.438400  0.573434  0.886382  0.675247  0.508109  0.533585  0.600635  0.450071  0.589231  0.561347  0.471429  0.711293  0.573022  0.487635  0.465422  0.550215  0.444533  0.532812  0.395770  0.498376  0.738616  0.577195  0.693807  0.473044  0.661023  0.622471  0.625931 0.0  0.481775  0.629153  0.510780  0.404306  0.490944  0.644785  0.566365  0.557920  0.538979  0.731046  0.476183  0.552434  0.526498  0.498621  0.676043  0.726927  0.582917 
44  0.472638  0.619813  0.666747  0.618291  0.415671  0.501336  0.729499  0.367832  0.608091  0.627824  0.428586  0.564093  0.455079  0.660320  0.606410  0.480445  0.474610  0.489170  0.591386  0.443103  0.768084  0.516426  0.627772  0.413364  0.512085  0.459322  0.605472  0.432920  0.596202  0.530886  0.640701  0.497558  0.438292  0.678959  0.439092  0.411957  0.531713  0.638862  0.485794  0.640631  0.581608  0.615382  0.445184  0.481775 0.0  0.613749  0.273569  0.528176  0.634291  0.539997  0.617280  0.563625  0.627911  0.622578  0.558889  0.319337  0.455393  0.502484  0.602771  0.504851  0.799182 
45  0.541342  0.604120  0.648195  0.532452  0.546280  0.618533  0.742460  0.696759  0.589109  0.579022  0.747777  0.698976  0.587212  0.648113  0.586294  0.486443  0.645390  0.623556  0.578051  0.592247  0.635317  0.621783  0.692833  0.544594  0.694547  0.781639  0.736978  0.649335  0.600811  0.572186  0.610088  0.719135  0.468975  0.760230  0.473869  0.662698  0.709849  0.586062  0.697054  0.587049  0.519541  0.586588  0.541758  0.629153  0.613749 0.0  0.572816  0.456900  0.641439  0.607368  0.669211  0.543944  0.715535  0.695993  0.574835  0.578359  0.561157  0.499401  0.637686  0.709416  0.516096 
46  0.405593  0.547325  0.691569  0.655151  0.412752  0.595939  0.506321  0.310293  0.496058  0.527662  0.499833  0.594118  0.357289  0.649197  0.540771  0.482722  0.372771  0.539404  0.582714  0.387133  0.735013  0.534152  0.703061  0.444786  0.562098  0.448017  0.575343  0.358004  0.586093  0.671114  0.641025  0.469231  0.497194  0.587228  0.373290  0.376175  0.420790  0.580106  0.563961  0.584698  0.449739  0.690180  0.375285  0.510780  0.273569  0.572816 0.0  0.425918  0.577558  0.484281  0.541812  0.458113  0.621459  0.601774  0.542514  0.326720  0.535566  0.435171  0.778511  0.587740  0.653415 
47  0.470764  0.485256  0.417771  0.673136  0.302686  0.551106  0.686599  0.531543  0.514705  0.637657  0.558781  0.571079  0.516434  0.703528  0.688555  0.423198  0.349286  0.476077  0.772966  0.538311  0.530459  0.556712  0.733628  0.434126  0.646406  0.580921  0.454420  0.605383  0.472465  0.488524  0.593059  0.591968  0.300572  0.660356  0.315150  0.466805  0.708851  0.556390  0.778208  0.377701  0.473352  0.633316  0.474440  0.404306  0.528176  0.456900  0.425918 0.0  0.522416  0.492024  0.611409  0.509476  0.533089  0.557183  0.440348  0.434110  0.395399  0.298806  0.642474  0.716896  0.639397 
48  0.695792  0.490790  0.490030  0.606567  0.560845  0.644327  0.723922  0.621852  0.538505  0.646477  0.624338  0.593758  0.690442  0.696246  0.701185  0.683624  0.550256  0.487797  0.626075  0.649065  0.634293  0.642446  0.781199  0.656654  0.636711  0.621212  0.619991  0.582821  0.549689  0.515485  0.560396  0.591075  0.531926  0.501391  0.609527  0.611959  0.606689  0.526930  0.665773  0.512276  0.679415  0.583099  0.553372  0.490944  0.634291  0.641439  0.577558  0.522416 0.0  0.701147  0.710889  0.666909  0.571887  0.717115  0.574629  0.594733  0.606308  0.555176  0.658531  0.687680  0.727599 
49  0.297136  0.585382  0.697787  0.660041  0.550496  0.629273  0.523974  0.273705  0.283807  0.411945  0.574413  0.444456  0.222027  0.383573  0.445627  0.524927  0.675685  0.428602  0.438343  0.149038  0.797005  0.697540  0.573000  0.580672  0.622990  0.518183  0.762167  0.400475  0.634762  0.712872  0.772173  0.387880  0.483509  0.723837  0.606310  0.395911  0.257241  0.639411  0.572979  0.609154  0.307068  0.530590  0.382874  0.644785  0.539997  0.607368  0.484281  0.492024  0.701147 0.0  0.711048  0.352809  0.386233  0.490120  0.659538  0.432014  0.600844  0.536842  0.741390  0.296810  0.554581 
50  0.674826  0.607912  0.400735  0.659863  0.613933  0.561292  0.722485  0.650218  0.628499  0.764257  0.396200  0.610679  0.531523  0.706860  0.612113  0.561496  0.538635  0.636006  0.683843  0.671191  0.629593  0.651232  0.404198  0.625563  0.414394  0.326371  0.623710  0.567814  0.614238  0.667450  0.681071  0.669178  0.716782  0.628698  0.607794  0.647786  0.655194  0.671516  0.463227  0.462808  0.680590  0.756616  0.660043  0.566365  0.617280  0.669211  0.541812  0.611409  0.710889  0.711048 0.0  0.617687  0.762984  0.428303  0.619233  0.681591  0.578998  0.560871  0.656795  0.586835  0.486306 
51  0.266116  0.546015  0.703683  0.687705  0.480001  0.609857  0.461179  0.358035  0.303074  0.567940  0.624438  0.493003  0.397354  0.438987  0.447342  0.475041  0.417396  0.424219  0.424669  0.411528  0.853341  0.660688  0.531324  0.478415  0.473297  0.501079  0.709933  0.406866  0.630651  0.724376  0.590191  0.574783  0.456363  0.636233  0.474131  0.323807  0.279796  0.614869  0.482963  0.549203  0.368394  0.445575  0.395265  0.557920  0.563625  0.543944  0.458113  0.509476  0.666909  0.352809  0.617687 0.0  0.536399  0.598056  0.485257  0.327246  0.418011  0.480787  0.550608  0.272014  0.627962 
52  0.488403  0.568894  0.584074  0.564077  0.590800  0.565770  0.674003  0.487817  0.586153  0.444498  0.594797  0.166896  0.334207  0.397348  0.631898  0.533408  0.605350  0.279064  0.700432  0.475952  0.686923  0.596028  0.702785  0.574761  0.429861  0.504547  0.632702  0.628174  0.577174  0.786326  0.627333  0.196691  0.522238  0.810291  0.596651  0.537567  0.551519  0.711538  0.683194  0.661145  0.513685  0.542508  0.440119  0.538979  0.627911  0.715535  0.621459  0.533089  0.571887  0.386233  0.762984  0.536399 0.0  0.484004  0.565199  0.452249  0.654658  0.500594  0.527833  0.535512  0.746750 
53  0.456636  0.664119  0.580746  0.688875  0.579781  0.621607  0.610191  0.545567  0.435388  0.512146  0.327624  0.711889  0.583556  0.550399  0.625995  0.719985  0.666365  0.655730  0.586379  0.455636  0.666363  0.671532  0.303242  0.769794  0.376275  0.426357  0.748301  0.738362  0.580903  0.787386  0.699058  0.716167  0.706837  0.541327  0.683662  0.620416  0.468039  0.611866  0.167989  0.508984  0.553740  0.638129  0.519812  0.731046  0.622578  0.695993  0.601774  0.557183  0.717115  0.490120  0.428303  0.598056  0.484004 0.0  0.600029  0.677857  0.611311  0.667288  0.602322  0.534790  0.464470 
54  0.662018  0.471643  0.584675  0.622714  0.417144  0.561669  0.664365  0.532261  0.556272  0.599601  0.648202  0.608223  0.581059  0.503396  0.721996  0.551697  0.454204  0.629815  0.812039  0.548045  0.459653  0.515763  0.664155  0.482321  0.534452  0.524639  0.443196  0.677340  0.525104  0.492157  0.420728  0.502437  0.472507  0.503289  0.459561  0.567365  0.603605  0.486564  0.609572  0.478672  0.687908  0.696233  0.584523  0.476183  0.558889  0.574835  0.542514  0.440348  0.574629  0.659538  0.619233  0.485257  0.565199  0.600029 0.0  0.624905  0.464095  0.498274  0.647969  0.617990  0.567087 
55  0.320443  0.440921  0.565524  0.654011  0.311003  0.539052  0.580207  0.329659  0.371153  0.618712  0.500058  0.385299  0.368302  0.441549  0.483097  0.515349  0.342942  0.397345  0.545532  0.413287  0.638907  0.608511  0.643068  0.452181  0.388042  0.313137  0.602423  0.397913  0.591234  0.577825  0.580303  0.381284  0.359854  0.637288  0.437402  0.228186  0.424514  0.699034  0.494073  0.466891  0.367084  0.596206  0.221302  0.552434  0.319337  0.578359  0.326720  0.434110  0.594733  0.432014  0.681591  0.327246  0.452249  0.677857  0.624905 0.0  0.412113  0.378567  0.685945  0.414878  0.675849 
56  0.494879  0.458858  0.539522  0.765832  0.281285  0.550667  0.736207  0.504308  0.534943  0.720065  0.653601  0.724482  0.545754  0.651516  0.683385  0.425722  0.278289  0.596230  0.665050  0.573082  0.579339  0.618021  0.657326  0.427150  0.559522  0.506486  0.529609  0.513477  0.637130  0.568641  0.469242  0.632056  0.400867  0.698907  0.262697  0.444812  0.472419  0.566569  0.672016  0.540710  0.748445  0.718494  0.457078  0.526498  0.455393  0.561157  0.535566  0.395399  0.606308  0.600844  0.578998  0.418011  0.654658  0.611311  0.464095  0.412113 0.0  0.447901  0.616504  0.567333  0.631294 
57  0.511374  0.492412  0.475983  0.677341  0.402158  0.540585  0.644376  0.510582  0.479248  0.531485  0.543082  0.421085  0.433100  0.618618  0.556300  0.470633  0.401609  0.477479  0.691753  0.538237  0.667367  0.669190  0.685710  0.432497  0.539879  0.639636  0.607320  0.556279  0.645766  0.590619  0.529153  0.480348  0.422087  0.674673  0.427347  0.485910  0.537880  0.636162  0.672184  0.468123  0.530827  0.656517  0.527466  0.498621  0.502484  0.499401  0.435171  0.298806  0.555176  0.536842  0.560871  0.480787  0.500594  0.667288  0.498274  0.378567  0.447901 0.0  0.625766  0.576139  0.588526 
58  0.698279  0.645324  0.690244  0.483655  0.658354  0.611415  0.680430  0.641728  0.653129  0.513017  0.634494  0.574817  0.667697  0.616848  0.727220  0.585868  0.702089  0.679777  0.701156  0.723812  0.595723  0.575348  0.719458  0.640862  0.691785  0.591063  0.594485  0.707832  0.624669  0.472695  0.662093  0.614849  0.467330  0.644748  0.662788  0.670400  0.663051  0.643423  0.669638  0.586987  0.629271  0.543906  0.670376  0.676043  0.602771  0.637686  0.778511  0.642474  0.658531  0.741390  0.656795  0.550608  0.527833  0.602322  0.647969  0.685945  0.616504  0.625766 0.0  0.629984  0.730598 
59  0.379356  0.689882  0.729648  0.695755  0.581938  0.528788  0.342854  0.323996  0.160239  0.580799  0.771245  0.521311  0.322450  0.412916  0.351435  0.624876  0.538467  0.545423  0.273410  0.316003  0.921021  0.645572  0.459699  0.523463  0.592367  0.663120  0.659370  0.501195  0.611281  0.873087  0.681953  0.520969  0.585779  0.727761  0.520086  0.313398  0.295649  0.842162  0.513370  0.581869  0.389327  0.520482  0.444398  0.726927  0.504851  0.709416  0.587740  0.716896  0.687680  0.296810  0.586835  0.272014  0.535512  0.534790  0.617990  0.414878  0.567333  0.576139  0.629984 0.0  0.774004 
60  0.599688  0.513626  0.523184  0.599657  0.541793  0.523338  0.721536  0.755510  0.685420  0.592872  0.454827  0.642458  0.693126  0.782098  0.669356  0.432890  0.620615  0.730441  0.683392  0.515228  0.547593  0.631466  0.413740  0.642113  0.601520  0.521287  0.622510  0.626423  0.599031  0.653645  0.612500  0.751104  0.599364  0.548989  0.699827  0.756958  0.715824  0.585466  0.441018  0.403661  0.715691  0.687983  0.725502  0.582917  0.799182  0.516096  0.653415  0.639397  0.727599  0.554581  0.486306  0.627962  0.746750  0.464470  0.567087  0.675849  0.631294  0.588526  0.730598  0.774004 0.0 
