61
0 0.0  0.553192  0.688154  0.677206  0.477706  0.663758  0.484985  0.383760  0.296364  0.572252  0.566595  0.529685  0.424867  0.349136  0.587763  0.456501  0.482335  0.481943  0.461979  0.304212  0.821843  0.793249  0.586670  0.525640  0.496863  0.393293  0.728813  0.519875  0.745131  0.675761  0.657101  0.552609  0.504892  0.651974  0.458634  0.251414  0.249535  0.721956  0.426489  0.570084  0.098796  0.493369  0.390774  0.562101  0.441050  0.652301  0.382696  0.535652  0.618176  0.325087  0.601582  0.246226  0.521461  0.571560  0.582203  0.318169  0.593447  0.527903  0.651662  0.368981  0.691532 
1  0.553192 0.0  0.606759  0.627804  0.496233  0.549390  0.743739  0.551738  0.672481  0.726145  0.527844  0.459081  0.556485  0.931298  0.886699  0.448596  0.538402  0.552221  0.921321  0.531001  0.720918  0.609482  0.665717  0.588779  0.555165  0.572036  0.667727  0.682150  0.562440  0.525660  0.605111  0.561013  0.494368  0.693029  0.567656  0.560858  0.609574  0.369213  0.695351  0.322654  0.530378  0.706075  0.654695  0.439308  0.650226  0.592245  0.646558  0.422709  0.631349  0.689777  0.588810  0.626242  0.498489  0.710791  0.421590  0.660815  0.466890  0.435161  0.807805  0.722965  0.600373 
2  0.688154  0.606759 0.0  0.670314  0.650784  0.667824  0.900094  0.633618  0.708941  0.794585  0.395960  0.590073  0.699439  0.774606  0.786977  0.653163  0.545227  0.623719  0.807083  0.677780  0.690976  0.639364  0.531206  0.631941  0.600246  0.420387  0.656215  0.606268  0.548956  0.576875  0.565650  0.563033  0.614985  0.527538  0.600574  0.686830  0.747785  0.655188  0.549050  0.392035  0.794123  0.711704  0.732025  0.547458  0.663798  0.645853  0.627629  0.473727  0.529673  0.634707  0.539518  0.822410  0.757492  0.591360  0.540741  0.755638  0.684101  0.464857  0.732965  0.751682  0.483695 
3  0.677206  0.627804  0.670314 0.0  0.756504  0.685827  0.787620  0.723704  0.716710  0.568426  0.700418  0.592817  0.654716  0.695463  0.750576  0.737675  0.629629  0.551438  0.703394  0.755635  0.599449  0.767718  0.735178  0.669695  0.737253  0.641587  0.476645  0.629013  0.671948  0.480590  0.548738  0.636464  0.611442  0.799980  0.603533  0.720960  0.707973  0.768613  0.646521  0.751731  0.674837  0.563934  0.718016  0.670380  0.635315  0.660974  0.584342  0.671362  0.520476  0.712883  0.583039  0.676050  0.685165  0.716959  0.569041  0.691837  0.837566  0.659030  0.614919  0.698458  0.720822 
4  0.477706  0.496233  0.650784  0.756504 0.0  0.525216  0.682423  0.469608  0.523508  0.641961  0.592608  0.468550  0.566639  0.472801  0.667116  0.488102  0.220185  0.488366  0.591599  0.546798  0.606074  0.483691  0.705354  0.348039  0.470164  0.481877  0.493450  0.499148  0.629479  0.430209  0.465676  0.606888  0.358098  0.634792  0.174133  0.376196  0.425534  0.724409  0.521445  0.357705  0.624473  0.766119  0.369893  0.406886  0.417575  0.601733  0.399847  0.316619  0.565423  0.487247  0.644186  0.454269  0.500976  0.607742  0.462996  0.362932  0.320944  0.372106  0.606765  0.511372  0.588207 
5  0.663758  0.549390  0.667824  0.685827  0.525216 0.0  0.705888  0.560826  0.645125  0.748102  0.587462  0.593587  0.619812  0.647966  0.682938  0.561862  0.661700  0.640680  0.688078  0.668759  0.446838  0.539204  0.696084  0.469040  0.579506  0.533462  0.559549  0.673743  0.574314  0.572856  0.571822  0.525464  0.522406  0.540152  0.552150  0.635917  0.687649  0.538689  0.672600  0.510390  0.677347  0.571422  0.540757  0.598702  0.519561  0.592138  0.584818  0.383327  0.714510  0.626434  0.570549  0.591902  0.432377  0.625143  0.526801  0.566793  0.582906  0.483690  0.657932  0.633029  0.640396 
6  0.484985  0.743739  0.900094  0.787620  0.682423  0.705888 0.0  0.583604  0.399350  0.488342  0.849927  0.602601  0.598688  0.194610  0.610752  0.786288  0.678824  0.585085  0.492603  0.500293  0.862877  0.656162  0.567131  0.716692  0.711622  0.581806  0.805132  0.647556  0.651337  0.768681  0.722221  0.664721  0.679606  0.707637  0.543546  0.551196  0.510284  0.779129  0.515488  0.827495  0.449871  0.661123  0.670739  0.626899  0.605093  0.794975  0.584156  0.848545  0.839649  0.577791  0.674339  0.423127  0.645626  0.601970  0.617145  0.659230  0.816161  0.772149  0.751879  0.386950  0.758398 
7  0.383760  0.551738  0.633618  0.723704  0.469608  0.560826  0.583604 0.0  0.352304  0.587675  0.590489  0.574776  0.256798  0.556509  0.643960  0.516047  0.541687  0.473802  0.528120  0.230192  0.871983  0.686819  0.698122  0.600998  0.624111  0.396413  0.753899  0.371647  0.639146  0.844933  0.596320  0.424793  0.462800  0.746372  0.580007  0.394272  0.420476  0.686499  0.572955  0.588291  0.413853  0.601877  0.281237  0.652252  0.412895  0.735701  0.315001  0.535250  0.652015  0.195062  0.539805  0.444271  0.391275  0.560414  0.621177  0.261639  0.594965  0.532780  0.620028  0.485376  0.750007 
8  0.296364  0.672481  0.708941  0.716710  0.523508  0.645125  0.399350  0.352304 0.0  0.463181  0.745146  0.673461  0.484140  0.392181  0.466561  0.661122  0.494254  0.619481  0.397093  0.264858  0.754203  0.675014  0.507851  0.667710  0.661140  0.550718  0.756276  0.485471  0.644241  0.765550  0.746587  0.762044  0.554982  0.738401  0.515093  0.342973  0.311500  0.774012  0.399756  0.633122  0.390145  0.510266  0.533533  0.718919  0.536411  0.635474  0.439656  0.510605  0.568035  0.294203  0.642051  0.349466  0.631732  0.546712  0.584066  0.429698  0.481609  0.519127  0.652685  0.109515  0.716804 
9  0.572252  0.726145  0.794585  0.568426  0.641961  0.748102  0.488342  0.587675  0.463181 0.0  0.744004  0.534185  0.655726  0.343222  0.424771  0.546252  0.798987  0.412822  0.620432  0.389470  0.775048  0.695271  0.724013  0.668303  0.779256  0.539049  0.708745  0.592189  0.623286  0.802952  0.704434  0.543406  0.556149  0.820983  0.541485  0.644761  0.648386  0.671679  0.655319  0.617076  0.409346  0.387248  0.565653  0.602350  0.724611  0.643558  0.597037  0.667266  0.655312  0.437195  0.749262  0.570411  0.484415  0.549509  0.505903  0.624808  0.668188  0.662701  0.692762  0.536907  0.592034 
10  0.566595  0.527844  0.395960  0.700418  0.592608  0.587462  0.849927  0.590489  0.745146  0.744004 0.0  0.476924  0.537820  0.823285  0.673854  0.582268  0.660715  0.598238  0.709797  0.538685  0.663652  0.755759  0.490212  0.726800  0.327288  0.326078  0.756172  0.683286  0.568285  0.722998  0.559613  0.470508  0.636136  0.666404  0.586676  0.638555  0.708853  0.560613  0.328619  0.296144  0.632673  0.536013  0.496089  0.511584  0.475004  0.653108  0.436683  0.569554  0.702913  0.587332  0.344512  0.557813  0.662873  0.454537  0.569142  0.510985  0.473612  0.501313  0.686133  0.679534  0.501598 
11  0.529685  0.459081  0.590073  0.592817  0.468550  0.593587  0.602601  0.574776  0.673461  0.534185  0.476924 0.0  0.342188  0.379194  0.613311  0.592037  0.555994  0.131630  0.791436  0.615020  0.789115  0.590279  0.807704  0.576957  0.527398  0.456236  0.547988  0.597636  0.620377  0.735966  0.620104  0.236319  0.426292  0.773236  0.529620  0.481288  0.730014  0.765022  0.735981  0.461967  0.413196  0.529429  0.487688  0.613227  0.562173  0.746627  0.490914  0.625949  0.551371  0.428829  0.605425  0.523641  0.117456  0.668683  0.598692  0.471046  0.732254  0.493947  0.677754  0.639683  0.759606 
12  0.424867  0.556485  0.699439  0.654716  0.566639  0.619812  0.598688  0.256798  0.484140  0.655726  0.537820  0.342188 0.0  0.375153  0.478239  0.390992  0.506720  0.415508  0.501625  0.278092  0.754865  0.691491  0.683137  0.567671  0.513842  0.549018  0.731770  0.312723  0.716602  0.834971  0.722765  0.306556  0.444340  0.823793  0.496017  0.370619  0.351507  0.630276  0.705309  0.537782  0.360174  0.631275  0.407537  0.673118  0.440991  0.521347  0.362398  0.639162  0.576021  0.134009  0.662546  0.438354  0.386452  0.585240  0.604626  0.413662  0.505447  0.439628  0.574496  0.329678  0.657221 
13  0.349136  0.931298  0.774606  0.695463  0.472801  0.647966  0.194610  0.556509  0.392181  0.343222  0.823285  0.379194  0.375153 0.0  0.576024  0.573435  0.556676  0.408328  0.430240  0.416123  0.833441  0.685791  0.784604  0.656500  0.697401  0.491450  0.707380  0.552892  0.614582  0.693640  0.715224  0.485280  0.598966  0.751405  0.651594  0.527351  0.366392  0.909698  0.564116  0.727415  0.442238  0.507153  0.522667  0.661225  0.704521  0.742899  0.518616  0.783731  0.699984  0.444596  0.748544  0.324807  0.506512  0.542057  0.691208  0.455424  0.613377  0.645249  0.695655  0.353588  0.807006 
14  0.587763  0.886699  0.786977  0.750576  0.667116  0.682938  0.610752  0.643960  0.466561  0.424771  0.673854  0.613311  0.478239  0.576024 0.0  0.623147  0.729140  0.666443  0.214704  0.369316  0.739262  0.744880  0.600356  0.754952  0.738107  0.880472  0.955720  0.517408  0.690777  0.954578  0.938099  0.531469  0.734395  0.983897  0.772805  0.570066  0.577407  0.844694  0.665357  0.723209  0.382063  0.536495  0.565247  0.823622  0.689124  0.622096  0.569088  0.699672  0.699617  0.432249  0.713250  0.483791  0.598020  0.604328  0.750404  0.569067  0.739271  0.743750  0.609900  0.415121  0.728893 
15  0.456501  0.448596  0.653163  0.737675  0.488102  0.561862  0.786288  0.516047  0.661122  0.546252  0.582268  0.592037  0.390992  0.573435  0.623147 0.0  0.417420  0.496547  0.755798  0.571445  0.677635  0.709622  0.673252  0.409010  0.743385  0.721237  0.684579  0.529005  0.609467  0.678206  0.641357  0.571650  0.515516  0.718080  0.403597  0.532400  0.539062  0.638852  0.690007  0.556214  0.491749  0.667782  0.500533  0.437151  0.589174  0.392106  0.519451  0.377591  0.655149  0.515196  0.726623  0.576459  0.517558  0.623423  0.453393  0.551889  0.419528  0.262875  0.810007  0.627366  0.604513 
16  0.482335  0.538402  0.545227  0.629629  0.220185  0.661700  0.678824  0.541687  0.494254  0.798987  0.660715  0.555994  0.506720  0.556676  0.729140  0.417420 0.0  0.561559  0.572536  0.596977  0.608626  0.449052  0.896434  0.339046  0.627934  0.597514  0.466958  0.508890  0.610715  0.467334  0.415735  0.571813  0.390076  0.638344  0.248455  0.420267  0.533145  0.619066  0.620753  0.430114  0.568120  0.736749  0.516544  0.421783  0.392584  0.648563  0.414176  0.236550  0.545484  0.518023  0.500216  0.523630  0.531301  0.721340  0.624272  0.270429  0.198895  0.346150  0.589399  0.471094  0.591814 
17  0.481943  0.552221  0.623719  0.551438  0.488366  0.640680  0.585085  0.473802  0.619481  0.412822  0.598238  0.131630  0.415508  0.408328  0.666443  0.496547  0.561559 0.0  0.668411  0.573236  0.809903  0.686052  0.683286  0.570927  0.506257  0.544554  0.564484  0.673881  0.579996  0.585487  0.530630  0.203843  0.572922  0.659861  0.626931  0.476117  0.520947  0.769768  0.603346  0.654260  0.343951  0.456261  0.371937  0.450689  0.585936  0.707871  0.541907  0.531910  0.470888  0.515988  0.733008  0.552409  0.342102  0.585775  0.601629  0.160682  0.535211  0.468474  0.642406  0.637666  0.782547 
18  0.461979  0.921321  0.807083  0.703394  0.591599  0.688078  0.492603  0.528120  0.397093  0.620432  0.709797  0.791436  0.501625  0.430240  0.214704  0.755798  0.572536  0.668411 0.0  0.471523  0.892592  0.817851  0.583264  0.726521  0.515414  0.612395  0.828507  0.638429  0.701405  0.854587  0.864959  0.561649  0.659053  0.791309  0.721800  0.520000  0.320382  0.834073  0.530215  0.745246  0.450336  0.563022  0.552778  0.753657  0.697741  0.628443  0.666549  0.790386  0.716501  0.430971  0.713167  0.401212  0.704190  0.639629  0.655300  0.540197  0.639391  0.842755  0.626030  0.255483  0.684703 
19  0.304212  0.531001  0.677780  0.755635  0.546798  0.668759  0.500293  0.230192  0.264858  0.389470  0.538685  0.615020  0.278092  0.416123  0.369316  0.571445  0.596977  0.573236  0.471523 0.0  0.815295  0.785408  0.484492  0.569285  0.617742  0.528311  0.770531  0.522588  0.675436  0.845401  0.526687  0.489985  0.610950  0.723121  0.546606  0.363153  0.148245  0.713188  0.457311  0.560262  0.237998  0.562416  0.463164  0.617769  0.603736  0.525226  0.514698  0.555410  0.652104  0.186653  0.615332  0.383315  0.471531  0.459060  0.599980  0.324715  0.383994  0.562890  0.673019  0.395363  0.729639 
20  0.821843  0.720918  0.690976  0.599449  0.606074  0.446838  0.862877  0.871983  0.754203  0.775048  0.663652  0.789115  0.754865  0.833441  0.739262  0.677635  0.608626  0.809903  0.892592  0.815295 0.0  0.552637  0.735477  0.596694  0.727905  0.676132  0.567438  0.680316  0.566811  0.591487  0.341381  0.793269  0.610772  0.530385  0.664050  0.912228  0.876281  0.616794  0.722985  0.531028  0.971054  0.733452  0.829821  0.518154  0.689485  0.746196  0.759775  0.619037  0.739302  0.832876  0.615375  0.855147  0.696336  0.769717  0.448514  0.712391  0.490297  0.662962  0.701054  0.750233  0.565195 
21  0.793249  0.609482  0.639364  0.767718  0.483691  0.539204  0.656162  0.686819  0.675014  0.695271  0.755759  0.590279  0.691491  0.685791  0.744880  0.709622  0.449052  0.686052  0.817851  0.785408  0.552637 0.0  0.793659  0.592049  0.738174  0.710565  0.601735  0.624058  0.630178  0.635301  0.616491  0.676815  0.563586  0.606001  0.566619  0.789041  0.667607  0.566555  0.572914  0.606119  0.803539  0.675974  0.751665  0.556443  0.568880  0.729474  0.731567  0.539439  0.559584  0.658448  0.583358  0.640898  0.670054  0.637572  0.525702  0.582610  0.594905  0.561592  0.635440  0.757619  0.702389 
22  0.586670  0.665717  0.531206  0.735178  0.705354  0.696084  0.567131  0.698122  0.507851  0.724013  0.490212  0.807704  0.683137  0.784604  0.600356  0.673252  0.896434  0.683286  0.583264  0.484492  0.735477  0.793659 0.0  0.739962  0.500351  0.578253  0.981851  0.893227  0.577687  0.855752  0.722979  0.730438  0.739647  0.583820  0.796655  0.612029  0.593191  0.823034  0.157092  0.460991  0.464215  0.706250  0.652683  0.738689  0.676343  0.686388  0.653407  0.832425  0.698453  0.504050  0.449669  0.505581  0.619871  0.264385  0.663227  0.735764  0.599458  0.799570  0.730395  0.399943  0.578442 
23  0.525640  0.588779  0.631941  0.669695  0.348039  0.469040  0.716692  0.600998  0.667710  0.668303  0.726800  0.576957  0.567671  0.656500  0.754952  0.409010  0.339046  0.570927  0.726521  0.569285  0.596694  0.592049  0.739962 0.0  0.502410  0.601247  0.348246  0.486687  0.470616  0.549662  0.506719  0.569974  0.377548  0.737264  0.352651  0.446267  0.548402  0.605637  0.697979  0.601436  0.606891  0.655298  0.449469  0.360341  0.385289  0.504363  0.494304  0.260161  0.543440  0.674449  0.662787  0.451961  0.630492  0.755890  0.464995  0.498420  0.492420  0.299704  0.635253  0.600446  0.670383 
24  0.496863  0.555165  0.600246  0.737253  0.470164  0.579506  0.711622  0.624111  0.661140  0.779256  0.327288  0.527398  0.513842  0.697401  0.738107  0.743385  0.627934  0.506257  0.515414  0.617742  0.727905  0.738174  0.500351  0.502410 0.0  0.186876  0.689547  0.616491  0.546259  0.674816  0.627689  0.437805  0.571213  0.635505  0.578599  0.524584  0.652430  0.724587  0.307758  0.348580  0.691105  0.624784  0.462838  0.644552  0.457076  0.842157  0.502668  0.596571  0.644374  0.745854  0.390509  0.508538  0.494916  0.370837  0.675373  0.391456  0.617455  0.582862  0.754671  0.727401  0.639916 
25  0.393293  0.572036  0.420387  0.641587  0.481877  0.533462  0.581806  0.396413  0.550718  0.539049  0.326078  0.456236  0.549018  0.491450  0.880472  0.721237  0.597514  0.544554  0.612395  0.528311  0.676132  0.710565  0.578253  0.601247  0.186876 0.0  0.585616  0.663897  0.586698  0.557834  0.504220  0.499583  0.577544  0.739173  0.419824  0.388242  0.540410  0.676820  0.500243  0.419052  0.571144  0.729115  0.500470  0.533271  0.429645  0.727718  0.439890  0.639224  0.586908  0.589094  0.451375  0.535740  0.555397  0.379048  0.470468  0.281429  0.516955  0.725278  0.709169  0.556861  0.520788 
26  0.728813  0.667727  0.656215  0.476645  0.493450  0.559549  0.805132  0.753899  0.756276  0.708745  0.756172  0.547988  0.731770  0.707380  0.955720  0.684579  0.466958  0.564484  0.828507  0.770531  0.567438  0.601735  0.981851  0.348246  0.689547  0.585616 0.0  0.653665  0.489492  0.270655  0.442323  0.695594  0.418765  0.546122  0.452978  0.657794  0.694559  0.585334  0.791801  0.511204  0.744102  0.525821  0.593895  0.488526  0.558696  0.638127  0.627425  0.497537  0.672224  0.807528  0.705666  0.684280  0.579086  0.770738  0.506611  0.558739  0.452585  0.601606  0.696131  0.762969  0.861853 
27  0.519875  0.682150  0.606268  0.629013  0.499148  0.673743  0.647556  0.371647  0.485471  0.592189  0.683286  0.597636  0.312723  0.552892  0.517408  0.529005  0.508890  0.673881  0.638429  0.522588  0.680316  0.624058  0.893227  0.486687  0.616491  0.663897  0.653665 0.0  0.680715  0.702838  0.682163  0.593103  0.569352  0.709531  0.606562  0.522764  0.511234  0.724586  0.735731  0.774448  0.592263  0.675720  0.470080  0.656170  0.550716  0.577474  0.455882  0.498492  0.659546  0.454850  0.552626  0.476907  0.584567  0.669307  0.560935  0.382059  0.540704  0.557874  0.765968  0.430141  0.754437 
28  0.745131  0.562440  0.548956  0.671948  0.629479  0.574314  0.651337  0.639146  0.644241  0.623286  0.568285  0.620377  0.716602  0.614582  0.690777  0.609467  0.610715  0.579996  0.701405  0.675436  0.566811  0.630178  0.577687  0.470616  0.546259  0.586698  0.489492  0.680715 0.0  0.548836  0.577769  0.665554  0.625669  0.550708  0.599453  0.550831  0.700101  0.613355  0.564908  0.658813  0.582046  0.647216  0.577028  0.630473  0.662600  0.681109  0.628204  0.495864  0.550340  0.675452  0.581084  0.585530  0.575352  0.707105  0.595996  0.650469  0.630267  0.592399  0.687478  0.702622  0.578965 
29  0.675761  0.525660  0.576875  0.480590  0.430209  0.572856  0.768681  0.844933  0.765550  0.802952  0.722998  0.735966  0.834971  0.693640  0.954578  0.678206  0.467334  0.585487  0.854587  0.845401  0.591487  0.635301  0.855752  0.549662  0.674816  0.557834  0.270655  0.702838  0.548836 0.0  0.426564  0.709083  0.644086  0.517096  0.576919  0.589083  0.791683  0.551184  0.863056  0.586229  1.000000  0.566922  0.744207  0.502950  0.634274  0.685327  0.461744  0.618765  0.528716  0.858763  0.741715  0.640048  0.789407  0.691292  0.559032  0.621577  0.627215  0.740100  0.564247  0.864234  0.697067 
30  0.657101  0.605111  0.565650  0.548738  0.465676  0.571822  0.722221  0.596320  0.746587  0.704434  0.559613  0.620104  0.722765  0.715224  0.938099  0.641357  0.415735  0.530630  0.864959  0.526687  0.341381  0.616491  0.722979  0.506719  0.627689  0.504220  0.442323  0.682163  0.577769  0.426564 0.0  0.817143  0.487087  0.338180  0.578948  0.634871  0.708847  0.571416  0.653197  0.491422  0.862047  0.699387  0.657728  0.417228  0.669265  0.640204  0.680602  0.590897  0.648350  0.768192  0.659461  0.733733  0.599753  0.714245  0.429186  0.624788  0.520118  0.549253  0.754017  0.712904  0.583751 
31  0.552609  0.561013  0.563033  0.636464  0.606888  0.525464  0.664721  0.424793  0.762044  0.543406  0.470508  0.236319  0.306556  0.485280  0.531469  0.571650  0.571813  0.203843  0.561649  0.489985  0.793269  0.676815  0.730438  0.569974  0.437805  0.499583  0.695594  0.593103  0.665554  0.709083  0.817143 0.0  0.445133  0.644618  0.635696  0.524673  0.662888  0.732121  0.860665  0.628838  0.436212  0.505798  0.544161  0.504551  0.506115  0.689517  0.459720  0.575148  0.595422  0.490750  0.694403  0.524650  0.206311  0.774049  0.634415  0.553577  0.818908  0.376338  0.735940  0.641694  0.750607 
32  0.504892  0.494368  0.614985  0.611442  0.358098  0.522406  0.679606  0.462800  0.554982  0.556149  0.636136  0.426292  0.444340  0.598966  0.734395  0.515516  0.390076  0.572922  0.659053  0.610950  0.610772  0.563586  0.739647  0.377548  0.571213  0.577544  0.418765  0.569352  0.625669  0.644086  0.487087  0.445133 0.0  0.679253  0.451018  0.458317  0.529066  0.586960  0.673286  0.445330  0.432267  0.563712  0.550370  0.381684  0.598664  0.513917  0.457128  0.395648  0.475944  0.523437  0.707150  0.533139  0.430518  0.669132  0.584408  0.369186  0.419930  0.357132  0.700687  0.669711  0.608829 
33  0.651974  0.693029  0.527538  0.799980  0.634792  0.540152  0.707637  0.746372  0.738401  0.820983  0.666404  0.773236  0.823793  0.751405  0.983897  0.718080  0.638344  0.659861  0.791309  0.723121  0.530385  0.606001  0.583820  0.737264  0.635505  0.739173  0.546122  0.709531  0.550708  0.517096  0.338180  0.644618  0.679253 0.0  0.639193  0.753191  0.645538  0.748861  0.659663  0.761753  0.705461  0.648477  0.841578  0.461355  0.741104  0.694380  0.630695  0.812115  0.571108  0.822047  0.510223  0.643598  0.743463  0.553197  0.593869  0.603235  0.696262  0.742637  0.632680  0.724164  0.719569 
34  0.458634  0.567656  0.600574  0.603533  0.174133  0.552150  0.543546  0.580007  0.515093  0.541485  0.586676  0.529620  0.496017  0.651594  0.772805  0.403597  0.248455  0.626931  0.721800  0.546606  0.664050  0.566619  0.796655  0.352651  0.578599  0.419824  0.452978  0.606562  0.599453  0.576919  0.578948  0.635696  0.451018  0.639193 0.0  0.428417  0.456145  0.672217  0.686088  0.514971  0.639811  0.648006  0.488478  0.448914  0.478369  0.569784  0.443746  0.235089  0.639883  0.461302  0.692924  0.407881  0.609101  0.707133  0.466350  0.370535  0.252558  0.445708  0.695225  0.590439  0.677789 
35  0.251414  0.560858  0.686830  0.720960  0.376196  0.635917  0.551196  0.394272  0.342973  0.644761  0.638555  0.481288  0.370619  0.527351  0.570066  0.532400  0.420267  0.476117  0.520000  0.363153  0.912228  0.789041  0.612029  0.446267  0.524584  0.388242  0.657794  0.522764  0.550831  0.589083  0.634871  0.524673  0.458317  0.753191  0.428417 0.0  0.376043  0.662037  0.580189  0.627133  0.410153  0.564160  0.232689  0.604336  0.473504  0.678574  0.389837  0.502427  0.523944  0.329649  0.614104  0.282666  0.419548  0.455118  0.660862  0.247574  0.498351  0.449934  0.685234  0.321046  0.790172 
36  0.249535  0.609574  0.747785  0.707973  0.425534  0.687649  0.510284  0.420476  0.311500  0.648386  0.708853  0.730014  0.351507  0.366392  0.577407  0.539062  0.533145  0.520947  0.320382  0.148245  0.876281  0.667607  0.593191  0.548402  0.652430  0.540410  0.694559  0.511234  0.700101  0.791683  0.708847  0.662888  0.529066  0.645538  0.456145  0.376043 0.0  0.729486  0.539773  0.730936  0.469900  0.539788  0.431496  0.700137  0.491143  0.570743  0.383097  0.595160  0.592242  0.302882  0.678548  0.407477  0.671442  0.427745  0.630062  0.346652  0.567185  0.562787  0.640020  0.250416  0.593964 
37  0.721956  0.369213  0.655188  0.768613  0.724409  0.538689  0.779129  0.686499  0.774012  0.671679  0.560613  0.765022  0.630276  0.909698  0.844694  0.638852  0.619066  0.769768  0.834073  0.713188  0.616794  0.566555  0.823034  0.605637  0.724587  0.676820  0.585334  0.724586  0.613355  0.551184  0.571416  0.732121  0.586960  0.748861  0.672217  0.662037  0.729486 0.0  0.645525  0.588507  0.792211  0.805787  0.664673  0.540488  0.673022  0.634209  0.651519  0.643628  0.698955  0.733711  0.701652  0.800869  0.659238  0.679895  0.607992  0.803813  0.579263  0.591380  0.714573  0.731453  0.514366 
38  0.426489  0.695351  0.549050  0.646521  0.521445  0.672600  0.515488  0.572955  0.399756  0.655319  0.328619  0.735981  0.705309  0.564116  0.665357  0.690007  0.620753  0.603346  0.530215  0.457311  0.722985  0.572914  0.157092  0.697979  0.307758  0.500243  0.791801  0.735731  0.564908  0.863056  0.653197  0.860665  0.673286  0.659663  0.686088  0.580189  0.539773  0.645525 0.0  0.474992  0.651202  0.577626  0.580909  0.599442  0.586900  0.768593  0.581974  0.653664  0.755398  0.456544  0.438454  0.468417  0.726590  0.107965  0.760550  0.463541  0.633730  0.603449  0.771598  0.641453  0.488481 
39  0.570084  0.322654  0.392035  0.751731  0.357705  0.510390  0.827495  0.588291  0.633122  0.617076  0.296144  0.461967  0.537782  0.727415  0.723209  0.556214  0.430114  0.654260  0.745246  0.560262  0.531028  0.606119  0.460991  0.601436  0.348580  0.419052  0.511204  0.774448  0.658813  0.586229  0.491422  0.628838  0.445330  0.761753  0.514971  0.627133  0.730936  0.588507  0.474992 0.0  0.610100  0.697551  0.539310  0.472180  0.506764  0.584560  0.615639  0.355938  0.552116  0.588150  0.512354  0.546712  0.543057  0.424954  0.404574  0.509782  0.607093  0.486585  0.699443  0.627424  0.320854 
40  0.098796  0.530378  0.794123  0.674837  0.624473  0.677347  0.449871  0.413853  0.390145  0.409346  0.632673  0.413196  0.360174  0.442238  0.382063  0.491749  0.568120  0.343951  0.450336  0.237998  0.971054  0.803539  0.464215  0.606891  0.691105  0.571144  0.744102  0.592263  0.582046  1.000000  0.862047  0.436212  0.432267  0.705461  0.639811  0.410153  0.469900  0.792211  0.651202  0.610100 0.0  0.461471  0.413692  0.662617  0.468900  0.601522  0.487603  0.652488  0.711549  0.166191  0.567581  0.324019  0.556180  0.596091  0.661889  0.430798  0.785435  0.477475  0.692423  0.423703  0.688488 
41  0.493369  0.706075  0.711704  0.563934  0.766119  0.571422  0.661123  0.601877  0.510266  0.387248  0.536013  0.529429  0.631275  0.507153  0.536495  0.667782  0.736749  0.456261  0.563022  0.562416  0.733452  0.675974  0.706250  0.655298  0.624784  0.729115  0.525821  0.675720  0.647216  0.566922  0.699387  0.505798  0.563712  0.648477  0.648006  0.564160  0.539788  0.805787  0.577626  0.697551  0.461471 0.0  0.660309  0.708923  0.589662  0.677357  0.636820  0.714612  0.620692  0.449882  0.605574  0.620010  0.427768  0.621450  0.741559  0.566495  0.584625  0.699637  0.635027  0.526077  0.615543 
42  0.390774  0.654695  0.732025  0.718016  0.369893  0.540757  0.670739  0.281237  0.533533  0.565653  0.496089  0.487688  0.407537  0.522667  0.565247  0.500533  0.516544  0.371937  0.552778  0.463164  0.829821  0.751665  0.652683  0.449469  0.462838  0.500470  0.593895  0.470080  0.577028  0.744207  0.657728  0.544161  0.550370  0.841578  0.488478  0.232689  0.431496  0.664673  0.580909  0.539310  0.413692  0.660309 0.0  0.646277  0.433388  0.568983  0.359198  0.547502  0.611325  0.368899  0.687550  0.334099  0.591083  0.518111  0.652283  0.122725  0.551731  0.463739  0.755714  0.422877  0.815106 
43  0.562101  0.439308  0.547458  0.670380  0.406886  0.598702  0.626899  0.652252  0.718919  0.602350  0.511584  0.613227  0.673118  0.661225  0.823622  0.437151  0.421783  0.450689  0.753657  0.617769  0.518154  0.556443  0.738689  0.360341  0.644552  0.533271  0.488526  0.656170  0.630473  0.502950  0.417228  0.504551  0.381684  0.461355  0.448914  0.604336  0.700137  0.540488  0.599442  0.472180  0.662617  0.708923  0.646277 0.0  0.565718  0.543668  0.598405  0.422030  0.567761  0.641178  0.677940  0.543245  0.587016  0.750315  0.437611  0.475951  0.580157  0.457366  0.655351  0.828866  0.527143 
44  0.441050  0.650226  0.663798  0.635315  0.417575  0.519561  0.605093  0.412895  0.536411  0.724611  0.475004  0.562173  0.440991  0.704521  0.689124  0.589174  0.392584  0.585936  0.697741  0.603736  0.689485  0.568880  0.676343  0.385289  0.457076  0.429645  0.558696  0.550716  0.662600  0.634274  0.669265  0.506115  0.598664  0.741104  0.478369  0.473504  0.491143  0.673022  0.586900  0.506764  0.468900  0.589662  0.433388  0.565718 0.0  0.498330  0.300879  0.479780  0.634289  0.535498  0.536223  0.444461  0.661483  0.628197  0.699356  0.383012  0.446115  0.470477  0.792582  0.525967  0.807436 
45  0.652301  0.592245  0.645853  0.660974  0.601733  0.592138  0.794975  0.735701  0.635474  0.643558  0.653108  0.746627  0.521347  0.742899  0.622096  0.392106  0.648563  0.707871  0.628443  0.525226  0.746196  0.729474  0.686388  0.504363  0.842157  0.727718  0.638127  0.577474  0.681109  0.685327  0.640204  0.689517  0.513917  0.694380  0.569784  0.678574  0.570743  0.634209  0.768593  0.584560  0.601522  0.677357  0.568983  0.543668  0.498330 0.0  0.584102  0.507869  0.613483  0.562410  0.703560  0.642373  0.688786  0.699129  0.570586  0.580893  0.589645  0.504607  0.779929  0.730042  0.731933 
46  0.382696  0.646558  0.627629  0.584342  0.399847  0.584818  0.584156  0.315001  0.439656  0.597037  0.436683  0.490914  0.362398  0.518616  0.569088  0.519451  0.414176  0.541907  0.666549  0.514698  0.759775  0.731567  0.653407  0.494304  0.502668  0.439890  0.627425  0.455882  0.628204  0.461744  0.680602  0.459720  0.457128  0.630695  0.443746  0.389837  0.383097  0.651519  0.581974  0.615639  0.487603  0.636820  0.359198  0.598405  0.300879  0.584102 0.0  0.412645  0.693855  0.504698  0.483791  0.330555  0.530271  0.610696  0.432177  0.310120  0.548314  0.432663  0.752940  0.522391  0.713909 
47  0.535652  0.422709  0.473727  0.671362  0.316619  0.383327  0.848545  0.535250  0.510605  0.667266  0.569554  0.625949  0.639162  0.783731  0.699672  0.377591  0.236550  0.531910  0.790386  0.555410  0.619037  0.539439  0.832425  0.260161  0.596571  0.639224  0.497537  0.498492  0.495864  0.618765  0.590897  0.575148  0.395648  0.812115  0.235089  0.502427  0.595160  0.643628  0.653664  0.355938  0.652488  0.714612  0.547502  0.422030  0.479780  0.507869  0.412645 0.0  0.574249  0.527109  0.688372  0.475581  0.521098  0.676886  0.384114  0.469514  0.383109  0.280543  0.653887  0.587453  0.631882 
48  0.618176  0.631349  0.529673  0.520476  0.565423  0.714510  0.839649  0.652015  0.568035  0.655312  0.702913  0.551371  0.576021  0.699984  0.699617  0.655149  0.545484  0.470888  0.716501  0.652104  0.739302  0.559584  0.698453  0.543440  0.644374  0.586908  0.672224  0.659546  0.550340  0.528716  0.648350  0.595422  0.475944  0.571108  0.639883  0.523944  0.592242  0.698955  0.755398  0.552116  0.711549  0.620692  0.611325  0.567761  0.634289  0.613483  0.693855  0.574249 0.0  0.759923  0.546169  0.711410  0.572017  0.751936  0.575839  0.611361  0.681437  0.687013  0.637292  0.748315  0.711354 
49  0.325087  0.689777  0.634707  0.712883  0.487247  0.626434  0.577791  0.195062  0.294203  0.437195  0.587332  0.428829  0.134009  0.444596  0.432249  0.515196  0.518023  0.515988  0.430971  0.186653  0.832876  0.658448  0.504050  0.674449  0.745854  0.589094  0.807528  0.454850  0.675452  0.858763  0.768192  0.490750  0.523437  0.822047  0.461302  0.329649  0.302882  0.733711  0.456544  0.588150  0.166191  0.449882  0.368899  0.641178  0.535498  0.562410  0.504698  0.527109  0.759923 0.0  0.669143  0.366921  0.405682  0.470005  0.610445  0.361750  0.580749  0.553248  0.737431  0.325085  0.670506 
50  0.601582  0.588810  0.539518  0.583039  0.644186  0.570549  0.674339  0.539805  0.642051  0.749262  0.344512  0.605425  0.662546  0.748544  0.713250  0.726623  0.500216  0.733008  0.713167  0.615332  0.615375  0.583358  0.449669  0.662787  0.390509  0.451375  0.705666  0.552626  0.581084  0.741715  0.659461  0.694403  0.707150  0.510223  0.692924  0.614104  0.678548  0.701652  0.438454  0.512354  0.567581  0.605574  0.687550  0.677940  0.536223  0.703560  0.483791  0.688372  0.546169  0.669143 0.0  0.715679  0.723130  0.365691  0.713367  0.664974  0.673936  0.650352  0.732133  0.625255  0.493634 
51  0.246226  0.626242  0.822410  0.676050  0.454269  0.591902  0.423127  0.444271  0.349466  0.570411  0.557813  0.523641  0.438354  0.324807  0.483791  0.576459  0.523630  0.552409  0.401212  0.383315  0.855147  0.640898  0.505581  0.451961  0.508538  0.535740  0.684280  0.476907  0.585530  0.640048  0.733733  0.524650  0.533139  0.643598  0.407881  0.282666  0.407477  0.800869  0.468417  0.546712  0.324019  0.620010  0.334099  0.543245  0.444461  0.642373  0.330555  0.475581  0.711410  0.366921  0.715679 0.0  0.628119  0.532943  0.585764  0.188440  0.412777  0.472372  0.601430  0.265943  0.657359 
52  0.521461  0.498489  0.757492  0.685165  0.500976  0.432377  0.645626  0.391275  0.631732  0.484415  0.662873  0.117456  0.386452  0.506512  0.598020  0.517558  0.531301  0.342102  0.704190  0.471531  0.696336  0.670054  0.619871  0.630492  0.494916  0.555397  0.579086  0.584567  0.575352  0.789407  0.599753  0.206311  0.430518  0.743463  0.609101  0.419548  0.671442  0.659238  0.726590  0.543057  0.556180  0.427768  0.591083  0.587016  0.661483  0.688786  0.530271  0.521098  0.572017  0.405682  0.723130  0.628119 0.0  0.597541  0.555123  0.470588  0.571342  0.433508  0.774976  0.435145  0.762213 
53  0.571560  0.710791  0.591360  0.716959  0.607742  0.625143  0.601970  0.560414  0.546712  0.549509  0.454537  0.668683  0.585240  0.542057  0.604328  0.623423  0.721340  0.585775  0.639629  0.459060  0.769717  0.637572  0.264385  0.755890  0.370837  0.379048  0.770738  0.669307  0.707105  0.691292  0.714245  0.774049  0.669132  0.553197  0.707133  0.455118  0.427745  0.679895  0.107965  0.424954  0.596091  0.621450  0.518111  0.750315  0.628197  0.699129  0.610696  0.676886  0.751936  0.470005  0.365691  0.532943  0.597541 0.0  0.658184  0.570900  0.793508  0.739741  0.696499  0.498618  0.460206 
54  0.582203  0.421590  0.540741  0.569041  0.462996  0.526801  0.617145  0.621177  0.584066  0.505903  0.569142  0.598692  0.604626  0.691208  0.750404  0.453393  0.624272  0.601629  0.655300  0.599980  0.448514  0.525702  0.663227  0.464995  0.675373  0.470468  0.506611  0.560935  0.595996  0.559032  0.429186  0.634415  0.584408  0.593869  0.466350  0.660862  0.630062  0.607992  0.760550  0.404574  0.661889  0.741559  0.652283  0.437611  0.699356  0.570586  0.432177  0.384114  0.575839  0.610445  0.713367  0.585764  0.555123  0.658184 0.0  0.546834  0.381486  0.521745  0.597516  0.571834  0.621248 
55  0.318169  0.660815  0.755638  0.691837  0.362932  0.566793  0.659230  0.261639  0.429698  0.624808  0.510985  0.471046  0.413662  0.455424  0.569067  0.551889  0.270429  0.160682  0.540197  0.324715  0.712391  0.582610  0.735764  0.498420  0.391456  0.281429  0.558739  0.382059  0.650469  0.621577  0.624788  0.553577  0.369186  0.603235  0.370535  0.247574  0.346652  0.803813  0.463541  0.509782  0.430798  0.566495  0.122725  0.475951  0.383012  0.580893  0.310120  0.469514  0.611361  0.361750  0.664974  0.188440  0.470588  0.570900  0.546834 0.0  0.523749  0.429991  0.655058  0.428603  0.731657 
56  0.593447  0.466890  0.684101  0.837566  0.320944  0.582906  0.816161  0.594965  0.481609  0.668188  0.473612  0.732254  0.505447  0.613377  0.739271  0.419528  0.198895  0.535211  0.639391  0.383994  0.490297  0.594905  0.599458  0.492420  0.617455  0.516955  0.452585  0.540704  0.630267  0.627215  0.520118  0.818908  0.419930  0.696262  0.252558  0.498351  0.567185  0.579263  0.633730  0.607093  0.785435  0.584625  0.551731  0.580157  0.446115  0.589645  0.548314  0.383109  0.681437  0.580749  0.673936  0.412777  0.571342  0.793508  0.381486  0.523749 0.0  0.519313  0.636123  0.533645  0.736000 
57  0.527903  0.435161  0.464857  0.659030  0.372106  0.483690  0.772149  0.532780  0.519127  0.662701  0.501313  0.493947  0.439628  0.645249  0.743750  0.262875  0.346150  0.468474  0.842755  0.562890  0.662962  0.561592  0.799570  0.299704  0.582862  0.725278  0.601606  0.557874  0.592399  0.740100  0.549253  0.376338  0.357132  0.742637  0.445708  0.449934  0.562787  0.591380  0.603449  0.486585  0.477475  0.699637  0.463739  0.457366  0.470477  0.504607  0.432663  0.280543  0.687013  0.553248  0.650352  0.472372  0.433508  0.739741  0.521745  0.429991  0.519313 0.0  0.693016  0.629385  0.742711 
58  0.651662  0.807805  0.732965  0.614919  0.606765  0.657932  0.751879  0.620028  0.652685  0.692762  0.686133  0.677754  0.574496  0.695655  0.609900  0.810007  0.589399  0.642406  0.626030  0.673019  0.701054  0.635440  0.730395  0.635253  0.754671  0.709169  0.696131  0.765968  0.687478  0.564247  0.754017  0.735940  0.700687  0.632680  0.695225  0.685234  0.640020  0.714573  0.771598  0.699443  0.692423  0.635027  0.755714  0.655351  0.792582  0.779929  0.752940  0.653887  0.637292  0.737431  0.732133  0.601430  0.774976  0.696499  0.597516  0.655058  0.636123  0.693016 0.0  0.703436  0.722339 
59  0.368981  0.722965  0.751682  0.698458  0.511372  0.633029  0.386950  0.485376  0.109515  0.536907  0.679534  0.639683  0.329678  0.353588  0.415121  0.627366  0.471094  0.637666  0.255483  0.395363  0.750233  0.757619  0.399943  0.600446  0.727401  0.556861  0.762969  0.430141  0.702622  0.864234  0.712904  0.641694  0.669711  0.724164  0.590439  0.321046  0.250416  0.731453  0.641453  0.627424  0.423703  0.526077  0.422877  0.828866  0.525967  0.730042  0.522391  0.587453  0.748315  0.325085  0.625255  0.265943  0.435145  0.498618  0.571834  0.428603  0.533645  0.629385  0.703436 0.0  0.764700 
60  0.691532  0.600373  0.483695  0.720822  0.588207  0.640396  0.758398  0.750007  0.716804  0.592034  0.501598  0.759606  0.657221  0.807006  0.728893  0.604513  0.591814  0.782547  0.684703  0.729639  0.565195  0.702389  0.578442  0.670383  0.639916  0.520788  0.861853  0.754437  0.578965  0.697067  0.583751  0.750607  0.608829  0.719569  0.677789  0.790172  0.593964  0.514366  0.488481  0.320854  0.688488  0.615543  0.815106  0.527143  0.807436  0.731933  0.713909  0.631882  0.711354  0.670506  0.493634  0.657359  0.762213  0.460206  0.621248  0.731657  0.736000  0.742711  0.722339  0.764700 0.0 
