61
0 0.0  0.552313  0.625488  0.681779  0.436069  0.551318  0.466101  0.483024  0.192645  0.481956  0.593890  0.394250  0.480682  0.405460  0.478594  0.487619  0.520989  0.408878  0.512105  0.296424  0.823875  0.707462  0.664931  0.455850  0.461773  0.453052  0.741501  0.405210  0.633904  0.729703  0.684632  0.490391  0.519073  0.671929  0.476309  0.382827  0.236297  0.808156  0.432237  0.560831  0.224540  0.563984  0.317113  0.689160  0.509780  0.571329  0.425353  0.574153  0.633383  0.289589  0.608712  0.358272  0.493164  0.491711  0.610272  0.342065  0.495984  0.471779  0.674845  0.341296  0.726210 
1  0.552313 0.0  0.565684  0.768842  0.338931  0.589039  0.776212  0.557286  0.655405  0.646814  0.530147  0.479619  0.702835  0.753500  0.843244  0.452125  0.364040  0.602048  0.946438  0.484857  0.715173  0.537852  0.599053  0.583721  0.603640  0.500764  0.659763  0.766078  0.533166  0.617478  0.531541  0.510167  0.505177  0.687266  0.582599  0.713842  0.761307  0.444053  0.645027  0.454180  0.516757  0.700979  0.693717  0.469070  0.580938  0.487561  0.586620  0.532415  0.518131  0.589507  0.504453  0.471963  0.536450  0.829216  0.396435  0.559834  0.549620  0.539602  0.663161  0.718073  0.474778 
2  0.625488  0.565684 0.0  0.778158  0.566636  0.515593  0.822833  0.734427  0.759397  0.872460  0.406443  0.652343  0.645514  0.897264  0.732892  0.694665  0.596793  0.662526  0.840759  0.576910  0.640535  0.613001  0.502008  0.666518  0.550346  0.409973  0.633481  0.635945  0.703065  0.670081  0.497572  0.716650  0.658633  0.530930  0.506348  0.668942  0.636705  0.549781  0.553664  0.325154  0.675423  0.806582  0.717156  0.468709  0.627705  0.585351  0.619419  0.403419  0.591995  0.680344  0.433709  0.789893  0.789833  0.533123  0.395776  0.670236  0.594035  0.547075  0.651564  0.762544  0.566090 
3  0.681779  0.768842  0.778158 0.0  0.590252  0.639324  0.690797  0.663361  0.653695  0.703075  0.767330  0.654018  0.667465  0.662091  0.661534  0.693120  0.652141  0.531690  0.626256  0.705082  0.609448  0.699383  0.735141  0.567474  0.650766  0.677538  0.433237  0.712087  0.575241  0.506908  0.578981  0.577646  0.674078  0.508505  0.610458  0.577269  0.648541  0.785860  0.763049  0.636412  0.647987  0.507837  0.629866  0.654110  0.582727  0.728875  0.704258  0.646676  0.447480  0.695896  0.629076  0.698679  0.707104  0.666040  0.687065  0.699465  0.668779  0.613324  0.542063  0.670147  0.690444 
4  0.436069  0.338931  0.566636  0.590252 0.0  0.578308  0.667542  0.449048  0.576809  0.701337  0.586286  0.582434  0.569942  0.629991  0.723208  0.270762  0.251104  0.506615  0.695390  0.545976  0.539741  0.508195  0.696828  0.330706  0.541877  0.370018  0.486435  0.571761  0.537383  0.571980  0.508609  0.430866  0.295579  0.582230  0.094189  0.440389  0.629920  0.440116  0.556824  0.410477  0.594966  0.698624  0.525449  0.483229  0.397549  0.557677  0.561892  0.253691  0.630656  0.605826  0.652118  0.421772  0.627234  0.628741  0.535587  0.305106  0.308692  0.356893  0.612300  0.438351  0.664667 
5  0.551318  0.589039  0.515593  0.639324  0.578308 0.0  0.587710  0.601416  0.642681  0.654178  0.538440  0.473535  0.588968  0.709474  0.677768  0.494656  0.502183  0.653953  0.603013  0.617739  0.546942  0.637058  0.700887  0.471194  0.653798  0.657691  0.435430  0.667848  0.677231  0.510069  0.565373  0.613222  0.490477  0.719874  0.642223  0.445628  0.530483  0.504272  0.557680  0.391400  0.695495  0.589899  0.675159  0.540358  0.488357  0.620067  0.700890  0.596311  0.528859  0.635362  0.571028  0.736174  0.495533  0.651154  0.543629  0.568682  0.564423  0.525531  0.604805  0.743935  0.553367 
6  0.466101  0.776212  0.822833  0.690797  0.667542  0.587710 0.0  0.533619  0.432070  0.501426  0.759671  0.558379  0.599084  0.439238  0.518840  0.786175  0.756425  0.511709  0.447880  0.387833  0.739898  0.761800  0.652468  0.662388  0.628117  0.603447  0.833366  0.556288  0.526021  0.770282  0.760187  0.654859  0.808658  0.822277  0.685530  0.491700  0.463908  0.789272  0.575117  0.791190  0.583937  0.638240  0.691231  0.679621  0.739016  0.841588  0.540880  0.822735  0.733768  0.371747  0.684457  0.450419  0.637621  0.541724  0.740620  0.702859  0.710385  0.776564  0.720985  0.390492  0.779840 
7  0.483024  0.557286  0.734427  0.663361  0.449048  0.601416  0.533619 0.0  0.405574  0.620448  0.547730  0.500365  0.184559  0.558675  0.547906  0.575677  0.517368  0.538494  0.595441  0.398828  0.807688  0.753042  0.597309  0.575899  0.546134  0.458436  0.777588  0.303960  0.604424  0.709446  0.681286  0.577837  0.512494  0.741095  0.518166  0.241731  0.302215  0.760194  0.462320  0.511584  0.403840  0.559893  0.350993  0.639641  0.409114  0.590902  0.276066  0.629588  0.749645  0.277951  0.608158  0.353603  0.384019  0.615663  0.573944  0.290706  0.534520  0.558738  0.572991  0.393813  0.688085 
8  0.192645  0.655405  0.759397  0.653695  0.576809  0.642681  0.432070  0.405574 0.0  0.542262  0.710770  0.554378  0.368568  0.493658  0.369692  0.640637  0.550068  0.600735  0.229084  0.192001  0.904560  0.741081  0.523884  0.643765  0.740605  0.653340  0.667496  0.440275  0.686026  0.778695  0.748958  0.647527  0.592767  0.679562  0.549234  0.380537  0.251744  0.720403  0.424849  0.668418  0.354905  0.543480  0.534052  0.653861  0.558493  0.527887  0.395538  0.563039  0.687403  0.213035  0.569374  0.266973  0.655192  0.653889  0.683829  0.393957  0.597792  0.412208  0.589908  0.181058  0.532925 
9  0.481956  0.646814  0.872460  0.703075  0.701337  0.654178  0.501426  0.620448  0.542262 0.0  0.652814  0.590655  0.540945  0.430704  0.457171  0.486789  0.694030  0.515275  0.541283  0.443400  0.761555  0.706655  0.548818  0.668766  0.648131  0.636983  0.769708  0.681803  0.647012  0.756531  0.681067  0.550295  0.671146  0.803617  0.675669  0.672050  0.508656  0.821101  0.531178  0.630944  0.528844  0.482997  0.699511  0.771775  0.560911  0.562162  0.581285  0.730998  0.587258  0.386134  0.716700  0.672347  0.570479  0.597263  0.634398  0.671933  0.699104  0.516374  0.647789  0.601816  0.493433 
10  0.593890  0.530147  0.406443  0.767330  0.586286  0.538440  0.759671  0.547730  0.710770  0.652814 0.0  0.540200  0.511076  0.657476  0.896517  0.563691  0.544032  0.674942  0.860191  0.600396  0.727943  0.655505  0.321084  0.570680  0.337984  0.310009  0.655342  0.647079  0.652401  0.603063  0.659098  0.480627  0.597782  0.694867  0.667174  0.545862  0.693446  0.580083  0.385763  0.403300  0.569190  0.639773  0.548708  0.590597  0.454740  0.711954  0.494909  0.642422  0.642407  0.597939  0.397398  0.589820  0.564341  0.428398  0.529489  0.550584  0.636928  0.676985  0.612799  0.666528  0.520958 
11  0.394250  0.479619  0.652343  0.654018  0.582434  0.473535  0.558379  0.500365  0.554378  0.590655  0.540200 0.0  0.424800  0.434070  0.644107  0.535818  0.520636  0.298357  0.592570  0.527884  0.659704  0.601640  0.658691  0.534727  0.469020  0.556732  0.593163  0.584442  0.552829  0.733005  0.570080  0.147427  0.596937  0.582636  0.522614  0.441642  0.598139  0.567593  0.696213  0.487024  0.450802  0.616575  0.556716  0.517265  0.683581  0.751359  0.565040  0.468059  0.539933  0.457386  0.697606  0.531840  0.148932  0.685311  0.505570  0.422328  0.690233  0.531710  0.699538  0.534640  0.735484 
12  0.480682  0.702835  0.645514  0.667465  0.569942  0.588968  0.599084  0.184559  0.368568  0.540945  0.511076  0.424800 0.0  0.374323  0.510413  0.504160  0.585713  0.395320  0.552190  0.358903  0.844668  0.619971  0.642617  0.568374  0.492560  0.582767  0.702929  0.419144  0.675920  0.722103  0.651882  0.323282  0.476866  0.730953  0.652667  0.339713  0.254926  0.721123  0.606310  0.587594  0.368162  0.612558  0.393252  0.642111  0.476979  0.647901  0.380977  0.528906  0.711606  0.146581  0.646194  0.409841  0.351401  0.609105  0.606760  0.309097  0.509804  0.638196  0.653787  0.381350  0.751499 
13  0.405460  0.753500  0.897264  0.662091  0.629991  0.709474  0.439238  0.558675  0.493658  0.430704  0.657476  0.434070  0.374323 0.0  0.598525  0.760292  0.610773  0.405259  0.377335  0.446172  0.782101  0.646896  0.693518  0.664406  0.604301  0.554391  0.618481  0.487460  0.675574  0.748554  0.704729  0.449967  0.592469  0.811741  0.627086  0.469047  0.436806  0.770576  0.422685  0.780701  0.477232  0.448899  0.595963  0.634819  0.572362  0.663343  0.594167  0.722922  0.537096  0.318158  0.754287  0.409037  0.424091  0.561073  0.548079  0.376946  0.610168  0.689150  0.741867  0.336030  0.644029 
14  0.478594  0.843244  0.732892  0.661534  0.723208  0.677768  0.518840  0.547906  0.369692  0.457171  0.896517  0.644107  0.510413  0.598525 0.0  0.555179  0.706061  0.595966  0.167403  0.389401  0.872665  0.684235  0.681123  0.774549  0.558080  0.904373  0.883073  0.610241  0.677503  1.000000  0.864625  0.611326  0.734574  0.952757  0.773439  0.459325  0.554063  0.793010  0.674320  0.752622  0.481523  0.433107  0.603319  0.690935  0.651179  0.646789  0.471361  0.654040  0.796184  0.396554  0.643369  0.605492  0.519031  0.696579  0.796832  0.605673  0.702470  0.699139  0.565435  0.274714  0.566982 
15  0.487619  0.452125  0.694665  0.693120  0.270762  0.494656  0.786175  0.575677  0.640637  0.486789  0.563691  0.535818  0.504160  0.760292  0.555179 0.0  0.404933  0.562389  0.731102  0.486133  0.739691  0.542844  0.690545  0.416243  0.664009  0.704395  0.608157  0.499598  0.495840  0.551033  0.603983  0.541189  0.465026  0.707530  0.379457  0.505004  0.453409  0.589195  0.580407  0.461604  0.572852  0.625807  0.523162  0.578758  0.646543  0.524891  0.494345  0.391793  0.592539  0.427929  0.645309  0.465619  0.621460  0.800489  0.463147  0.520614  0.419483  0.453066  0.605823  0.593212  0.602377 
16  0.520989  0.364040  0.596793  0.652141  0.251104  0.502183  0.756425  0.517368  0.550068  0.694030  0.544032  0.520636  0.585713  0.610773  0.706061  0.404933 0.0  0.540282  0.728098  0.623749  0.648224  0.617454  0.731868  0.360000  0.619571  0.561512  0.440474  0.511575  0.507062  0.509815  0.522672  0.565715  0.290006  0.618422  0.130784  0.263451  0.510544  0.621569  0.665521  0.423788  0.579379  0.575935  0.453433  0.496766  0.405708  0.576653  0.432456  0.193219  0.642159  0.650387  0.684124  0.402652  0.545306  0.709418  0.461454  0.246458  0.310785  0.389559  0.718429  0.486140  0.572921 
17  0.408878  0.602048  0.662526  0.531690  0.506615  0.653953  0.511709  0.538494  0.600735  0.515275  0.674942  0.298357  0.395320  0.405259  0.595966  0.562389  0.540282 0.0  0.645423  0.481443  0.757746  0.577247  0.790845  0.478271  0.533482  0.522762  0.598360  0.497062  0.593606  0.607694  0.655501  0.322824  0.519600  0.653121  0.554453  0.381252  0.503298  0.818050  0.696502  0.563043  0.475279  0.523422  0.365712  0.576342  0.588839  0.601731  0.524209  0.494934  0.544978  0.479279  0.637068  0.527904  0.207202  0.698354  0.487771  0.521432  0.627404  0.533749  0.639518  0.522972  0.708582 
18  0.512105  0.946438  0.840759  0.626256  0.695390  0.603013  0.447880  0.595441  0.229084  0.541283  0.860191  0.592570  0.552190  0.377335  0.167403  0.731102  0.728098  0.645423 0.0  0.576926  0.848984  0.754714  0.560410  0.731713  0.587301  0.604470  0.841087  0.498375  0.706747  0.905593  0.815826  0.621000  0.720071  0.860307  0.653826  0.423536  0.472291  0.786782  0.578189  0.674302  0.427275  0.583622  0.481407  0.789903  0.673699  0.665889  0.561797  0.762243  0.678100  0.399400  0.652693  0.468328  0.582185  0.623136  0.822400  0.553886  0.671288  0.748856  0.600057  0.192878  0.737542 
19  0.296424  0.484857  0.576910  0.705082  0.545976  0.617739  0.387833  0.398828  0.192001  0.443400  0.600396  0.527884  0.358903  0.446172  0.389401  0.486133  0.623749  0.481443  0.576926 0.0  0.761140  0.666200  0.572997  0.580556  0.728366  0.567682  0.766765  0.411011  0.674561  0.858337  0.660029  0.494975  0.528320  0.831666  0.526296  0.396077  0.314260  0.650145  0.517685  0.544026  0.198726  0.590276  0.519490  0.687132  0.508558  0.600520  0.401744  0.556286  0.681226  0.094189  0.657393  0.269876  0.508818  0.495157  0.511773  0.438547  0.572708  0.449172  0.674019  0.265300  0.497827 
20  0.823875  0.715173  0.640535  0.609448  0.539741  0.546942  0.739898  0.807688  0.904560  0.761555  0.727943  0.659704  0.844668  0.782101  0.872665  0.739691  0.648224  0.757746  0.848984  0.761140 0.0  0.611314  0.667320  0.679517  0.689843  0.703858  0.616071  0.680137  0.597232  0.609518  0.347760  0.820614  0.614818  0.615683  0.523223  0.729065  0.768745  0.656499  0.683310  0.581552  0.868167  0.656484  0.747474  0.611858  0.697048  0.648361  0.733320  0.539011  0.706621  0.811440  0.696735  0.817235  0.847784  0.688597  0.493570  0.757161  0.548593  0.702353  0.700045  0.778220  0.503041 
21  0.707462  0.537852  0.613001  0.699383  0.508195  0.637058  0.761800  0.753042  0.741081  0.706655  0.655505  0.601640  0.619971  0.646896  0.684235  0.542844  0.617454  0.577247  0.754714  0.666200  0.611314 0.0  0.722519  0.550454  0.619234  0.636225  0.574486  0.685796  0.579127  0.581047  0.513593  0.682748  0.545668  0.632337  0.576916  0.745752  0.606807  0.529744  0.736166  0.603520  0.677906  0.697921  0.637077  0.611717  0.783362  0.609138  0.556227  0.554494  0.636510  0.701503  0.582159  0.658866  0.529549  0.735436  0.576142  0.707554  0.610474  0.508080  0.650958  0.646351  0.587191 
22  0.664931  0.599053  0.502008  0.735141  0.696828  0.700887  0.652468  0.597309  0.523884  0.548818  0.321084  0.658691  0.642617  0.693518  0.681123  0.690545  0.731868  0.790845  0.560410  0.572997  0.667320  0.722519 0.0  0.554547  0.463482  0.385496  0.848494  0.783085  0.660278  0.748535  0.689984  0.808215  0.716307  0.647469  0.729461  0.675180  0.580212  0.825897  0.304802  0.465445  0.479591  0.614551  0.604177  0.745034  0.622079  0.713491  0.696091  0.671295  0.666078  0.467430  0.486818  0.517778  0.740006  0.325293  0.701171  0.646062  0.708270  0.784403  0.638033  0.533794  0.468547 
23  0.455850  0.583721  0.666518  0.567474  0.330706  0.471194  0.662388  0.575899  0.643765  0.668766  0.570680  0.534727  0.568374  0.664406  0.774549  0.416243  0.360000  0.478271  0.731713  0.580556  0.679517  0.550454  0.554547 0.0  0.616532  0.459758  0.482644  0.535426  0.497542  0.521621  0.455457  0.488433  0.284467  0.699499  0.369426  0.500796  0.608629  0.657751  0.661108  0.512226  0.658399  0.557953  0.522792  0.497893  0.355400  0.457116  0.408876  0.313347  0.450961  0.607686  0.731379  0.411031  0.598344  0.585218  0.506066  0.603870  0.416085  0.484145  0.708217  0.616900  0.593557 
24  0.461773  0.603640  0.550346  0.650766  0.541877  0.653798  0.628117  0.546134  0.740605  0.648131  0.337984  0.469020  0.492560  0.604301  0.558080  0.664009  0.619571  0.533482  0.587301  0.728366  0.689843  0.619234  0.463482  0.616532 0.0  0.283743  0.703194  0.711078  0.687247  0.731906  0.479727  0.598139  0.608459  0.651980  0.640154  0.452380  0.782462  0.729094  0.394164  0.378947  0.553901  0.678506  0.441148  0.576087  0.557006  0.707026  0.507224  0.699709  0.606657  0.667210  0.441764  0.491082  0.620331  0.464176  0.628765  0.452566  0.509397  0.623006  0.695679  0.656576  0.650801 
25  0.453052  0.500764  0.409973  0.677538  0.370018  0.657691  0.603447  0.458436  0.653340  0.636983  0.310009  0.556732  0.582767  0.554391  0.904373  0.704395  0.561512  0.522762  0.604470  0.567682  0.703858  0.636225  0.385496  0.459758  0.283743 0.0  0.642416  0.608873  0.537771  0.641819  0.582786  0.549247  0.518968  0.595050  0.465066  0.434647  0.601549  0.746499  0.383924  0.383887  0.662913  0.563937  0.380488  0.538269  0.540476  0.839984  0.596777  0.550068  0.474186  0.655908  0.512368  0.612333  0.593461  0.466191  0.574841  0.290615  0.456040  0.618604  0.829663  0.606312  0.563424 
26  0.741501  0.659763  0.633481  0.433237  0.486435  0.435430  0.833366  0.777588  0.667496  0.769708  0.655342  0.593163  0.702929  0.618481  0.883073  0.608157  0.440474  0.598360  0.841087  0.766765  0.616071  0.574486  0.848494  0.482644  0.703194  0.642416 0.0  0.622083  0.502425  0.185845  0.416935  0.553446  0.486171  0.543775  0.498754  0.553241  0.690654  0.606849  0.800754  0.578434  0.649659  0.672355  0.610415  0.371362  0.576420  0.583260  0.603378  0.496011  0.661474  0.763196  0.826140  0.658476  0.760805  0.699854  0.441275  0.621035  0.479594  0.647176  0.488128  0.706549  0.668444 
27  0.405210  0.766078  0.635945  0.712087  0.571761  0.667848  0.556288  0.303960  0.440275  0.681803  0.647079  0.584442  0.419144  0.487460  0.610241  0.499598  0.511575  0.497062  0.498375  0.411011  0.680137  0.685796  0.783085  0.535426  0.711078  0.608873  0.622083 0.0  0.673942  0.677941  0.637142  0.592195  0.503733  0.621632  0.543334  0.473891  0.341205  0.658867  0.712921  0.641473  0.494016  0.741119  0.496248  0.630477  0.501259  0.619367  0.403871  0.608899  0.606271  0.544494  0.553426  0.445420  0.649482  0.626964  0.574703  0.381721  0.504074  0.433648  0.739637  0.452013  0.642889 
28  0.633904  0.533166  0.703065  0.575241  0.537383  0.677231  0.526021  0.604424  0.686026  0.647012  0.652401  0.552829  0.675920  0.675574  0.677503  0.495840  0.507062  0.593606  0.706747  0.674561  0.597232  0.579127  0.660278  0.497542  0.687247  0.537771  0.502425  0.673942 0.0  0.534169  0.639526  0.555117  0.516744  0.544753  0.462342  0.594385  0.689477  0.606493  0.656528  0.567928  0.595930  0.717878  0.579520  0.581098  0.654757  0.613104  0.614485  0.557098  0.574606  0.606820  0.608332  0.535545  0.656644  0.581330  0.532971  0.597375  0.583724  0.515606  0.614137  0.618905  0.577090 
29  0.729703  0.617478  0.670081  0.506908  0.571980  0.510069  0.770282  0.709446  0.778695  0.756531  0.603063  0.733005  0.722103  0.748554  1.000000  0.551033  0.509815  0.607694  0.905593  0.858337  0.609518  0.581047  0.748535  0.521621  0.731906  0.641819  0.185845  0.677941  0.534169 0.0  0.475185  0.796619  0.540120  0.664562  0.458043  0.613478  0.787345  0.524359  0.782126  0.604320  0.902170  0.630681  0.652518  0.481974  0.568524  0.720055  0.539528  0.524179  0.488371  0.847823  0.680232  0.829508  0.584795  0.765020  0.491770  0.584074  0.558322  0.636112  0.587350  0.787529  0.788807 
30  0.684632  0.531541  0.497572  0.578981  0.508609  0.565373  0.760187  0.681286  0.748958  0.681067  0.659098  0.570080  0.651882  0.704729  0.864625  0.603983  0.522672  0.655501  0.815826  0.660029  0.347760  0.513593  0.689984  0.455457  0.479727  0.582786  0.416935  0.637142  0.639526  0.475185 0.0  0.599695  0.580945  0.387608  0.422579  0.645153  0.648477  0.589813  0.674564  0.448537  0.671218  0.658770  0.575170  0.497883  0.705082  0.785757  0.527679  0.513067  0.633055  0.849028  0.627010  0.663105  0.668388  0.651005  0.472447  0.578511  0.553740  0.596980  0.571430  0.732538  0.518109 
31  0.490391  0.510167  0.716650  0.577646  0.430866  0.613222  0.654859  0.577837  0.647527  0.550295  0.480627  0.147427  0.323282  0.449967  0.611326  0.541189  0.565715  0.322824  0.621000  0.494975  0.820614  0.682748  0.808215  0.488433  0.598139  0.549247  0.553446  0.592195  0.555117  0.796619  0.599695 0.0  0.455801  0.772746  0.529180  0.525113  0.613167  0.745296  0.795475  0.575474  0.344999  0.636693  0.527968  0.534424  0.546440  0.694795  0.458753  0.536658  0.633643  0.415868  0.641574  0.486266  0.320014  0.748328  0.596611  0.514385  0.643543  0.523072  0.712879  0.532331  0.730799 
32  0.519073  0.505177  0.658633  0.674078  0.295579  0.490477  0.808658  0.512494  0.592767  0.671146  0.597782  0.596937  0.476866  0.592469  0.734574  0.465026  0.290006  0.519600  0.720071  0.528320  0.614818  0.545668  0.716307  0.284467  0.608459  0.518968  0.486171  0.503733  0.516744  0.540120  0.580945  0.455801 0.0  0.714607  0.266262  0.496461  0.560397  0.581738  0.586571  0.511321  0.395029  0.573442  0.397144  0.494288  0.402404  0.450594  0.467418  0.342210  0.440418  0.520799  0.639060  0.406095  0.514026  0.650804  0.440520  0.382237  0.399751  0.448046  0.676645  0.478497  0.764622 
33  0.671929  0.687266  0.530930  0.508505  0.582230  0.719874  0.822277  0.741095  0.679562  0.803617  0.694867  0.582636  0.730953  0.811741  0.952757  0.707530  0.618422  0.653121  0.860307  0.831666  0.615683  0.632337  0.647469  0.699499  0.651980  0.595050  0.543775  0.621632  0.544753  0.664562  0.387608  0.772746  0.714607 0.0  0.736248  0.756543  0.733655  0.772869  0.748386  0.575833  0.663949  0.712077  0.711924  0.450102  0.663449  0.846872  0.666872  0.715115  0.502262  0.772552  0.606420  0.602112  0.771599  0.627513  0.535129  0.661408  0.644161  0.875095  0.706426  0.706041  0.676400 
34  0.476309  0.582599  0.506348  0.610458  0.094189  0.642223  0.685530  0.518166  0.549234  0.675669  0.667174  0.522614  0.652667  0.627086  0.773439  0.379457  0.130784  0.554453  0.653826  0.526296  0.523223  0.576916  0.729461  0.369426  0.640154  0.465066  0.498754  0.543334  0.462342  0.458043  0.422579  0.529180  0.266262  0.736248 0.0  0.301374  0.568888  0.478561  0.543914  0.507441  0.630697  0.536504  0.532663  0.394787  0.468921  0.572997  0.405109  0.315047  0.617544  0.588842  0.602258  0.515584  0.601489  0.665944  0.602225  0.403930  0.166261  0.419088  0.666800  0.515798  0.655640 
35  0.382827  0.713842  0.668942  0.577269  0.440389  0.445628  0.491700  0.241731  0.380537  0.672050  0.545862  0.441642  0.339713  0.469047  0.459325  0.505004  0.263451  0.381252  0.423536  0.396077  0.729065  0.745752  0.675180  0.500796  0.452380  0.434647  0.553241  0.473891  0.594385  0.613478  0.645153  0.525113  0.496461  0.756543  0.301374 0.0  0.410539  0.717110  0.530243  0.539096  0.395980  0.647459  0.174779  0.496330  0.469609  0.555316  0.383115  0.604957  0.558994  0.327181  0.539175  0.325034  0.516602  0.611503  0.633700  0.213434  0.492139  0.557349  0.720217  0.413933  0.721028 
36  0.236297  0.761307  0.636705  0.648541  0.629920  0.530483  0.463908  0.302215  0.251744  0.508656  0.693446  0.598139  0.254926  0.436806  0.554063  0.453409  0.510544  0.503298  0.472291  0.314260  0.768745  0.606807  0.580212  0.608629  0.782462  0.601549  0.690654  0.341205  0.689477  0.787345  0.648477  0.613167  0.560397  0.733655  0.568888  0.410539 0.0  0.756108  0.439745  0.653357  0.318505  0.567615  0.484124  0.540395  0.595850  0.541395  0.395020  0.608629  0.673799  0.299559  0.635693  0.245848  0.511790  0.487948  0.693406  0.406544  0.491371  0.532559  0.759410  0.209208  0.670137 
37  0.808156  0.444053  0.549781  0.785860  0.440116  0.504272  0.789272  0.760194  0.720403  0.821101  0.580083  0.567593  0.721123  0.770576  0.793010  0.589195  0.621569  0.818050  0.786782  0.650145  0.656499  0.529744  0.825897  0.657751  0.729094  0.746499  0.606849  0.658867  0.606493  0.524359  0.589813  0.745296  0.581738  0.772869  0.478561  0.717110  0.756108 0.0  0.626437  0.616729  0.702455  0.682279  0.684409  0.548293  0.614690  0.651400  0.653028  0.487655  0.630509  0.711660  0.684016  0.627883  0.731938  0.638716  0.524069  0.726801  0.632074  0.564645  0.728005  0.878028  0.649967 
38  0.432237  0.645027  0.553664  0.763049  0.556824  0.557680  0.575117  0.462320  0.424849  0.531178  0.385763  0.696213  0.606310  0.422685  0.674320  0.580407  0.665521  0.696502  0.578189  0.517685  0.683310  0.736166  0.304802  0.661108  0.394164  0.383924  0.800754  0.712921  0.656528  0.782126  0.674564  0.795475  0.586571  0.748386  0.543914  0.530243  0.439745  0.626437 0.0  0.480308  0.579472  0.538106  0.480222  0.603364  0.484883  0.741257  0.604376  0.799850  0.781235  0.472581  0.502272  0.459119  0.641291  0.207207  0.556203  0.590545  0.624413  0.615327  0.657154  0.487974  0.447905 
39  0.560831  0.454180  0.325154  0.636412  0.410477  0.391400  0.791190  0.511584  0.668418  0.630944  0.403300  0.487024  0.587594  0.780701  0.752622  0.461604  0.423788  0.563043  0.674302  0.544026  0.581552  0.603520  0.465445  0.512226  0.378947  0.383887  0.578434  0.641473  0.567928  0.604320  0.448537  0.575474  0.511321  0.575833  0.507441  0.539096  0.653357  0.616729  0.480308 0.0  0.500287  0.642033  0.537959  0.441239  0.536969  0.608737  0.516150  0.442802  0.479057  0.582568  0.361972  0.536942  0.629497  0.498263  0.474335  0.498163  0.490759  0.443477  0.761069  0.683609  0.432013 
40  0.224540  0.516757  0.675423  0.647987  0.594966  0.695495  0.583937  0.403840  0.354905  0.528844  0.569190  0.450802  0.368162  0.477232  0.481523  0.572852  0.579379  0.475279  0.427275  0.198726  0.868167  0.677906  0.479591  0.658399  0.553901  0.662913  0.649659  0.494016  0.595930  0.902170  0.671218  0.344999  0.395029  0.663949  0.630697  0.395980  0.318505  0.702455  0.579472  0.500287 0.0  0.624594  0.445253  0.682694  0.536700  0.634962  0.413147  0.566790  0.684526  0.283051  0.647078  0.327254  0.450957  0.546024  0.623641  0.478597  0.678990  0.548655  0.684011  0.282245  0.678032 
41  0.563984  0.700979  0.806582  0.507837  0.698624  0.589899  0.638240  0.559893  0.543480  0.482997  0.639773  0.616575  0.612558  0.448899  0.433107  0.625807  0.575935  0.523422  0.583622  0.590276  0.656484  0.697921  0.614551  0.557953  0.678506  0.563937  0.672355  0.741119  0.717878  0.630681  0.658770  0.636693  0.573442  0.712077  0.536504  0.647459  0.567615  0.682279  0.538106  0.642033  0.624594 0.0  0.586013  0.735682  0.629000  0.584955  0.697158  0.626200  0.726811  0.566029  0.711742  0.501071  0.549547  0.548237  0.620030  0.542195  0.598621  0.661907  0.540640  0.554673  0.478444 
42  0.317113  0.693717  0.717156  0.629866  0.525449  0.675159  0.691231  0.350993  0.534052  0.699511  0.548708  0.556716  0.393252  0.595963  0.603319  0.523162  0.453433  0.365712  0.481407  0.519490  0.747474  0.637077  0.604177  0.522792  0.441148  0.380488  0.610415  0.496248  0.579520  0.652518  0.575170  0.527968  0.397144  0.711924  0.532663  0.174779  0.484124  0.684409  0.480222  0.537959  0.445253  0.586013 0.0  0.540383  0.284862  0.655217  0.411732  0.509964  0.611933  0.413477  0.626510  0.380510  0.592016  0.580695  0.641839  0.247055  0.592262  0.433715  0.719883  0.534124  0.694071 
43  0.689160  0.469070  0.468709  0.654110  0.483229  0.540358  0.679621  0.639641  0.653861  0.771775  0.590597  0.517265  0.642111  0.634819  0.690935  0.578758  0.496766  0.576342  0.789903  0.687132  0.611858  0.611717  0.745034  0.497893  0.576087  0.538269  0.371362  0.630477  0.581098  0.481974  0.497883  0.534424  0.494288  0.450102  0.394787  0.496330  0.540395  0.548293  0.603364  0.441239  0.682694  0.735682  0.540383 0.0  0.594272  0.613345  0.636346  0.435125  0.621794  0.626805  0.657441  0.666994  0.702873  0.724258  0.440034  0.627389  0.471523  0.542974  0.578429  0.657387  0.643888 
44  0.509780  0.580938  0.627705  0.582727  0.397549  0.488357  0.739016  0.409114  0.558493  0.560911  0.454740  0.683581  0.476979  0.572362  0.651179  0.646543  0.405708  0.588839  0.673699  0.508558  0.697048  0.783362  0.622079  0.355400  0.557006  0.540476  0.576420  0.501259  0.654757  0.568524  0.705082  0.546440  0.402404  0.663449  0.468921  0.469609  0.595850  0.614690  0.484883  0.536969  0.536700  0.629000  0.284862  0.594272 0.0  0.551726  0.417713  0.435337  0.614488  0.538882  0.607136  0.520598  0.655213  0.706281  0.644572  0.392287  0.527425  0.485512  0.673857  0.566471  0.700802 
45  0.571329  0.487561  0.585351  0.728875  0.557677  0.620067  0.841588  0.590902  0.527887  0.562162  0.711954  0.751359  0.647901  0.663343  0.646789  0.524891  0.576653  0.601731  0.665889  0.600520  0.648361  0.609138  0.713491  0.457116  0.707026  0.839984  0.583260  0.619367  0.613104  0.720055  0.785757  0.694795  0.450594  0.846872  0.572997  0.555316  0.541395  0.651400  0.741257  0.608737  0.634962  0.584955  0.655217  0.613345  0.551726 0.0  0.564117  0.550554  0.645411  0.710049  0.651308  0.639297  0.593290  0.807692  0.525186  0.732964  0.528953  0.574471  0.520450  0.595537  0.558644 
46  0.425353  0.586620  0.619419  0.704258  0.561892  0.700890  0.540880  0.276066  0.395538  0.581285  0.494909  0.565040  0.380977  0.594167  0.471361  0.494345  0.432456  0.524209  0.561797  0.401744  0.733320  0.556227  0.696091  0.408876  0.507224  0.596777  0.603378  0.403871  0.614485  0.539528  0.527679  0.458753  0.467418  0.666872  0.405109  0.383115  0.395020  0.653028  0.604376  0.516150  0.413147  0.697158  0.411732  0.636346  0.417713  0.564117 0.0  0.455630  0.495756  0.423769  0.577839  0.426450  0.631955  0.505088  0.607116  0.325143  0.374638  0.477362  0.631066  0.514368  0.645066 
47  0.574153  0.532415  0.403419  0.646676  0.253691  0.596311  0.822735  0.629588  0.563039  0.730998  0.642422  0.468059  0.528906  0.722922  0.654040  0.391793  0.193219  0.494934  0.762243  0.556286  0.539011  0.554494  0.671295  0.313347  0.699709  0.550068  0.496011  0.608899  0.557098  0.524179  0.513067  0.536658  0.342210  0.715115  0.315047  0.604957  0.608629  0.487655  0.799850  0.442802  0.566790  0.626200  0.509964  0.435125  0.435337  0.550554  0.455630 0.0  0.474134  0.583383  0.709593  0.511275  0.607085  0.692976  0.546399  0.520195  0.462477  0.284545  0.814736  0.748029  0.565533 
48  0.633383  0.518131  0.591995  0.447480  0.630656  0.528859  0.733768  0.749645  0.687403  0.587258  0.642407  0.539933  0.711606  0.537096  0.796184  0.592539  0.642159  0.544978  0.678100  0.681226  0.706621  0.636510  0.666078  0.450961  0.606657  0.474186  0.661474  0.606271  0.574606  0.488371  0.633055  0.633643  0.440418  0.502262  0.617544  0.558994  0.673799  0.630509  0.781235  0.479057  0.684526  0.726811  0.611933  0.621794  0.614488  0.645411  0.495756  0.474134 0.0  0.746140  0.673486  0.533477  0.630460  0.635611  0.558520  0.540072  0.627211  0.605348  0.637468  0.755348  0.657197 
49  0.289589  0.589507  0.680344  0.695896  0.605826  0.635362  0.371747  0.277951  0.213035  0.386134  0.597939  0.457386  0.146581  0.318158  0.396554  0.427929  0.650387  0.479279  0.399400  0.094189  0.811440  0.701503  0.467430  0.607686  0.667210  0.655908  0.763196  0.544494  0.606820  0.847823  0.849028  0.415868  0.520799  0.772552  0.588842  0.327181  0.299559  0.711660  0.472581  0.582568  0.283051  0.566029  0.413477  0.626805  0.538882  0.710049  0.423769  0.583383  0.746140 0.0  0.612952  0.385342  0.410133  0.377937  0.547549  0.417657  0.565203  0.467678  0.631645  0.327315  0.669622 
50  0.608712  0.504453  0.433709  0.629076  0.652118  0.571028  0.684457  0.608158  0.569374  0.716700  0.397398  0.697606  0.646194  0.754287  0.643369  0.645309  0.684124  0.637068  0.652693  0.657393  0.696735  0.582159  0.486818  0.731379  0.441764  0.512368  0.826140  0.553426  0.608332  0.680232  0.627010  0.641574  0.639060  0.606420  0.602258  0.539175  0.635693  0.684016  0.502272  0.361972  0.647078  0.711742  0.626510  0.657441  0.607136  0.651308  0.577839  0.709593  0.673486  0.612952 0.0  0.774947  0.714938  0.551523  0.529059  0.601312  0.628577  0.643115  0.728226  0.758508  0.611744 
51  0.358272  0.471963  0.789893  0.698679  0.421772  0.736174  0.450419  0.353603  0.266973  0.672347  0.589820  0.531840  0.409841  0.409037  0.605492  0.465619  0.402652  0.527904  0.468328  0.269876  0.817235  0.658866  0.517778  0.411031  0.491082  0.612333  0.658476  0.445420  0.535545  0.829508  0.663105  0.486266  0.406095  0.602112  0.515584  0.325034  0.245848  0.627883  0.459119  0.536942  0.327254  0.501071  0.380510  0.666994  0.520598  0.639297  0.426450  0.511275  0.533477  0.385342  0.774947 0.0  0.577639  0.498931  0.518174  0.279298  0.431213  0.556960  0.661716  0.372272  0.739057 
52  0.493164  0.536450  0.789833  0.707104  0.627234  0.495533  0.637621  0.384019  0.655192  0.570479  0.564341  0.148932  0.351401  0.424091  0.519031  0.621460  0.545306  0.207202  0.582185  0.508818  0.847784  0.529549  0.740006  0.598344  0.620331  0.593461  0.760805  0.649482  0.656644  0.584795  0.668388  0.320014  0.514026  0.771599  0.601489  0.516602  0.511790  0.731938  0.641291  0.629497  0.450957  0.549547  0.592016  0.702873  0.655213  0.593290  0.631955  0.607085  0.630460  0.410133  0.714938  0.577639 0.0  0.561428  0.484924  0.432510  0.534476  0.538139  0.672109  0.553509  0.661307 
53  0.491711  0.829216  0.533123  0.666040  0.628741  0.651154  0.541724  0.615663  0.653889  0.597263  0.428398  0.685311  0.609105  0.561073  0.696579  0.800489  0.709418  0.698354  0.623136  0.495157  0.688597  0.735436  0.325293  0.585218  0.464176  0.466191  0.699854  0.626964  0.581330  0.765020  0.651005  0.748328  0.650804  0.627513  0.665944  0.611503  0.487948  0.638716  0.207207  0.498263  0.546024  0.548237  0.580695  0.724258  0.706281  0.807692  0.505088  0.692976  0.635611  0.377937  0.551523  0.498931  0.561428 0.0  0.694213  0.674120  0.593733  0.677420  0.673573  0.563893  0.491403 
54  0.610272  0.396435  0.395776  0.687065  0.535587  0.543629  0.740620  0.573944  0.683829  0.634398  0.529489  0.505570  0.606760  0.548079  0.796832  0.463147  0.461454  0.487771  0.822400  0.511773  0.493570  0.576142  0.701171  0.506066  0.628765  0.574841  0.441275  0.574703  0.532971  0.491770  0.472447  0.596611  0.440520  0.535129  0.602225  0.633700  0.693406  0.524069  0.556203  0.474335  0.623641  0.620030  0.641839  0.440034  0.644572  0.525186  0.607116  0.546399  0.558520  0.547549  0.529059  0.518174  0.484924  0.694213 0.0  0.527670  0.463278  0.371652  0.569607  0.571263  0.580675 
55  0.342065  0.559834  0.670236  0.699465  0.305106  0.568682  0.702859  0.290706  0.393957  0.671933  0.550584  0.422328  0.309097  0.376946  0.605673  0.520614  0.246458  0.521432  0.553886  0.438547  0.757161  0.707554  0.646062  0.603870  0.452566  0.290615  0.621035  0.381721  0.597375  0.584074  0.578511  0.514385  0.382237  0.661408  0.403930  0.213434  0.406544  0.726801  0.590545  0.498163  0.478597  0.542195  0.247055  0.627389  0.392287  0.732964  0.325143  0.520195  0.540072  0.417657  0.601312  0.279298  0.432510  0.674120  0.527670 0.0  0.259356  0.463467  0.668241  0.508491  0.651832 
56  0.495984  0.549620  0.594035  0.668779  0.308692  0.564423  0.710385  0.534520  0.597792  0.699104  0.636928  0.690233  0.509804  0.610168  0.702470  0.419483  0.310785  0.627404  0.671288  0.572708  0.548593  0.610474  0.708270  0.416085  0.509397  0.456040  0.479594  0.504074  0.583724  0.558322  0.553740  0.643543  0.399751  0.644161  0.166261  0.492139  0.491371  0.632074  0.624413  0.490759  0.678990  0.598621  0.592262  0.471523  0.527425  0.528953  0.374638  0.462477  0.627211  0.565203  0.628577  0.431213  0.534476  0.593733  0.463278  0.259356 0.0  0.533482  0.634189  0.618172  0.607036 
57  0.471779  0.539602  0.547075  0.613324  0.356893  0.525531  0.776564  0.558738  0.412208  0.516374  0.676985  0.531710  0.638196  0.689150  0.699139  0.453066  0.389559  0.533749  0.748856  0.449172  0.702353  0.508080  0.784403  0.484145  0.623006  0.618604  0.647176  0.433648  0.515606  0.636112  0.596980  0.523072  0.448046  0.875095  0.419088  0.557349  0.532559  0.564645  0.615327  0.443477  0.548655  0.661907  0.433715  0.542974  0.485512  0.574471  0.477362  0.284545  0.605348  0.467678  0.643115  0.556960  0.538139  0.677420  0.371652  0.463467  0.533482 0.0  0.599351  0.599644  0.562168 
58  0.674845  0.663161  0.651564  0.542063  0.612300  0.604805  0.720985  0.572991  0.589908  0.647789  0.612799  0.699538  0.653787  0.741867  0.565435  0.605823  0.718429  0.639518  0.600057  0.674019  0.700045  0.650958  0.638033  0.708217  0.695679  0.829663  0.488128  0.739637  0.614137  0.587350  0.571430  0.712879  0.676645  0.706426  0.666800  0.720217  0.759410  0.728005  0.657154  0.761069  0.684011  0.540640  0.719883  0.578429  0.673857  0.520450  0.631066  0.814736  0.637468  0.631645  0.728226  0.661716  0.672109  0.673573  0.569607  0.668241  0.634189  0.599351 0.0  0.766614  0.665995 
59  0.341296  0.718073  0.762544  0.670147  0.438351  0.743935  0.390492  0.393813  0.181058  0.601816  0.666528  0.534640  0.381350  0.336030  0.274714  0.593212  0.486140  0.522972  0.192878  0.265300  0.778220  0.646351  0.533794  0.616900  0.656576  0.606312  0.706549  0.452013  0.618905  0.787529  0.732538  0.532331  0.478497  0.706041  0.515798  0.413933  0.209208  0.878028  0.487974  0.683609  0.282245  0.554673  0.534124  0.657387  0.566471  0.595537  0.514368  0.748029  0.755348  0.327315  0.758508  0.372272  0.553509  0.563893  0.571263  0.508491  0.618172  0.599644  0.766614 0.0  0.719365 
60  0.726210  0.474778  0.566090  0.690444  0.664667  0.553367  0.779840  0.688085  0.532925  0.493433  0.520958  0.735484  0.751499  0.644029  0.566982  0.602377  0.572921  0.708582  0.737542  0.497827  0.503041  0.587191  0.468547  0.593557  0.650801  0.563424  0.668444  0.642889  0.577090  0.788807  0.518109  0.730799  0.764622  0.676400  0.655640  0.721028  0.670137  0.649967  0.447905  0.432013  0.678032  0.478444  0.694071  0.643888  0.700802  0.558644  0.645066  0.565533  0.657197  0.669622  0.611744  0.739057  0.661307  0.491403  0.580675  0.651832  0.607036  0.562168  0.665995  0.719365 0.0 
