197
0 0.0  0.484189  0.428373  0.530018  0.125824  0.426300  0.228885  0.345600  0.389056  0.510764  0.313913  0.113633  0.441917  0.357365  0.460316  0.485075  0.173433  0.466851  0.025557  0.520296  0.562880  0.380944  0.289969  0.455240  0.341308  0.564425  0.403434  0.318289  0.056802  0.535566  0.479338  0.428120  0.283563  0.343499  0.145858  0.700975  0.343000  0.354436  0.178029  0.387772  0.422833  0.211546  0.268746  0.148553  0.547674  0.000000  0.142239  0.428036  0.362759  0.255260  0.185424  0.400597  0.160114  0.291430  0.181816  0.684585  0.496388  0.716274  0.300867  0.206738  0.354905  0.482580  0.271331  0.386507  0.489206  0.418824  0.279878  0.236653  0.030988  0.495009  0.507668  0.698013  0.205691  0.117380  0.680250  0.386834  0.436449  0.330089  0.476236  0.519508  0.559009  0.445499  0.288614  0.727239  0.478364  0.285662  0.223005  0.367435  0.372682  0.430124  0.353799  0.422301  0.372845  0.646603  0.394593  0.090162  0.465168  0.757197  0.427850  0.370943  0.718077  0.394558  0.323304  0.000000  0.402783  0.501130  0.087124  0.260604  0.233661  0.369374  0.120752  0.310005  0.326112  0.222426  0.550601  0.223504  0.484886  0.322666  0.444153  0.318251  0.288965  0.347944  0.439202  0.109139  0.436683  0.382957  0.370903  0.448051  0.475938  0.356369  0.308284  0.210158  0.350098  0.236129  0.339738  0.281900  0.405058  0.687439  0.437485  0.376182  0.275936  0.169609  0.301501  0.463990  0.097111  0.548421  0.840273  0.831995  0.352888  0.477394  0.334594  0.510515  0.325583  0.487081  0.368746  0.235873  0.507046  0.492675  0.378283  0.305953  0.494527  0.442152  0.447782  0.420804  0.477274  0.320072  0.192937  0.069587  0.269101  0.579741  0.585202  0.262135  0.505998  0.439152  0.677591  0.377049  0.654022  0.226527  0.440545  0.658665  0.110778  0.277671  0.532780  0.032893  0.349743  0.479560  0.366397  0.314684  0.083351  0.419734  0.220318  0.464583  0.328788  0.517075  0.382861  0.473799  0.367355 
1  0.484189 0.0  0.356967  0.262762  0.278032  0.416069  0.247858  0.338415  0.185563  0.702037  0.391530  0.360105  0.252687  0.306994  0.565293  0.159027  0.181918  0.237977  0.324128  0.284985  0.489236  0.352458  0.295793  0.514801  0.285985  0.402550  0.246609  0.135757  0.333207  0.506491  0.214163  0.168115  0.419367  0.217023  0.471735  0.468566  0.287024  0.279653  0.505867  0.323817  0.368286  0.306421  0.278153  0.261972  0.604601  0.318654  0.365710  0.326359  0.252619  0.243585  0.467246  0.279419  0.555549  0.373296  0.413291  0.680218  0.678251  0.741840  0.388702  0.343983  0.605255  0.273187  0.206575  0.104720  0.246404  0.110156  0.336439  0.174292  0.192862  0.724012  0.051252  0.671812  0.499103  0.410200  0.784030  0.265348  0.245335  0.319615  0.242432  0.125315  0.337135  0.222105  0.331259  0.706889  0.659736  0.330904  0.227517  0.384267  0.337271  0.108480  0.000000  0.117931  0.156076  0.264151  0.180939  0.391768  0.212730  0.401133  0.237554  0.277418  0.422566  0.358732  0.367617  0.283965  0.349363  0.300605  0.395461  0.347939  0.311738  0.772857  0.314819  0.297041  0.284249  0.238226  0.505694  0.286243  0.140109  0.439156  0.555612  0.000000  0.212255  0.213577  0.272619  0.373097  0.212833  0.385760  0.195924  0.794141  0.549422  0.321374  0.043238  0.158335  0.283289  0.496111  0.144048  0.634774  0.143916  0.745828  0.146710  0.230109  0.351614  0.462683  0.094698  0.109235  0.243511  0.678128  0.575083  0.616568  0.431588  0.169426  0.289590  0.132728  0.587949  0.233995  0.080162  0.351635  0.414310  0.242333  0.210969  0.343771  0.238168  0.226463  0.174742  0.159617  0.247905  0.179704  0.211665  0.250716  0.308197  0.622144  0.487282  0.403718  0.403999  0.162219  0.533185  0.231780  0.461964  0.332546  0.725931  0.421557  0.490278  0.275606  0.205245  0.422075  0.396358  0.136229  0.333383  0.405856  0.382966  0.459212  0.270104  0.176704  0.490013  0.304881  0.400103  0.631740  0.186474 
2  0.428373  0.356967 0.0  0.339830  0.499215  0.418931  0.156561  0.033998  0.056166  0.653800  0.204385  0.354890  0.365512  0.302267  0.553879  0.280344  0.470574  0.310989  0.252677  0.386508  0.439815  0.024833  0.270873  0.200841  0.079835  0.516333  0.235855  0.265220  0.251538  0.195411  0.344995  0.291499  0.180201  0.285300  0.258994  0.577015  0.292825  0.196898  0.305269  0.172294  0.415437  0.042979  0.135680  0.545184  0.385429  0.358021  0.435325  0.456935  0.127158  0.245346  0.330533  0.065522  0.426551  0.231612  0.309575  0.582091  0.828473  0.540201  0.047773  0.196412  0.697784  0.397939  0.278960  0.283220  0.279349  0.325895  0.032646  0.154898  0.430961  0.676809  0.379291  0.439472  0.308252  0.375986  0.641538  0.331238  0.275949  0.148291  0.328908  0.364711  0.473908  0.337923  0.058191  0.570945  0.353902  0.241462  0.252790  0.100593  0.211579  0.293509  0.445291  0.399789  0.346264  0.464380  0.287887  0.401095  0.349689  0.667394  0.237141  0.388470  0.681346  0.118764  0.196819  0.396463  0.135732  0.096291  0.441463  0.142528  0.407691  0.820059  0.479572  0.159076  0.209908  0.240510  0.365737  0.093426  0.413639  0.191033  0.416603  0.393284  0.291791  0.015220  0.070829  0.310860  0.255416  0.063547  0.248719  0.800343  0.406660  0.101860  0.366664  0.239650  0.146612  0.305190  0.421616  0.533898  0.202007  0.550446  0.378979  0.307544  0.084354  0.234491  0.499954  0.303504  0.280257  0.832500  0.649653  0.735461  0.432149  0.345593  0.074999  0.419978  0.590410  0.381504  0.354554  0.318071  0.523079  0.407318  0.343769  0.182855  0.606968  0.374916  0.294571  0.257846  0.587794  0.221169  0.236859  0.440359  0.217405  0.412658  0.231294  0.177840  0.401548  0.252664  0.554587  0.316379  0.410552  0.190053  0.705174  0.499926  0.429654  0.220462  0.302512  0.348308  0.156880  0.255162  0.077258  0.096067  0.328093  0.393812  0.375613  0.360458  0.462049  0.357346  0.071479  0.664409  0.268130 
3  0.530018  0.262762  0.339830 0.0  0.199437  0.386145  0.255381  0.231975  0.376514  0.827187  0.395063  0.254945  0.154980  0.222811  0.357082  0.107393  0.323696  0.222440  0.287066  0.160035  0.391791  0.475504  0.293633  0.484045  0.425466  0.445985  0.215619  0.173253  0.267688  0.529899  0.178334  0.111141  0.346517  0.247095  0.426498  0.468042  0.268483  0.253626  0.468040  0.375812  0.446285  0.358529  0.410205  0.280510  0.531406  0.372065  0.433687  0.331727  0.314141  0.348843  0.419541  0.371420  0.458672  0.349773  0.458841  0.678527  0.678420  0.686545  0.315455  0.268457  0.647444  0.257796  0.330257  0.185349  0.184671  0.201574  0.284943  0.303306  0.288604  0.650135  0.126721  0.731597  0.519649  0.319394  0.810507  0.212903  0.204942  0.279379  0.110129  0.234226  0.398903  0.096615  0.336578  0.752537  0.534187  0.323724  0.280352  0.315647  0.304813  0.000000  0.000000  0.160289  0.147389  0.337449  0.135003  0.238365  0.218359  0.388621  0.175820  0.345216  0.431853  0.374096  0.434232  0.292091  0.370282  0.325776  0.406986  0.300462  0.390228  0.692313  0.208960  0.354280  0.293066  0.225374  0.542966  0.290634  0.153651  0.401622  0.431447  0.010259  0.262950  0.276560  0.293505  0.334301  0.244484  0.353049  0.149495  0.750157  0.582733  0.411928  0.167877  0.335420  0.312865  0.533920  0.082193  0.606736  0.117085  0.668840  0.275919  0.268085  0.345604  0.496460  0.000000  0.261363  0.343934  0.630485  0.622942  0.551531  0.474475  0.239818  0.325010  0.242374  0.631084  0.177830  0.158650  0.243463  0.353613  0.192606  0.188685  0.308092  0.323407  0.267675  0.308146  0.212497  0.268511  0.201725  0.248777  0.240537  0.285936  0.605747  0.499558  0.266778  0.450337  0.122978  0.411656  0.181333  0.431168  0.162000  0.773946  0.334699  0.446055  0.365366  0.256796  0.374950  0.378866  0.075226  0.288356  0.245662  0.388186  0.428014  0.257856  0.169094  0.523280  0.229575  0.316990  0.625857  0.164675 
4  0.125824  0.278032  0.499215  0.199437 0.0  0.525853  0.208601  0.338666  0.377570  0.489543  0.478213  0.126045  0.385162  0.208382  0.391118  0.317228  0.254834  0.350607  0.018282  0.328928  0.653844  0.284356  0.295870  0.366830  0.408194  0.504789  0.421937  0.281922  0.115012  0.544190  0.249737  0.260704  0.476248  0.271457  0.131707  0.700158  0.396908  0.434909  0.103906  0.411421  0.395022  0.354307  0.385428  0.159679  0.618680  0.159262  0.078687  0.578936  0.347630  0.446476  0.121479  0.281974  0.065554  0.485757  0.015079  0.872785  0.598798  0.735686  0.365222  0.188876  0.294194  0.349496  0.162144  0.369286  0.391297  0.333098  0.243259  0.227398  0.173784  0.415702  0.355876  0.723615  0.047060  0.069275  0.774925  0.203191  0.339976  0.447082  0.265520  0.364192  0.457213  0.319346  0.224288  0.743947  0.463735  0.260682  0.292722  0.304529  0.469683  0.321055  0.281209  0.283449  0.285482  0.496874  0.260332  0.118664  0.335354  0.622826  0.374372  0.239225  0.744710  0.306323  0.397272  0.137078  0.381169  0.279325  0.002268  0.329333  0.032400  0.521491  0.158829  0.441330  0.488587  0.199907  0.642022  0.294462  0.338170  0.373859  0.482146  0.315708  0.220470  0.369155  0.295799  0.234462  0.305253  0.579804  0.337496  0.537170  0.427545  0.346365  0.238961  0.177797  0.506390  0.155291  0.372642  0.374720  0.307642  0.802789  0.325004  0.376407  0.321409  0.097481  0.351916  0.302443  0.044329  0.549088  0.819393  0.557474  0.428927  0.293170  0.405975  0.348850  0.293985  0.392353  0.346387  0.315813  0.522162  0.254332  0.335373  0.408652  0.549998  0.339834  0.308141  0.271383  0.442453  0.263410  0.147356  0.106461  0.405600  0.624858  0.541558  0.425771  0.437596  0.263743  0.500088  0.259425  0.469401  0.210168  0.576785  0.408656  0.174708  0.377294  0.260764  0.064803  0.329025  0.284667  0.327598  0.233968  0.186882  0.456447  0.289084  0.278934  0.453623  0.340627  0.414937  0.434415  0.357850 
5  0.426300  0.416069  0.418931  0.386145  0.525853 0.0  0.501289  0.407112  0.443254  0.551444  0.496178  0.493656  0.438571  0.434043  0.331453  0.459839  0.509829  0.533945  0.375754  0.416153  0.380729  0.448017  0.464910  0.431069  0.426729  0.487482  0.421275  0.441909  0.396782  0.459911  0.473187  0.447382  0.436235  0.431573  0.464096  0.389360  0.447084  0.491067  0.386828  0.366439  0.385978  0.395660  0.497405  0.487550  0.469823  0.475431  0.451272  0.463649  0.418996  0.495914  0.508349  0.491190  0.410075  0.516143  0.395843  0.425634  0.335757  0.399404  0.409571  0.492254  0.393203  0.403491  0.404726  0.441330  0.502400  0.353932  0.551947  0.569367  0.415466  0.379613  0.451867  0.533017  0.451518  0.439853  0.350772  0.487400  0.456906  0.369146  0.474450  0.483360  0.486431  0.382973  0.412505  0.391494  0.350311  0.436851  0.462450  0.455807  0.421408  0.444329  0.433441  0.497952  0.488273  0.417608  0.466007  0.360343  0.410707  0.424224  0.495327  0.397600  0.508365  0.391569  0.408157  0.441641  0.399359  0.402851  0.466883  0.520403  0.456457  0.403810  0.280178  0.460666  0.434492  0.468705  0.430919  0.438392  0.362143  0.452164  0.383153  0.515363  0.430209  0.431101  0.364335  0.354207  0.458186  0.318082  0.456389  0.354041  0.392221  0.460249  0.395564  0.378949  0.497524  0.489519  0.450875  0.548231  0.451997  0.310216  0.441575  0.478383  0.425517  0.473748  0.397290  0.371041  0.409263  0.486178  0.445595  0.490125  0.440623  0.506059  0.436745  0.406066  0.555348  0.496504  0.499847  0.423461  0.562891  0.437073  0.498197  0.455014  0.397495  0.408334  0.366071  0.469278  0.381030  0.432390  0.428311  0.524147  0.408155  0.379323  0.531124  0.384395  0.524047  0.443662  0.451888  0.420756  0.520111  0.428827  0.401869  0.460334  0.515886  0.526539  0.344678  0.466142  0.504134  0.360648  0.431369  0.435480  0.368406  0.409635  0.529103  0.478484  0.505578  0.478705  0.415643  0.322423  0.415253 
6  0.228885  0.247858  0.156561  0.255381  0.208601  0.501289 0.0  0.215865  0.268532  0.648898  0.235780  0.255373  0.262588  0.216742  0.547512  0.313393  0.338135  0.293674  0.332407  0.257792  0.414612  0.310105  0.312134  0.542159  0.257660  0.463206  0.187268  0.289845  0.271372  0.430066  0.358574  0.265189  0.276301  0.337234  0.293181  0.624015  0.202225  0.230415  0.230529  0.221221  0.493890  0.235012  0.201348  0.329855  0.565813  0.282340  0.225013  0.425964  0.247890  0.220556  0.224401  0.282046  0.277039  0.289679  0.227358  0.650874  0.654701  0.576030  0.182740  0.291391  0.431179  0.159822  0.314114  0.358414  0.283695  0.193265  0.244915  0.218516  0.217317  0.605944  0.255514  0.566271  0.152067  0.332897  0.519599  0.303446  0.279115  0.151966  0.269798  0.285631  0.356703  0.280696  0.249905  0.724311  0.458447  0.282894  0.254933  0.267550  0.359682  0.174505  0.186537  0.236870  0.336103  0.514121  0.193665  0.285807  0.261090  0.590606  0.288707  0.310276  0.798829  0.315239  0.285361  0.299721  0.250046  0.280131  0.161937  0.254538  0.290709  0.607164  0.172948  0.259363  0.216646  0.227483  0.386095  0.401468  0.285384  0.263593  0.499743  0.158108  0.272806  0.228398  0.226724  0.338468  0.167154  0.322615  0.280238  0.702658  0.423878  0.309127  0.296788  0.235626  0.148372  0.315115  0.237836  0.549240  0.235216  0.637313  0.231916  0.260864  0.255812  0.254945  0.208881  0.320408  0.350221  0.682649  0.589483  0.683139  0.438508  0.131082  0.323520  0.301531  0.409976  0.260151  0.229963  0.343285  0.409749  0.105449  0.169893  0.262231  0.503147  0.251504  0.361948  0.356693  0.456372  0.356966  0.264291  0.266330  0.233736  0.475727  0.372648  0.279100  0.461671  0.262671  0.386960  0.284605  0.444913  0.325271  0.653616  0.502350  0.210684  0.350089  0.239600  0.208679  0.252767  0.200685  0.262946  0.217963  0.271782  0.454419  0.272367  0.209361  0.547429  0.306231  0.254453  0.514958  0.197635 
7  0.345600  0.338415  0.033998  0.231975  0.338666  0.407112  0.215865 0.0  0.170164  0.664480  0.062296  0.454490  0.339162  0.302091  0.360387  0.360694  0.325252  0.394585  0.492029  0.365246  0.325593  0.061861  0.324721  0.367847  0.141521  0.476932  0.276697  0.276087  0.277606  0.355097  0.257832  0.354640  0.000000  0.298068  0.267721  0.912601  0.082484  0.017578  0.300084  0.123944  0.410775  0.244739  0.000000  0.212140  0.327370  0.272066  0.370622  0.631068  0.140944  0.034322  0.424354  0.143342  0.252291  0.059182  0.373415  0.473817  0.624824  0.475920  0.007794  0.275449  0.482101  0.376935  0.235275  0.251956  0.410488  0.341857  0.224462  0.337026  0.209782  0.709045  0.320666  0.639693  0.334420  0.260052  0.436608  0.408104  0.442884  0.000000  0.247266  0.343258  0.525439  0.226569  0.048582  0.429771  0.274477  0.489004  0.176821  0.090015  0.093583  0.454028  0.419975  0.376058  0.381605  0.525214  0.308868  0.337962  0.392342  0.807205  0.420976  0.525442  0.767574  0.140246  0.081422  0.232533  0.164912  0.090610  0.430814  0.056874  0.448744  0.715547  0.323522  0.012110  0.000000  0.320254  0.327982  0.046186  0.303296  0.089761  0.455045  0.449071  0.200270  0.178828  0.078009  0.322632  0.313913  0.000000  0.391317  0.686277  0.444348  0.160063  0.405142  0.333815  0.112963  0.360289  0.405141  0.597773  0.405624  0.374740  0.392350  0.310301  0.141615  0.401899  0.429052  0.235803  0.293499  0.698619  0.709796  0.701139  0.446264  0.355390  0.142771  0.333669  0.627208  0.340243  0.303648  0.220624  0.430220  0.338056  0.369261  0.106120  0.630567  0.365620  0.248021  0.311904  0.620384  0.245928  0.224512  0.238457  0.050939  0.301676  0.280100  0.089683  0.409418  0.244083  0.465098  0.367691  0.536852  0.166043  0.759622  0.360016  0.339943  0.045303  0.302240  0.405819  0.107945  0.320087  0.202449  0.039973  0.377843  0.472023  0.224379  0.232350  0.510279  0.436201  0.019008  0.932544  0.286211 
8  0.389056  0.185563  0.056166  0.376514  0.377570  0.443254  0.268532  0.170164 0.0  0.837541  0.097018  0.339970  0.310873  0.194575  0.441888  0.282717  0.339136  0.335047  0.380716  0.447802  0.274642  0.134256  0.196623  0.386433  0.068667  0.523437  0.341196  0.146857  0.264954  0.386674  0.372501  0.275555  0.082579  0.253678  0.291905  0.867330  0.060181  0.078867  0.315384  0.175954  0.478792  0.172618  0.066422  0.245514  0.296136  0.305702  0.443181  0.681152  0.247958  0.064344  0.254870  0.082289  0.238306  0.160115  0.291259  0.454982  0.795092  0.458848  0.130185  0.261077  0.573917  0.254804  0.250104  0.242934  0.350246  0.254188  0.102840  0.321239  0.242691  0.757778  0.396149  0.568545  0.325547  0.259448  0.397218  0.346778  0.353766  0.073905  0.326309  0.273308  0.539536  0.329543  0.151218  0.441031  0.252308  0.469999  0.267139  0.150447  0.062533  0.488433  0.567675  0.237866  0.321325  0.510543  0.353209  0.387783  0.389700  0.646876  0.215436  0.454234  0.869589  0.169360  0.156130  0.314162  0.260418  0.105664  0.361569  0.033280  0.333301  0.633665  0.266320  0.132237  0.026960  0.224767  0.231518  0.104123  0.337563  0.094742  0.489843  0.486702  0.279354  0.165573  0.010425  0.373637  0.300162  0.000000  0.379486  0.776401  0.441599  0.177727  0.543288  0.198594  0.045362  0.271772  0.365402  0.555053  0.272269  0.375140  0.380433  0.318431  0.167757  0.323335  0.256971  0.222619  0.272345  0.712139  0.675238  0.621755  0.465618  0.291302  0.195104  0.342277  0.540121  0.449110  0.351549  0.234116  0.590763  0.382311  0.349982  0.094673  0.674403  0.363675  0.454531  0.332925  0.613659  0.205038  0.210129  0.353524  0.139661  0.305474  0.415366  0.078688  0.492619  0.341955  0.481371  0.292395  0.495602  0.320045  0.763634  0.565620  0.347907  0.106612  0.382618  0.284687  0.191686  0.331449  0.129487  0.100324  0.418553  0.407090  0.318291  0.346927  0.406163  0.456131  0.000000  0.777415  0.251477 
9  0.510764  0.702037  0.653800  0.827187  0.489543  0.551444  0.648898  0.664480  0.837541 0.0  0.894245  0.467847  0.870788  0.616818  0.427084  0.797860  0.545426  0.693161  0.525699  0.775017  0.611887  0.672611  0.638183  0.603521  0.743271  0.591987  0.851705  0.735076  0.563022  0.667267  0.802569  0.698670  0.718354  0.611568  0.475964  0.735439  0.786964  0.846424  0.457040  0.704885  0.494409  0.720836  0.848663  0.533835  0.565515  0.450071  0.489812  0.604542  0.780940  0.770991  0.482704  0.701583  0.486328  0.740250  0.451402  0.272774  0.104723  0.412582  0.715839  0.631343  0.369182  0.792742  0.719402  0.805819  0.734840  0.771397  0.785757  0.627805  0.454875  0.130912  0.806539  0.699555  0.548761  0.417484  0.753951  0.820688  0.746902  0.739403  0.704230  0.793053  0.547045  0.806102  0.731796  0.731144  0.498630  0.747325  0.629949  0.699381  0.747608  0.666787  0.831231  0.892607  0.831652  0.602111  0.630835  0.508182  0.812535  0.387677  0.909131  0.788593  0.287815  0.806311  0.731345  0.479167  0.662798  0.821688  0.566121  0.770464  0.465667  0.154663  0.481685  0.766047  0.883367  0.610471  0.607474  0.802310  0.763534  0.789505  0.535807  0.755520  0.596232  0.791216  0.781164  0.507825  0.736010  0.740956  0.821811  0.037023  0.471230  0.718499  0.717929  0.604876  0.791554  0.420318  0.774074  0.321804  0.702834  0.681596  0.718527  0.786121  0.717443  0.512574  0.888662  0.895354  0.546393  0.092674  0.413202  0.798030  0.508485  0.825025  0.834692  0.821325  0.219741  0.767316  0.704076  0.673511  0.473291  0.849863  0.766317  0.803401  0.524890  0.811029  0.751979  0.632578  0.582188  0.623586  0.711761  0.489856  0.819667  0.568221  0.513603  0.746439  0.488795  0.790574  0.602207  0.819950  0.615187  0.640143  0.524071  0.475595  0.462013  0.808072  0.792370  0.483576  0.731381  0.807097  0.817239  0.774615  0.503408  0.480275  0.587760  0.766031  0.377837  0.695499  0.675153  0.129727  0.773794 
10  0.313913  0.391530  0.204385  0.395063  0.478213  0.496178  0.235780  0.062296  0.097018  0.894245 0.0  0.371034  0.316683  0.215600  0.548023  0.418284  0.393866  0.315224  0.304471  0.395222  0.245502  0.126267  0.284741  0.282950  0.108646  0.635602  0.236584  0.164213  0.357661  0.270619  0.345055  0.380236  0.097194  0.299286  0.324473  0.804278  0.133346  0.133809  0.516529  0.018103  0.433041  0.082265  0.212130  0.307431  0.398492  0.406034  0.481255  0.559443  0.194292  0.105841  0.400304  0.147836  0.373541  0.151987  0.431394  0.565054  0.880639  0.460633  0.143510  0.234725  0.531682  0.419559  0.234780  0.449868  0.285006  0.465486  0.129728  0.230333  0.261896  0.854730  0.356651  0.482239  0.347730  0.480080  0.499586  0.388483  0.413208  0.183861  0.349923  0.422831  0.575163  0.356238  0.039193  0.583017  0.409006  0.449854  0.182607  0.135257  0.122675  0.311516  0.332397  0.496588  0.361173  0.537558  0.453771  0.362160  0.354657  0.753771  0.323305  0.431204  0.693103  0.110680  0.049428  0.342825  0.143195  0.173173  0.280549  0.149847  0.321294  0.839990  0.380759  0.125349  0.103787  0.165134  0.283587  0.157951  0.369212  0.000000  0.462824  0.446968  0.274334  0.090591  0.114373  0.527098  0.374001  0.111379  0.319090  0.846396  0.413387  0.125401  0.459609  0.322624  0.084214  0.349431  0.379753  0.465804  0.347164  0.642404  0.385076  0.407341  0.070187  0.350821  0.458415  0.296860  0.385105  0.678582  0.681560  0.789644  0.502172  0.354421  0.119040  0.320596  0.467725  0.342309  0.444305  0.255708  0.563285  0.465541  0.405745  0.206331  0.632005  0.357709  0.346303  0.350571  0.540584  0.313431  0.294045  0.315267  0.092894  0.288329  0.289177  0.190761  0.507621  0.417125  0.635190  0.270657  0.560274  0.250084  0.765342  0.597577  0.320317  0.127621  0.406562  0.318867  0.191278  0.343206  0.000000  0.164272  0.383101  0.509781  0.400192  0.319341  0.269662  0.295344  0.065300  0.782609  0.377609 
11  0.113633  0.360105  0.354890  0.254945  0.126045  0.493656  0.255373  0.454490  0.339970  0.467847  0.371034 0.0  0.433297  0.227809  0.450944  0.441637  0.201973  0.318640  0.090898  0.373196  0.596852  0.319043  0.281515  0.578994  0.353706  0.565488  0.351038  0.300404  0.063175  0.587980  0.329509  0.286912  0.352991  0.293545  0.118931  0.755234  0.372429  0.488588  0.220709  0.337680  0.409706  0.403338  0.297870  0.144851  0.585426  0.127698  0.115492  0.556372  0.355122  0.366883  0.059109  0.437422  0.146045  0.412835  0.110114  0.825662  0.470697  0.770164  0.384008  0.301271  0.299484  0.361730  0.181522  0.389545  0.305195  0.377784  0.459579  0.319402  0.123846  0.566148  0.420891  0.655624  0.045491  0.140909  0.721174  0.426398  0.352401  0.407552  0.370962  0.338869  0.559596  0.326021  0.415807  0.833915  0.557678  0.331320  0.243646  0.429163  0.401139  0.328767  0.394546  0.424008  0.350566  0.607615  0.389918  0.123148  0.383667  0.747712  0.374089  0.451469  0.783455  0.417858  0.401418  0.065208  0.356300  0.346709  0.080625  0.353571  0.084572  0.523978  0.164323  0.282340  0.367260  0.355717  0.627183  0.291845  0.314232  0.383884  0.472283  0.368672  0.310346  0.377213  0.438656  0.138843  0.379860  0.271092  0.337592  0.608348  0.420337  0.382925  0.434226  0.243964  0.413533  0.170010  0.348587  0.251958  0.344322  0.764914  0.379261  0.402771  0.536076  0.171688  0.336831  0.331946  0.038345  0.510239  0.768216  0.712326  0.534673  0.432065  0.401994  0.348826  0.376835  0.303547  0.363399  0.196002  0.579244  0.391371  0.355120  0.312077  0.536566  0.276724  0.379769  0.390224  0.624817  0.225253  0.201809  0.224659  0.456191  0.495045  0.544688  0.412901  0.551843  0.503732  0.512462  0.417656  0.499856  0.274063  0.480189  0.521082  0.184395  0.393889  0.372034  0.117387  0.381093  0.292784  0.381283  0.380110  0.105380  0.480501  0.300611  0.391397  0.423882  0.347767  0.377316  0.474515  0.323575 
12  0.441917  0.252687  0.365512  0.154980  0.385162  0.438571  0.262588  0.339162  0.310873  0.870788  0.316683  0.433297 0.0  0.259826  0.393144  0.227859  0.294602  0.134861  0.299825  0.116197  0.449813  0.399684  0.255810  0.494254  0.320237  0.367200  0.294048  0.207941  0.331183  0.550231  0.078179  0.152855  0.294091  0.271478  0.469732  0.468280  0.366979  0.374491  0.471650  0.338686  0.418213  0.258295  0.380950  0.265232  0.651540  0.333320  0.354275  0.336264  0.323369  0.233840  0.339698  0.268047  0.369340  0.258815  0.490844  0.772306  0.646696  0.667551  0.327038  0.252211  0.540589  0.167904  0.295962  0.196743  0.199707  0.192839  0.337865  0.293236  0.237167  0.709622  0.166182  0.708058  0.381851  0.320563  0.836109  0.210106  0.240673  0.391611  0.130241  0.208604  0.427221  0.110958  0.316232  0.786856  0.476574  0.360110  0.366428  0.406070  0.358304  0.000000  0.026381  0.119349  0.244228  0.335209  0.157494  0.291878  0.262233  0.396121  0.210836  0.372439  0.430280  0.326363  0.326243  0.246622  0.358278  0.433859  0.352845  0.349527  0.314093  0.718437  0.207953  0.320133  0.259293  0.188416  0.547689  0.286721  0.212801  0.350286  0.421697  0.089768  0.250894  0.408416  0.289287  0.322821  0.195935  0.355464  0.266162  0.610984  0.475609  0.391513  0.000000  0.245016  0.316835  0.402932  0.098453  0.563946  0.030229  0.606912  0.302679  0.219966  0.295854  0.406595  0.094308  0.135447  0.372082  0.691363  0.634109  0.563982  0.412861  0.180999  0.310072  0.203379  0.595777  0.130641  0.136969  0.239790  0.428661  0.184705  0.204125  0.362130  0.229772  0.143434  0.246852  0.178040  0.322219  0.285258  0.318827  0.248590  0.235793  0.519694  0.585350  0.356353  0.394042  0.143061  0.451569  0.108140  0.396637  0.264916  0.732006  0.348195  0.412434  0.245162  0.289134  0.329309  0.367714  0.297293  0.309257  0.339115  0.419950  0.534667  0.251649  0.138173  0.391784  0.200077  0.379686  0.620869  0.124901 
13  0.357365  0.306994  0.302267  0.222811  0.208382  0.434043  0.216742  0.302091  0.194575  0.616818  0.215600  0.227809  0.259826 0.0  0.477863  0.235066  0.271983  0.351933  0.222101  0.201492  0.354445  0.250629  0.283189  0.454961  0.207698  0.497878  0.255910  0.191357  0.256953  0.487653  0.204330  0.277523  0.137305  0.266858  0.174657  0.723781  0.247508  0.154097  0.203249  0.265573  0.422984  0.311857  0.318693  0.253189  0.435835  0.263400  0.241854  0.385166  0.277715  0.227947  0.304803  0.314083  0.161299  0.268256  0.245463  0.670594  0.680327  0.542443  0.312058  0.280363  0.455583  0.279621  0.257010  0.268923  0.217061  0.207424  0.284865  0.262160  0.229886  0.614277  0.244475  0.746617  0.199073  0.316554  0.614464  0.165996  0.295769  0.286519  0.242283  0.268403  0.531836  0.379545  0.252369  0.646503  0.499056  0.175155  0.291534  0.239893  0.307122  0.291110  0.290334  0.240634  0.308529  0.380571  0.201511  0.292684  0.191351  0.709383  0.241131  0.281315  0.690034  0.230724  0.272237  0.235087  0.290433  0.159850  0.224931  0.347119  0.187806  0.615790  0.194285  0.357547  0.140549  0.218875  0.488163  0.206240  0.235772  0.249518  0.418709  0.115329  0.250906  0.230479  0.254704  0.183584  0.208766  0.281383  0.219731  0.578838  0.401745  0.328961  0.345979  0.140072  0.116921  0.292482  0.295706  0.532779  0.172591  0.628172  0.264206  0.241525  0.207180  0.237842  0.338909  0.257591  0.163647  0.701022  0.600585  0.622030  0.386656  0.207787  0.137850  0.285433  0.400172  0.363874  0.328527  0.303313  0.348969  0.280928  0.267366  0.312229  0.302320  0.303247  0.273163  0.251818  0.396140  0.345243  0.278860  0.233006  0.231068  0.432182  0.464045  0.280809  0.463193  0.312454  0.459040  0.187285  0.488417  0.310634  0.598576  0.398457  0.246646  0.247804  0.263758  0.290494  0.231733  0.280469  0.251769  0.297769  0.298395  0.457937  0.123936  0.259653  0.487804  0.212969  0.244425  0.610022  0.302680 
14  0.460316  0.565293  0.553879  0.357082  0.391118  0.331453  0.547512  0.360387  0.441888  0.427084  0.548023  0.450944  0.393144  0.477863 0.0  0.380766  0.579019  0.438558  0.399962  0.370820  0.489937  0.485851  0.521339  0.339068  0.349141  0.502572  0.375345  0.372504  0.548906  0.479880  0.401886  0.564173  0.564916  0.438097  0.469882  0.372128  0.415587  0.454109  0.382934  0.469440  0.436885  0.441788  0.428555  0.507486  0.347335  0.509559  0.408255  0.395179  0.346120  0.499463  0.512141  0.430266  0.358098  0.458124  0.486330  0.462894  0.496656  0.401184  0.506464  0.504577  0.365872  0.350364  0.435334  0.466217  0.495792  0.483759  0.490553  0.456553  0.466301  0.432655  0.511232  0.430017  0.390836  0.308555  0.453380  0.434125  0.428934  0.422420  0.412094  0.444739  0.383053  0.468704  0.446554  0.425991  0.408165  0.412648  0.351928  0.376066  0.358662  0.465344  0.450068  0.467909  0.444266  0.474113  0.404891  0.421686  0.425369  0.481797  0.362359  0.391441  0.469380  0.433866  0.393666  0.338103  0.399787  0.496948  0.466013  0.452834  0.419433  0.398956  0.457506  0.423333  0.514380  0.417969  0.386341  0.457194  0.370666  0.524831  0.442412  0.456548  0.425490  0.448597  0.500791  0.406275  0.479298  0.400353  0.417823  0.356933  0.327423  0.428366  0.476797  0.463606  0.390083  0.335403  0.582300  0.407482  0.390107  0.491639  0.439229  0.519009  0.480277  0.421798  0.427440  0.410239  0.546611  0.370520  0.487012  0.492765  0.488845  0.442938  0.504060  0.449142  0.464322  0.426202  0.412377  0.567805  0.455193  0.399529  0.460220  0.363348  0.392276  0.441204  0.422980  0.527574  0.391208  0.465937  0.443333  0.480909  0.484012  0.456464  0.432993  0.426279  0.481178  0.563630  0.463356  0.474743  0.471556  0.341708  0.470296  0.409563  0.467052  0.369533  0.465056  0.397031  0.492556  0.486989  0.462846  0.422581  0.457059  0.525775  0.450418  0.367567  0.535437  0.431486  0.484203  0.443392  0.490852 
15  0.485075  0.159027  0.280344  0.107393  0.317228  0.459839  0.313393  0.360694  0.282717  0.797860  0.418284  0.441637  0.227859  0.235066  0.380766 0.0  0.318210  0.179045  0.293038  0.207176  0.478011  0.352791  0.192079  0.477332  0.273553  0.458289  0.176739  0.221304  0.287023  0.503363  0.158331  0.180370  0.369431  0.412445  0.481073  0.508267  0.297080  0.316220  0.399148  0.410554  0.468646  0.220977  0.358472  0.248984  0.503992  0.348845  0.332028  0.243729  0.351573  0.393425  0.456497  0.365901  0.474130  0.242531  0.467358  0.715688  0.715583  0.684282  0.296146  0.301875  0.610558  0.207541  0.192337  0.203661  0.146823  0.145621  0.363744  0.266913  0.407447  0.769347  0.164290  0.762519  0.361541  0.425429  0.753220  0.148788  0.257218  0.289539  0.125974  0.236064  0.360636  0.205138  0.324735  0.758999  0.504493  0.301099  0.366730  0.369831  0.257848  0.065605  0.041743  0.170403  0.140781  0.355094  0.086279  0.241373  0.095900  0.587484  0.241806  0.292327  0.554067  0.323005  0.423335  0.267639  0.306524  0.397155  0.327523  0.213715  0.426470  0.784068  0.371245  0.254673  0.317367  0.188906  0.594543  0.406747  0.215003  0.420011  0.479707  0.088644  0.283724  0.290532  0.353646  0.310343  0.198680  0.267588  0.203909  0.562918  0.444741  0.445096  0.020189  0.351872  0.333073  0.467762  0.116660  0.537637  0.067955  0.760891  0.202694  0.187115  0.317809  0.574505  0.078926  0.099786  0.331600  0.647997  0.553166  0.558640  0.352937  0.197133  0.333252  0.176071  0.552451  0.255735  0.165856  0.292693  0.301138  0.203462  0.204573  0.290756  0.347510  0.210993  0.230314  0.291760  0.293384  0.219758  0.245600  0.265257  0.373265  0.588351  0.482762  0.360485  0.467762  0.133136  0.534683  0.139030  0.418756  0.274053  0.804501  0.312600  0.369813  0.312958  0.223631  0.344763  0.419260  0.194916  0.342579  0.356687  0.369770  0.470464  0.188328  0.155612  0.464161  0.146026  0.246579  0.711379  0.293453 
16  0.173433  0.181918  0.470574  0.323696  0.254834  0.509829  0.338135  0.325252  0.339136  0.545426  0.393866  0.201973  0.294602  0.271983  0.579019  0.318210 0.0  0.315086  0.071624  0.317570  0.620189  0.295652  0.236988  0.473627  0.423627  0.492182  0.347367  0.302259  0.032029  0.430819  0.212999  0.335013  0.522517  0.261207  0.056590  0.748068  0.487743  0.521900  0.071635  0.273375  0.333747  0.315074  0.398764  0.159780  0.575205  0.164936  0.225814  0.553645  0.346058  0.489996  0.089574  0.267597  0.126015  0.460779  0.000000  0.757969  0.530774  0.862261  0.326894  0.196226  0.330381  0.358478  0.241567  0.374185  0.278483  0.302294  0.289344  0.357548  0.284861  0.496211  0.342493  0.665526  0.019872  0.065469  0.759740  0.443362  0.272030  0.463761  0.371847  0.303371  0.583199  0.338610  0.350263  0.764459  0.633845  0.227574  0.265752  0.181881  0.425720  0.410844  0.268572  0.221862  0.259395  0.469980  0.279023  0.198822  0.246067  0.642706  0.293538  0.282815  0.633694  0.341890  0.407397  0.195816  0.337770  0.344065  0.148639  0.430304  0.134746  0.563293  0.262416  0.449743  0.458754  0.168357  0.625646  0.362751  0.282328  0.402119  0.499031  0.298948  0.251617  0.302863  0.419878  0.208024  0.253608  0.462364  0.325522  0.617489  0.411013  0.364456  0.290756  0.243124  0.497186  0.130268  0.393701  0.310079  0.277201  0.837292  0.356353  0.345362  0.347702  0.035632  0.428114  0.403856  0.056266  0.570544  0.646399  0.661831  0.430693  0.349684  0.285812  0.253402  0.404618  0.417635  0.368470  0.182187  0.491059  0.413768  0.373192  0.475428  0.478099  0.361704  0.302557  0.253678  0.511721  0.200315  0.233963  0.256375  0.476041  0.511819  0.439537  0.501018  0.500312  0.356125  0.450916  0.265451  0.479509  0.264824  0.473750  0.490961  0.030317  0.418193  0.342238  0.169786  0.423252  0.371633  0.326398  0.270048  0.064570  0.442789  0.261093  0.372479  0.548315  0.267108  0.298452  0.449525  0.333761 
17  0.466851  0.237977  0.310989  0.222440  0.350607  0.533945  0.293674  0.394585  0.335047  0.693161  0.315224  0.318640  0.134861  0.351933  0.438558  0.179045  0.315086 0.0  0.226596  0.274472  0.424168  0.368468  0.198666  0.423578  0.414709  0.405524  0.079816  0.270395  0.267964  0.420715  0.218554  0.152807  0.242210  0.302050  0.415530  0.410057  0.342692  0.250040  0.427120  0.313134  0.494142  0.306104  0.357843  0.373995  0.653275  0.322516  0.415742  0.269333  0.276802  0.383678  0.427875  0.375877  0.444722  0.364345  0.395157  0.780588  0.705125  0.739492  0.286251  0.342899  0.676103  0.128636  0.238248  0.136572  0.136465  0.131737  0.230374  0.258648  0.282960  0.654652  0.114338  0.688068  0.452823  0.309249  0.686826  0.167721  0.203721  0.396585  0.236214  0.279234  0.422710  0.217234  0.338393  0.799399  0.565152  0.168097  0.266968  0.389642  0.304201  0.039038  0.073001  0.089404  0.225080  0.399457  0.138841  0.301403  0.056194  0.491093  0.146738  0.287086  0.426191  0.330619  0.230862  0.296783  0.340444  0.366519  0.355821  0.328499  0.439300  0.699791  0.395763  0.305298  0.349947  0.253818  0.480842  0.342174  0.156708  0.432091  0.457899  0.000000  0.314156  0.312812  0.400049  0.345122  0.214110  0.218962  0.198863  0.698554  0.422487  0.303246  0.033556  0.213332  0.255426  0.351219  0.085725  0.592015  0.070409  0.753101  0.122844  0.139293  0.193036  0.424441  0.000000  0.236840  0.366353  0.700345  0.611845  0.618704  0.470088  0.183360  0.286117  0.251297  0.630966  0.165224  0.123358  0.330737  0.345294  0.115501  0.158120  0.346691  0.205775  0.266407  0.167122  0.191619  0.252511  0.299422  0.126805  0.368461  0.408668  0.543720  0.500339  0.279802  0.527665  0.211660  0.413549  0.219274  0.295390  0.261299  0.834480  0.426949  0.355543  0.410374  0.081422  0.370904  0.343953  0.151368  0.406403  0.395372  0.348589  0.506420  0.271877  0.230094  0.303513  0.078898  0.325621  0.743154  0.148958 
18  0.025557  0.324128  0.252677  0.287066  0.018282  0.375754  0.332407  0.492029  0.380716  0.525699  0.304471  0.090898  0.299825  0.222101  0.399962  0.293038  0.071624  0.226596 0.0  0.351072  0.543550  0.340945  0.271262  0.490742  0.276469  0.440796  0.267122  0.412315  0.075281  0.737254  0.365451  0.407681  0.238478  0.295017  0.112246  0.772165  0.400219  0.303605  0.089815  0.413022  0.447405  0.405303  0.307294  0.019444  0.576975  0.063820  0.144366  0.613028  0.379458  0.268766  0.121294  0.279377  0.134386  0.326132  0.046963  0.695892  0.537408  0.685990  0.292685  0.200049  0.302444  0.273932  0.321609  0.332438  0.266214  0.247011  0.407451  0.324308  0.014187  0.411532  0.229246  0.833263  0.061545  0.093060  0.644575  0.328371  0.382899  0.315652  0.331570  0.267968  0.554717  0.317952  0.313703  0.804002  0.494752  0.439731  0.283674  0.427296  0.215417  0.405985  0.400314  0.436821  0.367494  0.580358  0.253078  0.000000  0.366424  0.840303  0.297870  0.497055  0.891360  0.290697  0.395433  0.061610  0.358748  0.439921  0.199060  0.358310  0.140447  0.443733  0.125595  0.289352  0.317547  0.187982  0.552255  0.390552  0.269485  0.377067  0.438840  0.475168  0.161094  0.411876  0.345313  0.126272  0.370475  0.144231  0.397100  0.461987  0.448317  0.483506  0.438441  0.331949  0.352368  0.075517  0.467431  0.406885  0.336571  0.731113  0.376631  0.383278  0.410967  0.000000  0.306250  0.316912  0.211048  0.500495  0.631560  0.647192  0.539997  0.292500  0.512971  0.300024  0.278523  0.300838  0.387276  0.268888  0.466649  0.276043  0.319917  0.357927  0.673913  0.317140  0.388427  0.358889  0.641205  0.233426  0.293272  0.137309  0.321761  0.548013  0.691088  0.335324  0.551829  0.386764  0.530323  0.283729  0.501024  0.261944  0.448425  0.424086  0.146704  0.354272  0.260070  0.127224  0.405935  0.299683  0.424815  0.357340  0.025242  0.426345  0.271231  0.351398  0.416230  0.304832  0.331218  0.619244  0.332508 
19  0.520296  0.284985  0.386508  0.160035  0.328928  0.416153  0.257792  0.365246  0.447802  0.775017  0.395222  0.373196  0.116197  0.201492  0.370820  0.207176  0.317570  0.274472  0.351072 0.0  0.545658  0.423007  0.267614  0.486767  0.468085  0.291448  0.178425  0.225329  0.394160  0.446799  0.250082  0.167226  0.334183  0.369318  0.403930  0.484737  0.310608  0.266223  0.489635  0.490843  0.504307  0.242503  0.321809  0.270862  0.545179  0.382236  0.406330  0.247725  0.456822  0.308353  0.397688  0.370318  0.422946  0.421049  0.545509  0.634989  0.648175  0.717983  0.299937  0.255246  0.540252  0.247914  0.169414  0.092678  0.176795  0.176544  0.344639  0.226683  0.371413  0.768918  0.292126  0.673407  0.425183  0.276360  0.790309  0.165618  0.226834  0.406325  0.111403  0.232060  0.389528  0.190771  0.306190  0.746197  0.526723  0.335564  0.233469  0.286731  0.410525  0.116293  0.030269  0.058377  0.201671  0.278284  0.191543  0.368099  0.135272  0.436824  0.150657  0.345380  0.449276  0.299995  0.295311  0.371083  0.404600  0.386396  0.331946  0.299791  0.346826  0.725912  0.218491  0.336773  0.259124  0.242207  0.504391  0.289296  0.203686  0.391353  0.330460  0.026213  0.285225  0.328476  0.158737  0.341156  0.198498  0.263653  0.089809  0.719190  0.459260  0.361113  0.044429  0.140659  0.354567  0.451924  0.054495  0.586783  0.007346  0.685367  0.073866  0.211919  0.303569  0.294090  0.047309  0.195223  0.397065  0.706098  0.486353  0.551577  0.493598  0.210435  0.370387  0.174018  0.520151  0.170514  0.102013  0.343588  0.404221  0.121753  0.231568  0.239594  0.297580  0.146176  0.246030  0.242131  0.256147  0.227165  0.384664  0.262684  0.255735  0.605427  0.583208  0.203995  0.419849  0.194021  0.351308  0.222392  0.416097  0.248205  0.727708  0.405847  0.361742  0.307464  0.219049  0.350538  0.459862  0.147196  0.237921  0.398073  0.440021  0.426767  0.172690  0.108887  0.456090  0.200503  0.344107  0.619859  0.239745 
