197
0 0.0  0.470282  0.321359  0.393240  0.030905  0.543980  0.205861  0.273014  0.321687  0.512143  0.329943  0.158855  0.471023  0.277815  0.335635  0.456819  0.051587  0.361976  0.004336  0.339655  0.478884  0.325503  0.175967  0.545385  0.392000  0.618341  0.643932  0.326095  0.133117  0.497713  0.479939  0.468849  0.444740  0.327534  0.098993  0.633206  0.421013  0.314619  0.181964  0.253527  0.491028  0.402511  0.364933  0.000000  0.569116  0.035283  0.089413  0.492760  0.336257  0.277037  0.136472  0.322719  0.184408  0.323186  0.126711  0.738844  0.417868  0.628202  0.340639  0.210499  0.384158  0.395090  0.134123  0.441121  0.449191  0.392129  0.347497  0.343521  0.066289  0.474181  0.394810  0.566083  0.195647  0.046598  0.718525  0.553885  0.456335  0.315287  0.459287  0.447361  0.649768  0.375460  0.316962  0.716044  0.531183  0.245424  0.309335  0.272711  0.349551  0.259228  0.298712  0.526818  0.390463  0.662696  0.473136  0.045375  0.454460  0.745951  0.390932  0.235320  0.713427  0.422794  0.326917  0.000000  0.381469  0.455135  0.191393  0.311960  0.118674  0.445451  0.078325  0.350220  0.250503  0.293503  0.621328  0.300732  0.434333  0.351472  0.354073  0.277893  0.221586  0.286138  0.202914  0.061520  0.460042  0.360411  0.286172  0.455337  0.352661  0.337408  0.411323  0.236747  0.339934  0.172043  0.346115  0.353799  0.182158  0.634501  0.417851  0.488222  0.360653  0.176387  0.341161  0.463492  0.040740  0.491493  0.741032  0.868441  0.479182  0.455260  0.307846  0.426085  0.251509  0.486366  0.430204  0.239167  0.641871  0.427792  0.434814  0.312962  0.506666  0.458202  0.344936  0.253708  0.574833  0.216712  0.244898  0.056505  0.366638  0.552690  0.538481  0.310891  0.432797  0.459751  0.592935  0.421288  0.599800  0.508728  0.480183  0.654268  0.196951  0.273882  0.471539  0.096401  0.284604  0.421513  0.360159  0.272732  0.044164  0.485913  0.225680  0.484329  0.552426  0.387451  0.296780  0.454243  0.387333 
1  0.470282 0.0  0.305803  0.185242  0.322624  0.442233  0.259361  0.245978  0.339618  0.716011  0.322268  0.442697  0.198694  0.287527  0.405857  0.130128  0.312371  0.231687  0.327112  0.090824  0.528354  0.360490  0.166709  0.411382  0.267549  0.450349  0.109860  0.332843  0.275407  0.565010  0.221354  0.147311  0.395403  0.274240  0.477268  0.547006  0.350692  0.320210  0.419006  0.345109  0.505676  0.232413  0.233950  0.299901  0.585303  0.379760  0.380983  0.212613  0.291997  0.270155  0.457315  0.301014  0.468155  0.363259  0.474049  0.750618  0.652382  0.696808  0.288625  0.201184  0.533624  0.198780  0.278227  0.204441  0.190826  0.169912  0.279256  0.244636  0.282734  0.697719  0.188614  0.686400  0.417333  0.326215  0.733550  0.338479  0.157438  0.340117  0.091847  0.167512  0.329070  0.255456  0.189440  0.653303  0.586802  0.353671  0.270939  0.350951  0.366159  0.120353  0.020852  0.213081  0.162978  0.374753  0.213081  0.304935  0.188488  0.351798  0.190830  0.278605  0.376968  0.245904  0.347836  0.262805  0.370328  0.300641  0.345667  0.389300  0.387670  0.731338  0.293486  0.331929  0.386239  0.210940  0.596276  0.322485  0.231331  0.302456  0.461162  0.082034  0.194881  0.278097  0.330047  0.378605  0.243954  0.323364  0.206985  0.632814  0.478295  0.355573  0.051095  0.287065  0.365519  0.484582  0.045036  0.634365  0.000796  0.694919  0.211656  0.202924  0.262884  0.425146  0.024182  0.162834  0.277466  0.636411  0.581379  0.608519  0.365559  0.243074  0.188641  0.241468  0.608440  0.104894  0.134662  0.192982  0.379913  0.141634  0.157129  0.295765  0.287478  0.089903  0.155483  0.183430  0.233251  0.284495  0.365014  0.353226  0.378038  0.528276  0.486807  0.335942  0.472895  0.203003  0.361841  0.289187  0.347394  0.240775  0.761137  0.394627  0.304145  0.320662  0.200402  0.361876  0.390041  0.180036  0.304850  0.349977  0.356451  0.392781  0.244535  0.175226  0.472106  0.137868  0.219634  0.620671  0.115464 
2  0.321359  0.305803 0.0  0.309918  0.310959  0.415846  0.258448  0.011406  0.046520  0.732806  0.232744  0.363829  0.349730  0.339967  0.433770  0.320757  0.467871  0.366911  0.279652  0.382013  0.360076  0.077860  0.325532  0.213195  0.038643  0.450755  0.301619  0.268778  0.242185  0.319985  0.237289  0.410977  0.224215  0.314668  0.306933  0.788031  0.123504  0.295469  0.334515  0.242563  0.458570  0.100589  0.242632  0.384504  0.366046  0.426924  0.401241  0.551967  0.140264  0.158708  0.261134  0.037618  0.333583  0.174410  0.235314  0.471901  0.783988  0.478937  0.078269  0.258407  0.556000  0.291226  0.193904  0.374068  0.436099  0.337103  0.079976  0.198069  0.451127  0.686258  0.394844  0.408371  0.284586  0.434543  0.512225  0.342553  0.197848  0.239533  0.231264  0.141989  0.557641  0.363986  0.000845  0.403932  0.279574  0.253979  0.171594  0.101865  0.191764  0.429180  0.342877  0.271571  0.224427  0.533446  0.411850  0.458463  0.324776  0.713286  0.329377  0.300256  0.762207  0.043766  0.172108  0.412576  0.099552  0.174463  0.391779  0.252517  0.433048  0.931694  0.457644  0.178363  0.188336  0.314483  0.284706  0.071286  0.390700  0.100845  0.401332  0.301278  0.266228  0.000000  0.087829  0.375419  0.307452  0.215917  0.273325  0.903229  0.427267  0.189331  0.292500  0.293424  0.146153  0.316696  0.256463  0.545901  0.311332  0.534217  0.279017  0.347281  0.102651  0.304267  0.524649  0.249029  0.334780  0.788154  0.682072  0.747672  0.437764  0.196832  0.000000  0.339527  0.545182  0.381552  0.358932  0.248957  0.511504  0.294113  0.314143  0.184197  0.511626  0.329720  0.292211  0.233578  0.614260  0.225045  0.251942  0.377136  0.155829  0.346000  0.217563  0.226297  0.470921  0.308292  0.437018  0.399027  0.508027  0.272796  0.812020  0.474391  0.289792  0.077242  0.318960  0.320184  0.170749  0.172121  0.152879  0.125837  0.464633  0.536192  0.357676  0.250443  0.410666  0.337125  0.054864  0.711867  0.324214 
3  0.393240  0.185242  0.309918 0.0  0.344505  0.252317  0.205925  0.316749  0.362225  0.752406  0.407657  0.361958  0.141651  0.204209  0.327544  0.194303  0.372450  0.186027  0.274958  0.113091  0.451197  0.414632  0.245949  0.626139  0.396874  0.297356  0.232126  0.309766  0.407466  0.566604  0.060794  0.145030  0.193408  0.302147  0.501475  0.545734  0.327941  0.327662  0.565119  0.432829  0.392469  0.290135  0.314813  0.214136  0.613174  0.318566  0.490378  0.283557  0.327062  0.325731  0.408431  0.234451  0.509152  0.233599  0.487311  0.712611  0.684403  0.659375  0.303558  0.228856  0.567980  0.260664  0.271873  0.247397  0.172061  0.227750  0.310525  0.094033  0.235075  0.742670  0.207704  0.637705  0.422757  0.252186  0.735500  0.145986  0.217531  0.331864  0.250788  0.118492  0.327961  0.099403  0.391029  0.696424  0.522070  0.276177  0.340163  0.255451  0.336933  0.069855  0.019974  0.225665  0.242385  0.294993  0.199357  0.372407  0.154109  0.411354  0.228825  0.289698  0.437747  0.256672  0.352515  0.232590  0.342456  0.366784  0.375543  0.250173  0.482056  0.692912  0.212353  0.281642  0.360728  0.286412  0.419354  0.223215  0.262715  0.336722  0.370697  0.085901  0.255207  0.308767  0.329205  0.244783  0.182185  0.337733  0.109696  0.646637  0.357323  0.402520  0.075459  0.223162  0.238840  0.449474  0.141769  0.628358  0.000000  0.681326  0.219418  0.142931  0.247047  0.452541  0.115683  0.151385  0.350607  0.727901  0.530820  0.530177  0.468884  0.198181  0.316672  0.132874  0.627747  0.194665  0.294180  0.268939  0.441288  0.082629  0.242655  0.329522  0.218118  0.241298  0.259874  0.139195  0.211112  0.281013  0.224955  0.388650  0.359238  0.560424  0.696361  0.305166  0.426185  0.260838  0.301770  0.126288  0.299778  0.143658  0.713174  0.405875  0.408161  0.365036  0.192024  0.390674  0.308142  0.241612  0.329077  0.353154  0.347595  0.455290  0.170042  0.169010  0.493891  0.206673  0.236153  0.646484  0.249615 
4  0.030905  0.322624  0.310959  0.344505 0.0  0.417437  0.299434  0.254949  0.259577  0.595257  0.398922  0.110725  0.269808  0.280255  0.513002  0.409115  0.173054  0.253469  0.049294  0.316853  0.649202  0.368250  0.235224  0.514254  0.346704  0.513252  0.374927  0.270223  0.051237  0.496148  0.380913  0.313270  0.465258  0.206928  0.032011  0.685121  0.415650  0.440165  0.058962  0.320281  0.525675  0.222414  0.379540  0.152266  0.645521  0.154075  0.076440  0.471516  0.252225  0.442712  0.040114  0.204936  0.102995  0.428966  0.120036  0.782146  0.591614  0.800024  0.346576  0.299386  0.287332  0.388498  0.336812  0.249993  0.288938  0.369959  0.345161  0.206561  0.241408  0.532487  0.392025  0.746032  0.102180  0.072198  0.843902  0.272968  0.401424  0.413578  0.322441  0.284210  0.489026  0.322111  0.256076  0.652079  0.596561  0.226932  0.336653  0.291181  0.498936  0.250071  0.333293  0.312968  0.370570  0.492934  0.362565  0.282979  0.309556  0.700175  0.325546  0.333122  0.735592  0.265831  0.367632  0.289891  0.293171  0.358071  0.194659  0.315773  0.126202  0.502968  0.221281  0.360779  0.426085  0.204207  0.600249  0.342945  0.301910  0.375745  0.384714  0.310161  0.335539  0.320982  0.330562  0.181291  0.244242  0.406960  0.401019  0.557728  0.301046  0.339313  0.277000  0.358782  0.436129  0.032145  0.328789  0.381361  0.332220  0.905809  0.235159  0.312728  0.417937  0.055717  0.549849  0.333536  0.101446  0.582081  0.669830  0.781405  0.351946  0.375583  0.392506  0.384287  0.384317  0.284501  0.305613  0.388330  0.439028  0.373585  0.242758  0.496125  0.531882  0.229533  0.268887  0.250920  0.466325  0.231020  0.262458  0.239201  0.388719  0.588423  0.502635  0.450793  0.392572  0.292880  0.659617  0.327960  0.494524  0.301748  0.490921  0.465617  0.097654  0.507471  0.235380  0.066240  0.420962  0.367577  0.395865  0.242299  0.092461  0.478045  0.306456  0.330151  0.459236  0.217518  0.483396  0.501681  0.260577 
5  0.543980  0.442233  0.415846  0.252317  0.417437 0.0  0.444582  0.456941  0.393871  0.412695  0.481072  0.405948  0.432653  0.537437  0.420904  0.427552  0.490903  0.491699  0.428613  0.384352  0.513881  0.471560  0.331177  0.465229  0.388554  0.375466  0.494815  0.428694  0.351843  0.477178  0.448224  0.440089  0.413506  0.499787  0.499301  0.504123  0.468184  0.394014  0.415296  0.519559  0.455664  0.514997  0.436716  0.428665  0.472200  0.401180  0.430229  0.540758  0.345269  0.454029  0.397973  0.423266  0.447844  0.480605  0.500616  0.430901  0.385163  0.491545  0.473138  0.431465  0.425587  0.423646  0.494306  0.420982  0.413729  0.462148  0.427731  0.422668  0.565452  0.433458  0.487291  0.438718  0.460848  0.470058  0.470114  0.438981  0.413910  0.518555  0.391837  0.482869  0.403576  0.435647  0.437719  0.431892  0.450644  0.475419  0.370339  0.431886  0.437552  0.375186  0.492399  0.399687  0.471225  0.483032  0.417384  0.303751  0.490574  0.410498  0.457754  0.473689  0.454721  0.390746  0.386940  0.447596  0.423451  0.473945  0.379618  0.453667  0.511183  0.448211  0.472460  0.441272  0.435263  0.475704  0.330914  0.465762  0.488765  0.415872  0.329368  0.567258  0.508724  0.445254  0.519343  0.344251  0.453150  0.354238  0.377886  0.475601  0.442186  0.455499  0.504716  0.484912  0.376846  0.397427  0.596549  0.389247  0.359571  0.429139  0.383947  0.455575  0.406470  0.551178  0.474312  0.396829  0.448871  0.425895  0.436502  0.520452  0.438248  0.346144  0.472985  0.500862  0.442511  0.497030  0.435741  0.422209  0.482269  0.445819  0.514728  0.388997  0.431832  0.442664  0.458577  0.399442  0.441439  0.481444  0.469644  0.366929  0.488315  0.497922  0.439243  0.486526  0.519107  0.544677  0.597662  0.491167  0.492797  0.422991  0.382018  0.349415  0.491157  0.508456  0.419778  0.461347  0.432876  0.428725  0.425376  0.435848  0.414385  0.417770  0.391694  0.378124  0.504409  0.485325  0.447602  0.455869  0.392915 
6  0.205861  0.259361  0.258448  0.205925  0.299434  0.444582 0.0  0.225476  0.166720  0.687042  0.211437  0.252313  0.196289  0.240261  0.404643  0.280591  0.195347  0.240292  0.301426  0.241955  0.483867  0.092014  0.263023  0.463339  0.172940  0.416181  0.251479  0.301839  0.273580  0.463774  0.207266  0.280219  0.268532  0.330126  0.341491  0.613244  0.340402  0.245543  0.287148  0.170202  0.425320  0.234880  0.170386  0.276449  0.368350  0.229669  0.317775  0.462118  0.321969  0.232000  0.178189  0.296205  0.237354  0.213690  0.116940  0.656301  0.593344  0.672601  0.312878  0.273112  0.391497  0.226953  0.346599  0.194040  0.308726  0.193041  0.186253  0.233270  0.225671  0.466979  0.209057  0.619446  0.268987  0.238480  0.715219  0.268691  0.380027  0.184427  0.301715  0.249300  0.433442  0.206096  0.261663  0.646806  0.341994  0.364910  0.300091  0.238017  0.292592  0.340846  0.274243  0.132500  0.231671  0.476411  0.323611  0.302881  0.214091  0.646710  0.225006  0.164706  0.660136  0.225891  0.177979  0.231849  0.254097  0.180273  0.314876  0.286960  0.245395  0.546022  0.379599  0.210987  0.359633  0.256296  0.382858  0.191012  0.243060  0.284085  0.435144  0.241169  0.300994  0.249768  0.191353  0.247876  0.334624  0.241089  0.184209  0.649060  0.481983  0.263533  0.218630  0.268276  0.210260  0.164212  0.252213  0.441867  0.283443  0.609648  0.194328  0.230917  0.212531  0.323811  0.361074  0.270233  0.250761  0.609427  0.662079  0.631819  0.454755  0.181065  0.288717  0.251064  0.503994  0.273992  0.158707  0.214647  0.627714  0.205358  0.308629  0.151917  0.456523  0.291414  0.255878  0.287656  0.449115  0.267195  0.245069  0.188977  0.293132  0.423525  0.493556  0.248062  0.436132  0.256625  0.389973  0.380573  0.407101  0.359787  0.685142  0.379024  0.217154  0.329558  0.295762  0.356662  0.245943  0.268445  0.225393  0.328911  0.224550  0.435731  0.169744  0.325496  0.440877  0.328147  0.259291  0.599791  0.158562 
7  0.273014  0.245978  0.011406  0.316749  0.254949  0.456941  0.225476 0.0  0.167651  0.788850  0.157377  0.334343  0.293017  0.211187  0.481779  0.327750  0.305917  0.301025  0.448204  0.304737  0.227128  0.150083  0.140806  0.446285  0.053419  0.519646  0.270750  0.184674  0.350808  0.319042  0.356725  0.343664  0.090183  0.314495  0.278956  0.912563  0.087439  0.210666  0.351004  0.182563  0.382541  0.180569  0.052093  0.280927  0.305463  0.364657  0.344237  0.650056  0.265099  0.092503  0.251221  0.066080  0.302579  0.134983  0.247023  0.436114  0.697651  0.495778  0.016531  0.296388  0.651319  0.352150  0.213336  0.313062  0.416863  0.336254  0.304735  0.291517  0.313192  0.737412  0.327997  0.605358  0.409569  0.375085  0.300872  0.384792  0.248229  0.177532  0.320472  0.435788  0.556561  0.374612  0.018974  0.548714  0.280271  0.463091  0.254673  0.176318  0.067798  0.509786  0.355353  0.396566  0.236233  0.598540  0.289854  0.319416  0.305826  0.709748  0.362894  0.399700  0.819411  0.073148  0.022103  0.327003  0.076321  0.067724  0.425490  0.064945  0.316012  0.664065  0.413684  0.099589  0.046571  0.274143  0.317397  0.103716  0.309701  0.080957  0.384095  0.441586  0.245180  0.332488  0.042132  0.289165  0.288260  0.142597  0.303175  0.595980  0.427101  0.153757  0.429522  0.271187  0.054520  0.290569  0.502803  0.636883  0.346909  0.403237  0.336303  0.332201  0.171083  0.329981  0.313819  0.422685  0.294216  0.731745  0.730779  0.613167  0.398877  0.305438  0.178700  0.428194  0.509236  0.291443  0.255219  0.212104  0.469892  0.368361  0.349123  0.124532  0.669404  0.255900  0.336140  0.268595  0.571418  0.372018  0.382770  0.324942  0.104918  0.308134  0.428003  0.150529  0.383340  0.362276  0.513791  0.250072  0.430332  0.222113  0.773447  0.492084  0.412869  0.036726  0.326825  0.330960  0.104194  0.258434  0.240838  0.017174  0.323840  0.496206  0.268956  0.269448  0.446497  0.394857  0.042190  0.843985  0.311269 
8  0.321687  0.339618  0.046520  0.362225  0.259577  0.393871  0.166720  0.167651 0.0  0.745947  0.135617  0.342895  0.344787  0.244637  0.371804  0.339306  0.224503  0.336850  0.421286  0.351005  0.330444  0.069064  0.263176  0.327363  0.032546  0.432838  0.183921  0.292744  0.355933  0.537034  0.237829  0.223997  0.001371  0.157507  0.276315  0.944226  0.119666  0.049704  0.354438  0.168945  0.514833  0.098316  0.040780  0.315004  0.352828  0.296646  0.451063  0.578449  0.179639  0.000000  0.249706  0.059395  0.364791  0.010333  0.281563  0.465847  0.753059  0.477046  0.003812  0.162148  0.505173  0.304755  0.249250  0.325580  0.302599  0.279726  0.248363  0.328595  0.282233  0.749881  0.361427  0.559573  0.328153  0.376554  0.470222  0.273588  0.329784  0.068677  0.261727  0.351613  0.487815  0.350153  0.039098  0.564841  0.234437  0.296732  0.201409  0.168354  0.045566  0.445703  0.469172  0.303727  0.370051  0.540428  0.318721  0.338462  0.379062  0.810059  0.289932  0.455363  0.807833  0.112782  0.227076  0.359011  0.187524  0.193748  0.357720  0.123336  0.367716  0.622092  0.340834  0.168954  0.057060  0.222910  0.272693  0.075156  0.303812  0.192461  0.363840  0.421259  0.239965  0.216083  0.000000  0.267113  0.265770  0.087245  0.358127  0.690874  0.409050  0.090049  0.465365  0.313071  0.038875  0.272603  0.361388  0.499072  0.304084  0.419209  0.299112  0.296130  0.249933  0.333724  0.257065  0.344263  0.326787  0.621290  0.701457  0.659314  0.389931  0.363693  0.199143  0.357259  0.529250  0.355899  0.315159  0.309778  0.509762  0.277334  0.356514  0.088596  0.610519  0.398130  0.475921  0.312848  0.655490  0.268326  0.316913  0.408671  0.091322  0.385498  0.374144  0.037451  0.369502  0.336686  0.508127  0.319456  0.418178  0.257466  0.708004  0.506244  0.273647  0.039110  0.284317  0.423156  0.076972  0.300159  0.128569  0.151782  0.355245  0.485650  0.141544  0.120660  0.392473  0.332815  0.002661  0.835783  0.219892 
9  0.512143  0.716011  0.732806  0.752406  0.595257  0.412695  0.687042  0.788850  0.745947 0.0  0.831775  0.513105  0.727241  0.651932  0.421976  0.734221  0.418147  0.745771  0.528931  0.796098  0.537027  0.776448  0.676062  0.583594  0.695311  0.558172  0.801270  0.622553  0.596860  0.503816  0.758570  0.767178  0.813868  0.712794  0.590657  0.756733  0.705662  0.817877  0.621056  0.666881  0.409039  0.738953  0.870561  0.461877  0.612518  0.501754  0.369571  0.633643  0.767851  0.820163  0.558190  0.764074  0.493584  0.777332  0.489099  0.374820  0.037203  0.425074  0.859811  0.571937  0.297559  0.814685  0.628269  0.701901  0.754559  0.678375  0.650497  0.706026  0.547738  0.245399  0.825986  0.797769  0.465826  0.435142  0.728673  0.778000  0.698959  0.679905  0.731303  0.756479  0.550859  0.720152  0.780067  0.743338  0.635932  0.801596  0.619134  0.873533  0.730525  0.804061  0.778328  0.749697  0.808576  0.652099  0.783213  0.565292  0.778790  0.434496  0.718135  0.708198  0.319167  0.788951  0.793740  0.625180  0.750590  0.745391  0.475506  0.690316  0.510725  0.137703  0.501054  0.724587  0.835446  0.721411  0.614588  0.742352  0.764785  0.805202  0.396687  0.828093  0.744027  0.752097  0.806574  0.475320  0.712174  0.865801  0.833963  0.152089  0.397192  0.728109  0.866452  0.613339  0.804472  0.534561  0.730379  0.379973  0.735487  0.829949  0.684598  0.726162  0.752252  0.442684  0.779565  0.831320  0.601893  0.049081  0.493846  0.775498  0.466569  0.787060  0.681510  0.818309  0.251251  0.792431  0.701435  0.726811  0.598357  0.697286  0.767919  0.688700  0.672397  0.805432  0.842250  0.794057  0.568283  0.559686  0.616379  0.416202  0.744676  0.603941  0.535161  0.867119  0.516621  0.838198  0.572404  0.734395  0.517586  0.690865  0.420222  0.584826  0.548001  0.818282  0.747219  0.497042  0.669980  0.848135  0.851484  0.725623  0.548701  0.449095  0.661612  0.811935  0.427441  0.824198  0.771599  0.184863  0.818982 
10  0.329943  0.322268  0.232744  0.407657  0.398922  0.481072  0.211437  0.157377  0.135617  0.831775 0.0  0.411252  0.400678  0.335164  0.419672  0.442714  0.471876  0.469689  0.443350  0.341206  0.354823  0.107281  0.180538  0.257112  0.056152  0.602321  0.465011  0.231080  0.258812  0.296139  0.320730  0.375988  0.102722  0.191865  0.465303  0.727604  0.203270  0.138361  0.311165  0.102657  0.489934  0.146847  0.110538  0.390371  0.362090  0.348740  0.399172  0.489592  0.077650  0.134521  0.459965  0.144236  0.304582  0.136851  0.396630  0.540357  0.707071  0.582598  0.082876  0.359339  0.570109  0.265035  0.378528  0.417004  0.444500  0.413244  0.104433  0.257188  0.422799  0.792804  0.315601  0.526293  0.359891  0.368411  0.486956  0.360459  0.385466  0.234758  0.250502  0.319253  0.516406  0.347363  0.129146  0.541274  0.334078  0.389415  0.334864  0.125983  0.116259  0.437828  0.362302  0.355533  0.353735  0.543091  0.368945  0.389616  0.370178  0.741913  0.322869  0.379448  0.734252  0.137903  0.168513  0.327211  0.032384  0.047374  0.432960  0.052367  0.357888  0.793656  0.342653  0.100319  0.104170  0.266093  0.370356  0.149595  0.369353  0.061411  0.441348  0.337508  0.307395  0.108348  0.090161  0.411462  0.441022  0.108950  0.454866  0.729132  0.474256  0.145583  0.358722  0.355788  0.119785  0.341374  0.287551  0.535570  0.412176  0.495993  0.462972  0.359477  0.117384  0.431684  0.440509  0.352145  0.397559  0.754498  0.752926  0.877449  0.440816  0.353170  0.127779  0.395116  0.556071  0.477450  0.314634  0.193452  0.608278  0.430050  0.397359  0.132775  0.576002  0.413229  0.370161  0.412084  0.583293  0.209977  0.201480  0.392043  0.226669  0.346531  0.266352  0.058103  0.508824  0.289396  0.486260  0.417248  0.577348  0.207938  0.696835  0.572486  0.400351  0.030036  0.360943  0.302017  0.171852  0.363966  0.187883  0.021767  0.379365  0.555873  0.180195  0.391323  0.486918  0.396892  0.147392  0.751209  0.530620 
11  0.158855  0.442697  0.363829  0.361958  0.110725  0.405948  0.252313  0.334343  0.342895  0.513105  0.411252 0.0  0.345346  0.240112  0.438517  0.340715  0.063856  0.426283  0.265838  0.382217  0.600909  0.337989  0.191291  0.548095  0.348657  0.561861  0.393485  0.307433  0.144981  0.637641  0.398903  0.384735  0.352793  0.378074  0.032799  0.781044  0.367278  0.347799  0.184687  0.407965  0.455664  0.350104  0.551043  0.124687  0.558434  0.181914  0.105113  0.636496  0.371024  0.365216  0.182612  0.383202  0.149707  0.313409  0.160649  0.794610  0.550150  0.764117  0.467302  0.300518  0.289526  0.415244  0.266956  0.337698  0.412798  0.398893  0.357684  0.256753  0.198991  0.568250  0.316368  0.703495  0.219799  0.196041  0.720632  0.366387  0.264282  0.291993  0.310683  0.398997  0.566679  0.379723  0.288178  0.713826  0.562886  0.268769  0.330119  0.296406  0.445605  0.468082  0.349981  0.408267  0.423770  0.594538  0.384906  0.186032  0.339256  0.756854  0.352212  0.339799  0.766280  0.371162  0.359044  0.078265  0.437860  0.324591  0.079186  0.365115  0.097905  0.548747  0.108360  0.399722  0.337057  0.340935  0.594346  0.433677  0.364035  0.367310  0.494428  0.278918  0.212990  0.318743  0.451399  0.158246  0.422723  0.407334  0.332645  0.485404  0.496806  0.407340  0.322498  0.329610  0.388676  0.150402  0.333922  0.277593  0.366685  0.755820  0.435447  0.486690  0.335028  0.121822  0.371001  0.356854  0.082232  0.481421  0.749503  0.860180  0.476664  0.316278  0.316503  0.387489  0.371733  0.452236  0.368107  0.167538  0.556235  0.320173  0.429577  0.407263  0.524343  0.468093  0.424541  0.439991  0.487228  0.208085  0.317821  0.129345  0.489972  0.503098  0.586788  0.484789  0.467035  0.353303  0.520736  0.297448  0.582311  0.258927  0.500526  0.555315  0.150849  0.373488  0.397547  0.175941  0.371157  0.430831  0.398232  0.402674  0.076134  0.505133  0.212911  0.347787  0.397809  0.384546  0.401667  0.423308  0.306414 
12  0.471023  0.198694  0.349730  0.141651  0.269808  0.432653  0.196289  0.293017  0.344787  0.727241  0.400678  0.345346 0.0  0.276448  0.552316  0.276480  0.363860  0.240428  0.310715  0.186693  0.437247  0.388125  0.270006  0.573512  0.376535  0.442893  0.248535  0.173262  0.358249  0.508401  0.184334  0.182133  0.354870  0.357525  0.447289  0.492376  0.301517  0.349655  0.351218  0.287322  0.529690  0.305170  0.377623  0.318084  0.540245  0.367467  0.214701  0.224545  0.265533  0.226486  0.397165  0.354921  0.511291  0.273219  0.565145  0.701927  0.642786  0.755963  0.477153  0.172987  0.641329  0.199356  0.314300  0.106369  0.222261  0.123917  0.222155  0.369486  0.343167  0.664129  0.215221  0.810404  0.342637  0.231565  0.638922  0.178602  0.143821  0.288576  0.179428  0.224720  0.385583  0.236041  0.258409  0.786054  0.502488  0.347079  0.181753  0.441046  0.266297  0.214341  0.010611  0.196811  0.266894  0.371620  0.184564  0.249213  0.203830  0.383803  0.151509  0.458645  0.398075  0.312128  0.338832  0.511108  0.388285  0.421456  0.329348  0.414445  0.409636  0.718547  0.319910  0.310986  0.256976  0.255194  0.528387  0.322101  0.121517  0.333584  0.391262  0.046621  0.181722  0.350823  0.271604  0.319880  0.117134  0.287552  0.190904  0.678240  0.388484  0.375573  0.060586  0.238953  0.373458  0.458095  0.151307  0.546488  0.011149  0.720539  0.263491  0.237172  0.248582  0.423477  0.112542  0.209831  0.316049  0.676388  0.643445  0.578155  0.476529  0.129790  0.340784  0.309939  0.495106  0.226697  0.276466  0.305102  0.350991  0.144464  0.221545  0.293201  0.262234  0.053791  0.148515  0.129976  0.295673  0.262997  0.158301  0.349064  0.337060  0.542606  0.434889  0.257662  0.436868  0.198230  0.362751  0.145838  0.341317  0.250015  0.831164  0.329531  0.498204  0.292918  0.176329  0.448938  0.402268  0.281845  0.334027  0.290131  0.416201  0.442968  0.263105  0.128079  0.467637  0.081633  0.377571  0.735887  0.169102 
13  0.277815  0.287527  0.339967  0.204209  0.280255  0.537437  0.240261  0.211187  0.244637  0.651932  0.335164  0.240112  0.276448 0.0  0.501388  0.239455  0.222071  0.268995  0.219809  0.310904  0.497023  0.231691  0.170931  0.556621  0.288861  0.551027  0.255608  0.275950  0.127936  0.444329  0.383246  0.177217  0.274704  0.226666  0.157719  0.654643  0.235734  0.225355  0.252237  0.144026  0.386553  0.271359  0.229450  0.306972  0.416958  0.185431  0.335367  0.529708  0.184913  0.178562  0.304170  0.350161  0.265075  0.199774  0.272863  0.652840  0.643475  0.630757  0.291334  0.214387  0.364685  0.166889  0.259939  0.270116  0.218330  0.281599  0.350471  0.256751  0.324612  0.703415  0.284807  0.664837  0.333096  0.161416  0.617318  0.132374  0.330886  0.171866  0.250338  0.273784  0.465212  0.161686  0.284780  0.677819  0.443147  0.345197  0.309879  0.298441  0.195830  0.159155  0.260917  0.245858  0.325332  0.450939  0.251593  0.227512  0.238050  0.704915  0.330379  0.308293  0.734139  0.276927  0.326608  0.278711  0.256641  0.203144  0.170951  0.240843  0.235944  0.629745  0.209944  0.201798  0.254856  0.252365  0.399435  0.238684  0.253696  0.257296  0.395657  0.340429  0.263911  0.242931  0.315275  0.221546  0.218200  0.264784  0.277882  0.657034  0.531120  0.172897  0.261040  0.248731  0.261820  0.307883  0.252432  0.501246  0.266996  0.623246  0.323269  0.299945  0.209507  0.271879  0.268405  0.200020  0.262544  0.453765  0.680766  0.682293  0.448975  0.289942  0.277568  0.201314  0.405795  0.246222  0.212430  0.235657  0.400804  0.209159  0.225672  0.211630  0.508069  0.128645  0.226572  0.257353  0.471279  0.216559  0.217814  0.198621  0.228832  0.449003  0.460440  0.227856  0.503433  0.170129  0.534138  0.252518  0.383767  0.271539  0.530611  0.455506  0.323886  0.274453  0.229265  0.356146  0.199231  0.266562  0.311804  0.180201  0.316628  0.464957  0.146806  0.325958  0.465822  0.234120  0.281006  0.625478  0.288273 
14  0.335635  0.405857  0.433770  0.327544  0.513002  0.420904  0.404643  0.481779  0.371804  0.421976  0.419672  0.438517  0.552316  0.501388 0.0  0.459824  0.500014  0.431200  0.441934  0.478795  0.374923  0.453684  0.487324  0.437161  0.389346  0.405271  0.483846  0.473337  0.490193  0.485635  0.477137  0.442815  0.460263  0.534716  0.460094  0.465983  0.543812  0.400754  0.487133  0.543541  0.433398  0.451021  0.397852  0.421354  0.479589  0.468504  0.470159  0.454278  0.516748  0.405844  0.453650  0.443836  0.469826  0.479636  0.444958  0.464628  0.414398  0.476490  0.502169  0.419843  0.549324  0.451414  0.493289  0.431984  0.456226  0.573000  0.415701  0.416428  0.421027  0.512701  0.436154  0.457763  0.420231  0.430550  0.489530  0.473528  0.392974  0.361200  0.473641  0.492325  0.418571  0.475706  0.485076  0.447932  0.517617  0.404661  0.464402  0.374756  0.480406  0.384273  0.466478  0.543358  0.426363  0.460032  0.463166  0.423482  0.417108  0.409097  0.510906  0.440501  0.478131  0.354138  0.497124  0.381891  0.467137  0.378062  0.412989  0.429240  0.441706  0.408419  0.437296  0.425749  0.494806  0.443755  0.461646  0.430694  0.445623  0.441460  0.354485  0.411661  0.398995  0.467052  0.464482  0.426636  0.475431  0.374898  0.487860  0.347126  0.457740  0.417624  0.491431  0.435893  0.415456  0.438384  0.408602  0.486387  0.477175  0.417753  0.442958  0.484220  0.508753  0.569116  0.441209  0.517098  0.352954  0.459148  0.490647  0.389570  0.440617  0.488302  0.458473  0.454261  0.398964  0.413751  0.483118  0.400119  0.409047  0.469765  0.396511  0.374615  0.318330  0.446947  0.492109  0.477723  0.447470  0.465684  0.430752  0.496273  0.383289  0.471889  0.411886  0.372515  0.476423  0.402308  0.447236  0.404556  0.529661  0.279155  0.576952  0.570039  0.425471  0.405387  0.354888  0.423253  0.511218  0.399949  0.461358  0.459131  0.468088  0.499593  0.482804  0.471183  0.448392  0.395317  0.438595  0.515761  0.407215 
15  0.456819  0.130128  0.320757  0.194303  0.409115  0.427552  0.280591  0.327750  0.339306  0.734221  0.442714  0.340715  0.276480  0.239455  0.459824 0.0  0.273208  0.257075  0.285710  0.105233  0.459981  0.474005  0.254937  0.575832  0.398333  0.335579  0.141902  0.224067  0.276322  0.459491  0.179755  0.071483  0.345097  0.237206  0.406731  0.372014  0.365715  0.191277  0.440351  0.489199  0.440523  0.417491  0.207769  0.338453  0.531174  0.440447  0.262436  0.217504  0.277149  0.339672  0.456015  0.188182  0.426036  0.257489  0.380823  0.813485  0.715446  0.779434  0.304336  0.239975  0.463925  0.183375  0.263395  0.169959  0.248501  0.260393  0.370838  0.243286  0.265147  0.706293  0.238329  0.674573  0.390020  0.352646  0.754965  0.127321  0.167099  0.385417  0.126753  0.164614  0.335252  0.207443  0.363138  0.698664  0.515935  0.289697  0.322871  0.358631  0.324177  0.041695  0.031340  0.205132  0.244746  0.433352  0.194289  0.220585  0.209886  0.501687  0.235570  0.327962  0.525005  0.379947  0.446426  0.261888  0.417592  0.339332  0.381811  0.329490  0.418799  0.731780  0.278344  0.276349  0.299275  0.144436  0.524319  0.247377  0.277154  0.337936  0.458766  0.000000  0.197274  0.448442  0.347868  0.299024  0.208724  0.283399  0.295368  0.708278  0.339175  0.382177  0.000026  0.302876  0.309942  0.428016  0.035199  0.627106  0.121138  0.791163  0.201591  0.245193  0.313100  0.399811  0.066240  0.232225  0.313517  0.760341  0.665546  0.630165  0.473555  0.119450  0.369903  0.147790  0.595471  0.154029  0.075527  0.301344  0.387078  0.210258  0.245750  0.427270  0.148996  0.132993  0.232627  0.247774  0.279637  0.301405  0.268877  0.396139  0.289080  0.552601  0.506465  0.338087  0.406207  0.281223  0.362344  0.252834  0.278967  0.200855  0.695884  0.421523  0.438250  0.323298  0.219105  0.414185  0.439254  0.198913  0.286419  0.293370  0.293408  0.458165  0.246457  0.157912  0.388149  0.129066  0.343431  0.741471  0.169407 
16  0.051587  0.312371  0.467871  0.372450  0.173054  0.490903  0.195347  0.305917  0.224503  0.418147  0.471876  0.063856  0.363860  0.222071  0.500014  0.273208 0.0  0.247960  0.030186  0.301186  0.669835  0.296355  0.149490  0.581860  0.405137  0.440532  0.234434  0.230478  0.070076  0.601347  0.355919  0.195414  0.510613  0.202016  0.121103  0.717521  0.463039  0.384836  0.052173  0.248672  0.411066  0.332594  0.541992  0.225927  0.550670  0.246114  0.110783  0.598292  0.320755  0.407439  0.018724  0.433403  0.007141  0.356284  0.049033  0.793663  0.563526  0.888029  0.290079  0.244810  0.291640  0.285195  0.110956  0.309313  0.344138  0.267635  0.330428  0.221789  0.258404  0.505575  0.262320  0.739742  0.167626  0.000000  0.800689  0.410101  0.301174  0.373974  0.242584  0.428263  0.480321  0.317263  0.349044  0.768257  0.618699  0.331824  0.266013  0.310376  0.544108  0.301348  0.327277  0.365156  0.249548  0.532726  0.221662  0.196822  0.293146  0.762991  0.284814  0.341037  0.785737  0.295197  0.381574  0.192063  0.359938  0.378358  0.143838  0.389895  0.076027  0.593414  0.188414  0.452885  0.356605  0.302593  0.540641  0.404710  0.293610  0.384953  0.427732  0.237949  0.320632  0.349291  0.361248  0.156931  0.379823  0.465947  0.348813  0.562200  0.429792  0.427704  0.289324  0.190064  0.368775  0.053498  0.416581  0.338649  0.334636  0.788989  0.367612  0.274128  0.323674  0.093773  0.433362  0.320154  0.087252  0.654338  0.704790  0.645757  0.465822  0.293934  0.368654  0.260653  0.278896  0.320866  0.200291  0.304441  0.565089  0.375883  0.393966  0.433344  0.545919  0.331681  0.313438  0.355248  0.573246  0.228804  0.242581  0.147258  0.419794  0.558554  0.482153  0.509057  0.334449  0.386098  0.417647  0.354717  0.427529  0.246666  0.430261  0.522056  0.040656  0.339713  0.231398  0.081299  0.388406  0.348696  0.324372  0.386193  0.064673  0.344209  0.269513  0.306990  0.431211  0.221099  0.459179  0.471337  0.375802 
17  0.361976  0.231687  0.366911  0.186027  0.253469  0.491699  0.240292  0.301025  0.336850  0.745771  0.469689  0.426283  0.240428  0.268995  0.431200  0.257075  0.247960 0.0  0.308296  0.176693  0.480609  0.385530  0.215764  0.492490  0.324770  0.358139  0.144211  0.280682  0.251291  0.537432  0.228518  0.165855  0.289732  0.243592  0.509149  0.463055  0.451293  0.297861  0.395044  0.328953  0.519514  0.249016  0.345945  0.317191  0.717737  0.261297  0.323604  0.271558  0.319317  0.354000  0.473727  0.277000  0.454308  0.301777  0.418663  0.692944  0.716290  0.822909  0.284088  0.183204  0.553611  0.168561  0.259958  0.161036  0.203229  0.144364  0.347885  0.124571  0.261096  0.755184  0.193581  0.683714  0.341603  0.274175  0.776982  0.132969  0.150006  0.321842  0.110628  0.075461  0.365551  0.194600  0.360366  0.788932  0.444943  0.258245  0.203911  0.228877  0.347861  0.111735  0.203656  0.172907  0.088788  0.331767  0.135173  0.286425  0.225095  0.480007  0.185888  0.343629  0.380758  0.340346  0.334733  0.304417  0.440219  0.373603  0.332989  0.251533  0.354240  0.718034  0.210225  0.434750  0.253890  0.245511  0.502293  0.321675  0.099361  0.287556  0.468804  0.062001  0.102994  0.321233  0.312396  0.315861  0.158299  0.409792  0.225533  0.791902  0.391179  0.418822  0.104394  0.211887  0.347812  0.412263  0.089047  0.627335  0.001713  0.692205  0.178369  0.144455  0.274844  0.457167  0.029624  0.146946  0.355729  0.663589  0.555934  0.493292  0.396989  0.174294  0.329814  0.198891  0.585747  0.182332  0.252501  0.297550  0.441784  0.256039  0.153898  0.330039  0.212822  0.218406  0.076246  0.242638  0.103960  0.294472  0.269278  0.328567  0.339254  0.566785  0.490293  0.333342  0.468620  0.250591  0.420595  0.246768  0.391942  0.172196  0.756299  0.402574  0.339852  0.433171  0.210309  0.399122  0.293270  0.215192  0.347301  0.248672  0.392696  0.501915  0.224795  0.108022  0.427629  0.203234  0.331506  0.730254  0.136186 
18  0.004336  0.327112  0.279652  0.274958  0.049294  0.428613  0.301426  0.448204  0.421286  0.528931  0.443350  0.265838  0.310715  0.219809  0.441934  0.285710  0.030186  0.308296 0.0  0.411917  0.507607  0.396499  0.204852  0.621234  0.260661  0.552333  0.308123  0.257422  0.089411  0.676430  0.246605  0.224927  0.454732  0.298696  0.118298  0.752422  0.387903  0.369683  0.070682  0.309724  0.443075  0.474956  0.254625  0.039729  0.602330  0.163175  0.183017  0.574165  0.416373  0.290391  0.000000  0.297581  0.098007  0.311996  0.000000  0.744246  0.347310  0.641128  0.272734  0.291146  0.320032  0.296651  0.235815  0.223223  0.344795  0.253214  0.452597  0.221749  0.092974  0.484478  0.296067  0.753509  0.011599  0.063877  0.750836  0.288406  0.229492  0.276913  0.288769  0.308273  0.526005  0.265663  0.346570  0.731300  0.509014  0.537428  0.291786  0.487535  0.347804  0.407801  0.445255  0.324628  0.348252  0.487688  0.342491  0.048500  0.400703  0.823590  0.333074  0.468014  0.766838  0.352987  0.498415  0.135741  0.361273  0.339405  0.080394  0.413901  0.285220  0.309388  0.024509  0.322319  0.217010  0.295775  0.557078  0.347700  0.310019  0.387798  0.425696  0.512257  0.246456  0.421821  0.318778  0.000000  0.342225  0.321904  0.287055  0.470336  0.339537  0.374941  0.492022  0.221234  0.357814  0.213101  0.422996  0.448827  0.425334  0.673482  0.243204  0.336016  0.488949  0.045200  0.256037  0.355281  0.079100  0.452270  0.684931  0.604730  0.428391  0.254964  0.435879  0.305132  0.356405  0.359391  0.394013  0.330657  0.532236  0.350519  0.421991  0.345848  0.697233  0.285180  0.297421  0.331456  0.532440  0.324439  0.286350  0.040541  0.285282  0.633485  0.644070  0.269688  0.452428  0.374219  0.457920  0.280227  0.517418  0.311805  0.538178  0.541037  0.066927  0.372002  0.305672  0.072614  0.359381  0.302352  0.511353  0.301381  0.190196  0.393899  0.283677  0.379195  0.416593  0.322655  0.245936  0.501708  0.380145 
19  0.339655  0.090824  0.382013  0.113091  0.316853  0.384352  0.241955  0.304737  0.351005  0.796098  0.341206  0.382217  0.186693  0.310904  0.478795  0.105233  0.301186  0.176693  0.411917 0.0  0.517817  0.361863  0.261915  0.564485  0.323310  0.368040  0.170802  0.220263  0.267767  0.488297  0.103820  0.125053  0.261590  0.193228  0.402052  0.486732  0.298994  0.265091  0.464983  0.366391  0.437853  0.393125  0.358924  0.254318  0.614730  0.269285  0.320189  0.257885  0.240164  0.367968  0.411909  0.252820  0.508197  0.294858  0.392856  0.689017  0.679331  0.653793  0.300554  0.122302  0.480055  0.109895  0.137822  0.180638  0.050613  0.264279  0.234453  0.338402  0.389994  0.638892  0.147241  0.686215  0.441546  0.265884  0.676494  0.094593  0.183325  0.363813  0.131452  0.199646  0.388303  0.260193  0.265289  0.790560  0.512669  0.321669  0.184097  0.312990  0.292893  0.105606  0.175161  0.199551  0.293902  0.333011  0.162814  0.325879  0.229883  0.496976  0.143775  0.273363  0.595453  0.329959  0.444161  0.280712  0.413104  0.333508  0.380861  0.336956  0.319997  0.692069  0.313696  0.235295  0.361812  0.258486  0.514779  0.354730  0.146022  0.340314  0.385457  0.034059  0.271496  0.349242  0.308381  0.388613  0.070125  0.357417  0.181694  0.695783  0.367795  0.407690  0.022367  0.225104  0.325749  0.519287  0.012229  0.534140  0.041746  0.561320  0.151055  0.109161  0.346067  0.425780  0.023764  0.121673  0.300160  0.735035  0.553309  0.620413  0.404817  0.105232  0.306757  0.114885  0.484995  0.162883  0.251336  0.146241  0.445728  0.157078  0.084129  0.287926  0.304182  0.177945  0.199163  0.203443  0.289820  0.160037  0.310245  0.304305  0.330110  0.521295  0.539178  0.367951  0.534876  0.212887  0.356632  0.131597  0.366188  0.231471  0.673562  0.418265  0.533340  0.401889  0.160336  0.456506  0.324397  0.101332  0.418291  0.354211  0.439634  0.471144  0.287463  0.057818  0.365411  0.173463  0.339027  0.666975  0.139404 
