197
0 0.0  0.420241  0.330043  0.454668  0.103890  0.411903  0.242132  0.394209  0.375002  0.386430  0.468076  0.106409  0.420874  0.335723  0.397037  0.483320  0.033767  0.423645  0.108659  0.409729  0.563159  0.383877  0.199484  0.580573  0.457105  0.555091  0.378302  0.327533  0.000000  0.463203  0.524660  0.387875  0.417007  0.212336  0.256029  0.763354  0.248695  0.263129  0.174607  0.329331  0.366831  0.323440  0.302989  0.022994  0.544370  0.029283  0.213608  0.471924  0.295121  0.288614  0.272958  0.349291  0.278977  0.266597  0.112728  0.853452  0.385735  0.808458  0.368255  0.295655  0.331945  0.491513  0.305290  0.420568  0.458310  0.515947  0.328479  0.349236  0.000000  0.462295  0.536227  0.771592  0.229991  0.078608  0.771550  0.434466  0.444451  0.346871  0.432076  0.461637  0.683067  0.369971  0.316004  0.703098  0.484971  0.338358  0.312243  0.307063  0.342726  0.231326  0.368502  0.376184  0.535770  0.646615  0.477485  0.072795  0.466730  0.816086  0.433863  0.332124  0.784825  0.298364  0.431206  0.191846  0.392755  0.418990  0.039245  0.321528  0.154909  0.387384  0.097920  0.313944  0.418139  0.273473  0.513392  0.303374  0.408546  0.429709  0.455792  0.289809  0.300280  0.386170  0.286488  0.103762  0.411159  0.321900  0.522826  0.456605  0.461833  0.445526  0.263467  0.213700  0.355373  0.139005  0.252106  0.353645  0.349100  0.768192  0.409558  0.395702  0.282149  0.231108  0.222379  0.385169  0.076077  0.558941  0.721893  0.793031  0.521228  0.485984  0.378453  0.408386  0.300950  0.425781  0.424119  0.207505  0.707715  0.398438  0.408733  0.382137  0.540611  0.497260  0.546016  0.542856  0.569856  0.186184  0.200161  0.059955  0.343495  0.676254  0.597020  0.157086  0.574827  0.398291  0.657435  0.491211  0.605094  0.184634  0.593528  0.628770  0.198608  0.262260  0.428661  0.051971  0.330051  0.401018  0.351242  0.331116  0.095563  0.508305  0.288455  0.387536  0.521388  0.429586  0.310077  0.501041  0.505421 
1  0.420241 0.0  0.323735  0.120745  0.344414  0.443382  0.218345  0.403634  0.334342  0.835827  0.417132  0.439959  0.232960  0.192671  0.464498  0.099320  0.285469  0.149412  0.396276  0.134614  0.507427  0.404995  0.360253  0.558654  0.325924  0.441810  0.109516  0.385650  0.280524  0.481412  0.084304  0.257123  0.321269  0.302692  0.449517  0.430270  0.339744  0.318236  0.405909  0.442884  0.577364  0.365149  0.291453  0.322870  0.570417  0.405503  0.279541  0.200884  0.401335  0.426844  0.460017  0.355476  0.382794  0.387576  0.338903  0.689427  0.665851  0.554428  0.265405  0.222109  0.625656  0.248167  0.323459  0.185311  0.269991  0.169646  0.199682  0.225920  0.272572  0.779397  0.185890  0.730867  0.427436  0.349894  0.650345  0.113921  0.199653  0.318112  0.302071  0.166805  0.326723  0.168701  0.213265  0.672905  0.388854  0.371694  0.361770  0.234920  0.273589  0.045513  0.000000  0.171466  0.171576  0.422158  0.194420  0.309313  0.208676  0.457721  0.259010  0.326035  0.580003  0.391388  0.363452  0.270766  0.443834  0.411889  0.403893  0.337496  0.327671  0.752920  0.337040  0.299343  0.358229  0.248467  0.572320  0.443342  0.290085  0.438831  0.440406  0.196640  0.188004  0.314699  0.229067  0.254872  0.206054  0.305801  0.262380  0.661512  0.473984  0.353362  0.095089  0.275304  0.207702  0.409208  0.063075  0.612277  0.078346  0.702889  0.061241  0.138357  0.237879  0.425674  0.051052  0.190471  0.444865  0.707094  0.669180  0.594166  0.398816  0.139996  0.352225  0.198299  0.524398  0.239702  0.285974  0.307813  0.486083  0.156999  0.070815  0.415087  0.365464  0.231945  0.237517  0.175713  0.194543  0.293949  0.189652  0.288102  0.351605  0.692225  0.437373  0.301716  0.480631  0.088223  0.371213  0.250704  0.420202  0.262434  0.757763  0.356775  0.412291  0.367198  0.204106  0.264887  0.268768  0.091211  0.267568  0.391897  0.317903  0.471492  0.153576  0.264283  0.532815  0.170584  0.392334  0.673951  0.171893 
2  0.330043  0.323735 0.0  0.392243  0.435557  0.468876  0.258085  0.025568  0.056864  0.793623  0.123632  0.404301  0.391317  0.177249  0.383076  0.332188  0.497715  0.281043  0.339238  0.260430  0.419049  0.062947  0.313461  0.211320  0.002618  0.498569  0.400172  0.223507  0.397707  0.196079  0.317676  0.376793  0.139340  0.245189  0.258480  0.712989  0.221634  0.229902  0.401861  0.141789  0.412265  0.011030  0.229676  0.472231  0.350722  0.388548  0.402909  0.514893  0.022670  0.184727  0.277481  0.048634  0.335858  0.254778  0.324876  0.695436  0.820588  0.545574  0.159454  0.156291  0.501560  0.392529  0.217794  0.287705  0.354661  0.439862  0.080694  0.234652  0.422052  0.695920  0.441674  0.387993  0.393431  0.380246  0.704366  0.300135  0.284221  0.317227  0.332763  0.381231  0.473574  0.344814  0.077584  0.496035  0.412136  0.243285  0.385730  0.024861  0.181266  0.346269  0.383212  0.327598  0.355750  0.473098  0.293125  0.471163  0.149533  0.683102  0.266333  0.317389  0.650916  0.056583  0.135198  0.520449  0.249807  0.146585  0.354740  0.224614  0.471040  0.898989  0.489962  0.315849  0.177999  0.354380  0.494450  0.079773  0.263317  0.105277  0.445888  0.273827  0.256878  0.093283  0.175272  0.402158  0.262729  0.225236  0.270898  0.842720  0.392007  0.037186  0.413873  0.297756  0.143365  0.304758  0.264539  0.650036  0.234785  0.618475  0.332009  0.348163  0.105185  0.312727  0.344669  0.277315  0.357535  0.817915  0.758502  0.718101  0.462191  0.371173  0.089916  0.411763  0.591059  0.240976  0.298812  0.217888  0.508602  0.356752  0.275008  0.191279  0.544623  0.172251  0.250947  0.164668  0.602712  0.355142  0.289271  0.528084  0.197119  0.234112  0.217433  0.249812  0.412678  0.293188  0.569294  0.323667  0.507168  0.246799  0.795025  0.484695  0.314176  0.099900  0.318749  0.323389  0.140027  0.365059  0.057001  0.147447  0.345583  0.468090  0.293865  0.319279  0.405601  0.311119  0.005115  0.760457  0.318962 
3  0.454668  0.120745  0.392243 0.0  0.298719  0.530336  0.246849  0.305715  0.342565  0.791267  0.445788  0.370319  0.169226  0.259401  0.606666  0.123573  0.285388  0.204333  0.334794  0.224903  0.475085  0.308109  0.157949  0.607561  0.326546  0.304644  0.217787  0.234966  0.249547  0.468272  0.206126  0.077509  0.291921  0.276205  0.421265  0.481755  0.243791  0.285676  0.374090  0.436800  0.457120  0.369310  0.271434  0.313891  0.591793  0.251365  0.378785  0.269421  0.208310  0.320602  0.489945  0.361534  0.556626  0.319941  0.528583  0.769044  0.761426  0.725304  0.362925  0.231493  0.477230  0.117840  0.259397  0.231186  0.159235  0.162281  0.264469  0.313473  0.315969  0.690814  0.188274  0.806762  0.481807  0.284261  0.756914  0.266042  0.180110  0.311813  0.188790  0.212867  0.518796  0.156117  0.311513  0.784220  0.593125  0.309075  0.219379  0.311457  0.332010  0.132479  0.100652  0.125711  0.184544  0.398403  0.189091  0.376631  0.122541  0.359868  0.246149  0.237818  0.464348  0.288756  0.405321  0.298929  0.279277  0.347737  0.384920  0.357386  0.311749  0.662261  0.287106  0.329731  0.163546  0.218593  0.525149  0.249563  0.320178  0.374185  0.474110  0.042282  0.301419  0.331151  0.390529  0.267413  0.234778  0.222893  0.161291  0.820909  0.376576  0.489849  0.078250  0.300682  0.328341  0.441731  0.102576  0.504354  0.000000  0.790647  0.237803  0.149803  0.339821  0.493866  0.111781  0.196072  0.227774  0.653784  0.623456  0.650227  0.439936  0.177172  0.239712  0.100064  0.694732  0.288851  0.328866  0.229653  0.342264  0.207025  0.195900  0.317615  0.363291  0.209732  0.217013  0.135490  0.207668  0.381924  0.250684  0.335226  0.245594  0.582492  0.491258  0.283654  0.520725  0.156155  0.336850  0.193169  0.331364  0.233280  0.801904  0.315344  0.453907  0.357882  0.240282  0.417239  0.273502  0.221092  0.331817  0.341671  0.440881  0.538650  0.254881  0.231943  0.358949  0.182450  0.224915  0.765086  0.259678 
4  0.103890  0.344414  0.435557  0.298719 0.0  0.532717  0.219769  0.363962  0.302506  0.525401  0.411689  0.102309  0.346824  0.212416  0.494707  0.236333  0.268644  0.322535  0.066807  0.345003  0.658678  0.393821  0.269196  0.484438  0.449470  0.424592  0.236059  0.268335  0.000000  0.637419  0.305944  0.229301  0.421370  0.246697  0.063027  0.730485  0.405766  0.571194  0.078557  0.305203  0.408917  0.406428  0.608145  0.149545  0.521592  0.209144  0.186746  0.469079  0.253734  0.407023  0.057953  0.331662  0.093238  0.470180  0.051953  0.927818  0.580699  0.795884  0.297681  0.246136  0.336358  0.301453  0.271865  0.360026  0.354939  0.312593  0.264458  0.249699  0.103246  0.432313  0.297675  0.798989  0.066491  0.097434  0.844033  0.313913  0.215629  0.437839  0.402610  0.331145  0.526448  0.374389  0.272207  0.860408  0.650663  0.381700  0.331889  0.360968  0.446035  0.196886  0.312402  0.341730  0.357358  0.510580  0.328586  0.061361  0.299895  0.726920  0.332119  0.329042  0.809995  0.310934  0.375324  0.313483  0.359148  0.507676  0.118658  0.469070  0.119772  0.510346  0.235508  0.458571  0.494381  0.272429  0.659953  0.320942  0.321338  0.304263  0.527617  0.282565  0.167498  0.286428  0.313799  0.093964  0.329761  0.446135  0.181378  0.565937  0.515689  0.410946  0.395518  0.256787  0.365819  0.070056  0.412863  0.413601  0.349958  0.862662  0.332042  0.271994  0.367679  0.119586  0.456839  0.349548  0.096560  0.573517  0.538632  0.686103  0.390065  0.331276  0.306281  0.282511  0.335692  0.317788  0.255277  0.265075  0.503904  0.240429  0.373656  0.456775  0.536300  0.377158  0.329570  0.305795  0.636319  0.238801  0.307732  0.368392  0.427560  0.529002  0.542295  0.444006  0.450694  0.347414  0.493997  0.375116  0.510631  0.202413  0.625943  0.482542  0.080429  0.397381  0.249229  0.088661  0.438746  0.352944  0.384454  0.277292  0.067107  0.468059  0.293296  0.435488  0.379441  0.258405  0.287201  0.413829  0.296091 
5  0.411903  0.443382  0.468876  0.530336  0.532717 0.0  0.496852  0.540203  0.498669  0.426928  0.447337  0.393075  0.445716  0.392810  0.492474  0.546384  0.412770  0.455104  0.468615  0.514017  0.444653  0.552949  0.453982  0.513197  0.438445  0.527480  0.484803  0.396478  0.437628  0.456640  0.528240  0.474442  0.519614  0.447036  0.432465  0.462260  0.394645  0.470953  0.437003  0.461522  0.354023  0.475799  0.466866  0.510104  0.375376  0.466939  0.497541  0.522591  0.410131  0.446143  0.556552  0.518051  0.488258  0.418493  0.512763  0.367290  0.559515  0.400738  0.482625  0.388290  0.488113  0.428387  0.456220  0.435484  0.430223  0.410827  0.471398  0.455583  0.445179  0.356173  0.418708  0.427717  0.449077  0.469355  0.466086  0.398859  0.446751  0.482943  0.428048  0.494650  0.449097  0.514408  0.406630  0.432272  0.406347  0.448665  0.528195  0.509027  0.410817  0.488853  0.466324  0.384652  0.495721  0.461683  0.479416  0.539206  0.435641  0.412973  0.490929  0.437151  0.469473  0.502664  0.523149  0.451291  0.400107  0.485473  0.394757  0.442412  0.509227  0.518245  0.464793  0.432258  0.432491  0.513691  0.476390  0.524591  0.430609  0.584815  0.439809  0.502326  0.542289  0.402449  0.306747  0.476698  0.412209  0.421751  0.466964  0.489783  0.455349  0.379472  0.447156  0.375425  0.424530  0.438086  0.445962  0.329164  0.508965  0.522380  0.531656  0.415439  0.484702  0.452182  0.446980  0.509011  0.357057  0.489692  0.562053  0.523992  0.487308  0.537501  0.504657  0.455915  0.488879  0.440429  0.489559  0.419764  0.486757  0.424321  0.404236  0.430323  0.447700  0.364945  0.553451  0.591677  0.401742  0.595146  0.480566  0.440681  0.490671  0.466305  0.410275  0.454162  0.400835  0.323750  0.470616  0.516126  0.545681  0.546166  0.512364  0.454755  0.432326  0.471949  0.509109  0.368332  0.555954  0.383072  0.478190  0.454205  0.513722  0.517537  0.411753  0.466710  0.447919  0.464909  0.500249  0.447999  0.471163 
6  0.242132  0.218345  0.258085  0.246849  0.219769  0.496852 0.0  0.223757  0.276300  0.653983  0.237299  0.338006  0.248344  0.335180  0.483255  0.301503  0.166659  0.258815  0.313604  0.282033  0.401525  0.246422  0.263420  0.419613  0.325488  0.366625  0.271792  0.200735  0.142765  0.500189  0.176268  0.282677  0.200096  0.279694  0.246284  0.666097  0.242430  0.232174  0.124496  0.270322  0.476526  0.081445  0.247426  0.221251  0.502550  0.194337  0.274932  0.468221  0.208277  0.111143  0.156005  0.239573  0.286338  0.252021  0.223041  0.610950  0.729531  0.674929  0.239500  0.265746  0.528232  0.161976  0.282483  0.267042  0.286525  0.324471  0.286171  0.206729  0.210996  0.663561  0.197923  0.644117  0.285375  0.269091  0.599128  0.267992  0.398413  0.281669  0.247107  0.309321  0.409071  0.318825  0.255832  0.491280  0.465756  0.186675  0.333309  0.242445  0.300504  0.308429  0.220451  0.248170  0.318766  0.423323  0.212452  0.259898  0.294825  0.606036  0.258300  0.230566  0.693624  0.144241  0.208859  0.221214  0.183230  0.185055  0.297365  0.242207  0.323994  0.602370  0.330180  0.304370  0.256211  0.204084  0.501234  0.243928  0.214687  0.275363  0.432382  0.239047  0.344261  0.193387  0.266975  0.346739  0.292659  0.248448  0.251926  0.653630  0.311140  0.241423  0.214526  0.287045  0.212676  0.194957  0.266766  0.426101  0.241778  0.563646  0.194881  0.247739  0.365525  0.385252  0.275556  0.256319  0.318117  0.542182  0.663403  0.701383  0.569944  0.270549  0.184004  0.251118  0.447643  0.289731  0.279151  0.209767  0.457115  0.294339  0.123695  0.286539  0.416283  0.208829  0.292870  0.226086  0.465564  0.233480  0.261318  0.293440  0.164511  0.443583  0.406832  0.269676  0.341808  0.247963  0.301657  0.139323  0.435897  0.218877  0.594383  0.429703  0.280071  0.219247  0.282213  0.249626  0.317136  0.268463  0.159142  0.192052  0.243140  0.496700  0.219450  0.291912  0.403560  0.268754  0.279831  0.734711  0.219408 
7  0.394209  0.403634  0.025568  0.305715  0.363962  0.540203  0.223757 0.0  0.281719  0.754464  0.090553  0.386222  0.233235  0.266497  0.380114  0.208685  0.270979  0.402149  0.396421  0.277677  0.296253  0.135687  0.326090  0.429830  0.100425  0.626722  0.359560  0.176933  0.325937  0.295281  0.324282  0.360284  0.096650  0.223710  0.329131  0.835400  0.000000  0.045689  0.221996  0.244226  0.499451  0.306151  0.136604  0.313204  0.339576  0.190071  0.327731  0.718034  0.230014  0.015947  0.316385  0.110987  0.399452  0.083782  0.323061  0.477814  0.575301  0.482816  0.116241  0.251895  0.532853  0.250899  0.296173  0.371834  0.227893  0.280259  0.237277  0.255798  0.335706  0.699275  0.325458  0.566489  0.269486  0.278579  0.405639  0.311560  0.295419  0.123854  0.286264  0.293949  0.492415  0.372397  0.000000  0.553857  0.294310  0.453050  0.264176  0.203925  0.066684  0.468551  0.341988  0.492658  0.380518  0.537059  0.328883  0.341466  0.292770  0.951622  0.354557  0.353970  0.863942  0.107032  0.174578  0.255410  0.168569  0.082821  0.382991  0.076253  0.309324  0.736094  0.331049  0.109201  0.127518  0.307461  0.245897  0.060393  0.343864  0.145983  0.494562  0.445363  0.235515  0.269055  0.052738  0.304985  0.363542  0.053496  0.389262  0.685246  0.508330  0.244309  0.442600  0.293768  0.050317  0.248765  0.548747  0.478385  0.370084  0.463739  0.233847  0.270677  0.120704  0.217245  0.347137  0.291675  0.300731  0.679998  0.773929  0.728675  0.389416  0.241515  0.196908  0.273063  0.530142  0.357543  0.299432  0.261502  0.573625  0.366285  0.279787  0.146050  0.720812  0.330339  0.357051  0.335130  0.622923  0.260285  0.303281  0.329710  0.000000  0.354174  0.409516  0.068469  0.512170  0.345277  0.528815  0.321211  0.523584  0.174931  0.780605  0.498528  0.312901  0.172931  0.286129  0.481549  0.195908  0.366012  0.141913  0.052702  0.435164  0.441323  0.287543  0.221283  0.399161  0.287766  0.003070  0.790838  0.350205 
8  0.375002  0.334342  0.056864  0.342565  0.302506  0.498669  0.276300  0.281719 0.0  0.833153  0.236480  0.467667  0.361860  0.276171  0.517707  0.374210  0.395377  0.284327  0.431922  0.299966  0.248236  0.007515  0.306537  0.324512  0.048531  0.562988  0.289349  0.306258  0.304845  0.233081  0.359255  0.340968  0.067949  0.249615  0.319419  0.841084  0.086004  0.159662  0.363256  0.124886  0.514178  0.229782  0.075652  0.405599  0.352633  0.290325  0.345048  0.649123  0.309840  0.125651  0.342380  0.076041  0.302518  0.119547  0.301727  0.524341  0.741108  0.427535  0.000000  0.267592  0.496791  0.285101  0.179363  0.260096  0.355248  0.342274  0.158958  0.380134  0.367181  0.802340  0.386394  0.586270  0.303062  0.282476  0.576610  0.357770  0.274463  0.103765  0.379486  0.394423  0.605329  0.364920  0.113130  0.530957  0.308918  0.536346  0.211140  0.241801  0.173969  0.371744  0.466278  0.264542  0.490531  0.501276  0.317909  0.281712  0.452213  0.818180  0.389169  0.406385  0.939733  0.122686  0.158285  0.222535  0.095973  0.121457  0.448363  0.000000  0.360972  0.695425  0.362439  0.038459  0.104583  0.316482  0.350950  0.000000  0.241259  0.094624  0.316941  0.392639  0.316270  0.179989  0.108861  0.337033  0.293330  0.046923  0.341075  0.797619  0.419709  0.192288  0.482134  0.200590  0.067613  0.309860  0.430717  0.718779  0.431675  0.403568  0.445894  0.313503  0.237163  0.233879  0.428613  0.220350  0.344454  0.749408  0.788645  0.629045  0.505225  0.304526  0.185237  0.334895  0.511298  0.340024  0.334438  0.210169  0.431351  0.342248  0.367009  0.057968  0.680030  0.328550  0.296196  0.293808  0.706904  0.363064  0.225162  0.239020  0.044103  0.352490  0.260563  0.000000  0.432266  0.297522  0.505664  0.258075  0.497121  0.259886  0.707235  0.500186  0.293993  0.047881  0.372270  0.335167  0.194446  0.298948  0.187464  0.071500  0.379450  0.423470  0.288404  0.202935  0.525640  0.310349  0.200667  0.888224  0.260740 
9  0.386430  0.835827  0.793623  0.791267  0.525401  0.426928  0.653983  0.754464  0.833153 0.0  0.787825  0.559679  0.848267  0.585068  0.552680  0.848235  0.543415  0.860074  0.677449  0.705789  0.643650  0.785912  0.575398  0.534647  0.747358  0.471279  0.698047  0.699708  0.547477  0.554505  0.870903  0.731103  0.720697  0.707020  0.531191  0.753145  0.723382  0.749708  0.463490  0.802161  0.387109  0.701278  0.892756  0.484525  0.535241  0.506063  0.512206  0.615753  0.718659  0.833761  0.504575  0.760841  0.568276  0.743323  0.592453  0.461869  0.065943  0.363073  0.804926  0.602657  0.393331  0.815570  0.632615  0.699804  0.841375  0.745131  0.714150  0.728236  0.464268  0.175768  0.765503  0.678084  0.501035  0.590592  0.868642  0.880369  0.801237  0.824941  0.864624  0.765216  0.636964  0.762847  0.779661  0.781487  0.484963  0.741697  0.588101  0.814769  0.804462  0.735666  0.805268  0.797462  0.721192  0.556577  0.846733  0.567818  0.847519  0.446107  0.878966  0.782537  0.395575  0.848072  0.749334  0.472607  0.827942  0.848132  0.542587  0.742915  0.523848  0.159812  0.542036  0.764016  0.771129  0.599279  0.564299  0.736643  0.750208  0.729946  0.435925  0.833569  0.672803  0.778502  0.732410  0.550331  0.742844  0.810472  0.845465  0.069690  0.516359  0.667853  0.677165  0.587904  0.862329  0.556442  0.893794  0.426126  0.885953  0.792555  0.757488  0.772193  0.779345  0.529109  0.669029  0.769841  0.610921  0.153031  0.455458  0.810825  0.366104  0.773963  0.818531  0.793306  0.349632  0.734417  0.639245  0.602683  0.605136  0.804441  0.877606  0.758902  0.512405  0.703873  0.792228  0.733970  0.521796  0.582448  0.613734  0.445754  0.807558  0.577145  0.621032  0.810210  0.377968  0.804126  0.690339  0.750715  0.541194  0.570362  0.507923  0.608191  0.499896  0.771381  0.853444  0.569197  0.732581  0.798871  0.851438  0.772903  0.456428  0.364862  0.634353  0.797663  0.436676  0.789614  0.834228  0.061191  0.721798 
10  0.468076  0.417132  0.123632  0.445788  0.411689  0.447337  0.237299  0.090553  0.236480  0.787825 0.0  0.444135  0.352519  0.296098  0.464375  0.415790  0.355677  0.430183  0.491078  0.309485  0.262156  0.127895  0.191447  0.243056  0.113294  0.523072  0.341721  0.381729  0.395759  0.320716  0.332881  0.569899  0.122344  0.248771  0.487382  0.812408  0.131598  0.086553  0.433729  0.178240  0.354958  0.144075  0.253710  0.337641  0.354503  0.442468  0.404451  0.635508  0.178779  0.115225  0.321120  0.170431  0.356594  0.162505  0.346175  0.509918  0.779354  0.448061  0.134297  0.297997  0.586805  0.447902  0.204105  0.378724  0.438748  0.442773  0.173522  0.347911  0.439675  0.864597  0.355123  0.443186  0.323453  0.314433  0.476344  0.357383  0.367386  0.158681  0.434847  0.282859  0.567890  0.414551  0.200680  0.630412  0.387884  0.325053  0.219326  0.172815  0.120087  0.371828  0.378700  0.354143  0.417856  0.535677  0.403697  0.381312  0.473908  0.768114  0.346049  0.373955  0.796025  0.211331  0.077354  0.382333  0.178141  0.116038  0.310298  0.003017  0.248324  0.773553  0.373337  0.149132  0.075890  0.155907  0.328750  0.207071  0.413563  0.131958  0.498669  0.393314  0.289125  0.104364  0.215998  0.425047  0.326757  0.125924  0.375653  0.689364  0.465775  0.133024  0.390347  0.047075  0.138078  0.457010  0.376953  0.661998  0.482366  0.577295  0.474669  0.327898  0.145622  0.336074  0.396043  0.375129  0.344632  0.738140  0.778705  0.701354  0.446023  0.434747  0.123970  0.429231  0.450303  0.411778  0.397924  0.320090  0.551169  0.451572  0.393213  0.178595  0.608292  0.387983  0.450681  0.362932  0.628083  0.167803  0.264859  0.397311  0.076064  0.367477  0.316077  0.144054  0.438880  0.395767  0.510421  0.338866  0.477889  0.273909  0.815713  0.673143  0.357474  0.122557  0.462507  0.464421  0.106275  0.359244  0.101060  0.164011  0.361360  0.432251  0.264443  0.295300  0.404358  0.381255  0.154993  0.812991  0.375099 
11  0.106409  0.439959  0.404301  0.370319  0.102309  0.393075  0.338006  0.386222  0.467667  0.559679  0.444135 0.0  0.312074  0.260807  0.397306  0.309338  0.152099  0.442128  0.151444  0.276689  0.582920  0.394437  0.325610  0.669914  0.435516  0.645796  0.307859  0.241788  0.111045  0.574641  0.346851  0.419276  0.356469  0.232061  0.163891  0.790566  0.364679  0.284546  0.075462  0.469367  0.405226  0.407693  0.351888  0.086361  0.519978  0.113374  0.079025  0.600535  0.387734  0.438302  0.112276  0.454005  0.089452  0.311291  0.242257  0.722947  0.321168  0.702601  0.412399  0.305472  0.249502  0.409194  0.227021  0.369439  0.476592  0.362881  0.385077  0.298594  0.117868  0.567738  0.432833  0.775097  0.067628  0.235798  0.695573  0.370992  0.396972  0.267858  0.356316  0.397706  0.532553  0.347046  0.396756  0.861590  0.473567  0.367579  0.234890  0.311325  0.399804  0.511329  0.293231  0.372152  0.395671  0.487761  0.379313  0.113593  0.317844  0.856981  0.337725  0.353296  0.751022  0.368271  0.286840  0.116764  0.344706  0.331579  0.114921  0.393042  0.054937  0.487430  0.157350  0.535610  0.459675  0.234956  0.603235  0.317787  0.462912  0.415041  0.384237  0.394143  0.326820  0.331368  0.435719  0.147966  0.421270  0.335651  0.494393  0.547509  0.414759  0.448918  0.367430  0.317440  0.382212  0.223012  0.355274  0.302330  0.393916  0.780803  0.359053  0.397347  0.484294  0.140254  0.354443  0.438972  0.037208  0.532477  0.703527  0.702153  0.407838  0.361974  0.377140  0.378411  0.299970  0.405271  0.495481  0.454389  0.632297  0.519608  0.291365  0.319571  0.530745  0.400801  0.441901  0.330609  0.572591  0.275241  0.285630  0.126097  0.349754  0.541578  0.586143  0.380201  0.397685  0.399903  0.575346  0.387556  0.617077  0.302154  0.562295  0.611840  0.093807  0.359151  0.291586  0.155688  0.388292  0.390941  0.405804  0.487752  0.132309  0.389021  0.265791  0.299639  0.453977  0.354879  0.348151  0.489964  0.369358 
12  0.420874  0.232960  0.391317  0.169226  0.346824  0.445716  0.248344  0.233235  0.361860  0.848267  0.352519  0.312074 0.0  0.285089  0.317157  0.242595  0.298980  0.151242  0.265317  0.193506  0.630974  0.379383  0.266545  0.471967  0.439133  0.400793  0.235700  0.245699  0.256939  0.375470  0.143793  0.149078  0.361095  0.234023  0.419653  0.529991  0.475118  0.287235  0.505179  0.444964  0.389045  0.365644  0.449471  0.343892  0.425603  0.435201  0.324493  0.184713  0.336390  0.372321  0.426404  0.338950  0.476136  0.311042  0.423288  0.623342  0.659004  0.751443  0.306705  0.257965  0.459816  0.207042  0.160084  0.262037  0.226076  0.200898  0.204061  0.242924  0.299541  0.641428  0.164556  0.788713  0.483143  0.330457  0.718791  0.226402  0.176105  0.299112  0.165081  0.159412  0.477706  0.194815  0.324822  0.827149  0.507683  0.274678  0.199900  0.350316  0.341124  0.000000  0.076793  0.229065  0.189184  0.461414  0.147326  0.422104  0.195303  0.408720  0.135415  0.408263  0.392412  0.262457  0.411709  0.332206  0.445794  0.407561  0.431807  0.333508  0.490222  0.757340  0.373465  0.290862  0.357223  0.171924  0.586252  0.305558  0.096151  0.388710  0.618487  0.062403  0.261161  0.233125  0.292172  0.411034  0.229837  0.335098  0.219414  0.615940  0.382166  0.382330  0.031068  0.298731  0.238180  0.454785  0.109545  0.587846  0.070436  0.658604  0.216903  0.182222  0.227910  0.508338  0.167192  0.237366  0.346853  0.699253  0.604677  0.576123  0.429931  0.289253  0.319421  0.258939  0.627994  0.235483  0.092665  0.221047  0.414373  0.155127  0.205464  0.271568  0.244288  0.142192  0.256971  0.198636  0.238299  0.155438  0.295013  0.322791  0.377030  0.624710  0.598756  0.351219  0.552405  0.139272  0.389650  0.130927  0.333488  0.202623  0.804630  0.450863  0.397179  0.367938  0.215344  0.327359  0.340876  0.234813  0.305238  0.396794  0.397372  0.504476  0.246665  0.121706  0.469844  0.218291  0.376815  0.759637  0.209776 
13  0.335723  0.192671  0.177249  0.259401  0.212416  0.392810  0.335180  0.266497  0.276171  0.585068  0.296098  0.260807  0.285089 0.0  0.286799  0.213357  0.200741  0.298331  0.273355  0.259159  0.475829  0.274284  0.350955  0.537755  0.310171  0.503094  0.314957  0.214461  0.234372  0.468939  0.297414  0.210613  0.313744  0.286334  0.340605  0.655273  0.268474  0.244527  0.261677  0.254781  0.474286  0.272175  0.282315  0.307483  0.380701  0.211762  0.284848  0.400469  0.274989  0.253305  0.266367  0.201397  0.215716  0.329050  0.225082  0.660896  0.764335  0.556603  0.259447  0.248878  0.382566  0.354711  0.250838  0.250263  0.221366  0.104035  0.315141  0.188461  0.251343  0.617330  0.182652  0.570489  0.219851  0.248629  0.697112  0.298388  0.227585  0.313626  0.298009  0.224494  0.468609  0.233341  0.229647  0.590398  0.479416  0.281921  0.276950  0.221107  0.276318  0.325244  0.301847  0.169542  0.207743  0.514576  0.200966  0.252910  0.360105  0.551205  0.315954  0.242132  0.610816  0.268360  0.240364  0.205665  0.180827  0.234226  0.206163  0.252079  0.217451  0.625011  0.188815  0.284092  0.264207  0.253808  0.496065  0.230043  0.282241  0.261072  0.445931  0.302299  0.402386  0.217672  0.241122  0.196093  0.256222  0.170945  0.242535  0.646276  0.413622  0.301792  0.236681  0.220523  0.194829  0.254022  0.143225  0.361105  0.252009  0.724283  0.201561  0.214504  0.232835  0.190761  0.237788  0.143995  0.276216  0.715688  0.673240  0.683670  0.568484  0.299209  0.253509  0.286477  0.535560  0.235091  0.246555  0.132332  0.402992  0.171400  0.277805  0.205107  0.507550  0.207518  0.233098  0.234775  0.420619  0.275386  0.351310  0.319831  0.257236  0.395903  0.410156  0.156597  0.377089  0.287249  0.421052  0.215318  0.502858  0.196516  0.542849  0.324883  0.177178  0.148239  0.256397  0.234618  0.234473  0.284009  0.291832  0.278397  0.226982  0.384217  0.249480  0.321726  0.442086  0.295438  0.323503  0.605543  0.261705 
14  0.397037  0.464498  0.383076  0.606666  0.494707  0.492474  0.483255  0.380114  0.517707  0.552680  0.464375  0.397306  0.317157  0.286799 0.0  0.483160  0.374423  0.431813  0.381018  0.420145  0.534552  0.578465  0.436303  0.443752  0.377745  0.455121  0.383812  0.512500  0.539191  0.438401  0.395959  0.546061  0.472645  0.458650  0.423331  0.517140  0.548268  0.495331  0.435090  0.406885  0.458935  0.561624  0.385146  0.494675  0.542750  0.435356  0.441769  0.370243  0.454560  0.487009  0.465870  0.516624  0.447851  0.512643  0.423702  0.370851  0.438912  0.417440  0.527034  0.421704  0.523718  0.442416  0.490661  0.403478  0.377553  0.404520  0.558422  0.425902  0.470585  0.549112  0.428343  0.466831  0.466918  0.473611  0.430200  0.418850  0.440180  0.452161  0.441544  0.450647  0.379070  0.518141  0.480337  0.454880  0.473013  0.480070  0.410569  0.437597  0.376033  0.388441  0.494563  0.534454  0.420749  0.420525  0.400073  0.414807  0.377268  0.535035  0.479015  0.529533  0.519265  0.483932  0.456873  0.445994  0.508982  0.363130  0.412921  0.445146  0.492766  0.412663  0.530984  0.427116  0.452829  0.418653  0.427649  0.487381  0.433414  0.388192  0.347587  0.454345  0.593364  0.430146  0.374314  0.418639  0.435112  0.365690  0.472274  0.416896  0.483935  0.414008  0.422539  0.483417  0.525010  0.386561  0.490989  0.454238  0.423694  0.420107  0.471904  0.454707  0.447807  0.474459  0.525597  0.425267  0.422692  0.415476  0.491090  0.410964  0.423961  0.375134  0.495858  0.361010  0.330028  0.443077  0.470021  0.495768  0.393897  0.458176  0.540191  0.373141  0.445087  0.414720  0.437867  0.381353  0.536787  0.421296  0.499336  0.475652  0.428954  0.384947  0.436597  0.528770  0.474640  0.417753  0.527217  0.485460  0.476862  0.465186  0.453454  0.406199  0.364134  0.476506  0.456871  0.467128  0.433449  0.393555  0.462404  0.464239  0.374980  0.377529  0.416100  0.546330  0.398243  0.561751  0.451715  0.423884  0.487797 
15  0.483320  0.099320  0.332188  0.123573  0.236333  0.546384  0.301503  0.208685  0.374210  0.848235  0.415790  0.309338  0.242595  0.213357  0.483160 0.0  0.271550  0.290760  0.266881  0.201275  0.508423  0.351917  0.312233  0.438155  0.352720  0.444218  0.169211  0.290396  0.337333  0.522723  0.190037  0.118799  0.285638  0.250656  0.451691  0.422397  0.332621  0.294549  0.449378  0.437905  0.408501  0.333607  0.221548  0.368999  0.622241  0.363591  0.475482  0.290692  0.366038  0.365463  0.390980  0.416416  0.457466  0.343742  0.436886  0.673037  0.763573  0.790737  0.378949  0.264863  0.621726  0.228649  0.091920  0.159651  0.254370  0.156685  0.284422  0.235457  0.413048  0.756318  0.199690  0.692476  0.515676  0.381597  0.807827  0.148302  0.227989  0.334077  0.292567  0.160371  0.460131  0.285683  0.342298  0.745753  0.464453  0.266208  0.126294  0.231315  0.336557  0.061938  0.067541  0.166676  0.256478  0.423675  0.239738  0.320653  0.157456  0.433482  0.208169  0.216746  0.393633  0.348329  0.370383  0.302546  0.420271  0.486704  0.384779  0.375215  0.398731  0.669228  0.348525  0.405355  0.407940  0.239670  0.631544  0.258071  0.257208  0.375188  0.447775  0.090272  0.264509  0.258889  0.368738  0.385959  0.197686  0.331206  0.249156  0.684804  0.374692  0.306908  0.024120  0.215489  0.369360  0.492901  0.065070  0.531764  0.040277  0.729773  0.273909  0.180457  0.329196  0.480641  0.094164  0.196819  0.231496  0.741424  0.563562  0.533326  0.554804  0.127790  0.281670  0.257409  0.624332  0.190617  0.131680  0.141687  0.397925  0.213905  0.206549  0.341893  0.130414  0.215068  0.153454  0.151555  0.218641  0.261631  0.224774  0.392661  0.361110  0.612788  0.506538  0.339426  0.487411  0.246509  0.433893  0.227798  0.482837  0.235630  0.814585  0.304908  0.471006  0.298011  0.135622  0.279269  0.263347  0.303495  0.294331  0.335303  0.407065  0.442561  0.263154  0.109396  0.509149  0.150783  0.281243  0.750230  0.141748 
16  0.033767  0.285469  0.497715  0.285388  0.268644  0.412770  0.166659  0.270979  0.395377  0.543415  0.355677  0.152099  0.298980  0.200741  0.374423  0.271550 0.0  0.436555  0.127701  0.255452  0.586312  0.469655  0.257671  0.505853  0.462934  0.439360  0.372634  0.277630  0.139802  0.438663  0.306916  0.355231  0.533135  0.163067  0.000000  0.685254  0.414190  0.443009  0.021986  0.335711  0.396048  0.279886  0.440171  0.282644  0.623815  0.050696  0.021382  0.567513  0.197768  0.479392  0.121386  0.299866  0.123696  0.416066  0.096825  0.873631  0.512403  0.805140  0.290146  0.277159  0.386677  0.345628  0.308713  0.309503  0.269952  0.314351  0.323376  0.291146  0.237078  0.516246  0.410404  0.691009  0.075585  0.074029  0.812728  0.368540  0.366055  0.517235  0.236419  0.321586  0.434682  0.229153  0.366835  0.761062  0.589538  0.263030  0.287044  0.349864  0.473578  0.286281  0.257962  0.348823  0.298712  0.460496  0.382357  0.235132  0.283589  0.644981  0.317389  0.412072  0.689784  0.279192  0.334599  0.120047  0.466315  0.270828  0.203342  0.412864  0.094504  0.566266  0.292615  0.395496  0.474991  0.227365  0.659125  0.207842  0.373671  0.409048  0.455083  0.285109  0.325475  0.398595  0.341705  0.192581  0.376404  0.402419  0.305540  0.525522  0.411965  0.464522  0.349617  0.295552  0.444954  0.121016  0.297089  0.404890  0.198758  0.824407  0.308169  0.353281  0.389119  0.028969  0.471698  0.350139  0.030947  0.618356  0.625896  0.687860  0.357535  0.328615  0.317027  0.358312  0.387496  0.310561  0.303413  0.193060  0.515639  0.364507  0.321783  0.419200  0.455276  0.277959  0.229154  0.396375  0.419200  0.421163  0.276849  0.189454  0.594209  0.531078  0.619004  0.384510  0.311083  0.314620  0.590373  0.303594  0.683877  0.346987  0.535213  0.544655  0.142847  0.512824  0.375855  0.134679  0.395894  0.301943  0.309438  0.243092  0.066263  0.563374  0.298602  0.294653  0.452734  0.402325  0.368490  0.493678  0.343152 
17  0.423645  0.149412  0.281043  0.204333  0.322535  0.455104  0.258815  0.402149  0.284327  0.860074  0.430183  0.442128  0.151242  0.298331  0.431813  0.290760  0.436555 0.0  0.348572  0.085001  0.457560  0.342759  0.323614  0.590893  0.418079  0.345925  0.264852  0.275269  0.292365  0.401392  0.158921  0.135780  0.263913  0.328788  0.374257  0.483147  0.343482  0.227276  0.513067  0.331807  0.456888  0.336093  0.291651  0.410968  0.531949  0.208463  0.289994  0.244532  0.403478  0.299232  0.412248  0.240079  0.405591  0.346085  0.493666  0.657355  0.760261  0.783612  0.243877  0.283684  0.669218  0.140152  0.274138  0.282168  0.208922  0.190289  0.287188  0.210472  0.235097  0.683452  0.189077  0.636069  0.453035  0.402745  0.780660  0.175580  0.162114  0.312476  0.105788  0.211441  0.377146  0.134318  0.443970  0.797713  0.566025  0.319199  0.134428  0.293834  0.228825  0.110073  0.053843  0.144016  0.192197  0.363508  0.157274  0.272340  0.155886  0.480994  0.227104  0.420381  0.494368  0.366063  0.366825  0.247168  0.411812  0.434364  0.443742  0.370090  0.280652  0.684938  0.318061  0.268377  0.362187  0.277547  0.508761  0.323886  0.171043  0.359200  0.555219  0.107242  0.338204  0.345667  0.268860  0.262571  0.187528  0.305821  0.189301  0.746257  0.428677  0.362694  0.088346  0.187081  0.376082  0.404638  0.094553  0.599279  0.117861  0.669936  0.167542  0.144662  0.381794  0.389604  0.073493  0.193634  0.390205  0.761046  0.535212  0.477241  0.457266  0.166965  0.354196  0.179341  0.576144  0.283024  0.154299  0.310880  0.486673  0.184437  0.203552  0.403222  0.355968  0.241973  0.212228  0.222763  0.273450  0.215484  0.343689  0.439858  0.377480  0.494736  0.491861  0.311556  0.485802  0.122052  0.448561  0.123797  0.309527  0.181672  0.746390  0.224536  0.392857  0.321129  0.169638  0.468853  0.417963  0.144121  0.232389  0.302442  0.306104  0.420315  0.188790  0.241881  0.465452  0.326813  0.374187  0.702858  0.179434 
18  0.108659  0.396276  0.339238  0.334794  0.066807  0.468615  0.313604  0.396421  0.431922  0.677449  0.491078  0.151444  0.265317  0.273355  0.381018  0.266881  0.127701  0.348572 0.0  0.338409  0.508372  0.279627  0.263557  0.625854  0.280608  0.495974  0.286322  0.219842  0.000000  0.687413  0.431352  0.395402  0.335123  0.174210  0.095685  0.808372  0.365050  0.293263  0.081843  0.453979  0.540686  0.413538  0.299623  0.049663  0.553425  0.072226  0.132404  0.629569  0.451380  0.305135  0.074062  0.428156  0.174276  0.324194  0.000000  0.697140  0.353227  0.826429  0.262162  0.247562  0.426418  0.335117  0.207998  0.377454  0.321751  0.371093  0.442877  0.184556  0.000000  0.435585  0.404454  0.877885  0.033912  0.000000  0.716403  0.342049  0.337755  0.390763  0.328992  0.339112  0.462710  0.335702  0.356921  0.771978  0.504034  0.407044  0.216990  0.490752  0.280055  0.518902  0.429731  0.401319  0.302674  0.435622  0.277541  0.045725  0.337412  0.905219  0.288108  0.539197  0.748410  0.383096  0.385570  0.044442  0.321765  0.339735  0.113798  0.389430  0.215212  0.437200  0.063304  0.291614  0.314913  0.178315  0.465875  0.378056  0.255495  0.463233  0.450891  0.445365  0.163022  0.397566  0.269546  0.069589  0.236409  0.281585  0.282500  0.548721  0.478510  0.325644  0.346555  0.250802  0.229688  0.037966  0.540612  0.299488  0.352171  0.726599  0.234372  0.127599  0.367535  0.143363  0.293450  0.358972  0.140834  0.348679  0.727908  0.756249  0.471429  0.330111  0.558740  0.307265  0.264111  0.370067  0.380395  0.321584  0.611621  0.209874  0.349426  0.357744  0.692107  0.426525  0.206603  0.294346  0.681335  0.319415  0.327721  0.136780  0.340051  0.580786  0.638297  0.298992  0.387285  0.362929  0.575823  0.271728  0.548759  0.190991  0.441413  0.542300  0.042911  0.325298  0.343097  0.174912  0.275884  0.345942  0.436787  0.348220  0.107753  0.484569  0.366303  0.382555  0.450543  0.302501  0.358149  0.565720  0.408593 
19  0.409729  0.134614  0.260430  0.224903  0.345003  0.514017  0.282033  0.277677  0.299966  0.705789  0.309485  0.276689  0.193506  0.259159  0.420145  0.201275  0.255452  0.085001  0.338409 0.0  0.365224  0.396151  0.336247  0.566442  0.371215  0.371510  0.153027  0.328137  0.292707  0.451206  0.234095  0.259305  0.305807  0.212772  0.495293  0.388891  0.328321  0.372567  0.412615  0.456140  0.403686  0.279251  0.349106  0.242100  0.589332  0.317886  0.351107  0.213925  0.274365  0.254893  0.441361  0.283348  0.481541  0.318139  0.513469  0.793337  0.822483  0.768983  0.352515  0.178095  0.606378  0.230170  0.243130  0.146950  0.228687  0.183678  0.224160  0.252868  0.297219  0.672499  0.153338  0.667667  0.490580  0.350489  0.668791  0.127259  0.176843  0.396618  0.170392  0.139937  0.441072  0.128251  0.283505  0.816027  0.481926  0.286143  0.263002  0.356960  0.276378  0.000000  0.000000  0.161554  0.225851  0.458393  0.203523  0.434491  0.144476  0.355838  0.121087  0.333405  0.392651  0.286587  0.352940  0.291749  0.357527  0.419511  0.389793  0.315738  0.278131  0.638476  0.346094  0.369406  0.324792  0.259111  0.546781  0.332257  0.236587  0.412661  0.407473  0.000000  0.315845  0.279340  0.285721  0.368281  0.239857  0.383512  0.148120  0.742332  0.496156  0.404956  0.059581  0.264955  0.310589  0.422489  0.018766  0.601445  0.016107  0.631283  0.213057  0.161267  0.363364  0.477775  0.017599  0.139688  0.336072  0.753489  0.474419  0.526272  0.446650  0.182226  0.316090  0.167940  0.546183  0.289685  0.183371  0.287768  0.343180  0.067802  0.143308  0.370671  0.251762  0.244913  0.207728  0.169432  0.279976  0.186087  0.132253  0.327848  0.254231  0.594034  0.469653  0.347120  0.486140  0.165980  0.372340  0.207192  0.385195  0.292972  0.746553  0.417456  0.511283  0.315154  0.198763  0.301862  0.371545  0.164276  0.366907  0.421528  0.311397  0.441012  0.282401  0.158601  0.388982  0.198635  0.292983  0.706430  0.134592 
