197
0 0.0  0.434775  0.356595  0.416591  0.141774  0.571068  0.272023  0.252840  0.316808  0.652563  0.387531  0.000000  0.480820  0.329182  0.446301  0.405967  0.049025  0.417703  0.059776  0.421362  0.588779  0.321987  0.235559  0.565762  0.502239  0.632873  0.468693  0.264083  0.093457  0.500524  0.461477  0.498793  0.298364  0.272716  0.202962  0.743773  0.403115  0.260346  0.270445  0.357799  0.489234  0.355465  0.336096  0.048933  0.535484  0.073188  0.193218  0.587205  0.286362  0.410713  0.242184  0.306247  0.248522  0.379493  0.259305  0.782406  0.439689  0.794167  0.346110  0.282261  0.293864  0.444740  0.241076  0.390699  0.512459  0.406263  0.293047  0.264544  0.000000  0.469575  0.454422  0.701005  0.242960  0.056474  0.772621  0.390593  0.455647  0.431561  0.495112  0.521259  0.618940  0.446153  0.286346  0.735296  0.510582  0.363076  0.299157  0.388252  0.317055  0.317166  0.302126  0.471548  0.482208  0.701045  0.456649  0.000337  0.432285  0.787979  0.437366  0.376104  0.780563  0.400377  0.377489  0.082547  0.388451  0.413158  0.160049  0.325856  0.110976  0.402914  0.126276  0.222414  0.325351  0.228121  0.530438  0.324981  0.454609  0.454589  0.450855  0.435968  0.376153  0.413942  0.313103  0.125780  0.404950  0.331587  0.451570  0.551087  0.534903  0.375978  0.376905  0.258538  0.314973  0.293354  0.247195  0.274224  0.312969  0.661882  0.429636  0.404375  0.262018  0.216630  0.376282  0.492543  0.061147  0.436010  0.818564  0.777665  0.489079  0.329839  0.362152  0.395052  0.260982  0.416463  0.502281  0.201606  0.641879  0.459386  0.442028  0.352217  0.481457  0.384189  0.448399  0.570103  0.442877  0.253609  0.264045  0.079228  0.390093  0.628436  0.522102  0.286572  0.517080  0.452207  0.658233  0.455759  0.732699  0.300153  0.537162  0.514022  0.268446  0.405742  0.444965  0.102258  0.385929  0.467838  0.379804  0.251361  0.174944  0.349351  0.192135  0.407026  0.472700  0.461489  0.437699  0.447535  0.458061 
1  0.434775 0.0  0.333796  0.171641  0.318670  0.430412  0.262173  0.292328  0.255979  0.737380  0.404287  0.426342  0.090680  0.282994  0.416550  0.236134  0.349253  0.208735  0.264389  0.187325  0.526652  0.456032  0.347317  0.557264  0.280293  0.406254  0.269566  0.283659  0.350590  0.544825  0.135166  0.156014  0.322261  0.246191  0.447144  0.489493  0.335873  0.394146  0.482605  0.378486  0.499162  0.299259  0.420380  0.346828  0.657213  0.331006  0.459829  0.208526  0.280521  0.412690  0.347774  0.323120  0.452977  0.394907  0.383111  0.604349  0.771536  0.821819  0.348298  0.333295  0.587973  0.216711  0.239191  0.211604  0.077541  0.181221  0.352168  0.268110  0.413008  0.761222  0.244375  0.640000  0.437041  0.344498  0.667562  0.072162  0.281025  0.286357  0.242703  0.169216  0.508819  0.240454  0.301590  0.726741  0.573150  0.367164  0.298986  0.384658  0.380796  0.111300  0.023897  0.090096  0.177533  0.542245  0.213012  0.282953  0.198415  0.458891  0.202558  0.283892  0.432532  0.460976  0.433681  0.354703  0.470629  0.373819  0.365550  0.395297  0.388772  0.772125  0.368471  0.383508  0.320277  0.230170  0.476988  0.356161  0.214619  0.348213  0.373467  0.120191  0.185859  0.376404  0.390728  0.252876  0.143446  0.313415  0.154417  0.763703  0.435928  0.420382  0.050831  0.183791  0.369955  0.523583  0.112842  0.559022  0.115508  0.788855  0.154317  0.223292  0.373623  0.417705  0.077354  0.243428  0.374315  0.690777  0.504314  0.500408  0.516861  0.125150  0.332245  0.140340  0.504563  0.251612  0.233577  0.340037  0.367313  0.164892  0.215222  0.275961  0.286907  0.211394  0.218301  0.149623  0.274897  0.185940  0.314678  0.373730  0.296177  0.603618  0.506837  0.395703  0.492174  0.275338  0.396803  0.230203  0.359371  0.339112  0.875219  0.331971  0.431642  0.246410  0.121723  0.390559  0.345013  0.177248  0.350830  0.402019  0.394844  0.388881  0.251102  0.240364  0.338322  0.171757  0.351097  0.729337  0.150420 
2  0.356595  0.333796 0.0  0.339345  0.469290  0.515728  0.211788  0.169123  0.121059  0.769192  0.244608  0.354842  0.305234  0.273228  0.468699  0.357856  0.376465  0.294088  0.372620  0.324906  0.417596  0.226140  0.332745  0.366319  0.194666  0.665406  0.349844  0.237912  0.275036  0.268343  0.268115  0.350058  0.271394  0.219987  0.308176  0.795502  0.212181  0.182502  0.309523  0.206251  0.474394  0.020736  0.256829  0.511672  0.231851  0.534675  0.409082  0.524870  0.082875  0.135643  0.332383  0.126930  0.278426  0.209448  0.278497  0.630487  0.873666  0.583828  0.023540  0.278508  0.673069  0.255849  0.336642  0.214271  0.274562  0.339574  0.148551  0.281948  0.467460  0.712644  0.427401  0.574976  0.156212  0.408474  0.540777  0.296770  0.328821  0.076869  0.378126  0.452521  0.524869  0.230661  0.000000  0.513846  0.420451  0.347900  0.219417  0.197599  0.226649  0.304955  0.302812  0.413594  0.266619  0.622681  0.273099  0.521665  0.322840  0.783556  0.227954  0.370874  0.654235  0.101848  0.200628  0.462654  0.217279  0.063636  0.490027  0.145249  0.407463  0.840407  0.469440  0.174938  0.162097  0.178799  0.508684  0.156811  0.337151  0.224549  0.379910  0.364665  0.482478  0.045425  0.021518  0.400154  0.317830  0.274287  0.393667  0.868433  0.425615  0.235026  0.347960  0.324941  0.062805  0.308925  0.378099  0.639304  0.266873  0.539408  0.421352  0.341745  0.114870  0.407263  0.485965  0.319121  0.267737  0.940155  0.818445  0.768296  0.491480  0.259235  0.000000  0.303862  0.635552  0.374164  0.409405  0.361587  0.538467  0.300648  0.314402  0.287846  0.544535  0.313266  0.341009  0.326374  0.481993  0.146085  0.278259  0.338616  0.275229  0.273738  0.312687  0.034723  0.504357  0.338579  0.534970  0.283251  0.590678  0.263017  0.906799  0.587722  0.272967  0.165807  0.394080  0.303196  0.089415  0.386366  0.117770  0.000000  0.390532  0.440220  0.288840  0.361723  0.447421  0.376532  0.045613  0.722823  0.248276 
3  0.416591  0.171641  0.339345 0.0  0.362324  0.444995  0.318429  0.306684  0.223975  0.746440  0.392243  0.341402  0.239431  0.268708  0.476914  0.123995  0.304992  0.132238  0.324656  0.137445  0.501566  0.434223  0.315086  0.502254  0.383018  0.460916  0.094493  0.211882  0.297039  0.610509  0.229619  0.217540  0.299465  0.192160  0.448646  0.514570  0.406161  0.330277  0.555439  0.324173  0.378177  0.312175  0.382741  0.340825  0.633295  0.335906  0.508015  0.284940  0.346748  0.401165  0.427808  0.387935  0.337404  0.299488  0.453843  0.763741  0.661473  0.646016  0.305172  0.191774  0.618953  0.164802  0.315392  0.231970  0.247926  0.182608  0.324529  0.258073  0.333258  0.661905  0.185008  0.754517  0.400411  0.454453  0.653506  0.133499  0.220898  0.317922  0.250135  0.219237  0.383035  0.292163  0.403615  0.763088  0.525471  0.243986  0.230015  0.307921  0.306057  0.174009  0.124093  0.245602  0.189867  0.397466  0.278972  0.302380  0.245579  0.508351  0.171897  0.207614  0.487969  0.331881  0.461458  0.339367  0.443478  0.448272  0.324962  0.388238  0.333776  0.773351  0.404862  0.288872  0.337623  0.318386  0.487137  0.382678  0.206448  0.408116  0.442381  0.118563  0.160755  0.330484  0.302278  0.315397  0.209745  0.353431  0.261215  0.726031  0.503559  0.397305  0.123633  0.160165  0.280873  0.364144  0.056970  0.674832  0.033490  0.693049  0.181159  0.159670  0.356886  0.397540  0.070009  0.229815  0.174047  0.795928  0.533578  0.581606  0.526776  0.090961  0.471649  0.178608  0.547054  0.226211  0.267656  0.277290  0.334555  0.147443  0.223807  0.337710  0.277241  0.180189  0.266935  0.284547  0.241453  0.295936  0.229131  0.498731  0.273699  0.667050  0.589937  0.372500  0.497202  0.207204  0.513515  0.297852  0.421967  0.154187  0.823058  0.514066  0.404841  0.339807  0.181512  0.380699  0.397893  0.225218  0.259354  0.326641  0.414587  0.529198  0.288702  0.279893  0.522701  0.338634  0.302538  0.683956  0.274312 
4  0.141774  0.318670  0.469290  0.362324 0.0  0.514380  0.175062  0.291688  0.297067  0.586428  0.379623  0.089002  0.390335  0.280946  0.382781  0.368576  0.149813  0.245846  0.020317  0.410044  0.640614  0.403800  0.183120  0.494756  0.340040  0.592875  0.255017  0.318794  0.053434  0.435738  0.376902  0.249120  0.537112  0.231452  0.040018  0.777487  0.502447  0.473715  0.152815  0.449201  0.466564  0.341653  0.543717  0.198186  0.602244  0.240985  0.241396  0.589504  0.347792  0.526935  0.106519  0.346422  0.072575  0.460704  0.000000  0.885827  0.594475  0.840596  0.319787  0.292574  0.262643  0.402567  0.232542  0.318585  0.264035  0.317818  0.306053  0.278314  0.229735  0.477054  0.371708  0.713372  0.119244  0.038545  0.830421  0.186626  0.393791  0.499715  0.352198  0.452283  0.540593  0.356601  0.342481  0.826501  0.626819  0.279728  0.288939  0.418869  0.482786  0.261288  0.278657  0.284045  0.333064  0.496036  0.333477  0.186038  0.358225  0.731349  0.237686  0.357627  0.744425  0.396402  0.334358  0.114776  0.423031  0.510563  0.078215  0.426723  0.113018  0.606003  0.153796  0.578360  0.427140  0.168187  0.682144  0.260389  0.297265  0.410701  0.357198  0.385242  0.241855  0.242087  0.217584  0.243897  0.415166  0.489911  0.307485  0.646035  0.516733  0.448159  0.350714  0.306134  0.418946  0.078089  0.277310  0.371073  0.333483  0.782013  0.372544  0.265849  0.327516  0.083063  0.411690  0.395393  0.109079  0.547273  0.783669  0.713232  0.461740  0.257663  0.371412  0.406203  0.310944  0.317905  0.308752  0.272172  0.426004  0.302294  0.257943  0.479773  0.611889  0.400165  0.341749  0.228407  0.650389  0.339956  0.218239  0.205575  0.516809  0.591920  0.493274  0.448917  0.398308  0.401824  0.590287  0.383510  0.574766  0.300925  0.438617  0.562624  0.109347  0.401555  0.427475  0.143436  0.455654  0.355916  0.362957  0.404150  0.149149  0.450367  0.380387  0.304791  0.424741  0.309271  0.351220  0.524795  0.250638 
5  0.571068  0.430412  0.515728  0.444995  0.514380 0.0  0.494506  0.492182  0.531952  0.483510  0.454723  0.375582  0.471729  0.545809  0.486928  0.459541  0.421655  0.477691  0.484771  0.505695  0.584060  0.410697  0.496421  0.428808  0.435731  0.352593  0.477402  0.447192  0.376427  0.502788  0.450503  0.433300  0.559940  0.483497  0.466475  0.458324  0.475832  0.468042  0.435755  0.408535  0.471623  0.515756  0.459270  0.424169  0.560071  0.447671  0.471813  0.568207  0.404223  0.391994  0.444739  0.380784  0.350784  0.426580  0.442953  0.446693  0.470551  0.447939  0.441426  0.486513  0.503639  0.494220  0.567183  0.393327  0.511317  0.509172  0.450230  0.426516  0.451231  0.489110  0.507825  0.518528  0.394663  0.446304  0.361497  0.394296  0.502417  0.447668  0.473494  0.443092  0.433760  0.470921  0.486993  0.465553  0.569834  0.464363  0.492731  0.490436  0.555572  0.492014  0.570359  0.504109  0.433747  0.472683  0.509514  0.432998  0.427595  0.401190  0.456220  0.402529  0.436705  0.506365  0.507708  0.458701  0.469233  0.611107  0.409060  0.556329  0.525804  0.495315  0.479089  0.385935  0.510217  0.486650  0.381772  0.410755  0.468037  0.504566  0.395107  0.490297  0.484576  0.372900  0.432318  0.479870  0.440802  0.527638  0.415017  0.510840  0.451972  0.466809  0.416635  0.473203  0.494741  0.440642  0.406439  0.444221  0.483166  0.438915  0.451774  0.482782  0.469695  0.388727  0.297462  0.542482  0.435119  0.409569  0.496007  0.471148  0.378541  0.390572  0.537769  0.439994  0.470559  0.366171  0.523994  0.458056  0.413277  0.361545  0.500201  0.537383  0.408623  0.441797  0.411712  0.505781  0.456485  0.411724  0.479041  0.381361  0.433647  0.392238  0.469142  0.430835  0.338424  0.551715  0.398625  0.515522  0.461491  0.395452  0.526289  0.571747  0.402358  0.521299  0.492778  0.382425  0.453476  0.457755  0.446957  0.497809  0.531362  0.452423  0.474579  0.328327  0.389358  0.426725  0.452179  0.462571  0.465934 
6  0.272023  0.262173  0.211788  0.318429  0.175062  0.494506 0.0  0.231482  0.280675  0.650616  0.383525  0.284179  0.207871  0.286228  0.473172  0.246175  0.269193  0.279803  0.366429  0.187674  0.380040  0.299022  0.268102  0.406369  0.229255  0.386934  0.204610  0.322188  0.293178  0.478789  0.315297  0.261025  0.212339  0.256080  0.249388  0.696960  0.270755  0.221192  0.160535  0.183768  0.455671  0.217185  0.299010  0.258816  0.401043  0.127149  0.238845  0.489605  0.228067  0.277425  0.180045  0.241762  0.109977  0.308842  0.189719  0.777419  0.687040  0.610860  0.288837  0.303915  0.508077  0.328723  0.226179  0.318464  0.271658  0.203423  0.154388  0.290710  0.253037  0.633564  0.211791  0.725740  0.200667  0.373223  0.522202  0.240589  0.161695  0.200359  0.334965  0.268794  0.428704  0.310102  0.330734  0.693492  0.410441  0.289848  0.221750  0.327636  0.252409  0.201284  0.266712  0.274594  0.188289  0.511232  0.171338  0.259889  0.311969  0.742509  0.247367  0.199920  0.633056  0.246940  0.286777  0.267476  0.198307  0.276177  0.273386  0.310798  0.329952  0.610960  0.347774  0.257793  0.200012  0.278248  0.452696  0.118455  0.278504  0.309459  0.369901  0.294496  0.282469  0.330782  0.250252  0.389216  0.271442  0.243369  0.180994  0.706268  0.398342  0.340335  0.261576  0.231281  0.268605  0.332710  0.351048  0.456284  0.271742  0.687377  0.277535  0.298339  0.360596  0.286873  0.274322  0.236854  0.252815  0.698704  0.681839  0.735067  0.484902  0.319545  0.182412  0.239114  0.445762  0.292293  0.219143  0.131869  0.384675  0.363170  0.278573  0.286362  0.454970  0.373245  0.243957  0.209009  0.499462  0.244338  0.193388  0.241878  0.193841  0.417156  0.428696  0.244824  0.462441  0.233852  0.440076  0.272696  0.502304  0.303050  0.651589  0.448311  0.302240  0.227274  0.263874  0.238090  0.239823  0.222306  0.303220  0.302621  0.274684  0.550539  0.194833  0.297800  0.445927  0.245131  0.376751  0.597813  0.357943 
7  0.252840  0.292328  0.169123  0.306684  0.291688  0.492182  0.231482 0.0  0.187149  0.777889  0.118947  0.324707  0.425713  0.296590  0.445100  0.333582  0.449406  0.238452  0.281628  0.352192  0.337987  0.071132  0.333536  0.458804  0.189543  0.603598  0.257722  0.188031  0.385273  0.403807  0.335234  0.192141  0.016780  0.302633  0.348284  0.874401  0.042505  0.056181  0.308273  0.098668  0.471021  0.313205  0.071901  0.370287  0.280323  0.345255  0.412598  0.728371  0.326678  0.215738  0.294161  0.083964  0.421257  0.050042  0.347998  0.464258  0.719924  0.466737  0.000000  0.231274  0.646137  0.323555  0.329468  0.416321  0.320347  0.248564  0.199497  0.370124  0.383427  0.613908  0.412223  0.550635  0.370938  0.376000  0.410781  0.329350  0.296150  0.095545  0.229565  0.192134  0.539315  0.343181  0.067392  0.516029  0.252509  0.432470  0.195101  0.175250  0.085122  0.376141  0.487837  0.263951  0.335927  0.537856  0.247563  0.315673  0.365292  0.866528  0.284882  0.545159  0.908315  0.078166  0.084141  0.302526  0.114135  0.178971  0.386209  0.112622  0.318152  0.691101  0.249224  0.111203  0.022972  0.143403  0.305884  0.084798  0.381486  0.124194  0.450328  0.388795  0.243923  0.252742  0.018601  0.325488  0.272556  0.103625  0.234285  0.625253  0.410032  0.085710  0.412248  0.229326  0.061386  0.396546  0.480370  0.589642  0.363768  0.400611  0.292011  0.316562  0.155221  0.272659  0.303610  0.343233  0.424790  0.822293  0.810377  0.624407  0.447495  0.234419  0.268724  0.269323  0.600394  0.347296  0.307975  0.135668  0.419403  0.220224  0.311608  0.075345  0.674666  0.332417  0.279734  0.254565  0.589521  0.209781  0.223435  0.347072  0.160198  0.304966  0.335547  0.100916  0.472610  0.395532  0.453927  0.348124  0.459995  0.331418  0.784810  0.578424  0.278427  0.068664  0.340544  0.369496  0.167592  0.366310  0.112351  0.151245  0.302162  0.553769  0.241257  0.387503  0.331340  0.262013  0.000000  0.812140  0.431122 
8  0.316808  0.255979  0.121059  0.223975  0.297067  0.531952  0.280675  0.187149 0.0  0.774419  0.153164  0.422066  0.166288  0.257679  0.450868  0.337357  0.375250  0.456807  0.356184  0.338145  0.154561  0.097511  0.341090  0.341540  0.113313  0.589984  0.383319  0.339564  0.345067  0.470538  0.341098  0.286684  0.043534  0.203817  0.257944  0.901378  0.051875  0.011159  0.357388  0.058929  0.402102  0.130075  0.035036  0.343695  0.383562  0.327106  0.426064  0.633861  0.280055  0.126738  0.382163  0.083058  0.248281  0.000000  0.399603  0.436534  0.678928  0.478554  0.018163  0.271382  0.557762  0.322138  0.245959  0.351795  0.323551  0.382714  0.290073  0.302224  0.262581  0.688052  0.368053  0.585865  0.248364  0.299876  0.499631  0.238446  0.246826  0.140180  0.339457  0.311389  0.594099  0.337693  0.175262  0.506510  0.310600  0.433737  0.290350  0.220557  0.031136  0.427949  0.454076  0.331149  0.440465  0.531402  0.327298  0.395903  0.284437  0.956597  0.497086  0.422538  0.752327  0.073326  0.160034  0.331787  0.123420  0.234145  0.409373  0.108312  0.434082  0.769743  0.408202  0.102228  0.099237  0.355155  0.290019  0.050067  0.408787  0.090604  0.346903  0.447613  0.191502  0.236126  0.049635  0.380813  0.218182  0.000000  0.406809  0.789386  0.400878  0.095866  0.377331  0.163685  0.175478  0.271648  0.567837  0.648753  0.212325  0.529044  0.276740  0.228038  0.177312  0.377969  0.263254  0.276968  0.298807  0.789605  0.682794  0.678970  0.543132  0.315608  0.190468  0.382150  0.599309  0.351029  0.370745  0.247472  0.526503  0.266796  0.252328  0.077238  0.596112  0.378445  0.343936  0.303641  0.631789  0.243856  0.299891  0.312983  0.039461  0.334825  0.458102  0.152202  0.528131  0.274468  0.553379  0.137895  0.517430  0.181421  0.824932  0.447276  0.322846  0.041934  0.299991  0.279828  0.037259  0.270821  0.143158  0.096361  0.338433  0.458985  0.256722  0.389824  0.443235  0.362859  0.128097  0.989511  0.348200 
9  0.652563  0.737380  0.769192  0.746440  0.586428  0.483510  0.650616  0.777889  0.774419 0.0  0.908273  0.575599  0.777342  0.628409  0.437064  0.768024  0.750010  0.871119  0.426300  0.755489  0.615097  0.853700  0.658657  0.652482  0.805881  0.560656  0.847087  0.705070  0.480455  0.606939  0.780431  0.739146  0.792711  0.669148  0.511093  0.807392  0.848306  0.771381  0.514809  0.755492  0.486681  0.956599  0.809411  0.545802  0.513848  0.499781  0.534715  0.582082  0.817949  0.828253  0.449490  0.763148  0.581122  0.878975  0.478586  0.430947  0.144059  0.339599  0.768018  0.577590  0.208335  0.768460  0.559106  0.882827  0.787874  0.813893  0.857034  0.595310  0.612105  0.195000  0.765183  0.767415  0.435178  0.460748  0.890970  0.791232  0.805738  0.788528  0.743522  0.870693  0.586734  0.774104  0.785523  0.763727  0.610892  0.874342  0.683129  0.708875  0.887327  0.830038  0.863618  0.854145  0.853648  0.664954  0.809496  0.546490  0.743157  0.374883  0.800535  0.729362  0.454533  0.739968  0.787117  0.501142  0.844144  0.808263  0.572195  0.825602  0.621699  0.109474  0.534094  0.733990  0.689703  0.665066  0.475715  0.810349  0.790309  0.848086  0.466332  0.853970  0.625783  0.685390  0.775358  0.464533  0.764671  0.833042  0.791672  0.165185  0.440448  0.853529  0.738568  0.655993  0.774447  0.534832  0.857639  0.290628  0.794680  0.744343  0.763795  0.804758  0.846432  0.564578  0.672451  0.729483  0.568789  0.214653  0.393001  0.798782  0.408750  0.875273  0.844658  0.747243  0.272295  0.791868  0.709029  0.683114  0.583666  0.812559  0.767920  0.859547  0.602240  0.809841  0.788758  0.733735  0.531893  0.657935  0.663557  0.584769  0.781800  0.663309  0.546531  0.779980  0.358228  0.777738  0.643511  0.690618  0.626786  0.621978  0.543270  0.641614  0.551709  0.760597  0.852487  0.557871  0.761280  0.795113  0.719167  0.882198  0.552386  0.345050  0.655966  0.847556  0.438436  0.797698  0.761740  0.076029  0.795571 
10  0.387531  0.404287  0.244608  0.392243  0.379623  0.454723  0.383525  0.118947  0.153164  0.908273 0.0  0.395807  0.420228  0.315393  0.446315  0.389323  0.522984  0.439769  0.373205  0.396420  0.330175  0.224897  0.384868  0.418098  0.101753  0.599438  0.407778  0.295495  0.421092  0.352472  0.433709  0.542328  0.113771  0.296603  0.301165  0.904449  0.187927  0.082508  0.436231  0.150499  0.433571  0.206372  0.143087  0.353444  0.292278  0.383173  0.352598  0.520663  0.110593  0.043614  0.353317  0.213131  0.358022  0.182122  0.250519  0.480483  0.741700  0.528403  0.123853  0.256681  0.518263  0.523054  0.375370  0.301532  0.353382  0.373972  0.092424  0.317935  0.352250  0.766986  0.330516  0.482957  0.462293  0.387264  0.585430  0.390546  0.401862  0.215790  0.375084  0.446169  0.630124  0.391641  0.141646  0.495683  0.299268  0.352455  0.251121  0.082872  0.131161  0.431288  0.310762  0.410599  0.338347  0.511592  0.452039  0.416030  0.401370  0.847130  0.393117  0.429867  0.790068  0.230315  0.083250  0.337565  0.238328  0.004818  0.387630  0.179983  0.400042  0.879254  0.407816  0.083195  0.052450  0.240659  0.316504  0.178709  0.381584  0.129483  0.417025  0.372552  0.340189  0.021847  0.156132  0.484442  0.374400  0.169499  0.371157  0.748257  0.460755  0.101473  0.321032  0.244192  0.095053  0.322562  0.364653  0.539086  0.449114  0.543722  0.376501  0.393408  0.105734  0.322151  0.390712  0.409163  0.323640  0.780535  0.724586  0.836791  0.472541  0.415141  0.161554  0.371432  0.563233  0.363308  0.305926  0.294205  0.557022  0.435725  0.436284  0.144439  0.637574  0.471400  0.419884  0.404517  0.608675  0.197680  0.328215  0.477128  0.065310  0.380326  0.274873  0.103771  0.387697  0.402564  0.569262  0.334482  0.630197  0.266923  0.845473  0.585757  0.322778  0.086220  0.361822  0.402672  0.000000  0.458650  0.000000  0.140225  0.419704  0.453313  0.312651  0.315115  0.458503  0.373481  0.104199  0.749875  0.358832 
11  0.000000  0.426342  0.354842  0.341402  0.089002  0.375582  0.284179  0.324707  0.422066  0.575599  0.395807 0.0  0.477980  0.426260  0.479828  0.422944  0.130676  0.411711  0.109193  0.368082  0.546963  0.411088  0.303448  0.590495  0.377734  0.569197  0.417778  0.295330  0.122774  0.632139  0.529451  0.442602  0.424279  0.273034  0.180133  0.885459  0.362816  0.373815  0.176233  0.390445  0.444522  0.301987  0.377595  0.107288  0.578813  0.060113  0.101740  0.657956  0.352138  0.404414  0.111417  0.355986  0.028990  0.503225  0.060061  0.822474  0.501583  0.730724  0.410063  0.266732  0.362698  0.324394  0.251060  0.301666  0.462099  0.364300  0.289989  0.261206  0.104429  0.414828  0.402697  0.776592  0.133412  0.188004  0.752500  0.387124  0.446618  0.396852  0.394211  0.343060  0.582062  0.396970  0.395309  0.797921  0.533745  0.351339  0.279984  0.452625  0.390429  0.459214  0.328103  0.497111  0.429331  0.621177  0.421016  0.088639  0.382911  0.794631  0.362825  0.373175  0.836992  0.383225  0.477534  0.052015  0.396533  0.367302  0.092549  0.460878  0.127381  0.535027  0.149832  0.415041  0.460897  0.321260  0.548508  0.428517  0.373486  0.280788  0.509562  0.438633  0.218766  0.467676  0.340593  0.135861  0.364449  0.359087  0.420567  0.494828  0.535134  0.269055  0.394890  0.213196  0.297905  0.118195  0.405815  0.367267  0.374468  0.860779  0.381170  0.481499  0.363227  0.144922  0.464013  0.357447  0.102490  0.574002  0.724194  0.813126  0.500288  0.492292  0.438626  0.347880  0.272683  0.409721  0.425403  0.303501  0.547057  0.365901  0.332479  0.384591  0.548358  0.406593  0.419116  0.404242  0.601167  0.176707  0.220165  0.146506  0.466000  0.439149  0.645095  0.322354  0.491230  0.383877  0.562877  0.381447  0.484459  0.322364  0.507734  0.722521  0.122991  0.479170  0.302530  0.118164  0.307950  0.366382  0.342609  0.315654  0.141790  0.439775  0.257424  0.401464  0.545140  0.301976  0.369862  0.470248  0.426066 
12  0.480820  0.090680  0.305234  0.239431  0.390335  0.471729  0.207871  0.425713  0.166288  0.777342  0.420228  0.477980 0.0  0.244777  0.504658  0.272891  0.358152  0.143142  0.427042  0.232423  0.518061  0.386902  0.319148  0.485387  0.395770  0.422272  0.284897  0.284206  0.432364  0.585939  0.239575  0.158620  0.335435  0.137304  0.368316  0.299412  0.382989  0.339004  0.411981  0.397389  0.492225  0.387175  0.345763  0.327087  0.490842  0.290222  0.438178  0.235782  0.419286  0.394390  0.568250  0.358701  0.498878  0.332972  0.408317  0.645183  0.897522  0.814382  0.236612  0.265631  0.661484  0.148348  0.273577  0.171517  0.156081  0.204583  0.478163  0.276438  0.245449  0.718279  0.214550  0.761556  0.397091  0.393197  0.687300  0.075158  0.333316  0.394051  0.280835  0.193264  0.386071  0.093682  0.381267  0.783389  0.565945  0.268731  0.298046  0.376827  0.278995  0.023435  0.065860  0.164662  0.107664  0.506448  0.145017  0.417776  0.165220  0.445394  0.152319  0.197211  0.448784  0.240753  0.407785  0.381584  0.424615  0.434998  0.268587  0.284787  0.488454  0.810442  0.445170  0.358769  0.312567  0.291762  0.543724  0.369966  0.211204  0.434405  0.471804  0.000000  0.250253  0.350702  0.391928  0.333842  0.054363  0.290382  0.230729  0.707016  0.491941  0.314827  0.017162  0.276256  0.387141  0.511614  0.128031  0.512613  0.079838  0.636029  0.197265  0.199552  0.382527  0.359497  0.153943  0.156098  0.405721  0.817259  0.593741  0.537437  0.450648  0.263145  0.341342  0.217238  0.577712  0.214880  0.167729  0.268117  0.388122  0.338151  0.204621  0.400147  0.230952  0.159896  0.161075  0.209939  0.225682  0.250198  0.296953  0.351698  0.260582  0.593348  0.532411  0.434282  0.498171  0.201498  0.379987  0.222276  0.466428  0.274589  0.714014  0.493259  0.342257  0.385279  0.177286  0.345237  0.382717  0.159830  0.325470  0.194878  0.377333  0.460488  0.273290  0.233328  0.271558  0.290005  0.450988  0.653071  0.277860 
13  0.329182  0.282994  0.273228  0.268708  0.280946  0.545809  0.286228  0.296590  0.257679  0.628409  0.315393  0.426260  0.244777 0.0  0.404051  0.276155  0.204951  0.249405  0.259660  0.247108  0.471634  0.227188  0.295679  0.470588  0.284864  0.542207  0.194739  0.286548  0.248747  0.470789  0.237250  0.229187  0.268846  0.267990  0.251397  0.654459  0.315919  0.217561  0.247316  0.376820  0.487209  0.277281  0.204274  0.284310  0.450480  0.281832  0.306300  0.508708  0.358988  0.379275  0.174345  0.216253  0.265387  0.214035  0.288844  0.670315  0.665830  0.739075  0.306973  0.218399  0.496103  0.178794  0.170240  0.392897  0.261104  0.296468  0.262554  0.237836  0.302625  0.739624  0.176180  0.630849  0.236490  0.190218  0.719220  0.227440  0.289686  0.207681  0.239412  0.220702  0.530656  0.142122  0.236752  0.583855  0.407290  0.187370  0.267916  0.196399  0.229441  0.288742  0.258127  0.290751  0.260540  0.474079  0.304315  0.275882  0.340937  0.663371  0.183848  0.198004  0.711106  0.288495  0.314140  0.164894  0.292211  0.373006  0.327053  0.245786  0.264059  0.608000  0.251435  0.238247  0.182559  0.224028  0.475145  0.192843  0.260888  0.249723  0.515590  0.283305  0.344765  0.329665  0.217626  0.198612  0.250092  0.309414  0.280311  0.601052  0.507262  0.273897  0.221234  0.290953  0.260674  0.243617  0.283537  0.522127  0.293067  0.706859  0.237903  0.227676  0.307332  0.371601  0.246171  0.218276  0.277874  0.650633  0.639179  0.655222  0.500312  0.250584  0.209675  0.174447  0.531355  0.259377  0.285665  0.297188  0.425316  0.250274  0.242192  0.253861  0.421646  0.175989  0.215386  0.179731  0.542386  0.326219  0.238362  0.256560  0.295592  0.488505  0.399537  0.358530  0.410541  0.309218  0.463240  0.286863  0.356330  0.267249  0.647810  0.532655  0.355039  0.351238  0.286019  0.297623  0.225090  0.212409  0.281546  0.211428  0.174450  0.493577  0.320470  0.309469  0.377094  0.353848  0.297526  0.661452  0.270347 
14  0.446301  0.416550  0.468699  0.476914  0.382781  0.486928  0.473172  0.445100  0.450868  0.437064  0.446315  0.479828  0.504658  0.404051 0.0  0.501084  0.367536  0.423412  0.487077  0.496788  0.438508  0.376378  0.509813  0.422358  0.393086  0.436633  0.439715  0.517167  0.540227  0.521157  0.442773  0.365341  0.389487  0.440979  0.353175  0.459688  0.532395  0.393211  0.556636  0.513622  0.465768  0.378178  0.466115  0.446304  0.348082  0.427296  0.430857  0.449568  0.541475  0.427425  0.439173  0.480664  0.521702  0.473237  0.510067  0.424086  0.456083  0.459776  0.467780  0.464570  0.526854  0.559022  0.429665  0.523627  0.511771  0.455262  0.518059  0.464921  0.479331  0.493057  0.467011  0.450806  0.498135  0.493200  0.381477  0.489280  0.415491  0.424709  0.450935  0.456993  0.491120  0.356061  0.484722  0.563455  0.346685  0.423389  0.501763  0.375118  0.425427  0.470801  0.437058  0.484204  0.409795  0.466060  0.449701  0.400447  0.465230  0.487878  0.363432  0.450492  0.439911  0.429267  0.406061  0.395232  0.399932  0.391542  0.508988  0.449596  0.344558  0.397726  0.516655  0.434716  0.429076  0.559965  0.442982  0.375193  0.478766  0.459983  0.460637  0.521863  0.424335  0.544918  0.521781  0.527444  0.448357  0.477327  0.445260  0.529989  0.463272  0.389031  0.507025  0.520050  0.493420  0.513385  0.454504  0.455580  0.453153  0.428202  0.464152  0.481534  0.431320  0.505859  0.559875  0.441085  0.462801  0.438613  0.476797  0.435591  0.487169  0.430599  0.496689  0.448478  0.359372  0.477081  0.445756  0.443250  0.498281  0.296835  0.397159  0.520960  0.457573  0.416507  0.423809  0.560132  0.444561  0.522417  0.523570  0.395088  0.339225  0.514584  0.492180  0.412323  0.402225  0.563878  0.437781  0.485354  0.522915  0.462093  0.426411  0.477466  0.483083  0.452747  0.489485  0.506021  0.467039  0.408308  0.432726  0.529429  0.457234  0.383340  0.457945  0.516357  0.470907  0.371829  0.361543  0.435428  0.401822 
15  0.405967  0.236134  0.357856  0.123995  0.368576  0.459541  0.246175  0.333582  0.337357  0.768024  0.389323  0.422944  0.272891  0.276155  0.501084 0.0  0.293721  0.319536  0.362406  0.208402  0.475867  0.471810  0.282224  0.600182  0.445310  0.305409  0.232810  0.417058  0.287944  0.534430  0.179358  0.288898  0.412179  0.191947  0.373395  0.483058  0.265171  0.275940  0.360550  0.361253  0.496946  0.367462  0.368003  0.330251  0.585486  0.336052  0.417538  0.241614  0.312038  0.244826  0.547523  0.332873  0.503808  0.321457  0.350704  0.691515  0.755737  0.738363  0.304995  0.235795  0.556239  0.298495  0.259135  0.146941  0.249731  0.254827  0.360004  0.197652  0.461943  0.702265  0.092042  0.772264  0.514357  0.401926  0.781780  0.179288  0.248025  0.249554  0.247054  0.303026  0.472984  0.171128  0.328878  0.751653  0.494184  0.286218  0.300377  0.305724  0.346386  0.015272  0.106420  0.145187  0.193218  0.470692  0.166557  0.309017  0.111870  0.443281  0.255818  0.348323  0.408054  0.276496  0.398271  0.287754  0.384045  0.435188  0.431755  0.236898  0.367335  0.788186  0.466688  0.353067  0.220372  0.332966  0.549668  0.334299  0.248809  0.409287  0.473200  0.033129  0.311806  0.331118  0.370865  0.325484  0.287299  0.295429  0.047852  0.673616  0.450907  0.240800  0.019378  0.265385  0.311756  0.597793  0.080061  0.580309  0.070265  0.688628  0.275851  0.198510  0.346541  0.567140  0.084211  0.202058  0.381436  0.746069  0.567370  0.511007  0.447052  0.241963  0.235285  0.147830  0.515670  0.223857  0.187440  0.310939  0.342310  0.083571  0.189683  0.260712  0.275720  0.218114  0.219559  0.202790  0.271427  0.205399  0.233424  0.484144  0.342277  0.609409  0.535237  0.315188  0.466534  0.283712  0.423908  0.155114  0.427020  0.323234  0.900409  0.381397  0.440426  0.317376  0.220794  0.404821  0.357424  0.170279  0.347117  0.389115  0.380524  0.515722  0.333607  0.170079  0.404684  0.269120  0.337666  0.666877  0.221813 
16  0.049025  0.349253  0.376465  0.304992  0.149813  0.421655  0.269193  0.449406  0.375250  0.750010  0.522984  0.130676  0.358152  0.204951  0.367536  0.293721 0.0  0.423230  0.127607  0.455428  0.623727  0.388097  0.252393  0.513062  0.422661  0.622064  0.281430  0.255999  0.000000  0.487501  0.286412  0.379112  0.424619  0.289826  0.122565  0.691375  0.339394  0.492266  0.176319  0.453872  0.521150  0.372192  0.500759  0.175521  0.535235  0.237624  0.162113  0.533514  0.304083  0.414161  0.087549  0.288370  0.000000  0.472392  0.002004  0.806378  0.651674  0.874305  0.336635  0.311056  0.325692  0.376242  0.321607  0.405683  0.357809  0.351276  0.326067  0.247667  0.148078  0.476654  0.250190  0.770225  0.187383  0.063867  0.916016  0.317657  0.375287  0.480780  0.394203  0.331441  0.484079  0.347943  0.313589  0.661834  0.675503  0.359578  0.280344  0.311819  0.490229  0.322694  0.260892  0.346820  0.456188  0.506170  0.224862  0.209256  0.360329  0.691336  0.253370  0.314240  0.727699  0.331568  0.403702  0.194605  0.342301  0.348327  0.101795  0.448522  0.151893  0.649212  0.255570  0.505727  0.447621  0.306373  0.656787  0.371489  0.230367  0.369073  0.459717  0.244698  0.223381  0.363531  0.450767  0.202068  0.289081  0.428751  0.439749  0.618588  0.481213  0.416293  0.385238  0.307048  0.501735  0.118806  0.320673  0.419763  0.307780  0.804470  0.314211  0.343006  0.377628  0.141187  0.514618  0.368185  0.000000  0.586264  0.688934  0.754061  0.397404  0.335856  0.306468  0.288669  0.302544  0.412713  0.284683  0.304213  0.500709  0.317735  0.154715  0.473584  0.506769  0.320795  0.423586  0.251114  0.568973  0.301218  0.249779  0.232001  0.403198  0.516443  0.436189  0.446183  0.453900  0.365727  0.548208  0.370427  0.442687  0.402719  0.599552  0.664010  0.135337  0.394574  0.352264  0.167211  0.327011  0.396960  0.281168  0.290493  0.079874  0.417660  0.285136  0.395592  0.402018  0.475157  0.336551  0.361340  0.338170 
17  0.417703  0.208735  0.294088  0.132238  0.245846  0.477691  0.279803  0.238452  0.456807  0.871119  0.439769  0.411711  0.143142  0.249405  0.423412  0.319536  0.423230 0.0  0.369431  0.178098  0.618315  0.434052  0.312403  0.493922  0.446518  0.496070  0.273534  0.271097  0.261781  0.524711  0.148456  0.291216  0.318232  0.264697  0.484640  0.441273  0.268716  0.317179  0.511922  0.347882  0.409432  0.315676  0.350776  0.242187  0.537739  0.371410  0.469117  0.238623  0.362670  0.229291  0.519934  0.350204  0.473178  0.336236  0.530521  0.678936  0.750613  0.755725  0.344501  0.248597  0.621834  0.319036  0.252040  0.159551  0.122171  0.256887  0.337650  0.204012  0.406215  0.819000  0.290456  0.757033  0.500152  0.241479  0.721185  0.272831  0.129952  0.277137  0.210975  0.247167  0.434101  0.217965  0.314978  0.746413  0.532312  0.402871  0.216593  0.211988  0.333740  0.015274  0.000000  0.165766  0.151857  0.359339  0.238361  0.348373  0.174891  0.387711  0.203143  0.301126  0.436250  0.271398  0.406099  0.385223  0.373375  0.363617  0.429298  0.422834  0.307952  0.848165  0.306130  0.341993  0.444269  0.288039  0.490603  0.323497  0.205912  0.336215  0.418621  0.116143  0.196459  0.279002  0.340646  0.315689  0.231356  0.292426  0.146313  0.735111  0.455875  0.486349  0.024708  0.316766  0.227448  0.499018  0.001824  0.497339  0.056240  0.854000  0.108815  0.198959  0.243714  0.444412  0.091953  0.190829  0.310487  0.729236  0.576750  0.580237  0.503358  0.207312  0.261570  0.273412  0.476249  0.197472  0.197000  0.289348  0.336599  0.142943  0.279423  0.340890  0.256606  0.198281  0.165308  0.177841  0.244239  0.191808  0.240165  0.353733  0.296602  0.689375  0.549477  0.387243  0.426005  0.225512  0.381760  0.187877  0.427220  0.302159  0.698251  0.336173  0.331666  0.316190  0.265891  0.433252  0.380633  0.217494  0.310782  0.300166  0.285241  0.512780  0.199573  0.251022  0.484837  0.278506  0.279648  0.754189  0.218380 
18  0.059776  0.264389  0.372620  0.324656  0.020317  0.484771  0.366429  0.281628  0.356184  0.426300  0.373205  0.109193  0.427042  0.259660  0.487077  0.362406  0.127607  0.369431 0.0  0.276192  0.439732  0.421779  0.289002  0.639056  0.407736  0.515173  0.254028  0.192314  0.142510  0.635427  0.389703  0.345863  0.327771  0.293138  0.096915  0.934348  0.282108  0.348888  0.060492  0.312356  0.419177  0.479789  0.378398  0.060918  0.561592  0.000000  0.154236  0.515864  0.585564  0.369796  0.034196  0.318445  0.156159  0.350693  0.074556  0.623375  0.471425  0.809648  0.308720  0.204299  0.278066  0.340906  0.245868  0.297550  0.270833  0.300237  0.424334  0.302274  0.102615  0.481322  0.275264  0.882163  0.004472  0.015884  0.696572  0.283238  0.357619  0.303608  0.427471  0.439400  0.534293  0.336279  0.346014  0.810928  0.533366  0.433157  0.210710  0.349143  0.373820  0.509647  0.372556  0.327034  0.376299  0.469745  0.219326  0.089182  0.321290  0.871169  0.335879  0.410389  0.912574  0.317197  0.282710  0.071366  0.280008  0.485244  0.010785  0.269414  0.179196  0.468640  0.054724  0.423094  0.320768  0.405305  0.616207  0.288729  0.277959  0.420427  0.449682  0.328691  0.273808  0.428475  0.319768  0.101133  0.336853  0.355911  0.255470  0.623962  0.449199  0.257212  0.314592  0.248116  0.508729  0.075952  0.508073  0.384460  0.317441  0.636808  0.448978  0.377426  0.430049  0.049230  0.274250  0.304133  0.079479  0.459228  0.721080  0.720243  0.475093  0.305114  0.500214  0.360352  0.322308  0.364911  0.308637  0.291690  0.489586  0.360676  0.350171  0.290828  0.692875  0.238865  0.333021  0.326485  0.571953  0.396134  0.306838  0.066044  0.333859  0.640712  0.576395  0.320609  0.435989  0.207865  0.576979  0.262748  0.385097  0.134766  0.503273  0.569094  0.029763  0.337836  0.264965  0.144047  0.381548  0.354159  0.467993  0.321139  0.135923  0.388001  0.281125  0.390721  0.469819  0.364507  0.374802  0.682251  0.364837 
19  0.421362  0.187325  0.324906  0.137445  0.410044  0.505695  0.187674  0.352192  0.338145  0.755489  0.396420  0.368082  0.232423  0.247108  0.496788  0.208402  0.455428  0.178098  0.276192 0.0  0.517534  0.438304  0.273511  0.535231  0.465021  0.370480  0.201972  0.268451  0.352352  0.468956  0.265185  0.196037  0.297024  0.230081  0.362049  0.508834  0.329702  0.366296  0.318983  0.366482  0.493155  0.374974  0.361410  0.333526  0.503912  0.393212  0.402884  0.360380  0.414515  0.285923  0.540721  0.341708  0.526039  0.415773  0.380418  0.787755  0.664606  0.712657  0.382484  0.250027  0.629026  0.232321  0.308954  0.240801  0.274276  0.211948  0.310448  0.294768  0.355685  0.619099  0.222684  0.703897  0.480199  0.369258  0.684707  0.251143  0.163061  0.416918  0.111412  0.167407  0.394811  0.202612  0.373219  0.854065  0.474283  0.346434  0.274679  0.241077  0.384005  0.021070  0.076153  0.156967  0.226893  0.440787  0.216456  0.374494  0.160542  0.523860  0.146974  0.321502  0.459622  0.354228  0.442628  0.459430  0.258190  0.459442  0.303465  0.339884  0.274736  0.729617  0.253440  0.401190  0.332079  0.187279  0.435454  0.243031  0.030336  0.397647  0.428215  0.057018  0.212498  0.403498  0.279430  0.399694  0.114921  0.299462  0.266945  0.684018  0.502556  0.388799  0.095881  0.294715  0.359872  0.513215  0.000000  0.572379  0.031354  0.731257  0.152812  0.185727  0.319395  0.524616  0.000000  0.046320  0.406483  0.791713  0.538583  0.573438  0.358347  0.295253  0.377542  0.264757  0.629533  0.262729  0.163758  0.231558  0.371574  0.239855  0.071479  0.302244  0.392805  0.269629  0.193551  0.158938  0.305657  0.225361  0.286349  0.303763  0.388570  0.575557  0.525832  0.310510  0.455309  0.133272  0.408904  0.201968  0.318251  0.242364  0.804937  0.457384  0.419597  0.320207  0.151162  0.420796  0.464097  0.119629  0.346615  0.283922  0.377304  0.464475  0.374009  0.214388  0.512808  0.179100  0.263521  0.692960  0.170911 
