197
0 0.0  0.564644  0.264616  0.448764  0.087909  0.572125  0.321982  0.274808  0.283346  0.485553  0.314064  0.120875  0.346899  0.203127  0.457576  0.508486  0.152830  0.455171  0.048330  0.463737  0.475606  0.364776  0.099899  0.503309  0.342661  0.621118  0.440716  0.259096  0.086549  0.545847  0.380017  0.441993  0.346671  0.283120  0.188204  0.712433  0.388437  0.189154  0.228390  0.322914  0.446176  0.327181  0.424950  0.072642  0.537347  0.129892  0.134461  0.505794  0.263427  0.347313  0.205996  0.451927  0.188582  0.364666  0.130006  0.752705  0.478265  0.610201  0.341711  0.174182  0.384567  0.408966  0.270909  0.414976  0.438397  0.560082  0.370130  0.189473  0.149655  0.413754  0.331980  0.679821  0.206965  0.149502  0.656068  0.516978  0.421782  0.255937  0.492344  0.529327  0.741181  0.469409  0.316986  0.718072  0.506219  0.296425  0.209345  0.419466  0.342659  0.257042  0.317575  0.481703  0.463837  0.588681  0.476334  0.087365  0.523804  0.693256  0.444887  0.361465  0.583773  0.169122  0.379648  0.093080  0.376635  0.388764  0.192873  0.295749  0.076094  0.448331  0.094835  0.233672  0.358353  0.282722  0.489574  0.256871  0.407177  0.389793  0.328909  0.304306  0.279045  0.304019  0.299128  0.000000  0.445123  0.293239  0.507691  0.423426  0.473391  0.449412  0.304718  0.326465  0.318867  0.209432  0.231290  0.393333  0.279941  0.625905  0.431249  0.433354  0.317101  0.216614  0.320088  0.438063  0.046323  0.472084  0.823632  0.768797  0.453943  0.495515  0.348393  0.453432  0.285919  0.412021  0.523996  0.186513  0.629613  0.450598  0.418207  0.306509  0.427039  0.453559  0.475188  0.342782  0.565547  0.301212  0.237328  0.049112  0.300159  0.546203  0.492443  0.310961  0.332040  0.463901  0.676525  0.425103  0.631751  0.223170  0.525045  0.603703  0.177209  0.247664  0.426772  0.152081  0.384075  0.464062  0.257072  0.296313  0.101076  0.438120  0.192517  0.423157  0.471958  0.403829  0.283147  0.385996  0.445354 
1  0.564644 0.0  0.262097  0.211466  0.334669  0.408863  0.256155  0.321159  0.308780  0.759615  0.377628  0.372608  0.121367  0.216074  0.468415  0.234557  0.245293  0.292723  0.331746  0.182104  0.543864  0.413544  0.363259  0.665698  0.406264  0.363834  0.187505  0.199807  0.300906  0.523633  0.120217  0.282148  0.246405  0.184351  0.494220  0.428902  0.217450  0.212306  0.348904  0.385511  0.443251  0.393550  0.444021  0.412589  0.518108  0.298083  0.384088  0.264320  0.329945  0.450414  0.442451  0.276092  0.503570  0.334588  0.387453  0.681874  0.655157  0.639913  0.287207  0.266530  0.534150  0.195956  0.202819  0.106416  0.192871  0.167144  0.221062  0.287521  0.312996  0.647268  0.184906  0.693229  0.405040  0.322909  0.662753  0.325143  0.208287  0.369416  0.202552  0.135259  0.352345  0.226632  0.269437  0.732013  0.457607  0.283971  0.262545  0.421849  0.221757  0.004995  0.074186  0.178556  0.229546  0.336079  0.265376  0.319987  0.125039  0.463213  0.153383  0.307186  0.465340  0.251256  0.365790  0.260799  0.361436  0.343642  0.387413  0.301942  0.311209  0.724800  0.336829  0.307118  0.254518  0.275539  0.581902  0.229415  0.148236  0.350837  0.503581  0.016638  0.184640  0.424454  0.278577  0.302728  0.169050  0.324208  0.068279  0.636955  0.467564  0.343318  0.062591  0.147105  0.402158  0.349387  0.127986  0.534688  0.127704  0.679148  0.225648  0.123692  0.336055  0.429611  0.002420  0.035005  0.283718  0.708210  0.470545  0.559404  0.538104  0.149815  0.301105  0.155080  0.581759  0.164255  0.040992  0.154478  0.371806  0.120764  0.147483  0.346713  0.293711  0.194600  0.210175  0.156861  0.179806  0.201165  0.244200  0.334307  0.292049  0.570149  0.611974  0.327947  0.492794  0.221548  0.418203  0.209803  0.311484  0.284024  0.712207  0.349808  0.464234  0.383339  0.250254  0.360192  0.399955  0.253693  0.315103  0.349134  0.386959  0.372334  0.337996  0.104634  0.443017  0.237077  0.293960  0.787630  0.236468 
2  0.264616  0.262097 0.0  0.292011  0.368368  0.416477  0.277118  0.231166  0.051087  0.719312  0.098208  0.434223  0.292302  0.115762  0.571262  0.341899  0.270284  0.333646  0.376813  0.305638  0.287095  0.062059  0.283449  0.210272  0.146957  0.568374  0.325568  0.219718  0.364661  0.273718  0.315357  0.418001  0.263187  0.163139  0.266217  0.702955  0.189883  0.233973  0.328255  0.138846  0.395292  0.040365  0.077565  0.537895  0.387579  0.405675  0.364677  0.497775  0.094284  0.107437  0.343611  0.000000  0.283256  0.163147  0.225074  0.445597  0.825765  0.693517  0.082289  0.119992  0.630239  0.298451  0.254509  0.281381  0.307722  0.305402  0.006276  0.271921  0.391253  0.674326  0.365084  0.555262  0.315630  0.301468  0.625781  0.281532  0.232426  0.101110  0.369486  0.346111  0.487566  0.419562  0.063625  0.678896  0.292496  0.317124  0.313209  0.119670  0.189096  0.299635  0.208620  0.316307  0.313191  0.532247  0.267059  0.328971  0.318922  0.622903  0.371391  0.344192  0.609081  0.042838  0.171958  0.320668  0.073771  0.033483  0.438643  0.227157  0.344617  0.773776  0.470200  0.117012  0.138962  0.239780  0.398198  0.030236  0.312992  0.095055  0.431307  0.248443  0.347011  0.039229  0.001391  0.417768  0.292633  0.152777  0.325368  0.855215  0.419957  0.211181  0.356192  0.261064  0.290945  0.393510  0.264691  0.471902  0.345200  0.523655  0.368378  0.343066  0.097259  0.284850  0.411220  0.262116  0.257053  0.836684  0.660052  0.787059  0.325200  0.353605  0.069887  0.364696  0.628934  0.269163  0.308796  0.247097  0.556856  0.336730  0.284343  0.194637  0.511564  0.293066  0.325931  0.400045  0.505770  0.238249  0.210307  0.485822  0.220774  0.289708  0.241057  0.149673  0.403472  0.306728  0.448864  0.356066  0.494367  0.231175  0.796591  0.532054  0.344405  0.187639  0.290274  0.323174  0.167061  0.283707  0.194319  0.084088  0.445883  0.441803  0.315198  0.334504  0.528215  0.374805  0.013770  0.660220  0.278489 
3  0.448764  0.211466  0.292011 0.0  0.291847  0.386856  0.198638  0.371724  0.266847  0.732516  0.457274  0.314145  0.224537  0.189675  0.419954  0.155116  0.241115  0.152913  0.366489  0.183856  0.536774  0.380747  0.191118  0.524092  0.391859  0.439662  0.218295  0.345831  0.297718  0.470145  0.162055  0.155994  0.316493  0.222906  0.451489  0.465882  0.337210  0.329283  0.438192  0.476976  0.404042  0.397666  0.502064  0.250964  0.614797  0.407928  0.387781  0.252861  0.331358  0.249845  0.379315  0.237006  0.438350  0.184901  0.410975  0.775599  0.741651  0.698922  0.330977  0.213968  0.531968  0.135394  0.235679  0.165781  0.216314  0.176998  0.419665  0.199064  0.309097  0.724219  0.178450  0.707390  0.311822  0.285568  0.776343  0.150203  0.195426  0.289997  0.204776  0.165982  0.361756  0.128687  0.352382  0.858040  0.393519  0.289180  0.248314  0.261943  0.264440  0.186718  0.050373  0.126658  0.116423  0.368240  0.177019  0.346327  0.111626  0.394666  0.122559  0.287775  0.461827  0.295713  0.332605  0.379687  0.384933  0.312634  0.285443  0.418700  0.505777  0.633451  0.352354  0.300078  0.373342  0.249261  0.503595  0.269400  0.176174  0.295644  0.407613  0.002934  0.316224  0.337394  0.334435  0.347446  0.202874  0.167019  0.267196  0.700149  0.432181  0.416804  0.042413  0.282576  0.312637  0.346803  0.118830  0.607379  0.059632  0.685961  0.113938  0.251638  0.279056  0.456654  0.128917  0.104225  0.255316  0.736208  0.561474  0.520680  0.418432  0.215956  0.261662  0.258407  0.559442  0.341810  0.185340  0.187284  0.342025  0.209901  0.197325  0.344132  0.159687  0.122905  0.254967  0.125940  0.222370  0.218115  0.133712  0.330062  0.333031  0.520803  0.558376  0.251077  0.480665  0.181217  0.353621  0.223519  0.349666  0.372790  0.775654  0.416206  0.387130  0.352905  0.263229  0.233871  0.351506  0.214310  0.395836  0.250020  0.363460  0.524608  0.264280  0.245150  0.416517  0.180807  0.313698  0.720754  0.113626 
4  0.087909  0.334669  0.368368  0.291847 0.0  0.477085  0.257541  0.263441  0.345683  0.417838  0.313411  0.064323  0.228867  0.325524  0.429285  0.317558  0.193109  0.310564  0.086025  0.351836  0.636911  0.414455  0.167995  0.499797  0.375595  0.449287  0.340734  0.268814  0.156564  0.516973  0.226432  0.258239  0.465480  0.277836  0.000000  0.664564  0.431270  0.449425  0.095019  0.390565  0.473882  0.330875  0.420787  0.090959  0.612319  0.288245  0.124959  0.533552  0.356469  0.449365  0.054384  0.309818  0.020511  0.498975  0.000000  0.835707  0.576492  0.737785  0.311667  0.322298  0.322949  0.312015  0.285760  0.229027  0.271724  0.228414  0.232816  0.319401  0.220437  0.420515  0.315657  0.761903  0.064730  0.146611  0.804139  0.329875  0.291903  0.438784  0.246665  0.341347  0.344252  0.367320  0.353382  0.688494  0.666171  0.310076  0.179825  0.299875  0.433940  0.308943  0.372480  0.218860  0.358404  0.500937  0.310974  0.275366  0.340234  0.680907  0.286807  0.455358  0.651698  0.303480  0.394154  0.207898  0.363373  0.375098  0.132458  0.330654  0.148081  0.611123  0.196400  0.442829  0.546753  0.346270  0.547265  0.319816  0.321400  0.426872  0.444993  0.344093  0.248413  0.263409  0.415166  0.204899  0.269408  0.393636  0.321777  0.534468  0.383108  0.355377  0.306377  0.123985  0.370719  0.020516  0.267439  0.272686  0.347879  0.796150  0.278438  0.291907  0.239248  0.069617  0.424650  0.326378  0.120720  0.545699  0.729201  0.593139  0.355147  0.282481  0.288853  0.391124  0.381543  0.246193  0.325598  0.187205  0.408742  0.270080  0.294748  0.481330  0.490926  0.437572  0.324027  0.248693  0.519883  0.250213  0.305054  0.207024  0.397562  0.579023  0.436025  0.474725  0.445748  0.334185  0.442732  0.230700  0.440919  0.339397  0.474488  0.495935  0.073723  0.466962  0.311621  0.116640  0.371066  0.367793  0.345191  0.275498  0.129624  0.488916  0.357544  0.239513  0.496662  0.360779  0.279389  0.441321  0.362808 
5  0.572125  0.408863  0.416477  0.386856  0.477085 0.0  0.399462  0.388644  0.422086  0.319442  0.374049  0.485004  0.492483  0.404870  0.401698  0.503946  0.525658  0.378879  0.306065  0.313157  0.541969  0.415758  0.351538  0.392243  0.402789  0.522053  0.522873  0.398351  0.459663  0.542428  0.351696  0.377466  0.470529  0.560788  0.448569  0.426219  0.409794  0.485381  0.512047  0.396521  0.500751  0.351363  0.513685  0.447475  0.364375  0.405818  0.490202  0.374122  0.400164  0.492537  0.384047  0.507558  0.499176  0.456292  0.384550  0.497360  0.483534  0.446325  0.391104  0.402857  0.476218  0.470535  0.363375  0.461300  0.554572  0.387301  0.528524  0.451263  0.457778  0.457696  0.417333  0.420966  0.349237  0.468267  0.429818  0.430934  0.478262  0.385570  0.481195  0.446569  0.450341  0.422004  0.425099  0.317473  0.399113  0.352874  0.429052  0.419824  0.436729  0.494265  0.367236  0.509737  0.357023  0.376140  0.345639  0.511416  0.471764  0.412239  0.420835  0.391194  0.501128  0.440949  0.439169  0.441482  0.438205  0.449441  0.477011  0.464725  0.389006  0.466536  0.492382  0.475542  0.455594  0.393368  0.479876  0.510228  0.458157  0.421233  0.385415  0.525558  0.526515  0.486567  0.459967  0.536627  0.370180  0.527343  0.391653  0.448410  0.407331  0.389383  0.468550  0.492259  0.532059  0.338981  0.421349  0.455889  0.458002  0.469931  0.437981  0.325557  0.412764  0.433862  0.385382  0.473291  0.459214  0.403240  0.429926  0.436769  0.398778  0.417151  0.402802  0.546977  0.468346  0.474714  0.486605  0.332634  0.395824  0.543778  0.496166  0.495688  0.505149  0.527494  0.397892  0.496885  0.552245  0.494505  0.341251  0.457538  0.497436  0.420880  0.396497  0.558615  0.432393  0.388832  0.403399  0.466933  0.479483  0.523987  0.415832  0.557112  0.445165  0.421495  0.397803  0.445036  0.470080  0.511085  0.365478  0.448783  0.413878  0.482828  0.445072  0.437964  0.448174  0.457246  0.439845  0.471669  0.492995 
6  0.321982  0.256155  0.277118  0.198638  0.257541  0.399462 0.0  0.382001  0.272723  0.594152  0.346488  0.216360  0.281888  0.319628  0.437572  0.188179  0.263219  0.307329  0.185194  0.255466  0.483599  0.173041  0.284453  0.491917  0.342818  0.476758  0.222899  0.306922  0.275825  0.434335  0.215198  0.292492  0.220635  0.225560  0.248027  0.596435  0.310169  0.343060  0.348791  0.198097  0.449470  0.260303  0.274858  0.242096  0.371981  0.238190  0.291685  0.464511  0.245714  0.198814  0.268022  0.328074  0.307678  0.268541  0.225487  0.618731  0.585485  0.615217  0.285447  0.203603  0.516110  0.241070  0.201951  0.323403  0.344879  0.277004  0.243683  0.325254  0.182038  0.703191  0.298919  0.602654  0.312320  0.288001  0.671670  0.192083  0.260939  0.259421  0.168310  0.185026  0.436472  0.278531  0.256587  0.671364  0.448658  0.165029  0.241130  0.326294  0.254446  0.232449  0.259549  0.211324  0.284276  0.466464  0.266950  0.211542  0.275935  0.642572  0.231346  0.172421  0.698548  0.169458  0.217882  0.211847  0.301123  0.196769  0.218014  0.207963  0.257763  0.570145  0.300723  0.236189  0.173099  0.325185  0.423626  0.326382  0.214741  0.271437  0.435159  0.228435  0.266483  0.236687  0.226953  0.177050  0.398187  0.296368  0.282185  0.594823  0.396314  0.185006  0.347596  0.243304  0.176372  0.281376  0.157262  0.366953  0.331130  0.657369  0.299642  0.391301  0.302646  0.177240  0.247103  0.263438  0.153349  0.754517  0.628310  0.650769  0.472631  0.298091  0.305119  0.271201  0.451766  0.257638  0.226919  0.289090  0.328841  0.286063  0.190056  0.274147  0.405150  0.287353  0.238222  0.321449  0.414352  0.268194  0.199375  0.253455  0.289891  0.471172  0.417506  0.185369  0.471598  0.256793  0.530108  0.204211  0.403836  0.355576  0.681942  0.463337  0.172031  0.288906  0.230833  0.335521  0.302202  0.296969  0.202964  0.255730  0.252883  0.499939  0.294725  0.275478  0.573710  0.260170  0.192959  0.629882  0.222633 
7  0.274808  0.321159  0.231166  0.371724  0.263441  0.388644  0.382001 0.0  0.086974  0.735160  0.055126  0.363354  0.369398  0.373577  0.393070  0.284138  0.247583  0.306356  0.356437  0.301918  0.207791  0.054657  0.269027  0.491254  0.193375  0.516142  0.408311  0.204305  0.323403  0.386568  0.256331  0.302963  0.137720  0.287211  0.293176  0.721526  0.048057  0.080791  0.388236  0.195479  0.429405  0.153226  0.081432  0.268268  0.336450  0.232797  0.348782  0.550538  0.264351  0.067687  0.229800  0.073651  0.292674  0.051823  0.340473  0.418756  0.677580  0.372255  0.025292  0.238419  0.610543  0.248722  0.169672  0.307095  0.225494  0.260794  0.244998  0.238469  0.311986  0.639761  0.260612  0.667043  0.382759  0.300701  0.459653  0.320295  0.273173  0.139184  0.334322  0.231731  0.524027  0.328117  0.101136  0.533664  0.254845  0.432452  0.280899  0.207173  0.073606  0.406500  0.362042  0.330860  0.326233  0.464806  0.427263  0.297977  0.385890  0.867478  0.330164  0.463087  0.821588  0.067451  0.181052  0.347215  0.124813  0.209191  0.442158  0.134809  0.338902  0.602870  0.315456  0.091221  0.069846  0.327153  0.308548  0.058772  0.288445  0.209892  0.421438  0.421393  0.238537  0.211923  0.000000  0.329904  0.267319  0.115562  0.298868  0.745532  0.460444  0.043213  0.502253  0.262921  0.000000  0.302896  0.437819  0.545873  0.369438  0.398889  0.292650  0.269204  0.206289  0.272326  0.314753  0.317857  0.407372  0.697754  0.687366  0.761814  0.443065  0.278858  0.159680  0.374131  0.616475  0.365369  0.391443  0.386338  0.465539  0.294819  0.245947  0.139480  0.665995  0.341914  0.270078  0.306007  0.695657  0.372360  0.138011  0.374090  0.089898  0.382444  0.299892  0.133184  0.510617  0.313114  0.440622  0.355818  0.490210  0.133654  0.772009  0.442925  0.330356  0.071043  0.268426  0.397871  0.164448  0.244667  0.232939  0.099959  0.492569  0.462350  0.196501  0.357922  0.513639  0.427092  0.040020  0.742754  0.363222 
8  0.283346  0.308780  0.051087  0.266847  0.345683  0.422086  0.272723  0.086974 0.0  0.805850  0.153902  0.344032  0.296992  0.246448  0.386411  0.337809  0.303557  0.261598  0.488213  0.391685  0.344655  0.186948  0.179153  0.420640  0.032174  0.505428  0.347051  0.234220  0.309374  0.310509  0.274448  0.305491  0.019448  0.307794  0.491603  0.770396  0.103356  0.080630  0.311239  0.136251  0.308512  0.223332  0.074644  0.177183  0.378709  0.288336  0.358966  0.648595  0.188210  0.000000  0.258029  0.102452  0.330284  0.004400  0.342094  0.397146  0.731467  0.520013  0.091974  0.308161  0.579215  0.281263  0.325919  0.288425  0.236390  0.274645  0.165950  0.304136  0.288514  0.789436  0.266676  0.488157  0.270217  0.264800  0.526007  0.302642  0.350922  0.087588  0.317257  0.350602  0.488843  0.319498  0.000000  0.527302  0.222766  0.451445  0.273382  0.193158  0.041760  0.394449  0.402695  0.340246  0.316202  0.498984  0.330333  0.278398  0.328077  0.731264  0.346202  0.551057  0.852948  0.018208  0.109719  0.276087  0.124640  0.091137  0.386445  0.101055  0.386168  0.732836  0.320444  0.202113  0.001417  0.299898  0.306385  0.083349  0.328949  0.009950  0.497394  0.433211  0.198651  0.211506  0.133940  0.325879  0.313508  0.093342  0.315972  0.646659  0.414954  0.173337  0.395272  0.361997  0.022893  0.364285  0.382130  0.524277  0.360567  0.425889  0.256886  0.405918  0.282972  0.352386  0.381318  0.411339  0.207258  0.655427  0.747108  0.631770  0.406046  0.535126  0.224516  0.329477  0.661121  0.306559  0.339515  0.248934  0.564887  0.370298  0.359059  0.037742  0.492144  0.292092  0.410750  0.345912  0.567863  0.274171  0.226649  0.332449  0.139416  0.268476  0.329048  0.067266  0.500205  0.320406  0.577762  0.279806  0.567608  0.289798  0.758562  0.518477  0.261469  0.124635  0.249302  0.390484  0.051721  0.264059  0.147945  0.025090  0.327474  0.471643  0.205251  0.209882  0.444868  0.234168  0.075336  0.863102  0.296994 
9  0.485553  0.759615  0.719312  0.732516  0.417838  0.319442  0.594152  0.735160  0.805850 0.0  0.689831  0.394411  0.835866  0.630678  0.409683  0.607609  0.611333  0.703971  0.460326  0.695396  0.626274  0.780590  0.606038  0.586112  0.750621  0.584205  0.831004  0.678885  0.532448  0.530019  0.732980  0.692542  0.679434  0.528313  0.457268  0.695602  0.680700  0.646852  0.504265  0.698793  0.557737  0.809778  0.714739  0.473720  0.578938  0.450807  0.461833  0.525235  0.763758  0.794750  0.449701  0.876157  0.460432  0.819399  0.456042  0.406826  0.152284  0.496211  0.816500  0.666356  0.268071  0.798370  0.674232  0.770768  0.744096  0.781186  0.700705  0.714099  0.550825  0.140102  0.766110  0.879802  0.490586  0.456461  0.823201  0.677164  0.700700  0.735042  0.722137  0.704046  0.592805  0.783905  0.693305  0.764222  0.611163  0.746953  0.618719  0.761358  0.745828  0.807713  0.789505  0.774554  0.800389  0.631260  0.744635  0.508631  0.737535  0.386557  0.854175  0.776678  0.375923  0.758834  0.827504  0.422273  0.688390  0.791735  0.553596  0.757775  0.418346  0.144677  0.471762  0.735730  0.741043  0.542487  0.684891  0.789690  0.767718  0.726261  0.365991  0.769745  0.650368  0.590162  0.830305  0.433185  0.782155  0.668017  0.650272  0.159154  0.502392  0.782575  0.762408  0.691151  0.822087  0.514712  0.698624  0.316572  0.700354  0.677341  0.729644  0.686868  0.710862  0.575591  0.771256  0.784127  0.568992  0.049145  0.382575  0.714204  0.370167  0.783245  0.782393  0.814959  0.375615  0.758024  0.724504  0.529826  0.582940  0.703853  0.745380  0.740204  0.536800  0.774626  0.767020  0.654274  0.553111  0.682433  0.494664  0.432779  0.743485  0.536393  0.613033  0.731629  0.533633  0.748464  0.547937  0.716271  0.523133  0.538449  0.526751  0.405158  0.498512  0.751342  0.736412  0.442135  0.692249  0.783339  0.790798  0.874072  0.563016  0.449873  0.680633  0.810694  0.426716  0.668284  0.712320  0.154133  0.811515 
10  0.314064  0.377628  0.098208  0.457274  0.313411  0.374049  0.346488  0.055126  0.153902  0.689831 0.0  0.297424  0.344094  0.246752  0.484821  0.373426  0.339535  0.407817  0.464376  0.496857  0.350024  0.158462  0.299349  0.275958  0.242425  0.549205  0.307345  0.200424  0.377195  0.327556  0.332933  0.472366  0.177435  0.172130  0.396882  0.725922  0.053175  0.144306  0.404885  0.186598  0.440169  0.061436  0.150954  0.498148  0.394835  0.317325  0.359347  0.552116  0.073112  0.097229  0.388740  0.143537  0.363131  0.000000  0.344924  0.457172  0.690122  0.475395  0.137212  0.259879  0.576652  0.462915  0.194072  0.363409  0.412211  0.369643  0.139399  0.192183  0.360832  0.746081  0.349476  0.577087  0.498331  0.383944  0.439095  0.412592  0.330028  0.236595  0.416269  0.368810  0.555710  0.427296  0.044323  0.364456  0.437819  0.340975  0.267436  0.152416  0.248076  0.318475  0.452366  0.389085  0.464618  0.531296  0.301469  0.417911  0.304185  0.648347  0.418109  0.356145  0.861059  0.202327  0.085759  0.398275  0.069435  0.166207  0.389652  0.103106  0.305391  0.737160  0.319749  0.195692  0.160210  0.209389  0.361467  0.096879  0.367150  0.135632  0.457858  0.297161  0.198712  0.108605  0.071024  0.312902  0.326329  0.230914  0.497306  0.834552  0.442227  0.096714  0.447172  0.268526  0.090819  0.345307  0.467688  0.690649  0.486413  0.603538  0.411627  0.272063  0.124530  0.315568  0.360570  0.402054  0.407633  0.754395  0.698202  0.735828  0.479964  0.399428  0.049754  0.421584  0.608277  0.357418  0.427399  0.311281  0.462255  0.319878  0.337868  0.092348  0.636001  0.267215  0.344039  0.353327  0.470469  0.238113  0.291331  0.443725  0.193940  0.367102  0.389741  0.116414  0.323020  0.314723  0.547946  0.361841  0.534031  0.260662  0.762892  0.535257  0.391180  0.109244  0.379649  0.473233  0.131353  0.375820  0.164084  0.157455  0.239383  0.465270  0.253128  0.458761  0.402376  0.396581  0.095164  0.701590  0.288134 
11  0.120875  0.372608  0.434223  0.314145  0.064323  0.485004  0.216360  0.363354  0.344032  0.394411  0.297424 0.0  0.320496  0.270482  0.512495  0.446990  0.136546  0.363081  0.024118  0.261960  0.574708  0.393223  0.256935  0.671022  0.344835  0.623288  0.471413  0.283340  0.133574  0.462356  0.430040  0.444181  0.450569  0.242909  0.100531  0.682168  0.349016  0.502953  0.106735  0.387294  0.455126  0.404578  0.275138  0.168723  0.571948  0.221460  0.190513  0.456944  0.391715  0.415771  0.083487  0.271471  0.038090  0.402534  0.129557  0.662497  0.515697  0.680271  0.370039  0.237593  0.323784  0.306304  0.212187  0.331958  0.360162  0.346587  0.424336  0.254058  0.089137  0.581166  0.256096  0.721718  0.118688  0.123938  0.729685  0.371338  0.314752  0.337977  0.339959  0.330945  0.537359  0.393726  0.433690  0.871957  0.537031  0.323677  0.276628  0.385013  0.320791  0.388494  0.343750  0.357357  0.274532  0.568642  0.349304  0.261832  0.338446  0.775143  0.418267  0.375184  0.833673  0.217680  0.397722  0.085923  0.407507  0.409264  0.120071  0.332660  0.178533  0.558549  0.236042  0.411268  0.356551  0.239578  0.643060  0.404613  0.342040  0.366832  0.488352  0.398713  0.314278  0.426254  0.377035  0.085019  0.336786  0.354308  0.405846  0.524076  0.433413  0.287104  0.470395  0.225054  0.401392  0.032405  0.481206  0.428637  0.363529  0.773530  0.289093  0.251880  0.455469  0.129010  0.340973  0.389458  0.245182  0.558479  0.808845  0.821226  0.425436  0.457701  0.411265  0.469793  0.381564  0.288361  0.354749  0.169189  0.542574  0.409568  0.338424  0.373337  0.598754  0.323242  0.333668  0.404894  0.564755  0.256006  0.278020  0.160594  0.335471  0.564369  0.484260  0.375117  0.420032  0.406144  0.615178  0.311538  0.563624  0.247101  0.436287  0.594090  0.016648  0.310938  0.300051  0.084306  0.411528  0.499949  0.416080  0.393925  0.170931  0.500782  0.242624  0.332436  0.444946  0.361921  0.386081  0.533632  0.315738 
12  0.346899  0.121367  0.292302  0.224537  0.228867  0.492483  0.281888  0.369398  0.296992  0.835866  0.344094  0.320496 0.0  0.151265  0.533091  0.272184  0.386175  0.302211  0.228470  0.133045  0.426134  0.371329  0.363487  0.421314  0.338337  0.372110  0.276044  0.241092  0.250673  0.461178  0.131320  0.119812  0.296602  0.178947  0.424448  0.464908  0.384428  0.445908  0.511382  0.308101  0.527698  0.370555  0.321261  0.368763  0.485267  0.443855  0.363278  0.293259  0.365614  0.282778  0.411190  0.351640  0.399256  0.278208  0.474024  0.729380  0.649666  0.541326  0.349749  0.283163  0.535453  0.182701  0.289482  0.244664  0.168605  0.201481  0.243281  0.221036  0.280489  0.661992  0.205348  0.700523  0.455919  0.337657  0.785153  0.105230  0.178583  0.249457  0.223922  0.210231  0.419878  0.154271  0.371354  0.804423  0.575587  0.369416  0.201602  0.442270  0.327710  0.145351  0.041314  0.229181  0.219677  0.344586  0.275729  0.243574  0.236836  0.433387  0.062023  0.253707  0.470468  0.414380  0.361165  0.402083  0.407776  0.383571  0.330499  0.395141  0.394926  0.769937  0.326237  0.219621  0.208725  0.134622  0.457596  0.333858  0.172258  0.329655  0.493631  0.011507  0.227700  0.273804  0.332989  0.330108  0.307689  0.343429  0.146683  0.763847  0.467078  0.345462  0.092344  0.247520  0.316961  0.388664  0.000000  0.606447  0.108224  0.598077  0.117236  0.204822  0.233280  0.501358  0.074701  0.176745  0.297146  0.716726  0.514054  0.607073  0.489625  0.140918  0.310285  0.135930  0.585029  0.190349  0.158377  0.306344  0.346796  0.208510  0.171950  0.362707  0.305586  0.270150  0.149532  0.157093  0.262435  0.243496  0.219071  0.306426  0.275150  0.502450  0.523678  0.359342  0.371319  0.180770  0.409769  0.116392  0.345743  0.197830  0.760682  0.318582  0.438571  0.213908  0.204097  0.370817  0.324811  0.043856  0.314140  0.262401  0.430470  0.455307  0.310757  0.086462  0.413779  0.171927  0.292780  0.671328  0.134772 
13  0.203127  0.216074  0.115762  0.189675  0.325524  0.404870  0.319628  0.373577  0.246448  0.630678  0.246752  0.270482  0.151265 0.0  0.426209  0.265807  0.300976  0.167715  0.284803  0.282265  0.451650  0.220463  0.213857  0.371983  0.189619  0.396704  0.208229  0.333717  0.236187  0.537185  0.226411  0.356224  0.224687  0.276345  0.275062  0.625171  0.228526  0.313407  0.264861  0.296634  0.572846  0.307226  0.207629  0.136102  0.385502  0.224208  0.208640  0.355292  0.249300  0.194330  0.170738  0.235660  0.305940  0.276254  0.256773  0.649309  0.601766  0.692295  0.200865  0.184670  0.496168  0.301454  0.280821  0.273148  0.251432  0.259115  0.241089  0.230773  0.235128  0.576331  0.309352  0.664932  0.242691  0.275171  0.585499  0.259320  0.172007  0.213692  0.238866  0.221453  0.399003  0.234284  0.299402  0.662333  0.363078  0.251878  0.241703  0.226914  0.346224  0.201406  0.255045  0.293108  0.270726  0.408450  0.207559  0.202245  0.178670  0.727102  0.166301  0.305527  0.667154  0.230870  0.251534  0.326272  0.170803  0.187191  0.124150  0.246876  0.217753  0.487535  0.291584  0.257284  0.310277  0.286105  0.344089  0.213105  0.204480  0.220449  0.395063  0.274846  0.244523  0.231004  0.276954  0.271376  0.196830  0.196141  0.218347  0.537867  0.447582  0.245175  0.217440  0.230038  0.234084  0.260994  0.190526  0.392135  0.295861  0.612702  0.240319  0.285436  0.267068  0.324768  0.266296  0.243208  0.221319  0.648983  0.566579  0.699606  0.476938  0.321997  0.200391  0.310564  0.432243  0.282797  0.154648  0.268520  0.429960  0.179334  0.223316  0.296310  0.409701  0.300832  0.236404  0.287619  0.415233  0.345418  0.168137  0.333669  0.314925  0.482114  0.436765  0.286009  0.509380  0.181220  0.493409  0.271594  0.424518  0.301816  0.622720  0.432388  0.325415  0.185081  0.217728  0.213479  0.214842  0.316530  0.336264  0.161555  0.314957  0.399457  0.293379  0.315094  0.454823  0.346942  0.271648  0.632817  0.264596 
14  0.457576  0.468415  0.571262  0.419954  0.429285  0.401698  0.437572  0.393070  0.386411  0.409683  0.484821  0.512495  0.533091  0.426209 0.0  0.392591  0.464546  0.365048  0.490968  0.381498  0.382548  0.520171  0.399588  0.399177  0.403394  0.417507  0.370388  0.398387  0.389371  0.425273  0.450416  0.436048  0.408898  0.512127  0.495278  0.436362  0.495955  0.431993  0.515411  0.430703  0.529679  0.484544  0.455064  0.492023  0.419656  0.497655  0.477041  0.488581  0.372149  0.519984  0.424631  0.325259  0.431755  0.468257  0.460501  0.431075  0.385156  0.448993  0.420889  0.353279  0.409435  0.537952  0.366852  0.427946  0.504176  0.549361  0.497759  0.479101  0.495065  0.456997  0.505935  0.390765  0.391221  0.405616  0.524674  0.444528  0.431832  0.485099  0.349896  0.413593  0.316146  0.409838  0.489196  0.370188  0.484965  0.463571  0.512842  0.424259  0.415372  0.557181  0.372127  0.313377  0.347101  0.509075  0.477622  0.409783  0.532622  0.377663  0.427316  0.426200  0.411562  0.479753  0.524858  0.483405  0.512732  0.541053  0.423638  0.443324  0.473187  0.386433  0.519419  0.359960  0.512322  0.475857  0.384540  0.350641  0.570140  0.465356  0.524752  0.512299  0.489647  0.471735  0.465526  0.482790  0.430933  0.363015  0.478562  0.370139  0.426695  0.352818  0.504875  0.442970  0.554933  0.497029  0.453369  0.388819  0.402377  0.517722  0.307482  0.433468  0.436573  0.506957  0.476298  0.383344  0.472356  0.492959  0.359265  0.451464  0.445989  0.458286  0.384326  0.430286  0.473857  0.459772  0.438089  0.414786  0.458326  0.422774  0.505262  0.507364  0.532117  0.453434  0.404725  0.509444  0.482442  0.421408  0.383138  0.448098  0.397051  0.443658  0.436298  0.413914  0.455032  0.473528  0.521906  0.493089  0.480392  0.440176  0.423877  0.422670  0.387596  0.468882  0.557254  0.502552  0.401525  0.458320  0.477419  0.485451  0.386518  0.346784  0.411203  0.434160  0.441380  0.408144  0.553329  0.547111  0.411994 
15  0.508486  0.234557  0.341899  0.155116  0.317558  0.503946  0.188179  0.284138  0.337809  0.607609  0.373426  0.446990  0.272184  0.265807  0.392591 0.0  0.208499  0.265747  0.360943  0.177610  0.477579  0.398864  0.212930  0.524874  0.302139  0.355076  0.207308  0.300125  0.334815  0.492159  0.231200  0.169786  0.323171  0.343147  0.371794  0.459764  0.334110  0.223040  0.363991  0.344904  0.458754  0.284861  0.299747  0.250323  0.602968  0.313836  0.339015  0.104663  0.330445  0.315258  0.434152  0.296875  0.427439  0.229631  0.433516  0.672809  0.678136  0.690215  0.310286  0.151322  0.467428  0.151418  0.340840  0.199441  0.181158  0.196574  0.251453  0.233482  0.224869  0.790451  0.189815  0.699179  0.389651  0.308329  0.675570  0.246381  0.227263  0.336748  0.205166  0.217388  0.310561  0.251319  0.356414  0.705058  0.505013  0.239332  0.308513  0.382755  0.346915  0.113926  0.079431  0.155667  0.190583  0.467549  0.221099  0.371883  0.085880  0.446544  0.243103  0.361562  0.453755  0.203786  0.421417  0.228637  0.364462  0.446086  0.305769  0.346882  0.316288  0.826089  0.307518  0.384286  0.373355  0.151760  0.499536  0.289357  0.124680  0.391683  0.470172  0.046785  0.277741  0.277548  0.335949  0.229720  0.138133  0.321053  0.238230  0.713829  0.453105  0.441038  0.103113  0.232551  0.336413  0.466012  0.159540  0.564574  0.063434  0.680383  0.184286  0.213429  0.358563  0.388249  0.136804  0.150886  0.345096  0.702826  0.489748  0.567737  0.484435  0.155783  0.297128  0.187059  0.558616  0.161555  0.275397  0.272549  0.369279  0.123793  0.189650  0.370785  0.260736  0.138127  0.208844  0.230450  0.260727  0.336412  0.276404  0.353399  0.284554  0.512810  0.447269  0.203073  0.384504  0.184524  0.256179  0.155578  0.466179  0.235983  0.770087  0.307684  0.404473  0.356038  0.115388  0.403266  0.373900  0.241036  0.294080  0.247175  0.326898  0.407985  0.089016  0.245748  0.482548  0.265734  0.311218  0.768011  0.164392 
16  0.152830  0.245293  0.270284  0.241115  0.193109  0.525658  0.263219  0.247583  0.303557  0.611333  0.339535  0.136546  0.386175  0.300976  0.464546  0.208499 0.0  0.249082  0.103433  0.311394  0.577260  0.316960  0.167317  0.581806  0.343381  0.449832  0.205308  0.213267  0.028689  0.571602  0.362754  0.255511  0.437067  0.147244  0.080406  0.752795  0.424550  0.447894  0.062694  0.392406  0.442659  0.307299  0.460456  0.137664  0.502768  0.158478  0.135295  0.486666  0.322567  0.485430  0.033714  0.289132  0.177219  0.597775  0.134398  0.818368  0.603681  0.845075  0.412922  0.229953  0.319603  0.334722  0.257703  0.372225  0.257108  0.342973  0.278141  0.204744  0.242349  0.429907  0.285857  0.697829  0.055029  0.076176  0.766402  0.430760  0.356098  0.499933  0.359724  0.332568  0.547484  0.223451  0.419647  0.766990  0.527011  0.351438  0.242150  0.206795  0.436636  0.290753  0.349864  0.268062  0.311399  0.516584  0.316115  0.199160  0.340075  0.712216  0.322414  0.311742  0.698103  0.344450  0.360849  0.309174  0.445009  0.378531  0.084547  0.413723  0.207178  0.656154  0.237704  0.366142  0.424057  0.374422  0.608749  0.299692  0.389217  0.316906  0.405016  0.356501  0.257159  0.210650  0.331425  0.082615  0.343363  0.447200  0.352282  0.604215  0.397937  0.422473  0.312499  0.296304  0.481016  0.137447  0.265698  0.361058  0.318687  0.868295  0.324004  0.343354  0.361089  0.105188  0.390872  0.258110  0.084096  0.514861  0.611810  0.709431  0.388616  0.209697  0.292627  0.362121  0.249391  0.317807  0.342711  0.288982  0.423162  0.339421  0.363145  0.472001  0.513426  0.272058  0.420977  0.379046  0.515786  0.268499  0.329385  0.205629  0.465023  0.567593  0.434234  0.496954  0.515286  0.315427  0.560477  0.261296  0.580809  0.272886  0.564102  0.472969  0.054330  0.447027  0.227791  0.202110  0.409704  0.342911  0.371384  0.286538  0.099342  0.443400  0.229076  0.414701  0.414051  0.363317  0.294092  0.456325  0.235971 
17  0.455171  0.292723  0.333646  0.152913  0.310564  0.378879  0.307329  0.306356  0.261598  0.703971  0.407817  0.363081  0.302211  0.167715  0.365048  0.265747  0.249082 0.0  0.391032  0.249902  0.672861  0.322496  0.182871  0.550532  0.393084  0.429444  0.142530  0.317199  0.306673  0.538648  0.131141  0.311707  0.362784  0.340485  0.474350  0.423520  0.316652  0.221930  0.480553  0.318128  0.532334  0.388815  0.339454  0.257001  0.573754  0.305307  0.460768  0.304328  0.376025  0.225759  0.475457  0.347699  0.396809  0.282022  0.490360  0.656784  0.659584  0.777780  0.253430  0.283082  0.684042  0.160313  0.266850  0.170831  0.132475  0.126842  0.413133  0.223180  0.315553  0.642169  0.279134  0.698634  0.395001  0.331436  0.665078  0.187941  0.162055  0.349482  0.169572  0.146282  0.387899  0.193719  0.315626  0.655660  0.519906  0.398999  0.226065  0.392916  0.409024  0.006069  0.116408  0.180370  0.318936  0.509413  0.147667  0.259843  0.262745  0.502612  0.168967  0.334292  0.437795  0.261183  0.351840  0.282796  0.341324  0.387766  0.412532  0.391783  0.432896  0.676859  0.231373  0.433219  0.197378  0.242336  0.487147  0.306387  0.158131  0.364267  0.396901  0.008259  0.293456  0.197923  0.274032  0.319058  0.112752  0.324864  0.226570  0.705457  0.408617  0.328199  0.000000  0.204929  0.192160  0.504106  0.147278  0.563555  0.019250  0.752053  0.237891  0.198761  0.323113  0.484500  0.032519  0.296300  0.385238  0.613849  0.623385  0.550449  0.431480  0.235370  0.296299  0.181127  0.617398  0.233804  0.110296  0.313416  0.419815  0.095639  0.185319  0.318845  0.265353  0.158803  0.214589  0.279642  0.225554  0.303569  0.282821  0.284652  0.348520  0.575231  0.499698  0.343683  0.405175  0.214028  0.342962  0.232620  0.395281  0.254884  0.671980  0.349808  0.440565  0.336970  0.119925  0.305606  0.295006  0.198230  0.343546  0.358464  0.393502  0.468549  0.294062  0.189007  0.360579  0.156480  0.274510  0.670949  0.152849 
18  0.048330  0.331746  0.376813  0.366489  0.086025  0.306065  0.185194  0.356437  0.488213  0.460326  0.464376  0.024118  0.228470  0.284803  0.490968  0.360943  0.103433  0.391032 0.0  0.345858  0.516619  0.378123  0.266572  0.566533  0.464568  0.576615  0.351021  0.318771  0.092678  0.609643  0.327496  0.353882  0.309774  0.283543  0.000000  0.793627  0.377233  0.391025  0.077362  0.319045  0.447765  0.515845  0.245414  0.020882  0.579610  0.000000  0.156916  0.610562  0.442339  0.276417  0.053468  0.294539  0.000000  0.432262  0.048567  0.660872  0.445354  0.643896  0.346093  0.259581  0.361205  0.296939  0.282662  0.304206  0.300900  0.336410  0.404865  0.295227  0.011244  0.526184  0.374380  0.839033  0.040804  0.068906  0.732353  0.272796  0.303404  0.243901  0.360483  0.245472  0.514856  0.296302  0.366576  0.744755  0.533544  0.309161  0.249656  0.424948  0.361204  0.429446  0.610166  0.298583  0.279111  0.472576  0.263055  0.112424  0.288497  0.845318  0.333381  0.416911  0.832956  0.366516  0.446072  0.124547  0.359536  0.457159  0.100455  0.203356  0.010446  0.339089  0.166920  0.412804  0.334194  0.253755  0.562885  0.253262  0.315454  0.390889  0.459550  0.395471  0.305190  0.458329  0.400236  0.107879  0.335136  0.330799  0.337862  0.457169  0.441707  0.341028  0.520267  0.157721  0.259725  0.047835  0.450847  0.320695  0.354223  0.770883  0.296587  0.276962  0.357191  0.058641  0.269387  0.356037  0.010109  0.490273  0.738509  0.652142  0.520830  0.349330  0.293797  0.423208  0.312390  0.382156  0.250117  0.202047  0.532529  0.309713  0.275642  0.303010  0.619385  0.312930  0.285526  0.299356  0.501828  0.303312  0.265417  0.000000  0.277696  0.634921  0.648701  0.426767  0.491608  0.302321  0.427395  0.273741  0.473334  0.296602  0.471358  0.476024  0.000000  0.336460  0.255084  0.168251  0.431462  0.247515  0.319867  0.284996  0.098493  0.440119  0.244364  0.300178  0.427962  0.337438  0.283961  0.603746  0.312312 
19  0.463737  0.182104  0.305638  0.183856  0.351836  0.313157  0.255466  0.301918  0.391685  0.695396  0.496857  0.261960  0.133045  0.282265  0.381498  0.177610  0.311394  0.249902  0.345858 0.0  0.422363  0.381768  0.217492  0.544087  0.366964  0.304584  0.251890  0.190973  0.361748  0.441304  0.297715  0.207820  0.282659  0.258801  0.465612  0.488810  0.355155  0.292395  0.455961  0.348169  0.397085  0.359196  0.334255  0.280575  0.567359  0.345994  0.393307  0.313452  0.181300  0.287614  0.345570  0.397947  0.477164  0.280603  0.409277  0.726203  0.706043  0.757999  0.283830  0.298027  0.520762  0.202998  0.235555  0.217030  0.104252  0.283586  0.235828  0.247804  0.333320  0.796840  0.258486  0.689270  0.424847  0.280722  0.765661  0.208638  0.135934  0.292705  0.275805  0.217353  0.419033  0.271346  0.280306  0.774264  0.442440  0.406859  0.285229  0.359216  0.269009  0.107971  0.101742  0.152005  0.192367  0.343138  0.173558  0.287278  0.202306  0.527722  0.222873  0.253879  0.404596  0.350214  0.432441  0.326567  0.338022  0.405991  0.409358  0.314339  0.411000  0.727878  0.326738  0.352244  0.318470  0.267080  0.492956  0.325294  0.151703  0.330889  0.355536  0.006930  0.279484  0.303705  0.245067  0.192555  0.132195  0.347824  0.262941  0.670068  0.418182  0.392039  0.052224  0.266387  0.304188  0.493053  0.157813  0.533969  0.053740  0.731532  0.177549  0.159988  0.373837  0.393304  0.060862  0.171900  0.309658  0.666666  0.517939  0.614183  0.380926  0.197504  0.346329  0.223019  0.457326  0.183698  0.278099  0.344685  0.303015  0.137252  0.142516  0.379572  0.311766  0.234542  0.188593  0.058667  0.278248  0.312666  0.205905  0.308918  0.299231  0.546361  0.517291  0.256074  0.391171  0.141191  0.449998  0.160412  0.482361  0.246910  0.760869  0.424021  0.480018  0.328051  0.217319  0.420791  0.319044  0.217941  0.332852  0.321574  0.347822  0.464617  0.236606  0.158463  0.450104  0.188415  0.266232  0.743051  0.117394 
