197
0 0.0  0.424848  0.385857  0.419597  0.059493  0.440022  0.243722  0.344908  0.265266  0.539923  0.375710  0.039528  0.462653  0.331093  0.495126  0.458165  0.043396  0.541541  0.048131  0.353381  0.614564  0.477412  0.266078  0.480675  0.424701  0.594231  0.611592  0.305977  0.128862  0.504458  0.470316  0.430064  0.290802  0.217645  0.115414  0.682175  0.400268  0.355363  0.090816  0.449343  0.415016  0.327454  0.318787  0.031370  0.541168  0.043747  0.126140  0.568119  0.295870  0.358570  0.116088  0.298202  0.197879  0.339989  0.226504  0.771456  0.405057  0.755096  0.288391  0.280336  0.349434  0.421582  0.214250  0.372503  0.513493  0.450614  0.418153  0.277576  0.062373  0.530295  0.363520  0.854349  0.240128  0.000000  0.644153  0.490068  0.403576  0.253408  0.522099  0.479680  0.680537  0.534385  0.305613  0.763635  0.548881  0.341732  0.304466  0.425312  0.313610  0.421320  0.316705  0.529893  0.503224  0.663188  0.455463  0.050399  0.438619  0.794812  0.429998  0.275947  0.710454  0.409236  0.419658  0.059643  0.306799  0.465780  0.184824  0.530109  0.184838  0.534765  0.017792  0.259749  0.301139  0.279257  0.491599  0.249535  0.504498  0.318171  0.494106  0.295709  0.255907  0.330491  0.315885  0.012423  0.696745  0.386925  0.527466  0.413393  0.577672  0.481917  0.329746  0.175712  0.338714  0.163471  0.355174  0.398595  0.349025  0.672458  0.516923  0.509021  0.267753  0.236424  0.366387  0.392690  0.098874  0.407432  0.858949  0.765639  0.529771  0.414382  0.379484  0.458295  0.276907  0.331252  0.450626  0.294233  0.676115  0.407245  0.423464  0.412642  0.458690  0.408249  0.431806  0.452638  0.549680  0.084940  0.233628  0.164881  0.250222  0.655707  0.489602  0.258692  0.510516  0.501959  0.727045  0.475762  0.661703  0.223765  0.488427  0.726078  0.136615  0.314643  0.486373  0.186450  0.471670  0.521976  0.412329  0.455275  0.138088  0.482594  0.326293  0.527014  0.508943  0.353756  0.303808  0.439032  0.567150 
1  0.424848 0.0  0.332491  0.116778  0.354700  0.460230  0.375916  0.375576  0.334469  0.827389  0.419482  0.444258  0.128619  0.204324  0.398194  0.208105  0.352978  0.197533  0.326888  0.274240  0.660062  0.524570  0.291693  0.645884  0.395045  0.396875  0.133695  0.311998  0.283910  0.530571  0.161264  0.225148  0.363315  0.225871  0.479157  0.480885  0.298115  0.249091  0.456201  0.410680  0.421306  0.410070  0.360255  0.331648  0.549727  0.347402  0.412174  0.314770  0.341244  0.330740  0.490043  0.291012  0.460669  0.337770  0.378067  0.667460  0.662183  0.805903  0.262676  0.164592  0.608516  0.177478  0.270478  0.272066  0.221115  0.194111  0.346262  0.379749  0.349637  0.722447  0.210503  0.694332  0.525507  0.353197  0.755993  0.325163  0.200188  0.372481  0.086527  0.191070  0.344777  0.165407  0.387733  0.878317  0.597698  0.306775  0.253044  0.334463  0.422176  0.000000  0.040459  0.161041  0.131732  0.405744  0.179806  0.302812  0.193492  0.557687  0.201036  0.339412  0.555887  0.326255  0.454214  0.270320  0.455025  0.360577  0.377242  0.296269  0.435099  0.727397  0.368384  0.293365  0.354717  0.207753  0.632070  0.349130  0.256459  0.450786  0.537829  0.024897  0.218711  0.268058  0.307367  0.370502  0.271111  0.376497  0.277376  0.708511  0.441413  0.465952  0.000000  0.291173  0.372142  0.468908  0.086498  0.569803  0.066899  0.812911  0.065194  0.099468  0.401116  0.486874  0.149585  0.275240  0.401720  0.635992  0.631200  0.545991  0.361636  0.141154  0.330820  0.279349  0.568369  0.224718  0.164946  0.212055  0.466606  0.359154  0.193802  0.205074  0.294395  0.193650  0.151107  0.156670  0.271583  0.237609  0.275306  0.360657  0.302973  0.651056  0.648063  0.364059  0.519520  0.079784  0.499820  0.145153  0.374437  0.220061  0.865628  0.361719  0.426941  0.372419  0.266323  0.410263  0.420487  0.280962  0.337548  0.282230  0.382910  0.440921  0.225897  0.123050  0.412475  0.160901  0.251320  0.818594  0.250950 
2  0.385857  0.332491 0.0  0.402139  0.429201  0.542588  0.204969  0.066371  0.121624  0.818454  0.133815  0.344971  0.355618  0.319843  0.498772  0.400520  0.347427  0.309806  0.452155  0.373989  0.335697  0.199001  0.192202  0.221949  0.008794  0.563988  0.291175  0.293348  0.251166  0.343496  0.319903  0.401832  0.192276  0.276656  0.353969  0.686479  0.173573  0.054014  0.386628  0.137226  0.493911  0.063850  0.212791  0.400318  0.341910  0.393515  0.286498  0.577496  0.089108  0.243856  0.274307  0.033119  0.232123  0.106860  0.486093  0.571045  0.849312  0.555792  0.098603  0.238975  0.564472  0.247373  0.280607  0.269322  0.366195  0.336645  0.027935  0.199880  0.454090  0.787696  0.389265  0.508194  0.338340  0.384227  0.550962  0.352523  0.369609  0.143929  0.373783  0.339333  0.434580  0.396222  0.000000  0.594651  0.422661  0.430651  0.206027  0.079074  0.212696  0.371215  0.308128  0.293319  0.321259  0.557690  0.359146  0.499289  0.390156  0.784994  0.303363  0.306159  0.727164  0.169321  0.211589  0.440359  0.120954  0.153050  0.498101  0.260920  0.416378  0.793062  0.390899  0.056792  0.319034  0.185830  0.482825  0.133143  0.407149  0.148626  0.390123  0.315197  0.238911  0.040975  0.116219  0.413076  0.273704  0.292286  0.341618  0.900966  0.446472  0.042852  0.238437  0.278128  0.205087  0.285323  0.281398  0.555422  0.267593  0.660201  0.351919  0.286217  0.103402  0.410438  0.490050  0.381130  0.257703  0.899753  0.847014  0.686976  0.430113  0.482234  0.074881  0.300921  0.720301  0.368947  0.350517  0.283030  0.554008  0.420007  0.337240  0.139056  0.457350  0.389103  0.348072  0.404667  0.398859  0.252185  0.289747  0.369143  0.292875  0.386703  0.321681  0.156029  0.447159  0.335513  0.511402  0.383528  0.527459  0.230224  0.847951  0.511751  0.396580  0.189079  0.313067  0.365561  0.176795  0.444359  0.145976  0.073297  0.401449  0.523908  0.329325  0.313994  0.497739  0.324863  0.090226  0.691597  0.282041 
3  0.419597  0.116778  0.402139 0.0  0.339911  0.465172  0.377326  0.265460  0.392289  0.781612  0.416345  0.414147  0.212605  0.230859  0.616277  0.237993  0.391314  0.203552  0.359506  0.205478  0.519653  0.373042  0.419604  0.493192  0.450863  0.380853  0.184902  0.250073  0.303996  0.523549  0.223276  0.216566  0.280799  0.237931  0.599971  0.635798  0.292814  0.372144  0.432439  0.337004  0.503185  0.338903  0.432716  0.292280  0.607389  0.282741  0.476591  0.154349  0.224732  0.464484  0.503936  0.351376  0.537962  0.456991  0.487968  0.858891  0.718277  0.760940  0.375158  0.373095  0.530265  0.168305  0.295951  0.204581  0.210398  0.156535  0.363446  0.293475  0.285209  0.741319  0.228159  0.629059  0.348458  0.351997  0.714885  0.238289  0.094147  0.310642  0.197462  0.164138  0.462614  0.163080  0.282396  0.754523  0.603822  0.345824  0.182680  0.373893  0.254366  0.000000  0.114955  0.167913  0.240218  0.442059  0.160172  0.321455  0.206416  0.583965  0.169783  0.385031  0.466941  0.346978  0.394161  0.283282  0.533277  0.384984  0.450682  0.306347  0.322765  0.828150  0.350512  0.336962  0.469948  0.256028  0.472336  0.268751  0.217921  0.334643  0.440281  0.092805  0.315341  0.295742  0.378931  0.247790  0.222210  0.336622  0.136048  0.722970  0.479946  0.399447  0.137094  0.303510  0.314002  0.480386  0.031791  0.618755  0.059772  0.669579  0.226755  0.227007  0.261833  0.444949  0.166658  0.251017  0.353407  0.727877  0.587051  0.652731  0.474893  0.197507  0.384507  0.317293  0.540088  0.183627  0.213325  0.190207  0.340500  0.188535  0.295083  0.322508  0.233540  0.192853  0.191707  0.229331  0.278391  0.249160  0.234978  0.265375  0.305640  0.633894  0.449137  0.385885  0.457207  0.115210  0.411983  0.268026  0.380945  0.308751  0.906518  0.451516  0.417812  0.419009  0.242009  0.385266  0.392705  0.281344  0.265826  0.349144  0.412121  0.380865  0.280253  0.141346  0.519646  0.120374  0.383035  0.765521  0.107583 
4  0.059493  0.354700  0.429201  0.339911 0.0  0.547067  0.281731  0.317770  0.322294  0.508823  0.422888  0.102834  0.406116  0.224990  0.467471  0.240318  0.195769  0.419243  0.126167  0.411337  0.702809  0.491838  0.231261  0.599711  0.571887  0.481090  0.339489  0.203492  0.044280  0.604600  0.361126  0.279366  0.460495  0.271446  0.038081  0.764165  0.463069  0.546585  0.129841  0.417662  0.464654  0.332412  0.410514  0.236340  0.624259  0.169875  0.136777  0.424387  0.241391  0.513690  0.000000  0.421555  0.014006  0.473512  0.059061  0.777234  0.507975  0.938890  0.383994  0.302417  0.340989  0.313817  0.363639  0.304244  0.307939  0.347400  0.281180  0.292181  0.167333  0.488221  0.302159  0.838841  0.050181  0.016428  0.889161  0.266224  0.344045  0.570616  0.392628  0.358340  0.539074  0.238123  0.339709  0.797671  0.679092  0.197034  0.223365  0.389200  0.497192  0.274972  0.354654  0.410563  0.331204  0.661812  0.355182  0.237008  0.341237  0.742554  0.409756  0.375819  0.753163  0.324509  0.467482  0.151508  0.415633  0.397950  0.065784  0.448277  0.227409  0.692201  0.225408  0.435813  0.496104  0.227018  0.677107  0.255240  0.311508  0.336936  0.489496  0.347131  0.224240  0.347552  0.375562  0.184236  0.171813  0.541028  0.365234  0.511511  0.515170  0.292439  0.368221  0.316069  0.473944  0.085986  0.308145  0.319816  0.272195  0.763765  0.370551  0.390836  0.293040  0.004397  0.515442  0.308170  0.133507  0.712245  0.782564  0.682149  0.415511  0.350848  0.286317  0.382460  0.379612  0.384975  0.374198  0.296854  0.550423  0.263750  0.347418  0.449856  0.528501  0.326312  0.272791  0.298934  0.604024  0.292431  0.222828  0.145471  0.427747  0.682267  0.533522  0.412141  0.477499  0.311107  0.558310  0.231830  0.528107  0.268196  0.512944  0.461536  0.027129  0.373178  0.342496  0.131299  0.416388  0.311589  0.287881  0.299234  0.108150  0.560659  0.264583  0.320189  0.479070  0.358520  0.414105  0.529662  0.382968 
5  0.440022  0.460230  0.542588  0.465172  0.547067 0.0  0.491291  0.511732  0.411772  0.423782  0.502381  0.432898  0.484252  0.440172  0.381947  0.382706  0.523044  0.524720  0.420689  0.436021  0.417424  0.413568  0.454621  0.464632  0.537869  0.395981  0.491116  0.399250  0.444040  0.507254  0.522354  0.533181  0.437148  0.586376  0.445218  0.368225  0.500417  0.536292  0.554163  0.486277  0.455752  0.561249  0.514363  0.508894  0.526294  0.533509  0.419060  0.466355  0.488026  0.397564  0.424570  0.445251  0.400983  0.414298  0.536488  0.438680  0.432544  0.398178  0.520101  0.485626  0.373832  0.608044  0.381562  0.390455  0.506713  0.458526  0.491406  0.413702  0.479817  0.414906  0.437581  0.468539  0.636475  0.420150  0.539431  0.582441  0.464760  0.352674  0.601313  0.494569  0.600410  0.486006  0.476221  0.394155  0.450636  0.440799  0.454497  0.471470  0.516426  0.490660  0.449083  0.517640  0.491410  0.492429  0.540329  0.458936  0.450570  0.553793  0.472001  0.515981  0.513688  0.514755  0.510265  0.460261  0.445239  0.365245  0.405584  0.464290  0.398245  0.405852  0.468710  0.429462  0.428355  0.513018  0.379645  0.434614  0.564930  0.516391  0.569993  0.452867  0.458124  0.527266  0.461056  0.437069  0.549529  0.470382  0.513489  0.536850  0.556649  0.416440  0.349016  0.519859  0.474770  0.449777  0.453500  0.497962  0.438197  0.491727  0.484204  0.404763  0.455990  0.501777  0.465071  0.602673  0.471892  0.410255  0.414464  0.619542  0.465170  0.500339  0.442662  0.484809  0.569968  0.566270  0.439442  0.580222  0.474032  0.419501  0.402781  0.451310  0.497010  0.539143  0.532537  0.492900  0.506181  0.456116  0.532623  0.518344  0.483724  0.446485  0.547599  0.400345  0.451524  0.435769  0.469699  0.491791  0.575873  0.448784  0.468889  0.527074  0.419391  0.481200  0.511787  0.432695  0.509047  0.530999  0.554909  0.466765  0.440482  0.494380  0.565781  0.526827  0.543182  0.390218  0.488060  0.447832  0.518942 
6  0.243722  0.375916  0.204969  0.377326  0.281731  0.491291 0.0  0.300189  0.235183  0.672166  0.335611  0.304256  0.197026  0.192509  0.397932  0.300909  0.287820  0.302826  0.243477  0.312648  0.503449  0.323514  0.245724  0.464372  0.345578  0.384809  0.163934  0.291152  0.331889  0.588232  0.386224  0.294325  0.292259  0.289655  0.277027  0.647579  0.277398  0.226324  0.181573  0.247803  0.520808  0.275989  0.218192  0.302585  0.402607  0.278702  0.238419  0.523584  0.239766  0.262220  0.230274  0.227450  0.191551  0.194302  0.400167  0.602935  0.731823  0.718317  0.297711  0.293397  0.478494  0.299089  0.302171  0.340287  0.271473  0.370462  0.310564  0.214422  0.294351  0.669203  0.207757  0.576559  0.368321  0.255520  0.737540  0.302157  0.261877  0.204671  0.224222  0.226330  0.434912  0.246209  0.188330  0.746165  0.473367  0.276005  0.193972  0.280501  0.291471  0.198801  0.188332  0.274683  0.321056  0.493813  0.180813  0.291044  0.298964  0.743727  0.241568  0.208943  0.636464  0.280414  0.333226  0.302876  0.268976  0.271889  0.300001  0.337139  0.396483  0.609820  0.308087  0.264958  0.239159  0.277694  0.473651  0.328782  0.314779  0.313677  0.465307  0.232592  0.257568  0.308333  0.246593  0.286896  0.340914  0.344215  0.304914  0.603977  0.447575  0.280211  0.382606  0.200843  0.244918  0.220990  0.305563  0.498372  0.253824  0.702489  0.287833  0.272568  0.186170  0.298490  0.250198  0.251707  0.288512  0.638543  0.718996  0.675343  0.433935  0.282323  0.312190  0.292714  0.438708  0.231206  0.162278  0.321958  0.429670  0.264684  0.158078  0.204985  0.553721  0.154806  0.240984  0.346203  0.434685  0.356440  0.198528  0.300039  0.283422  0.555783  0.521088  0.327674  0.417248  0.262002  0.416972  0.215818  0.468712  0.283505  0.653877  0.452781  0.351115  0.266704  0.239612  0.215874  0.361855  0.282883  0.379513  0.274610  0.249055  0.479952  0.194214  0.217648  0.449244  0.229237  0.241425  0.652175  0.254967 
7  0.344908  0.375576  0.066371  0.265460  0.317770  0.511732  0.300189 0.0  0.231047  0.888368  0.088617  0.499011  0.367907  0.306377  0.476913  0.407754  0.315145  0.372435  0.545320  0.307833  0.325919  0.225977  0.214658  0.481726  0.094112  0.555206  0.372107  0.261312  0.338945  0.455097  0.297674  0.283069  0.006738  0.243497  0.418990  0.930387  0.093054  0.040311  0.407287  0.156848  0.477611  0.227277  0.114290  0.505605  0.225421  0.382250  0.390775  0.800716  0.175485  0.006174  0.260452  0.096081  0.337725  0.000000  0.251877  0.552822  0.790018  0.459999  0.111385  0.342321  0.669257  0.292507  0.310785  0.380460  0.307487  0.274684  0.192038  0.268652  0.279872  0.736680  0.365636  0.607113  0.253354  0.307262  0.482654  0.258274  0.371433  0.099446  0.425610  0.313518  0.576432  0.383828  0.061510  0.655395  0.211825  0.430708  0.240498  0.219885  0.085394  0.518160  0.444478  0.245539  0.436882  0.544857  0.289760  0.347237  0.330931  0.877287  0.319820  0.413381  0.915890  0.051830  0.075143  0.343570  0.089466  0.217942  0.455753  0.063654  0.501481  0.771706  0.277761  0.083609  0.035343  0.319249  0.315579  0.076263  0.370508  0.095930  0.476654  0.491395  0.224487  0.183700  0.066393  0.353621  0.296794  0.128788  0.415433  0.726997  0.411353  0.103282  0.416540  0.231602  0.004980  0.425018  0.494470  0.546642  0.315651  0.485451  0.369103  0.238250  0.170167  0.401092  0.376596  0.317314  0.250314  0.713167  0.670325  0.749735  0.460783  0.308857  0.298478  0.346094  0.696331  0.355381  0.302689  0.232770  0.544590  0.261837  0.299500  0.044167  0.729235  0.329558  0.208137  0.269084  0.775345  0.311353  0.270808  0.324582  0.094225  0.378927  0.309279  0.038069  0.504120  0.416623  0.481835  0.282002  0.601825  0.267802  0.804394  0.669099  0.422842  0.036524  0.268208  0.391374  0.229812  0.276610  0.182332  0.049422  0.499236  0.441255  0.314002  0.339553  0.251403  0.357022  0.000000  0.847104  0.297978 
8  0.265266  0.334469  0.121624  0.392289  0.322294  0.411772  0.235183  0.231047 0.0  0.795218  0.094849  0.436283  0.409998  0.210704  0.544909  0.267185  0.287353  0.308758  0.417689  0.340370  0.348475  0.158832  0.138491  0.466951  0.120974  0.579251  0.337209  0.350699  0.293629  0.306116  0.312152  0.364583  0.087870  0.425170  0.354642  0.848943  0.141937  0.063396  0.340166  0.157943  0.472188  0.228256  0.112133  0.448508  0.342498  0.388182  0.373575  0.592761  0.200253  0.094129  0.285353  0.000000  0.283278  0.038975  0.328926  0.385363  0.757254  0.427080  0.037570  0.249439  0.631936  0.254175  0.371869  0.267666  0.347702  0.303679  0.221384  0.255933  0.428409  0.830119  0.320451  0.526305  0.406147  0.375148  0.384733  0.316011  0.235385  0.061912  0.301672  0.165551  0.461709  0.386044  0.022338  0.531309  0.310118  0.471568  0.331017  0.146471  0.022066  0.404386  0.443468  0.244738  0.433168  0.561603  0.450825  0.400168  0.360408  0.859928  0.233997  0.410541  0.793753  0.044333  0.050895  0.420533  0.207406  0.202683  0.432484  0.000000  0.379683  0.629199  0.414617  0.110927  0.094306  0.305579  0.387633  0.021203  0.372171  0.212598  0.459560  0.519710  0.350920  0.254093  0.000000  0.395694  0.357976  0.060715  0.299927  0.706344  0.411209  0.152272  0.515772  0.279352  0.194100  0.380591  0.389351  0.608523  0.308157  0.486993  0.308558  0.385761  0.179855  0.299893  0.236570  0.255750  0.269814  0.724252  0.720438  0.756119  0.521671  0.397253  0.250701  0.418926  0.562061  0.355990  0.398144  0.290682  0.493837  0.278654  0.390782  0.004967  0.689777  0.326376  0.280072  0.379090  0.498912  0.211139  0.291296  0.232019  0.097695  0.327886  0.452940  0.063154  0.449922  0.257347  0.539317  0.350231  0.587124  0.248984  0.848979  0.543592  0.421942  0.094111  0.320288  0.256274  0.163388  0.291706  0.191929  0.083865  0.432992  0.474049  0.226807  0.342412  0.532848  0.424235  0.111013  0.922940  0.308324 
9  0.539923  0.827389  0.818454  0.781612  0.508823  0.423782  0.672166  0.888368  0.795218 0.0  0.872694  0.506458  0.761156  0.547396  0.403788  0.797139  0.457751  0.945798  0.449527  0.776018  0.585408  0.805024  0.599046  0.610829  0.731297  0.632907  0.821878  0.706721  0.541124  0.576302  0.766844  0.776245  0.831287  0.748621  0.579194  0.699462  0.737812  0.737981  0.657249  0.776147  0.377781  0.923435  0.820402  0.462741  0.628028  0.459909  0.439921  0.551173  0.810576  0.769343  0.577131  0.795257  0.498634  0.853218  0.469672  0.446583  0.102060  0.480455  0.854898  0.635115  0.360197  0.771853  0.705649  0.788723  0.827565  0.813695  0.813208  0.732958  0.565504  0.143424  0.796327  0.877517  0.464489  0.600289  0.761476  0.738111  0.772451  0.748621  0.769205  0.772944  0.518669  0.794930  0.828081  0.862451  0.736725  0.870118  0.654166  0.878112  0.790863  0.764121  0.854768  0.817665  0.791173  0.699346  0.787321  0.660177  0.881476  0.394585  0.845611  0.717294  0.267945  0.829991  0.772390  0.483964  0.774793  0.756977  0.499892  0.802048  0.507220  0.163240  0.625240  0.735564  0.755291  0.650146  0.650451  0.880443  0.811144  0.766572  0.426242  0.739323  0.640000  0.819763  0.821224  0.417959  0.758288  0.835314  0.873541  0.208611  0.381409  0.883142  0.795001  0.579295  0.774889  0.618681  0.755995  0.280451  0.787568  0.724178  0.807847  0.707661  0.810509  0.508287  0.794859  0.708901  0.482596  0.321304  0.418527  0.776317  0.437234  0.836901  0.817159  0.816089  0.357561  0.756013  0.784130  0.673762  0.610462  0.876944  0.712325  0.844619  0.656119  0.812922  0.771412  0.695821  0.665543  0.643945  0.599835  0.604770  0.873854  0.581240  0.714106  0.843892  0.517504  0.745330  0.556145  0.738853  0.601911  0.638563  0.506682  0.672790  0.582117  0.838340  0.803235  0.503304  0.631766  0.891094  0.719282  0.752507  0.505413  0.439211  0.648201  0.824512  0.483842  0.836693  0.816665  0.181048  0.909921 
10  0.375710  0.419482  0.133815  0.416345  0.422888  0.502381  0.335611  0.088617  0.094849  0.872694 0.0  0.442252  0.402263  0.241649  0.517934  0.464278  0.355428  0.372033  0.421872  0.338729  0.348353  0.226363  0.229253  0.424036  0.102823  0.594914  0.419095  0.186665  0.423243  0.433240  0.477777  0.353069  0.147763  0.247672  0.477756  0.766964  0.160109  0.226383  0.325702  0.145023  0.390155  0.080992  0.161430  0.316023  0.232406  0.398984  0.460026  0.641343  0.093501  0.072642  0.489772  0.256444  0.407002  0.000000  0.335719  0.484055  0.850323  0.577706  0.042218  0.327589  0.598219  0.418275  0.326815  0.399154  0.367188  0.357144  0.175912  0.176530  0.385469  0.696168  0.333587  0.572983  0.387242  0.470285  0.533366  0.409674  0.317008  0.179565  0.426619  0.343335  0.551197  0.403913  0.147206  0.540231  0.298083  0.437876  0.209442  0.136036  0.093353  0.301630  0.401272  0.413726  0.376290  0.567819  0.469205  0.402212  0.401589  0.823241  0.229800  0.334532  0.802245  0.165247  0.061796  0.471833  0.142863  0.049068  0.340779  0.048656  0.330808  0.795388  0.404549  0.160289  0.155528  0.219113  0.458738  0.102753  0.436763  0.127514  0.391265  0.410574  0.317393  0.112751  0.172556  0.489854  0.367686  0.123033  0.343889  0.743911  0.424320  0.150406  0.338375  0.349030  0.125982  0.334682  0.467985  0.576659  0.435763  0.636418  0.391195  0.453687  0.074291  0.447708  0.429433  0.305903  0.440755  0.733174  0.823789  0.668999  0.407879  0.371503  0.175007  0.404076  0.710839  0.311556  0.461100  0.194955  0.592130  0.470239  0.466962  0.050630  0.573158  0.414437  0.376369  0.389837  0.624806  0.279967  0.352768  0.390510  0.047865  0.334279  0.364348  0.158115  0.369113  0.370712  0.572984  0.376634  0.527043  0.299263  0.802601  0.589739  0.376401  0.200583  0.329308  0.449278  0.174477  0.280646  0.234928  0.095525  0.407233  0.479934  0.333967  0.427029  0.464265  0.511669  0.143085  0.769309  0.393186 
11  0.039528  0.444258  0.344971  0.414147  0.102834  0.432898  0.304256  0.499011  0.436283  0.506458  0.442252 0.0  0.421856  0.254460  0.370195  0.357563  0.089919  0.394477  0.112614  0.427695  0.666737  0.310977  0.206286  0.656201  0.319992  0.539962  0.333100  0.107242  0.108504  0.662068  0.388847  0.437425  0.394201  0.213081  0.000000  0.821366  0.354206  0.563474  0.128351  0.404824  0.524657  0.347898  0.403653  0.120057  0.610901  0.056517  0.000000  0.663662  0.336933  0.469683  0.221506  0.496224  0.189073  0.457778  0.067162  0.801613  0.569553  0.788540  0.378255  0.226188  0.329405  0.376046  0.209802  0.401715  0.351061  0.533549  0.412918  0.211460  0.105206  0.560646  0.516722  0.831238  0.137411  0.150790  0.741210  0.349569  0.309861  0.441372  0.376107  0.419991  0.718057  0.458593  0.391945  0.845678  0.570331  0.337063  0.333105  0.358299  0.328071  0.309201  0.426530  0.337529  0.433375  0.609521  0.463589  0.142782  0.528338  0.770622  0.373293  0.380249  0.801084  0.328649  0.375715  0.058767  0.397501  0.505309  0.164130  0.320202  0.206069  0.524697  0.134398  0.511652  0.433273  0.261326  0.547973  0.370075  0.381998  0.407270  0.469964  0.410703  0.192925  0.394223  0.424692  0.138127  0.429595  0.365674  0.481290  0.548169  0.468517  0.382429  0.377750  0.239884  0.294036  0.154770  0.306833  0.379634  0.450874  0.867066  0.507473  0.383190  0.297270  0.113686  0.385559  0.413092  0.117728  0.603047  0.870367  0.855587  0.482707  0.448432  0.402600  0.388677  0.348081  0.452668  0.455881  0.267715  0.617795  0.471655  0.317295  0.368368  0.622937  0.422798  0.397192  0.395896  0.573311  0.331047  0.281712  0.090974  0.335956  0.638518  0.612038  0.385497  0.416686  0.461160  0.600935  0.439534  0.726075  0.210455  0.354038  0.625351  0.061956  0.383421  0.393389  0.109406  0.360619  0.430451  0.374841  0.501557  0.022215  0.378569  0.176604  0.330498  0.467007  0.377979  0.449381  0.554881  0.326864 
12  0.462653  0.128619  0.355618  0.212605  0.406116  0.484252  0.197026  0.367907  0.409998  0.761156  0.402263  0.421856 0.0  0.251680  0.548930  0.261442  0.298077  0.265549  0.261434  0.121877  0.546001  0.423239  0.163103  0.451060  0.296886  0.432095  0.232229  0.287590  0.339743  0.470211  0.193524  0.172451  0.371891  0.375979  0.448656  0.450045  0.372478  0.373609  0.458088  0.362355  0.507147  0.341067  0.326298  0.244528  0.631775  0.298993  0.492865  0.312128  0.292324  0.356286  0.419636  0.340701  0.478938  0.340314  0.385157  0.813544  0.730646  0.687995  0.395672  0.243310  0.474684  0.242438  0.219946  0.069060  0.192216  0.121066  0.369319  0.309327  0.270497  0.808765  0.191107  0.762922  0.454231  0.270813  0.711065  0.139143  0.201767  0.340825  0.099644  0.176058  0.451008  0.204240  0.361940  0.779307  0.637469  0.355409  0.199970  0.326779  0.270960  0.072258  0.035940  0.159072  0.208411  0.472407  0.086138  0.350886  0.111434  0.552414  0.247005  0.372486  0.455522  0.457169  0.410812  0.288843  0.375446  0.442746  0.446858  0.276472  0.358868  0.637721  0.367289  0.381492  0.343588  0.366427  0.538962  0.318278  0.171378  0.426873  0.356872  0.049196  0.304190  0.291823  0.351511  0.329950  0.306507  0.284683  0.160547  0.688408  0.492955  0.422979  0.031305  0.224202  0.378403  0.437552  0.081754  0.620609  0.000000  0.778119  0.089378  0.163842  0.238564  0.483215  0.118680  0.312135  0.316123  0.729371  0.598346  0.547382  0.480751  0.230114  0.383150  0.212621  0.602864  0.175259  0.146961  0.307395  0.374478  0.262172  0.191660  0.282972  0.356795  0.177417  0.273967  0.185269  0.266394  0.195417  0.207901  0.348116  0.374034  0.749565  0.619842  0.318976  0.359748  0.182350  0.513315  0.176322  0.368953  0.272953  0.756062  0.381253  0.459947  0.402743  0.181552  0.371339  0.439134  0.161874  0.283322  0.265342  0.389651  0.541742  0.211867  0.284370  0.385831  0.170757  0.353611  0.825629  0.127247 
13  0.331093  0.204324  0.319843  0.230859  0.224990  0.440172  0.192509  0.306377  0.210704  0.547396  0.241649  0.254460  0.251680 0.0  0.460953  0.362651  0.205550  0.301386  0.275910  0.259616  0.495384  0.285085  0.232676  0.388172  0.262936  0.557625  0.252717  0.334674  0.329924  0.355036  0.270432  0.179629  0.280573  0.196278  0.310207  0.657233  0.260678  0.267871  0.313270  0.294990  0.459091  0.313444  0.313746  0.220171  0.509491  0.293596  0.266376  0.572442  0.266076  0.306206  0.311520  0.363849  0.268818  0.349731  0.246545  0.675210  0.836104  0.678921  0.243083  0.279487  0.485967  0.293620  0.238117  0.378304  0.291231  0.195873  0.242390  0.218869  0.337982  0.675147  0.292718  0.574575  0.137236  0.152552  0.740466  0.298304  0.400024  0.173581  0.238788  0.336641  0.546165  0.327370  0.240409  0.741145  0.414731  0.357457  0.283553  0.262377  0.180965  0.272213  0.243861  0.236977  0.322089  0.521715  0.248319  0.185947  0.226021  0.668796  0.356569  0.243583  0.750087  0.315031  0.287055  0.236830  0.119028  0.211584  0.251937  0.309660  0.305689  0.760277  0.272399  0.259243  0.230391  0.356715  0.535530  0.244727  0.255517  0.230145  0.413526  0.211799  0.319774  0.335984  0.225389  0.224447  0.366241  0.310616  0.224751  0.534396  0.417860  0.304824  0.193641  0.246555  0.323875  0.266124  0.264269  0.495930  0.241960  0.727916  0.333595  0.272603  0.310026  0.296315  0.230640  0.235316  0.314547  0.576950  0.630024  0.719243  0.472135  0.256707  0.276435  0.266822  0.604559  0.130770  0.291276  0.307657  0.549444  0.230818  0.238091  0.273269  0.379712  0.291155  0.230688  0.304818  0.541469  0.350377  0.294645  0.370074  0.425704  0.518832  0.468535  0.194542  0.449344  0.215793  0.378363  0.276386  0.503779  0.351995  0.650031  0.471237  0.209161  0.169905  0.373897  0.301782  0.329776  0.252028  0.238460  0.276099  0.285045  0.590721  0.308010  0.355620  0.544546  0.282318  0.316569  0.702610  0.282127 
14  0.495126  0.398194  0.498772  0.616277  0.467471  0.381947  0.397932  0.476913  0.544909  0.403788  0.517934  0.370195  0.548930  0.460953 0.0  0.478040  0.447718  0.521298  0.473095  0.413601  0.469601  0.506569  0.364909  0.499316  0.521559  0.373485  0.504912  0.491590  0.514875  0.445072  0.453498  0.524647  0.523846  0.547763  0.447726  0.328305  0.435558  0.548704  0.458506  0.488854  0.348718  0.481733  0.446319  0.543129  0.521698  0.458980  0.512463  0.536985  0.495942  0.486855  0.397278  0.445530  0.468342  0.527958  0.427288  0.518557  0.592415  0.483712  0.414145  0.483403  0.447050  0.466733  0.492931  0.364600  0.595681  0.473185  0.452320  0.481905  0.440518  0.472523  0.373231  0.416152  0.519459  0.400543  0.556214  0.490022  0.544335  0.429455  0.409017  0.459537  0.434122  0.487115  0.493657  0.450145  0.458201  0.542812  0.500975  0.486118  0.475875  0.485117  0.460841  0.532596  0.496670  0.544476  0.507539  0.524862  0.518565  0.344069  0.415659  0.457183  0.498393  0.440513  0.460275  0.546647  0.404706  0.510323  0.462589  0.479446  0.446936  0.415021  0.405960  0.499047  0.511894  0.430750  0.427007  0.447757  0.439673  0.455427  0.406542  0.523428  0.333675  0.397141  0.462447  0.526988  0.419286  0.488962  0.435982  0.444114  0.434451  0.397514  0.519623  0.457890  0.458837  0.451375  0.464638  0.379277  0.491553  0.535471  0.406151  0.452731  0.310537  0.441823  0.520255  0.358758  0.438653  0.491962  0.403040  0.574042  0.491914  0.545204  0.304659  0.478132  0.515372  0.484767  0.518476  0.487564  0.501494  0.472547  0.402665  0.521694  0.542776  0.492031  0.432302  0.422498  0.365263  0.391679  0.445586  0.509659  0.520483  0.434966  0.341031  0.553915  0.432117  0.299469  0.493172  0.456518  0.438829  0.497513  0.583607  0.524952  0.492462  0.455854  0.463390  0.469623  0.433834  0.443734  0.449512  0.453469  0.455359  0.470027  0.424397  0.490769  0.464845  0.450486  0.403323  0.388197  0.573811 
15  0.458165  0.208105  0.400520  0.237993  0.240318  0.382706  0.300909  0.407754  0.267185  0.797139  0.464278  0.357563  0.261442  0.362651  0.478040 0.0  0.367607  0.219971  0.337430  0.141016  0.570224  0.445825  0.139128  0.510331  0.536930  0.476422  0.307811  0.239093  0.309924  0.618141  0.130207  0.146334  0.305149  0.342379  0.537263  0.465684  0.355429  0.346290  0.446847  0.502298  0.526840  0.426061  0.296602  0.342731  0.587407  0.297460  0.446766  0.322664  0.430254  0.332030  0.555648  0.389260  0.383029  0.328942  0.426393  0.732611  0.734997  0.770833  0.379963  0.393256  0.543915  0.303118  0.179271  0.190113  0.217671  0.176044  0.369656  0.314019  0.395998  0.691818  0.196254  0.771590  0.457826  0.345220  0.813874  0.255526  0.166385  0.375977  0.104265  0.259728  0.473081  0.243350  0.347968  0.794838  0.456961  0.332258  0.225018  0.371334  0.391599  0.062385  0.000000  0.185097  0.072572  0.343605  0.227025  0.306586  0.168146  0.478007  0.159108  0.303684  0.576025  0.313594  0.426623  0.413566  0.462807  0.531158  0.484981  0.369155  0.387102  0.739948  0.358296  0.265308  0.393310  0.267685  0.579795  0.323926  0.157167  0.501504  0.396091  0.086372  0.217491  0.263102  0.336896  0.279069  0.140254  0.244889  0.104335  0.807556  0.398592  0.398682  0.064886  0.277349  0.296880  0.572071  0.008124  0.684023  0.101764  0.645848  0.174579  0.124196  0.253020  0.317287  0.164385  0.190224  0.352776  0.679990  0.566167  0.586794  0.498773  0.232706  0.347151  0.236206  0.520489  0.254988  0.213281  0.301609  0.344009  0.172662  0.076733  0.294201  0.262948  0.231949  0.351399  0.191044  0.294572  0.193206  0.198061  0.265245  0.403330  0.581992  0.556781  0.297596  0.599209  0.244694  0.450865  0.210464  0.408702  0.327240  0.796894  0.428762  0.506445  0.363140  0.203012  0.326485  0.498553  0.158252  0.347649  0.330322  0.404867  0.383519  0.224405  0.419276  0.565529  0.152835  0.275627  0.683708  0.292292 
16  0.043396  0.352978  0.347427  0.391314  0.195769  0.523044  0.287820  0.315145  0.287353  0.457751  0.355428  0.089919  0.298077  0.205550  0.447718  0.367607 0.0  0.293789  0.096786  0.319868  0.679533  0.331126  0.292831  0.585703  0.426422  0.481109  0.366580  0.261993  0.170242  0.502230  0.434037  0.229067  0.479448  0.234060  0.155840  0.781362  0.477921  0.444987  0.028914  0.418038  0.441438  0.333597  0.521930  0.193121  0.596702  0.104959  0.156136  0.524616  0.397040  0.381742  0.124505  0.373236  0.044251  0.516369  0.154853  0.856643  0.594562  0.886646  0.260537  0.318299  0.346855  0.367930  0.250252  0.346898  0.229636  0.336800  0.299152  0.214795  0.110749  0.419011  0.305436  0.748458  0.122652  0.073084  0.873653  0.244066  0.237157  0.473054  0.280556  0.309119  0.496173  0.316192  0.258395  0.853778  0.688367  0.374277  0.331700  0.338180  0.527831  0.336265  0.297985  0.270322  0.327167  0.622708  0.446200  0.144252  0.248060  0.769449  0.385027  0.303778  0.798587  0.342394  0.341083  0.269742  0.388469  0.460869  0.090665  0.509287  0.089558  0.587742  0.183856  0.430774  0.469998  0.340830  0.628436  0.338572  0.396586  0.370690  0.450033  0.280599  0.261415  0.239850  0.295527  0.347351  0.356812  0.475947  0.306186  0.583207  0.535516  0.437965  0.409853  0.334223  0.485900  0.056134  0.247714  0.291447  0.404230  0.866720  0.428940  0.338072  0.420033  0.000000  0.534511  0.258606  0.121043  0.644687  0.652636  0.752921  0.642503  0.271901  0.348044  0.379645  0.225114  0.361726  0.349271  0.270226  0.487571  0.377519  0.194070  0.516069  0.512752  0.307031  0.203417  0.269638  0.532507  0.329876  0.237057  0.226752  0.407287  0.700486  0.489303  0.417292  0.428017  0.432239  0.424708  0.240486  0.485376  0.195056  0.580641  0.490007  0.025775  0.401757  0.299847  0.106280  0.427602  0.434464  0.326755  0.361437  0.092248  0.359773  0.258386  0.385273  0.576611  0.281232  0.301324  0.486030  0.333820 
17  0.541541  0.197533  0.309806  0.203552  0.419243  0.524720  0.302826  0.372435  0.308758  0.945798  0.372033  0.394477  0.265549  0.301386  0.521298  0.219971  0.293789 0.0  0.335639  0.240325  0.588024  0.445795  0.319586  0.467603  0.445105  0.292651  0.265857  0.324125  0.297168  0.525099  0.268803  0.153399  0.268397  0.217728  0.435213  0.421895  0.448096  0.315061  0.555796  0.468380  0.512460  0.352946  0.373699  0.335676  0.521387  0.325650  0.380022  0.185538  0.377177  0.362789  0.483158  0.278309  0.576589  0.382458  0.489673  0.687948  0.791385  0.720629  0.372263  0.090696  0.591797  0.172253  0.267423  0.223933  0.244224  0.184987  0.296387  0.197486  0.296758  0.703471  0.209448  0.721721  0.532086  0.313276  0.778878  0.214430  0.219675  0.359404  0.198641  0.218184  0.348660  0.149015  0.258081  0.902446  0.509307  0.332319  0.362856  0.271634  0.342544  0.090505  0.087338  0.270418  0.160203  0.324784  0.215147  0.314818  0.134260  0.440043  0.164881  0.440272  0.462307  0.273876  0.413580  0.345300  0.322229  0.281075  0.430515  0.300957  0.312608  0.824702  0.361908  0.284940  0.397171  0.330375  0.461923  0.224177  0.204439  0.363633  0.393570  0.113531  0.230946  0.268463  0.339295  0.428013  0.138360  0.281606  0.151909  0.719928  0.461789  0.343843  0.084804  0.237477  0.318186  0.561918  0.075539  0.549376  0.046769  0.709634  0.194781  0.151451  0.244853  0.476768  0.086390  0.089747  0.362763  0.728688  0.599702  0.579559  0.566361  0.220308  0.288277  0.317390  0.608638  0.256767  0.129476  0.333728  0.296121  0.203135  0.181685  0.334404  0.273006  0.104924  0.316237  0.167324  0.340560  0.208731  0.302590  0.304592  0.321354  0.716704  0.512653  0.384685  0.417490  0.213517  0.359706  0.155186  0.448744  0.227692  0.885060  0.384985  0.500160  0.342725  0.142517  0.385709  0.404449  0.267418  0.379859  0.345241  0.406553  0.465535  0.308861  0.204354  0.460690  0.187405  0.329478  0.726642  0.309631 
18  0.048131  0.326888  0.452155  0.359506  0.126167  0.420689  0.243477  0.545320  0.417689  0.449527  0.421872  0.112614  0.261434  0.275910  0.473095  0.337430  0.096786  0.335639 0.0  0.266228  0.545789  0.407241  0.288770  0.644109  0.396900  0.514621  0.388098  0.225523  0.194668  0.596071  0.308991  0.298617  0.246323  0.338922  0.091495  0.958619  0.342567  0.323359  0.000000  0.411063  0.453187  0.389609  0.231279  0.048075  0.571497  0.000000  0.246481  0.616518  0.394101  0.382634  0.054885  0.278567  0.000000  0.350253  0.116720  0.713727  0.485563  0.782391  0.375146  0.270171  0.359791  0.380046  0.223393  0.339737  0.408326  0.307097  0.442786  0.267689  0.126430  0.441244  0.190322  0.818133  0.011925  0.030635  0.771129  0.325973  0.377746  0.431475  0.264734  0.396089  0.472719  0.289147  0.299906  0.917627  0.618905  0.440790  0.367209  0.472900  0.234173  0.528473  0.422473  0.377771  0.363727  0.568395  0.356121  0.018995  0.257106  0.898320  0.307422  0.430662  0.891173  0.374164  0.424498  0.104967  0.363043  0.405234  0.143043  0.279038  0.083888  0.509181  0.115295  0.338360  0.322314  0.285561  0.527320  0.346166  0.312110  0.332227  0.615677  0.384835  0.168474  0.448883  0.351976  0.045265  0.357672  0.343420  0.356362  0.409539  0.556579  0.435949  0.485823  0.331691  0.357343  0.145095  0.500616  0.288462  0.354634  0.845055  0.365761  0.362791  0.462719  0.018835  0.404420  0.272077  0.150011  0.458394  0.659394  0.555666  0.516498  0.406950  0.409213  0.334890  0.338736  0.369381  0.363630  0.311840  0.517411  0.367274  0.469804  0.292758  0.628798  0.356869  0.375823  0.272196  0.690028  0.259003  0.242646  0.009295  0.348546  0.619321  0.698908  0.327889  0.434792  0.376387  0.606397  0.325684  0.555608  0.270135  0.480031  0.599514  0.061435  0.325526  0.470557  0.123632  0.440479  0.290834  0.485387  0.385994  0.182242  0.454176  0.305731  0.378364  0.494952  0.346388  0.290243  0.679941  0.310120 
19  0.353381  0.274240  0.373989  0.205478  0.411337  0.436021  0.312648  0.307833  0.340370  0.776018  0.338729  0.427695  0.121877  0.259616  0.413601  0.141016  0.319868  0.240325  0.266228 0.0  0.520283  0.340177  0.307205  0.583993  0.297464  0.426209  0.285727  0.333953  0.269442  0.463067  0.186696  0.259281  0.394576  0.228675  0.446898  0.547215  0.281357  0.330431  0.450966  0.446767  0.479605  0.323945  0.289197  0.278277  0.678359  0.308613  0.400521  0.226845  0.391939  0.288734  0.429078  0.340804  0.530476  0.344954  0.555245  0.726416  0.794168  0.682166  0.490281  0.310280  0.601278  0.183278  0.240166  0.256726  0.299941  0.230439  0.274415  0.333401  0.335180  0.718603  0.143657  0.864233  0.469780  0.375959  0.753374  0.195758  0.114812  0.383519  0.181380  0.235000  0.355067  0.205234  0.267170  0.748984  0.459743  0.185909  0.255416  0.184464  0.424509  0.078871  0.072645  0.163984  0.338718  0.484468  0.095458  0.280776  0.110165  0.443991  0.214527  0.357142  0.477089  0.261189  0.343202  0.286026  0.493067  0.461861  0.379611  0.316813  0.447063  0.733656  0.362744  0.222641  0.259015  0.197884  0.472120  0.431903  0.160735  0.379997  0.510861  0.063824  0.207007  0.271923  0.278963  0.301529  0.202677  0.308761  0.191839  0.725322  0.464513  0.398392  0.069121  0.253606  0.274338  0.479301  0.000000  0.643857  0.138429  0.800224  0.177142  0.189576  0.343659  0.500144  0.020867  0.227588  0.302891  0.760811  0.564275  0.598583  0.422550  0.168757  0.292030  0.171031  0.683867  0.146620  0.193932  0.289468  0.382823  0.273945  0.166067  0.258092  0.232662  0.259812  0.157516  0.229294  0.260079  0.361201  0.219502  0.383904  0.265535  0.629558  0.624300  0.356231  0.512274  0.179397  0.388408  0.125455  0.500250  0.214910  0.789822  0.369718  0.453960  0.232352  0.252771  0.410894  0.360157  0.075076  0.361365  0.387209  0.348675  0.431282  0.313169  0.217920  0.539171  0.209592  0.339797  0.737936  0.230784 
