197
0 0.0  0.421105  0.319371  0.425885  0.084501  0.495717  0.293903  0.376502  0.244822  0.581883  0.285093  0.152202  0.496654  0.203451  0.420314  0.404167  0.153907  0.465024  0.112661  0.456954  0.488827  0.314290  0.212589  0.459721  0.354744  0.652174  0.386351  0.214737  0.169086  0.518396  0.552071  0.484197  0.290859  0.240608  0.233082  0.820500  0.313656  0.285163  0.078825  0.366136  0.494359  0.372960  0.318913  0.125219  0.496355  0.164044  0.204254  0.471580  0.278563  0.302892  0.224781  0.247643  0.236528  0.402072  0.162343  0.750865  0.462445  0.717145  0.326923  0.348851  0.302016  0.437692  0.382363  0.448999  0.490401  0.409732  0.376937  0.277205  0.065760  0.441644  0.490377  0.734222  0.190334  0.072641  0.633683  0.446845  0.317057  0.322269  0.554869  0.348038  0.618582  0.555383  0.285118  0.824315  0.484462  0.419102  0.284912  0.353727  0.316146  0.296735  0.317896  0.402413  0.407682  0.715721  0.411841  0.054350  0.379027  0.835932  0.500469  0.286416  0.792947  0.339470  0.368783  0.000000  0.415086  0.412311  0.099237  0.285908  0.147405  0.501524  0.035137  0.338420  0.393012  0.281948  0.577289  0.288435  0.387366  0.426885  0.379220  0.313705  0.278121  0.322377  0.293234  0.187237  0.434538  0.348791  0.509417  0.466021  0.438208  0.442311  0.395074  0.302686  0.460744  0.241480  0.303899  0.223506  0.320937  0.779067  0.397931  0.466878  0.275919  0.228786  0.382701  0.502147  0.045040  0.494733  0.879629  0.853225  0.541101  0.395192  0.324867  0.355902  0.346494  0.463564  0.395086  0.210612  0.702322  0.533523  0.547825  0.335430  0.475915  0.482514  0.488611  0.383664  0.468454  0.344096  0.307798  0.047733  0.337136  0.637343  0.582048  0.325740  0.423398  0.430263  0.600771  0.508367  0.655438  0.167245  0.457785  0.560752  0.190919  0.266590  0.493255  0.135058  0.338825  0.412300  0.369033  0.382719  0.189958  0.529902  0.249608  0.443515  0.490515  0.419301  0.380419  0.400193  0.491728 
1  0.421105 0.0  0.315522  0.115458  0.204685  0.519967  0.329515  0.393634  0.345540  0.781073  0.481542  0.409588  0.301623  0.264520  0.484914  0.168868  0.337128  0.151098  0.358297  0.292481  0.530721  0.323892  0.171691  0.530509  0.544704  0.394508  0.100785  0.195015  0.262382  0.427895  0.188071  0.208914  0.356389  0.295596  0.486078  0.449544  0.356862  0.256500  0.348291  0.508553  0.440008  0.284517  0.331578  0.268325  0.525158  0.351563  0.364502  0.292924  0.343576  0.321728  0.501148  0.357418  0.440471  0.380944  0.443444  0.630339  0.690818  0.786738  0.348425  0.282268  0.467349  0.176055  0.323080  0.207892  0.187707  0.196732  0.334173  0.335102  0.340305  0.720758  0.177620  0.573151  0.446858  0.405164  0.686960  0.171311  0.154623  0.305259  0.280249  0.277029  0.454314  0.227468  0.407003  0.821678  0.551352  0.430112  0.345646  0.369979  0.408393  0.000000  0.000000  0.232344  0.188032  0.435979  0.127632  0.348062  0.224872  0.470990  0.300938  0.344652  0.366635  0.347303  0.340732  0.224353  0.383766  0.409509  0.259676  0.288017  0.342012  0.685690  0.392323  0.311879  0.387805  0.187190  0.431688  0.312916  0.281336  0.410402  0.458803  0.091281  0.275347  0.329855  0.396974  0.397640  0.112341  0.299188  0.147240  0.688610  0.478128  0.492710  0.079504  0.185568  0.266681  0.458352  0.061043  0.495341  0.084976  0.689835  0.241927  0.204953  0.299315  0.377588  0.088644  0.171772  0.355938  0.736748  0.518631  0.597186  0.428725  0.312029  0.282377  0.107767  0.502255  0.208551  0.208946  0.232210  0.326317  0.135002  0.256962  0.217917  0.246331  0.193468  0.149948  0.192725  0.302751  0.224379  0.186222  0.341053  0.277031  0.580491  0.553732  0.274292  0.417669  0.110252  0.310942  0.143064  0.399309  0.212560  0.731047  0.387881  0.475725  0.323468  0.183840  0.410783  0.413906  0.228948  0.332553  0.362646  0.289319  0.567221  0.209330  0.279277  0.530831  0.190054  0.231584  0.833430  0.272300 
2  0.319371  0.315522 0.0  0.277738  0.478099  0.567734  0.201865  0.000000  0.002878  0.754375  0.094481  0.476887  0.311023  0.204174  0.470430  0.387069  0.475207  0.283329  0.409349  0.292651  0.460824  0.116437  0.252519  0.262995  0.174853  0.521980  0.303509  0.281077  0.360081  0.240793  0.267130  0.295379  0.205375  0.231815  0.366645  0.684661  0.238761  0.267513  0.303138  0.127858  0.505495  0.179879  0.175038  0.386069  0.355822  0.424949  0.405551  0.574124  0.019180  0.251055  0.339356  0.066557  0.432566  0.209360  0.381264  0.624064  0.924417  0.561299  0.068953  0.170688  0.514784  0.316834  0.372531  0.314466  0.276957  0.333312  0.079076  0.255315  0.477278  0.748653  0.224294  0.342950  0.283291  0.327736  0.532564  0.298154  0.278521  0.195609  0.367368  0.366714  0.423872  0.403553  0.060026  0.690771  0.345888  0.265336  0.202981  0.054901  0.207422  0.359777  0.377232  0.278789  0.352072  0.503682  0.271068  0.440739  0.360890  0.563322  0.341134  0.272812  0.682124  0.115853  0.215832  0.453195  0.161407  0.161338  0.421710  0.176938  0.288800  0.846496  0.432763  0.157715  0.258364  0.300101  0.469806  0.131815  0.257641  0.139113  0.410722  0.423389  0.278604  0.141623  0.139906  0.428726  0.425979  0.234645  0.333560  0.773882  0.457614  0.132094  0.307413  0.204050  0.134877  0.384147  0.425521  0.594726  0.379653  0.582958  0.362169  0.414582  0.044409  0.360418  0.371208  0.325491  0.426775  0.825614  0.689960  0.623936  0.506803  0.303447  0.078263  0.339389  0.621408  0.414447  0.256726  0.197378  0.576655  0.299809  0.367956  0.239842  0.456534  0.365538  0.401557  0.285504  0.461508  0.175758  0.208014  0.435535  0.077535  0.235678  0.325291  0.201455  0.481749  0.301335  0.563909  0.240223  0.466592  0.215545  0.810687  0.604583  0.307907  0.231116  0.280056  0.546003  0.105149  0.265245  0.112039  0.076466  0.425453  0.378129  0.300428  0.369263  0.379770  0.378081  0.128175  0.708361  0.336925 
3  0.425885  0.115458  0.277738 0.0  0.323995  0.522580  0.312656  0.467327  0.312494  0.808031  0.351540  0.313313  0.246789  0.283359  0.471030  0.308670  0.300777  0.201325  0.374637  0.287573  0.509133  0.350059  0.380365  0.469513  0.336233  0.400012  0.254720  0.306091  0.319471  0.512565  0.192690  0.141207  0.255584  0.349841  0.439136  0.494059  0.291669  0.380098  0.564567  0.427341  0.451311  0.366607  0.269208  0.268197  0.600831  0.379876  0.476096  0.256337  0.383927  0.275996  0.544923  0.278934  0.449546  0.343697  0.396464  0.670764  0.680906  0.740990  0.316408  0.196426  0.668203  0.238789  0.214106  0.186877  0.208932  0.041180  0.394353  0.236716  0.244755  0.652551  0.236995  0.684170  0.558831  0.309676  0.634797  0.176995  0.180243  0.460257  0.102535  0.205335  0.295001  0.217678  0.324977  0.738730  0.592354  0.351516  0.202421  0.270710  0.374368  0.193488  0.000000  0.146968  0.235563  0.478384  0.155732  0.323373  0.211443  0.486611  0.234644  0.334757  0.439135  0.304301  0.388091  0.378570  0.357802  0.397871  0.346651  0.242313  0.386153  0.723632  0.343157  0.219166  0.304077  0.235187  0.584192  0.317707  0.114410  0.504953  0.515776  0.064659  0.141725  0.318209  0.393755  0.411269  0.217485  0.341934  0.045526  0.716306  0.474839  0.388596  0.000000  0.335269  0.225085  0.503555  0.090946  0.583517  0.030298  0.638430  0.148120  0.277328  0.369553  0.406624  0.080894  0.131007  0.344454  0.838418  0.546030  0.505629  0.425209  0.217799  0.464884  0.166674  0.441199  0.174805  0.177333  0.296917  0.445882  0.201819  0.160954  0.342016  0.147881  0.213430  0.144878  0.206868  0.256802  0.317576  0.306628  0.251098  0.344437  0.529892  0.540961  0.357035  0.447929  0.152172  0.385762  0.160717  0.450064  0.290900  0.801282  0.441320  0.441086  0.403583  0.098834  0.399710  0.522031  0.168381  0.350809  0.326965  0.441583  0.529284  0.241355  0.126106  0.530794  0.167723  0.337359  0.626292  0.171824 
4  0.084501  0.204685  0.478099  0.323995 0.0  0.427586  0.306206  0.335371  0.224882  0.548485  0.343009  0.052191  0.289123  0.217830  0.518582  0.347400  0.148201  0.317260  0.134756  0.283416  0.689446  0.410606  0.268242  0.535243  0.298593  0.509197  0.285441  0.371211  0.015294  0.467206  0.355350  0.407503  0.499164  0.282557  0.175270  0.610252  0.461816  0.513303  0.220616  0.316500  0.440407  0.308197  0.450632  0.176208  0.537840  0.159897  0.185683  0.510591  0.367922  0.474041  0.073530  0.396079  0.080756  0.411875  0.107160  0.913642  0.673518  0.882167  0.261725  0.151737  0.347507  0.338872  0.257523  0.298749  0.205298  0.264669  0.297255  0.318112  0.176010  0.527407  0.288997  0.628862  0.079493  0.113070  0.808867  0.357493  0.365275  0.472653  0.351166  0.269891  0.597054  0.285849  0.472017  0.805758  0.642560  0.330523  0.208431  0.325364  0.449155  0.357759  0.293346  0.367914  0.285405  0.533958  0.382248  0.120987  0.388145  0.723749  0.302927  0.306269  0.731243  0.387163  0.446577  0.239160  0.294785  0.324163  0.130502  0.423409  0.083012  0.658770  0.104856  0.336651  0.451216  0.231879  0.635855  0.276872  0.331901  0.371389  0.407083  0.340703  0.308786  0.413598  0.349686  0.180082  0.306383  0.381515  0.349462  0.585919  0.444197  0.448372  0.312325  0.229241  0.405359  0.045559  0.305852  0.352247  0.265800  0.799773  0.366192  0.304159  0.261849  0.059389  0.467030  0.236955  0.023077  0.586575  0.810669  0.719903  0.456088  0.347786  0.237689  0.232822  0.438238  0.440744  0.294479  0.277433  0.515437  0.411726  0.221646  0.437030  0.531670  0.275184  0.453306  0.357618  0.541321  0.208607  0.165904  0.171107  0.496675  0.652629  0.581145  0.509110  0.474600  0.161422  0.620119  0.340512  0.594597  0.251094  0.560955  0.534712  0.137449  0.498348  0.369600  0.118388  0.413134  0.306543  0.397942  0.335484  0.222940  0.485395  0.217438  0.372905  0.379744  0.281364  0.296801  0.494902  0.291616 
5  0.495717  0.519967  0.567734  0.522580  0.427586 0.0  0.427482  0.508258  0.433747  0.368501  0.431678  0.496221  0.572879  0.423632  0.475666  0.534030  0.384718  0.513204  0.542193  0.431482  0.440413  0.441485  0.467082  0.486741  0.383952  0.388601  0.470002  0.489693  0.316841  0.532538  0.468023  0.428012  0.426472  0.500043  0.522692  0.418170  0.436253  0.600265  0.440598  0.483043  0.402072  0.569224  0.426584  0.513606  0.584225  0.513283  0.426617  0.375914  0.472692  0.461357  0.485343  0.452558  0.532039  0.461402  0.555093  0.370609  0.432902  0.507933  0.443571  0.456280  0.513488  0.521021  0.512433  0.449671  0.471994  0.488303  0.420270  0.398880  0.507703  0.379211  0.474145  0.446344  0.518663  0.569264  0.543806  0.518866  0.534499  0.474163  0.464184  0.496892  0.454421  0.443343  0.416194  0.428186  0.444086  0.460682  0.420608  0.507199  0.505924  0.505088  0.553357  0.454992  0.466854  0.459449  0.481060  0.497989  0.444528  0.466751  0.480853  0.480622  0.391050  0.464694  0.470841  0.381849  0.383319  0.474576  0.474209  0.448112  0.456612  0.535284  0.366416  0.502357  0.468838  0.514436  0.447617  0.427144  0.354390  0.519237  0.524345  0.510135  0.398157  0.398898  0.348701  0.451848  0.489721  0.478070  0.442370  0.452885  0.411740  0.351804  0.435095  0.484300  0.401983  0.342173  0.478474  0.452067  0.439909  0.411878  0.373321  0.505260  0.456483  0.471488  0.502300  0.520274  0.412122  0.428878  0.434385  0.495646  0.504156  0.369116  0.567125  0.376896  0.419567  0.467760  0.425436  0.496190  0.457555  0.551635  0.478483  0.478549  0.427219  0.425222  0.426461  0.397214  0.426424  0.389499  0.382568  0.427509  0.443030  0.415811  0.541519  0.466286  0.426582  0.416486  0.479686  0.471560  0.465426  0.360970  0.446212  0.457779  0.332779  0.490654  0.499471  0.497104  0.423218  0.431905  0.555793  0.454125  0.478019  0.355846  0.556444  0.505529  0.425777  0.474600  0.469575  0.418289  0.480300 
6  0.293903  0.329515  0.201865  0.312656  0.306206  0.427482 0.0  0.290899  0.242336  0.652380  0.230897  0.200342  0.253297  0.181523  0.546329  0.252570  0.228462  0.384506  0.137179  0.355239  0.541966  0.295371  0.346503  0.378863  0.228430  0.440879  0.300396  0.156501  0.289358  0.462270  0.213250  0.320259  0.328740  0.423085  0.171313  0.665697  0.128096  0.253486  0.246687  0.280857  0.483974  0.215075  0.237195  0.319213  0.461759  0.290912  0.242967  0.504268  0.295175  0.252074  0.327067  0.241775  0.241139  0.198542  0.308144  0.596358  0.562859  0.615890  0.295541  0.272304  0.474094  0.300666  0.285150  0.226633  0.212602  0.242219  0.222402  0.206761  0.291446  0.722523  0.307271  0.662651  0.250516  0.289445  0.736545  0.317656  0.268060  0.251238  0.306768  0.176155  0.485922  0.211900  0.312151  0.670729  0.561187  0.338984  0.309492  0.243193  0.247346  0.253254  0.271415  0.258348  0.147272  0.522689  0.299447  0.313092  0.311431  0.678647  0.296299  0.273571  0.508583  0.388947  0.255972  0.254388  0.203112  0.293241  0.221219  0.291282  0.288014  0.685127  0.259324  0.321622  0.310509  0.273444  0.469036  0.310935  0.197667  0.298937  0.412826  0.199346  0.177416  0.284382  0.169512  0.251556  0.374284  0.153216  0.319812  0.653518  0.550121  0.365321  0.232377  0.232186  0.334812  0.374010  0.409126  0.509054  0.326174  0.670227  0.333646  0.177140  0.245051  0.177825  0.271923  0.351665  0.218201  0.595068  0.637423  0.717555  0.309735  0.292183  0.274465  0.275020  0.505044  0.281256  0.210771  0.201128  0.531531  0.230688  0.306922  0.375025  0.533772  0.200819  0.319188  0.264357  0.334175  0.221014  0.270618  0.277320  0.205177  0.444732  0.554328  0.205524  0.510495  0.138747  0.486643  0.260477  0.395382  0.246574  0.553059  0.520853  0.283358  0.277537  0.314669  0.418054  0.208891  0.253619  0.282383  0.252186  0.331712  0.478627  0.272424  0.213133  0.473862  0.254465  0.153505  0.696510  0.320191 
7  0.376502  0.393634  0.000000  0.467327  0.335371  0.508258  0.290899 0.0  0.145063  0.829744  0.109560  0.425984  0.347143  0.232456  0.525502  0.256621  0.389110  0.410383  0.379482  0.272119  0.387077  0.031843  0.214333  0.360675  0.211552  0.601096  0.305948  0.203162  0.348061  0.385212  0.335989  0.304159  0.087130  0.226635  0.260235  0.745218  0.081468  0.094576  0.327006  0.113995  0.438769  0.253628  0.043659  0.323148  0.360870  0.285559  0.252413  0.630345  0.144524  0.070534  0.381596  0.080282  0.241412  0.050422  0.351821  0.512054  0.634812  0.491926  0.158219  0.241814  0.531118  0.186822  0.228893  0.334149  0.267359  0.301691  0.206727  0.254549  0.250274  0.807460  0.390209  0.559561  0.331516  0.373081  0.512467  0.295408  0.366700  0.101853  0.347073  0.422261  0.537169  0.257928  0.018287  0.567729  0.374877  0.393050  0.316378  0.116204  0.035816  0.370375  0.504411  0.314181  0.300432  0.495706  0.261294  0.281509  0.274219  0.757593  0.318721  0.401042  0.802676  0.119230  0.189892  0.332441  0.210972  0.102700  0.404017  0.037406  0.413416  0.721517  0.383126  0.008430  0.046426  0.229077  0.380906  0.064850  0.391563  0.119955  0.524563  0.484847  0.226124  0.238509  0.012422  0.377538  0.319477  0.003358  0.339088  0.726844  0.496992  0.176150  0.356572  0.276311  0.073391  0.290630  0.383132  0.657577  0.351122  0.503167  0.248750  0.377782  0.283906  0.294597  0.182198  0.348560  0.380092  0.667632  0.693991  0.753063  0.423527  0.209137  0.182979  0.345117  0.556602  0.287642  0.204568  0.382681  0.547410  0.311691  0.278350  0.101147  0.550436  0.305137  0.288551  0.320726  0.658897  0.224044  0.183920  0.307311  0.170883  0.403419  0.443985  0.024071  0.417299  0.345990  0.590434  0.323832  0.670848  0.323909  0.781187  0.524749  0.363702  0.051676  0.251494  0.366771  0.078698  0.336722  0.129558  0.060190  0.456768  0.403065  0.372536  0.327956  0.486471  0.355995  0.000000  0.891009  0.209091 
8  0.244822  0.345540  0.002878  0.312494  0.224882  0.433747  0.242336  0.145063 0.0  0.727709  0.191379  0.377905  0.396007  0.343153  0.506112  0.381348  0.291771  0.301455  0.369801  0.494788  0.316119  0.115704  0.145234  0.364366  0.110060  0.517910  0.320392  0.235780  0.409358  0.424133  0.324396  0.336103  0.008592  0.296420  0.322908  0.846712  0.052247  0.078080  0.338686  0.072856  0.471965  0.335943  0.049250  0.308212  0.431782  0.321937  0.295520  0.667718  0.327096  0.014513  0.453069  0.169000  0.244878  0.088326  0.331489  0.389608  0.786069  0.475903  0.142773  0.227202  0.557852  0.374213  0.282152  0.333483  0.293638  0.364386  0.295402  0.238129  0.280693  0.680265  0.462333  0.541877  0.289264  0.349360  0.589789  0.283756  0.269907  0.000000  0.340328  0.407470  0.529156  0.366978  0.036699  0.546888  0.275881  0.418685  0.276758  0.149950  0.000000  0.395194  0.362351  0.351120  0.366128  0.533928  0.342132  0.316553  0.263817  0.850515  0.385340  0.455291  0.859963  0.186904  0.205672  0.374322  0.103265  0.034382  0.345691  0.132712  0.321728  0.712570  0.378004  0.116848  0.036852  0.303694  0.232469  0.058227  0.359370  0.128478  0.416282  0.393413  0.262760  0.269485  0.113821  0.340928  0.344029  0.060649  0.326639  0.739620  0.440929  0.203162  0.491466  0.339351  0.161472  0.393035  0.431637  0.652362  0.383454  0.440501  0.300590  0.279613  0.212025  0.395143  0.418920  0.305356  0.328252  0.680535  0.723495  0.741862  0.429316  0.372719  0.234111  0.211618  0.503754  0.335232  0.282718  0.319473  0.536045  0.293538  0.305143  0.126247  0.696316  0.435619  0.252262  0.339030  0.672270  0.229841  0.292334  0.290895  0.076715  0.242333  0.386332  0.127419  0.414100  0.367561  0.521077  0.349610  0.543298  0.165425  0.768450  0.544312  0.422928  0.113056  0.384263  0.403296  0.037957  0.238595  0.233283  0.154334  0.415007  0.445733  0.230943  0.430566  0.470951  0.352782  0.074757  0.865890  0.303891 
9  0.581883  0.781073  0.754375  0.808031  0.548485  0.368501  0.652380  0.829744  0.727709 0.0  0.834208  0.592797  0.856125  0.643472  0.493062  0.707471  0.527343  0.753479  0.404917  0.730649  0.538767  0.824094  0.544745  0.553774  0.624885  0.606674  0.772794  0.594831  0.621122  0.654217  0.733738  0.867913  0.827978  0.554928  0.595836  0.812094  0.822399  0.832256  0.490170  0.739177  0.467209  0.816387  0.774694  0.522156  0.554850  0.548500  0.436477  0.697990  0.748557  0.721113  0.530696  0.671860  0.569436  0.729883  0.531895  0.368797  0.058568  0.416300  0.844440  0.652764  0.353082  0.833139  0.547332  0.826120  0.808703  0.807393  0.736467  0.644770  0.559490  0.089294  0.754882  0.796703  0.535080  0.503250  0.724745  0.757970  0.729393  0.804509  0.678038  0.843249  0.579637  0.680034  0.839027  0.878292  0.541669  0.820021  0.582788  0.839854  0.736383  0.780074  0.786879  0.851765  0.909680  0.583719  0.817972  0.412781  0.818663  0.351466  0.759127  0.796235  0.498906  0.711278  0.703297  0.469713  0.775825  0.778265  0.467921  0.790711  0.524393  0.105199  0.597106  0.730630  0.869622  0.668008  0.555883  0.770785  0.870117  0.831023  0.437878  0.921063  0.734120  0.709277  0.828000  0.555112  0.811450  0.854560  0.806924  0.182262  0.428202  0.767741  0.767004  0.652522  0.731302  0.464444  0.740441  0.265774  0.888877  0.757258  0.819395  0.830313  0.791525  0.506577  0.774989  0.838372  0.444631  0.132649  0.269114  0.761195  0.426434  0.740440  0.725626  0.706918  0.341244  0.762534  0.807009  0.713142  0.601115  0.819325  0.779332  0.861182  0.573736  0.738591  0.689636  0.729712  0.577241  0.693649  0.671864  0.572694  0.812511  0.758856  0.549516  0.793782  0.406837  0.742785  0.536116  0.806234  0.607171  0.637305  0.513523  0.665472  0.564805  0.826817  0.801656  0.425237  0.697982  0.781260  0.751265  0.767236  0.427946  0.504968  0.537770  0.838706  0.431602  0.778195  0.865916  0.101736  0.831328 
10  0.285093  0.481542  0.094481  0.351540  0.343009  0.431678  0.230897  0.109560  0.191379  0.834208 0.0  0.312076  0.233273  0.327236  0.448631  0.319386  0.399463  0.391166  0.312281  0.430930  0.313104  0.193073  0.332988  0.337733  0.137923  0.627374  0.420894  0.230210  0.439607  0.414905  0.430574  0.370024  0.190060  0.262264  0.505097  0.666276  0.102180  0.096722  0.350515  0.119417  0.480235  0.108675  0.143362  0.534335  0.338291  0.365670  0.391128  0.632412  0.141164  0.225188  0.341609  0.091741  0.414104  0.193458  0.443083  0.562186  0.784117  0.531055  0.137462  0.191075  0.688153  0.494727  0.277553  0.464147  0.466604  0.272004  0.141768  0.183543  0.416100  0.853015  0.344714  0.516485  0.428626  0.348676  0.584252  0.339912  0.453544  0.000000  0.462616  0.469766  0.549801  0.324854  0.093002  0.450357  0.409614  0.370708  0.239546  0.042508  0.102084  0.354726  0.299752  0.312701  0.337246  0.672661  0.355048  0.504831  0.351068  0.722187  0.398982  0.441015  0.889066  0.114614  0.089318  0.336823  0.090616  0.108764  0.411008  0.155673  0.436992  0.755638  0.408122  0.081855  0.140026  0.212103  0.329402  0.163837  0.471614  0.138369  0.598275  0.450038  0.323651  0.168767  0.076846  0.347402  0.473575  0.219516  0.378399  0.813961  0.359737  0.177259  0.227747  0.220614  0.120246  0.401465  0.381490  0.449844  0.430661  0.577960  0.345514  0.571742  0.149405  0.456918  0.440492  0.454103  0.353315  0.816027  0.696554  0.778936  0.372257  0.614115  0.158955  0.338620  0.627052  0.404640  0.424563  0.308846  0.598666  0.417953  0.417941  0.218990  0.545084  0.266583  0.473325  0.401860  0.484993  0.243619  0.179020  0.269669  0.088296  0.294194  0.266850  0.136920  0.386028  0.302133  0.638166  0.343635  0.576293  0.247258  0.738268  0.575223  0.463507  0.210537  0.456075  0.301712  0.106517  0.333943  0.193930  0.208247  0.360814  0.496851  0.236782  0.406551  0.370329  0.350823  0.062900  0.764006  0.339907 
11  0.152202  0.409588  0.476887  0.313313  0.052191  0.496221  0.200342  0.425984  0.377905  0.592797  0.312076 0.0  0.434882  0.219700  0.520974  0.323476  0.082878  0.370289  0.050659  0.432448  0.630802  0.401630  0.244640  0.665460  0.428653  0.561142  0.496018  0.231621  0.105626  0.679106  0.449941  0.342977  0.391750  0.246443  0.101760  0.861503  0.349770  0.417995  0.137310  0.341885  0.479757  0.406817  0.416689  0.178970  0.532950  0.229463  0.085052  0.602474  0.509055  0.376291  0.121749  0.477504  0.145247  0.492867  0.158164  0.785639  0.539130  0.786051  0.465022  0.214974  0.305594  0.318013  0.218133  0.336624  0.435060  0.335701  0.370051  0.258407  0.138627  0.512228  0.373832  0.820106  0.139355  0.108840  0.745641  0.375559  0.393464  0.323725  0.374085  0.288048  0.578353  0.345056  0.483061  0.770781  0.551758  0.480577  0.208037  0.481211  0.379886  0.288893  0.367573  0.396461  0.352037  0.631717  0.269910  0.144433  0.375998  0.706060  0.445139  0.388336  0.720870  0.389462  0.386388  0.131443  0.409716  0.387632  0.118756  0.342413  0.114182  0.618011  0.152760  0.279450  0.403141  0.317073  0.515191  0.379182  0.463189  0.432152  0.495763  0.533139  0.226121  0.354313  0.246600  0.157110  0.359725  0.291821  0.369994  0.584111  0.380261  0.456312  0.422476  0.163279  0.381843  0.109802  0.363409  0.345807  0.355760  0.742405  0.542793  0.431779  0.341967  0.164991  0.366689  0.425243  0.122334  0.606516  0.674501  0.784316  0.450990  0.408211  0.311828  0.383421  0.292932  0.410557  0.236128  0.222139  0.552326  0.388516  0.368547  0.362874  0.620882  0.377258  0.466346  0.415000  0.547765  0.245242  0.271123  0.054385  0.395454  0.644018  0.521197  0.555283  0.478779  0.367228  0.642213  0.403496  0.526010  0.183455  0.574788  0.605908  0.195571  0.333881  0.455165  0.110592  0.455426  0.363088  0.351895  0.369197  0.118939  0.537278  0.314331  0.385845  0.499865  0.318159  0.383278  0.471882  0.399553 
12  0.496654  0.301623  0.311023  0.246789  0.289123  0.572879  0.253297  0.347143  0.396007  0.856125  0.233273  0.434882 0.0  0.242431  0.535711  0.101792  0.304436  0.198455  0.165037  0.071025  0.465340  0.355784  0.257011  0.524414  0.382872  0.503843  0.164064  0.309769  0.332598  0.484570  0.159476  0.138496  0.413530  0.231827  0.450764  0.372735  0.302234  0.295494  0.535681  0.360452  0.354554  0.201335  0.266028  0.319754  0.659775  0.365912  0.353767  0.367154  0.389268  0.320829  0.646001  0.331140  0.436576  0.411979  0.470415  0.745195  0.763147  0.648579  0.302122  0.327476  0.589905  0.222102  0.200960  0.117157  0.197379  0.209181  0.386694  0.179729  0.286078  0.719823  0.240612  0.722936  0.559807  0.305840  0.726562  0.129649  0.083289  0.238785  0.202657  0.123779  0.347916  0.213512  0.311870  0.662878  0.530290  0.236177  0.251608  0.292670  0.237297  0.038187  0.033811  0.165252  0.090684  0.347841  0.064670  0.339787  0.284075  0.486197  0.191705  0.396459  0.376861  0.261686  0.331811  0.361350  0.399277  0.414694  0.440577  0.232700  0.443547  0.646164  0.399865  0.244968  0.371337  0.234826  0.585888  0.347980  0.215421  0.439692  0.438034  0.100919  0.213766  0.230793  0.315713  0.352495  0.199654  0.264961  0.202848  0.730981  0.520833  0.425781  0.069795  0.223672  0.329187  0.515058  0.076138  0.612970  0.016924  0.742747  0.191340  0.245408  0.374870  0.455271  0.080948  0.212353  0.319698  0.647629  0.629157  0.688526  0.555293  0.137420  0.209490  0.254266  0.550965  0.231621  0.167636  0.258499  0.372438  0.218908  0.144576  0.312672  0.276507  0.161479  0.224272  0.306744  0.245276  0.276309  0.300838  0.279959  0.423367  0.530508  0.470589  0.346504  0.561779  0.086091  0.321996  0.298114  0.318465  0.290251  0.846555  0.348762  0.396586  0.344297  0.253080  0.441519  0.433553  0.146278  0.379095  0.353136  0.416728  0.505810  0.339819  0.212735  0.498096  0.246903  0.220679  0.695518  0.213614 
13  0.203451  0.264520  0.204174  0.283359  0.217830  0.423632  0.181523  0.232456  0.343153  0.643472  0.327236  0.219700  0.242431 0.0  0.392917  0.196028  0.183901  0.206415  0.187223  0.255266  0.439990  0.222313  0.174420  0.363910  0.352585  0.516618  0.197039  0.254961  0.252776  0.465496  0.257687  0.370652  0.248487  0.267613  0.253817  0.662405  0.201082  0.234017  0.303225  0.269416  0.357763  0.376540  0.297255  0.177312  0.270016  0.185860  0.153279  0.501298  0.275078  0.308182  0.181265  0.301779  0.274567  0.216175  0.303543  0.585290  0.603477  0.730347  0.324064  0.244736  0.356691  0.221040  0.237292  0.329168  0.423719  0.291912  0.317697  0.304512  0.333516  0.574688  0.273862  0.580387  0.237908  0.292161  0.665172  0.210851  0.322126  0.258691  0.216721  0.283927  0.402589  0.186296  0.148360  0.711987  0.385735  0.316229  0.201185  0.177716  0.127892  0.351388  0.273945  0.267394  0.287952  0.498504  0.238689  0.288555  0.306122  0.560968  0.312963  0.157223  0.689974  0.245103  0.247456  0.211121  0.267016  0.282693  0.384245  0.313729  0.242008  0.635885  0.347222  0.157603  0.272241  0.328453  0.463604  0.199659  0.304169  0.255881  0.394676  0.220707  0.280589  0.355110  0.264396  0.310439  0.261324  0.333124  0.305718  0.620370  0.450608  0.234397  0.246403  0.179976  0.333357  0.276757  0.303814  0.440751  0.322043  0.595420  0.322924  0.200596  0.334613  0.348178  0.268849  0.295233  0.230524  0.640572  0.701502  0.666800  0.419534  0.278958  0.296908  0.275655  0.507696  0.184150  0.262011  0.238919  0.514881  0.230706  0.316456  0.230876  0.464076  0.324279  0.181722  0.288772  0.484827  0.248079  0.297767  0.302647  0.211428  0.510671  0.487668  0.198667  0.413843  0.284959  0.526847  0.316104  0.386068  0.303935  0.633671  0.491108  0.187159  0.290280  0.350407  0.220291  0.320992  0.353895  0.224918  0.300384  0.305506  0.416199  0.181237  0.361657  0.480040  0.162039  0.250473  0.520657  0.164620 
14  0.420314  0.484914  0.470430  0.471030  0.518582  0.475666  0.546329  0.525502  0.506112  0.493062  0.448631  0.520974  0.535711  0.392917 0.0  0.466950  0.367709  0.441405  0.516064  0.441033  0.436093  0.524204  0.446644  0.433483  0.463341  0.463061  0.442697  0.448169  0.472810  0.465900  0.450139  0.426307  0.413731  0.466502  0.495761  0.507814  0.398601  0.466964  0.547680  0.447271  0.435421  0.443442  0.356278  0.337003  0.465014  0.453854  0.481378  0.412263  0.452406  0.559355  0.408427  0.460901  0.457746  0.428635  0.444215  0.518667  0.425264  0.575838  0.451532  0.439308  0.468223  0.485402  0.519363  0.348008  0.368572  0.441783  0.446624  0.528589  0.400082  0.582029  0.456105  0.443016  0.449150  0.422984  0.415637  0.479412  0.434566  0.467930  0.384258  0.413449  0.386729  0.422494  0.538807  0.438012  0.390457  0.429407  0.374376  0.429180  0.431441  0.487860  0.540644  0.464647  0.503501  0.511558  0.478538  0.473251  0.409046  0.389400  0.454837  0.493825  0.507589  0.431613  0.534722  0.441396  0.448631  0.433698  0.417538  0.522527  0.431450  0.456319  0.368075  0.488706  0.469670  0.376440  0.443014  0.488709  0.429319  0.488869  0.434109  0.446310  0.417760  0.529091  0.388433  0.434753  0.379551  0.445650  0.451757  0.482440  0.402734  0.418265  0.506009  0.569503  0.528333  0.407184  0.513207  0.501333  0.462043  0.481117  0.398272  0.484120  0.487338  0.427626  0.462007  0.498567  0.517469  0.433984  0.456478  0.407953  0.506540  0.498500  0.349198  0.486320  0.403466  0.407817  0.439528  0.392432  0.450828  0.444921  0.455598  0.447824  0.495783  0.452319  0.404079  0.544121  0.437374  0.407430  0.507614  0.448925  0.549526  0.472774  0.439624  0.475379  0.539587  0.393792  0.454442  0.526394  0.444970  0.289583  0.471381  0.549848  0.436579  0.518514  0.424785  0.499320  0.493516  0.466600  0.442756  0.551623  0.484573  0.422885  0.484701  0.458130  0.389282  0.549105  0.568728  0.463624  0.492244 
15  0.404167  0.168868  0.387069  0.308670  0.347400  0.534030  0.252570  0.256621  0.381348  0.707471  0.319386  0.323476  0.101792  0.196028  0.466950 0.0  0.299097  0.175913  0.358382  0.215532  0.481566  0.356207  0.173164  0.488636  0.385350  0.468984  0.161101  0.262900  0.268734  0.495757  0.211736  0.245691  0.383525  0.257823  0.463915  0.488489  0.267149  0.317570  0.501123  0.301344  0.459489  0.310297  0.443848  0.347159  0.591194  0.285354  0.377891  0.325820  0.279991  0.378262  0.477081  0.373604  0.430621  0.305307  0.460276  0.691533  0.719667  0.719595  0.276290  0.238242  0.744219  0.268835  0.150276  0.095643  0.139539  0.281110  0.318577  0.274174  0.403239  0.635131  0.201333  0.648968  0.481176  0.230589  0.645373  0.189388  0.236396  0.340798  0.089150  0.113316  0.358587  0.107387  0.308033  0.782995  0.539585  0.372849  0.280661  0.328744  0.337189  0.095208  0.000000  0.237450  0.187909  0.402800  0.206206  0.382751  0.153040  0.387338  0.180761  0.250598  0.429717  0.243886  0.427058  0.283078  0.332988  0.317423  0.418919  0.375274  0.315349  0.646691  0.383499  0.301950  0.334029  0.267395  0.491849  0.337166  0.061649  0.359223  0.521214  0.060785  0.251810  0.315935  0.298064  0.364911  0.167154  0.386773  0.152779  0.665536  0.459603  0.283865  0.028592  0.295343  0.268283  0.390622  0.001516  0.615083  0.068385  0.698780  0.188053  0.201235  0.259064  0.526975  0.132849  0.143458  0.279583  0.592254  0.570596  0.625538  0.386351  0.173977  0.304674  0.131907  0.536530  0.172154  0.219383  0.374302  0.483052  0.228064  0.302983  0.387081  0.334241  0.127432  0.169736  0.177431  0.216275  0.101059  0.289957  0.339356  0.323758  0.584078  0.427199  0.282391  0.480172  0.244125  0.413998  0.263403  0.467629  0.203441  0.759979  0.309086  0.486488  0.330188  0.234072  0.363453  0.327075  0.067920  0.317993  0.346577  0.443413  0.443243  0.260693  0.165117  0.402504  0.169478  0.329545  0.744177  0.162889 
16  0.153907  0.337128  0.475207  0.300777  0.148201  0.384718  0.228462  0.389110  0.291771  0.527343  0.399463  0.082878  0.304436  0.183901  0.367709  0.299097 0.0  0.315191  0.092269  0.324682  0.728308  0.437554  0.265930  0.496658  0.485572  0.586820  0.291276  0.282540  0.058279  0.512753  0.183197  0.519138  0.398744  0.175121  0.022904  0.752295  0.463216  0.423657  0.082468  0.308425  0.485953  0.294339  0.364470  0.295566  0.534339  0.187011  0.130185  0.555033  0.313584  0.402165  0.080728  0.325115  0.085886  0.426404  0.156674  0.851168  0.580253  0.945382  0.295942  0.206653  0.412590  0.273060  0.238226  0.365155  0.278380  0.300996  0.361162  0.183518  0.187912  0.522771  0.436377  0.713314  0.028964  0.156178  0.808285  0.286945  0.350466  0.377569  0.313937  0.276570  0.534172  0.388881  0.429062  0.770776  0.708106  0.318132  0.242775  0.332461  0.445303  0.256031  0.355176  0.418786  0.350141  0.491623  0.261503  0.317153  0.344408  0.768604  0.294497  0.208479  0.704387  0.363034  0.443388  0.253910  0.250126  0.346859  0.124165  0.553741  0.069973  0.585177  0.223233  0.461933  0.462583  0.320724  0.691088  0.264493  0.302135  0.459420  0.416840  0.411486  0.178291  0.343272  0.327115  0.057503  0.350162  0.486643  0.295406  0.513128  0.491851  0.347102  0.367861  0.372680  0.517483  0.112207  0.321512  0.386236  0.298378  0.847446  0.409998  0.260801  0.327016  0.112000  0.452653  0.348366  0.000000  0.661025  0.692274  0.810515  0.414803  0.314911  0.399009  0.360586  0.360058  0.383405  0.392465  0.195427  0.508157  0.275243  0.337895  0.452599  0.546192  0.291275  0.420452  0.385126  0.527824  0.262658  0.225855  0.147135  0.511038  0.555721  0.627830  0.426800  0.449758  0.359978  0.461450  0.277588  0.581869  0.263516  0.559548  0.565829  0.130631  0.472785  0.350942  0.148798  0.390208  0.306905  0.295287  0.377598  0.111992  0.423040  0.168471  0.299342  0.447359  0.329278  0.265095  0.492726  0.419909 
17  0.465024  0.151098  0.283329  0.201325  0.317260  0.513204  0.384506  0.410383  0.301455  0.753479  0.391166  0.370289  0.198455  0.206415  0.441405  0.175913  0.315191 0.0  0.312947  0.286972  0.503475  0.389677  0.328870  0.531057  0.342461  0.296557  0.172057  0.216554  0.315801  0.506382  0.196096  0.202625  0.327297  0.355025  0.399673  0.406200  0.309420  0.319180  0.462378  0.365149  0.430982  0.291302  0.295418  0.300120  0.603905  0.410804  0.387713  0.274985  0.390677  0.229089  0.383649  0.401798  0.405435  0.391075  0.484345  0.681393  0.667210  0.762276  0.310510  0.338389  0.604066  0.215291  0.322631  0.197766  0.172357  0.261128  0.251710  0.270573  0.370727  0.710249  0.131848  0.677456  0.521558  0.311402  0.712544  0.242206  0.179816  0.439064  0.176377  0.194707  0.545141  0.164950  0.296375  0.763799  0.518090  0.289218  0.250690  0.221002  0.361750  0.183392  0.058227  0.211505  0.180382  0.463573  0.340944  0.362856  0.119570  0.516641  0.164883  0.392473  0.405422  0.421236  0.436266  0.234976  0.291851  0.465930  0.443727  0.454508  0.439895  0.730615  0.389513  0.361711  0.320946  0.224790  0.444454  0.427417  0.136011  0.438761  0.471324  0.060867  0.259019  0.374176  0.315567  0.244387  0.195523  0.230880  0.201718  0.723111  0.467435  0.433986  0.061149  0.175703  0.232083  0.437932  0.043550  0.649071  0.058301  0.822991  0.295519  0.244560  0.362545  0.445552  0.019415  0.184525  0.360454  0.752017  0.573661  0.554795  0.502798  0.170189  0.303897  0.180564  0.643962  0.236293  0.185715  0.263998  0.382902  0.286238  0.181046  0.379341  0.277626  0.294383  0.361205  0.297960  0.165347  0.284743  0.203907  0.337676  0.207898  0.595536  0.580798  0.256889  0.495620  0.200715  0.396406  0.210011  0.368030  0.208942  0.739661  0.391683  0.433761  0.133610  0.198372  0.526279  0.345241  0.212423  0.335145  0.311421  0.358755  0.402423  0.212988  0.228100  0.539009  0.230356  0.311470  0.690304  0.199774 
18  0.112661  0.358297  0.409349  0.374637  0.134756  0.542193  0.137179  0.379482  0.369801  0.404917  0.312281  0.050659  0.165037  0.187223  0.516064  0.358382  0.092269  0.312947 0.0  0.329243  0.500242  0.293959  0.226443  0.694900  0.336560  0.444225  0.285224  0.261495  0.125485  0.593354  0.427167  0.298789  0.288010  0.334031  0.076152  0.908783  0.287651  0.335355  0.138146  0.310219  0.477239  0.518350  0.206201  0.041445  0.547634  0.072603  0.138203  0.744012  0.519399  0.322693  0.000000  0.416497  0.044926  0.271461  0.115278  0.680788  0.393512  0.581853  0.233440  0.221704  0.415005  0.305141  0.301121  0.262413  0.295270  0.350447  0.506086  0.221104  0.129859  0.436255  0.318927  0.999523  0.076362  0.071802  0.628243  0.391590  0.315950  0.357695  0.345487  0.239303  0.556442  0.361117  0.329123  0.769209  0.568086  0.400953  0.253499  0.469495  0.379674  0.366436  0.385946  0.189393  0.346626  0.544188  0.383099  0.076679  0.442530  0.871098  0.352780  0.415040  0.852281  0.365054  0.373642  0.074300  0.407548  0.361769  0.186643  0.283347  0.000000  0.515676  0.114124  0.320991  0.370422  0.197654  0.510856  0.308601  0.312996  0.337919  0.421120  0.443211  0.269063  0.407394  0.358974  0.061240  0.253875  0.339018  0.316345  0.506812  0.404451  0.437241  0.450715  0.291862  0.504744  0.167282  0.434722  0.408772  0.277421  0.654965  0.286952  0.329460  0.379834  0.049895  0.363610  0.319782  0.153551  0.470257  0.764030  0.737264  0.533622  0.276481  0.533465  0.296124  0.291102  0.370206  0.332221  0.198532  0.525407  0.400041  0.442188  0.274800  0.506560  0.353564  0.370873  0.323405  0.716936  0.219358  0.299684  0.090480  0.212657  0.683138  0.552249  0.312957  0.441164  0.286036  0.536175  0.314112  0.417697  0.307755  0.478091  0.476502  0.076150  0.374063  0.368760  0.163904  0.401350  0.341341  0.451353  0.349871  0.165239  0.460765  0.311977  0.332174  0.441513  0.273336  0.307471  0.616101  0.444010 
19  0.456954  0.292481  0.292651  0.287573  0.283416  0.431482  0.355239  0.272119  0.494788  0.730649  0.430930  0.432448  0.071025  0.255266  0.441033  0.215532  0.324682  0.286972  0.329243 0.0  0.500547  0.502227  0.196533  0.541036  0.360287  0.369398  0.342953  0.222772  0.264189  0.442124  0.232517  0.188222  0.367714  0.278021  0.489474  0.469268  0.306751  0.216892  0.411769  0.276583  0.388297  0.345686  0.221576  0.344373  0.599524  0.298961  0.348519  0.343623  0.373643  0.330866  0.385414  0.395428  0.396513  0.254610  0.498393  0.719666  0.788998  0.768655  0.304579  0.310652  0.640111  0.180471  0.179573  0.229339  0.163020  0.137244  0.318186  0.164810  0.281849  0.677605  0.138296  0.716922  0.483614  0.300469  0.626955  0.227250  0.052678  0.328496  0.193795  0.174238  0.250786  0.237446  0.293035  0.824003  0.534737  0.430101  0.249936  0.417789  0.366480  0.061814  0.135097  0.246003  0.183898  0.452786  0.202638  0.239673  0.206897  0.502894  0.159401  0.318066  0.549254  0.407465  0.369236  0.348804  0.395778  0.353912  0.355694  0.243859  0.355767  0.762031  0.422155  0.301641  0.351684  0.204724  0.505892  0.269181  0.233567  0.415900  0.463807  0.075424  0.336380  0.403503  0.336328  0.394017  0.142934  0.265015  0.228243  0.749135  0.553599  0.368423  0.037068  0.294015  0.297397  0.474917  0.179350  0.596152  0.000000  0.672142  0.189618  0.317324  0.242616  0.456455  0.153989  0.164959  0.387663  0.730125  0.536652  0.503344  0.473151  0.171661  0.267283  0.239622  0.531377  0.192477  0.254560  0.214326  0.429956  0.134263  0.226206  0.337813  0.302260  0.193888  0.285895  0.089755  0.224839  0.124363  0.238964  0.262114  0.403905  0.534503  0.588629  0.267017  0.481077  0.107151  0.355935  0.114521  0.398782  0.197365  0.738070  0.454447  0.427109  0.391651  0.172566  0.407544  0.416720  0.224849  0.374269  0.245464  0.429186  0.506434  0.220733  0.213498  0.442932  0.128639  0.406238  0.719778  0.260349 
