197
0 0.0  0.517645  0.335236  0.471389  0.000000  0.531143  0.318741  0.462633  0.243692  0.639086  0.439708  0.205927  0.524573  0.146076  0.467352  0.437871  0.182387  0.405716  0.204125  0.494776  0.403684  0.303352  0.363050  0.492819  0.340114  0.628569  0.497684  0.257694  0.045135  0.551366  0.420784  0.463820  0.335850  0.261615  0.265326  0.644488  0.425455  0.328528  0.085277  0.351819  0.412797  0.225211  0.367284  0.007857  0.615564  0.109820  0.014973  0.637025  0.388268  0.277439  0.256491  0.364225  0.162458  0.272584  0.268700  0.624675  0.558189  0.746782  0.335497  0.189516  0.332110  0.387289  0.266759  0.390591  0.536142  0.402920  0.394212  0.271358  0.103807  0.573639  0.427558  0.732660  0.176285  0.124173  0.708000  0.509886  0.434171  0.353805  0.486726  0.447055  0.646424  0.488122  0.332663  0.889937  0.666921  0.365389  0.197570  0.393802  0.278864  0.285412  0.408480  0.488289  0.457139  0.542249  0.378499  0.101925  0.482854  0.638129  0.532772  0.382046  0.716104  0.337808  0.356438  0.074380  0.424098  0.390416  0.170582  0.232096  0.085533  0.472124  0.110922  0.368867  0.220738  0.321125  0.607791  0.294072  0.474944  0.411462  0.509486  0.309380  0.383260  0.442804  0.280808  0.019137  0.519561  0.369850  0.473017  0.516458  0.454880  0.349360  0.261200  0.294801  0.304663  0.178755  0.384468  0.415932  0.292141  0.717432  0.386505  0.411246  0.360172  0.216127  0.282558  0.444917  0.051787  0.448636  0.782242  0.902506  0.494790  0.506117  0.370702  0.501824  0.385986  0.466543  0.470223  0.384831  0.666710  0.414498  0.531459  0.285416  0.565499  0.502365  0.516992  0.447166  0.554496  0.288357  0.355878  0.057315  0.332493  0.623920  0.499358  0.377094  0.467313  0.492878  0.648344  0.572176  0.573065  0.255719  0.557392  0.674020  0.217956  0.376556  0.433156  0.088589  0.461432  0.471661  0.332316  0.253810  0.220050  0.431704  0.244488  0.468242  0.457816  0.452480  0.273948  0.484730  0.465632 
1  0.517645 0.0  0.294244  0.208376  0.349039  0.517911  0.409722  0.241091  0.278582  0.618432  0.508575  0.402550  0.277305  0.376463  0.441194  0.254167  0.329481  0.223797  0.404166  0.202499  0.512304  0.371276  0.170853  0.598753  0.326749  0.353493  0.263330  0.291433  0.258554  0.553631  0.279314  0.207561  0.391702  0.275243  0.372145  0.434442  0.417257  0.367227  0.482676  0.441769  0.484916  0.365279  0.349218  0.297049  0.541910  0.358003  0.340371  0.298848  0.412730  0.293042  0.433757  0.286633  0.514648  0.314402  0.399265  0.737352  0.733272  0.729887  0.286058  0.285080  0.511024  0.151304  0.230865  0.112187  0.231623  0.230362  0.338022  0.245702  0.229769  0.697577  0.181162  0.656269  0.486474  0.300052  0.724059  0.198558  0.141731  0.303537  0.159023  0.171511  0.372170  0.229589  0.408048  0.767623  0.520103  0.417233  0.240183  0.292387  0.360013  0.049640  0.127532  0.267107  0.208597  0.430705  0.170471  0.332954  0.182844  0.505663  0.178368  0.313934  0.522075  0.200992  0.347932  0.340730  0.263975  0.418874  0.315340  0.354609  0.364963  0.685693  0.339224  0.404084  0.268894  0.203090  0.575327  0.306721  0.180379  0.418994  0.358710  0.087734  0.325043  0.318111  0.405499  0.286326  0.221054  0.251991  0.192541  0.691724  0.430121  0.399598  0.025394  0.324103  0.335783  0.419273  0.018369  0.542356  0.111638  0.759069  0.164231  0.344634  0.344795  0.408449  0.050497  0.250176  0.269579  0.802620  0.522171  0.536222  0.385966  0.210981  0.357561  0.058856  0.584498  0.268094  0.192903  0.209968  0.445666  0.124309  0.174408  0.291811  0.276106  0.306860  0.206522  0.190805  0.268923  0.224777  0.249057  0.247670  0.373061  0.691228  0.512707  0.354383  0.476000  0.162490  0.428533  0.127719  0.465028  0.238034  0.808679  0.421066  0.463157  0.381897  0.254906  0.395950  0.477782  0.195223  0.215640  0.290813  0.414468  0.455126  0.235822  0.313589  0.419054  0.162141  0.309125  0.713117  0.246307 
2  0.335236  0.294244 0.0  0.298251  0.452766  0.371874  0.259058  0.083312  0.108989  0.783342  0.180840  0.427472  0.290848  0.259981  0.574495  0.341412  0.583947  0.356820  0.328063  0.283914  0.383604  0.133548  0.309672  0.139939  0.090645  0.500239  0.386858  0.213204  0.334092  0.316175  0.244605  0.266233  0.179256  0.352633  0.300959  0.727759  0.129854  0.182479  0.348528  0.149907  0.519084  0.123985  0.195514  0.414593  0.273882  0.497050  0.482438  0.561551  0.038655  0.279957  0.259903  0.009545  0.429847  0.144569  0.437213  0.610255  0.910935  0.537052  0.103366  0.287231  0.626635  0.235331  0.236444  0.346492  0.320529  0.334317  0.135490  0.190581  0.491917  0.716896  0.332081  0.432817  0.148324  0.333406  0.616554  0.354874  0.257904  0.219046  0.313376  0.353976  0.538224  0.291264  0.050197  0.543757  0.377519  0.333953  0.256622  0.128609  0.123731  0.304076  0.310741  0.302342  0.356512  0.433062  0.382918  0.408720  0.355352  0.595032  0.315918  0.503688  0.669270  0.109718  0.172714  0.405793  0.071056  0.175053  0.411848  0.187042  0.466816  0.917914  0.426774  0.231391  0.069222  0.199051  0.292371  0.132090  0.368167  0.000000  0.428089  0.336904  0.228170  0.066907  0.078263  0.519139  0.367156  0.181954  0.269332  0.796083  0.509753  0.119043  0.401712  0.199107  0.286502  0.290591  0.298957  0.663683  0.300130  0.674935  0.334447  0.362408  0.014634  0.442035  0.459354  0.391927  0.232785  0.874312  0.698619  0.712407  0.448007  0.414563  0.074914  0.352042  0.589598  0.232232  0.326948  0.235513  0.557332  0.340073  0.288414  0.072411  0.527592  0.356859  0.308955  0.287154  0.593844  0.312573  0.104389  0.406611  0.138175  0.328742  0.283155  0.184004  0.418052  0.304392  0.474548  0.373611  0.567928  0.216081  0.757232  0.440074  0.311099  0.177113  0.325092  0.342829  0.065748  0.359679  0.085297  0.113691  0.373380  0.422058  0.253758  0.408213  0.377699  0.305045  0.031729  0.754103  0.296706 
3  0.471389  0.208376  0.298251 0.0  0.319776  0.427459  0.310873  0.308361  0.370385  0.831445  0.459535  0.360373  0.285301  0.350832  0.559413  0.159989  0.287391  0.176942  0.297148  0.252983  0.563386  0.377153  0.333143  0.487546  0.416937  0.321009  0.207248  0.263345  0.251184  0.602506  0.221485  0.200787  0.379177  0.279973  0.474115  0.493610  0.287524  0.212395  0.467737  0.381261  0.533521  0.297879  0.300533  0.305015  0.576012  0.259488  0.343509  0.258207  0.389173  0.347614  0.370315  0.284458  0.429669  0.367057  0.519467  0.655208  0.762735  0.715676  0.243914  0.344763  0.413549  0.183167  0.294325  0.230641  0.134161  0.206881  0.462636  0.234054  0.375428  0.705031  0.156347  0.657267  0.474181  0.321035  0.661610  0.095636  0.219042  0.278831  0.175803  0.209019  0.468273  0.180152  0.360087  0.761872  0.535924  0.279169  0.245991  0.304934  0.240510  0.046246  0.077033  0.228069  0.105015  0.397820  0.276831  0.358922  0.113080  0.486303  0.041260  0.340406  0.504687  0.371256  0.369379  0.358728  0.423830  0.357563  0.379814  0.349620  0.348809  0.655374  0.298422  0.274816  0.333700  0.339771  0.478830  0.235780  0.161844  0.354352  0.507287  0.046951  0.258838  0.334522  0.348123  0.340241  0.169643  0.369147  0.252474  0.633475  0.400511  0.409599  0.158132  0.364800  0.256841  0.403246  0.065991  0.611575  0.019795  0.703361  0.176876  0.144102  0.337782  0.515132  0.063276  0.262275  0.299263  0.764118  0.721326  0.574199  0.445446  0.097823  0.291115  0.302455  0.599183  0.270272  0.229027  0.277149  0.447254  0.247872  0.155201  0.307098  0.288352  0.222493  0.220578  0.219055  0.240616  0.219181  0.323477  0.315144  0.225338  0.542545  0.552508  0.374031  0.397681  0.143904  0.478918  0.229649  0.403401  0.333938  0.758536  0.392606  0.434517  0.328398  0.164544  0.341049  0.425966  0.211404  0.288436  0.356565  0.432704  0.561405  0.306871  0.248232  0.454434  0.069679  0.372357  0.751370  0.183504 
4  0.000000  0.349039  0.452766  0.319776 0.0  0.385534  0.153628  0.333458  0.354087  0.455814  0.388531  0.071747  0.272739  0.212142  0.501544  0.305901  0.188440  0.407323  0.060298  0.302784  0.629109  0.222589  0.170433  0.543454  0.472071  0.517870  0.269645  0.215972  0.062858  0.492085  0.274585  0.347658  0.443325  0.367905  0.089098  0.609488  0.407387  0.401377  0.060351  0.353916  0.447538  0.416056  0.434326  0.091082  0.551461  0.221187  0.160087  0.462714  0.326108  0.501941  0.099218  0.343711  0.077263  0.436797  0.074342  0.761806  0.555925  0.848773  0.393843  0.208832  0.405997  0.337524  0.257631  0.394901  0.375860  0.407182  0.392559  0.214089  0.183532  0.441596  0.262753  0.733529  0.075953  0.171976  0.801835  0.195484  0.278677  0.439245  0.350377  0.313157  0.511094  0.461140  0.330844  0.779140  0.608993  0.402861  0.241314  0.305757  0.468650  0.330382  0.379008  0.224788  0.355884  0.511438  0.409525  0.207009  0.299407  0.706644  0.330189  0.305057  0.717803  0.376459  0.354779  0.197390  0.343405  0.444873  0.176200  0.396892  0.109803  0.524406  0.219772  0.355912  0.425009  0.165344  0.549180  0.353493  0.372190  0.347605  0.495917  0.197802  0.197592  0.348305  0.295901  0.137208  0.335035  0.434395  0.199660  0.602792  0.552688  0.382246  0.286053  0.236158  0.491731  0.149864  0.335384  0.302703  0.440994  0.847509  0.262599  0.254491  0.306056  0.183848  0.290338  0.273521  0.095644  0.618753  0.773643  0.624967  0.501916  0.308417  0.275500  0.316626  0.325124  0.229935  0.376250  0.229792  0.551663  0.269237  0.390065  0.491257  0.484834  0.347155  0.354143  0.349796  0.544423  0.293919  0.209626  0.074430  0.397669  0.614892  0.552760  0.502736  0.458354  0.315275  0.571195  0.298511  0.507334  0.250860  0.552447  0.590568  0.116937  0.501672  0.321007  0.142560  0.425621  0.335203  0.293507  0.311567  0.068071  0.491414  0.200505  0.379580  0.441283  0.326028  0.334243  0.489206  0.331523 
5  0.531143  0.517911  0.371874  0.427459  0.385534 0.0  0.545715  0.422576  0.479060  0.463573  0.429408  0.461284  0.558163  0.453459  0.515259  0.528074  0.482003  0.480867  0.396330  0.495318  0.481701  0.412107  0.521217  0.460838  0.492180  0.445816  0.481049  0.373154  0.413806  0.523087  0.441880  0.471998  0.474351  0.491357  0.478931  0.480033  0.510170  0.446420  0.397788  0.490659  0.541866  0.420734  0.416344  0.516688  0.448437  0.507334  0.372471  0.408629  0.426985  0.416232  0.364922  0.337773  0.351697  0.495391  0.497345  0.398185  0.401805  0.467442  0.412215  0.401258  0.464938  0.468929  0.432443  0.378062  0.407744  0.489727  0.495205  0.377524  0.509554  0.537388  0.534483  0.503563  0.452912  0.357213  0.492530  0.566753  0.432279  0.442277  0.519970  0.429042  0.464290  0.491211  0.397349  0.493406  0.355968  0.383264  0.410388  0.465061  0.396329  0.341024  0.378690  0.482542  0.495698  0.442747  0.407182  0.466211  0.437813  0.425705  0.397204  0.381112  0.443148  0.466689  0.574033  0.433812  0.501098  0.556224  0.480350  0.471897  0.438394  0.462752  0.483836  0.457070  0.418244  0.398219  0.421373  0.480405  0.361195  0.549307  0.421556  0.446471  0.432499  0.383483  0.489991  0.453560  0.400078  0.468157  0.396221  0.484052  0.611884  0.462703  0.428795  0.432297  0.406110  0.383803  0.529390  0.339850  0.359876  0.524854  0.469338  0.499154  0.377990  0.397107  0.519893  0.452701  0.476160  0.472831  0.381175  0.422036  0.446871  0.509686  0.446894  0.488945  0.444222  0.346671  0.465553  0.383764  0.351774  0.444837  0.516717  0.374134  0.553981  0.383729  0.465313  0.436036  0.401881  0.423095  0.471671  0.398043  0.519406  0.488645  0.390037  0.437186  0.394210  0.477246  0.387518  0.457815  0.417719  0.557377  0.453876  0.437210  0.451408  0.492127  0.472664  0.510525  0.427689  0.532984  0.548067  0.484387  0.425077  0.540472  0.409740  0.439399  0.411966  0.468589  0.494230  0.411683  0.438284 
6  0.318741  0.409722  0.259058  0.310873  0.153628  0.545715 0.0  0.300058  0.233154  0.796415  0.228258  0.284333  0.232799  0.279432  0.478160  0.242934  0.208502  0.322703  0.174888  0.198360  0.448480  0.318719  0.211802  0.449221  0.283379  0.372515  0.307584  0.204642  0.141651  0.392599  0.285193  0.284661  0.170913  0.316202  0.290108  0.625310  0.293679  0.299365  0.208949  0.243416  0.545034  0.210788  0.205869  0.374747  0.449366  0.222539  0.310832  0.473635  0.147927  0.243271  0.207421  0.236584  0.239701  0.236041  0.214321  0.614067  0.720836  0.613616  0.208696  0.271003  0.345361  0.301669  0.180046  0.219446  0.261015  0.414167  0.189139  0.256648  0.202813  0.695294  0.202251  0.560648  0.147313  0.176600  0.678036  0.250348  0.320034  0.144849  0.218377  0.317238  0.423637  0.277917  0.294259  0.675395  0.458916  0.256688  0.230011  0.246087  0.251501  0.308383  0.336823  0.243486  0.176581  0.435292  0.223623  0.186100  0.286416  0.587268  0.207294  0.249673  0.729443  0.258781  0.218761  0.274027  0.231924  0.181145  0.354126  0.288979  0.272679  0.643355  0.211938  0.301754  0.267001  0.305412  0.453076  0.244698  0.214225  0.199977  0.551405  0.284094  0.175229  0.246335  0.166282  0.228969  0.221238  0.284887  0.221176  0.601900  0.397399  0.321989  0.146309  0.309099  0.306578  0.273222  0.152462  0.568856  0.205699  0.608818  0.232166  0.268135  0.223527  0.184307  0.417713  0.331269  0.261969  0.670091  0.564939  0.668739  0.398855  0.357097  0.262621  0.415512  0.316097  0.224414  0.247593  0.160027  0.526324  0.217855  0.301200  0.174372  0.441981  0.207122  0.168457  0.216061  0.514198  0.262055  0.319450  0.283140  0.281127  0.461419  0.418847  0.290265  0.464537  0.302565  0.407002  0.271454  0.507791  0.289714  0.737076  0.411501  0.267461  0.235505  0.173223  0.269642  0.326625  0.252905  0.230043  0.248845  0.262283  0.356940  0.279400  0.319902  0.371508  0.300468  0.282387  0.674245  0.257126 
7  0.462633  0.241091  0.083312  0.308361  0.333458  0.422576  0.300058 0.0  0.122717  0.771701  0.082756  0.360060  0.313642  0.193660  0.464516  0.307168  0.246813  0.313947  0.394563  0.228741  0.283941  0.093934  0.316993  0.353626  0.128458  0.481356  0.374134  0.216683  0.257691  0.434966  0.363168  0.271590  0.026279  0.274855  0.346141  0.852495  0.024582  0.121613  0.230878  0.220916  0.375224  0.163068  0.092528  0.352886  0.363111  0.249442  0.335890  0.743576  0.171303  0.093176  0.330349  0.167807  0.277212  0.000000  0.271736  0.428477  0.604000  0.456395  0.095810  0.209358  0.631713  0.272828  0.202219  0.192096  0.347758  0.357558  0.233800  0.256122  0.261714  0.639598  0.348770  0.610910  0.410443  0.330564  0.390393  0.310344  0.395020  0.079128  0.293684  0.368797  0.444354  0.340412  0.125547  0.472260  0.281229  0.448169  0.295384  0.153178  0.024766  0.441820  0.495396  0.272206  0.386120  0.630743  0.374076  0.313300  0.327135  0.805126  0.374770  0.494494  0.768753  0.005257  0.079944  0.353573  0.174809  0.169466  0.349208  0.089082  0.428191  0.744574  0.301419  0.085855  0.022286  0.287419  0.367798  0.146846  0.255680  0.230178  0.445378  0.302563  0.186241  0.280795  0.050087  0.335802  0.471230  0.138795  0.357601  0.727497  0.554180  0.111181  0.396213  0.252587  0.132643  0.332040  0.497565  0.565553  0.323261  0.515082  0.442961  0.314861  0.269297  0.278738  0.339982  0.230266  0.292794  0.738032  0.710432  0.749336  0.511095  0.317703  0.188053  0.370813  0.597484  0.258023  0.373955  0.246296  0.482887  0.263159  0.355652  0.119555  0.721409  0.295558  0.247806  0.377768  0.662749  0.315152  0.228568  0.412834  0.114208  0.354501  0.417963  0.164625  0.322236  0.278865  0.448712  0.357777  0.513082  0.247711  0.779915  0.535624  0.250488  0.065083  0.165032  0.522335  0.128726  0.234555  0.108272  0.129792  0.365906  0.399581  0.302836  0.281162  0.543684  0.364369  0.050252  0.830981  0.214527 
8  0.243692  0.278582  0.108989  0.370385  0.354087  0.479060  0.233154  0.122717 0.0  0.686060  0.113292  0.377436  0.310361  0.212555  0.490112  0.297102  0.268182  0.333006  0.444049  0.355834  0.326481  0.156777  0.184761  0.412831  0.173335  0.570884  0.381259  0.240762  0.312837  0.480532  0.404884  0.337251  0.077171  0.306977  0.252894  0.833030  0.056429  0.007326  0.314951  0.070809  0.458274  0.264852  0.078410  0.283319  0.371644  0.379933  0.401080  0.631311  0.257301  0.103864  0.356061  0.041351  0.354886  0.080681  0.359879  0.464842  0.696563  0.546755  0.125698  0.121383  0.513963  0.369124  0.228328  0.277721  0.384421  0.327638  0.239303  0.318280  0.299922  0.795467  0.366771  0.639028  0.313707  0.282265  0.445944  0.329742  0.246929  0.169874  0.355098  0.336451  0.421797  0.307220  0.032849  0.542221  0.325288  0.544424  0.279878  0.134272  0.009112  0.521681  0.404152  0.292514  0.328457  0.468576  0.279858  0.331834  0.382637  0.775996  0.240219  0.528114  0.936861  0.068924  0.230197  0.220396  0.011603  0.104676  0.348904  0.021922  0.411339  0.680645  0.268613  0.134389  0.105588  0.274450  0.163869  0.000000  0.347402  0.201016  0.416708  0.451765  0.189787  0.274181  0.019080  0.333174  0.387194  0.091684  0.264569  0.699587  0.448358  0.072938  0.492972  0.401218  0.091353  0.324808  0.501094  0.573415  0.304537  0.436026  0.389723  0.295547  0.133662  0.329771  0.310062  0.353648  0.355104  0.592443  0.735222  0.704043  0.564980  0.366999  0.182654  0.393446  0.591758  0.283069  0.397874  0.309032  0.484206  0.324905  0.285435  0.029259  0.615980  0.354136  0.331218  0.399380  0.626992  0.173448  0.374886  0.327165  0.138191  0.293755  0.443139  0.059029  0.510469  0.382701  0.468847  0.295975  0.465463  0.255404  0.853812  0.477021  0.325402  0.083550  0.406464  0.438508  0.111641  0.309886  0.229992  0.000000  0.396500  0.440476  0.215654  0.323971  0.448636  0.313259  0.081196  0.902849  0.361191 
9  0.639086  0.618432  0.783342  0.831445  0.455814  0.463573  0.796415  0.771701  0.686060 0.0  0.827658  0.438177  0.764285  0.640274  0.555252  0.717107  0.553899  0.747487  0.420961  0.853410  0.575256  0.735921  0.547366  0.597992  0.869995  0.634824  0.845955  0.657923  0.568385  0.568308  0.816374  0.782078  0.726442  0.586375  0.442554  0.815475  0.789197  0.844386  0.520836  0.750911  0.420715  0.858383  0.802694  0.493269  0.659815  0.438221  0.544715  0.463621  0.724032  0.812390  0.479644  0.802687  0.569392  0.828991  0.486182  0.394694  0.188593  0.329285  0.757985  0.678315  0.265821  0.836095  0.633728  0.656189  0.775214  0.880040  0.808383  0.570606  0.597321  0.157056  0.692867  0.680417  0.487652  0.496732  0.784646  0.730396  0.795088  0.755602  0.746640  0.702328  0.571402  0.742582  0.923600  0.661334  0.624928  0.787801  0.633724  0.772905  0.848618  0.808287  0.764860  0.773753  0.855711  0.612026  0.755685  0.489255  0.775281  0.474628  0.835679  0.802717  0.343421  0.736201  0.816897  0.582185  0.799567  0.760373  0.493073  0.726285  0.526585  0.132445  0.582785  0.782476  0.790533  0.688793  0.590637  0.785146  0.805388  0.794424  0.554238  0.821158  0.631750  0.789359  0.799295  0.465375  0.721186  0.836128  0.858369  0.211282  0.503256  0.758334  0.760782  0.629469  0.812802  0.409411  0.820687  0.314062  0.726583  0.819800  0.817308  0.768510  0.803205  0.531188  0.749215  0.845786  0.492544  0.188944  0.351467  0.822433  0.397218  0.739464  0.755194  0.792102  0.328225  0.881067  0.700505  0.663288  0.584220  0.751684  0.831760  0.770035  0.558036  0.716627  0.792738  0.718996  0.541871  0.605830  0.521190  0.516513  0.695980  0.600172  0.547870  0.843203  0.522413  0.819604  0.609272  0.800117  0.561998  0.526392  0.605379  0.652138  0.546688  0.746428  0.704930  0.538158  0.851622  0.837056  0.750122  0.752561  0.550721  0.556877  0.707854  0.789706  0.513169  0.703418  0.668757  0.194083  0.935248 
10  0.439708  0.508575  0.180840  0.459535  0.388531  0.429408  0.228258  0.082756  0.113292  0.827658 0.0  0.370757  0.428166  0.236601  0.458632  0.397746  0.261846  0.414059  0.368945  0.447187  0.322927  0.116129  0.332051  0.392667  0.102905  0.589250  0.421138  0.284714  0.360824  0.369311  0.436522  0.433883  0.123361  0.333665  0.356044  0.882021  0.085963  0.079628  0.329658  0.144013  0.466514  0.132827  0.143516  0.392894  0.301467  0.374577  0.369028  0.578924  0.066431  0.140185  0.359819  0.148599  0.325926  0.128028  0.255357  0.584306  0.721761  0.577684  0.136749  0.271178  0.540988  0.426733  0.282656  0.399743  0.378553  0.456720  0.122667  0.332048  0.388336  0.860361  0.439575  0.571163  0.474854  0.393123  0.506833  0.442233  0.333547  0.078332  0.372620  0.399994  0.522464  0.392845  0.221207  0.486777  0.352034  0.387957  0.103528  0.105314  0.197827  0.369529  0.273153  0.471819  0.399272  0.631202  0.477297  0.325454  0.423425  0.771164  0.544391  0.331970  0.713887  0.028941  0.143837  0.397641  0.135842  0.151456  0.320577  0.134055  0.370704  0.733528  0.440754  0.095278  0.116004  0.232784  0.277386  0.162576  0.412950  0.108639  0.434093  0.477821  0.227464  0.190916  0.096128  0.392374  0.470952  0.098995  0.378747  0.770682  0.393313  0.138803  0.306414  0.276531  0.162371  0.413198  0.437065  0.559781  0.426763  0.523752  0.360158  0.337748  0.075012  0.369246  0.486068  0.342397  0.505824  0.809965  0.794992  0.808453  0.393751  0.436719  0.047063  0.449238  0.540595  0.446121  0.340757  0.279887  0.546801  0.349875  0.377942  0.116750  0.610248  0.360741  0.356741  0.485366  0.642540  0.276306  0.234878  0.357133  0.056748  0.405317  0.329926  0.144375  0.445807  0.464944  0.589058  0.440354  0.670807  0.210571  0.710668  0.532207  0.383605  0.118096  0.447753  0.315044  0.109456  0.259101  0.132737  0.105484  0.339461  0.448283  0.191793  0.444165  0.525049  0.344936  0.078485  0.750804  0.364010 
11  0.205927  0.402550  0.427472  0.360373  0.071747  0.461284  0.284333  0.360060  0.377436  0.438177  0.370757 0.0  0.441835  0.314450  0.427496  0.350104  0.156413  0.300735  0.122571  0.381256  0.534366  0.458582  0.247772  0.702441  0.446958  0.592207  0.344514  0.256358  0.113361  0.657786  0.423205  0.398067  0.291160  0.113517  0.130066  0.775489  0.474422  0.451944  0.194521  0.396409  0.527719  0.388385  0.346708  0.142107  0.575623  0.134808  0.146216  0.586425  0.400231  0.359087  0.100694  0.470902  0.050973  0.418951  0.059364  0.832274  0.477837  0.814995  0.363785  0.279776  0.369074  0.375378  0.299114  0.505106  0.386760  0.364611  0.405380  0.228970  0.130933  0.534952  0.420610  0.799073  0.092650  0.107567  0.762102  0.386357  0.403901  0.358453  0.390328  0.331896  0.637294  0.485105  0.404309  0.805209  0.633513  0.344843  0.357984  0.382870  0.450821  0.404103  0.390375  0.415591  0.449578  0.505431  0.428412  0.039958  0.442184  0.668873  0.513300  0.352874  0.775336  0.369834  0.469622  0.008664  0.373932  0.362666  0.177673  0.377069  0.107944  0.497240  0.230241  0.378068  0.390688  0.311354  0.631345  0.420989  0.328028  0.317615  0.419221  0.391089  0.294496  0.427938  0.349317  0.090021  0.444544  0.438763  0.287849  0.462473  0.562681  0.356469  0.415851  0.251750  0.404562  0.120002  0.450653  0.262027  0.464137  0.741612  0.422396  0.331022  0.414479  0.087988  0.407931  0.371410  0.151763  0.485118  0.719743  0.711912  0.496917  0.410380  0.485864  0.470393  0.228139  0.421699  0.458487  0.221672  0.557211  0.264519  0.386365  0.416039  0.572198  0.395736  0.469996  0.351884  0.576250  0.201378  0.173666  0.075424  0.426410  0.582772  0.590437  0.445206  0.500652  0.324373  0.596517  0.402660  0.630448  0.257013  0.596879  0.583045  0.082311  0.326102  0.271140  0.109181  0.382995  0.470563  0.441600  0.378163  0.177142  0.424820  0.270023  0.415714  0.573555  0.371711  0.335862  0.572066  0.401699 
12  0.524573  0.277305  0.290848  0.285301  0.272739  0.558163  0.232799  0.313642  0.310361  0.764285  0.428166  0.441835 0.0  0.263915  0.397197  0.136175  0.262955  0.234111  0.265802  0.209860  0.528286  0.377720  0.168003  0.391275  0.383342  0.414895  0.215531  0.264349  0.336035  0.472126  0.175781  0.264630  0.313235  0.265049  0.427681  0.469488  0.304242  0.390423  0.467468  0.345115  0.495911  0.336848  0.393411  0.341850  0.636406  0.319984  0.355865  0.316459  0.253708  0.288137  0.400458  0.300231  0.413778  0.286697  0.348769  0.686401  0.787799  0.671160  0.330807  0.332300  0.515614  0.227481  0.222228  0.256087  0.168576  0.160614  0.339166  0.245000  0.343522  0.708663  0.195408  0.767490  0.363172  0.332363  0.661213  0.183652  0.135619  0.314313  0.137531  0.181331  0.443783  0.292081  0.319735  0.734336  0.505690  0.277323  0.208281  0.205275  0.282290  0.086643  0.067882  0.188036  0.214792  0.347848  0.091369  0.221010  0.134944  0.456324  0.110739  0.270237  0.539889  0.281729  0.406092  0.398126  0.394692  0.346025  0.433308  0.370387  0.460413  0.802879  0.387815  0.308665  0.453036  0.242601  0.608642  0.280294  0.183510  0.369098  0.448140  0.027430  0.396789  0.342673  0.338092  0.287390  0.148177  0.263539  0.139687  0.796323  0.470149  0.388251  0.006296  0.311203  0.312594  0.470190  0.073238  0.710103  0.091984  0.769683  0.138680  0.165198  0.298566  0.494682  0.109018  0.223108  0.331364  0.702820  0.627256  0.644224  0.488289  0.202002  0.340234  0.183250  0.613748  0.169528  0.271657  0.358715  0.388567  0.174117  0.267641  0.335304  0.236540  0.213302  0.231397  0.082667  0.287234  0.164799  0.309477  0.411312  0.266848  0.614180  0.582633  0.392813  0.451051  0.361311  0.485127  0.187345  0.299810  0.287365  0.733322  0.403292  0.468435  0.316964  0.153620  0.285444  0.380339  0.222587  0.217613  0.304039  0.361458  0.516405  0.325337  0.225323  0.437241  0.284876  0.342201  0.690545  0.140222 
13  0.146076  0.376463  0.259981  0.350832  0.212142  0.453459  0.279432  0.193660  0.212555  0.640274  0.236601  0.314450  0.263915 0.0  0.450006  0.233435  0.278665  0.257220  0.276221  0.283898  0.446766  0.269353  0.198790  0.430416  0.274761  0.508420  0.192790  0.229536  0.256465  0.538743  0.234381  0.233283  0.250973  0.248560  0.311200  0.605112  0.147311  0.242760  0.291083  0.233619  0.376336  0.282513  0.235543  0.225885  0.515666  0.168460  0.237025  0.424826  0.289862  0.293235  0.282117  0.313800  0.299892  0.325129  0.233614  0.660374  0.563966  0.655853  0.121406  0.248598  0.352861  0.308801  0.265428  0.227517  0.292768  0.334820  0.258209  0.145170  0.228164  0.610017  0.292745  0.582630  0.265767  0.304793  0.603001  0.222914  0.209328  0.237750  0.253697  0.090424  0.444849  0.310911  0.167110  0.575582  0.492805  0.292674  0.235182  0.181539  0.308135  0.302359  0.267348  0.338302  0.310062  0.451064  0.286455  0.257709  0.113053  0.674290  0.292697  0.250819  0.619161  0.302433  0.255395  0.219211  0.247675  0.229019  0.270398  0.281579  0.340775  0.627803  0.165036  0.363102  0.253993  0.214932  0.448357  0.239420  0.215495  0.326248  0.477585  0.168374  0.252136  0.292730  0.252813  0.215471  0.228571  0.187984  0.221292  0.525060  0.447101  0.227274  0.234061  0.263123  0.277026  0.266612  0.307445  0.508299  0.228108  0.741379  0.209820  0.270802  0.271037  0.339365  0.303209  0.321154  0.391581  0.641218  0.698932  0.732325  0.549889  0.127688  0.297911  0.389321  0.503612  0.392554  0.235090  0.239221  0.559941  0.328044  0.320936  0.345261  0.398506  0.275493  0.287097  0.200044  0.340105  0.265145  0.248037  0.218462  0.236982  0.411000  0.408068  0.254263  0.394454  0.332974  0.326808  0.415455  0.440901  0.271404  0.732885  0.434726  0.275469  0.242902  0.313933  0.213248  0.114162  0.277962  0.248855  0.261382  0.214593  0.502751  0.386208  0.235542  0.458606  0.359301  0.414974  0.570901  0.186016 
14  0.467352  0.441194  0.574495  0.559413  0.501544  0.515259  0.478160  0.464516  0.490112  0.555252  0.458632  0.427496  0.397197  0.450006 0.0  0.406219  0.413867  0.462604  0.463800  0.477655  0.509540  0.438986  0.526561  0.417524  0.473173  0.435996  0.441744  0.394385  0.482023  0.418070  0.414884  0.465571  0.433740  0.469559  0.446050  0.568009  0.436545  0.452352  0.370798  0.492805  0.417157  0.402332  0.494019  0.532438  0.448722  0.458876  0.378872  0.489403  0.442171  0.464826  0.529786  0.455033  0.406094  0.433009  0.420991  0.532837  0.355824  0.399311  0.435137  0.483126  0.385280  0.398496  0.477768  0.512575  0.374048  0.419315  0.481524  0.513113  0.500809  0.464983  0.532995  0.374645  0.502731  0.444131  0.451700  0.392491  0.508134  0.423450  0.485815  0.556895  0.491814  0.482140  0.521305  0.429933  0.417655  0.554797  0.437994  0.538566  0.540809  0.437007  0.438208  0.507923  0.456025  0.428486  0.526666  0.449279  0.545274  0.492242  0.409255  0.417824  0.421414  0.457732  0.372222  0.388509  0.427667  0.482002  0.429327  0.518805  0.451624  0.464568  0.466184  0.413276  0.352822  0.478040  0.453975  0.446901  0.542129  0.375837  0.422789  0.477727  0.478001  0.402876  0.477852  0.441439  0.437997  0.403920  0.554508  0.438997  0.448286  0.537324  0.467213  0.512012  0.361165  0.460523  0.487728  0.503897  0.416397  0.448783  0.478353  0.460314  0.481618  0.430244  0.414097  0.501794  0.456451  0.384477  0.484166  0.473110  0.541576  0.447502  0.444942  0.508495  0.392476  0.414607  0.372992  0.497899  0.455295  0.507285  0.408390  0.441954  0.348811  0.500252  0.454265  0.505008  0.474146  0.476087  0.525171  0.517948  0.368740  0.450764  0.475590  0.461985  0.399920  0.492595  0.462454  0.397308  0.577259  0.469425  0.438423  0.446085  0.444061  0.487238  0.473918  0.522629  0.435610  0.421155  0.383954  0.463043  0.416899  0.492634  0.413851  0.385162  0.328045  0.552760  0.499008  0.463669  0.370371 
15  0.437871  0.254167  0.341412  0.159989  0.305901  0.528074  0.242934  0.307168  0.297102  0.717107  0.397746  0.350104  0.136175  0.233435  0.406219 0.0  0.344531  0.105021  0.319789  0.125546  0.495642  0.450069  0.293540  0.539903  0.406776  0.396007  0.188093  0.301367  0.363668  0.503676  0.156423  0.211508  0.407210  0.239754  0.393683  0.513798  0.344153  0.487009  0.569709  0.468061  0.463436  0.348576  0.419880  0.298792  0.705302  0.375679  0.329210  0.281007  0.177545  0.381385  0.359788  0.355162  0.388752  0.276876  0.399674  0.717637  0.707204  0.767332  0.344053  0.319562  0.595322  0.194623  0.329724  0.126487  0.193134  0.191804  0.324964  0.217632  0.404935  0.794290  0.126424  0.700065  0.382939  0.373675  0.744270  0.213851  0.200691  0.431434  0.150290  0.194142  0.429532  0.217558  0.335619  0.808795  0.534875  0.372392  0.217511  0.334318  0.346386  0.031595  0.000000  0.235363  0.197122  0.402164  0.256259  0.325857  0.192420  0.372696  0.186391  0.259621  0.439147  0.228993  0.298512  0.367126  0.381538  0.371050  0.408496  0.328349  0.382470  0.772505  0.374905  0.310278  0.243826  0.241368  0.497868  0.229368  0.200692  0.401562  0.439620  0.079762  0.207894  0.296091  0.445309  0.378257  0.208115  0.283219  0.206709  0.730655  0.420319  0.361187  0.079767  0.300576  0.333986  0.467240  0.054101  0.602224  0.037799  0.728382  0.247878  0.072478  0.387517  0.388750  0.000000  0.200597  0.367718  0.678986  0.555115  0.501251  0.498866  0.266662  0.403854  0.236121  0.593399  0.124972  0.155994  0.171161  0.422905  0.199638  0.253695  0.321688  0.308105  0.180670  0.202650  0.160808  0.316689  0.340942  0.203578  0.279799  0.278667  0.553785  0.490352  0.371585  0.516822  0.157461  0.525789  0.137486  0.337539  0.318604  0.752853  0.385462  0.518591  0.366560  0.215983  0.411835  0.369374  0.117482  0.350935  0.369594  0.416574  0.401530  0.233317  0.247470  0.422631  0.255556  0.260146  0.705424  0.122924 
16  0.182387  0.329481  0.583947  0.287391  0.188440  0.482003  0.208502  0.246813  0.268182  0.553899  0.261846  0.156413  0.262955  0.278665  0.413867  0.344531 0.0  0.307419  0.172860  0.348227  0.794237  0.518621  0.282563  0.511063  0.383665  0.566541  0.309395  0.161105  0.040539  0.631124  0.369515  0.305987  0.366224  0.279460  0.000000  0.712185  0.356395  0.483493  0.099698  0.436897  0.404034  0.345612  0.516707  0.136275  0.553535  0.222843  0.264232  0.520954  0.283432  0.442041  0.078928  0.340374  0.078399  0.494343  0.122492  0.871148  0.591197  0.811729  0.410810  0.170957  0.402088  0.307539  0.356801  0.274418  0.409329  0.295861  0.346762  0.127775  0.249390  0.491384  0.310717  0.779284  0.010059  0.009220  0.901048  0.323070  0.394342  0.459366  0.319526  0.456062  0.548853  0.396137  0.269831  0.803964  0.552693  0.487903  0.236909  0.339445  0.473933  0.300959  0.350018  0.379992  0.378354  0.499821  0.351150  0.116505  0.336465  0.726765  0.329526  0.408274  0.729193  0.252024  0.389606  0.229922  0.386860  0.359459  0.101419  0.405215  0.138852  0.631558  0.197231  0.483057  0.486488  0.149184  0.650456  0.341796  0.373160  0.430432  0.533592  0.351341  0.274446  0.261254  0.322367  0.182297  0.277288  0.488180  0.334733  0.619140  0.434639  0.422460  0.326695  0.146596  0.421239  0.047268  0.218863  0.324359  0.351397  0.996216  0.288818  0.341711  0.263642  0.055810  0.437711  0.366747  0.203254  0.598929  0.724149  0.772608  0.408060  0.233602  0.251807  0.406263  0.358470  0.303474  0.218544  0.342743  0.527541  0.251478  0.328086  0.440405  0.562416  0.392890  0.380912  0.357418  0.450363  0.192784  0.308261  0.170220  0.479704  0.639204  0.615917  0.502580  0.429943  0.339498  0.456849  0.257727  0.454096  0.155145  0.503878  0.535206  0.024319  0.535934  0.317142  0.200912  0.354146  0.310516  0.273880  0.313316  0.099782  0.422185  0.270317  0.326188  0.422721  0.309377  0.279995  0.510459  0.346590 
17  0.405716  0.223797  0.356820  0.176942  0.407323  0.480867  0.322703  0.313947  0.333006  0.747487  0.414059  0.300735  0.234111  0.257220  0.462604  0.105021  0.307419 0.0  0.331293  0.185297  0.518842  0.335476  0.308652  0.470764  0.383460  0.391150  0.246280  0.229895  0.340618  0.473497  0.228299  0.154517  0.350364  0.200710  0.453677  0.472835  0.363799  0.387134  0.542570  0.362614  0.413507  0.408784  0.335891  0.377146  0.614651  0.286760  0.438286  0.378075  0.295686  0.360809  0.408131  0.283352  0.340168  0.330348  0.453876  0.855452  0.732440  0.631965  0.425837  0.242707  0.667828  0.185763  0.233044  0.283719  0.250317  0.176166  0.427922  0.253005  0.318784  0.701340  0.208478  0.738052  0.401550  0.258211  0.684514  0.165403  0.199270  0.302159  0.289317  0.259427  0.394305  0.148982  0.310233  0.776956  0.527280  0.302645  0.296572  0.355716  0.315718  0.001236  0.174313  0.139601  0.096817  0.328892  0.196257  0.320627  0.168698  0.466920  0.158551  0.238801  0.471680  0.252217  0.373568  0.406314  0.430042  0.305051  0.418362  0.373334  0.390375  0.655008  0.181378  0.364796  0.286904  0.267600  0.616475  0.357332  0.020860  0.512517  0.442598  0.013883  0.378422  0.323816  0.333200  0.279856  0.197246  0.349457  0.127938  0.786609  0.406414  0.490213  0.093091  0.225034  0.363746  0.495283  0.008595  0.523317  0.117048  0.729377  0.165590  0.271595  0.245751  0.505413  0.010958  0.067184  0.397428  0.700231  0.644792  0.609232  0.409975  0.164373  0.291886  0.165034  0.660103  0.140652  0.162622  0.284762  0.374444  0.104398  0.243720  0.320749  0.346251  0.221798  0.102075  0.158247  0.213633  0.206084  0.198516  0.307105  0.335036  0.591086  0.547569  0.264977  0.448399  0.273806  0.333664  0.087343  0.337857  0.205053  0.834433  0.444717  0.481644  0.446327  0.194092  0.351285  0.472126  0.189694  0.271605  0.288638  0.331290  0.404817  0.256650  0.050574  0.482783  0.172520  0.345833  0.707096  0.231937 
18  0.204125  0.404166  0.328063  0.297148  0.060298  0.396330  0.174888  0.394563  0.444049  0.420961  0.368945  0.122571  0.265802  0.276221  0.463800  0.319789  0.172860  0.331293 0.0  0.367740  0.684031  0.350104  0.210570  0.670662  0.249020  0.474465  0.288887  0.295714  0.052805  0.666965  0.374353  0.252463  0.386305  0.320601  0.132385  0.858406  0.416322  0.279217  0.089376  0.342911  0.438227  0.452334  0.253597  0.157435  0.664618  0.097326  0.081050  0.562816  0.371068  0.302737  0.096587  0.293598  0.082656  0.356443  0.044228  0.784924  0.479640  0.665982  0.292625  0.298552  0.363748  0.301902  0.235781  0.265149  0.294912  0.363948  0.443698  0.325532  0.079219  0.362975  0.327018  0.874380  0.116391  0.097208  0.788744  0.401302  0.276298  0.193590  0.268570  0.368090  0.497594  0.330602  0.249229  0.771487  0.432697  0.456984  0.358237  0.525975  0.361835  0.484545  0.532090  0.237708  0.355775  0.491272  0.268041  0.082378  0.308929  0.853845  0.207269  0.414847  0.794090  0.375064  0.350461  0.168908  0.254654  0.366668  0.086802  0.330049  0.127389  0.495343  0.039780  0.307240  0.295806  0.288205  0.456430  0.352616  0.193712  0.407170  0.477992  0.391009  0.368249  0.528258  0.340890  0.000000  0.284639  0.380951  0.377892  0.487492  0.413103  0.285707  0.522264  0.292011  0.466642  0.057806  0.431989  0.385215  0.310113  0.746435  0.296660  0.373091  0.318436  0.127667  0.365802  0.165739  0.092990  0.509360  0.764422  0.706682  0.486513  0.347306  0.387366  0.312892  0.296600  0.408604  0.226396  0.283539  0.656673  0.349548  0.405921  0.274755  0.704835  0.279219  0.309934  0.340603  0.643576  0.320387  0.264796  0.042764  0.305569  0.572900  0.693884  0.285010  0.459571  0.364456  0.602354  0.398210  0.560561  0.184149  0.554770  0.571869  0.108582  0.224463  0.339357  0.109191  0.374723  0.263696  0.424467  0.344470  0.096514  0.403964  0.314164  0.246546  0.477663  0.295735  0.300745  0.553452  0.275249 
19  0.494776  0.202499  0.283914  0.252983  0.302784  0.495318  0.198360  0.228741  0.355834  0.853410  0.447187  0.381256  0.209860  0.283898  0.477655  0.125546  0.348227  0.185297  0.367740 0.0  0.510568  0.324230  0.278150  0.380751  0.367334  0.363904  0.285338  0.236834  0.369858  0.503423  0.162885  0.150621  0.412695  0.314435  0.539219  0.485719  0.308835  0.303371  0.370777  0.420137  0.457636  0.370721  0.347562  0.333466  0.651488  0.314353  0.419511  0.261865  0.311372  0.370551  0.411081  0.380685  0.479305  0.490319  0.380896  0.749108  0.769704  0.738927  0.330828  0.301409  0.583601  0.234348  0.224457  0.135558  0.171538  0.271799  0.287073  0.357914  0.237702  0.812829  0.175538  0.641285  0.530115  0.220649  0.760798  0.234752  0.235562  0.374635  0.211186  0.070050  0.422060  0.153722  0.340839  0.770700  0.463043  0.385965  0.224617  0.329964  0.274175  0.016951  0.096686  0.161674  0.194215  0.400572  0.243983  0.307925  0.225019  0.497732  0.106909  0.367550  0.386923  0.398852  0.401649  0.363739  0.324217  0.328029  0.277351  0.392670  0.453471  0.767776  0.371481  0.293161  0.253121  0.224239  0.516485  0.410654  0.182409  0.476035  0.535872  0.141055  0.288560  0.297811  0.247509  0.312760  0.235522  0.319816  0.147312  0.832513  0.442484  0.416519  0.144135  0.238246  0.424213  0.383457  0.095233  0.560700  0.122056  0.648206  0.191564  0.083325  0.368436  0.433165  0.134164  0.116963  0.355369  0.665479  0.532206  0.549714  0.480125  0.220284  0.318124  0.243407  0.532886  0.119643  0.249852  0.221083  0.374098  0.169608  0.193890  0.261816  0.227794  0.191717  0.205227  0.228491  0.305334  0.341886  0.278050  0.320985  0.239445  0.599980  0.624789  0.271207  0.409723  0.210083  0.419977  0.184328  0.479217  0.284397  0.764610  0.446757  0.535830  0.350832  0.245174  0.510094  0.338762  0.234950  0.329345  0.260540  0.347555  0.332971  0.300759  0.162159  0.512093  0.186273  0.429461  0.752638  0.173831 
