197
0 0.0  0.448202  0.298446  0.450610  0.084471  0.487592  0.223225  0.298727  0.339364  0.539223  0.374482  0.142645  0.386929  0.312436  0.458452  0.566953  0.016291  0.450053  0.000000  0.544276  0.611844  0.396029  0.219140  0.562512  0.391421  0.737673  0.589735  0.274657  0.131442  0.605983  0.476268  0.445858  0.294813  0.222543  0.306003  0.650232  0.329214  0.322777  0.221796  0.319692  0.347603  0.322104  0.363680  0.000000  0.542109  0.105818  0.126707  0.614075  0.326614  0.289250  0.303255  0.261712  0.220682  0.434105  0.228256  0.804332  0.499033  0.710701  0.435183  0.216078  0.299465  0.471850  0.213425  0.407402  0.483523  0.450788  0.302892  0.336417  0.138733  0.518341  0.366285  0.675304  0.205762  0.040777  0.754145  0.494096  0.419718  0.313172  0.391553  0.479741  0.595652  0.483053  0.338122  0.885406  0.555004  0.278153  0.220767  0.341141  0.307809  0.349813  0.389750  0.419372  0.424554  0.664645  0.447390  0.000000  0.393338  0.660137  0.426467  0.309076  0.791347  0.321653  0.508745  0.033482  0.402089  0.335805  0.145446  0.337958  0.211626  0.454407  0.060806  0.346513  0.372748  0.243855  0.532075  0.272768  0.521696  0.341367  0.463004  0.273460  0.314092  0.321962  0.270077  0.124667  0.512456  0.274415  0.399076  0.492372  0.472590  0.353368  0.367921  0.329869  0.392940  0.283314  0.322685  0.248731  0.373479  0.730813  0.463442  0.436778  0.385877  0.156637  0.327763  0.564493  0.064236  0.398776  0.761044  0.817490  0.441639  0.415778  0.369902  0.437951  0.366404  0.411903  0.470240  0.291543  0.587650  0.357616  0.475943  0.357833  0.514740  0.477005  0.401377  0.392772  0.528873  0.321316  0.292248  0.052840  0.391463  0.558988  0.485490  0.335314  0.364187  0.481250  0.618366  0.415368  0.726067  0.208680  0.494923  0.571613  0.263396  0.321104  0.458592  0.120719  0.341736  0.553306  0.341871  0.239211  0.124019  0.395212  0.243571  0.514935  0.536340  0.537065  0.310186  0.426125  0.476973 
1  0.448202 0.0  0.340539  0.122142  0.217968  0.431773  0.246383  0.335920  0.271490  0.767688  0.355378  0.430473  0.142979  0.279972  0.510825  0.171871  0.335325  0.135237  0.314695  0.175362  0.496068  0.481162  0.232466  0.559983  0.401290  0.345577  0.229444  0.229321  0.286979  0.503511  0.277182  0.059743  0.262495  0.257312  0.430500  0.479091  0.404699  0.392580  0.494785  0.263646  0.403159  0.276126  0.306361  0.245308  0.571074  0.249462  0.279129  0.223795  0.202283  0.319928  0.491605  0.338271  0.456467  0.326534  0.369652  0.732640  0.786534  0.680188  0.424770  0.313831  0.596982  0.149745  0.279503  0.274676  0.064127  0.109715  0.354464  0.167388  0.321520  0.707764  0.094581  0.649965  0.502692  0.263081  0.701481  0.153861  0.290787  0.323091  0.174152  0.116913  0.365312  0.120708  0.327662  0.738509  0.527699  0.333388  0.371196  0.267601  0.251983  0.030880  0.139069  0.271267  0.255359  0.395795  0.179572  0.279853  0.169155  0.389833  0.221812  0.287536  0.450411  0.375312  0.358679  0.176210  0.357599  0.438459  0.447798  0.408182  0.273844  0.715766  0.273638  0.274155  0.355359  0.207282  0.503643  0.230216  0.148910  0.332777  0.411962  0.000000  0.291312  0.324066  0.361453  0.370107  0.317544  0.431187  0.135685  0.721671  0.475488  0.470079  0.068543  0.262328  0.401378  0.461044  0.000000  0.471624  0.044935  0.780497  0.173875  0.225968  0.294934  0.475501  0.118729  0.148659  0.280107  0.710678  0.559652  0.620333  0.553802  0.183339  0.367370  0.164045  0.545509  0.184225  0.250829  0.341734  0.400212  0.211755  0.194487  0.308042  0.154172  0.314758  0.244380  0.364280  0.183660  0.225503  0.286274  0.379949  0.273489  0.631394  0.466958  0.422948  0.467141  0.207580  0.472029  0.157444  0.513083  0.225033  0.901790  0.409794  0.320487  0.332196  0.094659  0.380332  0.419667  0.134838  0.272479  0.290509  0.426252  0.507476  0.219610  0.123359  0.351447  0.133705  0.247742  0.741227  0.185673 
2  0.298446  0.340539 0.0  0.353155  0.457515  0.442912  0.260856  0.145504  0.120740  0.685660  0.131576  0.294669  0.331200  0.253936  0.498000  0.342038  0.502653  0.350890  0.210760  0.294391  0.369903  0.071949  0.385741  0.278012  0.134498  0.578289  0.334602  0.200205  0.252964  0.213164  0.278171  0.318797  0.225363  0.206048  0.327891  0.684723  0.268083  0.226621  0.332888  0.222250  0.522159  0.127653  0.199007  0.544712  0.329451  0.485642  0.330969  0.501690  0.133723  0.208363  0.331917  0.064314  0.296362  0.243553  0.287807  0.539977  0.808603  0.533601  0.107926  0.251540  0.609675  0.341342  0.256729  0.382790  0.346649  0.379368  0.106117  0.383988  0.479592  0.701737  0.239443  0.491792  0.220153  0.367856  0.579479  0.354711  0.272030  0.215513  0.214689  0.421666  0.558605  0.287577  0.153401  0.554264  0.337729  0.272999  0.202458  0.034687  0.326772  0.340538  0.298420  0.384153  0.295219  0.497871  0.332643  0.443046  0.377524  0.707354  0.341144  0.371287  0.768275  0.146261  0.127978  0.489656  0.110442  0.222923  0.376119  0.218023  0.453676  0.792135  0.408257  0.136191  0.171866  0.266608  0.455456  0.085160  0.365914  0.121821  0.539543  0.334673  0.269048  0.080403  0.141493  0.420673  0.289426  0.305216  0.283248  0.879686  0.437294  0.055116  0.392642  0.147388  0.242140  0.291003  0.389744  0.561896  0.252846  0.527987  0.201092  0.321683  0.016088  0.356685  0.487126  0.356604  0.329572  0.696170  0.649877  0.677531  0.438077  0.306377  0.072876  0.323847  0.653064  0.394434  0.269008  0.183910  0.535940  0.310588  0.355648  0.136021  0.476169  0.339620  0.240115  0.301589  0.476126  0.254920  0.243618  0.463349  0.284042  0.373936  0.123019  0.213342  0.475940  0.320663  0.492537  0.353969  0.477212  0.311721  0.783968  0.559293  0.382382  0.140047  0.318736  0.360207  0.104615  0.346649  0.079335  0.000000  0.392562  0.492677  0.238030  0.302931  0.474750  0.301182  0.062771  0.701496  0.310168 
3  0.450610  0.122142  0.353155 0.0  0.400708  0.564102  0.244429  0.261924  0.261801  0.711858  0.362040  0.431698  0.271735  0.261412  0.435956  0.211032  0.338992  0.219865  0.344016  0.195807  0.536544  0.493556  0.214520  0.492502  0.384583  0.350422  0.330072  0.233413  0.416501  0.614401  0.134710  0.217084  0.306587  0.274292  0.490906  0.503555  0.356382  0.294613  0.426001  0.409187  0.419046  0.277747  0.361943  0.323457  0.631393  0.421713  0.476627  0.301958  0.324961  0.243183  0.437107  0.244366  0.424799  0.316263  0.551472  0.640563  0.707813  0.689572  0.244027  0.346480  0.551230  0.269998  0.201412  0.219177  0.075810  0.237371  0.342332  0.169992  0.198380  0.749142  0.234776  0.654888  0.474298  0.234556  0.624349  0.153462  0.166490  0.293544  0.172851  0.101360  0.394138  0.160288  0.300013  0.869257  0.476533  0.408150  0.179620  0.291466  0.429243  0.107112  0.082922  0.195717  0.102998  0.388371  0.135446  0.326147  0.148571  0.428110  0.166291  0.354859  0.457099  0.320896  0.549297  0.293566  0.376549  0.376059  0.288659  0.228700  0.440881  0.660180  0.208116  0.439256  0.350962  0.247594  0.480071  0.323159  0.163780  0.393220  0.513541  0.018678  0.222060  0.326134  0.326540  0.397485  0.185510  0.270251  0.207784  0.796506  0.550483  0.395948  0.099658  0.237266  0.304674  0.436743  0.100443  0.526408  0.226133  0.689830  0.252115  0.191807  0.397211  0.431943  0.035802  0.145712  0.421701  0.743522  0.587305  0.598452  0.415236  0.120317  0.319725  0.161450  0.589505  0.295400  0.246961  0.365287  0.382824  0.201953  0.311182  0.412377  0.155255  0.177212  0.104232  0.289056  0.177259  0.116122  0.274302  0.370508  0.265872  0.586072  0.495023  0.341886  0.447260  0.147515  0.341053  0.238676  0.396744  0.306815  0.700796  0.346510  0.266658  0.264713  0.207450  0.407114  0.336605  0.228606  0.300342  0.345657  0.335748  0.375262  0.256316  0.169118  0.458777  0.194519  0.372315  0.783231  0.241592 
4  0.084471  0.217968  0.457515  0.400708 0.0  0.430643  0.346350  0.254899  0.299526  0.590599  0.342046  0.043392  0.219528  0.228373  0.433987  0.246155  0.213047  0.374380  0.151058  0.416232  0.590462  0.510312  0.285932  0.524656  0.453870  0.508219  0.302103  0.246866  0.138316  0.502334  0.439624  0.341111  0.461625  0.311792  0.091382  0.786172  0.292953  0.367365  0.120745  0.428088  0.468856  0.428581  0.460206  0.237570  0.589486  0.147672  0.157203  0.570647  0.367767  0.426372  0.000000  0.421436  0.054531  0.417262  0.168931  0.913939  0.683766  0.789391  0.218303  0.317589  0.312806  0.327782  0.235658  0.313964  0.134690  0.299251  0.396156  0.322641  0.165825  0.455868  0.374914  0.671660  0.044942  0.105946  0.909814  0.327454  0.228217  0.501497  0.243273  0.364041  0.521627  0.331689  0.275934  0.809124  0.655664  0.352937  0.285514  0.349696  0.404015  0.309368  0.296465  0.276486  0.336905  0.694794  0.235176  0.257446  0.468950  0.703696  0.302026  0.255535  0.739384  0.316595  0.344194  0.151687  0.336547  0.330279  0.137613  0.353638  0.108213  0.546552  0.179855  0.467332  0.522918  0.290467  0.665282  0.391422  0.369686  0.396557  0.519757  0.334883  0.212026  0.268245  0.345244  0.258778  0.307138  0.539109  0.422319  0.544550  0.364090  0.342669  0.182510  0.144938  0.481590  0.106800  0.366949  0.322207  0.289884  0.767598  0.301694  0.366899  0.340623  0.069344  0.392165  0.299874  0.039461  0.585510  0.748750  0.681444  0.413360  0.365641  0.393724  0.208633  0.274253  0.247570  0.287549  0.236852  0.479547  0.301341  0.217160  0.484041  0.462333  0.398857  0.397276  0.232490  0.441716  0.285120  0.334908  0.241085  0.373763  0.625822  0.546036  0.442808  0.537843  0.285247  0.499598  0.348566  0.558275  0.245049  0.490970  0.534165  0.103133  0.428665  0.347530  0.199290  0.494982  0.391767  0.285925  0.328560  0.198507  0.522405  0.219450  0.250081  0.529588  0.386492  0.381031  0.460838  0.364731 
5  0.487592  0.431773  0.442912  0.564102  0.430643 0.0  0.553084  0.473122  0.481361  0.352357  0.546106  0.419892  0.430261  0.405492  0.440980  0.421170  0.318788  0.372323  0.522846  0.568216  0.449467  0.460193  0.536369  0.545781  0.523211  0.500369  0.435369  0.317332  0.409835  0.317759  0.460678  0.406429  0.512479  0.353311  0.502739  0.451072  0.526953  0.327354  0.481228  0.498928  0.469935  0.471420  0.431490  0.463608  0.549200  0.467878  0.420855  0.513688  0.415540  0.537976  0.387311  0.525291  0.471589  0.403975  0.448519  0.488453  0.453492  0.479653  0.438557  0.436372  0.422205  0.404844  0.464934  0.478994  0.513438  0.359917  0.392972  0.488123  0.511973  0.426137  0.423308  0.464225  0.443843  0.471437  0.445775  0.429175  0.514540  0.531149  0.443251  0.401343  0.460891  0.417250  0.553980  0.482934  0.593112  0.438682  0.401167  0.536237  0.468507  0.474916  0.398763  0.413627  0.540152  0.425838  0.590439  0.391412  0.378767  0.488835  0.466606  0.438647  0.457177  0.485715  0.428801  0.469026  0.523041  0.521335  0.482064  0.415174  0.498005  0.504891  0.411628  0.542912  0.374466  0.416914  0.351738  0.451598  0.396637  0.510653  0.458401  0.423150  0.436709  0.418504  0.438743  0.425015  0.463065  0.385712  0.420210  0.483963  0.555134  0.410063  0.420035  0.510895  0.401592  0.405260  0.507309  0.461477  0.312037  0.413649  0.465459  0.514092  0.486857  0.417269  0.356265  0.385617  0.545217  0.478536  0.467514  0.498715  0.465343  0.411689  0.408440  0.469592  0.475256  0.532944  0.406108  0.473944  0.472705  0.456965  0.514888  0.491226  0.473236  0.513545  0.320571  0.473421  0.428039  0.424423  0.502727  0.451855  0.484424  0.540575  0.502479  0.393509  0.413741  0.425148  0.413631  0.334523  0.389960  0.468031  0.436439  0.452654  0.381408  0.425009  0.464437  0.415084  0.421595  0.483792  0.448091  0.469409  0.344120  0.390232  0.384620  0.464071  0.450678  0.400075  0.486495  0.581700  0.399242 
6  0.223225  0.246383  0.260856  0.244429  0.346350  0.553084 0.0  0.286085  0.187694  0.719351  0.232924  0.337183  0.231964  0.337596  0.464092  0.267217  0.289090  0.184385  0.239241  0.194963  0.477146  0.381367  0.222585  0.359682  0.329072  0.528365  0.288597  0.237589  0.204126  0.439939  0.321822  0.227359  0.233248  0.242863  0.239390  0.659286  0.229184  0.182101  0.307824  0.246437  0.528609  0.255496  0.292156  0.259771  0.495269  0.313075  0.278485  0.548943  0.274947  0.262376  0.227104  0.234759  0.189207  0.350184  0.294258  0.602591  0.663435  0.791328  0.249691  0.198822  0.478214  0.191772  0.265649  0.278143  0.219790  0.205043  0.175269  0.289219  0.225545  0.606551  0.295280  0.669441  0.325905  0.321235  0.734832  0.209587  0.374594  0.245138  0.228908  0.246735  0.423683  0.272678  0.306241  0.698717  0.436704  0.303839  0.215539  0.245877  0.207652  0.221478  0.208775  0.209192  0.261401  0.396272  0.339496  0.212481  0.226547  0.709730  0.304669  0.279687  0.595022  0.249681  0.239297  0.198628  0.275980  0.343878  0.222311  0.219514  0.198214  0.649411  0.135639  0.128278  0.264294  0.205873  0.532622  0.331126  0.313930  0.263140  0.445560  0.155513  0.217070  0.190678  0.309595  0.299142  0.246955  0.222272  0.108253  0.678060  0.518036  0.124324  0.303339  0.268681  0.172971  0.392287  0.186177  0.486914  0.167305  0.557610  0.348097  0.243092  0.162768  0.262694  0.280169  0.269398  0.269050  0.613018  0.622236  0.748791  0.473471  0.233920  0.234725  0.218630  0.499056  0.350048  0.299056  0.186906  0.493955  0.235800  0.248422  0.223165  0.505793  0.384234  0.292243  0.259476  0.484829  0.288520  0.200628  0.187353  0.337928  0.509824  0.544760  0.297201  0.385781  0.263724  0.446839  0.294623  0.461606  0.285036  0.661743  0.532823  0.130641  0.207558  0.162859  0.198915  0.266581  0.394259  0.280003  0.333711  0.216945  0.435688  0.287897  0.318402  0.352073  0.279076  0.343633  0.651881  0.191938 
7  0.298727  0.335920  0.145504  0.261924  0.254899  0.473122  0.286085 0.0  0.115134  0.788677  0.188493  0.463254  0.203451  0.235723  0.550314  0.276418  0.248704  0.295981  0.491259  0.407802  0.378691  0.185139  0.283879  0.456186  0.095043  0.473297  0.370697  0.206231  0.349503  0.279135  0.248857  0.294387  0.095707  0.271462  0.462906  0.766537  0.069160  0.103448  0.264146  0.022486  0.503799  0.192897  0.051459  0.327747  0.257963  0.248023  0.297906  0.579306  0.256118  0.081582  0.272896  0.144528  0.310566  0.230409  0.267489  0.357615  0.720012  0.557032  0.012643  0.293372  0.550052  0.403508  0.256733  0.333010  0.271329  0.311250  0.030613  0.249944  0.288739  0.676551  0.371278  0.635871  0.316853  0.386783  0.472849  0.285384  0.247554  0.000466  0.400835  0.349343  0.554062  0.410908  0.113861  0.525019  0.220677  0.470570  0.276301  0.129089  0.000000  0.461499  0.425541  0.256043  0.381970  0.516603  0.292181  0.344450  0.329009  0.766177  0.200825  0.434242  0.878830  0.137491  0.161657  0.376806  0.129551  0.181086  0.332054  0.056471  0.343065  0.705067  0.336985  0.172084  0.095661  0.286825  0.290945  0.101328  0.302152  0.074813  0.431681  0.476495  0.159861  0.108411  0.121991  0.314664  0.313022  0.086068  0.309464  0.670107  0.501219  0.079007  0.440787  0.315288  0.015551  0.365234  0.473625  0.544414  0.308008  0.496324  0.320535  0.329455  0.221550  0.307527  0.247931  0.441218  0.360173  0.776340  0.690877  0.693942  0.406273  0.233808  0.168870  0.294016  0.565860  0.307255  0.189011  0.217489  0.437859  0.252154  0.338902  0.027991  0.687965  0.337297  0.288929  0.255466  0.633084  0.287648  0.256297  0.339316  0.058341  0.300003  0.388488  0.132372  0.411342  0.267455  0.534192  0.288051  0.547957  0.239208  0.689453  0.519455  0.312427  0.019563  0.309332  0.371539  0.054002  0.231225  0.240415  0.089680  0.434725  0.397673  0.124330  0.390958  0.432442  0.346926  0.000000  0.766524  0.363062 
8  0.339364  0.271490  0.120740  0.261801  0.299526  0.481361  0.187694  0.115134 0.0  0.726730  0.148087  0.334803  0.204222  0.260814  0.486318  0.360986  0.238737  0.188938  0.476508  0.325403  0.302682  0.143919  0.242027  0.374084  0.113480  0.517106  0.364398  0.234507  0.266227  0.331755  0.284288  0.267588  0.029237  0.248016  0.257033  0.923525  0.082406  0.201530  0.390245  0.186847  0.396429  0.237278  0.068932  0.325372  0.377630  0.493747  0.470728  0.486890  0.183968  0.039807  0.425245  0.087181  0.366879  0.051942  0.233177  0.493764  0.713592  0.556457  0.010173  0.187022  0.541048  0.363233  0.260579  0.380641  0.347929  0.285483  0.200556  0.208718  0.282786  0.707470  0.393703  0.543460  0.294999  0.190040  0.462738  0.266845  0.423013  0.000000  0.300855  0.376027  0.516993  0.371337  0.036243  0.433581  0.271516  0.455767  0.396872  0.170824  0.000000  0.430947  0.423843  0.228826  0.366590  0.439303  0.338356  0.340560  0.228166  0.764631  0.448772  0.416006  0.930327  0.032125  0.106109  0.242491  0.155888  0.193361  0.392921  0.000000  0.393141  0.698158  0.407613  0.117532  0.105800  0.258285  0.297743  0.160502  0.216210  0.172955  0.449757  0.372398  0.244600  0.188542  0.122877  0.406737  0.332908  0.063639  0.187357  0.763780  0.430137  0.077964  0.456968  0.139385  0.083651  0.310650  0.580743  0.565528  0.407268  0.354905  0.364656  0.275428  0.215640  0.357622  0.428049  0.307072  0.382272  0.725850  0.663156  0.627099  0.472484  0.236343  0.160788  0.362429  0.510755  0.410296  0.372770  0.228079  0.459870  0.333493  0.277230  0.131695  0.707264  0.359754  0.266279  0.368908  0.590249  0.239620  0.220928  0.304530  0.061886  0.239814  0.422793  0.062890  0.491980  0.331965  0.525866  0.324400  0.502008  0.138710  0.733862  0.457013  0.376820  0.065384  0.392089  0.346421  0.162166  0.282378  0.221623  0.047310  0.347583  0.511596  0.349626  0.334362  0.417750  0.338542  0.083885  0.840595  0.398188 
9  0.539223  0.767688  0.685660  0.711858  0.590599  0.352357  0.719351  0.788677  0.726730 0.0  0.823634  0.607563  0.776444  0.684375  0.413198  0.840992  0.613789  0.741610  0.515033  0.788289  0.541095  0.810612  0.617166  0.544536  0.904720  0.623578  0.653652  0.663566  0.532933  0.548658  0.746983  0.765812  0.792718  0.656989  0.581858  0.755450  0.740505  0.783800  0.550471  0.664834  0.476331  0.892819  0.721629  0.499327  0.555309  0.550928  0.537206  0.599470  0.877962  0.789821  0.465417  0.666481  0.545777  0.854166  0.619954  0.411214  0.169241  0.298720  0.754672  0.629487  0.364903  0.773258  0.639897  0.729096  0.840554  0.727846  0.784284  0.669552  0.515423  0.107476  0.752505  0.791432  0.507014  0.470551  0.864279  0.808561  0.758583  0.826073  0.786728  0.807234  0.609952  0.800792  0.706344  0.738579  0.532450  0.809894  0.605149  0.741275  0.821258  0.744470  0.762549  0.792007  0.812910  0.575736  0.767330  0.564170  0.731673  0.374104  0.837331  0.739139  0.414787  0.828244  0.789742  0.581123  0.788028  0.695117  0.476067  0.793232  0.518707  0.107602  0.593252  0.794267  0.775469  0.539970  0.595864  0.857391  0.820179  0.813549  0.333950  0.806226  0.704368  0.700164  0.772465  0.512995  0.727333  0.787831  0.811772  0.147900  0.478835  0.828753  0.755663  0.753630  0.766156  0.500932  0.802127  0.384558  0.844645  0.793357  0.774597  0.786231  0.807904  0.535844  0.757206  0.789815  0.449046  0.196848  0.377953  0.776265  0.472870  0.803937  0.681389  0.802299  0.303046  0.892016  0.742444  0.739887  0.514462  0.721374  0.792807  0.871839  0.565884  0.646105  0.730522  0.882167  0.644075  0.693822  0.583353  0.430635  0.792303  0.470508  0.586270  0.765756  0.405149  0.807459  0.630746  0.922987  0.584963  0.505273  0.578727  0.602398  0.448678  0.735753  0.668941  0.664415  0.678326  0.721139  0.761771  0.775266  0.698516  0.394929  0.622049  0.775905  0.498735  0.665116  0.705642  0.203773  0.841079 
10  0.374482  0.355378  0.131576  0.362040  0.342046  0.546106  0.232924  0.188493  0.148087  0.823634 0.0  0.400243  0.379153  0.257326  0.362609  0.367513  0.408199  0.432283  0.429961  0.422485  0.341069  0.050426  0.262740  0.358197  0.113471  0.566773  0.318876  0.364979  0.368597  0.267188  0.352830  0.307616  0.177091  0.265202  0.471370  0.816617  0.134684  0.087585  0.391994  0.152968  0.452504  0.203190  0.213555  0.248007  0.414278  0.412392  0.311075  0.535307  0.091240  0.057543  0.384496  0.301598  0.449745  0.098881  0.324336  0.481387  0.732627  0.443785  0.132500  0.276853  0.605839  0.326300  0.288042  0.413941  0.349494  0.301917  0.122006  0.233625  0.384804  0.655001  0.480374  0.582530  0.376052  0.312061  0.537904  0.380236  0.425270  0.133195  0.441487  0.255673  0.481647  0.360462  0.081762  0.576681  0.371003  0.365877  0.248560  0.148928  0.122259  0.447664  0.347020  0.320632  0.318947  0.611510  0.406465  0.380184  0.323032  0.741250  0.368378  0.374717  0.823577  0.092929  0.122437  0.395822  0.171375  0.157790  0.330309  0.149858  0.478412  0.780130  0.463327  0.171115  0.143360  0.260696  0.404017  0.145284  0.414582  0.018020  0.447180  0.522345  0.271437  0.053027  0.190646  0.466004  0.348380  0.168925  0.312901  0.803037  0.396520  0.132871  0.355344  0.295525  0.230715  0.328010  0.457934  0.586055  0.478693  0.548349  0.400018  0.285661  0.109649  0.400224  0.354017  0.464141  0.379182  0.846679  0.785424  0.816332  0.418711  0.413881  0.226850  0.419136  0.633336  0.358142  0.380641  0.285392  0.532517  0.364351  0.439068  0.165876  0.633450  0.391859  0.402947  0.301175  0.512502  0.274025  0.306092  0.317945  0.132259  0.387206  0.296401  0.126263  0.461352  0.437510  0.456472  0.419354  0.678198  0.272919  0.774923  0.573845  0.454544  0.087216  0.512707  0.437095  0.108159  0.525435  0.188060  0.190581  0.442226  0.368901  0.266710  0.396379  0.445426  0.382653  0.207435  0.717478  0.410467 
11  0.142645  0.430473  0.294669  0.431698  0.043392  0.419892  0.337183  0.463254  0.334803  0.607563  0.400243 0.0  0.474667  0.216912  0.509216  0.318055  0.095454  0.374036  0.129004  0.373688  0.663012  0.375667  0.209519  0.646364  0.394219  0.523123  0.466848  0.295347  0.186129  0.547481  0.331241  0.465587  0.431430  0.264122  0.130479  0.821003  0.297943  0.329887  0.162849  0.424797  0.456760  0.406598  0.304927  0.111177  0.541931  0.140103  0.001867  0.564410  0.404032  0.397944  0.091288  0.409047  0.171019  0.332413  0.063712  0.858219  0.612644  0.764951  0.404786  0.343298  0.418671  0.366207  0.200135  0.382947  0.373829  0.476967  0.420375  0.329678  0.069580  0.600673  0.341400  0.700675  0.049119  0.096525  0.740438  0.469520  0.434732  0.327405  0.397797  0.473070  0.631450  0.331308  0.401429  0.878763  0.486493  0.382317  0.212178  0.343348  0.494972  0.431649  0.439191  0.388145  0.366700  0.522420  0.356322  0.062391  0.428354  0.820004  0.301276  0.462834  0.858933  0.350222  0.370299  0.126644  0.363656  0.314215  0.168719  0.278832  0.129717  0.549475  0.013443  0.377378  0.419364  0.210743  0.628978  0.229017  0.407030  0.470070  0.442435  0.360603  0.350461  0.303942  0.356888  0.108838  0.411712  0.431408  0.452975  0.587154  0.453497  0.408897  0.384511  0.268322  0.383352  0.038955  0.351269  0.321584  0.357611  0.755090  0.398649  0.346245  0.421230  0.102828  0.450983  0.357727  0.194078  0.463941  0.778619  0.839942  0.481244  0.367189  0.309959  0.396405  0.386521  0.329021  0.367229  0.232025  0.505851  0.451945  0.336041  0.340504  0.579150  0.332868  0.453348  0.301508  0.528189  0.231300  0.199829  0.067979  0.394217  0.522285  0.633279  0.347105  0.365747  0.384412  0.621051  0.379144  0.530768  0.268839  0.500494  0.609490  0.186250  0.405120  0.462038  0.175450  0.220620  0.396070  0.488671  0.299032  0.097682  0.494654  0.215977  0.240064  0.483087  0.375562  0.332893  0.488167  0.402013 
12  0.386929  0.142979  0.331200  0.271735  0.219528  0.430261  0.231964  0.203451  0.204222  0.776444  0.379153  0.474667 0.0  0.310450  0.456273  0.262925  0.227005  0.228748  0.388939  0.135734  0.540619  0.374387  0.271848  0.458908  0.302649  0.415537  0.172094  0.310910  0.351329  0.485699  0.226381  0.221345  0.366441  0.248108  0.447679  0.400683  0.384950  0.269919  0.494613  0.265940  0.433830  0.373171  0.315670  0.307244  0.479783  0.412287  0.348882  0.231869  0.344614  0.365857  0.420180  0.253305  0.409413  0.323477  0.453964  0.789582  0.695952  0.699292  0.278994  0.223746  0.627782  0.172933  0.187447  0.166702  0.227005  0.207642  0.339890  0.253319  0.241000  0.744838  0.169723  0.707847  0.477657  0.327492  0.728888  0.206290  0.134861  0.333430  0.195270  0.274705  0.403401  0.199066  0.339402  0.827975  0.531975  0.348030  0.321920  0.252366  0.319384  0.045416  0.016492  0.250490  0.257340  0.317346  0.192085  0.285230  0.158326  0.389282  0.218357  0.273989  0.455070  0.372713  0.348514  0.399571  0.345199  0.383235  0.412125  0.238367  0.426173  0.793209  0.205318  0.324604  0.307168  0.275392  0.492979  0.249786  0.226811  0.323223  0.474893  0.016090  0.265512  0.356783  0.251115  0.338217  0.234843  0.446129  0.178093  0.639749  0.503881  0.424036  0.104493  0.256883  0.383607  0.400964  0.084908  0.568765  0.000000  0.673859  0.153075  0.102241  0.263725  0.425358  0.100845  0.185212  0.267926  0.743122  0.592161  0.555883  0.444100  0.231250  0.333734  0.122627  0.554112  0.101931  0.188725  0.258068  0.291382  0.162622  0.149304  0.336248  0.348741  0.098025  0.067983  0.222537  0.348112  0.358120  0.199943  0.369005  0.322966  0.550271  0.534036  0.349542  0.482915  0.256676  0.340178  0.196823  0.410144  0.332340  0.868050  0.424299  0.493142  0.345218  0.245728  0.354914  0.319357  0.233575  0.325559  0.332416  0.345879  0.504125  0.225419  0.245738  0.476694  0.247758  0.299047  0.772571  0.236885 
13  0.312436  0.279972  0.253936  0.261412  0.228373  0.405492  0.337596  0.235723  0.260814  0.684375  0.257326  0.216912  0.310450 0.0  0.423036  0.315554  0.338413  0.352825  0.237315  0.260787  0.434049  0.311079  0.261137  0.426284  0.307704  0.480090  0.295914  0.224088  0.194601  0.550292  0.304741  0.328129  0.342734  0.281639  0.253425  0.699392  0.217037  0.206119  0.230030  0.299474  0.365531  0.377215  0.311070  0.284022  0.494340  0.294621  0.269508  0.355183  0.238816  0.202153  0.185436  0.275878  0.232015  0.312492  0.174463  0.713463  0.688776  0.737228  0.290224  0.224956  0.541624  0.189843  0.163746  0.335314  0.268217  0.410613  0.286761  0.280823  0.266186  0.688956  0.215601  0.685977  0.147235  0.188970  0.663208  0.185742  0.199257  0.327556  0.203055  0.330331  0.522330  0.287938  0.289685  0.625003  0.502238  0.268461  0.325897  0.297872  0.256390  0.279025  0.292016  0.241131  0.227191  0.395944  0.224185  0.247652  0.231525  0.659102  0.264454  0.229075  0.656196  0.263704  0.268004  0.268215  0.236730  0.174151  0.250046  0.257354  0.227983  0.668115  0.308369  0.218962  0.311308  0.306314  0.506097  0.263711  0.266874  0.208519  0.380344  0.218686  0.312664  0.249705  0.210223  0.277973  0.311610  0.370382  0.269267  0.659116  0.463157  0.253015  0.269560  0.219190  0.302153  0.240619  0.162862  0.450291  0.220131  0.666375  0.074889  0.271626  0.289027  0.342581  0.276884  0.231214  0.348102  0.588662  0.578459  0.706768  0.570953  0.307338  0.194785  0.314703  0.470156  0.258478  0.350380  0.260484  0.470763  0.207586  0.118597  0.285647  0.452300  0.241207  0.297406  0.186579  0.389334  0.174746  0.272520  0.354720  0.212167  0.392802  0.415908  0.255098  0.343663  0.240659  0.378737  0.213783  0.440871  0.157156  0.579032  0.448264  0.206570  0.315026  0.278214  0.310012  0.174207  0.272511  0.367678  0.169414  0.310623  0.384434  0.176578  0.251716  0.348273  0.287512  0.422151  0.633815  0.333124 
14  0.458452  0.510825  0.498000  0.435956  0.433987  0.440980  0.464092  0.550314  0.486318  0.413198  0.362609  0.509216  0.456273  0.423036 0.0  0.513567  0.367300  0.414581  0.452072  0.365054  0.481248  0.493387  0.446268  0.412576  0.392686  0.404510  0.409738  0.439463  0.479570  0.441180  0.481952  0.414067  0.469357  0.424576  0.572541  0.491389  0.450099  0.440754  0.431996  0.529682  0.442085  0.448910  0.455669  0.525875  0.410798  0.485450  0.451277  0.429326  0.454358  0.451104  0.527995  0.454437  0.346519  0.442143  0.450782  0.506986  0.442457  0.414061  0.447917  0.551284  0.464795  0.475502  0.421780  0.408462  0.529933  0.399786  0.470808  0.449158  0.391690  0.443525  0.499066  0.450108  0.368205  0.394238  0.475689  0.477116  0.422357  0.397478  0.540486  0.435169  0.476412  0.390051  0.422034  0.421518  0.528135  0.386495  0.410415  0.471836  0.441537  0.416944  0.503619  0.534360  0.436890  0.368433  0.517955  0.420128  0.518516  0.450828  0.391449  0.345857  0.524311  0.437828  0.525285  0.449187  0.386133  0.376599  0.477382  0.393258  0.419569  0.466626  0.453125  0.502666  0.479751  0.502881  0.547291  0.402506  0.488421  0.476703  0.425838  0.483246  0.505136  0.465615  0.440128  0.372944  0.485097  0.450612  0.527416  0.468724  0.418111  0.328209  0.488760  0.458521  0.463342  0.487046  0.404307  0.536155  0.399709  0.547526  0.482360  0.479294  0.456299  0.370358  0.447028  0.465750  0.427893  0.515300  0.418287  0.494571  0.422787  0.405789  0.460710  0.529346  0.444614  0.462713  0.469284  0.439306  0.449607  0.499261  0.393480  0.392324  0.469331  0.490438  0.469492  0.451486  0.406396  0.358400  0.367051  0.418965  0.423211  0.435965  0.496093  0.439821  0.400094  0.424031  0.415043  0.350928  0.594817  0.425981  0.465061  0.430265  0.345913  0.467517  0.482105  0.365840  0.418773  0.492681  0.523459  0.481627  0.513738  0.420484  0.419520  0.419371  0.537786  0.518448  0.497859  0.429740  0.481925 
15  0.566953  0.171871  0.342038  0.211032  0.246155  0.421170  0.267217  0.276418  0.360986  0.840992  0.367513  0.318055  0.262925  0.315554  0.513567 0.0  0.285955  0.227282  0.401002  0.193426  0.439590  0.402728  0.271747  0.517171  0.391437  0.292346  0.246759  0.294528  0.325222  0.533026  0.180533  0.227124  0.295579  0.218505  0.473556  0.398794  0.343667  0.383359  0.448584  0.399835  0.477934  0.340973  0.341667  0.347517  0.468049  0.333295  0.361536  0.287588  0.245761  0.301232  0.502636  0.384777  0.459274  0.299239  0.528279  0.691732  0.721132  0.660305  0.274228  0.327678  0.668162  0.089599  0.273851  0.164149  0.168817  0.207267  0.212197  0.244742  0.320765  0.748855  0.271942  0.735607  0.470869  0.293415  0.689779  0.132686  0.149347  0.342969  0.077538  0.294868  0.469097  0.210193  0.362622  0.805949  0.553949  0.245521  0.217604  0.342030  0.369873  0.128959  0.007269  0.235656  0.248659  0.390402  0.175766  0.361649  0.144063  0.534511  0.134946  0.263250  0.494204  0.415005  0.393627  0.308821  0.332023  0.410022  0.461982  0.286071  0.408197  0.744854  0.334638  0.308971  0.331680  0.218050  0.468849  0.344838  0.163180  0.349970  0.450625  0.091359  0.198520  0.410138  0.312367  0.357717  0.245290  0.329327  0.107904  0.756749  0.443931  0.408430  0.077275  0.209401  0.280719  0.384731  0.039462  0.627701  0.058585  0.689668  0.236236  0.225103  0.345573  0.444715  0.045744  0.166015  0.433338  0.751561  0.619213  0.530807  0.488168  0.243176  0.259131  0.285812  0.559682  0.181310  0.132628  0.242147  0.298890  0.179467  0.212228  0.298443  0.336639  0.155071  0.174282  0.201662  0.182122  0.230581  0.290263  0.356110  0.364089  0.585363  0.476349  0.325941  0.446482  0.192651  0.401977  0.171069  0.331664  0.314561  0.774925  0.333201  0.390960  0.286112  0.219640  0.367734  0.355976  0.134085  0.287308  0.280584  0.310458  0.372695  0.287567  0.138812  0.433470  0.232438  0.332192  0.673038  0.200533 
16  0.016291  0.335325  0.502653  0.338992  0.213047  0.318788  0.289090  0.248704  0.238737  0.613789  0.408199  0.095454  0.227005  0.338413  0.367300  0.285955 0.0  0.328240  0.000000  0.360790  0.627254  0.401553  0.256548  0.529580  0.379177  0.510245  0.441870  0.389473  0.012236  0.566722  0.290671  0.256285  0.379931  0.269547  0.142750  0.757683  0.479563  0.520121  0.019191  0.333735  0.435942  0.366429  0.372997  0.158316  0.551460  0.081427  0.060424  0.558752  0.264750  0.385046  0.131410  0.294665  0.024786  0.425319  0.146925  0.860427  0.715266  0.833819  0.381945  0.241400  0.414219  0.420399  0.214633  0.248541  0.315954  0.296588  0.410646  0.288687  0.180022  0.445311  0.263186  0.604981  0.079580  0.147829  0.786147  0.343704  0.261618  0.506904  0.382156  0.309779  0.389548  0.325283  0.311221  0.712839  0.647301  0.190806  0.303355  0.378540  0.436231  0.316221  0.253163  0.388670  0.289147  0.453014  0.310225  0.188394  0.438855  0.729109  0.395240  0.233438  0.645204  0.258679  0.333627  0.220669  0.326566  0.381271  0.082529  0.479426  0.125821  0.550705  0.245797  0.458733  0.441190  0.265845  0.640638  0.301787  0.275064  0.411601  0.411557  0.386333  0.190031  0.297400  0.322803  0.091072  0.402692  0.517820  0.193642  0.659954  0.388566  0.412670  0.383428  0.232374  0.533066  0.062790  0.418902  0.398017  0.285728  0.845446  0.441579  0.278927  0.370480  0.057977  0.420653  0.336984  0.022165  0.622542  0.772878  0.689002  0.429750  0.353581  0.406178  0.375999  0.329185  0.353283  0.311773  0.233415  0.539549  0.371985  0.343737  0.446385  0.618655  0.407960  0.275727  0.308593  0.611773  0.234828  0.198139  0.258682  0.454641  0.657823  0.604700  0.409964  0.348211  0.357406  0.540536  0.264630  0.444416  0.337902  0.477562  0.438058  0.024461  0.458459  0.274806  0.131301  0.270015  0.360211  0.325135  0.198957  0.182653  0.470843  0.354712  0.269715  0.538720  0.370329  0.339249  0.415857  0.284269 
17  0.450053  0.135237  0.350890  0.219865  0.374380  0.372323  0.184385  0.295981  0.188938  0.741610  0.432283  0.374036  0.228748  0.352825  0.414581  0.227282  0.328240 0.0  0.249140  0.122651  0.492066  0.391104  0.205192  0.602560  0.380461  0.452514  0.274554  0.268827  0.331769  0.457007  0.234133  0.122285  0.279634  0.310915  0.493830  0.413837  0.271222  0.407046  0.375795  0.350317  0.423861  0.228968  0.353674  0.187123  0.495227  0.359797  0.382013  0.246737  0.341909  0.335119  0.539264  0.345697  0.373459  0.287388  0.372384  0.814554  0.831903  0.617322  0.305151  0.238466  0.605608  0.183755  0.332071  0.190729  0.220769  0.135394  0.374959  0.161799  0.329543  0.707509  0.283162  0.843492  0.372119  0.323248  0.708008  0.197142  0.144935  0.286903  0.270188  0.187211  0.331190  0.294603  0.314131  0.801472  0.489342  0.324344  0.232294  0.454927  0.445212  0.000000  0.102954  0.159659  0.232536  0.353820  0.228606  0.311489  0.240835  0.427468  0.210697  0.243023  0.580022  0.286328  0.413032  0.250475  0.367773  0.417797  0.313231  0.328096  0.312339  0.654735  0.225859  0.283231  0.278372  0.321776  0.476910  0.388743  0.225446  0.293974  0.460067  0.164542  0.152335  0.283840  0.191423  0.346844  0.151586  0.429368  0.191860  0.699470  0.486618  0.401867  0.118562  0.256252  0.270862  0.491282  0.045211  0.629220  0.136153  0.750998  0.121097  0.064072  0.277068  0.401821  0.080756  0.223085  0.324290  0.789175  0.644837  0.501805  0.488180  0.104279  0.385588  0.150874  0.591906  0.252260  0.171045  0.277619  0.438477  0.153609  0.191015  0.300381  0.254668  0.141131  0.174748  0.299193  0.184704  0.271345  0.254001  0.384160  0.292096  0.600017  0.536712  0.421819  0.365542  0.137293  0.438566  0.138757  0.434120  0.164621  0.822461  0.388700  0.482088  0.291764  0.154238  0.402701  0.327535  0.216722  0.222329  0.296062  0.293026  0.418199  0.349823  0.289517  0.508218  0.255457  0.231224  0.822434  0.181417 
18  0.000000  0.314695  0.210760  0.344016  0.151058  0.522846  0.239241  0.491259  0.476508  0.515033  0.429961  0.129004  0.388939  0.237315  0.452072  0.401002  0.000000  0.249140 0.0  0.353119  0.535781  0.404170  0.420293  0.780720  0.374046  0.582253  0.331615  0.225028  0.065576  0.659814  0.282827  0.241025  0.377924  0.244699  0.113176  0.965678  0.407268  0.378953  0.054379  0.359446  0.352801  0.359520  0.357574  0.087484  0.494284  0.082157  0.177276  0.592713  0.306989  0.257704  0.097375  0.264292  0.034313  0.357578  0.047636  0.706943  0.509463  0.654190  0.250725  0.268495  0.275080  0.448838  0.298776  0.365374  0.226443  0.353825  0.411330  0.210813  0.015947  0.472250  0.251476  0.747121  0.000000  0.037665  0.767824  0.258879  0.311692  0.347080  0.252768  0.325429  0.542446  0.253542  0.390648  0.698928  0.574176  0.450914  0.229229  0.387416  0.320189  0.471427  0.457578  0.298625  0.315087  0.491648  0.284774  0.000000  0.363773  0.745665  0.438429  0.434381  0.889140  0.314001  0.315365  0.042113  0.306212  0.434024  0.123849  0.334635  0.159585  0.457471  0.107795  0.351024  0.215124  0.246809  0.564187  0.433932  0.325308  0.313600  0.474386  0.526293  0.271137  0.430027  0.316677  0.146001  0.407670  0.362455  0.331985  0.493190  0.409575  0.484174  0.447135  0.254698  0.354265  0.043668  0.333331  0.357679  0.229554  0.723127  0.343691  0.297142  0.470436  0.222794  0.219291  0.380198  0.110124  0.443093  0.689393  0.709941  0.439785  0.283299  0.429123  0.265739  0.216320  0.284990  0.351429  0.358184  0.578228  0.363977  0.280712  0.299880  0.653034  0.253752  0.303043  0.364639  0.642070  0.315563  0.292813  0.113279  0.287670  0.525527  0.665051  0.350902  0.521555  0.255200  0.498359  0.357123  0.580282  0.379180  0.596833  0.556810  0.079485  0.278259  0.310713  0.185415  0.355601  0.265933  0.388747  0.437342  0.044353  0.469114  0.252176  0.433395  0.429997  0.346587  0.278772  0.583353  0.278971 
19  0.544276  0.175362  0.294391  0.195807  0.416232  0.568216  0.194963  0.407802  0.325403  0.788289  0.422485  0.373688  0.135734  0.260787  0.365054  0.193426  0.360790  0.122651  0.353119 0.0  0.589201  0.374339  0.312541  0.433244  0.259445  0.386893  0.097313  0.239279  0.394955  0.513358  0.257789  0.152956  0.396281  0.396862  0.441178  0.521466  0.390485  0.216678  0.448432  0.408372  0.452800  0.301660  0.335980  0.322573  0.563392  0.378093  0.350313  0.233373  0.298171  0.302188  0.332241  0.191718  0.404752  0.339787  0.441702  0.676646  0.707863  0.649189  0.330982  0.185667  0.581894  0.239294  0.150660  0.131510  0.131509  0.152982  0.267980  0.250589  0.308658  0.655361  0.139732  0.708327  0.415006  0.235518  0.699806  0.141466  0.338179  0.323387  0.222508  0.163937  0.436633  0.145932  0.267678  0.831299  0.436379  0.271549  0.260338  0.195820  0.357361  0.136076  0.140037  0.267692  0.067255  0.363264  0.299511  0.316914  0.232947  0.457261  0.215919  0.245247  0.439879  0.216245  0.337104  0.375294  0.383086  0.380091  0.377070  0.300743  0.355994  0.713036  0.223406  0.303346  0.384746  0.279724  0.517647  0.300376  0.304230  0.460653  0.380684  0.054958  0.346092  0.356177  0.244306  0.385433  0.228231  0.268866  0.265604  0.844073  0.444730  0.455818  0.119751  0.329210  0.364370  0.518757  0.101273  0.478827  0.000000  0.691638  0.274252  0.200392  0.366482  0.478758  0.055850  0.278832  0.400536  0.806517  0.591427  0.595447  0.493760  0.201831  0.396033  0.187187  0.641820  0.236915  0.143863  0.305677  0.379514  0.219243  0.235547  0.336685  0.224041  0.229247  0.177066  0.142239  0.261483  0.138849  0.243998  0.388141  0.381881  0.553636  0.605793  0.269452  0.382381  0.203354  0.416497  0.265265  0.475207  0.259216  0.694596  0.377617  0.503024  0.273536  0.273511  0.344484  0.370098  0.220283  0.298723  0.300224  0.393429  0.493289  0.266452  0.216839  0.465588  0.131076  0.285858  0.662440  0.203596 
