197
0 0.0  0.401054  0.282082  0.443842  0.000000  0.456613  0.218737  0.340934  0.320936  0.460725  0.396853  0.127948  0.517307  0.264810  0.513794  0.469863  0.079674  0.435778  0.082765  0.444286  0.470848  0.400545  0.302252  0.526189  0.415134  0.602608  0.538281  0.276376  0.004366  0.604918  0.471673  0.533675  0.241148  0.124926  0.037226  0.751446  0.289791  0.267403  0.157096  0.421412  0.446432  0.376187  0.372401  0.169038  0.702719  0.008693  0.177093  0.458115  0.357124  0.276314  0.190340  0.350927  0.169009  0.222778  0.259811  0.800008  0.559355  0.805718  0.228128  0.217162  0.424408  0.555287  0.297320  0.537677  0.489498  0.501792  0.219683  0.265685  0.017369  0.485179  0.486088  0.735117  0.320725  0.027421  0.676348  0.472140  0.358111  0.437619  0.456220  0.461593  0.626577  0.404545  0.359154  0.898416  0.547695  0.385890  0.260145  0.308411  0.225230  0.446306  0.381804  0.449092  0.405261  0.699959  0.461190  0.165580  0.357136  0.787078  0.329531  0.314804  0.806194  0.406326  0.448710  0.075013  0.317172  0.371199  0.015336  0.340470  0.003784  0.504698  0.052580  0.323954  0.291540  0.213412  0.609985  0.288689  0.383992  0.453299  0.497769  0.398256  0.256550  0.349120  0.345450  0.122725  0.398650  0.299879  0.436959  0.384614  0.404089  0.426129  0.301701  0.144100  0.195000  0.145616  0.310455  0.288799  0.312194  0.740090  0.386643  0.483146  0.403123  0.254685  0.292642  0.421169  0.153197  0.507690  0.793242  0.835633  0.636632  0.442741  0.267921  0.412869  0.299705  0.584998  0.489960  0.216983  0.506488  0.459722  0.487864  0.344392  0.542252  0.462807  0.443651  0.493890  0.571140  0.308580  0.160217  0.000000  0.215121  0.601699  0.447461  0.311636  0.566465  0.454984  0.643817  0.493620  0.633815  0.301059  0.427820  0.576976  0.226241  0.366222  0.400438  0.095546  0.411194  0.345367  0.357835  0.328226  0.145909  0.539338  0.265617  0.442936  0.408240  0.519159  0.247774  0.501222  0.409072 
1  0.401054 0.0  0.269881  0.164109  0.345916  0.498797  0.262770  0.317503  0.411543  0.703724  0.322378  0.311369  0.146027  0.321972  0.554412  0.220848  0.298455  0.231577  0.295327  0.240766  0.505828  0.451173  0.164774  0.488180  0.369381  0.384680  0.190920  0.354204  0.258232  0.482169  0.264967  0.157878  0.365956  0.322737  0.488458  0.544849  0.376317  0.325071  0.471300  0.317891  0.536653  0.353083  0.375637  0.404452  0.673121  0.231764  0.436481  0.252409  0.359541  0.440497  0.481222  0.269858  0.386069  0.368494  0.505466  0.742500  0.683045  0.670880  0.342529  0.148201  0.574611  0.195709  0.228400  0.235650  0.061911  0.175427  0.260762  0.287900  0.316374  0.645227  0.238160  0.778086  0.473555  0.383582  0.712006  0.233401  0.111496  0.324498  0.159779  0.192518  0.394323  0.167294  0.390676  0.799782  0.503336  0.420517  0.146528  0.254775  0.264947  0.055680  0.004032  0.134388  0.208773  0.305806  0.196533  0.392552  0.393716  0.457959  0.219960  0.274213  0.468556  0.160740  0.244175  0.340550  0.245857  0.391158  0.498113  0.350392  0.448651  0.783421  0.328584  0.334770  0.342959  0.277856  0.509594  0.371767  0.178837  0.446741  0.472606  0.193073  0.278035  0.383334  0.310183  0.270249  0.180029  0.247439  0.218270  0.761796  0.476559  0.392986  0.066327  0.324138  0.408715  0.484349  0.106419  0.546409  0.097201  0.781560  0.224699  0.149652  0.325359  0.473919  0.152979  0.176952  0.298703  0.686939  0.603974  0.516482  0.592466  0.232890  0.305703  0.169181  0.545426  0.220926  0.212529  0.335996  0.388435  0.224149  0.255427  0.345747  0.420613  0.225821  0.192131  0.210434  0.430085  0.170653  0.293225  0.303893  0.323407  0.584943  0.560312  0.340175  0.498208  0.220166  0.418816  0.266392  0.409790  0.252947  0.693951  0.402812  0.462715  0.333512  0.203686  0.330041  0.355854  0.171202  0.418389  0.299833  0.335625  0.453216  0.311818  0.202114  0.440457  0.190642  0.384593  0.809191  0.171885 
2  0.282082  0.269881 0.0  0.302914  0.541457  0.409100  0.293438  0.075768  0.050479  0.890485  0.132044  0.351263  0.389860  0.201482  0.506080  0.364632  0.438104  0.308582  0.327791  0.402015  0.391285  0.090665  0.158283  0.270186  0.212287  0.557191  0.246680  0.223340  0.298248  0.326475  0.359186  0.210679  0.196894  0.221918  0.283601  0.820457  0.207744  0.288407  0.296819  0.127579  0.468543  0.003402  0.185478  0.448869  0.317153  0.462063  0.403822  0.604496  0.057320  0.238826  0.383998  0.142478  0.295573  0.231506  0.368632  0.659052  0.924923  0.563693  0.139674  0.170005  0.553944  0.321258  0.246200  0.369316  0.256123  0.372745  0.069275  0.236443  0.484939  0.736922  0.303968  0.488042  0.328406  0.286547  0.574412  0.402678  0.400679  0.175547  0.306021  0.377437  0.412718  0.199218  0.157146  0.526428  0.439503  0.266022  0.239349  0.142744  0.264879  0.391218  0.344486  0.350588  0.214136  0.492349  0.282992  0.445576  0.294142  0.755314  0.316829  0.392998  0.764594  0.078697  0.126349  0.440744  0.033983  0.160514  0.469025  0.213510  0.385642  0.890275  0.478198  0.240145  0.153281  0.289503  0.306836  0.027418  0.437157  0.118619  0.456680  0.353072  0.344927  0.105177  0.104189  0.423372  0.324295  0.213878  0.168746  0.787289  0.505676  0.104527  0.241342  0.306917  0.242157  0.279210  0.392591  0.646541  0.428057  0.641301  0.286265  0.356517  0.136783  0.347356  0.494022  0.241178  0.329887  0.783946  0.668543  0.701593  0.575167  0.346171  0.000000  0.294085  0.693582  0.351464  0.314872  0.267250  0.536911  0.426885  0.360985  0.183480  0.499717  0.335884  0.364555  0.400605  0.531309  0.301212  0.225748  0.412841  0.220938  0.252578  0.399693  0.173081  0.396374  0.257725  0.546017  0.377112  0.564294  0.311587  0.745178  0.575218  0.346555  0.155859  0.346471  0.355142  0.053993  0.341601  0.016635  0.015715  0.449749  0.366674  0.340375  0.232448  0.525698  0.319927  0.124289  0.750997  0.218574 
3  0.443842  0.164109  0.302914 0.0  0.361121  0.438211  0.245770  0.299258  0.336721  0.813950  0.425515  0.397815  0.270945  0.269725  0.510828  0.184453  0.322471  0.149170  0.336002  0.151567  0.472031  0.440109  0.246541  0.478694  0.419762  0.303253  0.270285  0.263768  0.322439  0.550340  0.106877  0.190129  0.278128  0.314775  0.526342  0.397522  0.333229  0.312662  0.470968  0.377345  0.436793  0.348234  0.301406  0.425354  0.593554  0.319652  0.460219  0.266867  0.327519  0.399735  0.564708  0.359205  0.461849  0.335478  0.413020  0.727020  0.687854  0.666777  0.272918  0.230195  0.487762  0.157707  0.284437  0.217587  0.238032  0.176962  0.320314  0.324233  0.269254  0.707098  0.197548  0.776239  0.466053  0.293869  0.622764  0.131721  0.160489  0.345281  0.278904  0.234859  0.435315  0.138759  0.380051  0.896294  0.484802  0.424697  0.327746  0.329494  0.252085  0.036052  0.079547  0.187951  0.235119  0.454698  0.256869  0.343524  0.233078  0.482801  0.205358  0.297573  0.488831  0.327401  0.451950  0.322807  0.364684  0.466229  0.354128  0.373357  0.387100  0.750344  0.264696  0.334653  0.248886  0.364656  0.481545  0.324759  0.198801  0.418570  0.430595  0.089059  0.247260  0.271572  0.369974  0.337588  0.213648  0.336449  0.215424  0.740570  0.526494  0.328379  0.114067  0.305359  0.321900  0.549937  0.125281  0.600401  0.200761  0.681937  0.207535  0.052032  0.362830  0.420525  0.140661  0.167195  0.306971  0.673879  0.605069  0.595443  0.442640  0.277739  0.284535  0.175890  0.649606  0.287461  0.172453  0.361780  0.396474  0.134406  0.261404  0.286668  0.360996  0.239027  0.165820  0.255726  0.336667  0.328839  0.264017  0.214611  0.335273  0.503571  0.468739  0.331986  0.400593  0.237461  0.422779  0.196047  0.324845  0.281075  0.861893  0.440755  0.474974  0.257861  0.171076  0.280042  0.372789  0.141527  0.273520  0.304955  0.365269  0.531388  0.263035  0.149319  0.438500  0.254269  0.206003  0.718450  0.194172 
4  0.000000  0.345916  0.541457  0.361121 0.0  0.442962  0.236544  0.342994  0.238007  0.508660  0.365728  0.069791  0.330824  0.253440  0.514470  0.279617  0.239968  0.452911  0.076852  0.306834  0.657656  0.384024  0.236436  0.449173  0.357443  0.503711  0.265272  0.245516  0.021419  0.496827  0.298669  0.415193  0.515637  0.210388  0.020237  0.773592  0.500708  0.411202  0.097225  0.369343  0.503455  0.390079  0.498298  0.168064  0.551333  0.149905  0.054216  0.445126  0.270983  0.408302  0.110647  0.345362  0.067064  0.534806  0.000000  0.869154  0.575950  0.781518  0.362247  0.290550  0.376432  0.320985  0.280174  0.380357  0.193884  0.355452  0.328085  0.340126  0.129929  0.397946  0.309032  0.740170  0.044928  0.000000  0.890675  0.395882  0.306966  0.441275  0.315008  0.351427  0.462017  0.209464  0.325654  0.725569  0.693380  0.383759  0.233228  0.339792  0.483350  0.222608  0.263332  0.368355  0.273550  0.492337  0.384777  0.130484  0.288140  0.785540  0.265965  0.364133  0.749186  0.366897  0.414206  0.287469  0.488807  0.367791  0.066940  0.494422  0.123001  0.529097  0.160964  0.467413  0.396865  0.419075  0.626412  0.355237  0.221879  0.472563  0.496898  0.374573  0.287127  0.330052  0.318827  0.137758  0.406400  0.374331  0.335256  0.612003  0.463508  0.454816  0.299398  0.344029  0.543036  0.016846  0.343107  0.244106  0.340795  0.901114  0.259645  0.340593  0.358843  0.082564  0.487282  0.323185  0.103290  0.670813  0.657104  0.777880  0.450684  0.334035  0.342944  0.288155  0.394708  0.342877  0.311108  0.280884  0.495706  0.300947  0.203774  0.465672  0.520750  0.351099  0.387424  0.327922  0.450767  0.281746  0.274656  0.238350  0.484985  0.598834  0.532154  0.515913  0.421270  0.388694  0.398026  0.429517  0.562851  0.256008  0.501065  0.516183  0.008946  0.496897  0.368533  0.153918  0.431073  0.357543  0.321520  0.349270  0.115507  0.418476  0.267039  0.330209  0.464270  0.355628  0.384739  0.503487  0.231672 
5  0.456613  0.498797  0.409100  0.438211  0.442962 0.0  0.384072  0.390483  0.569640  0.514372  0.431133  0.469048  0.425604  0.531370  0.519676  0.394581  0.468593  0.539792  0.448576  0.436566  0.456250  0.439150  0.501072  0.483663  0.521171  0.425115  0.537384  0.488901  0.423872  0.379878  0.492670  0.496514  0.383354  0.611516  0.464525  0.450694  0.516359  0.555286  0.490368  0.500441  0.453804  0.503534  0.391472  0.541188  0.390637  0.389277  0.540627  0.466658  0.437957  0.564557  0.482287  0.561603  0.383089  0.517801  0.410075  0.524068  0.506559  0.439797  0.448095  0.438965  0.456316  0.500653  0.433939  0.457270  0.506651  0.436273  0.473451  0.510452  0.478327  0.437927  0.449929  0.485866  0.486716  0.388282  0.323321  0.516985  0.483426  0.455268  0.454300  0.461898  0.460488  0.338877  0.561070  0.536554  0.420671  0.424500  0.426892  0.342915  0.561250  0.466985  0.457294  0.467348  0.515732  0.570896  0.442163  0.431558  0.527838  0.484366  0.494138  0.350331  0.569712  0.466359  0.398362  0.438656  0.491830  0.454022  0.448807  0.418859  0.604942  0.427420  0.400207  0.423421  0.397007  0.435101  0.469712  0.447193  0.391478  0.456558  0.394749  0.469338  0.595493  0.441726  0.413832  0.455632  0.523591  0.431170  0.446217  0.510095  0.469718  0.396040  0.465784  0.447897  0.533448  0.430807  0.505750  0.405186  0.419363  0.484413  0.427274  0.444489  0.547984  0.496967  0.508310  0.332138  0.459476  0.436124  0.479882  0.545381  0.612864  0.472676  0.491893  0.384339  0.495529  0.476157  0.479249  0.528088  0.485161  0.602856  0.459098  0.429051  0.509947  0.445606  0.455443  0.476973  0.484086  0.499312  0.462489  0.440367  0.472059  0.435757  0.419561  0.510723  0.523782  0.442680  0.421074  0.467951  0.489424  0.592862  0.431154  0.475011  0.419878  0.606384  0.478046  0.456216  0.466249  0.462410  0.554569  0.519260  0.494401  0.518152  0.443166  0.488663  0.487524  0.475116  0.427925  0.373474  0.500194 
6  0.218737  0.262770  0.293438  0.245770  0.236544  0.384072 0.0  0.250651  0.240729  0.660000  0.319576  0.342924  0.267745  0.266162  0.496763  0.240564  0.220417  0.198969  0.312973  0.222879  0.434084  0.230606  0.238803  0.482496  0.157811  0.432982  0.199274  0.260517  0.305060  0.313878  0.217711  0.288456  0.320577  0.231754  0.335664  0.581216  0.265478  0.307742  0.341869  0.336018  0.505720  0.337313  0.240665  0.230993  0.464176  0.215435  0.185359  0.482899  0.301107  0.272801  0.282314  0.325339  0.363263  0.246511  0.281623  0.532563  0.708075  0.751872  0.241256  0.309318  0.438929  0.203127  0.315734  0.315494  0.258309  0.301478  0.232525  0.259621  0.256804  0.655354  0.224600  0.677737  0.277896  0.233188  0.626391  0.253182  0.235314  0.251993  0.260393  0.097300  0.474119  0.239637  0.231332  0.707480  0.471842  0.358454  0.357551  0.213556  0.194165  0.310247  0.220062  0.239105  0.241596  0.494409  0.278159  0.177931  0.286622  0.707815  0.191477  0.169558  0.750627  0.332755  0.333312  0.217884  0.303882  0.238740  0.236640  0.240451  0.374589  0.517757  0.290025  0.296131  0.234507  0.292312  0.406553  0.233150  0.274426  0.336645  0.489237  0.154815  0.244929  0.238936  0.251333  0.314319  0.253557  0.241592  0.237165  0.622272  0.547621  0.282623  0.285504  0.280912  0.268268  0.378155  0.242392  0.542074  0.285596  0.625363  0.260434  0.308247  0.314601  0.199504  0.192753  0.265790  0.239735  0.702909  0.748144  0.731838  0.450136  0.281875  0.270163  0.216624  0.512443  0.419004  0.297893  0.344833  0.443233  0.361926  0.237492  0.388237  0.451877  0.153596  0.239292  0.234368  0.555437  0.166606  0.299252  0.249734  0.212050  0.356480  0.440173  0.424854  0.405482  0.276984  0.441464  0.264711  0.499286  0.297294  0.641037  0.433756  0.260915  0.309392  0.244191  0.249226  0.293882  0.224795  0.276253  0.237494  0.216918  0.445362  0.230622  0.219492  0.435428  0.266841  0.203580  0.538348  0.131631 
7  0.340934  0.317503  0.075768  0.299258  0.342994  0.390483  0.250651 0.0  0.213227  0.750281  0.093915  0.488300  0.369283  0.362561  0.498285  0.287611  0.408286  0.177408  0.459641  0.402977  0.244110  0.048390  0.307944  0.381369  0.197289  0.542750  0.361492  0.302208  0.376878  0.363750  0.356939  0.414045  0.058157  0.200540  0.377126  0.882612  0.197167  0.000000  0.243302  0.165916  0.405699  0.194366  0.019039  0.403537  0.371080  0.344211  0.416516  0.576619  0.148062  0.019413  0.334035  0.000000  0.301602  0.113900  0.169527  0.552057  0.699607  0.321559  0.163911  0.203625  0.590582  0.312203  0.305427  0.285739  0.255257  0.231659  0.346576  0.263884  0.296416  0.727623  0.404671  0.642033  0.257208  0.334964  0.459736  0.307377  0.308046  0.118585  0.395311  0.314066  0.524452  0.401509  0.058461  0.497445  0.358706  0.426910  0.182510  0.231780  0.116033  0.511192  0.446654  0.441483  0.311193  0.455272  0.338199  0.331398  0.403879  0.828120  0.291816  0.453207  0.969686  0.052898  0.072163  0.246582  0.188140  0.122542  0.327291  0.050723  0.313029  0.679433  0.273984  0.144223  0.041144  0.310235  0.291121  0.096081  0.380081  0.086900  0.464421  0.405206  0.361887  0.285790  0.033893  0.317914  0.409775  0.066399  0.189948  0.651098  0.572587  0.112205  0.526106  0.310110  0.093587  0.363234  0.414736  0.575176  0.382373  0.523420  0.331857  0.410121  0.246119  0.381152  0.398039  0.256772  0.315236  0.714156  0.738684  0.791840  0.516605  0.348552  0.191954  0.314287  0.637067  0.297546  0.383430  0.176908  0.535009  0.285226  0.322439  0.097556  0.725345  0.349263  0.416592  0.357013  0.661756  0.280019  0.307732  0.351049  0.035191  0.286312  0.413626  0.133382  0.530360  0.327368  0.548351  0.311207  0.548714  0.345973  0.818791  0.562284  0.337749  0.015232  0.269993  0.335276  0.181020  0.331215  0.221914  0.029987  0.458811  0.577362  0.216395  0.361724  0.440829  0.340380  0.007565  0.923437  0.307486 
8  0.320936  0.411543  0.050479  0.336721  0.238007  0.569640  0.240729  0.213227 0.0  0.813864  0.211918  0.289424  0.269229  0.179616  0.473315  0.416659  0.389830  0.300672  0.453117  0.265690  0.267432  0.197384  0.209281  0.429108  0.110003  0.508288  0.352841  0.125554  0.397981  0.415242  0.244210  0.294962  0.000000  0.301927  0.342532  0.877572  0.045547  0.103166  0.275859  0.000000  0.388577  0.152538  0.043825  0.354643  0.325157  0.313228  0.358685  0.695926  0.221673  0.000000  0.310227  0.000000  0.348745  0.051273  0.384433  0.412416  0.745394  0.502763  0.078199  0.227497  0.552272  0.372636  0.245672  0.273258  0.343444  0.358236  0.213809  0.187343  0.343361  0.708964  0.369748  0.657259  0.262092  0.253025  0.544481  0.291674  0.397603  0.000000  0.240277  0.315318  0.484988  0.318014  0.079376  0.536644  0.302312  0.439100  0.305412  0.132620  0.116027  0.504126  0.401660  0.286781  0.282792  0.589675  0.425760  0.294563  0.399800  0.859377  0.308149  0.447335  0.832134  0.059909  0.134165  0.385619  0.195589  0.140254  0.455126  0.119674  0.425630  0.701949  0.398348  0.147140  0.000000  0.320099  0.286396  0.099543  0.401126  0.022394  0.455341  0.453415  0.135833  0.230722  0.007657  0.502528  0.341056  0.102943  0.243192  0.736537  0.395600  0.229343  0.438122  0.401875  0.160632  0.239403  0.415424  0.610583  0.309390  0.566726  0.361480  0.335377  0.132688  0.300151  0.328416  0.264865  0.375753  0.718848  0.686048  0.834252  0.312486  0.250247  0.196873  0.361943  0.506564  0.280286  0.329886  0.328006  0.462993  0.336348  0.345030  0.080512  0.589638  0.205548  0.452031  0.479847  0.643083  0.295618  0.155633  0.313423  0.038986  0.220150  0.410824  0.088352  0.515477  0.284684  0.565953  0.210199  0.563074  0.286923  0.821952  0.477649  0.426623  0.096754  0.311054  0.442856  0.131530  0.343711  0.202326  0.089199  0.382542  0.513942  0.265385  0.216143  0.433431  0.388297  0.125174  0.880075  0.333254 
9  0.460725  0.703724  0.890485  0.813950  0.508660  0.514372  0.660000  0.750281  0.813864 0.0  0.752269  0.610433  0.820516  0.658887  0.402174  0.868291  0.579107  0.794395  0.531966  0.795705  0.566116  0.824433  0.564428  0.621010  0.779190  0.524449  0.822949  0.624777  0.561682  0.621924  0.721444  0.812632  0.774459  0.571389  0.571641  0.826212  0.788248  0.879380  0.580336  0.741776  0.476985  0.853761  0.776150  0.562913  0.649545  0.438238  0.540030  0.581261  0.834259  0.803268  0.498744  0.743980  0.521795  0.880376  0.556577  0.339465  0.062049  0.410777  0.738769  0.608714  0.428643  0.698801  0.627822  0.863876  0.746927  0.814044  0.867404  0.707113  0.641077  0.171985  0.888988  0.768388  0.434306  0.527026  0.761064  0.732485  0.848686  0.836632  0.774543  0.751915  0.643475  0.777230  0.792710  0.816450  0.621758  0.707550  0.602895  0.849180  1.000000  0.765040  0.826727  0.843323  0.688588  0.567222  0.774803  0.467361  0.855122  0.421209  0.837265  0.822108  0.378147  0.734505  0.793283  0.484007  0.773699  0.787814  0.453086  0.846541  0.600075  0.077657  0.530537  0.773773  0.762544  0.655589  0.476888  0.871892  0.650359  0.662029  0.352114  0.649925  0.687363  0.773862  0.770598  0.556917  0.889347  0.904269  0.836192  0.069973  0.447264  0.864668  0.692321  0.679122  0.776774  0.536396  0.743327  0.280855  0.706875  0.840572  0.791558  0.807236  0.700591  0.491449  0.935648  0.789737  0.590222  0.157699  0.270578  0.753452  0.545362  0.739215  0.854524  0.848911  0.310622  0.782522  0.834950  0.623713  0.734034  0.800182  0.703375  0.856599  0.577294  0.801510  0.795070  0.818342  0.600118  0.655436  0.705289  0.551149  0.771572  0.514067  0.590066  0.822717  0.419082  0.695684  0.687744  0.797580  0.516891  0.695076  0.480631  0.615475  0.480003  0.899390  0.783487  0.571490  0.830267  0.825917  0.882844  0.812378  0.583456  0.475139  0.634047  0.886277  0.455174  0.851796  0.746798  0.215022  0.771090 
10  0.396853  0.322378  0.132044  0.425515  0.365728  0.431133  0.319576  0.093915  0.211918  0.752269 0.0  0.418773  0.427202  0.284492  0.579620  0.502374  0.355692  0.404228  0.398491  0.413083  0.393856  0.114946  0.257644  0.228550  0.238183  0.535519  0.312080  0.301677  0.460553  0.309487  0.462732  0.366080  0.126366  0.368804  0.408871  0.803548  0.154359  0.087273  0.382245  0.078266  0.446814  0.112241  0.110198  0.477728  0.382394  0.303800  0.417247  0.657079  0.076728  0.244518  0.446664  0.049744  0.490857  0.219107  0.355626  0.483710  0.748250  0.622719  0.125910  0.268548  0.599288  0.335267  0.340385  0.332742  0.419766  0.397899  0.179774  0.266517  0.306318  0.791272  0.416683  0.619740  0.401526  0.470230  0.537720  0.452745  0.366129  0.151025  0.435049  0.286165  0.626349  0.421437  0.104134  0.560746  0.342777  0.356255  0.195496  0.155959  0.124078  0.310196  0.368890  0.459903  0.366445  0.584641  0.448973  0.405759  0.397162  0.734259  0.429569  0.410392  0.827677  0.098892  0.203695  0.358983  0.055470  0.007289  0.557256  0.038848  0.460265  0.782548  0.434839  0.123941  0.130887  0.347905  0.317601  0.219305  0.290028  0.104448  0.517841  0.310184  0.297020  0.184602  0.008080  0.348472  0.373974  0.237103  0.457646  0.833556  0.422336  0.157588  0.413447  0.334178  0.082558  0.399208  0.292148  0.588692  0.434308  0.547924  0.513518  0.358475  0.141656  0.447115  0.466249  0.338841  0.370617  0.757261  0.678399  0.695280  0.584175  0.332861  0.120416  0.320647  0.595061  0.373424  0.452859  0.258667  0.656783  0.413749  0.462694  0.114954  0.566163  0.398615  0.410050  0.369683  0.588819  0.296547  0.200953  0.470808  0.104988  0.437785  0.446503  0.086451  0.442807  0.414443  0.669112  0.271251  0.516875  0.231220  0.801856  0.548431  0.368485  0.169892  0.440159  0.428762  0.024222  0.393348  0.131407  0.083026  0.313943  0.506469  0.138593  0.441559  0.412448  0.430401  0.068445  0.756856  0.449717 
11  0.127948  0.311369  0.351263  0.397815  0.069791  0.469048  0.342924  0.488300  0.289424  0.610433  0.418773 0.0  0.289339  0.261167  0.405654  0.298092  0.124181  0.384041  0.154496  0.504471  0.539162  0.384913  0.223489  0.532334  0.265553  0.673181  0.367425  0.294770  0.141241  0.675495  0.409556  0.402997  0.310315  0.216477  0.053110  0.768030  0.320103  0.346426  0.082829  0.353086  0.496342  0.437399  0.352988  0.063255  0.561113  0.174058  0.049776  0.598049  0.452813  0.346583  0.118219  0.318827  0.143174  0.448442  0.171463  0.783605  0.528328  0.784905  0.346473  0.325830  0.303895  0.526886  0.289596  0.469611  0.404619  0.448976  0.337011  0.274356  0.148659  0.548140  0.519695  0.907347  0.236831  0.126413  0.797509  0.423499  0.411147  0.503073  0.429623  0.416375  0.566943  0.416347  0.419931  0.748694  0.637015  0.425098  0.352060  0.511732  0.495380  0.415935  0.404868  0.318535  0.307820  0.558316  0.410882  0.093264  0.420624  0.821830  0.454216  0.353585  0.875767  0.428221  0.350973  0.147036  0.382522  0.310618  0.248061  0.425802  0.099102  0.517580  0.189768  0.401732  0.466626  0.231583  0.615623  0.413687  0.411690  0.368741  0.446590  0.369617  0.200532  0.425853  0.378858  0.128841  0.361457  0.474455  0.386415  0.599996  0.578170  0.438953  0.307285  0.229520  0.349501  0.166182  0.415307  0.256123  0.408306  0.721051  0.322499  0.353670  0.295028  0.208319  0.332553  0.386348  0.127132  0.563515  0.708477  0.708919  0.561040  0.334110  0.423941  0.325052  0.381968  0.349925  0.406276  0.234244  0.606990  0.436203  0.418070  0.298111  0.567529  0.405749  0.405447  0.387151  0.574509  0.360573  0.263210  0.093876  0.416346  0.598244  0.410276  0.413167  0.526165  0.370853  0.598008  0.467671  0.622967  0.297473  0.554550  0.543532  0.099258  0.369228  0.393151  0.093284  0.328534  0.387450  0.427099  0.508932  0.115410  0.438227  0.218184  0.401410  0.424512  0.321391  0.430792  0.565713  0.408922 
12  0.517307  0.146027  0.389860  0.270945  0.330824  0.425604  0.267745  0.369283  0.269229  0.820516  0.427202  0.289339 0.0  0.265241  0.524213  0.184151  0.444756  0.104565  0.338113  0.247730  0.492434  0.427018  0.193832  0.543559  0.307727  0.424893  0.324310  0.252461  0.275303  0.573198  0.314529  0.214818  0.347843  0.233175  0.493813  0.607103  0.420698  0.284430  0.473083  0.397580  0.514951  0.304980  0.265203  0.327934  0.575221  0.494513  0.448898  0.274837  0.289711  0.367795  0.422252  0.377707  0.401609  0.364067  0.472788  0.673391  0.720587  0.748149  0.337699  0.238256  0.586779  0.189222  0.221325  0.133326  0.150572  0.138878  0.307836  0.247958  0.347662  0.868586  0.178139  0.763974  0.424883  0.313822  0.678756  0.236888  0.150813  0.328785  0.217477  0.245864  0.391319  0.228795  0.350231  0.781557  0.482571  0.336298  0.261750  0.348132  0.299964  0.054380  0.090609  0.265733  0.128324  0.495369  0.279334  0.421016  0.186267  0.536453  0.172199  0.285609  0.411607  0.342988  0.326299  0.333390  0.336805  0.419842  0.301270  0.205315  0.403093  0.901258  0.297765  0.340337  0.293015  0.295436  0.522995  0.306413  0.068484  0.503248  0.499007  0.088323  0.202040  0.317903  0.315355  0.298513  0.270564  0.303157  0.164068  0.729630  0.483938  0.475720  0.222914  0.231003  0.383942  0.429779  0.000000  0.656284  0.000000  0.727072  0.103744  0.138660  0.451422  0.501402  0.000000  0.180406  0.294255  0.784966  0.490890  0.534121  0.412019  0.234112  0.378819  0.158723  0.583709  0.172543  0.151421  0.335768  0.411263  0.159673  0.251004  0.424515  0.278078  0.182620  0.216471  0.197390  0.218384  0.265653  0.204193  0.237056  0.278739  0.645565  0.574271  0.317331  0.440797  0.132069  0.426727  0.149929  0.319883  0.364049  0.702438  0.488766  0.527118  0.263005  0.198903  0.465719  0.382153  0.171218  0.397268  0.404321  0.444323  0.420861  0.241808  0.220413  0.463833  0.233587  0.234908  0.745375  0.226040 
13  0.264810  0.321972  0.201482  0.269725  0.253440  0.531370  0.266162  0.362561  0.179616  0.658887  0.284492  0.261167  0.265241 0.0  0.436938  0.260441  0.266159  0.215699  0.364486  0.277344  0.428116  0.268079  0.207794  0.480908  0.216560  0.381504  0.305973  0.201742  0.323214  0.438224  0.250638  0.184479  0.320629  0.299054  0.112767  0.642093  0.408514  0.171087  0.213717  0.179811  0.491895  0.160186  0.293848  0.304670  0.462688  0.280980  0.168667  0.454629  0.311456  0.303539  0.234207  0.167429  0.299940  0.199172  0.307548  0.684523  0.626895  0.509586  0.248121  0.253764  0.458596  0.179082  0.293577  0.198400  0.356408  0.363253  0.233423  0.329992  0.205253  0.660893  0.400696  0.711873  0.257589  0.246757  0.685320  0.216888  0.294509  0.147845  0.310861  0.277252  0.502262  0.276586  0.346859  0.559141  0.396830  0.260846  0.249997  0.215151  0.290960  0.275036  0.221083  0.317971  0.314114  0.386682  0.232676  0.290114  0.272394  0.692011  0.236768  0.355310  0.626668  0.232708  0.397425  0.225162  0.290546  0.316817  0.178440  0.251147  0.326857  0.707828  0.309485  0.298023  0.347500  0.281614  0.432608  0.281325  0.244566  0.329544  0.357004  0.242232  0.363792  0.277546  0.274673  0.194758  0.294784  0.218126  0.110233  0.667108  0.454627  0.303660  0.302439  0.249528  0.241048  0.360346  0.217455  0.489453  0.322901  0.700922  0.192119  0.224991  0.253951  0.184958  0.179688  0.316510  0.235933  0.654661  0.714401  0.613965  0.519512  0.235476  0.163243  0.292685  0.469856  0.278293  0.316853  0.268140  0.449669  0.308507  0.382855  0.260382  0.487623  0.228760  0.250458  0.296871  0.456345  0.189898  0.314472  0.334602  0.291090  0.448926  0.396365  0.253562  0.440898  0.228948  0.440810  0.269810  0.473384  0.202937  0.657891  0.453610  0.227755  0.301129  0.299532  0.378466  0.207097  0.185435  0.263127  0.183140  0.254871  0.494795  0.234262  0.294640  0.383662  0.299381  0.244331  0.631791  0.255849 
14  0.513794  0.554412  0.506080  0.510828  0.514470  0.519676  0.496763  0.498285  0.473315  0.402174  0.579620  0.405654  0.524213  0.436938 0.0  0.486436  0.401267  0.478189  0.513370  0.472297  0.456866  0.433536  0.496777  0.513700  0.451245  0.463412  0.515648  0.288007  0.350304  0.534758  0.457894  0.440687  0.448339  0.502454  0.468743  0.423672  0.389091  0.456668  0.396240  0.397612  0.440042  0.435405  0.482392  0.443633  0.518088  0.384229  0.489974  0.496553  0.540542  0.477840  0.492685  0.489841  0.502709  0.543422  0.404372  0.374459  0.466823  0.521014  0.497468  0.433112  0.547448  0.493612  0.460967  0.510903  0.488377  0.457679  0.447228  0.485884  0.482609  0.455414  0.504355  0.471021  0.455366  0.461317  0.391504  0.411734  0.475951  0.569050  0.428561  0.487810  0.407063  0.437987  0.370534  0.444406  0.395109  0.488568  0.515411  0.542073  0.552438  0.447969  0.462429  0.463171  0.493755  0.412089  0.373798  0.443803  0.500228  0.561882  0.446172  0.510997  0.428408  0.366823  0.406260  0.431486  0.430340  0.496890  0.589369  0.434850  0.427071  0.471821  0.442782  0.435403  0.463638  0.628957  0.486217  0.441871  0.529808  0.506488  0.432006  0.481026  0.453351  0.455059  0.599573  0.491003  0.501917  0.457615  0.509439  0.517837  0.453625  0.511183  0.427608  0.461129  0.521477  0.480726  0.472491  0.469153  0.538377  0.451961  0.491979  0.529668  0.586798  0.371701  0.453957  0.400012  0.490448  0.344681  0.524095  0.430928  0.441930  0.362314  0.654872  0.495798  0.412728  0.449568  0.496814  0.433806  0.546550  0.495573  0.442655  0.541996  0.437818  0.413973  0.484665  0.420065  0.524074  0.522867  0.453704  0.496524  0.445370  0.504438  0.475914  0.554808  0.359846  0.475723  0.354499  0.494079  0.400341  0.478418  0.455248  0.483408  0.461292  0.487080  0.564871  0.443420  0.436993  0.471956  0.400308  0.544071  0.426416  0.466710  0.472941  0.483977  0.467484  0.385917  0.571852  0.514016  0.590343 
15  0.469863  0.220848  0.364632  0.184453  0.279617  0.394581  0.240564  0.287611  0.416659  0.868291  0.502374  0.298092  0.184151  0.260441  0.486436 0.0  0.377779  0.180621  0.315640  0.190746  0.542837  0.466879  0.299040  0.562177  0.406845  0.355877  0.189177  0.242448  0.338461  0.482312  0.137620  0.141550  0.275145  0.336998  0.487470  0.492327  0.428086  0.293471  0.450177  0.343048  0.431176  0.299523  0.391175  0.269688  0.613404  0.263453  0.291766  0.227916  0.208615  0.363825  0.497599  0.287647  0.410991  0.417794  0.528724  0.683916  0.737549  0.610780  0.429952  0.368634  0.551381  0.293957  0.210921  0.245978  0.211682  0.198080  0.365336  0.207777  0.323474  0.682827  0.235102  0.767743  0.411597  0.337739  0.793821  0.128562  0.186913  0.261780  0.304909  0.214942  0.474882  0.238902  0.412500  0.815345  0.461418  0.333643  0.228474  0.289201  0.414999  0.102294  0.000000  0.188469  0.248333  0.433298  0.132082  0.308647  0.185161  0.513909  0.207361  0.249704  0.466395  0.339767  0.459757  0.346996  0.296935  0.353587  0.365090  0.364744  0.350348  0.878006  0.305931  0.332114  0.244530  0.160238  0.614489  0.321171  0.246464  0.294403  0.534106  0.139359  0.230478  0.382639  0.311155  0.330833  0.194391  0.305662  0.061505  0.772979  0.556758  0.438736  0.149751  0.266322  0.186684  0.491869  0.094578  0.637583  0.064439  0.803082  0.199047  0.326134  0.265495  0.446950  0.058360  0.147170  0.320276  0.703765  0.587693  0.647507  0.503324  0.246027  0.344678  0.176462  0.511664  0.315205  0.171593  0.260656  0.418885  0.194485  0.187689  0.440868  0.260324  0.248323  0.118536  0.142416  0.243538  0.342317  0.251973  0.288120  0.272930  0.643603  0.610529  0.306596  0.419712  0.193659  0.399632  0.106992  0.473954  0.318015  0.700077  0.342198  0.398640  0.303994  0.152552  0.329868  0.441014  0.207698  0.309953  0.319156  0.350462  0.420926  0.171885  0.244648  0.503389  0.169961  0.395123  0.681976  0.271785 
16  0.079674  0.298455  0.438104  0.322471  0.239968  0.468593  0.220417  0.408286  0.389830  0.579107  0.355692  0.124181  0.444756  0.266159  0.401267  0.377779 0.0  0.334022  0.220463  0.308321  0.685210  0.395481  0.222379  0.662972  0.342083  0.449931  0.318770  0.280410  0.050064  0.550916  0.318911  0.363619  0.452708  0.252162  0.038224  0.773107  0.341871  0.479793  0.066332  0.424734  0.540689  0.317407  0.462139  0.135417  0.622146  0.198325  0.127049  0.502695  0.312020  0.436057  0.000000  0.235161  0.000000  0.377949  0.093672  0.808436  0.607576  0.875112  0.345131  0.287315  0.384549  0.338457  0.171691  0.386024  0.346133  0.285325  0.323462  0.217019  0.296871  0.431163  0.261885  0.678864  0.125028  0.044840  0.843083  0.286480  0.332294  0.292043  0.295799  0.316048  0.447752  0.341823  0.269858  0.890295  0.670040  0.399050  0.249358  0.338200  0.468041  0.394076  0.235640  0.404148  0.236880  0.427437  0.222622  0.159696  0.441400  0.753151  0.311341  0.233524  0.672429  0.346907  0.429594  0.255295  0.398434  0.407661  0.103989  0.514807  0.083333  0.548456  0.130034  0.451772  0.485192  0.061593  0.690457  0.254560  0.357586  0.308440  0.417750  0.303430  0.224801  0.413009  0.379922  0.152641  0.340985  0.550822  0.271424  0.542792  0.436383  0.375638  0.334529  0.210359  0.371288  0.083313  0.263524  0.381944  0.267698  0.809675  0.353126  0.355124  0.340188  0.083857  0.423292  0.349837  0.027053  0.659666  0.806775  0.708371  0.451997  0.266125  0.370865  0.438573  0.254506  0.287656  0.307973  0.232635  0.555276  0.364811  0.387626  0.485652  0.492714  0.286869  0.258377  0.378241  0.524813  0.279563  0.165651  0.168298  0.538543  0.583042  0.434287  0.388271  0.579020  0.432328  0.500496  0.343857  0.557936  0.255558  0.645768  0.638173  0.082401  0.479630  0.370473  0.119349  0.433565  0.333344  0.324655  0.257244  0.209911  0.428882  0.270930  0.311183  0.461344  0.344392  0.251401  0.401246  0.314922 
17  0.435778  0.231577  0.308582  0.149170  0.452911  0.539792  0.198969  0.177408  0.300672  0.794395  0.404228  0.384041  0.104565  0.215699  0.478189  0.180621  0.334022 0.0  0.403155  0.168611  0.477380  0.510272  0.176362  0.575600  0.362008  0.431341  0.285925  0.153679  0.334936  0.588199  0.131539  0.124426  0.369279  0.267623  0.443380  0.530713  0.270714  0.406754  0.472495  0.374221  0.521240  0.337731  0.289399  0.249050  0.526685  0.308380  0.429533  0.211332  0.316619  0.327107  0.304042  0.274456  0.483942  0.268953  0.413844  0.724552  0.770357  0.776224  0.364118  0.285888  0.641797  0.167601  0.246922  0.247234  0.162682  0.135613  0.471838  0.241920  0.365681  0.687205  0.228898  0.749541  0.425633  0.328658  0.780740  0.225014  0.266204  0.359390  0.171411  0.175130  0.407507  0.264103  0.392216  0.785412  0.572326  0.247391  0.276958  0.290378  0.301822  0.007731  0.046044  0.089960  0.248441  0.536169  0.241068  0.399661  0.198678  0.513224  0.252827  0.314602  0.443812  0.368471  0.469528  0.307706  0.394844  0.388273  0.409042  0.239697  0.371069  0.689808  0.209374  0.268701  0.321358  0.201880  0.565796  0.410267  0.355642  0.452363  0.461849  0.055647  0.214270  0.251553  0.321624  0.306172  0.262767  0.419048  0.286019  0.752592  0.406397  0.426351  0.000000  0.153969  0.356683  0.463163  0.000000  0.638847  0.027162  0.801470  0.241184  0.202498  0.355403  0.441841  0.091354  0.237901  0.313054  0.743169  0.539774  0.623885  0.478982  0.100614  0.272826  0.243339  0.550215  0.100497  0.263749  0.299178  0.380210  0.274862  0.151737  0.356834  0.311718  0.133994  0.281509  0.199121  0.188299  0.214352  0.271115  0.374619  0.342366  0.625841  0.498879  0.293813  0.473591  0.143796  0.365284  0.195317  0.422444  0.227159  0.852176  0.292923  0.502573  0.389524  0.161641  0.369485  0.464585  0.186852  0.374223  0.303410  0.452874  0.463967  0.348145  0.254523  0.456558  0.044213  0.395259  0.716089  0.228080 
18  0.082765  0.295327  0.327791  0.336002  0.076852  0.448576  0.312973  0.459641  0.453117  0.531966  0.398491  0.154496  0.338113  0.364486  0.513370  0.315640  0.220463  0.403155 0.0  0.345264  0.470841  0.388436  0.271735  0.624453  0.437344  0.368451  0.351304  0.275956  0.045654  0.720417  0.468934  0.223308  0.345797  0.209562  0.097090  0.931153  0.247670  0.392883  0.133517  0.391237  0.520655  0.393952  0.366737  0.164453  0.643085  0.038046  0.155242  0.670116  0.419898  0.427742  0.125349  0.372314  0.092685  0.353003  0.019519  0.604844  0.434359  0.664577  0.360799  0.255541  0.358081  0.327981  0.321980  0.306119  0.360735  0.283692  0.487327  0.193184  0.087863  0.426559  0.233692  0.884406  0.071844  0.065894  0.791782  0.388937  0.232988  0.329265  0.400149  0.285573  0.569273  0.388246  0.385785  0.818473  0.491491  0.557712  0.318909  0.487415  0.366392  0.440399  0.439282  0.394971  0.254861  0.476684  0.245912  0.001171  0.456841  0.803554  0.321237  0.510186  0.868317  0.445696  0.409811  0.158337  0.329380  0.431051  0.035660  0.440489  0.101772  0.505125  0.121211  0.272147  0.284105  0.335528  0.453247  0.389346  0.270772  0.338865  0.403188  0.450871  0.290204  0.438800  0.347086  0.007552  0.331737  0.298138  0.286169  0.465785  0.511756  0.407574  0.446119  0.208409  0.409521  0.000000  0.463021  0.326397  0.351370  0.658978  0.242892  0.366134  0.437195  0.015713  0.314254  0.297618  0.149274  0.572553  0.754610  0.668813  0.456403  0.392385  0.525958  0.417019  0.364368  0.338436  0.335499  0.304627  0.588828  0.453847  0.343949  0.327807  0.556042  0.314136  0.363966  0.315238  0.622469  0.253942  0.248233  0.126633  0.314688  0.577438  0.684158  0.293621  0.479898  0.307174  0.545020  0.272079  0.617179  0.280941  0.479986  0.555164  0.058237  0.290069  0.391175  0.082538  0.406020  0.292870  0.464239  0.353676  0.206356  0.381050  0.302665  0.283161  0.366260  0.302837  0.315261  0.510190  0.418896 
19  0.444286  0.240766  0.402015  0.151567  0.306834  0.436566  0.222879  0.402977  0.265690  0.795705  0.413083  0.504471  0.247730  0.277344  0.472297  0.190746  0.308321  0.168611  0.345264 0.0  0.474319  0.396352  0.259530  0.497593  0.529665  0.459521  0.324109  0.222630  0.283455  0.557294  0.264326  0.247076  0.417344  0.225890  0.456489  0.472317  0.434937  0.402489  0.492405  0.457099  0.445915  0.254301  0.334318  0.227385  0.533457  0.300615  0.375971  0.249285  0.402746  0.293616  0.463856  0.278914  0.410538  0.306754  0.456093  0.680435  0.696122  0.698589  0.199369  0.243009  0.606485  0.295592  0.181880  0.191987  0.166078  0.218270  0.365453  0.197304  0.314929  0.583130  0.187996  0.768087  0.498870  0.327803  0.751038  0.219224  0.184239  0.366538  0.188334  0.284488  0.493830  0.259746  0.168495  0.744383  0.638382  0.334428  0.253187  0.300609  0.381791  0.073158  0.036721  0.040335  0.207469  0.299665  0.078405  0.268314  0.162423  0.481057  0.295836  0.311549  0.493387  0.281337  0.347702  0.269304  0.327654  0.333774  0.340548  0.361031  0.392335  0.773471  0.373086  0.427253  0.185212  0.246783  0.493709  0.235878  0.186816  0.350792  0.406849  0.188931  0.252225  0.287701  0.248938  0.459623  0.176241  0.355325  0.199239  0.753368  0.434241  0.333209  0.030957  0.309815  0.295496  0.506225  0.051088  0.595524  0.059365  0.672545  0.207050  0.287142  0.365994  0.465630  0.010628  0.185721  0.334627  0.716446  0.657912  0.671762  0.417128  0.252783  0.277382  0.074448  0.685059  0.249032  0.147310  0.233510  0.378339  0.173062  0.129262  0.317855  0.236591  0.339475  0.186266  0.112910  0.278776  0.294743  0.283225  0.290048  0.371597  0.614513  0.571550  0.351766  0.461158  0.129694  0.426443  0.133873  0.187666  0.341609  0.878033  0.420918  0.481245  0.384662  0.236932  0.337901  0.392359  0.200165  0.392850  0.308437  0.405225  0.463214  0.212972  0.139273  0.473948  0.173608  0.324644  0.660018  0.117084 
