44
0 0.0  0.578762  0.123949  0.604232  0.434781  0.675523  0.822246  0.800143  0.529636  0.000000  0.431346  0.866042  0.317982  0.801552  0.446006  0.302912  0.688553  0.392972  0.338124  0.643824  0.219176  0.988416  0.625662  0.131207  0.718910  0.458519  0.283166  0.344654  0.339609  0.482147  0.791993  0.458180  0.848435  0.758610  0.426153  0.789759  0.819954  0.467598  0.399573  0.344459  0.665427  0.341990  0.475907  0.866264 
1  0.578762 0.0  0.515756  0.116213  0.816220  0.214243  0.471189  0.392664  0.803677  0.540044  0.471913  0.459896  0.683267  0.775602  0.408965  0.836450  0.128073  0.656354  0.734417  0.585976  0.582750  0.895094  0.605412  0.589530  0.626066  0.917140  0.739341  0.724821  0.610816  0.945135  0.499938  0.782997  0.469234  0.377000  0.646478  0.463127  0.286475  0.828433  0.915158  0.729181  0.509120  0.760113  0.535262  0.486157 
2  0.123949  0.515756 0.0  0.636951  0.465600  0.718626  0.735879  0.949120  0.511660  0.098241  0.510925  0.877723  0.227965  0.794434  0.488067  0.316135  0.688262  0.303137  0.282622  0.572899  0.218962  0.976467  0.729331  0.227650  0.625830  0.436138  0.334556  0.275102  0.265061  0.468288  0.861677  0.545600  0.845537  0.787598  0.285984  0.893658  0.727470  0.424310  0.506553  0.312884  0.607661  0.358870  0.637595  0.841849 
3  0.604232  0.116213  0.636951 0.0  0.849284  0.269729  0.340096  0.412546  0.778314  0.476010  0.432172  0.507623  0.748978  0.815417  0.580253  0.693176  0.307107  0.683890  0.747493  0.580034  0.622849  0.876632  0.675291  0.679894  0.615765  0.878055  0.699690  0.654493  0.658207  0.924516  0.375966  0.936934  0.427967  0.346006  0.642641  0.433072  0.294586  0.861558  0.893581  0.706569  0.613329  0.809716  0.616752  0.400038 
4  0.434781  0.816220  0.465600  0.849284 0.0  0.834091  0.796366  0.668009  0.258235  0.246815  0.468318  0.552827  0.089893  0.749438  0.404236  0.104991  0.636491  0.287091  0.352526  0.872409  0.457753  0.716968  0.316322  0.455655  0.350048  0.313331  0.325909  0.244237  0.524161  0.270748  0.612427  0.139637  0.633871  0.798869  0.277148  0.601546  0.429501  0.061018  0.151965  0.271490  0.637501  0.126243  0.386508  0.601247 
5  0.675523  0.214243  0.718626  0.269729  0.834091 0.0  0.363250  0.493268  0.854091  0.569894  0.407306  0.495065  0.623397  0.810186  0.524751  0.732768  0.201593  0.729227  0.656815  0.652270  0.637933  0.892289  0.484183  0.638926  0.690722  0.978926  0.755738  0.699759  0.559309  0.876427  0.432332  0.856215  0.484176  0.415141  0.663303  0.500652  0.283147  0.754127  0.841903  0.682431  0.491136  0.683123  0.532166  0.532507 
6  0.822246  0.471189  0.735879  0.340096  0.796366  0.363250 0.0  0.405988  0.881831  0.969850  0.499240  0.460266  0.848742  0.538891  0.352960  0.766520  0.276746  0.553372  0.714883  0.852975  0.853742  0.801968  0.614725  0.742830  0.633639  0.840198  0.521428  0.719651  0.702794  0.775393  0.360572  0.825353  0.350671  0.171408  0.505992  0.386151  0.464354  0.860173  0.704310  0.731975  0.332184  0.878629  0.532227  0.407114 
7  0.800143  0.392664  0.949120  0.412546  0.668009  0.493268  0.405988 0.0  0.569069  0.699777  0.551975  0.200247  0.347266  0.814847  0.385100  0.433772  0.343129  0.773628  0.600581  0.818971  0.738144  0.625726  0.405300  0.820151  0.290771  0.608692  0.726975  0.584585  0.852568  0.641532  0.258414  0.553001  0.269825  0.371987  0.754684  0.177578  0.196160  0.625398  0.550418  0.652403  0.493109  0.454993  0.247090  0.285087 
8  0.529636  0.803677  0.511660  0.778314  0.258235  0.854091  0.881831  0.569069 0.0  0.291701  0.439723  0.526368  0.036467  0.920202  0.496614  0.069062  0.667650  0.318655  0.314893  0.897591  0.437043  0.606465  0.335406  0.470380  0.413367  0.184834  0.336840  0.288669  0.383563  0.176214  0.619127  0.286677  0.553061  0.724686  0.327255  0.608446  0.516117  0.118898  0.184762  0.301797  0.639268  0.043039  0.385445  0.656856 
9  0.000000  0.540044  0.098241  0.476010  0.246815  0.569894  0.969850  0.699777  0.291701 0.0  0.474625  0.681411  0.326518  0.774054  0.456302  0.383333  0.748060  0.474779  0.207167  0.420072  0.089231  0.699598  0.565937  0.101468  0.577365  0.256381  0.347773  0.377581  0.000000  0.331148  0.745976  0.351683  0.704863  0.748150  0.356444  0.788044  0.799263  0.233206  0.405036  0.180287  0.613419  0.388748  0.521948  0.843965 
10  0.431346  0.471913  0.510925  0.432172  0.468318  0.407306  0.499240  0.551975  0.439723  0.474625 0.0  0.503707  0.547216  0.496034  0.457280  0.393403  0.489211  0.438379  0.422955  0.517485  0.437308  0.536047  0.605182  0.451886  0.469066  0.440463  0.390988  0.445455  0.456268  0.472648  0.436258  0.440811  0.438120  0.503375  0.418118  0.434567  0.512456  0.572814  0.499107  0.463199  0.559460  0.431308  0.474334  0.478228 
11  0.866042  0.459896  0.877723  0.507623  0.552827  0.495065  0.460266  0.200247  0.526368  0.681411  0.503707 0.0  0.379290  0.747364  0.423565  0.447937  0.246744  0.696059  0.587831  0.837762  0.921375  0.620115  0.416594  0.879473  0.399067  0.661492  0.759987  0.555496  0.789086  0.609945  0.266194  0.522007  0.188956  0.383979  0.734933  0.187339  0.080562  0.560879  0.545976  0.566209  0.590097  0.449282  0.166907  0.115385 
12  0.317982  0.683267  0.227965  0.748978  0.089893  0.623397  0.848742  0.347266  0.036467  0.326518  0.547216  0.379290 0.0  0.709627  0.436530  0.188841  0.763872  0.310344  0.306309  0.627696  0.249957  0.403449  0.195094  0.305055  0.287064  0.152866  0.231753  0.189397  0.339726  0.000000  0.568656  0.155671  0.443691  0.795732  0.234986  0.462962  0.440127  0.067434  0.051591  0.181603  0.547892  0.139480  0.470188  0.394819 
13  0.801552  0.775602  0.794434  0.815417  0.749438  0.810186  0.538891  0.814847  0.920202  0.774054  0.496034  0.747364  0.709627 0.0  0.442246  0.903636  0.698794  0.495014  0.625848  0.438902  0.844082  0.440807  0.680052  0.900064  0.652319  0.814492  0.588229  0.736778  0.786806  0.782744  0.740012  0.784434  0.757024  0.455784  0.533429  0.696886  0.684570  0.870080  0.841108  0.635331  0.328501  0.764431  0.626589  0.803290 
14  0.446006  0.408965  0.488067  0.580253  0.404236  0.524751  0.352960  0.385100  0.496614  0.456302  0.457280  0.423565  0.436530  0.442246 0.0  0.479405  0.442031  0.406251  0.508136  0.414387  0.516211  0.384183  0.389114  0.500539  0.377533  0.493297  0.491627  0.534180  0.544184  0.506142  0.514469  0.489028  0.461284  0.439734  0.460260  0.427271  0.506588  0.333239  0.520427  0.526944  0.486616  0.466401  0.403681  0.459475 
15  0.302912  0.836450  0.316135  0.693176  0.104991  0.732768  0.766520  0.433772  0.069062  0.383333  0.393403  0.447937  0.188841  0.903636  0.479405 0.0  0.727137  0.267494  0.243710  0.749855  0.300235  0.482591  0.321950  0.381065  0.209516  0.090660  0.297838  0.254913  0.280457  0.033166  0.372654  0.025522  0.394665  0.770518  0.249086  0.485850  0.371926  0.099895  0.026723  0.325213  0.589195  0.137763  0.329903  0.411677 
16  0.688553  0.128073  0.688262  0.307107  0.636491  0.201593  0.276746  0.343129  0.667650  0.748060  0.489211  0.246744  0.763872  0.698794  0.442031  0.727137 0.0  0.720771  0.529128  0.629174  0.736154  0.624983  0.488427  0.733362  0.569239  0.663278  0.703165  0.779162  0.721607  0.643913  0.306704  0.609443  0.350854  0.236151  0.580623  0.171808  0.300137  0.725090  0.698541  0.687620  0.487665  0.577697  0.393333  0.372167 
17  0.392972  0.656354  0.303137  0.683890  0.287091  0.729227  0.553372  0.773628  0.318655  0.474779  0.438379  0.696059  0.310344  0.495014  0.406251  0.267494  0.720771 0.0  0.259962  0.728912  0.352442  0.813948  0.523593  0.390475  0.569116  0.246608  0.275892  0.267676  0.328133  0.330139  0.737823  0.325370  0.840448  0.477768  0.023819  0.754913  0.641696  0.271593  0.420544  0.308027  0.349818  0.339351  0.415434  0.707758 
18  0.338124  0.734417  0.282622  0.747493  0.352526  0.656815  0.714883  0.600581  0.314893  0.207167  0.422955  0.587831  0.306309  0.625848  0.508136  0.243710  0.529128  0.259962 0.0  0.586299  0.343913  0.712071  0.545102  0.232605  0.465852  0.180807  0.254791  0.219945  0.291239  0.239205  0.672714  0.284316  0.720132  0.611817  0.175518  0.652675  0.628855  0.229998  0.287351  0.286974  0.551173  0.250487  0.527252  0.811294 
19  0.643824  0.585976  0.572899  0.580034  0.872409  0.652270  0.852975  0.818971  0.897591  0.420072  0.517485  0.837762  0.627696  0.438902  0.414387  0.749855  0.629174  0.728912  0.586299 0.0  0.630992  0.458405  0.627145  0.653304  0.551295  0.882675  0.661793  0.590776  0.592022  0.833730  0.933747  0.865392  0.844468  0.759898  0.767579  0.789837  0.693845  0.837733  0.768178  0.604967  0.566903  0.649839  0.493542  0.828046 
20  0.219176  0.582750  0.218962  0.622849  0.457753  0.637933  0.853742  0.738144  0.437043  0.089231  0.437308  0.921375  0.249957  0.844082  0.516211  0.300235  0.736154  0.352442  0.343913  0.630992 0.0  0.870167  0.762663  0.107189  0.727928  0.473652  0.431947  0.258019  0.308780  0.404389  0.870203  0.451843  0.908049  0.795376  0.430861  0.841731  0.751044  0.432568  0.502232  0.249085  0.623524  0.199310  0.542342  0.790431 
21  0.988416  0.895094  0.976467  0.876632  0.716968  0.892289  0.801968  0.625726  0.606465  0.699598  0.536047  0.620115  0.403449  0.440807  0.384183  0.482591  0.624983  0.813948  0.712071  0.458405  0.870167 0.0  0.451631  0.900003  0.385817  0.597949  0.719619  0.646985  0.887897  0.537118  0.612179  0.665182  0.681743  0.695697  0.705762  0.578584  0.434317  0.546212  0.565879  0.693165  0.515191  0.472273  0.220882  0.523058 
22  0.625662  0.605412  0.729331  0.675291  0.316322  0.484183  0.614725  0.405300  0.335406  0.565937  0.605182  0.416594  0.195094  0.680052  0.389114  0.321950  0.488427  0.523593  0.545102  0.627145  0.762663  0.451631 0.0  0.751418  0.464037  0.398738  0.611421  0.494206  0.716016  0.368741  0.381617  0.340341  0.433506  0.640707  0.609821  0.485454  0.337352  0.337756  0.368564  0.413433  0.685704  0.155336  0.289466  0.373019 
23  0.131207  0.589530  0.227650  0.679894  0.455655  0.638926  0.742830  0.820151  0.470380  0.101468  0.451886  0.879473  0.305055  0.900064  0.500539  0.381065  0.733362  0.390475  0.232605  0.653304  0.107189  0.900003  0.751418 0.0  0.616191  0.453677  0.338683  0.215819  0.221292  0.342991  0.824880  0.501604  0.818293  0.821830  0.436021  0.800431  0.751492  0.394226  0.549417  0.317341  0.720969  0.337499  0.603975  0.932901 
24  0.718910  0.626066  0.625830  0.615765  0.350048  0.690722  0.633639  0.290771  0.413367  0.577365  0.469066  0.399067  0.287064  0.652319  0.377533  0.209516  0.569239  0.569116  0.465852  0.551295  0.727928  0.385817  0.464037  0.616191 0.0  0.427243  0.488009  0.446955  0.647896  0.365965  0.315425  0.350735  0.469870  0.562145  0.517460  0.323914  0.352408  0.353862  0.455643  0.488883  0.659654  0.217610  0.345306  0.344383 
25  0.458519  0.917140  0.436138  0.878055  0.313331  0.978926  0.840198  0.608692  0.184834  0.256381  0.440463  0.661492  0.152866  0.814492  0.493297  0.090660  0.663278  0.246608  0.180807  0.882675  0.473652  0.597949  0.398738  0.453677  0.427243 0.0  0.325146  0.258985  0.442321  0.181487  0.540015  0.180042  0.449330  0.778726  0.426731  0.501680  0.344967  0.141291  0.178922  0.346268  0.605385  0.106568  0.271214  0.542780 
26  0.283166  0.739341  0.334556  0.699690  0.325909  0.755738  0.521428  0.726975  0.336840  0.347773  0.390988  0.759987  0.231753  0.588229  0.491627  0.297838  0.703165  0.275892  0.254791  0.661793  0.431947  0.719619  0.611421  0.338683  0.488009  0.325146 0.0  0.250246  0.256612  0.420540  0.758896  0.325146  0.715154  0.568923  0.124972  0.839257  0.744122  0.298036  0.288356  0.347228  0.144054  0.219106  0.567983  0.772731 
27  0.344654  0.724821  0.275102  0.654493  0.244237  0.699759  0.719651  0.584585  0.288669  0.377581  0.445455  0.555496  0.189397  0.736778  0.534180  0.254913  0.779162  0.267676  0.219945  0.590776  0.258019  0.646985  0.494206  0.215819  0.446955  0.258985  0.250246 0.0  0.185972  0.361507  0.627466  0.281352  0.609605  0.691265  0.195002  0.766122  0.715312  0.159003  0.309568  0.289977  0.354322  0.237775  0.527804  0.625245 
28  0.339609  0.610816  0.265061  0.658207  0.524161  0.559309  0.702794  0.852568  0.383563  0.000000  0.456268  0.789086  0.339726  0.786806  0.544184  0.280457  0.721607  0.328133  0.291239  0.592022  0.308780  0.887897  0.716016  0.221292  0.647896  0.442321  0.256612  0.185972 0.0  0.445244  0.784388  0.564028  0.828172  0.842655  0.307543  0.866932  0.692753  0.421409  0.418768  0.349606  0.650492  0.280674  0.613268  1.000000 
29  0.482147  0.945135  0.468288  0.924516  0.270748  0.876427  0.775393  0.641532  0.176214  0.331148  0.472648  0.609945  0.000000  0.782744  0.506142  0.033166  0.643913  0.330139  0.239205  0.833730  0.404389  0.537118  0.368741  0.342991  0.365965  0.181487  0.420540  0.361507  0.445244 0.0  0.613260  0.229893  0.564156  0.772872  0.308966  0.660753  0.621742  0.280796  0.220668  0.206208  0.602124  0.070297  0.385323  0.481545 
30  0.791993  0.499938  0.861677  0.375966  0.612427  0.432332  0.360572  0.258414  0.619127  0.745976  0.436258  0.266194  0.568656  0.740012  0.514469  0.372654  0.306704  0.737823  0.672714  0.933747  0.870203  0.612179  0.381617  0.824880  0.315425  0.540015  0.758896  0.627466  0.784388  0.613260 0.0  0.592092  0.170021  0.318109  0.695205  0.167544  0.062819  0.593087  0.591181  0.733931  0.555261  0.326946  0.277163  0.219300 
31  0.458180  0.782997  0.545600  0.936934  0.139637  0.856215  0.825353  0.553001  0.286677  0.351683  0.440811  0.522007  0.155671  0.784434  0.489028  0.025522  0.609443  0.325370  0.284316  0.865392  0.451843  0.665182  0.340341  0.501604  0.350735  0.180042  0.325146  0.281352  0.564028  0.229893  0.592092 0.0  0.583902  0.782483  0.366682  0.577264  0.375374  0.277607  0.202608  0.231058  0.668185  0.156141  0.207615  0.664622 
32  0.848435  0.469234  0.845537  0.427967  0.633871  0.484176  0.350671  0.269825  0.553061  0.704863  0.438120  0.188956  0.443691  0.757024  0.461284  0.394665  0.350854  0.840448  0.720132  0.844468  0.908049  0.681743  0.433506  0.818293  0.469870  0.449330  0.715154  0.609605  0.828172  0.564156  0.170021  0.583902 0.0  0.390882  0.730936  0.235914  0.000000  0.604182  0.653540  0.677487  0.674505  0.584472  0.126180  0.230097 
33  0.758610  0.377000  0.787598  0.346006  0.798869  0.415141  0.171408  0.371987  0.724686  0.748150  0.503375  0.383979  0.795732  0.455784  0.439734  0.770518  0.236151  0.477768  0.611817  0.759898  0.795376  0.695697  0.640707  0.821830  0.562145  0.778726  0.568923  0.691265  0.842655  0.772872  0.318109  0.782483  0.390882 0.0  0.505801  0.259684  0.455300  0.775114  0.839760  0.618068  0.284798  0.751273  0.484017  0.321833 
34  0.426153  0.646478  0.285984  0.642641  0.277148  0.663303  0.505992  0.754684  0.327255  0.356444  0.418118  0.734933  0.234986  0.533429  0.460260  0.249086  0.580623  0.023819  0.175518  0.767579  0.430861  0.705762  0.609821  0.436021  0.517460  0.426731  0.124972  0.195002  0.307543  0.308966  0.695205  0.366682  0.730936  0.505801 0.0  0.755162  0.683551  0.342599  0.448724  0.307981  0.418313  0.358656  0.508197  0.761104 
35  0.789759  0.463127  0.893658  0.433072  0.601546  0.500652  0.386151  0.177578  0.608446  0.788044  0.434567  0.187339  0.462962  0.696886  0.427271  0.485850  0.171808  0.754913  0.652675  0.789837  0.841731  0.578584  0.485454  0.800431  0.323914  0.501680  0.839257  0.766122  0.866932  0.660753  0.167544  0.577264  0.235914  0.259684  0.755162 0.0  0.000000  0.506905  0.565003  0.668866  0.659442  0.469859  0.293938  0.148141 
36  0.819954  0.286475  0.727470  0.294586  0.429501  0.283147  0.464354  0.196160  0.516117  0.799263  0.512456  0.080562  0.440127  0.684570  0.506588  0.371926  0.300137  0.641696  0.628855  0.693845  0.751044  0.434317  0.337352  0.751492  0.352408  0.344967  0.744122  0.715312  0.692753  0.621742  0.062819  0.375374  0.000000  0.455300  0.683551  0.000000 0.0  0.499105  0.480240  0.594450  0.561493  0.445447  0.223827  0.036142 
37  0.467598  0.828433  0.424310  0.861558  0.061018  0.754127  0.860173  0.625398  0.118898  0.233206  0.572814  0.560879  0.067434  0.870080  0.333239  0.099895  0.725090  0.271593  0.229998  0.837733  0.432568  0.546212  0.337756  0.394226  0.353862  0.141291  0.298036  0.159003  0.421409  0.280796  0.593087  0.277607  0.604182  0.775114  0.342599  0.506905  0.499105 0.0  0.278871  0.233739  0.610118  0.090827  0.354405  0.591277 
38  0.399573  0.915158  0.506553  0.893581  0.151965  0.841903  0.704310  0.550418  0.184762  0.405036  0.499107  0.545976  0.051591  0.841108  0.520427  0.026723  0.698541  0.420544  0.287351  0.768178  0.502232  0.565879  0.368564  0.549417  0.455643  0.178922  0.288356  0.309568  0.418768  0.220668  0.591181  0.202608  0.653540  0.839760  0.448724  0.565003  0.480240  0.278871 0.0  0.248037  0.567978  0.097867  0.286240  0.637689 
39  0.344459  0.729181  0.312884  0.706569  0.271490  0.682431  0.731975  0.652403  0.301797  0.180287  0.463199  0.566209  0.181603  0.635331  0.526944  0.325213  0.687620  0.308027  0.286974  0.604967  0.249085  0.693165  0.413433  0.317341  0.488883  0.346268  0.347228  0.289977  0.349606  0.206208  0.733931  0.231058  0.677487  0.618068  0.307981  0.668866  0.594450  0.233739  0.248037 0.0  0.413164  0.333695  0.365438  0.755257 
40  0.665427  0.509120  0.607661  0.613329  0.637501  0.491136  0.332184  0.493109  0.639268  0.613419  0.559460  0.590097  0.547892  0.328501  0.486616  0.589195  0.487665  0.349818  0.551173  0.566903  0.623524  0.515191  0.685704  0.720969  0.659654  0.605385  0.144054  0.354322  0.650492  0.602124  0.555261  0.668185  0.674505  0.284798  0.418313  0.659442  0.561493  0.610118  0.567978  0.413164 0.0  0.513109  0.561860  0.643313 
41  0.341990  0.760113  0.358870  0.809716  0.126243  0.683123  0.878629  0.454993  0.043039  0.388748  0.431308  0.449282  0.139480  0.764431  0.466401  0.137763  0.577697  0.339351  0.250487  0.649839  0.199310  0.472273  0.155336  0.337499  0.217610  0.106568  0.219106  0.237775  0.280674  0.070297  0.326946  0.156141  0.584472  0.751273  0.358656  0.469859  0.445447  0.090827  0.097867  0.333695  0.513109 0.0  0.437264  0.495280 
42  0.475907  0.535262  0.637595  0.616752  0.386508  0.532166  0.532227  0.247090  0.385445  0.521948  0.474334  0.166907  0.470188  0.626589  0.403681  0.329903  0.393333  0.415434  0.527252  0.493542  0.542342  0.220882  0.289466  0.603975  0.345306  0.271214  0.567983  0.527804  0.613268  0.385323  0.277163  0.207615  0.126180  0.484017  0.508197  0.293938  0.223827  0.354405  0.286240  0.365438  0.561860  0.437264 0.0  0.296315 
43  0.866264  0.486157  0.841849  0.400038  0.601247  0.532507  0.407114  0.285087  0.656856  0.843965  0.478228  0.115385  0.394819  0.803290  0.459475  0.411677  0.372167  0.707758  0.811294  0.828046  0.790431  0.523058  0.373019  0.932901  0.344383  0.542780  0.772731  0.625245  1.000000  0.481545  0.219300  0.664622  0.230097  0.321833  0.761104  0.148141  0.036142  0.591277  0.637689  0.755257  0.643313  0.495280  0.296315 0.0 
