44
0 0.0  0.734679  0.651377  0.559799  0.265808  0.500867  0.732384  0.462971  0.305843  0.719863  0.911351  0.695914  0.758776  0.437302  0.216836  0.805888  0.724491  0.288668  0.353144  0.466418  0.158121  0.362755  0.508742  0.612996  0.808917  0.770054  0.321756  0.717811  0.706689  0.678960  0.733080  0.124852  0.471040  0.474245  0.668032  0.528293  0.259168  0.294682  0.690666  0.362731  0.446750  0.433005  0.384857  0.349143 
1  0.734679 0.0  0.340736  0.274228  0.667064  0.599928  0.048764  0.684250  0.735743  0.043425  0.253165  0.119503  0.325027  0.391662  0.831543  0.168567  0.407458  0.648624  0.754553  0.495244  0.770596  0.457382  0.343418  0.375763  0.318768  0.138395  0.500299  0.139813  0.189111  0.089539  0.286954  0.764044  0.780227  0.585047  0.085540  0.669114  0.803352  0.752323  0.140011  0.462163  0.838837  0.372324  0.810768  0.511849 
2  0.651377  0.340736 0.0  0.418878  0.393924  0.635891  0.291598  0.518794  0.425181  0.333675  0.581606  0.285285  0.648003  0.506493  0.638351  0.314142  0.575681  0.584580  0.459681  0.611581  0.581956  0.338569  0.580411  0.558451  0.615372  0.316846  0.324111  0.388087  0.552578  0.225414  0.559686  0.637213  0.513723  0.276714  0.352262  0.665450  0.582249  0.524436  0.483849  0.296431  0.687001  0.487817  0.574288  0.353663 
3  0.559799  0.274228  0.418878 0.0  0.485760  0.701831  0.285295  0.562450  0.475911  0.333118  0.686786  0.186696  0.637261  0.613659  0.586987  0.300555  0.541097  0.591436  0.599785  0.591399  0.512255  0.319700  0.562769  0.545861  0.532443  0.340133  0.380253  0.344304  0.444538  0.383676  0.650949  0.556498  0.570155  0.339272  0.325010  0.561769  0.542300  0.515282  0.534021  0.228595  0.557708  0.403295  0.638555  0.366528 
4  0.265808  0.667064  0.393924  0.485760 0.0  0.366593  0.683550  0.642423  0.405818  0.688611  0.671613  0.619510  0.598809  0.701790  0.271606  0.670157  0.700882  0.364234  0.286872  0.607076  0.260305  0.368798  0.687228  0.600964  0.631219  0.758828  0.215487  0.626261  0.594103  0.662917  0.600909  0.292234  0.622954  0.339699  0.721192  0.570786  0.205593  0.156848  0.761124  0.284635  0.261370  0.504003  0.238039  0.243151 
5  0.500867  0.599928  0.635891  0.701831  0.366593 0.0  0.422900  0.438908  0.355387  0.401990  0.423764  0.570255  0.397222  0.710211  0.621504  0.493556  0.421118  0.411130  0.417302  0.584202  0.570030  0.621805  0.610444  0.561213  0.384696  0.545173  0.518423  0.510852  0.447796  0.425910  0.321016  0.523770  0.688487  0.558410  0.421024  0.664988  0.425713  0.417915  0.393170  0.577348  0.205855  0.498492  0.488575  0.602869 
6  0.732384  0.048764  0.291598  0.285295  0.683550  0.422900 0.0  0.751252  0.636866  0.025330  0.355290  0.159387  0.330865  0.370601  0.694453  0.255219  0.293079  0.752641  0.779860  0.278313  0.668580  0.570218  0.222597  0.280006  0.206470  0.105270  0.599900  0.169272  0.217575  0.225083  0.421865  0.706381  0.697986  0.378666  0.110909  0.745318  0.672194  0.726149  0.270284  0.379164  0.795628  0.496721  0.715199  0.439676 
7  0.462971  0.684250  0.518794  0.562450  0.642423  0.438908  0.751252 0.0  0.613654  0.700996  0.683571  0.668011  0.801014  0.473515  0.375946  0.676987  0.682272  0.694234  0.762650  0.501043  0.548091  0.847549  0.376917  0.459530  0.617085  0.780116  0.774674  0.755109  0.546733  0.664471  0.683352  0.552742  0.101912  0.758184  0.769982  0.102546  0.637362  0.705775  0.676305  0.634013  0.694847  0.525344  0.765726  0.734374 
8  0.305843  0.735743  0.425181  0.475911  0.405818  0.355387  0.636866  0.613654 0.0  0.656056  0.650337  0.618107  0.596759  0.662924  0.239649  0.603769  0.618886  0.310940  0.237032  0.675425  0.290783  0.316261  0.631990  0.585676  0.658358  0.563749  0.119892  0.604620  0.629488  0.742530  0.626126  0.313999  0.697421  0.208819  0.583916  0.630726  0.267080  0.354377  0.696165  0.276240  0.316783  0.406395  0.260406  0.308191 
9  0.719863  0.043425  0.333675  0.333118  0.688611  0.401990  0.025330  0.700996  0.656056 0.0  0.357162  0.166148  0.419095  0.278408  0.750203  0.030705  0.281281  0.614528  0.691552  0.363336  0.725886  0.523898  0.260130  0.398742  0.297279  0.130590  0.436791  0.106392  0.235167  0.074904  0.336153  0.714765  0.859443  0.544199  0.113536  0.697504  0.773495  0.806010  0.238490  0.582008  0.929035  0.501776  0.628618  0.584267 
10  0.911351  0.253165  0.581606  0.686786  0.671613  0.423764  0.355290  0.683571  0.650337  0.357162 0.0  0.344975  0.123010  0.442298  0.840533  0.410654  0.142876  0.563963  0.634708  0.457716  0.716710  0.821052  0.370791  0.416713  0.179867  0.404109  0.741035  0.318296  0.235175  0.266655  0.197910  0.678495  0.836458  0.718905  0.275808  0.779335  0.653330  0.550462  0.313933  0.710040  0.392626  0.446721  0.648151  0.758291 
11  0.695914  0.119503  0.285285  0.186696  0.619510  0.570255  0.159387  0.668011  0.618107  0.166148  0.344975 0.0  0.408444  0.350920  0.762634  0.143334  0.390623  0.793842  0.715309  0.384442  0.766839  0.529015  0.285397  0.388676  0.334039  0.167662  0.493567  0.155361  0.272020  0.057002  0.402998  0.750845  0.799156  0.614412  0.192230  0.675563  0.859120  0.795827  0.248857  0.581976  0.743197  0.435763  0.774653  0.474434 
12  0.758776  0.325027  0.648003  0.637261  0.598809  0.397222  0.330865  0.801014  0.596759  0.419095  0.123010  0.408444 0.0  0.455978  0.883071  0.290211  0.192505  0.585210  0.520773  0.485095  0.760088  0.752693  0.402689  0.398786  0.213834  0.330779  0.722337  0.368513  0.247110  0.254538  0.224624  0.708042  0.864943  0.728935  0.391997  0.798437  0.521990  0.565672  0.292330  0.615784  0.414767  0.445831  0.619053  0.965987 
13  0.437302  0.391662  0.506493  0.613659  0.701790  0.710211  0.370601  0.473515  0.662924  0.278408  0.442298  0.350920  0.455978 0.0  0.474415  0.280416  0.456419  0.879188  0.741059  0.133803  0.388127  0.660419  0.125713  0.271754  0.320468  0.412722  0.745135  0.296384  0.242345  0.375140  0.446768  0.472739  0.570414  0.728052  0.348280  0.470069  1.000000  0.825566  0.238313  0.760553  0.675140  0.387077  0.797008  0.776502 
14  0.216836  0.831543  0.638351  0.586987  0.271606  0.621504  0.694453  0.375946  0.239649  0.750203  0.840533  0.762634  0.883071  0.474415 0.0  0.727407  0.808170  0.413565  0.506885  0.732385  0.026852  0.466475  0.531727  0.539019  0.880515  0.762383  0.229978  0.707158  0.670676  0.691124  0.783892  0.000000  0.557272  0.364985  0.689207  0.542944  0.454577  0.413865  0.676359  0.351258  0.272117  0.362103  0.497312  0.367045 
15  0.805888  0.168567  0.314142  0.300555  0.670157  0.493556  0.255219  0.676987  0.603769  0.030705  0.410654  0.143334  0.290211  0.280416  0.727407 0.0  0.403365  0.693284  0.709186  0.321531  0.746667  0.494257  0.307726  0.384081  0.207585  0.170234  0.688826  0.167077  0.341965  0.210061  0.400528  0.668043  0.711414  0.538336  0.022378  0.810213  0.679514  0.717468  0.392572  0.381697  0.762158  0.428588  0.630464  0.514014 
16  0.724491  0.407458  0.575681  0.541097  0.700882  0.421118  0.293079  0.682272  0.618886  0.281281  0.142876  0.390623  0.192505  0.456419  0.808170  0.403365 0.0  0.517064  0.608697  0.386487  0.625157  0.901815  0.439889  0.438087  0.174126  0.386534  0.736240  0.419544  0.297144  0.345714  0.209913  0.799679  0.914682  0.840115  0.307323  0.859436  0.618749  0.607186  0.240004  0.701070  0.535258  0.506587  0.562577  0.802938 
17  0.288668  0.648624  0.584580  0.591436  0.364234  0.411130  0.752641  0.694234  0.310940  0.614528  0.563963  0.793842  0.585210  0.879188  0.413565  0.693284  0.517064 0.0  0.160871  0.886355  0.301174  0.389096  0.791037  0.894272  0.569705  0.774405  0.336706  0.668027  0.644383  0.691539  0.530931  0.375856  0.837601  0.423074  0.681417  0.881540  0.282312  0.015038  0.597976  0.387035  0.000000  0.403778  0.182282  0.267743 
18  0.353144  0.754553  0.459681  0.599785  0.286872  0.417302  0.779860  0.762650  0.237032  0.691552  0.634708  0.715309  0.520773  0.741059  0.506885  0.709186  0.608697  0.160871 0.0  0.902069  0.251561  0.433947  0.882849  0.867306  0.554531  0.816285  0.295003  0.706957  0.724969  0.713886  0.546517  0.393891  0.848777  0.434338  0.708247  0.649044  0.245881  0.238098  0.523164  0.296021  0.000000  0.401383  0.235721  0.429171 
19  0.466418  0.495244  0.611581  0.591399  0.607076  0.584202  0.278313  0.501043  0.675425  0.363336  0.457716  0.384442  0.485095  0.133803  0.732385  0.321531  0.386487  0.886355  0.902069 0.0  0.487117  0.765929  0.170212  0.131203  0.468991  0.382966  0.717681  0.284677  0.246753  0.350777  0.330335  0.457453  0.608125  0.745233  0.412437  0.552525  0.840990  0.830518  0.246138  0.798772  0.744151  0.481879  0.914544  0.843888 
20  0.158121  0.770596  0.581956  0.512255  0.260305  0.570030  0.668580  0.548091  0.290783  0.725886  0.716710  0.766839  0.760088  0.388127  0.026852  0.746667  0.625157  0.301174  0.251561  0.487117 0.0  0.450025  0.427230  0.502441  0.716023  0.830291  0.253070  0.810160  0.621768  0.768687  0.831514  0.074255  0.441446  0.429649  0.798792  0.560640  0.290643  0.380168  0.622663  0.312945  0.366089  0.430453  0.144247  0.406465 
21  0.362755  0.457382  0.338569  0.319700  0.368798  0.621805  0.570218  0.847549  0.316261  0.523898  0.821052  0.529015  0.752693  0.660419  0.466475  0.494257  0.901815  0.389096  0.433947  0.765929  0.450025 0.0  0.742723  0.650949  0.824433  0.548239  0.188047  0.539772  0.618974  0.610285  0.759430  0.265352  0.789586  0.156318  0.569690  0.821582  0.442689  0.320787  0.650594  0.117726  0.387628  0.449673  0.296246  0.106724 
22  0.508742  0.343418  0.580411  0.562769  0.687228  0.610444  0.222597  0.376917  0.631990  0.260130  0.370791  0.285397  0.402689  0.125713  0.531727  0.307726  0.439889  0.791037  0.882849  0.170212  0.427230  0.742723 0.0  0.242715  0.428754  0.379367  0.761660  0.267574  0.212467  0.418711  0.405814  0.453863  0.548086  0.748902  0.366988  0.510627  0.918610  0.892496  0.270640  0.679413  0.872101  0.437477  0.816363  0.680693 
23  0.612996  0.375763  0.558451  0.545861  0.600964  0.561213  0.280006  0.459530  0.585676  0.398742  0.416713  0.388676  0.398786  0.271754  0.539019  0.384081  0.438087  0.894272  0.867306  0.131203  0.502441  0.650949  0.242715 0.0  0.537487  0.364731  0.638004  0.343312  0.316591  0.321247  0.393665  0.497393  0.620541  0.725919  0.320584  0.567608  0.861477  0.839289  0.256727  0.815445  0.791961  0.423529  0.841458  0.749638 
24  0.808917  0.318768  0.615372  0.532443  0.631219  0.384696  0.206470  0.617085  0.658358  0.297279  0.179867  0.334039  0.213834  0.320468  0.880515  0.207585  0.174126  0.569705  0.554531  0.468991  0.716023  0.824433  0.428754  0.537487 0.0  0.400627  0.796771  0.274157  0.155200  0.333344  0.128343  0.625295  0.956321  0.723730  0.393269  0.878700  0.520909  0.516227  0.380522  0.680489  0.430574  0.481414  0.585295  0.754231 
25  0.770054  0.138395  0.316846  0.340133  0.758828  0.545173  0.105270  0.780116  0.563749  0.130590  0.404109  0.167662  0.330779  0.412722  0.762383  0.170234  0.386534  0.774405  0.816285  0.382966  0.830291  0.548239  0.379367  0.364731  0.400627 0.0  0.517317  0.165135  0.349496  0.139723  0.430534  0.820839  0.854596  0.550902  0.171484  0.828897  0.861433  0.726883  0.339368  0.460714  0.762789  0.507932  0.720148  0.558882 
26  0.321756  0.500299  0.324111  0.380253  0.215487  0.518423  0.599900  0.774674  0.119892  0.436791  0.741035  0.493567  0.722337  0.745135  0.229978  0.688826  0.736240  0.336706  0.295003  0.717681  0.253070  0.188047  0.761660  0.638004  0.796771  0.517317 0.0  0.569880  0.669389  0.638907  0.759955  0.330787  0.790083  0.250454  0.487425  0.758352  0.225995  0.468536  0.697810  0.000000  0.362690  0.531033  0.255238  0.215283 
27  0.717811  0.139813  0.388087  0.344304  0.626261  0.510852  0.169272  0.755109  0.604620  0.106392  0.318296  0.155361  0.368513  0.296384  0.707158  0.167077  0.419544  0.668027  0.706957  0.284677  0.810160  0.539772  0.267574  0.343312  0.274157  0.165135  0.569880 0.0  0.343453  0.154037  0.314879  0.689944  0.702707  0.541225  0.089274  0.687126  0.671451  0.721687  0.291077  0.478532  0.717335  0.375643  0.691363  0.521289 
28  0.706689  0.189111  0.552578  0.444538  0.594103  0.447796  0.217575  0.546733  0.629488  0.235167  0.235175  0.272020  0.247110  0.242345  0.670676  0.341965  0.297144  0.644383  0.724969  0.246753  0.621768  0.618974  0.212467  0.316591  0.155200  0.349496  0.669389  0.343453 0.0  0.209958  0.243007  0.635681  0.542496  0.575118  0.286888  0.616427  0.640865  0.641677  0.390435  0.725525  0.671960  0.504137  0.623554  0.622331 
29  0.678960  0.089539  0.225414  0.383676  0.662917  0.425910  0.225083  0.664471  0.742530  0.074904  0.266655  0.057002  0.254538  0.375140  0.691124  0.210061  0.345714  0.691539  0.713886  0.350777  0.768687  0.610285  0.418711  0.321247  0.333344  0.139723  0.638907  0.154037  0.209958 0.0  0.333979  0.680851  0.666736  0.564523  0.075276  0.712597  0.731362  0.794494  0.232685  0.361129  0.604263  0.479516  0.726210  0.539909 
30  0.733080  0.286954  0.559686  0.650949  0.600909  0.321016  0.421865  0.683352  0.626126  0.336153  0.197910  0.402998  0.224624  0.446768  0.783892  0.400528  0.209913  0.530931  0.546517  0.330335  0.831514  0.759430  0.405814  0.393665  0.128343  0.430534  0.759955  0.314879  0.243007  0.333979 0.0  0.677553  0.809736  0.855825  0.347506  0.782265  0.618210  0.516647  0.327412  0.673763  0.355219  0.478313  0.705765  0.823522 
31  0.124852  0.764044  0.637213  0.556498  0.292234  0.523770  0.706381  0.552742  0.313999  0.714765  0.678495  0.750845  0.708042  0.472739  0.000000  0.668043  0.799679  0.375856  0.393891  0.457453  0.074255  0.265352  0.453863  0.497393  0.625295  0.820839  0.330787  0.689944  0.635681  0.680851  0.677553 0.0  0.507560  0.309639  0.693671  0.389191  0.339874  0.426382  0.688615  0.186834  0.232236  0.405368  0.346155  0.356251 
32  0.471040  0.780227  0.513723  0.570155  0.622954  0.688487  0.697986  0.101912  0.697421  0.859443  0.836458  0.799156  0.864943  0.570414  0.557272  0.711414  0.914682  0.837601  0.848777  0.608125  0.441446  0.789586  0.548086  0.620541  0.956321  0.854596  0.790083  0.702707  0.542496  0.666736  0.809736  0.507560 0.0  0.846392  0.678595  0.135562  0.844527  0.843079  0.589590  0.662574  0.682100  0.531008  0.794920  0.748461 
33  0.474245  0.585047  0.276714  0.339272  0.339699  0.558410  0.378666  0.758184  0.208819  0.544199  0.718905  0.614412  0.728935  0.728052  0.364985  0.538336  0.840115  0.423074  0.434338  0.745233  0.429649  0.156318  0.748902  0.725919  0.723730  0.550902  0.250454  0.541225  0.575118  0.564523  0.855825  0.309639  0.846392 0.0  0.466275  0.675072  0.372466  0.404671  0.544183  0.141176  0.302086  0.495263  0.420904  0.221382 
34  0.668032  0.085540  0.352262  0.325010  0.721192  0.421024  0.110909  0.769982  0.583916  0.113536  0.275808  0.192230  0.391997  0.348280  0.689207  0.022378  0.307323  0.681417  0.708247  0.412437  0.798792  0.569690  0.366988  0.320584  0.393269  0.171484  0.487425  0.089274  0.286888  0.075276  0.347506  0.693671  0.678595  0.466275 0.0  0.758057  0.602229  0.648009  0.234834  0.365238  0.650007  0.547144  0.633411  0.434406 
35  0.528293  0.669114  0.665450  0.561769  0.570786  0.664988  0.745318  0.102546  0.630726  0.697504  0.779335  0.675563  0.798437  0.470069  0.542944  0.810213  0.859436  0.881540  0.649044  0.552525  0.560640  0.821582  0.510627  0.567608  0.878700  0.828897  0.758352  0.687126  0.616427  0.712597  0.782265  0.389191  0.135562  0.675072  0.758057 0.0  0.882510  0.887856  0.636708  0.767060  0.721686  0.593325  0.817175  0.828294 
36  0.259168  0.803352  0.582249  0.542300  0.205593  0.425713  0.672194  0.637362  0.267080  0.773495  0.653330  0.859120  0.521990  1.000000  0.454577  0.679514  0.618749  0.282312  0.245881  0.840990  0.290643  0.442689  0.918610  0.861477  0.520909  0.861433  0.225995  0.671451  0.640865  0.731362  0.618210  0.339874  0.844527  0.372466  0.602229  0.882510 0.0  0.148838  0.579150  0.379114  0.047178  0.478758  0.131676  0.382948 
37  0.294682  0.752323  0.524436  0.515282  0.156848  0.417915  0.726149  0.705775  0.354377  0.806010  0.550462  0.795827  0.565672  0.825566  0.413865  0.717468  0.607186  0.015038  0.238098  0.830518  0.380168  0.320787  0.892496  0.839289  0.516227  0.726883  0.468536  0.721687  0.641677  0.794494  0.516647  0.426382  0.843079  0.404671  0.648009  0.887856  0.148838 0.0  0.653615  0.317448  0.043487  0.456029  0.233738  0.394216 
38  0.690666  0.140011  0.483849  0.534021  0.761124  0.393170  0.270284  0.676305  0.696165  0.238490  0.313933  0.248857  0.292330  0.238313  0.676359  0.392572  0.240004  0.597976  0.523164  0.246138  0.622663  0.650594  0.270640  0.256727  0.380522  0.339368  0.697810  0.291077  0.390435  0.232685  0.327412  0.688615  0.589590  0.544183  0.234834  0.636708  0.579150  0.653615 0.0  0.614950  0.604777  0.389534  0.750472  0.713735 
39  0.362731  0.462163  0.296431  0.228595  0.284635  0.577348  0.379164  0.634013  0.276240  0.582008  0.710040  0.581976  0.615784  0.760553  0.351258  0.381697  0.701070  0.387035  0.296021  0.798772  0.312945  0.117726  0.679413  0.815445  0.680489  0.460714  0.000000  0.478532  0.725525  0.361129  0.673763  0.186834  0.662574  0.141176  0.365238  0.767060  0.379114  0.317448  0.614950 0.0  0.472310  0.472206  0.385598  0.168824 
40  0.446750  0.838837  0.687001  0.557708  0.261370  0.205855  0.795628  0.694847  0.316783  0.929035  0.392626  0.743197  0.414767  0.675140  0.272117  0.762158  0.535258  0.000000  0.000000  0.744151  0.366089  0.387628  0.872101  0.791961  0.430574  0.762789  0.362690  0.717335  0.671960  0.604263  0.355219  0.232236  0.682100  0.302086  0.650007  0.721686  0.047178  0.043487  0.604777  0.472310 0.0  0.538579  0.093588  0.493766 
41  0.433005  0.372324  0.487817  0.403295  0.504003  0.498492  0.496721  0.525344  0.406395  0.501776  0.446721  0.435763  0.445831  0.387077  0.362103  0.428588  0.506587  0.403778  0.401383  0.481879  0.430453  0.449673  0.437477  0.423529  0.481414  0.507932  0.531033  0.375643  0.504137  0.479516  0.478313  0.405368  0.531008  0.495263  0.547144  0.593325  0.478758  0.456029  0.389534  0.472206  0.538579 0.0  0.419130  0.411844 
42  0.384857  0.810768  0.574288  0.638555  0.238039  0.488575  0.715199  0.765726  0.260406  0.628618  0.648151  0.774653  0.619053  0.797008  0.497312  0.630464  0.562577  0.182282  0.235721  0.914544  0.144247  0.296246  0.816363  0.841458  0.585295  0.720148  0.255238  0.691363  0.623554  0.726210  0.705765  0.346155  0.794920  0.420904  0.633411  0.817175  0.131676  0.233738  0.750472  0.385598  0.093588  0.419130 0.0  0.397473 
43  0.349143  0.511849  0.353663  0.366528  0.243151  0.602869  0.439676  0.734374  0.308191  0.584267  0.758291  0.474434  0.965987  0.776502  0.367045  0.514014  0.802938  0.267743  0.429171  0.843888  0.406465  0.106724  0.680693  0.749638  0.754231  0.558882  0.215283  0.521289  0.622331  0.539909  0.823522  0.356251  0.748461  0.221382  0.434406  0.828294  0.382948  0.394216  0.713735  0.168824  0.493766  0.411844  0.397473 0.0 
