44
0 0.0  0.363156  0.467886  0.253235  0.370215  0.752064  0.851552  0.515478  0.680585  0.305510  0.376926  0.760009  0.129313  0.803881  0.715014  0.687214  0.854473  0.665639  0.174143  0.790277  0.455975  0.349277  0.283916  0.738146  0.694192  0.412498  0.479542  0.681333  0.600868  0.222369  0.725351  0.685083  0.143239  0.846578  0.462327  0.694209  0.232242  0.729602  0.746252  0.637841  0.272070  0.695095  0.686518  0.106029 
1  0.363156 0.0  0.796899  0.170829  0.520029  0.654996  0.548389  0.726975  0.644473  0.231913  0.400549  0.544212  0.371029  0.536131  0.449078  0.628490  0.540621  0.416803  0.348627  0.798376  0.651353  0.508333  0.229722  0.534345  0.657125  0.213373  0.619471  0.734993  0.799656  0.339935  0.640003  0.936250  0.255964  0.821371  0.807750  0.914817  0.204546  0.968328  0.721184  0.504750  0.549298  0.661649  0.670174  0.357384 
2  0.467886  0.796899 0.0  0.705706  0.780524  0.239245  0.398554  0.054174  0.504640  0.917647  0.786785  0.348974  0.596180  0.422400  0.410981  0.315752  0.467570  0.531079  0.634772  0.859145  0.133494  0.441432  0.652526  0.286724  0.338626  0.902101  0.603090  0.278407  0.193039  0.648061  0.816747  0.450384  0.595442  0.462807  0.157847  0.441070  0.656631  0.459259  0.297812  0.841100  0.760533  0.795054  0.340390  0.404371 
3  0.253235  0.170829  0.705706 0.0  0.323828  0.668590  0.870730  0.737542  0.744688  0.291925  0.224414  0.789133  0.373248  0.527192  0.705665  0.679120  0.685255  0.692958  0.323316  0.643016  0.656318  0.374118  0.250964  0.750221  0.621047  0.275558  0.377102  0.679163  0.724851  0.290142  0.683711  0.711968  0.147865  0.776790  0.767835  0.718079  0.338329  0.758069  0.667066  0.577304  0.254746  0.663252  0.681063  0.300180 
4  0.370215  0.520029  0.780524  0.323828 0.0  0.871425  0.793064  0.600122  0.826683  0.485994  0.231665  0.785293  0.305138  0.934673  0.764342  0.684638  0.842238  0.863216  0.440241  0.677277  0.798232  0.441500  0.226819  0.695628  0.449124  0.425480  0.258430  0.745005  0.737139  0.358581  0.755870  0.597642  0.324167  0.604312  0.779150  0.651347  0.325811  0.501708  0.671540  0.691780  0.181554  0.861521  0.630512  0.298818 
5  0.752064  0.654996  0.239245  0.668590  0.871425 0.0  0.532218  0.229088  0.359215  0.819727  0.747750  0.437952  0.464381  0.271924  0.447738  0.306348  0.338859  0.286593  0.647278  0.745214  0.042787  0.548174  0.687978  0.288389  0.360655  0.774503  0.543413  0.316581  0.144028  0.681485  0.701102  0.378617  0.476393  0.298812  0.167054  0.319876  0.809801  0.335281  0.204584  0.786472  0.779737  0.734316  0.172742  0.524003 
6  0.851552  0.548389  0.398554  0.870730  0.793064  0.532218 0.0  0.432582  0.077649  0.589384  0.701995  0.198308  0.835416  0.044536  0.073126  0.332175  0.131164  0.054534  0.830764  0.697035  0.314221  0.528555  0.631850  0.273136  0.323547  0.508500  0.506596  0.209327  0.535164  0.948866  0.468553  0.354772  0.769855  0.276644  0.436327  0.365589  0.783528  0.339392  0.252474  0.407118  0.803647  0.543510  0.197835  0.762478 
7  0.515478  0.726975  0.054174  0.737542  0.600122  0.229088  0.432582 0.0  0.337549  0.872118  0.795695  0.392119  0.564874  0.384733  0.264924  0.314866  0.481958  0.313359  0.634759  0.811841  0.065585  0.605731  0.613955  0.318637  0.402800  0.814554  0.572033  0.259018  0.199244  0.664069  0.707201  0.340996  0.639971  0.424935  0.149918  0.358414  0.685932  0.373116  0.284949  0.734339  0.726559  0.748144  0.322672  0.413469 
8  0.680585  0.644473  0.504640  0.744688  0.826683  0.359215  0.077649  0.337549 0.0  0.651137  0.838021  0.130453  0.909764  0.265270  0.032375  0.368643  0.049409  0.057930  0.776224  0.931697  0.433771  0.334140  0.686400  0.262025  0.320252  0.665196  0.494791  0.394495  0.541291  0.820637  0.619507  0.418397  0.801657  0.519195  0.381037  0.522347  0.599813  0.604637  0.158215  0.549267  0.904812  0.620443  0.279458  0.729261 
9  0.305510  0.231913  0.917647  0.291925  0.485994  0.819727  0.589384  0.872118  0.651137 0.0  0.478842  0.540152  0.392271  0.557327  0.505997  0.792645  0.546052  0.491108  0.382839  1.000000  0.700631  0.542235  0.346395  0.701878  0.793458  0.175555  0.630212  0.711534  0.746660  0.324664  0.590434  0.913931  0.370212  0.925928  0.892636  0.964710  0.221936  0.962900  0.619992  0.446946  0.483422  0.651041  0.627950  0.403818 
10  0.376926  0.400549  0.786785  0.224414  0.231665  0.747750  0.701995  0.795695  0.838021  0.478842 0.0  0.760690  0.399668  0.806740  0.759620  0.791301  0.738305  0.762880  0.346675  0.582884  0.638718  0.396037  0.325438  0.644643  0.446948  0.475288  0.332741  0.654580  0.816261  0.290676  0.944055  0.639689  0.343850  0.454778  0.796281  0.626223  0.141659  0.665923  0.771809  0.760653  0.244074  0.912367  0.752767  0.342999 
11  0.760009  0.544212  0.348974  0.789133  0.785293  0.437952  0.198308  0.392119  0.130453  0.540152  0.760690 0.0  0.831680  0.050480  0.248497  0.196592  0.158086  0.070337  0.905456  0.798074  0.339218  0.530676  0.687073  0.261529  0.515844  0.425604  0.552093  0.338956  0.383097  0.827673  0.416515  0.535104  0.794714  0.343898  0.341019  0.415374  0.716935  0.379898  0.254458  0.611136  0.893877  0.711301  0.218245  0.767990 
12  0.129313  0.371029  0.596180  0.373248  0.305138  0.464381  0.835416  0.564874  0.909764  0.392271  0.399668  0.831680 0.0  0.760509  0.870368  0.628571  0.823834  0.824084  0.064046  0.766245  0.555946  0.555286  0.311421  0.633730  0.774498  0.467750  0.606206  0.610502  0.529285  0.139366  0.889005  0.825865  0.106718  0.838159  0.620009  0.824349  0.299328  0.863749  0.756362  0.889878  0.409400  0.880478  0.638686  0.111296 
13  0.803881  0.536131  0.422400  0.527192  0.934673  0.271924  0.044536  0.384733  0.265270  0.557327  0.806740  0.050480  0.760509 0.0  0.068571  0.358808  0.124527  0.000000  0.769658  0.858921  0.381259  0.377558  0.625992  0.181874  0.284653  0.674612  0.470111  0.303222  0.382606  0.774414  0.631001  0.562547  0.903531  0.587383  0.318373  0.466169  0.707755  0.519952  0.327813  0.524322  0.879402  0.641009  0.345928  0.707922 
14  0.715014  0.449078  0.410981  0.705665  0.764342  0.447738  0.073126  0.264924  0.032375  0.505997  0.759620  0.248497  0.870368  0.068571 0.0  0.327335  0.180400  0.022116  0.852529  0.726686  0.256975  0.470699  0.719463  0.183756  0.358165  0.480034  0.462599  0.420122  0.483784  0.628853  0.478715  0.336675  0.779764  0.342145  0.357610  0.385632  0.694418  0.354412  0.221734  0.652143  0.778499  0.527167  0.297195  0.799050 
15  0.687214  0.628490  0.315752  0.679120  0.684638  0.306348  0.332175  0.314866  0.368643  0.792645  0.791301  0.196592  0.628571  0.358808  0.327335 0.0  0.298519  0.279979  0.775217  0.716748  0.222552  0.547526  0.637323  0.163651  0.281794  0.691448  0.480803  0.224285  0.225339  0.654910  0.744370  0.261052  0.785656  0.264262  0.339561  0.332238  0.734152  0.204098  0.257987  0.570232  0.708301  0.759114  0.229908  0.694996 
16  0.854473  0.540621  0.467570  0.685255  0.842238  0.338859  0.131164  0.481958  0.049409  0.546052  0.738305  0.158086  0.823834  0.124527  0.180400  0.298519 0.0  0.185995  0.855553  0.866381  0.426045  0.494958  0.706433  0.373057  0.523318  0.691345  0.551445  0.299513  0.350687  0.845271  0.672797  0.429313  0.913335  0.319947  0.291235  0.374251  0.712301  0.350039  0.248099  0.650006  0.754542  0.512121  0.274465  0.833019 
17  0.665639  0.416803  0.531079  0.692958  0.863216  0.286593  0.054534  0.313359  0.057930  0.491108  0.762880  0.070337  0.824084  0.000000  0.022116  0.279979  0.185995 0.0  0.738255  0.797725  0.211586  0.534669  0.701211  0.270134  0.277811  0.461283  0.561381  0.271870  0.433577  0.738540  0.585631  0.343078  0.948473  0.345645  0.474589  0.421916  0.741522  0.337838  0.272655  0.487981  0.803740  0.389318  0.325797  0.759368 
18  0.174143  0.348627  0.634772  0.323316  0.440241  0.647278  0.830764  0.634759  0.776224  0.382839  0.346675  0.905456  0.064046  0.769658  0.852529  0.775217  0.855553  0.738255 0.0  0.671958  0.459616  0.489467  0.266746  0.669916  0.813290  0.184910  0.493965  0.733147  0.620870  0.193825  0.693306  0.732631  0.069801  0.755867  0.584940  0.763781  0.284148  0.763875  0.794591  0.878084  0.382656  0.754703  0.690108  0.075645 
19  0.790277  0.798376  0.859145  0.643016  0.677277  0.745214  0.697035  0.811841  0.931697  1.000000  0.582884  0.798074  0.766245  0.858921  0.726686  0.716748  0.866381  0.797725  0.671958 0.0  0.685341  0.420446  0.664232  0.616249  0.493851  0.963861  0.257432  0.610745  0.976865  0.813553  0.466982  0.800984  0.830500  0.633509  0.794761  0.627076  0.728504  0.588544  0.609847  0.344494  0.633657  0.418744  0.712142  0.726808 
20  0.455975  0.651353  0.133494  0.656318  0.798232  0.042787  0.314221  0.065585  0.433771  0.700631  0.638718  0.339218  0.555946  0.381259  0.256975  0.222552  0.426045  0.211586  0.459616  0.685341 0.0  0.440248  0.800993  0.259066  0.515502  0.796802  0.733036  0.247193  0.067284  0.424512  0.567679  0.272885  0.562768  0.307772  0.260456  0.370478  0.687666  0.296869  0.391365  0.767265  0.804811  0.736647  0.255571  0.708991 
21  0.349277  0.508333  0.441432  0.374118  0.441500  0.548174  0.528555  0.605731  0.334140  0.542235  0.396037  0.530676  0.555286  0.377558  0.470699  0.547526  0.494958  0.534669  0.489467  0.420446  0.440248 0.0  0.458893  0.376482  0.557861  0.514702  0.531298  0.436076  0.335541  0.472159  0.444079  0.561196  0.458146  0.495449  0.602939  0.487938  0.536657  0.412348  0.434296  0.427876  0.419047  0.609708  0.493320  0.525341 
22  0.283916  0.229722  0.652526  0.250964  0.226819  0.687978  0.631850  0.613955  0.686400  0.346395  0.325438  0.687073  0.311421  0.625992  0.719463  0.637323  0.706433  0.701211  0.266746  0.664232  0.800993  0.458893 0.0  0.735303  0.730367  0.380751  0.481227  0.757127  0.718594  0.382302  0.665328  0.729142  0.434825  0.743672  0.675332  0.661683  0.377317  0.634029  0.683434  0.754050  0.227347  0.750054  0.650407  0.261903 
23  0.738146  0.534345  0.286724  0.750221  0.695628  0.288389  0.273136  0.318637  0.262025  0.701878  0.644643  0.261529  0.633730  0.181874  0.183756  0.163651  0.373057  0.270134  0.669916  0.616249  0.259066  0.376482  0.735303 0.0  0.176005  0.789010  0.527543  0.231078  0.210884  0.695643  0.653325  0.307861  0.682435  0.269173  0.263441  0.349450  0.751891  0.340968  0.283247  0.681980  0.619149  0.677880  0.336574  0.665205 
24  0.694192  0.657125  0.338626  0.621047  0.449124  0.360655  0.323547  0.402800  0.320252  0.793458  0.446948  0.515844  0.774498  0.284653  0.358165  0.281794  0.523318  0.277811  0.813290  0.493851  0.515502  0.557861  0.730367  0.176005 0.0  0.756444  0.453475  0.249498  0.402258  0.739962  0.724827  0.110493  0.849084  0.057789  0.293667  0.043255  0.608511  0.045534  0.183567  0.811686  0.439623  0.697984  0.272713  0.881736 
25  0.412498  0.213373  0.902101  0.275558  0.425480  0.774503  0.508500  0.814554  0.665196  0.175555  0.475288  0.425604  0.467750  0.674612  0.480034  0.691448  0.691345  0.461283  0.184910  0.963861  0.796802  0.514702  0.380751  0.789010  0.756444 0.0  0.610012  0.720772  0.797110  0.332767  0.691805  0.942968  0.358575  0.902883  0.765124  0.900875  0.298257  0.959731  0.623123  0.477813  0.487206  0.548707  0.699853  0.344525 
26  0.479542  0.619471  0.603090  0.377102  0.258430  0.543413  0.506596  0.572033  0.494791  0.630212  0.332741  0.552093  0.606206  0.470111  0.462599  0.480803  0.551445  0.561381  0.493965  0.257432  0.733036  0.531298  0.481227  0.527543  0.453475  0.610012 0.0  0.515670  0.601916  0.466483  0.535162  0.234545  0.563206  0.287939  0.481130  0.282226  0.433471  0.346935  0.454605  0.472162  0.157560  0.440783  0.399274  0.607009 
27  0.681333  0.734993  0.278407  0.679163  0.745005  0.316581  0.209327  0.259018  0.394495  0.711534  0.654580  0.338956  0.610502  0.303222  0.420122  0.224285  0.299513  0.271870  0.733147  0.610745  0.247193  0.436076  0.757127  0.231078  0.249498  0.720772  0.515670 0.0  0.295459  0.766434  0.569383  0.271695  0.722486  0.221127  0.213998  0.278912  0.725808  0.227771  0.274562  0.724771  0.738813  0.742452  0.332695  0.732367 
28  0.600868  0.799656  0.193039  0.724851  0.737139  0.144028  0.535164  0.199244  0.541291  0.746660  0.816261  0.383097  0.529285  0.382606  0.483784  0.225339  0.350687  0.433577  0.620870  0.976865  0.067284  0.335541  0.718594  0.210884  0.402258  0.797110  0.601916  0.295459 0.0  0.501407  0.776745  0.389838  0.642772  0.478082  0.159514  0.360714  0.666898  0.408704  0.308666  0.894392  0.946443  0.756590  0.280252  0.580567 
29  0.222369  0.339935  0.648061  0.290142  0.358581  0.681485  0.948866  0.664069  0.820637  0.324664  0.290676  0.827673  0.139366  0.774414  0.628853  0.654910  0.845271  0.738540  0.193825  0.813553  0.424512  0.472159  0.382302  0.695643  0.739962  0.332767  0.466483  0.766434  0.501407 0.0  0.784866  0.824868  0.199101  0.695213  0.648486  0.720649  0.207138  0.797343  0.727570  0.833367  0.397130  0.767094  0.697203  0.129888 
30  0.725351  0.640003  0.816747  0.683711  0.755870  0.701102  0.468553  0.707201  0.619507  0.590434  0.944055  0.416515  0.889005  0.631001  0.478715  0.744370  0.672797  0.585631  0.693306  0.466982  0.567679  0.444079  0.665328  0.653325  0.724827  0.691805  0.535162  0.569383  0.776745  0.784866 0.0  0.849306  0.739644  0.961006  0.836851  0.951913  0.773517  0.889498  0.747554  0.017142  0.909281  0.129717  0.765784  0.776019 
31  0.685083  0.936250  0.450384  0.711968  0.597642  0.378617  0.354772  0.340996  0.418397  0.913931  0.639689  0.535104  0.825865  0.562547  0.336675  0.261052  0.429313  0.343078  0.732631  0.800984  0.272885  0.561196  0.729142  0.307861  0.110493  0.942968  0.234545  0.271695  0.389838  0.824868  0.849306 0.0  0.784516  0.097772  0.443172  0.179476  0.741384  0.153662  0.259472  0.774760  0.636152  0.786916  0.280628  0.714563 
32  0.143239  0.255964  0.595442  0.147865  0.324167  0.476393  0.769855  0.639971  0.801657  0.370212  0.343850  0.794714  0.106718  0.903531  0.779764  0.785656  0.913335  0.948473  0.069801  0.830500  0.562768  0.458146  0.434825  0.682435  0.849084  0.358575  0.563206  0.722486  0.642772  0.199101  0.739644  0.784516 0.0  0.809361  0.574501  0.933432  0.288665  0.818644  0.750124  0.824999  0.340060  0.786057  0.774207  0.164241 
33  0.846578  0.821371  0.462807  0.776790  0.604312  0.298812  0.276644  0.424935  0.519195  0.925928  0.454778  0.343898  0.838159  0.587383  0.342145  0.264262  0.319947  0.345645  0.755867  0.633509  0.307772  0.495449  0.743672  0.269173  0.057789  0.902883  0.287939  0.221127  0.478082  0.695213  0.961006  0.097772  0.809361 0.0  0.350160  0.198216  0.701663  0.184772  0.280072  0.838582  0.632198  0.934159  0.254667  0.743558 
34  0.462327  0.807750  0.157847  0.767835  0.779150  0.167054  0.436327  0.149918  0.381037  0.892636  0.796281  0.341019  0.620009  0.318373  0.357610  0.339561  0.291235  0.474589  0.584940  0.794761  0.260456  0.602939  0.675332  0.263441  0.293667  0.765124  0.481130  0.213998  0.159514  0.648486  0.836851  0.443172  0.574501  0.350160 0.0  0.450260  0.559042  0.382996  0.293306  0.777172  0.882763  0.722048  0.187114  0.609111 
35  0.694209  0.914817  0.441070  0.718079  0.651347  0.319876  0.365589  0.358414  0.522347  0.964710  0.626223  0.415374  0.824349  0.466169  0.385632  0.332238  0.374251  0.421916  0.763781  0.627076  0.370478  0.487938  0.661683  0.349450  0.043255  0.900875  0.282226  0.278912  0.360714  0.720649  0.951913  0.179476  0.933432  0.198216  0.450260 0.0  0.775006  0.255386  0.415247  0.841950  0.569142  0.808926  0.282502  0.808163 
36  0.232242  0.204546  0.656631  0.338329  0.325811  0.809801  0.783528  0.685932  0.599813  0.221936  0.141659  0.716935  0.299328  0.707755  0.694418  0.734152  0.712301  0.741522  0.284148  0.728504  0.687666  0.536657  0.377317  0.751891  0.608511  0.298257  0.433471  0.725808  0.666898  0.207138  0.773517  0.741384  0.288665  0.701663  0.559042  0.775006 0.0  0.532546  0.587612  0.726564  0.257951  0.749346  0.700023  0.191277 
37  0.729602  0.968328  0.459259  0.758069  0.501708  0.335281  0.339392  0.373116  0.604637  0.962900  0.665923  0.379898  0.863749  0.519952  0.354412  0.204098  0.350039  0.337838  0.763875  0.588544  0.296869  0.412348  0.634029  0.340968  0.045534  0.959731  0.346935  0.227771  0.408704  0.797343  0.889498  0.153662  0.818644  0.184772  0.382996  0.255386  0.532546 0.0  0.181776  0.847037  0.594910  0.935576  0.299729  0.749911 
38  0.746252  0.721184  0.297812  0.667066  0.671540  0.204584  0.252474  0.284949  0.158215  0.619992  0.771809  0.254458  0.756362  0.327813  0.221734  0.257987  0.248099  0.272655  0.794591  0.609847  0.391365  0.434296  0.683434  0.283247  0.183567  0.623123  0.454605  0.274562  0.308666  0.727570  0.747554  0.259472  0.750124  0.280072  0.293306  0.415247  0.587612  0.181776 0.0  0.613747  0.646189  0.558560  0.193696  0.767274 
39  0.637841  0.504750  0.841100  0.577304  0.691780  0.786472  0.407118  0.734339  0.549267  0.446946  0.760653  0.611136  0.889878  0.524322  0.652143  0.570232  0.650006  0.487981  0.878084  0.344494  0.767265  0.427876  0.754050  0.681980  0.811686  0.477813  0.472162  0.724771  0.894392  0.833367  0.017142  0.774760  0.824999  0.838582  0.777172  0.841950  0.726564  0.847037  0.613747 0.0  0.631252  0.013913  0.775958  0.780940 
40  0.272070  0.549298  0.760533  0.254746  0.181554  0.779737  0.803647  0.726559  0.904812  0.483422  0.244074  0.893877  0.409400  0.879402  0.778499  0.708301  0.754542  0.803740  0.382656  0.633657  0.804811  0.419047  0.227347  0.619149  0.439623  0.487206  0.157560  0.738813  0.946443  0.397130  0.909281  0.636152  0.340060  0.632198  0.882763  0.569142  0.257951  0.594910  0.646189  0.631252 0.0  0.981321  0.619300  0.412267 
41  0.695095  0.661649  0.795054  0.663252  0.861521  0.734316  0.543510  0.748144  0.620443  0.651041  0.912367  0.711301  0.880478  0.641009  0.527167  0.759114  0.512121  0.389318  0.754703  0.418744  0.736647  0.609708  0.750054  0.677880  0.697984  0.548707  0.440783  0.742452  0.756590  0.767094  0.129717  0.786916  0.786057  0.934159  0.722048  0.808926  0.749346  0.935576  0.558560  0.013913  0.981321 0.0  0.616380  0.812076 
42  0.686518  0.670174  0.340390  0.681063  0.630512  0.172742  0.197835  0.322672  0.279458  0.627950  0.752767  0.218245  0.638686  0.345928  0.297195  0.229908  0.274465  0.325797  0.690108  0.712142  0.255571  0.493320  0.650407  0.336574  0.272713  0.699853  0.399274  0.332695  0.280252  0.697203  0.765784  0.280628  0.774207  0.254667  0.187114  0.282502  0.700023  0.299729  0.193696  0.775958  0.619300  0.616380 0.0  0.750693 
43  0.106029  0.357384  0.404371  0.300180  0.298818  0.524003  0.762478  0.413469  0.729261  0.403818  0.342999  0.767990  0.111296  0.707922  0.799050  0.694996  0.833019  0.759368  0.075645  0.726808  0.708991  0.525341  0.261903  0.665205  0.881736  0.344525  0.607009  0.732367  0.580567  0.129888  0.776019  0.714563  0.164241  0.743558  0.609111  0.808163  0.191277  0.749911  0.767274  0.780940  0.412267  0.812076  0.750693 0.0 
