44
0 0.0  0.723467  0.791304  0.982562  0.821582  0.751176  0.535325  0.623909  0.773632  0.734966  0.498907  0.375430  0.675757  0.558957  0.212858  0.360500  0.835836  0.681694  0.470207  0.673743  0.871833  0.825421  0.864156  0.630224  0.143524  0.669074  0.372191  0.456420  0.440067  0.264081  0.486340  0.561029  0.971759  0.619348  0.565427  0.905972  0.597125  0.836391  0.213831  1.000000  0.320922  0.448084  0.516681  0.738549 
1  0.723467 0.0  0.596264  0.301473  0.395647  0.172223  0.496138  0.447658  0.031814  0.430995  0.239334  0.808347  0.268925  0.320644  0.461049  0.468177  0.716662  0.229289  0.585246  0.479907  0.290810  0.353476  0.053610  0.793075  0.797025  0.408505  0.482866  0.655156  0.694653  0.758891  0.843192  0.444150  0.302391  0.297063  0.781298  0.288558  0.314311  0.594854  0.654870  0.355820  0.579764  0.781792  0.290254  0.314958 
2  0.791304  0.596264 0.0  0.857901  0.705869  0.490292  0.627946  0.745487  0.644327  0.877613  0.352732  0.748979  0.670812  0.791324  0.611348  0.499294  0.381221  0.460816  0.486388  0.623774  0.850204  0.854948  0.496347  0.421161  0.847016  0.863247  0.585390  0.900936  0.822748  0.643272  0.486446  0.967910  0.861521  0.730398  0.791163  0.830575  0.814601  0.644951  0.770560  0.897290  0.621574  0.795592  0.936817  0.757162 
3  0.982562  0.301473  0.857901 0.0  0.159938  0.457068  0.839017  0.426548  0.430221  0.143425  0.627057  0.492767  0.256285  0.501658  0.836158  0.828254  0.650235  0.301205  0.918895  0.379346  0.243204  0.301804  0.469831  0.868023  0.868467  0.441981  0.836243  0.656994  0.644318  0.778021  0.666383  0.337443  0.135867  0.312545  0.609270  0.307660  0.516566  0.499446  0.783117  0.199951  0.783555  0.675013  0.413244  0.221192 
4  0.821582  0.395647  0.705869  0.159938 0.0  0.440787  0.932076  0.309291  0.236437  0.020698  0.647852  0.493267  0.151068  0.494946  0.739408  0.746876  0.557421  0.334743  0.809969  0.386579  0.298140  0.243584  0.374732  0.918915  0.893205  0.537145  0.768460  0.676710  0.682771  0.653704  0.795833  0.339173  0.205430  0.310147  0.625087  0.153595  0.449866  0.442479  0.697648  0.157162  0.726169  0.548512  0.576652  0.238859 
5  0.751176  0.172223  0.490292  0.457068  0.440787 0.0  0.569612  0.404828  0.130239  0.552766  0.457820  0.757438  0.313608  0.417561  0.582188  0.428712  0.836437  0.167174  0.566124  0.635080  0.441679  0.333238  0.036183  0.762140  0.870048  0.442211  0.495324  0.854025  0.927327  0.727569  0.831279  0.364799  0.363370  0.328105  0.812301  0.460315  0.445297  0.562978  0.664082  0.419898  0.561375  0.816994  0.367931  0.185799 
6  0.535325  0.496138  0.627946  0.839017  0.932076  0.569612 0.0  0.776677  0.566695  0.782878  0.374552  0.443508  0.622365  0.735870  0.062188  0.098114  0.864849  0.587941  0.173250  0.582190  0.918016  0.830355  0.532463  0.812843  0.414597  0.831867  0.193179  0.522980  0.423080  0.227953  0.883721  0.789796  0.791325  0.542627  0.455809  0.763127  0.763258  0.676815  0.315161  0.866826  0.053618  0.438106  0.901571  0.745488 
7  0.623909  0.447658  0.745487  0.426548  0.309291  0.404828  0.776677 0.0  0.286392  0.335268  0.563577  0.891986  0.227777  0.143092  0.746170  0.885251  0.862131  0.398548  0.814248  0.607539  0.300932  0.421576  0.395065  0.458506  0.495441  0.000000  0.744064  0.845328  0.750757  0.627883  0.583648  0.218656  0.305156  0.190797  0.775413  0.445608  0.057097  0.517476  0.730648  0.348865  0.963100  0.785206  0.000000  0.246425 
8  0.773632  0.031814  0.644327  0.430221  0.236437  0.130239  0.566695  0.286392 0.0  0.331261  0.282663  0.758765  0.217302  0.386797  0.709099  0.376431  0.664192  0.066567  0.553233  0.578758  0.429750  0.248532  0.122511  0.776118  0.817436  0.255429  0.597276  0.809093  0.833229  0.677366  0.766140  0.377010  0.313368  0.331660  0.753134  0.327930  0.350588  0.516075  0.683600  0.358817  0.372681  0.796569  0.360633  0.267691 
9  0.734966  0.430995  0.877613  0.143425  0.020698  0.552766  0.782878  0.335268  0.331261 0.0  0.631712  0.519911  0.068656  0.275464  0.824386  0.874744  0.534147  0.336926  0.865917  0.267327  0.190151  0.051867  0.374696  0.788319  0.722900  0.348758  0.689120  0.353749  0.492507  0.685384  0.781458  0.352543  0.100147  0.289099  0.390268  0.013824  0.297527  0.205305  0.737834  0.086453  0.778618  0.412321  0.362983  0.275289 
10  0.498907  0.239334  0.352732  0.627057  0.647852  0.457820  0.374552  0.563577  0.282663  0.631712 0.0  0.554869  0.530301  0.485748  0.263416  0.275493  0.574087  0.193399  0.320610  0.629928  0.564669  0.738621  0.448502  0.503324  0.586132  0.603817  0.383884  0.597937  0.647386  0.549144  0.631642  0.567238  0.602642  0.468164  0.654693  0.605353  0.646767  0.587837  0.537454  0.657655  0.356806  0.685020  0.526461  0.443386 
11  0.375430  0.808347  0.748979  0.492767  0.493267  0.757438  0.443508  0.891986  0.758765  0.519911  0.554869 0.0  0.706247  0.831063  0.357217  0.359733  0.560125  0.799276  0.394229  0.263239  0.373501  0.458654  0.806521  0.843998  0.368751  0.714707  0.380586  0.037337  0.141133  0.234126  0.779752  0.814864  0.472313  0.703117  0.087380  0.427841  0.715817  0.331321  0.216088  0.435336  0.226048  0.033328  0.864273  0.730408 
12  0.675757  0.268925  0.670812  0.256285  0.151068  0.313608  0.622365  0.227777  0.217302  0.068656  0.530301  0.706247 0.0  0.228355  0.788264  0.722097  0.684214  0.317114  0.677685  0.390729  0.309212  0.198870  0.289297  0.736270  0.558432  0.301770  0.651269  0.740442  0.843420  0.685470  0.784007  0.213013  0.251064  0.281985  0.694447  0.204616  0.255486  0.472151  0.583105  0.223565  0.732243  0.726466  0.286528  0.203043 
13  0.558957  0.320644  0.791324  0.501658  0.494946  0.417561  0.735870  0.143092  0.386797  0.275464  0.485748  0.831063  0.228355 0.0  0.687751  0.711222  0.809946  0.276571  0.875031  0.702585  0.426319  0.438635  0.400327  0.467600  0.622690  0.160669  0.862621  0.994751  0.828930  0.677834  0.505609  0.119301  0.529106  0.342497  0.778593  0.401999  0.173033  0.636210  0.700797  0.513184  0.767266  0.968464  0.268816  0.303512 
14  0.212858  0.461049  0.611348  0.836158  0.739408  0.582188  0.062188  0.746170  0.709099  0.824386  0.263416  0.357217  0.788264  0.687751 0.0  0.051543  0.765340  0.430010  0.160099  0.578689  0.777230  0.868178  0.580085  0.731456  0.268901  0.703149  0.244876  0.326659  0.373546  0.225257  0.829890  0.768966  0.782741  0.692666  0.281971  0.775404  0.779320  0.530505  0.220714  0.614218  0.000000  0.392493  0.733153  0.634291 
15  0.360500  0.468177  0.499294  0.828254  0.746876  0.428712  0.098114  0.885251  0.376431  0.874744  0.275493  0.359733  0.722097  0.711222  0.051543 0.0  0.779976  0.433560  0.142619  0.475157  0.755032  0.738363  0.582709  0.777263  0.246225  0.692992  0.050625  0.211831  0.281417  0.391811  0.786190  0.881319  0.767976  0.668626  0.341754  0.814589  0.724368  0.552757  0.189551  0.781391  0.000000  0.370742  0.691163  0.779010 
16  0.835836  0.716662  0.381221  0.650235  0.557421  0.836437  0.864849  0.862131  0.664192  0.534147  0.574087  0.560125  0.684214  0.809946  0.765340  0.779976 0.0  0.720152  0.809002  0.415502  0.653683  0.634638  0.820586  0.334564  0.835022  0.895827  0.782035  0.568952  0.594943  0.677691  0.319992  0.700467  0.482584  0.779908  0.598317  0.570991  0.937490  0.454786  0.737910  0.717117  0.795389  0.559272  0.922646  0.623237 
17  0.681694  0.229289  0.460816  0.301205  0.334743  0.167174  0.587941  0.398548  0.066567  0.336926  0.193399  0.799276  0.317114  0.276571  0.430010  0.433560  0.720152 0.0  0.588387  0.552123  0.409633  0.211667  0.104462  0.744094  0.800632  0.392672  0.432287  0.795722  0.760598  0.737236  0.972361  0.368819  0.411561  0.288210  0.914485  0.341230  0.319935  0.668721  0.686513  0.253400  0.609458  0.711160  0.401306  0.419009 
18  0.470207  0.585246  0.486388  0.918895  0.809969  0.566124  0.173250  0.814248  0.553233  0.865917  0.320610  0.394229  0.677685  0.875031  0.160099  0.142619  0.809002  0.588387 0.0  0.530577  0.854562  0.767418  0.583051  0.921999  0.432406  0.862598  0.187463  0.438544  0.465032  0.302094  0.909732  0.765936  0.962659  0.677138  0.407711  0.842737  0.690174  0.570512  0.310891  0.834561  0.114408  0.319138  0.877442  0.731669 
19  0.673743  0.479907  0.623774  0.379346  0.386579  0.635080  0.582190  0.607539  0.578758  0.267327  0.629928  0.263239  0.390729  0.702585  0.578689  0.475157  0.415502  0.552123  0.530577 0.0  0.366252  0.592605  0.641316  0.799361  0.701948  0.727788  0.593042  0.455503  0.462514  0.459895  0.593988  0.632685  0.477752  0.488544  0.404027  0.300148  0.683264  0.397542  0.485161  0.392149  0.434910  0.341698  0.658864  0.421004 
20  0.871833  0.290810  0.850204  0.243204  0.298140  0.441679  0.918016  0.300932  0.429750  0.190151  0.564669  0.373501  0.309212  0.426319  0.777230  0.755032  0.653683  0.409633  0.854562  0.366252 0.0  0.159700  0.246095  0.829038  0.810529  0.522923  0.790730  0.621767  0.649695  0.717059  0.865324  0.462986  0.135854  0.178026  0.629783  0.297650  0.464091  0.438622  0.709441  0.175013  0.833787  0.642438  0.587403  0.239727 
21  0.825421  0.353476  0.854948  0.301804  0.243584  0.333238  0.830355  0.421576  0.248532  0.051867  0.738621  0.458654  0.198870  0.438635  0.868178  0.738363  0.634638  0.211667  0.767418  0.592605  0.159700 0.0  0.436200  0.994234  0.848645  0.498627  0.723568  0.613277  0.598243  0.717310  0.680850  0.403857  0.126881  0.348236  0.557913  0.200481  0.534573  0.398058  0.650944  0.185239  0.721721  0.699744  0.328465  0.256815 
22  0.864156  0.053610  0.496347  0.469831  0.374732  0.036183  0.532463  0.395065  0.122511  0.374696  0.448502  0.806521  0.289297  0.400327  0.580085  0.582709  0.820586  0.104462  0.583051  0.641316  0.246095  0.436200 0.0  0.914660  0.794414  0.338465  0.636964  0.734667  0.758682  0.759173  0.843595  0.433697  0.337526  0.322355  0.797652  0.424296  0.332265  0.569021  0.632593  0.410359  0.576733  0.773285  0.499514  0.268250 
23  0.630224  0.793075  0.421161  0.868023  0.918915  0.762140  0.812843  0.458506  0.776118  0.788319  0.503324  0.843998  0.736270  0.467600  0.731456  0.777263  0.334564  0.744094  0.921999  0.799361  0.829038  0.994234  0.914660 0.0  0.629570  0.563665  0.812336  0.989049  0.850185  0.600095  0.003616  0.557737  0.829430  0.659151  0.893323  0.920642  0.739804  0.670366  0.605366  0.748030  0.807025  0.966192  0.656819  0.576403 
24  0.143524  0.797025  0.847016  0.868467  0.893205  0.870048  0.414597  0.495441  0.817436  0.722900  0.586132  0.368751  0.558432  0.622690  0.268901  0.246225  0.835022  0.800632  0.432406  0.701948  0.810529  0.848645  0.794414  0.629570 0.0  0.655307  0.308559  0.463174  0.406129  0.408482  0.496406  0.472584  0.957053  0.638687  0.469853  0.857871  0.678861  0.706789  0.259480  0.877483  0.365537  0.413587  0.722776  0.715065 
25  0.669074  0.408505  0.863247  0.441981  0.537145  0.442211  0.831867  0.000000  0.255429  0.348758  0.603817  0.714707  0.301770  0.160669  0.703149  0.692992  0.895827  0.392672  0.862598  0.727788  0.522923  0.498627  0.338465  0.563665  0.655307 0.0  0.849010  0.958961  0.882328  0.810226  0.420899  0.079594  0.499332  0.162005  0.874364  0.530485  0.129698  0.631341  0.644710  0.407807  0.723305  0.897597  0.237548  0.278381 
26  0.372191  0.482866  0.585390  0.836243  0.768460  0.495324  0.193179  0.744064  0.597276  0.689120  0.383884  0.380586  0.651269  0.862621  0.244876  0.050625  0.782035  0.432287  0.187463  0.593042  0.790730  0.723568  0.636964  0.812336  0.308559  0.849010 0.0  0.428494  0.320813  0.274124  0.746578  0.857615  0.781880  0.699530  0.376583  0.655237  0.785388  0.552581  0.280447  0.814630  0.109982  0.301316  0.774433  0.718517 
27  0.456420  0.655156  0.900936  0.656994  0.676710  0.854025  0.522980  0.845328  0.809093  0.353749  0.597937  0.037337  0.740442  0.994751  0.326659  0.211831  0.568952  0.795722  0.438544  0.455503  0.621767  0.613277  0.734667  0.989049  0.463174  0.958961  0.428494 0.0  0.188015  0.323712  0.767413  0.864769  0.615822  0.684458  0.277125  0.729354  0.819564  0.483390  0.275620  0.543460  0.333104  0.229941  0.844697  0.744240 
28  0.440067  0.694653  0.822748  0.644318  0.682771  0.927327  0.423080  0.750757  0.833229  0.492507  0.647386  0.141133  0.843420  0.828930  0.373546  0.281417  0.594943  0.760598  0.465032  0.462514  0.649695  0.598243  0.758682  0.850185  0.406129  0.882328  0.320813  0.188015 0.0  0.254734  0.721668  0.803735  0.696412  0.648472  0.134275  0.679177  0.859488  0.430030  0.350850  0.610639  0.307081  0.194117  0.903979  0.670982 
29  0.264081  0.758891  0.643272  0.778021  0.653704  0.727569  0.227953  0.627883  0.677366  0.685384  0.549144  0.234126  0.685470  0.677834  0.225257  0.391811  0.677691  0.737236  0.302094  0.459895  0.717059  0.717310  0.759173  0.600095  0.408482  0.810226  0.274124  0.323712  0.254734 0.0  0.659621  0.639776  0.708900  0.631959  0.291863  0.671774  0.682574  0.582179  0.285033  0.867697  0.277635  0.367747  0.676733  0.703641 
30  0.486340  0.843192  0.486446  0.666383  0.795833  0.831279  0.883721  0.583648  0.766140  0.781458  0.631642  0.779752  0.784007  0.505609  0.829890  0.786190  0.319992  0.972361  0.909732  0.593988  0.865324  0.680850  0.843595  0.003616  0.496406  0.420899  0.746578  0.767413  0.721668  0.659621 0.0  0.559651  0.878820  0.733834  0.783934  0.847927  0.453923  0.543602  0.617296  0.767253  0.887079  0.793798  0.437817  0.772706 
31  0.561029  0.444150  0.967910  0.337443  0.339173  0.364799  0.789796  0.218656  0.377010  0.352543  0.567238  0.814864  0.213013  0.119301  0.768966  0.881319  0.700467  0.368819  0.765936  0.632685  0.462986  0.403857  0.433697  0.557737  0.472584  0.079594  0.857615  0.864769  0.803735  0.639776  0.559651 0.0  0.341097  0.289421  0.847441  0.412013  0.147552  0.556827  0.599771  0.454740  0.837844  0.855339  0.103686  0.362372 
32  0.971759  0.302391  0.861521  0.135867  0.205430  0.363370  0.791325  0.305156  0.313368  0.100147  0.602642  0.472313  0.251064  0.529106  0.782741  0.767976  0.482584  0.411561  0.962659  0.477752  0.135854  0.126881  0.337526  0.829430  0.957053  0.499332  0.781880  0.615822  0.696412  0.708900  0.878820  0.341097 0.0  0.260261  0.644059  0.230382  0.570090  0.274152  0.774655  0.191150  0.732029  0.577006  0.450939  0.213438 
33  0.619348  0.297063  0.730398  0.312545  0.310147  0.328105  0.542627  0.190797  0.331660  0.289099  0.468164  0.703117  0.281985  0.342497  0.692666  0.668626  0.779908  0.288210  0.677138  0.488544  0.178026  0.348236  0.322355  0.659151  0.638687  0.162005  0.699530  0.684458  0.648472  0.631959  0.733834  0.289421  0.260261 0.0  0.650002  0.216903  0.252768  0.491818  0.773968  0.230354  0.675369  0.703154  0.259259  0.364578 
34  0.565427  0.781298  0.791163  0.609270  0.625087  0.812301  0.455809  0.775413  0.753134  0.390268  0.654693  0.087380  0.694447  0.778593  0.281971  0.341754  0.598317  0.914485  0.407711  0.404027  0.629783  0.557913  0.797652  0.893323  0.469853  0.874364  0.376583  0.277125  0.134275  0.291863  0.783934  0.847441  0.644059  0.650002 0.0  0.625217  0.968273  0.457091  0.237341  0.594323  0.377452  0.202045  0.923902  0.706386 
35  0.905972  0.288558  0.830575  0.307660  0.153595  0.460315  0.763127  0.445608  0.327930  0.013824  0.605353  0.427841  0.204616  0.401999  0.775404  0.814589  0.570991  0.341230  0.842737  0.300148  0.297650  0.200481  0.424296  0.920642  0.857871  0.530485  0.655237  0.729354  0.679177  0.671774  0.847927  0.412013  0.230382  0.216903  0.625217 0.0  0.494763  0.346539  0.649160  0.223468  0.731278  0.613196  0.430496  0.306814 
36  0.597125  0.314311  0.814601  0.516566  0.449866  0.445297  0.763258  0.057097  0.350588  0.297527  0.646767  0.715817  0.255486  0.173033  0.779320  0.724368  0.937490  0.319935  0.690174  0.683264  0.464091  0.534573  0.332265  0.739804  0.678861  0.129698  0.785388  0.819564  0.859488  0.682574  0.453923  0.147552  0.570090  0.252768  0.968273  0.494763 0.0  0.764063  0.703896  0.489940  0.750829  0.865519  0.211870  0.276341 
37  0.836391  0.594854  0.644951  0.499446  0.442479  0.562978  0.676815  0.517476  0.516075  0.205305  0.587837  0.331321  0.472151  0.636210  0.530505  0.552757  0.454786  0.668721  0.570512  0.397542  0.438622  0.398058  0.569021  0.670366  0.706789  0.631341  0.552581  0.483390  0.430030  0.582179  0.543602  0.556827  0.274152  0.491818  0.457091  0.346539  0.764063 0.0  0.667631  0.382227  0.642389  0.462014  0.720156  0.414048 
38  0.213831  0.654870  0.770560  0.783117  0.697648  0.664082  0.315161  0.730648  0.683600  0.737834  0.537454  0.216088  0.583105  0.700797  0.220714  0.189551  0.737910  0.686513  0.310891  0.485161  0.709441  0.650944  0.632593  0.605366  0.259480  0.644710  0.280447  0.275620  0.350850  0.285033  0.617296  0.599771  0.774655  0.773968  0.237341  0.649160  0.703896  0.667631 0.0  0.698245  0.259654  0.267166  0.684355  0.605432 
39  1.000000  0.355820  0.897290  0.199951  0.157162  0.419898  0.866826  0.348865  0.358817  0.086453  0.657655  0.435336  0.223565  0.513184  0.614218  0.781391  0.717117  0.253400  0.834561  0.392149  0.175013  0.185239  0.410359  0.748030  0.877483  0.407807  0.814630  0.543460  0.610639  0.867697  0.767253  0.454740  0.191150  0.230354  0.594323  0.223468  0.489940  0.382227  0.698245 0.0  0.841227  0.676716  0.525945  0.203781 
40  0.320922  0.579764  0.621574  0.783555  0.726169  0.561375  0.053618  0.963100  0.372681  0.778618  0.356806  0.226048  0.732243  0.767266  0.000000  0.000000  0.795389  0.609458  0.114408  0.434910  0.833787  0.721721  0.576733  0.807025  0.365537  0.723305  0.109982  0.333104  0.307081  0.277635  0.887079  0.837844  0.732029  0.675369  0.377452  0.731278  0.750829  0.642389  0.259654  0.841227 0.0  0.337802  0.762804  0.643765 
41  0.448084  0.781792  0.795592  0.675013  0.548512  0.816994  0.438106  0.785206  0.796569  0.412321  0.685020  0.033328  0.726466  0.968464  0.392493  0.370742  0.559272  0.711160  0.319138  0.341698  0.642438  0.699744  0.773285  0.966192  0.413587  0.897597  0.301316  0.229941  0.194117  0.367747  0.793798  0.855339  0.577006  0.703154  0.202045  0.613196  0.865519  0.462014  0.267166  0.676716  0.337802 0.0  0.898267  0.621085 
42  0.516681  0.290254  0.936817  0.413244  0.576652  0.367931  0.901571  0.000000  0.360633  0.362983  0.526461  0.864273  0.286528  0.268816  0.733153  0.691163  0.922646  0.401306  0.877442  0.658864  0.587403  0.328465  0.499514  0.656819  0.722776  0.237548  0.774433  0.844697  0.903979  0.676733  0.437817  0.103686  0.450939  0.259259  0.923902  0.430496  0.211870  0.720156  0.684355  0.525945  0.762804  0.898267 0.0  0.346838 
43  0.738549  0.314958  0.757162  0.221192  0.238859  0.185799  0.745488  0.246425  0.267691  0.275289  0.443386  0.730408  0.203043  0.303512  0.634291  0.779010  0.623237  0.419009  0.731669  0.421004  0.239727  0.256815  0.268250  0.576403  0.715065  0.278381  0.718517  0.744240  0.670982  0.703641  0.772706  0.362372  0.213438  0.364578  0.706386  0.306814  0.276341  0.414048  0.605432  0.203781  0.643765  0.621085  0.346838 0.0 
