44
0 0.0  0.665434  0.656767  0.668826  0.512413  0.639881  0.763558  0.720757  0.249451  0.429629  0.521223  0.488151  0.816543  0.876816  0.550120  0.731129  0.402591  0.482021  0.695323  0.738476  0.405301  0.694442  0.244105  0.604336  0.887493  0.653938  0.736155  0.524392  0.402991  0.745976  0.312068  0.492279  0.339177  0.319590  0.512983  0.576514  0.211795  0.901065  0.582937  0.406037  0.856422  0.526416  0.597238  0.204469 
1  0.665434 0.0  0.654022  0.310119  0.511233  0.182786  0.111720  0.462305  0.759032  0.479539  0.490734  0.320606  0.321172  0.123500  0.408850  0.299876  0.782444  0.320677  0.130881  0.424512  0.382604  0.266484  0.694202  0.732217  0.132337  0.217994  0.356779  0.408565  0.756252  0.230362  0.641368  0.402684  0.848455  0.694228  0.377663  0.355048  0.628634  0.057717  0.586161  0.711004  0.000000  0.277084  0.132568  0.712840 
2  0.656767  0.654022 0.0  0.502736  0.611253  0.540617  0.699669  0.357799  0.382415  0.481800  0.580170  0.554643  0.346396  0.463586  0.640078  0.387396  0.377951  0.526903  0.343546  0.338360  0.531177  0.478881  0.556115  0.654727  0.638690  0.452444  0.437273  0.671426  0.347249  0.659109  0.299762  0.558720  0.341065  0.344465  0.599591  0.553730  0.629291  0.545846  0.342177  0.308654  0.578287  0.698152  0.443478  0.632642 
3  0.668826  0.310119  0.502736 0.0  0.373767  0.266502  0.473293  0.619757  0.427955  0.450052  0.392949  0.521021  0.600583  0.458650  0.439676  0.539830  0.567506  0.491156  0.471023  0.475994  0.453599  0.477482  0.484107  0.610397  0.363963  0.396135  0.438209  0.426827  0.698653  0.347847  0.517530  0.483578  0.521524  0.522401  0.517179  0.578937  0.607197  0.409017  0.499333  0.526354  0.444096  0.636757  0.493087  0.814171 
4  0.512413  0.511233  0.611253  0.373767 0.0  0.486549  0.696448  0.687910  0.265250  0.453325  0.262396  0.697012  0.668869  0.608368  0.206711  0.720333  0.358343  0.671710  0.712783  0.709382  0.275725  0.605501  0.236448  0.854196  0.662101  0.673304  0.668362  0.231183  0.303801  0.483880  0.304203  0.224484  0.233027  0.401521  0.819069  0.926351  0.510277  0.576516  0.654364  0.285755  0.549355  0.772266  0.621850  0.432863 
5  0.639881  0.182786  0.540617  0.266502  0.486549 0.0  0.082042  0.371394  0.535723  0.413850  0.363917  0.290601  0.256221  0.164153  0.413818  0.296700  0.724574  0.393585  0.318741  0.501824  0.428143  0.402767  0.615753  0.760877  0.175454  0.350083  0.295106  0.372249  0.793748  0.191314  0.679435  0.391657  0.846424  0.782716  0.466080  0.366541  0.669049  0.064381  0.540676  0.732290  0.061716  0.383341  0.328475  0.642139 
6  0.763558  0.111720  0.699669  0.473293  0.696448  0.082042 0.0  0.391613  0.706522  0.520374  0.629486  0.431383  0.278041  0.131177  0.636839  0.340486  0.800498  0.391638  0.222088  0.242308  0.530443  0.261110  0.774607  0.808638  0.189297  0.186480  0.197404  0.532047  0.699204  0.003262  0.702742  0.523363  0.753648  0.694813  0.357130  0.503448  0.762192  0.284230  0.579095  0.655621  0.209074  0.418162  0.255029  0.925825 
7  0.720757  0.462305  0.357799  0.619757  0.687910  0.371394  0.391613 0.0  0.666404  0.381206  0.833936  0.419532  0.082234  0.421189  0.766861  0.123598  0.486510  0.425329  0.306628  0.045675  0.782340  0.194209  0.657908  0.712502  0.420595  0.297396  0.295712  0.769332  0.524506  0.477515  0.509672  0.841697  0.589124  0.565923  0.439182  0.337088  0.772782  0.527931  0.399056  0.460505  0.344440  0.342852  0.124374  0.753623 
8  0.249451  0.759032  0.382415  0.427955  0.265250  0.535723  0.706522  0.666404 0.0  0.400510  0.333364  0.634210  0.688722  0.628653  0.280030  0.699936  0.416172  0.655529  0.629940  0.542420  0.253835  0.703434  0.281891  0.629970  0.607060  0.594870  0.643715  0.201016  0.268326  0.621336  0.265424  0.147281  0.278523  0.269277  0.567402  0.640492  0.228848  0.523251  0.464470  0.219246  0.724938  0.538036  0.653160  0.295972 
9  0.429629  0.479539  0.481800  0.450052  0.453325  0.413850  0.520374  0.381206  0.400510 0.0  0.554634  0.420407  0.477229  0.371113  0.443040  0.439339  0.434143  0.449540  0.511576  0.497945  0.413431  0.442463  0.511438  0.414834  0.456970  0.423116  0.594465  0.520422  0.522644  0.452216  0.533055  0.553736  0.557112  0.468491  0.426143  0.458106  0.567727  0.456861  0.595535  0.552173  0.452822  0.486828  0.403296  0.372401 
10  0.521223  0.490734  0.580170  0.392949  0.262396  0.363917  0.629486  0.833936  0.333364  0.554634 0.0  0.642437  0.680914  0.383910  0.139299  0.661526  0.392783  0.795083  0.618694  0.718259  0.216167  0.652516  0.271950  0.864199  0.473175  0.535155  0.776018  0.172517  0.389630  0.580959  0.380687  0.132329  0.375777  0.281518  0.797342  0.727249  0.400194  0.457637  0.511084  0.334020  0.621596  0.892976  0.718321  0.409028 
11  0.488151  0.320606  0.554643  0.521021  0.697012  0.290601  0.431383  0.419532  0.634210  0.420407  0.642437 0.0  0.304306  0.366686  0.775055  0.478243  0.849913  0.298961  0.269441  0.329825  0.718614  0.371429  0.664783  0.444874  0.307187  0.272908  0.125929  0.719445  0.671063  0.408276  0.750324  0.696280  0.727402  0.601934  0.101392  0.011842  0.425215  0.343533  0.602069  0.878642  0.227748  0.022515  0.174598  0.430094 
12  0.816543  0.321172  0.346396  0.600583  0.668869  0.256221  0.278041  0.082234  0.688722  0.477229  0.680914  0.304306 0.0  0.346027  0.848152  0.013655  0.510610  0.319708  0.265364  0.077029  0.749954  0.226193  0.694814  0.778698  0.362587  0.275655  0.327514  0.721328  0.487538  0.331083  0.575640  0.706021  0.459719  0.645722  0.344937  0.239450  0.721525  0.259034  0.435285  0.624057  0.308602  0.298441  0.235891  0.826657 
13  0.876816  0.123500  0.463586  0.458650  0.608368  0.164153  0.131177  0.421189  0.628653  0.371113  0.383910  0.366686  0.346027 0.0  0.569253  0.429558  0.768834  0.387860  0.261241  0.333787  0.511785  0.315154  0.637262  0.835381  0.144284  0.206962  0.193951  0.632245  0.829495  0.000000  0.728609  0.571261  0.784913  0.755242  0.286813  0.330524  0.811520  0.135664  0.591411  0.595539  0.203450  0.441589  0.247244  0.782590 
14  0.550120  0.408850  0.640078  0.439676  0.206711  0.413818  0.636839  0.766861  0.280030  0.443040  0.139299  0.775055  0.848152  0.569253 0.0  0.816861  0.453104  0.760857  0.657952  0.693546  0.233215  0.710629  0.240167  0.896267  0.592951  0.607444  0.601369  0.210070  0.455394  0.517941  0.388874  0.065245  0.360563  0.383608  0.824849  0.849867  0.476722  0.632157  0.683701  0.263674  0.585864  0.888933  0.691285  0.459016 
15  0.731129  0.299876  0.387396  0.539830  0.720333  0.296700  0.340486  0.123598  0.699936  0.439339  0.661526  0.478243  0.013655  0.429558  0.816861 0.0  0.487341  0.455040  0.295410  0.083990  0.729007  0.222273  0.648840  0.752416  0.329417  0.175881  0.312306  0.806498  0.510988  0.279051  0.473685  0.658581  0.449130  0.421938  0.427444  0.270589  0.701096  0.259791  0.360614  0.463819  0.332871  0.237681  0.222583  0.758363 
16  0.402591  0.782444  0.377951  0.567506  0.358343  0.724574  0.800498  0.486510  0.416172  0.434143  0.392783  0.849913  0.510610  0.768834  0.453104  0.487341 0.0  0.781034  0.685316  0.632425  0.388292  0.670592  0.340929  0.792824  0.826991  0.602315  0.657921  0.432970  0.124394  0.764850  0.145636  0.322706  0.065796  0.119954  0.766126  0.757561  0.378101  0.808902  0.394191  0.089789  0.868210  0.805909  0.627453  0.404768 
17  0.482021  0.320677  0.526903  0.491156  0.671710  0.393585  0.391638  0.425329  0.655529  0.449540  0.795083  0.298961  0.319708  0.387860  0.760857  0.455040  0.781034 0.0  0.227789  0.207621  0.683727  0.229559  0.700720  0.519974  0.418024  0.341546  0.253123  0.766987  0.739219  0.298879  0.753216  0.720521  0.587797  0.704261  0.110705  0.048384  0.578372  0.384902  0.665122  0.736460  0.295751  0.008064  0.205198  0.489469 
18  0.695323  0.130881  0.343546  0.471023  0.712783  0.318741  0.222088  0.306628  0.629940  0.511576  0.618694  0.269441  0.265364  0.261241  0.657952  0.295410  0.685316  0.227789 0.0  0.360902  0.696851  0.299752  0.709163  0.624410  0.262757  0.241523  0.291039  0.666946  0.523179  0.273503  0.702605  0.558588  0.630275  0.687308  0.273539  0.216521  0.631614  0.324095  0.423102  0.675065  0.240545  0.175632  0.393735  0.626103 
19  0.738476  0.424512  0.338360  0.475994  0.709382  0.501824  0.242308  0.045675  0.542420  0.497945  0.718259  0.329825  0.077029  0.333787  0.693546  0.083990  0.632425  0.207621  0.360902 0.0  0.716675  0.204488  0.516078  0.797196  0.420276  0.213540  0.210896  0.769270  0.572903  0.469217  0.450071  0.684918  0.632299  0.468053  0.375403  0.188511  0.741556  0.340624  0.358693  0.544157  0.418810  0.328977  0.232649  0.724478 
20  0.405301  0.382604  0.531177  0.453599  0.275725  0.428143  0.530443  0.782340  0.253835  0.413431  0.216167  0.718614  0.749954  0.511785  0.233215  0.729007  0.388292  0.683727  0.696851  0.716675 0.0  0.603722  0.316119  0.853487  0.622055  0.590214  0.712944  0.243225  0.342412  0.445922  0.440206  0.156825  0.357841  0.353704  0.780609  0.838304  0.462734  0.586416  0.572153  0.310466  0.571662  0.802193  0.715615  0.333045 
21  0.694442  0.266484  0.478881  0.477482  0.605501  0.402767  0.261110  0.194209  0.703434  0.442463  0.652516  0.371429  0.226193  0.315154  0.710629  0.222273  0.670592  0.229559  0.299752  0.204488  0.603722 0.0  0.635764  0.735688  0.243491  0.289048  0.310631  0.642021  0.738168  0.319228  0.683472  0.671556  0.692418  0.660859  0.222193  0.263906  0.651440  0.279803  0.479883  0.658406  0.368138  0.273040  0.297527  0.687515 
22  0.244105  0.694202  0.556115  0.484107  0.236448  0.615753  0.774607  0.657908  0.281891  0.511438  0.271950  0.664783  0.694814  0.637262  0.240167  0.648840  0.340929  0.700720  0.709163  0.516078  0.316119  0.635764 0.0  0.600560  0.714673  0.505762  0.615339  0.324344  0.287564  0.630367  0.236896  0.242068  0.291662  0.317217  0.707675  0.636887  0.249599  0.758736  0.388752  0.388588  0.580181  0.692511  0.601599  0.206413 
23  0.604336  0.732217  0.654727  0.610397  0.854196  0.760877  0.808638  0.712502  0.629970  0.414834  0.864199  0.444874  0.778698  0.835381  0.896267  0.752416  0.792824  0.519974  0.624410  0.797196  0.853487  0.735688  0.600560 0.0  0.789879  0.679615  0.578418  0.818493  0.754926  0.644992  0.764534  0.795697  0.734781  0.647270  0.475117  0.581680  0.661614  0.832287  0.612700  0.666171  0.810677  0.553372  0.617547  0.602461 
24  0.887493  0.132337  0.638690  0.363963  0.662101  0.175454  0.189297  0.420595  0.607060  0.456970  0.473175  0.307187  0.362587  0.144284  0.592951  0.329417  0.826991  0.418024  0.262757  0.420276  0.622055  0.243491  0.714673  0.789879 0.0  0.362870  0.242420  0.495958  0.753800  0.218119  0.746726  0.624866  0.633240  0.746168  0.366737  0.424524  0.872668  0.151309  0.545515  0.737818  0.176339  0.563308  0.205377  0.818600 
25  0.653938  0.217994  0.452444  0.396135  0.673304  0.350083  0.186480  0.297396  0.594870  0.423116  0.535155  0.272908  0.275655  0.206962  0.607444  0.175881  0.602315  0.341546  0.241523  0.213540  0.590214  0.289048  0.505762  0.679615  0.362870 0.0  0.267028  0.673042  0.746659  0.257419  0.621676  0.733686  0.547062  0.575811  0.270758  0.184075  0.587772  0.222958  0.460856  0.641293  0.308384  0.284890  0.190425  0.642455 
26  0.736155  0.356779  0.437273  0.438209  0.668362  0.295106  0.197404  0.295712  0.643715  0.594465  0.776018  0.125929  0.327514  0.193951  0.601369  0.312306  0.657921  0.253123  0.291039  0.210896  0.712944  0.310631  0.615339  0.578418  0.242420  0.267028 0.0  0.661352  0.608200  0.178546  0.662376  0.598202  0.705133  0.730265  0.285996  0.262247  0.681169  0.218671  0.488608  0.665892  0.163930  0.291944  0.237376  0.648119 
27  0.524392  0.408565  0.671426  0.426827  0.231183  0.372249  0.532047  0.769332  0.201016  0.520422  0.172517  0.719445  0.721328  0.632245  0.210070  0.806498  0.432970  0.766987  0.666946  0.769270  0.243225  0.642021  0.324344  0.818493  0.495958  0.673042  0.661352 0.0  0.321997  0.589135  0.395771  0.131507  0.185720  0.317509  0.856934  0.888595  0.386536  0.624273  0.664243  0.236823  0.549127  0.930924  0.631021  0.462168 
28  0.402991  0.756252  0.347249  0.698653  0.303801  0.793748  0.699204  0.524506  0.268326  0.522644  0.389630  0.671063  0.487538  0.829495  0.455394  0.510988  0.124394  0.739219  0.523179  0.572903  0.342412  0.738168  0.287564  0.754926  0.753800  0.746659  0.608200  0.321997 0.0  0.685288  0.088811  0.327147  0.129213  0.147115  0.790911  0.780248  0.476475  0.797463  0.344147  0.200452  0.785974  0.804292  0.678405  0.374030 
29  0.745976  0.230362  0.659109  0.347847  0.483880  0.191314  0.003262  0.477515  0.621336  0.452216  0.580959  0.408276  0.331083  0.000000  0.517941  0.279051  0.764850  0.298879  0.273503  0.469217  0.445922  0.319228  0.630367  0.644992  0.218119  0.257419  0.178546  0.589135  0.685288 0.0  0.701154  0.458895  0.888006  0.800426  0.332662  0.375676  0.651398  0.065386  0.542536  0.705922  0.000000  0.267296  0.197078  0.651012 
30  0.312068  0.641368  0.299762  0.517530  0.304203  0.679435  0.702742  0.509672  0.265424  0.533055  0.380687  0.750324  0.575640  0.728609  0.388874  0.473685  0.145636  0.753216  0.702605  0.450071  0.440206  0.683472  0.236896  0.764534  0.746726  0.621676  0.662376  0.395771  0.088811  0.701154 0.0  0.242264  0.033804  0.242161  0.759560  0.742454  0.442488  0.739852  0.324846  0.360440  0.820549  0.685924  0.694060  0.358348 
31  0.492279  0.402684  0.558720  0.483578  0.224484  0.391657  0.523363  0.841697  0.147281  0.553736  0.132329  0.696280  0.706021  0.571261  0.065245  0.658581  0.322706  0.720521  0.558588  0.684918  0.156825  0.671556  0.242068  0.795697  0.624866  0.733686  0.598202  0.131507  0.327147  0.458895  0.242264 0.0  0.259596  0.399128  0.873903  0.799653  0.443751  0.601467  0.662089  0.355031  0.626485  0.855590  0.718675  0.502584 
32  0.339177  0.848455  0.341065  0.521524  0.233027  0.846424  0.753648  0.589124  0.278523  0.557112  0.375777  0.727402  0.459719  0.784913  0.360563  0.449130  0.065796  0.587797  0.630275  0.632299  0.357841  0.692418  0.291662  0.734781  0.633240  0.547062  0.705133  0.185720  0.129213  0.888006  0.033804  0.259596 0.0  0.038410  0.784787  0.754537  0.265739  0.774583  0.323988  0.039033  0.729635  0.644626  0.712877  0.363259 
33  0.319590  0.694228  0.344465  0.522401  0.401521  0.782716  0.694813  0.565923  0.269277  0.468491  0.281518  0.601934  0.645722  0.755242  0.383608  0.421938  0.119954  0.704261  0.687308  0.468053  0.353704  0.660859  0.317217  0.647270  0.746168  0.575811  0.730265  0.317509  0.147115  0.800426  0.242161  0.399128  0.038410 0.0  0.848887  0.682008  0.258540  0.677193  0.377690  0.135139  0.684586  0.688786  0.683938  0.219464 
34  0.512983  0.377663  0.599591  0.517179  0.819069  0.466080  0.357130  0.439182  0.567402  0.426143  0.797342  0.101392  0.344937  0.286813  0.824849  0.427444  0.766126  0.110705  0.273539  0.375403  0.780609  0.222193  0.707675  0.475117  0.366737  0.270758  0.285996  0.856934  0.790911  0.332662  0.759560  0.873903  0.784787  0.848887 0.0  0.148302  0.487458  0.394913  0.587924  0.745971  0.413754  0.092638  0.332608  0.519502 
35  0.576514  0.355048  0.553730  0.578937  0.926351  0.366541  0.503448  0.337088  0.640492  0.458106  0.727249  0.011842  0.239450  0.330524  0.849867  0.270589  0.757561  0.048384  0.216521  0.188511  0.838304  0.263906  0.636887  0.581680  0.424524  0.184075  0.262247  0.888595  0.780248  0.375676  0.742454  0.799653  0.754537  0.682008  0.148302 0.0  0.560595  0.410865  0.650258  0.834906  0.518587  0.137766  0.223677  0.582705 
36  0.211795  0.628634  0.629291  0.607197  0.510277  0.669049  0.762192  0.772782  0.228848  0.567727  0.400194  0.425215  0.721525  0.811520  0.476722  0.701096  0.378101  0.578372  0.631614  0.741556  0.462734  0.651440  0.249599  0.661614  0.872668  0.587772  0.681169  0.386536  0.476475  0.651398  0.442488  0.443751  0.265739  0.258540  0.487458  0.560595 0.0  0.791048  0.526391  0.422252  1.000000  0.604799  0.708037  0.200980 
37  0.901065  0.057717  0.545846  0.409017  0.576516  0.064381  0.284230  0.527931  0.523251  0.456861  0.457637  0.343533  0.259034  0.135664  0.632157  0.259791  0.808902  0.384902  0.324095  0.340624  0.586416  0.279803  0.758736  0.832287  0.151309  0.222958  0.218671  0.624273  0.797463  0.065386  0.739852  0.601467  0.774583  0.677193  0.394913  0.410865  0.791048 0.0  0.674441  0.752455  0.243460  0.483946  0.319981  0.856677 
38  0.582937  0.586161  0.342177  0.499333  0.654364  0.540676  0.579095  0.399056  0.464470  0.595535  0.511084  0.602069  0.435285  0.591411  0.683701  0.360614  0.394191  0.665122  0.423102  0.358693  0.572153  0.479883  0.388752  0.612700  0.545515  0.460856  0.488608  0.664243  0.344147  0.542536  0.324846  0.662089  0.323988  0.377690  0.587924  0.650258  0.526391  0.674441 0.0  0.364799  0.583115  0.547261  0.430872  0.598092 
39  0.406037  0.711004  0.308654  0.526354  0.285755  0.732290  0.655621  0.460505  0.219246  0.552173  0.334020  0.878642  0.624057  0.595539  0.263674  0.463819  0.089789  0.736460  0.675065  0.544157  0.310466  0.658406  0.388588  0.666171  0.737818  0.641293  0.665892  0.236823  0.200452  0.705922  0.360440  0.355031  0.039033  0.135139  0.745971  0.834906  0.422252  0.752455  0.364799 0.0  0.720415  0.794585  0.670907  0.319927 
40  0.856422  0.000000  0.578287  0.444096  0.549355  0.061716  0.209074  0.344440  0.724938  0.452822  0.621596  0.227748  0.308602  0.203450  0.585864  0.332871  0.868210  0.295751  0.240545  0.418810  0.571662  0.368138  0.580181  0.810677  0.176339  0.308384  0.163930  0.549127  0.785974  0.000000  0.820549  0.626485  0.729635  0.684586  0.413754  0.518587  1.000000  0.243460  0.583115  0.720415 0.0  0.411574  0.254667  0.841199 
41  0.526416  0.277084  0.698152  0.636757  0.772266  0.383341  0.418162  0.342852  0.538036  0.486828  0.892976  0.022515  0.298441  0.441589  0.888933  0.237681  0.805909  0.008064  0.175632  0.328977  0.802193  0.273040  0.692511  0.553372  0.563308  0.284890  0.291944  0.930924  0.804292  0.267296  0.685924  0.855590  0.644626  0.688786  0.092638  0.137766  0.604799  0.483946  0.547261  0.794585  0.411574 0.0  0.230080  0.651682 
42  0.597238  0.132568  0.443478  0.493087  0.621850  0.328475  0.255029  0.124374  0.653160  0.403296  0.718321  0.174598  0.235891  0.247244  0.691285  0.222583  0.627453  0.205198  0.393735  0.232649  0.715615  0.297527  0.601599  0.617547  0.205377  0.190425  0.237376  0.631021  0.678405  0.197078  0.694060  0.718675  0.712877  0.683938  0.332608  0.223677  0.708037  0.319981  0.430872  0.670907  0.254667  0.230080 0.0  0.554798 
43  0.204469  0.712840  0.632642  0.814171  0.432863  0.642139  0.925825  0.753623  0.295972  0.372401  0.409028  0.430094  0.826657  0.782590  0.459016  0.758363  0.404768  0.489469  0.626103  0.724478  0.333045  0.687515  0.206413  0.602461  0.818600  0.642455  0.648119  0.462168  0.374030  0.651012  0.358348  0.502584  0.363259  0.219464  0.519502  0.582705  0.200980  0.856677  0.598092  0.319927  0.841199  0.651682  0.554798 0.0 
