146
0 0.0  0.717434  0.978377  0.507756  0.582403  0.549381  0.522835  0.475472  0.512232  0.561533  0.573270  0.634795  0.552751  0.650667  0.524551  0.690544  0.515852  0.646736  0.524718  0.477054  0.545620  0.537977  0.717307  0.766231  0.521077  0.550804  0.575306  0.508161  0.639094  0.694103  0.724929  0.632830  0.528817  0.687263  0.796020  0.540632  0.794884  0.794199  0.579984  0.597078  0.749377  0.484466  0.620400  0.503008  0.876995  0.616823  0.671621  0.521216  0.591471  0.567865  0.593297  0.636641  0.455115  0.557161  0.484786  0.457914  0.601922  0.470895  0.562108  0.659430  0.383384  0.598847  0.706670  0.745551  0.589085  0.550774  0.556622  0.762689  0.517039  0.485536  0.598064  0.525938  0.603188  0.561005  0.484791  0.454047  0.635879  0.699144  0.635173  0.700779  0.528450  0.446266  0.433832  0.687473  0.522087  0.741132  0.656278  0.632661  0.665684  0.501593  0.824399  0.760118  0.451505  0.739273  0.569976  0.428478  0.453111  0.762780  0.577036  0.472048  0.588817  0.615126  0.577254  0.605056  0.668690  0.476778  0.604698  0.695642  0.656415  0.737201  0.600915  0.682012  0.757634  0.517587  0.655782  0.515549  0.677026  0.427875  0.613410  0.780460  0.793212  0.614239  0.583978  0.821149  0.404935  0.611059  0.579206  0.475486  0.644443  0.716437  0.694639  0.610645  0.501885  0.541991  0.703890  0.554278  0.610603  0.557633  0.566211  0.830794  0.498808  0.684162  0.677219  0.576448  0.808371  0.603988 
1  0.717434 0.0  0.443913  0.661555  0.693639  0.825453  0.595019  0.788331  0.948383  0.568242  0.629743  0.621544  0.661786  0.636414  0.893267  0.581354  0.559129  0.616195  0.880108  0.821760  0.547536  0.583814  0.452553  0.411109  0.764790  0.645786  0.803286  0.592347  0.512055  0.688388  0.492314  0.765106  0.562648  0.570847  0.525637  0.471457  0.467878  0.578127  0.687980  0.626261  0.681215  0.821541  0.684188  0.891171  0.448736  0.850009  0.512634  0.801967  0.543491  0.699093  0.819071  0.508045  0.907902  0.749427  0.745530  0.675069  0.642418  0.834597  0.616124  0.689949  0.775844  0.608552  0.591286  0.632433  0.780795  0.857173  0.665089  0.387206  0.533009  0.671803  0.780416  0.800539  0.508243  0.813785  0.513216  0.788169  0.819920  0.692959  0.499264  0.477928  0.819780  0.684302  0.627044  0.433588  0.547994  0.591144  0.870138  0.620166  0.583250  0.669072  0.474451  0.525926  1.000000  0.556243  0.787874  0.850525  0.676532  0.457463  0.648498  0.634306  0.556645  0.623513  0.588802  0.669784  0.591175  0.618382  0.677221  0.588001  0.730314  0.563653  0.518797  0.807894  0.825046  0.595997  0.500335  0.756807  0.611768  0.765483  0.584487  0.489167  0.539686  0.636778  0.687824  0.424237  0.778674  0.612496  0.447300  0.758852  0.504168  0.504007  0.687376  0.611975  0.660879  0.743709  0.577644  0.699407  0.591901  0.669355  0.550266  0.652605  0.754315  0.737149  0.593675  0.694517  0.544582  0.561604 
2  0.978377  0.443913 0.0  0.848206  0.632983  0.835999  0.512280  0.654736  0.795341  0.497544  0.741983  0.568227  0.689343  0.627184  0.931810  0.555160  0.644546  0.519481  0.656153  0.751104  0.634362  0.573167  0.580787  0.499246  0.811262  0.695473  0.788899  0.797821  0.510440  0.607740  0.576170  0.565446  0.607602  0.498396  0.471415  0.606325  0.535298  0.641025  0.638354  0.576080  0.560279  0.977281  0.780599  0.823497  0.411325  0.811279  0.554441  0.898591  0.570595  0.610557  0.663608  0.552050  0.662500  0.911294  0.918007  0.679162  0.663836  0.941572  0.753336  0.713717  0.725636  0.576171  0.619596  0.621232  0.546830  0.756789  0.784001  0.409130  0.726628  0.683626  0.701148  0.723166  0.644370  0.922570  0.483641  0.761194  0.798244  0.642698  0.531699  0.409985  0.814346  0.742134  0.726567  0.641584  0.653339  0.558799  0.744051  0.609148  0.645853  0.587021  0.517556  0.515428  0.942182  0.641899  0.906027  0.790849  0.750443  0.429556  0.646660  0.754024  0.575781  0.625326  0.581670  0.639050  0.536678  0.740669  0.597347  0.598721  0.688544  0.412393  0.480472  0.807698  0.631305  0.757999  0.628102  0.569398  0.404507  0.844081  0.627374  0.351437  0.523012  0.640405  0.599131  0.438083  0.716195  0.670606  0.462324  0.637166  0.442319  0.560077  0.607245  0.658033  0.710198  0.720909  0.753246  0.667051  0.684651  0.602962  0.692997  0.681299  0.717307  0.618202  0.629136  0.720707  0.501941  0.481212 
3  0.507756  0.661555  0.848206 0.0  0.696445  0.468691  0.624086  0.446306  0.475755  0.608463  0.628075  0.686479  0.557134  0.690726  0.361864  0.682095  0.489897  0.596742  0.272407  0.602472  0.550641  0.551265  0.607627  0.774075  0.413624  0.648033  0.475439  0.687285  0.699581  0.723934  0.580533  0.643286  0.532990  0.567876  0.825240  0.484466  0.648811  0.885113  0.831001  0.708710  0.740081  0.314859  0.397222  0.357639  0.811767  0.440567  0.662300  0.370835  0.561286  0.690769  0.392475  0.635534  0.303875  0.521825  0.592285  0.475345  0.601535  0.321999  0.636194  0.618002  0.239034  0.599151  0.711200  0.720431  0.442361  0.323283  0.360062  0.723816  0.481280  0.624443  0.532613  0.630759  0.519513  0.438965  0.694984  0.313973  0.829381  0.714353  0.628352  0.736962  0.565785  0.504210  0.509152  0.592885  0.527968  0.558870  0.600440  0.574336  0.701742  0.500992  0.738210  0.742840  0.396769  0.637544  0.418092  0.528026  0.480846  0.708048  0.472305  0.497411  0.483236  0.537522  0.793766  0.526515  0.555173  0.589184  0.456577  0.802634  0.366266  0.729552  0.616479  0.655659  0.688526  0.629897  0.747078  0.584474  0.774949  0.337942  0.557261  0.641473  0.583034  0.544078  0.735255  0.600225  0.553474  0.494144  0.589223  0.580541  0.659491  0.731063  0.660184  0.548399  0.526742  0.633767  0.824813  0.573848  0.595264  0.600846  0.625002  0.720052  0.470490  0.763985  0.551759  0.486501  0.611152  0.544647 
4  0.582403  0.693639  0.632983  0.696445 0.0  0.646724  0.606924  0.579051  0.572850  0.491831  0.547199  0.428584  0.532519  0.590236  0.664605  0.504496  0.432009  0.365020  0.607692  0.409204  0.463775  0.567831  0.513553  0.590730  0.595345  0.646794  0.608720  0.408884  0.575709  0.369725  0.447543  0.435339  0.768995  0.644451  0.717712  0.602506  0.573689  0.485436  0.434837  0.719241  0.635353  0.609607  0.441307  0.516924  0.661216  0.679748  0.669107  0.486217  0.449866  0.547054  0.479566  0.556382  0.595386  0.640098  0.536091  0.586546  0.632998  0.609889  0.688116  0.640273  0.687817  0.608419  0.590819  0.449038  0.645461  0.596424  0.571963  0.645881  0.570095  0.533000  0.509832  0.592729  0.449189  0.587518  0.503772  0.530144  0.661940  0.594939  0.486981  0.639283  0.593308  0.610355  0.538146  0.647859  0.480285  0.469405  0.590886  0.518729  0.466144  0.503639  0.696203  0.570075  0.578157  0.580751  0.505352  0.564214  0.647766  0.731082  0.589772  0.611291  0.510599  0.585320  0.546893  0.547639  0.456290  0.547852  0.579468  0.528099  0.515120  0.644422  0.624850  0.437968  0.565424  0.446711  0.532428  0.471031  0.532670  0.606612  0.607921  0.490212  0.544153  0.471036  0.401312  0.432131  0.585692  0.622904  0.554111  0.473987  0.553244  0.651578  0.501403  0.589666  0.575638  0.415339  0.495948  0.594726  0.599478  0.629985  0.483683  0.582021  0.647227  0.427323  0.676378  0.589982  0.750598  0.634174 
5  0.549381  0.825453  0.835999  0.468691  0.646724 0.0  0.572138  0.622653  0.380674  0.653548  0.547830  0.732677  0.508685  0.628034  0.410433  0.721762  0.561699  0.643971  0.431504  0.550974  0.800718  0.618553  0.666018  0.682509  0.443073  0.668979  0.580965  0.704120  0.620921  0.543110  0.666872  0.655271  0.708913  0.658447  0.673629  0.772637  0.731642  0.557078  0.632628  0.589876  0.623773  0.467552  0.430483  0.463781  0.541405  0.443490  0.821267  0.412474  0.514636  0.715292  0.489287  0.713778  0.425634  0.596644  0.613266  0.540584  0.614440  0.474806  0.698190  0.724015  0.531619  0.746862  0.677313  0.763059  0.846680  0.364344  0.478959  0.746397  0.629932  0.529773  0.812734  0.614733  0.656982  0.347263  0.722333  0.513486  0.635395  0.642298  0.611867  0.692244  0.774689  0.587479  0.550359  0.806445  0.667142  0.701277  0.690908  0.584612  0.791455  0.797331  0.756175  0.638189  0.309337  0.760310  0.376531  0.378806  0.785046  0.708511  0.710645  0.677205  0.595184  0.645500  0.801431  0.553633  0.803275  0.691717  0.643272  0.719933  0.322027  0.678117  0.780560  0.698624  0.631576  0.553329  0.708837  0.530095  0.597269  0.415172  0.632202  0.688430  0.618556  0.702868  0.584334  0.630300  0.583718  0.527472  0.495944  0.523259  0.621956  0.795953  0.726033  0.612173  0.561106  0.521513  0.737647  0.563197  0.701923  0.679216  0.628253  0.716629  0.677919  0.795706  0.619306  0.831497  0.749580  0.756896 
6  0.522835  0.595019  0.512280  0.624086  0.606924  0.572138 0.0  0.471184  0.515274  0.452322  0.687599  0.586801  0.516873  0.630628  0.485172  0.637878  0.586808  0.640181  0.541546  0.616669  0.545350  0.617168  0.503933  0.650113  0.621128  0.547111  0.514158  0.482396  0.523374  0.686528  0.575897  0.565459  0.572413  0.754126  0.719339  0.623133  0.588671  0.610274  0.651918  0.680319  0.608915  0.618894  0.638373  0.442942  0.577592  0.481807  0.620578  0.498413  0.539694  0.530097  0.538763  0.507545  0.588496  0.516010  0.520133  0.541940  0.615461  0.554044  0.605254  0.685649  0.442051  0.491271  0.440329  0.622194  0.654738  0.522892  0.592986  0.562588  0.589124  0.498479  0.506838  0.592026  0.513380  0.509783  0.643175  0.526397  0.537696  0.729444  0.612239  0.731837  0.570319  0.572549  0.564738  0.555871  0.474237  0.561776  0.666701  0.474280  0.648592  0.477084  0.624368  0.741897  0.582600  0.611828  0.564971  0.592965  0.582631  0.576651  0.551227  0.505693  0.546356  0.451186  0.596044  0.634654  0.573628  0.529883  0.557401  0.747377  0.492854  0.725486  0.505329  0.621811  0.583191  0.507742  0.595676  0.595870  0.604110  0.580782  0.609475  0.811355  0.568660  0.628531  0.673060  0.597950  0.656564  0.543826  0.515089  0.612523  0.551591  0.613291  0.495906  0.566175  0.584795  0.651375  0.634197  0.555832  0.651532  0.595023  0.564385  0.631115  0.536414  0.713424  0.616046  0.595010  0.541609  0.545789 
7  0.475472  0.788331  0.654736  0.446306  0.579051  0.622653  0.471184 0.0  0.602986  0.524271  0.623845  0.503942  0.482592  0.621277  0.475004  0.514245  0.520325  0.623520  0.454287  0.521031  0.459886  0.545230  0.428028  0.611757  0.535954  0.550800  0.264488  0.616220  0.534534  0.698990  0.582234  0.519874  0.250235  0.462943  0.691978  0.406663  0.547615  0.626637  0.605570  0.686292  0.616748  0.623038  0.598027  0.628876  0.752488  0.628975  0.440361  0.610638  0.502296  0.402274  0.484218  0.686087  0.480515  0.332968  0.650164  0.464675  0.440099  0.485332  0.592063  0.410831  0.329040  0.270351  0.478986  0.668193  0.385440  0.545412  0.661358  0.602468  0.498304  0.399023  0.501515  0.638630  0.639023  0.614404  0.556172  0.494301  0.609644  0.651550  0.544529  0.616272  0.296169  0.515373  0.474692  0.536583  0.495841  0.530927  0.529587  0.571038  0.654363  0.479749  0.542862  0.544568  0.441395  0.478691  0.455743  0.600714  0.421310  0.659586  0.511070  0.462832  0.578734  0.297227  0.519554  0.302763  0.600477  0.540653  0.473071  0.709838  0.568819  0.589811  0.526699  0.680420  0.703069  0.510617  0.519722  0.486289  0.539499  0.428439  0.487693  0.587174  0.587023  0.638988  0.832751  0.455899  0.531702  0.219743  0.477809  0.538072  0.591737  0.575102  0.512173  0.482817  0.604326  0.494388  0.630566  0.547842  0.470923  0.489272  0.529566  0.613809  0.345394  0.699874  0.446045  0.415896  0.603271  0.395139 
8  0.512232  0.948383  0.795341  0.475755  0.572850  0.380674  0.515274  0.602986 0.0  0.630809  0.657264  0.587694  0.653970  0.708533  0.357328  0.660197  0.553665  0.613800  0.412546  0.438666  0.607511  0.552199  0.611536  0.746503  0.346469  0.530054  0.630327  0.612242  0.649630  0.533761  0.615886  0.712754  0.703247  0.736615  0.782879  0.652831  0.720558  0.671070  0.613296  0.676355  0.752066  0.377412  0.376823  0.399636  0.727309  0.321013  0.775415  0.353694  0.527628  0.665142  0.455131  0.618392  0.318377  0.485807  0.512010  0.448623  0.689025  0.511911  0.564056  0.617118  0.391139  0.629973  0.571562  0.726767  0.751431  0.348955  0.435021  0.848053  0.740311  0.719939  0.798977  0.670820  0.669114  0.402917  0.601080  0.494200  0.565568  0.541083  0.610100  0.679056  0.821678  0.498911  0.541107  0.840734  0.665477  0.615362  0.658963  0.455622  0.846695  0.594801  0.711235  0.713105  0.315628  0.855168  0.320649  0.433685  0.705904  0.660015  0.663080  0.642843  0.672992  0.654268  0.666789  0.530513  0.717968  0.527039  0.583132  0.751119  0.230959  0.560608  0.666168  0.532176  0.623400  0.485079  0.699408  0.611484  0.673568  0.459534  0.595217  0.735042  0.613822  0.621543  0.592790  0.636982  0.630664  0.711828  0.546372  0.495803  0.617655  0.684023  0.663922  0.543327  0.471983  0.407735  0.711039  0.628080  0.613868  0.673136  0.581460  0.644057  0.657073  0.855215  0.659782  0.690400  0.732731  0.715503 
9  0.561533  0.568242  0.497544  0.608463  0.491831  0.653548  0.452322  0.524271  0.630809 0.0  0.626237  0.407408  0.572947  0.622578  0.654784  0.437414  0.410009  0.488031  0.527165  0.439708  0.532686  0.600094  0.467255  0.572103  0.545578  0.506600  0.394886  0.514623  0.401425  0.431403  0.370689  0.532258  0.583344  0.488105  0.657618  0.481869  0.492774  0.525788  0.574537  0.655039  0.588890  0.744616  0.559956  0.497524  0.495813  0.514639  0.523769  0.603950  0.339499  0.375501  0.526394  0.534289  0.626317  0.540368  0.585024  0.463780  0.461450  0.641245  0.495276  0.697155  0.567712  0.614524  0.465962  0.556227  0.473171  0.533237  0.572516  0.556531  0.400054  0.483490  0.466192  0.609148  0.556714  0.532170  0.570365  0.521602  0.748421  0.537480  0.455070  0.633672  0.560039  0.612741  0.413517  0.532793  0.476147  0.436914  0.634710  0.517390  0.476026  0.512408  0.546932  0.552085  0.610732  0.553345  0.534811  0.560639  0.655195  0.644396  0.502688  0.491809  0.405574  0.496699  0.573322  0.452981  0.627324  0.564108  0.558638  0.426078  0.502702  0.539719  0.411862  0.519412  0.554780  0.338386  0.538870  0.543848  0.454526  0.749220  0.532465  0.616541  0.408570  0.384466  0.561806  0.447853  0.697841  0.545254  0.398405  0.565823  0.504167  0.602609  0.349787  0.616698  0.561131  0.416440  0.600638  0.575725  0.525079  0.491164  0.610233  0.355468  0.616315  0.583391  0.508495  0.565187  0.498991  0.520633 
10  0.573270  0.629743  0.741983  0.628075  0.547199  0.547830  0.687599  0.623845  0.657264  0.626237 0.0  0.644809  0.659965  0.656692  0.659872  0.647878  0.594990  0.659439  0.750853  0.562928  0.668030  0.646242  0.720182  0.562983  0.728329  0.682781  0.610771  0.748520  0.651800  0.671342  0.673336  0.533520  0.534424  0.615468  0.708627  0.559017  0.541851  0.583910  0.614156  0.695943  0.745902  0.539447  0.536217  0.695205  0.788222  0.667636  0.533425  0.549032  0.679534  0.554069  0.636779  0.669333  0.639021  0.581037  0.616483  0.570792  0.630715  0.723331  0.613520  0.757747  0.761914  0.712894  0.686545  0.562351  0.720075  0.599055  0.660690  0.712491  0.609788  0.706782  0.672512  0.570220  0.592459  0.503114  0.659005  0.547363  0.601062  0.564176  0.617250  0.561195  0.616528  0.669908  0.644239  0.649066  0.613710  0.558875  0.754616  0.598443  0.619599  0.585468  0.716859  0.762475  0.634544  0.561426  0.605305  0.574383  0.585601  0.644767  0.642975  0.719027  0.546890  0.578961  0.678363  0.532272  0.628676  0.682488  0.600545  0.687013  0.680692  0.711034  0.671184  0.686459  0.567119  0.450962  0.576606  0.553674  0.565332  0.555645  0.616222  0.585736  0.736480  0.549211  0.686195  0.640486  0.572840  0.740230  0.678509  0.704461  0.732191  0.604058  0.689051  0.572297  0.686062  0.716646  0.676993  0.616781  0.621756  0.621587  0.614096  0.629153  0.556887  0.463811  0.630577  0.718452  0.706516  0.687484 
11  0.634795  0.621544  0.568227  0.686479  0.428584  0.732677  0.586801  0.503942  0.587694  0.407408  0.644809 0.0  0.512080  0.814191  0.706988  0.484783  0.397030  0.431176  0.581995  0.610508  0.358237  0.502031  0.340802  0.401123  0.563962  0.583949  0.543860  0.494197  0.202394  0.429581  0.271369  0.688462  0.447443  0.396542  0.493161  0.312113  0.326000  0.452209  0.646557  0.592362  0.558149  0.713809  0.599577  0.628428  0.491885  0.628277  0.410268  0.610638  0.254088  0.403680  0.655906  0.332565  0.710299  0.530894  0.605014  0.502026  0.333712  0.696603  0.466455  0.598537  0.565683  0.434017  0.336803  0.604845  0.357271  0.686221  0.512149  0.395449  0.323944  0.428236  0.531998  0.704425  0.502553  0.694401  0.451801  0.575700  0.661732  0.477903  0.244871  0.554400  0.607721  0.641174  0.587070  0.421742  0.383507  0.403997  0.556996  0.443170  0.560259  0.371844  0.355406  0.474049  0.737381  0.482423  0.593004  0.562187  0.540936  0.512828  0.532072  0.521050  0.363857  0.490880  0.327395  0.504481  0.404416  0.522657  0.554438  0.495137  0.536777  0.413076  0.244181  0.480943  0.608996  0.413909  0.453066  0.568365  0.318524  0.605239  0.404051  0.553341  0.423662  0.435215  0.525217  0.446598  0.673456  0.477369  0.183960  0.584265  0.380247  0.372954  0.383012  0.394588  0.554646  0.319307  0.679355  0.705506  0.416694  0.410597  0.556161  0.322688  0.585266  0.614718  0.428567  0.329298  0.472220  0.363671 
12  0.552751  0.661786  0.689343  0.557134  0.532519  0.508685  0.516873  0.482592  0.653970  0.572947  0.659965  0.512080 0.0  0.555434  0.499081  0.696298  0.516794  0.646238  0.598116  0.505407  0.500009  0.623554  0.504143  0.530371  0.550895  0.464657  0.527952  0.567638  0.441401  0.635638  0.514635  0.619862  0.548663  0.524954  0.685345  0.526046  0.542080  0.544438  0.669940  0.653742  0.455082  0.700136  0.643717  0.539894  0.609757  0.507028  0.559101  0.571300  0.576289  0.482592  0.605504  0.551647  0.557651  0.485257  0.565492  0.520040  0.528812  0.687841  0.543296  0.652067  0.522522  0.503427  0.491264  0.579030  0.566948  0.540670  0.616670  0.495284  0.555008  0.531417  0.552449  0.731163  0.537363  0.594388  0.557120  0.603915  0.707737  0.665789  0.551945  0.558548  0.489336  0.649327  0.609934  0.540372  0.630754  0.502772  0.512859  0.509167  0.476801  0.541805  0.622052  0.596000  0.544733  0.469167  0.619201  0.643234  0.589613  0.665011  0.529901  0.528142  0.515374  0.570912  0.527054  0.467810  0.532262  0.492840  0.555886  0.541187  0.535096  0.674007  0.603176  0.691977  0.722139  0.625597  0.559153  0.572063  0.472693  0.593009  0.546746  0.600420  0.593973  0.605663  0.704706  0.494822  0.638203  0.549614  0.499393  0.662674  0.526401  0.641870  0.544776  0.529354  0.531666  0.596386  0.489114  0.565412  0.515542  0.645758  0.621168  0.483119  0.509643  0.688085  0.554456  0.594203  0.751063  0.497071 
13  0.650667  0.636414  0.627184  0.690726  0.590236  0.628034  0.630628  0.621277  0.708533  0.622578  0.656692  0.814191  0.555434 0.0  0.428791  0.671203  0.688457  0.656276  0.624322  0.609068  0.662310  0.704602  0.627633  0.806300  0.733966  0.660261  0.488406  0.579110  0.719016  0.684270  0.741508  0.635355  0.489786  0.694870  0.607505  0.568091  0.576057  0.674593  0.687383  0.619836  0.758885  0.567847  0.765199  0.609114  0.641407  0.778995  0.619210  0.645700  0.644104  0.673637  0.743649  0.514122  0.568070  0.704142  0.636122  0.732265  0.610303  0.659181  0.768016  0.621677  0.635115  0.703850  0.680951  0.623363  0.549745  0.514863  0.688688  0.627666  0.592898  0.689186  0.672779  0.585029  0.733998  0.669737  0.666398  0.612651  0.665736  0.780469  0.730667  0.584373  0.630960  0.603242  0.608084  0.573424  0.633531  0.602332  0.626691  0.609871  0.547286  0.693162  0.686017  0.662273  0.552074  0.642793  0.592109  0.623580  0.558002  0.663973  0.592071  0.588579  0.622428  0.698512  0.681703  0.712981  0.682322  0.613621  0.565752  0.678142  0.636453  0.535465  0.636622  0.734192  0.712842  0.654539  0.678380  0.623495  0.694490  0.650073  0.583603  0.630841  0.801727  0.614465  0.586976  0.675029  0.680300  0.570639  0.698876  0.542890  0.742435  0.572841  0.689776  0.621481  0.598664  0.685242  0.634678  0.711027  0.661787  0.547791  0.738567  0.639614  0.519598  0.609941  0.730804  0.657811  0.600730  0.612518 
14  0.524551  0.893267  0.931810  0.361864  0.664605  0.410433  0.485172  0.475004  0.357328  0.654784  0.659872  0.706988  0.499081  0.428791 0.0  0.707241  0.529802  0.596840  0.283049  0.439013  0.674098  0.540405  0.545950  0.757712  0.537275  0.604786  0.523519  0.696861  0.682657  0.667739  0.687279  0.574711  0.591113  0.634786  0.776200  0.621697  0.675875  0.750151  0.643911  0.611184  0.810783  0.379735  0.447066  0.450259  0.751192  0.531503  0.644581  0.339267  0.492885  0.770995  0.453772  0.670191  0.270165  0.599692  0.483219  0.558495  0.509285  0.348208  0.732558  0.761244  0.289556  0.543744  0.583756  0.860861  0.639218  0.320342  0.435968  0.684335  0.664856  0.498464  0.570901  0.586359  0.497970  0.423046  0.685089  0.475125  0.712250  0.540110  0.702391  0.754601  0.538415  0.534824  0.522551  0.779211  0.630529  0.536952  0.716272  0.587348  0.696454  0.529810  0.632047  0.691552  0.276396  0.742043  0.403393  0.417798  0.513308  0.561301  0.555937  0.457578  0.504490  0.491111  0.647888  0.694944  0.452993  0.608801  0.407310  0.669116  0.234253  0.736071  0.682977  0.590311  0.698893  0.544988  0.710363  0.556968  0.570260  0.344813  0.715917  0.678715  0.746364  0.597911  0.623045  0.537500  0.540003  0.475532  0.601742  0.496236  0.604516  0.740267  0.595248  0.643331  0.518121  0.562048  0.771396  0.586659  0.670503  0.480536  0.626646  0.715827  0.473820  0.778861  0.493771  0.547699  0.764303  0.517590 
15  0.690544  0.581354  0.555160  0.682095  0.504496  0.721762  0.637878  0.514245  0.660197  0.437414  0.647878  0.484783  0.696298  0.671203  0.707241 0.0  0.464162  0.556893  0.620975  0.614756  0.404227  0.644992  0.401191  0.494580  0.704871  0.596249  0.658675  0.609358  0.481684  0.566007  0.484276  0.523944  0.678938  0.499012  0.607498  0.486605  0.497027  0.597026  0.540668  0.585485  0.597830  0.624643  0.619011  0.671031  0.486717  0.580234  0.377384  0.602062  0.366741  0.492864  0.617269  0.415931  0.725822  0.642211  0.834513  0.490762  0.581625  0.720899  0.626212  0.614813  0.509927  0.546501  0.471862  0.541611  0.496090  0.679789  0.640273  0.546496  0.462882  0.714180  0.557268  0.598351  0.466680  0.662853  0.628769  0.550149  0.823306  0.682662  0.428616  0.463838  0.582624  0.659855  0.559301  0.515682  0.449289  0.411370  0.571316  0.456059  0.528150  0.586429  0.613425  0.625341  0.558575  0.389763  0.718891  0.693535  0.442896  0.588701  0.570573  0.429001  0.538511  0.531884  0.758252  0.535463  0.573289  0.590078  0.563490  0.639550  0.644972  0.569933  0.554722  0.486081  0.481483  0.428821  0.571174  0.536202  0.567227  0.605895  0.524410  0.625220  0.574425  0.496817  0.411361  0.390540  0.621680  0.608512  0.428630  0.614515  0.611172  0.510080  0.467987  0.513696  0.592832  0.469015  0.459358  0.586036  0.551452  0.494579  0.462794  0.486750  0.602628  0.486776  0.504143  0.621864  0.523262  0.520930 
16  0.515852  0.559129  0.644546  0.489897  0.432009  0.561699  0.586808  0.520325  0.553665  0.410009  0.594990  0.397030  0.516794  0.688457  0.529802  0.464162 0.0  0.368362  0.495420  0.615651  0.399083  0.584034  0.337725  0.527852  0.508814  0.565491  0.484805  0.515286  0.383636  0.589297  0.335394  0.461973  0.427224  0.418768  0.638773  0.329766  0.451636  0.544402  0.660521  0.553551  0.503628  0.667842  0.545934  0.547896  0.408118  0.583018  0.403734  0.599555  0.384862  0.333476  0.503885  0.461805  0.593109  0.479084  0.573100  0.475944  0.413889  0.520385  0.476198  0.659907  0.413133  0.515906  0.563172  0.487988  0.492978  0.523527  0.660071  0.421180  0.360727  0.408609  0.447753  0.614958  0.444882  0.548996  0.465431  0.537451  0.573000  0.533734  0.363040  0.456026  0.564348  0.610778  0.554378  0.402734  0.488743  0.381613  0.418748  0.494744  0.401223  0.398809  0.448653  0.532319  0.562171  0.427654  0.526017  0.556082  0.448790  0.519181  0.373065  0.551281  0.340503  0.490256  0.473502  0.491498  0.429141  0.500575  0.518015  0.558655  0.467269  0.524661  0.448036  0.566219  0.649821  0.426519  0.414646  0.452059  0.358204  0.536013  0.448317  0.526168  0.344168  0.527336  0.582376  0.348046  0.601797  0.437941  0.317921  0.608244  0.420819  0.444738  0.474833  0.469700  0.492476  0.478551  0.495953  0.587809  0.509698  0.419704  0.550393  0.431514  0.568932  0.578155  0.438456  0.439948  0.550042  0.359573 
17  0.646736  0.616195  0.519481  0.596742  0.365020  0.643971  0.640181  0.623520  0.613800  0.488031  0.659439  0.431176  0.646238  0.656276  0.596840  0.556893  0.368362 0.0  0.630563  0.573298  0.515464  0.492958  0.413793  0.422125  0.561028  0.495868  0.537424  0.512231  0.366381  0.432484  0.465074  0.507515  0.605383  0.429386  0.551550  0.463459  0.390193  0.340612  0.663805  0.660421  0.386142  0.640431  0.575615  0.499903  0.524803  0.510125  0.415702  0.719750  0.378790  0.400310  0.553126  0.478646  0.656158  0.495648  0.570724  0.583889  0.442448  0.662892  0.476067  0.540530  0.577360  0.516733  0.495056  0.456452  0.451893  0.621099  0.559592  0.484335  0.474080  0.638199  0.453460  0.662126  0.558944  0.710826  0.528770  0.573918  0.651573  0.642085  0.409876  0.522836  0.598300  0.607486  0.474961  0.466349  0.456344  0.550574  0.544784  0.572144  0.445115  0.502679  0.394976  0.510999  0.640873  0.565750  0.590487  0.609759  0.498283  0.586516  0.456598  0.631272  0.387108  0.465457  0.542806  0.499849  0.451439  0.512522  0.610185  0.472222  0.583564  0.477008  0.489517  0.488068  0.651192  0.423927  0.417621  0.468681  0.394273  0.586978  0.504481  0.458457  0.454178  0.348739  0.485425  0.410926  0.563063  0.527857  0.434225  0.531559  0.508442  0.402774  0.433407  0.576451  0.619975  0.439004  0.597143  0.564635  0.471690  0.506315  0.575197  0.433686  0.609275  0.569276  0.592056  0.484887  0.458267  0.432653 
18  0.524718  0.880108  0.656153  0.272407  0.607692  0.431504  0.541546  0.454287  0.412546  0.527165  0.750853  0.581995  0.598116  0.624322  0.283049  0.620975  0.495420  0.630563 0.0  0.527646  0.637620  0.551794  0.566862  0.774935  0.422730  0.625631  0.440764  0.523718  0.671953  0.665891  0.618246  0.476384  0.600877  0.596111  0.743771  0.533430  0.794136  0.625775  0.798587  0.684332  0.819268  0.341868  0.451269  0.520054  0.729114  0.401751  0.714949  0.356876  0.512982  0.644913  0.373363  0.667183  0.322602  0.525387  0.524628  0.506588  0.625943  0.379661  0.661279  0.543585  0.278706  0.634871  0.619846  0.663758  0.506403  0.334487  0.505169  0.678902  0.431324  0.500877  0.420963  0.766205  0.515417  0.443600  0.602369  0.496632  0.708050  0.684491  0.680682  0.764219  0.536685  0.573132  0.570408  0.679819  0.503707  0.594761  0.520483  0.522016  0.654917  0.445364  0.685421  0.642563  0.271998  0.684173  0.394531  0.514694  0.558505  0.681515  0.425828  0.481844  0.589559  0.502477  0.665205  0.474259  0.631785  0.481972  0.496048  0.633334  0.309021  0.739253  0.692524  0.607264  0.752142  0.537480  0.681744  0.539509  0.619578  0.307439  0.568744  0.803603  0.608013  0.537950  0.703836  0.595977  0.554342  0.499456  0.660007  0.503326  0.665277  0.718898  0.598723  0.629495  0.503213  0.523768  0.649850  0.628127  0.655273  0.629310  0.521352  0.670834  0.482445  0.745414  0.509944  0.712349  0.736440  0.570090 
19  0.477054  0.821760  0.751104  0.602472  0.409204  0.550974  0.616669  0.521031  0.438666  0.439708  0.562928  0.610508  0.505407  0.609068  0.439013  0.614756  0.615651  0.573298  0.527646 0.0  0.489838  0.551392  0.460050  0.561250  0.489095  0.596580  0.497567  0.568652  0.459102  0.467073  0.543881  0.520751  0.596152  0.650615  0.740818  0.525913  0.592794  0.542532  0.529008  0.726102  0.558944  0.563864  0.520564  0.537847  0.672912  0.523888  0.558386  0.484528  0.550246  0.573555  0.590403  0.571551  0.458525  0.488971  0.485624  0.626029  0.476048  0.570727  0.614659  0.665702  0.536077  0.538298  0.620776  0.577594  0.427203  0.509504  0.570513  0.630386  0.463474  0.559769  0.597470  0.585878  0.583155  0.519758  0.566195  0.472337  0.646675  0.556157  0.598879  0.665695  0.498184  0.488092  0.561610  0.580622  0.552129  0.560072  0.626054  0.611912  0.613496  0.471613  0.669921  0.637768  0.491805  0.634386  0.549427  0.448531  0.513712  0.745162  0.575410  0.510123  0.517811  0.463648  0.628880  0.535519  0.661179  0.500664  0.558886  0.532272  0.481597  0.602068  0.554904  0.539335  0.634455  0.422200  0.680689  0.490549  0.661619  0.507767  0.627263  0.617950  0.635682  0.546887  0.514418  0.606320  0.555734  0.617249  0.595398  0.517695  0.551160  0.623826  0.522986  0.542500  0.451561  0.517082  0.599863  0.565149  0.509917  0.537953  0.711725  0.507671  0.507202  0.600044  0.705182  0.604472  0.686472  0.605908 
20  0.545620  0.547536  0.634362  0.550641  0.463775  0.800718  0.545350  0.459886  0.607511  0.532686  0.668030  0.358237  0.500009  0.662310  0.674098  0.404227  0.399083  0.515464  0.637620  0.489838 0.0  0.595135  0.311855  0.507782  0.542384  0.503873  0.484815  0.581722  0.398968  0.509971  0.463654  0.551079  0.527510  0.584988  0.552526  0.354787  0.350042  0.438240  0.598117  0.746716  0.387915  0.633968  0.614951  0.600593  0.572397  0.676087  0.406558  0.694690  0.306711  0.385896  0.526712  0.456457  0.534689  0.549434  0.490018  0.558344  0.334260  0.523750  0.531717  0.544310  0.460093  0.488280  0.319917  0.538891  0.450827  0.559284  0.671093  0.463010  0.455811  0.524054  0.586970  0.640452  0.390980  0.597885  0.477275  0.601461  0.743184  0.692272  0.380770  0.529937  0.524670  0.711331  0.444759  0.427204  0.419753  0.382228  0.514169  0.432147  0.435168  0.424467  0.465065  0.485156  0.662699  0.510607  0.578413  0.530536  0.460443  0.569339  0.406978  0.390887  0.462464  0.497307  0.487378  0.435623  0.535291  0.525963  0.478782  0.588403  0.559518  0.574376  0.312668  0.586128  0.630574  0.462873  0.484105  0.451687  0.355327  0.553706  0.511780  0.448726  0.536845  0.475304  0.604414  0.399830  0.513282  0.363765  0.300198  0.599603  0.414006  0.423957  0.398547  0.453332  0.568677  0.425423  0.520892  0.569892  0.424561  0.431120  0.577151  0.456280  0.503052  0.626231  0.497891  0.398009  0.495638  0.400794 
21  0.537977  0.583814  0.573167  0.551265  0.567831  0.618553  0.617168  0.545230  0.552199  0.600094  0.646242  0.502031  0.623554  0.704602  0.540405  0.644992  0.584034  0.492958  0.551794  0.551392  0.595135 0.0  0.608002  0.539051  0.512051  0.600817  0.616211  0.550699  0.571440  0.672783  0.539413  0.681343  0.602634  0.560121  0.571423  0.517350  0.697047  0.486533  0.576573  0.602011  0.570436  0.626445  0.628699  0.565929  0.597518  0.502007  0.496505  0.534753  0.585200  0.533187  0.579643  0.566818  0.623306  0.413365  0.576531  0.450684  0.625246  0.740232  0.574849  0.660577  0.551167  0.657092  0.761251  0.530171  0.610394  0.579404  0.582716  0.597361  0.486895  0.591657  0.580879  0.573428  0.708006  0.688564  0.533899  0.550087  0.716609  0.674739  0.466667  0.680968  0.491956  0.646806  0.599015  0.602728  0.560965  0.458098  0.689027  0.645977  0.458150  0.572924  0.558052  0.563430  0.624042  0.579007  0.617887  0.686803  0.541315  0.540645  0.695935  0.525389  0.671833  0.547247  0.516982  0.544011  0.605433  0.529804  0.611474  0.563727  0.526815  0.482351  0.642902  0.644678  0.742803  0.580942  0.666845  0.605184  0.445985  0.525677  0.578911  0.450720  0.593314  0.529906  0.555918  0.511549  0.537054  0.513509  0.553335  0.633068  0.654477  0.513575  0.553314  0.512911  0.497987  0.595241  0.676037  0.628976  0.683700  0.598441  0.653107  0.633072  0.474779  0.729176  0.580220  0.607431  0.628015  0.580145 
22  0.717307  0.452553  0.580787  0.607627  0.513553  0.666018  0.503933  0.428028  0.611536  0.467255  0.720182  0.340802  0.504143  0.627633  0.545950  0.401191  0.337725  0.413793  0.566862  0.460050  0.311855  0.608002 0.0  0.456470  0.669804  0.500047  0.551490  0.364045  0.265081  0.572525  0.336379  0.595144  0.442260  0.368493  0.521470  0.404185  0.232441  0.347032  0.637144  0.591600  0.430011  0.592526  0.693584  0.625632  0.513328  0.735337  0.387085  0.613888  0.203883  0.332037  0.523549  0.465712  0.568978  0.513004  0.631409  0.447503  0.279619  0.667940  0.433354  0.640118  0.410531  0.441847  0.301820  0.466065  0.396646  0.627480  0.578636  0.488485  0.596715  0.415871  0.564272  0.627325  0.365296  0.604162  0.454030  0.592774  0.680241  0.690107  0.374647  0.485116  0.554458  0.568953  0.509249  0.479226  0.360911  0.492232  0.508924  0.480524  0.452755  0.463902  0.422150  0.612866  0.723302  0.530626  0.541636  0.494129  0.476878  0.526573  0.463645  0.444125  0.379157  0.489371  0.335052  0.464196  0.378289  0.544368  0.598804  0.549072  0.574373  0.475296  0.332843  0.565616  0.691880  0.461957  0.444601  0.515235  0.317478  0.635141  0.574765  0.571854  0.421246  0.478652  0.552729  0.383286  0.713978  0.466663  0.287212  0.647348  0.414089  0.323367  0.402724  0.414285  0.498600  0.362889  0.560499  0.588267  0.387550  0.549383  0.605756  0.415391  0.562186  0.592547  0.527544  0.414319  0.503867  0.334450 
23  0.766231  0.411109  0.499246  0.774075  0.590730  0.682509  0.650113  0.611757  0.746503  0.572103  0.562983  0.401123  0.530371  0.806300  0.757712  0.494580  0.527852  0.422125  0.774935  0.561250  0.507782  0.539051  0.456470 0.0  0.620563  0.754037  0.642659  0.612494  0.438510  0.524509  0.377426  0.718276  0.471040  0.327461  0.465240  0.426756  0.347538  0.442159  0.602799  0.497467  0.583081  0.893877  0.823036  0.722939  0.446314  0.714060  0.376052  0.695247  0.410304  0.490031  0.549918  0.435546  0.786928  0.703793  0.682985  0.676303  0.494729  0.848428  0.556774  0.616196  0.544081  0.549461  0.462970  0.566753  0.586509  0.809281  0.741557  0.302537  0.584670  0.605904  0.564541  0.641073  0.547428  0.830328  0.461429  0.568710  0.760667  0.631280  0.324732  0.376693  0.657025  0.728045  0.576923  0.529038  0.620006  0.442131  0.617274  0.572797  0.607312  0.536984  0.430788  0.581758  0.825250  0.463928  0.758188  0.791777  0.527068  0.528144  0.490715  0.621863  0.464088  0.701151  0.411957  0.561932  0.477748  0.724283  0.690378  0.576639  0.798929  0.451445  0.404729  0.496342  0.664872  0.654593  0.419010  0.711286  0.463241  0.687456  0.506769  0.383871  0.416458  0.570519  0.527286  0.380028  0.635695  0.621849  0.401447  0.629366  0.341791  0.307910  0.635036  0.558737  0.606751  0.496395  0.750470  0.686705  0.460335  0.611844  0.625616  0.573050  0.673831  0.617616  0.489345  0.449297  0.607376  0.279795 
24  0.521077  0.764790  0.811262  0.413624  0.595345  0.443073  0.621128  0.535954  0.346469  0.545578  0.728329  0.563962  0.550895  0.733966  0.537275  0.704871  0.508814  0.561028  0.422730  0.489095  0.542384  0.512051  0.669804  0.620563 0.0  0.548753  0.492475  0.575928  0.547254  0.543842  0.585126  0.621082  0.627474  0.658286  0.773758  0.667903  0.689458  0.634293  0.712929  0.755942  0.641295  0.571400  0.386599  0.398069  0.730458  0.398111  0.588107  0.426410  0.542277  0.549457  0.422820  0.600433  0.482594  0.418595  0.590342  0.460979  0.569412  0.383514  0.578409  0.657417  0.381991  0.560350  0.534982  0.604776  0.557441  0.394700  0.432273  0.612619  0.835157  0.563591  0.684158  0.493246  0.598060  0.399258  0.646525  0.475513  0.513851  0.616142  0.602595  0.637043  0.538081  0.547326  0.523699  0.692837  0.518459  0.666699  0.766069  0.683453  0.713505  0.613665  0.523721  0.728047  0.458718  0.519053  0.431862  0.628189  0.550669  0.808910  0.593454  0.584319  0.508710  0.583516  0.688660  0.494638  0.628080  0.609367  0.628840  0.702679  0.364484  0.720455  0.696115  0.481535  0.653025  0.492034  0.551414  0.618963  0.614938  0.441994  0.693136  0.716391  0.519451  0.593702  0.635467  0.685242  0.531393  0.600129  0.640115  0.626877  0.598132  0.649046  0.632605  0.644084  0.551989  0.559055  0.588076  0.541253  0.734206  0.708438  0.594607  0.562836  0.593637  0.679658  0.526226  0.639776  0.763741  0.666152 
25  0.550804  0.645786  0.695473  0.648033  0.646794  0.668979  0.547111  0.550800  0.530054  0.506600  0.682781  0.583949  0.464657  0.660261  0.604786  0.596249  0.565491  0.495868  0.625631  0.596580  0.503873  0.600817  0.500047  0.754037  0.548753 0.0  0.602016  0.564688  0.669087  0.666323  0.518189  0.558621  0.612813  0.664444  0.639540  0.583771  0.707595  0.562680  0.638476  0.653019  0.515748  0.576645  0.644772  0.575522  0.567269  0.541987  0.532900  0.525310  0.528356  0.543975  0.546071  0.569369  0.578198  0.589775  0.528859  0.557304  0.567457  0.608816  0.616728  0.639967  0.582773  0.596156  0.600564  0.606735  0.556337  0.679320  0.632233  0.647926  0.567835  0.514956  0.598663  0.682006  0.621763  0.628900  0.568215  0.607683  0.620883  0.583124  0.614520  0.727931  0.587968  0.629168  0.614882  0.572237  0.644928  0.582482  0.575332  0.616580  0.465697  0.544156  0.617386  0.553231  0.550403  0.558902  0.592706  0.664660  0.481989  0.730444  0.642452  0.567673  0.617919  0.540007  0.462885  0.609657  0.587187  0.595543  0.634291  0.676412  0.643866  0.710811  0.628687  0.562418  0.532578  0.569547  0.715540  0.531883  0.558948  0.527844  0.564653  0.679510  0.589465  0.648882  0.658118  0.535728  0.599173  0.659007  0.554550  0.610740  0.559747  0.691724  0.626384  0.603089  0.595199  0.490737  0.508674  0.681196  0.612650  0.622087  0.609256  0.552207  0.550379  0.598817  0.637216  0.578394  0.751516  0.519989 
26  0.575306  0.803286  0.788899  0.475439  0.608720  0.580965  0.514158  0.264488  0.630327  0.394886  0.610771  0.543860  0.527952  0.488406  0.523519  0.658675  0.484805  0.537424  0.440764  0.497567  0.484815  0.616211  0.551490  0.642659  0.492475  0.602016 0.0  0.611146  0.535389  0.682447  0.623378  0.641858  0.417532  0.585744  0.737805  0.490027  0.591918  0.555779  0.654883  0.617378  0.722745  0.609073  0.489059  0.509455  0.732843  0.554070  0.542024  0.573320  0.494568  0.518361  0.485732  0.635316  0.551349  0.386994  0.715049  0.562536  0.533727  0.389439  0.662454  0.381278  0.358216  0.369767  0.677477  0.591741  0.434073  0.537448  0.599446  0.797109  0.404307  0.461810  0.508048  0.694636  0.639416  0.452052  0.626710  0.510959  0.530185  0.573496  0.700130  0.712398  0.369327  0.566356  0.548282  0.622980  0.612742  0.526274  0.581923  0.495216  0.469382  0.421271  0.583047  0.614013  0.469719  0.648957  0.490288  0.566168  0.501885  0.673716  0.523035  0.516894  0.622500  0.305540  0.577569  0.382527  0.458417  0.497859  0.484655  0.665033  0.487143  0.606286  0.526729  0.689752  0.925307  0.521398  0.636581  0.500506  0.553883  0.566288  0.525956  0.751431  0.575095  0.621022  0.713293  0.573589  0.497794  0.331987  0.491465  0.526656  0.654170  0.704238  0.493527  0.546442  0.477833  0.595249  0.654386  0.529346  0.464985  0.489753  0.537690  0.607724  0.321719  0.631933  0.547218  0.471675  0.726283  0.559462 
