146
0 0.0  0.786564  0.841627  0.494248  0.618956  0.575042  0.623294  0.531881  0.533620  0.643888  0.634365  0.642159  0.650752  0.626846  0.587377  0.738495  0.665089  0.704705  0.542838  0.479694  0.625801  0.619420  0.682184  0.859729  0.533967  0.550897  0.560755  0.589711  0.700550  0.714931  0.551400  0.693174  0.598606  0.632362  0.822464  0.620974  0.855434  0.848185  0.684027  0.827691  0.710290  0.486601  0.657136  0.568528  0.828113  0.625480  0.676106  0.601442  0.707403  0.656685  0.573563  0.657211  0.454162  0.546549  0.530434  0.490771  0.746165  0.505637  0.585495  0.684300  0.467399  0.672811  0.605828  0.683181  0.435230  0.553981  0.598005  0.763733  0.641654  0.623709  0.607889  0.577823  0.667759  0.505483  0.783956  0.531900  0.725127  0.709399  0.756943  0.845311  0.562679  0.408506  0.535363  0.585698  0.576448  0.730156  0.701851  0.692846  0.769532  0.568164  0.632133  0.670910  0.478144  0.821380  0.426063  0.479907  0.518978  0.664929  0.579393  0.512238  0.621493  0.605543  0.547610  0.569742  0.516538  0.465310  0.587620  0.654524  0.580670  0.703570  0.571499  0.640064  0.744524  0.622095  0.705416  0.556670  0.725338  0.442867  0.651627  0.867313  0.700425  0.704884  0.583559  0.700503  0.474356  0.593738  0.617632  0.520464  0.643917  0.850548  0.482912  0.544061  0.512601  0.618831  0.876497  0.648042  0.562528  0.559887  0.578773  0.636965  0.565009  0.637920  0.670349  0.634608  0.824674  0.657336 
1  0.786564 0.0  0.462565  0.854781  0.671188  0.871449  0.645564  0.616761  0.962786  0.659319  0.627386  0.576116  0.639453  0.635566  0.829196  0.645960  0.583197  0.661126  0.890444  0.723533  0.612237  0.601050  0.505140  0.383177  0.755851  0.690013  0.947532  0.702510  0.565519  0.704209  0.630827  0.909094  0.543109  0.499927  0.652661  0.499058  0.391676  0.581188  0.618537  0.611849  0.606562  0.872326  0.900943  0.801316  0.482342  0.883125  0.496436  0.824028  0.687700  0.623862  0.867194  0.570542  0.835107  0.814811  0.874569  0.802961  0.580297  0.910601  0.576827  0.735234  0.787799  0.643034  0.615655  0.665060  0.853180  0.750817  0.800284  0.496784  0.658265  0.639270  0.721034  0.760306  0.544543  0.700184  0.580373  0.803232  0.869383  0.720639  0.507409  0.473701  0.897458  0.819204  0.782194  0.485985  0.649378  0.596073  0.771353  0.689711  0.613386  0.630234  0.560518  0.550317  0.928413  0.697748  0.758030  0.785180  0.816437  0.479539  0.785950  0.554729  0.624081  0.638057  0.617531  0.727593  0.626340  0.692690  0.684418  0.585013  0.894303  0.546448  0.442938  0.866050  0.802951  0.689952  0.521038  0.709626  0.458351  0.861327  0.607955  0.491105  0.505419  0.634698  0.829936  0.543164  0.983947  0.613018  0.559550  0.720554  0.405399  0.473750  0.580350  0.686320  0.698055  0.715555  0.765123  0.650153  0.651381  0.618795  0.650208  0.655071  0.787604  0.793069  0.527447  0.762238  0.541106  0.540551 
2  0.841627  0.462565 0.0  0.864890  0.683659  0.714552  0.738767  0.759605  0.878621  0.571995  0.720995  0.594133  0.706070  0.688264  0.718779  0.613711  0.635899  0.623526  0.796223  0.696829  0.700754  0.632022  0.644235  0.528155  0.806791  0.683295  0.790038  0.604588  0.691881  0.640726  0.478699  0.732826  0.905994  0.469686  0.485535  0.610670  0.494209  0.666235  0.674861  0.671004  0.656625  0.910726  0.763330  0.867452  0.414666  0.784637  0.559599  0.808828  0.543168  0.622703  0.785463  0.555535  0.837483  0.695013  0.718193  0.696453  0.644984  0.840249  0.797324  0.655053  0.836436  0.631839  0.614617  0.536746  0.587815  0.780036  0.864807  0.454818  0.655111  0.880086  0.685449  0.677060  0.601386  0.910607  0.584296  0.736434  0.735309  0.748868  0.556863  0.508346  0.829536  0.868663  0.685255  0.629122  0.583381  0.511669  0.635976  0.549449  0.665832  0.567225  0.509028  0.532928  0.972943  0.615477  0.898130  0.806779  0.803766  0.518304  0.740925  0.783023  0.565930  0.769389  0.550699  0.787627  0.592170  0.889684  0.734440  0.505135  0.760995  0.480860  0.514746  0.634908  0.784234  0.746561  0.578245  0.756529  0.646583  0.892310  0.581195  0.379252  0.582725  0.626182  0.651470  0.445260  0.804130  0.624610  0.575866  0.657471  0.444245  0.541762  0.541234  0.666663  0.705119  0.716742  0.625194  0.563411  0.644736  0.727802  0.676960  0.619736  0.843963  0.716507  0.616489  0.710683  0.515918  0.588111 
3  0.494248  0.854781  0.864890 0.0  0.569892  0.514646  0.536228  0.447084  0.498039  0.599466  0.694272  0.577895  0.629622  0.652232  0.376191  0.621910  0.549397  0.580195  0.294438  0.522113  0.558548  0.675227  0.569933  0.602916  0.407123  0.704033  0.481418  0.570826  0.655482  0.627806  0.570592  0.592550  0.575168  0.570389  0.811858  0.536453  0.616065  0.742573  0.759898  0.688712  0.767978  0.448819  0.496275  0.331266  0.813720  0.525343  0.658023  0.432031  0.500103  0.580305  0.383698  0.689516  0.308369  0.619047  0.677465  0.490033  0.525224  0.326095  0.698866  0.582007  0.260472  0.588268  0.708173  0.654843  0.574509  0.375094  0.416685  0.683898  0.532869  0.500741  0.587543  0.624812  0.616875  0.432723  0.655487  0.405772  0.841731  0.616030  0.578967  0.797540  0.487947  0.570926  0.597144  0.626034  0.568494  0.610862  0.639864  0.661218  0.705692  0.483750  0.643967  0.701163  0.411018  0.588767  0.319820  0.593701  0.532836  0.764136  0.489445  0.595539  0.639403  0.543056  0.653221  0.545240  0.562843  0.620045  0.520048  0.783451  0.370587  0.762069  0.690460  0.800900  0.690587  0.578179  0.660827  0.589482  0.746433  0.364298  0.621242  0.739416  0.572632  0.632378  0.697654  0.695776  0.477154  0.461301  0.612324  0.601063  0.591208  0.902369  0.545814  0.515679  0.594103  0.629884  0.862904  0.624588  0.601183  0.654891  0.598144  0.754741  0.473531  0.722639  0.570016  0.552368  0.621115  0.589012 
4  0.618956  0.671188  0.683659  0.569892 0.0  0.604273  0.608029  0.639335  0.486489  0.543906  0.573020  0.496475  0.693048  0.784220  0.652113  0.588532  0.438910  0.376321  0.598228  0.551629  0.485665  0.604623  0.484715  0.627351  0.541392  0.481918  0.742497  0.558264  0.600871  0.451339  0.553993  0.516470  0.738040  0.570543  0.712768  0.525764  0.659088  0.589927  0.498993  0.590670  0.610580  0.572747  0.422044  0.574823  0.698221  0.617044  0.591406  0.573129  0.420953  0.503416  0.484453  0.529227  0.591186  0.620241  0.517152  0.608882  0.680983  0.454014  0.594610  0.614581  0.731410  0.709404  0.716951  0.579959  0.726938  0.636379  0.630127  0.689340  0.616036  0.671145  0.503706  0.596658  0.501809  0.593684  0.590782  0.513683  0.568681  0.616092  0.503708  0.680474  0.593164  0.682797  0.547281  0.692746  0.443156  0.546448  0.654197  0.601412  0.554887  0.562838  0.674690  0.601759  0.577210  0.580434  0.568477  0.615791  0.587634  0.681443  0.626657  0.704828  0.474403  0.510998  0.727700  0.573187  0.602950  0.521447  0.501673  0.590768  0.499339  0.620516  0.690177  0.488221  0.556581  0.376662  0.530423  0.375609  0.527587  0.647500  0.667017  0.453761  0.614632  0.467444  0.376440  0.521228  0.546532  0.691607  0.638990  0.466119  0.544585  0.605234  0.480883  0.690254  0.514962  0.372642  0.653668  0.596291  0.586604  0.611936  0.585119  0.601945  0.688389  0.428355  0.625512  0.570260  0.594014  0.633060 
5  0.575042  0.871449  0.714552  0.514646  0.604273 0.0  0.638478  0.728445  0.377527  0.675776  0.609082  0.809085  0.603591  0.548860  0.454870  0.704682  0.573991  0.621052  0.543413  0.559734  0.761796  0.679068  0.685221  0.765160  0.394146  0.630108  0.657541  0.692799  0.776499  0.668164  0.813825  0.781787  0.621514  0.721532  0.668160  0.732260  0.880045  0.724824  0.717802  0.617509  0.823476  0.462467  0.491448  0.434243  0.614675  0.450960  0.894194  0.415873  0.551287  0.640367  0.460546  0.657553  0.418485  0.586560  0.726739  0.606444  0.621282  0.586742  0.632342  0.686546  0.441871  0.603398  0.768429  0.710094  0.676777  0.316293  0.467850  0.694383  0.700239  0.576917  0.812394  0.699648  0.663053  0.377616  0.704091  0.559375  0.568765  0.568301  0.791257  0.720971  0.714292  0.643267  0.526019  0.803582  0.724307  0.634285  0.779711  0.671289  0.628545  0.743846  0.756544  0.712878  0.363028  0.658282  0.438621  0.387671  0.755573  0.619753  0.666654  0.746715  0.615360  0.675282  0.699571  0.534795  0.790385  0.669819  0.563340  0.896611  0.387480  0.756706  0.715132  0.773545  0.652814  0.524819  0.756068  0.518945  0.605714  0.440655  0.679653  0.801106  0.568781  0.640322  0.747210  0.755477  0.631873  0.674501  0.684904  0.560864  0.575386  0.812726  0.764484  0.760021  0.601032  0.464282  0.688569  0.568306  0.632300  0.688783  0.590318  0.608995  0.697438  0.814947  0.675694  0.735933  0.734618  0.687100 
6  0.623294  0.645564  0.738767  0.536228  0.608029  0.638478 0.0  0.536144  0.547864  0.552875  0.635781  0.552039  0.625284  0.668486  0.566645  0.470703  0.594134  0.656826  0.563277  0.533811  0.473209  0.701265  0.534588  0.700291  0.602500  0.586532  0.541338  0.533387  0.555502  0.643231  0.530285  0.539008  0.585201  0.679943  0.645933  0.671036  0.538886  0.627066  0.798332  0.750799  0.636165  0.592295  0.507284  0.540835  0.696197  0.555825  0.582891  0.552201  0.523854  0.579094  0.535920  0.576399  0.556103  0.499760  0.621674  0.522624  0.725474  0.552207  0.693495  0.694173  0.488403  0.529821  0.604487  0.626542  0.546462  0.610022  0.526684  0.705155  0.588564  0.662676  0.552475  0.555512  0.478021  0.517960  0.736852  0.566120  0.641726  0.635027  0.597856  0.705149  0.521071  0.591479  0.524591  0.567085  0.534189  0.539962  0.661093  0.566978  0.589383  0.594659  0.619859  0.613760  0.564261  0.618308  0.574069  0.532073  0.556838  0.588402  0.561975  0.540414  0.555451  0.524480  0.597830  0.556300  0.569361  0.474358  0.684545  0.716386  0.585032  0.714057  0.584343  0.697285  0.640286  0.496013  0.597537  0.619544  0.650768  0.464009  0.572426  0.811246  0.663375  0.587171  0.602313  0.568182  0.548535  0.630795  0.562741  0.584235  0.582153  0.630482  0.596347  0.593236  0.595701  0.570410  0.538055  0.633579  0.555400  0.581881  0.567766  0.641494  0.552776  0.694597  0.710005  0.384371  0.696008  0.553277 
7  0.531881  0.616761  0.759605  0.447084  0.639335  0.728445  0.536144 0.0  0.692146  0.628902  0.660775  0.485725  0.497340  0.697603  0.515588  0.548990  0.502204  0.518259  0.497986  0.549900  0.459884  0.544343  0.364192  0.695516  0.591824  0.575147  0.296643  0.543100  0.472374  0.854124  0.522001  0.622930  0.294913  0.605184  0.635698  0.385255  0.623514  0.571484  0.748438  0.763480  0.603085  0.620609  0.554728  0.587478  0.584999  0.599174  0.459259  0.553506  0.432804  0.536716  0.504877  0.570071  0.458795  0.371538  0.722259  0.453072  0.474206  0.461059  0.676995  0.460146  0.406275  0.292428  0.569066  0.732868  0.430392  0.470998  0.645954  0.571234  0.517393  0.499993  0.522065  0.701773  0.621025  0.557697  0.676020  0.528818  0.568230  0.528555  0.545814  0.624452  0.395563  0.617567  0.512390  0.491726  0.358668  0.573713  0.548421  0.603676  0.699159  0.498831  0.494499  0.658458  0.577555  0.631426  0.499198  0.636957  0.440899  0.806608  0.477030  0.569752  0.521317  0.336796  0.537443  0.353913  0.588434  0.585887  0.484964  0.724785  0.542770  0.686581  0.584755  0.665894  0.708144  0.617526  0.614724  0.575745  0.633609  0.453662  0.545966  0.761911  0.676772  0.603871  0.733420  0.603219  0.578042  0.251620  0.470080  0.651870  0.589098  0.748712  0.528245  0.507022  0.460427  0.610680  0.760338  0.533334  0.437889  0.528294  0.584049  0.594848  0.398169  0.716645  0.513246  0.429604  0.618790  0.445991 
8  0.533620  0.962786  0.878621  0.498039  0.486489  0.377527  0.547864  0.692146 0.0  0.598387  0.668627  0.556686  0.560465  0.731329  0.311136  0.864160  0.680949  0.545288  0.423443  0.454771  0.764208  0.708424  0.607128  0.802302  0.383262  0.555750  0.588853  0.762327  0.515508  0.641975  0.649444  0.804476  0.682804  0.770247  0.741165  0.793909  0.792904  0.723235  0.582495  0.638897  0.795328  0.432720  0.278919  0.428046  0.865062  0.382139  0.819882  0.430956  0.494805  0.699766  0.558351  0.664085  0.387066  0.601142  0.544732  0.530122  0.523152  0.470317  0.594377  0.784285  0.437331  0.646113  0.687983  0.706370  0.756966  0.410959  0.461378  0.681649  0.709978  0.548630  0.757788  0.678636  0.667312  0.439778  0.669814  0.442021  0.643191  0.590658  0.686869  0.806609  0.678302  0.581874  0.579818  0.847965  0.585714  0.688018  0.786519  0.541642  0.786986  0.638931  0.802976  0.765583  0.307974  0.752603  0.353474  0.465899  0.661832  0.727221  0.591191  0.718708  0.656594  0.636383  0.582898  0.576226  0.757417  0.590724  0.628773  0.660698  0.276207  0.668099  0.791228  0.528309  0.621721  0.439784  0.762437  0.713199  0.633432  0.479254  0.677589  0.832844  0.626023  0.704480  0.513587  0.601703  0.507973  0.781688  0.549072  0.603298  0.675260  0.835406  0.698382  0.655083  0.448954  0.459131  0.631964  0.659445  0.709045  0.739701  0.664020  0.665946  0.710785  0.812673  0.697041  0.724559  0.840666  0.589101 
9  0.643888  0.659319  0.571995  0.599466  0.543906  0.675776  0.552875  0.628902  0.598387 0.0  0.616602  0.422192  0.641848  0.705474  0.620503  0.479058  0.337165  0.493246  0.557645  0.508622  0.548826  0.616787  0.388709  0.434836  0.555773  0.621864  0.519465  0.578457  0.448683  0.464021  0.396208  0.612049  0.618974  0.576692  0.590902  0.469018  0.654056  0.558255  0.570931  0.739100  0.563413  0.682543  0.652528  0.579381  0.582436  0.588504  0.570115  0.521474  0.329453  0.437237  0.581228  0.602295  0.573849  0.524529  0.534992  0.451490  0.465029  0.660925  0.502715  0.653082  0.562328  0.607708  0.469112  0.580473  0.649425  0.580602  0.659982  0.681339  0.432108  0.496161  0.514055  0.765094  0.538881  0.577643  0.613980  0.607740  0.646664  0.583449  0.548041  0.691358  0.645519  0.595588  0.570726  0.471798  0.507286  0.482161  0.611881  0.439399  0.496772  0.491995  0.653875  0.624389  0.647843  0.461741  0.641890  0.574721  0.711128  0.633376  0.549908  0.555091  0.476975  0.496465  0.523244  0.497343  0.497880  0.530577  0.578684  0.479678  0.435729  0.599049  0.406819  0.498647  0.586393  0.369096  0.508005  0.582763  0.435038  0.653626  0.472588  0.706399  0.460104  0.437442  0.484765  0.455407  0.727276  0.557830  0.474730  0.574728  0.444420  0.602788  0.443366  0.613660  0.539792  0.424889  0.575672  0.517041  0.507948  0.627835  0.722858  0.500316  0.647856  0.619565  0.564660  0.568307  0.644500  0.554598 
10  0.634365  0.627386  0.720995  0.694272  0.573020  0.609082  0.635781  0.660775  0.668627  0.616602 0.0  0.673958  0.670672  0.625238  0.678279  0.584058  0.680063  0.518141  0.754453  0.601223  0.634011  0.644693  0.652323  0.663363  0.744931  0.668008  0.690804  0.626255  0.675228  0.581758  0.641198  0.558229  0.642529  0.699920  0.690616  0.720776  0.668003  0.859531  0.567773  0.622515  0.647399  0.683208  0.602723  0.672642  0.713223  0.664818  0.674773  0.599912  0.627768  0.532352  0.648245  0.578940  0.667297  0.591941  0.654982  0.626910  0.653847  0.697238  0.650916  0.636995  0.733535  0.686473  0.757815  0.734071  0.606443  0.729142  0.743359  0.624446  0.606213  0.745874  0.635517  0.650680  0.588188  0.540484  0.576589  0.680869  0.587863  0.499096  0.610142  0.709564  0.539568  0.655274  0.740013  0.707646  0.649831  0.653245  0.717791  0.705518  0.708470  0.740670  0.766693  0.635884  0.612412  0.587754  0.540620  0.652254  0.670793  0.704316  0.552987  0.593315  0.576405  0.645090  0.717864  0.579964  0.687112  0.733717  0.652045  0.636558  0.629236  0.628751  0.712712  0.626660  0.621930  0.674883  0.756764  0.615563  0.733291  0.593230  0.728488  0.642916  0.659590  0.549711  0.679079  0.605361  0.594599  0.558425  0.684305  0.652116  0.563191  0.703961  0.643997  0.726838  0.671037  0.642811  0.623797  0.648305  0.690613  0.598498  0.709426  0.906989  0.645655  0.688192  0.656562  0.615165  0.716383  0.605972 
11  0.642159  0.576116  0.594133  0.577895  0.496475  0.809085  0.552039  0.485725  0.556686  0.422192  0.673958 0.0  0.640573  0.753334  0.714213  0.482172  0.432348  0.458647  0.561138  0.559726  0.390119  0.618228  0.423354  0.473189  0.654735  0.615133  0.603220  0.588190  0.202560  0.536618  0.297936  0.728771  0.419334  0.415410  0.589107  0.387776  0.310641  0.408654  0.712024  0.577319  0.477097  0.705894  0.777096  0.646619  0.515202  0.578047  0.374753  0.632473  0.292376  0.482109  0.635148  0.393132  0.670485  0.475907  0.648761  0.552652  0.396722  0.670887  0.403315  0.552459  0.496632  0.400145  0.344701  0.639055  0.466611  0.648479  0.591118  0.481336  0.452727  0.415279  0.558411  0.680095  0.480488  0.670916  0.370056  0.619743  0.782864  0.541686  0.250952  0.651395  0.652943  0.686413  0.570772  0.397721  0.422254  0.444202  0.427598  0.507499  0.475294  0.462784  0.406134  0.515470  0.763381  0.594125  0.554340  0.681283  0.540920  0.658656  0.556918  0.565355  0.330759  0.549911  0.418787  0.388000  0.409910  0.606718  0.578366  0.555726  0.496027  0.464384  0.264704  0.496380  0.632021  0.377846  0.493313  0.687890  0.322095  0.676378  0.444435  0.531418  0.356687  0.484083  0.517847  0.418864  0.652037  0.454811  0.185371  0.634157  0.418546  0.426362  0.428750  0.409913  0.678812  0.316883  0.588745  0.495394  0.408950  0.389253  0.644406  0.386377  0.543560  0.674126  0.489269  0.316224  0.494185  0.407219 
12  0.650752  0.639453  0.706070  0.629622  0.693048  0.603591  0.625284  0.497340  0.560465  0.641848  0.670672  0.640573 0.0  0.643728  0.620768  0.697331  0.573096  0.530935  0.506582  0.609720  0.485727  0.530839  0.511729  0.708785  0.652082  0.521655  0.520890  0.553140  0.483563  0.755985  0.564137  0.589489  0.495966  0.521444  0.665245  0.556789  0.662108  0.607976  0.711573  0.669070  0.582215  0.539093  0.637497  0.544729  0.623038  0.507073  0.505776  0.672658  0.491985  0.511372  0.588035  0.498724  0.656491  0.525640  0.642594  0.592716  0.478935  0.705901  0.556939  0.708336  0.452708  0.607433  0.563649  0.521996  0.603719  0.538535  0.625701  0.605733  0.528330  0.514163  0.623750  0.654568  0.553486  0.614450  0.567824  0.672390  0.632398  0.790423  0.635847  0.704637  0.633108  0.585521  0.530292  0.590424  0.573162  0.544159  0.563108  0.548891  0.551305  0.535626  0.644622  0.591115  0.508371  0.605216  0.582100  0.551377  0.476373  0.619165  0.538633  0.524168  0.572630  0.516377  0.467212  0.545420  0.572030  0.533131  0.554101  0.676130  0.589044  0.620103  0.590130  0.725452  0.630003  0.611303  0.444389  0.545189  0.527955  0.586751  0.462176  0.626345  0.638524  0.694550  0.804214  0.535251  0.678344  0.585220  0.449269  0.642566  0.483778  0.655165  0.559973  0.518502  0.535055  0.634830  0.570616  0.696643  0.574694  0.674268  0.564773  0.568419  0.588532  0.712763  0.538542  0.571670  0.617142  0.534008 
13  0.626846  0.635566  0.688264  0.652232  0.784220  0.548860  0.668486  0.697603  0.731329  0.705474  0.625238  0.753334  0.643728 0.0  0.657523  0.615122  0.664047  0.644517  0.642233  0.624605  0.666594  0.698446  0.800173  0.753894  0.790237  0.687404  0.477479  0.794567  0.705352  0.702875  0.714794  0.625841  0.599223  0.708339  0.708504  0.694322  0.666882  0.749167  0.629321  0.552271  0.698251  0.629487  0.824379  0.750605  0.786056  0.848962  0.690354  0.687541  0.809267  0.591018  0.702737  0.568122  0.646428  0.777305  0.747276  0.636157  0.593876  0.600390  0.713920  0.571544  0.521553  0.633890  0.678141  0.725582  0.676569  0.706519  0.656508  0.652521  0.569570  0.665989  0.704219  0.669736  0.624647  0.719733  0.636754  0.546423  0.582059  0.628941  0.758063  0.554909  0.630436  0.687488  0.595600  0.695858  0.598697  0.584542  0.648813  0.668637  0.649967  0.622889  0.767236  0.589148  0.586182  0.709416  0.685095  0.614027  0.615889  0.641907  0.577485  0.590009  0.668474  0.554382  0.691721  0.742845  0.564072  0.603307  0.669549  0.591355  0.668859  0.616213  0.778233  0.721120  0.820507  0.736373  0.647862  0.600505  0.673589  0.726383  0.620314  0.737067  0.701207  0.627415  0.708016  0.648930  0.630801  0.643714  0.693740  0.626706  0.683148  0.699931  0.573573  0.735012  0.735496  0.782489  0.694002  0.642608  0.521235  0.592587  0.602248  0.749376  0.655159  0.620368  0.563675  0.713445  0.674321  0.519574 
14  0.587377  0.829196  0.718779  0.376191  0.652113  0.454870  0.566645  0.515588  0.311136  0.620503  0.678279  0.714213  0.620768  0.657523 0.0  0.659015  0.642441  0.686508  0.381611  0.432809  0.633751  0.643695  0.564870  0.586943  0.428409  0.615253  0.515617  0.657819  0.753222  0.717454  0.706461  0.608378  0.695398  0.620647  0.824853  0.547545  0.724209  0.638818  0.699323  0.588339  0.849322  0.383095  0.540639  0.542978  0.760147  0.469618  0.714948  0.405454  0.554764  0.665568  0.441243  0.699311  0.352672  0.603359  0.525991  0.633627  0.539850  0.412099  0.712459  0.722815  0.308064  0.675981  0.734008  0.694702  0.674681  0.380582  0.518743  0.679940  0.542355  0.528034  0.608150  0.611984  0.520134  0.448815  0.714542  0.425803  0.821825  0.599367  0.699370  0.636115  0.626842  0.604236  0.557348  0.661404  0.603239  0.652437  0.707782  0.533411  0.676991  0.590882  0.866278  0.645020  0.255141  0.698195  0.388990  0.376576  0.561938  0.757867  0.532046  0.548277  0.608713  0.582679  0.666846  0.614500  0.617852  0.599324  0.487923  0.735311  0.323796  0.720087  0.567106  0.765663  0.821283  0.513074  0.829609  0.477672  0.820242  0.343013  0.669827  0.885883  0.656842  0.624426  0.581952  0.561359  0.542404  0.518054  0.651457  0.579800  0.549901  0.859500  0.645530  0.643527  0.547734  0.550923  0.723788  0.624465  0.488537  0.547269  0.600521  0.744463  0.550834  0.746410  0.592542  0.569309  0.648749  0.546697 
15  0.738495  0.645960  0.613711  0.621910  0.588532  0.704682  0.470703  0.548990  0.864160  0.479058  0.584058  0.482172  0.697331  0.615122  0.659015 0.0  0.458402  0.613223  0.613051  0.689460  0.440173  0.584880  0.358814  0.477436  0.657937  0.678439  0.586458  0.645009  0.424938  0.639369  0.456965  0.542903  0.558516  0.543662  0.555644  0.485356  0.495178  0.757360  0.457230  0.598895  0.641825  0.589622  0.688836  0.733303  0.485299  0.651852  0.505078  0.653517  0.393810  0.497438  0.629649  0.466037  0.623307  0.515003  0.705245  0.450611  0.569935  0.672040  0.586263  0.663366  0.476326  0.665006  0.421174  0.531294  0.613690  0.714067  0.726924  0.482051  0.466275  0.634575  0.584707  0.610279  0.531299  0.631649  0.622634  0.575406  0.781131  0.573167  0.367526  0.453835  0.678452  0.681285  0.567570  0.523954  0.475179  0.530571  0.604987  0.443433  0.601689  0.572725  0.633227  0.475300  0.600710  0.391375  0.585439  0.645607  0.495145  0.604393  0.519755  0.576759  0.485276  0.592083  0.614128  0.533961  0.605342  0.704589  0.738699  0.708592  0.681217  0.532976  0.494926  0.599587  0.505554  0.483817  0.554225  0.557195  0.540804  0.527450  0.500797  0.529106  0.552648  0.565460  0.505956  0.381592  0.728635  0.512203  0.445439  0.734682  0.624231  0.494378  0.455625  0.602944  0.616230  0.500877  0.522153  0.511325  0.464550  0.518169  0.557923  0.603388  0.667407  0.583754  0.493592  0.574067  0.618732  0.471870 
16  0.665089  0.583197  0.635899  0.549397  0.438910  0.573991  0.594134  0.502204  0.680949  0.337165  0.680063  0.432348  0.573096  0.664047  0.642441  0.458402 0.0  0.419657  0.499049  0.510382  0.434186  0.556723  0.372580  0.464581  0.629935  0.530216  0.640892  0.613133  0.360384  0.525045  0.379763  0.571036  0.512338  0.467247  0.576645  0.377722  0.521418  0.514664  0.576182  0.693463  0.474128  0.643796  0.424063  0.634094  0.533739  0.626101  0.457967  0.588695  0.353209  0.352666  0.444731  0.464338  0.607528  0.570138  0.676673  0.459720  0.426857  0.649508  0.541798  0.613187  0.474737  0.483292  0.506364  0.498428  0.461426  0.617474  0.659932  0.481389  0.362197  0.490513  0.414682  0.649467  0.429808  0.670797  0.478179  0.609774  0.675782  0.602651  0.423644  0.471612  0.647989  0.632316  0.541258  0.410298  0.529738  0.434369  0.452432  0.394952  0.450768  0.447510  0.445876  0.570167  0.555790  0.426490  0.609303  0.573409  0.551051  0.520464  0.418424  0.492451  0.377733  0.456648  0.588433  0.573036  0.467838  0.526818  0.582736  0.444639  0.550080  0.548238  0.500423  0.515679  0.756995  0.423751  0.571994  0.632502  0.391592  0.601992  0.487027  0.597976  0.403716  0.517274  0.508734  0.317169  0.706408  0.531606  0.395869  0.600073  0.458723  0.544354  0.480583  0.541868  0.629128  0.393199  0.464272  0.549418  0.503744  0.433178  0.684131  0.538653  0.527746  0.673783  0.457590  0.393900  0.589682  0.394827 
17  0.704705  0.661126  0.623526  0.580195  0.376321  0.621052  0.656826  0.518259  0.545288  0.493246  0.518141  0.458647  0.530935  0.644517  0.686508  0.613223  0.419657 0.0  0.596756  0.605411  0.452896  0.452999  0.472249  0.508298  0.636514  0.547033  0.571604  0.606200  0.485592  0.497847  0.499913  0.638164  0.502991  0.527272  0.429153  0.443659  0.448158  0.413405  0.612343  0.581084  0.475264  0.773517  0.659874  0.620085  0.572597  0.548186  0.485392  0.704197  0.458779  0.376261  0.620519  0.478247  0.579585  0.604770  0.743648  0.519835  0.442446  0.575190  0.449287  0.499647  0.455513  0.605913  0.508122  0.446745  0.468354  0.625218  0.596094  0.506861  0.460692  0.567979  0.544325  0.744931  0.522926  0.621684  0.511002  0.637484  0.827288  0.648087  0.380757  0.586782  0.654531  0.624506  0.492794  0.524703  0.556342  0.536407  0.515506  0.524448  0.458135  0.482874  0.410143  0.564618  0.674176  0.551441  0.548057  0.602866  0.509351  0.548452  0.656448  0.669983  0.491237  0.557611  0.471488  0.383378  0.511355  0.542495  0.524639  0.503292  0.658432  0.533377  0.509141  0.539523  0.700437  0.494504  0.431293  0.465810  0.439957  0.648338  0.548977  0.451140  0.560161  0.452751  0.528696  0.435003  0.665164  0.597138  0.453184  0.619811  0.404910  0.461546  0.433645  0.579883  0.625739  0.495822  0.496928  0.732519  0.605642  0.540085  0.697374  0.454187  0.539149  0.484570  0.659300  0.446611  0.554073  0.502870 
18  0.542838  0.890444  0.796223  0.294438  0.598228  0.543413  0.563277  0.497986  0.423443  0.557645  0.754453  0.561138  0.506582  0.642233  0.381611  0.613051  0.499049  0.596756 0.0  0.490146  0.574668  0.649717  0.690584  0.766090  0.452583  0.515044  0.466722  0.584494  0.599619  0.679872  0.646519  0.489031  0.565412  0.607372  0.749116  0.537714  0.735922  0.718308  0.738571  0.798125  0.672451  0.424343  0.441544  0.459379  0.839503  0.443223  0.672612  0.292341  0.529130  0.586871  0.415932  0.619280  0.291443  0.528384  0.583083  0.473695  0.552449  0.461051  0.676751  0.626283  0.315955  0.593346  0.636926  0.699585  0.634110  0.318655  0.512459  0.634555  0.518754  0.433850  0.466789  0.700971  0.731211  0.472206  0.718577  0.431026  0.637662  0.754785  0.654316  0.774821  0.470441  0.680128  0.564684  0.691610  0.610607  0.542042  0.627123  0.634186  0.801950  0.531974  0.720197  0.721691  0.299631  0.649047  0.353473  0.473142  0.461558  0.725258  0.567984  0.614091  0.558706  0.447817  0.655527  0.514789  0.655793  0.542311  0.474202  0.662181  0.366431  0.715272  0.785211  0.732839  0.807673  0.641965  0.741770  0.482200  0.602395  0.304172  0.651627  0.696162  0.636450  0.773091  0.728970  0.635850  0.597986  0.561168  0.591499  0.465100  0.639971  0.844587  0.547357  0.697597  0.504413  0.676713  0.699525  0.573642  0.652894  0.500953  0.435510  0.735733  0.462328  0.841657  0.530262  0.624003  0.781362  0.456774 
19  0.479694  0.723533  0.696829  0.522113  0.551629  0.559734  0.533811  0.549900  0.454771  0.508622  0.601223  0.559726  0.609720  0.624605  0.432809  0.689460  0.510382  0.605411  0.490146 0.0  0.532524  0.534864  0.569321  0.654638  0.548001  0.559515  0.564219  0.590026  0.558659  0.561770  0.647925  0.726732  0.529008  0.559808  0.619115  0.511552  0.644124  0.569089  0.571208  0.811638  0.498429  0.522611  0.495760  0.455444  0.632487  0.534843  0.635170  0.496202  0.579794  0.563081  0.568447  0.506418  0.501073  0.596429  0.459565  0.519428  0.586831  0.614771  0.613671  0.617877  0.577674  0.687320  0.534495  0.557098  0.510896  0.571868  0.595593  0.605959  0.651391  0.557673  0.456120  0.688188  0.496518  0.627474  0.704082  0.566066  0.575354  0.640109  0.640362  0.684718  0.620786  0.545724  0.598300  0.620327  0.560195  0.568938  0.583300  0.530829  0.561187  0.565015  0.510025  0.586985  0.456094  0.598504  0.440909  0.474335  0.579734  0.672827  0.575023  0.501093  0.601802  0.477160  0.591239  0.515167  0.646488  0.498365  0.477324  0.631386  0.472755  0.730074  0.562406  0.587892  0.729889  0.477980  0.647559  0.483190  0.625716  0.464431  0.641191  0.702525  0.604394  0.537750  0.640815  0.536823  0.530329  0.499549  0.592011  0.527768  0.538453  0.641032  0.643013  0.524183  0.460084  0.506615  0.637820  0.592965  0.658683  0.505962  0.612808  0.568610  0.565334  0.551130  0.478800  0.609661  0.714014  0.619585 
20  0.625801  0.612237  0.700754  0.558548  0.485665  0.761796  0.473209  0.459884  0.764208  0.548826  0.634011  0.390119  0.485727  0.666594  0.633751  0.440173  0.434186  0.452896  0.574668  0.532524 0.0  0.635416  0.337146  0.445792  0.633590  0.643028  0.534525  0.537510  0.318184  0.638997  0.454818  0.712659  0.481579  0.451471  0.619840  0.315212  0.300780  0.483132  0.701120  0.601633  0.364907  0.781965  0.710709  0.534232  0.614634  0.603950  0.400557  0.793579  0.369787  0.437738  0.520142  0.493389  0.588019  0.544566  0.628650  0.523041  0.342981  0.589865  0.596213  0.529864  0.478142  0.487559  0.414389  0.510051  0.439447  0.668968  0.565323  0.511634  0.524777  0.460737  0.530646  0.621716  0.448009  0.567128  0.473710  0.522302  0.764749  0.781699  0.400283  0.517397  0.540421  0.602808  0.559651  0.402816  0.363854  0.430178  0.488079  0.462323  0.425666  0.490337  0.465015  0.427737  0.754380  0.594221  0.547440  0.615303  0.506425  0.577220  0.412343  0.467663  0.455039  0.503292  0.459608  0.488705  0.528114  0.532169  0.461433  0.520981  0.644203  0.568275  0.359897  0.519623  0.768567  0.446297  0.552871  0.483701  0.341802  0.659243  0.481347  0.507809  0.519472  0.505963  0.558886  0.408585  0.594965  0.451072  0.294089  0.609401  0.501894  0.477836  0.434660  0.536604  0.554997  0.404442  0.563245  0.568238  0.518457  0.400877  0.545473  0.509808  0.465569  0.543235  0.493462  0.418617  0.499565  0.446996 
21  0.619420  0.601050  0.632022  0.675227  0.604623  0.679068  0.701265  0.544343  0.708424  0.616787  0.644693  0.618228  0.530839  0.698446  0.643695  0.584880  0.556723  0.452999  0.649717  0.534864  0.635416 0.0  0.633863  0.638365  0.650972  0.676510  0.660447  0.548042  0.600674  0.598849  0.572808  0.728462  0.546999  0.598032  0.523920  0.546921  0.669133  0.501991  0.609674  0.674843  0.683884  0.575715  0.683198  0.720390  0.602899  0.533670  0.598205  0.621072  0.685412  0.546915  0.640384  0.687444  0.589625  0.564992  0.518824  0.529801  0.665499  0.695137  0.608111  0.627751  0.575927  0.670175  0.627611  0.564292  0.577923  0.598533  0.563938  0.639308  0.532458  0.566210  0.684818  0.599202  0.559278  0.743916  0.527929  0.633688  0.647618  0.723655  0.536248  0.597116  0.568170  0.555097  0.579501  0.565141  0.616025  0.554845  0.595222  0.547890  0.582307  0.660221  0.514300  0.563926  0.531415  0.591616  0.657919  0.628722  0.569852  0.572205  0.550579  0.587063  0.665193  0.556201  0.568114  0.573777  0.540519  0.684404  0.631149  0.501009  0.585505  0.577259  0.517495  0.676986  0.660753  0.678558  0.595538  0.631309  0.579787  0.693994  0.564386  0.609202  0.568732  0.527542  0.654708  0.531339  0.628399  0.575195  0.658794  0.630602  0.672223  0.659268  0.517023  0.597385  0.538568  0.629713  0.657208  0.686361  0.681151  0.641140  0.664792  0.632775  0.538925  0.654325  0.643701  0.639956  0.693828  0.579959 
22  0.682184  0.505140  0.644235  0.569933  0.484715  0.685221  0.534588  0.364192  0.607128  0.388709  0.652323  0.423354  0.511729  0.800173  0.564870  0.358814  0.372580  0.472249  0.690584  0.569321  0.337146  0.633863 0.0  0.392728  0.539898  0.540359  0.563567  0.379577  0.332561  0.558601  0.410532  0.714279  0.481433  0.454340  0.610738  0.397424  0.297942  0.412980  0.726558  0.629413  0.462517  0.665897  0.764237  0.585218  0.578281  0.613793  0.364171  0.786934  0.220403  0.397768  0.556687  0.512135  0.610902  0.592499  0.585568  0.551928  0.244676  0.783700  0.432146  0.578092  0.483028  0.474037  0.342761  0.522900  0.454413  0.564823  0.665544  0.435018  0.624142  0.456802  0.565044  0.723631  0.446577  0.620369  0.391192  0.584853  0.856816  0.584049  0.420604  0.429459  0.606105  0.558531  0.595137  0.461796  0.374385  0.465849  0.524643  0.456123  0.397841  0.434364  0.405971  0.517915  0.763748  0.644212  0.539009  0.609055  0.555471  0.527587  0.437590  0.455213  0.452617  0.391388  0.370486  0.386659  0.491464  0.549045  0.567839  0.509142  0.506543  0.515278  0.333728  0.478581  0.666736  0.467287  0.444974  0.584704  0.424121  0.580008  0.577845  0.551958  0.405535  0.488469  0.618030  0.422177  0.620940  0.406976  0.298571  0.517888  0.400587  0.296497  0.428702  0.487569  0.484992  0.362068  0.455133  0.542841  0.359222  0.539769  0.597784  0.371067  0.560990  0.492801  0.470956  0.393855  0.532037  0.332965 
23  0.859729  0.383177  0.528155  0.602916  0.627351  0.765160  0.700291  0.695516  0.802302  0.434836  0.663363  0.473189  0.708785  0.753894  0.586943  0.477436  0.464581  0.508298  0.766090  0.654638  0.445792  0.638365  0.392728 0.0  0.744941  0.781832  0.731894  0.539947  0.455425  0.574558  0.444200  0.813621  0.644815  0.321927  0.467782  0.515392  0.345969  0.508411  0.642113  0.579159  0.510148  0.984146  0.776934  0.686131  0.487906  0.765327  0.419334  0.667504  0.410696  0.476042  0.579441  0.529623  0.676025  0.778070  0.682411  0.683173  0.491673  0.845530  0.482196  0.628669  0.693421  0.535751  0.475122  0.619499  0.550697  0.783252  0.729522  0.341276  0.468148  0.651237  0.728190  0.654850  0.567133  0.737668  0.474852  0.775729  0.831362  0.620868  0.348652  0.341328  0.795110  0.815130  0.660541  0.578323  0.491429  0.429412  0.591687  0.572197  0.500937  0.480083  0.435493  0.482489  0.827816  0.447916  0.701574  0.689295  0.627156  0.476919  0.581481  0.666876  0.525497  0.567639  0.521339  0.605748  0.476938  0.750719  0.733819  0.520226  0.768379  0.422509  0.433875  0.525249  0.645844  0.574675  0.386022  0.575539  0.525242  0.718845  0.602620  0.397068  0.440462  0.562639  0.600688  0.448475  0.774167  0.578517  0.488612  0.672029  0.381108  0.258271  0.572055  0.513449  0.661827  0.574974  0.655234  0.706285  0.504132  0.563069  0.534093  0.514468  0.734932  0.598779  0.475920  0.606160  0.597378  0.322134 
24  0.533967  0.755851  0.806791  0.407123  0.541392  0.394146  0.602500  0.591824  0.383262  0.555773  0.744931  0.654735  0.652082  0.790237  0.428409  0.657937  0.629935  0.636514  0.452583  0.548001  0.633590  0.650972  0.539898  0.744941 0.0  0.523449  0.594619  0.577172  0.592537  0.582881  0.630870  0.689697  0.636561  0.529757  0.786087  0.575898  0.765008  0.767348  0.622995  0.649651  0.781581  0.537976  0.351754  0.398597  0.667520  0.373197  0.613289  0.512650  0.480413  0.628460  0.380645  0.596036  0.492021  0.457590  0.572466  0.442047  0.681464  0.418713  0.544257  0.715323  0.417922  0.538473  0.729895  0.709737  0.546370  0.432318  0.447063  0.775595  0.716680  0.538423  0.594235  0.681962  0.571963  0.424658  0.657913  0.468041  0.667697  0.578317  0.664215  0.653682  0.703082  0.534732  0.489648  0.684391  0.607849  0.605864  0.699951  0.619464  0.579543  0.652181  0.595304  0.749553  0.434514  0.817900  0.370645  0.613672  0.574148  0.785371  0.661280  0.708332  0.591296  0.718788  0.723800  0.627286  0.637979  0.564710  0.642857  0.732730  0.360919  0.604681  0.599656  0.571523  0.611447  0.633802  0.786202  0.647115  0.641302  0.469075  0.797662  0.693241  0.610521  0.592895  0.697348  0.692668  0.637677  0.623509  0.625842  0.417500  0.685765  0.632499  0.717128  0.572977  0.553938  0.599840  0.651250  0.549065  0.709037  0.667323  0.590425  0.696769  0.615801  0.727370  0.619271  0.712958  0.894906  0.672668 
25  0.550897  0.690013  0.683295  0.704033  0.481918  0.630108  0.586532  0.575147  0.555750  0.621864  0.668008  0.615133  0.521655  0.687404  0.615253  0.678439  0.530216  0.547033  0.515044  0.559515  0.643028  0.676510  0.540359  0.781832  0.523449 0.0  0.642253  0.592129  0.612365  0.658772  0.464214  0.634233  0.544513  0.592527  0.753022  0.504122  0.640303  0.594594  0.664031  0.653541  0.539455  0.619669  0.615704  0.616062  0.677270  0.610713  0.704685  0.639380  0.572895  0.615634  0.523136  0.635948  0.576802  0.631291  0.649361  0.664178  0.623311  0.596688  0.594353  0.530901  0.549317  0.589880  0.602135  0.675568  0.600820  0.616283  0.586835  0.642509  0.541044  0.643973  0.503561  0.632399  0.514713  0.560312  0.682635  0.542454  0.530650  0.704649  0.578203  0.797577  0.644072  0.642451  0.539361  0.592111  0.604615  0.597796  0.618766  0.501540  0.489069  0.558346  0.631724  0.599767  0.598525  0.689305  0.604636  0.633161  0.563712  0.674042  0.599709  0.677057  0.566539  0.643179  0.695637  0.572156  0.534277  0.538052  0.596591  0.747973  0.556001  0.649762  0.634399  0.618301  0.610424  0.658938  0.597299  0.628997  0.533508  0.596024  0.543524  0.617889  0.672926  0.698672  0.747195  0.485363  0.562100  0.578556  0.581641  0.641526  0.547985  0.680853  0.673562  0.570103  0.583333  0.649852  0.555928  0.591744  0.600806  0.584958  0.530767  0.597667  0.660207  0.721630  0.648851  0.598172  0.688254  0.575327 
26  0.560755  0.947532  0.790038  0.481418  0.742497  0.657541  0.541338  0.296643  0.588853  0.519465  0.690804  0.603220  0.520890  0.477479  0.515617  0.586458  0.640892  0.571604  0.466722  0.564219  0.534525  0.660447  0.563567  0.731894  0.594619  0.642253 0.0  0.589126  0.500376  0.704886  0.560786  0.595976  0.413790  0.572002  0.772033  0.498554  0.644989  0.690936  0.633648  0.640354  0.808219  0.595365  0.638760  0.558593  0.784529  0.625453  0.486957  0.560850  0.584320  0.439616  0.490855  0.732132  0.543748  0.417846  0.568758  0.601727  0.512056  0.368930  0.683535  0.466377  0.452955  0.383796  0.739982  0.635435  0.435486  0.510183  0.599280  0.694718  0.591555  0.452726  0.432849  0.693509  0.647203  0.549232  0.681689  0.534505  0.566560  0.700653  0.510132  0.800803  0.396803  0.677811  0.477202  0.551184  0.487760  0.563758  0.561820  0.536516  0.543995  0.426838  0.672872  0.592556  0.462826  0.579354  0.634709  0.525618  0.482794  0.631030  0.524869  0.574533  0.503261  0.358632  0.558680  0.372702  0.467519  0.420160  0.483477  0.736937  0.545054  0.621904  0.659046  0.736192  0.668892  0.583689  0.604505  0.466428  0.646606  0.545966  0.563787  0.789898  0.631149  0.722817  0.825859  0.596259  0.549657  0.324494  0.552577  0.478696  0.657647  0.869693  0.549895  0.516707  0.535505  0.599078  0.781256  0.625169  0.505953  0.514055  0.565105  0.554751  0.373140  0.745264  0.485866  0.420001  0.731374  0.474326 
