146
0 0.0  0.708475  0.829868  0.525657  0.565090  0.555975  0.532066  0.456307  0.457578  0.746857  0.540294  0.695300  0.541046  0.581988  0.486339  0.810767  0.650098  0.526131  0.478313  0.515006  0.574809  0.521320  0.599980  0.814624  0.545091  0.578627  0.544507  0.525104  0.671898  0.710686  0.689023  0.632089  0.697031  0.563003  0.815720  0.620246  0.720324  0.709344  0.595768  0.610522  0.734487  0.573899  0.622058  0.562700  0.929607  0.509651  0.617364  0.510594  0.646686  0.655913  0.642961  0.612640  0.459867  0.568507  0.477969  0.460905  0.609207  0.432996  0.686458  0.644875  0.565139  0.499433  0.630904  0.644998  0.537286  0.521392  0.689199  0.720807  0.628229  0.580754  0.473391  0.581860  0.655217  0.559392  0.723596  0.535373  0.646352  0.666096  0.697279  0.746053  0.545162  0.406425  0.489270  0.722798  0.563639  0.680719  0.638251  0.498718  0.711217  0.528045  0.651137  0.676477  0.414683  0.844436  0.485601  0.498473  0.450361  0.718191  0.522636  0.521351  0.533107  0.464988  0.599166  0.619251  0.509809  0.439594  0.440807  0.745848  0.564371  0.762005  0.606522  0.538635  0.778553  0.519141  0.837810  0.443685  0.642526  0.495033  0.537759  0.751409  0.773078  0.707931  0.650288  0.718392  0.431658  0.526113  0.630430  0.474397  0.672231  0.716610  0.566217  0.512239  0.424316  0.500363  0.803368  0.510095  0.580072  0.586466  0.694187  0.808028  0.447508  0.613164  0.520408  0.544852  0.763228  0.670853 
1  0.708475 0.0  0.351835  0.807131  0.799890  0.824830  0.600517  0.669125  0.928752  0.562141  0.696540  0.555228  0.665039  0.635032  0.924692  0.521066  0.593518  0.569427  0.732926  0.698368  0.539399  0.596363  0.446430  0.400344  0.760437  0.639857  0.742393  0.633223  0.489418  0.630831  0.460245  0.859953  0.606435  0.543061  0.518996  0.421957  0.424280  0.639659  0.664478  0.625035  0.538912  0.957547  0.751353  0.875350  0.447103  0.856494  0.466890  0.733876  0.534958  0.511238  0.721326  0.575188  0.747548  0.715940  0.639456  0.747431  0.522063  0.874799  0.647412  0.719673  0.634102  0.617638  0.488036  0.582585  0.665061  0.667845  0.765638  0.380537  0.612404  0.621363  0.774930  0.600152  0.569759  0.807200  0.537119  0.613375  0.819370  0.710091  0.503587  0.399459  0.849203  0.880420  0.537169  0.484586  0.516112  0.496635  0.668344  0.600378  0.562690  0.487057  0.474188  0.544471  0.954649  0.602826  0.830911  0.749950  0.705761  0.463601  0.755456  0.667008  0.575770  0.657764  0.517294  0.688804  0.546623  0.692216  0.737637  0.495032  0.713392  0.477261  0.401837  0.698901  0.674759  0.612638  0.530841  0.705672  0.487758  1.000000  0.538577  0.547704  0.494544  0.636626  0.605220  0.462909  0.914226  0.648618  0.497381  0.863857  0.504593  0.475699  0.610579  0.551833  0.627572  0.716601  0.635893  0.616450  0.653093  0.606946  0.554998  0.537064  0.695591  0.663407  0.503965  0.653017  0.558435  0.571262 
2  0.829868  0.351835 0.0  0.775416  0.632886  0.719751  0.601429  0.822483  0.762398  0.560421  0.600659  0.543089  0.656088  0.610067  0.846473  0.591576  0.588661  0.499855  0.688977  0.720190  0.582351  0.599708  0.447049  0.418318  0.762015  0.706726  0.762324  0.759358  0.561551  0.581157  0.519542  0.654558  0.713399  0.507560  0.443910  0.615537  0.497720  0.633375  0.645310  0.638064  0.525343  0.892654  0.768927  0.768604  0.329059  0.796487  0.595695  0.745407  0.537991  0.611921  0.750009  0.553179  0.800581  0.727180  0.680586  0.764645  0.572717  0.845548  0.636913  0.604015  0.829430  0.677032  0.630237  0.537761  0.550565  0.727383  0.728131  0.379173  0.582453  0.648104  0.696186  0.601384  0.715393  0.709675  0.527740  0.744995  0.692525  0.676914  0.497778  0.389278  0.835533  0.908298  0.574335  0.688418  0.579248  0.508726  0.616868  0.512579  0.663627  0.618620  0.461938  0.505822  0.858863  0.583147  0.761142  0.697051  0.669276  0.469388  0.768411  0.745286  0.496648  0.633742  0.482118  0.735112  0.556455  0.707375  0.669565  0.410548  0.734734  0.411340  0.481778  0.701848  0.566729  0.622145  0.617274  0.761744  0.637874  0.733820  0.621771  0.313169  0.457222  0.588887  0.648694  0.502912  0.738569  0.730629  0.562101  0.756171  0.452646  0.589384  0.488430  0.596683  0.611235  0.612240  0.602313  0.743870  0.622098  0.602181  0.647843  0.639319  0.934385  0.771555  0.611416  0.584959  0.577260  0.605244 
3  0.525657  0.807131  0.775416 0.0  0.585881  0.457442  0.507297  0.338435  0.464226  0.500503  0.558918  0.625547  0.557275  0.586909  0.319751  0.654571  0.496530  0.627811  0.274782  0.479127  0.530228  0.571255  0.558669  0.693206  0.462253  0.581698  0.469124  0.564994  0.582139  0.639160  0.530442  0.545140  0.492345  0.555387  0.703747  0.467548  0.624157  0.735651  0.627745  0.714001  0.898385  0.370772  0.427613  0.332117  0.777559  0.379865  0.661516  0.360205  0.598890  0.647476  0.414130  0.604806  0.319712  0.596235  0.584138  0.452292  0.607341  0.361214  0.653254  0.579921  0.285274  0.588320  0.641764  0.624917  0.594930  0.366559  0.456867  0.644746  0.637798  0.497501  0.552124  0.625431  0.573056  0.409570  0.723223  0.353351  0.783762  0.598565  0.636317  0.698735  0.478148  0.535936  0.433298  0.570078  0.521090  0.593895  0.588058  0.567776  0.624813  0.520027  0.566552  0.620555  0.330819  0.605166  0.333558  0.545493  0.503500  0.741146  0.454816  0.472342  0.635093  0.443689  0.534038  0.508131  0.515165  0.543604  0.445757  0.647625  0.326733  0.735314  0.581108  0.639167  0.677651  0.611419  0.726162  0.709708  0.633934  0.288661  0.637638  0.774496  0.574260  0.594537  0.619899  0.622533  0.487087  0.498258  0.552572  0.509929  0.629544  0.661304  0.601744  0.473481  0.440142  0.502872  0.737609  0.581949  0.526100  0.571836  0.578231  0.618479  0.443350  0.601538  0.516127  0.455951  0.576711  0.508840 
4  0.565090  0.799890  0.632886  0.585881 0.0  0.566644  0.603436  0.580811  0.481045  0.424942  0.564323  0.525922  0.684435  0.717889  0.640113  0.627996  0.463535  0.334708  0.554001  0.492827  0.491562  0.589994  0.435306  0.479067  0.556414  0.639697  0.620987  0.493922  0.667576  0.463076  0.488721  0.439434  0.677856  0.541628  0.674980  0.530222  0.664662  0.517566  0.458456  0.667290  0.575133  0.574336  0.392881  0.512827  0.614339  0.523164  0.609333  0.487453  0.405448  0.495416  0.564795  0.511654  0.595450  0.598252  0.569917  0.601318  0.516491  0.716421  0.662559  0.629671  0.640938  0.679174  0.526667  0.499545  0.598246  0.618056  0.617099  0.580811  0.480235  0.631660  0.408262  0.592316  0.460579  0.541301  0.555546  0.476265  0.613149  0.687793  0.476372  0.694310  0.592733  0.510729  0.583110  0.647763  0.479571  0.598049  0.695654  0.518726  0.524722  0.520480  0.617490  0.590371  0.515350  0.574572  0.504310  0.500245  0.536530  0.649922  0.488147  0.685876  0.486493  0.612689  0.600330  0.497660  0.478815  0.481565  0.512208  0.511242  0.493352  0.628550  0.562772  0.456200  0.504137  0.320836  0.613161  0.339452  0.459995  0.600061  0.637437  0.539024  0.528008  0.456170  0.374438  0.557717  0.550907  0.719794  0.499100  0.424007  0.495619  0.613229  0.546224  0.669058  0.456048  0.440136  0.550010  0.616311  0.705901  0.643531  0.522458  0.589263  0.639205  0.471716  0.643043  0.593573  0.672748  0.649984 
5  0.555975  0.824830  0.719751  0.457442  0.566644 0.0  0.555255  0.652388  0.295320  0.580126  0.612368  0.643286  0.501096  0.599827  0.398723  0.571941  0.574103  0.655484  0.442317  0.537786  0.741550  0.727206  0.617452  0.755370  0.394945  0.602211  0.566301  0.511513  0.740982  0.717531  0.813453  0.631767  0.609053  0.759868  0.653265  0.714346  0.705240  0.675505  0.707760  0.605432  0.682000  0.431131  0.436106  0.394903  0.634262  0.416501  0.760653  0.364938  0.498988  0.674622  0.527911  0.706596  0.439214  0.587231  0.652988  0.526253  0.642654  0.519016  0.693095  0.793342  0.488349  0.533645  0.643454  0.736231  0.755244  0.365620  0.441269  0.623058  0.733585  0.593402  0.731343  0.597928  0.609911  0.429407  0.818262  0.509965  0.682885  0.610033  0.803448  0.808492  0.687953  0.618596  0.619348  0.816343  0.531314  0.676370  0.679639  0.582456  0.679804  0.589995  0.793279  0.781094  0.329284  0.748651  0.386730  0.425191  0.616851  0.804314  0.630717  0.677667  0.535253  0.602482  0.533815  0.531146  0.785987  0.617378  0.623855  0.724062  0.333070  0.798585  0.672039  0.593333  0.691327  0.478948  0.705040  0.669692  0.708317  0.421351  0.831719  0.729367  0.598622  0.680830  0.673911  0.665488  0.688576  0.537220  0.614058  0.583661  0.618748  0.888730  0.640745  0.650743  0.518100  0.576758  0.619829  0.593628  0.721305  0.648071  0.719038  0.691938  0.588958  0.770674  0.615411  0.545027  0.751923  0.710994 
6  0.532066  0.600517  0.601429  0.507297  0.603436  0.555255 0.0  0.494400  0.533570  0.516502  0.550898  0.569303  0.511491  0.598400  0.485379  0.454278  0.550891  0.621366  0.565625  0.517735  0.499156  0.517326  0.506494  0.584993  0.593548  0.601316  0.490639  0.506199  0.591757  0.644438  0.492350  0.498570  0.543160  0.641645  0.617857  0.593650  0.510682  0.651946  0.524613  0.558781  0.577194  0.557333  0.537120  0.478783  0.632084  0.436305  0.543297  0.516730  0.447748  0.566586  0.541547  0.556642  0.539556  0.532681  0.496647  0.495127  0.599777  0.569802  0.648226  0.600255  0.463633  0.496775  0.540879  0.550661  0.541164  0.485284  0.534461  0.509058  0.540873  0.476712  0.566933  0.550121  0.484393  0.536539  0.484482  0.530585  0.538276  0.528883  0.572515  0.592178  0.576776  0.585730  0.478658  0.597296  0.523624  0.578238  0.551062  0.523880  0.512378  0.554339  0.566691  0.639279  0.537155  0.672955  0.468271  0.547997  0.591840  0.647945  0.501900  0.584853  0.556805  0.436251  0.573404  0.568680  0.653847  0.522966  0.570720  0.663014  0.534055  0.630872  0.514632  0.572160  0.650250  0.550430  0.557958  0.581092  0.617621  0.507149  0.677947  0.668794  0.652453  0.565665  0.675481  0.697158  0.544465  0.513176  0.476993  0.587477  0.549435  0.555306  0.529238  0.591638  0.501917  0.569577  0.541140  0.446665  0.621952  0.576586  0.542880  0.602347  0.488708  0.642620  0.610473  0.519584  0.494938  0.568928 
7  0.456307  0.669125  0.822483  0.338435  0.580811  0.652388  0.494400 0.0  0.650832  0.535676  0.547231  0.534366  0.566059  0.606420  0.396960  0.498161  0.465776  0.476470  0.403039  0.604498  0.434089  0.531291  0.361289  0.505681  0.490837  0.516952  0.245085  0.555503  0.452761  0.651967  0.584340  0.554225  0.264059  0.509918  0.658903  0.361666  0.537765  0.652299  0.616794  0.663012  0.719297  0.525478  0.668160  0.524856  0.708726  0.531643  0.444296  0.517446  0.476131  0.446745  0.442350  0.593690  0.510838  0.346881  0.610594  0.431355  0.481366  0.449249  0.610054  0.389283  0.321210  0.296600  0.516172  0.504137  0.474963  0.540229  0.462436  0.516749  0.482029  0.413004  0.506328  0.584912  0.622247  0.522933  0.604277  0.504018  0.634481  0.554715  0.488606  0.695374  0.383938  0.596541  0.487559  0.546256  0.401128  0.487474  0.544251  0.570235  0.738918  0.400636  0.596818  0.664237  0.488139  0.563440  0.428215  0.587991  0.459110  0.619462  0.431153  0.480499  0.477269  0.315401  0.560416  0.315934  0.421157  0.553487  0.499515  0.667405  0.529026  0.578771  0.527497  0.557081  0.840139  0.535404  0.560054  0.500412  0.550696  0.431909  0.496556  0.653876  0.573569  0.615987  0.602788  0.579127  0.550090  0.205384  0.484264  0.580042  0.577969  0.657365  0.534126  0.478047  0.481797  0.524501  0.696802  0.504542  0.437544  0.414499  0.544928  0.687342  0.354311  0.626258  0.481322  0.414921  0.508768  0.417144 
8  0.457578  0.928752  0.762398  0.464226  0.481045  0.295320  0.533570  0.650832 0.0  0.570148  0.611865  0.473388  0.480431  0.731251  0.310240  0.609911  0.602724  0.585702  0.398302  0.472972  0.688737  0.554882  0.629022  0.693977  0.391901  0.566191  0.539001  0.676331  0.676726  0.540339  0.598704  0.634346  0.680784  0.572523  0.764911  0.686520  0.758435  0.615027  0.629988  0.596075  0.760053  0.411057  0.379931  0.315857  0.679653  0.341435  0.673678  0.404988  0.507091  0.607923  0.416051  0.678099  0.287850  0.549204  0.520564  0.468202  0.585762  0.462736  0.585780  0.710948  0.391963  0.641587  0.611864  0.653387  0.659719  0.343654  0.378570  0.751932  0.689914  0.601205  0.597275  0.555189  0.551328  0.431922  0.662119  0.554801  0.616443  0.498001  0.641238  0.920037  0.699558  0.540087  0.552791  0.778259  0.683167  0.678841  0.732010  0.638619  0.670668  0.607052  0.801159  0.570564  0.273247  0.711636  0.336694  0.407909  0.599885  0.783841  0.672607  0.588876  0.550128  0.606959  0.700475  0.598084  0.667380  0.534910  0.544740  0.699146  0.261338  0.577433  0.711009  0.527492  0.575248  0.508585  0.776281  0.578085  0.732951  0.389438  0.731108  0.804546  0.664365  0.611728  0.509829  0.678378  0.590795  0.693067  0.619012  0.480117  0.569024  0.794313  0.629907  0.630175  0.493448  0.525427  0.740852  0.667101  0.618565  0.619501  0.557397  0.709444  0.613567  0.745119  0.607613  0.587884  0.804810  0.648428 
9  0.746857  0.562141  0.560421  0.500503  0.424942  0.580126  0.516502  0.535676  0.570148 0.0  0.618145  0.367754  0.552641  0.623025  0.617241  0.432908  0.346510  0.421728  0.618579  0.465438  0.476768  0.592175  0.358614  0.521392  0.439578  0.526698  0.494480  0.514877  0.442887  0.433249  0.427878  0.523039  0.604578  0.568356  0.596658  0.533645  0.526113  0.430711  0.571060  0.658455  0.567283  0.584907  0.578669  0.605712  0.537733  0.453959  0.475369  0.593726  0.324831  0.367651  0.546212  0.535727  0.582340  0.517907  0.642347  0.506580  0.502369  0.605581  0.569266  0.634520  0.607543  0.489844  0.349880  0.541448  0.517769  0.638973  0.540546  0.603163  0.457407  0.519189  0.498064  0.633835  0.485322  0.585353  0.503547  0.569628  0.704074  0.473672  0.499027  0.600228  0.570810  0.524510  0.514637  0.554846  0.464330  0.371344  0.593837  0.357060  0.522608  0.520966  0.522351  0.605112  0.480817  0.539435  0.594007  0.589320  0.681848  0.579212  0.545239  0.519090  0.502417  0.499530  0.510060  0.510447  0.476687  0.462652  0.602908  0.432414  0.480523  0.506186  0.463774  0.515838  0.486760  0.318510  0.538976  0.570367  0.421078  0.555794  0.530186  0.579985  0.482715  0.385624  0.431415  0.444373  0.605278  0.569191  0.482865  0.602509  0.462534  0.585666  0.430934  0.625532  0.512035  0.346814  0.448858  0.452235  0.484894  0.505438  0.640837  0.462994  0.543038  0.649068  0.451222  0.585538  0.570980  0.529716 
10  0.540294  0.696540  0.600659  0.558918  0.564323  0.612368  0.550898  0.547231  0.611865  0.618145 0.0  0.613332  0.567504  0.668599  0.647100  0.549277  0.633777  0.584520  0.615160  0.563233  0.688341  0.629207  0.693968  0.663558  0.585938  0.550209  0.584475  0.689867  0.651545  0.615666  0.660248  0.534693  0.806736  0.649467  0.652688  0.608446  0.584392  0.729401  0.533760  0.511504  0.718239  0.653392  0.558786  0.604187  0.543158  0.721657  0.490942  0.596410  0.642156  0.616033  0.629607  0.587360  0.630549  0.583689  0.624871  0.577543  0.564427  0.675849  0.660397  0.679513  0.662979  0.653490  0.719651  0.699191  0.616727  0.614618  0.691951  0.656916  0.680800  0.726980  0.586687  0.557904  0.559571  0.615845  0.607467  0.568427  0.526338  0.600244  0.594134  0.628428  0.545768  0.610398  0.604392  0.666770  0.577824  0.615200  0.698479  0.646164  0.583572  0.571472  0.699797  0.699245  0.602470  0.607104  0.586758  0.528532  0.596984  0.607921  0.739331  0.594880  0.580410  0.603742  0.695730  0.600057  0.599518  0.662498  0.541212  0.520880  0.532576  0.620754  0.663029  0.591543  0.525202  0.651889  0.535547  0.608376  0.633274  0.650355  0.637974  0.538885  0.701115  0.632238  0.594289  0.552087  0.700417  0.630194  0.645884  0.618689  0.685858  0.536399  0.678598  0.680186  0.567510  0.575647  0.626532  0.563744  0.697476  0.559754  0.711771  0.771772  0.742267  0.611527  0.609768  0.562165  0.692100  0.638237 
11  0.695300  0.555228  0.543089  0.625547  0.525922  0.643286  0.569303  0.534366  0.473388  0.367754  0.613332 0.0  0.527930  0.729757  0.569968  0.455044  0.403133  0.424106  0.564069  0.516493  0.343932  0.657050  0.322860  0.426183  0.527876  0.591905  0.510314  0.483337  0.208201  0.565757  0.249526  0.644703  0.433476  0.319183  0.437190  0.357542  0.330967  0.507473  0.569030  0.608220  0.477115  0.707483  0.632867  0.570083  0.507456  0.576447  0.341019  0.637089  0.290292  0.405502  0.533816  0.292023  0.650251  0.513985  0.601088  0.481326  0.321724  0.637626  0.406544  0.572442  0.634178  0.480562  0.358102  0.592966  0.425044  0.641568  0.651603  0.496527  0.431553  0.425278  0.559944  0.631207  0.526810  0.559063  0.420811  0.612487  0.618473  0.441488  0.260161  0.467000  0.643576  0.611956  0.497335  0.417955  0.429397  0.370522  0.522245  0.397738  0.461335  0.461811  0.391229  0.477357  0.747256  0.590670  0.483338  0.711238  0.587522  0.530669  0.600865  0.508564  0.310968  0.562877  0.379732  0.512386  0.391416  0.530948  0.597577  0.503834  0.566676  0.450048  0.254631  0.545016  0.678766  0.409251  0.361732  0.562074  0.297798  0.685402  0.394723  0.550203  0.423714  0.464369  0.493181  0.418816  0.702001  0.409620  0.184638  0.577452  0.361525  0.427133  0.519945  0.440025  0.555483  0.281142  0.546779  0.568940  0.365139  0.380594  0.595432  0.345852  0.632919  0.610544  0.392471  0.337454  0.433338  0.318994 
12  0.541046  0.665039  0.656088  0.557275  0.684435  0.501096  0.511491  0.566059  0.480431  0.552641  0.567504  0.527930 0.0  0.628688  0.579519  0.560215  0.551681  0.509273  0.506158  0.555243  0.544327  0.600021  0.468212  0.536170  0.498037  0.602958  0.486379  0.607421  0.494770  0.618801  0.568998  0.620249  0.560863  0.617501  0.598807  0.603854  0.536642  0.470520  0.742498  0.604984  0.402966  0.564540  0.530707  0.495389  0.623831  0.481322  0.579812  0.535828  0.487209  0.551072  0.484667  0.604326  0.571994  0.475143  0.543752  0.627689  0.536035  0.673378  0.484247  0.577515  0.477410  0.549959  0.526258  0.571000  0.523730  0.587534  0.624812  0.562395  0.498829  0.476911  0.518008  0.797665  0.545263  0.638147  0.451470  0.535009  0.736476  0.596758  0.513228  0.626355  0.526835  0.536865  0.503596  0.537175  0.570063  0.511114  0.481736  0.568399  0.473908  0.517759  0.567356  0.615198  0.461937  0.557373  0.583675  0.611919  0.472685  0.552376  0.485836  0.511273  0.487932  0.594758  0.440271  0.522715  0.570003  0.470152  0.560327  0.519059  0.486820  0.605153  0.542849  0.632364  0.732245  0.476727  0.461235  0.558374  0.555959  0.634760  0.502575  0.553219  0.512875  0.559103  0.652331  0.578780  0.543709  0.601206  0.549076  0.641060  0.513024  0.604408  0.522456  0.380995  0.592371  0.587254  0.515094  0.627892  0.558011  0.578839  0.526436  0.558308  0.518803  0.713695  0.412925  0.529218  0.565694  0.568068 
13  0.581988  0.635032  0.610067  0.586909  0.717889  0.599827  0.598400  0.606420  0.731251  0.623025  0.668599  0.729757  0.628688 0.0  0.539555  0.582762  0.598354  0.610753  0.466054  0.643898  0.512161  0.570351  0.708235  0.583613  0.668344  0.610481  0.538463  0.657441  0.625977  0.708426  0.702028  0.608843  0.524875  0.615922  0.667388  0.603791  0.689360  0.633245  0.634972  0.631833  0.627005  0.553263  0.715717  0.641199  0.656964  0.753655  0.469883  0.613196  0.706528  0.561208  0.534621  0.675626  0.570601  0.723011  0.638087  0.608890  0.650941  0.582808  0.600039  0.571518  0.515619  0.617974  0.640102  0.656536  0.556818  0.657146  0.612016  0.661096  0.582099  0.618787  0.529011  0.560423  0.644030  0.591661  0.674627  0.681984  0.691446  0.700641  0.740900  0.549380  0.578550  0.596465  0.515106  0.552072  0.561024  0.627533  0.546857  0.586853  0.603197  0.607922  0.781984  0.611121  0.524058  0.647402  0.538848  0.583382  0.623033  0.568497  0.564886  0.525506  0.560146  0.607347  0.697427  0.781936  0.492609  0.710304  0.534170  0.624657  0.641486  0.600816  0.640790  0.665040  0.752260  0.603985  0.749568  0.510151  0.749073  0.554051  0.527010  0.491489  0.735401  0.651274  0.692532  0.593988  0.640673  0.504479  0.730934  0.608421  0.747406  0.750274  0.614461  0.702575  0.585140  0.704721  0.692309  0.689590  0.536338  0.622013  0.682039  0.694682  0.664876  0.586010  0.558349  0.633873  0.546989  0.615009 
14  0.486339  0.924692  0.846473  0.319751  0.640113  0.398723  0.485379  0.396960  0.310240  0.617241  0.647100  0.569968  0.579519  0.539555 0.0  0.647810  0.482364  0.701099  0.325065  0.459211  0.509550  0.682236  0.651022  0.768556  0.478720  0.634568  0.470965  0.601407  0.630184  0.645806  0.606159  0.571231  0.616091  0.639525  0.688859  0.604259  0.609116  0.778826  0.616812  0.605275  0.684052  0.321571  0.372917  0.488872  0.718834  0.526998  0.592322  0.348126  0.499537  0.542714  0.421535  0.712971  0.310467  0.567923  0.502864  0.518267  0.534862  0.356788  0.764772  0.541064  0.281041  0.530478  0.595139  0.584122  0.587952  0.401216  0.547866  0.683685  0.565480  0.507130  0.686773  0.561864  0.540923  0.402672  0.750540  0.401481  0.577204  0.580567  0.686774  0.625236  0.627341  0.515370  0.494012  0.658135  0.598653  0.559178  0.741490  0.602500  0.843305  0.503531  0.793259  0.760795  0.287329  0.706343  0.331112  0.359202  0.499254  0.652658  0.516773  0.632593  0.499925  0.573806  0.638003  0.571280  0.560342  0.508215  0.473038  0.618805  0.294500  0.721288  0.644437  0.636056  0.828169  0.477479  0.737487  0.475655  0.675258  0.338048  0.646985  0.676840  0.615000  0.608028  0.640913  0.591078  0.568857  0.498957  0.603417  0.546176  0.529150  0.640685  0.499121  0.644602  0.535543  0.510985  0.584804  0.482485  0.613100  0.510836  0.541881  0.698943  0.622426  0.772780  0.507196  0.484223  0.658142  0.464432 
15  0.810767  0.521066  0.591576  0.654571  0.627996  0.571941  0.454278  0.498161  0.609911  0.432908  0.549277  0.455044  0.560215  0.582762  0.647810 0.0  0.439782  0.524973  0.661320  0.635764  0.411195  0.524890  0.436414  0.522368  0.688685  0.598639  0.611074  0.541793  0.491531  0.634964  0.592150  0.438969  0.582676  0.473699  0.547644  0.494361  0.515683  0.596437  0.499191  0.636784  0.537423  0.469843  0.676801  0.626189  0.475154  0.513642  0.451760  0.603682  0.472158  0.540140  0.598114  0.405639  0.741043  0.550366  0.618129  0.535548  0.652865  0.585234  0.767566  0.500326  0.506545  0.572822  0.421848  0.506882  0.506832  0.572228  0.750346  0.467993  0.463845  0.623304  0.592407  0.565123  0.524800  0.672647  0.534057  0.628608  0.722220  0.604423  0.480877  0.448498  0.602437  0.708667  0.590082  0.451035  0.424889  0.449443  0.482194  0.395752  0.561423  0.521658  0.543507  0.493646  0.637661  0.393963  0.609735  0.725903  0.469136  0.557745  0.477426  0.589747  0.450603  0.502903  0.640790  0.605439  0.536484  0.621849  0.632110  0.623009  0.579823  0.519282  0.477107  0.497962  0.568823  0.456760  0.525379  0.534463  0.587018  0.646014  0.474568  0.549207  0.474574  0.544103  0.546114  0.397968  0.553479  0.515023  0.463220  0.544095  0.510320  0.545483  0.461997  0.571292  0.579673  0.479832  0.505962  0.506140  0.509035  0.486570  0.549943  0.585374  0.571948  0.605539  0.455897  0.481768  0.621251  0.429456 
16  0.650098  0.593518  0.588661  0.496530  0.463535  0.574103  0.550891  0.465776  0.602724  0.346510  0.633777  0.403133  0.551681  0.598354  0.482364  0.439782 0.0  0.412838  0.485528  0.515952  0.393108  0.615391  0.375635  0.483295  0.630349  0.431418  0.441423  0.508404  0.347463  0.619667  0.354548  0.563097  0.427588  0.476199  0.567221  0.365398  0.422009  0.481678  0.575137  0.688389  0.522830  0.528019  0.548247  0.562092  0.558353  0.622194  0.371036  0.631248  0.330425  0.368541  0.435156  0.441452  0.610381  0.505302  0.595953  0.520432  0.454967  0.590023  0.540975  0.595839  0.447796  0.480069  0.533570  0.461365  0.454263  0.428369  0.704458  0.493826  0.381164  0.453201  0.408667  0.681948  0.404000  0.691169  0.566517  0.560854  0.617507  0.563345  0.383577  0.588963  0.475505  0.654920  0.531910  0.428054  0.414265  0.416035  0.428914  0.462333  0.411093  0.389826  0.499503  0.504064  0.529105  0.379223  0.588784  0.590794  0.444352  0.527557  0.434540  0.482882  0.414555  0.445314  0.478999  0.534483  0.401808  0.477871  0.556383  0.494397  0.531439  0.455246  0.461115  0.440267  0.519171  0.405728  0.440613  0.589180  0.434421  0.614789  0.531385  0.513772  0.371025  0.441726  0.527726  0.312644  0.558501  0.555638  0.407279  0.598128  0.407271  0.458368  0.451821  0.517679  0.569379  0.367392  0.553389  0.727107  0.458813  0.464509  0.481475  0.520645  0.518248  0.578362  0.367651  0.468417  0.477749  0.405055 
17  0.526131  0.569427  0.499855  0.627811  0.334708  0.655484  0.621366  0.476470  0.585702  0.421728  0.584520  0.424106  0.509273  0.610753  0.701099  0.524973  0.412838 0.0  0.630172  0.463959  0.396007  0.555097  0.439017  0.408624  0.556067  0.672327  0.528541  0.549331  0.416953  0.479336  0.430577  0.503592  0.516540  0.468336  0.519307  0.472139  0.456877  0.357107  0.598077  0.762511  0.454724  0.609137  0.549998  0.473357  0.587933  0.640433  0.402080  0.641604  0.375787  0.433961  0.559245  0.431654  0.630803  0.513799  0.647284  0.586679  0.398657  0.627892  0.432262  0.514679  0.580573  0.653414  0.557022  0.488881  0.443725  0.695860  0.676560  0.461690  0.447456  0.562814  0.463031  0.743645  0.460722  0.702417  0.404294  0.548011  0.680204  0.637522  0.401552  0.549720  0.630403  0.673617  0.598549  0.497733  0.524859  0.574004  0.468858  0.534198  0.467616  0.482204  0.450314  0.522185  0.612127  0.506552  0.567842  0.576400  0.669683  0.470618  0.526033  0.511403  0.426223  0.516734  0.440628  0.500033  0.494983  0.545886  0.529256  0.480880  0.562233  0.536145  0.441213  0.521013  0.532596  0.480264  0.349860  0.393346  0.443047  0.595525  0.504678  0.487937  0.441241  0.452157  0.510678  0.351232  0.601316  0.577118  0.387140  0.419203  0.396503  0.460843  0.475294  0.498842  0.552757  0.446240  0.515141  0.601167  0.510785  0.534778  0.525977  0.465653  0.595882  0.486390  0.589377  0.559445  0.524946  0.471848 
18  0.478313  0.732926  0.688977  0.274782  0.554001  0.442317  0.565625  0.403039  0.398302  0.618579  0.615160  0.564069  0.506158  0.466054  0.325065  0.661320  0.485528  0.630172 0.0  0.508919  0.561851  0.558712  0.634399  0.725068  0.426515  0.569852  0.441685  0.577099  0.679127  0.610343  0.622349  0.652600  0.590616  0.591877  0.586372  0.463694  0.772539  0.614360  0.589178  0.682994  0.679192  0.333760  0.398795  0.440801  0.670573  0.372670  0.652632  0.342586  0.516494  0.552064  0.327767  0.637377  0.327903  0.482968  0.553531  0.495237  0.618662  0.309886  0.615547  0.613763  0.266546  0.523923  0.679168  0.587089  0.494045  0.318791  0.479957  0.661991  0.530154  0.444699  0.445762  0.702495  0.609717  0.406494  0.742956  0.379434  0.646232  0.720034  0.691173  0.707209  0.501848  0.500853  0.508591  0.692171  0.606807  0.611077  0.504752  0.607358  0.609107  0.477091  0.655587  0.630922  0.265028  0.525818  0.374532  0.507724  0.455602  0.683966  0.549585  0.499458  0.600445  0.555807  0.637945  0.475638  0.640974  0.478109  0.438367  0.649760  0.356980  0.680807  0.751936  0.570741  0.816312  0.572912  0.669231  0.607099  0.614675  0.293482  0.562409  0.794608  0.605850  0.640014  0.666858  0.561616  0.465567  0.486470  0.580497  0.466244  0.525196  0.731188  0.470392  0.601988  0.547662  0.629699  0.717286  0.589406  0.515784  0.520264  0.444971  0.564576  0.461507  0.637970  0.550455  0.588981  0.622905  0.584740 
19  0.515006  0.698368  0.720190  0.479127  0.492827  0.537786  0.517735  0.604498  0.472972  0.465438  0.563233  0.516493  0.555243  0.643898  0.459211  0.635764  0.515952  0.463959  0.508919 0.0  0.455746  0.535651  0.472808  0.703492  0.455566  0.586499  0.518137  0.575404  0.634575  0.538632  0.585307  0.530533  0.554927  0.638196  0.618457  0.625761  0.653857  0.549609  0.523203  0.582870  0.615206  0.447029  0.517970  0.592055  0.631204  0.563817  0.583370  0.514789  0.418603  0.548916  0.570162  0.690798  0.447863  0.526153  0.521392  0.546758  0.525250  0.523011  0.564634  0.609389  0.550424  0.480417  0.530619  0.571219  0.572499  0.466711  0.507303  0.680999  0.561443  0.497146  0.501731  0.617993  0.557232  0.545376  0.589246  0.482989  0.585978  0.591896  0.614155  0.722047  0.468566  0.556975  0.550029  0.534146  0.525514  0.559996  0.579111  0.531178  0.607838  0.554649  0.630268  0.653627  0.519107  0.677187  0.477912  0.502910  0.530874  0.703090  0.527889  0.502588  0.492517  0.564483  0.534726  0.535931  0.588758  0.518638  0.494986  0.569149  0.422620  0.603652  0.475437  0.624935  0.683043  0.503626  0.657206  0.454624  0.544505  0.492739  0.485494  0.643897  0.691662  0.507850  0.525862  0.566856  0.511876  0.551524  0.504602  0.517781  0.580811  0.650246  0.537852  0.554271  0.496949  0.440710  0.656596  0.538328  0.524507  0.499099  0.469625  0.558222  0.532225  0.592650  0.669760  0.572968  0.638252  0.649642 
20  0.574809  0.539399  0.582351  0.530228  0.491562  0.741550  0.499156  0.434089  0.688737  0.476768  0.688341  0.343932  0.544327  0.512161  0.509550  0.411195  0.393108  0.396007  0.561851  0.455746 0.0  0.557398  0.309165  0.469030  0.581510  0.482420  0.525682  0.464559  0.304177  0.565395  0.451012  0.604851  0.462128  0.498668  0.628055  0.417397  0.399663  0.445432  0.538916  0.697358  0.372479  0.780969  0.536091  0.517330  0.601204  0.594263  0.420918  0.624888  0.341182  0.373243  0.489979  0.440336  0.507160  0.558347  0.554467  0.503280  0.393613  0.610181  0.543591  0.636390  0.404592  0.452028  0.349217  0.540124  0.413535  0.570203  0.576090  0.436587  0.494969  0.404584  0.520510  0.599203  0.341337  0.568390  0.441384  0.493146  0.657075  0.748759  0.341719  0.679831  0.582534  0.505316  0.447784  0.332526  0.336253  0.395239  0.452617  0.379802  0.416030  0.468010  0.405192  0.478674  0.642752  0.535778  0.553219  0.665009  0.584114  0.524164  0.382330  0.449026  0.371580  0.423692  0.454969  0.403625  0.524719  0.528646  0.510648  0.532218  0.702875  0.586821  0.338187  0.555950  0.756868  0.447537  0.516723  0.517208  0.353298  0.613488  0.476959  0.492529  0.535660  0.478908  0.598282  0.424687  0.624290  0.443022  0.339151  0.635527  0.427932  0.428167  0.386090  0.530380  0.564322  0.434216  0.496841  0.466526  0.403057  0.469418  0.514233  0.452502  0.489221  0.504389  0.537132  0.403640  0.440634  0.361975 
21  0.521320  0.596363  0.599708  0.571255  0.589994  0.727206  0.517326  0.531291  0.554882  0.592175  0.629207  0.657050  0.600021  0.570351  0.682236  0.524890  0.615391  0.555097  0.558712  0.535651  0.557398 0.0  0.565421  0.600477  0.590385  0.595548  0.506972  0.587617  0.500186  0.588187  0.614944  0.681478  0.545666  0.622405  0.515066  0.464793  0.573546  0.592957  0.580147  0.660425  0.528292  0.654610  0.638570  0.598661  0.544719  0.497115  0.478172  0.633654  0.535782  0.493854  0.672297  0.601896  0.665571  0.522805  0.531961  0.502266  0.535448  0.583802  0.601091  0.569001  0.582355  0.587103  0.628335  0.523410  0.487992  0.609951  0.542809  0.604620  0.485678  0.547486  0.703892  0.619913  0.598439  0.593450  0.529017  0.571268  0.608713  0.701304  0.592186  0.586874  0.649324  0.674235  0.600304  0.570451  0.450660  0.583746  0.610283  0.578690  0.462453  0.567445  0.558357  0.616136  0.539468  0.506835  0.598621  0.587038  0.502518  0.517586  0.571765  0.445381  0.664135  0.476861  0.501515  0.496256  0.494412  0.518164  0.494984  0.520967  0.552651  0.478147  0.546993  0.548583  0.658115  0.649082  0.533136  0.601836  0.481045  0.463184  0.539296  0.577969  0.632482  0.614765  0.634643  0.519431  0.688579  0.480896  0.635448  0.726901  0.560697  0.523283  0.588273  0.527243  0.531404  0.548103  0.578659  0.667925  0.580462  0.546870  0.587455  0.498804  0.511853  0.688805  0.530539  0.510371  0.610148  0.567581 
22  0.599980  0.446430  0.447049  0.558669  0.435306  0.617452  0.506494  0.361289  0.629022  0.358614  0.693968  0.322860  0.468212  0.708235  0.651022  0.436414  0.375635  0.439017  0.634399  0.472808  0.309165  0.565421 0.0  0.422716  0.558485  0.501906  0.518592  0.389487  0.318490  0.579127  0.316515  0.478414  0.465896  0.422936  0.595393  0.397897  0.287581  0.385327  0.564971  0.578084  0.393707  0.703953  0.675469  0.506535  0.475960  0.622861  0.414634  0.663021  0.240892  0.364103  0.524953  0.422486  0.616788  0.508134  0.473026  0.460608  0.272145  0.580952  0.379327  0.544963  0.444423  0.423163  0.339879  0.438412  0.426564  0.503348  0.571708  0.414468  0.551127  0.368217  0.553903  0.598420  0.492129  0.579618  0.398741  0.560131  0.714369  0.571223  0.350389  0.506572  0.666119  0.620845  0.447125  0.448983  0.368065  0.414317  0.516787  0.476605  0.412994  0.435636  0.359833  0.537465  0.700718  0.618447  0.525145  0.445067  0.516223  0.544130  0.512450  0.396999  0.425748  0.387545  0.294690  0.365300  0.453950  0.522060  0.568441  0.449055  0.547789  0.455860  0.328631  0.488290  0.673657  0.439076  0.492068  0.494245  0.368259  0.597031  0.501911  0.474136  0.381900  0.497787  0.658570  0.425246  0.588470  0.404533  0.231325  0.527624  0.373820  0.315912  0.421952  0.430940  0.546703  0.337696  0.486248  0.572815  0.435761  0.467460  0.524342  0.387079  0.526103  0.578805  0.475757  0.392597  0.535507  0.375778 
23  0.814624  0.400344  0.418318  0.693206  0.479067  0.755370  0.584993  0.505681  0.693977  0.521392  0.663558  0.426183  0.536170  0.583613  0.768556  0.522368  0.483295  0.408624  0.725068  0.703492  0.469030  0.600477  0.422716 0.0  0.559864  0.624974  0.605441  0.603890  0.503648  0.533210  0.431147  0.747333  0.521978  0.345019  0.425291  0.474591  0.316405  0.401470  0.692143  0.534352  0.480577  0.702179  0.822642  0.644225  0.468121  0.664659  0.410616  0.673891  0.348458  0.498920  0.496621  0.492204  0.807626  0.731168  0.620051  0.732145  0.470668  0.821737  0.501305  0.645213  0.511506  0.555924  0.509010  0.516660  0.481757  0.691977  0.720072  0.289134  0.522513  0.499580  0.590889  0.726311  0.435724  0.773295  0.382544  0.660191  0.785927  0.568645  0.398171  0.339155  0.712925  0.765229  0.694111  0.533496  0.602323  0.433710  0.680303  0.551304  0.529638  0.592267  0.399843  0.613736  0.826214  0.427698  0.659083  0.684558  0.542164  0.492181  0.545214  0.682086  0.504264  0.612164  0.433400  0.577417  0.412355  0.624042  0.693372  0.570983  0.732286  0.489893  0.429573  0.534644  0.651705  0.598569  0.458386  0.677538  0.454656  0.820428  0.576452  0.429233  0.453512  0.556816  0.544765  0.353773  0.725354  0.538001  0.421273  0.676327  0.339105  0.282473  0.509763  0.571354  0.687552  0.493802  0.668029  0.636894  0.455703  0.553566  0.698207  0.461060  0.720346  0.611917  0.446596  0.530873  0.596288  0.288045 
24  0.545091  0.760437  0.762015  0.462253  0.556414  0.394945  0.593548  0.490837  0.391901  0.439578  0.585938  0.527876  0.498037  0.668344  0.478720  0.688685  0.630349  0.556067  0.426515  0.455566  0.581510  0.590385  0.558485  0.559864 0.0  0.587657  0.605966  0.622142  0.475378  0.546960  0.500567  0.656036  0.584853  0.521335  0.826373  0.622819  0.684228  0.592218  0.685923  0.665796  0.734706  0.535498  0.361414  0.390045  0.666256  0.316352  0.604555  0.392162  0.562160  0.605047  0.361865  0.757628  0.430626  0.490218  0.564384  0.484132  0.623113  0.432680  0.610448  0.636876  0.359429  0.547371  0.679031  0.606476  0.507387  0.419178  0.362565  0.655505  0.686905  0.502813  0.591027  0.602081  0.531044  0.439000  0.556776  0.407440  0.675195  0.577953  0.585212  0.640084  0.650358  0.554661  0.491799  0.681866  0.523061  0.680983  0.640100  0.589823  0.558742  0.668137  0.556552  0.727669  0.432552  0.670723  0.445666  0.555455  0.574255  0.724147  0.601273  0.648927  0.582165  0.464932  0.663154  0.500566  0.660760  0.491360  0.565870  0.600540  0.333238  0.693290  0.519216  0.522844  0.607849  0.561538  0.724884  0.743604  0.504194  0.496778  0.726711  0.632814  0.596466  0.655834  0.645662  0.532204  0.540982  0.575128  0.607248  0.571017  0.565994  0.644047  0.550003  0.589230  0.536506  0.509846  0.609740  0.506002  0.695048  0.589636  0.507704  0.544227  0.709494  0.574733  0.507885  0.630137  0.701126  0.722506 
25  0.578627  0.639857  0.706726  0.581698  0.639697  0.602211  0.601316  0.516952  0.566191  0.526698  0.550209  0.591905  0.602958  0.610481  0.634568  0.598639  0.431418  0.672327  0.569852  0.586499  0.482420  0.595548  0.501906  0.624974  0.587657 0.0  0.566108  0.515099  0.552019  0.717429  0.564717  0.550959  0.562982  0.606746  0.629676  0.516667  0.661179  0.582439  0.554598  0.590713  0.667523  0.684775  0.641537  0.563364  0.579736  0.595414  0.583159  0.684540  0.570786  0.560285  0.554879  0.567780  0.583528  0.523148  0.580444  0.567647  0.567527  0.637211  0.532495  0.541674  0.579020  0.552320  0.585201  0.548593  0.625995  0.565442  0.694404  0.639197  0.476695  0.533679  0.452086  0.605932  0.643603  0.553833  0.534471  0.568986  0.659568  0.625045  0.531999  0.612165  0.570394  0.530304  0.571424  0.514669  0.519753  0.540766  0.531091  0.600601  0.569893  0.571077  0.617531  0.609696  0.552095  0.576875  0.585521  0.593975  0.474110  0.616008  0.663078  0.586644  0.560866  0.569017  0.544827  0.575874  0.597861  0.590738  0.592159  0.626209  0.582813  0.604492  0.462725  0.624772  0.630296  0.589679  0.503649  0.581612  0.589591  0.617209  0.500193  0.629746  0.583579  0.560237  0.576879  0.507871  0.687323  0.584041  0.558189  0.529833  0.537228  0.718733  0.635435  0.503803  0.558431  0.490637  0.517424  0.627388  0.511622  0.494967  0.584719  0.489472  0.539497  0.639883  0.591048  0.643039  0.700330  0.581292 
26  0.544507  0.742393  0.762324  0.469124  0.620987  0.566301  0.490639  0.245085  0.539001  0.494480  0.584475  0.510314  0.486379  0.538463  0.470965  0.611074  0.441423  0.528541  0.441685  0.518137  0.525682  0.506972  0.518592  0.605441  0.605966  0.566108 0.0  0.672924  0.516000  0.575301  0.537939  0.594228  0.340530  0.543411  0.804244  0.447943  0.674018  0.649608  0.616520  0.670623  0.651689  0.498549  0.579928  0.584375  0.816993  0.656750  0.519944  0.490962  0.475455  0.577236  0.495677  0.538850  0.488945  0.361028  0.596697  0.586259  0.545692  0.440534  0.671354  0.445079  0.382012  0.347426  0.606132  0.730034  0.552304  0.600021  0.672902  0.722193  0.500493  0.407195  0.541668  0.658730  0.593267  0.552418  0.631043  0.511888  0.583276  0.576973  0.542808  0.785844  0.382919  0.570385  0.421350  0.537071  0.527616  0.464863  0.475825  0.558801  0.530271  0.545813  0.563083  0.707038  0.469352  0.649202  0.477447  0.543417  0.481973  0.542024  0.509302  0.489710  0.603961  0.346528  0.607665  0.345958  0.478354  0.540170  0.478661  0.660498  0.572078  0.649073  0.552404  0.701388  0.819859  0.590685  0.622492  0.443654  0.573772  0.464204  0.582155  0.745137  0.606659  0.616997  0.566957  0.556703  0.568062  0.278824  0.461356  0.565391  0.640231  0.706332  0.436998  0.435615  0.540040  0.562712  0.643076  0.500341  0.531114  0.556177  0.585932  0.543451  0.322356  0.730372  0.493606  0.495595  0.629563  0.537225 
