146
0 0.0  0.808933  0.793388  0.423999  0.657792  0.597848  0.534907  0.622857  0.548225  0.595344  0.665886  0.571730  0.536078  0.767799  0.486357  0.686427  0.672997  0.690192  0.337378  0.463578  0.625755  0.541214  0.653505  0.672949  0.501326  0.571212  0.495086  0.513755  0.683851  0.666737  0.667754  0.679416  0.538441  0.623714  0.827394  0.588447  0.787122  0.688313  0.573729  0.818287  0.600478  0.490241  0.495851  0.604462  0.804439  0.596147  0.703253  0.605275  0.697546  0.654323  0.530625  0.654867  0.420857  0.554600  0.525532  0.443591  0.547726  0.457282  0.485308  0.721843  0.441361  0.658166  0.643882  0.744311  0.673695  0.486448  0.630401  0.766370  0.536528  0.445677  0.631689  0.617584  0.625942  0.450424  0.711688  0.598684  0.780367  0.727047  0.650138  0.831335  0.616049  0.498519  0.527698  0.712666  0.534803  0.763863  0.609821  0.624015  0.685930  0.571272  0.612544  0.640870  0.525800  0.718022  0.495856  0.424437  0.407880  0.842837  0.627140  0.419924  0.617327  0.569677  0.551591  0.523124  0.593142  0.574031  0.505756  0.638880  0.490493  0.741620  0.691256  0.743256  0.687293  0.621004  0.777982  0.444076  0.681403  0.511177  0.643952  0.841882  0.703706  0.683675  0.610481  0.734922  0.531564  0.570319  0.552799  0.437887  0.696248  0.834940  0.582349  0.434234  0.532789  0.668482  0.657482  0.563073  0.621722  0.586402  0.591009  0.739343  0.561216  0.646421  0.635775  0.617676  0.755382  0.621891 
1  0.808933 0.0  0.550067  0.742907  0.736587  0.784609  0.663191  0.722359  0.908912  0.535774  0.635347  0.558784  0.672028  0.686483  0.784277  0.550909  0.633575  0.469298  0.777855  0.726273  0.612009  0.642426  0.604807  0.393083  0.780897  0.618892  0.779323  0.692172  0.466100  0.643677  0.563309  0.780491  0.570900  0.621603  0.472738  0.499657  0.373211  0.575226  0.782232  0.557255  0.544356  0.842332  0.821906  0.707206  0.418778  0.838956  0.502576  0.730308  0.550770  0.562691  0.777905  0.496680  0.873118  0.644400  0.767552  0.803075  0.614521  0.848468  0.650294  0.682434  0.826201  0.587551  0.555479  0.673976  0.636754  0.799212  0.726466  0.319041  0.572376  0.685885  0.740960  0.546232  0.614559  0.787333  0.478095  0.710955  0.869097  0.668135  0.501157  0.367811  0.763345  0.740529  0.717424  0.548639  0.550293  0.588871  0.665236  0.510941  0.591494  0.579457  0.522019  0.578154  0.977416  0.614702  0.755198  0.736211  0.824932  0.394134  0.650638  0.784024  0.647774  0.705078  0.598481  0.717838  0.575345  0.749238  0.691400  0.559660  0.728846  0.506382  0.516904  0.713296  0.668353  0.679333  0.476963  0.749955  0.572793  0.891119  0.608108  0.429070  0.635888  0.695176  0.749569  0.471861  0.799704  0.629997  0.473766  0.631807  0.402488  0.456666  0.596154  0.590801  0.718669  0.652156  0.631685  0.631918  0.521818  0.608807  0.633559  0.686924  0.837064  0.606226  0.478113  0.706936  0.504859  0.595951 
2  0.793388  0.550067 0.0  0.832131  0.600893  0.840392  0.650953  0.746037  0.722990  0.490984  0.611453  0.588530  0.707882  0.711097  0.797273  0.520426  0.598729  0.552550  0.772012  0.708867  0.563001  0.544413  0.541821  0.419896  0.648254  0.631929  0.818325  0.781468  0.577101  0.668129  0.508093  0.767044  0.580312  0.606890  0.453144  0.571402  0.537369  0.680668  0.717526  0.578401  0.631577  0.952807  0.930399  0.752824  0.440719  0.779696  0.583558  0.806712  0.693691  0.599334  0.734005  0.571601  0.754204  0.653063  0.754740  0.739225  0.538586  0.912384  0.755933  0.698225  0.710274  0.693408  0.590118  0.607038  0.698149  0.755961  0.727900  0.501210  0.606649  0.755825  0.751400  0.623123  0.571328  0.666725  0.488335  0.683632  0.729642  0.729304  0.592742  0.478477  0.711321  0.783961  0.662880  0.584597  0.547301  0.504831  0.626145  0.636534  0.594185  0.605588  0.447303  0.585817  0.897221  0.653866  0.779543  0.705575  0.779002  0.539367  0.792694  0.744506  0.547950  0.759085  0.599637  0.688661  0.571143  0.763337  0.720280  0.590964  0.758850  0.553975  0.548913  0.640363  0.707326  0.729879  0.657247  0.771768  0.692733  0.829786  0.591676  0.408161  0.527859  0.499767  0.582488  0.426836  0.790896  0.683770  0.582026  0.716153  0.410461  0.597652  0.543536  0.611550  0.795999  0.677119  0.707300  0.660845  0.645301  0.581025  0.739261  0.615291  0.850824  0.696466  0.578530  0.765558  0.503940  0.662993 
3  0.423999  0.742907  0.832131 0.0  0.639042  0.493761  0.499098  0.527780  0.410886  0.553360  0.658259  0.667014  0.564839  0.639518  0.287532  0.618595  0.499857  0.617892  0.226178  0.551510  0.489297  0.697627  0.579113  0.731332  0.347985  0.631233  0.507140  0.610395  0.681736  0.711376  0.666760  0.619098  0.564062  0.635176  0.770522  0.481336  0.666484  0.712859  0.823217  0.680450  0.718392  0.348025  0.439829  0.388273  0.727991  0.420198  0.561583  0.287484  0.495379  0.646538  0.465427  0.636729  0.379254  0.531891  0.688937  0.453191  0.557255  0.283012  0.634021  0.590209  0.221966  0.545719  0.774877  0.722530  0.594270  0.328494  0.394724  0.672729  0.531760  0.567833  0.561649  0.556118  0.548353  0.523564  0.792095  0.404186  0.680690  0.639008  0.604670  0.779157  0.558870  0.456767  0.485227  0.644270  0.472384  0.727414  0.681773  0.571522  0.672867  0.461566  0.690550  0.671972  0.318531  0.729976  0.293805  0.586621  0.414055  0.683976  0.482720  0.621269  0.556852  0.494643  0.606740  0.640950  0.555455  0.488933  0.438568  0.773928  0.402322  0.692565  0.639884  0.741454  0.738936  0.507490  0.656725  0.548588  0.691757  0.274815  0.851839  0.708068  0.554619  0.606656  0.610831  0.520445  0.524412  0.424834  0.548925  0.597020  0.708738  0.599095  0.625288  0.492789  0.433714  0.586334  0.690483  0.441802  0.631133  0.667504  0.608967  0.670037  0.475422  0.723755  0.513630  0.507780  0.647911  0.552944 
4  0.657792  0.736587  0.600893  0.639042 0.0  0.511425  0.595174  0.589025  0.542836  0.452896  0.622925  0.653597  0.603070  0.701869  0.694686  0.537604  0.499121  0.407861  0.585274  0.443062  0.525268  0.524865  0.465584  0.640337  0.424309  0.636787  0.568257  0.476294  0.459451  0.389175  0.522916  0.587406  0.690650  0.592118  0.654061  0.697640  0.573052  0.500397  0.479884  0.784711  0.636638  0.679864  0.349629  0.529004  0.642236  0.652410  0.610375  0.568362  0.509793  0.561047  0.571681  0.536853  0.552781  0.568917  0.501196  0.612220  0.514879  0.654873  0.613012  0.590394  0.571951  0.709146  0.583935  0.427525  0.559264  0.632766  0.685972  0.633050  0.620322  0.705133  0.510091  0.512259  0.368026  0.571223  0.535649  0.538198  0.674759  0.661633  0.628938  0.651607  0.609658  0.535837  0.498963  0.627510  0.547387  0.632787  0.627536  0.482434  0.527618  0.460066  0.625042  0.551828  0.627142  0.642265  0.544532  0.430121  0.571068  0.577016  0.534103  0.669850  0.541659  0.587558  0.613219  0.571031  0.467973  0.602149  0.547220  0.568353  0.534121  0.694779  0.515268  0.455115  0.523493  0.393072  0.476532  0.411163  0.492447  0.605685  0.557120  0.636203  0.530612  0.491057  0.369086  0.511506  0.540099  0.701589  0.592402  0.404095  0.552293  0.605157  0.449195  0.534271  0.549271  0.402750  0.526006  0.647989  0.628096  0.639952  0.616561  0.653395  0.723427  0.492925  0.630579  0.694286  0.664709  0.593872 
5  0.597848  0.784609  0.840392  0.493761  0.511425 0.0  0.603817  0.647707  0.340860  0.641348  0.623245  0.696533  0.506950  0.561445  0.468761  0.690566  0.571209  0.667576  0.398386  0.495988  0.671741  0.764867  0.627606  0.750067  0.382196  0.543695  0.715802  0.647130  0.601995  0.708841  0.730933  0.649944  0.678961  0.693933  0.772715  0.721350  0.734721  0.662812  0.648001  0.666448  0.724500  0.418546  0.510246  0.472065  0.744208  0.478743  0.834768  0.476249  0.571517  0.754005  0.523494  0.595087  0.368868  0.591269  0.695848  0.499581  0.713183  0.527913  0.758194  0.749458  0.585276  0.710427  0.658401  0.734102  0.702472  0.411426  0.497115  0.758394  0.748057  0.562035  0.728716  0.541818  0.580318  0.355534  0.671227  0.497789  0.717951  0.534339  0.815712  0.775593  0.744484  0.571707  0.618414  0.667827  0.644144  0.658453  0.672324  0.637062  0.690738  0.723044  0.787788  0.770550  0.445738  0.674748  0.245145  0.443636  0.790249  0.742732  0.630107  0.687164  0.559915  0.568907  0.624523  0.549981  0.690017  0.693158  0.701206  0.788695  0.232942  0.718331  0.739164  0.578795  0.667993  0.402942  0.630475  0.683179  0.632737  0.493743  0.789663  0.755725  0.607352  0.552877  0.794611  0.601413  0.573278  0.583858  0.658173  0.726821  0.658860  0.764757  0.689474  0.653221  0.514177  0.598138  0.680609  0.703397  0.772789  0.552270  0.594126  0.715605  0.780817  0.750275  0.646840  0.786928  0.732622  0.581551 
6  0.534907  0.663191  0.650953  0.499098  0.595174  0.603817 0.0  0.477397  0.493334  0.514687  0.653068  0.565254  0.579008  0.556012  0.542110  0.673563  0.502505  0.580926  0.705480  0.591350  0.448578  0.628984  0.692824  0.622478  0.520011  0.580812  0.547060  0.553149  0.486606  0.600784  0.537559  0.650435  0.497190  0.636804  0.649487  0.538450  0.664925  0.539422  0.609552  0.708870  0.574108  0.597242  0.553543  0.519350  0.527659  0.650544  0.652847  0.659291  0.571955  0.511404  0.553229  0.634654  0.566902  0.670574  0.483623  0.464158  0.430700  0.499597  0.675756  0.691300  0.437562  0.575619  0.515119  0.609377  0.571863  0.494885  0.511616  0.570904  0.638114  0.566465  0.644042  0.608356  0.548990  0.476654  0.645852  0.439018  0.578652  0.585343  0.575846  0.652486  0.547196  0.579211  0.512521  0.556745  0.520079  0.636520  0.575429  0.443287  0.606806  0.517962  0.604339  0.607964  0.508318  0.721162  0.510876  0.571426  0.561277  0.615735  0.481682  0.431691  0.594695  0.445794  0.519229  0.496871  0.608376  0.579676  0.560946  0.690052  0.592495  0.697542  0.567865  0.617780  0.579959  0.431457  0.643873  0.542755  0.597538  0.416003  0.603810  0.692104  0.749825  0.478309  0.619976  0.524099  0.673152  0.507363  0.579606  0.650459  0.703341  0.613023  0.461111  0.591311  0.506665  0.553305  0.558906  0.513137  0.495919  0.523357  0.637320  0.621297  0.524397  0.610527  0.556034  0.564847  0.563228  0.533512 
7  0.622857  0.722359  0.746037  0.527780  0.589025  0.647707  0.477397 0.0  0.638039  0.517102  0.592903  0.446370  0.465455  0.598717  0.489579  0.518232  0.478809  0.566900  0.552807  0.503095  0.374108  0.544134  0.364185  0.691432  0.508076  0.503788  0.218875  0.633239  0.504645  0.686613  0.634637  0.551443  0.281937  0.547601  0.798480  0.331230  0.480970  0.692791  0.636992  0.651556  0.595169  0.542647  0.625004  0.567152  0.722924  0.597170  0.415722  0.468623  0.500172  0.514328  0.423492  0.566790  0.503312  0.429131  0.668457  0.455477  0.527064  0.527629  0.621212  0.378349  0.328265  0.343236  0.482278  0.624863  0.410579  0.541697  0.631677  0.675124  0.471351  0.447917  0.515756  0.513171  0.644630  0.522955  0.691031  0.528737  0.554037  0.639197  0.468426  0.705672  0.398183  0.598678  0.450563  0.439322  0.412781  0.550532  0.491400  0.568365  0.562389  0.443512  0.605175  0.589702  0.538996  0.572710  0.580631  0.448756  0.475936  0.686521  0.606477  0.425497  0.496563  0.285164  0.570876  0.346106  0.472959  0.439360  0.498441  0.687732  0.640621  0.628185  0.555274  0.548496  0.851897  0.657924  0.440783  0.525223  0.517457  0.439812  0.619016  0.660493  0.520220  0.605877  0.590065  0.511659  0.543198  0.176504  0.328958  0.582679  0.477058  0.569645  0.477333  0.540171  0.526536  0.509097  0.651885  0.572155  0.518859  0.519808  0.581532  0.638719  0.432772  0.680988  0.511941  0.428590  0.625476  0.489320 
8  0.548225  0.908912  0.722990  0.410886  0.542836  0.340860  0.493334  0.638039 0.0  0.540274  0.693510  0.513061  0.546087  0.699555  0.230805  0.619980  0.649010  0.623930  0.483382  0.446316  0.622809  0.645484  0.554490  0.704739  0.375226  0.516291  0.563848  0.551274  0.608276  0.558625  0.610909  0.651589  0.620385  0.684192  0.712314  0.697067  0.676828  0.614211  0.680059  0.699342  0.773436  0.387735  0.409242  0.397987  0.706075  0.298724  0.652993  0.308900  0.443514  0.718776  0.512151  0.660618  0.388385  0.575411  0.549574  0.606029  0.663516  0.481591  0.575056  0.591806  0.369884  0.680604  0.599325  0.692474  0.702259  0.436847  0.415737  0.739123  0.594392  0.694120  0.566423  0.636195  0.665076  0.442371  0.675360  0.468552  0.670677  0.603625  0.679969  0.762562  0.678312  0.585981  0.540850  0.853175  0.638951  0.634111  0.777863  0.564391  0.775061  0.592000  0.743274  0.705458  0.359690  0.758597  0.394390  0.504365  0.688424  0.812697  0.664079  0.719845  0.634994  0.506739  0.746101  0.599135  0.678917  0.578748  0.568928  0.568487  0.316728  0.704463  0.815266  0.584716  0.667371  0.461256  0.697533  0.555508  0.639672  0.390401  0.646598  0.754303  0.663579  0.622008  0.600449  0.681212  0.705033  0.696556  0.633143  0.422137  0.542911  0.786556  0.469927  0.622574  0.536169  0.397434  0.721392  0.686143  0.786911  0.681390  0.561671  0.638840  0.668482  0.775198  0.664754  0.656822  0.815425  0.762066 
9  0.595344  0.535774  0.490984  0.553360  0.452896  0.641348  0.514687  0.517102  0.540274 0.0  0.689327  0.406388  0.558398  0.784025  0.536832  0.456944  0.318174  0.439454  0.647122  0.434217  0.479228  0.561131  0.403806  0.490723  0.614620  0.602722  0.468229  0.500453  0.408442  0.448871  0.406963  0.760892  0.582936  0.600397  0.598369  0.520355  0.654664  0.507337  0.582007  0.646942  0.519663  0.659268  0.504051  0.588453  0.488576  0.488068  0.536343  0.588922  0.398605  0.478228  0.487614  0.619729  0.501677  0.495866  0.661253  0.488312  0.412298  0.687134  0.569836  0.634098  0.581980  0.583150  0.463950  0.483705  0.585311  0.579714  0.631621  0.593037  0.427760  0.555601  0.579678  0.634380  0.518355  0.599858  0.713749  0.520065  0.726349  0.627075  0.412237  0.597533  0.770239  0.572665  0.475135  0.438536  0.442611  0.489893  0.556395  0.460013  0.363245  0.430504  0.553753  0.606532  0.727817  0.549850  0.500042  0.493661  0.665731  0.621787  0.451326  0.524986  0.434741  0.576398  0.569309  0.639899  0.536615  0.455821  0.604965  0.443280  0.476878  0.592457  0.294064  0.420700  0.502618  0.380139  0.509521  0.492588  0.393721  0.617899  0.549345  0.664852  0.502061  0.461100  0.502889  0.509255  0.706155  0.613604  0.451643  0.546574  0.514927  0.689240  0.417883  0.710795  0.520449  0.336032  0.519607  0.519490  0.493055  0.518861  0.626919  0.453762  0.606220  0.568349  0.576823  0.471520  0.560489  0.522917 
10  0.665886  0.635347  0.611453  0.658259  0.622925  0.623245  0.653068  0.592903  0.693510  0.689327 0.0  0.573866  0.668390  0.719853  0.707067  0.559782  0.596510  0.620365  0.690510  0.641019  0.660990  0.582306  0.585614  0.625429  0.595674  0.574150  0.615527  0.617776  0.659700  0.591831  0.670726  0.520896  0.676983  0.621058  0.554875  0.720975  0.659677  0.785354  0.535775  0.613541  0.635976  0.587130  0.684132  0.691131  0.613693  0.623483  0.609281  0.547085  0.608816  0.537601  0.581514  0.653076  0.616415  0.646935  0.617784  0.636204  0.731658  0.669212  0.674074  0.685603  0.634564  0.586503  0.645373  0.697079  0.768920  0.710279  0.676447  0.653236  0.557938  0.642903  0.604509  0.598182  0.628830  0.560697  0.670593  0.516769  0.629017  0.631285  0.634943  0.632746  0.511494  0.703038  0.605074  0.586634  0.523921  0.596586  0.719350  0.672936  0.627383  0.672363  0.681171  0.690088  0.486617  0.629289  0.632488  0.629562  0.550365  0.695624  0.694253  0.672423  0.555484  0.635916  0.719360  0.735008  0.621690  0.690367  0.625381  0.641943  0.623948  0.621729  0.593203  0.590575  0.571332  0.662563  0.626672  0.562204  0.655485  0.436980  0.699593  0.498766  0.685752  0.559319  0.481090  0.600867  0.541448  0.477840  0.626351  0.738874  0.681058  0.576341  0.692651  0.700075  0.515105  0.574968  0.647866  0.700961  0.774835  0.604699  0.722160  0.721165  0.579902  0.623376  0.631958  0.658408  0.533340  0.589911 
11  0.571730  0.558784  0.588530  0.667014  0.653597  0.696533  0.565254  0.446370  0.513061  0.406388  0.573866 0.0  0.548023  0.760238  0.638426  0.538879  0.408116  0.317323  0.652223  0.540294  0.395359  0.666576  0.349410  0.537964  0.496223  0.641017  0.496766  0.397517  0.247648  0.613227  0.305748  0.649712  0.500780  0.330522  0.611195  0.395414  0.286321  0.465757  0.532447  0.712298  0.432128  0.641330  0.570476  0.565535  0.423810  0.618524  0.404071  0.709035  0.394369  0.308592  0.665663  0.380443  0.609302  0.427131  0.600319  0.477968  0.343281  0.754799  0.345696  0.645312  0.575033  0.392378  0.373947  0.506696  0.320424  0.663717  0.569729  0.478900  0.454327  0.364304  0.521322  0.644530  0.473002  0.589934  0.332235  0.600628  0.656165  0.535687  0.214571  0.533368  0.565259  0.642712  0.525795  0.516313  0.454540  0.344846  0.505724  0.372538  0.433898  0.446860  0.400661  0.565751  0.719720  0.562898  0.564447  0.548025  0.476508  0.547549  0.549740  0.496738  0.293263  0.507380  0.383544  0.508772  0.374712  0.555427  0.623165  0.448107  0.614955  0.465552  0.348410  0.572926  0.667372  0.304330  0.546926  0.529861  0.355016  0.649738  0.474664  0.532504  0.338323  0.459710  0.599228  0.411054  0.629861  0.410180  0.326772  0.547438  0.243857  0.438455  0.557589  0.393808  0.564137  0.347763  0.606597  0.602047  0.346172  0.412008  0.509437  0.384423  0.557643  0.601028  0.468313  0.357302  0.500117  0.269082 
12  0.536078  0.672028  0.707882  0.564839  0.603070  0.506950  0.579008  0.465455  0.546087  0.558398  0.668390  0.548023 0.0  0.657391  0.584715  0.538194  0.562176  0.537787  0.462321  0.549699  0.530989  0.561240  0.509097  0.678558  0.681981  0.554218  0.463422  0.438319  0.496713  0.610811  0.457937  0.477204  0.524777  0.572726  0.667736  0.473814  0.567482  0.545420  0.562780  0.571825  0.583072  0.516040  0.678188  0.473178  0.538872  0.547804  0.436270  0.566051  0.486209  0.543850  0.571961  0.546473  0.606871  0.509747  0.548251  0.481184  0.539724  0.534934  0.526721  0.666724  0.466890  0.610518  0.589835  0.529004  0.496579  0.528628  0.532062  0.575459  0.553582  0.531648  0.613690  0.618276  0.556775  0.588498  0.726415  0.460915  0.579157  0.725184  0.489113  0.617777  0.606835  0.577560  0.636872  0.486478  0.602263  0.588870  0.511202  0.575892  0.550742  0.617502  0.509571  0.566476  0.538748  0.621810  0.547008  0.534516  0.530352  0.655476  0.519153  0.526411  0.500745  0.584782  0.520404  0.432895  0.648690  0.400914  0.534988  0.616179  0.616947  0.577637  0.526152  0.597253  0.668553  0.610684  0.542972  0.661668  0.558107  0.570929  0.654235  0.648777  0.606426  0.604671  0.763339  0.504630  0.600288  0.487378  0.636013  0.620637  0.617005  0.679138  0.619741  0.499244  0.708098  0.538420  0.510855  0.532606  0.582269  0.567636  0.584475  0.478537  0.530192  0.575137  0.619334  0.483007  0.596874  0.489695 
13  0.767799  0.686483  0.711097  0.639518  0.701869  0.561445  0.556012  0.598717  0.699555  0.784025  0.719853  0.760238  0.657391 0.0  0.635216  0.619701  0.666122  0.642431  0.581080  0.588354  0.644470  0.561934  0.633019  0.671352  0.657723  0.697897  0.636663  0.692902  0.701612  0.704302  0.667941  0.615771  0.685025  0.618739  0.534467  0.633281  0.681847  0.682888  0.605028  0.533009  0.707963  0.572788  0.754639  0.707317  0.570992  0.682824  0.638822  0.651356  0.655801  0.612016  0.684713  0.600636  0.612668  0.687197  0.603890  0.597454  0.613117  0.622970  0.584288  0.553784  0.638160  0.660837  0.635117  0.709544  0.603236  0.622036  0.758916  0.584122  0.612430  0.682980  0.605986  0.571994  0.623104  0.710391  0.651191  0.682591  0.639371  0.773869  0.718150  0.721493  0.596450  0.598997  0.645538  0.768447  0.572760  0.532104  0.586804  0.637115  0.599901  0.603876  0.640230  0.667190  0.615804  0.649454  0.558803  0.523421  0.555455  0.560193  0.513544  0.522664  0.583261  0.654324  0.633040  0.702122  0.555494  0.516356  0.612143  0.621523  0.659630  0.522878  0.603761  0.639626  0.614520  0.732936  0.799835  0.602991  0.664142  0.666071  0.598953  0.609743  0.737066  0.640797  0.640419  0.676408  0.663654  0.566254  0.611703  0.530478  0.712968  0.734086  0.678951  0.630838  0.635964  0.717340  0.679826  0.755647  0.606189  0.536229  0.605178  0.707960  0.590163  0.541691  0.605129  0.617233  0.551838  0.567485 
14  0.486357  0.784277  0.797273  0.287532  0.694686  0.468761  0.542110  0.489579  0.230805  0.536832  0.707067  0.638426  0.584715  0.635216 0.0  0.522522  0.679529  0.723871  0.328585  0.444048  0.587951  0.590953  0.611919  0.839575  0.476046  0.613392  0.496539  0.696312  0.708110  0.683734  0.603390  0.601287  0.544318  0.704065  0.899126  0.505883  0.647799  0.761520  0.704160  0.518248  0.745548  0.448626  0.501961  0.517248  0.704511  0.425157  0.731354  0.318890  0.452199  0.681734  0.417618  0.633252  0.354114  0.582923  0.569647  0.622514  0.473136  0.341482  0.725490  0.755218  0.230002  0.680402  0.679349  0.911651  0.574574  0.275682  0.499397  0.677995  0.486265  0.554786  0.520175  0.618453  0.489340  0.411665  0.664254  0.463183  0.646495  0.601877  0.766559  0.797573  0.679703  0.581496  0.560852  0.772930  0.613010  0.628788  0.611776  0.616937  0.664905  0.680408  0.704891  0.674652  0.312104  0.710022  0.371507  0.464821  0.509648  0.623230  0.485467  0.552326  0.593285  0.520781  0.621655  0.607192  0.632963  0.608801  0.615433  0.593136  0.346603  0.632147  0.736041  0.617026  0.705080  0.497020  0.757712  0.393933  0.645282  0.316619  0.525694  0.747135  0.678146  0.620959  0.602529  0.634775  0.669273  0.499840  0.609698  0.556997  0.591970  0.738959  0.631686  0.568975  0.497370  0.522701  0.833028  0.562040  0.555236  0.481378  0.634875  0.736718  0.520504  0.671063  0.487444  0.526959  0.769104  0.484738 
15  0.686427  0.550909  0.520426  0.618595  0.537604  0.690566  0.673563  0.518232  0.619980  0.456944  0.559782  0.538879  0.538194  0.619701  0.522522 0.0  0.506081  0.526922  0.583825  0.589379  0.386694  0.665556  0.402986  0.532196  0.636617  0.545259  0.625268  0.549808  0.434591  0.600200  0.502449  0.452726  0.507622  0.445909  0.524363  0.558008  0.520969  0.584622  0.470506  0.613458  0.524688  0.649377  0.661691  0.715453  0.497245  0.650806  0.443187  0.684213  0.451033  0.496576  0.501969  0.453936  0.631266  0.580545  0.661883  0.462932  0.587292  0.639798  0.604662  0.580381  0.549478  0.551145  0.498685  0.502060  0.570078  0.617018  0.733949  0.507573  0.479141  0.512617  0.619770  0.632666  0.486942  0.604454  0.636186  0.657848  0.644314  0.724485  0.371662  0.450333  0.687342  0.641926  0.650904  0.430309  0.400335  0.473979  0.636050  0.375339  0.642011  0.638647  0.596540  0.595767  0.687039  0.397375  0.645453  0.680312  0.465011  0.628797  0.634826  0.514196  0.473782  0.498157  0.565089  0.712316  0.494675  0.610275  0.575639  0.510531  0.662347  0.516784  0.511939  0.552892  0.460805  0.399960  0.600283  0.621671  0.520234  0.659777  0.556867  0.545068  0.443420  0.524069  0.406470  0.382978  0.702278  0.575475  0.445761  0.681241  0.630106  0.346450  0.511984  0.543992  0.585607  0.415587  0.570078  0.592224  0.572157  0.575431  0.534483  0.527178  0.552073  0.532475  0.547878  0.447945  0.515841  0.475879 
16  0.672997  0.633575  0.598729  0.499857  0.499121  0.571209  0.502505  0.478809  0.649010  0.318174  0.596510  0.408116  0.562176  0.666122  0.679529  0.506081 0.0  0.449714  0.452444  0.469635  0.480762  0.619952  0.418779  0.505631  0.575722  0.527871  0.442539  0.494547  0.357743  0.511028  0.366307  0.527016  0.547997  0.389074  0.504796  0.371222  0.488665  0.467410  0.534827  0.706709  0.502588  0.719042  0.597646  0.567308  0.604253  0.574663  0.381853  0.568052  0.383462  0.402123  0.478048  0.461274  0.491969  0.565784  0.613938  0.501171  0.303905  0.662640  0.519976  0.585815  0.508230  0.527288  0.454331  0.591106  0.525906  0.498754  0.570485  0.574485  0.329304  0.401644  0.433309  0.608610  0.400534  0.690131  0.553105  0.567369  0.771674  0.716931  0.342131  0.402125  0.490442  0.699693  0.543434  0.438271  0.442866  0.492923  0.510246  0.379905  0.299519  0.514052  0.450465  0.620158  0.612765  0.478171  0.572098  0.619849  0.416922  0.594095  0.431629  0.466282  0.355836  0.553399  0.421572  0.503204  0.338428  0.509088  0.619029  0.536559  0.571563  0.625294  0.460434  0.613523  0.683445  0.469037  0.395279  0.417832  0.437829  0.593841  0.519222  0.564460  0.370580  0.380751  0.553993  0.365815  0.639776  0.399650  0.440337  0.693501  0.409129  0.578890  0.476659  0.447571  0.572997  0.481302  0.534612  0.642482  0.443924  0.372654  0.664502  0.593037  0.504608  0.615265  0.437726  0.470184  0.530033  0.379310 
17  0.690192  0.469298  0.552550  0.617892  0.407861  0.667576  0.580926  0.566900  0.623930  0.439454  0.620365  0.317323  0.537787  0.642431  0.723871  0.526922  0.449714 0.0  0.551440  0.507531  0.419102  0.649065  0.440006  0.538170  0.588094  0.562538  0.484086  0.554406  0.318422  0.432166  0.499170  0.597995  0.470494  0.600245  0.599457  0.493917  0.508389  0.430424  0.596913  0.546324  0.512209  0.646488  0.686889  0.497439  0.579669  0.497461  0.437206  0.720324  0.441955  0.441183  0.578678  0.477911  0.665526  0.522103  0.652416  0.545850  0.527109  0.593543  0.508404  0.618603  0.579846  0.624981  0.479226  0.380429  0.600208  0.523995  0.743613  0.539244  0.442302  0.507814  0.398226  0.657619  0.426909  0.668816  0.484330  0.613934  0.659409  0.547703  0.567494  0.503515  0.538004  0.645759  0.455906  0.636767  0.513968  0.532165  0.514875  0.524991  0.477703  0.379701  0.513012  0.548614  0.696122  0.473293  0.604352  0.552277  0.633623  0.588744  0.549576  0.593701  0.555876  0.580312  0.429254  0.522044  0.471092  0.497600  0.596689  0.515161  0.588316  0.520674  0.584351  0.560396  0.558898  0.468578  0.413329  0.498126  0.447038  0.634574  0.557123  0.460932  0.518114  0.612296  0.433430  0.458052  0.570592  0.560058  0.396272  0.605917  0.565920  0.422509  0.425740  0.589136  0.599597  0.449632  0.569134  0.564001  0.555556  0.544700  0.574813  0.430625  0.527850  0.575995  0.515407  0.407862  0.499802  0.420169 
18  0.337378  0.777855  0.772012  0.226178  0.585274  0.398386  0.705480  0.552807  0.483382  0.647122  0.690510  0.652223  0.462321  0.581080  0.328585  0.583825  0.452444  0.551440 0.0  0.518885  0.640711  0.530202  0.628698  0.768908  0.356904  0.594621  0.391411  0.452696  0.554964  0.665710  0.552147  0.700761  0.543778  0.648536  0.746727  0.544223  0.723062  0.732255  0.700961  0.628583  0.648197  0.300963  0.478847  0.473872  0.657317  0.339761  0.579243  0.385861  0.534378  0.443783  0.446762  0.632153  0.341515  0.559914  0.616353  0.490717  0.547770  0.470729  0.649947  0.540921  0.255865  0.611453  0.816342  0.661981  0.613266  0.248162  0.462707  0.675604  0.549784  0.629805  0.410270  0.615879  0.661213  0.413187  0.690237  0.459512  0.725686  0.667905  0.600255  0.707655  0.535121  0.636939  0.530423  0.615975  0.620152  0.558695  0.493449  0.567187  0.646970  0.609039  0.664316  0.594538  0.286352  0.565392  0.420538  0.421572  0.459086  0.728096  0.539167  0.479883  0.572709  0.517333  0.685648  0.536963  0.575859  0.441353  0.569868  0.663242  0.403672  0.701515  0.635051  0.742784  0.797309  0.587486  0.679191  0.556180  0.588587  0.304875  0.653935  0.817051  0.602239  0.767875  0.653310  0.590483  0.572293  0.525318  0.702744  0.549453  0.526674  0.758339  0.610876  0.518815  0.456068  0.499845  0.608381  0.660031  0.652756  0.579233  0.573489  0.638834  0.425433  0.685187  0.581525  0.584080  0.702285  0.466398 
19  0.463578  0.726273  0.708867  0.551510  0.443062  0.495988  0.591350  0.503095  0.446316  0.434217  0.641019  0.540294  0.549699  0.588354  0.444048  0.589379  0.469635  0.507531  0.518885 0.0  0.526384  0.597068  0.506132  0.519994  0.573672  0.524332  0.548052  0.492784  0.544811  0.538673  0.636020  0.519102  0.545327  0.569480  0.718134  0.533496  0.641872  0.536278  0.562577  0.652365  0.557778  0.404432  0.515590  0.548485  0.564256  0.565368  0.545331  0.550899  0.576349  0.543485  0.539526  0.623908  0.432223  0.599182  0.509374  0.591269  0.540168  0.506243  0.486824  0.645965  0.503984  0.578878  0.554975  0.667339  0.600637  0.445683  0.538463  0.727201  0.498990  0.512873  0.543536  0.572043  0.539096  0.557114  0.589215  0.487108  0.598154  0.653109  0.679241  0.701902  0.587069  0.547339  0.477027  0.623003  0.487043  0.583722  0.457546  0.466514  0.564222  0.551347  0.585594  0.639149  0.455770  0.668419  0.498017  0.566239  0.570420  0.746865  0.648004  0.528285  0.476910  0.487144  0.527083  0.499810  0.600510  0.460735  0.561583  0.704912  0.498195  0.647543  0.513565  0.497921  0.593966  0.437287  0.699561  0.410541  0.581380  0.530377  0.550700  0.671431  0.629990  0.562162  0.477044  0.506716  0.492033  0.553239  0.562751  0.470854  0.547302  0.622160  0.612836  0.511860  0.416560  0.551556  0.652915  0.536350  0.600160  0.491050  0.508583  0.571362  0.412989  0.630009  0.602061  0.590039  0.714427  0.451199 
20  0.625755  0.612009  0.563001  0.489297  0.525268  0.671741  0.448578  0.374108  0.622809  0.479228  0.660990  0.395359  0.530989  0.644470  0.587951  0.386694  0.480762  0.419102  0.640711  0.526384 0.0  0.519509  0.330947  0.555216  0.587712  0.531551  0.418610  0.627066  0.291078  0.595588  0.420259  0.580507  0.536745  0.484966  0.581981  0.360883  0.248347  0.471370  0.540479  0.712087  0.350976  0.707475  0.621065  0.552135  0.539478  0.625417  0.404889  0.632482  0.311327  0.385122  0.469549  0.425557  0.605547  0.580946  0.614984  0.563039  0.444716  0.559564  0.598499  0.614210  0.517012  0.512083  0.360093  0.492228  0.446116  0.630775  0.529428  0.475984  0.388186  0.457807  0.484238  0.624406  0.398621  0.629969  0.525530  0.470996  0.741674  0.710283  0.335302  0.536072  0.477717  0.630130  0.426210  0.374111  0.245791  0.550390  0.521848  0.427048  0.529383  0.425447  0.382886  0.475997  0.727453  0.537863  0.437288  0.547307  0.492119  0.492032  0.418213  0.408267  0.387129  0.430851  0.369327  0.519655  0.469147  0.628016  0.476196  0.547647  0.619106  0.422977  0.407860  0.545975  0.590597  0.476880  0.518909  0.481960  0.451977  0.560933  0.413709  0.537787  0.389797  0.494120  0.600933  0.361348  0.496070  0.560215  0.365847  0.519184  0.382560  0.478738  0.501410  0.564734  0.568277  0.308803  0.439886  0.582754  0.476296  0.383680  0.541167  0.512196  0.570046  0.657279  0.402330  0.397281  0.532548  0.368961 
21  0.541214  0.642426  0.544413  0.697627  0.524865  0.764867  0.628984  0.544134  0.645484  0.561131  0.582306  0.666576  0.561240  0.561934  0.590953  0.665556  0.619952  0.649065  0.530202  0.597068  0.519509 0.0  0.558220  0.609151  0.555302  0.615699  0.429831  0.564853  0.546328  0.601719  0.502267  0.789163  0.557988  0.640285  0.563077  0.488873  0.601585  0.615558  0.564379  0.621095  0.587534  0.637073  0.629305  0.685147  0.578929  0.520044  0.495497  0.598395  0.581753  0.520443  0.661572  0.625973  0.601134  0.603310  0.642820  0.513084  0.570060  0.663794  0.672674  0.592017  0.572215  0.536335  0.579752  0.484317  0.582220  0.585981  0.457774  0.682441  0.528986  0.513220  0.688137  0.697110  0.726544  0.679548  0.581094  0.512800  0.802159  0.647260  0.552997  0.559307  0.690655  0.585155  0.491447  0.548478  0.542480  0.541187  0.516044  0.552959  0.556379  0.494190  0.534476  0.555657  0.595365  0.528108  0.624993  0.562463  0.555582  0.652056  0.515935  0.513424  0.704043  0.574012  0.556159  0.563975  0.565585  0.507484  0.606713  0.540668  0.621492  0.540674  0.527442  0.657393  0.651342  0.611108  0.666032  0.644293  0.595874  0.532861  0.560786  0.484969  0.650238  0.619745  0.622358  0.454064  0.677808  0.520724  0.493293  0.604178  0.572921  0.666089  0.625509  0.554076  0.485739  0.577384  0.594030  0.601374  0.663342  0.631572  0.615257  0.576217  0.543703  0.628244  0.495226  0.586841  0.593216  0.582882 
22  0.653505  0.604807  0.541821  0.579113  0.465584  0.627606  0.692824  0.364185  0.554490  0.403806  0.585614  0.349410  0.509097  0.633019  0.611919  0.402986  0.418779  0.440006  0.628698  0.506132  0.330947  0.558220 0.0  0.231926  0.594414  0.619589  0.539502  0.449571  0.250018  0.500047  0.273925  0.585497  0.519178  0.433602  0.563902  0.400285  0.391208  0.392170  0.579483  0.595207  0.529379  0.666624  0.678581  0.646109  0.410601  0.624726  0.360530  0.659388  0.223149  0.480670  0.440305  0.470007  0.647728  0.564312  0.656723  0.414869  0.314389  0.652027  0.323630  0.571175  0.432543  0.444267  0.304890  0.350997  0.473960  0.673523  0.586657  0.436085  0.518903  0.485821  0.449464  0.646657  0.472589  0.571795  0.439338  0.560029  0.769846  0.613059  0.423715  0.509083  0.553488  0.534827  0.499128  0.485083  0.327180  0.456033  0.506709  0.472982  0.376633  0.471847  0.457110  0.604492  0.666832  0.626943  0.636092  0.540379  0.375554  0.523294  0.425663  0.464286  0.417959  0.373711  0.300401  0.438627  0.423266  0.460627  0.645586  0.503183  0.445781  0.522167  0.389063  0.530503  0.683277  0.381146  0.468663  0.550780  0.279242  0.772605  0.598587  0.545642  0.450746  0.486519  0.504782  0.420323  0.588594  0.474807  0.273760  0.531640  0.496690  0.290434  0.414950  0.361512  0.586260  0.290243  0.524492  0.589329  0.429606  0.489795  0.562138  0.496608  0.482267  0.564054  0.412801  0.421074  0.599182  0.386808 
23  0.672949  0.393083  0.419896  0.731332  0.640337  0.750067  0.622478  0.691432  0.704739  0.490723  0.625429  0.537964  0.678558  0.671352  0.839575  0.532196  0.505631  0.538170  0.768908  0.519994  0.555216  0.609151  0.231926 0.0  0.612810  0.703741  0.656465  0.618863  0.440871  0.611387  0.393267  0.764158  0.494488  0.417257  0.473405  0.440685  0.327480  0.396811  0.698890  0.528658  0.477074  0.785413  0.696584  0.755130  0.411188  0.613273  0.388768  0.765451  0.303481  0.535582  0.682438  0.391839  0.700407  0.618524  0.724770  0.726069  0.457071  0.857784  0.607173  0.644785  0.598523  0.542877  0.572916  0.519928  0.574943  0.712458  0.646635  0.268066  0.635854  0.544538  0.624248  0.751686  0.448856  0.765338  0.336697  0.635970  0.815560  0.761445  0.260632  0.454114  0.772684  0.700326  0.789029  0.556207  0.485907  0.493528  0.693926  0.484950  0.577897  0.465415  0.420740  0.544167  0.798575  0.499242  0.820687  0.743093  0.652572  0.515205  0.481627  0.647879  0.366634  0.638961  0.467330  0.532509  0.490104  0.669444  0.647055  0.486966  0.666992  0.423557  0.417376  0.660983  0.747076  0.511857  0.403221  0.625093  0.472157  0.712168  0.612893  0.404061  0.415933  0.553790  0.561137  0.395547  0.763075  0.583863  0.434722  0.669614  0.365745  0.413138  0.601481  0.594128  0.683999  0.532198  0.677303  0.774209  0.420992  0.579280  0.587644  0.612103  0.682518  0.679783  0.449480  0.560236  0.414775  0.352006 
24  0.501326  0.780897  0.648254  0.347985  0.424309  0.382196  0.520011  0.508076  0.375226  0.614620  0.595674  0.496223  0.681981  0.657723  0.476046  0.636617  0.575722  0.588094  0.356904  0.573672  0.587712  0.555302  0.594414  0.612810 0.0  0.609938  0.668634  0.555294  0.526043  0.443940  0.582948  0.700945  0.635016  0.648806  0.663477  0.700471  0.736638  0.602004  0.633499  0.708823  0.727356  0.531132  0.279392  0.328432  0.718465  0.348161  0.569523  0.435927  0.515920  0.599971  0.395847  0.731699  0.438036  0.421040  0.476948  0.420999  0.629541  0.375682  0.609021  0.502363  0.493956  0.657544  0.609276  0.699807  0.588110  0.421771  0.417485  0.717438  0.669059  0.666796  0.537838  0.585163  0.533766  0.418519  0.622870  0.443978  0.609627  0.467717  0.542015  0.565894  0.668107  0.666442  0.531469  0.751029  0.578084  0.671273  0.634053  0.526361  0.608864  0.698539  0.558846  0.683668  0.501139  0.665842  0.410457  0.472942  0.626325  0.697370  0.648114  0.606773  0.594055  0.594273  0.739582  0.433598  0.691718  0.535400  0.590510  0.768174  0.337133  0.691008  0.626026  0.499086  0.705638  0.568122  0.560747  0.583176  0.557389  0.444206  0.801383  0.659228  0.604618  0.575473  0.684501  0.663792  0.610305  0.616670  0.603732  0.422462  0.609257  0.821524  0.695952  0.563408  0.441265  0.515560  0.614198  0.530440  0.732892  0.768859  0.539008  0.633757  0.622995  0.584819  0.571131  0.601062  0.717216  0.552391 
25  0.571212  0.618892  0.631929  0.631233  0.636787  0.543695  0.580812  0.503788  0.516291  0.602722  0.574150  0.641017  0.554218  0.697897  0.613392  0.545259  0.527871  0.562538  0.594621  0.524332  0.531551  0.615699  0.619589  0.703741  0.609938 0.0  0.532127  0.450257  0.553440  0.700034  0.559404  0.554020  0.550620  0.613033  0.717881  0.640306  0.654922  0.455280  0.662259  0.771638  0.496160  0.568197  0.677601  0.547929  0.707583  0.474288  0.655874  0.615131  0.519940  0.577749  0.576435  0.515793  0.542317  0.587642  0.581200  0.618529  0.526625  0.461922  0.545870  0.580198  0.546328  0.630757  0.624903  0.620479  0.603052  0.645789  0.532452  0.674037  0.532479  0.544558  0.426349  0.632068  0.616232  0.654596  0.638549  0.527750  0.652318  0.684209  0.635849  0.592089  0.458236  0.678640  0.570949  0.570996  0.651712  0.658711  0.595113  0.580088  0.565313  0.618830  0.602131  0.603245  0.615258  0.612070  0.540838  0.655477  0.563667  0.614058  0.563602  0.534305  0.695383  0.616327  0.510766  0.623204  0.561533  0.504123  0.614598  0.555581  0.698275  0.662559  0.534334  0.742754  0.736102  0.664515  0.562776  0.559714  0.557713  0.600140  0.677023  0.727470  0.617551  0.568076  0.603439  0.573646  0.628620  0.591955  0.623875  0.610327  0.529860  0.730064  0.448322  0.553717  0.560218  0.725458  0.532730  0.590485  0.596568  0.636483  0.578836  0.473242  0.563755  0.654077  0.588434  0.649765  0.657338  0.613158 
26  0.495086  0.779323  0.818325  0.507140  0.568257  0.715802  0.547060  0.218875  0.563848  0.468229  0.615527  0.496766  0.463422  0.636663  0.496539  0.625268  0.442539  0.484086  0.391411  0.548052  0.418610  0.429831  0.539502  0.656465  0.668634  0.532127 0.0  0.617548  0.588256  0.604300  0.548352  0.545018  0.325706  0.655870  0.798573  0.442274  0.654794  0.604048  0.682424  0.680304  0.632220  0.567785  0.680482  0.644764  0.717589  0.596506  0.636054  0.463350  0.409189  0.543689  0.517992  0.542481  0.572453  0.391443  0.706166  0.557573  0.374364  0.410508  0.571035  0.497706  0.462222  0.337642  0.513544  0.537265  0.524454  0.606598  0.661063  0.765664  0.523046  0.374744  0.455641  0.540694  0.655645  0.651597  0.632426  0.481703  0.617609  0.684496  0.628085  0.661616  0.433058  0.644989  0.584354  0.694240  0.560023  0.545713  0.593381  0.647585  0.527561  0.423720  0.568268  0.559079  0.522282  0.598638  0.526432  0.550760  0.524566  0.618617  0.510189  0.481721  0.577267  0.419042  0.569250  0.506183  0.469462  0.363531  0.567190  0.613081  0.411976  0.646920  0.550541  0.710717  0.690359  0.624795  0.633921  0.530958  0.602927  0.521280  0.560424  0.678019  0.620145  0.679463  0.669580  0.429938  0.470180  0.285255  0.513327  0.494885  0.732877  0.721189  0.568176  0.508504  0.407776  0.633116  0.765238  0.586901  0.538791  0.658678  0.532657  0.601754  0.222430  0.632214  0.510337  0.453163  0.707998  0.536588 
