146
0 0.0  0.837211  0.902559  0.496508  0.584054  0.552065  0.495777  0.543052  0.544591  0.590161  0.572250  0.656731  0.550781  0.623164  0.468561  0.687600  0.598857  0.556871  0.395649  0.426540  0.490931  0.531217  0.519461  0.708535  0.538708  0.561146  0.479461  0.478052  0.629325  0.650235  0.751892  0.607716  0.518326  0.592655  0.709827  0.529805  0.783753  0.639452  0.579769  0.657960  0.622115  0.480813  0.585718  0.564908  0.755020  0.610064  0.638208  0.545295  0.588945  0.637347  0.563562  0.612131  0.342229  0.546804  0.466264  0.435474  0.621190  0.452152  0.486869  0.583720  0.415614  0.619936  0.639955  0.598935  0.522937  0.511249  0.547577  0.760523  0.530857  0.534225  0.482194  0.582721  0.599828  0.448745  0.666986  0.559812  0.585538  0.600548  0.706207  0.788971  0.555029  0.497973  0.515995  0.590508  0.513822  0.710972  0.615452  0.611160  0.656379  0.321030  0.656283  0.620271  0.431593  0.714803  0.455047  0.453001  0.522803  0.758460  0.537786  0.480007  0.558939  0.634354  0.720461  0.604770  0.669930  0.436692  0.331878  0.715597  0.420945  0.729680  0.661267  0.655186  0.744325  0.638342  0.743465  0.582504  0.660110  0.425631  0.519314  0.804854  0.722240  0.596351  0.669624  0.750073  0.514817  0.437632  0.651369  0.488752  0.631511  0.677676  0.532934  0.421025  0.550474  0.497058  0.740163  0.453251  0.523329  0.499456  0.537024  0.656513  0.482586  0.669585  0.578024  0.568868  0.669740  0.645954 
1  0.837211 0.0  0.435973  0.834538  0.670892  0.734398  0.611670  0.616796  0.779441  0.519954  0.598925  0.573740  0.570487  0.641484  0.815387  0.517686  0.650964  0.512503  0.769004  0.710552  0.627276  0.636250  0.421732  0.400859  0.762758  0.537175  0.785811  0.638803  0.488824  0.702701  0.459603  0.745622  0.633521  0.465744  0.502803  0.502847  0.279066  0.641066  0.718700  0.560642  0.662073  0.785375  0.816534  0.697283  0.490450  0.807351  0.421794  0.716322  0.470052  0.512406  0.701783  0.464379  0.858794  0.658587  0.729262  0.755381  0.581975  0.967692  0.653331  0.692598  0.719054  0.550069  0.634839  0.600194  0.687804  0.700293  0.640985  0.329380  0.626829  0.625665  0.800810  0.591181  0.544270  0.666342  0.526614  0.774455  0.750728  0.773797  0.487630  0.405952  0.688734  0.766706  0.693305  0.362505  0.533840  0.462340  0.586836  0.552508  0.560649  0.559833  0.379957  0.567215  1.000000  0.488733  0.653906  0.696089  0.654420  0.417712  0.636565  0.681713  0.594284  0.606643  0.544730  0.564709  0.608170  0.678264  0.678322  0.568451  0.754007  0.552015  0.466381  0.737031  0.800555  0.620775  0.353321  0.677929  0.561967  0.858557  0.515367  0.590493  0.564829  0.567579  0.617048  0.472180  0.837101  0.513805  0.417374  0.717172  0.398614  0.549018  0.492810  0.580797  0.719861  0.714580  0.638191  0.661552  0.642051  0.584828  0.619146  0.626694  0.744668  0.659892  0.567369  0.652339  0.533308  0.496704 
2  0.902559  0.435973 0.0  0.841213  0.623912  0.752463  0.666340  0.697951  0.798663  0.583614  0.707828  0.505780  0.665955  0.575761  0.847620  0.490941  0.553338  0.496026  0.712597  0.683069  0.611077  0.640429  0.561524  0.356651  0.695940  0.574669  0.738036  0.562423  0.596369  0.590264  0.535520  0.696730  0.567301  0.484751  0.468635  0.491847  0.468975  0.499095  0.633808  0.605844  0.606850  0.777756  0.773774  0.787409  0.403317  0.728663  0.505344  0.664068  0.628994  0.632821  0.710639  0.416770  0.809141  0.700529  0.751121  0.714746  0.553214  0.796793  0.629275  0.614585  0.690327  0.680551  0.552372  0.569162  0.525016  0.773213  0.767994  0.588378  0.619662  0.631323  0.624154  0.672726  0.520528  0.790439  0.585196  0.717117  0.732560  0.689265  0.462987  0.416375  0.817050  0.796808  0.602377  0.592794  0.610459  0.494744  0.589843  0.591923  0.525819  0.540598  0.514567  0.484202  0.887819  0.556062  0.795078  0.699626  0.743771  0.505357  0.661816  0.614658  0.583773  0.615697  0.514551  0.603675  0.487398  0.755766  0.538400  0.554425  0.703416  0.446771  0.469150  0.567077  0.658360  0.680152  0.596813  0.729010  0.606949  0.807324  0.615144  0.369152  0.597133  0.560344  0.650625  0.379173  0.712330  0.687716  0.456826  0.699734  0.557722  0.604910  0.571476  0.595987  0.739485  0.501006  0.565393  0.672073  0.551389  0.643373  0.678392  0.655460  0.714182  0.638775  0.537259  0.625788  0.570056  0.457421 
3  0.496508  0.834538  0.841213 0.0  0.507510  0.427100  0.501373  0.430599  0.414489  0.514574  0.716560  0.524295  0.460399  0.596354  0.343404  0.592213  0.527961  0.637992  0.290784  0.461454  0.500708  0.630228  0.513871  0.685891  0.474294  0.603956  0.552565  0.531198  0.607362  0.679580  0.569262  0.683189  0.442375  0.522515  0.765388  0.512454  0.763611  0.706255  0.679788  0.669869  0.697046  0.324772  0.356802  0.354201  0.724818  0.516774  0.528320  0.382448  0.465013  0.620296  0.456151  0.590935  0.393316  0.386554  0.524513  0.423296  0.716388  0.332174  0.640378  0.644959  0.307251  0.485583  0.614930  0.677288  0.569941  0.341564  0.427242  0.694123  0.533055  0.487827  0.555220  0.532549  0.568775  0.407681  0.620931  0.370918  0.687652  0.607938  0.639418  0.718128  0.519448  0.485125  0.592350  0.593474  0.453487  0.510832  0.606730  0.589396  0.570447  0.478619  0.579348  0.626167  0.284905  0.603260  0.362957  0.491076  0.474649  0.639871  0.513140  0.495939  0.458604  0.565454  0.641095  0.448081  0.520420  0.551823  0.442249  0.658266  0.343759  0.610381  0.513046  0.598215  0.716419  0.557934  0.601114  0.511613  0.687508  0.412930  0.543564  0.745759  0.534427  0.636595  0.576947  0.494669  0.408666  0.538221  0.550321  0.536369  0.617876  0.644325  0.577738  0.549464  0.505032  0.514892  0.639230  0.546966  0.560947  0.568621  0.580751  0.712480  0.391608  0.625506  0.595399  0.476808  0.624617  0.522736 
4  0.584054  0.670892  0.623912  0.507510 0.0  0.497418  0.518910  0.560054  0.438814  0.485749  0.524555  0.502735  0.479685  0.675269  0.663679  0.563609  0.475610  0.350258  0.559372  0.558029  0.462988  0.550653  0.414555  0.523142  0.642384  0.562614  0.594511  0.487236  0.507200  0.517658  0.519383  0.419577  0.655368  0.548093  0.653621  0.521649  0.606991  0.532325  0.475977  0.666440  0.603730  0.592460  0.444972  0.461483  0.638982  0.600701  0.511044  0.525299  0.403013  0.546510  0.442790  0.525458  0.512303  0.583188  0.528656  0.528894  0.506350  0.551461  0.675322  0.646317  0.554382  0.676559  0.704707  0.474791  0.571388  0.465109  0.647583  0.669397  0.542357  0.490151  0.429957  0.583916  0.433020  0.538767  0.502232  0.567677  0.705078  0.638346  0.524768  0.636444  0.523600  0.560538  0.450100  0.603540  0.504263  0.566501  0.571767  0.477851  0.513073  0.379078  0.524401  0.580197  0.599830  0.572779  0.431547  0.425977  0.539979  0.684986  0.522354  0.661039  0.520200  0.602480  0.682216  0.503143  0.466396  0.514040  0.549984  0.526653  0.467270  0.696714  0.596406  0.388247  0.555087  0.328855  0.555345  0.464543  0.471049  0.551245  0.552626  0.562421  0.447683  0.450591  0.295593  0.512194  0.446843  0.719669  0.566292  0.509751  0.507203  0.684395  0.484532  0.543024  0.507928  0.398626  0.518216  0.545790  0.640397  0.503554  0.583001  0.613217  0.637895  0.381093  0.634152  0.630893  0.708618  0.603323 
5  0.552065  0.734398  0.752463  0.427100  0.497418 0.0  0.486678  0.663143  0.346157  0.568385  0.568520  0.649510  0.541549  0.649138  0.351147  0.663997  0.707588  0.594482  0.446359  0.517996  0.631863  0.527252  0.588906  0.709223  0.423477  0.483112  0.577023  0.661948  0.677877  0.597364  0.676195  0.474972  0.608930  0.746363  0.734239  0.736661  0.745602  0.668541  0.624088  0.602868  0.696129  0.426454  0.466885  0.402382  0.697096  0.447201  0.720803  0.442140  0.583563  0.703266  0.482650  0.691584  0.433529  0.426252  0.600482  0.657384  0.624466  0.479884  0.607604  0.575967  0.445759  0.718036  0.487424  0.630558  0.653645  0.373438  0.426866  0.614830  0.582372  0.541524  0.746980  0.581811  0.719633  0.408246  0.694331  0.445526  0.608579  0.592809  0.745252  0.607584  0.703183  0.573453  0.561653  0.738614  0.632884  0.671952  0.550468  0.667579  0.611519  0.670807  0.784662  0.638537  0.320403  0.684438  0.406583  0.385223  0.757481  0.828093  0.581717  0.587206  0.544840  0.601858  0.572546  0.620061  0.711023  0.585993  0.634251  0.711702  0.290205  0.748600  0.683112  0.640743  0.700840  0.507397  0.675683  0.511618  0.662509  0.351912  0.746227  0.664869  0.575432  0.625008  0.606710  0.620158  0.645775  0.606481  0.745524  0.520709  0.658544  0.648883  0.565848  0.636997  0.505417  0.531318  0.518120  0.662934  0.577017  0.641388  0.635261  0.743658  0.757279  0.643079  0.612621  0.635271  0.613769  0.610369 
6  0.495777  0.611670  0.666340  0.501373  0.518910  0.486678 0.0  0.491952  0.518412  0.567886  0.555203  0.558468  0.538394  0.615092  0.515919  0.522415  0.516870  0.576060  0.497190  0.518694  0.552265  0.620037  0.580545  0.610149  0.571226  0.408100  0.527569  0.435043  0.556758  0.707430  0.567047  0.545095  0.372852  0.507694  0.698328  0.597916  0.474842  0.604541  0.539313  0.541953  0.646029  0.536448  0.616513  0.500474  0.555586  0.568705  0.548391  0.488560  0.583410  0.509075  0.562371  0.624342  0.500053  0.507309  0.539676  0.454826  0.451566  0.668419  0.472418  0.588243  0.558957  0.402980  0.474858  0.634821  0.524420  0.566448  0.439220  0.569669  0.463821  0.521589  0.613692  0.543877  0.489296  0.531723  0.530217  0.534035  0.586731  0.550437  0.627080  0.620485  0.450100  0.571793  0.444570  0.516152  0.537747  0.516122  0.621366  0.496934  0.614351  0.580365  0.636156  0.575143  0.485092  0.654458  0.501300  0.558360  0.474202  0.574736  0.447476  0.475084  0.551154  0.530685  0.653733  0.541263  0.569605  0.444780  0.523614  0.485349  0.505938  0.658106  0.518292  0.517342  0.686922  0.509189  0.647948  0.506981  0.569503  0.510771  0.541182  0.599583  0.625175  0.487260  0.502682  0.552293  0.520510  0.491051  0.575906  0.491815  0.538815  0.648553  0.553578  0.545795  0.578455  0.622021  0.519515  0.538447  0.637912  0.532813  0.482627  0.597041  0.553954  0.532989  0.592067  0.543456  0.555658  0.582587 
7  0.543052  0.616796  0.697951  0.430599  0.560054  0.663143  0.491952 0.0  0.487498  0.553393  0.614784  0.481869  0.558660  0.593150  0.484132  0.499165  0.432547  0.475481  0.409974  0.504403  0.425236  0.455226  0.414950  0.597207  0.510883  0.564839  0.224496  0.591326  0.456481  0.650186  0.519841  0.672435  0.256601  0.492337  0.714968  0.345969  0.484159  0.600525  0.675001  0.623123  0.568816  0.551752  0.625932  0.523900  0.742501  0.562965  0.374091  0.432127  0.514729  0.426302  0.495994  0.587926  0.449234  0.286188  0.514338  0.463419  0.400548  0.385823  0.552350  0.344467  0.358911  0.354737  0.526306  0.563607  0.391702  0.513441  0.607982  0.569889  0.566003  0.483538  0.564753  0.602617  0.530881  0.589171  0.622569  0.503010  0.616581  0.571235  0.421097  0.539633  0.286001  0.485271  0.445420  0.553774  0.595517  0.541794  0.535435  0.506124  0.564866  0.429386  0.503759  0.558441  0.448765  0.552729  0.592549  0.569159  0.465970  0.644200  0.547065  0.541903  0.584249  0.292290  0.558889  0.238007  0.478746  0.480702  0.474424  0.625870  0.566971  0.711128  0.590363  0.647178  0.673368  0.548181  0.576922  0.484340  0.522328  0.473499  0.529479  0.617445  0.501148  0.623406  0.604798  0.644421  0.524366  0.319647  0.310020  0.597045  0.533768  0.552916  0.429319  0.418498  0.457590  0.483446  0.657040  0.561687  0.450108  0.469985  0.588576  0.605190  0.330489  0.683080  0.521621  0.444267  0.563015  0.381105 
8  0.544591  0.779441  0.798663  0.414489  0.438814  0.346157  0.518412  0.487498 0.0  0.582195  0.641235  0.493971  0.618720  0.617796  0.285573  0.724932  0.599124  0.535538  0.401385  0.433001  0.657339  0.609338  0.515267  0.679253  0.369182  0.634313  0.523106  0.557169  0.561618  0.470421  0.558921  0.657756  0.636155  0.699850  0.631590  0.653642  0.696625  0.725584  0.595819  0.661681  0.613937  0.426800  0.346342  0.291780  0.672679  0.287682  0.700512  0.299566  0.463157  0.603296  0.447784  0.604695  0.495546  0.564818  0.596359  0.414100  0.634095  0.436224  0.527192  0.583915  0.362465  0.611422  0.585298  0.728084  0.635101  0.479248  0.335960  0.775226  0.646688  0.601740  0.665646  0.643903  0.638283  0.409452  0.613819  0.454532  0.550668  0.483735  0.602135  0.688079  0.716166  0.614845  0.477958  0.794229  0.556578  0.515369  0.714205  0.623971  0.728996  0.613725  0.640675  0.712560  0.331868  0.774949  0.297063  0.477354  0.595586  0.720031  0.595123  0.739141  0.618963  0.483255  0.503237  0.463220  0.590587  0.573803  0.658404  0.626656  0.260840  0.637991  0.592787  0.471457  0.615495  0.375239  0.728775  0.562107  0.566105  0.311010  0.749463  0.686239  0.542036  0.453828  0.593169  0.534947  0.593446  0.636909  0.621076  0.468031  0.609661  0.798058  0.523011  0.524331  0.458494  0.493873  0.633446  0.567837  0.601304  0.738805  0.623488  0.558817  0.635722  0.639765  0.646016  0.636389  0.818805  0.635935 
9  0.590161  0.519954  0.583614  0.514574  0.485749  0.568385  0.567886  0.553393  0.582195 0.0  0.627383  0.357824  0.580124  0.635610  0.589464  0.463948  0.303603  0.411908  0.698764  0.473755  0.523415  0.560891  0.322508  0.520270  0.539865  0.545339  0.492630  0.515378  0.362664  0.374696  0.426631  0.518579  0.580340  0.514886  0.489585  0.464875  0.503623  0.528478  0.605240  0.628530  0.565129  0.573878  0.590584  0.524333  0.508885  0.528854  0.535919  0.560907  0.356125  0.424880  0.487621  0.553525  0.560560  0.544934  0.512469  0.474798  0.509730  0.553385  0.542013  0.641717  0.543327  0.534245  0.409572  0.520174  0.490752  0.653734  0.512577  0.506612  0.404219  0.445321  0.512103  0.555968  0.567587  0.427607  0.544837  0.523270  0.631645  0.572981  0.449290  0.542319  0.695154  0.600909  0.512686  0.561500  0.457507  0.359544  0.542272  0.345327  0.422353  0.481363  0.495143  0.424231  0.672143  0.526741  0.554018  0.535746  0.661214  0.518889  0.602680  0.581046  0.420832  0.567877  0.497349  0.498469  0.459576  0.445971  0.528296  0.474017  0.434013  0.512712  0.381683  0.439557  0.530912  0.377900  0.451977  0.501761  0.504261  0.542292  0.416580  0.634839  0.562256  0.407953  0.459470  0.390847  0.584318  0.512628  0.395253  0.633637  0.425253  0.567576  0.323630  0.524253  0.541650  0.459050  0.521704  0.598511  0.532425  0.576441  0.563328  0.463855  0.565174  0.526174  0.513831  0.542240  0.586398  0.422939 
10  0.572250  0.598925  0.707828  0.716560  0.524555  0.568520  0.555203  0.614784  0.641235  0.627383 0.0  0.535030  0.705204  0.538732  0.552820  0.542794  0.619165  0.576890  0.598520  0.554281  0.586798  0.626234  0.597306  0.539003  0.496459  0.698808  0.617486  0.607724  0.551346  0.514664  0.648825  0.532221  0.617900  0.633092  0.623765  0.655004  0.667339  0.705498  0.535050  0.507370  0.665952  0.591989  0.546091  0.504592  0.574576  0.634249  0.534916  0.591444  0.673814  0.556889  0.536491  0.620288  0.638183  0.515270  0.542626  0.611422  0.658346  0.595206  0.567321  0.604215  0.627075  0.614216  0.638025  0.616620  0.756017  0.575975  0.598283  0.578662  0.565685  0.637371  0.597783  0.541158  0.638399  0.564538  0.627575  0.571574  0.535826  0.608311  0.602308  0.654643  0.541778  0.581957  0.597909  0.568859  0.660141  0.660627  0.579858  0.616821  0.565136  0.628739  0.613867  0.652424  0.595666  0.583241  0.582971  0.586960  0.572854  0.546934  0.584675  0.579506  0.591327  0.576046  0.624691  0.651681  0.628569  0.693412  0.595094  0.634284  0.537522  0.746792  0.590873  0.575574  0.452715  0.530315  0.644981  0.562508  0.627880  0.567351  0.602304  0.630382  0.576040  0.560788  0.577341  0.522599  0.544223  0.635466  0.653580  0.570029  0.761674  0.574386  0.672951  0.669216  0.581681  0.599757  0.621320  0.568030  0.681208  0.453225  0.626516  0.547521  0.521299  0.532486  0.527453  0.665891  0.653170  0.619401 
11  0.656731  0.573740  0.505780  0.524295  0.502735  0.649510  0.558468  0.481869  0.493971  0.357824  0.535030 0.0  0.521518  0.654668  0.560763  0.438129  0.449533  0.338952  0.565900  0.586318  0.387211  0.589559  0.362954  0.454809  0.508932  0.495865  0.516627  0.467755  0.179309  0.550812  0.239422  0.634700  0.470605  0.356706  0.584536  0.276929  0.361528  0.447099  0.567562  0.554411  0.462473  0.785337  0.619782  0.528209  0.454286  0.542894  0.383688  0.770183  0.306078  0.423677  0.527485  0.370515  0.499489  0.364521  0.626640  0.503766  0.397136  0.621039  0.290693  0.628371  0.552530  0.378712  0.315573  0.563615  0.439359  0.602046  0.487884  0.482744  0.397624  0.465110  0.584768  0.595278  0.444874  0.514602  0.513261  0.522646  0.603099  0.453375  0.315589  0.527958  0.676170  0.545828  0.591600  0.359418  0.329169  0.374109  0.569471  0.478192  0.369615  0.322539  0.287842  0.424148  0.679959  0.503672  0.570529  0.611617  0.567957  0.531858  0.509997  0.528335  0.302317  0.448988  0.318053  0.543791  0.412108  0.554015  0.528749  0.532672  0.468078  0.354190  0.178323  0.419625  0.525741  0.348864  0.460644  0.597525  0.402000  0.589703  0.423907  0.392983  0.383914  0.498063  0.526105  0.406949  0.552024  0.390761  0.134726  0.617450  0.330583  0.424106  0.378566  0.427594  0.557305  0.253227  0.594687  0.615930  0.356817  0.392457  0.491383  0.351642  0.503676  0.516183  0.396758  0.219303  0.446124  0.276324 
12  0.550781  0.570487  0.665955  0.460399  0.479685  0.541549  0.538394  0.558660  0.618720  0.580124  0.705204  0.521518 0.0  0.620834  0.569505  0.613916  0.433176  0.528972  0.485912  0.618029  0.418404  0.523435  0.392109  0.622746  0.622775  0.580441  0.447807  0.569837  0.426867  0.637552  0.451436  0.625295  0.584051  0.516947  0.587607  0.556729  0.590293  0.491387  0.550253  0.543024  0.577412  0.604863  0.596297  0.534275  0.492161  0.596454  0.576993  0.566971  0.422917  0.482202  0.566805  0.595297  0.395839  0.448480  0.580347  0.552584  0.444647  0.588136  0.498099  0.593857  0.559860  0.533389  0.536259  0.495262  0.552925  0.552974  0.550750  0.584006  0.530644  0.539055  0.564066  0.525445  0.521796  0.618535  0.442108  0.468284  0.581588  0.592121  0.507941  0.644543  0.585148  0.490827  0.537110  0.511160  0.502458  0.498797  0.524233  0.522447  0.539181  0.526607  0.534605  0.546309  0.539986  0.569212  0.608265  0.512261  0.564414  0.595055  0.458690  0.455478  0.507776  0.512930  0.525882  0.603773  0.559525  0.490450  0.546154  0.698535  0.481636  0.608112  0.561848  0.648652  0.692767  0.613253  0.583986  0.610092  0.452493  0.653912  0.608439  0.612212  0.521136  0.592492  0.703342  0.496919  0.613225  0.507238  0.474860  0.533080  0.432179  0.515233  0.567834  0.440884  0.573263  0.453632  0.478080  0.572771  0.550381  0.489196  0.502970  0.475662  0.558814  0.686958  0.548452  0.467161  0.635367  0.531744 
13  0.623164  0.641484  0.575761  0.596354  0.675269  0.649138  0.615092  0.593150  0.617796  0.635610  0.538732  0.654668  0.620834 0.0  0.485891  0.604126  0.611557  0.682458  0.561906  0.514348  0.600657  0.597928  0.538839  0.648228  0.657954  0.601920  0.595760  0.651200  0.723242  0.631860  0.618870  0.607329  0.526368  0.589122  0.677685  0.708954  0.576941  0.619747  0.518665  0.526510  0.683861  0.581822  0.609063  0.674541  0.626396  0.654566  0.634167  0.575177  0.684241  0.666841  0.556216  0.655957  0.541584  0.625347  0.530549  0.779967  0.573434  0.617518  0.580286  0.575050  0.670398  0.526857  0.630713  0.683882  0.600553  0.590197  0.594478  0.526276  0.595191  0.627620  0.540373  0.539983  0.677554  0.555826  0.644523  0.463809  0.623622  0.673566  0.643539  0.636160  0.509119  0.632545  0.594338  0.637366  0.583341  0.597172  0.661077  0.620806  0.661424  0.630552  0.668160  0.605578  0.546089  0.598841  0.703572  0.691107  0.524925  0.538826  0.616927  0.515753  0.570143  0.699951  0.717614  0.599938  0.531967  0.619743  0.433524  0.705112  0.624624  0.565206  0.585670  0.628903  0.609508  0.606085  0.651300  0.572046  0.651247  0.639136  0.532504  0.630572  0.663694  0.617435  0.621469  0.634697  0.570342  0.516099  0.646707  0.663106  0.531952  0.672411  0.586688  0.537901  0.624296  0.704976  0.583033  0.586807  0.606458  0.532439  0.565511  0.722886  0.579335  0.613529  0.544460  0.606724  0.667210  0.627388 
14  0.468561  0.815387  0.847620  0.343404  0.663679  0.351147  0.515919  0.484132  0.285573  0.589464  0.552820  0.560763  0.569505  0.485891 0.0  0.599763  0.607619  0.642302  0.338151  0.435022  0.596458  0.631729  0.491465  0.636235  0.501421  0.595811  0.515291  0.697237  0.552161  0.556675  0.640267  0.528784  0.532016  0.705955  0.794368  0.523101  0.661211  0.698054  0.643637  0.529176  0.807360  0.328198  0.470658  0.443713  0.648764  0.415153  0.578669  0.325604  0.399596  0.671749  0.426179  0.633219  0.317712  0.565115  0.456533  0.526481  0.568953  0.360843  0.675124  0.621280  0.254768  0.567958  0.556780  0.640086  0.535580  0.400104  0.422051  0.664004  0.530432  0.435139  0.580481  0.622686  0.551031  0.347701  0.629840  0.475647  0.692749  0.578507  0.712709  0.599294  0.693440  0.548576  0.560731  0.722073  0.596985  0.532433  0.637970  0.615872  0.618263  0.540885  0.785740  0.699411  0.344975  0.712217  0.346879  0.416642  0.511437  0.611702  0.502281  0.531556  0.453828  0.640846  0.539658  0.689856  0.555171  0.528725  0.508471  0.612241  0.275443  0.699666  0.608107  0.579544  0.752043  0.584579  0.724729  0.444893  0.577685  0.244504  0.650453  0.655497  0.485019  0.636671  0.598551  0.498033  0.541859  0.566103  0.644304  0.511727  0.553152  0.718374  0.621869  0.521013  0.547475  0.456440  0.674974  0.565118  0.514900  0.438209  0.536056  0.655389  0.440202  0.582860  0.528674  0.490403  0.683359  0.441402 
15  0.687600  0.517686  0.490941  0.592213  0.563609  0.663997  0.522415  0.499165  0.724932  0.463948  0.542794  0.438129  0.613916  0.604126  0.599763 0.0  0.412577  0.559896  0.577265  0.584181  0.393345  0.511114  0.318238  0.472518  0.637467  0.515223  0.543703  0.545072  0.438063  0.532761  0.448914  0.507287  0.558625  0.466530  0.485575  0.486643  0.483575  0.560426  0.441457  0.538628  0.483117  0.656481  0.721300  0.630243  0.488821  0.540130  0.445680  0.595729  0.352138  0.360590  0.693919  0.441637  0.690178  0.545962  0.725550  0.526190  0.487173  0.720035  0.720583  0.554097  0.498590  0.591192  0.466919  0.595076  0.564089  0.639389  0.755779  0.432743  0.378467  0.576916  0.669815  0.575693  0.462950  0.589382  0.491455  0.493197  0.599475  0.661032  0.369880  0.435032  0.645903  0.653753  0.518360  0.412643  0.444756  0.400223  0.639263  0.434471  0.471718  0.485157  0.532346  0.471055  0.601877  0.430147  0.680675  0.613747  0.495930  0.503999  0.326578  0.501860  0.383304  0.529425  0.621315  0.649207  0.556471  0.577699  0.544118  0.603703  0.676007  0.533911  0.579281  0.505113  0.459493  0.374456  0.558397  0.518597  0.448815  0.620583  0.518236  0.547764  0.434401  0.433725  0.458531  0.435593  0.692819  0.534033  0.433959  0.682182  0.409691  0.487092  0.548236  0.493339  0.618242  0.560809  0.497098  0.482628  0.613185  0.560785  0.585006  0.530396  0.550287  0.586188  0.409406  0.526394  0.548062  0.477068 
16  0.598857  0.650964  0.553338  0.527961  0.475610  0.707588  0.516870  0.432547  0.599124  0.303603  0.619165  0.449533  0.433176  0.611557  0.607619  0.412577 0.0  0.434173  0.450130  0.515776  0.384726  0.562166  0.319289  0.509118  0.600300  0.541896  0.476059  0.528227  0.383796  0.566274  0.342256  0.522620  0.438395  0.446676  0.599315  0.384760  0.431967  0.412246  0.523936  0.654100  0.498569  0.555901  0.608866  0.523950  0.512353  0.532242  0.371131  0.602388  0.286389  0.266879  0.466068  0.488413  0.538692  0.438022  0.646935  0.487522  0.443169  0.582977  0.437463  0.585929  0.351209  0.630786  0.417891  0.529749  0.595393  0.541034  0.582526  0.404121  0.496555  0.421146  0.449071  0.587002  0.375557  0.595963  0.537126  0.533311  0.665919  0.625835  0.340931  0.500688  0.507018  0.520068  0.472908  0.383780  0.422613  0.368045  0.418697  0.510263  0.387067  0.400021  0.445063  0.460096  0.569162  0.334470  0.508445  0.526738  0.358189  0.572101  0.413418  0.463580  0.378649  0.458199  0.433176  0.397964  0.463951  0.458376  0.537437  0.378047  0.485201  0.618266  0.421679  0.505976  0.669563  0.358754  0.442463  0.504039  0.333032  0.582179  0.315457  0.509767  0.325709  0.464813  0.505060  0.332853  0.505694  0.450751  0.350662  0.621920  0.432930  0.411952  0.450349  0.524646  0.617033  0.437477  0.533807  0.530222  0.462277  0.395505  0.591629  0.431381  0.537281  0.621078  0.453688  0.388455  0.639667  0.308165 
17  0.556871  0.512503  0.496026  0.637992  0.350258  0.594482  0.576060  0.475481  0.535538  0.411908  0.576890  0.338952  0.528972  0.682458  0.642302  0.559896  0.434173 0.0  0.534650  0.473466  0.460659  0.529378  0.297955  0.464882  0.507608  0.523816  0.540386  0.573806  0.473460  0.430149  0.356539  0.576802  0.464616  0.495162  0.543696  0.396855  0.506787  0.404120  0.541103  0.582238  0.482558  0.656606  0.666847  0.586330  0.514271  0.579479  0.533483  0.625100  0.419453  0.307209  0.555179  0.543212  0.684333  0.594986  0.572936  0.519929  0.477047  0.490820  0.572166  0.564222  0.585454  0.572626  0.363457  0.501879  0.541536  0.556358  0.574855  0.490163  0.466628  0.483912  0.412422  0.608791  0.434223  0.639330  0.525689  0.512507  0.642162  0.553003  0.354027  0.538101  0.545804  0.622239  0.489561  0.428927  0.473592  0.454387  0.459877  0.419425  0.462994  0.541547  0.356311  0.474010  0.627993  0.367005  0.614420  0.504966  0.446297  0.483342  0.584790  0.608791  0.441474  0.544181  0.491341  0.462941  0.406030  0.528865  0.471205  0.481772  0.576303  0.492579  0.491066  0.474474  0.506254  0.437157  0.335029  0.478394  0.347338  0.626752  0.400881  0.588969  0.495309  0.449436  0.503077  0.394190  0.509751  0.564869  0.433101  0.562174  0.361757  0.513986  0.445332  0.469440  0.651523  0.426614  0.480525  0.588662  0.535787  0.463405  0.670321  0.436574  0.489819  0.540639  0.498251  0.480705  0.580162  0.419876 
18  0.395649  0.769004  0.712597  0.290784  0.559372  0.446359  0.497190  0.409974  0.401385  0.698764  0.598520  0.565900  0.485912  0.561906  0.338151  0.577265  0.450130  0.534650 0.0  0.364659  0.563477  0.575864  0.470466  0.661271  0.466105  0.499195  0.444212  0.455932  0.664174  0.615478  0.641169  0.616621  0.447684  0.587491  0.736461  0.512583  0.640873  0.567017  0.604436  0.617664  0.768211  0.333069  0.405409  0.558575  0.710628  0.441452  0.596546  0.386029  0.528785  0.603342  0.451552  0.628801  0.340553  0.472616  0.563756  0.423835  0.601067  0.405446  0.613116  0.704107  0.261836  0.563473  0.664686  0.704273  0.561757  0.262412  0.346814  0.585059  0.494537  0.533648  0.424957  0.597932  0.579736  0.466227  0.738957  0.387110  0.652574  0.657132  0.605375  0.722593  0.516076  0.618479  0.475701  0.664993  0.695340  0.547301  0.605565  0.578880  0.602931  0.547421  0.545702  0.665453  0.376746  0.602738  0.394085  0.484751  0.491052  0.625267  0.523597  0.535365  0.524842  0.415473  0.622304  0.432534  0.519355  0.506486  0.515065  0.581905  0.400978  0.602629  0.620383  0.635595  0.835896  0.501813  0.597921  0.513996  0.536017  0.289314  0.525979  0.661226  0.682514  0.671907  0.714950  0.586158  0.542804  0.514302  0.568732  0.563905  0.583580  0.780310  0.534260  0.436516  0.492435  0.525306  0.622066  0.488889  0.600551  0.578114  0.458763  0.708380  0.413084  0.677790  0.492035  0.543498  0.544298  0.488071 
19  0.426540  0.710552  0.683069  0.461454  0.558029  0.517996  0.518694  0.504403  0.433001  0.473755  0.554281  0.586318  0.618029  0.514348  0.435022  0.584181  0.515776  0.473466  0.364659 0.0  0.506326  0.555578  0.521596  0.527493  0.558706  0.590428  0.487093  0.375443  0.532840  0.539909  0.518506  0.551056  0.509793  0.585971  0.660625  0.533271  0.488648  0.526764  0.551981  0.589317  0.573332  0.519427  0.484696  0.495899  0.484979  0.556775  0.542315  0.518468  0.625823  0.506286  0.544581  0.535588  0.396111  0.479794  0.457209  0.496713  0.556062  0.545399  0.506696  0.571097  0.531421  0.595538  0.532778  0.469773  0.559040  0.496601  0.460507  0.608569  0.633726  0.589363  0.530040  0.528957  0.472000  0.552383  0.619383  0.457078  0.601623  0.551595  0.600536  0.697795  0.471565  0.456254  0.522875  0.645714  0.420815  0.597781  0.477544  0.534680  0.576405  0.600680  0.562675  0.629868  0.504127  0.605182  0.399105  0.483866  0.496962  0.635027  0.481175  0.406625  0.446345  0.447182  0.438830  0.496054  0.532918  0.522340  0.490440  0.695564  0.570643  0.687596  0.488182  0.533301  0.502740  0.591657  0.600665  0.466228  0.667876  0.395339  0.581765  0.601888  0.593148  0.561518  0.458442  0.502480  0.390529  0.494036  0.556631  0.458407  0.504152  0.530856  0.543351  0.449004  0.441933  0.481140  0.610440  0.512293  0.535138  0.500830  0.537588  0.416170  0.431623  0.632699  0.555055  0.406564  0.546991  0.560787 
20  0.490931  0.627276  0.611077  0.500708  0.462988  0.631863  0.552265  0.425236  0.657339  0.523415  0.586798  0.387211  0.418404  0.600657  0.596458  0.393345  0.384726  0.460659  0.563477  0.506326 0.0  0.456668  0.353826  0.419362  0.572852  0.553403  0.388183  0.490877  0.355273  0.627023  0.424442  0.624227  0.432904  0.529944  0.619556  0.361554  0.356082  0.480957  0.662808  0.732287  0.403350  0.577943  0.712797  0.621326  0.563647  0.622543  0.411030  0.540622  0.365115  0.336921  0.428077  0.430759  0.620561  0.499015  0.490346  0.459666  0.361642  0.562027  0.604997  0.634661  0.486752  0.376442  0.306292  0.539630  0.346043  0.646484  0.648991  0.464991  0.509134  0.531773  0.516262  0.588791  0.429713  0.583982  0.398156  0.575167  0.669958  0.708487  0.338447  0.553339  0.488020  0.608459  0.481361  0.457854  0.324288  0.389402  0.310204  0.404948  0.405261  0.458740  0.454833  0.462571  0.615465  0.505065  0.547084  0.541227  0.466259  0.503537  0.356153  0.430144  0.369922  0.365833  0.386458  0.420715  0.412679  0.518718  0.546186  0.449541  0.608137  0.566642  0.383169  0.526219  0.660206  0.413873  0.537737  0.467989  0.422940  0.644064  0.443577  0.487754  0.420936  0.464016  0.604310  0.432526  0.653253  0.431834  0.226126  0.562457  0.435029  0.435569  0.366566  0.454027  0.491907  0.413704  0.513622  0.518032  0.454637  0.401471  0.562495  0.538117  0.506049  0.473023  0.413665  0.431160  0.439165  0.416727 
21  0.531217  0.636250  0.640429  0.630228  0.550653  0.527252  0.620037  0.455226  0.609338  0.560891  0.626234  0.589559  0.523435  0.597928  0.631729  0.511114  0.562166  0.529378  0.575864  0.555578  0.456668 0.0  0.546235  0.500245  0.532071  0.630387  0.438493  0.563568  0.647716  0.542340  0.446105  0.711184  0.564910  0.580799  0.473415  0.413962  0.640471  0.583047  0.608288  0.560735  0.562093  0.555863  0.567983  0.577377  0.565564  0.499865  0.441633  0.636157  0.539499  0.476227  0.612343  0.590222  0.531417  0.569545  0.556063  0.464984  0.613437  0.583934  0.531223  0.552204  0.541712  0.592695  0.672524  0.530038  0.692735  0.587403  0.569778  0.533205  0.419333  0.538049  0.634873  0.759253  0.621911  0.571011  0.534449  0.541117  0.688071  0.660362  0.548804  0.648442  0.570423  0.675457  0.587493  0.612678  0.508209  0.482613  0.576304  0.584021  0.394397  0.575401  0.542658  0.539619  0.659562  0.507168  0.583697  0.569407  0.508086  0.563635  0.589360  0.479026  0.685475  0.562744  0.545021  0.534623  0.581812  0.557966  0.556149  0.513981  0.574681  0.592734  0.489073  0.691308  0.612193  0.563833  0.563142  0.614174  0.534379  0.607133  0.496778  0.532055  0.595560  0.520099  0.540851  0.522389  0.607686  0.524421  0.631172  0.504683  0.488992  0.474492  0.539595  0.531260  0.480099  0.629974  0.696366  0.546136  0.557059  0.620410  0.578229  0.489209  0.502870  0.683507  0.431130  0.587407  0.604261  0.627826 
22  0.519461  0.421732  0.561524  0.513871  0.414555  0.588906  0.580545  0.414950  0.515267  0.322508  0.597306  0.362954  0.392109  0.538839  0.491465  0.318238  0.319289  0.297955  0.470466  0.521596  0.353826  0.546235 0.0  0.427324  0.567014  0.578198  0.432711  0.462051  0.291390  0.547617  0.314245  0.567751  0.498773  0.423781  0.579321  0.393086  0.260457  0.485061  0.642980  0.614304  0.412039  0.669578  0.639085  0.556201  0.497590  0.502853  0.339558  0.550955  0.227401  0.357219  0.414824  0.461269  0.559869  0.433478  0.455758  0.514706  0.264377  0.612188  0.343741  0.546424  0.351893  0.437562  0.386313  0.443447  0.383806  0.597137  0.614113  0.308085  0.470567  0.504861  0.624264  0.593211  0.421930  0.536299  0.467090  0.399476  0.751599  0.650740  0.331890  0.525472  0.602311  0.577988  0.518059  0.530002  0.341578  0.357643  0.520744  0.506219  0.403488  0.492948  0.475927  0.503948  0.613783  0.503353  0.551738  0.562000  0.523326  0.527481  0.376976  0.386864  0.386016  0.428302  0.396111  0.436416  0.553174  0.443838  0.485236  0.557375  0.481522  0.447278  0.319231  0.508776  0.669253  0.445776  0.492070  0.586372  0.335630  0.559231  0.550857  0.479316  0.478131  0.467208  0.555337  0.309270  0.660337  0.419799  0.268496  0.517373  0.368259  0.225833  0.434223  0.393415  0.403580  0.354971  0.512184  0.477085  0.393801  0.454616  0.512580  0.438899  0.472816  0.619001  0.510612  0.297234  0.507366  0.330962 
23  0.708535  0.400859  0.356651  0.685891  0.523142  0.709223  0.610149  0.597207  0.679253  0.520270  0.539003  0.454809  0.622746  0.648228  0.636235  0.472518  0.509118  0.464882  0.661271  0.527493  0.419362  0.500245  0.427324 0.0  0.640384  0.740674  0.642882  0.577626  0.464708  0.482934  0.397785  0.621340  0.460547  0.290172  0.486606  0.339863  0.315079  0.404669  0.644844  0.539055  0.545876  0.779563  0.702057  0.686341  0.461887  0.608158  0.387492  0.665774  0.249135  0.442197  0.644248  0.538712  0.701412  0.662430  0.703692  0.652624  0.482329  0.768580  0.522876  0.587889  0.605165  0.495654  0.576529  0.532718  0.470687  0.620483  0.717521  0.331365  0.500295  0.606393  0.629945  0.707969  0.564083  0.715037  0.379685  0.673143  0.662714  0.662287  0.281503  0.316285  0.623518  0.649725  0.641512  0.559149  0.550178  0.523020  0.637746  0.617992  0.567914  0.498461  0.368808  0.544440  0.829704  0.381176  0.719629  0.573841  0.505283  0.525274  0.522899  0.658704  0.444706  0.471212  0.479378  0.580120  0.352469  0.496530  0.658637  0.504733  0.696693  0.351128  0.417280  0.542060  0.672562  0.614193  0.484629  0.596545  0.361114  0.766769  0.540077  0.442116  0.432347  0.497552  0.537758  0.445152  0.697641  0.559792  0.352718  0.699240  0.451978  0.208397  0.562928  0.477673  0.544257  0.588344  0.632839  0.665876  0.496554  0.628874  0.738660  0.532511  0.629727  0.611157  0.431858  0.457578  0.531243  0.260653 
24  0.538708  0.762758  0.695940  0.474294  0.642384  0.423477  0.571226  0.510883  0.369182  0.539865  0.496459  0.508932  0.622775  0.657954  0.501421  0.637467  0.600300  0.507608  0.466105  0.558706  0.572852  0.532071  0.567014  0.640384 0.0  0.503031  0.515246  0.562560  0.449782  0.585306  0.582264  0.662794  0.573123  0.548080  0.791090  0.622671  0.602460  0.608651  0.551410  0.696574  0.685055  0.448505  0.338629  0.405388  0.627182  0.332648  0.554136  0.391178  0.502252  0.627487  0.413933  0.645879  0.372335  0.393971  0.616857  0.398012  0.539372  0.367552  0.593445  0.493144  0.329307  0.658146  0.567856  0.686252  0.520990  0.415439  0.458182  0.653351  0.574512  0.611511  0.567630  0.550788  0.574385  0.461847  0.577844  0.547719  0.553329  0.510591  0.513945  0.569617  0.643487  0.590241  0.526157  0.649151  0.605238  0.639490  0.831018  0.499272  0.640130  0.619456  0.488739  0.695423  0.342561  0.701079  0.296625  0.566423  0.600069  0.733311  0.598132  0.619120  0.548067  0.538037  0.695168  0.492480  0.672687  0.521938  0.524625  0.733846  0.357032  0.688339  0.524299  0.523570  0.483245  0.528029  0.642001  0.572450  0.555038  0.438657  0.629743  0.542462  0.558303  0.537756  0.633342  0.669176  0.645064  0.577057  0.520038  0.461560  0.586532  0.673114  0.501376  0.483339  0.418634  0.517311  0.616659  0.577230  0.740557  0.697778  0.554368  0.562243  0.527763  0.651930  0.575955  0.621880  0.746720  0.705920 
25  0.561146  0.537175  0.574669  0.603956  0.562614  0.483112  0.408100  0.564839  0.634313  0.545339  0.698808  0.495865  0.580441  0.601920  0.595811  0.515223  0.541896  0.523816  0.499195  0.590428  0.553403  0.630387  0.578198  0.740674  0.503031 0.0  0.457766  0.501818  0.484828  0.555049  0.556169  0.605452  0.462330  0.538708  0.610429  0.508160  0.515746  0.531100  0.648359  0.562302  0.499098  0.432941  0.579826  0.564265  0.533428  0.521512  0.606653  0.511643  0.560175  0.485347  0.458289  0.509244  0.590064  0.584800  0.511007  0.597347  0.656382  0.550097  0.463117  0.662114  0.541635  0.568657  0.644009  0.593735  0.585592  0.568653  0.611580  0.651297  0.444257  0.512769  0.592471  0.616036  0.616920  0.555837  0.590807  0.522951  0.577856  0.568022  0.587561  0.577026  0.573793  0.654300  0.588755  0.511534  0.586434  0.481684  0.524508  0.565622  0.448833  0.581167  0.658004  0.560725  0.539535  0.559177  0.653059  0.528858  0.536560  0.630476  0.554429  0.520756  0.484899  0.553474  0.569731  0.504857  0.460801  0.546654  0.569772  0.672230  0.591947  0.583416  0.481867  0.601620  0.640677  0.520532  0.578380  0.589722  0.563442  0.511240  0.577334  0.640051  0.628701  0.627917  0.578972  0.515455  0.579465  0.553233  0.625075  0.621848  0.547392  0.634822  0.566894  0.590357  0.520676  0.569146  0.503087  0.547585  0.501953  0.589525  0.486557  0.586442  0.532587  0.576571  0.582997  0.574103  0.572757  0.567391 
26  0.479461  0.785811  0.738036  0.552565  0.594511  0.577023  0.527569  0.224496  0.523106  0.492630  0.617486  0.516627  0.447807  0.595760  0.515291  0.543703  0.476059  0.540386  0.444212  0.487093  0.388183  0.438493  0.432711  0.642882  0.515246  0.457766 0.0  0.540987  0.495481  0.599940  0.520214  0.624724  0.272133  0.538055  0.618387  0.475783  0.609610  0.680802  0.701766  0.633663  0.682819  0.613597  0.682697  0.546710  0.737024  0.639601  0.544781  0.490112  0.550923  0.523184  0.475019  0.572270  0.464451  0.345870  0.502929  0.470742  0.502413  0.571618  0.545137  0.453310  0.391823  0.323481  0.552346  0.592639  0.446741  0.533174  0.603683  0.696039  0.432111  0.617957  0.484764  0.513895  0.632614  0.483256  0.563983  0.451876  0.496082  0.696596  0.639629  0.729010  0.374933  0.651480  0.441900  0.571183  0.425566  0.541558  0.474417  0.525669  0.477480  0.532938  0.552909  0.573024  0.435935  0.579348  0.437696  0.455255  0.448795  0.488812  0.494085  0.560379  0.520820  0.364426  0.554964  0.375215  0.506155  0.553024  0.484435  0.586818  0.478071  0.630482  0.497423  0.615355  0.704567  0.498253  0.599010  0.559660  0.651234  0.600270  0.513147  0.713252  0.574090  0.665144  0.662059  0.546028  0.558134  0.269356  0.491772  0.571844  0.591593  0.607835  0.449425  0.580132  0.616504  0.562390  0.620342  0.546906  0.495674  0.527815  0.521646  0.547853  0.325601  0.590665  0.493784  0.559110  0.551215  0.460838 
