146
0 0.0  0.868783  0.892337  0.556140  0.675709  0.594906  0.651142  0.442867  0.456613  0.587122  0.519683  0.785764  0.691304  0.578068  0.479565  0.735723  0.610834  0.567802  0.615031  0.516370  0.641864  0.629801  0.698126  0.787969  0.633159  0.613662  0.509165  0.634180  0.662459  0.735413  0.786790  0.649048  0.571205  0.697844  0.829517  0.563783  0.825625  0.702917  0.714477  0.780080  0.723665  0.538777  0.626851  0.558896  0.885060  0.659373  0.607909  0.552265  0.727708  0.643639  0.567630  0.709709  0.402703  0.668929  0.552639  0.474350  0.721442  0.653336  0.627972  0.678655  0.597019  0.613751  0.707212  0.863232  0.581164  0.572496  0.658877  0.789675  0.505926  0.549005  0.764991  0.587992  0.687035  0.645376  0.798911  0.504968  0.778039  0.713415  0.803591  0.753809  0.550619  0.438096  0.562872  0.770222  0.681866  0.701253  0.740797  0.644689  0.756760  0.588111  0.596337  0.751780  0.366627  0.727479  0.413644  0.438730  0.571498  0.648141  0.763309  0.490088  0.595038  0.728158  0.589186  0.631590  0.650453  0.520501  0.395229  0.739550  0.377020  0.767612  0.642439  0.774028  0.658020  0.612731  0.778621  0.553437  0.619733  0.455448  0.704301  0.820816  0.675851  0.690392  0.647473  0.738164  0.540499  0.614657  0.646314  0.444871  0.773892  0.850781  0.583390  0.615362  0.463978  0.641105  0.791909  0.540103  0.692959  0.594388  0.565049  0.693319  0.560670  0.696580  0.680811  0.520950  0.776838  0.538622 
1  0.868783 0.0  0.522707  0.912269  0.670289  0.970225  0.609010  0.797620  0.930588  0.723626  0.652106  0.572116  0.589581  0.635652  0.932680  0.534375  0.544281  0.695388  0.821914  0.678245  0.561891  0.648572  0.465124  0.439317  0.801002  0.695989  0.820407  0.718285  0.609039  0.696656  0.507329  0.859350  0.682674  0.430215  0.530998  0.448417  0.435587  0.573185  0.827618  0.593453  0.751001  0.984921  0.811555  0.827443  0.461984  0.842935  0.506902  0.782897  0.592781  0.645914  0.850577  0.598215  0.924562  0.629456  0.902927  0.836473  0.605524  0.923242  0.731202  0.668903  0.830181  0.676792  0.532912  0.759042  0.759411  0.804223  0.789589  0.445338  0.729810  0.686509  0.765777  0.677551  0.446940  0.739096  0.525481  0.840990  0.800462  0.789059  0.653155  0.523106  0.764341  0.811583  0.704031  0.455842  0.648812  0.493710  0.614938  0.675123  0.622750  0.674023  0.504637  0.705959  0.877640  0.659980  0.788635  0.709721  0.708673  0.387600  0.647932  0.578654  0.596144  0.646688  0.516376  0.691220  0.595975  0.744937  0.755484  0.665198  0.813342  0.557232  0.373210  0.654564  0.752935  0.681089  0.411500  0.725045  0.476097  0.982934  0.633461  0.572644  0.506181  0.748902  0.761355  0.508998  0.961458  0.634603  0.602825  0.747460  0.450461  0.543514  0.633710  0.640007  0.755048  0.748815  0.725849  0.633426  0.667881  0.622106  0.642840  0.721008  0.776226  0.634832  0.408530  0.832136  0.539848  0.620523 
2  0.892337  0.522707 0.0  0.793461  0.770844  0.780610  0.808484  0.784466  0.845703  0.717294  0.609811  0.533577  0.772427  0.660609  0.803851  0.619258  0.600404  0.602490  0.823512  0.767577  0.739547  0.623413  0.625591  0.399188  0.854890  0.687930  0.844040  0.732596  0.750460  0.724735  0.539276  0.714142  0.630484  0.503005  0.521920  0.582277  0.510920  0.615960  0.720257  0.642817  0.697898  0.888021  0.897037  0.830174  0.398713  0.792852  0.481295  0.921744  0.595371  0.600594  0.809263  0.429044  1.000000  0.778578  0.759523  0.740454  0.595866  0.914119  0.716189  0.620445  0.809592  0.754310  0.639677  0.563976  0.655912  0.757771  0.768621  0.463308  0.685692  0.743332  0.738455  0.752906  0.742035  0.875526  0.550727  0.843577  0.740574  0.735166  0.526428  0.432936  0.762612  0.845750  0.657171  0.704329  0.587110  0.447758  0.779869  0.683967  0.686813  0.603848  0.576469  0.627490  0.742648  0.599739  0.789343  0.798470  0.851478  0.474373  0.676460  0.799405  0.592602  0.673679  0.627143  0.730617  0.620829  0.764619  0.618015  0.542794  0.867923  0.460149  0.564647  0.748521  0.746687  0.682511  0.641885  0.715935  0.634374  0.820810  0.676889  0.378060  0.635780  0.672889  0.700114  0.431100  0.771060  0.718393  0.547978  0.747453  0.537392  0.573169  0.637900  0.518415  0.642505  0.700954  0.675278  0.699414  0.609566  0.714996  0.631626  0.682002  0.896372  0.838409  0.665336  0.693612  0.640645  0.508845 
3  0.556140  0.912269  0.793461 0.0  0.615105  0.572820  0.608193  0.454247  0.435257  0.494481  0.618905  0.661621  0.743907  0.644202  0.356916  0.565738  0.541102  0.614821  0.379314  0.530276  0.602729  0.554826  0.624645  0.715410  0.403273  0.526019  0.372064  0.624405  0.602133  0.600501  0.641838  0.683101  0.476943  0.735831  0.757259  0.473723  0.549368  0.832503  0.763307  0.651298  0.743042  0.302529  0.417444  0.414055  0.849283  0.533931  0.605691  0.426598  0.613742  0.723608  0.551912  0.639176  0.376462  0.603105  0.613347  0.502762  0.753846  0.376303  0.659275  0.582365  0.269486  0.542087  0.726873  0.815183  0.537927  0.264225  0.487874  0.669488  0.484774  0.547841  0.524132  0.713326  0.665246  0.359840  0.809659  0.298029  0.827216  0.690028  0.667254  0.862471  0.551201  0.518920  0.591244  0.737120  0.613022  0.683390  0.655494  0.734119  0.624313  0.462807  0.759459  0.717388  0.293866  0.702817  0.527051  0.630450  0.471221  0.806968  0.496860  0.543101  0.612514  0.407722  0.664017  0.594206  0.565634  0.554227  0.492939  0.864904  0.368283  0.773274  0.598396  0.802932  0.746378  0.632931  0.803759  0.577704  0.598781  0.324608  0.658384  0.718537  0.545946  0.605416  0.746637  0.670765  0.494560  0.435681  0.671363  0.621068  0.730087  0.865580  0.575927  0.634568  0.531030  0.480807  0.850240  0.659774  0.683999  0.596558  0.629050  0.755579  0.607006  0.728131  0.606410  0.583231  0.644123  0.488548 
4  0.675709  0.670289  0.770844  0.615105 0.0  0.670376  0.609599  0.761442  0.510882  0.536845  0.575255  0.544225  0.674187  0.806366  0.693785  0.683632  0.551202  0.391087  0.585096  0.552230  0.488847  0.615394  0.525755  0.684736  0.601804  0.601645  0.687047  0.560184  0.568088  0.474615  0.606128  0.513590  0.686024  0.596933  0.589498  0.655722  0.620621  0.541455  0.598972  0.776831  0.660798  0.627047  0.483927  0.562523  0.571090  0.471625  0.613831  0.643319  0.378040  0.503727  0.578790  0.498793  0.564941  0.463382  0.587911  0.548476  0.540245  0.691955  0.691289  0.616678  0.666003  0.731977  0.573765  0.497927  0.565432  0.534627  0.763589  0.671230  0.585724  0.710929  0.632532  0.607791  0.543495  0.537176  0.538407  0.504171  0.706440  0.633510  0.553343  0.595760  0.585120  0.685585  0.556897  0.658265  0.518686  0.549109  0.588075  0.502085  0.668907  0.585718  0.574786  0.658093  0.528440  0.681585  0.659904  0.608767  0.594850  0.540771  0.668019  0.649583  0.510340  0.639658  0.654716  0.615391  0.607009  0.532734  0.523021  0.587089  0.526519  0.607670  0.693581  0.496696  0.416468  0.337338  0.578607  0.403425  0.593369  0.677384  0.637304  0.588166  0.605246  0.493204  0.310228  0.463024  0.544230  0.774929  0.644363  0.509492  0.593064  0.675754  0.474426  0.729976  0.673545  0.433445  0.559554  0.571430  0.620231  0.565891  0.638836  0.540749  0.670110  0.463475  0.734249  0.537693  0.709050  0.557222 
5  0.594906  0.970225  0.780610  0.572820  0.670376 0.0  0.580530  0.713960  0.468446  0.668122  0.563717  0.797166  0.585172  0.729815  0.482788  0.635755  0.550469  0.681575  0.455481  0.567241  0.762789  0.731664  0.586079  0.807722  0.457519  0.624192  0.594050  0.712541  0.795685  0.584069  0.736501  0.609160  0.690198  0.884736  0.707276  0.756329  0.774527  0.634913  0.735658  0.667285  0.658517  0.435620  0.518884  0.370462  0.762934  0.476980  0.878011  0.463385  0.644610  0.621615  0.567610  0.693460  0.433311  0.529286  0.754273  0.661115  0.665961  0.353785  0.683336  0.714036  0.470245  0.638736  0.630067  0.810067  0.923267  0.343283  0.532876  0.744481  0.711894  0.635328  0.824491  0.590724  0.812265  0.415537  0.750679  0.549944  0.561119  0.569291  0.785324  0.826144  0.747971  0.680049  0.704291  0.788437  0.698325  0.788633  0.697224  0.756243  0.774161  0.800983  0.738824  0.823362  0.303299  0.858536  0.356745  0.405031  0.818801  0.645488  0.665829  0.669454  0.684034  0.719495  0.781526  0.708453  0.840400  0.699525  0.633493  0.790125  0.404547  0.765810  0.750960  0.678519  0.829148  0.507482  0.753664  0.638210  0.609370  0.421652  0.658516  0.809146  0.557979  0.679158  0.709572  0.654892  0.671742  0.846288  0.700183  0.638983  0.483698  0.831680  0.687110  0.714579  0.518481  0.531988  0.719044  0.628169  0.727621  0.720096  0.737637  0.706504  0.725200  0.837668  0.630988  0.750911  0.688526  0.661319 
6  0.651142  0.609010  0.808484  0.608193  0.609599  0.580530 0.0  0.473051  0.640251  0.512262  0.564006  0.542549  0.633332  0.710303  0.471817  0.631728  0.653748  0.625778  0.523049  0.545029  0.557950  0.610447  0.563932  0.654557  0.496717  0.619871  0.500395  0.524681  0.509035  0.608158  0.548769  0.536809  0.513918  0.636729  0.682875  0.447238  0.737343  0.629393  0.686211  0.693371  0.553787  0.590226  0.582348  0.544883  0.753809  0.513586  0.691962  0.445912  0.475210  0.508008  0.556248  0.589830  0.593575  0.607351  0.510963  0.613748  0.522640  0.572172  0.567849  0.669134  0.571152  0.552088  0.604222  0.692127  0.651340  0.687094  0.611519  0.705678  0.640258  0.582363  0.576557  0.697862  0.534666  0.507701  0.638277  0.524158  0.465013  0.509453  0.588152  0.630516  0.537512  0.640097  0.482155  0.604625  0.543206  0.650242  0.579719  0.492365  0.603270  0.529640  0.537030  0.638627  0.648602  0.686755  0.596246  0.575806  0.541278  0.724159  0.512576  0.549763  0.552956  0.637228  0.569709  0.668120  0.633958  0.558962  0.547722  0.654855  0.561538  0.706768  0.583893  0.647500  0.584372  0.483224  0.702981  0.584416  0.617547  0.649816  0.667026  0.679415  0.600776  0.717468  0.657504  0.579930  0.636097  0.653924  0.659674  0.679748  0.470561  0.655093  0.604165  0.595118  0.582009  0.575332  0.490364  0.640250  0.692460  0.586190  0.656591  0.570933  0.565118  0.706645  0.536661  0.567230  0.603671  0.585870 
7  0.442867  0.797620  0.784466  0.454247  0.761442  0.713960  0.473051 0.0  0.701003  0.610110  0.657653  0.481124  0.465119  0.614626  0.503309  0.536416  0.447504  0.616075  0.533256  0.518295  0.442909  0.538732  0.378952  0.742590  0.642056  0.640323  0.282029  0.622462  0.476473  0.729142  0.651264  0.738479  0.359382  0.549271  0.772581  0.326154  0.531043  0.670226  0.718168  0.670023  0.663509  0.628923  0.582712  0.570364  0.604206  0.581541  0.441415  0.534155  0.450147  0.556353  0.400736  0.663259  0.548744  0.420558  0.597705  0.514959  0.495617  0.487675  0.598371  0.436475  0.454881  0.300230  0.616797  0.708916  0.606737  0.515421  0.681093  0.729475  0.539176  0.411622  0.554002  0.700263  0.602386  0.682007  0.820748  0.667555  0.653020  0.688134  0.474133  0.746214  0.273787  0.629779  0.499777  0.463598  0.383389  0.647726  0.466010  0.565027  0.638745  0.433462  0.534686  0.597176  0.553805  0.546573  0.461106  0.583360  0.531581  0.633224  0.431648  0.430149  0.466448  0.205586  0.513760  0.289230  0.552099  0.652410  0.514524  0.657022  0.613824  0.682437  0.580521  0.708835  0.848656  0.670361  0.577382  0.506710  0.554071  0.584010  0.571860  0.637558  0.572524  0.649267  0.761018  0.587406  0.560152  0.204685  0.520074  0.647674  0.664225  0.650960  0.570812  0.490600  0.496542  0.583581  0.739223  0.619510  0.489705  0.560238  0.649786  0.624642  0.337343  0.685009  0.576705  0.522643  0.634763  0.564096 
8  0.456613  0.930588  0.845703  0.435257  0.510882  0.468446  0.640251  0.701003 0.0  0.525393  0.677074  0.557725  0.641883  0.834178  0.266594  0.782282  0.658299  0.561766  0.486452  0.355947  0.748749  0.680353  0.588151  0.780012  0.490176  0.549575  0.666866  0.601939  0.627922  0.701008  0.587304  0.706686  0.690505  0.615557  0.803740  0.748829  0.836541  0.834411  0.672632  0.631219  0.729999  0.484462  0.320060  0.422590  0.765750  0.288459  0.761335  0.392764  0.631008  0.746296  0.496948  0.632026  0.333382  0.596814  0.460139  0.534697  0.664466  0.544096  0.680010  0.697414  0.469761  0.719669  0.711244  0.791792  0.759151  0.366202  0.414685  0.694151  0.581233  0.621675  0.612274  0.636355  0.642293  0.397530  0.701799  0.456108  0.691249  0.620147  0.752881  0.788185  0.890452  0.528283  0.639158  0.864807  0.585923  0.706955  0.779044  0.625939  0.775496  0.754466  0.676087  0.720781  0.224467  0.888648  0.356306  0.469020  0.635396  0.650668  0.585966  0.769527  0.656545  0.663664  0.616691  0.603583  0.738934  0.713018  0.631825  0.586922  0.248688  0.605427  0.696138  0.575020  0.662446  0.448499  0.735136  0.526441  0.716291  0.398553  0.860410  0.879809  0.659467  0.611383  0.619695  0.712517  0.556463  0.777664  0.589361  0.601614  0.588493  0.769008  0.700524  0.708331  0.488821  0.463731  0.767038  0.592682  0.654329  0.711493  0.610541  0.761360  0.728492  0.793877  0.738806  0.782999  0.832009  0.741194 
9  0.587122  0.723626  0.717294  0.494481  0.536845  0.668122  0.512262  0.610110  0.525393 0.0  0.642129  0.450379  0.503612  0.684253  0.693261  0.513776  0.371466  0.367425  0.633183  0.589518  0.615215  0.627637  0.367330  0.494660  0.577646  0.587066  0.557635  0.544867  0.432036  0.480498  0.406215  0.601568  0.512478  0.639558  0.571592  0.443013  0.611672  0.516790  0.671118  0.767492  0.530250  0.758062  0.563088  0.643788  0.596040  0.511917  0.552986  0.632964  0.327290  0.489533  0.589840  0.535917  0.582187  0.621359  0.581853  0.508626  0.433559  0.682431  0.583506  0.653779  0.506070  0.664435  0.454099  0.519945  0.589434  0.756754  0.635205  0.645877  0.455102  0.559042  0.530824  0.654076  0.491101  0.620202  0.585356  0.574116  0.665027  0.489042  0.497897  0.636668  0.634284  0.590788  0.581301  0.520039  0.497845  0.409616  0.621646  0.502322  0.548990  0.508462  0.555867  0.520883  0.656596  0.540405  0.517663  0.499444  0.732962  0.657721  0.631695  0.548511  0.478217  0.630345  0.519159  0.585771  0.560917  0.422207  0.685865  0.518483  0.401221  0.587163  0.531304  0.477237  0.555344  0.447589  0.564865  0.614345  0.481997  0.623248  0.543160  0.548134  0.503054  0.458488  0.532669  0.420812  0.757778  0.506033  0.481561  0.668858  0.542984  0.626124  0.438626  0.631431  0.565585  0.484252  0.528237  0.604054  0.528716  0.472784  0.696458  0.496339  0.627713  0.635633  0.551223  0.613226  0.538726  0.547033 
10  0.519683  0.652106  0.609811  0.618905  0.575255  0.563717  0.564006  0.657653  0.677074  0.642129 0.0  0.726427  0.624883  0.744207  0.563689  0.713204  0.682404  0.706175  0.668352  0.616411  0.665484  0.702225  0.658484  0.684760  0.725202  0.693552  0.648552  0.680631  0.776198  0.718859  0.673431  0.556161  0.705722  0.725678  0.753321  0.607602  0.623156  0.672977  0.678258  0.666959  0.711864  0.508760  0.568580  0.575124  0.730947  0.652488  0.785579  0.690584  0.624784  0.681948  0.746779  0.576615  0.633408  0.532171  0.502860  0.612364  0.632929  0.719295  0.672385  0.782380  0.676667  0.690825  0.716626  0.658422  0.764198  0.717648  0.774465  0.633286  0.582591  0.750110  0.682175  0.557407  0.614925  0.538560  0.784269  0.631459  0.634791  0.641594  0.703182  0.648781  0.655660  0.645338  0.668576  0.622383  0.596831  0.747734  0.719818  0.661710  0.761283  0.780888  0.776115  0.675537  0.786707  0.597983  0.673634  0.655316  0.503545  0.687960  0.784604  0.672649  0.630816  0.633221  0.663037  0.680938  0.651547  0.674622  0.682777  0.637164  0.687640  0.698743  0.704632  0.635773  0.561340  0.703822  0.648179  0.631957  0.596206  0.666744  0.552909  0.677670  0.744128  0.612998  0.538376  0.622811  0.624103  0.565667  0.724807  0.599865  0.664247  0.628183  0.622552  0.693317  0.733747  0.609415  0.695354  0.684391  0.586188  0.666751  0.591654  0.659805  0.696330  0.567447  0.487884  0.558954  0.630652  0.529980 
11  0.785764  0.572116  0.533577  0.661621  0.544225  0.797166  0.542549  0.481124  0.557725  0.450379  0.726427 0.0  0.464303  0.734464  0.737158  0.500561  0.393733  0.509651  0.613592  0.687871  0.392628  0.686522  0.337473  0.377846  0.638271  0.681789  0.536618  0.477854  0.255300  0.517028  0.302688  0.660858  0.477945  0.423703  0.574595  0.319905  0.402721  0.474727  0.697026  0.612521  0.521799  0.692026  0.603423  0.623270  0.555664  0.662149  0.308907  0.812816  0.287366  0.358111  0.560368  0.408396  0.579687  0.554794  0.591043  0.523430  0.301330  0.721515  0.390505  0.633857  0.557889  0.489807  0.308780  0.615355  0.451099  0.864740  0.618052  0.453370  0.446800  0.555109  0.512602  0.691548  0.508606  0.623511  0.554608  0.648665  0.712475  0.639007  0.186019  0.676522  0.662241  0.641878  0.602199  0.462649  0.428992  0.399464  0.627055  0.396757  0.456154  0.494908  0.441866  0.596258  0.711286  0.507810  0.607183  0.648261  0.594810  0.597137  0.561332  0.644896  0.332980  0.457230  0.463384  0.547692  0.495150  0.483803  0.587469  0.448199  0.408442  0.538085  0.210585  0.525000  0.594421  0.466176  0.502083  0.567629  0.347225  0.685514  0.406732  0.596263  0.585707  0.370631  0.644547  0.482742  0.752887  0.506794  0.174863  0.566872  0.364890  0.500236  0.465899  0.462482  0.575831  0.315137  0.690984  0.716007  0.406965  0.480410  0.623419  0.304639  0.565149  0.620982  0.532683  0.292311  0.524520  0.353117 
12  0.691304  0.589581  0.772427  0.743907  0.674187  0.585172  0.633332  0.465119  0.641883  0.503612  0.624883  0.464303 0.0  0.684190  0.635125  0.589983  0.430104  0.620940  0.464484  0.583694  0.571292  0.473831  0.498743  0.640565  0.662878  0.665478  0.615858  0.619156  0.476247  0.748533  0.602798  0.663599  0.653432  0.610936  0.589246  0.559468  0.499103  0.526023  0.741197  0.692790  0.423493  0.682096  0.583617  0.526640  0.534418  0.483909  0.597138  0.540300  0.550563  0.549635  0.541856  0.636849  0.631484  0.545538  0.656838  0.573824  0.504143  0.536704  0.558580  0.660632  0.406573  0.451326  0.609155  0.529020  0.649018  0.589763  0.537497  0.627512  0.682472  0.457964  0.602888  0.792366  0.620173  0.493641  0.578662  0.506289  0.700368  0.659909  0.546244  0.517194  0.665755  0.642666  0.650791  0.502177  0.619281  0.557346  0.668579  0.560339  0.650110  0.533706  0.442400  0.580495  0.470258  0.660153  0.510043  0.579779  0.640504  0.571358  0.572339  0.548670  0.548924  0.475000  0.514024  0.563342  0.670261  0.479620  0.544680  0.674409  0.629551  0.584600  0.557674  0.770989  0.746254  0.668941  0.599247  0.570664  0.544556  0.558933  0.598369  0.623442  0.528270  0.630322  0.671020  0.576881  0.608022  0.510985  0.526865  0.657502  0.577408  0.654851  0.503992  0.518354  0.602373  0.483939  0.527687  0.637627  0.650210  0.612637  0.509555  0.542407  0.677760  0.651648  0.573519  0.677403  0.555748  0.552095 
13  0.578068  0.635652  0.660609  0.644202  0.806366  0.729815  0.710303  0.614626  0.834178  0.684253  0.744207  0.734464  0.684190 0.0  0.610074  0.561711  0.675050  0.656394  0.620918  0.688588  0.629972  0.657242  0.581604  0.840866  0.731897  0.654570  0.589335  0.666179  0.760372  0.869183  0.718979  0.589962  0.702588  0.694341  0.732331  0.673058  0.616320  0.715288  0.625755  0.574247  0.711011  0.679162  0.754481  0.705336  0.664697  0.691468  0.812127  0.657792  0.694420  0.701707  0.688570  0.590516  0.662889  0.678724  0.602973  0.700936  0.654806  0.575185  0.701603  0.750522  0.542499  0.637882  0.733825  0.711588  0.559670  0.651893  0.731422  0.701400  0.532984  0.711732  0.671960  0.646824  0.671352  0.740159  0.685791  0.664133  0.632903  0.743164  0.658842  0.694905  0.508712  0.640982  0.699007  0.732024  0.570746  0.597166  0.654454  0.613188  0.751433  0.582364  0.719170  0.657681  0.639219  0.613415  0.685299  0.682533  0.603127  0.503485  0.711946  0.648582  0.720124  0.646505  0.795346  0.627870  0.595977  0.684337  0.586362  0.614513  0.683856  0.597694  0.708040  0.697757  0.734055  0.732915  0.724487  0.528473  0.699621  0.586898  0.646653  0.710802  0.704964  0.706419  0.643996  0.602509  0.597794  0.721194  0.703208  0.707949  0.728805  0.682464  0.648055  0.856567  0.540415  0.763282  0.695908  0.646120  0.610502  0.608552  0.607189  0.697173  0.541688  0.633599  0.594617  0.628985  0.576357  0.619981 
14  0.479565  0.932680  0.803851  0.356916  0.693785  0.482788  0.471817  0.503309  0.266594  0.693261  0.563689  0.737158  0.635125  0.610074 0.0  0.622701  0.610665  0.665401  0.312719  0.468623  0.656591  0.564646  0.643629  0.749777  0.454913  0.649470  0.544000  0.683445  0.743962  0.733045  0.772045  0.544265  0.600068  0.712291  0.852953  0.517034  0.767260  0.651415  0.751388  0.693293  0.758465  0.301653  0.456687  0.567743  0.764259  0.512750  0.809602  0.345772  0.582295  0.704162  0.507960  0.651310  0.342971  0.675405  0.508639  0.683161  0.712731  0.252643  0.684934  0.723959  0.279501  0.695366  0.609506  0.630153  0.669157  0.369033  0.522652  0.693041  0.629279  0.629344  0.576159  0.567047  0.655529  0.341971  0.702362  0.486043  0.667764  0.564123  0.741940  0.776154  0.686337  0.624887  0.627409  0.636258  0.636900  0.570375  0.731125  0.668728  0.731623  0.619141  0.812812  0.753560  0.357681  0.690425  0.320339  0.472963  0.497691  0.708385  0.432012  0.572323  0.512359  0.547702  0.602025  0.599151  0.596206  0.553499  0.624349  0.703622  0.289637  0.829105  0.578990  0.597814  0.667243  0.540086  0.791680  0.531874  0.775326  0.285842  0.713221  0.793383  0.722922  0.722921  0.605130  0.635074  0.511020  0.557223  0.650454  0.625444  0.504546  0.789508  0.597037  0.623704  0.516843  0.507378  0.859517  0.529717  0.553945  0.619726  0.575125  0.627858  0.557820  0.742730  0.648931  0.639000  0.648462  0.567057 
15  0.735723  0.534375  0.619258  0.565738  0.683632  0.635755  0.631728  0.536416  0.782282  0.513776  0.713204  0.500561  0.589983  0.561711  0.622701 0.0  0.463748  0.532640  0.673061  0.618411  0.461789  0.621087  0.569809  0.390425  0.730789  0.686297  0.669986  0.674523  0.495007  0.511977  0.542558  0.555221  0.524366  0.403300  0.456431  0.416901  0.408270  0.614658  0.609653  0.640399  0.604926  0.707645  0.714825  0.687417  0.492910  0.617365  0.409447  0.574866  0.441907  0.503565  0.594632  0.450336  0.600058  0.613836  0.741088  0.641891  0.456497  0.754596  0.731882  0.549152  0.492416  0.488666  0.419921  0.574569  0.606528  0.681368  0.863484  0.484564  0.488915  0.638440  0.617142  0.638371  0.437631  0.732922  0.593786  0.660246  0.790081  0.646280  0.416876  0.466897  0.701325  0.756718  0.662273  0.525555  0.500782  0.553555  0.587625  0.494373  0.627986  0.627698  0.490523  0.498245  0.796130  0.430664  0.704495  0.694255  0.536831  0.611518  0.542325  0.581224  0.544166  0.611043  0.627622  0.562656  0.623355  0.535773  0.686444  0.706851  0.672279  0.553584  0.551502  0.571843  0.404716  0.448225  0.484941  0.646450  0.491683  0.659827  0.526853  0.556120  0.446834  0.592529  0.428522  0.447528  0.737262  0.545978  0.522608  0.616391  0.585945  0.577448  0.413449  0.480248  0.507808  0.591569  0.417168  0.549239  0.476178  0.477823  0.491093  0.562880  0.636170  0.615146  0.461408  0.664228  0.599001  0.542059 
16  0.610834  0.544281  0.600404  0.541102  0.551202  0.550469  0.653748  0.447504  0.658299  0.371466  0.682404  0.393733  0.430104  0.675050  0.610665  0.463748 0.0  0.563105  0.494628  0.618966  0.499818  0.552891  0.291679  0.408564  0.574660  0.610416  0.629554  0.545384  0.353106  0.639853  0.431873  0.614159  0.435414  0.398042  0.603860  0.389198  0.541082  0.566382  0.701150  0.705515  0.535418  0.739836  0.578743  0.648495  0.435171  0.711334  0.480660  0.572222  0.476283  0.324869  0.563587  0.490441  0.537934  0.637552  0.624785  0.542683  0.469980  0.754926  0.515729  0.591975  0.483949  0.534987  0.523463  0.416598  0.409354  0.601792  0.616690  0.457714  0.366928  0.445772  0.478252  0.645026  0.432731  0.666316  0.610140  0.623084  0.665960  0.591394  0.407941  0.587396  0.638814  0.736141  0.594962  0.456778  0.410216  0.380038  0.385051  0.537200  0.427381  0.414027  0.356550  0.569219  0.628739  0.373629  0.662603  0.502053  0.564458  0.560092  0.448927  0.521428  0.376014  0.375386  0.510846  0.536232  0.387070  0.533456  0.579110  0.481777  0.612870  0.537228  0.554489  0.411682  0.482637  0.493359  0.403554  0.428710  0.381578  0.506179  0.593543  0.511477  0.423381  0.427316  0.616465  0.344209  0.559634  0.360845  0.288070  0.548630  0.390248  0.504467  0.477213  0.492536  0.580412  0.419034  0.600900  0.682160  0.541330  0.512055  0.633579  0.436167  0.562649  0.573063  0.527590  0.499106  0.528310  0.401364 
17  0.567802  0.695388  0.602490  0.614821  0.391087  0.681575  0.625778  0.616075  0.561766  0.367425  0.706175  0.509651  0.620940  0.656394  0.665401  0.532640  0.563105 0.0  0.695486  0.589200  0.455133  0.534947  0.491246  0.578177  0.729037  0.540364  0.654475  0.462427  0.437707  0.575522  0.426814  0.544871  0.535566  0.591259  0.536319  0.474946  0.386419  0.494092  0.643408  0.608980  0.467178  0.713064  0.769252  0.579955  0.602688  0.529086  0.609316  0.721945  0.479168  0.495780  0.625702  0.557518  0.590780  0.539303  0.688270  0.527567  0.517846  0.701456  0.617841  0.639323  0.580272  0.633561  0.479867  0.502283  0.548693  0.773514  0.643868  0.553796  0.478708  0.569997  0.277117  0.808415  0.513838  0.714318  0.479148  0.591216  0.533014  0.701436  0.337352  0.552140  0.584590  0.710106  0.523574  0.447242  0.400318  0.522324  0.436999  0.511964  0.426450  0.504272  0.536128  0.599374  0.666600  0.532320  0.520654  0.665262  0.555651  0.580028  0.616907  0.676245  0.499859  0.613132  0.482092  0.547344  0.583773  0.552750  0.662166  0.575333  0.595826  0.532242  0.516440  0.396853  0.509152  0.514560  0.413463  0.562102  0.492623  0.658962  0.501103  0.429147  0.511547  0.455136  0.668302  0.470350  0.672020  0.651962  0.426038  0.588712  0.499647  0.551256  0.487629  0.609089  0.733340  0.444495  0.608625  0.761868  0.437738  0.535034  0.652131  0.484206  0.486615  0.507646  0.729612  0.458699  0.580271  0.581329 
18  0.615031  0.821914  0.823512  0.379314  0.585096  0.455481  0.523049  0.533256  0.486452  0.633183  0.668352  0.613592  0.464484  0.620918  0.312719  0.673061  0.494628  0.695486 0.0  0.450050  0.642578  0.627620  0.613543  0.800837  0.390582  0.674701  0.455597  0.534918  0.698184  0.646095  0.611622  0.550084  0.613639  0.706581  0.782233  0.527915  0.695511  0.735291  0.631187  0.664260  0.666962  0.402935  0.432930  0.562857  0.719897  0.425299  0.738009  0.395837  0.584198  0.519340  0.410181  0.689607  0.360799  0.480891  0.617872  0.507312  0.568265  0.389305  0.709863  0.689365  0.399205  0.564765  0.690903  0.535386  0.558156  0.390766  0.576060  0.580883  0.428785  0.366787  0.408697  0.628947  0.699760  0.499775  0.812725  0.555898  0.682706  0.710547  0.739835  0.821338  0.573207  0.507152  0.558986  0.787230  0.676940  0.610541  0.543738  0.568643  0.747737  0.555597  0.708169  0.761336  0.313591  0.440540  0.359876  0.479761  0.360899  0.651805  0.592242  0.509372  0.612842  0.469646  0.760940  0.472994  0.630453  0.513929  0.452212  0.643019  0.359473  0.852504  0.743144  0.653768  0.697715  0.465300  0.677460  0.632898  0.635908  0.249574  0.560714  0.661973  0.561806  0.748386  0.663621  0.697247  0.514278  0.530715  0.616190  0.561729  0.619431  0.704702  0.642515  0.505538  0.459450  0.557794  0.671258  0.599348  0.537878  0.580776  0.602777  0.731664  0.497815  0.768228  0.618173  0.757133  0.709543  0.490314 
19  0.516370  0.678245  0.767577  0.530276  0.552230  0.567241  0.545029  0.518295  0.355947  0.589518  0.616411  0.687871  0.583694  0.688588  0.468623  0.618411  0.618966  0.589200  0.450050 0.0  0.602419  0.648893  0.511636  0.740045  0.574916  0.558394  0.515137  0.518152  0.537363  0.614701  0.531265  0.632579  0.530763  0.612431  0.827307  0.556112  0.673920  0.541994  0.673459  0.667275  0.569098  0.517779  0.544150  0.471340  0.620651  0.508416  0.707905  0.485629  0.609548  0.451019  0.380403  0.577039  0.441565  0.553465  0.517852  0.604005  0.622064  0.546250  0.590430  0.646245  0.513257  0.539082  0.496704  0.600829  0.559270  0.575836  0.515808  0.659270  0.574783  0.525985  0.521905  0.589734  0.580436  0.551124  0.668829  0.613452  0.578596  0.630871  0.497010  0.700582  0.445905  0.534386  0.622711  0.602821  0.562011  0.606288  0.624290  0.538466  0.565516  0.457313  0.609199  0.697134  0.412565  0.626400  0.524235  0.495651  0.538343  0.636683  0.532032  0.545351  0.569590  0.564182  0.522287  0.595921  0.621404  0.545415  0.576361  0.650687  0.442375  0.657261  0.585709  0.603274  0.729195  0.487309  0.732697  0.466364  0.576378  0.555003  0.689464  0.699379  0.582232  0.557295  0.615416  0.560529  0.548302  0.672574  0.669969  0.473302  0.583271  0.612617  0.569811  0.492881  0.617057  0.392052  0.568454  0.579752  0.577520  0.524737  0.636103  0.657274  0.580680  0.708084  0.759409  0.495255  0.617737  0.625643 
20  0.641864  0.561891  0.739547  0.602729  0.488847  0.762789  0.557950  0.442909  0.748749  0.615215  0.665484  0.392628  0.571292  0.629972  0.656591  0.461789  0.499818  0.455133  0.642578  0.602419 0.0  0.523365  0.331789  0.455282  0.648472  0.563069  0.490364  0.533877  0.311486  0.625919  0.411205  0.603086  0.441476  0.415838  0.615291  0.346535  0.380264  0.520139  0.516395  0.636304  0.349175  0.700102  0.837885  0.489506  0.618175  0.695472  0.372388  0.760611  0.345742  0.480204  0.464530  0.570854  0.618914  0.634819  0.637021  0.592500  0.450265  0.580593  0.627280  0.566223  0.481394  0.415603  0.348093  0.485716  0.502380  0.717272  0.647842  0.509536  0.450190  0.511614  0.468469  0.584904  0.426027  0.780679  0.479522  0.693385  0.835732  0.827594  0.404527  0.556368  0.583489  0.693105  0.528176  0.455299  0.365702  0.422495  0.576129  0.499951  0.425838  0.378933  0.482355  0.524903  0.669070  0.514074  0.566385  0.664387  0.588553  0.506892  0.411195  0.486621  0.357785  0.443866  0.360090  0.581698  0.506499  0.506017  0.519577  0.587213  0.583256  0.557174  0.335538  0.655338  0.731093  0.414051  0.466467  0.542119  0.363293  0.680247  0.460547  0.616313  0.500429  0.415620  0.727215  0.464471  0.715268  0.531506  0.307677  0.528537  0.603356  0.455088  0.466728  0.549534  0.679020  0.447090  0.480326  0.545496  0.412128  0.307863  0.592326  0.410387  0.396766  0.693877  0.601029  0.435878  0.528826  0.336171 
21  0.629801  0.648572  0.623413  0.554826  0.615394  0.731664  0.610447  0.538732  0.680353  0.627637  0.702225  0.686522  0.473831  0.657242  0.564646  0.621087  0.552891  0.534947  0.627620  0.648893  0.523365 0.0  0.648293  0.653950  0.567354  0.587251  0.473830  0.662044  0.701341  0.655260  0.578200  0.649490  0.524813  0.616956  0.592773  0.488296  0.601967  0.570330  0.627177  0.679820  0.563748  0.683820  0.728334  0.684013  0.672124  0.586563  0.483736  0.541851  0.670331  0.503990  0.637079  0.719420  0.534330  0.502446  0.587818  0.587690  0.581097  0.681765  0.700098  0.652246  0.578717  0.696020  0.677713  0.513874  0.682586  0.527771  0.604198  0.552447  0.577501  0.630810  0.710350  0.689641  0.617663  0.619773  0.516371  0.472551  0.618325  0.652918  0.527412  0.655590  0.508978  0.599374  0.545320  0.587040  0.654748  0.473844  0.668230  0.660668  0.653723  0.525860  0.544291  0.704129  0.666856  0.485368  0.620641  0.594007  0.612607  0.619945  0.649853  0.450785  0.646428  0.557881  0.703042  0.549444  0.544791  0.681647  0.696079  0.704221  0.671293  0.615108  0.680472  0.577838  0.734244  0.641460  0.605629  0.672984  0.627129  0.628974  0.592784  0.565093  0.762830  0.632651  0.741444  0.467983  0.625195  0.541805  0.500208  0.606260  0.513803  0.631596  0.543932  0.600301  0.614144  0.710588  0.746558  0.622521  0.561503  0.761369  0.541549  0.606719  0.483497  0.675762  0.461555  0.680731  0.678073  0.601727 
22  0.698126  0.465124  0.625591  0.624645  0.525755  0.586079  0.563932  0.378952  0.588151  0.367330  0.658484  0.337473  0.498743  0.581604  0.643629  0.569809  0.291679  0.491246  0.613543  0.511636  0.331789  0.648293 0.0  0.372471  0.673375  0.570424  0.578785  0.423108  0.317919  0.631021  0.415452  0.594019  0.560637  0.428775  0.545166  0.369105  0.235461  0.446802  0.586835  0.672899  0.565250  0.688556  0.629836  0.599672  0.563586  0.583543  0.485285  0.720514  0.226853  0.415580  0.478191  0.509801  0.720484  0.469928  0.635804  0.491606  0.289644  0.701335  0.418988  0.426769  0.288230  0.434590  0.318595  0.465986  0.397549  0.627809  0.554967  0.438918  0.561708  0.570355  0.679337  0.620322  0.410197  0.614140  0.447205  0.713566  0.868103  0.578035  0.400406  0.592355  0.617826  0.666779  0.504203  0.522261  0.439451  0.472130  0.525763  0.525217  0.440572  0.388043  0.562278  0.433856  0.725506  0.520112  0.493914  0.465842  0.573936  0.594439  0.346240  0.482623  0.401356  0.383462  0.252460  0.435284  0.382223  0.621271  0.615808  0.530340  0.682583  0.575227  0.274477  0.540101  0.757613  0.451939  0.562725  0.502367  0.369133  0.707390  0.572968  0.527669  0.411836  0.548122  0.666201  0.394622  0.655104  0.539237  0.285153  0.648309  0.529919  0.373260  0.455012  0.607188  0.468493  0.377335  0.555485  0.571752  0.387420  0.489351  0.598712  0.437573  0.525958  0.694428  0.464843  0.470636  0.542181  0.260426 
23  0.787969  0.439317  0.399188  0.715410  0.684736  0.807722  0.654557  0.742590  0.780012  0.494660  0.684760  0.377846  0.640565  0.840866  0.749777  0.390425  0.408564  0.578177  0.800837  0.740045  0.455282  0.653950  0.372471 0.0  0.713520  0.700881  0.634945  0.691449  0.576569  0.681622  0.413533  0.852167  0.552437  0.354413  0.432811  0.443121  0.348434  0.508805  0.775778  0.538955  0.575949  0.810494  0.807685  0.611987  0.571967  0.857453  0.252420  0.756446  0.409200  0.454680  0.689386  0.486676  0.711747  0.717997  0.670347  0.715137  0.496769  0.805810  0.512821  0.637052  0.617222  0.539697  0.592463  0.593433  0.477314  0.821273  0.788263  0.356202  0.637470  0.640239  0.719540  0.770260  0.485403  0.805946  0.438957  0.678860  0.878496  0.739165  0.386572  0.344156  0.690559  0.746495  0.690720  0.596503  0.459314  0.513877  0.623711  0.611592  0.628327  0.495036  0.445145  0.479448  0.861833  0.437839  0.690513  0.682120  0.613310  0.520017  0.606205  0.673325  0.531028  0.690462  0.437943  0.637509  0.413595  0.702115  0.649956  0.494856  0.737336  0.423370  0.308020  0.519637  0.682372  0.647017  0.447000  0.759719  0.464689  0.757285  0.569932  0.501988  0.552376  0.519691  0.607193  0.386734  0.696168  0.627723  0.337359  0.690697  0.375349  0.272442  0.458652  0.608931  0.666626  0.508270  0.624917  0.739127  0.507832  0.710954  0.721374  0.540155  0.730099  0.656574  0.347386  0.546854  0.564504  0.326653 
24  0.633159  0.801002  0.854890  0.403273  0.601804  0.457519  0.496717  0.642056  0.490176  0.577646  0.725202  0.638271  0.662878  0.731897  0.454913  0.730789  0.574660  0.729037  0.390582  0.574916  0.648472  0.567354  0.673375  0.713520 0.0  0.628398  0.472746  0.539204  0.489424  0.510756  0.609033  0.745861  0.603263  0.589502  0.759866  0.554897  0.629566  0.787265  0.642362  0.632730  0.589508  0.518787  0.319449  0.420520  0.674006  0.361219  0.594932  0.493565  0.488007  0.531282  0.431554  0.682973  0.470382  0.502270  0.620217  0.377656  0.674679  0.537310  0.696424  0.579012  0.498598  0.593399  0.598604  0.692009  0.592831  0.396118  0.412346  0.748065  0.796052  0.581271  0.584091  0.594608  0.493351  0.404130  0.708102  0.485483  0.606691  0.561693  0.599605  0.728169  0.636239  0.574903  0.586811  0.780604  0.593665  0.677528  0.632640  0.598390  0.654938  0.556206  0.651681  0.819550  0.359335  0.788830  0.362394  0.679373  0.618694  0.885367  0.647421  0.787530  0.586709  0.512685  0.716712  0.594343  0.567311  0.646474  0.710926  0.716026  0.353224  0.768467  0.611087  0.554903  0.709842  0.603754  0.693561  0.700923  0.634705  0.330447  0.857605  0.763482  0.625374  0.700017  0.722101  0.728958  0.584560  0.601584  0.477387  0.618528  0.587596  0.696940  0.568005  0.681981  0.564650  0.440958  0.577130  0.624023  0.740963  0.765265  0.554908  0.626009  0.557393  0.682823  0.575737  0.605786  0.798941  0.688180 
25  0.613662  0.695989  0.687930  0.526019  0.601645  0.624192  0.619871  0.640323  0.549575  0.587066  0.693552  0.681789  0.665478  0.654570  0.649470  0.686297  0.610416  0.540364  0.674701  0.558394  0.563069  0.587251  0.570424  0.700881  0.628398 0.0  0.622952  0.492854  0.639757  0.744276  0.612966  0.613971  0.549663  0.567903  0.734702  0.565176  0.628075  0.576214  0.674753  0.672274  0.536988  0.630913  0.620972  0.638511  0.502133  0.634424  0.608911  0.627734  0.508084  0.608324  0.657702  0.552968  0.710693  0.639195  0.606198  0.618552  0.569428  0.618326  0.473325  0.678920  0.616652  0.585221  0.578118  0.571692  0.640673  0.658079  0.696147  0.718311  0.583786  0.634872  0.557331  0.679576  0.622864  0.622795  0.702370  0.656535  0.682479  0.622607  0.535978  0.674207  0.709700  0.538874  0.416308  0.689083  0.532013  0.633274  0.645753  0.558155  0.523184  0.579551  0.549994  0.615132  0.616966  0.761045  0.713388  0.643924  0.550493  0.634788  0.594711  0.597695  0.632318  0.579018  0.642407  0.681126  0.618223  0.438344  0.557148  0.712832  0.572098  0.664907  0.602580  0.703624  0.723904  0.659366  0.550404  0.624070  0.577374  0.537995  0.582827  0.653225  0.668428  0.628003  0.665935  0.613674  0.612433  0.628682  0.469015  0.750597  0.556501  0.596212  0.511322  0.475502  0.574762  0.597563  0.442383  0.695621  0.587627  0.577091  0.474141  0.632910  0.666388  0.710641  0.579457  0.565078  0.736678  0.577128 
26  0.509165  0.820407  0.844040  0.372064  0.687047  0.594050  0.500395  0.282029  0.666866  0.557635  0.648552  0.536618  0.615858  0.589335  0.544000  0.669986  0.629554  0.654475  0.455597  0.515137  0.490364  0.473830  0.578785  0.634945  0.472746  0.622952 0.0  0.563244  0.570053  0.610548  0.544965  0.611003  0.366261  0.751640  0.904333  0.589403  0.697730  0.760377  0.688636  0.813203  0.767026  0.566636  0.548475  0.503217  0.682188  0.679246  0.469897  0.655872  0.515010  0.523880  0.553211  0.659630  0.552406  0.350637  0.720649  0.595348  0.485468  0.453982  0.653937  0.412461  0.479751  0.383209  0.659422  0.740723  0.638347  0.673556  0.523257  0.876558  0.628581  0.499099  0.517085  0.658926  0.587801  0.590685  0.610293  0.603556  0.591696  0.655267  0.716640  0.686423  0.294346  0.580311  0.597829  0.582819  0.467827  0.664286  0.457093  0.461900  0.642635  0.522802  0.687723  0.706798  0.496359  0.631614  0.488392  0.491772  0.512247  0.750650  0.574634  0.606720  0.674266  0.327106  0.610127  0.491790  0.586517  0.551284  0.475061  0.677006  0.711769  0.651865  0.472723  0.840089  0.732012  0.675010  0.617111  0.615809  0.552997  0.503686  0.562683  0.727880  0.727953  0.651146  0.733125  0.608237  0.545570  0.327378  0.625674  0.579290  0.663949  0.680248  0.428628  0.549964  0.505272  0.569949  0.684771  0.510737  0.446950  0.518665  0.529681  0.642704  0.385695  0.747552  0.581287  0.495325  0.652237  0.622027 
