146
0 0.0  0.798278  0.911319  0.461475  0.584806  0.531285  0.486273  0.489063  0.446117  0.585356  0.557026  0.674979  0.564053  0.546637  0.457648  0.655734  0.593800  0.532333  0.438940  0.428964  0.554754  0.544674  0.606013  0.837136  0.534133  0.595064  0.445943  0.516486  0.606946  0.671904  0.722826  0.600938  0.585564  0.587053  0.807253  0.524486  0.682590  0.708998  0.641538  0.646295  0.691342  0.406057  0.535383  0.565381  0.727910  0.587714  0.645934  0.452117  0.499363  0.578095  0.565028  0.598115  0.487067  0.546277  0.452785  0.425658  0.613519  0.485578  0.506863  0.606794  0.564358  0.612538  0.715016  0.622620  0.529344  0.517907  0.615527  0.780640  0.565207  0.496447  0.538753  0.555503  0.587526  0.496545  0.712140  0.524692  0.723872  0.572448  0.520857  0.853924  0.537506  0.338905  0.488869  0.579967  0.569039  0.597964  0.518680  0.728316  0.646835  0.465222  0.671656  0.693925  0.438088  0.643065  0.465135  0.384714  0.422315  0.731686  0.593707  0.379948  0.457577  0.515927  0.547870  0.522410  0.556443  0.458134  0.492011  0.550306  0.539947  0.646993  0.704928  0.604138  0.653449  0.555307  0.719523  0.524752  0.690236  0.390764  0.618560  0.823995  0.808775  0.618728  0.650668  0.722440  0.465053  0.508051  0.746343  0.448221  0.693779  0.718752  0.499270  0.492842  0.521288  0.517148  0.662040  0.489906  0.601289  0.549100  0.604142  0.620636  0.425954  0.650550  0.598605  0.545935  0.745265  0.549015 
1  0.798278 0.0  0.354496  0.715911  0.665252  0.850239  0.604052  0.626187  0.859188  0.582564  0.670242  0.561878  0.571642  0.575047  0.819065  0.497022  0.555345  0.593180  0.805975  0.648517  0.537243  0.728310  0.462326  0.412896  0.770751  0.534859  0.820759  0.546260  0.487207  0.648471  0.508670  0.710513  0.536803  0.547117  0.400651  0.333677  0.388778  0.597126  0.656670  0.583395  0.653145  0.899432  0.892288  0.824712  0.367145  0.827988  0.405772  0.690174  0.517871  0.532663  0.819113  0.555652  0.789041  0.786995  0.616690  0.722859  0.518147  0.771072  0.632003  0.634685  0.744878  0.660224  0.589890  0.631706  0.726220  0.594718  0.809431  0.343741  0.568047  0.778481  0.720750  0.546984  0.605952  0.635447  0.574484  0.679825  0.748467  0.683091  0.475607  0.403365  1.000000  0.743494  0.577429  0.426825  0.540328  0.544099  0.639061  0.596798  0.559351  0.508730  0.519328  0.462363  0.721583  0.587420  0.769616  0.742390  0.686555  0.459040  0.577093  0.656356  0.533985  0.508002  0.576045  0.728398  0.580472  0.616862  0.661060  0.502602  0.788108  0.499853  0.431920  0.607500  0.746330  0.601650  0.492351  0.617293  0.488463  0.739250  0.529285  0.487298  0.535368  0.578984  0.657088  0.388034  0.858886  0.667651  0.496322  0.683816  0.502016  0.512953  0.534630  0.547540  0.638297  0.614318  0.635710  0.614147  0.523865  0.544926  0.506588  0.592391  0.781253  0.659882  0.454529  0.629777  0.510633  0.458108 
2  0.911319  0.354496 0.0  0.842033  0.568854  0.820965  0.622376  0.764152  0.798243  0.600146  0.596941  0.475075  0.587228  0.624909  0.853459  0.471183  0.575315  0.489873  0.626088  0.684059  0.572485  0.576162  0.630544  0.414618  0.806420  0.586078  0.788700  0.830675  0.585472  0.609019  0.485858  0.696408  0.662279  0.521480  0.409787  0.574584  0.450829  0.681041  0.639196  0.680136  0.581221  0.819833  0.786309  0.605566  0.382018  0.769505  0.486014  0.717392  0.630820  0.534083  0.721903  0.468104  0.735996  0.707590  0.643550  0.747172  0.606586  0.663981  0.577426  0.618640  0.603520  0.622160  0.640009  0.570427  0.508649  0.756228  0.724196  0.407711  0.549094  0.679665  0.574274  0.772255  0.493783  0.792721  0.513892  0.678224  0.825069  0.671252  0.435340  0.410056  0.699034  0.787341  0.628086  0.616365  0.524186  0.480873  0.615852  0.556069  0.548369  0.600438  0.498660  0.555739  0.703216  0.496400  0.793564  0.728812  0.646221  0.477292  0.754548  0.640017  0.596436  0.585630  0.604366  0.727156  0.493600  0.694940  0.682780  0.522383  0.780499  0.433129  0.426103  0.668205  0.649527  0.601568  0.675125  0.664854  0.621450  0.779438  0.655959  0.332554  0.461437  0.538889  0.622561  0.441405  0.766960  0.660831  0.601649  0.608021  0.491940  0.549650  0.511768  0.577974  0.678581  0.618352  0.676441  0.567348  0.559923  0.613775  0.554574  0.511571  0.784692  0.585367  0.571528  0.595763  0.503817  0.526607 
3  0.461475  0.715911  0.842033 0.0  0.525060  0.450068  0.522857  0.414880  0.386041  0.562678  0.488727  0.491781  0.511694  0.548884  0.331309  0.502635  0.443454  0.533613  0.281928  0.524652  0.529294  0.561503  0.504378  0.640507  0.403565  0.564700  0.405303  0.660332  0.619006  0.603762  0.577735  0.556621  0.503345  0.557512  0.789221  0.445253  0.592906  0.602082  0.644518  0.614163  0.707920  0.370260  0.383368  0.333033  0.808590  0.386017  0.591021  0.349707  0.500167  0.431312  0.336969  0.519854  0.277864  0.482760  0.551973  0.459991  0.594066  0.271813  0.595901  0.477176  0.237254  0.532935  0.624488  0.658576  0.593887  0.344515  0.455842  0.590325  0.589383  0.460848  0.539845  0.583748  0.495879  0.397605  0.721227  0.369400  0.695144  0.610074  0.662532  0.649889  0.433220  0.431577  0.496746  0.629144  0.518666  0.560951  0.545252  0.592765  0.644928  0.449052  0.615538  0.734965  0.316744  0.622302  0.344035  0.423607  0.497852  0.756549  0.449940  0.540475  0.448826  0.501392  0.549527  0.525524  0.501397  0.516372  0.363022  0.769677  0.354306  0.627090  0.568838  0.765637  0.748572  0.616733  0.740551  0.455511  0.686917  0.281293  0.624219  0.691471  0.657572  0.612127  0.548534  0.522700  0.466057  0.430375  0.622891  0.471995  0.659260  0.728805  0.540311  0.524864  0.414566  0.560085  0.747827  0.573620  0.560719  0.503841  0.554809  0.771352  0.408164  0.584939  0.383175  0.475530  0.590384  0.539864 
4  0.584806  0.665252  0.568854  0.525060 0.0  0.506355  0.471133  0.557090  0.524820  0.530765  0.549570  0.595743  0.543329  0.580683  0.596011  0.568973  0.497244  0.369386  0.600155  0.500928  0.468413  0.464527  0.494662  0.569284  0.478133  0.509610  0.602585  0.426896  0.516330  0.434218  0.421595  0.461440  0.666625  0.474118  0.581216  0.491759  0.641061  0.481494  0.446377  0.705061  0.497934  0.529380  0.376363  0.491866  0.614112  0.613854  0.517940  0.497864  0.433943  0.596155  0.471478  0.544767  0.524357  0.489665  0.607525  0.535890  0.594098  0.548103  0.614757  0.604709  0.588591  0.674911  0.517344  0.563706  0.569776  0.462779  0.644875  0.532273  0.554950  0.646211  0.523420  0.528147  0.412155  0.597844  0.484077  0.468624  0.642420  0.687978  0.466212  0.656607  0.460803  0.647822  0.537833  0.506446  0.466290  0.463887  0.533093  0.519310  0.555058  0.529785  0.527832  0.594018  0.476673  0.549006  0.539453  0.455204  0.406162  0.644917  0.498917  0.661460  0.398408  0.536724  0.482736  0.516477  0.477240  0.521753  0.491360  0.563133  0.488615  0.652210  0.591300  0.429813  0.500946  0.362626  0.505793  0.402696  0.501187  0.505134  0.609376  0.420929  0.525303  0.342242  0.367778  0.463691  0.501673  0.625244  0.536921  0.372626  0.560814  0.558156  0.457729  0.540183  0.398001  0.417309  0.507564  0.595881  0.621489  0.560568  0.504638  0.597251  0.670704  0.406285  0.574075  0.606342  0.593158  0.555845 
5  0.531285  0.850239  0.820965  0.450068  0.506355 0.0  0.562605  0.542755  0.371337  0.541290  0.639978  0.639605  0.470618  0.617341  0.401791  0.639888  0.541526  0.642922  0.416265  0.484165  0.616081  0.631517  0.506321  0.750754  0.438491  0.533889  0.526518  0.667893  0.739535  0.653198  0.698771  0.496959  0.663571  0.724245  0.678986  0.692037  0.659657  0.549007  0.675823  0.546196  0.719760  0.422123  0.473707  0.401807  0.633583  0.385740  0.697486  0.412137  0.591035  0.633514  0.524380  0.624818  0.376863  0.592141  0.607134  0.549238  0.721819  0.472978  0.614241  0.690575  0.396596  0.524140  0.618624  0.674288  0.656655  0.371528  0.435174  0.683758  0.577829  0.543379  0.786231  0.586074  0.656650  0.388534  0.623212  0.467854  0.596635  0.559929  0.793095  0.699723  0.654614  0.551717  0.544363  0.697578  0.636499  0.625049  0.648254  0.521412  0.698551  0.596513  0.600711  0.668992  0.275859  0.831148  0.349115  0.372697  0.671016  0.607400  0.572061  0.622058  0.444550  0.647507  0.640893  0.446989  0.657850  0.596975  0.714077  0.760836  0.295197  0.628199  0.628248  0.644329  0.634394  0.453973  0.656124  0.600977  0.562939  0.378287  0.703463  0.817561  0.531080  0.736452  0.733111  0.664357  0.468039  0.599581  0.658923  0.510473  0.595089  0.763821  0.536852  0.644343  0.539117  0.517860  0.540871  0.620924  0.597625  0.599352  0.701956  0.686278  0.679829  0.760478  0.599936  0.800096  0.605682  0.570384 
6  0.486273  0.604052  0.622376  0.522857  0.471133  0.562605 0.0  0.428505  0.541296  0.495484  0.567924  0.561146  0.562709  0.576090  0.465382  0.504257  0.422485  0.554326  0.467305  0.443784  0.501235  0.518230  0.485910  0.605082  0.519154  0.496980  0.484442  0.469485  0.506513  0.535599  0.480115  0.554008  0.550561  0.606193  0.720120  0.534092  0.519552  0.581430  0.551690  0.660690  0.621239  0.536284  0.541106  0.479214  0.544719  0.590313  0.465302  0.444645  0.421420  0.499479  0.523212  0.578951  0.499918  0.535689  0.470907  0.438117  0.589826  0.565093  0.620696  0.577758  0.410127  0.491874  0.524007  0.548329  0.541598  0.566123  0.593621  0.597008  0.478036  0.510403  0.505592  0.582047  0.430367  0.435196  0.541580  0.479867  0.595227  0.571720  0.668765  0.613873  0.474510  0.616262  0.499304  0.538225  0.576310  0.514727  0.560447  0.526470  0.590946  0.497845  0.517067  0.681631  0.539236  0.669287  0.549663  0.608598  0.512745  0.564742  0.431997  0.403914  0.503584  0.509119  0.568109  0.482283  0.461755  0.445948  0.502937  0.665901  0.406618  0.605207  0.473057  0.564471  0.502831  0.525261  0.588791  0.612652  0.538590  0.505474  0.559218  0.601385  0.567689  0.511207  0.546820  0.505538  0.470351  0.548194  0.532184  0.540388  0.528332  0.594958  0.513706  0.588443  0.534117  0.539773  0.565189  0.568790  0.592611  0.547831  0.527899  0.546761  0.517298  0.586574  0.607874  0.564655  0.525581  0.656518 
7  0.489063  0.626187  0.764152  0.414880  0.557090  0.542755  0.428505 0.0  0.683127  0.601819  0.597394  0.465189  0.398205  0.580840  0.488850  0.450451  0.375707  0.630742  0.475869  0.421729  0.344727  0.481115  0.414389  0.545775  0.502275  0.466693  0.257155  0.553020  0.428382  0.469165  0.491943  0.557660  0.272905  0.461400  0.794086  0.356880  0.418909  0.517899  0.605706  0.582885  0.722427  0.492040  0.628030  0.498456  0.693149  0.580831  0.412852  0.490092  0.436072  0.390631  0.459555  0.479261  0.497617  0.371487  0.544422  0.391802  0.457369  0.415024  0.475224  0.357198  0.302842  0.225379  0.564656  0.558522  0.368626  0.510889  0.554222  0.600608  0.470999  0.391032  0.499781  0.645092  0.546655  0.473054  0.568988  0.426888  0.566088  0.458319  0.451801  0.593664  0.320042  0.602906  0.464473  0.602775  0.475291  0.522302  0.497384  0.536471  0.605303  0.397127  0.563010  0.706398  0.472173  0.514809  0.489559  0.544368  0.473165  0.621071  0.425290  0.417072  0.507521  0.282170  0.463611  0.259353  0.507993  0.510406  0.382807  0.682855  0.525734  0.565481  0.500012  0.628283  0.755456  0.580475  0.507576  0.491059  0.540319  0.438782  0.485409  0.609226  0.539281  0.599779  0.680276  0.470791  0.525607  0.228199  0.423012  0.486016  0.511135  0.479662  0.522208  0.458067  0.480598  0.473292  0.594108  0.509526  0.455039  0.431738  0.458391  0.575753  0.260323  0.639895  0.425496  0.351065  0.580721  0.437735 
8  0.446117  0.859188  0.798243  0.386041  0.524820  0.371337  0.541296  0.683127 0.0  0.550144  0.555300  0.581946  0.571874  0.717565  0.250357  0.653499  0.678533  0.578874  0.342850  0.457711  0.623506  0.563523  0.581193  0.691486  0.339085  0.593174  0.503378  0.589530  0.516333  0.516681  0.558451  0.684938  0.657032  0.603847  0.682972  0.720617  0.692567  0.712028  0.522458  0.608510  0.713484  0.333471  0.360353  0.395206  0.745682  0.298352  0.841191  0.400973  0.518112  0.584947  0.411507  0.597729  0.308926  0.498628  0.496841  0.520020  0.535740  0.489460  0.582538  0.693392  0.351133  0.580869  0.614473  0.590775  0.680420  0.375617  0.387437  0.779840  0.659693  0.542279  0.570722  0.584603  0.577495  0.461852  0.467525  0.461538  0.612320  0.489141  0.581170  0.725524  0.671702  0.515660  0.548992  0.725023  0.522468  0.584942  0.754391  0.583050  0.575439  0.550042  0.628849  0.630512  0.285323  0.758604  0.329966  0.398331  0.516619  0.722344  0.549868  0.621661  0.548330  0.505513  0.645988  0.607377  0.803959  0.619174  0.568284  0.637465  0.214031  0.652614  0.659545  0.508598  0.582312  0.469173  0.850921  0.546287  0.576044  0.410322  0.701955  0.788665  0.664931  0.591723  0.588300  0.694780  0.573109  0.498377  0.506571  0.535627  0.549684  0.730988  0.517473  0.502798  0.511003  0.414896  0.787423  0.552954  0.684750  0.584229  0.503340  0.605021  0.658476  0.749201  0.557445  0.609559  0.770687  0.808782 
9  0.585356  0.582564  0.600146  0.562678  0.530765  0.541290  0.495484  0.601819  0.550144 0.0  0.728962  0.321868  0.581336  0.728047  0.585721  0.421476  0.325200  0.359041  0.580791  0.525485  0.463233  0.492708  0.367553  0.529632  0.522036  0.502467  0.528040  0.561668  0.379414  0.479815  0.400298  0.583637  0.649777  0.549033  0.573057  0.470907  0.472729  0.514051  0.470904  0.720379  0.467766  0.669125  0.540602  0.530222  0.511898  0.435907  0.522252  0.555574  0.306976  0.427486  0.514877  0.570136  0.542969  0.546011  0.495470  0.446894  0.362703  0.597167  0.489185  0.535783  0.522905  0.591921  0.450946  0.405400  0.550000  0.507458  0.551532  0.465115  0.434185  0.512461  0.623033  0.571016  0.483388  0.649151  0.547779  0.626513  0.645273  0.504951  0.477177  0.587599  0.625863  0.512469  0.481497  0.523859  0.477714  0.425188  0.435747  0.459171  0.427495  0.461131  0.553088  0.475848  0.527144  0.558446  0.550351  0.471755  0.691555  0.540389  0.460454  0.494225  0.418294  0.480543  0.503894  0.520168  0.432275  0.537990  0.461139  0.411493  0.499694  0.585932  0.344355  0.382655  0.511254  0.308611  0.473877  0.582209  0.421584  0.644703  0.465093  0.626769  0.449848  0.429263  0.458840  0.365396  0.479696  0.596213  0.418813  0.538929  0.468828  0.555843  0.406682  0.512965  0.561232  0.374515  0.525645  0.533555  0.447575  0.585217  0.596009  0.446327  0.534483  0.466224  0.462423  0.426892  0.623259  0.523833 
10  0.557026  0.670242  0.596941  0.488727  0.549570  0.639978  0.567924  0.597394  0.555300  0.728962 0.0  0.536434  0.475803  0.550109  0.659843  0.595105  0.627437  0.647546  0.606628  0.554952  0.612477  0.555541  0.581190  0.587677  0.602401  0.682018  0.646437  0.686044  0.491275  0.535013  0.546901  0.575930  0.654982  0.638168  0.570200  0.565990  0.614960  0.626866  0.619119  0.515035  0.611934  0.601804  0.575780  0.593853  0.620470  0.606274  0.544422  0.578090  0.654058  0.573502  0.658186  0.553249  0.542185  0.535079  0.530367  0.526785  0.592686  0.615080  0.645243  0.668367  0.610221  0.565082  0.634766  0.652429  0.603083  0.587233  0.666575  0.650954  0.566885  0.565560  0.649035  0.532158  0.601373  0.554023  0.558558  0.513152  0.389902  0.580749  0.560150  0.543871  0.496444  0.634290  0.618043  0.581938  0.637755  0.604846  0.641238  0.574408  0.520461  0.623726  0.610574  0.668983  0.600736  0.610341  0.535893  0.564580  0.551025  0.757373  0.606033  0.578539  0.597304  0.603985  0.658158  0.648168  0.531834  0.638153  0.526787  0.572077  0.638005  0.586051  0.648545  0.612931  0.563039  0.493773  0.752022  0.555891  0.609037  0.502771  0.591782  0.629126  0.669466  0.542812  0.610613  0.517723  0.587001  0.570807  0.567537  0.619834  0.625654  0.614031  0.622447  0.626278  0.611908  0.667449  0.609493  0.581003  0.583644  0.628528  0.530357  0.688062  0.627302  0.559374  0.589394  0.525450  0.602978  0.573128 
11  0.674979  0.561878  0.475075  0.491781  0.595743  0.639605  0.561146  0.465189  0.581946  0.321868  0.536434 0.0  0.485374  0.601737  0.573083  0.457237  0.340974  0.404143  0.558167  0.559833  0.322732  0.583186  0.334398  0.410910  0.542923  0.514529  0.471054  0.468138  0.194027  0.475197  0.259304  0.602057  0.389203  0.342669  0.558817  0.379858  0.291300  0.461434  0.596862  0.608133  0.499368  0.599879  0.544764  0.507167  0.456160  0.542402  0.387800  0.660584  0.246827  0.409256  0.562497  0.407784  0.526769  0.461187  0.538126  0.420361  0.302660  0.649717  0.399124  0.536090  0.557103  0.468622  0.289878  0.557099  0.383330  0.666083  0.573362  0.505708  0.403964  0.415163  0.509882  0.647931  0.430486  0.649862  0.435205  0.572004  0.652447  0.537634  0.255468  0.526314  0.539563  0.600348  0.539839  0.368844  0.359644  0.388523  0.480478  0.404297  0.508285  0.398392  0.381751  0.479770  0.636639  0.439034  0.610360  0.565259  0.572904  0.601318  0.515654  0.514799  0.312409  0.494255  0.351203  0.492139  0.417016  0.598657  0.544861  0.483302  0.591341  0.417322  0.244993  0.464574  0.498674  0.371090  0.436385  0.540835  0.277473  0.628433  0.413748  0.538440  0.408958  0.406997  0.580467  0.367144  0.679486  0.422424  0.153894  0.582093  0.371943  0.415209  0.340480  0.392476  0.489374  0.293497  0.668707  0.670591  0.367886  0.359384  0.550133  0.344697  0.557512  0.549629  0.475850  0.326794  0.427781  0.332511 
12  0.564053  0.571642  0.587228  0.511694  0.543329  0.470618  0.562709  0.398205  0.571874  0.581336  0.475803  0.485374 0.0  0.515090  0.544109  0.480994  0.528481  0.486187  0.498950  0.594511  0.484236  0.504741  0.507924  0.556543  0.536005  0.607398  0.419724  0.509657  0.458426  0.655885  0.553449  0.563312  0.461090  0.480423  0.557059  0.519351  0.473850  0.506332  0.707090  0.622363  0.576630  0.554039  0.589173  0.431846  0.510335  0.512969  0.517485  0.563389  0.539235  0.480608  0.512582  0.593968  0.619141  0.445530  0.627298  0.565805  0.513535  0.525087  0.531170  0.564094  0.462795  0.474079  0.444426  0.540943  0.609967  0.528464  0.481555  0.516134  0.520582  0.493816  0.568883  0.644767  0.577984  0.533364  0.465810  0.629752  0.633115  0.691854  0.484615  0.564544  0.500566  0.587062  0.480148  0.530853  0.493758  0.393693  0.508850  0.452705  0.541044  0.555123  0.465252  0.595210  0.579020  0.500701  0.537703  0.582548  0.444941  0.623329  0.653825  0.477510  0.534162  0.484089  0.474100  0.508233  0.488088  0.497887  0.617587  0.660572  0.478253  0.604512  0.494416  0.653366  0.622778  0.620956  0.474145  0.542803  0.581977  0.452051  0.443093  0.593645  0.492606  0.619590  0.698905  0.512302  0.602033  0.502960  0.415184  0.516142  0.493364  0.571189  0.577435  0.527878  0.514140  0.609305  0.446937  0.559313  0.439626  0.542296  0.533197  0.495679  0.502369  0.652710  0.597255  0.494914  0.560258  0.566688 
13  0.546637  0.575047  0.624909  0.548884  0.580683  0.617341  0.576090  0.580840  0.717565  0.728047  0.550109  0.601737  0.515090 0.0  0.482707  0.542322  0.625007  0.650247  0.539647  0.640262  0.476285  0.670715  0.661981  0.664151  0.663579  0.577402  0.550536  0.689809  0.658592  0.534282  0.537426  0.618248  0.647239  0.588858  0.544361  0.626919  0.655497  0.649685  0.620763  0.572318  0.725756  0.556848  0.592601  0.665778  0.526609  0.676348  0.637484  0.549452  0.597145  0.564069  0.526904  0.692609  0.562520  0.785273  0.527298  0.664315  0.549342  0.540888  0.719546  0.645367  0.546854  0.559817  0.581980  0.581056  0.684445  0.591753  0.659879  0.691685  0.533744  0.609993  0.540394  0.669702  0.558651  0.645927  0.714560  0.616787  0.696649  0.703781  0.661236  0.572804  0.484062  0.598370  0.470756  0.666618  0.632445  0.567813  0.486642  0.599457  0.584849  0.577815  0.615197  0.604231  0.708011  0.657664  0.549965  0.503399  0.645429  0.516196  0.562430  0.566524  0.655745  0.596580  0.584038  0.652953  0.513807  0.560931  0.545819  0.541240  0.512257  0.671300  0.448440  0.757837  0.704658  0.675560  0.610552  0.535010  0.630422  0.511448  0.531684  0.685730  0.695130  0.662806  0.505272  0.583080  0.535166  0.525674  0.672322  0.594383  0.621257  0.663370  0.541293  0.621613  0.633128  0.649950  0.676643  0.568764  0.614436  0.592309  0.566409  0.722139  0.605705  0.578983  0.635708  0.578804  0.585797  0.572597 
14  0.457648  0.819065  0.853459  0.331309  0.596011  0.401791  0.465382  0.488850  0.250357  0.585721  0.659843  0.573083  0.544109  0.482707 0.0  0.546161  0.587446  0.622567  0.361196  0.452906  0.622938  0.610601  0.552213  0.695867  0.423458  0.569196  0.481483  0.643736  0.585722  0.644852  0.591700  0.495583  0.499371  0.538233  0.825438  0.515990  0.600818  0.606632  0.612427  0.509942  0.813642  0.360050  0.409579  0.431860  0.664209  0.424391  0.631207  0.328267  0.473414  0.728415  0.350314  0.559776  0.268384  0.570920  0.460270  0.504106  0.601429  0.336549  0.677966  0.636825  0.268180  0.548330  0.580513  0.738031  0.584508  0.342377  0.513415  0.741867  0.552650  0.467451  0.611576  0.618763  0.518493  0.395117  0.587753  0.379620  0.660150  0.461910  0.767192  0.627462  0.619890  0.550888  0.563546  0.556719  0.556809  0.568429  0.520011  0.597343  0.719697  0.479579  0.765425  0.613174  0.232201  0.669128  0.305485  0.372788  0.474570  0.626862  0.579112  0.507024  0.479212  0.552030  0.637624  0.640601  0.511361  0.523344  0.515678  0.623922  0.296300  0.652560  0.544282  0.613136  0.690911  0.443499  0.829803  0.532094  0.680734  0.322609  0.549884  0.775149  0.698641  0.697102  0.505977  0.584260  0.406870  0.491415  0.575163  0.539005  0.636040  0.652813  0.499204  0.473730  0.454808  0.570665  0.775517  0.539868  0.564027  0.464214  0.591864  0.732031  0.564661  0.661635  0.469258  0.475122  0.737345  0.394866 
15  0.655734  0.497022  0.471183  0.502635  0.568973  0.639888  0.504257  0.450451  0.653499  0.421476  0.595105  0.457237  0.480994  0.542322  0.546161 0.0  0.419360  0.587385  0.610362  0.548360  0.451653  0.523639  0.476338  0.472478  0.533971  0.585801  0.588999  0.557222  0.430657  0.554026  0.518007  0.494997  0.623904  0.470196  0.460850  0.494275  0.440181  0.648878  0.425578  0.578420  0.621088  0.572936  0.711751  0.660268  0.461276  0.687629  0.399270  0.516952  0.425828  0.427915  0.603092  0.421908  0.621799  0.540055  0.771095  0.538777  0.489036  0.731304  0.676343  0.619181  0.497638  0.455231  0.390088  0.507699  0.502806  0.666869  0.694193  0.514389  0.393332  0.475081  0.494073  0.529730  0.449858  0.601323  0.506646  0.550627  0.683566  0.557083  0.394749  0.460928  0.640537  0.580638  0.550939  0.419762  0.370729  0.396573  0.520446  0.412776  0.568307  0.468804  0.457107  0.547235  0.520397  0.407982  0.609872  0.622235  0.494668  0.548421  0.428678  0.474040  0.540306  0.575934  0.503206  0.555592  0.546462  0.589354  0.583369  0.569690  0.562503  0.449056  0.428553  0.494237  0.341859  0.476785  0.517417  0.557560  0.538990  0.759063  0.492610  0.498333  0.484547  0.535557  0.437943  0.401031  0.628229  0.544526  0.424274  0.590575  0.534944  0.453181  0.435048  0.566756  0.526887  0.416442  0.397780  0.500166  0.482815  0.510359  0.582022  0.597761  0.684505  0.501016  0.459334  0.357005  0.509378  0.401384 
16  0.593800  0.555345  0.575315  0.443454  0.497244  0.541526  0.422485  0.375707  0.678533  0.325200  0.627437  0.340974  0.528481  0.625007  0.587446  0.419360 0.0  0.419123  0.454665  0.500712  0.437548  0.598108  0.345793  0.504631  0.606413  0.509756  0.474034  0.497375  0.333976  0.541089  0.361054  0.488636  0.406485  0.362643  0.536258  0.305956  0.439527  0.476930  0.558489  0.605310  0.450912  0.558835  0.534006  0.562669  0.560774  0.474305  0.439507  0.461799  0.362096  0.292427  0.486974  0.457070  0.647456  0.440881  0.585992  0.468095  0.371075  0.532943  0.473142  0.578915  0.443588  0.453049  0.388826  0.443939  0.420512  0.520138  0.597939  0.483036  0.391740  0.464440  0.464875  0.544171  0.443627  0.593349  0.471929  0.481109  0.755261  0.633006  0.373478  0.554261  0.505870  0.717917  0.565683  0.342441  0.418246  0.457005  0.473354  0.484233  0.424144  0.430441  0.471486  0.528181  0.549181  0.401963  0.539912  0.535617  0.380054  0.580338  0.379874  0.455900  0.339434  0.418215  0.478624  0.473568  0.395943  0.470088  0.541412  0.431126  0.584092  0.537283  0.414885  0.505456  0.617707  0.371499  0.501254  0.500658  0.460387  0.530716  0.479946  0.448137  0.357621  0.438215  0.539156  0.321967  0.568900  0.444268  0.398452  0.591664  0.467244  0.503250  0.438821  0.420307  0.541368  0.384670  0.481909  0.527902  0.465691  0.467750  0.563328  0.369822  0.487830  0.644167  0.444083  0.429855  0.515918  0.365477 
17  0.532333  0.593180  0.489873  0.533613  0.369386  0.642922  0.554326  0.630742  0.578874  0.359041  0.647546  0.404143  0.486187  0.650247  0.622567  0.587385  0.419123 0.0  0.616716  0.652203  0.376551  0.654097  0.328107  0.488760  0.575258  0.498488  0.483231  0.484777  0.341893  0.480164  0.371786  0.528934  0.541902  0.468370  0.458708  0.398787  0.417477  0.357704  0.579614  0.673805  0.394639  0.821847  0.576282  0.539615  0.630446  0.524401  0.455919  0.710846  0.434551  0.374642  0.626698  0.587521  0.585281  0.417922  0.631167  0.560750  0.448866  0.585023  0.465371  0.590086  0.607351  0.553946  0.513266  0.491714  0.411983  0.518808  0.545193  0.416933  0.502793  0.497477  0.436243  0.742431  0.470832  0.674462  0.442845  0.527956  0.582575  0.551267  0.405203  0.503979  0.531258  0.688092  0.494958  0.448796  0.411077  0.461890  0.424844  0.453644  0.428915  0.513305  0.421935  0.438349  0.553757  0.485437  0.548237  0.570308  0.546969  0.474147  0.523006  0.678762  0.518748  0.614354  0.451452  0.533420  0.433287  0.471827  0.603979  0.447125  0.531289  0.393296  0.454023  0.497229  0.484359  0.468207  0.353062  0.477760  0.384981  0.614810  0.519027  0.551108  0.476222  0.493545  0.529403  0.460019  0.631585  0.585043  0.404028  0.441640  0.377615  0.412834  0.400619  0.462720  0.563964  0.491562  0.558176  0.571391  0.561141  0.383038  0.575608  0.440182  0.539925  0.438743  0.511695  0.441219  0.578694  0.430991 
18  0.438940  0.805975  0.626088  0.281928  0.600155  0.416265  0.467305  0.475869  0.342850  0.580791  0.606628  0.558167  0.498950  0.539647  0.361196  0.610362  0.454665  0.616716 0.0  0.459056  0.529815  0.552905  0.605564  0.727284  0.425277  0.465087  0.403172  0.524111  0.523787  0.717331  0.643741  0.636102  0.552024  0.687481  0.637390  0.494128  0.738747  0.573158  0.673515  0.641511  0.626708  0.311326  0.389676  0.386298  0.685530  0.355185  0.625642  0.362196  0.518230  0.563028  0.380154  0.598567  0.274986  0.493104  0.567477  0.489242  0.611544  0.378379  0.559882  0.548242  0.315174  0.591539  0.607869  0.626756  0.457075  0.281974  0.477981  0.661903  0.459940  0.458830  0.385275  0.672138  0.605769  0.428143  0.729965  0.449817  0.690680  0.560950  0.686550  0.750233  0.441067  0.446772  0.476351  0.592710  0.570401  0.534490  0.488762  0.525702  0.627486  0.483184  0.667173  0.614015  0.283545  0.555402  0.348466  0.439686  0.487006  0.657554  0.546401  0.479937  0.558017  0.387109  0.544883  0.452629  0.477043  0.408825  0.395167  0.717256  0.351181  0.647707  0.635252  0.566702  0.793682  0.593049  0.668466  0.516143  0.602772  0.266905  0.550522  0.693776  0.535993  0.703870  0.666296  0.613411  0.463169  0.431355  0.583456  0.460920  0.539900  0.795291  0.535220  0.516855  0.464308  0.617730  0.734008  0.490799  0.507880  0.626012  0.542060  0.655358  0.460047  0.681130  0.485662  0.576538  0.746818  0.527798 
19  0.428964  0.648517  0.684059  0.524652  0.500928  0.484165  0.443784  0.421729  0.457711  0.525485  0.554952  0.559833  0.594511  0.640262  0.452906  0.548360  0.500712  0.652203  0.459056 0.0  0.487173  0.458594  0.539672  0.631884  0.434373  0.604075  0.426189  0.445530  0.589923  0.516523  0.535001  0.549335  0.519063  0.587580  0.769020  0.485107  0.566060  0.539478  0.508182  0.609159  0.588326  0.489812  0.524596  0.493114  0.637683  0.487040  0.485883  0.450750  0.538465  0.616452  0.438650  0.548151  0.447074  0.530318  0.427706  0.501699  0.530467  0.524881  0.517925  0.546535  0.525221  0.610167  0.504087  0.557930  0.421627  0.389009  0.499742  0.552400  0.484368  0.423976  0.519374  0.606560  0.434142  0.469909  0.585021  0.439482  0.588475  0.589174  0.476195  0.633198  0.500749  0.540769  0.599288  0.647861  0.526430  0.547174  0.598203  0.567177  0.568335  0.557836  0.592176  0.617985  0.442571  0.631033  0.433214  0.463325  0.579139  0.607046  0.478902  0.417298  0.554173  0.457772  0.541844  0.559833  0.519270  0.452544  0.491075  0.629780  0.405263  0.653365  0.478563  0.544336  0.639297  0.385474  0.643309  0.391931  0.503241  0.419811  0.525720  0.616316  0.615330  0.536522  0.544294  0.552131  0.480500  0.596142  0.449002  0.506783  0.494417  0.610056  0.518877  0.493413  0.422203  0.429907  0.516210  0.497339  0.627978  0.448817  0.485425  0.480517  0.545881  0.617608  0.531814  0.498930  0.642716  0.455274 
20  0.554754  0.537243  0.572485  0.529294  0.468413  0.616081  0.501235  0.344727  0.623506  0.463233  0.612477  0.322732  0.484236  0.476285  0.622938  0.451653  0.437548  0.376551  0.529815  0.487173 0.0  0.571499  0.315310  0.471308  0.495406  0.622895  0.432652  0.469889  0.306667  0.594694  0.362146  0.606009  0.443767  0.496360  0.561875  0.333362  0.295188  0.404282  0.517647  0.660191  0.364051  0.500790  0.600579  0.570032  0.508657  0.653254  0.315890  0.605761  0.308303  0.329062  0.515914  0.411196  0.632152  0.542780  0.612663  0.536963  0.445270  0.548169  0.505599  0.495470  0.428664  0.440599  0.302784  0.535954  0.375062  0.641777  0.578339  0.447548  0.399263  0.401427  0.515993  0.574757  0.373777  0.514138  0.418962  0.528694  0.735806  0.642900  0.345912  0.566424  0.571135  0.580523  0.469723  0.403023  0.296402  0.349588  0.460064  0.443722  0.432383  0.445281  0.438283  0.500726  0.660660  0.503743  0.542396  0.583902  0.471901  0.533574  0.370023  0.439489  0.394820  0.414626  0.474540  0.525354  0.488241  0.513635  0.464079  0.516149  0.612017  0.433441  0.335978  0.667110  0.587309  0.362731  0.406743  0.462918  0.323354  0.569818  0.404840  0.479165  0.478724  0.414826  0.544756  0.334585  0.483117  0.400996  0.272782  0.550275  0.502354  0.413426  0.374624  0.430844  0.523769  0.402632  0.466984  0.547140  0.478149  0.344901  0.513902  0.434042  0.442246  0.569762  0.466908  0.360411  0.468071  0.336274 
21  0.544674  0.728310  0.576162  0.561503  0.464527  0.631517  0.518230  0.481115  0.563523  0.492708  0.555541  0.583186  0.504741  0.670715  0.610601  0.523639  0.598108  0.654097  0.552905  0.458594  0.571499 0.0  0.577202  0.585387  0.591975  0.554060  0.519479  0.548598  0.604557  0.547347  0.563439  0.682261  0.568162  0.467516  0.508530  0.536864  0.634947  0.517379  0.503674  0.580366  0.491994  0.647245  0.679946  0.596762  0.653911  0.430998  0.417638  0.519814  0.570131  0.504986  0.513077  0.552299  0.559247  0.519450  0.520830  0.531313  0.495849  0.586456  0.491477  0.502877  0.542585  0.542403  0.649364  0.504365  0.543863  0.491845  0.589211  0.454105  0.477051  0.494466  0.581008  0.493570  0.597941  0.484658  0.495843  0.536488  0.714558  0.647036  0.488417  0.607772  0.574063  0.548378  0.518534  0.530642  0.485591  0.558575  0.587939  0.626897  0.443871  0.559282  0.568390  0.435834  0.651156  0.564671  0.545196  0.540917  0.602871  0.474702  0.486037  0.450767  0.585812  0.536375  0.441020  0.541211  0.505437  0.512910  0.555566  0.612400  0.539956  0.469945  0.529709  0.639188  0.785403  0.488490  0.613238  0.520289  0.470394  0.539120  0.586690  0.498393  0.550705  0.635721  0.470553  0.559039  0.523437  0.564058  0.534014  0.598249  0.591185  0.575722  0.551265  0.530607  0.539942  0.614065  0.645982  0.666268  0.560579  0.588231  0.555160  0.588584  0.552748  0.660251  0.518709  0.574264  0.589235  0.599808 
22  0.606013  0.462326  0.630544  0.504378  0.494662  0.506321  0.485910  0.414389  0.581193  0.367553  0.581190  0.334398  0.507924  0.661981  0.552213  0.476338  0.345793  0.328107  0.605564  0.539672  0.315310  0.577202 0.0  0.388097  0.523329  0.511671  0.404338  0.470445  0.250602  0.447097  0.336178  0.574345  0.387399  0.403486  0.490646  0.383392  0.251993  0.369913  0.675435  0.537581  0.450590  0.631111  0.713630  0.549115  0.422832  0.621208  0.362510  0.548897  0.201948  0.340223  0.563123  0.390673  0.509448  0.526035  0.516524  0.585009  0.252206  0.608932  0.387371  0.497903  0.401427  0.377962  0.281944  0.365519  0.331609  0.538172  0.475361  0.431660  0.473603  0.425721  0.501284  0.524242  0.416270  0.525036  0.389752  0.500086  0.745800  0.497319  0.341042  0.451947  0.535610  0.604882  0.387310  0.471151  0.351341  0.431007  0.552198  0.379747  0.396918  0.413181  0.418268  0.510309  0.608949  0.631366  0.541808  0.502641  0.424073  0.544305  0.418530  0.471070  0.367966  0.439317  0.299406  0.403434  0.462569  0.551445  0.580430  0.512447  0.499878  0.529062  0.284864  0.522278  0.791877  0.456317  0.434943  0.493132  0.352529  0.661148  0.461699  0.489482  0.394078  0.496851  0.519675  0.379198  0.586253  0.444955  0.242853  0.480276  0.340854  0.301920  0.429577  0.435287  0.552800  0.301153  0.548821  0.525980  0.408443  0.498262  0.573681  0.391008  0.480977  0.656857  0.451333  0.395844  0.538734  0.301592 
23  0.837136  0.412896  0.414618  0.640507  0.569284  0.750754  0.605082  0.545775  0.691486  0.529632  0.587677  0.410910  0.556543  0.664151  0.695867  0.472478  0.504631  0.488760  0.727284  0.631884  0.471308  0.585387  0.388097 0.0  0.642732  0.590983  0.571979  0.527381  0.427126  0.493042  0.426050  0.615696  0.477988  0.318975  0.466815  0.374799  0.312070  0.415913  0.647777  0.552033  0.527473  0.848711  0.727940  0.687777  0.357280  0.656491  0.343989  0.868278  0.363445  0.510164  0.696126  0.486647  0.694847  0.660323  0.631481  0.826817  0.395710  0.761860  0.460254  0.672409  0.618749  0.550896  0.529513  0.477373  0.519590  0.594258  0.710063  0.284354  0.492180  0.499443  0.573184  0.621241  0.505547  0.693928  0.425546  0.717980  0.729103  0.682839  0.333060  0.311252  0.673150  0.686886  0.572912  0.503080  0.528145  0.438440  0.554703  0.568325  0.485966  0.485123  0.430690  0.518103  0.692798  0.442123  0.721813  0.737596  0.543190  0.440483  0.541769  0.628669  0.419897  0.656394  0.393503  0.530625  0.366603  0.635727  0.614809  0.557813  0.623866  0.428887  0.337481  0.481760  0.622628  0.512585  0.388231  0.583795  0.480533  0.743736  0.574075  0.409079  0.385905  0.508717  0.601568  0.375280  0.677837  0.569337  0.463701  0.695162  0.360947  0.304362  0.586339  0.476175  0.598742  0.472485  0.678210  0.680141  0.447546  0.589222  0.587747  0.591946  0.636312  0.664367  0.457045  0.478658  0.636512  0.271416 
24  0.534133  0.770751  0.806420  0.403565  0.478133  0.438491  0.519154  0.502275  0.339085  0.522036  0.602401  0.542923  0.536005  0.663579  0.423458  0.533971  0.606413  0.575258  0.425277  0.434373  0.495406  0.591975  0.523329  0.642732 0.0  0.507406  0.466345  0.555143  0.423982  0.465294  0.513609  0.683746  0.597312  0.498666  0.741819  0.585822  0.540319  0.585740  0.498012  0.624838  0.657191  0.482644  0.304164  0.374374  0.677037  0.283420  0.570727  0.398363  0.528791  0.631068  0.388254  0.600422  0.417694  0.420592  0.500107  0.474233  0.641351  0.356569  0.619048  0.663958  0.415097  0.624715  0.523890  0.642946  0.524108  0.409899  0.395568  0.588189  0.623270  0.497170  0.591383  0.562183  0.610333  0.455686  0.597841  0.475060  0.509039  0.670030  0.586810  0.742014  0.518026  0.518494  0.547482  0.672050  0.588357  0.616420  0.556489  0.597586  0.630390  0.602711  0.507718  0.658277  0.361414  0.703797  0.325403  0.537967  0.503855  0.719657  0.590183  0.664650  0.524950  0.643526  0.614891  0.480921  0.566563  0.582787  0.489621  0.678830  0.286518  0.616527  0.544150  0.417382  0.525136  0.549891  0.566006  0.585237  0.537684  0.418073  0.680878  0.794540  0.559672  0.552460  0.588498  0.642340  0.624900  0.577459  0.574273  0.465570  0.505500  0.591457  0.519520  0.557587  0.452143  0.477082  0.619971  0.564098  0.590335  0.721692  0.568837  0.486761  0.552350  0.583011  0.530290  0.643253  0.859552  0.633917 
25  0.595064  0.534859  0.586078  0.564700  0.509610  0.533889  0.496980  0.466693  0.593174  0.502467  0.682018  0.514529  0.607398  0.577402  0.569196  0.585801  0.509756  0.498488  0.465087  0.604075  0.622895  0.554060  0.511671  0.590983  0.507406 0.0  0.481798  0.510771  0.584664  0.516217  0.600166  0.524271  0.486349  0.501763  0.555253  0.523912  0.617272  0.504483  0.633448  0.574943  0.496252  0.468882  0.496936  0.575754  0.551752  0.485718  0.543352  0.547202  0.567186  0.513779  0.510598  0.500429  0.559039  0.470805  0.647934  0.568263  0.455326  0.526991  0.514242  0.648187  0.549546  0.524762  0.561488  0.523709  0.606138  0.560154  0.620245  0.629630  0.621243  0.487536  0.506078  0.599323  0.563731  0.565441  0.564655  0.551666  0.606547  0.618877  0.577802  0.432920  0.631634  0.573331  0.591232  0.473369  0.595915  0.528020  0.631508  0.559871  0.521230  0.486901  0.581714  0.562117  0.599131  0.565910  0.557628  0.553690  0.548716  0.566387  0.562177  0.492580  0.594011  0.561012  0.476524  0.514143  0.505366  0.569013  0.514486  0.524336  0.444272  0.504188  0.602610  0.652920  0.650560  0.556780  0.546991  0.510268  0.516780  0.518035  0.505978  0.589646  0.597830  0.465627  0.579260  0.481931  0.587258  0.490202  0.549752  0.551106  0.518453  0.709421  0.511306  0.521598  0.514877  0.487913  0.402287  0.662290  0.567861  0.613573  0.568694  0.639482  0.503146  0.579221  0.588493  0.628329  0.592169  0.590760 
26  0.445943  0.820759  0.788700  0.405303  0.602585  0.526518  0.484442  0.257155  0.503378  0.528040  0.646437  0.471054  0.419724  0.550536  0.481483  0.588999  0.474034  0.483231  0.403172  0.426189  0.432652  0.519479  0.404338  0.571979  0.466345  0.481798 0.0  0.507865  0.513716  0.633720  0.598047  0.550921  0.385590  0.551167  0.724530  0.451896  0.599888  0.606921  0.650624  0.582881  0.685021  0.596774  0.557110  0.459047  0.743702  0.546642  0.509308  0.608231  0.527311  0.455189  0.388477  0.547942  0.415554  0.353873  0.576464  0.536355  0.551508  0.444660  0.661231  0.328791  0.403922  0.320696  0.562160  0.626747  0.415212  0.503752  0.613524  0.621010  0.492917  0.463559  0.574046  0.612377  0.661571  0.541166  0.563040  0.582932  0.534395  0.568782  0.474229  0.715707  0.318645  0.482148  0.439239  0.584612  0.466539  0.501118  0.551159  0.516879  0.564060  0.406195  0.591359  0.581281  0.447862  0.515164  0.501350  0.479360  0.523486  0.557804  0.476107  0.468957  0.570954  0.338434  0.623965  0.379667  0.446638  0.385431  0.528488  0.572454  0.495605  0.624061  0.580502  0.661405  0.753641  0.559813  0.557941  0.412733  0.513879  0.463316  0.490246  0.632451  0.527861  0.544898  0.630057  0.615872  0.470875  0.270597  0.499746  0.541530  0.597165  0.648585  0.389955  0.488099  0.465286  0.492650  0.566033  0.590043  0.524964  0.455270  0.503688  0.522810  0.319394  0.645045  0.517231  0.444812  0.726462  0.467548 
