146
0 0.0  0.819274  0.854528  0.476575  0.594609  0.497768  0.548276  0.412817  0.581609  0.664384  0.627640  0.632656  0.572126  0.622150  0.406509  0.626763  0.610166  0.660927  0.474118  0.492085  0.675804  0.553648  0.640537  0.712738  0.466994  0.667760  0.450025  0.603855  0.742771  0.634733  0.645251  0.568762  0.609644  0.620933  0.848461  0.587898  0.674284  0.662328  0.590945  0.726268  0.728180  0.498953  0.669972  0.613004  0.830957  0.540865  0.744374  0.557177  0.621744  0.644902  0.539529  0.565688  0.389529  0.526109  0.465012  0.408725  0.660709  0.467917  0.621938  0.701002  0.455433  0.736211  0.742507  0.644164  0.604536  0.572486  0.648674  0.742860  0.609621  0.565917  0.490889  0.641636  0.665792  0.651986  0.724294  0.607908  0.637799  0.656474  0.633476  0.780219  0.590149  0.535822  0.509848  0.633973  0.581614  0.638176  0.730983  0.683263  0.723443  0.462858  0.711877  0.713423  0.406238  0.662070  0.509335  0.431348  0.431686  0.647874  0.597740  0.430631  0.549809  0.482754  0.606950  0.576868  0.629866  0.495079  0.486076  0.743566  0.428599  0.792966  0.690983  0.761738  0.698915  0.589019  0.723116  0.556179  0.646774  0.501175  0.780444  0.763606  0.691667  0.702447  0.705051  0.700623  0.375384  0.599029  0.677441  0.484777  0.717781  0.878733  0.616824  0.526776  0.469230  0.578090  0.747571  0.620759  0.586856  0.538850  0.519790  0.605576  0.498871  0.648832  0.645454  0.626169  0.749924  0.648525 
1  0.819274 0.0  0.450726  0.727613  0.587063  0.789611  0.706582  0.753882  0.851280  0.557712  0.638542  0.469410  0.593079  0.579588  0.738476  0.653551  0.556150  0.548631  0.876752  0.697199  0.556473  0.624419  0.526039  0.433139  0.699711  0.513394  0.790593  0.652815  0.593103  0.650180  0.624365  0.765986  0.622455  0.490969  0.502436  0.501461  0.450577  0.535865  0.774446  0.567309  0.619204  0.851444  0.778000  0.775992  0.425380  0.799297  0.445299  0.753736  0.643338  0.553087  0.750931  0.614012  0.787996  0.737025  0.752822  0.673077  0.501309  0.889768  0.681073  0.680941  0.856213  0.727184  0.656166  0.720718  0.645436  0.655499  0.707637  0.503996  0.518455  0.620647  0.671772  0.784460  0.625533  0.672037  0.509399  0.777797  0.887989  0.740989  0.521014  0.494261  0.856965  0.634626  0.771624  0.448927  0.601168  0.470065  0.718130  0.552415  0.523210  0.577860  0.489539  0.392770  0.963820  0.603612  0.804672  0.654044  0.625539  0.435852  0.677205  0.644579  0.553446  0.673413  0.576943  0.588535  0.618142  0.765662  0.655312  0.573355  0.767702  0.400306  0.507343  0.665667  0.695163  0.633930  0.428563  0.570553  0.608223  0.836702  0.597798  0.461949  0.549424  0.732073  0.759814  0.452362  0.815673  0.466565  0.509261  0.755344  0.544608  0.505718  0.536272  0.697074  0.652070  0.707241  0.674174  0.560359  0.737714  0.685176  0.592559  0.684159  0.740398  0.611448  0.368189  0.713504  0.565978  0.640715 
2  0.854528  0.450726 0.0  0.767011  0.774281  0.743324  0.634029  0.730189  0.864491  0.753093  0.566342  0.573810  0.665100  0.605615  0.815160  0.530789  0.672842  0.562164  0.797953  0.649025  0.609966  0.572679  0.686204  0.460767  0.732936  0.528870  0.720812  0.713706  0.630320  0.602402  0.552948  0.747811  0.697536  0.469041  0.480935  0.534284  0.431199  0.703684  0.543187  0.565340  0.644063  0.774315  0.743823  0.852768  0.484318  0.731741  0.522121  0.788365  0.599966  0.623793  0.696147  0.556225  0.838787  0.804377  0.714319  0.748271  0.618826  0.880427  0.681519  0.649939  0.757166  0.677876  0.535505  0.595810  0.554729  0.790011  0.765230  0.478740  0.553691  0.726481  0.598707  0.697635  0.649217  0.711318  0.475004  0.678314  0.806385  0.723947  0.477870  0.427852  0.755645  0.802296  0.611829  0.628905  0.672662  0.502705  0.631630  0.546080  0.631390  0.526564  0.606712  0.550306  0.842012  0.559043  0.761520  0.739044  0.672435  0.430402  0.736200  0.736019  0.591311  0.625085  0.673133  0.772539  0.562189  0.840458  0.723849  0.536691  0.779071  0.472657  0.548099  0.642627  0.605193  0.668038  0.575016  0.651364  0.645966  0.840215  0.536894  0.315293  0.540456  0.647643  0.620996  0.385660  0.753216  0.638368  0.609149  0.701381  0.537867  0.607381  0.614872  0.597157  0.702141  0.588796  0.671495  0.644042  0.619691  0.706371  0.675974  0.706963  0.814044  0.691635  0.544869  0.613064  0.486651  0.661431 
3  0.476575  0.727613  0.767011 0.0  0.630280  0.465119  0.497916  0.482975  0.456553  0.498738  0.576644  0.649680  0.618613  0.634051  0.302045  0.577405  0.451911  0.552246  0.306621  0.526697  0.574254  0.670816  0.519147  0.729737  0.433953  0.540480  0.356079  0.564232  0.618619  0.665373  0.663115  0.711580  0.587858  0.570074  0.675254  0.463428  0.701998  0.705052  0.716025  0.642150  0.751264  0.461897  0.320183  0.320464  0.735035  0.374212  0.586652  0.433033  0.565680  0.545088  0.453038  0.610668  0.333507  0.540466  0.638888  0.529035  0.665066  0.236238  0.701515  0.659898  0.243193  0.402315  0.668704  0.637140  0.570541  0.391658  0.413339  0.630962  0.580878  0.413777  0.544876  0.569072  0.405209  0.369651  0.738513  0.420978  0.832877  0.720280  0.618688  0.869448  0.452414  0.516128  0.438786  0.657977  0.529556  0.579184  0.664274  0.656067  0.696552  0.443697  0.682501  0.735472  0.370532  0.701353  0.352899  0.576884  0.467516  0.661260  0.436416  0.563695  0.588838  0.519295  0.579070  0.487406  0.558333  0.542101  0.585111  0.764460  0.390078  0.686852  0.615404  0.689647  0.860209  0.564054  0.762511  0.540631  0.742773  0.220993  0.592554  0.597865  0.503106  0.619172  0.700806  0.625628  0.528866  0.399935  0.613066  0.562871  0.577270  0.687423  0.672936  0.546904  0.436970  0.445306  0.758000  0.518299  0.490710  0.544021  0.679811  0.752557  0.502247  0.809062  0.428700  0.508493  0.717973  0.475282 
4  0.594609  0.587063  0.774281  0.630280 0.0  0.639339  0.563964  0.647576  0.434623  0.546291  0.644553  0.493552  0.707988  0.638344  0.576016  0.539377  0.395083  0.392532  0.456034  0.499804  0.570051  0.458019  0.506604  0.564089  0.616723  0.646893  0.709120  0.535855  0.601009  0.486516  0.550570  0.512658  0.723240  0.491535  0.564529  0.666376  0.561371  0.594945  0.450629  0.654383  0.662970  0.637320  0.410726  0.479468  0.611567  0.571785  0.631564  0.537174  0.510559  0.384908  0.506513  0.511991  0.626847  0.619691  0.507730  0.594749  0.587608  0.583864  0.690561  0.649101  0.604294  0.670469  0.621253  0.585940  0.595811  0.538887  0.709179  0.657510  0.548859  0.584296  0.501738  0.495843  0.504543  0.600444  0.582654  0.493516  0.669657  0.591096  0.558206  0.520768  0.667063  0.571456  0.620409  0.632828  0.397631  0.582408  0.586153  0.530393  0.429464  0.496354  0.473383  0.629724  0.544906  0.610676  0.570648  0.518608  0.634591  0.745757  0.529757  0.732120  0.372957  0.546879  0.628462  0.607867  0.574910  0.532547  0.576072  0.571933  0.437100  0.629319  0.690247  0.446556  0.506748  0.443393  0.495961  0.371437  0.583372  0.596322  0.660926  0.537822  0.408540  0.383279  0.371811  0.524922  0.531331  0.673961  0.554375  0.527640  0.514688  0.554740  0.426272  0.532879  0.401674  0.440998  0.656347  0.632876  0.625508  0.603145  0.575394  0.551628  0.601419  0.425995  0.557961  0.565701  0.732986  0.528003 
5  0.497768  0.789611  0.743324  0.465119  0.639339 0.0  0.604328  0.598422  0.259218  0.560598  0.743743  0.661182  0.490621  0.603838  0.449899  0.685717  0.575614  0.645416  0.378016  0.606781  0.712727  0.654514  0.681765  0.794011  0.507254  0.664251  0.612456  0.659360  0.636921  0.624562  0.633637  0.664089  0.719570  0.679077  0.744351  0.529436  0.824105  0.663380  0.580350  0.667530  0.728488  0.345307  0.508083  0.448658  0.621369  0.377969  0.902363  0.401831  0.483050  0.741818  0.604902  0.662867  0.364328  0.744317  0.618839  0.585936  0.689381  0.503636  0.725939  0.656900  0.378228  0.732254  0.566886  0.753612  0.737919  0.314479  0.502579  0.630498  0.665010  0.461863  0.777434  0.680104  0.595772  0.366913  0.598029  0.539396  0.637990  0.575865  0.768122  0.714544  0.809405  0.658557  0.486134  0.767946  0.622674  0.624596  0.665201  0.554726  0.631926  0.646573  0.672863  0.761609  0.323516  0.681566  0.290777  0.416706  0.677843  0.741099  0.698811  0.673232  0.547720  0.608065  0.644754  0.449624  0.694421  0.724836  0.534717  0.667154  0.206569  0.873150  0.749951  0.666356  0.761756  0.522938  0.725388  0.604614  0.610603  0.441373  0.829633  0.636682  0.594750  0.695756  0.633841  0.646701  0.609488  0.671194  0.735439  0.563020  0.624817  0.790199  0.652340  0.638527  0.610300  0.508152  0.583329  0.546185  0.633403  0.571384  0.631889  0.706880  0.624389  0.681849  0.620987  0.703720  0.722322  0.689584 
6  0.548276  0.706582  0.634029  0.497916  0.563964  0.604328 0.0  0.453529  0.554660  0.492761  0.483603  0.635708  0.551659  0.538212  0.482304  0.498814  0.523620  0.577063  0.454966  0.492949  0.498045  0.666335  0.563363  0.541280  0.518210  0.569953  0.484910  0.547544  0.554102  0.648535  0.549913  0.537545  0.593268  0.516983  0.602593  0.554644  0.621027  0.583687  0.613566  0.651994  0.557439  0.501898  0.505671  0.530789  0.588054  0.507429  0.574101  0.508120  0.584991  0.588047  0.608948  0.551858  0.501869  0.499305  0.484891  0.511631  0.515006  0.549947  0.548046  0.654054  0.501674  0.550987  0.585286  0.597188  0.575021  0.695466  0.444429  0.711982  0.601492  0.620272  0.626500  0.543968  0.546193  0.553863  0.670945  0.522998  0.563666  0.652161  0.555012  0.643062  0.487593  0.569073  0.566859  0.575833  0.577616  0.506264  0.593241  0.552723  0.519162  0.592352  0.579413  0.664114  0.546700  0.704239  0.622159  0.522701  0.541843  0.616593  0.565855  0.531086  0.450191  0.536953  0.580565  0.608382  0.483512  0.533223  0.658617  0.528377  0.568420  0.627865  0.611152  0.507990  0.505853  0.508724  0.661657  0.491968  0.565074  0.566232  0.519030  0.698526  0.633580  0.675891  0.545184  0.593480  0.629521  0.511386  0.573425  0.566203  0.545289  0.569500  0.532721  0.520548  0.570841  0.456142  0.494579  0.510000  0.618075  0.521274  0.499948  0.666517  0.509043  0.562048  0.617162  0.589921  0.613242  0.451979 
7  0.412817  0.753882  0.730189  0.482975  0.647576  0.598422  0.453529 0.0  0.689939  0.575552  0.553311  0.457107  0.437540  0.529780  0.520667  0.477819  0.548819  0.626385  0.513191  0.565050  0.438778  0.441006  0.383476  0.600269  0.536781  0.697035  0.285863  0.586391  0.398317  0.680671  0.583355  0.656497  0.301835  0.574601  0.753390  0.387819  0.502075  0.548181  0.748175  0.692204  0.619880  0.588576  0.666880  0.570167  0.628119  0.590523  0.403820  0.441550  0.424762  0.477696  0.489528  0.600665  0.492373  0.435248  0.687369  0.506899  0.370463  0.424059  0.521445  0.447012  0.334611  0.298301  0.580676  0.611010  0.480054  0.485226  0.651893  0.570191  0.464925  0.415256  0.519087  0.641482  0.582134  0.533519  0.660340  0.578926  0.557544  0.627939  0.608571  0.624103  0.416212  0.501597  0.535455  0.587430  0.531524  0.479065  0.550209  0.624227  0.749423  0.472635  0.580675  0.674048  0.534152  0.570244  0.567553  0.556354  0.528396  0.592998  0.379980  0.476908  0.520483  0.294371  0.552184  0.247292  0.493784  0.495234  0.376914  0.621071  0.490306  0.619408  0.593902  0.658819  0.701630  0.595963  0.583453  0.541004  0.496933  0.444369  0.540100  0.643230  0.587218  0.618753  0.611495  0.533408  0.586174  0.218562  0.371841  0.501757  0.651576  0.449039  0.410827  0.516693  0.510125  0.578476  0.642733  0.527586  0.532365  0.508959  0.583892  0.502428  0.338680  0.632788  0.486632  0.486946  0.803759  0.313489 
8  0.581609  0.851280  0.864491  0.456553  0.434623  0.259218  0.554660  0.689939 0.0  0.618207  0.616569  0.588124  0.552465  0.666422  0.316715  0.744882  0.647239  0.611751  0.423605  0.533450  0.666824  0.533543  0.556802  0.683545  0.447324  0.564003  0.544571  0.603844  0.684769  0.565620  0.543672  0.664748  0.736873  0.587406  0.730718  0.767566  0.765917  0.696502  0.659137  0.676247  0.751076  0.334913  0.358637  0.366031  0.697678  0.404347  0.800843  0.298381  0.576292  0.710057  0.502403  0.606836  0.330043  0.448141  0.439861  0.465511  0.702519  0.468177  0.640255  0.678039  0.509129  0.639246  0.621415  0.750552  0.671818  0.335709  0.393984  0.667969  0.571002  0.618320  0.719487  0.565876  0.625467  0.429174  0.644295  0.353716  0.575994  0.572483  0.630179  0.742279  0.745348  0.418978  0.550662  0.766487  0.610730  0.625289  0.745396  0.680318  0.672341  0.608483  0.746535  0.724925  0.303651  0.760515  0.225598  0.468977  0.622824  0.689581  0.675216  0.726499  0.547172  0.601549  0.624622  0.504015  0.715253  0.648791  0.599784  0.626259  0.220639  0.796876  0.673652  0.547530  0.631165  0.481263  0.668696  0.577725  0.646069  0.378336  0.726961  0.812586  0.582044  0.488163  0.496893  0.629367  0.641781  0.730732  0.688294  0.486441  0.486933  0.765346  0.554591  0.585300  0.476120  0.427136  0.704072  0.566485  0.668578  0.663516  0.606429  0.606789  0.683596  0.720303  0.662217  0.614181  0.773443  0.718722 
9  0.664384  0.557712  0.753093  0.498738  0.546291  0.560598  0.492761  0.575552  0.618207 0.0  0.595065  0.358835  0.584220  0.598658  0.676233  0.433288  0.284492  0.423979  0.684358  0.532567  0.601926  0.469662  0.335120  0.630366  0.601450  0.493419  0.377321  0.459853  0.497019  0.461585  0.404147  0.692411  0.537898  0.546794  0.488389  0.581134  0.628473  0.575264  0.569208  0.640361  0.564191  0.732078  0.583670  0.530143  0.477827  0.521415  0.505110  0.510854  0.295109  0.363122  0.509051  0.564593  0.597391  0.478355  0.549749  0.430019  0.452667  0.570184  0.569313  0.486960  0.621503  0.490520  0.492782  0.447551  0.556835  0.628602  0.612327  0.428189  0.506541  0.545299  0.519374  0.626472  0.502299  0.599775  0.527196  0.526470  0.692070  0.601765  0.527601  0.651854  0.681053  0.488750  0.517709  0.529137  0.382826  0.381335  0.553328  0.467433  0.485914  0.568104  0.596245  0.552536  0.624295  0.527442  0.587825  0.511633  0.661441  0.534920  0.508076  0.529635  0.416148  0.576084  0.600299  0.557828  0.497420  0.424554  0.477556  0.381579  0.396089  0.547037  0.474514  0.458031  0.568337  0.215722  0.519753  0.604726  0.423841  0.701789  0.526673  0.603867  0.494960  0.403712  0.540494  0.453782  0.668378  0.608236  0.364736  0.636759  0.510404  0.656676  0.546531  0.578424  0.572262  0.499729  0.554544  0.521467  0.456264  0.527106  0.559983  0.466774  0.555083  0.619442  0.507428  0.573580  0.563094  0.471354 
10  0.627640  0.638542  0.566342  0.576644  0.644553  0.743743  0.483603  0.553311  0.616569  0.595065 0.0  0.569956  0.665475  0.659329  0.490858  0.562750  0.733707  0.665148  0.692533  0.672642  0.629743  0.720690  0.697173  0.683978  0.701362  0.563032  0.566663  0.584974  0.631355  0.660454  0.583608  0.603512  0.671001  0.651967  0.662693  0.705893  0.618444  0.732359  0.587443  0.685638  0.596017  0.618678  0.588325  0.662213  0.642585  0.700538  0.583097  0.562181  0.763131  0.600785  0.735175  0.620952  0.682449  0.604618  0.601587  0.602292  0.610737  0.578913  0.626574  0.664165  0.542781  0.732145  0.699375  0.729243  0.724916  0.609605  0.590983  0.650985  0.617060  0.735326  0.618854  0.544199  0.645515  0.639231  0.613407  0.623477  0.594736  0.597716  0.566169  0.635216  0.613225  0.620633  0.624678  0.656892  0.656871  0.688572  0.669974  0.639632  0.660630  0.750767  0.743942  0.563055  0.603532  0.669522  0.657310  0.605896  0.649652  0.646086  0.648917  0.549842  0.664437  0.666526  0.740363  0.750152  0.755374  0.702236  0.504273  0.636490  0.596082  0.618471  0.594170  0.618642  0.518898  0.479214  0.526440  0.546813  0.598849  0.575708  0.731219  0.605616  0.590965  0.611507  0.564904  0.688588  0.592271  0.550938  0.691988  0.652512  0.598088  0.643816  0.673692  0.582025  0.567814  0.673797  0.679876  0.625474  0.674914  0.670522  0.599133  0.668022  0.633184  0.605422  0.592023  0.650890  0.683784  0.576833 
11  0.632656  0.469410  0.573810  0.649680  0.493552  0.661182  0.635708  0.457107  0.588124  0.358835  0.569956 0.0  0.591733  0.697116  0.706912  0.588534  0.445393  0.512062  0.629506  0.515343  0.330113  0.533984  0.298130  0.441450  0.516535  0.561895  0.538897  0.527255  0.184463  0.526245  0.227025  0.668389  0.596608  0.312412  0.519200  0.351624  0.351391  0.429976  0.622065  0.644214  0.388434  0.621511  0.596183  0.564603  0.465076  0.540404  0.339702  0.563233  0.265833  0.362964  0.468284  0.421231  0.682041  0.562958  0.579053  0.525363  0.290525  0.725411  0.349340  0.641344  0.525131  0.454490  0.234292  0.582244  0.445751  0.582959  0.598747  0.343554  0.355901  0.412533  0.554585  0.602198  0.543447  0.622470  0.415994  0.560452  0.661148  0.563876  0.335026  0.480772  0.659240  0.612468  0.474940  0.326013  0.410164  0.497385  0.552599  0.396241  0.457095  0.395257  0.298208  0.454056  0.721936  0.446322  0.605235  0.614358  0.484807  0.516092  0.477975  0.577693  0.246186  0.495439  0.300095  0.431544  0.357089  0.559666  0.486331  0.459590  0.504140  0.430621  0.253214  0.505911  0.666120  0.411095  0.433855  0.622677  0.331173  0.598608  0.495658  0.513925  0.505273  0.386040  0.542775  0.515630  0.648311  0.381378  0.192509  0.624966  0.322727  0.382962  0.323950  0.378558  0.563481  0.368360  0.761516  0.515838  0.338804  0.355239  0.713288  0.315500  0.555637  0.567279  0.486989  0.288681  0.438034  0.254691 
12  0.572126  0.593079  0.665100  0.618613  0.707988  0.490621  0.551659  0.437540  0.552465  0.584220  0.665475  0.591733 0.0  0.591143  0.568805  0.584625  0.527065  0.582232  0.428406  0.537741  0.483769  0.519668  0.513611  0.631269  0.603667  0.622062  0.587692  0.559192  0.528843  0.700505  0.536435  0.595457  0.488844  0.511728  0.637274  0.572405  0.623186  0.414506  0.730539  0.606640  0.578692  0.552557  0.696531  0.585065  0.596048  0.579740  0.520054  0.560565  0.548431  0.471639  0.527955  0.593900  0.646710  0.460965  0.531715  0.584875  0.539136  0.589151  0.598130  0.606462  0.587339  0.533677  0.563756  0.613836  0.524030  0.514107  0.567958  0.675933  0.558604  0.491274  0.585061  0.634792  0.590985  0.588424  0.402140  0.523098  0.634077  0.547084  0.500007  0.604076  0.513186  0.671624  0.577267  0.563189  0.605468  0.550285  0.444027  0.430401  0.499986  0.570369  0.520075  0.528273  0.531251  0.640899  0.593184  0.610188  0.494214  0.637847  0.581306  0.595344  0.633072  0.481769  0.419126  0.573914  0.491710  0.494100  0.527846  0.599344  0.466919  0.572012  0.449659  0.549374  0.561408  0.591816  0.541214  0.602563  0.490759  0.546780  0.430367  0.552272  0.605038  0.631181  0.732084  0.520509  0.639153  0.527280  0.591825  0.576527  0.495354  0.659944  0.669320  0.619666  0.625255  0.540327  0.467197  0.603202  0.543743  0.672452  0.497757  0.554210  0.528150  0.664356  0.532343  0.597399  0.654033  0.432279 
13  0.622150  0.579588  0.605615  0.634051  0.638344  0.603838  0.538212  0.529780  0.666422  0.598658  0.659329  0.697116  0.591143 0.0  0.610537  0.659616  0.679451  0.759403  0.589836  0.635980  0.596061  0.597857  0.707405  0.657898  0.660155  0.611362  0.544933  0.746464  0.679282  0.680620  0.645669  0.578258  0.653450  0.549297  0.711436  0.433566  0.614544  0.693444  0.630663  0.523075  0.637872  0.583905  0.697638  0.639750  0.652191  0.626762  0.753647  0.560032  0.791697  0.604798  0.639061  0.613920  0.527094  0.662648  0.640163  0.644316  0.672080  0.594968  0.652222  0.603508  0.721680  0.583524  0.649331  0.686847  0.554775  0.577334  0.666527  0.694526  0.572100  0.693096  0.607972  0.636113  0.686475  0.653914  0.645937  0.655564  0.726652  0.772049  0.606634  0.625212  0.543873  0.660511  0.654646  0.650179  0.592148  0.625306  0.649270  0.590668  0.731704  0.654177  0.732467  0.589660  0.648344  0.747504  0.691409  0.593055  0.500355  0.687840  0.555454  0.726432  0.586364  0.709477  0.707558  0.661960  0.602416  0.694271  0.574539  0.668322  0.669188  0.571864  0.541665  0.765609  0.693720  0.605771  0.655661  0.622613  0.607088  0.586042  0.537946  0.703960  0.836191  0.666888  0.681310  0.741863  0.649803  0.543062  0.533304  0.695210  0.684733  0.693303  0.651231  0.560833  0.628921  0.714437  0.706504  0.684543  0.622921  0.592869  0.676028  0.734368  0.605130  0.532986  0.667578  0.652387  0.766261  0.598880 
14  0.406509  0.738476  0.815160  0.302045  0.576016  0.449899  0.482304  0.520667  0.316715  0.676233  0.490858  0.706912  0.568805  0.610537 0.0  0.592858  0.611992  0.667725  0.352539  0.592812  0.698673  0.545420  0.524090  0.692379  0.485006  0.598008  0.427806  0.649996  0.680647  0.713322  0.568751  0.514581  0.554727  0.620383  0.757081  0.573808  0.701355  0.675885  0.655046  0.611624  0.742401  0.327380  0.442035  0.461171  0.661997  0.488549  0.695128  0.267552  0.586206  0.693850  0.436762  0.738245  0.300972  0.521036  0.605937  0.587611  0.560365  0.408317  0.725115  0.751269  0.310946  0.514920  0.723535  0.714564  0.636800  0.358013  0.467392  0.592816  0.560623  0.394547  0.577766  0.648017  0.549879  0.356378  0.610236  0.397822  0.736069  0.659761  0.700820  0.720551  0.604890  0.446522  0.550222  0.659953  0.510384  0.496334  0.652893  0.637234  0.750998  0.588968  0.728918  0.675569  0.202370  0.648938  0.310228  0.366319  0.541683  0.622510  0.425106  0.571983  0.611312  0.511186  0.657315  0.549911  0.529707  0.547941  0.512258  0.715664  0.356496  0.639389  0.513513  0.591751  0.783690  0.469340  0.776008  0.569823  0.587578  0.389418  0.752871  0.781496  0.682221  0.619888  0.634295  0.600687  0.580714  0.417249  0.661918  0.591323  0.635239  0.760410  0.572679  0.583485  0.644987  0.524998  0.727604  0.476744  0.578125  0.660993  0.603877  0.680635  0.628957  0.672459  0.493051  0.571368  0.802876  0.485828 
15  0.626763  0.653551  0.530789  0.577405  0.539377  0.685717  0.498814  0.477819  0.744882  0.433288  0.562750  0.588534  0.584625  0.659616  0.592858 0.0  0.465104  0.580052  0.567642  0.625970  0.467739  0.549690  0.434583  0.395062  0.694202  0.666374  0.599539  0.685031  0.499829  0.598449  0.450474  0.460610  0.679717  0.573560  0.495112  0.443845  0.568866  0.576150  0.444145  0.577734  0.601644  0.631039  0.584839  0.647470  0.308267  0.651547  0.401688  0.558348  0.403961  0.508608  0.633016  0.488724  0.622538  0.551795  0.653923  0.414386  0.457374  0.765181  0.694431  0.620483  0.549785  0.574645  0.376637  0.458887  0.513547  0.684797  0.695310  0.464179  0.417536  0.637502  0.465020  0.634512  0.404651  0.745841  0.563821  0.551133  0.708707  0.587238  0.408325  0.482837  0.581363  0.645145  0.669239  0.476542  0.484589  0.326136  0.572868  0.419011  0.463463  0.533128  0.630312  0.592489  0.700409  0.349937  0.695904  0.588844  0.431707  0.643204  0.386572  0.587260  0.484234  0.579015  0.567271  0.655780  0.464824  0.600472  0.614780  0.456475  0.697073  0.524290  0.568362  0.414651  0.482934  0.545307  0.409938  0.600139  0.559245  0.732629  0.467897  0.546476  0.380089  0.557219  0.497935  0.384608  0.676777  0.564553  0.564324  0.691120  0.546526  0.513490  0.558168  0.509511  0.579261  0.443631  0.571159  0.521051  0.496396  0.520253  0.517590  0.602451  0.615674  0.628204  0.491056  0.488021  0.536089  0.601951 
16  0.610166  0.556150  0.672842  0.451911  0.395083  0.575614  0.523620  0.548819  0.647239  0.284492  0.733707  0.445393  0.527065  0.679451  0.611992  0.465104 0.0  0.418688  0.481027  0.524514  0.386849  0.586658  0.363049  0.561555  0.605353  0.603232  0.536331  0.612769  0.430957  0.644246  0.415119  0.510630  0.381711  0.399073  0.494426  0.366316  0.474411  0.461334  0.612884  0.571523  0.445075  0.708461  0.581088  0.592600  0.450156  0.534353  0.383893  0.493734  0.321815  0.327023  0.431852  0.517713  0.527719  0.512411  0.634693  0.550804  0.463143  0.598157  0.525730  0.648331  0.431348  0.547926  0.529729  0.424598  0.462498  0.533567  0.633483  0.429296  0.353522  0.501953  0.368248  0.642637  0.453039  0.523558  0.499313  0.621906  0.551154  0.558900  0.341883  0.543498  0.566266  0.638793  0.583330  0.384992  0.407677  0.412130  0.448261  0.427045  0.407193  0.425547  0.492766  0.586451  0.579920  0.367919  0.595705  0.562371  0.372635  0.602989  0.591918  0.347739  0.453579  0.546133  0.456544  0.529227  0.297175  0.499716  0.512403  0.494251  0.526991  0.595149  0.364312  0.532609  0.584449  0.421549  0.534990  0.487319  0.374077  0.558443  0.579488  0.572890  0.363095  0.514041  0.568675  0.404738  0.551690  0.387535  0.465532  0.589294  0.345807  0.457167  0.484144  0.597374  0.538341  0.361046  0.569766  0.633535  0.452720  0.533817  0.708687  0.465064  0.588710  0.477240  0.409869  0.455684  0.628985  0.197779 
17  0.660927  0.548631  0.562164  0.552246  0.392532  0.645416  0.577063  0.626385  0.611751  0.423979  0.665148  0.512062  0.582232  0.759403  0.667725  0.580052  0.418688 0.0  0.550415  0.480662  0.500261  0.579997  0.377035  0.455917  0.449707  0.543764  0.439468  0.523892  0.368658  0.433458  0.451492  0.513610  0.465055  0.483213  0.444342  0.470911  0.495748  0.410424  0.544986  0.697283  0.524474  0.644747  0.646639  0.550490  0.551433  0.501972  0.417889  0.618216  0.380549  0.469270  0.524705  0.499004  0.657799  0.512011  0.636666  0.575067  0.398625  0.612594  0.480161  0.502175  0.560220  0.596583  0.445948  0.485689  0.551016  0.689080  0.612522  0.404794  0.521502  0.460130  0.449966  0.754329  0.442663  0.604874  0.540415  0.485713  0.623608  0.644051  0.390212  0.569803  0.569753  0.673011  0.458524  0.525701  0.460837  0.494853  0.413745  0.508834  0.414217  0.430370  0.423566  0.450119  0.652329  0.450123  0.534168  0.538797  0.490631  0.569036  0.549222  0.461848  0.460645  0.574812  0.504368  0.507745  0.482932  0.511923  0.565714  0.448101  0.633694  0.487397  0.400500  0.569011  0.553494  0.459879  0.417732  0.373222  0.446571  0.505024  0.539102  0.399175  0.427565  0.522349  0.556646  0.422927  0.640855  0.600006  0.436400  0.566115  0.369569  0.390975  0.503695  0.522368  0.457445  0.356881  0.566176  0.675706  0.572575  0.524509  0.578584  0.464497  0.624299  0.479444  0.451118  0.525782  0.629365  0.450913 
18  0.474118  0.876752  0.797953  0.306621  0.456034  0.378016  0.454966  0.513191  0.423605  0.684358  0.692533  0.629506  0.428406  0.589836  0.352539  0.567642  0.481027  0.550415 0.0  0.518288  0.510463  0.580002  0.570035  0.718394  0.310976  0.447082  0.373562  0.550341  0.554713  0.556010  0.720364  0.616073  0.536285  0.550226  0.767982  0.429139  0.754395  0.658687  0.623577  0.676967  0.719887  0.496369  0.514501  0.553726  0.742151  0.470632  0.652023  0.369125  0.684438  0.458972  0.454296  0.651926  0.390010  0.496777  0.596205  0.457903  0.687777  0.336927  0.646659  0.513196  0.214599  0.584412  0.701710  0.695007  0.540868  0.287371  0.452530  0.669885  0.468174  0.491874  0.448134  0.545927  0.645510  0.436874  0.782543  0.404952  0.734626  0.682380  0.595101  0.775530  0.496120  0.555881  0.551915  0.680235  0.546529  0.610213  0.553775  0.542481  0.673410  0.390109  0.682104  0.690905  0.369651  0.598639  0.341311  0.516383  0.511990  0.676737  0.571496  0.604784  0.545177  0.508945  0.712843  0.524066  0.531556  0.470729  0.487556  0.569840  0.376043  0.659434  0.707469  0.627539  0.777564  0.470658  0.641830  0.586655  0.565551  0.321558  0.620361  0.709225  0.669974  0.698492  0.701629  0.562764  0.549645  0.472055  0.570898  0.492867  0.642541  0.733195  0.650080  0.519950  0.389884  0.541925  0.742631  0.623610  0.566304  0.551359  0.465419  0.679063  0.525989  0.788883  0.484451  0.631455  0.740315  0.513053 
19  0.492085  0.697199  0.649025  0.526697  0.499804  0.606781  0.492949  0.565050  0.533450  0.532567  0.672642  0.515343  0.537741  0.635980  0.592812  0.625970  0.524514  0.480662  0.518288 0.0  0.502616  0.583924  0.532375  0.672610  0.485899  0.648493  0.428929  0.547126  0.558823  0.657207  0.625185  0.488392  0.617764  0.624349  0.647924  0.486442  0.529252  0.566441  0.490428  0.725435  0.508255  0.564206  0.577554  0.558012  0.646772  0.509007  0.554571  0.594637  0.486890  0.517751  0.493389  0.611775  0.498280  0.560686  0.398092  0.454137  0.601449  0.604810  0.560561  0.586219  0.536418  0.555413  0.554294  0.641719  0.526994  0.573429  0.535900  0.647113  0.551049  0.562386  0.545775  0.609310  0.539158  0.528052  0.633791  0.458948  0.614382  0.581510  0.553359  0.608468  0.476468  0.572392  0.616274  0.657426  0.462961  0.593283  0.516698  0.538482  0.486753  0.499241  0.475092  0.624633  0.403739  0.579785  0.546425  0.499127  0.504519  0.796889  0.531754  0.512286  0.510216  0.543977  0.670563  0.461847  0.672654  0.549149  0.622320  0.609386  0.515795  0.559304  0.588342  0.569087  0.607944  0.472780  0.637367  0.401086  0.553966  0.470285  0.598109  0.594921  0.611795  0.595927  0.532417  0.587270  0.597962  0.562377  0.533161  0.464061  0.546618  0.630788  0.477507  0.550408  0.357271  0.487156  0.629256  0.615035  0.575119  0.472834  0.672552  0.608809  0.495053  0.675591  0.643949  0.491499  0.480927  0.527197 
20  0.675804  0.556473  0.609966  0.574254  0.570051  0.712727  0.498045  0.438778  0.666824  0.601926  0.629743  0.330113  0.483769  0.596061  0.698673  0.467739  0.386849  0.500261  0.510463  0.502616 0.0  0.583478  0.324087  0.581326  0.567593  0.475786  0.514487  0.468238  0.367056  0.583817  0.440420  0.585523  0.459352  0.489071  0.632447  0.375639  0.320126  0.599509  0.652529  0.606027  0.378424  0.714266  0.711211  0.557136  0.567678  0.691397  0.356581  0.637224  0.336158  0.344064  0.571119  0.479700  0.555021  0.568051  0.588632  0.524181  0.399206  0.528921  0.474698  0.468142  0.454072  0.455047  0.395856  0.544122  0.479422  0.646043  0.550254  0.585089  0.439953  0.500165  0.519763  0.541714  0.339269  0.774757  0.447109  0.492662  0.613841  0.609747  0.328856  0.562315  0.534834  0.719846  0.447494  0.474671  0.353399  0.458946  0.457667  0.382574  0.391307  0.364296  0.394360  0.508529  0.696645  0.439291  0.589021  0.527277  0.439491  0.526308  0.431113  0.512739  0.301985  0.399672  0.510367  0.448195  0.501757  0.499920  0.501560  0.515322  0.566155  0.525326  0.407441  0.528956  0.729249  0.496411  0.451889  0.519729  0.371122  0.619383  0.442661  0.453999  0.539753  0.410179  0.557504  0.453469  0.626646  0.544875  0.256816  0.522934  0.576993  0.359419  0.357121  0.449422  0.535766  0.361546  0.525015  0.472912  0.453981  0.329688  0.560280  0.508998  0.490293  0.587394  0.548492  0.436640  0.531189  0.448411 
21  0.553648  0.624419  0.572679  0.670816  0.458019  0.654514  0.666335  0.441006  0.533543  0.469662  0.720690  0.533984  0.519668  0.597857  0.545420  0.549690  0.586658  0.579997  0.580002  0.583924  0.583478 0.0  0.519393  0.538190  0.558236  0.587939  0.640532  0.485196  0.645074  0.580107  0.502641  0.701907  0.587318  0.575581  0.618060  0.531313  0.518158  0.574814  0.520719  0.610225  0.579644  0.618421  0.525370  0.555069  0.643633  0.569762  0.532114  0.594006  0.688737  0.497723  0.555761  0.632347  0.653445  0.556048  0.603633  0.454673  0.660985  0.658926  0.551913  0.647918  0.645151  0.608070  0.553568  0.457846  0.613383  0.780061  0.618005  0.571838  0.467996  0.617782  0.549939  0.694975  0.720145  0.574365  0.528052  0.651972  0.727295  0.701066  0.534205  0.663019  0.629999  0.531946  0.533281  0.589981  0.614565  0.469507  0.615564  0.522859  0.528482  0.565172  0.535689  0.586762  0.616453  0.587168  0.484023  0.703659  0.502732  0.628365  0.680601  0.454094  0.579224  0.458014  0.545420  0.572092  0.574073  0.491231  0.528658  0.634245  0.498114  0.558651  0.463726  0.662331  0.739851  0.539554  0.574712  0.589814  0.560113  0.618487  0.599664  0.513666  0.650275  0.554834  0.657108  0.601080  0.665245  0.612086  0.541630  0.571834  0.531967  0.641963  0.627831  0.528545  0.576552  0.636009  0.650692  0.648689  0.589597  0.564946  0.569964  0.625447  0.484354  0.674117  0.501507  0.726737  0.675622  0.630891 
22  0.640537  0.526039  0.686204  0.519147  0.506604  0.681765  0.563363  0.383476  0.556802  0.335120  0.697173  0.298130  0.513611  0.707405  0.524090  0.434583  0.363049  0.377035  0.570035  0.532375  0.324087  0.519393 0.0  0.425091  0.477586  0.507312  0.555134  0.380245  0.293436  0.508555  0.324095  0.580668  0.404694  0.489964  0.544144  0.382417  0.366887  0.417739  0.605048  0.607996  0.492140  0.713002  0.733332  0.591185  0.449060  0.580438  0.299499  0.613637  0.193404  0.286814  0.572093  0.428087  0.694904  0.466195  0.580726  0.517039  0.259477  0.596766  0.380618  0.506539  0.418881  0.535505  0.383895  0.439464  0.475730  0.696957  0.655594  0.385886  0.578753  0.446955  0.524758  0.724502  0.431649  0.553324  0.378689  0.538049  0.802743  0.538931  0.317168  0.446815  0.519935  0.608059  0.488858  0.458479  0.469795  0.394821  0.495830  0.446976  0.403821  0.473963  0.308573  0.555156  0.626893  0.526348  0.582776  0.517283  0.485529  0.525223  0.451598  0.440632  0.442486  0.544137  0.323507  0.415455  0.453363  0.538396  0.473075  0.458961  0.470446  0.526769  0.349708  0.600944  0.613688  0.377505  0.484666  0.467904  0.387172  0.692885  0.555547  0.473286  0.374203  0.387379  0.545824  0.385495  0.638411  0.458974  0.255856  0.543918  0.389795  0.384564  0.487857  0.506145  0.624447  0.339274  0.367211  0.478030  0.388105  0.492904  0.661884  0.474597  0.555786  0.650422  0.545663  0.350783  0.539145  0.293854 
23  0.712738  0.433139  0.460767  0.729737  0.564089  0.794011  0.541280  0.600269  0.683545  0.630366  0.683978  0.441450  0.631269  0.657898  0.692379  0.395062  0.561555  0.455917  0.718394  0.672610  0.581326  0.538190  0.425091 0.0  0.626573  0.485529  0.746790  0.643009  0.439885  0.546372  0.384586  0.776469  0.584869  0.297370  0.447707  0.372913  0.353535  0.554406  0.635982  0.534368  0.529656  0.813901  0.697396  0.653152  0.545740  0.573028  0.315054  0.805950  0.489519  0.455874  0.705861  0.543117  0.767624  0.650481  0.678590  0.641478  0.514134  0.809062  0.504581  0.637928  0.674336  0.529825  0.551823  0.500493  0.628538  0.563418  0.694086  0.346441  0.484515  0.498819  0.605429  0.685661  0.524012  0.727480  0.466405  0.650486  0.844439  0.689740  0.315546  0.281239  0.655208  0.813716  0.717730  0.542545  0.553857  0.449460  0.627950  0.487975  0.481833  0.468003  0.447065  0.731136  0.842286  0.444132  0.647008  0.648216  0.576092  0.535684  0.542048  0.733225  0.386131  0.591397  0.496343  0.490036  0.408315  0.684833  0.633328  0.511797  0.687760  0.397851  0.398645  0.567801  0.604903  0.507995  0.507780  0.596750  0.476233  0.670651  0.552014  0.426531  0.376980  0.573016  0.558222  0.274057  0.707324  0.513385  0.393652  0.564919  0.416203  0.319258  0.481251  0.504759  0.530020  0.457253  0.591380  0.565257  0.506169  0.633409  0.622302  0.532596  0.605000  0.621380  0.445216  0.523735  0.478000  0.312116 
24  0.466994  0.699711  0.732936  0.433953  0.616723  0.507254  0.518210  0.536781  0.447324  0.601450  0.701362  0.516535  0.603667  0.660155  0.485006  0.694202  0.605353  0.449707  0.310976  0.485899  0.567593  0.558236  0.477586  0.626573 0.0  0.632606  0.559596  0.652772  0.547886  0.536803  0.550626  0.703469  0.526840  0.573707  0.741365  0.687729  0.657299  0.501543  0.558632  0.716434  0.648172  0.444942  0.447067  0.358248  0.566757  0.389458  0.655136  0.419774  0.524909  0.566325  0.513368  0.597684  0.451988  0.328830  0.656149  0.607277  0.566111  0.413344  0.681116  0.567231  0.534827  0.509715  0.653753  0.675332  0.547096  0.388897  0.349045  0.722222  0.579215  0.531976  0.774892  0.613565  0.629586  0.375082  0.607387  0.577482  0.583138  0.574043  0.662864  0.667560  0.725649  0.580378  0.654167  0.629725  0.609780  0.681248  0.773961  0.638000  0.710491  0.653802  0.583131  0.715000  0.396850  0.584642  0.426747  0.487812  0.661914  0.794525  0.571707  0.678793  0.659592  0.550619  0.724728  0.552454  0.671520  0.498402  0.561074  0.633671  0.354682  0.722168  0.622277  0.443310  0.615276  0.584569  0.635010  0.556258  0.683944  0.390472  0.658108  0.647389  0.499539  0.631376  0.625718  0.568934  0.587468  0.596728  0.606387  0.461792  0.656723  0.726526  0.603565  0.621602  0.569569  0.473290  0.539449  0.523156  0.690607  0.698968  0.584703  0.516799  0.598861  0.644963  0.532583  0.468522  0.660694  0.653978 
25  0.667760  0.513394  0.528870  0.540480  0.646893  0.664251  0.569953  0.697035  0.564003  0.493419  0.563032  0.561895  0.622062  0.611362  0.598008  0.666374  0.603232  0.543764  0.447082  0.648493  0.475786  0.587939  0.507312  0.485529  0.632606 0.0  0.589678  0.568516  0.530961  0.584403  0.527754  0.531527  0.609187  0.586314  0.572944  0.600518  0.669978  0.545928  0.597646  0.658893  0.549426  0.601464  0.554624  0.689420  0.567744  0.610017  0.649417  0.614684  0.564760  0.544448  0.453177  0.618333  0.696766  0.589758  0.685588  0.609456  0.548056  0.589511  0.558443  0.636177  0.572288  0.536532  0.533181  0.579408  0.587895  0.650324  0.626136  0.644136  0.612133  0.635614  0.546226  0.632651  0.618952  0.545168  0.544729  0.593556  0.630423  0.572192  0.584588  0.619290  0.417647  0.609666  0.567950  0.663010  0.535973  0.506370  0.585941  0.592140  0.503312  0.598593  0.530544  0.609822  0.581805  0.625950  0.589447  0.650563  0.525215  0.754953  0.684675  0.576186  0.573166  0.529607  0.599469  0.529373  0.540494  0.501688  0.597715  0.619719  0.586003  0.617010  0.578726  0.682926  0.651573  0.588797  0.708707  0.606225  0.637218  0.584099  0.620239  0.676121  0.676615  0.606308  0.581999  0.546906  0.600879  0.570617  0.496553  0.592986  0.587451  0.592284  0.509793  0.463678  0.661444  0.536064  0.554287  0.595485  0.603984  0.585543  0.646373  0.482963  0.527232  0.612538  0.575654  0.503575  0.663102  0.605852 
26  0.450025  0.790593  0.720812  0.356079  0.709120  0.612456  0.484910  0.285863  0.544571  0.377321  0.566663  0.538897  0.587692  0.544933  0.427806  0.599539  0.536331  0.439468  0.373562  0.428929  0.514487  0.640532  0.555134  0.746790  0.559596  0.589678 0.0  0.556610  0.572160  0.522676  0.670750  0.585945  0.457016  0.576340  0.689083  0.700000  0.572742  0.636752  0.695657  0.659095  0.625681  0.635993  0.622427  0.522705  0.753217  0.532955  0.527449  0.589131  0.531971  0.526825  0.462527  0.594679  0.465089  0.396825  0.572413  0.435793  0.573372  0.468031  0.662830  0.483948  0.358843  0.310459  0.664362  0.718343  0.513818  0.545883  0.634557  0.767690  0.480089  0.461881  0.324355  0.574819  0.677724  0.531810  0.633489  0.434682  0.545885  0.545120  0.563455  0.686564  0.306435  0.542298  0.424862  0.671109  0.457052  0.476380  0.580194  0.501512  0.525879  0.478972  0.618340  0.610135  0.424243  0.604402  0.484582  0.442410  0.511944  0.532462  0.489297  0.518568  0.719422  0.309829  0.476337  0.339075  0.369222  0.498790  0.498495  0.604508  0.516472  0.516532  0.579575  0.636895  0.755620  0.569198  0.756499  0.402696  0.578212  0.514917  0.573596  0.775173  0.635479  0.615051  0.633888  0.528755  0.587095  0.307349  0.562650  0.528184  0.643011  0.660602  0.482987  0.505672  0.555785  0.658017  0.705350  0.544566  0.431019  0.582844  0.535646  0.614349  0.370978  0.625186  0.446968  0.428431  0.724412  0.544797 
