146
0 0.0  0.778410  0.927655  0.505668  0.606545  0.603936  0.510409  0.475286  0.450639  0.522233  0.655656  0.660581  0.564082  0.627484  0.541985  0.729039  0.614183  0.711787  0.513048  0.422744  0.593621  0.595508  0.560360  0.744718  0.564653  0.673619  0.483392  0.505146  0.672725  0.733640  0.774609  0.675801  0.616859  0.652279  0.732383  0.644432  0.671563  0.684387  0.588105  0.683897  0.642749  0.499565  0.533985  0.585151  0.762014  0.591603  0.639042  0.541949  0.606104  0.671557  0.592713  0.654787  0.455580  0.534096  0.479339  0.435477  0.527396  0.425513  0.615710  0.673400  0.461242  0.600523  0.787091  0.760898  0.481496  0.579444  0.673107  0.740538  0.640972  0.664666  0.639938  0.615755  0.598004  0.518156  0.647789  0.551970  0.707454  0.693995  0.746951  0.912225  0.556864  0.435449  0.584104  0.712858  0.586053  0.644917  0.667113  0.638374  0.721476  0.495094  0.706877  0.686390  0.448731  0.770020  0.496547  0.428482  0.409431  0.660585  0.603776  0.450971  0.542882  0.567383  0.519356  0.594463  0.585067  0.503404  0.481438  0.631140  0.529100  0.660264  0.722607  0.636931  0.698208  0.619625  0.558165  0.516164  0.632219  0.488938  0.580287  0.876147  0.630002  0.669018  0.567962  0.725629  0.389931  0.513546  0.725774  0.510109  0.574544  0.849953  0.641600  0.555137  0.409712  0.598431  0.785653  0.561485  0.639180  0.499842  0.574597  0.663382  0.489731  0.708971  0.550708  0.678756  0.634254  0.651942 
1  0.778410 0.0  0.447215  0.703907  0.643801  0.737639  0.680871  0.516452  0.901363  0.623038  0.661551  0.495266  0.531751  0.538004  0.668226  0.514223  0.582670  0.517259  0.891409  0.669746  0.576125  0.616477  0.453273  0.408767  0.834735  0.711801  0.710858  0.656303  0.516173  0.573665  0.546294  0.787368  0.563119  0.474067  0.538795  0.454737  0.492868  0.553072  0.597782  0.544460  0.571362  0.852657  0.961149  0.637258  0.487871  0.978883  0.448132  0.849119  0.705951  0.533611  0.677848  0.588722  0.944006  0.745462  0.623835  0.696153  0.621877  0.946921  0.600656  0.640616  0.758950  0.538822  0.525695  0.654521  0.661288  0.760187  0.729987  0.362902  0.633801  0.574272  0.862996  0.618067  0.498626  0.725201  0.536286  0.829198  0.699445  0.693810  0.458209  0.451214  0.867863  0.770723  0.678741  0.516034  0.591914  0.525127  0.663731  0.560359  0.564075  0.608549  0.452715  0.554300  0.918959  0.562322  0.773525  0.786856  0.645449  0.462947  0.714905  0.500441  0.663664  0.671126  0.493698  0.682069  0.501834  0.751471  0.663068  0.550415  0.772727  0.562487  0.442844  0.803343  0.746834  0.537551  0.392789  0.772197  0.494858  0.932485  0.469502  0.504546  0.646224  0.564029  0.821824  0.454517  0.699867  0.728383  0.536460  0.698250  0.521177  0.571169  0.593661  0.527544  0.602144  0.646018  0.689809  0.618956  0.578149  0.658532  0.627115  0.755524  0.778943  0.711051  0.513001  0.664348  0.530609  0.572634 
2  0.927655  0.447215 0.0  0.776956  0.529886  0.631343  0.644457  0.724053  0.850131  0.507581  0.628125  0.569110  0.585690  0.688285  0.696955  0.638402  0.530532  0.528717  0.767054  0.685579  0.591601  0.498980  0.521391  0.402900  0.770667  0.663537  0.752972  0.696811  0.599561  0.618501  0.535080  0.744718  0.621743  0.536383  0.452678  0.570044  0.469060  0.764455  0.637791  0.641490  0.607846  0.740898  0.792305  0.638204  0.386634  0.825329  0.522916  0.759782  0.595641  0.577124  0.732296  0.546318  0.810800  0.731380  0.711337  0.646484  0.562665  1.000000  0.666263  0.653852  0.670172  0.707526  0.549933  0.544812  0.599578  0.793486  0.752455  0.443781  0.594391  0.592459  0.606314  0.707752  0.636520  0.774186  0.572187  0.763624  0.697332  0.643362  0.478475  0.463380  0.729740  0.794503  0.611288  0.638002  0.584074  0.495119  0.706951  0.516195  0.525363  0.588352  0.506337  0.502669  0.866911  0.681965  0.652925  0.855507  0.748456  0.464010  0.778661  0.683139  0.513894  0.652116  0.637921  0.667185  0.526278  0.748162  0.757518  0.578681  0.656021  0.453191  0.612099  0.782614  0.605694  0.588030  0.601164  0.651720  0.566561  0.861030  0.621209  0.368538  0.522444  0.572737  0.517588  0.452869  0.795030  0.694204  0.497050  0.756559  0.447790  0.521265  0.596145  0.550278  0.717765  0.597304  0.674395  0.731727  0.584659  0.615876  0.706896  0.654506  0.775938  0.696808  0.554981  0.607812  0.444389  0.503561 
3  0.505668  0.703907  0.776956 0.0  0.565676  0.493538  0.447292  0.406384  0.414387  0.550191  0.620574  0.685861  0.481651  0.581633  0.313033  0.567835  0.465001  0.537567  0.274363  0.437413  0.545791  0.597445  0.612988  0.720178  0.505586  0.564342  0.391116  0.614539  0.703479  0.668554  0.588528  0.584755  0.550605  0.630964  0.839125  0.459042  0.766453  0.760620  0.733644  0.660504  0.770588  0.379375  0.402269  0.311427  0.637931  0.443992  0.563933  0.392493  0.609632  0.562099  0.367527  0.620513  0.321173  0.459479  0.517072  0.448687  0.559138  0.326429  0.609469  0.592554  0.275389  0.544313  0.611547  0.655136  0.516367  0.321941  0.464785  0.740485  0.554455  0.494650  0.548475  0.597609  0.552089  0.381373  0.619944  0.417750  0.711388  0.639363  0.703629  0.781072  0.544326  0.530469  0.509905  0.606043  0.529093  0.642615  0.723495  0.615732  0.731379  0.494018  0.689288  0.714803  0.356123  0.674090  0.316348  0.589893  0.417940  0.827632  0.486397  0.491465  0.467016  0.487630  0.633338  0.547958  0.555183  0.563501  0.498934  0.793666  0.361543  0.665028  0.650481  0.618304  0.709240  0.583656  0.728202  0.548172  0.644206  0.321355  0.640291  0.718911  0.535576  0.589447  0.735335  0.575251  0.568644  0.518961  0.562381  0.497115  0.634409  0.701354  0.513621  0.494083  0.555899  0.468447  0.710902  0.483893  0.548048  0.649325  0.531036  0.721235  0.497142  0.753686  0.513483  0.461105  0.583401  0.492499 
4  0.606545  0.643801  0.529886  0.565676 0.0  0.577417  0.601142  0.543874  0.555066  0.515336  0.572630  0.511907  0.639898  0.739060  0.605585  0.593652  0.499363  0.451102  0.629213  0.542273  0.600467  0.569275  0.496255  0.560726  0.577481  0.615372  0.649329  0.517808  0.654881  0.505424  0.599550  0.490922  0.792326  0.516524  0.574936  0.563586  0.559561  0.530168  0.467173  0.674921  0.514255  0.639339  0.419803  0.579250  0.562199  0.563254  0.692101  0.485458  0.419603  0.478445  0.461224  0.462498  0.532051  0.548604  0.536628  0.648837  0.679242  0.558559  0.570329  0.662648  0.707485  0.650071  0.624076  0.548910  0.523000  0.499321  0.582556  0.588424  0.542486  0.705363  0.457887  0.551440  0.427667  0.565324  0.556549  0.498823  0.627291  0.679681  0.511862  0.623535  0.583850  0.552500  0.584297  0.618545  0.566764  0.488236  0.721860  0.576361  0.641457  0.527034  0.590400  0.640722  0.626458  0.536909  0.556129  0.498060  0.544517  0.599614  0.471546  0.731957  0.436823  0.553994  0.655425  0.570185  0.591099  0.533124  0.559882  0.492984  0.526872  0.658910  0.688246  0.431977  0.511430  0.411568  0.489346  0.430686  0.528597  0.587139  0.595452  0.545327  0.515954  0.436315  0.372286  0.525914  0.580497  0.830770  0.635208  0.406030  0.469238  0.691809  0.532395  0.593587  0.471607  0.411489  0.534497  0.530980  0.744113  0.557419  0.565694  0.637954  0.644696  0.416940  0.702898  0.562018  0.756462  0.572758 
5  0.603936  0.737639  0.631343  0.493538  0.577417 0.0  0.495593  0.653740  0.371335  0.713270  0.641433  0.675500  0.550266  0.730914  0.405062  0.566196  0.590530  0.687095  0.410467  0.519215  0.710298  0.706242  0.891129  0.757219  0.395354  0.642148  0.663782  0.781080  0.579578  0.709495  0.605629  0.618942  0.607431  0.672943  0.710291  0.636929  0.815801  0.622188  0.805039  0.539619  0.745136  0.445087  0.406838  0.486430  0.668735  0.437695  0.799747  0.321781  0.622242  0.623544  0.541868  0.692673  0.401612  0.570787  0.659746  0.594316  0.762352  0.498997  0.567683  0.749514  0.418265  0.597464  0.584766  0.767965  0.781888  0.377439  0.537283  0.707334  0.626523  0.635478  0.618722  0.692783  0.590643  0.401291  0.626695  0.497969  0.724984  0.601675  0.667939  0.851805  0.684255  0.566541  0.496075  0.707307  0.703935  0.681025  0.480709  0.658958  0.594625  0.734902  0.701803  0.667553  0.327654  0.678388  0.416618  0.397665  0.738791  0.711327  0.609119  0.716462  0.597161  0.676559  0.684238  0.537846  0.808761  0.554752  0.696911  0.751817  0.372702  0.780290  0.692481  0.729611  0.726033  0.550266  0.750051  0.578259  0.712817  0.400609  0.752610  0.619382  0.607658  0.698254  0.687886  0.567161  0.587916  0.696015  0.699883  0.569251  0.606501  0.847933  0.642804  0.580753  0.458235  0.505641  0.558544  0.629717  0.690185  0.641662  0.598027  0.729188  0.675447  0.838472  0.549676  0.706031  0.729894  0.576042 
6  0.510409  0.680871  0.644457  0.447292  0.601142  0.495593 0.0  0.447566  0.467454  0.496281  0.563828  0.614413  0.542054  0.676820  0.505296  0.589883  0.661037  0.572784  0.543557  0.601908  0.534839  0.560030  0.520509  0.594094  0.565543  0.600063  0.472523  0.517925  0.409571  0.575612  0.538729  0.603073  0.583721  0.549990  0.643121  0.686464  0.599309  0.616689  0.600459  0.644702  0.592843  0.630045  0.569544  0.430677  0.694582  0.650243  0.482649  0.537498  0.487666  0.511039  0.572941  0.532146  0.542903  0.496241  0.542208  0.561068  0.589609  0.588856  0.444610  0.563744  0.514785  0.503306  0.552681  0.559488  0.523402  0.572057  0.587362  0.636720  0.583313  0.609687  0.570234  0.597583  0.551485  0.478125  0.619830  0.470271  0.587843  0.476032  0.541355  0.569253  0.526329  0.540142  0.595783  0.585907  0.498820  0.521012  0.507876  0.538805  0.522895  0.609317  0.578461  0.615893  0.452808  0.602655  0.484505  0.553016  0.544129  0.560458  0.541941  0.614287  0.551192  0.547463  0.514424  0.560550  0.605200  0.433808  0.583188  0.635654  0.583746  0.690186  0.514985  0.734156  0.594543  0.560724  0.560398  0.524711  0.502162  0.511814  0.577224  0.696881  0.645644  0.537456  0.625129  0.598874  0.502022  0.455421  0.622448  0.574595  0.620462  0.670076  0.601057  0.590266  0.535044  0.490606  0.593182  0.525852  0.673650  0.467575  0.502361  0.496123  0.537776  0.697728  0.605287  0.553249  0.644130  0.535880 
7  0.475286  0.516452  0.724053  0.406384  0.543874  0.653740  0.447566 0.0  0.685727  0.530737  0.651103  0.498864  0.532733  0.596623  0.603149  0.513788  0.462476  0.548959  0.494383  0.517092  0.412151  0.498043  0.414709  0.605361  0.518582  0.525799  0.267724  0.584593  0.462596  0.806640  0.529177  0.703625  0.247711  0.563332  0.616348  0.357759  0.554333  0.600260  0.698270  0.693000  0.543942  0.552344  0.614720  0.602458  0.727214  0.608971  0.491074  0.552953  0.476218  0.456307  0.499213  0.581138  0.477396  0.369811  0.610318  0.505112  0.504350  0.557815  0.613114  0.343135  0.315843  0.280913  0.461089  0.560617  0.375387  0.438760  0.614325  0.558069  0.496281  0.495334  0.593988  0.677709  0.616674  0.560116  0.714208  0.464412  0.615983  0.739463  0.501744  0.618214  0.359005  0.510557  0.489898  0.556472  0.448883  0.542949  0.557863  0.565341  0.593522  0.491950  0.512374  0.613833  0.523980  0.571410  0.411094  0.617327  0.487051  0.672313  0.432620  0.446655  0.501320  0.292219  0.530732  0.318326  0.491679  0.499692  0.475978  0.649472  0.609263  0.631181  0.465483  0.630674  0.721761  0.586646  0.669525  0.485850  0.635032  0.469627  0.577504  0.701069  0.561859  0.516533  0.648320  0.567632  0.578440  0.240977  0.422712  0.515022  0.562523  0.674835  0.524756  0.515124  0.498110  0.438603  0.802877  0.497403  0.460399  0.496246  0.540774  0.647449  0.364575  0.641161  0.439748  0.395108  0.577672  0.421698 
8  0.450639  0.901363  0.850131  0.414387  0.555066  0.371335  0.467454  0.685727 0.0  0.614134  0.701782  0.572360  0.646251  0.718737  0.346313  0.685887  0.577461  0.608473  0.381757  0.452599  0.691150  0.722524  0.681950  0.707877  0.359397  0.624920  0.566532  0.464580  0.654622  0.586328  0.539189  0.518262  0.647121  0.715705  0.764113  0.735005  0.749061  0.648208  0.641102  0.732108  0.798558  0.412020  0.345371  0.425785  0.766326  0.282871  0.706733  0.395773  0.491040  0.676576  0.483567  0.706419  0.361660  0.542189  0.594395  0.434457  0.663995  0.492908  0.636649  0.682661  0.406544  0.675512  0.643121  0.714847  0.702681  0.320708  0.398201  0.648235  0.569583  0.645718  0.677765  0.607230  0.654622  0.346458  0.658451  0.475207  0.609225  0.545326  0.626241  0.660503  0.657532  0.568324  0.544988  0.751438  0.599437  0.688844  0.814417  0.628113  0.685861  0.579434  0.675978  0.701306  0.303158  0.752951  0.337669  0.425493  0.654318  0.663410  0.754396  0.644423  0.576819  0.634483  0.705485  0.620385  0.754717  0.617970  0.617188  0.621309  0.250342  0.652041  0.718298  0.619382  0.561521  0.482722  0.752638  0.632043  0.603874  0.404783  0.751989  0.818123  0.523925  0.543464  0.593782  0.604333  0.577679  0.630951  0.502102  0.584139  0.602985  0.731088  0.611921  0.510987  0.538024  0.447496  0.659505  0.563484  0.681118  0.770222  0.654847  0.652749  0.766451  0.774864  0.610568  0.722968  0.731270  0.602663 
9  0.522233  0.623038  0.507581  0.550191  0.515336  0.713270  0.496281  0.530737  0.614134 0.0  0.715212  0.376357  0.504651  0.684508  0.622320  0.492223  0.367688  0.478100  0.586018  0.548821  0.469414  0.494098  0.399044  0.523564  0.507298  0.605724  0.536989  0.492744  0.485686  0.444598  0.432047  0.619508  0.530109  0.556509  0.604920  0.523619  0.576289  0.526071  0.533341  0.677718  0.580184  0.572811  0.547174  0.502137  0.470053  0.447861  0.597526  0.462353  0.368455  0.417172  0.498678  0.560529  0.565701  0.449546  0.471072  0.488191  0.430137  0.541586  0.571741  0.595712  0.510177  0.628056  0.483571  0.533206  0.520007  0.711518  0.592168  0.527064  0.401917  0.511753  0.462555  0.692207  0.490565  0.562801  0.513261  0.570455  0.638355  0.519434  0.413512  0.509917  0.583733  0.538497  0.450164  0.512108  0.483293  0.439764  0.544426  0.352666  0.517559  0.483715  0.518018  0.532145  0.701619  0.541855  0.490430  0.539394  0.648214  0.585997  0.517531  0.428661  0.473594  0.565916  0.477918  0.502408  0.500227  0.568151  0.616203  0.432588  0.471629  0.629289  0.437774  0.487890  0.530784  0.293066  0.478485  0.545322  0.389206  0.715025  0.479733  0.652153  0.489322  0.453227  0.415705  0.487363  0.642857  0.621933  0.399988  0.542452  0.512186  0.617088  0.380037  0.571737  0.412003  0.424514  0.495021  0.595035  0.467862  0.446490  0.633318  0.445736  0.557414  0.486807  0.501157  0.518202  0.511762  0.462389 
10  0.655656  0.661551  0.628125  0.620574  0.572630  0.641433  0.563828  0.651103  0.701782  0.715212 0.0  0.588440  0.642272  0.683382  0.600308  0.583288  0.588651  0.658858  0.622852  0.542178  0.695336  0.678697  0.685988  0.606931  0.571835  0.656168  0.675813  0.576685  0.665284  0.565195  0.555606  0.565739  0.650231  0.639568  0.645392  0.551727  0.651564  0.666595  0.468874  0.602257  0.763528  0.563272  0.531429  0.576237  0.712030  0.694330  0.672036  0.583473  0.563485  0.548299  0.689447  0.756455  0.610289  0.546888  0.596721  0.581496  0.647601  0.693566  0.634617  0.632212  0.693957  0.738344  0.657951  0.597229  0.674108  0.622099  0.637895  0.554048  0.556006  0.674630  0.609705  0.581419  0.641443  0.535530  0.593952  0.610368  0.662344  0.499258  0.656781  0.639228  0.545145  0.612842  0.580511  0.646818  0.560608  0.607941  0.669975  0.704443  0.569132  0.674373  0.738487  0.659681  0.652120  0.618435  0.533272  0.634146  0.621176  0.695628  0.707122  0.563616  0.599400  0.634845  0.644286  0.720156  0.592540  0.611005  0.572175  0.606930  0.630156  0.636336  0.739441  0.537071  0.632218  0.606989  0.584999  0.614051  0.554811  0.521480  0.506613  0.612401  0.656989  0.578599  0.713691  0.589200  0.578602  0.491519  0.644060  0.684942  0.642760  0.697212  0.584072  0.525476  0.675401  0.606854  0.546283  0.545921  0.658219  0.574857  0.667192  0.670763  0.629298  0.594565  0.621177  0.579927  0.788201  0.642833 
11  0.660581  0.495266  0.569110  0.685861  0.511907  0.675500  0.614413  0.498864  0.572360  0.376357  0.588440 0.0  0.525380  0.628846  0.645572  0.475471  0.395410  0.421361  0.546359  0.533887  0.342698  0.533567  0.302328  0.382134  0.533673  0.608940  0.496061  0.441238  0.219699  0.508016  0.289851  0.632220  0.442866  0.340586  0.564750  0.334456  0.362075  0.478670  0.630271  0.608125  0.463465  0.718019  0.622741  0.559567  0.473400  0.600920  0.345985  0.640088  0.273185  0.342253  0.584617  0.410050  0.627731  0.543826  0.697912  0.540519  0.346132  0.559804  0.441021  0.568914  0.476959  0.481809  0.331306  0.562703  0.495523  0.686185  0.546563  0.422725  0.412118  0.401550  0.556802  0.594835  0.403629  0.636426  0.371557  0.542478  0.599004  0.510982  0.267189  0.499428  0.677102  0.623393  0.483694  0.448410  0.465038  0.367626  0.468394  0.432824  0.549541  0.410399  0.391387  0.436924  0.690728  0.460949  0.586482  0.674285  0.542666  0.575146  0.516239  0.513499  0.307500  0.563779  0.431287  0.483242  0.404825  0.582212  0.591579  0.455251  0.495804  0.445820  0.248493  0.497853  0.678213  0.360780  0.430538  0.627791  0.348606  0.630421  0.379202  0.557749  0.377635  0.467707  0.699681  0.421220  0.659030  0.384791  0.177755  0.626665  0.355872  0.426612  0.431674  0.397949  0.524395  0.305080  0.571738  0.574557  0.432728  0.424169  0.599478  0.341655  0.529575  0.583887  0.522557  0.300639  0.437879  0.310077 
12  0.564082  0.531751  0.585690  0.481651  0.639898  0.550266  0.542054  0.532733  0.646251  0.504651  0.642272  0.525380 0.0  0.629630  0.455669  0.536914  0.435454  0.551294  0.390410  0.586157  0.512039  0.580631  0.540752  0.526221  0.691905  0.559174  0.435132  0.528153  0.510147  0.705116  0.542442  0.633445  0.369477  0.580741  0.628403  0.551195  0.517076  0.516618  0.631443  0.720675  0.483090  0.465214  0.545700  0.559462  0.595244  0.557251  0.528964  0.509741  0.480610  0.547574  0.525429  0.565251  0.568377  0.519607  0.616124  0.477069  0.482430  0.687666  0.450486  0.535072  0.493252  0.468504  0.529616  0.537940  0.559979  0.504509  0.523835  0.573999  0.588544  0.571052  0.517177  0.690827  0.625718  0.608637  0.474453  0.472633  0.699864  0.623772  0.669414  0.586030  0.651447  0.520406  0.476903  0.500731  0.560629  0.408526  0.513035  0.577420  0.505804  0.536202  0.583890  0.550444  0.615528  0.544265  0.518334  0.597327  0.522730  0.602635  0.500311  0.496474  0.545489  0.574814  0.527528  0.518255  0.528257  0.515263  0.585570  0.619458  0.588777  0.635898  0.482358  0.720753  0.707754  0.632286  0.447121  0.505886  0.482266  0.602996  0.543449  0.571045  0.656771  0.621667  0.685655  0.443993  0.575515  0.537808  0.541919  0.619232  0.478235  0.533510  0.609655  0.526490  0.598416  0.540775  0.523329  0.587446  0.461099  0.537977  0.565081  0.465780  0.511286  0.631979  0.617740  0.488355  0.668165  0.485061 
13  0.627484  0.538004  0.688285  0.581633  0.739060  0.730914  0.676820  0.596623  0.718737  0.684508  0.683382  0.628846  0.629630 0.0  0.590099  0.643381  0.619637  0.771681  0.595535  0.714744  0.694108  0.675966  0.591669  0.648501  0.638168  0.624973  0.484460  0.654450  0.588758  0.627894  0.638915  0.469924  0.605347  0.596339  0.601132  0.453449  0.749620  0.698571  0.687660  0.606105  0.621624  0.677082  0.673534  0.690580  0.753616  0.722512  0.680508  0.688632  0.691790  0.669670  0.497015  0.624007  0.594004  0.700109  0.587024  0.649113  0.570066  0.679107  0.646919  0.618616  0.615195  0.600026  0.610433  0.604106  0.485761  0.571436  0.722038  0.667987  0.504693  0.738578  0.527566  0.561825  0.591892  0.628701  0.604354  0.646954  0.633363  0.643206  0.685224  0.655532  0.449227  0.612493  0.624110  0.692640  0.665376  0.623081  0.586849  0.654649  0.635548  0.620300  0.654581  0.653893  0.596432  0.655889  0.626237  0.577402  0.598398  0.537683  0.589110  0.504502  0.694391  0.641083  0.667311  0.653448  0.586489  0.682918  0.551633  0.605232  0.618317  0.546847  0.621037  0.712749  0.553020  0.739494  0.641065  0.676690  0.700728  0.651714  0.568911  0.669301  0.782801  0.571055  0.562111  0.629727  0.640222  0.528431  0.541875  0.606535  0.700445  0.670501  0.557863  0.654075  0.570474  0.677812  0.680006  0.671724  0.684839  0.512826  0.613565  0.551843  0.570232  0.689388  0.621783  0.583373  0.619087  0.569862 
14  0.541985  0.668226  0.696955  0.313033  0.605585  0.405062  0.505296  0.603149  0.346313  0.622320  0.600308  0.645572  0.455669  0.590099 0.0  0.597555  0.653496  0.697844  0.345465  0.489779  0.651659  0.669386  0.556041  0.707701  0.489820  0.565079  0.500603  0.635536  0.596858  0.646985  0.670554  0.487282  0.546043  0.610558  0.649082  0.490577  0.524232  0.867976  0.663681  0.577311  0.790391  0.268495  0.451803  0.485754  0.657708  0.407215  0.706680  0.331718  0.518807  0.626716  0.377366  0.611929  0.347811  0.587142  0.487101  0.627718  0.559739  0.370773  0.681760  0.656173  0.272798  0.617004  0.708451  0.700168  0.498018  0.364607  0.407538  0.694221  0.593302  0.602376  0.604627  0.567746  0.578363  0.474869  0.723019  0.412147  0.735700  0.611401  0.533797  0.782422  0.634150  0.529473  0.639461  0.747080  0.567630  0.532677  0.674341  0.535658  0.776160  0.500662  0.911923  0.742801  0.238164  0.726292  0.369722  0.442316  0.445377  0.625153  0.490556  0.495548  0.516214  0.531220  0.568219  0.626325  0.494046  0.552813  0.486223  0.790018  0.295486  0.728624  0.688201  0.616368  0.730010  0.485304  0.842147  0.433236  0.739468  0.335090  0.776683  0.742847  0.676060  0.716017  0.593580  0.614954  0.583486  0.436931  0.562220  0.482647  0.596627  0.761640  0.635112  0.610799  0.516761  0.503584  0.662020  0.470037  0.535050  0.494387  0.617829  0.537524  0.613433  0.696096  0.516275  0.475396  0.709484  0.539566 
15  0.729039  0.514223  0.638402  0.567835  0.593652  0.566196  0.589883  0.513788  0.685887  0.492223  0.583288  0.475471  0.536914  0.643381  0.597555 0.0  0.434574  0.473417  0.650763  0.581104  0.409290  0.493568  0.436125  0.533703  0.748461  0.722249  0.555818  0.612489  0.381838  0.530070  0.474502  0.496358  0.576019  0.521334  0.501297  0.470679  0.456518  0.647185  0.575426  0.604556  0.518813  0.620021  0.594178  0.581850  0.461283  0.660718  0.418214  0.632137  0.447483  0.461810  0.598768  0.408190  0.606875  0.569940  0.747808  0.513536  0.571175  0.576470  0.588411  0.602366  0.595966  0.591761  0.434378  0.585050  0.573920  0.723414  0.766550  0.491018  0.369692  0.624887  0.585551  0.648072  0.475850  0.597938  0.505664  0.624824  0.683108  0.646371  0.452960  0.549119  0.576644  0.659631  0.538633  0.423707  0.423641  0.467475  0.547147  0.454308  0.581448  0.456724  0.605147  0.603998  0.730544  0.429919  0.774557  0.602101  0.476561  0.537095  0.486574  0.564697  0.509993  0.546536  0.702725  0.649794  0.503089  0.731419  0.632659  0.524325  0.545586  0.485317  0.440946  0.568795  0.511380  0.461621  0.629357  0.508885  0.554610  0.673232  0.580387  0.522400  0.514015  0.530886  0.445292  0.441499  0.565232  0.597715  0.480933  0.605829  0.539599  0.439087  0.553350  0.572431  0.624764  0.383135  0.484815  0.432398  0.472638  0.506243  0.566334  0.671253  0.625522  0.450583  0.431516  0.485876  0.616176  0.413842 
16  0.614183  0.582670  0.530532  0.465001  0.499363  0.590530  0.661037  0.462476  0.577461  0.367688  0.588651  0.395410  0.435454  0.619637  0.653496  0.434574 0.0  0.487413  0.581844  0.507610  0.429416  0.561943  0.359677  0.434734  0.662802  0.572839  0.585206  0.506324  0.292094  0.531389  0.391077  0.571637  0.478325  0.434739  0.674073  0.347285  0.416927  0.496132  0.656592  0.663391  0.470268  0.760447  0.531356  0.521254  0.437664  0.598769  0.428532  0.521622  0.430663  0.314025  0.461055  0.438877  0.667223  0.524116  0.586421  0.449767  0.445390  0.504764  0.555243  0.705535  0.414826  0.519000  0.503231  0.568187  0.462554  0.590661  0.669143  0.490826  0.388317  0.472394  0.419558  0.714930  0.418264  0.716766  0.518847  0.585239  0.720273  0.658243  0.408053  0.565461  0.553364  0.660303  0.551731  0.386748  0.469068  0.402459  0.442760  0.496178  0.424691  0.415480  0.526650  0.550120  0.601405  0.426463  0.605339  0.620294  0.447516  0.616018  0.431013  0.514453  0.379173  0.409134  0.443418  0.469171  0.409825  0.483108  0.579858  0.511853  0.496341  0.575891  0.434659  0.413082  0.517474  0.433166  0.571415  0.462514  0.410768  0.514567  0.491383  0.480648  0.367878  0.420769  0.617527  0.364466  0.492830  0.412169  0.380149  0.583567  0.437168  0.527234  0.474528  0.603216  0.629026  0.449496  0.477501  0.567711  0.482376  0.434507  0.593812  0.483844  0.552673  0.597424  0.413715  0.501312  0.517124  0.392550 
17  0.711787  0.517259  0.528717  0.537567  0.451102  0.687095  0.572784  0.548959  0.608473  0.478100  0.658858  0.421361  0.551294  0.771681  0.697844  0.473417  0.487413 0.0  0.653784  0.550567  0.494620  0.564264  0.390473  0.442388  0.599798  0.541942  0.534999  0.391146  0.493490  0.508441  0.399912  0.627703  0.462535  0.438802  0.559108  0.402923  0.467199  0.424244  0.536030  0.567771  0.417520  0.701705  0.560220  0.630001  0.549894  0.531128  0.440893  0.668628  0.416508  0.395738  0.520914  0.531867  0.599537  0.491279  0.672866  0.600530  0.434034  0.524139  0.521686  0.576033  0.605869  0.548291  0.549589  0.491060  0.495671  0.573055  0.619593  0.480215  0.552106  0.514511  0.573712  0.673868  0.501494  0.660926  0.477048  0.543633  0.591460  0.669298  0.347023  0.481091  0.583880  0.652034  0.571081  0.521750  0.540405  0.491261  0.458673  0.497070  0.448742  0.529002  0.457980  0.535125  0.518335  0.538095  0.552658  0.580574  0.496150  0.466915  0.583927  0.539293  0.448316  0.498419  0.406080  0.522580  0.453379  0.497662  0.634881  0.444240  0.503819  0.532633  0.497405  0.585068  0.583968  0.472958  0.402478  0.465329  0.400217  0.690352  0.422585  0.373332  0.482196  0.450199  0.461849  0.437539  0.700430  0.588328  0.379387  0.569454  0.440473  0.514610  0.457003  0.523761  0.565113  0.411802  0.523682  0.595457  0.601509  0.520189  0.529145  0.518663  0.519582  0.632253  0.577050  0.534626  0.482426  0.529176 
18  0.513048  0.891409  0.767054  0.274363  0.629213  0.410467  0.543557  0.494383  0.381757  0.586018  0.622852  0.546359  0.390410  0.595535  0.345465  0.650763  0.581844  0.653784 0.0  0.547152  0.550975  0.507365  0.734845  0.727902  0.427227  0.590125  0.409790  0.512214  0.716974  0.639415  0.726927  0.430848  0.531216  0.588603  0.594303  0.504349  0.731183  0.628154  0.762862  0.705741  0.670063  0.337227  0.412737  0.444832  0.746898  0.390019  0.616240  0.361390  0.488135  0.476885  0.396977  0.530305  0.326571  0.445174  0.576270  0.505909  0.570278  0.375191  0.638552  0.538580  0.305405  0.565594  0.685525  0.703420  0.452467  0.296083  0.560681  0.641571  0.521096  0.496660  0.381330  0.583306  0.591495  0.490090  0.576879  0.412829  0.726229  0.703099  0.600448  0.619233  0.613026  0.647086  0.512200  0.672307  0.509301  0.559123  0.652766  0.611840  0.609650  0.516731  0.675994  0.652929  0.273441  0.562052  0.371670  0.501979  0.497094  0.637889  0.426981  0.395923  0.518698  0.530149  0.641197  0.556491  0.634366  0.509502  0.461496  0.604112  0.369244  0.863909  0.676240  0.594925  0.691071  0.542589  0.685525  0.532603  0.605347  0.306822  0.548906  0.727674  0.653820  0.777508  0.578870  0.615585  0.539313  0.505909  0.613626  0.535381  0.637111  0.850096  0.597733  0.539595  0.512020  0.598078  0.721856  0.661036  0.541788  0.646387  0.565221  0.723934  0.407116  0.607583  0.506740  0.504527  0.763531  0.501334 
19  0.422744  0.669746  0.685579  0.437413  0.542273  0.519215  0.601908  0.517092  0.452599  0.548821  0.542178  0.533887  0.586157  0.714744  0.489779  0.581104  0.507610  0.550567  0.547152 0.0  0.533973  0.602512  0.565722  0.708272  0.477860  0.613435  0.514563  0.530510  0.595694  0.510890  0.548131  0.612937  0.477520  0.527373  0.603350  0.522641  0.528134  0.522071  0.486024  0.574043  0.559406  0.547029  0.435763  0.546615  0.621757  0.539245  0.608647  0.484114  0.498640  0.600853  0.514226  0.622476  0.489288  0.467242  0.480966  0.557955  0.509469  0.477436  0.535522  0.595976  0.514905  0.520814  0.534779  0.478436  0.575794  0.440765  0.566675  0.631392  0.498452  0.491303  0.473020  0.558267  0.532499  0.627697  0.573462  0.454775  0.573460  0.565705  0.590011  0.674152  0.479363  0.465680  0.515533  0.568554  0.570450  0.594907  0.574473  0.574014  0.584798  0.455549  0.515290  0.668436  0.412325  0.611647  0.497423  0.436675  0.611362  0.682933  0.515884  0.558825  0.537112  0.492781  0.518608  0.502898  0.595506  0.503465  0.485438  0.636495  0.491372  0.688731  0.495637  0.512731  0.638608  0.483002  0.609843  0.484582  0.565142  0.448099  0.641896  0.713869  0.595854  0.552102  0.564854  0.631674  0.528801  0.485013  0.469536  0.514750  0.587625  0.617094  0.558531  0.548593  0.507108  0.518098  0.616525  0.572236  0.422272  0.569118  0.610221  0.558091  0.510457  0.659734  0.651040  0.555588  0.650679  0.615566 
20  0.593621  0.576125  0.591601  0.545791  0.600467  0.710298  0.534839  0.412151  0.691150  0.469414  0.695336  0.342698  0.512039  0.694108  0.651659  0.409290  0.429416  0.494620  0.550975  0.533973 0.0  0.538008  0.320324  0.438763  0.596401  0.498807  0.479600  0.593228  0.291834  0.536208  0.494436  0.519424  0.450707  0.482270  0.597668  0.329627  0.366553  0.418305  0.548211  0.634882  0.407748  0.728639  0.614312  0.622576  0.547480  0.588140  0.353136  0.588763  0.342940  0.364368  0.495216  0.482232  0.707773  0.456891  0.657558  0.449037  0.421695  0.538199  0.571366  0.636594  0.492290  0.443598  0.326846  0.503228  0.438103  0.668110  0.576576  0.483686  0.433430  0.514048  0.479870  0.635288  0.415949  0.599205  0.476819  0.599067  0.593727  0.577591  0.410974  0.533200  0.544551  0.535018  0.467346  0.447644  0.322323  0.400505  0.455187  0.379257  0.381973  0.457133  0.471458  0.417341  0.672785  0.524703  0.607834  0.729888  0.524954  0.618402  0.372485  0.497626  0.427972  0.441883  0.420783  0.473173  0.562239  0.570914  0.504073  0.469756  0.583850  0.466356  0.386732  0.549538  0.646427  0.408259  0.468572  0.406664  0.348716  0.674445  0.386773  0.525064  0.489091  0.475161  0.574781  0.395086  0.503558  0.452008  0.295296  0.618192  0.436780  0.384755  0.375303  0.475638  0.598844  0.381550  0.580196  0.487748  0.448314  0.418757  0.492456  0.463124  0.486836  0.480086  0.469056  0.386012  0.420502  0.351425 
21  0.595508  0.616477  0.498980  0.597445  0.569275  0.706242  0.560030  0.498043  0.722524  0.494098  0.678697  0.533567  0.580631  0.675966  0.669386  0.493568  0.561943  0.564264  0.507365  0.602512  0.538008 0.0  0.523264  0.505002  0.581178  0.547649  0.538139  0.553352  0.680320  0.671261  0.582775  0.688678  0.633890  0.549597  0.554999  0.528877  0.651165  0.621933  0.682180  0.565895  0.591277  0.617898  0.604788  0.538404  0.600228  0.524367  0.510897  0.684281  0.642731  0.539129  0.607242  0.631296  0.529653  0.498363  0.576413  0.538949  0.628781  0.609684  0.537270  0.493050  0.598327  0.578338  0.657677  0.457661  0.630912  0.622187  0.558747  0.561025  0.522998  0.528500  0.679264  0.650604  0.678314  0.523095  0.542975  0.636971  0.694692  0.682212  0.512029  0.560711  0.511840  0.642454  0.659408  0.544414  0.545936  0.509342  0.615619  0.542866  0.603341  0.546263  0.615825  0.620573  0.648874  0.544685  0.638536  0.684135  0.558617  0.486031  0.557784  0.475473  0.631944  0.472148  0.565306  0.626375  0.508769  0.595727  0.669015  0.638059  0.549491  0.500901  0.535457  0.736056  0.670273  0.524929  0.513966  0.610721  0.533426  0.567110  0.614406  0.504255  0.546021  0.558889  0.644944  0.521582  0.669216  0.567247  0.564292  0.614408  0.607793  0.605376  0.541323  0.498740  0.557146  0.550291  0.613393  0.590543  0.581393  0.664702  0.590453  0.460024  0.514944  0.659750  0.535542  0.594337  0.714258  0.519878 
22  0.560360  0.453273  0.521391  0.612988  0.496255  0.891129  0.520509  0.414709  0.681950  0.399044  0.685988  0.302328  0.540752  0.591669  0.556041  0.436125  0.359677  0.390473  0.734845  0.565722  0.320324  0.523264 0.0  0.394541  0.576526  0.639152  0.530658  0.464059  0.244490  0.615844  0.331270  0.598489  0.443621  0.427702  0.594465  0.440540  0.274592  0.412272  0.774396  0.550008  0.521970  0.685714  0.740730  0.591352  0.549182  0.657834  0.424327  0.628456  0.228102  0.358511  0.487043  0.464403  0.647591  0.444367  0.499939  0.504150  0.283067  0.618817  0.423973  0.541403  0.389954  0.406326  0.294465  0.446758  0.340899  0.594048  0.623461  0.418560  0.525743  0.494976  0.488055  0.577399  0.416867  0.561696  0.406479  0.635078  0.668580  0.638797  0.365421  0.501161  0.555099  0.554591  0.471357  0.393825  0.369564  0.467906  0.477648  0.435214  0.403849  0.495735  0.417425  0.546689  0.564613  0.537828  0.569167  0.517689  0.461479  0.464211  0.435702  0.433213  0.369415  0.438296  0.295725  0.395863  0.496743  0.579121  0.555824  0.505779  0.485124  0.467425  0.329931  0.477083  0.585836  0.463483  0.422175  0.498319  0.333649  0.617189  0.507923  0.476121  0.443812  0.465197  0.565458  0.371935  0.641999  0.435139  0.265707  0.546350  0.402238  0.295422  0.401093  0.432922  0.505664  0.333491  0.563140  0.507662  0.389397  0.502972  0.634727  0.460103  0.449477  0.547718  0.485985  0.377641  0.484420  0.324587 
23  0.744718  0.408767  0.402900  0.720178  0.560726  0.757219  0.594094  0.605361  0.707877  0.523564  0.606931  0.382134  0.526221  0.648501  0.707701  0.533703  0.434734  0.442388  0.727902  0.708272  0.438763  0.505002  0.394541 0.0  0.612725  0.775712  0.784490  0.586770  0.428054  0.644145  0.400684  0.690719  0.468975  0.303274  0.490969  0.364386  0.362114  0.479294  0.596780  0.610731  0.526278  0.809922  0.742336  0.773880  0.421091  0.679230  0.355474  0.712850  0.422468  0.494001  0.618702  0.483002  0.746415  0.676731  0.792087  0.694689  0.397560  0.786039  0.536667  0.569811  0.625337  0.648881  0.505650  0.491069  0.452607  0.723765  0.598766  0.338232  0.541204  0.574027  0.635828  0.736160  0.492159  0.644938  0.445418  0.621183  0.613308  0.687403  0.342764  0.399919  0.730397  0.739552  0.672213  0.607713  0.477038  0.421098  0.541880  0.594838  0.550596  0.453244  0.349790  0.489395  0.827409  0.414295  0.647273  0.678498  0.592122  0.511539  0.549100  0.538160  0.522925  0.649381  0.504992  0.538694  0.400044  0.628560  0.569963  0.550978  0.703197  0.416361  0.452229  0.522359  0.700531  0.638693  0.422526  0.644750  0.429690  0.724622  0.504039  0.450388  0.397946  0.595018  0.597102  0.335977  0.748190  0.591380  0.428085  0.535716  0.354499  0.280320  0.496975  0.503224  0.677914  0.429108  0.498941  0.604754  0.490204  0.627642  0.608987  0.559801  0.639329  0.604874  0.373407  0.427934  0.514082  0.303076 
24  0.564653  0.834735  0.770667  0.505586  0.577481  0.395354  0.565543  0.518582  0.359397  0.507298  0.571835  0.533673  0.691905  0.638168  0.489820  0.748461  0.662802  0.599798  0.427227  0.477860  0.596401  0.581178  0.576526  0.612725 0.0  0.517117  0.575940  0.650682  0.623642  0.568808  0.554938  0.569464  0.540803  0.564285  0.725744  0.560460  0.702830  0.608130  0.558691  0.691135  0.564583  0.472699  0.353633  0.380452  0.670367  0.388674  0.576969  0.418223  0.599007  0.550431  0.447826  0.585706  0.462459  0.403204  0.597001  0.420837  0.592996  0.449063  0.601419  0.556096  0.426749  0.545565  0.556005  0.599679  0.616281  0.389550  0.410921  0.643822  0.691307  0.563848  0.536486  0.651963  0.600379  0.447101  0.671284  0.497352  0.579115  0.516808  0.581009  0.683996  0.577626  0.664736  0.574697  0.717409  0.628595  0.668884  0.759630  0.782913  0.610707  0.611885  0.593193  0.722062  0.403069  0.646228  0.376784  0.515485  0.562493  0.788486  0.700847  0.652806  0.610557  0.598888  0.641989  0.478889  0.656763  0.492366  0.702000  0.699098  0.319475  0.795114  0.568758  0.585909  0.659048  0.547104  0.703522  0.591109  0.579626  0.408950  0.719901  0.654525  0.610661  0.538236  0.689183  0.661128  0.522929  0.602240  0.518725  0.515873  0.700062  0.752547  0.571792  0.577858  0.475379  0.562172  0.662143  0.553257  0.764173  0.717897  0.515548  0.524615  0.564992  0.696224  0.480748  0.589334  0.855632  0.697725 
25  0.673619  0.711801  0.663537  0.564342  0.615372  0.642148  0.600063  0.525799  0.624920  0.605724  0.656168  0.608940  0.559174  0.624973  0.565079  0.722249  0.572839  0.541942  0.590125  0.613435  0.498807  0.547649  0.639152  0.775712  0.517117 0.0  0.548857  0.422104  0.521181  0.569939  0.584209  0.541590  0.564604  0.605406  0.562422  0.569768  0.629962  0.614092  0.690618  0.736280  0.521341  0.637310  0.571527  0.607776  0.545703  0.491276  0.514259  0.630535  0.605213  0.552708  0.574939  0.495288  0.607041  0.580009  0.591656  0.544822  0.567931  0.561021  0.552661  0.629409  0.540148  0.574379  0.578743  0.652042  0.592515  0.665582  0.592242  0.657244  0.579395  0.598670  0.532530  0.617789  0.598152  0.627386  0.616792  0.503051  0.675174  0.505890  0.609415  0.677155  0.633893  0.670340  0.562029  0.536790  0.535315  0.511615  0.633719  0.647433  0.534409  0.568477  0.560256  0.451085  0.611806  0.627427  0.654376  0.593265  0.557606  0.594547  0.664152  0.490163  0.596287  0.513076  0.625440  0.542071  0.604475  0.618586  0.614090  0.538365  0.551218  0.675553  0.490044  0.692422  0.653799  0.596570  0.620322  0.456596  0.597591  0.623432  0.541172  0.557123  0.558198  0.556313  0.618346  0.599925  0.581331  0.537502  0.600919  0.482672  0.520524  0.557257  0.599003  0.492805  0.616891  0.688463  0.542841  0.580640  0.527359  0.469377  0.579853  0.562380  0.563636  0.700475  0.605394  0.611422  0.619114  0.595243 
26  0.483392  0.710858  0.752972  0.391116  0.649329  0.663782  0.472523  0.267724  0.566532  0.536989  0.675813  0.496061  0.435132  0.484460  0.500603  0.555818  0.585206  0.534999  0.409790  0.514563  0.479600  0.538139  0.530658  0.784490  0.575940  0.548857 0.0  0.552641  0.481547  0.632990  0.540443  0.616644  0.436986  0.652044  0.788702  0.435902  0.657268  0.645477  0.675825  0.616890  0.659673  0.605125  0.600997  0.522648  0.793984  0.622695  0.558442  0.512750  0.509663  0.534623  0.480884  0.627729  0.480427  0.390248  0.552864  0.472368  0.472529  0.425089  0.662221  0.440293  0.402800  0.329294  0.642101  0.651625  0.506660  0.592156  0.627822  0.648389  0.414820  0.407974  0.540774  0.580086  0.507791  0.526679  0.575731  0.501404  0.497076  0.557229  0.656321  0.632351  0.347776  0.556185  0.488325  0.543091  0.553264  0.480667  0.571291  0.522375  0.525276  0.440140  0.562791  0.554485  0.463405  0.527228  0.476027  0.523644  0.520980  0.611069  0.511958  0.490580  0.465656  0.331554  0.560829  0.427096  0.502270  0.486985  0.517489  0.667197  0.528558  0.543852  0.628373  0.726677  0.606297  0.480479  0.656229  0.475351  0.592265  0.524021  0.584229  0.798435  0.584662  0.689155  0.661174  0.656169  0.527777  0.282045  0.524175  0.518662  0.611616  0.635497  0.501223  0.585906  0.593030  0.642483  0.621951  0.526080  0.478652  0.559218  0.572775  0.634467  0.367207  0.589497  0.529084  0.474191  0.723939  0.519020 
