146
0 0.0  0.778024  0.787751  0.551707  0.661596  0.686369  0.513304  0.515158  0.503603  0.630022  0.656768  0.655709  0.659636  0.591277  0.481878  0.677572  0.594870  0.640303  0.416415  0.603744  0.534764  0.482167  0.543770  0.852204  0.499013  0.570834  0.527015  0.582133  0.642961  0.695036  0.606991  0.699442  0.674103  0.570914  0.862746  0.561610  0.757762  0.759198  0.664535  0.717398  0.740949  0.542495  0.549498  0.599340  0.749373  0.515018  0.677932  0.588744  0.567348  0.624040  0.568569  0.713453  0.413107  0.533927  0.439387  0.530003  0.734538  0.541961  0.604301  0.716029  0.476831  0.693526  0.682945  0.811681  0.553813  0.598855  0.719086  0.767292  0.680763  0.699831  0.530716  0.684156  0.660107  0.572287  0.754190  0.618712  0.713309  0.611704  0.832735  0.820716  0.580903  0.491877  0.529975  0.689540  0.536050  0.769868  0.706645  0.592659  0.783722  0.446806  0.707115  0.748467  0.444217  0.758670  0.415299  0.406899  0.584652  0.755078  0.684732  0.547132  0.614951  0.578169  0.655451  0.530036  0.562892  0.461205  0.543201  0.693528  0.635830  0.766316  0.762221  0.706298  0.820988  0.568898  0.671135  0.599687  0.659408  0.465218  0.670308  0.824827  0.782195  0.681818  0.720524  0.703466  0.380976  0.650938  0.633753  0.438557  0.630725  0.785204  0.520023  0.565760  0.390094  0.635523  0.768159  0.498253  0.569257  0.602507  0.550934  0.659128  0.384387  0.699544  0.569658  0.614111  0.670735  0.611535 
1  0.778024 0.0  0.480449  0.883971  0.635521  0.886570  0.670783  0.700449  0.888682  0.626078  0.611506  0.702357  0.706208  0.710280  0.827128  0.613253  0.629639  0.678256  0.726054  0.686201  0.577557  0.705517  0.415365  0.473953  0.737739  0.643787  0.685271  0.751958  0.535130  0.624267  0.588034  0.802095  0.530364  0.481350  0.459889  0.433486  0.510014  0.664957  0.689881  0.626870  0.686529  0.871722  0.945274  0.772963  0.510557  0.742383  0.358714  0.771705  0.583591  0.583623  0.876064  0.547491  0.832609  0.664667  0.749696  0.653154  0.573972  0.922226  0.668361  0.604366  0.795517  0.703502  0.594117  0.624715  0.715940  0.820751  0.766046  0.481068  0.705568  0.688077  0.788999  0.739907  0.571813  0.727116  0.476711  0.816778  0.915952  0.741071  0.511142  0.475091  0.842203  0.804554  0.758676  0.403637  0.563398  0.583097  0.632445  0.630274  0.631739  0.680257  0.409738  0.545297  0.933449  0.580541  0.840307  0.712570  0.725914  0.434626  0.718852  0.688313  0.551852  0.635576  0.532149  0.679466  0.564152  0.633713  0.694045  0.480236  0.770588  0.497436  0.436621  0.751352  0.749339  0.596050  0.551753  0.653682  0.615236  0.932540  0.641419  0.518886  0.540843  0.595916  0.719756  0.480016  0.963701  0.702413  0.557524  0.731810  0.550418  0.517013  0.619505  0.508255  0.645602  0.668549  0.702686  0.515979  0.679766  0.704815  0.591753  0.576048  0.788331  0.685645  0.583145  0.624462  0.479811  0.586864 
2  0.787751  0.480449 0.0  0.812798  0.652571  0.771423  0.710554  0.776444  0.820612  0.672807  0.574307  0.675874  0.663727  0.718156  0.824322  0.677913  0.504958  0.582075  0.785912  0.700686  0.551999  0.587769  0.624197  0.514401  0.724811  0.642105  0.775443  0.717524  0.637953  0.636122  0.561792  0.767101  0.699140  0.552136  0.419006  0.469916  0.546909  0.585959  0.670671  0.622678  0.569560  0.971550  0.813852  0.905001  0.403038  0.883453  0.581170  0.886558  0.571243  0.582782  0.851311  0.470760  0.812895  0.720102  0.767584  0.764715  0.525723  0.848984  0.672553  0.705981  0.806830  0.710402  0.709362  0.620102  0.627461  0.748101  0.843970  0.352385  0.680578  0.763687  0.673209  0.723379  0.559437  0.914941  0.540572  0.705332  0.752655  0.698712  0.438859  0.412115  0.876632  0.830625  0.703758  0.670359  0.592661  0.469272  0.773199  0.562993  0.613012  0.673616  0.449880  0.512610  0.794532  0.606613  0.921660  0.565209  0.733054  0.424724  0.797487  0.836279  0.706067  0.758951  0.577198  0.695814  0.486602  0.737368  0.694914  0.557372  0.840889  0.471156  0.562572  0.707308  0.786502  0.712393  0.621224  0.788895  0.489633  0.905706  0.635527  0.296565  0.467550  0.591078  0.586380  0.510942  0.736968  0.687205  0.595197  0.661820  0.550696  0.653934  0.646551  0.624465  0.755798  0.575712  0.531742  0.592086  0.586690  0.844565  0.649382  0.657004  0.753509  0.743086  0.673329  0.659754  0.540168  0.588905 
3  0.551707  0.883971  0.812798 0.0  0.547046  0.456533  0.563888  0.448017  0.465400  0.663448  0.679447  0.698939  0.618185  0.550034  0.311407  0.569901  0.626300  0.676250  0.360730  0.580123  0.453322  0.626335  0.475659  0.688358  0.442477  0.598699  0.494622  0.614138  0.662586  0.664151  0.564711  0.543203  0.575592  0.593354  0.847346  0.602995  0.713961  0.719623  0.791587  0.644704  0.772055  0.311328  0.382937  0.328659  0.813529  0.430996  0.534104  0.301463  0.459399  0.600576  0.406609  0.641495  0.422365  0.567486  0.613715  0.514566  0.651766  0.306558  0.642986  0.686366  0.261712  0.705898  0.629661  0.676212  0.593027  0.383546  0.400306  0.642964  0.565682  0.502818  0.558239  0.628326  0.505909  0.444234  0.782635  0.272303  0.732997  0.696549  0.572442  0.726402  0.469800  0.522462  0.594870  0.692464  0.602994  0.628992  0.663478  0.552069  0.677860  0.507970  0.749120  0.706159  0.264773  0.645383  0.388177  0.531990  0.458272  0.768740  0.416009  0.526470  0.504139  0.570225  0.681737  0.599290  0.465983  0.497714  0.464186  0.752072  0.376579  0.723122  0.633491  0.644972  0.793344  0.550050  0.686905  0.585350  0.637110  0.269864  0.685854  0.696025  0.720937  0.597735  0.663974  0.634253  0.447388  0.533596  0.594283  0.645651  0.623083  0.762110  0.630131  0.625798  0.612388  0.401486  0.697411  0.643364  0.647740  0.499384  0.644741  0.824511  0.391281  0.673080  0.532987  0.417042  0.634043  0.541691 
4  0.661596  0.635521  0.652571  0.547046 0.0  0.585479  0.732662  0.582852  0.562120  0.512811  0.562914  0.385390  0.578077  0.693429  0.525258  0.634329  0.425343  0.524394  0.596398  0.492013  0.558089  0.590100  0.484096  0.616148  0.643757  0.608295  0.706077  0.485669  0.605819  0.423056  0.479224  0.399872  0.702116  0.624107  0.587153  0.642650  0.736733  0.456743  0.529063  0.756181  0.517725  0.659124  0.430515  0.651499  0.737183  0.623309  0.646002  0.487537  0.392725  0.583663  0.474662  0.598723  0.563269  0.663714  0.522753  0.488897  0.691428  0.625158  0.584973  0.562314  0.646820  0.757089  0.724458  0.634825  0.690220  0.630068  0.720123  0.660038  0.579420  0.806847  0.580008  0.602699  0.555796  0.604155  0.571521  0.487945  0.677934  0.546774  0.506583  0.627875  0.565921  0.600711  0.394020  0.628668  0.538588  0.567174  0.735863  0.585547  0.499052  0.536959  0.635733  0.609000  0.556385  0.685513  0.594121  0.568808  0.604775  0.626286  0.519514  0.726425  0.537925  0.609997  0.527379  0.577430  0.637800  0.524772  0.595708  0.557214  0.441215  0.617466  0.626598  0.453195  0.483006  0.409294  0.604638  0.458945  0.459523  0.608842  0.653025  0.561784  0.477923  0.374027  0.307160  0.563017  0.510646  0.635641  0.589559  0.485892  0.444372  0.683242  0.419794  0.707416  0.536857  0.352529  0.454551  0.624751  0.566066  0.597330  0.593343  0.650295  0.624916  0.450940  0.609961  0.627087  0.747575  0.633479 
5  0.686369  0.886570  0.771423  0.456533  0.585479 0.0  0.550331  0.745473  0.358618  0.575403  0.631133  0.678587  0.566695  0.634970  0.361877  0.657393  0.660256  0.686159  0.396111  0.439040  0.705332  0.610168  0.624982  0.783030  0.419878  0.664651  0.618390  0.674559  0.715394  0.659245  0.809485  0.562320  0.691964  0.805040  0.774158  0.666505  0.741506  0.618462  0.684701  0.695858  0.774941  0.427172  0.416260  0.398727  0.652515  0.473380  0.853955  0.442021  0.528704  0.725997  0.464118  0.658455  0.398752  0.730120  0.703802  0.484064  0.744090  0.438372  0.656810  0.739293  0.384769  0.650263  0.675162  0.695139  0.841792  0.419851  0.389622  0.750608  0.713084  0.717060  0.635287  0.611834  0.670844  0.314647  0.724550  0.492080  0.680767  0.600446  0.738458  0.809513  0.735487  0.598690  0.650272  0.900930  0.653217  0.690730  0.678783  0.547338  0.817418  0.674448  0.725199  0.755472  0.357594  0.721272  0.405521  0.499873  0.816091  0.760704  0.572749  0.755988  0.486369  0.737397  0.656522  0.528540  0.769248  0.801718  0.675400  0.851061  0.457217  0.834203  0.697929  0.592858  0.555101  0.447806  0.696239  0.638913  0.616150  0.502499  0.790321  0.859931  0.592035  0.634277  0.776169  0.566070  0.601991  0.722327  0.628248  0.662626  0.701528  0.805058  0.771544  0.555108  0.559453  0.467171  0.685096  0.532443  0.717881  0.599064  0.639995  0.648643  0.665224  0.759545  0.666361  0.799639  0.798932  0.724882 
6  0.513304  0.670783  0.710554  0.563888  0.732662  0.550331 0.0  0.472340  0.628656  0.510677  0.546312  0.573913  0.503881  0.715091  0.462875  0.504789  0.602356  0.629306  0.584677  0.612288  0.589919  0.616940  0.600734  0.702016  0.640106  0.582165  0.556626  0.556116  0.588053  0.632631  0.520162  0.576324  0.693804  0.639322  0.782307  0.490790  0.548303  0.726157  0.554641  0.734597  0.599188  0.565755  0.497158  0.528797  0.537537  0.529744  0.561111  0.570609  0.522662  0.489361  0.590037  0.589534  0.623865  0.457611  0.659531  0.492415  0.604996  0.519942  0.648101  0.522488  0.518519  0.529503  0.581708  0.578154  0.623691  0.565323  0.566681  0.692764  0.580739  0.534368  0.485247  0.679184  0.555904  0.558255  0.707745  0.499731  0.666930  0.660324  0.656886  0.639003  0.609301  0.422380  0.541339  0.629756  0.593602  0.532812  0.551875  0.509569  0.554088  0.566506  0.633249  0.700070  0.581778  0.680634  0.600871  0.503359  0.479023  0.717139  0.501971  0.527166  0.533599  0.487646  0.571695  0.608635  0.638442  0.553197  0.540868  0.723242  0.528786  0.813638  0.578352  0.600866  0.657888  0.433718  0.640481  0.642662  0.590671  0.441827  0.621608  0.795369  0.688916  0.625172  0.621291  0.549166  0.598732  0.636817  0.641445  0.595658  0.623625  0.725430  0.717742  0.658876  0.608514  0.567579  0.629856  0.596145  0.533107  0.522880  0.673445  0.660042  0.554548  0.591340  0.522090  0.576022  0.593632  0.651258 
7  0.515158  0.700449  0.776444  0.448017  0.582852  0.745473  0.472340 0.0  0.567300  0.557686  0.618974  0.489672  0.539208  0.630503  0.509400  0.466637  0.470720  0.604834  0.449846  0.527589  0.352589  0.469950  0.438981  0.628265  0.568419  0.509006  0.216143  0.671161  0.435148  0.807304  0.514401  0.687290  0.318054  0.480299  0.774378  0.305849  0.615987  0.671868  0.654627  0.735819  0.643840  0.607273  0.572308  0.526601  0.606911  0.683869  0.552614  0.527422  0.473684  0.498487  0.459877  0.697479  0.597897  0.369289  0.708881  0.531044  0.477402  0.480271  0.605308  0.471742  0.428611  0.337458  0.620044  0.603185  0.469987  0.634359  0.652742  0.623802  0.505439  0.404853  0.565327  0.634353  0.658267  0.551415  0.644231  0.531540  0.595017  0.615671  0.602170  0.696454  0.339958  0.546290  0.429620  0.608585  0.369242  0.481454  0.562705  0.577932  0.696312  0.539730  0.612744  0.600684  0.453210  0.574884  0.547305  0.574026  0.551627  0.636083  0.455571  0.491895  0.516499  0.343417  0.579944  0.300436  0.426162  0.547217  0.415196  0.647689  0.597339  0.613764  0.487290  0.689505  0.799012  0.603715  0.586524  0.541707  0.551151  0.377491  0.550820  0.720882  0.566989  0.661206  0.554378  0.494069  0.518423  0.294893  0.482398  0.480017  0.601695  0.598344  0.500271  0.502884  0.586595  0.482084  0.684846  0.556954  0.455300  0.439522  0.607434  0.676359  0.399991  0.746680  0.479221  0.355013  0.543344  0.395055 
8  0.503603  0.888682  0.820612  0.465400  0.562120  0.358618  0.628656  0.567300 0.0  0.466529  0.672518  0.456022  0.579114  0.603697  0.359075  0.620672  0.536160  0.515263  0.385623  0.503110  0.721356  0.623183  0.594744  0.734712  0.394785  0.595625  0.532737  0.584318  0.608367  0.614263  0.684917  0.707304  0.736322  0.665079  0.735860  0.663488  0.638965  0.837893  0.634871  0.682400  0.844994  0.405684  0.314045  0.388955  0.585206  0.396211  0.861369  0.427551  0.594232  0.681063  0.490763  0.668509  0.445568  0.485344  0.551288  0.539807  0.748897  0.544252  0.562538  0.592677  0.427595  0.715585  0.593201  0.793601  0.745683  0.390419  0.427052  0.798597  0.640010  0.655229  0.735449  0.586966  0.618627  0.418947  0.775793  0.544946  0.682521  0.577840  0.612153  0.830616  0.765004  0.629406  0.499609  0.814269  0.616801  0.721370  0.804032  0.567063  0.668650  0.672321  0.710332  0.697125  0.264586  0.864112  0.340940  0.410330  0.626649  0.779266  0.652705  0.685517  0.605858  0.544595  0.576843  0.618951  0.658045  0.600788  0.600074  0.702537  0.231728  0.753582  0.703174  0.616149  0.617038  0.376822  0.851915  0.642441  0.662786  0.442253  0.758134  0.868488  0.557767  0.662426  0.541031  0.773689  0.687505  0.659450  0.638168  0.521855  0.549718  0.776101  0.591146  0.578745  0.496020  0.433286  0.765958  0.520195  0.636949  0.666498  0.533612  0.640190  0.664711  0.585745  0.646713  0.779022  0.760364  0.676234 
9  0.630022  0.626078  0.672807  0.663448  0.512811  0.575403  0.510677  0.557686  0.466529 0.0  0.694179  0.355766  0.525372  0.755529  0.697817  0.513274  0.336463  0.446860  0.632586  0.405425  0.456737  0.705838  0.328687  0.585617  0.544234  0.567379  0.597439  0.577061  0.426768  0.610647  0.359564  0.663966  0.667607  0.588571  0.482486  0.454315  0.552844  0.473648  0.572196  0.606064  0.607331  0.649750  0.636779  0.578095  0.509744  0.478910  0.391247  0.605893  0.347062  0.424848  0.665963  0.576848  0.529032  0.491363  0.605041  0.544227  0.445786  0.553601  0.508480  0.615029  0.453146  0.570347  0.473232  0.604870  0.593554  0.621531  0.581680  0.551596  0.370744  0.474624  0.512465  0.608601  0.566500  0.517991  0.638801  0.497954  0.767590  0.637410  0.512252  0.645620  0.589105  0.595542  0.467542  0.570691  0.456631  0.412274  0.633767  0.410673  0.620905  0.542609  0.539374  0.451237  0.628058  0.567557  0.570223  0.520466  0.602361  0.630559  0.544867  0.569903  0.445327  0.541669  0.616552  0.570941  0.585019  0.522812  0.647801  0.402934  0.593179  0.616285  0.379301  0.455786  0.531958  0.462147  0.562752  0.612406  0.448487  0.668182  0.557849  0.551213  0.533902  0.437945  0.544215  0.387971  0.557460  0.525410  0.508118  0.593349  0.483827  0.512769  0.446730  0.521923  0.571050  0.440874  0.520484  0.582449  0.509079  0.563613  0.638693  0.485999  0.604049  0.639454  0.527736  0.525495  0.518845  0.556986 
10  0.656768  0.611506  0.574307  0.679447  0.562914  0.631133  0.546312  0.618974  0.672518  0.694179 0.0  0.577768  0.595570  0.633931  0.697608  0.421433  0.606148  0.668260  0.695195  0.636092  0.670344  0.651593  0.677390  0.721640  0.691898  0.718225  0.741054  0.728727  0.691091  0.569548  0.685011  0.561885  0.714457  0.702824  0.717185  0.609564  0.752790  0.733950  0.568942  0.701079  0.734846  0.682946  0.677244  0.584667  0.721578  0.709710  0.618051  0.510968  0.657689  0.615882  0.723161  0.590531  0.626081  0.596967  0.584863  0.676074  0.673728  0.669548  0.686802  0.616054  0.605491  0.648126  0.786236  0.655796  0.662881  0.702130  0.625359  0.685010  0.617279  0.625884  0.707091  0.660593  0.615253  0.699981  0.760429  0.571786  0.619361  0.632619  0.602372  0.553437  0.598758  0.766384  0.718711  0.719254  0.671737  0.721090  0.670587  0.680353  0.689268  0.568484  0.713881  0.646154  0.672363  0.692866  0.710884  0.608817  0.692040  0.776631  0.633538  0.654624  0.656596  0.649619  0.658116  0.762515  0.661282  0.696556  0.513488  0.676728  0.597712  0.669173  0.670932  0.635502  0.569424  0.528889  0.625903  0.641880  0.706521  0.506410  0.782131  0.629576  0.538023  0.706756  0.623020  0.616078  0.630628  0.576296  0.519778  0.719208  0.621273  0.796996  0.615813  0.614438  0.634774  0.686384  0.600838  0.614200  0.663413  0.494606  0.600106  0.648333  0.604663  0.603257  0.701083  0.595498  0.635206  0.611130 
11  0.655709  0.702357  0.675874  0.698939  0.385390  0.678587  0.573913  0.489672  0.456022  0.355766  0.577768 0.0  0.530841  0.783143  0.757639  0.380264  0.269660  0.397134  0.604787  0.601754  0.378193  0.578862  0.272749  0.557795  0.549313  0.570171  0.483724  0.492804  0.130875  0.543142  0.334168  0.595618  0.451964  0.484019  0.710036  0.398783  0.260877  0.463214  0.596661  0.605106  0.408964  0.755746  0.671927  0.630777  0.490458  0.642404  0.350850  0.702802  0.328252  0.339311  0.573913  0.333249  0.630945  0.519587  0.589273  0.556266  0.343994  0.722781  0.405616  0.710132  0.522485  0.371399  0.263374  0.521425  0.454299  0.681085  0.623901  0.567744  0.392761  0.440909  0.602140  0.656160  0.434425  0.600295  0.505123  0.635063  0.696483  0.535118  0.288869  0.515301  0.657428  0.653628  0.717794  0.443578  0.487431  0.428749  0.495585  0.530743  0.413817  0.517625  0.244976  0.404014  0.761400  0.536052  0.620052  0.603069  0.568949  0.604885  0.518615  0.550639  0.246188  0.558716  0.345080  0.600248  0.357444  0.589239  0.714472  0.458602  0.600440  0.419532  0.275406  0.552000  0.629411  0.384472  0.344123  0.667335  0.232678  0.631230  0.470349  0.589178  0.447245  0.577337  0.580846  0.279253  0.581563  0.562233  0.227481  0.563799  0.516670  0.460440  0.337119  0.400813  0.540032  0.327875  0.639475  0.598280  0.435961  0.339636  0.562834  0.437424  0.490730  0.601112  0.498612  0.320468  0.396251  0.318575 
12  0.659636  0.706208  0.663727  0.618185  0.578077  0.566695  0.503881  0.539208  0.579114  0.525372  0.595570  0.530841 0.0  0.653439  0.594146  0.554883  0.526043  0.542038  0.612386  0.609476  0.571606  0.701218  0.535377  0.456032  0.539664  0.571240  0.571132  0.535126  0.487945  0.694061  0.556982  0.701627  0.665242  0.530188  0.660855  0.586498  0.610374  0.551741  0.678004  0.743713  0.557755  0.448026  0.721401  0.513501  0.542941  0.537777  0.502662  0.612820  0.445663  0.502715  0.607899  0.590422  0.565104  0.551035  0.559486  0.453773  0.522147  0.645019  0.543771  0.624380  0.581363  0.525058  0.533126  0.538931  0.528766  0.564621  0.509052  0.531558  0.544110  0.648824  0.633919  0.676597  0.529589  0.643649  0.568412  0.511857  0.595170  0.735935  0.519840  0.663634  0.640903  0.660769  0.530397  0.568123  0.512300  0.526986  0.541996  0.523302  0.516971  0.559784  0.543405  0.636707  0.543773  0.600209  0.508939  0.560496  0.539276  0.514378  0.688058  0.572419  0.557712  0.516884  0.603948  0.373945  0.452979  0.610768  0.600562  0.609013  0.615984  0.634500  0.495690  0.634993  0.745698  0.584563  0.528529  0.607426  0.507901  0.560842  0.563254  0.595565  0.567378  0.662447  0.768629  0.368778  0.671759  0.549721  0.534020  0.628319  0.630316  0.615334  0.605099  0.433017  0.572045  0.627500  0.541170  0.586208  0.444388  0.529545  0.631450  0.682983  0.465438  0.692533  0.614947  0.521722  0.632074  0.435013 
13  0.591277  0.710280  0.718156  0.550034  0.693429  0.634970  0.715091  0.630503  0.603697  0.755529  0.633931  0.783143  0.653439 0.0  0.596473  0.582985  0.741611  0.736062  0.571387  0.616373  0.594237  0.741371  0.751408  0.702437  0.753904  0.633887  0.619432  0.726444  0.678579  0.658090  0.666038  0.617362  0.674284  0.604292  0.621285  0.548358  0.639793  0.709150  0.606042  0.583226  0.570196  0.585222  0.641795  0.800886  0.641886  0.676782  0.726956  0.685108  0.781136  0.648475  0.690472  0.615120  0.665067  0.717108  0.597172  0.767833  0.650748  0.598395  0.751434  0.719682  0.569019  0.713614  0.697186  0.695724  0.601132  0.725559  0.595383  0.705098  0.676296  0.653345  0.539226  0.751772  0.618117  0.772655  0.750041  0.675997  0.626644  0.730198  0.668806  0.677191  0.536399  0.670610  0.656300  0.655888  0.678637  0.552838  0.656930  0.650059  0.725585  0.661105  0.643714  0.635001  0.672470  0.667848  0.584097  0.625617  0.601578  0.579426  0.586611  0.584342  0.689429  0.674170  0.756268  0.643866  0.546193  0.631864  0.593366  0.746521  0.607105  0.716122  0.567802  0.657791  0.662214  0.778863  0.760684  0.617244  0.778847  0.535171  0.682787  0.662204  0.726595  0.732523  0.625565  0.673398  0.606302  0.591679  0.612479  0.632399  0.669715  0.634684  0.659414  0.652203  0.619373  0.714235  0.660623  0.637775  0.552722  0.597832  0.658831  0.632420  0.665034  0.791531  0.633124  0.602572  0.702517  0.648984 
14  0.481878  0.827128  0.824322  0.311407  0.525258  0.361877  0.462875  0.509400  0.359075  0.697817  0.697608  0.757639  0.594146  0.596473 0.0  0.647462  0.600289  0.764737  0.394733  0.555924  0.597948  0.652196  0.614538  0.730357  0.552562  0.580438  0.452025  0.838094  0.576222  0.637262  0.714629  0.641056  0.552673  0.684343  0.785612  0.587653  0.742974  0.715114  0.731130  0.733041  0.777251  0.312960  0.423148  0.544822  0.794249  0.448136  0.753888  0.283297  0.572469  0.770331  0.380000  0.700864  0.332853  0.538745  0.550527  0.587522  0.390801  0.441032  0.715986  0.640808  0.323531  0.691141  0.647269  0.612717  0.679731  0.321373  0.488317  0.730101  0.606743  0.553542  0.733290  0.724694  0.476385  0.407782  0.776548  0.429933  0.689982  0.602494  0.685283  0.690988  0.581391  0.641653  0.672351  0.693153  0.557152  0.544111  0.675594  0.593535  0.764958  0.513227  0.769553  0.698103  0.291955  0.656022  0.365849  0.344213  0.467467  0.732855  0.580490  0.493943  0.695995  0.555409  0.638863  0.606066  0.623394  0.557250  0.421987  0.569923  0.297876  0.740453  0.577799  0.684295  0.798338  0.465383  0.824686  0.615910  0.709073  0.257843  0.591122  0.740304  0.742090  0.698126  0.552851  0.573077  0.590179  0.490346  0.639755  0.446809  0.602034  0.690325  0.546431  0.661843  0.429148  0.527436  0.750740  0.575734  0.617422  0.477763  0.678042  0.736496  0.608143  0.705684  0.599138  0.570170  0.787516  0.546224 
15  0.677572  0.613253  0.677913  0.569901  0.634329  0.657393  0.504789  0.466637  0.620672  0.513274  0.421433  0.380264  0.554883  0.582985  0.647462 0.0  0.516316  0.605692  0.727272  0.584425  0.488553  0.461313  0.484992  0.542162  0.610200  0.566126  0.600716  0.534983  0.328847  0.665626  0.567251  0.585200  0.660074  0.482128  0.446763  0.568354  0.478972  0.722608  0.492763  0.566063  0.601091  0.668459  0.653738  0.674493  0.584836  0.610729  0.424985  0.664388  0.550416  0.547807  0.562956  0.494895  0.641243  0.643961  0.580694  0.547266  0.645772  0.622916  0.770606  0.699186  0.486427  0.624274  0.355971  0.506972  0.490615  0.671550  0.711342  0.537485  0.358211  0.600476  0.671410  0.742116  0.475781  0.735666  0.538611  0.588349  0.774658  0.642061  0.493488  0.414594  0.645093  0.708771  0.565351  0.521638  0.346995  0.486099  0.658572  0.419480  0.524262  0.544553  0.582854  0.582447  0.702781  0.398459  0.774906  0.740596  0.405697  0.574900  0.568037  0.578712  0.526225  0.631539  0.665682  0.593800  0.564105  0.654844  0.660951  0.692084  0.694621  0.554649  0.546096  0.566809  0.382123  0.413724  0.518348  0.666911  0.538631  0.621964  0.567699  0.647561  0.450485  0.618371  0.493028  0.417553  0.624111  0.582186  0.356352  0.591561  0.498764  0.574271  0.477330  0.510859  0.692896  0.510485  0.484442  0.649135  0.504070  0.497370  0.586300  0.530447  0.506312  0.585425  0.475820  0.544617  0.572800  0.470621 
16  0.594870  0.629639  0.504958  0.626300  0.425343  0.660256  0.602356  0.470720  0.536160  0.336463  0.606148  0.269660  0.526043  0.741611  0.600289  0.516316 0.0  0.436605  0.582539  0.559889  0.354958  0.530645  0.283702  0.469773  0.619162  0.614357  0.572076  0.466736  0.309203  0.582953  0.338299  0.575614  0.541575  0.402966  0.491480  0.303321  0.419058  0.407558  0.595424  0.762173  0.560645  0.799555  0.560358  0.634165  0.442706  0.623322  0.453177  0.593910  0.338203  0.310837  0.559458  0.550006  0.697668  0.562660  0.679322  0.514816  0.419775  0.585975  0.587950  0.557253  0.565100  0.643802  0.575043  0.563144  0.469045  0.474170  0.635917  0.532916  0.361132  0.473955  0.415028  0.707492  0.462991  0.657163  0.570246  0.600332  0.644169  0.732625  0.485368  0.533094  0.718861  0.506654  0.650341  0.358857  0.576938  0.421273  0.519728  0.588476  0.390991  0.389653  0.368782  0.463891  0.570988  0.439907  0.520910  0.613185  0.373441  0.641253  0.493154  0.500051  0.380214  0.478655  0.443198  0.536475  0.391590  0.534051  0.545575  0.422064  0.450702  0.653828  0.475143  0.620812  0.585123  0.360977  0.589574  0.590013  0.553783  0.518006  0.528014  0.455940  0.370089  0.529802  0.599391  0.366475  0.569017  0.485073  0.357749  0.549352  0.436170  0.602224  0.490807  0.532602  0.560226  0.372255  0.460081  0.591838  0.427959  0.329156  0.623575  0.458871  0.433187  0.679769  0.347894  0.468001  0.553690  0.278532 
17  0.640303  0.678256  0.582075  0.676250  0.524394  0.686159  0.629306  0.604834  0.515263  0.446860  0.668260  0.397134  0.542038  0.736062  0.764737  0.605692  0.436605 0.0  0.607941  0.619312  0.413707  0.528245  0.462887  0.527266  0.695339  0.501431  0.588546  0.520874  0.436748  0.505802  0.433170  0.670890  0.530233  0.573031  0.545925  0.483295  0.469771  0.486354  0.591507  0.643811  0.560836  0.694736  0.560440  0.555802  0.544296  0.583055  0.472303  0.576689  0.366314  0.477663  0.543540  0.542469  0.697464  0.583404  0.604243  0.530938  0.591325  0.679986  0.621239  0.563422  0.495228  0.655796  0.476203  0.541418  0.482277  0.759577  0.650053  0.531011  0.426964  0.539343  0.435259  0.716473  0.562838  0.710512  0.481619  0.503399  0.626440  0.686746  0.470089  0.508517  0.519075  0.628306  0.551581  0.548881  0.538632  0.535433  0.497969  0.605514  0.478230  0.410285  0.388437  0.639336  0.698935  0.513735  0.698658  0.620103  0.633838  0.509162  0.577539  0.586870  0.527490  0.557184  0.528194  0.623225  0.364193  0.522304  0.611337  0.583988  0.646433  0.515006  0.433002  0.666475  0.658771  0.483255  0.478309  0.452815  0.359887  0.549716  0.505398  0.533776  0.556050  0.492624  0.562689  0.452512  0.569200  0.509863  0.398090  0.557686  0.413630  0.455312  0.605175  0.539035  0.567002  0.518750  0.523032  0.673055  0.664126  0.479631  0.657178  0.441498  0.587243  0.504657  0.567089  0.555647  0.563507  0.491656 
18  0.416415  0.726054  0.785912  0.360730  0.596398  0.396111  0.584677  0.449846  0.385623  0.632586  0.695195  0.604787  0.612386  0.571387  0.394733  0.727272  0.582539  0.607941 0.0  0.586961  0.650625  0.506359  0.578689  0.752343  0.355713  0.569667  0.460064  0.570549  0.646492  0.662428  0.657288  0.647286  0.538265  0.548118  0.674607  0.500693  0.720434  0.705518  0.817346  0.597529  0.747287  0.362182  0.394063  0.538700  0.705856  0.465617  0.774165  0.387723  0.597282  0.646918  0.309931  0.629279  0.350114  0.553454  0.513324  0.494410  0.723187  0.465208  0.642130  0.610395  0.310493  0.609762  0.770647  0.613887  0.580315  0.333251  0.427771  0.693884  0.531291  0.495393  0.473734  0.783794  0.718048  0.453313  0.582167  0.415094  0.718124  0.768978  0.711082  0.837643  0.571875  0.575323  0.534702  0.790927  0.621655  0.612441  0.685754  0.541458  0.638245  0.664402  0.706473  0.636810  0.391652  0.601089  0.400413  0.545265  0.477596  0.663593  0.582125  0.470409  0.541895  0.622650  0.643361  0.449055  0.579457  0.523700  0.489027  0.684409  0.369354  0.651654  0.807199  0.701483  0.708093  0.635081  0.679496  0.544434  0.612311  0.164389  0.533951  0.803645  0.703300  0.762547  0.654497  0.661178  0.499089  0.408538  0.661856  0.587343  0.578870  0.799359  0.495133  0.587092  0.525055  0.562981  0.729024  0.592845  0.583098  0.568047  0.594602  0.709177  0.584405  0.823662  0.560089  0.619335  0.793450  0.677235 
19  0.603744  0.686201  0.700686  0.580123  0.492013  0.439040  0.612288  0.527589  0.503110  0.405425  0.636092  0.601754  0.609476  0.616373  0.555924  0.584425  0.559889  0.619312  0.586961 0.0  0.615267  0.602654  0.566428  0.633686  0.535663  0.647355  0.369972  0.590074  0.592854  0.603155  0.578747  0.805874  0.588899  0.653398  0.729318  0.599485  0.671869  0.585704  0.634746  0.536730  0.631418  0.497136  0.567542  0.560303  0.684691  0.557057  0.568648  0.530759  0.554140  0.692734  0.603019  0.621354  0.486102  0.435942  0.513305  0.455255  0.608324  0.547856  0.514513  0.727445  0.497970  0.517627  0.622444  0.581523  0.706534  0.545269  0.554458  0.704605  0.583570  0.578972  0.618870  0.646453  0.438193  0.483310  0.603069  0.618120  0.707159  0.569525  0.673854  0.708201  0.528115  0.469978  0.508756  0.662028  0.478476  0.558304  0.694682  0.588163  0.461975  0.584768  0.517949  0.596211  0.417023  0.684808  0.555157  0.469343  0.601075  0.644897  0.471070  0.513362  0.486517  0.481040  0.674209  0.608144  0.555846  0.515543  0.603346  0.647471  0.472835  0.637906  0.656270  0.485416  0.660000  0.513249  0.674332  0.512180  0.610013  0.519159  0.637512  0.622563  0.646520  0.660751  0.643104  0.571904  0.465365  0.573707  0.545765  0.565296  0.613731  0.606287  0.530821  0.682494  0.416418  0.434486  0.638284  0.589835  0.578796  0.469258  0.602605  0.559068  0.437394  0.601089  0.548443  0.585867  0.715908  0.595364 
20  0.534764  0.577557  0.551999  0.453322  0.558089  0.705332  0.589919  0.352589  0.721356  0.456737  0.670344  0.378193  0.571606  0.594237  0.597948  0.488553  0.354958  0.413707  0.650625  0.615267 0.0  0.529643  0.236317  0.589771  0.687749  0.492924  0.464923  0.603939  0.441074  0.560135  0.356019  0.578429  0.454235  0.615155  0.659458  0.293925  0.402947  0.492223  0.585144  0.722019  0.407008  0.749795  0.664200  0.557245  0.585802  0.682423  0.449491  0.642912  0.324592  0.319170  0.579885  0.495281  0.618515  0.577683  0.562448  0.450312  0.336352  0.657101  0.625291  0.607774  0.482050  0.610884  0.379010  0.503132  0.421516  0.602242  0.502025  0.568080  0.442150  0.506458  0.549522  0.666136  0.443678  0.622412  0.458135  0.523461  0.652025  0.713879  0.313072  0.530531  0.504872  0.673317  0.470701  0.458398  0.399291  0.519437  0.525327  0.337392  0.532891  0.439204  0.477414  0.453403  0.587166  0.534636  0.513973  0.547317  0.551561  0.526843  0.410004  0.387043  0.374325  0.505050  0.407711  0.500299  0.520435  0.505628  0.501950  0.558391  0.538034  0.537432  0.317797  0.601692  0.580499  0.360440  0.545573  0.421676  0.392577  0.608995  0.508877  0.390023  0.528236  0.436349  0.583067  0.508664  0.538598  0.454726  0.359864  0.579144  0.513406  0.465414  0.456274  0.450996  0.455874  0.411614  0.532811  0.579805  0.350490  0.490316  0.591511  0.519764  0.558587  0.577540  0.509196  0.419946  0.438939  0.369859 
21  0.482167  0.705517  0.587769  0.626335  0.590100  0.610168  0.616940  0.469950  0.623183  0.705838  0.651593  0.578862  0.701218  0.741371  0.652196  0.461313  0.530645  0.528245  0.506359  0.602654  0.529643 0.0  0.688714  0.584357  0.548230  0.643282  0.505244  0.598772  0.704372  0.643248  0.553086  0.876928  0.602953  0.522207  0.562479  0.583441  0.547485  0.613599  0.736424  0.623601  0.521258  0.593762  0.635690  0.713909  0.564411  0.584839  0.459227  0.589088  0.635934  0.591319  0.568774  0.577920  0.554884  0.608753  0.642440  0.516205  0.597428  0.689329  0.521197  0.570415  0.548333  0.612893  0.554294  0.539323  0.593777  0.648564  0.582186  0.575968  0.572035  0.485940  0.723940  0.651395  0.678341  0.671598  0.557473  0.446378  0.786569  0.695827  0.591569  0.667736  0.575128  0.654848  0.558790  0.618900  0.521525  0.600871  0.662998  0.547915  0.481152  0.617484  0.507892  0.568297  0.583752  0.580714  0.570205  0.565129  0.624522  0.516053  0.730845  0.604914  0.646820  0.613167  0.536032  0.563950  0.668009  0.525096  0.514099  0.607125  0.550847  0.592360  0.540561  0.607151  0.762875  0.554485  0.586644  0.576433  0.595887  0.684729  0.628270  0.582669  0.566006  0.661359  0.629205  0.584269  0.663514  0.641460  0.537097  0.571933  0.579572  0.588608  0.581002  0.514981  0.602449  0.658081  0.637887  0.519279  0.642032  0.630100  0.712651  0.639458  0.527081  0.704483  0.592535  0.716526  0.665147  0.575218 
22  0.543770  0.415365  0.624197  0.475659  0.484096  0.624982  0.600734  0.438981  0.594744  0.328687  0.677390  0.272749  0.535377  0.751408  0.614538  0.484992  0.283702  0.462887  0.578689  0.566428  0.236317  0.688714 0.0  0.351612  0.611628  0.594918  0.410988  0.305334  0.323673  0.562969  0.340952  0.670587  0.480206  0.401041  0.682108  0.355112  0.389086  0.456930  0.601532  0.689132  0.462396  0.839902  0.668100  0.511886  0.621150  0.577449  0.406727  0.643352  0.147779  0.330311  0.477949  0.467726  0.760831  0.447345  0.464462  0.534354  0.245684  0.614130  0.484895  0.577205  0.471506  0.382628  0.333910  0.489982  0.416304  0.544196  0.468919  0.438098  0.520195  0.482285  0.538609  0.683353  0.324840  0.640677  0.388440  0.581066  0.687624  0.614575  0.324096  0.521115  0.696048  0.745006  0.586433  0.503029  0.386759  0.455624  0.559498  0.422950  0.461437  0.478892  0.352617  0.529598  0.686364  0.586292  0.598146  0.555923  0.543082  0.535627  0.474817  0.484701  0.388863  0.450161  0.313249  0.500460  0.449896  0.554244  0.620062  0.511908  0.528723  0.622436  0.299215  0.570719  0.718158  0.452942  0.429167  0.570494  0.316228  0.773784  0.568571  0.556384  0.400520  0.457145  0.597704  0.347346  0.682538  0.380374  0.324904  0.641423  0.420982  0.398370  0.430382  0.442308  0.508371  0.447237  0.580409  0.531061  0.392809  0.512781  0.632939  0.468755  0.490053  0.505645  0.427057  0.421174  0.534673  0.417630 
23  0.852204  0.473953  0.514401  0.688358  0.616148  0.783030  0.702016  0.628265  0.734712  0.585617  0.721640  0.557795  0.456032  0.702437  0.730357  0.542162  0.469773  0.527266  0.752343  0.633686  0.589771  0.584357  0.351612 0.0  0.688515  0.670354  0.799197  0.642860  0.365401  0.622467  0.379383  0.769468  0.601899  0.313993  0.487494  0.457178  0.392447  0.457445  0.685435  0.608028  0.744378  0.814909  0.719650  0.623970  0.397818  0.731692  0.372910  0.789692  0.396447  0.507529  0.576885  0.498744  0.681219  0.709438  0.636977  0.689114  0.485997  0.861900  0.517533  0.626853  0.560022  0.586586  0.499128  0.518214  0.552571  0.649359  0.748711  0.364627  0.619246  0.586475  0.640623  0.652758  0.504538  0.891552  0.400984  0.641949  0.647096  0.728420  0.291849  0.279892  0.678206  0.701140  0.651896  0.536959  0.555559  0.375190  0.633858  0.575809  0.485460  0.484837  0.449020  0.568899  0.819588  0.363518  0.668114  0.711228  0.656210  0.643757  0.459736  0.748719  0.420588  0.616344  0.457018  0.645630  0.439183  0.562009  0.654589  0.601609  0.648507  0.419732  0.583392  0.525164  0.703725  0.521061  0.483198  0.684351  0.319179  0.754825  0.594439  0.468163  0.481237  0.598367  0.504624  0.343136  0.755266  0.567701  0.467389  0.810700  0.376783  0.275003  0.582992  0.515781  0.740250  0.476803  0.709366  0.682670  0.505101  0.610491  0.584894  0.551328  0.659012  0.632729  0.485002  0.514890  0.490046  0.331716 
24  0.499013  0.737739  0.724811  0.442477  0.643757  0.419878  0.640106  0.568419  0.394785  0.544234  0.691898  0.549313  0.539664  0.753904  0.552562  0.610200  0.619162  0.695339  0.355713  0.535663  0.687749  0.548230  0.611628  0.688515 0.0  0.683860  0.591286  0.541848  0.555377  0.621426  0.661705  0.768056  0.547292  0.592802  0.648434  0.676599  0.657312  0.667505  0.729231  0.774312  0.763019  0.503388  0.381864  0.281682  0.706822  0.359258  0.594605  0.430425  0.616946  0.664870  0.411242  0.659516  0.570789  0.572841  0.634061  0.538513  0.544570  0.424037  0.629144  0.554238  0.375515  0.703690  0.660677  0.608338  0.525955  0.492866  0.478265  0.701338  0.687713  0.688816  0.614489  0.580199  0.537174  0.445798  0.642070  0.533462  0.583592  0.492077  0.489941  0.627834  0.541595  0.534980  0.505216  0.756752  0.612133  0.660251  0.650173  0.613117  0.763929  0.673536  0.655934  0.705408  0.500881  0.661316  0.481981  0.698697  0.537378  0.772494  0.616814  0.755541  0.568739  0.560710  0.655934  0.615950  0.735249  0.615882  0.623647  0.774940  0.264853  0.791119  0.669810  0.601417  0.583754  0.501433  0.626886  0.641137  0.557664  0.512800  0.813177  0.660858  0.618219  0.536870  0.587887  0.643497  0.606027  0.589070  0.656330  0.543909  0.622498  0.634722  0.561065  0.672425  0.584427  0.620779  0.564783  0.521545  0.784697  0.770188  0.539026  0.670357  0.611379  0.713161  0.543629  0.582722  0.802700  0.657580 
25  0.570834  0.643787  0.642105  0.598699  0.608295  0.664651  0.582165  0.509006  0.595625  0.567379  0.718225  0.570171  0.571240  0.633887  0.580438  0.566126  0.614357  0.501431  0.569667  0.647355  0.492924  0.643282  0.594918  0.670354  0.683860 0.0  0.574446  0.655376  0.493578  0.594713  0.498217  0.674993  0.510991  0.645551  0.707320  0.596188  0.677930  0.485054  0.645494  0.745809  0.550919  0.642037  0.616404  0.702555  0.638834  0.604326  0.596475  0.680446  0.635455  0.533045  0.716983  0.598138  0.673331  0.606624  0.702883  0.559574  0.540788  0.521788  0.579437  0.586127  0.497900  0.607826  0.600536  0.785245  0.564500  0.632684  0.619123  0.657888  0.598291  0.606813  0.509034  0.625210  0.628680  0.550152  0.682400  0.481180  0.683220  0.622602  0.639859  0.691820  0.561461  0.677911  0.580203  0.586156  0.638387  0.627358  0.609035  0.582552  0.625565  0.583018  0.603342  0.583530  0.653957  0.705178  0.703768  0.666841  0.572483  0.662062  0.630635  0.612819  0.635160  0.500933  0.593100  0.571368  0.571373  0.539702  0.616979  0.670757  0.520183  0.726548  0.552118  0.706479  0.655110  0.698047  0.585246  0.575535  0.591725  0.587030  0.595242  0.596580  0.609104  0.618644  0.583308  0.573151  0.501687  0.531943  0.547900  0.651232  0.606633  0.675323  0.683105  0.582992  0.610823  0.591188  0.673366  0.616596  0.602205  0.676342  0.582240  0.565466  0.595179  0.674093  0.688898  0.507590  0.573265  0.668572 
26  0.527015  0.685271  0.775443  0.494622  0.706077  0.618390  0.556626  0.216143  0.532737  0.597439  0.741054  0.483724  0.571132  0.619432  0.452025  0.600716  0.572076  0.588546  0.460064  0.369972  0.464923  0.505244  0.410988  0.799197  0.591286  0.574446 0.0  0.630219  0.593232  0.658710  0.533414  0.684746  0.412821  0.575655  0.764569  0.478736  0.634807  0.532385  0.620796  0.667840  0.661355  0.520039  0.656530  0.583683  0.752211  0.692938  0.602519  0.497397  0.459413  0.652323  0.447946  0.692336  0.536854  0.467450  0.623845  0.522573  0.630277  0.480735  0.625984  0.437019  0.411024  0.393758  0.555619  0.675732  0.568483  0.609248  0.702887  0.723368  0.540491  0.409817  0.528488  0.775354  0.546731  0.478690  0.599538  0.451011  0.627538  0.680559  0.615756  0.655659  0.398760  0.586993  0.450906  0.664961  0.580654  0.526050  0.520172  0.586857  0.626274  0.498923  0.640291  0.648233  0.614289  0.624974  0.427700  0.691764  0.489284  0.636788  0.621064  0.537569  0.436783  0.342999  0.622144  0.441855  0.419584  0.532055  0.471920  0.638765  0.448764  0.709049  0.577970  0.730925  0.671240  0.609343  0.602596  0.458349  0.532087  0.553340  0.469170  0.695682  0.602665  0.506362  0.667243  0.623041  0.642909  0.338808  0.541413  0.594015  0.642378  0.732817  0.461810  0.544048  0.518562  0.534394  0.650199  0.623789  0.542071  0.601225  0.530366  0.618145  0.340582  0.791751  0.483971  0.612470  0.628809  0.405849 
