146
0 0.0  0.897512  0.803064  0.573178  0.542550  0.540317  0.485749  0.443763  0.583509  0.627374  0.594406  0.665796  0.615761  0.584086  0.500108  0.767839  0.651260  0.756066  0.463105  0.424713  0.580272  0.536957  0.576927  0.847829  0.531947  0.640535  0.513753  0.512047  0.685343  0.718860  0.660519  0.649634  0.613528  0.682591  0.830256  0.506005  0.891803  0.739657  0.530926  0.618064  0.668617  0.474708  0.561640  0.560157  0.879588  0.634618  0.630870  0.554800  0.569100  0.570075  0.545403  0.634602  0.516474  0.596830  0.479572  0.510269  0.657033  0.491248  0.581946  0.579195  0.482260  0.528137  0.578717  0.698021  0.606383  0.447121  0.707675  0.735766  0.534775  0.588882  0.569189  0.620959  0.635349  0.535762  0.712933  0.555561  0.669990  0.736854  0.693739  0.833726  0.613233  0.479500  0.544701  0.763142  0.541362  0.673860  0.639025  0.703629  0.751717  0.507533  0.650903  0.676276  0.417256  0.646919  0.471710  0.425682  0.464355  0.682930  0.518358  0.502500  0.589220  0.487269  0.534236  0.585856  0.607446  0.505986  0.490152  0.728491  0.544735  0.787038  0.689064  0.629291  0.788493  0.582602  0.730382  0.479565  0.647823  0.471990  0.671290  0.889965  0.690743  0.669380  0.666320  0.717620  0.488675  0.471916  0.723423  0.470381  0.680843  0.774101  0.610003  0.559188  0.473825  0.598437  0.684688  0.543693  0.633116  0.590822  0.615938  0.714337  0.478907  0.663696  0.614520  0.513056  0.672931  0.650540 
1  0.897512 0.0  0.433665  0.744815  0.590883  0.784528  0.634336  0.694875  0.939247  0.522608  0.647497  0.532662  0.562245  0.624659  0.770425  0.600020  0.578611  0.584230  0.843045  0.730387  0.634214  0.661539  0.503477  0.406060  0.734004  0.607584  0.807037  0.665711  0.505648  0.678537  0.573607  0.797045  0.526345  0.509090  0.473894  0.388688  0.407134  0.552225  0.687074  0.515975  0.612092  0.980599  0.827181  0.876013  0.457691  0.770792  0.445147  0.797847  0.535607  0.544769  0.812120  0.532738  0.679716  0.657609  0.753275  0.757534  0.576276  0.876892  0.588864  0.577072  0.777913  0.560323  0.548144  0.594043  0.665399  0.779300  0.800644  0.390208  0.621847  0.741362  0.689979  0.727480  0.521259  0.708562  0.451147  0.714012  0.868610  0.748128  0.507389  0.479222  0.905621  0.803605  0.671292  0.417274  0.492968  0.518624  0.559121  0.641564  0.541474  0.510411  0.554309  0.497942  0.861442  0.585966  0.762604  0.729120  0.677572  0.510422  0.705716  0.730967  0.587943  0.690932  0.538941  0.666336  0.621116  0.677598  0.711338  0.554067  0.766905  0.531929  0.509974  0.750114  0.722328  0.690800  0.453744  0.670253  0.563532  0.879623  0.624085  0.491964  0.628045  0.633375  0.665876  0.436242  0.810767  0.684488  0.482402  0.632029  0.424911  0.531610  0.571378  0.502915  0.673477  0.790584  0.635690  0.563229  0.673556  0.641183  0.560506  0.590903  0.651204  0.649045  0.522219  0.596039  0.443387  0.522169 
2  0.803064  0.433665 0.0  0.800349  0.601353  0.756105  0.655395  0.728772  0.892874  0.618093  0.557979  0.525324  0.659542  0.768040  0.936329  0.473566  0.535463  0.555808  0.810516  0.808894  0.523583  0.675175  0.625115  0.442431  0.727744  0.592120  0.759524  0.674346  0.541512  0.648858  0.534029  0.642019  0.679645  0.501750  0.425855  0.404123  0.493375  0.652875  0.550008  0.603608  0.650703  0.679531  0.721288  0.813905  0.379390  0.656999  0.610588  0.697491  0.649443  0.521825  0.708470  0.561956  0.833067  0.731206  0.739705  0.692550  0.667798  0.910044  0.633798  0.640530  0.806252  0.671707  0.563995  0.626761  0.639392  0.725806  0.747976  0.370974  0.578539  0.694389  0.611965  0.755637  0.594623  0.778549  0.525738  0.673374  0.712995  0.641987  0.473023  0.442348  0.716309  0.721765  0.594656  0.556220  0.601927  0.433091  0.591822  0.528730  0.624844  0.566009  0.569141  0.541128  0.801180  0.566945  0.808143  0.742649  0.752088  0.424864  0.731258  0.664089  0.520572  0.788324  0.697078  0.587414  0.519447  0.644289  0.674866  0.584815  0.803122  0.482065  0.544259  0.637627  0.625586  0.545050  0.514060  0.707479  0.593732  0.743005  0.724992  0.377909  0.509033  0.554382  0.576819  0.388306  0.683498  0.641783  0.566482  0.705747  0.464617  0.542288  0.532792  0.610254  0.745722  0.645577  0.604246  0.608359  0.573095  0.673448  0.583322  0.707981  0.768651  0.605455  0.567076  0.658655  0.505742  0.501347 
3  0.573178  0.744815  0.800349 0.0  0.605585  0.420377  0.495333  0.480572  0.441425  0.551935  0.671007  0.523171  0.602571  0.559912  0.313538  0.559106  0.470411  0.605493  0.313423  0.530648  0.492537  0.645451  0.556506  0.662017  0.417884  0.577438  0.401226  0.611358  0.547574  0.623752  0.580245  0.575965  0.509011  0.622585  0.723984  0.415739  0.712764  0.696154  0.677952  0.660920  0.643303  0.360535  0.442643  0.362500  0.729973  0.452173  0.499692  0.386849  0.536896  0.515890  0.378531  0.604343  0.314600  0.487047  0.590342  0.487528  0.579650  0.317171  0.702524  0.624992  0.284778  0.402621  0.682528  0.664133  0.538531  0.346064  0.462571  0.758172  0.542181  0.510835  0.413050  0.570869  0.549185  0.496102  0.634918  0.366495  0.767410  0.707266  0.620925  0.689651  0.482769  0.487226  0.613497  0.671867  0.517118  0.636358  0.611019  0.686365  0.694600  0.452412  0.638175  0.714376  0.336783  0.717338  0.347957  0.589416  0.472260  0.710166  0.391868  0.485006  0.514383  0.509124  0.579713  0.469730  0.491661  0.595450  0.370616  0.756886  0.336141  0.709216  0.537559  0.659759  0.735209  0.562242  0.664267  0.565822  0.586727  0.280819  0.606312  0.695070  0.510288  0.646057  0.679499  0.619022  0.558889  0.521052  0.559410  0.536314  0.591583  0.833931  0.552769  0.456551  0.503454  0.520080  0.721198  0.602525  0.544127  0.639402  0.568472  0.746906  0.434440  0.638971  0.581521  0.485338  0.698976  0.481063 
4  0.542550  0.590883  0.601353  0.605585 0.0  0.600717  0.599598  0.625852  0.512653  0.571694  0.574254  0.502914  0.606030  0.644979  0.659086  0.597830  0.468305  0.361978  0.553205  0.545535  0.565347  0.672996  0.484907  0.544975  0.506968  0.504705  0.633996  0.461960  0.593675  0.464242  0.575785  0.524468  0.615202  0.629673  0.626468  0.463259  0.704883  0.527815  0.486742  0.807387  0.559032  0.601223  0.445131  0.586007  0.519220  0.609765  0.636025  0.582847  0.426801  0.530346  0.530566  0.533089  0.529839  0.547682  0.524581  0.595459  0.485250  0.558321  0.589141  0.600348  0.621788  0.579686  0.676678  0.492029  0.666750  0.604741  0.663084  0.657937  0.474799  0.566202  0.479213  0.482992  0.468760  0.589232  0.536272  0.509645  0.551588  0.671038  0.509262  0.671127  0.590506  0.544909  0.522969  0.716584  0.497268  0.513997  0.579626  0.600600  0.543989  0.450114  0.612454  0.565722  0.593163  0.618214  0.485835  0.516540  0.552908  0.704140  0.543661  0.602844  0.507993  0.543266  0.505782  0.564124  0.502482  0.578132  0.576794  0.561102  0.569684  0.550941  0.633167  0.488600  0.601294  0.423695  0.509671  0.400066  0.464841  0.635150  0.661177  0.579083  0.523363  0.369157  0.423331  0.476866  0.497136  0.672184  0.698062  0.443625  0.597289  0.625579  0.434011  0.622394  0.502484  0.367750  0.539569  0.593622  0.603819  0.549697  0.637518  0.694913  0.716878  0.461464  0.681984  0.540946  0.617327  0.591488 
5  0.540317  0.784528  0.756105  0.420377  0.600717 0.0  0.620974  0.672298  0.371430  0.655134  0.648057  0.604502  0.483802  0.678737  0.448746  0.676837  0.581461  0.586835  0.395740  0.511485  0.700294  0.642334  0.594204  0.611685  0.406077  0.555405  0.649287  0.636578  0.564964  0.659699  0.735380  0.605424  0.709432  0.691027  0.652109  0.651302  0.877981  0.625420  0.621153  0.686993  0.791214  0.404823  0.466226  0.380481  0.655293  0.428243  0.723205  0.373547  0.512615  0.741472  0.589784  0.699974  0.425013  0.564883  0.621740  0.538025  0.679235  0.524055  0.653799  0.699019  0.439951  0.614611  0.606424  0.673901  0.790896  0.363504  0.411050  0.704228  0.652942  0.593158  0.831411  0.617834  0.640969  0.367500  0.764174  0.534281  0.612770  0.556389  0.749322  0.635374  0.717071  0.637586  0.611567  0.664537  0.572908  0.551241  0.622144  0.606555  0.750191  0.649611  0.672833  0.696898  0.288016  0.758450  0.375851  0.349696  0.712779  0.624576  0.642894  0.616819  0.557647  0.599516  0.632373  0.631240  0.681568  0.688317  0.619177  0.738801  0.387055  0.779611  0.644024  0.589295  0.747954  0.470421  0.697421  0.580885  0.559026  0.324775  0.835264  0.826589  0.647402  0.537668  0.627659  0.576942  0.549297  0.599151  0.670336  0.516911  0.695567  0.836825  0.678503  0.582509  0.480915  0.498942  0.651140  0.523330  0.759250  0.569002  0.635609  0.638321  0.671748  0.754190  0.485555  0.706458  0.754705  0.667482 
6  0.485749  0.634336  0.655395  0.495333  0.599598  0.620974 0.0  0.442541  0.518540  0.506463  0.539334  0.630244  0.559732  0.565353  0.493380  0.555949  0.440735  0.491825  0.488131  0.491227  0.489514  0.584401  0.480264  0.664231  0.561460  0.568539  0.506499  0.506067  0.550299  0.601125  0.620319  0.559664  0.540204  0.620661  0.687590  0.513564  0.526934  0.595308  0.638536  0.538296  0.547593  0.554436  0.476269  0.526056  0.626907  0.531632  0.572352  0.578707  0.525971  0.561154  0.573427  0.640649  0.522755  0.531271  0.527862  0.490407  0.597012  0.560668  0.491495  0.581423  0.530779  0.606820  0.520157  0.652541  0.607904  0.573331  0.560922  0.707226  0.487720  0.534275  0.546770  0.550490  0.429023  0.541778  0.581391  0.472744  0.582952  0.515777  0.623817  0.638612  0.476079  0.614935  0.504121  0.568896  0.468402  0.601693  0.575680  0.557106  0.499384  0.521044  0.558313  0.552231  0.563292  0.650429  0.551670  0.531431  0.595492  0.592428  0.528620  0.560222  0.491815  0.523876  0.528681  0.534991  0.582920  0.549096  0.586792  0.593193  0.547216  0.642339  0.558577  0.626848  0.653692  0.483990  0.583764  0.508039  0.600048  0.452025  0.651681  0.620730  0.570799  0.521799  0.668780  0.573500  0.605220  0.436965  0.554732  0.603680  0.622003  0.720088  0.611580  0.541921  0.528627  0.525084  0.532732  0.559549  0.530353  0.512383  0.574097  0.537143  0.489110  0.627815  0.638283  0.515886  0.616300  0.430416 
7  0.443763  0.694875  0.728772  0.480572  0.625852  0.672298  0.442541 0.0  0.625573  0.612076  0.694023  0.542606  0.541444  0.586894  0.488810  0.477013  0.448414  0.525186  0.452084  0.543881  0.399108  0.578757  0.432903  0.572324  0.520629  0.563551  0.243871  0.606376  0.459297  0.648007  0.555138  0.557362  0.224847  0.505063  0.618903  0.328739  0.424925  0.607934  0.566807  0.676531  0.640083  0.574672  0.587106  0.595704  0.698254  0.631915  0.428188  0.530410  0.408222  0.470686  0.496098  0.635793  0.448190  0.348109  0.616725  0.514555  0.498027  0.467548  0.590991  0.429693  0.364773  0.307926  0.547244  0.593290  0.487816  0.550685  0.606444  0.628323  0.428157  0.437648  0.485247  0.654969  0.545280  0.443634  0.596302  0.536174  0.627084  0.628666  0.548672  0.662531  0.350415  0.438651  0.539791  0.538887  0.510734  0.557444  0.527267  0.568492  0.532172  0.390393  0.552801  0.645001  0.487340  0.500758  0.465270  0.582763  0.421663  0.615103  0.491681  0.453337  0.465997  0.323252  0.493816  0.313307  0.561693  0.576644  0.529766  0.581827  0.511316  0.554619  0.516567  0.659381  0.882789  0.523487  0.518653  0.476204  0.540805  0.413192  0.523803  0.723673  0.454669  0.576024  0.593999  0.474639  0.589130  0.258170  0.451143  0.503105  0.599883  0.657262  0.443413  0.523153  0.571414  0.548909  0.681702  0.576907  0.533221  0.515893  0.542898  0.559717  0.351158  0.556219  0.405640  0.439624  0.603943  0.460613 
8  0.583509  0.939247  0.892874  0.441425  0.512653  0.371430  0.518540  0.625573 0.0  0.538526  0.591160  0.517558  0.618494  0.709803  0.373814  0.614240  0.614025  0.510420  0.406539  0.546611  0.730362  0.486838  0.511991  0.753075  0.332787  0.531563  0.560555  0.557520  0.555892  0.493942  0.587041  0.663157  0.645382  0.604834  0.888986  0.642179  0.714486  0.761405  0.574466  0.665739  0.717995  0.397153  0.314531  0.432542  0.660901  0.268675  0.740691  0.422079  0.603306  0.688145  0.412477  0.693775  0.336938  0.495903  0.541819  0.440758  0.598792  0.522354  0.583830  0.654312  0.408137  0.710128  0.605636  0.631742  0.742847  0.362156  0.409949  0.704109  0.717543  0.608194  0.673112  0.524119  0.671842  0.438912  0.725849  0.521132  0.504439  0.583699  0.694142  0.688041  0.705653  0.516317  0.465986  0.846098  0.630202  0.615747  0.769058  0.480191  0.744124  0.545599  0.649216  0.609305  0.291319  0.730080  0.348712  0.410943  0.633724  0.697545  0.675257  0.621407  0.640866  0.580617  0.689934  0.524193  0.707953  0.708270  0.639196  0.698268  0.276981  0.725456  0.694663  0.505912  0.612485  0.438305  0.687509  0.551036  0.608626  0.388651  0.718732  0.735027  0.594045  0.560276  0.586039  0.706383  0.474807  0.679060  0.590414  0.493759  0.575519  0.744524  0.583700  0.632033  0.535424  0.522017  0.699876  0.568714  0.616524  0.781056  0.658427  0.731815  0.670656  0.649265  0.596524  0.680909  0.794517  0.539553 
9  0.627374  0.522608  0.618093  0.551935  0.571694  0.655134  0.506463  0.612076  0.538526 0.0  0.582745  0.349994  0.508739  0.681601  0.489061  0.502400  0.388304  0.446922  0.571602  0.525861  0.468444  0.577558  0.378422  0.531224  0.521984  0.582250  0.467730  0.598832  0.446996  0.421899  0.336275  0.598529  0.562162  0.491848  0.527605  0.511479  0.559124  0.496488  0.548496  0.621528  0.538508  0.713196  0.507372  0.593590  0.548573  0.452775  0.557765  0.560892  0.336951  0.416683  0.628515  0.401166  0.504927  0.456758  0.562765  0.509209  0.475511  0.613987  0.501265  0.652670  0.578731  0.649252  0.462154  0.516081  0.548365  0.596305  0.544211  0.610126  0.399539  0.472122  0.522016  0.581860  0.494691  0.633715  0.576149  0.523484  0.729844  0.607905  0.422692  0.517662  0.590559  0.516779  0.473756  0.477265  0.442386  0.400727  0.638678  0.428662  0.504849  0.507361  0.461022  0.490571  0.648351  0.385103  0.601438  0.476473  0.670891  0.544023  0.458504  0.494100  0.462803  0.532873  0.544094  0.415144  0.495195  0.550324  0.572942  0.465040  0.492171  0.549374  0.420318  0.449481  0.464787  0.326887  0.541229  0.497595  0.374173  0.626373  0.498779  0.570323  0.515645  0.419153  0.511393  0.416085  0.578176  0.535178  0.446835  0.624405  0.458698  0.713393  0.386889  0.623454  0.479643  0.414706  0.507778  0.527569  0.505656  0.527029  0.611375  0.443257  0.557403  0.643464  0.503914  0.518058  0.524668  0.468021 
10  0.594406  0.647497  0.557979  0.671007  0.574254  0.648057  0.539334  0.694023  0.591160  0.582745 0.0  0.618052  0.684614  0.634869  0.646178  0.514424  0.646066  0.671093  0.567704  0.576543  0.656142  0.547331  0.613327  0.629070  0.580379  0.647666  0.584087  0.708096  0.615532  0.543765  0.645802  0.614901  0.636392  0.747717  0.658345  0.559299  0.660149  0.643911  0.552373  0.575452  0.599115  0.509321  0.550604  0.628152  0.692138  0.723216  0.694927  0.546124  0.559025  0.607817  0.648800  0.604786  0.619159  0.477042  0.642503  0.559567  0.584647  0.635500  0.760626  0.582769  0.605190  0.554189  0.706462  0.556421  0.724385  0.511002  0.501207  0.625108  0.658995  0.621270  0.584369  0.584001  0.719495  0.517535  0.655721  0.579353  0.427635  0.615908  0.565812  0.588487  0.540707  0.604946  0.576330  0.610859  0.592244  0.680584  0.651720  0.638800  0.606972  0.525690  0.646967  0.673285  0.677582  0.616056  0.643326  0.522024  0.725580  0.633108  0.678762  0.620204  0.619015  0.567499  0.546914  0.636257  0.712907  0.675918  0.578994  0.600082  0.519179  0.630688  0.727996  0.528523  0.515528  0.569140  0.652230  0.558402  0.706387  0.527098  0.731518  0.547332  0.660798  0.689521  0.568027  0.640905  0.527060  0.636498  0.581148  0.678747  0.744201  0.606431  0.700514  0.575298  0.500192  0.629234  0.707166  0.585495  0.703157  0.576746  0.583149  0.731854  0.595826  0.521227  0.598907  0.659275  0.642140  0.647784 
11  0.665796  0.532662  0.525324  0.523171  0.502914  0.604502  0.630244  0.542606  0.517558  0.349994  0.618052 0.0  0.507566  0.636166  0.545383  0.390240  0.402267  0.393812  0.494051  0.592342  0.383637  0.635096  0.330361  0.456065  0.529833  0.542616  0.500946  0.540944  0.219153  0.516838  0.294699  0.536442  0.502245  0.411314  0.524248  0.324822  0.292555  0.463107  0.613059  0.591488  0.505997  0.702885  0.556103  0.527229  0.445164  0.527143  0.319354  0.624826  0.275162  0.377466  0.587224  0.391263  0.619993  0.531823  0.633987  0.507886  0.317246  0.634317  0.397909  0.603971  0.553005  0.437018  0.337554  0.502994  0.406231  0.672099  0.602519  0.448885  0.409156  0.433860  0.529591  0.623801  0.532500  0.648789  0.344065  0.598888  0.651223  0.449763  0.203182  0.527428  0.706239  0.633892  0.590147  0.459953  0.430561  0.341108  0.514794  0.460779  0.497273  0.360033  0.434438  0.465004  0.671229  0.439929  0.546360  0.631368  0.573127  0.565203  0.569979  0.448305  0.333612  0.459708  0.397262  0.482532  0.412606  0.593320  0.626693  0.439430  0.427863  0.396430  0.265588  0.510864  0.627286  0.406392  0.398164  0.666352  0.316746  0.766154  0.416382  0.596271  0.422397  0.465888  0.613026  0.387851  0.634043  0.504647  0.188709  0.612587  0.334336  0.399082  0.421855  0.464436  0.558408  0.329057  0.665884  0.552487  0.398396  0.443961  0.594174  0.335473  0.524283  0.612941  0.455024  0.318182  0.406815  0.322866 
12  0.615761  0.562245  0.659542  0.602571  0.606030  0.483802  0.559732  0.541444  0.618494  0.508739  0.684614  0.507566 0.0  0.587847  0.557791  0.561363  0.555562  0.526961  0.465887  0.634381  0.540568  0.619387  0.451407  0.591872  0.585248  0.610939  0.577605  0.388549  0.496689  0.704172  0.566465  0.608991  0.554644  0.599632  0.563216  0.575306  0.595279  0.502129  0.756413  0.587639  0.565850  0.617422  0.608417  0.530744  0.563313  0.534673  0.578574  0.572976  0.498119  0.469306  0.599091  0.574236  0.549795  0.512738  0.635028  0.590617  0.496020  0.502789  0.597576  0.606517  0.498571  0.476271  0.567872  0.584160  0.524585  0.548813  0.552776  0.515397  0.508252  0.510428  0.561085  0.692842  0.625280  0.643466  0.530078  0.602705  0.578660  0.567787  0.485194  0.667803  0.565108  0.648289  0.572474  0.568190  0.561150  0.565754  0.573861  0.500837  0.528829  0.530729  0.495858  0.506142  0.538865  0.613481  0.561206  0.514145  0.541336  0.668447  0.529622  0.578875  0.544076  0.552369  0.544100  0.543636  0.538004  0.461287  0.611275  0.663820  0.531505  0.565016  0.527666  0.659619  0.732607  0.594939  0.568789  0.622046  0.524725  0.579111  0.578677  0.492346  0.577220  0.512911  0.668457  0.658388  0.527176  0.501991  0.464117  0.603774  0.500734  0.614588  0.510553  0.587447  0.552202  0.499265  0.524711  0.628409  0.514742  0.643530  0.626104  0.514697  0.489786  0.643061  0.518568  0.487197  0.578457  0.523199 
13  0.584086  0.624659  0.768040  0.559912  0.644979  0.678737  0.565353  0.586894  0.709803  0.681601  0.634869  0.636166  0.587847 0.0  0.587391  0.625511  0.569916  0.746967  0.604769  0.643452  0.669703  0.596368  0.600878  0.645557  0.671102  0.621946  0.603711  0.629606  0.761888  0.612976  0.667315  0.553379  0.622944  0.590037  0.542473  0.613166  0.689136  0.666026  0.650593  0.638178  0.648610  0.563479  0.671397  0.721274  0.645350  0.593326  0.660422  0.594943  0.687731  0.713568  0.668202  0.656149  0.584593  0.722841  0.618154  0.573397  0.698759  0.623058  0.664949  0.596375  0.577525  0.618961  0.717424  0.570032  0.582227  0.631049  0.592858  0.703578  0.658774  0.648782  0.536809  0.534808  0.634174  0.646653  0.675975  0.556954  0.636107  0.609332  0.687979  0.578229  0.598702  0.653840  0.662813  0.668551  0.729572  0.592198  0.533214  0.563382  0.561210  0.522938  0.656229  0.584980  0.563221  0.643113  0.619315  0.484627  0.620256  0.666260  0.614610  0.466914  0.582860  0.590250  0.681111  0.748834  0.621076  0.574251  0.533023  0.499547  0.647671  0.524502  0.605509  0.728352  0.649390  0.695091  0.714181  0.598325  0.680784  0.648997  0.609484  0.624047  0.734522  0.611959  0.644121  0.565163  0.546815  0.617136  0.789766  0.570659  0.712763  0.706004  0.610908  0.710699  0.510481  0.656055  0.683252  0.542687  0.620473  0.464779  0.528961  0.648338  0.517421  0.496913  0.571526  0.545637  0.652323  0.629132 
14  0.500108  0.770425  0.936329  0.313538  0.659086  0.448746  0.493380  0.488810  0.373814  0.489061  0.646178  0.545383  0.557791  0.587391 0.0  0.688088  0.535831  0.583042  0.345051  0.436502  0.608370  0.616327  0.544216  0.700371  0.479745  0.665195  0.499528  0.563079  0.609964  0.687910  0.615775  0.529475  0.500758  0.656670  0.779787  0.517489  0.635432  0.649502  0.653068  0.598218  0.685927  0.357332  0.400139  0.530935  0.541447  0.456306  0.683539  0.301578  0.548053  0.713852  0.408971  0.754477  0.292549  0.535248  0.548221  0.584796  0.518585  0.375610  0.694466  0.563009  0.269220  0.570359  0.679664  0.559910  0.544370  0.415758  0.441031  0.709942  0.577427  0.453162  0.563339  0.594086  0.510017  0.461233  0.660724  0.315935  0.772447  0.569112  0.704094  0.776867  0.576302  0.566204  0.521513  0.744254  0.654561  0.503486  0.738612  0.581467  0.671472  0.473746  0.776818  0.617658  0.261288  0.671498  0.368686  0.374201  0.471659  0.654826  0.395749  0.450839  0.548799  0.509674  0.577281  0.551674  0.548038  0.615228  0.537089  0.614243  0.307740  0.715073  0.521451  0.701281  0.725454  0.453243  0.790423  0.401235  0.708230  0.320264  0.658605  0.744253  0.695520  0.546477  0.645173  0.622620  0.455521  0.503120  0.645768  0.491915  0.583805  0.717290  0.660996  0.531987  0.556331  0.608195  0.781295  0.461951  0.483814  0.518419  0.550951  0.668977  0.578169  0.690715  0.617143  0.573976  0.601852  0.461771 
15  0.767839  0.600020  0.473566  0.559106  0.597830  0.676837  0.555949  0.477013  0.614240  0.502400  0.514424  0.390240  0.561363  0.625511  0.688088 0.0  0.383324  0.523198  0.538288  0.627582  0.393968  0.628559  0.451279  0.407366  0.539051  0.628001  0.570770  0.619774  0.374558  0.604937  0.490429  0.516138  0.489677  0.422092  0.508653  0.462634  0.559029  0.637589  0.500516  0.687620  0.607207  0.599375  0.679453  0.600445  0.439776  0.595638  0.428958  0.691831  0.415808  0.478509  0.562072  0.389169  0.721460  0.592797  0.676758  0.456239  0.496734  0.724077  0.625069  0.630831  0.570947  0.608572  0.509868  0.542484  0.617340  0.558583  0.628670  0.440255  0.419441  0.607096  0.583205  0.638975  0.451569  0.639179  0.598939  0.576510  0.684732  0.644830  0.423517  0.445714  0.517572  0.550298  0.625733  0.491435  0.443371  0.472948  0.606699  0.410267  0.580149  0.524886  0.537071  0.527908  0.627004  0.428750  0.543981  0.575983  0.414075  0.577572  0.430706  0.600940  0.449686  0.550696  0.608599  0.693793  0.613005  0.589191  0.640482  0.535338  0.623231  0.479497  0.483190  0.492621  0.475473  0.400826  0.612900  0.617118  0.563976  0.599123  0.482842  0.536802  0.542690  0.482479  0.403056  0.375421  0.687101  0.523841  0.467232  0.514210  0.396995  0.547545  0.474779  0.528458  0.548331  0.482032  0.479549  0.516428  0.529565  0.519070  0.601248  0.606819  0.568808  0.531899  0.383214  0.527189  0.600296  0.503188 
16  0.651260  0.578611  0.535463  0.470411  0.468305  0.581461  0.440735  0.448414  0.614025  0.388304  0.646066  0.402267  0.555562  0.569916  0.535831  0.383324 0.0  0.391908  0.528391  0.570222  0.376588  0.549721  0.335482  0.450091  0.584723  0.564569  0.463222  0.471310  0.330462  0.526989  0.416319  0.595681  0.416693  0.447413  0.649877  0.325319  0.442848  0.440077  0.610534  0.531285  0.519757  0.607343  0.634437  0.500503  0.534466  0.538601  0.423297  0.605080  0.349662  0.365401  0.520350  0.414266  0.548090  0.557566  0.609770  0.505968  0.425847  0.527724  0.411647  0.737813  0.479484  0.469695  0.425069  0.477401  0.471659  0.516811  0.694413  0.458984  0.454133  0.431848  0.450453  0.658994  0.401649  0.598698  0.577531  0.519035  0.648162  0.581751  0.314300  0.569386  0.452720  0.625709  0.586042  0.341850  0.458898  0.426091  0.452063  0.494122  0.384509  0.405304  0.460732  0.533750  0.629280  0.370499  0.521115  0.527783  0.473892  0.544525  0.339135  0.491101  0.418745  0.475186  0.466531  0.504947  0.404936  0.516357  0.487077  0.575477  0.445755  0.581101  0.440470  0.581671  0.577545  0.415449  0.438220  0.556922  0.459286  0.523318  0.489481  0.534934  0.355281  0.490982  0.558749  0.341378  0.567170  0.487313  0.378298  0.585533  0.391184  0.522008  0.491444  0.537345  0.534620  0.372095  0.500593  0.655249  0.422571  0.489246  0.462421  0.509523  0.531744  0.578049  0.475605  0.393603  0.477014  0.366873 
17  0.756066  0.584230  0.555808  0.605493  0.361978  0.586835  0.491825  0.525186  0.510420  0.446922  0.671093  0.393812  0.526961  0.746967  0.583042  0.523198  0.391908 0.0  0.548433  0.655450  0.392616  0.567983  0.427938  0.485650  0.527164  0.526454  0.526623  0.508777  0.392863  0.466381  0.502451  0.563705  0.561661  0.501136  0.459601  0.449800  0.427236  0.374353  0.589945  0.696397  0.445691  0.717983  0.627002  0.525927  0.568341  0.589352  0.506548  0.559256  0.376832  0.443336  0.511079  0.545548  0.605699  0.500676  0.607031  0.559134  0.409343  0.551579  0.447970  0.569053  0.678221  0.539191  0.439068  0.445816  0.494511  0.578101  0.634419  0.481355  0.486215  0.485349  0.511316  0.749431  0.471064  0.588962  0.529610  0.585313  0.735925  0.639356  0.388554  0.492630  0.585696  0.542294  0.452192  0.397545  0.445922  0.496087  0.407718  0.487040  0.433590  0.422487  0.409299  0.545624  0.671545  0.476460  0.498447  0.557322  0.578907  0.576135  0.520492  0.614603  0.436039  0.594619  0.447716  0.450952  0.481119  0.527885  0.527467  0.495510  0.546181  0.505679  0.496022  0.476144  0.590889  0.506132  0.386901  0.364717  0.426241  0.613323  0.489348  0.465108  0.525588  0.406732  0.535929  0.492515  0.498111  0.506671  0.440526  0.555256  0.361709  0.432029  0.511686  0.480420  0.567011  0.440084  0.597680  0.666530  0.530246  0.497681  0.584985  0.475223  0.540297  0.533240  0.565084  0.511580  0.561783  0.439393 
18  0.463105  0.843045  0.810516  0.313423  0.553205  0.395740  0.488131  0.452084  0.406539  0.571602  0.567704  0.494051  0.465887  0.604769  0.345051  0.538288  0.528391  0.548433 0.0  0.549678  0.571866  0.573355  0.686314  0.748775  0.430827  0.544120  0.475268  0.467793  0.642591  0.660509  0.671417  0.600441  0.598465  0.624726  0.747819  0.512653  0.597005  0.645868  0.632377  0.629681  0.673219  0.350385  0.429579  0.417467  0.558404  0.391640  0.659589  0.334383  0.612499  0.610944  0.379373  0.588973  0.323036  0.546559  0.630845  0.545315  0.606217  0.374687  0.624995  0.526187  0.288764  0.561316  0.707129  0.586586  0.501086  0.297635  0.518547  0.775128  0.491240  0.451621  0.384058  0.546896  0.643362  0.379744  0.663122  0.443391  0.578304  0.728177  0.587747  0.702513  0.576510  0.521244  0.520196  0.554563  0.596078  0.573965  0.523249  0.524858  0.642870  0.544775  0.569158  0.711615  0.309295  0.557860  0.394839  0.511797  0.544402  0.619252  0.458774  0.468981  0.644581  0.493232  0.700106  0.512661  0.539190  0.433761  0.560088  0.683478  0.329383  0.625777  0.671660  0.616521  0.747849  0.636516  0.659019  0.563486  0.600375  0.327656  0.619090  0.631120  0.572905  0.629743  0.666934  0.718885  0.489214  0.479135  0.554915  0.538647  0.600842  0.689511  0.512412  0.586384  0.540608  0.596299  0.615310  0.552277  0.603061  0.574386  0.479909  0.576740  0.448520  0.615244  0.528376  0.605705  0.644399  0.511514 
19  0.424713  0.730387  0.808894  0.530648  0.545535  0.511485  0.491227  0.543881  0.546611  0.525861  0.576543  0.592342  0.634381  0.643452  0.436502  0.627582  0.570222  0.655450  0.549678 0.0  0.505979  0.646544  0.505777  0.650038  0.473344  0.641197  0.507289  0.536724  0.545394  0.645053  0.520695  0.572721  0.563034  0.550095  0.625337  0.562190  0.557474  0.521523  0.465717  0.572287  0.617319  0.509166  0.493778  0.514298  0.709620  0.513802  0.675285  0.363407  0.478575  0.615956  0.629052  0.509200  0.493389  0.452177  0.449336  0.541809  0.555335  0.561465  0.568061  0.642450  0.467224  0.536676  0.566149  0.553678  0.586093  0.509206  0.611394  0.642029  0.572501  0.531641  0.483217  0.541705  0.559946  0.502335  0.644552  0.451670  0.617447  0.589013  0.619007  0.607752  0.500370  0.581119  0.518929  0.528999  0.492081  0.537483  0.566329  0.555975  0.497640  0.584114  0.568338  0.612955  0.522709  0.611398  0.465669  0.480890  0.535624  0.594866  0.528835  0.529350  0.493046  0.544955  0.493998  0.502128  0.537023  0.542391  0.461547  0.655818  0.488925  0.656925  0.612893  0.590011  0.614037  0.391316  0.619024  0.411988  0.549897  0.504831  0.555168  0.657237  0.589748  0.575849  0.467686  0.535722  0.543477  0.477997  0.475812  0.475797  0.573799  0.601252  0.506828  0.523739  0.472676  0.465111  0.577724  0.544025  0.554105  0.494893  0.634477  0.511615  0.496179  0.601876  0.559145  0.477107  0.684029  0.549818 
20  0.580272  0.634214  0.523583  0.492537  0.565347  0.700294  0.489514  0.399108  0.730362  0.468444  0.656142  0.383637  0.540568  0.669703  0.608370  0.393968  0.376588  0.392616  0.571866  0.505979 0.0  0.577118  0.310264  0.530603  0.604383  0.536053  0.434458  0.512741  0.334620  0.517064  0.454538  0.624624  0.497239  0.507830  0.655444  0.370159  0.331324  0.398285  0.542741  0.611223  0.365899  0.741879  0.531985  0.557734  0.631189  0.570476  0.402692  0.707020  0.338701  0.371331  0.576535  0.455343  0.705590  0.497672  0.519553  0.524514  0.385693  0.607638  0.582865  0.553512  0.514812  0.436246  0.341729  0.457466  0.380683  0.544900  0.541332  0.484707  0.437522  0.478460  0.505818  0.500160  0.415227  0.599381  0.415378  0.552300  0.724491  0.746405  0.351968  0.636425  0.434334  0.645503  0.416460  0.477077  0.393235  0.443890  0.502421  0.420708  0.485755  0.477323  0.448852  0.372720  0.785294  0.420634  0.613087  0.569323  0.536094  0.524726  0.425292  0.475999  0.476192  0.511230  0.427996  0.429810  0.574004  0.462279  0.434552  0.506818  0.656303  0.500075  0.334342  0.595678  0.481505  0.442378  0.508478  0.452913  0.413262  0.596596  0.443564  0.548578  0.481347  0.463685  0.633636  0.391849  0.516660  0.503767  0.272833  0.457448  0.477540  0.415325  0.341400  0.478402  0.496589  0.331923  0.491989  0.476360  0.495654  0.377876  0.575328  0.474656  0.521884  0.518363  0.481518  0.352330  0.466451  0.408143 
21  0.536957  0.661539  0.675175  0.645451  0.672996  0.642334  0.584401  0.578757  0.486838  0.577558  0.547331  0.635096  0.619387  0.596368  0.616327  0.628559  0.549721  0.567983  0.573355  0.646544  0.577118 0.0  0.608604  0.515620  0.596732  0.572350  0.641774  0.608493  0.640361  0.567750  0.525018  0.790791  0.509655  0.591175  0.494005  0.434067  0.591541  0.534639  0.612812  0.496982  0.463310  0.620443  0.591281  0.492588  0.505709  0.478939  0.519225  0.602813  0.598538  0.461947  0.660485  0.584930  0.500368  0.449893  0.622867  0.499913  0.603166  0.526075  0.566427  0.500251  0.569823  0.665220  0.734768  0.497988  0.557113  0.562459  0.560187  0.556972  0.585140  0.543421  0.628129  0.535259  0.655885  0.542712  0.565759  0.566418  0.676663  0.766682  0.509298  0.632669  0.618321  0.640874  0.653267  0.607834  0.579957  0.509028  0.657265  0.456697  0.512083  0.590653  0.560514  0.619463  0.570701  0.609119  0.526494  0.581026  0.562546  0.530312  0.626194  0.453182  0.588145  0.507428  0.620750  0.550813  0.644106  0.553795  0.564427  0.499234  0.531479  0.505312  0.533027  0.577166  0.688627  0.458095  0.633143  0.584613  0.496507  0.622278  0.575636  0.517894  0.576866  0.657321  0.564945  0.537425  0.674041  0.529722  0.492284  0.509105  0.590048  0.551216  0.538594  0.556740  0.541904  0.587836  0.550058  0.579349  0.578442  0.680117  0.583903  0.629217  0.488591  0.579259  0.422436  0.654439  0.628334  0.599803 
22  0.576927  0.503477  0.625115  0.556506  0.484907  0.594204  0.480264  0.432903  0.511991  0.378422  0.613327  0.330361  0.451407  0.600878  0.544216  0.451279  0.335482  0.427938  0.686314  0.505777  0.310264  0.608604 0.0  0.368647  0.550860  0.570454  0.504214  0.423820  0.292534  0.536233  0.327990  0.613996  0.375216  0.356886  0.538602  0.419465  0.276361  0.432322  0.620657  0.695486  0.554547  0.745037  0.763716  0.532056  0.503942  0.521090  0.396146  0.544481  0.228254  0.326700  0.488441  0.475960  0.566101  0.555670  0.561591  0.426559  0.307881  0.564289  0.397060  0.566863  0.417878  0.339572  0.319305  0.457525  0.418906  0.556131  0.602523  0.411672  0.542052  0.443986  0.578632  0.674051  0.441755  0.701156  0.410369  0.594429  0.767044  0.565000  0.306626  0.510754  0.610560  0.597295  0.544556  0.417801  0.362660  0.406095  0.534622  0.438144  0.410248  0.440878  0.414755  0.575067  0.647052  0.565774  0.552506  0.584668  0.444656  0.533521  0.495687  0.422944  0.405036  0.497885  0.356342  0.365054  0.514655  0.505306  0.558091  0.492099  0.530873  0.457785  0.338483  0.642906  0.647780  0.490480  0.475282  0.497672  0.312256  0.625013  0.499937  0.488145  0.415321  0.421063  0.537946  0.358702  0.658517  0.502758  0.264722  0.450034  0.379949  0.321223  0.395440  0.393073  0.544320  0.359638  0.521579  0.514562  0.418294  0.435180  0.487121  0.454452  0.497861  0.540212  0.434998  0.368529  0.476396  0.320982 
23  0.847829  0.406060  0.442431  0.662017  0.544975  0.611685  0.664231  0.572324  0.753075  0.531224  0.629070  0.456065  0.591872  0.645557  0.700371  0.407366  0.450091  0.485650  0.748775  0.650038  0.530603  0.515620  0.368647 0.0  0.632358  0.610641  0.698013  0.587731  0.456001  0.540193  0.424766  0.642104  0.516906  0.300858  0.381141  0.449254  0.321442  0.471203  0.570082  0.562917  0.506607  0.862765  0.777818  0.675981  0.467710  0.603324  0.368820  0.838887  0.355195  0.554427  0.618264  0.531552  0.843939  0.598356  0.626181  0.720913  0.481988  0.709926  0.518917  0.606185  0.654270  0.578199  0.510789  0.456953  0.551459  0.681194  0.614545  0.306511  0.556535  0.555863  0.657846  0.707590  0.498080  0.665648  0.402746  0.691859  0.914747  0.732805  0.330286  0.360091  0.634292  0.740092  0.576074  0.576466  0.444246  0.390802  0.685985  0.529762  0.492292  0.432761  0.432762  0.570252  0.676589  0.458264  0.681216  0.617300  0.545337  0.416019  0.523349  0.614305  0.487257  0.555230  0.453835  0.491039  0.459777  0.636556  0.692326  0.536034  0.692331  0.413741  0.454513  0.515431  0.673079  0.646062  0.460721  0.648226  0.582009  0.609728  0.549497  0.376638  0.324661  0.502040  0.548620  0.387445  0.753242  0.559765  0.391883  0.774380  0.342008  0.303800  0.615256  0.556747  0.556246  0.479111  0.657422  0.691619  0.433787  0.544601  0.526348  0.521103  0.696048  0.637007  0.478162  0.468111  0.490439  0.320120 
24  0.531947  0.734004  0.727744  0.417884  0.506968  0.406077  0.561460  0.520629  0.332787  0.521984  0.580379  0.529833  0.585248  0.671102  0.479745  0.539051  0.584723  0.527164  0.430827  0.473344  0.604383  0.596732  0.550860  0.632358 0.0  0.619137  0.543781  0.592923  0.481484  0.553015  0.606005  0.630885  0.572820  0.498215  0.720523  0.741672  0.728605  0.577930  0.552978  0.702059  0.619947  0.540490  0.363810  0.410432  0.739052  0.377796  0.527910  0.402954  0.511613  0.556263  0.375634  0.687716  0.446171  0.499867  0.591966  0.436533  0.558763  0.398882  0.531492  0.580799  0.415623  0.479210  0.589042  0.609132  0.439788  0.407583  0.419450  0.601413  0.688063  0.522503  0.584379  0.651541  0.665043  0.455101  0.583273  0.538762  0.534660  0.614438  0.597217  0.542405  0.596362  0.587391  0.497261  0.711029  0.539353  0.538226  0.651696  0.570888  0.663210  0.694240  0.578436  0.752403  0.424648  0.665370  0.317590  0.579022  0.628622  0.769074  0.706674  0.581776  0.594709  0.562447  0.551388  0.505259  0.704752  0.598443  0.670328  0.697846  0.334176  0.615112  0.651958  0.518993  0.591822  0.487934  0.732421  0.636107  0.532160  0.434775  0.615365  0.711063  0.671501  0.525070  0.613911  0.533922  0.611374  0.619801  0.499293  0.540749  0.585060  0.685993  0.544001  0.545674  0.556657  0.545141  0.667192  0.555096  0.726406  0.748571  0.561411  0.603166  0.602251  0.586275  0.561394  0.570776  0.776493  0.663335 
25  0.640535  0.607584  0.592120  0.577438  0.504705  0.555405  0.568539  0.563551  0.531563  0.582250  0.647666  0.542616  0.610939  0.621946  0.665195  0.628001  0.564569  0.526454  0.544120  0.641197  0.536053  0.572350  0.570454  0.610641  0.619137 0.0  0.482245  0.575106  0.495361  0.619365  0.579851  0.585260  0.516343  0.599000  0.575273  0.616126  0.560088  0.558192  0.742678  0.718638  0.545250  0.630808  0.587534  0.611684  0.613124  0.563942  0.604884  0.562188  0.539717  0.577378  0.616699  0.570514  0.730521  0.564501  0.594573  0.490851  0.618194  0.601805  0.589767  0.604769  0.474987  0.524327  0.505358  0.600706  0.585352  0.676460  0.591543  0.624985  0.522843  0.606369  0.554791  0.669550  0.569805  0.601205  0.625287  0.458295  0.626631  0.578850  0.492001  0.636379  0.588671  0.648198  0.642117  0.555463  0.624190  0.537005  0.592907  0.508557  0.584473  0.580865  0.558253  0.656664  0.580306  0.578115  0.571824  0.689429  0.531021  0.658429  0.463836  0.588533  0.560291  0.635771  0.591711  0.528103  0.489098  0.479796  0.524570  0.599347  0.558140  0.671642  0.605317  0.580089  0.642013  0.663681  0.616545  0.626316  0.509905  0.597549  0.526856  0.640737  0.610431  0.576751  0.694408  0.524564  0.621831  0.482887  0.507189  0.553264  0.623711  0.641322  0.537430  0.565033  0.751435  0.615853  0.488870  0.552027  0.570403  0.594637  0.549525  0.507719  0.528358  0.556184  0.502704  0.543486  0.625386  0.588130 
26  0.513753  0.807037  0.759524  0.401226  0.633996  0.649287  0.506499  0.243871  0.560555  0.467730  0.584087  0.500946  0.577605  0.603711  0.499528  0.570770  0.463222  0.526623  0.475268  0.507289  0.434458  0.641774  0.504214  0.698013  0.543781  0.482245 0.0  0.575338  0.580145  0.597502  0.556216  0.608601  0.376071  0.694203  0.664597  0.511287  0.620071  0.627004  0.650123  0.727354  0.680452  0.555325  0.612793  0.486671  0.642494  0.561377  0.522384  0.479543  0.480064  0.505650  0.559763  0.686093  0.457667  0.390539  0.619227  0.515477  0.523297  0.399477  0.580799  0.368526  0.338348  0.328705  0.612921  0.721213  0.506812  0.559935  0.586958  0.684208  0.558476  0.522259  0.497459  0.545525  0.597598  0.495915  0.657992  0.497773  0.577259  0.527736  0.602341  0.639104  0.383250  0.511978  0.516656  0.598065  0.471853  0.541042  0.564288  0.635145  0.541865  0.465805  0.639756  0.575713  0.440179  0.608062  0.448665  0.509304  0.481635  0.574385  0.598525  0.562152  0.524065  0.332348  0.530316  0.291859  0.518785  0.447279  0.463580  0.642230  0.469043  0.579383  0.616750  0.670733  0.657059  0.488766  0.607832  0.524579  0.513385  0.562585  0.499042  0.726845  0.679753  0.563723  0.663684  0.580843  0.604368  0.332217  0.497477  0.520849  0.673940  0.691785  0.534246  0.479305  0.559924  0.632140  0.601863  0.589346  0.450190  0.465140  0.643444  0.629188  0.369602  0.606436  0.460386  0.501223  0.703207  0.442583 
