146
0 0.0  0.835946  0.878350  0.518399  0.638897  0.575440  0.509442  0.446382  0.551671  0.588737  0.575644  0.522468  0.505365  0.550028  0.507863  0.754051  0.606679  0.709599  0.481575  0.470191  0.679245  0.496261  0.679436  0.863374  0.576130  0.641345  0.569649  0.526990  0.687034  0.633891  0.645198  0.664006  0.554654  0.716452  0.815339  0.507703  0.702349  0.657072  0.608252  0.712814  0.701336  0.483157  0.575574  0.491238  0.671675  0.539387  0.627541  0.525642  0.577762  0.604649  0.600649  0.765891  0.468489  0.529584  0.453815  0.544150  0.587415  0.570157  0.623064  0.615918  0.440790  0.653769  0.765858  0.798177  0.639646  0.579259  0.644664  0.801564  0.526701  0.529111  0.589794  0.555828  0.678026  0.450707  0.710826  0.480926  0.723570  0.690797  0.714392  0.823007  0.469444  0.430575  0.606395  0.757279  0.524231  0.594974  0.690004  0.665341  0.696607  0.518582  0.607898  0.749379  0.403954  0.819792  0.436162  0.404756  0.478299  0.753885  0.578228  0.523855  0.547697  0.489419  0.644311  0.605055  0.695408  0.456841  0.522247  0.711821  0.507700  0.726741  0.779832  0.716466  0.705502  0.519665  0.689137  0.506783  0.556449  0.479024  0.791873  0.751105  0.625700  0.514160  0.674292  0.624509  0.393869  0.635446  0.699577  0.504071  0.671344  0.730712  0.552587  0.621640  0.463998  0.530093  0.739087  0.631853  0.611062  0.592199  0.625719  0.782902  0.570498  0.644172  0.614732  0.665017  0.738187  0.625697 
1  0.835946 0.0  0.409424  0.730700  0.612301  0.972963  0.663713  0.738910  0.753341  0.621833  0.752432  0.488932  0.582952  0.663797  0.845232  0.557793  0.631244  0.541928  0.771524  0.641386  0.543123  0.605093  0.467059  0.434435  0.770437  0.618931  0.746367  0.710784  0.529966  0.647368  0.512489  0.800971  0.645943  0.484057  0.543196  0.510870  0.368671  0.631280  0.705346  0.643499  0.589263  0.985762  0.821513  0.787337  0.435737  0.844285  0.490274  0.738695  0.667359  0.576821  0.719458  0.536767  0.820563  0.670089  0.656278  0.827778  0.558297  1.000000  0.540758  0.712832  0.739573  0.569283  0.568851  0.767122  0.678852  0.810874  0.805163  0.456398  0.622059  0.647274  0.823544  0.632766  0.495139  0.672969  0.496590  0.766951  0.930371  0.848971  0.527288  0.360791  0.812148  0.716723  0.761065  0.451577  0.544754  0.508238  0.739873  0.536461  0.625650  0.643409  0.544519  0.528356  0.822642  0.667428  0.751125  0.785536  0.730227  0.437842  0.636119  0.700861  0.685017  0.557219  0.430569  0.641199  0.585543  0.604512  0.715521  0.549299  0.716255  0.517576  0.422071  0.657888  0.680427  0.723069  0.467384  0.742684  0.554172  0.983187  0.563909  0.493135  0.608574  0.667524  0.804787  0.409487  0.975239  0.567138  0.547890  0.623313  0.471290  0.465222  0.603555  0.587621  0.780233  0.744343  0.761809  0.653794  0.649477  0.539007  0.734115  0.579978  0.637145  0.682870  0.495078  0.649909  0.485644  0.553579 
2  0.878350  0.409424 0.0  0.814067  0.619211  0.737834  0.702622  0.779446  0.779658  0.589376  0.665144  0.425041  0.622442  0.594670  0.807481  0.553972  0.676909  0.607289  0.800817  0.821120  0.512093  0.719796  0.587506  0.392142  0.685399  0.621055  0.896552  0.662659  0.657945  0.512587  0.573613  0.769320  0.609687  0.370943  0.502022  0.541590  0.499177  0.674095  0.747110  0.612775  0.746047  0.876804  0.817725  0.708584  0.390188  0.584506  0.559380  0.761868  0.667743  0.626617  0.697703  0.492736  0.871830  0.695027  0.663963  0.774681  0.594052  0.873962  0.772898  0.687530  0.661181  0.627682  0.561072  0.500451  0.589641  0.767124  0.847895  0.398558  0.682661  0.710882  0.657914  0.612695  0.614986  0.835401  0.502950  0.704121  0.778167  0.777493  0.479318  0.429408  0.705426  0.762355  0.671218  0.629467  0.656871  0.492769  0.740111  0.503635  0.544576  0.607084  0.506799  0.579405  0.709078  0.648267  0.800491  0.719269  0.762209  0.423678  0.772686  0.729254  0.595179  0.670719  0.638475  0.680606  0.562545  0.793355  0.660066  0.586770  0.643863  0.447621  0.501644  0.684348  0.736264  0.677536  0.557106  0.753018  0.620297  0.699989  0.671976  0.392255  0.643407  0.547865  0.763022  0.465299  0.838810  0.636176  0.629537  0.723134  0.434035  0.565171  0.643896  0.686171  0.714709  0.590459  0.677095  0.661069  0.588429  0.583482  0.695642  0.689336  0.770758  0.661821  0.568465  0.695304  0.468988  0.499275 
3  0.518399  0.730700  0.814067 0.0  0.614271  0.478051  0.548632  0.463335  0.421927  0.530945  0.615274  0.584516  0.510854  0.628394  0.316772  0.541008  0.499941  0.633995  0.282013  0.608459  0.529845  0.470820  0.555464  0.650964  0.418633  0.638210  0.475642  0.640123  0.730131  0.670730  0.570727  0.656449  0.484244  0.601789  0.899628  0.540362  0.687223  0.789022  0.609051  0.729879  0.649769  0.388681  0.438080  0.388060  0.698428  0.451924  0.467243  0.373082  0.461440  0.693816  0.333333  0.621062  0.314720  0.526289  0.611949  0.462947  0.616986  0.321411  0.603929  0.598224  0.240485  0.591566  0.695996  0.752088  0.545060  0.355295  0.439572  0.647043  0.529208  0.424074  0.530078  0.703413  0.577031  0.478997  0.778447  0.397874  0.926513  0.778926  0.691088  0.639820  0.492469  0.516126  0.485680  0.599903  0.539924  0.643371  0.668907  0.568051  0.753461  0.475150  0.601049  0.649331  0.303843  0.539458  0.383705  0.560071  0.495320  0.739722  0.508281  0.503753  0.507537  0.468297  0.623499  0.674384  0.562357  0.528138  0.380265  0.597687  0.392256  0.789195  0.608464  0.712753  0.869071  0.490512  0.759544  0.547928  0.651265  0.316926  0.591084  0.740748  0.618959  0.689149  0.691683  0.658440  0.505323  0.439681  0.560444  0.552773  0.611672  0.653183  0.605640  0.543320  0.580753  0.558441  0.766590  0.503679  0.609149  0.611783  0.562500  0.759545  0.514922  0.687268  0.499001  0.511937  0.650526  0.506471 
4  0.638897  0.612301  0.619211  0.614271 0.0  0.571653  0.584300  0.559682  0.521491  0.496701  0.575336  0.538302  0.541408  0.523298  0.637822  0.568717  0.394159  0.316102  0.545042  0.529714  0.454565  0.702395  0.409534  0.614268  0.597528  0.609188  0.570475  0.552122  0.581135  0.500609  0.513991  0.526113  0.663685  0.507601  0.635214  0.530168  0.634062  0.513542  0.507779  0.788714  0.611221  0.587209  0.383903  0.451120  0.677066  0.676401  0.550810  0.466148  0.442239  0.548545  0.491017  0.576965  0.693466  0.580850  0.582460  0.500180  0.573188  0.623934  0.528225  0.573109  0.684133  0.709088  0.599856  0.531435  0.603242  0.682781  0.671032  0.590649  0.507311  0.676973  0.605693  0.561101  0.480677  0.631851  0.576474  0.514271  0.564696  0.557402  0.615995  0.650905  0.582745  0.568200  0.522004  0.681926  0.489933  0.621748  0.579374  0.503665  0.460900  0.525307  0.605313  0.476954  0.503442  0.626337  0.596391  0.488132  0.605099  0.740008  0.536486  0.695966  0.444147  0.631258  0.588475  0.515734  0.510958  0.458773  0.611872  0.615058  0.478858  0.657499  0.604173  0.453681  0.507630  0.404471  0.498657  0.367166  0.543796  0.588034  0.558922  0.583285  0.526365  0.415281  0.435956  0.565705  0.511765  0.670796  0.574339  0.496973  0.552487  0.632240  0.508137  0.616391  0.472310  0.474521  0.500894  0.571705  0.589703  0.621805  0.601840  0.662529  0.674569  0.414509  0.638950  0.611325  0.694509  0.658347 
5  0.575440  0.972963  0.737834  0.478051  0.571653 0.0  0.601299  0.561955  0.338267  0.712499  0.626082  0.641655  0.638344  0.629977  0.386727  0.768065  0.657891  0.588436  0.398536  0.503243  0.844679  0.773884  0.504995  0.807291  0.447711  0.539927  0.584589  0.715727  0.759615  0.552503  0.798589  0.529299  0.592084  0.729723  0.655785  0.750793  0.634086  0.609695  0.612877  0.651139  0.848858  0.510268  0.437475  0.404207  0.634959  0.429459  0.647991  0.440783  0.569467  0.712983  0.505320  0.587167  0.426915  0.630950  0.655872  0.510994  0.726770  0.491695  0.710907  0.764404  0.389976  0.680778  0.674032  0.889187  0.680781  0.398872  0.468920  0.634568  0.751883  0.593812  0.810798  0.647510  0.689091  0.355718  0.708168  0.499815  0.664427  0.593113  0.796936  0.790825  0.737018  0.652685  0.671430  0.630856  0.571127  0.600542  0.575810  0.676914  0.804431  0.683195  0.682629  0.726020  0.335089  0.844910  0.337570  0.396443  0.797662  0.691774  0.554160  0.715477  0.589565  0.748972  0.685124  0.586339  0.717848  0.753072  0.620743  0.785780  0.318982  0.790674  0.770969  0.716542  0.543927  0.562082  0.710671  0.627807  0.645193  0.402204  0.865045  0.848731  0.551774  0.650500  0.597348  0.618969  0.601200  0.678000  0.654521  0.650409  0.626813  0.768498  0.572169  0.592977  0.585436  0.533890  0.551834  0.696953  0.700602  0.679819  0.649863  0.662750  0.708612  0.722385  0.599810  0.781211  0.793901  0.683851 
6  0.509442  0.663713  0.702622  0.548632  0.584300  0.601299 0.0  0.410516  0.562844  0.461484  0.653716  0.462692  0.555957  0.576568  0.556408  0.541605  0.638601  0.518434  0.440526  0.563112  0.544885  0.571522  0.489130  0.623701  0.586115  0.545340  0.557002  0.516088  0.544518  0.563228  0.510984  0.545104  0.509580  0.697623  0.620880  0.535608  0.655563  0.576593  0.638073  0.564288  0.544229  0.518343  0.619887  0.599737  0.654374  0.515914  0.670997  0.455835  0.551055  0.630088  0.518219  0.642822  0.577831  0.546870  0.522792  0.526864  0.557446  0.634482  0.645771  0.653018  0.561380  0.535860  0.593194  0.543983  0.658220  0.523078  0.522176  0.622331  0.573613  0.538655  0.613570  0.592422  0.550969  0.430347  0.675367  0.483268  0.609954  0.487720  0.574018  0.717266  0.481836  0.567355  0.552495  0.525045  0.517140  0.548633  0.684352  0.464248  0.529337  0.520058  0.638107  0.542758  0.556934  0.581783  0.516704  0.607478  0.563077  0.593643  0.539273  0.521367  0.575145  0.501401  0.625962  0.531129  0.547295  0.558685  0.595658  0.522220  0.498613  0.668358  0.560798  0.629482  0.641474  0.525621  0.553585  0.680422  0.685971  0.595535  0.651974  0.718419  0.601301  0.653826  0.637791  0.647369  0.613044  0.553864  0.620009  0.589059  0.543395  0.712900  0.498405  0.590905  0.524889  0.598941  0.544933  0.539798  0.529507  0.598748  0.625484  0.579996  0.434543  0.652767  0.637953  0.527499  0.625294  0.567155 
7  0.446382  0.738910  0.779446  0.463335  0.559682  0.561955  0.410516 0.0  0.681827  0.607787  0.587930  0.446190  0.526574  0.556362  0.567697  0.492233  0.430775  0.496463  0.513808  0.525094  0.392893  0.554211  0.422871  0.649933  0.620800  0.561867  0.277574  0.558090  0.397903  0.710673  0.530647  0.633465  0.287651  0.553381  0.643334  0.345609  0.551570  0.542744  0.658159  0.668817  0.591103  0.471847  0.664560  0.597329  0.730460  0.575791  0.454514  0.562863  0.438767  0.428779  0.497187  0.514423  0.471686  0.303780  0.702948  0.447484  0.515302  0.515089  0.536804  0.429180  0.338725  0.288380  0.521912  0.740302  0.386199  0.616405  0.564449  0.569504  0.452614  0.374516  0.482712  0.646214  0.636060  0.550603  0.621668  0.457110  0.598507  0.523417  0.409681  0.619014  0.328063  0.493369  0.521585  0.631393  0.480993  0.507983  0.512177  0.593652  0.676924  0.458808  0.483569  0.595412  0.522984  0.616089  0.527360  0.485344  0.464776  0.639375  0.502499  0.475261  0.515553  0.282858  0.517033  0.293730  0.499781  0.466145  0.430037  0.555186  0.595888  0.546493  0.491141  0.710476  0.809520  0.624422  0.573830  0.539310  0.508932  0.409864  0.584893  0.721226  0.681713  0.561768  0.634352  0.520990  0.573888  0.223436  0.440852  0.542054  0.546847  0.616201  0.514662  0.401794  0.565335  0.479299  0.616150  0.540967  0.497817  0.434448  0.533313  0.585967  0.321251  0.631664  0.520648  0.406332  0.649028  0.432551 
8  0.551671  0.753341  0.779658  0.421927  0.521491  0.338267  0.562844  0.681827 0.0  0.525252  0.669668  0.592715  0.582469  0.607238  0.325204  0.772324  0.570992  0.588658  0.341888  0.486855  0.695215  0.679987  0.616357  0.657463  0.389680  0.635109  0.524052  0.649638  0.649284  0.427191  0.696950  0.666410  0.624933  0.736335  0.646197  0.748458  0.783954  0.706623  0.655474  0.605492  0.682613  0.480847  0.366316  0.379847  0.677452  0.338442  0.788222  0.373237  0.569940  0.642188  0.462370  0.717288  0.375126  0.546073  0.468534  0.561792  0.620093  0.576092  0.543488  0.723638  0.423538  0.585075  0.675696  0.667403  0.726350  0.369431  0.355588  0.804571  0.712541  0.653258  0.632593  0.667180  0.641972  0.398258  0.691578  0.533369  0.670142  0.581530  0.602391  0.997845  0.666098  0.567034  0.471386  0.688559  0.489713  0.620883  0.866506  0.554979  0.719658  0.603258  0.606637  0.679700  0.296417  0.802996  0.325391  0.472378  0.563659  0.739371  0.783920  0.714613  0.572080  0.663499  0.603896  0.625840  0.705260  0.545623  0.630743  0.645979  0.270622  0.717847  0.728150  0.562061  0.571272  0.497593  0.702755  0.568402  0.585388  0.390180  0.703063  0.943863  0.694696  0.544020  0.486268  0.691263  0.617223  0.666703  0.624423  0.477426  0.586289  0.737737  0.699974  0.670724  0.516349  0.468158  0.658039  0.622843  0.753243  0.642048  0.593687  0.590626  0.692535  0.689190  0.541962  0.693155  0.777222  0.664322 
9  0.588737  0.621833  0.589376  0.530945  0.496701  0.712499  0.461484  0.607787  0.525252 0.0  0.633379  0.393066  0.627599  0.674131  0.610261  0.450760  0.348007  0.419452  0.594913  0.561874  0.522923  0.590727  0.401177  0.557030  0.537332  0.631107  0.498372  0.502718  0.446703  0.435086  0.397399  0.706363  0.550338  0.601304  0.514815  0.463945  0.562485  0.486503  0.594006  0.617085  0.506352  0.557037  0.586666  0.505371  0.547126  0.461730  0.555230  0.488048  0.365949  0.397867  0.506358  0.483418  0.546914  0.488355  0.556497  0.479157  0.434718  0.661172  0.557232  0.559324  0.491046  0.609694  0.400567  0.492456  0.462132  0.589620  0.563984  0.472577  0.467248  0.554752  0.493848  0.583763  0.404992  0.612258  0.579061  0.474713  0.650984  0.593399  0.485006  0.569721  0.724634  0.441112  0.471437  0.485291  0.494378  0.406603  0.581149  0.422477  0.482266  0.464545  0.608225  0.494712  0.665457  0.504366  0.519469  0.541065  0.655282  0.618227  0.484233  0.550761  0.433392  0.479393  0.557977  0.531858  0.474051  0.541151  0.612062  0.429284  0.457014  0.495685  0.388716  0.451798  0.503630  0.338717  0.506826  0.601195  0.426702  0.637822  0.472672  0.708200  0.523175  0.455063  0.539982  0.530971  0.548511  0.475445  0.408519  0.661842  0.551603  0.554449  0.436383  0.518440  0.606647  0.436070  0.506836  0.560564  0.515258  0.442910  0.617179  0.487922  0.584368  0.626415  0.529465  0.451440  0.491966  0.479359 
10  0.575644  0.752432  0.665144  0.615274  0.575336  0.626082  0.653716  0.587930  0.669668  0.633379 0.0  0.616412  0.621734  0.603631  0.563986  0.622594  0.703045  0.534771  0.608629  0.610397  0.563009  0.540826  0.582744  0.591472  0.584184  0.653209  0.673150  0.549303  0.618830  0.610900  0.574909  0.535235  0.600934  0.642855  0.638317  0.582523  0.813079  0.763319  0.515625  0.679790  0.606967  0.633939  0.515722  0.641530  0.715538  0.613035  0.587499  0.543030  0.667527  0.641220  0.602343  0.634267  0.565328  0.577619  0.518788  0.603901  0.683883  0.597892  0.593627  0.707133  0.701365  0.553353  0.676950  0.518847  0.658180  0.646809  0.656975  0.625703  0.598332  0.657023  0.747557  0.587636  0.591473  0.538845  0.707523  0.646713  0.631393  0.622316  0.564546  0.756575  0.624501  0.665494  0.655397  0.709225  0.676218  0.696435  0.591022  0.682300  0.534239  0.582377  0.705369  0.577475  0.617395  0.623352  0.610861  0.656043  0.619375  0.617259  0.705777  0.704619  0.579250  0.661335  0.653750  0.581959  0.683437  0.649390  0.733507  0.582940  0.515579  0.671800  0.584615  0.637852  0.483729  0.673011  0.668511  0.537079  0.630665  0.633469  0.686699  0.585507  0.745002  0.572750  0.556178  0.568360  0.594560  0.591396  0.646182  0.703572  0.710164  0.620483  0.558980  0.685854  0.591769  0.766557  0.586909  0.624434  0.721428  0.598022  0.643565  0.735506  0.661795  0.579911  0.653951  0.622742  0.725090  0.422024 
11  0.522468  0.488932  0.425041  0.584516  0.538302  0.641655  0.462692  0.446190  0.592715  0.393066  0.616412 0.0  0.535462  0.641728  0.503481  0.493676  0.408832  0.397003  0.626948  0.479269  0.345858  0.580618  0.349659  0.394002  0.619816  0.506033  0.511202  0.557829  0.192724  0.521304  0.283393  0.683035  0.424484  0.364240  0.538800  0.305473  0.315880  0.483126  0.587079  0.702579  0.491144  0.715097  0.656868  0.529093  0.566671  0.561265  0.363183  0.727374  0.267273  0.390549  0.599325  0.390480  0.747327  0.471297  0.657822  0.569777  0.313435  0.742212  0.394550  0.638221  0.495846  0.467743  0.364063  0.534671  0.477269  0.688201  0.565558  0.439832  0.413475  0.443487  0.569865  0.677042  0.496711  0.547741  0.453559  0.651774  0.689670  0.547019  0.272083  0.565081  0.612294  0.576799  0.555317  0.384772  0.407128  0.377979  0.516517  0.478972  0.538257  0.412548  0.316546  0.452755  0.691437  0.534142  0.527188  0.651162  0.465067  0.610605  0.571764  0.546623  0.296864  0.490962  0.398140  0.537265  0.436302  0.606673  0.533038  0.484808  0.593477  0.451497  0.244007  0.459761  0.499431  0.416093  0.391732  0.599628  0.356585  0.711549  0.421731  0.501849  0.467565  0.420929  0.574838  0.412691  0.539153  0.494666  0.175688  0.616175  0.386602  0.372274  0.437159  0.391420  0.526978  0.302961  0.597549  0.661325  0.397332  0.404376  0.561068  0.323575  0.632586  0.632973  0.460029  0.333844  0.414285  0.322913 
12  0.505365  0.582952  0.622442  0.510854  0.541408  0.638344  0.555957  0.526574  0.582469  0.627599  0.621734  0.535462 0.0  0.656495  0.582341  0.535166  0.508155  0.622184  0.560640  0.517172  0.445397  0.498352  0.476480  0.589500  0.581979  0.540553  0.482679  0.468708  0.483044  0.648987  0.562288  0.669131  0.543092  0.504766  0.652546  0.445049  0.607237  0.598741  0.655416  0.623402  0.512428  0.565875  0.624905  0.552947  0.589079  0.500970  0.466522  0.578340  0.475686  0.528254  0.610186  0.543673  0.540726  0.504942  0.629772  0.455749  0.479410  0.644779  0.502180  0.743539  0.451500  0.438834  0.516759  0.591127  0.603126  0.575295  0.569835  0.615066  0.475110  0.502060  0.600179  0.612201  0.462188  0.559964  0.543216  0.582257  0.560682  0.555933  0.474449  0.594944  0.588800  0.678580  0.483212  0.550410  0.575353  0.539538  0.517886  0.577303  0.583005  0.468626  0.546547  0.532226  0.521818  0.514474  0.584082  0.489545  0.607989  0.635981  0.564647  0.511363  0.502760  0.533524  0.480561  0.505087  0.625523  0.521287  0.547238  0.606611  0.590570  0.563946  0.449384  0.695768  0.787162  0.664884  0.545189  0.560106  0.425617  0.542445  0.479553  0.566082  0.685966  0.619416  0.721196  0.540646  0.661780  0.514013  0.515898  0.557687  0.565953  0.539341  0.578392  0.506404  0.610254  0.566258  0.541846  0.625773  0.511385  0.630712  0.538244  0.476582  0.504821  0.665798  0.524464  0.615314  0.687757  0.512775 
13  0.550028  0.663797  0.594670  0.628394  0.523298  0.629977  0.576568  0.556362  0.607238  0.674131  0.603631  0.641728  0.656495 0.0  0.570597  0.694680  0.629882  0.708582  0.517380  0.640778  0.567811  0.638343  0.761958  0.739290  0.616376  0.578296  0.576617  0.669212  0.802597  0.631747  0.687604  0.600992  0.669428  0.626668  0.702024  0.619825  0.557197  0.769939  0.653731  0.633890  0.658403  0.608421  0.833763  0.715181  0.616066  0.595632  0.689464  0.608732  0.605600  0.782018  0.673129  0.519422  0.568364  0.696009  0.524964  0.662398  0.658216  0.578399  0.702959  0.533923  0.592448  0.534941  0.696621  0.652553  0.653038  0.649533  0.584818  0.758023  0.559859  0.597431  0.618914  0.661191  0.688528  0.587077  0.678113  0.636664  0.723227  0.699780  0.551584  0.667429  0.560082  0.627193  0.594891  0.645951  0.590664  0.619017  0.587380  0.599972  0.666092  0.701074  0.621106  0.693875  0.680485  0.627022  0.661031  0.548089  0.633209  0.559039  0.474362  0.582652  0.619338  0.616708  0.672193  0.715838  0.518956  0.727560  0.521261  0.657013  0.712476  0.625488  0.654300  0.632260  0.573041  0.760543  0.643875  0.487251  0.621299  0.610650  0.466543  0.631664  0.721408  0.668095  0.727761  0.737583  0.566108  0.481195  0.621760  0.605413  0.694614  0.675440  0.586260  0.648830  0.638654  0.650369  0.778743  0.696484  0.548676  0.554368  0.592698  0.643443  0.583776  0.730890  0.595466  0.583802  0.645011  0.596501 
14  0.507863  0.845232  0.807481  0.316772  0.637822  0.386727  0.556408  0.567697  0.325204  0.610261  0.563986  0.503481  0.582341  0.570597 0.0  0.651886  0.510826  0.583591  0.342501  0.451987  0.665827  0.609371  0.550318  0.728820  0.516327  0.604389  0.431302  0.649251  0.647374  0.561021  0.617400  0.489244  0.624780  0.643314  0.783994  0.556662  0.679927  0.808480  0.698936  0.728244  0.857741  0.353958  0.477966  0.503138  0.716084  0.558576  0.549705  0.349212  0.530158  0.660285  0.423109  0.640439  0.352061  0.607255  0.538999  0.501028  0.541506  0.371402  0.659279  0.609011  0.300305  0.572525  0.609265  0.727042  0.729880  0.275585  0.468418  0.669370  0.565468  0.527149  0.597189  0.668029  0.594880  0.375086  0.751532  0.428011  0.646739  0.534502  0.739765  0.686250  0.625244  0.521411  0.646526  0.662924  0.658636  0.525143  0.695080  0.614040  0.582690  0.486810  0.826401  0.753482  0.268334  0.692988  0.337139  0.417619  0.565818  0.749754  0.467385  0.481791  0.513747  0.622638  0.667427  0.599011  0.567407  0.507093  0.546285  0.749956  0.285281  0.644425  0.497915  0.687090  0.814424  0.446441  0.650044  0.564551  0.690521  0.318130  0.668724  0.870686  0.725549  0.738309  0.513464  0.605629  0.508894  0.478372  0.736501  0.419695  0.569123  0.860536  0.516996  0.536943  0.469312  0.484550  0.683822  0.634549  0.576218  0.575102  0.510676  0.626544  0.597706  0.745427  0.522303  0.567419  0.628598  0.469541 
15  0.754051  0.557793  0.553972  0.541008  0.568717  0.768065  0.541605  0.492233  0.772324  0.450760  0.622594  0.493676  0.535166  0.694680  0.651886 0.0  0.400056  0.538998  0.623188  0.606837  0.395563  0.498825  0.416069  0.494870  0.680616  0.696415  0.542209  0.490997  0.418340  0.555832  0.468339  0.424654  0.604655  0.475339  0.539774  0.492551  0.509751  0.516735  0.507392  0.592535  0.566335  0.649227  0.659397  0.550327  0.462890  0.637396  0.463238  0.614334  0.390593  0.506365  0.631282  0.462007  0.652375  0.558386  0.709231  0.541440  0.547669  0.642765  0.753293  0.596120  0.432710  0.568221  0.414987  0.637025  0.497963  0.641425  0.739909  0.488190  0.424255  0.612583  0.524698  0.592865  0.474821  0.541677  0.604924  0.608348  0.852925  0.597447  0.442428  0.425784  0.575482  0.777059  0.480166  0.479076  0.463378  0.473275  0.574474  0.398081  0.590232  0.605883  0.572683  0.538549  0.627234  0.381657  0.616054  0.706390  0.516833  0.611437  0.437620  0.496561  0.542725  0.602853  0.739061  0.605224  0.491580  0.597076  0.574950  0.652980  0.588349  0.546506  0.572269  0.582667  0.486798  0.442626  0.603616  0.598229  0.495285  0.722253  0.489100  0.572118  0.550611  0.584830  0.434204  0.411172  0.691634  0.447013  0.463685  0.621458  0.577204  0.534167  0.528731  0.540607  0.566415  0.462151  0.495779  0.535178  0.551616  0.596125  0.503782  0.673123  0.651411  0.559887  0.525501  0.502763  0.616278  0.498819 
16  0.606679  0.631244  0.676909  0.499941  0.394159  0.657891  0.638601  0.430775  0.570992  0.348007  0.703045  0.408832  0.508155  0.629882  0.510826  0.400056 0.0  0.374254  0.495019  0.566080  0.419201  0.573568  0.327186  0.558408  0.629580  0.562312  0.458136  0.544839  0.325866  0.581831  0.302432  0.468655  0.472450  0.430839  0.513352  0.329879  0.479980  0.499297  0.604576  0.591160  0.444405  0.558817  0.576233  0.568214  0.536887  0.645605  0.432506  0.531802  0.315559  0.350789  0.487227  0.513963  0.613007  0.487194  0.664133  0.517191  0.323906  0.652472  0.527113  0.617472  0.441492  0.550211  0.468312  0.530902  0.452038  0.574075  0.699928  0.527352  0.369777  0.454933  0.464988  0.673944  0.403331  0.685381  0.572712  0.602422  0.736847  0.725086  0.436671  0.570645  0.585498  0.603950  0.564710  0.344692  0.369441  0.419109  0.461556  0.425411  0.419044  0.423182  0.465001  0.509832  0.625658  0.411525  0.640977  0.569948  0.503158  0.539980  0.384018  0.448511  0.271926  0.533282  0.445907  0.551383  0.418169  0.604926  0.576914  0.519944  0.597776  0.518003  0.377694  0.595902  0.642553  0.385147  0.499460  0.503944  0.435008  0.554707  0.475865  0.494157  0.356025  0.498009  0.569815  0.359114  0.625366  0.456470  0.394694  0.644585  0.417902  0.514258  0.476622  0.493584  0.522113  0.418388  0.442076  0.626526  0.441855  0.398058  0.539664  0.507337  0.541250  0.602975  0.474962  0.508006  0.550718  0.391385 
17  0.709599  0.541928  0.607289  0.633995  0.316102  0.588436  0.518434  0.496463  0.588658  0.419452  0.534771  0.397003  0.622184  0.708582  0.583591  0.538998  0.374254 0.0  0.611407  0.595597  0.377553  0.541258  0.394298  0.567337  0.520707  0.652240  0.635414  0.541342  0.457849  0.490055  0.470824  0.565730  0.524951  0.455027  0.561034  0.411057  0.486239  0.378061  0.553939  0.651690  0.451359  0.762378  0.693479  0.519161  0.609753  0.525542  0.544782  0.574541  0.386210  0.420166  0.630519  0.511761  0.729355  0.567305  0.630640  0.564474  0.451790  0.535169  0.480596  0.648455  0.554289  0.574782  0.459218  0.533992  0.467669  0.654418  0.584887  0.408166  0.476149  0.533234  0.490202  0.586993  0.420849  0.609325  0.496475  0.579809  0.616292  0.668196  0.392626  0.540894  0.579431  0.631846  0.505796  0.423160  0.447462  0.511812  0.568807  0.516396  0.519427  0.500060  0.437933  0.503277  0.619212  0.519243  0.551441  0.637790  0.606560  0.548078  0.606691  0.508573  0.527773  0.527532  0.494794  0.475956  0.540682  0.568946  0.547838  0.523496  0.640896  0.461462  0.447542  0.529180  0.572228  0.453953  0.395019  0.487966  0.362494  0.660406  0.503285  0.505326  0.435444  0.514432  0.508645  0.480183  0.538305  0.523565  0.312269  0.580098  0.459305  0.394306  0.437120  0.518722  0.570385  0.502230  0.545443  0.675199  0.559968  0.566121  0.605938  0.381923  0.562362  0.512825  0.497131  0.469069  0.459551  0.532925 
18  0.481575  0.771524  0.800817  0.282013  0.545042  0.398536  0.440526  0.513808  0.341888  0.594913  0.608629  0.626948  0.560640  0.517380  0.342501  0.623188  0.495019  0.611407 0.0  0.530004  0.658188  0.554949  0.632211  0.622940  0.425586  0.525817  0.442773  0.554708  0.655114  0.641884  0.492458  0.723974  0.632030  0.605227  0.769555  0.520624  0.660203  0.720051  0.746899  0.579023  0.721226  0.422565  0.380457  0.446132  0.824645  0.429278  0.670154  0.327335  0.466583  0.656086  0.417071  0.684414  0.316641  0.522079  0.648282  0.489815  0.648973  0.370074  0.568546  0.540631  0.324770  0.569734  0.656212  0.656960  0.622281  0.310608  0.515891  0.636572  0.503108  0.419748  0.436713  0.600113  0.549842  0.436329  0.621718  0.392157  0.793332  0.670311  0.692252  0.756717  0.554311  0.546200  0.478357  0.568183  0.657901  0.495142  0.490271  0.526556  0.597976  0.576104  0.799096  0.673418  0.308728  0.624021  0.371957  0.490043  0.486563  0.690176  0.535634  0.462098  0.494652  0.533943  0.635764  0.492701  0.631498  0.514080  0.578673  0.770835  0.386934  0.587590  0.717898  0.700434  0.832428  0.553242  0.634457  0.584179  0.568449  0.310548  0.593574  0.765249  0.723095  0.691158  0.570157  0.557766  0.494407  0.582304  0.601086  0.472381  0.561878  0.822680  0.606873  0.558682  0.577654  0.617451  0.590427  0.515535  0.550130  0.507068  0.566063  0.692524  0.425420  0.785463  0.528982  0.590056  0.783049  0.492950 
19  0.470191  0.641386  0.821120  0.608459  0.529714  0.503243  0.563112  0.525094  0.486855  0.561874  0.610397  0.479269  0.517172  0.640778  0.451987  0.606837  0.566080  0.595597  0.530004 0.0  0.520336  0.639887  0.477302  0.595143  0.496524  0.561515  0.482735  0.497581  0.551754  0.579457  0.511116  0.639587  0.550463  0.635255  0.605525  0.653202  0.627600  0.514641  0.511272  0.667091  0.538589  0.485426  0.503521  0.539062  0.604055  0.520170  0.641957  0.499648  0.437154  0.577451  0.610061  0.443599  0.470687  0.595945  0.512869  0.517465  0.503000  0.580327  0.533968  0.650149  0.503658  0.632264  0.565773  0.565054  0.536527  0.434480  0.550429  0.647339  0.493667  0.564180  0.568893  0.529464  0.547554  0.516994  0.624126  0.484331  0.605089  0.650391  0.581683  0.591943  0.505389  0.545720  0.501894  0.601279  0.527569  0.457048  0.487032  0.524064  0.594205  0.526826  0.541374  0.680779  0.440694  0.642324  0.437207  0.360476  0.523618  0.496378  0.521985  0.468349  0.547791  0.494403  0.665122  0.496563  0.506268  0.519724  0.555575  0.643583  0.448188  0.660647  0.480036  0.588270  0.479353  0.521765  0.720420  0.486800  0.668938  0.458955  0.586368  0.712115  0.605633  0.501122  0.585727  0.668758  0.477153  0.493034  0.624945  0.445646  0.527983  0.761138  0.535747  0.553281  0.497587  0.493637  0.588708  0.651765  0.583000  0.477917  0.601540  0.563636  0.567657  0.611260  0.639421  0.533721  0.656435  0.567223 
20  0.679245  0.543123  0.512093  0.529845  0.454565  0.844679  0.544885  0.392893  0.695215  0.522923  0.563009  0.345858  0.445397  0.567811  0.665827  0.395563  0.419201  0.377553  0.658188  0.520336 0.0  0.596491  0.334430  0.527431  0.583941  0.622648  0.458584  0.452067  0.300007  0.458440  0.439590  0.610345  0.508998  0.459722  0.573697  0.358324  0.342354  0.486213  0.640574  0.681134  0.364370  0.636956  0.645572  0.616077  0.553267  0.690806  0.413876  0.659137  0.368869  0.416087  0.550735  0.530549  0.720342  0.511588  0.576840  0.478422  0.365042  0.544489  0.624594  0.625757  0.453210  0.446727  0.360901  0.474758  0.385757  0.516937  0.580890  0.522783  0.448678  0.477501  0.477525  0.633772  0.349194  0.707951  0.526739  0.592621  0.757436  0.752836  0.380863  0.610109  0.534911  0.626990  0.433834  0.506012  0.310950  0.426137  0.445526  0.372961  0.485824  0.495049  0.502170  0.479046  0.581124  0.490252  0.593203  0.568387  0.538386  0.497888  0.407148  0.468438  0.387322  0.486221  0.412556  0.476611  0.424967  0.527204  0.416009  0.603814  0.599236  0.503923  0.349701  0.620124  0.648302  0.461462  0.550885  0.434151  0.342679  0.686024  0.479598  0.537870  0.544057  0.465194  0.637155  0.428886  0.524897  0.513398  0.305969  0.518370  0.393586  0.418212  0.376938  0.458447  0.545003  0.385155  0.507868  0.639738  0.460066  0.452716  0.585372  0.472181  0.538496  0.582043  0.467326  0.350665  0.480573  0.374752 
21  0.496261  0.605093  0.719796  0.470820  0.702395  0.773884  0.571522  0.554211  0.679987  0.590727  0.540826  0.580618  0.498352  0.638343  0.609371  0.498825  0.573568  0.541258  0.554949  0.639887  0.596491 0.0  0.509896  0.581058  0.651405  0.496162  0.583678  0.552855  0.630834  0.700416  0.582815  0.732182  0.666383  0.601094  0.572203  0.527254  0.584968  0.430252  0.668009  0.648641  0.473991  0.575541  0.614176  0.540482  0.586195  0.505587  0.561077  0.658267  0.551492  0.495869  0.670119  0.519748  0.571730  0.570031  0.561634  0.521222  0.541233  0.740377  0.656294  0.556296  0.641453  0.513173  0.619459  0.461916  0.547061  0.507369  0.524389  0.539400  0.486104  0.533936  0.632923  0.578095  0.574672  0.571069  0.587979  0.572167  0.696484  0.655419  0.550646  0.572710  0.579289  0.661480  0.685950  0.576840  0.514490  0.541004  0.636002  0.612613  0.484271  0.573818  0.417010  0.597894  0.548456  0.495944  0.577291  0.617804  0.502212  0.572221  0.596182  0.536367  0.687468  0.572020  0.544933  0.534285  0.673714  0.595773  0.499250  0.563154  0.621068  0.605267  0.593772  0.622311  0.696522  0.554101  0.515033  0.619395  0.594670  0.596026  0.581530  0.557539  0.666917  0.648108  0.700815  0.532251  0.567058  0.480271  0.524538  0.562054  0.576485  0.530637  0.612494  0.523832  0.673212  0.628694  0.707166  0.628488  0.619990  0.565144  0.498430  0.693369  0.505771  0.696455  0.541241  0.711334  0.669600  0.694323 
22  0.679436  0.467059  0.587506  0.555464  0.409534  0.504995  0.489130  0.422871  0.616357  0.401177  0.582744  0.349659  0.476480  0.761958  0.550318  0.416069  0.327186  0.394298  0.632211  0.477302  0.334430  0.509896 0.0  0.412381  0.674111  0.542815  0.466823  0.438086  0.277511  0.633045  0.390356  0.524091  0.437632  0.414648  0.548975  0.368077  0.267390  0.397677  0.564462  0.657356  0.508371  0.673366  0.649950  0.551849  0.498171  0.669077  0.434186  0.622301  0.250127  0.391488  0.472822  0.472347  0.562677  0.457258  0.586686  0.552100  0.295514  0.649374  0.395930  0.528353  0.450362  0.400089  0.320253  0.411060  0.401084  0.637221  0.493029  0.444788  0.482849  0.523447  0.578433  0.614530  0.456060  0.642815  0.440552  0.614094  0.744905  0.597387  0.317386  0.532079  0.639516  0.565187  0.642751  0.413676  0.352780  0.417821  0.479810  0.430628  0.463259  0.411487  0.435738  0.505165  0.660446  0.543320  0.631586  0.596667  0.569107  0.564678  0.438453  0.443073  0.363126  0.460046  0.319316  0.436181  0.458620  0.533352  0.553042  0.591060  0.524663  0.504780  0.335792  0.636328  0.571695  0.424350  0.437092  0.584526  0.308829  0.730864  0.571248  0.490844  0.432548  0.542615  0.498625  0.372430  0.660270  0.466535  0.290073  0.588187  0.390885  0.327987  0.398398  0.451412  0.525009  0.275883  0.445985  0.491452  0.405364  0.410733  0.583850  0.407309  0.433364  0.622074  0.530950  0.435320  0.503791  0.337886 
23  0.863374  0.434435  0.392142  0.650964  0.614268  0.807291  0.623701  0.649933  0.657463  0.557030  0.591472  0.394002  0.589500  0.739290  0.728820  0.494870  0.558408  0.567337  0.622940  0.595143  0.527431  0.581058  0.412381 0.0  0.639750  0.719118  0.723955  0.654605  0.431604  0.660141  0.427376  0.650550  0.475685  0.305337  0.366790  0.455221  0.302701  0.434955  0.567297  0.554150  0.523019  0.767982  0.803567  0.636803  0.461100  0.685850  0.393732  0.763597  0.386258  0.486005  0.713421  0.495730  0.735582  0.564176  0.710898  0.645909  0.363920  0.780568  0.537733  0.601946  0.583790  0.571652  0.579391  0.440501  0.534943  0.653277  0.771291  0.294097  0.552845  0.524119  0.729837  0.839928  0.588249  0.727730  0.446280  0.641684  0.585434  0.696764  0.353882  0.344256  0.796579  0.762725  0.579293  0.635896  0.551093  0.500846  0.632462  0.604128  0.560028  0.553844  0.441572  0.521122  0.764490  0.413599  0.697530  0.684489  0.617626  0.449505  0.543711  0.672209  0.429047  0.677982  0.407723  0.654079  0.478103  0.745745  0.691753  0.452131  0.674966  0.400531  0.471296  0.575079  0.698271  0.533199  0.411961  0.652532  0.437196  0.765393  0.501584  0.482943  0.436365  0.498999  0.559989  0.387784  0.684998  0.566446  0.422034  0.810423  0.380570  0.296331  0.522060  0.409558  0.637030  0.459431  0.573638  0.584756  0.474572  0.442650  0.583355  0.491206  0.726898  0.694745  0.438065  0.527825  0.570045  0.292196 
24  0.576130  0.770437  0.685399  0.418633  0.597528  0.447711  0.586115  0.620800  0.389680  0.537332  0.584184  0.619816  0.581979  0.616376  0.516327  0.680616  0.629580  0.520707  0.425586  0.496524  0.583941  0.651405  0.674111  0.639750 0.0  0.622064  0.553105  0.542720  0.497895  0.529369  0.586189  0.741287  0.617723  0.579379  0.811212  0.580288  0.711163  0.524011  0.569846  0.677656  0.526478  0.561898  0.337278  0.379113  0.702111  0.368695  0.620024  0.473107  0.468833  0.600506  0.379497  0.741242  0.493349  0.466353  0.600530  0.465252  0.565556  0.411841  0.564158  0.569646  0.428620  0.691168  0.579375  0.628716  0.616210  0.410059  0.383637  0.652638  0.710946  0.621148  0.706772  0.573172  0.602410  0.460599  0.639888  0.449942  0.626250  0.551379  0.662540  0.672912  0.674690  0.514155  0.511339  0.698917  0.641473  0.645153  0.757098  0.657027  0.652796  0.800405  0.443696  0.716627  0.387109  0.646024  0.410739  0.558973  0.583885  0.853641  0.557766  0.676020  0.587209  0.559963  0.624213  0.509930  0.594607  0.462515  0.614300  0.692921  0.338924  0.645007  0.654862  0.468170  0.598029  0.574124  0.637556  0.642458  0.535141  0.363096  0.738588  0.692785  0.637427  0.624760  0.584588  0.672691  0.526560  0.625417  0.617693  0.538707  0.605268  0.689070  0.467114  0.605918  0.471433  0.511157  0.586817  0.556595  0.634690  0.693231  0.539159  0.625793  0.588805  0.706231  0.464863  0.620240  0.710498  0.699318 
25  0.641345  0.618931  0.621055  0.638210  0.609188  0.539927  0.545340  0.561867  0.635109  0.631107  0.653209  0.506033  0.540553  0.578296  0.604389  0.696415  0.562312  0.652240  0.525817  0.561515  0.622648  0.496162  0.542815  0.719118  0.622064 0.0  0.484630  0.502914  0.581079  0.627781  0.524278  0.664043  0.535052  0.592311  0.766787  0.580945  0.553879  0.547461  0.620714  0.602566  0.577126  0.569400  0.590437  0.604795  0.571828  0.584540  0.616273  0.587153  0.617922  0.510074  0.551164  0.590109  0.572706  0.564770  0.615609  0.511024  0.559460  0.640281  0.624191  0.659904  0.541688  0.536726  0.547928  0.637749  0.565321  0.607738  0.663409  0.599200  0.476064  0.495755  0.562800  0.706488  0.692304  0.597204  0.531086  0.614076  0.629871  0.634545  0.581032  0.687417  0.622856  0.553434  0.631934  0.615524  0.560242  0.579183  0.578711  0.595734  0.632083  0.601234  0.616815  0.659301  0.587679  0.588157  0.588224  0.520864  0.623662  0.645620  0.491810  0.559768  0.556661  0.547614  0.469994  0.561630  0.546634  0.520453  0.565106  0.659993  0.574148  0.549788  0.558333  0.657856  0.635628  0.622492  0.543446  0.579153  0.535079  0.669073  0.509306  0.686428  0.650098  0.558988  0.702736  0.618835  0.638755  0.518770  0.591010  0.620766  0.674759  0.679108  0.539298  0.449744  0.586651  0.583085  0.562593  0.581982  0.570116  0.556659  0.528196  0.580321  0.528632  0.574281  0.576198  0.690397  0.612717  0.551693 
26  0.569649  0.746367  0.896552  0.475642  0.570475  0.584589  0.557002  0.277574  0.524052  0.498372  0.673150  0.511202  0.482679  0.576617  0.431302  0.542209  0.458136  0.635414  0.442773  0.482735  0.458584  0.583678  0.466823  0.723955  0.553105  0.484630 0.0  0.553634  0.487844  0.693998  0.561637  0.633427  0.330081  0.588633  0.807147  0.460979  0.638337  0.613593  0.622601  0.626514  0.589324  0.619517  0.640600  0.540585  0.762419  0.645545  0.628267  0.616410  0.529372  0.556745  0.421645  0.572311  0.488302  0.399706  0.582525  0.520751  0.494901  0.439061  0.592427  0.461315  0.364562  0.373253  0.638630  0.670491  0.542348  0.591203  0.664771  0.646896  0.523002  0.418970  0.462084  0.617778  0.635036  0.522084  0.638079  0.578161  0.612647  0.659304  0.643311  0.790042  0.396331  0.469511  0.483388  0.540003  0.482491  0.444770  0.665220  0.495385  0.508282  0.520598  0.670801  0.628401  0.507777  0.620775  0.436337  0.544206  0.505560  0.565911  0.572782  0.581112  0.568137  0.341086  0.664219  0.425146  0.484625  0.582160  0.518173  0.526739  0.611591  0.590953  0.634433  0.633989  0.739459  0.507354  0.606845  0.552241  0.638146  0.596942  0.535260  0.719704  0.686681  0.693664  0.598449  0.570176  0.537969  0.285021  0.498475  0.504017  0.581074  0.698225  0.526090  0.587211  0.553036  0.546744  0.800448  0.620786  0.524049  0.521881  0.496500  0.572895  0.332931  0.630036  0.520809  0.477996  0.613579  0.484447 
