146
0 0.0  0.879490  0.678512  0.419733  0.688611  0.558515  0.514249  0.558719  0.559007  0.627676  0.544655  0.624964  0.602891  0.629863  0.439363  0.664906  0.657291  0.658982  0.456355  0.399515  0.646442  0.600360  0.584705  0.770868  0.619174  0.652708  0.515171  0.612877  0.736198  0.696860  0.629905  0.649438  0.540279  0.616436  0.809968  0.525846  0.678361  0.739808  0.585614  0.669162  0.697782  0.473417  0.615505  0.584428  0.844370  0.542432  0.642443  0.432703  0.585323  0.492411  0.618098  0.711113  0.416385  0.527589  0.556637  0.450447  0.662111  0.556781  0.600206  0.636956  0.509960  0.660945  0.616946  0.739831  0.605341  0.592926  0.665887  0.753525  0.549121  0.522074  0.593674  0.637054  0.686523  0.568231  0.775024  0.446138  0.635076  0.599292  0.602563  0.803526  0.635708  0.430172  0.533198  0.780164  0.513370  0.654366  0.682341  0.605363  0.678311  0.491880  0.675865  0.701147  0.463606  0.712112  0.517356  0.459106  0.440935  0.694009  0.595990  0.455428  0.613288  0.520969  0.675635  0.538136  0.545535  0.512886  0.463687  0.560119  0.550362  0.807829  0.700616  0.642306  0.688792  0.518355  0.692326  0.456878  0.694736  0.434174  0.660629  0.762328  0.653131  0.645579  0.663064  0.771429  0.453181  0.632276  0.697959  0.545621  0.665825  0.760361  0.662794  0.638074  0.461583  0.543825  0.727614  0.549558  0.615325  0.457668  0.607032  0.695285  0.527186  0.547228  0.561680  0.596028  0.666778  0.654015 
1  0.879490 0.0  0.505413  0.652977  0.704854  0.855367  0.710239  0.725887  0.812389  0.622522  0.650106  0.484816  0.704174  0.654860  0.804894  0.494881  0.524975  0.594491  0.881876  0.717755  0.560654  0.502106  0.448321  0.420356  0.642260  0.659810  0.726517  0.610469  0.482826  0.751717  0.563288  0.655336  0.593327  0.514337  0.515024  0.479305  0.413476  0.592392  0.651202  0.570858  0.489846  0.910956  0.893319  0.900544  0.501080  0.973491  0.450749  0.758195  0.550070  0.604342  0.685854  0.607574  0.855874  0.699653  0.705556  0.656311  0.565624  0.909586  0.644470  0.485634  0.722942  0.611297  0.574146  0.683796  0.606415  0.838816  0.715879  0.421487  0.632939  0.541050  0.750600  0.568747  0.545442  0.725687  0.497137  0.819170  0.802455  0.781548  0.446748  0.414547  0.830991  0.720611  0.760375  0.490120  0.594124  0.554206  0.754513  0.533651  0.532577  0.620015  0.590785  0.502970  0.799245  0.558392  0.784918  0.695048  0.638160  0.415526  0.632148  0.683819  0.647749  0.665856  0.459727  0.680137  0.632747  0.708646  0.674277  0.599583  0.684898  0.478743  0.481799  0.739913  0.670789  0.602264  0.403152  0.649261  0.609127  0.804950  0.554309  0.539818  0.577891  0.593802  0.811507  0.421073  0.708681  0.620116  0.591063  0.659304  0.445062  0.473921  0.545168  0.578355  0.646819  0.666501  0.599913  0.618890  0.603196  0.564195  0.601759  0.602151  0.862414  0.605856  0.552910  0.742054  0.563535  0.585714 
2  0.678512  0.505413 0.0  0.810103  0.657937  0.786236  0.643163  0.854878  0.791215  0.576850  0.630112  0.507847  0.627251  0.693853  0.752730  0.559795  0.578751  0.520205  0.712769  0.608018  0.545481  0.633343  0.657162  0.383112  0.737728  0.649939  0.691288  0.760265  0.628180  0.610268  0.536875  0.729876  0.639360  0.496445  0.468629  0.573221  0.493658  0.666355  0.691747  0.539927  0.625743  0.750222  0.792745  0.844386  0.333386  0.731066  0.457363  0.746978  0.647574  0.640361  0.570824  0.440607  0.795978  0.647473  0.755553  0.800994  0.613963  0.761885  0.674294  0.635404  0.809948  0.644916  0.629734  0.605336  0.681940  0.775742  0.821791  0.430401  0.693996  0.713819  0.582582  0.690795  0.627348  0.672191  0.461227  0.740421  0.768522  0.654360  0.521804  0.412741  0.747707  0.779709  0.801992  0.655074  0.625643  0.515269  0.688133  0.553401  0.501503  0.574065  0.513774  0.538281  0.840327  0.510083  0.830747  0.766770  0.754698  0.466410  0.652062  0.571580  0.664224  0.638429  0.547681  0.671543  0.532321  0.767870  0.577036  0.511934  0.728014  0.372679  0.534052  0.770421  0.701331  0.634059  0.557699  0.708922  0.698088  0.781649  0.565444  0.406341  0.533357  0.554303  0.585581  0.412889  0.911043  0.605703  0.562135  0.685829  0.479067  0.627059  0.620634  0.552065  0.727626  0.559011  0.711374  0.670793  0.598817  0.699188  0.575630  0.668645  0.788366  0.659281  0.582465  0.634064  0.536908  0.559985 
3  0.419733  0.652977  0.810103 0.0  0.638616  0.469237  0.505455  0.483002  0.458735  0.622773  0.578703  0.678169  0.524095  0.585994  0.364723  0.612835  0.529510  0.581512  0.326825  0.509546  0.619764  0.460863  0.566487  0.588207  0.388583  0.570325  0.480099  0.601320  0.620130  0.606220  0.541362  0.670832  0.532706  0.569896  0.691219  0.502853  0.748292  0.623252  0.679235  0.614513  0.705016  0.386491  0.355475  0.370459  0.793032  0.494125  0.557565  0.359794  0.505575  0.580198  0.363645  0.628454  0.327102  0.482768  0.628956  0.501208  0.606194  0.315895  0.681255  0.633783  0.287119  0.553362  0.665972  0.659425  0.508153  0.364743  0.461946  0.784945  0.552150  0.441063  0.485061  0.523258  0.528653  0.455977  0.641750  0.363026  0.777548  0.646570  0.575738  0.782648  0.512817  0.520323  0.485798  0.603837  0.558584  0.727157  0.627298  0.611391  0.644570  0.478244  0.665340  0.664956  0.351011  0.661023  0.314322  0.567656  0.523264  0.759946  0.475146  0.528777  0.560693  0.415286  0.629544  0.483646  0.521970  0.524586  0.438824  0.695192  0.358694  0.761134  0.593858  0.617606  0.632912  0.505933  0.578532  0.569669  0.588637  0.322791  0.639432  0.750141  0.592575  0.533708  0.641997  0.635988  0.472209  0.534196  0.609360  0.482519  0.620427  0.696564  0.485508  0.541190  0.514660  0.527366  0.760510  0.652404  0.590773  0.525972  0.582979  0.601970  0.528191  0.721849  0.535143  0.470414  0.696950  0.508461 
4  0.688611  0.704854  0.657937  0.638616 0.0  0.699990  0.547510  0.581827  0.578681  0.472427  0.542287  0.543030  0.545378  0.671912  0.656871  0.525984  0.503440  0.436423  0.688735  0.529004  0.450325  0.679864  0.498796  0.446720  0.559172  0.546809  0.559105  0.530994  0.594907  0.435645  0.465088  0.475820  0.684730  0.494413  0.638141  0.602404  0.639654  0.545124  0.458977  0.645654  0.624064  0.587696  0.409371  0.482364  0.647216  0.631158  0.600758  0.497735  0.404433  0.548661  0.540446  0.524200  0.578311  0.648260  0.457257  0.568623  0.647577  0.665418  0.647357  0.697294  0.645121  0.608205  0.683856  0.569059  0.626945  0.516145  0.768449  0.511876  0.550855  0.585331  0.435969  0.566643  0.433360  0.513445  0.526115  0.532030  0.617114  0.571970  0.538485  0.658064  0.614615  0.657515  0.533076  0.589855  0.493965  0.455940  0.605372  0.504899  0.464093  0.479584  0.656124  0.496622  0.641202  0.567271  0.561539  0.514331  0.594502  0.599388  0.504150  0.682803  0.446452  0.514073  0.606969  0.572381  0.578769  0.539763  0.587804  0.652743  0.499339  0.650366  0.632959  0.419864  0.467685  0.406177  0.456346  0.429563  0.583283  0.524997  0.568112  0.549168  0.440228  0.458075  0.405368  0.335443  0.529810  0.629317  0.593952  0.399836  0.608722  0.592555  0.411052  0.569438  0.517882  0.330721  0.500564  0.559125  0.619721  0.584005  0.588302  0.659815  0.654475  0.359616  0.565606  0.552052  0.706946  0.663524 
5  0.558515  0.855367  0.786236  0.469237  0.699990 0.0  0.561496  0.662962  0.333011  0.603826  0.529825  0.745426  0.611115  0.611280  0.427146  0.732980  0.545162  0.665588  0.396325  0.452898  0.747759  0.608766  0.610050  0.732418  0.437262  0.595790  0.631902  0.666179  0.702653  0.534169  0.696110  0.688507  0.592381  0.696716  0.758940  0.802020  0.725059  0.636326  0.723000  0.577456  0.715715  0.448561  0.409809  0.428652  0.571183  0.466527  0.769849  0.408077  0.598581  0.737961  0.492455  0.741582  0.390841  0.660653  0.752873  0.562399  0.742490  0.510760  0.561056  0.666678  0.473895  0.595938  0.569693  0.800915  0.808173  0.311586  0.474217  0.613385  0.650812  0.589858  0.663977  0.616019  0.684741  0.350660  0.736441  0.526431  0.608919  0.543600  0.845426  0.707590  0.784045  0.691874  0.626180  0.675845  0.705446  0.615784  0.646730  0.622346  0.682686  0.812335  0.783650  0.714615  0.295236  0.716640  0.394870  0.359282  0.699524  0.668213  0.608498  0.640994  0.560315  0.674204  0.661355  0.548303  0.839872  0.780722  0.614365  0.786446  0.354651  0.732344  0.771290  0.570326  0.649514  0.539929  0.690018  0.638884  0.658055  0.421097  0.759252  0.677402  0.562694  0.633202  0.658380  0.531147  0.688016  0.636019  0.710425  0.714804  0.653787  0.804146  0.611403  0.710197  0.549078  0.506988  0.716854  0.589341  0.621015  0.632439  0.578202  0.531466  0.663594  0.722425  0.685125  0.721218  0.723606  0.526530 
6  0.514249  0.710239  0.643163  0.505455  0.547510  0.561496 0.0  0.478212  0.575563  0.520469  0.590542  0.600109  0.473510  0.712507  0.524459  0.504589  0.567641  0.559314  0.535631  0.404298  0.508250  0.609849  0.446845  0.657179  0.528962  0.573036  0.518089  0.541717  0.481750  0.654975  0.630979  0.525819  0.570016  0.685192  0.754106  0.587520  0.611068  0.631333  0.675826  0.592351  0.688235  0.586831  0.603192  0.431296  0.594310  0.553892  0.623963  0.424265  0.536075  0.584470  0.512261  0.603989  0.545838  0.564861  0.459333  0.472279  0.605764  0.572897  0.547071  0.642332  0.525108  0.434756  0.515706  0.613432  0.660182  0.466420  0.661473  0.664204  0.507650  0.549201  0.547062  0.693705  0.468759  0.552258  0.541695  0.498648  0.635344  0.681379  0.620347  0.590547  0.588942  0.523067  0.595999  0.527206  0.584135  0.559881  0.597085  0.575212  0.614035  0.500371  0.647408  0.585588  0.521493  0.671081  0.489745  0.473933  0.514656  0.665643  0.456189  0.573998  0.600455  0.548048  0.544462  0.469015  0.578280  0.541842  0.548625  0.686031  0.492182  0.616700  0.540762  0.647045  0.610536  0.492711  0.589906  0.563936  0.559354  0.501811  0.503200  0.784776  0.550949  0.518051  0.578416  0.581409  0.471928  0.521212  0.551931  0.549807  0.548315  0.646282  0.481518  0.527822  0.570360  0.571637  0.546763  0.528562  0.549322  0.508045  0.593111  0.563870  0.493188  0.497895  0.559583  0.516087  0.625617  0.566979 
7  0.558719  0.725887  0.854878  0.483002  0.581827  0.662962  0.478212 0.0  0.515103  0.501084  0.643817  0.447708  0.484328  0.576580  0.455173  0.443588  0.460684  0.499138  0.462996  0.457402  0.425750  0.584537  0.438070  0.592867  0.577370  0.524771  0.256436  0.531105  0.487388  0.632905  0.588649  0.589976  0.257792  0.618994  0.720822  0.385268  0.482716  0.585569  0.769781  0.694401  0.633071  0.528683  0.642687  0.537539  0.725531  0.586469  0.513513  0.514929  0.460876  0.433812  0.490599  0.635000  0.492895  0.333165  0.580300  0.481904  0.435559  0.541370  0.534450  0.364604  0.319202  0.281832  0.489804  0.612835  0.424931  0.524501  0.582446  0.694046  0.527342  0.450073  0.469310  0.573128  0.648760  0.599947  0.637279  0.498271  0.543454  0.650672  0.554855  0.725626  0.353922  0.541494  0.513493  0.589696  0.491134  0.505535  0.535567  0.593416  0.637644  0.448581  0.549888  0.687382  0.536769  0.648656  0.473922  0.590065  0.480225  0.617436  0.423434  0.455435  0.495082  0.290623  0.568797  0.307842  0.466404  0.632675  0.469641  0.558027  0.555470  0.619211  0.473044  0.685464  0.759572  0.650854  0.586522  0.503501  0.498265  0.485141  0.488566  0.644460  0.569502  0.678339  0.701700  0.466185  0.580869  0.238769  0.462209  0.532513  0.603770  0.700306  0.481954  0.415798  0.548349  0.467690  0.655066  0.533681  0.436917  0.479394  0.546978  0.657503  0.332037  0.679009  0.432895  0.418081  0.614114  0.468722 
8  0.559007  0.812389  0.791215  0.458735  0.578681  0.333011  0.575563  0.515103 0.0  0.454866  0.613958  0.497964  0.528864  0.605544  0.275520  0.688992  0.693042  0.538625  0.379468  0.501500  0.609214  0.618774  0.739078  0.711022  0.346576  0.680920  0.513957  0.555474  0.662236  0.541646  0.555766  0.723703  0.685303  0.609372  0.729400  0.738708  0.765574  0.667437  0.608383  0.649620  0.859095  0.371821  0.349197  0.415897  0.658883  0.305989  0.781218  0.410268  0.488651  0.710858  0.462245  0.695179  0.355263  0.551495  0.485411  0.494865  0.632309  0.499773  0.707193  0.631077  0.420254  0.878429  0.569794  0.693487  0.825963  0.351544  0.398896  0.747895  0.709622  0.557101  0.708810  0.623974  0.716270  0.406050  0.701035  0.486617  0.670733  0.524654  0.686242  0.743075  0.658518  0.553393  0.507282  0.850203  0.646193  0.609732  0.804377  0.725323  0.713893  0.596066  0.678718  0.693747  0.348193  0.728293  0.305570  0.391182  0.699548  0.797777  0.600637  0.704833  0.500546  0.607535  0.652022  0.506550  0.698395  0.594192  0.585690  0.728834  0.292986  0.686838  0.682323  0.563093  0.558159  0.440803  0.762208  0.545295  0.612713  0.402056  0.762839  0.892106  0.619735  0.584584  0.537563  0.679525  0.619858  0.683780  0.585926  0.482881  0.541253  0.795106  0.562394  0.608878  0.506279  0.455467  0.728485  0.510198  0.619123  0.607486  0.612848  0.684151  0.660968  0.644856  0.655252  0.664005  0.753973  0.701100 
9  0.627676  0.622522  0.576850  0.622773  0.472427  0.603826  0.520469  0.501084  0.454866 0.0  0.600408  0.335555  0.590464  0.690192  0.563602  0.551729  0.302738  0.470103  0.656946  0.540912  0.531212  0.616597  0.360013  0.580916  0.502670  0.558839  0.501367  0.528573  0.428062  0.497206  0.319643  0.627542  0.599376  0.478478  0.550100  0.462068  0.530782  0.592153  0.476443  0.708171  0.572501  0.663375  0.578705  0.510991  0.478402  0.519340  0.557486  0.545315  0.347174  0.436163  0.523942  0.593433  0.568805  0.583426  0.609344  0.414349  0.457016  0.502490  0.606557  0.551218  0.481118  0.586937  0.409025  0.534541  0.568785  0.606908  0.651758  0.558061  0.446000  0.482900  0.509398  0.555243  0.476021  0.614998  0.564018  0.592301  0.617360  0.572037  0.410616  0.617876  0.648574  0.670422  0.585123  0.548293  0.534252  0.485767  0.565048  0.408485  0.544028  0.599646  0.481928  0.615608  0.606837  0.527067  0.577414  0.483612  0.717171  0.586648  0.524056  0.417597  0.438184  0.577707  0.501244  0.537296  0.477712  0.550963  0.472556  0.413682  0.512261  0.565857  0.445682  0.394484  0.443318  0.356124  0.538170  0.508434  0.463594  0.623905  0.536254  0.501871  0.416104  0.463726  0.448664  0.561318  0.590852  0.627729  0.439018  0.519492  0.471904  0.595656  0.369331  0.660334  0.565308  0.435993  0.598108  0.647606  0.499369  0.496421  0.585174  0.489145  0.613611  0.606362  0.646293  0.562426  0.520520  0.520241 
10  0.544655  0.650106  0.630112  0.578703  0.542287  0.529825  0.590542  0.643817  0.613958  0.600408 0.0  0.722288  0.573387  0.600028  0.644868  0.601695  0.638121  0.678508  0.591521  0.509502  0.536950  0.599435  0.662409  0.608327  0.674246  0.612275  0.598521  0.606319  0.669718  0.624304  0.687296  0.494874  0.585800  0.614092  0.727488  0.563687  0.612788  0.720915  0.553136  0.620468  0.715961  0.622177  0.611656  0.607844  0.600221  0.762818  0.670786  0.548883  0.609141  0.625584  0.642326  0.646511  0.595604  0.668928  0.665514  0.543887  0.717785  0.743714  0.673587  0.580711  0.703956  0.649906  0.610296  0.595027  0.613899  0.600277  0.634316  0.672083  0.573965  0.629246  0.687551  0.569130  0.663131  0.626415  0.710688  0.591350  0.598541  0.618792  0.532146  0.680840  0.555595  0.606933  0.608836  0.580286  0.691974  0.640964  0.531913  0.672652  0.600540  0.598361  0.732790  0.703131  0.670052  0.593954  0.500980  0.572982  0.516037  0.739754  0.681147  0.617908  0.631024  0.639533  0.774460  0.645018  0.746695  0.590329  0.664595  0.711211  0.564973  0.641346  0.632364  0.616625  0.626790  0.588973  0.695270  0.564555  0.755032  0.561080  0.629208  0.580944  0.693173  0.552555  0.583509  0.476130  0.547778  0.565621  0.614666  0.660854  0.634115  0.664107  0.655174  0.686877  0.595145  0.618353  0.541864  0.536977  0.673057  0.567320  0.586574  0.678986  0.564165  0.499126  0.606899  0.678401  0.672745  0.661255 
11  0.624964  0.484816  0.507847  0.678169  0.543030  0.745426  0.600109  0.447708  0.497964  0.335555  0.722288 0.0  0.534380  0.712088  0.687036  0.483907  0.392357  0.414042  0.672734  0.497921  0.358946  0.628323  0.350476  0.458692  0.616735  0.510594  0.532793  0.526741  0.211166  0.491835  0.301940  0.666053  0.422050  0.375166  0.496901  0.347004  0.360801  0.422213  0.607448  0.632543  0.481946  0.667275  0.514102  0.518112  0.452993  0.607260  0.368581  0.612836  0.255813  0.393091  0.473400  0.373210  0.618931  0.535131  0.596002  0.488072  0.319593  0.613353  0.432186  0.607480  0.549595  0.423288  0.362288  0.590666  0.408010  0.698919  0.563258  0.422140  0.396779  0.417341  0.634304  0.621790  0.466796  0.519760  0.465304  0.619590  0.652762  0.538748  0.234177  0.542063  0.622684  0.716043  0.592722  0.408129  0.417834  0.380641  0.532350  0.478174  0.481636  0.516271  0.369003  0.400052  0.757516  0.492092  0.544521  0.699584  0.512297  0.549789  0.543281  0.505309  0.326520  0.543046  0.324326  0.516276  0.481158  0.549343  0.542192  0.461463  0.483373  0.470906  0.282082  0.633254  0.650920  0.366844  0.459409  0.558534  0.325686  0.710132  0.410087  0.519612  0.421939  0.358364  0.603433  0.400841  0.642740  0.494592  0.198419  0.572858  0.364136  0.400417  0.420433  0.388507  0.641911  0.326796  0.612230  0.651658  0.416791  0.426793  0.627781  0.341759  0.567992  0.547526  0.459197  0.341936  0.458348  0.335705 
12  0.602891  0.704174  0.627251  0.524095  0.545378  0.611115  0.473510  0.484328  0.528864  0.590464  0.573387  0.534380 0.0  0.582059  0.591088  0.614977  0.546771  0.502498  0.516507  0.638457  0.487981  0.632287  0.501210  0.622194  0.545322  0.531335  0.592307  0.528373  0.528078  0.684327  0.527661  0.607391  0.448128  0.520231  0.566976  0.474527  0.520156  0.496231  0.689081  0.593070  0.477620  0.575436  0.632193  0.541066  0.594058  0.522900  0.505623  0.551384  0.478021  0.599841  0.554600  0.610278  0.576264  0.534175  0.563502  0.578992  0.561915  0.613002  0.574617  0.648753  0.588937  0.552705  0.531214  0.486424  0.539635  0.579494  0.573706  0.622607  0.598494  0.531333  0.626860  0.649895  0.615910  0.650830  0.541505  0.589819  0.494193  0.629629  0.640587  0.581599  0.683793  0.675020  0.474702  0.539125  0.568544  0.524117  0.634443  0.480292  0.548950  0.651301  0.460690  0.629285  0.588333  0.663380  0.552176  0.579412  0.596532  0.520584  0.489157  0.568766  0.511529  0.514108  0.480271  0.474984  0.481842  0.499885  0.591828  0.654896  0.597778  0.545618  0.527109  0.663646  0.662270  0.612449  0.613943  0.622406  0.591461  0.485684  0.629549  0.575907  0.568799  0.647377  0.616207  0.475778  0.493159  0.513546  0.536203  0.620202  0.545007  0.571572  0.542213  0.601302  0.573839  0.576133  0.526424  0.594881  0.551057  0.522546  0.462099  0.548610  0.525248  0.563192  0.550532  0.493566  0.653052  0.500577 
13  0.629863  0.654860  0.693853  0.585994  0.671912  0.611280  0.712507  0.576580  0.605544  0.690192  0.600028  0.712088  0.582059 0.0  0.542717  0.609500  0.656872  0.547999  0.661464  0.626084  0.613806  0.577710  0.642011  0.699173  0.721490  0.645315  0.532557  0.655280  0.681631  0.608144  0.642933  0.572709  0.617716  0.697582  0.632396  0.528089  0.629418  0.568930  0.587469  0.581382  0.579166  0.460934  0.820560  0.656436  0.616952  0.703680  0.711530  0.621000  0.716447  0.604986  0.543605  0.577288  0.555648  0.663968  0.666959  0.722494  0.619920  0.623191  0.606397  0.584647  0.684436  0.637496  0.747178  0.619234  0.595286  0.665100  0.633413  0.692587  0.552710  0.646627  0.579011  0.600573  0.595342  0.578945  0.583615  0.648563  0.597098  0.738297  0.590242  0.578291  0.523544  0.663605  0.549168  0.601563  0.645910  0.573349  0.609864  0.588803  0.605201  0.565160  0.720142  0.622011  0.484051  0.550850  0.570647  0.540969  0.627116  0.544561  0.612859  0.629325  0.648523  0.554665  0.680841  0.580484  0.566733  0.525033  0.534771  0.634247  0.598869  0.586614  0.601285  0.784588  0.652214  0.624839  0.688293  0.596206  0.745076  0.584286  0.495468  0.613387  0.661113  0.715302  0.615528  0.644217  0.573228  0.626367  0.734633  0.620179  0.641201  0.664446  0.586913  0.635707  0.669914  0.701075  0.608271  0.683562  0.648753  0.527638  0.643104  0.601675  0.692839  0.637011  0.711104  0.545666  0.622693  0.584301 
14  0.439363  0.804894  0.752730  0.364723  0.656871  0.427146  0.524459  0.455173  0.275520  0.563602  0.644868  0.687036  0.591088  0.542717 0.0  0.662780  0.552394  0.656990  0.334104  0.442982  0.608938  0.615789  0.517796  0.640432  0.464051  0.673885  0.466957  0.666344  0.641738  0.754232  0.740523  0.476231  0.606885  0.654231  0.738433  0.580739  0.554555  0.880500  0.686341  0.568393  0.798179  0.335732  0.448317  0.530039  0.726474  0.508966  0.775574  0.332567  0.545175  0.698455  0.396278  0.489106  0.314752  0.539501  0.513140  0.528354  0.483068  0.428109  0.620881  0.609001  0.242135  0.580512  0.702027  0.691420  0.554764  0.332344  0.517126  0.746194  0.434547  0.554635  0.624048  0.474596  0.546401  0.416044  0.750074  0.440860  0.687780  0.496925  0.664044  0.794027  0.545515  0.551290  0.576884  0.736931  0.621843  0.506000  0.604027  0.626203  0.657737  0.700303  0.794017  0.619439  0.284042  0.598550  0.359685  0.389393  0.515994  0.757936  0.540022  0.520582  0.608290  0.519410  0.646672  0.547390  0.529745  0.573497  0.527701  0.536424  0.261932  0.653028  0.666961  0.545263  0.685904  0.649653  0.695567  0.500004  0.705961  0.368897  0.730111  0.767143  0.688161  0.629148  0.541358  0.579992  0.536345  0.557677  0.665894  0.466059  0.597795  0.613323  0.661434  0.539355  0.492960  0.628972  0.697309  0.551596  0.601351  0.500395  0.663405  0.713007  0.574993  0.617798  0.543934  0.531321  0.750313  0.460193 
15  0.664906  0.494881  0.559795  0.612835  0.525984  0.732980  0.504589  0.443588  0.688992  0.551729  0.601695  0.483907  0.614977  0.609500  0.662780 0.0  0.468072  0.488257  0.570045  0.590749  0.390877  0.604461  0.374323  0.405488  0.489021  0.648727  0.596267  0.589642  0.494658  0.648775  0.468695  0.557335  0.517206  0.528102  0.599709  0.459163  0.500663  0.572559  0.439404  0.633392  0.525030  0.608090  0.761142  0.718768  0.560272  0.624871  0.462317  0.615302  0.423464  0.402571  0.640876  0.398745  0.656840  0.586716  0.750666  0.459452  0.482004  0.659330  0.556449  0.695772  0.600889  0.674243  0.433665  0.459068  0.493063  0.676282  0.737429  0.519098  0.455075  0.543014  0.516191  0.651294  0.495361  0.750085  0.576290  0.566015  0.679952  0.663030  0.476268  0.439942  0.567262  0.677520  0.413768  0.429823  0.436168  0.411382  0.516889  0.390422  0.586715  0.477171  0.595724  0.504943  0.601963  0.369639  0.640357  0.690087  0.450076  0.516573  0.419590  0.617844  0.562671  0.515893  0.640657  0.583047  0.528200  0.616669  0.569137  0.642187  0.617091  0.523804  0.520356  0.628805  0.482535  0.493032  0.566838  0.463281  0.577351  0.685084  0.494461  0.543424  0.480543  0.541124  0.433999  0.369781  0.632202  0.608805  0.472188  0.652883  0.438563  0.433985  0.451880  0.556809  0.612419  0.408781  0.499927  0.553970  0.490073  0.479144  0.565130  0.567321  0.736255  0.550876  0.466106  0.460736  0.589867  0.458142 
16  0.657291  0.524975  0.578751  0.529510  0.503440  0.545162  0.567641  0.460684  0.693042  0.302738  0.638121  0.392357  0.546771  0.656872  0.552394  0.468072 0.0  0.453109  0.443566  0.632104  0.365892  0.603739  0.328555  0.486996  0.684544  0.559130  0.491498  0.497654  0.315536  0.554822  0.357769  0.580442  0.498876  0.436089  0.583074  0.283230  0.459369  0.463911  0.621019  0.759144  0.507159  0.643385  0.617651  0.515785  0.568921  0.521858  0.390426  0.558733  0.394525  0.352841  0.517584  0.522415  0.576081  0.463870  0.657899  0.486311  0.418010  0.614401  0.556767  0.661140  0.544245  0.577608  0.525553  0.445068  0.424032  0.649164  0.611189  0.500458  0.401142  0.395459  0.426618  0.643056  0.478397  0.710481  0.548857  0.525053  0.687441  0.585645  0.404587  0.488188  0.540344  0.627907  0.596602  0.444422  0.429758  0.421569  0.396665  0.427730  0.369656  0.450642  0.463203  0.647866  0.553734  0.425454  0.573331  0.612420  0.512134  0.559373  0.462267  0.438828  0.403003  0.479310  0.470915  0.476153  0.342154  0.477983  0.590711  0.454047  0.577270  0.530903  0.460782  0.512497  0.596335  0.369474  0.416712  0.460804  0.376218  0.566594  0.465817  0.495379  0.383473  0.433953  0.483038  0.335924  0.593146  0.468104  0.344066  0.658282  0.449608  0.468597  0.466673  0.512319  0.549607  0.381352  0.519583  0.560226  0.478288  0.456782  0.559390  0.546905  0.462025  0.553502  0.410729  0.443697  0.489115  0.398906 
17  0.658982  0.594491  0.520205  0.581512  0.436423  0.665588  0.559314  0.499138  0.538625  0.470103  0.678508  0.414042  0.502498  0.547999  0.656990  0.488257  0.453109 0.0  0.499452  0.511828  0.436258  0.579326  0.377105  0.533930  0.625436  0.541742  0.487493  0.534899  0.331104  0.498430  0.449516  0.571795  0.523430  0.434958  0.696666  0.435643  0.458557  0.410869  0.629160  0.592673  0.413803  0.691320  0.579557  0.519528  0.595512  0.544045  0.502932  0.617575  0.397305  0.400525  0.470822  0.544750  0.577126  0.561220  0.613491  0.531280  0.436162  0.660460  0.492624  0.570429  0.551580  0.535394  0.523736  0.449667  0.455176  0.649689  0.526202  0.450354  0.549945  0.551159  0.465460  0.612070  0.504204  0.610726  0.496424  0.587757  0.590268  0.594660  0.433396  0.500894  0.625397  0.599900  0.563307  0.563012  0.514815  0.481813  0.483273  0.585316  0.466083  0.531528  0.418811  0.565879  0.673942  0.506766  0.638549  0.580651  0.578728  0.575148  0.429653  0.533653  0.515003  0.533956  0.469797  0.450437  0.520342  0.441040  0.535667  0.430678  0.506893  0.465332  0.472027  0.536651  0.504767  0.426547  0.391355  0.489001  0.443856  0.685799  0.501204  0.513772  0.487041  0.484993  0.513350  0.396603  0.534588  0.603576  0.421070  0.559109  0.402321  0.517047  0.493201  0.491235  0.550481  0.454092  0.507113  0.619112  0.565684  0.479358  0.554658  0.442821  0.584277  0.476862  0.552325  0.516627  0.549881  0.490452 
18  0.456355  0.881876  0.712769  0.326825  0.688735  0.396325  0.535631  0.462996  0.379468  0.656946  0.591521  0.672734  0.516507  0.661464  0.334104  0.570045  0.443566  0.499452 0.0  0.487946  0.574259  0.500080  0.519182  0.692197  0.442056  0.513826  0.424496  0.574052  0.615182  0.605951  0.586484  0.585299  0.526268  0.596411  0.659798  0.515192  0.732570  0.719299  0.698760  0.674707  0.709637  0.385612  0.392772  0.539763  0.753299  0.395541  0.636115  0.370909  0.504168  0.512856  0.420539  0.701314  0.355593  0.486939  0.620681  0.534579  0.605921  0.405072  0.699841  0.560480  0.302129  0.576998  0.643365  0.642278  0.627082  0.336211  0.546815  0.640824  0.444486  0.471374  0.370265  0.610876  0.607477  0.402936  0.663747  0.453728  0.604290  0.702144  0.701569  0.840404  0.515115  0.614399  0.537544  0.565656  0.544020  0.589420  0.488910  0.645874  0.590106  0.491288  0.605696  0.803100  0.301581  0.626602  0.366723  0.472730  0.525983  0.694113  0.500811  0.509610  0.589775  0.497038  0.637207  0.526311  0.520522  0.467451  0.488525  0.650448  0.406332  0.646105  0.739414  0.676133  0.771594  0.549758  0.672194  0.588720  0.580475  0.293872  0.570082  0.689998  0.660348  0.619052  0.653008  0.638398  0.510982  0.488375  0.663149  0.518399  0.622356  0.884767  0.655835  0.568540  0.588724  0.656411  0.644275  0.593898  0.578513  0.660747  0.470823  0.633393  0.436161  0.778189  0.547151  0.554510  0.766697  0.539282 
19  0.399515  0.717755  0.608018  0.509546  0.529004  0.452898  0.404298  0.457402  0.501500  0.540912  0.509502  0.497921  0.638457  0.626084  0.442982  0.590749  0.632104  0.511828  0.487946 0.0  0.516725  0.577012  0.487623  0.588300  0.543763  0.527874  0.541766  0.585964  0.616095  0.469935  0.561522  0.622903  0.492133  0.586215  0.729537  0.621985  0.627157  0.465055  0.441313  0.720561  0.518717  0.466235  0.516677  0.516836  0.706706  0.569030  0.596972  0.464706  0.553386  0.554606  0.444296  0.525604  0.535044  0.503429  0.496539  0.477142  0.599789  0.585773  0.621921  0.574182  0.494009  0.567893  0.557680  0.510479  0.603108  0.614893  0.551701  0.700965  0.501382  0.518080  0.553105  0.584444  0.543027  0.533095  0.579011  0.545350  0.597227  0.584308  0.565765  0.696804  0.513527  0.615304  0.466592  0.614702  0.468407  0.584359  0.635377  0.550892  0.456861  0.511330  0.610989  0.667684  0.558342  0.584091  0.512646  0.427728  0.496597  0.658364  0.601435  0.495860  0.529635  0.561812  0.558685  0.475866  0.570354  0.510240  0.453503  0.481947  0.457393  0.688230  0.516066  0.588532  0.712717  0.453103  0.676313  0.496369  0.505241  0.454887  0.575056  0.651381  0.592745  0.477737  0.525756  0.573384  0.426817  0.608303  0.509506  0.541433  0.622332  0.621808  0.529508  0.489524  0.439167  0.485720  0.600937  0.646892  0.508384  0.519032  0.581974  0.569833  0.448568  0.631329  0.589859  0.586152  0.677659  0.534155 
20  0.646442  0.560654  0.545481  0.619764  0.450325  0.747759  0.508250  0.425750  0.609214  0.531212  0.536950  0.358946  0.487981  0.613806  0.608938  0.390877  0.365892  0.436258  0.574259  0.516725 0.0  0.606517  0.317137  0.500231  0.514382  0.538996  0.444973  0.530557  0.328360  0.568619  0.365215  0.694876  0.509397  0.512646  0.700597  0.353348  0.382098  0.436942  0.562145  0.634866  0.390408  0.734381  0.699226  0.585338  0.506284  0.658754  0.384798  0.565564  0.324693  0.407612  0.556893  0.513778  0.541374  0.542314  0.546014  0.572412  0.359927  0.667541  0.596789  0.589903  0.601538  0.511221  0.321838  0.482850  0.471227  0.652670  0.556597  0.538031  0.472636  0.483422  0.428641  0.595263  0.417463  0.602437  0.479858  0.453271  0.707488  0.748309  0.387054  0.552879  0.469880  0.549033  0.426703  0.469286  0.386349  0.404467  0.461462  0.421472  0.376436  0.481526  0.374774  0.456824  0.606532  0.542471  0.569975  0.585454  0.508585  0.492416  0.376309  0.492238  0.428866  0.482297  0.475324  0.415088  0.552991  0.478163  0.433091  0.553120  0.604450  0.585278  0.319862  0.525762  0.585170  0.468819  0.490193  0.476152  0.356336  0.570091  0.507398  0.582593  0.482710  0.478825  0.689097  0.459502  0.595864  0.469387  0.244410  0.656591  0.490796  0.393866  0.388795  0.539045  0.535265  0.387417  0.494922  0.626234  0.464039  0.372511  0.502625  0.388171  0.498394  0.468943  0.582701  0.319319  0.424742  0.426054 
21  0.600360  0.502106  0.633343  0.460863  0.679864  0.608766  0.609849  0.584537  0.618774  0.616597  0.599435  0.628323  0.632287  0.577710  0.615789  0.604461  0.603739  0.579326  0.500080  0.577012  0.606517 0.0  0.587969  0.627165  0.587062  0.635767  0.532300  0.617969  0.636323  0.543406  0.494299  0.691845  0.592986  0.569897  0.496357  0.517483  0.604509  0.594555  0.721097  0.624644  0.500614  0.596799  0.636755  0.519867  0.565067  0.519482  0.568765  0.644807  0.548863  0.473022  0.625876  0.602409  0.488684  0.542245  0.545863  0.439869  0.560079  0.644744  0.565507  0.634724  0.646524  0.621860  0.516309  0.436050  0.660798  0.578619  0.564528  0.514599  0.539909  0.575919  0.553548  0.701170  0.645037  0.684918  0.580432  0.526142  0.732130  0.764809  0.499991  0.557275  0.545152  0.596081  0.591581  0.640175  0.614944  0.551619  0.621758  0.575707  0.493287  0.679394  0.547752  0.513550  0.613707  0.545325  0.579514  0.539026  0.581559  0.483694  0.676499  0.563325  0.594915  0.542132  0.550183  0.505221  0.563661  0.567451  0.650478  0.512409  0.501621  0.462906  0.567820  0.740947  0.582815  0.541741  0.540699  0.540863  0.601086  0.570329  0.532036  0.436793  0.527041  0.620046  0.548734  0.425084  0.589783  0.468857  0.487602  0.579591  0.663982  0.623976  0.494051  0.512969  0.576445  0.692727  0.504470  0.568911  0.591448  0.467122  0.640608  0.602414  0.502182  0.635574  0.542694  0.516889  0.694097  0.516506 
22  0.584705  0.448321  0.657162  0.566487  0.498796  0.610050  0.446845  0.438070  0.739078  0.360013  0.662409  0.350476  0.501210  0.642011  0.517796  0.374323  0.328555  0.377105  0.519182  0.487623  0.317137  0.587969 0.0  0.375929  0.585048  0.564152  0.479728  0.408856  0.249560  0.573546  0.341841  0.584703  0.479841  0.462616  0.581858  0.389840  0.310180  0.405640  0.590959  0.689842  0.546662  0.618057  0.649251  0.561179  0.512263  0.551645  0.396949  0.556585  0.217753  0.391412  0.468849  0.473582  0.626613  0.417803  0.604880  0.574975  0.279512  0.665200  0.459137  0.530285  0.395747  0.405568  0.270527  0.450553  0.387858  0.668794  0.698127  0.480133  0.543200  0.532565  0.522214  0.684868  0.456198  0.605575  0.431560  0.529904  0.697801  0.587325  0.392271  0.505810  0.602460  0.493951  0.505109  0.442129  0.435622  0.391474  0.584970  0.458391  0.423063  0.417769  0.347502  0.558732  0.675239  0.599697  0.612704  0.550094  0.526307  0.572904  0.405903  0.451640  0.420105  0.451224  0.332783  0.436307  0.463284  0.542094  0.540461  0.558846  0.481504  0.448460  0.341188  0.591420  0.734445  0.401668  0.451167  0.487267  0.375867  0.573040  0.571078  0.547365  0.425440  0.451873  0.605747  0.401470  0.593999  0.492015  0.309288  0.513073  0.346541  0.292375  0.496281  0.425485  0.478958  0.352714  0.461398  0.570838  0.363341  0.453250  0.472595  0.450457  0.488774  0.581740  0.455351  0.385351  0.442206  0.335807 
23  0.770868  0.420356  0.383112  0.588207  0.446720  0.732418  0.657179  0.592867  0.711022  0.580916  0.608327  0.458692  0.622194  0.699173  0.640432  0.405488  0.486996  0.533930  0.692197  0.588300  0.500231  0.627165  0.375929 0.0  0.695167  0.683111  0.569883  0.659169  0.400973  0.515897  0.423966  0.624187  0.544461  0.262194  0.445928  0.433647  0.344740  0.437231  0.673080  0.591271  0.560433  0.702922  0.687109  0.590033  0.493742  0.790672  0.333770  0.739289  0.390958  0.523658  0.651649  0.500901  0.673846  0.613711  0.739997  0.655698  0.452520  0.837459  0.514849  0.603702  0.640876  0.466513  0.483689  0.523573  0.634838  0.726837  0.704341  0.313058  0.564868  0.595836  0.653140  0.753063  0.433495  0.665925  0.428459  0.573366  0.892340  0.741215  0.285072  0.393720  0.628842  0.614687  0.660145  0.592665  0.498971  0.534395  0.579874  0.484299  0.495469  0.478659  0.415889  0.620346  0.852853  0.454318  0.652073  0.776743  0.670731  0.481736  0.589608  0.641641  0.428967  0.606125  0.474381  0.594762  0.394986  0.623579  0.773169  0.587748  0.633579  0.448648  0.433768  0.595267  0.750063  0.451115  0.386286  0.596142  0.437725  0.750248  0.598000  0.428928  0.438948  0.504759  0.539438  0.412426  0.753627  0.508053  0.454298  0.814221  0.375689  0.287819  0.565652  0.429965  0.776512  0.426401  0.577674  0.614595  0.496589  0.601686  0.589412  0.507058  0.691960  0.619306  0.452708  0.527690  0.561809  0.310501 
24  0.619174  0.642260  0.737728  0.388583  0.559172  0.437262  0.528962  0.577370  0.346576  0.502670  0.674246  0.616735  0.545322  0.721490  0.464051  0.489021  0.684544  0.625436  0.442056  0.543763  0.514382  0.587062  0.585048  0.695167 0.0  0.540608  0.582304  0.596450  0.551012  0.539332  0.588136  0.641391  0.604236  0.599972  0.732475  0.649793  0.704109  0.728468  0.680061  0.639553  0.631096  0.473694  0.336340  0.404475  0.710649  0.356808  0.648554  0.479347  0.546231  0.600048  0.350104  0.628618  0.426010  0.408887  0.622714  0.433705  0.614619  0.458556  0.587638  0.597106  0.435055  0.630604  0.612300  0.681134  0.628704  0.410287  0.414592  0.623464  0.699240  0.508611  0.532340  0.545246  0.542707  0.400474  0.568654  0.474719  0.635656  0.558677  0.512829  0.616217  0.686435  0.546510  0.545560  0.651703  0.513036  0.648421  0.677813  0.549115  0.543039  0.641237  0.526924  0.775982  0.427103  0.586556  0.397421  0.507448  0.593544  0.658200  0.557991  0.746195  0.561790  0.543655  0.646149  0.525284  0.804797  0.522325  0.505065  0.667042  0.366263  0.720938  0.582539  0.528303  0.648138  0.552900  0.740501  0.713207  0.617844  0.430067  0.742951  0.686376  0.552287  0.598018  0.630466  0.709405  0.538568  0.678228  0.517215  0.389254  0.538619  0.701141  0.600232  0.504001  0.530701  0.583657  0.618208  0.541512  0.549158  0.578523  0.580596  0.562085  0.591266  0.682800  0.523654  0.655953  0.652364  0.557989 
25  0.652708  0.659810  0.649939  0.570325  0.546809  0.595790  0.573036  0.524771  0.680920  0.558839  0.612275  0.510594  0.531335  0.645315  0.673885  0.648727  0.559130  0.541742  0.513826  0.527874  0.538996  0.635767  0.564152  0.683111  0.540608 0.0  0.539383  0.587133  0.534856  0.675859  0.609753  0.624145  0.506155  0.573050  0.680813  0.561266  0.556631  0.472989  0.583472  0.619486  0.500992  0.663567  0.556500  0.543300  0.600687  0.547018  0.568387  0.524329  0.510996  0.579501  0.506986  0.529583  0.588540  0.443509  0.559693  0.531569  0.596424  0.515311  0.573501  0.720567  0.600914  0.620904  0.616134  0.620117  0.644074  0.554764  0.588047  0.649093  0.500152  0.523377  0.601010  0.619115  0.533952  0.742321  0.538549  0.511902  0.591748  0.557889  0.685467  0.591638  0.593454  0.531080  0.480760  0.608922  0.515490  0.542363  0.601633  0.575297  0.501927  0.668176  0.562532  0.599204  0.595471  0.601869  0.663868  0.573693  0.587761  0.626312  0.677594  0.508875  0.542194  0.494755  0.578486  0.521607  0.622678  0.573543  0.574790  0.532491  0.676421  0.590081  0.469499  0.596349  0.605427  0.538988  0.559014  0.583667  0.581709  0.488583  0.624557  0.793524  0.663149  0.560420  0.624400  0.539901  0.648378  0.479800  0.540926  0.526214  0.543084  0.590395  0.598641  0.610749  0.613830  0.558406  0.562683  0.595091  0.527672  0.549855  0.559194  0.551798  0.586079  0.707849  0.559459  0.517421  0.749254  0.556508 
26  0.515171  0.726517  0.691288  0.480099  0.559105  0.631902  0.518089  0.256436  0.513957  0.501367  0.598521  0.532793  0.592307  0.532557  0.466957  0.596267  0.491498  0.487493  0.424496  0.541766  0.444973  0.532300  0.479728  0.569883  0.582304  0.539383 0.0  0.535725  0.474515  0.601519  0.515384  0.644691  0.358290  0.534065  0.698380  0.427626  0.522207  0.723888  0.664806  0.708351  0.717966  0.557849  0.669677  0.522283  0.778905  0.655732  0.567410  0.552950  0.455188  0.422049  0.437308  0.596729  0.480164  0.381652  0.539764  0.534519  0.422031  0.463658  0.550922  0.378904  0.375269  0.391138  0.593285  0.677807  0.545263  0.688320  0.537412  0.712881  0.494764  0.444268  0.565755  0.559868  0.531996  0.591340  0.670571  0.566636  0.592820  0.730799  0.676904  0.771276  0.377820  0.539193  0.450202  0.623958  0.533733  0.577504  0.550146  0.542653  0.502440  0.521492  0.564304  0.558505  0.448416  0.636981  0.493253  0.519411  0.420232  0.639822  0.551964  0.528548  0.515643  0.297400  0.558931  0.411507  0.508842  0.418002  0.415508  0.605470  0.472305  0.560318  0.603070  0.637732  0.809694  0.571940  0.604957  0.622506  0.569639  0.524177  0.607339  0.750044  0.707307  0.683579  0.544756  0.666361  0.494247  0.329640  0.562231  0.547368  0.614942  0.620413  0.477215  0.644106  0.506387  0.572940  0.593812  0.557272  0.434088  0.528699  0.549595  0.678895  0.363553  0.692445  0.504975  0.516657  0.580835  0.507671 
