146
0 0.0  0.790772  0.776332  0.405015  0.554892  0.548331  0.524714  0.453087  0.545885  0.597293  0.628479  0.605288  0.557939  0.537065  0.491471  0.725786  0.530769  0.673317  0.430572  0.445335  0.542643  0.538891  0.650873  0.679422  0.521613  0.558163  0.484653  0.476232  0.619447  0.697996  0.633143  0.613503  0.568299  0.758197  0.777666  0.565142  0.742214  0.724246  0.563042  0.606752  0.737166  0.438219  0.568536  0.499674  0.728291  0.498626  0.686173  0.492194  0.532531  0.628186  0.653092  0.684360  0.441687  0.529972  0.426368  0.436796  0.546919  0.486920  0.522888  0.652036  0.424949  0.572526  0.692376  0.653771  0.619749  0.487332  0.607496  0.718092  0.548889  0.543878  0.619935  0.572602  0.577781  0.472399  0.555174  0.469655  0.633245  0.702673  0.606457  0.754138  0.602148  0.383881  0.501955  0.707068  0.498633  0.681556  0.703977  0.684139  0.753082  0.418549  0.697530  0.728116  0.395461  0.665712  0.506882  0.430626  0.393260  0.552736  0.483407  0.411500  0.642053  0.509161  0.615100  0.519254  0.563739  0.505348  0.563341  0.598822  0.588039  0.592578  0.541479  0.657900  0.753373  0.518716  0.778712  0.491113  0.568754  0.391795  0.627659  0.852029  0.654407  0.592405  0.560695  0.624395  0.441597  0.587808  0.734439  0.444979  0.582008  0.697507  0.539992  0.523522  0.463402  0.575958  0.674936  0.622086  0.495312  0.450351  0.499690  0.636107  0.493092  0.511642  0.563422  0.459855  0.581526  0.636030 
1  0.790772 0.0  0.500932  0.788317  0.729920  0.786005  0.609095  0.713600  0.702518  0.654983  0.645400  0.566673  0.504685  0.582283  0.819650  0.457434  0.568200  0.506160  0.746351  0.612594  0.522248  0.566926  0.453714  0.392944  0.625143  0.611215  0.667612  0.632367  0.553417  0.664638  0.455230  0.807315  0.528699  0.494677  0.520347  0.415620  0.416085  0.577117  0.696721  0.599700  0.552954  0.763495  0.787809  0.831790  0.436207  0.850955  0.450060  0.701775  0.595503  0.481978  0.722531  0.548443  0.802755  0.659835  0.715448  0.622021  0.540249  0.706400  0.632857  0.656326  0.829929  0.525516  0.553663  0.528870  0.636076  0.691522  0.782686  0.336524  0.533280  0.703857  0.714409  0.623058  0.530966  0.716946  0.562593  0.697188  0.786306  0.628760  0.479426  0.411334  0.729259  0.793325  0.675730  0.503847  0.558887  0.475779  0.660991  0.691347  0.532143  0.618734  0.506217  0.528561  1.000000  0.572178  0.718292  0.710295  0.664450  0.470183  0.621559  0.785420  0.654284  0.740238  0.522081  0.572248  0.503904  0.585122  0.757684  0.547334  0.672717  0.462507  0.450934  0.697363  0.674170  0.622825  0.469561  0.804842  0.505995  0.792597  0.599299  0.520368  0.512402  0.548846  0.568658  0.440851  0.721295  0.551392  0.547395  0.747433  0.448509  0.537517  0.562094  0.520678  0.636993  0.628658  0.616381  0.513376  0.534078  0.587614  0.595471  0.651090  0.653543  0.622409  0.479813  0.702883  0.505262  0.574304 
2  0.776332  0.500932 0.0  0.901659  0.672606  0.767404  0.643782  0.705406  0.762288  0.587136  0.571356  0.520386  0.523752  0.582244  0.870941  0.586627  0.507000  0.430667  0.730569  0.645629  0.491494  0.595604  0.534063  0.411687  0.685793  0.624075  0.720566  0.677606  0.605900  0.588745  0.483556  0.621301  0.557038  0.490306  0.390252  0.517918  0.447767  0.696770  0.570145  0.571142  0.523640  0.830419  0.770707  0.789241  0.406666  0.717634  0.529317  0.748999  0.564384  0.568109  0.639925  0.480850  0.831777  0.752005  0.728262  0.660883  0.596414  0.802059  0.743181  0.600044  0.717914  0.612345  0.488345  0.544289  0.651863  0.722179  0.703283  0.439190  0.617653  0.671530  0.650916  0.726115  0.577206  0.765397  0.563129  0.765595  0.753490  0.676342  0.477255  0.456806  0.769992  0.574159  0.626960  0.592227  0.560533  0.509232  0.604390  0.533887  0.629302  0.618096  0.519143  0.459310  0.951119  0.520079  0.762639  0.723650  0.672119  0.334676  0.676607  0.598086  0.637069  0.666807  0.508435  0.704164  0.457523  0.805438  0.595960  0.481200  0.808641  0.494740  0.445862  0.560896  0.602697  0.759879  0.645164  0.782965  0.557161  0.790840  0.643323  0.366048  0.509603  0.539460  0.566662  0.470170  0.737449  0.651769  0.525716  0.671339  0.412074  0.578746  0.640864  0.545520  0.688657  0.514380  0.578262  0.638982  0.658813  0.644805  0.615848  0.690426  0.812156  0.688127  0.550079  0.623004  0.558575  0.490248 
3  0.405015  0.788317  0.901659 0.0  0.605455  0.469136  0.519195  0.395955  0.478099  0.623329  0.470805  0.555931  0.567342  0.440530  0.331769  0.615587  0.525236  0.606703  0.297864  0.485170  0.515381  0.503928  0.515308  0.565475  0.403701  0.539404  0.398181  0.579355  0.575082  0.606885  0.514540  0.562526  0.547948  0.613331  0.686202  0.449882  0.685821  0.664378  0.710854  0.595220  0.676387  0.384430  0.385503  0.338036  0.729717  0.359853  0.581495  0.321436  0.472888  0.595279  0.361556  0.567859  0.323947  0.459101  0.540846  0.446369  0.613509  0.327299  0.562173  0.519078  0.249698  0.567020  0.630458  0.687374  0.484430  0.377666  0.407717  0.612294  0.491901  0.545234  0.470917  0.591261  0.565233  0.423040  0.676277  0.367205  0.711669  0.729930  0.479140  0.691192  0.501136  0.500529  0.499840  0.539501  0.483699  0.558355  0.564824  0.576487  0.658814  0.446563  0.598994  0.681168  0.288557  0.658303  0.327891  0.529860  0.458252  0.616842  0.508503  0.476502  0.461518  0.487808  0.535768  0.529278  0.499525  0.570028  0.477597  0.664764  0.341090  0.686613  0.692895  0.660600  0.649069  0.497325  0.671018  0.492062  0.585694  0.301600  0.556670  0.630668  0.571202  0.600955  0.644036  0.609093  0.508899  0.446226  0.549120  0.552680  0.632235  0.744126  0.583978  0.642139  0.503636  0.457227  0.750714  0.566732  0.568845  0.447520  0.564111  0.778972  0.439916  0.743267  0.488377  0.492770  0.702264  0.530769 
4  0.554892  0.729920  0.672606  0.605455 0.0  0.577006  0.475509  0.618188  0.497156  0.490258  0.645477  0.481049  0.619750  0.600746  0.599947  0.553530  0.470032  0.413799  0.529907  0.439481  0.484964  0.444806  0.468606  0.545478  0.581852  0.544605  0.553541  0.528750  0.581207  0.468501  0.569552  0.475001  0.630038  0.498227  0.625592  0.557025  0.636082  0.455409  0.461234  0.749087  0.542897  0.596090  0.401698  0.554087  0.661032  0.515906  0.622320  0.477873  0.388882  0.466607  0.512538  0.531478  0.633887  0.561164  0.527792  0.509498  0.491122  0.567467  0.614263  0.695039  0.717200  0.629754  0.566302  0.597303  0.617045  0.620538  0.691826  0.558878  0.499974  0.604867  0.430331  0.564187  0.437340  0.547838  0.519841  0.547967  0.594176  0.595383  0.556772  0.542257  0.550890  0.525314  0.479385  0.628146  0.475309  0.507493  0.597556  0.321427  0.482330  0.437062  0.641492  0.610964  0.575848  0.578492  0.522460  0.530527  0.600294  0.690054  0.497987  0.614305  0.435395  0.670946  0.521303  0.492395  0.555827  0.568230  0.564968  0.585821  0.522543  0.541942  0.618693  0.440062  0.457431  0.376170  0.513554  0.400326  0.481969  0.482090  0.517683  0.515903  0.459458  0.475830  0.378627  0.493726  0.528162  0.759248  0.568094  0.432732  0.421791  0.643663  0.434224  0.631893  0.497657  0.420192  0.417887  0.472801  0.501023  0.589963  0.469795  0.580274  0.609976  0.449923  0.575325  0.660644  0.615105  0.586043 
5  0.548331  0.786005  0.767404  0.469136  0.577006 0.0  0.492480  0.620850  0.399699  0.648505  0.629183  0.665505  0.548383  0.641027  0.470170  0.725949  0.569105  0.687582  0.423454  0.439730  0.681579  0.517191  0.467674  0.666592  0.419921  0.534037  0.608609  0.612703  0.665078  0.643778  0.641595  0.678625  0.701938  0.672531  0.710635  0.598618  0.680153  0.627081  0.617991  0.570161  0.746917  0.440262  0.469000  0.465820  0.613530  0.330754  0.763600  0.357098  0.598910  0.673555  0.541802  0.587374  0.388952  0.471095  0.586503  0.593773  0.682620  0.510701  0.665021  0.757577  0.427753  0.587611  0.684161  0.631037  0.700886  0.336912  0.405793  0.643758  0.588069  0.535935  0.703556  0.636834  0.608519  0.352318  0.723544  0.454272  0.647743  0.588390  0.718376  0.690148  0.655315  0.522819  0.540312  0.846685  0.619095  0.703976  0.624518  0.513064  0.578590  0.572482  0.565619  0.686560  0.306694  0.716080  0.357013  0.422286  0.704692  0.634178  0.642773  0.660583  0.568520  0.674334  0.658999  0.438458  0.580141  0.738754  0.626441  0.677845  0.327490  0.803479  0.693511  0.702128  0.748010  0.495340  0.672986  0.577344  0.532244  0.393323  0.691453  0.754371  0.580643  0.624211  0.648491  0.639774  0.596083  0.584993  0.564179  0.554426  0.675367  0.765311  0.549690  0.578893  0.548567  0.512033  0.634649  0.512956  0.586243  0.672262  0.613437  0.792848  0.674085  0.800108  0.690294  0.697586  0.722852  0.561927 
6  0.524714  0.609095  0.643782  0.519195  0.475509  0.492480 0.0  0.469461  0.523496  0.500295  0.573179  0.513970  0.522800  0.536815  0.455069  0.465566  0.529651  0.518697  0.458605  0.506464  0.553919  0.554339  0.470809  0.721320  0.501522  0.523069  0.509591  0.551883  0.497037  0.665947  0.538234  0.588282  0.531307  0.648892  0.634966  0.432529  0.507670  0.570949  0.593752  0.625229  0.580704  0.543590  0.558449  0.557211  0.622902  0.540550  0.655407  0.560628  0.425206  0.581741  0.569415  0.606840  0.447747  0.478694  0.517111  0.477355  0.472615  0.587217  0.610924  0.647603  0.499847  0.549276  0.604896  0.539177  0.530360  0.470824  0.581760  0.531796  0.487916  0.504368  0.558772  0.561211  0.475165  0.507600  0.623649  0.462853  0.576440  0.562955  0.562976  0.587336  0.486623  0.468963  0.454335  0.487457  0.562404  0.576504  0.556890  0.531257  0.518832  0.477602  0.600382  0.550683  0.570562  0.682696  0.506475  0.587567  0.506790  0.557939  0.565142  0.469047  0.421661  0.477734  0.549856  0.555638  0.466820  0.481276  0.562531  0.499087  0.518868  0.583765  0.562394  0.582909  0.567716  0.503116  0.571529  0.516021  0.524973  0.440421  0.642977  0.688220  0.628801  0.506489  0.664041  0.549754  0.472940  0.457743  0.586341  0.573858  0.503602  0.623751  0.554057  0.515156  0.534866  0.547379  0.553721  0.497857  0.566126  0.556731  0.588455  0.561280  0.439093  0.528672  0.442416  0.511874  0.556878  0.428483 
7  0.453087  0.713600  0.705406  0.395955  0.618188  0.620850  0.469461 0.0  0.573091  0.515637  0.639961  0.486522  0.472639  0.597065  0.510661  0.539870  0.393324  0.529719  0.421266  0.415925  0.381001  0.506494  0.393826  0.570425  0.500290  0.569616  0.276371  0.557511  0.467516  0.743186  0.521459  0.561191  0.269959  0.608796  0.649833  0.341751  0.521546  0.557831  0.611313  0.625951  0.549633  0.547211  0.508041  0.644040  0.595574  0.524947  0.418360  0.486574  0.376681  0.458149  0.391530  0.579944  0.429673  0.340336  0.589144  0.475871  0.456151  0.513439  0.596810  0.415510  0.358207  0.285864  0.471911  0.728379  0.402576  0.555036  0.720860  0.578369  0.576754  0.362759  0.452349  0.559626  0.595490  0.607879  0.558729  0.527343  0.494498  0.599118  0.531546  0.548063  0.320975  0.522248  0.497360  0.509819  0.428598  0.575180  0.498862  0.553539  0.633003  0.420217  0.513417  0.581804  0.466936  0.638365  0.454396  0.529591  0.408312  0.637571  0.440546  0.438365  0.487282  0.316020  0.537854  0.286281  0.513722  0.460277  0.483652  0.600279  0.457416  0.642229  0.512935  0.544200  0.712661  0.564032  0.640344  0.575258  0.526134  0.433794  0.391070  0.674617  0.511761  0.601887  0.748358  0.473068  0.507220  0.205424  0.522752  0.608293  0.525485  0.596429  0.505664  0.516632  0.501289  0.446857  0.528296  0.570326  0.461453  0.456792  0.563405  0.558128  0.306983  0.660262  0.468810  0.461251  0.538955  0.415608 
8  0.545885  0.702518  0.762288  0.478099  0.497156  0.399699  0.523496  0.573091 0.0  0.574739  0.581030  0.585430  0.584250  0.667859  0.355421  0.714702  0.552310  0.505655  0.424956  0.459426  0.614582  0.583079  0.536101  0.694812  0.359895  0.632803  0.545797  0.661659  0.532048  0.475098  0.581814  0.578036  0.715913  0.631294  0.722363  0.577045  0.714480  0.613732  0.620370  0.710597  0.760221  0.354012  0.321210  0.423351  0.475901  0.329080  0.703533  0.395341  0.537141  0.636800  0.404314  0.623008  0.346531  0.467440  0.428198  0.457239  0.625542  0.514019  0.552657  0.726632  0.410144  0.612826  0.622466  0.689684  0.640529  0.320819  0.431739  0.585521  0.742018  0.493479  0.720506  0.597092  0.552319  0.326122  0.657824  0.410181  0.600399  0.499407  0.587140  0.646440  0.719925  0.449118  0.512865  0.804358  0.591952  0.565744  0.617847  0.579647  0.700105  0.589573  0.797527  0.647508  0.319996  0.796706  0.332495  0.468469  0.519665  0.821509  0.682485  0.694508  0.648136  0.524241  0.666671  0.511612  0.653069  0.611038  0.547447  0.631689  0.243198  0.718623  0.552264  0.551092  0.595159  0.398296  0.623535  0.583616  0.670425  0.397535  0.662275  0.754812  0.558405  0.572291  0.559496  0.668757  0.549494  0.717132  0.593983  0.366431  0.538870  0.756631  0.601912  0.464976  0.523239  0.421333  0.660560  0.553687  0.647805  0.561492  0.551294  0.686175  0.682932  0.662224  0.585408  0.526532  0.733398  0.621505 
9  0.597293  0.654983  0.587136  0.623329  0.490258  0.648505  0.500295  0.515637  0.574739 0.0  0.599396  0.388757  0.561746  0.657094  0.571160  0.385377  0.347580  0.364277  0.616031  0.494052  0.442249  0.577978  0.389988  0.558859  0.514555  0.511716  0.492619  0.495949  0.441342  0.508169  0.408274  0.472736  0.540453  0.510174  0.530921  0.445889  0.547936  0.508758  0.530457  0.603082  0.537266  0.700917  0.502570  0.460203  0.521648  0.515534  0.514481  0.531155  0.266896  0.354276  0.516488  0.493021  0.586300  0.539365  0.610568  0.428764  0.450344  0.586063  0.512083  0.618534  0.461020  0.593113  0.421433  0.444736  0.640999  0.547322  0.490595  0.608618  0.460467  0.498765  0.494017  0.701258  0.369960  0.577340  0.627474  0.519095  0.691003  0.610850  0.389441  0.570043  0.701830  0.547901  0.496492  0.495400  0.466727  0.398617  0.590749  0.417272  0.516647  0.506521  0.504797  0.495091  0.535867  0.460297  0.544706  0.507675  0.633494  0.663945  0.507311  0.552664  0.476435  0.479145  0.566880  0.522757  0.505674  0.468248  0.522376  0.438543  0.418198  0.539025  0.352987  0.509072  0.526577  0.341604  0.507929  0.526547  0.367207  0.491307  0.486876  0.632079  0.472665  0.428282  0.449182  0.459819  0.604625  0.545517  0.426017  0.569438  0.397462  0.587669  0.415723  0.479302  0.617742  0.415074  0.507601  0.481906  0.484693  0.516582  0.533716  0.433893  0.513263  0.471577  0.528416  0.459445  0.530487  0.457006 
10  0.628479  0.645400  0.571356  0.470805  0.645477  0.629183  0.573179  0.639961  0.581030  0.599396 0.0  0.594150  0.496353  0.619202  0.586974  0.545198  0.571210  0.620365  0.610915  0.605944  0.619154  0.558332  0.602938  0.646074  0.647347  0.649827  0.610088  0.629051  0.745306  0.565473  0.523436  0.517631  0.665007  0.650030  0.634529  0.606052  0.611565  0.643421  0.578439  0.585840  0.557208  0.552214  0.501172  0.502032  0.597027  0.742061  0.579629  0.538129  0.542371  0.577083  0.724013  0.611474  0.600538  0.703498  0.529226  0.559044  0.695155  0.638197  0.734892  0.546216  0.636088  0.752097  0.671482  0.673083  0.626164  0.593435  0.526226  0.642707  0.545458  0.560220  0.624540  0.575292  0.548774  0.557124  0.596766  0.550538  0.525507  0.593213  0.752192  0.561817  0.508876  0.657690  0.654503  0.677065  0.598318  0.499267  0.657148  0.685026  0.555693  0.658283  0.676615  0.655010  0.637429  0.676942  0.516917  0.675070  0.638384  0.625879  0.602195  0.592444  0.551280  0.536407  0.635279  0.637094  0.562612  0.556517  0.635976  0.688484  0.537796  0.623421  0.663819  0.534199  0.541242  0.534965  0.618491  0.607326  0.640878  0.579288  0.639587  0.512286  0.691985  0.632929  0.506706  0.572020  0.582793  0.600842  0.571297  0.590192  0.619655  0.615826  0.530862  0.589633  0.570148  0.600871  0.568930  0.608296  0.696764  0.609603  0.646178  0.607707  0.596585  0.592850  0.598274  0.646662  0.647343  0.620797 
11  0.605288  0.566673  0.520386  0.555931  0.481049  0.665505  0.513970  0.486522  0.585430  0.388757  0.594150 0.0  0.504333  0.713660  0.679433  0.419928  0.384650  0.386503  0.676555  0.490942  0.360680  0.633850  0.315003  0.384850  0.576216  0.478607  0.476279  0.526906  0.219600  0.544284  0.270311  0.640172  0.424561  0.364994  0.546961  0.359806  0.317744  0.440440  0.603128  0.610286  0.507786  0.624701  0.481862  0.593378  0.450804  0.622756  0.363023  0.637359  0.265089  0.327491  0.488498  0.407218  0.517230  0.505990  0.499276  0.463807  0.327557  0.665496  0.393414  0.580368  0.488921  0.444859  0.285074  0.550562  0.446698  0.641634  0.580320  0.437663  0.404835  0.439886  0.590233  0.625951  0.429770  0.514712  0.387918  0.595755  0.724859  0.432118  0.252553  0.537559  0.557412  0.599245  0.513500  0.382904  0.384966  0.389596  0.578957  0.423270  0.492527  0.352447  0.344433  0.451361  0.625871  0.469265  0.587014  0.604480  0.520550  0.458072  0.457305  0.498246  0.279431  0.516022  0.380214  0.505209  0.423888  0.504414  0.580330  0.502950  0.498704  0.419672  0.241436  0.470295  0.587023  0.380254  0.423009  0.417136  0.297122  0.590956  0.421081  0.563111  0.431818  0.395277  0.568310  0.391736  0.531809  0.419151  0.188350  0.585697  0.354302  0.414092  0.420716  0.441450  0.575425  0.303891  0.632686  0.541017  0.438565  0.402636  0.571119  0.333247  0.567567  0.573407  0.451561  0.310392  0.357186  0.299922 
12  0.557939  0.504685  0.523752  0.567342  0.619750  0.548383  0.522800  0.472639  0.584250  0.561746  0.496353  0.504333 0.0  0.653222  0.520030  0.521504  0.509125  0.568001  0.469530  0.501124  0.466865  0.553857  0.538172  0.590238  0.572350  0.601881  0.504038  0.572051  0.430318  0.607578  0.541992  0.616140  0.527300  0.485571  0.652864  0.436359  0.519623  0.545234  0.575976  0.655765  0.503557  0.509910  0.602922  0.527576  0.498755  0.488478  0.529745  0.504309  0.441125  0.471882  0.579535  0.543554  0.581080  0.495358  0.547570  0.549989  0.506820  0.579432  0.562107  0.481635  0.391014  0.497659  0.492457  0.434295  0.482060  0.466142  0.568366  0.577438  0.445850  0.443298  0.484142  0.589113  0.465001  0.507014  0.494227  0.599052  0.603243  0.586171  0.520154  0.539082  0.569565  0.674737  0.538084  0.569433  0.550879  0.402757  0.559790  0.611149  0.478966  0.530246  0.534787  0.559675  0.519636  0.490911  0.498760  0.493635  0.506728  0.473568  0.492663  0.550331  0.557916  0.552769  0.484038  0.525973  0.529735  0.532968  0.620165  0.554877  0.533893  0.502405  0.525999  0.522498  0.699127  0.531519  0.479604  0.504455  0.524926  0.496692  0.558448  0.583423  0.546787  0.551884  0.640570  0.484379  0.626535  0.388829  0.459083  0.635692  0.642747  0.580573  0.546474  0.523248  0.519194  0.516193  0.515721  0.582016  0.525500  0.598489  0.552516  0.489469  0.579802  0.589040  0.562762  0.556158  0.650109  0.569014 
13  0.537065  0.582283  0.582244  0.440530  0.600746  0.641027  0.536815  0.597065  0.667859  0.657094  0.619202  0.713660  0.653222 0.0  0.595549  0.683467  0.641996  0.684561  0.520251  0.614738  0.578747  0.626133  0.649651  0.649182  0.686749  0.601927  0.570605  0.605619  0.714972  0.630699  0.616712  0.574344  0.603872  0.665024  0.605632  0.702206  0.615992  0.677510  0.598840  0.576892  0.677076  0.551136  0.595257  0.684846  0.606593  0.745997  0.681728  0.671998  0.662099  0.660602  0.599175  0.519095  0.522819  0.648582  0.631379  0.676152  0.569844  0.565416  0.569152  0.594322  0.526194  0.598390  0.534865  0.622163  0.527155  0.623142  0.533278  0.602209  0.579906  0.600925  0.545305  0.623344  0.617965  0.632945  0.607365  0.530410  0.634112  0.580934  0.631990  0.666304  0.591022  0.560288  0.639510  0.655553  0.683663  0.651919  0.608374  0.598344  0.541444  0.501426  0.712122  0.700752  0.578698  0.567310  0.598833  0.596534  0.523705  0.539293  0.567027  0.653188  0.586333  0.544273  0.603533  0.732081  0.536210  0.712499  0.466357  0.573518  0.570834  0.641874  0.634056  0.731805  0.621118  0.594202  0.591932  0.570223  0.702973  0.554853  0.624869  0.702359  0.625404  0.588265  0.610321  0.636087  0.547442  0.627004  0.636679  0.644001  0.617262  0.653095  0.592570  0.587601  0.530816  0.780904  0.546918  0.602305  0.563512  0.592698  0.559578  0.673207  0.610735  0.570002  0.531423  0.637510  0.505725  0.591702 
14  0.491471  0.819650  0.870941  0.331769  0.599947  0.470170  0.455069  0.510661  0.355421  0.571160  0.586974  0.679433  0.520030  0.595549 0.0  0.591158  0.569029  0.505297  0.336893  0.458323  0.504589  0.679262  0.508493  0.736978  0.421445  0.591937  0.452115  0.684849  0.570139  0.632817  0.614965  0.526436  0.541798  0.685988  0.827835  0.585671  0.589780  0.618344  0.712771  0.489031  0.600792  0.290146  0.464068  0.420544  0.723294  0.516542  0.673464  0.334813  0.526288  0.686068  0.394442  0.672669  0.305799  0.547607  0.517592  0.497776  0.539073  0.344023  0.649905  0.639295  0.278197  0.677223  0.619300  0.605089  0.606047  0.343903  0.493342  0.739116  0.518147  0.503267  0.600655  0.568393  0.533913  0.495697  0.671749  0.422990  0.648619  0.509144  0.704697  0.759376  0.666322  0.452990  0.485363  0.688149  0.584156  0.549103  0.491082  0.626941  0.649945  0.524750  0.757580  0.643178  0.264288  0.608843  0.328307  0.416814  0.441435  0.616993  0.400171  0.498112  0.491405  0.604137  0.617174  0.620409  0.481527  0.597390  0.568563  0.690067  0.319187  0.632903  0.599166  0.613410  0.582402  0.540210  0.739465  0.446281  0.670026  0.348704  0.693540  0.674070  0.664117  0.619682  0.536316  0.551637  0.512422  0.471289  0.545916  0.589153  0.506034  0.694442  0.526844  0.570449  0.468656  0.517592  0.645832  0.505277  0.501756  0.509308  0.540339  0.650094  0.492325  0.702843  0.547111  0.466198  0.645663  0.494488 
15  0.725786  0.457434  0.586627  0.615587  0.553530  0.725949  0.465566  0.539870  0.714702  0.385377  0.545198  0.419928  0.521504  0.683467  0.591158 0.0  0.429968  0.610898  0.571444  0.511463  0.377493  0.487710  0.411239  0.493524  0.650851  0.486423  0.554217  0.637547  0.464040  0.580618  0.530503  0.533405  0.517853  0.491817  0.518616  0.469119  0.412920  0.629243  0.502680  0.560286  0.521713  0.556807  0.647639  0.635324  0.455390  0.629184  0.479328  0.568868  0.399934  0.511676  0.563706  0.367240  0.578677  0.484784  0.691423  0.505311  0.586120  0.664134  0.620518  0.539036  0.540374  0.531715  0.397238  0.515496  0.488476  0.610968  0.700638  0.472589  0.417458  0.590319  0.563199  0.540577  0.529447  0.611395  0.489527  0.606580  0.648095  0.624371  0.447586  0.432284  0.619428  0.661074  0.536503  0.518581  0.404241  0.438477  0.533627  0.441603  0.526543  0.436280  0.455041  0.500180  0.629810  0.414159  0.605608  0.678958  0.506792  0.426735  0.414197  0.505034  0.463568  0.584121  0.549365  0.607028  0.536596  0.618663  0.565290  0.504103  0.579193  0.528794  0.555737  0.451098  0.477434  0.405641  0.459291  0.576618  0.444167  0.639861  0.553361  0.528672  0.422597  0.489814  0.454271  0.411262  0.651126  0.566127  0.472244  0.599451  0.556276  0.465690  0.472703  0.554079  0.578915  0.454720  0.409418  0.490425  0.532691  0.546963  0.420116  0.547172  0.541800  0.487876  0.511179  0.537875  0.499449  0.520108 
16  0.530769  0.568200  0.507000  0.525236  0.470032  0.569105  0.529651  0.393324  0.552310  0.347580  0.571210  0.384650  0.509125  0.641996  0.569029  0.429968 0.0  0.359772  0.510761  0.612712  0.391845  0.556087  0.315301  0.472360  0.529649  0.506670  0.520831  0.478979  0.316929  0.463853  0.362534  0.458643  0.434837  0.448271  0.483098  0.293496  0.453465  0.462914  0.539157  0.565306  0.484004  0.564568  0.530994  0.588183  0.487947  0.459474  0.433558  0.503970  0.383726  0.313864  0.487252  0.501877  0.437649  0.496859  0.580924  0.388094  0.416284  0.568524  0.505133  0.504949  0.398214  0.551341  0.490737  0.517438  0.453503  0.493816  0.513498  0.414624  0.365880  0.407215  0.388173  0.704054  0.424693  0.621327  0.487210  0.609896  0.592301  0.633612  0.344845  0.515379  0.474855  0.660911  0.524957  0.348278  0.478366  0.328372  0.418036  0.423773  0.409560  0.381979  0.439499  0.558858  0.580423  0.431178  0.572378  0.403609  0.541581  0.519451  0.375698  0.477148  0.339743  0.480455  0.492095  0.455239  0.386661  0.467498  0.534426  0.477988  0.456991  0.548603  0.421070  0.484383  0.591638  0.370167  0.450954  0.449296  0.444150  0.593040  0.484633  0.555447  0.343025  0.404687  0.470575  0.367648  0.563293  0.444752  0.384807  0.536771  0.425387  0.518984  0.414255  0.520330  0.571086  0.396377  0.602935  0.579668  0.426198  0.421617  0.557383  0.456847  0.439091  0.541837  0.411123  0.409510  0.514114  0.410062 
17  0.673317  0.506160  0.430667  0.606703  0.413799  0.687582  0.518697  0.529719  0.505655  0.364277  0.620365  0.386503  0.568001  0.684561  0.505297  0.610898  0.359772 0.0  0.547201  0.598172  0.388036  0.524017  0.426787  0.562758  0.522594  0.557663  0.524921  0.494117  0.363667  0.560601  0.387280  0.520522  0.458018  0.469765  0.555160  0.377370  0.454846  0.339001  0.525571  0.634544  0.495722  0.699837  0.568265  0.532148  0.552003  0.556265  0.469391  0.560589  0.388125  0.400836  0.542210  0.542836  0.538781  0.564030  0.655516  0.515760  0.438049  0.662723  0.501291  0.525890  0.508216  0.598033  0.495337  0.486938  0.493150  0.539727  0.577388  0.443269  0.454545  0.463476  0.442212  0.717310  0.514645  0.588262  0.454516  0.584902  0.508503  0.570386  0.346173  0.578337  0.640824  0.697818  0.507777  0.521422  0.425674  0.479554  0.436224  0.452060  0.411825  0.488258  0.415665  0.534321  0.579720  0.507645  0.617509  0.569351  0.576028  0.495597  0.465111  0.597867  0.458032  0.511999  0.475544  0.456663  0.494521  0.584044  0.500650  0.468319  0.650078  0.498636  0.488884  0.538769  0.558328  0.467087  0.399147  0.439763  0.379111  0.595593  0.471565  0.468881  0.453483  0.472066  0.414697  0.434552  0.493219  0.530239  0.414881  0.606232  0.383844  0.428287  0.505582  0.514702  0.614222  0.399228  0.458851  0.625862  0.473580  0.508407  0.577707  0.433729  0.597898  0.487053  0.515647  0.506299  0.462464  0.480656 
18  0.430572  0.746351  0.730569  0.297864  0.529907  0.423454  0.458605  0.421266  0.424956  0.616031  0.610915  0.676555  0.469530  0.520251  0.336893  0.571444  0.510761  0.547201 0.0  0.441534  0.620180  0.563901  0.576671  0.645605  0.426646  0.580811  0.404262  0.575858  0.668518  0.667334  0.633708  0.537204  0.330039  0.512455  0.721610  0.452703  0.655876  0.541463  0.667755  0.584202  0.631485  0.366851  0.403715  0.434918  0.701502  0.371718  0.679325  0.329894  0.502158  0.559897  0.348930  0.632831  0.319232  0.467160  0.617409  0.419228  0.612017  0.378966  0.636277  0.619090  0.253699  0.609254  0.681522  0.612621  0.561115  0.323371  0.501160  0.710390  0.444161  0.430532  0.412283  0.621812  0.618285  0.408398  0.608122  0.406277  0.714703  0.638464  0.638373  0.696327  0.494981  0.520895  0.541970  0.671176  0.603836  0.613924  0.475284  0.479210  0.738128  0.476934  0.674799  0.589888  0.303719  0.561823  0.348251  0.488491  0.496659  0.694489  0.463383  0.488531  0.547759  0.498561  0.690533  0.487433  0.505598  0.504767  0.493140  0.780986  0.423239  0.668072  0.650148  0.709560  0.670293  0.585803  0.670620  0.532223  0.565889  0.279610  0.526418  0.693811  0.666271  0.689818  0.633978  0.623514  0.413003  0.448435  0.588147  0.599107  0.585525  0.676864  0.551758  0.529289  0.463777  0.591261  0.609250  0.518876  0.593194  0.500401  0.460432  0.664120  0.406305  0.708903  0.529413  0.549434  0.666546  0.502394 
19  0.445335  0.612594  0.645629  0.485170  0.439481  0.439730  0.506464  0.415925  0.459426  0.494052  0.605944  0.490942  0.501124  0.614738  0.458323  0.511463  0.612712  0.598172  0.441534 0.0  0.519374  0.584317  0.546061  0.523210  0.537107  0.489994  0.515543  0.485852  0.559637  0.500440  0.555455  0.573001  0.592513  0.581957  0.587995  0.530209  0.531709  0.463845  0.582604  0.533588  0.555214  0.470952  0.416915  0.583511  0.639901  0.453112  0.506497  0.489030  0.402780  0.642413  0.491843  0.518282  0.446619  0.552394  0.427520  0.490923  0.563092  0.528417  0.495717  0.473417  0.570676  0.574080  0.511897  0.620154  0.490588  0.488971  0.451344  0.597906  0.535207  0.493136  0.525877  0.533984  0.544609  0.447730  0.659610  0.477542  0.576820  0.527196  0.548686  0.579928  0.503318  0.544292  0.460203  0.579914  0.489588  0.540831  0.583081  0.537473  0.551282  0.511607  0.500746  0.650465  0.378408  0.590228  0.400825  0.504995  0.479476  0.704140  0.422205  0.501531  0.483750  0.458689  0.598648  0.527824  0.553664  0.498008  0.458174  0.644292  0.429907  0.667050  0.540666  0.594007  0.567692  0.504717  0.705370  0.475057  0.603986  0.509438  0.570459  0.560381  0.716699  0.466156  0.557960  0.517096  0.559874  0.620759  0.533728  0.496813  0.486634  0.631498  0.497861  0.512420  0.379783  0.422542  0.561651  0.564042  0.524356  0.423679  0.494522  0.552960  0.528446  0.567882  0.541693  0.598200  0.691716  0.512269 
20  0.542643  0.522248  0.491494  0.515381  0.484964  0.681579  0.553919  0.381001  0.614582  0.442249  0.619154  0.360680  0.466865  0.578747  0.504589  0.377493  0.391845  0.388036  0.620180  0.519374 0.0  0.610257  0.321886  0.476834  0.498735  0.442152  0.500349  0.556598  0.331093  0.530713  0.401388  0.526223  0.476908  0.513440  0.603978  0.337875  0.350909  0.445109  0.527471  0.777348  0.359314  0.717334  0.558476  0.528553  0.507576  0.643597  0.416064  0.611379  0.323111  0.413909  0.481887  0.420021  0.543040  0.578580  0.502061  0.461757  0.336395  0.486861  0.518999  0.563139  0.414449  0.464392  0.361317  0.538623  0.403335  0.590983  0.532263  0.533868  0.509542  0.484747  0.569625  0.633026  0.342568  0.567357  0.417750  0.511632  0.764443  0.656352  0.449079  0.529795  0.557981  0.544452  0.477777  0.380889  0.326605  0.419728  0.474904  0.421040  0.400572  0.406294  0.442900  0.478104  0.579520  0.451616  0.457765  0.616973  0.446169  0.477261  0.372032  0.419659  0.439960  0.473656  0.470570  0.463861  0.484181  0.573351  0.455794  0.547420  0.633810  0.457133  0.317870  0.604101  0.628794  0.491075  0.424131  0.445355  0.377068  0.700656  0.489783  0.547908  0.402307  0.443718  0.680098  0.426479  0.583828  0.491151  0.268557  0.540687  0.524730  0.371423  0.324772  0.418454  0.455737  0.354199  0.490637  0.492906  0.396107  0.418313  0.492370  0.446129  0.414464  0.569214  0.557592  0.356731  0.423570  0.345793 
21  0.538891  0.566926  0.595604  0.503928  0.444806  0.517191  0.554339  0.506494  0.583079  0.577978  0.558332  0.633850  0.553857  0.626133  0.679262  0.487710  0.556087  0.524017  0.563901  0.584317  0.610257 0.0  0.578146  0.597679  0.662773  0.630781  0.544006  0.478831  0.617713  0.525727  0.441971  0.704751  0.626327  0.516190  0.546192  0.442811  0.547349  0.530739  0.518034  0.599885  0.528760  0.570924  0.580754  0.574528  0.633263  0.511863  0.528059  0.576043  0.602135  0.512440  0.533571  0.542305  0.605917  0.431721  0.550209  0.457327  0.470340  0.604667  0.553203  0.520097  0.524771  0.597261  0.551906  0.527961  0.569080  0.585481  0.576289  0.594809  0.428817  0.547341  0.575791  0.669069  0.623103  0.590933  0.549277  0.507991  0.625286  0.681135  0.462162  0.699158  0.532956  0.485581  0.491079  0.634946  0.523544  0.601130  0.587170  0.599399  0.493183  0.554054  0.542587  0.557434  0.555463  0.411899  0.498731  0.623705  0.555505  0.548609  0.574046  0.568386  0.575901  0.530263  0.548480  0.549496  0.594758  0.488917  0.565588  0.493674  0.529837  0.562685  0.536558  0.638264  0.652028  0.514168  0.582990  0.547416  0.541782  0.591319  0.486731  0.476009  0.636771  0.662136  0.539695  0.464586  0.618165  0.557509  0.461493  0.521345  0.498654  0.549499  0.555303  0.500264  0.548727  0.649458  0.616189  0.626317  0.558156  0.463110  0.627647  0.563267  0.470952  0.648636  0.491191  0.545493  0.554508  0.601114 
22  0.650873  0.453714  0.534063  0.515308  0.468606  0.467674  0.470809  0.393826  0.536101  0.389988  0.602938  0.315003  0.538172  0.649651  0.508493  0.411239  0.315301  0.426787  0.576671  0.546061  0.321886  0.578146 0.0  0.355996  0.588980  0.574512  0.516321  0.428026  0.232008  0.560428  0.316100  0.534718  0.388846  0.398388  0.567277  0.330393  0.231045  0.366956  0.578424  0.526025  0.476526  0.744201  0.665766  0.515280  0.484344  0.494265  0.338803  0.637662  0.219389  0.341128  0.478347  0.445024  0.506960  0.488146  0.457874  0.499457  0.281155  0.551248  0.345485  0.478249  0.384461  0.367191  0.322543  0.468294  0.402371  0.564340  0.535838  0.481414  0.531917  0.462608  0.556007  0.609955  0.389311  0.553586  0.413627  0.492053  0.771914  0.547227  0.352405  0.430208  0.609719  0.591326  0.478340  0.489000  0.282857  0.374541  0.515525  0.398901  0.501784  0.490855  0.435808  0.590062  0.561122  0.577411  0.505983  0.475002  0.463327  0.553159  0.504196  0.460217  0.427433  0.443055  0.356340  0.372617  0.428132  0.527035  0.584912  0.498764  0.497795  0.507490  0.271823  0.464732  0.654980  0.407405  0.427704  0.490747  0.355861  0.568941  0.525112  0.519666  0.390446  0.498984  0.496464  0.377596  0.647660  0.438547  0.258850  0.569001  0.399387  0.320582  0.478936  0.430330  0.547718  0.301446  0.455147  0.520808  0.409676  0.433411  0.565006  0.371877  0.488918  0.561299  0.433012  0.337250  0.490871  0.315797 
23  0.679422  0.392944  0.411687  0.565475  0.545478  0.666592  0.721320  0.570425  0.694812  0.558859  0.646074  0.384850  0.590238  0.649182  0.736978  0.493524  0.472360  0.562758  0.645605  0.523210  0.476834  0.597679  0.355996 0.0  0.674734  0.505314  0.646142  0.581975  0.448925  0.450880  0.455341  0.736315  0.438158  0.292626  0.422826  0.445123  0.322417  0.397037  0.645767  0.486816  0.532154  0.700360  0.647971  0.602016  0.450875  0.624968  0.379595  0.676050  0.381272  0.508929  0.564898  0.477872  0.749849  0.631222  0.741581  0.642803  0.462069  0.700528  0.468060  0.536204  0.646359  0.632575  0.446662  0.496741  0.501094  0.586057  0.668772  0.321184  0.470563  0.561480  0.608136  0.693563  0.561066  0.640151  0.402846  0.718995  0.756723  0.678551  0.326447  0.347180  0.736555  0.720115  0.600719  0.517979  0.525338  0.515870  0.689226  0.523567  0.522873  0.447322  0.469953  0.622398  0.810633  0.397710  0.691372  0.672362  0.541765  0.436019  0.474939  0.551874  0.439850  0.603013  0.454815  0.532549  0.332604  0.610130  0.587626  0.520695  0.580607  0.399226  0.416385  0.579922  0.639105  0.525567  0.431448  0.523675  0.458128  0.838193  0.599037  0.401155  0.390812  0.565920  0.592484  0.343136  0.696888  0.499217  0.431308  0.739016  0.308021  0.282150  0.495189  0.497235  0.548571  0.513546  0.707128  0.625929  0.468882  0.576982  0.593495  0.536416  0.673750  0.610018  0.426097  0.473190  0.577407  0.300226 
24  0.521613  0.625143  0.685793  0.403701  0.581852  0.419921  0.501522  0.500290  0.359895  0.514555  0.647347  0.576216  0.572350  0.686749  0.421445  0.650851  0.529649  0.522594  0.426646  0.537107  0.498735  0.662773  0.588980  0.674734 0.0  0.609781  0.538734  0.593053  0.578548  0.570228  0.639225  0.682580  0.592539  0.617945  0.655528  0.634342  0.682351  0.568504  0.627045  0.613923  0.597834  0.502402  0.377248  0.336911  0.611192  0.369777  0.597582  0.437752  0.512887  0.673373  0.421727  0.604705  0.448339  0.431463  0.548875  0.399234  0.477428  0.429853  0.535765  0.607173  0.393686  0.586613  0.629397  0.518307  0.529009  0.389371  0.386984  0.637222  0.612545  0.524119  0.532799  0.610103  0.559864  0.392247  0.622574  0.486548  0.554483  0.572494  0.519388  0.576431  0.596624  0.546207  0.547008  0.653402  0.587534  0.619485  0.656110  0.536436  0.645751  0.567281  0.522613  0.705559  0.379435  0.673079  0.400186  0.447087  0.487921  0.697700  0.682674  0.567408  0.561255  0.460931  0.638121  0.423522  0.571453  0.423137  0.594370  0.675539  0.314891  0.539084  0.573006  0.519876  0.688332  0.500473  0.698005  0.567918  0.507677  0.377943  0.582021  0.662455  0.483720  0.570182  0.564744  0.620615  0.579941  0.510990  0.556212  0.525286  0.602770  0.629565  0.499950  0.580184  0.529594  0.550844  0.713741  0.573299  0.661264  0.770501  0.529878  0.493922  0.599620  0.605256  0.474524  0.540880  0.829030  0.693789 
25  0.558163  0.611215  0.624075  0.539404  0.544605  0.534037  0.523069  0.569616  0.632803  0.511716  0.649827  0.478607  0.601881  0.601927  0.591937  0.486423  0.506670  0.557663  0.580811  0.489994  0.442152  0.630781  0.574512  0.505314  0.609781 0.0  0.506454  0.541542  0.524280  0.613434  0.571443  0.530071  0.559197  0.566587  0.492052  0.636945  0.572788  0.486936  0.590847  0.664326  0.650173  0.508506  0.558755  0.522486  0.554726  0.546570  0.603361  0.650715  0.530905  0.433079  0.422949  0.642243  0.557787  0.482854  0.566240  0.454448  0.651968  0.527368  0.557334  0.608451  0.465095  0.526860  0.474944  0.604190  0.524246  0.496129  0.535749  0.563455  0.495200  0.516750  0.531890  0.514294  0.603975  0.637666  0.587359  0.594102  0.529257  0.588456  0.567070  0.594595  0.513333  0.566964  0.492331  0.470964  0.557019  0.533714  0.574258  0.575181  0.632877  0.485973  0.606291  0.499073  0.598661  0.739994  0.550944  0.561671  0.532628  0.601948  0.606800  0.579822  0.553077  0.459778  0.490755  0.388688  0.557827  0.566194  0.435212  0.533867  0.627521  0.609993  0.608141  0.661683  0.652487  0.575604  0.566201  0.495651  0.519089  0.645845  0.564012  0.525715  0.635606  0.559303  0.623313  0.554591  0.575153  0.524213  0.522830  0.640164  0.469369  0.609548  0.514648  0.600242  0.653923  0.606973  0.490468  0.515471  0.578813  0.543792  0.512945  0.544408  0.568927  0.638979  0.536128  0.507119  0.684323  0.476889 
26  0.484653  0.667612  0.720566  0.398181  0.553541  0.608609  0.509591  0.276371  0.545797  0.492619  0.610088  0.476279  0.504038  0.570605  0.452115  0.554217  0.520831  0.524921  0.404262  0.515543  0.500349  0.544006  0.516321  0.646142  0.538734  0.506454 0.0  0.618998  0.550451  0.619176  0.581309  0.555182  0.382098  0.622389  0.667280  0.395846  0.689855  0.637298  0.542648  0.570372  0.688314  0.518584  0.552092  0.475223  0.669531  0.515261  0.466741  0.568882  0.446293  0.506467  0.531103  0.569339  0.428773  0.418038  0.576660  0.487454  0.504096  0.448171  0.597065  0.396615  0.380734  0.324891  0.533841  0.643768  0.462105  0.505884  0.638364  0.675637  0.506473  0.377814  0.423075  0.568198  0.597746  0.490053  0.693160  0.410740  0.526097  0.602688  0.595303  0.671066  0.337663  0.485058  0.515074  0.613273  0.508590  0.543573  0.533019  0.476371  0.624093  0.454468  0.621680  0.593768  0.501852  0.468619  0.452017  0.527913  0.415908  0.602556  0.461537  0.496664  0.453038  0.282052  0.600909  0.446401  0.502182  0.429284  0.420292  0.645971  0.499005  0.555287  0.527001  0.758769  0.816367  0.574547  0.523652  0.446036  0.550721  0.478523  0.432076  0.730912  0.625923  0.666127  0.684328  0.576858  0.558888  0.290406  0.429405  0.472724  0.638779  0.568181  0.485503  0.477700  0.570221  0.551584  0.707418  0.467708  0.574235  0.468347  0.528097  0.621748  0.362829  0.675777  0.504861  0.485184  0.613581  0.481080 
