146
0 0.0  0.821196  0.789133  0.408782  0.652724  0.573750  0.513219  0.452224  0.523049  0.658734  0.547396  0.573194  0.557881  0.629879  0.499494  0.711757  0.612385  0.579984  0.431825  0.510913  0.595045  0.591454  0.642323  0.713567  0.567846  0.722024  0.457521  0.557440  0.680861  0.688009  0.571060  0.516055  0.610184  0.660992  0.833259  0.523577  0.723092  0.758702  0.581138  0.637613  0.595958  0.625562  0.583594  0.656194  0.831298  0.654909  0.554508  0.581581  0.625343  0.568395  0.619273  0.692162  0.531015  0.600238  0.559178  0.502780  0.725519  0.496887  0.633057  0.667562  0.529126  0.661308  0.799411  0.684519  0.570049  0.606508  0.683908  0.784173  0.484292  0.501151  0.559590  0.721220  0.745859  0.427555  0.832238  0.520081  0.726666  0.669218  0.756565  0.778954  0.412854  0.386625  0.493678  0.755432  0.485311  0.591268  0.692694  0.597254  0.654780  0.541554  0.656267  0.680528  0.437051  0.773511  0.500102  0.414914  0.549656  0.741364  0.636382  0.445494  0.461199  0.569425  0.606942  0.612331  0.626512  0.513119  0.490500  0.688060  0.592516  0.580507  0.722476  0.679764  0.814675  0.596418  0.736024  0.464263  0.651463  0.367740  0.600250  0.813181  0.738386  0.747751  0.585099  0.709029  0.431781  0.580116  0.654411  0.477541  0.603356  0.955316  0.548103  0.576488  0.437283  0.598678  0.694602  0.530148  0.545632  0.692468  0.675717  0.680929  0.453186  0.624017  0.518762  0.488356  0.674377  0.587306 
1  0.821196 0.0  0.363278  0.746730  0.756846  0.873433  0.703606  0.630512  0.763361  0.624338  0.572156  0.507868  0.619982  0.701619  0.760002  0.664508  0.553985  0.468172  0.768245  0.677511  0.427152  0.594036  0.453128  0.408595  0.653264  0.598909  0.812734  0.702593  0.494660  0.615352  0.508601  0.749860  0.541070  0.549517  0.586155  0.557509  0.403443  0.506918  0.757085  0.569667  0.726716  0.847848  0.848937  0.795163  0.435272  0.900826  0.558765  0.860932  0.576433  0.541806  0.766581  0.538378  0.885587  0.612392  0.735500  0.773295  0.603797  0.935963  0.597843  0.517616  0.728315  0.537012  0.599741  0.738837  0.695051  0.688098  0.768275  0.328811  0.622219  0.644310  0.608014  0.651995  0.540467  0.744816  0.537232  0.709081  0.800957  0.718652  0.601048  0.376314  0.747601  0.835582  0.831052  0.451024  0.613400  0.450561  0.741366  0.551328  0.493713  0.608576  0.436566  0.388876  0.870636  0.674693  0.732520  0.741573  0.751464  0.388854  0.734264  0.722422  0.617964  0.635833  0.523623  0.595023  0.542674  0.672408  0.733480  0.602582  0.816255  0.553388  0.435612  0.718254  0.767288  0.676799  0.522477  0.647785  0.545409  0.872944  0.608052  0.424250  0.627513  0.668674  0.657744  0.443150  0.796315  0.624045  0.529051  0.768939  0.513628  0.547712  0.678210  0.550315  0.705476  0.644014  0.652527  0.573853  0.606268  0.697480  0.655350  0.683434  0.703434  0.676586  0.536920  0.571281  0.561914  0.510297 
2  0.789133  0.363278 0.0  0.781059  0.635430  0.712167  0.651149  0.668197  0.707469  0.515609  0.636649  0.569333  0.677302  0.595940  0.726919  0.532159  0.566080  0.587270  0.767714  0.734900  0.495279  0.511947  0.580360  0.431069  0.844794  0.561041  0.723174  0.742545  0.668250  0.597787  0.448344  0.675702  0.645155  0.431398  0.464842  0.539524  0.416976  0.615421  0.697681  0.494696  0.707320  0.859875  0.825300  0.732994  0.412105  0.671376  0.477718  0.786370  0.590901  0.640190  0.701314  0.561035  0.882031  0.740489  0.754940  0.681100  0.515910  0.804931  0.623351  0.813612  0.712451  0.736372  0.574195  0.666819  0.547193  0.675954  0.786067  0.403317  0.572215  0.660506  0.699813  0.719991  0.647940  0.814986  0.527252  0.740197  0.731594  0.746606  0.418076  0.355967  0.768941  0.720681  0.689239  0.578869  0.588711  0.531131  0.698502  0.572446  0.603872  0.601115  0.511026  0.579764  0.865923  0.559067  0.793412  0.643977  0.720921  0.460170  0.737195  0.815407  0.641024  0.601411  0.572991  0.636011  0.493939  0.637689  0.706870  0.499912  0.790233  0.465746  0.546495  0.654982  0.549496  0.673392  0.610082  0.780706  0.623069  0.772448  0.496682  0.323205  0.482450  0.556975  0.642813  0.433381  0.732571  0.656808  0.562064  0.617191  0.510966  0.574125  0.718404  0.495315  0.702857  0.611618  0.724314  0.646039  0.457325  0.589753  0.723773  0.591963  0.781039  0.703515  0.537254  0.744537  0.486100  0.455950 
3  0.408782  0.746730  0.781059 0.0  0.608933  0.396893  0.510887  0.460925  0.474353  0.638574  0.604441  0.568861  0.550031  0.612921  0.277504  0.615161  0.488254  0.616821  0.358134  0.463012  0.586334  0.547145  0.536578  0.701653  0.450117  0.620524  0.507372  0.589965  0.584183  0.631025  0.616933  0.627566  0.592791  0.672102  0.752099  0.517863  0.668061  0.767896  0.669254  0.692085  0.743058  0.411718  0.380587  0.299161  0.772517  0.427427  0.731253  0.200440  0.542401  0.653238  0.430194  0.573554  0.366789  0.542362  0.661461  0.477063  0.654033  0.369144  0.556822  0.709203  0.248352  0.591005  0.674718  0.663537  0.598013  0.330972  0.424119  0.673269  0.502823  0.529133  0.483090  0.684685  0.571352  0.421726  0.798435  0.458328  0.700496  0.699485  0.541700  0.693270  0.543607  0.451176  0.596609  0.676793  0.571587  0.517233  0.674727  0.598662  0.681783  0.525778  0.689439  0.664198  0.263116  0.674448  0.324804  0.539185  0.435196  0.777011  0.502676  0.474019  0.530388  0.532103  0.581641  0.589069  0.472200  0.560562  0.453796  0.845285  0.420021  0.735935  0.647439  0.686288  0.677426  0.571618  0.705738  0.585968  0.662411  0.292319  0.579500  0.725395  0.549965  0.510873  0.625385  0.680547  0.504513  0.446431  0.676537  0.491340  0.631368  0.700369  0.613809  0.523805  0.567407  0.525415  0.825197  0.574316  0.693422  0.473083  0.550880  0.743237  0.504030  0.709228  0.616178  0.398721  0.621487  0.478577 
4  0.652724  0.756846  0.635430  0.608933 0.0  0.635834  0.602629  0.534995  0.522485  0.381513  0.662504  0.518813  0.722993  0.675054  0.627313  0.445412  0.328948  0.434540  0.533510  0.342403  0.422085  0.639162  0.451497  0.617425  0.533218  0.634373  0.722441  0.543705  0.585390  0.437357  0.540019  0.502511  0.680018  0.451684  0.595293  0.526166  0.691739  0.507594  0.424334  0.699707  0.646643  0.510861  0.430468  0.499975  0.556548  0.508369  0.575974  0.546538  0.429242  0.561811  0.578097  0.634465  0.551513  0.461783  0.529802  0.648792  0.653762  0.546788  0.592553  0.618125  0.682847  0.803363  0.594051  0.571653  0.579380  0.607205  0.690354  0.773675  0.563511  0.700541  0.457743  0.546955  0.501510  0.585572  0.568288  0.529018  0.590355  0.572097  0.591986  0.518468  0.638657  0.591399  0.576976  0.649918  0.498849  0.516357  0.501340  0.531442  0.551548  0.491290  0.626893  0.584648  0.483178  0.617397  0.541270  0.354528  0.556309  0.569578  0.464062  0.625852  0.493242  0.672334  0.667062  0.556086  0.640709  0.486823  0.505937  0.597079  0.452088  0.683342  0.637350  0.440012  0.509128  0.404227  0.422288  0.415187  0.541153  0.620292  0.433954  0.524556  0.558043  0.494523  0.367402  0.562133  0.581514  0.701483  0.524029  0.446853  0.472340  0.692356  0.394214  0.597542  0.535643  0.375458  0.553906  0.584246  0.610576  0.605202  0.540184  0.604889  0.689178  0.424392  0.638925  0.521003  0.703853  0.583778 
5  0.573750  0.873433  0.712167  0.396893  0.635834 0.0  0.583750  0.487991  0.420491  0.518394  0.596442  0.628403  0.603011  0.639709  0.439694  0.657314  0.560146  0.645023  0.418588  0.437202  0.732563  0.647486  0.740854  0.706842  0.366323  0.538443  0.680901  0.583553  0.731706  0.636313  0.741953  0.569965  0.604802  0.677809  0.728034  0.723491  0.753998  0.576136  0.684664  0.555982  0.624650  0.430051  0.496107  0.424975  0.716111  0.518766  0.851398  0.352394  0.498316  0.695889  0.467949  0.617146  0.346237  0.642817  0.568602  0.564024  0.751225  0.435341  0.752750  0.892060  0.434479  0.705262  0.777933  0.776807  0.654251  0.381701  0.530506  0.672242  0.671905  0.716086  0.727758  0.620233  0.566683  0.401164  0.668204  0.581979  0.669098  0.638837  0.671734  0.705431  0.694333  0.610010  0.666603  0.725651  0.579751  0.573705  0.673278  0.559065  0.729852  0.591302  0.671198  0.680304  0.279029  0.753107  0.384078  0.399635  0.780978  0.737604  0.611909  0.757890  0.462428  0.571832  0.680396  0.565759  0.780031  0.725721  0.631551  0.632852  0.216514  0.746600  0.727963  0.496578  0.657033  0.504087  0.689747  0.670620  0.596271  0.389367  0.772043  0.643123  0.585314  0.642913  0.720455  0.626631  0.606526  0.640078  0.668290  0.567673  0.715145  0.678599  0.641348  0.575806  0.607942  0.505330  0.582814  0.589526  0.731253  0.623232  0.745088  0.621466  0.728424  0.678595  0.572242  0.670332  0.685414  0.713625 
6  0.513219  0.703606  0.651149  0.510887  0.602629  0.583750 0.0  0.439240  0.540164  0.578957  0.587942  0.551999  0.517657  0.689776  0.529468  0.645507  0.585910  0.545992  0.548224  0.559872  0.640502  0.570724  0.606842  0.626267  0.521705  0.589458  0.514793  0.626777  0.574339  0.672285  0.636435  0.524200  0.463934  0.726999  0.717990  0.566307  0.581011  0.630055  0.580259  0.591125  0.661706  0.489673  0.516893  0.498260  0.661442  0.653514  0.440703  0.571910  0.554792  0.482793  0.517879  0.456725  0.399184  0.536407  0.588427  0.480440  0.548933  0.554216  0.595704  0.597241  0.607507  0.526690  0.488921  0.532442  0.549563  0.597744  0.561354  0.607030  0.509721  0.675050  0.522453  0.592292  0.526086  0.572287  0.707325  0.462407  0.498694  0.511384  0.557670  0.703590  0.563134  0.526969  0.502487  0.521047  0.581067  0.611585  0.600228  0.520327  0.494650  0.582931  0.581446  0.606266  0.661925  0.593405  0.449617  0.495267  0.507764  0.575481  0.422568  0.447123  0.589114  0.405471  0.642430  0.453251  0.612874  0.394825  0.548571  0.632899  0.480717  0.653429  0.601748  0.591304  0.609449  0.476829  0.571402  0.530078  0.581064  0.558655  0.549713  0.694222  0.667465  0.556174  0.706667  0.500182  0.589875  0.492040  0.508257  0.605841  0.543551  0.643674  0.488719  0.554233  0.536371  0.482933  0.559725  0.514039  0.563514  0.578100  0.678501  0.575916  0.615358  0.639095  0.496576  0.576172  0.647390  0.553890 
7  0.452224  0.630512  0.668197  0.460925  0.534995  0.487991  0.439240 0.0  0.553090  0.526250  0.539583  0.513317  0.491040  0.592507  0.502695  0.477497  0.413871  0.484005  0.482359  0.565986  0.388881  0.469052  0.338912  0.636784  0.522693  0.498067  0.331225  0.503974  0.421793  0.663980  0.565673  0.564290  0.287175  0.635282  0.699938  0.363325  0.565092  0.641362  0.609061  0.693202  0.722592  0.602097  0.686209  0.632288  0.775906  0.541094  0.380227  0.656481  0.587762  0.452927  0.497868  0.529126  0.553492  0.300478  0.648514  0.521239  0.434813  0.436853  0.590821  0.348025  0.303077  0.301130  0.496004  0.631200  0.484011  0.506579  0.683934  0.595954  0.477776  0.425041  0.580832  0.584267  0.640071  0.601649  0.465869  0.380392  0.569404  0.595406  0.551836  0.635301  0.422371  0.519448  0.462516  0.565424  0.453590  0.671577  0.427258  0.654212  0.755822  0.460014  0.585293  0.618480  0.516899  0.543128  0.555586  0.529235  0.475355  0.571250  0.498815  0.454808  0.505698  0.264115  0.551475  0.304147  0.468744  0.561397  0.356828  0.575254  0.574374  0.529723  0.581476  0.669646  0.883767  0.552480  0.618435  0.460179  0.527917  0.451241  0.531187  0.688948  0.584729  0.590253  0.772092  0.525565  0.518339  0.202724  0.447100  0.553477  0.571866  0.544336  0.509748  0.440633  0.573388  0.410758  0.673772  0.524456  0.524004  0.396515  0.599509  0.706417  0.313513  0.760944  0.376199  0.513639  0.534060  0.403353 
8  0.523049  0.763361  0.707469  0.474353  0.522485  0.420491  0.540164  0.553090 0.0  0.530194  0.580545  0.593560  0.575036  0.786365  0.287041  0.744858  0.625242  0.595399  0.492307  0.470077  0.768808  0.582930  0.659838  0.868787  0.304919  0.644053  0.536437  0.575861  0.570446  0.521198  0.608790  0.622538  0.583812  0.571279  0.631505  0.690287  0.734563  0.759642  0.577806  0.685038  0.699242  0.408957  0.367096  0.431456  0.736957  0.276624  0.711973  0.320462  0.379288  0.728487  0.465639  0.587419  0.351763  0.553895  0.512057  0.507716  0.624011  0.496502  0.442494  0.647862  0.388502  0.545099  0.640487  0.694214  0.646117  0.410535  0.358842  0.676636  0.552050  0.617027  0.662274  0.602834  0.542571  0.436777  0.625690  0.486006  0.639757  0.457627  0.571685  0.758967  0.766852  0.399944  0.518715  0.758393  0.566229  0.633516  0.749735  0.567840  0.811131  0.651357  0.777075  0.733466  0.426330  0.719929  0.364833  0.415883  0.529289  0.721875  0.636982  0.631506  0.567051  0.653898  0.617869  0.541566  0.680258  0.650352  0.597418  0.670968  0.256335  0.648476  0.638259  0.558657  0.573067  0.500236  0.769187  0.561214  0.661021  0.409066  0.593910  0.805184  0.636101  0.469613  0.641149  0.650816  0.634360  0.636224  0.678232  0.485837  0.563308  0.872565  0.569625  0.517247  0.373774  0.486787  0.721833  0.540168  0.706990  0.665435  0.569156  0.595686  0.651685  0.751761  0.574952  0.595869  0.757290  0.697482 
9  0.658734  0.624338  0.515609  0.638574  0.381513  0.518394  0.578957  0.526250  0.530194 0.0  0.596656  0.396678  0.530651  0.657753  0.654071  0.420480  0.410412  0.489058  0.622925  0.528709  0.537929  0.689305  0.340937  0.566517  0.563353  0.592754  0.527762  0.506289  0.415483  0.438937  0.335408  0.707749  0.523104  0.430477  0.504069  0.479480  0.631977  0.518598  0.603744  0.634345  0.507556  0.697042  0.639040  0.485146  0.597734  0.394875  0.435083  0.652897  0.478023  0.403609  0.530186  0.564171  0.530356  0.606213  0.693209  0.426178  0.542741  0.627082  0.461176  0.631692  0.519904  0.705371  0.518732  0.476949  0.516275  0.666430  0.569329  0.527725  0.463968  0.546796  0.398352  0.657885  0.432617  0.521298  0.461983  0.562904  0.655985  0.663209  0.516573  0.606456  0.667815  0.648240  0.434525  0.580131  0.433275  0.446140  0.558439  0.401081  0.416158  0.411739  0.462904  0.591026  0.603311  0.547134  0.555347  0.542158  0.596836  0.572051  0.505693  0.536668  0.385302  0.437848  0.497726  0.450268  0.504319  0.432069  0.580291  0.475831  0.398825  0.524999  0.438244  0.409925  0.522159  0.434419  0.538672  0.549450  0.335764  0.585245  0.494022  0.659547  0.465493  0.486636  0.457135  0.410296  0.653202  0.638522  0.344244  0.675346  0.435569  0.578135  0.446275  0.607810  0.600055  0.371529  0.517850  0.685708  0.522424  0.449420  0.632952  0.497737  0.652121  0.536339  0.585568  0.468534  0.519825  0.451904 
10  0.547396  0.572156  0.636649  0.604441  0.662504  0.596442  0.587942  0.539583  0.580545  0.596656 0.0  0.632865  0.587859  0.625213  0.622735  0.573100  0.617359  0.646697  0.697369  0.599461  0.589252  0.615184  0.568428  0.640468  0.577196  0.716381  0.589853  0.663377  0.693839  0.624999  0.626990  0.577363  0.537361  0.640235  0.671394  0.623641  0.705734  0.776256  0.615181  0.549197  0.648192  0.600632  0.619998  0.674578  0.625741  0.699178  0.674877  0.508293  0.571130  0.574637  0.652932  0.627260  0.561668  0.561322  0.507233  0.599059  0.687943  0.646450  0.607897  0.731241  0.660474  0.611102  0.659306  0.661037  0.601342  0.582724  0.677542  0.683605  0.660718  0.732991  0.620868  0.518110  0.594340  0.574418  0.618123  0.622269  0.501841  0.637803  0.703422  0.698070  0.569883  0.657516  0.608131  0.561058  0.654987  0.576957  0.757226  0.641695  0.535988  0.648574  0.716043  0.684028  0.728987  0.646241  0.515301  0.639706  0.555241  0.729155  0.572505  0.624346  0.613179  0.620080  0.703770  0.723938  0.637550  0.633739  0.676691  0.639445  0.664139  0.574622  0.685999  0.642816  0.503274  0.569117  0.606556  0.678517  0.737817  0.552013  0.605373  0.599124  0.722231  0.557147  0.442507  0.541634  0.590655  0.603204  0.624118  0.707378  0.608489  0.770365  0.642796  0.600104  0.619271  0.574521  0.685090  0.518981  0.681229  0.501499  0.695170  0.627273  0.661685  0.458257  0.579938  0.575231  0.708614  0.747879 
11  0.573194  0.507868  0.569333  0.568861  0.518813  0.628403  0.551999  0.513317  0.593560  0.396678  0.632865 0.0  0.602085  0.694713  0.615050  0.421572  0.384303  0.424242  0.639621  0.448751  0.339829  0.616969  0.425028  0.452041  0.531788  0.484925  0.537674  0.402745  0.213035  0.472557  0.353121  0.693697  0.379625  0.375049  0.494534  0.382218  0.332969  0.394589  0.583595  0.675516  0.520922  0.686979  0.711306  0.564436  0.486744  0.563438  0.461667  0.657533  0.244769  0.416722  0.621963  0.329023  0.646647  0.509322  0.655043  0.499130  0.356939  0.682008  0.382026  0.638049  0.463839  0.468618  0.234686  0.578318  0.367835  0.733750  0.635083  0.328995  0.413596  0.372244  0.544644  0.599000  0.509286  0.587212  0.424992  0.618023  0.725024  0.516840  0.276139  0.530777  0.605942  0.640659  0.503325  0.411054  0.448526  0.372827  0.572819  0.525030  0.500440  0.414708  0.298958  0.481257  0.636284  0.491460  0.576514  0.557268  0.523873  0.549819  0.473672  0.670992  0.289363  0.475444  0.408319  0.493552  0.403139  0.520957  0.482453  0.464263  0.593031  0.440217  0.192421  0.502289  0.508814  0.380281  0.401384  0.568333  0.275580  0.721628  0.409177  0.511894  0.419469  0.395684  0.683263  0.407085  0.685169  0.474825  0.234228  0.627880  0.325673  0.482388  0.450937  0.413982  0.546981  0.228378  0.628927  0.614225  0.361780  0.433708  0.658754  0.284876  0.571765  0.588036  0.440777  0.232631  0.431947  0.312328 
12  0.557881  0.619982  0.677302  0.550031  0.722993  0.603011  0.517657  0.491040  0.575036  0.530651  0.587859  0.602085 0.0  0.595945  0.596256  0.576470  0.496774  0.558200  0.550360  0.644197  0.422562  0.568698  0.644415  0.552485  0.488936  0.724299  0.555970  0.567008  0.588754  0.757386  0.499435  0.541175  0.428216  0.593978  0.653044  0.565786  0.534946  0.485665  0.790814  0.573375  0.583066  0.554295  0.492846  0.515123  0.619224  0.533849  0.478575  0.639129  0.492215  0.528239  0.431071  0.590120  0.580498  0.576020  0.490890  0.455840  0.490325  0.530957  0.432686  0.683808  0.531456  0.472985  0.575449  0.546857  0.517959  0.595751  0.541646  0.593235  0.598604  0.514432  0.615275  0.676751  0.567600  0.583428  0.663532  0.615510  0.656051  0.674399  0.592603  0.569122  0.586496  0.589499  0.533520  0.564882  0.502690  0.511032  0.599409  0.534608  0.429298  0.599055  0.525955  0.505864  0.544237  0.634640  0.472230  0.471977  0.588815  0.518458  0.450594  0.480084  0.573510  0.483734  0.538815  0.484870  0.641645  0.455937  0.644492  0.612890  0.455415  0.731962  0.629854  0.635199  0.724484  0.465668  0.697249  0.518851  0.452168  0.593144  0.496557  0.592707  0.542327  0.675632  0.666459  0.439283  0.595988  0.429022  0.536676  0.616066  0.410133  0.625207  0.444102  0.548887  0.477023  0.574417  0.422760  0.595738  0.549571  0.592935  0.619395  0.501252  0.513718  0.695495  0.483591  0.527538  0.576011  0.547725 
13  0.629879  0.701619  0.595940  0.612921  0.675054  0.639709  0.689776  0.592507  0.786365  0.657753  0.625213  0.694713  0.595945 0.0  0.486321  0.681615  0.635420  0.689122  0.560159  0.760691  0.536926  0.620716  0.633090  0.639706  0.654291  0.607966  0.623811  0.790098  0.750729  0.659672  0.671500  0.506010  0.647949  0.690100  0.655573  0.613667  0.572136  0.721002  0.668926  0.512145  0.712010  0.642617  0.762611  0.611546  0.647556  0.700389  0.614018  0.571452  0.748260  0.669184  0.671989  0.695002  0.629195  0.593165  0.668869  0.756345  0.556554  0.632381  0.758412  0.502361  0.576695  0.613897  0.719485  0.602166  0.622000  0.706527  0.701298  0.597227  0.544918  0.661896  0.658011  0.666352  0.636693  0.738469  0.657916  0.519273  0.674858  0.565097  0.701565  0.568917  0.638604  0.547928  0.637320  0.693519  0.527600  0.592055  0.675522  0.560417  0.711671  0.581992  0.660561  0.628536  0.612980  0.606228  0.756111  0.616173  0.680599  0.609251  0.664429  0.693342  0.689715  0.590323  0.625903  0.593716  0.533643  0.692781  0.620729  0.607435  0.632931  0.586355  0.637614  0.743416  0.633193  0.727981  0.790812  0.523543  0.699257  0.535475  0.560705  0.598883  0.709988  0.611650  0.754516  0.634622  0.671704  0.507773  0.783187  0.619705  0.701041  0.621740  0.619671  0.573972  0.649851  0.689683  0.702433  0.622427  0.682876  0.549197  0.735499  0.602949  0.585176  0.708290  0.639844  0.629812  0.616637  0.686246 
14  0.499494  0.760002  0.726919  0.277504  0.627313  0.439694  0.529468  0.502695  0.287041  0.654071  0.622735  0.615050  0.596256  0.486321 0.0  0.594510  0.544877  0.684419  0.342456  0.526888  0.749725  0.567898  0.481875  0.808248  0.471737  0.568603  0.492741  0.688423  0.596948  0.740785  0.681877  0.541745  0.609147  0.667516  0.762746  0.590642  0.662234  0.638069  0.658684  0.684116  0.781430  0.400318  0.470968  0.486507  0.622124  0.551093  0.781916  0.213451  0.546225  0.567924  0.375371  0.535951  0.316344  0.631683  0.587350  0.555009  0.602366  0.437634  0.605049  0.632686  0.273612  0.564576  0.673001  0.736924  0.600964  0.377324  0.543608  0.670312  0.561822  0.585942  0.668285  0.567690  0.526790  0.476185  0.674783  0.369483  0.612724  0.537756  0.622530  0.706723  0.551213  0.466988  0.507758  0.722210  0.592600  0.522113  0.617858  0.597721  0.638071  0.600139  0.812900  0.752424  0.189663  0.703950  0.313084  0.431507  0.545608  0.734667  0.507054  0.515397  0.495014  0.455057  0.568741  0.624600  0.451488  0.451179  0.603762  0.703263  0.296551  0.780070  0.683799  0.695196  0.824085  0.546714  0.654714  0.511678  0.729480  0.288467  0.779302  0.801682  0.653711  0.713571  0.583987  0.602187  0.494921  0.453772  0.596088  0.518999  0.550484  0.736310  0.596566  0.613856  0.467025  0.538055  0.614176  0.544757  0.551447  0.616991  0.550120  0.672283  0.577864  0.733062  0.463088  0.578832  0.749692  0.495360 
15  0.711757  0.664508  0.532159  0.615161  0.445412  0.657314  0.645507  0.477497  0.744858  0.420480  0.573100  0.421572  0.576470  0.681615  0.594510 0.0  0.513792  0.577140  0.622031  0.605155  0.439260  0.572836  0.433896  0.454882  0.656863  0.456110  0.629443  0.633986  0.385455  0.548576  0.621090  0.510155  0.741801  0.466408  0.605197  0.438379  0.474598  0.644067  0.551734  0.558623  0.582969  0.699560  0.692030  0.663235  0.436901  0.577763  0.516967  0.681985  0.328436  0.429091  0.599045  0.453583  0.649274  0.547334  0.709172  0.519743  0.533745  0.697702  0.629894  0.643517  0.606231  0.540275  0.482339  0.490787  0.525910  0.579697  0.750110  0.449629  0.483579  0.660360  0.653220  0.497296  0.569559  0.580126  0.524305  0.545461  0.684624  0.600943  0.390504  0.431515  0.632416  0.595334  0.671349  0.582186  0.481605  0.520201  0.607830  0.329784  0.597412  0.502548  0.543713  0.615670  0.688769  0.446116  0.611556  0.609896  0.559003  0.522366  0.439999  0.470201  0.492719  0.618267  0.655294  0.605556  0.554730  0.626574  0.643285  0.633743  0.610178  0.497198  0.471351  0.459340  0.467557  0.428297  0.634780  0.526433  0.490041  0.721386  0.536529  0.490264  0.466866  0.542353  0.359424  0.407508  0.650425  0.623341  0.585714  0.636116  0.547131  0.482121  0.533607  0.423617  0.629149  0.521292  0.525376  0.463556  0.535547  0.478768  0.536365  0.542458  0.538823  0.553452  0.540580  0.515351  0.624084  0.496836 
16  0.612385  0.553985  0.566080  0.488254  0.328948  0.560146  0.585910  0.413871  0.625242  0.410412  0.617359  0.384303  0.496774  0.635420  0.544877  0.513792 0.0  0.399535  0.432012  0.503853  0.343662  0.557131  0.304006  0.549293  0.680333  0.681982  0.415735  0.548063  0.418020  0.560166  0.261163  0.448366  0.465201  0.250878  0.543692  0.332582  0.432475  0.515736  0.612767  0.687729  0.569780  0.652764  0.570306  0.625603  0.546755  0.587902  0.433293  0.646129  0.212496  0.383535  0.510994  0.403725  0.585289  0.601472  0.561070  0.462726  0.426091  0.605627  0.487410  0.640645  0.349995  0.526170  0.519559  0.431844  0.517526  0.642842  0.672894  0.486514  0.439971  0.422412  0.463339  0.625236  0.442589  0.642581  0.532848  0.596207  0.653740  0.635569  0.446232  0.552605  0.578095  0.571744  0.629384  0.411361  0.500611  0.460793  0.477002  0.419304  0.454445  0.392894  0.367740  0.492291  0.528773  0.391792  0.599407  0.547896  0.503870  0.510335  0.501252  0.497107  0.420880  0.470353  0.475269  0.597976  0.370310  0.596381  0.470267  0.494177  0.399020  0.580821  0.551691  0.573710  0.602741  0.378286  0.487122  0.437210  0.444418  0.469143  0.429448  0.540404  0.496477  0.371970  0.576188  0.375069  0.534516  0.539775  0.392985  0.578638  0.366276  0.558114  0.595439  0.466131  0.495384  0.502556  0.557377  0.616744  0.484833  0.476508  0.397738  0.400925  0.507091  0.614200  0.420766  0.345292  0.622635  0.382894 
17  0.579984  0.468172  0.587270  0.616821  0.434540  0.645023  0.545992  0.484005  0.595399  0.489058  0.646697  0.424242  0.558200  0.689122  0.684419  0.577140  0.399535 0.0  0.560318  0.597175  0.458405  0.476922  0.427375  0.539181  0.610903  0.610864  0.592631  0.545861  0.480850  0.492846  0.482092  0.475407  0.509685  0.433377  0.418074  0.443045  0.464160  0.520777  0.517833  0.667209  0.428136  0.669204  0.552821  0.592933  0.596854  0.589592  0.555253  0.590334  0.304060  0.490198  0.524013  0.498471  0.659030  0.570470  0.581904  0.513517  0.557079  0.641010  0.534815  0.496580  0.620212  0.565402  0.424239  0.588125  0.410979  0.630499  0.696406  0.469946  0.531673  0.467102  0.486165  0.660107  0.439541  0.625814  0.491282  0.583997  0.607343  0.676927  0.358227  0.567547  0.593291  0.531758  0.531206  0.542461  0.486556  0.404884  0.495923  0.512241  0.437491  0.445988  0.385886  0.520658  0.596306  0.424570  0.572084  0.684604  0.596269  0.602355  0.566104  0.512694  0.434354  0.582810  0.521207  0.568886  0.468228  0.459951  0.525960  0.515876  0.545834  0.448743  0.393105  0.455094  0.594511  0.424788  0.422426  0.465592  0.455959  0.665146  0.460460  0.527641  0.388810  0.462608  0.453853  0.391921  0.686692  0.555961  0.323296  0.599383  0.422681  0.439747  0.431825  0.563099  0.599150  0.483012  0.581681  0.597350  0.488117  0.492756  0.607407  0.432548  0.502646  0.486244  0.569715  0.527205  0.515040  0.528228 
18  0.431825  0.768245  0.767714  0.358134  0.533510  0.418588  0.548224  0.482359  0.492307  0.622925  0.697369  0.639621  0.550360  0.560159  0.342456  0.622031  0.432012  0.560318 0.0  0.524575  0.587209  0.589987  0.600952  0.717238  0.490367  0.550577  0.366767  0.529798  0.804701  0.694584  0.674418  0.557509  0.615498  0.641340  0.751796  0.579317  0.704117  0.635533  0.623060  0.577409  0.611628  0.392746  0.397020  0.551691  0.663214  0.419079  0.606788  0.379033  0.492033  0.598921  0.449866  0.596821  0.374412  0.382028  0.535044  0.569236  0.641965  0.381674  0.676996  0.572834  0.230229  0.640600  0.721045  0.770980  0.544768  0.347188  0.528340  0.548908  0.537635  0.533757  0.367379  0.650459  0.642999  0.401755  0.693342  0.385518  0.693480  0.636672  0.666692  0.795512  0.548202  0.578565  0.487372  0.608654  0.473810  0.602255  0.633626  0.619475  0.754555  0.426968  0.731534  0.689754  0.289092  0.464307  0.404248  0.588733  0.484091  0.671493  0.444818  0.496780  0.659422  0.588234  0.653250  0.569373  0.520889  0.485128  0.486311  0.645253  0.400025  0.732982  0.652564  0.620830  0.844449  0.535281  0.643449  0.480827  0.626627  0.294252  0.601553  0.686612  0.709566  0.620029  0.723142  0.613197  0.512557  0.527807  0.703227  0.573865  0.532260  0.810653  0.470729  0.565385  0.544749  0.589281  0.614633  0.511001  0.480901  0.678621  0.567927  0.699861  0.420080  0.714015  0.559027  0.534214  0.741994  0.585358 
19  0.510913  0.677511  0.734900  0.463012  0.342403  0.437202  0.559872  0.565986  0.470077  0.528709  0.599461  0.448751  0.644197  0.760691  0.526888  0.605155  0.503853  0.597175  0.524575 0.0  0.507260  0.573983  0.518414  0.626978  0.474956  0.511670  0.521050  0.484884  0.608127  0.594893  0.647917  0.549151  0.575807  0.549320  0.640332  0.567497  0.568887  0.612569  0.593487  0.579839  0.477758  0.445252  0.573053  0.434793  0.617445  0.470492  0.726094  0.519338  0.466967  0.597213  0.552845  0.510722  0.418124  0.520844  0.431676  0.517888  0.557481  0.460611  0.581659  0.624815  0.597389  0.536258  0.515923  0.607734  0.563327  0.492908  0.539342  0.574910  0.579570  0.574952  0.588943  0.619194  0.634032  0.463539  0.605488  0.414455  0.548493  0.624371  0.616400  0.596915  0.423402  0.505366  0.475629  0.574736  0.377643  0.557026  0.626193  0.521400  0.615211  0.570042  0.607647  0.600409  0.464437  0.638265  0.485732  0.493326  0.623533  0.734754  0.505931  0.553250  0.550893  0.560532  0.559264  0.477678  0.553316  0.515307  0.509318  0.580534  0.366637  0.605037  0.580395  0.562258  0.675386  0.492209  0.607277  0.481758  0.507389  0.569599  0.565449  0.651932  0.652932  0.553532  0.653552  0.511538  0.483796  0.526299  0.453308  0.499187  0.493409  0.693802  0.475093  0.482364  0.476431  0.428850  0.624271  0.584408  0.503216  0.620109  0.688240  0.506727  0.528331  0.638248  0.512283  0.550372  0.662861  0.549749 
20  0.595045  0.427152  0.495279  0.586334  0.422085  0.732563  0.640502  0.388881  0.768808  0.537929  0.589252  0.339829  0.422562  0.536926  0.749725  0.439260  0.343662  0.458405  0.587209  0.507260 0.0  0.446939  0.236894  0.507644  0.519562  0.523309  0.538839  0.522632  0.368375  0.623437  0.392347  0.566848  0.422947  0.563973  0.564723  0.414794  0.271145  0.483950  0.698063  0.597165  0.297774  0.662214  0.656954  0.574494  0.558892  0.543228  0.373024  0.652605  0.254172  0.342513  0.524048  0.495407  0.621350  0.521354  0.649707  0.577529  0.419343  0.675019  0.569660  0.472588  0.407127  0.392353  0.393852  0.564446  0.410609  0.707212  0.587416  0.583205  0.385334  0.479857  0.535536  0.591804  0.450615  0.560533  0.379478  0.495176  0.730768  0.653536  0.323802  0.655568  0.658608  0.499182  0.431066  0.475894  0.324470  0.401169  0.511394  0.396966  0.438614  0.428606  0.396014  0.512934  0.718850  0.555507  0.586108  0.711843  0.456686  0.497043  0.423196  0.512114  0.475596  0.602078  0.448314  0.499735  0.443114  0.491330  0.464863  0.520917  0.549372  0.526659  0.297338  0.730905  0.640299  0.470365  0.502589  0.517025  0.372878  0.637278  0.453113  0.466868  0.607861  0.467860  0.631991  0.410433  0.506651  0.438001  0.283728  0.601006  0.484874  0.434471  0.413319  0.409843  0.502354  0.382913  0.504146  0.691475  0.361465  0.461094  0.599394  0.389864  0.527030  0.668464  0.475605  0.321916  0.429572  0.343707 
21  0.591454  0.594036  0.511947  0.547145  0.639162  0.647486  0.570724  0.469052  0.582930  0.689305  0.615184  0.616969  0.568698  0.620716  0.567898  0.572836  0.557131  0.476922  0.589987  0.573983  0.446939 0.0  0.562183  0.611484  0.597152  0.495890  0.509254  0.566026  0.542023  0.645424  0.567154  0.718933  0.597482  0.645913  0.547285  0.526118  0.605049  0.581175  0.563580  0.599892  0.524755  0.640267  0.572859  0.614828  0.528679  0.592057  0.546166  0.591611  0.593756  0.530545  0.547115  0.624253  0.574347  0.544566  0.639296  0.610469  0.493858  0.532829  0.512381  0.572461  0.607960  0.505090  0.612411  0.535206  0.564471  0.509660  0.432984  0.604566  0.476578  0.529708  0.626183  0.693133  0.663895  0.679341  0.460670  0.637280  0.820160  0.650629  0.577297  0.585152  0.495404  0.578437  0.502584  0.548797  0.570627  0.589637  0.518422  0.506153  0.407865  0.620002  0.621915  0.674348  0.593775  0.571587  0.598276  0.697911  0.545536  0.506461  0.624708  0.545482  0.553505  0.605675  0.548286  0.559782  0.627587  0.619412  0.536608  0.526165  0.588780  0.536699  0.434889  0.640681  0.733494  0.592243  0.579452  0.684092  0.591665  0.633890  0.521429  0.440745  0.591955  0.653343  0.679445  0.484474  0.552788  0.508191  0.519128  0.499378  0.605388  0.579186  0.654129  0.470946  0.549596  0.597195  0.576277  0.714934  0.667175  0.629304  0.617686  0.542209  0.615028  0.757540  0.565413  0.553777  0.741715  0.595148 
22  0.642323  0.453128  0.580360  0.536578  0.451497  0.740854  0.606842  0.338912  0.659838  0.340937  0.568428  0.425028  0.644415  0.633090  0.481875  0.433896  0.304006  0.427375  0.600952  0.518414  0.236894  0.562183 0.0  0.361118  0.586118  0.612170  0.585705  0.495053  0.304278  0.513304  0.306482  0.659274  0.426678  0.454183  0.578632  0.448861  0.276177  0.357180  0.726741  0.701298  0.432854  0.679698  0.656867  0.524691  0.494037  0.540245  0.402524  0.680195  0.200364  0.313590  0.533656  0.525855  0.604576  0.613818  0.469672  0.496278  0.287805  0.605507  0.400069  0.570470  0.383738  0.409651  0.272786  0.394249  0.379872  0.610971  0.599736  0.425514  0.462723  0.487480  0.504562  0.610963  0.429013  0.618327  0.460526  0.593274  0.673421  0.540449  0.356795  0.524311  0.619923  0.476858  0.550548  0.394408  0.320012  0.385730  0.461250  0.442292  0.354530  0.498260  0.345326  0.499269  0.693857  0.608726  0.518247  0.489736  0.501673  0.434109  0.572498  0.386704  0.551547  0.469195  0.398810  0.298888  0.453617  0.544077  0.562715  0.549698  0.483867  0.569653  0.283347  0.539498  0.703652  0.480708  0.358366  0.477854  0.358201  0.676679  0.455803  0.504739  0.368264  0.559538  0.628702  0.375367  0.675477  0.460140  0.231401  0.520121  0.260026  0.298841  0.400662  0.453228  0.496884  0.352134  0.441429  0.421800  0.530243  0.484320  0.581585  0.307752  0.429843  0.575534  0.321613  0.455496  0.443073  0.380085 
23  0.713567  0.408595  0.431069  0.701653  0.617425  0.706842  0.626267  0.636784  0.868787  0.566517  0.640468  0.452041  0.552485  0.639706  0.808248  0.454882  0.549293  0.539181  0.717238  0.626978  0.507644  0.611484  0.361118 0.0  0.614110  0.667465  0.759603  0.579150  0.383413  0.562478  0.406048  0.726757  0.522314  0.225457  0.342045  0.457914  0.383612  0.429574  0.529070  0.517262  0.436981  0.865118  0.711685  0.763829  0.446910  0.740794  0.323063  0.767033  0.339904  0.402558  0.629846  0.559437  0.770942  0.706832  0.681283  0.739307  0.453424  0.787657  0.348685  0.646961  0.598436  0.623228  0.625059  0.466551  0.569293  0.689409  0.659759  0.356158  0.577263  0.638204  0.674107  0.676321  0.475208  0.787575  0.414160  0.739633  0.781829  0.647628  0.275343  0.280717  0.701455  0.681268  0.660677  0.493849  0.586483  0.543773  0.583754  0.505221  0.587494  0.518681  0.448502  0.457728  0.752505  0.371343  0.777204  0.720679  0.551912  0.473906  0.461724  0.683550  0.485724  0.576266  0.507690  0.607579  0.477045  0.600506  0.699444  0.433191  0.656972  0.368222  0.308433  0.584776  0.660563  0.526239  0.453054  0.684113  0.557340  0.774637  0.549518  0.345512  0.351116  0.571787  0.495775  0.389437  0.655195  0.545140  0.473421  0.655380  0.360996  0.355286  0.630872  0.518195  0.636138  0.429391  0.703186  0.529257  0.450997  0.631297  0.602756  0.407415  0.716865  0.602618  0.433720  0.554894  0.554147  0.286666 
24  0.567846  0.653264  0.844794  0.450117  0.533218  0.366323  0.521705  0.522693  0.304919  0.563353  0.577196  0.531788  0.488936  0.654291  0.471737  0.656863  0.680333  0.610903  0.490367  0.474956  0.519562  0.597152  0.586118  0.614110 0.0  0.563423  0.536163  0.564851  0.517637  0.559554  0.623918  0.699369  0.610442  0.550450  0.708823  0.622923  0.725811  0.659453  0.674395  0.653357  0.628923  0.404006  0.450495  0.380490  0.681483  0.401296  0.501122  0.448724  0.603554  0.535668  0.412175  0.683769  0.360657  0.391475  0.610864  0.466183  0.714672  0.411394  0.522365  0.631589  0.441467  0.545855  0.625819  0.595670  0.518114  0.404528  0.405881  0.724286  0.825887  0.582595  0.628480  0.566961  0.642499  0.433225  0.592548  0.384238  0.566727  0.532664  0.645030  0.653135  0.631003  0.509497  0.481975  0.692973  0.591176  0.645403  0.662745  0.619990  0.599368  0.635779  0.604786  0.669978  0.418407  0.706673  0.429608  0.478557  0.763494  0.718819  0.656248  0.642308  0.572834  0.493845  0.582477  0.513517  0.613055  0.570937  0.649848  0.586474  0.378758  0.698411  0.659886  0.636603  0.698797  0.550239  0.734635  0.654759  0.573098  0.305126  0.712590  0.715205  0.527535  0.531343  0.643118  0.575053  0.560348  0.526203  0.506186  0.507461  0.654736  0.708877  0.626023  0.522715  0.559635  0.488831  0.706327  0.563168  0.652730  0.623634  0.591431  0.637979  0.505363  0.670947  0.538926  0.624155  0.751800  0.565840 
25  0.722024  0.598909  0.561041  0.620524  0.634373  0.538443  0.589458  0.498067  0.644053  0.592754  0.716381  0.484925  0.724299  0.607966  0.568603  0.456110  0.681982  0.610864  0.550577  0.511670  0.523309  0.495890  0.612170  0.667465  0.563423 0.0  0.524902  0.614210  0.587877  0.694024  0.619529  0.570361  0.506128  0.621874  0.578549  0.542571  0.611591  0.582694  0.712665  0.655409  0.595396  0.648731  0.541861  0.620246  0.551168  0.448410  0.609433  0.620098  0.506234  0.571802  0.560329  0.523300  0.585431  0.508107  0.560325  0.527480  0.488245  0.573998  0.560601  0.718956  0.606394  0.506789  0.546271  0.591914  0.568399  0.568256  0.557116  0.609660  0.513569  0.585161  0.515854  0.632979  0.583685  0.563202  0.613559  0.627092  0.549058  0.620317  0.574748  0.699871  0.543871  0.624290  0.565765  0.496583  0.583813  0.582597  0.588895  0.510574  0.549291  0.549577  0.633375  0.561058  0.541186  0.496732  0.671602  0.611372  0.620704  0.602725  0.623733  0.567176  0.733186  0.517176  0.634784  0.485700  0.476417  0.579188  0.538477  0.597731  0.645091  0.645885  0.511815  0.641346  0.659730  0.739853  0.605644  0.603450  0.570472  0.687804  0.729201  0.622089  0.583771  0.579971  0.662036  0.590530  0.628607  0.512747  0.552135  0.677685  0.477320  0.538081  0.516593  0.631465  0.557926  0.660988  0.604477  0.714306  0.559692  0.537972  0.599317  0.553576  0.625254  0.725686  0.586204  0.573329  0.606062  0.653730 
26  0.457521  0.812734  0.723174  0.507372  0.722441  0.680901  0.514793  0.331225  0.536437  0.527762  0.589853  0.537674  0.555970  0.623811  0.492741  0.629443  0.415735  0.592631  0.366767  0.521050  0.538839  0.509254  0.585705  0.759603  0.536163  0.524902 0.0  0.391005  0.570234  0.645823  0.447637  0.617359  0.351771  0.592598  0.676226  0.372502  0.696964  0.543835  0.589845  0.673359  0.628639  0.541147  0.605782  0.542484  0.768808  0.541214  0.557079  0.509286  0.437110  0.506630  0.482713  0.593034  0.508286  0.316700  0.492641  0.589639  0.512159  0.447012  0.589107  0.402566  0.405390  0.469259  0.588175  0.750211  0.497970  0.605751  0.541897  0.823588  0.482389  0.452553  0.451655  0.604743  0.777132  0.631694  0.639688  0.594308  0.553457  0.616496  0.576822  0.704615  0.426662  0.620542  0.436518  0.625166  0.540310  0.575477  0.479040  0.590999  0.489301  0.526763  0.573433  0.629460  0.526918  0.609429  0.450499  0.449264  0.570472  0.685822  0.652128  0.470772  0.490373  0.210042  0.592962  0.415619  0.396527  0.522394  0.598221  0.555435  0.534041  0.652154  0.532747  0.674165  0.796051  0.583877  0.615736  0.418125  0.627098  0.487190  0.475736  0.711328  0.634353  0.649886  0.693798  0.486103  0.509281  0.245141  0.530666  0.535796  0.676036  0.687435  0.565108  0.468110  0.545326  0.632189  0.696626  0.526744  0.537172  0.587362  0.592366  0.713919  0.372593  0.705148  0.452996  0.478422  0.747222  0.503332 
