146
0 0.0  0.697484  0.660629  0.454985  0.626878  0.555146  0.507930  0.372051  0.434078  0.604144  0.484261  0.622366  0.529080  0.612921  0.435237  0.601165  0.555004  0.603645  0.410469  0.382743  0.516987  0.501354  0.555009  0.698140  0.546067  0.536370  0.500210  0.467259  0.580466  0.498112  0.620054  0.490731  0.597622  0.578137  0.749939  0.524036  0.695542  0.591009  0.522258  0.594174  0.582744  0.460432  0.515614  0.516441  0.600236  0.526186  0.574847  0.532326  0.585507  0.518489  0.572529  0.636080  0.418383  0.510151  0.445257  0.382362  0.614629  0.453751  0.503880  0.610300  0.527784  0.574696  0.670702  0.642556  0.457289  0.438236  0.569909  0.617188  0.467250  0.497900  0.556095  0.565863  0.578537  0.540044  0.537677  0.528779  0.622328  0.681718  0.733649  0.625216  0.530051  0.387648  0.478980  0.711272  0.527700  0.555997  0.497330  0.576181  0.630776  0.461284  0.607121  0.610387  0.461008  0.674670  0.437048  0.411232  0.383404  0.746469  0.512902  0.429917  0.527569  0.462957  0.475150  0.539196  0.641956  0.527418  0.470379  0.781218  0.499690  0.629295  0.690907  0.639600  0.720329  0.582470  0.690517  0.502513  0.565621  0.477565  0.609476  0.805808  0.714442  0.573647  0.504500  0.649131  0.448508  0.608356  0.559743  0.438020  0.569220  0.562699  0.512882  0.540676  0.402932  0.512629  0.670617  0.494076  0.486354  0.473689  0.580739  0.737184  0.474702  0.651884  0.590367  0.577712  0.599276  0.570104 
1  0.697484 0.0  0.429899  0.635804  0.695359  0.826397  0.578719  0.660300  1.000000  0.526113  0.635424  0.394589  0.480565  0.539295  0.607818  0.528500  0.603260  0.473258  0.841613  0.564809  0.536146  0.608830  0.416282  0.338486  0.681188  0.621834  0.672956  0.597983  0.537276  0.579415  0.510627  0.593685  0.585863  0.492947  0.521105  0.449854  0.368405  0.481666  0.573723  0.554683  0.596806  0.820317  0.810237  0.794525  0.464454  0.753052  0.462656  0.820124  0.602906  0.496578  0.695839  0.454596  0.724567  0.667722  0.671615  0.676211  0.489305  0.707407  0.606714  0.536318  0.620969  0.634246  0.594427  0.591319  0.659636  0.650299  0.644652  0.357758  0.456983  0.522731  0.758914  0.641567  0.509364  0.675929  0.510326  0.662003  0.686268  0.823881  0.466423  0.377410  0.762307  0.577993  0.614758  0.340746  0.527488  0.473924  0.570018  0.571141  0.516071  0.508250  0.544502  0.430439  0.807965  0.616914  0.746525  0.650498  0.639602  0.384666  0.591655  0.578270  0.602350  0.546604  0.528251  0.674703  0.531214  0.681176  0.607348  0.534733  0.782206  0.517148  0.489830  0.603412  0.800189  0.596567  0.423352  0.633900  0.484624  0.696211  0.469627  0.417115  0.575587  0.547076  0.630756  0.364450  0.817810  0.517412  0.509283  0.695584  0.445064  0.435822  0.519132  0.537924  0.632046  0.539183  0.487809  0.599470  0.632713  0.562110  0.526944  0.483731  0.707268  0.620112  0.484040  0.545923  0.426028  0.529879 
2  0.660629  0.429899 0.0  0.628131  0.532628  0.592754  0.483634  0.658502  0.649944  0.470745  0.547195  0.506858  0.553557  0.607897  0.822741  0.578020  0.484543  0.512248  0.697697  0.570377  0.448452  0.546569  0.496697  0.417168  0.708650  0.463779  0.658088  0.625418  0.629102  0.576627  0.487823  0.631382  0.585626  0.464765  0.418683  0.470835  0.436104  0.639211  0.612406  0.658826  0.557756  0.735511  0.621894  0.564451  0.298748  0.593041  0.506082  0.718384  0.594668  0.569930  0.641669  0.435275  0.710712  0.613104  0.670602  0.611504  0.565220  0.753106  0.615766  0.596651  0.639698  0.577972  0.528424  0.560121  0.581069  0.751805  0.674879  0.396775  0.538251  0.643188  0.665421  0.607171  0.567698  0.702883  0.465884  0.703660  0.781858  0.692617  0.478582  0.333218  0.641281  0.655937  0.598181  0.537865  0.511366  0.419102  0.653624  0.567241  0.497925  0.597207  0.464204  0.468622  0.800463  0.469370  0.779879  0.606958  0.732490  0.420900  0.593842  0.715202  0.532670  0.496831  0.471596  0.659965  0.519061  0.630391  0.707089  0.601714  0.745267  0.420808  0.440573  0.573428  0.635673  0.600085  0.568425  0.606967  0.548710  0.762492  0.525539  0.366321  0.482356  0.448120  0.573057  0.423382  0.764425  0.793998  0.557614  0.611302  0.494692  0.560983  0.529414  0.552354  0.604484  0.575532  0.647293  0.571396  0.564129  0.559724  0.575386  0.550866  0.685054  0.568499  0.598933  0.656250  0.477324  0.460495 
3  0.454985  0.635804  0.628131 0.0  0.516175  0.412733  0.427304  0.368707  0.444776  0.639609  0.540134  0.546153  0.471138  0.568832  0.333178  0.600648  0.459041  0.473583  0.283158  0.510468  0.485727  0.493696  0.536465  0.574629  0.386295  0.607516  0.379739  0.570104  0.579421  0.639969  0.528112  0.523163  0.532763  0.592330  0.742409  0.440318  0.574190  0.636128  0.687056  0.604713  0.689297  0.398141  0.446224  0.324723  0.749263  0.395033  0.523048  0.353299  0.503343  0.458003  0.405848  0.671314  0.281538  0.516970  0.638997  0.458686  0.566429  0.308871  0.514353  0.580247  0.257210  0.549852  0.621223  0.654514  0.611224  0.289490  0.450664  0.609926  0.530616  0.502477  0.491742  0.527942  0.521943  0.457599  0.516093  0.346374  0.657979  0.520122  0.610081  0.588575  0.451978  0.459289  0.504723  0.600597  0.416850  0.587383  0.557228  0.478192  0.648030  0.457635  0.603558  0.708729  0.352960  0.590284  0.360077  0.557427  0.453106  0.725211  0.410373  0.476596  0.464890  0.413908  0.511152  0.492799  0.465869  0.508499  0.403684  0.747415  0.327289  0.646153  0.594774  0.572410  0.577498  0.502258  0.678317  0.548907  0.529986  0.303294  0.615506  0.598693  0.468380  0.546701  0.550815  0.573724  0.468886  0.447494  0.598922  0.489887  0.537833  0.555721  0.584559  0.486926  0.503692  0.521978  0.726030  0.466611  0.550672  0.567085  0.530093  0.609419  0.439378  0.600031  0.522910  0.465577  0.614155  0.486881 
4  0.626878  0.695359  0.532628  0.516175 0.0  0.648141  0.538147  0.637360  0.542080  0.486623  0.520569  0.502769  0.541267  0.582785  0.552209  0.485078  0.530684  0.368762  0.561752  0.461553  0.430160  0.558582  0.417918  0.474273  0.488278  0.518956  0.547071  0.476150  0.437495  0.385097  0.524862  0.399084  0.685778  0.557539  0.573297  0.454412  0.572890  0.494009  0.433784  0.524016  0.592137  0.554844  0.370556  0.430373  0.563748  0.529191  0.539795  0.499852  0.388710  0.461073  0.498394  0.536126  0.587487  0.469316  0.511822  0.506575  0.534151  0.549061  0.483820  0.572799  0.548392  0.627333  0.514458  0.502748  0.626122  0.563114  0.519994  0.479296  0.367516  0.486493  0.461267  0.558574  0.401834  0.645510  0.487105  0.495030  0.555891  0.543753  0.449858  0.593977  0.504056  0.513173  0.463116  0.536478  0.455618  0.471610  0.576357  0.425618  0.461218  0.454279  0.609722  0.563664  0.528400  0.538624  0.494742  0.438634  0.518321  0.600320  0.479302  0.614510  0.350524  0.469973  0.564519  0.527785  0.462496  0.575420  0.586441  0.548009  0.464216  0.520548  0.594829  0.395422  0.493015  0.311757  0.526872  0.379225  0.478404  0.572107  0.500691  0.550805  0.441822  0.359899  0.413433  0.502806  0.552565  0.587503  0.458795  0.436382  0.468725  0.495162  0.398282  0.567280  0.548245  0.439449  0.494718  0.548867  0.607863  0.533269  0.509158  0.585502  0.639927  0.408969  0.582004  0.568057  0.587494  0.493462 
5  0.555146  0.826397  0.592754  0.412733  0.648141 0.0  0.534671  0.634244  0.340693  0.648408  0.624018  0.670307  0.531644  0.547932  0.356981  0.623758  0.426198  0.622528  0.386008  0.474557  0.579851  0.643756  0.598997  0.667538  0.397841  0.565655  0.569209  0.630847  0.668500  0.610191  0.696182  0.553307  0.564701  0.650416  0.671857  0.726962  0.655287  0.636733  0.653765  0.527777  0.738356  0.444367  0.432001  0.427306  0.550892  0.404132  0.735379  0.387364  0.484260  0.641195  0.405116  0.642213  0.378584  0.525614  0.630294  0.419633  0.567078  0.465441  0.599621  0.652132  0.405050  0.556773  0.591682  0.740481  0.673795  0.280133  0.453640  0.670614  0.647976  0.569558  0.584881  0.594417  0.589933  0.350424  0.637980  0.418117  0.579477  0.515095  0.692616  0.666801  0.680354  0.599787  0.594431  0.688689  0.689760  0.535500  0.571502  0.525740  0.611347  0.676173  0.666463  0.662062  0.315244  0.585668  0.342470  0.357770  0.624018  0.647135  0.587731  0.666977  0.557446  0.577001  0.618081  0.432834  0.640505  0.575456  0.557655  0.835930  0.344338  0.704910  0.642039  0.506117  0.709384  0.452291  0.655547  0.639113  0.550355  0.344031  0.757100  0.711165  0.589439  0.593641  0.548465  0.570750  0.532455  0.537633  0.598067  0.520282  0.645167  0.722442  0.541321  0.596606  0.512990  0.426706  0.590413  0.599729  0.553832  0.596884  0.699147  0.695225  0.656691  0.665788  0.578145  0.641288  0.650261  0.566729 
6  0.507930  0.578719  0.483634  0.427304  0.538147  0.534671 0.0  0.443921  0.511885  0.569747  0.542665  0.526413  0.474612  0.620023  0.442304  0.495028  0.464759  0.501956  0.504640  0.549322  0.461613  0.528878  0.488075  0.585122  0.555847  0.467326  0.445895  0.408135  0.528104  0.602029  0.562006  0.523880  0.473054  0.489826  0.645145  0.452163  0.458052  0.476142  0.535228  0.598299  0.698944  0.542751  0.488167  0.453841  0.618183  0.544195  0.600094  0.519199  0.364701  0.554527  0.502059  0.477952  0.543501  0.425776  0.512434  0.469318  0.513562  0.498643  0.602492  0.583108  0.463989  0.508878  0.512702  0.538354  0.615620  0.448646  0.476742  0.659636  0.484882  0.433078  0.498446  0.429616  0.489757  0.451774  0.600178  0.432157  0.450977  0.560586  0.425371  0.620097  0.488434  0.516995  0.569415  0.479150  0.513863  0.475092  0.503258  0.444571  0.499678  0.547996  0.552790  0.425442  0.534172  0.594485  0.437425  0.529008  0.492915  0.682908  0.506758  0.458686  0.524950  0.441414  0.446307  0.492649  0.486053  0.421982  0.528505  0.463135  0.508877  0.583621  0.418063  0.566733  0.475598  0.501138  0.546274  0.423766  0.458695  0.414725  0.514028  0.702553  0.584906  0.473825  0.581201  0.556831  0.477771  0.554586  0.505907  0.543946  0.486741  0.582662  0.513615  0.506640  0.537065  0.514628  0.514669  0.504385  0.461601  0.538627  0.552067  0.555702  0.475110  0.558070  0.441213  0.537944  0.516564  0.537271 
7  0.372051  0.660300  0.658502  0.368707  0.637360  0.634244  0.443921 0.0  0.523610  0.524987  0.566284  0.414968  0.477185  0.574461  0.472444  0.488452  0.413751  0.438928  0.478534  0.385178  0.390797  0.465287  0.404862  0.532218  0.423177  0.489851  0.258720  0.449198  0.425233  0.590023  0.489512  0.593316  0.240090  0.463373  0.625093  0.391189  0.507309  0.679728  0.583410  0.592125  0.544012  0.519590  0.560956  0.545708  0.651582  0.632778  0.385686  0.486600  0.402407  0.393580  0.361698  0.510655  0.440689  0.288907  0.596353  0.363641  0.356228  0.474106  0.542973  0.360437  0.299362  0.284574  0.504454  0.635490  0.363980  0.498404  0.600969  0.566033  0.435033  0.401147  0.486584  0.578376  0.614907  0.552307  0.554916  0.479557  0.546781  0.459448  0.440870  0.591399  0.327122  0.502810  0.411562  0.558635  0.428488  0.461115  0.506570  0.455985  0.603840  0.420938  0.421495  0.604242  0.397899  0.512264  0.422976  0.580428  0.471651  0.670694  0.495706  0.410681  0.497887  0.293692  0.380954  0.296982  0.495842  0.438966  0.452263  0.586255  0.451195  0.488104  0.535747  0.663993  0.626005  0.479697  0.483432  0.556309  0.492257  0.390692  0.469844  0.610925  0.527011  0.460651  0.508128  0.461727  0.469721  0.229984  0.362486  0.529863  0.495558  0.481279  0.456469  0.441068  0.439963  0.481359  0.651936  0.534200  0.381614  0.498168  0.478673  0.575988  0.355138  0.590086  0.344035  0.415265  0.503547  0.397641 
8  0.434078  1.000000  0.649944  0.444776  0.542080  0.340693  0.511885  0.523610 0.0  0.546502  0.559646  0.560184  0.478416  0.611831  0.250993  0.741829  0.585717  0.530324  0.416261  0.447816  0.553723  0.545431  0.531285  0.686705  0.315954  0.559031  0.523524  0.586176  0.551167  0.452616  0.560715  0.530958  0.617399  0.600923  0.689173  0.568499  0.703830  0.741825  0.634528  0.609579  0.619311  0.374125  0.339157  0.420819  0.656981  0.325597  0.689384  0.362038  0.474981  0.660105  0.408686  0.663295  0.291002  0.528589  0.537033  0.470448  0.581924  0.396067  0.597045  0.652809  0.339044  0.582217  0.601625  0.611690  0.688795  0.321438  0.389391  0.649101  0.563953  0.590231  0.582548  0.547830  0.504043  0.358871  0.566265  0.468710  0.567588  0.481270  0.559257  0.743945  0.676533  0.433417  0.464180  0.614112  0.500377  0.494987  0.671006  0.509144  0.627818  0.526296  0.704721  0.633763  0.283704  0.666723  0.269506  0.421983  0.596643  0.711700  0.601854  0.597685  0.528301  0.559133  0.621883  0.468551  0.596454  0.505907  0.507460  0.614794  0.257991  0.533747  0.627466  0.501085  0.564904  0.422251  0.645957  0.572592  0.565619  0.354220  0.557696  0.609901  0.530855  0.564421  0.593486  0.597493  0.530656  0.669603  0.564483  0.471729  0.451740  0.703525  0.511029  0.459490  0.507879  0.410894  0.656390  0.525970  0.504110  0.605120  0.528955  0.483994  0.581564  0.546213  0.611710  0.617010  0.700984  0.558994 
9  0.604144  0.526113  0.470745  0.639609  0.486623  0.648408  0.569747  0.524987  0.546502 0.0  0.639669  0.302176  0.538442  0.593064  0.505664  0.432767  0.359876  0.391494  0.544703  0.504788  0.453595  0.450098  0.319038  0.477166  0.497233  0.469505  0.435950  0.412401  0.375874  0.342722  0.362434  0.611971  0.466336  0.549490  0.455368  0.403243  0.526656  0.508857  0.538688  0.640631  0.490472  0.666352  0.445238  0.456349  0.426791  0.411087  0.499070  0.613385  0.309956  0.405792  0.544775  0.485543  0.588560  0.524324  0.451104  0.465567  0.385867  0.539434  0.525218  0.523707  0.527669  0.594897  0.347906  0.499279  0.457375  0.550696  0.567508  0.469158  0.388710  0.426533  0.452649  0.555098  0.460709  0.552116  0.549984  0.499216  0.611522  0.514278  0.426341  0.567574  0.665792  0.577380  0.419246  0.535809  0.453384  0.418431  0.529701  0.414121  0.422616  0.419896  0.534853  0.477760  0.542993  0.435858  0.536898  0.554326  0.578164  0.611561  0.405296  0.550821  0.442400  0.426318  0.518302  0.457090  0.490704  0.498280  0.547558  0.407504  0.415166  0.480289  0.372216  0.397313  0.548562  0.308094  0.504228  0.505468  0.440657  0.524617  0.475321  0.592446  0.438375  0.480268  0.493464  0.404142  0.498474  0.551517  0.394939  0.589647  0.467741  0.551921  0.297309  0.523423  0.519159  0.405563  0.462105  0.502310  0.475517  0.480835  0.505404  0.434259  0.434876  0.488754  0.498986  0.441222  0.466291  0.484704 
10  0.484261  0.635424  0.547195  0.540134  0.520569  0.624018  0.542665  0.566284  0.559646  0.639669 0.0  0.507694  0.593444  0.531931  0.609889  0.546571  0.526583  0.621665  0.613409  0.514750  0.571094  0.626101  0.560873  0.632241  0.528606  0.506424  0.661175  0.580660  0.553711  0.508562  0.465418  0.541934  0.641494  0.590733  0.609815  0.600752  0.618276  0.661970  0.482237  0.577516  0.636156  0.622216  0.565964  0.559928  0.632931  0.572282  0.509188  0.490344  0.620026  0.481652  0.482398  0.588148  0.608711  0.479201  0.525009  0.596290  0.540106  0.557652  0.546452  0.525790  0.537080  0.545515  0.546795  0.653214  0.486825  0.530676  0.531819  0.590951  0.525137  0.628286  0.623002  0.559569  0.594684  0.395770  0.531166  0.517117  0.528350  0.570594  0.513182  0.562648  0.514493  0.527322  0.620826  0.550853  0.603964  0.557548  0.586902  0.587916  0.608591  0.569033  0.677236  0.529181  0.486887  0.514296  0.534558  0.520582  0.569103  0.582393  0.579205  0.593132  0.548432  0.512225  0.527550  0.594497  0.444037  0.698114  0.540223  0.551534  0.528764  0.583869  0.560091  0.479880  0.494536  0.489228  0.562918  0.490823  0.587303  0.513078  0.663891  0.523822  0.699303  0.482066  0.548290  0.570618  0.577752  0.526447  0.635312  0.596347  0.626092  0.536385  0.642301  0.567027  0.555373  0.460702  0.532171  0.560418  0.697520  0.562676  0.613504  0.651483  0.616452  0.493982  0.685833  0.532419  0.521796  0.598973 
11  0.622366  0.394589  0.506858  0.546153  0.502769  0.670307  0.526413  0.414968  0.560184  0.302176  0.507694 0.0  0.479082  0.563334  0.591969  0.380933  0.428721  0.391740  0.547189  0.437085  0.331907  0.605192  0.262330  0.431653  0.451905  0.450783  0.474133  0.473406  0.189068  0.441899  0.264088  0.545833  0.415425  0.303160  0.519634  0.364374  0.295633  0.441666  0.612927  0.499903  0.455643  0.695462  0.561892  0.505362  0.469357  0.550114  0.344420  0.702914  0.259151  0.348704  0.477173  0.329567  0.555537  0.514739  0.513985  0.510522  0.326733  0.605518  0.314030  0.521801  0.495737  0.400363  0.250777  0.469044  0.418727  0.566316  0.466163  0.377521  0.383768  0.403889  0.470579  0.554424  0.459270  0.591535  0.415441  0.492572  0.696216  0.519722  0.257519  0.481348  0.535346  0.565921  0.504847  0.385661  0.304498  0.299468  0.442420  0.430392  0.479494  0.450294  0.306642  0.496736  0.640884  0.467808  0.553184  0.608656  0.554902  0.513926  0.501278  0.470745  0.294576  0.489523  0.343681  0.463621  0.374862  0.500424  0.480930  0.420858  0.497068  0.383370  0.251859  0.420663  0.543936  0.403606  0.380847  0.587496  0.260266  0.549962  0.393748  0.476236  0.407207  0.359917  0.475406  0.416264  0.513460  0.451430  0.166810  0.483906  0.323385  0.367843  0.450254  0.374786  0.468679  0.302073  0.606728  0.482873  0.330675  0.371644  0.488530  0.297899  0.449622  0.501532  0.358575  0.320232  0.372830  0.280518 
12  0.529080  0.480565  0.553557  0.471138  0.541267  0.531644  0.474612  0.477185  0.478416  0.538442  0.593444  0.479082 0.0  0.608733  0.485442  0.502859  0.467950  0.442097  0.466758  0.580252  0.486914  0.531716  0.432307  0.578220  0.531858  0.449102  0.480019  0.442341  0.458117  0.564881  0.432993  0.522083  0.483922  0.482859  0.634578  0.446444  0.525699  0.543531  0.606714  0.625155  0.452756  0.466216  0.602281  0.488545  0.531170  0.539149  0.554858  0.551013  0.377452  0.412899  0.491907  0.499038  0.557889  0.491816  0.531616  0.437930  0.492277  0.593526  0.451061  0.530202  0.391996  0.535240  0.390668  0.461038  0.556431  0.480859  0.548841  0.503657  0.419693  0.411166  0.513420  0.574614  0.441366  0.557971  0.466194  0.479864  0.607443  0.641661  0.595131  0.550545  0.516870  0.604820  0.491558  0.482360  0.569050  0.501182  0.485352  0.529107  0.449259  0.472930  0.530720  0.519409  0.525795  0.559070  0.468547  0.546157  0.457969  0.531556  0.501820  0.474904  0.510837  0.422311  0.454198  0.530841  0.449124  0.428586  0.587807  0.712279  0.575138  0.506516  0.486677  0.481574  0.531242  0.555367  0.430444  0.486242  0.411119  0.455005  0.518808  0.540067  0.519908  0.555423  0.564011  0.455019  0.562151  0.480837  0.422471  0.527948  0.502026  0.503844  0.588402  0.433962  0.471800  0.535361  0.446731  0.613762  0.512119  0.459916  0.487878  0.488446  0.454526  0.600345  0.548574  0.485217  0.520798  0.514222 
13  0.612921  0.539295  0.607897  0.568832  0.582785  0.547932  0.620023  0.574461  0.611831  0.593064  0.531931  0.563334  0.608733 0.0  0.536445  0.540796  0.572804  0.509205  0.481604  0.590248  0.493062  0.583037  0.454728  0.648279  0.629977  0.504568  0.587301  0.610567  0.601557  0.606320  0.481100  0.574914  0.521038  0.533248  0.631714  0.483732  0.629010  0.595683  0.613912  0.490059  0.562059  0.607661  0.513667  0.544988  0.656717  0.659047  0.657053  0.540781  0.701803  0.657156  0.588449  0.592605  0.511436  0.555827  0.542597  0.607980  0.587702  0.570105  0.582291  0.541157  0.533999  0.534950  0.641097  0.593786  0.545805  0.593493  0.644366  0.600903  0.536408  0.575330  0.589639  0.655467  0.505482  0.576199  0.643192  0.497486  0.591045  0.514435  0.635608  0.593329  0.467776  0.558908  0.526470  0.526113  0.646555  0.610040  0.566682  0.501022  0.555079  0.572173  0.535170  0.581413  0.509584  0.614991  0.603852  0.520892  0.521367  0.502882  0.545323  0.561773  0.635611  0.665087  0.542381  0.572843  0.546848  0.585171  0.501661  0.557986  0.554798  0.484391  0.475826  0.576962  0.578936  0.686648  0.594705  0.538129  0.605379  0.550370  0.445361  0.537506  0.624453  0.650414  0.520732  0.611747  0.637627  0.584601  0.674037  0.534751  0.575442  0.634047  0.529110  0.467168  0.531540  0.521232  0.530144  0.558640  0.472693  0.532915  0.611808  0.601665  0.540590  0.512243  0.650556  0.589343  0.556020  0.523286 
14  0.435237  0.607818  0.822741  0.333178  0.552209  0.356981  0.442304  0.472444  0.250993  0.505664  0.609889  0.591969  0.485442  0.536445 0.0  0.550315  0.625693  0.688611  0.320954  0.429255  0.614720  0.613213  0.502151  0.620234  0.446248  0.539893  0.407816  0.641033  0.599730  0.735685  0.568798  0.460913  0.478174  0.550897  0.683821  0.564579  0.562394  0.715547  0.625887  0.586072  0.779595  0.302632  0.441935  0.441751  0.631437  0.401049  0.679089  0.334216  0.472520  0.559371  0.340846  0.574729  0.305888  0.563384  0.455527  0.497081  0.553040  0.360048  0.679094  0.591303  0.229310  0.617359  0.627087  0.626773  0.474051  0.307773  0.460982  0.581213  0.490050  0.506946  0.597860  0.514268  0.521857  0.429029  0.644024  0.462718  0.631853  0.571842  0.628905  0.635378  0.486992  0.486601  0.566675  0.586842  0.647198  0.530261  0.565878  0.540435  0.612504  0.457701  0.693859  0.721218  0.248170  0.638422  0.353177  0.379292  0.503342  0.640739  0.426933  0.377766  0.559011  0.491377  0.559805  0.575004  0.500851  0.458663  0.454072  0.590779  0.275958  0.616363  0.522899  0.668799  0.724968  0.437372  0.670436  0.415359  0.595893  0.319831  0.483055  0.546478  0.677957  0.489144  0.534823  0.566524  0.411139  0.475645  0.536274  0.477845  0.452310  0.673722  0.487863  0.512386  0.459354  0.488914  0.545538  0.574756  0.495635  0.512287  0.581351  0.636064  0.421602  0.609939  0.492586  0.482786  0.708816  0.457880 
15  0.601165  0.528500  0.578020  0.600648  0.485078  0.623758  0.495028  0.488452  0.741829  0.432767  0.546571  0.380933  0.502859  0.540796  0.550315 0.0  0.399183  0.563643  0.573861  0.523735  0.356342  0.487239  0.334043  0.457831  0.556735  0.564142  0.483624  0.561163  0.400742  0.590369  0.431125  0.514597  0.577683  0.492973  0.484273  0.422319  0.499876  0.549948  0.477140  0.588059  0.485479  0.560080  0.667368  0.614768  0.422614  0.589356  0.339523  0.666762  0.384056  0.449137  0.530543  0.413271  0.582746  0.476230  0.593214  0.510825  0.552789  0.758191  0.581004  0.612706  0.412482  0.480566  0.387233  0.545801  0.592740  0.613157  0.687441  0.438827  0.386987  0.567279  0.546853  0.641593  0.406202  0.570918  0.486601  0.539438  0.566361  0.551334  0.397943  0.414119  0.599285  0.659821  0.540549  0.392932  0.331658  0.407034  0.500392  0.419943  0.475680  0.425485  0.469272  0.530348  0.710392  0.397877  0.584095  0.450974  0.443206  0.520230  0.400652  0.476211  0.507293  0.512858  0.623462  0.545199  0.427175  0.563495  0.488568  0.549243  0.623899  0.474081  0.437497  0.547327  0.447274  0.448182  0.529818  0.618252  0.516578  0.589860  0.498696  0.558257  0.433754  0.488161  0.410395  0.386063  0.527666  0.624696  0.431687  0.611924  0.459882  0.481988  0.455124  0.522361  0.490272  0.427950  0.481586  0.450153  0.445829  0.542638  0.540259  0.528242  0.499599  0.444046  0.431097  0.536709  0.498917  0.424942 
16  0.555004  0.603260  0.484543  0.459041  0.530684  0.426198  0.464759  0.413751  0.585717  0.359876  0.526583  0.428721  0.467950  0.572804  0.625693  0.399183 0.0  0.387879  0.458271  0.525765  0.405140  0.436278  0.297341  0.478301  0.549799  0.437209  0.442208  0.423362  0.283558  0.516858  0.293867  0.515659  0.433540  0.396665  0.549324  0.286140  0.474581  0.420929  0.561985  0.608549  0.447286  0.629636  0.533265  0.494794  0.569860  0.583811  0.396312  0.537864  0.329504  0.314212  0.470440  0.433457  0.503039  0.495284  0.595603  0.506902  0.361771  0.519759  0.466810  0.576321  0.397425  0.469940  0.433430  0.527481  0.463118  0.431175  0.493818  0.491847  0.346392  0.423468  0.388663  0.522592  0.396822  0.520809  0.457865  0.568249  0.565669  0.507921  0.411106  0.426650  0.527703  0.479672  0.488758  0.361527  0.404845  0.393319  0.363724  0.435638  0.354608  0.426394  0.467846  0.545967  0.519713  0.372735  0.450982  0.504446  0.455859  0.482094  0.408573  0.411598  0.342392  0.469154  0.483342  0.482157  0.349726  0.478380  0.481176  0.351148  0.429303  0.561042  0.371711  0.567596  0.509812  0.374521  0.385700  0.449468  0.421864  0.500440  0.471840  0.497146  0.363032  0.394387  0.488749  0.298151  0.503002  0.483854  0.300357  0.571077  0.374346  0.468425  0.419251  0.433621  0.511100  0.386405  0.423558  0.553820  0.387792  0.435587  0.456069  0.442684  0.448698  0.540035  0.423804  0.380435  0.442482  0.323569 
17  0.603645  0.473258  0.512248  0.473583  0.368762  0.622528  0.501956  0.438928  0.530324  0.391494  0.621665  0.391740  0.442097  0.509205  0.688611  0.563643  0.387879 0.0  0.498700  0.587391  0.460969  0.463444  0.436618  0.441519  0.437227  0.493285  0.512933  0.525898  0.358323  0.427341  0.394317  0.552513  0.472935  0.445743  0.558474  0.421372  0.378729  0.367615  0.593910  0.558791  0.393811  0.577972  0.524949  0.445570  0.498202  0.515419  0.422338  0.590164  0.358718  0.408612  0.530119  0.457857  0.557147  0.492483  0.525568  0.459557  0.413727  0.529563  0.413974  0.496440  0.540354  0.544061  0.505337  0.438152  0.452000  0.630097  0.587763  0.382777  0.480307  0.445348  0.392592  0.629407  0.490244  0.522661  0.488437  0.498594  0.576067  0.584355  0.414523  0.470034  0.526240  0.586493  0.574491  0.533435  0.450642  0.433564  0.413455  0.456163  0.449675  0.439235  0.371508  0.549236  0.591531  0.466828  0.510020  0.523254  0.542095  0.518351  0.507690  0.596068  0.445128  0.498301  0.389027  0.466837  0.442399  0.453724  0.440390  0.411229  0.585676  0.433224  0.445204  0.427447  0.585255  0.424090  0.336540  0.434318  0.366411  0.569130  0.458421  0.435343  0.470841  0.401468  0.583847  0.427774  0.527623  0.530499  0.369790  0.484738  0.435221  0.420105  0.427807  0.526539  0.586276  0.392834  0.514623  0.579025  0.480428  0.440195  0.583135  0.411993  0.549811  0.417105  0.493942  0.459216  0.512712  0.494728 
18  0.410469  0.841613  0.697697  0.283158  0.561752  0.386008  0.504640  0.478534  0.416261  0.544703  0.613409  0.547189  0.466758  0.481604  0.320954  0.573861  0.458271  0.498700 0.0  0.410634  0.478970  0.535384  0.591565  0.654123  0.392211  0.524512  0.319369  0.466873  0.637895  0.637866  0.553279  0.521109  0.443795  0.586426  0.718048  0.414848  0.659775  0.560162  0.621385  0.538262  0.676580  0.315205  0.396576  0.469082  0.572926  0.427241  0.597520  0.335860  0.472167  0.536784  0.357436  0.584041  0.308557  0.480187  0.555422  0.448556  0.551193  0.356990  0.525928  0.541236  0.288196  0.470377  0.620084  0.610702  0.525703  0.269511  0.493952  0.510032  0.507939  0.428468  0.409341  0.538353  0.605048  0.373420  0.692754  0.438345  0.658459  0.472686  0.595504  0.721693  0.477986  0.444727  0.502239  0.536986  0.494347  0.587920  0.556428  0.437543  0.631225  0.468344  0.563358  0.593129  0.268002  0.426262  0.318514  0.447695  0.474952  0.577236  0.467087  0.488299  0.501136  0.443443  0.613135  0.476858  0.468759  0.455395  0.456272  0.568116  0.384779  0.540743  0.656127  0.589254  0.766712  0.459635  0.616991  0.485842  0.541742  0.261175  0.516408  0.649926  0.525824  0.533939  0.570028  0.489647  0.487735  0.439612  0.641416  0.486575  0.552674  0.720589  0.556058  0.475217  0.477581  0.534684  0.568448  0.562266  0.564558  0.557583  0.503861  0.572032  0.360258  0.623794  0.535521  0.549392  0.612125  0.513527 
19  0.382743  0.564809  0.570377  0.510468  0.461553  0.474557  0.549322  0.385178  0.447816  0.504788  0.514750  0.437085  0.580252  0.590248  0.429255  0.523735  0.525765  0.587391  0.410634 0.0  0.423598  0.505339  0.484807  0.535321  0.491905  0.503417  0.402368  0.504737  0.478726  0.518015  0.521169  0.653377  0.497356  0.538207  0.583578  0.509604  0.536164  0.516729  0.462351  0.548717  0.516437  0.482090  0.460418  0.462506  0.685385  0.489469  0.482909  0.427361  0.429201  0.447851  0.463128  0.483629  0.416373  0.452556  0.421993  0.484546  0.498497  0.466489  0.557327  0.493492  0.403476  0.492172  0.500107  0.528418  0.418038  0.457186  0.511425  0.550390  0.465821  0.493644  0.487141  0.500003  0.482377  0.387822  0.497639  0.462532  0.466547  0.519696  0.561362  0.649376  0.415998  0.542650  0.497492  0.552922  0.453969  0.496171  0.576231  0.543555  0.533430  0.521402  0.483915  0.590984  0.391736  0.618536  0.411334  0.465524  0.458686  0.560749  0.536321  0.517908  0.402274  0.448763  0.527822  0.503641  0.523604  0.431213  0.422931  0.557116  0.396062  0.501738  0.526205  0.521643  0.528642  0.472471  0.578906  0.466466  0.555828  0.434796  0.503547  0.597944  0.539536  0.454747  0.508223  0.553209  0.467330  0.461630  0.521478  0.439135  0.460690  0.632671  0.517415  0.444227  0.429533  0.466865  0.616414  0.541072  0.442789  0.423151  0.499020  0.465659  0.487275  0.582851  0.502959  0.522007  0.476103  0.566426 
20  0.516987  0.536146  0.448452  0.485727  0.430160  0.579851  0.461613  0.390797  0.553723  0.453595  0.571094  0.331907  0.486914  0.493062  0.614720  0.356342  0.405140  0.460969  0.478970  0.423598 0.0  0.437378  0.286985  0.411749  0.534280  0.511601  0.438788  0.523617  0.342687  0.459279  0.382889  0.633571  0.483617  0.374358  0.525921  0.378671  0.325245  0.385752  0.473205  0.523568  0.346870  0.581895  0.566444  0.454476  0.456171  0.657106  0.336200  0.641991  0.318647  0.306881  0.529009  0.407927  0.572780  0.547076  0.523511  0.424516  0.307233  0.560103  0.528971  0.492600  0.444694  0.399005  0.310576  0.476302  0.360953  0.556655  0.493181  0.508794  0.429869  0.372814  0.459947  0.536360  0.388209  0.583966  0.392750  0.407485  0.647125  0.632698  0.305192  0.433585  0.447389  0.535937  0.415219  0.431422  0.303913  0.331647  0.467250  0.447424  0.367442  0.392940  0.391000  0.471177  0.600566  0.490557  0.606049  0.471221  0.457432  0.548617  0.369888  0.447671  0.340887  0.459269  0.391649  0.412650  0.456755  0.462669  0.502103  0.513117  0.580538  0.485793  0.336074  0.579261  0.672861  0.380598  0.453634  0.428045  0.320657  0.579591  0.430175  0.428455  0.418954  0.397953  0.502467  0.362861  0.560270  0.383666  0.265825  0.450059  0.435762  0.338423  0.337252  0.443912  0.380265  0.359560  0.446046  0.526624  0.446474  0.368786  0.552599  0.400479  0.388085  0.489178  0.472102  0.348020  0.489898  0.386496 
21  0.501354  0.608830  0.546569  0.493696  0.558582  0.643756  0.528878  0.465287  0.545431  0.450098  0.626101  0.605192  0.531716  0.583037  0.613213  0.487239  0.436278  0.463444  0.535384  0.505339  0.437378 0.0  0.470003  0.604383  0.537395  0.498196  0.475942  0.434761  0.557894  0.614413  0.472234  0.690074  0.525164  0.562462  0.584876  0.479085  0.475540  0.565376  0.509231  0.575206  0.543053  0.605824  0.644986  0.552872  0.495950  0.529834  0.510022  0.530160  0.542713  0.510664  0.585457  0.571778  0.427814  0.449927  0.514615  0.507804  0.580199  0.489100  0.570299  0.551163  0.540765  0.484697  0.557882  0.475874  0.573834  0.561714  0.516079  0.519416  0.531681  0.467366  0.569005  0.564640  0.603863  0.531700  0.486621  0.533097  0.633556  0.655257  0.440786  0.628742  0.513620  0.543621  0.453253  0.633235  0.569772  0.432883  0.654602  0.481397  0.495157  0.500614  0.544034  0.517791  0.484957  0.466249  0.515802  0.595424  0.401641  0.544357  0.515136  0.514598  0.544806  0.531569  0.508511  0.516447  0.566582  0.522660  0.534903  0.492904  0.483154  0.474409  0.563605  0.578496  0.591912  0.533609  0.502277  0.544812  0.522757  0.514944  0.555505  0.459292  0.531211  0.629604  0.597043  0.476065  0.541538  0.472287  0.494386  0.567391  0.481205  0.531275  0.448538  0.435264  0.530653  0.549498  0.487697  0.620616  0.511475  0.558124  0.551671  0.474659  0.526380  0.643831  0.482582  0.635832  0.566401  0.529285 
22  0.555009  0.416282  0.496697  0.536465  0.417918  0.598997  0.488075  0.404862  0.531285  0.319038  0.560873  0.262330  0.432307  0.454728  0.502151  0.334043  0.297341  0.436618  0.591565  0.484807  0.286985  0.470003 0.0  0.380982  0.562831  0.507318  0.442616  0.440835  0.251259  0.547955  0.335645  0.539594  0.402912  0.365480  0.591835  0.356572  0.243534  0.335958  0.478768  0.607206  0.428728  0.576383  0.538885  0.522947  0.434823  0.595463  0.360335  0.512375  0.227138  0.302954  0.466307  0.430637  0.544721  0.505312  0.551071  0.467521  0.261790  0.608649  0.422203  0.504897  0.378806  0.369981  0.293362  0.394896  0.320477  0.559230  0.586482  0.428129  0.506691  0.432265  0.486905  0.528595  0.377353  0.559507  0.383499  0.480712  0.566373  0.502186  0.336659  0.407198  0.559307  0.452235  0.474527  0.416950  0.328829  0.405557  0.441356  0.354446  0.379967  0.356858  0.382864  0.464251  0.551685  0.545163  0.527063  0.459321  0.504207  0.408561  0.384408  0.442872  0.407914  0.399056  0.291214  0.339724  0.402285  0.450106  0.500610  0.461702  0.468249  0.494911  0.297859  0.496923  0.647758  0.391509  0.372539  0.409240  0.291551  0.531604  0.486265  0.400765  0.409980  0.416966  0.502997  0.346024  0.561187  0.409026  0.258978  0.470831  0.312179  0.310933  0.413154  0.485608  0.465744  0.292786  0.439030  0.462887  0.397074  0.467888  0.560766  0.370883  0.491778  0.551131  0.470625  0.359235  0.493304  0.305437 
23  0.698140  0.338486  0.417168  0.574629  0.474273  0.667538  0.585122  0.532218  0.686705  0.477166  0.632241  0.431653  0.578220  0.648279  0.620234  0.457831  0.478301  0.441519  0.654123  0.535321  0.411749  0.604383  0.380982 0.0  0.679632  0.559015  0.515371  0.469406  0.420377  0.476436  0.372404  0.680497  0.491803  0.284426  0.406616  0.371755  0.306050  0.455225  0.533021  0.569488  0.484935  0.676825  0.639204  0.589070  0.443448  0.531056  0.368544  0.685757  0.416746  0.441483  0.557911  0.468592  0.732854  0.618593  0.622130  0.647733  0.400644  0.708023  0.500584  0.570600  0.603952  0.484709  0.524582  0.473238  0.506392  0.600812  0.665735  0.291657  0.579809  0.467991  0.529318  0.550470  0.457263  0.645790  0.353187  0.559532  0.711520  0.727127  0.311841  0.347727  0.686285  0.712812  0.560221  0.503864  0.466182  0.416527  0.517396  0.513266  0.507789  0.514222  0.367737  0.503673  0.752408  0.422403  0.618237  0.582269  0.567634  0.476309  0.485055  0.567268  0.415067  0.528344  0.372672  0.441369  0.407917  0.531266  0.536026  0.462780  0.566472  0.347574  0.432882  0.380567  0.612602  0.596460  0.410461  0.590241  0.428562  0.635169  0.442959  0.367397  0.322554  0.472091  0.501314  0.354588  0.646161  0.514013  0.422671  0.651442  0.347439  0.247506  0.440829  0.450904  0.629145  0.434136  0.594908  0.582446  0.420079  0.630418  0.574179  0.506547  0.582966  0.585845  0.412560  0.483478  0.581522  0.325638 
24  0.546067  0.681188  0.708650  0.386295  0.488278  0.397841  0.555847  0.423177  0.315954  0.497233  0.528606  0.451905  0.531858  0.629977  0.446248  0.556735  0.549799  0.437227  0.392211  0.491905  0.534280  0.537395  0.562831  0.679632 0.0  0.607013  0.518963  0.507759  0.399557  0.605850  0.496570  0.598096  0.470787  0.494345  0.691314  0.658452  0.574932  0.564358  0.540011  0.608471  0.549523  0.459409  0.354746  0.391531  0.571336  0.284966  0.569972  0.402262  0.434955  0.585664  0.388190  0.612185  0.433949  0.411069  0.639078  0.384574  0.618273  0.426610  0.565915  0.524228  0.345648  0.576803  0.527290  0.530806  0.431677  0.354472  0.334073  0.563952  0.723149  0.494979  0.563382  0.530438  0.486793  0.361624  0.623198  0.424751  0.529470  0.528802  0.614435  0.586103  0.639923  0.466479  0.544899  0.721518  0.618994  0.694402  0.657667  0.554369  0.592963  0.534916  0.607982  0.619070  0.424599  0.604839  0.338038  0.411355  0.475116  0.691148  0.491574  0.526390  0.500404  0.535865  0.538025  0.463661  0.548509  0.491800  0.577255  0.657552  0.312618  0.689825  0.548561  0.447190  0.577104  0.428670  0.579829  0.525080  0.584686  0.374860  0.553496  0.721343  0.541119  0.564410  0.436257  0.521406  0.524563  0.601838  0.429426  0.435547  0.494703  0.553006  0.528153  0.546616  0.483327  0.485985  0.629621  0.535259  0.601723  0.604272  0.532494  0.561567  0.479606  0.587951  0.490084  0.571700  0.663340  0.564222 
25  0.536370  0.621834  0.463779  0.607516  0.518956  0.565655  0.467326  0.489851  0.559031  0.469505  0.506424  0.450783  0.449102  0.504568  0.539893  0.564142  0.437209  0.493285  0.524512  0.503417  0.511601  0.498196  0.507318  0.559015  0.607013 0.0  0.526021  0.488768  0.539465  0.604832  0.492481  0.533500  0.490779  0.498109  0.476120  0.455989  0.560431  0.463915  0.621744  0.659976  0.503628  0.541590  0.501822  0.480938  0.510514  0.603783  0.586448  0.469002  0.514345  0.544326  0.553714  0.478536  0.598885  0.558946  0.550827  0.506166  0.535269  0.508225  0.491344  0.496992  0.594354  0.497219  0.455861  0.591320  0.571948  0.524247  0.567792  0.612931  0.484370  0.495279  0.427726  0.531504  0.566874  0.584425  0.535813  0.599157  0.450749  0.624216  0.652098  0.528144  0.481856  0.565128  0.435388  0.526677  0.480362  0.539555  0.506115  0.507888  0.446024  0.513779  0.490818  0.569142  0.558239  0.529110  0.549023  0.510217  0.496425  0.486445  0.560430  0.404217  0.516024  0.489867  0.465761  0.512595  0.437009  0.470938  0.472158  0.566326  0.576263  0.554075  0.549034  0.529107  0.561415  0.479813  0.498230  0.552268  0.491824  0.492816  0.515646  0.583392  0.569589  0.542347  0.625761  0.470818  0.538218  0.547706  0.523735  0.530338  0.526393  0.603495  0.431975  0.465981  0.523676  0.412034  0.471039  0.545675  0.506125  0.549324  0.495834  0.507375  0.551276  0.691737  0.586539  0.518084  0.559501  0.521985 
26  0.500210  0.672956  0.658088  0.379739  0.547071  0.569209  0.445895  0.258720  0.523524  0.435950  0.661175  0.474133  0.480019  0.587301  0.407816  0.483624  0.442208  0.512933  0.319369  0.402368  0.438788  0.475942  0.442616  0.515371  0.518963  0.526021 0.0  0.484369  0.489489  0.508069  0.477406  0.630444  0.342097  0.612192  0.650078  0.391171  0.603192  0.526816  0.583852  0.586448  0.666796  0.482227  0.568686  0.427592  0.631651  0.460059  0.521731  0.390777  0.511640  0.467480  0.428013  0.550352  0.503312  0.362634  0.439012  0.457188  0.490795  0.377732  0.571392  0.416528  0.353696  0.358835  0.515591  0.601033  0.486844  0.529296  0.593650  0.640648  0.438519  0.459129  0.450341  0.553826  0.608533  0.499676  0.587379  0.523612  0.437998  0.489395  0.595901  0.676425  0.320690  0.488740  0.508539  0.601777  0.475834  0.513726  0.542600  0.442982  0.523376  0.439180  0.486939  0.539265  0.461684  0.513376  0.419937  0.463463  0.454082  0.553572  0.416207  0.494301  0.468561  0.253085  0.511209  0.382886  0.391376  0.417957  0.457208  0.556367  0.472161  0.586617  0.542755  0.648514  0.588986  0.423729  0.566433  0.491940  0.525756  0.479547  0.464843  0.618409  0.541186  0.629957  0.678022  0.493084  0.445667  0.252272  0.584724  0.483023  0.535150  0.577631  0.472796  0.478415  0.469054  0.536161  0.718625  0.528204  0.534504  0.532365  0.511577  0.562031  0.338727  0.647495  0.488504  0.427442  0.611683  0.446035 
