146
0 0.0  0.802419  0.837060  0.347555  0.672430  0.587412  0.532091  0.531107  0.571856  0.583898  0.675903  0.655579  0.617130  0.684503  0.428624  0.720197  0.532339  0.645588  0.443753  0.550262  0.770819  0.652530  0.635796  0.772478  0.639157  0.611362  0.427094  0.507437  0.648335  0.714550  0.608855  0.571439  0.529887  0.682032  0.764483  0.521385  0.705489  0.749179  0.595699  0.710899  0.651270  0.554265  0.608127  0.539334  0.796388  0.512051  0.610053  0.560606  0.553712  0.694169  0.560845  0.659121  0.400809  0.429074  0.445655  0.439208  0.785175  0.574772  0.595770  0.631700  0.497322  0.551086  0.653953  0.698374  0.633307  0.523116  0.505922  0.835420  0.673061  0.524299  0.513744  0.576393  0.695951  0.539754  0.690787  0.549316  0.570376  0.675534  0.682249  0.753549  0.533455  0.575577  0.520185  0.641293  0.454637  0.691706  0.660862  0.692646  0.676396  0.575401  0.750433  0.754403  0.483719  0.763649  0.445463  0.541744  0.500335  0.644221  0.514442  0.369863  0.576476  0.529494  0.547582  0.553704  0.574256  0.523387  0.391030  0.741645  0.450372  0.778082  0.660885  0.637143  0.643948  0.499413  0.692902  0.544599  0.638615  0.499501  0.609178  0.903055  0.563389  0.756713  0.630827  0.727473  0.471423  0.594589  0.613781  0.527129  0.690943  0.847753  0.600964  0.620603  0.491857  0.673676  0.747988  0.638362  0.644729  0.542124  0.571412  0.686331  0.517632  0.822771  0.570246  0.590386  0.588389  0.591538 
1  0.802419 0.0  0.411022  0.710012  0.647773  0.717443  0.646362  0.670595  0.912347  0.596310  0.646390  0.555443  0.529661  0.552277  0.833013  0.531585  0.494717  0.481789  0.804082  0.612591  0.509504  0.635247  0.377533  0.447003  0.694834  0.701005  0.740251  0.658609  0.561007  0.667889  0.467872  0.757763  0.584156  0.547361  0.478455  0.414192  0.371546  0.634330  0.728793  0.586074  0.636160  0.896034  0.816779  0.796830  0.478013  0.858057  0.345870  0.819080  0.679016  0.487981  0.643743  0.588943  0.719194  0.709250  0.808852  0.815965  0.450087  0.886935  0.567843  0.703523  0.766549  0.626895  0.560860  0.617472  0.638759  0.744773  0.787046  0.356289  0.611643  0.733143  0.704374  0.620968  0.594542  0.802293  0.516820  0.761214  0.832573  0.741741  0.563212  0.409351  0.678896  0.785232  0.671140  0.390557  0.493068  0.490705  0.723079  0.566457  0.584085  0.518942  0.582273  0.557557  0.890275  0.614359  0.821210  0.702062  0.715303  0.463624  0.674700  0.636455  0.665621  0.687953  0.513480  0.695667  0.481668  0.588668  0.655851  0.435514  0.724548  0.451155  0.425653  0.691585  0.714260  0.592347  0.458732  0.731154  0.523178  0.841034  0.614506  0.521523  0.558439  0.687040  0.746937  0.438427  0.880021  0.565805  0.489665  0.774677  0.531976  0.494846  0.653728  0.552230  0.702626  0.604685  0.646026  0.682120  0.606447  0.624926  0.637213  0.675478  0.791113  0.665010  0.487457  0.709744  0.537643  0.471012 
2  0.837060  0.411022 0.0  0.784074  0.655326  0.739305  0.720109  0.799368  0.850961  0.577819  0.643630  0.584294  0.599666  0.715061  0.861992  0.520810  0.531675  0.651379  0.744064  0.751718  0.521164  0.647542  0.514435  0.468309  0.758686  0.634261  0.843024  0.710978  0.677519  0.538443  0.553999  0.665984  0.625373  0.472065  0.397626  0.477976  0.422915  0.670951  0.726664  0.598313  0.632898  0.696320  0.775600  0.740215  0.326994  0.744057  0.535127  0.827098  0.513066  0.691141  0.741721  0.504014  0.775566  0.707475  0.793502  0.747377  0.628670  0.893664  0.653112  0.580334  0.679759  0.667314  0.600493  0.610354  0.618196  0.768632  0.752140  0.441049  0.604883  0.644289  0.580237  0.692225  0.652374  0.827824  0.469244  0.746485  0.689689  0.661834  0.438153  0.459811  0.777142  0.787917  0.738641  0.493247  0.659398  0.491335  0.723849  0.698564  0.560552  0.600768  0.466589  0.530886  0.909214  0.505090  0.745699  0.763725  0.659023  0.557320  0.682319  0.746808  0.600551  0.695023  0.529658  0.754542  0.604086  0.660708  0.719508  0.529527  0.730540  0.492956  0.505082  0.712219  0.694893  0.717146  0.541216  0.754687  0.632277  0.711515  0.623007  0.473245  0.500035  0.640180  0.607642  0.389212  0.739988  0.602307  0.476818  0.730424  0.623556  0.487835  0.613558  0.581037  0.605096  0.549048  0.592892  0.598357  0.552011  0.651556  0.655111  0.642295  0.795752  0.659593  0.581923  0.778511  0.543278  0.527711 
3  0.347555  0.710012  0.784074 0.0  0.643632  0.506317  0.522479  0.432396  0.470656  0.622965  0.653997  0.674867  0.569865  0.678934  0.247284  0.613454  0.617310  0.625336  0.324774  0.456026  0.456616  0.528411  0.661752  0.690062  0.382291  0.619187  0.476386  0.559054  0.668400  0.595513  0.621029  0.516492  0.575734  0.628521  0.665534  0.500215  0.770040  0.762136  0.549203  0.659516  0.760498  0.295530  0.421605  0.369366  0.730112  0.407420  0.558079  0.328511  0.567935  0.580355  0.409548  0.579337  0.402167  0.399963  0.619845  0.497296  0.693247  0.317755  0.651105  0.603506  0.205533  0.514206  0.801902  0.675061  0.556944  0.259987  0.417521  0.664756  0.598861  0.514302  0.578044  0.621701  0.641795  0.402712  0.728025  0.496624  0.620463  0.598650  0.538844  0.712123  0.506397  0.480440  0.473541  0.680573  0.558177  0.689589  0.621150  0.582885  0.726443  0.385800  0.595319  0.784213  0.417520  0.590140  0.334818  0.503734  0.407485  0.780237  0.490927  0.450964  0.482588  0.419739  0.566095  0.511573  0.475475  0.615500  0.509954  0.618178  0.368064  0.672994  0.726801  0.683516  0.723797  0.640399  0.634424  0.589667  0.659881  0.363278  0.664756  0.688688  0.570641  0.624122  0.671379  0.522485  0.502079  0.445300  0.530477  0.548697  0.685437  0.721828  0.628259  0.532397  0.495556  0.589858  0.758985  0.615496  0.641112  0.587500  0.657168  0.733735  0.561410  0.630325  0.529482  0.390682  0.657739  0.438878 
4  0.672430  0.647773  0.655326  0.643632 0.0  0.548442  0.648325  0.662325  0.428989  0.373733  0.520480  0.527755  0.629874  0.748549  0.619992  0.553755  0.391931  0.425149  0.602444  0.439660  0.519860  0.588903  0.538327  0.516336  0.585516  0.660326  0.580267  0.528855  0.529948  0.489237  0.592362  0.522646  0.682622  0.460467  0.659301  0.493107  0.796343  0.583036  0.444889  0.711457  0.624130  0.632876  0.436428  0.449572  0.669610  0.524003  0.681318  0.469154  0.447500  0.557150  0.491208  0.584817  0.523909  0.597758  0.478490  0.644239  0.604302  0.589892  0.649940  0.506296  0.556650  0.630478  0.578992  0.453736  0.662492  0.618913  0.697781  0.585371  0.405427  0.702395  0.473389  0.625920  0.379707  0.549522  0.524596  0.490135  0.518871  0.501856  0.533343  0.629409  0.626178  0.639307  0.576244  0.576317  0.535524  0.485338  0.605822  0.572756  0.608117  0.509162  0.571222  0.566354  0.619772  0.605785  0.565430  0.471444  0.618981  0.558490  0.493948  0.762780  0.472764  0.586856  0.585589  0.475512  0.494157  0.642406  0.590307  0.593905  0.524857  0.545691  0.547017  0.490613  0.558304  0.436020  0.511745  0.408210  0.506255  0.541661  0.599586  0.518049  0.554437  0.444083  0.374069  0.524824  0.509202  0.726530  0.629498  0.399135  0.544243  0.606306  0.441635  0.555636  0.593457  0.372576  0.421487  0.604933  0.588515  0.632158  0.546018  0.616984  0.622865  0.534449  0.763887  0.681438  0.734028  0.555264 
5  0.587412  0.717443  0.739305  0.506317  0.548442 0.0  0.461611  0.605931  0.376131  0.659479  0.723960  0.637799  0.612715  0.594852  0.290611  0.566833  0.535851  0.636223  0.352272  0.502576  0.690051  0.567065  0.623384  0.657176  0.478864  0.570646  0.661453  0.663233  0.623178  0.620437  0.663718  0.652632  0.717934  0.732987  0.715951  0.606767  0.760665  0.676424  0.665259  0.595293  0.710886  0.468208  0.474127  0.391596  0.650721  0.409387  0.747655  0.345307  0.550347  0.664968  0.479406  0.634948  0.380514  0.556542  0.610261  0.423057  0.729700  0.510127  0.594013  0.707727  0.505872  0.643502  0.724912  0.723425  0.681321  0.268318  0.442018  0.711915  0.660160  0.666609  0.656060  0.602604  0.648841  0.445099  0.656415  0.494156  0.667860  0.602453  0.736980  0.659581  0.784964  0.576498  0.592292  0.672201  0.654322  0.610389  0.706231  0.640932  0.684334  0.689761  0.728945  0.652497  0.356073  0.700103  0.333797  0.440937  0.732661  0.735626  0.688063  0.605961  0.509906  0.670133  0.721501  0.593115  0.676215  0.657507  0.628735  0.741367  0.345893  0.775230  0.712337  0.618267  0.662011  0.493873  0.627846  0.628649  0.611128  0.415239  0.709278  0.794510  0.685399  0.638397  0.655272  0.650394  0.642287  0.635607  0.738437  0.616766  0.621571  0.757557  0.614553  0.648953  0.589789  0.507433  0.747228  0.483805  0.708124  0.635629  0.617026  0.660385  0.677961  0.747068  0.653872  0.721462  0.694975  0.595082 
6  0.532091  0.646362  0.720109  0.522479  0.648325  0.461611 0.0  0.527784  0.557384  0.450767  0.605984  0.628365  0.571785  0.581126  0.522917  0.594884  0.539819  0.633069  0.439620  0.525558  0.448344  0.538030  0.495861  0.633277  0.581729  0.601589  0.495933  0.542428  0.587885  0.655879  0.433966  0.598916  0.570825  0.619150  0.691785  0.467728  0.592006  0.671319  0.674280  0.598505  0.591337  0.587780  0.544380  0.547919  0.545051  0.493758  0.631370  0.457172  0.568390  0.551646  0.544705  0.585586  0.494711  0.450530  0.543786  0.504889  0.581393  0.520639  0.545567  0.562438  0.583449  0.416832  0.521244  0.550972  0.486321  0.450826  0.551198  0.685946  0.529563  0.564362  0.593244  0.567548  0.498583  0.407045  0.684268  0.476604  0.518845  0.608166  0.520708  0.596128  0.517226  0.472208  0.547732  0.558840  0.495203  0.624777  0.598620  0.535224  0.520021  0.581998  0.674958  0.623102  0.531882  0.684682  0.572680  0.582793  0.525122  0.579261  0.545928  0.455689  0.656250  0.491473  0.542549  0.587958  0.486847  0.506624  0.626949  0.691679  0.475053  0.590047  0.530185  0.519559  0.567443  0.484637  0.579643  0.571837  0.614682  0.493800  0.635908  0.624250  0.493678  0.624224  0.578142  0.527956  0.563248  0.584538  0.567949  0.554728  0.594066  0.623987  0.505047  0.589672  0.527657  0.510127  0.623778  0.493395  0.555081  0.571896  0.505172  0.570532  0.557628  0.576645  0.682179  0.486379  0.617477  0.450074 
7  0.531107  0.670595  0.799368  0.432396  0.662325  0.605931  0.527784 0.0  0.618745  0.480628  0.535705  0.473746  0.490911  0.645560  0.539709  0.521827  0.397143  0.526696  0.482763  0.487721  0.346591  0.364641  0.339354  0.632726  0.645201  0.595276  0.200945  0.601448  0.529227  0.695098  0.513697  0.535881  0.234788  0.439789  0.750659  0.315359  0.473885  0.556866  0.729702  0.569540  0.723900  0.500597  0.623434  0.626289  0.655839  0.535624  0.420476  0.571707  0.376197  0.445211  0.505874  0.627048  0.448623  0.439741  0.694568  0.401710  0.481466  0.506031  0.443692  0.367927  0.380161  0.203567  0.686512  0.609947  0.418780  0.533838  0.577996  0.607385  0.438255  0.354391  0.483198  0.582905  0.606758  0.598918  0.570676  0.550163  0.591191  0.638810  0.612566  0.615380  0.285308  0.560566  0.410282  0.509532  0.588175  0.483734  0.554764  0.517202  0.668012  0.478750  0.548329  0.612842  0.524590  0.534870  0.611769  0.489900  0.419757  0.653669  0.476955  0.455179  0.511375  0.274659  0.503428  0.319075  0.547260  0.543440  0.404174  0.590742  0.646365  0.549405  0.568336  0.648179  0.760972  0.498367  0.590655  0.526639  0.563302  0.454572  0.457549  0.726862  0.675999  0.622462  0.615748  0.483797  0.550613  0.126550  0.443618  0.676242  0.466404  0.560265  0.619870  0.516378  0.562688  0.582043  0.599257  0.510143  0.362134  0.512159  0.505272  0.629322  0.338399  0.653792  0.546066  0.507593  0.591982  0.422518 
8  0.571856  0.912347  0.850961  0.470656  0.428989  0.376131  0.557384  0.618745 0.0  0.455703  0.696647  0.515719  0.589210  0.704544  0.282059  0.634270  0.557694  0.479386  0.360641  0.457809  0.763730  0.552206  0.613780  0.801496  0.316393  0.558050  0.523676  0.628803  0.552296  0.499853  0.744871  0.709923  0.602351  0.635751  0.830665  0.759621  0.695205  0.649293  0.549582  0.798174  0.822295  0.275749  0.322446  0.453752  0.812865  0.235521  0.701402  0.384091  0.437875  0.669859  0.476746  0.728553  0.359359  0.551705  0.571662  0.478972  0.684015  0.436363  0.584128  0.611194  0.482715  0.642149  0.598460  0.653153  0.653387  0.321371  0.334226  0.704357  0.670645  0.521132  0.696250  0.673424  0.628755  0.431824  0.615150  0.499528  0.439231  0.550680  0.505912  0.793161  0.748229  0.552466  0.470628  0.712306  0.609698  0.659103  0.833943  0.574011  0.718895  0.561955  0.778926  0.716409  0.284247  0.862961  0.402102  0.494303  0.551873  0.742835  0.681240  0.668070  0.549115  0.531443  0.668418  0.588684  0.707231  0.632197  0.554695  0.709187  0.281284  0.733897  0.615783  0.585312  0.459319  0.368634  0.804117  0.638652  0.555527  0.419835  0.754681  0.798086  0.609200  0.499653  0.581832  0.786954  0.541630  0.626428  0.563393  0.432685  0.633079  0.759721  0.600379  0.618855  0.473903  0.387177  0.649456  0.606767  0.640641  0.641777  0.614963  0.572391  0.705010  0.843099  0.666699  0.595566  0.711550  0.685190 
9  0.583898  0.596310  0.577819  0.622965  0.373733  0.659479  0.450767  0.480628  0.455703 0.0  0.677805  0.534854  0.549073  0.626857  0.643463  0.442633  0.421111  0.537207  0.635817  0.567703  0.476373  0.603044  0.336806  0.590236  0.516390  0.568915  0.465308  0.579052  0.377103  0.519024  0.369768  0.691374  0.611772  0.508587  0.540199  0.459614  0.545863  0.509866  0.612462  0.693793  0.518248  0.742815  0.560581  0.582951  0.541585  0.535732  0.376425  0.523264  0.396127  0.557727  0.507883  0.588578  0.547508  0.578065  0.622211  0.404716  0.485323  0.585084  0.576897  0.620960  0.551314  0.594840  0.448300  0.524355  0.538960  0.554927  0.619311  0.517186  0.525348  0.467962  0.604959  0.597048  0.436702  0.561798  0.488548  0.666060  0.685366  0.542469  0.466166  0.604134  0.661004  0.623240  0.539574  0.591654  0.369828  0.359498  0.434850  0.452922  0.422555  0.503432  0.611247  0.515324  0.580072  0.504432  0.502764  0.533117  0.634801  0.547758  0.472257  0.517008  0.428700  0.576618  0.474922  0.418183  0.537563  0.469943  0.580279  0.373904  0.430257  0.533031  0.385421  0.474654  0.578642  0.319046  0.568568  0.514829  0.443510  0.637474  0.527290  0.525550  0.472824  0.465807  0.491258  0.473684  0.607678  0.609415  0.371838  0.530997  0.484232  0.618803  0.379440  0.602089  0.504277  0.414065  0.456820  0.607510  0.538421  0.512676  0.601159  0.497844  0.572702  0.570173  0.538061  0.536925  0.606316  0.479098 
10  0.675903  0.646390  0.643630  0.653997  0.520480  0.723960  0.605984  0.535705  0.696647  0.677805 0.0  0.588355  0.686570  0.678337  0.533888  0.584626  0.624408  0.557124  0.618063  0.490203  0.649858  0.528279  0.665557  0.658898  0.653444  0.687376  0.684694  0.687867  0.709936  0.569957  0.592995  0.574363  0.676646  0.697225  0.698088  0.631779  0.571179  0.741318  0.541491  0.635440  0.678052  0.570102  0.494309  0.629086  0.659093  0.667391  0.555502  0.488527  0.671040  0.634347  0.714957  0.624124  0.563866  0.493238  0.654698  0.621384  0.605575  0.631408  0.642610  0.657545  0.684021  0.669586  0.720356  0.612539  0.700260  0.637119  0.507450  0.597538  0.553812  0.597085  0.613008  0.496013  0.680224  0.599197  0.642401  0.579840  0.602543  0.651496  0.554963  0.575066  0.510551  0.624753  0.671805  0.691978  0.570713  0.506805  0.655140  0.645156  0.651585  0.626689  0.786816  0.561436  0.656505  0.578510  0.636745  0.708321  0.595354  0.614077  0.693126  0.666506  0.546763  0.619047  0.702738  0.716226  0.612694  0.636449  0.634595  0.572569  0.640403  0.567970  0.594185  0.516633  0.597232  0.585349  0.657526  0.554924  0.726622  0.551100  0.635728  0.707870  0.666556  0.628165  0.458490  0.632567  0.589079  0.513377  0.730757  0.561106  0.643720  0.692641  0.706180  0.722448  0.574707  0.583261  0.538081  0.724194  0.663341  0.569045  0.608749  0.724566  0.544210  0.582605  0.555608  0.658545  0.668721  0.625310 
11  0.655579  0.555443  0.584294  0.674867  0.527755  0.637799  0.628365  0.473746  0.515719  0.534854  0.588355 0.0  0.536050  0.613065  0.569113  0.499965  0.401851  0.339731  0.578864  0.498846  0.411193  0.643456  0.317138  0.302687  0.564715  0.462750  0.623211  0.537017  0.230367  0.519175  0.285818  0.678385  0.453005  0.413818  0.574308  0.306923  0.310220  0.480302  0.570691  0.619646  0.465908  0.694632  0.629971  0.480516  0.453043  0.584562  0.355758  0.678216  0.233768  0.376137  0.609204  0.470783  0.684378  0.490983  0.654262  0.487744  0.330878  0.644113  0.404250  0.625480  0.525101  0.406491  0.363512  0.522668  0.524143  0.583609  0.578906  0.465656  0.418208  0.461345  0.614933  0.621774  0.562135  0.619186  0.342599  0.587246  0.720228  0.527118  0.192063  0.516609  0.691438  0.575325  0.540959  0.462622  0.444361  0.458967  0.558485  0.380949  0.538722  0.458725  0.368789  0.475260  0.700602  0.467300  0.548227  0.602355  0.551873  0.565071  0.487272  0.474443  0.369932  0.465794  0.336236  0.531001  0.433383  0.544920  0.570591  0.540968  0.569466  0.324985  0.155688  0.510400  0.601995  0.342563  0.408486  0.463111  0.346318  0.715382  0.485678  0.543785  0.402145  0.537135  0.584386  0.433899  0.613548  0.417160  0.273235  0.615247  0.357668  0.401315  0.416693  0.501215  0.591252  0.327249  0.490386  0.646236  0.432041  0.438206  0.588766  0.308124  0.501355  0.490244  0.495535  0.345160  0.370358  0.472022 
12  0.617130  0.529661  0.599666  0.569865  0.629874  0.612715  0.571785  0.490911  0.589210  0.549073  0.686570  0.536050 0.0  0.671593  0.515910  0.674222  0.530333  0.616668  0.565736  0.631711  0.514500  0.548905  0.555296  0.554850  0.565487  0.629372  0.426616  0.507498  0.477825  0.714470  0.511477  0.580186  0.560486  0.525342  0.568667  0.530722  0.526089  0.470028  0.698882  0.636689  0.533979  0.638697  0.658330  0.608311  0.552234  0.627629  0.440942  0.441763  0.408227  0.490553  0.564929  0.530052  0.554421  0.584918  0.568256  0.527715  0.494867  0.556955  0.503798  0.671041  0.474267  0.552162  0.661186  0.563979  0.607508  0.654771  0.480528  0.599655  0.608687  0.543635  0.556748  0.688210  0.572030  0.627068  0.525682  0.511296  0.581422  0.683449  0.575160  0.692233  0.580503  0.540393  0.563658  0.544148  0.631036  0.558145  0.561690  0.572453  0.495406  0.526357  0.521235  0.617489  0.446085  0.685839  0.480276  0.490228  0.530930  0.504833  0.521893  0.551102  0.532044  0.534894  0.480553  0.473598  0.400403  0.525790  0.589701  0.645104  0.604285  0.666607  0.515723  0.627856  0.627789  0.650639  0.564548  0.638438  0.510080  0.575558  0.528866  0.538236  0.521492  0.677821  0.698018  0.403986  0.513274  0.588925  0.513183  0.658538  0.408431  0.560399  0.508566  0.590856  0.595163  0.580631  0.552502  0.642361  0.600846  0.546930  0.567100  0.560704  0.498563  0.573147  0.632873  0.576946  0.647966  0.596643 
13  0.684503  0.552277  0.715061  0.678934  0.748549  0.594852  0.581126  0.645560  0.704544  0.626857  0.678337  0.613065  0.671593 0.0  0.602781  0.579656  0.641635  0.657701  0.598500  0.691098  0.541623  0.572179  0.654301  0.775413  0.597256  0.622210  0.586137  0.599043  0.660798  0.741821  0.610364  0.657608  0.577062  0.630827  0.574999  0.642313  0.672180  0.670940  0.557684  0.590119  0.703596  0.641057  0.678068  0.731333  0.661510  0.633016  0.586851  0.632090  0.546872  0.605314  0.665936  0.582504  0.609566  0.595539  0.627684  0.651153  0.681346  0.768153  0.662915  0.608657  0.606856  0.583258  0.606384  0.593934  0.590749  0.570338  0.678109  0.577821  0.542404  0.650409  0.626934  0.653060  0.635281  0.763854  0.722115  0.601244  0.679679  0.650590  0.623951  0.617679  0.585662  0.691723  0.697590  0.584809  0.575354  0.645269  0.586829  0.627838  0.746138  0.530691  0.620398  0.626743  0.582703  0.701754  0.610193  0.537122  0.622835  0.602992  0.574808  0.502454  0.660519  0.550022  0.701654  0.696208  0.604182  0.647670  0.601072  0.582648  0.662520  0.637149  0.563154  0.743691  0.587526  0.624641  0.648598  0.617750  0.762093  0.671720  0.589182  0.652175  0.675400  0.671273  0.530299  0.617438  0.590202  0.519191  0.656231  0.636831  0.608865  0.720416  0.556959  0.649519  0.575292  0.683522  0.630419  0.574346  0.555324  0.574673  0.647190  0.604794  0.603812  0.782700  0.670923  0.636137  0.542483  0.574642 
14  0.428624  0.833013  0.861992  0.247284  0.619992  0.290611  0.522917  0.539709  0.282059  0.643463  0.533888  0.569113  0.515910  0.602781 0.0  0.669650  0.654959  0.649845  0.221681  0.399619  0.648669  0.612700  0.561623  0.579741  0.494001  0.573289  0.407150  0.656243  0.617424  0.780267  0.561519  0.508821  0.640839  0.673603  0.633139  0.560661  0.645035  0.709377  0.729274  0.554281  0.812618  0.299840  0.532259  0.506876  0.585349  0.476960  0.641664  0.353023  0.544289  0.676707  0.343472  0.580245  0.345603  0.529154  0.440843  0.498970  0.607314  0.371923  0.586305  0.683045  0.207583  0.594938  0.686131  0.758542  0.632218  0.381920  0.418649  0.661124  0.624835  0.596812  0.613615  0.552068  0.543464  0.375249  0.715042  0.414910  0.637680  0.549537  0.744648  0.680172  0.670503  0.465535  0.602468  0.762145  0.587529  0.625007  0.657852  0.672787  0.675538  0.512829  0.647429  0.658328  0.140084  0.713297  0.465704  0.370700  0.468622  0.716216  0.395730  0.493359  0.510120  0.475625  0.619526  0.690522  0.590297  0.548240  0.567292  0.674558  0.338304  0.647347  0.616206  0.680531  0.768629  0.372938  0.651352  0.379427  0.762616  0.349697  0.569069  0.794627  0.762219  0.595552  0.628148  0.572142  0.620398  0.538090  0.631451  0.517904  0.568900  0.693753  0.474357  0.588652  0.569222  0.536569  0.817321  0.503731  0.559173  0.593119  0.600687  0.643553  0.531705  0.612021  0.513561  0.457752  0.798106  0.478660 
15  0.720197  0.531585  0.520810  0.613454  0.553755  0.566833  0.594884  0.521827  0.634270  0.442633  0.584626  0.499965  0.674222  0.579656  0.669650 0.0  0.369845  0.541844  0.561302  0.572475  0.470751  0.520839  0.420792  0.467805  0.582957  0.538134  0.598846  0.606253  0.389451  0.651316  0.484523  0.502759  0.654174  0.432620  0.571757  0.369362  0.446392  0.468204  0.558455  0.587269  0.577749  0.661986  0.628984  0.698521  0.607514  0.687786  0.453200  0.629253  0.377317  0.526019  0.632376  0.368966  0.639435  0.623529  0.705684  0.562170  0.483378  0.617401  0.633810  0.604450  0.486545  0.530909  0.359784  0.475321  0.485944  0.662738  0.705318  0.425169  0.439078  0.551373  0.538123  0.592466  0.414851  0.661268  0.560210  0.562329  0.614468  0.678670  0.501392  0.521674  0.577923  0.624220  0.570991  0.494989  0.366750  0.462954  0.445173  0.477686  0.502545  0.574848  0.510241  0.574030  0.737004  0.407886  0.633564  0.637089  0.458746  0.538585  0.486404  0.481644  0.466865  0.587689  0.508622  0.521154  0.475999  0.734798  0.588372  0.623923  0.534644  0.533875  0.548242  0.468528  0.409874  0.449308  0.507100  0.591311  0.617875  0.643551  0.655190  0.678291  0.431446  0.543305  0.402085  0.357431  0.631565  0.705994  0.452742  0.570044  0.542750  0.490154  0.489233  0.617968  0.745719  0.351794  0.440069  0.454786  0.534200  0.566440  0.528025  0.498629  0.561299  0.544609  0.448703  0.535020  0.530148  0.490037 
16  0.532339  0.494717  0.531675  0.617310  0.391931  0.535851  0.539819  0.397143  0.557694  0.421111  0.624408  0.401851  0.530333  0.641635  0.654959  0.369845 0.0  0.426757  0.478051  0.538741  0.461866  0.529977  0.356725  0.570140  0.599444  0.504939  0.517324  0.556240  0.429234  0.565895  0.385467  0.501635  0.466532  0.516458  0.437450  0.421309  0.564812  0.468307  0.672879  0.598984  0.563390  0.649230  0.586274  0.531039  0.522182  0.564578  0.460701  0.474911  0.298288  0.338274  0.558974  0.551325  0.637672  0.544550  0.592674  0.554250  0.359856  0.546205  0.490897  0.631390  0.370255  0.485264  0.490144  0.579047  0.538169  0.603069  0.629026  0.399743  0.367912  0.400062  0.499030  0.704580  0.531355  0.638688  0.551524  0.654226  0.732929  0.583030  0.555225  0.531321  0.599558  0.555541  0.532230  0.428537  0.453424  0.379223  0.348553  0.475204  0.395630  0.368045  0.416371  0.570993  0.528319  0.405237  0.533967  0.394541  0.482393  0.522348  0.477093  0.535147  0.319867  0.505622  0.517452  0.421539  0.385190  0.585270  0.526784  0.489773  0.479631  0.519296  0.340734  0.488465  0.585481  0.332666  0.423593  0.478496  0.353776  0.458232  0.419006  0.504885  0.378295  0.369722  0.560956  0.192156  0.441209  0.403697  0.343094  0.681379  0.520445  0.548459  0.474807  0.547998  0.580958  0.428570  0.499239  0.535384  0.400427  0.498634  0.554802  0.511301  0.479105  0.601004  0.499907  0.546162  0.421764  0.396936 
17  0.645588  0.481789  0.651379  0.625336  0.425149  0.636223  0.633069  0.526696  0.479386  0.537207  0.557124  0.339731  0.616668  0.657701  0.649845  0.541844  0.426757 0.0  0.538375  0.551468  0.460076  0.587165  0.454326  0.526228  0.624136  0.544556  0.564081  0.423662  0.478345  0.497893  0.469998  0.654637  0.607210  0.543807  0.578746  0.406962  0.492017  0.437581  0.625288  0.678154  0.588156  0.660554  0.580058  0.574883  0.455813  0.653606  0.407457  0.634770  0.339231  0.442863  0.531526  0.543192  0.611164  0.592478  0.524807  0.495217  0.366063  0.670784  0.521092  0.651950  0.564403  0.577240  0.489748  0.460808  0.486318  0.704465  0.677962  0.405509  0.453042  0.628490  0.441312  0.665280  0.575246  0.592806  0.416971  0.576850  0.541406  0.644526  0.399250  0.671824  0.531006  0.624691  0.481523  0.454240  0.460404  0.475638  0.475717  0.461830  0.408578  0.434643  0.401594  0.516478  0.708511  0.522632  0.580891  0.552166  0.546015  0.517195  0.570455  0.622870  0.497852  0.482326  0.418555  0.471606  0.405225  0.499792  0.576796  0.445481  0.588514  0.539838  0.538055  0.529186  0.655253  0.459648  0.385591  0.433710  0.404185  0.585222  0.529362  0.511301  0.435180  0.500114  0.586263  0.526940  0.578672  0.548783  0.447865  0.509715  0.452421  0.469887  0.384005  0.395263  0.601001  0.451228  0.476820  0.582012  0.471512  0.538823  0.559483  0.499639  0.544262  0.539826  0.568871  0.429733  0.559476  0.467829 
18  0.443753  0.804082  0.744064  0.324774  0.602444  0.352272  0.439620  0.482763  0.360641  0.635817  0.618063  0.578864  0.565736  0.598500  0.221681  0.561302  0.478051  0.538375 0.0  0.478299  0.562131  0.535090  0.596317  0.740044  0.431523  0.435235  0.431588  0.599306  0.674448  0.663358  0.719185  0.616805  0.533249  0.638484  0.719489  0.442811  0.740573  0.567900  0.640080  0.735324  0.666841  0.345595  0.432598  0.468858  0.658267  0.460828  0.640836  0.246084  0.508113  0.577162  0.376943  0.665428  0.331425  0.511613  0.533683  0.467121  0.539258  0.330159  0.703606  0.615959  0.306749  0.523184  0.658597  0.644309  0.505871  0.355373  0.400114  0.681994  0.517790  0.465580  0.362163  0.716508  0.653069  0.500243  0.701453  0.472089  0.729013  0.686506  0.660972  0.790280  0.509897  0.482523  0.516532  0.637490  0.558612  0.607376  0.503610  0.625468  0.623183  0.486190  0.792082  0.631278  0.177691  0.517902  0.414998  0.488765  0.426254  0.720400  0.493268  0.488564  0.453902  0.448007  0.544141  0.470229  0.497317  0.444750  0.533256  0.680359  0.297815  0.682916  0.620735  0.604600  0.738056  0.590925  0.663013  0.581511  0.583834  0.353424  0.620003  0.743564  0.549947  0.642180  0.644720  0.581496  0.402150  0.396888  0.562557  0.559229  0.555117  0.728607  0.533972  0.601916  0.552746  0.596752  0.624925  0.576449  0.531257  0.591855  0.553798  0.709103  0.413154  0.647361  0.530034  0.535426  0.817758  0.596614 
19  0.550262  0.612591  0.751718  0.456026  0.439660  0.502576  0.525558  0.487721  0.457809  0.567703  0.490203  0.498846  0.631711  0.691098  0.399619  0.572475  0.538741  0.551468  0.478299 0.0  0.529424  0.684290  0.445995  0.624865  0.602387  0.623965  0.445562  0.450440  0.457769  0.526137  0.501942  0.556156  0.545496  0.596301  0.697902  0.581142  0.592329  0.479981  0.597477  0.674815  0.516054  0.521528  0.474746  0.482856  0.691954  0.523615  0.639870  0.482405  0.485250  0.515893  0.523936  0.607675  0.427201  0.534698  0.454788  0.537217  0.483089  0.641276  0.563557  0.601819  0.507011  0.642667  0.584244  0.622080  0.618465  0.537747  0.537221  0.667599  0.562059  0.613257  0.643341  0.507098  0.489354  0.548600  0.611811  0.515582  0.497858  0.552929  0.562977  0.617273  0.558887  0.589140  0.479925  0.642834  0.445158  0.662428  0.737771  0.588121  0.591441  0.611692  0.555000  0.686746  0.532019  0.561894  0.473274  0.496006  0.620202  0.580133  0.446648  0.481230  0.492486  0.469777  0.599730  0.581384  0.556796  0.541538  0.565277  0.502229  0.504845  0.621991  0.546882  0.499979  0.670086  0.509761  0.689343  0.478466  0.452295  0.523876  0.593530  0.562394  0.537495  0.506291  0.524530  0.573597  0.556775  0.648177  0.462762  0.486412  0.553099  0.663360  0.570997  0.523679  0.465359  0.472844  0.642843  0.647748  0.625261  0.549137  0.588642  0.627305  0.599210  0.716184  0.620508  0.589725  0.621688  0.573346 
20  0.770819  0.509504  0.521164  0.456616  0.519860  0.690051  0.448344  0.346591  0.763730  0.476373  0.649858  0.411193  0.514500  0.541623  0.648669  0.470751  0.461866  0.460076  0.562131  0.529424 0.0  0.587719  0.283147  0.488491  0.576891  0.449620  0.527709  0.543296  0.370529  0.543871  0.327483  0.630096  0.456771  0.583013  0.626085  0.334965  0.256593  0.402011  0.539949  0.656789  0.358396  0.706725  0.699399  0.540618  0.614431  0.537172  0.484345  0.613864  0.327939  0.458253  0.410628  0.455285  0.604599  0.513839  0.594176  0.520811  0.480330  0.649974  0.515829  0.550302  0.495264  0.390633  0.394577  0.474999  0.383631  0.715239  0.584361  0.527522  0.512285  0.508304  0.550676  0.655311  0.282710  0.609921  0.438548  0.551603  0.678802  0.604644  0.342582  0.630315  0.519131  0.513811  0.495305  0.400358  0.290173  0.483745  0.513687  0.346557  0.527079  0.440094  0.481794  0.471588  0.630089  0.472709  0.592065  0.683153  0.502621  0.367688  0.442459  0.530923  0.325527  0.424555  0.475198  0.442915  0.501187  0.544880  0.585981  0.507907  0.610955  0.431877  0.413488  0.551676  0.716250  0.531913  0.504157  0.449960  0.369250  0.552096  0.552583  0.542883  0.454582  0.518746  0.654207  0.419266  0.577878  0.479196  0.299606  0.529820  0.411056  0.457628  0.350728  0.453138  0.554924  0.473497  0.521691  0.609312  0.448651  0.455077  0.569801  0.460167  0.482759  0.567796  0.538022  0.389230  0.472822  0.434464 
21  0.652530  0.635247  0.647542  0.528411  0.588903  0.567065  0.538030  0.364641  0.552206  0.603044  0.528279  0.643456  0.548905  0.572179  0.612700  0.520839  0.529977  0.587165  0.535090  0.684290  0.587719 0.0  0.604713  0.496168  0.651185  0.630026  0.554307  0.476300  0.578177  0.604314  0.619172  0.769174  0.507824  0.617675  0.549588  0.459340  0.570211  0.597845  0.529470  0.558304  0.586593  0.563617  0.499095  0.582668  0.650768  0.596489  0.547014  0.645653  0.650021  0.436470  0.607670  0.624022  0.597463  0.507855  0.640059  0.579382  0.553419  0.664246  0.675021  0.545774  0.750789  0.658487  0.562869  0.610432  0.580445  0.614970  0.531659  0.528059  0.493129  0.532289  0.628813  0.707082  0.577375  0.588013  0.524857  0.615503  0.772118  0.710531  0.576553  0.571902  0.642442  0.582537  0.556045  0.518397  0.534412  0.492567  0.629986  0.569656  0.504607  0.602540  0.628485  0.542799  0.499987  0.474608  0.478223  0.572051  0.503005  0.608436  0.598738  0.543159  0.592045  0.543098  0.525635  0.626928  0.517791  0.457674  0.498381  0.556300  0.621252  0.648034  0.524890  0.621452  0.787589  0.512209  0.678264  0.574098  0.565344  0.517395  0.524220  0.542940  0.598940  0.705956  0.651218  0.463362  0.624078  0.564093  0.586634  0.546417  0.620064  0.550907  0.617651  0.645384  0.684935  0.545070  0.645743  0.636785  0.538489  0.735424  0.669030  0.544466  0.516067  0.584549  0.530400  0.693370  0.580042  0.622117 
22  0.635796  0.377533  0.514435  0.661752  0.538327  0.623384  0.495861  0.339354  0.613780  0.336806  0.665557  0.317138  0.555296  0.654301  0.561623  0.420792  0.356725  0.454326  0.596317  0.445995  0.283147  0.604713 0.0  0.457110  0.594516  0.414871  0.567855  0.434637  0.268848  0.616899  0.385228  0.568938  0.451536  0.408170  0.594567  0.377921  0.315714  0.374075  0.687171  0.616456  0.411040  0.581464  0.780299  0.475578  0.561950  0.535004  0.421397  0.614828  0.313947  0.328530  0.542503  0.385082  0.648040  0.530513  0.525747  0.566432  0.295995  0.543017  0.315441  0.394378  0.427309  0.445271  0.268661  0.437185  0.463369  0.564286  0.632602  0.419052  0.493826  0.439351  0.569344  0.630041  0.404562  0.631986  0.383316  0.591937  0.805426  0.606765  0.251978  0.501105  0.583803  0.695903  0.484093  0.416463  0.363435  0.480978  0.463871  0.450323  0.409550  0.456397  0.391957  0.511127  0.621458  0.569691  0.613382  0.474488  0.542992  0.525161  0.441503  0.385903  0.295020  0.504596  0.265370  0.376213  0.512666  0.482126  0.563279  0.447436  0.541001  0.584239  0.327364  0.497985  0.663619  0.448174  0.377375  0.537456  0.337975  0.553116  0.517573  0.527692  0.303309  0.606433  0.543880  0.405220  0.582679  0.449912  0.332106  0.617551  0.343428  0.404810  0.432301  0.304451  0.533645  0.362968  0.574269  0.524808  0.552517  0.477443  0.553259  0.350114  0.540999  0.580528  0.396574  0.426908  0.517246  0.315821 
23  0.772478  0.447003  0.468309  0.690062  0.516336  0.657176  0.633277  0.632726  0.801496  0.590236  0.658898  0.302687  0.554850  0.775413  0.579741  0.467805  0.570140  0.526228  0.740044  0.624865  0.488491  0.496168  0.457110 0.0  0.633203  0.654272  0.529561  0.615399  0.443136  0.521527  0.460693  0.783772  0.532738  0.290702  0.425830  0.396603  0.274185  0.447285  0.686745  0.551405  0.528551  0.753224  0.691920  0.703276  0.461502  0.694474  0.436699  0.791889  0.414121  0.559707  0.737353  0.515867  0.711683  0.664996  0.662069  0.603276  0.501307  0.899452  0.545651  0.558042  0.628756  0.558513  0.551267  0.526727  0.647209  0.576297  0.682977  0.377256  0.606235  0.614351  0.663227  0.677049  0.478990  0.816353  0.383241  0.652558  0.863550  0.624000  0.397634  0.348129  0.668225  0.706856  0.667131  0.587401  0.429701  0.315594  0.640752  0.514287  0.532601  0.496652  0.343382  0.577998  0.706235  0.406344  0.662497  0.629686  0.571962  0.471397  0.634427  0.531272  0.478768  0.615460  0.387833  0.500029  0.464579  0.622400  0.630380  0.552046  0.633747  0.355406  0.455313  0.541764  0.647652  0.502369  0.498589  0.739583  0.421677  0.762865  0.538133  0.471110  0.371574  0.582299  0.528645  0.431511  0.758387  0.514765  0.440268  0.707260  0.295132  0.304317  0.502526  0.551681  0.622956  0.419521  0.701536  0.709531  0.535296  0.642533  0.594435  0.615509  0.675709  0.587855  0.509002  0.517842  0.580811  0.212007 
24  0.639157  0.694834  0.758686  0.382291  0.585516  0.478864  0.581729  0.645201  0.316393  0.516390  0.653444  0.564715  0.565487  0.597256  0.494001  0.582957  0.599444  0.624136  0.431523  0.602387  0.576891  0.651185  0.594516  0.633203 0.0  0.598962  0.597812  0.490610  0.542763  0.550907  0.612163  0.560193  0.637187  0.608770  0.722592  0.660769  0.727012  0.643122  0.575279  0.591314  0.659527  0.461603  0.372247  0.414145  0.669028  0.359108  0.567958  0.333597  0.567096  0.497062  0.456339  0.671475  0.460808  0.486093  0.648892  0.385067  0.548142  0.485703  0.650641  0.649341  0.514396  0.618233  0.590348  0.519276  0.550115  0.386471  0.411259  0.628533  0.661046  0.454681  0.616890  0.557823  0.659251  0.337818  0.641260  0.497058  0.628969  0.482312  0.570446  0.669474  0.636786  0.645049  0.556607  0.704235  0.582625  0.630639  0.716265  0.629003  0.618939  0.605872  0.536835  0.712615  0.413168  0.765294  0.339035  0.564669  0.634519  0.725252  0.580964  0.649333  0.555423  0.594913  0.601982  0.563023  0.641411  0.542068  0.568997  0.646166  0.342406  0.656392  0.667678  0.507858  0.582476  0.585385  0.660886  0.734121  0.571559  0.334418  0.607919  0.688755  0.598752  0.626018  0.604810  0.634157  0.581060  0.553167  0.567956  0.498206  0.575960  0.607849  0.672353  0.565131  0.530806  0.470154  0.626665  0.476444  0.613883  0.704743  0.618836  0.573571  0.583190  0.558981  0.539090  0.626665  0.743413  0.687397 
25  0.611362  0.701005  0.634261  0.619187  0.660326  0.570646  0.601589  0.595276  0.558050  0.568915  0.687376  0.462750  0.629372  0.622210  0.573289  0.538134  0.504939  0.544556  0.435235  0.623965  0.449620  0.630026  0.414871  0.654272  0.598962 0.0  0.503438  0.524907  0.561721  0.669599  0.591349  0.612734  0.458222  0.607523  0.741223  0.563016  0.530717  0.621539  0.594899  0.731098  0.554384  0.590291  0.586873  0.536503  0.586622  0.519661  0.594977  0.623731  0.531312  0.506820  0.609488  0.478687  0.623092  0.543200  0.600414  0.602886  0.542933  0.593013  0.453456  0.602815  0.617115  0.661092  0.539076  0.561970  0.541442  0.574137  0.555482  0.599810  0.522524  0.565075  0.574064  0.646809  0.579890  0.628408  0.595713  0.514601  0.702085  0.648351  0.544430  0.628236  0.563097  0.654461  0.561328  0.554435  0.481555  0.612164  0.612543  0.412032  0.642159  0.638154  0.636406  0.590940  0.613838  0.593203  0.707799  0.535023  0.555695  0.579344  0.598014  0.592457  0.542242  0.653871  0.595261  0.465130  0.617255  0.485413  0.509598  0.641826  0.569150  0.611349  0.563147  0.696370  0.581313  0.641797  0.627899  0.586050  0.490199  0.669907  0.586947  0.667157  0.616302  0.681212  0.611589  0.489414  0.619642  0.615291  0.524472  0.639704  0.489784  0.647433  0.569737  0.499023  0.575571  0.512269  0.566023  0.615495  0.591629  0.680626  0.482896  0.614732  0.505348  0.639207  0.570022  0.624244  0.451679  0.490457 
26  0.427094  0.740251  0.843024  0.476386  0.580267  0.661453  0.495933  0.200945  0.523676  0.465308  0.684694  0.623211  0.426616  0.586137  0.407150  0.598846  0.517324  0.564081  0.431588  0.445562  0.527709  0.554307  0.567855  0.529561  0.597812  0.503438 0.0  0.578254  0.622845  0.618982  0.582495  0.585849  0.274717  0.615004  0.772380  0.354963  0.614662  0.605548  0.650749  0.633483  0.625251  0.500053  0.608357  0.542294  0.731517  0.603798  0.531650  0.443944  0.492365  0.554952  0.443776  0.689684  0.488443  0.320088  0.548475  0.388153  0.489341  0.412596  0.638101  0.470320  0.337093  0.363916  0.715803  0.699840  0.433703  0.675705  0.600357  0.698526  0.538048  0.406154  0.464251  0.636807  0.634102  0.448482  0.629027  0.557991  0.648679  0.681266  0.579719  0.719321  0.342129  0.510063  0.368737  0.570866  0.537240  0.638583  0.436656  0.563612  0.528732  0.501676  0.647983  0.637613  0.468317  0.608531  0.532355  0.548298  0.515201  0.664984  0.482605  0.528497  0.479985  0.289819  0.541526  0.367853  0.462388  0.545331  0.488908  0.576294  0.597394  0.747693  0.559728  0.626353  0.800913  0.561601  0.650726  0.390271  0.507344  0.553912  0.496546  0.722712  0.694655  0.749358  0.675291  0.664006  0.503952  0.319376  0.627412  0.530538  0.493209  0.593815  0.562615  0.508348  0.533256  0.564293  0.686638  0.538302  0.466012  0.535291  0.635955  0.677622  0.297492  0.612572  0.534039  0.619066  0.708081  0.528562 
