146
0 0.0  0.786333  0.753962  0.453973  0.561432  0.459896  0.500831  0.463016  0.534346  0.570621  0.651199  0.598289  0.481270  0.597259  0.497935  0.750005  0.611256  0.656287  0.419339  0.460794  0.513731  0.566433  0.527102  0.759891  0.545858  0.555287  0.529816  0.570285  0.627415  0.739547  0.691102  0.532120  0.541245  0.599169  0.761507  0.586279  0.734797  0.747432  0.591204  0.632772  0.664670  0.500185  0.523468  0.538343  0.803719  0.562774  0.664021  0.493441  0.520344  0.566546  0.644050  0.610120  0.412075  0.617685  0.449347  0.471242  0.675321  0.445402  0.548132  0.716927  0.472744  0.504077  0.629862  0.641338  0.607572  0.445495  0.536310  0.771169  0.606871  0.473014  0.524786  0.596169  0.662407  0.454480  0.778105  0.503551  0.581304  0.553714  0.618657  0.783530  0.487428  0.396424  0.611146  0.497055  0.558228  0.591372  0.654221  0.506936  0.598362  0.503094  0.680347  0.774740  0.463323  0.694895  0.431691  0.404854  0.419337  0.732497  0.584557  0.438301  0.487510  0.528583  0.580168  0.616611  0.662705  0.466910  0.459985  0.672411  0.515008  0.664720  0.693605  0.769899  0.671843  0.469218  0.647156  0.451799  0.693824  0.395715  0.551327  0.736892  0.676607  0.605425  0.686804  0.623561  0.424790  0.515975  0.643702  0.481582  0.594939  0.727704  0.555731  0.467008  0.460451  0.538876  0.728055  0.573367  0.609132  0.544338  0.498825  0.584145  0.428451  0.633068  0.549182  0.521856  0.698455  0.600817 
1  0.786333 0.0  0.481664  0.785738  0.653057  0.618714  0.688406  0.701425  0.867094  0.535744  0.653185  0.544253  0.511761  0.539928  0.704885  0.535856  0.550523  0.601963  0.741853  0.706436  0.589986  0.594309  0.473406  0.414272  0.697504  0.649892  0.730354  0.654447  0.509872  0.732123  0.415441  0.641720  0.469358  0.480539  0.519811  0.422095  0.449790  0.477252  0.608641  0.540626  0.584165  0.947847  0.891135  0.645243  0.508298  0.705447  0.398778  0.762890  0.587567  0.571484  0.700091  0.535881  0.896609  0.679031  0.666391  0.625358  0.611522  0.770258  0.526172  0.654662  0.809809  0.632038  0.552713  0.624613  0.642881  0.713476  0.712039  0.361107  0.647631  0.716738  0.727165  0.677652  0.463636  0.700119  0.424094  0.736049  0.794314  0.735568  0.473629  0.371091  0.753984  0.659896  0.727619  0.453992  0.474756  0.541205  0.645957  0.608068  0.558692  0.589780  0.533027  0.529835  0.736662  0.536209  0.847287  0.707954  0.695659  0.466086  0.634372  0.545671  0.568470  0.667324  0.581797  0.619159  0.598834  0.717455  0.628428  0.594582  0.705294  0.511272  0.452669  0.535993  0.702219  0.610248  0.439312  0.823895  0.595468  0.829210  0.545091  0.507647  0.492871  0.690436  0.596732  0.461784  0.817097  0.539012  0.516119  0.741725  0.500001  0.474619  0.609953  0.551114  0.736756  0.699968  0.746648  0.604650  0.599226  0.614860  0.621293  0.591704  0.702270  0.703599  0.522743  0.627032  0.532143  0.477692 
2  0.753962  0.481664 0.0  0.761690  0.645496  0.666623  0.657382  0.706572  0.624163  0.616971  0.581987  0.540882  0.713572  0.546045  0.763140  0.474415  0.517367  0.479750  0.618607  0.613236  0.568199  0.553247  0.544530  0.421337  0.717391  0.590624  0.703355  0.686464  0.644411  0.563874  0.522495  0.650777  0.582963  0.474023  0.433018  0.572763  0.494687  0.582218  0.667645  0.584504  0.615016  0.694342  0.777950  0.759391  0.326789  0.645822  0.550852  0.702142  0.597146  0.626167  0.636266  0.551167  0.754744  0.769683  0.706563  0.733005  0.618961  0.815879  0.659839  0.639038  0.766178  0.786157  0.702363  0.629498  0.619524  0.713338  0.728731  0.410742  0.576701  0.735288  0.650082  0.800761  0.543716  0.712096  0.559806  0.740345  0.898903  0.772514  0.479007  0.425978  0.728818  0.754424  0.679773  0.630870  0.469453  0.514563  0.697511  0.577036  0.660020  0.665634  0.530602  0.458264  0.842850  0.613620  0.658829  0.731566  0.670681  0.473337  0.680226  0.776984  0.518639  0.672286  0.549845  0.778620  0.525950  0.821123  0.706239  0.505976  0.722274  0.531610  0.459798  0.666556  0.629285  0.660115  0.520117  0.675739  0.631474  0.875416  0.651569  0.370485  0.578422  0.613402  0.619038  0.379688  0.702077  0.623921  0.554993  0.593041  0.506239  0.526014  0.634222  0.617961  0.487781  0.598508  0.637384  0.663606  0.632079  0.678388  0.621042  0.576157  0.741610  0.656340  0.610267  0.643915  0.512779  0.567520 
3  0.453973  0.785738  0.761690 0.0  0.585879  0.492635  0.501022  0.443272  0.444627  0.516995  0.577145  0.596342  0.649985  0.525869  0.326260  0.632206  0.496429  0.606452  0.259764  0.483296  0.424314  0.561689  0.593673  0.795371  0.449920  0.488351  0.497187  0.574939  0.595174  0.588420  0.597563  0.657355  0.500891  0.505488  0.805565  0.460996  0.660791  0.676344  0.742303  0.709339  0.705316  0.354206  0.402415  0.373970  0.630298  0.446016  0.482439  0.410640  0.446069  0.590154  0.320087  0.598726  0.301276  0.454450  0.503544  0.447960  0.530677  0.293234  0.755435  0.536716  0.253616  0.576645  0.614670  0.591886  0.577200  0.366012  0.433259  0.642271  0.509175  0.541438  0.512779  0.659634  0.489287  0.408306  0.707645  0.382057  0.693795  0.742665  0.588009  0.647144  0.523094  0.419997  0.477081  0.659454  0.508546  0.591425  0.637627  0.561876  0.650682  0.468470  0.681127  0.754492  0.342714  0.661067  0.310500  0.557208  0.432606  0.718365  0.436450  0.563062  0.619631  0.509450  0.671224  0.538052  0.390114  0.519339  0.451621  0.704704  0.367576  0.596965  0.638422  0.623318  0.810115  0.586829  0.580180  0.501024  0.706809  0.293079  0.526132  0.689316  0.620776  0.548835  0.616812  0.685267  0.505485  0.491366  0.589344  0.595731  0.572573  0.778594  0.588288  0.453878  0.569243  0.509336  0.643295  0.520164  0.630793  0.504506  0.650244  0.576478  0.447225  0.733324  0.517788  0.488362  0.639196  0.441181 
4  0.561432  0.653057  0.645496  0.585879 0.0  0.598892  0.590211  0.662595  0.513355  0.521409  0.581197  0.528949  0.580525  0.554435  0.592931  0.540105  0.497772  0.408361  0.557049  0.442236  0.568458  0.596293  0.479151  0.490067  0.548319  0.539413  0.625623  0.523521  0.586010  0.474932  0.486748  0.462238  0.562869  0.593946  0.550464  0.602317  0.571304  0.582058  0.432425  0.746444  0.574787  0.532108  0.400195  0.471998  0.677239  0.648149  0.625033  0.526372  0.362894  0.581594  0.538901  0.462537  0.494635  0.464608  0.449202  0.578966  0.658505  0.537410  0.598370  0.536830  0.632327  0.677996  0.607713  0.434878  0.708637  0.540887  0.671733  0.526047  0.524260  0.629755  0.434465  0.520059  0.433798  0.552224  0.424119  0.473117  0.562119  0.545446  0.576586  0.712336  0.526513  0.622776  0.501044  0.651829  0.486453  0.562750  0.562124  0.475581  0.477620  0.481901  0.581583  0.621972  0.590289  0.533862  0.560756  0.433395  0.541081  0.675876  0.552143  0.619630  0.542116  0.558810  0.557125  0.508067  0.577732  0.460539  0.603243  0.613220  0.458224  0.614196  0.615197  0.493723  0.543835  0.379714  0.562904  0.439360  0.551681  0.484980  0.569776  0.557067  0.544299  0.406257  0.342063  0.458157  0.477230  0.703353  0.558827  0.457751  0.522197  0.542198  0.436635  0.626364  0.533709  0.432201  0.493699  0.574088  0.669140  0.622700  0.556660  0.505793  0.553554  0.408669  0.565999  0.588000  0.666585  0.546321 
5  0.459896  0.618714  0.666623  0.492635  0.598892 0.0  0.535390  0.698656  0.390817  0.583483  0.645328  0.589255  0.516156  0.627670  0.379865  0.688772  0.702225  0.545032  0.402553  0.531173  0.718933  0.667296  0.577654  0.719042  0.412366  0.591641  0.629775  0.682653  0.786945  0.676982  0.711051  0.612230  0.686018  0.753508  0.693250  0.689296  0.588427  0.591787  0.661566  0.571693  0.696895  0.466300  0.462837  0.399823  0.603976  0.477551  0.779424  0.384025  0.593892  0.656797  0.544106  0.696962  0.439581  0.632972  0.527040  0.496490  0.779409  0.505152  0.605296  0.744685  0.435134  0.636153  0.606822  0.687233  0.718486  0.407387  0.445732  0.711722  0.665360  0.559834  0.762512  0.536575  0.557806  0.388582  0.718716  0.428278  0.624450  0.562867  0.687523  0.742944  0.746296  0.492188  0.667938  0.732991  0.673146  0.621590  0.556903  0.603868  0.630823  0.670112  0.698331  0.656363  0.331893  0.685420  0.417293  0.405107  0.788875  0.659896  0.555239  0.725673  0.597080  0.644410  0.642931  0.544886  0.736293  0.715749  0.557416  0.761727  0.286816  0.817803  0.660679  0.513282  0.560677  0.506855  0.632239  0.581032  0.588591  0.388015  0.772779  0.676899  0.513261  0.563474  0.568892  0.631495  0.632559  0.512910  0.758518  0.577773  0.517031  0.657333  0.663394  0.638973  0.551306  0.519691  0.659185  0.558849  0.711615  0.594234  0.578715  0.673457  0.618709  0.711310  0.578024  0.665616  0.700024  0.688592 
6  0.500831  0.688406  0.657382  0.501022  0.590211  0.535390 0.0  0.489899  0.571940  0.498385  0.593474  0.521884  0.554835  0.573696  0.464179  0.594957  0.559197  0.631802  0.524762  0.525771  0.514740  0.537485  0.509474  0.621743  0.554413  0.516925  0.502842  0.490767  0.545335  0.627087  0.538993  0.601477  0.488338  0.652327  0.682488  0.500092  0.567092  0.617944  0.651751  0.614197  0.640857  0.595759  0.550510  0.582094  0.605360  0.527320  0.644222  0.476772  0.402247  0.538809  0.408037  0.565722  0.500983  0.485111  0.504793  0.537660  0.611954  0.536986  0.561375  0.628048  0.537172  0.551056  0.515350  0.604063  0.585355  0.526342  0.513103  0.610814  0.586937  0.498387  0.551135  0.643407  0.539083  0.515588  0.636566  0.563588  0.494401  0.592936  0.556895  0.577530  0.493447  0.608855  0.569078  0.527944  0.521275  0.544466  0.600587  0.508241  0.498978  0.525993  0.604547  0.560327  0.515202  0.661680  0.594201  0.502505  0.547752  0.575741  0.565245  0.481000  0.543582  0.469286  0.515601  0.494507  0.503729  0.485745  0.496895  0.510799  0.431082  0.581630  0.497829  0.491574  0.654473  0.446020  0.679494  0.516975  0.451079  0.549573  0.584651  0.646471  0.620861  0.496727  0.583525  0.473978  0.627988  0.548921  0.549891  0.516446  0.555060  0.649980  0.520612  0.666314  0.444309  0.450483  0.503874  0.514501  0.578082  0.531732  0.552427  0.574948  0.610873  0.589934  0.536687  0.616332  0.523375  0.462299 
7  0.463016  0.701425  0.706572  0.443272  0.662595  0.698656  0.489899 0.0  0.594604  0.489562  0.668766  0.451393  0.507361  0.646409  0.576548  0.445226  0.375118  0.505445  0.471066  0.507090  0.382832  0.475380  0.353130  0.583706  0.557156  0.552755  0.248309  0.560929  0.410805  0.572742  0.476823  0.543285  0.264455  0.463024  0.728718  0.373271  0.491022  0.547555  0.685739  0.539354  0.558883  0.533755  0.573573  0.511309  0.636292  0.629546  0.468154  0.506802  0.447260  0.396637  0.459085  0.478481  0.479849  0.319072  0.641180  0.407700  0.457289  0.492131  0.537497  0.441612  0.382351  0.290072  0.535996  0.567312  0.471353  0.567551  0.645780  0.576064  0.505186  0.381284  0.495484  0.626561  0.608664  0.548937  0.630767  0.457593  0.613162  0.604482  0.504728  0.580574  0.359339  0.585128  0.542207  0.550973  0.499601  0.527857  0.476071  0.528174  0.685837  0.403749  0.512624  0.643165  0.460212  0.647238  0.477777  0.523314  0.508011  0.637540  0.463253  0.424695  0.489325  0.266068  0.521896  0.258160  0.525012  0.529154  0.397186  0.577583  0.451464  0.547750  0.512491  0.596470  0.836012  0.589063  0.504506  0.447227  0.517958  0.470345  0.477190  0.699216  0.654141  0.563183  0.687693  0.531316  0.493880  0.232440  0.482735  0.524219  0.514396  0.473422  0.476106  0.445515  0.581240  0.498824  0.667040  0.482918  0.462960  0.532885  0.525450  0.582989  0.353533  0.620572  0.416817  0.397970  0.549923  0.395212 
8  0.534346  0.867094  0.624163  0.444627  0.513355  0.390817  0.571940  0.594604 0.0  0.463042  0.657595  0.470474  0.575876  0.675528  0.309182  0.678955  0.535860  0.505538  0.370515  0.445627  0.627101  0.586120  0.604488  0.643147  0.372975  0.618549  0.559969  0.521548  0.544936  0.524005  0.636471  0.694071  0.633151  0.685000  0.715360  0.623727  0.781543  0.709605  0.720314  0.627648  0.821535  0.398327  0.312500  0.432873  0.761385  0.320162  0.720988  0.360375  0.458499  0.701899  0.410222  0.691273  0.369686  0.491490  0.536003  0.562529  0.551385  0.450202  0.559781  0.682471  0.393176  0.692440  0.559566  0.685621  0.635816  0.368265  0.380006  0.731162  0.619306  0.587495  0.733411  0.633798  0.609545  0.381161  0.623444  0.457859  0.625386  0.478475  0.552299  0.705394  0.736473  0.574267  0.604133  0.575707  0.539865  0.686651  0.807959  0.581809  0.661770  0.522112  0.793886  0.697821  0.287154  0.734960  0.290321  0.422413  0.640566  0.785162  0.615922  0.671019  0.606270  0.569960  0.597827  0.537332  0.787933  0.564191  0.571675  0.633891  0.240407  0.703348  0.642191  0.487180  0.612796  0.466454  0.698096  0.519251  0.564749  0.430713  0.708541  0.692087  0.638163  0.576824  0.605302  0.468975  0.613663  0.618124  0.596516  0.487048  0.632768  0.751380  0.596392  0.524347  0.497031  0.367325  0.680028  0.570169  0.723736  0.588798  0.558388  0.608485  0.609865  0.681033  0.659245  0.599638  0.709897  0.623760 
9  0.570621  0.535744  0.616971  0.516995  0.521409  0.583483  0.498385  0.489562  0.463042 0.0  0.632936  0.397933  0.472062  0.662627  0.613297  0.504344  0.307243  0.444520  0.591060  0.512763  0.497258  0.538651  0.345762  0.591429  0.593356  0.600614  0.522191  0.578276  0.423776  0.463884  0.336258  0.606435  0.470091  0.492990  0.546360  0.443263  0.463615  0.532353  0.555992  0.672804  0.560817  0.622888  0.625571  0.458376  0.404221  0.443381  0.532719  0.552094  0.345012  0.367908  0.536455  0.503765  0.537545  0.569206  0.572758  0.462482  0.446689  0.651630  0.502825  0.583428  0.534429  0.523793  0.440001  0.528116  0.446187  0.680135  0.609269  0.584525  0.384112  0.486699  0.592386  0.585287  0.562398  0.586539  0.531241  0.517452  0.746162  0.551040  0.499038  0.515609  0.674081  0.590046  0.461617  0.498031  0.475944  0.386159  0.574498  0.364874  0.429237  0.537330  0.495840  0.515740  0.603227  0.443884  0.547353  0.538911  0.469780  0.589833  0.493774  0.568053  0.480208  0.520755  0.543159  0.484965  0.451872  0.527470  0.601573  0.392537  0.437196  0.493865  0.363788  0.544927  0.430845  0.344495  0.469719  0.575802  0.404233  0.624885  0.440382  0.707265  0.455296  0.486290  0.459716  0.450469  0.614218  0.549880  0.429954  0.536226  0.468783  0.618849  0.455373  0.602471  0.521099  0.428270  0.481342  0.579738  0.498264  0.527475  0.652777  0.472883  0.581115  0.515011  0.515518  0.502210  0.577101  0.490804 
10  0.651199  0.653185  0.581987  0.577145  0.581197  0.645328  0.593474  0.668766  0.657595  0.632936 0.0  0.660115  0.616201  0.689122  0.555790  0.539441  0.612942  0.575402  0.679313  0.549238  0.641157  0.627903  0.589653  0.616683  0.659986  0.666131  0.652000  0.614290  0.653733  0.498047  0.600882  0.503295  0.565461  0.646285  0.612355  0.563335  0.562040  0.687793  0.560300  0.599689  0.655429  0.574332  0.426445  0.598095  0.631128  0.601906  0.607933  0.621466  0.613677  0.503644  0.716511  0.619074  0.584241  0.507751  0.542434  0.587908  0.627741  0.611228  0.656741  0.665261  0.663679  0.594087  0.581430  0.652245  0.549477  0.624429  0.575249  0.616214  0.512725  0.611604  0.588219  0.580881  0.603063  0.467377  0.611764  0.476975  0.613939  0.554645  0.578582  0.670153  0.571648  0.447355  0.670395  0.653190  0.559246  0.593071  0.635017  0.630338  0.568588  0.570835  0.739485  0.640775  0.677620  0.570454  0.679176  0.607211  0.501248  0.702686  0.691632  0.536803  0.517902  0.613191  0.569610  0.657778  0.588940  0.609026  0.636081  0.565716  0.598871  0.667651  0.546420  0.546434  0.534445  0.566878  0.497876  0.670050  0.666726  0.500760  0.568935  0.660420  0.685720  0.517440  0.597599  0.533983  0.576681  0.588596  0.549576  0.623064  0.735322  0.676394  0.629993  0.641116  0.578502  0.663293  0.703558  0.614528  0.638820  0.526972  0.562810  0.491313  0.649624  0.637445  0.655564  0.594482  0.641194  0.511676 
11  0.598289  0.544253  0.540882  0.596342  0.528949  0.589255  0.521884  0.451393  0.470474  0.397933  0.660115 0.0  0.539332  0.609141  0.636554  0.469015  0.403593  0.382112  0.710786  0.560723  0.317703  0.674801  0.307718  0.387288  0.559075  0.499975  0.529918  0.488925  0.218151  0.468628  0.311507  0.623421  0.445585  0.345644  0.590149  0.354043  0.322157  0.408585  0.688618  0.610448  0.426092  0.749231  0.636931  0.485368  0.550400  0.556028  0.352179  0.621231  0.270582  0.427277  0.561590  0.342425  0.524004  0.471231  0.516066  0.579867  0.380827  0.610914  0.376889  0.668605  0.537101  0.393800  0.348111  0.519483  0.475311  0.729827  0.515744  0.435544  0.399679  0.451141  0.594379  0.649065  0.429210  0.522218  0.397410  0.676571  0.598702  0.512685  0.270246  0.457485  0.553231  0.533749  0.592157  0.443354  0.442150  0.369992  0.536992  0.393707  0.468948  0.338158  0.360009  0.449258  0.598938  0.459693  0.602779  0.628746  0.466257  0.514500  0.507226  0.529060  0.326942  0.481335  0.369084  0.419490  0.364278  0.553429  0.451588  0.442433  0.502334  0.410246  0.268325  0.540444  0.538745  0.364915  0.423082  0.547400  0.322789  0.623515  0.479756  0.520164  0.457891  0.435353  0.571808  0.403125  0.575049  0.475334  0.196087  0.514010  0.388589  0.385884  0.363119  0.390497  0.506628  0.324226  0.568351  0.554044  0.384233  0.355068  0.540938  0.337067  0.422121  0.629642  0.501454  0.298513  0.399209  0.340016 
12  0.481270  0.511761  0.713572  0.649985  0.580525  0.516156  0.554835  0.507361  0.575876  0.472062  0.616201  0.539332 0.0  0.623209  0.529014  0.557056  0.486006  0.501247  0.420226  0.575359  0.507315  0.661513  0.594113  0.563314  0.605343  0.545238  0.446599  0.488846  0.530075  0.729079  0.461700  0.555687  0.528961  0.539317  0.435075  0.534045  0.568116  0.506962  0.671133  0.693273  0.471777  0.533219  0.583221  0.500019  0.568454  0.412936  0.568799  0.512007  0.594187  0.469806  0.557848  0.514375  0.599549  0.488566  0.636942  0.443774  0.505414  0.596793  0.474897  0.628775  0.454018  0.477167  0.494616  0.524005  0.536847  0.628864  0.492742  0.611644  0.474188  0.432510  0.603597  0.664050  0.522709  0.530696  0.565765  0.628939  0.723393  0.674712  0.593183  0.492107  0.588283  0.511350  0.584675  0.501910  0.633397  0.448016  0.574608  0.482438  0.500660  0.585573  0.536296  0.597976  0.526238  0.548480  0.495294  0.538658  0.563100  0.566638  0.566962  0.560218  0.514602  0.500442  0.463091  0.434945  0.464901  0.460467  0.540545  0.576146  0.560027  0.615635  0.521972  0.644766  0.529632  0.536181  0.548126  0.541111  0.511650  0.562615  0.504251  0.619845  0.536856  0.650336  0.728063  0.408643  0.539003  0.484446  0.541099  0.608786  0.533533  0.597989  0.528660  0.537477  0.529550  0.499153  0.464144  0.561944  0.530867  0.533063  0.505980  0.553818  0.516823  0.591714  0.465826  0.583950  0.614581  0.544844 
13  0.597259  0.539928  0.546045  0.525869  0.554435  0.627670  0.573696  0.646409  0.675528  0.662627  0.689122  0.609141  0.623209 0.0  0.540041  0.649337  0.575708  0.710404  0.670689  0.688812  0.618084  0.529496  0.667063  0.665920  0.647248  0.633833  0.581937  0.699479  0.598769  0.646786  0.612381  0.561820  0.521654  0.476515  0.641649  0.669772  0.659700  0.561333  0.647243  0.553554  0.634820  0.640130  0.617233  0.682738  0.582998  0.634479  0.666689  0.600370  0.675667  0.618548  0.629775  0.673458  0.560551  0.664128  0.480016  0.601064  0.564065  0.649370  0.638728  0.555470  0.468443  0.643876  0.636312  0.594697  0.537733  0.524813  0.793850  0.581528  0.569673  0.691060  0.660907  0.606834  0.586134  0.633203  0.696910  0.509533  0.706867  0.720159  0.632071  0.598390  0.521742  0.653134  0.614971  0.584541  0.564662  0.672597  0.586435  0.647225  0.683845  0.512509  0.775628  0.658596  0.550947  0.604423  0.652811  0.660648  0.580759  0.672617  0.575308  0.545168  0.590755  0.631975  0.617870  0.615904  0.527003  0.577855  0.597622  0.527546  0.587357  0.578554  0.584180  0.638704  0.677776  0.644319  0.668190  0.537808  0.587787  0.605393  0.564092  0.635512  0.584981  0.640121  0.576341  0.671906  0.478954  0.574831  0.573007  0.561205  0.669207  0.767293  0.529285  0.572895  0.599906  0.602680  0.796000  0.598859  0.505954  0.525267  0.587413  0.574143  0.512763  0.667280  0.647408  0.672692  0.550979  0.637918 
14  0.497935  0.704885  0.763140  0.326260  0.592931  0.379865  0.464179  0.576548  0.309182  0.613297  0.555790  0.636554  0.529014  0.540041 0.0  0.578193  0.577910  0.697239  0.333190  0.535419  0.637795  0.609921  0.509579  0.715623  0.409078  0.577691  0.409779  0.587161  0.663364  0.654811  0.584715  0.526634  0.522291  0.597745  0.622189  0.527377  0.713957  0.756702  0.574358  0.680012  0.894311  0.373188  0.426523  0.390363  0.696973  0.462831  0.836965  0.325618  0.515798  0.669968  0.393892  0.556529  0.345682  0.488433  0.436218  0.499301  0.454635  0.320669  0.640426  0.627060  0.265954  0.542035  0.673565  0.665339  0.621483  0.317658  0.484789  0.645029  0.587117  0.592945  0.610611  0.563105  0.507227  0.428853  0.606964  0.360063  0.690886  0.543851  0.664324  0.618300  0.622458  0.536512  0.575303  0.621736  0.482891  0.507611  0.652658  0.580267  0.795590  0.538449  0.691770  0.689761  0.260028  0.701737  0.327855  0.318649  0.512114  0.693546  0.450621  0.500735  0.600148  0.420146  0.650232  0.536396  0.507144  0.461731  0.502194  0.813852  0.307193  0.644415  0.568182  0.560296  0.756551  0.555258  0.763490  0.544305  0.695777  0.346851  0.603596  0.739542  0.585236  0.567319  0.494071  0.487710  0.621278  0.493273  0.680419  0.520161  0.649853  0.744489  0.575535  0.567682  0.545724  0.514856  0.634624  0.475716  0.626425  0.537443  0.540497  0.712594  0.481032  0.694528  0.515519  0.540675  0.766031  0.545664 
15  0.750005  0.535856  0.474415  0.632206  0.540105  0.688772  0.594957  0.445226  0.678955  0.504344  0.539441  0.469015  0.557056  0.649337  0.578193 0.0  0.410181  0.564684  0.601338  0.597947  0.434296  0.517406  0.363923  0.490910  0.623984  0.585698  0.581625  0.571798  0.379976  0.614878  0.505185  0.480966  0.607071  0.491521  0.529009  0.494199  0.490413  0.578066  0.504410  0.471964  0.623979  0.627431  0.742911  0.590234  0.536449  0.689336  0.392541  0.549198  0.383526  0.482601  0.683484  0.380319  0.712952  0.536313  0.601724  0.514734  0.522916  0.644604  0.697334  0.638721  0.536587  0.525166  0.456301  0.556827  0.511532  0.724126  0.671105  0.415314  0.380849  0.573169  0.577688  0.652999  0.494149  0.646261  0.449145  0.606244  0.669096  0.654738  0.499796  0.396100  0.586831  0.612265  0.441564  0.465650  0.391913  0.470906  0.555608  0.426045  0.555888  0.484194  0.514233  0.538569  0.722617  0.351367  0.522685  0.603244  0.506162  0.506747  0.419783  0.569475  0.424717  0.526875  0.569990  0.540619  0.466419  0.506448  0.592471  0.603937  0.552218  0.517663  0.476138  0.555981  0.536446  0.413581  0.519842  0.545863  0.542604  0.615108  0.587917  0.529209  0.458615  0.515929  0.431150  0.391011  0.577097  0.647921  0.428255  0.595853  0.510153  0.632190  0.393727  0.570764  0.513773  0.430056  0.480648  0.607310  0.508069  0.527685  0.563888  0.542593  0.574087  0.475730  0.459854  0.525378  0.603214  0.429515 
16  0.611256  0.550523  0.517367  0.496429  0.497772  0.702225  0.559197  0.375118  0.535860  0.307243  0.612942  0.403593  0.486006  0.575708  0.577910  0.410181 0.0  0.393163  0.489717  0.573937  0.431315  0.563809  0.311965  0.546142  0.669767  0.492016  0.466015  0.465520  0.312630  0.540008  0.332811  0.523024  0.427693  0.398518  0.588266  0.381040  0.465598  0.521073  0.676844  0.692993  0.410188  0.623586  0.547313  0.510300  0.452666  0.531501  0.435709  0.520437  0.300424  0.303575  0.539207  0.504806  0.464833  0.489813  0.614722  0.476299  0.380321  0.496835  0.548933  0.561906  0.416070  0.478459  0.499220  0.510035  0.419127  0.532067  0.661622  0.458201  0.396652  0.465507  0.488213  0.629067  0.423542  0.694227  0.524135  0.569752  0.601010  0.524092  0.427932  0.490892  0.607888  0.607671  0.600437  0.344734  0.430732  0.342248  0.430607  0.415067  0.342780  0.406274  0.430223  0.506325  0.554922  0.389210  0.582057  0.507050  0.440216  0.415958  0.419826  0.469315  0.357479  0.517115  0.522685  0.585730  0.399588  0.441538  0.533744  0.438799  0.494989  0.548787  0.435710  0.499106  0.563624  0.377534  0.445024  0.400135  0.364147  0.545052  0.493928  0.470060  0.348290  0.435602  0.451327  0.342107  0.576578  0.439542  0.379035  0.513708  0.379394  0.541382  0.485622  0.505466  0.553666  0.420887  0.533156  0.581151  0.409298  0.404128  0.444001  0.435438  0.525628  0.528339  0.448249  0.496769  0.462080  0.387097 
17  0.656287  0.601963  0.479750  0.606452  0.408361  0.545032  0.631802  0.505445  0.505538  0.444520  0.575402  0.382112  0.501247  0.710404  0.697239  0.564684  0.393163 0.0  0.648723  0.458770  0.453713  0.526017  0.444445  0.458412  0.481258  0.584173  0.518082  0.445459  0.376957  0.517461  0.454762  0.516050  0.569670  0.373171  0.528899  0.402480  0.455716  0.383423  0.555027  0.600390  0.420997  0.619777  0.592715  0.441181  0.580335  0.588998  0.462861  0.601621  0.456680  0.382411  0.601449  0.465526  0.662718  0.508112  0.635997  0.522421  0.436309  0.588085  0.516180  0.628632  0.596597  0.551821  0.422479  0.454345  0.496751  0.626217  0.501592  0.508348  0.441869  0.491684  0.462252  0.615634  0.470236  0.632945  0.409294  0.495987  0.662731  0.599930  0.366548  0.530095  0.542300  0.530438  0.540393  0.440378  0.477966  0.440614  0.480829  0.452865  0.453531  0.424871  0.400890  0.454629  0.668508  0.449963  0.587654  0.563167  0.535044  0.532820  0.534268  0.509424  0.424126  0.502404  0.434190  0.443981  0.497423  0.479314  0.574180  0.440736  0.566153  0.557418  0.492485  0.405352  0.631728  0.473051  0.386418  0.467701  0.398577  0.553822  0.502137  0.457334  0.492450  0.487391  0.528850  0.387155  0.635827  0.507865  0.373572  0.542861  0.399933  0.510742  0.516666  0.540351  0.632079  0.423192  0.487052  0.525306  0.493259  0.527779  0.625448  0.468327  0.539303  0.491161  0.558242  0.479901  0.451736  0.450873 
18  0.419339  0.741853  0.618607  0.259764  0.557049  0.402553  0.524762  0.471066  0.370515  0.591060  0.679313  0.710786  0.420226  0.670689  0.333190  0.601338  0.489717  0.648723 0.0  0.553909  0.539244  0.520733  0.561066  0.643944  0.407950  0.562338  0.437839  0.535523  0.580517  0.503296  0.555189  0.571453  0.513929  0.609594  0.651189  0.458757  0.628939  0.503645  0.553261  0.632147  0.631520  0.395646  0.318330  0.496455  0.709783  0.375573  0.662953  0.340727  0.515900  0.493266  0.409072  0.567383  0.317886  0.479924  0.592880  0.443559  0.570773  0.373934  0.632765  0.589781  0.276846  0.535050  0.666616  0.665630  0.520574  0.294067  0.520500  0.693764  0.482641  0.453377  0.494113  0.619159  0.680792  0.394275  0.615597  0.433344  0.717533  0.610283  0.686046  0.697914  0.518702  0.543124  0.546330  0.627255  0.520578  0.544829  0.512829  0.560351  0.603845  0.576899  0.630202  0.621362  0.270065  0.541295  0.350954  0.467454  0.546211  0.616808  0.479537  0.509826  0.545057  0.532937  0.701381  0.471682  0.635288  0.485439  0.523274  0.628560  0.356118  0.654529  0.740058  0.694053  0.729138  0.547945  0.678795  0.421300  0.579108  0.292688  0.551277  0.658529  0.676749  0.704966  0.608915  0.560742  0.502679  0.481762  0.560855  0.485394  0.545844  0.676107  0.515151  0.582497  0.376699  0.564035  0.669979  0.540625  0.588545  0.620015  0.512878  0.789352  0.413891  0.717963  0.549592  0.494434  0.695276  0.489010 
19  0.460794  0.706436  0.613236  0.483296  0.442236  0.531173  0.525771  0.507090  0.445627  0.512763  0.549238  0.560723  0.575359  0.688812  0.535419  0.597947  0.573937  0.458770  0.553909 0.0  0.447589  0.568944  0.513738  0.658028  0.508955  0.581578  0.464925  0.526262  0.473722  0.525877  0.475124  0.497258  0.515891  0.539061  0.652471  0.509434  0.536417  0.596945  0.535126  0.452587  0.522076  0.534970  0.498073  0.460123  0.638191  0.527832  0.557733  0.526997  0.495237  0.546876  0.453576  0.526210  0.465334  0.537956  0.396543  0.503171  0.440266  0.478993  0.514686  0.514321  0.503576  0.597306  0.488632  0.558110  0.536404  0.534878  0.575024  0.602900  0.484126  0.512021  0.570409  0.636761  0.537299  0.442647  0.578566  0.475211  0.654550  0.555012  0.615221  0.637692  0.475879  0.537557  0.527681  0.523397  0.425773  0.564966  0.607092  0.554486  0.540078  0.507729  0.544361  0.672854  0.419072  0.724695  0.458260  0.516488  0.533670  0.653481  0.444424  0.532657  0.492643  0.478983  0.583052  0.553717  0.544772  0.404625  0.591586  0.627639  0.448904  0.629428  0.508752  0.514478  0.621320  0.461102  0.619787  0.443084  0.558858  0.437424  0.533814  0.674445  0.614702  0.545436  0.494909  0.497362  0.519304  0.582760  0.559890  0.506293  0.523165  0.613645  0.412889  0.590442  0.505444  0.497360  0.567101  0.595062  0.547051  0.488664  0.590876  0.509924  0.458762  0.648545  0.644183  0.502158  0.653044  0.565451 
20  0.513731  0.589986  0.568199  0.424314  0.568458  0.718933  0.514740  0.382832  0.627101  0.497258  0.641157  0.317703  0.507315  0.618084  0.637795  0.434296  0.431315  0.453713  0.539244  0.447589 0.0  0.541097  0.331931  0.502703  0.569511  0.446232  0.431504  0.549532  0.330960  0.506951  0.429497  0.632661  0.502363  0.485240  0.561640  0.320934  0.267975  0.455102  0.588417  0.559735  0.382022  0.673932  0.689646  0.591192  0.564815  0.552359  0.354838  0.657856  0.382314  0.323227  0.546199  0.436983  0.542166  0.569123  0.573818  0.452653  0.387123  0.567417  0.500016  0.517498  0.436014  0.459429  0.328753  0.490607  0.376316  0.602710  0.557956  0.529099  0.431720  0.425953  0.493132  0.628471  0.379700  0.653074  0.428404  0.553246  0.709513  0.845313  0.419446  0.522455  0.473393  0.618990  0.488493  0.452981  0.318126  0.393338  0.505404  0.404460  0.440374  0.412916  0.421359  0.522065  0.730301  0.524076  0.525335  0.627803  0.469548  0.571060  0.426487  0.507117  0.345413  0.443893  0.471472  0.552874  0.451067  0.494315  0.562955  0.509116  0.523341  0.468803  0.358172  0.527785  0.579613  0.433317  0.498753  0.477293  0.305898  0.555520  0.476304  0.540082  0.533079  0.490167  0.562179  0.404847  0.559982  0.406014  0.255911  0.504333  0.500409  0.398270  0.409826  0.465244  0.535753  0.442491  0.554144  0.546718  0.440968  0.353872  0.555151  0.441639  0.503718  0.570246  0.433167  0.335337  0.437335  0.348422 
21  0.566433  0.594309  0.553247  0.561689  0.596293  0.667296  0.537485  0.475380  0.586120  0.538651  0.627903  0.674801  0.661513  0.529496  0.609921  0.517406  0.563809  0.526017  0.520733  0.568944  0.541097 0.0  0.490105  0.437203  0.614160  0.519743  0.569936  0.537624  0.542227  0.599803  0.570244  0.638491  0.581492  0.544640  0.564609  0.562159  0.584213  0.541769  0.598368  0.539406  0.634809  0.662595  0.503982  0.576732  0.570838  0.514412  0.463789  0.579379  0.650866  0.513428  0.677747  0.576606  0.565057  0.502788  0.422855  0.484723  0.509199  0.602357  0.552766  0.478939  0.507339  0.664890  0.594570  0.515329  0.607614  0.624238  0.595031  0.515608  0.513518  0.553965  0.575088  0.677954  0.690239  0.572618  0.422505  0.523981  0.714834  0.682359  0.530193  0.554766  0.459596  0.497030  0.495088  0.610954  0.584732  0.588990  0.682609  0.536040  0.483305  0.540646  0.484908  0.548278  0.600312  0.475245  0.558204  0.527097  0.597107  0.552971  0.577878  0.451481  0.732765  0.497930  0.554359  0.479413  0.581564  0.430966  0.585957  0.584638  0.492285  0.516978  0.638131  0.609773  0.644754  0.518484  0.592940  0.574693  0.506850  0.636115  0.471823  0.490732  0.577725  0.596024  0.502428  0.546157  0.662511  0.518021  0.581388  0.676349  0.545012  0.551814  0.588601  0.583301  0.456819  0.551596  0.580232  0.591231  0.591862  0.620734  0.594996  0.539543  0.526240  0.622031  0.463214  0.653368  0.454503  0.657789 
22  0.527102  0.473406  0.544530  0.593673  0.479151  0.577654  0.509474  0.353130  0.604488  0.345762  0.589653  0.307718  0.594113  0.667063  0.509579  0.363923  0.311965  0.444445  0.561066  0.513738  0.331931  0.490105 0.0  0.426682  0.617401  0.502972  0.480442  0.417312  0.290507  0.582479  0.302984  0.612559  0.439485  0.421347  0.544711  0.382579  0.276889  0.348578  0.559365  0.684225  0.502645  0.579050  0.603915  0.551386  0.463359  0.542324  0.344196  0.621207  0.205174  0.343205  0.474917  0.462977  0.650552  0.455929  0.527470  0.600390  0.239631  0.653432  0.392510  0.576735  0.454869  0.378592  0.250102  0.421179  0.406529  0.470480  0.617448  0.411897  0.468368  0.501031  0.569961  0.600722  0.460071  0.539843  0.424984  0.530788  0.764480  0.556611  0.369421  0.485425  0.581484  0.661101  0.434518  0.411750  0.373786  0.382748  0.585665  0.450464  0.391193  0.412423  0.467202  0.571181  0.604696  0.516769  0.519733  0.480692  0.458823  0.488277  0.392600  0.451877  0.407686  0.421055  0.300861  0.460732  0.433206  0.533648  0.588510  0.417237  0.549362  0.559467  0.335685  0.521267  0.659124  0.464949  0.462745  0.454199  0.306442  0.679001  0.473666  0.470795  0.466160  0.473655  0.568567  0.334284  0.583992  0.437769  0.297573  0.577914  0.412261  0.364093  0.425296  0.493477  0.546636  0.413414  0.531306  0.632481  0.360359  0.396872  0.532468  0.430919  0.465190  0.603596  0.494037  0.391983  0.452157  0.366106 
23  0.759891  0.414272  0.421337  0.795371  0.490067  0.719042  0.621743  0.583706  0.643147  0.591429  0.616683  0.387288  0.563314  0.665920  0.715623  0.490910  0.546142  0.458412  0.643944  0.658028  0.502703  0.437203  0.426682 0.0  0.695758  0.688321  0.671692  0.557854  0.383922  0.562626  0.410711  0.660280  0.479478  0.298633  0.396306  0.461159  0.350595  0.376981  0.573408  0.557821  0.549855  0.781993  0.866089  0.712981  0.475359  0.708517  0.345794  0.773240  0.364354  0.508985  0.656395  0.507448  0.759175  0.605515  0.577142  0.662942  0.414450  0.781849  0.461091  0.525200  0.548408  0.509322  0.511619  0.488190  0.535824  0.712765  0.665380  0.313468  0.546283  0.526680  0.635214  0.771028  0.500364  0.840052  0.435682  0.643959  0.770091  0.636182  0.298708  0.380439  0.730681  0.758947  0.618803  0.513409  0.551951  0.456735  0.628223  0.532730  0.487127  0.505923  0.492199  0.605924  0.768702  0.418179  0.729948  0.533732  0.566349  0.491817  0.548689  0.627694  0.465362  0.493104  0.386581  0.548691  0.403593  0.662440  0.666028  0.550576  0.770074  0.423796  0.392032  0.542913  0.686903  0.578489  0.464548  0.556484  0.417745  0.799957  0.507572  0.456908  0.399657  0.542559  0.490132  0.382943  0.766387  0.455146  0.392794  0.692411  0.358835  0.297744  0.531746  0.476642  0.542255  0.507044  0.734585  0.572761  0.453882  0.574699  0.627369  0.435592  0.690059  0.606491  0.458483  0.494594  0.461891  0.290801 
24  0.545858  0.697504  0.717391  0.449920  0.548319  0.412366  0.554413  0.557156  0.372975  0.593356  0.659986  0.559075  0.605343  0.647248  0.409078  0.623984  0.669767  0.481258  0.407950  0.508955  0.569511  0.614160  0.617401  0.695758 0.0  0.621106  0.460455  0.534958  0.491044  0.529993  0.557345  0.621366  0.557571  0.547195  0.589701  0.651998  0.710785  0.621461  0.597890  0.588648  0.613721  0.512260  0.377647  0.388364  0.709521  0.382038  0.579347  0.417211  0.491352  0.628261  0.432991  0.712529  0.398278  0.431658  0.593199  0.448803  0.511910  0.368138  0.568278  0.627791  0.419494  0.621806  0.664495  0.519480  0.588045  0.397371  0.401561  0.623587  0.693971  0.645460  0.543143  0.609864  0.621334  0.432045  0.633809  0.446736  0.536731  0.586956  0.523832  0.612155  0.615062  0.592201  0.498659  0.665398  0.605579  0.647543  0.630577  0.619663  0.469343  0.602298  0.590348  0.645741  0.385010  0.656345  0.367656  0.528317  0.523393  0.747234  0.598976  0.623825  0.581128  0.613918  0.672025  0.478108  0.644069  0.542900  0.663548  0.635990  0.336337  0.687218  0.654108  0.543770  0.626039  0.463326  0.550915  0.580730  0.581327  0.355155  0.677076  0.699429  0.531798  0.565572  0.608902  0.632108  0.595232  0.661439  0.593265  0.492759  0.546949  0.656480  0.501040  0.532497  0.515568  0.458225  0.551691  0.514196  0.636193  0.666914  0.584253  0.655441  0.559205  0.650131  0.509815  0.538796  0.670824  0.589492 
25  0.555287  0.649892  0.590624  0.488351  0.539413  0.591641  0.516925  0.552755  0.618549  0.600614  0.666131  0.499975  0.545238  0.633833  0.577691  0.585698  0.492016  0.584173  0.562338  0.581578  0.446232  0.519743  0.502972  0.688321  0.621106 0.0  0.511563  0.577848  0.504478  0.736783  0.588160  0.590138  0.564996  0.582853  0.562793  0.501570  0.575253  0.593748  0.506073  0.585518  0.500515  0.613157  0.601027  0.558675  0.549363  0.564869  0.610816  0.531338  0.514970  0.605307  0.595651  0.524283  0.522725  0.519903  0.649522  0.506597  0.508847  0.570753  0.534924  0.560795  0.534603  0.548063  0.486448  0.651080  0.550183  0.584100  0.592441  0.715060  0.519871  0.537156  0.543536  0.563187  0.634827  0.545160  0.596622  0.526949  0.548330  0.608979  0.541132  0.573225  0.526069  0.586060  0.531714  0.584059  0.506653  0.531633  0.520194  0.538638  0.564270  0.499709  0.522354  0.552332  0.579636  0.622455  0.561211  0.541749  0.530624  0.608654  0.564315  0.493909  0.554323  0.612031  0.496002  0.524961  0.575450  0.614614  0.507955  0.561879  0.514465  0.623909  0.465240  0.496581  0.570465  0.482380  0.620120  0.523008  0.571649  0.605665  0.460416  0.649073  0.751169  0.506176  0.603604  0.545422  0.510204  0.512345  0.529358  0.596310  0.491650  0.560724  0.524315  0.521324  0.579239  0.533963  0.538510  0.590848  0.464374  0.541174  0.523920  0.597499  0.569228  0.581356  0.514856  0.537141  0.639129  0.575681 
26  0.529816  0.730354  0.703355  0.497187  0.625623  0.629775  0.502842  0.248309  0.559969  0.522191  0.652000  0.529918  0.446599  0.581937  0.409779  0.581625  0.466015  0.518082  0.437839  0.464925  0.431504  0.569936  0.480442  0.671692  0.460455  0.511563 0.0  0.553774  0.491368  0.586604  0.515512  0.531811  0.415025  0.585753  0.644123  0.426260  0.529456  0.524657  0.615666  0.628421  0.629521  0.613772  0.602746  0.535241  0.806925  0.516347  0.642506  0.567692  0.491242  0.501588  0.546818  0.711128  0.419735  0.364100  0.571820  0.494893  0.497544  0.415581  0.681723  0.454767  0.386067  0.365600  0.580884  0.694139  0.489831  0.528142  0.600374  0.532578  0.528771  0.429733  0.473934  0.535858  0.556515  0.596391  0.579419  0.502863  0.566002  0.600620  0.603438  0.590567  0.357216  0.534308  0.494637  0.611409  0.506200  0.532965  0.561469  0.602574  0.477060  0.449633  0.659008  0.653249  0.502841  0.522455  0.483573  0.522740  0.423433  0.651621  0.478451  0.513591  0.472259  0.313677  0.520263  0.412642  0.515063  0.564164  0.505110  0.651297  0.494939  0.567327  0.628539  0.666779  0.733375  0.556295  0.611827  0.470037  0.523040  0.463626  0.575145  0.799836  0.652648  0.659880  0.584076  0.547501  0.456445  0.253401  0.490614  0.539507  0.604981  0.588287  0.472176  0.497768  0.519449  0.584248  0.656249  0.553112  0.511035  0.490745  0.538228  0.631572  0.345181  0.641243  0.490426  0.473257  0.696538  0.457685 
