146
0 0.0  0.824953  0.966499  0.512483  0.506747  0.570651  0.533814  0.488872  0.514588  0.613626  0.586039  0.700799  0.528150  0.557245  0.483809  0.668632  0.671618  0.685058  0.487094  0.442680  0.576853  0.580602  0.575895  0.808791  0.571373  0.608731  0.510690  0.520656  0.546001  0.636340  0.665468  0.644970  0.604993  0.600836  0.708355  0.561818  0.764936  0.683273  0.577804  0.674966  0.682473  0.475366  0.624805  0.556901  0.887892  0.608042  0.712722  0.606136  0.724659  0.561296  0.582649  0.692095  0.477463  0.594267  0.469812  0.446349  0.703602  0.556870  0.550535  0.699571  0.500124  0.569497  0.711464  0.677965  0.583710  0.636065  0.636625  0.749174  0.643515  0.562893  0.607028  0.534239  0.676840  0.570198  0.750564  0.484169  0.580771  0.695290  0.693351  0.876322  0.604731  0.367825  0.548681  0.685083  0.564810  0.612541  0.709350  0.611088  0.642644  0.534640  0.677263  0.508653  0.421926  0.607523  0.396112  0.358314  0.452726  0.815209  0.624972  0.367042  0.601481  0.569082  0.495761  0.574882  0.740278  0.426833  0.475019  0.653354  0.499773  0.788945  0.671563  0.679336  0.719155  0.577373  0.749515  0.471141  0.543375  0.503407  0.635710  0.865296  0.786937  0.712900  0.714287  0.697522  0.395667  0.572351  0.668407  0.506830  0.693070  0.709636  0.518883  0.548844  0.439069  0.518396  0.758452  0.492397  0.566903  0.590123  0.586769  0.784666  0.545271  0.682888  0.651479  0.567783  0.780943  0.641735 
1  0.824953 0.0  0.389854  0.776783  0.760348  0.800112  0.741113  0.686603  0.844427  0.617312  0.636850  0.578616  0.564858  0.698647  0.819873  0.535082  0.556024  0.509092  0.845912  0.612296  0.554595  0.640880  0.492257  0.407146  0.665883  0.688037  0.875969  0.566163  0.412080  0.633318  0.495108  0.740749  0.610371  0.550214  0.476851  0.432949  0.401821  0.657672  0.667499  0.551731  0.675229  0.707085  0.957032  0.735218  0.431187  0.851313  0.445107  0.840134  0.544726  0.628410  0.684833  0.558313  0.728623  0.829522  0.648247  0.716346  0.468897  0.783863  0.629038  0.667956  1.000000  0.675699  0.565477  0.629039  0.540527  0.770402  0.742204  0.359883  0.576781  0.648214  0.810955  0.705166  0.503737  0.728300  0.580785  0.818150  0.960232  0.689241  0.501834  0.438291  0.748610  0.771152  0.716689  0.405326  0.556982  0.525693  0.738864  0.564617  0.567591  0.560967  0.522137  0.576006  0.909444  0.649651  0.810970  0.757280  0.800065  0.375720  0.592788  0.620531  0.623957  0.687090  0.492775  0.751969  0.633925  0.640999  0.583142  0.571584  0.667163  0.511295  0.493458  0.779705  0.695183  0.573768  0.501930  0.674170  0.533356  0.748228  0.555239  0.433468  0.641048  0.717287  0.724561  0.438822  0.957894  0.603582  0.469067  0.683436  0.484233  0.538359  0.575156  0.580340  0.678141  0.754550  0.688610  0.642993  0.638599  0.551471  0.523221  0.768943  0.746274  0.613729  0.503398  0.598169  0.535273  0.541264 
2  0.966499  0.389854 0.0  0.671299  0.632084  0.758105  0.691614  0.885529  0.758226  0.598221  0.609711  0.499297  0.656139  0.697269  0.782788  0.570043  0.512752  0.518704  0.811157  0.633749  0.533472  0.569058  0.563576  0.441752  0.718431  0.644216  0.833016  0.690270  0.576231  0.567254  0.598742  0.723655  0.614715  0.546110  0.510005  0.565609  0.485211  0.652042  0.682103  0.593807  0.711997  0.786079  0.849445  0.701731  0.350029  0.648328  0.485836  0.813849  0.578592  0.650977  0.679682  0.540737  0.840014  0.754583  0.645247  0.733580  0.653437  0.849468  0.707162  0.614029  0.718899  0.662577  0.634666  0.588414  0.566750  0.842120  0.754713  0.394700  0.631603  0.637095  0.770528  0.687730  0.495076  0.903881  0.493044  0.803728  0.749794  0.796163  0.488630  0.464494  0.753721  0.676994  0.574145  0.594504  0.556011  0.546854  0.691032  0.608462  0.661042  0.586930  0.468312  0.437093  0.838065  0.602569  0.668694  0.719916  0.644685  0.467672  0.702726  0.732906  0.607781  0.687039  0.703281  0.626929  0.466800  0.886961  0.779870  0.502223  0.773450  0.482143  0.463230  0.744311  0.726210  0.609308  0.596420  0.734210  0.586556  0.771767  0.654460  0.373711  0.503149  0.717199  0.548823  0.420448  0.776210  0.630369  0.446219  0.571726  0.484554  0.538292  0.562526  0.595710  0.667392  0.496450  0.692461  0.749855  0.619696  0.649191  0.539423  0.572609  0.737325  0.628001  0.593158  0.584961  0.500709  0.589669 
3  0.512483  0.776783  0.671299 0.0  0.547753  0.474784  0.599170  0.391311  0.365482  0.535663  0.631894  0.679309  0.547608  0.501677  0.301915  0.618219  0.485176  0.530884  0.315933  0.508286  0.612884  0.557259  0.507818  0.553983  0.392334  0.503297  0.478466  0.593043  0.590925  0.633478  0.584286  0.732182  0.497317  0.609503  0.751108  0.487324  0.658126  0.766439  0.715838  0.674023  0.627889  0.346582  0.400480  0.320904  0.722744  0.468635  0.581616  0.433370  0.514064  0.512337  0.399936  0.656332  0.297742  0.464627  0.624754  0.514539  0.621314  0.323663  0.614094  0.564574  0.204688  0.624178  0.619686  0.668712  0.588462  0.366426  0.474100  0.660430  0.487906  0.541554  0.564313  0.549129  0.515851  0.403571  0.619945  0.363131  0.624998  0.598082  0.697650  0.722773  0.491175  0.575560  0.547205  0.711189  0.491603  0.595741  0.631519  0.631925  0.618737  0.546206  0.707121  0.772107  0.307291  0.646554  0.336639  0.498037  0.461078  0.745533  0.463864  0.511953  0.600786  0.525960  0.636798  0.542444  0.416205  0.534334  0.515680  0.794983  0.419009  0.684921  0.666221  0.713200  0.804286  0.586928  0.667620  0.534387  0.699805  0.318975  0.599078  0.702464  0.610546  0.544266  0.565278  0.636672  0.416340  0.542021  0.468100  0.473846  0.556441  0.670536  0.687956  0.531241  0.489320  0.515681  0.704370  0.634626  0.541872  0.573116  0.586897  0.662730  0.453082  0.583158  0.543413  0.513686  0.630274  0.439868 
4  0.506747  0.760348  0.632084  0.547753 0.0  0.642807  0.559704  0.611116  0.552252  0.474643  0.555249  0.605948  0.595237  0.662300  0.525877  0.598789  0.426289  0.400650  0.517200  0.454297  0.480631  0.588740  0.475333  0.494916  0.565368  0.524173  0.524863  0.579073  0.538482  0.520142  0.498406  0.470274  0.561985  0.563119  0.540317  0.604475  0.667607  0.523887  0.433294  0.622762  0.626073  0.661528  0.405918  0.537462  0.503942  0.572852  0.564729  0.485767  0.373691  0.524051  0.467620  0.629703  0.457978  0.537674  0.524954  0.574176  0.627241  0.640385  0.651702  0.594584  0.637446  0.535074  0.631432  0.592513  0.600213  0.578602  0.671904  0.632363  0.511847  0.695175  0.510856  0.557879  0.486966  0.568334  0.546772  0.505258  0.568882  0.617593  0.576568  0.705949  0.538990  0.591029  0.522832  0.657131  0.495265  0.559189  0.566206  0.447464  0.515066  0.439445  0.563882  0.473845  0.438313  0.564878  0.579956  0.517016  0.541677  0.613286  0.547047  0.728497  0.500600  0.569885  0.568356  0.574243  0.542606  0.483198  0.548810  0.568909  0.535915  0.564460  0.581731  0.475415  0.531509  0.362213  0.524690  0.370813  0.461296  0.683469  0.641301  0.528660  0.594105  0.397274  0.336558  0.482876  0.500176  0.749036  0.563116  0.435845  0.522989  0.525537  0.416929  0.667535  0.443106  0.426083  0.529478  0.611003  0.538238  0.591085  0.601256  0.609003  0.640727  0.356938  0.602032  0.575476  0.549085  0.603492 
5  0.570651  0.800112  0.758105  0.474784  0.642807 0.0  0.630133  0.527991  0.383892  0.584310  0.647449  0.737572  0.507889  0.549795  0.348170  0.710017  0.576881  0.672136  0.391170  0.416251  0.814099  0.604241  0.608526  0.811047  0.427989  0.639115  0.620599  0.554043  0.674822  0.786284  0.754192  0.658420  0.735979  0.816128  0.701907  0.681275  0.753271  0.662700  0.573068  0.708076  0.724196  0.502229  0.421000  0.397826  0.609184  0.485565  0.784217  0.409463  0.622474  0.629068  0.436586  0.662642  0.359257  0.651956  0.672362  0.629340  0.684633  0.467176  0.592556  0.652172  0.443413  0.681448  0.637129  0.667194  0.660865  0.292012  0.476364  0.725110  0.766702  0.587038  0.952475  0.529399  0.653251  0.421827  0.798076  0.531817  0.649923  0.544258  0.765893  0.732789  0.748390  0.633073  0.622969  0.786185  0.621152  0.769667  0.748652  0.560768  0.683892  0.722568  0.689821  0.712261  0.348761  0.756816  0.377259  0.427150  0.764751  0.617402  0.726619  0.749888  0.574854  0.631814  0.615024  0.553554  0.827413  0.693666  0.609386  0.849002  0.331360  0.794317  0.803841  0.581766  0.749776  0.524567  0.722601  0.611516  0.774942  0.375846  0.712336  0.842260  0.625517  0.639369  0.747794  0.657655  0.691086  0.610182  0.746109  0.574971  0.627113  0.751610  0.560441  0.681264  0.558962  0.551294  0.642701  0.703271  0.629175  0.543355  0.690132  0.618387  0.680578  0.854463  0.562383  0.747177  0.776816  0.693191 
6  0.533814  0.741113  0.691614  0.599170  0.559704  0.630133 0.0  0.536900  0.565144  0.550683  0.566254  0.516823  0.568479  0.665961  0.482969  0.596882  0.485336  0.678558  0.534603  0.582416  0.548543  0.670557  0.526591  0.625028  0.649857  0.541364  0.485398  0.483426  0.504187  0.618785  0.512724  0.544967  0.586444  0.605891  0.757165  0.483863  0.625615  0.629695  0.671100  0.605574  0.632124  0.576564  0.473363  0.570308  0.567825  0.530992  0.631874  0.522905  0.572050  0.499244  0.546454  0.507938  0.525753  0.532193  0.538294  0.461220  0.610337  0.456695  0.578790  0.544184  0.509392  0.559904  0.569979  0.593142  0.586532  0.588765  0.586114  0.634800  0.519451  0.628469  0.502139  0.593363  0.521660  0.476367  0.576192  0.517131  0.572091  0.611585  0.592912  0.576960  0.466960  0.613418  0.564066  0.539224  0.550071  0.540525  0.662444  0.507361  0.495316  0.610685  0.660577  0.541765  0.468576  0.669929  0.534381  0.486510  0.500102  0.594152  0.464815  0.409636  0.587173  0.542314  0.591388  0.538218  0.552972  0.512026  0.548949  0.654816  0.499305  0.719290  0.576249  0.587540  0.614913  0.445996  0.563692  0.514719  0.609862  0.564136  0.635015  0.688035  0.546470  0.561159  0.642110  0.638376  0.567616  0.579320  0.569665  0.528281  0.566469  0.588148  0.535070  0.570309  0.568809  0.575874  0.510624  0.575180  0.577684  0.499582  0.551035  0.617619  0.501359  0.539911  0.630955  0.545510  0.609782  0.515038 
7  0.488872  0.686603  0.885529  0.391311  0.611116  0.527991  0.536900 0.0  0.678331  0.453796  0.719058  0.509598  0.535518  0.535677  0.548146  0.466687  0.476789  0.490141  0.445101  0.495386  0.372400  0.552767  0.433907  0.627857  0.638767  0.633552  0.304664  0.536347  0.448221  0.529602  0.529599  0.671110  0.329768  0.516357  0.717894  0.350252  0.509411  0.595599  0.684863  0.741956  0.570963  0.614022  0.663586  0.496788  0.731902  0.590923  0.394622  0.530474  0.420390  0.417432  0.433975  0.538094  0.471536  0.376303  0.739647  0.491893  0.479291  0.444305  0.579080  0.362507  0.345870  0.271084  0.518287  0.660949  0.458673  0.572797  0.635580  0.692373  0.495844  0.426026  0.556369  0.659366  0.589153  0.526529  0.751056  0.526329  0.611818  0.701402  0.585417  0.589184  0.401773  0.572987  0.475720  0.583002  0.476280  0.554224  0.445456  0.546435  0.525996  0.468736  0.511695  0.606510  0.493568  0.532498  0.455473  0.553612  0.459595  0.752407  0.418877  0.425668  0.433185  0.275984  0.547530  0.321411  0.558733  0.584610  0.424971  0.657438  0.521676  0.673977  0.554429  0.639362  0.942066  0.626752  0.544255  0.552857  0.601499  0.472625  0.564258  0.680051  0.644679  0.613532  0.542503  0.533192  0.464010  0.224811  0.441312  0.515828  0.579021  0.535596  0.528680  0.453431  0.528163  0.497759  0.597722  0.536746  0.488126  0.462132  0.515393  0.512997  0.366375  0.612587  0.465486  0.419256  0.534538  0.405019 
8  0.514588  0.844427  0.758226  0.365482  0.552252  0.383892  0.565144  0.678331 0.0  0.578534  0.592249  0.591958  0.487394  0.609953  0.325965  0.645952  0.711141  0.595412  0.444207  0.413321  0.682322  0.649687  0.651378  0.744474  0.333934  0.583550  0.553327  0.565747  0.495521  0.575131  0.588511  0.699770  0.630639  0.656042  0.626260  0.756745  0.642344  0.696940  0.651283  0.614831  0.762818  0.405329  0.337360  0.476868  0.675691  0.355777  0.820181  0.375850  0.482652  0.726478  0.430993  0.739373  0.389570  0.550099  0.491397  0.520493  0.648995  0.574999  0.561876  0.707177  0.387991  0.666214  0.601033  0.745653  0.730458  0.327108  0.409152  0.764247  0.606672  0.625041  0.638135  0.676570  0.602677  0.392039  0.563773  0.415153  0.538977  0.548187  0.637482  0.809446  0.784361  0.595163  0.584811  0.748907  0.655797  0.671295  0.724277  0.554875  0.832019  0.539388  0.615503  0.767291  0.294332  0.679899  0.328720  0.435687  0.574836  0.731270  0.729400  0.676085  0.509563  0.581539  0.659154  0.696214  0.664901  0.569549  0.704802  0.593766  0.261486  0.730601  0.620184  0.574269  0.461424  0.438326  0.612260  0.623240  0.703454  0.367182  0.794708  0.771412  0.612285  0.567229  0.661215  0.705194  0.530025  0.772924  0.575132  0.479936  0.466684  0.754583  0.564864  0.584362  0.533469  0.440908  0.721920  0.618147  0.792540  0.615764  0.558806  0.616880  0.620375  0.727572  0.653473  0.671439  0.659887  0.710604 
9  0.613626  0.617312  0.598221  0.535663  0.474643  0.584310  0.550683  0.453796  0.578534 0.0  0.616318  0.380238  0.590727  0.646287  0.750583  0.513607  0.350975  0.455091  0.547329  0.585373  0.478017  0.540131  0.346241  0.536986  0.628494  0.631235  0.495731  0.471554  0.405623  0.485916  0.371177  0.568470  0.564233  0.516674  0.570811  0.450031  0.553127  0.500701  0.518144  0.660603  0.622136  0.632197  0.413819  0.458229  0.475214  0.460323  0.530911  0.564517  0.304915  0.484500  0.510025  0.473717  0.639784  0.528243  0.615725  0.530386  0.417441  0.627379  0.605669  0.619683  0.539766  0.684172  0.425188  0.557687  0.451804  0.572671  0.633111  0.545871  0.441465  0.465674  0.459994  0.622827  0.345213  0.543838  0.480390  0.542514  0.643924  0.551617  0.486553  0.524862  0.628616  0.578730  0.491148  0.488934  0.436527  0.471442  0.533030  0.389708  0.462034  0.451955  0.604955  0.496613  0.626689  0.464686  0.582769  0.521207  0.681073  0.570202  0.558172  0.558419  0.421236  0.525299  0.521383  0.506419  0.405739  0.486208  0.527081  0.388343  0.455700  0.543712  0.416226  0.496610  0.512293  0.317369  0.502512  0.567388  0.422665  0.667730  0.459700  0.510988  0.529832  0.437512  0.492205  0.406530  0.698048  0.595769  0.420428  0.637584  0.500180  0.564317  0.408512  0.474187  0.465398  0.381988  0.518903  0.521329  0.503800  0.565341  0.615826  0.471052  0.592940  0.561456  0.578636  0.445707  0.492388  0.407140 
10  0.586039  0.636850  0.609711  0.631894  0.555249  0.647449  0.566254  0.719058  0.592249  0.616318 0.0  0.619059  0.623284  0.658073  0.595035  0.571013  0.654072  0.588499  0.619361  0.586772  0.618038  0.501195  0.672066  0.655798  0.616609  0.712630  0.614662  0.665150  0.615171  0.647440  0.657746  0.495518  0.628542  0.777934  0.727125  0.643452  0.611323  0.660084  0.616553  0.532619  0.723511  0.589692  0.514474  0.660178  0.608493  0.603579  0.533592  0.571168  0.602869  0.586456  0.691624  0.670905  0.471821  0.635064  0.637029  0.599240  0.664847  0.630492  0.662340  0.660525  0.756244  0.665601  0.600920  0.642628  0.746775  0.576369  0.652425  0.702060  0.613636  0.619786  0.593689  0.572388  0.574024  0.596011  0.590280  0.458695  0.536185  0.576345  0.593804  0.647556  0.597990  0.623200  0.671905  0.710794  0.609935  0.646484  0.620840  0.698293  0.623821  0.670693  0.704730  0.665279  0.591162  0.603784  0.638695  0.590297  0.631991  0.606144  0.534663  0.563900  0.505098  0.640541  0.602753  0.653704  0.619274  0.718273  0.634917  0.565389  0.584395  0.595154  0.681621  0.665684  0.541270  0.580798  0.655721  0.518450  0.594880  0.501969  0.607414  0.589179  0.568379  0.565036  0.571776  0.523550  0.607070  0.597428  0.623194  0.624630  0.681976  0.608939  0.636027  0.649898  0.594907  0.636095  0.630575  0.596209  0.618302  0.478466  0.607741  0.611712  0.674740  0.558058  0.630339  0.664809  0.620832  0.727457 
11  0.700799  0.578616  0.499297  0.679309  0.605948  0.737572  0.516823  0.509598  0.591958  0.380238  0.619059 0.0  0.533557  0.601160  0.597137  0.451054  0.431725  0.459865  0.666400  0.520257  0.445808  0.530781  0.293841  0.384914  0.597430  0.546102  0.382295  0.494557  0.218563  0.520949  0.280951  0.731132  0.407479  0.375877  0.501479  0.362078  0.337626  0.443218  0.597711  0.714892  0.459672  0.733837  0.609662  0.510165  0.427774  0.543726  0.363419  0.603252  0.269729  0.374215  0.597400  0.378489  0.534585  0.500907  0.582234  0.523183  0.331970  0.801602  0.419073  0.532191  0.548713  0.439642  0.310794  0.569130  0.436581  0.696728  0.550473  0.513314  0.351631  0.461694  0.579266  0.730508  0.462612  0.631550  0.417025  0.669557  0.703910  0.593284  0.236570  0.483099  0.625232  0.639218  0.554046  0.396268  0.372241  0.358794  0.574996  0.422732  0.468387  0.384536  0.352087  0.446155  0.744029  0.484894  0.646519  0.634506  0.583731  0.533406  0.530071  0.531307  0.302847  0.452675  0.388551  0.434505  0.447060  0.554806  0.658935  0.422987  0.547162  0.367398  0.239071  0.548863  0.528065  0.335408  0.436924  0.518013  0.327711  0.682229  0.455045  0.484709  0.457914  0.369960  0.618808  0.475773  0.697576  0.427420  0.168655  0.619216  0.329118  0.422547  0.392852  0.457222  0.472138  0.288565  0.571220  0.627242  0.374911  0.469652  0.599450  0.314733  0.618142  0.523865  0.491430  0.327544  0.429427  0.302189 
12  0.528150  0.564858  0.656139  0.547608  0.595237  0.507889  0.568479  0.535518  0.487394  0.590727  0.623284  0.533557 0.0  0.691684  0.573622  0.452916  0.558600  0.560828  0.553329  0.544186  0.493118  0.685325  0.504266  0.567986  0.594770  0.591541  0.566234  0.539092  0.548232  0.676405  0.565342  0.679582  0.484390  0.613327  0.721247  0.570097  0.512180  0.498932  0.625734  0.679048  0.552491  0.640256  0.592861  0.546080  0.552254  0.521085  0.536935  0.514305  0.520029  0.526313  0.571501  0.583350  0.607353  0.579265  0.516458  0.425533  0.454982  0.655538  0.509560  0.637025  0.571897  0.482741  0.488080  0.509216  0.512154  0.502367  0.593388  0.530845  0.548033  0.488616  0.561070  0.690928  0.533770  0.559937  0.518688  0.516348  0.599197  0.594513  0.574647  0.584832  0.535890  0.459261  0.636636  0.467567  0.538183  0.460350  0.530934  0.565011  0.624155  0.625451  0.528627  0.581877  0.582267  0.664851  0.574690  0.570659  0.563929  0.548823  0.496066  0.531344  0.567459  0.472904  0.467111  0.484406  0.554118  0.466167  0.564576  0.684945  0.545080  0.669104  0.502892  0.661603  0.665106  0.578527  0.445450  0.555130  0.535020  0.536741  0.542456  0.565580  0.650305  0.608698  0.639173  0.502716  0.555401  0.561096  0.525624  0.641171  0.630377  0.551024  0.490152  0.601999  0.540017  0.490344  0.523131  0.664139  0.548598  0.602857  0.568153  0.608035  0.608115  0.743588  0.539272  0.587716  0.573358  0.455975 
13  0.557245  0.698647  0.697269  0.501677  0.662300  0.549795  0.665961  0.535677  0.609953  0.646287  0.658073  0.601160  0.691684 0.0  0.524311  0.618775  0.644262  0.673442  0.631271  0.686055  0.535086  0.646096  0.590679  0.642218  0.695527  0.645424  0.548316  0.632093  0.866440  0.666114  0.619191  0.543589  0.656802  0.646032  0.713864  0.665862  0.654660  0.810749  0.617110  0.595414  0.663722  0.555747  0.699466  0.677555  0.573724  0.622745  0.653152  0.668735  0.762924  0.709823  0.670232  0.670292  0.570498  0.610841  0.597916  0.759083  0.548648  0.660781  0.682110  0.530546  0.612486  0.513708  0.741472  0.612080  0.653750  0.611221  0.729529  0.581018  0.587394  0.649293  0.531604  0.654339  0.724928  0.805320  0.710535  0.598936  0.667779  0.711324  0.703707  0.573123  0.660309  0.544193  0.594443  0.681041  0.617879  0.632690  0.603313  0.565763  0.600494  0.648089  0.622012  0.582412  0.584345  0.560366  0.529904  0.517941  0.624234  0.529000  0.588504  0.515731  0.721165  0.531002  0.669954  0.765647  0.577225  0.603468  0.618560  0.588733  0.636449  0.630103  0.653590  0.671979  0.680194  0.658881  0.665889  0.760087  0.766229  0.537948  0.559520  0.604173  0.727556  0.620259  0.513884  0.625113  0.566366  0.552867  0.584296  0.691521  0.803164  0.646292  0.545614  0.527031  0.668430  0.691993  0.726744  0.586336  0.539659  0.556702  0.700462  0.665181  0.593965  0.749936  0.640985  0.588549  0.702425  0.625550 
14  0.483809  0.819873  0.782788  0.301915  0.525877  0.348170  0.482969  0.548146  0.325965  0.750583  0.595035  0.597137  0.573622  0.524311 0.0  0.660104  0.611479  0.686874  0.341765  0.506364  0.618464  0.577929  0.587523  0.718627  0.550143  0.624493  0.500199  0.683775  0.626304  0.693916  0.690831  0.543809  0.525603  0.639852  0.745102  0.576587  0.633502  0.698360  0.690798  0.614493  0.845661  0.403847  0.444921  0.476696  0.686832  0.439682  0.702947  0.334742  0.554346  0.749818  0.375940  0.723413  0.332461  0.543645  0.519063  0.540030  0.521565  0.336097  0.705489  0.668881  0.289279  0.691877  0.586559  0.753467  0.631343  0.330559  0.397125  0.829525  0.583861  0.495490  0.721011  0.608841  0.550232  0.403701  0.755383  0.357584  0.599740  0.622157  0.615823  0.670789  0.590095  0.537284  0.463477  0.678028  0.683467  0.618869  0.643527  0.530453  0.751409  0.537190  0.751197  0.746300  0.274872  0.647098  0.323247  0.381374  0.491001  0.637410  0.477920  0.546599  0.557920  0.623279  0.667329  0.558617  0.498294  0.498222  0.508000  0.688971  0.291724  0.623504  0.604735  0.600433  0.719307  0.468585  0.778264  0.498113  0.707350  0.310565  0.600008  0.634888  0.651785  0.615938  0.612138  0.513834  0.498120  0.456583  0.580733  0.575409  0.598609  0.744543  0.620017  0.464662  0.585041  0.447515  0.789630  0.529887  0.544843  0.485272  0.560698  0.761186  0.506274  0.901013  0.573716  0.550720  0.647113  0.524365 
15  0.668632  0.535082  0.570043  0.618219  0.598789  0.710017  0.596882  0.466687  0.645952  0.513607  0.571013  0.451054  0.452916  0.618775  0.660104 0.0  0.396950  0.559037  0.505427  0.672479  0.389846  0.614993  0.443300  0.528213  0.628887  0.593798  0.598953  0.579654  0.445634  0.577827  0.500315  0.452131  0.597318  0.421248  0.555412  0.417419  0.531474  0.632120  0.476332  0.557521  0.667194  0.616293  0.715728  0.618468  0.451996  0.542999  0.444273  0.571638  0.448378  0.432120  0.649563  0.432364  0.623048  0.570642  0.774822  0.554507  0.504894  0.689793  0.724857  0.647996  0.601204  0.667289  0.442437  0.521931  0.478714  0.681420  0.714602  0.525249  0.451945  0.578427  0.594074  0.591771  0.550887  0.671963  0.535923  0.550561  0.690717  0.655050  0.385263  0.497808  0.556349  0.693148  0.496143  0.477774  0.346475  0.430742  0.543208  0.472134  0.577031  0.529436  0.567118  0.512111  0.638735  0.427222  0.628367  0.525015  0.499032  0.489104  0.452275  0.555686  0.432807  0.594536  0.511504  0.568968  0.552006  0.573022  0.606876  0.526882  0.571285  0.558221  0.414668  0.541479  0.456757  0.449318  0.637825  0.625882  0.538084  0.577082  0.568324  0.593282  0.492511  0.442156  0.446768  0.421270  0.662188  0.574830  0.439146  0.606310  0.604372  0.532066  0.510413  0.613206  0.540897  0.528680  0.431628  0.507119  0.535563  0.435087  0.552344  0.602025  0.508965  0.485293  0.444690  0.548877  0.493759  0.435174 
16  0.671618  0.556024  0.512752  0.485176  0.426289  0.576881  0.485336  0.476789  0.711141  0.350975  0.654072  0.431725  0.558600  0.644262  0.611479  0.396950 0.0  0.384536  0.543524  0.550720  0.400985  0.543860  0.346146  0.442770  0.596646  0.543380  0.492595  0.551386  0.337871  0.588131  0.411439  0.608425  0.440493  0.443745  0.655838  0.304336  0.431541  0.449198  0.634280  0.625967  0.588979  0.738803  0.569132  0.523241  0.500923  0.527488  0.405274  0.563107  0.296787  0.319723  0.484954  0.458152  0.613248  0.487814  0.634476  0.495596  0.418502  0.653061  0.501543  0.541418  0.445404  0.548163  0.515888  0.518525  0.405949  0.584901  0.615959  0.438100  0.377713  0.496744  0.380513  0.622398  0.455264  0.658871  0.490138  0.461858  0.635182  0.627602  0.472398  0.531466  0.467701  0.711080  0.595086  0.345700  0.457894  0.452113  0.414960  0.407855  0.364378  0.494477  0.457673  0.564135  0.707555  0.427827  0.591151  0.505685  0.460297  0.552543  0.389764  0.479768  0.341830  0.539267  0.444441  0.483584  0.379312  0.511660  0.543212  0.463542  0.495175  0.526475  0.459035  0.504517  0.686932  0.398135  0.480868  0.573806  0.414358  0.503217  0.566958  0.585394  0.371765  0.455105  0.615766  0.339007  0.641442  0.453539  0.386716  0.561094  0.411995  0.565054  0.447902  0.626229  0.601333  0.391204  0.522943  0.626256  0.403348  0.439586  0.556627  0.474016  0.483843  0.547395  0.513630  0.474754  0.515280  0.385421 
17  0.685058  0.509092  0.518704  0.530884  0.400650  0.672136  0.678558  0.490141  0.595412  0.455091  0.588499  0.459865  0.560828  0.673442  0.686874  0.559037  0.384536 0.0  0.698001  0.539191  0.462033  0.639210  0.356013  0.423130  0.631413  0.507642  0.515204  0.527128  0.347350  0.470210  0.460525  0.603317  0.523305  0.409579  0.530936  0.437896  0.387539  0.371483  0.488170  0.543050  0.472652  0.667386  0.536840  0.549052  0.577320  0.537112  0.437821  0.569260  0.374748  0.461318  0.572987  0.541694  0.617063  0.518084  0.462997  0.577198  0.385594  0.662308  0.540786  0.689206  0.580848  0.488675  0.514233  0.403930  0.460561  0.593687  0.593129  0.493266  0.538191  0.463805  0.496628  0.607519  0.550176  0.649739  0.384340  0.591943  0.646630  0.635902  0.429908  0.539870  0.716034  0.671631  0.525318  0.427229  0.461175  0.548668  0.460264  0.477721  0.435796  0.478271  0.413965  0.492488  0.575863  0.516842  0.558166  0.653816  0.565882  0.512561  0.453332  0.692961  0.453568  0.638745  0.444044  0.456874  0.464207  0.518648  0.605466  0.442404  0.699174  0.429005  0.504117  0.592334  0.631491  0.405602  0.409383  0.473357  0.379503  0.688156  0.498083  0.600233  0.501238  0.461882  0.521605  0.441570  0.526201  0.520930  0.392263  0.690634  0.465452  0.403834  0.475064  0.388885  0.601853  0.472327  0.517382  0.603784  0.520620  0.514618  0.613065  0.444839  0.582913  0.522308  0.603237  0.500825  0.538442  0.530733 
18  0.487094  0.845912  0.811157  0.315933  0.517200  0.391170  0.534603  0.445101  0.444207  0.547329  0.619361  0.666400  0.553329  0.631271  0.341765  0.505427  0.543524  0.698001 0.0  0.609075  0.547257  0.599568  0.690871  0.683870  0.380036  0.542082  0.441357  0.581759  0.722752  0.637572  0.650488  0.556294  0.464162  0.561360  0.740619  0.457874  0.607711  0.533463  0.638211  0.722838  0.822743  0.378474  0.415872  0.503596  0.619680  0.375577  0.619371  0.406766  0.554463  0.565194  0.354119  0.618398  0.299923  0.560034  0.609044  0.458277  0.557953  0.330945  0.681242  0.617114  0.319947  0.578451  0.644722  0.710570  0.573628  0.328906  0.492462  0.792737  0.482702  0.514349  0.384602  0.541919  0.720759  0.459134  0.738005  0.455026  0.626856  0.733592  0.615637  0.630519  0.545446  0.575944  0.503286  0.722958  0.563894  0.532879  0.566291  0.564501  0.635677  0.581335  0.544983  0.653724  0.315133  0.612894  0.344166  0.457680  0.431428  0.702498  0.481850  0.494745  0.527407  0.503790  0.731358  0.432298  0.558570  0.550050  0.548631  0.646158  0.404236  0.759072  0.721940  0.640817  0.825716  0.526827  0.610691  0.482390  0.595924  0.286263  0.645567  0.743969  0.702742  0.684129  0.690524  0.511586  0.472421  0.518340  0.668762  0.525699  0.631816  0.841812  0.533051  0.571499  0.506857  0.556982  0.688876  0.540558  0.518368  0.600934  0.510666  0.678682  0.459785  0.669719  0.527119  0.552231  0.668498  0.584671 
19  0.442680  0.612296  0.633749  0.508286  0.454297  0.416251  0.582416  0.495386  0.413321  0.585373  0.586772  0.520257  0.544186  0.686055  0.506364  0.672479  0.550720  0.539191  0.609075 0.0  0.511522  0.612923  0.479383  0.645317  0.531210  0.589070  0.511626  0.562278  0.481891  0.614286  0.551861  0.529768  0.638277  0.636630  0.688230  0.491967  0.597002  0.505779  0.628733  0.677029  0.436720  0.511300  0.487344  0.499056  0.645911  0.560464  0.547418  0.486027  0.479234  0.548945  0.532842  0.545628  0.477227  0.504149  0.439683  0.492213  0.555615  0.654862  0.549656  0.652682  0.588025  0.622926  0.522980  0.513330  0.597704  0.493484  0.521690  0.647154  0.613165  0.601517  0.511722  0.648515  0.529110  0.486255  0.674194  0.468476  0.577404  0.556105  0.630836  0.606362  0.536405  0.544125  0.453747  0.540811  0.498651  0.522990  0.625155  0.595753  0.529168  0.468800  0.531997  0.614758  0.451536  0.683719  0.468051  0.492762  0.544134  0.593976  0.573633  0.517587  0.457710  0.469377  0.549150  0.501032  0.550410  0.493687  0.565683  0.499869  0.486172  0.631650  0.657825  0.482417  0.573264  0.485764  0.585446  0.510784  0.559163  0.476014  0.603641  0.676468  0.531969  0.504022  0.492071  0.545318  0.540531  0.566860  0.579772  0.474218  0.535854  0.569364  0.639121  0.543270  0.397069  0.482692  0.689041  0.588469  0.568948  0.471199  0.628986  0.615311  0.497371  0.501961  0.582322  0.594550  0.587032  0.618550 
20  0.576853  0.554595  0.533472  0.612884  0.480631  0.814099  0.548543  0.372400  0.682322  0.478017  0.618038  0.445808  0.493118  0.535086  0.618464  0.389846  0.400985  0.462033  0.547257  0.511522 0.0  0.555117  0.341372  0.456768  0.603594  0.599573  0.447399  0.549412  0.387308  0.589076  0.419850  0.623968  0.463071  0.471535  0.554516  0.380197  0.373328  0.410578  0.544948  0.663439  0.331722  0.765805  0.544966  0.594646  0.589500  0.648940  0.387674  0.722713  0.321234  0.371623  0.534616  0.446685  0.695010  0.475132  0.613865  0.488131  0.415069  0.577735  0.627017  0.570971  0.494220  0.446158  0.335224  0.478160  0.444807  0.643673  0.554656  0.498818  0.384738  0.445283  0.468907  0.615852  0.374109  0.653470  0.493899  0.525862  0.706629  0.650260  0.387929  0.628707  0.487521  0.488905  0.505175  0.449157  0.331157  0.400091  0.473562  0.484251  0.441296  0.427458  0.438303  0.462728  0.687833  0.539341  0.506428  0.622734  0.501615  0.563837  0.344948  0.411792  0.420416  0.429788  0.458530  0.475456  0.552546  0.483078  0.568553  0.493784  0.599220  0.546227  0.371940  0.535663  0.526073  0.429397  0.385817  0.426021  0.387245  0.586354  0.471597  0.570489  0.502778  0.502450  0.633465  0.421623  0.562895  0.435676  0.292917  0.545082  0.549445  0.416637  0.355506  0.459707  0.502046  0.435714  0.513004  0.559589  0.456303  0.419604  0.601437  0.480894  0.479912  0.575279  0.542276  0.337785  0.394488  0.426601 
21  0.580602  0.640880  0.569058  0.557259  0.588740  0.604241  0.670557  0.552767  0.649687  0.540131  0.501195  0.530781  0.685325  0.646096  0.577929  0.614993  0.543860  0.639210  0.599568  0.612923  0.555117 0.0  0.622519  0.508073  0.688943  0.597190  0.549302  0.522451  0.654252  0.661314  0.481343  0.751831  0.535627  0.648561  0.558610  0.541169  0.502647  0.554358  0.520475  0.585191  0.528335  0.652031  0.628034  0.600029  0.554688  0.511302  0.455739  0.499199  0.611430  0.500295  0.635001  0.591673  0.589478  0.559395  0.540190  0.466122  0.573269  0.694803  0.596146  0.525121  0.657310  0.612198  0.529937  0.508546  0.574258  0.592978  0.554466  0.555892  0.594561  0.565425  0.609584  0.694521  0.666510  0.655934  0.605753  0.562260  0.592129  0.664633  0.556817  0.590613  0.565541  0.569482  0.566901  0.560530  0.579854  0.533149  0.712642  0.537483  0.530405  0.522095  0.485603  0.629372  0.621430  0.534117  0.653049  0.624449  0.578510  0.600371  0.587570  0.491819  0.596394  0.609679  0.545857  0.545431  0.574146  0.543755  0.550076  0.523060  0.587936  0.508111  0.583385  0.663877  0.655626  0.627344  0.553234  0.690277  0.482579  0.548919  0.664121  0.474981  0.605534  0.655745  0.621377  0.429630  0.648658  0.620407  0.578620  0.564792  0.557647  0.565884  0.546607  0.555076  0.564176  0.570509  0.716036  0.514354  0.493550  0.687863  0.500736  0.601402  0.510628  0.734247  0.542021  0.568334  0.688440  0.615460 
22  0.575895  0.492257  0.563576  0.507818  0.475333  0.608526  0.526591  0.433907  0.651378  0.346241  0.672066  0.293841  0.504266  0.590679  0.587523  0.443300  0.346146  0.356013  0.690871  0.479383  0.341372  0.622519 0.0  0.380569  0.591489  0.603683  0.540590  0.388112  0.262502  0.585063  0.374219  0.635557  0.439673  0.431215  0.647002  0.393780  0.247813  0.417324  0.623272  0.617480  0.516469  0.777426  0.635511  0.502825  0.515864  0.657202  0.325167  0.630223  0.222680  0.334104  0.542539  0.494812  0.703949  0.494597  0.582700  0.480485  0.257187  0.576707  0.414056  0.589568  0.430916  0.385231  0.321173  0.463869  0.432370  0.629649  0.685772  0.532206  0.555547  0.407066  0.626015  0.605944  0.419143  0.551643  0.357580  0.544099  0.754593  0.619127  0.360622  0.483472  0.594294  0.547019  0.471490  0.399699  0.393506  0.417878  0.485723  0.436256  0.407789  0.401419  0.476226  0.490255  0.548174  0.595698  0.485459  0.520464  0.418625  0.593040  0.419181  0.331164  0.383946  0.435321  0.327660  0.360213  0.434303  0.542411  0.567050  0.378843  0.473261  0.395921  0.328479  0.507730  0.577945  0.394863  0.400901  0.455075  0.313746  0.695681  0.487772  0.539841  0.439485  0.469867  0.544448  0.407533  0.539074  0.399192  0.310926  0.601132  0.397401  0.318003  0.421911  0.404420  0.421519  0.321897  0.525704  0.434873  0.425051  0.435253  0.597101  0.382593  0.464962  0.611882  0.425258  0.317685  0.558181  0.331627 
23  0.808791  0.407146  0.441752  0.553983  0.494916  0.811047  0.625028  0.627857  0.744474  0.536986  0.655798  0.384914  0.567986  0.642218  0.718627  0.528213  0.442770  0.423130  0.683870  0.645317  0.456768  0.508073  0.380569 0.0  0.647059  0.643745  0.655638  0.607986  0.425778  0.593596  0.372598  0.582802  0.476940  0.312828  0.448990  0.390680  0.320500  0.498605  0.554349  0.549793  0.527380  0.726613  0.665105  0.679183  0.410905  0.693616  0.383501  0.825371  0.362965  0.491420  0.682144  0.530107  0.748953  0.614125  0.780237  0.750615  0.469936  0.752057  0.588008  0.688170  0.584268  0.565269  0.551218  0.532115  0.551081  0.861412  0.735366  0.280895  0.635590  0.536164  0.590692  0.606383  0.474915  0.679951  0.446602  0.703194  0.818870  0.636978  0.314646  0.295092  0.671708  0.701118  0.613781  0.551423  0.577224  0.458978  0.642918  0.561696  0.489443  0.497956  0.450264  0.586662  0.732910  0.492179  0.751042  0.650213  0.629823  0.482677  0.589448  0.672723  0.373363  0.581357  0.408753  0.524681  0.489279  0.609339  0.651465  0.567479  0.689902  0.432229  0.383517  0.597935  0.669998  0.527643  0.354339  0.679657  0.519350  0.813645  0.501196  0.378969  0.365450  0.554837  0.519843  0.408610  0.749741  0.526925  0.416335  0.631234  0.309191  0.259095  0.566741  0.561414  0.684239  0.512202  0.657215  0.491887  0.441566  0.626030  0.582113  0.521305  0.666774  0.605939  0.371844  0.522143  0.524334  0.314994 
24  0.571373  0.665883  0.718431  0.392334  0.565368  0.427989  0.649857  0.638767  0.333934  0.628494  0.616609  0.597430  0.594770  0.695527  0.550143  0.628887  0.596646  0.631413  0.380036  0.531210  0.603594  0.688943  0.591489  0.647059 0.0  0.564770  0.515152  0.507813  0.548605  0.531873  0.599542  0.687445  0.565106  0.565482  0.769596  0.602109  0.697208  0.646303  0.593037  0.719043  0.677503  0.468254  0.370321  0.374440  0.669344  0.306970  0.602854  0.427257  0.516415  0.523765  0.325012  0.727688  0.442001  0.482078  0.670617  0.520038  0.599664  0.447348  0.614660  0.612826  0.437267  0.526268  0.637371  0.657035  0.591434  0.483097  0.373135  0.676744  0.741658  0.602975  0.511574  0.550120  0.526866  0.434066  0.614320  0.468338  0.685979  0.514827  0.652498  0.644679  0.643209  0.524971  0.513820  0.671003  0.667802  0.681930  0.754938  0.661918  0.616739  0.678344  0.506253  0.704521  0.390770  0.645508  0.358449  0.544767  0.584077  0.646621  0.573172  0.586579  0.559349  0.539625  0.573462  0.450152  0.635675  0.558253  0.685675  0.703347  0.297774  0.731184  0.759784  0.458156  0.702845  0.502653  0.665413  0.575093  0.673722  0.459068  0.653205  0.776831  0.690326  0.636797  0.615762  0.649798  0.583465  0.600419  0.605510  0.496137  0.685985  0.625660  0.546750  0.632084  0.577820  0.579439  0.761303  0.507860  0.716782  0.705334  0.547227  0.644615  0.528515  0.599738  0.490508  0.591269  0.794862  0.726182 
25  0.608731  0.688037  0.644216  0.503297  0.524173  0.639115  0.541364  0.633552  0.583550  0.631235  0.712630  0.546102  0.591541  0.645424  0.624493  0.593798  0.543380  0.507642  0.542082  0.589070  0.599573  0.597190  0.603683  0.643745  0.564770 0.0  0.479696  0.541622  0.643346  0.617973  0.596971  0.572063  0.511658  0.674165  0.664818  0.605033  0.586032  0.546238  0.532565  0.723787  0.533696  0.651309  0.621335  0.573141  0.521750  0.600881  0.587369  0.639009  0.483200  0.607799  0.543037  0.568141  0.546869  0.542412  0.649010  0.445060  0.545677  0.616704  0.539230  0.620633  0.562320  0.534137  0.558368  0.626851  0.484041  0.593734  0.526191  0.607050  0.547037  0.526264  0.506849  0.611008  0.606238  0.521070  0.589824  0.672789  0.663891  0.640935  0.620135  0.672080  0.555272  0.607994  0.575391  0.583985  0.505575  0.500919  0.580036  0.597334  0.608469  0.643048  0.624370  0.634872  0.582374  0.564259  0.636212  0.676522  0.559608  0.536826  0.602417  0.525338  0.577311  0.534098  0.615417  0.538781  0.486080  0.565081  0.554294  0.465133  0.624165  0.795273  0.517639  0.661670  0.616837  0.629763  0.572260  0.626565  0.531876  0.581852  0.526606  0.571151  0.638646  0.628469  0.648378  0.539325  0.612932  0.523196  0.537766  0.700703  0.541901  0.674360  0.485017  0.583806  0.635742  0.600576  0.544512  0.602580  0.509203  0.650434  0.525873  0.541263  0.594236  0.605206  0.609983  0.622843  0.538557  0.497227 
26  0.510690  0.875969  0.833016  0.478466  0.524863  0.620599  0.485398  0.304664  0.553327  0.495731  0.614662  0.382295  0.566234  0.548316  0.500199  0.598953  0.492595  0.515204  0.441357  0.511626  0.447399  0.549302  0.540590  0.655638  0.515152  0.479696 0.0  0.592581  0.521443  0.505039  0.586165  0.568970  0.421117  0.646361  0.817772  0.444872  0.614138  0.621577  0.629560  0.510705  0.570170  0.515979  0.660262  0.617294  0.719475  0.576883  0.569434  0.532380  0.493935  0.534664  0.424650  0.637831  0.574716  0.451554  0.460321  0.558887  0.543318  0.423252  0.569108  0.390443  0.365096  0.338293  0.562487  0.688348  0.519591  0.527860  0.586536  0.698656  0.560955  0.358921  0.564072  0.617836  0.606605  0.493044  0.608011  0.499120  0.545777  0.733100  0.463264  0.641471  0.364713  0.513285  0.439736  0.620214  0.546770  0.526499  0.534658  0.627878  0.657589  0.448369  0.489794  0.698389  0.468257  0.546311  0.415152  0.459722  0.524771  0.594258  0.522717  0.434187  0.467130  0.257428  0.617012  0.350663  0.478234  0.462232  0.433141  0.645696  0.465255  0.614612  0.611439  0.801896  0.689507  0.599804  0.808327  0.473454  0.507926  0.455384  0.442192  0.802809  0.654208  0.586802  0.640230  0.625447  0.491177  0.311309  0.601857  0.463840  0.579904  0.618616  0.471773  0.530619  0.558330  0.651591  0.630626  0.586640  0.418245  0.600621  0.528103  0.667599  0.385199  0.721968  0.518142  0.535147  0.606810  0.492680 
