146
0 0.0  0.837884  0.903669  0.581752  0.535441  0.511753  0.512507  0.485673  0.554529  0.693957  0.650805  0.602272  0.621360  0.663293  0.445083  0.731035  0.606669  0.592895  0.552031  0.487997  0.558412  0.469765  0.612378  0.841172  0.528740  0.564387  0.564912  0.630241  0.713465  0.567726  0.737671  0.752411  0.627879  0.694304  0.934268  0.540875  0.907273  0.707012  0.628163  0.707611  0.656048  0.496932  0.601997  0.591616  0.792847  0.649602  0.683885  0.551107  0.612947  0.637111  0.569741  0.619271  0.533765  0.503322  0.473872  0.554792  0.614701  0.536539  0.548141  0.661203  0.568064  0.610833  0.786014  0.637835  0.578886  0.524905  0.654859  0.766978  0.623991  0.541748  0.522521  0.642157  0.688263  0.509887  0.700963  0.489266  0.632580  0.662856  0.735028  0.785806  0.558960  0.466727  0.556199  0.678219  0.557967  0.710301  0.653315  0.717245  0.690107  0.505313  0.811186  0.690243  0.458373  0.799849  0.479074  0.401977  0.581748  0.841539  0.643464  0.452952  0.639128  0.631404  0.602093  0.584276  0.512411  0.503918  0.457291  0.691686  0.488181  0.796338  0.745612  0.607048  0.753235  0.592037  0.759351  0.577532  0.638678  0.508842  0.730601  0.848619  0.670261  0.729445  0.665606  0.735748  0.490439  0.553694  0.593518  0.495663  0.669187  0.856269  0.608346  0.527633  0.449936  0.514928  0.844130  0.541178  0.588957  0.635498  0.710928  0.747920  0.466418  0.744894  0.576672  0.594628  0.853040  0.562880 
1  0.837884 0.0  0.352161  0.773372  0.665948  0.845427  0.734924  0.738853  0.910195  0.693079  0.624092  0.538245  0.467457  0.694871  0.834218  0.491052  0.502384  0.688518  0.786840  0.760959  0.509493  0.553100  0.524791  0.552998  0.699213  0.719114  0.753583  0.734457  0.651335  0.763633  0.526642  0.739469  0.606017  0.515049  0.458346  0.549034  0.490153  0.568097  0.702888  0.665148  0.655626  0.810063  0.783895  0.803121  0.409908  0.841059  0.482647  0.805455  0.569599  0.647167  0.802277  0.531232  0.811336  0.671418  0.739830  0.728160  0.585757  0.845869  0.632172  0.662731  0.823021  0.676855  0.642470  0.791787  0.706964  0.782080  0.790521  0.423527  0.634605  0.718051  0.782659  0.734359  0.570342  0.783392  0.578657  0.737847  0.774480  0.784252  0.499359  0.544362  0.839644  0.691918  0.681546  0.400842  0.668728  0.412990  0.658364  0.667604  0.541151  0.692458  0.477428  0.594386  0.942772  0.568990  0.860713  0.833668  0.729317  0.443067  0.676878  0.739334  0.586086  0.710256  0.491390  0.664053  0.611107  0.763385  0.671315  0.629646  0.871247  0.414243  0.554324  0.659188  0.759378  0.613460  0.617080  0.775174  0.611221  0.916279  0.720510  0.486063  0.595206  0.638365  0.734397  0.436199  0.822644  0.706794  0.465222  0.777986  0.490419  0.510116  0.642512  0.592441  0.645766  0.718913  0.675749  0.615313  0.629472  0.722311  0.564743  0.641875  0.733100  0.721287  0.599594  0.680628  0.511422  0.632210 
2  0.903669  0.352161 0.0  0.950490  0.629006  0.799616  0.699997  0.761384  0.800790  0.627758  0.581082  0.630601  0.659571  0.771697  0.842852  0.675766  0.670020  0.569196  0.707631  0.804935  0.628613  0.653719  0.608602  0.382811  0.764904  0.573264  0.827694  0.760852  0.636342  0.604474  0.525879  0.772548  0.704538  0.483732  0.365894  0.577787  0.534711  0.631454  0.622112  0.613958  0.611328  0.813751  0.846378  0.842445  0.430741  0.743724  0.518207  0.760807  0.656027  0.496033  0.679946  0.570187  0.761545  0.730192  0.813932  0.807839  0.589982  0.854321  0.591866  0.669237  0.781414  0.648460  0.593226  0.549228  0.643052  0.826394  0.864597  0.443033  0.623613  0.752775  0.705440  0.655459  0.588102  0.742575  0.443793  0.810957  0.784305  0.756448  0.524452  0.437279  0.764698  0.816853  0.577770  0.536612  0.665332  0.536180  0.659218  0.575143  0.635349  0.572617  0.481150  0.623620  0.931805  0.670458  0.707645  0.721523  0.672912  0.431731  0.709785  0.818891  0.663257  0.589764  0.537904  0.620169  0.531898  0.846853  0.695524  0.533357  0.820476  0.494657  0.462834  0.664356  0.632247  0.717992  0.530664  0.765966  0.613015  0.793521  0.602309  0.349564  0.599383  0.606425  0.487786  0.438963  0.831792  0.787612  0.651680  0.747585  0.459678  0.538868  0.577601  0.652175  0.672723  0.618346  0.661353  0.768444  0.587246  0.633755  0.674310  0.649322  0.856995  0.781747  0.693907  0.776146  0.594986  0.618505 
3  0.581752  0.773372  0.950490 0.0  0.678617  0.499246  0.462516  0.387169  0.380299  0.662510  0.581243  0.653439  0.516426  0.582813  0.391872  0.608141  0.505925  0.660617  0.338691  0.559667  0.535254  0.625748  0.521679  0.640899  0.448403  0.635458  0.509898  0.669082  0.646893  0.653922  0.686506  0.639007  0.617019  0.629222  0.831744  0.567726  0.796875  0.745841  0.783692  0.702803  0.650786  0.451167  0.395528  0.412106  0.873782  0.427108  0.575641  0.390286  0.613768  0.678885  0.381887  0.614278  0.290015  0.477394  0.636064  0.431467  0.690677  0.367602  0.667090  0.719087  0.220602  0.547360  0.619480  0.670232  0.566229  0.296978  0.394613  0.678714  0.608570  0.565517  0.532856  0.600944  0.670729  0.431812  0.813733  0.393621  0.773419  0.660319  0.589246  0.670376  0.540484  0.580800  0.464161  0.656851  0.540057  0.593390  0.657620  0.524692  0.647500  0.490505  0.725551  0.681640  0.286034  0.605161  0.386029  0.550610  0.490963  0.728425  0.499299  0.575839  0.549054  0.368005  0.694580  0.548160  0.540781  0.555591  0.478382  0.837732  0.343547  0.602201  0.577757  0.635698  0.810939  0.580675  0.774155  0.636945  0.628637  0.398106  0.610128  0.813423  0.692427  0.665214  0.670081  0.605927  0.523650  0.535781  0.669102  0.693398  0.606036  0.781764  0.712162  0.606742  0.583294  0.572743  0.785521  0.604383  0.522569  0.544000  0.718966  0.727416  0.453895  0.732875  0.492260  0.454771  0.586590  0.521713 
4  0.535441  0.665948  0.629006  0.678617 0.0  0.615992  0.608347  0.659028  0.526451  0.560770  0.569782  0.529933  0.698197  0.714031  0.613817  0.530756  0.506474  0.538209  0.605732  0.445646  0.616409  0.637043  0.513225  0.566416  0.488215  0.640958  0.717177  0.522556  0.637648  0.557606  0.489430  0.477176  0.680491  0.646937  0.608479  0.657571  0.636326  0.561379  0.548636  0.634525  0.610936  0.644315  0.418890  0.457192  0.720118  0.619812  0.709426  0.529085  0.414133  0.523017  0.605536  0.543228  0.575270  0.519129  0.667667  0.581162  0.564390  0.510910  0.702026  0.685545  0.691180  0.733006  0.688796  0.517731  0.714892  0.563803  0.566692  0.661462  0.560080  0.686892  0.470801  0.628458  0.577199  0.574094  0.487336  0.533563  0.649992  0.686196  0.437560  0.594687  0.572298  0.572745  0.529474  0.762508  0.499403  0.525512  0.652485  0.511939  0.498702  0.501500  0.673285  0.537914  0.627265  0.612162  0.499367  0.598037  0.654236  0.735768  0.577836  0.678757  0.424586  0.528146  0.695257  0.570019  0.524397  0.533312  0.525980  0.672625  0.449260  0.637530  0.662890  0.376690  0.606934  0.488067  0.521224  0.466953  0.567382  0.652971  0.616887  0.560422  0.473863  0.394586  0.314222  0.487738  0.559181  0.752440  0.578579  0.443875  0.512966  0.619588  0.444818  0.651057  0.559092  0.438125  0.502520  0.579083  0.634406  0.665915  0.534923  0.674040  0.694574  0.474993  0.529782  0.621334  0.589848  0.611752 
5  0.511753  0.845427  0.799616  0.499246  0.615992 0.0  0.558756  0.717897  0.341181  0.556389  0.620517  0.707718  0.536831  0.676805  0.321911  0.670589  0.651089  0.677079  0.440069  0.471013  0.722602  0.729395  0.699908  0.814097  0.456538  0.669098  0.548659  0.782353  0.783492  0.626926  0.735378  0.694975  0.605195  0.733728  0.864936  0.683428  0.752170  0.608937  0.658512  0.646690  0.685946  0.464966  0.365592  0.470326  0.573384  0.437494  0.885873  0.396015  0.510805  0.667630  0.474577  0.646353  0.366293  0.534162  0.692818  0.597734  0.757222  0.473283  0.746897  0.789825  0.509114  0.721550  0.643111  0.718054  0.685858  0.398973  0.479480  0.737273  0.725546  0.560290  0.698014  0.749843  0.708168  0.441134  0.688218  0.532974  0.637487  0.587178  0.694066  0.770841  0.724148  0.585734  0.623305  0.691709  0.612300  0.700301  0.649050  0.677192  0.705665  0.712965  0.673819  0.665045  0.296378  0.698144  0.276899  0.439756  0.758363  0.701171  0.597908  0.758892  0.639883  0.595644  0.748010  0.495415  0.734864  0.693578  0.654262  0.764419  0.381399  0.789833  0.731743  0.641739  0.814209  0.511481  0.715532  0.643705  0.646494  0.352871  0.747521  0.807949  0.629338  0.796488  0.733149  0.697123  0.638592  0.670457  0.741022  0.576867  0.696159  0.771377  0.527216  0.728760  0.505001  0.556717  0.672609  0.596437  0.760734  0.587377  0.694505  0.821043  0.757910  0.961333  0.724668  0.791667  0.683660  0.712182 
6  0.512507  0.734924  0.699997  0.462516  0.608347  0.558756 0.0  0.613094  0.706524  0.488364  0.687472  0.510549  0.581987  0.753873  0.559350  0.533715  0.609589  0.602686  0.579543  0.517639  0.484414  0.566611  0.587519  0.647240  0.607316  0.438834  0.441298  0.518022  0.609863  0.607738  0.581952  0.501047  0.497246  0.602509  0.671185  0.608879  0.502348  0.691975  0.676724  0.572934  0.620423  0.533074  0.557241  0.590243  0.715238  0.516065  0.581139  0.526690  0.549013  0.554233  0.718252  0.511563  0.508833  0.528509  0.499967  0.501522  0.496259  0.663472  0.490765  0.597680  0.579477  0.484150  0.637807  0.599474  0.608596  0.558869  0.613780  0.633766  0.625828  0.617638  0.522251  0.595086  0.469878  0.427176  0.617737  0.424600  0.583296  0.670624  0.707116  0.652629  0.608968  0.619012  0.473481  0.489882  0.531817  0.596970  0.635403  0.514062  0.640860  0.571897  0.539185  0.658477  0.603342  0.668922  0.526264  0.541950  0.577424  0.679475  0.480397  0.454277  0.667433  0.492392  0.428605  0.500143  0.569929  0.452605  0.521888  0.621405  0.500409  0.782181  0.542210  0.629415  0.630825  0.469847  0.658064  0.671652  0.637014  0.522844  0.645633  0.722419  0.702310  0.626986  0.694354  0.629132  0.730950  0.558843  0.555832  0.480876  0.575423  0.706721  0.576511  0.635095  0.766382  0.636053  0.603370  0.539312  0.653440  0.600717  0.563374  0.552166  0.580597  0.627509  0.579915  0.614902  0.604589  0.578381 
7  0.485673  0.738853  0.761384  0.387169  0.659028  0.717897  0.613094 0.0  0.776249  0.494610  0.690770  0.525776  0.541018  0.625422  0.460658  0.548674  0.505734  0.517998  0.584863  0.562493  0.445143  0.550863  0.355015  0.635219  0.541410  0.580705  0.218317  0.616022  0.474783  0.644000  0.560558  0.608326  0.254728  0.513809  0.743042  0.310760  0.452775  0.611424  0.770268  0.532980  0.713304  0.576713  0.680826  0.557785  0.690156  0.648233  0.480835  0.443585  0.342621  0.535393  0.461353  0.593364  0.415248  0.438119  0.633465  0.439135  0.416969  0.516448  0.567547  0.372896  0.441787  0.254458  0.468391  0.635400  0.509194  0.549800  0.703880  0.684523  0.474784  0.394920  0.561816  0.690795  0.608277  0.659103  0.686364  0.486537  0.558633  0.765749  0.551295  0.700498  0.281482  0.482398  0.557348  0.581380  0.429241  0.610347  0.479921  0.507122  0.658784  0.469040  0.527146  0.730042  0.409854  0.655055  0.415457  0.525273  0.496893  0.590842  0.451243  0.366624  0.672465  0.232923  0.479240  0.305299  0.525843  0.517875  0.441302  0.825751  0.588787  0.619705  0.532859  0.742492  0.773406  0.607306  0.633008  0.473515  0.536382  0.544940  0.573475  0.690779  0.559647  0.711033  0.633608  0.616210  0.502024  0.217979  0.467877  0.694433  0.655667  0.671808  0.554776  0.464959  0.632440  0.555514  0.741612  0.468402  0.484894  0.597737  0.625855  0.698813  0.413776  0.633156  0.445630  0.486992  0.609441  0.414735 
8  0.554529  0.910195  0.800790  0.380299  0.526451  0.341181  0.706524  0.776249 0.0  0.467713  0.577699  0.565971  0.598860  0.767555  0.375024  0.730589  0.654656  0.637767  0.403074  0.496010  0.776455  0.671707  0.654395  0.852049  0.386110  0.549893  0.528517  0.607441  0.628433  0.514082  0.576167  0.694686  0.655562  0.695134  0.777713  0.673597  0.814363  0.839906  0.610266  0.724101  0.833775  0.461411  0.333739  0.545029  0.778009  0.252596  0.712708  0.393836  0.537442  0.686562  0.466179  0.743117  0.365996  0.528467  0.567310  0.543575  0.559367  0.539138  0.581460  0.710102  0.463411  0.782750  0.621686  0.732392  0.692935  0.285505  0.380492  0.776898  0.640311  0.556725  0.607486  0.667056  0.640325  0.381584  0.570346  0.498689  0.649429  0.607770  0.727505  0.707606  0.739860  0.563657  0.552755  0.835746  0.564363  0.653690  0.720916  0.654989  0.785261  0.597762  0.723302  0.745867  0.349342  0.871258  0.440409  0.494890  0.728024  0.812952  0.744042  0.741475  0.616794  0.654324  0.667423  0.572459  0.696688  0.574242  0.674767  0.665071  0.396241  0.716059  0.650228  0.520511  0.675197  0.395262  0.746333  0.660542  0.619035  0.469878  0.846642  0.752835  0.663805  0.679557  0.662018  0.808078  0.571728  0.650699  0.621003  0.589944  0.626423  0.835714  0.532330  0.678401  0.463272  0.477359  0.750771  0.632266  0.637132  0.685214  0.607592  0.687732  0.641616  0.678703  0.722856  0.662298  0.770012  0.676568 
9  0.693957  0.693079  0.627758  0.662510  0.560770  0.556389  0.488364  0.494610  0.467713 0.0  0.713901  0.359644  0.626940  0.739701  0.556484  0.451238  0.334526  0.395160  0.742740  0.506343  0.410092  0.552570  0.397934  0.554953  0.653542  0.585040  0.430093  0.591251  0.458263  0.415918  0.491667  0.602450  0.547868  0.616248  0.587446  0.490544  0.583781  0.547691  0.499054  0.720152  0.519423  0.659065  0.521395  0.537354  0.484239  0.443308  0.611204  0.584428  0.239838  0.354931  0.582633  0.595152  0.616446  0.448752  0.647439  0.509986  0.511787  0.671657  0.469013  0.571271  0.562865  0.661528  0.488787  0.517475  0.487444  0.677975  0.598233  0.628831  0.360483  0.465149  0.534991  0.612770  0.578634  0.610448  0.638565  0.546250  0.670902  0.663871  0.405641  0.655848  0.656894  0.619213  0.555115  0.494662  0.555477  0.425888  0.571376  0.409756  0.529687  0.488037  0.552320  0.525061  0.647124  0.624402  0.480133  0.632405  0.648183  0.662223  0.497895  0.529790  0.581305  0.489305  0.562717  0.484888  0.495124  0.556566  0.548069  0.437476  0.547726  0.496875  0.448119  0.440557  0.540433  0.540591  0.418128  0.576733  0.391091  0.638766  0.677732  0.536592  0.572166  0.437963  0.520535  0.471368  0.647565  0.625888  0.426612  0.484534  0.558070  0.531155  0.424974  0.554429  0.491906  0.332321  0.544876  0.559946  0.494629  0.446469  0.558688  0.486909  0.657894  0.608081  0.534321  0.563995  0.633211  0.574027 
10  0.650805  0.624092  0.581082  0.581243  0.569782  0.620517  0.687472  0.690770  0.577699  0.713901 0.0  0.571212  0.550240  0.576539  0.603146  0.647799  0.648511  0.643609  0.662800  0.614892  0.698834  0.584265  0.644306  0.601687  0.536066  0.743080  0.675032  0.696511  0.709543  0.550601  0.643047  0.494891  0.712022  0.568464  0.650537  0.630296  0.687981  0.656896  0.592710  0.614059  0.688980  0.665765  0.517961  0.612938  0.580232  0.770711  0.633750  0.499607  0.709238  0.650151  0.613941  0.600506  0.571580  0.528542  0.549628  0.560478  0.677547  0.769976  0.606608  0.688932  0.649982  0.701605  0.774856  0.742341  0.693284  0.769554  0.546438  0.761785  0.568781  0.645381  0.607692  0.687980  0.621715  0.627373  0.623403  0.606889  0.559660  0.558464  0.653924  0.612591  0.617554  0.784364  0.717244  0.586826  0.632037  0.621513  0.658214  0.609777  0.581851  0.602369  0.708256  0.653816  0.609534  0.696569  0.519322  0.662600  0.589789  0.697250  0.649747  0.569344  0.599484  0.586829  0.621811  0.633180  0.599380  0.590404  0.641949  0.736398  0.553450  0.600663  0.668463  0.581998  0.565441  0.610850  0.541811  0.483742  0.762525  0.492993  0.639747  0.653774  0.670135  0.606152  0.606093  0.593967  0.590374  0.669532  0.676005  0.736410  0.705981  0.616576  0.660379  0.591646  0.690387  0.556000  0.708393  0.570800  0.690102  0.593735  0.714696  0.698650  0.616562  0.603991  0.755626  0.688417  0.676199  0.627710 
11  0.602272  0.538245  0.630601  0.653439  0.529933  0.707718  0.510549  0.525776  0.565971  0.359644  0.571212 0.0  0.538079  0.777429  0.711697  0.446466  0.462723  0.480112  0.611043  0.536690  0.346310  0.637928  0.341192  0.508269  0.678482  0.607375  0.431924  0.518395  0.250168  0.532113  0.402895  0.717939  0.528171  0.386209  0.531798  0.366280  0.293310  0.534570  0.624043  0.620175  0.519863  0.820014  0.671644  0.586587  0.512161  0.534462  0.406123  0.690120  0.187796  0.443626  0.540387  0.450002  0.645856  0.507824  0.566652  0.466617  0.422738  0.738138  0.353137  0.639889  0.512745  0.398997  0.354874  0.549855  0.470770  0.669519  0.593958  0.498031  0.394292  0.483845  0.531830  0.745253  0.542785  0.622625  0.388262  0.618451  0.690485  0.598188  0.298322  0.662878  0.629711  0.668806  0.533961  0.475277  0.462430  0.324455  0.562411  0.452416  0.540865  0.505816  0.277099  0.568207  0.779893  0.613314  0.529384  0.657162  0.636120  0.637388  0.526988  0.446357  0.342621  0.437787  0.412879  0.523279  0.436414  0.617049  0.626900  0.470221  0.541790  0.450851  0.220813  0.570105  0.639682  0.359046  0.476440  0.667832  0.389772  0.740184  0.485075  0.585770  0.492256  0.471269  0.610475  0.378148  0.709982  0.461420  0.193190  0.634593  0.420110  0.452739  0.386417  0.467823  0.541351  0.322870  0.567247  0.643845  0.456596  0.440089  0.715664  0.294013  0.582925  0.603985  0.454183  0.407228  0.504178  0.339796 
12  0.621360  0.467457  0.659571  0.516426  0.698197  0.536831  0.581987  0.541018  0.598860  0.626940  0.550240  0.538079 0.0  0.628824  0.565111  0.565175  0.557970  0.605725  0.443559  0.577543  0.595946  0.490331  0.537487  0.755255  0.601888  0.508624  0.598647  0.555165  0.640122  0.733851  0.486284  0.719339  0.485181  0.483217  0.700299  0.511093  0.467292  0.457983  0.690601  0.669270  0.491146  0.667199  0.587165  0.515387  0.553826  0.639727  0.594828  0.658502  0.505308  0.511546  0.482241  0.557025  0.533604  0.489113  0.584853  0.609437  0.508325  0.656596  0.596819  0.625496  0.629462  0.618455  0.542570  0.581453  0.569589  0.570024  0.460212  0.448809  0.632812  0.521672  0.682671  0.629901  0.637633  0.619238  0.646292  0.591541  0.738965  0.618303  0.658848  0.571411  0.554832  0.661925  0.554554  0.635590  0.565163  0.543516  0.549904  0.515779  0.438459  0.646989  0.523476  0.555753  0.589660  0.608325  0.599052  0.627007  0.457597  0.659453  0.599377  0.608610  0.579305  0.609955  0.594605  0.552670  0.533981  0.496027  0.597008  0.581250  0.659088  0.555383  0.563448  0.719953  0.743567  0.613524  0.681959  0.617482  0.661678  0.649251  0.628180  0.628515  0.606455  0.623443  0.695404  0.561103  0.662654  0.625094  0.538809  0.776870  0.526010  0.679387  0.583375  0.552182  0.560376  0.568098  0.571289  0.702075  0.472782  0.594814  0.501425  0.550853  0.485047  0.693571  0.589031  0.581736  0.671762  0.562076 
13  0.663293  0.694871  0.771697  0.582813  0.714031  0.676805  0.753873  0.625422  0.767555  0.739701  0.576539  0.777429  0.628824 0.0  0.649089  0.689624  0.682802  0.696246  0.583288  0.689423  0.588225  0.736865  0.704111  0.731643  0.693224  0.615154  0.699112  0.653493  0.690202  0.560428  0.760626  0.498786  0.690860  0.656775  0.656929  0.629368  0.631907  0.662648  0.607080  0.658274  0.727652  0.612296  0.664834  0.682816  0.671849  0.667697  0.643655  0.660852  0.677889  0.657052  0.621673  0.725854  0.668823  0.616037  0.648658  0.705745  0.671491  0.572238  0.629046  0.728761  0.616924  0.586840  0.692696  0.637293  0.694890  0.692658  0.693408  0.687619  0.628309  0.734582  0.639896  0.751294  0.667916  0.699765  0.544899  0.686503  0.704029  0.746098  0.654499  0.621841  0.588444  0.651920  0.694334  0.541196  0.693552  0.662866  0.703989  0.654310  0.781262  0.602625  0.670010  0.638934  0.510379  0.735201  0.639984  0.588192  0.590388  0.710327  0.660651  0.627609  0.636507  0.635724  0.673070  0.641067  0.607043  0.685060  0.611361  0.648576  0.609725  0.614509  0.779952  0.644691  0.608158  0.808030  0.614459  0.570808  0.603632  0.575965  0.591652  0.647733  0.742545  0.664517  0.631791  0.770969  0.656559  0.585498  0.701145  0.647611  0.679673  0.609065  0.611071  0.594566  0.651957  0.809918  0.754148  0.617575  0.525781  0.672349  0.542929  0.614696  0.678047  0.686135  0.571171  0.665267  0.561678  0.578379 
14  0.445083  0.834218  0.842852  0.391872  0.613817  0.321911  0.559350  0.460658  0.375024  0.556484  0.603146  0.711697  0.565111  0.649089 0.0  0.725595  0.702224  0.594052  0.359086  0.384131  0.692422  0.714897  0.668471  0.814188  0.463310  0.471465  0.458506  0.728120  0.640115  0.682949  0.651546  0.589170  0.496562  0.665301  0.885945  0.571074  0.683100  0.800284  0.707089  0.624711  0.806068  0.389529  0.399758  0.442637  0.667224  0.479844  0.632410  0.441730  0.667253  0.692212  0.347568  0.556014  0.401405  0.621398  0.565618  0.563995  0.486333  0.354290  0.623367  0.627293  0.240581  0.655440  0.641805  0.800392  0.569345  0.324280  0.497484  0.626667  0.624772  0.547615  0.761683  0.468322  0.603768  0.493212  0.674519  0.401766  0.757532  0.590975  0.706655  0.658617  0.564051  0.529719  0.551134  0.749023  0.564641  0.579780  0.681196  0.556475  0.797516  0.446307  0.835515  0.732039  0.330728  0.629417  0.372881  0.318164  0.444228  0.792552  0.569937  0.536172  0.645973  0.500762  0.611260  0.652196  0.609505  0.626896  0.585775  0.681412  0.303426  0.766702  0.454687  0.649203  0.762644  0.517748  0.634593  0.602165  0.617412  0.280552  0.780683  0.844349  0.704618  0.689912  0.675780  0.587061  0.477765  0.402015  0.757200  0.509566  0.562565  0.817307  0.629806  0.579475  0.451131  0.568829  0.723630  0.607905  0.561951  0.501023  0.604385  0.769915  0.602636  0.710948  0.656606  0.580406  0.699638  0.556124 
15  0.731035  0.491052  0.675766  0.608141  0.530756  0.670589  0.533715  0.548674  0.730589  0.451238  0.647799  0.446466  0.565175  0.689624  0.725595 0.0  0.482025  0.548290  0.637146  0.531911  0.395889  0.596348  0.428023  0.484818  0.711702  0.695111  0.554103  0.618375  0.467458  0.591853  0.597320  0.638232  0.635648  0.433982  0.506577  0.549889  0.573195  0.607581  0.508820  0.623574  0.589108  0.663447  0.671344  0.650494  0.598569  0.648699  0.517623  0.743598  0.417436  0.457545  0.614385  0.365673  0.730027  0.513489  0.777155  0.460205  0.460688  0.759569  0.648494  0.652058  0.500749  0.638703  0.453241  0.536617  0.579624  0.662046  0.751413  0.574601  0.402672  0.728307  0.600318  0.656175  0.406264  0.667004  0.442156  0.617089  0.715048  0.625709  0.443376  0.363995  0.540344  0.678916  0.597130  0.493074  0.409494  0.465712  0.524422  0.390876  0.552223  0.501176  0.501118  0.522852  0.687548  0.408315  0.753687  0.714949  0.522712  0.569131  0.481726  0.609069  0.506064  0.564149  0.579687  0.626770  0.637350  0.588778  0.570183  0.633808  0.605912  0.527498  0.566015  0.586777  0.553904  0.471004  0.554743  0.594251  0.558771  0.627368  0.510583  0.662983  0.399276  0.659849  0.445864  0.360805  0.752176  0.665641  0.437351  0.586712  0.549711  0.528199  0.431870  0.482652  0.634586  0.522747  0.473491  0.566386  0.497427  0.644612  0.494777  0.564579  0.591081  0.513583  0.483217  0.645900  0.563188  0.550866 
16  0.606669  0.502384  0.670020  0.505925  0.506474  0.651089  0.609589  0.505734  0.654656  0.334526  0.648511  0.462723  0.557970  0.682802  0.702224  0.482025 0.0  0.374421  0.597633  0.523493  0.402627  0.552222  0.373972  0.608831  0.738275  0.529336  0.576745  0.529979  0.391040  0.600252  0.389737  0.562442  0.430673  0.364727  0.725746  0.330748  0.439259  0.392253  0.614306  0.643792  0.516926  0.698273  0.636968  0.503615  0.487161  0.679057  0.476933  0.525477  0.391661  0.345444  0.559394  0.533757  0.690485  0.457785  0.526974  0.445952  0.376436  0.606943  0.481426  0.704356  0.554188  0.594514  0.521354  0.518932  0.596575  0.592353  0.639577  0.413908  0.415540  0.523373  0.417303  0.778607  0.413171  0.653697  0.431853  0.596014  0.687769  0.674418  0.341638  0.477332  0.692245  0.734140  0.529627  0.433103  0.437212  0.365506  0.509609  0.471953  0.419649  0.419025  0.483282  0.469044  0.699015  0.386487  0.512287  0.593941  0.527094  0.608634  0.447773  0.535982  0.431407  0.550584  0.651739  0.530443  0.398052  0.473365  0.596553  0.527931  0.514539  0.599687  0.494983  0.595320  0.642264  0.424260  0.451934  0.559685  0.409982  0.685121  0.471499  0.559396  0.442542  0.488367  0.628668  0.367596  0.596494  0.541726  0.330388  0.545358  0.498765  0.528119  0.457604  0.440919  0.479020  0.452709  0.529300  0.695113  0.534805  0.493782  0.640457  0.438545  0.672801  0.651434  0.443087  0.435711  0.425095  0.479866 
17  0.592895  0.688518  0.569196  0.660617  0.538209  0.677079  0.602686  0.517998  0.637767  0.395160  0.643609  0.480112  0.605725  0.696246  0.594052  0.548290  0.374421 0.0  0.555255  0.710238  0.504411  0.588806  0.419843  0.502174  0.552198  0.595002  0.475321  0.515832  0.399126  0.487501  0.394673  0.644959  0.507228  0.423515  0.560468  0.491145  0.483855  0.496886  0.634234  0.647945  0.475676  0.701012  0.604102  0.512315  0.577448  0.565968  0.605440  0.639625  0.475944  0.343126  0.548620  0.578006  0.688071  0.540849  0.592328  0.460075  0.427892  0.709315  0.456575  0.645699  0.488150  0.471634  0.489375  0.566896  0.474564  0.739185  0.582814  0.505511  0.477957  0.584685  0.465826  0.615279  0.451712  0.661269  0.504352  0.661539  0.640152  0.539014  0.344390  0.593135  0.596724  0.674400  0.566273  0.553164  0.469991  0.514188  0.560202  0.541934  0.480901  0.434212  0.505776  0.607585  0.582035  0.522057  0.684098  0.563093  0.583480  0.581888  0.617071  0.555101  0.491139  0.513794  0.370944  0.507868  0.435653  0.657169  0.607994  0.484923  0.582510  0.513556  0.452530  0.657949  0.566461  0.565673  0.382370  0.518493  0.388902  0.678592  0.475039  0.457093  0.468904  0.482723  0.505252  0.479982  0.582194  0.547172  0.407913  0.581751  0.338355  0.458509  0.404073  0.532241  0.671295  0.500440  0.510405  0.633700  0.489326  0.528284  0.605701  0.410130  0.617985  0.597184  0.545115  0.483260  0.609880  0.489141 
18  0.552031  0.786840  0.707631  0.338691  0.605732  0.440069  0.579543  0.584863  0.403074  0.742740  0.662800  0.611043  0.443559  0.583288  0.359086  0.637146  0.597633  0.555255 0.0  0.522641  0.672516  0.555648  0.661910  0.705449  0.453281  0.490845  0.473047  0.547992  0.605379  0.667775  0.614379  0.614397  0.551524  0.583599  0.725031  0.534166  0.719763  0.530073  0.682247  0.703963  0.693611  0.493774  0.468855  0.477698  0.739511  0.462653  0.680272  0.475771  0.472628  0.645982  0.392889  0.651455  0.276624  0.459408  0.615587  0.460002  0.682672  0.348457  0.709065  0.596632  0.298107  0.645322  0.768795  0.647686  0.598910  0.264876  0.539327  0.603251  0.449011  0.518860  0.501525  0.640694  0.643854  0.431635  0.689776  0.448196  0.683469  0.681957  0.657949  0.800615  0.533797  0.533144  0.608149  0.654360  0.594876  0.766057  0.499928  0.583703  0.617040  0.696288  0.730469  0.708514  0.343239  0.572997  0.325800  0.431404  0.413426  0.751996  0.563117  0.505280  0.545742  0.522248  0.642301  0.551389  0.635997  0.478078  0.531574  0.702802  0.438290  0.656934  0.761447  0.687878  0.786883  0.511609  0.672209  0.507011  0.551528  0.294776  0.638261  0.821647  0.669276  0.821345  0.733676  0.627090  0.464398  0.505202  0.643005  0.549717  0.676057  0.811229  0.562976  0.549032  0.483379  0.621688  0.669741  0.505986  0.543335  0.579368  0.514636  0.760904  0.492856  0.704324  0.554899  0.593133  0.717628  0.606043 
19  0.487997  0.760959  0.804935  0.559667  0.445646  0.471013  0.517639  0.562493  0.496010  0.506343  0.614892  0.536690  0.577543  0.689423  0.384131  0.531911  0.523493  0.710238  0.522641 0.0  0.503423  0.633718  0.511935  0.653414  0.595093  0.593619  0.575490  0.538455  0.549440  0.651654  0.446883  0.587773  0.599451  0.711933  0.699404  0.654967  0.607751  0.694463  0.666198  0.664323  0.573893  0.500211  0.610145  0.500115  0.638391  0.548040  0.621467  0.433873  0.493640  0.627525  0.530391  0.673865  0.503097  0.463179  0.477680  0.571444  0.532893  0.516097  0.693294  0.533516  0.468771  0.671105  0.586773  0.527867  0.639074  0.512638  0.543385  0.655650  0.574581  0.589999  0.663584  0.633044  0.520909  0.558416  0.533831  0.476227  0.607809  0.668544  0.641351  0.722311  0.552648  0.539379  0.630045  0.698078  0.507811  0.570479  0.692827  0.592184  0.555164  0.528157  0.476754  0.679031  0.451193  0.670646  0.353952  0.452020  0.517906  0.701551  0.525498  0.705743  0.509188  0.496116  0.447600  0.481692  0.603702  0.532474  0.603008  0.621196  0.442434  0.687854  0.582723  0.635492  0.661552  0.479044  0.604738  0.384758  0.499161  0.496619  0.538555  0.732471  0.627062  0.565273  0.546635  0.553611  0.525094  0.660999  0.564409  0.561215  0.576869  0.681940  0.498342  0.506019  0.557720  0.407683  0.581837  0.584606  0.588379  0.510664  0.651649  0.567377  0.569207  0.680598  0.582462  0.553991  0.805984  0.507215 
20  0.558412  0.509493  0.628613  0.535254  0.616409  0.722602  0.484414  0.445143  0.776455  0.410092  0.698834  0.346310  0.595946  0.588225  0.692422  0.395889  0.402627  0.504411  0.672516  0.503423 0.0  0.494099  0.423658  0.573465  0.573670  0.541824  0.589053  0.542752  0.407396  0.614054  0.514281  0.713248  0.469187  0.523146  0.486621  0.387860  0.370434  0.571313  0.578847  0.652707  0.504019  0.692346  0.533956  0.535515  0.653237  0.676445  0.416171  0.619083  0.332028  0.286680  0.607950  0.589041  0.768375  0.627328  0.539182  0.616622  0.403001  0.579455  0.544187  0.565045  0.524261  0.453402  0.413327  0.511525  0.406031  0.666864  0.549454  0.599161  0.413603  0.457089  0.483316  0.546627  0.374409  0.719754  0.517065  0.522585  0.695057  0.745063  0.385586  0.630353  0.489378  0.556164  0.504958  0.416137  0.333453  0.467707  0.691248  0.410440  0.394899  0.393792  0.399848  0.486871  0.623704  0.567071  0.627145  0.645668  0.579598  0.526468  0.324688  0.471867  0.514701  0.517799  0.510248  0.545214  0.547063  0.530053  0.487148  0.565926  0.668493  0.534824  0.425668  0.550337  0.758507  0.471144  0.464824  0.444145  0.313194  0.697370  0.461981  0.584438  0.492765  0.397387  0.679597  0.474676  0.544237  0.512357  0.342898  0.590653  0.439447  0.412305  0.425934  0.483608  0.464116  0.430049  0.532553  0.665556  0.371934  0.456195  0.470853  0.468189  0.461378  0.595567  0.547134  0.355111  0.562025  0.419989 
21  0.469765  0.553100  0.653719  0.625748  0.637043  0.729395  0.566611  0.550863  0.671707  0.552570  0.584265  0.637928  0.490331  0.736865  0.714897  0.596348  0.552222  0.588806  0.555648  0.633718  0.494099 0.0  0.599057  0.582844  0.625553  0.675059  0.627551  0.601504  0.598630  0.686275  0.566973  0.716287  0.570946  0.671097  0.543071  0.497642  0.492271  0.592191  0.628574  0.598553  0.588885  0.620489  0.639996  0.601207  0.615062  0.538933  0.535622  0.617296  0.647028  0.471613  0.693285  0.647881  0.614680  0.518903  0.542607  0.529959  0.409144  0.656958  0.548161  0.570552  0.628350  0.563030  0.573132  0.483521  0.587126  0.641476  0.520126  0.572963  0.488420  0.619898  0.633370  0.694443  0.733429  0.724536  0.595258  0.569771  0.695287  0.643722  0.487388  0.619822  0.520782  0.691144  0.646154  0.612087  0.540458  0.607337  0.691663  0.662032  0.488401  0.668227  0.515317  0.549932  0.518106  0.575230  0.596521  0.591519  0.549775  0.577019  0.622573  0.583268  0.568758  0.582810  0.569571  0.527104  0.605478  0.576613  0.480700  0.607837  0.581600  0.624043  0.662789  0.671492  0.666005  0.629226  0.605745  0.632312  0.628279  0.507680  0.562174  0.577307  0.554963  0.571434  0.611003  0.530685  0.527044  0.614587  0.661083  0.606369  0.510341  0.549013  0.558299  0.641431  0.647640  0.618679  0.545118  0.717632  0.562340  0.672271  0.514379  0.597753  0.622001  0.634720  0.559108  0.659514  0.675207  0.610582 
22  0.612378  0.524791  0.608602  0.521679  0.513225  0.699908  0.587519  0.355015  0.654395  0.397934  0.644306  0.341192  0.537487  0.704111  0.668471  0.428023  0.373972  0.419843  0.661910  0.511935  0.423658  0.599057 0.0  0.441045  0.661949  0.527285  0.419564  0.484542  0.304259  0.523108  0.381103  0.575717  0.584037  0.475517  0.627436  0.453287  0.251133  0.475071  0.615255  0.787271  0.490051  0.673045  0.687903  0.525491  0.442860  0.670789  0.419214  0.556238  0.291331  0.427092  0.587564  0.419340  0.557858  0.480598  0.630773  0.522823  0.345340  0.609266  0.376792  0.544559  0.519409  0.350232  0.309634  0.591774  0.309767  0.457201  0.677144  0.437342  0.568504  0.460628  0.573442  0.588180  0.480766  0.617295  0.399565  0.577739  0.767753  0.656226  0.392152  0.584303  0.589903  0.682048  0.473969  0.434325  0.364216  0.431865  0.491361  0.493742  0.428910  0.508958  0.455875  0.494931  0.645038  0.516061  0.571457  0.446336  0.490390  0.498372  0.459276  0.463862  0.494391  0.384787  0.388822  0.413247  0.534195  0.518692  0.649260  0.432705  0.465214  0.508451  0.379895  0.629604  0.753630  0.403329  0.556954  0.603131  0.375563  0.605256  0.587301  0.589013  0.381391  0.460970  0.616878  0.420437  0.743660  0.516590  0.397274  0.519608  0.381966  0.378641  0.405791  0.547154  0.544823  0.354880  0.479791  0.555200  0.425367  0.566536  0.513504  0.429266  0.509130  0.593088  0.546829  0.431641  0.463438  0.345918 
23  0.841172  0.552998  0.382811  0.640899  0.566416  0.814097  0.647240  0.635219  0.852049  0.554953  0.601687  0.508269  0.755255  0.731643  0.814188  0.484818  0.608831  0.502174  0.705449  0.653414  0.573465  0.582844  0.441045 0.0  0.728080  0.669832  0.762609  0.588831  0.440524  0.541257  0.469730  0.780672  0.498373  0.315079  0.473971  0.514096  0.290116  0.462295  0.678457  0.508981  0.498517  0.821960  0.870116  0.750302  0.521244  0.718498  0.395186  0.798799  0.447324  0.489125  0.702477  0.521404  0.659627  0.640555  0.713657  0.654807  0.504227  0.875653  0.593901  0.538623  0.604421  0.550389  0.582626  0.505672  0.477891  0.664710  0.659236  0.389939  0.580656  0.572186  0.744406  0.760307  0.563103  0.765688  0.353788  0.633216  0.744620  0.651810  0.378190  0.449105  0.798053  0.702147  0.631384  0.491340  0.563422  0.391939  0.685771  0.518706  0.493548  0.499151  0.464376  0.530582  0.816173  0.497682  0.668102  0.701107  0.536478  0.524290  0.427593  0.674529  0.596661  0.563233  0.547317  0.679121  0.510720  0.740870  0.683100  0.596051  0.678428  0.507189  0.504019  0.626349  0.821478  0.618950  0.486876  0.623950  0.468148  0.818464  0.713331  0.384581  0.417428  0.564080  0.508366  0.349707  0.822078  0.594267  0.496829  0.688740  0.270106  0.353271  0.628876  0.574241  0.613184  0.531900  0.673691  0.568214  0.494331  0.597335  0.664968  0.545844  0.638606  0.615152  0.498057  0.525607  0.605333  0.400296 
24  0.528740  0.699213  0.764904  0.448403  0.488215  0.456538  0.607316  0.541410  0.386110  0.653542  0.536066  0.678482  0.601888  0.693224  0.463310  0.711702  0.738275  0.552198  0.453281  0.595093  0.573670  0.625553  0.661949  0.728080 0.0  0.626624  0.640901  0.658756  0.604028  0.487322  0.646857  0.716525  0.533202  0.557368  0.756414  0.635301  0.717088  0.668916  0.752994  0.672222  0.725727  0.493863  0.399701  0.405018  0.747433  0.269404  0.573334  0.414269  0.665914  0.570640  0.481518  0.691425  0.517434  0.449807  0.678621  0.409932  0.647892  0.407254  0.607655  0.608437  0.415770  0.591960  0.544376  0.674485  0.514830  0.455579  0.441864  0.622849  0.607071  0.594984  0.639829  0.639066  0.449555  0.438294  0.743098  0.456862  0.556140  0.550132  0.691819  0.763605  0.641898  0.547800  0.493071  0.677727  0.607385  0.686320  0.765326  0.686256  0.660647  0.732848  0.670795  0.750097  0.434072  0.696558  0.534330  0.560068  0.605842  0.843093  0.623723  0.658918  0.580881  0.553316  0.673932  0.555846  0.686411  0.629875  0.592559  0.707684  0.384328  0.665046  0.677712  0.528205  0.616667  0.575005  0.683575  0.620673  0.548999  0.416946  0.577531  0.764963  0.585693  0.541584  0.699115  0.662323  0.643046  0.621165  0.522017  0.574262  0.548917  0.679750  0.570954  0.562667  0.489564  0.531733  0.755376  0.623086  0.726533  0.702607  0.555993  0.503450  0.723274  0.733571  0.553999  0.591006  0.773225  0.678042 
25  0.564387  0.719114  0.573264  0.635458  0.640958  0.669098  0.438834  0.580705  0.549893  0.585040  0.743080  0.607375  0.508624  0.615154  0.471465  0.695111  0.529336  0.595002  0.490845  0.593619  0.541824  0.675059  0.527285  0.669832  0.626624 0.0  0.491637  0.552446  0.616454  0.671867  0.627453  0.707011  0.592439  0.597246  0.709402  0.583788  0.651078  0.589687  0.640279  0.696882  0.591999  0.577531  0.551750  0.691638  0.598829  0.643814  0.672694  0.665128  0.623309  0.557849  0.604039  0.676092  0.537241  0.601121  0.585092  0.546535  0.576154  0.663194  0.464536  0.605994  0.582077  0.605887  0.517779  0.659975  0.549802  0.597258  0.624368  0.551090  0.594908  0.528969  0.547179  0.707534  0.731361  0.578319  0.617444  0.666134  0.696034  0.573346  0.682479  0.720429  0.508676  0.617750  0.574762  0.601599  0.682066  0.652912  0.590841  0.568989  0.585011  0.659472  0.489714  0.622593  0.617084  0.562471  0.595229  0.605235  0.562595  0.627754  0.626374  0.561729  0.583671  0.572911  0.662329  0.565371  0.561716  0.538758  0.623406  0.623485  0.594303  0.641326  0.602202  0.668817  0.704748  0.615509  0.614844  0.671879  0.638688  0.487046  0.567226  0.613951  0.602554  0.671131  0.576482  0.622824  0.699108  0.551896  0.519963  0.642670  0.586070  0.726417  0.529135  0.496411  0.631798  0.631639  0.530102  0.556485  0.600768  0.610880  0.539293  0.511269  0.569321  0.609857  0.635817  0.634742  0.742621  0.666817 
26  0.564912  0.753583  0.827694  0.509898  0.717177  0.548659  0.441298  0.218317  0.528517  0.430093  0.675032  0.431924  0.598647  0.699112  0.458506  0.554103  0.576745  0.475321  0.473047  0.575490  0.589053  0.627551  0.419564  0.762609  0.640901  0.491637 0.0  0.561221  0.537352  0.651078  0.609898  0.644204  0.441770  0.498379  0.800836  0.449269  0.549003  0.608652  0.723206  0.719989  0.623050  0.543276  0.710471  0.566434  0.728844  0.663594  0.509278  0.473586  0.556012  0.421917  0.567321  0.673397  0.450417  0.394966  0.605747  0.492044  0.497609  0.559096  0.674509  0.516285  0.349618  0.294654  0.604217  0.585456  0.569864  0.598053  0.610790  0.844267  0.471713  0.520493  0.524253  0.686520  0.693207  0.549450  0.686003  0.569781  0.495874  0.782387  0.648087  0.736778  0.401054  0.611744  0.476778  0.594220  0.533683  0.654622  0.516346  0.576190  0.473003  0.545974  0.679218  0.590609  0.595494  0.607041  0.489558  0.534049  0.581215  0.603883  0.555413  0.488017  0.528598  0.268208  0.508546  0.427363  0.482545  0.477381  0.348398  0.712062  0.492651  0.562754  0.689692  0.700691  0.807185  0.591960  0.623240  0.583329  0.563050  0.525489  0.537981  0.797147  0.714858  0.672321  0.592282  0.709130  0.523462  0.346202  0.541948  0.573834  0.577158  0.738669  0.529535  0.536843  0.546786  0.578780  0.641523  0.633208  0.595455  0.507408  0.549585  0.653149  0.317698  0.649114  0.617232  0.547885  0.554834  0.464001 
