146
0 0.0  0.919945  0.861777  0.442103  0.771192  0.624780  0.541243  0.479711  0.521952  0.691419  0.607007  0.601688  0.673113  0.592147  0.564593  0.640311  0.707590  0.583238  0.517820  0.526043  0.554233  0.526209  0.618269  0.845590  0.621216  0.589175  0.450128  0.631705  0.667828  0.579986  0.622227  0.666226  0.618332  0.685670  0.758630  0.554353  0.784640  0.727101  0.633685  0.639100  0.746773  0.575398  0.548689  0.505862  0.875535  0.549063  0.659278  0.599281  0.597179  0.620551  0.479929  0.651964  0.436922  0.586083  0.499100  0.460541  0.737212  0.515952  0.579354  0.598193  0.509685  0.603317  0.727438  0.732869  0.658992  0.600785  0.743064  0.761987  0.545915  0.560648  0.567684  0.589018  0.676918  0.601685  0.794181  0.594927  0.726764  0.585223  0.717213  0.682667  0.566764  0.414434  0.573777  0.772338  0.528545  0.616879  0.573925  0.729333  0.671745  0.518037  0.663678  0.748989  0.484614  0.649327  0.558805  0.399016  0.543709  0.732459  0.607133  0.621765  0.587878  0.563063  0.518565  0.622409  0.569787  0.520954  0.519861  0.744623  0.556075  0.710267  0.668366  0.595300  0.790208  0.561330  0.831699  0.444890  0.735849  0.307976  0.690781  0.860619  0.801429  0.698790  0.602414  0.767864  0.512390  0.515872  0.741408  0.455489  0.701401  0.736883  0.583358  0.515577  0.430558  0.585611  0.720616  0.579915  0.614055  0.579341  0.595692  0.770719  0.499122  0.756845  0.602147  0.612269  0.711199  0.652219 
1  0.919945 0.0  0.371876  0.789867  0.650892  0.877425  0.667152  0.729022  0.965193  0.654791  0.595426  0.560269  0.552455  0.663713  0.768591  0.641313  0.531481  0.606986  0.830951  0.677625  0.552980  0.620943  0.513869  0.574641  0.813950  0.653272  0.757112  0.700470  0.533224  0.721463  0.528619  0.830089  0.627759  0.597430  0.557693  0.508378  0.462126  0.597797  0.734830  0.616957  0.646826  0.896070  0.851551  0.855463  0.510627  1.000000  0.452205  0.682476  0.586909  0.487340  0.798553  0.485771  0.875421  0.705773  0.742230  0.775719  0.508685  0.986210  0.612919  0.643578  0.773734  0.553003  0.579374  0.745956  0.654547  0.861048  0.881333  0.426384  0.533857  0.638556  0.787002  0.663412  0.536215  0.756744  0.513258  0.880742  0.895002  0.902685  0.472092  0.510879  0.837670  0.749910  0.799255  0.405906  0.650273  0.493032  0.576272  0.585357  0.581706  0.524493  0.544590  0.598871  0.894286  0.680817  0.749402  0.731174  0.801355  0.459352  0.674569  0.741700  0.643627  0.643906  0.479241  0.678073  0.592288  0.678959  0.659965  0.621711  0.878416  0.523356  0.472063  0.677236  0.863906  0.655295  0.484226  0.736758  0.550113  0.927545  0.606215  0.585633  0.604725  0.732133  0.706560  0.452930  0.959686  0.704450  0.592887  0.743091  0.479725  0.549006  0.554185  0.556123  0.729177  0.773009  0.728705  0.674221  0.735727  0.610936  0.510154  0.726795  0.799811  0.632020  0.522144  0.640077  0.602261  0.586221 
2  0.861777  0.371876 0.0  0.788959  0.658534  0.796387  0.635110  0.818998  0.830735  0.687548  0.674714  0.566279  0.610102  0.523559  0.908742  0.579084  0.613516  0.625857  0.836799  0.750685  0.597562  0.660371  0.648032  0.455414  0.808938  0.649892  0.828817  0.666905  0.645362  0.613007  0.538485  0.686161  0.659779  0.440492  0.556168  0.608664  0.634538  0.708935  0.712527  0.596394  0.625883  0.735412  0.798063  0.851072  0.361853  0.772074  0.483610  0.761710  0.579907  0.686915  0.787864  0.565804  0.782639  0.855630  0.761763  0.734143  0.510546  0.985703  0.617035  0.772836  0.821085  0.679996  0.693752  0.592642  0.658496  0.754001  0.817226  0.404764  0.612286  0.693757  0.657192  0.708617  0.691877  0.811173  0.510380  0.669665  0.840321  0.626926  0.588689  0.435647  0.803680  0.745522  0.662517  0.503498  0.620952  0.536728  0.646159  0.590041  0.690593  0.660751  0.598382  0.545211  0.806205  0.581435  0.781255  0.814202  0.791815  0.468107  0.707581  0.802644  0.620434  0.636354  0.605786  0.667232  0.566731  0.789894  0.676194  0.578321  0.790855  0.561079  0.605525  0.688063  0.663578  0.586356  0.576636  0.667520  0.609427  0.871186  0.542731  0.321457  0.529056  0.628039  0.572474  0.458288  0.757407  0.726446  0.517507  0.742206  0.451855  0.613270  0.622857  0.616805  0.720678  0.606071  0.662657  0.684805  0.636763  0.510999  0.746125  0.774532  0.729688  0.631992  0.575148  0.731399  0.524661  0.530141 
3  0.442103  0.789867  0.788959 0.0  0.444722  0.507267  0.472960  0.485077  0.440584  0.556470  0.710020  0.604308  0.563924  0.647416  0.355214  0.562019  0.480713  0.609564  0.390557  0.534060  0.631652  0.529417  0.577406  0.672412  0.324604  0.606689  0.532012  0.582024  0.644867  0.693015  0.587357  0.567833  0.562605  0.536803  0.797901  0.469996  0.645843  0.658336  0.531253  0.681231  0.860304  0.315826  0.433769  0.439710  0.784984  0.503952  0.628334  0.342086  0.568437  0.644604  0.333389  0.564160  0.279949  0.642167  0.589465  0.505075  0.695438  0.317159  0.643456  0.737920  0.310204  0.583117  0.674062  0.781205  0.567781  0.440746  0.504447  0.684981  0.456532  0.574807  0.569358  0.610750  0.619522  0.386729  0.727446  0.455601  0.784179  0.586243  0.507968  0.771217  0.623619  0.527948  0.485087  0.666617  0.608327  0.642424  0.589624  0.575011  0.689217  0.514078  0.679007  0.813795  0.414966  0.656328  0.434820  0.622936  0.548394  0.758953  0.487681  0.509413  0.496372  0.547557  0.669722  0.645792  0.543075  0.617885  0.474482  0.735112  0.366123  0.591800  0.584689  0.664197  0.594376  0.528577  0.731865  0.572471  0.819491  0.307514  0.738607  0.734142  0.485003  0.545187  0.776520  0.638399  0.552611  0.440727  0.621419  0.555006  0.673605  0.789182  0.615403  0.608885  0.544551  0.601334  0.773017  0.599821  0.670381  0.660232  0.530196  0.901207  0.536554  0.680614  0.587407  0.542420  0.637280  0.484911 
4  0.771192  0.650892  0.658534  0.444722 0.0  0.644828  0.651664  0.652276  0.511427  0.559025  0.710686  0.561667  0.663921  0.664379  0.603706  0.565929  0.468105  0.426821  0.614329  0.444169  0.377047  0.595084  0.569350  0.665772  0.641365  0.545179  0.617864  0.493288  0.600028  0.581239  0.467327  0.498869  0.697934  0.633591  0.568105  0.615344  0.673725  0.554049  0.457269  0.723106  0.600020  0.546248  0.428806  0.451505  0.591661  0.666513  0.635453  0.445932  0.410735  0.494666  0.548457  0.539090  0.656255  0.548365  0.514534  0.518790  0.749365  0.574249  0.684772  0.615827  0.662607  0.643744  0.789552  0.477084  0.658014  0.569595  0.566706  0.580672  0.602393  0.569508  0.398509  0.627442  0.419346  0.507905  0.574356  0.578285  0.642709  0.634811  0.571948  0.649729  0.618977  0.549425  0.568420  0.656494  0.498241  0.518407  0.588031  0.620400  0.520193  0.391023  0.682010  0.495091  0.566938  0.625361  0.556150  0.493221  0.603241  0.659121  0.560603  0.587763  0.502175  0.569040  0.657755  0.582978  0.517295  0.515087  0.539135  0.560014  0.467263  0.634954  0.701779  0.451230  0.441247  0.358132  0.499218  0.524031  0.577563  0.519506  0.509812  0.683702  0.510394  0.482524  0.293323  0.527125  0.519450  0.605316  0.584540  0.439319  0.488247  0.605538  0.444154  0.545182  0.504735  0.374521  0.629620  0.576204  0.624458  0.600344  0.639243  0.634391  0.668072  0.487139  0.673983  0.656347  0.679139  0.633377 
5  0.624780  0.877425  0.796387  0.507267  0.644828 0.0  0.571532  0.583693  0.435308  0.715958  0.759989  0.687541  0.523620  0.658382  0.439871  0.756260  0.652237  0.655654  0.476344  0.529444  0.610820  0.621318  0.630348  0.672952  0.458186  0.553141  0.561310  0.727292  0.760111  0.750463  0.743529  0.611428  0.753639  0.757802  0.504330  0.698259  0.704488  0.694093  0.671717  0.672458  0.715444  0.514112  0.464756  0.523950  0.591640  0.439079  0.785077  0.419491  0.549482  0.769944  0.479119  0.741700  0.384613  0.715412  0.530872  0.576451  0.814178  0.511183  0.771985  0.702336  0.398930  0.677298  0.645373  0.692389  0.700580  0.440169  0.402569  0.837656  0.695415  0.586084  0.812093  0.676069  0.668842  0.458161  0.812236  0.602907  0.672437  0.609251  0.692971  0.758171  0.845797  0.728537  0.579582  0.800317  0.634250  0.705073  0.658072  0.560199  0.722077  0.709428  0.602575  0.688834  0.256899  0.768941  0.330265  0.431633  0.793479  0.683105  0.688846  0.662965  0.605323  0.701420  0.661449  0.518971  0.768053  0.776595  0.635284  0.790062  0.368151  0.886660  0.614753  0.622180  0.708029  0.526437  0.736033  0.584266  0.685750  0.484591  0.851295  0.817685  0.653665  0.625651  0.676171  0.641468  0.635803  0.683017  0.764902  0.619806  0.724375  0.722265  0.681447  0.757916  0.577770  0.674115  0.637326  0.563705  0.611231  0.577813  0.623401  0.622962  0.622226  0.890980  0.582272  0.808229  0.736575  0.760191 
6  0.541243  0.667152  0.635110  0.472960  0.651664  0.571532 0.0  0.695829  0.525776  0.605245  0.670457  0.642402  0.600151  0.657317  0.506233  0.679544  0.593082  0.625190  0.593225  0.523503  0.518268  0.606226  0.502395  0.608827  0.656175  0.545933  0.512216  0.497436  0.546968  0.634930  0.614109  0.593913  0.631832  0.648076  0.625415  0.499765  0.613281  0.509086  0.645994  0.578672  0.628743  0.603440  0.551222  0.454598  0.630778  0.489750  0.660002  0.391619  0.472887  0.603461  0.625854  0.524655  0.571740  0.591011  0.454007  0.518924  0.554977  0.609024  0.636161  0.554942  0.502279  0.689119  0.549948  0.524224  0.645967  0.505332  0.461172  0.655992  0.649492  0.588210  0.614391  0.579595  0.594301  0.468212  0.612310  0.540774  0.592655  0.594791  0.617404  0.676669  0.676381  0.566832  0.609377  0.552119  0.636645  0.550033  0.607676  0.552081  0.682624  0.567938  0.638816  0.767427  0.511283  0.583283  0.526660  0.666930  0.568041  0.737029  0.415229  0.429453  0.637827  0.486276  0.629311  0.545705  0.596894  0.491905  0.602379  0.704000  0.442615  0.573949  0.575199  0.609403  0.528907  0.508062  0.690038  0.498282  0.470027  0.578533  0.565538  0.621261  0.624404  0.579448  0.603395  0.595188  0.627125  0.479430  0.587905  0.478332  0.722842  0.678619  0.558411  0.583336  0.550996  0.673151  0.617294  0.575981  0.468985  0.567901  0.488565  0.597693  0.519612  0.576410  0.590504  0.577235  0.601047  0.532063 
7  0.479711  0.729022  0.818998  0.485077  0.652276  0.583693  0.695829 0.0  0.588742  0.609000  0.715122  0.481707  0.592040  0.568171  0.554105  0.504200  0.391803  0.569008  0.507670  0.477647  0.458642  0.570459  0.372069  0.583249  0.535276  0.560581  0.196804  0.659326  0.439539  0.674956  0.581767  0.599224  0.273994  0.506593  0.699632  0.292144  0.496561  0.560676  0.771213  0.520879  0.690688  0.633033  0.606617  0.549498  0.747401  0.664521  0.465702  0.618556  0.375712  0.421377  0.537229  0.584802  0.596709  0.376928  0.611819  0.448538  0.590336  0.513015  0.617307  0.421684  0.359573  0.205713  0.530535  0.720874  0.493999  0.594771  0.600440  0.651383  0.510628  0.504271  0.538516  0.545898  0.538279  0.567761  0.639674  0.528015  0.592758  0.591720  0.516148  0.804346  0.307648  0.617665  0.535551  0.557005  0.440640  0.570737  0.571004  0.634901  0.685526  0.475646  0.604930  0.636244  0.514721  0.634545  0.544596  0.562736  0.455226  0.666458  0.492090  0.434460  0.568382  0.302619  0.650926  0.384890  0.493499  0.570166  0.427050  0.730403  0.603752  0.721078  0.460800  0.769012  0.864532  0.539871  0.591018  0.396011  0.496345  0.419946  0.528346  0.717815  0.556469  0.656876  0.652922  0.562899  0.478400  0.235494  0.455811  0.591482  0.448068  0.670037  0.563347  0.457281  0.491336  0.481309  0.697375  0.589145  0.443935  0.379755  0.585188  0.701551  0.402226  0.673246  0.432063  0.474365  0.629883  0.377857 
8  0.521952  0.965193  0.830735  0.440584  0.511427  0.435308  0.525776  0.588742 0.0  0.582486  0.638623  0.527228  0.603190  0.713842  0.349794  0.776365  0.707316  0.633051  0.486017  0.428344  0.654440  0.585793  0.654558  0.753391  0.346300  0.551420  0.697215  0.631822  0.612566  0.534371  0.633973  0.723624  0.584103  0.643474  0.732144  0.780942  0.741295  0.661462  0.630476  0.689958  0.811948  0.408396  0.459561  0.441237  0.742487  0.258264  0.724225  0.433342  0.431324  0.688371  0.469204  0.562286  0.336118  0.578329  0.582717  0.482676  0.580603  0.468740  0.651102  0.591759  0.419930  0.704807  0.601905  0.779198  0.646523  0.349960  0.385737  0.721377  0.619736  0.637444  0.777999  0.679425  0.617578  0.447315  0.746734  0.499996  0.644215  0.650027  0.703907  0.716955  0.770883  0.539373  0.541460  0.837913  0.599826  0.815465  0.745926  0.558821  0.755103  0.696711  0.845452  0.807911  0.287476  0.682673  0.362055  0.504757  0.734694  0.766117  0.749722  0.664029  0.636660  0.596039  0.808273  0.524753  0.698293  0.673342  0.670898  0.658795  0.295090  0.709750  0.715680  0.508674  0.515948  0.442794  0.678435  0.604013  0.702717  0.446575  0.701699  0.764920  0.701770  0.654379  0.605290  0.649342  0.612985  0.606032  0.702586  0.492103  0.689271  0.795468  0.553282  0.545940  0.576530  0.557563  0.757716  0.623925  0.705877  0.740205  0.578756  0.654676  0.662560  0.726575  0.672539  0.691253  0.772222  0.636203 
9  0.691419  0.654791  0.687548  0.556470  0.559025  0.715958  0.605245  0.609000  0.582486 0.0  0.778191  0.398955  0.620570  0.752119  0.604208  0.431892  0.385909  0.517568  0.560225  0.558257  0.489832  0.565633  0.445939  0.563418  0.584032  0.536876  0.554943  0.605113  0.360608  0.521018  0.331905  0.675129  0.664512  0.454300  0.582909  0.467956  0.597338  0.538705  0.478074  0.591892  0.613476  0.666194  0.523475  0.530029  0.406140  0.502289  0.570957  0.595404  0.354284  0.411897  0.568573  0.491412  0.559832  0.575048  0.518997  0.543692  0.458482  0.578634  0.624021  0.640010  0.578012  0.721261  0.423065  0.540422  0.600963  0.603984  0.516750  0.566796  0.404992  0.631210  0.576029  0.682801  0.523452  0.509820  0.553781  0.682507  0.739171  0.640853  0.525778  0.618789  0.692814  0.457434  0.424797  0.590993  0.436036  0.489103  0.556657  0.451314  0.465491  0.566790  0.554135  0.498608  0.709565  0.470000  0.595649  0.520332  0.573032  0.554400  0.426331  0.528188  0.497395  0.584392  0.561120  0.464240  0.508980  0.463279  0.589092  0.444176  0.519628  0.497830  0.381290  0.554134  0.602991  0.327443  0.499488  0.623825  0.432129  0.708064  0.467423  0.609830  0.524929  0.478267  0.410043  0.484233  0.694642  0.600300  0.535668  0.685696  0.462609  0.533052  0.418992  0.561297  0.702485  0.472219  0.424333  0.696383  0.578232  0.507568  0.543125  0.474559  0.554944  0.537479  0.487834  0.557002  0.701286  0.529903 
10  0.607007  0.595426  0.674714  0.710020  0.710686  0.759989  0.670457  0.715122  0.638623  0.778191 0.0  0.679526  0.653689  0.594948  0.657031  0.561554  0.672652  0.593230  0.694508  0.697301  0.680050  0.696055  0.635685  0.689430  0.544899  0.742730  0.737414  0.648984  0.622058  0.573844  0.552596  0.590950  0.610762  0.728892  0.699291  0.706782  0.665016  0.712285  0.604305  0.598468  0.696344  0.653080  0.531086  0.524352  0.691844  0.557124  0.629158  0.578390  0.683941  0.554179  0.631720  0.727696  0.569498  0.590560  0.515570  0.693960  0.661448  0.699575  0.659839  0.736042  0.710470  0.639683  0.790724  0.773062  0.756016  0.641027  0.678013  0.718105  0.556107  0.572016  0.612088  0.595582  0.799753  0.578139  0.629871  0.577725  0.501455  0.568494  0.602761  0.571886  0.539003  0.704885  0.572564  0.737554  0.578549  0.693020  0.714784  0.569088  0.663093  0.646729  0.722109  0.598943  0.701618  0.595784  0.598455  0.689162  0.578680  0.578436  0.663721  0.582939  0.653080  0.656483  0.707438  0.609854  0.673026  0.622321  0.576511  0.561478  0.697898  0.664985  0.542579  0.562068  0.611699  0.540909  0.575554  0.534723  0.723966  0.655398  0.649270  0.667457  0.728366  0.530962  0.569844  0.636927  0.570583  0.677360  0.613998  0.662365  0.698995  0.618424  0.640700  0.674510  0.700600  0.529133  0.654326  0.589948  0.686243  0.501631  0.645449  0.705972  0.523299  0.607198  0.624032  0.715506  0.674960  0.570034 
11  0.601688  0.560269  0.566279  0.604308  0.561667  0.687541  0.642402  0.481707  0.527228  0.398955  0.679526 0.0  0.617207  0.694264  0.675883  0.634174  0.470899  0.388716  0.693581  0.630622  0.459918  0.597816  0.408082  0.379028  0.548049  0.601197  0.614932  0.443731  0.285911  0.527409  0.370376  0.758726  0.418648  0.312966  0.633431  0.328159  0.308993  0.422502  0.680720  0.601304  0.566490  0.679447  0.614419  0.615656  0.492613  0.573719  0.523101  0.726964  0.278890  0.453605  0.522323  0.347383  0.648440  0.556228  0.616676  0.552340  0.431813  0.696008  0.466580  0.585487  0.587252  0.603609  0.345431  0.524119  0.480449  0.721750  0.562123  0.489232  0.405804  0.444820  0.548922  0.710295  0.501657  0.723622  0.396152  0.654462  0.695914  0.570023  0.358467  0.476301  0.574228  0.661297  0.481012  0.385518  0.408445  0.344089  0.493668  0.375314  0.521999  0.508087  0.289225  0.434603  0.713907  0.437206  0.638943  0.701509  0.475930  0.568467  0.461380  0.609242  0.338715  0.504860  0.385404  0.623394  0.451764  0.563688  0.478841  0.486042  0.558326  0.414465  0.257075  0.508030  0.640137  0.454555  0.473967  0.584588  0.303556  0.782338  0.466046  0.584494  0.414465  0.530020  0.599839  0.394457  0.705819  0.544255  0.259699  0.493198  0.439759  0.397438  0.507154  0.386304  0.534261  0.395884  0.547031  0.602377  0.256752  0.370221  0.580345  0.349092  0.690265  0.503001  0.581437  0.298656  0.440724  0.270160 
12  0.673113  0.552455  0.610102  0.563924  0.663921  0.523620  0.600151  0.592040  0.603190  0.620570  0.653689  0.617207 0.0  0.592435  0.578645  0.601289  0.584823  0.540357  0.563521  0.627978  0.526873  0.554507  0.446690  0.632613  0.632925  0.524886  0.420369  0.574510  0.479525  0.718520  0.518860  0.558314  0.561777  0.514836  0.696512  0.529119  0.582950  0.555210  0.614516  0.733189  0.459458  0.526078  0.591549  0.612213  0.518369  0.511296  0.540931  0.547348  0.465740  0.518685  0.521015  0.541877  0.661649  0.580601  0.666237  0.539588  0.558389  0.721710  0.549197  0.741140  0.495201  0.399950  0.634700  0.614184  0.575282  0.551164  0.593920  0.695933  0.601470  0.577200  0.590799  0.661760  0.562341  0.467503  0.542035  0.508395  0.638892  0.623624  0.538824  0.536983  0.581362  0.601818  0.576642  0.500537  0.448251  0.579915  0.591170  0.549314  0.515367  0.540611  0.550486  0.612695  0.560864  0.681350  0.589184  0.478305  0.571424  0.575845  0.606280  0.576493  0.508586  0.509116  0.573422  0.613670  0.479086  0.675108  0.714475  0.604859  0.553279  0.651201  0.592968  0.723397  0.715622  0.552627  0.541032  0.685794  0.608750  0.563885  0.664851  0.697753  0.638199  0.722301  0.744578  0.572163  0.641729  0.510119  0.544377  0.695962  0.495562  0.582390  0.529375  0.589398  0.557427  0.542563  0.487407  0.440420  0.504298  0.526144  0.530484  0.589523  0.553454  0.700297  0.591702  0.554708  0.776761  0.468835 
13  0.592147  0.663713  0.523559  0.647416  0.664379  0.658382  0.657317  0.568171  0.713842  0.752119  0.594948  0.694264  0.592435 0.0  0.540627  0.587878  0.638550  0.801951  0.538778  0.608894  0.660748  0.648634  0.626789  0.563756  0.714214  0.685806  0.634762  0.684150  0.730169  0.688597  0.764074  0.714388  0.667158  0.584635  0.674910  0.621935  0.676241  0.683718  0.631519  0.626798  0.628812  0.685737  0.718174  0.740019  0.660014  0.753946  0.637698  0.594536  0.632478  0.643143  0.593706  0.653086  0.542421  0.636653  0.635494  0.746448  0.583441  0.570074  0.664074  0.631298  0.656942  0.636524  0.697762  0.635788  0.627381  0.655863  0.651365  0.557931  0.599100  0.581435  0.604873  0.603837  0.629254  0.610329  0.698420  0.659200  0.644725  0.748447  0.696615  0.650476  0.661550  0.645327  0.577802  0.596259  0.577285  0.600224  0.619389  0.626536  0.592286  0.590461  0.763874  0.656267  0.642790  0.561771  0.774695  0.605100  0.582569  0.617320  0.459714  0.602765  0.692974  0.653557  0.675646  0.684728  0.628536  0.658024  0.687894  0.623556  0.776749  0.568661  0.726745  0.746760  0.750619  0.669022  0.753031  0.678031  0.759381  0.541791  0.601309  0.590107  0.630461  0.607626  0.668144  0.745617  0.639037  0.598028  0.598341  0.567777  0.663856  0.691802  0.704520  0.633600  0.684980  0.634158  0.647687  0.546844  0.616833  0.580578  0.537731  0.627198  0.689882  0.683793  0.689405  0.625619  0.615510  0.485599 
14  0.564593  0.768591  0.908742  0.355214  0.603706  0.439871  0.506233  0.554105  0.349794  0.604208  0.657031  0.675883  0.578645  0.540627 0.0  0.756804  0.632973  0.611513  0.322486  0.562108  0.632982  0.669775  0.487770  0.733799  0.529212  0.621373  0.436114  0.639022  0.647736  0.700416  0.618858  0.617306  0.590656  0.642534  0.781657  0.545107  0.598582  0.831337  0.698380  0.614307  0.804522  0.309504  0.391576  0.430354  0.741779  0.419286  0.751418  0.406022  0.590159  0.658800  0.416504  0.738848  0.326084  0.572966  0.432468  0.682435  0.577501  0.441971  0.654549  0.619661  0.225167  0.567460  0.685942  0.793724  0.608887  0.451626  0.570488  0.718478  0.604485  0.556418  0.613439  0.591396  0.526895  0.453847  0.631566  0.423838  0.747033  0.573458  0.796075  0.839584  0.612504  0.552624  0.608216  0.712395  0.522699  0.585402  0.709378  0.642767  0.676665  0.533155  0.684969  0.765037  0.227564  0.744220  0.311182  0.435351  0.501333  0.692112  0.486162  0.587161  0.621019  0.599754  0.632120  0.566266  0.545694  0.541880  0.555905  0.724410  0.316208  0.726486  0.668552  0.635655  0.714713  0.569385  0.803482  0.495267  0.769882  0.432448  0.622273  0.846181  0.617575  0.593429  0.495820  0.607356  0.494852  0.527095  0.707272  0.547058  0.508588  0.727157  0.659421  0.671078  0.577122  0.573751  0.659503  0.549916  0.617217  0.658075  0.551803  0.717473  0.535493  0.693483  0.579143  0.409474  0.774554  0.488193 
15  0.640311  0.641313  0.579084  0.562019  0.565929  0.756260  0.679544  0.504200  0.776365  0.431892  0.561554  0.634174  0.601289  0.587878  0.756804 0.0  0.327985  0.599009  0.544048  0.564772  0.451383  0.631883  0.448307  0.364136  0.591308  0.553643  0.603879  0.507968  0.470776  0.675042  0.470351  0.509219  0.655152  0.523564  0.566984  0.495506  0.493658  0.565633  0.492716  0.611601  0.639730  0.638973  0.676972  0.824629  0.499979  0.619884  0.425138  0.569211  0.436890  0.382913  0.605375  0.434401  0.696103  0.661773  0.645746  0.437835  0.484840  0.610292  0.612270  0.708175  0.524154  0.574651  0.426260  0.471689  0.482571  0.668500  0.655256  0.460382  0.486113  0.579399  0.727715  0.635896  0.419860  0.682230  0.560354  0.594557  0.655755  0.691367  0.446476  0.388430  0.582654  0.734387  0.523584  0.560579  0.341796  0.378571  0.638225  0.361307  0.630381  0.474692  0.445146  0.561595  0.719004  0.464707  0.723253  0.611566  0.504982  0.704494  0.521836  0.564655  0.471886  0.579244  0.637563  0.599605  0.644591  0.633608  0.571861  0.645458  0.597575  0.416773  0.516701  0.613525  0.549983  0.395919  0.512098  0.576283  0.497432  0.593063  0.636809  0.603699  0.517762  0.562367  0.415745  0.427579  0.620226  0.575655  0.467178  0.538184  0.682668  0.519551  0.455022  0.457717  0.631140  0.488064  0.569298  0.568712  0.480297  0.490256  0.547957  0.660862  0.587470  0.685990  0.496918  0.499992  0.605725  0.495744 
16  0.707590  0.531481  0.613516  0.480713  0.468105  0.652237  0.593082  0.391803  0.707316  0.385909  0.672652  0.470899  0.584823  0.638550  0.632973  0.327985 0.0  0.500260  0.477618  0.457024  0.383645  0.620023  0.322590  0.560604  0.525747  0.442493  0.434984  0.534834  0.305681  0.566421  0.248135  0.501525  0.446538  0.409834  0.595732  0.284661  0.420299  0.466341  0.578593  0.754087  0.468827  0.669648  0.687093  0.549308  0.463956  0.607787  0.554680  0.601217  0.439936  0.427628  0.506212  0.518456  0.534034  0.547619  0.702309  0.480487  0.426443  0.723985  0.529665  0.540684  0.504749  0.574830  0.527673  0.575780  0.477024  0.598322  0.629128  0.496431  0.410688  0.577723  0.365981  0.566292  0.415778  0.609850  0.536822  0.620183  0.583790  0.617440  0.387465  0.561968  0.432640  0.666795  0.589830  0.390500  0.477026  0.411319  0.388914  0.503906  0.387000  0.340876  0.494433  0.533460  0.560781  0.421096  0.585421  0.535299  0.452014  0.536188  0.367131  0.558674  0.414274  0.621224  0.494298  0.544204  0.456847  0.511274  0.537624  0.497402  0.483547  0.673584  0.439697  0.607008  0.661643  0.372361  0.483701  0.539369  0.474204  0.549017  0.515850  0.510471  0.377834  0.541852  0.622688  0.316477  0.549396  0.422900  0.356689  0.626414  0.448228  0.540746  0.512240  0.472035  0.569860  0.397756  0.538032  0.727924  0.437340  0.534958  0.664886  0.499395  0.490953  0.682966  0.406053  0.424978  0.583767  0.387815 
17  0.583238  0.606986  0.625857  0.609564  0.426821  0.655654  0.625190  0.569008  0.633051  0.517568  0.593230  0.388716  0.540357  0.801951  0.611513  0.599009  0.500260 0.0  0.558228  0.498726  0.460780  0.557935  0.351075  0.591873  0.581889  0.737132  0.565291  0.458292  0.452896  0.571056  0.512823  0.586749  0.507150  0.515998  0.600899  0.423394  0.309947  0.429329  0.656430  0.698189  0.478044  0.634071  0.588048  0.547341  0.612243  0.693069  0.617696  0.722770  0.439431  0.418648  0.626579  0.577936  0.646661  0.510635  0.639734  0.537910  0.368838  0.602749  0.522468  0.608109  0.629079  0.590227  0.377361  0.553106  0.457317  0.624763  0.675954  0.461661  0.544633  0.474711  0.482969  0.638139  0.433086  0.595095  0.554382  0.562730  0.559557  0.599699  0.295312  0.527023  0.612120  0.648944  0.606874  0.541831  0.485692  0.461195  0.621641  0.549879  0.447844  0.551669  0.498992  0.535513  0.608484  0.468582  0.574086  0.604164  0.495763  0.581694  0.519821  0.563692  0.536946  0.618854  0.522281  0.475756  0.494827  0.637744  0.636068  0.486209  0.633914  0.549153  0.408462  0.446641  0.606040  0.485287  0.347022  0.590640  0.477238  0.616382  0.435383  0.424551  0.559510  0.583373  0.620875  0.439943  0.660123  0.574333  0.360697  0.628703  0.446578  0.534969  0.496561  0.596650  0.554728  0.462206  0.559850  0.731259  0.529148  0.462545  0.574449  0.422044  0.607211  0.530377  0.559147  0.525301  0.522400  0.525476 
18  0.517820  0.830951  0.836799  0.390557  0.614329  0.476344  0.593225  0.507670  0.486017  0.560225  0.694508  0.693581  0.563521  0.538778  0.322486  0.544048  0.477618  0.558228 0.0  0.559138  0.608528  0.553668  0.504264  0.744581  0.526410  0.611923  0.479758  0.549167  0.668222  0.707731  0.621158  0.591453  0.566072  0.668813  0.801087  0.472652  0.776708  0.610797  0.679859  0.677484  0.658773  0.503003  0.409998  0.416801  0.662864  0.350749  0.510349  0.369084  0.535175  0.657378  0.375234  0.723627  0.299488  0.521705  0.654561  0.549099  0.584493  0.410801  0.619024  0.591715  0.261760  0.600386  0.777208  0.659898  0.600871  0.329488  0.547665  0.699152  0.485449  0.448118  0.485703  0.660934  0.668802  0.521660  0.682115  0.498123  0.755641  0.689075  0.645595  0.844356  0.606940  0.585366  0.492955  0.681791  0.670734  0.567841  0.496734  0.740405  0.677758  0.643917  0.633645  0.724073  0.292495  0.534736  0.436510  0.447015  0.579983  0.710796  0.433703  0.538439  0.586942  0.522394  0.656576  0.547880  0.490627  0.468723  0.532255  0.634137  0.459150  0.674169  0.668711  0.613628  0.838003  0.557929  0.686386  0.559487  0.597734  0.286989  0.626258  0.706454  0.560280  0.684661  0.711509  0.631925  0.590124  0.480246  0.672526  0.485472  0.596181  0.786577  0.607852  0.541480  0.653823  0.580830  0.715827  0.586318  0.612929  0.587548  0.583759  0.734415  0.517695  0.711639  0.538897  0.612887  0.777925  0.466086 
19  0.526043  0.677625  0.750685  0.534060  0.444169  0.529444  0.523503  0.477647  0.428344  0.558257  0.697301  0.630622  0.627978  0.608894  0.562108  0.564772  0.457024  0.498726  0.559138 0.0  0.560738  0.518285  0.525350  0.578536  0.565588  0.583143  0.547529  0.479582  0.458101  0.535666  0.637795  0.654952  0.668262  0.595090  0.727456  0.664954  0.558186  0.633371  0.565764  0.631962  0.577810  0.526216  0.558077  0.529489  0.680609  0.564510  0.658186  0.442492  0.538937  0.577222  0.614590  0.601539  0.455694  0.564534  0.522760  0.621479  0.580195  0.604433  0.435607  0.638873  0.563999  0.541997  0.573271  0.546325  0.539156  0.557233  0.612718  0.700582  0.630438  0.532872  0.578370  0.509751  0.610060  0.480224  0.659799  0.554200  0.515928  0.656980  0.589091  0.713714  0.534112  0.627759  0.588850  0.683158  0.446178  0.654262  0.604629  0.659835  0.498437  0.454483  0.569792  0.758422  0.549424  0.659645  0.619767  0.484602  0.527946  0.782238  0.499270  0.557455  0.457036  0.541839  0.580071  0.534888  0.595858  0.489582  0.618563  0.634300  0.435811  0.693337  0.545072  0.602491  0.640541  0.517331  0.646253  0.574127  0.712063  0.503933  0.606029  0.675491  0.522296  0.438670  0.609705  0.643396  0.569923  0.472371  0.517111  0.589752  0.557177  0.561984  0.495525  0.567990  0.548204  0.549952  0.700795  0.523154  0.663660  0.538342  0.643534  0.365408  0.512683  0.616865  0.598097  0.566032  0.577176  0.518398 
20  0.554233  0.552980  0.597562  0.631652  0.377047  0.610820  0.518268  0.458642  0.654440  0.489832  0.680050  0.459918  0.526873  0.660748  0.632982  0.451383  0.383645  0.460780  0.608528  0.560738 0.0  0.629836  0.336546  0.617455  0.529471  0.582462  0.417021  0.524795  0.371110  0.585339  0.447437  0.594718  0.456770  0.572865  0.676838  0.372360  0.317520  0.466324  0.651374  0.750614  0.557829  0.622709  0.609167  0.567674  0.609217  0.788921  0.366061  0.614455  0.403194  0.389335  0.523240  0.463837  0.578995  0.463734  0.699958  0.517844  0.321961  0.543534  0.585985  0.651572  0.500622  0.482390  0.249745  0.376553  0.352915  0.640714  0.652204  0.548265  0.537950  0.531359  0.498606  0.769122  0.363990  0.663801  0.396136  0.521822  0.745725  0.752107  0.462348  0.607986  0.448272  0.610030  0.556642  0.384337  0.391163  0.397701  0.500133  0.556363  0.392689  0.382253  0.466950  0.633982  0.789232  0.474200  0.541905  0.616846  0.499171  0.476810  0.394644  0.576678  0.532664  0.500764  0.475803  0.458889  0.479435  0.514611  0.489784  0.649593  0.633945  0.501621  0.390510  0.587090  0.587143  0.426470  0.528036  0.421942  0.347531  0.592063  0.524730  0.574177  0.490558  0.466772  0.709825  0.544981  0.564227  0.471266  0.314137  0.524930  0.489468  0.475129  0.458571  0.405085  0.564591  0.450642  0.514866  0.613225  0.410687  0.389209  0.486013  0.488029  0.405413  0.584421  0.462429  0.300707  0.483111  0.353463 
21  0.526209  0.620943  0.660371  0.529417  0.595084  0.621318  0.606226  0.570459  0.585793  0.565633  0.696055  0.597816  0.554507  0.648634  0.669775  0.631883  0.620023  0.557935  0.553668  0.518285  0.629836 0.0  0.508406  0.652765  0.623943  0.633860  0.614994  0.586768  0.678977  0.681057  0.505657  0.640050  0.528688  0.611005  0.521736  0.407827  0.604937  0.707834  0.569662  0.629154  0.556391  0.609096  0.629730  0.554738  0.616116  0.535721  0.544956  0.677837  0.515337  0.585310  0.641510  0.653885  0.603985  0.496994  0.590354  0.622743  0.559013  0.729592  0.549380  0.550500  0.498902  0.576347  0.561267  0.540236  0.598347  0.595292  0.711472  0.608922  0.477980  0.498023  0.641973  0.692531  0.658935  0.682594  0.592961  0.516676  0.753473  0.740096  0.571073  0.585631  0.577785  0.618553  0.637109  0.722988  0.581169  0.568495  0.685859  0.639688  0.493920  0.563529  0.545707  0.586781  0.572528  0.594225  0.447443  0.669384  0.500056  0.560507  0.584336  0.521079  0.698406  0.574033  0.550709  0.577021  0.717620  0.556030  0.563024  0.557316  0.580212  0.610370  0.631437  0.641962  0.755180  0.537200  0.586586  0.581397  0.577180  0.692477  0.546196  0.539833  0.693942  0.563218  0.626154  0.586873  0.623740  0.591600  0.616721  0.662852  0.696425  0.529955  0.537463  0.501176  0.587791  0.639057  0.546308  0.635510  0.601374  0.655260  0.639462  0.603950  0.552761  0.613439  0.656823  0.719508  0.648902  0.659288 
22  0.618269  0.513869  0.648032  0.577406  0.569350  0.630348  0.502395  0.372069  0.654558  0.445939  0.635685  0.408082  0.446690  0.626789  0.487770  0.448307  0.322590  0.351075  0.504264  0.525350  0.336546  0.508406 0.0  0.315641  0.555250  0.637425  0.568931  0.459513  0.236979  0.543418  0.330902  0.491023  0.567895  0.464162  0.563700  0.370445  0.299347  0.539926  0.513248  0.623843  0.455652  0.764498  0.728628  0.584216  0.518097  0.615102  0.404329  0.619975  0.192974  0.278893  0.492343  0.562273  0.675408  0.535560  0.626296  0.497242  0.301847  0.635494  0.454194  0.609454  0.500886  0.584750  0.341172  0.391421  0.463019  0.557723  0.623063  0.532714  0.499827  0.447837  0.512906  0.695188  0.545758  0.581728  0.402113  0.603651  0.808292  0.643219  0.414576  0.542944  0.538241  0.642859  0.602082  0.525731  0.526383  0.453444  0.575088  0.437840  0.433993  0.479508  0.474836  0.548469  0.723587  0.570638  0.596225  0.423335  0.493271  0.565317  0.457172  0.451628  0.390238  0.509429  0.383836  0.414118  0.448093  0.580953  0.583197  0.549543  0.461519  0.465553  0.376468  0.599349  0.660936  0.462502  0.408390  0.589047  0.303310  0.623564  0.548850  0.520278  0.395407  0.679342  0.596877  0.354175  0.656394  0.541099  0.209369  0.580951  0.411589  0.306487  0.423298  0.450171  0.523857  0.343354  0.431077  0.535084  0.417992  0.537329  0.533571  0.431446  0.412988  0.563073  0.466248  0.271997  0.504235  0.353160 
23  0.845590  0.574641  0.455414  0.672412  0.665772  0.672952  0.608827  0.583249  0.753391  0.563418  0.689430  0.379028  0.632613  0.563756  0.733799  0.364136  0.560604  0.591873  0.744581  0.578536  0.617455  0.652765  0.315641 0.0  0.742914  0.641820  0.711514  0.603923  0.529361  0.641428  0.510407  0.751286  0.586970  0.400936  0.508068  0.422155  0.406464  0.440923  0.674115  0.561413  0.492569  0.732196  0.811361  0.652085  0.478958  0.666651  0.417349  0.715861  0.374426  0.571807  0.662386  0.518246  0.753972  0.737632  0.711822  0.689207  0.390397  0.815285  0.483491  0.570552  0.669869  0.607292  0.505861  0.583390  0.558035  0.530341  0.696120  0.346501  0.466265  0.535382  0.698696  0.701071  0.439476  0.754156  0.449539  0.660793  0.901336  0.590151  0.339321  0.361488  0.737414  0.698110  0.560656  0.660178  0.466058  0.469477  0.688631  0.575942  0.549297  0.589439  0.449673  0.533459  0.794210  0.457955  0.710175  0.680503  0.667701  0.551272  0.534056  0.683118  0.529970  0.704074  0.515707  0.681178  0.476521  0.523388  0.640512  0.584938  0.639391  0.335579  0.397454  0.543215  0.703626  0.544854  0.464398  0.619362  0.394466  0.768568  0.629078  0.398930  0.391906  0.602322  0.565657  0.354222  0.795082  0.666146  0.483457  0.776049  0.390159  0.315271  0.602342  0.492410  0.557563  0.438818  0.590859  0.689299  0.496458  0.606018  0.593106  0.575358  0.669689  0.718237  0.547440  0.534429  0.501122  0.263354 
24  0.621216  0.813950  0.808938  0.324604  0.641365  0.458186  0.656175  0.535276  0.346300  0.584032  0.544899  0.548049  0.632925  0.714214  0.529212  0.591308  0.525747  0.581889  0.526410  0.565588  0.529471  0.623943  0.555250  0.742914 0.0  0.741223  0.539747  0.606378  0.587512  0.625229  0.661934  0.580967  0.643385  0.499431  0.693664  0.524106  0.752811  0.736239  0.599585  0.675600  0.676027  0.535320  0.271555  0.357220  0.689156  0.400439  0.723077  0.419432  0.557582  0.639887  0.413831  0.579434  0.462035  0.491166  0.607000  0.466428  0.629665  0.398167  0.558486  0.638890  0.358489  0.597033  0.563912  0.614462  0.695966  0.348805  0.430400  0.731208  0.760315  0.538796  0.649300  0.618447  0.686076  0.474975  0.607277  0.486792  0.537945  0.591236  0.544076  0.692282  0.659610  0.534398  0.547400  0.781064  0.662200  0.683768  0.727417  0.691312  0.656531  0.575172  0.596246  0.773393  0.477146  0.624022  0.408900  0.678371  0.550689  0.790294  0.599420  0.684878  0.661700  0.652048  0.651425  0.551521  0.732354  0.613606  0.648123  0.678725  0.327723  0.703536  0.662644  0.501047  0.666387  0.596664  0.762333  0.668795  0.620380  0.543125  0.807420  0.669094  0.587750  0.662981  0.619845  0.612543  0.622402  0.629398  0.576956  0.497277  0.584908  0.676730  0.634616  0.611671  0.492769  0.458677  0.615308  0.528165  0.750734  0.727425  0.602617  0.573537  0.604074  0.657749  0.607536  0.708354  0.642086  0.600857 
25  0.589175  0.653272  0.649892  0.606689  0.545179  0.553141  0.545933  0.560581  0.551420  0.536876  0.742730  0.601197  0.524886  0.685806  0.621373  0.553643  0.442493  0.737132  0.611923  0.583143  0.582462  0.633860  0.637425  0.641820  0.741223 0.0  0.556520  0.569193  0.591269  0.620499  0.599476  0.639112  0.514455  0.589925  0.672942  0.593740  0.663198  0.611454  0.593916  0.753653  0.490753  0.668404  0.597420  0.662606  0.599991  0.497558  0.685501  0.650643  0.604402  0.581232  0.584219  0.651069  0.599460  0.629468  0.653782  0.542667  0.550566  0.589503  0.464275  0.541479  0.537296  0.496451  0.598906  0.585680  0.543715  0.655696  0.613903  0.659932  0.539405  0.571821  0.610640  0.646081  0.709841  0.598387  0.657795  0.604781  0.650466  0.612086  0.676680  0.724131  0.577983  0.547618  0.571143  0.555375  0.543492  0.586824  0.488470  0.618283  0.558895  0.580074  0.645371  0.589873  0.623143  0.624449  0.587797  0.635873  0.618073  0.630742  0.680669  0.546783  0.496744  0.590628  0.613151  0.611868  0.521688  0.603761  0.700850  0.668724  0.641134  0.595332  0.471874  0.588440  0.721553  0.698569  0.529163  0.694270  0.555815  0.702256  0.574657  0.703773  0.733075  0.659495  0.625368  0.512874  0.604334  0.583033  0.527129  0.535144  0.511455  0.629403  0.617476  0.634748  0.574798  0.667847  0.567377  0.635974  0.642660  0.579177  0.507779  0.554942  0.440481  0.784685  0.536849  0.612529  0.651552  0.636945 
26  0.450128  0.757112  0.828817  0.532012  0.617864  0.561310  0.512216  0.196804  0.697215  0.554943  0.737414  0.614932  0.420369  0.634762  0.436114  0.603879  0.434984  0.565291  0.479758  0.547529  0.417021  0.614994  0.568931  0.711514  0.539747  0.556520 0.0  0.633935  0.567563  0.742012  0.554271  0.625048  0.482264  0.606296  0.807448  0.486127  0.656000  0.723707  0.647956  0.716680  0.625086  0.664313  0.582056  0.500521  0.672344  0.625174  0.617758  0.638582  0.491389  0.451693  0.610469  0.628920  0.443681  0.452527  0.595883  0.532476  0.660529  0.515338  0.521214  0.326900  0.440928  0.387878  0.654462  0.711981  0.543362  0.588637  0.677833  0.792457  0.516131  0.452679  0.441719  0.638485  0.629105  0.570497  0.624679  0.630585  0.586418  0.574469  0.798690  0.729288  0.372166  0.548090  0.557127  0.598375  0.502327  0.507657  0.560712  0.606622  0.622620  0.450090  0.669614  0.583452  0.501447  0.551528  0.554813  0.467510  0.390034  0.594259  0.498427  0.482595  0.537338  0.345369  0.549036  0.395892  0.437332  0.473349  0.471225  0.686646  0.504405  0.577286  0.517070  0.703847  0.719977  0.551784  0.685684  0.460896  0.564339  0.556433  0.595357  0.736801  0.688606  0.537483  0.678495  0.582956  0.592903  0.285065  0.601174  0.551612  0.634751  0.649283  0.454597  0.560803  0.537419  0.560012  0.673490  0.621471  0.555146  0.541479  0.567542  0.671190  0.366322  0.674339  0.436511  0.477627  0.504970  0.400186 
