146
0 0.0  0.775047  0.812086  0.483419  0.626816  0.504458  0.560024  0.448608  0.514277  0.522531  0.568846  0.651527  0.581022  0.586708  0.464775  0.573288  0.682781  0.616715  0.384010  0.513543  0.556449  0.527957  0.568084  0.682515  0.503722  0.583473  0.460588  0.493737  0.597860  0.585660  0.533366  0.606485  0.478967  0.653953  0.724979  0.493922  0.673888  0.779236  0.603280  0.677162  0.646835  0.429951  0.573094  0.510105  0.665091  0.584577  0.609768  0.419756  0.613615  0.514647  0.550687  0.579116  0.429746  0.475812  0.483102  0.505529  0.605483  0.417893  0.581014  0.576329  0.482639  0.722259  0.617857  0.631002  0.562530  0.551647  0.569781  0.779426  0.546972  0.459734  0.558817  0.561443  0.635208  0.448634  0.550933  0.457365  0.603901  0.667899  0.641307  0.696387  0.435027  0.411819  0.488567  0.620090  0.502413  0.622819  0.628673  0.662762  0.699586  0.414990  0.584866  0.663267  0.380936  0.667471  0.394405  0.396085  0.376527  0.621916  0.497105  0.450667  0.552467  0.514127  0.521914  0.564403  0.633000  0.487297  0.480282  0.656948  0.489226  0.706736  0.608262  0.643995  0.617435  0.575500  0.762853  0.490961  0.638960  0.345767  0.517741  0.652137  0.697225  0.537791  0.536480  0.704294  0.478232  0.455025  0.689074  0.485916  0.583044  0.684636  0.517851  0.430488  0.478601  0.596280  0.693273  0.556470  0.653158  0.494327  0.569314  0.656376  0.464480  0.639571  0.566355  0.584812  0.682421  0.503730 
1  0.775047 0.0  0.377831  0.755075  0.651246  0.621656  0.561275  0.598829  1.000000  0.625134  0.583666  0.565114  0.526132  0.670427  0.776176  0.553092  0.530484  0.506449  0.685015  0.737932  0.566431  0.558626  0.467179  0.356520  0.661614  0.555613  0.780168  0.646254  0.434224  0.681214  0.517040  0.759786  0.515913  0.505844  0.364218  0.456954  0.377127  0.478095  0.635682  0.539911  0.603868  0.649049  0.851346  0.657528  0.442590  0.859698  0.418154  0.737356  0.508428  0.504773  0.789647  0.642744  0.834933  0.615922  0.663501  0.656610  0.531798  0.815071  0.575401  0.720082  0.866868  0.559958  0.581355  0.622459  0.651387  0.703356  0.607671  0.364148  0.472658  0.473032  0.628231  0.705744  0.500358  0.719222  0.459446  0.845750  0.706874  0.723069  0.471015  0.462422  0.852765  0.790500  0.616099  0.446276  0.631128  0.363441  0.651853  0.466882  0.522086  0.497262  0.472345  0.491263  0.814073  0.625687  0.713271  0.754508  0.753661  0.359794  0.576645  0.663318  0.576576  0.648859  0.481971  0.648196  0.578355  0.663817  0.602531  0.489040  0.746542  0.528961  0.404216  0.655767  0.671757  0.597307  0.459625  0.598570  0.536612  0.654673  0.594575  0.501112  0.460183  0.563499  0.644155  0.411521  0.836750  0.543708  0.475700  0.676873  0.472822  0.541197  0.520547  0.587810  0.728412  0.620881  0.676127  0.568839  0.567710  0.564541  0.617759  0.671878  0.699947  0.662195  0.477900  0.588085  0.413249  0.511988 
2  0.812086  0.377831 0.0  0.722977  0.631069  0.754217  0.615327  0.745918  0.814398  0.599401  0.596423  0.499430  0.584721  0.606191  0.730148  0.478184  0.534955  0.468926  0.730133  0.652621  0.484827  0.513328  0.579416  0.398573  0.762310  0.618566  0.690149  0.602447  0.515151  0.603625  0.570880  0.613154  0.706493  0.439378  0.496494  0.559071  0.483241  0.674538  0.577405  0.558012  0.538776  0.734239  0.666354  0.686807  0.386420  0.635924  0.487684  0.741606  0.559168  0.575245  0.716202  0.532947  0.853144  0.742282  0.717686  0.744936  0.607838  0.921022  0.662104  0.655944  0.652504  0.508147  0.528063  0.631122  0.478903  0.646668  0.719882  0.403506  0.688449  0.792240  0.627198  0.672824  0.643563  0.835148  0.556433  0.702700  0.642049  0.579735  0.514571  0.459251  0.827065  0.732681  0.678978  0.589168  0.511871  0.536424  0.629464  0.543792  0.557013  0.540996  0.514148  0.454210  0.757015  0.604617  0.730857  0.651063  0.696634  0.458810  0.595776  0.644555  0.567297  0.579533  0.605731  0.771847  0.522046  0.811926  0.581197  0.499857  0.706035  0.426290  0.436309  0.660254  0.573505  0.565367  0.628230  0.722130  0.612423  0.766915  0.485259  0.356041  0.463926  0.535693  0.540645  0.476324  0.667169  0.634973  0.545475  0.620276  0.481247  0.570180  0.667558  0.663865  0.743224  0.581879  0.640932  0.649121  0.537745  0.664869  0.646472  0.560780  0.739835  0.532092  0.587676  0.613077  0.535420  0.527608 
3  0.483419  0.755075  0.722977 0.0  0.567104  0.438392  0.399290  0.406025  0.421483  0.559946  0.596966  0.543187  0.471075  0.638653  0.314482  0.529619  0.439300  0.509472  0.281657  0.529596  0.549160  0.561737  0.527676  0.557515  0.441388  0.633984  0.395986  0.536272  0.583332  0.652804  0.488808  0.497933  0.439556  0.518266  0.671402  0.407604  0.608810  0.705874  0.696540  0.639233  0.758374  0.354887  0.399586  0.310946  0.756612  0.380998  0.565015  0.347781  0.589762  0.453333  0.376680  0.508931  0.298951  0.482697  0.622795  0.399369  0.567169  0.292107  0.546891  0.551616  0.268564  0.549277  0.630467  0.664827  0.455284  0.288818  0.452972  0.596291  0.469208  0.506629  0.468357  0.545690  0.526576  0.423217  0.686517  0.381311  0.717406  0.586205  0.571808  0.684167  0.441818  0.524520  0.502017  0.675159  0.597213  0.557463  0.493889  0.529749  0.503058  0.425718  0.653832  0.603900  0.367472  0.536862  0.310697  0.591930  0.442360  0.736965  0.422808  0.531497  0.509665  0.398624  0.602363  0.539518  0.484490  0.573402  0.470248  0.633294  0.320689  0.717203  0.606905  0.592076  0.761365  0.609525  0.686096  0.445923  0.585020  0.337003  0.566422  0.537742  0.503419  0.524732  0.635665  0.473766  0.440897  0.445684  0.454712  0.539363  0.590608  0.725454  0.515893  0.471642  0.502091  0.518120  0.701174  0.596200  0.598255  0.586980  0.544808  0.592108  0.404501  0.647871  0.529298  0.429885  0.604938  0.545197 
4  0.626816  0.651246  0.631069  0.567104 0.0  0.545921  0.620999  0.719629  0.521439  0.490025  0.521578  0.475678  0.538696  0.619033  0.567900  0.539709  0.448892  0.389172  0.536689  0.398386  0.493622  0.568301  0.456501  0.483154  0.601411  0.567489  0.704855  0.444463  0.521834  0.449231  0.490992  0.461587  0.656341  0.493967  0.591836  0.611021  0.556584  0.595954  0.457117  0.649286  0.518860  0.594887  0.339240  0.535553  0.643005  0.643592  0.479628  0.449992  0.430297  0.449632  0.567209  0.514065  0.513147  0.502043  0.480179  0.679485  0.609451  0.650902  0.602405  0.591882  0.561326  0.708349  0.663551  0.511249  0.552494  0.575311  0.673160  0.558539  0.506058  0.647758  0.470063  0.557099  0.487610  0.635633  0.489976  0.473793  0.526404  0.564217  0.516804  0.563204  0.657554  0.581490  0.466740  0.506585  0.473367  0.544881  0.570298  0.445784  0.492046  0.483538  0.650992  0.502078  0.493368  0.445318  0.566133  0.422104  0.527243  0.583897  0.546854  0.473527  0.431778  0.537939  0.564860  0.525577  0.463918  0.504072  0.517986  0.514571  0.528185  0.540930  0.564078  0.405809  0.469921  0.330696  0.482466  0.369802  0.492185  0.545115  0.608669  0.472803  0.558255  0.380167  0.389655  0.451811  0.547380  0.631012  0.485472  0.383793  0.467866  0.638868  0.489825  0.586673  0.464950  0.359554  0.503357  0.624756  0.596935  0.567353  0.513255  0.672325  0.549459  0.408344  0.543322  0.542582  0.642138  0.643973 
5  0.504458  0.621656  0.754217  0.438392  0.545921 0.0  0.413819  0.656991  0.349265  0.604516  0.572331  0.722518  0.528338  0.608507  0.374659  0.602909  0.498867  0.606691  0.356857  0.423329  0.659632  0.625623  0.654820  0.721776  0.424740  0.538972  0.555279  0.718501  0.682264  0.603850  0.693286  0.593398  0.630931  0.629359  0.588391  0.636985  0.728056  0.711382  0.613873  0.575821  0.626869  0.380202  0.471791  0.366867  0.630632  0.459324  0.716519  0.391665  0.439384  0.641658  0.511942  0.664132  0.356934  0.646891  0.704508  0.520528  0.694075  0.509699  0.601927  0.525900  0.506127  0.604322  0.719655  0.735495  0.708336  0.345341  0.502667  0.638699  0.696389  0.628973  0.610592  0.530206  0.537058  0.352459  0.703127  0.470574  0.687591  0.602863  0.756499  0.876394  0.665750  0.483416  0.568861  0.627610  0.703248  0.635170  0.536438  0.606514  0.731035  0.651365  0.613332  0.681921  0.313281  0.640578  0.380451  0.349688  0.740041  0.625024  0.728554  0.722547  0.489412  0.602306  0.583699  0.517299  0.772873  0.684017  0.557487  0.769946  0.334625  0.802384  0.666415  0.696397  0.752548  0.512147  0.615022  0.635180  0.624870  0.429683  0.672886  0.687047  0.644453  0.615087  0.558169  0.519899  0.656966  0.694104  0.606482  0.532576  0.606636  0.742249  0.578327  0.577786  0.523557  0.501214  0.677142  0.583788  0.598351  0.547745  0.588110  0.713810  0.601662  0.709308  0.646764  0.585585  0.677777  0.636156 
6  0.560024  0.561275  0.615327  0.399290  0.620999  0.413819 0.0  0.485139  0.565650  0.459698  0.627906  0.513841  0.486034  0.510406  0.526380  0.416193  0.531526  0.630749  0.563693  0.532075  0.445925  0.610721  0.502823  0.545383  0.573223  0.527550  0.469019  0.426303  0.471696  0.577273  0.575022  0.585805  0.564186  0.567266  0.756391  0.520631  0.526801  0.564985  0.575346  0.647316  0.507038  0.550298  0.560955  0.541713  0.578485  0.563641  0.636393  0.439514  0.457616  0.480359  0.554686  0.534751  0.540424  0.490340  0.480339  0.497071  0.593298  0.527247  0.631722  0.611966  0.499410  0.481008  0.540374  0.606791  0.516147  0.465537  0.528368  0.538319  0.546816  0.516764  0.475247  0.562302  0.443815  0.412922  0.478459  0.541976  0.529547  0.537522  0.626099  0.563477  0.529382  0.627100  0.474648  0.492855  0.553247  0.516554  0.506823  0.495357  0.485614  0.468386  0.522596  0.693504  0.487324  0.612837  0.486530  0.506445  0.536321  0.565166  0.437204  0.479273  0.499322  0.495987  0.489391  0.452497  0.613863  0.449454  0.576903  0.587061  0.477339  0.656946  0.474175  0.595152  0.536892  0.511516  0.643523  0.437248  0.543279  0.491871  0.491356  0.552620  0.590630  0.519889  0.543985  0.508285  0.579781  0.551291  0.502190  0.541646  0.541606  0.505004  0.528555  0.526264  0.562606  0.507267  0.514307  0.604639  0.594955  0.455237  0.529133  0.640990  0.448686  0.596494  0.584501  0.542721  0.643251  0.480711 
7  0.448608  0.598829  0.745918  0.406025  0.719629  0.656991  0.485139 0.0  0.592501  0.509565  0.590470  0.464782  0.432172  0.613530  0.487144  0.543606  0.384591  0.454557  0.445277  0.485956  0.409545  0.547999  0.342864  0.588126  0.496214  0.525841  0.251885  0.537012  0.426938  0.602349  0.559665  0.557501  0.275349  0.474593  0.648383  0.341392  0.478218  0.628756  0.606947  0.551173  0.593322  0.524097  0.548676  0.565521  0.643382  0.596202  0.451198  0.501338  0.479052  0.461514  0.436195  0.531883  0.434196  0.320063  0.613773  0.382673  0.450912  0.429438  0.577090  0.395250  0.287732  0.273178  0.468256  0.655661  0.431988  0.489844  0.574707  0.573949  0.464754  0.447967  0.419629  0.611027  0.553860  0.478425  0.528124  0.537764  0.513261  0.618292  0.522380  0.545113  0.400205  0.455215  0.455034  0.458799  0.419108  0.602693  0.447129  0.480965  0.685814  0.366692  0.499711  0.613756  0.496906  0.525280  0.454769  0.459979  0.500331  0.631884  0.438857  0.400458  0.501164  0.307435  0.560029  0.290984  0.486650  0.483877  0.463699  0.550923  0.537684  0.555134  0.483274  0.646786  0.765638  0.520985  0.642389  0.517995  0.445113  0.427315  0.560208  0.600116  0.518922  0.563869  0.565357  0.525200  0.443243  0.215294  0.453770  0.542972  0.549222  0.461316  0.384044  0.473015  0.585522  0.426794  0.649772  0.533637  0.464297  0.433904  0.511168  0.656974  0.323379  0.527564  0.405301  0.427625  0.570067  0.400882 
8  0.514277  1.000000  0.814398  0.421483  0.521439  0.349265  0.565650  0.592501 0.0  0.512224  0.622973  0.535534  0.473001  0.741500  0.307024  0.696600  0.616942  0.479292  0.393299  0.435110  0.710548  0.588851  0.506532  0.662477  0.383061  0.527197  0.603485  0.514920  0.460271  0.536567  0.555952  0.597220  0.631737  0.591849  0.813944  0.635444  0.786076  0.644833  0.713473  0.606094  0.813917  0.410888  0.338241  0.430758  0.691753  0.289505  0.872385  0.356337  0.496291  0.659072  0.439363  0.701922  0.335071  0.466062  0.488083  0.384710  0.592338  0.459563  0.556083  0.701385  0.409639  0.592317  0.562044  0.639430  0.636060  0.347970  0.359957  0.675872  0.685145  0.556632  0.524453  0.599817  0.590248  0.426222  0.542991  0.436163  0.609413  0.490316  0.664100  0.737006  0.714289  0.547538  0.439419  0.778607  0.619356  0.578705  0.743150  0.532410  0.608269  0.557350  0.654095  0.736829  0.254400  0.745927  0.303652  0.504007  0.591606  0.717729  0.585659  0.683624  0.570468  0.550181  0.666159  0.523801  0.665475  0.553209  0.576247  0.721483  0.255901  0.598890  0.578167  0.525529  0.485879  0.459092  0.715279  0.534467  0.637634  0.378746  0.599974  0.766414  0.580438  0.572388  0.635826  0.631649  0.570188  0.749784  0.550933  0.485833  0.542229  0.713424  0.615134  0.589083  0.520765  0.417476  0.571936  0.610135  0.608481  0.544485  0.510093  0.593810  0.713434  0.589700  0.597778  0.634507  0.643060  0.580692 
9  0.522531  0.625134  0.599401  0.559946  0.490025  0.604516  0.459698  0.509565  0.512224 0.0  0.580541  0.368778  0.463504  0.579667  0.600156  0.421947  0.378621  0.436456  0.473047  0.466115  0.454579  0.496033  0.361786  0.585324  0.537483  0.470227  0.410850  0.494206  0.441226  0.432977  0.351250  0.605663  0.539183  0.438208  0.503426  0.406087  0.511069  0.506158  0.511858  0.555593  0.528398  0.589943  0.569949  0.445506  0.492038  0.526988  0.489151  0.472629  0.322405  0.462347  0.517805  0.473872  0.519350  0.465596  0.541405  0.429247  0.467910  0.622365  0.542360  0.602626  0.518095  0.559020  0.439713  0.462146  0.511708  0.557364  0.467058  0.563398  0.409887  0.522714  0.578762  0.532166  0.469109  0.515423  0.481700  0.511052  0.580123  0.481888  0.420591  0.534572  0.703890  0.579131  0.437624  0.510080  0.470845  0.365697  0.508314  0.418479  0.451054  0.498739  0.488822  0.504289  0.562904  0.534421  0.465252  0.503295  0.528805  0.500411  0.475982  0.551096  0.402363  0.499948  0.511660  0.494205  0.572702  0.447060  0.636700  0.361206  0.447706  0.522226  0.424929  0.465023  0.509840  0.348567  0.515804  0.543803  0.365032  0.581199  0.491269  0.584118  0.501038  0.411047  0.519667  0.392258  0.583430  0.578336  0.416385  0.561996  0.435038  0.556631  0.378093  0.530376  0.484842  0.349669  0.606616  0.606570  0.480444  0.534601  0.560963  0.433436  0.567666  0.597416  0.521843  0.477510  0.580710  0.483199 
10  0.568846  0.583666  0.596423  0.596966  0.521578  0.572331  0.627906  0.590470  0.622973  0.580541 0.0  0.608203  0.570267  0.490927  0.525729  0.589407  0.504325  0.607297  0.623680  0.586516  0.603160  0.542545  0.703259  0.678480  0.590293  0.590959  0.505862  0.647274  0.549901  0.611844  0.582764  0.521636  0.614008  0.667487  0.697462  0.649183  0.637396  0.592057  0.537896  0.587248  0.714479  0.633049  0.509933  0.619962  0.567045  0.577980  0.611041  0.497167  0.542377  0.552639  0.564209  0.581040  0.503793  0.618634  0.503070  0.518245  0.531725  0.601072  0.560588  0.593841  0.686118  0.556329  0.625420  0.606903  0.636379  0.545892  0.679872  0.623936  0.579320  0.580216  0.687698  0.488484  0.625527  0.496670  0.599553  0.521458  0.499811  0.564744  0.646182  0.517271  0.562660  0.566873  0.601876  0.610137  0.562762  0.519405  0.614862  0.687462  0.580570  0.445303  0.712484  0.663620  0.575459  0.558178  0.506099  0.543876  0.620668  0.634004  0.607247  0.572961  0.515798  0.550820  0.676499  0.789034  0.632485  0.491628  0.584581  0.571341  0.559052  0.603838  0.624758  0.603159  0.524417  0.486654  0.532803  0.589189  0.547570  0.508679  0.668606  0.541654  0.669083  0.621448  0.567697  0.621246  0.593802  0.602342  0.516837  0.592279  0.665596  0.640007  0.534064  0.553354  0.546552  0.548099  0.655058  0.564957  0.651969  0.559905  0.523240  0.660382  0.588466  0.473241  0.556560  0.582805  0.571784  0.652946 
11  0.651527  0.565114  0.499430  0.543187  0.475678  0.722518  0.513841  0.464782  0.535534  0.368778  0.608203 0.0  0.430982  0.621939  0.601049  0.499794  0.396195  0.379107  0.494200  0.556870  0.367609  0.471171  0.327663  0.360407  0.471063  0.486525  0.485686  0.484638  0.183685  0.503490  0.270045  0.586834  0.405892  0.330203  0.549727  0.345038  0.310724  0.441415  0.569037  0.626560  0.435191  0.679816  0.650951  0.519227  0.536550  0.515704  0.368920  0.686822  0.227792  0.410807  0.504483  0.360665  0.645969  0.536228  0.565054  0.490744  0.339519  0.635806  0.322121  0.574072  0.486735  0.359145  0.308040  0.498304  0.364786  0.578449  0.617970  0.406139  0.420099  0.390938  0.530836  0.601222  0.511642  0.560667  0.399176  0.581471  0.671059  0.466403  0.238494  0.462802  0.553490  0.574628  0.499611  0.435637  0.466767  0.403201  0.518325  0.418025  0.437917  0.370311  0.351739  0.411776  0.583037  0.436849  0.532718  0.503302  0.473461  0.472241  0.400772  0.493979  0.295018  0.469485  0.340750  0.468356  0.397774  0.566241  0.585688  0.461905  0.510856  0.362910  0.243835  0.521014  0.559404  0.397532  0.421531  0.559000  0.311895  0.621985  0.431731  0.562180  0.411534  0.443274  0.506426  0.330847  0.581546  0.412565  0.167822  0.540477  0.314550  0.396531  0.413131  0.431701  0.586490  0.332785  0.565007  0.572785  0.411657  0.407064  0.512046  0.308904  0.484437  0.575207  0.420148  0.283764  0.425687  0.333223 
12  0.581022  0.526132  0.584721  0.471075  0.538696  0.528338  0.486034  0.432172  0.473001  0.463504  0.570267  0.430982 0.0  0.505056  0.514232  0.538380  0.480711  0.492888  0.489140  0.606354  0.517011  0.506925  0.447603  0.459627  0.556404  0.466463  0.535214  0.546449  0.505991  0.699465  0.537725  0.619963  0.416011  0.506093  0.567686  0.443491  0.546635  0.428798  0.655760  0.584920  0.442171  0.588634  0.573767  0.557508  0.550089  0.500630  0.524852  0.504877  0.469727  0.448346  0.558212  0.582968  0.586714  0.529148  0.559273  0.468834  0.489127  0.583259  0.477071  0.578487  0.483062  0.493881  0.456387  0.497281  0.539706  0.474984  0.585963  0.456714  0.537775  0.482812  0.471256  0.572430  0.558014  0.497956  0.573192  0.524223  0.587197  0.641532  0.506774  0.496133  0.525582  0.588287  0.475466  0.502523  0.530103  0.525835  0.473087  0.511533  0.540252  0.575263  0.507309  0.526237  0.552345  0.632026  0.488076  0.471195  0.501240  0.512650  0.517425  0.519055  0.523405  0.484205  0.526653  0.521576  0.463055  0.512802  0.605077  0.538580  0.486031  0.561879  0.495357  0.559004  0.609019  0.473411  0.514782  0.565712  0.460122  0.523379  0.537878  0.556447  0.573488  0.558690  0.675025  0.516142  0.586156  0.422042  0.435684  0.589589  0.482094  0.574253  0.482370  0.580249  0.541629  0.489845  0.448778  0.541472  0.546504  0.561199  0.487103  0.469571  0.515868  0.641736  0.451010  0.501721  0.536123  0.409595 
13  0.586708  0.670427  0.606191  0.638653  0.619033  0.608507  0.510406  0.613530  0.741500  0.579667  0.490927  0.621939  0.505056 0.0  0.519658  0.575561  0.609384  0.635243  0.587640  0.577417  0.608769  0.624644  0.551690  0.702943  0.618188  0.538611  0.441159  0.639759  0.633981  0.640009  0.627163  0.464363  0.551306  0.585949  0.671838  0.463415  0.660406  0.613967  0.593103  0.500871  0.631543  0.590522  0.688079  0.750903  0.642865  0.611532  0.666596  0.585002  0.621417  0.610962  0.608485  0.623417  0.643174  0.591662  0.658260  0.723709  0.546703  0.627686  0.703925  0.514679  0.556700  0.600120  0.640487  0.560993  0.594495  0.599024  0.653017  0.640457  0.535421  0.673092  0.497265  0.573530  0.637510  0.655856  0.652361  0.569985  0.560645  0.690348  0.694156  0.589078  0.497450  0.606283  0.544722  0.496463  0.574842  0.597177  0.549744  0.560568  0.653170  0.582805  0.528318  0.475879  0.524442  0.586886  0.565875  0.632715  0.516090  0.573384  0.491988  0.624237  0.615363  0.621208  0.651027  0.667486  0.482273  0.524662  0.571985  0.615387  0.656120  0.518093  0.684524  0.619191  0.576525  0.616168  0.658016  0.471346  0.627551  0.525249  0.564659  0.669002  0.614511  0.600671  0.596114  0.526233  0.541753  0.575763  0.607147  0.612673  0.611501  0.603914  0.565317  0.638413  0.579172  0.730985  0.662997  0.507066  0.542264  0.509859  0.579633  0.606321  0.518109  0.618149  0.665998  0.611007  0.587293  0.548955 
14  0.464775  0.776176  0.730148  0.314482  0.567900  0.374659  0.526380  0.487144  0.307024  0.600156  0.525729  0.601049  0.514232  0.519658 0.0  0.528722  0.530539  0.581271  0.348738  0.434671  0.583166  0.616218  0.519443  0.748496  0.447879  0.641184  0.418076  0.619067  0.588607  0.631228  0.556248  0.520478  0.530767  0.556676  0.794627  0.535173  0.684819  0.711671  0.627663  0.612114  0.778793  0.349951  0.394904  0.477928  0.642690  0.446608  0.679782  0.332517  0.432583  0.639362  0.397475  0.647778  0.332034  0.553010  0.432597  0.485316  0.524216  0.356672  0.589294  0.559698  0.229086  0.552258  0.680722  0.695258  0.538005  0.363977  0.486564  0.690754  0.480231  0.508134  0.692289  0.496346  0.378551  0.426128  0.656289  0.367020  0.623180  0.599214  0.549002  0.686506  0.595640  0.575310  0.550405  0.581095  0.613574  0.501324  0.608064  0.551175  0.576487  0.534316  0.797739  0.632233  0.289881  0.718125  0.331191  0.387567  0.425269  0.587984  0.485341  0.542382  0.456972  0.524559  0.610746  0.541319  0.561148  0.592653  0.519504  0.632931  0.271816  0.613638  0.543889  0.602349  0.648836  0.476468  0.687806  0.488656  0.709467  0.345016  0.724555  0.818676  0.638546  0.621513  0.530803  0.550446  0.552930  0.441585  0.583558  0.504430  0.562459  0.678408  0.485316  0.521502  0.498531  0.484855  0.737921  0.486075  0.509319  0.486033  0.526356  0.642171  0.502483  0.567355  0.524386  0.524423  0.688543  0.473580 
15  0.573288  0.553092  0.478184  0.529619  0.539709  0.602909  0.416193  0.543606  0.696600  0.421947  0.589407  0.499794  0.538380  0.575561  0.528722 0.0  0.440196  0.464815  0.483678  0.501130  0.434493  0.554998  0.428860  0.488680  0.648134  0.499681  0.594127  0.554223  0.434387  0.625822  0.519790  0.461751  0.532218  0.457471  0.464714  0.472035  0.447548  0.667345  0.511569  0.594894  0.574276  0.518753  0.645793  0.689425  0.518487  0.636013  0.421201  0.530453  0.374886  0.426652  0.450988  0.450109  0.658598  0.463210  0.641314  0.514507  0.545561  0.774850  0.726505  0.505255  0.500408  0.518103  0.418336  0.508730  0.523958  0.585054  0.703280  0.450068  0.393682  0.504602  0.533824  0.593874  0.433256  0.553517  0.491638  0.531107  0.605526  0.685023  0.452787  0.423474  0.621921  0.604250  0.530297  0.482385  0.440373  0.426604  0.533681  0.416908  0.634056  0.469879  0.491862  0.458937  0.674293  0.413486  0.639610  0.720624  0.402266  0.519825  0.430813  0.499639  0.472717  0.532240  0.666988  0.582663  0.546476  0.562772  0.617970  0.598982  0.522054  0.419530  0.452695  0.536047  0.420625  0.474923  0.551588  0.486423  0.428559  0.615472  0.515657  0.487459  0.451737  0.508676  0.456382  0.405582  0.625413  0.543386  0.384641  0.617278  0.565774  0.431751  0.468951  0.527156  0.591778  0.417408  0.447133  0.583442  0.460643  0.475099  0.449441  0.487308  0.560145  0.508217  0.469553  0.550346  0.538465  0.452724 
16  0.682781  0.530484  0.534955  0.439300  0.448892  0.498867  0.531526  0.384591  0.616942  0.378621  0.504325  0.396195  0.480711  0.609384  0.530539  0.440196 0.0  0.372439  0.525140  0.523687  0.356683  0.588297  0.335562  0.393719  0.591128  0.557578  0.474428  0.440189  0.355971  0.546241  0.324281  0.532666  0.524318  0.412340  0.582223  0.343094  0.435651  0.476588  0.599647  0.532234  0.500737  0.566136  0.508786  0.562822  0.484311  0.543584  0.379662  0.559142  0.300175  0.291859  0.455734  0.408496  0.539791  0.443664  0.572368  0.481871  0.398540  0.425029  0.486670  0.565600  0.510146  0.517075  0.463205  0.466295  0.471541  0.564876  0.539306  0.476010  0.342318  0.390794  0.406291  0.691039  0.482660  0.676359  0.491557  0.580506  0.618762  0.560464  0.390996  0.424834  0.495302  0.678369  0.494240  0.398457  0.396919  0.430931  0.445616  0.481860  0.340057  0.442567  0.428104  0.554730  0.462653  0.362152  0.535036  0.530685  0.414051  0.530854  0.369313  0.376830  0.356271  0.403146  0.480155  0.443872  0.374640  0.477948  0.472555  0.444237  0.396613  0.645537  0.426755  0.481109  0.652008  0.424630  0.440995  0.489075  0.449709  0.440543  0.474232  0.485495  0.387664  0.411389  0.512498  0.357301  0.632136  0.405562  0.365968  0.604761  0.395544  0.420058  0.494797  0.454844  0.454206  0.451274  0.461311  0.548834  0.346069  0.455388  0.566823  0.425740  0.462371  0.556532  0.403475  0.431283  0.447949  0.358025 
17  0.616715  0.506449  0.468926  0.509472  0.389172  0.606691  0.630749  0.454557  0.479292  0.436456  0.607297  0.379107  0.492888  0.635243  0.581271  0.464815  0.372439 0.0  0.521274  0.500276  0.417431  0.533649  0.416775  0.506491  0.614443  0.520593  0.423957  0.434240  0.399852  0.449039  0.418942  0.486828  0.492079  0.479208  0.522273  0.428377  0.464851  0.371849  0.477576  0.640888  0.479107  0.587138  0.523751  0.432179  0.561560  0.494267  0.387114  0.604004  0.436227  0.434187  0.522782  0.586913  0.569899  0.470547  0.561301  0.494465  0.421991  0.588435  0.437625  0.543532  0.613821  0.549321  0.435956  0.424859  0.463382  0.569606  0.595630  0.477893  0.433105  0.429013  0.441218  0.633989  0.419982  0.599519  0.413272  0.561164  0.562615  0.508456  0.372720  0.520925  0.571182  0.636236  0.440077  0.474938  0.480217  0.450076  0.413901  0.492082  0.421647  0.569306  0.382394  0.443377  0.635705  0.442031  0.641648  0.570979  0.538748  0.499614  0.450944  0.550005  0.465999  0.491795  0.466892  0.443773  0.518552  0.399376  0.500588  0.512371  0.520556  0.496310  0.462551  0.487981  0.538557  0.437862  0.403010  0.467958  0.395963  0.652170  0.434749  0.536663  0.456372  0.482533  0.520377  0.396976  0.535636  0.571408  0.395060  0.585789  0.405614  0.467746  0.440610  0.499879  0.526099  0.449502  0.447615  0.675249  0.551324  0.501399  0.644100  0.432178  0.538324  0.631465  0.544656  0.474155  0.491137  0.427517 
18  0.384010  0.685015  0.730133  0.281657  0.536689  0.356857  0.563693  0.445277  0.393299  0.473047  0.623680  0.494200  0.489140  0.587640  0.348738  0.483678  0.525140  0.521274 0.0  0.505170  0.562402  0.497573  0.518457  0.761772  0.459077  0.585182  0.417181  0.498605  0.606095  0.653447  0.612553  0.640283  0.513708  0.589875  0.675229  0.533664  0.719468  0.619561  0.709405  0.598536  0.607486  0.377544  0.346003  0.429115  0.729646  0.367488  0.643255  0.347259  0.468132  0.523613  0.356441  0.567435  0.318355  0.473778  0.560168  0.477744  0.572003  0.309410  0.602900  0.544396  0.269211  0.535156  0.725423  0.596769  0.490960  0.323694  0.500255  0.515078  0.397145  0.465946  0.405144  0.616086  0.657997  0.398811  0.593321  0.400942  0.726008  0.672702  0.563385  0.737879  0.554738  0.472344  0.495124  0.614163  0.510813  0.616228  0.540130  0.435923  0.579876  0.495394  0.621304  0.676172  0.324807  0.509226  0.319639  0.459675  0.363208  0.647526  0.426518  0.435876  0.532548  0.517104  0.682219  0.411211  0.558665  0.484659  0.473977  0.708725  0.372595  0.711565  0.697627  0.585832  0.695755  0.536181  0.573449  0.380374  0.546850  0.265790  0.519402  0.645146  0.625483  0.574960  0.606020  0.606585  0.440582  0.453149  0.652925  0.448665  0.604200  0.660057  0.428935  0.514647  0.517300  0.541071  0.611672  0.614803  0.580920  0.501522  0.488477  0.588541  0.407202  0.740967  0.594762  0.588746  0.765706  0.462950 
19  0.513543  0.737932  0.652621  0.529596  0.398386  0.423329  0.532075  0.485956  0.435110  0.466115  0.586516  0.556870  0.606354  0.577417  0.434671  0.501130  0.523687  0.500276  0.505170 0.0  0.478990  0.610944  0.497124  0.591721  0.461153  0.646080  0.452087  0.509069  0.583093  0.533961  0.438308  0.613671  0.537645  0.524452  0.718409  0.557776  0.503748  0.490576  0.490756  0.645977  0.526442  0.501787  0.529576  0.507050  0.584104  0.477136  0.534018  0.550533  0.500838  0.484045  0.580602  0.523178  0.378417  0.520917  0.439077  0.522181  0.481551  0.592378  0.578297  0.567826  0.529962  0.458683  0.549608  0.519427  0.562969  0.412488  0.509601  0.589089  0.450006  0.493386  0.501786  0.605499  0.476813  0.482298  0.569016  0.446107  0.610955  0.596490  0.554081  0.552191  0.511319  0.499739  0.512044  0.571246  0.445615  0.548276  0.658786  0.495599  0.482725  0.493428  0.570354  0.574540  0.450189  0.521167  0.474796  0.408617  0.507041  0.542359  0.449994  0.508367  0.528368  0.470849  0.530115  0.453381  0.555413  0.528655  0.543526  0.595876  0.429420  0.619200  0.538916  0.561077  0.615847  0.442199  0.638460  0.416520  0.587328  0.397165  0.492377  0.658078  0.557008  0.470755  0.542277  0.500082  0.489006  0.590097  0.476910  0.437218  0.408738  0.592933  0.555793  0.569550  0.417717  0.332261  0.592007  0.496486  0.602796  0.473591  0.595364  0.543862  0.459479  0.507277  0.568000  0.569319  0.577126  0.477315 
20  0.556449  0.566431  0.484827  0.549160  0.493622  0.659632  0.445925  0.409545  0.710548  0.454579  0.603160  0.367609  0.517011  0.608769  0.583166  0.434493  0.356683  0.417431  0.562402  0.478990 0.0  0.526428  0.308792  0.487409  0.595880  0.502820  0.475621  0.515167  0.289321  0.524492  0.378134  0.650214  0.499764  0.568795  0.555514  0.325229  0.309955  0.437461  0.515837  0.618541  0.356493  0.618972  0.631753  0.539325  0.505620  0.552280  0.379887  0.522724  0.334249  0.330830  0.595448  0.379079  0.569146  0.497207  0.571672  0.512005  0.391654  0.509469  0.560315  0.565425  0.495770  0.504723  0.372889  0.512971  0.458821  0.641034  0.598314  0.511187  0.497834  0.447984  0.449603  0.533420  0.371877  0.627007  0.418741  0.593973  0.641229  0.720992  0.369043  0.570935  0.477994  0.488380  0.431702  0.422249  0.328301  0.353174  0.466235  0.399801  0.422940  0.395610  0.397171  0.478049  0.633039  0.431188  0.532579  0.611522  0.468355  0.496539  0.366393  0.482345  0.408254  0.415392  0.442505  0.451500  0.494034  0.495486  0.482296  0.581166  0.576565  0.520977  0.336103  0.519638  0.451859  0.406415  0.448883  0.486329  0.364470  0.635767  0.436674  0.522847  0.542497  0.469951  0.539687  0.365951  0.428055  0.426409  0.246752  0.464775  0.483229  0.412663  0.348417  0.536511  0.450475  0.421879  0.533876  0.541265  0.449040  0.416974  0.546944  0.492221  0.444961  0.548723  0.485403  0.340827  0.431840  0.383212 
21  0.527957  0.558626  0.513328  0.561737  0.568301  0.625623  0.610721  0.547999  0.588851  0.496033  0.542545  0.471171  0.506925  0.624644  0.616218  0.554998  0.588297  0.533649  0.497573  0.610944  0.526428 0.0  0.568821  0.545632  0.606210  0.526880  0.462446  0.564217  0.591868  0.493342  0.468932  0.643304  0.495587  0.513897  0.609136  0.517719  0.545405  0.605250  0.540068  0.565532  0.541243  0.649110  0.573996  0.573288  0.541461  0.491475  0.556938  0.569044  0.511250  0.493816  0.553860  0.532492  0.541755  0.489364  0.420041  0.510241  0.531245  0.603208  0.537520  0.519599  0.438810  0.581137  0.537987  0.465680  0.558925  0.615922  0.508611  0.598814  0.458724  0.501722  0.581495  0.644499  0.639680  0.580504  0.592660  0.585409  0.684327  0.609766  0.508795  0.499663  0.568151  0.510173  0.476866  0.555984  0.579439  0.522992  0.485316  0.531284  0.517515  0.621116  0.489537  0.485857  0.498260  0.537304  0.680305  0.577135  0.457542  0.525165  0.645235  0.485996  0.505291  0.411031  0.574692  0.557341  0.562816  0.620662  0.523368  0.543855  0.618917  0.536386  0.527866  0.542198  0.489370  0.546413  0.624035  0.571900  0.529364  0.520286  0.565177  0.491803  0.593832  0.605313  0.536891  0.522167  0.627322  0.546812  0.541602  0.466180  0.488108  0.557855  0.622606  0.436716  0.561989  0.506076  0.597403  0.579682  0.537601  0.535112  0.580507  0.638786  0.444632  0.608045  0.509142  0.548809  0.544401  0.518516 
22  0.568084  0.467179  0.579416  0.527676  0.456501  0.654820  0.502823  0.342864  0.506532  0.361786  0.703259  0.327663  0.447603  0.551690  0.519443  0.428860  0.335562  0.416775  0.518457  0.497124  0.308792  0.568821 0.0  0.318844  0.587111  0.635978  0.407099  0.414541  0.269001  0.505366  0.332653  0.511324  0.409581  0.412275  0.504305  0.350698  0.280115  0.399635  0.606491  0.652539  0.421416  0.628587  0.738784  0.553599  0.404518  0.594299  0.356102  0.543730  0.236957  0.367747  0.506092  0.416759  0.562883  0.530673  0.593496  0.496429  0.258911  0.580660  0.320626  0.493778  0.421626  0.362447  0.300135  0.355874  0.360630  0.617023  0.567749  0.401586  0.534884  0.398678  0.507038  0.535700  0.351752  0.456461  0.374764  0.525415  0.716706  0.504118  0.295944  0.443569  0.524167  0.559018  0.412644  0.465129  0.364234  0.415138  0.515130  0.469507  0.386324  0.441016  0.389277  0.544589  0.555764  0.580325  0.484220  0.537816  0.490248  0.475533  0.466936  0.470984  0.340172  0.370425  0.317813  0.360301  0.442307  0.489504  0.531785  0.478777  0.551149  0.471981  0.264540  0.552883  0.655216  0.417020  0.410163  0.546020  0.353036  0.596704  0.505508  0.537844  0.343039  0.454253  0.467924  0.396613  0.597990  0.426986  0.261527  0.575667  0.342102  0.311830  0.402681  0.397919  0.504112  0.328125  0.431618  0.606182  0.356528  0.433317  0.531688  0.382394  0.475675  0.532150  0.460003  0.380170  0.478490  0.355529 
23  0.682515  0.356520  0.398573  0.557515  0.483154  0.721776  0.545383  0.588126  0.662477  0.585324  0.678480  0.360407  0.459627  0.702943  0.748496  0.488680  0.393719  0.506491  0.761772  0.591721  0.487409  0.545632  0.318844 0.0  0.598400  0.579697  0.755087  0.553529  0.407710  0.543634  0.425938  0.678526  0.508599  0.299292  0.408401  0.352914  0.309910  0.462365  0.584936  0.542235  0.561936  0.717212  0.775363  0.545376  0.365461  0.664646  0.369311  0.662734  0.364164  0.462071  0.583912  0.479878  0.684457  0.695565  0.640552  0.546383  0.411389  0.778148  0.494024  0.625680  0.639615  0.644452  0.462278  0.557755  0.531923  0.687127  0.604113  0.290837  0.514796  0.543970  0.604474  0.735893  0.520634  0.688693  0.416724  0.649783  0.742741  0.601329  0.377017  0.305411  0.744908  0.665164  0.615147  0.506300  0.496195  0.473977  0.595345  0.493121  0.424164  0.455001  0.386801  0.566217  0.870940  0.403465  0.643280  0.601886  0.600871  0.449472  0.497258  0.611894  0.402797  0.564595  0.367179  0.577548  0.394379  0.697847  0.641989  0.537762  0.686979  0.381660  0.419776  0.433833  0.577970  0.529297  0.424883  0.652295  0.484922  0.710455  0.520070  0.397133  0.339471  0.633198  0.490314  0.374547  0.703444  0.470458  0.369816  0.631678  0.380665  0.288847  0.441450  0.538796  0.551647  0.505637  0.673714  0.547237  0.479550  0.513464  0.573029  0.442836  0.644222  0.545818  0.466308  0.522250  0.540156  0.321544 
24  0.503722  0.661614  0.762310  0.441388  0.601411  0.424740  0.573223  0.496214  0.383061  0.537483  0.590293  0.471063  0.556404  0.618188  0.447879  0.648134  0.591128  0.614443  0.459077  0.461153  0.595880  0.606210  0.587111  0.598400 0.0  0.517412  0.463036  0.463888  0.467583  0.568265  0.566329  0.570681  0.481335  0.498353  0.693452  0.541287  0.616404  0.561659  0.567151  0.632512  0.648689  0.496877  0.406362  0.370420  0.656773  0.340546  0.529959  0.429236  0.451235  0.534337  0.461792  0.596759  0.440411  0.406943  0.549944  0.436898  0.560894  0.369837  0.564705  0.490804  0.417583  0.507639  0.614273  0.544962  0.594938  0.390310  0.331087  0.674724  0.634416  0.613101  0.583101  0.546733  0.456844  0.413506  0.607979  0.470355  0.490216  0.508937  0.578627  0.711575  0.606823  0.454337  0.556950  0.711716  0.561288  0.603375  0.653048  0.637805  0.612404  0.613262  0.544611  0.694662  0.434627  0.677689  0.321989  0.481315  0.510623  0.688332  0.652129  0.615865  0.510615  0.579441  0.545183  0.451313  0.634368  0.488477  0.609850  0.598498  0.327740  0.662444  0.683116  0.543511  0.585231  0.564324  0.536828  0.583935  0.551167  0.394431  0.766862  0.698086  0.586517  0.543905  0.496434  0.586968  0.527521  0.617483  0.519379  0.537853  0.542961  0.707733  0.574380  0.514006  0.521902  0.474671  0.641083  0.556807  0.649643  0.640332  0.495124  0.642413  0.527375  0.590953  0.488493  0.487582  0.630626  0.616851 
25  0.583473  0.555613  0.618566  0.633984  0.567489  0.538972  0.527550  0.525841  0.527197  0.470227  0.590959  0.486525  0.466463  0.538611  0.641184  0.499681  0.557578  0.520593  0.585182  0.646080  0.502820  0.526880  0.635978  0.579697  0.517412 0.0  0.545799  0.501067  0.557709  0.687608  0.486044  0.511794  0.512354  0.622172  0.628257  0.516313  0.563777  0.526215  0.484035  0.636189  0.490876  0.545055  0.564541  0.536591  0.593766  0.489176  0.518790  0.494615  0.504801  0.552248  0.574765  0.541995  0.498341  0.536923  0.505633  0.537397  0.544364  0.541243  0.569340  0.579713  0.499568  0.504114  0.590954  0.560265  0.568876  0.553853  0.577049  0.590816  0.558524  0.507854  0.503664  0.677624  0.477430  0.588175  0.548442  0.518903  0.557026  0.501535  0.577946  0.536143  0.553263  0.518571  0.468894  0.492223  0.615695  0.582452  0.446120  0.558728  0.502015  0.529949  0.532703  0.483828  0.489362  0.618177  0.590653  0.574716  0.535614  0.498917  0.632085  0.516549  0.614386  0.597333  0.468754  0.546019  0.553535  0.569553  0.517509  0.640096  0.579634  0.559290  0.572895  0.643379  0.579511  0.539643  0.443893  0.561001  0.511874  0.563483  0.602543  0.577638  0.549039  0.594655  0.644950  0.598591  0.501666  0.521439  0.458648  0.556250  0.542684  0.698953  0.505534  0.581124  0.606586  0.522799  0.457758  0.580476  0.500733  0.649854  0.598378  0.510431  0.487830  0.562266  0.562459  0.624703  0.765299  0.473065 
26  0.460588  0.780168  0.690149  0.395986  0.704855  0.555279  0.469019  0.251885  0.603485  0.410850  0.505862  0.485686  0.535214  0.441159  0.418076  0.594127  0.474428  0.423957  0.417181  0.452087  0.475621  0.462446  0.407099  0.755087  0.463036  0.545799 0.0  0.514927  0.573532  0.603274  0.617379  0.522458  0.347731  0.647417  0.659435  0.397615  0.585913  0.571375  0.623177  0.687730  0.659229  0.574149  0.720275  0.471458  0.660064  0.526188  0.477350  0.548568  0.563224  0.473799  0.393655  0.546703  0.427421  0.343091  0.625932  0.489271  0.411211  0.407585  0.565650  0.439201  0.328624  0.376628  0.580936  0.553412  0.456751  0.540248  0.648952  0.741933  0.482537  0.499322  0.475538  0.576197  0.562818  0.564933  0.482697  0.487429  0.592636  0.711564  0.508482  0.621827  0.324188  0.532878  0.378491  0.619794  0.500094  0.525960  0.489261  0.517196  0.569973  0.407172  0.611337  0.592687  0.418691  0.541326  0.482375  0.466696  0.504821  0.591745  0.476003  0.515432  0.458446  0.293167  0.530333  0.362226  0.475600  0.469495  0.478335  0.568294  0.497840  0.504011  0.577687  0.673242  0.792801  0.503879  0.638378  0.439895  0.534570  0.423497  0.472947  0.782478  0.561158  0.503668  0.716052  0.512989  0.440539  0.283847  0.535395  0.524830  0.652740  0.601780  0.448392  0.531636  0.543110  0.545898  0.625008  0.550437  0.435029  0.551473  0.445971  0.574732  0.359148  0.591997  0.414761  0.456922  0.620869  0.398802 
