146
0 0.0  0.834909  0.852013  0.483508  0.744466  0.577594  0.557442  0.526205  0.541231  0.586639  0.591896  0.748331  0.595120  0.623770  0.496877  0.706325  0.625641  0.587114  0.514466  0.502340  0.604272  0.491852  0.647931  0.918262  0.586612  0.690983  0.519029  0.522125  0.614986  0.711565  0.708701  0.671827  0.694854  0.776230  0.788431  0.611168  0.783128  0.839013  0.647174  0.638874  0.658379  0.514203  0.509043  0.625127  0.753689  0.538179  0.680982  0.619061  0.679551  0.629487  0.664972  0.613486  0.407082  0.517410  0.518661  0.475191  0.703535  0.418270  0.614585  0.655343  0.501330  0.705808  0.786182  0.643395  0.579498  0.564823  0.641721  0.679176  0.617378  0.528439  0.537911  0.626966  0.682789  0.583005  0.723906  0.448146  0.709005  0.585360  0.757678  0.760821  0.560934  0.411673  0.618785  0.657321  0.498197  0.660817  0.695516  0.593543  0.648014  0.558348  0.705740  0.716687  0.531974  0.702952  0.479360  0.387108  0.459053  0.768781  0.679541  0.477214  0.653196  0.449108  0.596108  0.543346  0.634279  0.462841  0.581017  0.755139  0.434968  0.724566  0.712225  0.624900  0.865388  0.598992  0.834154  0.516893  0.646539  0.478424  0.566697  0.770959  0.660678  0.672263  0.699919  0.718657  0.540405  0.558148  0.602785  0.478977  0.741864  0.827137  0.648494  0.531000  0.516965  0.632661  0.793128  0.673826  0.616230  0.683826  0.743344  0.633465  0.474610  0.766933  0.572991  0.538238  0.722276  0.700403 
1  0.834909 0.0  0.475225  0.858201  0.589173  0.804699  0.752654  0.636533  0.908097  0.640647  0.625738  0.489857  0.741618  0.672491  0.874117  0.509071  0.539255  0.658805  1.000000  0.577512  0.546395  0.629196  0.528902  0.307889  0.736472  0.718608  0.840586  0.675117  0.708630  0.634983  0.489605  0.886038  0.467959  0.666221  0.536217  0.578907  0.452194  0.657195  0.729158  0.546410  0.711488  0.935654  0.926709  0.743312  0.454643  0.768216  0.452140  0.876848  0.607242  0.685040  0.864197  0.487288  0.901023  0.805648  0.745795  0.725976  0.475140  0.958194  0.620903  0.696835  0.732650  0.715506  0.591902  0.782600  0.735146  0.884759  0.860322  0.339811  0.629284  0.645555  0.735852  0.796065  0.642480  0.763042  0.565442  0.843857  0.861552  0.779541  0.581867  0.401363  0.878524  0.791479  0.772548  0.420340  0.574671  0.519840  0.657411  0.738634  0.596922  0.654257  0.408712  0.511842  0.987284  0.632850  0.834003  0.841112  0.689230  0.379438  0.693982  0.667548  0.686386  0.671058  0.521791  0.615882  0.530719  0.820822  0.643925  0.624688  0.875665  0.551090  0.455350  0.823905  0.861877  0.693043  0.487056  0.734844  0.564505  0.854827  0.631980  0.534780  0.578884  0.553514  0.651449  0.482411  0.876857  0.535040  0.550540  0.630715  0.410079  0.509029  0.583151  0.656340  0.710553  0.712396  0.631230  0.634818  0.573006  0.560349  0.547503  0.789355  0.799007  0.746791  0.624952  0.609063  0.611154  0.544576 
2  0.852013  0.475225 0.0  0.810146  0.741070  0.758233  0.687543  0.737727  0.904707  0.618803  0.641492  0.586494  0.531360  0.638405  0.828259  0.558424  0.658608  0.535071  0.809544  0.698999  0.588621  0.598985  0.545249  0.361455  0.870945  0.568738  0.748742  0.791306  0.628811  0.567605  0.599497  0.694863  0.742773  0.605617  0.476675  0.549530  0.511167  0.633994  0.702298  0.638800  0.669338  0.762961  0.824954  0.768770  0.259964  0.801499  0.563168  0.781668  0.634027  0.668958  0.604802  0.448691  0.907851  0.763143  0.788433  0.754039  0.578381  0.826183  0.688744  0.635287  0.840838  0.685771  0.655025  0.580161  0.568509  0.678759  0.793359  0.446353  0.644538  0.785969  0.773085  0.722823  0.704513  0.890954  0.565704  0.766336  0.802637  0.752966  0.491953  0.354723  0.757719  0.833235  0.666831  0.540631  0.600570  0.497951  0.785593  0.627499  0.750044  0.701121  0.512068  0.583204  0.932847  0.591723  0.879769  0.708043  0.821600  0.576509  0.779811  0.807092  0.699108  0.713511  0.602781  0.752760  0.623687  0.716216  0.760808  0.599887  0.775140  0.402418  0.584907  0.695745  0.564947  0.709957  0.669019  0.859924  0.640330  0.814068  0.601800  0.386630  0.411532  0.645916  0.594649  0.487283  0.868898  0.722416  0.571391  0.679073  0.503333  0.588097  0.608637  0.702609  0.826854  0.673138  0.630218  0.702260  0.589184  0.692131  0.662284  0.619191  0.867535  0.705885  0.605194  0.709695  0.680892  0.553937 
3  0.483508  0.858201  0.810146 0.0  0.592152  0.404598  0.543695  0.517138  0.474084  0.509018  0.778810  0.513533  0.495318  0.578560  0.265247  0.681739  0.428238  0.694481  0.260596  0.554221  0.589667  0.522519  0.588109  0.641400  0.358223  0.728997  0.486775  0.659434  0.658808  0.678884  0.685863  0.637485  0.538494  0.608931  0.838422  0.474245  0.699247  0.754400  0.738832  0.736342  0.767050  0.374154  0.495439  0.400760  0.814012  0.521099  0.652217  0.351439  0.460622  0.703493  0.331401  0.639363  0.295527  0.615161  0.713663  0.511699  0.680060  0.327417  0.644652  0.708801  0.158282  0.638073  0.641788  0.756731  0.648858  0.385815  0.470251  0.685617  0.653541  0.556395  0.567341  0.714305  0.733403  0.358522  0.804086  0.497167  0.721167  0.563730  0.586715  0.776755  0.388700  0.522698  0.590559  0.664276  0.582416  0.650523  0.700173  0.559596  0.633347  0.484772  0.643726  0.759291  0.362565  0.697668  0.401204  0.624695  0.502900  0.786226  0.525886  0.554656  0.458821  0.584233  0.643482  0.572379  0.415450  0.530808  0.481993  0.798071  0.301470  0.678585  0.645403  0.737497  0.718221  0.601031  0.822428  0.607979  0.660957  0.401382  0.650095  0.773987  0.590969  0.580294  0.666952  0.655642  0.445094  0.582529  0.601349  0.608170  0.642098  0.742016  0.694901  0.602499  0.648019  0.463619  0.705030  0.539420  0.464879  0.637995  0.613488  0.745229  0.526119  0.644147  0.574411  0.487880  0.671140  0.474646 
4  0.744466  0.589173  0.741070  0.592152 0.0  0.593432  0.473508  0.620584  0.485383  0.547227  0.547516  0.534740  0.578433  0.671936  0.547800  0.611980  0.524708  0.490789  0.569369  0.595768  0.477489  0.669815  0.477090  0.641188  0.629667  0.551404  0.663612  0.552114  0.608585  0.538698  0.576103  0.358592  0.691141  0.461582  0.662606  0.629668  0.677872  0.582945  0.379876  0.751886  0.630517  0.633371  0.368692  0.499716  0.701414  0.550461  0.667262  0.609918  0.450432  0.544982  0.475331  0.547318  0.593794  0.519366  0.492995  0.736009  0.516503  0.622271  0.626703  0.682860  0.672357  0.689637  0.527048  0.464299  0.568456  0.579542  0.676016  0.671609  0.499958  0.690102  0.555069  0.561202  0.549046  0.509435  0.589560  0.539881  0.603753  0.581740  0.490311  0.741493  0.546916  0.616502  0.483647  0.717110  0.541409  0.576006  0.594349  0.552898  0.527538  0.622589  0.519904  0.599793  0.608816  0.626791  0.588284  0.498405  0.642691  0.803130  0.653474  0.610438  0.504241  0.724593  0.772120  0.562723  0.648486  0.645616  0.627026  0.567411  0.470290  0.647515  0.633733  0.511227  0.455609  0.373066  0.501254  0.454940  0.651026  0.575438  0.563921  0.604787  0.577610  0.402017  0.411595  0.539992  0.518041  0.749948  0.463686  0.510758  0.451525  0.640129  0.501174  0.800915  0.463928  0.392061  0.560615  0.604885  0.644598  0.624948  0.574120  0.656074  0.713003  0.467559  0.652209  0.623300  0.670473  0.609476 
5  0.577594  0.804699  0.758233  0.404598  0.593432 0.0  0.560122  0.643388  0.470706  0.670868  0.634156  0.788024  0.447806  0.612660  0.466709  0.789686  0.549711  0.699234  0.444604  0.596670  0.733058  0.660805  0.698444  0.795159  0.335709  0.533884  0.635504  0.693641  0.608510  0.608655  0.753436  0.698281  0.695016  0.776105  0.675536  0.736764  0.831943  0.706430  0.747003  0.677154  0.668570  0.495418  0.421985  0.567237  0.716238  0.526736  0.862872  0.396596  0.593945  0.722382  0.552031  0.668935  0.409354  0.731496  0.614399  0.566963  0.635875  0.567753  0.659534  0.748890  0.482731  0.655737  0.563981  0.745607  0.752317  0.428746  0.489064  0.694673  0.697705  0.663922  0.683494  0.647887  0.680655  0.389869  0.762316  0.574512  0.730743  0.616683  0.715018  0.852481  0.716770  0.588954  0.576868  0.801119  0.671310  0.702813  0.672997  0.682285  0.723136  0.597300  0.754417  0.780940  0.377907  0.746872  0.403919  0.417536  0.752508  0.700846  0.572391  0.620730  0.567021  0.733576  0.697074  0.603591  0.788900  0.705042  0.630386  0.751632  0.400313  0.704528  0.649621  0.697093  0.763125  0.541722  0.879106  0.706118  0.672765  0.372495  0.718297  0.794035  0.674637  0.585028  0.771999  0.706012  0.617178  0.620877  0.731804  0.646383  0.580652  0.752407  0.635136  0.750091  0.579568  0.527059  0.668528  0.588049  0.747805  0.678791  0.708985  0.762875  0.703976  0.728559  0.613270  0.664060  0.705932  0.694410 
6  0.557442  0.752654  0.687543  0.543695  0.473508  0.560122 0.0  0.662811  0.552236  0.541477  0.662615  0.567758  0.507586  0.667630  0.440270  0.585657  0.609805  0.583282  0.466153  0.549515  0.612405  0.574427  0.519760  0.760458  0.610820  0.550091  0.572340  0.668172  0.569972  0.720927  0.561385  0.641113  0.505231  0.809154  0.743303  0.544184  0.618004  0.565669  0.595176  0.683498  0.551673  0.466659  0.655217  0.438615  0.572601  0.582513  0.670308  0.450484  0.548846  0.634417  0.469447  0.578311  0.547902  0.505910  0.443288  0.557606  0.662631  0.485002  0.645620  0.580884  0.625153  0.625409  0.613877  0.531207  0.629614  0.598731  0.518275  0.663365  0.548126  0.555702  0.611420  0.591642  0.586754  0.507018  0.610492  0.520334  0.541765  0.678638  0.490264  0.715666  0.591268  0.509892  0.567686  0.588156  0.549419  0.670454  0.586615  0.539089  0.528835  0.602639  0.629212  0.642739  0.526017  0.630615  0.547100  0.557419  0.553095  0.634521  0.518934  0.450360  0.630096  0.507962  0.659111  0.544593  0.684917  0.492718  0.585706  0.822551  0.437381  0.645379  0.616364  0.658192  0.501125  0.509397  0.577830  0.519202  0.656681  0.578094  0.516347  0.748836  0.620567  0.515178  0.573425  0.565989  0.597079  0.665081  0.451033  0.614913  0.586594  0.694839  0.458101  0.628068  0.683375  0.578247  0.557621  0.614574  0.641040  0.562545  0.626953  0.557998  0.462592  0.601865  0.540684  0.578889  0.604983  0.595723 
7  0.526205  0.636533  0.737727  0.517138  0.620584  0.643388  0.662811 0.0  0.585349  0.662681  0.638500  0.563738  0.585889  0.635680  0.510366  0.463625  0.499372  0.589334  0.432598  0.469804  0.495117  0.414113  0.460864  0.589955  0.633757  0.577013  0.337830  0.528270  0.426898  0.705265  0.542797  0.513559  0.185567  0.593496  0.787816  0.302900  0.543440  0.700464  0.729236  0.564661  0.621445  0.607832  0.603640  0.565361  0.804968  0.687648  0.421751  0.533151  0.539778  0.415345  0.431116  0.610552  0.517241  0.343043  0.702606  0.548427  0.466247  0.477055  0.635618  0.380007  0.292492  0.371965  0.553716  0.644852  0.438963  0.613222  0.619952  0.603019  0.619246  0.396764  0.588517  0.620762  0.586903  0.597156  0.677773  0.506310  0.568243  0.657115  0.504944  0.579949  0.252059  0.627363  0.527931  0.590234  0.575614  0.526219  0.535300  0.732057  0.670977  0.419889  0.616173  0.767248  0.611721  0.595490  0.518434  0.572344  0.416059  0.667960  0.516725  0.522240  0.519124  0.265600  0.532332  0.230229  0.587602  0.511584  0.425404  0.594372  0.602744  0.670999  0.654549  0.756223  0.743194  0.617839  0.548495  0.579343  0.461299  0.535790  0.559931  0.614925  0.639750  0.623323  0.682798  0.547497  0.521196  0.310328  0.384491  0.596423  0.611083  0.506601  0.530390  0.365324  0.538649  0.585820  0.653671  0.524774  0.387333  0.482697  0.638365  0.618045  0.355218  0.715661  0.500775  0.522690  0.697937  0.432731 
8  0.541231  0.908097  0.904707  0.474084  0.485383  0.470706  0.552236  0.585349 0.0  0.623566  0.711832  0.601567  0.579624  0.734868  0.238592  0.774264  0.673130  0.651893  0.405917  0.419202  0.776254  0.616526  0.620314  0.659905  0.360639  0.591450  0.637979  0.565264  0.702062  0.560883  0.656144  0.784203  0.677321  0.726094  0.737989  0.781334  0.682973  0.665178  0.656242  0.634442  0.794539  0.350047  0.312204  0.517593  0.776239  0.322405  0.811267  0.382703  0.648332  0.766057  0.412773  0.687927  0.341303  0.563604  0.459747  0.382837  0.690867  0.522155  0.565758  0.720755  0.465842  0.713563  0.617704  0.696670  0.594009  0.316065  0.398567  0.753826  0.621007  0.655392  0.823982  0.555290  0.695418  0.461432  0.628177  0.624389  0.620982  0.500124  0.695617  0.760810  0.838999  0.537557  0.556592  0.798481  0.603926  0.640262  0.766233  0.608431  0.682321  0.565838  0.692847  0.762981  0.259339  0.681444  0.299981  0.425987  0.623091  0.804715  0.661186  0.721202  0.637493  0.560666  0.639449  0.627533  0.736377  0.645655  0.647902  0.738023  0.221726  0.625274  0.766607  0.561064  0.633329  0.482713  0.721017  0.678901  0.671346  0.507440  0.740078  0.804383  0.774040  0.675778  0.615760  0.722835  0.578309  0.618755  0.633022  0.610008  0.533068  0.772168  0.575935  0.549342  0.625044  0.524276  0.736989  0.543112  0.676618  0.714957  0.585564  0.730154  0.681597  0.737445  0.557689  0.787215  0.770130  0.622562 
9  0.586639  0.640647  0.618803  0.509018  0.547227  0.670868  0.541477  0.662681  0.623566 0.0  0.683542  0.482468  0.650575  0.662567  0.638970  0.442530  0.458881  0.406274  0.632687  0.435445  0.577408  0.595074  0.327043  0.568907  0.617451  0.609878  0.588689  0.472623  0.505583  0.372527  0.409608  0.581103  0.646657  0.592159  0.577366  0.480836  0.529958  0.584708  0.504805  0.696831  0.411912  0.765950  0.629832  0.624811  0.493430  0.483723  0.567044  0.590845  0.333319  0.523338  0.562622  0.584329  0.534357  0.598937  0.579347  0.420781  0.570027  0.665613  0.547333  0.490042  0.531544  0.691898  0.529750  0.520488  0.548188  0.585410  0.600662  0.688181  0.478346  0.585252  0.457296  0.643324  0.491055  0.626299  0.601109  0.641289  0.652019  0.540490  0.390330  0.576548  0.703778  0.666544  0.589116  0.557073  0.475646  0.511177  0.580133  0.384546  0.531029  0.515468  0.582590  0.529794  0.691515  0.476934  0.608028  0.646638  0.592578  0.569094  0.512518  0.495526  0.500476  0.561367  0.556952  0.567509  0.505072  0.534796  0.548700  0.437705  0.576422  0.628275  0.497962  0.471907  0.573887  0.362083  0.513717  0.572226  0.469266  0.674307  0.457941  0.639853  0.486410  0.493550  0.547513  0.385486  0.644400  0.610404  0.473160  0.575153  0.424794  0.603675  0.400276  0.592070  0.466318  0.395946  0.481815  0.610283  0.478106  0.466599  0.641321  0.425032  0.647103  0.594149  0.455122  0.531991  0.539852  0.449575 
10  0.591896  0.625738  0.641492  0.778810  0.547516  0.634156  0.662615  0.638500  0.711832  0.683542 0.0  0.590196  0.649709  0.632978  0.632412  0.637169  0.690590  0.688987  0.586116  0.683846  0.560485  0.672142  0.692850  0.662992  0.647047  0.695035  0.656780  0.608242  0.742543  0.646868  0.644265  0.636633  0.718819  0.695409  0.695895  0.688342  0.708634  0.723164  0.579975  0.614637  0.669938  0.582467  0.518972  0.622468  0.639167  0.624030  0.601713  0.610314  0.607399  0.530438  0.694125  0.663649  0.630970  0.725642  0.542446  0.603800  0.702131  0.722298  0.608772  0.650737  0.681205  0.738782  0.631496  0.597980  0.727078  0.704305  0.604948  0.770799  0.670586  0.639871  0.601218  0.576959  0.773427  0.547531  0.670054  0.643163  0.569826  0.570508  0.669526  0.666059  0.541840  0.676784  0.679238  0.580971  0.607812  0.677016  0.642055  0.630643  0.611314  0.663888  0.717842  0.699459  0.671815  0.497829  0.564761  0.653089  0.618488  0.748882  0.698620  0.690909  0.655315  0.574723  0.676362  0.634313  0.671426  0.601166  0.749551  0.669828  0.613770  0.694242  0.639866  0.633626  0.557580  0.451688  0.689274  0.523008  0.618856  0.627346  0.666804  0.666130  0.682965  0.498607  0.600325  0.662187  0.576950  0.606826  0.580514  0.559661  0.725929  0.612012  0.595311  0.624712  0.663555  0.657761  0.697365  0.681474  0.622486  0.619521  0.581527  0.729226  0.698347  0.568690  0.561131  0.745636  0.766726  0.671654 
11  0.748331  0.489857  0.586494  0.513533  0.534740  0.788024  0.567758  0.563738  0.601567  0.482468  0.590196 0.0  0.523110  0.713946  0.607338  0.546643  0.458279  0.505259  0.612775  0.662391  0.364803  0.554759  0.345395  0.455328  0.609367  0.607093  0.552993  0.381967  0.107160  0.550933  0.351224  0.722556  0.403210  0.386437  0.545890  0.406424  0.388679  0.400115  0.621881  0.730831  0.503622  0.731447  0.652059  0.539868  0.580441  0.612007  0.385096  0.699053  0.261836  0.403202  0.534044  0.447505  0.674581  0.543496  0.564992  0.503904  0.483344  0.723791  0.448651  0.614026  0.562894  0.427992  0.304156  0.535645  0.422871  0.590398  0.459000  0.519748  0.474040  0.369553  0.667141  0.732939  0.518111  0.668700  0.420092  0.560415  0.763518  0.597332  0.278365  0.501302  0.668263  0.604324  0.648182  0.406200  0.436870  0.333148  0.501812  0.448985  0.513437  0.468405  0.419769  0.515243  0.774805  0.510742  0.581374  0.610421  0.514368  0.556155  0.537298  0.391625  0.372994  0.476380  0.356001  0.583995  0.491781  0.522139  0.530416  0.437100  0.697193  0.474455  0.360637  0.518674  0.613503  0.449954  0.354356  0.627631  0.381222  0.771782  0.360083  0.619431  0.393220  0.396312  0.586456  0.443864  0.643122  0.301443  0.149485  0.598642  0.404887  0.398530  0.478498  0.432750  0.598424  0.355035  0.586697  0.613308  0.348979  0.431666  0.569671  0.280098  0.689263  0.595872  0.572968  0.372069  0.422826  0.323571 
12  0.595120  0.741618  0.531360  0.495318  0.578433  0.447806  0.507586  0.585889  0.579624  0.650575  0.649709  0.523110 0.0  0.735009  0.675902  0.620127  0.605633  0.481221  0.545520  0.634350  0.505351  0.635879  0.534501  0.649338  0.608985  0.575309  0.547538  0.589891  0.549106  0.703965  0.446820  0.632281  0.662928  0.579765  0.607101  0.582487  0.586280  0.564658  0.674066  0.783077  0.674191  0.545217  0.612608  0.676257  0.578714  0.562097  0.638420  0.648392  0.479992  0.544489  0.580053  0.593493  0.630489  0.521714  0.645143  0.476325  0.456292  0.546320  0.578672  0.629521  0.579466  0.559304  0.486384  0.594379  0.597574  0.641927  0.475026  0.647772  0.568726  0.503624  0.586142  0.679012  0.558832  0.674119  0.598935  0.648832  0.657841  0.639536  0.519638  0.565724  0.588276  0.542482  0.504406  0.531651  0.594129  0.621871  0.574652  0.544010  0.407760  0.703768  0.479254  0.624612  0.565090  0.694522  0.587188  0.532115  0.510414  0.742389  0.593397  0.549939  0.610523  0.625747  0.523043  0.489650  0.528026  0.510653  0.572902  0.680752  0.607894  0.569220  0.516825  0.735503  0.732624  0.621415  0.525051  0.488685  0.490357  0.591803  0.539642  0.760108  0.638527  0.708695  0.720123  0.579872  0.634982  0.528266  0.590009  0.624043  0.501823  0.619509  0.565276  0.453851  0.561211  0.528013  0.596115  0.590685  0.555648  0.620307  0.572920  0.592549  0.462023  0.722917  0.617800  0.677473  0.661175  0.538446 
13  0.623770  0.672491  0.638405  0.578560  0.671936  0.612660  0.667630  0.635680  0.734868  0.662567  0.632978  0.713946  0.735009 0.0  0.572127  0.771301  0.673448  0.608382  0.573043  0.678238  0.628846  0.551156  0.653159  0.775828  0.707455  0.609226  0.569640  0.764716  0.706483  0.668627  0.690922  0.597019  0.654412  0.668153  0.619911  0.658968  0.658432  0.640888  0.612498  0.550254  0.757279  0.565235  0.767819  0.821786  0.699911  0.730423  0.681849  0.669569  0.752530  0.589948  0.595206  0.657067  0.589408  0.716385  0.584853  0.769957  0.608115  0.582877  0.604094  0.699457  0.549069  0.605326  0.696700  0.736025  0.554019  0.680164  0.625739  0.624342  0.550556  0.658314  0.687092  0.598037  0.705227  0.598377  0.802897  0.682498  0.722286  0.674781  0.657707  0.579059  0.609396  0.561629  0.635800  0.641335  0.655190  0.622879  0.601501  0.628112  0.731945  0.627864  0.712489  0.611156  0.641392  0.709680  0.647048  0.728295  0.587954  0.662649  0.660807  0.629675  0.565363  0.686172  0.762231  0.647942  0.561590  0.659273  0.613906  0.638948  0.756761  0.642391  0.738631  0.747426  0.666018  0.669922  0.765341  0.686366  0.699691  0.565263  0.590472  0.750377  0.713812  0.638483  0.711094  0.582383  0.685540  0.548791  0.794074  0.765739  0.690552  0.647054  0.704216  0.562423  0.639648  0.783795  0.778185  0.642714  0.666141  0.569840  0.642142  0.715346  0.614330  0.619478  0.641527  0.568330  0.730015  0.630215 
14  0.496877  0.874117  0.828259  0.265247  0.547800  0.466709  0.440270  0.510366  0.238592  0.638970  0.632412  0.607338  0.675902  0.572127 0.0  0.683504  0.611620  0.577438  0.411086  0.542937  0.712881  0.589640  0.564003  0.672625  0.441889  0.613766  0.541849  0.670138  0.669117  0.781194  0.671746  0.533455  0.561921  0.608792  0.784917  0.571173  0.709451  0.850487  0.683766  0.581752  0.832649  0.337677  0.466533  0.490429  0.824750  0.536460  0.802685  0.354411  0.467346  0.614284  0.449364  0.658044  0.363774  0.592496  0.510105  0.561145  0.523316  0.402567  0.628053  0.749296  0.340302  0.595456  0.762712  0.743153  0.688264  0.470070  0.590619  0.686974  0.666130  0.594594  0.693710  0.561051  0.637581  0.505956  0.665747  0.441756  0.732651  0.607956  0.571635  0.762733  0.666582  0.636804  0.499674  0.813025  0.601004  0.529656  0.764576  0.629641  0.742425  0.542574  0.755063  0.844349  0.233821  0.750030  0.353005  0.415226  0.653845  0.687662  0.535052  0.512156  0.423421  0.548381  0.683453  0.713583  0.564997  0.543082  0.427014  0.624946  0.319211  0.718383  0.580339  0.544962  0.627399  0.519674  0.825048  0.533629  0.692956  0.381045  0.658489  0.712131  0.746225  0.668623  0.671125  0.692009  0.607359  0.527259  0.689109  0.603746  0.621609  0.807879  0.658137  0.547142  0.546712  0.559406  0.777479  0.509234  0.604347  0.422475  0.691116  0.671999  0.602350  0.713109  0.635603  0.601765  0.761076  0.478324 
15  0.706325  0.509071  0.558424  0.681739  0.611980  0.789686  0.585657  0.463625  0.774264  0.442530  0.637169  0.546643  0.620127  0.771301  0.683504 0.0  0.348137  0.583282  0.629875  0.606835  0.286489  0.642889  0.500509  0.538146  0.642662  0.615707  0.642056  0.612027  0.378495  0.639216  0.517170  0.534742  0.632823  0.512194  0.495995  0.560261  0.471520  0.631514  0.559765  0.521677  0.547698  0.551871  0.720454  0.677188  0.548330  0.680957  0.430938  0.627945  0.404425  0.477457  0.594881  0.567210  0.634521  0.642384  0.683095  0.530507  0.595258  0.624449  0.678742  0.673866  0.465104  0.610340  0.412839  0.615463  0.546579  0.691716  0.781264  0.556049  0.388560  0.561712  0.552218  0.649316  0.540777  0.738932  0.602134  0.590457  0.688573  0.666568  0.439358  0.501302  0.726237  0.734468  0.550119  0.562730  0.464188  0.400407  0.664555  0.430828  0.637236  0.605245  0.513007  0.533485  0.695643  0.365346  0.635373  0.683552  0.541391  0.618779  0.444816  0.570411  0.513292  0.614388  0.696585  0.537748  0.627305  0.504445  0.626224  0.589879  0.615554  0.688355  0.499598  0.512806  0.586637  0.503843  0.588179  0.564068  0.595101  0.603181  0.586816  0.568159  0.526223  0.492984  0.492758  0.331104  0.743003  0.579171  0.453645  0.606617  0.590347  0.580148  0.436664  0.596105  0.682186  0.468128  0.487626  0.577316  0.601841  0.545364  0.607144  0.593364  0.556344  0.560624  0.502613  0.568258  0.652402  0.531977 
16  0.625641  0.539255  0.658608  0.428238  0.524708  0.549711  0.609805  0.499372  0.673130  0.458881  0.690590  0.458279  0.605633  0.673448  0.611620  0.348137 0.0  0.362195  0.485803  0.499882  0.380577  0.513134  0.361487  0.553511  0.670667  0.557300  0.445175  0.483842  0.386734  0.612497  0.348484  0.569831  0.480326  0.426517  0.520421  0.342698  0.490268  0.556447  0.515984  0.742145  0.526887  0.770789  0.584138  0.539248  0.506998  0.586520  0.447406  0.549389  0.412057  0.371287  0.534191  0.462238  0.594350  0.474296  0.567647  0.595300  0.277709  0.744815  0.595426  0.686640  0.491557  0.450157  0.436100  0.412404  0.477742  0.563259  0.564685  0.538007  0.428373  0.511577  0.473890  0.655464  0.481461  0.687586  0.504398  0.557478  0.666359  0.581676  0.412853  0.591883  0.575316  0.661767  0.611580  0.370480  0.419095  0.351977  0.494910  0.589038  0.422241  0.405522  0.392962  0.532907  0.583018  0.382261  0.605760  0.546929  0.470787  0.596851  0.427287  0.549656  0.466401  0.413832  0.515011  0.454853  0.425107  0.467514  0.530396  0.564052  0.532818  0.575087  0.452029  0.434293  0.586727  0.395387  0.353249  0.481917  0.544829  0.471640  0.505737  0.464049  0.395289  0.448561  0.647898  0.356967  0.546227  0.474487  0.399468  0.440683  0.483397  0.449083  0.535496  0.542041  0.576445  0.404027  0.540726  0.611210  0.525192  0.498246  0.491034  0.514719  0.505608  0.632692  0.389188  0.572403  0.495372  0.328295 
17  0.587114  0.658805  0.535071  0.694481  0.490789  0.699234  0.583282  0.589334  0.651893  0.406274  0.688987  0.505259  0.481221  0.608382  0.577438  0.583282  0.362195 0.0  0.468811  0.654054  0.454884  0.525589  0.433837  0.517006  0.622206  0.636233  0.645011  0.506213  0.302045  0.574140  0.525921  0.617299  0.639991  0.546301  0.545021  0.563721  0.489729  0.430510  0.624600  0.634788  0.561953  0.668459  0.692230  0.586243  0.527325  0.485427  0.448650  0.715889  0.389204  0.438327  0.491891  0.501137  0.603774  0.539990  0.603499  0.651182  0.538896  0.530312  0.461868  0.631970  0.613016  0.521596  0.439476  0.485288  0.619477  0.530127  0.601931  0.453502  0.577552  0.323965  0.569838  0.719392  0.499371  0.516521  0.452295  0.755948  0.711336  0.552528  0.360430  0.609079  0.698170  0.813294  0.536799  0.490398  0.518705  0.596267  0.493253  0.486404  0.542715  0.419489  0.414318  0.489746  0.620093  0.464240  0.532100  0.637810  0.629738  0.500670  0.535578  0.637075  0.464632  0.523609  0.455407  0.535392  0.481695  0.527074  0.623669  0.541199  0.537002  0.530634  0.457099  0.617861  0.621189  0.424728  0.363446  0.494712  0.434540  0.631621  0.545362  0.540529  0.448492  0.528727  0.530652  0.449747  0.513157  0.544878  0.420914  0.647225  0.501087  0.477214  0.423302  0.620458  0.566949  0.452499  0.553068  0.708959  0.534033  0.444474  0.580167  0.442290  0.504933  0.632659  0.606751  0.488057  0.545768  0.568664 
18  0.514466  1.000000  0.809544  0.260596  0.569369  0.444604  0.466153  0.432598  0.405917  0.632687  0.586116  0.612775  0.545520  0.573043  0.411086  0.629875  0.485803  0.468811 0.0  0.560175  0.558314  0.476127  0.638602  0.758287  0.315877  0.668820  0.357150  0.460036  0.670475  0.625104  0.677820  0.644833  0.469352  0.586726  0.697363  0.438992  0.845444  0.700998  0.735242  0.670660  0.749718  0.347539  0.422927  0.499892  0.686817  0.371023  0.641649  0.372822  0.436398  0.481839  0.371093  0.644690  0.291183  0.514624  0.614938  0.439176  0.706604  0.317305  0.792241  0.596640  0.410012  0.545301  0.717106  0.588983  0.571199  0.340361  0.537133  0.666482  0.435726  0.537480  0.496460  0.614024  0.550624  0.450045  0.681502  0.552417  0.810316  0.814173  0.721090  0.704483  0.541844  0.590355  0.627001  0.672959  0.585933  0.635771  0.472880  0.612073  0.651714  0.558199  0.742787  0.683716  0.342957  0.672010  0.457436  0.413875  0.478673  0.711001  0.464023  0.493682  0.459490  0.572649  0.652507  0.473493  0.554299  0.528556  0.525203  0.627946  0.427049  0.694563  0.706462  0.693370  0.834419  0.547826  0.603461  0.593546  0.681608  0.231791  0.593069  0.683347  0.716137  0.689107  0.746720  0.601562  0.478466  0.510925  0.727913  0.502343  0.676558  0.839734  0.488408  0.604562  0.594451  0.486414  0.681116  0.627817  0.483910  0.645652  0.561590  0.664588  0.527452  0.839868  0.559819  0.590046  0.710341  0.546470 
19  0.502340  0.577512  0.698999  0.554221  0.595768  0.596670  0.549515  0.469804  0.419202  0.435445  0.683846  0.662391  0.634350  0.678238  0.542937  0.606835  0.499882  0.654054  0.560175 0.0  0.437889  0.684002  0.701365  0.676801  0.578744  0.573123  0.553553  0.545326  0.603640  0.537703  0.621468  0.629798  0.641826  0.600864  0.845602  0.676672  0.592151  0.608827  0.531661  0.716410  0.584506  0.506165  0.632941  0.531034  0.575500  0.483709  0.663974  0.488236  0.560303  0.552074  0.653038  0.604859  0.487191  0.602705  0.476743  0.624058  0.561995  0.612323  0.602501  0.518886  0.508410  0.631729  0.572148  0.576340  0.569404  0.489562  0.572538  0.623453  0.564980  0.578382  0.581486  0.600843  0.519813  0.511621  0.677737  0.497133  0.636329  0.619398  0.640543  0.701076  0.470687  0.510032  0.640810  0.636067  0.513552  0.602059  0.650213  0.560316  0.543240  0.587577  0.566583  0.753085  0.509693  0.731991  0.544346  0.502801  0.580351  0.709540  0.604069  0.521121  0.440310  0.556139  0.528007  0.474905  0.595780  0.520418  0.524363  0.751461  0.451703  0.716715  0.681999  0.561334  0.613892  0.484760  0.651976  0.486983  0.629178  0.463037  0.658860  0.636082  0.623870  0.504593  0.600295  0.590144  0.569972  0.590530  0.507799  0.542997  0.666340  0.705312  0.618587  0.643129  0.519879  0.491048  0.687079  0.592405  0.563414  0.576868  0.608215  0.508300  0.507164  0.671139  0.703864  0.535228  0.732994  0.614291 
20  0.604272  0.546395  0.588621  0.589667  0.477489  0.733058  0.612405  0.495117  0.776254  0.577408  0.560485  0.364803  0.505351  0.628846  0.712881  0.286489  0.380577  0.454884  0.558314  0.437889 0.0  0.535883  0.361996  0.461818  0.563190  0.524849  0.517682  0.516691  0.402283  0.502212  0.451007  0.655551  0.506890  0.558936  0.626486  0.401077  0.457428  0.547906  0.611968  0.640051  0.398446  0.784426  0.701657  0.528826  0.580411  0.641607  0.392385  0.589346  0.406629  0.383757  0.559819  0.573103  0.542731  0.533674  0.609660  0.580603  0.394872  0.492617  0.489539  0.619693  0.525379  0.427451  0.377962  0.630974  0.501450  0.695322  0.527732  0.489928  0.564077  0.490944  0.520217  0.771207  0.424407  0.529122  0.441766  0.524805  0.820127  0.705680  0.331886  0.614274  0.578519  0.635138  0.490215  0.387370  0.433346  0.448539  0.437850  0.335837  0.522366  0.428545  0.555445  0.518695  0.741723  0.495700  0.574021  0.589086  0.498414  0.483212  0.346398  0.415540  0.436632  0.623936  0.478062  0.440115  0.379230  0.429223  0.585399  0.554774  0.653165  0.597400  0.354210  0.733103  0.675951  0.445852  0.429337  0.446074  0.326473  0.706228  0.490503  0.548522  0.447948  0.625276  0.613674  0.422014  0.608937  0.503894  0.331147  0.592663  0.507342  0.455799  0.373486  0.587070  0.526952  0.477678  0.479776  0.575481  0.382403  0.449379  0.621996  0.470600  0.571066  0.616262  0.625393  0.325261  0.412979  0.494592 
21  0.491852  0.629196  0.598985  0.522519  0.669815  0.660805  0.574427  0.414113  0.616526  0.595074  0.672142  0.554759  0.635879  0.551156  0.589640  0.642889  0.513134  0.525589  0.476127  0.684002  0.535883 0.0  0.521631  0.729978  0.700363  0.535796  0.620950  0.585193  0.558280  0.581296  0.665797  0.733533  0.581802  0.608568  0.539523  0.567599  0.519199  0.573169  0.586851  0.675032  0.528493  0.701694  0.678340  0.636617  0.637627  0.557574  0.487308  0.628602  0.618931  0.522698  0.683745  0.563363  0.717700  0.484575  0.578902  0.522528  0.567029  0.682934  0.583286  0.553176  0.626287  0.639322  0.636553  0.459735  0.586314  0.623208  0.638130  0.589953  0.525570  0.546247  0.626873  0.632145  0.689807  0.675679  0.494629  0.566703  0.767414  0.693658  0.516974  0.692168  0.606751  0.548205  0.532649  0.609615  0.589946  0.614891  0.691471  0.745581  0.487919  0.635824  0.581936  0.627039  0.670123  0.509817  0.571584  0.687584  0.593594  0.544507  0.651491  0.576584  0.659533  0.604826  0.498026  0.582953  0.651838  0.531891  0.642123  0.607798  0.542786  0.508542  0.557621  0.732265  0.656687  0.664481  0.605178  0.615653  0.498454  0.590879  0.511544  0.510122  0.716562  0.666200  0.713053  0.634094  0.631950  0.530775  0.536862  0.551566  0.661459  0.597533  0.629603  0.631383  0.607056  0.689150  0.658845  0.618671  0.570136  0.733374  0.597340  0.552062  0.463840  0.716021  0.541847  0.629976  0.731566  0.568944 
22  0.647931  0.528902  0.545249  0.588109  0.477090  0.698444  0.519760  0.460864  0.620314  0.327043  0.692850  0.345395  0.534501  0.653159  0.564003  0.500509  0.361487  0.433837  0.638602  0.701365  0.361996  0.521631 0.0  0.493218  0.619275  0.667760  0.593710  0.428346  0.314109  0.575532  0.344970  0.585751  0.449487  0.481269  0.539650  0.428494  0.274602  0.443150  0.752711  0.536072  0.610332  0.731407  0.661085  0.676733  0.500558  0.710992  0.401676  0.654289  0.232509  0.425937  0.569720  0.519910  0.602850  0.594259  0.605700  0.541274  0.346214  0.558318  0.326444  0.642112  0.466087  0.404524  0.286570  0.483393  0.447799  0.527701  0.641278  0.457694  0.508231  0.466212  0.615824  0.553026  0.390914  0.563014  0.501890  0.531604  0.762583  0.638079  0.381496  0.489579  0.704862  0.636827  0.481850  0.442942  0.381107  0.525536  0.428931  0.561778  0.424255  0.433325  0.416319  0.598589  0.732102  0.600611  0.484044  0.483554  0.552407  0.460244  0.487397  0.561943  0.470086  0.541975  0.396111  0.444535  0.539391  0.557465  0.525848  0.448605  0.569225  0.518428  0.309836  0.577929  0.643742  0.418666  0.489794  0.618333  0.336807  0.663047  0.587482  0.558285  0.468236  0.581125  0.559459  0.392637  0.633817  0.528976  0.234040  0.591293  0.444104  0.292473  0.441029  0.467706  0.509233  0.319686  0.533354  0.636303  0.431478  0.450627  0.704790  0.466822  0.540861  0.661125  0.428436  0.537010  0.490302  0.260730 
23  0.918262  0.307889  0.361455  0.641400  0.641188  0.795159  0.760458  0.589955  0.659905  0.568907  0.662992  0.455328  0.649338  0.775828  0.672625  0.538146  0.553511  0.517006  0.758287  0.676801  0.461818  0.729978  0.493218 0.0  0.652345  0.754214  0.608013  0.698638  0.575701  0.598181  0.421185  0.717822  0.421392  0.345950  0.397469  0.452748  0.398904  0.486646  0.617891  0.594469  0.537205  0.896404  0.739658  0.684365  0.473263  0.790865  0.369661  0.757768  0.427956  0.574324  0.651122  0.493207  0.747754  0.532104  0.735123  0.646822  0.557315  0.779623  0.484381  0.745054  0.665400  0.602627  0.682086  0.534805  0.557888  0.737910  0.826741  0.409126  0.588064  0.597037  0.578025  0.701099  0.590410  0.742202  0.415024  0.597475  0.942316  0.628284  0.367720  0.271379  0.764208  0.705258  0.715260  0.611706  0.463001  0.538306  0.661993  0.591207  0.635170  0.469140  0.440150  0.575555  0.799955  0.424481  0.710874  0.757800  0.616918  0.537212  0.444914  0.585177  0.514680  0.617896  0.476810  0.474660  0.355195  0.646836  0.682045  0.506525  0.690113  0.332971  0.460255  0.576587  0.635213  0.454458  0.491893  0.671137  0.416867  0.740031  0.644878  0.476424  0.286562  0.595192  0.555378  0.507620  0.781398  0.578835  0.481555  0.662957  0.499445  0.268680  0.523556  0.554653  0.638545  0.446860  0.773227  0.693949  0.434742  0.621070  0.579552  0.468491  0.660651  0.626142  0.531612  0.439308  0.612044  0.352846 
24  0.586612  0.736472  0.870945  0.358223  0.629667  0.335709  0.610820  0.633757  0.360639  0.617451  0.647047  0.609367  0.608985  0.707455  0.441889  0.642662  0.670667  0.622206  0.315877  0.578744  0.563190  0.700363  0.619275  0.652345 0.0  0.585624  0.516543  0.592951  0.567279  0.545863  0.716661  0.649308  0.652444  0.597232  0.834218  0.639565  0.715377  0.590383  0.690082  0.694357  0.665931  0.511740  0.395788  0.376242  0.858259  0.331292  0.636673  0.500247  0.531024  0.636552  0.467674  0.711012  0.563402  0.454925  0.636523  0.528126  0.599629  0.496703  0.660175  0.566173  0.360210  0.698644  0.649129  0.563013  0.582007  0.388714  0.303861  0.766465  0.710640  0.519362  0.620117  0.576771  0.612055  0.465740  0.620663  0.497310  0.618474  0.553513  0.555300  0.611857  0.716440  0.585011  0.425189  0.780857  0.564919  0.581625  0.675230  0.573507  0.635008  0.706472  0.584056  0.733706  0.509409  0.595275  0.276269  0.541114  0.607553  0.861396  0.482129  0.576271  0.629475  0.624634  0.723449  0.538419  0.679694  0.614580  0.670372  0.669540  0.356284  0.785283  0.818919  0.485250  0.619026  0.586529  0.672198  0.607319  0.658938  0.335989  0.743355  0.708322  0.605919  0.612085  0.637167  0.699239  0.617353  0.683582  0.594041  0.563605  0.554050  0.593868  0.706271  0.640719  0.570182  0.497342  0.722618  0.554490  0.706179  0.747316  0.658928  0.572725  0.643829  0.590994  0.583156  0.675624  0.778233  0.668152 
25  0.690983  0.718608  0.568738  0.728997  0.551404  0.533884  0.550091  0.577013  0.591450  0.609878  0.695035  0.607093  0.575309  0.609226  0.613766  0.615707  0.557300  0.636233  0.668820  0.573123  0.524849  0.535796  0.667760  0.754214  0.585624 0.0  0.529565  0.628090  0.587057  0.574227  0.553865  0.660235  0.601213  0.568977  0.776909  0.606176  0.623934  0.648968  0.696323  0.708432  0.505602  0.675015  0.652256  0.674118  0.541701  0.534448  0.600627  0.544947  0.556090  0.582831  0.601884  0.541048  0.613880  0.660045  0.653825  0.561074  0.525328  0.523683  0.573426  0.621468  0.618864  0.629329  0.644511  0.564088  0.704870  0.670100  0.606484  0.692563  0.539124  0.513659  0.539141  0.566431  0.663113  0.782970  0.665420  0.542159  0.720942  0.681417  0.576590  0.665902  0.578508  0.601867  0.516263  0.558583  0.513942  0.628997  0.555101  0.582083  0.542783  0.591084  0.632941  0.638913  0.515531  0.705472  0.574184  0.674455  0.602570  0.556370  0.672415  0.520390  0.748933  0.535062  0.624779  0.561550  0.555617  0.436791  0.430447  0.699319  0.574597  0.627101  0.618073  0.695132  0.624645  0.608952  0.687425  0.590786  0.527277  0.606334  0.612507  0.603745  0.588604  0.597769  0.617768  0.600915  0.565517  0.451268  0.522994  0.561707  0.634965  0.686016  0.652879  0.502446  0.699303  0.634203  0.468476  0.522895  0.464790  0.699342  0.491084  0.615489  0.529151  0.723029  0.629356  0.656126  0.704429  0.658662 
26  0.519029  0.840586  0.748742  0.486775  0.663612  0.635504  0.572340  0.337830  0.637979  0.588689  0.656780  0.552993  0.547538  0.569640  0.541849  0.642056  0.445175  0.645011  0.357150  0.553553  0.517682  0.620950  0.593710  0.608013  0.516543  0.529565 0.0  0.614735  0.579804  0.656822  0.579174  0.640174  0.419937  0.628127  0.703928  0.420612  0.538881  0.748652  0.698415  0.607243  0.738377  0.570146  0.624815  0.477721  0.885438  0.697559  0.547797  0.657018  0.551463  0.445213  0.456698  0.576155  0.494805  0.449160  0.707873  0.567330  0.595287  0.562327  0.650062  0.358791  0.437224  0.305927  0.652476  0.690302  0.602993  0.591267  0.654239  0.778733  0.441376  0.430543  0.599168  0.693220  0.631469  0.517863  0.629319  0.496102  0.527594  0.624299  0.595676  0.689852  0.499537  0.536441  0.514828  0.610009  0.478538  0.610894  0.486699  0.444893  0.608515  0.633345  0.606789  0.682527  0.488610  0.614102  0.405616  0.506439  0.439111  0.647424  0.524833  0.480144  0.508531  0.334743  0.566395  0.476117  0.622497  0.530228  0.455240  0.748368  0.486924  0.560373  0.582592  0.695454  0.710862  0.613767  0.705627  0.480952  0.606487  0.519189  0.574261  0.743781  0.677647  0.649248  0.818899  0.681520  0.568599  0.283292  0.479204  0.578923  0.600320  0.739357  0.488260  0.645660  0.639431  0.517395  0.716339  0.557469  0.504165  0.615766  0.563974  0.558424  0.386013  0.663740  0.559563  0.498038  0.699810  0.567277 
