146
0 0.0  0.892202  0.817446  0.469892  0.607504  0.600289  0.553923  0.479386  0.594194  0.580242  0.626245  0.771616  0.547304  0.660228  0.509550  0.790293  0.652336  0.636236  0.491319  0.417121  0.613641  0.624091  0.632111  0.858047  0.573329  0.663435  0.434545  0.502839  0.636715  0.693953  0.683281  0.551407  0.717572  0.671414  0.860314  0.566255  0.752743  0.711344  0.627349  0.679386  0.644507  0.558571  0.516990  0.589745  0.741670  0.594814  0.713483  0.519547  0.565840  0.587797  0.615207  0.655921  0.491188  0.592451  0.521792  0.489169  0.500116  0.554127  0.530063  0.736168  0.551714  0.640986  0.488231  0.756544  0.497467  0.514719  0.651299  0.858603  0.572939  0.541154  0.508789  0.655631  0.597590  0.536561  0.789163  0.559594  0.647514  0.608159  0.672124  0.695938  0.604665  0.374388  0.504962  0.584333  0.550776  0.691085  0.542760  0.671314  0.703129  0.587639  0.666732  0.699792  0.469916  0.700571  0.434601  0.471141  0.490767  0.774608  0.602071  0.485232  0.520548  0.464846  0.623542  0.509393  0.566013  0.525612  0.442646  0.660255  0.550487  0.724728  0.636431  0.687618  0.756685  0.561329  0.697465  0.494154  0.623555  0.495330  0.763152  0.789978  0.708320  0.729259  0.608530  0.707269  0.428861  0.565064  0.637775  0.577423  0.618231  0.800121  0.629675  0.497916  0.511308  0.474850  0.747029  0.558694  0.567991  0.478596  0.674856  0.617867  0.463913  0.648130  0.495193  0.486320  0.672094  0.629589 
1  0.892202 0.0  0.478890  0.719085  0.804343  0.839525  0.715818  0.787358  0.755909  0.696592  0.710047  0.520921  0.589444  0.669705  0.984392  0.556912  0.592354  0.569760  0.753679  0.719609  0.535277  0.640004  0.520350  0.389857  0.775094  0.602307  0.901745  0.652228  0.597727  0.723476  0.544852  0.609109  0.587162  0.541678  0.531406  0.504926  0.395593  0.504421  0.715255  0.624120  0.659147  0.928948  0.822092  0.883877  0.493034  0.817047  0.488268  0.737160  0.572107  0.541507  0.658696  0.585937  1.000000  0.754603  0.632268  0.763862  0.532420  0.837252  0.648562  0.693899  0.735523  0.657366  0.707771  0.709946  0.649025  0.774324  0.835040  0.388362  0.615209  0.694684  0.692058  0.726529  0.563038  0.682032  0.596035  0.780989  0.786947  0.764855  0.430574  0.452094  0.776398  0.748613  0.697382  0.414968  0.597749  0.520324  0.633881  0.650172  0.556387  0.639201  0.538481  0.574145  0.897478  0.609706  0.781183  0.727691  0.708505  0.411211  0.806076  0.674087  0.629116  0.606969  0.568833  0.670673  0.562118  0.713820  0.704286  0.616686  0.703322  0.535580  0.465430  0.743380  0.828752  0.788451  0.439313  0.835448  0.577804  0.769690  0.590033  0.428769  0.554016  0.669986  0.678623  0.503540  0.911406  0.620324  0.604387  0.588936  0.490817  0.450061  0.551364  0.560456  0.643837  0.691856  0.719338  0.668503  0.627150  0.632141  0.648022  0.619949  0.757034  0.712889  0.501287  0.707240  0.579794  0.528747 
2  0.817446  0.478890 0.0  0.786391  0.583303  0.760777  0.620446  0.780851  0.736715  0.572793  0.624123  0.640658  0.615508  0.592879  0.822714  0.546732  0.708804  0.572130  0.748524  0.703918  0.665985  0.623638  0.543446  0.395415  0.778143  0.783831  0.682415  0.723809  0.640806  0.573590  0.608487  0.732121  0.610025  0.497017  0.452497  0.595550  0.458022  0.643385  0.679603  0.604194  0.652282  0.799135  0.819895  0.799047  0.378610  0.703073  0.521650  0.859226  0.511537  0.567912  0.702433  0.596617  0.806287  0.732694  0.759494  0.828756  0.547217  0.838006  0.743980  0.706336  0.730571  0.714520  0.462546  0.628873  0.680522  0.784262  0.761447  0.469553  0.620580  0.783557  0.606733  0.751379  0.652536  0.807492  0.513810  0.769526  0.772108  0.738393  0.441964  0.453445  0.740508  0.685797  0.686449  0.670800  0.633240  0.572680  0.706402  0.510102  0.733536  0.675050  0.521243  0.583802  0.706183  0.532334  0.777994  0.713142  0.676530  0.465034  0.718746  0.787861  0.578462  0.635957  0.543898  0.696684  0.597201  0.796202  0.628984  0.653430  0.775777  0.488702  0.518516  0.618374  0.747385  0.737348  0.608499  0.693571  0.659850  0.774266  0.649289  0.345397  0.597620  0.641548  0.618429  0.500562  0.750900  0.749937  0.578931  0.687740  0.518872  0.590923  0.607504  0.562328  0.698835  0.565095  0.642295  0.667951  0.495260  0.712353  0.642388  0.654740  0.647804  0.649616  0.635855  0.653627  0.554904  0.480912 
3  0.469892  0.719085  0.786391 0.0  0.592258  0.458021  0.588480  0.444876  0.421396  0.652935  0.636782  0.675863  0.532936  0.506752  0.343810  0.618026  0.466900  0.634326  0.311412  0.441986  0.563491  0.561706  0.544431  0.719437  0.398734  0.537989  0.442096  0.582056  0.572827  0.849666  0.606846  0.709702  0.569238  0.646308  0.764943  0.512430  0.685057  0.711933  0.597678  0.679729  0.784598  0.400515  0.475994  0.375410  0.771693  0.444281  0.533562  0.429102  0.560315  0.617290  0.416676  0.501501  0.322105  0.519275  0.554743  0.427232  0.629216  0.304452  0.706422  0.701949  0.267033  0.628848  0.767679  0.679460  0.508135  0.363003  0.472981  0.640936  0.615764  0.507184  0.586636  0.548356  0.543160  0.447631  0.667916  0.398165  0.663910  0.597186  0.626026  0.791773  0.485141  0.521182  0.446646  0.660336  0.581411  0.604189  0.667799  0.541694  0.666521  0.487277  0.679628  0.660888  0.337171  0.694560  0.350821  0.534524  0.471651  0.826212  0.491322  0.541463  0.545972  0.522629  0.642952  0.583714  0.529932  0.605169  0.562030  0.687312  0.385562  0.668806  0.600028  0.671460  0.702724  0.564625  0.763567  0.530465  0.680411  0.346715  0.660211  0.730045  0.587967  0.610514  0.639143  0.685852  0.565153  0.440486  0.562971  0.577007  0.573821  0.821022  0.579551  0.492080  0.541549  0.452703  0.718805  0.561680  0.568234  0.568612  0.665491  0.756450  0.465603  0.697630  0.477341  0.425471  0.679428  0.516649 
4  0.607504  0.804343  0.583303  0.592258 0.0  0.668268  0.540466  0.625418  0.492003  0.494272  0.523970  0.514709  0.524254  0.645496  0.703832  0.464978  0.496614  0.423821  0.680875  0.595970  0.635050  0.623237  0.494104  0.583879  0.497234  0.598299  0.513643  0.519898  0.522761  0.509322  0.537294  0.515396  0.625100  0.563420  0.639957  0.552183  0.628732  0.580398  0.497187  0.715238  0.740663  0.609469  0.391488  0.456641  0.583401  0.578367  0.607069  0.558269  0.378798  0.457541  0.582962  0.611210  0.654562  0.548581  0.553937  0.582996  0.574567  0.630111  0.639344  0.585121  0.556967  0.799372  0.651927  0.548118  0.655742  0.574495  0.641337  0.571846  0.505010  0.757921  0.469727  0.657995  0.476113  0.574124  0.574442  0.528654  0.626612  0.621465  0.460040  0.595158  0.602861  0.559670  0.595555  0.650444  0.490704  0.498864  0.628248  0.501694  0.624715  0.496149  0.616616  0.586533  0.572759  0.674756  0.494583  0.463069  0.499230  0.679407  0.559834  0.759408  0.431945  0.634618  0.596532  0.508345  0.474399  0.596324  0.557857  0.623280  0.507944  0.540632  0.596307  0.421702  0.439282  0.424224  0.456668  0.380220  0.476138  0.505455  0.599511  0.560480  0.566477  0.404991  0.408351  0.527837  0.455874  0.681985  0.547026  0.422811  0.527673  0.677411  0.416180  0.562789  0.548545  0.428014  0.544142  0.562458  0.681280  0.577904  0.666892  0.643356  0.739689  0.382915  0.559979  0.664930  0.647051  0.695555 
5  0.600289  0.839525  0.760777  0.458021  0.668268 0.0  0.520900  0.698579  0.360080  0.642559  0.683032  0.705781  0.496971  0.552179  0.446160  0.646879  0.501271  0.689302  0.476985  0.599340  0.803318  0.513013  0.574549  0.746320  0.461767  0.609299  0.571466  0.726011  0.688562  0.605189  0.669556  0.621708  0.573639  0.725623  0.686712  0.594192  0.739972  0.715154  0.584089  0.577932  0.721823  0.413109  0.482377  0.471996  0.710966  0.465715  0.740232  0.377343  0.555569  0.771576  0.583923  0.633309  0.434680  0.605741  0.681284  0.527250  0.687396  0.487044  0.602951  0.710172  0.476478  0.610003  0.630651  0.695841  0.689866  0.386847  0.507225  0.704015  0.694801  0.632528  0.777740  0.574834  0.724896  0.386912  0.522235  0.527760  0.594223  0.537624  0.710044  0.758180  0.683893  0.599592  0.533076  0.785371  0.628963  0.690725  0.615663  0.553537  0.651459  0.684642  0.786983  0.731854  0.346454  0.695336  0.395996  0.469619  0.698211  0.671241  0.671344  0.641739  0.504055  0.606243  0.748273  0.434470  0.623359  0.693171  0.695977  0.746207  0.339394  0.857203  0.649808  0.649004  0.700796  0.509113  0.700327  0.622641  0.647327  0.476108  0.838333  0.857610  0.689391  0.648620  0.583723  0.640900  0.533509  0.571617  0.615374  0.612198  0.624997  0.644408  0.606585  0.666820  0.546420  0.478658  0.679823  0.630396  0.648796  0.504847  0.670928  0.675960  0.784310  0.763921  0.589503  0.665944  0.724493  0.661634 
6  0.553923  0.715818  0.620446  0.588480  0.540466  0.520900 0.0  0.500416  0.528498  0.487702  0.561479  0.597108  0.605059  0.607385  0.514078  0.544368  0.512795  0.680510  0.540953  0.447971  0.590268  0.526643  0.510932  0.664263  0.518423  0.526957  0.509322  0.527116  0.536056  0.559033  0.551813  0.525325  0.552708  0.674838  0.683022  0.548393  0.666543  0.598661  0.654890  0.656843  0.528582  0.553739  0.570591  0.561219  0.703489  0.556276  0.587631  0.503574  0.497177  0.487225  0.583921  0.472711  0.513454  0.575708  0.514938  0.542587  0.611462  0.585761  0.582264  0.665005  0.553452  0.575965  0.526120  0.591166  0.524868  0.533795  0.643146  0.609018  0.607425  0.582283  0.465735  0.563604  0.547142  0.477742  0.607753  0.560263  0.602241  0.689536  0.582340  0.612156  0.491135  0.555612  0.467039  0.570661  0.623245  0.624646  0.575474  0.621274  0.549335  0.497189  0.709817  0.523849  0.591715  0.662709  0.554315  0.620630  0.577525  0.661760  0.509177  0.513100  0.546238  0.516788  0.543904  0.478485  0.646596  0.522486  0.549630  0.602808  0.529996  0.710891  0.524007  0.539172  0.593501  0.597607  0.661235  0.579491  0.579061  0.553483  0.568826  0.655420  0.649325  0.581525  0.601477  0.586707  0.593823  0.539898  0.590693  0.573789  0.522269  0.704199  0.557159  0.615320  0.595629  0.577266  0.530792  0.560960  0.582650  0.525521  0.553147  0.667621  0.536947  0.722188  0.560991  0.562645  0.572574  0.428279 
7  0.479386  0.787358  0.780851  0.444876  0.625418  0.698579  0.500416 0.0  0.649947  0.561518  0.675925  0.442199  0.542108  0.501293  0.557004  0.531988  0.476296  0.593689  0.482739  0.445686  0.410192  0.513957  0.379203  0.561388  0.561867  0.530892  0.287484  0.597861  0.425279  0.718474  0.452848  0.613686  0.294830  0.607020  0.852485  0.347568  0.503442  0.612060  0.662084  0.597661  0.637026  0.555900  0.733194  0.642850  0.643696  0.647924  0.429435  0.607018  0.417509  0.504550  0.440051  0.643582  0.490281  0.329601  0.656615  0.413633  0.414647  0.454719  0.599365  0.454037  0.332761  0.288690  0.505353  0.682634  0.495009  0.589037  0.614356  0.605586  0.490656  0.507760  0.622452  0.593902  0.581892  0.490976  0.637089  0.551494  0.568308  0.611222  0.545568  0.608821  0.370404  0.484148  0.513748  0.532228  0.434328  0.578173  0.563171  0.532254  0.610515  0.393797  0.473267  0.731665  0.503221  0.616657  0.412444  0.544644  0.373646  0.565487  0.521592  0.501542  0.416844  0.355165  0.564056  0.331530  0.505457  0.625492  0.478302  0.576580  0.500873  0.644848  0.529750  0.598392  0.694665  0.587743  0.578006  0.483696  0.452086  0.531049  0.519536  0.707382  0.649717  0.581638  0.661809  0.664198  0.548336  0.236852  0.502309  0.596914  0.542278  0.490787  0.471792  0.500210  0.485052  0.503925  0.565130  0.521180  0.480989  0.423826  0.520731  0.530865  0.364304  0.658489  0.462167  0.455053  0.542107  0.411094 
8  0.594194  0.755909  0.736715  0.421396  0.492003  0.360080  0.528498  0.649947 0.0  0.565481  0.507838  0.460492  0.532666  0.701176  0.349830  0.679047  0.620112  0.513184  0.422343  0.503619  0.621988  0.585963  0.589405  0.660699  0.352402  0.623531  0.581923  0.608341  0.706053  0.613622  0.633937  0.637517  0.585582  0.695186  0.548685  0.621479  0.766458  0.795629  0.584811  0.600336  0.853703  0.375996  0.318428  0.422238  0.713961  0.367090  0.793457  0.350898  0.517416  0.708226  0.441503  0.689461  0.375536  0.521952  0.543542  0.484740  0.609850  0.588136  0.616828  0.652574  0.402203  0.758911  0.623297  0.747013  0.591928  0.377255  0.430556  0.828286  0.616101  0.591233  0.661854  0.616608  0.632759  0.428849  0.714840  0.428583  0.653129  0.464860  0.577889  0.598610  0.797001  0.596361  0.600800  0.649658  0.583934  0.734649  0.846696  0.597195  0.708201  0.611135  0.701068  0.749186  0.317289  0.851210  0.341872  0.485279  0.692447  0.754095  0.656381  0.741014  0.612491  0.604174  0.658628  0.518044  0.725010  0.529447  0.581227  0.706210  0.260822  0.642586  0.557375  0.545262  0.629114  0.428832  0.673126  0.570035  0.672861  0.391309  0.780118  0.674417  0.642689  0.607713  0.570173  0.647430  0.533034  0.595215  0.611937  0.483939  0.558145  0.755651  0.615314  0.530051  0.574393  0.484448  0.751685  0.683980  0.661674  0.627517  0.613162  0.597520  0.572784  0.641938  0.555390  0.660356  0.690910  0.616269 
9  0.580242  0.696592  0.572793  0.652935  0.494272  0.642559  0.487702  0.561518  0.565481 0.0  0.649082  0.411613  0.471715  0.623510  0.605079  0.423688  0.347452  0.463543  0.574648  0.505460  0.504262  0.533687  0.385659  0.603050  0.533379  0.490970  0.490278  0.541779  0.518366  0.469718  0.434767  0.634408  0.577218  0.541970  0.536045  0.428404  0.511031  0.554133  0.553083  0.691305  0.568772  0.627771  0.546361  0.540104  0.530433  0.447536  0.459672  0.611482  0.352106  0.431739  0.562963  0.496494  0.570002  0.583599  0.638556  0.482523  0.446875  0.650761  0.528635  0.568576  0.556696  0.553648  0.464114  0.534181  0.544102  0.590680  0.559499  0.479755  0.446707  0.519705  0.510533  0.639777  0.456748  0.583748  0.485332  0.596790  0.658104  0.588529  0.510310  0.584538  0.690351  0.590859  0.557366  0.488672  0.468243  0.421802  0.584437  0.384990  0.529100  0.539015  0.522661  0.567196  0.715725  0.487613  0.655740  0.547663  0.560063  0.607115  0.524206  0.625414  0.455384  0.548673  0.604205  0.535677  0.477944  0.532347  0.622671  0.532899  0.451581  0.522009  0.421365  0.505734  0.494810  0.331547  0.532200  0.512919  0.467285  0.576464  0.514641  0.637579  0.479292  0.501928  0.549701  0.459694  0.542029  0.636895  0.402744  0.587675  0.524793  0.662363  0.391872  0.594619  0.572816  0.384966  0.574673  0.497708  0.483431  0.495289  0.596811  0.465062  0.658571  0.556676  0.565783  0.564088  0.552424  0.490277 
10  0.626245  0.710047  0.624123  0.636782  0.523970  0.683032  0.561479  0.675925  0.507838  0.649082 0.0  0.593400  0.638628  0.601132  0.611869  0.601376  0.568277  0.630569  0.626980  0.703415  0.657632  0.568226  0.678966  0.599223  0.648862  0.642056  0.522160  0.710884  0.605627  0.590954  0.690420  0.566770  0.684499  0.645020  0.611898  0.710086  0.600921  0.588918  0.581188  0.630933  0.681762  0.623166  0.508770  0.577761  0.554636  0.630117  0.597355  0.522026  0.582597  0.602905  0.657953  0.581190  0.646273  0.599224  0.648563  0.613521  0.653759  0.657352  0.633951  0.598141  0.649192  0.641045  0.595943  0.611810  0.695119  0.702045  0.755543  0.691652  0.539139  0.664481  0.607107  0.576303  0.695576  0.517256  0.570001  0.598474  0.458007  0.627978  0.602717  0.712512  0.632729  0.692311  0.626617  0.697201  0.653146  0.588055  0.684674  0.647918  0.630112  0.738374  0.734023  0.624673  0.559521  0.569260  0.621195  0.583528  0.576186  0.705942  0.677903  0.591488  0.576468  0.635960  0.692460  0.717031  0.634994  0.634260  0.657562  0.645966  0.665364  0.598862  0.693983  0.532019  0.443017  0.597812  0.621039  0.619342  0.622519  0.581354  0.626100  0.591444  0.682258  0.661361  0.538922  0.496228  0.547258  0.591287  0.659321  0.578263  0.672204  0.677697  0.701665  0.616367  0.635499  0.679761  0.651776  0.576798  0.681373  0.621750  0.706773  0.656401  0.592847  0.642696  0.581376  0.702532  0.514135  0.631324 
11  0.771616  0.520921  0.640658  0.675863  0.514709  0.705781  0.597108  0.442199  0.460492  0.411613  0.593400 0.0  0.544577  0.652045  0.658984  0.492315  0.394083  0.512543  0.631822  0.593487  0.369204  0.547050  0.338482  0.448411  0.611043  0.540263  0.525861  0.515059  0.222147  0.443039  0.329149  0.529678  0.461120  0.375181  0.552094  0.397867  0.374344  0.490441  0.673843  0.610787  0.496464  0.754719  0.603384  0.514767  0.468466  0.526773  0.396376  0.640407  0.246053  0.369354  0.597716  0.374130  0.594006  0.467269  0.591860  0.524560  0.322024  0.793861  0.428249  0.666657  0.593360  0.519146  0.299422  0.672813  0.392047  0.583268  0.595990  0.440672  0.369204  0.453426  0.542165  0.734177  0.453737  0.616752  0.407387  0.644298  0.697248  0.556439  0.306370  0.508973  0.709733  0.687675  0.594142  0.431446  0.451683  0.361355  0.523595  0.455453  0.494469  0.495191  0.347835  0.398972  0.798732  0.459609  0.527212  0.645428  0.630242  0.600220  0.469964  0.534362  0.338442  0.533652  0.427637  0.539857  0.452932  0.584867  0.579295  0.425069  0.533550  0.436703  0.264205  0.492888  0.715475  0.431727  0.480198  0.509327  0.308714  0.716084  0.447901  0.522930  0.413954  0.487115  0.628463  0.386630  0.635918  0.443533  0.185711  0.537102  0.411190  0.446861  0.448513  0.428871  0.637563  0.329981  0.618933  0.529031  0.379391  0.444772  0.617659  0.334864  0.581422  0.585914  0.490354  0.317614  0.449381  0.359926 
12  0.547304  0.589444  0.615508  0.532936  0.524254  0.496971  0.605059  0.542108  0.532666  0.471715  0.638628  0.544577 0.0  0.607676  0.553926  0.484310  0.543708  0.543819  0.493825  0.509081  0.465317  0.569850  0.498096  0.585357  0.548236  0.496598  0.543499  0.480490  0.475958  0.686233  0.583354  0.722901  0.537166  0.494221  0.622976  0.515092  0.589870  0.531994  0.684103  0.707497  0.511988  0.581082  0.607559  0.502144  0.572206  0.567288  0.578043  0.627282  0.544971  0.430064  0.612807  0.543691  0.613407  0.540371  0.622505  0.540057  0.511415  0.638778  0.501839  0.544912  0.548078  0.610646  0.419687  0.524760  0.569820  0.593714  0.550226  0.605419  0.518590  0.441596  0.585027  0.622957  0.587942  0.608076  0.546550  0.624800  0.610051  0.735192  0.574382  0.620975  0.594392  0.587694  0.504830  0.443270  0.567586  0.576970  0.629712  0.520126  0.543559  0.551624  0.500876  0.563384  0.533984  0.581947  0.524628  0.552597  0.548164  0.674598  0.640254  0.520395  0.557464  0.563471  0.499241  0.498768  0.546646  0.530068  0.517220  0.538497  0.511555  0.628853  0.531565  0.807724  0.595288  0.596220  0.598337  0.582656  0.562154  0.617041  0.542107  0.705477  0.652635  0.672686  0.804272  0.559773  0.479291  0.525591  0.478643  0.626584  0.525159  0.624338  0.529725  0.520850  0.602406  0.441751  0.510161  0.499085  0.551450  0.682451  0.549224  0.551694  0.517096  0.692585  0.462535  0.535380  0.587695  0.547832 
13  0.660228  0.669705  0.592879  0.506752  0.645496  0.552179  0.607385  0.501293  0.701176  0.623510  0.601132  0.652045  0.607676 0.0  0.593161  0.738535  0.671592  0.668779  0.673321  0.595363  0.591770  0.612876  0.657835  0.765668  0.595420  0.630268  0.586764  0.611489  0.838474  0.769186  0.741439  0.536540  0.648207  0.750713  0.627843  0.712379  0.655043  0.694849  0.630572  0.600473  0.591984  0.707635  0.676814  0.774585  0.734874  0.645665  0.669154  0.625198  0.594589  0.671509  0.709541  0.614259  0.583901  0.675184  0.678906  0.697530  0.689470  0.550278  0.664027  0.629084  0.613429  0.659582  0.662917  0.708240  0.583372  0.626345  0.608373  0.554273  0.587572  0.653155  0.627346  0.541966  0.651270  0.584053  0.555256  0.674874  0.575945  0.770902  0.721260  0.556098  0.502368  0.626136  0.742539  0.667243  0.598761  0.599088  0.589670  0.519315  0.648666  0.566632  0.651578  0.527437  0.682035  0.727147  0.647736  0.491729  0.597613  0.544946  0.578818  0.579172  0.641027  0.564012  0.676990  0.689114  0.590248  0.622113  0.594276  0.609451  0.629639  0.549469  0.617020  0.656901  0.637264  0.769513  0.763991  0.608261  0.630855  0.568667  0.583699  0.554851  0.684260  0.661402  0.575712  0.665303  0.650843  0.627011  0.674703  0.610134  0.618511  0.713416  0.551540  0.580421  0.584514  0.676388  0.635858  0.602738  0.660503  0.518207  0.667896  0.679705  0.704766  0.594513  0.590795  0.577827  0.704772  0.718015 
14  0.509550  0.984392  0.822714  0.343810  0.703832  0.446160  0.514078  0.557004  0.349830  0.605079  0.611869  0.658984  0.553926  0.593161 0.0  0.676681  0.538593  0.726488  0.348468  0.497037  0.667947  0.627607  0.557352  0.727048  0.506230  0.557415  0.448577  0.703087  0.581980  0.690131  0.664577  0.525985  0.559099  0.663173  0.761553  0.518985  0.648986  0.682845  0.522916  0.675850  0.738525  0.395568  0.525247  0.504728  0.742950  0.473871  0.657374  0.347663  0.485192  0.686147  0.443970  0.629441  0.356959  0.495458  0.509719  0.568894  0.458867  0.417342  0.656994  0.702474  0.247955  0.594782  0.691104  0.646983  0.603614  0.421991  0.535197  0.717678  0.574338  0.527697  0.670926  0.626560  0.508113  0.465938  0.572452  0.391909  0.635423  0.569207  0.562239  0.713913  0.645979  0.601917  0.597281  0.729031  0.648187  0.610475  0.708350  0.620373  0.714163  0.575717  0.814213  0.714752  0.315577  0.680987  0.363869  0.363190  0.537544  0.618273  0.522084  0.550249  0.550649  0.560008  0.681229  0.563871  0.543627  0.613635  0.503833  0.635130  0.268253  0.583098  0.614427  0.557889  0.759491  0.497989  0.567083  0.507276  0.713615  0.335526  0.645410  0.744745  0.667805  0.657017  0.618944  0.536647  0.530791  0.532937  0.681737  0.529028  0.624409  0.692522  0.596665  0.661651  0.503907  0.556874  0.666000  0.558402  0.539079  0.550777  0.547664  0.677242  0.616866  0.803738  0.542400  0.500896  0.735656  0.569747 
15  0.790293  0.556912  0.546732  0.618026  0.464978  0.646879  0.544368  0.531988  0.679047  0.423688  0.601376  0.492315  0.484310  0.738535  0.676681 0.0  0.427990  0.532853  0.635786  0.561923  0.382358  0.526015  0.378746  0.464006  0.554974  0.620683  0.625407  0.568957  0.470359  0.621682  0.466678  0.597310  0.626525  0.463447  0.583832  0.473847  0.490968  0.579867  0.591423  0.666882  0.648241  0.666932  0.666688  0.721699  0.559558  0.585730  0.439721  0.598238  0.421349  0.459172  0.604089  0.459252  0.716427  0.521514  0.779235  0.560958  0.527581  0.727806  0.675146  0.597572  0.570282  0.536831  0.462676  0.497555  0.583672  0.727082  0.645163  0.474662  0.445271  0.612269  0.585166  0.552771  0.450638  0.666546  0.448162  0.573729  0.670248  0.669663  0.435693  0.419294  0.611308  0.683413  0.617713  0.474706  0.464611  0.421201  0.590635  0.489501  0.528044  0.476982  0.617247  0.545209  0.633216  0.389297  0.638595  0.603420  0.497032  0.584769  0.444489  0.452359  0.531598  0.489478  0.626305  0.651023  0.538872  0.725200  0.687382  0.589917  0.650627  0.563880  0.488998  0.479712  0.540734  0.494112  0.595467  0.650610  0.557825  0.666786  0.491866  0.535955  0.449146  0.552751  0.511875  0.367104  0.623000  0.620603  0.411807  0.722453  0.635960  0.428734  0.519411  0.580001  0.641485  0.456507  0.574752  0.455891  0.517940  0.662602  0.565588  0.569721  0.627507  0.464619  0.487727  0.520059  0.510167  0.470999 
16  0.652336  0.592354  0.708804  0.466900  0.496614  0.501271  0.512795  0.476296  0.620112  0.347452  0.568277  0.394083  0.543708  0.671592  0.538593  0.427990 0.0  0.384003  0.446625  0.544392  0.408464  0.473112  0.363681  0.541034  0.670653  0.548179  0.569887  0.478855  0.334794  0.499945  0.358932  0.599044  0.481806  0.466733  0.581514  0.340425  0.540143  0.446104  0.538321  0.680719  0.427055  0.655173  0.615628  0.562590  0.471747  0.577053  0.456070  0.514560  0.419844  0.378689  0.430885  0.502793  0.527462  0.480679  0.657303  0.514797  0.389413  0.585999  0.521609  0.600335  0.397292  0.489589  0.535325  0.466984  0.465991  0.583951  0.661392  0.505605  0.400480  0.468659  0.439358  0.647289  0.390991  0.736741  0.523084  0.575753  0.794364  0.587383  0.418232  0.498277  0.579557  0.673344  0.571521  0.389652  0.430522  0.479256  0.377738  0.510113  0.352979  0.464678  0.470405  0.593650  0.526723  0.396510  0.474379  0.547887  0.535573  0.488835  0.415330  0.457852  0.384933  0.436718  0.485791  0.452702  0.420879  0.518378  0.595216  0.462727  0.534833  0.481702  0.465541  0.583509  0.611512  0.409183  0.466401  0.521992  0.371758  0.529271  0.490971  0.540431  0.365144  0.431927  0.599737  0.355296  0.581153  0.531953  0.393388  0.513477  0.458816  0.589059  0.508177  0.454639  0.558330  0.394657  0.499596  0.532181  0.416769  0.447370  0.600173  0.478954  0.514986  0.630971  0.404069  0.463488  0.586080  0.343224 
17  0.636236  0.569760  0.572130  0.634326  0.423821  0.689302  0.680510  0.593689  0.513184  0.463543  0.630569  0.512543  0.543819  0.668779  0.726488  0.532853  0.384003 0.0  0.502599  0.600666  0.419020  0.562247  0.482037  0.460750  0.477196  0.602033  0.509323  0.517677  0.352514  0.495935  0.431546  0.586642  0.433660  0.569459  0.538385  0.459542  0.467708  0.438760  0.584461  0.680061  0.415618  0.744979  0.641247  0.482501  0.550377  0.578669  0.446145  0.634352  0.475202  0.457032  0.565305  0.581847  0.694359  0.508116  0.516990  0.570519  0.459463  0.568987  0.553954  0.592280  0.505792  0.639230  0.555395  0.564545  0.437493  0.668811  0.560221  0.452884  0.516326  0.487105  0.493372  0.562434  0.442566  0.651800  0.445367  0.647729  0.601491  0.587310  0.432155  0.583935  0.676705  0.665721  0.486953  0.489366  0.525870  0.548480  0.517312  0.471737  0.489784  0.509007  0.374266  0.540082  0.624766  0.571615  0.604568  0.678818  0.634112  0.581813  0.540303  0.575192  0.425033  0.571654  0.536364  0.506252  0.485544  0.480809  0.514774  0.442941  0.499797  0.455948  0.514880  0.531669  0.543486  0.403596  0.452438  0.427959  0.446883  0.636756  0.438249  0.568746  0.536970  0.509216  0.548693  0.454200  0.710353  0.645325  0.406414  0.543674  0.385265  0.390633  0.507600  0.566712  0.536437  0.503086  0.502407  0.658335  0.551423  0.604516  0.537563  0.452298  0.507204  0.563522  0.512179  0.484250  0.575919  0.495540 
18  0.491319  0.753679  0.748524  0.311412  0.680875  0.476985  0.540953  0.482739  0.422343  0.574648  0.626980  0.631822  0.493825  0.673321  0.348468  0.635786  0.446625  0.502599 0.0  0.440478  0.607335  0.585590  0.542877  0.689084  0.404782  0.489870  0.414767  0.566564  0.651607  0.667076  0.663768  0.657732  0.567417  0.642201  0.733600  0.522798  0.651170  0.618609  0.742170  0.652265  0.742424  0.362898  0.350502  0.440471  0.723135  0.387110  0.623776  0.379224  0.613165  0.543829  0.405727  0.713416  0.312903  0.547717  0.612152  0.439710  0.604882  0.355718  0.647562  0.622487  0.291489  0.543724  0.701089  0.675084  0.484752  0.311792  0.460768  0.692544  0.474078  0.383204  0.467981  0.587258  0.595293  0.471241  0.846109  0.436794  0.687683  0.805457  0.694288  0.753023  0.599909  0.629182  0.526738  0.623370  0.608569  0.642960  0.571745  0.530282  0.663665  0.612159  0.672048  0.685234  0.328428  0.604943  0.376272  0.490395  0.481702  0.670565  0.494656  0.523030  0.593341  0.535887  0.572663  0.432689  0.594356  0.443556  0.468219  0.712517  0.392841  0.744998  0.804835  0.651444  0.750494  0.552275  0.638866  0.448346  0.505197  0.317020  0.622993  0.735742  0.654748  0.637577  0.724898  0.596379  0.519894  0.483016  0.616303  0.572955  0.613875  0.717713  0.538601  0.541181  0.550201  0.578341  0.613657  0.598664  0.616861  0.536561  0.581274  0.685630  0.475962  0.721419  0.573287  0.648095  0.708916  0.496427 
19  0.417121  0.719609  0.703918  0.441986  0.595970  0.599340  0.447971  0.445686  0.503619  0.505460  0.703415  0.593487  0.509081  0.595363  0.497037  0.561923  0.544392  0.600666  0.440478 0.0  0.505281  0.572210  0.520744  0.684927  0.556322  0.677369  0.527415  0.509312  0.542438  0.542384  0.525599  0.646189  0.577580  0.620479  0.747393  0.566283  0.621031  0.508304  0.540821  0.658143  0.488585  0.502376  0.560620  0.514358  0.577423  0.520499  0.519489  0.426655  0.502172  0.548055  0.549670  0.619049  0.478491  0.485142  0.429232  0.507140  0.569738  0.551437  0.500628  0.623375  0.560159  0.521927  0.507390  0.579131  0.525559  0.495730  0.518809  0.604488  0.578803  0.610543  0.635676  0.609356  0.506949  0.397578  0.535801  0.521447  0.577360  0.666464  0.590342  0.746336  0.526622  0.551384  0.516574  0.733194  0.514300  0.553772  0.661510  0.494716  0.535717  0.573099  0.598054  0.628627  0.532388  0.693543  0.424019  0.444126  0.561919  0.745701  0.392971  0.470976  0.478936  0.554914  0.527117  0.469264  0.565605  0.522341  0.566455  0.571416  0.429957  0.671681  0.590882  0.669150  0.588248  0.426249  0.633514  0.452209  0.524796  0.515161  0.574700  0.630893  0.648907  0.456334  0.666972  0.557651  0.520991  0.527810  0.557090  0.502298  0.623601  0.590007  0.523475  0.653575  0.432951  0.479491  0.596391  0.581907  0.510550  0.536343  0.592718  0.595879  0.452245  0.648510  0.637241  0.526056  0.635394  0.527074 
20  0.613641  0.535277  0.665985  0.563491  0.635050  0.803318  0.590268  0.410192  0.621988  0.504262  0.657632  0.369204  0.465317  0.591770  0.667947  0.382358  0.408464  0.419020  0.607335  0.505281 0.0  0.546358  0.303896  0.530377  0.629249  0.530587  0.473455  0.477684  0.331455  0.568520  0.441719  0.630131  0.511193  0.479022  0.636596  0.378271  0.340906  0.446040  0.644129  0.677892  0.354496  0.660695  0.574552  0.489658  0.511870  0.590657  0.413482  0.685236  0.327802  0.446967  0.457140  0.452440  0.547413  0.549545  0.489823  0.533760  0.390756  0.616448  0.576388  0.506979  0.495485  0.485733  0.404057  0.508320  0.365768  0.749951  0.547209  0.443528  0.470616  0.465115  0.544522  0.716651  0.419676  0.623278  0.465105  0.605945  0.677651  0.707115  0.395045  0.533647  0.550857  0.580279  0.514226  0.459545  0.342565  0.409425  0.440619  0.445172  0.415154  0.452450  0.488866  0.507264  0.710341  0.643938  0.644048  0.619183  0.512088  0.492790  0.431935  0.535536  0.445492  0.529186  0.467813  0.501064  0.487651  0.469532  0.458099  0.524614  0.652743  0.508075  0.428090  0.639594  0.680182  0.463669  0.490137  0.496019  0.347671  0.698012  0.509442  0.493163  0.525405  0.485539  0.675421  0.427856  0.541035  0.492020  0.323796  0.510449  0.517606  0.445281  0.380481  0.452475  0.500986  0.440057  0.464058  0.596657  0.366911  0.399412  0.572065  0.469065  0.500594  0.625860  0.541539  0.367140  0.470129  0.404618 
21  0.624091  0.640004  0.623638  0.561706  0.623237  0.513013  0.526643  0.513957  0.585963  0.533687  0.568226  0.547050  0.569850  0.612876  0.627607  0.526015  0.473112  0.562247  0.585590  0.572210  0.546358 0.0  0.582076  0.570392  0.615843  0.622328  0.550877  0.533145  0.551963  0.527089  0.604588  0.651490  0.501236  0.600206  0.527606  0.535398  0.679059  0.611391  0.575401  0.462162  0.611000  0.652034  0.577604  0.581092  0.664463  0.444350  0.524363  0.514020  0.591020  0.514764  0.672253  0.701236  0.515643  0.493049  0.575288  0.512375  0.526552  0.726258  0.563920  0.585490  0.581649  0.598835  0.645468  0.530334  0.575020  0.681200  0.600015  0.479915  0.518795  0.513025  0.578711  0.573406  0.677561  0.619871  0.537153  0.544518  0.626235  0.629351  0.576012  0.505963  0.628325  0.582385  0.562231  0.579907  0.584300  0.550479  0.511374  0.663257  0.454701  0.647719  0.564640  0.561782  0.584757  0.557712  0.544262  0.683366  0.524136  0.532160  0.629827  0.510211  0.671388  0.611395  0.555468  0.525751  0.517061  0.577908  0.535170  0.619492  0.593582  0.613108  0.601306  0.699827  0.683426  0.572639  0.547808  0.738397  0.513727  0.687993  0.502458  0.527262  0.672001  0.645006  0.666021  0.526296  0.667935  0.632156  0.554948  0.607926  0.573109  0.589921  0.544087  0.515031  0.549036  0.730102  0.638172  0.612337  0.538140  0.657093  0.715592  0.672915  0.482546  0.585534  0.549459  0.554204  0.655403  0.636959 
22  0.632111  0.520350  0.543446  0.544431  0.494104  0.574549  0.510932  0.379203  0.589405  0.385659  0.678966  0.338482  0.498096  0.657835  0.557352  0.378746  0.363681  0.482037  0.542877  0.520744  0.303896  0.582076 0.0  0.337684  0.502602  0.540814  0.534040  0.437829  0.309095  0.588026  0.334915  0.532345  0.462364  0.412415  0.613910  0.396052  0.297357  0.369051  0.636431  0.671185  0.468132  0.600865  0.640445  0.563953  0.559964  0.596301  0.365408  0.582263  0.242849  0.359791  0.549754  0.471597  0.576984  0.556106  0.602191  0.516983  0.290149  0.596787  0.362742  0.557706  0.427962  0.441228  0.304041  0.377307  0.413064  0.654970  0.600184  0.417188  0.580435  0.493009  0.554004  0.668619  0.426587  0.596185  0.465113  0.588162  0.673492  0.620010  0.343263  0.531060  0.588239  0.573067  0.503628  0.419129  0.403480  0.389669  0.510477  0.379727  0.379089  0.458818  0.406027  0.577971  0.662417  0.584981  0.563019  0.501567  0.483228  0.555108  0.398020  0.501633  0.431155  0.519685  0.370551  0.524875  0.457812  0.522297  0.551442  0.521900  0.511260  0.476905  0.341075  0.572062  0.597935  0.428899  0.428804  0.504749  0.310074  0.700546  0.634272  0.580541  0.448674  0.531489  0.547711  0.401834  0.624483  0.431228  0.299217  0.567706  0.372888  0.314581  0.408228  0.446905  0.493065  0.340440  0.491121  0.516826  0.347599  0.478257  0.535292  0.432119  0.482789  0.615834  0.474819  0.351989  0.454357  0.330505 
23  0.858047  0.389857  0.395415  0.719437  0.583879  0.746320  0.664263  0.561388  0.660699  0.603050  0.599223  0.448411  0.585357  0.765668  0.727048  0.464006  0.541034  0.460750  0.689084  0.684927  0.530377  0.570392  0.337684 0.0  0.621809  0.695504  0.664401  0.600494  0.439185  0.599667  0.416498  0.790006  0.521374  0.369897  0.448659  0.440822  0.339690  0.456808  0.640268  0.526256  0.472664  0.674672  0.885002  0.672300  0.443700  0.600811  0.408125  0.697000  0.428202  0.486985  0.655225  0.580932  0.700221  0.634798  0.663800  0.687601  0.484273  0.789785  0.506150  0.616847  0.601234  0.655868  0.504586  0.526111  0.417362  0.668289  0.596538  0.375122  0.645014  0.551139  0.584541  0.703216  0.497656  0.734034  0.344878  0.627101  0.758836  0.721495  0.311065  0.366178  0.666199  0.751941  0.740053  0.527400  0.497311  0.465780  0.595322  0.595774  0.570530  0.429333  0.432906  0.490322  0.789011  0.477112  0.735197  0.621185  0.514370  0.538289  0.569875  0.576739  0.579857  0.619081  0.425953  0.587179  0.410110  0.649052  0.602083  0.453885  0.627277  0.364271  0.499902  0.433823  0.675804  0.561220  0.443129  0.684035  0.508615  0.738277  0.484521  0.415835  0.378711  0.598348  0.563059  0.403211  0.779846  0.547732  0.454509  0.581349  0.375038  0.317213  0.625009  0.440689  0.563646  0.518395  0.565146  0.686652  0.527425  0.617609  0.566763  0.526188  0.628160  0.569241  0.383431  0.560767  0.532896  0.351158 
24  0.573329  0.775094  0.778143  0.398734  0.497234  0.461767  0.518423  0.561867  0.352402  0.533379  0.648862  0.611043  0.548236  0.595420  0.506230  0.554974  0.670653  0.477196  0.404782  0.556322  0.629249  0.615843  0.502602  0.621809 0.0  0.537091  0.577988  0.536921  0.564592  0.546027  0.529023  0.613569  0.522316  0.558571  0.679100  0.713107  0.642515  0.596313  0.615056  0.599251  0.590262  0.462537  0.337215  0.388140  0.637396  0.364208  0.656344  0.484556  0.491247  0.615940  0.431654  0.634106  0.425509  0.436723  0.630671  0.483856  0.651197  0.457064  0.671533  0.553657  0.444082  0.577611  0.555586  0.615456  0.639995  0.457908  0.453585  0.710379  0.615739  0.558133  0.617377  0.572489  0.523672  0.382554  0.595493  0.511431  0.552764  0.540159  0.624981  0.642090  0.590590  0.532731  0.509896  0.695238  0.572663  0.715144  0.700339  0.649859  0.693889  0.600788  0.558295  0.700492  0.425404  0.643907  0.336243  0.571274  0.593826  0.784874  0.606252  0.648705  0.632126  0.567399  0.611554  0.459565  0.662090  0.609068  0.598166  0.711365  0.338971  0.587988  0.687284  0.486493  0.635741  0.581137  0.567660  0.714553  0.695297  0.385017  0.753694  0.717354  0.558751  0.545279  0.505713  0.590954  0.543931  0.612520  0.530549  0.490389  0.571134  0.670641  0.584063  0.593579  0.570597  0.490867  0.587567  0.563468  0.839363  0.656728  0.635795  0.594863  0.585355  0.605030  0.596795  0.624206  0.707361  0.655144 
25  0.663435  0.602307  0.783831  0.537989  0.598299  0.609299  0.526957  0.530892  0.623531  0.490970  0.642056  0.540263  0.496598  0.630268  0.557415  0.620683  0.548179  0.602033  0.489870  0.677369  0.530587  0.622328  0.540814  0.695504  0.537091 0.0  0.533787  0.586011  0.571643  0.701568  0.527116  0.652910  0.589397  0.614777  0.602379  0.534088  0.579569  0.556936  0.650760  0.713123  0.578528  0.620761  0.661624  0.612574  0.617096  0.507290  0.565323  0.554963  0.577892  0.527395  0.628171  0.522151  0.554912  0.535278  0.642858  0.551321  0.558638  0.621300  0.558484  0.624868  0.488481  0.571632  0.581140  0.708272  0.519805  0.547876  0.633542  0.656701  0.551820  0.622295  0.568162  0.632811  0.641124  0.616125  0.567786  0.578197  0.481369  0.534563  0.602259  0.669237  0.641043  0.579892  0.615171  0.556813  0.559088  0.583391  0.564693  0.458764  0.515337  0.614265  0.544261  0.512458  0.588664  0.592217  0.569658  0.525274  0.590916  0.648046  0.627492  0.558598  0.556228  0.560208  0.535896  0.531094  0.505355  0.609798  0.502705  0.516468  0.607961  0.642749  0.524990  0.665093  0.668221  0.585483  0.565264  0.649180  0.471717  0.675365  0.588137  0.649136  0.556884  0.648118  0.641901  0.526186  0.677261  0.618597  0.603737  0.607615  0.553389  0.526271  0.514997  0.585711  0.589300  0.604206  0.517876  0.622127  0.607167  0.611396  0.618941  0.595680  0.599931  0.631224  0.596147  0.564139  0.620378  0.518117 
26  0.434545  0.901745  0.682415  0.442096  0.513643  0.571466  0.509322  0.287484  0.581923  0.490278  0.522160  0.525861  0.543499  0.586764  0.448577  0.625407  0.569887  0.509323  0.414767  0.527415  0.473455  0.550877  0.534040  0.664401  0.577988  0.533787 0.0  0.520511  0.546151  0.731711  0.561951  0.648762  0.379915  0.639883  0.685002  0.428284  0.686099  0.672144  0.648162  0.670597  0.624417  0.505256  0.626751  0.401506  0.627333  0.652433  0.568949  0.589591  0.474908  0.514646  0.444739  0.651916  0.503412  0.409592  0.638887  0.460043  0.478259  0.376798  0.622275  0.416276  0.352488  0.318003  0.669261  0.608105  0.472547  0.511828  0.608022  0.758949  0.578126  0.462801  0.449833  0.598356  0.552392  0.612921  0.694617  0.549336  0.542814  0.611905  0.559840  0.679575  0.397665  0.561450  0.439953  0.583152  0.511882  0.525090  0.569484  0.548733  0.529270  0.528602  0.610456  0.522333  0.487937  0.632517  0.525630  0.488486  0.480388  0.646977  0.554345  0.535407  0.452505  0.275191  0.654688  0.364432  0.482711  0.488576  0.467796  0.629292  0.498986  0.646409  0.585950  0.597862  0.702937  0.570476  0.676784  0.484507  0.560872  0.539220  0.549486  0.748931  0.544959  0.613839  0.657559  0.616954  0.583190  0.334637  0.480056  0.651461  0.667447  0.695571  0.485306  0.551638  0.608692  0.469786  0.573427  0.591225  0.477745  0.542332  0.608554  0.608354  0.391300  0.718265  0.497504  0.414138  0.708364  0.564831 
