146
0 0.0  0.863687  0.788084  0.472445  0.638259  0.603362  0.572465  0.490102  0.617096  0.694321  0.634308  0.739302  0.537056  0.616709  0.561723  0.761835  0.617290  0.620139  0.471115  0.437006  0.674810  0.568048  0.669145  0.849733  0.611503  0.586758  0.498856  0.566649  0.743691  0.488560  0.667396  0.717453  0.540892  0.663582  0.890215  0.654929  0.760062  0.696306  0.707182  0.700686  0.804276  0.553573  0.678397  0.520560  0.786286  0.620532  0.709553  0.482816  0.655014  0.625093  0.559130  0.713090  0.392837  0.548010  0.459375  0.438551  0.587228  0.568470  0.564424  0.614830  0.464374  0.561902  0.694949  0.721460  0.601090  0.569053  0.619990  0.873550  0.707218  0.604909  0.677450  0.601474  0.742889  0.505070  0.689959  0.555475  0.783367  0.709088  0.755383  0.854385  0.632236  0.422425  0.595296  0.706612  0.535551  0.730106  0.705284  0.616388  0.768170  0.585816  0.692600  0.652137  0.486839  0.677488  0.519252  0.445849  0.550799  0.760103  0.584100  0.512928  0.591521  0.585449  0.561871  0.574930  0.644554  0.451960  0.483857  0.850544  0.523388  0.731875  0.735464  0.666821  0.676322  0.638649  0.818573  0.576286  0.712968  0.453325  0.717726  0.782256  0.653842  0.725241  0.740120  0.622840  0.496940  0.515182  0.697899  0.564672  0.661386  0.764107  0.660509  0.568470  0.511801  0.557567  0.720531  0.560614  0.597773  0.625423  0.656248  0.686929  0.524708  0.665080  0.545547  0.586202  0.747012  0.696381 
1  0.863687 0.0  0.451337  0.801558  0.704649  0.801770  0.752771  0.595210  0.856812  0.543966  0.688261  0.594871  0.667323  0.572312  0.772649  0.637382  0.716300  0.500368  0.848420  0.783404  0.549626  0.554945  0.513171  0.270290  0.760886  0.720894  0.747141  0.570335  0.649473  0.731211  0.562326  0.797540  0.582560  0.515500  0.466001  0.476312  0.335027  0.605115  0.800314  0.541227  0.663755  0.949250  0.773631  0.812409  0.422718  0.833754  0.461612  0.907438  0.542623  0.740545  0.784495  0.566725  0.856473  0.862510  0.835098  0.710427  0.581296  0.950751  0.709349  0.675706  0.818105  0.663318  0.559966  0.754257  0.736454  0.801252  0.738737  0.319666  0.642493  0.626231  0.880854  0.682940  0.506081  0.710032  0.499665  0.795818  0.933020  0.777728  0.576554  0.514005  0.837596  0.814990  0.709917  0.423571  0.577195  0.481973  0.733075  0.646147  0.619328  0.483354  0.691804  0.528574  0.906966  0.567378  0.826032  0.757867  0.655530  0.366323  0.600623  0.582827  0.699933  0.680299  0.589132  0.703239  0.625401  0.769402  0.660429  0.509147  0.877219  0.464962  0.598098  0.756840  0.750105  0.687235  0.598397  0.693152  0.629579  0.906127  0.644785  0.532828  0.602806  0.610147  0.647654  0.481942  0.909524  0.725471  0.604116  0.702398  0.433717  0.517540  0.651243  0.589405  0.657919  0.666320  0.758568  0.616888  0.637610  0.648101  0.617215  0.794587  0.766059  0.618663  0.525695  0.765618  0.498284  0.611342 
2  0.788084  0.451337 0.0  0.889551  0.650716  0.855107  0.705347  0.857926  0.789286  0.716223  0.665017  0.521406  0.738765  0.602220  0.747128  0.590337  0.574755  0.578216  0.660114  0.690566  0.599524  0.729230  0.593467  0.482922  0.778463  0.693125  0.772739  0.742359  0.641688  0.728765  0.636325  0.634473  0.666610  0.461619  0.606282  0.526584  0.544001  0.765835  0.639669  0.656003  0.536926  0.804139  0.839334  0.750385  0.384104  0.859948  0.581391  0.774107  0.701543  0.597448  0.679392  0.737107  0.811844  0.773193  0.884687  0.730501  0.689962  0.832321  0.618995  0.679425  0.750864  0.739673  0.608754  0.519195  0.664664  0.806202  0.861447  0.401285  0.652737  0.791790  0.670116  0.656921  0.657212  0.921179  0.616328  0.781801  0.783395  0.779112  0.512955  0.396672  0.701815  0.927011  0.757016  0.654367  0.589931  0.536381  0.763288  0.618929  0.621544  0.649706  0.539293  0.588864  0.903202  0.656814  0.786785  0.790518  0.710510  0.482533  0.672350  0.812074  0.545396  0.769175  0.655468  0.722810  0.515999  0.805834  0.611392  0.564130  0.771730  0.523754  0.418215  0.710534  0.680572  0.668724  0.532551  0.715598  0.565804  0.771503  0.585081  0.351236  0.610563  0.552567  0.735767  0.417690  0.827157  0.817208  0.770877  0.671372  0.495869  0.714859  0.575512  0.672732  0.813140  0.591364  0.589632  0.662906  0.628846  0.696911  0.614264  0.745801  0.855673  0.640957  0.651759  0.813643  0.565737  0.473568 
3  0.472445  0.801558  0.889551 0.0  0.572227  0.386119  0.538236  0.474339  0.312676  0.640944  0.662813  0.611224  0.625366  0.636380  0.418200  0.632326  0.463938  0.561463  0.335230  0.511168  0.591205  0.557290  0.477483  0.738128  0.398987  0.694447  0.361485  0.554261  0.616818  0.670714  0.712426  0.583259  0.610999  0.638478  0.863893  0.459111  0.695605  0.772638  0.747414  0.749515  0.787763  0.374080  0.392959  0.404721  0.809716  0.508005  0.582214  0.391438  0.593869  0.608356  0.515012  0.620629  0.368884  0.622676  0.625742  0.505141  0.634881  0.364783  0.559862  0.658277  0.178895  0.609077  0.680238  0.785301  0.566344  0.423961  0.449083  0.723938  0.617796  0.568735  0.607707  0.640654  0.511562  0.455930  0.610846  0.439469  0.680981  0.709364  0.628123  0.751403  0.581116  0.556747  0.619246  0.676091  0.616834  0.548824  0.651515  0.544617  0.813898  0.473346  0.766040  0.671832  0.477139  0.613110  0.423934  0.625750  0.617679  0.739967  0.462915  0.521175  0.543198  0.554565  0.664463  0.614085  0.589025  0.611216  0.411698  0.719795  0.267575  0.681233  0.730952  0.712710  0.783383  0.528368  0.803511  0.609182  0.857579  0.339480  0.680548  0.771915  0.522850  0.717508  0.745296  0.706568  0.521625  0.550526  0.654950  0.534905  0.685740  0.726926  0.605470  0.638410  0.537468  0.512560  0.691628  0.476128  0.578056  0.536243  0.601035  0.748614  0.451495  0.776539  0.617818  0.494644  0.681145  0.541767 
4  0.638259  0.704649  0.650716  0.572227 0.0  0.603682  0.652683  0.663242  0.609178  0.592058  0.725662  0.512292  0.541056  0.763125  0.719116  0.646439  0.465211  0.401235  0.542065  0.553496  0.492767  0.620094  0.597899  0.556356  0.573162  0.608917  0.638715  0.558935  0.561591  0.590523  0.488664  0.478409  0.567641  0.688286  0.655305  0.555293  0.615034  0.587476  0.516555  0.804648  0.700215  0.629218  0.389627  0.547122  0.579355  0.628116  0.598701  0.537689  0.523057  0.508657  0.553172  0.567640  0.644385  0.647437  0.593402  0.665666  0.685669  0.620152  0.631091  0.689547  0.731063  0.728002  0.578514  0.469483  0.737559  0.493378  0.676763  0.708970  0.559772  0.667747  0.543027  0.607375  0.550933  0.512764  0.558599  0.604239  0.638590  0.634965  0.564581  0.653544  0.616345  0.663529  0.644071  0.688410  0.490898  0.540475  0.700010  0.463268  0.655222  0.620863  0.641642  0.600344  0.552334  0.639845  0.615283  0.531425  0.511239  0.572931  0.595441  0.729937  0.500823  0.445177  0.613235  0.534095  0.519284  0.633293  0.588092  0.640349  0.558689  0.564539  0.679487  0.463464  0.502526  0.392495  0.603446  0.364070  0.593341  0.557194  0.629417  0.531023  0.522665  0.440837  0.314427  0.547739  0.598940  0.790729  0.520914  0.568524  0.613970  0.682260  0.418964  0.590378  0.438463  0.415450  0.628128  0.616588  0.758198  0.702071  0.498492  0.615199  0.640280  0.459651  0.752012  0.693668  0.699386  0.659554 
5  0.603362  0.801770  0.855107  0.386119  0.603682 0.0  0.667135  0.780120  0.267303  0.588461  0.691637  0.764885  0.579402  0.688889  0.390703  0.692301  0.668527  0.665414  0.420332  0.616887  0.829304  0.762158  0.674637  0.801503  0.459561  0.614500  0.537814  0.667371  0.671121  0.602521  0.767664  0.697082  0.650631  0.624574  0.749366  0.620617  0.716653  0.671630  0.718497  0.757825  0.789764  0.414312  0.459143  0.464171  0.600177  0.486644  0.811601  0.481985  0.457502  0.770185  0.545212  0.729137  0.412576  0.643867  0.769168  0.615615  0.649944  0.449464  0.782840  0.650532  0.467162  0.725788  0.537876  0.781314  0.753505  0.360874  0.552455  0.838897  0.613109  0.603021  0.728935  0.540559  0.690718  0.386349  0.781733  0.575198  0.711551  0.550131  0.797297  0.814611  0.829370  0.663950  0.644608  0.777554  0.807029  0.733766  0.647743  0.724888  0.780894  0.685996  0.736136  0.718215  0.360532  0.763976  0.429793  0.435338  0.755609  0.731744  0.714919  0.700058  0.696847  0.634277  0.706602  0.569115  0.659431  0.764979  0.688133  0.662637  0.418313  0.884466  0.691321  0.634396  0.738314  0.541286  0.708321  0.689240  0.627811  0.525464  0.818936  0.762473  0.624903  0.563620  0.729165  0.624932  0.593819  0.639603  0.616319  0.512947  0.666487  0.943049  0.536554  0.629321  0.646188  0.579790  0.697298  0.592470  0.594446  0.718911  0.621679  0.716365  0.715708  0.743457  0.695050  0.758622  0.728277  0.691979 
6  0.572465  0.752771  0.705347  0.538236  0.652683  0.667135 0.0  0.574416  0.633577  0.569319  0.714092  0.562844  0.617759  0.616991  0.504703  0.573815  0.641903  0.645877  0.557987  0.470079  0.625637  0.619868  0.410683  0.715207  0.638868  0.564375  0.566446  0.609167  0.650620  0.727418  0.615697  0.585290  0.533009  0.645523  0.613252  0.546447  0.646134  0.579286  0.675260  0.638645  0.696631  0.511546  0.635756  0.567410  0.681001  0.592819  0.672390  0.484021  0.558136  0.621149  0.524232  0.570349  0.572776  0.482170  0.575279  0.542667  0.664939  0.499914  0.641129  0.658313  0.523613  0.553959  0.490137  0.627415  0.525320  0.606807  0.599525  0.812703  0.574170  0.677892  0.671683  0.563202  0.616958  0.546607  0.621097  0.679335  0.643948  0.584324  0.545326  0.691192  0.539560  0.642589  0.513534  0.455400  0.464717  0.618429  0.689731  0.602915  0.536474  0.474941  0.637055  0.595910  0.564033  0.681214  0.488492  0.561362  0.531546  0.617433  0.556262  0.637266  0.597967  0.539191  0.622201  0.569693  0.574549  0.504714  0.613425  0.669079  0.560735  0.679928  0.529371  0.588699  0.721295  0.438116  0.708757  0.608744  0.664187  0.522001  0.606918  0.626955  0.669377  0.604512  0.580534  0.566648  0.636476  0.560364  0.613158  0.680182  0.585845  0.691551  0.538050  0.556758  0.580847  0.631324  0.741957  0.599689  0.607954  0.557798  0.543099  0.611691  0.548759  0.605476  0.578746  0.633891  0.634165  0.559051 
7  0.490102  0.595210  0.857926  0.474339  0.663242  0.780120  0.574416 0.0  0.681160  0.603682  0.674906  0.543377  0.477108  0.629786  0.466974  0.602514  0.402183  0.581503  0.472848  0.558877  0.401493  0.505562  0.344602  0.681517  0.513522  0.674587  0.178989  0.510455  0.491371  0.738139  0.686346  0.650616  0.368173  0.533385  0.765974  0.351521  0.628043  0.552196  0.715557  0.714563  0.705548  0.655261  0.603913  0.497305  0.795760  0.589058  0.426883  0.589933  0.619403  0.411540  0.576162  0.587220  0.526290  0.334351  0.696274  0.508558  0.454564  0.522714  0.533560  0.370140  0.420152  0.295619  0.457154  0.635306  0.325158  0.610043  0.664467  0.733207  0.462556  0.434586  0.580830  0.672046  0.630668  0.536433  0.685353  0.431705  0.599692  0.543532  0.626456  0.610515  0.416782  0.622083  0.472897  0.522647  0.479985  0.607532  0.524507  0.420133  0.645352  0.450561  0.592694  0.520619  0.521760  0.656066  0.580331  0.558346  0.407257  0.751875  0.478140  0.455243  0.490609  0.314038  0.656576  0.296567  0.503571  0.525118  0.541127  0.831973  0.582706  0.678559  0.531604  0.713210  0.919625  0.610336  0.629646  0.443562  0.567539  0.538011  0.601833  0.637720  0.599545  0.619061  0.670577  0.623705  0.568847  0.232801  0.404375  0.585316  0.560760  0.610684  0.566261  0.553638  0.599881  0.492488  0.645136  0.570104  0.453972  0.590005  0.594934  0.660581  0.344179  0.580287  0.479644  0.354248  0.659149  0.440113 
8  0.617096  0.856812  0.789286  0.312676  0.609178  0.267303  0.633577  0.681160 0.0  0.519176  0.666608  0.507962  0.565776  0.669089  0.281194  0.845798  0.566178  0.656675  0.498349  0.511357  0.683883  0.729757  0.660706  0.730172  0.254907  0.687810  0.567419  0.659548  0.734754  0.617771  0.587285  0.631917  0.654072  0.771751  0.736492  0.746630  0.842181  0.835232  0.609574  0.819887  0.803190  0.322700  0.335068  0.332974  0.709720  0.419352  0.682972  0.387169  0.601323  0.651299  0.511697  0.655736  0.394982  0.625261  0.556990  0.545898  0.616070  0.494178  0.634089  0.801491  0.427119  0.698791  0.646282  0.662649  0.771975  0.391536  0.416302  0.831556  0.750537  0.542069  0.614158  0.612513  0.564120  0.348467  0.626497  0.496055  0.661542  0.499387  0.596165  0.754904  0.702991  0.607448  0.652785  0.679653  0.611664  0.741983  0.788171  0.676489  0.763348  0.592265  0.767846  0.786205  0.314483  0.748423  0.375085  0.349792  0.669748  0.683383  0.816527  0.760125  0.710641  0.716910  0.642898  0.618712  0.724836  0.712033  0.616074  0.686010  0.089538  0.685779  0.728958  0.572376  0.635083  0.337485  0.747927  0.577180  0.745465  0.414306  0.886459  0.803367  0.560591  0.623054  0.570289  0.786139  0.604774  0.670921  0.649526  0.504792  0.539872  0.866457  0.695016  0.638991  0.546843  0.477508  0.638242  0.544902  0.723926  0.744967  0.599349  0.700547  0.522598  0.678014  0.678747  0.643685  0.716774  0.698502 
9  0.694321  0.543966  0.716223  0.640944  0.592058  0.588461  0.569319  0.603682  0.519176 0.0  0.694573  0.495979  0.571467  0.760960  0.611521  0.438408  0.516989  0.517519  0.709318  0.537724  0.579113  0.632638  0.442238  0.518985  0.683091  0.569287  0.633834  0.520202  0.525469  0.502471  0.462240  0.723944  0.486200  0.542982  0.524165  0.586461  0.548324  0.366412  0.603166  0.671907  0.534917  0.694417  0.673653  0.494155  0.513676  0.474055  0.579171  0.502111  0.340001  0.421001  0.542124  0.670823  0.496769  0.567017  0.681503  0.528345  0.466826  0.573957  0.530802  0.666105  0.659224  0.602975  0.469483  0.518599  0.487312  0.620172  0.682554  0.561604  0.417545  0.582700  0.524263  0.668086  0.428411  0.671988  0.652848  0.577301  0.754332  0.551108  0.604867  0.608351  0.700018  0.589916  0.562129  0.617740  0.540728  0.490215  0.659383  0.455977  0.369668  0.489182  0.534519  0.471110  0.601145  0.506454  0.693680  0.547236  0.640034  0.560043  0.536608  0.623246  0.442004  0.428208  0.577828  0.451418  0.460821  0.476968  0.604563  0.477987  0.505195  0.528563  0.461398  0.513452  0.476092  0.377745  0.546673  0.532609  0.480049  0.703893  0.450241  0.792798  0.523078  0.451394  0.577519  0.447438  0.652635  0.616806  0.409409  0.657592  0.517628  0.611127  0.455593  0.524837  0.542055  0.429004  0.519009  0.531283  0.442673  0.438570  0.612932  0.500950  0.653726  0.581540  0.488986  0.617671  0.507603  0.539024 
10  0.634308  0.688261  0.665017  0.662813  0.725662  0.691637  0.714092  0.674906  0.666608  0.694573 0.0  0.673849  0.721517  0.698384  0.593931  0.684912  0.652087  0.668933  0.641434  0.586388  0.652904  0.634365  0.691830  0.599070  0.629852  0.704732  0.618729  0.700750  0.725763  0.654409  0.663089  0.567333  0.771333  0.737926  0.681652  0.661683  0.651904  0.740032  0.647091  0.711747  0.717873  0.702459  0.620682  0.626284  0.653108  0.614392  0.609541  0.626156  0.670705  0.681048  0.690028  0.744186  0.620028  0.589994  0.609394  0.678283  0.706596  0.631366  0.710093  0.707450  0.693774  0.714020  0.737150  0.625302  0.706706  0.750647  0.680356  0.633420  0.662358  0.655963  0.584563  0.644013  0.705132  0.628336  0.644838  0.666973  0.508121  0.664018  0.653386  0.548957  0.560728  0.589195  0.719021  0.696330  0.598282  0.599528  0.771392  0.602290  0.533505  0.689322  0.797044  0.604609  0.644829  0.656449  0.608802  0.749752  0.662104  0.532874  0.739357  0.625916  0.728817  0.620779  0.776982  0.673461  0.653287  0.670216  0.650951  0.593158  0.587722  0.734443  0.697879  0.687499  0.575609  0.527298  0.616226  0.597938  0.773033  0.540912  0.620084  0.656447  0.671412  0.732301  0.538880  0.552053  0.619377  0.709687  0.610040  0.654321  0.649834  0.675265  0.643833  0.722951  0.535414  0.598686  0.728918  0.627521  0.641527  0.613899  0.666379  0.737388  0.616035  0.675356  0.754213  0.651141  0.712512  0.711997 
11  0.739302  0.594871  0.521406  0.611224  0.512292  0.764885  0.562844  0.543377  0.507962  0.495979  0.673849 0.0  0.605824  0.704630  0.783258  0.432482  0.505589  0.467658  0.646562  0.514786  0.382904  0.663675  0.370554  0.522687  0.623067  0.636012  0.566352  0.553625  0.331750  0.555693  0.311095  0.590519  0.342944  0.397446  0.628917  0.368210  0.243851  0.518440  0.656222  0.779584  0.501063  0.757058  0.685870  0.619337  0.506885  0.572871  0.375584  0.697040  0.392164  0.499404  0.666169  0.412586  0.836883  0.476873  0.549151  0.611101  0.399617  0.665584  0.530316  0.651253  0.726805  0.477755  0.413330  0.471464  0.467833  0.728351  0.535854  0.466983  0.415366  0.534971  0.550145  0.592519  0.569323  0.654893  0.390077  0.698336  0.696375  0.643476  0.230304  0.488837  0.620286  0.646425  0.640357  0.523938  0.418961  0.354372  0.564843  0.470041  0.483015  0.440332  0.381630  0.534503  0.725689  0.562092  0.634394  0.639750  0.537490  0.543963  0.486326  0.540306  0.255598  0.493980  0.308777  0.636143  0.324635  0.524625  0.686815  0.533995  0.524211  0.567683  0.261184  0.540122  0.571294  0.496026  0.480532  0.593905  0.238063  0.744998  0.408520  0.552721  0.509298  0.408367  0.591358  0.468621  0.600907  0.401994  0.276979  0.615667  0.328323  0.420219  0.427829  0.438415  0.680949  0.280842  0.555706  0.624395  0.495855  0.401259  0.673985  0.282792  0.589449  0.571680  0.561625  0.306577  0.319831  0.324128 
12  0.537056  0.667323  0.738765  0.625366  0.541056  0.579402  0.617759  0.477108  0.565776  0.571467  0.721517  0.605824 0.0  0.681927  0.577466  0.606178  0.479321  0.552912  0.495074  0.654887  0.584839  0.592715  0.484339  0.574414  0.616231  0.588643  0.447956  0.446411  0.556757  0.739694  0.535572  0.679350  0.535012  0.617346  0.698272  0.518205  0.439912  0.397032  0.737012  0.727115  0.517022  0.621154  0.672651  0.560254  0.632034  0.573212  0.587153  0.590874  0.473460  0.468322  0.673242  0.594581  0.663497  0.563866  0.606478  0.551213  0.601497  0.686636  0.539512  0.674746  0.613666  0.475413  0.598780  0.542597  0.486316  0.614896  0.604207  0.607979  0.641735  0.586133  0.546334  0.640517  0.575996  0.675053  0.610766  0.667678  0.659165  0.754252  0.652767  0.555494  0.646808  0.709512  0.592945  0.578322  0.624121  0.567198  0.501071  0.493795  0.567068  0.658142  0.551899  0.572771  0.551249  0.587313  0.544932  0.665963  0.608928  0.554685  0.612492  0.633477  0.607763  0.503603  0.578486  0.528606  0.490281  0.438659  0.615444  0.647054  0.638450  0.620911  0.433925  0.726008  0.761606  0.651276  0.630614  0.576544  0.530680  0.589719  0.433897  0.590338  0.562469  0.567781  0.803325  0.557535  0.632413  0.545254  0.543050  0.673412  0.525893  0.692361  0.534441  0.512429  0.664090  0.613145  0.588570  0.696829  0.605918  0.588686  0.601330  0.450919  0.452560  0.654760  0.619606  0.499862  0.635651  0.445616 
13  0.616709  0.572312  0.602220  0.636380  0.763125  0.688889  0.616991  0.629786  0.669089  0.760960  0.698384  0.704630  0.681927 0.0  0.568768  0.610779  0.777100  0.676192  0.563653  0.643997  0.660710  0.642097  0.796622  0.726974  0.718072  0.610000  0.606946  0.578404  0.639019  0.808575  0.658713  0.634980  0.646696  0.757241  0.651527  0.587203  0.669786  0.688795  0.724036  0.596103  0.655180  0.637231  0.668398  0.687003  0.630921  0.667084  0.696831  0.672901  0.700715  0.741424  0.612722  0.634472  0.557342  0.647634  0.604112  0.788643  0.666919  0.627466  0.783272  0.540567  0.522132  0.707031  0.739934  0.656211  0.643790  0.601184  0.777810  0.686750  0.647989  0.673080  0.637024  0.679567  0.641117  0.768484  0.721891  0.663678  0.754821  0.738019  0.669486  0.729621  0.503481  0.542287  0.658178  0.733171  0.636906  0.548305  0.665412  0.626927  0.674211  0.742333  0.749906  0.633097  0.719909  0.691240  0.663142  0.544213  0.639894  0.670955  0.487115  0.548473  0.664608  0.672262  0.728703  0.757829  0.610926  0.786260  0.629224  0.694642  0.684100  0.655083  0.664132  0.698838  0.781245  0.754099  0.645845  0.634391  0.699027  0.619549  0.562187  0.669984  0.794853  0.679150  0.657385  0.694919  0.642696  0.664886  0.797518  0.767186  0.698441  0.729401  0.611362  0.683417  0.571426  0.749764  0.691881  0.617517  0.712179  0.607393  0.637848  0.783145  0.589892  0.635061  0.609801  0.607130  0.677575  0.616934 
14  0.561723  0.772649  0.747128  0.418200  0.719116  0.390703  0.504703  0.466974  0.281194  0.611521  0.593931  0.783258  0.577466  0.568768 0.0  0.587109  0.509298  0.718311  0.280649  0.482739  0.661553  0.712549  0.628916  0.706864  0.482111  0.588008  0.473044  0.748730  0.745837  0.747113  0.724791  0.579507  0.550849  0.724049  0.809182  0.568988  0.715029  0.801226  0.622181  0.599214  0.803775  0.348580  0.471253  0.427491  0.660730  0.506030  0.822495  0.257214  0.522133  0.663793  0.470344  0.674092  0.442201  0.580799  0.503660  0.551305  0.671694  0.431008  0.708768  0.710326  0.317778  0.538996  0.768888  0.739552  0.706942  0.327103  0.499946  0.685782  0.518659  0.485591  0.675334  0.634532  0.580258  0.525156  0.742515  0.348705  0.697668  0.681520  0.746235  0.700906  0.669326  0.571684  0.615978  0.725546  0.612983  0.552581  0.684652  0.716349  0.751890  0.528354  0.801992  0.714631  0.346792  0.742896  0.312153  0.395388  0.689711  0.685660  0.568628  0.503159  0.603666  0.579316  0.674604  0.722516  0.518017  0.564559  0.538110  0.714508  0.338017  0.745463  0.672755  0.637303  0.794033  0.421225  0.774069  0.540235  0.841041  0.359644  0.702163  0.817426  0.748012  0.666417  0.473377  0.636607  0.513982  0.519347  0.616231  0.492905  0.539129  0.818423  0.699060  0.686891  0.392674  0.631370  0.733735  0.641769  0.657153  0.516485  0.616836  0.774435  0.687798  0.751271  0.516455  0.578688  0.758684  0.618002 
15  0.761835  0.637382  0.590337  0.632326  0.646439  0.692301  0.573815  0.602514  0.845798  0.438408  0.684912  0.432482  0.606178  0.610779  0.587109 0.0  0.392685  0.524884  0.705202  0.718625  0.415849  0.543830  0.432723  0.458892  0.725804  0.665416  0.537868  0.592410  0.392286  0.578228  0.608018  0.496421  0.643153  0.471265  0.503135  0.551235  0.608271  0.631222  0.537661  0.699179  0.569369  0.640472  0.608308  0.756840  0.497712  0.584981  0.320808  0.684931  0.425253  0.528863  0.640595  0.443012  0.728185  0.616973  0.695707  0.486416  0.500272  0.761643  0.751763  0.569906  0.564898  0.677716  0.480011  0.572224  0.665300  0.650101  0.805188  0.425408  0.439257  0.648197  0.540366  0.688744  0.490894  0.713185  0.532308  0.626241  0.782368  0.646392  0.477442  0.549461  0.618546  0.710067  0.666222  0.514335  0.386745  0.391370  0.589595  0.313965  0.599241  0.584624  0.553551  0.625533  0.819800  0.405390  0.683830  0.620815  0.491953  0.596360  0.484239  0.516989  0.441162  0.641538  0.644222  0.619044  0.579040  0.830466  0.651731  0.729598  0.656355  0.539869  0.489683  0.531291  0.554477  0.406434  0.612874  0.661820  0.565288  0.737379  0.572185  0.588571  0.566968  0.526096  0.588355  0.507171  0.801197  0.614274  0.405077  0.718974  0.617180  0.526309  0.552662  0.540839  0.624850  0.467358  0.607965  0.645778  0.380793  0.594839  0.596204  0.663933  0.596175  0.577279  0.557983  0.609059  0.624657  0.430169 
16  0.617290  0.716300  0.574755  0.463938  0.465211  0.668527  0.641903  0.402183  0.566178  0.516989  0.652087  0.505589  0.479321  0.777100  0.509298  0.392685 0.0  0.418637  0.564620  0.655012  0.486711  0.606533  0.367564  0.495780  0.676449  0.484915  0.590052  0.527795  0.346101  0.592889  0.458949  0.476885  0.407396  0.552749  0.557541  0.448078  0.437522  0.522106  0.623374  0.634367  0.527276  0.729282  0.629612  0.502304  0.575720  0.602105  0.442748  0.522907  0.372653  0.253253  0.457252  0.404332  0.505831  0.523328  0.601217  0.530236  0.395672  0.610147  0.560896  0.611373  0.446784  0.508585  0.612580  0.514090  0.413213  0.607798  0.570826  0.611354  0.446726  0.514800  0.463665  0.631478  0.502146  0.690372  0.502120  0.564774  0.785146  0.673481  0.446425  0.539831  0.528547  0.691660  0.680298  0.473766  0.365611  0.438120  0.454383  0.540179  0.462308  0.368792  0.424819  0.540534  0.702149  0.415180  0.463761  0.597233  0.397483  0.551999  0.538634  0.462186  0.447013  0.511179  0.509941  0.632307  0.577673  0.490375  0.534554  0.581146  0.455638  0.650373  0.496564  0.538365  0.747172  0.325425  0.499085  0.582160  0.521950  0.599619  0.420786  0.556646  0.359704  0.506104  0.685639  0.321387  0.698328  0.637902  0.299556  0.638928  0.410944  0.689484  0.540314  0.496599  0.532130  0.419919  0.509530  0.721210  0.388702  0.476225  0.555972  0.520011  0.528926  0.584912  0.470522  0.513193  0.524825  0.477369 
17  0.620139  0.500368  0.578216  0.561463  0.401235  0.665414  0.645877  0.581503  0.656675  0.517519  0.668933  0.467658  0.552912  0.676192  0.718311  0.524884  0.418637 0.0  0.601946  0.710275  0.435397  0.680762  0.368764  0.411523  0.696877  0.601069  0.566655  0.525825  0.509226  0.495489  0.464447  0.588039  0.579133  0.532717  0.557844  0.413494  0.442912  0.438665  0.544124  0.627479  0.556299  0.743098  0.545238  0.598470  0.626425  0.555548  0.442860  0.645571  0.403547  0.404641  0.574143  0.554792  0.713719  0.506322  0.677403  0.592197  0.434013  0.671987  0.580593  0.609884  0.611491  0.653372  0.455198  0.513589  0.534259  0.574091  0.628360  0.438133  0.437606  0.478654  0.502065  0.648092  0.525494  0.700896  0.488302  0.649468  0.676269  0.698409  0.441901  0.558555  0.611540  0.750478  0.631137  0.602322  0.444201  0.586962  0.515819  0.656036  0.531274  0.583006  0.368934  0.518256  0.759119  0.468419  0.709962  0.588892  0.557268  0.660727  0.520702  0.501921  0.546911  0.538813  0.496226  0.582076  0.477915  0.564234  0.508146  0.524312  0.626858  0.450116  0.542941  0.495220  0.576653  0.504022  0.436434  0.406694  0.418300  0.606170  0.534872  0.552814  0.542026  0.388455  0.486928  0.321574  0.619795  0.475352  0.387100  0.545151  0.458281  0.462728  0.621588  0.622353  0.459245  0.332917  0.508825  0.541695  0.507867  0.524241  0.589665  0.522549  0.548145  0.620243  0.581129  0.455783  0.641052  0.502772 
18  0.471115  0.848420  0.660114  0.335230  0.542065  0.420332  0.557987  0.472848  0.498349  0.709318  0.641434  0.646562  0.495074  0.563653  0.280649  0.705202  0.564620  0.601946 0.0  0.572595  0.668347  0.523905  0.642170  0.735841  0.399161  0.577275  0.339114  0.560994  0.671512  0.664131  0.633741  0.649589  0.534307  0.718908  0.759828  0.425937  0.833296  0.729095  0.738641  0.698807  0.765138  0.445755  0.378515  0.502332  0.791824  0.456333  0.659580  0.357798  0.656485  0.689359  0.468678  0.673539  0.343301  0.561058  0.657865  0.525267  0.514231  0.366594  0.622812  0.642962  0.241853  0.549776  0.650152  0.639325  0.510184  0.269257  0.424574  0.655674  0.578710  0.485943  0.490203  0.647982  0.598036  0.367826  0.788085  0.350484  0.726247  0.685463  0.465925  0.766635  0.628229  0.593228  0.575577  0.622406  0.525220  0.510266  0.588240  0.571976  0.645980  0.537155  0.692068  0.684836  0.280812  0.714379  0.355784  0.567367  0.567840  0.768567  0.638136  0.619989  0.535524  0.670069  0.790866  0.564007  0.625711  0.557504  0.484127  0.559940  0.439194  0.786988  0.680957  0.638544  0.808367  0.595296  0.569709  0.627461  0.594719  0.302623  0.730966  0.693235  0.633161  0.594668  0.671165  0.620022  0.493512  0.453896  0.769404  0.511450  0.685717  0.708093  0.607961  0.563716  0.548555  0.539837  0.553277  0.588868  0.604853  0.563853  0.653409  0.717806  0.551273  0.776961  0.643313  0.695938  0.746881  0.630915 
19  0.437006  0.783404  0.690566  0.511168  0.553496  0.616887  0.470079  0.558877  0.511357  0.537724  0.586388  0.514786  0.654887  0.643997  0.482739  0.718625  0.655012  0.710275  0.572595 0.0  0.542807  0.600487  0.500813  0.617587  0.566812  0.582982  0.511744  0.601745  0.603706  0.663112  0.506549  0.677405  0.651849  0.574810  0.794590  0.633763  0.614741  0.561545  0.515398  0.641168  0.654592  0.590555  0.493976  0.500728  0.767506  0.520728  0.687350  0.510127  0.518257  0.626020  0.569911  0.701759  0.551664  0.514813  0.460702  0.567447  0.635054  0.693154  0.605046  0.629592  0.487599  0.680744  0.687188  0.538552  0.580792  0.432096  0.560095  0.592250  0.555185  0.484343  0.530684  0.683687  0.539834  0.519431  0.575392  0.499138  0.567532  0.589419  0.590985  0.701594  0.600131  0.504022  0.601283  0.540868  0.507717  0.575569  0.646120  0.573602  0.560140  0.467852  0.651116  0.674572  0.544297  0.771253  0.523226  0.534993  0.480281  0.739615  0.597078  0.517281  0.568706  0.561502  0.603525  0.575396  0.673947  0.575736  0.502365  0.705431  0.423661  0.796772  0.628625  0.573584  0.552821  0.436776  0.663093  0.559682  0.693421  0.604477  0.586887  0.749689  0.617244  0.480311  0.574985  0.581790  0.566299  0.655303  0.548647  0.594284  0.467403  0.733525  0.599844  0.529284  0.496810  0.442328  0.634278  0.640135  0.560239  0.437329  0.630596  0.509646  0.505332  0.697953  0.594598  0.631369  0.719961  0.645130 
20  0.674810  0.549626  0.599524  0.591205  0.492767  0.829304  0.625637  0.401493  0.683883  0.579113  0.652904  0.382904  0.584839  0.660710  0.661553  0.415849  0.486711  0.435397  0.668347  0.542807 0.0  0.617885  0.314520  0.515253  0.516573  0.574396  0.520621  0.621805  0.371998  0.428166  0.445978  0.651461  0.443722  0.549605  0.620412  0.370419  0.264548  0.390201  0.647056  0.672612  0.338635  0.775570  0.705903  0.584115  0.579524  0.794839  0.361660  0.717357  0.415206  0.345084  0.609972  0.497863  0.778208  0.674280  0.615664  0.544468  0.419856  0.555321  0.562195  0.633712  0.597576  0.541103  0.404448  0.519191  0.439365  0.677839  0.625910  0.360717  0.475380  0.495108  0.472273  0.640408  0.310859  0.640349  0.414685  0.649666  0.645397  0.728266  0.430697  0.503933  0.513223  0.675749  0.513468  0.499898  0.399606  0.439353  0.504142  0.462517  0.559835  0.460806  0.516758  0.404273  0.692794  0.514633  0.499708  0.666042  0.418219  0.468669  0.429330  0.506016  0.439304  0.507882  0.527139  0.522494  0.475335  0.554054  0.602105  0.567939  0.449231  0.544114  0.393400  0.651316  0.709607  0.449063  0.544929  0.435374  0.481094  0.544062  0.387991  0.647546  0.392584  0.485983  0.648162  0.363963  0.625854  0.559932  0.291322  0.516481  0.472338  0.566713  0.331341  0.554891  0.556130  0.250390  0.534421  0.612179  0.467499  0.359210  0.549240  0.435707  0.437718  0.584945  0.522389  0.384965  0.461041  0.437842 
21  0.568048  0.554945  0.729230  0.557290  0.620094  0.762158  0.619868  0.505562  0.729757  0.632638  0.634365  0.663675  0.592715  0.642097  0.712549  0.543830  0.606533  0.680762  0.523905  0.600487  0.617885 0.0  0.649950  0.672962  0.668073  0.632096  0.603619  0.616708  0.638536  0.698063  0.552140  0.729201  0.491901  0.667473  0.539027  0.727751  0.469252  0.674075  0.627282  0.643764  0.447605  0.670092  0.705694  0.613973  0.609046  0.467678  0.529642  0.628141  0.690648  0.529709  0.591352  0.673473  0.741057  0.577882  0.647747  0.536413  0.615387  0.684705  0.676548  0.651692  0.510371  0.630526  0.571457  0.555680  0.578531  0.585874  0.632635  0.589488  0.496806  0.372356  0.762414  0.695760  0.705676  0.664633  0.547158  0.661430  0.657788  0.785235  0.495153  0.676338  0.667513  0.454713  0.616826  0.601774  0.583165  0.454329  0.668283  0.648765  0.597938  0.590583  0.629806  0.474069  0.571000  0.490974  0.638651  0.620763  0.592852  0.738923  0.585339  0.502925  0.690238  0.580927  0.613619  0.582636  0.507958  0.571922  0.499872  0.578955  0.542642  0.442986  0.570541  0.697193  0.741177  0.605333  0.651640  0.605682  0.529731  0.593808  0.615750  0.509496  0.610559  0.723621  0.658675  0.602944  0.617886  0.564414  0.696780  0.601611  0.699123  0.579019  0.522574  0.609617  0.644419  0.754990  0.672367  0.668018  0.654524  0.765780  0.678459  0.646345  0.627388  0.630145  0.519195  0.760328  0.694710  0.636062 
22  0.669145  0.513171  0.593467  0.477483  0.597899  0.674637  0.410683  0.344602  0.660706  0.442238  0.691830  0.370554  0.484339  0.796622  0.628916  0.432723  0.367564  0.368764  0.642170  0.500813  0.314520  0.649950 0.0  0.347860  0.546873  0.554655  0.476130  0.455549  0.341797  0.499303  0.447338  0.707382  0.508513  0.431717  0.687965  0.393690  0.322232  0.386683  0.686858  0.579549  0.558806  0.773354  0.661275  0.616929  0.517517  0.658905  0.445349  0.635852  0.181097  0.267700  0.561272  0.526076  0.591420  0.555662  0.562265  0.536267  0.327374  0.734546  0.398112  0.587487  0.422257  0.495443  0.258878  0.461587  0.433485  0.505646  0.619745  0.356234  0.431309  0.445343  0.604719  0.617579  0.404208  0.574753  0.447528  0.625131  0.686790  0.665452  0.370142  0.569186  0.597166  0.504290  0.486391  0.607237  0.422361  0.422728  0.541819  0.500521  0.385402  0.383094  0.475273  0.557217  0.679124  0.678820  0.498164  0.665466  0.543529  0.493688  0.459738  0.488732  0.435525  0.473085  0.374562  0.422098  0.535195  0.601378  0.564274  0.540519  0.589788  0.558923  0.327555  0.696702  0.736966  0.381546  0.464134  0.547168  0.310205  0.769711  0.583218  0.587209  0.529850  0.462894  0.530196  0.429084  0.783942  0.477352  0.237061  0.629422  0.416790  0.442372  0.459761  0.369733  0.408540  0.335145  0.671730  0.572289  0.403226  0.482077  0.502187  0.372916  0.511890  0.688652  0.477497  0.317950  0.608081  0.319207 
23  0.849733  0.270290  0.482922  0.738128  0.556356  0.801503  0.715207  0.681517  0.730172  0.518985  0.599070  0.522687  0.574414  0.726974  0.706864  0.458892  0.495780  0.411523  0.735841  0.617587  0.515253  0.672962  0.347860 0.0  0.640632  0.681431  0.728130  0.682529  0.503474  0.701931  0.440086  0.849622  0.602263  0.352796  0.467019  0.428347  0.302665  0.576289  0.640240  0.575603  0.594380  0.837945  0.846138  0.689868  0.455330  0.699866  0.349410  0.849198  0.471488  0.468861  0.653870  0.438978  0.752653  0.579597  0.689634  0.777713  0.389117  0.817357  0.506587  0.671158  0.620631  0.618229  0.586206  0.608934  0.585798  0.767744  0.726195  0.332449  0.551803  0.696810  0.723669  0.797551  0.541012  0.757434  0.474375  0.728714  0.877768  0.691648  0.284743  0.414811  0.722046  0.742923  0.689426  0.496763  0.600312  0.582484  0.746696  0.668269  0.547011  0.552931  0.424724  0.512217  0.771468  0.457474  0.769845  0.753045  0.604396  0.551399  0.493907  0.735560  0.501926  0.592025  0.473722  0.562403  0.422290  0.672344  0.732530  0.524418  0.749284  0.474708  0.504446  0.511065  0.754210  0.622987  0.488228  0.694749  0.400045  0.804589  0.535932  0.468869  0.462180  0.621119  0.509646  0.364583  0.830892  0.685141  0.452884  0.671405  0.402316  0.385416  0.575458  0.390997  0.650704  0.454209  0.702005  0.701897  0.477297  0.644590  0.654726  0.741693  0.790194  0.630287  0.319674  0.532278  0.542624  0.301915 
24  0.611503  0.760886  0.778463  0.398987  0.573162  0.459561  0.638868  0.513522  0.254907  0.683091  0.629852  0.623067  0.616231  0.718072  0.482111  0.725804  0.676449  0.696877  0.399161  0.566812  0.516573  0.668073  0.546873  0.640632 0.0  0.605732  0.564131  0.695321  0.497449  0.649445  0.569011  0.728557  0.664935  0.640887  0.700161  0.704120  0.592638  0.728524  0.584279  0.676248  0.816227  0.515388  0.369909  0.421511  0.797970  0.436249  0.728451  0.461865  0.601300  0.675482  0.372361  0.677806  0.420355  0.449039  0.651579  0.378932  0.619466  0.509431  0.563921  0.651221  0.396165  0.575202  0.667417  0.613587  0.490109  0.392208  0.365182  0.751306  0.752823  0.582052  0.629576  0.644113  0.565524  0.534855  0.679545  0.421496  0.617729  0.636553  0.678070  0.796033  0.725580  0.479597  0.561403  0.697388  0.587364  0.689882  0.836313  0.588336  0.703318  0.641071  0.633575  0.798650  0.387620  0.697734  0.379245  0.661515  0.649278  0.875993  0.665151  0.736737  0.609651  0.568680  0.720609  0.554438  0.661825  0.635423  0.689175  0.758242  0.407310  0.709925  0.740639  0.524147  0.701612  0.558363  0.664048  0.612868  0.616778  0.592001  0.708188  0.654444  0.609691  0.645553  0.618572  0.656678  0.727754  0.738587  0.577602  0.495133  0.630827  0.691554  0.710123  0.591099  0.620717  0.598602  0.786187  0.660708  0.694953  0.783464  0.634526  0.588027  0.624100  0.756811  0.590058  0.665217  0.757674  0.631800 
25  0.586758  0.720894  0.693125  0.694447  0.608917  0.614500  0.564375  0.674587  0.687810  0.569287  0.704732  0.636012  0.588643  0.610000  0.588008  0.665416  0.484915  0.601069  0.577275  0.582982  0.574396  0.632096  0.554655  0.681431  0.605732 0.0  0.514257  0.613477  0.617475  0.637349  0.501549  0.655719  0.513533  0.636487  0.653432  0.631259  0.617591  0.596045  0.594770  0.731004  0.626345  0.693157  0.630165  0.559988  0.590511  0.446804  0.660510  0.635558  0.526576  0.604412  0.606303  0.563777  0.661607  0.534953  0.585326  0.546864  0.595413  0.652268  0.666604  0.728798  0.602342  0.525156  0.521215  0.565713  0.617107  0.593646  0.522586  0.687268  0.542620  0.524509  0.537494  0.635355  0.673452  0.622745  0.605911  0.576581  0.710968  0.694612  0.582509  0.704080  0.681159  0.591451  0.613709  0.726292  0.634855  0.546401  0.711625  0.578203  0.602028  0.544665  0.683316  0.704628  0.602711  0.590289  0.693938  0.558143  0.628417  0.605887  0.633491  0.592980  0.637851  0.721292  0.532499  0.589549  0.497011  0.683102  0.506956  0.574821  0.607571  0.628588  0.600650  0.693656  0.737117  0.619560  0.640581  0.660692  0.536181  0.720129  0.558635  0.681963  0.706171  0.655660  0.698240  0.551083  0.631864  0.634128  0.566630  0.611532  0.627659  0.697187  0.520588  0.552965  0.574563  0.557123  0.594111  0.571863  0.502611  0.674471  0.573932  0.621182  0.559653  0.605026  0.666078  0.683631  0.743369  0.629377 
26  0.498856  0.747141  0.772739  0.361485  0.638715  0.537814  0.566446  0.178989  0.567419  0.633834  0.618729  0.566352  0.447956  0.606946  0.473044  0.537868  0.590052  0.566655  0.339114  0.511744  0.520621  0.603619  0.476130  0.728130  0.564131  0.514257 0.0  0.618699  0.648491  0.564679  0.611467  0.677910  0.376736  0.542426  0.717570  0.464460  0.660967  0.700345  0.716846  0.666083  0.678394  0.594810  0.723338  0.561882  0.809333  0.589373  0.601664  0.667505  0.576943  0.557584  0.397598  0.619448  0.484188  0.339630  0.550019  0.591586  0.562607  0.458442  0.641044  0.437199  0.385909  0.267310  0.567865  0.681202  0.569805  0.632522  0.676243  0.850337  0.474861  0.447187  0.468129  0.587061  0.646296  0.662792  0.679860  0.476730  0.549543  0.698276  0.662281  0.745396  0.400222  0.706401  0.452655  0.609644  0.567627  0.613718  0.561171  0.529330  0.568689  0.506856  0.683256  0.687931  0.555079  0.635958  0.537465  0.555949  0.489915  0.714291  0.532052  0.615780  0.436978  0.323903  0.534209  0.332581  0.543786  0.465345  0.496649  0.599004  0.587682  0.625408  0.560191  0.599229  0.713257  0.423841  0.831080  0.536313  0.564120  0.614594  0.556080  0.857042  0.754953  0.570948  0.742326  0.716631  0.617998  0.312711  0.553886  0.633903  0.589352  0.701503  0.475416  0.390138  0.559879  0.561736  0.744502  0.498427  0.493004  0.564030  0.571526  0.711318  0.367947  0.682437  0.563833  0.518198  0.813346  0.582819 
