146
0 0.0  0.812606  0.955626  0.519501  0.637920  0.547194  0.496317  0.558469  0.582984  0.563283  0.649181  0.644624  0.534055  0.545081  0.459978  0.622386  0.645807  0.611147  0.485386  0.464326  0.618526  0.636038  0.556068  0.788158  0.589650  0.597138  0.420797  0.524301  0.709752  0.626418  0.676037  0.651359  0.614330  0.770222  0.664445  0.512083  0.691724  0.617749  0.557349  0.743971  0.734731  0.518770  0.534262  0.561124  0.600822  0.594595  0.599742  0.600709  0.590119  0.574586  0.511761  0.588839  0.440183  0.569909  0.409793  0.526132  0.565347  0.488574  0.493343  0.573140  0.517612  0.518065  0.723974  0.680330  0.586301  0.576018  0.554949  0.619041  0.605597  0.541894  0.564931  0.584536  0.617002  0.526541  0.710643  0.486925  0.615967  0.641988  0.766142  0.640052  0.521561  0.494241  0.615307  0.721047  0.606766  0.627493  0.684007  0.611005  0.669084  0.476988  0.666877  0.741205  0.489010  0.630594  0.428326  0.396900  0.449371  0.663816  0.603966  0.508006  0.617845  0.511481  0.634979  0.581837  0.587645  0.495431  0.486470  0.626871  0.618247  0.630086  0.665274  0.636931  0.665623  0.602488  0.559865  0.557526  0.672343  0.443526  0.694202  0.812374  0.551809  0.586856  0.548244  0.690870  0.456170  0.547096  0.636192  0.495073  0.626869  0.723515  0.666088  0.575858  0.429012  0.594696  0.698663  0.514417  0.596529  0.574093  0.608113  0.715432  0.473374  0.646141  0.521899  0.564907  0.677331  0.607026 
1  0.812606 0.0  0.470663  0.778842  0.768271  0.752686  0.684605  0.668887  0.790652  0.451157  0.640875  0.573428  0.569305  0.696180  0.759171  0.544977  0.520965  0.548019  1.000000  0.636725  0.463288  0.590830  0.495221  0.417830  0.694046  0.648659  0.646429  0.636698  0.418176  0.617460  0.611057  0.750868  0.551591  0.450026  0.469070  0.490957  0.417822  0.560721  0.587511  0.581232  0.518780  0.859218  0.883452  0.882236  0.425180  0.849705  0.407199  0.746117  0.613801  0.545965  0.715079  0.663879  0.746349  0.829369  0.737189  0.503274  0.565323  0.757325  0.660313  0.641213  0.701469  0.584318  0.527166  0.710110  0.625624  0.758532  0.764413  0.403307  0.596228  0.654714  0.729901  0.560422  0.506448  0.675939  0.484796  0.745041  0.631196  0.761233  0.496156  0.452507  0.717046  0.775386  0.609373  0.425604  0.592703  0.509852  0.629399  0.680564  0.454716  0.487409  0.541440  0.503467  0.947958  0.525447  0.856777  0.764524  0.806269  0.397541  0.682910  0.619163  0.577149  0.652478  0.471612  0.708422  0.582825  0.749672  0.696551  0.552754  0.785579  0.526030  0.490926  0.647833  0.770829  0.636339  0.420711  0.861290  0.551469  0.941920  0.647378  0.562260  0.588002  0.584225  0.646770  0.486911  0.939914  0.599577  0.623145  0.705296  0.431706  0.505927  0.653331  0.560553  0.688428  0.600781  0.636384  0.709594  0.582447  0.590756  0.583241  0.604020  0.753622  0.621226  0.608205  0.653908  0.535176  0.555976 
2  0.955626  0.470663 0.0  0.700084  0.633150  0.810610  0.661000  0.828709  0.703362  0.558594  0.677421  0.437351  0.615921  0.633429  0.761487  0.618234  0.603213  0.503246  0.647462  0.683516  0.582732  0.593249  0.535310  0.462763  0.638993  0.610031  0.870938  0.668531  0.625829  0.547932  0.509321  0.738920  0.652576  0.489771  0.474427  0.656611  0.455186  0.632701  0.590684  0.607666  0.677167  0.741600  0.730443  0.783409  0.364946  0.720921  0.471002  0.873174  0.550950  0.631942  0.618993  0.555458  0.893378  0.784438  0.660383  0.755704  0.502657  0.664076  0.581956  0.677890  0.779298  0.705886  0.602552  0.549378  0.475771  0.709448  0.717256  0.412509  0.576386  0.680727  0.698904  0.703913  0.662942  0.897233  0.542941  0.742379  0.691720  0.719755  0.497155  0.469099  0.764295  0.653637  0.567942  0.585287  0.520908  0.519628  0.821914  0.583877  0.600346  0.718774  0.520392  0.501112  0.768852  0.582852  0.765734  0.717514  0.768452  0.531145  0.684997  0.708004  0.525425  0.704364  0.602017  0.687708  0.464586  0.694454  0.730902  0.589702  0.650004  0.467031  0.463310  0.731999  0.595429  0.594990  0.554756  0.695259  0.589222  0.865312  0.483688  0.320665  0.547620  0.501210  0.587589  0.470472  0.751997  0.738217  0.557517  0.731890  0.508667  0.643242  0.654653  0.574647  0.576788  0.614392  0.577218  0.622116  0.523089  0.636181  0.686900  0.608933  0.756051  0.579574  0.647999  0.599105  0.427630  0.535822 
3  0.519501  0.778842  0.700084 0.0  0.549361  0.470748  0.475998  0.404193  0.498482  0.564846  0.605960  0.625603  0.594705  0.563003  0.323670  0.541746  0.603363  0.622822  0.273884  0.476941  0.422080  0.572288  0.570310  0.615707  0.401077  0.477122  0.411405  0.618171  0.601216  0.719141  0.704589  0.640722  0.511504  0.599306  0.691531  0.492646  0.692168  0.853626  0.753452  0.504160  0.766035  0.400544  0.421574  0.377902  0.623297  0.398912  0.493574  0.332092  0.577200  0.485056  0.406975  0.618219  0.312497  0.546720  0.598182  0.426466  0.577114  0.320528  0.634062  0.594112  0.266295  0.468354  0.596561  0.620767  0.588204  0.337310  0.451942  0.652559  0.603123  0.490328  0.528290  0.577799  0.558965  0.452309  0.629819  0.399575  0.734608  0.686321  0.463907  0.599271  0.444990  0.512147  0.560693  0.658874  0.512213  0.544661  0.691625  0.637357  0.756650  0.408893  0.665691  0.527025  0.367255  0.760092  0.322437  0.555696  0.425264  0.723262  0.487698  0.465439  0.550439  0.454282  0.613246  0.521709  0.581771  0.562186  0.491414  0.590206  0.356303  0.566648  0.578490  0.635026  0.885644  0.475030  0.584998  0.580344  0.701251  0.336643  0.576427  0.634405  0.626309  0.588995  0.594563  0.638501  0.456931  0.457263  0.591926  0.428271  0.643093  0.696481  0.617989  0.554991  0.521706  0.548890  0.747393  0.594221  0.492201  0.547382  0.617715  0.743772  0.452815  0.669179  0.515868  0.486151  0.611430  0.503359 
4  0.637920  0.768271  0.633150  0.549361 0.0  0.534136  0.567987  0.686109  0.462498  0.502681  0.566999  0.495051  0.637812  0.706259  0.598619  0.610878  0.400066  0.456856  0.552164  0.519786  0.506332  0.575035  0.469688  0.557984  0.554495  0.669156  0.552926  0.463019  0.556749  0.452257  0.523776  0.453677  0.549038  0.557202  0.673259  0.540624  0.658354  0.492267  0.461520  0.696168  0.577647  0.548025  0.382124  0.482764  0.606362  0.530291  0.581937  0.452975  0.413288  0.492269  0.506435  0.464096  0.582471  0.539606  0.502401  0.545261  0.618905  0.639255  0.572518  0.698868  0.671416  0.659406  0.685503  0.479488  0.636065  0.520500  0.622627  0.581660  0.465786  0.598890  0.553492  0.581347  0.461986  0.550340  0.544741  0.481450  0.598583  0.534544  0.539420  0.581428  0.577985  0.685015  0.500971  0.593810  0.427674  0.499790  0.667584  0.532229  0.576568  0.493247  0.643626  0.551119  0.538532  0.610010  0.497329  0.501708  0.575185  0.642654  0.576587  0.512145  0.437639  0.539218  0.528770  0.462454  0.526967  0.525019  0.551703  0.601826  0.511336  0.549678  0.641103  0.443046  0.381635  0.361456  0.500099  0.400328  0.519632  0.550418  0.648349  0.579703  0.580512  0.369579  0.360387  0.449169  0.541063  0.703396  0.553161  0.448283  0.523435  0.614047  0.436660  0.552737  0.584475  0.430519  0.453039  0.604907  0.458746  0.585124  0.588493  0.656254  0.660192  0.471817  0.521503  0.598449  0.612060  0.595245 
5  0.547194  0.752686  0.810610  0.470748  0.534136 0.0  0.570760  0.628049  0.401431  0.622411  0.656265  0.698377  0.545159  0.602548  0.442530  0.760310  0.546675  0.686123  0.399937  0.460037  0.659120  0.614915  0.611344  0.766758  0.411374  0.572632  0.576607  0.668113  0.629093  0.588430  0.610627  0.563241  0.641242  0.585396  0.704650  0.640571  0.616989  0.538010  0.625479  0.600929  0.687431  0.405974  0.471774  0.399703  0.680054  0.444900  0.804691  0.428354  0.583087  0.690980  0.471292  0.714435  0.384030  0.722392  0.625031  0.492748  0.625790  0.477195  0.599623  0.584495  0.339771  0.600346  0.619955  0.615801  0.745827  0.412678  0.468699  0.642929  0.677563  0.665493  0.716670  0.645202  0.721671  0.406261  0.602629  0.561570  0.694075  0.482377  0.751795  0.723396  0.676624  0.466866  0.620391  0.842119  0.589950  0.675932  0.599275  0.536958  0.666338  0.661583  0.581812  0.660858  0.325141  0.809818  0.379227  0.344054  0.645908  0.650171  0.594686  0.651471  0.585721  0.700347  0.593250  0.521928  0.691935  0.649042  0.658073  0.795295  0.341074  0.755762  0.656705  0.616651  0.739600  0.456866  0.598044  0.609143  0.577519  0.341479  0.694310  0.813448  0.667222  0.658206  0.712445  0.523937  0.618429  0.639421  0.618361  0.597899  0.698015  0.758474  0.669013  0.681480  0.571258  0.549293  0.653323  0.658357  0.673727  0.545520  0.687576  0.651136  0.676721  0.866497  0.644124  0.701201  0.618932  0.621001 
6  0.496317  0.684605  0.661000  0.475998  0.567987  0.570760 0.0  0.503637  0.529162  0.476925  0.547388  0.558979  0.604147  0.601848  0.429277  0.596893  0.486786  0.573534  0.447056  0.542702  0.571627  0.572987  0.495253  0.669257  0.593070  0.489178  0.518496  0.493133  0.514827  0.609340  0.565486  0.567098  0.490140  0.568543  0.639705  0.550698  0.534965  0.594927  0.629682  0.639367  0.602618  0.502942  0.524572  0.454009  0.603531  0.546243  0.600667  0.454515  0.580390  0.605821  0.548295  0.514481  0.530071  0.461129  0.535748  0.472632  0.605150  0.473566  0.535261  0.591266  0.427404  0.497957  0.598537  0.609606  0.525670  0.509068  0.526892  0.677157  0.495541  0.523088  0.525987  0.594817  0.461216  0.458383  0.651007  0.545353  0.633095  0.625169  0.547433  0.606858  0.580866  0.503172  0.509232  0.534372  0.629448  0.637039  0.568405  0.568433  0.527628  0.490051  0.596588  0.591700  0.548345  0.655669  0.477185  0.605290  0.572464  0.671846  0.555974  0.508236  0.580907  0.529468  0.556850  0.502985  0.558745  0.492661  0.523195  0.713670  0.500686  0.688734  0.570657  0.593141  0.569144  0.559048  0.580848  0.518566  0.559503  0.534749  0.618953  0.649603  0.673695  0.584370  0.650077  0.580573  0.594265  0.595235  0.548071  0.555658  0.603363  0.587629  0.536376  0.551337  0.579541  0.598179  0.573107  0.529956  0.563536  0.538169  0.587933  0.599618  0.541912  0.621122  0.584121  0.624946  0.616762  0.478842 
7  0.558469  0.668887  0.828709  0.404193  0.686109  0.628049  0.503637 0.0  0.625045  0.627878  0.570143  0.496525  0.501231  0.684420  0.468250  0.477908  0.455278  0.486557  0.426377  0.441716  0.399668  0.447281  0.393406  0.587373  0.526385  0.603223  0.232619  0.551419  0.444218  0.713333  0.488681  0.581871  0.283856  0.491163  0.747598  0.325369  0.564921  0.579460  0.644312  0.630976  0.554085  0.553815  0.576732  0.563216  0.595706  0.569206  0.514014  0.518099  0.460683  0.455279  0.439024  0.593153  0.479110  0.340749  0.648220  0.408122  0.418389  0.473564  0.553668  0.387671  0.334916  0.319643  0.512954  0.763911  0.410024  0.579672  0.595728  0.626402  0.472255  0.435228  0.523515  0.521264  0.622060  0.598104  0.650875  0.504166  0.514467  0.562786  0.494074  0.609506  0.306612  0.572741  0.431484  0.577329  0.511671  0.480720  0.593532  0.521900  0.650828  0.437194  0.464095  0.603064  0.461604  0.561708  0.467771  0.500592  0.488741  0.643857  0.407639  0.479823  0.484507  0.329616  0.448391  0.306412  0.488851  0.620927  0.497840  0.584598  0.525930  0.605572  0.564593  0.660348  0.777997  0.566496  0.537729  0.526252  0.487314  0.433458  0.582593  0.609676  0.498251  0.628666  0.648242  0.524754  0.555137  0.232721  0.497383  0.596267  0.597731  0.538614  0.471201  0.431059  0.413192  0.500227  0.606063  0.499393  0.457531  0.446104  0.490047  0.589095  0.318961  0.641703  0.416311  0.419541  0.627865  0.410163 
8  0.582984  0.790652  0.703362  0.498482  0.462498  0.401431  0.529162  0.625045 0.0  0.536633  0.688144  0.661657  0.555839  0.741231  0.336572  0.682633  0.660697  0.607109  0.444471  0.421767  0.707902  0.533234  0.607964  0.740856  0.360514  0.595413  0.568089  0.528188  0.528244  0.587012  0.577495  0.627826  0.720507  0.602966  0.784540  0.584350  0.670907  0.754119  0.662672  0.581951  0.793708  0.414072  0.363223  0.408739  0.728111  0.333207  0.834972  0.400179  0.504053  0.723072  0.379209  0.667900  0.326789  0.558713  0.505974  0.438462  0.613454  0.540830  0.673493  0.703896  0.393620  0.695751  0.543933  0.698639  0.761419  0.355539  0.401236  0.738564  0.559726  0.666447  0.612571  0.602350  0.602209  0.389062  0.715349  0.465230  0.567377  0.507421  0.541022  0.885326  0.792090  0.543672  0.525256  0.749015  0.655506  0.682688  0.816295  0.572079  0.688741  0.569840  0.707394  0.693879  0.240978  0.738180  0.389867  0.439525  0.586922  0.651407  0.573792  0.694719  0.570497  0.630459  0.672815  0.564460  0.684311  0.646738  0.603460  0.750156  0.280122  0.644039  0.559570  0.556434  0.674162  0.448900  0.801045  0.541506  0.648572  0.488290  0.749995  0.727350  0.603875  0.571941  0.483532  0.629250  0.536073  0.658529  0.659461  0.496298  0.601616  0.905747  0.652583  0.623142  0.559177  0.418524  0.632853  0.533073  0.584896  0.734317  0.535086  0.564134  0.735535  0.653153  0.687252  0.719971  0.803826  0.672543 
9  0.563283  0.451157  0.558594  0.564846  0.502681  0.622411  0.476925  0.627878  0.536633 0.0  0.656955  0.435666  0.598733  0.720648  0.716600  0.422118  0.334540  0.530241  0.602772  0.427027  0.417908  0.554069  0.386731  0.565192  0.592908  0.512143  0.476772  0.493103  0.340676  0.478501  0.379609  0.622516  0.469636  0.480091  0.596574  0.452798  0.568831  0.555233  0.603074  0.698731  0.558580  0.638626  0.538084  0.589950  0.532722  0.470915  0.543581  0.512909  0.325270  0.393941  0.515695  0.494162  0.502031  0.570677  0.628185  0.554655  0.490734  0.528090  0.532540  0.536131  0.517071  0.676361  0.415550  0.467650  0.514800  0.738435  0.575513  0.546075  0.408360  0.463431  0.485788  0.616654  0.484316  0.607649  0.529040  0.606748  0.643442  0.558991  0.403742  0.588988  0.741856  0.585861  0.494501  0.478424  0.480604  0.404782  0.532107  0.364837  0.380270  0.441434  0.499431  0.592566  0.602552  0.506486  0.587133  0.570369  0.525647  0.465100  0.534607  0.470402  0.423458  0.456140  0.468242  0.535209  0.473464  0.541377  0.563873  0.437245  0.430323  0.577002  0.421589  0.427856  0.602776  0.364166  0.435783  0.558849  0.421485  0.692690  0.516173  0.572925  0.513763  0.454846  0.441511  0.464673  0.650326  0.603311  0.409265  0.562290  0.523534  0.578689  0.397619  0.566975  0.712185  0.376140  0.506740  0.525257  0.507509  0.449180  0.586801  0.460030  0.611903  0.598182  0.487741  0.593863  0.563325  0.504711 
10  0.649181  0.640875  0.677421  0.605960  0.566999  0.656265  0.547388  0.570143  0.688144  0.656955 0.0  0.622950  0.645499  0.585731  0.588065  0.574582  0.597924  0.595755  0.592890  0.622907  0.587276  0.565278  0.583077  0.624436  0.604155  0.527615  0.647081  0.530042  0.605367  0.579645  0.533221  0.563575  0.605125  0.609452  0.730196  0.599291  0.627571  0.649016  0.545851  0.594392  0.588722  0.530325  0.527394  0.667059  0.640844  0.621764  0.651927  0.596021  0.613878  0.638109  0.612438  0.654802  0.558168  0.533753  0.483272  0.520126  0.688179  0.618799  0.600585  0.594061  0.572480  0.635221  0.672762  0.585738  0.761344  0.595030  0.572022  0.571230  0.569051  0.589050  0.673168  0.566157  0.576113  0.588104  0.584002  0.580902  0.505217  0.680156  0.605566  0.597630  0.599280  0.692334  0.555278  0.699372  0.480786  0.679083  0.688287  0.691272  0.555217  0.616543  0.676176  0.662533  0.573006  0.593406  0.589876  0.504058  0.627840  0.637814  0.559723  0.587430  0.639942  0.653998  0.657484  0.682686  0.553160  0.607776  0.566535  0.566216  0.588153  0.607675  0.591362  0.578645  0.548133  0.556078  0.649818  0.598852  0.624818  0.533154  0.667216  0.646773  0.659896  0.566898  0.546591  0.627519  0.532939  0.612478  0.605258  0.598260  0.697971  0.609698  0.597495  0.624640  0.611604  0.662939  0.638799  0.516334  0.686222  0.487198  0.552535  0.692475  0.681157  0.438045  0.580572  0.637487  0.545945  0.595909 
11  0.644624  0.573428  0.437351  0.625603  0.495051  0.698377  0.558979  0.496525  0.661657  0.435666  0.622950 0.0  0.527688  0.646614  0.599752  0.448719  0.377593  0.448255  0.520618  0.581201  0.378345  0.582688  0.365638  0.440813  0.585125  0.613648  0.518570  0.521257  0.210701  0.505092  0.302110  0.694086  0.414600  0.338286  0.533193  0.384529  0.338676  0.438734  0.628180  0.614143  0.410698  0.653157  0.652344  0.582308  0.476482  0.513499  0.354918  0.685937  0.287199  0.424117  0.531278  0.371475  0.691830  0.503672  0.608941  0.535599  0.347203  0.620513  0.395333  0.524061  0.516504  0.498661  0.304468  0.481874  0.373492  0.631821  0.518449  0.429719  0.414769  0.465353  0.500524  0.625214  0.466836  0.654653  0.439433  0.597285  0.713951  0.501985  0.267425  0.442692  0.641752  0.602978  0.460942  0.383274  0.405712  0.323906  0.534188  0.450770  0.421558  0.488667  0.334613  0.424163  0.732642  0.405216  0.702631  0.629119  0.449855  0.518814  0.463921  0.516884  0.339119  0.443479  0.389972  0.492438  0.382073  0.589438  0.532951  0.419818  0.494030  0.463505  0.250188  0.566546  0.550331  0.372876  0.447670  0.625370  0.298231  0.670892  0.430579  0.535573  0.402925  0.373782  0.609481  0.420614  0.668009  0.401873  0.204931  0.586002  0.360841  0.417366  0.475037  0.403694  0.536361  0.368223  0.592841  0.650691  0.376824  0.382660  0.592959  0.332144  0.516206  0.540681  0.432609  0.277939  0.402933  0.358218 
12  0.534055  0.569305  0.615921  0.594705  0.637812  0.545159  0.604147  0.501231  0.555839  0.598733  0.645499  0.527688 0.0  0.585365  0.493727  0.595826  0.466765  0.567379  0.454257  0.518660  0.439259  0.533952  0.537382  0.555589  0.539545  0.562122  0.545636  0.479877  0.476131  0.684142  0.549180  0.581259  0.441217  0.615610  0.580429  0.492841  0.508436  0.459867  0.727669  0.607343  0.514642  0.568820  0.634207  0.561373  0.576785  0.572306  0.416313  0.577384  0.534653  0.600951  0.548658  0.504534  0.682054  0.521627  0.544178  0.513064  0.544287  0.631899  0.463903  0.583665  0.494927  0.528088  0.497697  0.559956  0.610847  0.504099  0.623842  0.621033  0.545285  0.409930  0.607338  0.698978  0.552676  0.607501  0.559117  0.576109  0.729644  0.648905  0.522554  0.570095  0.585413  0.607655  0.473180  0.524385  0.541072  0.525650  0.458525  0.562891  0.509544  0.594054  0.552833  0.619312  0.488195  0.551072  0.510343  0.574068  0.476491  0.631326  0.539022  0.443955  0.597229  0.501052  0.508083  0.441813  0.501745  0.469136  0.568460  0.565461  0.534160  0.609668  0.479172  0.583282  0.625936  0.543365  0.544673  0.627144  0.484706  0.460004  0.523032  0.642712  0.616995  0.679918  0.696040  0.492877  0.602067  0.512070  0.543867  0.513928  0.513198  0.599472  0.492121  0.545534  0.472262  0.615506  0.520874  0.573549  0.527033  0.585407  0.575718  0.556956  0.500548  0.585817  0.520636  0.560131  0.692986  0.583501 
13  0.545081  0.696180  0.633429  0.563003  0.706259  0.602548  0.601848  0.684420  0.741231  0.720648  0.585731  0.646614  0.585365 0.0  0.508191  0.654508  0.558965  0.629294  0.662471  0.579557  0.663536  0.631089  0.709512  0.639026  0.791144  0.553237  0.620518  0.574405  0.679036  0.691128  0.644918  0.601407  0.550763  0.645618  0.527261  0.645342  0.667978  0.606356  0.547099  0.614937  0.611376  0.574214  0.612245  0.644163  0.575110  0.545072  0.621695  0.665639  0.665659  0.573077  0.591865  0.642174  0.631361  0.709292  0.619063  0.660846  0.589495  0.638307  0.590377  0.645296  0.591076  0.588200  0.664434  0.744529  0.650097  0.634157  0.625135  0.575791  0.522420  0.598742  0.563542  0.531108  0.694181  0.740465  0.591023  0.533941  0.650386  0.671100  0.710679  0.456700  0.538382  0.718326  0.542304  0.576708  0.613885  0.677951  0.599893  0.592144  0.719376  0.593635  0.732052  0.573704  0.629693  0.642906  0.612900  0.517784  0.607422  0.574787  0.519052  0.543553  0.571983  0.559380  0.764936  0.679890  0.653896  0.652196  0.634722  0.626334  0.663744  0.712833  0.676964  0.664934  0.670762  0.734890  0.695080  0.605949  0.698675  0.561656  0.560169  0.658733  0.777159  0.638196  0.552269  0.685280  0.580967  0.536243  0.670006  0.575700  0.578958  0.658566  0.575048  0.591780  0.582370  0.654930  0.710553  0.549888  0.529492  0.508983  0.597119  0.544969  0.663032  0.516692  0.584567  0.620233  0.540604  0.574115 
14  0.459978  0.759171  0.761487  0.323670  0.598619  0.442530  0.429277  0.468250  0.336572  0.716600  0.588065  0.599752  0.493727  0.508191 0.0  0.646747  0.569517  0.638461  0.341511  0.467243  0.601394  0.536586  0.532595  0.724827  0.422460  0.566604  0.460310  0.643309  0.646639  0.610780  0.655468  0.487166  0.552658  0.580767  0.749315  0.500632  0.629309  0.701010  0.635949  0.622674  0.725656  0.360151  0.483102  0.435648  0.705489  0.419558  0.818275  0.341223  0.509432  0.681268  0.447419  0.701417  0.333899  0.603677  0.492958  0.564079  0.450811  0.351122  0.599189  0.680804  0.255264  0.503827  0.663859  0.652517  0.559965  0.371430  0.415806  0.630086  0.594461  0.516817  0.523414  0.574504  0.516880  0.465995  0.676177  0.414904  0.695309  0.616103  0.706700  0.739471  0.616263  0.470023  0.508559  0.541212  0.555497  0.485397  0.638985  0.629894  0.713400  0.540710  0.635269  0.585474  0.276278  0.698528  0.407332  0.360335  0.485491  0.572572  0.450445  0.550340  0.539919  0.571637  0.647553  0.620360  0.484281  0.493575  0.547965  0.698422  0.277150  0.715364  0.617887  0.651729  0.775764  0.518925  0.738603  0.529989  0.736838  0.327930  0.621004  0.831317  0.560570  0.551154  0.530952  0.534698  0.463009  0.392428  0.622111  0.522050  0.487834  0.705501  0.651282  0.552606  0.478164  0.682968  0.727132  0.523509  0.479621  0.560181  0.568617  0.739246  0.574388  0.784456  0.520291  0.614340  0.667140  0.605723 
15  0.622386  0.544977  0.618234  0.541746  0.610878  0.760310  0.596893  0.477908  0.682633  0.422118  0.574582  0.448719  0.595826  0.654508  0.646747 0.0  0.436306  0.592423  0.544733  0.617394  0.353061  0.501448  0.467177  0.389512  0.658947  0.596365  0.628134  0.644455  0.488465  0.541988  0.492276  0.436365  0.603576  0.461174  0.570841  0.463368  0.497797  0.602973  0.534661  0.610078  0.588735  0.542664  0.755490  0.632526  0.550430  0.632064  0.420964  0.580576  0.399318  0.446951  0.525087  0.471669  0.582351  0.544969  0.676167  0.513857  0.536188  0.757719  0.760342  0.520499  0.504819  0.569142  0.383093  0.471491  0.506647  0.591729  0.685338  0.455760  0.449205  0.593143  0.594296  0.575221  0.485769  0.574890  0.647702  0.589170  0.654283  0.665456  0.414193  0.438569  0.555035  0.648786  0.581212  0.507659  0.413885  0.513004  0.566660  0.460723  0.623731  0.473628  0.463843  0.526125  0.700144  0.436432  0.716361  0.648361  0.491267  0.578303  0.528815  0.497583  0.396366  0.576431  0.526508  0.600062  0.518811  0.653133  0.545781  0.677189  0.682095  0.485000  0.529250  0.502952  0.432409  0.442254  0.491304  0.437116  0.498729  0.595964  0.629411  0.490039  0.525370  0.517300  0.430015  0.406752  0.634608  0.647544  0.432291  0.559640  0.516418  0.508011  0.430702  0.498745  0.566846  0.459211  0.450331  0.577764  0.495697  0.561161  0.528084  0.614568  0.570647  0.512484  0.491111  0.522859  0.543044  0.426305 
16  0.645807  0.520965  0.603213  0.603363  0.400066  0.546675  0.486786  0.455278  0.660697  0.334540  0.597924  0.377593  0.466765  0.558965  0.569517  0.436306 0.0  0.453927  0.436100  0.472782  0.424913  0.520358  0.386935  0.422200  0.600573  0.525648  0.430527  0.543603  0.317690  0.438444  0.401455  0.493555  0.446559  0.393291  0.611334  0.322650  0.435044  0.470914  0.555250  0.720072  0.535985  0.684579  0.536907  0.542123  0.483518  0.563781  0.384495  0.523024  0.364296  0.343656  0.480243  0.488886  0.656296  0.556157  0.608582  0.487959  0.381236  0.634556  0.503324  0.526333  0.439446  0.453871  0.512928  0.465285  0.454976  0.519321  0.691083  0.494817  0.403398  0.462353  0.417054  0.709072  0.486765  0.630845  0.551976  0.588982  0.646601  0.595604  0.374324  0.474846  0.424260  0.593306  0.521965  0.418399  0.432096  0.345912  0.442644  0.503037  0.390862  0.409852  0.438072  0.522054  0.539633  0.463928  0.595446  0.563523  0.590086  0.488174  0.431864  0.490156  0.425644  0.484663  0.494757  0.417971  0.376423  0.465765  0.488547  0.531095  0.468525  0.602531  0.434695  0.467150  0.582052  0.350504  0.521753  0.498004  0.399260  0.516234  0.495004  0.538903  0.361683  0.469301  0.593488  0.317876  0.557655  0.509727  0.370243  0.578790  0.444562  0.511565  0.412273  0.489453  0.577868  0.416312  0.446025  0.568866  0.475097  0.440257  0.566115  0.419156  0.544178  0.561272  0.420787  0.440541  0.511259  0.344043 
17  0.611147  0.548019  0.503246  0.622822  0.456856  0.686123  0.573534  0.486557  0.607109  0.530241  0.595755  0.448255  0.567379  0.629294  0.638461  0.592423  0.453927 0.0  0.577855  0.451385  0.405958  0.475134  0.461335  0.472746  0.551012  0.618213  0.483796  0.598391  0.436477  0.488966  0.434939  0.510818  0.477054  0.470174  0.610159  0.502642  0.449999  0.348030  0.537516  0.681338  0.354699  0.667586  0.546391  0.498110  0.530988  0.569122  0.453558  0.614938  0.455301  0.425623  0.526125  0.565199  0.663235  0.559970  0.592315  0.557170  0.380423  0.618125  0.553830  0.581538  0.574342  0.644008  0.460504  0.473514  0.497026  0.617737  0.557270  0.527187  0.463622  0.437241  0.485170  0.653401  0.507169  0.593973  0.428798  0.523755  0.600642  0.542638  0.421510  0.620831  0.671970  0.578478  0.509763  0.442343  0.423167  0.475445  0.472823  0.499039  0.447150  0.512471  0.452493  0.589171  0.645961  0.530025  0.508580  0.643775  0.520070  0.610199  0.466436  0.588059  0.471969  0.599731  0.454313  0.415835  0.449405  0.551888  0.619120  0.499252  0.603315  0.569770  0.443732  0.554889  0.610221  0.483910  0.369737  0.473981  0.411269  0.660468  0.489385  0.470045  0.482890  0.516039  0.599983  0.369519  0.549910  0.535350  0.421328  0.663887  0.372918  0.392373  0.457971  0.509967  0.539255  0.462695  0.579921  0.683609  0.579776  0.529264  0.603839  0.366407  0.651694  0.520665  0.530416  0.533657  0.509956  0.547887 
18  0.485386  1.000000  0.647462  0.273884  0.552164  0.399937  0.447056  0.426377  0.444471  0.602772  0.592890  0.520618  0.454257  0.662471  0.341511  0.544733  0.436100  0.577855 0.0  0.519918  0.552102  0.509633  0.632819  0.662531  0.374897  0.582546  0.436797  0.546857  0.608515  0.580308  0.704733  0.593893  0.526122  0.563288  0.728089  0.501720  0.705434  0.507003  0.643045  0.675988  0.688180  0.389169  0.440763  0.459553  0.669033  0.362505  0.657321  0.343469  0.504203  0.517261  0.406533  0.575211  0.316245  0.485272  0.620516  0.541920  0.614271  0.343219  0.630835  0.553690  0.324458  0.614235  0.683708  0.638638  0.610632  0.349143  0.528918  0.707324  0.563777  0.470714  0.453566  0.623388  0.688571  0.404838  0.625632  0.396718  0.719776  0.692140  0.688094  0.716247  0.470751  0.539672  0.506047  0.610796  0.515244  0.550967  0.556817  0.578039  0.617852  0.536338  0.694491  0.578326  0.285917  0.590888  0.378828  0.493973  0.491384  0.760093  0.495244  0.512649  0.549222  0.459045  0.717221  0.470692  0.462766  0.450559  0.488999  0.685834  0.403407  0.613711  0.674224  0.671752  0.697340  0.548202  0.720860  0.525114  0.538539  0.344990  0.478823  0.729147  0.571729  0.595723  0.621016  0.609130  0.548027  0.487114  0.654240  0.517005  0.511199  0.808574  0.590959  0.486935  0.424026  0.559987  0.669487  0.508395  0.579906  0.656064  0.433150  0.677244  0.401160  0.693157  0.517991  0.572356  0.740092  0.532617 
19  0.464326  0.636725  0.683516  0.476941  0.519786  0.460037  0.542702  0.441716  0.421767  0.427027  0.622907  0.581201  0.518660  0.579557  0.467243  0.617394  0.472782  0.451385  0.519918 0.0  0.517062  0.558382  0.487350  0.711403  0.542593  0.660506  0.510615  0.490327  0.566308  0.496816  0.455344  0.606681  0.593933  0.649062  0.620150  0.517672  0.443714  0.458153  0.577656  0.737969  0.549830  0.485815  0.418822  0.538962  0.601735  0.561832  0.718347  0.516137  0.456657  0.520500  0.549392  0.668899  0.484963  0.509724  0.479507  0.473858  0.503902  0.524678  0.627079  0.477415  0.514930  0.550941  0.543425  0.479700  0.539506  0.542997  0.518124  0.665692  0.508234  0.550200  0.467092  0.651901  0.564552  0.489833  0.595819  0.538480  0.647451  0.523933  0.595657  0.670684  0.494090  0.589718  0.532004  0.587928  0.512004  0.670768  0.616244  0.523246  0.522462  0.465585  0.573663  0.553340  0.447040  0.652781  0.489057  0.511135  0.528530  0.675704  0.463838  0.497007  0.564311  0.454860  0.591059  0.452601  0.678835  0.488605  0.502454  0.595316  0.491003  0.623845  0.524165  0.566692  0.549757  0.448516  0.638364  0.441061  0.534820  0.430115  0.565387  0.601860  0.657306  0.471275  0.572369  0.546679  0.426895  0.535408  0.488808  0.495835  0.555818  0.559580  0.495692  0.601267  0.504168  0.442048  0.488766  0.514965  0.552052  0.504257  0.590454  0.541362  0.575900  0.597063  0.597486  0.565190  0.693893  0.528958 
20  0.618526  0.463288  0.582732  0.422080  0.506332  0.659120  0.571627  0.399668  0.707902  0.417908  0.587276  0.378345  0.439259  0.663536  0.601394  0.353061  0.424913  0.405958  0.552102  0.517062 0.0  0.563348  0.307451  0.537551  0.536398  0.577273  0.530615  0.431527  0.333851  0.581248  0.442260  0.670429  0.451401  0.463873  0.646314  0.356228  0.346291  0.435666  0.537976  0.547255  0.316869  0.615348  0.621500  0.530655  0.573578  0.547634  0.380460  0.594104  0.344682  0.370158  0.569353  0.470646  0.571041  0.497792  0.711595  0.472622  0.332714  0.513449  0.519242  0.502858  0.443921  0.444498  0.299208  0.517963  0.383359  0.547513  0.641784  0.406589  0.430444  0.491941  0.483460  0.580664  0.394112  0.664665  0.460781  0.455376  0.632196  0.733400  0.330249  0.597933  0.504856  0.553369  0.469722  0.482687  0.371239  0.464085  0.420514  0.428545  0.460995  0.403845  0.447757  0.456544  0.744474  0.529789  0.519665  0.580100  0.455896  0.549477  0.409573  0.438076  0.429248  0.436185  0.403733  0.414228  0.373911  0.542374  0.536500  0.596956  0.576447  0.518049  0.367905  0.572617  0.558962  0.421489  0.429759  0.461667  0.330252  0.520224  0.443932  0.545897  0.473368  0.455816  0.538243  0.431031  0.513757  0.432760  0.289319  0.504837  0.453193  0.394084  0.369151  0.500609  0.653132  0.393644  0.437658  0.561890  0.448972  0.446598  0.555931  0.437356  0.461919  0.508309  0.428746  0.362373  0.497588  0.333396 
21  0.636038  0.590830  0.593249  0.572288  0.575035  0.614915  0.572987  0.447281  0.533234  0.554069  0.565278  0.582688  0.533952  0.631089  0.536586  0.501448  0.520358  0.475134  0.509633  0.558382  0.563348 0.0  0.510320  0.505807  0.462767  0.658066  0.633274  0.544112  0.593318  0.604691  0.544148  0.664444  0.554943  0.553884  0.470985  0.498431  0.618050  0.554908  0.635049  0.609972  0.595164  0.595739  0.552410  0.567220  0.572965  0.622858  0.484263  0.597132  0.592382  0.490304  0.596164  0.597440  0.609962  0.523326  0.604335  0.514692  0.596701  0.619052  0.559705  0.573277  0.615081  0.643649  0.579859  0.535759  0.576574  0.612359  0.517385  0.573321  0.508320  0.561878  0.631202  0.660401  0.604910  0.610068  0.498824  0.497738  0.628285  0.666539  0.564825  0.664005  0.526999  0.546271  0.578055  0.558496  0.527853  0.568461  0.554740  0.551562  0.574405  0.629142  0.566225  0.562206  0.593188  0.635068  0.639804  0.460621  0.532758  0.591625  0.653209  0.492892  0.638293  0.574962  0.592719  0.532273  0.596896  0.467260  0.479617  0.523093  0.561960  0.591355  0.566382  0.699287  0.662700  0.590302  0.537896  0.619088  0.506175  0.538287  0.590986  0.525418  0.635459  0.671447  0.646930  0.509153  0.590912  0.573201  0.606927  0.565493  0.590672  0.473822  0.511034  0.584702  0.556973  0.527889  0.512725  0.663992  0.592113  0.604981  0.585139  0.531765  0.557708  0.587005  0.487177  0.638490  0.597403  0.585892 
22  0.556068  0.495221  0.535310  0.570310  0.469688  0.611344  0.495253  0.393406  0.607964  0.386731  0.583077  0.365638  0.537382  0.709512  0.532595  0.467177  0.386935  0.461335  0.632819  0.487350  0.307451  0.510320 0.0  0.365074  0.546810  0.537287  0.531155  0.428507  0.234397  0.542789  0.342764  0.588754  0.471497  0.473435  0.644676  0.370872  0.269943  0.429403  0.617459  0.627374  0.425268  0.722676  0.651445  0.541342  0.494361  0.563169  0.391689  0.630818  0.241398  0.350559  0.484640  0.453814  0.567313  0.477001  0.572089  0.510304  0.243838  0.646364  0.358201  0.571661  0.440344  0.455296  0.271169  0.440706  0.382283  0.563477  0.559318  0.512901  0.554511  0.504404  0.525900  0.586881  0.396070  0.585529  0.410428  0.627846  0.729690  0.641377  0.376296  0.485431  0.642871  0.569512  0.482098  0.377664  0.398673  0.396514  0.474511  0.448762  0.390399  0.433743  0.443030  0.537401  0.605309  0.514205  0.439169  0.554631  0.492408  0.554486  0.445175  0.488002  0.368576  0.431582  0.326347  0.329579  0.425614  0.481060  0.616271  0.521205  0.562718  0.483816  0.299474  0.601585  0.610842  0.423516  0.439966  0.501915  0.364213  0.634639  0.536362  0.461511  0.406432  0.488929  0.464497  0.433776  0.558222  0.468445  0.281204  0.488170  0.390816  0.307310  0.425984  0.398735  0.441529  0.350637  0.496007  0.537948  0.368046  0.499960  0.596630  0.442840  0.461648  0.598527  0.463258  0.397767  0.457088  0.354956 
23  0.788158  0.417830  0.462763  0.615707  0.557984  0.766758  0.669257  0.587373  0.740856  0.565192  0.624436  0.440813  0.555589  0.639026  0.724827  0.389512  0.422200  0.472746  0.662531  0.711403  0.537551  0.505807  0.365074 0.0  0.553454  0.692922  0.689537  0.521506  0.452043  0.541382  0.470930  0.729769  0.532435  0.371831  0.460945  0.421078  0.352414  0.459334  0.645263  0.503925  0.511827  0.767009  0.747522  0.585685  0.477634  0.553723  0.366386  0.792749  0.377838  0.565923  0.641377  0.455169  0.706924  0.615860  0.709366  0.653030  0.439240  0.884192  0.538754  0.584837  0.644284  0.548979  0.551967  0.514874  0.547103  0.773727  0.548736  0.334063  0.510322  0.568393  0.658105  0.673219  0.492820  0.782975  0.485264  0.682005  0.860279  0.599226  0.327172  0.339861  0.612818  0.736893  0.642081  0.520206  0.492401  0.431256  0.688596  0.529744  0.533418  0.489555  0.392874  0.513632  0.744195  0.392553  0.699477  0.687583  0.508729  0.519500  0.581791  0.650173  0.544269  0.660995  0.413090  0.468390  0.470788  0.634983  0.580294  0.458178  0.610839  0.386691  0.439452  0.591292  0.607012  0.517017  0.435325  0.661447  0.482094  0.708973  0.579338  0.443367  0.364283  0.540468  0.506165  0.396294  0.715563  0.576063  0.464272  0.665458  0.345395  0.276641  0.528473  0.525904  0.655115  0.477536  0.635855  0.559579  0.419210  0.545243  0.655263  0.523236  0.643758  0.601637  0.448892  0.500619  0.484070  0.286088 
24  0.589650  0.694046  0.638993  0.401077  0.554495  0.411374  0.593070  0.526385  0.360514  0.592908  0.604155  0.585125  0.539545  0.791144  0.422460  0.658947  0.600573  0.551012  0.374897  0.542593  0.536398  0.462767  0.546810  0.553454 0.0  0.568496  0.521883  0.500271  0.415252  0.573531  0.603971  0.636326  0.589982  0.658975  0.673085  0.648751  0.665532  0.569915  0.656374  0.621570  0.718762  0.508123  0.369948  0.365848  0.643805  0.397578  0.574302  0.419135  0.575440  0.561230  0.448463  0.588018  0.415478  0.456337  0.550201  0.444824  0.654051  0.347171  0.565027  0.646065  0.461323  0.664496  0.631542  0.515731  0.580307  0.337573  0.431503  0.599555  0.617760  0.507115  0.567284  0.610780  0.550098  0.422124  0.619461  0.484048  0.587881  0.530319  0.526291  0.625029  0.670893  0.528164  0.475268  0.661302  0.562356  0.667106  0.560899  0.661788  0.638596  0.621503  0.579827  0.687413  0.443312  0.673987  0.363789  0.515127  0.515972  0.810622  0.684633  0.678162  0.551265  0.495719  0.656434  0.533799  0.627202  0.571809  0.610015  0.766549  0.331493  0.581296  0.467984  0.510998  0.609721  0.619904  0.630152  0.540936  0.586111  0.334418  0.653708  0.638197  0.612069  0.468031  0.645012  0.621999  0.510316  0.681057  0.554042  0.513333  0.563462  0.644676  0.624731  0.592479  0.532439  0.545414  0.664129  0.525454  0.710185  0.657239  0.530255  0.696081  0.553156  0.651787  0.516772  0.593317  0.780043  0.655221 
25  0.597138  0.648659  0.610031  0.477122  0.669156  0.572632  0.489178  0.603223  0.595413  0.512143  0.527615  0.613648  0.562122  0.553237  0.566604  0.596365  0.525648  0.618213  0.582546  0.660506  0.577273  0.658066  0.537287  0.692922  0.568496 0.0  0.542646  0.591673  0.573923  0.659627  0.548503  0.603241  0.466927  0.610992  0.622890  0.535067  0.610808  0.531143  0.547239  0.696297  0.519949  0.612368  0.562797  0.510838  0.573161  0.637504  0.629095  0.573873  0.584673  0.545676  0.544985  0.596894  0.645165  0.559966  0.642921  0.579303  0.606660  0.657317  0.553155  0.613473  0.515095  0.625721  0.582704  0.542532  0.592606  0.566571  0.522346  0.649838  0.491967  0.529004  0.607509  0.649152  0.548766  0.591317  0.621270  0.505605  0.578583  0.503662  0.579379  0.611107  0.480521  0.572936  0.573712  0.612271  0.509477  0.502513  0.591529  0.622559  0.599954  0.581084  0.527703  0.519770  0.530750  0.639998  0.513319  0.580513  0.502433  0.580583  0.611046  0.583900  0.622160  0.559034  0.618364  0.469022  0.624464  0.550866  0.627158  0.616483  0.599433  0.538527  0.584068  0.537518  0.524727  0.603477  0.529231  0.551089  0.559193  0.607030  0.504630  0.782873  0.613693  0.660512  0.690180  0.526559  0.506260  0.539213  0.477947  0.624069  0.543362  0.631416  0.543919  0.453170  0.561850  0.620749  0.539840  0.514956  0.489233  0.595517  0.514762  0.559557  0.493399  0.676429  0.600023  0.543047  0.641979  0.535391 
26  0.420797  0.646429  0.870938  0.411405  0.552926  0.576607  0.518496  0.232619  0.568089  0.476772  0.647081  0.518570  0.545636  0.620518  0.460310  0.628134  0.430527  0.483796  0.436797  0.510615  0.530615  0.633274  0.531155  0.689537  0.521883  0.542646 0.0  0.472546  0.447541  0.573332  0.622523  0.623395  0.407906  0.592527  0.878732  0.482455  0.625100  0.662995  0.691587  0.638983  0.674789  0.614429  0.553082  0.536752  0.787174  0.536893  0.438581  0.485471  0.516327  0.478699  0.383344  0.600112  0.511601  0.431139  0.583901  0.540661  0.471613  0.531537  0.503593  0.481050  0.363947  0.328755  0.573137  0.636498  0.483354  0.554174  0.612400  0.826751  0.519253  0.444199  0.535679  0.607691  0.504327  0.554574  0.652944  0.547461  0.466582  0.558464  0.547117  0.666751  0.306961  0.613771  0.487737  0.500404  0.506926  0.551634  0.539013  0.547938  0.620368  0.570234  0.588027  0.665768  0.474192  0.571983  0.480416  0.546201  0.468954  0.528801  0.574036  0.501855  0.530164  0.341625  0.531787  0.367969  0.471126  0.477880  0.482857  0.619373  0.527152  0.605731  0.550655  0.651656  0.752951  0.554634  0.487512  0.440470  0.522538  0.496289  0.489426  0.696411  0.545985  0.643727  0.610626  0.570796  0.454937  0.308664  0.483705  0.552597  0.591546  0.515802  0.450051  0.471829  0.501791  0.484912  0.663910  0.538479  0.518076  0.535798  0.524295  0.551074  0.340195  0.680444  0.526923  0.531628  0.718820  0.491194 
