146
0 0.0  0.736266  0.846238  0.529453  0.618832  0.591747  0.510886  0.470392  0.408883  0.669788  0.515226  0.637245  0.574118  0.706304  0.584628  0.666523  0.747140  0.568282  0.493960  0.521640  0.618930  0.677886  0.681769  0.843095  0.546065  0.528711  0.471777  0.571119  0.659337  0.598412  0.716600  0.606549  0.643653  0.650979  0.868447  0.626996  0.778543  0.642993  0.689925  0.748849  0.693487  0.527904  0.572687  0.542818  0.724979  0.621714  0.726508  0.581987  0.624064  0.682747  0.553457  0.654253  0.434580  0.479460  0.467003  0.612345  0.679691  0.571261  0.632075  0.629649  0.542543  0.636940  0.674337  0.860565  0.685656  0.478965  0.711022  0.782238  0.616578  0.499395  0.583619  0.583428  0.646981  0.536228  0.776250  0.531266  0.771473  0.688308  0.727380  0.818568  0.680048  0.387808  0.514994  0.737374  0.656506  0.689854  0.672022  0.642135  0.771685  0.463689  0.750886  0.743846  0.472151  0.739054  0.630556  0.397404  0.484262  0.717418  0.640657  0.443756  0.585410  0.538328  0.572942  0.646343  0.598466  0.528718  0.479532  0.794660  0.497813  0.721128  0.618787  0.764807  0.671375  0.573059  0.728075  0.530302  0.676803  0.483182  0.543484  0.802349  0.690516  0.622340  0.673587  0.685127  0.475655  0.528014  0.725343  0.596402  0.736199  0.788424  0.546187  0.518298  0.488635  0.559585  0.660990  0.585293  0.596069  0.501879  0.636288  0.642748  0.484770  0.732424  0.688166  0.600228  0.787407  0.635471 
1  0.736266 0.0  0.506580  0.862319  0.675655  0.839644  0.625786  0.793322  1.000000  0.682707  0.651243  0.452931  0.539204  0.698055  0.844204  0.553997  0.601748  0.576675  0.837970  0.711375  0.556715  0.648181  0.438665  0.412479  0.779294  0.679941  0.770214  0.664173  0.492714  0.638089  0.515118  0.724570  0.640467  0.619487  0.486456  0.461654  0.393244  0.640959  0.849343  0.611018  0.579808  0.915443  0.883497  0.791760  0.422209  0.782957  0.407939  0.851053  0.536964  0.612310  0.765329  0.549674  0.872221  0.776590  0.748253  0.740506  0.560457  0.827831  0.706171  0.670104  0.752777  0.607717  0.569101  0.767460  0.718584  0.869942  0.765485  0.401959  0.639377  0.651310  0.888948  0.765393  0.513938  0.711854  0.451519  0.787924  0.842124  0.809123  0.612492  0.373910  0.726295  0.830201  0.708995  0.622994  0.621788  0.520637  0.694013  0.668333  0.573324  0.617895  0.617332  0.521054  0.922964  0.717769  0.729284  0.732704  0.779863  0.392333  0.637313  0.788213  0.563315  0.581084  0.579603  0.608104  0.664911  0.679507  0.631073  0.639839  0.847549  0.578242  0.477043  0.759991  0.836827  0.626072  0.499571  0.783328  0.572668  0.867489  0.700445  0.533354  0.628818  0.602855  0.714671  0.494782  0.885648  0.666798  0.438276  0.813031  0.443936  0.529871  0.583477  0.633198  0.769340  0.795092  0.638250  0.638408  0.694383  0.658548  0.594295  0.613934  0.798897  0.728720  0.510502  0.702702  0.463805  0.451335 
2  0.846238  0.506580 0.0  0.759803  0.624410  0.749278  0.711879  0.820824  0.898313  0.534798  0.661426  0.493462  0.759588  0.716766  0.794386  0.578358  0.584981  0.535151  0.771328  0.716187  0.637295  0.640874  0.624988  0.515091  0.927371  0.678351  0.700736  0.730052  0.605863  0.627530  0.557876  0.691610  0.646132  0.487923  0.417911  0.579007  0.490089  0.637971  0.741837  0.593544  0.562355  0.849529  0.688118  0.744428  0.426353  0.849214  0.601551  0.813714  0.593614  0.703856  0.662914  0.667955  0.869371  0.796017  0.758228  0.673592  0.645288  0.694381  0.587091  0.770164  0.764177  0.627616  0.580093  0.590478  0.636625  0.765937  0.781480  0.467617  0.642583  0.672080  0.681768  0.599259  0.669880  0.738312  0.514929  0.758306  0.822688  0.734494  0.525476  0.471469  0.729997  0.725723  0.640364  0.618250  0.563148  0.339409  0.762449  0.567506  0.743121  0.542996  0.544200  0.453067  0.827513  0.523583  0.729748  0.712215  0.726990  0.478078  0.773084  0.767472  0.548260  0.708220  0.551406  0.685771  0.508052  0.732510  0.651024  0.586059  0.758518  0.539609  0.513298  0.740697  0.562148  0.719407  0.645125  0.795380  0.654455  0.808893  0.578871  0.326903  0.485166  0.625576  0.647697  0.401977  0.726541  0.716892  0.638922  0.792088  0.482512  0.537186  0.536154  0.533859  0.749479  0.632901  0.678315  0.736317  0.681804  0.665042  0.619906  0.734853  0.838860  0.668975  0.664530  0.635965  0.549660  0.558138 
3  0.529453  0.862319  0.759803 0.0  0.612285  0.502283  0.538292  0.525895  0.405927  0.636454  0.707348  0.600828  0.622699  0.651152  0.319225  0.638298  0.464283  0.697830  0.194393  0.469523  0.471350  0.665989  0.610691  0.750627  0.549038  0.589606  0.507080  0.636589  0.664634  0.481290  0.657814  0.650874  0.556307  0.557087  0.711806  0.382204  0.682896  0.679421  0.797180  0.713188  0.748270  0.405004  0.427695  0.328797  0.751662  0.606259  0.540471  0.418206  0.678561  0.741765  0.425909  0.636997  0.271339  0.599723  0.627552  0.476971  0.664463  0.398989  0.601373  0.603547  0.227819  0.696316  0.704929  0.702995  0.552721  0.284607  0.409144  0.655097  0.513461  0.523141  0.579897  0.647259  0.575743  0.382269  0.666956  0.352753  0.684552  0.793278  0.648194  0.782872  0.385970  0.627514  0.604961  0.628212  0.551416  0.469958  0.595061  0.463171  0.744614  0.489256  0.676276  0.682654  0.322567  0.763423  0.331058  0.599313  0.434598  0.735960  0.400493  0.558548  0.503330  0.615172  0.655695  0.616371  0.573553  0.635491  0.524536  0.823867  0.359468  0.702686  0.652410  0.751920  0.729003  0.612635  0.770255  0.578566  0.689275  0.297901  0.768903  0.764338  0.619032  0.637274  0.775863  0.565002  0.538690  0.489727  0.574212  0.519289  0.679452  0.667362  0.671539  0.492964  0.593570  0.500376  0.821117  0.628362  0.665643  0.532626  0.583155  0.807007  0.482499  0.698894  0.527918  0.546175  0.710975  0.430143 
4  0.618832  0.675655  0.624410  0.612285 0.0  0.602276  0.572988  0.653112  0.515954  0.658520  0.483844  0.497597  0.695246  0.665846  0.652239  0.551821  0.594705  0.489163  0.536559  0.578718  0.486767  0.591369  0.498220  0.525033  0.649808  0.617903  0.703583  0.527175  0.559548  0.456474  0.481240  0.493797  0.687385  0.591193  0.612438  0.579748  0.692854  0.552308  0.524006  0.626940  0.706266  0.558472  0.441659  0.572263  0.666791  0.590057  0.605049  0.553054  0.436801  0.575370  0.481269  0.536880  0.525081  0.567131  0.554342  0.657900  0.617672  0.599633  0.628599  0.654888  0.630428  0.635597  0.601793  0.559433  0.639671  0.634892  0.729249  0.734152  0.584781  0.627748  0.530202  0.653315  0.510816  0.618669  0.584243  0.577900  0.627952  0.613280  0.603667  0.731655  0.495496  0.516928  0.488489  0.522975  0.615973  0.497944  0.572082  0.419004  0.595831  0.470713  0.620446  0.530773  0.603381  0.614416  0.612832  0.505753  0.654213  0.690551  0.524067  0.624597  0.519985  0.565356  0.526639  0.475002  0.451727  0.504726  0.593936  0.573048  0.551854  0.599651  0.610750  0.427579  0.489550  0.483090  0.667006  0.377005  0.548775  0.640096  0.534882  0.656034  0.566671  0.381487  0.414339  0.527133  0.619256  0.798582  0.667934  0.605571  0.597250  0.593361  0.420650  0.678776  0.520484  0.462130  0.613908  0.569796  0.566603  0.557197  0.653051  0.592932  0.677454  0.433485  0.634333  0.631182  0.753483  0.669785 
5  0.591747  0.839644  0.749278  0.502283  0.602276 0.0  0.610481  0.594902  0.354377  0.588871  0.656934  0.658484  0.654966  0.635083  0.418948  0.644887  0.586098  0.758416  0.430282  0.486840  0.789335  0.708137  0.631458  0.786275  0.401092  0.561771  0.594284  0.708308  0.599731  0.555789  0.714250  0.633020  0.680106  0.737853  0.736001  0.753633  0.763312  0.531687  0.665979  0.700810  0.817790  0.442904  0.583147  0.485476  0.703637  0.474462  0.739652  0.379250  0.527821  0.679311  0.584935  0.716582  0.406051  0.613400  0.686864  0.486934  0.808785  0.568400  0.624492  0.664587  0.513146  0.631384  0.586983  0.692118  0.733649  0.393942  0.472696  0.620682  0.697576  0.588936  0.849764  0.608304  0.532810  0.501219  0.706662  0.599232  0.643455  0.539168  0.757101  0.814921  0.797876  0.593058  0.545843  0.794601  0.634166  0.625735  0.657231  0.496174  0.646291  0.622279  0.596560  0.720780  0.342986  0.806821  0.445301  0.434952  0.753159  0.724203  0.618089  0.613642  0.580604  0.663105  0.618829  0.474881  0.771932  0.713754  0.656853  0.759085  0.436160  0.761641  0.692785  0.708793  0.661056  0.481937  0.769491  0.597863  0.671625  0.428977  0.757552  0.656425  0.623819  0.710300  0.755969  0.653945  0.583480  0.776190  0.646139  0.589332  0.709304  0.688504  0.646661  0.705245  0.582037  0.568549  0.742611  0.639451  0.738749  0.578691  0.679845  0.767453  0.656188  0.743336  0.674027  0.701748  0.706971  0.621380 
6  0.510886  0.625786  0.711879  0.538292  0.572988  0.610481 0.0  0.568555  0.492000  0.618295  0.699923  0.604608  0.726942  0.653491  0.548592  0.661009  0.635449  0.610223  0.658600  0.611093  0.490884  0.531420  0.581234  0.675701  0.576387  0.589063  0.415158  0.563861  0.645312  0.768733  0.637515  0.546117  0.541116  0.726867  0.692820  0.544605  0.667766  0.620702  0.563964  0.635504  0.568825  0.626008  0.601980  0.438679  0.694636  0.666162  0.574339  0.574235  0.580270  0.568632  0.500655  0.626859  0.642044  0.605558  0.446758  0.443541  0.445113  0.602848  0.521442  0.654583  0.462971  0.558555  0.505870  0.631943  0.648570  0.586325  0.454994  0.595806  0.564124  0.681621  0.566115  0.645998  0.583119  0.508437  0.605143  0.511535  0.580880  0.655589  0.517334  0.757029  0.514261  0.600520  0.482908  0.619964  0.552004  0.509289  0.520142  0.504985  0.542319  0.581812  0.572701  0.556806  0.601568  0.617163  0.494474  0.557599  0.520040  0.631019  0.607981  0.549759  0.678375  0.498272  0.535403  0.449306  0.628537  0.668698  0.605025  0.707875  0.489624  0.646996  0.489714  0.591715  0.631394  0.521254  0.637177  0.503846  0.616122  0.517190  0.743766  0.669343  0.618609  0.596868  0.674388  0.489860  0.541056  0.532089  0.590303  0.526236  0.556272  0.666889  0.586991  0.581608  0.519823  0.618687  0.607892  0.507989  0.616262  0.534767  0.521683  0.693182  0.452658  0.745487  0.644180  0.561685  0.625128  0.478530 
7  0.470392  0.793322  0.820824  0.525895  0.653112  0.594902  0.568555 0.0  0.613324  0.442319  0.563168  0.471440  0.495107  0.639555  0.480281  0.506636  0.458518  0.546950  0.492699  0.580968  0.411149  0.470028  0.379396  0.714498  0.574432  0.613137  0.203600  0.644298  0.443733  0.861284  0.500211  0.540842  0.291169  0.550436  0.695541  0.356673  0.584740  0.686468  0.621684  0.575122  0.643263  0.520539  0.681784  0.577100  0.771685  0.531316  0.554830  0.629349  0.546176  0.494527  0.497389  0.478770  0.533074  0.424968  0.684504  0.440130  0.538803  0.458830  0.515485  0.389537  0.400791  0.178199  0.613272  0.694208  0.502011  0.491862  0.681559  0.589364  0.640244  0.434261  0.576575  0.642914  0.693856  0.507153  0.654572  0.595140  0.684766  0.553706  0.533345  0.678496  0.438941  0.666487  0.422458  0.670986  0.560398  0.552472  0.390103  0.626354  0.664650  0.482970  0.599191  0.696967  0.577908  0.631137  0.455228  0.574917  0.390070  0.683365  0.396710  0.462158  0.549625  0.258709  0.560026  0.301201  0.448267  0.577465  0.542220  0.633415  0.634442  0.587943  0.487013  0.580875  0.757117  0.632865  0.644250  0.517763  0.547825  0.430620  0.575925  0.673435  0.617981  0.568046  0.644224  0.532340  0.548090  0.237215  0.501966  0.580319  0.466716  0.480094  0.519920  0.468494  0.551671  0.565314  0.768106  0.538900  0.410439  0.454165  0.513616  0.644617  0.437097  0.633466  0.472454  0.503081  0.654415  0.400559 
8  0.408883  1.000000  0.898313  0.405927  0.515954  0.354377  0.492000  0.613324 0.0  0.575361  0.732603  0.558969  0.683321  0.761438  0.251396  0.776420  0.624194  0.643158  0.509677  0.555738  0.771069  0.687538  0.598466  0.720332  0.458066  0.587390  0.692939  0.582991  0.692151  0.494487  0.691106  0.668782  0.679866  0.655575  0.679510  0.715389  0.731295  0.766779  0.622094  0.669156  0.905643  0.412424  0.354007  0.480433  0.780510  0.319947  0.709773  0.336890  0.517224  0.608127  0.542300  0.772124  0.425703  0.566612  0.519580  0.551168  0.623386  0.608713  0.602674  0.749552  0.437703  0.711228  0.642597  0.651219  0.734963  0.329057  0.442950  0.788840  0.711493  0.687796  0.700756  0.603318  0.578887  0.409445  0.620577  0.513808  0.697757  0.479237  0.719019  0.669607  0.753251  0.547645  0.538881  0.825804  0.504002  0.675582  0.697005  0.597534  0.689255  0.589019  0.754895  0.617010  0.325205  0.753010  0.356181  0.437695  0.693126  0.782572  0.752885  0.685581  0.567029  0.584899  0.801738  0.533337  0.712838  0.556943  0.518821  0.719121  0.238581  0.637161  0.785051  0.632126  0.530258  0.424165  0.782192  0.576437  0.701499  0.459656  0.755950  0.797057  0.677727  0.518737  0.595753  0.518065  0.580149  0.708920  0.566542  0.552515  0.619707  0.745457  0.544660  0.567005  0.565829  0.416675  0.623268  0.624340  0.671016  0.656559  0.567582  0.621390  0.729626  0.704982  0.667485  0.713668  0.791659  0.665400 
9  0.669788  0.682707  0.534798  0.636454  0.658520  0.588871  0.618295  0.442319  0.575361 0.0  0.742428  0.458541  0.629823  0.710027  0.583780  0.429723  0.322874  0.466135  0.602165  0.547943  0.498974  0.664720  0.187289  0.525778  0.658946  0.536517  0.355772  0.537385  0.372409  0.451488  0.317536  0.524508  0.528638  0.562659  0.534022  0.459559  0.555023  0.467063  0.538639  0.645646  0.562042  0.685255  0.679901  0.447742  0.441351  0.517210  0.607345  0.677839  0.414303  0.406352  0.590357  0.460905  0.594274  0.484289  0.605721  0.478291  0.413071  0.744290  0.604691  0.712510  0.526914  0.621362  0.539926  0.620329  0.644750  0.597776  0.563006  0.512762  0.482953  0.478220  0.438939  0.669443  0.586274  0.549259  0.547616  0.580633  0.756413  0.546847  0.476825  0.566993  0.751564  0.693075  0.491258  0.529103  0.657511  0.508361  0.673730  0.422907  0.365701  0.493213  0.562379  0.552594  0.632590  0.535104  0.665217  0.404077  0.560938  0.575272  0.561291  0.550561  0.460019  0.531726  0.650696  0.608668  0.473593  0.505210  0.505970  0.421555  0.486331  0.546586  0.496929  0.543090  0.461510  0.312121  0.540867  0.522254  0.351973  0.586508  0.621651  0.569195  0.499946  0.507805  0.460385  0.494175  0.613817  0.592059  0.430614  0.703053  0.488198  0.576441  0.368304  0.490757  0.601919  0.365547  0.559847  0.534358  0.581486  0.479529  0.624824  0.497089  0.612915  0.601262  0.459661  0.561882  0.659169  0.546752 
10  0.515226  0.651243  0.661426  0.707348  0.483844  0.656934  0.699923  0.563168  0.732603  0.742428 0.0  0.596045  0.522244  0.515146  0.514856  0.657989  0.671198  0.650831  0.632806  0.614392  0.749784  0.648180  0.648158  0.664275  0.697032  0.631568  0.644533  0.634749  0.652720  0.660722  0.552753  0.524605  0.622796  0.706937  0.741968  0.735871  0.705491  0.734217  0.611772  0.642212  0.690659  0.540366  0.613964  0.605354  0.539205  0.662173  0.614598  0.603422  0.652081  0.575922  0.723448  0.609160  0.618239  0.564482  0.676627  0.514701  0.702473  0.614130  0.705107  0.628918  0.724686  0.697639  0.752535  0.621123  0.653761  0.600204  0.599633  0.681444  0.575085  0.663612  0.657701  0.561920  0.651956  0.537068  0.643139  0.644405  0.519213  0.595534  0.643489  0.640937  0.652423  0.640599  0.620899  0.665800  0.682786  0.592412  0.674557  0.607093  0.566090  0.625232  0.724801  0.705173  0.648443  0.602314  0.677072  0.650729  0.558020  0.661867  0.577488  0.592576  0.656561  0.734640  0.798402  0.632275  0.625423  0.731539  0.651395  0.577063  0.609082  0.569568  0.665247  0.609052  0.519307  0.608680  0.673088  0.717022  0.750725  0.625556  0.609116  0.624258  0.635983  0.541204  0.580764  0.625512  0.617604  0.516582  0.684696  0.578728  0.670156  0.663921  0.698733  0.602974  0.564182  0.594017  0.726667  0.617601  0.735185  0.657936  0.714015  0.627794  0.618570  0.627053  0.578683  0.622440  0.584351  0.675555 
11  0.637245  0.452931  0.493462  0.600828  0.497597  0.658484  0.604608  0.471440  0.558969  0.458541  0.596045 0.0  0.504081  0.736462  0.642773  0.501502  0.413311  0.471841  0.605019  0.554457  0.458993  0.634383  0.359400  0.379262  0.610925  0.650554  0.492407  0.488710  0.165089  0.493305  0.336758  0.657947  0.474964  0.332266  0.586273  0.397130  0.267815  0.423474  0.632906  0.633952  0.434717  0.749612  0.663194  0.598462  0.495683  0.680784  0.475994  0.766224  0.311925  0.382287  0.571511  0.389777  0.683723  0.466218  0.578815  0.538575  0.377687  0.729984  0.517311  0.639630  0.520998  0.472970  0.397076  0.496933  0.386380  0.632623  0.522101  0.557681  0.426730  0.448983  0.645515  0.652084  0.501147  0.619209  0.431345  0.538696  0.788966  0.518850  0.427752  0.585417  0.554184  0.607477  0.509284  0.434789  0.398751  0.382656  0.590612  0.558297  0.507451  0.432035  0.479653  0.558325  0.706016  0.533177  0.644223  0.542137  0.553936  0.577818  0.405782  0.609987  0.390688  0.534655  0.355887  0.512922  0.397240  0.604280  0.509093  0.433837  0.465946  0.374478  0.269945  0.544218  0.649939  0.448413  0.412599  0.576346  0.251385  0.652770  0.443696  0.560137  0.465276  0.450888  0.580315  0.398938  0.635247  0.498057  0.199306  0.511720  0.389071  0.406871  0.455740  0.361785  0.524856  0.340688  0.632340  0.651817  0.481004  0.404706  0.620252  0.359156  0.494613  0.614060  0.523285  0.222889  0.547465  0.429713 
12  0.574118  0.539204  0.759588  0.622699  0.695246  0.654966  0.726942  0.495107  0.683321  0.629823  0.522244  0.504081 0.0  0.663071  0.571404  0.616665  0.477706  0.504006  0.382110  0.627549  0.511987  0.521820  0.585098  0.624184  0.629347  0.553200  0.506831  0.481829  0.536831  0.651015  0.556136  0.561468  0.455311  0.582188  0.609796  0.396756  0.531347  0.576534  0.694380  0.680631  0.445349  0.690139  0.618178  0.567197  0.593012  0.596481  0.688352  0.569396  0.521546  0.616566  0.603239  0.486279  0.549599  0.480080  0.603108  0.515428  0.613990  0.736850  0.490771  0.566314  0.595522  0.586439  0.443400  0.604819  0.484353  0.623573  0.582958  0.585985  0.561990  0.480979  0.623204  0.700355  0.603238  0.637692  0.626696  0.507118  0.646233  0.692620  0.597269  0.679503  0.557842  0.630140  0.481267  0.528109  0.528190  0.567430  0.533095  0.601659  0.543747  0.578170  0.562083  0.636779  0.594656  0.613209  0.587039  0.529652  0.653308  0.623604  0.599831  0.602649  0.702201  0.604076  0.621403  0.480022  0.506137  0.534089  0.627343  0.593904  0.494139  0.547399  0.467623  0.668169  0.663804  0.593696  0.560026  0.592300  0.536531  0.618783  0.623094  0.699015  0.641516  0.639802  0.761697  0.560269  0.601645  0.516444  0.534502  0.587828  0.534251  0.600232  0.470101  0.549799  0.559897  0.679134  0.587490  0.585335  0.535929  0.523956  0.584357  0.560829  0.553351  0.710591  0.593113  0.634246  0.660896  0.519067 
13  0.706304  0.698055  0.716766  0.651152  0.665846  0.635083  0.653491  0.639555  0.761438  0.710027  0.515146  0.736462  0.663071 0.0  0.438336  0.614952  0.668871  0.712139  0.727207  0.603949  0.575037  0.585317  0.743276  0.768868  0.823460  0.625975  0.611381  0.695978  0.755526  0.645404  0.717034  0.693823  0.555452  0.587307  0.697821  0.574443  0.657885  0.748032  0.689237  0.520230  0.781566  0.544553  0.687673  0.650394  0.624736  0.731609  0.617661  0.759276  0.738432  0.624647  0.596384  0.632653  0.639141  0.662634  0.642456  0.659934  0.680780  0.598851  0.640844  0.546673  0.636687  0.665013  0.679857  0.634146  0.598456  0.526948  0.699130  0.567325  0.600700  0.514150  0.624781  0.701261  0.642998  0.637164  0.698904  0.600968  0.678998  0.823245  0.817159  0.568237  0.644451  0.588013  0.613248  0.633353  0.624878  0.663361  0.602153  0.658178  0.709703  0.616798  0.654823  0.658383  0.594335  0.651652  0.672137  0.605129  0.550288  0.525270  0.618632  0.539046  0.727605  0.601748  0.666779  0.695041  0.532673  0.719560  0.593795  0.551509  0.689224  0.575686  0.619798  0.763341  0.741620  0.662575  0.694718  0.515759  0.526737  0.573074  0.589628  0.672112  0.646072  0.699586  0.625821  0.630046  0.612776  0.635544  0.741560  0.590618  0.676758  0.728506  0.644087  0.664014  0.692758  0.682178  0.659995  0.656564  0.692169  0.666016  0.695924  0.672565  0.741309  0.660801  0.676275  0.567139  0.581573  0.582799 
14  0.584628  0.844204  0.794386  0.319225  0.652239  0.418948  0.548592  0.480281  0.251396  0.583780  0.514856  0.642773  0.571404  0.438336 0.0  0.690889  0.676628  0.733885  0.461872  0.510127  0.689986  0.711154  0.586543  0.721716  0.419865  0.574711  0.518079  0.774054  0.736826  0.724215  0.816078  0.611693  0.586877  0.682735  0.713099  0.555332  0.710602  0.805676  0.739340  0.520894  0.772892  0.322903  0.371724  0.498686  0.738214  0.512964  0.804236  0.382606  0.452532  0.641933  0.372673  0.675103  0.260201  0.622933  0.540983  0.511159  0.471136  0.414489  0.612344  0.770316  0.161809  0.532553  0.671132  0.766722  0.635700  0.381600  0.520558  0.730281  0.599562  0.547300  0.637115  0.563212  0.556682  0.447462  0.648982  0.372428  0.651729  0.577296  0.766461  0.651966  0.616584  0.644574  0.453980  0.678891  0.643621  0.498652  0.760818  0.606953  0.700340  0.593566  0.836923  0.772562  0.333213  0.718357  0.367251  0.364062  0.605034  0.618225  0.455737  0.449801  0.623964  0.543824  0.627857  0.612613  0.555136  0.576769  0.494067  0.725728  0.191037  0.734219  0.640379  0.632392  0.594067  0.498620  0.794821  0.481328  0.627552  0.420722  0.662874  0.592587  0.716801  0.687028  0.575307  0.575728  0.524519  0.551936  0.643397  0.608286  0.568554  0.781793  0.613635  0.592971  0.595750  0.597738  0.688049  0.640862  0.528533  0.492738  0.545933  0.745771  0.655198  0.766834  0.571368  0.416128  0.715592  0.566050 
15  0.666523  0.553997  0.578358  0.638298  0.551821  0.644887  0.661009  0.506636  0.776420  0.429723  0.657989  0.501502  0.616665  0.614952  0.690889 0.0  0.488899  0.568596  0.662251  0.625901  0.448103  0.560500  0.423897  0.371370  0.692376  0.623621  0.663145  0.616216  0.445446  0.598657  0.381528  0.521870  0.608147  0.444220  0.582871  0.588598  0.502082  0.613116  0.543701  0.606605  0.565214  0.655055  0.681371  0.691960  0.477544  0.645489  0.439217  0.581274  0.460210  0.418337  0.631619  0.458011  0.657079  0.526699  0.670812  0.537739  0.577215  0.723353  0.746382  0.641379  0.393944  0.571504  0.445960  0.489487  0.543743  0.572137  0.799804  0.445343  0.472548  0.627082  0.529758  0.657339  0.524794  0.652359  0.545006  0.629323  0.730434  0.658423  0.530672  0.385767  0.679786  0.760104  0.654973  0.561907  0.429002  0.455060  0.551087  0.398372  0.573541  0.575653  0.587964  0.571258  0.632377  0.441919  0.654074  0.709825  0.507591  0.448586  0.402231  0.488801  0.491626  0.484589  0.644016  0.568479  0.547690  0.575169  0.589255  0.539022  0.536399  0.506819  0.578619  0.540040  0.421824  0.597941  0.564113  0.598586  0.535831  0.661878  0.513342  0.517448  0.505170  0.526129  0.467558  0.502718  0.728346  0.673906  0.492760  0.635967  0.651955  0.501334  0.490110  0.590541  0.594867  0.444933  0.566241  0.674533  0.510728  0.559628  0.580321  0.559477  0.663013  0.493018  0.513679  0.511679  0.491438  0.438823 
16  0.747140  0.601748  0.584981  0.464283  0.594705  0.586098  0.635449  0.458518  0.624194  0.322874  0.671198  0.413311  0.477706  0.668871  0.676628  0.488899 0.0  0.536964  0.512146  0.611285  0.394156  0.495163  0.292010  0.492793  0.627524  0.534950  0.539012  0.523627  0.280378  0.529808  0.435807  0.558947  0.481101  0.462693  0.582130  0.307266  0.482113  0.506461  0.636109  0.739176  0.576594  0.544224  0.423290  0.444816  0.512243  0.549792  0.485967  0.559921  0.470405  0.356585  0.428043  0.519245  0.626230  0.497904  0.608974  0.497373  0.420272  0.597478  0.566083  0.732697  0.478339  0.571286  0.536167  0.601033  0.410720  0.477065  0.504157  0.455424  0.452910  0.497859  0.448189  0.625752  0.564791  0.667121  0.517743  0.655306  0.622620  0.614800  0.337969  0.633197  0.514745  0.659445  0.637810  0.412645  0.483820  0.437953  0.476764  0.547910  0.315678  0.412689  0.472347  0.448797  0.543274  0.387702  0.529832  0.519450  0.405973  0.606014  0.462492  0.649540  0.409370  0.599355  0.378854  0.475013  0.452087  0.628180  0.436374  0.487871  0.505688  0.504492  0.533523  0.566564  0.579098  0.374887  0.438540  0.479889  0.410927  0.435907  0.466390  0.560932  0.413787  0.426461  0.614545  0.340504  0.555449  0.544775  0.460689  0.566970  0.456470  0.525001  0.433052  0.458387  0.603142  0.375653  0.504415  0.667868  0.390092  0.456220  0.525636  0.437876  0.493939  0.637326  0.475454  0.514802  0.548298  0.318273 
17  0.568282  0.576675  0.535151  0.697830  0.489163  0.758416  0.610223  0.546950  0.643158  0.466135  0.650831  0.471841  0.504006  0.712139  0.733885  0.568596  0.536964 0.0  0.535281  0.466826  0.481737  0.517593  0.491847  0.564269  0.576634  0.581949  0.655503  0.610724  0.317874  0.502424  0.355100  0.655814  0.528015  0.416833  0.498615  0.446658  0.456758  0.391701  0.579752  0.724700  0.507492  0.828149  0.561527  0.482151  0.560908  0.493389  0.468682  0.675808  0.504198  0.328868  0.429931  0.487024  0.696743  0.546995  0.608413  0.464712  0.379223  0.633915  0.542551  0.594808  0.586126  0.544433  0.469451  0.536798  0.573701  0.698865  0.621747  0.433932  0.503333  0.533317  0.564020  0.693986  0.465454  0.588022  0.429091  0.584566  0.658861  0.701996  0.434087  0.605135  0.584467  0.630344  0.667740  0.621544  0.434587  0.503114  0.407640  0.503243  0.479011  0.576255  0.362617  0.438420  0.625829  0.576322  0.651236  0.665163  0.518943  0.473751  0.510315  0.502466  0.436993  0.609535  0.451572  0.503370  0.421251  0.414895  0.512072  0.416360  0.508786  0.564832  0.528024  0.523451  0.669168  0.570972  0.456304  0.443914  0.377019  0.604651  0.484221  0.436179  0.446584  0.533670  0.552390  0.456138  0.636529  0.619479  0.432665  0.635237  0.432114  0.496850  0.460066  0.579990  0.505660  0.404778  0.628209  0.633738  0.494922  0.503483  0.508144  0.496255  0.582378  0.576305  0.624937  0.492701  0.407935  0.632292 
18  0.493960  0.837970  0.771328  0.194393  0.536559  0.430282  0.658600  0.492699  0.509677  0.602165  0.632806  0.605019  0.382110  0.727207  0.461872  0.662251  0.512146  0.535281 0.0  0.490703  0.633596  0.674938  0.595999  0.785467  0.425220  0.502029  0.420288  0.574788  0.575816  0.647700  0.585557  0.755156  0.605690  0.509638  0.670505  0.570679  0.859256  0.802038  0.693386  0.548399  0.577507  0.370759  0.359462  0.505308  0.632181  0.440868  0.717003  0.444656  0.523506  0.534932  0.327824  0.682408  0.326187  0.472093  0.697973  0.544114  0.664294  0.332168  0.551635  0.658276  0.319697  0.474598  0.675323  0.663886  0.575725  0.296232  0.469185  0.779569  0.395374  0.443774  0.385913  0.688723  0.593246  0.411342  0.772226  0.509567  0.683972  0.734709  0.551368  0.688255  0.538851  0.543767  0.493217  0.722992  0.531150  0.665384  0.527797  0.576673  0.556546  0.586811  0.642341  0.584157  0.162164  0.651953  0.421146  0.449666  0.415104  0.674435  0.544129  0.549042  0.646784  0.489216  0.746061  0.575455  0.522445  0.554249  0.457713  0.652554  0.426237  0.775959  0.674342  0.766595  0.736346  0.562991  0.798611  0.609417  0.616088  0.253620  0.540993  0.750895  0.647916  0.709038  0.595850  0.507894  0.549309  0.439283  0.759268  0.538414  0.625249  0.852392  0.528082  0.581430  0.565471  0.591958  0.757514  0.449253  0.573330  0.587450  0.570645  0.688110  0.477370  0.669694  0.437711  0.530981  0.719093  0.557931 
19  0.521640  0.711375  0.716187  0.469523  0.578718  0.486840  0.611093  0.580968  0.555738  0.547943  0.614392  0.554457  0.627549  0.603949  0.510127  0.625901  0.611285  0.466826  0.490703 0.0  0.507924  0.602603  0.470431  0.642273  0.485986  0.662459  0.547720  0.522670  0.618507  0.607665  0.634693  0.683032  0.604258  0.565226  0.633930  0.575567  0.529898  0.677604  0.576618  0.709220  0.632775  0.553909  0.505579  0.620634  0.616379  0.453505  0.555395  0.498193  0.499134  0.675617  0.519567  0.565916  0.431532  0.489156  0.473449  0.629540  0.556663  0.506792  0.617966  0.690330  0.504644  0.541914  0.645851  0.602440  0.532439  0.503323  0.580542  0.644727  0.566551  0.487567  0.516702  0.568017  0.488999  0.484553  0.597079  0.488382  0.518867  0.592195  0.636624  0.733122  0.445781  0.583551  0.586282  0.698508  0.534372  0.635589  0.640224  0.544125  0.669357  0.425818  0.586086  0.651438  0.429361  0.668690  0.585237  0.512887  0.618035  0.593896  0.560025  0.651027  0.437844  0.518528  0.548670  0.488854  0.596705  0.544308  0.560868  0.625644  0.482125  0.626126  0.560586  0.581718  0.640471  0.475293  0.757083  0.502772  0.627973  0.508166  0.652371  0.627624  0.675363  0.599495  0.583483  0.645669  0.505365  0.607829  0.596307  0.457431  0.554127  0.693175  0.559201  0.501205  0.514412  0.549514  0.623850  0.596098  0.485160  0.496564  0.566009  0.573658  0.537950  0.620067  0.483730  0.529698  0.621581  0.590922 
20  0.618930  0.556715  0.637295  0.471350  0.486767  0.789335  0.490884  0.411149  0.771069  0.498974  0.749784  0.458993  0.511987  0.575037  0.689986  0.448103  0.394156  0.481737  0.633596  0.507924 0.0  0.648606  0.396270  0.593852  0.628405  0.574579  0.425645  0.573599  0.362364  0.631162  0.463025  0.575517  0.455756  0.391670  0.664462  0.402559  0.399347  0.528901  0.515945  0.711748  0.328826  0.709381  0.591457  0.562429  0.582524  0.724259  0.447076  0.691968  0.302107  0.311265  0.557764  0.448410  0.541382  0.565074  0.555077  0.575075  0.374051  0.596757  0.555486  0.600871  0.539018  0.450265  0.308492  0.517170  0.443271  0.694423  0.560986  0.586967  0.528285  0.489186  0.474327  0.543526  0.364258  0.695796  0.506311  0.507729  0.791169  0.733974  0.466992  0.578105  0.388304  0.547957  0.559895  0.462317  0.329250  0.303122  0.500300  0.395585  0.462766  0.456630  0.563391  0.429105  0.624188  0.612846  0.557068  0.591948  0.517575  0.620124  0.414436  0.395792  0.462080  0.511036  0.453952  0.464214  0.496028  0.580001  0.419050  0.685988  0.697192  0.524971  0.455236  0.604694  0.588859  0.455579  0.435835  0.502791  0.361559  0.633229  0.437315  0.541986  0.478219  0.416288  0.734415  0.407483  0.528943  0.425066  0.314802  0.594915  0.554242  0.409990  0.336913  0.516548  0.520656  0.471631  0.536511  0.515282  0.452445  0.393503  0.567464  0.401060  0.571978  0.663462  0.509862  0.326341  0.511709  0.477880 
21  0.677886  0.648181  0.640874  0.665989  0.591369  0.708137  0.531420  0.470028  0.687538  0.664720  0.648180  0.634383  0.521820  0.585317  0.711154  0.560500  0.495163  0.517593  0.674938  0.602603  0.648606 0.0  0.683977  0.644667  0.515190  0.607925  0.658317  0.440429  0.530110  0.576024  0.548190  0.691241  0.526982  0.590497  0.610403  0.489758  0.528519  0.622258  0.582792  0.712550  0.582677  0.623027  0.701286  0.602408  0.647237  0.465101  0.381239  0.531551  0.533004  0.685778  0.582251  0.632059  0.564967  0.566106  0.612159  0.474242  0.664756  0.700286  0.665998  0.559695  0.583140  0.635632  0.689328  0.564374  0.523262  0.635333  0.714432  0.501624  0.553728  0.569276  0.702646  0.717115  0.760657  0.666237  0.632530  0.603286  0.698989  0.779797  0.614375  0.617044  0.565210  0.662104  0.513819  0.565992  0.573578  0.513925  0.587097  0.511903  0.486671  0.544962  0.605523  0.552400  0.560737  0.531843  0.600438  0.657393  0.564332  0.519977  0.731188  0.662624  0.693932  0.597799  0.543776  0.594747  0.739853  0.569668  0.587896  0.477387  0.501761  0.670963  0.543990  0.616219  0.702968  0.527884  0.591609  0.659827  0.541651  0.603029  0.536511  0.490702  0.676313  0.679458  0.567898  0.481774  0.699130  0.607426  0.674347  0.584916  0.604810  0.548021  0.527425  0.592265  0.657274  0.683633  0.628658  0.622637  0.530316  0.611716  0.593018  0.539650  0.545527  0.716547  0.575586  0.729788  0.716536  0.711456 
22  0.681769  0.438665  0.624988  0.610691  0.498220  0.631458  0.581234  0.379396  0.598466  0.187289  0.648158  0.359400  0.585098  0.743276  0.586543  0.423897  0.292010  0.491847  0.595999  0.470431  0.396270  0.683977 0.0  0.326211  0.520532  0.568990  0.464002  0.593698  0.281355  0.574902  0.306308  0.704800  0.385709  0.443189  0.571585  0.480449  0.328479  0.424155  0.645850  0.657999  0.548708  0.628915  0.688209  0.616041  0.573143  0.611944  0.459734  0.650946  0.171615  0.371804  0.485964  0.287301  0.554533  0.502982  0.625803  0.545315  0.284651  0.588117  0.400463  0.517924  0.474324  0.394831  0.421124  0.466444  0.336030  0.568937  0.569812  0.497760  0.562887  0.515634  0.571465  0.762973  0.337019  0.560295  0.400327  0.611000  0.797608  0.616787  0.449346  0.632713  0.543476  0.682089  0.545408  0.497029  0.301576  0.473617  0.575164  0.498868  0.414889  0.459813  0.457018  0.606258  0.640851  0.592809  0.537489  0.630074  0.477147  0.556496  0.440094  0.408393  0.502108  0.439847  0.279608  0.384056  0.454251  0.501503  0.517722  0.432367  0.530309  0.527891  0.327407  0.466585  0.575170  0.345931  0.558374  0.603019  0.338169  0.669836  0.562407  0.515706  0.480811  0.469168  0.555781  0.341005  0.595266  0.459493  0.390497  0.660584  0.335143  0.438110  0.441727  0.586185  0.540605  0.349301  0.516627  0.501055  0.384329  0.539285  0.541994  0.374663  0.503499  0.538720  0.460637  0.291536  0.504208  0.343295 
23  0.843095  0.412479  0.515091  0.750627  0.525033  0.786275  0.675701  0.714498  0.720332  0.525778  0.664275  0.379262  0.624184  0.768868  0.721716  0.371370  0.492793  0.564269  0.785467  0.642273  0.593852  0.644667  0.326211 0.0  0.653922  0.671247  0.720109  0.671155  0.457815  0.581923  0.407157  0.754020  0.620736  0.356553  0.383279  0.508064  0.405060  0.447971  0.574174  0.585189  0.561920  0.822399  0.751232  0.670065  0.466033  0.659054  0.321022  0.759172  0.488801  0.504733  0.542265  0.429917  0.918558  0.596402  0.629921  0.652938  0.494332  0.960263  0.483263  0.629692  0.628460  0.607724  0.562244  0.531349  0.560492  0.700799  0.826228  0.257689  0.609219  0.528990  0.623617  0.695705  0.353779  0.700423  0.526917  0.636720  0.848517  0.692415  0.320597  0.317621  0.746376  0.710964  0.621777  0.503869  0.476151  0.454659  0.597204  0.624135  0.554421  0.523572  0.414465  0.583747  0.936501  0.467174  0.806115  0.786621  0.658829  0.489666  0.532316  0.679124  0.409631  0.517104  0.293581  0.569657  0.429724  0.701776  0.641258  0.590867  0.708381  0.409999  0.438967  0.521921  0.598846  0.572561  0.388997  0.709955  0.441349  0.696232  0.722696  0.322993  0.345226  0.606363  0.603988  0.321433  0.684666  0.578938  0.414907  0.685091  0.323065  0.353094  0.554149  0.476318  0.669445  0.455170  0.577438  0.731700  0.457115  0.570303  0.696375  0.554027  0.714666  0.463018  0.509679  0.493691  0.518014  0.229794 
24  0.546065  0.779294  0.927371  0.549038  0.649808  0.401092  0.576387  0.574432  0.458066  0.658946  0.697032  0.610925  0.629347  0.823460  0.419865  0.692376  0.627524  0.576634  0.425220  0.485986  0.628405  0.515190  0.520532  0.653922 0.0  0.666162  0.491397  0.561727  0.579828  0.578811  0.657084  0.762121  0.499554  0.541869  0.728645  0.684121  0.804077  0.573013  0.683946  0.605894  0.667864  0.471861  0.292386  0.375752  0.766935  0.366096  0.612126  0.387301  0.443785  0.559991  0.408711  0.680375  0.457590  0.425626  0.562814  0.520805  0.544613  0.384122  0.540411  0.598470  0.359540  0.685433  0.559290  0.518842  0.570108  0.334959  0.410052  0.729801  0.713087  0.556014  0.580828  0.535799  0.653921  0.513117  0.655021  0.473212  0.594411  0.556962  0.662328  0.721474  0.680371  0.645793  0.542881  0.686322  0.531717  0.681449  0.721897  0.591208  0.637553  0.697353  0.619697  0.669290  0.419247  0.665407  0.352395  0.619934  0.618543  0.821387  0.625874  0.734872  0.661528  0.656341  0.685148  0.515050  0.698860  0.493464  0.648014  0.717896  0.289009  0.666144  0.594938  0.550658  0.579542  0.614163  0.738585  0.754388  0.606461  0.493025  0.607303  0.774329  0.596321  0.538427  0.672296  0.646512  0.548876  0.591904  0.563701  0.509471  0.625508  0.719679  0.589258  0.575652  0.535418  0.422103  0.649244  0.638580  0.707846  0.643481  0.561363  0.619457  0.589845  0.675205  0.524066  0.575287  0.929799  0.729098 
25  0.528711  0.679941  0.678351  0.589606  0.617903  0.561771  0.589063  0.613137  0.587390  0.536517  0.631568  0.650554  0.553200  0.625975  0.574711  0.623621  0.534950  0.581949  0.502029  0.662459  0.574579  0.607925  0.568990  0.671247  0.666162 0.0  0.623481  0.587447  0.617489  0.728132  0.524490  0.606570  0.499005  0.521123  0.663983  0.480452  0.645907  0.640748  0.550882  0.728735  0.636804  0.640354  0.679203  0.642054  0.638733  0.479657  0.664924  0.669001  0.601358  0.576046  0.537779  0.591006  0.582249  0.546117  0.593147  0.544402  0.612868  0.608405  0.597824  0.631953  0.632215  0.484219  0.509603  0.604787  0.552145  0.614077  0.573649  0.677686  0.520697  0.534411  0.526322  0.582084  0.660404  0.593101  0.504121  0.534535  0.678577  0.606742  0.702722  0.567728  0.580805  0.556084  0.545293  0.465475  0.545742  0.596466  0.571994  0.622428  0.541722  0.541482  0.564924  0.554639  0.559530  0.709245  0.565650  0.586807  0.575354  0.571161  0.552033  0.497967  0.609328  0.679298  0.536287  0.645679  0.662355  0.530462  0.561680  0.673634  0.664484  0.591131  0.505550  0.735450  0.490878  0.664986  0.630213  0.618901  0.504366  0.539833  0.543113  0.639770  0.642655  0.673778  0.604145  0.476775  0.558754  0.707953  0.595147  0.612028  0.636174  0.616171  0.460465  0.517633  0.606148  0.612781  0.541196  0.623053  0.545706  0.571785  0.551128  0.589711  0.644948  0.607251  0.714638  0.537823  0.666623  0.564487 
26  0.471777  0.770214  0.700736  0.507080  0.703583  0.594284  0.415158  0.203600  0.692939  0.355772  0.644533  0.492407  0.506831  0.611381  0.518079  0.663145  0.539012  0.655503  0.420288  0.547720  0.425645  0.658317  0.464002  0.720109  0.491397  0.623481 0.0  0.520534  0.515563  0.662250  0.508642  0.664221  0.449092  0.682824  0.777611  0.431591  0.571696  0.655702  0.697289  0.595031  0.714788  0.618083  0.738907  0.560516  0.736456  0.554992  0.596740  0.587546  0.459255  0.586377  0.501356  0.578392  0.434502  0.414664  0.599086  0.498744  0.578402  0.538188  0.614575  0.422710  0.442521  0.390311  0.607462  0.716555  0.587252  0.584125  0.599479  0.656581  0.483480  0.458077  0.510113  0.660137  0.542617  0.596779  0.632022  0.536028  0.565565  0.715543  0.674589  0.761498  0.375590  0.508900  0.509334  0.689490  0.598456  0.670611  0.545205  0.609064  0.549952  0.500480  0.611997  0.710183  0.468919  0.670709  0.427229  0.627288  0.553315  0.614169  0.545108  0.541262  0.472584  0.341892  0.545781  0.493904  0.505397  0.462697  0.541503  0.590929  0.542242  0.569830  0.614134  0.670979  0.777755  0.594488  0.562006  0.444014  0.535681  0.533680  0.510379  0.790454  0.685895  0.782498  0.745043  0.587256  0.494674  0.390598  0.554379  0.505873  0.653936  0.701184  0.443117  0.493780  0.596965  0.610029  0.696989  0.536495  0.549929  0.589009  0.479315  0.634937  0.413490  0.665889  0.541678  0.464526  0.723357  0.546805 
