146
0 0.0  0.584642  0.726353  0.421153  0.516892  0.605007  0.506890  0.327726  0.482495  0.538136  0.490632  0.607518  0.501985  0.567501  0.483660  0.619212  0.640483  0.507865  0.424439  0.428284  0.432530  0.518613  0.508114  0.736011  0.470572  0.473276  0.399022  0.480955  0.693238  0.536723  0.565302  0.561993  0.432302  0.577558  0.807503  0.555874  0.756433  0.554685  0.530649  0.619511  0.568505  0.427232  0.449349  0.538862  0.767324  0.498153  0.598480  0.498695  0.598294  0.625300  0.490210  0.579408  0.380854  0.535532  0.406636  0.457240  0.605280  0.443566  0.541811  0.556404  0.399060  0.552227  0.560511  0.570291  0.531804  0.471591  0.463095  0.676971  0.590400  0.521164  0.505537  0.611344  0.474317  0.487887  0.598584  0.488124  0.573088  0.613312  0.631373  0.622049  0.504726  0.358495  0.504934  0.612327  0.497704  0.656820  0.641937  0.578665  0.647995  0.475206  0.615324  0.625525  0.395619  0.577004  0.352679  0.382620  0.402526  0.688354  0.544903  0.402011  0.588200  0.483240  0.480491  0.494669  0.633035  0.423868  0.437265  0.600061  0.420986  0.639763  0.605585  0.581246  0.635430  0.565644  0.777403  0.521315  0.627569  0.385341  0.523980  0.677620  0.597600  0.600164  0.587528  0.615811  0.373295  0.488578  0.665345  0.450961  0.613781  0.773374  0.514685  0.480223  0.348987  0.518418  0.752710  0.530545  0.551315  0.500581  0.542342  0.657977  0.435580  0.586012  0.526491  0.572302  0.667228  0.533190 
1  0.584642 0.0  0.445831  0.652410  0.613980  0.710831  0.517812  0.574703  0.815811  0.537610  0.545330  0.417590  0.601631  0.718757  0.700973  0.481936  0.500257  0.560694  0.707253  0.572947  0.503064  0.520387  0.431882  0.362641  0.657395  0.482510  0.675460  0.589665  0.502834  0.623981  0.454293  0.708676  0.551815  0.511042  0.485580  0.464436  0.357745  0.524267  0.590890  0.457387  0.609901  1.000000  0.784081  0.649658  0.432914  0.724303  0.374228  0.671778  0.489385  0.504302  0.711243  0.527111  0.716083  0.699908  0.599278  0.753435  0.504399  0.771308  0.518722  0.690200  0.707765  0.532689  0.544933  0.581041  0.536765  0.735997  0.655867  0.350616  0.573177  0.470695  0.642637  0.646229  0.455299  0.710858  0.414378  0.703624  0.762583  0.738440  0.467477  0.350124  0.843712  0.640230  0.483963  0.381676  0.508292  0.460686  0.480812  0.494330  0.431993  0.596076  0.436344  0.497578  0.746721  0.587133  0.776072  0.682329  0.600706  0.410386  0.633772  0.720348  0.673351  0.548983  0.458854  0.550851  0.539724  0.638943  0.551114  0.497756  0.722526  0.409826  0.426301  0.722532  0.736097  0.550541  0.397683  0.628588  0.467897  0.802967  0.526690  0.410234  0.500981  0.588773  0.596539  0.389125  0.911367  0.470351  0.583424  0.589682  0.454990  0.487838  0.553643  0.594285  0.622370  0.579171  0.591367  0.521156  0.558760  0.564781  0.591795  0.577176  0.686754  0.599428  0.495327  0.588543  0.467823  0.492452 
2  0.726353  0.445831 0.0  0.734090  0.536095  0.662246  0.677050  0.691990  0.716522  0.509307  0.573569  0.551211  0.558135  0.601220  0.675801  0.504366  0.462583  0.502496  0.711572  0.560793  0.547594  0.499098  0.532564  0.367595  0.665541  0.543201  0.690879  0.595081  0.531667  0.560823  0.457694  0.637880  0.630824  0.429228  0.425460  0.401031  0.430103  0.534522  0.584358  0.532410  0.468917  0.795162  0.535964  0.543462  0.308212  0.661651  0.464266  0.639429  0.504805  0.529720  0.542003  0.560913  0.632051  0.728319  0.579715  0.586967  0.466705  0.631019  0.506871  0.614757  0.650165  0.596562  0.495605  0.563276  0.531302  0.773469  0.740929  0.375850  0.596110  0.693469  0.591070  0.575592  0.632922  0.631127  0.412640  0.596967  0.614304  0.631262  0.470002  0.422273  0.673538  0.580091  0.571872  0.524020  0.524091  0.444986  0.679670  0.472917  0.508474  0.568462  0.492263  0.418195  0.813307  0.540138  0.603369  0.681907  0.652199  0.474625  0.584268  0.729971  0.522370  0.705745  0.529796  0.672006  0.501816  0.670350  0.629618  0.474454  0.705787  0.467911  0.435437  0.554757  0.618293  0.549753  0.528283  0.580332  0.582622  0.681365  0.543056  0.301426  0.475420  0.377377  0.592336  0.373229  0.526389  0.688601  0.546136  0.632870  0.440061  0.497823  0.644830  0.499055  0.603710  0.647589  0.568750  0.566518  0.534737  0.572939  0.614476  0.661843  0.720960  0.533480  0.631555  0.648962  0.527393  0.438178 
3  0.421153  0.652410  0.734090 0.0  0.490319  0.412492  0.489331  0.381392  0.404666  0.482474  0.519786  0.561142  0.484269  0.535964  0.305879  0.503266  0.479260  0.559288  0.236682  0.495296  0.486416  0.490524  0.449241  0.594843  0.405614  0.535300  0.360967  0.522107  0.608190  0.506976  0.491178  0.584489  0.542008  0.481255  0.712745  0.479796  0.605110  0.651553  0.685169  0.595900  0.659296  0.378974  0.403270  0.337361  0.643312  0.405654  0.575056  0.314160  0.473891  0.507799  0.341805  0.522058  0.316530  0.448010  0.591496  0.440784  0.530798  0.309826  0.556587  0.478741  0.244746  0.501665  0.580601  0.640841  0.456663  0.299395  0.427690  0.529974  0.524629  0.433704  0.490288  0.551498  0.523596  0.454935  0.680688  0.333870  0.676777  0.599038  0.553624  0.590597  0.381047  0.521357  0.467886  0.533875  0.482917  0.564745  0.623163  0.536620  0.597013  0.463369  0.554987  0.622435  0.298156  0.547265  0.315999  0.421483  0.437113  0.620237  0.413179  0.433832  0.419253  0.488513  0.580672  0.484348  0.473368  0.472976  0.456655  0.623157  0.311230  0.607691  0.637131  0.657328  0.615197  0.538288  0.670985  0.414326  0.534572  0.265241  0.602000  0.747170  0.467467  0.599621  0.586397  0.517816  0.406083  0.433759  0.488198  0.494825  0.555751  0.655735  0.423541  0.473318  0.440156  0.505281  0.648499  0.476310  0.552662  0.464071  0.538008  0.686052  0.420485  0.599566  0.430417  0.450783  0.561469  0.448705 
4  0.516892  0.613980  0.536095  0.490319 0.0  0.518753  0.483692  0.624050  0.474088  0.404103  0.419805  0.433150  0.512970  0.668541  0.572788  0.530754  0.393330  0.316105  0.511903  0.484199  0.501927  0.650913  0.399721  0.488454  0.485683  0.549003  0.500787  0.480213  0.494900  0.409538  0.488075  0.350079  0.649209  0.521365  0.573219  0.522642  0.551835  0.462968  0.408508  0.666931  0.531645  0.475687  0.379030  0.464875  0.596366  0.449451  0.552763  0.422965  0.383658  0.397759  0.402468  0.455098  0.464026  0.399134  0.468478  0.462678  0.444317  0.619880  0.540294  0.614688  0.546110  0.578953  0.393687  0.494880  0.585511  0.540420  0.646456  0.565241  0.463217  0.547593  0.432537  0.584100  0.365810  0.517313  0.480751  0.369141  0.592659  0.500005  0.456268  0.612576  0.544660  0.485349  0.516725  0.638351  0.409745  0.505540  0.464930  0.439308  0.434782  0.465751  0.610189  0.532293  0.459288  0.569488  0.500566  0.397736  0.500361  0.586178  0.444005  0.606639  0.418314  0.520881  0.478959  0.414764  0.499255  0.413839  0.591649  0.542707  0.527935  0.486727  0.578599  0.427611  0.471859  0.285392  0.448303  0.405880  0.445337  0.475918  0.575499  0.515725  0.497268  0.348469  0.308930  0.402075  0.455936  0.680749  0.544872  0.466808  0.471047  0.540894  0.394775  0.623146  0.426315  0.386800  0.469473  0.538476  0.522746  0.625758  0.533957  0.499550  0.565075  0.341036  0.544050  0.577430  0.599833  0.624782 
5  0.605007  0.710831  0.662246  0.412492  0.518753 0.0  0.500952  0.603715  0.302578  0.514825  0.507546  0.727723  0.484658  0.590540  0.340423  0.582171  0.491087  0.558103  0.370875  0.448217  0.586799  0.607191  0.500395  0.685706  0.396257  0.576850  0.615376  0.552540  0.556366  0.528849  0.550064  0.531823  0.597422  0.568586  0.641774  0.549786  0.598221  0.482659  0.594574  0.620024  0.678793  0.385113  0.416082  0.388003  0.584175  0.392348  0.555813  0.393905  0.461214  0.607520  0.468005  0.496614  0.374204  0.581241  0.602997  0.520391  0.573667  0.478833  0.551122  0.632132  0.401574  0.537549  0.587587  0.598711  0.627925  0.267446  0.431516  0.645462  0.572789  0.598865  0.667457  0.539000  0.581224  0.304748  0.667416  0.450188  0.507530  0.563817  0.620534  0.639817  0.547651  0.490983  0.444336  0.569512  0.629715  0.565051  0.557531  0.531817  0.671167  0.585800  0.613107  0.643386  0.274007  0.604019  0.364295  0.389036  0.626376  0.673935  0.619276  0.633703  0.478798  0.568974  0.602969  0.442732  0.733594  0.655803  0.517984  0.636753  0.282358  0.818575  0.555131  0.559905  0.578180  0.494054  0.487595  0.538034  0.541368  0.367162  0.562956  0.687854  0.521065  0.506517  0.567262  0.563904  0.552383  0.656887  0.541357  0.527749  0.612693  0.603052  0.618822  0.617420  0.564201  0.501306  0.519488  0.547789  0.593972  0.496316  0.585390  0.615411  0.569546  0.755174  0.589466  0.627869  0.632365  0.542268 
6  0.506890  0.517812  0.677050  0.489331  0.483692  0.500952 0.0  0.470721  0.546224  0.446119  0.532553  0.500218  0.514970  0.624352  0.454585  0.501737  0.507138  0.578364  0.420297  0.557456  0.470775  0.471203  0.460447  0.556316  0.557151  0.571890  0.439022  0.501264  0.465476  0.519485  0.498378  0.441868  0.524127  0.637508  0.634801  0.498247  0.560562  0.530763  0.577880  0.475202  0.460666  0.490069  0.475364  0.522374  0.517710  0.481240  0.484091  0.379123  0.503155  0.514174  0.468570  0.451278  0.435488  0.474201  0.451058  0.449341  0.472451  0.516908  0.520283  0.579833  0.430228  0.459347  0.474256  0.494816  0.623701  0.512918  0.468915  0.700737  0.546425  0.382123  0.521441  0.517628  0.424790  0.481653  0.561926  0.423310  0.539435  0.517310  0.424206  0.574856  0.406384  0.511169  0.472132  0.432019  0.503058  0.592386  0.563518  0.436142  0.428559  0.479638  0.565362  0.507842  0.435399  0.550385  0.378212  0.502556  0.468930  0.571676  0.456674  0.482182  0.544370  0.408827  0.408925  0.502295  0.463908  0.475582  0.541429  0.616039  0.406475  0.567084  0.492292  0.476679  0.528866  0.452960  0.524380  0.541551  0.553704  0.499356  0.599407  0.566316  0.547499  0.498454  0.548235  0.406785  0.530755  0.488308  0.597033  0.534442  0.524318  0.628148  0.469797  0.538256  0.511250  0.461964  0.503504  0.447126  0.491546  0.482311  0.479690  0.588245  0.427324  0.502916  0.575326  0.495643  0.588411  0.557962 
7  0.327726  0.574703  0.691990  0.381392  0.624050  0.603715  0.470721 0.0  0.430562  0.531921  0.529919  0.419142  0.496769  0.586341  0.480408  0.459812  0.417891  0.480727  0.446533  0.464816  0.351982  0.482224  0.332894  0.507618  0.469770  0.492368  0.228882  0.562556  0.437759  0.573662  0.453188  0.587243  0.258644  0.509949  0.537152  0.293416  0.516283  0.623852  0.625757  0.606065  0.612431  0.474096  0.522577  0.498510  0.637597  0.503514  0.403239  0.571452  0.400531  0.367357  0.452392  0.580403  0.467595  0.311455  0.623572  0.426550  0.396982  0.419292  0.494065  0.337714  0.312584  0.255277  0.423563  0.611213  0.455403  0.393074  0.685803  0.553033  0.450498  0.344495  0.459725  0.600617  0.500853  0.485432  0.474384  0.467983  0.505565  0.453831  0.411271  0.524323  0.316045  0.523818  0.455984  0.465071  0.468640  0.502927  0.483790  0.512233  0.615586  0.396170  0.519089  0.523073  0.424304  0.468629  0.431552  0.513215  0.412764  0.647397  0.424123  0.385254  0.401360  0.268823  0.489250  0.282528  0.454921  0.508456  0.361950  0.512369  0.453809  0.511843  0.465771  0.565643  0.665833  0.546964  0.508097  0.487065  0.461752  0.394582  0.467886  0.572899  0.475332  0.546948  0.556500  0.473494  0.494159  0.212823  0.407265  0.529127  0.483327  0.485633  0.482489  0.402538  0.451471  0.478333  0.599968  0.477198  0.401957  0.465292  0.512024  0.420705  0.325682  0.541233  0.382881  0.388331  0.571387  0.384185 
8  0.482495  0.815811  0.716522  0.404666  0.474088  0.302578  0.546224  0.430562 0.0  0.473543  0.577508  0.454855  0.527886  0.513563  0.302942  0.611004  0.509849  0.534852  0.330710  0.408217  0.582940  0.500663  0.593762  0.591056  0.339124  0.516740  0.516414  0.625917  0.534345  0.488287  0.551138  0.555771  0.675324  0.579356  0.738760  0.592349  0.620141  0.619401  0.513917  0.638641  0.687003  0.366546  0.269547  0.393231  0.602286  0.306657  0.697428  0.342193  0.424992  0.668472  0.443581  0.672115  0.290354  0.478697  0.471658  0.375646  0.511803  0.431193  0.522860  0.595410  0.375435  0.599254  0.468194  0.652590  0.598949  0.310753  0.315066  0.668537  0.521743  0.551398  0.649224  0.616230  0.562503  0.327296  0.529740  0.372918  0.546212  0.479285  0.514495  0.658382  0.609976  0.477927  0.520376  0.727905  0.511337  0.612046  0.743386  0.467601  0.705314  0.506235  0.575185  0.565187  0.292646  0.777898  0.296739  0.435515  0.586143  0.530133  0.532211  0.613164  0.542984  0.586108  0.513783  0.497994  0.637993  0.510526  0.586040  0.569275  0.255072  0.593239  0.577733  0.451597  0.586614  0.402107  0.672544  0.495040  0.618583  0.334633  0.626383  0.709384  0.551481  0.582111  0.523015  0.585612  0.520616  0.502858  0.559509  0.440352  0.591680  0.663635  0.538552  0.545756  0.482754  0.401486  0.665734  0.500471  0.595750  0.530737  0.544990  0.608251  0.599342  0.630582  0.509505  0.540297  0.705198  0.684184 
9  0.538136  0.537610  0.509307  0.482474  0.404103  0.514825  0.446119  0.531921  0.473543 0.0  0.549920  0.362673  0.531105  0.606298  0.648222  0.350756  0.329719  0.388213  0.523388  0.556691  0.429032  0.517815  0.339596  0.566867  0.544867  0.458031  0.448369  0.478579  0.336674  0.374221  0.310622  0.541112  0.535710  0.471872  0.534853  0.456688  0.474054  0.408011  0.390075  0.676583  0.568582  0.604606  0.545207  0.401863  0.414239  0.407936  0.485905  0.494343  0.281696  0.402830  0.496214  0.471304  0.416945  0.511564  0.520404  0.391314  0.414871  0.510450  0.500688  0.562513  0.453534  0.571506  0.401458  0.462382  0.415396  0.496741  0.465267  0.431823  0.348154  0.515208  0.448400  0.554185  0.435541  0.531875  0.473082  0.388330  0.617207  0.474882  0.368933  0.594675  0.599609  0.475848  0.429580  0.422398  0.405432  0.396581  0.427112  0.309430  0.433191  0.442549  0.495431  0.404900  0.552228  0.516338  0.487910  0.453237  0.598260  0.594937  0.409631  0.387044  0.376927  0.462429  0.418816  0.380812  0.446809  0.410606  0.522536  0.415101  0.440168  0.542126  0.411426  0.423837  0.436355  0.279036  0.455929  0.556710  0.372783  0.487040  0.413522  0.542065  0.377578  0.389310  0.452509  0.394251  0.530516  0.514108  0.413907  0.552316  0.440347  0.579981  0.292370  0.460079  0.534695  0.385405  0.401156  0.528916  0.477002  0.429023  0.478957  0.388981  0.529966  0.482801  0.405411  0.431513  0.423589  0.441383 
10  0.490632  0.545330  0.573569  0.519786  0.419805  0.507546  0.532553  0.529919  0.577508  0.549920 0.0  0.530706  0.591159  0.596538  0.561232  0.538486  0.518937  0.516948  0.645405  0.468261  0.559477  0.560913  0.622632  0.613840  0.549572  0.495688  0.473379  0.537568  0.591183  0.562940  0.525505  0.468927  0.587165  0.627772  0.631870  0.572742  0.518330  0.577728  0.463019  0.570221  0.573077  0.497550  0.542967  0.506513  0.546830  0.615676  0.549761  0.457391  0.533403  0.520506  0.550793  0.477756  0.469708  0.531808  0.526959  0.545355  0.574032  0.539570  0.577471  0.664785  0.668933  0.512572  0.554727  0.466676  0.681004  0.571360  0.577567  0.572470  0.458240  0.627988  0.559992  0.522563  0.632817  0.493221  0.475376  0.529397  0.469447  0.518725  0.594466  0.511235  0.486926  0.542452  0.639140  0.609623  0.539268  0.555819  0.631472  0.549763  0.488803  0.551302  0.680714  0.694468  0.533825  0.481507  0.588693  0.576204  0.522429  0.525730  0.551137  0.484038  0.498164  0.498564  0.635563  0.636016  0.541396  0.549287  0.491902  0.549896  0.603606  0.628343  0.502933  0.548399  0.517146  0.460743  0.622890  0.466438  0.528281  0.535906  0.525305  0.550391  0.620504  0.476348  0.476116  0.497196  0.571231  0.535401  0.615748  0.512335  0.462404  0.553898  0.497210  0.564305  0.604262  0.565845  0.530089  0.504263  0.567384  0.468777  0.613898  0.621603  0.479463  0.521397  0.544026  0.589068  0.575398  0.622143 
11  0.607518  0.417590  0.551211  0.561142  0.433150  0.727723  0.500218  0.419142  0.454855  0.362673  0.530706 0.0  0.466881  0.603289  0.564765  0.372524  0.326609  0.375376  0.544872  0.546592  0.337499  0.496057  0.298753  0.360049  0.410002  0.461797  0.410990  0.437812  0.188207  0.427596  0.277314  0.555161  0.384245  0.326729  0.462659  0.309240  0.262892  0.389034  0.592712  0.562229  0.395679  0.612260  0.523962  0.486727  0.436436  0.518456  0.347688  0.551079  0.237679  0.378050  0.466960  0.362559  0.570265  0.424082  0.490249  0.476076  0.301154  0.546698  0.358683  0.597323  0.480457  0.417612  0.256116  0.515289  0.348682  0.446543  0.524454  0.332331  0.328564  0.437443  0.448085  0.543202  0.456088  0.609594  0.416742  0.492640  0.557013  0.351996  0.193809  0.506002  0.555331  0.610880  0.480493  0.418184  0.323786  0.314245  0.532548  0.372926  0.461555  0.364821  0.312628  0.471363  0.637363  0.431753  0.487909  0.502875  0.488564  0.499588  0.479970  0.462344  0.301254  0.457795  0.337657  0.435069  0.348516  0.456353  0.521963  0.379528  0.452214  0.383007  0.216519  0.436992  0.501411  0.315828  0.339608  0.470571  0.279360  0.565674  0.380565  0.480235  0.324724  0.417060  0.579130  0.398916  0.617388  0.380431  0.160716  0.527723  0.386403  0.342270  0.411899  0.353068  0.500035  0.296835  0.598647  0.551661  0.327745  0.333838  0.410150  0.269463  0.518481  0.473038  0.382796  0.281773  0.369206  0.283129 
12  0.501985  0.601631  0.558135  0.484269  0.512970  0.484658  0.514970  0.496769  0.527886  0.531105  0.591159  0.466881 0.0  0.558566  0.481578  0.508248  0.445029  0.510772  0.462826  0.484967  0.483861  0.420738  0.385298  0.520310  0.441942  0.494631  0.497007  0.388377  0.482173  0.627197  0.424769  0.571481  0.479021  0.514594  0.490178  0.435974  0.526678  0.386974  0.650722  0.559864  0.449827  0.541013  0.469323  0.429129  0.469992  0.502130  0.502406  0.515378  0.495580  0.435053  0.434720  0.561968  0.491155  0.484484  0.527410  0.461257  0.473531  0.528379  0.474014  0.514844  0.457243  0.432705  0.400405  0.454320  0.440190  0.478123  0.499827  0.498452  0.557448  0.511288  0.492668  0.609473  0.553717  0.554322  0.513114  0.455363  0.551367  0.617623  0.478271  0.565973  0.458042  0.457228  0.479869  0.486202  0.504237  0.419215  0.450551  0.514014  0.451021  0.464580  0.501403  0.576614  0.406779  0.519299  0.498811  0.482552  0.522383  0.536745  0.502450  0.521948  0.524354  0.408673  0.438293  0.425948  0.486360  0.403160  0.518394  0.569219  0.445925  0.591795  0.421355  0.620921  0.648278  0.475809  0.464750  0.478952  0.471295  0.528495  0.446388  0.513045  0.570352  0.539045  0.692910  0.424347  0.504128  0.505057  0.495940  0.540566  0.497001  0.638774  0.571523  0.494411  0.561276  0.483181  0.454543  0.503093  0.485983  0.524500  0.518055  0.500011  0.474211  0.581464  0.407764  0.521791  0.521909  0.480785 
13  0.567501  0.718757  0.601220  0.535964  0.668541  0.590540  0.624352  0.586341  0.513563  0.606298  0.596538  0.603289  0.558566 0.0  0.532182  0.512239  0.500593  0.533052  0.596711  0.593921  0.534889  0.503567  0.650716  0.469896  0.579336  0.575817  0.540694  0.636134  0.550312  0.704408  0.615162  0.632766  0.536301  0.571671  0.539845  0.473790  0.600486  0.531540  0.501590  0.517061  0.657484  0.465965  0.646102  0.542835  0.580170  0.615418  0.661857  0.624329  0.631613  0.539161  0.542788  0.662886  0.514538  0.575365  0.577468  0.584055  0.567576  0.470615  0.630810  0.619664  0.495882  0.553627  0.594524  0.635929  0.518912  0.597578  0.623840  0.547370  0.574751  0.514929  0.517601  0.625265  0.577423  0.539959  0.634339  0.534406  0.591662  0.638102  0.562536  0.514103  0.551441  0.542516  0.544091  0.580370  0.650571  0.480567  0.512911  0.512981  0.669953  0.512073  0.683207  0.620773  0.526727  0.576946  0.588760  0.554588  0.477892  0.479952  0.450067  0.498034  0.548073  0.645484  0.612986  0.634900  0.470913  0.559821  0.492927  0.619670  0.536395  0.581113  0.573805  0.575756  0.524262  0.608545  0.557521  0.525262  0.597923  0.481534  0.554378  0.544891  0.530836  0.653364  0.565856  0.550613  0.573470  0.547892  0.630760  0.576385  0.541653  0.629582  0.497239  0.578024  0.558604  0.595504  0.602464  0.508390  0.526465  0.555551  0.574540  0.608007  0.449930  0.599620  0.505734  0.527180  0.571273  0.569448 
14  0.483660  0.700973  0.675801  0.305879  0.572788  0.340423  0.454585  0.480408  0.302942  0.648222  0.561232  0.564765  0.481578  0.532182 0.0  0.558200  0.586610  0.537042  0.327054  0.383566  0.499164  0.598532  0.479484  0.608612  0.415434  0.515314  0.448661  0.449233  0.643206  0.649000  0.625231  0.399858  0.532979  0.541046  0.621533  0.467820  0.527064  0.663948  0.612843  0.576882  0.633314  0.273078  0.496631  0.430889  0.570911  0.450835  0.710287  0.266484  0.413853  0.585778  0.398150  0.646156  0.258925  0.503055  0.432998  0.545538  0.380612  0.300794  0.606510  0.632603  0.256880  0.495046  0.498503  0.647479  0.552896  0.290118  0.441722  0.599285  0.506290  0.560623  0.589304  0.404991  0.453942  0.395601  0.578417  0.345455  0.547502  0.578113  0.515656  0.609517  0.677078  0.500564  0.510314  0.642787  0.484189  0.512461  0.666936  0.553000  0.618907  0.528749  0.636127  0.659434  0.230032  0.606950  0.323201  0.387812  0.438365  0.621969  0.410647  0.457666  0.466778  0.492894  0.633625  0.522240  0.449441  0.527642  0.412644  0.525967  0.274570  0.628323  0.580710  0.648318  0.614532  0.514816  0.683115  0.446970  0.596894  0.282368  0.546349  0.586600  0.639593  0.582178  0.489439  0.562321  0.460850  0.443931  0.528145  0.406382  0.552756  0.609120  0.496012  0.577426  0.396668  0.431701  0.604365  0.462013  0.448898  0.463665  0.500846  0.639366  0.559944  0.614687  0.557895  0.481627  0.643753  0.429790 
15  0.619212  0.481936  0.504366  0.503266  0.530754  0.582171  0.501737  0.459812  0.611004  0.350756  0.538486  0.372524  0.508248  0.512239  0.558200 0.0  0.363259  0.432020  0.549416  0.567867  0.387275  0.500479  0.390555  0.451026  0.581622  0.547495  0.562556  0.507256  0.366823  0.458920  0.418844  0.563304  0.596792  0.406437  0.418564  0.410466  0.492786  0.530156  0.408813  0.458958  0.507945  0.593313  0.641131  0.582456  0.459189  0.512438  0.377909  0.534659  0.334574  0.457751  0.575232  0.449789  0.572714  0.446566  0.583303  0.434080  0.424933  0.593985  0.603993  0.565791  0.430644  0.511446  0.370237  0.427457  0.478949  0.520953  0.609870  0.405974  0.426797  0.500487  0.481171  0.510560  0.434449  0.580720  0.575402  0.513395  0.572002  0.523565  0.390869  0.316393  0.532640  0.571385  0.510638  0.371271  0.392188  0.406209  0.515485  0.396213  0.458390  0.478625  0.509829  0.459563  0.622544  0.415632  0.497771  0.495004  0.435995  0.527773  0.368546  0.501295  0.461404  0.505180  0.573299  0.488944  0.525409  0.588345  0.525423  0.517487  0.615753  0.423808  0.436143  0.400179  0.378175  0.443338  0.442394  0.593508  0.435315  0.551149  0.533055  0.506362  0.392727  0.464470  0.352238  0.347687  0.595318  0.498342  0.438253  0.523319  0.449205  0.406466  0.385143  0.458797  0.453177  0.436395  0.446216  0.477590  0.478120  0.469950  0.536617  0.528130  0.529981  0.472998  0.459902  0.439628  0.518558  0.456789 
16  0.640483  0.500257  0.462583  0.479260  0.393330  0.491087  0.507138  0.417891  0.509849  0.329719  0.518937  0.326609  0.445029  0.500593  0.586610  0.363259 0.0  0.369012  0.405046  0.482020  0.341321  0.433090  0.296042  0.415854  0.519694  0.450178  0.450005  0.493281  0.302962  0.448017  0.335042  0.421896  0.419144  0.383698  0.572633  0.341307  0.419988  0.437154  0.505879  0.586032  0.424974  0.556264  0.503749  0.474990  0.460452  0.415075  0.356569  0.449885  0.322849  0.313738  0.460422  0.354646  0.480569  0.475876  0.574877  0.437324  0.333529  0.550549  0.394269  0.561139  0.414573  0.424229  0.454007  0.468719  0.409070  0.544892  0.484706  0.462942  0.296407  0.329747  0.372426  0.567268  0.430493  0.506291  0.411702  0.499251  0.628337  0.475617  0.333844  0.529611  0.568231  0.583479  0.447008  0.357606  0.416978  0.302088  0.472948  0.455754  0.374557  0.375221  0.389702  0.458833  0.482755  0.337353  0.479105  0.461107  0.482937  0.414392  0.344812  0.426396  0.321419  0.483459  0.419701  0.449857  0.337110  0.434643  0.484398  0.354943  0.466809  0.526499  0.357645  0.413197  0.521282  0.370338  0.392627  0.423443  0.364043  0.474070  0.433683  0.510530  0.335270  0.420573  0.466238  0.291850  0.542833  0.461590  0.322640  0.497686  0.374594  0.402235  0.416690  0.430079  0.483978  0.383081  0.460065  0.482399  0.385515  0.408420  0.555083  0.467782  0.439703  0.540615  0.405978  0.393438  0.489324  0.273804 
17  0.507865  0.560694  0.502496  0.559288  0.316105  0.558103  0.578364  0.480727  0.534852  0.388213  0.516948  0.375376  0.510772  0.533052  0.537042  0.432020  0.369012 0.0  0.475301  0.556775  0.449894  0.417042  0.418194  0.429563  0.515279  0.596939  0.481863  0.451568  0.374463  0.504354  0.399913  0.528807  0.437957  0.394199  0.535113  0.392123  0.350416  0.315887  0.518089  0.578630  0.385565  0.587009  0.592644  0.483659  0.592100  0.416439  0.382604  0.629439  0.377005  0.394932  0.456278  0.482798  0.572013  0.425318  0.530813  0.520879  0.388502  0.499582  0.461222  0.438938  0.418067  0.527646  0.431371  0.403804  0.373874  0.542468  0.458314  0.438904  0.433842  0.505645  0.385555  0.550577  0.354783  0.488144  0.455421  0.421235  0.505611  0.573624  0.377993  0.518902  0.488754  0.629139  0.447540  0.550173  0.438718  0.375775  0.318039  0.410529  0.383036  0.422606  0.365180  0.458098  0.485468  0.433006  0.607417  0.528701  0.503304  0.476544  0.482914  0.471984  0.412445  0.451162  0.402394  0.444889  0.421422  0.476826  0.472843  0.431818  0.499533  0.478115  0.442162  0.452126  0.565170  0.365638  0.359075  0.410837  0.363773  0.563413  0.470146  0.423324  0.426873  0.438858  0.423841  0.377932  0.591962  0.447440  0.357342  0.559030  0.319647  0.433884  0.359934  0.461757  0.490291  0.441334  0.482184  0.562889  0.452291  0.444394  0.555611  0.417248  0.454385  0.450379  0.486078  0.404835  0.598729  0.453920 
18  0.424439  0.707253  0.711572  0.236682  0.511903  0.370875  0.420297  0.446533  0.330710  0.523388  0.645405  0.544872  0.462826  0.596711  0.327054  0.549416  0.405046  0.475301 0.0  0.500083  0.564903  0.533975  0.520841  0.644549  0.373901  0.508224  0.410859  0.459099  0.572052  0.583910  0.664315  0.482475  0.508416  0.550547  0.593998  0.442009  0.719198  0.546534  0.603121  0.663808  0.586885  0.353950  0.359800  0.459978  0.678323  0.401497  0.604543  0.329008  0.512853  0.468888  0.311254  0.611174  0.287651  0.445021  0.486332  0.444048  0.516221  0.317531  0.594862  0.453278  0.246518  0.441290  0.629957  0.573768  0.569141  0.307273  0.361944  0.609483  0.452091  0.375317  0.394501  0.649758  0.616065  0.372896  0.684780  0.358057  0.605887  0.563927  0.574302  0.649965  0.447873  0.459240  0.448637  0.518040  0.464041  0.424486  0.516949  0.487832  0.529609  0.444171  0.643150  0.636464  0.257629  0.546066  0.327828  0.373421  0.442507  0.544105  0.495214  0.427496  0.505185  0.397709  0.648751  0.421652  0.527773  0.454083  0.407952  0.587953  0.342863  0.629140  0.614054  0.638244  0.613045  0.467275  0.583446  0.444987  0.542989  0.220901  0.446454  0.629674  0.624867  0.617433  0.567277  0.526603  0.459472  0.494489  0.562912  0.388760  0.512110  0.638625  0.507019  0.477986  0.431921  0.457695  0.589621  0.512820  0.525575  0.467126  0.415466  0.538948  0.391910  0.619119  0.464373  0.498636  0.698358  0.486893 
19  0.428284  0.572947  0.560793  0.495296  0.484199  0.448217  0.557456  0.464816  0.408217  0.556691  0.468261  0.546592  0.484967  0.593921  0.383566  0.567867  0.482020  0.556775  0.500083 0.0  0.455294  0.509017  0.416127  0.575314  0.482178  0.542032  0.468156  0.471450  0.500152  0.488540  0.506329  0.554759  0.496707  0.532476  0.616125  0.468174  0.498872  0.559756  0.470553  0.544083  0.510178  0.485490  0.440878  0.453927  0.547696  0.486747  0.446188  0.397641  0.550107  0.489984  0.506461  0.603987  0.393837  0.406639  0.396480  0.450488  0.523193  0.507026  0.492533  0.518297  0.406201  0.485968  0.474737  0.459747  0.490733  0.479031  0.491063  0.641306  0.440088  0.457809  0.422953  0.569468  0.503553  0.446936  0.527972  0.406482  0.454314  0.539133  0.499368  0.547944  0.454863  0.461760  0.509449  0.528663  0.390241  0.529381  0.508477  0.520714  0.537086  0.397802  0.452413  0.560758  0.425026  0.581064  0.432676  0.459132  0.456811  0.605971  0.442450  0.434667  0.543192  0.478570  0.465018  0.428926  0.577645  0.520282  0.485769  0.591352  0.418202  0.516304  0.460655  0.487053  0.583391  0.421575  0.601187  0.400504  0.444955  0.408477  0.503502  0.633564  0.617902  0.475580  0.497093  0.546032  0.421416  0.533585  0.512794  0.429471  0.515169  0.543920  0.609254  0.488128  0.425468  0.360936  0.460266  0.510567  0.529850  0.394382  0.539123  0.449902  0.487872  0.602723  0.509674  0.488816  0.581922  0.452113 
20  0.432530  0.503064  0.547594  0.486416  0.501927  0.586799  0.470775  0.351982  0.582940  0.429032  0.559477  0.337499  0.483861  0.534889  0.499164  0.387275  0.341321  0.449894  0.564903  0.455294 0.0  0.507611  0.279184  0.511427  0.513934  0.419707  0.417611  0.477908  0.309025  0.434618  0.375764  0.551092  0.420046  0.431290  0.596682  0.350547  0.333591  0.394159  0.567355  0.555234  0.346622  0.517856  0.544561  0.525588  0.527197  0.625352  0.339328  0.532263  0.267241  0.325631  0.439776  0.430795  0.539401  0.550027  0.571734  0.478359  0.302351  0.502410  0.520216  0.542034  0.438144  0.476516  0.288983  0.423142  0.357839  0.620329  0.583410  0.453870  0.329383  0.460346  0.444618  0.478456  0.344577  0.451792  0.428477  0.401872  0.681054  0.608001  0.300925  0.542135  0.407317  0.559659  0.415538  0.326662  0.289105  0.334554  0.441519  0.348843  0.399404  0.356781  0.381204  0.453804  0.524495  0.480518  0.494756  0.540339  0.452079  0.501521  0.321038  0.381137  0.383349  0.388891  0.353405  0.436988  0.415033  0.512046  0.466918  0.463427  0.517979  0.408611  0.295456  0.624494  0.580920  0.352457  0.407181  0.373337  0.303851  0.507009  0.437299  0.451321  0.433283  0.394515  0.504929  0.361565  0.524306  0.411951  0.267260  0.455930  0.467666  0.356500  0.334835  0.421569  0.425711  0.361738  0.437081  0.500096  0.407590  0.369271  0.492262  0.341564  0.438627  0.486504  0.439483  0.297355  0.384054  0.332966 
21  0.518613  0.520387  0.499098  0.490524  0.650913  0.607191  0.471203  0.482224  0.500663  0.517815  0.560913  0.496057  0.420738  0.503567  0.598532  0.500479  0.433090  0.417042  0.533975  0.509017  0.507611 0.0  0.494297  0.498165  0.489552  0.547685  0.473049  0.496024  0.552151  0.556577  0.470069  0.693643  0.488055  0.510216  0.448260  0.495811  0.529160  0.500843  0.519574  0.534696  0.446642  0.490773  0.553168  0.617412  0.552844  0.466698  0.408020  0.445564  0.517414  0.455036  0.498031  0.558713  0.544262  0.417853  0.477134  0.434431  0.548046  0.628039  0.482526  0.430312  0.495440  0.593555  0.488988  0.437202  0.566249  0.502871  0.547985  0.516306  0.443103  0.478611  0.512374  0.654093  0.550609  0.621432  0.411568  0.465808  0.602353  0.565791  0.501362  0.507477  0.534133  0.547168  0.481749  0.414723  0.484339  0.553621  0.535765  0.512830  0.467772  0.448588  0.469815  0.498339  0.530455  0.474034  0.510108  0.576183  0.429911  0.526286  0.482694  0.430414  0.559314  0.458911  0.509969  0.533480  0.520126  0.501384  0.441123  0.452838  0.433931  0.512599  0.595842  0.654290  0.600132  0.563697  0.501720  0.527782  0.453964  0.477348  0.575036  0.514262  0.646833  0.516069  0.539440  0.476516  0.542612  0.445867  0.551652  0.587674  0.522913  0.578820  0.530870  0.510900  0.428211  0.501335  0.508424  0.447455  0.510924  0.512630  0.521217  0.556784  0.428224  0.514757  0.460199  0.559565  0.524150  0.507296 
22  0.508114  0.431882  0.532564  0.449241  0.399721  0.500395  0.460447  0.332894  0.593762  0.339596  0.622632  0.298753  0.385298  0.650716  0.479484  0.390555  0.296042  0.418194  0.520841  0.416127  0.279184  0.494297 0.0  0.309539  0.550509  0.535200  0.474415  0.350052  0.252237  0.465099  0.262584  0.633055  0.372586  0.374104  0.539358  0.313686  0.244627  0.328925  0.596216  0.562840  0.371398  0.524391  0.526324  0.498505  0.494980  0.517429  0.324810  0.556645  0.191090  0.277790  0.425052  0.414643  0.557334  0.417178  0.545630  0.540199  0.245062  0.644107  0.356636  0.465945  0.343141  0.405412  0.240389  0.401972  0.347263  0.565632  0.498157  0.380547  0.428996  0.445506  0.495210  0.583775  0.355056  0.491999  0.350175  0.538449  0.661648  0.571755  0.287272  0.440655  0.488904  0.475251  0.447746  0.430418  0.342506  0.398649  0.458027  0.401142  0.391915  0.486435  0.405701  0.426163  0.677709  0.541143  0.532863  0.483405  0.435912  0.552819  0.418030  0.425043  0.339085  0.419601  0.308870  0.339918  0.377036  0.494532  0.501096  0.463652  0.472508  0.468599  0.263616  0.484737  0.589573  0.354696  0.376987  0.404689  0.265716  0.597772  0.540194  0.519006  0.375642  0.480759  0.496132  0.339814  0.490226  0.363057  0.237047  0.475776  0.347573  0.304941  0.347898  0.441597  0.461998  0.281435  0.390242  0.519113  0.349157  0.469666  0.466356  0.355677  0.404938  0.592896  0.467364  0.290230  0.356104  0.324315 
23  0.736011  0.362641  0.367595  0.594843  0.488454  0.685706  0.556316  0.507618  0.591056  0.566867  0.613840  0.360049  0.520310  0.469896  0.608612  0.451026  0.415854  0.429563  0.644549  0.575314  0.511427  0.498165  0.309539 0.0  0.574655  0.594834  0.525428  0.568741  0.406413  0.466622  0.368052  0.578794  0.387172  0.311990  0.384100  0.407838  0.306562  0.386816  0.619818  0.496746  0.441408  0.706095  0.658170  0.635608  0.400798  0.659616  0.335526  0.550809  0.335569  0.453988  0.482409  0.468640  0.598987  0.610202  0.485738  0.530236  0.373844  0.776631  0.445467  0.558031  0.624837  0.571203  0.613350  0.411997  0.385179  0.653857  0.667128  0.268154  0.484389  0.577535  0.532245  0.594335  0.435649  0.645361  0.361210  0.577405  0.575498  0.645824  0.256890  0.308852  0.619566  0.499872  0.568182  0.540306  0.514232  0.418943  0.608323  0.463218  0.439373  0.395811  0.313636  0.457185  0.830562  0.349385  0.585726  0.665331  0.537286  0.415065  0.508476  0.530257  0.363097  0.534814  0.380149  0.519430  0.335665  0.643921  0.582839  0.516242  0.680823  0.382196  0.350790  0.507719  0.533465  0.527856  0.395410  0.470772  0.436671  0.636263  0.505624  0.354296  0.342653  0.528736  0.429858  0.348738  0.671765  0.514393  0.430507  0.599796  0.289470  0.253331  0.510258  0.437760  0.510199  0.436197  0.533560  0.517780  0.315023  0.468159  0.479044  0.447542  0.587711  0.552212  0.469650  0.416135  0.495681  0.242814 
24  0.470572  0.657395  0.665541  0.405614  0.485683  0.396257  0.557151  0.469770  0.339124  0.544867  0.549572  0.410002  0.441942  0.579336  0.415434  0.581622  0.519694  0.515279  0.373901  0.482178  0.513934  0.489552  0.550509  0.574655 0.0  0.461992  0.497056  0.492021  0.476213  0.499912  0.562901  0.686254  0.480258  0.551638  0.588376  0.625076  0.640376  0.540200  0.560636  0.509617  0.587009  0.456710  0.371832  0.314633  0.568073  0.309489  0.497573  0.382917  0.491032  0.497235  0.399538  0.560530  0.432416  0.439175  0.493203  0.329960  0.565818  0.402819  0.467542  0.498124  0.356108  0.487405  0.615752  0.509410  0.472118  0.405399  0.337056  0.672202  0.726344  0.541620  0.554872  0.565529  0.424444  0.357766  0.551893  0.404608  0.539571  0.472489  0.555400  0.553278  0.580650  0.500731  0.397652  0.630617  0.517153  0.653679  0.537505  0.609207  0.539635  0.591743  0.473660  0.704076  0.350147  0.534416  0.352323  0.513835  0.540177  0.753312  0.504367  0.533027  0.518734  0.516520  0.506130  0.462955  0.613134  0.451484  0.523029  0.665800  0.303960  0.635264  0.495937  0.440316  0.551416  0.492772  0.631225  0.580455  0.444181  0.359747  0.542707  0.583036  0.540489  0.540255  0.503966  0.589871  0.540762  0.584962  0.479634  0.508139  0.503588  0.559157  0.573659  0.476962  0.485200  0.507116  0.562247  0.436422  0.693837  0.526871  0.536827  0.484550  0.507332  0.668474  0.488012  0.551309  0.728185  0.591030 
25  0.473276  0.482510  0.543201  0.535300  0.549003  0.576850  0.571890  0.492368  0.516740  0.458031  0.495688  0.461797  0.494631  0.575817  0.515314  0.547495  0.450178  0.596939  0.508224  0.542032  0.419707  0.547685  0.535200  0.594834  0.461992 0.0  0.448179  0.382928  0.461752  0.623655  0.450216  0.522612  0.458840  0.639392  0.600523  0.534841  0.541597  0.502526  0.535260  0.566095  0.494352  0.533159  0.490001  0.506844  0.508572  0.495532  0.604639  0.610440  0.455598  0.470429  0.430340  0.528417  0.523309  0.461841  0.464805  0.435736  0.539994  0.520635  0.553834  0.608391  0.496812  0.481805  0.524822  0.547342  0.524404  0.549499  0.521883  0.548310  0.421108  0.541186  0.433295  0.563379  0.493457  0.567269  0.503539  0.549853  0.507533  0.543162  0.526991  0.583805  0.506162  0.620544  0.478234  0.510182  0.478976  0.512869  0.547075  0.498173  0.385534  0.435586  0.497944  0.534494  0.583520  0.580175  0.512716  0.519399  0.494417  0.608669  0.496898  0.468766  0.632176  0.509807  0.447449  0.507573  0.454981  0.492854  0.578864  0.546435  0.532725  0.536844  0.519631  0.483441  0.609432  0.530795  0.530545  0.569563  0.479183  0.578088  0.439138  0.624040  0.523180  0.560675  0.568760  0.499852  0.500112  0.533300  0.505969  0.466763  0.520416  0.548654  0.554467  0.493546  0.474366  0.424774  0.468958  0.553548  0.475394  0.447097  0.453472  0.423755  0.573523  0.478001  0.610110  0.546612  0.627663  0.580387 
26  0.399022  0.675460  0.690879  0.360967  0.500787  0.615376  0.439022  0.228882  0.516414  0.448369  0.473379  0.410990  0.497007  0.540694  0.448661  0.562556  0.450005  0.481863  0.410859  0.468156  0.417611  0.473049  0.474415  0.525428  0.497056  0.448179 0.0  0.457513  0.468281  0.521579  0.500403  0.562310  0.337617  0.514802  0.538599  0.310503  0.591549  0.481120  0.446328  0.605796  0.654662  0.499952  0.537938  0.472976  0.735965  0.585190  0.492809  0.485368  0.461006  0.457723  0.415014  0.524772  0.400076  0.342655  0.486249  0.417026  0.480220  0.364812  0.580603  0.341293  0.349611  0.317579  0.500410  0.502235  0.466995  0.508852  0.550711  0.630254  0.486907  0.385037  0.431876  0.526485  0.494838  0.478409  0.485290  0.522700  0.473975  0.580396  0.579260  0.667598  0.332114  0.492029  0.402627  0.508305  0.427599  0.488506  0.480160  0.544011  0.460253  0.437271  0.556643  0.574560  0.448944  0.559867  0.437476  0.524263  0.418485  0.558958  0.444608  0.458729  0.422833  0.253893  0.495234  0.323927  0.434802  0.438284  0.455052  0.528672  0.452329  0.581653  0.522983  0.609215  0.596813  0.518789  0.589160  0.383076  0.519152  0.502458  0.429035  0.538346  0.590369  0.502768  0.591395  0.522928  0.467541  0.282051  0.549749  0.502961  0.534114  0.632570  0.492433  0.475244  0.456615  0.527412  0.520643  0.467405  0.459116  0.484880  0.439386  0.534137  0.350754  0.586782  0.425588  0.418056  0.588002  0.399992 
