60
0 0.0  0.729562  0.838073  0.376940  0.608176  0.817123  0.817144  0.772820  0.637148  0.575635  0.676767  0.857099  0.492900  0.394648  0.890720  0.745699  0.710967  0.785197  0.492979  0.589385  0.870737  0.545802  0.800279  0.679535  0.658332  0.156944  0.093121  0.469335  0.760921  0.495022  0.874304  0.886723  0.586594  0.798543  0.657390  0.783049  0.682533  0.367054  0.465808  0.513723  0.898907  0.621224  0.464055  0.081285  0.384453  0.747521  0.445566  0.170390  0.541240  0.518140  0.442731  0.883981  0.669188  0.498507  0.601114  0.502895  0.351023  0.660326  0.896548  0.679141 
1  0.729562 0.0  0.284238  0.862435  0.532254  0.315588  0.295572  0.135060  0.850662  0.539965  0.719072  0.203402  0.736531  0.811832  0.276487  0.839935  0.729986  0.259873  0.865329  0.512506  0.755121  0.777242  0.663295  0.110049  0.688512  0.773134  0.799857  0.766027  0.754227  0.806165  0.414330  0.192545  0.730021  0.545137  0.804904  0.648343  0.737288  0.756337  0.736737  0.891211  0.307525  0.799349  0.687901  0.770309  0.870387  0.739675  0.835524  0.824504  0.747952  0.747692  0.772087  0.805152  0.851349  0.748997  0.860475  0.802173  0.827737  0.784272  0.234412  0.674010 
2  0.838073  0.284238 0.0  0.912542  0.529843  0.273721  0.282714  0.238203  0.898603  0.566352  0.754283  0.081285  0.864238  0.761922  0.260866  0.898591  0.798668  0.081285  0.782082  0.501371  0.862918  0.821583  0.753928  0.241881  0.756020  0.838144  0.806817  0.862046  0.644920  0.867631  0.438183  0.261367  0.894261  0.471562  0.879695  0.779025  0.845762  1.000000  0.800813  0.727270  0.195410  0.833297  0.815200  0.870978  0.878453  0.700285  0.845291  0.889596  0.810933  0.793303  0.754978  0.793766  0.849633  0.816927  0.718527  0.673296  0.857844  0.852232  0.133956  0.778139 
3  0.376940  0.862435  0.912542 0.0  0.614828  0.850458  0.782228  0.756309  0.571662  0.599033  0.748707  0.817110  0.588943  0.450133  0.884276  0.754279  0.675888  0.852590  0.249446  0.565720  0.711759  0.551764  0.757863  0.684353  0.896680  0.321448  0.322706  0.150513  0.791859  0.544961  0.650326  0.799712  0.480588  0.729361  0.618342  0.785213  0.500688  0.385626  0.399348  0.529888  0.746128  0.482672  0.406702  0.425616  0.264006  0.778772  0.340513  0.316794  0.504909  0.557673  0.510958  0.751256  0.595204  0.143559  0.565891  0.363434  0.173675  0.521058  0.907835  0.783820 
4  0.608176  0.532254  0.529843  0.614828 0.0  0.600570  0.589388  0.580248  0.574767  0.515478  0.492432  0.543290  0.535859  0.595664  0.553248  0.644144  0.553876  0.544984  0.553505  0.599817  0.551840  0.510093  0.632637  0.549079  0.593885  0.527643  0.571844  0.524391  0.590848  0.608586  0.552386  0.671482  0.568234  0.585452  0.640240  0.591905  0.546930  0.608323  0.592146  0.622651  0.602232  0.580451  0.587172  0.554178  0.556101  0.554924  0.550781  0.675370  0.546686  0.525735  0.580353  0.543529  0.529110  0.567868  0.531239  0.549440  0.535223  0.636335  0.735411  0.511102 
5  0.817123  0.315588  0.273721  0.850458  0.600570 0.0  0.178237  0.106717  0.926406  0.551594  0.707043  0.325086  0.834270  0.817000  0.249921  0.806493  0.753692  0.181516  0.845226  0.541465  0.741660  0.799546  0.631712  0.219109  0.737155  0.831783  0.819733  0.853781  0.739320  0.816430  0.503669  0.292821  0.838893  0.423259  0.829955  0.713871  0.936390  0.975326  0.782393  0.946696  0.269175  0.837888  0.811043  0.826907  0.853324  0.714770  0.796556  0.874587  0.867556  0.827501  0.835761  0.746907  0.914365  0.919854  0.797657  0.845747  0.821615  0.839241  0.203429  0.787031 
6  0.817144  0.295572  0.282714  0.782228  0.589388  0.178237 0.0  0.356493  0.842339  0.557026  0.736137  0.200697  0.982562  0.844439  0.161829  0.836203  0.678775  0.188164  0.888778  0.589582  0.753667  0.779662  0.744970  0.240442  0.774268  0.865879  0.828181  0.828732  0.711082  0.902711  0.534479  0.211965  0.820576  0.398120  0.866601  0.837742  0.868370  0.874736  0.855791  0.866466  0.186512  0.882603  0.826507  0.816135  0.903896  0.670125  0.779769  0.819463  0.730493  0.869785  0.782811  0.783105  0.894204  0.874734  0.819598  0.827364  0.795603  0.863841  0.104351  0.756583 
7  0.772820  0.135060  0.238203  0.756309  0.580248  0.106717  0.356493 0.0  0.840999  0.527267  0.592072  0.245452  0.791114  0.821832  0.199122  0.790822  0.711311  0.196078  0.821496  0.516137  0.723788  0.907195  0.714395  0.308750  0.728803  0.921023  0.967352  0.860466  0.729588  0.933847  0.436578  0.388332  0.904095  0.404362  0.946524  0.659594  0.743537  0.886708  0.662046  0.916027  0.217703  0.794954  0.845943  0.924859  0.817878  0.714248  0.717703  0.900559  0.824728  0.877443  0.771806  0.731265  0.840895  0.843489  0.861896  0.778577  0.773669  0.811175  0.201550  0.766245 
8  0.637148  0.850662  0.898603  0.571662  0.574767  0.926406  0.842339  0.840999 0.0  0.612919  0.659685  0.855091  0.278629  0.606188  0.840740  0.871667  0.719670  0.832853  0.587567  0.598201  0.733426  0.244815  0.831530  0.796122  0.776862  0.538222  0.584603  0.626809  0.694867  0.305207  0.728636  0.925645  0.229179  0.745974  0.133521  0.759867  0.233756  0.634221  0.189378  0.312097  0.869247  0.216104  0.486107  0.539701  0.597080  0.771641  0.564439  0.482399  0.593119  0.529874  0.469411  0.689476  0.152426  0.589873  0.658712  0.483621  0.577723  0.268561  0.768999  0.402256 
9  0.575635  0.539965  0.566352  0.599033  0.515478  0.551594  0.557026  0.527267  0.612919 0.0  0.543474  0.554945  0.597076  0.532072  0.493299  0.596881  0.553669  0.549855  0.638294  0.531510  0.698354  0.613650  0.565870  0.497009  0.590785  0.609464  0.509048  0.543096  0.528830  0.606379  0.593718  0.483288  0.546961  0.553372  0.558286  0.629857  0.595704  0.582150  0.513095  0.604221  0.627533  0.554278  0.495971  0.487949  0.582503  0.488111  0.582625  0.580527  0.528061  0.607964  0.451096  0.491275  0.598739  0.459355  0.478919  0.568539  0.478632  0.601569  0.550806  0.544028 
10  0.676767  0.719072  0.754283  0.748707  0.492432  0.707043  0.736137  0.592072  0.659685  0.543474 0.0  0.775472  0.672683  0.712668  0.730180  0.806498  0.746968  0.714241  0.744860  0.607427  0.706865  0.721304  0.343683  0.745920  0.768856  0.691254  0.784401  0.699787  0.743595  0.645240  0.760425  0.681364  0.662308  0.807256  0.681388  0.700716  0.673527  0.673728  0.753640  0.646377  0.789011  0.733200  0.719538  0.813330  0.763016  0.699629  0.715875  0.768243  0.759111  0.722378  0.677641  0.724666  0.698716  0.719739  0.678634  0.634166  0.654562  0.682806  0.706496  0.715433 
11  0.857099  0.203402  0.081285  0.817110  0.543290  0.325086  0.200697  0.245452  0.855091  0.554945  0.775472 0.0  0.823698  0.852512  0.293169  0.775500  0.753595  0.081839  0.866419  0.613171  0.856864  0.907681  0.600149  0.243371  0.805017  0.903984  0.756120  0.848293  0.751256  0.846719  0.475164  0.137092  0.845979  0.446775  0.772705  0.840697  0.897207  0.868859  0.828465  0.785000  0.119958  0.845621  0.793923  0.801572  0.944793  0.783040  0.850560  0.920047  0.799007  0.850229  0.754582  0.790862  0.839252  0.851384  0.892014  0.775092  0.878225  0.952892  0.199860  0.666403 
12  0.492900  0.736531  0.864238  0.588943  0.535859  0.834270  0.982562  0.791114  0.278629  0.597076  0.672683  0.823698 0.0  0.508938  0.840861  0.822256  0.673913  0.857027  0.583442  0.600394  0.791044  0.422093  0.668841  0.817927  0.679160  0.552079  0.560967  0.430434  0.864397  0.407005  0.827109  0.742768  0.374232  0.833099  0.269925  0.647207  0.174595  0.530870  0.313939  0.329296  0.841574  0.412776  0.490148  0.543111  0.579085  0.675370  0.605721  0.567310  0.587947  0.668927  0.528544  0.847054  0.384741  0.580476  0.527645  0.386083  0.460225  0.370960  0.895810  0.435492 
13  0.394648  0.811832  0.761922  0.450133  0.595664  0.817000  0.844439  0.821832  0.606188  0.532072  0.712668  0.852512  0.508938 0.0  0.835128  0.874080  0.699950  0.859666  0.454393  0.513072  0.770203  0.435678  0.674602  0.762217  0.673477  0.424130  0.416868  0.437506  0.686284  0.413709  0.709139  0.812261  0.423613  0.806764  0.475021  0.698814  0.479222  0.418807  0.455584  0.524158  0.765307  0.445083  0.389794  0.432419  0.489998  0.711812  0.487618  0.437096  0.456535  0.527333  0.218626  0.753466  0.415290  0.495271  0.437192  0.453227  0.533566  0.458307  0.788417  0.709623 
14  0.890720  0.276487  0.260866  0.884276  0.553248  0.249921  0.161829  0.199122  0.840740  0.493299  0.730180  0.293169  0.840861  0.835128 0.0  0.867126  0.746793  0.242384  0.989915  0.571855  0.750590  0.893965  0.679440  0.189570  0.658696  0.834786  0.927909  0.832559  0.693443  0.848144  0.561478  0.217171  0.849346  0.490060  0.911819  0.637533  0.799277  0.872814  0.758769  0.998827  0.322832  0.879881  0.764574  0.825173  0.827625  0.650659  0.848397  0.810117  0.855731  0.839715  0.858807  0.777566  0.913060  0.824531  0.886546  0.860096  0.886244  0.886477  0.189307  0.699141 
15  0.745699  0.839935  0.898591  0.754279  0.644144  0.806493  0.836203  0.790822  0.871667  0.596881  0.806498  0.775500  0.822256  0.874080  0.867126 0.0  0.710559  0.819487  0.786618  0.635574  0.179836  0.849073  0.876755  0.782638  0.761624  0.813455  0.791888  0.766343  0.688145  0.824805  0.804684  0.876122  0.743676  0.795733  0.780032  0.758882  0.824789  0.715130  0.741626  0.801405  0.723786  0.754204  0.593994  0.856442  0.800921  0.739479  0.845615  0.797332  0.583957  0.539439  0.852464  0.229991  0.772895  0.738473  0.625061  0.600471  0.809266  0.776067  0.875276  0.320276 
16  0.710967  0.729986  0.798668  0.675888  0.553876  0.753692  0.678775  0.711311  0.719670  0.553669  0.746968  0.753595  0.673913  0.699950  0.746793  0.710559 0.0  0.669124  0.660267  0.537169  0.693440  0.763071  0.717588  0.716785  0.167275  0.741723  0.800018  0.728054  0.728464  0.792399  0.682333  0.686584  0.731413  0.680368  0.727031  0.802351  0.688995  0.649932  0.647251  0.757088  0.639277  0.586800  0.779666  0.688952  0.723860  0.720622  0.775166  0.784883  0.609930  0.754469  0.754165  0.749562  0.737018  0.826219  0.722630  0.701247  0.746912  0.746752  0.618809  0.869088 
17  0.785197  0.259873  0.081285  0.852590  0.544984  0.181516  0.188164  0.196078  0.832853  0.549855  0.714241  0.081839  0.857027  0.859666  0.242384  0.819487  0.669124 0.0  0.825252  0.693641  0.842828  0.802258  0.722053  0.262107  0.697676  0.834232  0.872054  0.930350  0.708432  0.898578  0.542137  0.137668  0.842051  0.471520  0.857344  0.677744  0.896369  0.856137  0.731039  0.929017  0.122944  0.879627  0.826711  0.927695  0.871191  0.720275  0.957029  0.860468  0.819566  0.932814  0.835724  0.741826  0.873296  0.923459  0.836393  0.724006  0.926819  0.888582  0.239539  0.745300 
18  0.492979  0.865329  0.782082  0.249446  0.553505  0.845226  0.888778  0.821496  0.587567  0.638294  0.744860  0.866419  0.583442  0.454393  0.989915  0.786618  0.660267  0.825252 0.0  0.585367  0.823066  0.587025  0.745191  0.859841  0.716937  0.501836  0.452544  0.218901  0.808933  0.622028  0.832457  0.922080  0.574750  0.817878  0.641169  0.732765  0.649354  0.457861  0.520239  0.562757  0.808252  0.659614  0.418612  0.447937  0.408718  0.729277  0.390567  0.384626  0.605101  0.519930  0.405120  0.857888  0.670136  0.105767  0.547118  0.511139  0.081285  0.573512  0.889485  0.723920 
19  0.589385  0.512506  0.501371  0.565720  0.599817  0.541465  0.589582  0.516137  0.598201  0.531510  0.607427  0.613171  0.600394  0.513072  0.571855  0.635574  0.537169  0.693641  0.585367 0.0  0.588205  0.520541  0.522538  0.625150  0.513187  0.577471  0.536831  0.563343  0.674203  0.656179  0.609608  0.548040  0.587630  0.552565  0.560509  0.544154  0.580961  0.556083  0.489288  0.517835  0.617046  0.665810  0.551840  0.569251  0.644205  0.567110  0.554701  0.562845  0.648969  0.605023  0.457620  0.563258  0.571601  0.669242  0.489375  0.619951  0.547779  0.645873  0.511575  0.565482 
20  0.870737  0.755121  0.862918  0.711759  0.551840  0.741660  0.753667  0.723788  0.733426  0.698354  0.706865  0.856864  0.791044  0.770203  0.750590  0.179836  0.693440  0.842828  0.823066  0.588205 0.0  0.786390  0.681678  0.839161  0.596762  0.759895  0.772547  0.855932  0.684398  0.815773  0.819080  0.862256  0.717193  0.849071  0.669674  0.723628  0.769771  0.827194  0.790921  0.848769  0.791417  0.845557  0.491291  0.771701  0.795054  0.687976  0.789099  0.750976  0.607726  0.564544  0.796183  0.265897  0.810082  0.813537  0.655154  0.408222  0.837313  0.728642  0.720507  0.353555 
21  0.545802  0.777242  0.821583  0.551764  0.510093  0.799546  0.779662  0.907195  0.244815  0.613650  0.721304  0.907681  0.422093  0.435678  0.893965  0.849073  0.763071  0.802258  0.587025  0.520541  0.786390 0.0  0.630762  0.783988  0.642178  0.612878  0.608769  0.630247  0.666356  0.223984  0.818575  0.935233  0.139985  0.861212  0.273384  0.718862  0.117885  0.568307  0.193099  0.390010  0.904018  0.313996  0.485791  0.552559  0.696082  0.686702  0.482714  0.600339  0.461319  0.449853  0.430471  0.886616  0.281037  0.554095  0.553646  0.567625  0.621257  0.194247  0.849555  0.401882 
22  0.800279  0.663295  0.753928  0.757863  0.632637  0.631712  0.744970  0.714395  0.831530  0.565870  0.343683  0.600149  0.668841  0.674602  0.679440  0.876755  0.717588  0.722053  0.745191  0.522538  0.681678  0.630762 0.0  0.747146  0.677186  0.639418  0.733956  0.755689  0.744827  0.690583  0.730178  0.768916  0.719359  0.792555  0.771653  0.777198  0.698395  0.680487  0.740458  0.626696  0.741994  0.661329  0.717085  0.814668  0.679628  0.759254  0.713124  0.669196  0.727717  0.767256  0.701699  0.670989  0.743178  0.645905  0.686595  0.693708  0.720822  0.717689  0.738235  0.741054 
23  0.679535  0.110049  0.241881  0.684353  0.549079  0.219109  0.240442  0.308750  0.796122  0.497009  0.745920  0.243371  0.817927  0.762217  0.189570  0.782638  0.716785  0.262107  0.859841  0.625150  0.839161  0.783988  0.747146 0.0  0.704497  0.731129  0.948995  0.777020  0.744807  0.721212  0.535995  0.231488  0.787493  0.486366  0.733244  0.719282  0.694945  0.904521  0.770833  0.752171  0.236015  0.876888  0.767096  0.696536  0.817458  0.783886  0.753552  0.855398  0.738445  0.772851  0.763809  0.736691  0.792809  0.815814  0.869636  0.826973  0.774483  0.869858  0.220616  0.664147 
24  0.658332  0.688512  0.756020  0.896680  0.593885  0.737155  0.774268  0.728803  0.776862  0.590785  0.768856  0.805017  0.679160  0.673477  0.658696  0.761624  0.167275  0.697676  0.716937  0.513187  0.596762  0.642178  0.677186  0.704497 0.0  0.737881  0.855922  0.783274  0.678631  0.731781  0.723482  0.722957  0.682827  0.733491  0.664953  0.651203  0.599423  0.753308  0.784184  0.766237  0.766577  0.799183  0.663798  0.690914  0.613337  0.759535  0.702009  0.773782  0.675258  0.743015  0.755467  0.719129  0.717831  0.712816  0.760933  0.839787  0.674999  0.766137  0.782405  0.756275 
25  0.156944  0.773134  0.838144  0.321448  0.527643  0.831783  0.865879  0.921023  0.538222  0.609464  0.691254  0.903984  0.552079  0.424130  0.834786  0.813455  0.741723  0.834232  0.501836  0.577471  0.759895  0.612878  0.639418  0.731129  0.737881 0.0  0.271055  0.514927  0.753098  0.627737  0.880011  0.835527  0.710119  0.749452  0.664171  0.678492  0.566996  0.499388  0.429873  0.434268  0.865799  0.604515  0.497535  0.246067  0.473018  0.645904  0.273050  0.205081  0.559191  0.508197  0.468340  0.713328  0.572671  0.381345  0.513191  0.481263  0.454715  0.703281  0.895685  0.737750 
26  0.093121  0.799857  0.806817  0.322706  0.571844  0.819733  0.828181  0.967352  0.584603  0.509048  0.784401  0.756120  0.560967  0.416868  0.927909  0.791888  0.800018  0.872054  0.452544  0.536831  0.772547  0.608769  0.733956  0.948995  0.855922  0.271055 0.0  0.326404  0.718573  0.602330  0.909629  0.893090  0.694601  0.787967  0.587932  0.760552  0.623963  0.456269  0.497106  0.529886  0.819481  0.523541  0.397634  0.199020  0.413102  0.780056  0.451346  0.211869  0.653512  0.470987  0.463694  0.827719  0.630170  0.519636  0.535108  0.436471  0.486534  0.709801  0.766415  0.677130 
27  0.469335  0.766027  0.862046  0.150513  0.524391  0.853781  0.828732  0.860466  0.626809  0.543096  0.699787  0.848293  0.430434  0.437506  0.832559  0.766343  0.728054  0.930350  0.218901  0.563343  0.855932  0.630247  0.755689  0.777020  0.783274  0.514927  0.326404 0.0  0.687766  0.527129  0.863894  0.884766  0.624204  0.773838  0.640036  0.626956  0.767674  0.317643  0.445710  0.595405  0.819794  0.482920  0.543123  0.443701  0.335453  0.805593  0.394847  0.497673  0.498088  0.550663  0.319030  0.819931  0.672561  0.197700  0.596443  0.525080  0.236626  0.631228  0.844238  0.740339 
28  0.760921  0.754227  0.644920  0.791859  0.590848  0.739320  0.711082  0.729588  0.694867  0.528830  0.743595  0.751256  0.864397  0.686284  0.693443  0.688145  0.728464  0.708432  0.808933  0.674203  0.684398  0.666356  0.744827  0.744807  0.678631  0.753098  0.718573  0.687766 0.0  0.730620  0.750677  0.746672  0.587618  0.663947  0.760213  0.397741  0.801184  0.766045  0.785129  0.734236  0.630185  0.799400  0.645730  0.671789  0.740188  0.376528  0.696029  0.741964  0.718498  0.647449  0.745902  0.719157  0.748997  0.778950  0.711980  0.785072  0.762739  0.671655  0.702157  0.766731 
29  0.495022  0.806165  0.867631  0.544961  0.608586  0.816430  0.902711  0.933847  0.305207  0.606379  0.645240  0.846719  0.407005  0.413709  0.848144  0.824805  0.792399  0.898578  0.622028  0.656179  0.815773  0.223984  0.690583  0.721212  0.731781  0.627737  0.602330  0.527129  0.730620 0.0  0.796683  0.849704  0.238496  0.800491  0.223816  0.795623  0.191711  0.576882  0.084617  0.330890  0.859051  0.413103  0.392222  0.609603  0.551080  0.775010  0.582943  0.493934  0.458711  0.599736  0.483037  0.806136  0.317775  0.611335  0.589207  0.370088  0.553050  0.228810  0.711879  0.458569 
30  0.874304  0.414330  0.438183  0.650326  0.552386  0.503669  0.534479  0.436578  0.728636  0.593718  0.760425  0.475164  0.827109  0.709139  0.561478  0.804684  0.682333  0.542137  0.832457  0.609608  0.819080  0.818575  0.730178  0.535995  0.723482  0.880011  0.909629  0.863894  0.750677  0.796683 0.0  0.472225  0.765189  0.272053  0.858490  0.746553  0.776945  0.829778  0.769592  0.816078  0.422037  0.872936  0.695852  0.751659  0.814777  0.747252  0.744505  0.832664  0.821709  0.730510  0.690310  0.814524  0.781917  0.761398  0.828590  0.792425  0.807103  0.791698  0.404165  0.779282 
31  0.886723  0.192545  0.261367  0.799712  0.671482  0.292821  0.211965  0.388332  0.925645  0.483288  0.681364  0.137092  0.742768  0.812261  0.217171  0.876122  0.686584  0.137668  0.922080  0.548040  0.862256  0.935233  0.768916  0.231488  0.722957  0.835527  0.893090  0.884766  0.746672  0.849704  0.472225 0.0  0.824780  0.620021  0.984347  0.655992  0.792984  0.864354  0.812930  0.858722  0.145334  0.796392  0.851598  0.838728  0.812472  0.776514  0.752075  0.890663  0.795196  0.950141  0.842735  0.875161  0.965745  0.790267  0.847893  0.912508  0.921656  0.828575  0.154720  0.703511 
32  0.586594  0.730021  0.894261  0.480588  0.568234  0.838893  0.820576  0.904095  0.229179  0.546961  0.662308  0.845979  0.374232  0.423613  0.849346  0.743676  0.731413  0.842051  0.574750  0.587630  0.717193  0.139985  0.719359  0.787493  0.682827  0.710119  0.694601  0.624204  0.587618  0.238496  0.765189  0.824780 0.0  0.820509  0.149671  0.736523  0.132348  0.558340  0.215856  0.375701  0.915742  0.261961  0.499430  0.676272  0.603599  0.698302  0.552055  0.617131  0.549573  0.506982  0.427584  0.862800  0.214874  0.627680  0.486865  0.464949  0.643050  0.224809  0.811664  0.499487 
33  0.798543  0.545137  0.471562  0.729361  0.585452  0.423259  0.398120  0.404362  0.745974  0.553372  0.807256  0.446775  0.833099  0.806764  0.490060  0.795733  0.680368  0.471520  0.817878  0.552565  0.849071  0.861212  0.792555  0.486366  0.733491  0.749452  0.787967  0.773838  0.663947  0.800491  0.272053  0.620021  0.820509 0.0  0.747840  0.717416  0.968788  0.786754  0.771418  0.797190  0.517668  0.841826  0.768434  0.804613  0.776181  0.775723  0.762456  0.696214  0.786746  0.793288  0.779539  0.809066  0.692711  0.789882  0.884166  0.859030  0.760429  0.760600  0.411653  0.737557 
34  0.657390  0.804904  0.879695  0.618342  0.640240  0.829955  0.866601  0.946524  0.133521  0.558286  0.681388  0.772705  0.269925  0.475021  0.911819  0.780032  0.727031  0.857344  0.641169  0.560509  0.669674  0.273384  0.771653  0.733244  0.664953  0.664171  0.587932  0.640036  0.760213  0.223816  0.858490  0.984347  0.149671  0.747840 0.0  0.739749  0.243828  0.628399  0.277507  0.380781  0.908167  0.365750  0.396404  0.542301  0.585257  0.638203  0.658692  0.502789  0.513188  0.602347  0.464412  0.798380  0.103235  0.664215  0.651354  0.396635  0.631688  0.202407  0.878487  0.449489 
35  0.783049  0.648343  0.779025  0.785213  0.591905  0.713871  0.837742  0.659594  0.759867  0.629857  0.700716  0.840697  0.647207  0.698814  0.637533  0.758882  0.802351  0.677744  0.732765  0.544154  0.723628  0.718862  0.777198  0.719282  0.651203  0.678492  0.760552  0.626956  0.397741  0.795623  0.746553  0.655992  0.736523  0.717416  0.739749 0.0  0.693239  0.729630  0.734057  0.677724  0.678544  0.750251  0.665087  0.756338  0.683981  0.284909  0.748489  0.706419  0.727080  0.791029  0.792165  0.734557  0.698037  0.723472  0.701697  0.827998  0.714244  0.663276  0.673250  0.727452 
36  0.682533  0.737288  0.845762  0.500688  0.546930  0.936390  0.868370  0.743537  0.233756  0.595704  0.673527  0.897207  0.174595  0.479222  0.799277  0.824789  0.688995  0.896369  0.649354  0.580961  0.769771  0.117885  0.698395  0.694945  0.599423  0.566996  0.623963  0.767674  0.801184  0.191711  0.776945  0.792984  0.132348  0.968788  0.243828  0.693239 0.0  0.525831  0.244755  0.344020  0.875333  0.363275  0.530443  0.525599  0.601050  0.644731  0.618929  0.620084  0.526614  0.600822  0.459262  0.817957  0.138032  0.600029  0.578958  0.542364  0.585394  0.152997  0.825781  0.464752 
37  0.367054  0.756337  1.000000  0.385626  0.608323  0.975326  0.874736  0.886708  0.634221  0.582150  0.673728  0.868859  0.530870  0.418807  0.872814  0.715130  0.649932  0.856137  0.457861  0.556083  0.827194  0.568307  0.680487  0.904521  0.753308  0.499388  0.456269  0.317643  0.766045  0.576882  0.829778  0.864354  0.558340  0.786754  0.628399  0.729630  0.525831 0.0  0.499819  0.620534  0.870671  0.543940  0.510052  0.403369  0.083038  0.735825  0.081285  0.348570  0.528507  0.505755  0.456316  0.760199  0.688792  0.456387  0.547384  0.444959  0.524346  0.640617  0.932746  0.747089 
38  0.465808  0.736737  0.800813  0.399348  0.592146  0.782393  0.855791  0.662046  0.189378  0.513095  0.753640  0.828465  0.313939  0.455584  0.758769  0.741626  0.647251  0.731039  0.520239  0.489288  0.790921  0.193099  0.740458  0.770833  0.784184  0.429873  0.497106  0.445710  0.785129  0.084617  0.769592  0.812930  0.215856  0.771418  0.277507  0.734057  0.244755  0.499819 0.0  0.233506  0.868505  0.158570  0.431737  0.523264  0.470278  0.672592  0.444371  0.496286  0.469614  0.468533  0.474350  0.757626  0.295097  0.528767  0.552524  0.456832  0.517491  0.222506  0.801787  0.444718 
39  0.513723  0.891211  0.727270  0.529888  0.622651  0.946696  0.866466  0.916027  0.312097  0.604221  0.646377  0.785000  0.329296  0.524158  0.998827  0.801405  0.757088  0.929017  0.562757  0.517835  0.848769  0.390010  0.626696  0.752171  0.766237  0.434268  0.529886  0.595405  0.734236  0.330890  0.816078  0.858722  0.375701  0.797190  0.380781  0.677724  0.344020  0.620534  0.233506 0.0  0.838649  0.107046  0.510438  0.571038  0.500046  0.765405  0.650766  0.591622  0.478181  0.583015  0.525445  0.800344  0.435394  0.489958  0.468007  0.485779  0.566085  0.491702  0.886627  0.536005 
40  0.898907  0.307525  0.195410  0.746128  0.602232  0.269175  0.186512  0.217703  0.869247  0.627533  0.789011  0.119958  0.841574  0.765307  0.322832  0.723786  0.639277  0.122944  0.808252  0.617046  0.791417  0.904018  0.741994  0.236015  0.766577  0.865799  0.819481  0.819794  0.630185  0.859051  0.422037  0.145334  0.915742  0.517668  0.908167  0.678544  0.875333  0.870671  0.868505  0.838649 0.0  0.871415  0.715116  0.925440  0.805627  0.755347  0.841867  0.853649  0.736051  0.919030  0.793992  0.879688  0.858671  0.892345  0.859562  0.768793  0.874728  0.917664  0.133869  0.667579 
41  0.621224  0.799349  0.833297  0.482672  0.580451  0.837888  0.882603  0.794954  0.216104  0.554278  0.733200  0.845621  0.412776  0.445083  0.879881  0.754204  0.586800  0.879627  0.659614  0.665810  0.845557  0.313996  0.661329  0.876888  0.799183  0.604515  0.523541  0.482920  0.799400  0.413103  0.872936  0.796392  0.261961  0.841826  0.365750  0.750251  0.363275  0.543940  0.158570  0.107046  0.871415 0.0  0.509098  0.508888  0.502504  0.731000  0.545827  0.591526  0.544328  0.500213  0.470424  0.743797  0.387878  0.595706  0.525800  0.423182  0.630750  0.363545  0.835179  0.396685 
42  0.464055  0.687901  0.815200  0.406702  0.587172  0.811043  0.826507  0.845943  0.486107  0.495971  0.719538  0.793923  0.490148  0.389794  0.764574  0.593994  0.779666  0.826711  0.418612  0.551840  0.491291  0.485791  0.717085  0.767096  0.663798  0.497535  0.397634  0.543123  0.645730  0.392222  0.695852  0.851598  0.499430  0.768434  0.396404  0.665087  0.530443  0.510052  0.431737  0.510438  0.715116  0.509098 0.0  0.513764  0.501647  0.658955  0.440754  0.399999  0.246065  0.258604  0.480573  0.617339  0.355094  0.485720  0.210875  0.321211  0.458134  0.474301  0.825854  0.715378 
43  0.081285  0.770309  0.870978  0.425616  0.554178  0.826907  0.816135  0.924859  0.539701  0.487949  0.813330  0.801572  0.543111  0.432419  0.825173  0.856442  0.688952  0.927695  0.447937  0.569251  0.771701  0.552559  0.814668  0.696536  0.690914  0.246067  0.199020  0.443701  0.671789  0.609603  0.751659  0.838728  0.676272  0.804613  0.542301  0.756338  0.525599  0.403369  0.523264  0.571038  0.925440  0.508888  0.513764 0.0  0.470041  0.723989  0.419204  0.107954  0.667727  0.623910  0.500213  0.762799  0.579789  0.448282  0.591302  0.510460  0.397237  0.607262  0.880220  0.652164 
44  0.384453  0.870387  0.878453  0.264006  0.556101  0.853324  0.903896  0.817878  0.597080  0.582503  0.763016  0.944793  0.579085  0.489998  0.827625  0.800921  0.723860  0.871191  0.408718  0.644205  0.795054  0.696082  0.679628  0.817458  0.613337  0.473018  0.413102  0.335453  0.740188  0.551080  0.814777  0.812472  0.603599  0.776181  0.585257  0.683981  0.601050  0.083038  0.470278  0.500046  0.805627  0.502504  0.501647  0.470041 0.0  0.716100  0.114879  0.307608  0.546403  0.527078  0.469462  0.806538  0.507129  0.465008  0.648719  0.505251  0.384882  0.487083  0.803833  0.721291 
45  0.747521  0.739675  0.700285  0.778772  0.554924  0.714770  0.670125  0.714248  0.771641  0.488111  0.699629  0.783040  0.675370  0.711812  0.650659  0.739479  0.720622  0.720275  0.729277  0.567110  0.687976  0.686702  0.759254  0.783886  0.759535  0.645904  0.780056  0.805593  0.376528  0.775010  0.747252  0.776514  0.698302  0.775723  0.638203  0.284909  0.644731  0.735825  0.672592  0.765405  0.755347  0.731000  0.658955  0.723989  0.716100 0.0  0.796827  0.754133  0.730670  0.704366  0.703720  0.709892  0.728580  0.702607  0.702135  0.654677  0.759333  0.750648  0.595912  0.705613 
46  0.445566  0.835524  0.845291  0.340513  0.550781  0.796556  0.779769  0.717703  0.564439  0.582625  0.715875  0.850560  0.605721  0.487618  0.848397  0.845615  0.775166  0.957029  0.390567  0.554701  0.789099  0.482714  0.713124  0.753552  0.702009  0.273050  0.451346  0.394847  0.696029  0.582943  0.744505  0.752075  0.552055  0.762456  0.658692  0.748489  0.618929  0.081285  0.444371  0.650766  0.841867  0.545827  0.440754  0.419204  0.114879  0.796827 0.0  0.413308  0.639247  0.460263  0.530155  0.653303  0.502271  0.351392  0.607205  0.480396  0.441686  0.635815  0.880813  0.813608 
47  0.170390  0.824504  0.889596  0.316794  0.675370  0.874587  0.819463  0.900559  0.482399  0.580527  0.768243  0.920047  0.567310  0.437096  0.810117  0.797332  0.784883  0.860468  0.384626  0.562845  0.750976  0.600339  0.669196  0.855398  0.773782  0.205081  0.211869  0.497673  0.741964  0.493934  0.832664  0.890663  0.617131  0.696214  0.502789  0.706419  0.620084  0.348570  0.496286  0.591622  0.853649  0.591526  0.399999  0.107954  0.307608  0.754133  0.413308 0.0  0.486458  0.464553  0.529433  0.732130  0.657973  0.360266  0.520561  0.456536  0.424369  0.602268  0.833203  0.662159 
48  0.541240  0.747952  0.810933  0.504909  0.546686  0.867556  0.730493  0.824728  0.593119  0.528061  0.759111  0.799007  0.587947  0.456535  0.855731  0.583957  0.609930  0.819566  0.605101  0.648969  0.607726  0.461319  0.727717  0.738445  0.675258  0.559191  0.653512  0.498088  0.718498  0.458711  0.821709  0.795196  0.549573  0.786746  0.513188  0.727080  0.526614  0.528507  0.469614  0.478181  0.736051  0.544328  0.246065  0.667727  0.546403  0.730670  0.639247  0.486458 0.0  0.165011  0.535117  0.610509  0.488198  0.548711  0.398732  0.200172  0.634649  0.570211  0.928675  0.705540 
49  0.518140  0.747692  0.793303  0.557673  0.525735  0.827501  0.869785  0.877443  0.529874  0.607964  0.722378  0.850229  0.668927  0.527333  0.839715  0.539439  0.754469  0.932814  0.519930  0.605023  0.564544  0.449853  0.767256  0.772851  0.743015  0.508197  0.470987  0.550663  0.647449  0.599736  0.730510  0.950141  0.506982  0.793288  0.602347  0.791029  0.600822  0.505755  0.468533  0.583015  0.919030  0.500213  0.258604  0.623910  0.527078  0.704366  0.460263  0.464553  0.165011 0.0  0.482777  0.468617  0.598501  0.517941  0.400345  0.201555  0.573693  0.518698  0.869932  0.700419 
50  0.442731  0.772087  0.754978  0.510958  0.580353  0.835761  0.782811  0.771806  0.469411  0.451096  0.677641  0.754582  0.528544  0.218626  0.858807  0.852464  0.754165  0.835724  0.405120  0.457620  0.796183  0.430471  0.701699  0.763809  0.755467  0.468340  0.463694  0.319030  0.745902  0.483037  0.690310  0.842735  0.427584  0.779539  0.464412  0.792165  0.459262  0.456316  0.474350  0.525445  0.793992  0.470424  0.480573  0.500213  0.469462  0.703720  0.530155  0.529433  0.535117  0.482777 0.0  0.726290  0.397137  0.533021  0.554383  0.478736  0.463408  0.445866  0.835052  0.665597 
51  0.883981  0.805152  0.793766  0.751256  0.543529  0.746907  0.783105  0.731265  0.689476  0.491275  0.724666  0.790862  0.847054  0.753466  0.777566  0.229991  0.749562  0.741826  0.857888  0.563258  0.265897  0.886616  0.670989  0.736691  0.719129  0.713328  0.827719  0.819931  0.719157  0.806136  0.814524  0.875161  0.862800  0.809066  0.798380  0.734557  0.817957  0.760199  0.757626  0.800344  0.879688  0.743797  0.617339  0.762799  0.806538  0.709892  0.653303  0.732130  0.610509  0.468617  0.726290 0.0  0.858258  0.827112  0.538866  0.624813  0.886188  0.786222  0.816601  0.362410 
52  0.669188  0.851349  0.849633  0.595204  0.529110  0.914365  0.894204  0.840895  0.152426  0.598739  0.698716  0.839252  0.384741  0.415290  0.913060  0.772895  0.737018  0.873296  0.670136  0.571601  0.810082  0.281037  0.743178  0.792809  0.717831  0.572671  0.630170  0.672561  0.748997  0.317775  0.781917  0.965745  0.214874  0.692711  0.103235  0.698037  0.138032  0.688792  0.295097  0.435394  0.858671  0.387878  0.355094  0.579789  0.507129  0.728580  0.502271  0.657973  0.488198  0.598501  0.397137  0.858258 0.0  0.576971  0.451139  0.436433  0.687631  0.224107  0.778113  0.426215 
53  0.498507  0.748997  0.816927  0.143559  0.567868  0.919854  0.874734  0.843489  0.589873  0.459355  0.719739  0.851384  0.580476  0.495271  0.824531  0.738473  0.826219  0.923459  0.105767  0.669242  0.813537  0.554095  0.645905  0.815814  0.712816  0.381345  0.519636  0.197700  0.778950  0.611335  0.761398  0.790267  0.627680  0.789882  0.664215  0.723472  0.600029  0.456387  0.528767  0.489958  0.892345  0.595706  0.485720  0.448282  0.465008  0.702607  0.351392  0.360266  0.548711  0.517941  0.533021  0.827112  0.576971 0.0  0.566102  0.475410  0.164498  0.605626  0.802583  0.740406 
54  0.601114  0.860475  0.718527  0.565891  0.531239  0.797657  0.819598  0.861896  0.658712  0.478919  0.678634  0.892014  0.527645  0.437192  0.886546  0.625061  0.722630  0.836393  0.547118  0.489375  0.655154  0.553646  0.686595  0.869636  0.760933  0.513191  0.535108  0.596443  0.711980  0.589207  0.828590  0.847893  0.486865  0.884166  0.651354  0.701697  0.578958  0.547384  0.552524  0.468007  0.859562  0.525800  0.210875  0.591302  0.648719  0.702135  0.607205  0.520561  0.398732  0.400345  0.554383  0.538866  0.451139  0.566102 0.0  0.209457  0.549547  0.568382  0.814775  0.643426 
55  0.502895  0.802173  0.673296  0.363434  0.549440  0.845747  0.827364  0.778577  0.483621  0.568539  0.634166  0.775092  0.386083  0.453227  0.860096  0.600471  0.701247  0.724006  0.511139  0.619951  0.408222  0.567625  0.693708  0.826973  0.839787  0.481263  0.436471  0.525080  0.785072  0.370088  0.792425  0.912508  0.464949  0.859030  0.396635  0.827998  0.542364  0.444959  0.456832  0.485779  0.768793  0.423182  0.321211  0.510460  0.505251  0.654677  0.480396  0.456536  0.200172  0.201555  0.478736  0.624813  0.436433  0.475410  0.209457 0.0  0.473569  0.531738  0.689638  0.726050 
56  0.351023  0.827737  0.857844  0.173675  0.535223  0.821615  0.795603  0.773669  0.577723  0.478632  0.654562  0.878225  0.460225  0.533566  0.886244  0.809266  0.746912  0.926819  0.081285  0.547779  0.837313  0.621257  0.720822  0.774483  0.674999  0.454715  0.486534  0.236626  0.762739  0.553050  0.807103  0.921656  0.643050  0.760429  0.631688  0.714244  0.585394  0.524346  0.517491  0.566085  0.874728  0.630750  0.458134  0.397237  0.384882  0.759333  0.441686  0.424369  0.634649  0.573693  0.463408  0.886188  0.687631  0.164498  0.549547  0.473569 0.0  0.633518  0.737497  0.696468 
57  0.660326  0.784272  0.852232  0.521058  0.636335  0.839241  0.863841  0.811175  0.268561  0.601569  0.682806  0.952892  0.370960  0.458307  0.886477  0.776067  0.746752  0.888582  0.573512  0.645873  0.728642  0.194247  0.717689  0.869858  0.766137  0.703281  0.709801  0.631228  0.671655  0.228810  0.791698  0.828575  0.224809  0.760600  0.202407  0.663276  0.152997  0.640617  0.222506  0.491702  0.917664  0.363545  0.474301  0.607262  0.487083  0.750648  0.635815  0.602268  0.570211  0.518698  0.445866  0.786222  0.224107  0.605626  0.568382  0.531738  0.633518 0.0  0.846490  0.443165 
58  0.896548  0.234412  0.133956  0.907835  0.735411  0.203429  0.104351  0.201550  0.768999  0.550806  0.706496  0.199860  0.895810  0.788417  0.189307  0.875276  0.618809  0.239539  0.889485  0.511575  0.720507  0.849555  0.738235  0.220616  0.782405  0.895685  0.766415  0.844238  0.702157  0.711879  0.404165  0.154720  0.811664  0.411653  0.878487  0.673250  0.825781  0.932746  0.801787  0.886627  0.133869  0.835179  0.825854  0.880220  0.803833  0.595912  0.880813  0.833203  0.928675  0.869932  0.835052  0.816601  0.778113  0.802583  0.814775  0.689638  0.737497  0.846490 0.0  0.680692 
59  0.679141  0.674010  0.778139  0.783820  0.511102  0.787031  0.756583  0.766245  0.402256  0.544028  0.715433  0.666403  0.435492  0.709623  0.699141  0.320276  0.869088  0.745300  0.723920  0.565482  0.353555  0.401882  0.741054  0.664147  0.756275  0.737750  0.677130  0.740339  0.766731  0.458569  0.779282  0.703511  0.499487  0.737557  0.449489  0.727452  0.464752  0.747089  0.444718  0.536005  0.667579  0.396685  0.715378  0.652164  0.721291  0.705613  0.813608  0.662159  0.705540  0.700419  0.665597  0.362410  0.426215  0.740406  0.643426  0.726050  0.696468  0.443165  0.680692 0.0 
