60
0 0.0  0.692268  0.699459  0.292200  0.464815  0.864404  0.814795  0.768203  0.580443  0.501969  0.758415  0.745767  0.486491  0.415496  0.776604  0.848039  0.740123  0.757457  0.377035  0.516031  0.712176  0.553494  0.619613  0.715935  0.642523  0.077880  0.095990  0.351549  0.596176  0.502336  0.819167  0.789949  0.644988  0.787594  0.555879  0.596127  0.701055  0.334055  0.437972  0.493333  0.704915  0.420704  0.439012  0.165477  0.305159  0.684563  0.337819  0.154745  0.417957  0.428588  0.408325  0.822830  0.533054  0.344328  0.448950  0.409179  0.330149  0.577336  0.809802  0.720146 
1  0.692268 0.0  0.217247  0.757785  0.533104  0.220800  0.220526  0.240942  0.782013  0.531129  0.561944  0.216640  0.823325  0.673082  0.234699  0.684354  0.678597  0.203445  0.688598  0.474780  0.773317  0.717675  0.690041  0.077880  0.679681  0.739556  0.835167  0.763819  0.607072  0.656999  0.430212  0.217661  0.845556  0.434521  0.733952  0.691724  0.916889  0.659097  0.709607  0.775584  0.223239  0.732220  0.749634  0.711945  0.666905  0.757298  0.730837  0.764273  0.752189  0.734092  0.677943  0.674864  0.735245  0.786987  0.769008  0.683560  0.722768  0.791081  0.210761  0.771123 
2  0.699459  0.217247 0.0  0.776880  0.493496  0.223943  0.160717  0.203460  0.808535  0.504460  0.701167  0.077880  0.659358  0.847039  0.186226  0.707690  0.740764  0.077880  0.783866  0.582732  0.737257  0.918969  0.683256  0.203484  0.724894  0.877547  0.843004  0.809977  0.751167  0.817334  0.408931  0.134679  0.770442  0.378869  0.734034  0.632645  1.000000  0.665321  0.653844  0.856196  0.132190  0.797394  0.718197  0.817944  0.861842  0.674560  0.856525  0.782408  0.684841  0.812803  0.677370  0.774674  0.830138  0.924601  0.797642  0.712204  0.744162  0.892492  0.156816  0.655043 
3  0.292200  0.757785  0.776880 0.0  0.471676  0.802075  0.690255  0.760515  0.528018  0.503114  0.630709  0.753747  0.539162  0.393108  0.920364  0.714019  0.666167  0.821627  0.168502  0.471450  0.796813  0.490666  0.645721  0.759941  0.730360  0.311967  0.286335  0.168967  0.620613  0.540520  0.651258  0.785114  0.468835  0.699747  0.552578  0.577265  0.480703  0.281228  0.440849  0.449135  0.798453  0.491105  0.440783  0.274855  0.295529  0.688120  0.288466  0.280948  0.446140  0.497052  0.440010  0.732589  0.468429  0.143546  0.502135  0.379932  0.150299  0.402205  0.819394  0.610086 
4  0.464815  0.533104  0.493496  0.471676 0.0  0.477603  0.550043  0.540439  0.520902  0.457080  0.565979  0.558247  0.521504  0.559285  0.554340  0.454858  0.556484  0.515590  0.513580  0.533057  0.571418  0.523905  0.513859  0.507255  0.632929  0.603941  0.550002  0.545188  0.553117  0.482230  0.570005  0.524349  0.603777  0.493159  0.500384  0.534218  0.526825  0.549129  0.602941  0.537261  0.516469  0.551742  0.625431  0.614734  0.537723  0.585125  0.611519  0.537317  0.532682  0.529229  0.535704  0.516688  0.500804  0.528917  0.577608  0.476747  0.560283  0.506822  0.584604  0.605450 
5  0.864404  0.220800  0.223943  0.802075  0.477603 0.0  0.155126  0.123551  0.859242  0.467616  0.735124  0.178979  0.952716  0.664299  0.126938  0.793817  0.737541  0.214957  0.756488  0.481301  0.817803  0.723176  0.678477  0.198640  0.604688  0.726515  0.833895  0.751334  0.626689  0.841741  0.400621  0.200704  0.653379  0.424768  0.883448  0.614248  0.752205  0.782407  0.738624  0.834236  0.199687  0.722989  0.807112  0.679299  0.765038  0.774722  0.802542  0.779891  0.700204  0.713524  0.821781  0.600028  0.806736  0.757382  0.784095  0.696476  0.837201  0.858581  0.151625  0.654955 
6  0.814795  0.220526  0.160717  0.690255  0.550043  0.155126 0.0  0.151425  0.733992  0.576658  0.524989  0.160041  0.867283  0.669976  0.157559  0.683902  0.612710  0.161594  0.746605  0.468891  0.731861  0.738054  0.796260  0.224435  0.697536  0.802538  0.734143  0.766932  0.562615  0.655073  0.430303  0.148670  0.703535  0.382582  0.777016  0.668062  0.641153  0.746439  0.740373  0.746775  0.142526  0.707822  0.722365  0.794449  0.825262  0.706936  0.676835  0.774332  0.627454  0.830421  0.809687  0.732409  0.759229  0.655261  0.787705  0.718397  0.612000  0.699645  0.077880  0.646937 
7  0.768203  0.240942  0.203460  0.760515  0.540439  0.123551  0.151425 0.0  0.761265  0.576925  0.705679  0.199138  0.773461  0.755659  0.131727  0.647879  0.623469  0.225829  0.715532  0.544518  0.794714  0.728103  0.687326  0.210310  0.735622  0.722880  0.801120  0.835602  0.654851  0.722357  0.405814  0.200301  0.915884  0.384346  0.767275  0.737400  0.820946  0.755864  0.837039  0.690533  0.195132  0.794123  0.773859  0.754677  0.808746  0.733952  0.817494  0.763367  0.777383  0.943385  0.670637  0.820479  0.857987  0.795996  0.713835  0.687932  0.790734  0.744090  0.153507  0.653850 
8  0.580443  0.782013  0.808535  0.528018  0.520902  0.859242  0.733992  0.761265 0.0  0.565562  0.655762  0.831142  0.278063  0.350286  0.894970  0.836435  0.649908  0.830045  0.513887  0.533481  0.760074  0.163091  0.709949  0.806956  0.707822  0.629986  0.540716  0.571695  0.619937  0.213642  0.678296  0.892936  0.186722  0.652729  0.100864  0.686180  0.170364  0.641423  0.210309  0.316864  0.802466  0.281926  0.363856  0.583306  0.521265  0.650351  0.528600  0.506998  0.443187  0.522880  0.366435  0.788511  0.099473  0.480778  0.480734  0.399539  0.491337  0.185278  0.898359  0.442199 
9  0.501969  0.531129  0.504460  0.503114  0.457080  0.467616  0.576658  0.576925  0.565562 0.0  0.492455  0.557095  0.559794  0.539491  0.472045  0.539759  0.544944  0.479688  0.519947  0.466727  0.463473  0.543407  0.551031  0.534398  0.576086  0.558175  0.487905  0.498989  0.546092  0.508222  0.618117  0.507919  0.565220  0.520791  0.504434  0.466795  0.562208  0.477581  0.472403  0.550779  0.561936  0.514697  0.457190  0.550468  0.520466  0.433282  0.486951  0.478363  0.541745  0.517533  0.530419  0.479621  0.539018  0.596579  0.509127  0.503628  0.486738  0.531625  0.506477  0.526309 
10  0.758415  0.561944  0.701167  0.630709  0.565979  0.735124  0.524989  0.705679  0.655762  0.492455 0.0  0.700345  0.684638  0.709680  0.691277  0.646181  0.611127  0.683793  0.662714  0.536982  0.706321  0.660554  0.288238  0.552620  0.688436  0.658059  0.573068  0.662313  0.625957  0.703749  0.675567  0.604089  0.649329  0.616377  0.658891  0.750415  0.625582  0.660975  0.722111  0.656377  0.563603  0.705149  0.744321  0.644396  0.789666  0.656728  0.639874  0.676858  0.672534  0.637319  0.692211  0.661435  0.725277  0.604128  0.622224  0.734741  0.630502  0.694563  0.743513  0.641477 
11  0.745767  0.216640  0.077880  0.753747  0.558247  0.178979  0.160041  0.199138  0.831142  0.557095  0.700345 0.0  0.726730  0.741278  0.197125  0.810200  0.666117  0.077880  0.778269  0.574453  0.653047  0.785648  0.628418  0.223733  0.714884  0.842663  0.681774  0.744025  0.683811  0.798678  0.438452  0.130204  0.774540  0.452430  0.804770  0.527691  0.784149  0.769746  0.810063  0.698278  0.134145  0.612063  0.788108  0.829986  0.863139  0.562681  0.750105  0.744825  0.679900  0.765666  0.752337  0.757272  0.880715  0.891757  0.909066  0.836458  0.726852  0.742308  0.173100  0.686435 
12  0.486491  0.823325  0.659358  0.539162  0.521504  0.952716  0.867283  0.773461  0.278063  0.559794  0.684638  0.726730 0.0  0.421238  0.747388  0.706076  0.775710  0.839612  0.473598  0.499765  0.727236  0.262456  0.632373  0.697197  0.657428  0.403676  0.474445  0.483291  0.699994  0.318978  0.810589  0.810288  0.244136  0.684774  0.282322  0.712869  0.286476  0.486563  0.200439  0.270280  0.855883  0.289216  0.448942  0.434998  0.401143  0.704237  0.467958  0.474556  0.450682  0.479774  0.423162  0.694576  0.268541  0.438264  0.500034  0.443210  0.574233  0.266528  0.895545  0.437822 
13  0.415496  0.673082  0.847039  0.393108  0.559285  0.664299  0.669976  0.755659  0.350286  0.539491  0.709680  0.741278  0.421238 0.0  0.761400  0.851482  0.621177  0.765430  0.406008  0.501060  0.782073  0.431992  0.701269  0.771034  0.645885  0.388242  0.474104  0.409126  0.667989  0.439438  0.860618  0.848032  0.468907  0.864187  0.473675  0.597667  0.432129  0.449163  0.440150  0.479746  0.781819  0.368623  0.419111  0.414352  0.445916  0.688558  0.368683  0.390975  0.453042  0.491384  0.203755  0.733640  0.484726  0.427018  0.389478  0.371631  0.411746  0.421356  0.813274  0.636232 
14  0.776604  0.234699  0.186226  0.920364  0.554340  0.126938  0.157559  0.131727  0.894970  0.472045  0.691277  0.197125  0.747388  0.761400 0.0  0.752340  0.505951  0.199944  0.817777  0.488639  0.871059  0.801537  0.669646  0.218057  0.713601  0.724029  0.826124  0.935421  0.734062  0.857918  0.444453  0.218247  0.810521  0.416122  0.738276  0.748895  0.789586  0.649942  0.765171  0.779670  0.203357  0.763032  0.805291  0.743414  0.785614  0.732344  0.777754  0.828385  0.693910  0.859178  0.699908  0.693002  0.878706  0.825335  0.856561  0.739043  0.620488  0.778716  0.163027  0.729784 
15  0.848039  0.684354  0.707690  0.714019  0.454858  0.793817  0.683902  0.647879  0.836435  0.539759  0.646181  0.810200  0.706076  0.851482  0.752340 0.0  0.593073  0.728218  0.723490  0.564055  0.077880  0.783719  0.748984  0.700006  0.656499  0.845123  0.705106  0.775850  0.626010  0.739029  0.684894  0.757404  0.714376  0.704138  0.768542  0.460651  0.713663  0.668065  0.655718  0.674543  0.788058  0.721438  0.629318  0.759390  0.788899  0.635798  0.685821  0.897866  0.573760  0.539072  0.765737  0.209636  0.723709  0.763926  0.488625  0.563692  0.805631  0.717251  0.688117  0.301562 
16  0.740123  0.678597  0.740764  0.666167  0.556484  0.737541  0.612710  0.623469  0.649908  0.544944  0.611127  0.666117  0.775710  0.621177  0.505951  0.593073 0.0  0.678348  0.631252  0.506715  0.658980  0.700151  0.634175  0.721742  0.077880  0.547327  0.706465  0.665653  0.696080  0.687621  0.736927  0.632926  0.678221  0.661578  0.636743  0.737983  0.726497  0.617033  0.789257  0.590396  0.649772  0.651493  0.635603  0.629372  0.639350  0.636579  0.697493  0.642146  0.826816  0.720470  0.743803  0.728606  0.676621  0.743827  0.753219  0.612856  0.662505  0.611791  0.665763  0.646349 
17  0.757457  0.203445  0.077880  0.821627  0.515590  0.214957  0.161594  0.225829  0.830045  0.479688  0.683793  0.077880  0.839612  0.765430  0.199944  0.728218  0.678348 0.0  0.794194  0.553792  0.748478  0.871892  0.669363  0.196257  0.747774  0.808956  0.659475  0.924482  0.693007  0.723193  0.453441  0.131527  0.742998  0.450804  0.864622  0.589470  0.888004  0.729241  0.643963  0.863225  0.127661  0.760011  0.746065  0.884500  0.806573  0.580916  0.733000  0.688011  0.603876  0.799871  0.753307  0.761931  0.772177  0.833111  0.810404  0.729082  0.788363  0.862184  0.168471  0.645481 
18  0.377035  0.688598  0.783866  0.168502  0.513580  0.756488  0.746605  0.715532  0.513887  0.519947  0.662714  0.778269  0.473598  0.406008  0.817777  0.723490  0.631252  0.794194 0.0  0.474435  0.632711  0.528995  0.692235  0.738888  0.597288  0.341231  0.354503  0.156506  0.707073  0.460144  0.812222  0.928176  0.518622  0.824461  0.619260  0.689182  0.504326  0.349981  0.429707  0.498912  0.807052  0.522274  0.468542  0.335240  0.323052  0.651666  0.286013  0.359077  0.509198  0.446886  0.404338  0.635268  0.598786  0.110103  0.485629  0.421010  0.077880  0.519364  0.824475  0.672692 
19  0.516031  0.474780  0.582732  0.471450  0.533057  0.481301  0.468891  0.544518  0.533481  0.466727  0.536982  0.574453  0.499765  0.501060  0.488639  0.564055  0.506715  0.553792  0.474435 0.0  0.534703  0.515805  0.577192  0.532759  0.516908  0.495089  0.497572  0.493424  0.561346  0.496999  0.608653  0.501165  0.635759  0.534372  0.493990  0.598895  0.536899  0.547719  0.481727  0.528713  0.541283  0.449814  0.548108  0.476763  0.557112  0.403349  0.582309  0.578975  0.590758  0.429836  0.608087  0.569253  0.487062  0.523110  0.524242  0.495530  0.514922  0.493892  0.544681  0.546917 
20  0.712176  0.773317  0.737257  0.796813  0.571418  0.817803  0.731861  0.794714  0.760074  0.463473  0.706321  0.653047  0.727236  0.782073  0.871059  0.077880  0.658980  0.748478  0.632711  0.534703 0.0  0.711468  0.672133  0.612862  0.626583  0.837222  0.684788  0.666434  0.621791  0.695677  0.728255  0.741837  0.781481  0.731313  0.739904  0.767992  0.833847  0.694879  0.646414  0.685017  0.664105  0.741204  0.498216  0.842724  0.731701  0.641247  0.728161  0.748317  0.568779  0.499169  0.858486  0.224263  0.794815  0.699138  0.511354  0.485778  0.655305  0.672631  0.667232  0.308680 
21  0.553494  0.717675  0.918969  0.490666  0.523905  0.723176  0.738054  0.728103  0.163091  0.543407  0.660554  0.785648  0.262456  0.431992  0.801537  0.783719  0.700151  0.871892  0.528995  0.515805  0.711468 0.0  0.754032  0.767944  0.658482  0.517549  0.542737  0.473425  0.639276  0.198243  0.781468  0.833829  0.108883  0.810022  0.162281  0.655665  0.109965  0.591300  0.204383  0.312991  0.730127  0.260957  0.399326  0.541123  0.429111  0.708467  0.458926  0.581543  0.432366  0.538916  0.440415  0.803902  0.166546  0.540235  0.481771  0.417531  0.531861  0.109481  0.777248  0.379095 
22  0.619613  0.690041  0.683256  0.645721  0.513859  0.678477  0.796260  0.687326  0.709949  0.551031  0.288238  0.628418  0.632373  0.701269  0.669646  0.748984  0.634175  0.669363  0.692235  0.577192  0.672133  0.754032 0.0  0.665146  0.780135  0.524736  0.671822  0.707737  0.692351  0.618527  0.657105  0.669574  0.631894  0.687924  0.681053  0.720778  0.649600  0.606085  0.722363  0.492311  0.618508  0.695134  0.618134  0.677007  0.722665  0.675193  0.695010  0.698568  0.647503  0.698430  0.618818  0.736084  0.734558  0.750940  0.652540  0.721759  0.661690  0.694545  0.677915  0.607531 
23  0.715935  0.077880  0.203484  0.759941  0.507255  0.198640  0.224435  0.210310  0.806956  0.534398  0.552620  0.223733  0.697197  0.771034  0.218057  0.700006  0.721742  0.196257  0.738888  0.532759  0.612862  0.767944  0.665146 0.0  0.705128  0.802561  0.776127  0.883309  0.746253  0.691504  0.381796  0.223986  0.704786  0.409350  0.677785  0.627242  0.675849  0.773082  0.788778  0.773330  0.214004  0.762872  0.767080  0.729713  0.680942  0.674554  0.769662  0.816961  0.799197  0.806899  0.821024  0.733106  0.628672  0.716149  0.817254  0.757704  0.796632  0.724024  0.210000  0.730875 
24  0.642523  0.679681  0.724894  0.730360  0.632929  0.604688  0.697536  0.735622  0.707822  0.576086  0.688436  0.714884  0.657428  0.645885  0.713601  0.656499  0.077880  0.747774  0.597288  0.516908  0.626583  0.658482  0.780135  0.705128 0.0  0.680941  0.670297  0.756063  0.688695  0.593803  0.704492  0.725936  0.719434  0.588936  0.655100  0.674081  0.692900  0.690438  0.585014  0.765068  0.700715  0.670890  0.503416  0.629139  0.680186  0.666908  0.640261  0.717008  0.612151  0.689041  0.697869  0.801862  0.588827  0.726213  0.567647  0.600571  0.684139  0.623686  0.762986  0.565519 
25  0.077880  0.739556  0.877547  0.311967  0.603941  0.726515  0.802538  0.722880  0.629986  0.558175  0.658059  0.842663  0.403676  0.388242  0.724029  0.845123  0.547327  0.808956  0.341231  0.495089  0.837222  0.517549  0.524736  0.802561  0.680941 0.0  0.103350  0.336869  0.634992  0.501623  0.883609  0.727670  0.572914  0.829209  0.572400  0.634359  0.526931  0.383496  0.385927  0.449381  0.835161  0.553773  0.418673  0.177401  0.349857  0.692381  0.318856  0.167428  0.551530  0.488311  0.420846  0.709127  0.554783  0.316736  0.454640  0.385989  0.344031  0.558987  0.856141  0.705072 
26  0.095990  0.835167  0.843004  0.286335  0.550002  0.833895  0.734143  0.801120  0.540716  0.487905  0.573068  0.681774  0.474445  0.474104  0.826124  0.705106  0.706465  0.659475  0.354503  0.497572  0.684788  0.542737  0.671822  0.776127  0.670297  0.103350 0.0  0.372570  0.641418  0.568625  0.782726  0.781225  0.579149  0.706599  0.573586  0.693846  0.598645  0.344817  0.372728  0.497510  0.750591  0.403629  0.498952  0.152565  0.299405  0.644903  0.331610  0.146400  0.398638  0.421259  0.394869  0.738172  0.511947  0.342062  0.576623  0.489177  0.366384  0.544438  0.830028  0.724875 
27  0.351549  0.763819  0.809977  0.168967  0.545188  0.751334  0.766932  0.835602  0.571695  0.498989  0.662313  0.744025  0.483291  0.409126  0.935421  0.775850  0.665653  0.924482  0.156506  0.493424  0.666434  0.473425  0.707737  0.883309  0.756063  0.336869  0.372570 0.0  0.635770  0.508594  0.689709  0.873151  0.511438  0.710971  0.496933  0.655477  0.547433  0.345506  0.466268  0.523589  0.745705  0.515492  0.455199  0.341447  0.360306  0.651931  0.370812  0.364822  0.428636  0.501479  0.408069  0.807897  0.535243  0.145688  0.508333  0.416672  0.152779  0.557265  0.730972  0.599166 
28  0.596176  0.607072  0.751167  0.620613  0.553117  0.626689  0.562615  0.654851  0.619937  0.546092  0.625957  0.683811  0.699994  0.667989  0.734062  0.626010  0.696080  0.693007  0.707073  0.561346  0.621791  0.639276  0.692351  0.746253  0.688695  0.634992  0.641418  0.635770 0.0  0.583521  0.527783  0.855234  0.614806  0.769806  0.665470  0.317996  0.591742  0.692118  0.749271  0.708232  0.677268  0.694423  0.659247  0.575473  0.576313  0.344876  0.562887  0.683906  0.742899  0.706023  0.488770  0.682456  0.676691  0.644547  0.705735  0.599932  0.721005  0.589005  0.672954  0.550938 
29  0.502336  0.656999  0.817334  0.540520  0.482230  0.841741  0.655073  0.722357  0.213642  0.508222  0.703749  0.798678  0.318978  0.439438  0.857918  0.739029  0.687621  0.723193  0.460144  0.496999  0.695677  0.198243  0.618527  0.691504  0.593803  0.501623  0.568625  0.508594  0.583521 0.0  0.632754  0.798123  0.222634  0.756434  0.214191  0.679287  0.223035  0.529025  0.190216  0.392711  0.906570  0.278737  0.470144  0.518182  0.530604  0.615576  0.570689  0.455855  0.496344  0.515423  0.419737  0.731178  0.201072  0.461565  0.488797  0.396256  0.491041  0.199315  0.836963  0.448707 
30  0.819167  0.430212  0.408931  0.651258  0.570005  0.400621  0.430303  0.405814  0.678296  0.618117  0.675567  0.438452  0.810589  0.860618  0.444453  0.684894  0.736927  0.453441  0.812222  0.608653  0.728255  0.781468  0.657105  0.381796  0.704492  0.883609  0.782726  0.689709  0.527783  0.632754 0.0  0.401090  0.713306  0.214674  0.834718  0.649575  0.750778  0.760749  0.821797  0.790861  0.371979  0.715176  0.788646  0.753638  0.644316  0.791886  0.766996  0.671432  0.790738  0.644761  0.830022  0.711059  0.591827  0.672904  0.688425  0.617110  0.739283  0.740297  0.400793  0.582712 
31  0.789949  0.217661  0.134679  0.785114  0.524349  0.200704  0.148670  0.200301  0.892936  0.507919  0.604089  0.130204  0.810288  0.848032  0.218247  0.757404  0.632926  0.131527  0.928176  0.501165  0.741837  0.833829  0.669574  0.223986  0.725936  0.727670  0.781225  0.873151  0.855234  0.798123  0.401090 0.0  0.823772  0.418577  0.754332  0.702695  0.701721  0.758917  0.726615  0.866634  0.077880  0.631209  0.704874  0.823345  0.685840  0.661291  0.927556  0.803441  0.779076  0.741350  0.743661  0.691417  0.827526  0.825965  0.853093  0.817634  0.764069  0.877369  0.178274  0.596949 
32  0.644988  0.845556  0.770442  0.468835  0.603777  0.653379  0.703535  0.915884  0.186722  0.565220  0.649329  0.774540  0.244136  0.468907  0.810521  0.714376  0.678221  0.742998  0.518622  0.635759  0.781481  0.108883  0.631894  0.704786  0.719434  0.572914  0.579149  0.511438  0.614806  0.222634  0.713306  0.823772 0.0  0.771220  0.160325  0.622335  0.095382  0.579267  0.222174  0.300927  0.899174  0.253123  0.411603  0.577286  0.547929  0.682190  0.502635  0.496047  0.446649  0.441463  0.443573  0.818863  0.186185  0.560173  0.488071  0.461784  0.581887  0.097355  0.833712  0.392788 
33  0.787594  0.434521  0.378869  0.699747  0.493159  0.424768  0.382582  0.384346  0.652729  0.520791  0.616377  0.452430  0.684774  0.864187  0.416122  0.704138  0.661578  0.450804  0.824461  0.534372  0.731313  0.810022  0.687924  0.409350  0.588936  0.829209  0.706599  0.710971  0.769806  0.756434  0.214674  0.418577  0.771220 0.0  0.806422  0.680394  0.751282  0.656128  0.721337  0.667670  0.402040  0.638486  0.745012  0.721725  0.797194  0.711206  0.726451  0.706659  0.729031  0.784476  0.863896  0.753643  0.794219  0.710629  0.848315  0.770340  0.722144  0.811451  0.417411  0.534340 
34  0.555879  0.733952  0.734034  0.552578  0.500384  0.883448  0.777016  0.767275  0.100864  0.504434  0.658891  0.804770  0.282322  0.473675  0.738276  0.768542  0.636743  0.864622  0.619260  0.493990  0.739904  0.162281  0.681053  0.677785  0.655100  0.572400  0.573586  0.496933  0.665470  0.214191  0.834718  0.754332  0.160325  0.806422 0.0  0.607902  0.186292  0.519889  0.198035  0.349779  0.749425  0.259847  0.457728  0.499886  0.479426  0.578128  0.514181  0.509961  0.457313  0.513581  0.461289  0.804372  0.099312  0.498723  0.491678  0.399766  0.541763  0.192386  0.780050  0.409737 
35  0.596127  0.691724  0.632645  0.577265  0.534218  0.614248  0.668062  0.737400  0.686180  0.466795  0.750415  0.527691  0.712869  0.597667  0.748895  0.460651  0.737983  0.589470  0.689182  0.598895  0.767992  0.655665  0.720778  0.627242  0.674081  0.634359  0.693846  0.655477  0.317996  0.679287  0.649575  0.702695  0.622335  0.680394  0.607902 0.0  0.671782  0.686313  0.686113  0.598615  0.756569  0.660054  0.629722  0.785755  0.595549  0.289956  0.703204  0.731262  0.676503  0.769789  0.665592  0.680104  0.529964  0.722119  0.627277  0.658986  0.754554  0.727122  0.572719  0.686481 
36  0.701055  0.916889  1.000000  0.480703  0.526825  0.752205  0.641153  0.820946  0.170364  0.562208  0.625582  0.784149  0.286476  0.432129  0.789586  0.713663  0.726497  0.888004  0.504326  0.536899  0.833847  0.109965  0.649600  0.675849  0.692900  0.526931  0.598645  0.547433  0.591742  0.223035  0.750778  0.701721  0.095382  0.751282  0.186292  0.671782 0.0  0.516828  0.215655  0.323838  0.638737  0.316466  0.499834  0.538082  0.517214  0.695242  0.531906  0.496631  0.448861  0.466501  0.419927  0.721592  0.163365  0.491754  0.492926  0.433366  0.570293  0.077880  0.794225  0.452155 
37  0.334055  0.659097  0.665321  0.281228  0.549129  0.782407  0.746439  0.755864  0.641423  0.477581  0.660975  0.769746  0.486563  0.449163  0.649942  0.668065  0.617033  0.729241  0.349981  0.547719  0.694879  0.591300  0.606085  0.773082  0.690438  0.383496  0.344817  0.345506  0.692118  0.529025  0.760749  0.758917  0.579267  0.656128  0.519889  0.686313  0.516828 0.0  0.384184  0.547198  0.794020  0.522541  0.394478  0.362290  0.124214  0.700332  0.124578  0.354826  0.505977  0.513704  0.435762  0.726321  0.514713  0.379025  0.448547  0.399934  0.404215  0.480539  0.711380  0.757961 
38  0.437972  0.709607  0.653844  0.440849  0.602941  0.738624  0.740373  0.837039  0.210309  0.472403  0.722111  0.810063  0.200439  0.440150  0.765171  0.655718  0.789257  0.643963  0.429707  0.481727  0.646414  0.204383  0.722363  0.788778  0.585014  0.385927  0.372728  0.466268  0.749271  0.190216  0.821797  0.726615  0.222174  0.721337  0.198035  0.686113  0.215655  0.384184 0.0  0.213564  0.685490  0.203302  0.470498  0.417302  0.376136  0.792293  0.399097  0.472408  0.450972  0.468587  0.488820  0.729716  0.190551  0.474904  0.361543  0.395778  0.396450  0.193784  0.715420  0.465840 
39  0.493333  0.775584  0.856196  0.449135  0.537261  0.834236  0.746775  0.690533  0.316864  0.550779  0.656377  0.698278  0.270280  0.479746  0.779670  0.674543  0.590396  0.863225  0.498912  0.528713  0.685017  0.312991  0.492311  0.773330  0.765068  0.449381  0.497510  0.523589  0.708232  0.392711  0.790861  0.866634  0.300927  0.667670  0.349779  0.598615  0.323838  0.547198  0.213564 0.0  0.732565  0.077880  0.484239  0.514585  0.515367  0.638885  0.454559  0.486350  0.488181  0.411200  0.421011  0.801286  0.343824  0.600420  0.502085  0.444668  0.521545  0.303499  0.807549  0.458645 
40  0.704915  0.223239  0.132190  0.798453  0.516469  0.199687  0.142526  0.195132  0.802466  0.561936  0.563603  0.134145  0.855883  0.781819  0.203357  0.788058  0.649772  0.127661  0.807052  0.541283  0.664105  0.730127  0.618508  0.214004  0.700715  0.835161  0.750591  0.745705  0.677268  0.906570  0.371979  0.077880  0.899174  0.402040  0.749425  0.756569  0.638737  0.794020  0.685490  0.732565 0.0  0.740854  0.714444  0.894826  0.771442  0.683525  0.933743  0.759140  0.717843  0.719270  0.679866  0.749204  0.720070  0.701304  0.671664  0.690199  0.697953  0.675250  0.161662  0.640832 
41  0.420704  0.732220  0.797394  0.491105  0.551742  0.722989  0.707822  0.794123  0.281926  0.514697  0.705149  0.612063  0.289216  0.368623  0.763032  0.721438  0.651493  0.760011  0.522274  0.449814  0.741204  0.260957  0.695134  0.762872  0.670890  0.553773  0.403629  0.515492  0.694423  0.278737  0.715176  0.631209  0.253123  0.638486  0.259847  0.660054  0.316466  0.522541  0.203302  0.077880  0.740854 0.0  0.444662  0.431722  0.503604  0.719483  0.484966  0.510193  0.406547  0.467861  0.385036  0.735376  0.300155  0.458430  0.553351  0.425931  0.500140  0.312908  0.868243  0.386852 
42  0.439012  0.749634  0.718197  0.440783  0.625431  0.807112  0.722365  0.773859  0.363856  0.457190  0.744321  0.788108  0.448942  0.419111  0.805291  0.629318  0.635603  0.746065  0.468542  0.548108  0.498216  0.399326  0.618134  0.767080  0.503416  0.418673  0.498952  0.455199  0.659247  0.470144  0.788646  0.704874  0.411603  0.745012  0.457728  0.629722  0.499834  0.394478  0.470498  0.484239  0.714444  0.444662 0.0  0.441367  0.353414  0.643047  0.438097  0.403137  0.202854  0.204421  0.423496  0.563403  0.483676  0.349739  0.212017  0.220352  0.393799  0.367409  0.666358  0.632348 
43  0.165477  0.711945  0.817944  0.274855  0.614734  0.679299  0.794449  0.754677  0.583306  0.550468  0.644396  0.829986  0.434998  0.414352  0.743414  0.759390  0.629372  0.884500  0.335240  0.476763  0.842724  0.541123  0.677007  0.729713  0.629139  0.177401  0.152565  0.341447  0.575473  0.518182  0.753638  0.823345  0.577286  0.721725  0.499886  0.785755  0.538082  0.362290  0.417302  0.514585  0.894826  0.431722  0.441367 0.0  0.298963  0.655471  0.304005  0.112048  0.476115  0.427923  0.444761  0.682400  0.563772  0.362941  0.492619  0.442524  0.321842  0.512449  0.928770  0.673613 
44  0.305159  0.666905  0.861842  0.295529  0.537723  0.765038  0.825262  0.808746  0.521265  0.520466  0.789666  0.863139  0.401143  0.445916  0.785614  0.788899  0.639350  0.806573  0.323052  0.557112  0.731701  0.429111  0.722665  0.680942  0.680186  0.349857  0.299405  0.360306  0.576313  0.530604  0.644316  0.685840  0.547929  0.797194  0.479426  0.595549  0.517214  0.124214  0.376136  0.515367  0.771442  0.503604  0.353414  0.298963 0.0  0.559638  0.133475  0.385336  0.555373  0.485777  0.431432  0.663721  0.486090  0.325143  0.475732  0.483869  0.342316  0.552316  0.833514  0.709843 
45  0.684563  0.757298  0.674560  0.688120  0.585125  0.774722  0.706936  0.733952  0.650351  0.433282  0.656728  0.562681  0.704237  0.688558  0.732344  0.635798  0.636579  0.580916  0.651666  0.403349  0.641247  0.708467  0.675193  0.674554  0.666908  0.692381  0.644903  0.651931  0.344876  0.615576  0.791886  0.661291  0.682190  0.711206  0.578128  0.289956  0.695242  0.700332  0.792293  0.638885  0.683525  0.719483  0.643047  0.655471  0.559638 0.0  0.666818  0.676085  0.549358  0.604374  0.700011  0.734317  0.715050  0.744462  0.592219  0.695514  0.748216  0.664841  0.718691  0.753394 
46  0.337819  0.730837  0.856525  0.288466  0.611519  0.802542  0.676835  0.817494  0.528600  0.486951  0.639874  0.750105  0.467958  0.368683  0.777754  0.685821  0.697493  0.733000  0.286013  0.582309  0.728161  0.458926  0.695010  0.769662  0.640261  0.318856  0.331610  0.370812  0.562887  0.570689  0.766996  0.927556  0.502635  0.726451  0.514181  0.703204  0.531906  0.124578  0.399097  0.454559  0.933743  0.484966  0.438097  0.304005  0.133475  0.666818 0.0  0.320963  0.486459  0.510024  0.364401  0.760323  0.509957  0.286481  0.386380  0.349915  0.316443  0.482357  0.837455  0.658210 
47  0.154745  0.764273  0.782408  0.280948  0.537317  0.779891  0.774332  0.763367  0.506998  0.478363  0.676858  0.744825  0.474556  0.390975  0.828385  0.897866  0.642146  0.688011  0.359077  0.578975  0.748317  0.581543  0.698568  0.816961  0.717008  0.167428  0.146400  0.364822  0.683906  0.455855  0.671432  0.803441  0.496047  0.706659  0.509961  0.731262  0.496631  0.354826  0.472408  0.486350  0.759140  0.510193  0.403137  0.112048  0.385336  0.676085  0.320963 0.0  0.483438  0.528176  0.389359  0.596220  0.516952  0.362880  0.456094  0.394853  0.351646  0.533889  0.942880  0.636309 
48  0.417957  0.752189  0.684841  0.446140  0.532682  0.700204  0.627454  0.777383  0.443187  0.541745  0.672534  0.679900  0.450682  0.453042  0.693910  0.573760  0.826816  0.603876  0.509198  0.590758  0.568779  0.432366  0.647503  0.799197  0.612151  0.551530  0.398638  0.428636  0.742899  0.496344  0.790738  0.779076  0.446649  0.729031  0.457313  0.676503  0.448861  0.505977  0.450972  0.488181  0.717843  0.406547  0.202854  0.476115  0.555373  0.549358  0.486459  0.483438 0.0  0.162164  0.454664  0.507633  0.447702  0.493232  0.303066  0.206336  0.555165  0.505300  0.702799  0.782860 
49  0.428588  0.734092  0.812803  0.497052  0.529229  0.713524  0.830421  0.943385  0.522880  0.517533  0.637319  0.765666  0.479774  0.491384  0.859178  0.539072  0.720470  0.799871  0.446886  0.429836  0.499169  0.538916  0.698430  0.806899  0.689041  0.488311  0.421259  0.501479  0.706023  0.515423  0.644761  0.741350  0.441463  0.784476  0.513581  0.769789  0.466501  0.513704  0.468587  0.411200  0.719270  0.467861  0.204421  0.427923  0.485777  0.604374  0.510024  0.528176  0.162164 0.0  0.366709  0.514296  0.476820  0.443713  0.312588  0.198779  0.435787  0.520696  0.840284  0.598420 
50  0.408325  0.677943  0.677370  0.440010  0.535704  0.821781  0.809687  0.670637  0.366435  0.530419  0.692211  0.752337  0.423162  0.203755  0.699908  0.765737  0.743803  0.753307  0.404338  0.608087  0.858486  0.440415  0.618818  0.821024  0.697869  0.420846  0.394869  0.408069  0.488770  0.419737  0.830022  0.743661  0.443573  0.863896  0.461289  0.665592  0.419927  0.435762  0.488820  0.421011  0.679866  0.385036  0.423496  0.444761  0.431432  0.700011  0.364401  0.389359  0.454664  0.366709 0.0  0.772183  0.393575  0.420991  0.378501  0.379359  0.390079  0.349875  0.685349  0.779084 
51  0.822830  0.674864  0.774674  0.732589  0.516688  0.600028  0.732409  0.820479  0.788511  0.479621  0.661435  0.757272  0.694576  0.733640  0.693002  0.209636  0.728606  0.761931  0.635268  0.569253  0.224263  0.803902  0.736084  0.733106  0.801862  0.709127  0.738172  0.807897  0.682456  0.731178  0.711059  0.691417  0.818863  0.753643  0.804372  0.680104  0.721592  0.726321  0.729716  0.801286  0.749204  0.735376  0.563403  0.682400  0.663721  0.734317  0.760323  0.596220  0.507633  0.514296  0.772183 0.0  0.819293  0.728686  0.534859  0.475581  0.836778  0.674504  0.689504  0.317698 
52  0.533054  0.735245  0.830138  0.468429  0.500804  0.806736  0.759229  0.857987  0.099473  0.539018  0.725277  0.880715  0.268541  0.484726  0.878706  0.723709  0.676621  0.772177  0.598786  0.487062  0.794815  0.166546  0.734558  0.628672  0.588827  0.554783  0.511947  0.535243  0.676691  0.201072  0.591827  0.827526  0.186185  0.794219  0.099312  0.529964  0.163365  0.514713  0.190551  0.343824  0.720070  0.300155  0.483676  0.563772  0.486090  0.715050  0.509957  0.516952  0.447702  0.476820  0.393575  0.819293 0.0  0.465049  0.408023  0.421665  0.547712  0.175777  0.783325  0.396489 
53  0.344328  0.786987  0.924601  0.143546  0.528917  0.757382  0.655261  0.795996  0.480778  0.596579  0.604128  0.891757  0.438264  0.427018  0.825335  0.763926  0.743827  0.833111  0.110103  0.523110  0.699138  0.540235  0.750940  0.716149  0.726213  0.316736  0.342062  0.145688  0.644547  0.461565  0.672904  0.825965  0.560173  0.710629  0.498723  0.722119  0.491754  0.379025  0.474904  0.600420  0.701304  0.458430  0.349739  0.362941  0.325143  0.744462  0.286481  0.362880  0.493232  0.443713  0.420991  0.728686  0.465049 0.0  0.499970  0.393571  0.111062  0.511215  0.764251  0.666978 
54  0.448950  0.769008  0.797642  0.502135  0.577608  0.784095  0.787705  0.713835  0.480734  0.509127  0.622224  0.909066  0.500034  0.389478  0.856561  0.488625  0.753219  0.810404  0.485629  0.524242  0.511354  0.481771  0.652540  0.817254  0.567647  0.454640  0.576623  0.508333  0.705735  0.488797  0.688425  0.853093  0.488071  0.848315  0.491678  0.627277  0.492926  0.448547  0.361543  0.502085  0.671664  0.553351  0.212017  0.492619  0.475732  0.592219  0.386380  0.456094  0.303066  0.312588  0.378501  0.534859  0.408023  0.499970 0.0  0.219103  0.461512  0.422383  0.869470  0.627401 
55  0.409179  0.683560  0.712204  0.379932  0.476747  0.696476  0.718397  0.687932  0.399539  0.503628  0.734741  0.836458  0.443210  0.371631  0.739043  0.563692  0.612856  0.729082  0.421010  0.495530  0.485778  0.417531  0.721759  0.757704  0.600571  0.385989  0.489177  0.416672  0.599932  0.396256  0.617110  0.817634  0.461784  0.770340  0.399766  0.658986  0.433366  0.399934  0.395778  0.444668  0.690199  0.425931  0.220352  0.442524  0.483869  0.695514  0.349915  0.394853  0.206336  0.198779  0.379359  0.475581  0.421665  0.393571  0.219103 0.0  0.416004  0.404052  0.761046  0.677346 
56  0.330149  0.722768  0.744162  0.150299  0.560283  0.837201  0.612000  0.790734  0.491337  0.486738  0.630502  0.726852  0.574233  0.411746  0.620488  0.805631  0.662505  0.788363  0.077880  0.514922  0.655305  0.531861  0.661690  0.796632  0.684139  0.344031  0.366384  0.152779  0.721005  0.491041  0.739283  0.764069  0.581887  0.722144  0.541763  0.754554  0.570293  0.404215  0.396450  0.521545  0.697953  0.500140  0.393799  0.321842  0.342316  0.748216  0.316443  0.351646  0.555165  0.435787  0.390079  0.836778  0.547712  0.111062  0.461512  0.416004 0.0  0.440841  0.696592  0.652630 
57  0.577336  0.791081  0.892492  0.402205  0.506822  0.858581  0.699645  0.744090  0.185278  0.531625  0.694563  0.742308  0.266528  0.421356  0.778716  0.717251  0.611791  0.862184  0.519364  0.493892  0.672631  0.109481  0.694545  0.724024  0.623686  0.558987  0.544438  0.557265  0.589005  0.199315  0.740297  0.877369  0.097355  0.811451  0.192386  0.727122  0.077880  0.480539  0.193784  0.303499  0.675250  0.312908  0.367409  0.512449  0.552316  0.664841  0.482357  0.533889  0.505300  0.520696  0.349875  0.674504  0.175777  0.511215  0.422383  0.404052  0.440841 0.0  0.823624  0.455641 
58  0.809802  0.210761  0.156816  0.819394  0.584604  0.151625  0.077880  0.153507  0.898359  0.506477  0.743513  0.173100  0.895545  0.813274  0.163027  0.688117  0.665763  0.168471  0.824475  0.544681  0.667232  0.777248  0.677915  0.210000  0.762986  0.856141  0.830028  0.730972  0.672954  0.836963  0.400793  0.178274  0.833712  0.417411  0.780050  0.572719  0.794225  0.711380  0.715420  0.807549  0.161662  0.868243  0.666358  0.928770  0.833514  0.718691  0.837455  0.942880  0.702799  0.840284  0.685349  0.689504  0.783325  0.764251  0.869470  0.761046  0.696592  0.823624 0.0  0.689769 
59  0.720146  0.771123  0.655043  0.610086  0.605450  0.654955  0.646937  0.653850  0.442199  0.526309  0.641477  0.686435  0.437822  0.636232  0.729784  0.301562  0.646349  0.645481  0.672692  0.546917  0.308680  0.379095  0.607531  0.730875  0.565519  0.705072  0.724875  0.599166  0.550938  0.448707  0.582712  0.596949  0.392788  0.534340  0.409737  0.686481  0.452155  0.757961  0.465840  0.458645  0.640832  0.386852  0.632348  0.673613  0.709843  0.753394  0.658210  0.636309  0.782860  0.598420  0.779084  0.317698  0.396489  0.666978  0.627401  0.677346  0.652630  0.455641  0.689769 0.0 
