60
0 0.0  0.880412  0.769667  0.286919  0.550183  0.821380  0.878488  0.894965  0.565631  0.527026  0.645849  0.848301  0.484115  0.420807  0.842856  0.737163  0.754792  0.828891  0.423303  0.552833  0.779925  0.574587  0.660636  0.687361  0.675601  0.083556  0.167488  0.505897  0.698141  0.556231  0.785794  0.904251  0.578503  0.910034  0.569658  0.663516  0.620983  0.427818  0.439404  0.587412  0.874694  0.489975  0.479481  0.193314  0.410247  0.621027  0.371830  0.217570  0.531472  0.635420  0.452005  0.710623  0.507462  0.368484  0.544123  0.548551  0.399616  0.651831  0.784635  0.695243 
1  0.880412 0.0  0.280561  0.837813  0.536007  0.290838  0.260072  0.267786  0.767686  0.554462  0.654848  0.279934  0.780962  0.736582  0.215116  0.815233  0.809119  0.240934  0.798210  0.599428  0.752358  0.773552  0.670131  0.083556  0.723883  0.764313  0.877323  0.750441  0.714918  0.855853  0.530937  0.246359  0.779365  0.373968  0.763843  0.727354  0.740357  0.839530  0.775983  0.748155  0.324951  0.756288  0.807730  0.734149  0.780597  0.668977  0.791374  0.836670  0.676627  0.704175  0.825752  0.823429  0.872576  0.757810  0.750901  0.754975  0.701998  0.805648  0.224621  0.627402 
2  0.769667  0.280561 0.0  0.746032  0.576929  0.156121  0.166134  0.341899  0.812847  0.461137  0.804196  0.083556  0.841854  0.805173  0.194600  0.732053  0.729666  0.103279  0.873248  0.586093  0.753345  0.988435  0.686087  0.229500  0.733881  0.888771  0.849915  0.937136  0.639672  0.777112  0.460871  0.194684  0.840971  0.389416  0.769076  0.621028  0.854427  0.885248  0.800681  0.876723  0.105407  0.770245  0.743185  0.831154  0.830285  0.698691  0.853026  0.870442  0.814262  0.798426  0.782882  0.790260  0.914277  0.875885  0.868121  0.847080  0.791115  0.832189  0.099865  0.661889 
3  0.286919  0.837813  0.746032 0.0  0.584360  0.808493  0.750719  0.812213  0.566491  0.567521  0.790636  0.929970  0.573448  0.576010  0.931596  0.783766  0.664448  0.875492  0.178465  0.684574  0.756110  0.528619  0.692911  0.749347  0.762276  0.280270  0.384490  0.174905  0.675995  0.566871  0.861186  0.723473  0.513897  0.817981  0.519094  0.689402  0.605918  0.238601  0.470411  0.543881  0.897923  0.417588  0.497872  0.332485  0.369093  0.646534  0.313614  0.408703  0.513590  0.624394  0.507437  0.852356  0.446119  0.181952  0.444461  0.495442  0.144013  0.585961  0.792191  0.742036 
4  0.550183  0.536007  0.576929  0.584360 0.0  0.479991  0.457214  0.456036  0.485909  0.507190  0.554349  0.586000  0.573665  0.591773  0.681123  0.625688  0.604052  0.543519  0.554064  0.597791  0.491523  0.491952  0.646628  0.686184  0.568797  0.531216  0.569673  0.529160  0.504592  0.479743  0.491619  0.632010  0.552498  0.564653  0.498341  0.602582  0.582512  0.516255  0.506750  0.530270  0.612256  0.498237  0.594916  0.575624  0.537792  0.495596  0.567419  0.545218  0.647401  0.515658  0.490774  0.575334  0.462087  0.590193  0.583847  0.529720  0.520412  0.582807  0.448059  0.650576 
5  0.821380  0.290838  0.156121  0.808493  0.479991 0.0  0.226709  0.203081  0.810513  0.486467  0.750038  0.155020  0.893825  0.891455  0.116695  0.815991  0.654281  0.268007  0.842988  0.677428  0.841988  0.833339  0.623823  0.298390  0.829254  0.853091  0.858336  0.821114  0.686715  0.855503  0.482775  0.223874  0.826759  0.418249  0.682382  0.752352  0.869130  0.740554  0.826150  0.823269  0.249713  0.792109  0.675248  0.802968  0.797460  0.696201  0.888526  0.907650  0.886443  0.822868  0.810014  0.825977  0.783962  0.818624  0.869040  0.750535  0.893040  0.819337  0.083556  0.726831 
6  0.878488  0.260072  0.166134  0.750719  0.457214  0.226709 0.0  0.274221  0.840733  0.515013  0.739491  0.184659  0.905567  0.837181  0.083556  0.817416  0.641361  0.228300  0.839240  0.561861  0.848632  0.848302  0.665527  0.237902  0.661103  0.774983  0.836383  0.861539  0.718414  0.859626  0.391547  0.087536  0.961783  0.460602  0.831931  0.696484  0.853742  0.849170  0.826928  0.789622  0.179538  0.875539  0.719620  0.798338  0.871177  0.745340  0.812206  0.866180  0.797469  0.773922  0.812428  0.628507  0.853003  0.887830  0.760887  0.653856  0.712517  0.814844  0.083556  0.759706 
7  0.894965  0.267786  0.341899  0.812213  0.456036  0.203081  0.274221 0.0  0.838131  0.603487  0.660193  0.233707  0.822785  0.747600  0.222930  0.748482  0.598984  0.206780  0.839104  0.537174  0.798814  0.854881  0.721529  0.154130  0.682565  0.860196  0.892695  0.827854  0.649590  0.865959  0.373221  0.268673  0.857488  0.477800  0.792111  0.763220  0.902189  0.801872  0.784735  0.779414  0.239644  0.815822  0.774846  0.847824  0.884952  0.747395  0.900199  0.942040  0.797673  0.854827  0.720094  0.729701  0.759686  0.812532  0.803952  0.769461  0.798609  0.753393  0.135658  0.628006 
8  0.565631  0.767686  0.812847  0.566491  0.485909  0.810513  0.840733  0.838131 0.0  0.556936  0.762692  0.786335  0.299291  0.428902  0.899978  0.713711  0.747732  0.820370  0.574441  0.526307  0.824577  0.138405  0.710355  0.781158  0.700815  0.546810  0.661247  0.560156  0.722189  0.286369  0.795607  0.798645  0.312120  0.799182  0.083556  0.711834  0.191999  0.588217  0.230255  0.433856  0.842616  0.321146  0.425105  0.600825  0.438355  0.719389  0.626373  0.566937  0.568047  0.493791  0.571802  0.764068  0.083556  0.640512  0.563476  0.484633  0.669743  0.239208  0.777556  0.421472 
9  0.527026  0.554462  0.461137  0.567521  0.507190  0.486467  0.515013  0.603487  0.556936 0.0  0.471155  0.612132  0.551543  0.584284  0.531299  0.430677  0.496350  0.539764  0.608694  0.601895  0.513921  0.624525  0.670567  0.443853  0.577797  0.588101  0.577965  0.577972  0.670165  0.601077  0.586228  0.533338  0.553723  0.503269  0.465193  0.573195  0.486223  0.532256  0.574629  0.569600  0.549167  0.590138  0.542757  0.640913  0.581603  0.579451  0.521551  0.611717  0.505795  0.556959  0.562902  0.535498  0.478246  0.570512  0.554332  0.514443  0.555406  0.511726  0.575488  0.466863 
10  0.645849  0.654848  0.804196  0.790636  0.554349  0.750038  0.739491  0.660193  0.762692  0.471155 0.0  0.668401  0.736216  0.704955  0.693933  0.736767  0.717810  0.673805  0.748219  0.579152  0.772525  0.654807  0.363157  0.720691  0.736806  0.667927  0.690801  0.669291  0.760893  0.661930  0.669572  0.634498  0.674189  0.633348  0.625570  0.743066  0.724334  0.649895  0.792199  0.627987  0.668658  0.718112  0.644992  0.745203  0.716180  0.680528  0.719244  0.661987  0.644226  0.706670  0.666591  0.679775  0.589337  0.634077  0.746846  0.698920  0.649348  0.690291  0.702902  0.756493 
11  0.848301  0.279934  0.083556  0.929970  0.586000  0.155020  0.184659  0.233707  0.786335  0.612132  0.668401 0.0  0.890831  0.744152  0.169415  0.809611  0.642867  0.186453  0.882581  0.564347  0.669082  0.795317  0.668866  0.299399  0.704447  0.831423  0.770739  0.903621  0.628391  0.809572  0.416000  0.193758  1.000000  0.404633  0.780892  0.746362  0.786601  0.846760  0.796249  0.883463  0.137423  0.843017  0.769279  0.794948  0.898633  0.677789  0.861884  0.894443  0.826603  0.772559  0.742775  0.758140  0.808918  0.786066  0.838724  0.811447  0.948103  0.851596  0.173159  0.817379 
12  0.484115  0.780962  0.841854  0.573448  0.573665  0.893825  0.905567  0.822785  0.299291  0.551543  0.736216  0.890831 0.0  0.420071  0.782088  0.771325  0.777796  0.944636  0.482419  0.676679  0.782811  0.358599  0.647108  0.692303  0.732906  0.600851  0.505022  0.572199  0.655793  0.359533  0.855315  0.918633  0.305411  0.813533  0.257185  0.678841  0.252753  0.529779  0.319443  0.292557  0.877896  0.390438  0.482879  0.507426  0.448751  0.732630  0.625802  0.620888  0.623380  0.535753  0.421062  0.813145  0.334777  0.531350  0.527230  0.495706  0.579199  0.271190  0.857448  0.438626 
13  0.420807  0.736582  0.805173  0.576010  0.591773  0.891455  0.837181  0.747600  0.428902  0.584284  0.704955  0.744152  0.420071 0.0  0.860737  0.708257  0.698717  0.715368  0.439102  0.501731  0.766564  0.487972  0.735918  0.784843  0.646583  0.511941  0.506140  0.557857  0.714814  0.410323  0.797694  0.732207  0.460250  0.808179  0.460741  0.621367  0.482337  0.448331  0.485619  0.397795  0.784748  0.417737  0.484805  0.434104  0.408653  0.750277  0.384993  0.424682  0.451868  0.467982  0.251603  0.790134  0.523004  0.448371  0.505424  0.455460  0.505446  0.457398  0.749054  0.670787 
14  0.842856  0.215116  0.194600  0.931596  0.681123  0.116695  0.083556  0.222930  0.899978  0.531299  0.693933  0.169415  0.782088  0.860737 0.0  0.714844  0.737317  0.239630  0.962738  0.562037  0.712090  0.893580  0.687949  0.305974  0.676403  0.735990  0.835829  0.781588  0.667968  0.771898  0.538819  0.303193  0.787677  0.463798  0.799145  0.686080  0.806224  0.872258  0.708498  0.825446  0.147331  0.853404  0.673405  0.877735  0.822058  0.629266  0.828701  0.843263  0.753293  0.835023  0.722431  0.717440  0.839088  0.717695  0.823219  0.666320  0.791080  0.859487  0.083556  0.701536 
15  0.737163  0.815233  0.732053  0.783766  0.625688  0.815991  0.817416  0.748482  0.713711  0.430677  0.736767  0.809611  0.771325  0.708257  0.714844 0.0  0.734805  0.838818  0.743027  0.605141  0.100425  0.764509  0.760779  0.776551  0.783273  0.709025  0.710247  0.773998  0.730917  0.719255  0.747349  0.795609  0.893134  0.790555  0.872153  0.699805  0.713781  0.800791  0.751376  0.738924  0.796573  0.850105  0.532284  0.711231  0.743405  0.657948  0.853054  0.836265  0.519542  0.512619  0.830883  0.223143  0.667421  0.745460  0.512192  0.604335  0.732721  0.760073  0.773116  0.233582 
16  0.754792  0.809119  0.729666  0.664448  0.604052  0.654281  0.641361  0.598984  0.747732  0.496350  0.717810  0.642867  0.777796  0.698717  0.737317  0.734805 0.0  0.792668  0.686919  0.632504  0.678506  0.770736  0.749654  0.752485  0.083922  0.613197  0.789266  0.687139  0.714970  0.677863  0.732765  0.683796  0.722123  0.771989  0.699253  0.751865  0.713083  0.754950  0.786188  0.669714  0.724469  0.726070  0.753193  0.615159  0.639213  0.754996  0.727007  0.690865  0.741412  0.628678  0.753549  0.718781  0.583410  0.627759  0.617025  0.680820  0.679282  0.746287  0.721400  0.812502 
17  0.828891  0.240934  0.103279  0.875492  0.543519  0.268007  0.228300  0.206780  0.820370  0.539764  0.673805  0.186453  0.944636  0.715368  0.239630  0.838818  0.792668 0.0  0.835884  0.535497  0.673583  0.842599  0.695951  0.243706  0.739775  0.790991  0.810497  0.854441  0.651517  0.882949  0.446415  0.197528  0.868278  0.482892  0.800940  0.814725  0.779317  0.854133  0.697826  0.862736  0.149252  0.829521  0.850106  0.878369  0.883812  0.610739  0.903874  0.803174  0.722604  0.831945  0.748277  0.705852  0.891369  0.881340  0.811390  0.732889  0.871808  0.884071  0.140773  0.789715 
18  0.423303  0.798210  0.873248  0.178465  0.554064  0.842988  0.839240  0.839104  0.574441  0.608694  0.748219  0.882581  0.482419  0.439102  0.962738  0.743027  0.686919  0.835884 0.0  0.504453  0.857986  0.594658  0.753491  0.809128  0.630223  0.540775  0.434584  0.249616  0.719242  0.602232  0.699904  0.893751  0.658767  0.772100  0.662915  0.627913  0.621108  0.432592  0.503696  0.614879  0.850382  0.619643  0.564075  0.332270  0.429286  0.690685  0.254523  0.355589  0.542103  0.617157  0.447947  0.772664  0.543125  0.166624  0.606934  0.376934  0.083556  0.707957  0.790474  0.779382 
19  0.552833  0.599428  0.586093  0.684574  0.597791  0.677428  0.561861  0.537174  0.526307  0.601895  0.579152  0.564347  0.676679  0.501731  0.562037  0.605141  0.632504  0.535497  0.504453 0.0  0.505295  0.493637  0.425223  0.542914  0.527381  0.504090  0.549638  0.595636  0.532434  0.445543  0.545005  0.527580  0.428889  0.593796  0.696146  0.578796  0.453708  0.574624  0.622013  0.597045  0.664305  0.607090  0.513219  0.537154  0.558297  0.660546  0.515129  0.492828  0.613944  0.550896  0.570680  0.581268  0.563409  0.478328  0.600284  0.538630  0.544015  0.492335  0.546140  0.558648 
20  0.779925  0.752358  0.753345  0.756110  0.491523  0.841988  0.848632  0.798814  0.824577  0.513921  0.772525  0.669082  0.782811  0.766564  0.712090  0.100425  0.678506  0.673583  0.857986  0.505295 0.0  0.759809  0.666340  0.815091  0.721223  0.773446  0.743496  0.718776  0.685899  0.863645  0.855632  0.773231  0.761865  0.806375  0.823764  0.649464  0.848630  0.722810  0.778401  0.675341  0.790010  0.770320  0.547503  0.711794  0.746784  0.708426  0.757913  0.779634  0.585871  0.509163  0.785696  0.281935  0.685975  0.832397  0.485752  0.572758  0.695532  0.713359  0.665505  0.286492 
21  0.574587  0.773552  0.988435  0.528619  0.491952  0.833339  0.848302  0.854881  0.138405  0.624525  0.654807  0.795317  0.358599  0.487972  0.893580  0.764509  0.770736  0.842599  0.594658  0.493637  0.759809 0.0  0.741247  0.807362  0.673193  0.666125  0.605502  0.624382  0.744836  0.268788  0.793106  0.755819  0.083556  0.775404  0.207701  0.724649  0.131793  0.491857  0.169451  0.381584  0.906969  0.302574  0.407619  0.632195  0.444887  0.682697  0.627940  0.688511  0.524729  0.525274  0.512616  0.663638  0.316580  0.581939  0.502971  0.441579  0.504518  0.174720  0.835369  0.361256 
22  0.660636  0.670131  0.686087  0.692911  0.646628  0.623823  0.665527  0.721529  0.710355  0.670567  0.363157  0.668866  0.647108  0.735918  0.687949  0.760779  0.749654  0.695951  0.753491  0.425223  0.666340  0.741247 0.0  0.771373  0.686635  0.681124  0.782421  0.685424  0.746162  0.760285  0.662940  0.665312  0.737862  0.701483  0.672558  0.729355  0.708686  0.683431  0.723514  0.728797  0.730640  0.636653  0.748262  0.629043  0.702649  0.719615  0.739668  0.589255  0.755551  0.740627  0.766475  0.756695  0.687647  0.725584  0.700284  0.742471  0.748794  0.676822  0.644944  0.631852 
23  0.687361  0.083556  0.229500  0.749347  0.686184  0.298390  0.237902  0.154130  0.781158  0.443853  0.720691  0.299399  0.692303  0.784843  0.305974  0.776551  0.752485  0.243706  0.809128  0.542914  0.815091  0.807362  0.771373 0.0  0.763004  0.658495  0.809993  0.741642  0.672556  0.779658  0.454278  0.258050  0.852271  0.530868  0.825345  0.703405  0.715095  0.794684  0.712436  0.805419  0.350208  0.776518  0.875240  0.761417  0.724600  0.763832  0.810161  0.823312  0.873307  0.752125  0.845750  0.826248  0.771270  0.623891  0.836925  0.821612  0.812113  0.790556  0.275705  0.711196 
24  0.675601  0.723883  0.733881  0.762276  0.568797  0.829254  0.661103  0.682565  0.700815  0.577797  0.736806  0.704447  0.732906  0.646583  0.676403  0.783273  0.083922  0.739775  0.630223  0.527381  0.721223  0.673193  0.686635  0.763004 0.0  0.788263  0.715226  0.749791  0.679206  0.757773  0.691194  0.708886  0.722494  0.684683  0.625443  0.704671  0.714846  0.714628  0.773006  0.683187  0.686688  0.677508  0.676274  0.719600  0.739365  0.723355  0.704575  0.664674  0.730452  0.678724  0.774828  0.622735  0.638395  0.675665  0.699528  0.682564  0.667277  0.717820  0.677427  0.643206 
25  0.083556  0.764313  0.888771  0.280270  0.531216  0.853091  0.774983  0.860196  0.546810  0.588101  0.667927  0.831423  0.600851  0.511941  0.735990  0.709025  0.613197  0.790991  0.540775  0.504090  0.773446  0.666125  0.681124  0.658495  0.788263 0.0  0.087676  0.406042  0.734440  0.593784  0.671570  0.829297  0.597892  0.802475  0.660152  0.694948  0.610187  0.468353  0.482163  0.627070  0.902885  0.475629  0.471401  0.261071  0.382742  0.769611  0.306281  0.202704  0.571435  0.473255  0.417392  0.864002  0.635235  0.399621  0.539369  0.444899  0.314392  0.613755  0.844848  0.702119 
26  0.167488  0.877323  0.849915  0.384490  0.569673  0.858336  0.836383  0.892695  0.661247  0.577965  0.690801  0.770739  0.505022  0.506140  0.835829  0.710247  0.789266  0.810497  0.434584  0.549638  0.743496  0.605502  0.782421  0.809993  0.715226  0.087676 0.0  0.390278  0.782451  0.565106  0.734211  0.867992  0.628830  0.871333  0.624326  0.663834  0.582556  0.422986  0.447940  0.485550  0.913684  0.562935  0.508916  0.122063  0.493628  0.778327  0.374110  0.142105  0.606112  0.492208  0.506969  0.753246  0.651316  0.319071  0.522609  0.433934  0.443975  0.583217  0.840655  0.750922 
27  0.505897  0.750441  0.937136  0.174905  0.529160  0.821114  0.861539  0.827854  0.560156  0.577972  0.669291  0.903621  0.572199  0.557857  0.781588  0.773998  0.687139  0.854441  0.249616  0.595636  0.718776  0.624382  0.685424  0.741642  0.749791  0.406042  0.390278 0.0  0.723551  0.494424  0.769240  0.912177  0.613203  0.741698  0.542813  0.633459  0.627631  0.350432  0.486793  0.500460  0.904342  0.575271  0.532923  0.365019  0.421830  0.797487  0.454347  0.350949  0.583265  0.520704  0.564443  0.841183  0.555063  0.136953  0.489219  0.394105  0.137172  0.566689  0.865283  0.637699 
28  0.698141  0.714918  0.639672  0.675995  0.504592  0.686715  0.718414  0.649590  0.722189  0.670165  0.760893  0.628391  0.655793  0.714814  0.667968  0.730917  0.714970  0.651517  0.719242  0.532434  0.685899  0.744836  0.746162  0.672556  0.679206  0.734440  0.782451  0.723551 0.0  0.732136  0.769628  0.631373  0.855538  0.738894  0.772077  0.313619  0.686331  0.713687  0.694907  0.775452  0.775510  0.691050  0.723109  0.639113  0.712960  0.375305  0.594854  0.699296  0.695716  0.682228  0.657867  0.792431  0.763799  0.705973  0.753610  0.729829  0.687435  0.716683  0.738678  0.719229 
29  0.556231  0.855853  0.777112  0.566871  0.479743  0.855503  0.859626  0.865959  0.286369  0.601077  0.661930  0.809572  0.359533  0.410323  0.771898  0.719255  0.677863  0.882949  0.602232  0.445543  0.863645  0.268788  0.760285  0.779658  0.757773  0.593784  0.565106  0.494424  0.732136 0.0  0.764656  0.910046  0.262450  0.752471  0.301871  0.637208  0.328128  0.590913  0.232677  0.310009  0.804498  0.327603  0.490397  0.532368  0.595263  0.712859  0.623629  0.666344  0.593658  0.492533  0.390961  0.755693  0.258226  0.498610  0.539970  0.535938  0.594406  0.373564  0.833744  0.451725 
30  0.785794  0.530937  0.460871  0.861186  0.491619  0.482775  0.391547  0.373221  0.795607  0.586228  0.669572  0.416000  0.855315  0.797694  0.538819  0.747349  0.732765  0.446415  0.699904  0.545005  0.855632  0.793106  0.662940  0.454278  0.691194  0.671570  0.734211  0.769240  0.769628  0.764656 0.0  0.418927  0.673861  0.264116  0.746816  0.679086  0.763494  0.857041  0.751771  0.852000  0.423794  0.766265  0.861693  0.847483  0.819355  0.720644  0.733612  0.859429  0.794498  0.788716  0.703138  0.711194  0.791542  0.838981  0.730466  0.777865  0.723595  0.891994  0.430036  0.769892 
31  0.904251  0.246359  0.194684  0.723473  0.632010  0.223874  0.087536  0.268673  0.798645  0.533338  0.634498  0.193758  0.918633  0.732207  0.303193  0.795609  0.683796  0.197528  0.893751  0.527580  0.773231  0.755819  0.665312  0.258050  0.708886  0.829297  0.867992  0.912177  0.631373  0.910046  0.418927 0.0  0.812124  0.406264  0.813656  0.755174  0.852071  0.867033  0.758357  0.829512  0.083556  0.877101  0.768168  0.902578  0.753734  0.701712  0.870009  0.820055  0.861527  0.914296  0.771163  0.814161  0.811785  0.900173  0.813957  0.803205  0.763045  0.826014  0.134304  0.635847 
32  0.578503  0.779365  0.840971  0.513897  0.552498  0.826759  0.961783  0.857488  0.312120  0.553723  0.674189  1.000000  0.305411  0.460250  0.787677  0.893134  0.722123  0.868278  0.658767  0.428889  0.761865  0.083556  0.737862  0.852271  0.722494  0.597892  0.628830  0.613203  0.855538  0.262450  0.673861  0.812124 0.0  0.700509  0.287926  0.724505  0.083556  0.644061  0.298564  0.449380  0.846249  0.255493  0.452933  0.616854  0.448367  0.703246  0.608299  0.530781  0.530073  0.497597  0.405090  0.854844  0.255790  0.601429  0.552989  0.453913  0.690645  0.197690  0.771722  0.534480 
33  0.910034  0.373968  0.389416  0.817981  0.564653  0.418249  0.460602  0.477800  0.799182  0.503269  0.633348  0.404633  0.813533  0.808179  0.463798  0.790555  0.771989  0.482892  0.772100  0.593796  0.806375  0.775404  0.701483  0.530868  0.684683  0.802475  0.871333  0.741698  0.738894  0.752471  0.264116  0.406264  0.700509 0.0  0.814584  0.730449  0.737077  0.689290  0.729640  0.760694  0.499936  0.863881  0.804039  0.819605  0.841357  0.715226  0.767225  0.774265  0.708651  0.824150  0.814360  0.821127  0.807742  0.775716  0.780074  0.677347  0.816299  0.775987  0.449152  0.754003 
34  0.569658  0.763843  0.769076  0.519094  0.498341  0.682382  0.831931  0.792111  0.083556  0.465193  0.625570  0.780892  0.257185  0.460741  0.799145  0.872153  0.699253  0.800940  0.662915  0.696146  0.823764  0.207701  0.672558  0.825345  0.625443  0.660152  0.624326  0.542813  0.772077  0.301871  0.746816  0.813656  0.287926  0.814584 0.0  0.672070  0.235853  0.599695  0.233652  0.321053  0.909280  0.352135  0.465468  0.505517  0.618339  0.663860  0.456014  0.578064  0.530405  0.519121  0.471318  0.774004  0.230071  0.655157  0.515066  0.431502  0.649456  0.214414  0.838233  0.403874 
35  0.663516  0.727354  0.621028  0.689402  0.602582  0.752352  0.696484  0.763220  0.711834  0.573195  0.743066  0.746362  0.678841  0.621367  0.686080  0.699805  0.751865  0.814725  0.627913  0.578796  0.649464  0.724649  0.729355  0.703405  0.704671  0.694948  0.663834  0.633459  0.313619  0.637208  0.679086  0.755174  0.724505  0.730449  0.672070 0.0  0.651400  0.703541  0.744964  0.637158  0.718293  0.785779  0.618619  0.693796  0.805922  0.291169  0.705727  0.776066  0.742719  0.790866  0.638528  0.627777  0.700602  0.755666  0.806749  0.853676  0.691501  0.721795  0.735411  0.770252 
36  0.620983  0.740357  0.854427  0.605918  0.582512  0.869130  0.853742  0.902189  0.191999  0.486223  0.724334  0.786601  0.252753  0.482337  0.806224  0.713781  0.713083  0.779317  0.621108  0.453708  0.848630  0.131793  0.708686  0.715095  0.714846  0.610187  0.582556  0.627631  0.686331  0.328128  0.763494  0.852071  0.083556  0.737077  0.235853  0.651400 0.0  0.652957  0.182734  0.324601  0.829145  0.275869  0.458943  0.644416  0.623511  0.720961  0.542333  0.661859  0.631381  0.517489  0.411501  0.754285  0.216020  0.603487  0.626156  0.477900  0.536572  0.180959  0.874022  0.402299 
37  0.427818  0.839530  0.885248  0.238601  0.516255  0.740554  0.849170  0.801872  0.588217  0.532256  0.649895  0.846760  0.529779  0.448331  0.872258  0.800791  0.754950  0.854133  0.432592  0.574624  0.722810  0.491857  0.683431  0.794684  0.714628  0.468353  0.422986  0.350432  0.713687  0.590913  0.857041  0.867033  0.644061  0.689290  0.599695  0.703541  0.652957 0.0  0.376391  0.530737  0.869853  0.479602  0.442250  0.471976  0.164160  0.653199  0.124558  0.441366  0.516248  0.526558  0.401546  0.781474  0.559727  0.344825  0.596916  0.512752  0.414110  0.583920  0.810598  0.732732 
38  0.439404  0.775983  0.800681  0.470411  0.506750  0.826150  0.826928  0.784735  0.230255  0.574629  0.792199  0.796249  0.319443  0.485619  0.708498  0.751376  0.786188  0.697826  0.503696  0.622013  0.778401  0.169451  0.723514  0.712436  0.773006  0.482163  0.447940  0.486793  0.694907  0.232677  0.751771  0.758357  0.298564  0.729640  0.233652  0.744964  0.182734  0.376391 0.0  0.345096  0.734642  0.281995  0.415864  0.431371  0.431914  0.691486  0.361254  0.438767  0.438151  0.443775  0.444781  0.802886  0.312500  0.385586  0.443701  0.498537  0.442816  0.320173  0.774635  0.480143 
39  0.587412  0.748155  0.876723  0.543881  0.530270  0.823269  0.789622  0.779414  0.433856  0.569600  0.627987  0.883463  0.292557  0.397795  0.825446  0.738924  0.669714  0.862736  0.614879  0.597045  0.675341  0.381584  0.728797  0.805419  0.683187  0.627070  0.485550  0.500460  0.775452  0.310009  0.852000  0.829512  0.449380  0.760694  0.321053  0.637158  0.324601  0.530737  0.345096 0.0  0.938646  0.083556  0.414843  0.563369  0.504997  0.765527  0.579734  0.566171  0.577407  0.540709  0.418967  0.815890  0.398055  0.555927  0.567676  0.459340  0.468440  0.317792  0.824349  0.443753 
40  0.874694  0.324951  0.105407  0.897923  0.612256  0.249713  0.179538  0.239644  0.842616  0.549167  0.668658  0.137423  0.877896  0.784748  0.147331  0.796573  0.724469  0.149252  0.850382  0.664305  0.790010  0.906969  0.730640  0.350208  0.686688  0.902885  0.913684  0.904342  0.775510  0.804498  0.423794  0.083556  0.846249  0.499936  0.909280  0.718293  0.829145  0.869853  0.734642  0.938646 0.0  0.871403  0.687732  0.904539  0.825557  0.789223  0.800417  0.931276  0.882356  0.809410  0.812121  0.746017  0.859929  0.830657  0.838499  0.785213  0.814409  0.885917  0.207844  0.705710 
41  0.489975  0.756288  0.770245  0.417588  0.498237  0.792109  0.875539  0.815822  0.321146  0.590138  0.718112  0.843017  0.390438  0.417737  0.853404  0.850105  0.726070  0.829521  0.619643  0.607090  0.770320  0.302574  0.636653  0.776518  0.677508  0.475629  0.562935  0.575271  0.691050  0.327603  0.766265  0.877101  0.255493  0.863881  0.352135  0.785779  0.275869  0.479602  0.281995  0.083556  0.871403 0.0  0.434503  0.590836  0.493565  0.744443  0.474509  0.468264  0.584906  0.514192  0.520314  0.803559  0.274272  0.590690  0.464053  0.480946  0.562422  0.388970  0.822887  0.431723 
42  0.479481  0.807730  0.743185  0.497872  0.594916  0.675248  0.719620  0.774846  0.425105  0.542757  0.644992  0.769279  0.482879  0.484805  0.673405  0.532284  0.753193  0.850106  0.564075  0.513219  0.547503  0.407619  0.748262  0.875240  0.676274  0.471401  0.508916  0.532923  0.723109  0.490397  0.861693  0.768168  0.452933  0.804039  0.465468  0.618619  0.458943  0.442250  0.415864  0.414843  0.687732  0.434503 0.0  0.414256  0.445370  0.615927  0.546429  0.522753  0.266382  0.198309  0.440429  0.654981  0.476688  0.442098  0.251234  0.298748  0.465971  0.503093  0.756145  0.635575 
43  0.193314  0.734149  0.831154  0.332485  0.575624  0.802968  0.798338  0.847824  0.600825  0.640913  0.745203  0.794948  0.507426  0.434104  0.877735  0.711231  0.615159  0.878369  0.332270  0.537154  0.711794  0.632195  0.629043  0.761417  0.719600  0.261071  0.122063  0.365019  0.639113  0.532368  0.847483  0.902578  0.616854  0.819605  0.505517  0.693796  0.644416  0.471976  0.431371  0.563369  0.904539  0.590836  0.414256 0.0  0.373682  0.678070  0.410298  0.103371  0.500418  0.559470  0.425703  0.755623  0.596516  0.352905  0.481160  0.559302  0.369746  0.526797  0.822631  0.745547 
44  0.410247  0.780597  0.830285  0.369093  0.537792  0.797460  0.871177  0.884952  0.438355  0.581603  0.716180  0.898633  0.448751  0.408653  0.822058  0.743405  0.639213  0.883812  0.429286  0.558297  0.746784  0.444887  0.702649  0.724600  0.739365  0.382742  0.493628  0.421830  0.712960  0.595263  0.819355  0.753734  0.448367  0.841357  0.618339  0.805922  0.623511  0.164160  0.431914  0.504997  0.825557  0.493565  0.445370  0.373682 0.0  0.674216  0.083556  0.331632  0.430339  0.590165  0.370698  0.841889  0.683193  0.476727  0.560513  0.483505  0.340068  0.588207  0.796472  0.777595 
45  0.621027  0.668977  0.698691  0.646534  0.495596  0.696201  0.745340  0.747395  0.719389  0.579451  0.680528  0.677789  0.732630  0.750277  0.629266  0.657948  0.754996  0.610739  0.690685  0.660546  0.708426  0.682697  0.719615  0.763832  0.723355  0.769611  0.778327  0.797487  0.375305  0.712859  0.720644  0.701712  0.703246  0.715226  0.663860  0.291169  0.720961  0.653199  0.691486  0.765527  0.789223  0.744443  0.615927  0.678070  0.674216 0.0  0.632916  0.747180  0.688336  0.771410  0.728858  0.615941  0.704713  0.806348  0.657725  0.682998  0.701631  0.673595  0.712257  0.669690 
46  0.371830  0.791374  0.853026  0.313614  0.567419  0.888526  0.812206  0.900199  0.626373  0.521551  0.719244  0.861884  0.625802  0.384993  0.828701  0.853054  0.727007  0.903874  0.254523  0.515129  0.757913  0.627940  0.739668  0.810161  0.704575  0.306281  0.374110  0.454347  0.594854  0.623629  0.733612  0.870009  0.608299  0.767225  0.456014  0.705727  0.542333  0.124558  0.361254  0.579734  0.800417  0.474509  0.546429  0.410298  0.083556  0.632916 0.0  0.385452  0.457180  0.530231  0.558008  0.826285  0.502873  0.427956  0.565432  0.478821  0.274753  0.502453  0.729488  0.742189 
47  0.217570  0.836670  0.870442  0.408703  0.545218  0.907650  0.866180  0.942040  0.566937  0.611717  0.661987  0.894443  0.620888  0.424682  0.843263  0.836265  0.690865  0.803174  0.355589  0.492828  0.779634  0.688511  0.589255  0.823312  0.664674  0.202704  0.142105  0.350949  0.699296  0.666344  0.859429  0.820055  0.530781  0.774265  0.578064  0.776066  0.661859  0.441366  0.438767  0.566171  0.931276  0.468264  0.522753  0.103371  0.331632  0.747180  0.385452 0.0  0.532266  0.491972  0.551851  0.733092  0.439385  0.519718  0.547138  0.458133  0.473790  0.643954  0.832897  0.702002 
48  0.531472  0.676627  0.814262  0.513590  0.647401  0.886443  0.797469  0.797673  0.568047  0.505795  0.644226  0.826603  0.623380  0.451868  0.753293  0.519542  0.741412  0.722604  0.542103  0.613944  0.585871  0.524729  0.755551  0.873307  0.730452  0.571435  0.606112  0.583265  0.695716  0.593658  0.794498  0.861527  0.530073  0.708651  0.530405  0.742719  0.631381  0.516248  0.438151  0.577407  0.882356  0.584906  0.266382  0.500418  0.430339  0.688336  0.457180  0.532266 0.0  0.135981  0.370401  0.582976  0.538119  0.535842  0.271825  0.315322  0.520579  0.518366  0.828356  0.705447 
49  0.635420  0.704175  0.798426  0.624394  0.515658  0.822868  0.773922  0.854827  0.493791  0.556959  0.706670  0.772559  0.535753  0.467982  0.835023  0.512619  0.628678  0.831945  0.617157  0.550896  0.509163  0.525274  0.740627  0.752125  0.678724  0.473255  0.492208  0.520704  0.682228  0.492533  0.788716  0.914296  0.497597  0.824150  0.519121  0.790866  0.517489  0.526558  0.443775  0.540709  0.809410  0.514192  0.198309  0.559470  0.590165  0.771410  0.530231  0.491972  0.135981 0.0  0.416866  0.521146  0.532709  0.581180  0.302793  0.205050  0.524755  0.529139  0.734390  0.686143 
50  0.452005  0.825752  0.782882  0.507437  0.490774  0.810014  0.812428  0.720094  0.571802  0.562902  0.666591  0.742775  0.421062  0.251603  0.722431  0.830883  0.753549  0.748277  0.447947  0.570680  0.785696  0.512616  0.766475  0.845750  0.774828  0.417392  0.506969  0.564443  0.657867  0.390961  0.703138  0.771163  0.405090  0.814360  0.471318  0.638528  0.411501  0.401546  0.444781  0.418967  0.812121  0.520314  0.440429  0.425703  0.370698  0.728858  0.558008  0.551851  0.370401  0.416866 0.0  0.737798  0.498540  0.496377  0.529286  0.491676  0.513304  0.481021  0.754910  0.740489 
51  0.710623  0.823429  0.790260  0.852356  0.575334  0.825977  0.628507  0.729701  0.764068  0.535498  0.679775  0.758140  0.813145  0.790134  0.717440  0.223143  0.718781  0.705852  0.772664  0.581268  0.281935  0.663638  0.756695  0.826248  0.622735  0.864002  0.753246  0.841183  0.792431  0.755693  0.711194  0.814161  0.854844  0.821127  0.774004  0.627777  0.754285  0.781474  0.802886  0.815890  0.746017  0.803559  0.654981  0.755623  0.841889  0.615941  0.826285  0.733092  0.582976  0.521146  0.737798 0.0  0.716843  0.804266  0.510661  0.493341  0.779552  0.687715  0.771299  0.354882 
52  0.507462  0.872576  0.914277  0.446119  0.462087  0.783962  0.853003  0.759686  0.083556  0.478246  0.589337  0.808918  0.334777  0.523004  0.839088  0.667421  0.583410  0.891369  0.543125  0.563409  0.685975  0.316580  0.687647  0.771270  0.638395  0.635235  0.651316  0.555063  0.763799  0.258226  0.791542  0.811785  0.255790  0.807742  0.230071  0.700602  0.216020  0.559727  0.312500  0.398055  0.859929  0.274272  0.476688  0.596516  0.683193  0.704713  0.502873  0.439385  0.538119  0.532709  0.498540  0.716843 0.0  0.675003  0.600057  0.423948  0.633254  0.208314  0.746704  0.448174 
53  0.368484  0.757810  0.875885  0.181952  0.590193  0.818624  0.887830  0.812532  0.640512  0.570512  0.634077  0.786066  0.531350  0.448371  0.717695  0.745460  0.627759  0.881340  0.166624  0.478328  0.832397  0.581939  0.725584  0.623891  0.675665  0.399621  0.319071  0.136953  0.705973  0.498610  0.838981  0.900173  0.601429  0.775716  0.655157  0.755666  0.603487  0.344825  0.385586  0.555927  0.830657  0.590690  0.442098  0.352905  0.476727  0.806348  0.427956  0.519718  0.535842  0.581180  0.496377  0.804266  0.675003 0.0  0.601368  0.377369  0.183748  0.546863  0.726953  0.768659 
54  0.544123  0.750901  0.868121  0.444461  0.583847  0.869040  0.760887  0.803952  0.563476  0.554332  0.746846  0.838724  0.527230  0.505424  0.823219  0.512192  0.617025  0.811390  0.606934  0.600284  0.485752  0.502971  0.700284  0.836925  0.699528  0.539369  0.522609  0.489219  0.753610  0.539970  0.730466  0.813957  0.552989  0.780074  0.515066  0.806749  0.626156  0.596916  0.443701  0.567676  0.838499  0.464053  0.251234  0.481160  0.560513  0.657725  0.565432  0.547138  0.271825  0.302793  0.529286  0.510661  0.600057  0.601368 0.0  0.238934  0.574225  0.526488  0.844946  0.727925 
55  0.548551  0.754975  0.847080  0.495442  0.529720  0.750535  0.653856  0.769461  0.484633  0.514443  0.698920  0.811447  0.495706  0.455460  0.666320  0.604335  0.680820  0.732889  0.376934  0.538630  0.572758  0.441579  0.742471  0.821612  0.682564  0.444899  0.433934  0.394105  0.729829  0.535938  0.777865  0.803205  0.453913  0.677347  0.431502  0.853676  0.477900  0.512752  0.498537  0.459340  0.785213  0.480946  0.298748  0.559302  0.483505  0.682998  0.478821  0.458133  0.315322  0.205050  0.491676  0.493341  0.423948  0.377369  0.238934 0.0  0.341818  0.410962  0.745331  0.687006 
56  0.399616  0.701998  0.791115  0.144013  0.520412  0.893040  0.712517  0.798609  0.669743  0.555406  0.649348  0.948103  0.579199  0.505446  0.791080  0.732721  0.679282  0.871808  0.083556  0.544015  0.695532  0.504518  0.748794  0.812113  0.667277  0.314392  0.443975  0.137172  0.687435  0.594406  0.723595  0.763045  0.690645  0.816299  0.649456  0.691501  0.536572  0.414110  0.442816  0.468440  0.814409  0.562422  0.465971  0.369746  0.340068  0.701631  0.274753  0.473790  0.520579  0.524755  0.513304  0.779552  0.633254  0.183748  0.574225  0.341818 0.0  0.622467  0.827966  0.755015 
57  0.651831  0.805648  0.832189  0.585961  0.582807  0.819337  0.814844  0.753393  0.239208  0.511726  0.690291  0.851596  0.271190  0.457398  0.859487  0.760073  0.746287  0.884071  0.707957  0.492335  0.713359  0.174720  0.676822  0.790556  0.717820  0.613755  0.583217  0.566689  0.716683  0.373564  0.891994  0.826014  0.197690  0.775987  0.214414  0.721795  0.180959  0.583920  0.320173  0.317792  0.885917  0.388970  0.503093  0.526797  0.588207  0.673595  0.502453  0.643954  0.518366  0.529139  0.481021  0.687715  0.208314  0.546863  0.526488  0.410962  0.622467 0.0  0.798698  0.449298 
58  0.784635  0.224621  0.099865  0.792191  0.448059  0.083556  0.083556  0.135658  0.777556  0.575488  0.702902  0.173159  0.857448  0.749054  0.083556  0.773116  0.721400  0.140773  0.790474  0.546140  0.665505  0.835369  0.644944  0.275705  0.677427  0.844848  0.840655  0.865283  0.738678  0.833744  0.430036  0.134304  0.771722  0.449152  0.838233  0.735411  0.874022  0.810598  0.774635  0.824349  0.207844  0.822887  0.756145  0.822631  0.796472  0.712257  0.729488  0.832897  0.828356  0.734390  0.754910  0.771299  0.746704  0.726953  0.844946  0.745331  0.827966  0.798698 0.0  0.727119 
59  0.695243  0.627402  0.661889  0.742036  0.650576  0.726831  0.759706  0.628006  0.421472  0.466863  0.756493  0.817379  0.438626  0.670787  0.701536  0.233582  0.812502  0.789715  0.779382  0.558648  0.286492  0.361256  0.631852  0.711196  0.643206  0.702119  0.750922  0.637699  0.719229  0.451725  0.769892  0.635847  0.534480  0.754003  0.403874  0.770252  0.402299  0.732732  0.480143  0.443753  0.705710  0.431723  0.635575  0.745547  0.777595  0.669690  0.742189  0.702002  0.705447  0.686143  0.740489  0.354882  0.448174  0.768659  0.727925  0.687006  0.755015  0.449298  0.727119 0.0 
