60
0 0.0  0.655838  0.760234  0.272731  0.524004  0.847065  0.835477  0.954138  0.588344  0.501113  0.791580  0.966137  0.503959  0.387221  0.927558  0.662349  0.604948  0.942746  0.363128  0.560847  0.733810  0.556512  0.709105  0.773543  0.681504  0.069492  0.091576  0.428790  0.631807  0.601009  0.751239  0.930293  0.571763  0.649185  0.618345  0.785824  0.465664  0.369399  0.468989  0.509640  0.936956  0.516902  0.445379  0.162209  0.301749  0.701625  0.291248  0.149995  0.500087  0.479544  0.459620  0.740533  0.569930  0.388771  0.569302  0.474694  0.395944  0.593163  0.814537  0.626924 
1  0.655838 0.0  0.223875  0.897976  0.660444  0.200047  0.241625  0.190787  0.768307  0.634960  0.703071  0.211412  0.722653  0.757878  0.215408  0.820263  0.737935  0.227634  0.765402  0.567974  0.788052  0.736420  0.692921  0.069492  0.744152  0.801495  0.882088  0.820848  0.634674  0.715921  0.413267  0.196177  0.754486  0.489625  0.924828  0.775823  0.925046  0.769382  0.761215  0.727608  0.189068  0.765714  0.642461  0.889649  0.824145  0.753032  0.756276  0.748455  0.772194  0.945309  0.754620  0.634077  0.761551  0.796520  0.777699  0.843210  0.652504  0.784765  0.202284  0.728657 
2  0.760234  0.223875 0.0  0.922297  0.494650  0.196328  0.161139  0.203681  0.873795  0.581452  0.668220  0.069492  0.811711  0.686216  0.213235  0.815251  0.647880  0.069492  0.853516  0.594674  0.878529  0.957245  0.662599  0.216338  0.672303  0.903897  0.843486  0.867049  0.729933  0.903869  0.385821  0.118074  0.794128  0.445843  0.882573  0.779083  0.828771  0.974488  0.722627  0.891723  0.122067  0.793567  0.790268  0.928103  0.844326  0.600989  0.894759  0.862782  0.897961  0.757612  0.671807  0.639919  0.713162  0.780421  0.879561  0.741198  0.819065  0.843028  0.171734  0.731858 
3  0.272731  0.897976  0.922297 0.0  0.610453  0.836391  0.883638  0.859593  0.485647  0.537244  0.712339  0.809063  0.529893  0.390922  0.794400  0.679184  0.654730  0.729480  0.167454  0.426304  0.731340  0.464277  0.690717  0.751214  0.720418  0.275994  0.304802  0.158544  0.714564  0.520230  0.718632  0.889193  0.465327  0.925920  0.580735  0.723993  0.460333  0.243826  0.415891  0.473571  0.718825  0.506075  0.455185  0.317428  0.266196  0.636797  0.279957  0.313436  0.508490  0.597501  0.418367  0.758663  0.561730  0.153695  0.494014  0.383138  0.164305  0.483975  0.739894  0.746412 
4  0.524004  0.660444  0.494650  0.610453 0.0  0.535459  0.605916  0.675645  0.550628  0.621192  0.587037  0.578429  0.497529  0.533267  0.580000  0.561154  0.655197  0.540299  0.512200  0.621610  0.573098  0.574808  0.510493  0.570575  0.573191  0.603821  0.645207  0.718574  0.519200  0.657142  0.551323  0.541310  0.519699  0.494950  0.596776  0.492390  0.518065  0.549835  0.601510  0.438202  0.491694  0.558843  0.571629  0.569907  0.531049  0.606430  0.538345  0.468455  0.594758  0.594403  0.579960  0.490640  0.617917  0.604039  0.520505  0.443217  0.550319  0.633876  0.590644  0.549256 
5  0.847065  0.200047  0.196328  0.836391  0.535459 0.0  0.159287  0.124573  0.804284  0.549496  0.728504  0.183363  0.930483  0.862985  0.127378  0.701696  0.725609  0.191483  0.704162  0.553281  0.656859  0.797623  0.832769  0.223896  0.747923  0.815381  0.875590  0.838740  0.727150  0.700802  0.435019  0.227013  0.769912  0.471482  0.845513  0.651860  0.747429  0.810630  0.719195  0.831096  0.190376  0.901837  0.860790  0.777747  0.773705  0.788402  0.681815  0.957509  0.831193  0.809381  0.791860  0.838490  0.883260  0.724924  0.783089  0.748570  0.797937  0.941954  0.153245  0.825323 
6  0.835477  0.241625  0.161139  0.883638  0.605916  0.159287 0.0  0.146057  0.799658  0.533562  0.647413  0.132450  0.784339  0.745523  0.173819  0.839303  0.567799  0.166220  0.769734  0.548092  0.747240  0.852457  0.779115  0.192121  0.684116  0.916064  0.917222  0.958051  0.814920  0.876787  0.379527  0.162395  0.872159  0.433920  0.710655  0.667087  0.798258  0.905946  0.816458  0.875754  0.153600  0.736259  0.885484  0.917077  0.879892  0.660113  0.761093  0.825890  0.841226  0.774956  0.849620  0.817635  0.890587  0.844065  0.646955  0.889447  0.881599  0.815292  0.069492  0.813930 
7  0.954138  0.190787  0.203681  0.859593  0.675645  0.124573  0.146057 0.0  0.811167  0.472011  0.768864  0.220735  0.853662  0.822761  0.118245  0.728264  0.772047  0.216010  0.749556  0.577438  0.689137  0.828749  0.793540  0.225602  0.640649  0.859755  0.924802  0.763818  0.704030  0.954578  0.444110  0.219711  0.798923  0.390814  0.962657  0.670005  0.747781  0.862750  0.771794  0.820488  0.189722  0.790015  0.766485  0.863146  0.947873  0.772819  0.907108  0.672396  0.914296  0.817601  0.837257  0.670500  0.908068  0.961234  0.812921  0.738170  0.861324  0.798619  0.169153  0.735858 
8  0.588344  0.768307  0.873795  0.485647  0.550628  0.804284  0.799658  0.811167 0.0  0.543003  0.774206  0.898179  0.292836  0.424897  0.784208  0.721059  0.648600  0.819072  0.545613  0.530982  0.951349  0.148318  0.715289  0.839041  0.695906  0.574662  0.616596  0.549878  0.699764  0.223726  0.747419  0.866839  0.181536  0.873524  0.091649  0.700535  0.156234  0.484455  0.224878  0.332050  0.861044  0.304379  0.516681  0.533349  0.537266  0.692336  0.546237  0.512180  0.534683  0.489547  0.472496  0.751170  0.090326  0.541146  0.441108  0.409142  0.583076  0.180367  0.880918  0.381174 
9  0.501113  0.634960  0.581452  0.537244  0.621192  0.549496  0.533562  0.472011  0.543003 0.0  0.590531  0.573373  0.536102  0.534782  0.575492  0.616832  0.647744  0.479356  0.582626  0.437564  0.531559  0.521662  0.631096  0.558056  0.597485  0.680964  0.520912  0.557044  0.505449  0.482953  0.463784  0.554517  0.556916  0.627946  0.575899  0.549080  0.535210  0.613890  0.594123  0.634758  0.625969  0.575700  0.542528  0.538404  0.545408  0.554868  0.563220  0.539295  0.550551  0.598889  0.666394  0.559409  0.525001  0.587021  0.622204  0.560674  0.620425  0.555883  0.557213  0.652510 
10  0.791580  0.703071  0.668220  0.712339  0.587037  0.728504  0.647413  0.768864  0.774206  0.590531 0.0  0.891294  0.636146  0.738338  0.672451  0.758056  0.748481  0.637408  0.676171  0.492622  0.668080  0.748007  0.339939  0.678303  0.650187  0.727804  0.687414  0.807571  0.706982  0.664027  0.679815  0.759331  0.651077  0.629304  0.645010  0.713647  0.650208  0.668572  0.732262  0.739267  0.669575  0.703476  0.756797  0.816503  0.662301  0.757921  0.794067  0.600983  0.618428  0.686900  0.776519  0.720368  0.747965  0.733024  0.683776  0.762644  0.667995  0.730943  0.796435  0.759829 
11  0.966137  0.211412  0.069492  0.809063  0.578429  0.183363  0.132450  0.220735  0.898179  0.573373  0.891294 0.0  0.720933  0.649116  0.189248  0.829261  0.782024  0.069492  0.824738  0.606010  0.885314  0.814375  0.701934  0.221003  0.722050  0.795552  0.876667  0.917419  0.669252  0.875492  0.405025  0.124992  0.886860  0.438747  0.873846  0.711679  0.825055  0.764153  0.677065  0.917431  0.128271  0.841381  0.737059  0.816974  0.785291  0.768039  1.000000  0.875908  0.909721  0.912925  0.683373  0.748042  0.831510  0.693492  0.716386  0.936963  0.616278  0.874358  0.150988  0.775117 
12  0.503959  0.722653  0.811711  0.529893  0.497529  0.930483  0.784339  0.853662  0.292836  0.536102  0.636146  0.720933 0.0  0.472706  0.920280  0.790216  0.778604  0.809848  0.589042  0.560270  0.761621  0.322460  0.714062  0.726792  0.780477  0.485517  0.522255  0.526076  0.771036  0.299361  0.845662  0.895993  0.273444  0.787681  0.283575  0.651048  0.336794  0.578906  0.195043  0.269234  0.742340  0.332650  0.491757  0.514224  0.477200  0.744588  0.539580  0.474551  0.534261  0.499138  0.350443  0.739809  0.322841  0.475031  0.464971  0.378370  0.471814  0.288784  0.739778  0.578706 
13  0.387221  0.757878  0.686216  0.390922  0.533267  0.862985  0.745523  0.822761  0.424897  0.534782  0.738338  0.649116  0.472706 0.0  0.793343  0.812768  0.743014  0.785603  0.425601  0.546908  0.832592  0.475784  0.755154  0.773003  0.713271  0.411107  0.462650  0.464410  0.705301  0.455338  0.788998  0.930163  0.484216  0.684200  0.436377  0.615434  0.475424  0.495468  0.427654  0.439295  0.704395  0.428213  0.463118  0.460231  0.488758  0.719590  0.431392  0.443202  0.422337  0.437437  0.221057  0.833181  0.397668  0.389772  0.339707  0.485151  0.428466  0.448995  0.730855  0.706000 
14  0.927558  0.215408  0.213235  0.794400  0.580000  0.127378  0.173819  0.118245  0.784208  0.575492  0.672451  0.189248  0.920280  0.793343 0.0  0.816682  0.738429  0.225910  0.764107  0.558498  0.796537  0.797291  0.638598  0.208844  0.725909  0.814705  0.783590  0.825283  0.680143  0.875767  0.460407  0.187978  0.786927  0.396665  0.843323  0.701888  0.869816  0.774701  0.853892  0.854287  0.185086  0.805696  0.714047  0.897346  0.854000  0.836723  0.846787  0.847104  0.804857  0.714802  0.756763  0.795116  0.940176  0.800093  0.941076  0.934049  0.956505  0.823955  0.164477  0.636134 
15  0.662349  0.820263  0.815251  0.679184  0.561154  0.701696  0.839303  0.728264  0.721059  0.616832  0.758056  0.829261  0.790216  0.812768  0.816682 0.0  0.823770  0.848539  0.722406  0.564916  0.069492  0.800649  0.736021  0.812965  0.667093  0.737865  0.766643  0.916993  0.683034  0.715388  0.755718  0.740345  0.746207  0.689444  0.855859  0.630071  0.649441  0.747157  0.762968  0.798917  0.836975  0.712150  0.565089  0.690051  0.833461  0.744687  0.771666  0.694378  0.539311  0.618276  0.869041  0.227941  0.920964  0.721494  0.614023  0.582433  0.717784  0.768456  0.753942  0.333419 
16  0.604948  0.737935  0.647880  0.654730  0.655197  0.725609  0.567799  0.772047  0.648600  0.647744  0.748481  0.782024  0.778604  0.743014  0.738429  0.823770 0.0  0.682934  0.636542  0.538883  0.640444  0.762698  0.642218  0.865616  0.069492  0.779361  0.824950  0.634516  0.773105  0.631525  0.725282  0.820595  0.677146  0.693863  0.852823  0.787890  0.709966  0.770706  0.744029  0.756337  0.752189  0.654337  0.732249  0.780647  0.636662  0.711384  0.703186  0.637969  0.651582  0.716814  0.672226  0.753426  0.696308  0.811170  0.713386  0.574649  0.679850  0.705331  0.679177  0.828715 
17  0.942746  0.227634  0.069492  0.729480  0.540299  0.191483  0.166220  0.216010  0.819072  0.479356  0.637408  0.069492  0.809848  0.785603  0.225910  0.848539  0.682934 0.0  0.780956  0.623947  0.871515  0.895168  0.727896  0.200384  0.784733  0.812347  0.882870  0.858173  0.718649  0.906782  0.436429  0.129764  0.866779  0.392135  0.839246  0.624568  0.765738  0.780043  0.822632  0.787406  0.129557  0.773358  0.776321  0.698949  0.798609  0.702795  0.696642  0.916894  0.774663  0.787983  0.728758  0.824039  0.934808  0.814161  0.847031  0.809738  0.882920  0.777245  0.144353  0.635031 
18  0.363128  0.765402  0.853516  0.167454  0.512200  0.704162  0.769734  0.749556  0.545613  0.582626  0.676171  0.824738  0.589042  0.425601  0.764107  0.722406  0.636542  0.780956 0.0  0.563341  0.681819  0.562084  0.808157  0.858580  0.770140  0.418075  0.351885  0.150431  0.653686  0.546826  0.731711  0.728801  0.494016  0.791546  0.596209  0.727009  0.500991  0.375804  0.492726  0.523727  0.914489  0.465927  0.426361  0.372998  0.330402  0.749601  0.294974  0.399089  0.449689  0.481612  0.439042  0.745269  0.583988  0.104211  0.509497  0.500164  0.069492  0.551002  0.770249  0.780012 
19  0.560847  0.567974  0.594674  0.426304  0.621610  0.553281  0.548092  0.577438  0.530982  0.437564  0.492622  0.606010  0.560270  0.546908  0.558498  0.564916  0.538883  0.623947  0.563341 0.0  0.563595  0.597753  0.493676  0.598605  0.604723  0.555155  0.552816  0.627649  0.522255  0.530900  0.464019  0.611842  0.546066  0.498784  0.635855  0.613964  0.512428  0.508397  0.613228  0.597417  0.562992  0.515618  0.498874  0.484586  0.575439  0.566633  0.518931  0.690770  0.537315  0.564328  0.560731  0.505600  0.571519  0.519855  0.580182  0.540699  0.547696  0.554437  0.548372  0.627293 
20  0.733810  0.788052  0.878529  0.731340  0.573098  0.656859  0.747240  0.689137  0.951349  0.531559  0.668080  0.885314  0.761621  0.832592  0.796537  0.069492  0.640444  0.871515  0.681819  0.563595 0.0  0.815213  0.696259  0.771870  0.748395  0.862359  0.635139  0.789936  0.735138  0.719877  0.826331  0.818724  0.767769  0.842756  0.728277  0.641837  0.762669  0.825270  0.782332  0.619181  0.903990  0.661093  0.643156  0.742250  0.832694  0.687673  0.771381  0.828501  0.522900  0.542518  0.930549  0.216049  0.769910  0.756797  0.545214  0.614852  0.770377  0.852787  0.836278  0.310866 
21  0.556512  0.736420  0.957245  0.464277  0.574808  0.797623  0.852457  0.828749  0.148318  0.521662  0.748007  0.814375  0.322460  0.475784  0.797291  0.800649  0.762698  0.895168  0.562084  0.597753  0.815213 0.0  0.777524  0.893762  0.638599  0.594780  0.635123  0.637366  0.734933  0.213899  0.902699  0.796895  0.105444  0.861313  0.166075  0.705062  0.096000  0.626821  0.212444  0.355555  0.870016  0.273603  0.454767  0.651885  0.519098  0.627581  0.498818  0.594884  0.411039  0.488221  0.466838  0.680488  0.165594  0.639758  0.482971  0.413540  0.505136  0.105709  0.650790  0.447153 
22  0.709105  0.692921  0.662599  0.690717  0.510493  0.832769  0.779115  0.793540  0.715289  0.631096  0.339939  0.701934  0.714062  0.755154  0.638598  0.736021  0.642218  0.727896  0.808157  0.493676  0.696259  0.777524 0.0  0.694085  0.694397  0.747051  0.731434  0.655354  0.625343  0.778079  0.679605  0.665178  0.703145  0.706436  0.685934  0.725689  0.681867  0.691668  0.763342  0.654012  0.700511  0.704691  0.730005  0.648985  0.701552  0.677203  0.760047  0.761257  0.792341  0.661879  0.730878  0.769912  0.752255  0.762636  0.743197  0.775366  0.760898  0.745704  0.776457  0.619787 
23  0.773543  0.069492  0.216338  0.751214  0.570575  0.223896  0.192121  0.225602  0.839041  0.558056  0.678303  0.221003  0.726792  0.773003  0.208844  0.812965  0.865616  0.200384  0.858580  0.598605  0.771870  0.893762  0.694085 0.0  0.659612  0.595525  0.617185  0.612492  0.717376  0.762753  0.393934  0.225990  0.899778  0.490875  0.801178  0.668959  0.721172  0.846355  0.697874  0.686797  0.234035  0.846968  0.841999  0.834912  0.782291  0.609002  0.736058  0.646306  0.689712  0.851389  0.838442  0.715101  0.788349  0.917210  0.783017  0.776826  0.742039  0.745711  0.189433  0.738054 
24  0.681504  0.744152  0.672303  0.720418  0.573191  0.747923  0.684116  0.640649  0.695906  0.597485  0.650187  0.722050  0.780477  0.713271  0.725909  0.667093  0.069492  0.784733  0.770140  0.604723  0.748395  0.638599  0.694397  0.659612 0.0  0.870465  0.727565  0.746225  0.720328  0.705633  0.769158  0.771802  0.677019  0.780463  0.671774  0.742146  0.583233  0.758791  0.867194  0.753462  0.766544  0.742882  0.617997  0.634668  0.740407  0.679835  0.608004  0.694412  0.700583  0.685491  0.604742  0.743761  0.650234  0.723251  0.832157  0.780115  0.672814  0.624352  0.656113  0.764199 
25  0.069492  0.801495  0.903897  0.275994  0.603821  0.815381  0.916064  0.859755  0.574662  0.680964  0.727804  0.795552  0.485517  0.411107  0.814705  0.737865  0.779361  0.812347  0.418075  0.555155  0.862359  0.594780  0.747051  0.595525  0.870465 0.0  0.093178  0.331811  0.625072  0.505895  0.759249  0.850770  0.523014  0.875367  0.553189  0.826657  0.510604  0.344916  0.495808  0.461881  0.803693  0.510684  0.398875  0.141777  0.421410  0.729037  0.345959  0.136488  0.549271  0.499090  0.433229  0.688353  0.590485  0.311740  0.520739  0.447800  0.396658  0.518522  0.839016  0.672827 
26  0.091576  0.882088  0.843486  0.304802  0.645207  0.875590  0.917222  0.924802  0.616596  0.520912  0.687414  0.876667  0.522255  0.462650  0.783590  0.766643  0.824950  0.882870  0.351885  0.552816  0.635139  0.635123  0.731434  0.617185  0.727565  0.093178 0.0  0.356028  0.786941  0.519168  0.891775  0.692084  0.481771  0.845243  0.531261  0.727141  0.539224  0.426385  0.413585  0.517831  0.945262  0.496758  0.389602  0.156218  0.348124  0.713678  0.329266  0.166611  0.504556  0.480822  0.398472  0.747814  0.623914  0.378757  0.486858  0.423124  0.368021  0.542848  0.810328  0.732558 
27  0.428790  0.820848  0.867049  0.158544  0.718574  0.838740  0.958051  0.763818  0.549878  0.557044  0.807571  0.917419  0.526076  0.464410  0.825283  0.916993  0.634516  0.858173  0.150431  0.627649  0.789936  0.637366  0.655354  0.612492  0.746225  0.331811  0.356028 0.0  0.793234  0.520694  0.861067  0.776874  0.526835  0.794442  0.521019  0.729542  0.582953  0.424773  0.448114  0.521124  0.917542  0.545799  0.476832  0.388883  0.368408  0.821256  0.325480  0.395448  0.464349  0.478974  0.431075  0.858673  0.607815  0.154254  0.465081  0.451370  0.179128  0.545173  0.757411  0.730702 
28  0.631807  0.634674  0.729933  0.714564  0.519200  0.727150  0.814920  0.704030  0.699764  0.505449  0.706982  0.669252  0.771036  0.705301  0.680143  0.683034  0.773105  0.718649  0.653686  0.522255  0.735138  0.734933  0.625343  0.717376  0.720328  0.625072  0.786941  0.793234 0.0  0.716621  0.639153  0.654208  0.792447  0.619196  0.610536  0.325878  0.598211  0.778991  0.707890  0.698186  0.705704  0.753754  0.728863  0.702102  0.656436  0.288136  0.760382  0.717332  0.604501  0.674288  0.594672  0.769250  0.824645  0.566647  0.629401  0.718608  0.760604  0.553309  0.767874  0.658326 
29  0.601009  0.715921  0.903869  0.520230  0.657142  0.700802  0.876787  0.954578  0.223726  0.482953  0.664027  0.875492  0.299361  0.455338  0.875767  0.715388  0.631525  0.906782  0.546826  0.530900  0.719877  0.213899  0.778079  0.762753  0.705633  0.505895  0.519168  0.520694  0.716621 0.0  0.664397  0.920265  0.198735  0.837018  0.207874  0.659194  0.203459  0.584655  0.219627  0.316146  0.891759  0.310177  0.451456  0.560530  0.567320  0.775347  0.513823  0.586402  0.528781  0.462315  0.411954  0.885973  0.206082  0.637422  0.455257  0.422113  0.534794  0.203645  0.706769  0.509552 
30  0.751239  0.413267  0.385821  0.718632  0.551323  0.435019  0.379527  0.444110  0.747419  0.463784  0.679815  0.405025  0.845662  0.788998  0.460407  0.755718  0.725282  0.436429  0.731711  0.464019  0.826331  0.902699  0.679605  0.393934  0.769158  0.759249  0.891775  0.861067  0.639153  0.664397 0.0  0.491506  0.806691  0.209117  0.740161  0.648967  0.768170  0.792443  0.751726  0.727401  0.447548  0.646550  0.684739  0.783693  0.705470  0.616293  0.923282  0.759554  0.913132  0.910669  0.834133  0.658435  0.880544  0.721631  0.748024  0.695598  0.803092  0.881898  0.434635  0.765149 
31  0.930293  0.196177  0.118074  0.889193  0.541310  0.227013  0.162395  0.219711  0.866839  0.554517  0.759331  0.124992  0.895993  0.930163  0.187978  0.740345  0.820595  0.129764  0.728801  0.611842  0.818724  0.796895  0.665178  0.225990  0.771802  0.850770  0.692084  0.776874  0.654208  0.920265  0.491506 0.0  0.677592  0.449117  0.818501  0.669753  0.780736  0.850196  0.811741  0.733577  0.069492  0.814942  0.835071  0.754932  0.850377  0.661959  0.809327  0.909681  0.857230  0.848935  0.768946  0.950274  0.722996  0.992234  0.793094  0.800665  0.942463  0.901723  0.151222  0.789983 
32  0.571763  0.754486  0.794128  0.465327  0.519699  0.769912  0.872159  0.798923  0.181536  0.556916  0.651077  0.886860  0.273444  0.484216  0.786927  0.746207  0.677146  0.866779  0.494016  0.546066  0.767769  0.105444  0.703145  0.899778  0.677019  0.523014  0.481771  0.526835  0.792447  0.198735  0.806691  0.677592 0.0  0.829574  0.193002  0.805173  0.091514  0.542053  0.207332  0.341117  0.805375  0.328115  0.456062  0.627741  0.579514  0.652532  0.580072  0.548131  0.564349  0.514416  0.391452  0.692786  0.183239  0.472218  0.539555  0.527417  0.592921  0.087936  0.876155  0.475627 
33  0.649185  0.489625  0.445843  0.925920  0.494950  0.471482  0.433920  0.390814  0.873524  0.627946  0.629304  0.438747  0.787681  0.684200  0.396665  0.689444  0.693863  0.392135  0.791546  0.498784  0.842756  0.861313  0.706436  0.490875  0.780463  0.875367  0.845243  0.794442  0.619196  0.837018  0.209117  0.449117  0.829574 0.0  0.761224  0.608857  0.798642  0.770869  0.802481  0.746041  0.411115  0.807774  0.749723  0.695594  0.771497  0.663034  0.648684  0.706236  0.787411  0.881869  0.771280  0.696945  0.833682  0.719942  0.696032  0.752806  0.924793  0.837577  0.439757  0.802934 
34  0.618345  0.924828  0.882573  0.580735  0.596776  0.845513  0.710655  0.962657  0.091649  0.575899  0.645010  0.873846  0.283575  0.436377  0.843323  0.855859  0.852823  0.839246  0.596209  0.635855  0.728277  0.166075  0.685934  0.801178  0.671774  0.553189  0.531261  0.521019  0.610536  0.207874  0.740161  0.818501  0.193002  0.761224 0.0  0.675370  0.163628  0.629565  0.219882  0.331350  0.923207  0.331955  0.449889  0.524633  0.500683  0.667745  0.482647  0.543940  0.446326  0.547771  0.416882  0.733573  0.094152  0.484212  0.523503  0.412901  0.497064  0.188662  0.852874  0.444493 
35  0.785824  0.775823  0.779083  0.723993  0.492390  0.651860  0.667087  0.670005  0.700535  0.549080  0.713647  0.711679  0.651048  0.615434  0.701888  0.630071  0.787890  0.624568  0.727009  0.613964  0.641837  0.705062  0.725689  0.668959  0.742146  0.826657  0.727141  0.729542  0.325878  0.659194  0.648967  0.669753  0.805173  0.608857  0.675370 0.0  0.670655  0.793436  0.662850  0.746669  0.707420  0.701105  0.738738  0.714008  0.676721  0.305936  0.608412  0.688635  0.687891  0.732262  0.665848  0.683291  0.738338  0.654778  0.686198  0.697230  0.752313  0.655573  0.744287  0.832958 
36  0.465664  0.925046  0.828771  0.460333  0.518065  0.747429  0.798258  0.747781  0.156234  0.535210  0.650208  0.825055  0.336794  0.475424  0.869816  0.649441  0.709966  0.765738  0.500991  0.512428  0.762669  0.096000  0.681867  0.721172  0.583233  0.510604  0.539224  0.582953  0.598211  0.203459  0.768170  0.780736  0.091514  0.798642  0.163628  0.670655 0.0  0.542937  0.220137  0.309520  0.923509  0.313180  0.505014  0.577205  0.508026  0.704530  0.538690  0.585974  0.471389  0.450792  0.455258  0.731364  0.180592  0.538908  0.489132  0.472307  0.532898  0.069492  0.911278  0.508053 
37  0.369399  0.769382  0.974488  0.243826  0.549835  0.810630  0.905946  0.862750  0.484455  0.613890  0.668572  0.764153  0.578906  0.495468  0.774701  0.747157  0.770706  0.780043  0.375804  0.508397  0.825270  0.626821  0.691668  0.846355  0.758791  0.344916  0.426385  0.424773  0.778991  0.584655  0.792443  0.850196  0.542053  0.770869  0.629565  0.793436  0.542937 0.0  0.408189  0.494691  0.873759  0.411302  0.419511  0.399960  0.121249  0.846589  0.127306  0.365254  0.428639  0.534937  0.426742  0.853355  0.507753  0.409534  0.615876  0.462923  0.355678  0.561452  0.919512  0.720847 
38  0.468989  0.761215  0.722627  0.415891  0.601510  0.719195  0.816458  0.771794  0.224878  0.594123  0.732262  0.677065  0.195043  0.427654  0.853892  0.762968  0.744029  0.822632  0.492726  0.613228  0.782332  0.212444  0.763342  0.697874  0.867194  0.495808  0.413585  0.448114  0.707890  0.219627  0.751726  0.811741  0.207332  0.802481  0.219882  0.662850  0.220137  0.408189 0.0  0.229334  0.806743  0.201726  0.413204  0.427715  0.396240  0.757014  0.390022  0.438045  0.417755  0.441091  0.468521  0.713121  0.211213  0.423467  0.439575  0.436109  0.421053  0.230615  0.700434  0.433999 
39  0.509640  0.727608  0.891723  0.473571  0.438202  0.831096  0.875754  0.820488  0.332050  0.634758  0.739267  0.917431  0.269234  0.439295  0.854287  0.798917  0.756337  0.787406  0.523727  0.597417  0.619181  0.355555  0.654012  0.686797  0.753462  0.461881  0.517831  0.521124  0.698186  0.316146  0.727401  0.733577  0.341117  0.746041  0.331350  0.746669  0.309520  0.494691  0.229334 0.0  0.922261  0.069492  0.468296  0.607694  0.601649  0.698692  0.519131  0.545951  0.519256  0.454069  0.466618  0.606281  0.346130  0.506217  0.513245  0.442227  0.568864  0.372313  0.984172  0.422927 
40  0.936956  0.189068  0.122067  0.718825  0.491694  0.190376  0.153600  0.189722  0.861044  0.625969  0.669575  0.128271  0.742340  0.704395  0.185086  0.836975  0.752189  0.129557  0.914489  0.562992  0.903990  0.870016  0.700511  0.234035  0.766544  0.803693  0.945262  0.917542  0.705704  0.891759  0.447548  0.069492  0.805375  0.411115  0.923207  0.707420  0.923509  0.873759  0.806743  0.922261 0.0  0.689196  0.726730  0.970606  0.805704  0.690821  0.874499  0.847602  0.794208  0.776593  0.682783  0.781258  0.873307  0.902744  0.832331  0.744375  0.852762  0.768037  0.152440  0.715201 
41  0.516902  0.765714  0.793567  0.506075  0.558843  0.901837  0.736259  0.790015  0.304379  0.575700  0.703476  0.841381  0.332650  0.428213  0.805696  0.712150  0.654337  0.773358  0.465927  0.515618  0.661093  0.273603  0.704691  0.846968  0.742882  0.510684  0.496758  0.545799  0.753754  0.310177  0.646550  0.814942  0.328115  0.807774  0.331955  0.701105  0.313180  0.411302  0.201726  0.069492  0.689196 0.0  0.377705  0.519382  0.502135  0.580394  0.578665  0.461936  0.457414  0.537140  0.475725  0.793327  0.335160  0.443113  0.557068  0.424503  0.535858  0.286969  0.885458  0.410107 
42  0.445379  0.642461  0.790268  0.455185  0.571629  0.860790  0.885484  0.766485  0.516681  0.542528  0.756797  0.737059  0.491757  0.463118  0.714047  0.565089  0.732249  0.776321  0.426361  0.498874  0.643156  0.454767  0.730005  0.841999  0.617997  0.398875  0.389602  0.476832  0.728863  0.451456  0.684739  0.835071  0.456062  0.749723  0.449889  0.738738  0.505014  0.419511  0.413204  0.468296  0.726730  0.377705 0.0  0.385667  0.438023  0.747475  0.407631  0.450058  0.213186  0.207274  0.393270  0.647326  0.422120  0.468122  0.211010  0.195500  0.465973  0.358931  0.763162  0.671983 
43  0.162209  0.889649  0.928103  0.317428  0.569907  0.777747  0.917077  0.863146  0.533349  0.538404  0.816503  0.816974  0.514224  0.460231  0.897346  0.690051  0.780647  0.698949  0.372998  0.484586  0.742250  0.651885  0.648985  0.834912  0.634668  0.141777  0.156218  0.388883  0.702102  0.560530  0.783693  0.754932  0.627741  0.695594  0.524633  0.714008  0.577205  0.399960  0.427715  0.607694  0.970606  0.519382  0.385667 0.0  0.321948  0.601758  0.359822  0.104458  0.521936  0.539285  0.439214  0.948107  0.606867  0.370670  0.484738  0.368643  0.442176  0.682099  0.907588  0.758975 
44  0.301749  0.824145  0.844326  0.266196  0.531049  0.773705  0.879892  0.947873  0.537266  0.545408  0.662301  0.785291  0.477200  0.488758  0.854000  0.833461  0.636662  0.798609  0.330402  0.575439  0.832694  0.519098  0.701552  0.782291  0.740407  0.421410  0.348124  0.368408  0.656436  0.567320  0.705470  0.850377  0.579514  0.771497  0.500683  0.676721  0.508026  0.121249  0.396240  0.601649  0.805704  0.502135  0.438023  0.321948 0.0  0.819111  0.116409  0.309669  0.481557  0.467328  0.485395  0.730943  0.575322  0.368812  0.378495  0.414570  0.327791  0.602896  0.862086  0.679179 
45  0.701625  0.753032  0.600989  0.636797  0.606430  0.788402  0.660113  0.772819  0.692336  0.554868  0.757921  0.768039  0.744588  0.719590  0.836723  0.744687  0.711384  0.702795  0.749601  0.566633  0.687673  0.627581  0.677203  0.609002  0.679835  0.729037  0.713678  0.821256  0.288136  0.775347  0.616293  0.661959  0.652532  0.663034  0.667745  0.305936  0.704530  0.846589  0.757014  0.698692  0.690821  0.580394  0.747475  0.601758  0.819111 0.0  0.759168  0.694435  0.708580  0.715311  0.566739  0.793462  0.693811  0.719118  0.681682  0.797659  0.717137  0.733649  0.666192  0.655254 
46  0.291248  0.756276  0.894759  0.279957  0.538345  0.681815  0.761093  0.907108  0.546237  0.563220  0.794067  1.000000  0.539580  0.431392  0.846787  0.771666  0.703186  0.696642  0.294974  0.518931  0.771381  0.498818  0.760047  0.736058  0.608004  0.345959  0.329266  0.325480  0.760382  0.513823  0.923282  0.809327  0.580072  0.648684  0.482647  0.608412  0.538690  0.127306  0.390022  0.519131  0.874499  0.578665  0.407631  0.359822  0.116409  0.759168 0.0  0.330206  0.507587  0.457100  0.397871  0.742458  0.567070  0.349631  0.441148  0.428249  0.323082  0.561619  0.726841  0.792509 
47  0.149995  0.748455  0.862782  0.313436  0.468455  0.957509  0.825890  0.672396  0.512180  0.539295  0.600983  0.875908  0.474551  0.443202  0.847104  0.694378  0.637969  0.916894  0.399089  0.690770  0.828501  0.594884  0.761257  0.646306  0.694412  0.136488  0.166611  0.395448  0.717332  0.586402  0.759554  0.909681  0.548131  0.706236  0.543940  0.688635  0.585974  0.365254  0.438045  0.545951  0.847602  0.461936  0.450058  0.104458  0.309669  0.694435  0.330206 0.0  0.499218  0.430291  0.455851  0.807862  0.579335  0.383794  0.554047  0.473026  0.368067  0.659476  0.814592  0.641350 
48  0.500087  0.772194  0.897961  0.508490  0.594758  0.831193  0.841226  0.914296  0.534683  0.550551  0.618428  0.909721  0.534261  0.422337  0.804857  0.539311  0.651582  0.774663  0.449689  0.537315  0.522900  0.411039  0.792341  0.689712  0.700583  0.549271  0.504556  0.464349  0.604501  0.528781  0.913132  0.857230  0.564349  0.787411  0.446326  0.687891  0.471389  0.428639  0.417755  0.519256  0.794208  0.457414  0.213186  0.521936  0.481557  0.708580  0.507587  0.499218 0.0  0.144776  0.405451  0.490733  0.502621  0.559345  0.279429  0.207781  0.516748  0.490406  0.802160  0.694197 
49  0.479544  0.945309  0.757612  0.597501  0.594403  0.809381  0.774956  0.817601  0.489547  0.598889  0.686900  0.912925  0.499138  0.437437  0.714802  0.618276  0.716814  0.787983  0.481612  0.564328  0.542518  0.488221  0.661879  0.851389  0.685491  0.499090  0.480822  0.478974  0.674288  0.462315  0.910669  0.848935  0.514416  0.881869  0.547771  0.732262  0.450792  0.534937  0.441091  0.454069  0.776593  0.537140  0.207274  0.539285  0.467328  0.715311  0.457100  0.430291  0.144776 0.0  0.414257  0.618123  0.537391  0.499991  0.261378  0.208247  0.514092  0.522673  0.908459  0.782700 
50  0.459620  0.754620  0.671807  0.418367  0.579960  0.791860  0.849620  0.837257  0.472496  0.666394  0.776519  0.683373  0.350443  0.221057  0.756763  0.869041  0.672226  0.728758  0.439042  0.560731  0.930549  0.466838  0.730878  0.838442  0.604742  0.433229  0.398472  0.431075  0.594672  0.411954  0.834133  0.768946  0.391452  0.771280  0.416882  0.665848  0.455258  0.426742  0.468521  0.466618  0.682783  0.475725  0.393270  0.439214  0.485395  0.566739  0.397871  0.455851  0.405451  0.414257 0.0  0.721974  0.463249  0.434244  0.406925  0.430494  0.423443  0.470887  0.746658  0.797222 
51  0.740533  0.634077  0.639919  0.758663  0.490640  0.838490  0.817635  0.670500  0.751170  0.559409  0.720368  0.748042  0.739809  0.833181  0.795116  0.227941  0.753426  0.824039  0.745269  0.505600  0.216049  0.680488  0.769912  0.715101  0.743761  0.688353  0.747814  0.858673  0.769250  0.885973  0.658435  0.950274  0.692786  0.696945  0.733573  0.683291  0.731364  0.853355  0.713121  0.606281  0.781258  0.793327  0.647326  0.948107  0.730943  0.793462  0.742458  0.807862  0.490733  0.618123  0.721974 0.0  0.827825  0.766184  0.600371  0.539246  0.572759  0.755317  0.787556  0.324103 
52  0.569930  0.761551  0.713162  0.561730  0.617917  0.883260  0.890587  0.908068  0.090326  0.525001  0.747965  0.831510  0.322841  0.397668  0.940176  0.920964  0.696308  0.934808  0.583988  0.571519  0.769910  0.165594  0.752255  0.788349  0.650234  0.590485  0.623914  0.607815  0.824645  0.206082  0.880544  0.722996  0.183239  0.833682  0.094152  0.738338  0.180592  0.507753  0.211213  0.346130  0.873307  0.335160  0.422120  0.606867  0.575322  0.693811  0.567070  0.579335  0.502621  0.537391  0.463249  0.827825 0.0  0.520617  0.486394  0.388907  0.487563  0.195024  0.704677  0.439142 
53  0.388771  0.796520  0.780421  0.153695  0.604039  0.724924  0.844065  0.961234  0.541146  0.587021  0.733024  0.693492  0.475031  0.389772  0.800093  0.721494  0.811170  0.814161  0.104211  0.519855  0.756797  0.639758  0.762636  0.917210  0.723251  0.311740  0.378757  0.154254  0.566647  0.637422  0.721631  0.992234  0.472218  0.719942  0.484212  0.654778  0.538908  0.409534  0.423467  0.506217  0.902744  0.443113  0.468122  0.370670  0.368812  0.719118  0.349631  0.383794  0.559345  0.499991  0.434244  0.766184  0.520617 0.0  0.491179  0.481870  0.108761  0.605147  0.785715  0.751336 
54  0.569302  0.777699  0.879561  0.494014  0.520505  0.783089  0.646955  0.812921  0.441108  0.622204  0.683776  0.716386  0.464971  0.339707  0.941076  0.614023  0.713386  0.847031  0.509497  0.580182  0.545214  0.482971  0.743197  0.783017  0.832157  0.520739  0.486858  0.465081  0.629401  0.455257  0.748024  0.793094  0.539555  0.696032  0.523503  0.686198  0.489132  0.615876  0.439575  0.513245  0.832331  0.557068  0.211010  0.484738  0.378495  0.681682  0.441148  0.554047  0.279429  0.261378  0.406925  0.600371  0.486394  0.491179 0.0  0.227922  0.542402  0.551336  0.718484  0.659016 
55  0.474694  0.843210  0.741198  0.383138  0.443217  0.748570  0.889447  0.738170  0.409142  0.560674  0.762644  0.936963  0.378370  0.485151  0.934049  0.582433  0.574649  0.809738  0.500164  0.540699  0.614852  0.413540  0.775366  0.776826  0.780115  0.447800  0.423124  0.451370  0.718608  0.422113  0.695598  0.800665  0.527417  0.752806  0.412901  0.697230  0.472307  0.462923  0.436109  0.442227  0.744375  0.424503  0.195500  0.368643  0.414570  0.797659  0.428249  0.473026  0.207781  0.208247  0.430494  0.539246  0.388907  0.481870  0.227922 0.0  0.431609  0.453854  0.850829  0.782547 
56  0.395944  0.652504  0.819065  0.164305  0.550319  0.797937  0.881599  0.861324  0.583076  0.620425  0.667995  0.616278  0.471814  0.428466  0.956505  0.717784  0.679850  0.882920  0.069492  0.547696  0.770377  0.505136  0.760898  0.742039  0.672814  0.396658  0.368021  0.179128  0.760604  0.534794  0.803092  0.942463  0.592921  0.924793  0.497064  0.752313  0.532898  0.355678  0.421053  0.568864  0.852762  0.535858  0.465973  0.442176  0.327791  0.717137  0.323082  0.368067  0.516748  0.514092  0.423443  0.572759  0.487563  0.108761  0.542402  0.431609 0.0  0.614389  0.798527  0.816433 
57  0.593163  0.784765  0.843028  0.483975  0.633876  0.941954  0.815292  0.798619  0.180367  0.555883  0.730943  0.874358  0.288784  0.448995  0.823955  0.768456  0.705331  0.777245  0.551002  0.554437  0.852787  0.105709  0.745704  0.745711  0.624352  0.518522  0.542848  0.545173  0.553309  0.203645  0.881898  0.901723  0.087936  0.837577  0.188662  0.655573  0.069492  0.561452  0.230615  0.372313  0.768037  0.286969  0.358931  0.682099  0.602896  0.733649  0.561619  0.659476  0.490406  0.522673  0.470887  0.755317  0.195024  0.605147  0.551336  0.453854  0.614389 0.0  0.842935  0.488101 
58  0.814537  0.202284  0.171734  0.739894  0.590644  0.153245  0.069492  0.169153  0.880918  0.557213  0.796435  0.150988  0.739778  0.730855  0.164477  0.753942  0.679177  0.144353  0.770249  0.548372  0.836278  0.650790  0.776457  0.189433  0.656113  0.839016  0.810328  0.757411  0.767874  0.706769  0.434635  0.151222  0.876155  0.439757  0.852874  0.744287  0.911278  0.919512  0.700434  0.984172  0.152440  0.885458  0.763162  0.907588  0.862086  0.666192  0.726841  0.814592  0.802160  0.908459  0.746658  0.787556  0.704677  0.785715  0.718484  0.850829  0.798527  0.842935 0.0  0.737307 
59  0.626924  0.728657  0.731858  0.746412  0.549256  0.825323  0.813930  0.735858  0.381174  0.652510  0.759829  0.775117  0.578706  0.706000  0.636134  0.333419  0.828715  0.635031  0.780012  0.627293  0.310866  0.447153  0.619787  0.738054  0.764199  0.672827  0.732558  0.730702  0.658326  0.509552  0.765149  0.789983  0.475627  0.802934  0.444493  0.832958  0.508053  0.720847  0.433999  0.422927  0.715201  0.410107  0.671983  0.758975  0.679179  0.655254  0.792509  0.641350  0.694197  0.782700  0.797222  0.324103  0.439142  0.751336  0.659016  0.782547  0.816433  0.488101  0.737307 0.0 
