60
0 0.0  0.727993  0.904713  0.274335  0.497184  0.816966  0.906634  0.869208  0.654604  0.570316  0.703654  0.857558  0.553089  0.456096  0.826384  0.727869  0.804935  0.857736  0.437900  0.588149  0.804555  0.673701  0.676382  0.729422  0.735452  0.077084  0.105813  0.367554  0.757869  0.689130  0.750238  0.925977  0.632193  0.808014  0.670605  0.771130  0.646088  0.507969  0.480841  0.620219  0.844864  0.610983  0.433702  0.122049  0.428825  0.730068  0.393088  0.270975  0.544706  0.498798  0.510101  0.820362  0.719941  0.520303  0.502409  0.481368  0.362664  0.693058  0.834649  0.728107 
1  0.727993 0.0  0.150107  0.762227  0.662833  0.320997  0.223165  0.307141  0.827491  0.516566  0.756216  0.337335  0.680508  0.820862  0.220168  0.760374  0.785997  0.254599  0.696229  0.552353  0.742352  0.793856  0.607521  0.089307  0.664148  0.819185  0.805011  0.715832  0.775921  0.874454  0.382102  0.238144  0.811684  0.530175  0.646406  0.759914  0.765714  0.786283  0.685613  0.853944  0.237657  0.772254  0.722301  0.769077  0.801710  0.662162  0.771515  0.795207  0.896191  0.798520  0.878086  0.798568  0.807336  0.834914  0.856011  0.824432  0.745834  0.789128  0.284570  0.733767 
2  0.904713  0.150107 0.0  0.904034  0.493954  0.105043  0.171346  0.302445  0.888305  0.456132  0.612617  0.112906  0.771083  0.696099  0.269526  0.826845  0.767338  0.086561  0.808963  0.564027  0.725966  1.000000  0.646660  0.192237  0.810750  0.869304  0.854540  0.979801  0.671945  0.854574  0.441527  0.201307  0.920917  0.343631  0.874033  0.738887  0.920034  0.917716  0.752624  0.832850  0.139596  0.846180  0.796852  0.913749  0.879680  0.696275  0.928359  0.929896  0.976976  0.815460  0.784521  0.874545  0.879223  0.774447  0.803248  0.816614  0.898344  0.866783  0.140208  0.747730 
3  0.274335  0.762227  0.904034 0.0  0.539429  0.844522  0.744150  0.840588  0.563834  0.534097  0.735001  0.718694  0.589668  0.470396  0.862297  0.784122  0.688045  0.929963  0.130863  0.524600  0.818661  0.600979  0.721422  0.813230  0.726794  0.362125  0.295994  0.120195  0.700063  0.532383  0.931795  0.862398  0.389098  0.796812  0.604973  0.726875  0.549523  0.285217  0.505146  0.526922  0.830343  0.500841  0.456410  0.326140  0.267006  0.689271  0.440927  0.344363  0.572977  0.527989  0.420855  0.717551  0.526609  0.188038  0.497393  0.551943  0.143994  0.573766  0.839201  0.684591 
4  0.497184  0.662833  0.493954  0.539429 0.0  0.585949  0.593250  0.426364  0.524292  0.543295  0.504214  0.646799  0.534131  0.563182  0.581181  0.543484  0.673279  0.524358  0.522967  0.573131  0.514224  0.558112  0.542342  0.612394  0.479111  0.588491  0.466890  0.612824  0.529690  0.667467  0.521409  0.549714  0.581263  0.503390  0.547330  0.574133  0.523686  0.642688  0.585534  0.520843  0.562289  0.485073  0.623050  0.477936  0.529409  0.602796  0.552482  0.672075  0.566040  0.565469  0.556053  0.691032  0.614958  0.568924  0.553972  0.564498  0.534933  0.588818  0.613791  0.531986 
5  0.816966  0.320997  0.105043  0.844522  0.585949 0.0  0.180304  0.185013  0.924882  0.509620  0.657791  0.316689  0.682080  0.740549  0.087892  0.861357  0.719029  0.183225  0.796594  0.616138  0.842199  0.900157  0.833156  0.298954  0.728645  0.861563  0.951281  0.810737  0.758169  0.880212  0.513958  0.289153  0.839766  0.498562  0.871105  0.712018  0.902918  0.784669  0.738271  0.908043  0.308535  0.906582  0.829715  0.823283  0.850878  0.858969  0.813063  0.839379  0.856865  0.936398  0.749892  0.790121  0.910939  0.916899  0.865144  0.761766  0.881234  0.874610  0.111972  0.713817 
6  0.906634  0.223165  0.171346  0.744150  0.593250  0.180304 0.0  0.315130  0.752437  0.547826  0.753344  0.185129  0.934896  0.771141  0.151896  0.899361  0.737656  0.179056  0.769429  0.524007  0.822435  0.885495  0.762551  0.238786  0.674998  0.847463  0.800467  0.750419  0.582984  0.820280  0.471469  0.173382  0.869746  0.486003  0.904458  0.811761  0.832136  0.840946  0.851820  0.771070  0.162566  0.816801  0.828672  0.806333  0.769324  0.763752  0.889216  0.972960  0.827941  0.838901  0.822832  0.810258  0.812900  0.832570  0.846321  0.804584  0.846688  0.848341  0.100672  0.765215 
7  0.869208  0.307141  0.302445  0.840588  0.426364  0.185013  0.315130 0.0  0.889965  0.611702  0.747847  0.231595  0.835456  0.730469  0.200834  0.815735  0.731510  0.275783  0.848708  0.564982  0.767199  0.803770  0.711313  0.275206  0.663543  0.753582  0.798528  0.876027  0.699408  0.940981  0.490773  0.216121  0.897168  0.547591  0.803550  0.713072  0.858303  0.811677  0.766367  0.858039  0.274309  0.934209  0.798107  0.792755  0.826152  0.737884  0.894701  0.905729  0.844620  0.831596  0.898822  0.824259  0.852413  0.883682  0.835086  0.784632  0.835829  0.810039  0.171797  0.695587 
8  0.654604  0.827491  0.888305  0.563834  0.524292  0.924882  0.752437  0.889965 0.0  0.595950  0.797272  0.963167  0.284350  0.506609  0.875181  0.700646  0.731824  0.803569  0.632922  0.526086  0.759007  0.166740  0.700710  0.737327  0.731670  0.584167  0.655805  0.723787  0.728977  0.184244  0.841870  0.915936  0.223149  0.821546  0.100995  0.702269  0.256606  0.664981  0.271271  0.366739  0.849995  0.315457  0.533597  0.662030  0.465643  0.716241  0.552713  0.602009  0.565157  0.501031  0.386866  0.736963  0.082006  0.636060  0.415381  0.442889  0.628920  0.243814  0.809132  0.439478 
9  0.570316  0.516566  0.456132  0.534097  0.543295  0.509620  0.547826  0.611702  0.595950 0.0  0.623190  0.706546  0.557427  0.559936  0.579243  0.428477  0.537482  0.566698  0.584510  0.551852  0.630533  0.535802  0.522388  0.493953  0.565731  0.630808  0.652702  0.580683  0.545437  0.501355  0.596214  0.630626  0.650897  0.659991  0.559320  0.566364  0.586944  0.502660  0.522023  0.473776  0.550931  0.413877  0.587659  0.515344  0.605441  0.577752  0.567296  0.564942  0.536989  0.689971  0.553276  0.539159  0.671886  0.637157  0.670573  0.518365  0.569739  0.545087  0.643135  0.565275 
10  0.703654  0.756216  0.612617  0.735001  0.504214  0.657791  0.753344  0.747847  0.797272  0.623190 0.0  0.762432  0.725474  0.681082  0.742290  0.768710  0.790097  0.677260  0.792011  0.540856  0.666209  0.734571  0.335044  0.691514  0.728409  0.630547  0.681762  0.776879  0.708346  0.824393  0.688170  0.817464  0.670050  0.753925  0.810695  0.729356  0.709077  0.825434  0.780284  0.657158  0.725608  0.792590  0.677114  0.751867  0.696182  0.694387  0.668060  0.685743  0.607963  0.707408  0.614033  0.711435  0.743404  0.676426  0.698446  0.762499  0.811495  0.670023  0.760793  0.764610 
11  0.857558  0.337335  0.112906  0.718694  0.646799  0.316689  0.185129  0.231595  0.963167  0.706546  0.762432 0.0  0.782701  0.761153  0.242142  0.828230  0.771483  0.089651  0.894034  0.543859  0.753092  0.866126  0.732535  0.283578  0.861558  0.820091  0.807623  0.777898  0.831773  0.723342  0.424415  0.089014  0.906904  0.518512  0.883274  0.703902  0.883644  0.839532  0.829654  0.861874  0.152446  0.811920  0.715926  0.900248  0.976744  0.788300  0.970043  0.860504  0.897619  0.837330  0.801824  0.710948  0.853048  0.881523  0.774491  0.882584  0.873323  0.781398  0.140620  0.741879 
12  0.553089  0.680508  0.771083  0.589668  0.534131  0.682080  0.934896  0.835456  0.284350  0.557427  0.725474  0.782701 0.0  0.368922  0.928836  0.844372  0.729266  0.881546  0.573797  0.566002  0.868427  0.322616  0.783155  0.786430  0.689510  0.511404  0.503371  0.591774  0.668190  0.255341  0.848222  0.890077  0.308684  0.811992  0.314086  0.720907  0.343848  0.511767  0.248672  0.361704  0.841585  0.411655  0.453437  0.494281  0.550590  0.707093  0.571439  0.546342  0.631056  0.561928  0.411206  0.767448  0.265060  0.436687  0.608871  0.436840  0.619790  0.393952  0.863467  0.499622 
13  0.456096  0.820862  0.696099  0.470396  0.563182  0.740549  0.771141  0.730469  0.506609  0.559936  0.681082  0.761153  0.368922 0.0  0.756952  0.814576  0.678651  0.920955  0.494336  0.566315  0.751199  0.426377  0.686201  0.890074  0.765995  0.538874  0.475203  0.490642  0.718814  0.508696  0.731997  0.893171  0.488440  0.837493  0.458417  0.849393  0.356771  0.472401  0.455886  0.486524  0.746667  0.483233  0.548958  0.527796  0.594681  0.769399  0.435583  0.470573  0.435962  0.469457  0.198868  0.782184  0.431841  0.445982  0.491968  0.507728  0.427410  0.514209  0.881768  0.682438 
14  0.826384  0.220168  0.269526  0.862297  0.581181  0.087892  0.151896  0.200834  0.875181  0.579243  0.742290  0.242142  0.928836  0.756952 0.0  0.894125  0.871519  0.240289  0.913948  0.644217  0.845497  0.898914  0.786866  0.149655  0.724943  0.943874  0.911552  0.826863  0.690958  0.792165  0.427575  0.251162  0.805435  0.444767  0.865647  0.744457  0.766440  0.846186  0.920885  0.844765  0.238749  0.832648  0.795995  0.777874  0.929598  0.649679  0.800381  0.881842  0.836058  0.881914  0.743772  0.803737  0.876037  0.881719  0.752350  0.799513  0.859976  0.931249  0.186933  0.686304 
15  0.727869  0.760374  0.826845  0.784122  0.543484  0.861357  0.899361  0.815735  0.700646  0.428477  0.768710  0.828230  0.844372  0.814576  0.894125 0.0  0.777661  0.785123  0.725611  0.545599  0.077756  0.836283  0.755262  0.805978  0.765630  0.801260  0.787113  0.816803  0.765098  0.734870  0.822339  0.820648  0.765730  0.799117  0.827701  0.730992  0.753062  0.800194  0.750631  0.709410  0.710920  0.763553  0.617769  0.826851  0.816476  0.730029  0.824709  0.780963  0.503106  0.607774  0.853187  0.280959  0.883943  0.760526  0.554148  0.614200  0.808994  0.811483  0.819489  0.424899 
16  0.804935  0.785997  0.767338  0.688045  0.673279  0.719029  0.737656  0.731510  0.731824  0.537482  0.790097  0.771483  0.729266  0.678651  0.871519  0.777661 0.0  0.677102  0.796709  0.557960  0.717043  0.628792  0.759341  0.688262  0.120856  0.684418  0.716523  0.833132  0.729337  0.773680  0.658418  0.674150  0.687678  0.715170  0.723613  0.719248  0.680189  0.732311  0.723148  0.640816  0.640094  0.729525  0.724665  0.592821  0.772328  0.873547  0.834980  0.688901  0.788551  0.691693  0.705050  0.719080  0.693575  0.644579  0.738587  0.680162  0.670112  0.813952  0.663180  0.811788 
17  0.857736  0.254599  0.086561  0.929963  0.524358  0.183225  0.179056  0.275783  0.803569  0.566698  0.677260  0.089651  0.881546  0.920955  0.240289  0.785123  0.677102 0.0  0.907545  0.520410  0.716744  0.848794  0.662269  0.246853  0.678080  0.886244  0.813847  0.970161  0.754663  0.840353  0.473754  0.094643  0.793678  0.447512  0.919365  0.720116  0.745622  0.876584  0.866787  0.956364  0.157998  0.866384  0.742429  0.875629  0.882709  0.709624  0.851177  0.862148  0.833549  0.806161  0.762539  0.849580  0.834260  0.896110  0.810419  0.720388  0.877766  0.851422  0.254418  0.748382 
18  0.437900  0.696229  0.808963  0.130863  0.522967  0.796594  0.769429  0.848708  0.632922  0.584510  0.792011  0.894034  0.573797  0.494336  0.913948  0.725611  0.796709  0.907545 0.0  0.541948  0.776085  0.638738  0.566604  0.772818  0.716184  0.495398  0.415415  0.124023  0.692715  0.641900  0.823532  0.842543  0.606172  0.747047  0.647118  0.702914  0.608187  0.393479  0.470437  0.566649  0.815971  0.467177  0.415971  0.470447  0.368408  0.725453  0.328455  0.386645  0.569310  0.628784  0.439952  0.851735  0.573814  0.077084  0.545838  0.462502  0.077084  0.695696  0.863705  0.709469 
19  0.588149  0.552353  0.564027  0.524600  0.573131  0.616138  0.524007  0.564982  0.526086  0.551852  0.540856  0.543859  0.566002  0.566315  0.644217  0.545599  0.557960  0.520410  0.541948 0.0  0.538513  0.465233  0.600670  0.598576  0.499847  0.546074  0.501066  0.537391  0.605918  0.597360  0.620469  0.571436  0.621035  0.626647  0.506235  0.552535  0.546846  0.501631  0.574790  0.570817  0.461784  0.684671  0.675848  0.623831  0.596095  0.543184  0.554982  0.515393  0.623444  0.596445  0.537217  0.491334  0.486734  0.621244  0.459713  0.586941  0.578022  0.635457  0.550610  0.466222 
20  0.804555  0.742352  0.725966  0.818661  0.514224  0.842199  0.822435  0.767199  0.759007  0.630533  0.666209  0.753092  0.868427  0.751199  0.845497  0.077756  0.717043  0.716744  0.776085  0.538513 0.0  0.727134  0.689247  0.738286  0.650592  0.823595  0.845293  0.730541  0.811741  0.836683  0.851647  0.857074  0.693597  0.741853  0.728703  0.747520  0.755994  0.772492  0.756664  0.623905  0.863099  0.778811  0.577379  0.830581  0.871681  0.660939  0.781941  0.773132  0.594483  0.500577  0.858868  0.275396  0.785063  0.759068  0.530456  0.567199  0.828568  0.865313  0.729484  0.379410 
21  0.673701  0.793856  1.000000  0.600979  0.558112  0.900157  0.885495  0.803770  0.166740  0.535802  0.734571  0.866126  0.322616  0.426377  0.898914  0.836283  0.628792  0.848794  0.638738  0.465233  0.727134 0.0  0.703963  0.878074  0.718136  0.725858  0.632321  0.621973  0.685035  0.343187  0.702699  0.932850  0.250921  0.753539  0.204415  0.792487  0.083494  0.516421  0.202424  0.304696  0.858570  0.367874  0.472131  0.597499  0.617861  0.737531  0.526206  0.551012  0.658043  0.465257  0.529681  0.806310  0.120024  0.754300  0.521236  0.460132  0.585638  0.077084  0.772959  0.430092 
22  0.676382  0.607521  0.646660  0.721422  0.542342  0.833156  0.762551  0.711313  0.700710  0.522388  0.335044  0.732535  0.783155  0.686201  0.786866  0.755262  0.759341  0.662269  0.566604  0.600670  0.689247  0.703963 0.0  0.815225  0.733949  0.760253  0.666891  0.825387  0.754428  0.797101  0.816914  0.759605  0.663379  0.761210  0.811415  0.744911  0.741908  0.788900  0.749932  0.661303  0.736770  0.720713  0.671015  0.677611  0.723011  0.800486  0.678744  0.733222  0.681966  0.719847  0.687101  0.609336  0.730677  0.747684  0.759068  0.642785  0.719939  0.704198  0.621701  0.668040 
23  0.729422  0.089307  0.192237  0.813230  0.612394  0.298954  0.238786  0.275206  0.737327  0.493953  0.691514  0.283578  0.786430  0.890074  0.149655  0.805978  0.688262  0.246853  0.772818  0.598576  0.738286  0.878074  0.815225 0.0  0.755098  0.910061  0.822245  0.779227  0.796735  0.778651  0.513393  0.268975  0.787062  0.443655  0.892883  0.824198  0.730957  0.890527  0.820307  0.802268  0.279060  0.793201  0.788436  0.772088  0.826224  0.677413  0.713293  0.781210  0.816291  0.799539  0.874897  0.763286  0.734514  0.810742  0.730613  0.758000  0.839489  0.854820  0.215198  0.778437 
24  0.735452  0.664148  0.810750  0.726794  0.479111  0.728645  0.674998  0.663543  0.731670  0.565731  0.728409  0.861558  0.689510  0.765995  0.724943  0.765630  0.120856  0.678080  0.716184  0.499847  0.650592  0.718136  0.733949  0.755098 0.0  0.680253  0.734573  0.701126  0.746557  0.657911  0.719480  0.729901  0.728867  0.794221  0.716075  0.781806  0.742488  0.667905  0.707351  0.715260  0.705197  0.713248  0.574782  0.775652  0.677400  0.705524  0.679622  0.733556  0.765894  0.664170  0.725962  0.719650  0.694007  0.739132  0.732568  0.710054  0.742514  0.680058  0.731900  0.785331 
25  0.077084  0.819185  0.869304  0.362125  0.588491  0.861563  0.847463  0.753582  0.584167  0.630808  0.630547  0.820091  0.511404  0.538874  0.943874  0.801260  0.684418  0.886244  0.495398  0.546074  0.823595  0.725858  0.760253  0.910061  0.680253 0.0  0.105884  0.510164  0.662488  0.529806  0.777853  0.894033  0.701672  0.772780  0.604148  0.791029  0.608827  0.577283  0.480623  0.687698  0.824354  0.485730  0.509247  0.103031  0.549207  0.775712  0.326564  0.210765  0.569271  0.555689  0.524617  0.710912  0.637936  0.466238  0.508680  0.380563  0.355292  0.629812  0.820837  0.737418 
26  0.105813  0.805011  0.854540  0.295994  0.466890  0.951281  0.800467  0.798528  0.655805  0.652702  0.681762  0.807623  0.503371  0.475203  0.911552  0.787113  0.716523  0.813847  0.415415  0.501066  0.845293  0.632321  0.666891  0.822245  0.734573  0.105884 0.0  0.451337  0.749341  0.566422  0.785228  0.904419  0.689196  0.756975  0.629701  0.577385  0.652360  0.431876  0.460147  0.568593  0.921286  0.502828  0.483005  0.129264  0.427416  0.733362  0.355991  0.232586  0.569168  0.568675  0.342880  0.821338  0.733155  0.458100  0.547761  0.432880  0.480622  0.565655  0.883021  0.692142 
27  0.367554  0.715832  0.979801  0.120195  0.612824  0.810737  0.750419  0.876027  0.723787  0.580683  0.776879  0.777898  0.591774  0.490642  0.826863  0.816803  0.833132  0.970161  0.124023  0.537391  0.730541  0.621973  0.825387  0.779227  0.701126  0.510164  0.451337 0.0  0.664055  0.682645  0.793769  0.863287  0.566473  0.807531  0.619656  0.606576  0.648970  0.387575  0.453182  0.619382  0.898802  0.549575  0.575134  0.422686  0.416444  0.742563  0.407879  0.298124  0.544567  0.570439  0.500054  0.820676  0.549502  0.187746  0.568383  0.475531  0.290903  0.671481  0.821808  0.726733 
28  0.757869  0.775921  0.671945  0.700063  0.529690  0.758169  0.582984  0.699408  0.728977  0.545437  0.708346  0.831773  0.668190  0.718814  0.690958  0.765098  0.729337  0.754663  0.692715  0.605918  0.811741  0.685035  0.754428  0.796735  0.746557  0.662488  0.749341  0.664055 0.0  0.742414  0.704269  0.678019  0.754248  0.705594  0.668976  0.338603  0.781443  0.770767  0.712094  0.670757  0.814994  0.728943  0.766085  0.801664  0.776185  0.340661  0.798406  0.677889  0.739869  0.790279  0.674727  0.793288  0.733473  0.791867  0.744530  0.749368  0.642561  0.781538  0.753048  0.771512 
29  0.689130  0.874454  0.854574  0.532383  0.667467  0.880212  0.820280  0.940981  0.184244  0.501355  0.824393  0.723342  0.255341  0.508696  0.792165  0.734870  0.773680  0.840353  0.641900  0.597360  0.836683  0.343187  0.797101  0.778651  0.657911  0.529806  0.566422  0.682645  0.742414 0.0  0.903760  0.878273  0.278325  0.791862  0.217186  0.598489  0.296710  0.597680  0.189619  0.476167  0.871013  0.364664  0.415675  0.623222  0.506856  0.639039  0.566149  0.606966  0.490702  0.514668  0.549468  0.723465  0.223357  0.597368  0.596127  0.432309  0.544121  0.236286  0.871700  0.443366 
30  0.750238  0.382102  0.441527  0.931795  0.521409  0.513958  0.471469  0.490773  0.841870  0.596214  0.688170  0.424415  0.848222  0.731997  0.427575  0.822339  0.658418  0.473754  0.823532  0.620469  0.851647  0.702699  0.816914  0.513393  0.719480  0.777853  0.785228  0.793769  0.704269  0.903760 0.0  0.475257  0.789249  0.287008  0.819234  0.695652  0.961749  0.808405  0.741774  0.876908  0.418644  0.764117  0.852312  0.767166  0.910281  0.675614  0.806543  0.787256  0.867787  0.780642  0.762488  0.740970  0.803990  0.859761  0.771669  0.731014  0.942237  0.800037  0.430907  0.805082 
31  0.925977  0.238144  0.201307  0.862398  0.549714  0.289153  0.173382  0.216121  0.915936  0.630626  0.817464  0.089014  0.890077  0.893171  0.251162  0.820648  0.674150  0.094643  0.842543  0.571436  0.857074  0.932850  0.759605  0.268975  0.729901  0.894033  0.904419  0.863287  0.678019  0.878273  0.475257 0.0  0.857506  0.424100  0.882112  0.776833  0.817738  0.902775  0.863204  0.791625  0.129927  0.835392  0.797956  0.962545  0.843254  0.729492  0.884512  0.876216  0.925623  0.915045  0.813345  0.871436  0.777535  0.857160  0.810739  0.868094  0.925503  0.865260  0.125141  0.721875 
32  0.632193  0.811684  0.920917  0.389098  0.581263  0.839766  0.869746  0.897168  0.223149  0.650897  0.670050  0.906904  0.308684  0.488440  0.805435  0.765730  0.687678  0.793678  0.606172  0.621035  0.693597  0.250921  0.663379  0.787062  0.728867  0.701672  0.689196  0.566473  0.754248  0.278325  0.789249  0.857506 0.0  0.795086  0.253780  0.813077  0.123592  0.705108  0.164985  0.354180  0.836138  0.262245  0.425627  0.574103  0.704733  0.581670  0.493396  0.447578  0.474457  0.599864  0.540979  0.804721  0.152770  0.580739  0.446712  0.512882  0.635761  0.077084  0.863890  0.517127 
33  0.808014  0.530175  0.343631  0.796812  0.503390  0.498562  0.486003  0.547591  0.821546  0.659991  0.753925  0.518512  0.811992  0.837493  0.444767  0.799117  0.715170  0.447512  0.747047  0.626647  0.741853  0.753539  0.761210  0.443655  0.794221  0.772780  0.756975  0.807531  0.705594  0.791862  0.287008  0.424100  0.795086 0.0  0.712585  0.707703  0.810662  0.770657  0.788968  0.761176  0.461078  0.799707  0.718098  0.806750  0.842793  0.753588  0.814681  0.872833  0.784880  0.819728  0.861306  0.753086  0.764861  0.758835  0.796010  0.673364  0.826541  0.770523  0.442384  0.688584 
34  0.670605  0.646406  0.874033  0.604973  0.547330  0.871105  0.904458  0.803550  0.100995  0.559320  0.810695  0.883274  0.314086  0.458417  0.865647  0.827701  0.723613  0.919365  0.647118  0.506235  0.728703  0.204415  0.811415  0.892883  0.716075  0.604148  0.629701  0.619656  0.668976  0.217186  0.819234  0.882112  0.253780  0.712585 0.0  0.713785  0.190406  0.654074  0.284182  0.435800  0.851227  0.354705  0.455549  0.688494  0.595570  0.761703  0.602969  0.540362  0.540318  0.503378  0.490206  0.750964  0.077084  0.562824  0.560850  0.472073  0.652281  0.207756  0.783860  0.448630 
35  0.771130  0.759914  0.738887  0.726875  0.574133  0.712018  0.811761  0.713072  0.702269  0.566364  0.729356  0.703902  0.720907  0.849393  0.744457  0.730992  0.719248  0.720116  0.702914  0.552535  0.747520  0.792487  0.744911  0.824198  0.781806  0.791029  0.577385  0.606576  0.338603  0.598489  0.695652  0.776833  0.813077  0.707703  0.713785 0.0  0.763992  0.704819  0.801954  0.851243  0.716461  0.772982  0.683785  0.744001  0.839142  0.273849  0.620575  0.860556  0.732362  0.731987  0.756479  0.778059  0.684141  0.716998  0.785849  0.680182  0.744664  0.701030  0.622152  0.744865 
36  0.646088  0.765714  0.920034  0.549523  0.523686  0.902918  0.832136  0.858303  0.256606  0.586944  0.709077  0.883644  0.343848  0.356771  0.766440  0.753062  0.680189  0.745622  0.608187  0.546846  0.755994  0.083494  0.741908  0.730957  0.742488  0.608827  0.652360  0.648970  0.781443  0.296710  0.961749  0.817738  0.123592  0.810662  0.190406  0.763992 0.0  0.707690  0.333779  0.411257  0.936380  0.295755  0.568079  0.605493  0.553656  0.671145  0.575244  0.620968  0.517721  0.601182  0.524789  0.793058  0.220104  0.587439  0.513498  0.559307  0.629942  0.099361  0.852038  0.514652 
37  0.507969  0.786283  0.917716  0.285217  0.642688  0.784669  0.840946  0.811677  0.664981  0.502660  0.825434  0.839532  0.511767  0.472401  0.846186  0.800194  0.732311  0.876584  0.393479  0.501631  0.772492  0.516421  0.788900  0.890527  0.667905  0.577283  0.431876  0.387575  0.770767  0.597680  0.808405  0.902775  0.705108  0.770657  0.654074  0.704819  0.707690 0.0  0.467082  0.529966  0.877254  0.542969  0.503665  0.455382  0.077084  0.692877  0.137092  0.409132  0.560817  0.459766  0.445124  0.841007  0.627035  0.326403  0.638569  0.511144  0.451237  0.616460  0.867648  0.692718 
38  0.480841  0.685613  0.752624  0.505146  0.585534  0.738271  0.851820  0.766367  0.271271  0.522023  0.780284  0.829654  0.248672  0.455886  0.920885  0.750631  0.723148  0.866787  0.470437  0.574790  0.756664  0.202424  0.749932  0.820307  0.707351  0.480623  0.460147  0.453182  0.712094  0.189619  0.741774  0.863204  0.164985  0.788968  0.284182  0.801954  0.333779  0.467082 0.0  0.189593  0.722715  0.345318  0.414505  0.416156  0.502253  0.699092  0.557468  0.542667  0.501594  0.533600  0.472503  0.788133  0.226383  0.406698  0.549025  0.657142  0.495648  0.332171  0.864388  0.362729 
39  0.620219  0.853944  0.832850  0.526922  0.520843  0.908043  0.771070  0.858039  0.366739  0.473776  0.657158  0.861874  0.361704  0.486524  0.844765  0.709410  0.640816  0.956364  0.566649  0.570817  0.623905  0.304696  0.661303  0.802268  0.715260  0.687698  0.568593  0.619382  0.670757  0.476167  0.876908  0.791625  0.354180  0.761176  0.435800  0.851243  0.411257  0.529966  0.189593 0.0  0.902231  0.143372  0.426282  0.621445  0.570597  0.632248  0.511867  0.501941  0.528200  0.514678  0.547953  0.825139  0.443806  0.626287  0.472147  0.402971  0.530433  0.392550  0.870547  0.459955 
40  0.844864  0.237657  0.139596  0.830343  0.562289  0.308535  0.162566  0.274309  0.849995  0.550931  0.725608  0.152446  0.841585  0.746667  0.238749  0.710920  0.640094  0.157998  0.815971  0.461784  0.863099  0.858570  0.736770  0.279060  0.705197  0.824354  0.921286  0.898802  0.814994  0.871013  0.418644  0.129927  0.836138  0.461078  0.851227  0.716461  0.936380  0.877254  0.722715  0.902231 0.0  0.843007  0.757993  0.810685  0.823203  0.675159  0.837104  0.788921  0.874206  0.885535  0.766013  0.860824  0.820648  0.794495  0.762365  0.757477  0.863496  0.957352  0.124915  0.730166 
41  0.610983  0.772254  0.846180  0.500841  0.485073  0.906582  0.816801  0.934209  0.315457  0.413877  0.792590  0.811920  0.411655  0.483233  0.832648  0.763553  0.729525  0.866384  0.467177  0.684671  0.778811  0.367874  0.720713  0.793201  0.713248  0.485730  0.502828  0.549575  0.728943  0.364664  0.764117  0.835392  0.262245  0.799707  0.354705  0.772982  0.295755  0.542969  0.345318  0.143372  0.843007 0.0  0.558293  0.630418  0.587237  0.777865  0.449022  0.346469  0.585785  0.521729  0.578703  0.730328  0.283322  0.525594  0.571524  0.457643  0.443835  0.410545  0.800655  0.587764 
42  0.433702  0.722301  0.796852  0.456410  0.623050  0.829715  0.828672  0.798107  0.533597  0.587659  0.677114  0.715926  0.453437  0.548958  0.795995  0.617769  0.724665  0.742429  0.415971  0.675848  0.577379  0.472131  0.671015  0.788436  0.574782  0.509247  0.483005  0.575134  0.766085  0.415675  0.852312  0.797956  0.425627  0.718098  0.455549  0.683785  0.568079  0.503665  0.414505  0.426282  0.757993  0.558293 0.0  0.477573  0.432093  0.747577  0.501372  0.499845  0.270374  0.206439  0.504330  0.592678  0.440397  0.470452  0.229774  0.297512  0.431946  0.443797  0.803015  0.710091 
43  0.122049  0.769077  0.913749  0.326140  0.477936  0.823283  0.806333  0.792755  0.662030  0.515344  0.751867  0.900248  0.494281  0.527796  0.777874  0.826851  0.592821  0.875629  0.470447  0.623831  0.830581  0.597499  0.677611  0.772088  0.775652  0.103031  0.129264  0.422686  0.801664  0.623222  0.767166  0.962545  0.574103  0.806750  0.688494  0.744001  0.605493  0.455382  0.416156  0.621445  0.810685  0.630418  0.477573 0.0  0.410478  0.734005  0.335675  0.130571  0.550186  0.554072  0.482941  0.822930  0.699030  0.406345  0.596637  0.573098  0.329363  0.653184  0.737170  0.649774 
44  0.428825  0.801710  0.879680  0.267006  0.529409  0.850878  0.769324  0.826152  0.465643  0.605441  0.696182  0.976744  0.550590  0.594681  0.929598  0.816476  0.772328  0.882709  0.368408  0.596095  0.871681  0.617861  0.723011  0.826224  0.677400  0.549207  0.427416  0.416444  0.776185  0.506856  0.910281  0.843254  0.704733  0.842793  0.595570  0.839142  0.553656  0.077084  0.502253  0.570597  0.823203  0.587237  0.432093  0.410478 0.0  0.726036  0.220016  0.437371  0.593280  0.565270  0.518956  0.811297  0.557666  0.415543  0.495072  0.424522  0.425053  0.579283  0.836348  0.673053 
45  0.730068  0.662162  0.696275  0.689271  0.602796  0.858969  0.763752  0.737884  0.716241  0.577752  0.694387  0.788300  0.707093  0.769399  0.649679  0.730029  0.873547  0.709624  0.725453  0.543184  0.660939  0.737531  0.800486  0.677413  0.705524  0.775712  0.733362  0.742563  0.340661  0.639039  0.675614  0.729492  0.581670  0.753588  0.761703  0.273849  0.671145  0.692877  0.699092  0.632248  0.675159  0.777865  0.747577  0.734005  0.726036 0.0  0.679568  0.758019  0.761273  0.748795  0.732985  0.771233  0.745991  0.683994  0.774882  0.750522  0.690304  0.617890  0.644001  0.849610 
46  0.393088  0.771515  0.928359  0.440927  0.552482  0.813063  0.889216  0.894701  0.552713  0.567296  0.668060  0.970043  0.571439  0.435583  0.800381  0.824709  0.834980  0.851177  0.328455  0.554982  0.781941  0.526206  0.678744  0.713293  0.679622  0.326564  0.355991  0.407879  0.798406  0.566149  0.806543  0.884512  0.493396  0.814681  0.602969  0.620575  0.575244  0.137092  0.557468  0.511867  0.837104  0.449022  0.501372  0.335675  0.220016  0.679568 0.0  0.288464  0.614317  0.492313  0.377050  0.800502  0.650189  0.412150  0.629738  0.450464  0.430300  0.544990  0.853480  0.773532 
47  0.270975  0.795207  0.929896  0.344363  0.672075  0.839379  0.972960  0.905729  0.602009  0.564942  0.685743  0.860504  0.546342  0.470573  0.881842  0.780963  0.688901  0.862148  0.386645  0.515393  0.773132  0.551012  0.733222  0.781210  0.733556  0.210765  0.232586  0.298124  0.677889  0.606966  0.787256  0.876216  0.447578  0.872833  0.540362  0.860556  0.620968  0.409132  0.542667  0.501941  0.788921  0.346469  0.499845  0.130571  0.437371  0.758019  0.288464 0.0  0.557929  0.544606  0.385280  0.859604  0.599406  0.365659  0.632291  0.490259  0.464940  0.571531  0.934683  0.745395 
48  0.544706  0.896191  0.976976  0.572977  0.566040  0.856865  0.827941  0.844620  0.565157  0.536989  0.607963  0.897619  0.631056  0.435962  0.836058  0.503106  0.788551  0.833549  0.569310  0.623444  0.594483  0.658043  0.681966  0.816291  0.765894  0.569271  0.569168  0.544567  0.739869  0.490702  0.867787  0.925623  0.474457  0.784880  0.540318  0.732362  0.517721  0.560817  0.501594  0.528200  0.874206  0.585785  0.270374  0.550186  0.593280  0.761273  0.614317  0.557929 0.0  0.161988  0.501933  0.520382  0.532839  0.556004  0.347004  0.206811  0.567765  0.614049  0.936127  0.759178 
49  0.498798  0.798520  0.815460  0.527989  0.565469  0.936398  0.838901  0.831596  0.501031  0.689971  0.707408  0.837330  0.561928  0.469457  0.881914  0.607774  0.691693  0.806161  0.628784  0.596445  0.500577  0.465257  0.719847  0.799539  0.664170  0.555689  0.568675  0.570439  0.790279  0.514668  0.780642  0.915045  0.599864  0.819728  0.503378  0.731987  0.601182  0.459766  0.533600  0.514678  0.885535  0.521729  0.206439  0.554072  0.565270  0.748795  0.492313  0.544606  0.161988 0.0  0.440063  0.481929  0.487921  0.535569  0.308847  0.269107  0.616176  0.547403  0.807362  0.818218 
50  0.510101  0.878086  0.784521  0.420855  0.556053  0.749892  0.822832  0.898822  0.386866  0.553276  0.614033  0.801824  0.411206  0.198868  0.743772  0.853187  0.705050  0.762539  0.439952  0.537217  0.858868  0.529681  0.687101  0.874897  0.725962  0.524617  0.342880  0.500054  0.674727  0.549468  0.762488  0.813345  0.540979  0.861306  0.490206  0.756479  0.524789  0.445124  0.472503  0.547953  0.766013  0.578703  0.504330  0.482941  0.518956  0.732985  0.377050  0.385280  0.501933  0.440063 0.0  0.798524  0.417528  0.539997  0.426614  0.567988  0.493973  0.435927  0.903916  0.627044 
51  0.820362  0.798568  0.874545  0.717551  0.691032  0.790121  0.810258  0.824259  0.736963  0.539159  0.711435  0.710948  0.767448  0.782184  0.803737  0.280959  0.719080  0.849580  0.851735  0.491334  0.275396  0.806310  0.609336  0.763286  0.719650  0.710912  0.821338  0.820676  0.793288  0.723465  0.740970  0.871436  0.804721  0.753086  0.750964  0.778059  0.793058  0.841007  0.788133  0.825139  0.860824  0.730328  0.592678  0.822930  0.811297  0.771233  0.800502  0.859604  0.520382  0.481929  0.798524 0.0  0.744974  0.765102  0.575195  0.592667  0.885990  0.832762  0.755955  0.328139 
52  0.719941  0.807336  0.879223  0.526609  0.614958  0.910939  0.812900  0.852413  0.082006  0.671886  0.743404  0.853048  0.265060  0.431841  0.876037  0.883943  0.693575  0.834260  0.573814  0.486734  0.785063  0.120024  0.730677  0.734514  0.694007  0.637936  0.733155  0.549502  0.733473  0.223357  0.803990  0.777535  0.152770  0.764861  0.077084  0.684141  0.220104  0.627035  0.226383  0.443806  0.820648  0.283322  0.440397  0.699030  0.557666  0.745991  0.650189  0.599406  0.532839  0.487921  0.417528  0.744974 0.0  0.588800  0.452997  0.594857  0.608617  0.279473  0.879172  0.459991 
53  0.520303  0.834914  0.774447  0.188038  0.568924  0.916899  0.832570  0.883682  0.636060  0.637157  0.676426  0.881523  0.436687  0.445982  0.881719  0.760526  0.644579  0.896110  0.077084  0.621244  0.759068  0.754300  0.747684  0.810742  0.739132  0.466238  0.458100  0.187746  0.791867  0.597368  0.859761  0.857160  0.580739  0.758835  0.562824  0.716998  0.587439  0.326403  0.406698  0.626287  0.794495  0.525594  0.470452  0.406345  0.415543  0.683994  0.412150  0.365659  0.556004  0.535569  0.539997  0.765102  0.588800 0.0  0.456172  0.484120  0.077084  0.685532  0.774582  0.658311 
54  0.502409  0.856011  0.803248  0.497393  0.553972  0.865144  0.846321  0.835086  0.415381  0.670573  0.698446  0.774491  0.608871  0.491968  0.752350  0.554148  0.738587  0.810419  0.545838  0.459713  0.530456  0.521236  0.759068  0.730613  0.732568  0.508680  0.547761  0.568383  0.744530  0.596127  0.771669  0.810739  0.446712  0.796010  0.560850  0.785849  0.513498  0.638569  0.549025  0.472147  0.762365  0.571524  0.229774  0.596637  0.495072  0.774882  0.629738  0.632291  0.347004  0.308847  0.426614  0.575195  0.452997  0.456172 0.0  0.243341  0.498736  0.548959  0.854885  0.723257 
55  0.481368  0.824432  0.816614  0.551943  0.564498  0.761766  0.804584  0.784632  0.442889  0.518365  0.762499  0.882584  0.436840  0.507728  0.799513  0.614200  0.680162  0.720388  0.462502  0.586941  0.567199  0.460132  0.642785  0.758000  0.710054  0.380563  0.432880  0.475531  0.749368  0.432309  0.731014  0.868094  0.512882  0.673364  0.472073  0.680182  0.559307  0.511144  0.657142  0.402971  0.757477  0.457643  0.297512  0.573098  0.424522  0.750522  0.450464  0.490259  0.206811  0.269107  0.567988  0.592667  0.594857  0.484120  0.243341 0.0  0.437010  0.433565  0.723674  0.637154 
56  0.362664  0.745834  0.898344  0.143994  0.534933  0.881234  0.846688  0.835829  0.628920  0.569739  0.811495  0.873323  0.619790  0.427410  0.859976  0.808994  0.670112  0.877766  0.077084  0.578022  0.828568  0.585638  0.719939  0.839489  0.742514  0.355292  0.480622  0.290903  0.642561  0.544121  0.942237  0.925503  0.635761  0.826541  0.652281  0.744664  0.629942  0.451237  0.495648  0.530433  0.863496  0.443835  0.431946  0.329363  0.425053  0.690304  0.430300  0.464940  0.567765  0.616176  0.493973  0.885990  0.608617  0.077084  0.498736  0.437010 0.0  0.547879  0.867046  0.728950 
57  0.693058  0.789128  0.866783  0.573766  0.588818  0.874610  0.848341  0.810039  0.243814  0.545087  0.670023  0.781398  0.393952  0.514209  0.931249  0.811483  0.813952  0.851422  0.695696  0.635457  0.865313  0.077084  0.704198  0.854820  0.680058  0.629812  0.565655  0.671481  0.781538  0.236286  0.800037  0.865260  0.077084  0.770523  0.207756  0.701030  0.099361  0.616460  0.332171  0.392550  0.957352  0.410545  0.443797  0.653184  0.579283  0.617890  0.544990  0.571531  0.614049  0.547403  0.435927  0.832762  0.279473  0.685532  0.548959  0.433565  0.547879 0.0  0.945093  0.494222 
58  0.834649  0.284570  0.140208  0.839201  0.613791  0.111972  0.100672  0.171797  0.809132  0.643135  0.760793  0.140620  0.863467  0.881768  0.186933  0.819489  0.663180  0.254418  0.863705  0.550610  0.729484  0.772959  0.621701  0.215198  0.731900  0.820837  0.883021  0.821808  0.753048  0.871700  0.430907  0.125141  0.863890  0.442384  0.783860  0.622152  0.852038  0.867648  0.864388  0.870547  0.124915  0.800655  0.803015  0.737170  0.836348  0.644001  0.853480  0.934683  0.936127  0.807362  0.903916  0.755955  0.879172  0.774582  0.854885  0.723674  0.867046  0.945093 0.0  0.801387 
59  0.728107  0.733767  0.747730  0.684591  0.531986  0.713817  0.765215  0.695587  0.439478  0.565275  0.764610  0.741879  0.499622  0.682438  0.686304  0.424899  0.811788  0.748382  0.709469  0.466222  0.379410  0.430092  0.668040  0.778437  0.785331  0.737418  0.692142  0.726733  0.771512  0.443366  0.805082  0.721875  0.517127  0.688584  0.448630  0.744865  0.514652  0.692718  0.362729  0.459955  0.730166  0.587764  0.710091  0.649774  0.673053  0.849610  0.773532  0.745395  0.759178  0.818218  0.627044  0.328139  0.459991  0.658311  0.723257  0.637154  0.728950  0.494222  0.801387 0.0 
