60
0 0.0  0.723424  0.989581  0.276725  0.601254  0.865109  0.829845  0.906027  0.588845  0.514954  0.681496  0.684189  0.442872  0.453132  0.703133  0.741175  0.718331  0.749484  0.373187  0.527205  0.740030  0.618882  0.734633  0.767137  0.718708  0.087584  0.107528  0.426938  0.753841  0.528805  0.698777  0.784366  0.526397  0.674435  0.600365  0.769332  0.546589  0.393424  0.389702  0.565874  0.844902  0.512830  0.441070  0.168991  0.316417  0.718681  0.341199  0.170634  0.466338  0.440398  0.464869  0.842858  0.596578  0.309584  0.450754  0.429224  0.385879  0.592344  0.790527  0.624052 
1  0.723424 0.0  0.212237  0.852346  0.550802  0.216572  0.249620  0.225885  0.916492  0.552235  0.830669  0.203131  0.712311  0.786441  0.227987  0.690922  0.726718  0.215703  0.700187  0.555278  0.779948  0.764066  0.586049  0.087584  0.660189  0.753508  0.635875  0.836234  0.670827  0.754483  0.451479  0.225370  0.812290  0.507256  0.624940  0.724551  0.851706  0.847492  0.774463  0.871062  0.224962  0.747013  0.791060  0.807448  0.868027  0.711626  0.615799  0.777478  0.749681  0.730922  0.779009  0.798414  0.939632  0.798426  0.792509  0.807457  0.724892  0.581620  0.249830  0.617389 
2  0.989581  0.212237 0.0  0.867249  0.623223  0.210833  0.182114  0.199859  0.875712  0.482386  0.680545  0.087584  0.717750  0.763632  0.194891  0.710373  0.620038  0.087584  0.889432  0.503261  0.929467  0.759395  0.751232  0.208737  0.594815  0.893517  0.798599  0.855828  0.654870  0.759130  0.490250  0.143869  0.815556  0.467821  0.760251  0.694335  0.732810  0.891560  0.795108  0.802260  0.128154  0.626421  0.637362  0.928334  0.769631  0.811384  0.730854  0.780049  0.667808  0.836928  0.825724  0.870968  0.838962  0.765800  0.805576  0.784622  0.794111  0.790276  0.165366  0.734793 
3  0.276725  0.852346  0.867249 0.0  0.567264  0.719319  0.715398  0.833873  0.417771  0.582801  0.791505  0.772931  0.521489  0.405329  0.734851  0.770315  0.749001  0.734909  0.178534  0.530941  0.729379  0.428318  0.636082  0.734528  0.743240  0.314000  0.345937  0.176054  0.690198  0.511916  0.778299  0.932469  0.544727  0.648700  0.606775  0.598282  0.528822  0.289396  0.461422  0.496979  0.781503  0.543290  0.436085  0.332187  0.300289  0.647528  0.318345  0.314916  0.586793  0.505518  0.393265  0.834987  0.501622  0.166553  0.600953  0.440805  0.169641  0.471074  0.844424  0.659677 
4  0.601254  0.550802  0.623223  0.567264 0.0  0.584889  0.634393  0.542329  0.563649  0.541561  0.582449  0.456236  0.560484  0.504772  0.568747  0.532812  0.559127  0.647133  0.554563  0.573567  0.534119  0.562201  0.673455  0.527804  0.566179  0.475940  0.596310  0.496733  0.559521  0.579131  0.565934  0.605417  0.582172  0.468330  0.497606  0.555043  0.596873  0.466283  0.594360  0.628283  0.563263  0.598047  0.604399  0.567678  0.529902  0.619989  0.590633  0.600537  0.565874  0.552274  0.574462  0.565695  0.570431  0.534547  0.596492  0.567891  0.633640  0.513091  0.525371  0.657280 
5  0.865109  0.216572  0.210833  0.719319  0.584889 0.0  0.158309  0.134009  0.851731  0.521193  0.624830  0.222931  0.831366  0.846653  0.134838  0.744253  0.668831  0.219075  0.827598  0.593267  0.851004  0.680157  0.652154  0.229995  0.594782  0.664184  0.846763  0.761408  0.773328  0.857837  0.410782  0.207658  0.974777  0.422859  0.886622  0.668608  0.803940  0.903658  0.737816  0.776268  0.193162  0.695308  0.719258  0.830536  0.963824  0.541549  0.736824  0.858149  0.592112  0.821314  0.778456  0.611627  0.779380  0.854266  0.672618  0.828472  0.703124  0.850087  0.174104  0.706044 
6  0.829845  0.249620  0.182114  0.715398  0.634393  0.158309 0.0  0.170528  0.777244  0.596570  0.730312  0.152952  0.802555  0.634776  0.167161  0.738796  0.590125  0.174917  0.694463  0.547136  0.782107  0.806044  0.815343  0.239029  0.659127  0.676856  0.844274  0.737961  0.693360  0.846878  0.448851  0.165916  0.838591  0.444697  0.735894  0.692470  0.798531  0.697962  0.706311  0.784430  0.161089  0.949825  0.700755  0.757077  0.729617  0.613508  0.836622  0.850019  0.883495  0.810571  0.693705  0.756619  0.806590  0.913378  0.847449  0.819695  0.740825  0.792881  0.087584  0.647536 
7  0.906027  0.225885  0.199859  0.833873  0.542329  0.134009  0.170528 0.0  0.675934  0.542770  0.609107  0.209779  0.868011  0.710566  0.138473  0.838550  0.675088  0.216368  0.703272  0.618538  0.731229  0.784154  0.669586  0.224142  0.736900  0.856612  0.828461  0.859168  0.642022  0.730134  0.462481  0.234130  0.824433  0.456133  0.704009  0.678478  0.877391  0.832901  0.728447  0.810434  0.198272  0.855071  0.838985  0.797509  0.730394  0.586346  0.792645  0.902669  0.802146  0.776517  0.721370  0.784327  0.782252  0.841313  0.775332  0.833072  0.779857  0.842601  0.165427  0.823660 
8  0.588845  0.916492  0.875712  0.417771  0.563649  0.851731  0.777244  0.675934 0.0  0.532878  0.699293  0.832982  0.303732  0.436711  0.830141  0.838396  0.671979  0.760394  0.585226  0.558572  0.711671  0.178700  0.686367  0.736797  0.684070  0.602412  0.603258  0.542283  0.734727  0.226798  0.752419  0.917793  0.195938  0.697988  0.108384  0.756677  0.201387  0.604403  0.209519  0.350728  0.891054  0.310790  0.486748  0.528455  0.465688  0.764303  0.530986  0.570258  0.414860  0.556202  0.435390  0.610782  0.105908  0.476201  0.468714  0.431500  0.581702  0.207698  0.836458  0.476144 
9  0.514954  0.552235  0.482386  0.582801  0.541561  0.521193  0.596570  0.542770  0.532878 0.0  0.596500  0.572807  0.632726  0.548936  0.574861  0.531344  0.563979  0.627193  0.536244  0.559494  0.519219  0.505862  0.519000  0.658009  0.495636  0.560712  0.507654  0.604480  0.567149  0.637398  0.581606  0.558457  0.488441  0.543724  0.600521  0.502647  0.586526  0.540475  0.547783  0.565531  0.512660  0.537098  0.544174  0.460447  0.547783  0.543180  0.585497  0.561187  0.526588  0.614408  0.606777  0.462435  0.586878  0.589395  0.552665  0.567641  0.554367  0.601965  0.493611  0.587612 
10  0.681496  0.830669  0.680545  0.791505  0.582449  0.624830  0.730312  0.609107  0.699293  0.596500 0.0  0.697162  0.722328  0.723996  0.775924  0.647605  0.768810  0.712711  0.692125  0.576918  0.811775  0.682148  0.318717  0.608542  0.722480  0.646278  0.763820  0.570640  0.804413  0.621715  0.582528  0.760626  0.688244  0.690658  0.798021  0.667682  0.689077  0.625124  0.645578  0.733426  0.789666  0.663241  0.764273  0.683579  0.628025  0.628057  0.719480  0.782618  0.700237  0.712659  0.598503  0.690419  0.758955  0.616682  0.765650  0.731745  0.670888  0.741865  0.706989  0.714458 
11  0.684189  0.203131  0.087584  0.772931  0.456236  0.222931  0.152952  0.209779  0.832982  0.572807  0.697162 0.0  0.821061  0.743938  0.227273  0.720672  0.573778  0.087584  0.867368  0.591149  0.767470  0.779192  0.678356  0.197404  0.664324  0.957266  0.908605  0.863521  0.698270  0.805385  0.447706  0.137461  0.939914  0.442311  0.820964  0.563542  0.968188  0.793053  0.833814  0.780634  0.134993  0.701279  0.739357  0.841817  0.826341  0.653438  0.959552  0.741223  0.797331  0.814751  0.786173  0.762963  0.900896  0.797274  0.745235  0.751665  0.644040  0.733450  0.171564  0.748305 
12  0.442872  0.712311  0.717750  0.521489  0.560484  0.831366  0.802555  0.868011  0.303732  0.632726  0.722328  0.821061 0.0  0.358812  0.912340  0.859512  0.712133  0.896784  0.403915  0.556984  0.885754  0.261999  0.643008  0.809722  0.679584  0.459323  0.533433  0.518667  0.749692  0.298402  0.643650  0.802433  0.308924  0.819793  0.304295  0.682724  0.319900  0.450350  0.222973  0.305769  0.833251  0.286381  0.461319  0.501724  0.506837  0.708799  0.565656  0.551855  0.521489  0.404017  0.478102  0.735211  0.278926  0.556974  0.394389  0.460286  0.482703  0.309740  0.857366  0.407283 
13  0.453132  0.786441  0.763632  0.405329  0.504772  0.846653  0.634776  0.710566  0.436711  0.548936  0.723996  0.743938  0.358812 0.0  0.592330  0.747086  0.686839  0.838332  0.361561  0.598919  0.774112  0.417392  0.788372  0.728799  0.678473  0.508114  0.414207  0.490011  0.693798  0.514576  0.789236  0.671119  0.460953  0.900437  0.380343  0.615096  0.406014  0.525286  0.447739  0.468386  0.770342  0.424667  0.508507  0.450362  0.460159  0.800309  0.479668  0.454141  0.422652  0.426810  0.231548  0.769791  0.445800  0.420137  0.419743  0.437610  0.440280  0.438013  0.814050  0.717297 
14  0.703133  0.227987  0.194891  0.734851  0.568747  0.134838  0.167161  0.138473  0.830141  0.574861  0.775924  0.227273  0.912340  0.592330 0.0  0.801118  0.767371  0.218944  0.793028  0.543323  0.812759  0.731971  0.699433  0.228728  0.590216  0.838899  0.840001  0.981092  0.782949  0.874435  0.452832  0.200380  0.784003  0.418722  0.755463  0.724097  0.833120  0.834012  0.871415  0.790478  0.220416  0.837889  0.797794  0.937574  0.769214  0.714988  0.763295  1.000000  0.949394  0.825089  0.715741  0.770012  0.809538  0.836903  0.733681  0.777517  0.713489  0.854272  0.164311  0.659584 
15  0.741175  0.690922  0.710373  0.770315  0.532812  0.744253  0.738796  0.838550  0.838396  0.531344  0.647605  0.720672  0.859512  0.747086  0.801118 0.0  0.702573  0.885882  0.844142  0.551352  0.087584  0.792586  0.707408  0.805700  0.690935  0.760360  0.725819  0.731787  0.702739  0.962100  0.757251  0.849915  0.602432  0.702264  0.667476  0.671567  0.857362  0.744126  0.920369  0.700506  0.744082  0.840782  0.499126  0.589172  0.835917  0.776604  0.920502  0.794432  0.631514  0.566320  0.892783  0.218359  0.778866  0.673863  0.576963  0.594192  0.753914  0.710317  0.826784  0.346135 
16  0.718331  0.726718  0.620038  0.749001  0.559127  0.668831  0.590125  0.675088  0.671979  0.563979  0.768810  0.573778  0.712133  0.686839  0.767371  0.702573 0.0  0.611920  0.760841  0.521560  0.627010  0.701398  0.569840  0.680279  0.087584  0.566506  0.715969  0.759215  0.720281  0.740673  0.704330  0.754262  0.688680  0.721096  0.722171  0.728348  0.583929  0.698769  0.720320  0.602901  0.690835  0.775943  0.664926  0.709709  0.641957  0.728258  0.752477  0.647567  0.708263  0.675333  0.688371  0.723712  0.546410  0.681590  0.670962  0.762884  0.680821  0.731813  0.683842  0.769658 
17  0.749484  0.215703  0.087584  0.734909  0.647133  0.219075  0.174917  0.216368  0.760394  0.627193  0.712711  0.087584  0.896784  0.838332  0.218944  0.885882  0.611920 0.0  0.803735  0.527439  0.723748  0.933925  0.830279  0.237269  0.683350  0.832817  0.855727  0.694219  0.683041  0.684052  0.455376  0.142622  0.915328  0.489673  0.846908  0.582000  0.921159  0.789670  0.844271  0.838415  0.145384  0.795125  0.803674  0.939219  0.948025  0.689857  0.800004  0.793605  0.755152  0.659029  0.820869  0.867850  0.834709  0.803297  0.731010  0.730254  0.746506  0.837234  0.172067  0.743286 
18  0.373187  0.700187  0.889432  0.178534  0.554563  0.827598  0.694463  0.703272  0.585226  0.536244  0.692125  0.867368  0.403915  0.361561  0.793028  0.844142  0.760841  0.803735 0.0  0.645376  0.803863  0.459016  0.764189  0.830581  0.612232  0.385056  0.356504  0.188593  0.697089  0.484021  0.782651  0.813436  0.554097  0.808492  0.534097  0.679674  0.566971  0.331974  0.517401  0.451820  0.903388  0.450679  0.450891  0.380696  0.367648  0.793756  0.360977  0.311891  0.525459  0.452928  0.478822  0.789472  0.563651  0.128894  0.508871  0.425651  0.087584  0.594542  0.667485  0.763236 
19  0.527205  0.555278  0.503261  0.530941  0.573567  0.593267  0.547136  0.618538  0.558572  0.559494  0.576918  0.591149  0.556984  0.598919  0.543323  0.551352  0.521560  0.527439  0.645376 0.0  0.523544  0.469465  0.632450  0.535283  0.547767  0.519094  0.610908  0.454548  0.514354  0.535155  0.564424  0.511742  0.544864  0.596097  0.512428  0.585900  0.555702  0.600588  0.572481  0.530020  0.583370  0.463152  0.525922  0.476444  0.490707  0.555533  0.559279  0.537753  0.535783  0.552781  0.526125  0.584094  0.602178  0.643354  0.602492  0.510643  0.520175  0.573216  0.547001  0.593507 
20  0.740030  0.779948  0.929467  0.729379  0.534119  0.851004  0.782107  0.731229  0.711671  0.519219  0.811775  0.767470  0.885754  0.774112  0.812759  0.087584  0.627010  0.723748  0.803863  0.523544 0.0  0.915411  0.755101  0.807783  0.713833  0.848239  0.851574  0.903301  0.674987  0.823888  0.805168  0.923234  0.871587  0.728767  0.715442  0.598158  0.773323  0.845020  0.756329  0.746216  0.693547  0.762366  0.561025  0.655280  0.839447  0.752404  0.781667  0.857311  0.528126  0.519769  0.655582  0.230362  0.754660  0.824925  0.548394  0.586258  0.718728  0.854084  0.787580  0.366462 
21  0.618882  0.764066  0.759395  0.428318  0.562201  0.680157  0.806044  0.784154  0.178700  0.505862  0.682148  0.779192  0.261999  0.417392  0.731971  0.792586  0.701398  0.933925  0.459016  0.469465  0.915411 0.0  0.682500  0.709748  0.717739  0.543782  0.621869  0.605677  0.628338  0.219184  0.688402  0.705808  0.119007  0.846561  0.169106  0.688383  0.119130  0.576413  0.195267  0.314344  0.837896  0.319110  0.409463  0.615471  0.534098  0.660265  0.552336  0.574847  0.516481  0.467233  0.428091  0.757188  0.179686  0.534577  0.517644  0.408241  0.490003  0.116027  0.828145  0.395013 
22  0.734633  0.586049  0.751232  0.636082  0.673455  0.652154  0.815343  0.669586  0.686367  0.519000  0.318717  0.678356  0.643008  0.788372  0.699433  0.707408  0.569840  0.830279  0.764189  0.632450  0.755101  0.682500 0.0  0.733519  0.617559  0.700409  0.670658  0.696665  0.665510  0.613278  0.652227  0.737510  0.716949  0.726530  0.747400  0.695977  0.650045  0.743298  0.601728  0.720147  0.604051  0.714814  0.679108  0.733619  0.689874  0.760823  0.611865  0.754908  0.686226  0.900161  0.662692  0.794002  0.655936  0.668893  0.758549  0.777773  0.764438  0.620580  0.637881  0.620531 
23  0.767137  0.087584  0.208737  0.734528  0.527804  0.229995  0.239029  0.224142  0.736797  0.658009  0.608542  0.197404  0.809722  0.728799  0.228728  0.805700  0.680279  0.237269  0.830581  0.535283  0.807783  0.709748  0.733519 0.0  0.678830  0.644516  0.845239  0.687968  0.622025  0.615981  0.399648  0.231078  0.624831  0.390244  0.801125  0.664284  0.764136  0.730325  0.745557  0.795544  0.221298  0.780188  0.725088  0.765290  0.695112  0.740378  0.721854  0.821277  0.804431  0.795226  0.853573  0.652879  0.849747  0.773792  0.857515  0.785325  0.663587  0.746223  0.235630  0.761555 
24  0.718708  0.660189  0.594815  0.743240  0.566179  0.594782  0.659127  0.736900  0.684070  0.495636  0.722480  0.664324  0.679584  0.678473  0.590216  0.690935  0.087584  0.683350  0.612232  0.547767  0.713833  0.717739  0.617559  0.678830 0.0  0.789596  0.695754  0.858852  0.657501  0.674647  0.799098  0.756307  0.701628  0.823299  0.750268  0.634556  0.740784  0.683429  0.717693  0.589813  0.685707  0.705516  0.654461  0.677950  0.723782  0.779271  0.779742  0.711979  0.651889  0.661666  0.620461  0.705637  0.662315  0.737909  0.765321  0.665079  0.732229  0.757169  0.721751  0.726433 
25  0.087584  0.753508  0.893517  0.314000  0.475940  0.664184  0.676856  0.856612  0.602412  0.560712  0.646278  0.957266  0.459323  0.508114  0.838899  0.760360  0.566506  0.832817  0.385056  0.519094  0.848239  0.543782  0.700409  0.644516  0.789596 0.0  0.106255  0.321333  0.779791  0.499852  0.898938  0.850703  0.614255  0.836425  0.574393  0.819077  0.597280  0.401624  0.487314  0.533118  0.703287  0.520692  0.351784  0.152715  0.390916  0.796574  0.346379  0.165870  0.490513  0.454022  0.437648  0.721951  0.544943  0.407430  0.513731  0.443863  0.309171  0.561060  0.794506  0.669579 
26  0.107528  0.635875  0.798599  0.345937  0.596310  0.846763  0.844274  0.828461  0.603258  0.507654  0.763820  0.908605  0.533433  0.414207  0.840001  0.725819  0.715969  0.855727  0.356504  0.610908  0.851574  0.621869  0.670658  0.845239  0.695754  0.106255 0.0  0.337778  0.656684  0.606788  0.717067  0.806847  0.452754  0.818620  0.557922  0.691032  0.613070  0.352485  0.418707  0.530115  0.794417  0.486561  0.458248  0.173084  0.331341  0.676790  0.392357  0.182986  0.478172  0.368347  0.411914  0.811152  0.619383  0.337604  0.477762  0.376396  0.417820  0.595620  0.770691  0.860366 
27  0.426938  0.836234  0.855828  0.176054  0.496733  0.761408  0.737961  0.859168  0.542283  0.604480  0.570640  0.863521  0.518667  0.490011  0.981092  0.731787  0.759215  0.694219  0.188593  0.454548  0.903301  0.605677  0.696665  0.687968  0.858852  0.321333  0.337778 0.0  0.596436  0.490760  0.625072  0.866164  0.500569  0.785150  0.580873  0.749600  0.510437  0.377882  0.372085  0.548955  0.748572  0.598614  0.413925  0.306420  0.306599  0.726172  0.378654  0.384802  0.599044  0.510831  0.482510  0.805389  0.569400  0.168583  0.484376  0.435251  0.187558  0.520411  0.888855  0.706465 
28  0.753841  0.670827  0.654870  0.690198  0.559521  0.773328  0.693360  0.642022  0.734727  0.567149  0.804413  0.698270  0.749692  0.693798  0.782949  0.702739  0.720281  0.683041  0.697089  0.514354  0.674987  0.628338  0.665510  0.622025  0.657501  0.779791  0.656684  0.596436 0.0  0.764748  0.784289  0.629588  0.816267  0.689724  0.674578  0.303530  0.740641  0.667697  0.719086  0.750136  0.690214  0.784976  0.791900  0.652127  0.562979  0.314061  0.741821  0.667247  0.805867  0.711767  0.770888  0.736915  0.659948  0.659544  0.604281  0.679469  0.635703  0.718303  0.694781  0.641481 
29  0.528805  0.754483  0.759130  0.511916  0.579131  0.857837  0.846878  0.730134  0.226798  0.637398  0.621715  0.805385  0.298402  0.514576  0.874435  0.962100  0.740673  0.684052  0.484021  0.535155  0.823888  0.219184  0.613278  0.615981  0.674647  0.499852  0.606788  0.490760  0.764748 0.0  0.855244  0.864266  0.208154  0.731577  0.220561  0.733651  0.244449  0.549396  0.223681  0.362329  0.792717  0.339151  0.463528  0.563473  0.526768  0.645135  0.517242  0.532660  0.498213  0.492865  0.440614  0.871876  0.208896  0.579429  0.497008  0.465528  0.482504  0.241726  0.704992  0.462205 
30  0.698777  0.451479  0.490250  0.778299  0.565934  0.410782  0.448851  0.462481  0.752419  0.581606  0.582528  0.447706  0.643650  0.789236  0.452832  0.757251  0.704330  0.455376  0.782651  0.564424  0.805168  0.688402  0.652227  0.399648  0.799098  0.898938  0.717067  0.625072  0.784289  0.855244 0.0  0.388684  0.739077  0.225553  0.821045  0.723701  0.650849  0.725586  0.796590  0.850278  0.465416  0.712936  0.719426  0.777569  0.715744  0.658689  0.793804  0.769930  0.834419  0.684131  0.916527  0.753840  0.847248  0.800289  0.762260  0.862601  0.681686  0.820661  0.430970  0.705443 
31  0.784366  0.225370  0.143869  0.932469  0.605417  0.207658  0.165916  0.234130  0.917793  0.558457  0.760626  0.137461  0.802433  0.671119  0.200380  0.849915  0.754262  0.142622  0.813436  0.511742  0.923234  0.705808  0.737510  0.231078  0.756307  0.850703  0.806847  0.866164  0.629588  0.864266  0.388684 0.0  0.830625  0.405649  0.766817  0.749632  0.792282  0.729727  0.745224  0.751711  0.087584  0.769528  0.732989  0.831181  0.872766  0.754873  0.854239  0.800810  0.856871  0.843466  0.847259  0.773364  0.766183  0.950162  0.872953  0.905177  0.868498  0.814881  0.183653  0.827506 
32  0.526397  0.812290  0.815556  0.544727  0.582172  0.974777  0.838591  0.824433  0.195938  0.488441  0.688244  0.939914  0.308924  0.460953  0.784003  0.602432  0.688680  0.915328  0.554097  0.544864  0.871587  0.119007  0.716949  0.624831  0.701628  0.614255  0.452754  0.500569  0.816267  0.208154  0.739077  0.830625 0.0  0.791604  0.203894  0.751860  0.108956  0.602794  0.235408  0.336205  0.714700  0.295936  0.461319  0.466776  0.587996  0.753720  0.500626  0.568250  0.485275  0.495022  0.411494  0.669254  0.174330  0.541690  0.461251  0.417149  0.551103  0.111327  0.785724  0.479210 
33  0.674435  0.507256  0.467821  0.648700  0.468330  0.422859  0.444697  0.456133  0.697988  0.543724  0.690658  0.442311  0.819793  0.900437  0.418722  0.702264  0.721096  0.489673  0.808492  0.596097  0.728767  0.846561  0.726530  0.390244  0.823299  0.836425  0.818620  0.785150  0.689724  0.731577  0.225553  0.405649  0.791604 0.0  0.853821  0.659988  0.797410  0.783877  0.879060  0.687117  0.390883  0.747334  0.826751  0.693407  0.764884  0.697396  0.636547  0.743678  0.793403  0.611748  0.747897  0.642646  0.738442  0.690625  0.739933  0.777095  0.770608  0.819016  0.439003  0.612767 
34  0.600365  0.624940  0.760251  0.606775  0.497606  0.886622  0.735894  0.704009  0.108384  0.600521  0.798021  0.820964  0.304295  0.380343  0.755463  0.667476  0.722171  0.846908  0.534097  0.512428  0.715442  0.169106  0.747400  0.801125  0.750268  0.574393  0.557922  0.580873  0.674578  0.220561  0.821045  0.766817  0.203894  0.853821 0.0  0.710277  0.174599  0.550999  0.221635  0.317874  0.866540  0.281059  0.421401  0.498003  0.532289  0.631673  0.541995  0.585239  0.525445  0.459513  0.476580  0.715285  0.110587  0.601206  0.578765  0.469283  0.573616  0.182222  0.884796  0.498835 
35  0.769332  0.724551  0.694335  0.598282  0.555043  0.668608  0.692470  0.678478  0.756677  0.502647  0.667682  0.563542  0.682724  0.615096  0.724097  0.671567  0.728348  0.582000  0.679674  0.585900  0.598158  0.688383  0.695977  0.664284  0.634556  0.819077  0.691032  0.749600  0.303530  0.733651  0.723701  0.749632  0.751860  0.659988  0.710277 0.0  0.756473  0.686787  0.572292  0.638475  0.681430  0.640225  0.704338  0.710183  0.745710  0.317953  0.621387  0.688422  0.741896  0.703311  0.699617  0.691232  0.761120  0.722717  0.769885  0.699978  0.738030  0.727471  0.732075  0.683339 
36  0.546589  0.851706  0.732810  0.528822  0.596873  0.803940  0.798531  0.877391  0.201387  0.586526  0.689077  0.968188  0.319900  0.406014  0.833120  0.857362  0.583929  0.921159  0.566971  0.555702  0.773323  0.119130  0.650045  0.764136  0.740784  0.597280  0.613070  0.510437  0.740641  0.244449  0.650849  0.792282  0.108956  0.797410  0.174599  0.756473 0.0  0.537466  0.237460  0.376360  0.894982  0.281540  0.453808  0.577601  0.562500  0.756681  0.536372  0.588918  0.637041  0.538344  0.469019  0.845406  0.193160  0.449904  0.491112  0.446623  0.550687  0.087584  0.886964  0.453039 
37  0.393424  0.847492  0.891560  0.289396  0.466283  0.903658  0.697962  0.832901  0.604403  0.540475  0.625124  0.793053  0.450350  0.525286  0.834012  0.744126  0.698769  0.789670  0.331974  0.600588  0.845020  0.576413  0.743298  0.730325  0.683429  0.401624  0.352485  0.377882  0.667697  0.549396  0.725586  0.729727  0.602794  0.783877  0.550999  0.686787  0.537466 0.0  0.367192  0.564911  0.830252  0.493752  0.431447  0.377251  0.147882  0.628599  0.139055  0.342042  0.511183  0.507518  0.422763  0.787826  0.553313  0.366149  0.502990  0.456733  0.437584  0.554773  0.794462  0.656296 
38  0.389702  0.774463  0.795108  0.461422  0.594360  0.737816  0.706311  0.728447  0.209519  0.547783  0.645578  0.833814  0.222973  0.447739  0.871415  0.920369  0.720320  0.844271  0.517401  0.572481  0.756329  0.195267  0.601728  0.745557  0.717693  0.487314  0.418707  0.372085  0.719086  0.223681  0.796590  0.745224  0.235408  0.879060  0.221635  0.572292  0.237460  0.367192 0.0  0.233141  0.633559  0.237305  0.480859  0.459859  0.355174  0.664181  0.394192  0.450955  0.445329  0.444344  0.506306  0.804184  0.229009  0.441414  0.473927  0.448592  0.450817  0.241816  0.788054  0.439078 
39  0.565874  0.871062  0.802260  0.496979  0.628283  0.776268  0.784430  0.810434  0.350728  0.565531  0.733426  0.780634  0.305769  0.468386  0.790478  0.700506  0.602901  0.838415  0.451820  0.530020  0.746216  0.314344  0.720147  0.795544  0.589813  0.533118  0.530115  0.548955  0.750136  0.362329  0.850278  0.751711  0.336205  0.687117  0.317874  0.638475  0.376360  0.564911  0.233141 0.0  0.787234  0.087584  0.410120  0.490633  0.568199  0.676322  0.536027  0.557182  0.504581  0.493614  0.422941  0.807013  0.356688  0.438668  0.497865  0.435151  0.475312  0.338070  0.700117  0.495227 
40  0.844902  0.224962  0.128154  0.781503  0.563263  0.193162  0.161089  0.198272  0.891054  0.512660  0.789666  0.134993  0.833251  0.770342  0.220416  0.744082  0.690835  0.145384  0.903388  0.583370  0.693547  0.837896  0.604051  0.221298  0.685707  0.703287  0.794417  0.748572  0.690214  0.792717  0.465416  0.087584  0.714700  0.390883  0.866540  0.681430  0.894982  0.830252  0.633559  0.787234 0.0  0.879158  0.800223  0.807279  0.858220  0.667000  0.788282  0.765224  0.755695  0.748254  0.873251  0.733749  0.908350  0.748987  0.774455  0.658577  0.842044  0.661670  0.150004  0.722266 
41  0.512830  0.747013  0.626421  0.543290  0.598047  0.695308  0.949825  0.855071  0.310790  0.537098  0.663241  0.701279  0.286381  0.424667  0.837889  0.840782  0.775943  0.795125  0.450679  0.463152  0.762366  0.319110  0.714814  0.780188  0.705516  0.520692  0.486561  0.598614  0.784976  0.339151  0.712936  0.769528  0.295936  0.747334  0.281059  0.640225  0.281540  0.493752  0.237305  0.087584  0.879158 0.0  0.466663  0.537415  0.564939  0.724849  0.442641  0.520395  0.557151  0.472462  0.404976  0.761050  0.267022  0.506464  0.506344  0.432514  0.534879  0.317556  0.840430  0.377596 
42  0.441070  0.791060  0.637362  0.436085  0.604399  0.719258  0.700755  0.838985  0.486748  0.544174  0.764273  0.739357  0.461319  0.508507  0.797794  0.499126  0.664926  0.803674  0.450891  0.525922  0.561025  0.409463  0.679108  0.725088  0.654461  0.351784  0.458248  0.413925  0.791900  0.463528  0.719426  0.732989  0.461319  0.826751  0.421401  0.704338  0.453808  0.431447  0.480859  0.410120  0.800223  0.466663 0.0  0.492111  0.433327  0.674110  0.431362  0.451295  0.226939  0.203250  0.442673  0.545230  0.375931  0.404000  0.226342  0.212898  0.415232  0.459431  0.818567  0.707967 
43  0.168991  0.807448  0.928334  0.332187  0.567678  0.830536  0.757077  0.797509  0.528455  0.460447  0.683579  0.841817  0.501724  0.450362  0.937574  0.589172  0.709709  0.939219  0.380696  0.476444  0.655280  0.615471  0.733619  0.765290  0.677950  0.152715  0.173084  0.306420  0.652127  0.563473  0.777569  0.831181  0.466776  0.693407  0.498003  0.710183  0.577601  0.377251  0.459859  0.490633  0.807279  0.537415  0.492111 0.0  0.351526  0.626522  0.338535  0.123800  0.488551  0.470228  0.441803  0.784876  0.608627  0.334026  0.429913  0.463161  0.374140  0.546812  0.707034  0.736117 
44  0.316417  0.868027  0.769631  0.300289  0.529902  0.963824  0.729617  0.730394  0.465688  0.547783  0.628025  0.826341  0.506837  0.460159  0.769214  0.835917  0.641957  0.948025  0.367648  0.490707  0.839447  0.534098  0.689874  0.695112  0.723782  0.390916  0.331341  0.306599  0.562979  0.526768  0.715744  0.872766  0.587996  0.764884  0.532289  0.745710  0.562500  0.147882  0.355174  0.568199  0.858220  0.564939  0.433327  0.351526 0.0  0.655557  0.137206  0.377399  0.477695  0.483584  0.334891  0.779194  0.472168  0.378706  0.560713  0.390948  0.355642  0.567312  0.797569  0.856494 
45  0.718681  0.711626  0.811384  0.647528  0.619989  0.541549  0.613508  0.586346  0.764303  0.543180  0.628057  0.653438  0.708799  0.800309  0.714988  0.776604  0.728258  0.689857  0.793756  0.555533  0.752404  0.660265  0.760823  0.740378  0.779271  0.796574  0.676790  0.726172  0.314061  0.645135  0.658689  0.754873  0.753720  0.697396  0.631673  0.317953  0.756681  0.628599  0.664181  0.676322  0.667000  0.724849  0.674110  0.626522  0.655557 0.0  0.639355  0.725671  0.725809  0.675839  0.714469  0.634192  0.675599  0.626909  0.740814  0.754984  0.631801  0.717243  0.811772  0.762616 
46  0.341199  0.615799  0.730854  0.318345  0.590633  0.736824  0.836622  0.792645  0.530986  0.585497  0.719480  0.959552  0.565656  0.479668  0.763295  0.920502  0.752477  0.800004  0.360977  0.559279  0.781667  0.552336  0.611865  0.721854  0.779742  0.346379  0.392357  0.378654  0.741821  0.517242  0.793804  0.854239  0.500626  0.636547  0.541995  0.621387  0.536372  0.139055  0.394192  0.536027  0.788282  0.442641  0.431362  0.338535  0.137206  0.639355 0.0  0.391022  0.461719  0.461154  0.435039  0.765545  0.564916  0.328378  0.544826  0.478033  0.367025  0.484329  0.760164  0.704823 
47  0.170634  0.777478  0.780049  0.314916  0.600537  0.858149  0.850019  0.902669  0.570258  0.561187  0.782618  0.741223  0.551855  0.454141  1.000000  0.794432  0.647567  0.793605  0.311891  0.537753  0.857311  0.574847  0.754908  0.821277  0.711979  0.165870  0.182986  0.384802  0.667247  0.532660  0.769930  0.800810  0.568250  0.743678  0.585239  0.688422  0.588918  0.342042  0.450955  0.557182  0.765224  0.520395  0.451295  0.123800  0.377399  0.725671  0.391022 0.0  0.508106  0.491168  0.506699  0.726543  0.551126  0.385836  0.507165  0.465319  0.373201  0.480042  0.889086  0.565650 
48  0.466338  0.749681  0.667808  0.586793  0.565874  0.592112  0.883495  0.802146  0.414860  0.526588  0.700237  0.797331  0.521489  0.422652  0.949394  0.631514  0.708263  0.755152  0.525459  0.535783  0.528126  0.516481  0.686226  0.804431  0.651889  0.490513  0.478172  0.599044  0.805867  0.498213  0.834419  0.856871  0.485275  0.793403  0.525445  0.741896  0.637041  0.511183  0.445329  0.504581  0.755695  0.557151  0.226939  0.488551  0.477695  0.725809  0.461719  0.508106 0.0  0.163626  0.407357  0.514036  0.491883  0.492376  0.300074  0.216927  0.577625  0.490223  0.822594  0.696606 
49  0.440398  0.730922  0.836928  0.505518  0.552274  0.821314  0.810571  0.776517  0.556202  0.614408  0.712659  0.814751  0.404017  0.426810  0.825089  0.566320  0.675333  0.659029  0.452928  0.552781  0.519769  0.467233  0.900161  0.795226  0.661666  0.454022  0.368347  0.510831  0.711767  0.492865  0.684131  0.843466  0.495022  0.611748  0.459513  0.703311  0.538344  0.507518  0.444344  0.493614  0.748254  0.472462  0.203250  0.470228  0.483584  0.675839  0.461154  0.491168  0.163626 0.0  0.527672  0.547936  0.442655  0.533250  0.322222  0.218765  0.471679  0.454420  0.869640  0.800132 
50  0.464869  0.779009  0.825724  0.393265  0.574462  0.778456  0.693705  0.721370  0.435390  0.606777  0.598503  0.786173  0.478102  0.231548  0.715741  0.892783  0.688371  0.820869  0.478822  0.526125  0.655582  0.428091  0.662692  0.853573  0.620461  0.437648  0.411914  0.482510  0.770888  0.440614  0.916527  0.847259  0.411494  0.747897  0.476580  0.699617  0.469019  0.422763  0.506306  0.422941  0.873251  0.404976  0.442673  0.441803  0.334891  0.714469  0.435039  0.506699  0.407357  0.527672 0.0  0.624892  0.455410  0.476002  0.471479  0.445718  0.456611  0.490624  0.941459  0.764101 
51  0.842858  0.798414  0.870968  0.834987  0.565695  0.611627  0.756619  0.784327  0.610782  0.462435  0.690419  0.762963  0.735211  0.769791  0.770012  0.218359  0.723712  0.867850  0.789472  0.584094  0.230362  0.757188  0.794002  0.652879  0.705637  0.721951  0.811152  0.805389  0.736915  0.871876  0.753840  0.773364  0.669254  0.642646  0.715285  0.691232  0.845406  0.787826  0.804184  0.807013  0.733749  0.761050  0.545230  0.784876  0.779194  0.634192  0.765545  0.726543  0.514036  0.547936  0.624892 0.0  0.839918  0.715706  0.566034  0.574149  0.818286  0.751678  0.808136  0.330707 
52  0.596578  0.939632  0.838962  0.501622  0.570431  0.779380  0.806590  0.782252  0.105908  0.586878  0.758955  0.900896  0.278926  0.445800  0.809538  0.778866  0.546410  0.834709  0.563651  0.602178  0.754660  0.179686  0.655936  0.849747  0.662315  0.544943  0.619383  0.569400  0.659948  0.208896  0.847248  0.766183  0.174330  0.738442  0.110587  0.761120  0.193160  0.553313  0.229009  0.356688  0.908350  0.267022  0.375931  0.608627  0.472168  0.675599  0.564916  0.551126  0.491883  0.442655  0.455410  0.839918 0.0  0.582223  0.513408  0.461797  0.567151  0.176215  0.783295  0.481144 
53  0.309584  0.798426  0.765800  0.166553  0.534547  0.854266  0.913378  0.841313  0.476201  0.589395  0.616682  0.797274  0.556974  0.420137  0.836903  0.673863  0.681590  0.803297  0.128894  0.643354  0.824925  0.534577  0.668893  0.773792  0.737909  0.407430  0.337604  0.168583  0.659544  0.579429  0.800289  0.950162  0.541690  0.690625  0.601206  0.722717  0.449904  0.366149  0.441414  0.438668  0.748987  0.506464  0.404000  0.334026  0.378706  0.626909  0.328378  0.385836  0.492376  0.533250  0.476002  0.715706  0.582223 0.0  0.477397  0.555916  0.113421  0.589161  0.821952  0.814696 
54  0.450754  0.792509  0.805576  0.600953  0.596492  0.672618  0.847449  0.775332  0.468714  0.552665  0.765650  0.745235  0.394389  0.419743  0.733681  0.576963  0.670962  0.731010  0.508871  0.602492  0.548394  0.517644  0.758549  0.857515  0.765321  0.513731  0.477762  0.484376  0.604281  0.497008  0.762260  0.872953  0.461251  0.739933  0.578765  0.769885  0.491112  0.502990  0.473927  0.497865  0.774455  0.506344  0.226342  0.429913  0.560713  0.740814  0.544826  0.507165  0.300074  0.322222  0.471479  0.566034  0.513408  0.477397 0.0  0.200104  0.479039  0.449306  0.795558  0.790152 
55  0.429224  0.807457  0.784622  0.440805  0.567891  0.828472  0.819695  0.833072  0.431500  0.567641  0.731745  0.751665  0.460286  0.437610  0.777517  0.594192  0.762884  0.730254  0.425651  0.510643  0.586258  0.408241  0.777773  0.785325  0.665079  0.443863  0.376396  0.435251  0.679469  0.465528  0.862601  0.905177  0.417149  0.777095  0.469283  0.699978  0.446623  0.456733  0.448592  0.435151  0.658577  0.432514  0.212898  0.463161  0.390948  0.754984  0.478033  0.465319  0.216927  0.218765  0.445718  0.574149  0.461797  0.555916  0.200104 0.0  0.422238  0.444572  0.821407  0.730972 
56  0.385879  0.724892  0.794111  0.169641  0.633640  0.703124  0.740825  0.779857  0.581702  0.554367  0.670888  0.644040  0.482703  0.440280  0.713489  0.753914  0.680821  0.746506  0.087584  0.520175  0.718728  0.490003  0.764438  0.663587  0.732229  0.309171  0.417820  0.187558  0.635703  0.482504  0.681686  0.868498  0.551103  0.770608  0.573616  0.738030  0.550687  0.437584  0.450817  0.475312  0.842044  0.534879  0.415232  0.374140  0.355642  0.631801  0.367025  0.373201  0.577625  0.471679  0.456611  0.818286  0.567151  0.113421  0.479039  0.422238 0.0  0.504488  0.764858  0.644925 
57  0.592344  0.581620  0.790276  0.471074  0.513091  0.850087  0.792881  0.842601  0.207698  0.601965  0.741865  0.733450  0.309740  0.438013  0.854272  0.710317  0.731813  0.837234  0.594542  0.573216  0.854084  0.116027  0.620580  0.746223  0.757169  0.561060  0.595620  0.520411  0.718303  0.241726  0.820661  0.814881  0.111327  0.819016  0.182222  0.727471  0.087584  0.554773  0.241816  0.338070  0.661670  0.317556  0.459431  0.546812  0.567312  0.717243  0.484329  0.480042  0.490223  0.454420  0.490624  0.751678  0.176215  0.589161  0.449306  0.444572  0.504488 0.0  0.974167  0.430840 
58  0.790527  0.249830  0.165366  0.844424  0.525371  0.174104  0.087584  0.165427  0.836458  0.493611  0.706989  0.171564  0.857366  0.814050  0.164311  0.826784  0.683842  0.172067  0.667485  0.547001  0.787580  0.828145  0.637881  0.235630  0.721751  0.794506  0.770691  0.888855  0.694781  0.704992  0.430970  0.183653  0.785724  0.439003  0.884796  0.732075  0.886964  0.794462  0.788054  0.700117  0.150004  0.840430  0.818567  0.707034  0.797569  0.811772  0.760164  0.889086  0.822594  0.869640  0.941459  0.808136  0.783295  0.821952  0.795558  0.821407  0.764858  0.974167 0.0  0.642231 
59  0.624052  0.617389  0.734793  0.659677  0.657280  0.706044  0.647536  0.823660  0.476144  0.587612  0.714458  0.748305  0.407283  0.717297  0.659584  0.346135  0.769658  0.743286  0.763236  0.593507  0.366462  0.395013  0.620531  0.761555  0.726433  0.669579  0.860366  0.706465  0.641481  0.462205  0.705443  0.827506  0.479210  0.612767  0.498835  0.683339  0.453039  0.656296  0.439078  0.495227  0.722266  0.377596  0.707967  0.736117  0.856494  0.762616  0.704823  0.565650  0.696606  0.800132  0.764101  0.330707  0.481144  0.814696  0.790152  0.730972  0.644925  0.430840  0.642231 0.0 
