60
0 0.0  0.900079  0.870801  0.339158  0.593070  0.858031  0.807756  0.922615  0.689654  0.594736  0.772648  0.883590  0.500335  0.552151  0.930750  0.822347  0.765668  0.912231  0.464582  0.587031  0.760389  0.687537  0.778365  0.783080  0.759192  0.092097  0.105773  0.459536  0.733617  0.623899  0.803536  0.871085  0.575632  0.840122  0.545099  0.773416  0.701097  0.356458  0.498582  0.638387  1.000000  0.604019  0.488798  0.196536  0.347520  0.752873  0.276506  0.219365  0.560299  0.425205  0.494423  0.842628  0.692613  0.444696  0.622286  0.390679  0.402201  0.599347  0.940977  0.719020 
1  0.900079 0.0  0.309060  0.870783  0.520189  0.320123  0.259717  0.227778  0.880410  0.505907  0.663330  0.105082  0.874074  0.706963  0.203224  0.888855  0.700836  0.344914  0.850444  0.539872  0.751982  0.767696  0.895475  0.091449  0.711112  0.784266  0.831233  0.839635  0.647784  0.754719  0.505261  0.184601  0.785675  0.460335  0.898644  0.713129  0.836576  0.850146  0.813915  0.745958  0.248420  0.772041  0.818004  0.723091  0.951133  0.667603  0.854704  0.736329  0.848942  0.870734  0.831548  0.798605  0.773202  0.780823  0.770552  0.749543  0.895788  0.835228  0.291493  0.764514 
2  0.870801  0.309060 0.0  0.911579  0.583030  0.221886  0.182586  0.309728  0.920767  0.612224  0.777442  0.150227  0.910968  0.878213  0.220337  0.899254  0.803277  0.154600  0.922950  0.620454  0.832844  0.803035  0.801186  0.220550  0.721663  0.972960  0.886070  0.900528  0.767655  0.713268  0.401339  0.176818  0.945004  0.469732  0.834063  0.746432  0.911904  0.905097  0.848529  0.906566  0.267469  0.862922  0.744856  0.851316  0.973228  0.657513  0.745787  0.871056  0.861624  0.812998  0.833752  0.727252  0.976984  0.917407  0.798919  0.732523  0.923724  0.911874  0.153759  0.810372 
3  0.339158  0.870783  0.911579 0.0  0.600292  0.751595  0.836281  0.785047  0.531964  0.612952  0.671297  0.894325  0.497008  0.445843  0.764343  0.776195  0.748482  0.870856  0.102611  0.757744  0.778018  0.488073  0.755252  0.716006  0.726545  0.385795  0.396846  0.162498  0.797685  0.681801  0.849024  0.854341  0.601931  0.871500  0.603220  0.758083  0.587742  0.305112  0.572980  0.593207  0.856192  0.532096  0.420638  0.340893  0.331720  0.763870  0.285313  0.292975  0.642825  0.598271  0.534775  0.829902  0.542654  0.220546  0.638619  0.482151  0.186042  0.534077  0.822203  0.704897 
4  0.593070  0.520189  0.583030  0.600292 0.0  0.610323  0.539101  0.534820  0.659498  0.667055  0.605379  0.514524  0.628671  0.624235  0.635354  0.618327  0.495723  0.611574  0.638170  0.576640  0.577836  0.610904  0.595943  0.607327  0.621168  0.584908  0.606805  0.614854  0.556466  0.580853  0.555071  0.552040  0.656806  0.598674  0.621183  0.647398  0.661681  0.545657  0.544256  0.550114  0.541027  0.625987  0.628270  0.603624  0.561124  0.611836  0.583870  0.516938  0.647864  0.580487  0.551291  0.584260  0.518626  0.481730  0.587493  0.666226  0.510602  0.629187  0.570270  0.507645 
5  0.858031  0.320123  0.221886  0.751595  0.610323 0.0  0.217819  0.100408  0.840819  0.578399  0.648568  0.316881  0.907785  0.850678  0.187351  0.733824  0.837886  0.298594  0.939952  0.589874  0.896633  0.853435  0.792372  0.307592  0.749073  0.914942  0.840596  0.867217  0.769684  0.985438  0.451747  0.239722  0.868485  0.467431  0.995537  0.787113  0.860389  0.953760  0.842062  0.978677  0.158717  0.853167  0.771073  0.790394  0.865351  0.731636  0.829317  0.955275  0.869116  0.933937  0.762248  0.896001  0.991696  0.850467  0.855636  0.880469  0.917203  0.877134  0.108425  0.777813 
6  0.807756  0.259717  0.182586  0.836281  0.539101  0.217819 0.0  0.145983  0.855939  0.635980  0.797760  0.229653  0.888018  0.798872  0.184546  0.703942  0.667908  0.200094  0.876043  0.609757  0.835000  0.925892  0.610977  0.200487  0.711720  0.852437  0.855050  0.882293  0.847707  0.792801  0.559862  0.217003  0.861520  0.421485  0.776072  0.749795  0.833595  0.866878  0.852173  0.972690  0.115972  0.900367  0.843441  0.904311  0.816360  0.756343  0.916388  0.903009  0.955225  0.875895  0.700608  0.839650  0.804031  0.790024  0.800078  0.866424  0.844253  0.934486  0.074553  0.794342 
7  0.922615  0.227778  0.309728  0.785047  0.534820  0.100408  0.145983 0.0  0.883675  0.619772  0.644309  0.394439  0.850978  0.869540  0.204806  0.844526  0.737829  0.233741  0.872987  0.611618  0.769460  0.920646  0.759578  0.252937  0.763540  0.894825  0.896130  0.886126  0.680310  0.957117  0.491307  0.192098  0.912713  0.484638  0.983085  0.729140  0.813074  0.855862  0.808358  0.916495  0.254608  0.891238  0.824776  0.871103  0.891865  0.727827  0.820779  0.975199  0.956568  0.883207  0.870839  0.808721  0.918882  0.900798  0.920350  0.761413  0.933996  0.852912  0.174483  0.727973 
8  0.689654  0.880410  0.920767  0.531964  0.659498  0.840819  0.855939  0.883675 0.0  0.583809  0.713829  0.821864  0.319961  0.426224  0.850077  0.849217  0.715759  0.886443  0.696892  0.423436  0.823640  0.184080  0.730949  0.818438  0.745815  0.577067  0.662707  0.617739  0.688468  0.342308  0.825565  0.840903  0.223961  0.807060  0.122768  0.732684  0.107532  0.641081  0.238815  0.279590  0.876361  0.349730  0.466362  0.652531  0.574850  0.771616  0.496492  0.626319  0.589661  0.536011  0.571368  0.752716  0.074553  0.575747  0.552562  0.429960  0.595352  0.207643  0.846141  0.464183 
9  0.594736  0.505907  0.612224  0.612952  0.667055  0.578399  0.635980  0.619772  0.583809 0.0  0.522156  0.633991  0.562007  0.550745  0.650988  0.563544  0.629402  0.622207  0.545436  0.654715  0.538454  0.576875  0.529140  0.542902  0.577908  0.540474  0.537919  0.536480  0.609340  0.594692  0.622831  0.521601  0.525877  0.496426  0.572432  0.544364  0.607503  0.603083  0.581523  0.606298  0.490618  0.601620  0.538501  0.507974  0.527911  0.562699  0.567911  0.516448  0.717319  0.609959  0.560689  0.578558  0.533810  0.578978  0.610535  0.641627  0.613377  0.585784  0.605987  0.579509 
10  0.772648  0.663330  0.777442  0.671297  0.605379  0.648568  0.797760  0.644309  0.713829  0.522156 0.0  0.719947  0.637247  0.755120  0.747808  0.647128  0.716906  0.871627  0.718833  0.524712  0.796412  0.661121  0.341746  0.616517  0.743606  0.726979  0.832605  0.748024  0.768424  0.752974  0.745953  0.748369  0.734625  0.777348  0.731897  0.678541  0.703167  0.741535  0.665596  0.659752  0.680953  0.775974  0.757233  0.779044  0.811752  0.667427  0.762812  0.794228  0.787660  0.659692  0.755112  0.699032  0.828730  0.729540  0.721197  0.825670  0.755823  0.764183  0.721063  0.743059 
11  0.883590  0.105082  0.150227  0.894325  0.514524  0.316881  0.229653  0.394439  0.821864  0.633991  0.719947 0.0  0.755520  0.880141  0.239274  0.835042  0.823810  0.166375  0.932268  0.555256  0.890215  0.934975  0.758150  0.257810  0.802709  0.932315  0.853454  0.907122  0.803673  0.865882  0.551598  0.134399  0.833856  0.499411  0.917762  0.789474  0.806662  0.949459  0.886669  0.929810  0.162346  0.860387  0.722875  0.917864  0.920581  0.749515  0.841957  0.876959  0.865644  0.927034  0.772172  0.766655  0.826915  0.809615  0.895669  0.821398  0.778238  0.830832  0.150440  0.638249 
12  0.500335  0.874074  0.910968  0.497008  0.628671  0.907785  0.888018  0.850978  0.319961  0.562007  0.637247  0.755520 0.0  0.414024  0.878545  0.746819  0.742746  0.914606  0.528537  0.686865  0.847986  0.410969  0.768642  0.948392  0.839722  0.517649  0.547655  0.613215  0.799008  0.338842  0.856286  0.910960  0.300705  0.861029  0.288329  0.764700  0.339679  0.535682  0.284826  0.331891  0.812562  0.439894  0.461013  0.493014  0.488265  0.753385  0.583559  0.543964  0.499394  0.618118  0.442586  0.767585  0.255890  0.587141  0.544551  0.456569  0.604541  0.386773  0.942472  0.427211 
13  0.552151  0.706963  0.878213  0.445843  0.624235  0.850678  0.798872  0.869540  0.426224  0.550745  0.755120  0.880141  0.414024 0.0  0.829165  0.752466  0.766313  0.857383  0.533317  0.615323  0.824460  0.504409  0.819985  0.832758  0.670756  0.443378  0.531514  0.472508  0.746281  0.372843  0.796689  0.881355  0.512834  0.876166  0.515217  0.723184  0.476459  0.453730  0.500248  0.568011  0.799918  0.504085  0.428138  0.535025  0.524238  0.648181  0.428377  0.519338  0.398211  0.407141  0.238049  0.854856  0.393677  0.437391  0.423515  0.542053  0.489688  0.653518  0.780977  0.761541 
14  0.930750  0.203224  0.220337  0.764343  0.635354  0.187351  0.184546  0.204806  0.850077  0.650988  0.747808  0.239274  0.878545  0.829165 0.0  0.750725  0.788827  0.277793  0.979870  0.445448  0.882349  0.788744  0.713356  0.221232  0.728458  0.929423  0.851495  0.914060  0.748445  0.905809  0.469745  0.115116  0.862323  0.460643  0.894364  0.752692  0.872444  0.921882  0.867682  0.880548  0.237800  0.818909  0.872360  0.856504  0.870445  0.716698  0.906456  0.948571  0.884839  0.935573  0.906445  0.911558  0.921480  0.798773  0.842443  0.828992  0.883884  0.925814  0.206742  0.674650 
15  0.822347  0.888855  0.899254  0.776195  0.618327  0.733824  0.703942  0.844526  0.849217  0.563544  0.647128  0.835042  0.746819  0.752466  0.750725 0.0  0.830306  0.778530  0.695256  0.592874  0.120867  0.739887  0.799727  0.839177  0.727851  0.823240  0.860844  0.858253  0.709312  0.727960  0.819692  0.827442  0.671078  0.759724  0.986116  0.742372  0.822975  0.791821  0.904023  0.846571  0.804070  0.811741  0.570137  0.792924  0.825576  0.736541  0.807259  0.909961  0.533448  0.572410  0.810978  0.347979  0.929315  0.683265  0.594274  0.608284  0.836496  0.806248  0.846680  0.343042 
16  0.765668  0.700836  0.803277  0.748482  0.495723  0.837886  0.667908  0.737829  0.715759  0.629402  0.716906  0.823810  0.742746  0.766313  0.788827  0.830306 0.0  0.837008  0.707916  0.639816  0.687766  0.797208  0.784278  0.777186  0.074553  0.706176  0.725521  0.810082  0.762766  0.723886  0.803069  0.789367  0.802226  0.751337  0.864117  0.797371  0.811634  0.749204  0.677881  0.686918  0.823584  0.742860  0.729023  0.683947  0.817660  0.789659  0.729068  0.728591  0.734356  0.657259  0.780437  0.799296  0.797701  0.779472  0.683923  0.632194  0.674775  0.709251  0.800819  0.746378 
17  0.912231  0.344914  0.154600  0.870856  0.611574  0.298594  0.200094  0.233741  0.886443  0.622207  0.871627  0.166375  0.914606  0.857383  0.277793  0.778530  0.837008 0.0  0.880502  0.585121  0.912785  0.915153  0.823785  0.241563  0.733730  0.881496  0.883537  0.911935  0.807977  0.864540  0.467373  0.161053  0.949091  0.607981  0.924779  0.634561  0.909108  0.900615  0.754723  0.819464  0.146815  0.899219  0.840843  0.898584  0.866551  0.868471  0.901854  0.818288  0.756590  0.913211  0.748208  0.809147  0.898241  0.854270  0.870360  0.835753  0.830660  0.988272  0.239881  0.725009 
18  0.464582  0.850444  0.922950  0.102611  0.638170  0.939952  0.876043  0.872987  0.696892  0.545436  0.718833  0.932268  0.528537  0.533317  0.979870  0.695256  0.707916  0.880502 0.0  0.616421  0.845882  0.602081  0.654326  0.841968  0.734760  0.427751  0.391096  0.234938  0.744991  0.535512  0.799637  0.995549  0.651331  0.740348  0.620998  0.724507  0.571481  0.314903  0.339117  0.557700  0.875916  0.529893  0.476422  0.403551  0.406938  0.725015  0.351119  0.504097  0.601020  0.494763  0.426221  0.946184  0.523088  0.077470  0.498926  0.502322  0.094743  0.615714  0.896008  0.723097 
19  0.587031  0.539872  0.620454  0.757744  0.576640  0.589874  0.609757  0.611618  0.423436  0.654715  0.524712  0.555256  0.686865  0.615323  0.445448  0.592874  0.639816  0.585121  0.616421 0.0  0.546823  0.541300  0.589305  0.646244  0.599842  0.617122  0.641362  0.540846  0.629787  0.624868  0.567142  0.625807  0.615161  0.454043  0.603267  0.573266  0.582535  0.589981  0.479994  0.550546  0.572163  0.517465  0.540978  0.483030  0.519303  0.583443  0.531966  0.577732  0.576705  0.534504  0.522029  0.550565  0.656277  0.596055  0.556479  0.581095  0.621532  0.698796  0.492813  0.554503 
20  0.760389  0.751982  0.832844  0.778018  0.577836  0.896633  0.835000  0.769460  0.823640  0.538454  0.796412  0.890215  0.847986  0.824460  0.882349  0.120867  0.687766  0.912785  0.845882  0.546823 0.0  0.823644  0.746843  0.931080  0.635816  0.876410  0.881151  0.802595  0.755422  0.792130  0.816069  0.802836  0.769179  0.833337  0.809024  0.767072  0.795908  0.784932  0.783991  0.878880  0.768317  0.912021  0.581647  0.840265  0.714355  0.701137  0.784246  0.773729  0.630481  0.614661  0.753773  0.282819  0.882387  0.828144  0.513320  0.454301  0.823680  0.799486  0.859871  0.326403 
21  0.687537  0.767696  0.803035  0.488073  0.610904  0.853435  0.925892  0.920646  0.184080  0.576875  0.661121  0.934975  0.410969  0.504409  0.788744  0.739887  0.797208  0.915153  0.602081  0.541300  0.823644 0.0  0.746149  0.841512  0.732028  0.602133  0.674503  0.659514  0.802073  0.337094  0.846579  0.778747  0.074553  0.736899  0.171096  0.777675  0.116572  0.595334  0.230601  0.397646  0.958661  0.376612  0.535869  0.624063  0.574751  0.734405  0.670962  0.580687  0.542132  0.627807  0.487752  0.754414  0.175770  0.636604  0.607041  0.515999  0.582385  0.136506  0.838956  0.493875 
22  0.778365  0.895475  0.801186  0.755252  0.595943  0.792372  0.610977  0.759578  0.730949  0.529140  0.341746  0.758150  0.768642  0.819985  0.713356  0.799727  0.784278  0.823785  0.654326  0.589305  0.746843  0.746149 0.0  0.762708  0.761855  0.724148  0.621788  0.785996  0.740205  0.801396  0.680083  0.753795  0.739956  0.640060  0.747126  0.663822  0.696930  0.812429  0.709069  0.702534  0.775476  0.747159  0.675431  0.719442  0.652956  0.732493  0.740670  0.759955  0.765518  0.839220  0.702937  0.745407  0.724477  0.856509  0.755750  0.678358  0.726837  0.720491  0.814625  0.702928 
23  0.783080  0.091449  0.220550  0.716006  0.607327  0.307592  0.200487  0.252937  0.818438  0.542902  0.616517  0.257810  0.948392  0.832758  0.221232  0.839177  0.777186  0.241563  0.841968  0.646244  0.931080  0.841512  0.762708 0.0  0.720316  0.915629  0.801841  0.695588  0.796489  0.818980  0.477175  0.178402  0.840758  0.485999  0.760246  0.820518  0.828610  0.892684  0.858456  0.788389  0.239543  0.857928  0.847558  0.832681  0.789843  0.765931  0.858870  0.748068  0.810182  0.880017  0.802462  0.818230  0.812775  0.892870  0.764483  0.797326  0.865857  0.891892  0.212412  0.684128 
24  0.759192  0.711112  0.721663  0.726545  0.621168  0.749073  0.711720  0.763540  0.745815  0.577908  0.743606  0.802709  0.839722  0.670756  0.728458  0.727851  0.074553  0.733730  0.734760  0.599842  0.635816  0.732028  0.761855  0.720316 0.0  0.694298  0.726418  0.807274  0.760580  0.718582  0.774849  0.834937  0.659236  0.698487  0.746573  0.826092  0.792318  0.663119  0.775683  0.697207  0.751487  0.759258  0.812331  0.825694  0.689906  0.658498  0.709104  0.777072  0.727462  0.799872  0.766607  0.706049  0.689842  0.740900  0.801071  0.758044  0.754164  0.697840  0.884125  0.789778 
25  0.092097  0.784266  0.972960  0.385795  0.584908  0.914942  0.852437  0.894825  0.577067  0.540474  0.726979  0.932315  0.517649  0.443378  0.929423  0.823240  0.706176  0.881496  0.427751  0.617122  0.876410  0.602133  0.724148  0.915629  0.694298 0.0  0.075257  0.485908  0.774392  0.692338  0.876352  0.979724  0.690044  0.916398  0.689542  0.744024  0.687809  0.497680  0.396288  0.569477  0.968636  0.580001  0.458413  0.235720  0.349171  0.722663  0.403951  0.135065  0.499136  0.528527  0.467090  0.755353  0.725751  0.407984  0.600345  0.548629  0.441026  0.624565  0.880537  0.617253 
26  0.105773  0.831233  0.886070  0.396846  0.606805  0.840596  0.855050  0.896130  0.662707  0.537919  0.832605  0.853454  0.547655  0.531514  0.851495  0.860844  0.725521  0.883537  0.391096  0.641362  0.881151  0.674503  0.621788  0.801841  0.726418  0.075257 0.0  0.512095  0.843794  0.611341  0.820881  0.914144  0.600987  0.906009  0.616704  0.777264  0.597517  0.424662  0.553050  0.563653  0.935383  0.636811  0.398109  0.187293  0.335803  0.835137  0.333653  0.264171  0.533233  0.506866  0.456379  0.821922  0.680928  0.500380  0.450904  0.489724  0.377709  0.739218  0.899718  0.684822 
27  0.459536  0.839635  0.900528  0.162498  0.614854  0.867217  0.882293  0.886126  0.617739  0.536480  0.748024  0.907122  0.613215  0.472508  0.914060  0.858253  0.810082  0.911935  0.234938  0.540846  0.802595  0.659514  0.785996  0.695588  0.807274  0.485908  0.512095 0.0  0.748227  0.553135  0.831431  0.946544  0.579079  0.885164  0.701813  0.690167  0.618007  0.358962  0.487932  0.726500  0.929189  0.522868  0.422971  0.504198  0.319466  0.828584  0.462115  0.324327  0.540339  0.577156  0.396346  0.882800  0.550254  0.205506  0.460001  0.480000  0.212931  0.677168  0.893737  0.816754 
28  0.733617  0.647784  0.767655  0.797685  0.556466  0.769684  0.847707  0.680310  0.688468  0.609340  0.768424  0.803673  0.799008  0.746281  0.748445  0.709312  0.762766  0.807977  0.744991  0.629787  0.755422  0.802073  0.740205  0.796489  0.760580  0.774392  0.843794  0.748227 0.0  0.786634  0.823200  0.756496  0.743217  0.742561  0.854094  0.413574  0.797900  0.791557  0.752009  0.780633  0.656888  0.741064  0.831156  0.768441  0.756315  0.371194  0.794802  0.740243  0.790288  0.751357  0.770014  0.827893  0.793828  0.704811  0.695923  0.761039  0.691220  0.661788  0.777477  0.692788 
29  0.623899  0.754719  0.713268  0.681801  0.580853  0.985438  0.792801  0.957117  0.342308  0.594692  0.752974  0.865882  0.338842  0.372843  0.905809  0.727960  0.723886  0.864540  0.535512  0.624868  0.792130  0.337094  0.801396  0.818980  0.718582  0.692338  0.611341  0.553135  0.786634 0.0  0.750419  0.874103  0.268998  0.828908  0.272270  0.730093  0.309002  0.578311  0.217275  0.368175  0.893258  0.370404  0.405677  0.572652  0.548215  0.659797  0.622213  0.654530  0.669635  0.525993  0.518387  0.732465  0.208670  0.618931  0.498068  0.536013  0.604800  0.225402  0.875253  0.440694 
30  0.803536  0.505261  0.401339  0.849024  0.555071  0.451747  0.559862  0.491307  0.825565  0.622831  0.745953  0.551598  0.856286  0.796689  0.469745  0.819692  0.803069  0.467373  0.799637  0.567142  0.816069  0.846579  0.680083  0.477175  0.774849  0.876352  0.820881  0.831431  0.823200  0.750419 0.0  0.491808  0.783957  0.218305  0.791394  0.780925  0.692934  0.746486  0.776562  0.867201  0.444959  0.865025  0.757080  0.874458  0.858833  0.686848  0.929510  0.838568  0.798389  0.775113  0.871838  0.914274  0.820793  0.761442  0.845650  0.845330  0.791552  0.910733  0.534391  0.709491 
31  0.871085  0.184601  0.176818  0.854341  0.552040  0.239722  0.217003  0.192098  0.840903  0.521601  0.748369  0.134399  0.910960  0.881355  0.115116  0.827442  0.789367  0.161053  0.995549  0.625807  0.802836  0.778747  0.753795  0.178402  0.834937  0.979724  0.914144  0.946544  0.756496  0.874103  0.491808 0.0  0.882870  0.495674  0.902905  0.746826  0.966068  0.981905  0.814770  0.896698  0.115864  0.803623  0.822249  0.893441  0.829735  0.728365  0.878316  0.887402  0.779883  0.865985  0.860731  0.802590  0.908290  0.881372  0.820631  0.854533  0.944847  0.856518  0.193809  0.735186 
32  0.575632  0.785675  0.945004  0.601931  0.656806  0.868485  0.861520  0.912713  0.223961  0.525877  0.734625  0.833856  0.300705  0.512834  0.862323  0.671078  0.802226  0.949091  0.651331  0.615161  0.769179  0.074553  0.739956  0.840758  0.659236  0.690044  0.600987  0.579079  0.743217  0.268998  0.783957  0.882870 0.0  0.798137  0.194498  0.708809  0.074553  0.743145  0.202361  0.477473  0.842827  0.297529  0.604232  0.658439  0.677261  0.688065  0.586029  0.619653  0.587652  0.602253  0.497862  0.831403  0.249055  0.635969  0.599209  0.392864  0.712510  0.086646  0.876528  0.447014 
33  0.840122  0.460335  0.469732  0.871500  0.598674  0.467431  0.421485  0.484638  0.807060  0.496426  0.777348  0.499411  0.861029  0.876166  0.460643  0.759724  0.751337  0.607981  0.740348  0.454043  0.833337  0.736899  0.640060  0.485999  0.698487  0.916398  0.906009  0.885164  0.742561  0.828908  0.218305  0.495674  0.798137 0.0  0.723621  0.705466  0.801348  0.799029  0.854372  0.729018  0.442302  0.737549  0.884916  0.747286  0.868841  0.772520  0.826947  0.801456  0.850072  0.818724  0.890988  0.774987  0.826974  0.824493  0.884733  0.871298  0.734566  0.837458  0.427747  0.567534 
34  0.545099  0.898644  0.834063  0.603220  0.621183  0.995537  0.776072  0.983085  0.122768  0.572432  0.731897  0.917762  0.288329  0.515217  0.894364  0.986116  0.864117  0.924779  0.620998  0.603267  0.809024  0.171096  0.747126  0.760246  0.746573  0.689542  0.616704  0.701813  0.854094  0.272270  0.791394  0.902905  0.194498  0.723621 0.0  0.883719  0.246009  0.621648  0.207549  0.400956  0.969977  0.304309  0.536091  0.670930  0.526516  0.611831  0.635688  0.724271  0.607266  0.474034  0.409403  0.889326  0.093289  0.686678  0.564138  0.507544  0.695028  0.297591  0.883183  0.473693 
35  0.773416  0.713129  0.746432  0.758083  0.647398  0.787113  0.749795  0.729140  0.732684  0.544364  0.678541  0.789474  0.764700  0.723184  0.752692  0.742372  0.797371  0.634561  0.724507  0.573266  0.767072  0.777675  0.663822  0.820518  0.826092  0.744024  0.777264  0.690167  0.413574  0.730093  0.780925  0.746826  0.708809  0.705466  0.883719 0.0  0.643864  0.649141  0.664108  0.792622  0.779867  0.712461  0.714451  0.693060  0.733173  0.416542  0.722183  0.746658  0.768118  0.717075  0.789786  0.768890  0.718396  0.749075  0.712712  0.758450  0.661524  0.644945  0.683086  0.694806 
36  0.701097  0.836576  0.911904  0.587742  0.661681  0.860389  0.833595  0.813074  0.107532  0.607503  0.703167  0.806662  0.339679  0.476459  0.872444  0.822975  0.811634  0.909108  0.571481  0.582535  0.795908  0.116572  0.696930  0.828610  0.792318  0.687809  0.597517  0.618007  0.797900  0.309002  0.692934  0.966068  0.074553  0.801348  0.246009  0.643864 0.0  0.565248  0.244081  0.452596  0.956963  0.399536  0.488480  0.707481  0.580908  0.696527  0.597609  0.673731  0.452556  0.583963  0.467058  0.810517  0.255378  0.593423  0.555119  0.507612  0.531364  0.074553  0.998628  0.399090 
37  0.356458  0.850146  0.905097  0.305112  0.545657  0.953760  0.866878  0.855862  0.641081  0.603083  0.741535  0.949459  0.535682  0.453730  0.921882  0.791821  0.749204  0.900615  0.314903  0.589981  0.784932  0.595334  0.812429  0.892684  0.663119  0.497680  0.424662  0.358962  0.791557  0.578311  0.746486  0.981905  0.743145  0.799029  0.621648  0.649141  0.565248 0.0  0.545485  0.583792  0.819916  0.588979  0.523312  0.377688  0.074553  0.741467  0.150335  0.481645  0.450103  0.692391  0.519504  0.819005  0.581750  0.349824  0.544175  0.449401  0.502863  0.656468  0.891717  0.776509 
38  0.498582  0.813915  0.848529  0.572980  0.544256  0.842062  0.852173  0.808358  0.238815  0.581523  0.665596  0.886669  0.284826  0.500248  0.867682  0.904023  0.677881  0.754723  0.339117  0.479994  0.783991  0.230601  0.709069  0.858456  0.775683  0.396288  0.553050  0.487932  0.752009  0.217275  0.776562  0.814770  0.202361  0.854372  0.207549  0.664108  0.244081  0.545485 0.0  0.253877  0.849222  0.164934  0.446096  0.518054  0.447589  0.722030  0.512702  0.423949  0.466060  0.296669  0.535807  0.822871  0.251077  0.471437  0.449463  0.416398  0.383285  0.229248  0.890885  0.496638 
39  0.638387  0.745958  0.906566  0.593207  0.550114  0.978677  0.972690  0.916495  0.279590  0.606298  0.659752  0.929810  0.331891  0.568011  0.880548  0.846571  0.686918  0.819464  0.557700  0.550546  0.878880  0.397646  0.702534  0.788389  0.697207  0.569477  0.563653  0.726500  0.780633  0.368175  0.867201  0.896698  0.477473  0.729018  0.400956  0.792622  0.452596  0.583792  0.253877 0.0  0.830857  0.141535  0.483644  0.543249  0.647219  0.789133  0.558352  0.598331  0.586660  0.536215  0.519079  0.846039  0.408218  0.623604  0.549238  0.427563  0.557931  0.328814  0.926074  0.499130 
40  1.000000  0.248420  0.267469  0.856192  0.541027  0.158717  0.115972  0.254608  0.876361  0.490618  0.680953  0.162346  0.812562  0.799918  0.237800  0.804070  0.823584  0.146815  0.875916  0.572163  0.768317  0.958661  0.775476  0.239543  0.751487  0.968636  0.935383  0.929189  0.656888  0.893258  0.444959  0.115864  0.842827  0.442302  0.969977  0.779867  0.956963  0.819916  0.849222  0.830857 0.0  0.797948  0.758918  0.932874  0.792702  0.710638  0.932704  0.872308  0.862111  0.822531  0.823864  0.945100  0.942898  0.928260  0.879934  0.840318  0.828415  0.947274  0.248618  0.704947 
41  0.604019  0.772041  0.862922  0.532096  0.625987  0.853167  0.900367  0.891238  0.349730  0.601620  0.775974  0.860387  0.439894  0.504085  0.818909  0.811741  0.742860  0.899219  0.529893  0.517465  0.912021  0.376612  0.747159  0.857928  0.759258  0.580001  0.636811  0.522868  0.741064  0.370404  0.865025  0.803623  0.297529  0.737549  0.304309  0.712461  0.399536  0.588979  0.164934  0.141535  0.797948 0.0  0.453242  0.602457  0.412070  0.777300  0.516761  0.466985  0.496517  0.537193  0.523929  0.836054  0.336111  0.519959  0.568938  0.386384  0.442257  0.349117  0.822108  0.368437 
42  0.488798  0.818004  0.744856  0.420638  0.628270  0.771073  0.843441  0.824776  0.466362  0.538501  0.757233  0.722875  0.461013  0.428138  0.872360  0.570137  0.729023  0.840843  0.476422  0.540978  0.581647  0.535869  0.675431  0.847558  0.812331  0.458413  0.398109  0.422971  0.831156  0.405677  0.757080  0.822249  0.604232  0.884916  0.536091  0.714451  0.488480  0.523312  0.446096  0.483644  0.758918  0.453242 0.0  0.423795  0.516456  0.586446  0.524184  0.453955  0.219057  0.175015  0.588743  0.672137  0.511981  0.397837  0.230249  0.267897  0.438195  0.572890  0.863048  0.738262 
43  0.196536  0.723091  0.851316  0.340893  0.603624  0.790394  0.904311  0.871103  0.652531  0.507974  0.779044  0.917864  0.493014  0.535025  0.856504  0.792924  0.683947  0.898584  0.403551  0.483030  0.840265  0.624063  0.719442  0.832681  0.825694  0.235720  0.187293  0.504198  0.768441  0.572652  0.874458  0.893441  0.658439  0.747286  0.670930  0.693060  0.707481  0.377688  0.518054  0.543249  0.932874  0.602457  0.423795 0.0  0.446260  0.802349  0.406766  0.082264  0.614534  0.555694  0.424298  0.759158  0.648078  0.485816  0.517854  0.486934  0.453792  0.600941  0.861585  0.738258 
44  0.347520  0.951133  0.973228  0.331720  0.561124  0.865351  0.816360  0.891865  0.574850  0.527911  0.811752  0.920581  0.488265  0.524238  0.870445  0.825576  0.817660  0.866551  0.406938  0.519303  0.714355  0.574751  0.652956  0.789843  0.689906  0.349171  0.335803  0.319466  0.756315  0.548215  0.858833  0.829735  0.677261  0.868841  0.526516  0.733173  0.580908  0.074553  0.447589  0.647219  0.792702  0.412070  0.516456  0.446260 0.0  0.684112  0.179083  0.420370  0.666212  0.582213  0.438739  0.673770  0.638415  0.442564  0.605175  0.511905  0.402913  0.527774  0.857189  0.741533 
45  0.752873  0.667603  0.657513  0.763870  0.611836  0.731636  0.756343  0.727827  0.771616  0.562699  0.667427  0.749515  0.753385  0.648181  0.716698  0.736541  0.789659  0.868471  0.725015  0.583443  0.701137  0.734405  0.732493  0.765931  0.658498  0.722663  0.835137  0.828584  0.371194  0.659797  0.686848  0.728365  0.688065  0.772520  0.611831  0.416542  0.696527  0.741467  0.722030  0.789133  0.710638  0.777300  0.586446  0.802349  0.684112 0.0  0.811592  0.756723  0.734451  0.795384  0.709079  0.807690  0.778591  0.829109  0.656606  0.838176  0.733076  0.741664  0.660161  0.717745 
46  0.276506  0.854704  0.745787  0.285313  0.583870  0.829317  0.916388  0.820779  0.496492  0.567911  0.762812  0.841957  0.583559  0.428377  0.906456  0.807259  0.729068  0.901854  0.351119  0.531966  0.784246  0.670962  0.740670  0.858870  0.709104  0.403951  0.333653  0.462115  0.794802  0.622213  0.929510  0.878316  0.586029  0.826947  0.635688  0.722183  0.597609  0.150335  0.512702  0.558352  0.932704  0.516761  0.524184  0.406766  0.179083  0.811592 0.0  0.399298  0.571276  0.531636  0.416992  0.746329  0.567613  0.506937  0.537416  0.455884  0.393103  0.655638  0.925550  0.720141 
47  0.219365  0.736329  0.871056  0.292975  0.516938  0.955275  0.903009  0.975199  0.626319  0.516448  0.794228  0.876959  0.543964  0.519338  0.948571  0.909961  0.728591  0.818288  0.504097  0.577732  0.773729  0.580687  0.759955  0.748068  0.777072  0.135065  0.264171  0.324327  0.740243  0.654530  0.838568  0.887402  0.619653  0.801456  0.724271  0.746658  0.673731  0.481645  0.423949  0.598331  0.872308  0.466985  0.453955  0.082264  0.420370  0.756723  0.399298 0.0  0.547663  0.543179  0.449159  0.827178  0.621502  0.406760  0.536891  0.456431  0.406871  0.601027  0.816710  0.730307 
48  0.560299  0.848942  0.861624  0.642825  0.647864  0.869116  0.955225  0.956568  0.589661  0.717319  0.787660  0.865644  0.499394  0.398211  0.884839  0.533448  0.734356  0.756590  0.601020  0.576705  0.630481  0.542132  0.765518  0.810182  0.727462  0.499136  0.533233  0.540339  0.790288  0.669635  0.798389  0.779883  0.587652  0.850072  0.607266  0.768118  0.452556  0.450103  0.466060  0.586660  0.862111  0.496517  0.219057  0.614534  0.666212  0.734451  0.571276  0.547663 0.0  0.201872  0.483357  0.552981  0.484110  0.590279  0.317625  0.272601  0.519502  0.504690  0.794509  0.662997 
49  0.425205  0.870734  0.812998  0.598271  0.580487  0.933937  0.875895  0.883207  0.536011  0.609959  0.659692  0.927034  0.618118  0.407141  0.935573  0.572410  0.657259  0.913211  0.494763  0.534504  0.614661  0.627807  0.839220  0.880017  0.799872  0.528527  0.506866  0.577156  0.751357  0.525993  0.775113  0.865985  0.602253  0.818724  0.474034  0.717075  0.583963  0.692391  0.296669  0.536215  0.822531  0.537193  0.175015  0.555694  0.582213  0.795384  0.531636  0.543179  0.201872 0.0  0.523746  0.615560  0.603301  0.637189  0.327833  0.307917  0.495362  0.602371  0.806320  0.736256 
50  0.494423  0.831548  0.833752  0.534775  0.551291  0.762248  0.700608  0.870839  0.571368  0.560689  0.755112  0.772172  0.442586  0.238049  0.906445  0.810978  0.780437  0.748208  0.426221  0.522029  0.753773  0.487752  0.702937  0.802462  0.766607  0.467090  0.456379  0.396346  0.770014  0.518387  0.871838  0.860731  0.497862  0.890988  0.409403  0.789786  0.467058  0.519504  0.535807  0.519079  0.823864  0.523929  0.588743  0.424298  0.438739  0.709079  0.416992  0.449159  0.483357  0.523746 0.0  0.798243  0.483512  0.545936  0.455145  0.576210  0.475592  0.449447  0.860381  0.823458 
51  0.842628  0.798605  0.727252  0.829902  0.584260  0.896001  0.839650  0.808721  0.752716  0.578558  0.699032  0.766655  0.767585  0.854856  0.911558  0.347979  0.799296  0.809147  0.946184  0.550565  0.282819  0.754414  0.745407  0.818230  0.706049  0.755353  0.821922  0.882800  0.827893  0.732465  0.914274  0.802590  0.831403  0.774987  0.889326  0.768890  0.810517  0.819005  0.822871  0.846039  0.945100  0.836054  0.672137  0.759158  0.673770  0.807690  0.746329  0.827178  0.552981  0.615560  0.798243 0.0  0.780656  0.774287  0.561350  0.589926  0.657414  0.773813  0.673961  0.419427 
52  0.692613  0.773202  0.976984  0.542654  0.518626  0.991696  0.804031  0.918882  0.074553  0.533810  0.828730  0.826915  0.255890  0.393677  0.921480  0.929315  0.797701  0.898241  0.523088  0.656277  0.882387  0.175770  0.724477  0.812775  0.689842  0.725751  0.680928  0.550254  0.793828  0.208670  0.820793  0.908290  0.249055  0.826974  0.093289  0.718396  0.255378  0.581750  0.251077  0.408218  0.942898  0.336111  0.511981  0.648078  0.638415  0.778591  0.567613  0.621502  0.484110  0.603301  0.483512  0.780656 0.0  0.600514  0.674893  0.320376  0.613589  0.257044  0.853791  0.384013 
53  0.444696  0.780823  0.917407  0.220546  0.481730  0.850467  0.790024  0.900798  0.575747  0.578978  0.729540  0.809615  0.587141  0.437391  0.798773  0.683265  0.779472  0.854270  0.077470  0.596055  0.828144  0.636604  0.856509  0.892870  0.740900  0.407984  0.500380  0.205506  0.704811  0.618931  0.761442  0.881372  0.635969  0.824493  0.686678  0.749075  0.593423  0.349824  0.471437  0.623604  0.928260  0.519959  0.397837  0.485816  0.442564  0.829109  0.506937  0.406760  0.590279  0.637189  0.545936  0.774287  0.600514 0.0  0.526225  0.424836  0.074553  0.539638  0.958759  0.811158 
54  0.622286  0.770552  0.798919  0.638619  0.587493  0.855636  0.800078  0.920350  0.552562  0.610535  0.721197  0.895669  0.544551  0.423515  0.842443  0.594274  0.683923  0.870360  0.498926  0.556479  0.513320  0.607041  0.755750  0.764483  0.801071  0.600345  0.450904  0.460001  0.695923  0.498068  0.845650  0.820631  0.599209  0.884733  0.564138  0.712712  0.555119  0.544175  0.449463  0.549238  0.879934  0.568938  0.230249  0.517854  0.605175  0.656606  0.537416  0.536891  0.317625  0.327833  0.455145  0.561350  0.674893  0.526225 0.0  0.359812  0.664948  0.537011  0.849102  0.691709 
55  0.390679  0.749543  0.732523  0.482151  0.666226  0.880469  0.866424  0.761413  0.429960  0.641627  0.825670  0.821398  0.456569  0.542053  0.828992  0.608284  0.632194  0.835753  0.502322  0.581095  0.454301  0.515999  0.678358  0.797326  0.758044  0.548629  0.489724  0.480000  0.761039  0.536013  0.845330  0.854533  0.392864  0.871298  0.507544  0.758450  0.507612  0.449401  0.416398  0.427563  0.840318  0.386384  0.267897  0.486934  0.511905  0.838176  0.455884  0.456431  0.272601  0.307917  0.576210  0.589926  0.320376  0.424836  0.359812 0.0  0.512364  0.567091  0.802519  0.863709 
56  0.402201  0.895788  0.923724  0.186042  0.510602  0.917203  0.844253  0.933996  0.595352  0.613377  0.755823  0.778238  0.604541  0.489688  0.883884  0.836496  0.674775  0.830660  0.094743  0.621532  0.823680  0.582385  0.726837  0.865857  0.754164  0.441026  0.377709  0.212931  0.691220  0.604800  0.791552  0.944847  0.712510  0.734566  0.695028  0.661524  0.531364  0.502863  0.383285  0.557931  0.828415  0.442257  0.438195  0.453792  0.402913  0.733076  0.393103  0.406871  0.519502  0.495362  0.475592  0.657414  0.613589  0.074553  0.664948  0.512364 0.0  0.679958  0.837827  0.697151 
57  0.599347  0.835228  0.911874  0.534077  0.629187  0.877134  0.934486  0.852912  0.207643  0.585784  0.764183  0.830832  0.386773  0.653518  0.925814  0.806248  0.709251  0.988272  0.615714  0.698796  0.799486  0.136506  0.720491  0.891892  0.697840  0.624565  0.739218  0.677168  0.661788  0.225402  0.910733  0.856518  0.086646  0.837458  0.297591  0.644945  0.074553  0.656468  0.229248  0.328814  0.947274  0.349117  0.572890  0.600941  0.527774  0.741664  0.655638  0.601027  0.504690  0.602371  0.449447  0.773813  0.257044  0.539638  0.537011  0.567091  0.679958 0.0  0.878404  0.439727 
58  0.940977  0.291493  0.153759  0.822203  0.570270  0.108425  0.074553  0.174483  0.846141  0.605987  0.721063  0.150440  0.942472  0.780977  0.206742  0.846680  0.800819  0.239881  0.896008  0.492813  0.859871  0.838956  0.814625  0.212412  0.884125  0.880537  0.899718  0.893737  0.777477  0.875253  0.534391  0.193809  0.876528  0.427747  0.883183  0.683086  0.998628  0.891717  0.890885  0.926074  0.248618  0.822108  0.863048  0.861585  0.857189  0.660161  0.925550  0.816710  0.794509  0.806320  0.860381  0.673961  0.853791  0.958759  0.849102  0.802519  0.837827  0.878404 0.0  0.783405 
59  0.719020  0.764514  0.810372  0.704897  0.507645  0.777813  0.794342  0.727973  0.464183  0.579509  0.743059  0.638249  0.427211  0.761541  0.674650  0.343042  0.746378  0.725009  0.723097  0.554503  0.326403  0.493875  0.702928  0.684128  0.789778  0.617253  0.684822  0.816754  0.692788  0.440694  0.709491  0.735186  0.447014  0.567534  0.473693  0.694806  0.399090  0.776509  0.496638  0.499130  0.704947  0.368437  0.738262  0.738258  0.741533  0.717745  0.720141  0.730307  0.662997  0.736256  0.823458  0.419427  0.384013  0.811158  0.691709  0.863709  0.697151  0.439727  0.783405 0.0 
