60
0 0.0  0.782326  0.828969  0.276402  0.570287  0.799847  0.751577  0.846654  0.522382  0.526539  0.687384  0.875429  0.441485  0.380434  0.646244  0.759173  0.603147  0.864200  0.373551  0.502831  0.615283  0.570713  0.620833  0.856098  0.662361  0.077841  0.099543  0.251309  0.694711  0.531481  0.702417  0.815822  0.640698  0.751358  0.525092  0.567037  0.565445  0.368769  0.440366  0.519774  0.913556  0.406813  0.385897  0.158701  0.348369  0.598283  0.335444  0.162400  0.426798  0.548679  0.429043  0.878611  0.597173  0.362570  0.513874  0.422811  0.395821  0.525542  0.705275  0.741718 
1  0.782326 0.0  0.218630  0.711163  0.540541  0.216028  0.225810  0.200477  0.789777  0.510288  0.680574  0.214801  0.789042  0.626304  0.209697  0.687283  0.700236  0.211571  0.768055  0.545012  0.661166  0.831179  0.714954  0.077841  0.697875  0.756359  0.736660  0.716556  0.653788  0.724948  0.437192  0.215233  0.671558  0.442873  0.720762  0.721294  0.757778  0.741161  0.738064  0.771751  0.204683  0.790865  0.830603  0.642807  0.868501  0.782614  0.808207  0.658684  0.695708  0.760878  0.758826  0.741757  0.803364  0.611580  0.685809  0.657099  0.766168  0.735839  0.197992  0.805171 
2  0.828969  0.218630 0.0  0.806321  0.470592  0.197447  0.171364  0.221243  0.838861  0.518573  0.753416  0.077841  0.912522  0.786740  0.206510  0.645985  0.720939  0.077841  0.922183  0.474127  0.722415  0.780229  0.611559  0.197256  0.547675  0.673098  0.736877  0.781339  0.695231  0.740434  0.431366  0.121286  0.727689  0.445131  0.831044  0.635017  0.930657  0.724098  0.746555  0.979202  0.132165  0.713614  0.877067  0.828633  0.831099  0.745106  0.764643  0.769402  0.794569  0.812790  0.786532  0.736943  0.756630  0.686238  0.646467  0.741074  0.782578  0.756786  0.151223  0.631783 
3  0.276402  0.711163  0.806321 0.0  0.544768  1.000000  0.807861  0.826614  0.495410  0.539532  0.675492  0.729573  0.417267  0.445652  0.733700  0.683643  0.680508  0.735449  0.156726  0.595386  0.654716  0.532431  0.754111  0.706279  0.625737  0.305153  0.296250  0.137474  0.719992  0.543001  0.694649  0.712279  0.509284  0.672270  0.463871  0.646245  0.535279  0.322444  0.402114  0.484174  0.670826  0.537410  0.431500  0.293763  0.293037  0.651623  0.288393  0.299277  0.474383  0.475079  0.430421  0.857523  0.497004  0.163958  0.486985  0.380827  0.154661  0.512745  0.755822  0.642124 
4  0.570287  0.540541  0.470592  0.544768 0.0  0.562735  0.516355  0.591501  0.513689  0.489784  0.476149  0.540455  0.578188  0.578240  0.521435  0.455434  0.592937  0.487716  0.557523  0.557549  0.573624  0.487149  0.565626  0.553072  0.524291  0.486953  0.547200  0.621419  0.575132  0.550732  0.612559  0.524459  0.549127  0.545781  0.503889  0.539353  0.520917  0.508170  0.408035  0.547408  0.531347  0.576764  0.602477  0.498796  0.519901  0.513893  0.551007  0.484554  0.490317  0.494027  0.537054  0.541550  0.542160  0.544694  0.560885  0.534751  0.524561  0.575834  0.633189  0.533697 
5  0.799847  0.216028  0.197447  1.000000  0.562735 0.0  0.161597  0.125074  0.722083  0.545575  0.680210  0.207109  0.840523  0.776003  0.128321  0.779597  0.614994  0.228364  0.745794  0.521807  0.707016  0.920405  0.747016  0.198499  0.626454  0.698749  0.744068  0.917539  0.674293  0.812652  0.440255  0.207001  0.832504  0.427167  0.792970  0.672311  0.750156  0.795025  0.748602  0.915635  0.209270  0.717515  0.867576  0.794229  0.794902  0.717994  0.818069  0.831684  0.824449  0.785033  0.725576  0.819473  0.703795  0.847063  0.844225  0.773457  0.747366  0.783542  0.164460  0.696411 
6  0.751577  0.225810  0.171364  0.807861  0.516355  0.161597 0.0  0.171810  0.903719  0.570671  0.764874  0.148252  0.798287  0.750153  0.157738  0.849325  0.686904  0.164215  0.811691  0.584399  0.813972  0.757623  0.650872  0.193301  0.692171  0.718042  0.790592  0.662191  0.618169  0.820276  0.423700  0.153843  0.897260  0.395158  0.774182  0.669982  0.814593  0.797695  0.791038  0.671683  0.165456  0.637585  0.761666  0.839009  0.696409  0.717565  0.717790  0.743747  0.847597  0.634424  0.603281  0.764558  0.779427  0.760057  0.686281  0.742998  0.704297  0.729173  0.077841  0.803282 
7  0.846654  0.200477  0.221243  0.826614  0.591501  0.125074  0.171810 0.0  0.749484  0.540109  0.646338  0.200026  0.742658  0.692890  0.132434  0.725831  0.658300  0.215734  0.761588  0.630864  0.682685  0.875985  0.627091  0.239041  0.645793  0.871741  0.755800  0.824669  0.677065  0.739694  0.440431  0.225645  0.955111  0.457114  0.924637  0.761090  0.864323  0.849501  0.744266  0.735344  0.209607  0.867267  0.745082  0.735036  0.800059  0.592370  0.793902  0.765600  0.837231  0.771282  0.714762  0.708890  0.739757  0.793333  0.732366  0.782073  0.760803  0.680913  0.146523  0.762821 
8  0.522382  0.789777  0.838861  0.495410  0.513689  0.722083  0.903719  0.749484 0.0  0.464502  0.742691  0.833684  0.311837  0.430487  0.761729  0.851585  0.645507  0.732195  0.543199  0.509488  0.858918  0.162918  0.691264  0.819955  0.560145  0.540421  0.622260  0.492299  0.700076  0.215227  0.702091  0.759409  0.182883  0.703410  0.096806  0.587046  0.195665  0.475992  0.241033  0.341922  0.706262  0.279640  0.428962  0.630495  0.433371  0.737594  0.479726  0.562963  0.451857  0.441762  0.466788  0.667116  0.098754  0.533630  0.500279  0.418374  0.541021  0.179529  0.696843  0.479074 
9  0.526539  0.510288  0.518573  0.539532  0.489784  0.545575  0.570671  0.540109  0.464502 0.0  0.564400  0.527188  0.545274  0.627001  0.512429  0.541673  0.455894  0.479359  0.459312  0.533778  0.497688  0.549903  0.597415  0.487991  0.545911  0.540545  0.476413  0.545671  0.595356  0.495493  0.495902  0.459772  0.503588  0.521310  0.490819  0.515235  0.475378  0.585912  0.494399  0.607844  0.567066  0.559050  0.514986  0.543707  0.519845  0.463167  0.531841  0.573020  0.476641  0.568886  0.522893  0.508382  0.513497  0.552061  0.463271  0.502087  0.548057  0.585902  0.418387  0.576002 
10  0.687384  0.680574  0.753416  0.675492  0.476149  0.680210  0.764874  0.646338  0.742691  0.564400 0.0  0.696618  0.713684  0.720785  0.699760  0.716814  0.591643  0.732459  0.609986  0.526687  0.675978  0.795424  0.302990  0.704151  0.636887  0.703254  0.727232  0.644167  0.662372  0.598915  0.630989  0.775491  0.666365  0.587905  0.712896  0.678574  0.703212  0.687744  0.727147  0.580820  0.616485  0.652389  0.609950  0.699353  0.652189  0.814109  0.722195  0.644745  0.744965  0.644624  0.768115  0.678296  0.638256  0.685900  0.557483  0.661548  0.651417  0.622337  0.714999  0.677389 
11  0.875429  0.214801  0.077841  0.729573  0.540455  0.207109  0.148252  0.200026  0.833684  0.527188  0.696618 0.0  0.920686  0.777696  0.191067  0.614833  0.732326  0.077841  0.717817  0.548960  0.708741  0.821460  0.583086  0.210883  0.707901  0.743215  0.742090  0.815619  0.626938  0.886508  0.425231  0.123299  0.742009  0.414951  0.630379  0.779771  0.762629  0.897199  0.842084  0.826412  0.128991  0.688995  0.863151  0.797249  0.821036  0.695771  0.926217  0.824876  0.813210  0.886337  0.801616  0.649418  0.738933  0.913445  0.687896  0.736461  0.687042  0.833919  0.167956  0.753077 
12  0.441485  0.789042  0.912522  0.417267  0.578188  0.840523  0.798287  0.742658  0.311837  0.545274  0.713684  0.920686 0.0  0.458730  0.801585  0.753318  0.689367  0.901573  0.540775  0.516181  0.788397  0.330393  0.667167  0.752395  0.690935  0.472041  0.473646  0.551249  0.701302  0.282583  0.674301  0.814770  0.318481  0.639889  0.303038  0.605384  0.323936  0.427478  0.209078  0.318449  0.920577  0.303567  0.413334  0.441248  0.532590  0.716997  0.426843  0.490472  0.438284  0.458476  0.337179  0.631413  0.330058  0.478915  0.486468  0.455328  0.492927  0.293072  0.819845  0.429575 
13  0.380434  0.626304  0.786740  0.445652  0.578240  0.776003  0.750153  0.692890  0.430487  0.627001  0.720785  0.777696  0.458730 0.0  0.705644  0.741446  0.726952  0.778048  0.420596  0.499144  0.687509  0.430811  0.715373  0.656646  0.685907  0.376662  0.398277  0.404378  0.836013  0.379235  0.691530  0.819271  0.385561  0.703393  0.381159  0.714122  0.388478  0.418823  0.446097  0.441400  0.734917  0.429592  0.420737  0.403002  0.383100  0.659270  0.415227  0.469727  0.431715  0.428974  0.215246  0.665842  0.419657  0.363091  0.371235  0.410767  0.436827  0.372880  0.794153  0.775399 
14  0.646244  0.209697  0.206510  0.733700  0.521435  0.128321  0.157738  0.132434  0.761729  0.512429  0.699760  0.191067  0.801585  0.705644 0.0  0.722513  0.761176  0.210417  0.908074  0.557011  0.786119  0.813590  0.683316  0.230805  0.729018  0.871578  0.700931  0.958562  0.643786  0.820159  0.472784  0.224196  0.921004  0.406733  0.920226  0.613834  0.773811  0.691259  0.777105  0.844571  0.191462  0.788392  0.732881  0.725429  0.761391  0.635314  0.704276  0.793233  0.787410  0.662928  0.751957  0.903223  0.701689  0.767630  0.637076  0.726036  0.671800  0.781742  0.151361  0.679935 
15  0.759173  0.687283  0.645985  0.683643  0.455434  0.779597  0.849325  0.725831  0.851585  0.541673  0.716814  0.614833  0.753318  0.741446  0.722513 0.0  0.728779  0.816121  0.647681  0.493217  0.077841  0.675911  0.678130  0.757243  0.721782  0.736421  0.774214  0.766512  0.695714  0.646722  0.825330  0.696045  0.803237  0.692502  0.690285  0.693044  0.770412  0.726479  0.794143  0.800036  0.624661  0.775577  0.662043  0.771760  0.761401  0.634446  0.736848  0.908312  0.554396  0.537584  0.783140  0.225581  0.712214  0.828482  0.499439  0.498273  0.802803  0.770826  0.888531  0.379534 
16  0.603147  0.700236  0.720939  0.680508  0.592937  0.614994  0.686904  0.658300  0.645507  0.455894  0.591643  0.732326  0.689367  0.726952  0.761176  0.728779 0.0  0.640903  0.588306  0.594970  0.774506  0.779459  0.709844  0.619083  0.077841  0.634561  0.666214  0.711208  0.642657  0.796610  0.765225  0.541322  0.794947  0.735977  0.645163  0.631939  0.655480  0.660665  0.663151  0.753894  0.701875  0.694700  0.659583  0.676902  0.702178  0.694414  0.722120  0.690294  0.664561  0.731236  0.597501  0.662081  0.771930  0.651482  0.630250  0.592604  0.694638  0.607745  0.834410  0.748445 
17  0.864200  0.211571  0.077841  0.735449  0.487716  0.228364  0.164215  0.215734  0.732195  0.479359  0.732459  0.077841  0.901573  0.778048  0.210417  0.816121  0.640903 0.0  0.795620  0.567282  0.692349  0.731074  0.752535  0.201102  0.575164  0.747165  0.840816  0.761868  0.637737  0.836802  0.374955  0.137700  0.697467  0.451625  0.809818  0.678147  0.888521  0.754843  0.835257  0.736588  0.128521  0.675462  0.660406  0.874480  0.782182  0.738882  0.864667  0.939128  0.812036  0.804593  0.763755  0.683158  0.713746  0.731970  0.729903  0.664770  0.750766  0.739339  0.169096  0.658537 
18  0.373551  0.768055  0.922183  0.156726  0.557523  0.745794  0.811691  0.761588  0.543199  0.459312  0.609986  0.717817  0.540775  0.420596  0.908074  0.647681  0.588306  0.795620 0.0  0.515008  0.717811  0.495204  0.644963  0.634315  0.731670  0.301120  0.341394  0.162597  0.574612  0.520716  0.632134  0.785246  0.495056  0.713817  0.492593  0.548792  0.519107  0.309474  0.428712  0.480714  0.768253  0.489897  0.432086  0.327841  0.328004  0.752404  0.323016  0.313940  0.454631  0.462094  0.403425  0.691479  0.558028  0.113947  0.482692  0.426790  0.077841  0.611351  0.790187  0.633517 
19  0.502831  0.545012  0.474127  0.595386  0.557549  0.521807  0.584399  0.630864  0.509488  0.533778  0.526687  0.548960  0.516181  0.499144  0.557011  0.493217  0.594970  0.567282  0.515008 0.0  0.586285  0.522910  0.659971  0.462896  0.594243  0.478098  0.507420  0.515705  0.503634  0.595761  0.569587  0.445400  0.512493  0.458000  0.551136  0.442090  0.560508  0.511594  0.550962  0.532471  0.516178  0.560435  0.503775  0.504834  0.484237  0.473687  0.474801  0.475898  0.495444  0.611662  0.526445  0.519735  0.531601  0.571520  0.516234  0.502926  0.549049  0.610326  0.566176  0.559683 
20  0.615283  0.661166  0.722415  0.654716  0.573624  0.707016  0.813972  0.682685  0.858918  0.497688  0.675978  0.708741  0.788397  0.687509  0.786119  0.077841  0.774506  0.692349  0.717811  0.586285 0.0  0.854968  0.725170  0.756749  0.683352  0.690361  0.759384  0.782153  0.609000  0.803964  0.680276  0.775634  0.662443  0.737700  0.776564  0.638466  0.639759  0.658675  0.696164  0.721463  0.646213  0.732906  0.536675  0.658396  0.686082  0.636676  0.678704  0.842054  0.488216  0.563468  0.748300  0.187821  0.672101  0.747865  0.533739  0.540737  0.748442  0.733887  0.911691  0.310120 
21  0.570713  0.831179  0.780229  0.532431  0.487149  0.920405  0.757623  0.875985  0.162918  0.549903  0.795424  0.821460  0.330393  0.430811  0.813590  0.675911  0.779459  0.731074  0.495204  0.522910  0.854968 0.0  0.820806  0.702376  0.655020  0.564386  0.557393  0.566869  0.747848  0.204193  0.748283  0.858306  0.102711  0.738293  0.151003  0.638002  0.109303  0.522541  0.216535  0.327097  0.892310  0.286490  0.420089  0.584538  0.474152  0.784032  0.429781  0.530415  0.500889  0.505352  0.458873  0.729734  0.151217  0.537512  0.490682  0.446683  0.527246  0.103781  0.734108  0.464108 
22  0.620833  0.714954  0.611559  0.754111  0.565626  0.747016  0.650872  0.627091  0.691264  0.597415  0.302990  0.583086  0.667167  0.715373  0.683316  0.678130  0.709844  0.752535  0.644963  0.659971  0.725170  0.820806 0.0  0.731569  0.698399  0.719631  0.565956  0.660775  0.573339  0.521706  0.620309  0.638793  0.711338  0.575930  0.630634  0.730298  0.703620  0.682397  0.668299  0.616885  0.724849  0.739470  0.696997  0.616399  0.713145  0.745526  0.552173  0.664613  0.823298  0.626038  0.649986  0.702970  0.600794  0.578563  0.571628  0.746765  0.552931  0.750651  0.786092  0.674315 
23  0.856098  0.077841  0.197256  0.706279  0.553072  0.198499  0.193301  0.239041  0.819955  0.487991  0.704151  0.210883  0.752395  0.656646  0.230805  0.757243  0.619083  0.201102  0.634315  0.462896  0.756749  0.702376  0.731569 0.0  0.639829  0.673783  0.727621  0.740905  0.560439  0.704430  0.388183  0.232997  0.725986  0.386529  0.737075  0.753724  0.827261  0.755710  0.687969  0.890622  0.226217  0.747826  0.711505  0.714881  0.771826  0.585896  0.699603  0.750572  0.760784  0.842222  0.790247  0.702594  0.798449  0.751140  0.762542  0.782850  0.808239  0.699709  0.199580  0.817333 
24  0.662361  0.697875  0.547675  0.625737  0.524291  0.626454  0.692171  0.645793  0.560145  0.545911  0.636887  0.707901  0.690935  0.685907  0.729018  0.721782  0.077841  0.575164  0.731670  0.594243  0.683352  0.655020  0.698399  0.639829 0.0  0.699709  0.803882  0.722346  0.676297  0.686509  0.745669  0.731848  0.733688  0.686165  0.593411  0.704788  0.699377  0.593331  0.522837  0.751764  0.835486  0.555548  0.710503  0.687455  0.678162  0.596726  0.609403  0.700292  0.601839  0.646199  0.588190  0.534134  0.740433  0.595245  0.589119  0.586314  0.716029  0.856819  0.736724  0.714808 
25  0.077841  0.756359  0.673098  0.305153  0.486953  0.698749  0.718042  0.871741  0.540421  0.540545  0.703254  0.743215  0.472041  0.376662  0.871578  0.736421  0.634561  0.747165  0.301120  0.478098  0.690361  0.564386  0.719631  0.673783  0.699709 0.0  0.100161  0.338928  0.627389  0.496626  0.757193  0.829119  0.570963  0.743049  0.553798  0.672068  0.530831  0.365117  0.419325  0.567990  0.836082  0.487463  0.397074  0.161231  0.302270  0.745844  0.366343  0.139424  0.438436  0.444803  0.430204  0.732366  0.536446  0.366713  0.525705  0.406115  0.351877  0.525513  0.799735  0.680384 
26  0.099543  0.736660  0.736877  0.296250  0.547200  0.744068  0.790592  0.755800  0.622260  0.476413  0.727232  0.742090  0.473646  0.398277  0.700931  0.774214  0.666214  0.840816  0.341394  0.507420  0.759384  0.557393  0.565956  0.727621  0.803882  0.100161 0.0  0.369881  0.783749  0.607222  0.831970  0.726152  0.537159  0.735741  0.438532  0.703190  0.485612  0.373743  0.418975  0.491534  0.891206  0.429972  0.455093  0.170265  0.302194  0.736636  0.383280  0.153854  0.461599  0.475364  0.385315  0.738096  0.564920  0.352727  0.475286  0.415081  0.317163  0.569277  0.768033  0.649503 
27  0.251309  0.716556  0.781339  0.137474  0.621419  0.917539  0.662191  0.824669  0.492299  0.545671  0.644167  0.815619  0.551249  0.404378  0.958562  0.766512  0.711208  0.761868  0.162597  0.515705  0.782153  0.566869  0.660775  0.740905  0.722346  0.338928  0.369881 0.0  0.616750  0.447415  0.929287  0.715081  0.580454  0.674109  0.568752  0.739021  0.586655  0.350104  0.422076  0.520273  0.899462  0.453039  0.434477  0.364708  0.377084  0.694583  0.326600  0.385194  0.480772  0.495854  0.423700  0.832623  0.564878  0.149131  0.494478  0.410477  0.163281  0.449038  0.853029  0.630439 
28  0.694711  0.653788  0.695231  0.719992  0.575132  0.674293  0.618169  0.677065  0.700076  0.595356  0.662372  0.626938  0.701302  0.836013  0.643786  0.695714  0.642657  0.637737  0.574612  0.503634  0.609000  0.747848  0.573339  0.560439  0.676297  0.627389  0.783749  0.616750 0.0  0.781466  0.729573  0.731251  0.740661  0.636731  0.622997  0.323086  0.670371  0.694751  0.722640  0.811921  0.733624  0.693742  0.631790  0.677115  0.688731  0.350371  0.673875  0.660432  0.657472  0.586598  0.661230  0.742899  0.677036  0.702482  0.709312  0.581911  0.711344  0.643658  0.663982  0.639489 
29  0.531481  0.724948  0.740434  0.543001  0.550732  0.812652  0.820276  0.739694  0.215227  0.495493  0.598915  0.886508  0.282583  0.379235  0.820159  0.646722  0.796610  0.836802  0.520716  0.595761  0.803964  0.204193  0.521706  0.704430  0.686509  0.496626  0.607222  0.447415  0.781466 0.0  0.644318  0.828057  0.191022  0.817065  0.216369  0.737246  0.188049  0.534748  0.194123  0.326306  0.755906  0.293358  0.376029  0.441427  0.536500  0.621951  0.585068  0.505920  0.523917  0.511592  0.450224  0.736626  0.186976  0.588765  0.531643  0.380750  0.463720  0.214779  0.808600  0.456062 
30  0.702417  0.437192  0.431366  0.694649  0.612559  0.440255  0.423700  0.440431  0.702091  0.495902  0.630989  0.425231  0.674301  0.691530  0.472784  0.825330  0.765225  0.374955  0.632134  0.569587  0.680276  0.748283  0.620309  0.388183  0.745669  0.757193  0.831970  0.929287  0.729573  0.644318 0.0  0.420514  0.674151  0.242445  0.856873  0.687740  0.771289  0.662569  0.749211  0.775282  0.410605  0.800290  0.755049  0.758370  0.757412  0.738229  0.801218  0.779235  0.864650  0.712628  0.729926  0.643511  0.778344  0.902726  0.788853  0.658533  0.721601  0.751463  0.394224  0.678683 
31  0.815822  0.215233  0.121286  0.712279  0.524459  0.207001  0.153843  0.225645  0.759409  0.459772  0.775491  0.123299  0.814770  0.819271  0.224196  0.696045  0.541322  0.137700  0.785246  0.445400  0.775634  0.858306  0.638793  0.232997  0.731848  0.829119  0.726152  0.715081  0.731251  0.828057  0.420514 0.0  0.770477  0.439033  0.731205  0.744534  0.730410  0.851174  0.722189  0.776403  0.077841  0.830772  0.771683  0.694310  0.913965  0.659635  0.834216  0.863729  0.938787  0.796771  0.750776  0.711373  0.828235  0.859118  0.699434  0.802791  0.865711  0.654688  0.162641  0.645805 
32  0.640698  0.671558  0.727689  0.509284  0.549127  0.832504  0.897260  0.955111  0.182883  0.503588  0.666365  0.742009  0.318481  0.385561  0.921004  0.803237  0.794947  0.697467  0.495056  0.512493  0.662443  0.102711  0.711338  0.725986  0.733688  0.570963  0.537159  0.580454  0.740661  0.191022  0.674151  0.770477 0.0  0.654155  0.183984  0.675201  0.101454  0.547247  0.195901  0.306240  0.903796  0.283687  0.453424  0.452645  0.451053  0.870707  0.521744  0.508404  0.466532  0.427183  0.468727  0.794366  0.166860  0.424068  0.475592  0.413709  0.525399  0.094834  0.740152  0.427921 
33  0.751358  0.442873  0.445131  0.672270  0.545781  0.427167  0.395158  0.457114  0.703410  0.521310  0.587905  0.414951  0.639889  0.703393  0.406733  0.692502  0.735977  0.451625  0.713817  0.458000  0.737700  0.738293  0.575930  0.386529  0.686165  0.743049  0.735741  0.674109  0.636731  0.817065  0.242445  0.439033  0.654155 0.0  0.710506  0.703699  0.742675  0.719771  0.860289  0.678408  0.428113  0.810548  0.718791  0.617227  0.878634  0.654522  0.764653  0.719675  0.807616  0.802203  0.736905  0.823444  0.795464  0.644121  0.644564  0.787593  0.849323  0.691040  0.366314  0.647524 
34  0.525092  0.720762  0.831044  0.463871  0.503889  0.792970  0.774182  0.924637  0.096806  0.490819  0.712896  0.630379  0.303038  0.381159  0.920226  0.690285  0.645163  0.809818  0.492593  0.551136  0.776564  0.151003  0.630634  0.737075  0.593411  0.553798  0.438532  0.568752  0.622997  0.216369  0.856873  0.731205  0.183984  0.710506 0.0  0.694802  0.166612  0.545908  0.224823  0.325431  0.908036  0.287560  0.367392  0.583122  0.464072  0.626297  0.572559  0.593534  0.402736  0.495167  0.472736  0.653170  0.097962  0.499119  0.545947  0.439177  0.514272  0.157298  0.723655  0.493901 
35  0.567037  0.721294  0.635017  0.646245  0.539353  0.672311  0.669982  0.761090  0.587046  0.515235  0.678574  0.779771  0.605384  0.714122  0.613834  0.693044  0.631939  0.678147  0.548792  0.442090  0.638466  0.638002  0.730298  0.753724  0.704788  0.672068  0.703190  0.739021  0.323086  0.737246  0.687740  0.744534  0.675201  0.703699  0.694802 0.0  0.671717  0.820925  0.735703  0.763312  0.672896  0.659797  0.709079  0.662195  0.685278  0.310413  0.709002  0.605478  0.549978  0.574002  0.669803  0.638631  0.807076  0.696646  0.700607  0.831733  0.690135  0.594462  0.598050  0.665584 
36  0.565445  0.757778  0.930657  0.535279  0.520917  0.750156  0.814593  0.864323  0.195665  0.475378  0.703212  0.762629  0.323936  0.388478  0.773811  0.770412  0.655480  0.888521  0.519107  0.560508  0.639759  0.109303  0.703620  0.827261  0.699377  0.530831  0.485612  0.586655  0.670371  0.188049  0.771289  0.730410  0.101454  0.742675  0.166612  0.671717 0.0  0.560801  0.223303  0.334453  0.847783  0.240825  0.344365  0.561608  0.484235  0.774106  0.511881  0.559483  0.480371  0.558551  0.383627  0.685256  0.172822  0.570396  0.471285  0.413810  0.560878  0.077841  0.731894  0.494871 
37  0.368769  0.741161  0.724098  0.322444  0.508170  0.795025  0.797695  0.849501  0.475992  0.585912  0.687744  0.897199  0.427478  0.418823  0.691259  0.726479  0.660665  0.754843  0.309474  0.511594  0.658675  0.522541  0.682397  0.755710  0.593331  0.365117  0.373743  0.350104  0.694751  0.534748  0.662569  0.851174  0.547247  0.719771  0.545908  0.820925  0.560801 0.0  0.407301  0.451923  0.825832  0.522417  0.403903  0.376054  0.128351  0.567813  0.120436  0.372829  0.443143  0.431503  0.413450  0.692237  0.531202  0.368099  0.438727  0.447341  0.361297  0.500549  0.821461  0.598834 
38  0.440366  0.738064  0.746555  0.402114  0.408035  0.748602  0.791038  0.744266  0.241033  0.494399  0.727147  0.842084  0.209078  0.446097  0.777105  0.794143  0.663151  0.835257  0.428712  0.550962  0.696164  0.216535  0.668299  0.687969  0.522837  0.419325  0.418975  0.422076  0.722640  0.194123  0.749211  0.722189  0.195901  0.860289  0.224823  0.735703  0.223303  0.407301 0.0  0.203125  0.611110  0.211813  0.395192  0.397654  0.408964  0.693926  0.415405  0.402333  0.380512  0.433467  0.397301  0.732007  0.217970  0.424281  0.393304  0.446679  0.459941  0.216233  0.809508  0.394453 
39  0.519774  0.771751  0.979202  0.484174  0.547408  0.915635  0.671683  0.735344  0.341922  0.607844  0.580820  0.826412  0.318449  0.441400  0.844571  0.800036  0.753894  0.736588  0.480714  0.532471  0.721463  0.327097  0.616885  0.890622  0.751764  0.567990  0.491534  0.520273  0.811921  0.326306  0.775282  0.776403  0.306240  0.678408  0.325431  0.763312  0.334453  0.451923  0.203125 0.0  0.838656  0.077841  0.383698  0.492013  0.436108  0.778975  0.457463  0.514437  0.509079  0.505953  0.440974  0.692603  0.336938  0.519871  0.516746  0.413078  0.583080  0.313956  0.928697  0.459817 
40  0.913556  0.204683  0.132165  0.670826  0.531347  0.209270  0.165456  0.209607  0.706262  0.567066  0.616485  0.128991  0.920577  0.734917  0.191462  0.624661  0.701875  0.128521  0.768253  0.516178  0.646213  0.892310  0.724849  0.226217  0.835486  0.836082  0.891206  0.899462  0.733624  0.755906  0.410605  0.077841  0.903796  0.428113  0.908036  0.672896  0.847783  0.825832  0.611110  0.838656 0.0  0.813364  0.698906  0.788454  0.835551  0.604412  0.822248  0.807909  0.827547  0.631990  0.723514  0.861634  0.840775  0.728499  0.867497  0.801024  0.858763  0.885269  0.165179  0.561626 
41  0.406813  0.790865  0.713614  0.537410  0.576764  0.717515  0.637585  0.867267  0.279640  0.559050  0.652389  0.688995  0.303567  0.429592  0.788392  0.775577  0.694700  0.675462  0.489897  0.560435  0.732906  0.286490  0.739470  0.747826  0.555548  0.487463  0.429972  0.453039  0.693742  0.293358  0.800290  0.830772  0.283687  0.810548  0.287560  0.659797  0.240825  0.522417  0.211813  0.077841  0.813364 0.0  0.372123  0.499433  0.514027  0.540453  0.504749  0.511905  0.475267  0.520118  0.423442  0.732848  0.303634  0.533981  0.538887  0.429359  0.508236  0.275022  0.784908  0.484579 
42  0.385897  0.830603  0.877067  0.431500  0.602477  0.867576  0.761666  0.745082  0.428962  0.514986  0.609950  0.863151  0.413334  0.420737  0.732881  0.662043  0.659583  0.660406  0.432086  0.503775  0.536675  0.420089  0.696997  0.711505  0.710503  0.397074  0.455093  0.434477  0.631790  0.376029  0.755049  0.771683  0.453424  0.718791  0.367392  0.709079  0.344365  0.403903  0.395192  0.383698  0.698906  0.372123 0.0  0.411600  0.436628  0.603429  0.399148  0.404046  0.211436  0.250730  0.438053  0.492930  0.419968  0.437348  0.210288  0.218044  0.460347  0.461746  0.611420  0.659090 
43  0.158701  0.642807  0.828633  0.293763  0.498796  0.794229  0.839009  0.735036  0.630495  0.543707  0.699353  0.797249  0.441248  0.403002  0.725429  0.771760  0.676902  0.874480  0.327841  0.504834  0.658396  0.584538  0.616399  0.714881  0.687455  0.161231  0.170265  0.364708  0.677115  0.441427  0.758370  0.694310  0.452645  0.617227  0.583122  0.662195  0.561608  0.376054  0.397654  0.492013  0.788454  0.499433  0.411600 0.0  0.371935  0.682970  0.378452  0.105098  0.539158  0.536042  0.438630  0.786605  0.611538  0.366808  0.444011  0.379406  0.343244  0.482358  0.783519  0.725240 
44  0.348369  0.868501  0.831099  0.293037  0.519901  0.794902  0.696409  0.800059  0.433371  0.519845  0.652189  0.821036  0.532590  0.383100  0.761391  0.761401  0.702178  0.782182  0.328004  0.484237  0.686082  0.474152  0.713145  0.771826  0.678162  0.302270  0.302194  0.377084  0.688731  0.536500  0.757412  0.913965  0.451053  0.878634  0.464072  0.685278  0.484235  0.128351  0.408964  0.436108  0.835551  0.514027  0.436628  0.371935 0.0  0.621272  0.130579  0.350019  0.473988  0.437964  0.416654  0.736901  0.506429  0.342236  0.425300  0.355924  0.306498  0.532518  0.759869  0.660449 
45  0.598283  0.782614  0.745106  0.651623  0.513893  0.717994  0.717565  0.592370  0.737594  0.463167  0.814109  0.695771  0.716997  0.659270  0.635314  0.634446  0.694414  0.738882  0.752404  0.473687  0.636676  0.784032  0.745526  0.585896  0.596726  0.745844  0.736636  0.694583  0.350371  0.621951  0.738229  0.659635  0.870707  0.654522  0.626297  0.310413  0.774106  0.567813  0.693926  0.778975  0.604412  0.540453  0.603429  0.682970  0.621272 0.0  0.671396  0.700771  0.692356  0.610593  0.620847  0.769428  0.603075  0.607303  0.670082  0.683419  0.606795  0.749735  0.686429  0.698584 
46  0.335444  0.808207  0.764643  0.288393  0.551007  0.818069  0.717790  0.793902  0.479726  0.531841  0.722195  0.926217  0.426843  0.415227  0.704276  0.736848  0.722120  0.864667  0.323016  0.474801  0.678704  0.429781  0.552173  0.699603  0.609403  0.366343  0.383280  0.326600  0.673875  0.585068  0.801218  0.834216  0.521744  0.764653  0.572559  0.709002  0.511881  0.120436  0.415405  0.457463  0.822248  0.504749  0.399148  0.378452  0.130579  0.671396 0.0  0.317121  0.540615  0.484142  0.418776  0.792135  0.404914  0.301202  0.509436  0.432617  0.336902  0.573339  0.878432  0.715928 
47  0.162400  0.658684  0.769402  0.299277  0.484554  0.831684  0.743747  0.765600  0.562963  0.573020  0.644745  0.824876  0.490472  0.469727  0.793233  0.908312  0.690294  0.939128  0.313940  0.475898  0.842054  0.530415  0.664613  0.750572  0.700292  0.139424  0.153854  0.385194  0.660432  0.505920  0.779235  0.863729  0.508404  0.719675  0.593534  0.605478  0.559483  0.372829  0.402333  0.514437  0.807909  0.511905  0.404046  0.105098  0.350019  0.700771  0.317121 0.0  0.548324  0.386318  0.406789  0.750844  0.488105  0.339824  0.457011  0.384384  0.374082  0.495327  0.763407  0.737081 
48  0.426798  0.695708  0.794569  0.474383  0.490317  0.824449  0.847597  0.837231  0.451857  0.476641  0.744965  0.813210  0.438284  0.431715  0.787410  0.554396  0.664561  0.812036  0.454631  0.495444  0.488216  0.500889  0.823298  0.760784  0.601839  0.438436  0.461599  0.480772  0.657472  0.523917  0.864650  0.938787  0.466532  0.807616  0.402736  0.549978  0.480371  0.443143  0.380512  0.509079  0.827547  0.475267  0.211436  0.539158  0.473988  0.692356  0.540615  0.548324 0.0  0.161648  0.398143  0.473325  0.526135  0.490226  0.299108  0.212438  0.439655  0.483734  0.753801  0.730624 
49  0.548679  0.760878  0.812790  0.475079  0.494027  0.785033  0.634424  0.771282  0.441762  0.568886  0.644624  0.886337  0.458476  0.428974  0.662928  0.537584  0.731236  0.804593  0.462094  0.611662  0.563468  0.505352  0.626038  0.842222  0.646199  0.444803  0.475364  0.495854  0.586598  0.511592  0.712628  0.796771  0.427183  0.802203  0.495167  0.574002  0.558551  0.431503  0.433467  0.505953  0.631990  0.520118  0.250730  0.536042  0.437964  0.610593  0.484142  0.386318  0.161648 0.0  0.480783  0.614601  0.498172  0.522171  0.298245  0.204458  0.460326  0.452232  0.885091  0.685012 
50  0.429043  0.758826  0.786532  0.430421  0.537054  0.725576  0.603281  0.714762  0.466788  0.522893  0.768115  0.801616  0.337179  0.215246  0.751957  0.783140  0.597501  0.763755  0.403425  0.526445  0.748300  0.458873  0.649986  0.790247  0.588190  0.430204  0.385315  0.423700  0.661230  0.450224  0.729926  0.750776  0.468727  0.736905  0.472736  0.669803  0.383627  0.413450  0.397301  0.440974  0.723514  0.423442  0.438053  0.438630  0.416654  0.620847  0.418776  0.406789  0.398143  0.480783 0.0  0.912480  0.429696  0.357925  0.437244  0.443084  0.399452  0.402528  0.753631  0.655522 
51  0.878611  0.741757  0.736943  0.857523  0.541550  0.819473  0.764558  0.708890  0.667116  0.508382  0.678296  0.649418  0.631413  0.665842  0.903223  0.225581  0.662081  0.683158  0.691479  0.519735  0.187821  0.729734  0.702970  0.702594  0.534134  0.732366  0.738096  0.832623  0.742899  0.736626  0.643511  0.711373  0.794366  0.823444  0.653170  0.638631  0.685256  0.692237  0.732007  0.692603  0.861634  0.732848  0.492930  0.786605  0.736901  0.769428  0.792135  0.750844  0.473325  0.614601  0.912480 0.0  0.733464  0.733697  0.550949  0.514160  0.723322  0.769582  0.847676  0.318040 
52  0.597173  0.803364  0.756630  0.497004  0.542160  0.703795  0.779427  0.739757  0.098754  0.513497  0.638256  0.738933  0.330058  0.419657  0.701689  0.712214  0.771930  0.713746  0.558028  0.531601  0.672101  0.151217  0.600794  0.798449  0.740433  0.536446  0.564920  0.564878  0.677036  0.186976  0.778344  0.828235  0.166860  0.795464  0.097962  0.807076  0.172822  0.531202  0.217970  0.336938  0.840775  0.303634  0.419968  0.611538  0.506429  0.603075  0.404914  0.488105  0.526135  0.498172  0.429696  0.733464 0.0  0.537631  0.489537  0.444203  0.501423  0.180835  0.641836  0.458807 
53  0.362570  0.611580  0.686238  0.163958  0.544694  0.847063  0.760057  0.793333  0.533630  0.552061  0.685900  0.913445  0.478915  0.363091  0.767630  0.828482  0.651482  0.731970  0.113947  0.571520  0.747865  0.537512  0.578563  0.751140  0.595245  0.366713  0.352727  0.149131  0.702482  0.588765  0.902726  0.859118  0.424068  0.644121  0.499119  0.696646  0.570396  0.368099  0.424281  0.519871  0.728499  0.533981  0.437348  0.366808  0.342236  0.607303  0.301202  0.339824  0.490226  0.522171  0.357925  0.733697  0.537631 0.0  0.452772  0.430504  0.111018  0.581174  0.876942  0.685865 
54  0.513874  0.685809  0.646467  0.486985  0.560885  0.844225  0.686281  0.732366  0.500279  0.463271  0.557483  0.687896  0.486468  0.371235  0.637076  0.499439  0.630250  0.729903  0.482692  0.516234  0.533739  0.490682  0.571628  0.762542  0.589119  0.525705  0.475286  0.494478  0.709312  0.531643  0.788853  0.699434  0.475592  0.644564  0.545947  0.700607  0.471285  0.438727  0.393304  0.516746  0.867497  0.538887  0.210288  0.444011  0.425300  0.670082  0.509436  0.457011  0.299108  0.298245  0.437244  0.550949  0.489537  0.452772 0.0  0.231164  0.500189  0.518571  0.806253  0.565743 
55  0.422811  0.657099  0.741074  0.380827  0.534751  0.773457  0.742998  0.782073  0.418374  0.502087  0.661548  0.736461  0.455328  0.410767  0.726036  0.498273  0.592604  0.664770  0.426790  0.502926  0.540737  0.446683  0.746765  0.782850  0.586314  0.406115  0.415081  0.410477  0.581911  0.380750  0.658533  0.802791  0.413709  0.787593  0.439177  0.831733  0.413810  0.447341  0.446679  0.413078  0.801024  0.429359  0.218044  0.379406  0.355924  0.683419  0.432617  0.384384  0.212438  0.204458  0.443084  0.514160  0.444203  0.430504  0.231164 0.0  0.513601  0.386242  0.702507  0.555023 
56  0.395821  0.766168  0.782578  0.154661  0.524561  0.747366  0.704297  0.760803  0.541021  0.548057  0.651417  0.687042  0.492927  0.436827  0.671800  0.802803  0.694638  0.750766  0.077841  0.549049  0.748442  0.527246  0.552931  0.808239  0.716029  0.351877  0.317163  0.163281  0.711344  0.463720  0.721601  0.865711  0.525399  0.849323  0.514272  0.690135  0.560878  0.361297  0.459941  0.583080  0.858763  0.508236  0.460347  0.343244  0.306498  0.606795  0.336902  0.374082  0.439655  0.460326  0.399452  0.723322  0.501423  0.111018  0.500189  0.513601 0.0  0.537321  0.776326  0.752118 
57  0.525542  0.735839  0.756786  0.512745  0.575834  0.783542  0.729173  0.680913  0.179529  0.585902  0.622337  0.833919  0.293072  0.372880  0.781742  0.770826  0.607745  0.739339  0.611351  0.610326  0.733887  0.103781  0.750651  0.699709  0.856819  0.525513  0.569277  0.449038  0.643658  0.214779  0.751463  0.654688  0.094834  0.691040  0.157298  0.594462  0.077841  0.500549  0.216233  0.313956  0.885269  0.275022  0.461746  0.482358  0.532518  0.749735  0.573339  0.495327  0.483734  0.452232  0.402528  0.769582  0.180835  0.581174  0.518571  0.386242  0.537321 0.0  0.748213  0.487928 
58  0.705275  0.197992  0.151223  0.755822  0.633189  0.164460  0.077841  0.146523  0.696843  0.418387  0.714999  0.167956  0.819845  0.794153  0.151361  0.888531  0.834410  0.169096  0.790187  0.566176  0.911691  0.734108  0.786092  0.199580  0.736724  0.799735  0.768033  0.853029  0.663982  0.808600  0.394224  0.162641  0.740152  0.366314  0.723655  0.598050  0.731894  0.821461  0.809508  0.928697  0.165179  0.784908  0.611420  0.783519  0.759869  0.686429  0.878432  0.763407  0.753801  0.885091  0.753631  0.847676  0.641836  0.876942  0.806253  0.702507  0.776326  0.748213 0.0  0.527419 
59  0.741718  0.805171  0.631783  0.642124  0.533697  0.696411  0.803282  0.762821  0.479074  0.576002  0.677389  0.753077  0.429575  0.775399  0.679935  0.379534  0.748445  0.658537  0.633517  0.559683  0.310120  0.464108  0.674315  0.817333  0.714808  0.680384  0.649503  0.630439  0.639489  0.456062  0.678683  0.645805  0.427921  0.647524  0.493901  0.665584  0.494871  0.598834  0.394453  0.459817  0.561626  0.484579  0.659090  0.725240  0.660449  0.698584  0.715928  0.737081  0.730624  0.685012  0.655522  0.318040  0.458807  0.685865  0.565743  0.555023  0.752118  0.487928  0.527419 0.0 
