60
0 0.0  0.769033  0.896309  0.418272  0.552017  0.808366  0.848527  0.788176  0.690525  0.525276  0.683481  0.830550  0.680580  0.576798  0.847292  0.847839  0.613300  0.787400  0.559152  0.606474  0.824995  0.637647  0.714410  0.777237  0.793193  0.244815  0.368018  0.531474  0.695642  0.610167  0.729902  0.810692  0.577515  0.825101  0.619442  0.707108  0.645894  0.503509  0.555054  0.711813  0.849631  0.528102  0.480354  0.305957  0.532298  0.652912  0.464020  0.346633  0.568957  0.670674  0.487588  0.790964  0.700200  0.462960  0.538131  0.572850  0.596169  0.630704  0.844432  0.706385 
1  0.769033 0.0  0.366502  0.714442  0.621558  0.545936  0.354692  0.488682  0.753072  0.705855  0.731719  0.426533  0.781020  0.731213  0.297372  0.788041  0.711401  0.496206  0.736643  0.620532  0.733084  0.788577  0.769223  0.285534  0.722526  0.692506  0.770751  0.866188  0.691019  0.793434  0.563323  0.392964  0.663439  0.475171  0.804745  0.699403  0.824086  0.654001  0.802331  0.705689  0.403554  0.749608  0.760832  0.733683  0.747897  0.797227  0.757928  0.732349  0.716608  0.830632  0.770271  0.680648  0.656748  0.823329  0.775672  0.791844  0.729173  0.651485  0.489351  0.681951 
2  0.896309  0.366502 0.0  0.756755  0.618488  0.485407  0.358938  0.498780  0.954343  0.606477  0.598283  0.238233  0.763375  0.810200  0.344692  0.726240  0.716626  0.395884  0.857163  0.642987  0.769846  0.809380  0.712660  0.433695  0.685292  0.826619  0.731378  0.890002  0.734204  0.762224  0.604775  0.383851  0.797332  0.559169  0.793561  0.623329  0.710080  0.767101  0.688440  0.728951  0.388129  0.786147  0.806651  0.931436  0.747953  0.658076  0.876917  0.810693  0.703134  0.808125  0.786856  0.664054  0.718278  0.693808  0.780903  0.750722  0.827178  0.748777  0.384946  0.659901 
3  0.418272  0.714442  0.756755 0.0  0.531859  0.751255  0.847327  0.880090  0.588271  0.628725  0.632831  0.849065  0.555211  0.582922  0.817130  0.711166  0.633291  0.749535  0.418067  0.619962  0.673222  0.581046  0.702607  0.786974  0.694190  0.412874  0.522939  0.364938  0.722384  0.627455  0.698510  0.845585  0.572675  0.715194  0.653185  0.725020  0.654977  0.458318  0.505993  0.551789  0.740273  0.570509  0.515652  0.399203  0.486369  0.739239  0.500408  0.368162  0.496254  0.588791  0.454011  0.838713  0.572641  0.374129  0.635517  0.601603  0.387254  0.537721  0.785997  0.727509 
4  0.552017  0.621558  0.618488  0.531859 0.0  0.674844  0.632475  0.622247  0.663151  0.576338  0.568942  0.690468  0.597700  0.755868  0.543538  0.659959  0.597906  0.691798  0.711716  0.631017  0.676591  0.604693  0.696356  0.660290  0.565202  0.673849  0.581177  0.651772  0.573234  0.581113  0.586889  0.615288  0.577259  0.696176  0.609705  0.652129  0.593873  0.628138  0.685927  0.572475  0.587278  0.543505  0.585822  0.619082  0.663868  0.635357  0.584679  0.740167  0.662242  0.520836  0.518553  0.654130  0.670519  0.647690  0.614703  0.549781  0.573063  0.679952  0.744185  0.680469 
5  0.808366  0.545936  0.485407  0.751255  0.674844 0.0  0.364950  0.216670  0.820825  0.694130  0.746127  0.370821  0.797427  0.720252  0.398330  0.854132  0.768607  0.489649  0.727095  0.641059  0.683461  0.858694  0.642866  0.401287  0.727734  0.845588  0.749967  0.734361  0.627242  0.719661  0.565994  0.403245  0.818218  0.645393  0.769819  0.716542  0.796561  0.825390  0.752337  0.858928  0.454410  0.831760  0.786492  0.727378  0.761123  0.704427  0.753055  0.780210  0.756710  0.821658  0.718657  0.752472  0.956132  0.836070  0.698810  0.814294  0.752755  0.737660  0.365169  0.724455 
6  0.848527  0.354692  0.358938  0.847327  0.632475  0.364950 0.0  0.244737  0.688100  0.664580  0.817610  0.279399  0.706947  0.753894  0.369913  0.777797  0.703770  0.376148  0.816261  0.635979  0.716033  0.860027  0.714273  0.432149  0.697037  0.703557  0.766563  0.776386  0.718814  0.755428  0.533760  0.342505  0.792324  0.551375  0.736048  0.681616  0.824600  0.763330  0.775039  0.760536  0.295595  0.849076  0.709932  0.762009  0.900151  0.732300  0.840054  0.736086  0.773633  0.810867  0.749154  0.697470  0.843933  0.837461  0.829684  0.699873  0.765068  0.798898  0.307620  0.691229 
7  0.788176  0.488682  0.498780  0.880090  0.622247  0.216670  0.244737 0.0  0.773289  0.638820  0.762552  0.509599  0.750341  0.694790  0.246800  0.716341  0.690825  0.362949  0.800030  0.529367  0.778710  0.811226  0.776948  0.380902  0.678960  0.840113  0.771035  0.807556  0.717723  0.842389  0.485273  0.407098  0.816352  0.440206  0.841187  0.784301  0.890330  0.833252  0.829643  0.847196  0.422947  0.735208  0.792520  0.760206  0.708454  0.727201  0.800911  0.862395  0.706420  0.785541  0.767347  0.709301  0.853380  0.795200  0.804703  0.809480  0.781895  0.710450  0.444797  0.701460 
8  0.690525  0.753072  0.954343  0.588271  0.663151  0.820825  0.688100  0.773289 0.0  0.592381  0.769631  0.832035  0.411160  0.585578  0.806878  0.711233  0.703599  0.812990  0.633234  0.585506  0.770618  0.369558  0.692450  0.725194  0.660741  0.624136  0.569850  0.637296  0.812059  0.348633  0.703392  0.711495  0.349919  0.825398  0.311886  0.709981  0.462250  0.562782  0.440455  0.579213  0.758988  0.417136  0.503590  0.654266  0.638952  0.721426  0.656966  0.634291  0.506240  0.592031  0.497942  0.736908  0.214281  0.616096  0.690472  0.496325  0.600054  0.439683  0.772236  0.500212 
9  0.525276  0.705855  0.606477  0.628725  0.576338  0.694130  0.664580  0.638820  0.592381 0.0  0.618010  0.587872  0.674912  0.536308  0.608793  0.503928  0.679766  0.629649  0.589648  0.624802  0.664315  0.605301  0.687338  0.572851  0.594863  0.710197  0.524062  0.640030  0.533596  0.602462  0.601191  0.598624  0.613433  0.612361  0.663174  0.568372  0.591089  0.577319  0.649252  0.505188  0.628161  0.631395  0.671294  0.665209  0.518000  0.633141  0.621505  0.680740  0.708842  0.632563  0.639131  0.628335  0.590500  0.618261  0.609092  0.590828  0.586073  0.588461  0.650073  0.589519 
10  0.683481  0.731719  0.598283  0.632831  0.568942  0.746127  0.817610  0.762552  0.769631  0.618010 0.0  0.671721  0.714812  0.674777  0.720978  0.745501  0.691709  0.728999  0.756805  0.620317  0.723530  0.768692  0.386889  0.684061  0.677801  0.656702  0.652375  0.806802  0.677900  0.728135  0.725312  0.714973  0.701470  0.746536  0.752130  0.638430  0.516181  0.728985  0.769647  0.671226  0.750855  0.796114  0.670487  0.718214  0.732409  0.671910  0.787883  0.836710  0.641296  0.728473  0.652155  0.711195  0.748056  0.734798  0.633444  0.761248  0.736299  0.721774  0.766628  0.712779 
11  0.830550  0.426533  0.238233  0.849065  0.690468  0.370821  0.279399  0.509599  0.832035  0.587872  0.671721 0.0  0.787409  0.695591  0.346738  0.791872  0.711546  0.415263  0.874638  0.606157  0.754101  0.707241  0.698132  0.392000  0.752762  0.849011  0.960446  0.845031  0.736534  0.844751  0.509637  0.253214  0.813217  0.554868  0.760948  0.748482  0.759985  0.710797  0.865257  0.807206  0.364997  0.732045  0.752357  0.730594  0.790909  0.626570  0.781956  0.842511  0.763036  0.795450  0.645024  0.796205  0.806487  0.859733  0.929230  0.675780  0.728153  0.864494  0.370445  0.716488 
12  0.680580  0.781020  0.763375  0.555211  0.597700  0.797427  0.706947  0.750341  0.411160  0.674912  0.714812  0.787409 0.0  0.607505  0.748512  0.800505  0.777309  0.811104  0.628346  0.576775  0.686985  0.435884  0.670737  0.768941  0.728895  0.506684  0.641015  0.628633  0.702593  0.477160  0.805599  0.687777  0.377246  0.741517  0.447787  0.714665  0.376082  0.702156  0.404153  0.491672  0.797032  0.386439  0.507884  0.621512  0.538682  0.635184  0.579150  0.544301  0.645987  0.644652  0.571300  0.814769  0.373956  0.579964  0.599855  0.558468  0.538487  0.377420  0.789222  0.658447 
13  0.576798  0.731213  0.810200  0.582922  0.755868  0.720252  0.753894  0.694790  0.585578  0.536308  0.674777  0.695591  0.607505 0.0  0.671720  0.797813  0.748489  0.933947  0.605684  0.643202  0.832340  0.620034  0.692821  0.738677  0.663057  0.527301  0.485420  0.614085  0.628922  0.510421  0.748491  0.724897  0.408346  0.757187  0.514386  0.688447  0.512930  0.568689  0.565467  0.494942  0.763780  0.415506  0.531609  0.592981  0.623353  0.702293  0.643595  0.568413  0.518673  0.564702  0.369768  0.916955  0.552536  0.627072  0.571912  0.504165  0.519739  0.577717  0.733395  0.687566 
14  0.847292  0.297372  0.344692  0.817130  0.543538  0.398330  0.369913  0.246800  0.806878  0.608793  0.720978  0.346738  0.748512  0.671720 0.0  0.783138  0.702529  0.398868  0.772744  0.526437  0.646924  0.747236  0.658014  0.368613  0.729786  0.785670  0.763593  0.863373  0.746065  0.715137  0.475699  0.397705  0.802587  0.532148  0.781981  0.743587  0.788938  0.755580  0.817710  0.768478  0.363119  0.839416  0.704914  0.831664  0.845667  0.712685  0.755726  0.768095  0.861949  0.822317  0.695270  0.737426  0.743138  0.837721  0.794046  0.737833  0.881412  0.742548  0.290806  0.643283 
15  0.847839  0.788041  0.726240  0.711166  0.659959  0.854132  0.777797  0.716341  0.711233  0.503928  0.745501  0.791872  0.800505  0.797813  0.783138 0.0  0.805267  0.734695  0.794100  0.647088  0.380679  0.755048  0.735131  0.816286  0.669313  0.821938  0.758551  0.755035  0.739206  0.897805  0.699375  0.706177  0.719873  0.779579  0.679970  0.726013  0.739530  0.667001  0.709184  0.701729  0.730517  0.683609  0.675328  0.744556  0.712894  0.708431  0.744832  0.684528  0.666695  0.525639  0.813517  0.377663  0.734418  0.799843  0.672511  0.597248  0.778396  0.776668  0.724356  0.415361 
16  0.613300  0.711401  0.716626  0.633291  0.597906  0.768607  0.703770  0.690825  0.703599  0.679766  0.691709  0.711546  0.777309  0.748489  0.702529  0.805267 0.0  0.765851  0.663651  0.596122  0.766655  0.695677  0.769607  0.807426  0.353650  0.712597  0.793799  0.697467  0.658695  0.754760  0.662796  0.736505  0.646960  0.688512  0.744202  0.710991  0.678755  0.760434  0.631664  0.669223  0.745630  0.713530  0.653809  0.683710  0.694752  0.612001  0.692042  0.753677  0.646887  0.724999  0.680576  0.630066  0.710571  0.792402  0.713005  0.632958  0.709300  0.635148  0.678095  0.713878 
17  0.787400  0.496206  0.395884  0.749535  0.691798  0.489649  0.376148  0.362949  0.812990  0.629649  0.728999  0.415263  0.811104  0.933947  0.398868  0.734695  0.765851 0.0  0.767140  0.631293  0.803129  0.837682  0.676735  0.483833  0.632797  0.867072  0.852043  0.757574  0.680853  0.826111  0.478528  0.292562  0.867332  0.513865  0.794624  0.614655  0.802157  0.759125  0.764774  0.715782  0.312149  0.750519  0.743309  0.894612  0.846907  0.711905  0.829594  1.000000  0.772648  0.863714  0.702033  0.701910  0.823304  0.840084  0.788894  0.708214  0.893809  0.690119  0.271191  0.640923 
18  0.559152  0.736643  0.857163  0.418067  0.711716  0.727095  0.816261  0.800030  0.633234  0.589648  0.756805  0.874638  0.628346  0.605684  0.772744  0.794100  0.663651  0.767140 0.0  0.603381  0.793720  0.641026  0.727365  0.723498  0.728137  0.508470  0.574842  0.377352  0.730858  0.688431  0.730979  0.683461  0.611209  0.827984  0.707854  0.680085  0.578846  0.466174  0.566364  0.628856  0.810517  0.494841  0.472624  0.476990  0.466178  0.643902  0.461797  0.530206  0.634084  0.593505  0.626663  0.759563  0.571981  0.325522  0.542044  0.472005  0.238696  0.657789  0.836846  0.687389 
19  0.606474  0.620532  0.642987  0.619962  0.631017  0.641059  0.635979  0.529367  0.585506  0.624802  0.620317  0.606157  0.576775  0.643202  0.526437  0.647088  0.596122  0.631293  0.603381 0.0  0.645365  0.533869  0.597948  0.653822  0.531929  0.606563  0.676696  0.629938  0.643614  0.637882  0.625445  0.623720  0.582462  0.633805  0.668688  0.543086  0.645936  0.575338  0.620467  0.625259  0.636103  0.664662  0.612651  0.585930  0.610220  0.589709  0.686095  0.513720  0.582162  0.518412  0.533277  0.710352  0.571369  0.734065  0.582436  0.743501  0.665072  0.623724  0.603966  0.625848 
20  0.824995  0.733084  0.769846  0.673222  0.676591  0.683461  0.716033  0.778710  0.770618  0.664315  0.723530  0.754101  0.686985  0.832340  0.646924  0.380679  0.766655  0.803129  0.793720  0.645365 0.0  0.763308  0.770587  0.722139  0.703692  0.710718  0.805436  0.791705  0.680629  0.814407  0.740508  0.665307  0.763842  0.723373  0.706349  0.608087  0.812960  0.641783  0.774049  0.760717  0.730740  0.665456  0.587296  0.739812  0.727544  0.729227  0.707371  0.663507  0.628109  0.556066  0.788551  0.440754  0.783764  0.718533  0.568908  0.668765  0.773032  0.666899  0.749131  0.492466 
21  0.637647  0.788577  0.809380  0.581046  0.604693  0.858694  0.860027  0.811226  0.369558  0.605301  0.768692  0.707241  0.435884  0.620034  0.747236  0.755048  0.695677  0.837682  0.641026  0.533869  0.763308 0.0  0.701231  0.768547  0.720776  0.618118  0.639789  0.491974  0.724831  0.450704  0.807180  0.848911  0.363182  0.753657  0.404668  0.661325  0.292884  0.623852  0.383553  0.429083  0.761785  0.392010  0.590776  0.634887  0.717844  0.754983  0.629207  0.706785  0.641920  0.664875  0.446980  0.758982  0.350437  0.552159  0.565965  0.431123  0.532311  0.384170  0.773541  0.551245 
22  0.714410  0.769223  0.712660  0.702607  0.696356  0.642866  0.714273  0.776948  0.692450  0.687338  0.386889  0.698132  0.670737  0.692821  0.658014  0.735131  0.769607  0.676735  0.727365  0.597948  0.770587  0.701231 0.0  0.738116  0.738166  0.722811  0.780477  0.576841  0.776527  0.683528  0.770759  0.628021  0.784348  0.852849  0.771570  0.659641  0.750751  0.689390  0.786868  0.625216  0.673108  0.698066  0.728810  0.752215  0.755347  0.743346  0.701537  0.711609  0.721841  0.730027  0.615761  0.736563  0.793039  0.705907  0.753358  0.761223  0.640218  0.745427  0.667283  0.701829 
23  0.777237  0.285534  0.433695  0.786974  0.660290  0.401287  0.432149  0.380902  0.725194  0.572851  0.684061  0.392000  0.768941  0.738677  0.368613  0.816286  0.807426  0.483833  0.723498  0.653822  0.722139  0.768547  0.738116 0.0  0.601569  0.805519  0.758354  0.783974  0.661263  0.804921  0.556017  0.485430  0.776207  0.575803  0.750435  0.695633  0.748671  0.799353  0.723389  0.724954  0.364152  0.824867  0.814860  0.729579  0.694948  0.756556  0.770415  0.803716  0.739061  0.733463  0.792050  0.819507  0.839261  0.885566  0.693155  0.711740  0.771730  0.681677  0.371193  0.712775 
24  0.793193  0.722526  0.685292  0.694190  0.565202  0.727734  0.697037  0.678960  0.660741  0.594863  0.677801  0.752762  0.728895  0.663057  0.729786  0.669313  0.353650  0.632797  0.728137  0.531929  0.703692  0.720776  0.738166  0.601569 0.0  0.759050  0.720108  0.713299  0.764412  0.679954  0.798359  0.699090  0.654380  0.673309  0.644685  0.626370  0.656482  0.693376  0.762722  0.753972  0.582300  0.813297  0.675032  0.704345  0.773488  0.703369  0.753227  0.788001  0.818065  0.600488  0.644931  0.678644  0.705059  0.756944  0.596685  0.724442  0.678581  0.829709  0.795441  0.728990 
25  0.244815  0.692506  0.826619  0.412874  0.673849  0.845588  0.703557  0.840113  0.624136  0.710197  0.656702  0.849011  0.506684  0.527301  0.785670  0.821938  0.712597  0.867072  0.508470  0.606563  0.710718  0.618118  0.722811  0.805519  0.759050 0.0  0.370879  0.576093  0.695686  0.505433  0.702888  0.792683  0.656197  0.711006  0.654872  0.763182  0.644619  0.494971  0.484338  0.664394  0.773377  0.530479  0.626717  0.397904  0.442444  0.650199  0.465682  0.327584  0.611558  0.576582  0.619328  0.627386  0.638430  0.619511  0.568386  0.610054  0.480484  0.688225  0.826391  0.718554 
26  0.368018  0.770751  0.731378  0.522939  0.581177  0.749967  0.766563  0.771035  0.569850  0.524062  0.652375  0.960446  0.641015  0.485420  0.763593  0.758551  0.793799  0.852043  0.574842  0.676696  0.805436  0.639789  0.780477  0.758354  0.720108  0.370879 0.0  0.439139  0.769981  0.659095  0.783384  0.818086  0.661449  0.721373  0.646373  0.648559  0.645077  0.474221  0.501370  0.672340  0.815414  0.721740  0.460522  0.296927  0.467820  0.617071  0.490546  0.423559  0.543594  0.552897  0.412721  0.727583  0.583089  0.486547  0.674644  0.612182  0.496475  0.613412  0.923821  0.724110 
27  0.531474  0.866188  0.890002  0.364938  0.651772  0.734361  0.776386  0.807556  0.637296  0.640030  0.806802  0.845031  0.628633  0.614085  0.863373  0.755035  0.697467  0.757574  0.377352  0.629938  0.791705  0.491974  0.576841  0.783974  0.713299  0.576093  0.439139 0.0  0.712556  0.696068  0.718234  0.805097  0.643872  0.755152  0.625393  0.793015  0.635753  0.561345  0.606235  0.607888  0.754295  0.602498  0.545075  0.408005  0.446985  0.688264  0.460977  0.436092  0.600157  0.660086  0.552805  0.730408  0.630295  0.336563  0.616070  0.615812  0.294527  0.701805  0.795933  0.741589 
28  0.695642  0.691019  0.734204  0.722384  0.573234  0.627242  0.718814  0.717723  0.812059  0.533596  0.677900  0.736534  0.702593  0.628922  0.746065  0.739206  0.658695  0.680853  0.730858  0.643614  0.680629  0.724831  0.776527  0.661263  0.764412  0.695686  0.769981  0.712556 0.0  0.644139  0.712250  0.696296  0.770166  0.630451  0.730752  0.511639  0.754611  0.760579  0.691708  0.760246  0.687563  0.746192  0.623331  0.772067  0.765234  0.459287  0.609389  0.652420  0.732426  0.650254  0.792682  0.712270  0.869928  0.740027  0.683637  0.689268  0.739143  0.758989  0.762837  0.663459 
29  0.610167  0.793434  0.762224  0.627455  0.581113  0.719661  0.755428  0.842389  0.348633  0.602462  0.728135  0.844751  0.477160  0.510421  0.715137  0.897805  0.754760  0.826111  0.688431  0.637882  0.814407  0.450704  0.683528  0.804921  0.679954  0.505433  0.659095  0.696068  0.644139 0.0  0.664329  0.695792  0.393477  0.804785  0.424615  0.654952  0.437783  0.597485  0.369850  0.444120  0.776612  0.512339  0.533380  0.589557  0.615162  0.655087  0.620328  0.734095  0.650209  0.489940  0.557334  0.732541  0.421769  0.558752  0.609584  0.540047  0.649967  0.436663  0.822606  0.569552 
30  0.729902  0.563323  0.604775  0.698510  0.586889  0.565994  0.533760  0.485273  0.703392  0.601191  0.725312  0.509637  0.805599  0.748491  0.475699  0.699375  0.662796  0.478528  0.730979  0.625445  0.740508  0.807180  0.770759  0.556017  0.798359  0.702888  0.783384  0.718234  0.712250  0.664329 0.0  0.534793  0.736714  0.413906  0.736184  0.677256  0.762536  0.609424  0.716500  0.722837  0.533963  0.719647  0.723848  0.657712  0.714306  0.726262  0.663387  0.695087  0.813747  0.864096  0.778626  0.781239  0.766734  0.797034  0.849390  0.685876  0.840371  0.780675  0.513461  0.701442 
31  0.810692  0.392964  0.383851  0.845585  0.615288  0.403245  0.342505  0.407098  0.711495  0.598624  0.714973  0.253214  0.687777  0.724897  0.397705  0.706177  0.736505  0.292562  0.683461  0.623720  0.665307  0.848911  0.628021  0.485430  0.699090  0.792683  0.818086  0.805097  0.696296  0.695792  0.534793 0.0  0.844413  0.504448  0.785506  0.665269  0.822073  0.800403  0.843457  0.756739  0.335872  0.808873  0.806777  0.850450  0.757628  0.722690  0.840340  0.797755  0.750782  0.703939  0.786256  0.875401  0.769131  0.807808  0.810841  0.802558  0.707241  0.758033  0.292890  0.669032 
32  0.577515  0.663439  0.797332  0.572675  0.577259  0.818218  0.792324  0.816352  0.349919  0.613433  0.701470  0.813217  0.377246  0.408346  0.802587  0.719873  0.646960  0.867332  0.611209  0.582462  0.763842  0.363182  0.784348  0.776207  0.654380  0.656197  0.661449  0.643872  0.770166  0.393477  0.736714  0.844413 0.0  0.718004  0.451252  0.729656  0.245433  0.537978  0.385799  0.479834  0.883031  0.453780  0.544826  0.591202  0.678702  0.764296  0.624032  0.641332  0.620545  0.603919  0.559646  0.778967  0.383274  0.570175  0.637866  0.488827  0.653938  0.253408  0.825920  0.598917 
33  0.825101  0.475171  0.559169  0.715194  0.696176  0.645393  0.551375  0.440206  0.825398  0.612361  0.746536  0.554868  0.741517  0.757187  0.532148  0.779579  0.688512  0.513865  0.827984  0.633805  0.723373  0.753657  0.852849  0.575803  0.673309  0.711006  0.721373  0.755152  0.630451  0.804785  0.413906  0.504448  0.718004 0.0  0.854815  0.637961  0.816163  0.703849  0.701203  0.724896  0.644731  0.824292  0.709674  0.760350  0.723773  0.692760  0.764345  0.737886  0.816482  0.714225  0.737820  0.736824  0.709979  0.771296  0.701319  0.851498  0.771992  0.713695  0.591745  0.675135 
34  0.619442  0.804745  0.793561  0.653185  0.609705  0.769819  0.736048  0.841187  0.311886  0.663174  0.752130  0.760948  0.447787  0.514386  0.781981  0.679970  0.744202  0.794624  0.707854  0.668688  0.706349  0.404668  0.771570  0.750435  0.644685  0.654872  0.646373  0.625393  0.730752  0.424615  0.736184  0.785506  0.451252  0.854815 0.0  0.691041  0.241183  0.653235  0.482646  0.494331  0.704535  0.403855  0.450064  0.687012  0.535269  0.600324  0.564323  0.646224  0.570224  0.668145  0.499261  0.682570  0.357612  0.583272  0.570435  0.507592  0.644765  0.446912  0.818863  0.563611 
35  0.707108  0.699403  0.623329  0.725020  0.652129  0.716542  0.681616  0.784301  0.709981  0.568372  0.638430  0.748482  0.714665  0.688447  0.743587  0.726013  0.710991  0.614655  0.680085  0.543086  0.608087  0.661325  0.659641  0.695633  0.626370  0.763182  0.648559  0.793015  0.511639  0.654952  0.677256  0.665269  0.729656  0.637961  0.691041 0.0  0.804647  0.713029  0.676591  0.663787  0.671248  0.654513  0.721945  0.683021  0.790822  0.470930  0.641937  0.660886  0.674185  0.678425  0.618363  0.695928  0.757266  0.649847  0.721293  0.700047  0.717166  0.697519  0.770700  0.803286 
36  0.645894  0.824086  0.710080  0.654977  0.593873  0.796561  0.824600  0.890330  0.462250  0.591089  0.516181  0.759985  0.376082  0.512930  0.788938  0.739530  0.678755  0.802157  0.578846  0.645936  0.812960  0.292884  0.750751  0.748671  0.656482  0.644619  0.645077  0.635753  0.754611  0.437783  0.762536  0.822073  0.245433  0.816163  0.241183  0.804647 0.0  0.729823  0.346561  0.487531  0.821695  0.505650  0.645770  0.687939  0.655838  0.693626  0.607725  0.666102  0.526975  0.615085  0.621140  0.753140  0.420490  0.679108  0.542324  0.597902  0.730743  0.366679  0.790637  0.515730 
37  0.503509  0.654001  0.767101  0.458318  0.628138  0.825390  0.763330  0.833252  0.562782  0.577319  0.728985  0.710797  0.702156  0.568689  0.755580  0.667001  0.760434  0.759125  0.466174  0.575338  0.641783  0.623852  0.689390  0.799353  0.693376  0.494971  0.474221  0.561345  0.760579  0.597485  0.609424  0.800403  0.537978  0.703849  0.653235  0.713029  0.729823 0.0  0.584479  0.573284  0.858305  0.663354  0.499371  0.409851  0.346114  0.663848  0.297206  0.583079  0.562157  0.644562  0.605087  0.747784  0.616465  0.502266  0.545120  0.512423  0.569555  0.656938  0.718796  0.722762 
38  0.555054  0.802331  0.688440  0.505993  0.685927  0.752337  0.775039  0.829643  0.440455  0.649252  0.769647  0.865257  0.404153  0.565467  0.817710  0.709184  0.631664  0.764774  0.566364  0.620467  0.774049  0.383553  0.786868  0.723389  0.762722  0.484338  0.501370  0.606235  0.691708  0.369850  0.716500  0.843457  0.385799  0.701203  0.482646  0.676591  0.346561  0.584479 0.0  0.308150  0.808944  0.336893  0.636265  0.580037  0.535203  0.729890  0.535326  0.602845  0.573869  0.507628  0.597498  0.689288  0.393361  0.561599  0.531240  0.591682  0.423302  0.415284  0.714530  0.614119 
39  0.711813  0.705689  0.728951  0.551789  0.572475  0.858928  0.760536  0.847196  0.579213  0.505188  0.671226  0.807206  0.491672  0.494942  0.768478  0.701729  0.669223  0.715782  0.628856  0.625259  0.760717  0.429083  0.625216  0.724954  0.753972  0.664394  0.672340  0.607888  0.760246  0.444120  0.722837  0.756739  0.479834  0.724896  0.494331  0.663787  0.487531  0.573284  0.308150 0.0  0.736802  0.289866  0.631506  0.533103  0.641411  0.708898  0.655648  0.612433  0.560178  0.605492  0.535676  0.731469  0.518884  0.683608  0.550547  0.589091  0.671884  0.536592  0.832322  0.570757 
40  0.849631  0.403554  0.388129  0.740273  0.587278  0.454410  0.295595  0.422947  0.758988  0.628161  0.750855  0.364997  0.797032  0.763780  0.363119  0.730517  0.745630  0.312149  0.810517  0.636103  0.730740  0.761785  0.673108  0.364152  0.582300  0.773377  0.815414  0.754295  0.687563  0.776612  0.533963  0.335872  0.883031  0.644731  0.704535  0.671248  0.821695  0.858305  0.808944  0.736802 0.0  0.825923  0.870278  0.747193  0.863684  0.682443  0.708329  0.775246  0.760740  0.837300  0.739154  0.790118  0.790481  0.780230  0.766254  0.751064  0.829174  0.844089  0.344393  0.702591 
41  0.528102  0.749608  0.786147  0.570509  0.543505  0.831760  0.849076  0.735208  0.417136  0.631395  0.796114  0.732045  0.386439  0.415506  0.839416  0.683609  0.713530  0.750519  0.494841  0.664662  0.665456  0.392010  0.698066  0.824867  0.813297  0.530479  0.721740  0.602498  0.746192  0.512339  0.719647  0.808873  0.453780  0.824292  0.403855  0.654513  0.505650  0.663354  0.336893  0.289866  0.825923 0.0  0.540345  0.529876  0.614629  0.711071  0.510562  0.609626  0.597263  0.540858  0.549678  0.711366  0.504828  0.701486  0.555119  0.567436  0.543633  0.433783  0.758688  0.532637 
42  0.480354  0.760832  0.806651  0.515652  0.585822  0.786492  0.709932  0.792520  0.503590  0.671294  0.670487  0.752357  0.507884  0.531609  0.704914  0.675328  0.653809  0.743309  0.472624  0.612651  0.587296  0.590776  0.728810  0.814860  0.675032  0.626717  0.460522  0.545075  0.623331  0.533380  0.723848  0.806777  0.544826  0.709674  0.450064  0.721945  0.645770  0.499371  0.636265  0.631506  0.870278  0.540345 0.0  0.491114  0.597054  0.838377  0.556248  0.542075  0.402487  0.395219  0.674202  0.600926  0.577263  0.581072  0.374501  0.375500  0.607731  0.645618  0.819835  0.694677 
43  0.305957  0.733683  0.931436  0.399203  0.619082  0.727378  0.762009  0.760206  0.654266  0.665209  0.718214  0.730594  0.621512  0.592981  0.831664  0.744556  0.683710  0.894612  0.476990  0.585930  0.739812  0.634887  0.752215  0.729579  0.704345  0.397904  0.296927  0.408005  0.772067  0.589557  0.657712  0.850450  0.591202  0.760350  0.687012  0.683021  0.687939  0.409851  0.580037  0.533103  0.747193  0.529876  0.491114 0.0  0.455301  0.746041  0.479084  0.312936  0.621899  0.522393  0.446599  0.803370  0.728694  0.575581  0.665068  0.521817  0.539691  0.618908  0.769974  0.701529 
44  0.532298  0.747897  0.747953  0.486369  0.663868  0.761123  0.900151  0.708454  0.638952  0.518000  0.732409  0.790909  0.538682  0.623353  0.845667  0.712894  0.694752  0.846907  0.466178  0.610220  0.727544  0.717844  0.755347  0.694948  0.773488  0.442444  0.467820  0.446985  0.765234  0.615162  0.714306  0.757628  0.678702  0.723773  0.535269  0.790822  0.655838  0.346114  0.535203  0.641411  0.863684  0.614629  0.597054  0.455301 0.0  0.640913  0.385878  0.548476  0.632108  0.731699  0.532310  0.724451  0.669043  0.475614  0.700514  0.528178  0.460875  0.622690  0.804654  0.833645 
45  0.652912  0.797227  0.658076  0.739239  0.635357  0.704427  0.732300  0.727201  0.721426  0.633141  0.671910  0.626570  0.635184  0.702293  0.712685  0.708431  0.612001  0.711905  0.643902  0.589709  0.729227  0.754983  0.743346  0.756556  0.703369  0.650199  0.617071  0.688264  0.459287  0.655087  0.726262  0.722690  0.764296  0.692760  0.600324  0.470930  0.693626  0.663848  0.729890  0.708898  0.682443  0.711071  0.838377  0.746041  0.640913 0.0  0.739365  0.637435  0.681138  0.745879  0.744263  0.644765  0.690531  0.736139  0.697274  0.684364  0.712510  0.685893  0.707617  0.670881 
46  0.464020  0.757928  0.876917  0.500408  0.584679  0.753055  0.840054  0.800911  0.656966  0.621505  0.787883  0.781956  0.579150  0.643595  0.755726  0.744832  0.692042  0.829594  0.461797  0.686095  0.707371  0.629207  0.701537  0.770415  0.753227  0.465682  0.490546  0.460977  0.609389  0.620328  0.663387  0.840340  0.624032  0.764345  0.564323  0.641937  0.607725  0.297206  0.535326  0.655648  0.708329  0.510562  0.556248  0.479084  0.385878  0.739365 0.0  0.536090  0.539755  0.555883  0.556251  0.778485  0.559519  0.440915  0.556778  0.513002  0.467964  0.570130  0.704346  0.663485 
47  0.346633  0.732349  0.810693  0.368162  0.740167  0.780210  0.736086  0.862395  0.634291  0.680740  0.836710  0.842511  0.544301  0.568413  0.768095  0.684528  0.753677  1.000000  0.530206  0.513720  0.663507  0.706785  0.711609  0.803716  0.788001  0.327584  0.423559  0.436092  0.652420  0.734095  0.695087  0.797755  0.641332  0.737886  0.646224  0.660886  0.666102  0.583079  0.602845  0.612433  0.775246  0.609626  0.542075  0.312936  0.548476  0.637435  0.536090 0.0  0.494423  0.649455  0.623599  0.667019  0.642203  0.565409  0.614027  0.567378  0.497942  0.751278  0.706753  0.670376 
48  0.568957  0.716608  0.703134  0.496254  0.662242  0.756710  0.773633  0.706420  0.506240  0.708842  0.641296  0.763036  0.645987  0.518673  0.861949  0.666695  0.646887  0.772648  0.634084  0.582162  0.628109  0.641920  0.721841  0.739061  0.818065  0.611558  0.543594  0.600157  0.732426  0.650209  0.813747  0.750782  0.620545  0.816482  0.570224  0.674185  0.526975  0.562157  0.573869  0.560178  0.760740  0.597263  0.402487  0.621899  0.632108  0.681138  0.539755  0.494423 0.0  0.335672  0.542634  0.674235  0.757369  0.594479  0.559943  0.335013  0.546163  0.624998  0.734754  0.725454 
49  0.670674  0.830632  0.808125  0.588791  0.520836  0.821658  0.810867  0.785541  0.592031  0.632563  0.728473  0.795450  0.644652  0.564702  0.822317  0.525639  0.724999  0.863714  0.593505  0.518412  0.556066  0.664875  0.730027  0.733463  0.600488  0.576582  0.552897  0.660086  0.650254  0.489940  0.864096  0.703939  0.603919  0.714225  0.668145  0.678425  0.615085  0.644562  0.507628  0.605492  0.837300  0.540858  0.395219  0.522393  0.731699  0.745879  0.555883  0.649455  0.335672 0.0  0.433180  0.676305  0.608532  0.644940  0.419035  0.366136  0.451725  0.482599  0.748181  0.696910 
50  0.487588  0.770271  0.786856  0.454011  0.518553  0.718657  0.749154  0.767347  0.497942  0.639131  0.652155  0.645024  0.571300  0.369768  0.695270  0.813517  0.680576  0.702033  0.626663  0.533277  0.788551  0.446980  0.615761  0.792050  0.644931  0.619328  0.412721  0.552805  0.792682  0.557334  0.778626  0.786256  0.559646  0.737820  0.499261  0.618363  0.621140  0.605087  0.597498  0.535676  0.739154  0.549678  0.674202  0.446599  0.532310  0.744263  0.556251  0.623599  0.542634  0.433180 0.0  0.781457  0.522123  0.574380  0.609335  0.537260  0.531702  0.540861  0.743517  0.613399 
51  0.790964  0.680648  0.664054  0.838713  0.654130  0.752472  0.697470  0.709301  0.736908  0.628335  0.711195  0.796205  0.814769  0.916955  0.737426  0.377663  0.630066  0.701910  0.759563  0.710352  0.440754  0.758982  0.736563  0.819507  0.678644  0.627386  0.727583  0.730408  0.712270  0.732541  0.781239  0.875401  0.778967  0.736824  0.682570  0.695928  0.753140  0.747784  0.689288  0.731469  0.790118  0.711366  0.600926  0.803370  0.724451  0.644765  0.778485  0.667019  0.674235  0.676305  0.781457 0.0  0.672513  0.783613  0.655089  0.672020  0.824808  0.777546  0.783806  0.443825 
52  0.700200  0.656748  0.718278  0.572641  0.670519  0.956132  0.843933  0.853380  0.214281  0.590500  0.748056  0.806487  0.373956  0.552536  0.743138  0.734418  0.710571  0.823304  0.571981  0.571369  0.783764  0.350437  0.793039  0.839261  0.705059  0.638430  0.583089  0.630295  0.869928  0.421769  0.766734  0.769131  0.383274  0.709979  0.357612  0.757266  0.420490  0.616465  0.393361  0.518884  0.790481  0.504828  0.577263  0.728694  0.669043  0.690531  0.559519  0.642203  0.757369  0.608532  0.522123  0.672513 0.0  0.575918  0.536786  0.506309  0.633411  0.381330  0.693291  0.524745 
53  0.462960  0.823329  0.693808  0.374129  0.647690  0.836070  0.837461  0.795200  0.616096  0.618261  0.734798  0.859733  0.579964  0.627072  0.837721  0.799843  0.792402  0.840084  0.325522  0.734065  0.718533  0.552159  0.705907  0.885566  0.756944  0.619511  0.486547  0.336563  0.740027  0.558752  0.797034  0.807808  0.570175  0.771296  0.583272  0.649847  0.679108  0.502266  0.561599  0.683608  0.780230  0.701486  0.581072  0.575581  0.475614  0.736139  0.440915  0.565409  0.594479  0.644940  0.574380  0.783613  0.575918 0.0  0.604322  0.502168  0.354886  0.646597  0.824958  0.669989 
54  0.538131  0.775672  0.780903  0.635517  0.614703  0.698810  0.829684  0.804703  0.690472  0.609092  0.633444  0.929230  0.599855  0.571912  0.794046  0.672511  0.713005  0.788894  0.542044  0.582436  0.568908  0.565965  0.753358  0.693155  0.596685  0.568386  0.674644  0.616070  0.683637  0.609584  0.849390  0.810841  0.637866  0.701319  0.570435  0.721293  0.542324  0.545120  0.531240  0.550547  0.766254  0.555119  0.374501  0.665068  0.700514  0.697274  0.556778  0.614027  0.559943  0.419035  0.609335  0.655089  0.536786  0.604322 0.0  0.327482  0.602225  0.582127  0.822081  0.868414 
55  0.572850  0.791844  0.750722  0.601603  0.549781  0.814294  0.699873  0.809480  0.496325  0.590828  0.761248  0.675780  0.558468  0.504165  0.737833  0.597248  0.632958  0.708214  0.472005  0.743501  0.668765  0.431123  0.761223  0.711740  0.724442  0.610054  0.612182  0.615812  0.689268  0.540047  0.685876  0.802558  0.488827  0.851498  0.507592  0.700047  0.597902  0.512423  0.591682  0.589091  0.751064  0.567436  0.375500  0.521817  0.528178  0.684364  0.513002  0.567378  0.335013  0.366136  0.537260  0.672020  0.506309  0.502168  0.327482 0.0  0.575984  0.589596  0.718241  0.714113 
56  0.596169  0.729173  0.827178  0.387254  0.573063  0.752755  0.765068  0.781895  0.600054  0.586073  0.736299  0.728153  0.538487  0.519739  0.881412  0.778396  0.709300  0.893809  0.238696  0.665072  0.773032  0.532311  0.640218  0.771730  0.678581  0.480484  0.496475  0.294527  0.739143  0.649967  0.840371  0.707241  0.653938  0.771992  0.644765  0.717166  0.730743  0.569555  0.423302  0.671884  0.829174  0.543633  0.607731  0.539691  0.460875  0.712510  0.467964  0.497942  0.546163  0.451725  0.531702  0.824808  0.633411  0.354886  0.602225  0.575984 0.0  0.647257  0.813137  0.824076 
57  0.630704  0.651485  0.748777  0.537721  0.679952  0.737660  0.798898  0.710450  0.439683  0.588461  0.721774  0.864494  0.377420  0.577717  0.742548  0.776668  0.635148  0.690119  0.657789  0.623724  0.666899  0.384170  0.745427  0.681677  0.829709  0.688225  0.613412  0.701805  0.758989  0.436663  0.780675  0.758033  0.253408  0.713695  0.446912  0.697519  0.366679  0.656938  0.415284  0.536592  0.844089  0.433783  0.645618  0.618908  0.622690  0.685893  0.570130  0.751278  0.624998  0.482599  0.540861  0.777546  0.381330  0.646597  0.582127  0.589596  0.647257 0.0  0.805196  0.545748 
58  0.844432  0.489351  0.384946  0.785997  0.744185  0.365169  0.307620  0.444797  0.772236  0.650073  0.766628  0.370445  0.789222  0.733395  0.290806  0.724356  0.678095  0.271191  0.836846  0.603966  0.749131  0.773541  0.667283  0.371193  0.795441  0.826391  0.923821  0.795933  0.762837  0.822606  0.513461  0.292890  0.825920  0.591745  0.818863  0.770700  0.790637  0.718796  0.714530  0.832322  0.344393  0.758688  0.819835  0.769974  0.804654  0.707617  0.704346  0.706753  0.734754  0.748181  0.743517  0.783806  0.693291  0.824958  0.822081  0.718241  0.813137  0.805196 0.0  0.758050 
59  0.706385  0.681951  0.659901  0.727509  0.680469  0.724455  0.691229  0.701460  0.500212  0.589519  0.712779  0.716488  0.658447  0.687566  0.643283  0.415361  0.713878  0.640923  0.687389  0.625848  0.492466  0.551245  0.701829  0.712775  0.728990  0.718554  0.724110  0.741589  0.663459  0.569552  0.701442  0.669032  0.598917  0.675135  0.563611  0.803286  0.515730  0.722762  0.614119  0.570757  0.702591  0.532637  0.694677  0.701529  0.833645  0.670881  0.663485  0.670376  0.725454  0.696910  0.613399  0.443825  0.524745  0.669989  0.868414  0.714113  0.824076  0.545748  0.758050 0.0 
