60
0 0.0  0.715060  0.826607  0.548067  0.638724  0.848804  0.872194  0.870993  0.687563  0.641828  0.714132  0.830673  0.632536  0.492069  0.859663  0.855789  0.722015  0.854970  0.490086  0.626437  0.812406  0.585284  0.749432  0.782763  0.643572  0.416734  0.320357  0.488871  0.773762  0.619871  0.795640  0.847762  0.597291  0.889990  0.631907  0.631471  0.620718  0.534751  0.513629  0.654899  0.846965  0.585959  0.510772  0.374702  0.512846  0.750540  0.501443  0.446600  0.685631  0.519604  0.626445  0.609634  0.715782  0.554585  0.607883  0.519964  0.501426  0.699204  0.826490  0.769155 
1  0.715060 0.0  0.329743  0.824783  0.689775  0.452727  0.461366  0.342604  0.861811  0.574701  0.826421  0.544632  0.760890  0.829068  0.412724  0.771967  0.701792  0.426863  0.700590  0.635872  0.834350  0.695755  0.708969  0.290308  0.776571  0.795177  0.796921  0.800621  0.883077  0.805650  0.630756  0.362217  0.790857  0.601173  0.754232  0.736296  0.750183  0.926498  0.896878  0.798593  0.403610  0.709975  0.856944  0.762305  0.808500  0.706653  0.752160  0.731309  0.802779  0.797704  0.853476  0.784180  0.752053  0.778683  0.786198  0.772645  0.756930  0.830855  0.400582  0.782161 
2  0.826607  0.329743 0.0  0.743278  0.612186  0.492119  0.403216  0.427324  0.833093  0.615203  0.755731  0.434562  0.832055  0.828449  0.518280  0.910616  0.726604  0.298838  0.904724  0.688089  0.771075  0.812339  0.801257  0.384371  0.776059  0.792886  0.946080  0.824657  0.652625  0.897763  0.615519  0.362817  0.850315  0.509830  0.856625  0.726165  0.792548  0.827369  0.868062  0.756737  0.214500  0.812705  0.786217  0.820032  0.823259  0.739089  0.818558  0.782923  0.703718  0.762886  0.720206  0.767304  0.766237  0.863580  0.804068  0.847821  0.778017  0.815678  0.393459  0.740437 
3  0.548067  0.824783  0.743278 0.0  0.634746  0.797857  0.792299  0.820945  0.582669  0.701246  0.751281  0.744232  0.562112  0.630946  0.845629  0.795622  0.746575  0.837180  0.453070  0.616532  0.772688  0.651789  0.848061  0.960478  0.758977  0.464037  0.369173  0.355514  0.769403  0.592057  0.747398  0.792752  0.580704  0.791409  0.554213  0.787535  0.666744  0.470013  0.609799  0.612095  0.852436  0.640876  0.548398  0.378530  0.519055  0.712980  0.428723  0.509712  0.561302  0.665548  0.597713  0.684127  0.607119  0.297872  0.618987  0.500367  0.471051  0.573238  0.774745  0.683196 
4  0.638724  0.689775  0.612186  0.634746 0.0  0.664636  0.617231  0.591255  0.574109  0.655913  0.473765  0.607802  0.675549  0.636982  0.803415  0.737624  0.624565  0.720678  0.549249  0.727280  0.539833  0.701123  0.629564  0.685712  0.634851  0.709357  0.673616  0.643826  0.554499  0.619248  0.625812  0.663348  0.533063  0.508581  0.616727  0.661453  0.614476  0.687634  0.564688  0.587352  0.585307  0.647497  0.641489  0.651826  0.604521  0.548567  0.633888  0.580598  0.664286  0.661236  0.580883  0.638776  0.685059  0.589385  0.687733  0.549094  0.603627  0.691703  0.645316  0.693059 
5  0.848804  0.452727  0.492119  0.797857  0.664636 0.0  0.423107  0.244845  0.766461  0.652355  0.662250  0.516326  0.853987  0.866569  0.384971  0.745037  0.800470  0.512712  0.827695  0.745110  0.770727  0.807822  0.793076  0.514875  0.789925  0.771390  0.845428  0.896639  0.714968  0.810982  0.536597  0.437894  0.893022  0.598037  0.822012  0.736292  0.825249  0.721813  0.663075  0.832266  0.428547  0.789085  0.948565  0.801090  0.831741  0.750968  0.947957  0.797948  0.866875  0.834246  0.899467  0.706536  0.851905  0.930697  0.833715  0.779190  0.798364  0.781601  0.426051  0.713311 
6  0.872194  0.461366  0.403216  0.792299  0.617231  0.423107 0.0  0.395851  0.882736  0.659588  0.828468  0.380042  0.786343  0.747957  0.279527  0.931267  0.701813  0.395396  0.809241  0.644517  0.748076  0.796658  0.633847  0.421897  0.669782  0.934002  0.825131  0.747604  0.742343  0.833479  0.600172  0.445903  0.744030  0.571724  0.812085  0.713944  0.839524  0.747973  0.791729  0.813742  0.443628  0.829079  0.775467  0.845164  0.796331  0.722120  0.727411  0.761935  0.815056  0.794230  0.819498  0.715870  0.861898  0.799797  0.881605  0.784561  0.828154  0.845135  0.315868  0.666335 
7  0.870993  0.342604  0.427324  0.820945  0.591255  0.244845  0.395851 0.0  0.869838  0.620814  0.774070  0.415195  0.748184  0.787304  0.290786  0.801218  0.747725  0.442346  0.800515  0.615746  0.797929  0.790004  0.782357  0.347456  0.731711  0.921874  0.906226  0.958979  0.813315  0.791899  0.644225  0.335844  0.856903  0.692236  0.801951  0.726411  0.888422  0.844603  0.779361  0.908951  0.430743  0.873487  0.707496  0.838497  0.867370  0.751688  0.950618  0.860824  0.836924  0.824968  0.777713  0.759738  0.907629  0.932443  0.719504  0.729698  0.797979  0.814170  0.353331  0.761081 
8  0.687563  0.861811  0.833093  0.582669  0.574109  0.766461  0.882736  0.869838 0.0  0.568022  0.631444  0.965352  0.489877  0.542020  0.823584  0.862898  0.753499  0.891203  0.720888  0.618155  0.724389  0.384318  0.767724  0.795720  0.645950  0.715530  0.662478  0.627232  0.781004  0.411839  0.864207  0.860115  0.307484  0.776416  0.279416  0.763019  0.417356  0.780395  0.482973  0.467209  0.911429  0.482060  0.497099  0.616460  0.749281  0.753066  0.592514  0.615327  0.633286  0.617352  0.565374  0.671071  0.322683  0.729489  0.728587  0.599115  0.694294  0.400728  0.791287  0.578964 
9  0.641828  0.574701  0.615203  0.701246  0.655913  0.652355  0.659588  0.620814  0.568022 0.0  0.570207  0.641712  0.504776  0.632455  0.581359  0.595626  0.531988  0.673827  0.565336  0.544689  0.679884  0.625728  0.540775  0.552958  0.657009  0.584286  0.733321  0.663384  0.613980  0.608708  0.619316  0.574517  0.675143  0.712522  0.599238  0.663775  0.587478  0.657237  0.663792  0.634375  0.673006  0.596394  0.671122  0.764671  0.632516  0.682690  0.655891  0.656710  0.580983  0.614478  0.699128  0.696314  0.576368  0.624770  0.673445  0.675662  0.649524  0.692216  0.666006  0.653931 
10  0.714132  0.826421  0.755731  0.751281  0.473765  0.662250  0.828468  0.774070  0.631444  0.570207 0.0  0.709182  0.775979  0.774889  0.735211  0.713974  0.641730  0.803853  0.755736  0.689257  0.823892  0.786832  0.522991  0.772700  0.666699  0.769023  0.828598  0.750218  0.745401  0.863888  0.670753  0.749698  0.781493  0.836709  0.685574  0.772170  0.691091  0.896078  0.688420  0.781681  0.771059  0.798875  0.677921  0.721325  0.765860  0.730500  0.733445  0.745693  0.762834  0.623950  0.838954  0.811211  0.709674  0.656917  0.744070  0.783908  0.774405  0.757190  0.810054  0.793800 
11  0.830673  0.544632  0.434562  0.744232  0.607802  0.516326  0.380042  0.415195  0.965352  0.641712  0.709182 0.0  0.840371  0.809903  0.369773  0.849309  0.691426  0.386019  0.835137  0.772133  0.826035  0.872943  0.764644  0.317100  0.698903  0.757843  0.708040  0.865253  0.854586  0.824732  0.653749  0.369092  0.888044  0.602005  0.812999  0.711707  0.819786  0.861283  0.862702  0.881390  0.386945  0.823955  0.802041  0.837782  0.863714  0.817873  0.877445  0.921880  0.832363  0.851316  0.826327  0.843007  0.740598  0.740967  0.773076  0.835154  0.842622  0.873767  0.378668  0.681615 
12  0.632536  0.760890  0.832055  0.562112  0.675549  0.853987  0.786343  0.748184  0.489877  0.504776  0.775979  0.840371 0.0  0.412158  0.718323  0.721358  0.739889  0.814379  0.674287  0.750358  0.795747  0.438075  0.709178  0.895600  0.687538  0.593426  0.688110  0.587770  0.742285  0.536897  0.893570  0.818418  0.533961  0.670465  0.412420  0.682933  0.475950  0.574261  0.371878  0.551749  0.868298  0.394099  0.583880  0.528684  0.523463  0.730002  0.610233  0.566885  0.515037  0.654010  0.625400  0.720603  0.533049  0.601571  0.639619  0.598824  0.635240  0.643592  0.808833  0.496747 
13  0.492069  0.829068  0.828449  0.630946  0.636982  0.866569  0.747957  0.787304  0.542020  0.632455  0.774889  0.809903  0.412158 0.0  0.829209  0.765842  0.727738  0.898320  0.612110  0.740237  0.824761  0.605793  0.793924  0.788223  0.765039  0.589108  0.540355  0.484275  0.694137  0.601273  0.811542  0.747900  0.570073  0.819804  0.611042  0.823239  0.615629  0.561198  0.603664  0.538632  0.770989  0.652514  0.589896  0.528192  0.599861  0.735164  0.641842  0.470557  0.597543  0.597050  0.500019  0.890811  0.632528  0.524269  0.534973  0.460224  0.578348  0.570409  0.818720  0.776663 
14  0.859663  0.412724  0.518280  0.845629  0.803415  0.384971  0.279527  0.290786  0.823584  0.581359  0.735211  0.369773  0.718323  0.829209 0.0  0.864695  0.837609  0.375265  0.921054  0.664299  0.800917  0.766710  0.769560  0.378379  0.805197  0.789984  0.881836  0.895107  0.700841  0.889699  0.598431  0.427617  0.737465  0.636692  1.000000  0.748419  0.839488  0.928027  0.796369  0.836316  0.421186  0.803495  0.784991  0.854755  0.897531  0.757038  0.851675  0.827883  0.772955  0.810211  0.782835  0.829258  0.919760  0.803201  0.860669  0.804611  0.948511  0.914779  0.402526  0.776503 
15  0.855789  0.771967  0.910616  0.795622  0.737624  0.745037  0.931267  0.801218  0.862898  0.595626  0.713974  0.849309  0.721358  0.765842  0.864695 0.0  0.677521  0.818988  0.854771  0.659432  0.273866  0.936793  0.777271  0.825568  0.733681  0.788822  0.822213  0.771483  0.687165  0.815577  0.762392  0.768533  0.803101  0.749192  0.776212  0.665372  0.766256  0.807748  0.914867  0.772002  0.773348  0.752113  0.695365  0.760202  0.731021  0.777919  0.801028  0.690157  0.498967  0.574255  0.740228  0.293249  0.713330  0.802962  0.644680  0.634773  0.802959  0.770683  0.780780  0.561635 
16  0.722015  0.701792  0.726604  0.746575  0.624565  0.800470  0.701813  0.747725  0.753499  0.531988  0.641730  0.691426  0.739889  0.727738  0.837609  0.677521 0.0  0.703113  0.741644  0.567543  0.702093  0.749613  0.773689  0.793365  0.311287  0.776532  0.737587  0.718337  0.880271  0.810788  0.765922  0.725273  0.733010  0.720198  0.726246  0.747488  0.807733  0.738152  0.749448  0.859055  0.770942  0.737272  0.772952  0.713979  0.732664  0.678407  0.755777  0.761388  0.731290  0.743176  0.807917  0.766352  0.681287  0.696076  0.750632  0.723551  0.795598  0.693215  0.745864  0.727185 
17  0.854970  0.426863  0.298838  0.837180  0.720678  0.512712  0.395396  0.442346  0.891203  0.673827  0.803853  0.386019  0.814379  0.898320  0.375265  0.818988  0.703113 0.0  0.920112  0.721880  0.684139  0.875960  0.770200  0.413201  0.714816  0.761333  0.850432  0.834596  0.681589  0.768146  0.559364  0.341001  0.711218  0.518136  0.795441  0.694491  0.831618  0.829716  0.765563  0.755731  0.287216  0.851384  0.835473  0.809954  0.816903  0.746010  0.856881  0.822079  0.855080  0.770702  0.796945  0.769811  0.848671  0.867552  0.687223  0.818513  0.846179  0.841336  0.409938  0.653370 
18  0.490086  0.700590  0.904724  0.453070  0.549249  0.827695  0.809241  0.800515  0.720888  0.565336  0.755736  0.835137  0.674287  0.612110  0.921054  0.854771  0.741644  0.920112 0.0  0.549711  0.762091  0.736381  0.792416  0.894399  0.689735  0.496342  0.418048  0.443412  0.678257  0.743637  0.829646  0.888964  0.630688  0.801417  0.676540  0.740723  0.573169  0.569821  0.530098  0.673219  0.915544  0.607593  0.580431  0.478584  0.452552  0.723856  0.596239  0.548608  0.594292  0.607165  0.464446  0.757625  0.646076  0.394442  0.688630  0.604840  0.302795  0.623958  0.857552  0.670225 
19  0.626437  0.635872  0.688089  0.616532  0.727280  0.745110  0.644517  0.615746  0.618155  0.544689  0.689257  0.772133  0.750358  0.740237  0.664299  0.659432  0.567543  0.721880  0.549711 0.0  0.619652  0.550070  0.711386  0.717298  0.565635  0.688169  0.729000  0.732454  0.568404  0.557243  0.629316  0.700689  0.671804  0.625323  0.760950  0.652172  0.618483  0.665381  0.630890  0.568193  0.712529  0.658034  0.618760  0.563041  0.685444  0.663112  0.583217  0.592147  0.702293  0.601400  0.661194  0.635643  0.657721  0.635307  0.626889  0.664352  0.673960  0.690313  0.616174  0.642199 
20  0.812406  0.834350  0.771075  0.772688  0.539833  0.770727  0.748076  0.797929  0.724389  0.679884  0.823892  0.826035  0.795747  0.824761  0.800917  0.273866  0.702093  0.684139  0.762091  0.619652 0.0  0.814532  0.827677  0.858260  0.863561  0.773592  0.745786  0.869067  0.627454  0.882517  0.791334  0.684318  0.656307  0.869446  0.844991  0.659724  0.780882  0.819574  0.837421  0.771704  0.796012  0.862467  0.658751  0.838261  0.670093  0.714110  0.778086  0.768340  0.609374  0.612267  0.787929  0.510642  0.741779  0.763878  0.659074  0.604673  0.756704  0.835696  0.790233  0.450304 
21  0.585284  0.695755  0.812339  0.651789  0.701123  0.807822  0.796658  0.790004  0.384318  0.625728  0.786832  0.872943  0.438075  0.605793  0.766710  0.936793  0.749613  0.875960  0.736381  0.550070  0.814532 0.0  0.754619  0.729270  0.787047  0.549650  0.679440  0.628431  0.723982  0.382577  0.799894  0.839312  0.426890  0.750130  0.404119  0.766979  0.260061  0.660220  0.387256  0.521056  0.810559  0.437766  0.576169  0.648466  0.592123  0.752862  0.721717  0.601600  0.575959  0.557713  0.665409  0.793466  0.294425  0.638768  0.456241  0.583256  0.710037  0.329443  0.845795  0.564950 
22  0.749432  0.708969  0.801257  0.848061  0.629564  0.793076  0.633847  0.782357  0.767724  0.540775  0.522991  0.764644  0.709178  0.793924  0.769560  0.777271  0.773689  0.770200  0.792416  0.711386  0.827677  0.754619 0.0  0.794851  0.753707  0.715597  0.649799  0.743402  0.777652  0.754841  0.715588  0.743208  0.691252  0.710135  0.776572  0.717622  0.624999  0.784086  0.751833  0.829494  0.771123  0.852607  0.800450  0.810613  0.689815  0.829721  0.745076  0.783229  0.726387  0.771375  0.777257  0.796576  0.620249  0.654948  0.760924  0.839430  0.697698  0.708685  0.716236  0.617505 
23  0.782763  0.290308  0.384371  0.960478  0.685712  0.514875  0.421897  0.347456  0.795720  0.552958  0.772700  0.317100  0.895600  0.788223  0.378379  0.825568  0.793365  0.413201  0.894399  0.717298  0.858260  0.729270  0.794851 0.0  0.609741  0.833460  0.753352  0.775775  0.682773  0.817854  0.661955  0.492992  0.822431  0.547220  0.915789  0.688518  0.878132  0.823426  0.791014  0.738837  0.283221  0.754041  0.820515  0.804494  0.754547  0.787852  0.784217  0.838167  0.703368  0.799817  0.609187  0.648213  0.811921  0.719977  0.801453  0.831465  0.703261  0.755516  0.431111  0.737483 
24  0.643572  0.776571  0.776059  0.758977  0.634851  0.789925  0.669782  0.731711  0.645950  0.657009  0.666699  0.698903  0.687538  0.765039  0.805197  0.733681  0.311287  0.714816  0.689735  0.565635  0.863561  0.787047  0.753707  0.609741 0.0  0.729596  0.787636  0.733498  0.751751  0.697530  0.738249  0.741075  0.733563  0.685443  0.715230  0.687439  0.768759  0.751598  0.774698  0.857291  0.781907  0.845556  0.765091  0.794791  0.658119  0.740622  0.755430  0.669096  0.712903  0.689293  0.718322  0.734648  0.791965  0.720235  0.801211  0.764868  0.696901  0.741337  0.738831  0.733941 
25  0.416734  0.795177  0.792886  0.464037  0.709357  0.771390  0.934002  0.921874  0.715530  0.584286  0.769023  0.757843  0.593426  0.589108  0.789984  0.788822  0.776532  0.761333  0.496342  0.688169  0.773592  0.549650  0.715597  0.833460  0.729596 0.0  0.443179  0.501573  0.771523  0.520847  0.803504  0.809694  0.670518  0.718219  0.711567  0.724960  0.683017  0.525331  0.621655  0.656337  0.824854  0.672235  0.639198  0.405955  0.596942  0.697490  0.575594  0.448362  0.521555  0.560877  0.498512  0.880318  0.600701  0.457799  0.603482  0.601332  0.599616  0.680154  0.820634  0.816117 
26  0.320357  0.796921  0.946080  0.369173  0.673616  0.845428  0.825131  0.906226  0.662478  0.733321  0.828598  0.708040  0.688110  0.540355  0.881836  0.822213  0.737587  0.850432  0.418048  0.729000  0.745786  0.679440  0.649799  0.753352  0.787636  0.443179 0.0  0.403278  0.794946  0.688268  0.734590  0.814363  0.612952  0.794946  0.611153  0.768072  0.602607  0.504095  0.600001  0.646782  0.878938  0.736948  0.529288  0.326216  0.548341  0.756696  0.608863  0.339248  0.642690  0.703773  0.456385  0.821027  0.614186  0.490002  0.690329  0.489207  0.517881  0.567278  0.949352  0.669334 
27  0.488871  0.800621  0.824657  0.355514  0.643826  0.896639  0.747604  0.958979  0.627232  0.663384  0.750218  0.865253  0.587770  0.484275  0.895107  0.771483  0.718337  0.834596  0.443412  0.732454  0.869067  0.628431  0.743402  0.775775  0.733498  0.501573  0.403278 0.0  0.849841  0.621580  0.724113  0.838370  0.667894  0.653795  0.636139  0.754527  0.551002  0.537309  0.669931  0.675587  0.853981  0.615134  0.619597  0.469267  0.552813  0.671524  0.441535  0.629552  0.540786  0.580701  0.532283  0.864210  0.696575  0.251192  0.517196  0.650501  0.347861  0.643060  0.877655  0.699655 
28  0.773762  0.883077  0.652625  0.769403  0.554499  0.714968  0.742343  0.813315  0.781004  0.613980  0.745401  0.854586  0.742285  0.694137  0.700841  0.687165  0.880271  0.681589  0.678257  0.568404  0.627454  0.723982  0.777652  0.682773  0.751751  0.771523  0.794946  0.849841 0.0  0.879536  0.798896  0.633836  0.716484  0.695931  0.717582  0.442136  0.860285  0.754252  0.825032  0.751304  0.764267  0.700450  0.783081  0.720550  0.721867  0.557216  0.729219  0.775917  0.696376  0.845840  0.770604  0.815928  0.690278  0.671228  0.818541  0.803794  0.703086  0.709957  0.736827  0.821427 
29  0.619871  0.805650  0.897763  0.592057  0.619248  0.810982  0.833479  0.791899  0.411839  0.608708  0.863888  0.824732  0.536897  0.601273  0.889699  0.815577  0.810788  0.768146  0.743637  0.557243  0.882517  0.382577  0.754841  0.817854  0.697530  0.520847  0.688268  0.621580  0.879536 0.0  0.797722  0.888547  0.399353  0.933756  0.434039  0.731396  0.459380  0.597138  0.477986  0.490936  0.848188  0.491504  0.539174  0.632883  0.634011  0.685512  0.690899  0.681277  0.549496  0.654586  0.528316  0.820202  0.432213  0.668685  0.509207  0.535196  0.568711  0.443932  0.767118  0.581025 
30  0.795640  0.630756  0.615519  0.747398  0.625812  0.536597  0.600172  0.644225  0.864207  0.619316  0.670753  0.653749  0.893570  0.811542  0.598431  0.762392  0.765922  0.559364  0.829646  0.629316  0.791334  0.799894  0.715588  0.661955  0.738249  0.803504  0.734590  0.724113  0.798896  0.797722 0.0  0.596130  0.758341  0.535023  0.844304  0.776214  0.765626  0.920580  0.816432  0.865824  0.546479  0.771425  0.820093  0.813152  0.809886  0.811479  0.857408  0.847896  0.829264  0.855482  0.742198  0.816723  0.759475  0.749551  0.810565  0.735640  0.706901  0.817178  0.660778  0.706441 
31  0.847762  0.362217  0.362817  0.792752  0.663348  0.437894  0.445903  0.335844  0.860115  0.574517  0.749698  0.369092  0.818418  0.747900  0.427617  0.768533  0.725273  0.341001  0.888964  0.700689  0.684318  0.839312  0.743208  0.492992  0.741075  0.809694  0.814363  0.838370  0.633836  0.888547  0.596130 0.0  0.832608  0.541282  0.891603  0.802620  0.895299  0.723028  0.803830  0.757723  0.248473  0.827673  0.958226  0.915717  0.894172  0.714282  0.747617  0.840878  0.807068  0.918511  0.744000  0.947394  0.839759  0.833785  0.809952  0.785166  0.881083  0.800146  0.406499  0.799635 
32  0.597291  0.790857  0.850315  0.580704  0.533063  0.893022  0.744030  0.856903  0.307484  0.675143  0.781493  0.888044  0.533961  0.570073  0.737465  0.803101  0.733010  0.711218  0.630688  0.671804  0.656307  0.426890  0.691252  0.822431  0.733563  0.670518  0.612952  0.667894  0.716484  0.399353  0.758341  0.832608 0.0  0.758424  0.413478  0.738461  0.361293  0.736405  0.372560  0.541579  0.922496  0.416636  0.571909  0.732047  0.675144  0.779615  0.761149  0.624430  0.533470  0.520802  0.613206  0.837341  0.405586  0.650072  0.682698  0.519074  0.715421  0.250810  0.764311  0.552809 
33  0.889990  0.601173  0.509830  0.791409  0.508581  0.598037  0.571724  0.692236  0.776416  0.712522  0.836709  0.602005  0.670465  0.819804  0.636692  0.749192  0.720198  0.518136  0.801417  0.625323  0.869446  0.750130  0.710135  0.547220  0.685443  0.718219  0.794946  0.653795  0.695931  0.933756  0.535023  0.541282  0.758424 0.0  0.695085  0.699484  0.673082  0.861926  0.787075  0.762387  0.594123  0.770240  0.747607  0.773724  0.749298  0.762771  0.802852  0.653870  0.842118  0.828993  0.785709  0.736918  0.769741  0.705091  0.778893  0.804747  0.747712  0.820866  0.566005  0.722625 
34  0.631907  0.754232  0.856625  0.554213  0.616727  0.822012  0.812085  0.801951  0.279416  0.599238  0.685574  0.812999  0.412420  0.611042  1.000000  0.776212  0.726246  0.795441  0.676540  0.760950  0.844991  0.404119  0.776572  0.915789  0.715230  0.711567  0.611153  0.636139  0.717582  0.434039  0.844304  0.891603  0.413478  0.695085 0.0  0.790139  0.433947  0.625870  0.341184  0.501738  0.926318  0.447290  0.634510  0.592352  0.555527  0.747231  0.675667  0.756012  0.729249  0.638264  0.516849  0.742176  0.409151  0.725484  0.628181  0.587085  0.706809  0.321122  0.801717  0.671131 
35  0.631471  0.736296  0.726165  0.787535  0.661453  0.736292  0.713944  0.726411  0.763019  0.663775  0.772170  0.711707  0.682933  0.823239  0.748419  0.665372  0.747488  0.694491  0.740723  0.652172  0.659724  0.766979  0.717622  0.688518  0.687439  0.724960  0.768072  0.754527  0.442136  0.731396  0.776214  0.802620  0.738461  0.699484  0.790139 0.0  0.690543  0.721504  0.694794  0.751573  0.694360  0.794654  0.669717  0.742429  0.787553  0.575962  0.694518  0.857666  0.742066  0.783766  0.756157  0.616397  0.746927  0.772594  0.785867  0.703741  0.722998  0.678298  0.793950  0.738376 
36  0.620718  0.750183  0.792548  0.666744  0.614476  0.825249  0.839524  0.888422  0.417356  0.587478  0.691091  0.819786  0.475950  0.615629  0.839488  0.766256  0.807733  0.831618  0.573169  0.618483  0.780882  0.260061  0.624999  0.878132  0.768759  0.683017  0.602607  0.551002  0.860285  0.459380  0.765626  0.895299  0.361293  0.673082  0.433947  0.690543 0.0  0.653469  0.487832  0.532049  0.738373  0.449908  0.608687  0.643084  0.604008  0.779566  0.771397  0.664555  0.625958  0.602549  0.620003  0.771716  0.434228  0.644776  0.532951  0.663115  0.629446  0.250383  0.752583  0.608835 
37  0.534751  0.926498  0.827369  0.470013  0.687634  0.721813  0.747973  0.844603  0.780395  0.657237  0.896078  0.861283  0.574261  0.561198  0.928027  0.807748  0.738152  0.829716  0.569821  0.665381  0.819574  0.660220  0.784086  0.823426  0.751598  0.525331  0.504095  0.537309  0.754252  0.597138  0.920580  0.723028  0.736405  0.861926  0.625870  0.721504  0.653469 0.0  0.551090  0.656677  0.905109  0.518989  0.624820  0.528921  0.409376  0.729602  0.382846  0.565198  0.632533  0.548221  0.609700  0.809539  0.671344  0.578576  0.660293  0.623920  0.527975  0.683183  0.816108  0.658132 
38  0.513629  0.896878  0.868062  0.609799  0.564688  0.663075  0.791729  0.779361  0.482973  0.663792  0.688420  0.862702  0.371878  0.603664  0.796369  0.914867  0.749448  0.765563  0.530098  0.630890  0.837421  0.387256  0.751833  0.791014  0.774698  0.621655  0.600001  0.669931  0.825032  0.477986  0.816432  0.803830  0.372560  0.787075  0.341184  0.694794  0.487832  0.551090 0.0  0.346636  0.799705  0.490335  0.548361  0.591278  0.553708  0.755613  0.472955  0.594813  0.487153  0.479086  0.520013  0.806700  0.328009  0.525909  0.599368  0.554946  0.500305  0.398762  0.687341  0.646456 
39  0.654899  0.798593  0.756737  0.612095  0.587352  0.832266  0.813742  0.908951  0.467209  0.634375  0.781681  0.881390  0.551749  0.538632  0.836316  0.772002  0.859055  0.755731  0.673219  0.568193  0.771704  0.521056  0.829494  0.738837  0.857291  0.656337  0.646782  0.675587  0.751304  0.490936  0.865824  0.757723  0.541579  0.762387  0.501738  0.751573  0.532049  0.656677  0.346636 0.0  0.811859  0.280147  0.548558  0.702121  0.657945  0.786610  0.581694  0.526408  0.591044  0.556295  0.547106  0.787937  0.470369  0.721020  0.645876  0.557087  0.709454  0.539516  0.951864  0.514704 
40  0.846965  0.403610  0.214500  0.852436  0.585307  0.428547  0.443628  0.430743  0.911429  0.673006  0.771059  0.386945  0.868298  0.770989  0.421186  0.773348  0.770942  0.287216  0.915544  0.712529  0.796012  0.810559  0.771123  0.283221  0.781907  0.824854  0.878938  0.853981  0.764267  0.848188  0.546479  0.248473  0.922496  0.594123  0.926318  0.694360  0.738373  0.905109  0.799705  0.811859 0.0  0.755758  0.808668  0.904807  0.863022  0.794097  0.857198  0.781931  0.870577  0.833459  0.817841  0.760794  0.778286  0.906251  0.768848  0.661038  0.864867  0.821346  0.317448  0.678348 
41  0.585959  0.709975  0.812705  0.640876  0.647497  0.789085  0.829079  0.873487  0.482060  0.596394  0.798875  0.823955  0.394099  0.652514  0.803495  0.752113  0.737272  0.851384  0.607593  0.658034  0.862467  0.437766  0.852607  0.754041  0.845556  0.672235  0.736948  0.615134  0.700450  0.491504  0.771425  0.827673  0.416636  0.770240  0.447290  0.794654  0.449908  0.518989  0.490335  0.280147  0.755758 0.0  0.590599  0.624115  0.644672  0.684465  0.613746  0.629336  0.717255  0.622440  0.505392  0.758129  0.452734  0.630854  0.606732  0.609017  0.594471  0.530833  0.847508  0.557964 
42  0.510772  0.856944  0.786217  0.548398  0.641489  0.948565  0.775467  0.707496  0.497099  0.671122  0.677921  0.802041  0.583880  0.589896  0.784991  0.695365  0.772952  0.835473  0.580431  0.618760  0.658751  0.576169  0.800450  0.820515  0.765091  0.639198  0.529288  0.619597  0.783081  0.539174  0.820093  0.958226  0.571909  0.747607  0.634510  0.669717  0.608687  0.624820  0.548361  0.548558  0.808668  0.590599 0.0  0.433944  0.530252  0.745638  0.576478  0.575550  0.376181  0.462179  0.491283  0.719196  0.580235  0.595904  0.398738  0.415862  0.464291  0.511508  0.763120  0.812040 
43  0.374702  0.762305  0.820032  0.378530  0.651826  0.801090  0.845164  0.838497  0.616460  0.764671  0.721325  0.837782  0.528684  0.528192  0.854755  0.760202  0.713979  0.809954  0.478584  0.563041  0.838261  0.648466  0.810613  0.804494  0.794791  0.405955  0.326216  0.469267  0.720550  0.632883  0.813152  0.915717  0.732047  0.773724  0.592352  0.742429  0.643084  0.528921  0.591278  0.702121  0.904807  0.624115  0.433944 0.0  0.530932  0.690461  0.494507  0.430871  0.643694  0.556386  0.462838  0.893869  0.712436  0.566493  0.614758  0.571113  0.528980  0.726378  0.829388  0.668045 
44  0.512846  0.808500  0.823259  0.519055  0.604521  0.831741  0.796331  0.867370  0.749281  0.632516  0.765860  0.863714  0.523463  0.599861  0.897531  0.731021  0.732664  0.816903  0.452552  0.685444  0.670093  0.592123  0.689815  0.754547  0.658119  0.596942  0.548341  0.552813  0.721867  0.634011  0.809886  0.894172  0.675144  0.749298  0.555527  0.787553  0.604008  0.409376  0.553708  0.657945  0.863022  0.644672  0.530252  0.530932 0.0  0.691486  0.440046  0.522738  0.531888  0.657659  0.602794  0.792678  0.716361  0.511962  0.624896  0.571852  0.479390  0.662685  0.894451  0.747844 
45  0.750540  0.706653  0.739089  0.712980  0.548567  0.750968  0.722120  0.751688  0.753066  0.682690  0.730500  0.817873  0.730002  0.735164  0.757038  0.777919  0.678407  0.746010  0.723856  0.663112  0.714110  0.752862  0.829721  0.787852  0.740622  0.697490  0.756696  0.671524  0.557216  0.685512  0.811479  0.714282  0.779615  0.762771  0.747231  0.575962  0.779566  0.729602  0.755613  0.786610  0.794097  0.684465  0.745638  0.690461  0.691486 0.0  0.811062  0.735805  0.701022  0.819606  0.690426  0.733701  0.632808  0.763137  0.750787  0.733621  0.678917  0.704821  0.719342  0.817900 
46  0.501443  0.752160  0.818558  0.428723  0.633888  0.947957  0.727411  0.950618  0.592514  0.655891  0.733445  0.877445  0.610233  0.641842  0.851675  0.801028  0.755777  0.856881  0.596239  0.583217  0.778086  0.721717  0.745076  0.784217  0.755430  0.575594  0.608863  0.441535  0.729219  0.690899  0.857408  0.747617  0.761149  0.802852  0.675667  0.694518  0.771397  0.382846  0.472955  0.581694  0.857198  0.613746  0.576478  0.494507  0.440046  0.811062 0.0  0.515874  0.602867  0.635078  0.593720  0.782216  0.685915  0.494084  0.705731  0.527195  0.563466  0.682142  0.865494  0.822486 
47  0.446600  0.731309  0.782923  0.509712  0.580598  0.797948  0.761935  0.860824  0.615327  0.656710  0.745693  0.921880  0.566885  0.470557  0.827883  0.690157  0.761388  0.822079  0.548608  0.592147  0.768340  0.601600  0.783229  0.838167  0.669096  0.448362  0.339248  0.629552  0.775917  0.681277  0.847896  0.840878  0.624430  0.653870  0.756012  0.857666  0.664555  0.565198  0.594813  0.526408  0.781931  0.629336  0.575550  0.430871  0.522738  0.735805  0.515874 0.0  0.610144  0.522113  0.648368  0.774022  0.691365  0.495540  0.776480  0.540851  0.374076  0.710164  0.709518  0.742367 
48  0.685631  0.802779  0.703718  0.561302  0.664286  0.866875  0.815056  0.836924  0.633286  0.580983  0.762834  0.832363  0.515037  0.597543  0.772955  0.498967  0.731290  0.855080  0.594292  0.702293  0.609374  0.575959  0.726387  0.703368  0.712903  0.521555  0.642690  0.540786  0.696376  0.549496  0.829264  0.807068  0.533470  0.842118  0.729249  0.742066  0.625958  0.632533  0.487153  0.591044  0.870577  0.717255  0.376181  0.643694  0.531888  0.701022  0.602867  0.610144 0.0  0.352569  0.571839  0.689192  0.616228  0.628919  0.422443  0.440691  0.643317  0.632187  0.768754  0.740274 
49  0.519604  0.797704  0.762886  0.665548  0.661236  0.834246  0.794230  0.824968  0.617352  0.614478  0.623950  0.851316  0.654010  0.597050  0.810211  0.574255  0.743176  0.770702  0.607165  0.601400  0.612267  0.557713  0.771375  0.799817  0.689293  0.560877  0.703773  0.580701  0.845840  0.654586  0.855482  0.918511  0.520802  0.828993  0.638264  0.783766  0.602549  0.548221  0.479086  0.556295  0.833459  0.622440  0.462179  0.556386  0.657659  0.819606  0.635078  0.522113  0.352569 0.0  0.658207  0.634206  0.598310  0.665918  0.552266  0.429226  0.574920  0.548076  0.841260  0.779817 
50  0.626445  0.853476  0.720206  0.597713  0.580883  0.899467  0.819498  0.777713  0.565374  0.699128  0.838954  0.826327  0.625400  0.500019  0.782835  0.740228  0.807917  0.796945  0.464446  0.661194  0.787929  0.665409  0.777257  0.609187  0.718322  0.498512  0.456385  0.532283  0.770604  0.528316  0.742198  0.744000  0.613206  0.785709  0.516849  0.756157  0.620003  0.609700  0.520013  0.547106  0.817841  0.505392  0.491283  0.462838  0.602794  0.690426  0.593720  0.648368  0.571839  0.658207 0.0  0.893075  0.505582  0.601766  0.598491  0.567799  0.607101  0.655411  0.806523  0.708363 
51  0.609634  0.784180  0.767304  0.684127  0.638776  0.706536  0.715870  0.759738  0.671071  0.696314  0.811211  0.843007  0.720603  0.890811  0.829258  0.293249  0.766352  0.769811  0.757625  0.635643  0.510642  0.793466  0.796576  0.648213  0.734648  0.880318  0.821027  0.864210  0.815928  0.820202  0.816723  0.947394  0.837341  0.736918  0.742176  0.616397  0.771716  0.809539  0.806700  0.787937  0.760794  0.758129  0.719196  0.893869  0.792678  0.733701  0.782216  0.774022  0.689192  0.634206  0.893075 0.0  0.759680  0.704761  0.703261  0.566838  0.790732  0.831098  0.836628  0.532296 
52  0.715782  0.752053  0.766237  0.607119  0.685059  0.851905  0.861898  0.907629  0.322683  0.576368  0.709674  0.740598  0.533049  0.632528  0.919760  0.713330  0.681287  0.848671  0.646076  0.657721  0.741779  0.294425  0.620249  0.811921  0.791965  0.600701  0.614186  0.696575  0.690278  0.432213  0.759475  0.839759  0.405586  0.769741  0.409151  0.746927  0.434228  0.671344  0.328009  0.470369  0.778286  0.452734  0.580235  0.712436  0.716361  0.632808  0.685915  0.691365  0.616228  0.598310  0.505582  0.759680 0.0  0.620978  0.724810  0.580247  0.753651  0.363504  0.772942  0.620027 
53  0.554585  0.778683  0.863580  0.297872  0.589385  0.930697  0.799797  0.932443  0.729489  0.624770  0.656917  0.740967  0.601571  0.524269  0.803201  0.802962  0.696076  0.867552  0.394442  0.635307  0.763878  0.638768  0.654948  0.719977  0.720235  0.457799  0.490002  0.251192  0.671228  0.668685  0.749551  0.833785  0.650072  0.705091  0.725484  0.772594  0.644776  0.578576  0.525909  0.721020  0.906251  0.630854  0.595904  0.566493  0.511962  0.763137  0.494084  0.495540  0.628919  0.665918  0.601766  0.704761  0.620978 0.0  0.635967  0.606632  0.441599  0.712755  0.862050  0.708553 
54  0.607883  0.786198  0.804068  0.618987  0.687733  0.833715  0.881605  0.719504  0.728587  0.673445  0.744070  0.773076  0.639619  0.534973  0.860669  0.644680  0.750632  0.687223  0.688630  0.626889  0.659074  0.456241  0.760924  0.801453  0.801211  0.603482  0.690329  0.517196  0.818541  0.509207  0.810565  0.809952  0.682698  0.778893  0.628181  0.785867  0.532951  0.660293  0.599368  0.645876  0.768848  0.606732  0.398738  0.614758  0.624896  0.750787  0.705731  0.776480  0.422443  0.552266  0.598491  0.703261  0.724810  0.635967 0.0  0.434235  0.680121  0.481255  0.736788  0.691489 
55  0.519964  0.772645  0.847821  0.500367  0.549094  0.779190  0.784561  0.729698  0.599115  0.675662  0.783908  0.835154  0.598824  0.460224  0.804611  0.634773  0.723551  0.818513  0.604840  0.664352  0.604673  0.583256  0.839430  0.831465  0.764868  0.601332  0.489207  0.650501  0.803794  0.535196  0.735640  0.785166  0.519074  0.804747  0.587085  0.703741  0.663115  0.623920  0.554946  0.557087  0.661038  0.609017  0.415862  0.571113  0.571852  0.733621  0.527195  0.540851  0.440691  0.429226  0.567799  0.566838  0.580247  0.606632  0.434235 0.0  0.625829  0.532590  0.747160  0.758472 
56  0.501426  0.756930  0.778017  0.471051  0.603627  0.798364  0.828154  0.797979  0.694294  0.649524  0.774405  0.842622  0.635240  0.578348  0.948511  0.802959  0.795598  0.846179  0.302795  0.673960  0.756704  0.710037  0.697698  0.703261  0.696901  0.599616  0.517881  0.347861  0.703086  0.568711  0.706901  0.881083  0.715421  0.747712  0.706809  0.722998  0.629446  0.527975  0.500305  0.709454  0.864867  0.594471  0.464291  0.528980  0.479390  0.678917  0.563466  0.374076  0.643317  0.574920  0.607101  0.790732  0.753651  0.441599  0.680121  0.625829 0.0  0.627562  0.777439  0.888149 
57  0.699204  0.830855  0.815678  0.573238  0.691703  0.781601  0.845135  0.814170  0.400728  0.692216  0.757190  0.873767  0.643592  0.570409  0.914779  0.770683  0.693215  0.841336  0.623958  0.690313  0.835696  0.329443  0.708685  0.755516  0.741337  0.680154  0.567278  0.643060  0.709957  0.443932  0.817178  0.800146  0.250810  0.820866  0.321122  0.678298  0.250383  0.683183  0.398762  0.539516  0.821346  0.530833  0.511508  0.726378  0.662685  0.704821  0.682142  0.710164  0.632187  0.548076  0.655411  0.831098  0.363504  0.712755  0.481255  0.532590  0.627562 0.0  0.796792  0.539482 
58  0.826490  0.400582  0.393459  0.774745  0.645316  0.426051  0.315868  0.353331  0.791287  0.666006  0.810054  0.378668  0.808833  0.818720  0.402526  0.780780  0.745864  0.409938  0.857552  0.616174  0.790233  0.845795  0.716236  0.431111  0.738831  0.820634  0.949352  0.877655  0.736827  0.767118  0.660778  0.406499  0.764311  0.566005  0.801717  0.793950  0.752583  0.816108  0.687341  0.951864  0.317448  0.847508  0.763120  0.829388  0.894451  0.719342  0.865494  0.709518  0.768754  0.841260  0.806523  0.836628  0.772942  0.862050  0.736788  0.747160  0.777439  0.796792 0.0  0.657714 
59  0.769155  0.782161  0.740437  0.683196  0.693059  0.713311  0.666335  0.761081  0.578964  0.653931  0.793800  0.681615  0.496747  0.776663  0.776503  0.561635  0.727185  0.653370  0.670225  0.642199  0.450304  0.564950  0.617505  0.737483  0.733941  0.816117  0.669334  0.699655  0.821427  0.581025  0.706441  0.799635  0.552809  0.722625  0.671131  0.738376  0.608835  0.658132  0.646456  0.514704  0.678348  0.557964  0.812040  0.668045  0.747844  0.817900  0.822486  0.742367  0.740274  0.779817  0.708363  0.532296  0.620027  0.708553  0.691489  0.758472  0.888149  0.539482  0.657714 0.0 
