60
0 0.0  0.695398  0.859810  0.439465  0.510286  0.774621  0.793576  0.785493  0.726990  0.584408  0.651938  0.796989  0.506622  0.629255  0.732688  0.781653  0.770836  0.810487  0.512652  0.542477  0.688875  0.656620  0.767979  0.786035  0.761138  0.312845  0.348093  0.457814  0.655459  0.666653  0.854665  0.847752  0.651374  0.933555  0.653269  0.810444  0.635133  0.457998  0.586785  0.744633  0.870647  0.601548  0.608361  0.363474  0.518632  0.741082  0.434361  0.436792  0.657047  0.582962  0.564903  0.793751  0.685154  0.558740  0.603984  0.581327  0.583917  0.684690  0.878830  0.711851 
1  0.695398 0.0  0.424672  0.792691  0.603273  0.461807  0.379769  0.227699  0.761757  0.550402  0.798232  0.401824  0.763549  0.726626  0.548161  0.774276  0.741095  0.327649  0.879781  0.521763  0.764420  0.853917  0.730054  0.279337  0.644564  0.808442  0.872912  0.765051  0.858069  0.660900  0.530209  0.449629  0.829979  0.566421  0.836089  0.707281  0.789572  0.765617  0.829351  0.751185  0.475728  0.760267  0.758346  0.800407  0.805322  0.712005  0.770045  0.780937  0.819267  0.816923  0.844162  0.834772  0.675618  0.719121  0.825090  0.755259  0.750455  0.697596  0.417832  0.760732 
2  0.859810  0.424672 0.0  0.877378  0.620593  0.437854  0.398583  0.386804  0.772718  0.642807  0.702850  0.183495  0.882109  0.783097  0.486822  0.816565  0.758090  0.226084  0.849732  0.617804  0.810904  0.902208  0.689027  0.524541  0.707529  0.788990  0.836870  0.795979  0.719533  0.870183  0.539338  0.383024  0.808663  0.514709  0.827368  0.744853  0.712730  0.774843  0.793261  0.778963  0.349960  0.725270  0.802354  0.848763  0.797102  0.683810  0.769430  0.796586  0.775961  0.794433  0.910422  0.806951  0.838016  0.718044  0.833381  0.735253  0.835642  0.797187  0.434544  0.714740 
3  0.439465  0.792691  0.877378 0.0  0.623719  0.724041  0.850936  0.894950  0.585635  0.647111  0.702690  0.849975  0.598300  0.587246  0.805864  0.708133  0.694025  0.873944  0.360761  0.679283  0.737041  0.710061  0.675890  0.813449  0.637148  0.481715  0.515369  0.468362  0.837155  0.534014  0.827922  0.702055  0.627316  0.765457  0.590628  0.709247  0.610358  0.601224  0.657291  0.683326  0.888519  0.632645  0.634816  0.433822  0.474048  0.765906  0.558348  0.421271  0.623871  0.596626  0.461204  0.757443  0.587583  0.332148  0.592958  0.610164  0.326257  0.572082  0.780640  0.758933 
4  0.510286  0.603273  0.620593  0.623719 0.0  0.648635  0.636147  0.575250  0.694853  0.714055  0.723531  0.573584  0.650338  0.590215  0.696704  0.635253  0.618770  0.535190  0.654130  0.576289  0.660914  0.701470  0.618500  0.680870  0.593321  0.620232  0.545056  0.709070  0.700802  0.536094  0.629266  0.616664  0.670375  0.619367  0.608050  0.633475  0.612781  0.636200  0.555551  0.647709  0.613182  0.674007  0.639104  0.649403  0.546256  0.671489  0.530468  0.597067  0.696661  0.613432  0.613505  0.618253  0.623099  0.588871  0.687672  0.588693  0.554114  0.603624  0.559162  0.614120 
5  0.774621  0.461807  0.437854  0.724041  0.648635 0.0  0.374506  0.326892  0.868237  0.611521  0.733241  0.423198  0.833917  0.802276  0.480269  0.711833  0.745830  0.367730  0.866447  0.512171  0.787391  0.701729  0.738407  0.398552  0.774880  0.783893  0.863389  0.822499  0.705634  0.831884  0.535178  0.506515  0.806599  0.472568  0.755237  0.662245  0.809858  0.879520  0.793788  0.779187  0.320124  0.889533  0.716631  0.780199  0.861494  0.680924  0.816296  0.704964  0.769548  0.759948  0.825436  0.813092  0.838304  0.766246  0.815245  0.810087  0.873948  0.830371  0.321618  0.659321 
6  0.793576  0.379769  0.398583  0.850936  0.636147  0.374506 0.0  0.337115  0.796345  0.613843  0.748108  0.441584  0.869231  0.763228  0.319905  0.794059  0.701338  0.357887  0.883066  0.681867  0.794017  0.826807  0.787071  0.413739  0.765457  0.764994  0.879503  0.818589  0.634258  0.868384  0.551085  0.357713  0.886233  0.711268  0.898429  0.717070  0.798650  0.788419  0.776172  0.829232  0.349567  0.873364  0.785610  0.710262  0.814676  0.756071  0.708736  0.864941  0.856452  0.816007  0.802987  0.705107  0.760916  0.763651  0.804787  0.739941  0.788716  0.809124  0.294707  0.698295 
7  0.785493  0.227699  0.386804  0.894950  0.575250  0.326892  0.337115 0.0  0.807260  0.703028  0.773798  0.331393  0.756371  0.862493  0.343783  0.962921  0.679428  0.389336  0.825011  0.584202  0.824767  0.844270  0.740690  0.325681  0.750934  0.957408  0.805321  0.856670  0.849376  0.790515  0.585387  0.427221  0.765163  0.593455  0.879109  0.702559  0.785632  0.840135  0.755967  0.791804  0.543815  0.807141  0.857791  0.809434  0.766267  0.729866  0.789507  0.804514  0.852274  0.828755  0.743206  0.668147  0.703964  0.758837  0.762536  0.769328  0.758708  0.896069  0.248106  0.744950 
8  0.726990  0.761757  0.772718  0.585635  0.694853  0.868237  0.796345  0.807260 0.0  0.488299  0.707111  0.873697  0.411786  0.556391  0.877835  0.711428  0.839310  0.843132  0.630257  0.617794  0.781086  0.341473  0.827315  0.791188  0.757902  0.744513  0.714455  0.499783  0.793468  0.455558  0.673206  0.905994  0.418929  0.776337  0.397852  0.632526  0.308668  0.661335  0.350078  0.579361  0.861789  0.534900  0.544599  0.638688  0.669467  0.748529  0.575669  0.702258  0.653815  0.684863  0.590145  0.850277  0.318503  0.690865  0.524812  0.522221  0.657446  0.384273  0.855418  0.493270 
9  0.584408  0.550402  0.642807  0.647111  0.714055  0.611521  0.613843  0.703028  0.488299 0.0  0.611483  0.635612  0.575837  0.672298  0.612287  0.657154  0.650274  0.639267  0.568864  0.600066  0.536710  0.564328  0.644890  0.631956  0.670609  0.608853  0.578501  0.714034  0.591260  0.615676  0.592452  0.678558  0.630115  0.555831  0.645580  0.646607  0.603270  0.529953  0.600952  0.608049  0.596866  0.529582  0.590651  0.687316  0.611404  0.557529  0.675488  0.687048  0.673566  0.617307  0.642683  0.689016  0.699004  0.570117  0.583364  0.654646  0.645111  0.528957  0.695668  0.703636 
10  0.651938  0.798232  0.702850  0.702690  0.723531  0.733241  0.748108  0.773798  0.707111  0.611483 0.0  0.763570  0.754086  0.739106  0.652897  0.676619  0.709691  0.769768  0.780001  0.642246  0.800548  0.731248  0.508248  0.759561  0.776739  0.713758  0.762922  0.664651  0.691251  0.713366  0.824281  0.634101  0.764916  0.663632  0.743120  0.704700  0.672413  0.753855  0.650630  0.719044  0.798917  0.725376  0.607257  0.720430  0.737854  0.693504  0.735200  0.738265  0.761163  0.768129  0.761400  0.737805  0.663955  0.820074  0.791677  0.678938  0.635300  0.743860  0.782767  0.693922 
11  0.796989  0.401824  0.183495  0.849975  0.573584  0.423198  0.441584  0.331393  0.873697  0.635612  0.763570 0.0  0.855326  0.784545  0.455130  0.855075  0.673437  0.272319  0.807794  0.487462  0.848785  0.838227  0.730953  0.357158  0.779338  0.889876  0.734225  0.807618  0.753110  0.859552  0.591958  0.320570  1.000000  0.623199  0.865527  0.761204  0.839034  0.824052  0.835424  0.886500  0.487249  0.859794  0.770096  0.840660  0.809738  0.724696  0.823489  0.799333  0.861944  0.844462  0.647643  0.734788  0.874856  0.799637  0.843215  0.813688  0.943431  0.839160  0.306870  0.705591 
12  0.506622  0.763549  0.882109  0.598300  0.650338  0.833917  0.869231  0.756371  0.411786  0.575837  0.754086  0.855326 0.0  0.507866  0.816447  0.810570  0.757867  0.744539  0.645726  0.620751  0.727296  0.506033  0.834515  0.810323  0.682084  0.598360  0.596817  0.500898  0.694402  0.400347  0.827609  0.849000  0.408416  0.828152  0.399065  0.724802  0.399137  0.613245  0.512551  0.473673  0.822123  0.429551  0.522571  0.741300  0.717037  0.742262  0.661147  0.592550  0.678705  0.669457  0.555522  0.907392  0.537738  0.605275  0.592488  0.633062  0.666436  0.512731  0.705385  0.607459 
13  0.629255  0.726626  0.783097  0.587246  0.590215  0.802276  0.763228  0.862493  0.556391  0.672298  0.739106  0.784545  0.507866 0.0  0.751786  0.834941  0.609953  0.595260  0.510048  0.736914  0.753986  0.579108  0.813185  0.860701  0.773881  0.495417  0.564910  0.530434  0.755493  0.592366  0.827151  0.856498  0.566482  0.826153  0.588645  0.761820  0.554385  0.628589  0.545945  0.502775  0.758457  0.548205  0.619278  0.529264  0.503219  0.664879  0.508105  0.501062  0.609074  0.524531  0.435185  0.656428  0.576925  0.630669  0.495403  0.584455  0.595923  0.565052  0.718489  0.694122 
14  0.732688  0.548161  0.486822  0.805864  0.696704  0.480269  0.319905  0.343783  0.877835  0.612287  0.652897  0.455130  0.816447  0.751786 0.0  0.921329  0.726476  0.518970  0.846301  0.666865  0.826636  0.800752  0.789250  0.357048  0.757444  0.744987  0.868306  0.848545  0.674037  0.875600  0.605067  0.438401  0.786689  0.646580  0.792605  0.766707  0.888261  0.854058  0.768696  0.844296  0.414046  0.904747  0.776129  0.714082  0.847419  0.648489  0.839320  0.851757  0.882579  0.808815  0.768971  0.826372  0.800845  0.726999  0.804721  0.805123  0.797499  0.855930  0.387785  0.779162 
15  0.781653  0.774276  0.816565  0.708133  0.635253  0.711833  0.794059  0.962921  0.711428  0.657154  0.676619  0.855075  0.810570  0.834941  0.921329 0.0  0.760820  0.766068  0.759212  0.661533  0.397691  0.846341  0.683095  0.854661  0.672883  0.675022  0.693249  0.671900  0.790814  0.781693  0.766328  0.821728  0.768065  0.775981  0.762223  0.714673  0.739951  0.812002  0.754512  0.780513  0.853541  0.652427  0.633572  0.727550  0.820760  0.749668  0.830772  0.787543  0.696613  0.718413  0.827108  0.384149  0.752814  0.681240  0.651660  0.592699  0.740237  0.705254  0.856664  0.478127 
16  0.770836  0.741095  0.758090  0.694025  0.618770  0.745830  0.701338  0.679428  0.839310  0.650274  0.709691  0.673437  0.757867  0.609953  0.726476  0.760820 0.0  0.729990  0.740809  0.641661  0.776968  0.784085  0.727458  0.725760  0.331548  0.740164  0.794185  0.836890  0.665110  0.739367  0.736062  0.785499  0.818096  0.756701  0.704652  0.750322  0.751325  0.715199  0.723137  0.712775  0.756113  0.732267  0.726093  0.690371  0.734194  0.698884  0.710640  0.821436  0.761627  0.830576  0.711944  0.762004  0.634022  0.783988  0.722845  0.802735  0.743370  0.777485  0.819925  0.675929 
17  0.810487  0.327649  0.226084  0.873944  0.535190  0.367730  0.357887  0.389336  0.843132  0.639267  0.769768  0.272319  0.744539  0.595260  0.518970  0.766068  0.729990 0.0  0.874298  0.703206  0.754322  0.777407  0.749324  0.429353  0.597294  0.839999  0.780731  0.842790  0.734246  0.894908  0.573986  0.353483  0.787236  0.603692  0.800233  0.659743  0.885646  0.865944  0.848309  0.816080  0.285462  0.840601  0.850958  0.808145  0.762995  0.691391  0.797109  0.915842  0.718633  0.708226  0.876579  0.741272  0.744138  0.760201  0.666027  0.783814  0.875018  0.805124  0.423823  0.799285 
18  0.512652  0.879781  0.849732  0.360761  0.654130  0.866447  0.883066  0.825011  0.630257  0.568864  0.780001  0.807794  0.645726  0.510048  0.846301  0.759212  0.740809  0.874298 0.0  0.544935  0.806754  0.647626  0.674742  0.857308  0.792059  0.561330  0.463317  0.336427  0.653829  0.606945  0.840376  0.888074  0.613420  0.719408  0.602420  0.790765  0.680814  0.546452  0.533920  0.650255  0.745387  0.595720  0.506008  0.484688  0.506342  0.693860  0.582259  0.424414  0.599417  0.597248  0.462466  0.796276  0.772890  0.343755  0.628467  0.536250  0.319693  0.674579  0.777360  0.784405 
19  0.542477  0.521763  0.617804  0.679283  0.576289  0.512171  0.681867  0.584202  0.617794  0.600066  0.642246  0.487462  0.620751  0.736914  0.666865  0.661533  0.641661  0.703206  0.544935 0.0  0.650685  0.541094  0.626784  0.655184  0.649942  0.607045  0.690172  0.573797  0.595909  0.588054  0.547375  0.581689  0.657912  0.560679  0.643684  0.578026  0.545454  0.547381  0.628612  0.680521  0.550027  0.643262  0.605461  0.662135  0.612915  0.577933  0.628428  0.661618  0.727313  0.707747  0.665533  0.498334  0.632947  0.632561  0.649240  0.544312  0.588925  0.591630  0.722940  0.609225 
20  0.688875  0.764420  0.810904  0.737041  0.660914  0.787391  0.794017  0.824767  0.781086  0.536710  0.800548  0.848785  0.727296  0.753986  0.826636  0.397691  0.776968  0.754322  0.806754  0.650685 0.0  0.746896  0.861895  0.773449  0.786041  0.758915  0.860763  0.825247  0.695743  0.722281  0.775039  0.842761  0.793119  0.775436  0.732001  0.775949  0.716779  0.856494  0.781197  0.769556  0.797239  0.629037  0.735091  0.781322  0.801077  0.736697  0.783508  0.717257  0.722105  0.634894  0.756044  0.398209  0.821445  0.831428  0.594512  0.580042  0.821553  0.817356  0.739724  0.465281 
21  0.656620  0.853917  0.902208  0.710061  0.701470  0.701729  0.826807  0.844270  0.341473  0.564328  0.731248  0.838227  0.506033  0.579108  0.800752  0.846341  0.784085  0.777407  0.647626  0.541094  0.746896 0.0  0.639302  0.718888  0.717884  0.629409  0.684672  0.609254  0.724736  0.486929  0.799339  0.881952  0.253627  0.751698  0.291270  0.823087  0.353729  0.713602  0.392497  0.486899  0.832055  0.421539  0.482642  0.719535  0.669022  0.745684  0.621654  0.576879  0.473429  0.559217  0.629144  0.766805  0.350371  0.587579  0.623838  0.623651  0.724732  0.361939  0.818466  0.699645 
22  0.767979  0.730054  0.689027  0.675890  0.618500  0.738407  0.787071  0.740690  0.827315  0.644890  0.508248  0.730953  0.834515  0.813185  0.789250  0.683095  0.727458  0.749324  0.674742  0.626784  0.861895  0.639302 0.0  0.668136  0.722378  0.774375  0.723877  0.651868  0.762613  0.784796  0.710801  0.708024  0.785915  0.730371  0.765680  0.714455  0.728495  0.783928  0.701556  0.720050  0.750446  0.729202  0.707274  0.811817  0.868885  0.773278  0.762285  0.787851  0.859670  0.755970  0.691380  0.720307  0.774684  0.733955  0.845823  0.843092  0.742653  0.714115  0.712668  0.746655 
23  0.786035  0.279337  0.524541  0.813449  0.680870  0.398552  0.413739  0.325681  0.791188  0.631956  0.759561  0.357158  0.810323  0.860701  0.357048  0.854661  0.725760  0.429353  0.857308  0.655184  0.773449  0.718888  0.668136 0.0  0.769989  0.797901  0.779865  0.708752  0.665481  0.828023  0.491551  0.329482  0.884190  0.672642  0.668066  0.803937  0.744585  0.760657  0.794684  0.771434  0.279098  0.789586  0.795632  0.695188  0.761846  0.730570  0.823145  0.750117  0.735175  0.861639  0.841230  0.814398  0.779713  0.780505  0.815153  0.768377  0.887410  0.793869  0.384527  0.704100 
24  0.761138  0.644564  0.707529  0.637148  0.593321  0.774880  0.765457  0.750934  0.757902  0.670609  0.776739  0.779338  0.682084  0.773881  0.757444  0.672883  0.331548  0.597294  0.792059  0.649942  0.786041  0.717884  0.722378  0.769989 0.0  0.708221  0.767807  0.764674  0.768941  0.756865  0.810070  0.721166  0.749912  0.754752  0.755104  0.725224  0.734548  0.743531  0.728934  0.680725  0.703320  0.681162  0.752136  0.676889  0.639944  0.692924  0.777457  0.674028  0.706174  0.717140  0.786932  0.717380  0.668450  0.766275  0.784024  0.731000  0.752540  0.784036  0.805299  0.750661 
25  0.312845  0.808442  0.788990  0.481715  0.620232  0.783893  0.764994  0.957408  0.744513  0.608853  0.713758  0.889876  0.598360  0.495417  0.744987  0.675022  0.740164  0.839999  0.561330  0.607045  0.758915  0.629409  0.774375  0.797901  0.708221 0.0  0.241531  0.458475  0.660066  0.577709  0.756182  0.761753  0.646303  0.727840  0.609587  0.634592  0.532101  0.542955  0.505356  0.690264  0.922017  0.667924  0.622388  0.367913  0.553253  0.731431  0.466160  0.329359  0.617880  0.663423  0.566152  0.836329  0.597457  0.522603  0.667125  0.590450  0.561269  0.655099  0.738165  0.705234 
26  0.348093  0.872912  0.836870  0.515369  0.545056  0.863389  0.879503  0.805321  0.714455  0.578501  0.762922  0.734225  0.596817  0.564910  0.868306  0.693249  0.794185  0.780731  0.463317  0.690172  0.860763  0.684672  0.723877  0.779865  0.767807  0.241531 0.0  0.621274  0.695438  0.698579  0.709314  0.923376  0.689334  0.699998  0.598431  0.750962  0.617874  0.535716  0.565418  0.713431  0.800607  0.531463  0.562138  0.334089  0.474566  0.745723  0.476004  0.325066  0.579023  0.588086  0.561393  0.786482  0.524894  0.574652  0.518824  0.585475  0.475194  0.708629  0.851479  0.747216 
27  0.457814  0.765051  0.795979  0.468362  0.709070  0.822499  0.818589  0.856670  0.499783  0.714034  0.664651  0.807618  0.500898  0.530434  0.848545  0.671900  0.836890  0.842790  0.336427  0.573797  0.825247  0.609254  0.651868  0.708752  0.764674  0.458475  0.621274 0.0  0.677543  0.619304  0.880869  0.866987  0.717593  0.746109  0.651942  0.833287  0.735328  0.489699  0.537637  0.642784  0.880177  0.708240  0.548761  0.493183  0.532148  0.790423  0.391670  0.539799  0.622882  0.619266  0.441943  0.857481  0.648247  0.411851  0.647504  0.571172  0.269779  0.695184  0.817222  0.736459 
28  0.655459  0.858069  0.719533  0.837155  0.700802  0.705634  0.634258  0.849376  0.793468  0.591260  0.691251  0.753110  0.694402  0.755493  0.674037  0.790814  0.665110  0.734246  0.653829  0.595909  0.695743  0.724736  0.762613  0.665481  0.768941  0.660066  0.695438  0.677543 0.0  0.744181  0.774382  0.742458  0.740529  0.814626  0.635646  0.530205  0.770041  0.772068  0.805442  0.772843  0.774398  0.787682  0.788960  0.748502  0.724899  0.416252  0.811216  0.745537  0.734074  0.630345  0.738625  0.800363  0.721342  0.865823  0.688961  0.786690  0.699998  0.695595  0.654844  0.699574 
29  0.666653  0.660900  0.870183  0.534014  0.536094  0.831884  0.868384  0.790515  0.455558  0.615676  0.713366  0.859552  0.400347  0.592366  0.875600  0.781693  0.739367  0.894908  0.606945  0.588054  0.722281  0.486929  0.784796  0.828023  0.756865  0.577709  0.698579  0.619304  0.744181 0.0  0.780420  0.766835  0.481257  0.702193  0.428625  0.641580  0.415527  0.622640  0.441475  0.547010  0.906203  0.468634  0.605141  0.723353  0.632830  0.741477  0.669824  0.525355  0.642749  0.595844  0.435705  0.785633  0.420190  0.519921  0.702199  0.581975  0.656392  0.485266  0.736927  0.609854 
30  0.854665  0.530209  0.539338  0.827922  0.629266  0.535178  0.551085  0.585387  0.673206  0.592452  0.824281  0.591958  0.827609  0.827151  0.605067  0.766328  0.736062  0.573986  0.840376  0.547375  0.775039  0.799339  0.710801  0.491551  0.810070  0.756182  0.709314  0.880869  0.774382  0.780420 0.0  0.527414  0.810865  0.359857  0.716020  0.830506  0.699329  0.695921  0.812099  0.826407  0.521515  0.795583  0.742766  0.693368  0.726868  0.630246  0.748128  0.774335  0.813495  0.841946  0.795545  0.723029  0.776511  0.754238  0.638988  0.795736  0.811796  0.730948  0.539800  0.732798 
31  0.847752  0.449629  0.383024  0.702055  0.616664  0.506515  0.357713  0.427221  0.905994  0.678558  0.634101  0.320570  0.849000  0.856498  0.438401  0.821728  0.785499  0.353483  0.888074  0.581689  0.842761  0.881952  0.708024  0.329482  0.721166  0.761753  0.923376  0.866987  0.742458  0.766835  0.527414 0.0  0.897591  0.573277  0.830727  0.644665  0.909091  0.795412  0.767515  0.790124  0.441122  0.865396  0.735591  0.901325  0.903616  0.728214  0.829995  0.797834  0.811551  0.786841  0.849368  0.776368  0.742924  0.898517  0.757628  0.811050  0.795695  0.787357  0.220641  0.744847 
32  0.651374  0.829979  0.808663  0.627316  0.670375  0.806599  0.886233  0.765163  0.418929  0.630115  0.764916  1.000000  0.408416  0.566482  0.786689  0.768065  0.818096  0.787236  0.613420  0.657912  0.793119  0.253627  0.785915  0.884190  0.749912  0.646303  0.689334  0.717593  0.740529  0.481257  0.810865  0.897591 0.0  0.766032  0.350788  0.718803  0.369054  0.701028  0.470519  0.483372  0.872319  0.508579  0.616381  0.679657  0.617533  0.725612  0.628212  0.573739  0.579089  0.655030  0.522519  0.861032  0.353404  0.646427  0.585564  0.583677  0.662910  0.273821  0.809956  0.560558 
33  0.933555  0.566421  0.514709  0.765457  0.619367  0.472568  0.711268  0.593455  0.776337  0.555831  0.663632  0.623199  0.828152  0.826153  0.646580  0.775981  0.756701  0.603692  0.719408  0.560679  0.775436  0.751698  0.730371  0.672642  0.754752  0.727840  0.699998  0.746109  0.814626  0.702193  0.359857  0.573277  0.766032 0.0  0.746173  0.826201  0.777850  0.794414  0.755691  0.772800  0.538204  0.775556  0.781770  0.704275  0.727648  0.827150  0.823676  0.888459  0.663351  0.819300  0.839074  0.733612  0.777035  0.768036  0.811509  0.795952  0.850747  0.738769  0.588459  0.720183 
34  0.653269  0.836089  0.827368  0.590628  0.608050  0.755237  0.898429  0.879109  0.397852  0.645580  0.743120  0.865527  0.399065  0.588645  0.792605  0.762223  0.704652  0.800233  0.602420  0.643684  0.732001  0.291270  0.765680  0.668066  0.755104  0.609587  0.598431  0.651942  0.635646  0.428625  0.716020  0.830727  0.350788  0.746173 0.0  0.829735  0.454644  0.633482  0.415243  0.552876  0.884676  0.443571  0.489329  0.708419  0.632538  0.666204  0.657696  0.635145  0.587633  0.729142  0.643215  0.765040  0.278793  0.724507  0.718199  0.537384  0.674742  0.354687  0.804206  0.539633 
35  0.810444  0.707281  0.744853  0.709247  0.633475  0.662245  0.717070  0.702559  0.632526  0.646607  0.704700  0.761204  0.724802  0.761820  0.766707  0.714673  0.750322  0.659743  0.790765  0.578026  0.775949  0.823087  0.714455  0.803937  0.725224  0.634592  0.750962  0.833287  0.530205  0.641580  0.830506  0.644665  0.718803  0.826201  0.829735 0.0  0.735026  0.629583  0.627247  0.705501  0.716157  0.734155  0.782925  0.785625  0.716546  0.502055  0.747762  0.733922  0.768452  0.784845  0.633104  0.659565  0.720405  0.632103  0.802092  0.781222  0.780991  0.715655  0.666276  0.734107 
36  0.635133  0.789572  0.712730  0.610358  0.612781  0.809858  0.798650  0.785632  0.308668  0.603270  0.672413  0.839034  0.399137  0.554385  0.888261  0.739951  0.751325  0.885646  0.680814  0.545454  0.716779  0.353729  0.728495  0.744585  0.734548  0.532101  0.617874  0.735328  0.770041  0.415527  0.699329  0.909091  0.369054  0.777850  0.454644  0.735026 0.0  0.728035  0.440103  0.482463  0.799087  0.372760  0.573952  0.661585  0.562881  0.756596  0.706591  0.610273  0.648333  0.495087  0.611328  0.786334  0.370138  0.648552  0.582120  0.600594  0.662846  0.288718  0.819968  0.516879 
37  0.457998  0.765617  0.774843  0.601224  0.636200  0.879520  0.788419  0.840135  0.661335  0.529953  0.753855  0.824052  0.613245  0.628589  0.854058  0.812002  0.715199  0.865944  0.546452  0.547381  0.856494  0.713602  0.783928  0.760657  0.743531  0.542955  0.535716  0.489699  0.772068  0.622640  0.695921  0.795412  0.701028  0.794414  0.633482  0.629583  0.728035 0.0  0.521163  0.625453  0.914688  0.725586  0.533911  0.632676  0.392892  0.729820  0.351508  0.518746  0.696434  0.612207  0.534330  0.770915  0.761264  0.448014  0.593018  0.524903  0.534528  0.680552  0.814939  0.797512 
38  0.586785  0.829351  0.793261  0.657291  0.555551  0.793788  0.776172  0.755967  0.350078  0.600952  0.650630  0.835424  0.512551  0.545945  0.768696  0.754512  0.723137  0.848309  0.533920  0.628612  0.781197  0.392497  0.701556  0.794684  0.728934  0.505356  0.565418  0.537637  0.805442  0.441475  0.812099  0.767515  0.470519  0.755691  0.415243  0.627247  0.440103  0.521163 0.0  0.354516  0.797857  0.415834  0.561826  0.546523  0.511464  0.692275  0.495622  0.583278  0.541464  0.514050  0.567604  0.714909  0.433504  0.636083  0.517688  0.542075  0.603597  0.440452  0.732897  0.599752 
39  0.744633  0.751185  0.778963  0.683326  0.647709  0.779187  0.829232  0.791804  0.579361  0.608049  0.719044  0.886500  0.473673  0.502775  0.844296  0.780513  0.712775  0.816080  0.650255  0.680521  0.769556  0.486899  0.720050  0.771434  0.680725  0.690264  0.713431  0.642784  0.772843  0.547010  0.826407  0.790124  0.483372  0.772800  0.552876  0.705501  0.482463  0.625453  0.354516 0.0  0.707198  0.250299  0.487689  0.583254  0.675645  0.740778  0.627019  0.623954  0.688621  0.619164  0.520343  0.868285  0.439025  0.672120  0.487619  0.619067  0.639317  0.522560  0.830626  0.531841 
40  0.870647  0.475728  0.349960  0.888519  0.613182  0.320124  0.349567  0.543815  0.861789  0.596866  0.798917  0.487249  0.822123  0.758457  0.414046  0.853541  0.756113  0.285462  0.745387  0.550027  0.797239  0.832055  0.750446  0.279098  0.703320  0.922017  0.800607  0.880177  0.774398  0.906203  0.521515  0.441122  0.872319  0.538204  0.884676  0.716157  0.799087  0.914688  0.797857  0.707198 0.0  0.785299  0.801626  0.886536  0.776572  0.788742  0.803935  0.844359  0.839481  0.864123  0.792453  0.809432  0.860501  0.767867  0.720516  0.757175  0.776771  0.798831  0.376471  0.712773 
41  0.601548  0.760267  0.725270  0.632645  0.674007  0.889533  0.873364  0.807141  0.534900  0.529582  0.725376  0.859794  0.429551  0.548205  0.904747  0.652427  0.732267  0.840601  0.595720  0.643262  0.629037  0.421539  0.729202  0.789586  0.681162  0.667924  0.531463  0.708240  0.787682  0.468634  0.795583  0.865396  0.508579  0.775556  0.443571  0.734155  0.372760  0.725586  0.415834  0.250299  0.785299 0.0  0.522999  0.627144  0.628749  0.779217  0.572160  0.511458  0.627837  0.561163  0.512273  0.795733  0.476142  0.461473  0.629268  0.530218  0.646625  0.406992  0.820133  0.662683 
42  0.608361  0.758346  0.802354  0.634816  0.639104  0.716631  0.785610  0.857791  0.544599  0.590651  0.607257  0.770096  0.522571  0.619278  0.776129  0.633572  0.726093  0.850958  0.506008  0.605461  0.735091  0.482642  0.707274  0.795632  0.752136  0.622388  0.562138  0.548761  0.788960  0.605141  0.742766  0.735591  0.616381  0.781770  0.489329  0.782925  0.573952  0.533911  0.561826  0.487689  0.801626  0.522999 0.0  0.626445  0.538657  0.776665  0.521982  0.595036  0.375104  0.414604  0.550297  0.682265  0.596335  0.535351  0.427300  0.344556  0.536598  0.557831  0.778602  0.766995 
43  0.363474  0.800407  0.848763  0.433822  0.649403  0.780199  0.710262  0.809434  0.638688  0.687316  0.720430  0.840660  0.741300  0.529264  0.714082  0.727550  0.690371  0.808145  0.484688  0.662135  0.781322  0.719535  0.811817  0.695188  0.676889  0.367913  0.334089  0.493183  0.748502  0.723353  0.693368  0.901325  0.679657  0.704275  0.708419  0.785625  0.661585  0.632676  0.546523  0.583254  0.886536  0.627144  0.626445 0.0  0.485821  0.631391  0.516657  0.351650  0.508633  0.623431  0.534008  0.732416  0.717705  0.536487  0.598927  0.662688  0.455515  0.636591  0.800144  0.802189 
44  0.518632  0.805322  0.797102  0.474048  0.546256  0.861494  0.814676  0.766267  0.669467  0.611404  0.737854  0.809738  0.717037  0.503219  0.847419  0.820760  0.734194  0.762995  0.506342  0.612915  0.801077  0.669022  0.868885  0.761846  0.639944  0.553253  0.474566  0.532148  0.724899  0.632830  0.726868  0.903616  0.617533  0.727648  0.632538  0.716546  0.562881  0.392892  0.511464  0.675645  0.776572  0.628749  0.538657  0.485821 0.0  0.776477  0.400249  0.478942  0.616745  0.605199  0.610063  0.706075  0.691129  0.568467  0.574685  0.526185  0.493980  0.691966  0.802568  0.667206 
45  0.741082  0.712005  0.683810  0.765906  0.671489  0.680924  0.756071  0.729866  0.748529  0.557529  0.693504  0.724696  0.742262  0.664879  0.648489  0.749668  0.698884  0.691391  0.693860  0.577933  0.736697  0.745684  0.773278  0.730570  0.692924  0.731431  0.745723  0.790423  0.416252  0.741477  0.630246  0.728214  0.725612  0.827150  0.666204  0.502055  0.756596  0.729820  0.692275  0.740778  0.788742  0.779217  0.776665  0.631391  0.776477 0.0  0.714250  0.574825  0.748754  0.678333  0.654643  0.726301  0.806743  0.773108  0.727624  0.844695  0.654184  0.701026  0.753122  0.807664 
46  0.434361  0.770045  0.769430  0.558348  0.530468  0.816296  0.708736  0.789507  0.575669  0.675488  0.735200  0.823489  0.661147  0.508105  0.839320  0.830772  0.710640  0.797109  0.582259  0.628428  0.783508  0.621654  0.762285  0.823145  0.777457  0.466160  0.476004  0.391670  0.811216  0.669824  0.748128  0.829995  0.628212  0.823676  0.657696  0.747762  0.706591  0.351508  0.495622  0.627019  0.803935  0.572160  0.521982  0.516657  0.400249  0.714250 0.0  0.550260  0.535787  0.541227  0.543973  0.842376  0.659793  0.483836  0.618925  0.470853  0.467861  0.667909  0.718755  0.729676 
47  0.436792  0.780937  0.796586  0.421271  0.597067  0.704964  0.864941  0.804514  0.702258  0.687048  0.738265  0.799333  0.592550  0.501062  0.851757  0.787543  0.821436  0.915842  0.424414  0.661618  0.717257  0.576879  0.787851  0.750117  0.674028  0.329359  0.325066  0.539799  0.745537  0.525355  0.774335  0.797834  0.573739  0.888459  0.635145  0.733922  0.610273  0.518746  0.583278  0.623954  0.844359  0.511458  0.595036  0.351650  0.478942  0.574825  0.550260 0.0  0.514364  0.609876  0.574335  0.782839  0.653560  0.515732  0.619839  0.492502  0.544574  0.780569  0.870209  0.863030 
48  0.657047  0.819267  0.775961  0.623871  0.696661  0.769548  0.856452  0.852274  0.653815  0.673566  0.761163  0.861944  0.678705  0.609074  0.882579  0.696613  0.761627  0.718633  0.599417  0.727313  0.722105  0.473429  0.859670  0.735175  0.706174  0.617880  0.579023  0.622882  0.734074  0.642749  0.813495  0.811551  0.579089  0.663351  0.587633  0.768452  0.648333  0.696434  0.541464  0.688621  0.839481  0.627837  0.375104  0.508633  0.616745  0.748754  0.535787  0.514364 0.0  0.312206  0.556303  0.604926  0.656899  0.607218  0.483024  0.391186  0.634632  0.622386  0.763612  0.613427 
49  0.582962  0.816923  0.794433  0.596626  0.613432  0.759948  0.816007  0.828755  0.684863  0.617307  0.768129  0.844462  0.669457  0.524531  0.808815  0.718413  0.830576  0.708226  0.597248  0.707747  0.634894  0.559217  0.755970  0.861639  0.717140  0.663423  0.588086  0.619266  0.630345  0.595844  0.841946  0.786841  0.655030  0.819300  0.729142  0.784845  0.495087  0.612207  0.514050  0.619164  0.864123  0.561163  0.414604  0.623431  0.605199  0.678333  0.541227  0.609876  0.312206 0.0  0.530272  0.639192  0.617566  0.601958  0.456065  0.423354  0.658201  0.592202  0.810470  0.704795 
50  0.564903  0.844162  0.910422  0.461204  0.613505  0.825436  0.802987  0.743206  0.590145  0.642683  0.761400  0.647643  0.555522  0.435185  0.768971  0.827108  0.711944  0.876579  0.462466  0.665533  0.756044  0.629144  0.691380  0.841230  0.786932  0.566152  0.561393  0.441943  0.738625  0.435705  0.795545  0.849368  0.522519  0.839074  0.643215  0.633104  0.611328  0.534330  0.567604  0.520343  0.792453  0.512273  0.550297  0.534008  0.610063  0.654643  0.543973  0.574335  0.556303  0.530272 0.0  0.827476  0.480671  0.473459  0.533563  0.594693  0.613358  0.543817  0.768080  0.877678 
51  0.793751  0.834772  0.806951  0.757443  0.618253  0.813092  0.705107  0.668147  0.850277  0.689016  0.737805  0.734788  0.907392  0.656428  0.826372  0.384149  0.762004  0.741272  0.796276  0.498334  0.398209  0.766805  0.720307  0.814398  0.717380  0.836329  0.786482  0.857481  0.800363  0.785633  0.723029  0.776368  0.861032  0.733612  0.765040  0.659565  0.786334  0.770915  0.714909  0.868285  0.809432  0.795733  0.682265  0.732416  0.706075  0.726301  0.842376  0.782839  0.604926  0.639192  0.827476 0.0  0.711012  0.768960  0.702593  0.489022  0.712948  0.801216  0.887620  0.560244 
52  0.685154  0.675618  0.838016  0.587583  0.623099  0.838304  0.760916  0.703964  0.318503  0.699004  0.663955  0.874856  0.537738  0.576925  0.800845  0.752814  0.634022  0.744138  0.772890  0.632947  0.821445  0.350371  0.774684  0.779713  0.668450  0.597457  0.524894  0.648247  0.721342  0.420190  0.776511  0.742924  0.353404  0.777035  0.278793  0.720405  0.370138  0.761264  0.433504  0.439025  0.860501  0.476142  0.596335  0.717705  0.691129  0.806743  0.659793  0.653560  0.656899  0.617566  0.480671  0.711012 0.0  0.670151  0.694164  0.563029  0.758210  0.372915  0.835760  0.507142 
53  0.558740  0.719121  0.718044  0.332148  0.588871  0.766246  0.763651  0.758837  0.690865  0.570117  0.820074  0.799637  0.605275  0.630669  0.726999  0.681240  0.783988  0.760201  0.343755  0.632561  0.831428  0.587579  0.733955  0.780505  0.766275  0.522603  0.574652  0.411851  0.865823  0.519921  0.754238  0.898517  0.646427  0.768036  0.724507  0.632103  0.648552  0.448014  0.636083  0.672120  0.767867  0.461473  0.535351  0.536487  0.568467  0.773108  0.483836  0.515732  0.607218  0.601958  0.473459  0.768960  0.670151 0.0  0.624046  0.497019  0.331548  0.606770  0.898020  0.710345 
54  0.603984  0.825090  0.833381  0.592958  0.687672  0.815245  0.804787  0.762536  0.524812  0.583364  0.791677  0.843215  0.592488  0.495403  0.804721  0.651660  0.722845  0.666027  0.628467  0.649240  0.594512  0.623838  0.845823  0.815153  0.784024  0.667125  0.518824  0.647504  0.688961  0.702199  0.638988  0.757628  0.585564  0.811509  0.718199  0.802092  0.582120  0.593018  0.517688  0.487619  0.720516  0.629268  0.427300  0.598927  0.574685  0.727624  0.618925  0.619839  0.483024  0.456065  0.533563  0.702593  0.694164  0.624046 0.0  0.394363  0.654042  0.545861  0.721652  0.739657 
55  0.581327  0.755259  0.735253  0.610164  0.588693  0.810087  0.739941  0.769328  0.522221  0.654646  0.678938  0.813688  0.633062  0.584455  0.805123  0.592699  0.802735  0.783814  0.536250  0.544312  0.580042  0.623651  0.843092  0.768377  0.731000  0.590450  0.585475  0.571172  0.786690  0.581975  0.795736  0.811050  0.583677  0.795952  0.537384  0.781222  0.600594  0.524903  0.542075  0.619067  0.757175  0.530218  0.344556  0.662688  0.526185  0.844695  0.470853  0.492502  0.391186  0.423354  0.594693  0.489022  0.563029  0.497019  0.394363 0.0  0.561238  0.544936  0.788689  0.723090 
56  0.583917  0.750455  0.835642  0.326257  0.554114  0.873948  0.788716  0.758708  0.657446  0.645111  0.635300  0.943431  0.666436  0.595923  0.797499  0.740237  0.743370  0.875018  0.319693  0.588925  0.821553  0.724732  0.742653  0.887410  0.752540  0.561269  0.475194  0.269779  0.699998  0.656392  0.811796  0.795695  0.662910  0.850747  0.674742  0.780991  0.662846  0.534528  0.603597  0.639317  0.776771  0.646625  0.536598  0.455515  0.493980  0.654184  0.467861  0.544574  0.634632  0.658201  0.613358  0.712948  0.758210  0.331548  0.654042  0.561238 0.0  0.606814  0.770434  0.682278 
57  0.684690  0.697596  0.797187  0.572082  0.603624  0.830371  0.809124  0.896069  0.384273  0.528957  0.743860  0.839160  0.512731  0.565052  0.855930  0.705254  0.777485  0.805124  0.674579  0.591630  0.817356  0.361939  0.714115  0.793869  0.784036  0.655099  0.708629  0.695184  0.695595  0.485266  0.730948  0.787357  0.273821  0.738769  0.354687  0.715655  0.288718  0.680552  0.440452  0.522560  0.798831  0.406992  0.557831  0.636591  0.691966  0.701026  0.667909  0.780569  0.622386  0.592202  0.543817  0.801216  0.372915  0.606770  0.545861  0.544936  0.606814 0.0  0.857027  0.628768 
58  0.878830  0.417832  0.434544  0.780640  0.559162  0.321618  0.294707  0.248106  0.855418  0.695668  0.782767  0.306870  0.705385  0.718489  0.387785  0.856664  0.819925  0.423823  0.777360  0.722940  0.739724  0.818466  0.712668  0.384527  0.805299  0.738165  0.851479  0.817222  0.654844  0.736927  0.539800  0.220641  0.809956  0.588459  0.804206  0.666276  0.819968  0.814939  0.732897  0.830626  0.376471  0.820133  0.778602  0.800144  0.802568  0.753122  0.718755  0.870209  0.763612  0.810470  0.768080  0.887620  0.835760  0.898020  0.721652  0.788689  0.770434  0.857027 0.0  0.696471 
59  0.711851  0.760732  0.714740  0.758933  0.614120  0.659321  0.698295  0.744950  0.493270  0.703636  0.693922  0.705591  0.607459  0.694122  0.779162  0.478127  0.675929  0.799285  0.784405  0.609225  0.465281  0.699645  0.746655  0.704100  0.750661  0.705234  0.747216  0.736459  0.699574  0.609854  0.732798  0.744847  0.560558  0.720183  0.539633  0.734107  0.516879  0.797512  0.599752  0.531841  0.712773  0.662683  0.766995  0.802189  0.667206  0.807664  0.729676  0.863030  0.613427  0.704795  0.877678  0.560244  0.507142  0.710345  0.739657  0.723090  0.682278  0.628768  0.696471 0.0 
