60
0 0.0  0.822026  0.916776  0.424313  0.658994  0.855461  0.869640  0.857615  0.684340  0.560615  0.694269  0.843162  0.635780  0.546365  0.848847  0.878425  0.693921  0.983839  0.482248  0.677484  0.910028  0.628054  0.810697  0.844107  0.644202  0.305904  0.312618  0.537793  0.718500  0.671772  0.736194  0.772276  0.752375  0.882891  0.635856  0.783799  0.693316  0.471366  0.570369  0.654981  0.834289  0.584370  0.555163  0.286441  0.487478  0.631089  0.589862  0.341756  0.585382  0.516148  0.491229  0.703217  0.686500  0.543545  0.514885  0.639862  0.590433  0.616588  0.877509  0.813955 
1  0.822026 0.0  0.458943  0.825327  0.595504  0.426820  0.314229  0.443115  0.780214  0.610526  0.797811  0.489112  0.739971  0.723102  0.395651  0.819855  0.749640  0.525510  0.859617  0.648565  0.682484  0.756582  0.791606  0.277585  0.676898  0.881731  0.827625  0.835619  0.761667  0.712293  0.668277  0.418940  0.767872  0.508182  0.845941  0.727787  0.828504  0.848438  0.818268  0.863151  0.437548  0.686852  0.835170  0.910285  0.734647  0.850725  0.965841  0.756576  0.854902  0.877105  0.782137  0.733213  0.680863  0.696046  0.709342  0.803305  0.837122  0.726171  0.433870  0.716935 
2  0.916776  0.458943 0.0  0.786333  0.623251  0.330719  0.393014  0.567462  0.857948  0.607595  0.754998  0.296644  0.852047  0.777929  0.478228  0.781305  0.663551  0.330492  0.794871  0.605097  0.760037  0.771045  0.607328  0.461910  0.713989  0.815352  0.882028  0.872033  0.686370  0.775520  0.563820  0.289687  0.898854  0.533588  0.798880  0.740115  0.754759  0.855422  0.766388  0.810456  0.388611  0.936424  0.823250  0.825295  0.897082  0.710713  0.783080  0.776440  0.888495  0.749630  0.877070  0.731871  0.966763  0.785415  0.880527  0.641035  0.735749  0.810897  0.504887  0.747686 
3  0.424313  0.825327  0.786333 0.0  0.670482  0.845559  0.781215  0.828638  0.545303  0.716259  0.755305  0.813356  0.562641  0.510512  0.772435  0.859382  0.627589  0.765041  0.322868  0.679943  0.820245  0.689065  0.715955  0.739173  0.785704  0.546950  0.436800  0.407344  0.869899  0.552221  0.860803  0.901890  0.675893  0.664332  0.638666  0.789858  0.702987  0.465708  0.608385  0.668123  0.871024  0.586653  0.574613  0.599036  0.418649  0.742081  0.443640  0.488756  0.664909  0.558340  0.468147  0.804229  0.574807  0.367091  0.508195  0.595716  0.407535  0.660423  0.752961  0.836062 
4  0.658994  0.595504  0.623251  0.670482 0.0  0.593730  0.668072  0.659783  0.654570  0.618825  0.667935  0.665040  0.660680  0.615371  0.686192  0.735310  0.720095  0.654819  0.603925  0.555334  0.610995  0.637113  0.679992  0.690716  0.641914  0.670477  0.573536  0.684040  0.692807  0.604876  0.598550  0.587453  0.596175  0.695107  0.630976  0.630989  0.677068  0.687726  0.606315  0.584689  0.677080  0.529604  0.638603  0.713704  0.670503  0.651583  0.679243  0.686453  0.690462  0.636948  0.564625  0.595452  0.634457  0.589158  0.621170  0.693890  0.477793  0.585181  0.619050  0.586764 
5  0.855461  0.426820  0.330719  0.845559  0.593730 0.0  0.421151  0.382457  0.716980  0.633098  0.669170  0.424264  0.879698  0.684875  0.378949  0.749261  0.822293  0.496128  0.827166  0.785207  0.877607  0.929490  0.743283  0.389913  0.664249  0.873377  0.848651  0.843671  0.693246  0.769069  0.656588  0.425791  0.875260  0.537784  0.838978  0.794298  0.834355  0.866167  0.847187  0.739953  0.417681  0.862172  0.869970  0.907027  0.801710  0.771509  0.862907  0.866470  0.764934  0.709545  0.799673  0.741430  0.891655  0.702743  0.754555  0.828481  1.000000  0.782249  0.406179  0.812216 
6  0.869640  0.314229  0.393014  0.781215  0.668072  0.421151 0.0  0.447993  0.822955  0.661542  0.674289  0.323303  0.826110  0.748752  0.445828  0.753264  0.649644  0.453152  0.821327  0.677910  0.793395  0.791219  0.794228  0.532697  0.701533  0.825696  0.780765  0.893822  0.677343  0.733256  0.640976  0.372355  0.853016  0.440197  0.901759  0.602165  0.875161  0.881537  0.789735  0.760178  0.432352  0.800051  0.812347  0.840876  0.871336  0.715595  0.840894  0.737798  0.817834  0.774740  0.829903  0.752464  0.849160  0.803263  0.832143  0.833993  0.836175  0.839375  0.283848  0.724855 
7  0.857615  0.443115  0.567462  0.828638  0.659783  0.382457  0.447993 0.0  0.864354  0.644124  0.686198  0.503975  0.805375  0.818441  0.367103  0.759348  0.756883  0.419840  0.890158  0.646061  0.781692  0.809877  0.720819  0.363080  0.730949  0.843900  0.773655  0.891583  0.663463  0.761277  0.565497  0.440211  0.944534  0.451842  0.705918  0.722093  0.894388  0.801912  0.828097  0.835696  0.423681  0.851532  0.718325  0.872257  0.813353  0.761006  0.830933  0.829109  0.840327  0.879986  0.802291  0.804419  0.879269  0.837520  0.821994  0.767946  0.882323  0.804250  0.341746  0.644727 
8  0.684340  0.780214  0.857948  0.545303  0.654570  0.716980  0.822955  0.864354 0.0  0.466532  0.763760  0.840057  0.416187  0.462688  0.804023  0.818110  0.807821  0.801098  0.655279  0.735514  0.832328  0.373361  0.708597  0.849593  0.724956  0.689985  0.682863  0.598027  0.714097  0.402813  0.821041  0.903489  0.388627  0.817467  0.305647  0.710039  0.361341  0.642292  0.379157  0.566708  0.861258  0.460412  0.596101  0.706277  0.684060  0.833944  0.679107  0.624458  0.566524  0.513602  0.562253  0.744799  0.362329  0.656326  0.648321  0.480513  0.636967  0.427181  0.882479  0.732728 
9  0.560615  0.610526  0.607595  0.716259  0.618825  0.633098  0.661542  0.644124  0.466532 0.0  0.645247  0.702304  0.691562  0.693031  0.702226  0.715417  0.656850  0.678662  0.661535  0.697881  0.611257  0.621350  0.621042  0.649304  0.608175  0.549382  0.570433  0.707980  0.557541  0.649795  0.673908  0.689940  0.595301  0.596090  0.726574  0.610421  0.494799  0.634386  0.538862  0.532128  0.584204  0.592518  0.707269  0.549674  0.601139  0.754935  0.664297  0.613506  0.616040  0.749052  0.643211  0.581169  0.597951  0.600101  0.550190  0.644499  0.639856  0.699352  0.595192  0.594112 
10  0.694269  0.797811  0.754998  0.755305  0.667935  0.669170  0.674289  0.686198  0.763760  0.645247 0.0  0.746933  0.694153  0.758306  0.743386  0.760780  0.608131  0.748204  0.713670  0.749052  0.661761  0.789855  0.423435  0.805513  0.799791  0.752357  0.705255  0.775761  0.701201  0.768225  0.776298  0.780642  0.727639  0.777306  0.783611  0.752882  0.781622  0.663285  0.815827  0.723901  0.774281  0.744040  0.710910  0.657155  0.716895  0.722229  0.745842  0.840696  0.770126  0.750302  0.791824  0.787802  0.740554  0.732371  0.671714  0.712068  0.702745  0.819439  0.728798  0.786478 
11  0.843162  0.489112  0.296644  0.813356  0.665040  0.424264  0.323303  0.503975  0.840057  0.702304  0.746933 0.0  0.900805  0.736497  0.489060  0.798453  0.774043  0.285643  0.930489  0.678334  0.797786  0.755917  0.746697  0.377544  0.749379  0.754183  0.747130  0.872368  0.814060  0.835428  0.456210  0.353076  0.734766  0.529789  0.792522  0.775261  0.775355  0.897407  0.794315  0.825782  0.395205  0.806294  0.691716  0.866687  0.901208  0.662759  0.835683  0.820646  0.760615  0.767992  0.757454  0.737569  0.867858  0.887513  0.729157  0.810306  0.761321  0.940461  0.345570  0.703195 
12  0.635780  0.739971  0.852047  0.562641  0.660680  0.879698  0.826110  0.805375  0.416187  0.691562  0.694153  0.900805 0.0  0.466180  0.649890  0.775422  0.712841  0.755927  0.624499  0.619840  0.740877  0.520106  0.724571  0.810883  0.721626  0.637983  0.590054  0.474157  0.803917  0.370999  0.798682  0.798390  0.527473  0.856185  0.443691  0.691622  0.457066  0.599238  0.364720  0.427064  0.757865  0.392141  0.530012  0.607230  0.646219  0.792953  0.606364  0.539721  0.763865  0.549612  0.515054  0.786006  0.519369  0.656999  0.641491  0.566186  0.608246  0.497324  0.823695  0.599700 
13  0.546365  0.723102  0.777929  0.510512  0.615371  0.684875  0.748752  0.818441  0.462688  0.693031  0.758306  0.736497  0.466180 0.0  0.749227  0.803810  0.662928  0.768695  0.564703  0.624677  0.818138  0.578615  0.752012  0.858214  0.717339  0.553807  0.591608  0.631507  0.711607  0.558858  0.791942  0.884726  0.498668  0.868307  0.530752  0.750490  0.572107  0.637653  0.489871  0.560901  0.778884  0.599666  0.494841  0.575335  0.526459  0.762451  0.526878  0.570006  0.595364  0.564059  0.437770  0.792228  0.478610  0.584422  0.621505  0.536966  0.553859  0.598000  0.769294  0.762198 
14  0.848847  0.395651  0.478228  0.772435  0.686192  0.378949  0.445828  0.367103  0.804023  0.702226  0.743386  0.489060  0.649890  0.749227 0.0  0.834859  0.749343  0.390721  0.892461  0.633470  0.818867  0.785107  0.663037  0.443829  0.799868  0.853127  0.902966  0.823321  0.729608  0.877264  0.574619  0.440387  0.868203  0.633167  0.739444  0.769514  0.775715  0.821709  0.741073  0.763363  0.384912  0.841823  0.932145  0.762771  0.864334  0.712949  0.866976  0.840918  0.757128  0.771869  0.779949  0.800587  0.850410  0.859660  0.854706  0.917343  0.838186  0.819046  0.400608  0.748452 
15  0.878425  0.819855  0.781305  0.859382  0.735310  0.749261  0.753264  0.759348  0.818110  0.715417  0.760780  0.798453  0.775422  0.803810  0.834859 0.0  0.753884  0.757226  0.743849  0.672642  0.299806  0.841245  0.820594  0.787823  0.796802  0.800414  0.681112  0.789180  0.825911  0.808478  0.750482  0.849634  0.753544  0.839476  0.781442  0.792431  0.842198  0.741235  0.842302  0.823317  0.773595  0.773776  0.654327  0.853970  0.805323  0.839446  0.835061  0.834850  0.670632  0.633019  0.782395  0.325888  0.813587  0.724619  0.595579  0.727095  0.851575  0.796283  0.799057  0.491311 
16  0.693921  0.749640  0.663551  0.627589  0.720095  0.822293  0.649644  0.756883  0.807821  0.656850  0.608131  0.774043  0.712841  0.662928  0.749343  0.753884 0.0  0.772835  0.784733  0.633386  0.797678  0.669807  0.677134  0.699549  0.213459  0.651016  0.762875  0.751773  0.727524  0.729085  0.755723  0.628306  0.768361  0.820989  0.753422  0.698746  0.692869  0.858137  0.735052  0.709367  0.719798  0.827041  0.753709  0.701951  0.769187  0.772224  0.738044  0.796800  0.669912  0.808171  0.753938  0.727174  0.769859  0.683183  0.811252  0.689398  0.847358  0.709967  0.786328  0.845533 
17  0.983839  0.525510  0.330492  0.765041  0.654819  0.496128  0.453152  0.419840  0.801098  0.678662  0.748204  0.285643  0.755927  0.768695  0.390721  0.757226  0.772835 0.0  0.939516  0.555170  0.831846  0.892130  0.838149  0.408757  0.793291  0.810881  0.813492  0.844393  0.729439  0.839246  0.566367  0.363239  0.768848  0.625518  0.720235  0.794157  0.846594  0.730683  0.709354  0.894415  0.329446  0.690037  0.871076  0.877096  0.866788  0.695645  0.796738  0.864697  0.864467  0.795048  0.810631  0.820975  0.807654  0.817933  0.842587  0.835110  0.812139  0.801446  0.350383  0.844569 
18  0.482248  0.859617  0.794871  0.322868  0.603925  0.827166  0.821327  0.890158  0.655279  0.661535  0.713670  0.930489  0.624499  0.564703  0.892461  0.743849  0.784733  0.939516 0.0  0.651111  0.783704  0.589829  0.724511  0.830486  0.751285  0.625485  0.648665  0.267376  0.616936  0.712862  0.696956  0.802961  0.670905  0.755637  0.619970  0.778979  0.554931  0.522462  0.462112  0.621606  0.879132  0.597687  0.591299  0.493309  0.478127  0.721250  0.554419  0.576257  0.646285  0.586932  0.560824  0.849959  0.578178  0.321691  0.674145  0.555554  0.383188  0.641879  0.867740  0.786385 
19  0.677484  0.648565  0.605097  0.679943  0.555334  0.785207  0.677910  0.646061  0.735514  0.697881  0.749052  0.678334  0.619840  0.624677  0.633470  0.672642  0.633386  0.555170  0.651111 0.0  0.489879  0.606197  0.609913  0.609341  0.624922  0.771704  0.731169  0.640390  0.672656  0.629368  0.729551  0.598170  0.579486  0.594406  0.573898  0.695481  0.523631  0.573155  0.587933  0.612409  0.590774  0.650827  0.605504  0.652150  0.596264  0.604902  0.617712  0.648625  0.701598  0.603514  0.571884  0.611669  0.513906  0.650929  0.668908  0.700860  0.582554  0.729134  0.674423  0.556543 
20  0.910028  0.682484  0.760037  0.820245  0.610995  0.877607  0.793395  0.781692  0.832328  0.611257  0.661761  0.797786  0.740877  0.818138  0.818867  0.299806  0.797678  0.831846  0.783704  0.489879 0.0  0.809653  0.688075  0.794384  0.873234  0.792647  0.871858  0.862050  0.702732  0.657730  0.823195  0.791906  0.808555  0.879993  0.854759  0.743450  0.832695  0.782165  0.807759  0.749127  0.801555  0.773710  0.726322  0.768396  0.843567  0.787926  0.801803  0.705858  0.563612  0.612046  0.748839  0.463516  0.789504  0.788364  0.685506  0.626098  0.800055  0.768055  0.857737  0.515683 
21  0.628054  0.756582  0.771045  0.689065  0.637113  0.929490  0.791219  0.809877  0.373361  0.621350  0.789855  0.755917  0.520106  0.578615  0.785107  0.841245  0.669807  0.892130  0.589829  0.606197  0.809653 0.0  0.790582  0.744438  0.731948  0.660510  0.611228  0.661425  0.712876  0.483700  0.844766  0.842188  0.374365  0.779462  0.343127  0.736219  0.292206  0.794797  0.540925  0.525037  0.800969  0.542376  0.534866  0.660407  0.657463  0.746196  0.630989  0.582448  0.507743  0.572439  0.603879  0.841893  0.356309  0.709360  0.708698  0.487879  0.769122  0.364043  0.796510  0.477760 
22  0.810697  0.791606  0.607328  0.715955  0.679992  0.743283  0.794228  0.720819  0.708597  0.621042  0.423435  0.746697  0.724571  0.752012  0.663037  0.820594  0.677134  0.838149  0.724511  0.609913  0.688075  0.790582 0.0  0.794545  0.757287  0.779132  0.753763  0.793940  0.756130  0.733433  0.812670  0.676452  0.718469  0.818205  0.736157  0.736708  0.842081  0.748479  0.623449  0.723843  0.791385  0.677370  0.792718  0.699742  0.708332  0.735127  0.686416  0.708363  0.752337  0.801972  0.731053  0.646796  0.724645  0.818387  0.748159  0.728251  0.695143  0.707708  0.835344  0.774078 
23  0.844107  0.277585  0.461910  0.739173  0.690716  0.389913  0.532697  0.363080  0.849593  0.649304  0.805513  0.377544  0.810883  0.858214  0.443829  0.787823  0.699549  0.408757  0.830486  0.609341  0.794384  0.744438  0.794545 0.0  0.811162  0.820295  0.784213  0.810809  0.656370  0.806434  0.644604  0.488316  0.802742  0.587442  0.667655  0.731190  0.830678  0.691797  0.883259  0.875307  0.516401  0.733998  0.857615  0.710095  0.656189  0.774267  0.856005  0.772121  0.809522  0.824269  0.687985  0.809166  0.835859  0.920588  0.838234  0.751274  0.803536  0.734294  0.398580  0.717162 
24  0.644202  0.676898  0.713989  0.785704  0.641914  0.664249  0.701533  0.730949  0.724956  0.608175  0.799791  0.749379  0.721626  0.717339  0.799868  0.796802  0.213459  0.793291  0.751285  0.624922  0.873234  0.731948  0.757287  0.811162 0.0  0.782482  0.717996  0.844774  0.728102  0.735266  0.804893  0.646332  0.745776  0.653581  0.727396  0.628461  0.667840  0.848190  0.821965  0.796096  0.819723  0.665476  0.706207  0.899510  0.776159  0.648919  0.716944  0.704490  0.728590  0.826111  0.729379  0.697077  0.620890  0.833865  0.691173  0.738364  0.753163  0.780370  0.731697  0.665410 
25  0.305904  0.881731  0.815352  0.546950  0.670477  0.873377  0.825696  0.843900  0.689985  0.549382  0.752357  0.754183  0.637983  0.553807  0.853127  0.800414  0.651016  0.810881  0.625485  0.771704  0.792647  0.660510  0.779132  0.820295  0.782482 0.0  0.308182  0.513996  0.672563  0.637993  0.734374  0.921614  0.717926  0.714918  0.671388  0.777198  0.665975  0.536963  0.595432  0.615699  0.851458  0.653121  0.487190  0.412523  0.561749  0.709090  0.521785  0.298906  0.655050  0.677503  0.554564  0.779277  0.630572  0.488187  0.589701  0.594535  0.519829  0.540133  0.771725  0.669616 
26  0.312618  0.827625  0.882028  0.436800  0.573536  0.848651  0.780765  0.773655  0.682863  0.570433  0.705255  0.747130  0.590054  0.591608  0.902966  0.681112  0.762875  0.813492  0.648665  0.731169  0.871858  0.611228  0.753763  0.784213  0.717996  0.308182 0.0  0.483135  0.740384  0.711786  0.788271  0.827029  0.684847  0.855231  0.664827  0.701572  0.688727  0.582036  0.541368  0.701886  0.842149  0.681647  0.566563  0.304554  0.540481  0.740651  0.551210  0.405407  0.517951  0.629785  0.560889  0.736803  0.695010  0.512356  0.570832  0.551157  0.485847  0.698662  0.821062  0.771837 
27  0.537793  0.835619  0.872033  0.407344  0.684040  0.843671  0.893822  0.891583  0.598027  0.707980  0.775761  0.872368  0.474157  0.631507  0.823321  0.789180  0.751773  0.844393  0.267376  0.640390  0.862050  0.661425  0.793940  0.810809  0.844774  0.513996  0.483135 0.0  0.738178  0.664403  0.855690  0.833169  0.606974  0.652481  0.693572  0.731602  0.571244  0.534081  0.715393  0.622389  0.844052  0.594302  0.524225  0.479636  0.497664  0.628864  0.504719  0.426488  0.627053  0.628567  0.604621  0.878017  0.710814  0.353575  0.691751  0.589405  0.314504  0.669808  0.748403  0.704866 
28  0.718500  0.761667  0.686370  0.869899  0.692807  0.693246  0.677343  0.663463  0.714097  0.557541  0.701201  0.814060  0.803917  0.711607  0.729608  0.825911  0.727524  0.729439  0.616936  0.672656  0.702732  0.712876  0.756130  0.656370  0.728102  0.672563  0.740384  0.738178 0.0  0.714402  0.661929  0.730002  0.677691  0.704127  0.633488  0.402594  0.731896  0.761228  0.654230  0.714864  0.684847  0.764238  0.744718  0.685349  0.845722  0.419845  0.732999  0.725203  0.775154  0.710522  0.808979  0.784791  0.712525  0.765318  0.672287  0.661204  0.701505  0.769834  0.769183  0.840473 
29  0.671772  0.712293  0.775520  0.552221  0.604876  0.769069  0.733256  0.761277  0.402813  0.649795  0.768225  0.835428  0.370999  0.558858  0.877264  0.808478  0.729085  0.839246  0.712862  0.629368  0.657730  0.483700  0.733433  0.806434  0.735266  0.637993  0.711786  0.664403  0.714402 0.0  0.904204  0.708451  0.453320  0.754481  0.503975  0.769975  0.386637  0.537015  0.369726  0.549261  0.926224  0.442768  0.506616  0.676252  0.584668  0.698274  0.532801  0.602903  0.605298  0.739357  0.600592  0.718197  0.470438  0.680371  0.591605  0.600415  0.621430  0.412279  0.860803  0.538247 
30  0.736194  0.668277  0.563820  0.860803  0.598550  0.656588  0.640976  0.565497  0.821041  0.673908  0.776298  0.456210  0.798682  0.791942  0.574619  0.750482  0.755723  0.566367  0.696956  0.729551  0.823195  0.844766  0.812670  0.644604  0.804893  0.734374  0.788271  0.855690  0.661929  0.904204 0.0  0.477586  0.762280  0.411267  0.866306  0.789751  0.667891  0.855186  0.807566  0.706901  0.578632  0.760639  0.785175  0.677130  0.735181  0.777432  0.817005  0.810959  0.793818  0.788376  0.732876  0.775901  0.851772  0.810108  0.695765  0.709739  0.855886  0.858503  0.523845  0.844324 
31  0.772276  0.418940  0.289687  0.901890  0.587453  0.425791  0.372355  0.440211  0.903489  0.689940  0.780642  0.353076  0.798390  0.884726  0.440387  0.849634  0.628306  0.363239  0.802961  0.598170  0.791906  0.842188  0.676452  0.488316  0.646332  0.921614  0.827029  0.833169  0.730002  0.708451  0.477586 0.0  0.843934  0.538429  0.854986  0.744278  0.794742  0.776550  0.775558  0.742752  0.236005  0.782515  0.779965  0.739404  0.812460  0.787069  0.746552  0.883831  0.812626  0.881451  0.750388  0.723022  0.625091  0.778654  0.772970  0.831746  0.792466  0.862785  0.393330  0.694667 
32  0.752375  0.767872  0.898854  0.675893  0.596175  0.875260  0.853016  0.944534  0.388627  0.595301  0.727639  0.734766  0.527473  0.498668  0.868203  0.753544  0.768361  0.768848  0.670905  0.579486  0.808555  0.374365  0.718469  0.802742  0.745776  0.717926  0.684847  0.606974  0.677691  0.453320  0.762280  0.843934 0.0  0.809471  0.401811  0.773643  0.273436  0.683527  0.450693  0.480867  0.851807  0.487950  0.571834  0.568240  0.673733  0.685301  0.587386  0.584485  0.532195  0.542160  0.511578  0.784628  0.313053  0.736743  0.551619  0.543376  0.559172  0.241742  0.764080  0.509603 
33  0.882891  0.508182  0.533588  0.664332  0.695107  0.537784  0.440197  0.451842  0.817467  0.596090  0.777306  0.529789  0.856185  0.868307  0.633167  0.839476  0.820989  0.625518  0.755637  0.594406  0.879993  0.779462  0.818205  0.587442  0.653581  0.714918  0.855231  0.652481  0.704127  0.754481  0.411267  0.538429  0.809471 0.0  0.830066  0.751857  0.856374  0.811071  0.691549  0.850820  0.520793  0.824196  0.843203  0.662084  0.826723  0.842363  0.805179  0.799534  0.862320  0.811055  0.764249  0.716563  0.737032  0.751920  0.840724  0.822873  0.807983  0.708215  0.659011  0.735356 
34  0.635856  0.845941  0.798880  0.638666  0.630976  0.838978  0.901759  0.705918  0.305647  0.726574  0.783611  0.792522  0.443691  0.530752  0.739444  0.781442  0.753422  0.720235  0.619970  0.573898  0.854759  0.343127  0.736157  0.667655  0.727396  0.671388  0.664827  0.693572  0.633488  0.503975  0.866306  0.854986  0.401811  0.830066 0.0  0.719711  0.372017  0.672070  0.518073  0.482589  0.933949  0.541669  0.596172  0.635653  0.688025  0.675414  0.705300  0.653759  0.554026  0.565919  0.519458  0.741840  0.317591  0.579535  0.677572  0.620478  0.646243  0.403714  0.814415  0.495123 
35  0.783799  0.727787  0.740115  0.789858  0.630989  0.794298  0.602165  0.722093  0.710039  0.610421  0.752882  0.775261  0.691622  0.750490  0.769514  0.792431  0.698746  0.794157  0.778979  0.695481  0.743450  0.736219  0.736708  0.731190  0.628461  0.777198  0.701572  0.731602  0.402594  0.769975  0.789751  0.744278  0.773643  0.751857  0.719711 0.0  0.734201  0.793034  0.723640  0.690161  0.740048  0.714057  0.780569  0.717110  0.823060  0.501630  0.711221  0.767641  0.741736  0.760532  0.683144  0.757577  0.712778  0.788168  0.670740  0.796772  0.767735  0.819589  0.757396  0.659718 
36  0.693316  0.828504  0.754759  0.702987  0.677068  0.834355  0.875161  0.894388  0.361341  0.494799  0.781622  0.775355  0.457066  0.572107  0.775715  0.842198  0.692869  0.846594  0.554931  0.523631  0.832695  0.292206  0.842081  0.830678  0.667840  0.665975  0.688727  0.571244  0.731896  0.386637  0.667891  0.794742  0.273436  0.856374  0.372017  0.734201 0.0  0.690930  0.478681  0.445103  0.766207  0.432456  0.469832  0.714125  0.610625  0.834208  0.619355  0.623880  0.616645  0.621754  0.544150  0.895834  0.369205  0.788695  0.684094  0.624766  0.778195  0.296321  0.748192  0.470228 
37  0.471366  0.848438  0.855422  0.465708  0.687726  0.866167  0.881537  0.801912  0.642292  0.634386  0.663285  0.897407  0.599238  0.637653  0.821709  0.741235  0.858137  0.730683  0.522462  0.573155  0.782165  0.794797  0.748479  0.691797  0.848190  0.536963  0.582036  0.534081  0.761228  0.537015  0.855186  0.776550  0.683527  0.811071  0.672070  0.793034  0.690930 0.0  0.574971  0.585117  0.854239  0.594171  0.556037  0.449906  0.375981  0.733462  0.372568  0.436818  0.717033  0.736258  0.543307  0.755335  0.700565  0.473151  0.681980  0.550944  0.558180  0.684408  0.846763  0.785383 
38  0.570369  0.818268  0.766388  0.608385  0.606315  0.847187  0.789735  0.828097  0.379157  0.538862  0.815827  0.794315  0.364720  0.489871  0.741073  0.842302  0.735052  0.709354  0.462112  0.587933  0.807759  0.540925  0.623449  0.883259  0.821965  0.595432  0.541368  0.715393  0.654230  0.369726  0.807566  0.775558  0.450693  0.691549  0.518073  0.723640  0.478681  0.574971 0.0  0.500711  0.806122  0.363142  0.740000  0.553912  0.624618  0.774823  0.638589  0.612402  0.637600  0.549516  0.567997  0.825285  0.354023  0.597840  0.585247  0.537843  0.567369  0.345975  0.759300  0.598467 
39  0.654981  0.863151  0.810456  0.668123  0.584689  0.739953  0.760178  0.835696  0.566708  0.532128  0.723901  0.825782  0.427064  0.560901  0.763363  0.823317  0.709367  0.894415  0.621606  0.612409  0.749127  0.525037  0.723843  0.875307  0.796096  0.615699  0.701886  0.622389  0.714864  0.549261  0.706901  0.742752  0.480867  0.850820  0.482589  0.690161  0.445103  0.585117  0.500711 0.0  0.878191  0.271395  0.530460  0.679471  0.661416  0.870931  0.628770  0.628708  0.707676  0.640259  0.593965  0.697554  0.520522  0.639136  0.604876  0.567872  0.532262  0.455983  0.816120  0.565444 
40  0.834289  0.437548  0.388611  0.871024  0.677080  0.417681  0.432352  0.423681  0.861258  0.584204  0.774281  0.395205  0.757865  0.778884  0.384912  0.773595  0.719798  0.329446  0.879132  0.590774  0.801555  0.800969  0.791385  0.516401  0.819723  0.851458  0.842149  0.844052  0.684847  0.926224  0.578632  0.236005  0.851807  0.520793  0.933949  0.740048  0.766207  0.854239  0.806122  0.878191 0.0  0.892789  0.709410  0.838103  0.764847  0.760139  0.907986  0.921712  0.856940  0.791251  0.801251  0.756833  0.739193  0.777062  0.800328  0.747799  0.783605  0.826040  0.457676  0.834607 
41  0.584370  0.686852  0.936424  0.586653  0.529604  0.862172  0.800051  0.851532  0.460412  0.592518  0.744040  0.806294  0.392141  0.599666  0.841823  0.773776  0.827041  0.690037  0.597687  0.650827  0.773710  0.542376  0.677370  0.733998  0.665476  0.653121  0.681647  0.594302  0.764238  0.442768  0.760639  0.782515  0.487950  0.824196  0.541669  0.714057  0.432456  0.594171  0.363142  0.271395  0.892789 0.0  0.655930  0.620076  0.627029  0.805722  0.657932  0.670864  0.553661  0.568837  0.524200  0.667122  0.334688  0.619226  0.637869  0.626190  0.690039  0.477083  0.872192  0.654711 
42  0.555163  0.835170  0.823250  0.574613  0.638603  0.869970  0.812347  0.718325  0.596101  0.707269  0.710910  0.691716  0.530012  0.494841  0.932145  0.654327  0.753709  0.871076  0.591299  0.605504  0.726322  0.534866  0.792718  0.857615  0.706207  0.487190  0.566563  0.524225  0.744718  0.506616  0.785175  0.779965  0.571834  0.843203  0.596172  0.780569  0.469832  0.556037  0.740000  0.530460  0.709410  0.655930 0.0  0.503249  0.496041  0.725019  0.589897  0.545956  0.399726  0.413952  0.592293  0.645409  0.548082  0.630152  0.416996  0.483890  0.464525  0.574861  0.687208  0.793751 
43  0.286441  0.910285  0.825295  0.599036  0.713704  0.907027  0.840876  0.872257  0.706277  0.549674  0.657155  0.866687  0.607230  0.575335  0.762771  0.853970  0.701951  0.877096  0.493309  0.652150  0.768396  0.660407  0.699742  0.710095  0.899510  0.412523  0.304554  0.479636  0.685349  0.676252  0.677130  0.739404  0.568240  0.662084  0.635653  0.717110  0.714125  0.449906  0.553912  0.679471  0.838103  0.620076  0.503249 0.0  0.520249  0.662070  0.515890  0.469728  0.495719  0.649954  0.574512  0.725757  0.527536  0.500328  0.562417  0.524432  0.546933  0.651179  0.899335  0.765918 
44  0.487478  0.734647  0.897082  0.418649  0.670503  0.801710  0.871336  0.813353  0.684060  0.601139  0.716895  0.901208  0.646219  0.526459  0.864334  0.805323  0.769187  0.866788  0.478127  0.596264  0.843567  0.657463  0.708332  0.656189  0.776159  0.561749  0.540481  0.497664  0.845722  0.584668  0.735181  0.812460  0.673733  0.826723  0.688025  0.823060  0.610625  0.375981  0.624618  0.661416  0.764847  0.627029  0.496041  0.520249 0.0  0.718427  0.377062  0.546444  0.586293  0.585529  0.550420  0.790643  0.674019  0.518160  0.647055  0.458474  0.511932  0.586014  0.910787  0.732010 
45  0.631089  0.850725  0.710713  0.742081  0.651583  0.771509  0.715595  0.761006  0.833944  0.754935  0.722229  0.662759  0.792953  0.762451  0.712949  0.839446  0.772224  0.695645  0.721250  0.604902  0.787926  0.746196  0.735127  0.774267  0.648919  0.709090  0.740651  0.628864  0.419845  0.698274  0.777432  0.787069  0.685301  0.842363  0.675414  0.501630  0.834208  0.733462  0.774823  0.870931  0.760139  0.805722  0.725019  0.662070  0.718427 0.0  0.778905  0.740966  0.775794  0.726311  0.612385  0.772382  0.679845  0.788030  0.662667  0.809946  0.695184  0.700998  0.718314  0.786419 
46  0.589862  0.965841  0.783080  0.443640  0.679243  0.862907  0.840894  0.830933  0.679107  0.664297  0.745842  0.835683  0.606364  0.526878  0.866976  0.835061  0.738044  0.796738  0.554419  0.617712  0.801803  0.630989  0.686416  0.856005  0.716944  0.521785  0.551210  0.504719  0.732999  0.532801  0.817005  0.746552  0.587386  0.805179  0.705300  0.711221  0.619355  0.372568  0.638589  0.628770  0.907986  0.657932  0.589897  0.515890  0.377062  0.778905 0.0  0.542298  0.519360  0.661864  0.537805  0.834799  0.713910  0.525043  0.591888  0.670812  0.392105  0.637967  0.865701  0.725123 
47  0.341756  0.756576  0.776440  0.488756  0.686453  0.866470  0.737798  0.829109  0.624458  0.613506  0.840696  0.820646  0.539721  0.570006  0.840918  0.834850  0.796800  0.864697  0.576257  0.648625  0.705858  0.582448  0.708363  0.772121  0.704490  0.298906  0.405407  0.426488  0.725203  0.602903  0.810959  0.883831  0.584485  0.799534  0.653759  0.767641  0.623880  0.436818  0.612402  0.628708  0.921712  0.670864  0.545956  0.469728  0.546444  0.740966  0.542298 0.0  0.549397  0.668863  0.595456  0.890874  0.631405  0.469605  0.625775  0.484419  0.470629  0.733122  0.856756  0.799958 
48  0.585382  0.854902  0.888495  0.664909  0.690462  0.764934  0.817834  0.840327  0.566524  0.616040  0.770126  0.760615  0.763865  0.595364  0.757128  0.670632  0.669912  0.864467  0.646285  0.701598  0.563612  0.507743  0.752337  0.809522  0.728590  0.655050  0.517951  0.627053  0.775154  0.605298  0.793818  0.812626  0.532195  0.862320  0.554026  0.741736  0.616645  0.717033  0.637600  0.707676  0.856940  0.553661  0.399726  0.495719  0.586293  0.775794  0.519360  0.549397 0.0  0.379389  0.524634  0.599610  0.757488  0.626207  0.485117  0.433231  0.617787  0.586957  0.814385  0.748975 
49  0.516148  0.877105  0.749630  0.558340  0.636948  0.709545  0.774740  0.879986  0.513602  0.749052  0.750302  0.767992  0.549612  0.564059  0.771869  0.633019  0.808171  0.795048  0.586932  0.603514  0.612046  0.572439  0.801972  0.824269  0.826111  0.677503  0.629785  0.628567  0.710522  0.739357  0.788376  0.881451  0.542160  0.811055  0.565919  0.760532  0.621754  0.736258  0.549516  0.640259  0.791251  0.568837  0.413952  0.649954  0.585529  0.726311  0.661864  0.668863  0.379389 0.0  0.499137  0.629745  0.543228  0.601960  0.326568  0.422419  0.593989  0.640117  0.887363  0.685696 
50  0.491229  0.782137  0.877070  0.468147  0.564625  0.799673  0.829903  0.802291  0.562253  0.643211  0.791824  0.757454  0.515054  0.437770  0.779949  0.782395  0.753938  0.810631  0.560824  0.571884  0.748839  0.603879  0.731053  0.687985  0.729379  0.554564  0.560889  0.604621  0.808979  0.600592  0.732876  0.750388  0.511578  0.764249  0.519458  0.683144  0.544150  0.543307  0.567997  0.593965  0.801251  0.524200  0.592293  0.574512  0.550420  0.612385  0.537805  0.595456  0.524634  0.499137 0.0  0.768067  0.497578  0.602649  0.496680  0.637128  0.567597  0.583164  0.764801  0.787971 
51  0.703217  0.733213  0.731871  0.804229  0.595452  0.741430  0.752464  0.804419  0.744799  0.581169  0.787802  0.737569  0.786006  0.792228  0.800587  0.325888  0.727174  0.820975  0.849959  0.611669  0.463516  0.841893  0.646796  0.809166  0.697077  0.779277  0.736803  0.878017  0.784791  0.718197  0.775901  0.723022  0.784628  0.716563  0.741840  0.757577  0.895834  0.755335  0.825285  0.697554  0.756833  0.667122  0.645409  0.725757  0.790643  0.772382  0.834799  0.890874  0.599610  0.629745  0.768067 0.0  0.681663  0.817783  0.571334  0.507664  0.781203  0.788862  0.877178  0.441737 
52  0.686500  0.680863  0.966763  0.574807  0.634457  0.891655  0.849160  0.879269  0.362329  0.597951  0.740554  0.867858  0.519369  0.478610  0.850410  0.813587  0.769859  0.807654  0.578178  0.513906  0.789504  0.356309  0.724645  0.835859  0.620890  0.630572  0.695010  0.710814  0.712525  0.470438  0.851772  0.625091  0.313053  0.737032  0.317591  0.712778  0.369205  0.700565  0.354023  0.520522  0.739193  0.334688  0.548082  0.527536  0.674019  0.679845  0.713910  0.631405  0.757488  0.543228  0.497578  0.681663 0.0  0.652303  0.498974  0.600314  0.761994  0.449526  0.722120  0.448816 
53  0.543545  0.696046  0.785415  0.367091  0.589158  0.702743  0.803263  0.837520  0.656326  0.600101  0.732371  0.887513  0.656999  0.584422  0.859660  0.724619  0.683183  0.817933  0.321691  0.650929  0.788364  0.709360  0.818387  0.920588  0.833865  0.488187  0.512356  0.353575  0.765318  0.680371  0.810108  0.778654  0.736743  0.751920  0.579535  0.788168  0.788695  0.473151  0.597840  0.639136  0.777062  0.619226  0.630152  0.500328  0.518160  0.788030  0.525043  0.469605  0.626207  0.601960  0.602649  0.817783  0.652303 0.0  0.625641  0.656990  0.216013  0.634177  0.748134  0.770430 
54  0.514885  0.709342  0.880527  0.508195  0.621170  0.754555  0.832143  0.821994  0.648321  0.550190  0.671714  0.729157  0.641491  0.621505  0.854706  0.595579  0.811252  0.842587  0.674145  0.668908  0.685506  0.708698  0.748159  0.838234  0.691173  0.589701  0.570832  0.691751  0.672287  0.591605  0.695765  0.772970  0.551619  0.840724  0.677572  0.670740  0.684094  0.681980  0.585247  0.604876  0.800328  0.637869  0.416996  0.562417  0.647055  0.662667  0.591888  0.625775  0.485117  0.326568  0.496680  0.571334  0.498974  0.625641 0.0  0.385082  0.617870  0.672989  0.816049  0.778654 
55  0.639862  0.803305  0.641035  0.595716  0.693890  0.828481  0.833993  0.767946  0.480513  0.644499  0.712068  0.810306  0.566186  0.536966  0.917343  0.727095  0.689398  0.835110  0.555554  0.700860  0.626098  0.487879  0.728251  0.751274  0.738364  0.594535  0.551157  0.589405  0.661204  0.600415  0.709739  0.831746  0.543376  0.822873  0.620478  0.796772  0.624766  0.550944  0.537843  0.567872  0.747799  0.626190  0.483890  0.524432  0.458474  0.809946  0.670812  0.484419  0.433231  0.422419  0.637128  0.507664  0.600314  0.656990  0.385082 0.0  0.636487  0.587742  0.846434  0.651796 
56  0.590433  0.837122  0.735749  0.407535  0.477793  1.000000  0.836175  0.882323  0.636967  0.639856  0.702745  0.761321  0.608246  0.553859  0.838186  0.851575  0.847358  0.812139  0.383188  0.582554  0.800055  0.769122  0.695143  0.803536  0.753163  0.519829  0.485847  0.314504  0.701505  0.621430  0.855886  0.792466  0.559172  0.807983  0.646243  0.767735  0.778195  0.558180  0.567369  0.532262  0.783605  0.690039  0.464525  0.546933  0.511932  0.695184  0.392105  0.470629  0.617787  0.593989  0.567597  0.781203  0.761994  0.216013  0.617870  0.636487 0.0  0.642875  0.834514  0.714283 
57  0.616588  0.726171  0.810897  0.660423  0.585181  0.782249  0.839375  0.804250  0.427181  0.699352  0.819439  0.940461  0.497324  0.598000  0.819046  0.796283  0.709967  0.801446  0.641879  0.729134  0.768055  0.364043  0.707708  0.734294  0.780370  0.540133  0.698662  0.669808  0.769834  0.412279  0.858503  0.862785  0.241742  0.708215  0.403714  0.819589  0.296321  0.684408  0.345975  0.455983  0.826040  0.477083  0.574861  0.651179  0.586014  0.700998  0.637967  0.733122  0.586957  0.640117  0.583164  0.788862  0.449526  0.634177  0.672989  0.587742  0.642875 0.0  0.836791  0.584651 
58  0.877509  0.433870  0.504887  0.752961  0.619050  0.406179  0.283848  0.341746  0.882479  0.595192  0.728798  0.345570  0.823695  0.769294  0.400608  0.799057  0.786328  0.350383  0.867740  0.674423  0.857737  0.796510  0.835344  0.398580  0.731697  0.771725  0.821062  0.748403  0.769183  0.860803  0.523845  0.393330  0.764080  0.659011  0.814415  0.757396  0.748192  0.846763  0.759300  0.816120  0.457676  0.872192  0.687208  0.899335  0.910787  0.718314  0.865701  0.856756  0.814385  0.887363  0.764801  0.877178  0.722120  0.748134  0.816049  0.846434  0.834514  0.836791 0.0  0.690247 
59  0.813955  0.716935  0.747686  0.836062  0.586764  0.812216  0.724855  0.644727  0.732728  0.594112  0.786478  0.703195  0.599700  0.762198  0.748452  0.491311  0.845533  0.844569  0.786385  0.556543  0.515683  0.477760  0.774078  0.717162  0.665410  0.669616  0.771837  0.704866  0.840473  0.538247  0.844324  0.694667  0.509603  0.735356  0.495123  0.659718  0.470228  0.785383  0.598467  0.565444  0.834607  0.654711  0.793751  0.765918  0.732010  0.786419  0.725123  0.799958  0.748975  0.685696  0.787971  0.441737  0.448816  0.770430  0.778654  0.651796  0.714283  0.584651  0.690247 0.0 
