60
0 0.0  0.879614  0.954075  0.445041  0.704151  0.882599  0.932819  0.785181  0.702132  0.658786  0.750825  0.890077  0.640010  0.586534  0.903867  0.851989  0.721314  0.812619  0.481970  0.585725  0.841524  0.757304  0.771808  0.844129  0.666308  0.377073  0.362442  0.535735  0.769797  0.647685  0.870531  0.845124  0.650484  0.891350  0.601628  0.718408  0.663642  0.667409  0.545434  0.615294  0.988204  0.772993  0.508522  0.362941  0.412891  0.902508  0.518740  0.350528  0.596640  0.636700  0.586406  0.789637  0.639622  0.667369  0.577270  0.558500  0.498885  0.659875  0.857147  0.815155 
1  0.879614 0.0  0.380849  0.756270  0.623916  0.432823  0.395736  0.408106  0.866508  0.728362  0.743449  0.369755  0.820951  0.698619  0.430641  0.755612  0.790923  0.352217  0.748482  0.722498  0.842093  0.809234  0.678823  0.326414  0.720255  0.765692  0.770155  0.810320  0.726550  0.856319  0.543538  0.472092  0.769226  0.621447  0.776018  0.731574  0.924215  0.976562  0.741485  0.753953  0.447551  0.783846  0.839875  0.826314  0.833366  0.819073  0.761649  0.835549  0.817937  0.889871  0.758976  0.838037  0.676304  0.761901  0.842238  0.803933  0.900947  0.816222  0.390606  0.857081 
2  0.954075  0.380849 0.0  0.734050  0.701864  0.446915  0.388083  0.479813  0.833808  0.714390  0.751453  0.365774  0.898505  0.808993  0.423930  0.848205  0.689293  0.294525  1.000000  0.640970  0.828255  0.843280  0.817633  0.494279  0.750017  0.886883  0.856142  0.804965  0.836471  0.828817  0.591703  0.339164  0.838759  0.568807  0.900215  0.680807  0.901307  0.918594  0.865756  0.919951  0.407288  0.877760  0.830280  0.882419  0.847271  0.695938  0.773400  0.805139  0.851856  0.755495  0.834732  0.704508  0.882015  0.954462  0.801690  0.847861  0.900251  0.881339  0.348439  0.844268 
3  0.445041  0.756270  0.734050 0.0  0.698995  0.843808  0.920242  0.829330  0.580394  0.662013  0.776216  0.802350  0.582015  0.558943  0.790628  0.819919  0.819433  0.909764  0.528762  0.562456  0.859171  0.713508  0.734410  0.813415  0.807757  0.383024  0.579106  0.444990  0.773444  0.718969  0.768039  0.771686  0.554525  0.797146  0.602427  0.748727  0.719372  0.528293  0.508363  0.538748  0.943522  0.709025  0.672099  0.514331  0.505883  0.757696  0.554017  0.524295  0.619288  0.654926  0.577422  0.829714  0.659038  0.288534  0.623645  0.587270  0.370865  0.704575  0.814299  0.898329 
4  0.704151  0.623916  0.701864  0.698995 0.0  0.544372  0.694559  0.643580  0.663895  0.602658  0.697385  0.649462  0.643606  0.772886  0.711644  0.558526  0.642652  0.788742  0.678700  0.543162  0.688768  0.755324  0.600377  0.608921  0.674189  0.637826  0.598680  0.681648  0.641701  0.649797  0.637125  0.717683  0.616451  0.655025  0.626796  0.697305  0.738615  0.601991  0.579732  0.633767  0.609810  0.654959  0.658173  0.689749  0.631107  0.656809  0.649787  0.562601  0.659667  0.768037  0.620810  0.612780  0.659779  0.635858  0.573138  0.755270  0.628058  0.671141  0.574006  0.764405 
5  0.882599  0.432823  0.446915  0.843808  0.544372 0.0  0.464482  0.379813  0.849035  0.596104  0.918864  0.524306  0.880870  0.843538  0.294183  0.883088  0.774756  0.332553  0.804073  0.703904  0.872620  0.960443  0.877651  0.363190  0.761693  0.893645  0.872448  0.846182  0.736724  0.972372  0.660045  0.443476  0.844815  0.557766  0.822893  0.757825  0.987563  0.796877  0.809694  0.873681  0.436629  0.837686  0.767093  0.891208  0.978322  0.797251  0.862037  0.828625  0.656209  0.814987  0.906710  0.858338  0.777432  0.875297  0.829366  0.944686  0.917997  0.849983  0.303537  0.733350 
6  0.932819  0.395736  0.388083  0.920242  0.694559  0.464482 0.0  0.431379  0.807553  0.608392  0.707967  0.298376  0.849089  0.679514  0.344479  0.815607  0.818338  0.306912  0.975408  0.622858  0.796827  0.920020  0.728731  0.412925  0.878122  0.803656  0.916892  0.871102  0.742756  0.811514  0.611296  0.273697  0.723989  0.631540  0.862671  0.737639  0.792590  0.854017  0.869880  0.853363  0.312662  0.727956  0.829097  0.735479  0.913660  0.763317  0.876290  0.865106  0.878230  0.883868  0.729404  0.864994  0.758027  0.780828  0.862033  0.777200  0.874284  0.903662  0.257686  0.882546 
7  0.785181  0.408106  0.479813  0.829330  0.643580  0.379813  0.431379 0.0  0.888899  0.679733  0.740562  0.449153  0.782115  0.774629  0.308222  0.793007  0.727897  0.315549  0.823520  0.608144  0.772259  0.835429  0.765972  0.450740  0.830512  0.806412  0.867239  0.798689  0.770612  0.954432  0.563971  0.475241  0.868312  0.612501  0.893812  0.689581  0.891771  0.921975  0.781804  0.851892  0.501897  0.798527  0.804335  0.779033  0.998288  0.844649  0.877434  0.855834  0.706958  0.857342  0.747418  0.850647  0.906633  0.916729  0.907963  0.747880  0.850655  0.904160  0.382944  0.810708 
8  0.702132  0.866508  0.833808  0.580394  0.663895  0.849035  0.807553  0.888899 0.0  0.596562  0.697631  0.828333  0.489772  0.561023  0.941446  0.886393  0.746437  0.823573  0.737490  0.626350  0.802730  0.387145  0.857728  0.716064  0.712962  0.725947  0.638558  0.665560  0.731526  0.420039  0.808880  0.901040  0.473465  0.927565  0.321580  0.714396  0.235250  0.733176  0.463668  0.466533  0.868266  0.438998  0.586772  0.725724  0.611394  0.760829  0.638016  0.750890  0.628723  0.641955  0.567058  0.786704  0.288750  0.738651  0.574682  0.545238  0.588992  0.538288  0.894875  0.515524 
9  0.658786  0.728362  0.714390  0.662013  0.602658  0.596104  0.608392  0.679733  0.596562 0.0  0.581023  0.564667  0.627237  0.665866  0.520981  0.716527  0.744066  0.676878  0.598050  0.593399  0.643593  0.630677  0.580820  0.712513  0.590099  0.636504  0.650520  0.647104  0.601981  0.749197  0.663348  0.758069  0.656531  0.700697  0.673409  0.679974  0.779799  0.653491  0.689427  0.606202  0.645845  0.676387  0.586334  0.675212  0.627949  0.679456  0.738207  0.679865  0.576513  0.690587  0.643401  0.744221  0.661038  0.763695  0.652789  0.617462  0.645902  0.662177  0.759308  0.689633 
10  0.750825  0.743449  0.751453  0.776216  0.697385  0.918864  0.707967  0.740562  0.697631  0.581023 0.0  0.780019  0.741499  0.819472  0.836044  0.744610  0.741445  0.746508  0.776167  0.555935  0.847961  0.774308  0.604120  0.713642  0.850777  0.738847  0.758382  0.773417  0.759576  0.701060  0.875525  0.746695  0.852281  0.813202  0.725239  0.669361  0.720215  0.697041  0.824323  0.740659  0.725565  0.692692  0.782760  0.653598  0.748718  0.864964  0.865405  0.822055  0.849990  0.861773  0.757861  0.774974  0.788806  0.729452  0.758088  0.846664  0.669953  0.852978  0.811931  0.744475 
11  0.890077  0.369755  0.365774  0.802350  0.649462  0.524306  0.298376  0.449153  0.828333  0.564667  0.780019 0.0  0.828924  0.727273  0.480399  0.846443  0.705899  0.391560  0.878766  0.699166  0.734603  0.824238  0.751247  0.534293  0.730476  0.863137  0.818052  0.891268  0.789330  0.813449  0.505157  0.441065  0.884588  0.567706  0.860243  0.820792  0.905239  0.814788  0.767531  0.869528  0.365155  0.709856  0.806576  0.882222  0.899869  0.695360  0.839247  0.905364  0.782115  0.861003  0.948471  0.738447  0.847170  0.863284  0.884700  0.844332  0.817924  0.840395  0.340412  0.755151 
12  0.640010  0.820951  0.898505  0.582015  0.643606  0.880870  0.849089  0.782115  0.489772  0.627237  0.741499  0.828924 0.0  0.643620  0.800986  0.821032  0.873189  0.807056  0.639440  0.529614  0.796214  0.452919  0.856713  0.940054  0.811858  0.626669  0.750268  0.697248  0.701589  0.491775  0.839648  0.841857  0.514801  0.765630  0.525226  0.763715  0.436299  0.606382  0.410414  0.463196  0.842262  0.404548  0.661353  0.597612  0.625723  0.846332  0.650351  0.685981  0.685118  0.657361  0.566915  0.803558  0.449570  0.615111  0.580209  0.542809  0.643248  0.473669  0.913558  0.619371 
13  0.586534  0.698619  0.808993  0.558943  0.772886  0.843538  0.679514  0.774629  0.561023  0.665866  0.819472  0.727273  0.643620 0.0  0.871932  0.819676  0.812437  0.821918  0.648646  0.666257  0.778038  0.637144  0.854757  0.910059  0.790574  0.665438  0.566648  0.569130  0.646449  0.500511  0.842172  0.831246  0.676421  0.854105  0.619722  0.752497  0.676164  0.528253  0.505806  0.651935  0.776061  0.568984  0.567216  0.465249  0.570619  0.744901  0.521788  0.548882  0.499216  0.674059  0.396068  0.837696  0.698105  0.651530  0.551160  0.596827  0.666897  0.520785  0.716322  0.743371 
14  0.903867  0.430641  0.423930  0.790628  0.711644  0.294183  0.344479  0.308222  0.941446  0.520981  0.836044  0.480399  0.800986  0.871932 0.0  0.842845  0.855244  0.513637  0.816792  0.711331  0.897162  0.856916  0.722892  0.440199  0.662096  0.854422  0.815713  0.825263  0.825140  0.800221  0.618881  0.564888  0.882546  0.618189  0.848869  0.817614  0.860366  0.825403  0.834238  0.863842  0.398062  0.891310  0.779665  0.798846  0.821981  0.728357  0.882859  0.846805  0.853040  0.831420  0.800739  0.782538  0.847964  0.893746  0.818837  0.937176  0.936397  0.891107  0.441631  0.844048 
15  0.851989  0.755612  0.848205  0.819919  0.558526  0.883088  0.815607  0.793007  0.886393  0.716527  0.744610  0.846443  0.821032  0.819676  0.842845 0.0  0.737876  0.746965  0.790528  0.724707  0.243573  0.812869  0.778200  0.850950  0.746474  0.876809  0.910089  0.786036  0.702737  0.798386  0.922160  0.839840  0.768134  0.832970  0.860890  0.823051  0.801033  0.752816  0.898523  0.841706  0.898325  0.798611  0.610117  0.759534  0.857769  0.694385  0.890138  0.836596  0.680057  0.708156  0.904978  0.410088  0.878891  0.836691  0.615963  0.697670  0.830240  0.788543  0.814084  0.526676 
16  0.721314  0.790923  0.689293  0.819433  0.642652  0.774756  0.818338  0.727897  0.746437  0.744066  0.741445  0.705899  0.873189  0.812437  0.855244  0.737876 0.0  0.752212  0.780276  0.642257  0.823650  0.745891  0.846407  0.830558  0.403975  0.817084  0.830402  0.778499  0.795530  0.677996  0.849751  0.767209  0.753262  0.750224  0.806926  0.724087  0.715381  0.731889  0.699686  0.799732  0.797662  0.776665  0.635584  0.699300  0.787317  0.858059  0.805974  0.729093  0.735819  0.717788  0.728463  0.753379  0.763197  0.731570  0.772254  0.763937  0.811444  0.848696  0.774310  0.759646 
17  0.812619  0.352217  0.294525  0.909764  0.788742  0.332553  0.306912  0.315549  0.823573  0.676878  0.746508  0.391560  0.807056  0.821918  0.513637  0.746965  0.752212 0.0  0.893557  0.765351  0.859401  0.908501  0.770605  0.452427  0.724300  0.863043  0.913953  0.859899  0.732465  0.874338  0.550918  0.485644  0.933062  0.590383  0.926124  0.775777  0.852663  0.817145  0.791742  0.929098  0.464497  0.813240  0.827218  0.965354  0.913715  0.777846  0.909688  0.911026  0.839951  0.812182  0.862989  0.812754  0.788495  0.867006  0.746234  0.809362  0.919278  0.913486  0.350573  0.777863 
18  0.481970  0.748482  1.000000  0.528762  0.678700  0.804073  0.975408  0.823520  0.737490  0.598050  0.776167  0.878766  0.639440  0.648646  0.816792  0.790528  0.780276  0.893557 0.0  0.670285  0.865945  0.637793  0.789767  0.889770  0.692231  0.589052  0.490248  0.356732  0.846988  0.558993  0.821607  0.870158  0.636496  0.832068  0.678152  0.760075  0.560848  0.517511  0.603825  0.778976  0.886236  0.714783  0.668275  0.502828  0.492353  0.766328  0.569631  0.528238  0.692795  0.610617  0.540441  0.824514  0.695566  0.390487  0.594867  0.679763  0.255515  0.631368  0.764017  0.728573 
19  0.585725  0.722498  0.640970  0.562456  0.543162  0.703904  0.622858  0.608144  0.626350  0.593399  0.555935  0.699166  0.529614  0.666257  0.711331  0.724707  0.642257  0.765351  0.670285 0.0  0.612059  0.722980  0.640210  0.712854  0.561150  0.656854  0.692269  0.605915  0.797524  0.660905  0.710524  0.505709  0.601879  0.620816  0.621305  0.686299  0.617966  0.637870  0.686761  0.733854  0.716503  0.542614  0.717096  0.749161  0.586503  0.673342  0.553285  0.581763  0.721788  0.720848  0.726654  0.604568  0.507990  0.716141  0.544293  0.625874  0.710054  0.650616  0.697873  0.649674 
20  0.841524  0.842093  0.828255  0.859171  0.688768  0.872620  0.796827  0.772259  0.802730  0.643593  0.847961  0.734603  0.796214  0.778038  0.897162  0.243573  0.823650  0.859401  0.865945  0.612059 0.0  0.823405  0.789607  0.844153  0.811945  0.840906  0.771370  0.695766  0.857775  0.837711  0.902058  0.806925  0.911357  0.801289  0.808885  0.760586  0.749198  0.746518  0.859101  0.869624  0.813999  0.788081  0.640741  0.777789  0.857309  0.741548  0.713371  0.834443  0.690986  0.642691  0.887827  0.437216  0.821152  0.902984  0.706967  0.607493  0.752198  0.921395  0.903178  0.441509 
21  0.757304  0.809234  0.843280  0.713508  0.755324  0.960443  0.920020  0.835429  0.387145  0.630677  0.774308  0.824238  0.452919  0.637144  0.856916  0.812869  0.745891  0.908501  0.637793  0.722980  0.823405 0.0  0.769709  0.751673  0.812625  0.650903  0.700717  0.666952  0.666486  0.362487  0.834706  0.826102  0.286367  0.773336  0.381080  0.696786  0.391353  0.629369  0.422972  0.457021  0.833398  0.541259  0.601203  0.574295  0.565937  0.785011  0.689601  0.718344  0.673968  0.756827  0.595691  0.804801  0.343100  0.711720  0.658128  0.556396  0.637212  0.391568  0.815530  0.736129 
22  0.771808  0.678823  0.817633  0.734410  0.600377  0.877651  0.728731  0.765972  0.857728  0.580820  0.604120  0.751247  0.856713  0.854757  0.722892  0.778200  0.846407  0.770605  0.789767  0.640210  0.789607  0.769709 0.0  0.674952  0.681154  0.810761  0.794559  0.749036  0.800591  0.889889  0.833637  0.653311  0.820187  0.832987  0.875596  0.773964  0.815591  0.826453  0.802153  0.776894  0.744248  0.831072  0.784148  0.744803  0.690624  0.764703  0.660986  0.710929  0.733762  0.832173  0.775915  0.811960  0.770268  0.768917  0.763975  0.748747  0.758739  0.729815  0.765365  0.824057 
23  0.844129  0.326414  0.494279  0.813415  0.608921  0.363190  0.412925  0.450740  0.716064  0.712513  0.713642  0.534293  0.940054  0.910059  0.440199  0.850950  0.830558  0.452427  0.889770  0.712854  0.844153  0.751673  0.674952 0.0  0.780201  0.795064  0.707944  0.806183  0.807609  0.917580  0.661918  0.395020  0.824297  0.500338  0.921821  0.783114  0.881391  0.850049  0.825638  0.847084  0.411418  0.813606  0.740640  0.797163  0.701941  0.749464  0.861332  0.817218  0.767331  0.803121  0.801122  0.807565  0.869732  0.858569  0.918084  0.883336  0.816774  0.776900  0.437271  0.822597 
24  0.666308  0.720255  0.750017  0.807757  0.674189  0.761693  0.878122  0.830512  0.712962  0.590099  0.850777  0.730476  0.811858  0.790574  0.662096  0.746474  0.403975  0.724300  0.692231  0.561150  0.811945  0.812625  0.681154  0.780201 0.0  0.699131  0.794341  0.672100  0.811250  0.751117  0.801405  0.693158  0.844090  0.749582  0.877234  0.637692  0.794578  0.815571  0.832120  0.828245  0.630832  0.662125  0.767486  0.771996  0.736183  0.686098  0.693121  0.770768  0.766805  0.811009  0.790656  0.827032  0.757096  0.761426  0.692601  0.761026  0.818655  0.800702  0.759119  0.815628 
25  0.377073  0.765692  0.886883  0.383024  0.637826  0.893645  0.803656  0.806412  0.725947  0.636504  0.738847  0.863137  0.626669  0.665438  0.854422  0.876809  0.817084  0.863043  0.589052  0.656854  0.840906  0.650903  0.810761  0.795064  0.699131 0.0  0.425117  0.597724  0.642502  0.506918  0.845738  0.850408  0.734326  0.826225  0.584724  0.770869  0.743468  0.585175  0.628776  0.652083  0.917849  0.664032  0.618710  0.463028  0.517370  0.655309  0.504987  0.329241  0.662193  0.628530  0.593728  0.715734  0.602664  0.613311  0.609775  0.539349  0.457317  0.694793  0.818449  0.828990 
26  0.362442  0.770155  0.856142  0.579106  0.598680  0.872448  0.916892  0.867239  0.638558  0.650520  0.758382  0.818052  0.750268  0.566648  0.815713  0.910089  0.830402  0.913953  0.490248  0.692269  0.771370  0.700717  0.794559  0.707944  0.794341  0.425117 0.0  0.660394  0.870393  0.698760  0.841864  0.897163  0.666072  0.834442  0.545591  0.846828  0.756731  0.591001  0.602445  0.631052  0.796707  0.585536  0.647838  0.412473  0.522953  0.755778  0.472738  0.458709  0.603961  0.584599  0.506065  0.817661  0.738742  0.548951  0.658959  0.573849  0.521311  0.760086  0.886847  0.776718 
27  0.535735  0.810320  0.804965  0.444990  0.681648  0.846182  0.871102  0.798689  0.665560  0.647104  0.773417  0.891268  0.697248  0.569130  0.825263  0.786036  0.778499  0.859899  0.356732  0.605915  0.695766  0.666952  0.749036  0.806183  0.672100  0.597724  0.660394 0.0  0.740028  0.672692  0.749364  0.812014  0.676096  0.855856  0.676445  0.823215  0.692734  0.479846  0.533558  0.706782  0.914938  0.668642  0.551842  0.493141  0.640905  0.733310  0.557221  0.640186  0.607885  0.626778  0.606478  0.781428  0.673531  0.500557  0.594873  0.548605  0.389638  0.704017  0.863923  0.805958 
28  0.769797  0.726550  0.836471  0.773444  0.641701  0.736724  0.742756  0.770612  0.731526  0.601981  0.759576  0.789330  0.701589  0.646449  0.825140  0.702737  0.795530  0.732465  0.846988  0.797524  0.857775  0.666486  0.800591  0.807609  0.811250  0.642502  0.870393  0.740028 0.0  0.792702  0.824445  0.721317  0.761274  0.712165  0.816271  0.509953  0.724995  0.719739  0.705103  0.783546  0.695444  0.757581  0.875040  0.754249  0.754377  0.538181  0.721842  0.797470  0.842982  0.718232  0.685391  0.745298  0.884942  0.774084  0.838270  0.694602  0.847880  0.775501  0.777173  0.786581 
29  0.647685  0.856319  0.828817  0.718969  0.649797  0.972372  0.811514  0.954432  0.420039  0.749197  0.701060  0.813449  0.491775  0.500511  0.800221  0.798386  0.677996  0.874338  0.558993  0.660905  0.837711  0.362487  0.889889  0.917580  0.751117  0.506918  0.698760  0.672692  0.792702 0.0  0.957196  0.854122  0.382599  0.822010  0.433759  0.678233  0.389550  0.722936  0.426873  0.503260  0.915208  0.562861  0.556510  0.587782  0.541551  0.818166  0.661927  0.660484  0.627981  0.634272  0.575946  0.761168  0.488966  0.567359  0.609494  0.620545  0.726471  0.308284  0.854164  0.627402 
30  0.870531  0.543538  0.591703  0.768039  0.637125  0.660045  0.611296  0.563971  0.808880  0.663348  0.875525  0.505157  0.839648  0.842172  0.618881  0.922160  0.849751  0.550918  0.821607  0.710524  0.902058  0.834706  0.833637  0.661918  0.801405  0.845738  0.841864  0.749364  0.824445  0.957196 0.0  0.588297  0.843721  0.388853  0.717198  0.833169  0.871618  0.838366  0.798859  0.909986  0.560777  0.796617  0.804223  0.834566  0.711496  0.883137  0.946119  0.829478  0.777569  0.778837  0.783603  0.926620  0.780651  0.769297  0.770189  0.818429  0.802003  0.811296  0.701407  0.766697 
31  0.845124  0.472092  0.339164  0.771686  0.717683  0.443476  0.273697  0.475241  0.901040  0.758069  0.746695  0.441065  0.841857  0.831246  0.564888  0.839840  0.767209  0.485644  0.870158  0.505709  0.806925  0.826102  0.653311  0.395020  0.693158  0.850408  0.897163  0.812014  0.721317  0.854122  0.588297 0.0  0.853534  0.559384  0.981009  0.775245  0.944340  0.959097  0.827656  0.829077  0.331250  0.857161  0.764045  0.910095  0.874417  0.801563  0.972209  0.869650  0.873253  0.856546  0.828681  0.760434  0.937344  0.785707  0.850928  0.767343  0.885613  0.924752  0.388627  0.733133 
32  0.650484  0.769226  0.838759  0.554525  0.616451  0.844815  0.723989  0.868312  0.473465  0.656531  0.852281  0.884588  0.514801  0.676421  0.882546  0.768134  0.753262  0.933062  0.636496  0.601879  0.911357  0.286367  0.820187  0.824297  0.844090  0.734326  0.666072  0.676096  0.761274  0.382599  0.843721  0.853534 0.0  0.853990  0.371992  0.723438  0.254845  0.569650  0.425860  0.532735  0.858686  0.509090  0.647804  0.747985  0.642233  0.646797  0.670230  0.599864  0.664250  0.642148  0.578335  0.873330  0.354979  0.732444  0.656549  0.703929  0.701842  0.353116  0.890477  0.675833 
33  0.891350  0.621447  0.568807  0.797146  0.655025  0.557766  0.631540  0.612501  0.927565  0.700697  0.813202  0.567706  0.765630  0.854105  0.618189  0.832970  0.750224  0.590383  0.832068  0.620816  0.801289  0.773336  0.832987  0.500338  0.749582  0.826225  0.834442  0.855856  0.712165  0.822010  0.388853  0.559384  0.853990 0.0  0.866858  0.741004  0.885503  0.861685  0.807986  0.861063  0.581229  0.846498  0.834652  0.726927  0.913180  0.783286  0.833020  0.863353  0.941468  0.842557  0.763526  0.834932  0.812116  0.835326  0.793371  0.872646  0.843395  0.829185  0.511208  0.761513 
34  0.601628  0.776018  0.900215  0.602427  0.626796  0.822893  0.862671  0.893812  0.321580  0.673409  0.725239  0.860243  0.525226  0.619722  0.848869  0.860890  0.806926  0.926124  0.678152  0.621305  0.808885  0.381080  0.875596  0.921821  0.877234  0.584724  0.545591  0.676445  0.816271  0.433759  0.717198  0.981009  0.371992  0.866858 0.0  0.819802  0.424190  0.683850  0.357807  0.481179  0.926895  0.530450  0.585308  0.674760  0.607463  0.753031  0.673126  0.726132  0.661898  0.609397  0.613169  0.758705  0.266842  0.678813  0.708588  0.591530  0.719509  0.396249  0.798891  0.606018 
35  0.718408  0.731574  0.680807  0.748727  0.697305  0.757825  0.737639  0.689581  0.714396  0.679974  0.669361  0.820792  0.763715  0.752497  0.817614  0.823051  0.724087  0.775777  0.760075  0.686299  0.760586  0.696786  0.773964  0.783114  0.637692  0.770869  0.846828  0.823215  0.509953  0.678233  0.833169  0.775245  0.723438  0.741004  0.819802 0.0  0.818419  0.788147  0.840967  0.856555  0.828877  0.780287  0.667152  0.705334  0.821209  0.514654  0.741739  0.692302  0.855108  0.833247  0.736566  0.701132  0.690876  0.745335  0.643506  0.634940  0.721287  0.777326  0.606368  0.767790 
36  0.663642  0.924215  0.901307  0.719372  0.738615  0.987563  0.792590  0.891771  0.235250  0.779799  0.720215  0.905239  0.436299  0.676164  0.860366  0.801033  0.715381  0.852663  0.560848  0.617966  0.749198  0.391353  0.815591  0.881391  0.794578  0.743468  0.756731  0.692734  0.724995  0.389550  0.871618  0.944340  0.254845  0.885503  0.424190  0.818419 0.0  0.672776  0.387143  0.516794  0.911833  0.485893  0.553322  0.692130  0.734734  0.832216  0.614805  0.676479  0.619888  0.543097  0.553683  0.741909  0.467659  0.628561  0.551044  0.563816  0.642123  0.276057  0.833016  0.619015 
37  0.667409  0.976562  0.918594  0.528293  0.601991  0.796877  0.854017  0.921975  0.733176  0.653491  0.697041  0.814788  0.606382  0.528253  0.825403  0.752816  0.731889  0.817145  0.517511  0.637870  0.746518  0.629369  0.826453  0.850049  0.815571  0.585175  0.591001  0.479846  0.719739  0.722936  0.838366  0.959097  0.569650  0.861685  0.683850  0.788147  0.672776 0.0  0.677376  0.659444  0.789717  0.627477  0.610256  0.525626  0.288686  0.749492  0.411489  0.616988  0.760505  0.561352  0.558630  0.831022  0.740179  0.609759  0.651917  0.650777  0.561917  0.619068  0.909072  0.676092 
38  0.545434  0.741485  0.865756  0.508363  0.579732  0.809694  0.869880  0.781804  0.463668  0.689427  0.824323  0.767531  0.410414  0.505806  0.834238  0.898523  0.699686  0.791742  0.603825  0.686761  0.859101  0.422972  0.802153  0.825638  0.832120  0.628776  0.602445  0.533558  0.705103  0.426873  0.798859  0.827656  0.425860  0.807986  0.357807  0.840967  0.387143  0.677376 0.0  0.456689  0.810132  0.468627  0.650343  0.574365  0.543173  0.753823  0.658212  0.631944  0.559793  0.573870  0.655373  0.861456  0.506559  0.561554  0.587865  0.584042  0.583681  0.425904  0.746605  0.548727 
39  0.615294  0.753953  0.919951  0.538748  0.633767  0.873681  0.853363  0.851892  0.466533  0.606202  0.740659  0.869528  0.463196  0.651935  0.863842  0.841706  0.799732  0.929098  0.778976  0.733854  0.869624  0.457021  0.776894  0.847084  0.828245  0.652083  0.631052  0.706782  0.783546  0.503260  0.909986  0.829077  0.532735  0.861063  0.481179  0.856555  0.516794  0.659444  0.456689 0.0  0.947245  0.312620  0.577123  0.646253  0.747582  0.866108  0.666860  0.544410  0.686260  0.676816  0.623437  0.837965  0.492534  0.730208  0.543860  0.623843  0.635078  0.479467  0.967818  0.575864 
40  0.988204  0.447551  0.407288  0.943522  0.609810  0.436629  0.312662  0.501897  0.868266  0.645845  0.725565  0.365155  0.842262  0.776061  0.398062  0.898325  0.797662  0.464497  0.886236  0.716503  0.813999  0.833398  0.744248  0.411418  0.630832  0.917849  0.796707  0.914938  0.695444  0.915208  0.560777  0.331250  0.858686  0.581229  0.926895  0.828877  0.911833  0.789717  0.810132  0.947245 0.0  0.797030  0.884320  0.870562  0.896971  0.788642  0.916803  0.829008  0.873221  0.818098  0.779326  0.882610  0.960963  0.905284  0.896703  0.779990  0.867101  0.958762  0.447661  0.735471 
41  0.772993  0.783846  0.877760  0.709025  0.654959  0.837686  0.727956  0.798527  0.438998  0.676387  0.692692  0.709856  0.404548  0.568984  0.891310  0.798611  0.776665  0.813240  0.714783  0.542614  0.788081  0.541259  0.831072  0.813606  0.662125  0.664032  0.585536  0.668642  0.757581  0.562861  0.796617  0.857161  0.509090  0.846498  0.530450  0.780287  0.485893  0.627477  0.468627  0.312620  0.797030 0.0  0.592321  0.566964  0.570608  0.788126  0.632909  0.667351  0.542487  0.690662  0.545245  0.879110  0.504413  0.536238  0.577534  0.562851  0.648999  0.415187  0.849290  0.527366 
42  0.508522  0.839875  0.830280  0.672099  0.658173  0.767093  0.829097  0.804335  0.586772  0.586334  0.782760  0.806576  0.661353  0.567216  0.779665  0.610117  0.635584  0.827218  0.668275  0.717096  0.640741  0.601203  0.784148  0.740640  0.767486  0.618710  0.647838  0.551842  0.875040  0.556510  0.804223  0.764045  0.647804  0.834652  0.585308  0.667152  0.553322  0.610256  0.650343  0.577123  0.884320  0.592321 0.0  0.595234  0.605008  0.716224  0.573234  0.608057  0.552843  0.396997  0.529405  0.636155  0.615374  0.579146  0.457451  0.428169  0.592752  0.723635  0.805039  0.740868 
43  0.362941  0.826314  0.882419  0.514331  0.689749  0.891208  0.735479  0.779033  0.725724  0.675212  0.653598  0.882222  0.597612  0.465249  0.798846  0.759534  0.699300  0.965354  0.502828  0.749161  0.777789  0.574295  0.744803  0.797163  0.771996  0.463028  0.412473  0.493141  0.754249  0.587782  0.834566  0.910095  0.747985  0.726927  0.674760  0.705334  0.692130  0.525626  0.574365  0.646253  0.870562  0.566964  0.595234 0.0  0.563026  0.769862  0.587255  0.338833  0.582902  0.646441  0.531712  0.941062  0.745051  0.548082  0.527835  0.612830  0.661456  0.650197  0.809976  0.867097 
44  0.412891  0.833366  0.847271  0.505883  0.631107  0.978322  0.913660  0.998288  0.611394  0.627949  0.748718  0.899869  0.625723  0.570619  0.821981  0.857769  0.787317  0.913715  0.492353  0.586503  0.857309  0.565937  0.690624  0.701941  0.736183  0.517370  0.522953  0.640905  0.754377  0.541551  0.711496  0.874417  0.642233  0.913180  0.607463  0.821209  0.734734  0.288686  0.543173  0.747582  0.896971  0.570608  0.605008  0.563026 0.0  0.648818  0.305149  0.539556  0.543569  0.728623  0.667632  0.804889  0.518896  0.469832  0.512340  0.620158  0.550157  0.707938  0.776725  0.783346 
45  0.902508  0.819073  0.695938  0.757696  0.656809  0.797251  0.763317  0.844649  0.760829  0.679456  0.864964  0.695360  0.846332  0.744901  0.728357  0.694385  0.858059  0.777846  0.766328  0.673342  0.741548  0.785011  0.764703  0.749464  0.686098  0.655309  0.755778  0.733310  0.538181  0.818166  0.883137  0.801563  0.646797  0.783286  0.753031  0.514654  0.832216  0.749492  0.753823  0.866108  0.788642  0.788126  0.716224  0.769862  0.648818 0.0  0.790293  0.782466  0.830252  0.787397  0.850750  0.803518  0.751327  0.792668  0.735724  0.708085  0.840042  0.753085  0.746165  0.860316 
46  0.518740  0.761649  0.773400  0.554017  0.649787  0.862037  0.876290  0.877434  0.638016  0.738207  0.865405  0.839247  0.650351  0.521788  0.882859  0.890138  0.805974  0.909688  0.569631  0.553285  0.713371  0.689601  0.660986  0.861332  0.693121  0.504987  0.472738  0.557221  0.721842  0.661927  0.946119  0.972209  0.670230  0.833020  0.673126  0.741739  0.614805  0.411489  0.658212  0.666860  0.916803  0.632909  0.573234  0.587255  0.305149  0.790293 0.0  0.554772  0.729668  0.634249  0.424464  0.841022  0.664314  0.449750  0.712048  0.568253  0.563160  0.601733  0.814514  0.792093 
47  0.350528  0.835549  0.805139  0.524295  0.562601  0.828625  0.865106  0.855834  0.750890  0.679865  0.822055  0.905364  0.685981  0.548882  0.846805  0.836596  0.729093  0.911026  0.528238  0.581763  0.834443  0.718344  0.710929  0.817218  0.770768  0.329241  0.458709  0.640186  0.797470  0.660484  0.829478  0.869650  0.599864  0.863353  0.726132  0.692302  0.676479  0.616988  0.631944  0.544410  0.829008  0.667351  0.608057  0.338833  0.539556  0.782466  0.554772 0.0  0.738698  0.616360  0.633867  0.892429  0.637919  0.552923  0.727758  0.443525  0.601582  0.621549  0.837855  0.743758 
48  0.596640  0.817937  0.851856  0.619288  0.659667  0.656209  0.878230  0.706958  0.628723  0.576513  0.849990  0.782115  0.685118  0.499216  0.853040  0.680057  0.735819  0.839951  0.692795  0.721788  0.690986  0.673968  0.733762  0.767331  0.766805  0.662193  0.603961  0.607885  0.842982  0.627981  0.777569  0.873253  0.664250  0.941468  0.661898  0.855108  0.619888  0.760505  0.559793  0.686260  0.873221  0.542487  0.552843  0.582902  0.543569  0.830252  0.729668  0.738698 0.0  0.474158  0.606079  0.696657  0.600562  0.666876  0.517866  0.563654  0.662467  0.589527  0.808586  0.773754 
49  0.636700  0.889871  0.755495  0.654926  0.768037  0.814987  0.883868  0.857342  0.641955  0.690587  0.861773  0.861003  0.657361  0.674059  0.831420  0.708156  0.717788  0.812182  0.610617  0.720848  0.642691  0.756827  0.832173  0.803121  0.811009  0.628530  0.584599  0.626778  0.718232  0.634272  0.778837  0.856546  0.642148  0.842557  0.609397  0.833247  0.543097  0.561352  0.573870  0.676816  0.818098  0.690662  0.396997  0.646441  0.728623  0.787397  0.634249  0.616360  0.474158 0.0  0.555148  0.624109  0.622499  0.525176  0.353845  0.315159  0.608823  0.668635  0.771833  0.855233 
50  0.586406  0.758976  0.834732  0.577422  0.620810  0.906710  0.729404  0.747418  0.567058  0.643401  0.757861  0.948471  0.566915  0.396068  0.800739  0.904978  0.728463  0.862989  0.540441  0.726654  0.887827  0.595691  0.775915  0.801122  0.790656  0.593728  0.506065  0.606478  0.685391  0.575946  0.783603  0.828681  0.578335  0.763526  0.613169  0.736566  0.553683  0.558630  0.655373  0.623437  0.779326  0.545245  0.529405  0.531712  0.667632  0.850750  0.424464  0.633867  0.606079  0.555148 0.0  0.828802  0.585302  0.629211  0.659115  0.589719  0.550085  0.517561  0.922470  0.811866 
51  0.789637  0.838037  0.704508  0.829714  0.612780  0.858338  0.864994  0.850647  0.786704  0.744221  0.774974  0.738447  0.803558  0.837696  0.782538  0.410088  0.753379  0.812754  0.824514  0.604568  0.437216  0.804801  0.811960  0.807565  0.827032  0.715734  0.817661  0.781428  0.745298  0.761168  0.926620  0.760434  0.873330  0.834932  0.758705  0.701132  0.741909  0.831022  0.861456  0.837965  0.882610  0.879110  0.636155  0.941062  0.804889  0.803518  0.841022  0.892429  0.696657  0.624109  0.828802 0.0  0.764940  0.876510  0.577262  0.580238  0.769755  0.762182  0.799139  0.556084 
52  0.639622  0.676304  0.882015  0.659038  0.659779  0.777432  0.758027  0.906633  0.288750  0.661038  0.788806  0.847170  0.449570  0.698105  0.847964  0.878891  0.763197  0.788495  0.695566  0.507990  0.821152  0.343100  0.770268  0.869732  0.757096  0.602664  0.738742  0.673531  0.884942  0.488966  0.780651  0.937344  0.354979  0.812116  0.266842  0.690876  0.467659  0.740179  0.506559  0.492534  0.960963  0.504413  0.615374  0.745051  0.518896  0.751327  0.664314  0.637919  0.600562  0.622499  0.585302  0.764940 0.0  0.698315  0.613171  0.727996  0.658432  0.278947  0.748248  0.706110 
53  0.667369  0.761901  0.954462  0.288534  0.635858  0.875297  0.780828  0.916729  0.738651  0.763695  0.729452  0.863284  0.615111  0.651530  0.893746  0.836691  0.731570  0.867006  0.390487  0.716141  0.902984  0.711720  0.768917  0.858569  0.761426  0.613311  0.548951  0.500557  0.774084  0.567359  0.769297  0.785707  0.732444  0.835326  0.678813  0.745335  0.628561  0.609759  0.561554  0.730208  0.905284  0.536238  0.579146  0.548082  0.469832  0.792668  0.449750  0.552923  0.666876  0.525176  0.629211  0.876510  0.698315 0.0  0.569857  0.611026  0.325551  0.706219  0.906340  0.726423 
54  0.577270  0.842238  0.801690  0.623645  0.573138  0.829366  0.862033  0.907963  0.574682  0.652789  0.758088  0.884700  0.580209  0.551160  0.818837  0.615963  0.772254  0.746234  0.594867  0.544293  0.706967  0.658128  0.763975  0.918084  0.692601  0.609775  0.658959  0.594873  0.838270  0.609494  0.770189  0.850928  0.656549  0.793371  0.708588  0.643506  0.551044  0.651917  0.587865  0.543860  0.896703  0.577534  0.457451  0.527835  0.512340  0.735724  0.712048  0.727758  0.517866  0.353845  0.659115  0.577262  0.613171  0.569857 0.0  0.428749  0.538261  0.564397  0.911937  0.760078 
55  0.558500  0.803933  0.847861  0.587270  0.755270  0.944686  0.777200  0.747880  0.545238  0.617462  0.846664  0.844332  0.542809  0.596827  0.937176  0.697670  0.763937  0.809362  0.679763  0.625874  0.607493  0.556396  0.748747  0.883336  0.761026  0.539349  0.573849  0.548605  0.694602  0.620545  0.818429  0.767343  0.703929  0.872646  0.591530  0.634940  0.563816  0.650777  0.584042  0.623843  0.779990  0.562851  0.428169  0.612830  0.620158  0.708085  0.568253  0.443525  0.563654  0.315159  0.589719  0.580238  0.727996  0.611026  0.428749 0.0  0.662467  0.556336  0.832509  0.749437 
56  0.498885  0.900947  0.900251  0.370865  0.628058  0.917997  0.874284  0.850655  0.588992  0.645902  0.669953  0.817924  0.643248  0.666897  0.936397  0.830240  0.811444  0.919278  0.255515  0.710054  0.752198  0.637212  0.758739  0.816774  0.818655  0.457317  0.521311  0.389638  0.847880  0.726471  0.802003  0.885613  0.701842  0.843395  0.719509  0.721287  0.642123  0.561917  0.583681  0.635078  0.867101  0.648999  0.592752  0.661456  0.550157  0.840042  0.563160  0.601582  0.662467  0.608823  0.550085  0.769755  0.658432  0.325551  0.538261  0.662467 0.0  0.638171  0.818316  0.748014 
57  0.659875  0.816222  0.881339  0.704575  0.671141  0.849983  0.903662  0.904160  0.538288  0.662177  0.852978  0.840395  0.473669  0.520785  0.891107  0.788543  0.848696  0.913486  0.631368  0.650616  0.921395  0.391568  0.729815  0.776900  0.800702  0.694793  0.760086  0.704017  0.775501  0.308284  0.811296  0.924752  0.353116  0.829185  0.396249  0.777326  0.276057  0.619068  0.425904  0.479467  0.958762  0.415187  0.723635  0.650197  0.707938  0.753085  0.601733  0.621549  0.589527  0.668635  0.517561  0.762182  0.278947  0.706219  0.564397  0.556336  0.638171 0.0  0.854286  0.661579 
58  0.857147  0.390606  0.348439  0.814299  0.574006  0.303537  0.257686  0.382944  0.894875  0.759308  0.811931  0.340412  0.913558  0.716322  0.441631  0.814084  0.774310  0.350573  0.764017  0.697873  0.903178  0.815530  0.765365  0.437271  0.759119  0.818449  0.886847  0.863923  0.777173  0.854164  0.701407  0.388627  0.890477  0.511208  0.798891  0.606368  0.833016  0.909072  0.746605  0.967818  0.447661  0.849290  0.805039  0.809976  0.776725  0.746165  0.814514  0.837855  0.808586  0.771833  0.922470  0.799139  0.748248  0.906340  0.911937  0.832509  0.818316  0.854286 0.0  0.644979 
59  0.815155  0.857081  0.844268  0.898329  0.764405  0.733350  0.882546  0.810708  0.515524  0.689633  0.744475  0.755151  0.619371  0.743371  0.844048  0.526676  0.759646  0.777863  0.728573  0.649674  0.441509  0.736129  0.824057  0.822597  0.815628  0.828990  0.776718  0.805958  0.786581  0.627402  0.766697  0.733133  0.675833  0.761513  0.606018  0.767790  0.619015  0.676092  0.548727  0.575864  0.735471  0.527366  0.740868  0.867097  0.783346  0.860316  0.792093  0.743758  0.773754  0.855233  0.811866  0.556084  0.706110  0.726423  0.760078  0.749437  0.748014  0.661579  0.644979 0.0 
