45
0 0.0  0.750371  0.746840  0.662778  0.450896  0.551415  0.403960  0.460380  0.671916  0.649228  0.929938  0.445931  0.559863  0.311113  0.000000  0.408086  0.250075  0.319803  0.610176  0.211203  0.960426  0.847092  0.673558  0.824837  0.248832  0.582450  0.339911  0.461768  0.484311  0.626639  0.373919  0.276836  0.577710  0.164654  0.475731  0.178854  0.299414  0.876278  0.619708  0.470134  0.727063  0.689547  0.455373  0.866411  0.353866 
1  0.750371 0.0  0.371215  0.704059  0.736352  0.338119  0.717674  0.473630  0.193550  0.171768  0.113473  0.589972  0.290831  0.673710  0.746446  0.767651  0.663007  0.395134  0.363749  0.761794  0.057083  0.072600  0.393395  0.126775  0.770966  0.404902  0.668382  0.491370  0.356218  0.328847  0.511844  0.613363  0.380272  0.781833  0.375627  0.707100  0.667837  0.005649  0.188181  0.531709  0.348629  0.303807  0.441043  0.745457  0.324125 
2  0.746840  0.371215 0.0  0.845304  0.453257  0.530824  0.878566  0.916937  0.259860  0.580751  0.415311  0.824369  0.387242  0.504963  0.838987  0.522829  0.752552  0.716337  0.400523  0.907253  0.390583  0.349572  0.228703  0.368387  0.551523  0.748570  0.760516  0.831686  0.737590  0.575814  0.795713  0.592477  0.468534  0.835082  0.418605  0.741314  0.717602  0.341122  0.501945  0.947280  0.194848  0.086311  0.764627  0.626035  0.827198 
3  0.662778  0.704059  0.845304 0.0  0.869662  0.604729  0.007700  0.905226  0.710312  0.741195  0.893352  1.000000  0.656420  0.599674  0.440546  0.830347  0.569359  0.786654  0.575888  0.653407  0.821213  0.859457  0.846950  0.882797  0.748394  0.897276  0.691303  0.844171  0.930359  0.687074  0.768485  0.635094  0.553821  0.524961  0.653949  0.735048  0.738032  0.934872  0.611919  0.802512  0.797495  0.750295  0.776152  0.400646  0.710726 
4  0.450896  0.736352  0.453257  0.869662 0.0  0.759662  0.773547  0.449323  0.741354  0.668819  0.689922  0.292525  0.793884  0.103068  0.394785  0.114822  0.234136  0.325068  0.759590  0.371948  0.775092  0.737217  0.476598  0.758473  0.142253  0.324937  0.210948  0.452934  0.415828  0.601974  0.392169  0.099573  0.835793  0.328365  0.801438  0.211355  0.288022  0.900654  0.835941  0.512425  0.565327  0.508119  0.340960  0.603760  0.317347 
5  0.551415  0.338119  0.530824  0.604729  0.759662 0.0  0.542185  0.870542  0.294010  0.660711  0.476707  0.973818  0.289770  0.707530  0.488903  0.753279  0.609876  0.771702  0.099493  0.643473  0.349344  0.382504  0.348333  0.488381  0.707297  0.829754  0.634725  0.909314  0.885787  0.595727  0.694248  0.792217  0.226270  0.411390  0.105296  0.650446  0.660736  0.394625  0.217583  0.922325  0.305009  0.327249  0.904675  0.809403  0.700185 
6  0.403960  0.717674  0.878566  0.007700  0.773547  0.542185 0.0  0.810172  0.631314  0.476348  0.767692  0.785747  0.432790  0.857016  0.604481  0.782034  0.698294  0.722095  0.423579  0.446467  0.761006  0.781986  0.742181  0.709359  0.675449  0.736555  0.645484  0.740209  0.629053  0.554313  0.727178  0.871881  0.472316  0.352842  0.541950  0.808240  0.659732  0.782136  0.393367  0.746269  0.687452  0.778939  0.766331  0.303251  0.776094 
7  0.460380  0.473630  0.916937  0.905226  0.449323  0.870542  0.810172 0.0  0.718737  0.446060  0.496255  0.158742  0.937584  0.316333  0.347909  0.273559  0.247062  0.011442  0.878043  0.453156  0.545453  0.655191  0.892134  0.519935  0.358404  0.177130  0.244148  0.214799  0.158855  0.353321  0.052176  0.331622  0.913493  0.247905  0.882907  0.262266  0.360856  0.550647  0.853200  0.198121  0.722654  0.651019  0.194683  0.834885  0.116268 
8  0.671916  0.193550  0.259860  0.710312  0.741354  0.294010  0.631314  0.718737 0.0  0.405015  0.330175  0.599981  0.248387  0.707140  0.657353  0.648514  0.699261  0.680599  0.211162  0.626152  0.215491  0.269864  0.176277  0.175840  0.654152  0.741661  0.646122  0.801634  0.741071  0.498305  0.675243  0.674707  0.254430  0.711895  0.273119  0.647342  0.604013  0.381713  0.257219  0.684205  0.222410  0.220502  0.794131  0.654277  0.655855 
9  0.649228  0.171768  0.580751  0.741195  0.668819  0.660711  0.476348  0.446060  0.405015 0.0  0.396164  0.417524  0.666760  0.622779  0.563590  0.612732  0.445931  0.278171  0.613846  0.685593  0.474215  0.400232  0.669705  0.428162  0.510521  0.439277  0.521250  0.439727  0.356289  0.354105  0.246881  0.427008  0.647485  0.578110  0.751477  0.462401  0.426126  0.341306  0.620595  0.481422  0.551044  0.483558  0.509802  0.649424  0.233693 
10  0.929938  0.113473  0.415311  0.893352  0.689922  0.476707  0.767692  0.496255  0.330175  0.396164 0.0  0.517902  0.428269  0.650197  0.734871  0.883907  0.590536  0.392413  0.411621  0.986618  0.188901  0.236845  0.456901  0.208508  0.764347  0.576242  0.778525  0.660435  0.616062  0.361762  0.397505  0.604778  0.433073  0.650096  0.452958  0.705692  0.648018  0.227681  0.442970  0.643644  0.326848  0.245630  0.693504  0.845865  0.473907 
11  0.445931  0.589972  0.824369  1.000000  0.292525  0.973818  0.785747  0.158742  0.599981  0.417524  0.517902 0.0  0.818722  0.256271  0.401363  0.568603  0.338254  0.169685  0.925502  0.410656  0.683272  0.704568  0.707769  0.570161  0.312973  0.147524  0.305537  0.132697  0.261323  0.492402  0.000000  0.432737  0.768896  0.425135  0.823935  0.329030  0.249853  0.632553  0.834378  0.266271  0.702031  0.693699  0.223901  0.715133  0.064920 
12  0.559863  0.290831  0.387242  0.656420  0.793884  0.289770  0.432790  0.937584  0.248387  0.666760  0.428269  0.818722 0.0  0.747703  0.644821  0.879985  0.667574  0.730384  0.180563  0.638759  0.509406  0.559128  0.355323  0.491858  0.841760  0.958061  0.780865  0.940025  0.913579  0.661642  0.749543  0.819593  0.227443  0.502762  0.233379  0.612514  0.821575  0.533302  0.190898  0.914142  0.343759  0.236989  0.819409  0.956098  0.679595 
13  0.311113  0.673710  0.504963  0.599674  0.103068  0.707530  0.857016  0.316333  0.707140  0.622779  0.650197  0.256271  0.747703 0.0  0.418443  0.093028  0.292121  0.210266  0.697211  0.358773  0.710661  0.751820  0.516604  0.735380  0.127397  0.268186  0.169908  0.344707  0.285934  0.621131  0.344137  0.168837  0.808377  0.312390  0.840706  0.244905  0.307611  0.737925  0.709280  0.256583  0.442877  0.403411  0.429415  0.535528  0.309384 
14  0.000000  0.746446  0.838987  0.440546  0.394785  0.488903  0.604481  0.347909  0.657353  0.563590  0.734871  0.401363  0.644821  0.418443 0.0  0.329313  0.199252  0.364417  0.500148  0.096067  0.721370  0.749810  0.777323  0.763236  0.325782  0.364273  0.203101  0.316297  0.372038  0.577276  0.309534  0.433411  0.471731  0.170728  0.417266  0.263173  0.329714  0.671961  0.424393  0.397660  0.719490  0.702357  0.372883  0.792270  0.308947 
15  0.408086  0.767651  0.522829  0.830347  0.114822  0.753279  0.782034  0.273559  0.648514  0.612732  0.883907  0.568603  0.879985  0.093028  0.329313 0.0  0.159041  0.485514  0.847554  0.457331  0.807532  0.884572  0.518189  0.859966  0.152245  0.355074  0.331272  0.413602  0.453824  0.699722  0.366031  0.152478  0.785627  0.305407  0.759546  0.231038  0.312658  0.733504  0.864253  0.434642  0.567345  0.506080  0.272700  0.713601  0.423775 
16  0.250075  0.663007  0.752552  0.569359  0.234136  0.609876  0.698294  0.247062  0.699261  0.445931  0.590536  0.338254  0.667574  0.292121  0.199252  0.159041 0.0  0.259250  0.696583  0.265452  0.725495  0.536890  0.635607  0.736188  0.267599  0.255923  0.149929  0.280690  0.216145  0.376966  0.245634  0.339664  0.607232  0.279974  0.727213  0.275523  0.260649  0.788491  0.732531  0.222126  0.591055  0.663522  0.252590  0.667253  0.321950 
17  0.319803  0.395134  0.716337  0.786654  0.325068  0.771702  0.722095  0.011442  0.680599  0.278171  0.392413  0.169685  0.730384  0.210266  0.364417  0.485514  0.259250 0.0  0.622033  0.388519  0.442003  0.535735  0.712609  0.304792  0.550672  0.094972  0.174905  0.158897  0.102098  0.209275  0.180256  0.237964  0.767167  0.315470  0.735076  0.170343  0.223743  0.531712  0.806437  0.085668  0.770450  0.724916  0.000000  0.778095  0.197812 
18  0.610176  0.363749  0.400523  0.575888  0.759590  0.099493  0.423579  0.878043  0.211162  0.613846  0.411621  0.925502  0.180563  0.697211  0.500148  0.847554  0.696583  0.622033 0.0  0.548852  0.417888  0.456980  0.301376  0.490664  0.715063  0.824759  0.634761  0.794198  0.914961  0.675715  0.708620  0.771157  0.174158  0.463736  0.232360  0.772084  0.629824  0.519823  0.214768  0.903161  0.402914  0.314166  0.854473  0.819496  0.756599 
19  0.211203  0.761794  0.907253  0.653407  0.371948  0.643473  0.446467  0.453156  0.626152  0.685593  0.986618  0.410656  0.638759  0.358773  0.096067  0.457331  0.265452  0.388519  0.548852 0.0  0.851790  0.792369  0.738108  0.882342  0.326962  0.529276  0.300831  0.572330  0.579336  0.646553  0.337803  0.317725  0.607246  0.035835  0.695897  0.362359  0.336009  0.936673  0.669033  0.539137  0.745202  0.864400  0.577801  0.705581  0.343936 
20  0.960426  0.057083  0.390583  0.821213  0.775092  0.349344  0.761006  0.545453  0.215491  0.474215  0.188901  0.683272  0.509406  0.710661  0.721370  0.807532  0.725495  0.442003  0.417888  0.851790 0.0  0.353580  0.431301  0.213355  0.786047  0.617372  0.572034  0.649379  0.655041  0.423956  0.503144  0.802126  0.368914  0.809372  0.392115  0.651990  0.679285  0.188238  0.433527  0.533608  0.308726  0.394132  0.608514  0.883631  0.465964 
21  0.847092  0.072600  0.349572  0.859457  0.737217  0.382504  0.781986  0.655191  0.269864  0.400232  0.236845  0.704568  0.559128  0.751820  0.749810  0.884572  0.536890  0.535735  0.456980  0.792369  0.353580 0.0  0.333434  0.202231  0.792090  0.574164  0.633623  0.686958  0.672619  0.425739  0.469082  0.713547  0.439239  0.631305  0.453740  0.687062  0.629895  0.206248  0.484510  0.578145  0.338977  0.293026  0.567423  0.742073  0.368539 
22  0.673558  0.393395  0.228703  0.846950  0.476598  0.348333  0.742181  0.892134  0.176277  0.669705  0.456901  0.707769  0.355323  0.516604  0.777323  0.518189  0.635607  0.712609  0.301376  0.738108  0.431301  0.333434 0.0  0.415956  0.455852  0.766364  0.681933  0.669496  0.725930  0.563868  0.823340  0.477144  0.321336  0.833161  0.299467  0.631821  0.602219  0.406532  0.491282  0.750229  0.154706  0.365963  0.658670  0.541679  0.734199 
23  0.824837  0.126775  0.368387  0.882797  0.758473  0.488381  0.709359  0.519935  0.175840  0.428162  0.208508  0.570161  0.491858  0.735380  0.763236  0.859966  0.736188  0.304792  0.490664  0.882342  0.213355  0.202231  0.415956 0.0  0.731781  0.636151  0.598060  0.461193  0.598313  0.449445  0.480996  0.717212  0.485025  0.699706  0.429031  0.646181  0.620663  0.171347  0.515047  0.598049  0.373394  0.264580  0.570746  0.833736  0.486299 
24  0.248832  0.770966  0.551523  0.748394  0.142253  0.707297  0.675449  0.358404  0.654152  0.510521  0.764347  0.312973  0.841760  0.127397  0.325782  0.152245  0.267599  0.550672  0.715063  0.326962  0.786047  0.792090  0.455852  0.731781 0.0  0.379818  0.321911  0.374933  0.328298  0.518259  0.523544  0.100159  0.720949  0.325989  0.792270  0.314585  0.185812  0.812266  0.707015  0.251158  0.537848  0.451838  0.452846  0.544184  0.420689 
25  0.582450  0.404902  0.748570  0.897276  0.324937  0.829754  0.736555  0.177130  0.741661  0.439277  0.576242  0.147524  0.958061  0.268186  0.364273  0.355074  0.255923  0.094972  0.824759  0.529276  0.617372  0.574164  0.766364  0.636151  0.379818 0.0  0.267927  0.183911  0.129849  0.327028  0.099896  0.377161  0.922628  0.258190  0.892010  0.421312  0.128821  0.639368  0.814449  0.160911  0.746388  0.813460  0.181049  0.727667  0.038559 
26  0.339911  0.668382  0.760516  0.691303  0.210948  0.634725  0.645484  0.244148  0.646122  0.521250  0.778525  0.305537  0.780865  0.169908  0.203101  0.331272  0.149929  0.174905  0.634761  0.300831  0.572034  0.633623  0.681933  0.598060  0.321911  0.267927 0.0  0.290092  0.233693  0.515280  0.300842  0.292698  0.549228  0.176737  0.708170  0.242949  0.324390  0.681932  0.751950  0.376465  0.601428  0.653493  0.262829  0.737492  0.297153 
27  0.461768  0.491370  0.831686  0.844171  0.452934  0.909314  0.740209  0.214799  0.801634  0.439727  0.660435  0.132697  0.940025  0.344707  0.316297  0.413602  0.280690  0.158897  0.794198  0.572330  0.649379  0.686958  0.669496  0.461193  0.374933  0.183911  0.290092 0.0  0.192950  0.385412  0.000000  0.447530  0.893299  0.395611  0.858203  0.213647  0.223657  0.519108  0.849097  0.252776  0.728479  0.777463  0.153850  0.830901  0.000000 
28  0.484311  0.356218  0.737590  0.930359  0.415828  0.885787  0.629053  0.158855  0.741071  0.356289  0.616062  0.261323  0.913579  0.285934  0.372038  0.453824  0.216145  0.102098  0.914961  0.579336  0.655041  0.672619  0.725930  0.598313  0.328298  0.129849  0.233693  0.192950 0.0  0.366563  0.086345  0.377719  0.905433  0.331560  0.980457  0.239633  0.202326  0.704303  0.878206  0.229155  0.696906  0.671240  0.170921  0.828580  0.027604 
29  0.626639  0.328847  0.575814  0.687074  0.601974  0.595727  0.554313  0.353321  0.498305  0.354105  0.361762  0.492402  0.661642  0.621131  0.577276  0.699722  0.376966  0.209275  0.675715  0.646553  0.423956  0.425739  0.563868  0.449445  0.518259  0.327028  0.515280  0.385412  0.366563 0.0  0.257897  0.517203  0.689158  0.595117  0.670988  0.414722  0.441699  0.431169  0.634872  0.520517  0.494203  0.503703  0.473564  0.592364  0.234137 
30  0.373919  0.511844  0.795713  0.768485  0.392169  0.694248  0.727178  0.052176  0.675243  0.246881  0.397505  0.000000  0.749543  0.344137  0.309534  0.366031  0.245634  0.180256  0.708620  0.337803  0.503144  0.469082  0.823340  0.480996  0.523544  0.099896  0.300842  0.000000  0.086345  0.257897 0.0  0.318595  0.703767  0.360017  0.791922  0.247614  0.319309  0.515653  0.785498  0.097331  0.776839  0.675546  0.178721  0.703753  0.214260 
31  0.276836  0.613363  0.592477  0.635094  0.099573  0.792217  0.871881  0.331622  0.674707  0.427008  0.604778  0.432737  0.819593  0.168837  0.433411  0.152478  0.339664  0.237964  0.771157  0.317725  0.802126  0.713547  0.477144  0.717212  0.100159  0.377161  0.292698  0.447530  0.377719  0.517203  0.318595 0.0  0.793983  0.306207  0.807341  0.246612  0.255620  0.689593  0.741253  0.216904  0.460087  0.447598  0.267549  0.561805  0.373837 
32  0.577710  0.380272  0.468534  0.553821  0.835793  0.226270  0.472316  0.913493  0.254430  0.647485  0.433073  0.768896  0.227443  0.808377  0.471731  0.785627  0.607232  0.767167  0.174158  0.607246  0.368914  0.439239  0.321336  0.485025  0.720949  0.922628  0.549228  0.893299  0.905433  0.689158  0.703767  0.793983 0.0  0.395563  0.144240  0.783239  0.712077  0.441965  0.252460  0.940517  0.335443  0.270957  0.894301  0.922216  0.666549 
33  0.164654  0.781833  0.835082  0.524961  0.328365  0.411390  0.352842  0.247905  0.711895  0.578110  0.650096  0.425135  0.502762  0.312390  0.170728  0.305407  0.279974  0.315470  0.463736  0.035835  0.809372  0.631305  0.833161  0.699706  0.325989  0.258190  0.176737  0.395611  0.331560  0.595117  0.360017  0.306207  0.395563 0.0  0.435861  0.250065  0.246133  0.848525  0.362628  0.350739  0.841766  0.802766  0.306587  0.852427  0.287125 
34  0.475731  0.375627  0.418605  0.653949  0.801438  0.105296  0.541950  0.882907  0.273119  0.751477  0.452958  0.823935  0.233379  0.840706  0.417266  0.759546  0.727213  0.735076  0.232360  0.695897  0.392115  0.453740  0.299467  0.429031  0.792270  0.892010  0.708170  0.858203  0.980457  0.670988  0.791922  0.807341  0.144240  0.435861 0.0  0.637206  0.617752  0.441758  0.208557  0.861631  0.380107  0.356471  0.811979  0.857450  0.789487 
35  0.178854  0.707100  0.741314  0.735048  0.211355  0.650446  0.808240  0.262266  0.647342  0.462401  0.705692  0.329030  0.612514  0.244905  0.263173  0.231038  0.275523  0.170343  0.772084  0.362359  0.651990  0.687062  0.631821  0.646181  0.314585  0.421312  0.242949  0.213647  0.239633  0.414722  0.247614  0.246612  0.783239  0.250065  0.637206 0.0  0.186670  0.591839  0.743725  0.235325  0.673177  0.676978  0.268049  0.855530  0.256865 
36  0.299414  0.667837  0.717602  0.738032  0.288022  0.660736  0.659732  0.360856  0.604013  0.426126  0.648018  0.249853  0.821575  0.307611  0.329714  0.312658  0.260649  0.223743  0.629824  0.336009  0.679285  0.629895  0.602219  0.620663  0.185812  0.128821  0.324390  0.223657  0.202326  0.441699  0.319309  0.255620  0.712077  0.246133  0.617752  0.186670 0.0  0.576562  0.567005  0.290878  0.673851  0.645258  0.349986  0.723852  0.364097 
37  0.876278  0.005649  0.341122  0.934872  0.900654  0.394625  0.782136  0.550647  0.381713  0.341306  0.227681  0.632553  0.533302  0.737925  0.671961  0.733504  0.788491  0.531712  0.519823  0.936673  0.188238  0.206248  0.406532  0.171347  0.812266  0.639368  0.681932  0.519108  0.704303  0.431169  0.515653  0.689593  0.441965  0.848525  0.441758  0.591839  0.576562 0.0  0.466343  0.650052  0.311918  0.371600  0.493418  0.798150  0.433621 
38  0.619708  0.188181  0.501945  0.611919  0.835941  0.217583  0.393367  0.853200  0.257219  0.620595  0.442970  0.834378  0.190898  0.709280  0.424393  0.864253  0.732531  0.806437  0.214768  0.669033  0.433527  0.484510  0.491282  0.515047  0.707015  0.814449  0.751950  0.849097  0.878206  0.634872  0.785498  0.741253  0.252460  0.362628  0.208557  0.743725  0.567005  0.466343 0.0  0.799783  0.387011  0.395239  0.905205  0.659193  0.787083 
39  0.470134  0.531709  0.947280  0.802512  0.512425  0.922325  0.746269  0.198121  0.684205  0.481422  0.643644  0.266271  0.914142  0.256583  0.397660  0.434642  0.222126  0.085668  0.903161  0.539137  0.533608  0.578145  0.750229  0.598049  0.251158  0.160911  0.376465  0.252776  0.229155  0.520517  0.097331  0.216904  0.940517  0.350739  0.861631  0.235325  0.290878  0.650052  0.799783 0.0  0.737330  0.798894  0.213810  0.837185  0.019424 
40  0.727063  0.348629  0.194848  0.797495  0.565327  0.305009  0.687452  0.722654  0.222410  0.551044  0.326848  0.702031  0.343759  0.442877  0.719490  0.567345  0.591055  0.770450  0.402914  0.745202  0.308726  0.338977  0.154706  0.373394  0.537848  0.746388  0.601428  0.728479  0.696906  0.494203  0.776839  0.460087  0.335443  0.841766  0.380107  0.673177  0.673851  0.311918  0.387011  0.737330 0.0  0.208432  0.781162  0.581170  0.711661 
41  0.689547  0.303807  0.086311  0.750295  0.508119  0.327249  0.778939  0.651019  0.220502  0.483558  0.245630  0.693699  0.236989  0.403411  0.702357  0.506080  0.663522  0.724916  0.314166  0.864400  0.394132  0.293026  0.365963  0.264580  0.451838  0.813460  0.653493  0.777463  0.671240  0.503703  0.675546  0.447598  0.270957  0.802766  0.356471  0.676978  0.645258  0.371600  0.395239  0.798894  0.208432 0.0  0.646974  0.634134  0.721269 
42  0.455373  0.441043  0.764627  0.776152  0.340960  0.904675  0.766331  0.194683  0.794131  0.509802  0.693504  0.223901  0.819409  0.429415  0.372883  0.272700  0.252590  0.000000  0.854473  0.577801  0.608514  0.567423  0.658670  0.570746  0.452846  0.181049  0.262829  0.153850  0.170921  0.473564  0.178721  0.267549  0.894301  0.306587  0.811979  0.268049  0.349986  0.493418  0.905205  0.213810  0.781162  0.646974 0.0  0.795382  0.047842 
43  0.866411  0.745457  0.626035  0.400646  0.603760  0.809403  0.303251  0.834885  0.654277  0.649424  0.845865  0.715133  0.956098  0.535528  0.792270  0.713601  0.667253  0.778095  0.819496  0.705581  0.883631  0.742073  0.541679  0.833736  0.544184  0.727667  0.737492  0.830901  0.828580  0.592364  0.703753  0.561805  0.922216  0.852427  0.857450  0.855530  0.723852  0.798150  0.659193  0.837185  0.581170  0.634134  0.795382 0.0  0.750358 
44  0.353866  0.324125  0.827198  0.710726  0.317347  0.700185  0.776094  0.116268  0.655855  0.233693  0.473907  0.064920  0.679595  0.309384  0.308947  0.423775  0.321950  0.197812  0.756599  0.343936  0.465964  0.368539  0.734199  0.486299  0.420689  0.038559  0.297153  0.000000  0.027604  0.234137  0.214260  0.373837  0.666549  0.287125  0.789487  0.256865  0.364097  0.433621  0.787083  0.019424  0.711661  0.721269  0.047842  0.750358 0.0 
