45
0 0.0  0.365348  0.319193  0.356833  0.230993  0.349936  0.582145  0.605535  0.552742  0.510594  0.697219  0.430053  0.896804  0.702836  0.297075  0.931149  0.316649  0.374105  0.584653  0.820577  0.553599  0.649021  0.556471  0.590639  1.000000  0.908536  0.185751  0.756745  0.757599  0.281391  0.665492  0.666155  0.932594  0.691053  0.358963  0.452009  0.199972  0.545184  0.778746  0.424162  0.910507  0.828071  0.413161  0.458401  0.744609 
1  0.365348 0.0  0.176223  0.148186  0.252072  0.132117  0.577880  0.707124  0.723706  0.801852  0.488322  0.905825  0.793634  0.755416  0.196923  0.661326  0.175723  0.356287  0.294451  0.749369  0.849870  0.612814  0.744205  0.725798  0.774662  0.484027  0.237186  0.647949  0.466874  0.257323  0.702726  0.499917  0.839806  0.633173  0.042305  0.745801  0.355931  0.661022  0.630342  0.384688  0.774278  0.816989  0.667967  0.315201  0.577272 
2  0.319193  0.176223 0.0  0.097199  0.302594  0.101947  0.549997  0.682954  0.766961  0.754181  0.450359  0.873553  0.732180  0.728052  0.178222  0.764326  0.129452  0.338295  0.347298  0.776067  0.776061  0.620135  0.765662  0.704615  0.824161  0.518468  0.303059  0.617249  0.597856  0.088578  0.710450  0.475759  0.791031  0.601925  0.136300  0.834114  0.288891  0.852570  0.690787  0.285927  0.645285  0.808703  0.764062  0.335760  0.460606 
3  0.356833  0.148186  0.097199 0.0  0.346166  0.137172  0.514847  0.710562  0.872122  0.893675  0.591711  0.762185  0.824504  0.781656  0.266484  0.838983  0.097429  0.294554  0.373013  0.902594  0.737360  0.592759  0.912897  0.806265  0.837990  0.541741  0.161203  0.562122  0.562197  0.185335  0.775193  0.534822  0.757263  0.732066  0.047474  0.783183  0.507054  0.884651  0.742132  0.538165  0.863105  0.832680  0.764439  0.438083  0.493256 
4  0.230993  0.252072  0.302594  0.346166 0.0  0.360591  0.644037  0.796862  0.556851  0.608224  0.821577  0.473787  0.923199  0.527329  0.206006  0.931938  0.372909  0.422824  0.695300  0.657027  0.609681  0.738093  0.724563  0.548851  0.876175  0.879825  0.241443  0.852694  0.721309  0.290630  0.790817  0.782979  0.960142  0.652411  0.447068  0.389304  0.222819  0.623804  0.590178  0.419080  0.936590  0.948737  0.416565  0.433479  0.800182 
5  0.349936  0.132117  0.101947  0.137172  0.360591 0.0  0.588637  0.634319  0.795771  0.914468  0.494986  0.691920  0.816436  0.799201  0.258416  0.827024  0.127682  0.405985  0.328653  0.895713  0.749130  0.587514  0.792669  0.770599  0.834950  0.609251  0.214584  0.602112  0.578768  0.093437  0.860322  0.550040  0.872621  0.620655  0.166011  0.695781  0.400062  0.734400  0.772777  0.497422  0.893847  0.810984  0.830296  0.449023  0.582621 
6  0.582145  0.577880  0.549997  0.514847  0.644037  0.588637 0.0  0.523699  0.587090  0.636091  0.559646  0.522597  0.334380  0.711643  0.388675  0.371977  0.547777  0.405994  0.616485  0.310143  0.691496  0.441273  0.676151  0.688474  0.457934  0.473510  0.474960  0.669445  0.566546  0.554058  0.342694  0.556554  0.377311  0.454625  0.514542  0.622060  0.655925  0.711827  0.496554  0.440560  0.437915  0.305772  0.557915  0.394157  0.639827 
7  0.605535  0.707124  0.682954  0.710562  0.796862  0.634319  0.523699 0.0  0.671711  0.142871  0.319548  0.167848  0.273926  0.284037  0.678979  0.261787  0.689264  0.724325  0.512479  0.208973  0.660620  0.306379  0.249671  0.273046  0.318101  0.353422  0.737075  0.312775  0.224996  0.718624  0.183656  0.145914  0.290702  0.352906  0.683133  0.209664  0.724948  0.254104  0.219662  0.585829  0.266857  0.237981  0.200953  0.660542  0.292379 
8  0.552742  0.723706  0.766961  0.872122  0.556851  0.795771  0.587090  0.671711 0.0  0.643728  0.838377  0.394324  0.668692  0.417696  0.747325  0.851040  0.890958  0.669788  0.607840  0.694491  0.069232  0.720058  0.560599  0.499562  0.874771  0.782486  0.735904  0.823314  0.875377  0.825937  0.737083  0.919736  0.736800  0.726917  0.741537  0.647256  0.424262  0.478460  0.639505  0.698890  0.710303  0.730410  0.575162  0.692480  0.795668 
9  0.510594  0.801852  0.754181  0.893675  0.608224  0.914468  0.636091  0.142871  0.643728 0.0  0.427701  0.207865  0.474382  0.110056  0.694546  0.444114  0.762954  0.793095  0.609833  0.316599  0.618688  0.362851  0.219487  0.077955  0.457929  0.431493  0.680930  0.422561  0.452721  0.874785  0.452034  0.402509  0.388292  0.309510  0.794859  0.176281  0.482100  0.074632  0.364958  0.795998  0.387448  0.468087  0.141137  0.853283  0.555204 
10  0.697219  0.488322  0.450359  0.591711  0.821577  0.494986  0.559646  0.319548  0.838377  0.427701 0.0  0.309929  0.232563  0.284528  0.757550  0.394037  0.519132  0.814720  0.329025  0.354282  0.677435  0.315174  0.468382  0.357663  0.401393  0.000000  0.663553  0.096804  0.170639  0.469994  0.308376  0.200591  0.334393  0.260200  0.506484  0.436278  0.727747  0.354663  0.180545  0.663769  0.237313  0.371757  0.311387  0.802980  0.065259 
11  0.430053  0.905825  0.873553  0.762185  0.473787  0.691920  0.522597  0.167848  0.394324  0.207865  0.309929 0.0  0.446491  0.045735  0.623805  0.260580  0.623864  0.768060  0.580902  0.275159  0.412400  0.241914  0.116255  0.090552  0.279504  0.411865  0.644318  0.468921  0.320905  0.889686  0.297684  0.278955  0.337834  0.136325  0.693057  0.110585  0.445225  0.040985  0.379811  0.809538  0.391291  0.283991  0.022286  0.750381  0.289785 
12  0.896804  0.793634  0.732180  0.824504  0.923199  0.816436  0.334380  0.273926  0.668692  0.474382  0.232563  0.446491 0.0  0.442003  0.596664  0.212610  0.834559  0.565829  0.632912  0.107748  0.868748  0.233860  0.413628  0.488623  0.278394  0.347836  0.692509  0.392813  0.410449  0.704695  0.126232  0.280859  0.276006  0.270017  0.716812  0.375862  0.817044  0.433949  0.258314  0.546056  0.284305  0.240497  0.369836  0.665137  0.492643 
13  0.702836  0.755416  0.728052  0.781656  0.527329  0.799201  0.711643  0.284037  0.417696  0.110056  0.284528  0.045735  0.442003 0.0  0.664248  0.532629  0.710719  0.943432  0.640524  0.363168  0.645962  0.321669  0.229496  0.210171  0.531807  0.501396  0.729357  0.313006  0.337390  0.778930  0.350254  0.349209  0.421742  0.389192  0.694977  0.025991  0.666702  0.170259  0.258710  0.910984  0.501193  0.543850  0.085597  0.750342  0.481859 
14  0.297075  0.196923  0.178222  0.266484  0.206006  0.258416  0.388675  0.678979  0.747325  0.694546  0.757550  0.623805  0.596664  0.664248 0.0  0.681966  0.324727  0.324204  0.439853  0.693024  0.715609  0.773570  0.687786  0.698971  0.798544  0.738029  0.235571  0.660661  0.768327  0.244053  0.639733  0.706131  0.680094  0.663971  0.301807  0.789123  0.341583  0.692522  0.641105  0.178720  0.773236  0.643999  0.769704  0.218935  0.748875 
15  0.931149  0.661326  0.764326  0.838983  0.931938  0.827024  0.371977  0.261787  0.851040  0.444114  0.394037  0.260580  0.212610  0.532629  0.681966 0.0  0.739883  0.619625  0.685736  0.118104  0.876718  0.199254  0.469121  0.426124  0.250582  0.199592  0.614185  0.431086  0.345935  0.748934  0.063248  0.428112  0.234903  0.292120  0.726189  0.313606  0.868934  0.518789  0.220072  0.562035  0.217259  0.173746  0.330091  0.688868  0.359361 
16  0.316649  0.175723  0.129452  0.097429  0.372909  0.127682  0.547777  0.689264  0.890958  0.762954  0.519132  0.623864  0.834559  0.710719  0.324727  0.739883 0.0  0.387592  0.358867  0.793663  0.897657  0.777446  0.739892  0.742821  0.825896  0.517793  0.249854  0.520678  0.626431  0.109255  0.735316  0.576970  0.813657  0.696065  0.000000  0.924742  0.269491  0.707813  0.688342  0.396472  0.701072  0.823136  0.913136  0.423270  0.656766 
17  0.374105  0.356287  0.338295  0.294554  0.422824  0.405985  0.405994  0.724325  0.669788  0.793095  0.814720  0.768060  0.565829  0.943432  0.324204  0.619625  0.387592 0.0  0.627098  0.568056  0.722581  0.714267  0.945210  0.877403  0.617631  0.742799  0.390542  0.809121  0.762460  0.381796  0.488179  0.716517  0.533187  0.569334  0.462382  0.771953  0.536591  0.890043  0.672634  0.273076  0.638974  0.660882  0.743315  0.195186  0.879129 
18  0.584653  0.294451  0.347298  0.373013  0.695300  0.328653  0.616485  0.512479  0.607840  0.609833  0.329025  0.580902  0.632912  0.640524  0.439853  0.685736  0.358867  0.627098 0.0  0.643586  0.678882  0.426545  0.616381  0.499545  0.590016  0.394622  0.426265  0.304695  0.331154  0.394352  0.646376  0.281709  0.664725  0.533867  0.215450  0.456954  0.650495  0.580698  0.489929  0.685809  0.686809  0.654899  0.612562  0.477110  0.481639 
19  0.820577  0.749369  0.776067  0.902594  0.657027  0.895713  0.310143  0.208973  0.694491  0.316599  0.354282  0.275159  0.107748  0.363168  0.693024  0.118104  0.793663  0.568056  0.643586 0.0  0.822329  0.300027  0.463526  0.235082  0.064553  0.551511  0.632576  0.319515  0.425914  0.832305  0.160143  0.324763  0.088893  0.237154  0.774417  0.393557  0.770376  0.301673  0.268700  0.631436  0.121448  0.048812  0.327189  0.478619  0.298322 
20  0.553599  0.849870  0.776061  0.737360  0.609681  0.749130  0.691496  0.660620  0.069232  0.618688  0.677435  0.412400  0.868748  0.645962  0.715609  0.876718  0.897657  0.722581  0.678882  0.822329 0.0  0.654834  0.566884  0.623772  0.914242  0.792811  0.743299  0.808677  0.844621  0.673553  0.740511  0.748989  0.886787  0.613044  0.712821  0.409535  0.559980  0.617770  0.785443  0.906309  0.903513  0.906038  0.436185  0.917453  0.768861 
21  0.649021  0.612814  0.620135  0.592759  0.738093  0.587514  0.441273  0.306379  0.720058  0.362851  0.315174  0.241914  0.233860  0.321669  0.773570  0.199254  0.777446  0.714267  0.426545  0.300027  0.654834 0.0  0.355997  0.237371  0.324131  0.194152  0.627331  0.279693  0.271369  0.667029  0.276734  0.284555  0.398092  0.282133  0.721317  0.315971  0.655769  0.260059  0.340223  0.701862  0.322378  0.190516  0.359854  0.656058  0.206644 
22  0.556471  0.744205  0.765662  0.912897  0.724563  0.792669  0.676151  0.249671  0.560599  0.219487  0.468382  0.116255  0.413628  0.229496  0.687786  0.469121  0.739892  0.945210  0.616381  0.463526  0.566884  0.355997 0.0  0.211327  0.563907  0.482157  0.728173  0.289306  0.306264  0.756736  0.465837  0.420528  0.550251  0.359613  0.805590  0.145115  0.629859  0.205217  0.243006  0.949473  0.578695  0.522982  0.000000  0.856935  0.442219 
23  0.590639  0.725798  0.704615  0.806265  0.548851  0.770599  0.688474  0.273046  0.499562  0.077955  0.357663  0.090552  0.488623  0.210171  0.698971  0.426124  0.742821  0.877403  0.499545  0.235082  0.623772  0.237371  0.211327 0.0  0.389369  0.359214  0.656788  0.329616  0.306227  0.606079  0.361627  0.302068  0.375639  0.242134  0.750597  0.027521  0.680974  0.205682  0.308640  0.888511  0.477867  0.365685  0.023453  0.912833  0.418696 
24  1.000000  0.774662  0.824161  0.837990  0.876175  0.834950  0.457934  0.318101  0.874771  0.457929  0.401393  0.279504  0.278394  0.531807  0.798544  0.250582  0.825896  0.617631  0.590016  0.064553  0.914242  0.324131  0.563907  0.389369 0.0  0.299840  0.711736  0.430975  0.397390  0.704962  0.087277  0.357620  0.220959  0.243790  0.699121  0.278720  0.922599  0.445356  0.333063  0.720911  0.158768  0.260681  0.292112  0.535319  0.439417 
25  0.908536  0.484027  0.518468  0.541741  0.879825  0.609251  0.473510  0.353422  0.782486  0.431493  0.000000  0.411865  0.347836  0.501396  0.738029  0.199592  0.517793  0.742799  0.394622  0.551511  0.792811  0.194152  0.482157  0.359214  0.299840 0.0  0.684735  0.112908  0.037042  0.492528  0.460002  0.000000  0.357064  0.350342  0.545744  0.374345  0.742793  0.269969  0.234566  0.816639  0.313350  0.334169  0.295421  0.674916  0.245779 
26  0.185751  0.237186  0.303059  0.161203  0.241443  0.214584  0.474960  0.737075  0.735904  0.680930  0.663553  0.644318  0.692509  0.729357  0.235571  0.614185  0.249854  0.390542  0.426265  0.632576  0.743299  0.627331  0.728173  0.656788  0.711736  0.684735 0.0  0.684268  0.798521  0.331927  0.795683  0.678947  0.723817  0.619326  0.304414  0.729410  0.397707  0.625254  0.700677  0.296034  0.770037  0.696916  0.614422  0.274439  0.683464 
27  0.756745  0.647949  0.617249  0.562122  0.852694  0.602112  0.669445  0.312775  0.823314  0.422561  0.096804  0.468921  0.392813  0.313006  0.660661  0.431086  0.520678  0.809121  0.304695  0.319515  0.808677  0.279693  0.289306  0.329616  0.430975  0.112908  0.684268 0.0  0.064391  0.639260  0.299804  0.060909  0.319103  0.240158  0.444173  0.344540  0.803121  0.365612  0.279406  0.762160  0.275721  0.447325  0.416132  0.803401  0.123106 
28  0.757599  0.466874  0.597856  0.562197  0.721309  0.578768  0.566546  0.224996  0.875377  0.452721  0.170639  0.320905  0.410449  0.337390  0.768327  0.345935  0.626431  0.762460  0.331154  0.425914  0.844621  0.271369  0.306264  0.306227  0.397390  0.037042  0.798521  0.064391 0.0  0.511626  0.322646  0.115302  0.351781  0.246561  0.560826  0.450563  0.838754  0.376895  0.238777  0.831868  0.332414  0.360780  0.376679  0.842554  0.081286 
29  0.281391  0.257323  0.088578  0.185335  0.290630  0.093437  0.554058  0.718624  0.825937  0.874785  0.469994  0.889686  0.704695  0.778930  0.244053  0.748934  0.109255  0.381796  0.394352  0.832305  0.673553  0.667029  0.756736  0.606079  0.704962  0.492528  0.331927  0.639260  0.511626 0.0  0.775343  0.433852  0.801905  0.725735  0.089571  0.688446  0.284800  0.635533  0.664028  0.388624  0.669499  0.773702  0.723022  0.448173  0.599885 
30  0.665492  0.702726  0.710450  0.775193  0.790817  0.860322  0.342694  0.183656  0.737083  0.452034  0.308376  0.297684  0.126232  0.350254  0.639733  0.063248  0.735316  0.488179  0.646376  0.160143  0.740511  0.276734  0.465837  0.361627  0.087277  0.460002  0.795683  0.299804  0.322646  0.775343 0.0  0.337420  0.053998  0.247964  0.887428  0.319387  0.733734  0.273856  0.232791  0.448769  0.034954  0.051751  0.293961  0.443575  0.454633 
31  0.666155  0.499917  0.475759  0.534822  0.782979  0.550040  0.556554  0.145914  0.919736  0.402509  0.200591  0.278955  0.280859  0.349209  0.706131  0.428112  0.576970  0.716517  0.281709  0.324763  0.748989  0.284555  0.420528  0.302068  0.357620  0.000000  0.678947  0.060909  0.115302  0.433852  0.337420 0.0  0.396605  0.207719  0.446301  0.533084  0.758406  0.227765  0.268523  0.755955  0.291142  0.389078  0.280390  0.864535  0.120076 
32  0.932594  0.839806  0.791031  0.757263  0.960142  0.872621  0.377311  0.290702  0.736800  0.388292  0.334393  0.337834  0.276006  0.421742  0.680094  0.234903  0.813657  0.533187  0.664725  0.088893  0.886787  0.398092  0.550251  0.375639  0.220959  0.357064  0.723817  0.319103  0.351781  0.801905  0.053998  0.396605 0.0  0.281774  0.761272  0.297425  0.923811  0.362014  0.328329  0.583128  0.113489  0.224038  0.346412  0.672138  0.436501 
33  0.691053  0.633173  0.601925  0.732066  0.652411  0.620655  0.454625  0.352906  0.726917  0.309510  0.260200  0.136325  0.270017  0.389192  0.663971  0.292120  0.696065  0.569334  0.533867  0.237154  0.613044  0.282133  0.359613  0.242134  0.243790  0.350342  0.619326  0.240158  0.246561  0.725735  0.247964  0.207719  0.281774 0.0  0.641297  0.186974  0.776797  0.198140  0.406775  0.703024  0.244408  0.289152  0.208578  0.617623  0.257280 
34  0.358963  0.042305  0.136300  0.047474  0.447068  0.166011  0.514542  0.683133  0.741537  0.794859  0.506484  0.693057  0.716812  0.694977  0.301807  0.726189  0.000000  0.462382  0.215450  0.774417  0.712821  0.721317  0.805590  0.750597  0.699121  0.545744  0.304414  0.444173  0.560826  0.089571  0.887428  0.446301  0.761272  0.641297 0.0  0.678115  0.362102  0.660039  0.706725  0.325497  0.795913  0.746001  0.720501  0.336415  0.519623 
35  0.452009  0.745801  0.834114  0.783183  0.389304  0.695781  0.622060  0.209664  0.647256  0.176281  0.436278  0.110585  0.375862  0.025991  0.789123  0.313606  0.924742  0.771953  0.456954  0.393557  0.409535  0.315971  0.145115  0.027521  0.278720  0.374345  0.729410  0.344540  0.450563  0.688446  0.319387  0.533084  0.297425  0.186974  0.678115 0.0  0.520959  0.156368  0.302147  0.659624  0.377387  0.213550  0.076747  0.722319  0.454893 
36  0.199972  0.355931  0.288891  0.507054  0.222819  0.400062  0.655925  0.724948  0.424262  0.482100  0.727747  0.445225  0.817044  0.666702  0.341583  0.868934  0.269491  0.536591  0.650495  0.770376  0.559980  0.655769  0.629859  0.680974  0.922599  0.742793  0.397707  0.803121  0.838754  0.284800  0.733734  0.758406  0.923811  0.776797  0.362102  0.520959 0.0  0.631995  0.683064  0.421477  0.871332  0.835372  0.438857  0.489405  0.974203 
37  0.545184  0.661022  0.852570  0.884651  0.623804  0.734400  0.711827  0.254104  0.478460  0.074632  0.354663  0.040985  0.433949  0.170259  0.692522  0.518789  0.707813  0.890043  0.580698  0.301673  0.617770  0.260059  0.205217  0.205682  0.445356  0.269969  0.625254  0.365612  0.376895  0.635533  0.273856  0.227765  0.362014  0.198140  0.660039  0.156368  0.631995 0.0  0.252016  0.898344  0.440689  0.390501  0.013615  0.887514  0.486791 
38  0.778746  0.630342  0.690787  0.742132  0.590178  0.772777  0.496554  0.219662  0.639505  0.364958  0.180545  0.379811  0.258314  0.258710  0.641105  0.220072  0.688342  0.672634  0.489929  0.268700  0.785443  0.340223  0.243006  0.308640  0.333063  0.234566  0.700677  0.279406  0.238777  0.664028  0.232791  0.268523  0.328329  0.406775  0.706725  0.302147  0.683064  0.252016 0.0  0.681655  0.241661  0.236899  0.373363  0.668516  0.328036 
39  0.424162  0.384688  0.285927  0.538165  0.419080  0.497422  0.440560  0.585829  0.698890  0.795998  0.663769  0.809538  0.546056  0.910984  0.178720  0.562035  0.396472  0.273076  0.685809  0.631436  0.906309  0.701862  0.949473  0.888511  0.720911  0.816639  0.296034  0.762160  0.831868  0.388624  0.448769  0.755955  0.583128  0.703024  0.325497  0.659624  0.421477  0.898344  0.681655 0.0  0.541574  0.619955  0.710840  0.194503  0.842258 
40  0.910507  0.774278  0.645285  0.863105  0.936590  0.893847  0.437915  0.266857  0.710303  0.387448  0.237313  0.391291  0.284305  0.501193  0.773236  0.217259  0.701072  0.638974  0.686809  0.121448  0.903513  0.322378  0.578695  0.477867  0.158768  0.313350  0.770037  0.275721  0.332414  0.669499  0.034954  0.291142  0.113489  0.244408  0.795913  0.377387  0.871332  0.440689  0.241661  0.541574 0.0  0.231393  0.372476  0.537241  0.335003 
41  0.828071  0.816989  0.808703  0.832680  0.948737  0.810984  0.305772  0.237981  0.730410  0.468087  0.371757  0.283991  0.240497  0.543850  0.643999  0.173746  0.823136  0.660882  0.654899  0.048812  0.906038  0.190516  0.522982  0.365685  0.260681  0.334169  0.696916  0.447325  0.360780  0.773702  0.051751  0.389078  0.224038  0.289152  0.746001  0.213550  0.835372  0.390501  0.236899  0.619955  0.231393 0.0  0.373155  0.633716  0.367853 
42  0.413161  0.667967  0.764062  0.764439  0.416565  0.830296  0.557915  0.200953  0.575162  0.141137  0.311387  0.022286  0.369836  0.085597  0.769704  0.330091  0.913136  0.743315  0.612562  0.327189  0.436185  0.359854  0.000000  0.023453  0.292112  0.295421  0.614422  0.416132  0.376679  0.723022  0.293961  0.280390  0.346412  0.208578  0.720501  0.076747  0.438857  0.013615  0.373363  0.710840  0.372476  0.373155 0.0  0.699194  0.425280 
43  0.458401  0.315201  0.335760  0.438083  0.433479  0.449023  0.394157  0.660542  0.692480  0.853283  0.802980  0.750381  0.665137  0.750342  0.218935  0.688868  0.423270  0.195186  0.477110  0.478619  0.917453  0.656058  0.856935  0.912833  0.535319  0.674916  0.274439  0.803401  0.842554  0.448173  0.443575  0.864535  0.672138  0.617623  0.336415  0.722319  0.489405  0.887514  0.668516  0.194503  0.537241  0.633716  0.699194 0.0  0.882816 
44  0.744609  0.577272  0.460606  0.493256  0.800182  0.582621  0.639827  0.292379  0.795668  0.555204  0.065259  0.289785  0.492643  0.481859  0.748875  0.359361  0.656766  0.879129  0.481639  0.298322  0.768861  0.206644  0.442219  0.418696  0.439417  0.245779  0.683464  0.123106  0.081286  0.599885  0.454633  0.120076  0.436501  0.257280  0.519623  0.454893  0.974203  0.486791  0.328036  0.842258  0.335003  0.367853  0.425280  0.882816 0.0 
