45
0 0.0  0.341459  0.766987  0.345663  0.590762  0.418838  0.403104  0.000000  0.576352  0.791144  0.652139  0.569452  0.192539  0.835067  0.816307  0.000000  0.771822  0.724530  0.389151  0.753531  0.834232  0.311423  0.450151  0.462343  0.802741  0.419392  0.332515  0.348398  0.359376  0.377836  0.301341  0.256134  0.345591  0.277964  0.570180  0.303246  0.778715  0.107505  0.417338  0.447358  0.654428  0.710576  0.278991  0.359399  0.852466 
1  0.341459 0.0  0.547609  0.553670  0.631543  0.339496  0.616557  0.296094  0.620053  0.522582  0.333311  0.484606  0.336397  0.698129  0.519765  0.316696  0.470276  0.494049  0.563840  0.782273  0.664769  0.466069  0.700705  0.390526  0.537878  0.720267  0.645778  0.778190  0.590380  0.686577  0.465746  0.354028  0.668242  0.522083  0.305006  0.585838  0.586300  0.255780  0.695647  0.641687  0.533081  0.636171  0.443381  0.585595  0.682238 
2  0.766987  0.547609 0.0  0.425333  0.739710  0.700927  0.924986  0.728438  0.625625  0.825025  0.820987  0.772593  0.811833  0.877288  0.949493  0.827513  0.631673  0.699804  0.421496  0.564551  0.903584  0.654241  0.601800  0.381612  0.668460  0.924277  0.729026  0.583050  0.932275  0.495689  0.716092  0.843986  0.630574  0.768550  0.855636  0.909038  0.869424  0.794641  0.405153  0.548386  0.536825  0.013933  0.759184  0.931561  0.684405 
3  0.345663  0.553670  0.425333 0.0  0.539642  0.667988  0.464758  0.316052  0.551913  0.761997  0.851652  0.926574  0.413200  0.870262  0.810662  0.470804  0.718884  0.805716  0.138463  0.593016  0.690766  0.348768  0.085295  0.612351  0.511898  0.257217  0.310020  0.194771  0.362287  0.219421  0.224843  0.486034  0.059970  0.272234  0.779537  0.351077  0.799963  0.431865  0.130093  0.019181  0.148690  0.624473  0.240054  0.378296  0.425262 
4  0.590762  0.631543  0.739710  0.539642 0.0  0.657573  0.400733  0.507298  0.249680  0.323613  0.572214  0.608421  0.557164  0.395515  0.311338  0.601794  0.527091  0.511402  0.685262  0.734040  0.485041  0.541161  0.743498  0.549282  0.645955  0.367187  0.263550  0.692704  0.362175  0.666713  0.539412  0.597167  0.679493  0.491741  0.508538  0.460658  0.452429  0.575339  0.513454  0.660454  0.511291  0.601626  0.494822  0.395982  0.727513 
5  0.418838  0.339496  0.700927  0.667988  0.657573 0.0  0.556081  0.388564  0.595596  0.712274  0.389085  0.315973  0.233652  0.654624  0.709229  0.275250  0.497490  0.462869  0.582311  0.747122  0.645112  0.510362  0.573019  0.389235  0.658420  0.594116  0.710484  0.578004  0.649537  0.655508  0.491096  0.472571  0.617907  0.506610  0.438468  0.665738  0.725823  0.458830  0.660138  0.611022  0.626918  0.658832  0.381658  0.641285  0.607550 
6  0.403104  0.616557  0.924986  0.464758  0.400733  0.556081 0.0  0.342297  0.244754  0.589203  0.830724  0.821367  0.231857  0.548332  0.633674  0.297877  0.673389  0.675172  0.497799  0.895902  0.617389  0.313278  0.538804  0.481593  0.967367  0.211876  0.023819  0.554605  0.193502  0.385328  0.244253  0.384001  0.423442  0.254386  0.787116  0.117407  0.726498  0.333303  0.227571  0.449037  0.344196  0.841346  0.295180  0.264104  0.842645 
7  0.000000  0.296094  0.728438  0.316052  0.507298  0.388564  0.342297 0.0  0.637386  0.750228  0.589496  0.512706  0.232712  0.884637  0.746340  0.067267  0.612044  0.650083  0.477553  0.702999  0.784251  0.349732  0.332543  0.591345  0.814122  0.382822  0.470478  0.382486  0.454632  0.438409  0.258400  0.068596  0.368276  0.196338  0.442307  0.324026  0.733053  0.120657  0.314612  0.341272  0.368620  0.801585  0.321416  0.356120  0.729040 
8  0.576352  0.620053  0.625625  0.551913  0.249680  0.595596  0.244754  0.637386 0.0  0.227241  0.594968  0.560052  0.613555  0.306905  0.252423  0.529924  0.477901  0.508613  0.674609  0.602664  0.268903  0.638728  0.567697  0.505166  0.594851  0.441090  0.423372  0.521440  0.390083  0.606242  0.485425  0.635466  0.564992  0.455343  0.542483  0.196351  0.294010  0.708691  0.571889  0.540803  0.613058  0.530088  0.438321  0.167435  0.640495 
9  0.791144  0.522582  0.825025  0.761997  0.323613  0.712274  0.589203  0.750228  0.227241 0.0  0.471501  0.446332  0.755308  0.146260  0.091031  0.697114  0.247792  0.313658  0.838384  0.509882  0.215174  0.709350  0.814933  0.584003  0.463862  0.574842  0.470023  0.980089  0.761511  0.900763  0.782200  0.842897  0.871744  0.670348  0.312320  0.646470  0.252105  0.776512  0.704264  0.920081  0.785762  0.834635  0.703466  0.722153  0.485456 
10  0.652139  0.333311  0.820987  0.851652  0.572214  0.389085  0.830724  0.589496  0.594968  0.471501 0.0  0.166881  0.531289  0.353229  0.371274  0.638520  0.270644  0.415492  0.836340  0.416862  0.431757  0.632297  0.850077  0.476599  0.503640  0.894040  0.823050  0.721868  0.917117  0.796991  0.745524  0.528719  0.854944  0.740289  0.056749  0.882444  0.547679  0.606416  0.806916  0.679630  0.798731  0.812513  0.787489  0.882830  0.415504 
11  0.569452  0.484606  0.772593  0.926574  0.608421  0.315973  0.821367  0.512706  0.560052  0.446332  0.166881 0.0  0.462822  0.364939  0.411866  0.727832  0.254121  0.341393  0.879290  0.323703  0.296387  0.727213  0.692881  0.596230  0.310733  0.878593  0.708609  0.755144  0.783349  0.776309  0.662093  0.654088  0.868224  0.711498  0.091114  0.758415  0.350102  0.471035  0.884962  0.748115  0.783368  0.959388  0.587160  0.751756  0.360678 
12  0.192539  0.336397  0.811833  0.413200  0.557164  0.233652  0.231857  0.232712  0.613555  0.755308  0.531289  0.462822 0.0  0.780713  0.711797  0.136087  0.722623  0.684358  0.290698  0.802097  0.840682  0.277084  0.408497  0.537910  0.784242  0.387476  0.299929  0.275603  0.269789  0.348821  0.347563  0.244981  0.320752  0.301077  0.624827  0.378064  0.685062  0.162917  0.408690  0.446919  0.400119  0.862202  0.344429  0.436933  0.823837 
13  0.835067  0.698129  0.877288  0.870262  0.395515  0.654624  0.548332  0.884637  0.306905  0.146260  0.353229  0.364939  0.780713 0.0  0.086464  0.639386  0.245150  0.226899  0.833834  0.582925  0.204990  0.645283  0.778915  0.568594  0.416313  0.660410  0.580967  0.899726  0.659820  0.886614  0.722495  0.729173  0.961770  0.737201  0.287789  0.574682  0.216449  0.938312  0.790950  0.886212  0.837648  0.708378  0.716482  0.650964  0.588474 
14  0.816307  0.519765  0.949493  0.810662  0.311338  0.709229  0.633674  0.746340  0.252423  0.091031  0.371274  0.411866  0.711797  0.086464 0.0  0.881116  0.277681  0.330592  0.783475  0.587036  0.173680  0.610794  0.951484  0.408423  0.435166  0.600034  0.464478  1.000000  0.839093  0.958779  0.705979  0.826506  0.903666  0.584041  0.421294  0.570049  0.315390  0.881486  0.734173  0.930597  0.682222  0.769742  0.727246  0.601181  0.593048 
15  0.000000  0.316696  0.827513  0.470804  0.601794  0.275250  0.297877  0.067267  0.529924  0.697114  0.638520  0.727832  0.136087  0.639386  0.881116 0.0  0.717491  0.769355  0.401599  0.804411  0.778703  0.242793  0.348867  0.423462  0.840884  0.308658  0.264949  0.229003  0.369717  0.485818  0.385614  0.119851  0.372125  0.195036  0.517746  0.442935  0.793567  0.229011  0.399555  0.466667  0.354647  0.834260  0.350660  0.305296  0.808221 
16  0.771822  0.470276  0.631673  0.718884  0.527091  0.497490  0.673389  0.612044  0.477901  0.247792  0.270644  0.254121  0.722623  0.245150  0.277681  0.717491 0.0  0.179229  0.663201  0.248747  0.208933  0.723191  0.614470  0.607083  0.277247  0.698418  0.763660  0.720467  0.735895  0.587558  0.639160  0.630416  0.776838  0.649558  0.179724  0.655143  0.371458  0.615894  0.656132  0.780404  0.725931  0.775347  0.765241  0.787627  0.231491 
17  0.724530  0.494049  0.699804  0.805716  0.511402  0.462869  0.675172  0.650083  0.508613  0.313658  0.415492  0.341393  0.684358  0.226899  0.330592  0.769355  0.179229 0.0  0.709102  0.326692  0.332646  0.736699  0.699245  0.493017  0.404406  0.653759  0.668074  0.740271  0.712964  0.748168  0.692240  0.697610  0.690078  0.759844  0.170148  0.639768  0.320945  0.766828  0.666037  0.707169  0.686828  0.691236  0.697279  0.646829  0.237704 
18  0.389151  0.563840  0.421496  0.138463  0.685262  0.582311  0.497799  0.477553  0.674609  0.838384  0.836340  0.879290  0.290698  0.833834  0.783475  0.401599  0.663201  0.709102 0.0  0.552681  0.808829  0.346370  0.149596  0.410666  0.576537  0.361617  0.308746  0.136848  0.434215  0.061763  0.221991  0.255842  0.053158  0.257585  0.778495  0.381051  0.868335  0.454829  0.137375  0.165954  0.136225  0.623654  0.253730  0.475225  0.598693 
19  0.753531  0.782273  0.564551  0.593016  0.734040  0.747122  0.895902  0.702999  0.602664  0.509882  0.416862  0.323703  0.802097  0.582925  0.587036  0.804411  0.248747  0.326692  0.552681 0.0  0.448402  0.722865  0.571655  0.602227  0.127830  0.981514  0.771144  0.652088  0.864248  0.483529  0.768789  0.794230  0.669361  0.659885  0.367258  0.940923  0.542532  0.731715  0.551065  0.588618  0.474720  0.477518  0.667802  0.946945  0.285704 
20  0.834232  0.664769  0.903584  0.690766  0.485041  0.645112  0.617389  0.784251  0.268903  0.215174  0.431757  0.296387  0.840682  0.204990  0.173680  0.778703  0.208933  0.332646  0.808829  0.448402 0.0  0.612801  0.775740  0.581025  0.486629  0.598721  0.596074  0.991420  0.688966  0.802428  0.679396  0.842802  0.914766  0.769355  0.380559  0.612334  0.093770  0.875092  0.763344  0.896631  0.668624  0.780543  0.689670  0.640973  0.500137 
21  0.311423  0.466069  0.654241  0.348768  0.541161  0.510362  0.313278  0.349732  0.638728  0.709350  0.632297  0.727213  0.277084  0.645283  0.610794  0.242793  0.723191  0.736699  0.346370  0.722865  0.612801 0.0  0.316451  0.426056  0.721402  0.242560  0.246774  0.415646  0.325796  0.301899  0.353079  0.335618  0.234351  0.349614  0.767911  0.176677  0.723622  0.160847  0.253986  0.260525  0.367717  0.571161  0.414916  0.370344  0.701843 
22  0.450151  0.700705  0.601800  0.085295  0.743498  0.573019  0.538804  0.332543  0.567697  0.814933  0.850077  0.692881  0.408497  0.778915  0.951484  0.348867  0.614470  0.699245  0.149596  0.571655  0.775740  0.316451 0.0  0.590184  0.613879  0.327317  0.263221  0.181973  0.429993  0.090927  0.324975  0.425324  0.142628  0.289651  0.798578  0.517576  0.927465  0.399375  0.033021  0.250625  0.042965  0.426238  0.323740  0.455213  0.527576 
23  0.462343  0.390526  0.381612  0.612351  0.549282  0.389235  0.481593  0.591345  0.505166  0.584003  0.476599  0.596230  0.537910  0.568594  0.408423  0.423462  0.607083  0.493017  0.410666  0.602227  0.581025  0.426056  0.590184 0.0  0.531933  0.575717  0.540756  0.434821  0.492642  0.516674  0.472189  0.454419  0.590569  0.497327  0.544073  0.558057  0.422449  0.360835  0.399148  0.570524  0.460756  0.381658  0.505489  0.504441  0.475403 
24  0.802741  0.537878  0.668460  0.511898  0.645955  0.658420  0.967367  0.814122  0.594851  0.463862  0.503640  0.310733  0.784242  0.416313  0.435166  0.840884  0.277247  0.404406  0.576537  0.127830  0.486629  0.721402  0.613879  0.531933 0.0  0.919338  0.751944  0.629314  0.858108  0.621628  0.678189  0.872886  0.613881  0.754699  0.347495  0.883065  0.493740  0.847396  0.560541  0.608055  0.562965  0.479461  0.786925  0.834974  0.282872 
25  0.419392  0.720267  0.924277  0.257217  0.367187  0.594116  0.211876  0.382822  0.441090  0.574842  0.894040  0.878593  0.387476  0.660410  0.600034  0.308658  0.698418  0.653759  0.361617  0.981514  0.598721  0.242560  0.327317  0.575717  0.919338 0.0  0.047916  0.483660  0.217951  0.467150  0.238606  0.428968  0.576099  0.296393  0.740111  0.279331  0.549960  0.405557  0.374230  0.432021  0.323019  0.753905  0.284308  0.132946  0.857685 
26  0.332515  0.645778  0.729026  0.310020  0.263550  0.710484  0.023819  0.470478  0.423372  0.470023  0.823050  0.708609  0.299929  0.580967  0.464478  0.264949  0.763660  0.668074  0.308746  0.771144  0.596074  0.246774  0.263221  0.540756  0.751944  0.047916 0.0  0.286536  0.098758  0.403254  0.282102  0.313503  0.477266  0.198154  0.820123  0.121419  0.496473  0.372170  0.396618  0.302480  0.296835  0.704390  0.327658  0.000000  0.715434 
27  0.348398  0.778190  0.583050  0.194771  0.692704  0.578004  0.554605  0.382486  0.521440  0.980089  0.721868  0.755144  0.275603  0.899726  1.000000  0.229003  0.720467  0.740271  0.136848  0.652088  0.991420  0.415646  0.181973  0.434821  0.629314  0.483660  0.286536 0.0  0.547569  0.071514  0.277350  0.432773  0.158045  0.293794  0.813298  0.528299  0.981571  0.438705  0.084508  0.100419  0.084975  0.520669  0.307039  0.465151  0.579771 
28  0.359376  0.590380  0.932275  0.362287  0.362175  0.649537  0.193502  0.454632  0.390083  0.761511  0.917117  0.783349  0.269789  0.659820  0.839093  0.369717  0.735895  0.712964  0.434215  0.864248  0.688966  0.325796  0.429993  0.492642  0.858108  0.217951  0.098758  0.547569 0.0  0.500227  0.225256  0.389379  0.472984  0.324644  0.818246  0.144102  0.631808  0.501779  0.279791  0.563787  0.406222  0.740542  0.335638  0.147637  0.875074 
29  0.377836  0.686577  0.495689  0.219421  0.666713  0.655508  0.385328  0.438409  0.606242  0.900763  0.796991  0.776309  0.348821  0.886614  0.958779  0.485818  0.587558  0.748168  0.061763  0.483529  0.802428  0.301899  0.090927  0.516674  0.621628  0.467150  0.403254  0.071514  0.500227 0.0  0.276655  0.344780  0.130980  0.278723  0.883811  0.392727  0.819499  0.400063  0.116544  0.122162  0.233883  0.559475  0.274000  0.446796  0.575278 
30  0.301341  0.465746  0.716092  0.224843  0.539412  0.491096  0.244253  0.258400  0.485425  0.782200  0.745524  0.662093  0.347563  0.722495  0.705979  0.385614  0.639160  0.692240  0.221991  0.768789  0.679396  0.353079  0.324975  0.472189  0.678189  0.238606  0.282102  0.277350  0.225256  0.276655 0.0  0.218997  0.329812  0.313891  0.735192  0.342514  0.591580  0.242363  0.221867  0.215225  0.306363  0.658850  0.263179  0.280210  0.647283 
31  0.256134  0.354028  0.843986  0.486034  0.597167  0.472571  0.384001  0.068596  0.635466  0.842897  0.528719  0.654088  0.244981  0.729173  0.826506  0.119851  0.630416  0.697610  0.255842  0.794230  0.842802  0.335618  0.425324  0.454419  0.872886  0.428968  0.313503  0.432773  0.389379  0.344780  0.218997 0.0  0.393833  0.327306  0.516587  0.441810  0.801698  0.141182  0.397860  0.372735  0.460122  0.873011  0.318847  0.429165  0.834451 
32  0.345591  0.668242  0.630574  0.059970  0.679493  0.617907  0.423442  0.368276  0.564992  0.871744  0.854944  0.868224  0.320752  0.961770  0.903666  0.372125  0.776838  0.690078  0.053158  0.669361  0.914766  0.234351  0.142628  0.590569  0.613881  0.576099  0.477266  0.158045  0.472984  0.130980  0.329812  0.393833 0.0  0.355127  0.817131  0.363118  0.864276  0.530101  0.130059  0.122437  0.053837  0.486585  0.247317  0.353995  0.535610 
33  0.277964  0.522083  0.768550  0.272234  0.491741  0.506610  0.254386  0.196338  0.455343  0.670348  0.740289  0.711498  0.301077  0.737201  0.584041  0.195036  0.649558  0.759844  0.257585  0.659885  0.769355  0.349614  0.289651  0.497327  0.754699  0.296393  0.198154  0.293794  0.324644  0.278723  0.313891  0.327306  0.355127 0.0  0.829713  0.203858  0.738547  0.217233  0.275792  0.265345  0.389834  0.644655  0.402738  0.267488  0.701458 
34  0.570180  0.305006  0.855636  0.779537  0.508538  0.438468  0.787116  0.442307  0.542483  0.312320  0.056749  0.091114  0.624827  0.287789  0.421294  0.517746  0.179724  0.170148  0.778495  0.367258  0.380559  0.767911  0.798578  0.544073  0.347495  0.740111  0.820123  0.813298  0.818246  0.883811  0.735192  0.516587  0.817131  0.829713 0.0  0.758277  0.302484  0.560076  0.805575  0.822018  0.875901  0.645300  0.540340  0.801759  0.352719 
35  0.303246  0.585838  0.909038  0.351077  0.460658  0.665738  0.117407  0.324026  0.196351  0.646470  0.882444  0.758415  0.378064  0.574682  0.570049  0.442935  0.655143  0.639768  0.381051  0.940923  0.612334  0.176677  0.517576  0.558057  0.883065  0.279331  0.121419  0.528299  0.144102  0.392727  0.342514  0.441810  0.363118  0.203858  0.758277 0.0  0.587047  0.380416  0.346297  0.518073  0.341194  0.792548  0.266152  0.280496  0.965193 
36  0.778715  0.586300  0.869424  0.799963  0.452429  0.725823  0.726498  0.733053  0.294010  0.252105  0.547679  0.350102  0.685062  0.216449  0.315390  0.793567  0.371458  0.320945  0.868335  0.542532  0.093770  0.723622  0.927465  0.422449  0.493740  0.549960  0.496473  0.981571  0.631808  0.819499  0.591580  0.801698  0.864276  0.738547  0.302484  0.587047 0.0  0.780529  0.739711  0.761440  0.764047  0.839370  0.713278  0.604414  0.375103 
37  0.107505  0.255780  0.794641  0.431865  0.575339  0.458830  0.333303  0.120657  0.708691  0.776512  0.606416  0.471035  0.162917  0.938312  0.881486  0.229011  0.615894  0.766828  0.454829  0.731715  0.875092  0.160847  0.399375  0.360835  0.847396  0.405557  0.372170  0.438705  0.501779  0.400063  0.242363  0.141182  0.530101  0.217233  0.560076  0.380416  0.780529 0.0  0.369237  0.411565  0.398348  0.840231  0.240220  0.483593  0.767999 
38  0.417338  0.695647  0.405153  0.130093  0.513454  0.660138  0.227571  0.314612  0.571889  0.704264  0.806916  0.884962  0.408690  0.790950  0.734173  0.399555  0.656132  0.666037  0.137375  0.551065  0.763344  0.253986  0.033021  0.399148  0.560541  0.374230  0.396618  0.084508  0.279791  0.116544  0.221867  0.397860  0.130059  0.275792  0.805575  0.346297  0.739711  0.369237 0.0  0.094597  0.140257  0.653198  0.237156  0.325706  0.616333 
39  0.447358  0.641687  0.548386  0.019181  0.660454  0.611022  0.449037  0.341272  0.540803  0.920081  0.679630  0.748115  0.446919  0.886212  0.930597  0.466667  0.780404  0.707169  0.165954  0.588618  0.896631  0.260525  0.250625  0.570524  0.608055  0.432021  0.302480  0.100419  0.563787  0.122162  0.215225  0.372735  0.122437  0.265345  0.822018  0.518073  0.761440  0.411565  0.094597 0.0  0.043506  0.494972  0.292073  0.575953  0.567784 
40  0.654428  0.533081  0.536825  0.148690  0.511291  0.626918  0.344196  0.368620  0.613058  0.785762  0.798731  0.783368  0.400119  0.837648  0.682222  0.354647  0.725931  0.686828  0.136225  0.474720  0.668624  0.367717  0.042965  0.460756  0.562965  0.323019  0.296835  0.084975  0.406222  0.233883  0.306363  0.460122  0.053837  0.389834  0.875901  0.341194  0.764047  0.398348  0.140257  0.043506 0.0  0.406095  0.320261  0.383507  0.522238 
41  0.710576  0.636171  0.013933  0.624473  0.601626  0.658832  0.841346  0.801585  0.530088  0.834635  0.812513  0.959388  0.862202  0.708378  0.769742  0.834260  0.775347  0.691236  0.623654  0.477518  0.780543  0.571161  0.426238  0.381658  0.479461  0.753905  0.704390  0.520669  0.740542  0.559475  0.658850  0.873011  0.486585  0.644655  0.645300  0.792548  0.839370  0.840231  0.653198  0.494972  0.406095 0.0  0.745619  0.805736  0.526186 
42  0.278991  0.443381  0.759184  0.240054  0.494822  0.381658  0.295180  0.321416  0.438321  0.703466  0.787489  0.587160  0.344429  0.716482  0.727246  0.350660  0.765241  0.697279  0.253730  0.667802  0.689670  0.414916  0.323740  0.505489  0.786925  0.284308  0.327658  0.307039  0.335638  0.274000  0.263179  0.318847  0.247317  0.402738  0.540340  0.266152  0.713278  0.240220  0.237156  0.292073  0.320261  0.745619 0.0  0.231904  0.690551 
43  0.359399  0.585595  0.931561  0.378296  0.395982  0.641285  0.264104  0.356120  0.167435  0.722153  0.882830  0.751756  0.436933  0.650964  0.601181  0.305296  0.787627  0.646829  0.475225  0.946945  0.640973  0.370344  0.455213  0.504441  0.834974  0.132946  0.000000  0.465151  0.147637  0.446796  0.280210  0.429165  0.353995  0.267488  0.801759  0.280496  0.604414  0.483593  0.325706  0.575953  0.383507  0.805736  0.231904 0.0  0.862386 
44  0.852466  0.682238  0.684405  0.425262  0.727513  0.607550  0.842645  0.729040  0.640495  0.485456  0.415504  0.360678  0.823837  0.588474  0.593048  0.808221  0.231491  0.237704  0.598693  0.285704  0.500137  0.701843  0.527576  0.475403  0.282872  0.857685  0.715434  0.579771  0.875074  0.575278  0.647283  0.834451  0.535610  0.701458  0.352719  0.965193  0.375103  0.767999  0.616333  0.567784  0.522238  0.526186  0.690551  0.862386 0.0 
