45
0 0.0  0.866878  0.731842  0.827718  0.570895  0.702449  0.958178  0.446017  0.656898  0.727864  0.843239  0.859409  0.852647  0.595724  0.591379  0.881783  0.468338  0.723653  0.464422  0.780733  0.453194  0.690805  0.864874  0.455112  0.841629  0.724360  0.893799  0.557176  0.821330  0.739004  0.587811  0.748184  0.406999  0.907340  0.828154  0.621746  0.775795  0.688490  0.839088  0.563826  0.749730  0.706542  0.700912  0.514573  0.832552 
1  0.866878 0.0  0.287798  0.532894  0.440475  0.725666  0.223777  0.413731  0.684542  0.634672  0.485542  0.320906  0.217879  0.912817  0.870648  0.676937  0.397467  0.612317  0.639418  0.286040  0.803433  0.705440  0.170223  0.663366  0.528302  0.740241  0.726543  0.420880  0.767677  0.515051  0.435456  0.166170  0.815905  0.591979  0.732526  0.410522  0.568068  0.269075  0.386657  0.447877  0.428033  0.392940  0.863919  0.785535  0.797378 
2  0.731842  0.287798 0.0  0.749513  0.379372  0.688714  0.269307  0.546749  0.644738  0.398030  0.648644  0.034666  0.417605  0.769144  0.809755  0.759465  0.421561  0.608889  0.671289  0.177503  0.696414  0.739199  0.244253  0.720174  0.682029  0.448592  0.808925  0.383037  0.619177  0.733068  0.511943  0.312103  0.523513  0.751432  0.767532  0.271969  0.713321  0.286314  0.099390  0.298511  0.744133  0.027479  0.765527  0.891529  0.485350 
3  0.827718  0.532894  0.749513 0.0  0.757209  0.440241  0.642308  0.471139  0.217075  0.397243  0.229169  0.713554  0.562110  0.359382  0.500121  0.156594  0.372144  0.149167  0.352501  0.747117  0.253948  0.251523  0.557467  0.475216  0.107190  0.377640  0.094193  0.985866  0.369039  0.055196  0.398380  0.614813  0.832461  0.194896  0.152485  0.683019  0.213903  0.607602  0.873729  0.840490  0.111703  0.740482  0.504421  0.279830  0.486388 
4  0.570895  0.440475  0.379372  0.757209 0.0  0.664471  0.419443  0.523608  0.660489  0.715127  0.980228  0.328745  0.375114  0.585637  0.624602  0.888521  0.455212  0.698195  0.447208  0.340598  0.494273  0.688956  0.485919  0.629934  0.990844  0.755494  0.932636  0.111473  0.872610  0.738430  0.722781  0.430502  0.808365  0.888126  0.862240  0.361751  0.884306  0.259364  0.276373  0.200070  0.762105  0.320780  0.623804  0.467024  0.778628 
5  0.702449  0.725666  0.688714  0.440241  0.664471 0.0  0.759923  0.485199  0.356650  0.056172  0.383130  0.447008  0.761593  0.382353  0.287648  0.317889  0.430967  0.181786  0.345433  0.590630  0.301306  0.270090  0.701991  0.342192  0.323221  0.100448  0.256162  0.722164  0.103661  0.387004  0.577346  0.716158  0.629726  0.375209  0.351474  0.560323  0.378261  0.703029  0.595394  0.829386  0.290072  0.460474  0.354137  0.420922  0.075106 
6  0.958178  0.223777  0.269307  0.642308  0.419443  0.759923 0.0  0.497832  0.752654  0.749025  0.652508  0.295765  0.190508  0.915093  0.776743  0.502908  0.524604  0.690194  0.724656  0.313873  0.792710  0.761882  0.186967  0.915862  0.686962  0.776935  0.597970  0.422680  0.805930  0.466685  0.417631  0.230996  0.721514  0.612694  0.554343  0.313686  0.690989  0.209201  0.356406  0.601038  0.420293  0.177414  0.768895  0.734707  0.797943 
7  0.446017  0.413731  0.546749  0.471139  0.523608  0.485199  0.497832 0.0  0.460688  0.356678  0.383694  0.446941  0.466690  0.523664  0.398410  0.425382  0.404190  0.529077  0.531093  0.427655  0.487400  0.442507  0.504044  0.471257  0.507019  0.479548  0.498450  0.368609  0.444673  0.452077  0.543519  0.515252  0.554450  0.552751  0.541326  0.543598  0.490701  0.513060  0.403298  0.568360  0.488001  0.511230  0.534457  0.469234  0.463673 
8  0.656898  0.684542  0.644738  0.217075  0.660489  0.356650  0.752654  0.460688 0.0  0.385507  0.244850  0.693753  0.773313  0.273688  0.260306  0.242776  0.493675  0.282267  0.300674  0.680384  0.224057  0.323939  0.772397  0.275199  0.308532  0.334688  0.317191  0.807282  0.294921  0.238570  0.447419  0.602828  0.618383  0.268234  0.260836  0.742883  0.275936  0.683825  0.653332  0.759487  0.254575  0.705101  0.177614  0.333222  0.337703 
9  0.727864  0.634672  0.398030  0.397243  0.715127  0.056172  0.749025  0.356678  0.385507 0.0  0.269112  0.482115  0.793578  0.242317  0.247757  0.334831  0.554208  0.364262  0.400435  0.605382  0.473858  0.165581  0.653935  0.347431  0.327764  0.170402  0.326045  0.721676  0.120262  0.361655  0.468909  0.816593  0.556288  0.351098  0.288588  0.419219  0.289780  0.763389  0.669781  0.798855  0.380317  0.624951  0.250982  0.270896  0.082605 
10  0.843239  0.485542  0.648644  0.229169  0.980228  0.383130  0.652508  0.383694  0.244850  0.269112 0.0  0.734328  0.645195  0.464642  0.431833  0.161940  0.475500  0.269186  0.308308  0.721726  0.332567  0.266737  0.601446  0.418516  0.107139  0.314338  0.185459  0.922170  0.310585  0.030862  0.437191  0.629331  0.814848  0.252309  0.184829  0.769595  0.233469  0.717898  0.778982  0.921145  0.045551  0.818486  0.499968  0.295895  0.288153 
11  0.859409  0.320906  0.034666  0.713554  0.328745  0.447008  0.295765  0.446941  0.693753  0.482115  0.734328 0.0  0.377850  0.878407  0.671669  0.713038  0.447149  0.641332  0.702606  0.137251  0.586127  0.695502  0.317831  0.671273  0.767309  0.474528  0.740755  0.319973  0.604314  1.000000  0.420631  0.398084  0.401963  0.703914  0.734113  0.000000  0.818553  0.300388  0.112542  0.312589  0.864513  0.056054  0.703063  0.670662  0.545925 
12  0.852647  0.217879  0.417605  0.562110  0.375114  0.761593  0.190508  0.466690  0.773313  0.793578  0.645195  0.377850 0.0  0.858016  0.817407  0.601545  0.509947  0.679114  0.747925  0.340949  0.762338  0.714992  0.204776  0.947025  0.691880  0.786332  0.631004  0.406133  0.787852  0.440031  0.441815  0.175960  0.766903  0.527814  0.611056  0.322568  0.643951  0.261235  0.383882  0.487891  0.460149  0.396496  0.794034  0.733197  0.745735 
13  0.595724  0.912817  0.769144  0.359382  0.585637  0.382353  0.915093  0.523664  0.273688  0.242317  0.464642  0.878407  0.858016 0.0  0.176868  0.475661  0.442771  0.283310  0.000000  0.736288  0.104975  0.297953  0.860609  0.289436  0.512148  0.278929  0.380378  0.680341  0.431721  0.314443  0.613026  0.863682  0.833548  0.325689  0.484337  0.776526  0.431255  0.644049  0.898280  0.653409  0.242769  0.690971  0.202317  0.163418  0.454843 
14  0.591379  0.870648  0.809755  0.500121  0.624602  0.287648  0.776743  0.398410  0.260306  0.247757  0.431833  0.671669  0.817407  0.176868 0.0  0.411138  0.532748  0.258985  0.012138  0.715152  0.097642  0.254436  0.864364  0.207810  0.487129  0.359973  0.443226  0.551697  0.412653  0.298664  0.673128  0.856518  0.886729  0.445717  0.486151  0.605912  0.439714  0.704762  0.767988  0.529054  0.345558  0.710743  0.213183  0.000000  0.478025 
15  0.881783  0.676937  0.759465  0.156594  0.888521  0.317889  0.502908  0.425382  0.242776  0.334831  0.161940  0.713038  0.601545  0.475661  0.411138 0.0  0.408789  0.234756  0.385002  0.838806  0.317258  0.331703  0.619212  0.459140  0.197222  0.379538  0.185479  0.764208  0.491740  0.054006  0.395390  0.559259  0.785163  0.172578  0.199162  0.783360  0.198582  0.567455  0.797693  0.867516  0.054706  0.709383  0.450797  0.395425  0.473842 
16  0.468338  0.397467  0.421561  0.372144  0.455212  0.430967  0.524604  0.404190  0.493675  0.554208  0.475500  0.447149  0.509947  0.442771  0.532748  0.408789 0.0  0.412246  0.397737  0.487769  0.486117  0.458706  0.372499  0.396200  0.450447  0.487704  0.438042  0.375701  0.432901  0.451993  0.570611  0.616999  0.389373  0.379578  0.527731  0.446335  0.499294  0.417145  0.446175  0.537632  0.397684  0.571305  0.446379  0.496934  0.385498 
17  0.723653  0.612317  0.608889  0.149167  0.698195  0.181786  0.690194  0.529077  0.282267  0.364262  0.269186  0.641332  0.679114  0.283310  0.258985  0.234756  0.412246 0.0  0.103912  0.795263  0.284103  0.246875  0.712003  0.229383  0.158077  0.309475  0.252797  0.690893  0.136694  0.322498  0.431884  0.605579  0.610372  0.414126  0.182510  0.679677  0.293181  0.654971  0.669445  0.769556  0.323912  0.696563  0.275231  0.373448  0.176659 
18  0.464422  0.639418  0.671289  0.352501  0.447208  0.345433  0.724656  0.531093  0.300674  0.400435  0.308308  0.702606  0.747925  0.000000  0.012138  0.385002  0.397737  0.103912 0.0  0.795042  0.068993  0.219779  0.763799  0.112525  0.343227  0.295563  0.401010  0.406852  0.458112  0.441790  0.474161  0.755320  0.798082  0.302980  0.364249  0.773690  0.212988  0.722496  0.770443  0.415600  0.295494  0.809335  0.070943  0.094575  0.400013 
19  0.780733  0.286040  0.177503  0.747117  0.340598  0.590630  0.313873  0.427655  0.680384  0.605382  0.721726  0.137251  0.340949  0.736288  0.715152  0.838806  0.487769  0.795263  0.795042 0.0  0.729405  0.668140  0.332210  0.648642  0.553823  0.545661  0.545230  0.299639  0.534401  0.801403  0.483893  0.255291  0.535864  0.677541  0.710415  0.282882  0.593294  0.251606  0.088246  0.345600  0.713357  0.072678  0.786141  0.803569  0.596857 
20  0.453194  0.803433  0.696414  0.253948  0.494273  0.301306  0.792710  0.487400  0.224057  0.473858  0.332567  0.586127  0.762338  0.104975  0.097642  0.317258  0.486117  0.284103  0.068993  0.729405 0.0  0.235219  0.783056  0.180961  0.404984  0.400600  0.374001  0.420492  0.400613  0.361560  0.533074  0.673097  0.811589  0.360865  0.437969  0.819217  0.234407  0.657446  0.859027  0.581337  0.284208  0.940464  0.023601  0.029873  0.439875 
21  0.690805  0.705440  0.739199  0.251523  0.688956  0.270090  0.761882  0.442507  0.323939  0.165581  0.266737  0.695502  0.714992  0.297953  0.254436  0.331703  0.458706  0.246875  0.219779  0.668140  0.235219 0.0  0.582304  0.214740  0.274336  0.286830  0.214438  0.660631  0.197711  0.355058  0.425744  0.611738  0.724795  0.258502  0.285250  0.759232  0.281309  0.622247  0.641014  0.609604  0.193335  0.621046  0.295669  0.166349  0.326306 
22  0.864874  0.170223  0.244253  0.557467  0.485919  0.701991  0.186967  0.504044  0.772397  0.653935  0.601446  0.317831  0.204776  0.860609  0.864364  0.619212  0.372499  0.712003  0.763799  0.332210  0.783056  0.582304 0.0  0.853559  0.662617  0.687225  0.572032  0.508185  0.860133  0.465428  0.469699  0.279038  0.844284  0.654961  0.587166  0.375753  0.600853  0.199179  0.405090  0.422152  0.461292  0.443144  0.871799  0.750322  0.727560 
23  0.455112  0.663366  0.720174  0.475216  0.629934  0.342192  0.915862  0.471257  0.275199  0.347431  0.418516  0.671273  0.947025  0.289436  0.207810  0.459140  0.396200  0.229383  0.112525  0.648642  0.180961  0.214740  0.853559 0.0  0.405037  0.284280  0.537639  0.639194  0.515555  0.261817  0.641138  0.847616  0.751698  0.453856  0.527612  0.769673  0.468072  0.638262  0.790307  0.540901  0.308756  0.721955  0.192347  0.000000  0.346276 
24  0.841629  0.528302  0.682029  0.107190  0.990844  0.323221  0.686962  0.507019  0.308532  0.327764  0.107139  0.767309  0.691880  0.512148  0.487129  0.197222  0.450447  0.158077  0.343227  0.553823  0.404984  0.274336  0.662617  0.405037 0.0  0.339061  0.159514  0.725129  0.473589  0.058258  0.276677  0.623764  0.773149  0.190546  0.215561  0.776532  0.169255  0.658727  0.821037  0.945108  0.059144  0.819523  0.458313  0.305531  0.393546 
25  0.724360  0.740241  0.448592  0.377640  0.755494  0.100448  0.776935  0.479548  0.334688  0.170402  0.314338  0.474528  0.786332  0.278929  0.359973  0.379538  0.487704  0.309475  0.295563  0.545661  0.400600  0.286830  0.687225  0.284280  0.339061 0.0  0.333619  0.675452  0.093964  0.270996  0.423100  0.769466  0.540616  0.233027  0.252951  0.449512  0.383952  0.677934  0.503350  0.764293  0.373589  0.596163  0.197566  0.312833  0.212776 
26  0.893799  0.726543  0.808925  0.094193  0.932636  0.256162  0.597970  0.498450  0.317191  0.326045  0.185459  0.740755  0.631004  0.380378  0.443226  0.185479  0.438042  0.252797  0.401010  0.545230  0.374001  0.214438  0.572032  0.537639  0.159514  0.333619 0.0  0.895065  0.480974  0.000000  0.378936  0.677958  0.860237  0.196079  0.152626  0.790964  0.224027  0.682125  0.845131  0.849738  0.182391  0.771458  0.505323  0.266297  0.405126 
27  0.557176  0.420880  0.383037  0.985866  0.111473  0.722164  0.422680  0.368609  0.807282  0.721676  0.922170  0.319973  0.406133  0.680341  0.551697  0.764208  0.375701  0.690893  0.406852  0.299639  0.420492  0.660631  0.508185  0.639194  0.725129  0.675452  0.895065 0.0  0.824859  0.665451  0.684380  0.467256  0.849211  0.856023  0.851123  0.277364  0.931524  0.310707  0.379129  0.203147  0.651013  0.342278  0.639816  0.472319  0.845316 
28  0.821330  0.767677  0.619177  0.369039  0.872610  0.103661  0.805930  0.444673  0.294921  0.120262  0.310585  0.604314  0.787852  0.431721  0.412653  0.491740  0.432901  0.136694  0.458112  0.534401  0.400613  0.197711  0.860133  0.515555  0.473589  0.093964  0.480974  0.824859 0.0  0.381146  0.642741  0.773974  0.480740  0.446310  0.356077  0.519499  0.407866  0.688498  0.441033  0.754856  0.340911  0.535028  0.338851  0.457049  0.093494 
29  0.739004  0.515051  0.733068  0.055196  0.738430  0.387004  0.466685  0.452077  0.238570  0.361655  0.030862  1.000000  0.440031  0.314443  0.298664  0.054006  0.451993  0.322498  0.441790  0.801403  0.361560  0.355058  0.465428  0.261817  0.058258  0.270996  0.000000  0.665451  0.381146 0.0  0.308216  0.529979  0.832397  0.056678  0.109092  0.772020  0.073138  0.608191  0.859113  0.686124  0.214080  0.751582  0.358105  0.255292  0.399340 
30  0.587811  0.435456  0.511943  0.398380  0.722781  0.577346  0.417631  0.543519  0.447419  0.468909  0.437191  0.420631  0.441815  0.613026  0.673128  0.395390  0.570611  0.431884  0.474161  0.483893  0.533074  0.425744  0.469699  0.641138  0.276677  0.423100  0.378936  0.684380  0.642741  0.308216 0.0  0.418533  0.644037  0.445875  0.472606  0.563201  0.387219  0.443886  0.584715  0.662842  0.260371  0.569205  0.705699  0.501349  0.524809 
31  0.748184  0.166170  0.312103  0.614813  0.430502  0.716158  0.230996  0.515252  0.602828  0.816593  0.629331  0.398084  0.175960  0.863682  0.856518  0.559259  0.616999  0.605579  0.755320  0.255291  0.673097  0.611738  0.279038  0.847616  0.623764  0.769466  0.677958  0.467256  0.773974  0.529979  0.418533 0.0  0.848739  0.530696  0.694120  0.366575  0.467878  0.261547  0.348071  0.417103  0.453882  0.227488  0.938833  0.717709  0.797225 
32  0.406999  0.815905  0.523513  0.832461  0.808365  0.629726  0.721514  0.554450  0.618383  0.556288  0.814848  0.401963  0.766903  0.833548  0.886729  0.785163  0.389373  0.610372  0.798082  0.535864  0.811589  0.724795  0.844284  0.751698  0.773149  0.540616  0.860237  0.849211  0.480740  0.832397  0.644037  0.848739 0.0  0.755767  0.804429  0.494281  0.788630  0.681748  0.534484  0.806033  0.875011  0.494895  0.824626  0.756962  0.509794 
33  0.907340  0.591979  0.751432  0.194896  0.888126  0.375209  0.612694  0.552751  0.268234  0.351098  0.252309  0.703914  0.527814  0.325689  0.445717  0.172578  0.379578  0.414126  0.302980  0.677541  0.360865  0.258502  0.654961  0.453856  0.190546  0.233027  0.196079  0.856023  0.446310  0.056678  0.445875  0.530696  0.755767 0.0  0.194464  0.690723  0.290283  0.620728  0.836008  0.907859  0.050066  0.732808  0.432798  0.343761  0.328501 
34  0.828154  0.732526  0.767532  0.152485  0.862240  0.351474  0.554343  0.541326  0.260836  0.288588  0.184829  0.734113  0.611056  0.484337  0.486151  0.199162  0.527731  0.182510  0.364249  0.710415  0.437969  0.285250  0.587166  0.527612  0.215561  0.252951  0.152626  0.851123  0.356077  0.109092  0.472606  0.694120  0.804429  0.194464 0.0  0.683258  0.219543  0.701889  0.763336  0.955176  0.157993  0.699474  0.439523  0.405259  0.332606 
35  0.621746  0.410522  0.271969  0.683019  0.361751  0.560323  0.313686  0.543598  0.742883  0.419219  0.769595  0.000000  0.322568  0.776526  0.605912  0.783360  0.446335  0.679677  0.773690  0.282882  0.819217  0.759232  0.375753  0.769673  0.776532  0.449512  0.790964  0.277364  0.519499  0.772020  0.563201  0.366575  0.494281  0.690723  0.683258 0.0  0.748417  0.320752  0.158345  0.292056  0.690554  0.047784  0.741171  0.893561  0.621374 
36  0.775795  0.568068  0.713321  0.213903  0.884306  0.378261  0.690989  0.490701  0.275936  0.289780  0.233469  0.818553  0.643951  0.431255  0.439714  0.198582  0.499294  0.293181  0.212988  0.593294  0.234407  0.281309  0.600853  0.468072  0.169255  0.383952  0.224027  0.931524  0.407866  0.073138  0.387219  0.467878  0.788630  0.290283  0.219543  0.748417 0.0  0.692461  0.781517  0.772216  0.000000  0.811937  0.435596  0.285284  0.437947 
37  0.688490  0.269075  0.286314  0.607602  0.259364  0.703029  0.209201  0.513060  0.683825  0.763389  0.717898  0.300388  0.261235  0.644049  0.704762  0.567455  0.417145  0.654971  0.722496  0.251606  0.657446  0.622247  0.199179  0.638262  0.658727  0.677934  0.682125  0.310707  0.688498  0.608191  0.443886  0.261547  0.681748  0.620728  0.701889  0.320752  0.692461 0.0  0.296325  0.275045  0.655933  0.289317  0.734002  0.612325  0.802938 
38  0.839088  0.386657  0.099390  0.873729  0.276373  0.595394  0.356406  0.403298  0.653332  0.669781  0.778982  0.112542  0.383882  0.898280  0.767988  0.797693  0.446175  0.669445  0.770443  0.088246  0.859027  0.641014  0.405090  0.790307  0.821037  0.503350  0.845131  0.379129  0.441033  0.859113  0.584715  0.348071  0.534484  0.836008  0.763336  0.158345  0.781517  0.296325 0.0  0.328614  0.765308  0.114151  0.766727  0.747482  0.576825 
39  0.563826  0.447877  0.298511  0.840490  0.200070  0.829386  0.601038  0.568360  0.759487  0.798855  0.921145  0.312589  0.487891  0.653409  0.529054  0.867516  0.537632  0.769556  0.415600  0.345600  0.581337  0.609604  0.422152  0.540901  0.945108  0.764293  0.849738  0.203147  0.754856  0.686124  0.662842  0.417103  0.806033  0.907859  0.955176  0.292056  0.772216  0.275045  0.328614 0.0  0.814653  0.382297  0.658721  0.570017  0.705258 
40  0.749730  0.428033  0.744133  0.111703  0.762105  0.290072  0.420293  0.488001  0.254575  0.380317  0.045551  0.864513  0.460149  0.242769  0.345558  0.054706  0.397684  0.323912  0.295494  0.713357  0.284208  0.193335  0.461292  0.308756  0.059144  0.373589  0.182391  0.651013  0.340911  0.214080  0.260371  0.453882  0.875011  0.050066  0.157993  0.690554  0.000000  0.655933  0.765308  0.814653 0.0  0.799217  0.338247  0.311286  0.281175 
41  0.706542  0.392940  0.027479  0.740482  0.320780  0.460474  0.177414  0.511230  0.705101  0.624951  0.818486  0.056054  0.396496  0.690971  0.710743  0.709383  0.571305  0.696563  0.809335  0.072678  0.940464  0.621046  0.443144  0.721955  0.819523  0.596163  0.771458  0.342278  0.535028  0.751582  0.569205  0.227488  0.494895  0.732808  0.699474  0.047784  0.811937  0.289317  0.114151  0.382297  0.799217 0.0  0.771517  0.807198  0.560617 
42  0.700912  0.863919  0.765527  0.504421  0.623804  0.354137  0.768895  0.534457  0.177614  0.250982  0.499968  0.703063  0.794034  0.202317  0.213183  0.450797  0.446379  0.275231  0.070943  0.786141  0.023601  0.295669  0.871799  0.192347  0.458313  0.197566  0.505323  0.639816  0.338851  0.358105  0.705699  0.938833  0.824626  0.432798  0.439523  0.741171  0.435596  0.734002  0.766727  0.658721  0.338247  0.771517 0.0  0.124660  0.287862 
43  0.514573  0.785535  0.891529  0.279830  0.467024  0.420922  0.734707  0.469234  0.333222  0.270896  0.295895  0.670662  0.733197  0.163418  0.000000  0.395425  0.496934  0.373448  0.094575  0.803569  0.029873  0.166349  0.750322  0.000000  0.305531  0.312833  0.266297  0.472319  0.457049  0.255292  0.501349  0.717709  0.756962  0.343761  0.405259  0.893561  0.285284  0.612325  0.747482  0.570017  0.311286  0.807198  0.124660 0.0  0.429455 
44  0.832552  0.797378  0.485350  0.486388  0.778628  0.075106  0.797943  0.463673  0.337703  0.082605  0.288153  0.545925  0.745735  0.454843  0.478025  0.473842  0.385498  0.176659  0.400013  0.596857  0.439875  0.326306  0.727560  0.346276  0.393546  0.212776  0.405126  0.845316  0.093494  0.399340  0.524809  0.797225  0.509794  0.328501  0.332606  0.621374  0.437947  0.802938  0.576825  0.705258  0.281175  0.560617  0.287862  0.429455 0.0 
