45
0 0.0  0.793077  0.779868  0.768836  0.703880  0.634415  0.797382  0.400546  0.702906  0.702187  0.106247  0.554529  0.201648  0.679954  0.803055  0.492490  0.273916  0.434535  0.797211  0.322702  0.364137  0.517316  0.940678  0.682990  0.521893  0.433249  0.346785  0.734347  0.847849  0.776155  0.476359  0.328426  0.057309  0.291285  0.774048  0.944155  0.151633  0.263937  0.165804  0.229643  0.745660  0.262434  0.742277  0.802830  0.781328 
1  0.793077 0.0  0.564098  0.537663  0.246993  0.365725  0.300454  0.928099  0.211767  0.810859  0.873456  0.501870  0.841897  0.475104  0.068794  0.325689  0.642203  0.853627  0.130069  0.560309  0.601043  0.429807  0.134116  0.358123  0.436278  0.367060  0.501690  0.437906  0.458190  0.173789  0.636278  0.941960  0.764698  0.542377  0.446106  0.642021  0.606666  0.948640  0.730827  0.874104  0.342677  0.905032  0.209962  0.353606  0.091620 
2  0.779868  0.564098 0.0  0.838292  0.646990  0.675587  0.811895  0.866144  0.759552  0.128434  0.931852  0.594967  0.848531  0.868295  0.520017  0.732947  0.672447  0.915955  0.395762  0.573687  0.672743  0.521739  0.504639  0.700500  0.766767  0.712381  0.481290  0.760874  0.836948  0.624244  0.653239  0.900084  0.832711  0.535090  1.000000  0.850286  0.722266  0.887314  0.726066  0.628924  0.511908  0.943450  0.635195  0.815420  0.457950 
3  0.768836  0.537663  0.838292 0.0  0.227812  0.380733  0.000000  0.732295  0.250818  0.929233  0.862269  0.149438  0.750957  0.200434  0.455403  0.442075  0.698159  0.629627  0.377001  0.903547  0.525323  0.535213  0.434101  0.264777  0.249758  0.376394  0.370451  0.291182  0.165339  0.320409  0.360209  0.630995  0.831014  0.565781  0.431308  0.090088  0.725360  0.749133  0.744771  0.719078  0.306862  0.690585  0.416233  0.180159  0.390555 
4  0.703880  0.246993  0.646990  0.227812 0.0  0.227585  0.340415  0.639117  0.258471  0.694984  0.609802  0.568367  0.705590  0.123009  0.270721  0.231832  0.723893  0.686268  0.406167  0.719285  0.477923  0.556301  0.191434  0.243634  0.207835  0.367655  0.510272  0.341042  0.244080  0.274962  0.526907  0.652481  0.727824  0.411641  0.255273  0.298531  0.717652  0.696407  0.711888  0.612931  0.326998  0.741749  0.247968  0.264743  0.315075 
5  0.634415  0.365725  0.675587  0.380733  0.227585 0.0  0.474555  0.832610  0.259040  0.720039  0.452402  0.551364  0.626228  0.470633  0.493488  0.007803  0.693958  0.864444  0.327338  0.804288  0.244937  0.427853  0.474324  0.198454  0.024901  0.010802  0.417183  0.258717  0.372012  0.444362  0.537938  0.762690  0.478559  0.332749  0.369707  0.325056  0.490683  0.701086  0.625067  0.609674  0.361080  0.730150  0.316461  0.238328  0.358691 
6  0.797382  0.300454  0.811895  0.000000  0.340415  0.474555 0.0  0.455747  0.267679  0.717364  0.767479  0.372692  0.765987  0.091256  0.444110  0.301428  0.800700  0.453126  0.337251  0.775987  0.603606  0.603713  0.368284  0.253473  0.385114  0.588344  0.440339  0.346175  0.000000  0.490022  0.243257  0.473525  0.804723  0.667033  0.117242  0.000000  0.944325  0.503318  0.785933  0.719013  0.359160  0.450475  0.282669  0.022476  0.382341 
7  0.400546  0.928099  0.866144  0.732295  0.639117  0.832610  0.455747 0.0  0.705436  0.914814  0.413949  0.205593  0.508511  0.678170  0.833069  0.647051  0.203846  0.223022  0.733946  0.423748  0.590841  0.461338  0.850726  0.645242  0.751562  0.734884  0.466267  0.805314  0.679957  0.792528  0.393258  0.191129  0.318749  0.579768  0.612677  0.624918  0.323662  0.258047  0.314934  0.395805  0.694817  0.240171  0.891933  0.544012  0.723484 
8  0.702906  0.211767  0.759552  0.250818  0.258471  0.259040  0.267679  0.705436 0.0  0.777628  0.643498  0.386127  0.628322  0.146787  0.310825  0.269404  0.716774  0.606098  0.121328  0.688397  0.437929  0.546713  0.407629  0.264187  0.238892  0.231518  0.465721  0.273499  0.217771  0.254747  0.484603  0.618746  0.666364  0.516109  0.231985  0.237894  0.649201  0.586232  0.647047  0.691285  0.261455  0.736530  0.256842  0.187977  0.217027 
9  0.702187  0.810859  0.128434  0.929233  0.694984  0.720039  0.717364  0.914814  0.777628 0.0  0.780820  0.610534  0.907241  0.832019  0.622324  0.728949  0.590896  0.921296  0.435470  0.707222  0.632819  0.437148  0.510927  0.734215  0.793497  0.768871  0.461670  0.732460  0.893157  0.557644  0.636775  0.818898  0.774871  0.617415  0.886679  0.877654  0.781013  0.896689  0.745274  0.748325  0.668240  0.818687  0.632445  0.942889  0.493461 
10  0.106247  0.873456  0.931852  0.862269  0.609802  0.452402  0.767479  0.413949  0.643498  0.780820 0.0  0.609146  0.097844  0.882573  0.919370  0.549870  0.234397  0.413333  0.779811  0.397643  0.334754  0.409984  0.813962  0.667633  0.550044  0.480999  0.437494  0.566966  0.752981  0.848286  0.679934  0.402247  0.051657  0.424393  0.830407  0.839128  0.153493  0.340747  0.107372  0.178540  0.695543  0.401908  0.803038  0.759117  0.781758 
11  0.554529  0.501870  0.594967  0.149438  0.568367  0.551364  0.372692  0.205593  0.386127  0.610534  0.609146 0.0  0.610185  0.237839  0.513787  0.542700  0.534542  0.336809  0.551205  0.586691  0.641522  0.572482  0.540928  0.451033  0.640800  0.648384  0.595648  0.513143  0.168406  0.603994  0.285412  0.304897  0.518846  0.627000  0.245392  0.269791  0.707932  0.345994  0.441827  0.581027  0.470958  0.294455  0.469453  0.303150  0.605022 
12  0.201648  0.841897  0.848531  0.750957  0.705590  0.626228  0.765987  0.508511  0.628322  0.907241  0.097844  0.610185 0.0  0.768355  0.797464  0.665720  0.253358  0.392736  0.779354  0.320693  0.289492  0.481104  0.822298  0.608483  0.453965  0.511334  0.428439  0.581052  0.833200  0.879051  0.628068  0.401611  0.011853  0.343817  0.837396  0.836480  0.191402  0.411839  0.170643  0.034050  0.704976  0.383410  0.757521  0.770718  0.894190 
13  0.679954  0.475104  0.868295  0.200434  0.123009  0.470633  0.091256  0.678170  0.146787  0.832019  0.882573  0.237839  0.768355 0.0  0.448256  0.384199  0.732963  0.643590  0.310796  0.871260  0.584485  0.493309  0.387993  0.264448  0.320607  0.327802  0.479624  0.338397  0.138983  0.453954  0.369190  0.616891  0.723028  0.556414  0.159058  0.209657  0.761195  0.532484  0.699357  0.821186  0.384980  0.511507  0.495471  0.211773  0.383376 
14  0.803055  0.068794  0.520017  0.455403  0.270721  0.493488  0.444110  0.833069  0.310825  0.622324  0.919370  0.513787  0.797464  0.448256 0.0  0.461825  0.681523  0.824265  0.094380  0.574167  0.636415  0.484228  0.228690  0.255746  0.345584  0.314377  0.485688  0.286522  0.440681  0.000000  0.741297  0.747692  0.809404  0.690688  0.509475  0.486462  0.795108  0.790802  0.877182  0.795399  0.324670  0.744025  0.168994  0.349549  0.260949 
15  0.492490  0.325689  0.732947  0.442075  0.231832  0.007803  0.301428  0.647051  0.269404  0.728949  0.549870  0.542700  0.665720  0.384199  0.461825 0.0  0.763919  0.746293  0.337264  0.750845  0.360478  0.430109  0.439812  0.308751  0.152287  0.067119  0.504032  0.131152  0.353130  0.456581  0.686557  0.772255  0.600879  0.386062  0.311126  0.331982  0.444221  0.758696  0.441787  0.475841  0.265656  0.707209  0.319022  0.316949  0.318971 
16  0.273916  0.642203  0.672447  0.698159  0.723893  0.693958  0.800700  0.203846  0.716774  0.590896  0.234397  0.534542  0.253358  0.732963  0.681523  0.763919 0.0  0.194369  0.613710  0.214362  0.417012  0.482443  0.696691  0.698167  0.605651  0.692403  0.510319  0.679702  0.659822  0.730589  0.477408  0.342884  0.307393  0.443743  0.701401  0.722671  0.287389  0.340899  0.260166  0.207804  0.644156  0.251704  0.645001  0.699986  0.686277 
17  0.434535  0.853627  0.915955  0.629627  0.686268  0.864444  0.453126  0.223022  0.606098  0.921296  0.413333  0.336809  0.392736  0.643590  0.824265  0.746293  0.194369 0.0  0.779366  0.615145  0.622475  0.481481  0.680141  0.687320  0.768114  0.700471  0.339590  0.711323  0.569946  0.802004  0.442626  0.244955  0.298249  0.613555  0.614074  0.555243  0.363771  0.216105  0.379836  0.437924  0.592188  0.142185  0.914428  0.652933  0.681860 
18  0.797211  0.130069  0.395762  0.377001  0.406167  0.327338  0.337251  0.733946  0.121328  0.435470  0.779811  0.551205  0.779354  0.310796  0.094380  0.337264  0.613710  0.779366 0.0  0.450087  0.649490  0.523556  0.090865  0.310053  0.432636  0.373740  0.557674  0.322141  0.382905  0.213159  0.462442  0.687454  0.914611  0.590207  0.359010  0.297090  0.684184  0.791784  0.822735  0.796714  0.334835  0.743214  0.079292  0.384544  0.082365 
19  0.322702  0.560309  0.573687  0.903547  0.719285  0.804288  0.775987  0.423748  0.688397  0.707222  0.397643  0.586691  0.320693  0.871260  0.574167  0.750845  0.214362  0.615145  0.450087 0.0  0.634654  0.545102  0.411806  0.723455  0.841129  0.790816  0.503476  0.679257  0.784098  0.473966  0.662631  0.343870  0.375847  0.596639  0.891782  0.932178  0.287942  0.403679  0.433397  0.281203  0.763465  0.480926  0.611748  0.913769  0.415937 
20  0.364137  0.601043  0.672743  0.525323  0.477923  0.244937  0.603606  0.590841  0.437929  0.632819  0.334754  0.641522  0.289492  0.584485  0.636415  0.360478  0.417012  0.622475  0.649490  0.634654 0.0  0.519604  0.542363  0.491675  0.343775  0.189965  0.500236  0.271018  0.687437  0.686165  0.578068  0.589503  0.427904  0.353966  0.620184  0.649505  0.272573  0.662029  0.333205  0.317851  0.439483  0.565616  0.699977  0.572852  0.646365 
21  0.517316  0.429807  0.521739  0.535213  0.556301  0.427853  0.603713  0.461338  0.546713  0.437148  0.409984  0.572482  0.481104  0.493309  0.484228  0.430109  0.482443  0.481481  0.523556  0.545102  0.519604 0.0  0.511378  0.602401  0.527220  0.373915  0.514099  0.420027  0.492185  0.459027  0.396976  0.447295  0.492693  0.484881  0.437141  0.513402  0.535308  0.360183  0.474847  0.407759  0.414008  0.401983  0.469429  0.500498  0.482172 
22  0.940678  0.134116  0.504639  0.434101  0.191434  0.474324  0.368284  0.850726  0.407629  0.510927  0.813962  0.540928  0.822298  0.387993  0.228690  0.439812  0.696691  0.680141  0.090865  0.411806  0.542363  0.511378 0.0  0.193954  0.450767  0.321304  0.565509  0.361361  0.353337  0.176457  0.627839  0.675350  0.705856  0.614847  0.340107  0.292440  0.706856  0.656573  0.909868  0.864253  0.196445  0.714081  0.002775  0.304506  0.095074 
23  0.682990  0.358123  0.700500  0.264777  0.243634  0.198454  0.253473  0.645242  0.264187  0.734215  0.667633  0.451033  0.608483  0.264448  0.255746  0.308751  0.698167  0.687320  0.310053  0.723455  0.491675  0.602401  0.193954 0.0  0.213619  0.225825  0.527173  0.216493  0.235989  0.273702  0.497292  0.649807  0.765889  0.488351  0.269638  0.350519  0.734298  0.659268  0.710298  0.655147  0.260613  0.658905  0.261996  0.234058  0.361675 
24  0.521893  0.436278  0.766767  0.249758  0.207835  0.024901  0.385114  0.751562  0.238892  0.793497  0.550044  0.640800  0.453965  0.320607  0.345584  0.152287  0.605651  0.768114  0.432636  0.841129  0.343775  0.527220  0.450767  0.213619 0.0  0.044561  0.460559  0.170430  0.392111  0.361032  0.574941  0.826638  0.606771  0.286808  0.471381  0.421637  0.491793  0.772949  0.533793  0.490734  0.223009  0.872424  0.477593  0.519295  0.428033 
25  0.433249  0.367060  0.712381  0.376394  0.367655  0.010802  0.588344  0.734884  0.231518  0.768871  0.480999  0.648384  0.511334  0.327802  0.314377  0.067119  0.692403  0.700471  0.373740  0.790816  0.189965  0.373915  0.321304  0.225825  0.044561 0.0  0.460870  0.117408  0.285044  0.416698  0.491371  0.742198  0.453461  0.282046  0.343709  0.305906  0.613193  0.794394  0.535191  0.450179  0.259386  0.795180  0.312685  0.304442  0.360870 
26  0.346785  0.501690  0.481290  0.370451  0.510272  0.417183  0.440339  0.466267  0.465721  0.461670  0.437494  0.595648  0.428439  0.479624  0.485688  0.504032  0.510319  0.339590  0.557674  0.503476  0.500236  0.514099  0.565509  0.527173  0.460559  0.460870 0.0  0.498870  0.552807  0.454915  0.394375  0.456345  0.473945  0.434652  0.534072  0.458202  0.522250  0.563401  0.333355  0.392634  0.406375  0.447063  0.536770  0.544858  0.424153 
27  0.734347  0.437906  0.760874  0.291182  0.341042  0.258717  0.346175  0.805314  0.273499  0.732460  0.566966  0.513143  0.581052  0.338397  0.286522  0.131152  0.679702  0.711323  0.322141  0.679257  0.271018  0.420027  0.361361  0.216493  0.170430  0.117408  0.498870 0.0  0.339699  0.317510  0.551642  0.736856  0.430551  0.297097  0.454137  0.380565  0.530069  0.735055  0.672986  0.587888  0.322190  0.770721  0.247340  0.283209  0.354593 
28  0.847849  0.458190  0.836948  0.165339  0.244080  0.372012  0.000000  0.679957  0.217771  0.893157  0.752981  0.168406  0.833200  0.138983  0.440681  0.353130  0.659822  0.569946  0.382905  0.784098  0.687437  0.492185  0.353337  0.235989  0.392111  0.285044  0.552807  0.339699 0.0  0.425908  0.448191  0.666730  0.688991  0.720528  0.252626  0.286087  0.636348  0.705553  0.691717  0.840079  0.364852  0.615452  0.620760  0.229319  0.419532 
29  0.776155  0.173789  0.624244  0.320409  0.274962  0.444362  0.490022  0.792528  0.254747  0.557644  0.848286  0.603994  0.879051  0.453954  0.000000  0.456581  0.730589  0.802004  0.213159  0.473966  0.686165  0.459027  0.176457  0.273702  0.361032  0.416698  0.454915  0.317510  0.425908 0.0  0.623274  0.713942  0.739515  0.595748  0.406552  0.382443  0.765276  0.732523  0.854316  0.843376  0.321686  0.951746  0.179187  0.295948  0.126543 
30  0.476359  0.636278  0.653239  0.360209  0.526907  0.537938  0.243257  0.393258  0.484603  0.636775  0.679934  0.285412  0.628068  0.369190  0.741297  0.686557  0.477408  0.442626  0.462442  0.662631  0.578068  0.396976  0.627839  0.497292  0.574941  0.491371  0.394375  0.551642  0.448191  0.623274 0.0  0.295225  0.516250  0.618979  0.300907  0.402906  0.556005  0.494651  0.624140  0.623288  0.512732  0.494330  0.711808  0.303937  0.517957 
31  0.328426  0.941960  0.900084  0.630995  0.652481  0.762690  0.473525  0.191129  0.618746  0.818898  0.402247  0.304897  0.401611  0.616891  0.747692  0.772255  0.342884  0.244955  0.687454  0.343870  0.589503  0.447295  0.675350  0.649807  0.826638  0.742198  0.456345  0.736856  0.666730  0.713942  0.295225 0.0  0.316876  0.655218  0.690062  0.644325  0.196142  0.174282  0.320299  0.238010  0.661653  0.193370  0.854239  0.618109  0.720862 
32  0.057309  0.764698  0.832711  0.831014  0.727824  0.478559  0.804723  0.318749  0.666364  0.774871  0.051657  0.518846  0.011853  0.723028  0.809404  0.600879  0.307393  0.298249  0.914611  0.375847  0.427904  0.492693  0.705856  0.765889  0.606771  0.453461  0.473945  0.430551  0.688991  0.739515  0.516250  0.316876 0.0  0.361497  0.775915  0.705796  0.069795  0.303696  0.147433  0.044876  0.709428  0.336315  0.732923  0.737952  0.743257 
33  0.291285  0.542377  0.535090  0.565781  0.411641  0.332749  0.667033  0.579768  0.516109  0.617415  0.424393  0.627000  0.343817  0.556414  0.690688  0.386062  0.443743  0.613555  0.590207  0.596639  0.353966  0.484881  0.614847  0.488351  0.286808  0.282046  0.434652  0.297097  0.720528  0.595748  0.618979  0.655218  0.361497 0.0  0.598114  0.598238  0.374923  0.721129  0.378805  0.368145  0.569787  0.537593  0.754761  0.593092  0.614568 
34  0.774048  0.446106  1.000000  0.431308  0.255273  0.369707  0.117242  0.612677  0.231985  0.886679  0.830407  0.245392  0.837396  0.159058  0.509475  0.311126  0.701401  0.614074  0.359010  0.891782  0.620184  0.437141  0.340107  0.269638  0.471381  0.343709  0.534072  0.454137  0.252626  0.406552  0.300907  0.690062  0.775915  0.598114 0.0  0.328009  0.750521  0.616794  0.719360  0.750934  0.263518  0.661503  0.317887  0.208409  0.289965 
35  0.944155  0.642021  0.850286  0.090088  0.298531  0.325056  0.000000  0.624918  0.237894  0.877654  0.839128  0.269791  0.836480  0.209657  0.486462  0.331982  0.722671  0.555243  0.297090  0.932178  0.649505  0.513402  0.292440  0.350519  0.421637  0.305906  0.458202  0.380565  0.286087  0.382443  0.402906  0.644325  0.705796  0.598238  0.328009 0.0  0.767422  0.494611  0.652185  0.748094  0.278227  0.589739  0.415271  0.222214  0.332516 
36  0.151633  0.606666  0.722266  0.725360  0.717652  0.490683  0.944325  0.323662  0.649201  0.781013  0.153493  0.707932  0.191402  0.761195  0.795108  0.444221  0.287389  0.363771  0.684184  0.287942  0.272573  0.535308  0.706856  0.734298  0.491793  0.613193  0.522250  0.530069  0.636348  0.765276  0.556005  0.196142  0.069795  0.374923  0.750521  0.767422 0.0  0.423609  0.044585  0.228378  0.761334  0.371155  0.799355  0.803703  0.789254 
37  0.263937  0.948640  0.887314  0.749133  0.696407  0.701086  0.503318  0.258047  0.586232  0.896689  0.340747  0.345994  0.411839  0.532484  0.790802  0.758696  0.340899  0.216105  0.791784  0.403679  0.662029  0.360183  0.656573  0.659268  0.772949  0.794394  0.563401  0.735055  0.705553  0.732523  0.494651  0.174282  0.303696  0.721129  0.616794  0.494611  0.423609 0.0  0.364154  0.397255  0.705590  0.124111  0.907118  0.564997  0.740702 
38  0.165804  0.730827  0.726066  0.744771  0.711888  0.625067  0.785933  0.314934  0.647047  0.745274  0.107372  0.441827  0.170643  0.699357  0.877182  0.441787  0.260166  0.379836  0.822735  0.433397  0.333205  0.474847  0.909868  0.710298  0.533793  0.535191  0.333355  0.672986  0.691717  0.854316  0.624140  0.320299  0.147433  0.378805  0.719360  0.652185  0.044585  0.364154 0.0  0.208292  0.747186  0.329149  0.855242  0.836666  0.792065 
39  0.229643  0.874104  0.628924  0.719078  0.612931  0.609674  0.719013  0.395805  0.691285  0.748325  0.178540  0.581027  0.034050  0.821186  0.795399  0.475841  0.207804  0.437924  0.796714  0.281203  0.317851  0.407759  0.864253  0.655147  0.490734  0.450179  0.392634  0.587888  0.840079  0.843376  0.623288  0.238010  0.044876  0.368145  0.750934  0.748094  0.228378  0.397255  0.208292 0.0  0.727003  0.332858  0.818116  0.640419  0.722218 
40  0.745660  0.342677  0.511908  0.306862  0.326998  0.361080  0.359160  0.694817  0.261455  0.668240  0.695543  0.470958  0.704976  0.384980  0.324670  0.265656  0.644156  0.592188  0.334835  0.763465  0.439483  0.414008  0.196445  0.260613  0.223009  0.259386  0.406375  0.322190  0.364852  0.321686  0.512732  0.661653  0.709428  0.569787  0.263518  0.278227  0.761334  0.705590  0.747186  0.727003 0.0  0.691978  0.288201  0.246477  0.276456 
41  0.262434  0.905032  0.943450  0.690585  0.741749  0.730150  0.450475  0.240171  0.736530  0.818687  0.401908  0.294455  0.383410  0.511507  0.744025  0.707209  0.251704  0.142185  0.743214  0.480926  0.565616  0.401983  0.714081  0.658905  0.872424  0.795180  0.447063  0.770721  0.615452  0.951746  0.494330  0.193370  0.336315  0.537593  0.661503  0.589739  0.371155  0.124111  0.329149  0.332858  0.691978 0.0  0.895242  0.589028  0.822095 
42  0.742277  0.209962  0.635195  0.416233  0.247968  0.316461  0.282669  0.891933  0.256842  0.632445  0.803038  0.469453  0.757521  0.495471  0.168994  0.319022  0.645001  0.914428  0.079292  0.611748  0.699977  0.469429  0.002775  0.261996  0.477593  0.312685  0.536770  0.247340  0.620760  0.179187  0.711808  0.854239  0.732923  0.754761  0.317887  0.415271  0.799355  0.907118  0.855242  0.818116  0.288201  0.895242 0.0  0.516239  0.027002 
43  0.802830  0.353606  0.815420  0.180159  0.264743  0.238328  0.022476  0.544012  0.187977  0.942889  0.759117  0.303150  0.770718  0.211773  0.349549  0.316949  0.699986  0.652933  0.384544  0.913769  0.572852  0.500498  0.304506  0.234058  0.519295  0.304442  0.544858  0.283209  0.229319  0.295948  0.303937  0.618109  0.737952  0.593092  0.208409  0.222214  0.803703  0.564997  0.836666  0.640419  0.246477  0.589028  0.516239 0.0  0.384033 
44  0.781328  0.091620  0.457950  0.390555  0.315075  0.358691  0.382341  0.723484  0.217027  0.493461  0.781758  0.605022  0.894190  0.383376  0.260949  0.318971  0.686277  0.681860  0.082365  0.415937  0.646365  0.482172  0.095074  0.361675  0.428033  0.360870  0.424153  0.354593  0.419532  0.126543  0.517957  0.720862  0.743257  0.614568  0.289965  0.332516  0.789254  0.740702  0.792065  0.722218  0.276456  0.822095  0.027002  0.384033 0.0 
