45
0 0.0  0.303669  0.411880  0.297260  0.572986  0.857909  0.188721  0.526179  0.185443  0.726265  0.648409  0.305674  0.189777  0.375426  0.609515  0.121876  0.543601  0.865885  0.505326  0.722571  0.299209  0.263974  0.842881  0.193118  0.571534  0.827990  0.228355  0.363775  1.000000  0.412797  0.632453  0.460069  0.494979  0.725412  0.909666  0.813287  0.248062  0.895171  0.347932  0.247261  0.226677  0.034934  0.108413  0.327491  0.766127 
1  0.303669 0.0  0.301649  0.244779  0.192968  0.773576  0.275948  0.496327  0.263855  0.720602  0.790324  0.290378  0.273367  0.223866  0.801683  0.313925  0.258719  0.649044  0.413012  0.783234  0.157850  0.293162  0.718154  0.212161  0.657546  0.736209  0.337450  0.236239  0.687889  0.423982  0.685351  0.197578  0.308506  0.730425  0.708441  0.697033  0.162652  0.646446  0.303476  0.264007  0.213080  0.306228  0.296522  0.317868  0.646032 
2  0.411880  0.301649 0.0  0.356905  0.363782  0.706513  0.348076  0.266197  0.359971  0.596383  0.795422  0.184933  0.239736  0.110519  0.730822  0.323557  0.324433  0.716554  0.354377  0.421464  0.114623  0.247883  0.509735  0.338066  0.687768  0.542519  0.446772  0.488983  0.725727  0.518732  0.819555  0.293831  0.257522  0.703629  0.829189  0.476040  0.272246  0.773072  0.105409  0.351258  0.330642  0.356630  0.302066  0.282219  0.612027 
3  0.297260  0.244779  0.356905 0.0  0.103963  0.534608  0.261855  0.501960  0.284538  0.717875  0.792107  0.232043  0.388797  0.337900  0.767069  0.362084  0.077574  0.512557  0.582535  0.710073  0.257482  0.306158  0.657164  0.273547  0.598362  0.793022  0.459755  0.057130  0.470237  0.600898  0.764820  0.126443  0.101831  0.770825  0.441741  0.655217  0.355304  0.466846  0.328576  0.321755  0.234281  0.309599  0.331529  0.008188  0.851529 
4  0.572986  0.192968  0.363782  0.103963 0.0  0.553505  0.242096  0.444177  0.475655  0.702252  0.846209  0.273838  0.473274  0.395622  0.896685  0.363417  0.132963  0.586752  0.616355  0.724556  0.363924  0.309680  0.687013  0.458745  0.889805  0.858126  0.433977  0.099855  0.593031  0.573794  0.895913  0.190295  0.222782  0.730008  0.623493  0.702606  0.392652  0.652908  0.306831  0.442113  0.552196  0.326128  0.496229  0.106281  0.885895 
5  0.857909  0.773576  0.706513  0.534608  0.553505 0.0  0.726399  0.670346  0.898744  0.785479  0.417917  0.676007  0.809175  0.763562  0.387371  0.801696  0.556283  0.241492  0.608662  0.341871  0.663298  0.704057  0.253880  0.799088  0.483240  0.414595  0.906854  0.568980  0.220445  0.665310  0.791167  0.590033  0.576279  0.459770  0.740401  0.305385  0.848422  0.217541  0.724482  0.954656  0.805042  0.802743  0.937241  0.495017  0.358981 
6  0.188721  0.275948  0.348076  0.261855  0.242096  0.726399 0.0  0.530025  0.313906  0.626839  0.646013  0.329251  0.342853  0.311352  0.706837  0.140482  0.150871  0.740272  0.521166  0.724401  0.341555  0.277562  0.675033  0.266101  0.709506  0.763628  0.329730  0.248788  0.632772  0.486729  0.686246  0.379493  0.207970  0.693951  0.579681  0.549394  0.343677  0.569262  0.276155  0.156304  0.239647  0.308915  0.300494  0.271307  0.674779 
7  0.526179  0.496327  0.266197  0.501960  0.444177  0.670346  0.530025 0.0  0.564277  0.351826  0.615259  0.483814  0.599975  0.356563  0.521746  0.597192  0.630919  0.604837  0.304489  0.394719  0.365158  0.336870  0.348585  0.589262  0.572953  0.301551  0.559530  0.583978  0.527668  0.730610  0.650585  0.616371  0.620365  0.325836  0.568132  0.349983  0.680013  0.663678  0.349853  0.695542  0.630997  0.569281  0.652794  0.511613  0.342343 
8  0.185443  0.263855  0.359971  0.284538  0.475655  0.898744  0.313906  0.564277 0.0  0.751193  0.606512  0.223827  0.255764  0.435135  0.547140  0.101728  0.438394  0.850209  0.529418  0.694291  0.321888  0.164235  0.772912  0.261519  0.574644  0.787118  0.207243  0.230466  0.886833  0.442975  0.580414  0.446172  0.499447  0.765229  0.850834  0.717033  0.157869  0.800815  0.331906  0.247834  0.245663  0.046133  0.238460  0.401072  0.823090 
9  0.726265  0.720602  0.596383  0.717875  0.702252  0.785479  0.626839  0.351826  0.751193 0.0  0.785644  0.649314  0.890681  0.536145  0.768236  0.745573  0.778770  0.866370  0.361935  0.537307  0.460914  0.701684  0.507848  0.705374  0.831416  0.653770  0.811607  0.860025  0.850695  0.703895  0.448105  0.787357  0.909000  0.422288  0.396819  0.544770  0.744734  0.821790  0.433981  0.953573  0.812421  0.752256  0.753010  0.799574  0.556516 
10  0.648409  0.790324  0.795422  0.792107  0.846209  0.417917  0.646013  0.615259  0.606512  0.785644 0.0  0.701427  0.641853  0.825484  0.074964  0.489909  0.765741  0.541766  0.553353  0.306552  0.726197  0.727670  0.255543  0.599738  0.210442  0.310444  0.623540  0.720163  0.428072  0.347698  0.609427  0.835312  0.878031  0.333139  0.808456  0.330547  0.652145  0.508377  0.797862  0.601054  0.633652  0.428246  0.520427  0.817575  0.280825 
11  0.305674  0.290378  0.184933  0.232043  0.273838  0.676007  0.329251  0.483814  0.223827  0.649314  0.701427 0.0  0.295189  0.356834  0.698242  0.166782  0.327098  0.539463  0.510809  0.692314  0.211293  0.333631  0.662405  0.242354  0.681578  0.698331  0.125368  0.337434  0.739288  0.435102  0.656730  0.208416  0.290867  0.732388  0.599413  0.589492  0.201383  0.668767  0.224912  0.297014  0.209570  0.199632  0.260056  0.210256  0.645618 
12  0.189777  0.273367  0.239736  0.388797  0.473274  0.809175  0.342853  0.599975  0.255764  0.890681  0.641853  0.295189 0.0  0.412839  0.621480  0.083803  0.432688  0.874470  0.600993  0.689668  0.321094  0.312125  0.787195  0.293190  0.613798  0.776535  0.216051  0.348773  0.808394  0.355181  0.607644  0.540210  0.415897  0.830570  0.938229  0.659356  0.130338  0.909312  0.325931  0.154977  0.149730  0.000000  0.159688  0.351805  0.773291 
13  0.375426  0.223866  0.110519  0.337900  0.395622  0.763562  0.311352  0.356563  0.435135  0.536145  0.825484  0.356834  0.412839 0.0  0.841168  0.387173  0.344223  0.784632  0.411813  0.542569  0.092622  0.319957  0.604877  0.401815  0.689586  0.530239  0.474487  0.456048  0.831765  0.556253  0.855949  0.325577  0.350634  0.516732  0.748298  0.546457  0.446820  0.945829  0.165328  0.553979  0.436113  0.411316  0.417879  0.348815  0.385352 
14  0.609515  0.801683  0.730822  0.767069  0.896685  0.387371  0.706837  0.521746  0.547140  0.768236  0.074964  0.698242  0.621480  0.841168 0.0  0.484895  0.828880  0.460964  0.691972  0.290559  0.753894  0.635836  0.362476  0.645837  0.125373  0.299176  0.623719  0.725384  0.496739  0.342701  0.606927  0.866148  0.874789  0.355911  0.874525  0.424948  0.660264  0.478086  0.678872  0.597833  0.597888  0.411342  0.577249  0.612378  0.321382 
15  0.121876  0.313925  0.323557  0.362084  0.363417  0.801696  0.140482  0.597192  0.101728  0.745573  0.489909  0.166782  0.083803  0.387173  0.484895 0.0  0.411005  0.760530  0.571935  0.671246  0.323114  0.299337  0.775119  0.123587  0.540565  0.667763  0.157038  0.322868  0.636926  0.328592  0.438133  0.327385  0.398214  0.845478  0.809373  0.814965  0.110409  0.779487  0.305258  0.034864  0.166587  0.116459  0.000000  0.437780  0.717621 
16  0.543601  0.258719  0.324433  0.077574  0.132963  0.556283  0.150871  0.630919  0.438394  0.778770  0.765741  0.327098  0.432688  0.344223  0.828880  0.411005 0.0  0.652695  0.711493  0.835811  0.444939  0.337076  0.809779  0.459294  0.789584  0.848358  0.516481  0.084834  0.641856  0.647588  0.770962  0.192728  0.286716  0.841846  0.580698  0.761596  0.415935  0.689493  0.371352  0.435125  0.464889  0.372603  0.472062  0.034685  0.777917 
17  0.865885  0.649044  0.716554  0.512557  0.586752  0.241492  0.740272  0.604837  0.850209  0.866370  0.541766  0.539463  0.874470  0.784632  0.460964  0.760530  0.652695 0.0  0.572516  0.287311  0.827676  0.594303  0.425806  0.824648  0.537512  0.433397  0.845596  0.563299  0.209605  0.704621  0.807553  0.615819  0.664641  0.500324  0.528825  0.432242  0.903013  0.173647  0.700583  0.964069  0.783170  0.795263  0.917082  0.351054  0.446134 
18  0.505326  0.413012  0.354377  0.582535  0.616355  0.608662  0.521166  0.304489  0.529418  0.361935  0.553353  0.510809  0.600993  0.411813  0.691972  0.571935  0.711493  0.572516 0.0  0.292750  0.302261  0.528120  0.371289  0.634394  0.565383  0.319882  0.529684  0.584846  0.564300  0.466642  0.579605  0.673129  0.486839  0.410692  0.563170  0.249573  0.600665  0.688580  0.275471  0.532256  0.656985  0.576921  0.712114  0.574593  0.371982 
19  0.722571  0.783234  0.421464  0.710073  0.724556  0.341871  0.724401  0.394719  0.694291  0.537307  0.306552  0.692314  0.689668  0.542569  0.290559  0.671246  0.835811  0.287311  0.292750 0.0  0.343865  0.702505  0.200572  0.650509  0.328978  0.155299  0.739205  0.705208  0.354909  0.585677  0.771051  0.773675  0.675826  0.123923  0.748993  0.154759  0.643074  0.237140  0.638916  0.760158  0.881397  0.772630  0.771174  0.828531  0.134052 
20  0.299209  0.157850  0.114623  0.257482  0.363924  0.663298  0.341555  0.365158  0.321888  0.460914  0.726197  0.211293  0.321094  0.092622  0.753894  0.323114  0.444939  0.827676  0.302261  0.343865 0.0  0.356438  0.454164  0.433118  0.759528  0.510455  0.385874  0.395319  0.644589  0.671849  0.783311  0.357063  0.367865  0.402279  0.660131  0.374386  0.316350  0.788146  0.113959  0.362054  0.294279  0.334758  0.221767  0.305090  0.547136 
21  0.263974  0.293162  0.247883  0.306158  0.309680  0.704057  0.277562  0.336870  0.164235  0.701684  0.727670  0.333631  0.312125  0.319957  0.635836  0.299337  0.337076  0.594303  0.528120  0.702505  0.356438 0.0  0.718081  0.266964  0.598606  0.763371  0.252126  0.370898  0.614549  0.535852  0.653174  0.280133  0.238595  0.614120  0.697378  0.603637  0.410885  0.666295  0.308960  0.130000  0.192367  0.155941  0.247307  0.181153  0.711372 
22  0.842881  0.718154  0.509735  0.657164  0.687013  0.253880  0.675033  0.348585  0.772912  0.507848  0.255543  0.662405  0.787195  0.604877  0.362476  0.775119  0.809779  0.425806  0.371289  0.200572  0.454164  0.718081 0.0  0.757837  0.383308  0.163326  0.710529  0.691182  0.214444  0.487306  0.799363  0.780414  0.809924  0.129225  0.772419  0.168978  0.773601  0.299352  0.543241  0.739667  0.792874  0.748909  0.705469  0.857987  0.179017 
23  0.193118  0.212161  0.338066  0.273547  0.458745  0.799088  0.266101  0.589262  0.261519  0.705374  0.599738  0.242354  0.293190  0.401815  0.645837  0.123587  0.459294  0.824648  0.634394  0.650509  0.433118  0.266964  0.757837 0.0  0.550205  0.771195  0.321354  0.405158  0.890806  0.423743  0.641588  0.499046  0.406439  0.790184  0.873780  0.718869  0.270299  0.798621  0.331235  0.160882  0.079872  0.103034  0.216259  0.390797  0.786830 
24  0.571534  0.657546  0.687768  0.598362  0.889805  0.483240  0.709506  0.572953  0.574644  0.831416  0.210442  0.681578  0.613798  0.689586  0.125373  0.540565  0.789584  0.537512  0.565383  0.328978  0.759528  0.598606  0.383308  0.550205 0.0  0.414117  0.609621  0.768434  0.425006  0.438860  0.513290  0.926249  0.820473  0.397036  0.943365  0.308796  0.607061  0.447272  0.732881  0.662236  0.604171  0.468264  0.703537  0.735679  0.390408 
25  0.827990  0.736209  0.542519  0.793022  0.858126  0.414595  0.763628  0.301551  0.787118  0.653770  0.310444  0.698331  0.776535  0.530239  0.299176  0.667763  0.848358  0.433397  0.319882  0.155299  0.510455  0.763371  0.163326  0.771195  0.414117 0.0  0.774375  0.825682  0.403102  0.608926  0.821439  0.864001  0.843672  0.115656  0.785151  0.091094  0.833906  0.404038  0.461086  0.824447  0.756115  0.850962  0.747624  0.848515  0.226780 
26  0.228355  0.337450  0.446772  0.459755  0.433977  0.906854  0.329730  0.559530  0.207243  0.811607  0.623540  0.125368  0.216051  0.474487  0.623719  0.157038  0.516481  0.845596  0.529684  0.739205  0.385874  0.252126  0.710529  0.321354  0.609621  0.774375 0.0  0.369044  0.748634  0.391137  0.659317  0.470694  0.519624  0.795134  0.721774  0.715971  0.150968  0.903164  0.336914  0.186012  0.293290  0.089158  0.118852  0.324594  0.752449 
27  0.363775  0.236239  0.488983  0.057130  0.099855  0.568980  0.248788  0.583978  0.230466  0.860025  0.720163  0.337434  0.348773  0.456048  0.725384  0.322868  0.084834  0.563299  0.584846  0.705208  0.395319  0.370898  0.691182  0.405158  0.768434  0.825682  0.369044 0.0  0.408721  0.544314  0.755585  0.000000  0.000000  0.842297  0.542879  0.778680  0.449462  0.441539  0.272930  0.408755  0.364404  0.299482  0.331089  0.116392  0.905613 
28  1.000000  0.687889  0.725727  0.470237  0.593031  0.220445  0.632772  0.527668  0.886833  0.850695  0.428072  0.739288  0.808394  0.831765  0.496739  0.636926  0.641856  0.209605  0.564300  0.354909  0.644589  0.614549  0.214444  0.890806  0.425006  0.403102  0.748634  0.408721 0.0  0.717787  0.850653  0.664799  0.448431  0.362595  0.596440  0.346652  0.837395  0.250059  0.726293  0.855536  0.770003  0.783992  0.918318  0.448341  0.345609 
29  0.412797  0.423982  0.518732  0.600898  0.573794  0.665310  0.486729  0.730610  0.442975  0.703895  0.347698  0.435102  0.355181  0.556253  0.342701  0.328592  0.647588  0.704621  0.466642  0.585677  0.671849  0.535852  0.487306  0.423743  0.438860  0.608926  0.391137  0.544314  0.717787 0.0  0.350944  0.725751  0.644244  0.620577  0.665868  0.566637  0.394746  0.566895  0.578334  0.345181  0.444111  0.283082  0.360422  0.544125  0.655635 
30  0.632453  0.685351  0.819555  0.764820  0.895913  0.791167  0.686246  0.650585  0.580414  0.448105  0.609427  0.656730  0.607644  0.855949  0.606927  0.438133  0.770962  0.807553  0.579605  0.771051  0.783311  0.653174  0.799363  0.641588  0.513290  0.821439  0.659317  0.755585  0.850653  0.350944 0.0  0.908944  0.736707  0.790645  0.491292  0.596734  0.579699  0.710342  0.657285  0.660579  0.655936  0.537565  0.608949  0.676320  0.702553 
31  0.460069  0.197578  0.293831  0.126443  0.190295  0.590033  0.379493  0.616371  0.446172  0.787357  0.835312  0.208416  0.540210  0.325577  0.866148  0.327385  0.192728  0.615819  0.673129  0.773675  0.357063  0.280133  0.780414  0.499046  0.926249  0.864001  0.470694  0.000000  0.664799  0.725751  0.908944 0.0  0.233716  0.742428  0.655196  0.713895  0.556852  0.588046  0.335578  0.462015  0.426918  0.294811  0.403440  0.029765  0.693105 
32  0.494979  0.308506  0.257522  0.101831  0.222782  0.576279  0.207970  0.620365  0.499447  0.909000  0.878031  0.290867  0.415897  0.350634  0.874789  0.398214  0.286716  0.664641  0.486839  0.675826  0.367865  0.238595  0.809924  0.406439  0.820473  0.843672  0.519624  0.000000  0.448431  0.644244  0.736707  0.233716 0.0  0.828222  0.528643  0.779574  0.558872  0.607505  0.330712  0.443911  0.483318  0.365560  0.446342  0.091459  0.813465 
33  0.725412  0.730425  0.703629  0.770825  0.730008  0.459770  0.693951  0.325836  0.765229  0.422288  0.333139  0.732388  0.830570  0.516732  0.355911  0.845478  0.841846  0.500324  0.410692  0.123923  0.402279  0.614120  0.129225  0.790184  0.397036  0.115656  0.795134  0.842297  0.362595  0.620577  0.790645  0.742428  0.828222 0.0  0.854367  0.115089  0.788367  0.395406  0.486434  0.714220  0.755270  0.837405  0.795321  0.836882  0.102066 
34  0.909666  0.708441  0.829189  0.441741  0.623493  0.740401  0.579681  0.568132  0.850834  0.396819  0.808456  0.599413  0.938229  0.748298  0.874525  0.809373  0.580698  0.528825  0.563170  0.748993  0.660131  0.697378  0.772419  0.873780  0.943365  0.785151  0.721774  0.542879  0.596440  0.665868  0.491292  0.655196  0.528643  0.854367 0.0  0.805764  0.888332  0.616680  0.721788  0.853269  0.871659  0.741177  0.867002  0.475795  0.816070 
35  0.813287  0.697033  0.476040  0.655217  0.702606  0.305385  0.549394  0.349983  0.717033  0.544770  0.330547  0.589492  0.659356  0.546457  0.424948  0.814965  0.761596  0.432242  0.249573  0.154759  0.374386  0.603637  0.168978  0.718869  0.308796  0.091094  0.715971  0.778680  0.346652  0.566637  0.596734  0.713895  0.779574  0.115089  0.805764 0.0  0.744473  0.319194  0.507245  0.725281  0.681131  0.759139  0.671675  0.875103  0.139519 
36  0.248062  0.162652  0.272246  0.355304  0.392652  0.848422  0.343677  0.680013  0.157869  0.744734  0.652145  0.201383  0.130338  0.446820  0.660264  0.110409  0.415935  0.903013  0.600665  0.643074  0.316350  0.410885  0.773601  0.270299  0.607061  0.833906  0.150968  0.449462  0.837395  0.394746  0.579699  0.556852  0.558872  0.788367  0.888332  0.744473 0.0  0.790020  0.350830  0.280475  0.131759  0.027236  0.135453  0.328600  0.764082 
37  0.895171  0.646446  0.773072  0.466846  0.652908  0.217541  0.569262  0.663678  0.800815  0.821790  0.508377  0.668767  0.909312  0.945829  0.478086  0.779487  0.689493  0.173647  0.688580  0.237140  0.788146  0.666295  0.299352  0.798621  0.447272  0.404038  0.903164  0.441539  0.250059  0.566895  0.710342  0.588046  0.607505  0.395406  0.616680  0.319194  0.790020 0.0  0.767802  0.835836  0.908564  0.770206  0.932765  0.547239  0.449179 
38  0.347932  0.303476  0.105409  0.328576  0.306831  0.724482  0.276155  0.349853  0.331906  0.433981  0.797862  0.224912  0.325931  0.165328  0.678872  0.305258  0.371352  0.700583  0.275471  0.638916  0.113959  0.308960  0.543241  0.331235  0.732881  0.461086  0.336914  0.272930  0.726293  0.578334  0.657285  0.335578  0.330712  0.486434  0.721788  0.507245  0.350830  0.767802 0.0  0.410946  0.422700  0.275289  0.367199  0.407836  0.546404 
39  0.247261  0.264007  0.351258  0.321755  0.442113  0.954656  0.156304  0.695542  0.247834  0.953573  0.601054  0.297014  0.154977  0.553979  0.597833  0.034864  0.435125  0.964069  0.532256  0.760158  0.362054  0.130000  0.739667  0.160882  0.662236  0.824447  0.186012  0.408755  0.855536  0.345181  0.660579  0.462015  0.443911  0.714220  0.853269  0.725281  0.280475  0.835836  0.410946 0.0  0.179267  0.157500  0.240112  0.381579  0.788127 
40  0.226677  0.213080  0.330642  0.234281  0.552196  0.805042  0.239647  0.630997  0.245663  0.812421  0.633652  0.209570  0.149730  0.436113  0.597888  0.166587  0.464889  0.783170  0.656985  0.881397  0.294279  0.192367  0.792874  0.079872  0.604171  0.756115  0.293290  0.364404  0.770003  0.444111  0.655936  0.426918  0.483318  0.755270  0.871659  0.681131  0.131759  0.908564  0.422700  0.179267 0.0  0.114459  0.250507  0.294148  0.851586 
41  0.034934  0.306228  0.356630  0.309599  0.326128  0.802743  0.308915  0.569281  0.046133  0.752256  0.428246  0.199632  0.000000  0.411316  0.411342  0.116459  0.372603  0.795263  0.576921  0.772630  0.334758  0.155941  0.748909  0.103034  0.468264  0.850962  0.089158  0.299482  0.783992  0.283082  0.537565  0.294811  0.365560  0.837405  0.741177  0.759139  0.027236  0.770206  0.275289  0.157500  0.114459 0.0  0.050958  0.395281  0.770673 
42  0.108413  0.296522  0.302066  0.331529  0.496229  0.937241  0.300494  0.652794  0.238460  0.753010  0.520427  0.260056  0.159688  0.417879  0.577249  0.000000  0.472062  0.917082  0.712114  0.771174  0.221767  0.247307  0.705469  0.216259  0.703537  0.747624  0.118852  0.331089  0.918318  0.360422  0.608949  0.403440  0.446342  0.795321  0.867002  0.671675  0.135453  0.932765  0.367199  0.240112  0.250507  0.050958 0.0  0.320355  0.839409 
43  0.327491  0.317868  0.282219  0.008188  0.106281  0.495017  0.271307  0.511613  0.401072  0.799574  0.817575  0.210256  0.351805  0.348815  0.612378  0.437780  0.034685  0.351054  0.574593  0.828531  0.305090  0.181153  0.857987  0.390797  0.735679  0.848515  0.324594  0.116392  0.448341  0.544125  0.676320  0.029765  0.091459  0.836882  0.475795  0.875103  0.328600  0.547239  0.407836  0.381579  0.294148  0.395281  0.320355 0.0  0.803478 
44  0.766127  0.646032  0.612027  0.851529  0.885895  0.358981  0.674779  0.342343  0.823090  0.556516  0.280825  0.645618  0.773291  0.385352  0.321382  0.717621  0.777917  0.446134  0.371982  0.134052  0.547136  0.711372  0.179017  0.786830  0.390408  0.226780  0.752449  0.905613  0.345609  0.655635  0.702553  0.693105  0.813465  0.102066  0.816070  0.139519  0.764082  0.449179  0.546404  0.788127  0.851586  0.770673  0.839409  0.803478 0.0 
