45
0 0.0  0.623693  0.344901  0.644387  0.272325  0.582466  0.305131  0.180969  0.224401  0.285249  0.239836  0.572459  0.236583  0.681340  0.234972  0.367067  0.644529  0.649959  0.582743  0.238941  0.377546  0.177014  0.245410  0.256889  0.240055  0.367422  0.673436  0.613916  0.237049  0.402429  0.280177  0.805254  0.208184  0.260074  0.619947  0.325197  0.310430  0.224363  0.475119  0.771956  0.530480  0.252099  0.756919  0.699519  0.344584 
1  0.623693 0.0  0.780408  0.329528  0.832118  0.867948  0.842298  0.887878  0.721985  0.817400  0.818465  0.474199  0.904271  0.333321  0.730996  0.492880  0.725927  0.366487  0.491604  0.829012  0.448151  0.622314  0.559088  0.870820  0.792077  0.574960  0.245985  0.885843  0.703581  0.673415  0.742189  0.361185  0.816117  0.708162  0.510405  0.851418  0.678498  0.552544  0.720675  0.382862  0.580610  0.603681  0.140571  0.363001  0.825064 
2  0.344901  0.780408 0.0  0.877691  0.079048  0.437846  0.000000  0.380332  0.163790  0.370207  0.258167  0.497795  0.114906  0.416349  0.225344  0.362417  0.588468  0.467716  0.698533  0.112576  0.556850  0.505782  0.267932  0.317842  0.062254  0.450770  0.670288  0.488923  0.362871  0.550406  0.037390  0.472727  0.091776  0.164493  0.792933  0.043821  0.168001  0.455382  0.581205  0.426847  0.626618  0.272450  0.721493  0.688573  0.438859 
3  0.644387  0.329528  0.877691 0.0  0.815916  0.791675  0.763447  0.626996  0.780177  0.687239  0.603438  0.638993  0.882138  0.377634  0.669917  0.799031  0.539052  0.437658  0.174308  0.943511  0.345936  0.817935  0.780385  0.642492  0.927908  0.701600  0.287103  0.899673  0.436731  0.325837  0.911902  0.395581  0.812482  0.628066  0.723020  0.723018  0.690785  0.794620  0.197832  0.518264  0.390445  0.596658  0.267995  0.247419  0.505305 
4  0.272325  0.832118  0.079048  0.815916 0.0  0.532115  0.139372  0.357727  0.043851  0.390120  0.467820  0.541086  0.084522  0.566226  0.448819  0.471144  0.807243  0.598184  0.816601  0.026605  0.361210  0.502908  0.389456  0.472783  0.258504  0.380096  0.846261  0.497504  0.433867  0.545801  0.129602  0.568829  0.135414  0.338420  0.850605  0.206053  0.255613  0.395789  0.640641  0.493898  0.666262  0.192035  0.841050  0.866871  0.381226 
5  0.582466  0.867948  0.437846  0.791675  0.532115 0.0  0.464874  0.744903  0.541892  0.730225  0.769740  0.404331  0.494466  0.454462  0.722816  0.789057  0.384849  0.400310  0.810865  0.453173  0.511436  0.716050  0.913943  0.801361  0.475989  0.902432  0.892893  0.102573  0.742523  0.607721  0.385875  0.559308  0.472097  0.632709  0.259102  0.552390  0.661045  0.784089  0.491599  0.449185  0.537453  0.710331  0.771767  0.861823  0.728066 
6  0.305131  0.842298  0.000000  0.763447  0.139372  0.464874 0.0  0.402079  0.079038  0.491053  0.383481  0.381937  0.200179  0.713992  0.427997  0.357471  0.981373  0.529786  0.867405  0.269776  0.455493  0.402008  0.341192  0.469448  0.287545  0.255795  0.774092  0.559035  0.310697  0.640498  0.203144  0.574682  0.022867  0.287360  0.726919  0.000000  0.297330  0.278992  0.551319  0.702208  0.633915  0.178080  0.644759  0.867979  0.467256 
7  0.180969  0.887878  0.380332  0.626996  0.357727  0.744903  0.402079 0.0  0.480993  0.316825  0.194301  0.465983  0.356812  0.878017  0.162977  0.344933  0.632767  0.881033  0.596942  0.394835  0.505157  0.470886  0.299168  0.181731  0.482191  0.304149  0.778509  0.862263  0.112597  0.439455  0.551077  0.931509  0.284274  0.263858  0.744084  0.346201  0.291088  0.473698  0.211249  0.854485  0.314706  0.189574  0.746739  0.439715  0.099216 
8  0.224401  0.721985  0.163790  0.780177  0.043851  0.541892  0.079038  0.480993 0.0  0.348367  0.457943  0.447451  0.184366  0.518568  0.438251  0.360663  0.949115  0.541226  0.834233  0.205726  0.429955  0.393831  0.338465  0.505155  0.213064  0.384287  0.805955  0.633544  0.380093  0.708645  0.263240  0.648449  0.024826  0.299039  0.811837  0.027614  0.245713  0.397305  0.613660  0.576020  0.620172  0.401925  0.814545  0.821400  0.278353 
9  0.285249  0.817400  0.370207  0.687239  0.390120  0.730225  0.491053  0.316825  0.348367 0.0  0.246482  0.518894  0.469158  0.954611  0.102028  0.356394  0.601881  0.805718  0.602204  0.607189  0.481397  0.413150  0.276532  0.082303  0.455957  0.366050  0.827100  0.909625  0.058769  0.353927  0.426845  0.839186  0.264817  0.224839  0.837921  0.306841  0.179984  0.250087  0.328177  0.798580  0.367486  0.266727  0.833784  0.513990  0.095868 
10  0.239836  0.818465  0.258167  0.603438  0.467820  0.769740  0.383481  0.194301  0.457943  0.246482 0.0  0.395631  0.489565  0.846418  0.200310  0.412562  0.673788  0.823090  0.665743  0.477652  0.374417  0.477300  0.417305  0.084688  0.383455  0.271670  0.748701  0.844690  0.046473  0.362865  0.503896  0.834676  0.287523  0.290207  0.903297  0.302058  0.355718  0.420176  0.422685  0.831059  0.328182  0.274925  0.753756  0.580612  0.000000 
11  0.572459  0.474199  0.497795  0.638993  0.541086  0.404331  0.381937  0.465983  0.447451  0.518894  0.395631 0.0  0.528714  0.521814  0.504786  0.463135  0.399277  0.362730  0.433966  0.428617  0.448745  0.494001  0.510620  0.460048  0.499170  0.511942  0.563602  0.398526  0.395621  0.424439  0.423924  0.353409  0.620790  0.511470  0.467457  0.486753  0.528284  0.454115  0.468284  0.422310  0.529257  0.406319  0.453953  0.386991  0.385293 
12  0.236583  0.904271  0.114906  0.882138  0.084522  0.494466  0.200179  0.356812  0.184366  0.469158  0.489565  0.528714 0.0  0.575819  0.487135  0.416188  0.833582  0.510289  0.954779  0.244175  0.555675  0.419957  0.406737  0.399821  0.353324  0.298036  0.675542  0.560873  0.376348  0.688030  0.239776  0.623674  0.025653  0.257468  0.866455  0.087724  0.336147  0.448622  0.572422  0.617240  0.668756  0.277243  0.809797  0.903557  0.398761 
13  0.681340  0.333321  0.416349  0.377634  0.566226  0.454462  0.713992  0.878017  0.518568  0.954611  0.846418  0.521814  0.575819 0.0  0.881735  0.829505  0.839089  0.248773  0.542215  0.609171  0.525725  0.856246  0.685728  0.961309  0.574208  0.704010  0.338165  0.659075  0.802503  0.703294  0.595032  0.179945  0.464591  0.608948  0.821357  0.549518  0.798155  0.691377  0.513090  0.331144  0.745521  0.743093  0.352695  0.413324  0.710588 
14  0.234972  0.730996  0.225344  0.669917  0.448819  0.722816  0.427997  0.162977  0.438251  0.102028  0.200310  0.504786  0.487135  0.881735 0.0  0.472488  0.647813  0.830554  0.567633  0.377179  0.490960  0.443383  0.327576  0.180054  0.514174  0.367487  0.741036  0.877745  0.094524  0.348322  0.414449  1.000000  0.423075  0.258484  0.773162  0.385846  0.306830  0.358280  0.294468  0.867047  0.488805  0.185920  0.791713  0.594829  0.136177 
15  0.367067  0.492880  0.362417  0.799031  0.471144  0.789057  0.357471  0.344933  0.360663  0.356394  0.412562  0.463135  0.416188  0.829505  0.472488 0.0  0.843120  0.801622  0.770218  0.393959  0.567755  0.063099  0.196946  0.318827  0.405442  0.066757  0.558756  0.734475  0.406270  0.661719  0.378767  0.738536  0.353253  0.278976  0.552556  0.392603  0.263069  0.067991  0.684216  0.821070  0.593667  0.256413  0.563313  0.891846  0.314767 
16  0.644529  0.725927  0.588468  0.539052  0.807243  0.384849  0.981373  0.632767  0.949115  0.601881  0.673788  0.399277  0.833582  0.839089  0.647813  0.843120 0.0  0.894603  0.661387  0.941530  0.484262  0.933448  0.740750  0.697025  0.856960  0.741711  0.857862  0.460689  0.535715  0.450209  0.957885  0.805380  0.628733  0.654641  0.443345  0.708583  0.637093  0.704947  0.286343  0.921447  0.394460  0.700126  0.669773  0.702904  0.494780 
17  0.649959  0.366487  0.467716  0.437658  0.598184  0.400310  0.529786  0.881033  0.541226  0.805718  0.823090  0.362730  0.510289  0.248773  0.830554  0.801622  0.894603 0.0  0.411164  0.701125  0.480399  0.768972  0.744205  0.757986  0.735072  0.778220  0.300278  0.519828  0.706874  0.608748  0.580630  0.232432  0.504027  0.560273  0.851992  0.327371  0.658125  0.887492  0.521637  0.205414  0.502999  0.642261  0.445820  0.455278  0.728061 
18  0.582743  0.491604  0.698533  0.174308  0.816601  0.810865  0.867405  0.596942  0.834233  0.602204  0.665743  0.433966  0.954779  0.542215  0.567633  0.770218  0.661387  0.411164 0.0  0.929548  0.482746  0.756916  0.743847  0.621369  0.940177  0.736457  0.357267  0.771919  0.458100  0.465825  0.837212  0.477868  0.820424  0.731994  0.737681  0.731196  0.653409  0.680222  0.289835  0.544142  0.461591  0.675149  0.309751  0.180079  0.447092 
19  0.238941  0.829012  0.112576  0.943511  0.026605  0.453173  0.269776  0.394835  0.205726  0.607189  0.477652  0.428617  0.244175  0.609171  0.377179  0.393959  0.941530  0.701125  0.929548 0.0  0.390064  0.342022  0.273733  0.386077  0.152125  0.397530  0.816649  0.667007  0.347147  0.666164  0.210664  0.647770  0.123341  0.256084  0.774647  0.051818  0.177221  0.476368  0.570059  0.592678  0.606300  0.292673  0.738286  0.897715  0.334370 
20  0.377546  0.448151  0.556850  0.345936  0.361210  0.511436  0.455493  0.505157  0.429955  0.481397  0.374417  0.448745  0.555675  0.525725  0.490960  0.567755  0.484262  0.480399  0.482746  0.390064 0.0  0.480562  0.441767  0.469990  0.392551  0.519478  0.385426  0.485388  0.601934  0.367113  0.481279  0.545307  0.513186  0.505069  0.460329  0.465048  0.415282  0.492551  0.548440  0.437565  0.445973  0.455373  0.491857  0.461319  0.538211 
21  0.177014  0.622314  0.505782  0.817935  0.502908  0.716050  0.402008  0.470886  0.393831  0.413150  0.477300  0.494001  0.419957  0.856246  0.443383  0.063099  0.933448  0.768972  0.756916  0.342022  0.480562 0.0  0.055445  0.452550  0.406357  0.181136  0.620133  0.751906  0.357774  0.599719  0.288630  0.992182  0.339428  0.267049  0.486558  0.478283  0.219217  0.062600  0.695318  0.835029  0.612667  0.364523  0.503005  0.702755  0.309850 
22  0.245410  0.559088  0.267932  0.780385  0.389456  0.913943  0.341192  0.299168  0.338465  0.276532  0.417305  0.510620  0.406737  0.685728  0.327576  0.196946  0.740750  0.744205  0.743847  0.273733  0.441767  0.055445 0.0  0.303267  0.309738  0.064806  0.544917  0.726049  0.434297  0.542783  0.365824  0.654199  0.310129  0.224024  0.547450  0.496550  0.271977  0.096452  0.586341  0.808509  0.591598  0.269574  0.452177  0.778757  0.330799 
23  0.256889  0.870820  0.317842  0.642492  0.472783  0.801361  0.469448  0.181731  0.505155  0.082303  0.084688  0.460048  0.399821  0.961309  0.180054  0.318827  0.697025  0.757986  0.621369  0.386077  0.469990  0.452550  0.303267 0.0  0.492206  0.288752  0.774439  0.783536  0.106778  0.416870  0.402472  0.810679  0.390448  0.304298  0.666758  0.337542  0.159581  0.471247  0.329262  0.805038  0.397685  0.268018  0.747399  0.574731  0.125420 
24  0.240055  0.792077  0.062254  0.927908  0.258504  0.475989  0.287545  0.482191  0.213064  0.455957  0.383455  0.499170  0.353324  0.574208  0.514174  0.405442  0.856960  0.735072  0.940177  0.152125  0.392551  0.406357  0.309738  0.492206 0.0  0.305346  0.739445  0.660206  0.449822  0.659602  0.272312  0.452526  0.000000  0.339621  0.795447  0.000000  0.272844  0.487666  0.529245  0.547302  0.692715  0.258241  0.821727  0.872240  0.402093 
25  0.367422  0.574960  0.450770  0.701600  0.380096  0.902432  0.255795  0.304149  0.384287  0.366050  0.271670  0.511942  0.298036  0.704010  0.367487  0.066757  0.741711  0.778220  0.736457  0.397530  0.519478  0.181136  0.064806  0.288752  0.305346 0.0  0.532651  0.687535  0.446849  0.616405  0.370305  0.701139  0.404123  0.233343  0.540044  0.360169  0.204082  0.082549  0.649778  0.760134  0.432480  0.337622  0.473243  0.735093  0.477848 
26  0.673436  0.245985  0.670288  0.287103  0.846261  0.892893  0.774092  0.778509  0.805955  0.827100  0.748701  0.563602  0.675542  0.338165  0.741036  0.558756  0.857862  0.300278  0.357267  0.816649  0.385426  0.620133  0.544917  0.774439  0.739445  0.532651 0.0  0.756700  0.711775  0.464057  0.751586  0.330649  0.722790  0.675912  0.405196  0.883458  0.639500  0.546212  0.606180  0.400979  0.492096  0.712767  0.129013  0.248942  0.648729 
27  0.613916  0.885843  0.488923  0.899673  0.497504  0.102573  0.559035  0.862263  0.633544  0.909625  0.844690  0.398526  0.560873  0.659075  0.877745  0.734475  0.460689  0.519828  0.771919  0.667007  0.485388  0.751906  0.726049  0.783536  0.660206  0.687535  0.756700 0.0  0.791600  0.709567  0.663167  0.603275  0.459480  0.590784  0.321795  0.512927  0.780499  0.836295  0.635865  0.672933  0.664340  0.776740  0.758721  0.793592  0.832532 
28  0.237049  0.703581  0.362871  0.436731  0.433867  0.742523  0.310697  0.112597  0.380093  0.058769  0.046473  0.395621  0.376348  0.802503  0.094524  0.406270  0.535715  0.706874  0.458100  0.347147  0.601934  0.357774  0.434297  0.106778  0.449822  0.446849  0.711775  0.791600 0.0  0.226359  0.332331  0.743839  0.415474  0.231568  0.747996  0.401174  0.256463  0.369902  0.440822  0.777367  0.239603  0.283616  0.724323  0.421412  0.252401 
29  0.402429  0.673415  0.550406  0.325837  0.545801  0.607721  0.640498  0.439455  0.708645  0.353927  0.362865  0.424439  0.688030  0.703294  0.348322  0.661719  0.450209  0.608748  0.465825  0.666164  0.367113  0.599719  0.542783  0.416870  0.659602  0.616405  0.464057  0.709567  0.226359 0.0  0.659184  0.588574  0.517690  0.458045  0.591179  0.559753  0.425461  0.610108  0.272216  0.663005  0.338676  0.477118  0.587169  0.434391  0.375454 
30  0.280177  0.742189  0.037390  0.911902  0.129602  0.385875  0.203144  0.551077  0.263240  0.426845  0.503896  0.423924  0.239776  0.595032  0.414449  0.378767  0.957885  0.580630  0.837212  0.210664  0.481279  0.288630  0.365824  0.402472  0.272312  0.370305  0.751586  0.663167  0.332331  0.659184 0.0  0.699299  0.097982  0.346348  0.750222  0.036579  0.265619  0.373522  0.411759  0.522674  0.725247  0.228563  0.731496  0.758651  0.434083 
31  0.805254  0.361185  0.472727  0.395581  0.568829  0.559308  0.574682  0.931509  0.648449  0.839186  0.834676  0.353409  0.623674  0.179945  1.000000  0.738536  0.805380  0.232432  0.477868  0.647770  0.545307  0.992182  0.654199  0.810679  0.452526  0.701139  0.330649  0.603275  0.743839  0.588574  0.699299 0.0  0.395256  0.753545  0.744553  0.484836  0.669735  0.798428  0.461169  0.112908  0.733520  0.679438  0.379344  0.439179  0.670364 
32  0.208184  0.816117  0.091776  0.812482  0.135414  0.472097  0.022867  0.284274  0.024826  0.264817  0.287523  0.620790  0.025653  0.464591  0.423075  0.353253  0.628733  0.504027  0.820424  0.123341  0.513186  0.339428  0.310129  0.390448  0.000000  0.404123  0.722790  0.459480  0.415474  0.517690  0.097982  0.395256 0.0  0.295511  0.809499  0.000000  0.217027  0.316562  0.509049  0.573451  0.488265  0.295356  0.872572  0.685092  0.349562 
33  0.260074  0.708162  0.164493  0.628066  0.338420  0.632709  0.287360  0.263858  0.299039  0.224839  0.290207  0.511470  0.257468  0.608948  0.258484  0.278976  0.654641  0.560273  0.731994  0.256084  0.505069  0.267049  0.224024  0.304298  0.339621  0.233343  0.675912  0.590784  0.231568  0.458045  0.346348  0.753545  0.295511 0.0  0.623736  0.155082  0.296227  0.324738  0.439989  0.705307  0.397637  0.229826  0.720939  0.623564  0.217592 
34  0.619947  0.510405  0.792933  0.723020  0.850605  0.259102  0.726919  0.744084  0.811837  0.837921  0.903297  0.467457  0.866455  0.821357  0.773162  0.552556  0.443345  0.851992  0.737681  0.774647  0.460329  0.486558  0.547450  0.666758  0.795447  0.540044  0.405196  0.321795  0.747996  0.591179  0.750222  0.744553  0.809499  0.623736 0.0  0.829509  0.663652  0.670042  0.582713  0.789968  0.657498  0.609903  0.452534  0.847500  0.845846 
35  0.325197  0.851418  0.043821  0.723018  0.206053  0.552390  0.000000  0.346201  0.027614  0.306841  0.302058  0.486753  0.087724  0.549518  0.385846  0.392603  0.708583  0.327371  0.731196  0.051818  0.465048  0.478283  0.496550  0.337542  0.000000  0.360169  0.883458  0.512927  0.401174  0.559753  0.036579  0.484836  0.000000  0.155082  0.829509 0.0  0.225767  0.502934  0.442777  0.397880  0.579199  0.292626  0.695412  0.839614  0.343808 
36  0.310430  0.678498  0.168001  0.690785  0.255613  0.661045  0.297330  0.291088  0.245713  0.179984  0.355718  0.528284  0.336147  0.798155  0.306830  0.263069  0.637093  0.658125  0.653409  0.177221  0.415282  0.219217  0.271977  0.159581  0.272844  0.204082  0.639500  0.780499  0.256463  0.425461  0.265619  0.669735  0.217027  0.296227  0.663652  0.225767 0.0  0.275107  0.437280  0.736698  0.490862  0.288251  0.712417  0.650044  0.292487 
37  0.224363  0.552544  0.455382  0.794620  0.395789  0.784089  0.278992  0.473698  0.397305  0.250087  0.420176  0.454115  0.448622  0.691377  0.358280  0.067991  0.704947  0.887492  0.680222  0.476368  0.492551  0.062600  0.096452  0.471247  0.487666  0.082549  0.546212  0.836295  0.369902  0.610108  0.373522  0.798428  0.316562  0.324738  0.670042  0.502934  0.275107 0.0  0.587248  0.826564  0.659200  0.215662  0.648214  0.793886  0.467981 
38  0.475119  0.720675  0.581205  0.197832  0.640641  0.491599  0.551319  0.211249  0.613660  0.328177  0.422685  0.468284  0.572422  0.513090  0.294468  0.684216  0.286343  0.521637  0.289835  0.570059  0.548440  0.695318  0.586341  0.329262  0.529245  0.649778  0.606180  0.635865  0.440822  0.272216  0.411759  0.461169  0.509049  0.439989  0.582713  0.442777  0.437280  0.587248 0.0  0.550498  0.347815  0.513454  0.567025  0.186698  0.372123 
39  0.771956  0.382862  0.426847  0.518264  0.493898  0.449185  0.702208  0.854485  0.576020  0.798580  0.831059  0.422310  0.617240  0.331144  0.867047  0.821070  0.921447  0.205414  0.544142  0.592678  0.437565  0.835029  0.808509  0.805038  0.547302  0.760134  0.400979  0.672933  0.777367  0.663005  0.522674  0.112908  0.573451  0.705307  0.789968  0.397880  0.736698  0.826564  0.550498 0.0  0.693506  0.697048  0.217023  0.368816  0.752186 
40  0.530480  0.580610  0.626618  0.390445  0.666262  0.537453  0.633915  0.314706  0.620172  0.367486  0.328182  0.529257  0.668756  0.745521  0.488805  0.593667  0.394460  0.502999  0.461591  0.606300  0.445973  0.612667  0.591598  0.397685  0.692715  0.432480  0.492096  0.664340  0.239603  0.338676  0.725247  0.733520  0.488265  0.397637  0.657498  0.579199  0.490862  0.659200  0.347815  0.693506 0.0  0.478938  0.549075  0.227747  0.314957 
41  0.252099  0.603681  0.272450  0.596658  0.192035  0.710331  0.178080  0.189574  0.401925  0.266727  0.274925  0.406319  0.277243  0.743093  0.185920  0.256413  0.700126  0.642261  0.675149  0.292673  0.455373  0.364523  0.269574  0.268018  0.258241  0.337622  0.712767  0.776740  0.283616  0.477118  0.228563  0.679438  0.295356  0.229826  0.609903  0.292626  0.288251  0.215662  0.513454  0.697048  0.478938 0.0  0.692121  0.698440  0.206786 
42  0.756919  0.140571  0.721493  0.267995  0.841050  0.771767  0.644759  0.746739  0.814545  0.833784  0.753756  0.453953  0.809797  0.352695  0.791713  0.563313  0.669773  0.445820  0.309751  0.738286  0.491857  0.503005  0.452177  0.747399  0.821727  0.473243  0.129013  0.758721  0.724323  0.587169  0.731496  0.379344  0.872572  0.720939  0.452534  0.695412  0.712417  0.648214  0.567025  0.217023  0.549075  0.692121 0.0  0.366089  0.711553 
43  0.699519  0.363001  0.688573  0.247419  0.866871  0.861823  0.867979  0.439715  0.821400  0.513990  0.580612  0.386991  0.903557  0.413324  0.594829  0.891846  0.702904  0.455278  0.180079  0.897715  0.461319  0.702755  0.778757  0.574731  0.872240  0.735093  0.248942  0.793592  0.421412  0.434391  0.758651  0.439179  0.685092  0.623564  0.847500  0.839614  0.650044  0.793886  0.186698  0.368816  0.227747  0.698440  0.366089 0.0  0.508975 
44  0.344584  0.825064  0.438859  0.505305  0.381226  0.728066  0.467256  0.099216  0.278353  0.095868  0.000000  0.385293  0.398761  0.710588  0.136177  0.314767  0.494780  0.728061  0.447092  0.334370  0.538211  0.309850  0.330799  0.125420  0.402093  0.477848  0.648729  0.832532  0.252401  0.375454  0.434083  0.670364  0.349562  0.217592  0.845846  0.343808  0.292487  0.467981  0.372123  0.752186  0.314957  0.206786  0.711553  0.508975 0.0 
