62
0 0.0  0.475077  0.253806  0.381512  0.443021  0.373836  0.442983  0.578200  0.379646  0.383581  0.817376  0.778206  0.231286  0.467662  0.169302  0.328232  0.083655  0.155488  0.105772  0.128984  0.563262  0.447365  0.490066  0.473258  0.462688  0.391141  0.246433  0.779445  0.191968  0.482379  0.455759  0.422668  0.366787  0.538477  0.336232  0.363801  0.440997  0.419802  0.425359  0.377998  0.445004  0.524052  0.484516  0.512785  0.203362  0.206056  0.549599  0.460106  0.404962  0.162574  0.518209  0.083655  0.121191  0.211287  0.561544  0.414369  0.171999  0.282686  0.794050  0.340557  0.087995  0.120511 
1  0.475077 0.0  0.403405  0.248161  0.638881  0.264879  0.315182  0.327265  0.292476  0.476829  0.564592  0.496942  0.635333  0.346109  0.505984  0.167806  0.436459  0.374469  0.286486  0.416854  0.552533  0.563896  0.494143  0.421840  0.095120  0.478138  0.611315  0.396130  0.317012  0.497083  0.456540  0.474346  0.470855  0.384262  0.562944  0.493548  0.497714  0.429609  0.443938  0.500872  0.455395  0.414566  0.083655  0.457663  0.489775  0.644116  0.596549  0.446767  0.437128  0.423012  0.491409  0.508212  0.433070  0.553517  0.490144  0.623767  0.327502  0.295628  0.620099  0.498289  0.384697  0.467924 
2  0.253806  0.403405 0.0  0.322878  0.458460  0.399058  0.474342  0.568535  0.143212  0.368532  0.739502  0.619088  0.249847  0.401359  0.151922  0.319611  0.242035  0.121794  0.112549  0.150315  0.486959  0.425475  0.490068  0.415260  0.355242  0.564945  0.360816  0.666382  0.083693  0.387133  0.562742  0.461338  0.434202  0.523364  0.372382  0.379713  0.384337  0.411282  0.395089  0.362525  0.472150  0.537824  0.480393  0.502305  0.083655  0.342264  0.513898  0.514588  0.401666  0.225513  0.487768  0.083655  0.083655  0.199672  0.555298  0.542020  0.185705  0.194406  0.802964  0.459505  0.083655  0.083655 
3  0.381512  0.248161  0.322878 0.0  0.552495  0.108997  0.128089  0.298323  0.172600  0.579007  0.690054  0.672418  0.501228  0.516871  0.229892  0.189842  0.450654  0.367313  0.321898  0.425749  0.493651  0.522205  0.699532  0.574526  0.180630  0.595202  0.670582  0.638469  0.277264  0.499674  0.496719  0.565214  0.572247  0.618873  0.500192  0.489783  0.695889  0.557373  0.595803  0.637297  0.502016  0.556670  0.199930  0.533371  0.280157  0.601935  0.577952  0.548185  0.608906  0.210059  0.579817  0.332410  0.387968  0.414113  0.683441  0.558098  0.187815  0.272429  0.616139  0.493213  0.329557  0.424318 
4  0.443021  0.638881  0.458460  0.552495 0.0  0.695007  0.770701  0.744549  0.539372  0.330845  0.491963  0.514642  0.470733  0.149210  0.427529  0.556658  0.465005  0.584080  0.402515  0.549202  0.112730  0.123174  0.125690  0.153658  0.509920  0.207255  0.521362  0.535507  0.501998  0.192993  0.174488  0.105001  0.211720  0.108421  0.149739  0.202476  0.083655  0.155281  0.114289  0.147928  0.110330  0.103138  0.507470  0.099212  0.543606  0.603393  0.083655  0.108822  0.083655  0.548559  0.083655  0.521408  0.557938  0.644999  0.282946  0.172946  0.449030  0.454728  0.344589  0.160781  0.380336  0.545876 
5  0.373836  0.264879  0.399058  0.108997  0.695007 0.0  0.205077  0.241052  0.460521  0.460778  0.728113  0.680663  0.598606  0.705552  0.364044  0.342579  0.450169  0.488009  0.307807  0.370433  0.685988  0.722635  0.703728  0.585271  0.186951  0.593556  0.584275  0.711914  0.296563  0.652767  0.666207  0.604431  0.671510  0.626892  0.693846  0.750375  0.569704  0.508934  0.638713  0.663314  0.713872  0.705876  0.217013  0.557373  0.341143  0.561040  0.668103  0.635971  0.602243  0.314163  0.697639  0.428875  0.432009  0.378009  0.646852  0.609330  0.296883  0.342023  0.748137  0.656307  0.458815  0.472998 
6  0.442983  0.315182  0.474342  0.128089  0.770701  0.205077 0.0  0.194878  0.335257  0.691182  0.729656  0.686379  0.534807  0.608442  0.436781  0.294470  0.574678  0.413616  0.480699  0.459106  0.698261  0.643123  0.785660  0.625593  0.239365  0.619587  0.687876  0.630493  0.390861  0.508610  0.630812  0.703554  0.540263  0.564459  0.625394  0.585565  0.626551  0.544320  0.589137  0.630810  0.625145  0.688436  0.323969  0.702258  0.366003  0.677993  0.653625  0.733789  0.616107  0.225764  0.729247  0.442759  0.468590  0.477312  0.729640  0.620114  0.388068  0.424025  0.749474  0.604012  0.404299  0.374583 
7  0.578200  0.327265  0.568535  0.298323  0.744549  0.241052  0.194878 0.0  0.401233  0.562403  0.694791  0.610637  0.677983  0.635917  0.473258  0.200264  0.574368  0.448404  0.573934  0.459844  0.775281  0.613829  0.716967  0.535748  0.217572  0.654750  0.668235  0.505233  0.443649  0.625639  0.624533  0.599920  0.589194  0.617142  0.688031  0.640547  0.620694  0.633248  0.664114  0.574733  0.606190  0.667777  0.230775  0.602682  0.430913  0.513680  0.728306  0.751212  0.683324  0.415720  0.751241  0.480199  0.482981  0.411969  0.607602  0.628564  0.383917  0.428328  0.721240  0.616899  0.479353  0.436805 
8  0.379646  0.292476  0.143212  0.172600  0.539372  0.460521  0.335257  0.401233 0.0  0.352080  0.592915  0.683476  0.407049  0.335662  0.228358  0.258401  0.327915  0.218178  0.370368  0.250715  0.475326  0.454644  0.513071  0.388928  0.238700  0.412380  0.406917  0.604163  0.232744  0.450387  0.510717  0.396969  0.461730  0.501046  0.392574  0.387934  0.434420  0.438135  0.383639  0.347665  0.443631  0.538368  0.314444  0.483545  0.292445  0.390653  0.463749  0.429697  0.476325  0.205892  0.496080  0.319409  0.173982  0.235289  0.543799  0.423546  0.083655  0.166853  0.578333  0.453909  0.199869  0.351234 
9  0.383581  0.476829  0.368532  0.579007  0.330845  0.460778  0.691182  0.562403  0.352080 0.0  0.548788  0.602214  0.412894  0.202299  0.413517  0.418223  0.269219  0.267119  0.354313  0.190356  0.261874  0.191177  0.084756  0.083655  0.412522  0.218275  0.398198  0.556227  0.289314  0.083655  0.350827  0.115437  0.225651  0.161692  0.137253  0.088012  0.126507  0.162934  0.143054  0.214356  0.169653  0.140402  0.531167  0.156901  0.370010  0.499041  0.160364  0.131697  0.177537  0.446026  0.270431  0.412039  0.429315  0.577055  0.151940  0.236213  0.369322  0.348318  0.383154  0.170300  0.258202  0.409689 
10  0.817376  0.564592  0.739502  0.690054  0.491963  0.728113  0.729656  0.694791  0.592915  0.548788 0.0  0.161838  0.904590  0.453915  0.709077  0.554632  0.780885  0.784379  0.820200  0.852065  0.407317  0.572287  0.398162  0.544496  0.578505  0.472043  0.874810  0.251426  0.778447  0.580028  0.601049  0.423448  0.481451  0.526506  0.508660  0.496183  0.422005  0.456727  0.573248  0.433718  0.521657  0.515373  0.610012  0.400074  0.881216  0.889641  0.400284  0.506312  0.474633  0.875973  0.500464  0.799753  0.834861  0.830218  0.504534  0.545822  0.640854  0.705356  0.236982  0.386552  0.778841  0.857169 
11  0.778206  0.496942  0.619088  0.672418  0.514642  0.680663  0.686379  0.610637  0.683476  0.602214  0.161838 0.0  1.000000  0.614938  0.817279  0.498924  0.717819  0.735529  0.699744  0.824562  0.446423  0.758993  0.495375  0.525897  0.507994  0.571079  0.936858  0.185149  0.782354  0.567512  0.467755  0.539661  0.642835  0.490146  0.485723  0.394635  0.519402  0.559504  0.390509  0.593276  0.507401  0.466832  0.606775  0.409708  0.757754  0.821674  0.514471  0.434662  0.559594  0.777059  0.567925  0.713986  0.779275  0.912210  0.424259  0.478821  0.657507  0.752443  0.330210  0.585965  0.754590  0.854490 
12  0.231286  0.635333  0.249847  0.501228  0.470733  0.598606  0.534807  0.677983  0.407049  0.412894  0.904590  1.000000 0.0  0.415684  0.367608  0.556049  0.148903  0.156517  0.330544  0.303224  0.448552  0.370447  0.585135  0.519922  0.659608  0.492579  0.095581  0.848163  0.399321  0.458763  0.481781  0.447478  0.562049  0.528694  0.526567  0.489891  0.487245  0.522264  0.454628  0.455476  0.450543  0.510448  0.642603  0.556893  0.330158  0.144373  0.544065  0.457634  0.428369  0.404719  0.464959  0.306742  0.338158  0.311854  0.476662  0.508615  0.418758  0.422456  0.729538  0.395044  0.269648  0.331670 
13  0.467662  0.346109  0.401359  0.516871  0.149210  0.705552  0.608442  0.635917  0.335662  0.202299  0.453915  0.614938  0.415684 0.0  0.385305  0.428136  0.347807  0.367733  0.452193  0.448814  0.271435  0.140060  0.195663  0.111481  0.499398  0.146651  0.523814  0.483112  0.521228  0.222244  0.247668  0.083655  0.103321  0.175657  0.203771  0.214724  0.184414  0.083655  0.139051  0.149895  0.211225  0.210575  0.464264  0.137775  0.529667  0.650437  0.155174  0.136824  0.150382  0.502890  0.254196  0.482788  0.474234  0.529541  0.083655  0.083655  0.409838  0.512748  0.369508  0.083655  0.461222  0.425092 
14  0.169302  0.505984  0.151922  0.229892  0.427529  0.364044  0.436781  0.473258  0.228358  0.413517  0.709077  0.817279  0.367608  0.385305 0.0  0.382179  0.185641  0.136565  0.083655  0.138846  0.543383  0.444028  0.520683  0.390982  0.421892  0.426295  0.240795  0.608631  0.167215  0.408565  0.534530  0.473870  0.399715  0.516820  0.364278  0.434822  0.430730  0.368953  0.435911  0.461837  0.503053  0.495783  0.344440  0.494595  0.187043  0.269335  0.548540  0.387618  0.424177  0.239390  0.486760  0.164457  0.143395  0.250292  0.488445  0.503300  0.176531  0.115814  0.745571  0.411973  0.097784  0.083655 
15  0.328232  0.167806  0.319611  0.189842  0.556658  0.342579  0.294470  0.200264  0.258401  0.418223  0.554632  0.498924  0.556049  0.428136  0.382179 0.0  0.452647  0.450407  0.370933  0.438266  0.538268  0.460058  0.479783  0.319671  0.239172  0.401933  0.559617  0.345868  0.246935  0.317453  0.461914  0.408089  0.385186  0.420320  0.382047  0.306752  0.414851  0.478867  0.450268  0.517220  0.499390  0.534220  0.145535  0.430681  0.434327  0.584868  0.461559  0.520474  0.331130  0.268081  0.452155  0.397351  0.370260  0.516847  0.566061  0.398059  0.198918  0.258469  0.549628  0.455637  0.416035  0.371208 
16  0.083655  0.436459  0.242035  0.450654  0.465005  0.450169  0.574678  0.574368  0.327915  0.269219  0.780885  0.717819  0.148903  0.347807  0.185641  0.452647 0.0  0.146129  0.116877  0.089994  0.526057  0.447523  0.581665  0.412472  0.497535  0.398125  0.253742  0.715953  0.178480  0.409604  0.438390  0.396611  0.441137  0.369445  0.505865  0.445606  0.361002  0.358762  0.465536  0.466267  0.358746  0.480364  0.505169  0.475058  0.171805  0.224484  0.456328  0.413259  0.444776  0.294825  0.532347  0.193845  0.191674  0.309719  0.439604  0.449431  0.274452  0.286380  0.688921  0.388836  0.101416  0.083655 
17  0.155488  0.374469  0.121794  0.367313  0.584080  0.488009  0.413616  0.448404  0.218178  0.267119  0.784379  0.735529  0.156517  0.367733  0.136565  0.450407  0.146129 0.0  0.083655  0.083655  0.450751  0.453241  0.548857  0.365367  0.491488  0.551593  0.274721  0.642774  0.112201  0.406805  0.438089  0.392127  0.288012  0.412703  0.319672  0.293205  0.399776  0.422640  0.528389  0.498682  0.423234  0.484735  0.479427  0.477642  0.096694  0.181015  0.429117  0.419726  0.434385  0.277307  0.454083  0.113586  0.176618  0.249003  0.488880  0.501300  0.134898  0.265376  0.749810  0.467578  0.088157  0.083655 
18  0.105772  0.286486  0.112549  0.321898  0.402515  0.307807  0.480699  0.573934  0.370368  0.354313  0.820200  0.699744  0.330544  0.452193  0.083655  0.370933  0.116877  0.083655 0.0  0.129875  0.547790  0.430350  0.448479  0.441354  0.492998  0.516827  0.240621  0.708432  0.148272  0.407023  0.432783  0.390771  0.310093  0.335818  0.451359  0.404320  0.411162  0.414336  0.433690  0.388556  0.478188  0.525519  0.482348  0.479423  0.083655  0.176390  0.623818  0.472665  0.445825  0.155194  0.509077  0.159237  0.126428  0.245884  0.488321  0.415186  0.414962  0.118376  0.714117  0.449699  0.085806  0.090901 
19  0.128984  0.416854  0.150315  0.425749  0.549202  0.370433  0.459106  0.459844  0.250715  0.190356  0.852065  0.824562  0.303224  0.448814  0.138846  0.438266  0.089994  0.083655  0.129875 0.0  0.554143  0.440467  0.438990  0.451436  0.501247  0.493032  0.274369  0.714988  0.250487  0.419204  0.393822  0.355033  0.339947  0.427168  0.279543  0.448622  0.441781  0.462817  0.436777  0.428966  0.332078  0.531660  0.474358  0.432611  0.201547  0.284892  0.450382  0.539687  0.454336  0.248365  0.384387  0.159488  0.114500  0.184748  0.400668  0.548048  0.195846  0.156395  0.707614  0.489872  0.176348  0.092363 
20  0.563262  0.552533  0.486959  0.493651  0.112730  0.685988  0.698261  0.775281  0.475326  0.261874  0.407317  0.446423  0.448552  0.271435  0.543383  0.538268  0.526057  0.450751  0.547790  0.554143 0.0  0.178199  0.118397  0.228882  0.647960  0.123743  0.508179  0.498293  0.528553  0.200391  0.083655  0.257544  0.153138  0.151361  0.264808  0.193827  0.171749  0.157572  0.191807  0.083655  0.121957  0.117279  0.506895  0.083655  0.549434  0.628145  0.161730  0.083655  0.176083  0.544882  0.083655  0.596880  0.530554  0.754270  0.101434  0.083655  0.577428  0.578708  0.257123  0.105564  0.429502  0.562469 
21  0.447365  0.563896  0.425475  0.522205  0.123174  0.722635  0.643123  0.613829  0.454644  0.191177  0.572287  0.758993  0.370447  0.140060  0.444028  0.460058  0.447523  0.453241  0.430350  0.440467  0.178199 0.0  0.112719  0.115380  0.524799  0.083655  0.546556  0.541703  0.557001  0.083655  0.097552  0.090226  0.177868  0.108089  0.104998  0.117136  0.083655  0.222541  0.125870  0.083655  0.083655  0.123435  0.461551  0.136424  0.519249  0.594428  0.158117  0.102667  0.128700  0.446482  0.170421  0.510557  0.429334  0.578072  0.148818  0.132818  0.488655  0.460906  0.364198  0.083655  0.433552  0.412724 
22  0.490066  0.494143  0.490068  0.699532  0.125690  0.703728  0.785660  0.716967  0.513071  0.084756  0.398162  0.495375  0.585135  0.195663  0.520683  0.479783  0.581665  0.548857  0.448479  0.438990  0.118397  0.112719 0.0  0.083655  0.623698  0.334955  0.540189  0.396526  0.496108  0.161475  0.108174  0.119982  0.170371  0.185608  0.197289  0.259526  0.196554  0.220479  0.295329  0.205142  0.227527  0.159451  0.525696  0.124526  0.587758  0.806131  0.158165  0.160056  0.181168  0.639050  0.112114  0.647839  0.623550  0.661710  0.086855  0.083655  0.668339  0.648348  0.270177  0.210190  0.573976  0.417998 
23  0.473258  0.421840  0.415260  0.574526  0.153658  0.585271  0.625593  0.535748  0.388928  0.083655  0.544496  0.525897  0.519922  0.111481  0.390982  0.319671  0.412472  0.365367  0.441354  0.451436  0.228882  0.115380  0.083655 0.0  0.461245  0.105466  0.532728  0.613763  0.459638  0.126217  0.127811  0.108615  0.145251  0.102349  0.236907  0.083655  0.083655  0.107425  0.100988  0.137657  0.083655  0.173962  0.475901  0.219281  0.481412  0.531897  0.138344  0.083655  0.090273  0.497301  0.166484  0.425485  0.454353  0.534247  0.198847  0.083655  0.478128  0.379293  0.440365  0.160979  0.395687  0.454810 
24  0.462688  0.095120  0.355242  0.180630  0.509920  0.186951  0.239365  0.217572  0.238700  0.412522  0.578505  0.507994  0.659608  0.499398  0.421892  0.239172  0.497535  0.491488  0.492998  0.501247  0.647960  0.524799  0.623698  0.461245 0.0  0.570640  0.623337  0.404016  0.297609  0.462844  0.536215  0.535559  0.488299  0.525504  0.514208  0.563068  0.508085  0.603718  0.451772  0.519832  0.517834  0.593096  0.085516  0.563618  0.456274  0.649105  0.575731  0.684876  0.431907  0.299105  0.602374  0.473499  0.513927  0.519368  0.584281  0.577323  0.381152  0.386484  0.734010  0.524562  0.518897  0.505426 
25  0.391141  0.478138  0.564945  0.595202  0.207255  0.593556  0.619587  0.654750  0.412380  0.218275  0.472043  0.571079  0.492579  0.146651  0.426295  0.401933  0.398125  0.551593  0.516827  0.493032  0.123743  0.083655  0.334955  0.105466  0.570640 0.0  0.525449  0.525189  0.445894  0.094523  0.083655  0.204574  0.131062  0.159380  0.166829  0.083655  0.083655  0.083655  0.139566  0.140404  0.083655  0.203636  0.560380  0.135246  0.592691  0.533296  0.191667  0.186566  0.186307  0.558327  0.126612  0.578832  0.433487  0.556878  0.083655  0.160362  0.482519  0.518817  0.407382  0.111220  0.443124  0.458330 
26  0.246433  0.611315  0.360816  0.670582  0.521362  0.584275  0.687876  0.668235  0.406917  0.398198  0.874810  0.936858  0.095581  0.523814  0.240795  0.559617  0.253742  0.274721  0.240621  0.274369  0.508179  0.546556  0.540189  0.532728  0.623337  0.525449 0.0  0.855594  0.382124  0.443985  0.441162  0.503580  0.361293  0.447900  0.433387  0.470383  0.465251  0.495640  0.514743  0.408513  0.459227  0.544921  0.565963  0.562128  0.223174  0.115649  0.546022  0.519442  0.482704  0.311499  0.512799  0.255481  0.283710  0.230346  0.494430  0.468203  0.407249  0.359007  0.865608  0.400616  0.190585  0.239238 
27  0.779445  0.396130  0.666382  0.638469  0.535507  0.711914  0.630493  0.505233  0.604163  0.556227  0.251426  0.185149  0.848163  0.483112  0.608631  0.345868  0.715953  0.642774  0.708432  0.714988  0.498293  0.541703  0.396526  0.613763  0.404016  0.525189  0.855594 0.0  0.626664  0.478468  0.518112  0.438352  0.508521  0.542564  0.471401  0.434249  0.408381  0.369530  0.464961  0.493713  0.560024  0.474620  0.444933  0.533569  0.832378  0.885572  0.531037  0.419603  0.527463  0.731153  0.531829  0.744612  0.688115  0.850247  0.501899  0.579900  0.593459  0.584657  0.342173  0.626299  0.802315  0.686009 
28  0.191968  0.317012  0.083693  0.277264  0.501998  0.296563  0.390861  0.443649  0.232744  0.289314  0.778447  0.782354  0.399321  0.521228  0.167215  0.246935  0.178480  0.112201  0.148272  0.250487  0.528553  0.557001  0.496108  0.459638  0.297609  0.445894  0.382124  0.626664 0.0  0.433432  0.391952  0.375152  0.401478  0.439258  0.414125  0.390253  0.394589  0.465923  0.520622  0.346793  0.440733  0.503131  0.358279  0.466970  0.127039  0.373462  0.389203  0.472922  0.408074  0.113976  0.526741  0.165789  0.105394  0.286214  0.460855  0.527564  0.159654  0.083655  0.711213  0.458474  0.336536  0.155496 
29  0.482379  0.497083  0.387133  0.499674  0.192993  0.652767  0.508610  0.625639  0.450387  0.083655  0.580028  0.567512  0.458763  0.222244  0.408565  0.317453  0.409604  0.406805  0.407023  0.419204  0.200391  0.083655  0.161475  0.126217  0.462844  0.094523  0.443985  0.478468  0.433432 0.0  0.128003  0.117494  0.083655  0.083655  0.083655  0.083655  0.171803  0.207055  0.109007  0.084099  0.097530  0.127359  0.464558  0.083655  0.399248  0.476985  0.210221  0.163855  0.110400  0.505431  0.116384  0.371374  0.453550  0.541656  0.116545  0.107233  0.417973  0.458658  0.348714  0.147746  0.385962  0.409732 
30  0.455759  0.456540  0.562742  0.496719  0.174488  0.666207  0.630812  0.624533  0.510717  0.350827  0.601049  0.467755  0.481781  0.247668  0.534530  0.461914  0.438390  0.438089  0.432783  0.393822  0.083655  0.097552  0.108174  0.127811  0.536215  0.083655  0.441162  0.518112  0.391952  0.128003 0.0  0.231202  0.110587  0.114462  0.195930  0.086702  0.090375  0.172282  0.123947  0.083655  0.083655  0.096815  0.468275  0.189773  0.536789  0.644327  0.121932  0.124938  0.275413  0.411718  0.145885  0.552171  0.426378  0.626969  0.083655  0.083655  0.461249  0.456692  0.324404  0.083655  0.415445  0.413793 
31  0.422668  0.474346  0.461338  0.565214  0.105001  0.604431  0.703554  0.599920  0.396969  0.115437  0.423448  0.539661  0.447478  0.083655  0.473870  0.408089  0.396611  0.392127  0.390771  0.355033  0.257544  0.090226  0.119982  0.108615  0.535559  0.204574  0.503580  0.438352  0.375152  0.117494  0.231202 0.0  0.174234  0.083655  0.083655  0.083655  0.186331  0.107898  0.083655  0.113515  0.083655  0.115951  0.475309  0.149484  0.511710  0.479325  0.084894  0.119634  0.091478  0.328990  0.193545  0.369386  0.350020  0.534671  0.233494  0.083655  0.393818  0.364824  0.438759  0.083655  0.380308  0.364074 
32  0.366787  0.470855  0.434202  0.572247  0.211720  0.671510  0.540263  0.589194  0.461730  0.225651  0.481451  0.642835  0.562049  0.103321  0.399715  0.385186  0.441137  0.288012  0.310093  0.339947  0.153138  0.177868  0.170371  0.145251  0.488299  0.131062  0.361293  0.508521  0.401478  0.083655  0.110587  0.174234 0.0  0.162592  0.086731  0.141862  0.108501  0.101760  0.159329  0.197151  0.183956  0.209646  0.531842  0.083655  0.461513  0.491702  0.154619  0.083655  0.130838  0.389137  0.182766  0.466875  0.403000  0.560394  0.131009  0.210199  0.503250  0.468737  0.391570  0.159658  0.386708  0.514716 
33  0.538477  0.384262  0.523364  0.618873  0.108421  0.626892  0.564459  0.617142  0.501046  0.161692  0.526506  0.490146  0.528694  0.175657  0.516820  0.420320  0.369445  0.412703  0.335818  0.427168  0.151361  0.108089  0.185608  0.102349  0.525504  0.159380  0.447900  0.542564  0.439258  0.083655  0.114462  0.083655  0.162592 0.0  0.083655  0.083655  0.083655  0.083655  0.083655  0.083655  0.083655  0.253823  0.564518  0.129415  0.438588  0.471666  0.159744  0.151955  0.083655  0.415231  0.088529  0.420530  0.503775  0.488947  0.083655  0.083655  0.492900  0.414638  0.373957  0.083655  0.523606  0.558906 
34  0.336232  0.562944  0.372382  0.500192  0.149739  0.693846  0.625394  0.688031  0.392574  0.137253  0.508660  0.485723  0.526567  0.203771  0.364278  0.382047  0.505865  0.319672  0.451359  0.279543  0.264808  0.104998  0.197289  0.236907  0.514208  0.166829  0.433387  0.471401  0.414125  0.083655  0.195930  0.083655  0.086731  0.083655 0.0  0.126476  0.083655  0.179080  0.130039  0.083655  0.099012  0.125741  0.511722  0.099225  0.455639  0.456335  0.135047  0.190946  0.083655  0.518426  0.191907  0.435282  0.466097  0.584866  0.193276  0.206717  0.458282  0.462762  0.414474  0.108358  0.437327  0.427026 
35  0.363801  0.493548  0.379713  0.489783  0.202476  0.750375  0.585565  0.640547  0.387934  0.088012  0.496183  0.394635  0.489891  0.214724  0.434822  0.306752  0.445606  0.293205  0.404320  0.448622  0.193827  0.117136  0.259526  0.083655  0.563068  0.083655  0.470383  0.434249  0.390253  0.083655  0.086702  0.083655  0.141862  0.083655  0.126476 0.0  0.193512  0.083655  0.083655  0.098610  0.205320  0.161602  0.459504  0.098504  0.411087  0.582145  0.191776  0.083655  0.166266  0.478167  0.199504  0.383064  0.399653  0.596158  0.149722  0.136179  0.427606  0.363810  0.345844  0.163146  0.437187  0.424115 
36  0.440997  0.497714  0.384337  0.695889  0.083655  0.569704  0.626551  0.620694  0.434420  0.126507  0.422005  0.519402  0.487245  0.184414  0.430730  0.414851  0.361002  0.399776  0.411162  0.441781  0.171749  0.083655  0.196554  0.083655  0.508085  0.083655  0.465251  0.408381  0.394589  0.171803  0.090375  0.186331  0.108501  0.083655  0.083655  0.193512 0.0  0.091776  0.105740  0.083655  0.123221  0.255939  0.530310  0.106145  0.508738  0.517896  0.187336  0.144026  0.136133  0.544001  0.184432  0.541112  0.436694  0.565178  0.083655  0.083655  0.412032  0.440276  0.299316  0.106683  0.399659  0.363941 
37  0.419802  0.429609  0.411282  0.557373  0.155281  0.508934  0.544320  0.633248  0.438135  0.162934  0.456727  0.559504  0.522264  0.083655  0.368953  0.478867  0.358762  0.422640  0.414336  0.462817  0.157572  0.222541  0.220479  0.107425  0.603718  0.083655  0.495640  0.369530  0.465923  0.207055  0.172282  0.107898  0.101760  0.083655  0.179080  0.083655  0.091776 0.0  0.083655  0.083655  0.117778  0.111346  0.603815  0.108560  0.614426  0.539469  0.188248  0.083655  0.098244  0.423875  0.142850  0.370191  0.504119  0.607150  0.145163  0.254455  0.419383  0.520701  0.266343  0.153655  0.426731  0.370579 
38  0.425359  0.443938  0.395089  0.595803  0.114289  0.638713  0.589137  0.664114  0.383639  0.143054  0.573248  0.390509  0.454628  0.139051  0.435911  0.450268  0.465536  0.528389  0.433690  0.436777  0.191807  0.125870  0.295329  0.100988  0.451772  0.139566  0.514743  0.464961  0.520622  0.109007  0.123947  0.083655  0.159329  0.083655  0.130039  0.083655  0.105740  0.083655 0.0  0.122067  0.083655  0.094105  0.457425  0.138209  0.472866  0.605581  0.245942  0.116551  0.083655  0.525449  0.157971  0.455928  0.418827  0.631454  0.170708  0.124736  0.464748  0.540768  0.305297  0.083655  0.440418  0.474919 
39  0.377998  0.500872  0.362525  0.637297  0.147928  0.663314  0.630810  0.574733  0.347665  0.214356  0.433718  0.593276  0.455476  0.149895  0.461837  0.517220  0.466267  0.498682  0.388556  0.428966  0.083655  0.083655  0.205142  0.137657  0.519832  0.140404  0.408513  0.493713  0.346793  0.084099  0.083655  0.113515  0.197151  0.083655  0.083655  0.098610  0.083655  0.083655  0.122067 0.0  0.083655  0.171217  0.532845  0.226691  0.541024  0.610250  0.276442  0.162950  0.184782  0.507118  0.191030  0.423048  0.308720  0.640217  0.099500  0.083655  0.429156  0.476578  0.353445  0.083655  0.362621  0.334213 
40  0.445004  0.455395  0.472150  0.502016  0.110330  0.713872  0.625145  0.606190  0.443631  0.169653  0.521657  0.507401  0.450543  0.211225  0.503053  0.499390  0.358746  0.423234  0.478188  0.332078  0.121957  0.083655  0.227527  0.083655  0.517834  0.083655  0.459227  0.560024  0.440733  0.097530  0.083655  0.083655  0.183956  0.083655  0.099012  0.205320  0.123221  0.117778  0.083655  0.083655 0.0  0.149364  0.537099  0.083655  0.525365  0.434308  0.083655  0.139944  0.122257  0.539789  0.144439  0.433979  0.511315  0.565964  0.174535  0.090723  0.436147  0.511873  0.376722  0.083655  0.480262  0.392237 
41  0.524052  0.414566  0.537824  0.556670  0.103138  0.705876  0.688436  0.667777  0.538368  0.140402  0.515373  0.466832  0.510448  0.210575  0.495783  0.534220  0.480364  0.484735  0.525519  0.531660  0.117279  0.123435  0.159451  0.173962  0.593096  0.203636  0.544921  0.474620  0.503131  0.127359  0.096815  0.115951  0.209646  0.253823  0.125741  0.161602  0.255939  0.111346  0.094105  0.171217  0.149364 0.0  0.546983  0.135759  0.570663  0.571774  0.083655  0.083655  0.143927  0.575623  0.125796  0.512424  0.466335  0.598289  0.214034  0.237457  0.491765  0.440474  0.351555  0.083655  0.512753  0.449039 
42  0.484516  0.083655  0.480393  0.199930  0.507470  0.217013  0.323969  0.230775  0.314444  0.531167  0.610012  0.606775  0.642603  0.464264  0.344440  0.145535  0.505169  0.479427  0.482348  0.474358  0.506895  0.461551  0.525696  0.475901  0.085516  0.560380  0.565963  0.444933  0.358279  0.464558  0.468275  0.475309  0.531842  0.564518  0.511722  0.459504  0.530310  0.603815  0.457425  0.532845  0.537099  0.546983 0.0  0.519962  0.481729  0.567969  0.639085  0.556382  0.542033  0.332443  0.595584  0.450236  0.436617  0.659752  0.653957  0.524113  0.370486  0.372281  0.713585  0.543542  0.474195  0.447953 
43  0.512785  0.457663  0.502305  0.533371  0.099212  0.557373  0.702258  0.602682  0.483545  0.156901  0.400074  0.409708  0.556893  0.137775  0.494595  0.430681  0.475058  0.477642  0.479423  0.432611  0.083655  0.136424  0.124526  0.219281  0.563618  0.135246  0.562128  0.533569  0.466970  0.083655  0.189773  0.149484  0.083655  0.129415  0.099225  0.098504  0.106145  0.108560  0.138209  0.226691  0.083655  0.135759  0.519962 0.0  0.567818  0.544269  0.171322  0.251493  0.210596  0.526677  0.142279  0.485939  0.534898  0.591007  0.149949  0.083655  0.527173  0.553974  0.299134  0.133362  0.546683  0.479695 
44  0.203362  0.489775  0.083655  0.280157  0.543606  0.341143  0.366003  0.430913  0.292445  0.370010  0.881216  0.757754  0.330158  0.529667  0.187043  0.434327  0.171805  0.096694  0.083655  0.201547  0.549434  0.519249  0.587758  0.481412  0.456274  0.592691  0.223174  0.832378  0.127039  0.399248  0.536789  0.511710  0.461513  0.438588  0.455639  0.411087  0.508738  0.614426  0.472866  0.541024  0.525365  0.570663  0.481729  0.567818 0.0  0.120536  0.600084  0.587770  0.416833  0.147518  0.557323  0.083655  0.095743  0.191074  0.551517  0.448637  0.269007  0.169133  0.803701  0.483357  0.190308  0.139051 
45  0.206056  0.644116  0.342264  0.601935  0.603393  0.561040  0.677993  0.513680  0.390653  0.499041  0.889641  0.821674  0.144373  0.650437  0.269335  0.584868  0.224484  0.181015  0.176390  0.284892  0.628145  0.594428  0.806131  0.531897  0.649105  0.533296  0.115649  0.885572  0.373462  0.476985  0.644327  0.479325  0.491702  0.471666  0.456335  0.582145  0.517896  0.539469  0.605581  0.610250  0.434308  0.571774  0.567969  0.544269  0.120536 0.0  0.611595  0.514823  0.525438  0.298891  0.623520  0.231661  0.284757  0.194701  0.669297  0.536965  0.351780  0.395045  0.812836  0.542276  0.366644  0.171595 
46  0.549599  0.596549  0.513898  0.577952  0.083655  0.668103  0.653625  0.728306  0.463749  0.160364  0.400284  0.514471  0.544065  0.155174  0.548540  0.461559  0.456328  0.429117  0.623818  0.450382  0.161730  0.158117  0.158165  0.138344  0.575731  0.191667  0.546022  0.531037  0.389203  0.210221  0.121932  0.084894  0.154619  0.159744  0.135047  0.191776  0.187336  0.188248  0.245942  0.276442  0.083655  0.083655  0.639085  0.171322  0.600084  0.611595 0.0  0.133935  0.176805  0.555115  0.150106  0.485208  0.581761  0.678058  0.126787  0.083655  0.462537  0.495564  0.259706  0.109327  0.467339  0.463667 
47  0.460106  0.446767  0.514588  0.548185  0.108822  0.635971  0.733789  0.751212  0.429697  0.131697  0.506312  0.434662  0.457634  0.136824  0.387618  0.520474  0.413259  0.419726  0.472665  0.539687  0.083655  0.102667  0.160056  0.083655  0.684876  0.186566  0.519442  0.419603  0.472922  0.163855  0.124938  0.119634  0.083655  0.151955  0.190946  0.083655  0.144026  0.083655  0.116551  0.162950  0.139944  0.083655  0.556382  0.251493  0.587770  0.514823  0.133935 0.0  0.157588  0.501031  0.178363  0.495927  0.491422  0.600504  0.083655  0.101469  0.583315  0.451598  0.323751  0.083655  0.351408  0.464221 
48  0.404962  0.437128  0.401666  0.608906  0.083655  0.602243  0.616107  0.683324  0.476325  0.177537  0.474633  0.559594  0.428369  0.150382  0.424177  0.331130  0.444776  0.434385  0.445825  0.454336  0.176083  0.128700  0.181168  0.090273  0.431907  0.186307  0.482704  0.527463  0.408074  0.110400  0.275413  0.091478  0.130838  0.083655  0.083655  0.166266  0.136133  0.098244  0.083655  0.184782  0.122257  0.143927  0.542033  0.210596  0.416833  0.525438  0.176805  0.157588 0.0  0.441420  0.255073  0.449597  0.450554  0.603306  0.183462  0.121877  0.532098  0.344310  0.312504  0.083655  0.430906  0.419054 
49  0.162574  0.423012  0.225513  0.210059  0.548559  0.314163  0.225764  0.415720  0.205892  0.446026  0.875973  0.777059  0.404719  0.502890  0.239390  0.268081  0.294825  0.277307  0.155194  0.248365  0.544882  0.446482  0.639050  0.497301  0.299105  0.558327  0.311499  0.731153  0.113976  0.505431  0.411718  0.328990  0.389137  0.415231  0.518426  0.478167  0.544001  0.423875  0.525449  0.507118  0.539789  0.575623  0.332443  0.526677  0.147518  0.298891  0.555115  0.501031  0.441420 0.0  0.611152  0.109877  0.186854  0.247377  0.538132  0.478862  0.141993  0.175450  0.781051  0.532463  0.216626  0.120606 
50  0.518209  0.491409  0.487768  0.579817  0.083655  0.697639  0.729247  0.751241  0.496080  0.270431  0.500464  0.567925  0.464959  0.254196  0.486760  0.452155  0.532347  0.454083  0.509077  0.384387  0.083655  0.170421  0.112114  0.166484  0.602374  0.126612  0.512799  0.531829  0.526741  0.116384  0.145885  0.193545  0.182766  0.088529  0.191907  0.199504  0.184432  0.142850  0.157971  0.191030  0.144439  0.125796  0.595584  0.142279  0.557323  0.623520  0.150106  0.178363  0.255073  0.611152 0.0  0.494367  0.505342  0.620103  0.214536  0.190157  0.518034  0.581778  0.441874  0.113365  0.484851  0.560028 
51  0.083655  0.508212  0.083655  0.332410  0.521408  0.428875  0.442759  0.480199  0.319409  0.412039  0.799753  0.713986  0.306742  0.482788  0.164457  0.397351  0.193845  0.113586  0.159237  0.159488  0.596880  0.510557  0.647839  0.425485  0.473499  0.578832  0.255481  0.744612  0.165789  0.371374  0.552171  0.369386  0.466875  0.420530  0.435282  0.383064  0.541112  0.370191  0.455928  0.423048  0.433979  0.512424  0.450236  0.485939  0.083655  0.231661  0.485208  0.495927  0.449597  0.109877  0.494367 0.0  0.084797  0.163969  0.426514  0.558564  0.240401  0.261802  0.693343  0.468916  0.192054  0.118097 
52  0.121191  0.433070  0.083655  0.387968  0.557938  0.432009  0.468590  0.482981  0.173982  0.429315  0.834861  0.779275  0.338158  0.474234  0.143395  0.370260  0.191674  0.176618  0.126428  0.114500  0.530554  0.429334  0.623550  0.454353  0.513927  0.433487  0.283710  0.688115  0.105394  0.453550  0.426378  0.350020  0.403000  0.503775  0.466097  0.399653  0.436694  0.504119  0.418827  0.308720  0.511315  0.466335  0.436617  0.534898  0.095743  0.284757  0.581761  0.491422  0.450554  0.186854  0.505342  0.084797 0.0  0.156594  0.546026  0.360532  0.099556  0.083655  0.613781  0.446024  0.125661  0.090602 
53  0.211287  0.553517  0.199672  0.414113  0.644999  0.378009  0.477312  0.411969  0.235289  0.577055  0.830218  0.912210  0.311854  0.529541  0.250292  0.516847  0.309719  0.249003  0.245884  0.184748  0.754270  0.578072  0.661710  0.534247  0.519368  0.556878  0.230346  0.850247  0.286214  0.541656  0.626969  0.534671  0.560394  0.488947  0.584866  0.596158  0.565178  0.607150  0.631454  0.640217  0.565964  0.598289  0.659752  0.591007  0.191074  0.194701  0.678058  0.600504  0.603306  0.247377  0.620103  0.163969  0.156594 0.0  0.626219  0.624408  0.388385  0.239606  0.790300  0.607299  0.144921  0.182523 
54  0.561544  0.490144  0.555298  0.683441  0.282946  0.646852  0.729640  0.607602  0.543799  0.151940  0.504534  0.424259  0.476662  0.083655  0.488445  0.566061  0.439604  0.488880  0.488321  0.400668  0.101434  0.148818  0.086855  0.198847  0.584281  0.083655  0.494430  0.501899  0.460855  0.116545  0.083655  0.233494  0.131009  0.083655  0.193276  0.149722  0.083655  0.145163  0.170708  0.099500  0.174535  0.214034  0.653957  0.149949  0.551517  0.669297  0.126787  0.083655  0.183462  0.538132  0.214536  0.426514  0.546026  0.626219 0.0  0.118817  0.537903  0.552865  0.307468  0.083655  0.420896  0.494835 
55  0.414369  0.623767  0.542020  0.558098  0.172946  0.609330  0.620114  0.628564  0.423546  0.236213  0.545822  0.478821  0.508615  0.083655  0.503300  0.398059  0.449431  0.501300  0.415186  0.548048  0.083655  0.132818  0.083655  0.083655  0.577323  0.160362  0.468203  0.579900  0.527564  0.107233  0.083655  0.083655  0.210199  0.083655  0.206717  0.136179  0.083655  0.254455  0.124736  0.083655  0.090723  0.237457  0.524113  0.083655  0.448637  0.536965  0.083655  0.101469  0.121877  0.478862  0.190157  0.558564  0.360532  0.624408  0.118817 0.0  0.564720  0.640686  0.370498  0.128643  0.451756  0.491338 
56  0.171999  0.327502  0.185705  0.187815  0.449030  0.296883  0.388068  0.383917  0.083655  0.369322  0.640854  0.657507  0.418758  0.409838  0.176531  0.198918  0.274452  0.134898  0.414962  0.195846  0.577428  0.488655  0.668339  0.478128  0.381152  0.482519  0.407249  0.593459  0.159654  0.417973  0.461249  0.393818  0.503250  0.492900  0.458282  0.427606  0.412032  0.419383  0.464748  0.429156  0.436147  0.491765  0.370486  0.527173  0.269007  0.351780  0.462537  0.583315  0.532098  0.141993  0.518034  0.240401  0.099556  0.388385  0.537903  0.564720 0.0  0.083655  0.632569  0.407674  0.247561  0.103904 
57  0.282686  0.295628  0.194406  0.272429  0.454728  0.342023  0.424025  0.428328  0.166853  0.348318  0.705356  0.752443  0.422456  0.512748  0.115814  0.258469  0.286380  0.265376  0.118376  0.156395  0.578708  0.460906  0.648348  0.379293  0.386484  0.518817  0.359007  0.584657  0.083655  0.458658  0.456692  0.364824  0.468737  0.414638  0.462762  0.363810  0.440276  0.520701  0.540768  0.476578  0.511873  0.440474  0.372281  0.553974  0.169133  0.395045  0.495564  0.451598  0.344310  0.175450  0.581778  0.261802  0.083655  0.239606  0.552865  0.640686  0.083655 0.0  0.725300  0.439734  0.120297  0.162982 
58  0.794050  0.620099  0.802964  0.616139  0.344589  0.748137  0.749474  0.721240  0.578333  0.383154  0.236982  0.330210  0.729538  0.369508  0.745571  0.549628  0.688921  0.749810  0.714117  0.707614  0.257123  0.364198  0.270177  0.440365  0.734010  0.407382  0.865608  0.342173  0.711213  0.348714  0.324404  0.438759  0.391570  0.373957  0.414474  0.345844  0.299316  0.266343  0.305297  0.353445  0.376722  0.351555  0.713585  0.299134  0.803701  0.812836  0.259706  0.323751  0.312504  0.781051  0.441874  0.693343  0.613781  0.790300  0.307468  0.370498  0.632569  0.725300 0.0  0.352608  0.723523  0.712905 
59  0.340557  0.498289  0.459505  0.493213  0.160781  0.656307  0.604012  0.616899  0.453909  0.170300  0.386552  0.585965  0.395044  0.083655  0.411973  0.455637  0.388836  0.467578  0.449699  0.489872  0.105564  0.083655  0.210190  0.160979  0.524562  0.111220  0.400616  0.626299  0.458474  0.147746  0.083655  0.083655  0.159658  0.083655  0.108358  0.163146  0.106683  0.153655  0.083655  0.083655  0.083655  0.083655  0.543542  0.133362  0.483357  0.542276  0.109327  0.083655  0.083655  0.532463  0.113365  0.468916  0.446024  0.607299  0.083655  0.128643  0.407674  0.439734  0.352608 0.0  0.464553  0.471166 
60  0.087995  0.384697  0.083655  0.329557  0.380336  0.458815  0.404299  0.479353  0.199869  0.258202  0.778841  0.754590  0.269648  0.461222  0.097784  0.416035  0.101416  0.088157  0.085806  0.176348  0.429502  0.433552  0.573976  0.395687  0.518897  0.443124  0.190585  0.802315  0.336536  0.385962  0.415445  0.380308  0.386708  0.523606  0.437327  0.437187  0.399659  0.426731  0.440418  0.362621  0.480262  0.512753  0.474195  0.546683  0.190308  0.366644  0.467339  0.351408  0.430906  0.216626  0.484851  0.192054  0.125661  0.144921  0.420896  0.451756  0.247561  0.120297  0.723523  0.464553 0.0  0.169729 
61  0.120511  0.467924  0.083655  0.424318  0.545876  0.472998  0.374583  0.436805  0.351234  0.409689  0.857169  0.854490  0.331670  0.425092  0.083655  0.371208  0.083655  0.083655  0.090901  0.092363  0.562469  0.412724  0.417998  0.454810  0.505426  0.458330  0.239238  0.686009  0.155496  0.409732  0.413793  0.364074  0.514716  0.558906  0.427026  0.424115  0.363941  0.370579  0.474919  0.334213  0.392237  0.449039  0.447953  0.479695  0.139051  0.171595  0.463667  0.464221  0.419054  0.120606  0.560028  0.118097  0.090602  0.182523  0.494835  0.491338  0.103904  0.162982  0.712905  0.471166  0.169729 0.0 
