62
0 0.0  0.505500  0.174020  0.426473  0.480951  0.566184  0.437547  0.518377  0.267715  0.408526  0.838952  0.847321  0.260573  0.463307  0.229793  0.315162  0.163636  0.112429  0.123183  0.078255  0.542593  0.418851  0.539152  0.501736  0.531167  0.429352  0.197311  0.766898  0.193938  0.496084  0.512262  0.421438  0.451022  0.495920  0.367860  0.506436  0.440864  0.395239  0.403527  0.527167  0.514995  0.381782  0.504697  0.555832  0.172098  0.149175  0.535103  0.550574  0.413338  0.103323  0.635736  0.078255  0.185889  0.207076  0.513732  0.429824  0.196533  0.281944  0.845819  0.557605  0.078255  0.078255 
1  0.505500 0.0  0.417023  0.272320  0.438195  0.402818  0.339626  0.319559  0.219805  0.398236  0.487591  0.552623  0.683468  0.424334  0.443849  0.134679  0.427409  0.535144  0.416425  0.515894  0.621399  0.521965  0.561258  0.372087  0.126608  0.490004  0.651172  0.320970  0.351952  0.568919  0.493023  0.423882  0.449269  0.379890  0.513655  0.473185  0.552607  0.353643  0.369100  0.465971  0.450814  0.598345  0.183633  0.483212  0.456111  0.631731  0.493434  0.533044  0.476451  0.427182  0.504317  0.468195  0.382165  0.573464  0.605360  0.535780  0.304153  0.375611  0.600917  0.452485  0.484584  0.374163 
2  0.174020  0.417023 0.0  0.345263  0.528324  0.297100  0.458809  0.403563  0.239128  0.493295  0.728052  0.883876  0.311473  0.369952  0.083854  0.405711  0.152766  0.180156  0.078255  0.095287  0.567991  0.544095  0.446319  0.481236  0.423909  0.434925  0.369995  0.661332  0.080299  0.390057  0.470528  0.565770  0.449977  0.425997  0.378483  0.475639  0.441722  0.529293  0.458937  0.464333  0.468549  0.573609  0.532342  0.503515  0.209045  0.354911  0.591654  0.420668  0.439708  0.206783  0.355151  0.201409  0.121170  0.231592  0.510153  0.525338  0.240810  0.154926  0.741403  0.393471  0.211688  0.144110 
3  0.426473  0.272320  0.345263 0.0  0.629601  0.164852  0.078255  0.267423  0.126934  0.539141  0.776357  0.800737  0.605847  0.460748  0.426767  0.099965  0.383690  0.388459  0.301991  0.297307  0.608482  0.532366  0.612289  0.644824  0.270980  0.532633  0.522866  0.436586  0.344080  0.583384  0.488794  0.634696  0.491732  0.595530  0.571139  0.506772  0.475720  0.437633  0.562656  0.517882  0.642257  0.593695  0.177553  0.644478  0.375272  0.459859  0.625073  0.579568  0.632598  0.336786  0.624334  0.345598  0.266355  0.435290  0.684248  0.588235  0.201355  0.183556  0.698530  0.603590  0.354156  0.331251 
4  0.480951  0.438195  0.528324  0.629601 0.0  0.691387  0.817234  0.673945  0.445898  0.285384  0.639038  0.419700  0.537012  0.094993  0.511688  0.427174  0.488408  0.548865  0.511265  0.562629  0.156397  0.148311  0.131778  0.199771  0.591300  0.198726  0.639258  0.442982  0.555036  0.167769  0.078255  0.184169  0.224211  0.136898  0.135544  0.123132  0.138225  0.161069  0.178127  0.078255  0.078255  0.091731  0.594056  0.178966  0.675864  0.639358  0.162389  0.078255  0.200684  0.694031  0.179628  0.555282  0.465303  0.648102  0.078255  0.078255  0.577006  0.519520  0.357279  0.151720  0.625725  0.575676 
5  0.566184  0.402818  0.297100  0.164852  0.691387 0.0  0.078255  0.204666  0.400361  0.585234  0.925834  0.760900  0.554531  0.637958  0.392103  0.318329  0.456883  0.480758  0.366246  0.468656  0.712065  0.643828  0.806243  0.615601  0.246020  0.511692  0.535133  0.802121  0.363691  0.663547  0.710892  0.557371  0.612343  0.586241  0.701396  0.613416  0.676604  0.623370  0.630843  0.780705  0.682371  0.747162  0.241265  0.724079  0.350305  0.523132  0.665551  0.717034  0.634172  0.397880  0.643689  0.417713  0.393357  0.569174  0.668264  0.586874  0.319933  0.252848  0.948531  0.660017  0.419702  0.402417 
6  0.437547  0.339626  0.458809  0.078255  0.817234  0.078255 0.0  0.140730  0.293160  0.534304  0.715146  0.764861  0.593421  0.669144  0.429549  0.239325  0.513985  0.541735  0.477375  0.504859  0.719906  0.705652  0.792117  0.536948  0.213851  0.642905  0.680536  0.706491  0.421339  0.604194  0.759291  0.649624  0.556677  0.637980  0.627371  0.687463  0.679697  0.625946  0.672140  0.642465  0.623264  0.680674  0.317424  0.719135  0.390240  0.607973  0.758023  0.799670  0.611600  0.388474  0.854587  0.470344  0.416862  0.493385  0.655015  0.720888  0.292366  0.322514  0.850683  0.535001  0.499495  0.495940 
7  0.518377  0.319559  0.403563  0.267423  0.673945  0.204666  0.140730 0.0  0.383814  0.595943  0.657632  0.695492  0.711975  0.532943  0.484547  0.310934  0.468429  0.491076  0.456812  0.527884  0.730389  0.799604  0.652593  0.633300  0.266413  0.633951  0.658494  0.523293  0.462742  0.599365  0.611664  0.669719  0.600301  0.643705  0.626921  0.561355  0.648181  0.647435  0.601831  0.620413  0.628755  0.633522  0.298027  0.708579  0.358408  0.663961  0.681444  0.600127  0.643531  0.429012  0.665623  0.503587  0.507209  0.484232  0.782297  0.586644  0.254931  0.362132  0.753515  0.631034  0.494184  0.487350 
8  0.267715  0.219805  0.239128  0.126934  0.445898  0.400361  0.293160  0.383814 0.0  0.345875  0.686570  0.683178  0.528953  0.423706  0.240019  0.139582  0.362027  0.297159  0.253140  0.277047  0.515695  0.458271  0.640293  0.299268  0.254666  0.434049  0.364006  0.672383  0.152869  0.364495  0.420593  0.473570  0.444748  0.360907  0.516546  0.367956  0.524169  0.417970  0.412972  0.290901  0.471463  0.500004  0.278987  0.436629  0.223326  0.480756  0.501462  0.532971  0.552534  0.149257  0.569324  0.304250  0.233300  0.380676  0.462900  0.475237  0.084319  0.099336  0.691201  0.453781  0.150433  0.237574 
9  0.408526  0.398236  0.493295  0.539141  0.285384  0.585234  0.534304  0.595943  0.345875 0.0  0.606409  0.538404  0.466897  0.155367  0.442490  0.372003  0.297784  0.383453  0.346517  0.285132  0.251400  0.154043  0.216128  0.157280  0.435252  0.170275  0.423035  0.496631  0.356480  0.091226  0.090280  0.078255  0.175777  0.152510  0.102653  0.087242  0.286909  0.164565  0.215955  0.078255  0.188084  0.246019  0.408611  0.328418  0.503063  0.562278  0.147277  0.102259  0.127968  0.337473  0.169914  0.462901  0.390304  0.486409  0.236167  0.142032  0.329099  0.460254  0.409159  0.132722  0.400802  0.366992 
10  0.838952  0.487591  0.728052  0.776357  0.639038  0.925834  0.715146  0.657632  0.686570  0.606409 0.0  0.082080  0.954117  0.463484  0.853102  0.621934  0.850885  0.875844  0.841524  0.810123  0.611637  0.506617  0.397199  0.473643  0.571755  0.708129  0.992328  0.261691  0.729431  0.632304  0.533373  0.624103  0.552905  0.546906  0.525741  0.546617  0.561189  0.485859  0.392746  0.480688  0.437190  0.482465  0.621347  0.481760  0.738730  0.969927  0.447337  0.490441  0.530851  0.910082  0.553174  0.901600  0.745943  1.000000  0.522175  0.472381  0.648543  0.718411  0.354664  0.592121  0.881297  0.842408 
11  0.847321  0.552623  0.883876  0.800737  0.419700  0.760900  0.764861  0.695492  0.683178  0.538404  0.082080 0.0  0.945855  0.577265  0.835261  0.558717  0.864930  0.762619  0.804448  0.821310  0.480284  0.506176  0.531078  0.621488  0.647304  0.497741  0.966684  0.216467  0.710910  0.466977  0.480821  0.565720  0.492006  0.560220  0.563094  0.451369  0.561416  0.587537  0.432442  0.511309  0.470876  0.523102  0.710819  0.488219  0.920874  0.945624  0.668720  0.552525  0.528215  0.918177  0.533839  0.883425  0.825821  0.997874  0.602833  0.467383  0.890199  0.689796  0.276773  0.596413  0.862433  0.882615 
12  0.260573  0.683468  0.311473  0.605847  0.537012  0.554531  0.593421  0.711975  0.528953  0.466897  0.954117  0.945855 0.0  0.597039  0.345282  0.627511  0.224894  0.283099  0.272404  0.275342  0.533769  0.593338  0.712650  0.490622  0.654278  0.597895  0.243913  0.893953  0.381634  0.500662  0.601295  0.525602  0.451036  0.343942  0.431408  0.372288  0.488016  0.457820  0.558253  0.432671  0.502350  0.514140  0.676907  0.539869  0.365344  0.123745  0.446208  0.521829  0.367317  0.392559  0.591314  0.274498  0.241166  0.232967  0.471370  0.440035  0.406863  0.389855  0.863904  0.495642  0.291373  0.291892 
13  0.463307  0.424334  0.369952  0.460748  0.094993  0.637958  0.669144  0.532943  0.423706  0.155367  0.463484  0.577265  0.597039 0.0  0.517335  0.380025  0.509996  0.469370  0.343587  0.446186  0.256983  0.154503  0.167055  0.078255  0.536394  0.131382  0.515316  0.570536  0.496077  0.197231  0.257363  0.116772  0.160988  0.222023  0.078255  0.245385  0.128734  0.078255  0.084310  0.136556  0.125103  0.200748  0.438321  0.095729  0.580440  0.491466  0.197294  0.078255  0.164060  0.520173  0.186440  0.569005  0.433245  0.705709  0.193019  0.151209  0.550813  0.397116  0.497370  0.082871  0.384893  0.507438 
14  0.229793  0.443849  0.083854  0.426767  0.511688  0.392103  0.429549  0.484547  0.240019  0.442490  0.853102  0.835261  0.345282  0.517335 0.0  0.386332  0.188680  0.133824  0.103170  0.078255  0.478754  0.496681  0.505264  0.495880  0.491408  0.399561  0.289823  0.793862  0.156611  0.416057  0.554802  0.541019  0.315720  0.484615  0.419116  0.500942  0.439246  0.465851  0.471249  0.490837  0.430764  0.543079  0.552657  0.419086  0.099540  0.099066  0.492145  0.428884  0.503410  0.151616  0.507004  0.078255  0.129054  0.127151  0.466184  0.489038  0.252119  0.355485  0.756676  0.471262  0.125090  0.173177 
15  0.315162  0.134679  0.405711  0.099965  0.427174  0.318329  0.239325  0.310934  0.139582  0.372003  0.621934  0.558717  0.627511  0.380025  0.386332 0.0  0.503895  0.486218  0.391298  0.324037  0.502436  0.559874  0.473132  0.423010  0.158252  0.483869  0.550025  0.447383  0.329157  0.411811  0.519792  0.404473  0.361934  0.528372  0.352180  0.491536  0.440671  0.467248  0.438890  0.450617  0.355992  0.522634  0.180485  0.527195  0.431777  0.609839  0.483658  0.482986  0.440141  0.328254  0.563377  0.351391  0.307471  0.528453  0.579652  0.475772  0.248612  0.302151  0.596962  0.447068  0.388473  0.413038 
16  0.163636  0.427409  0.152766  0.383690  0.488408  0.456883  0.513985  0.468429  0.362027  0.297784  0.850885  0.864930  0.224894  0.509996  0.188680  0.503895 0.0  0.187418  0.091293  0.078255  0.534754  0.308741  0.604163  0.374969  0.392797  0.478652  0.283531  0.790571  0.127752  0.415505  0.508394  0.403689  0.368657  0.430329  0.557089  0.450068  0.472132  0.458151  0.461898  0.428895  0.512408  0.501871  0.528571  0.656642  0.260793  0.207013  0.538326  0.425396  0.564219  0.178141  0.535895  0.127495  0.145994  0.222359  0.401431  0.489948  0.283896  0.310763  0.690723  0.503393  0.108461  0.078890 
17  0.112429  0.535144  0.180156  0.388459  0.548865  0.480758  0.541735  0.491076  0.297159  0.383453  0.875844  0.762619  0.283099  0.469370  0.133824  0.486218  0.187418 0.0  0.079832  0.183218  0.529919  0.445081  0.613849  0.450462  0.519854  0.428951  0.181176  0.713357  0.173804  0.458369  0.545307  0.334995  0.469375  0.417723  0.394990  0.291371  0.457615  0.457280  0.340848  0.363180  0.485189  0.468224  0.505058  0.501506  0.152132  0.214049  0.484863  0.455151  0.402486  0.110915  0.457033  0.133315  0.157147  0.251623  0.432643  0.548265  0.261514  0.165622  0.737720  0.399717  0.129232  0.138419 
18  0.123183  0.416425  0.078255  0.301991  0.511265  0.366246  0.477375  0.456812  0.253140  0.346517  0.841524  0.804448  0.272404  0.343587  0.103170  0.391298  0.091293  0.079832 0.0  0.143302  0.451367  0.382424  0.650020  0.481890  0.368647  0.332634  0.306241  0.730259  0.157704  0.481478  0.513462  0.453012  0.463820  0.560464  0.445522  0.408579  0.480316  0.433322  0.504416  0.401390  0.388523  0.505356  0.466611  0.543789  0.142890  0.209934  0.551138  0.544311  0.448783  0.304790  0.458651  0.078255  0.115068  0.193857  0.593615  0.465124  0.181455  0.220365  0.595535  0.510812  0.136424  0.078255 
19  0.078255  0.515894  0.095287  0.297307  0.562629  0.468656  0.504859  0.527884  0.277047  0.285132  0.810123  0.821310  0.275342  0.446186  0.078255  0.324037  0.078255  0.183218  0.143302 0.0  0.475363  0.343526  0.517484  0.429073  0.365795  0.433093  0.272311  0.723382  0.270749  0.416093  0.492862  0.459265  0.312229  0.374861  0.435339  0.452677  0.456162  0.393459  0.496685  0.356169  0.379882  0.484465  0.473868  0.467192  0.250485  0.331991  0.571020  0.499470  0.452728  0.078255  0.584619  0.078255  0.131569  0.211645  0.286793  0.498319  0.299761  0.214607  0.760432  0.493900  0.184066  0.078255 
20  0.542593  0.621399  0.567991  0.608482  0.156397  0.712065  0.719906  0.730389  0.515695  0.251400  0.611637  0.480284  0.533769  0.256983  0.478754  0.502436  0.534754  0.529919  0.451367  0.475363 0.0  0.149367  0.078255  0.200447  0.551679  0.138061  0.619700  0.532367  0.473812  0.122099  0.125670  0.173210  0.118343  0.180402  0.193413  0.116330  0.078255  0.173663  0.140484  0.163110  0.208600  0.167681  0.622081  0.129480  0.580551  0.671268  0.106714  0.145825  0.129083  0.603920  0.078255  0.472353  0.507782  0.592619  0.132989  0.078255  0.727761  0.470663  0.346234  0.242900  0.534234  0.561582 
21  0.418851  0.521965  0.544095  0.532366  0.148311  0.643828  0.705652  0.799604  0.458271  0.154043  0.506617  0.506176  0.593338  0.154503  0.496681  0.559874  0.308741  0.445081  0.382424  0.343526  0.149367 0.0  0.078255  0.119477  0.567275  0.130517  0.524176  0.473595  0.547729  0.078255  0.078255  0.078255  0.078255  0.112140  0.143222  0.078255  0.078255  0.078255  0.078255  0.078255  0.078255  0.173748  0.500229  0.202426  0.473707  0.555978  0.208226  0.078255  0.078255  0.537372  0.140226  0.500921  0.474398  0.624054  0.078255  0.098456  0.478572  0.410048  0.426382  0.078255  0.470765  0.479243 
22  0.539152  0.561258  0.446319  0.612289  0.131778  0.806243  0.792117  0.652593  0.640293  0.216128  0.397199  0.531078  0.712650  0.167055  0.505264  0.473132  0.604163  0.613849  0.650020  0.517484  0.078255  0.078255 0.0  0.231627  0.533003  0.188707  0.489876  0.399144  0.504176  0.222899  0.168372  0.123328  0.141230  0.329107  0.220855  0.196178  0.293107  0.217610  0.223192  0.210915  0.099744  0.131166  0.499568  0.126112  0.602249  0.748533  0.140866  0.169889  0.163961  0.631371  0.141253  0.539718  0.630102  0.809915  0.146675  0.280457  0.595140  0.591097  0.251368  0.229191  0.554465  0.597953 
23  0.501736  0.372087  0.481236  0.644824  0.199771  0.615601  0.536948  0.633300  0.299268  0.157280  0.473643  0.621488  0.490622  0.078255  0.495880  0.423010  0.374969  0.450462  0.481890  0.429073  0.200447  0.119477  0.231627 0.0  0.541243  0.162227  0.550443  0.572004  0.499704  0.101639  0.199114  0.135747  0.214072  0.078255  0.141060  0.130910  0.093774  0.078255  0.090946  0.088752  0.231539  0.226211  0.538679  0.105066  0.453680  0.604923  0.159803  0.078255  0.091738  0.393183  0.173013  0.464705  0.490928  0.607910  0.186776  0.124772  0.563550  0.479959  0.400951  0.102170  0.499327  0.392531 
24  0.531167  0.126608  0.423909  0.270980  0.591300  0.246020  0.213851  0.266413  0.254666  0.435252  0.571755  0.647304  0.654278  0.536394  0.491408  0.158252  0.392797  0.519854  0.368647  0.365795  0.551679  0.567275  0.533003  0.541243 0.0  0.463142  0.648745  0.420539  0.268775  0.455356  0.585666  0.575335  0.510205  0.562196  0.458005  0.497898  0.499405  0.548288  0.569231  0.514907  0.523638  0.539408  0.162970  0.571840  0.584732  0.696406  0.552649  0.532507  0.591367  0.432222  0.534592  0.450199  0.427607  0.592281  0.576707  0.522305  0.351418  0.194527  0.620373  0.451697  0.501377  0.466143 
25  0.429352  0.490004  0.434925  0.532633  0.198726  0.511692  0.642905  0.633951  0.434049  0.170275  0.708129  0.497741  0.597895  0.131382  0.399561  0.483869  0.478652  0.428951  0.332634  0.433093  0.138061  0.130517  0.188707  0.162227  0.463142 0.0  0.470183  0.581948  0.440908  0.143805  0.190185  0.078255  0.204978  0.086085  0.123344  0.083047  0.142536  0.078255  0.089533  0.147294  0.133036  0.206630  0.562999  0.084577  0.480140  0.498658  0.213455  0.139615  0.130196  0.510861  0.106764  0.520036  0.376409  0.510844  0.081121  0.181551  0.450413  0.495481  0.367773  0.078255  0.467485  0.486230 
26  0.197311  0.651172  0.369995  0.522866  0.639258  0.535133  0.680536  0.658494  0.364006  0.423035  0.992328  0.966684  0.243913  0.515316  0.289823  0.550025  0.283531  0.181176  0.306241  0.272311  0.619700  0.524176  0.489876  0.550443  0.648745  0.470183 0.0  0.888932  0.363736  0.488129  0.636785  0.450103  0.364550  0.389618  0.495870  0.470183  0.559282  0.499441  0.480879  0.468400  0.551348  0.590041  0.688458  0.589076  0.254906  0.090917  0.569575  0.613917  0.528293  0.455145  0.591804  0.302203  0.298740  0.461358  0.518174  0.400704  0.313339  0.365399  0.729042  0.559972  0.367001  0.241058 
27  0.766898  0.320970  0.661332  0.436586  0.442982  0.802121  0.706491  0.523293  0.672383  0.496631  0.261691  0.216467  0.893953  0.570536  0.793862  0.447383  0.790571  0.713357  0.730259  0.723382  0.532367  0.473595  0.399144  0.572004  0.420539  0.581948  0.888932 0.0  0.708947  0.525758  0.500795  0.471190  0.587130  0.493668  0.612050  0.630098  0.532384  0.456664  0.457659  0.532589  0.554896  0.530224  0.460671  0.471623  0.838170  0.852178  0.380097  0.529971  0.526670  0.779972  0.491866  0.758061  0.831809  0.860362  0.509755  0.574634  0.665739  0.759876  0.335851  0.496026  0.799889  0.762555 
28  0.193938  0.351952  0.080299  0.344080  0.555036  0.363691  0.421339  0.462742  0.152869  0.356480  0.729431  0.710910  0.381634  0.496077  0.156611  0.329157  0.127752  0.173804  0.157704  0.270749  0.473812  0.547729  0.504176  0.499704  0.268775  0.440908  0.363736  0.708947 0.0  0.419144  0.429839  0.495439  0.403953  0.404032  0.441529  0.448182  0.334590  0.550543  0.479582  0.430235  0.439173  0.568300  0.339823  0.519251  0.124428  0.234531  0.504456  0.489695  0.452406  0.249500  0.494440  0.182409  0.135826  0.322763  0.535271  0.538271  0.127223  0.135985  0.659099  0.400582  0.081280  0.208753 
29  0.496084  0.568919  0.390057  0.583384  0.167769  0.663547  0.604194  0.599365  0.364495  0.091226  0.632304  0.466977  0.500662  0.197231  0.416057  0.411811  0.415505  0.458369  0.481478  0.416093  0.122099  0.078255  0.222899  0.101639  0.455356  0.143805  0.488129  0.525758  0.419144 0.0  0.150683  0.135943  0.078255  0.168335  0.093877  0.129585  0.223451  0.205778  0.171050  0.172044  0.154088  0.179968  0.356530  0.078255  0.431151  0.505822  0.140089  0.078255  0.109365  0.589695  0.264889  0.440047  0.479989  0.575480  0.209723  0.111926  0.271776  0.387053  0.416279  0.116130  0.416198  0.462097 
30  0.512262  0.493023  0.470528  0.488794  0.078255  0.710892  0.759291  0.611664  0.420593  0.090280  0.533373  0.480821  0.601295  0.257363  0.554802  0.519792  0.508394  0.545307  0.513462  0.492862  0.125670  0.078255  0.168372  0.199114  0.585666  0.190185  0.636785  0.500795  0.429839  0.150683 0.0  0.109342  0.112347  0.150751  0.119028  0.221678  0.131897  0.158814  0.080236  0.189753  0.156416  0.078255  0.537532  0.078255  0.507328  0.536169  0.083599  0.078255  0.078255  0.568004  0.126517  0.554729  0.471420  0.531677  0.229857  0.159757  0.473877  0.466775  0.253488  0.102006  0.434557  0.516905 
31  0.421438  0.423882  0.565770  0.634696  0.184169  0.557371  0.649624  0.669719  0.473570  0.078255  0.624103  0.565720  0.525602  0.116772  0.541019  0.404473  0.403689  0.334995  0.453012  0.459265  0.173210  0.078255  0.123328  0.135747  0.575335  0.078255  0.450103  0.471190  0.495439  0.135943  0.109342 0.0  0.105983  0.080671  0.078255  0.078255  0.195898  0.078255  0.078255  0.078255  0.124079  0.078255  0.544143  0.112103  0.527663  0.568641  0.132784  0.081159  0.116281  0.474807  0.256373  0.464098  0.473352  0.600700  0.156860  0.085113  0.398031  0.439166  0.337824  0.093056  0.377133  0.409922 
32  0.451022  0.449269  0.449977  0.491732  0.224211  0.612343  0.556677  0.600301  0.444748  0.175777  0.552905  0.492006  0.451036  0.160988  0.315720  0.361934  0.368657  0.469375  0.463820  0.312229  0.118343  0.078255  0.141230  0.214072  0.510205  0.204978  0.364550  0.587130  0.403953  0.078255  0.112347  0.105983 0.0  0.151083  0.120162  0.078255  0.144218  0.241325  0.078255  0.217604  0.078255  0.255008  0.554973  0.188109  0.480464  0.554684  0.192590  0.107166  0.190337  0.555519  0.240238  0.473773  0.499044  0.589950  0.094047  0.131039  0.355315  0.540582  0.383494  0.162130  0.429777  0.438823 
33  0.495920  0.379890  0.425997  0.595530  0.136898  0.586241  0.637980  0.643705  0.360907  0.152510  0.546906  0.560220  0.343942  0.222023  0.484615  0.528372  0.430329  0.417723  0.560464  0.374861  0.180402  0.112140  0.329107  0.078255  0.562196  0.086085  0.389618  0.493668  0.404032  0.168335  0.150751  0.080671  0.151083 0.0  0.078255  0.078255  0.078255  0.136010  0.176060  0.137845  0.078255  0.146675  0.508174  0.078255  0.562410  0.527288  0.210655  0.112900  0.078255  0.561167  0.143027  0.482011  0.482989  0.505693  0.109624  0.161176  0.441459  0.503708  0.255839  0.079170  0.412545  0.346246 
34  0.367860  0.513655  0.378483  0.571139  0.135544  0.701396  0.627371  0.626921  0.516546  0.102653  0.525741  0.563094  0.431408  0.078255  0.419116  0.352180  0.557089  0.394990  0.445522  0.435339  0.193413  0.143222  0.220855  0.141060  0.458005  0.123344  0.495870  0.612050  0.441529  0.093877  0.119028  0.078255  0.120162  0.078255 0.0  0.098884  0.078255  0.078255  0.161642  0.203544  0.078742  0.195415  0.500549  0.230287  0.563869  0.512088  0.307377  0.272089  0.144581  0.467188  0.265007  0.469496  0.464088  0.606262  0.118517  0.118554  0.441809  0.403567  0.347398  0.078255  0.327888  0.415584 
35  0.506436  0.473185  0.475639  0.506772  0.123132  0.613416  0.687463  0.561355  0.367956  0.087242  0.546617  0.451369  0.372288  0.245385  0.500942  0.491536  0.450068  0.291371  0.408579  0.452677  0.116330  0.078255  0.196178  0.130910  0.497898  0.083047  0.470183  0.630098  0.448182  0.129585  0.221678  0.078255  0.078255  0.078255  0.098884 0.0  0.110353  0.142900  0.167646  0.122685  0.118707  0.282597  0.501027  0.078255  0.634560  0.526328  0.142604  0.092339  0.078255  0.477951  0.214655  0.454694  0.437181  0.559376  0.078255  0.078255  0.507472  0.425995  0.312690  0.134871  0.427404  0.453239 
36  0.440864  0.552607  0.441722  0.475720  0.138225  0.676604  0.679697  0.648181  0.524169  0.286909  0.561189  0.561416  0.488016  0.128734  0.439246  0.440671  0.472132  0.457615  0.480316  0.456162  0.078255  0.078255  0.293107  0.093774  0.499405  0.142536  0.559282  0.532384  0.334590  0.223451  0.131897  0.195898  0.144218  0.078255  0.078255  0.110353 0.0  0.078255  0.110627  0.084124  0.173820  0.279127  0.567485  0.086084  0.557068  0.547623  0.139660  0.078255  0.164041  0.633454  0.181958  0.508481  0.370271  0.515319  0.112863  0.155380  0.579254  0.602112  0.289086  0.078255  0.426985  0.408134 
37  0.395239  0.353643  0.529293  0.437633  0.161069  0.623370  0.625946  0.647435  0.417970  0.164565  0.485859  0.587537  0.457820  0.078255  0.465851  0.467248  0.458151  0.457280  0.433322  0.393459  0.173663  0.078255  0.217610  0.078255  0.548288  0.078255  0.499441  0.456664  0.550543  0.205778  0.158814  0.078255  0.241325  0.136010  0.078255  0.142900  0.078255 0.0  0.161786  0.078255  0.078255  0.186856  0.535223  0.078255  0.594133  0.408790  0.178565  0.226033  0.078255  0.526473  0.210145  0.409999  0.475318  0.661363  0.131992  0.121680  0.363563  0.521076  0.339222  0.078255  0.353506  0.480000 
38  0.403527  0.369100  0.458937  0.562656  0.178127  0.630843  0.672140  0.601831  0.412972  0.215955  0.392746  0.432442  0.558253  0.084310  0.471249  0.438890  0.461898  0.340848  0.504416  0.496685  0.140484  0.078255  0.223192  0.090946  0.569231  0.089533  0.480879  0.457659  0.479582  0.171050  0.080236  0.078255  0.078255  0.176060  0.161642  0.167646  0.110627  0.161786 0.0  0.130975  0.102413  0.150181  0.431198  0.227012  0.511322  0.485658  0.259189  0.110167  0.078255  0.554928  0.258780  0.468174  0.436969  0.576762  0.133479  0.256886  0.444888  0.471415  0.318943  0.227444  0.554850  0.454735 
39  0.527167  0.465971  0.464333  0.517882  0.078255  0.780705  0.642465  0.620413  0.290901  0.078255  0.480688  0.511309  0.432671  0.136556  0.490837  0.450617  0.428895  0.363180  0.401390  0.356169  0.163110  0.078255  0.210915  0.088752  0.514907  0.147294  0.468400  0.532589  0.430235  0.172044  0.189753  0.078255  0.217604  0.137845  0.203544  0.122685  0.084124  0.078255  0.130975 0.0  0.151174  0.169832  0.588764  0.272688  0.544570  0.541422  0.138291  0.160533  0.078255  0.585011  0.194551  0.521933  0.357490  0.546921  0.126470  0.155180  0.530992  0.540715  0.354337  0.078255  0.380685  0.325604 
40  0.514995  0.450814  0.468549  0.642257  0.078255  0.682371  0.623264  0.628755  0.471463  0.188084  0.437190  0.470876  0.502350  0.125103  0.430764  0.355992  0.512408  0.485189  0.388523  0.379882  0.208600  0.078255  0.099744  0.231539  0.523638  0.133036  0.551348  0.554896  0.439173  0.154088  0.156416  0.124079  0.078255  0.078255  0.078742  0.118707  0.173820  0.078255  0.102413  0.151174 0.0  0.178269  0.539800  0.205317  0.512831  0.679040  0.115445  0.078255  0.078255  0.504582  0.164982  0.479210  0.503536  0.567132  0.078255  0.166308  0.461622  0.546268  0.264338  0.093754  0.494796  0.535707 
41  0.381782  0.598345  0.573609  0.593695  0.091731  0.747162  0.680674  0.633522  0.500004  0.246019  0.482465  0.523102  0.514140  0.200748  0.543079  0.522634  0.501871  0.468224  0.505356  0.484465  0.167681  0.173748  0.131166  0.226211  0.539408  0.206630  0.590041  0.530224  0.568300  0.179968  0.078255  0.078255  0.255008  0.146675  0.195415  0.282597  0.279127  0.186856  0.150181  0.169832  0.178269 0.0  0.712836  0.178664  0.645706  0.643450  0.089532  0.093168  0.089975  0.601290  0.110443  0.483950  0.521053  0.590794  0.089108  0.078255  0.594110  0.507650  0.340566  0.168861  0.554522  0.491825 
42  0.504697  0.183633  0.532342  0.177553  0.594056  0.241265  0.317424  0.298027  0.278987  0.408611  0.621347  0.710819  0.676907  0.438321  0.552657  0.180485  0.528571  0.505058  0.466611  0.473868  0.622081  0.500229  0.499568  0.538679  0.162970  0.562999  0.688458  0.460671  0.339823  0.356530  0.537532  0.544143  0.554973  0.508174  0.500549  0.501027  0.567485  0.535223  0.431198  0.588764  0.539800  0.712836 0.0  0.476920  0.445568  0.634002  0.535414  0.637627  0.414740  0.287858  0.591873  0.474454  0.617228  0.589844  0.556842  0.470133  0.389997  0.402333  0.715136  0.459825  0.464753  0.498274 
43  0.555832  0.483212  0.503515  0.644478  0.178966  0.724079  0.719135  0.708579  0.436629  0.328418  0.481760  0.488219  0.539869  0.095729  0.419086  0.527195  0.656642  0.501506  0.543789  0.467192  0.129480  0.202426  0.126112  0.105066  0.571840  0.084577  0.589076  0.471623  0.519251  0.078255  0.078255  0.112103  0.188109  0.078255  0.230287  0.078255  0.086084  0.078255  0.227012  0.272688  0.205317  0.178664  0.476920 0.0  0.577951  0.564944  0.096158  0.078255  0.107074  0.587775  0.078255  0.544176  0.472812  0.669133  0.078255  0.079676  0.481245  0.551150  0.239810  0.109761  0.371728  0.616312 
44  0.172098  0.456111  0.209045  0.375272  0.675864  0.350305  0.390240  0.358408  0.223326  0.503063  0.738730  0.920874  0.365344  0.580440  0.099540  0.431777  0.260793  0.152132  0.142890  0.250485  0.580551  0.473707  0.602249  0.453680  0.584732  0.480140  0.254906  0.838170  0.124428  0.431151  0.507328  0.527663  0.480464  0.562410  0.563869  0.634560  0.557068  0.594133  0.511322  0.544570  0.512831  0.645706  0.445568  0.577951 0.0  0.292033  0.616341  0.602326  0.517027  0.173816  0.517006  0.078255  0.078255  0.246893  0.652188  0.658969  0.206584  0.091624  0.802965  0.389442  0.111510  0.216554 
45  0.149175  0.631731  0.354911  0.459859  0.639358  0.523132  0.607973  0.663961  0.480756  0.562278  0.969927  0.945624  0.123745  0.491466  0.099066  0.609839  0.207013  0.214049  0.209934  0.331991  0.671268  0.555978  0.748533  0.604923  0.696406  0.498658  0.090917  0.852178  0.234531  0.505822  0.536169  0.568641  0.554684  0.527288  0.512088  0.526328  0.547623  0.408790  0.485658  0.541422  0.679040  0.643450  0.634002  0.564944  0.292033 0.0  0.676164  0.487001  0.567867  0.315307  0.552592  0.226105  0.169110  0.213526  0.548755  0.599909  0.405897  0.433977  0.975452  0.551807  0.282308  0.273669 
46  0.535103  0.493434  0.591654  0.625073  0.162389  0.665551  0.758023  0.681444  0.501462  0.147277  0.447337  0.668720  0.446208  0.197294  0.492145  0.483658  0.538326  0.484863  0.551138  0.571020  0.106714  0.208226  0.140866  0.159803  0.552649  0.213455  0.569575  0.380097  0.504456  0.140089  0.083599  0.132784  0.192590  0.210655  0.307377  0.142604  0.139660  0.178565  0.259189  0.138291  0.115445  0.089532  0.535414  0.096158  0.616341  0.676164 0.0  0.142015  0.219652  0.639641  0.139055  0.498256  0.491731  0.762490  0.103327  0.249209  0.507995  0.721155  0.157935  0.153173  0.480756  0.496665 
47  0.550574  0.533044  0.420668  0.579568  0.078255  0.717034  0.799670  0.600127  0.532971  0.102259  0.490441  0.552525  0.521829  0.078255  0.428884  0.482986  0.425396  0.455151  0.544311  0.499470  0.145825  0.078255  0.169889  0.078255  0.532507  0.139615  0.613917  0.529971  0.489695  0.078255  0.078255  0.081159  0.107166  0.112900  0.272089  0.092339  0.078255  0.226033  0.110167  0.160533  0.078255  0.093168  0.637627  0.078255  0.602326  0.487001  0.142015 0.0  0.159859  0.508155  0.111276  0.472261  0.631733  0.544357  0.131461  0.197218  0.585461  0.531215  0.294559  0.155768  0.439887  0.517531 
48  0.413338  0.476451  0.439708  0.632598  0.200684  0.634172  0.611600  0.643531  0.552534  0.127968  0.530851  0.528215  0.367317  0.164060  0.503410  0.440141  0.564219  0.402486  0.448783  0.452728  0.129083  0.078255  0.163961  0.091738  0.591367  0.130196  0.528293  0.526670  0.452406  0.109365  0.078255  0.116281  0.190337  0.078255  0.144581  0.078255  0.164041  0.078255  0.078255  0.078255  0.078255  0.089975  0.414740  0.107074  0.517027  0.567867  0.219652  0.159859 0.0  0.469199  0.126774  0.480021  0.491868  0.612690  0.186237  0.119417  0.468604  0.420934  0.433006  0.093646  0.491908  0.399566 
49  0.103323  0.427182  0.206783  0.336786  0.694031  0.397880  0.388474  0.429012  0.149257  0.337473  0.910082  0.918177  0.392559  0.520173  0.151616  0.328254  0.178141  0.110915  0.304790  0.078255  0.603920  0.537372  0.631371  0.393183  0.432222  0.510861  0.455145  0.779972  0.249500  0.589695  0.568004  0.474807  0.555519  0.561167  0.467188  0.477951  0.633454  0.526473  0.554928  0.585011  0.504582  0.601290  0.287858  0.587775  0.173816  0.315307  0.639641  0.508155  0.469199 0.0  0.621200  0.113315  0.143404  0.158371  0.561958  0.688819  0.078255  0.155726  0.741253  0.499753  0.308701  0.226787 
50  0.635736  0.504317  0.355151  0.624334  0.179628  0.643689  0.854587  0.665623  0.569324  0.169914  0.553174  0.533839  0.591314  0.186440  0.507004  0.563377  0.535895  0.457033  0.458651  0.584619  0.078255  0.140226  0.141253  0.173013  0.534592  0.106764  0.591804  0.491866  0.494440  0.264889  0.126517  0.256373  0.240238  0.143027  0.265007  0.214655  0.181958  0.210145  0.258780  0.194551  0.164982  0.110443  0.591873  0.078255  0.517006  0.552592  0.139055  0.111276  0.126774  0.621200 0.0  0.397360  0.574233  0.627733  0.108532  0.115555  0.559777  0.570044  0.355048  0.119214  0.462918  0.571508 
51  0.078255  0.468195  0.201409  0.345598  0.555282  0.417713  0.470344  0.503587  0.304250  0.462901  0.901600  0.883425  0.274498  0.569005  0.078255  0.351391  0.127495  0.133315  0.078255  0.078255  0.472353  0.500921  0.539718  0.464705  0.450199  0.520036  0.302203  0.758061  0.182409  0.440047  0.554729  0.464098  0.473773  0.482011  0.469496  0.454694  0.508481  0.409999  0.468174  0.521933  0.479210  0.483950  0.474454  0.544176  0.078255  0.226105  0.498256  0.472261  0.480021  0.113315  0.397360 0.0  0.078255  0.195907  0.660090  0.446744  0.248140  0.288095  0.794132  0.539447  0.078255  0.078255 
52  0.185889  0.382165  0.121170  0.266355  0.465303  0.393357  0.416862  0.507209  0.233300  0.390304  0.745943  0.825821  0.241166  0.433245  0.129054  0.307471  0.145994  0.157147  0.115068  0.131569  0.507782  0.474398  0.630102  0.490928  0.427607  0.376409  0.298740  0.831809  0.135826  0.479989  0.471420  0.473352  0.499044  0.482989  0.464088  0.437181  0.370271  0.475318  0.436969  0.357490  0.503536  0.521053  0.617228  0.472812  0.078255  0.169110  0.491731  0.631733  0.491868  0.143404  0.574233  0.078255 0.0  0.218917  0.548902  0.499438  0.199237  0.171302  0.730863  0.534655  0.172044  0.078255 
53  0.207076  0.573464  0.231592  0.435290  0.648102  0.569174  0.493385  0.484232  0.380676  0.486409  1.000000  0.997874  0.232967  0.705709  0.127151  0.528453  0.222359  0.251623  0.193857  0.211645  0.592619  0.624054  0.809915  0.607910  0.592281  0.510844  0.461358  0.860362  0.322763  0.575480  0.531677  0.600700  0.589950  0.505693  0.606262  0.559376  0.515319  0.661363  0.576762  0.546921  0.567132  0.590794  0.589844  0.669133  0.246893  0.213526  0.762490  0.544357  0.612690  0.158371  0.627733  0.195907  0.218917 0.0  0.567195  0.589654  0.308070  0.371091  0.859544  0.725655  0.217494  0.113285 
54  0.513732  0.605360  0.510153  0.684248  0.078255  0.668264  0.655015  0.782297  0.462900  0.236167  0.522175  0.602833  0.471370  0.193019  0.466184  0.579652  0.401431  0.432643  0.593615  0.286793  0.132989  0.078255  0.146675  0.186776  0.576707  0.081121  0.518174  0.509755  0.535271  0.209723  0.229857  0.156860  0.094047  0.109624  0.118517  0.078255  0.112863  0.131992  0.133479  0.126470  0.078255  0.089108  0.556842  0.078255  0.652188  0.548755  0.103327  0.131461  0.186237  0.561958  0.108532  0.660090  0.548902  0.567195 0.0  0.078255  0.611804  0.400635  0.236958  0.078255  0.542906  0.552693 
55  0.429824  0.535780  0.525338  0.588235  0.078255  0.586874  0.720888  0.586644  0.475237  0.142032  0.472381  0.467383  0.440035  0.151209  0.489038  0.475772  0.489948  0.548265  0.465124  0.498319  0.078255  0.098456  0.280457  0.124772  0.522305  0.181551  0.400704  0.574634  0.538271  0.111926  0.159757  0.085113  0.131039  0.161176  0.118554  0.078255  0.155380  0.121680  0.256886  0.155180  0.166308  0.078255  0.470133  0.079676  0.658969  0.599909  0.249209  0.197218  0.119417  0.688819  0.115555  0.446744  0.499438  0.589654  0.078255 0.0  0.434783  0.525618  0.406150  0.078255  0.504990  0.438682 
56  0.196533  0.304153  0.240810  0.201355  0.577006  0.319933  0.292366  0.254931  0.084319  0.329099  0.648543  0.890199  0.406863  0.550813  0.252119  0.248612  0.283896  0.261514  0.181455  0.299761  0.727761  0.478572  0.595140  0.563550  0.351418  0.450413  0.313339  0.665739  0.127223  0.271776  0.473877  0.398031  0.355315  0.441459  0.441809  0.507472  0.579254  0.363563  0.444888  0.530992  0.461622  0.594110  0.389997  0.481245  0.206584  0.405897  0.507995  0.585461  0.468604  0.078255  0.559777  0.248140  0.199237  0.308070  0.611804  0.434783 0.0  0.078255  0.695739  0.443838  0.238799  0.251906 
57  0.281944  0.375611  0.154926  0.183556  0.519520  0.252848  0.322514  0.362132  0.099336  0.460254  0.718411  0.689796  0.389855  0.397116  0.355485  0.302151  0.310763  0.165622  0.220365  0.214607  0.470663  0.410048  0.591097  0.479959  0.194527  0.495481  0.365399  0.759876  0.135985  0.387053  0.466775  0.439166  0.540582  0.503708  0.403567  0.425995  0.602112  0.521076  0.471415  0.540715  0.546268  0.507650  0.402333  0.551150  0.091624  0.433977  0.721155  0.531215  0.420934  0.155726  0.570044  0.288095  0.171302  0.371091  0.400635  0.525618  0.078255 0.0  0.884942  0.416462  0.174935  0.173990 
58  0.845819  0.600917  0.741403  0.698530  0.357279  0.948531  0.850683  0.753515  0.691201  0.409159  0.354664  0.276773  0.863904  0.497370  0.756676  0.596962  0.690723  0.737720  0.595535  0.760432  0.346234  0.426382  0.251368  0.400951  0.620373  0.367773  0.729042  0.335851  0.659099  0.416279  0.253488  0.337824  0.383494  0.255839  0.347398  0.312690  0.289086  0.339222  0.318943  0.354337  0.264338  0.340566  0.715136  0.239810  0.802965  0.975452  0.157935  0.294559  0.433006  0.741253  0.355048  0.794132  0.730863  0.859544  0.236958  0.406150  0.695739  0.884942 0.0  0.364100  0.780065  0.780036 
59  0.557605  0.452485  0.393471  0.603590  0.151720  0.660017  0.535001  0.631034  0.453781  0.132722  0.592121  0.596413  0.495642  0.082871  0.471262  0.447068  0.503393  0.399717  0.510812  0.493900  0.242900  0.078255  0.229191  0.102170  0.451697  0.078255  0.559972  0.496026  0.400582  0.116130  0.102006  0.093056  0.162130  0.079170  0.078255  0.134871  0.078255  0.078255  0.227444  0.078255  0.093754  0.168861  0.459825  0.109761  0.389442  0.551807  0.153173  0.155768  0.093646  0.499753  0.119214  0.539447  0.534655  0.725655  0.078255  0.078255  0.443838  0.416462  0.364100 0.0  0.351857  0.404057 
60  0.078255  0.484584  0.211688  0.354156  0.625725  0.419702  0.499495  0.494184  0.150433  0.400802  0.881297  0.862433  0.291373  0.384893  0.125090  0.388473  0.108461  0.129232  0.136424  0.184066  0.534234  0.470765  0.554465  0.499327  0.501377  0.467485  0.367001  0.799889  0.081280  0.416198  0.434557  0.377133  0.429777  0.412545  0.327888  0.427404  0.426985  0.353506  0.554850  0.380685  0.494796  0.554522  0.464753  0.371728  0.111510  0.282308  0.480756  0.439887  0.491908  0.308701  0.462918  0.078255  0.172044  0.217494  0.542906  0.504990  0.238799  0.174935  0.780065  0.351857 0.0  0.165701 
61  0.078255  0.374163  0.144110  0.331251  0.575676  0.402417  0.495940  0.487350  0.237574  0.366992  0.842408  0.882615  0.291892  0.507438  0.173177  0.413038  0.078890  0.138419  0.078255  0.078255  0.561582  0.479243  0.597953  0.392531  0.466143  0.486230  0.241058  0.762555  0.208753  0.462097  0.516905  0.409922  0.438823  0.346246  0.415584  0.453239  0.408134  0.480000  0.454735  0.325604  0.535707  0.491825  0.498274  0.616312  0.216554  0.273669  0.496665  0.517531  0.399566  0.226787  0.571508  0.078255  0.078255  0.113285  0.552693  0.438682  0.251906  0.173990  0.780036  0.404057  0.165701 0.0 
