62
0 0.0  0.428213  0.166258  0.388217  0.469527  0.438331  0.463498  0.542427  0.289962  0.371502  0.738818  0.791956  0.230266  0.450271  0.138902  0.424669  0.095723  0.107211  0.115073  0.124489  0.475596  0.464800  0.578234  0.453902  0.446045  0.360594  0.221162  0.859341  0.210551  0.419877  0.451591  0.442311  0.403415  0.494380  0.395111  0.438250  0.384330  0.397627  0.458589  0.382585  0.461058  0.502700  0.481341  0.456056  0.201645  0.240635  0.483970  0.433449  0.368222  0.218523  0.566781  0.129698  0.143280  0.227065  0.399852  0.480880  0.269638  0.223774  0.648467  0.485424  0.120769  0.104525 
1  0.428213 0.0  0.374381  0.231759  0.450390  0.340839  0.255756  0.275319  0.261619  0.410913  0.526956  0.541460  0.638204  0.453097  0.398524  0.146356  0.447996  0.483028  0.472337  0.409491  0.502291  0.419572  0.500083  0.457329  0.140566  0.480563  0.592859  0.407573  0.375568  0.431649  0.434774  0.401393  0.380099  0.471257  0.371253  0.522545  0.447025  0.559107  0.453948  0.495953  0.479453  0.529568  0.150942  0.445225  0.445024  0.604652  0.485011  0.535085  0.405858  0.418662  0.563104  0.455863  0.443542  0.489262  0.549073  0.387662  0.302327  0.301779  0.541518  0.403921  0.474270  0.398315 
2  0.166258  0.374381 0.0  0.287800  0.529759  0.353472  0.466090  0.446890  0.194691  0.362759  0.761770  0.912892  0.348719  0.435592  0.117186  0.299562  0.167325  0.139611  0.128066  0.153449  0.495857  0.436232  0.572734  0.376348  0.376726  0.421583  0.304096  0.726245  0.133014  0.381164  0.459415  0.423991  0.382102  0.465392  0.407617  0.374677  0.444410  0.415258  0.412394  0.454141  0.454380  0.502792  0.466679  0.465903  0.147089  0.298287  0.475409  0.459357  0.370453  0.156607  0.519128  0.139045  0.106736  0.228602  0.512801  0.472118  0.182741  0.148099  0.626707  0.388858  0.133454  0.146271 
3  0.388217  0.231759  0.287800 0.0  0.690517  0.173407  0.185086  0.216423  0.208434  0.427761  0.682531  0.638277  0.504815  0.488097  0.332630  0.222543  0.442468  0.320944  0.380448  0.350078  0.720121  0.513119  0.563400  0.480673  0.237459  0.545356  0.604942  0.669550  0.306884  0.512188  0.523407  0.548396  0.563351  0.588836  0.509257  0.515757  0.627613  0.562717  0.499093  0.528869  0.537870  0.516915  0.230849  0.564281  0.310738  0.479179  0.575151  0.673229  0.586690  0.310546  0.671218  0.383393  0.306573  0.392156  0.632985  0.600758  0.211230  0.239597  0.810648  0.615552  0.354537  0.344904 
4  0.469527  0.450390  0.529759  0.690517 0.0  0.679809  0.688623  0.710211  0.511173  0.215398  0.439108  0.497652  0.498567  0.200526  0.483109  0.433495  0.461259  0.446449  0.498152  0.488728  0.100977  0.157065  0.137538  0.163414  0.638692  0.158337  0.546419  0.541726  0.510737  0.169822  0.124597  0.171033  0.179245  0.150718  0.176370  0.174517  0.159375  0.174037  0.143426  0.166115  0.142530  0.097182  0.569137  0.128043  0.639293  0.544700  0.106663  0.107078  0.160435  0.501504  0.100485  0.454547  0.486143  0.672754  0.116289  0.132406  0.473263  0.584425  0.325761  0.153661  0.508415  0.482867 
5  0.438331  0.340839  0.353472  0.173407  0.679809 0.0  0.143087  0.203187  0.331570  0.540143  0.764886  0.660753  0.568535  0.658728  0.415611  0.298545  0.416528  0.450910  0.401637  0.401830  0.726037  0.663316  0.619078  0.513187  0.264360  0.646747  0.563338  0.701092  0.311669  0.568596  0.650404  0.618702  0.635046  0.580073  0.630258  0.564747  0.609124  0.676065  0.561908  0.654676  0.494346  0.714976  0.298258  0.579693  0.380550  0.633756  0.644672  0.682556  0.451561  0.326815  0.653490  0.398796  0.355042  0.530732  0.661411  0.621134  0.277810  0.281002  0.716381  0.629479  0.411481  0.438551 
6  0.463498  0.255756  0.466090  0.185086  0.688623  0.143087 0.0  0.153354  0.296754  0.501583  0.675944  0.865980  0.580580  0.592900  0.418999  0.275603  0.462200  0.474814  0.465596  0.515821  0.672053  0.734165  0.550483  0.673194  0.241324  0.689014  0.554950  0.553553  0.377344  0.519993  0.760740  0.636310  0.640264  0.616119  0.639445  0.691943  0.630150  0.620038  0.566515  0.636523  0.621601  0.672596  0.260561  0.596229  0.457969  0.503881  0.731070  0.718240  0.588044  0.376603  0.638698  0.475667  0.367568  0.421716  0.672012  0.609660  0.296136  0.306616  0.767973  0.639511  0.375074  0.479785 
7  0.542427  0.275319  0.446890  0.216423  0.710211  0.203187  0.153354 0.0  0.363501  0.621714  0.630445  0.574088  0.566200  0.493361  0.457093  0.279162  0.440735  0.462118  0.470423  0.527921  0.722424  0.584609  0.837306  0.631983  0.210130  0.535437  0.673135  0.613789  0.419882  0.561293  0.697574  0.567518  0.608018  0.618711  0.620699  0.543071  0.572667  0.504163  0.583288  0.567149  0.614539  0.666305  0.205864  0.617723  0.443769  0.654779  0.691958  0.596557  0.572421  0.368314  0.620775  0.370245  0.426059  0.524621  0.606190  0.625403  0.348757  0.385690  0.744060  0.533574  0.567982  0.504447 
8  0.289962  0.261619  0.194691  0.208434  0.511173  0.331570  0.296754  0.363501 0.0  0.379737  0.747909  0.673733  0.430083  0.414576  0.229008  0.210233  0.256481  0.244758  0.250108  0.266577  0.457756  0.412191  0.561059  0.467728  0.318857  0.438260  0.370033  0.568394  0.172275  0.379196  0.362228  0.430306  0.448592  0.423163  0.349913  0.397001  0.453732  0.385863  0.478348  0.388232  0.454842  0.521879  0.285228  0.405524  0.245160  0.432013  0.479506  0.455524  0.457072  0.206182  0.533770  0.241623  0.251165  0.364081  0.531575  0.409106  0.125797  0.152068  0.625439  0.479106  0.258300  0.267590 
9  0.371502  0.410913  0.362759  0.427761  0.215398  0.540143  0.501583  0.621714  0.379737 0.0  0.531318  0.554731  0.471575  0.153728  0.344785  0.334975  0.397415  0.330211  0.347558  0.334972  0.225670  0.180459  0.224757  0.161422  0.415727  0.155385  0.402356  0.521890  0.350928  0.145681  0.196256  0.147901  0.147138  0.160098  0.142828  0.136775  0.149801  0.146459  0.152391  0.158191  0.169044  0.238668  0.417381  0.215499  0.444362  0.441405  0.233443  0.212028  0.157310  0.345053  0.241024  0.366319  0.430138  0.496741  0.185804  0.179570  0.399635  0.345401  0.446212  0.152340  0.353908  0.382586 
10  0.738818  0.526956  0.761770  0.682531  0.439108  0.764886  0.675944  0.630445  0.747909  0.531318 0.0  0.114795  0.822229  0.505097  0.812783  0.550448  0.699982  0.654790  0.860890  0.719294  0.563694  0.504521  0.397381  0.510776  0.630773  0.518175  1.000000  0.238688  0.754195  0.464053  0.485852  0.480862  0.555017  0.473550  0.562126  0.566707  0.568361  0.492656  0.494592  0.574223  0.484344  0.466803  0.572399  0.459387  0.843767  0.959616  0.453335  0.538862  0.540419  0.669310  0.477580  0.776006  0.626646  0.914791  0.462186  0.502310  0.654524  0.750901  0.290105  0.499403  0.810030  0.866635 
11  0.791956  0.541460  0.912892  0.638277  0.497652  0.660753  0.865980  0.574088  0.673733  0.554731  0.114795 0.0  0.904092  0.421913  0.778526  0.556351  0.716113  0.784877  0.789030  0.858124  0.517491  0.504697  0.423468  0.483348  0.605924  0.488039  0.989247  0.213768  0.806923  0.641350  0.502341  0.485756  0.626015  0.519488  0.452754  0.527679  0.442383  0.532264  0.509734  0.491587  0.515513  0.495203  0.580906  0.506555  0.835889  0.864221  0.424400  0.545116  0.450176  0.808991  0.469585  0.826792  0.716685  0.789579  0.486828  0.507962  0.731567  0.688864  0.333707  0.604010  0.669049  0.756149 
12  0.230266  0.638204  0.348719  0.504815  0.498567  0.568535  0.580580  0.566200  0.430083  0.471575  0.822229  0.904092 0.0  0.490994  0.302113  0.576458  0.228454  0.281536  0.257288  0.229201  0.511417  0.491006  0.669600  0.435558  0.564985  0.514472  0.106307  0.923792  0.346056  0.512163  0.445839  0.476330  0.393989  0.496904  0.446438  0.467843  0.460152  0.542278  0.486435  0.413630  0.562152  0.526378  0.706034  0.537746  0.306467  0.156092  0.580614  0.458317  0.521925  0.391156  0.507735  0.246172  0.313412  0.280955  0.443970  0.473507  0.372071  0.395130  0.683032  0.417967  0.247691  0.281265 
13  0.450271  0.453097  0.435592  0.488097  0.200526  0.658728  0.592900  0.493361  0.414576  0.153728  0.505097  0.421913  0.490994 0.0  0.433266  0.417798  0.420370  0.391362  0.396049  0.393784  0.193133  0.137287  0.199433  0.111988  0.482299  0.133055  0.504087  0.394376  0.366832  0.149277  0.147877  0.112384  0.145773  0.122110  0.135619  0.132112  0.128092  0.130392  0.116989  0.134300  0.128133  0.204360  0.463030  0.147791  0.458643  0.539038  0.165112  0.163691  0.127298  0.451791  0.189716  0.418026  0.522992  0.537945  0.168737  0.147620  0.494060  0.419236  0.360648  0.131331  0.440586  0.458366 
14  0.138902  0.398524  0.117186  0.332630  0.483109  0.415611  0.418999  0.457093  0.229008  0.344785  0.812783  0.778526  0.302113  0.433266 0.0  0.337658  0.145239  0.128419  0.112817  0.124232  0.528738  0.430669  0.536310  0.457802  0.439779  0.441879  0.276571  0.642942  0.168959  0.404377  0.437591  0.474812  0.402876  0.474106  0.414124  0.411234  0.466574  0.367847  0.465414  0.426639  0.457528  0.452624  0.462970  0.480460  0.143471  0.280964  0.445863  0.425502  0.491254  0.163604  0.485510  0.110828  0.099368  0.206056  0.490000  0.430219  0.191774  0.188453  0.781338  0.378345  0.109231  0.120778 
15  0.424669  0.146356  0.299562  0.222543  0.433495  0.298545  0.275603  0.279162  0.210233  0.334975  0.550448  0.556351  0.576458  0.417798  0.337658 0.0  0.391449  0.424473  0.407254  0.411271  0.528439  0.405417  0.477717  0.451875  0.195460  0.496409  0.469217  0.432026  0.262247  0.390467  0.411272  0.412950  0.394056  0.451824  0.426106  0.356541  0.424813  0.410684  0.428875  0.446193  0.481288  0.462314  0.179516  0.470394  0.392956  0.583659  0.440963  0.547702  0.403623  0.385461  0.509841  0.373101  0.393841  0.447154  0.464298  0.395282  0.265245  0.284035  0.458357  0.381853  0.359307  0.337918 
16  0.095723  0.447996  0.167325  0.442468  0.461259  0.416528  0.462200  0.440735  0.256481  0.397415  0.699982  0.716113  0.228454  0.420370  0.145239  0.391449 0.0  0.110035  0.116725  0.125491  0.420850  0.369560  0.481225  0.429556  0.424607  0.368224  0.204973  0.781143  0.202364  0.359190  0.446004  0.413430  0.393703  0.497205  0.415585  0.376168  0.389149  0.377750  0.464344  0.397199  0.480073  0.495576  0.560806  0.459179  0.172263  0.203510  0.447892  0.410513  0.451933  0.223241  0.552903  0.129311  0.163363  0.210329  0.410774  0.448217  0.256721  0.224018  0.795251  0.424933  0.131668  0.113238 
17  0.107211  0.483028  0.139611  0.320944  0.446449  0.450910  0.474814  0.462118  0.244758  0.330211  0.654790  0.784877  0.281536  0.391362  0.128419  0.424473  0.110035 0.0  0.108474  0.103284  0.530529  0.351784  0.616572  0.413738  0.500213  0.431136  0.240853  0.777035  0.187325  0.448161  0.416268  0.414554  0.467423  0.437177  0.427377  0.394185  0.430056  0.420027  0.448955  0.401778  0.436285  0.479314  0.501145  0.540422  0.177754  0.241441  0.491407  0.484554  0.380777  0.211925  0.476474  0.121995  0.132216  0.204811  0.522235  0.401390  0.231250  0.216282  0.632438  0.422508  0.109532  0.103016 
18  0.115073  0.472337  0.128066  0.380448  0.498152  0.401637  0.465596  0.470423  0.250108  0.347558  0.860890  0.789030  0.257288  0.396049  0.112817  0.407254  0.116725  0.108474 0.0  0.109141  0.499326  0.448684  0.540107  0.422101  0.441641  0.472270  0.271822  0.644002  0.180891  0.360563  0.500596  0.433814  0.365129  0.402294  0.374133  0.424845  0.418489  0.415921  0.466617  0.435799  0.469177  0.409435  0.448855  0.455857  0.174776  0.225336  0.485042  0.563401  0.425890  0.207691  0.552187  0.106813  0.117815  0.222685  0.421045  0.455468  0.230921  0.208672  0.869600  0.444956  0.096364  0.099508 
19  0.124489  0.409491  0.153449  0.350078  0.488728  0.401830  0.515821  0.527921  0.266577  0.334972  0.719294  0.858124  0.229201  0.393784  0.124232  0.411271  0.125491  0.103284  0.109141 0.0  0.452090  0.399295  0.545437  0.405667  0.481717  0.455959  0.241178  0.718256  0.175384  0.324107  0.426018  0.429089  0.302410  0.341678  0.395529  0.386479  0.370966  0.407915  0.438200  0.409388  0.421422  0.476368  0.443519  0.450696  0.177298  0.249246  0.458036  0.390820  0.430967  0.215846  0.547853  0.132421  0.141781  0.236621  0.493522  0.421706  0.223335  0.191921  0.652905  0.443610  0.118860  0.115510 
20  0.475596  0.502291  0.495857  0.720121  0.100977  0.726037  0.672053  0.722424  0.457756  0.225670  0.563694  0.517491  0.511417  0.193133  0.528738  0.528439  0.420850  0.530529  0.499326  0.452090 0.0  0.145716  0.151868  0.170088  0.517400  0.152514  0.487816  0.593733  0.536644  0.176976  0.127544  0.160968  0.168911  0.157385  0.161939  0.173768  0.158095  0.169369  0.159301  0.160500  0.145066  0.108522  0.517506  0.146914  0.610569  0.560301  0.126170  0.110787  0.157993  0.568588  0.098969  0.531363  0.531965  0.625817  0.113522  0.139339  0.473513  0.486455  0.328635  0.150836  0.522774  0.474356 
21  0.464800  0.419572  0.436232  0.513119  0.157065  0.663316  0.734165  0.584609  0.412191  0.180459  0.504521  0.504697  0.491006  0.137287  0.430669  0.405417  0.369560  0.351784  0.448684  0.399295  0.145716 0.0  0.181117  0.107368  0.527146  0.094558  0.510332  0.531424  0.411486  0.111520  0.110145  0.117910  0.132535  0.100653  0.117251  0.120941  0.099944  0.113052  0.105389  0.098173  0.098244  0.155027  0.444022  0.126403  0.461589  0.515545  0.139174  0.130507  0.099457  0.450573  0.158193  0.419900  0.474871  0.538039  0.119369  0.113696  0.485783  0.467556  0.292318  0.099633  0.432265  0.396154 
22  0.578234  0.500083  0.572734  0.563400  0.137538  0.619078  0.550483  0.837306  0.561059  0.224757  0.397381  0.423468  0.669600  0.199433  0.536310  0.477717  0.481225  0.616572  0.540107  0.545437  0.151868  0.181117 0.0  0.178403  0.498899  0.192817  0.568877  0.452076  0.507508  0.214168  0.147724  0.221014  0.204674  0.163745  0.220365  0.188986  0.189150  0.207238  0.183205  0.206377  0.179444  0.125412  0.602691  0.136884  0.638857  0.569535  0.126157  0.153893  0.171329  0.565111  0.136491  0.478679  0.545792  0.684556  0.166311  0.161560  0.559809  0.558807  0.267118  0.194334  0.518076  0.551911 
23  0.453902  0.457329  0.376348  0.480673  0.163414  0.513187  0.673194  0.631983  0.467728  0.161422  0.510776  0.483348  0.435558  0.111988  0.457802  0.451875  0.429556  0.413738  0.422101  0.405667  0.170088  0.107368  0.178403 0.0  0.516344  0.114349  0.524270  0.445831  0.434107  0.121746  0.124865  0.106307  0.143604  0.096505  0.121706  0.113110  0.101817  0.112145  0.093796  0.106609  0.104178  0.165784  0.429769  0.124433  0.509784  0.556114  0.149889  0.145148  0.102947  0.488513  0.161691  0.396863  0.461229  0.546730  0.133958  0.118543  0.482929  0.495517  0.323918  0.100937  0.457354  0.425312 
24  0.446045  0.140566  0.376726  0.237459  0.638692  0.264360  0.241324  0.210130  0.318857  0.415727  0.630773  0.605924  0.564985  0.482299  0.439779  0.195460  0.424607  0.500213  0.441641  0.481717  0.517400  0.527146  0.498899  0.516344 0.0  0.488142  0.626293  0.461793  0.366771  0.484353  0.522334  0.517754  0.488627  0.474472  0.421890  0.527217  0.576127  0.477681  0.579491  0.473492  0.543560  0.663522  0.091414  0.593730  0.394155  0.607692  0.517667  0.523542  0.523768  0.386342  0.543160  0.475670  0.408201  0.499042  0.500549  0.469813  0.319441  0.357010  0.572051  0.455518  0.473413  0.470852 
25  0.360594  0.480563  0.421583  0.545356  0.158337  0.646747  0.689014  0.535437  0.438260  0.155385  0.518175  0.488039  0.514472  0.133055  0.441879  0.496409  0.368224  0.431136  0.472270  0.455959  0.152514  0.094558  0.192817  0.114349  0.488142 0.0  0.433755  0.556332  0.434416  0.106404  0.112240  0.111955  0.119552  0.100858  0.117446  0.115350  0.097612  0.106217  0.103586  0.092052  0.099208  0.160296  0.559501  0.139650  0.544704  0.530512  0.162702  0.131996  0.096962  0.433409  0.163880  0.460026  0.464921  0.636344  0.126390  0.119254  0.437203  0.504014  0.325917  0.098715  0.450926  0.418293 
26  0.221162  0.592859  0.304096  0.604942  0.546419  0.563338  0.554950  0.673135  0.370033  0.402356  1.000000  0.989247  0.106307  0.504087  0.276571  0.469217  0.204973  0.240853  0.271822  0.241178  0.487816  0.510332  0.568877  0.524270  0.626293  0.433755 0.0  0.708946  0.327702  0.437470  0.452880  0.450364  0.440450  0.452356  0.408591  0.458932  0.433525  0.410722  0.489980  0.485795  0.504317  0.518346  0.644948  0.544885  0.300445  0.161802  0.490660  0.527404  0.432294  0.384284  0.476292  0.255569  0.281262  0.256497  0.557396  0.508914  0.379633  0.353875  0.812675  0.531548  0.252912  0.245381 
27  0.859341  0.407573  0.726245  0.669550  0.541726  0.701092  0.553553  0.613789  0.568394  0.521890  0.238688  0.213768  0.923792  0.394376  0.642942  0.432026  0.781143  0.777035  0.644002  0.718256  0.593733  0.531424  0.452076  0.445831  0.461793  0.556332  0.708946 0.0  0.649115  0.487103  0.441644  0.507393  0.550925  0.483846  0.470571  0.458663  0.483969  0.489841  0.404131  0.490116  0.393396  0.467814  0.450285  0.457980  0.649114  0.688481  0.447341  0.424991  0.543134  0.668016  0.520873  0.685511  0.558016  0.747858  0.516933  0.448670  0.661763  0.700839  0.379989  0.489998  0.665926  0.725833 
28  0.210551  0.375568  0.133014  0.306884  0.510737  0.311669  0.377344  0.419882  0.172275  0.350928  0.754195  0.806923  0.346056  0.366832  0.168959  0.262247  0.202364  0.187325  0.180891  0.175384  0.536644  0.411486  0.507508  0.434107  0.366771  0.434416  0.327702  0.649115 0.0  0.380873  0.380077  0.404759  0.485512  0.456688  0.377886  0.409577  0.403504  0.416737  0.423936  0.432074  0.434851  0.441470  0.383897  0.477302  0.152647  0.303008  0.518319  0.484498  0.398738  0.157902  0.399522  0.189692  0.159319  0.289025  0.479447  0.455655  0.151121  0.120834  0.640469  0.481286  0.187688  0.174894 
29  0.419877  0.431649  0.381164  0.512188  0.169822  0.568596  0.519993  0.561293  0.379196  0.145681  0.464053  0.641350  0.512163  0.149277  0.404377  0.390467  0.359190  0.448161  0.360563  0.324107  0.176976  0.111520  0.214168  0.121746  0.484353  0.106404  0.437470  0.487103  0.380873 0.0  0.136321  0.111699  0.102797  0.122883  0.101092  0.107365  0.107146  0.101634  0.119690  0.105038  0.121232  0.179055  0.533300  0.159526  0.474857  0.547934  0.169051  0.155716  0.105102  0.522957  0.173562  0.468208  0.455251  0.462289  0.151075  0.147735  0.515410  0.426893  0.370254  0.115619  0.441909  0.425277 
30  0.451591  0.434774  0.459415  0.523407  0.124597  0.650404  0.760740  0.697574  0.362228  0.196256  0.485852  0.502341  0.445839  0.147877  0.437591  0.411272  0.446004  0.416268  0.500596  0.426018  0.127544  0.110145  0.147724  0.124865  0.522334  0.112240  0.452880  0.441644  0.380077  0.136321 0.0  0.135711  0.135603  0.122963  0.139575  0.136184  0.117566  0.128447  0.120762  0.123887  0.109865  0.138194  0.577834  0.120875  0.534286  0.559530  0.135459  0.106121  0.122220  0.526947  0.136195  0.467897  0.454185  0.601490  0.098435  0.104085  0.497171  0.479919  0.352774  0.127480  0.469613  0.353812 
31  0.442311  0.401393  0.423991  0.548396  0.171033  0.618702  0.636310  0.567518  0.430306  0.147901  0.480862  0.485756  0.476330  0.112384  0.474812  0.412950  0.413430  0.414554  0.433814  0.429089  0.160968  0.117910  0.221014  0.106307  0.517754  0.111955  0.450364  0.507393  0.404759  0.111699  0.135711 0.0  0.126621  0.105174  0.108625  0.099132  0.099711  0.099183  0.101144  0.109239  0.115891  0.181738  0.518698  0.145830  0.464516  0.528465  0.173395  0.152859  0.100934  0.524434  0.189527  0.421871  0.390857  0.583891  0.142272  0.128032  0.387309  0.404869  0.342443  0.102264  0.436402  0.388127 
32  0.403415  0.380099  0.382102  0.563351  0.179245  0.635046  0.640264  0.608018  0.448592  0.147138  0.555017  0.626015  0.393989  0.145773  0.402876  0.394056  0.393703  0.467423  0.365129  0.302410  0.168911  0.132535  0.204674  0.143604  0.488627  0.119552  0.440450  0.550925  0.485512  0.102797  0.135603  0.126621 0.0  0.129954  0.109942  0.120646  0.115418  0.115396  0.129381  0.119560  0.137845  0.192258  0.504063  0.156795  0.441699  0.493258  0.183235  0.153917  0.128351  0.441394  0.179180  0.396107  0.403005  0.607611  0.147264  0.145317  0.442670  0.363540  0.415936  0.125688  0.429335  0.462258 
33  0.494380  0.471257  0.465392  0.588836  0.150718  0.580073  0.616119  0.618711  0.423163  0.160098  0.473550  0.519488  0.496904  0.122110  0.474106  0.451824  0.497205  0.437177  0.402294  0.341678  0.157385  0.100653  0.163745  0.096505  0.474472  0.100858  0.452356  0.483846  0.456688  0.122883  0.122963  0.105174  0.129954 0.0  0.114418  0.115319  0.099044  0.106066  0.092172  0.102274  0.098910  0.162622  0.480691  0.125276  0.530480  0.549063  0.152040  0.131766  0.097239  0.520440  0.157933  0.467789  0.444198  0.624570  0.122305  0.115600  0.440351  0.423367  0.360670  0.095524  0.431891  0.420003 
34  0.395111  0.371253  0.407617  0.509257  0.176370  0.630258  0.639445  0.620699  0.349913  0.142828  0.562126  0.452754  0.446438  0.135619  0.414124  0.426106  0.415585  0.427377  0.374133  0.395529  0.161939  0.117251  0.220365  0.121706  0.421890  0.117446  0.408591  0.470571  0.377886  0.101092  0.139575  0.108625  0.109942  0.114418 0.0  0.095430  0.109734  0.097254  0.117984  0.111331  0.125161  0.186847  0.506762  0.146845  0.489402  0.494015  0.161307  0.158591  0.108067  0.428934  0.182908  0.429571  0.454137  0.543354  0.145448  0.143776  0.385839  0.411981  0.354591  0.106879  0.412922  0.407532 
35  0.438250  0.522545  0.374677  0.515757  0.174517  0.564747  0.691943  0.543071  0.397001  0.136775  0.566707  0.527679  0.467843  0.132112  0.411234  0.356541  0.376168  0.394185  0.424845  0.386479  0.173768  0.120941  0.188986  0.113110  0.527217  0.115350  0.458932  0.458663  0.409577  0.107365  0.136184  0.099132  0.120646  0.115319  0.095430 0.0  0.107076  0.095771  0.113198  0.109844  0.124551  0.179173  0.556535  0.151929  0.452951  0.575170  0.162135  0.149758  0.103473  0.504891  0.185709  0.439087  0.481856  0.461385  0.151424  0.136495  0.444961  0.430999  0.328355  0.104509  0.462991  0.384748 
36  0.384330  0.447025  0.444410  0.627613  0.159375  0.609124  0.630150  0.572667  0.453732  0.149801  0.568361  0.442383  0.460152  0.128092  0.466574  0.424813  0.389149  0.430056  0.418489  0.370966  0.158095  0.099944  0.189150  0.101817  0.576127  0.097612  0.433525  0.483969  0.403504  0.107146  0.117566  0.099711  0.115418  0.099044  0.109734  0.107076 0.0  0.100501  0.098711  0.092773  0.104532  0.166265  0.535489  0.139666  0.467237  0.503897  0.165817  0.138934  0.090780  0.461973  0.175396  0.487837  0.450562  0.586103  0.131162  0.124587  0.550655  0.449265  0.347151  0.089694  0.432362  0.400688 
37  0.397627  0.559107  0.415258  0.562717  0.174037  0.676065  0.620038  0.504163  0.385863  0.146459  0.492656  0.532264  0.542278  0.130392  0.367847  0.410684  0.377750  0.420027  0.415921  0.407915  0.169369  0.113052  0.207238  0.112145  0.477681  0.106217  0.410722  0.489841  0.416737  0.101634  0.128447  0.099183  0.115396  0.106066  0.097254  0.095771  0.100501 0.0  0.109296  0.101378  0.122195  0.160924  0.476479  0.145877  0.413465  0.480326  0.171276  0.148864  0.100953  0.452713  0.178314  0.382892  0.418183  0.558674  0.147755  0.129978  0.393060  0.488761  0.393448  0.100684  0.475865  0.390503 
38  0.458589  0.453948  0.412394  0.499093  0.143426  0.561908  0.566515  0.583288  0.478348  0.152391  0.494592  0.509734  0.486435  0.116989  0.465414  0.428875  0.464344  0.448955  0.466617  0.438200  0.159301  0.105389  0.183205  0.093796  0.579491  0.103586  0.489980  0.404131  0.423936  0.119690  0.120762  0.101144  0.129381  0.092172  0.117984  0.113198  0.098711  0.109296 0.0  0.102710  0.100704  0.164080  0.490233  0.122990  0.473826  0.484223  0.152946  0.152771  0.097251  0.442599  0.170007  0.450152  0.474343  0.565563  0.132340  0.119100  0.481579  0.505591  0.375896  0.097780  0.452731  0.480501 
39  0.382585  0.495953  0.454141  0.528869  0.166115  0.654676  0.636523  0.567149  0.388232  0.158191  0.574223  0.491587  0.413630  0.134300  0.426639  0.446193  0.397199  0.401778  0.435799  0.409388  0.160500  0.098173  0.206377  0.106609  0.473492  0.092052  0.485795  0.490116  0.432074  0.105038  0.123887  0.109239  0.119560  0.102274  0.111331  0.109844  0.092773  0.101378  0.102710 0.0  0.103352  0.169164  0.559760  0.146214  0.506482  0.514536  0.155273  0.126553  0.095395  0.451702  0.167980  0.475861  0.381186  0.620161  0.124741  0.117560  0.435786  0.433106  0.340342  0.094881  0.500535  0.459637 
40  0.461058  0.479453  0.454380  0.537870  0.142530  0.494346  0.621601  0.614539  0.454842  0.169044  0.484344  0.515513  0.562152  0.128133  0.457528  0.481288  0.480073  0.436285  0.469177  0.421422  0.145066  0.098244  0.179444  0.104178  0.543560  0.099208  0.504317  0.393396  0.434851  0.121232  0.109865  0.115891  0.137845  0.098910  0.125161  0.124551  0.104532  0.122195  0.100704  0.103352 0.0  0.154212  0.493337  0.127028  0.504938  0.478733  0.137184  0.127181  0.104374  0.537849  0.160830  0.540340  0.493738  0.626565  0.117404  0.102245  0.480314  0.455727  0.299577  0.106498  0.420755  0.425592 
41  0.502700  0.529568  0.502792  0.516915  0.097182  0.714976  0.672596  0.666305  0.521879  0.238668  0.466803  0.495203  0.526378  0.204360  0.452624  0.462314  0.495576  0.479314  0.409435  0.476368  0.108522  0.155027  0.125412  0.165784  0.663522  0.160296  0.518346  0.467814  0.441470  0.179055  0.138194  0.181738  0.192258  0.162622  0.186847  0.179173  0.166265  0.160924  0.164080  0.169164  0.154212 0.0  0.535348  0.138828  0.641721  0.570530  0.108635  0.121758  0.173664  0.592040  0.095567  0.476405  0.484255  0.610195  0.117098  0.138002  0.594903  0.521645  0.274359  0.168253  0.449900  0.548488 
42  0.481341  0.150942  0.466679  0.230849  0.569137  0.298258  0.260561  0.205864  0.285228  0.417381  0.572399  0.580906  0.706034  0.463030  0.462970  0.179516  0.560806  0.501145  0.448855  0.443519  0.517506  0.444022  0.602691  0.429769  0.091414  0.559501  0.644948  0.450285  0.383897  0.533300  0.577834  0.518698  0.504063  0.480691  0.506762  0.556535  0.535489  0.476479  0.490233  0.559760  0.493337  0.535348 0.0  0.468045  0.451197  0.583999  0.608219  0.583949  0.595702  0.415922  0.553602  0.469153  0.501301  0.631974  0.528958  0.517655  0.362066  0.368642  0.616123  0.507456  0.470208  0.503779 
43  0.456056  0.445225  0.465903  0.564281  0.128043  0.579693  0.596229  0.617723  0.405524  0.215499  0.459387  0.506555  0.537746  0.147791  0.480460  0.470394  0.459179  0.540422  0.455857  0.450696  0.146914  0.126403  0.136884  0.124433  0.593730  0.139650  0.544885  0.457980  0.477302  0.159526  0.120875  0.145830  0.156795  0.125276  0.146845  0.151929  0.139666  0.145877  0.122990  0.146214  0.127028  0.138828  0.468045 0.0  0.564817  0.661933  0.112283  0.127816  0.141197  0.545070  0.147269  0.483815  0.406969  0.570426  0.127272  0.107103  0.479129  0.469448  0.309092  0.129687  0.470159  0.462415 
44  0.201645  0.445024  0.147089  0.310738  0.639293  0.380550  0.457969  0.443769  0.245160  0.444362  0.843767  0.835889  0.306467  0.458643  0.143471  0.392956  0.172263  0.177754  0.174776  0.177298  0.610569  0.461589  0.638857  0.509784  0.394155  0.544704  0.300445  0.649114  0.152647  0.474857  0.534286  0.464516  0.441699  0.530480  0.489402  0.452951  0.467237  0.413465  0.473826  0.506482  0.504938  0.641721  0.451197  0.564817 0.0  0.277613  0.572559  0.546880  0.553934  0.129762  0.541151  0.146104  0.142215  0.189685  0.483576  0.507213  0.233166  0.179853  0.701917  0.458084  0.161132  0.170408 
45  0.240635  0.604652  0.298287  0.479179  0.544700  0.633756  0.503881  0.654779  0.432013  0.441405  0.959616  0.864221  0.156092  0.539038  0.280964  0.583659  0.203510  0.241441  0.225336  0.249246  0.560301  0.515545  0.569535  0.556114  0.607692  0.530512  0.161802  0.688481  0.303008  0.547934  0.559530  0.528465  0.493258  0.549063  0.494015  0.575170  0.503897  0.480326  0.484223  0.514536  0.478733  0.570530  0.583999  0.661933  0.277613 0.0  0.554272  0.672774  0.537644  0.373820  0.614688  0.248218  0.244363  0.220747  0.561360  0.581573  0.365608  0.360397  0.808723  0.468937  0.233268  0.213419 
46  0.483970  0.485011  0.475409  0.575151  0.106663  0.644672  0.731070  0.691958  0.479506  0.233443  0.453335  0.424400  0.580614  0.165112  0.445863  0.440963  0.447892  0.491407  0.485042  0.458036  0.126170  0.139174  0.126157  0.149889  0.517667  0.162702  0.490660  0.447341  0.518319  0.169051  0.135459  0.173395  0.183235  0.152040  0.161307  0.162135  0.165817  0.171276  0.152946  0.155273  0.137184  0.108635  0.608219  0.112283  0.572559  0.554272 0.0  0.122103  0.163704  0.534194  0.116974  0.510562  0.484956  0.599229  0.126208  0.124555  0.462186  0.478060  0.297289  0.170255  0.467790  0.561020 
47  0.433449  0.535085  0.459357  0.673229  0.107078  0.682556  0.718240  0.596557  0.455524  0.212028  0.538862  0.545116  0.458317  0.163691  0.425502  0.547702  0.410513  0.484554  0.563401  0.390820  0.110787  0.130507  0.153893  0.145148  0.523542  0.131996  0.527404  0.424991  0.484498  0.155716  0.106121  0.152859  0.153917  0.131766  0.158591  0.149758  0.138934  0.148864  0.152771  0.126553  0.127181  0.121758  0.583949  0.127816  0.546880  0.672774  0.122103 0.0  0.134646  0.455152  0.124140  0.480073  0.482139  0.591593  0.093705  0.111841  0.496208  0.509463  0.309071  0.132037  0.432925  0.473060 
48  0.368222  0.405858  0.370453  0.586690  0.160435  0.451561  0.588044  0.572421  0.457072  0.157310  0.540419  0.450176  0.521925  0.127298  0.491254  0.403623  0.451933  0.380777  0.425890  0.430967  0.157993  0.099457  0.171329  0.102947  0.523768  0.096962  0.432294  0.543134  0.398738  0.105102  0.122220  0.100934  0.128351  0.097239  0.108067  0.103473  0.090780  0.100953  0.097251  0.095395  0.104374  0.173664  0.595702  0.141197  0.553934  0.537644  0.163704  0.134646 0.0  0.489183  0.156234  0.449356  0.437042  0.627838  0.134605  0.121044  0.467595  0.443790  0.347996  0.088946  0.420490  0.439316 
49  0.218523  0.418662  0.156607  0.310546  0.501504  0.326815  0.376603  0.368314  0.206182  0.345053  0.669310  0.808991  0.391156  0.451791  0.163604  0.385461  0.223241  0.211925  0.207691  0.215846  0.568588  0.450573  0.565111  0.488513  0.386342  0.433409  0.384284  0.668016  0.157902  0.522957  0.526947  0.524434  0.441394  0.520440  0.428934  0.504891  0.461973  0.452713  0.442599  0.451702  0.537849  0.592040  0.415922  0.545070  0.129762  0.373820  0.534194  0.455152  0.489183 0.0  0.533514  0.169808  0.154964  0.195471  0.509095  0.516724  0.165797  0.160067  0.762605  0.483827  0.185038  0.193695 
50  0.566781  0.563104  0.519128  0.671218  0.100485  0.653490  0.638698  0.620775  0.533770  0.241024  0.477580  0.469585  0.507735  0.189716  0.485510  0.509841  0.552903  0.476474  0.552187  0.547853  0.098969  0.158193  0.136491  0.161691  0.543160  0.163880  0.476292  0.520873  0.399522  0.173562  0.136195  0.189527  0.179180  0.157933  0.182908  0.185709  0.175396  0.178314  0.170007  0.167980  0.160830  0.095567  0.553602  0.147269  0.541151  0.614688  0.116974  0.124140  0.156234  0.533514 0.0  0.439018  0.531580  0.594331  0.127199  0.143854  0.578346  0.493602  0.310970  0.164916  0.490436  0.549519 
51  0.129698  0.455863  0.139045  0.383393  0.454547  0.398796  0.475667  0.370245  0.241623  0.366319  0.776006  0.826792  0.246172  0.418026  0.110828  0.373101  0.129311  0.121995  0.106813  0.132421  0.531363  0.419900  0.478679  0.396863  0.475670  0.460026  0.255569  0.685511  0.189692  0.468208  0.467897  0.421871  0.396107  0.467789  0.429571  0.439087  0.487837  0.382892  0.450152  0.475861  0.540340  0.476405  0.469153  0.483815  0.146104  0.248218  0.510562  0.480073  0.449356  0.169808  0.439018 0.0  0.108232  0.201053  0.485302  0.510570  0.232553  0.204418  0.691224  0.411058  0.098482  0.108485 
52  0.143280  0.443542  0.106736  0.306573  0.486143  0.355042  0.367568  0.426059  0.251165  0.430138  0.626646  0.716685  0.313412  0.522992  0.099368  0.393841  0.163363  0.132216  0.117815  0.141781  0.531965  0.474871  0.545792  0.461229  0.408201  0.464921  0.281262  0.558016  0.159319  0.455251  0.454185  0.390857  0.403005  0.444198  0.454137  0.481856  0.450562  0.418183  0.474343  0.381186  0.493738  0.484255  0.501301  0.406969  0.142215  0.244363  0.484956  0.482139  0.437042  0.154964  0.531580  0.108232 0.0  0.202432  0.484724  0.495489  0.195186  0.177614  0.617598  0.423651  0.116176  0.137442 
53  0.227065  0.489262  0.228602  0.392156  0.672754  0.530732  0.421716  0.524621  0.364081  0.496741  0.914791  0.789579  0.280955  0.537945  0.206056  0.447154  0.210329  0.204811  0.222685  0.236621  0.625817  0.538039  0.684556  0.546730  0.499042  0.636344  0.256497  0.747858  0.289025  0.462289  0.601490  0.583891  0.607611  0.624570  0.543354  0.461385  0.586103  0.558674  0.565563  0.620161  0.626565  0.610195  0.631974  0.570426  0.189685  0.220747  0.599229  0.591593  0.627838  0.195471  0.594331  0.201053  0.202432 0.0  0.563737  0.541226  0.312272  0.301628  0.816992  0.477975  0.204700  0.200920 
54  0.399852  0.549073  0.512801  0.632985  0.116289  0.661411  0.672012  0.606190  0.531575  0.185804  0.462186  0.486828  0.443970  0.168737  0.490000  0.464298  0.410774  0.522235  0.421045  0.493522  0.113522  0.119369  0.166311  0.133958  0.500549  0.126390  0.557396  0.516933  0.479447  0.151075  0.098435  0.142272  0.147264  0.122305  0.145448  0.151424  0.131162  0.147755  0.132340  0.124741  0.117404  0.117098  0.528958  0.127272  0.483576  0.561360  0.126208  0.093705  0.134605  0.509095  0.127199  0.485302  0.484724  0.563737 0.0  0.107033  0.517092  0.452339  0.344845  0.130630  0.434543  0.450542 
55  0.480880  0.387662  0.472118  0.600758  0.132406  0.621134  0.609660  0.625403  0.409106  0.179570  0.502310  0.507962  0.473507  0.147620  0.430219  0.395282  0.448217  0.401390  0.455468  0.421706  0.139339  0.113696  0.161560  0.118543  0.469813  0.119254  0.508914  0.448670  0.455655  0.147735  0.104085  0.128032  0.145317  0.115600  0.143776  0.136495  0.124587  0.129978  0.119100  0.117560  0.102245  0.138002  0.517655  0.107103  0.507213  0.581573  0.124555  0.111841  0.121044  0.516724  0.143854  0.510570  0.495489  0.541226  0.107033 0.0  0.461447  0.513705  0.306732  0.126101  0.475856  0.495071 
56  0.269638  0.302327  0.182741  0.211230  0.473263  0.277810  0.296136  0.348757  0.125797  0.399635  0.654524  0.731567  0.372071  0.494060  0.191774  0.265245  0.256721  0.231250  0.230921  0.223335  0.473513  0.485783  0.559809  0.482929  0.319441  0.437203  0.379633  0.661763  0.151121  0.515410  0.497171  0.387309  0.442670  0.440351  0.385839  0.444961  0.550655  0.393060  0.481579  0.435786  0.480314  0.594903  0.362066  0.479129  0.233166  0.365608  0.462186  0.496208  0.467595  0.165797  0.578346  0.232553  0.195186  0.312272  0.517092  0.461447 0.0  0.123193  0.625163  0.406979  0.223918  0.222535 
57  0.223774  0.301779  0.148099  0.239597  0.584425  0.281002  0.306616  0.385690  0.152068  0.345401  0.750901  0.688864  0.395130  0.419236  0.188453  0.284035  0.224018  0.216282  0.208672  0.191921  0.486455  0.467556  0.558807  0.495517  0.357010  0.504014  0.353875  0.700839  0.120834  0.426893  0.479919  0.404869  0.363540  0.423367  0.411981  0.430999  0.449265  0.488761  0.505591  0.433106  0.455727  0.521645  0.368642  0.469448  0.179853  0.360397  0.478060  0.509463  0.443790  0.160067  0.493602  0.204418  0.177614  0.301628  0.452339  0.513705  0.123193 0.0  0.715599  0.471897  0.222863  0.222027 
58  0.648467  0.541518  0.626707  0.810648  0.325761  0.716381  0.767973  0.744060  0.625439  0.446212  0.290105  0.333707  0.683032  0.360648  0.781338  0.458357  0.795251  0.632438  0.869600  0.652905  0.328635  0.292318  0.267118  0.323918  0.572051  0.325917  0.812675  0.379989  0.640469  0.370254  0.352774  0.342443  0.415936  0.360670  0.354591  0.328355  0.347151  0.393448  0.375896  0.340342  0.299577  0.274359  0.616123  0.309092  0.701917  0.808723  0.297289  0.309071  0.347996  0.762605  0.310970  0.691224  0.617598  0.816992  0.344845  0.306732  0.625163  0.715599 0.0  0.325374  0.672986  0.518482 
59  0.485424  0.403921  0.388858  0.615552  0.153661  0.629479  0.639511  0.533574  0.479106  0.152340  0.499403  0.604010  0.417967  0.131331  0.378345  0.381853  0.424933  0.422508  0.444956  0.443610  0.150836  0.099633  0.194334  0.100937  0.455518  0.098715  0.531548  0.489998  0.481286  0.115619  0.127480  0.102264  0.125688  0.095524  0.106879  0.104509  0.089694  0.100684  0.097780  0.094881  0.106498  0.168253  0.507456  0.129687  0.458084  0.468937  0.170255  0.132037  0.088946  0.483827  0.164916  0.411058  0.423651  0.477975  0.130630  0.126101  0.406979  0.471897  0.325374 0.0  0.412006  0.423057 
60  0.120769  0.474270  0.133454  0.354537  0.508415  0.411481  0.375074  0.567982  0.258300  0.353908  0.810030  0.669049  0.247691  0.440586  0.109231  0.359307  0.131668  0.109532  0.096364  0.118860  0.522774  0.432265  0.518076  0.457354  0.473413  0.450926  0.252912  0.665926  0.187688  0.441909  0.469613  0.436402  0.429335  0.431891  0.412922  0.462991  0.432362  0.475865  0.452731  0.500535  0.420755  0.449900  0.470208  0.470159  0.161132  0.233268  0.467790  0.432925  0.420490  0.185038  0.490436  0.098482  0.116176  0.204700  0.434543  0.475856  0.223918  0.222863  0.672986  0.412006 0.0  0.101856 
61  0.104525  0.398315  0.146271  0.344904  0.482867  0.438551  0.479785  0.504447  0.267590  0.382586  0.866635  0.756149  0.281265  0.458366  0.120778  0.337918  0.113238  0.103016  0.099508  0.115510  0.474356  0.396154  0.551911  0.425312  0.470852  0.418293  0.245381  0.725833  0.174894  0.425277  0.353812  0.388127  0.462258  0.420003  0.407532  0.384748  0.400688  0.390503  0.480501  0.459637  0.425592  0.548488  0.503779  0.462415  0.170408  0.213419  0.561020  0.473060  0.439316  0.193695  0.549519  0.108485  0.137442  0.200920  0.450542  0.495071  0.222535  0.222027  0.518482  0.423057  0.101856 0.0 
