62
0 0.0  0.358096  0.135022  0.352902  0.452520  0.461906  0.355912  0.505426  0.270939  0.344822  0.641198  0.695708  0.216209  0.407744  0.121265  0.353818  0.081020  0.091534  0.097066  0.107364  0.432173  0.400410  0.433187  0.420274  0.485721  0.448694  0.181351  0.703795  0.179354  0.355374  0.408379  0.374006  0.369371  0.374520  0.342621  0.399611  0.400435  0.440068  0.437244  0.418830  0.454931  0.490408  0.414012  0.419345  0.180686  0.215780  0.509804  0.433642  0.404545  0.175817  0.562273  0.105835  0.131044  0.195477  0.467567  0.397319  0.240049  0.209727  0.582842  0.401485  0.105664  0.088263 
1  0.358096 0.0  0.318935  0.212198  0.465955  0.307410  0.262324  0.227679  0.254226  0.361493  0.463791  0.556793  0.597775  0.427260  0.383987  0.124775  0.384069  0.401462  0.385735  0.427264  0.494565  0.346791  0.490956  0.379320  0.118269  0.423214  0.557301  0.322932  0.294622  0.394239  0.463790  0.383355  0.409221  0.389372  0.359019  0.404919  0.398371  0.391162  0.378858  0.420282  0.393926  0.503267  0.126986  0.493632  0.407433  0.518719  0.461334  0.468312  0.374520  0.362209  0.472658  0.402329  0.397148  0.471186  0.462175  0.448449  0.280769  0.306703  0.503309  0.461621  0.404998  0.474623 
2  0.135022  0.318935 0.0  0.312424  0.481997  0.345895  0.359717  0.428024  0.177657  0.333098  0.725592  0.767510  0.227257  0.415960  0.097709  0.317414  0.142447  0.143556  0.114703  0.126465  0.482895  0.415860  0.513496  0.427429  0.363371  0.401426  0.223310  0.551325  0.112097  0.379264  0.457709  0.444095  0.387005  0.403120  0.367625  0.401336  0.335884  0.367293  0.380238  0.390451  0.430787  0.473717  0.346748  0.442406  0.128416  0.256895  0.531154  0.469933  0.365895  0.140019  0.420372  0.128858  0.091921  0.196937  0.432278  0.403909  0.175627  0.130191  0.581273  0.461431  0.115620  0.133603 
3  0.352902  0.212198  0.312424 0.0  0.537292  0.157297  0.153072  0.190761  0.183512  0.430437  0.735070  0.628379  0.523655  0.479964  0.302229  0.209734  0.375519  0.375501  0.318693  0.337872  0.598534  0.463362  0.621555  0.414868  0.194973  0.438412  0.495954  0.492005  0.242803  0.503147  0.511646  0.500693  0.455184  0.522247  0.475806  0.469472  0.518865  0.435338  0.445621  0.532483  0.560774  0.647978  0.189882  0.511187  0.292125  0.403419  0.508104  0.637876  0.422721  0.239515  0.592532  0.277830  0.328120  0.337849  0.530298  0.521325  0.192172  0.223510  0.668257  0.505850  0.349858  0.395302 
4  0.452520  0.465955  0.481997  0.537292 0.0  0.668243  0.691795  0.524349  0.436218  0.195669  0.467499  0.412984  0.481904  0.160169  0.444062  0.443092  0.414218  0.413172  0.451649  0.430485  0.086170  0.134534  0.119986  0.142126  0.481445  0.126304  0.467156  0.476026  0.453149  0.146653  0.112206  0.159599  0.138864  0.141006  0.152067  0.154587  0.148601  0.140292  0.141978  0.134887  0.124535  0.082623  0.561486  0.113952  0.504119  0.566781  0.095472  0.092424  0.132112  0.493127  0.087407  0.514645  0.444754  0.529453  0.102471  0.108112  0.434896  0.408296  0.308107  0.144259  0.488846  0.450966 
5  0.461906  0.307410  0.345895  0.157297  0.668243 0.0  0.128895  0.189962  0.270327  0.528473  0.725068  0.717604  0.597957  0.561945  0.377201  0.284103  0.438755  0.412009  0.365722  0.362242  0.614733  0.633649  0.648370  0.558282  0.277552  0.556164  0.500449  0.616904  0.329804  0.558457  0.587291  0.534431  0.576983  0.502793  0.531636  0.537576  0.613088  0.585990  0.609664  0.577119  0.578589  0.634883  0.229808  0.613973  0.384619  0.485939  0.642042  0.711493  0.503772  0.295177  0.813075  0.370211  0.352437  0.373952  0.589729  0.619538  0.257573  0.295528  0.746521  0.566770  0.406392  0.377017 
6  0.355912  0.262324  0.359717  0.153072  0.691795  0.128895 0.0  0.140330  0.302812  0.589649  0.717643  0.665054  0.535136  0.564965  0.421005  0.257969  0.517388  0.426930  0.403413  0.459636  0.614324  0.524620  0.671323  0.617122  0.239375  0.646824  0.589934  0.618597  0.360226  0.474108  0.554729  0.524447  0.566593  0.517516  0.599726  0.574949  0.563448  0.541547  0.576086  0.498892  0.582369  0.646002  0.242633  0.639547  0.302392  0.584952  0.564955  0.611413  0.584717  0.335522  0.579298  0.378933  0.432048  0.437649  0.574143  0.592013  0.262551  0.275152  0.574931  0.577087  0.345696  0.410352 
7  0.505426  0.227679  0.428024  0.190761  0.524349  0.189962  0.140330 0.0  0.299874  0.492276  0.629754  0.581815  0.564700  0.592274  0.412008  0.251143  0.512138  0.500657  0.422174  0.447055  0.609478  0.555291  0.617596  0.540314  0.182897  0.613717  0.619593  0.473915  0.392958  0.487021  0.570565  0.548411  0.565668  0.551727  0.569561  0.558358  0.560684  0.588251  0.609668  0.474851  0.631437  0.662000  0.186642  0.601161  0.423873  0.552585  0.602429  0.680727  0.604513  0.315867  0.629183  0.407039  0.430753  0.412305  0.470746  0.597612  0.286806  0.377643  0.735554  0.513086  0.449099  0.472656 
8  0.270939  0.254226  0.177657  0.183512  0.436218  0.270327  0.302812  0.299874 0.0  0.286387  0.549627  0.669939  0.438473  0.336953  0.216557  0.193576  0.257324  0.247722  0.225291  0.225654  0.416416  0.404264  0.549283  0.360416  0.262878  0.371410  0.354840  0.571000  0.159686  0.356887  0.370699  0.402627  0.379320  0.410160  0.332161  0.347897  0.353331  0.341454  0.376142  0.349901  0.406202  0.515676  0.259182  0.448984  0.223220  0.329592  0.462888  0.370096  0.314070  0.197940  0.495281  0.233982  0.201248  0.313010  0.393353  0.430345  0.111870  0.134079  0.575828  0.323744  0.249149  0.232105 
9  0.344822  0.361493  0.333098  0.430437  0.195669  0.528473  0.589649  0.492276  0.286387 0.0  0.529194  0.502308  0.407142  0.131706  0.341945  0.373810  0.324634  0.313978  0.318929  0.300748  0.202744  0.139391  0.224900  0.149183  0.450248  0.137808  0.393390  0.435329  0.310973  0.133100  0.167209  0.127444  0.134101  0.126787  0.128096  0.118816  0.136292  0.132529  0.139186  0.150576  0.127379  0.226174  0.457311  0.191304  0.351713  0.433123  0.191087  0.180065  0.129996  0.429549  0.241559  0.323821  0.359239  0.473440  0.159749  0.175155  0.338455  0.358534  0.354084  0.135695  0.342590  0.321466 
10  0.641198  0.463791  0.725592  0.735070  0.467499  0.725068  0.717643  0.629754  0.549627  0.529194 0.0  0.097246  0.795894  0.461623  0.734747  0.459232  0.756625  0.708070  0.617948  0.740320  0.355031  0.442198  0.391195  0.465567  0.649301  0.462247  0.645031  0.185098  0.781926  0.420677  0.446836  0.461093  0.445207  0.448269  0.476872  0.493003  0.496712  0.489580  0.480486  0.462021  0.514310  0.449939  0.581140  0.403934  0.778206  0.849687  0.507980  0.505941  0.405827  0.820558  0.457581  0.762899  0.916487  0.955857  0.484503  0.393591  0.671815  0.513169  0.245082  0.479389  0.723524  0.763774 
11  0.695708  0.556793  0.767510  0.628379  0.412984  0.717604  0.665054  0.581815  0.669939  0.502308  0.097246 0.0  0.873295  0.415829  0.715586  0.482401  0.760591  0.739159  0.794507  0.660836  0.440947  0.494182  0.372358  0.413273  0.531387  0.455272  0.909487  0.187049  0.739094  0.469527  0.363209  0.438721  0.485032  0.550013  0.433076  0.503502  0.518463  0.391803  0.508747  0.457707  0.438685  0.497423  0.532125  0.461446  0.829606  0.915656  0.438095  0.445422  0.457710  0.731343  0.501949  0.708441  0.664024  1.000000  0.442629  0.495302  0.618806  0.699444  0.281853  0.458995  0.657577  0.776276 
12  0.216209  0.597775  0.227257  0.523655  0.481904  0.597957  0.535136  0.564700  0.438473  0.407142  0.795894  0.873295 0.0  0.463736  0.284572  0.464593  0.246773  0.247029  0.227037  0.262410  0.458380  0.372247  0.549785  0.436228  0.659971  0.421673  0.095793  0.647961  0.306148  0.466631  0.445028  0.412367  0.414003  0.492646  0.448812  0.390076  0.461118  0.458899  0.437658  0.441816  0.432116  0.505983  0.562475  0.545112  0.298478  0.136463  0.517019  0.454032  0.442898  0.284775  0.514406  0.242807  0.233028  0.238828  0.443001  0.414679  0.358522  0.340165  0.789034  0.465046  0.245918  0.222790 
13  0.407744  0.427260  0.415960  0.479964  0.160169  0.561945  0.564965  0.592274  0.336953  0.131706  0.461623  0.415829  0.463736 0.0  0.328534  0.362767  0.414244  0.401326  0.386598  0.386807  0.164691  0.114613  0.176028  0.096509  0.449215  0.123562  0.475480  0.404905  0.376590  0.122220  0.136559  0.105309  0.139362  0.105607  0.115193  0.112971  0.110735  0.110478  0.106477  0.113998  0.119607  0.175875  0.449586  0.130503  0.474841  0.401443  0.155887  0.140833  0.111171  0.495521  0.175142  0.407738  0.429796  0.479514  0.134302  0.127046  0.399874  0.423066  0.339843  0.108854  0.387253  0.426359 
14  0.121265  0.383987  0.097709  0.302229  0.444062  0.377201  0.421005  0.412008  0.216557  0.341945  0.734747  0.715586  0.284572  0.328534 0.0  0.373421  0.128273  0.106226  0.094021  0.107021  0.458219  0.383743  0.561314  0.403913  0.375947  0.430534  0.240179  0.665451  0.133963  0.416285  0.461422  0.423411  0.338786  0.379109  0.363343  0.392379  0.388987  0.380342  0.402275  0.388670  0.459420  0.475822  0.373319  0.419095  0.123584  0.248851  0.470409  0.456780  0.399144  0.154325  0.513140  0.093740  0.082349  0.179903  0.451120  0.428162  0.170673  0.169517  0.642556  0.395436  0.091215  0.105112 
15  0.353818  0.124775  0.317414  0.209734  0.443092  0.284103  0.257969  0.251143  0.193576  0.373810  0.459232  0.482401  0.464593  0.362767  0.373421 0.0  0.374497  0.333622  0.355697  0.314322  0.513698  0.398813  0.395739  0.422346  0.158636  0.352632  0.529802  0.412240  0.216062  0.390646  0.390396  0.381160  0.398875  0.411226  0.399028  0.359551  0.389920  0.396862  0.402103  0.352914  0.358253  0.403473  0.148404  0.355652  0.339139  0.454320  0.414134  0.403378  0.423049  0.327211  0.494656  0.342626  0.332530  0.476218  0.381025  0.451647  0.218981  0.220803  0.575942  0.322282  0.343150  0.362882 
16  0.081020  0.384069  0.142447  0.375519  0.414218  0.438755  0.517388  0.512138  0.257324  0.324634  0.756625  0.760591  0.246773  0.414244  0.128273  0.374497 0.0  0.093212  0.101965  0.109275  0.455006  0.376612  0.436898  0.385929  0.437950  0.360435  0.190448  0.663719  0.196496  0.357857  0.362050  0.357113  0.365960  0.407729  0.398322  0.395962  0.390795  0.361052  0.468556  0.368599  0.379119  0.431796  0.470135  0.370029  0.167290  0.185867  0.442323  0.396078  0.389925  0.190573  0.430444  0.118148  0.155683  0.187988  0.380998  0.421839  0.235854  0.213808  0.709092  0.355898  0.107296  0.093053 
17  0.091534  0.401462  0.143556  0.375501  0.413172  0.412009  0.426930  0.500657  0.247722  0.313978  0.708070  0.739159  0.247029  0.401326  0.106226  0.333622  0.093212 0.0  0.087808  0.088259  0.493472  0.401625  0.520056  0.378044  0.375801  0.400638  0.208123  0.605216  0.147526  0.388624  0.416305  0.386132  0.369790  0.403507  0.341516  0.316328  0.354172  0.384911  0.341470  0.361332  0.435079  0.483182  0.405895  0.368902  0.171264  0.209152  0.436028  0.418529  0.359301  0.170497  0.365199  0.102665  0.118135  0.208064  0.389784  0.426726  0.220278  0.176778  0.700158  0.413643  0.095061  0.088437 
18  0.097066  0.385735  0.114703  0.318693  0.451649  0.365722  0.403413  0.422174  0.225291  0.318929  0.617948  0.794507  0.227037  0.386598  0.094021  0.355697  0.101965  0.087808 0.0  0.099653  0.398696  0.394772  0.474164  0.401117  0.395785  0.405386  0.231245  0.631573  0.153938  0.366808  0.483251  0.339756  0.395462  0.398000  0.395481  0.360364  0.354984  0.393775  0.440513  0.390425  0.429993  0.445250  0.448784  0.390197  0.149646  0.242863  0.480577  0.475849  0.399042  0.172982  0.380322  0.089583  0.105463  0.197262  0.404554  0.445006  0.209063  0.189458  0.621005  0.382008  0.079806  0.084342 
19  0.107364  0.427264  0.126465  0.337872  0.430485  0.362242  0.459636  0.447055  0.225654  0.300748  0.740320  0.660836  0.262410  0.386807  0.107021  0.314322  0.109275  0.088259  0.099653 0.0  0.427849  0.391575  0.472036  0.405224  0.411925  0.371005  0.244632  0.628035  0.141902  0.314904  0.362099  0.382729  0.335603  0.445355  0.340079  0.362991  0.398885  0.371250  0.337564  0.396958  0.395482  0.495219  0.386418  0.408061  0.178722  0.231350  0.391169  0.367743  0.356845  0.185372  0.432882  0.110093  0.121594  0.218751  0.372742  0.424197  0.236240  0.177711  0.632097  0.388633  0.103804  0.097384 
20  0.432173  0.494565  0.482895  0.598534  0.086170  0.614733  0.614324  0.609478  0.416416  0.202744  0.355031  0.440947  0.458380  0.164691  0.458219  0.513698  0.455006  0.493472  0.398696  0.427849 0.0  0.121835  0.134225  0.133418  0.511935  0.138408  0.451646  0.414169  0.421563  0.148879  0.103267  0.160729  0.152645  0.140585  0.158768  0.144656  0.148742  0.158587  0.152438  0.143948  0.131754  0.089429  0.512863  0.123859  0.467185  0.525528  0.107179  0.092821  0.140371  0.511721  0.087113  0.365388  0.495139  0.499652  0.097143  0.119471  0.461307  0.477047  0.305505  0.136006  0.451660  0.425444 
21  0.400410  0.346791  0.415860  0.463362  0.134534  0.633649  0.524620  0.555291  0.404264  0.139391  0.442198  0.494182  0.372247  0.114613  0.383743  0.398813  0.376612  0.401625  0.394772  0.391575  0.121835 0.0  0.157731  0.099528  0.488315  0.079135  0.409381  0.406714  0.347732  0.096220  0.094583  0.096568  0.107571  0.087555  0.103529  0.101141  0.084779  0.092436  0.089739  0.081685  0.084662  0.124367  0.504067  0.114964  0.435233  0.493225  0.127692  0.110748  0.087094  0.427196  0.149940  0.426375  0.388292  0.477246  0.102578  0.098792  0.464652  0.410329  0.306106  0.085137  0.421946  0.431711 
22  0.433187  0.490956  0.513496  0.621555  0.119986  0.648370  0.671323  0.617596  0.549283  0.224900  0.391195  0.372358  0.549785  0.176028  0.561314  0.395739  0.436898  0.520056  0.474164  0.472036  0.134225  0.157731 0.0  0.162528  0.559155  0.170688  0.573664  0.387055  0.448402  0.201912  0.142977  0.173257  0.214643  0.161195  0.189799  0.206253  0.167939  0.200453  0.167602  0.176579  0.151374  0.122412  0.452513  0.131541  0.502727  0.588692  0.107463  0.146862  0.170313  0.508775  0.126410  0.486795  0.470856  0.481293  0.142963  0.143823  0.500736  0.478147  0.269313  0.172747  0.545227  0.446538 
23  0.420274  0.379320  0.427429  0.414868  0.142126  0.558282  0.617122  0.540314  0.360416  0.149183  0.465567  0.413273  0.436228  0.096509  0.403913  0.422346  0.385929  0.378044  0.401117  0.405224  0.133418  0.099528  0.162528 0.0  0.396786  0.095701  0.367162  0.404193  0.420888  0.107530  0.108664  0.088131  0.119598  0.081715  0.104704  0.092000  0.086637  0.093492  0.077975  0.093626  0.088524  0.150046  0.426554  0.108305  0.447551  0.581063  0.137783  0.122662  0.089611  0.459936  0.159634  0.421376  0.406501  0.446934  0.115093  0.104738  0.405729  0.475924  0.338799  0.088278  0.359844  0.445974 
24  0.485721  0.118269  0.363371  0.194973  0.481445  0.277552  0.239375  0.182897  0.262878  0.450248  0.649301  0.531387  0.659971  0.449215  0.375947  0.158636  0.437950  0.375801  0.395785  0.411925  0.511935  0.488315  0.559155  0.396786 0.0  0.495120  0.608044  0.451567  0.305449  0.484253  0.498497  0.424643  0.548907  0.426771  0.492702  0.532723  0.405080  0.475810  0.382048  0.520888  0.481739  0.513346  0.077365  0.542972  0.417649  0.519683  0.534934  0.426111  0.477118  0.345854  0.555449  0.367454  0.404378  0.451707  0.540573  0.407534  0.223630  0.354504  0.604224  0.391180  0.427679  0.450352 
25  0.448694  0.423214  0.401426  0.438412  0.126304  0.556164  0.646824  0.613717  0.371410  0.137808  0.462247  0.455272  0.421673  0.123562  0.430534  0.352632  0.360435  0.400638  0.405386  0.371005  0.138408  0.079135  0.170688  0.095701  0.495120 0.0  0.366581  0.453349  0.381150  0.089100  0.099271  0.094891  0.103732  0.086513  0.097608  0.095632  0.082917  0.090142  0.091631  0.077173  0.087246  0.149412  0.430634  0.123807  0.466269  0.451337  0.133461  0.117777  0.083685  0.439754  0.133311  0.394582  0.353128  0.468044  0.107618  0.100494  0.368990  0.395396  0.339559  0.082959  0.417455  0.425710 
26  0.181351  0.557301  0.223310  0.495954  0.467156  0.500449  0.589934  0.619593  0.354840  0.393390  0.645031  0.909487  0.095793  0.475480  0.240179  0.529802  0.190448  0.208123  0.231245  0.244632  0.451646  0.409381  0.573664  0.367162  0.608044  0.366581 0.0  0.618146  0.279710  0.429078  0.454343  0.339068  0.394426  0.419173  0.478649  0.380035  0.409920  0.372998  0.479769  0.411886  0.361347  0.490135  0.559913  0.422733  0.274252  0.136215  0.514277  0.420315  0.456138  0.362208  0.456284  0.260065  0.255995  0.240242  0.499513  0.463201  0.341525  0.368444  0.648510  0.500793  0.239267  0.236172 
27  0.703795  0.322932  0.551325  0.492005  0.476026  0.616904  0.618597  0.473915  0.571000  0.435329  0.185098  0.187049  0.647961  0.404905  0.665451  0.412240  0.663719  0.605216  0.631573  0.628035  0.414169  0.406714  0.387055  0.404193  0.451567  0.453349  0.618146 0.0  0.589576  0.438760  0.417639  0.412782  0.430977  0.464196  0.493688  0.419070  0.472185  0.493046  0.394074  0.423279  0.450764  0.476570  0.389412  0.446380  0.639963  0.704764  0.417239  0.455871  0.405293  0.564405  0.431324  0.633467  0.529306  0.765658  0.532123  0.563497  0.524654  0.560331  0.269415  0.499355  0.660566  0.677039 
28  0.179354  0.294622  0.112097  0.242803  0.453149  0.329804  0.360226  0.392958  0.159686  0.310973  0.781926  0.739094  0.306148  0.376590  0.133963  0.216062  0.196496  0.147526  0.153938  0.141902  0.421563  0.347732  0.448402  0.420888  0.305449  0.381150  0.279710  0.589576 0.0  0.358025  0.397496  0.394790  0.427941  0.394312  0.435681  0.333717  0.423392  0.377356  0.388553  0.343580  0.390630  0.417077  0.304531  0.451461  0.161811  0.286079  0.450503  0.462820  0.364798  0.134533  0.468973  0.152182  0.133852  0.233883  0.435978  0.415349  0.121813  0.108296  0.486970  0.378369  0.150304  0.178181 
29  0.355374  0.394239  0.379264  0.503147  0.146653  0.558457  0.474108  0.487021  0.356887  0.133100  0.420677  0.469527  0.466631  0.122220  0.416285  0.390646  0.357857  0.388624  0.366808  0.314904  0.148879  0.096220  0.201912  0.107530  0.484253  0.089100  0.429078  0.438760  0.358025 0.0  0.111045  0.102374  0.086638  0.098091  0.083314  0.090033  0.091362  0.090211  0.104991  0.089279  0.105258  0.166310  0.443395  0.139353  0.435256  0.500829  0.138204  0.126355  0.093322  0.423400  0.169117  0.383104  0.381581  0.481001  0.120209  0.118636  0.354405  0.380246  0.315036  0.097810  0.371970  0.401766 
30  0.408379  0.463790  0.457709  0.511646  0.112206  0.587291  0.554729  0.570565  0.370699  0.167209  0.446836  0.363209  0.445028  0.136559  0.461422  0.390396  0.362050  0.416305  0.483251  0.362099  0.103267  0.094583  0.142977  0.108664  0.498497  0.099271  0.454343  0.417639  0.397496  0.111045 0.0  0.119227  0.123087  0.100318  0.115802  0.121509  0.105609  0.111186  0.104418  0.101688  0.094006  0.118514  0.552369  0.107542  0.486236  0.506785  0.116538  0.086249  0.106260  0.529297  0.123366  0.452640  0.363937  0.492518  0.083495  0.087962  0.429834  0.417139  0.329583  0.101627  0.453940  0.449619 
31  0.374006  0.383355  0.444095  0.500693  0.159599  0.534431  0.524447  0.548411  0.402627  0.127444  0.461093  0.438721  0.412367  0.105309  0.423411  0.381160  0.357113  0.386132  0.339756  0.382729  0.160729  0.096568  0.173257  0.088131  0.424643  0.094891  0.339068  0.412782  0.394790  0.102374  0.119227 0.0  0.103675  0.094044  0.086402  0.081618  0.086212  0.082416  0.088723  0.095367  0.097067  0.166956  0.417202  0.113275  0.463262  0.457960  0.147805  0.133423  0.084638  0.470543  0.157202  0.395238  0.411658  0.552919  0.136718  0.119331  0.429106  0.364892  0.372960  0.086658  0.362424  0.387716 
32  0.369371  0.409221  0.387005  0.455184  0.138864  0.576983  0.566593  0.565668  0.379320  0.134101  0.445207  0.485032  0.414003  0.139362  0.338786  0.398875  0.365960  0.369790  0.395462  0.335603  0.152645  0.107571  0.214643  0.119598  0.548907  0.103732  0.394426  0.430977  0.427941  0.086638  0.123087  0.103675 0.0  0.104490  0.095671  0.103090  0.100747  0.101056  0.115525  0.102167  0.115093  0.161836  0.502419  0.158533  0.409241  0.359353  0.162307  0.142510  0.107791  0.397445  0.168991  0.303600  0.390747  0.473327  0.120038  0.129246  0.383955  0.413758  0.354227  0.111400  0.387049  0.415350 
33  0.374520  0.389372  0.403120  0.522247  0.141006  0.502793  0.517516  0.551727  0.410160  0.126787  0.448269  0.550013  0.492646  0.105607  0.379109  0.411226  0.407729  0.403507  0.398000  0.445355  0.140585  0.087555  0.161195  0.081715  0.426771  0.086513  0.419173  0.464196  0.394312  0.098091  0.100318  0.094044  0.104490 0.0  0.103449  0.095052  0.082847  0.092159  0.077490  0.086492  0.082665  0.130745  0.459377  0.109707  0.467143  0.453846  0.133246  0.106547  0.081976  0.432132  0.138227  0.437751  0.414790  0.558273  0.117000  0.093397  0.467030  0.358273  0.309813  0.083330  0.391623  0.423681 
34  0.342621  0.359019  0.367625  0.475806  0.152067  0.531636  0.599726  0.569561  0.332161  0.128096  0.476872  0.433076  0.448812  0.115193  0.363343  0.399028  0.398322  0.341516  0.395481  0.340079  0.158768  0.103529  0.189799  0.104704  0.492702  0.097608  0.478649  0.493688  0.435681  0.083314  0.115802  0.086402  0.095671  0.103449 0.0  0.081017  0.092205  0.083406  0.104979  0.096631  0.108869  0.185706  0.481486  0.151731  0.412234  0.382755  0.160211  0.127928  0.092058  0.407687  0.153121  0.414360  0.335283  0.484255  0.126564  0.118170  0.315456  0.400131  0.329301  0.094470  0.338065  0.360951 
35  0.399611  0.404919  0.401336  0.469472  0.154587  0.537576  0.574949  0.558358  0.347897  0.118816  0.493003  0.503502  0.390076  0.112971  0.392379  0.359551  0.395962  0.316328  0.360364  0.362991  0.144656  0.101141  0.206253  0.092000  0.532723  0.095632  0.380035  0.419070  0.333717  0.090033  0.121509  0.081618  0.103090  0.095052  0.081017 0.0  0.091724  0.080924  0.095625  0.092012  0.106402  0.173487  0.396299  0.133334  0.440858  0.469544  0.171661  0.131666  0.094424  0.364778  0.176965  0.418098  0.382812  0.539544  0.133714  0.116824  0.398838  0.377588  0.344195  0.087157  0.352821  0.403259 
36  0.400435  0.398371  0.335884  0.518865  0.148601  0.613088  0.563448  0.560684  0.353331  0.136292  0.496712  0.518463  0.461118  0.110735  0.388987  0.389920  0.390795  0.354172  0.354984  0.398885  0.148742  0.084779  0.167939  0.086637  0.405080  0.082917  0.409920  0.472185  0.423392  0.091362  0.105609  0.086212  0.100747  0.082847  0.092205  0.091724 0.0  0.083874  0.084378  0.078423  0.090853  0.144311  0.411261  0.125303  0.446732  0.469343  0.139645  0.119616  0.076177  0.449031  0.140320  0.419906  0.393838  0.523238  0.116070  0.106499  0.372600  0.435979  0.317051  0.075335  0.390294  0.377427 
37  0.440068  0.391162  0.367293  0.435338  0.140292  0.585990  0.541547  0.588251  0.341454  0.132529  0.489580  0.391803  0.458899  0.110478  0.380342  0.396862  0.361052  0.384911  0.393775  0.371250  0.158587  0.092436  0.200453  0.093492  0.475810  0.090142  0.372998  0.493046  0.377356  0.090211  0.111186  0.082416  0.101056  0.092159  0.083406  0.080924  0.083874 0.0  0.094173  0.086184  0.099027  0.168230  0.437795  0.131703  0.410123  0.487359  0.147263  0.118154  0.084879  0.410548  0.152339  0.427772  0.384377  0.402301  0.129084  0.112797  0.357140  0.389769  0.311136  0.085512  0.404025  0.403489 
38  0.437244  0.378858  0.380238  0.445621  0.141978  0.609664  0.576086  0.609668  0.376142  0.139186  0.480486  0.508747  0.437658  0.106477  0.402275  0.402103  0.468556  0.341470  0.440513  0.337564  0.152438  0.089739  0.167602  0.077975  0.382048  0.091631  0.479769  0.394074  0.388553  0.104991  0.104418  0.088723  0.115525  0.077490  0.104979  0.095625  0.084378  0.094173 0.0  0.085447  0.084729  0.150969  0.477541  0.113717  0.466678  0.421187  0.138819  0.120727  0.081475  0.502595  0.145493  0.406664  0.394372  0.495282  0.112767  0.102994  0.445654  0.424880  0.276408  0.082610  0.384230  0.378285 
39  0.418830  0.420282  0.390451  0.532483  0.134887  0.577119  0.498892  0.474851  0.349901  0.150576  0.462021  0.457707  0.441816  0.113998  0.388670  0.352914  0.368599  0.361332  0.390425  0.396958  0.143948  0.081685  0.176579  0.093626  0.520888  0.077173  0.411886  0.423279  0.343580  0.089279  0.101688  0.095367  0.102167  0.086492  0.096631  0.092012  0.078423  0.086184  0.085447 0.0  0.088699  0.141855  0.512354  0.127819  0.437767  0.446733  0.150987  0.112495  0.081698  0.460873  0.163167  0.460650  0.392253  0.555791  0.104509  0.105836  0.437913  0.445093  0.314648  0.080129  0.414001  0.436166 
40  0.454931  0.393926  0.430787  0.560774  0.124535  0.578589  0.582369  0.631437  0.406202  0.127379  0.514310  0.438685  0.432116  0.119607  0.459420  0.358253  0.379119  0.435079  0.429993  0.395482  0.131754  0.084662  0.151374  0.088524  0.481739  0.087246  0.361347  0.450764  0.390630  0.105258  0.094006  0.097067  0.115093  0.082665  0.108869  0.106402  0.090853  0.099027  0.084729  0.088699 0.0  0.142301  0.525984  0.107037  0.457649  0.506756  0.119268  0.107060  0.088470  0.488507  0.140745  0.450009  0.474725  0.528707  0.103269  0.091659  0.437121  0.428539  0.373136  0.086070  0.446073  0.368039 
41  0.490408  0.503267  0.473717  0.647978  0.082623  0.634883  0.646002  0.662000  0.515676  0.226174  0.449939  0.497423  0.505983  0.175875  0.475822  0.403473  0.431796  0.483182  0.445250  0.495219  0.089429  0.124367  0.122412  0.150046  0.513346  0.149412  0.490135  0.476570  0.417077  0.166310  0.118514  0.166956  0.161836  0.130745  0.185706  0.173487  0.144311  0.168230  0.150969  0.141855  0.142301 0.0  0.481699  0.117449  0.544187  0.583126  0.094334  0.103283  0.140190  0.509622  0.080968  0.471881  0.458253  0.526438  0.108285  0.118625  0.481233  0.501260  0.229396  0.149011  0.501957  0.429353 
42  0.414012  0.126986  0.346748  0.189882  0.561486  0.229808  0.242633  0.186642  0.259182  0.457311  0.581140  0.532125  0.562475  0.449586  0.373319  0.148404  0.470135  0.405895  0.448784  0.386418  0.512863  0.504067  0.452513  0.426554  0.077365  0.430634  0.559913  0.389412  0.304531  0.443395  0.552369  0.417202  0.502419  0.459377  0.481486  0.396299  0.411261  0.437795  0.477541  0.512354  0.525984  0.481699 0.0  0.523501  0.407968  0.424755  0.500070  0.492388  0.493748  0.361430  0.477104  0.395564  0.323643  0.498596  0.534292  0.437608  0.288974  0.316392  0.499653  0.486567  0.450894  0.472368 
43  0.419345  0.493632  0.442406  0.511187  0.113952  0.613973  0.639547  0.601161  0.448984  0.191304  0.403934  0.461446  0.545112  0.130503  0.419095  0.355652  0.370029  0.368902  0.390197  0.408061  0.123859  0.114964  0.131541  0.108305  0.542972  0.123807  0.422733  0.446380  0.451461  0.139353  0.107542  0.113275  0.158533  0.109707  0.151731  0.133334  0.125303  0.131703  0.113717  0.127819  0.107037  0.117449  0.523501 0.0  0.492714  0.541345  0.100527  0.105782  0.117206  0.459408  0.119826  0.416303  0.496790  0.569414  0.104545  0.094525  0.485212  0.426336  0.277923  0.113997  0.460313  0.399191 
44  0.180686  0.407433  0.128416  0.292125  0.504119  0.384619  0.302392  0.423873  0.223220  0.351713  0.778206  0.829606  0.298478  0.474841  0.123584  0.339139  0.167290  0.171264  0.149646  0.178722  0.467185  0.435233  0.502727  0.447551  0.417649  0.466269  0.274252  0.639963  0.161811  0.435256  0.486236  0.463262  0.409241  0.467143  0.412234  0.440858  0.446732  0.410123  0.466678  0.437767  0.457649  0.544187  0.407968  0.492714 0.0  0.259571  0.564075  0.502538  0.415167  0.114130  0.498175  0.120524  0.119038  0.163230  0.557029  0.531631  0.200560  0.164432  0.646701  0.476887  0.140338  0.149994 
45  0.215780  0.518719  0.256895  0.403419  0.566781  0.485939  0.584952  0.552585  0.329592  0.433123  0.849687  0.915656  0.136463  0.401443  0.248851  0.454320  0.185867  0.209152  0.242863  0.231350  0.525528  0.493225  0.588692  0.581063  0.519683  0.451337  0.136215  0.704764  0.286079  0.500829  0.506785  0.457960  0.359353  0.453846  0.382755  0.469544  0.469343  0.487359  0.421187  0.446733  0.506756  0.583126  0.424755  0.541345  0.259571 0.0  0.558529  0.486710  0.469731  0.280857  0.523627  0.205523  0.229327  0.182880  0.495612  0.541692  0.340346  0.291581  0.737455  0.466501  0.227862  0.215663 
46  0.509804  0.461334  0.531154  0.508104  0.095472  0.642042  0.564955  0.602429  0.462888  0.191087  0.507980  0.438095  0.517019  0.155887  0.470409  0.414134  0.442323  0.436028  0.480577  0.391169  0.107179  0.127692  0.107463  0.137783  0.534934  0.133461  0.514277  0.417239  0.450503  0.138204  0.116538  0.147805  0.162307  0.133246  0.160211  0.171661  0.139645  0.147263  0.138819  0.150987  0.119268  0.094334  0.500070  0.100527  0.564075  0.558529 0.0  0.104776  0.150406  0.567463  0.102558  0.428067  0.461000  0.597946  0.108208  0.108206  0.459887  0.472159  0.270236  0.149935  0.487947  0.516916 
47  0.433642  0.468312  0.469933  0.637876  0.092424  0.711493  0.611413  0.680727  0.370096  0.180065  0.505941  0.445422  0.454032  0.140833  0.456780  0.403378  0.396078  0.418529  0.475849  0.367743  0.092821  0.110748  0.146862  0.122662  0.426111  0.117777  0.420315  0.455871  0.462820  0.126355  0.086249  0.133423  0.142510  0.106547  0.127928  0.131666  0.119616  0.118154  0.120727  0.112495  0.107060  0.103283  0.492388  0.105782  0.502538  0.486710  0.104776 0.0  0.114097  0.520072  0.100456  0.365506  0.427602  0.509029  0.079256  0.094815  0.421284  0.456038  0.298941  0.119557  0.421647  0.417201 
48  0.404545  0.374520  0.365895  0.422721  0.132112  0.503772  0.584717  0.604513  0.314070  0.129996  0.405827  0.457710  0.442898  0.111171  0.399144  0.423049  0.389925  0.359301  0.399042  0.356845  0.140371  0.087094  0.170313  0.089611  0.477118  0.083685  0.456138  0.405293  0.364798  0.093322  0.106260  0.084638  0.107791  0.081976  0.092058  0.094424  0.076177  0.084879  0.081475  0.081698  0.088470  0.140190  0.493748  0.117206  0.415167  0.469731  0.150406  0.114097 0.0  0.477067  0.136414  0.430708  0.403098  0.551549  0.117261  0.102619  0.434769  0.385973  0.309526  0.074632  0.359508  0.436959 
49  0.175817  0.362209  0.140019  0.239515  0.493127  0.295177  0.335522  0.315867  0.197940  0.429549  0.820558  0.731343  0.284775  0.495521  0.154325  0.327211  0.190573  0.170497  0.172982  0.185372  0.511721  0.427196  0.508775  0.459936  0.345854  0.439754  0.362208  0.564405  0.134533  0.423400  0.529297  0.470543  0.397445  0.432132  0.407687  0.364778  0.449031  0.410548  0.502595  0.460873  0.488507  0.509622  0.361430  0.459408  0.114130  0.280857  0.567463  0.520072  0.477067 0.0  0.489494  0.171070  0.142899  0.226218  0.507034  0.460226  0.152020  0.134025  0.725839  0.479724  0.161066  0.172956 
50  0.562273  0.472658  0.420372  0.592532  0.087407  0.813075  0.579298  0.629183  0.495281  0.241559  0.457581  0.501949  0.514406  0.175142  0.513140  0.494656  0.430444  0.365199  0.380322  0.432882  0.087113  0.149940  0.126410  0.159634  0.555449  0.133311  0.456284  0.431324  0.468973  0.169117  0.123366  0.157202  0.168991  0.138227  0.153121  0.176965  0.140320  0.152339  0.145493  0.163167  0.140745  0.080968  0.477104  0.119826  0.498175  0.523627  0.102558  0.100456  0.136414  0.489494 0.0  0.540390  0.398323  0.582391  0.103720  0.122656  0.494577  0.530542  0.286644  0.140582  0.455445  0.456396 
51  0.105835  0.402329  0.128858  0.277830  0.514645  0.370211  0.378933  0.407039  0.233982  0.323821  0.762899  0.708441  0.242807  0.407738  0.093740  0.342626  0.118148  0.102665  0.089583  0.110093  0.365388  0.426375  0.486795  0.421376  0.367454  0.394582  0.260065  0.633467  0.152182  0.383104  0.452640  0.395238  0.303600  0.437751  0.414360  0.418098  0.419906  0.427772  0.406664  0.460650  0.450009  0.471881  0.395564  0.416303  0.120524  0.205523  0.428067  0.365506  0.430708  0.171070  0.540390 0.0  0.097455  0.186933  0.461349  0.444946  0.226261  0.170604  0.688234  0.411138  0.085444  0.093414 
52  0.131044  0.397148  0.091921  0.328120  0.444754  0.352437  0.432048  0.430753  0.201248  0.359239  0.916487  0.664024  0.233028  0.429796  0.082349  0.332530  0.155683  0.118135  0.105463  0.121594  0.495139  0.388292  0.470856  0.406501  0.404378  0.353128  0.255995  0.529306  0.133852  0.381581  0.363937  0.411658  0.390747  0.414790  0.335283  0.382812  0.393838  0.384377  0.394372  0.392253  0.474725  0.458253  0.323643  0.496790  0.119038  0.229327  0.461000  0.427602  0.403098  0.142899  0.398323  0.097455 0.0  0.216152  0.413583  0.400239  0.198936  0.148681  0.577900  0.389282  0.096738  0.113652 
53  0.195477  0.471186  0.196937  0.337849  0.529453  0.373952  0.437649  0.412305  0.313010  0.473440  0.955857  1.000000  0.238828  0.479514  0.179903  0.476218  0.187988  0.208064  0.197262  0.218751  0.499652  0.477246  0.481293  0.446934  0.451707  0.468044  0.240242  0.765658  0.233883  0.481001  0.492518  0.552919  0.473327  0.558273  0.484255  0.539544  0.523238  0.402301  0.495282  0.555791  0.528707  0.526438  0.498596  0.569414  0.163230  0.182880  0.597946  0.509029  0.551549  0.226218  0.582391  0.186933  0.216152 0.0  0.540179  0.525137  0.298805  0.289881  0.783141  0.495627  0.190571  0.189063 
54  0.467567  0.462175  0.432278  0.530298  0.102471  0.589729  0.574143  0.470746  0.393353  0.159749  0.484503  0.442629  0.443001  0.134302  0.451120  0.381025  0.380998  0.389784  0.404554  0.372742  0.097143  0.102578  0.142963  0.115093  0.540573  0.107618  0.499513  0.532123  0.435978  0.120209  0.083495  0.136718  0.120038  0.117000  0.126564  0.133714  0.116070  0.129084  0.112767  0.104509  0.103269  0.108285  0.534292  0.104545  0.557029  0.495612  0.108208  0.079256  0.117261  0.507034  0.103720  0.461349  0.413583  0.540179 0.0  0.093949  0.463896  0.353238  0.316714  0.114245  0.386371  0.443791 
55  0.397319  0.448449  0.403909  0.521325  0.108112  0.619538  0.592013  0.597612  0.430345  0.175155  0.393591  0.495302  0.414679  0.127046  0.428162  0.451647  0.421839  0.426726  0.445006  0.424197  0.119471  0.098792  0.143823  0.104738  0.407534  0.100494  0.463201  0.563497  0.415349  0.118636  0.087962  0.119331  0.129246  0.093397  0.118170  0.116824  0.106499  0.112797  0.102994  0.105836  0.091659  0.118625  0.437608  0.094525  0.531631  0.541692  0.108206  0.094815  0.102619  0.460226  0.122656  0.444946  0.400239  0.525137  0.093949 0.0  0.419317  0.362440  0.307067  0.103402  0.465969  0.425048 
56  0.240049  0.280769  0.175627  0.192172  0.434896  0.257573  0.262551  0.286806  0.111870  0.338455  0.671815  0.618806  0.358522  0.399874  0.170673  0.218981  0.235854  0.220278  0.209063  0.236240  0.461307  0.464652  0.500736  0.405729  0.223630  0.368990  0.341525  0.524654  0.121813  0.354405  0.429834  0.429106  0.383955  0.467030  0.315456  0.398838  0.372600  0.357140  0.445654  0.437913  0.437121  0.481233  0.288974  0.485212  0.200560  0.340346  0.459887  0.421284  0.434769  0.152020  0.494577  0.226261  0.198936  0.298805  0.463896  0.419317 0.0  0.101671  0.594717  0.464721  0.215363  0.211021 
57  0.209727  0.306703  0.130191  0.223510  0.408296  0.295528  0.275152  0.377643  0.134079  0.358534  0.513169  0.699444  0.340165  0.423066  0.169517  0.220803  0.213808  0.176778  0.189458  0.177711  0.477047  0.410329  0.478147  0.475924  0.354504  0.395396  0.368444  0.560331  0.108296  0.380246  0.417139  0.364892  0.413758  0.358273  0.400131  0.377588  0.435979  0.389769  0.424880  0.445093  0.428539  0.501260  0.316392  0.426336  0.164432  0.291581  0.472159  0.456038  0.385973  0.134025  0.530542  0.170604  0.148681  0.289881  0.353238  0.362440  0.101671 0.0  0.656068  0.426220  0.180364  0.178912 
58  0.582842  0.503309  0.581273  0.668257  0.308107  0.746521  0.574931  0.735554  0.575828  0.354084  0.245082  0.281853  0.789034  0.339843  0.642556  0.575942  0.709092  0.700158  0.621005  0.632097  0.305505  0.306106  0.269313  0.338799  0.604224  0.339559  0.648510  0.269415  0.486970  0.315036  0.329583  0.372960  0.354227  0.309813  0.329301  0.344195  0.317051  0.311136  0.276408  0.314648  0.373136  0.229396  0.499653  0.277923  0.646701  0.737455  0.270236  0.298941  0.309526  0.725839  0.286644  0.688234  0.577900  0.783141  0.316714  0.307067  0.594717  0.656068 0.0  0.330214  0.651377  0.573294 
59  0.401485  0.461621  0.461431  0.505850  0.144259  0.566770  0.577087  0.513086  0.323744  0.135695  0.479389  0.458995  0.465046  0.108854  0.395436  0.322282  0.355898  0.413643  0.382008  0.388633  0.136006  0.085137  0.172747  0.088278  0.391180  0.082959  0.500793  0.499355  0.378369  0.097810  0.101627  0.086658  0.111400  0.083330  0.094470  0.087157  0.075335  0.085512  0.082610  0.080129  0.086070  0.149011  0.486567  0.113997  0.476887  0.466501  0.149935  0.119557  0.074632  0.479724  0.140582  0.411138  0.389282  0.495627  0.114245  0.103402  0.464721  0.426220  0.330214 0.0  0.455568  0.412625 
60  0.105664  0.404998  0.115620  0.349858  0.488846  0.406392  0.345696  0.449099  0.249149  0.342590  0.723524  0.657577  0.245918  0.387253  0.091215  0.343150  0.107296  0.095061  0.079806  0.103804  0.451660  0.421946  0.545227  0.359844  0.427679  0.417455  0.239267  0.660566  0.150304  0.371970  0.453940  0.362424  0.387049  0.391623  0.338065  0.352821  0.390294  0.404025  0.384230  0.414001  0.446073  0.501957  0.450894  0.460313  0.140338  0.227862  0.487947  0.421647  0.359508  0.161066  0.455445  0.085444  0.096738  0.190571  0.386371  0.465969  0.215363  0.180364  0.651377  0.455568 0.0  0.085353 
61  0.088263  0.474623  0.133603  0.395302  0.450966  0.377017  0.410352  0.472656  0.232105  0.321466  0.763774  0.776276  0.222790  0.426359  0.105112  0.362882  0.093053  0.088437  0.084342  0.097384  0.425444  0.431711  0.446538  0.445974  0.450352  0.425710  0.236172  0.677039  0.178181  0.401766  0.449619  0.387716  0.415350  0.423681  0.360951  0.403259  0.377427  0.403489  0.378285  0.436166  0.368039  0.429353  0.472368  0.399191  0.149994  0.215663  0.516916  0.417201  0.436959  0.172956  0.456396  0.093414  0.113652  0.189063  0.443791  0.425048  0.211021  0.178912  0.573294  0.412625  0.085353 0.0 
