62
0 0.0  0.440716  0.159256  0.417878  0.497137  0.517308  0.440377  0.490643  0.225619  0.370902  0.740312  0.862371  0.256997  0.489092  0.143838  0.424222  0.145263  0.075256  0.178588  0.075204  0.563448  0.456757  0.529102  0.444606  0.582524  0.320002  0.136228  0.715620  0.217960  0.417210  0.493010  0.425875  0.480167  0.485056  0.369583  0.426813  0.357012  0.418282  0.400517  0.536773  0.516304  0.526979  0.482843  0.517557  0.222293  0.244336  0.480547  0.512676  0.464007  0.140736  0.647744  0.142282  0.096085  0.158022  0.439952  0.471002  0.227287  0.222465  0.708673  0.474361  0.120970  0.075204 
1  0.440716 0.0  0.392701  0.216467  0.409907  0.318215  0.371928  0.252447  0.293222  0.382566  0.604628  0.450240  0.650192  0.544151  0.450657  0.121230  0.531789  0.461720  0.515416  0.451872  0.537951  0.444178  0.525615  0.305761  0.137985  0.476862  0.497939  0.405535  0.350608  0.330337  0.561295  0.472088  0.434043  0.432596  0.518857  0.443215  0.483562  0.369342  0.453501  0.504116  0.410600  0.597716  0.158392  0.503971  0.516812  0.604545  0.609538  0.415329  0.444684  0.456206  0.487051  0.596999  0.396931  0.603470  0.504985  0.472761  0.234162  0.344432  0.570257  0.430626  0.449724  0.474534 
2  0.159256  0.392701 0.0  0.235941  0.487764  0.301361  0.325497  0.522136  0.111712  0.433516  0.807880  0.822137  0.328133  0.436929  0.132531  0.417965  0.245421  0.145039  0.139312  0.106812  0.506504  0.449219  0.428500  0.466176  0.469970  0.480591  0.328874  0.762095  0.084878  0.418565  0.505582  0.314591  0.430632  0.503968  0.437037  0.518253  0.390813  0.375365  0.533674  0.430231  0.539927  0.634167  0.476991  0.487458  0.079519  0.273482  0.565798  0.368220  0.476429  0.149974  0.511740  0.189668  0.075204  0.265410  0.575454  0.505583  0.170508  0.186446  0.625560  0.514900  0.146232  0.188550 
3  0.417878  0.216467  0.235941 0.0  0.619923  0.307874  0.173724  0.208736  0.155148  0.475452  0.744080  0.704773  0.582615  0.531439  0.378864  0.203581  0.441535  0.457324  0.381552  0.364175  0.633925  0.608780  0.594300  0.534439  0.178853  0.555940  0.554929  0.607722  0.274828  0.479138  0.544725  0.587522  0.562713  0.651156  0.485164  0.522647  0.554624  0.503941  0.600094  0.461195  0.512626  0.627181  0.158936  0.614017  0.358950  0.487535  0.619990  0.682181  0.512523  0.329341  0.664591  0.417415  0.251074  0.496330  0.515437  0.580453  0.240997  0.227181  0.668429  0.530268  0.332741  0.327456 
4  0.497137  0.409907  0.487764  0.619923 0.0  0.718481  0.775519  0.631061  0.504249  0.160326  0.542547  0.518449  0.547123  0.090351  0.567263  0.439510  0.517085  0.377754  0.565700  0.468384  0.075204  0.243542  0.262212  0.126981  0.643255  0.075204  0.469498  0.586289  0.527494  0.075204  0.167166  0.087007  0.185493  0.160927  0.267074  0.102996  0.187597  0.170770  0.172047  0.131194  0.124497  0.075204  0.586421  0.217831  0.513019  0.574669  0.117745  0.075204  0.102354  0.622083  0.075204  0.496511  0.456712  0.714142  0.112055  0.075204  0.575069  0.560171  0.303037  0.102986  0.518828  0.571577 
5  0.517308  0.318215  0.301361  0.307874  0.718481 0.0  0.194804  0.148590  0.234681  0.617403  0.887697  0.701623  0.520271  0.666007  0.361387  0.295945  0.410914  0.418809  0.560012  0.486270  0.701294  0.618100  0.640499  0.736292  0.275548  0.669409  0.546622  0.732402  0.377935  0.672363  0.704491  0.604744  0.547166  0.679066  0.621844  0.601891  0.673536  0.529594  0.572453  0.584631  0.609588  0.614301  0.369965  0.618664  0.339750  0.520939  0.624449  0.776791  0.645206  0.381114  0.761260  0.452331  0.433586  0.437486  0.597088  0.545055  0.292475  0.300649  0.929637  0.554806  0.312140  0.380755 
6  0.440377  0.371928  0.325497  0.173724  0.775519  0.194804 0.0  0.141188  0.158755  0.626859  0.724694  0.778466  0.595629  0.658032  0.417389  0.298273  0.503673  0.497141  0.372852  0.507848  0.731519  0.657251  0.716727  0.676539  0.273402  0.559362  0.588044  0.517386  0.300283  0.661999  0.645032  0.600798  0.608272  0.657669  0.576456  0.660992  0.524096  0.613380  0.640347  0.635108  0.689216  0.706768  0.295073  0.670760  0.472500  0.587879  0.754126  0.763286  0.662943  0.449690  0.622383  0.468291  0.406837  0.528211  0.694308  0.643365  0.361560  0.309574  0.698949  0.624356  0.487225  0.504224 
7  0.490643  0.252447  0.522136  0.208736  0.631061  0.148590  0.141188 0.0  0.318544  0.656941  0.651451  0.635987  0.682763  0.570254  0.505788  0.234334  0.515020  0.591722  0.513865  0.550235  0.697509  0.594912  0.820837  0.650962  0.254879  0.596389  0.620765  0.622804  0.489241  0.728697  0.568451  0.690102  0.608552  0.659739  0.639143  0.539395  0.718677  0.636941  0.554971  0.630083  0.665372  0.577826  0.262937  0.713306  0.463627  0.588723  0.640477  0.757065  0.661484  0.446396  0.742594  0.448723  0.590278  0.578648  0.724582  0.650652  0.412262  0.377516  0.786007  0.592117  0.523795  0.529084 
8  0.225619  0.293222  0.111712  0.155148  0.504249  0.234681  0.158755  0.318544 0.0  0.438713  0.722623  0.605921  0.521015  0.412116  0.113607  0.224999  0.248719  0.181661  0.237702  0.239642  0.588663  0.405313  0.563860  0.451485  0.271996  0.382457  0.297917  0.710813  0.159061  0.518664  0.420620  0.308069  0.441111  0.442872  0.355316  0.439963  0.407065  0.390528  0.421599  0.606456  0.351013  0.447167  0.339676  0.408382  0.274823  0.359992  0.446803  0.485396  0.362052  0.220762  0.505987  0.197577  0.210090  0.408807  0.465310  0.370612  0.091886  0.156398  0.743194  0.372821  0.253861  0.265667 
9  0.370902  0.382566  0.433516  0.475452  0.160326  0.617403  0.626859  0.656941  0.438713 0.0  0.510956  0.589917  0.467197  0.141879  0.335133  0.388357  0.375928  0.346989  0.383418  0.312918  0.229776  0.155464  0.240162  0.103315  0.437852  0.097929  0.495082  0.545498  0.386327  0.075204  0.239597  0.151566  0.319869  0.211441  0.158677  0.197102  0.248318  0.075204  0.075204  0.122150  0.084620  0.172177  0.373278  0.193613  0.414180  0.494916  0.168469  0.192774  0.188159  0.486509  0.266638  0.335842  0.347485  0.523773  0.195895  0.265623  0.282868  0.395929  0.462199  0.185159  0.337931  0.487786 
10  0.740312  0.604628  0.807880  0.744080  0.542547  0.887697  0.724694  0.651451  0.722623  0.510956 0.0  0.137958  0.823529  0.430454  0.808559  0.569315  0.804696  0.807009  0.851336  0.827110  0.579904  0.551867  0.429423  0.503734  0.562539  0.571465  1.000000  0.307766  0.743748  0.537520  0.590781  0.490695  0.520269  0.457135  0.675050  0.563595  0.410882  0.675786  0.563269  0.555404  0.475679  0.618659  0.607331  0.594442  0.880487  0.973719  0.432858  0.558640  0.455272  0.775369  0.445551  0.823157  0.804564  0.971444  0.366459  0.424396  0.730869  0.723862  0.307805  0.476260  0.809901  0.781306 
11  0.862371  0.450240  0.822137  0.704773  0.518449  0.701623  0.778466  0.635987  0.605921  0.589917  0.137958 0.0  0.888528  0.537874  0.832768  0.541082  0.858647  0.747204  0.767166  0.818392  0.540375  0.471158  0.608383  0.488603  0.665693  0.550492  0.935144  0.122487  0.720277  0.586340  0.403036  0.595235  0.433901  0.517920  0.568985  0.609709  0.528880  0.508026  0.498533  0.611974  0.508303  0.419083  0.613733  0.463091  0.859196  0.858203  0.476502  0.475762  0.477374  0.786027  0.435221  0.901795  0.659610  0.937912  0.577259  0.464975  0.718799  0.769896  0.300680  0.535491  0.937466  0.842937 
12  0.256997  0.650192  0.328133  0.582615  0.547123  0.520271  0.595629  0.682763  0.521015  0.467197  0.823529  0.888528 0.0  0.508112  0.320368  0.728591  0.251887  0.304622  0.202931  0.355854  0.422804  0.578339  0.555997  0.492782  0.693712  0.350761  0.075204  0.860383  0.373609  0.427028  0.503049  0.458789  0.428268  0.492941  0.374176  0.508376  0.404220  0.521139  0.495110  0.428453  0.480337  0.457535  0.648092  0.471079  0.272694  0.080075  0.634006  0.533472  0.350219  0.346520  0.541980  0.216709  0.147013  0.253990  0.527994  0.537730  0.281797  0.464430  0.626359  0.465939  0.257433  0.298300 
13  0.489092  0.544151  0.436929  0.531439  0.090351  0.666007  0.658032  0.570254  0.412116  0.141879  0.430454  0.537874  0.508112 0.0  0.417794  0.423171  0.406717  0.442012  0.467259  0.371124  0.199445  0.161061  0.227610  0.075204  0.436571  0.241426  0.478346  0.407614  0.494600  0.167731  0.154331  0.217523  0.075204  0.088641  0.132113  0.229342  0.094974  0.123490  0.145448  0.076581  0.178221  0.177273  0.466967  0.143782  0.500195  0.553683  0.197958  0.123861  0.153107  0.439256  0.140227  0.594415  0.434101  0.648724  0.108317  0.131410  0.491161  0.516409  0.402843  0.084556  0.513974  0.408754 
14  0.143838  0.450657  0.132531  0.378864  0.567263  0.361387  0.417389  0.505788  0.113607  0.335133  0.808559  0.832768  0.320368  0.417794 0.0  0.452311  0.082786  0.124688  0.087972  0.117497  0.555389  0.385496  0.546995  0.431781  0.361351  0.451332  0.250737  0.710493  0.176885  0.458738  0.499685  0.388745  0.323836  0.504248  0.375634  0.422731  0.546801  0.452698  0.401571  0.505068  0.410466  0.595434  0.366985  0.498831  0.135788  0.236332  0.514403  0.468179  0.377534  0.133922  0.527995  0.161606  0.075204  0.189203  0.601768  0.509867  0.184899  0.217470  0.741929  0.347274  0.075204  0.177956 
15  0.424222  0.121230  0.417965  0.203581  0.439510  0.295945  0.298273  0.234334  0.224999  0.388357  0.569315  0.541082  0.728591  0.423171  0.452311 0.0  0.388977  0.335623  0.268706  0.296403  0.573842  0.475656  0.530305  0.371096  0.266004  0.431914  0.455035  0.513918  0.315204  0.454784  0.466867  0.452807  0.565219  0.446399  0.428593  0.419678  0.471162  0.399458  0.508326  0.317346  0.538695  0.502862  0.203770  0.474034  0.385838  0.578672  0.419379  0.407777  0.422874  0.391240  0.495444  0.453886  0.412128  0.547826  0.492770  0.441200  0.281483  0.149957  0.541437  0.407917  0.389739  0.528237 
16  0.145263  0.531789  0.245421  0.441535  0.517085  0.410914  0.503673  0.515020  0.248719  0.375928  0.804696  0.858647  0.251887  0.406717  0.082786  0.388977 0.0  0.075204  0.150671  0.075204  0.386453  0.396287  0.525857  0.454422  0.540376  0.474726  0.197597  0.740232  0.102186  0.390863  0.380107  0.499564  0.387662  0.510729  0.364732  0.338740  0.435377  0.321552  0.486940  0.453205  0.409534  0.515788  0.624480  0.579803  0.095609  0.169163  0.426397  0.435587  0.494633  0.223336  0.488981  0.186684  0.114428  0.211617  0.494213  0.371742  0.269363  0.219994  0.730012  0.467575  0.075204  0.095705 
17  0.075256  0.461720  0.145039  0.457324  0.377754  0.418809  0.497141  0.591722  0.181661  0.346989  0.807009  0.747204  0.304622  0.442012  0.124688  0.335623  0.075204 0.0  0.139527  0.228219  0.444581  0.459809  0.644495  0.438680  0.552981  0.445340  0.221630  0.647299  0.256780  0.411405  0.458386  0.332963  0.292562  0.411794  0.438892  0.433411  0.413515  0.376951  0.481833  0.432524  0.454559  0.480542  0.418336  0.510863  0.164007  0.280342  0.618164  0.542476  0.412604  0.180294  0.563108  0.150320  0.075204  0.231549  0.469567  0.453770  0.287285  0.159005  0.638820  0.422522  0.099952  0.175201 
18  0.178588  0.515416  0.139312  0.381552  0.565700  0.560012  0.372852  0.513865  0.237702  0.383418  0.851336  0.767166  0.202931  0.467259  0.087972  0.268706  0.150671  0.139527 0.0  0.133480  0.487924  0.450862  0.656374  0.281029  0.544294  0.528479  0.247122  0.600267  0.284808  0.365472  0.452422  0.345575  0.414104  0.512785  0.339127  0.403025  0.435254  0.423227  0.365985  0.531595  0.421757  0.515795  0.504352  0.518498  0.155869  0.186508  0.556933  0.513256  0.417854  0.250536  0.529832  0.202026  0.075204  0.142527  0.457513  0.476953  0.257414  0.117891  0.775224  0.428513  0.075204  0.123841 
19  0.075204  0.451872  0.106812  0.364175  0.468384  0.486270  0.507848  0.550235  0.239642  0.312918  0.827110  0.818392  0.355854  0.371124  0.117497  0.296403  0.075204  0.228219  0.133480 0.0  0.441448  0.390691  0.525482  0.482480  0.463136  0.354255  0.227302  0.782312  0.155166  0.405924  0.450354  0.408001  0.367779  0.382151  0.396141  0.387888  0.313023  0.378978  0.418883  0.301999  0.441768  0.589089  0.503039  0.548328  0.133979  0.304317  0.425051  0.658294  0.532635  0.286329  0.434604  0.087206  0.075204  0.290703  0.494193  0.438792  0.280547  0.205516  0.679764  0.440399  0.083309  0.075204 
20  0.563448  0.537951  0.506504  0.633925  0.075204  0.701294  0.731519  0.697509  0.588663  0.229776  0.579904  0.540375  0.422804  0.199445  0.555389  0.573842  0.386453  0.444581  0.487924  0.441448 0.0  0.156020  0.167218  0.095586  0.629567  0.118620  0.374527  0.521738  0.451825  0.205306  0.131801  0.146188  0.212812  0.099481  0.091942  0.075204  0.283697  0.174298  0.217183  0.217704  0.090917  0.106617  0.630109  0.132499  0.571361  0.624490  0.075204  0.075204  0.090166  0.601585  0.102575  0.510570  0.565751  0.632728  0.075204  0.193068  0.460415  0.504811  0.399686  0.117952  0.492678  0.456900 
21  0.456757  0.444178  0.449219  0.608780  0.243542  0.618100  0.657251  0.594912  0.405313  0.155464  0.551867  0.471158  0.578339  0.161061  0.385496  0.475656  0.396287  0.459809  0.450862  0.390691  0.156020 0.0  0.075204  0.075204  0.535600  0.075204  0.430651  0.542935  0.447398  0.101335  0.126493  0.105959  0.116140  0.075204  0.109097  0.135565  0.149669  0.075204  0.160125  0.075204  0.111598  0.114503  0.569695  0.075204  0.501374  0.407997  0.164607  0.116290  0.075204  0.536653  0.114229  0.520788  0.590989  0.500903  0.186612  0.116478  0.406330  0.415311  0.422686  0.180738  0.406986  0.583321 
22  0.529102  0.525615  0.428500  0.594300  0.262212  0.640499  0.716727  0.820837  0.563860  0.240162  0.429423  0.608383  0.555997  0.227610  0.546995  0.530305  0.525857  0.644495  0.656374  0.525482  0.167218  0.075204 0.0  0.255533  0.566865  0.119958  0.641017  0.522837  0.604599  0.184279  0.089000  0.173985  0.223369  0.137649  0.205081  0.178662  0.258225  0.194617  0.201554  0.160468  0.243849  0.148047  0.592373  0.211131  0.606927  0.696003  0.147434  0.166001  0.193347  0.666450  0.075204  0.543765  0.489188  0.702694  0.075204  0.207581  0.652324  0.468629  0.320703  0.238731  0.518163  0.582428 
23  0.444606  0.305761  0.466176  0.534439  0.126981  0.736292  0.676539  0.650962  0.451485  0.103315  0.503734  0.488603  0.492782  0.075204  0.431781  0.371096  0.454422  0.438680  0.281029  0.482480  0.095586  0.075204  0.255533 0.0  0.528167  0.111254  0.489083  0.553726  0.522778  0.083971  0.147246  0.095534  0.136723  0.107032  0.075204  0.075204  0.152387  0.075204  0.075204  0.075204  0.115184  0.137752  0.540047  0.078414  0.477922  0.447755  0.100010  0.158447  0.075204  0.455471  0.252815  0.398271  0.324924  0.637369  0.123492  0.116360  0.534076  0.466306  0.386296  0.085527  0.491163  0.433050 
24  0.582524  0.137985  0.469970  0.178853  0.643255  0.275548  0.273402  0.254879  0.271996  0.437852  0.562539  0.665693  0.693712  0.436571  0.361351  0.266004  0.540376  0.552981  0.544294  0.463136  0.629567  0.535600  0.566865  0.528167 0.0  0.558825  0.705804  0.518028  0.498220  0.447608  0.499520  0.553540  0.394182  0.524487  0.481093  0.495970  0.457743  0.499422  0.592581  0.605566  0.440132  0.511248  0.088194  0.524542  0.637190  0.676508  0.576833  0.530314  0.602625  0.388529  0.701330  0.451649  0.433449  0.521873  0.471381  0.521708  0.314251  0.335709  0.600863  0.593303  0.507465  0.471225 
25  0.320002  0.476862  0.480591  0.555940  0.075204  0.669409  0.559362  0.596389  0.382457  0.097929  0.571465  0.550492  0.350761  0.241426  0.451332  0.431914  0.474726  0.445340  0.528479  0.354255  0.118620  0.075204  0.119958  0.111254  0.558825 0.0  0.506409  0.526897  0.330758  0.075204  0.118933  0.075204  0.075204  0.075204  0.105231  0.075204  0.075204  0.096978  0.180563  0.075204  0.113088  0.202806  0.542114  0.099231  0.320240  0.488601  0.081091  0.075204  0.120829  0.381470  0.225169  0.506600  0.426803  0.593218  0.172810  0.096089  0.517496  0.488488  0.340698  0.112436  0.517313  0.491757 
26  0.136228  0.497939  0.328874  0.554929  0.469498  0.546622  0.588044  0.620765  0.297917  0.495082  1.000000  0.935144  0.075204  0.478346  0.250737  0.455035  0.197597  0.221630  0.247122  0.227302  0.374527  0.430651  0.641017  0.489083  0.705804  0.506409 0.0  0.789781  0.268207  0.488182  0.474249  0.575210  0.449492  0.491996  0.429713  0.484794  0.572619  0.457709  0.557640  0.462988  0.559464  0.596327  0.718294  0.505391  0.394745  0.129846  0.497829  0.517330  0.420802  0.402002  0.545111  0.213210  0.317098  0.233515  0.579990  0.432264  0.390183  0.506950  0.837104  0.389069  0.110155  0.275178 
27  0.715620  0.405535  0.762095  0.607722  0.586289  0.732402  0.517386  0.622804  0.710813  0.545498  0.307766  0.122487  0.860383  0.407614  0.710493  0.513918  0.740232  0.647299  0.600267  0.782312  0.521738  0.542935  0.522837  0.553726  0.518028  0.526897  0.789781 0.0  0.523417  0.410204  0.460458  0.536038  0.527249  0.402139  0.509625  0.517053  0.581707  0.480580  0.520098  0.466166  0.469176  0.530916  0.472649  0.540340  0.740787  0.896274  0.552749  0.527594  0.497106  0.679750  0.577907  0.813215  0.788642  0.751339  0.546552  0.419845  0.726340  0.619680  0.467113  0.573200  0.792279  0.736933 
28  0.217960  0.350608  0.084878  0.274828  0.527494  0.377935  0.300283  0.489241  0.159061  0.386327  0.743748  0.720277  0.373609  0.494600  0.176885  0.315204  0.102186  0.256780  0.284808  0.155166  0.451825  0.447398  0.604599  0.522778  0.498220  0.330758  0.268207  0.523417 0.0  0.482092  0.472745  0.538064  0.389436  0.362261  0.405369  0.439431  0.384071  0.459222  0.431657  0.459791  0.488537  0.569429  0.270729  0.440099  0.076858  0.262827  0.509548  0.483235  0.472731  0.191910  0.447510  0.147982  0.114728  0.233941  0.502574  0.532980  0.098297  0.097390  0.706999  0.473019  0.093792  0.208475 
29  0.417210  0.330337  0.418565  0.479138  0.075204  0.672363  0.661999  0.728697  0.518664  0.075204  0.537520  0.586340  0.427028  0.167731  0.458738  0.454784  0.390863  0.411405  0.365472  0.405924  0.205306  0.101335  0.184279  0.083971  0.447608  0.075204  0.488182  0.410204  0.482092 0.0  0.188687  0.075204  0.190549  0.167278  0.075560  0.075204  0.075204  0.131575  0.075204  0.075204  0.075204  0.141743  0.558838  0.167847  0.630795  0.478731  0.246273  0.108658  0.108005  0.541923  0.212701  0.425302  0.281720  0.470089  0.089667  0.163446  0.382405  0.479053  0.328857  0.075204  0.375144  0.430337 
30  0.493010  0.561295  0.505582  0.544725  0.167166  0.704491  0.645032  0.568451  0.420620  0.239597  0.590781  0.403036  0.503049  0.154331  0.499685  0.466867  0.380107  0.458386  0.452422  0.450354  0.131801  0.126493  0.089000  0.147246  0.499520  0.118933  0.474249  0.460458  0.472745  0.188687 0.0  0.077072  0.226021  0.091856  0.213148  0.134503  0.165851  0.075204  0.094765  0.109385  0.176479  0.110374  0.502298  0.090495  0.472819  0.561699  0.137135  0.075204  0.151133  0.502969  0.098221  0.491731  0.531026  0.644068  0.075204  0.078334  0.472236  0.507297  0.359973  0.167581  0.385292  0.500740 
31  0.425875  0.472088  0.314591  0.587522  0.087007  0.604744  0.600798  0.690102  0.308069  0.151566  0.490695  0.595235  0.458789  0.217523  0.388745  0.452807  0.499564  0.332963  0.345575  0.408001  0.146188  0.105959  0.173985  0.095534  0.553540  0.075204  0.575210  0.536038  0.538064  0.075204  0.077072 0.0  0.149466  0.150666  0.187445  0.086171  0.130053  0.094777  0.102159  0.165772  0.075204  0.168471  0.593114  0.118297  0.576682  0.492483  0.158789  0.107649  0.107488  0.543435  0.233659  0.439183  0.500530  0.556916  0.098579  0.144298  0.500909  0.306353  0.419640  0.249697  0.422837  0.341071 
32  0.480167  0.434043  0.430632  0.562713  0.185493  0.547166  0.608272  0.608552  0.441111  0.319869  0.520269  0.433901  0.428268  0.075204  0.323836  0.565219  0.387662  0.292562  0.414104  0.367779  0.212812  0.116140  0.223369  0.136723  0.394182  0.075204  0.449492  0.527249  0.389436  0.190549  0.226021  0.149466 0.0  0.075957  0.104171  0.075204  0.075204  0.075204  0.103377  0.122811  0.121533  0.150750  0.665644  0.132523  0.488844  0.539875  0.161490  0.198346  0.183825  0.523833  0.172689  0.342166  0.376701  0.540208  0.136913  0.284639  0.432558  0.469240  0.302608  0.075204  0.472151  0.392865 
33  0.485056  0.432596  0.503968  0.651156  0.160927  0.679066  0.657669  0.659739  0.442872  0.211441  0.457135  0.517920  0.492941  0.088641  0.504248  0.446399  0.510729  0.411794  0.512785  0.382151  0.099481  0.075204  0.137649  0.107032  0.524487  0.075204  0.491996  0.402139  0.362261  0.167278  0.091856  0.150666  0.075957 0.0  0.076192  0.110106  0.075204  0.075204  0.111835  0.127733  0.075204  0.149590  0.510730  0.094492  0.494109  0.577989  0.260576  0.157018  0.110968  0.532847  0.152820  0.480880  0.443288  0.590808  0.154107  0.075204  0.508515  0.406328  0.404068  0.184602  0.509257  0.425596 
34  0.369583  0.518857  0.437037  0.485164  0.267074  0.621844  0.576456  0.639143  0.355316  0.158677  0.675050  0.568985  0.374176  0.132113  0.375634  0.428593  0.364732  0.438892  0.339127  0.396141  0.091942  0.109097  0.205081  0.075204  0.481093  0.105231  0.429713  0.509625  0.405369  0.075560  0.213148  0.187445  0.104171  0.076192 0.0  0.078489  0.169170  0.075204  0.162225  0.075204  0.151039  0.179561  0.556019  0.219970  0.488330  0.581452  0.217740  0.183404  0.123363  0.508034  0.153143  0.405934  0.409645  0.551327  0.155506  0.105181  0.440143  0.353560  0.408968  0.091683  0.530198  0.379515 
35  0.426813  0.443215  0.518253  0.522647  0.102996  0.601891  0.660992  0.539395  0.439963  0.197102  0.563595  0.609709  0.508376  0.229342  0.422731  0.419678  0.338740  0.433411  0.403025  0.387888  0.075204  0.135565  0.178662  0.075204  0.495970  0.075204  0.484794  0.517053  0.439431  0.075204  0.134503  0.086171  0.075204  0.110106  0.078489 0.0  0.202154  0.075204  0.190131  0.144813  0.075204  0.176403  0.623611  0.204481  0.511977  0.502480  0.154055  0.100255  0.075204  0.443143  0.182730  0.438857  0.422935  0.477372  0.193743  0.100213  0.284270  0.460604  0.317125  0.133126  0.484322  0.449113 
36  0.357012  0.483562  0.390813  0.554624  0.187597  0.673536  0.524096  0.718677  0.407065  0.248318  0.410882  0.528880  0.404220  0.094974  0.546801  0.471162  0.435377  0.413515  0.435254  0.313023  0.283697  0.149669  0.258225  0.152387  0.457743  0.075204  0.572619  0.581707  0.384071  0.075204  0.165851  0.130053  0.075204  0.075204  0.169170  0.202154 0.0  0.120035  0.088551  0.075204  0.076385  0.231259  0.501004  0.219650  0.495120  0.431877  0.110065  0.192008  0.075204  0.543555  0.075204  0.525052  0.379942  0.362940  0.075204  0.075204  0.379545  0.440016  0.351681  0.108505  0.347665  0.501388 
37  0.418282  0.369342  0.375365  0.503941  0.170770  0.529594  0.613380  0.636941  0.390528  0.075204  0.675786  0.508026  0.521139  0.123490  0.452698  0.399458  0.321552  0.376951  0.423227  0.378978  0.174298  0.075204  0.194617  0.075204  0.499422  0.096978  0.457709  0.480580  0.459222  0.131575  0.075204  0.094777  0.075204  0.075204  0.075204  0.075204  0.120035 0.0  0.101586  0.075204  0.173788  0.212834  0.487988  0.186985  0.438364  0.453972  0.237420  0.274448  0.097526  0.439165  0.125610  0.387777  0.392926  0.638272  0.121995  0.118362  0.443038  0.374434  0.456337  0.183476  0.449134  0.434225 
38  0.400517  0.453501  0.533674  0.600094  0.172047  0.572453  0.640347  0.554971  0.421599  0.075204  0.563269  0.498533  0.495110  0.145448  0.401571  0.508326  0.486940  0.481833  0.365985  0.418883  0.217183  0.160125  0.201554  0.075204  0.592581  0.180563  0.557640  0.520098  0.431657  0.075204  0.094765  0.102159  0.103377  0.111835  0.162225  0.190131  0.088551  0.101586 0.0  0.133299  0.086765  0.149583  0.551622  0.150482  0.545929  0.626687  0.075204  0.205675  0.101449  0.515475  0.127153  0.454081  0.379102  0.663153  0.075204  0.095217  0.506707  0.392092  0.369464  0.102752  0.355221  0.504068 
39  0.536773  0.504116  0.430231  0.461195  0.131194  0.584631  0.635108  0.630083  0.606456  0.122150  0.555404  0.611974  0.428453  0.076581  0.505068  0.317346  0.453205  0.432524  0.531595  0.301999  0.217704  0.075204  0.160468  0.075204  0.605566  0.075204  0.462988  0.466166  0.459791  0.075204  0.109385  0.165772  0.122811  0.127733  0.075204  0.144813  0.075204  0.075204  0.133299 0.0  0.211180  0.102131  0.537900  0.241839  0.499651  0.599750  0.128973  0.137463  0.083016  0.401131  0.075204  0.381929  0.473938  0.684716  0.153172  0.210205  0.452388  0.412919  0.301190  0.075204  0.412247  0.407523 
40  0.516304  0.410600  0.539927  0.512626  0.124497  0.609588  0.689216  0.665372  0.351013  0.084620  0.475679  0.508303  0.480337  0.178221  0.410466  0.538695  0.409534  0.454559  0.421757  0.441768  0.090917  0.111598  0.243849  0.115184  0.440132  0.113088  0.559464  0.469176  0.488537  0.075204  0.176479  0.075204  0.121533  0.075204  0.151039  0.075204  0.076385  0.173788  0.086765  0.211180 0.0  0.089013  0.385759  0.201432  0.488711  0.617769  0.139689  0.095221  0.075204  0.553595  0.290838  0.419636  0.455769  0.634368  0.075204  0.128831  0.502944  0.412908  0.414672  0.131725  0.599725  0.416990 
41  0.526979  0.597716  0.634167  0.627181  0.075204  0.614301  0.706768  0.577826  0.447167  0.172177  0.618659  0.419083  0.457535  0.177273  0.595434  0.502862  0.515788  0.480542  0.515795  0.589089  0.106617  0.114503  0.148047  0.137752  0.511248  0.202806  0.596327  0.530916  0.569429  0.141743  0.110374  0.168471  0.150750  0.149590  0.179561  0.176403  0.231259  0.212834  0.149583  0.102131  0.089013 0.0  0.659072  0.165387  0.573649  0.506365  0.161343  0.075204  0.150072  0.482925  0.075204  0.556838  0.514642  0.707355  0.095524  0.149105  0.459432  0.548846  0.265859  0.095995  0.596155  0.510080 
42  0.482843  0.158392  0.476991  0.158936  0.586421  0.369965  0.295073  0.262937  0.339676  0.373278  0.607331  0.613733  0.648092  0.466967  0.366985  0.203770  0.624480  0.418336  0.504352  0.503039  0.630109  0.569695  0.592373  0.540047  0.088194  0.542114  0.718294  0.472649  0.270729  0.558838  0.502298  0.593114  0.665644  0.510730  0.556019  0.623611  0.501004  0.487988  0.551622  0.537900  0.385759  0.659072 0.0  0.445197  0.416465  0.648295  0.583203  0.621090  0.455787  0.352494  0.687548  0.489034  0.527976  0.517046  0.551000  0.515841  0.215782  0.264812  0.631007  0.524481  0.495377  0.455349 
43  0.517557  0.503971  0.487458  0.614017  0.217831  0.618664  0.670760  0.713306  0.408382  0.193613  0.594442  0.463091  0.471079  0.143782  0.498831  0.474034  0.579803  0.510863  0.518498  0.548328  0.132499  0.075204  0.211131  0.078414  0.524542  0.099231  0.505391  0.540340  0.440099  0.167847  0.090495  0.118297  0.132523  0.094492  0.219970  0.204481  0.219650  0.186985  0.150482  0.241839  0.201432  0.165387  0.445197 0.0  0.448922  0.613557  0.127678  0.150186  0.195804  0.679500  0.099035  0.497434  0.535868  0.596588  0.097588  0.207234  0.566746  0.578288  0.322848  0.075204  0.448664  0.482855 
44  0.222293  0.516812  0.079519  0.358950  0.513019  0.339750  0.472500  0.463627  0.274823  0.414180  0.880487  0.859196  0.272694  0.500195  0.135788  0.385838  0.095609  0.164007  0.155869  0.133979  0.571361  0.501374  0.606927  0.477922  0.637190  0.320240  0.394745  0.740787  0.076858  0.630795  0.472819  0.576682  0.488844  0.494109  0.488330  0.511977  0.495120  0.438364  0.545929  0.499651  0.488711  0.573649  0.416465  0.448922 0.0  0.376944  0.582495  0.584867  0.553616  0.152579  0.662829  0.143524  0.075204  0.160491  0.439081  0.561401  0.210702  0.102485  0.792878  0.514787  0.206992  0.175074 
45  0.244336  0.604545  0.273482  0.487535  0.574669  0.520939  0.587879  0.588723  0.359992  0.494916  0.973719  0.858203  0.080075  0.553683  0.236332  0.578672  0.169163  0.280342  0.186508  0.304317  0.624490  0.407997  0.696003  0.447755  0.676508  0.488601  0.129846  0.896274  0.262827  0.478731  0.561699  0.492483  0.539875  0.577989  0.581452  0.502480  0.431877  0.453972  0.626687  0.599750  0.617769  0.506365  0.648295  0.613557  0.376944 0.0  0.617053  0.561509  0.425091  0.332073  0.559152  0.198434  0.214209  0.170979  0.498312  0.519323  0.397088  0.356155  0.727346  0.529442  0.232506  0.215250 
46  0.480547  0.609538  0.565798  0.619990  0.117745  0.624449  0.754126  0.640477  0.446803  0.168469  0.432858  0.476502  0.634006  0.197958  0.514403  0.419379  0.426397  0.618164  0.556933  0.425051  0.075204  0.164607  0.147434  0.100010  0.576833  0.081091  0.497829  0.552749  0.509548  0.246273  0.137135  0.158789  0.161490  0.260576  0.217740  0.154055  0.110065  0.237420  0.075204  0.128973  0.139689  0.161343  0.583203  0.127678  0.582495  0.617053 0.0  0.123165  0.166855  0.578121  0.075204  0.585746  0.324115  0.588156  0.089772  0.139327  0.533630  0.452027  0.260070  0.133518  0.534638  0.424292 
47  0.512676  0.415329  0.368220  0.682181  0.075204  0.776791  0.763286  0.757065  0.485396  0.192774  0.558640  0.475762  0.533472  0.123861  0.468179  0.407777  0.435587  0.542476  0.513256  0.658294  0.075204  0.116290  0.166001  0.158447  0.530314  0.075204  0.517330  0.527594  0.483235  0.108658  0.075204  0.107649  0.198346  0.157018  0.183404  0.100255  0.192008  0.274448  0.205675  0.137463  0.095221  0.075204  0.621090  0.150186  0.584867  0.561509  0.123165 0.0  0.152867  0.626313  0.143132  0.552746  0.477223  0.710560  0.117328  0.119240  0.412804  0.491000  0.409318  0.161441  0.590670  0.390079 
48  0.464007  0.444684  0.476429  0.512523  0.102354  0.645206  0.662943  0.661484  0.362052  0.188159  0.455272  0.477374  0.350219  0.153107  0.377534  0.422874  0.494633  0.412604  0.417854  0.532635  0.090166  0.075204  0.193347  0.075204  0.602625  0.120829  0.420802  0.497106  0.472731  0.108005  0.151133  0.107488  0.183825  0.110968  0.123363  0.075204  0.075204  0.097526  0.101449  0.083016  0.075204  0.150072  0.455787  0.195804  0.553616  0.425091  0.166855  0.152867 0.0  0.602338  0.216271  0.531337  0.446210  0.602448  0.075204  0.075204  0.356719  0.468054  0.379178  0.075204  0.579057  0.437925 
49  0.140736  0.456206  0.149974  0.329341  0.622083  0.381114  0.449690  0.446396  0.220762  0.486509  0.775369  0.786027  0.346520  0.439256  0.133922  0.391240  0.223336  0.180294  0.250536  0.286329  0.601585  0.536653  0.666450  0.455471  0.388529  0.381470  0.402002  0.679750  0.191910  0.541923  0.502969  0.543435  0.523833  0.532847  0.508034  0.443143  0.543555  0.439165  0.515475  0.401131  0.553595  0.482925  0.352494  0.679500  0.152579  0.332073  0.578121  0.626313  0.602338 0.0  0.551661  0.242231  0.075204  0.310497  0.500954  0.569678  0.154945  0.115069  0.882575  0.502868  0.210533  0.209627 
50  0.647744  0.487051  0.511740  0.664591  0.075204  0.761260  0.622383  0.742594  0.505987  0.266638  0.445551  0.435221  0.541980  0.140227  0.527995  0.495444  0.488981  0.563108  0.529832  0.434604  0.102575  0.114229  0.075204  0.252815  0.701330  0.225169  0.545111  0.577907  0.447510  0.212701  0.098221  0.233659  0.172689  0.152820  0.153143  0.182730  0.075204  0.125610  0.127153  0.075204  0.290838  0.075204  0.687548  0.099035  0.662829  0.559152  0.075204  0.143132  0.216271  0.551661 0.0  0.535112  0.484954  0.608199  0.081824  0.146160  0.479537  0.571799  0.210009  0.178077  0.521702  0.603555 
51  0.142282  0.596999  0.189668  0.417415  0.496511  0.452331  0.468291  0.448723  0.197577  0.335842  0.823157  0.901795  0.216709  0.594415  0.161606  0.453886  0.186684  0.150320  0.202026  0.087206  0.510570  0.520788  0.543765  0.398271  0.451649  0.506600  0.213210  0.813215  0.147982  0.425302  0.491731  0.439183  0.342166  0.480880  0.405934  0.438857  0.525052  0.387777  0.454081  0.381929  0.419636  0.556838  0.489034  0.497434  0.143524  0.198434  0.585746  0.552746  0.531337  0.242231  0.535112 0.0  0.116637  0.173294  0.452294  0.534080  0.243076  0.229299  0.739500  0.509217  0.102996  0.123959 
52  0.096085  0.396931  0.075204  0.251074  0.456712  0.433586  0.406837  0.590278  0.210090  0.347485  0.804564  0.659610  0.147013  0.434101  0.075204  0.412128  0.114428  0.075204  0.075204  0.075204  0.565751  0.590989  0.489188  0.324924  0.433449  0.426803  0.317098  0.788642  0.114728  0.281720  0.531026  0.500530  0.376701  0.443288  0.409645  0.422935  0.379942  0.392926  0.379102  0.473938  0.455769  0.514642  0.527976  0.535868  0.075204  0.214209  0.324115  0.477223  0.446210  0.075204  0.484954  0.116637 0.0  0.101440  0.414218  0.474253  0.189960  0.176142  0.691636  0.557608  0.075204  0.217365 
53  0.158022  0.603470  0.265410  0.496330  0.714142  0.437486  0.528211  0.578648  0.408807  0.523773  0.971444  0.937912  0.253990  0.648724  0.189203  0.547826  0.211617  0.231549  0.142527  0.290703  0.632728  0.500903  0.702694  0.637369  0.521873  0.593218  0.233515  0.751339  0.233941  0.470089  0.644068  0.556916  0.540208  0.590808  0.551327  0.477372  0.362940  0.638272  0.663153  0.684716  0.634368  0.707355  0.517046  0.596588  0.160491  0.170979  0.588156  0.710560  0.602448  0.310497  0.608199  0.173294  0.101440 0.0  0.598303  0.650998  0.330676  0.322003  0.789451  0.593110  0.274139  0.416311 
54  0.439952  0.504985  0.575454  0.515437  0.112055  0.597088  0.694308  0.724582  0.465310  0.195895  0.366459  0.577259  0.527994  0.108317  0.601768  0.492770  0.494213  0.469567  0.457513  0.494193  0.075204  0.186612  0.075204  0.123492  0.471381  0.172810  0.579990  0.546552  0.502574  0.089667  0.075204  0.098579  0.136913  0.154107  0.155506  0.193743  0.075204  0.121995  0.075204  0.153172  0.075204  0.095524  0.551000  0.097588  0.439081  0.498312  0.089772  0.117328  0.075204  0.500954  0.081824  0.452294  0.414218  0.598303 0.0  0.115023  0.510212  0.429661  0.296358  0.077452  0.499313  0.531894 
55  0.471002  0.472761  0.505583  0.580453  0.075204  0.545055  0.643365  0.650652  0.370612  0.265623  0.424396  0.464975  0.537730  0.131410  0.509867  0.441200  0.371742  0.453770  0.476953  0.438792  0.193068  0.116478  0.207581  0.116360  0.521708  0.096089  0.432264  0.419845  0.532980  0.163446  0.078334  0.144298  0.284639  0.075204  0.105181  0.100213  0.075204  0.118362  0.095217  0.210205  0.128831  0.149105  0.515841  0.207234  0.561401  0.519323  0.139327  0.119240  0.075204  0.569678  0.146160  0.534080  0.474253  0.650998  0.115023 0.0  0.447795  0.476085  0.330557  0.080357  0.483854  0.429269 
56  0.227287  0.234162  0.170508  0.240997  0.575069  0.292475  0.361560  0.412262  0.091886  0.282868  0.730869  0.718799  0.281797  0.491161  0.184899  0.281483  0.269363  0.287285  0.257414  0.280547  0.460415  0.406330  0.652324  0.534076  0.314251  0.517496  0.390183  0.726340  0.098297  0.382405  0.472236  0.500909  0.432558  0.508515  0.440143  0.284270  0.379545  0.443038  0.506707  0.452388  0.502944  0.459432  0.215782  0.566746  0.210702  0.397088  0.533630  0.412804  0.356719  0.154945  0.479537  0.243076  0.189960  0.330676  0.510212  0.447795 0.0  0.117970  0.706173  0.500465  0.172463  0.242174 
57  0.222465  0.344432  0.186446  0.227181  0.560171  0.300649  0.309574  0.377516  0.156398  0.395929  0.723862  0.769896  0.464430  0.516409  0.217470  0.149957  0.219994  0.159005  0.117891  0.205516  0.504811  0.415311  0.468629  0.466306  0.335709  0.488488  0.506950  0.619680  0.097390  0.479053  0.507297  0.306353  0.469240  0.406328  0.353560  0.460604  0.440016  0.374434  0.392092  0.412919  0.412908  0.548846  0.264812  0.578288  0.102485  0.356155  0.452027  0.491000  0.468054  0.115069  0.571799  0.229299  0.176142  0.322003  0.429661  0.476085  0.117970 0.0  0.699455  0.420193  0.306296  0.219538 
58  0.708673  0.570257  0.625560  0.668429  0.303037  0.929637  0.698949  0.786007  0.743194  0.462199  0.307805  0.300680  0.626359  0.402843  0.741929  0.541437  0.730012  0.638820  0.775224  0.679764  0.399686  0.422686  0.320703  0.386296  0.600863  0.340698  0.837104  0.467113  0.706999  0.328857  0.359973  0.419640  0.302608  0.404068  0.408968  0.317125  0.351681  0.456337  0.369464  0.301190  0.414672  0.265859  0.631007  0.322848  0.792878  0.727346  0.260070  0.409318  0.379178  0.882575  0.210009  0.739500  0.691636  0.789451  0.296358  0.330557  0.706173  0.699455 0.0  0.385257  0.736241  0.787932 
59  0.474361  0.430626  0.514900  0.530268  0.102986  0.554806  0.624356  0.592117  0.372821  0.185159  0.476260  0.535491  0.465939  0.084556  0.347274  0.407917  0.467575  0.422522  0.428513  0.440399  0.117952  0.180738  0.238731  0.085527  0.593303  0.112436  0.389069  0.573200  0.473019  0.075204  0.167581  0.249697  0.075204  0.184602  0.091683  0.133126  0.108505  0.183476  0.102752  0.075204  0.131725  0.095995  0.524481  0.075204  0.514787  0.529442  0.133518  0.161441  0.075204  0.502868  0.178077  0.509217  0.557608  0.593110  0.077452  0.080357  0.500465  0.420193  0.385257 0.0  0.348494  0.426718 
60  0.120970  0.449724  0.146232  0.332741  0.518828  0.312140  0.487225  0.523795  0.253861  0.337931  0.809901  0.937466  0.257433  0.513974  0.075204  0.389739  0.075204  0.099952  0.075204  0.083309  0.492678  0.406986  0.518163  0.491163  0.507465  0.517313  0.110155  0.792279  0.093792  0.375144  0.385292  0.422837  0.472151  0.509257  0.530198  0.484322  0.347665  0.449134  0.355221  0.412247  0.599725  0.596155  0.495377  0.448664  0.206992  0.232506  0.534638  0.590670  0.579057  0.210533  0.521702  0.102996  0.075204  0.274139  0.499313  0.483854  0.172463  0.306296  0.736241  0.348494 0.0  0.102610 
61  0.075204  0.474534  0.188550  0.327456  0.571577  0.380755  0.504224  0.529084  0.265667  0.487786  0.781306  0.842937  0.298300  0.408754  0.177956  0.528237  0.095705  0.175201  0.123841  0.075204  0.456900  0.583321  0.582428  0.433050  0.471225  0.491757  0.275178  0.736933  0.208475  0.430337  0.500740  0.341071  0.392865  0.425596  0.379515  0.449113  0.501388  0.434225  0.504068  0.407523  0.416990  0.510080  0.455349  0.482855  0.175074  0.215250  0.424292  0.390079  0.437925  0.209627  0.603555  0.123959  0.217365  0.416311  0.531894  0.429269  0.242174  0.219538  0.787932  0.426718  0.102610 0.0 
