62
0 0.0  0.416178  0.145335  0.331156  0.392765  0.387556  0.423172  0.460299  0.238284  0.320669  0.717441  0.716812  0.229384  0.396890  0.114486  0.420930  0.080308  0.092238  0.102702  0.106562  0.414147  0.380009  0.430589  0.381941  0.436236  0.389825  0.176166  0.663148  0.186347  0.300623  0.427127  0.357211  0.310086  0.343075  0.359000  0.359844  0.397575  0.366473  0.329382  0.387216  0.393703  0.447791  0.424329  0.441829  0.166122  0.193051  0.402600  0.442373  0.378487  0.193053  0.450600  0.108517  0.130433  0.192574  0.402421  0.431676  0.239146  0.205419  0.586596  0.348592  0.100921  0.090095 
1  0.416178 0.0  0.378235  0.212109  0.449677  0.295810  0.247716  0.225614  0.205297  0.354013  0.505736  0.517367  0.591913  0.362538  0.338012  0.126547  0.411526  0.382614  0.390951  0.393992  0.471669  0.395397  0.419655  0.358511  0.128504  0.395424  0.538181  0.363050  0.318223  0.311407  0.506612  0.434705  0.406257  0.426657  0.349708  0.398348  0.371829  0.391724  0.395095  0.404176  0.409039  0.442093  0.130535  0.476795  0.400880  0.515996  0.484621  0.428843  0.438898  0.354689  0.444635  0.397573  0.380583  0.387325  0.397801  0.386311  0.280578  0.275938  0.483826  0.430997  0.406577  0.385635 
2  0.145335  0.378235 0.0  0.296181  0.492158  0.326819  0.334514  0.359546  0.183487  0.359549  0.737722  0.731558  0.285954  0.340292  0.098121  0.292419  0.144212  0.129882  0.120749  0.127826  0.405468  0.387482  0.464295  0.356941  0.340811  0.388551  0.258100  0.584437  0.108190  0.351545  0.390371  0.356276  0.345168  0.356741  0.382188  0.401561  0.354619  0.327185  0.415109  0.406103  0.378697  0.415750  0.402977  0.455614  0.132399  0.280433  0.497218  0.425945  0.364951  0.128869  0.523420  0.120612  0.095408  0.201234  0.371769  0.373250  0.157888  0.131139  0.562531  0.425219  0.113177  0.127990 
3  0.331156  0.212109  0.296181 0.0  0.543915  0.158002  0.172052  0.187388  0.202198  0.457438  0.603275  0.599056  0.500618  0.452964  0.319784  0.187906  0.385589  0.320154  0.309249  0.340373  0.466045  0.507111  0.525564  0.519480  0.182027  0.483506  0.449294  0.493951  0.223092  0.407125  0.424902  0.476010  0.457270  0.444289  0.448364  0.520466  0.447878  0.496839  0.422008  0.397843  0.530233  0.507718  0.197241  0.549980  0.291283  0.512250  0.543686  0.462337  0.454455  0.199916  0.571911  0.334172  0.309683  0.302821  0.572123  0.524650  0.202235  0.190422  0.659259  0.439696  0.319213  0.303949 
4  0.392765  0.449677  0.492158  0.543915 0.0  0.679825  0.526302  0.520727  0.368647  0.207021  0.467844  0.370086  0.471186  0.159706  0.437253  0.416760  0.409919  0.481392  0.440179  0.446154  0.084755  0.127068  0.119852  0.133660  0.556449  0.130246  0.398740  0.429245  0.452313  0.156564  0.107902  0.148028  0.159209  0.133957  0.154798  0.143014  0.132323  0.146259  0.150994  0.143938  0.128013  0.083071  0.432582  0.107185  0.399343  0.534119  0.094619  0.092375  0.132747  0.512984  0.084330  0.431942  0.412960  0.523925  0.100449  0.111091  0.473239  0.490890  0.286186  0.143352  0.380625  0.454867 
5  0.387556  0.295810  0.326819  0.158002  0.679825 0.0  0.123003  0.173948  0.228985  0.530212  0.644968  0.679332  0.517303  0.486736  0.351939  0.290372  0.422426  0.408411  0.347390  0.380687  0.661683  0.590557  0.597560  0.608368  0.254727  0.572626  0.518497  0.610301  0.292200  0.530414  0.616418  0.528928  0.557435  0.573340  0.476824  0.488965  0.553857  0.514567  0.571528  0.527500  0.523338  0.587302  0.285767  0.560354  0.292570  0.551976  0.626935  0.638248  0.529062  0.311330  0.627072  0.365496  0.304059  0.382958  0.574833  0.594894  0.293435  0.305781  0.637007  0.611262  0.390529  0.379499 
6  0.423172  0.247716  0.334514  0.172052  0.526302  0.123003 0.0  0.134100  0.287255  0.525122  0.666765  0.678941  0.513652  0.552315  0.427686  0.242216  0.428229  0.378622  0.414888  0.391309  0.564528  0.478330  0.606958  0.600994  0.200322  0.600141  0.554232  0.643120  0.359653  0.477465  0.530943  0.490608  0.611935  0.608054  0.571254  0.459613  0.528113  0.505294  0.584350  0.532366  0.529903  0.741211  0.214246  0.602106  0.329928  0.588835  0.567308  0.675080  0.583467  0.309723  0.648638  0.406341  0.399247  0.382563  0.575384  0.640553  0.254290  0.287474  0.611925  0.642456  0.355837  0.404107 
7  0.460299  0.225614  0.359546  0.187388  0.520727  0.173948  0.134100 0.0  0.277834  0.450390  0.633017  0.619003  0.517716  0.539719  0.382216  0.250278  0.488121  0.399153  0.436421  0.456080  0.530445  0.477151  0.583893  0.480617  0.185968  0.581611  0.575154  0.509022  0.369393  0.508782  0.608036  0.473647  0.530237  0.563791  0.605893  0.575498  0.548479  0.589250  0.567732  0.599713  0.561439  0.570780  0.174347  0.507369  0.399860  0.516328  0.622233  0.529373  0.491735  0.389446  0.621493  0.473500  0.453256  0.417567  0.598537  0.617966  0.301725  0.365105  0.572173  0.569563  0.461507  0.469102 
8  0.238284  0.205297  0.183487  0.202198  0.368647  0.228985  0.287255  0.277834 0.0  0.320381  0.499084  0.618544  0.368532  0.364598  0.212407  0.191028  0.233306  0.223125  0.228152  0.217653  0.475027  0.326730  0.391031  0.360799  0.250487  0.385269  0.371109  0.485774  0.142854  0.372828  0.387283  0.361734  0.365336  0.393476  0.329938  0.346041  0.337060  0.359472  0.409936  0.388927  0.412106  0.438819  0.247036  0.325094  0.215777  0.405129  0.451372  0.488840  0.372958  0.181136  0.492641  0.204946  0.197700  0.295662  0.465006  0.345486  0.113804  0.132954  0.502993  0.387725  0.230395  0.252952 
9  0.320669  0.354013  0.359549  0.457438  0.207021  0.530212  0.525122  0.450390  0.320381 0.0  0.490869  0.385398  0.349015  0.133892  0.318553  0.285859  0.344222  0.304258  0.302034  0.326667  0.203842  0.151723  0.221761  0.134939  0.434060  0.137466  0.367541  0.441493  0.327475  0.131953  0.162663  0.124841  0.125399  0.130804  0.119881  0.122262  0.137873  0.123055  0.147301  0.133023  0.141152  0.205928  0.424118  0.180854  0.309552  0.388446  0.220450  0.166558  0.149236  0.367652  0.200979  0.305671  0.352030  0.471856  0.181790  0.152946  0.308286  0.301900  0.362319  0.146433  0.337772  0.322915 
10  0.717441  0.505736  0.737722  0.603275  0.467844  0.644968  0.666765  0.633017  0.499084  0.490869 0.0  0.096530  0.901423  0.423064  0.711787  0.565369  0.754043  0.786244  0.683836  0.641394  0.433838  0.462196  0.408954  0.435619  0.522253  0.429671  0.806573  0.179254  0.745822  0.483694  0.397650  0.467345  0.373053  0.450849  0.468701  0.525618  0.394391  0.511145  0.470589  0.418033  0.419833  0.399425  0.517124  0.392498  0.678096  0.724462  0.404279  0.413985  0.425898  0.725717  0.468457  0.657550  0.640084  0.807722  0.380511  0.494945  0.512305  0.667202  0.273349  0.463107  0.664414  0.726122 
11  0.716812  0.517367  0.731558  0.599056  0.370086  0.679332  0.678941  0.619003  0.618544  0.385398  0.096530 0.0  0.799315  0.448349  0.788688  0.534724  0.777148  0.674813  0.749308  0.651188  0.433378  0.544589  0.314336  0.417136  0.512495  0.480592  0.747479  0.190328  0.665262  0.499245  0.452059  0.454163  0.442578  0.506856  0.502590  0.479074  0.476532  0.494487  0.431790  0.474656  0.409853  0.346850  0.514392  0.449231  0.720512  1.000000  0.420848  0.439261  0.387818  0.697790  0.440210  0.633661  0.703941  0.817018  0.459736  0.382318  0.625248  0.661989  0.257257  0.537711  0.681612  0.712267 
12  0.229384  0.591913  0.285954  0.500618  0.471186  0.517303  0.513652  0.517716  0.368532  0.349015  0.901423  0.799315 0.0  0.389688  0.262646  0.484062  0.191813  0.220229  0.225097  0.207668  0.483651  0.362172  0.494032  0.406511  0.598689  0.508581  0.090549  0.715923  0.314336  0.403204  0.504806  0.462398  0.376111  0.416309  0.448666  0.485679  0.446576  0.402542  0.437466  0.414181  0.444358  0.518679  0.556464  0.515075  0.293549  0.139047  0.477626  0.443548  0.420998  0.359573  0.464359  0.228390  0.250193  0.243847  0.451841  0.458268  0.361920  0.319622  0.643414  0.392265  0.248007  0.206083 
13  0.396890  0.362538  0.340292  0.452964  0.159706  0.486736  0.552315  0.539719  0.364598  0.133892  0.423064  0.448349  0.389688 0.0  0.410826  0.347534  0.387960  0.365250  0.344871  0.365410  0.157847  0.119033  0.180172  0.098042  0.432367  0.115763  0.450956  0.380160  0.384919  0.124057  0.140804  0.097040  0.135721  0.107903  0.125112  0.109889  0.105182  0.114068  0.104290  0.108078  0.117064  0.156845  0.409243  0.129753  0.374764  0.508477  0.140442  0.142086  0.111583  0.418044  0.161031  0.457024  0.379178  0.502606  0.151854  0.114344  0.405729  0.321904  0.286917  0.109438  0.387024  0.381354 
14  0.114486  0.338012  0.098121  0.319784  0.437253  0.351939  0.427686  0.382216  0.212407  0.318553  0.711787  0.788688  0.262646  0.410826 0.0  0.324563  0.115413  0.108854  0.096739  0.103890  0.501185  0.357799  0.351406  0.440876  0.372101  0.362237  0.228175  0.515211  0.130568  0.358808  0.508822  0.396920  0.368019  0.400166  0.357446  0.406271  0.402991  0.400117  0.401963  0.429043  0.416920  0.458659  0.437722  0.451185  0.129574  0.255924  0.423916  0.405893  0.368948  0.148333  0.471320  0.096566  0.084535  0.189655  0.404032  0.431819  0.195469  0.170075  0.543321  0.428507  0.092336  0.104261 
15  0.420930  0.126547  0.292419  0.187906  0.416760  0.290372  0.242216  0.250278  0.191028  0.285859  0.565369  0.534724  0.484062  0.347534  0.324563 0.0  0.368489  0.370000  0.342023  0.294045  0.469006  0.414974  0.504193  0.356863  0.139216  0.417000  0.468257  0.356706  0.251886  0.382658  0.385307  0.407362  0.356222  0.349123  0.370565  0.381904  0.330302  0.379574  0.311216  0.357095  0.402204  0.416500  0.174414  0.445958  0.327671  0.467852  0.449147  0.422150  0.339989  0.312337  0.465513  0.303534  0.341182  0.419016  0.422750  0.435612  0.204533  0.224500  0.491972  0.384612  0.322999  0.347989 
16  0.080308  0.411526  0.144212  0.385589  0.409919  0.422426  0.428229  0.488121  0.233306  0.344222  0.754043  0.777148  0.191813  0.387960  0.115413  0.368489 0.0  0.096105  0.106503  0.103806  0.397073  0.388800  0.438687  0.374774  0.386485  0.405935  0.208024  0.727078  0.166072  0.401634  0.472118  0.349839  0.361719  0.382849  0.438352  0.310717  0.360582  0.309282  0.400009  0.351044  0.348888  0.469414  0.428139  0.364723  0.178636  0.185552  0.408005  0.353972  0.393063  0.204527  0.476335  0.112050  0.124101  0.187256  0.431046  0.344649  0.231657  0.176809  0.573285  0.363747  0.107660  0.098644 
17  0.092238  0.382614  0.129882  0.320154  0.481392  0.408411  0.378622  0.399153  0.223125  0.304258  0.786244  0.674813  0.220229  0.365250  0.108854  0.370000  0.096105 0.0  0.091490  0.089016  0.408720  0.322240  0.414589  0.408651  0.508870  0.343314  0.188674  0.730064  0.159249  0.345869  0.396903  0.393088  0.356209  0.411759  0.357313  0.380029  0.385102  0.324883  0.366434  0.398061  0.389572  0.469220  0.405875  0.461221  0.165378  0.223916  0.427789  0.439384  0.386887  0.180356  0.449835  0.107457  0.114137  0.211319  0.447843  0.402964  0.211311  0.208104  0.509261  0.335424  0.097114  0.090888 
18  0.102702  0.390951  0.120749  0.309249  0.440179  0.347390  0.414888  0.436421  0.228152  0.302034  0.683836  0.749308  0.225097  0.344871  0.096739  0.342023  0.106503  0.091490 0.0  0.095542  0.426245  0.386525  0.480453  0.416367  0.381617  0.352905  0.188250  0.517902  0.155917  0.432482  0.400616  0.351419  0.360840  0.323106  0.399056  0.352350  0.389104  0.417775  0.409676  0.378502  0.385271  0.399110  0.383356  0.423028  0.141621  0.193303  0.510360  0.387968  0.407377  0.183403  0.491560  0.091313  0.104095  0.189090  0.366185  0.441587  0.211007  0.192671  0.620412  0.399104  0.082385  0.086235 
19  0.106562  0.393992  0.127826  0.340373  0.446154  0.380687  0.391309  0.456080  0.217653  0.326667  0.641394  0.651188  0.207668  0.365410  0.103890  0.294045  0.103806  0.089016  0.095542 0.0  0.427104  0.385649  0.419241  0.367090  0.402282  0.361300  0.212742  0.661292  0.163525  0.323874  0.345025  0.342304  0.300848  0.379567  0.347779  0.376888  0.379809  0.402469  0.406291  0.362873  0.405154  0.446435  0.442627  0.361680  0.170071  0.215877  0.354059  0.408684  0.348263  0.172413  0.454503  0.102597  0.112559  0.206938  0.397211  0.404393  0.204215  0.176302  0.602313  0.316930  0.092124  0.093981 
20  0.414147  0.471669  0.405468  0.466045  0.084755  0.661683  0.564528  0.530445  0.475027  0.203842  0.433838  0.433378  0.483651  0.157847  0.501185  0.469006  0.397073  0.408720  0.426245  0.427104 0.0  0.129528  0.139640  0.122870  0.470726  0.134837  0.447569  0.493657  0.425735  0.152432  0.103113  0.139546  0.158871  0.128123  0.154025  0.160234  0.149365  0.160909  0.133441  0.128992  0.129537  0.090440  0.437246  0.122729  0.508532  0.463807  0.101267  0.096334  0.142349  0.537363  0.088917  0.428337  0.431381  0.514862  0.098219  0.122730  0.440870  0.489270  0.327498  0.127495  0.397018  0.384604 
21  0.380009  0.395397  0.387482  0.507111  0.127068  0.590557  0.478330  0.477151  0.326730  0.151723  0.462196  0.544589  0.362172  0.119033  0.357799  0.414974  0.388800  0.322240  0.386525  0.385649  0.129528 0.0  0.169150  0.094322  0.434822  0.078790  0.360086  0.395300  0.371307  0.098425  0.091679  0.099390  0.109699  0.086195  0.102110  0.101293  0.086301  0.095035  0.087591  0.082711  0.083982  0.135955  0.495851  0.113473  0.462849  0.459288  0.128988  0.110776  0.083342  0.401656  0.133352  0.378656  0.435152  0.538867  0.100780  0.096427  0.486337  0.395962  0.331846  0.086181  0.419834  0.407767 
22  0.430589  0.419655  0.464295  0.525564  0.119852  0.597560  0.606958  0.583893  0.391031  0.221761  0.408954  0.314336  0.494032  0.180172  0.351406  0.504193  0.438687  0.414589  0.480453  0.419241  0.139640  0.169150 0.0  0.148705  0.490976  0.181154  0.510197  0.383559  0.419893  0.181293  0.137685  0.192682  0.186831  0.170528  0.190166  0.175165  0.153874  0.199508  0.169450  0.163276  0.149466  0.123456  0.495354  0.120115  0.668764  0.554209  0.108642  0.139804  0.186982  0.538841  0.119359  0.520417  0.529792  0.497838  0.135795  0.137101  0.477508  0.517964  0.220426  0.172802  0.549960  0.430974 
23  0.381941  0.358511  0.356941  0.519480  0.133660  0.608368  0.600994  0.480617  0.360799  0.134939  0.435619  0.417136  0.406511  0.098042  0.440876  0.356863  0.374774  0.408651  0.416367  0.367090  0.122870  0.094322  0.148705 0.0  0.418771  0.093687  0.425200  0.388215  0.377102  0.111761  0.105068  0.092063  0.123992  0.081684  0.105268  0.098013  0.089837  0.094325  0.079666  0.096841  0.088956  0.148694  0.441053  0.119578  0.495653  0.435913  0.135624  0.125175  0.085987  0.467001  0.155057  0.426348  0.393155  0.442465  0.106273  0.098865  0.408003  0.430911  0.292751  0.085281  0.390891  0.329311 
24  0.436236  0.128504  0.340811  0.182027  0.556449  0.254727  0.200322  0.185968  0.250487  0.434060  0.522253  0.512495  0.598689  0.432367  0.372101  0.139216  0.386485  0.508870  0.381617  0.402282  0.470726  0.434822  0.490976  0.418771 0.0  0.454351  0.485160  0.449602  0.326493  0.424436  0.486655  0.400092  0.435673  0.455048  0.434290  0.466728  0.415830  0.533430  0.491100  0.394034  0.485175  0.581750  0.078116  0.522274  0.381075  0.502914  0.544900  0.462322  0.484223  0.367240  0.502324  0.428633  0.401232  0.434589  0.510986  0.525218  0.285865  0.321116  0.566580  0.426611  0.353854  0.377744 
25  0.389825  0.395424  0.388551  0.483506  0.130246  0.572626  0.600141  0.581611  0.385269  0.137466  0.429671  0.480592  0.508581  0.115763  0.362237  0.417000  0.405935  0.343314  0.352905  0.361300  0.134837  0.078790  0.181154  0.093687  0.454351 0.0  0.433713  0.412732  0.425011  0.094103  0.101321  0.093262  0.098905  0.087903  0.095765  0.095845  0.082947  0.091770  0.088498  0.078249  0.090073  0.149171  0.473772  0.118512  0.441248  0.453519  0.133364  0.111218  0.083671  0.362343  0.138516  0.412913  0.318859  0.445257  0.104142  0.097489  0.353152  0.437310  0.294164  0.084222  0.309954  0.402787 
26  0.176166  0.538181  0.258100  0.449294  0.398740  0.518497  0.554232  0.575154  0.371109  0.367541  0.806573  0.747479  0.090549  0.450956  0.228175  0.468257  0.208024  0.188674  0.188250  0.212742  0.447569  0.360086  0.510197  0.425200  0.485160  0.433713 0.0  0.680352  0.289103  0.450920  0.449006  0.377132  0.398286  0.363246  0.403835  0.427666  0.353356  0.360438  0.345569  0.442271  0.454344  0.450982  0.612169  0.505285  0.276645  0.134184  0.473860  0.331143  0.430939  0.314534  0.445583  0.212773  0.262153  0.244035  0.507513  0.433340  0.345649  0.327772  0.653578  0.473529  0.221761  0.197365 
27  0.663148  0.363050  0.584437  0.493951  0.429245  0.610301  0.643120  0.509022  0.485774  0.441493  0.179254  0.190328  0.715923  0.380160  0.515211  0.356706  0.727078  0.730064  0.517902  0.661292  0.493657  0.395300  0.383559  0.388215  0.449602  0.412732  0.680352 0.0  0.567927  0.404284  0.461341  0.450241  0.469444  0.389279  0.383177  0.429227  0.444699  0.419313  0.449946  0.455086  0.428102  0.404892  0.351048  0.356478  0.629666  0.739602  0.417067  0.497375  0.414624  0.704375  0.448282  0.573679  0.651862  0.741657  0.463879  0.385246  0.530061  0.554484  0.310091  0.445959  0.709294  0.635600 
28  0.186347  0.318223  0.108190  0.223092  0.452313  0.292200  0.359653  0.369393  0.142854  0.327475  0.745822  0.665262  0.314336  0.384919  0.130568  0.251886  0.166072  0.159249  0.155917  0.163525  0.425735  0.371307  0.419893  0.377102  0.326493  0.425011  0.289103  0.567927 0.0  0.358283  0.429904  0.339028  0.298889  0.339587  0.388933  0.346286  0.390111  0.346758  0.392127  0.442304  0.365371  0.450833  0.343629  0.378782  0.146469  0.341947  0.389371  0.424508  0.405423  0.134902  0.477102  0.155239  0.125260  0.223788  0.412318  0.400899  0.119913  0.096839  0.521286  0.362942  0.152229  0.148440 
29  0.300623  0.311407  0.351545  0.407125  0.156564  0.530414  0.477465  0.508782  0.372828  0.131953  0.483694  0.499245  0.403204  0.124057  0.358808  0.382658  0.401634  0.345869  0.432482  0.323874  0.152432  0.098425  0.181293  0.111761  0.424436  0.094103  0.450920  0.404284  0.358283 0.0  0.109556  0.099091  0.086426  0.097738  0.083231  0.092586  0.090091  0.087007  0.101283  0.092165  0.102734  0.156745  0.479767  0.139640  0.405806  0.464555  0.155662  0.123485  0.097997  0.442248  0.155629  0.380931  0.369163  0.553502  0.127427  0.122051  0.405185  0.359907  0.343983  0.096167  0.397147  0.392863 
30  0.427127  0.506612  0.390371  0.424902  0.107902  0.616418  0.530943  0.608036  0.387283  0.162663  0.397650  0.452059  0.504806  0.140804  0.508822  0.385307  0.472118  0.396903  0.400616  0.345025  0.103113  0.091679  0.137685  0.105068  0.486655  0.101321  0.449006  0.461341  0.429904  0.109556 0.0  0.116764  0.118300  0.100638  0.118825  0.112496  0.107656  0.116063  0.105336  0.102575  0.094922  0.120355  0.365212  0.103063  0.541896  0.527738  0.124940  0.090845  0.108863  0.389292  0.114913  0.501020  0.466645  0.564839  0.083789  0.086124  0.399268  0.424335  0.285548  0.106001  0.438229  0.424889 
31  0.357211  0.434705  0.356276  0.476010  0.148028  0.528928  0.490608  0.473647  0.361734  0.124841  0.467345  0.454163  0.462398  0.097040  0.396920  0.407362  0.349839  0.393088  0.351419  0.342304  0.139546  0.099390  0.192682  0.092063  0.400092  0.093262  0.377132  0.450241  0.339028  0.099091  0.116764 0.0  0.105590  0.091636  0.089133  0.085078  0.087610  0.083628  0.085749  0.090750  0.098205  0.151042  0.465541  0.118721  0.416985  0.483688  0.146299  0.127782  0.084815  0.424933  0.160466  0.390663  0.393068  0.563010  0.125478  0.110683  0.412591  0.353581  0.358878  0.085540  0.384435  0.431059 
32  0.310086  0.406257  0.345168  0.457270  0.159209  0.557435  0.611935  0.530237  0.365336  0.125399  0.373053  0.442578  0.376111  0.135721  0.368019  0.356222  0.361719  0.356209  0.360840  0.300848  0.158871  0.109699  0.186831  0.123992  0.435673  0.098905  0.398286  0.469444  0.298889  0.086426  0.118300  0.105590 0.0  0.120166  0.092441  0.099374  0.101132  0.101921  0.116223  0.101251  0.112823  0.166517  0.545129  0.152655  0.450929  0.426703  0.140699  0.132454  0.106819  0.423449  0.171960  0.341718  0.367616  0.461398  0.134436  0.134998  0.411978  0.379013  0.324762  0.109295  0.368642  0.366761 
33  0.343075  0.426657  0.356741  0.444289  0.133957  0.573340  0.608054  0.563791  0.393476  0.130804  0.450849  0.506856  0.416309  0.107903  0.400166  0.349123  0.382849  0.411759  0.323106  0.379567  0.128123  0.086195  0.170528  0.081684  0.455048  0.087903  0.363246  0.389279  0.339587  0.097738  0.100638  0.091636  0.120166 0.0  0.101057  0.099805  0.084273  0.093055  0.077676  0.085602  0.081949  0.143990  0.503685  0.110262  0.387822  0.502571  0.128643  0.112314  0.081915  0.435347  0.156215  0.406908  0.361284  0.489679  0.107933  0.094973  0.337066  0.407396  0.308440  0.081716  0.399335  0.394320 
34  0.359000  0.349708  0.382188  0.448364  0.154798  0.476824  0.571254  0.605893  0.329938  0.119881  0.468701  0.502590  0.448666  0.125112  0.357446  0.370565  0.438352  0.357313  0.399056  0.347779  0.154025  0.102110  0.190166  0.105268  0.434290  0.095765  0.403835  0.383177  0.388933  0.083231  0.118825  0.089133  0.092441  0.101057 0.0  0.080854  0.093271  0.083188  0.098322  0.091768  0.108906  0.161977  0.502646  0.131639  0.483137  0.390712  0.154686  0.134366  0.095832  0.388408  0.169573  0.362796  0.446898  0.524263  0.134499  0.123112  0.388944  0.377982  0.326047  0.095102  0.342373  0.385484 
35  0.359844  0.398348  0.401561  0.520466  0.143014  0.488965  0.459613  0.575498  0.346041  0.122262  0.525618  0.479074  0.485679  0.109889  0.406271  0.381904  0.310717  0.380029  0.352350  0.376888  0.160234  0.101293  0.175165  0.098013  0.466728  0.095845  0.427666  0.429227  0.346286  0.092586  0.112496  0.085078  0.099374  0.099805  0.080854 0.0  0.090300  0.081268  0.096151  0.093006  0.105105  0.177471  0.502584  0.133213  0.489087  0.463494  0.152278  0.131231  0.094698  0.423947  0.184184  0.389095  0.351607  0.521962  0.127737  0.113131  0.335861  0.398807  0.336161  0.089214  0.342374  0.346977 
36  0.397575  0.371829  0.354619  0.447878  0.132323  0.553857  0.528113  0.548479  0.337060  0.137873  0.394391  0.476532  0.446576  0.105182  0.402991  0.330302  0.360582  0.385102  0.389104  0.379809  0.149365  0.086301  0.153874  0.089837  0.415830  0.082947  0.353356  0.444699  0.390111  0.090091  0.107656  0.087610  0.101132  0.084273  0.093271  0.090300 0.0  0.084211  0.084103  0.079365  0.087773  0.145099  0.465357  0.123880  0.464154  0.441172  0.141398  0.115897  0.077138  0.363809  0.146672  0.324902  0.379784  0.556510  0.115657  0.104468  0.377460  0.415452  0.285738  0.076467  0.378397  0.363697 
37  0.366473  0.391724  0.327185  0.496839  0.146259  0.514567  0.505294  0.589250  0.359472  0.123055  0.511145  0.494487  0.402542  0.114068  0.400117  0.379574  0.309282  0.324883  0.417775  0.402469  0.160909  0.095035  0.199508  0.094325  0.533430  0.091770  0.360438  0.419313  0.346758  0.087007  0.116063  0.083628  0.101921  0.093055  0.083188  0.081268  0.084211 0.0  0.089659  0.085832  0.102798  0.153581  0.456923  0.132057  0.404485  0.442922  0.141715  0.129601  0.084515  0.455390  0.165769  0.384092  0.387321  0.462913  0.123895  0.114142  0.394552  0.393175  0.278145  0.084309  0.372901  0.384224 
38  0.329382  0.395095  0.415109  0.422008  0.150994  0.571528  0.584350  0.567732  0.409936  0.147301  0.470589  0.431790  0.437466  0.104290  0.401963  0.311216  0.400009  0.366434  0.409676  0.406291  0.133441  0.087591  0.169450  0.079666  0.491100  0.088498  0.345569  0.449946  0.392127  0.101283  0.105336  0.085749  0.116223  0.077676  0.098322  0.096151  0.084103  0.089659 0.0  0.087680  0.084666  0.138447  0.462909  0.110470  0.434765  0.529343  0.144669  0.122176  0.082218  0.439544  0.143105  0.360965  0.446080  0.608566  0.116992  0.102889  0.370656  0.435402  0.318481  0.083598  0.391957  0.394890 
39  0.387216  0.404176  0.406103  0.397843  0.143938  0.527500  0.532366  0.599713  0.388927  0.133023  0.418033  0.474656  0.414181  0.108078  0.429043  0.357095  0.351044  0.398061  0.378502  0.362873  0.128992  0.082711  0.163276  0.096841  0.394034  0.078249  0.442271  0.455086  0.442304  0.092165  0.102575  0.090750  0.101251  0.085602  0.091768  0.093006  0.079365  0.085832  0.087680 0.0  0.088449  0.144043  0.445319  0.128303  0.412153  0.458222  0.141401  0.112798  0.080946  0.421555  0.140373  0.420984  0.408056  0.475328  0.105646  0.102963  0.419090  0.401321  0.347647  0.081156  0.396307  0.343383 
40  0.393703  0.409039  0.378697  0.530233  0.128013  0.523338  0.529903  0.561439  0.412106  0.141152  0.419833  0.409853  0.444358  0.117064  0.416920  0.402204  0.348888  0.389572  0.385271  0.405154  0.129537  0.083982  0.149466  0.088956  0.485175  0.090073  0.454344  0.428102  0.365371  0.102734  0.094922  0.098205  0.112823  0.081949  0.108906  0.105105  0.087773  0.102798  0.084666  0.088449 0.0  0.127858  0.501467  0.100802  0.434300  0.441271  0.126398  0.105967  0.088930  0.475033  0.129333  0.377284  0.433911  0.529554  0.097499  0.090981  0.424727  0.438869  0.317717  0.088702  0.392855  0.391907 
41  0.447791  0.442093  0.415750  0.507718  0.083071  0.587302  0.741211  0.570780  0.438819  0.205928  0.399425  0.346850  0.518679  0.156845  0.458659  0.416500  0.469414  0.469220  0.399110  0.446435  0.090440  0.135955  0.123456  0.148694  0.581750  0.149171  0.450982  0.404892  0.450833  0.156745  0.120355  0.151042  0.166517  0.143990  0.161977  0.177471  0.145099  0.153581  0.138447  0.144043  0.127858 0.0  0.573366  0.117429  0.588430  0.505980  0.097454  0.103794  0.138776  0.576438  0.080371  0.444452  0.456195  0.550736  0.104445  0.133659  0.459713  0.409672  0.256876  0.145936  0.469762  0.514388 
42  0.424329  0.130535  0.402977  0.197241  0.432582  0.285767  0.214246  0.174347  0.247036  0.424118  0.517124  0.514392  0.556464  0.409243  0.437722  0.174414  0.428139  0.405875  0.383356  0.442627  0.437246  0.495851  0.495354  0.441053  0.078116  0.473772  0.612169  0.351048  0.343629  0.479767  0.365212  0.465541  0.545129  0.503685  0.502646  0.502584  0.465357  0.456923  0.462909  0.445319  0.501467  0.573366 0.0  0.416278  0.364506  0.519381  0.516430  0.456420  0.396309  0.339939  0.593383  0.445870  0.388403  0.515590  0.493018  0.488901  0.281808  0.287016  0.465225  0.488240  0.383918  0.412710 
43  0.441829  0.476795  0.455614  0.549980  0.107185  0.560354  0.602106  0.507369  0.325094  0.180854  0.392498  0.449231  0.515075  0.129753  0.451185  0.445958  0.364723  0.461221  0.423028  0.361680  0.122729  0.113473  0.120115  0.119578  0.522274  0.118512  0.505285  0.356478  0.378782  0.139640  0.103063  0.118721  0.152655  0.110262  0.131639  0.133213  0.123880  0.132057  0.110470  0.128303  0.100802  0.117429  0.416278 0.0  0.466710  0.528795  0.101860  0.114939  0.115801  0.504387  0.123001  0.377052  0.431783  0.493487  0.102603  0.096038  0.404237  0.428018  0.259887  0.111404  0.376606  0.408506 
44  0.166122  0.400880  0.132399  0.291283  0.399343  0.292570  0.329928  0.399860  0.215777  0.309552  0.678096  0.720512  0.293549  0.374764  0.129574  0.327671  0.178636  0.165378  0.141621  0.170071  0.508532  0.462849  0.668764  0.495653  0.381075  0.441248  0.276645  0.629666  0.146469  0.405806  0.541896  0.416985  0.450929  0.387822  0.483137  0.489087  0.464154  0.404485  0.434765  0.412153  0.434300  0.588430  0.364506  0.466710 0.0  0.240606  0.450914  0.439298  0.495606  0.116277  0.441101  0.137323  0.122151  0.167924  0.451433  0.357376  0.187582  0.151638  0.684508  0.496975  0.135138  0.146574 
45  0.193051  0.515996  0.280433  0.512250  0.534119  0.551976  0.588835  0.516328  0.405129  0.388446  0.724462  1.000000  0.139047  0.508477  0.255924  0.467852  0.185552  0.223916  0.193303  0.215877  0.463807  0.459288  0.554209  0.435913  0.502914  0.453519  0.134184  0.739602  0.341947  0.464555  0.527738  0.483688  0.426703  0.502571  0.390712  0.463494  0.441172  0.442922  0.529343  0.458222  0.441271  0.505980  0.519381  0.528795  0.240606 0.0  0.505237  0.485238  0.408147  0.268979  0.504727  0.187308  0.256315  0.175818  0.412942  0.474661  0.345378  0.315031  0.766455  0.490069  0.197354  0.209793 
46  0.402600  0.484621  0.497218  0.543686  0.094619  0.626935  0.567308  0.622233  0.451372  0.220450  0.404279  0.420848  0.477626  0.140442  0.423916  0.449147  0.408005  0.427789  0.510360  0.354059  0.101267  0.128988  0.108642  0.135624  0.544900  0.133364  0.473860  0.417067  0.389371  0.155662  0.124940  0.146299  0.140699  0.128643  0.154686  0.152278  0.141398  0.141715  0.144669  0.141401  0.126398  0.097454  0.516430  0.101860  0.450914  0.505237 0.0  0.104343  0.134589  0.448279  0.101752  0.361534  0.447006  0.491467  0.102183  0.106346  0.474632  0.429887  0.257939  0.134134  0.392662  0.397981 
47  0.442373  0.428843  0.425945  0.462337  0.092375  0.638248  0.675080  0.529373  0.488840  0.166558  0.413985  0.439261  0.443548  0.142086  0.405893  0.422150  0.353972  0.439384  0.387968  0.408684  0.096334  0.110776  0.139804  0.125175  0.462322  0.111218  0.331143  0.497375  0.424508  0.123485  0.090845  0.127782  0.132454  0.112314  0.134366  0.131231  0.115897  0.129601  0.122176  0.112798  0.105967  0.103794  0.456420  0.114939  0.439298  0.485238  0.104343 0.0  0.111381  0.535360  0.105125  0.405565  0.394086  0.471244  0.078871  0.095761  0.410477  0.405971  0.277945  0.119557  0.426524  0.429002 
48  0.378487  0.438898  0.364951  0.454455  0.132747  0.529062  0.583467  0.491735  0.372958  0.149236  0.425898  0.387818  0.420998  0.111583  0.368948  0.339989  0.393063  0.386887  0.407377  0.348263  0.142349  0.083342  0.186982  0.085987  0.484223  0.083671  0.430939  0.414624  0.405423  0.097997  0.108863  0.084815  0.106819  0.081915  0.095832  0.094698  0.077138  0.084515  0.082218  0.080946  0.088930  0.138776  0.396309  0.115801  0.495606  0.408147  0.134589  0.111381 0.0  0.406473  0.150200  0.360648  0.402854  0.512041  0.112117  0.107449  0.482944  0.349148  0.325308  0.075475  0.390505  0.379086 
49  0.193053  0.354689  0.128869  0.199916  0.512984  0.311330  0.309723  0.389446  0.181136  0.367652  0.725717  0.697790  0.359573  0.418044  0.148333  0.312337  0.204527  0.180356  0.183403  0.172413  0.537363  0.401656  0.538841  0.467001  0.367240  0.362343  0.314534  0.704375  0.134902  0.442248  0.389292  0.424933  0.423449  0.435347  0.388408  0.423947  0.363809  0.455390  0.439544  0.421555  0.475033  0.576438  0.339939  0.504387  0.116277  0.268979  0.448279  0.535360  0.406473 0.0  0.527925  0.155863  0.143724  0.186524  0.484638  0.439884  0.140898  0.137406  0.670730  0.387392  0.174292  0.173175 
50  0.450600  0.444635  0.523420  0.571911  0.084330  0.627072  0.648638  0.621493  0.492641  0.200979  0.468457  0.440210  0.464359  0.161031  0.471320  0.465513  0.476335  0.449835  0.491560  0.454503  0.088917  0.133352  0.119359  0.155057  0.502324  0.138516  0.445583  0.448282  0.477102  0.155629  0.114913  0.160466  0.171960  0.156215  0.169573  0.184184  0.146672  0.165769  0.143105  0.140373  0.129333  0.080371  0.593383  0.123001  0.441101  0.504727  0.101752  0.105125  0.150200  0.527925 0.0  0.478039  0.449481  0.499365  0.111005  0.123284  0.416692  0.400344  0.239066  0.148077  0.462725  0.443507 
51  0.108517  0.397573  0.120612  0.334172  0.431942  0.365496  0.406341  0.473500  0.204946  0.305671  0.657550  0.633661  0.228390  0.457024  0.096566  0.303534  0.112050  0.107457  0.091313  0.102597  0.428337  0.378656  0.520417  0.426348  0.428633  0.412913  0.212773  0.573679  0.155239  0.380931  0.501020  0.390663  0.341718  0.406908  0.362796  0.389095  0.324902  0.384092  0.360965  0.420984  0.377284  0.444452  0.445870  0.377052  0.137323  0.187308  0.361534  0.405565  0.360648  0.155863  0.478039 0.0  0.100800  0.187140  0.392910  0.415537  0.211806  0.187979  0.564711  0.376970  0.085257  0.094635 
52  0.130433  0.380583  0.095408  0.309683  0.412960  0.304059  0.399247  0.453256  0.197700  0.352030  0.640084  0.703941  0.250193  0.379178  0.084535  0.341182  0.124101  0.114137  0.104095  0.112559  0.431381  0.435152  0.529792  0.393155  0.401232  0.318859  0.262153  0.651862  0.125260  0.369163  0.466645  0.393068  0.367616  0.361284  0.446898  0.351607  0.379784  0.387321  0.446080  0.408056  0.433911  0.456195  0.388403  0.431783  0.122151  0.256315  0.447006  0.394086  0.402854  0.143724  0.449481  0.100800 0.0  0.180251  0.394122  0.465079  0.183945  0.158615  0.665990  0.402284  0.096536  0.108631 
53  0.192574  0.387325  0.201234  0.302821  0.523925  0.382958  0.382563  0.417567  0.295662  0.471856  0.807722  0.817018  0.243847  0.502606  0.189655  0.419016  0.187256  0.211319  0.189090  0.206938  0.514862  0.538867  0.497838  0.442465  0.434589  0.445257  0.244035  0.741657  0.223788  0.553502  0.564839  0.563010  0.461398  0.489679  0.524263  0.521962  0.556510  0.462913  0.608566  0.475328  0.529554  0.550736  0.515590  0.493487  0.167924  0.175818  0.491467  0.471244  0.512041  0.186524  0.499365  0.187140  0.180251 0.0  0.498698  0.567183  0.238538  0.248317  0.776404  0.462251  0.181055  0.185667 
54  0.402421  0.397801  0.371769  0.572123  0.100449  0.574833  0.575384  0.598537  0.465006  0.181790  0.380511  0.459736  0.451841  0.151854  0.404032  0.422750  0.431046  0.447843  0.366185  0.397211  0.098219  0.100780  0.135795  0.106273  0.510986  0.104142  0.507513  0.463879  0.412318  0.127427  0.083789  0.125478  0.134436  0.107933  0.134499  0.127737  0.115657  0.123895  0.116992  0.105646  0.097499  0.104445  0.493018  0.102603  0.451433  0.412942  0.102183  0.078871  0.112117  0.484638  0.111005  0.392910  0.394122  0.498698 0.0  0.091471  0.406518  0.452699  0.276761  0.113189  0.394113  0.411400 
55  0.431676  0.386311  0.373250  0.524650  0.111091  0.594894  0.640553  0.617966  0.345486  0.152946  0.494945  0.382318  0.458268  0.114344  0.431819  0.435612  0.344649  0.402964  0.441587  0.404393  0.122730  0.096427  0.137101  0.098865  0.525218  0.097489  0.433340  0.385246  0.400899  0.122051  0.086124  0.110683  0.134998  0.094973  0.123112  0.113131  0.104468  0.114142  0.102889  0.102963  0.090981  0.133659  0.488901  0.096038  0.357376  0.474661  0.106346  0.095761  0.107449  0.439884  0.123284  0.415537  0.465079  0.567183  0.091471 0.0  0.383329  0.445676  0.263848  0.106524  0.481708  0.358139 
56  0.239146  0.280578  0.157888  0.202235  0.473239  0.293435  0.254290  0.301725  0.113804  0.308286  0.512305  0.625248  0.361920  0.405729  0.195469  0.204533  0.231657  0.211311  0.211007  0.204215  0.440870  0.486337  0.477508  0.408003  0.285865  0.353152  0.345649  0.530061  0.119913  0.405185  0.399268  0.412591  0.411978  0.337066  0.388944  0.335861  0.377460  0.394552  0.370656  0.419090  0.424727  0.459713  0.281808  0.404237  0.187582  0.345378  0.474632  0.410477  0.482944  0.140898  0.416692  0.211806  0.183945  0.238538  0.406518  0.383329 0.0  0.103547  0.564484  0.376356  0.189931  0.189312 
57  0.205419  0.275938  0.131139  0.190422  0.490890  0.305781  0.287474  0.365105  0.132954  0.301900  0.667202  0.661989  0.319622  0.321904  0.170075  0.224500  0.176809  0.208104  0.192671  0.176302  0.489270  0.395962  0.517964  0.430911  0.321116  0.437310  0.327772  0.554484  0.096839  0.359907  0.424335  0.353581  0.379013  0.407396  0.377982  0.398807  0.415452  0.393175  0.435402  0.401321  0.438869  0.409672  0.287016  0.428018  0.151638  0.315031  0.429887  0.405971  0.349148  0.137406  0.400344  0.187979  0.158615  0.248317  0.452699  0.445676  0.103547 0.0  0.522423  0.402563  0.186208  0.180749 
58  0.586596  0.483826  0.562531  0.659259  0.286186  0.637007  0.611925  0.572173  0.502993  0.362319  0.273349  0.257257  0.643414  0.286917  0.543321  0.491972  0.573285  0.509261  0.620412  0.602313  0.327498  0.331846  0.220426  0.292751  0.566580  0.294164  0.653578  0.310091  0.521286  0.343983  0.285548  0.358878  0.324762  0.308440  0.326047  0.336161  0.285738  0.278145  0.318481  0.347647  0.317717  0.256876  0.465225  0.259887  0.684508  0.766455  0.257939  0.277945  0.325308  0.670730  0.239066  0.564711  0.665990  0.776404  0.276761  0.263848  0.564484  0.522423 0.0  0.316813  0.594289  0.581813 
59  0.348592  0.430997  0.425219  0.439696  0.143352  0.611262  0.642456  0.569563  0.387725  0.146433  0.463107  0.537711  0.392265  0.109438  0.428507  0.384612  0.363747  0.335424  0.399104  0.316930  0.127495  0.086181  0.172802  0.085281  0.426611  0.084222  0.473529  0.445959  0.362942  0.096167  0.106001  0.085540  0.109295  0.081716  0.095102  0.089214  0.076467  0.084309  0.083598  0.081156  0.088702  0.145936  0.488240  0.111404  0.496975  0.490069  0.134134  0.119557  0.075475  0.387392  0.148077  0.376970  0.402284  0.462251  0.113189  0.106524  0.376356  0.402563  0.316813 0.0  0.352648  0.359799 
60  0.100921  0.406577  0.113177  0.319213  0.380625  0.390529  0.355837  0.461507  0.230395  0.337772  0.664414  0.681612  0.248007  0.387024  0.092336  0.322999  0.107660  0.097114  0.082385  0.092124  0.397018  0.419834  0.549960  0.390891  0.353854  0.309954  0.221761  0.709294  0.152229  0.397147  0.438229  0.384435  0.368642  0.399335  0.342373  0.342374  0.378397  0.372901  0.391957  0.396307  0.392855  0.469762  0.383918  0.376606  0.135138  0.197354  0.392662  0.426524  0.390505  0.174292  0.462725  0.085257  0.096536  0.181055  0.394113  0.481708  0.189931  0.186208  0.594289  0.352648 0.0  0.086148 
61  0.090095  0.385635  0.127990  0.303949  0.454867  0.379499  0.404107  0.469102  0.252952  0.322915  0.726122  0.712267  0.206083  0.381354  0.104261  0.347989  0.098644  0.090888  0.086235  0.093981  0.384604  0.407767  0.430974  0.329311  0.377744  0.402787  0.197365  0.635600  0.148440  0.392863  0.424889  0.431059  0.366761  0.394320  0.385484  0.346977  0.363697  0.384224  0.394890  0.343383  0.391907  0.514388  0.412710  0.408506  0.146574  0.209793  0.397981  0.429002  0.379086  0.173175  0.443507  0.094635  0.108631  0.185667  0.411400  0.358139  0.189312  0.180749  0.581813  0.359799  0.086148 0.0 
