62
0 0.0  0.441897  0.236312  0.445787  0.588628  0.469907  0.480554  0.531437  0.257961  0.334794  0.763988  0.717810  0.282948  0.337899  0.288444  0.392056  0.094041  0.132392  0.092599  0.092631  0.480374  0.382314  0.449548  0.439632  0.557532  0.450313  0.153084  0.612837  0.262750  0.435895  0.375515  0.499703  0.501199  0.384616  0.383820  0.492881  0.486302  0.344518  0.486678  0.456381  0.444761  0.458777  0.433492  0.583028  0.183788  0.204100  0.475102  0.436168  0.479665  0.190827  0.533994  0.134012  0.185958  0.211871  0.461722  0.425932  0.262962  0.257828  0.723623  0.512756  0.210283  0.101362 
1  0.441897 0.0  0.299933  0.316969  0.425458  0.345390  0.261574  0.268065  0.265699  0.421408  0.621349  0.513196  0.714846  0.486870  0.442920  0.102492  0.532176  0.413363  0.335898  0.536996  0.489730  0.489248  0.559812  0.461034  0.104307  0.372597  0.640693  0.344009  0.350801  0.450345  0.617081  0.525247  0.515084  0.384967  0.517322  0.515280  0.353395  0.356648  0.445408  0.442727  0.579748  0.563936  0.140455  0.458554  0.475904  0.645917  0.611831  0.395189  0.505199  0.327236  0.421361  0.471917  0.423730  0.522209  0.448769  0.503071  0.328002  0.237565  0.618608  0.504127  0.391508  0.530995 
2  0.236312  0.299933 0.0  0.467667  0.513569  0.398195  0.379298  0.461865  0.094574  0.401031  0.687709  0.811894  0.315088  0.471782  0.097833  0.358342  0.080579  0.080579  0.128561  0.256428  0.432967  0.484330  0.670898  0.447954  0.482762  0.477953  0.304162  0.673934  0.189685  0.400079  0.440253  0.438112  0.413656  0.468438  0.498894  0.450638  0.438184  0.492571  0.389033  0.465420  0.473048  0.458090  0.491625  0.416823  0.156984  0.340356  0.606829  0.538054  0.367329  0.139952  0.413322  0.174337  0.080579  0.128005  0.484865  0.527282  0.189482  0.235426  0.674809  0.498605  0.080579  0.160460 
3  0.445787  0.316969  0.467667 0.0  0.598833  0.210072  0.234368  0.121326  0.138672  0.531297  0.713633  0.682515  0.502204  0.514241  0.509605  0.188084  0.429093  0.376903  0.404039  0.360220  0.550478  0.511007  0.564972  0.522452  0.222949  0.498324  0.580038  0.550759  0.211413  0.471836  0.567228  0.504788  0.606906  0.631926  0.625521  0.553287  0.517497  0.526570  0.529857  0.448392  0.585516  0.615571  0.204836  0.602907  0.286044  0.425400  0.523173  0.567463  0.455212  0.281368  0.524812  0.368243  0.260508  0.416231  0.523836  0.637600  0.211974  0.193422  0.766604  0.534318  0.343964  0.302133 
4  0.588628  0.425458  0.513569  0.598833 0.0  0.709535  0.678427  0.641427  0.441813  0.247658  0.480106  0.408831  0.547335  0.264899  0.575993  0.447892  0.499685  0.538441  0.453577  0.458201  0.080579  0.181081  0.169392  0.140235  0.561603  0.179611  0.544723  0.394597  0.530902  0.240871  0.170423  0.194313  0.172635  0.245159  0.264772  0.207467  0.087406  0.207090  0.143336  0.161312  0.154089  0.144274  0.594058  0.095899  0.474501  0.613773  0.208242  0.104624  0.146094  0.477041  0.080579  0.583079  0.443015  0.684972  0.126919  0.080579  0.588836  0.556175  0.429545  0.080579  0.473508  0.467988 
5  0.469907  0.345390  0.398195  0.210072  0.709535 0.0  0.083473  0.349194  0.254364  0.551728  0.662320  0.827246  0.574614  0.527558  0.474105  0.218090  0.342231  0.491619  0.351732  0.435576  0.635189  0.684272  0.714429  0.612499  0.271946  0.606081  0.620276  0.639699  0.332179  0.638144  0.665867  0.684447  0.637451  0.699780  0.633839  0.634036  0.644028  0.522573  0.651639  0.624743  0.566845  0.683314  0.313509  0.670058  0.284518  0.556510  0.669270  0.660648  0.757485  0.324293  0.755599  0.390258  0.378255  0.591378  0.613388  0.687164  0.331545  0.358141  0.756684  0.570868  0.283521  0.249510 
6  0.480554  0.261574  0.379298  0.234368  0.678427  0.083473 0.0  0.099497  0.164671  0.508946  0.690550  0.738432  0.574286  0.601254  0.511853  0.187181  0.478684  0.477771  0.472702  0.484013  0.766945  0.732681  0.757649  0.612453  0.302377  0.625538  0.583147  0.627318  0.364488  0.705212  0.636942  0.473920  0.615317  0.670747  0.632948  0.673148  0.663540  0.654879  0.650714  0.646993  0.629674  0.809428  0.238464  0.604415  0.316394  0.596571  0.677117  0.573798  0.668681  0.392717  0.618650  0.445768  0.494726  0.442227  0.684288  0.505390  0.338912  0.322664  0.804790  0.534552  0.458956  0.563531 
7  0.531437  0.268065  0.461865  0.121326  0.641427  0.349194  0.099497 0.0  0.403539  0.523511  0.686429  0.612209  0.676852  0.564138  0.444761  0.198187  0.513088  0.492514  0.493566  0.476868  0.711535  0.638920  0.625547  0.625321  0.192384  0.713687  0.565283  0.476480  0.324454  0.702067  0.670767  0.581597  0.674293  0.710025  0.587363  0.679401  0.651574  0.466519  0.675193  0.690137  0.695754  0.750334  0.141306  0.623278  0.456209  0.566165  0.611363  0.616195  0.542421  0.363561  0.731911  0.426205  0.392224  0.491389  0.547882  0.628143  0.409297  0.434790  0.722784  0.697128  0.507919  0.458429 
8  0.257961  0.265699  0.094574  0.138672  0.441813  0.254364  0.164671  0.403539 0.0  0.457085  0.650074  0.745327  0.522387  0.406503  0.247309  0.270548  0.358770  0.228681  0.376650  0.213896  0.480747  0.436698  0.515049  0.368672  0.245621  0.405973  0.423843  0.574427  0.182329  0.376932  0.448480  0.407932  0.382901  0.385675  0.417434  0.432322  0.430263  0.511506  0.428009  0.562259  0.410125  0.547479  0.298078  0.498570  0.291904  0.322965  0.394292  0.527373  0.504229  0.251832  0.482831  0.277876  0.271445  0.304425  0.479340  0.468570  0.182842  0.116197  0.659640  0.440102  0.080579  0.289014 
9  0.334794  0.421408  0.401031  0.531297  0.247658  0.551728  0.508946  0.523511  0.457085 0.0  0.580536  0.604833  0.446774  0.193008  0.413697  0.272175  0.342664  0.404271  0.433866  0.308828  0.283900  0.206878  0.297341  0.193098  0.607007  0.162147  0.442080  0.456466  0.279061  0.134417  0.206657  0.129296  0.203731  0.125099  0.185797  0.106417  0.221390  0.203817  0.097689  0.080579  0.218793  0.192371  0.405311  0.192909  0.420684  0.517964  0.240317  0.251916  0.168735  0.535474  0.313013  0.411231  0.330838  0.487193  0.166738  0.138297  0.466317  0.430051  0.292068  0.080579  0.399091  0.330541 
10  0.763988  0.621349  0.687709  0.713633  0.480106  0.662320  0.690550  0.686429  0.650074  0.580536 0.0  0.080579  0.925354  0.464600  0.829113  0.646621  0.805294  0.867733  0.764095  0.864050  0.497460  0.544861  0.411074  0.533981  0.647736  0.520680  0.821323  0.129872  0.712888  0.509253  0.393701  0.563763  0.499641  0.479962  0.528124  0.543878  0.569043  0.471600  0.427405  0.521349  0.559398  0.394451  0.613458  0.477190  0.793658  0.895601  0.470525  0.379073  0.417700  0.852448  0.423829  0.800487  0.764701  0.973413  0.552554  0.380847  0.771067  0.833960  0.255901  0.529749  0.824774  0.771996 
11  0.717810  0.513196  0.811894  0.682515  0.408831  0.827246  0.738432  0.612209  0.745327  0.604833  0.080579 0.0  0.887812  0.570100  0.859082  0.522297  0.845855  0.754585  0.822526  0.737598  0.590561  0.454253  0.534253  0.344814  0.550994  0.544742  0.903935  0.192881  0.763085  0.609991  0.601364  0.479178  0.651851  0.473140  0.532175  0.463798  0.461621  0.503245  0.540369  0.605958  0.443328  0.412328  0.568508  0.385733  0.816844  0.919419  0.467594  0.549102  0.398617  0.891406  0.515798  0.769122  0.806727  1.000000  0.513916  0.424334  0.704809  0.831282  0.330181  0.594699  0.712652  0.737380 
12  0.282948  0.714846  0.315088  0.502204  0.547335  0.574614  0.574286  0.676852  0.522387  0.446774  0.925354  0.887812 0.0  0.566097  0.219153  0.615934  0.213416  0.263955  0.188819  0.332040  0.441228  0.528607  0.644093  0.578375  0.643957  0.446794  0.082904  0.783292  0.422749  0.482093  0.540115  0.438494  0.448259  0.516872  0.471172  0.553676  0.443916  0.486210  0.513049  0.462050  0.477348  0.505708  0.556801  0.525790  0.449511  0.326840  0.614042  0.570474  0.462452  0.330263  0.447130  0.273451  0.264764  0.245955  0.475190  0.583359  0.471585  0.387112  0.881786  0.558058  0.337992  0.220352 
13  0.337899  0.486870  0.471782  0.514241  0.264899  0.527558  0.601254  0.564138  0.406503  0.193008  0.464600  0.570100  0.566097 0.0  0.508926  0.335928  0.353679  0.411655  0.535443  0.495937  0.238583  0.081560  0.124315  0.086874  0.438813  0.176394  0.442854  0.468338  0.391375  0.099491  0.080579  0.130696  0.153395  0.213572  0.080579  0.151135  0.080579  0.154170  0.230072  0.080579  0.157918  0.156045  0.434104  0.175616  0.528156  0.647419  0.201428  0.141940  0.080579  0.554713  0.292213  0.501043  0.514451  0.528370  0.117777  0.160222  0.459569  0.452050  0.336319  0.080579  0.449433  0.440399 
14  0.288444  0.442920  0.097833  0.509605  0.575993  0.474105  0.511853  0.444761  0.247309  0.413697  0.829113  0.859082  0.219153  0.508926 0.0  0.261347  0.080579  0.159075  0.080579  0.138107  0.546776  0.373105  0.468848  0.466831  0.487291  0.336969  0.261027  0.699551  0.181516  0.404466  0.445781  0.408698  0.483024  0.397548  0.370251  0.398952  0.420064  0.407887  0.385632  0.549821  0.443099  0.546529  0.391306  0.579314  0.215469  0.272818  0.514822  0.537367  0.466895  0.183794  0.525924  0.141384  0.094535  0.214824  0.625577  0.570366  0.255501  0.304460  0.773679  0.442823  0.080579  0.165533 
15  0.392056  0.102492  0.358342  0.188084  0.447892  0.218090  0.187181  0.198187  0.270548  0.272175  0.646621  0.522297  0.615934  0.335928  0.261347 0.0  0.444089  0.363585  0.319443  0.464311  0.509264  0.389967  0.443525  0.373843  0.098340  0.424261  0.625715  0.433639  0.382768  0.355678  0.424591  0.436578  0.395674  0.418937  0.399817  0.383060  0.360931  0.402357  0.396765  0.450901  0.403770  0.473973  0.122383  0.427716  0.300242  0.572257  0.449511  0.404756  0.368119  0.456836  0.558301  0.381527  0.391326  0.343382  0.505428  0.417058  0.199234  0.389728  0.626072  0.464251  0.444496  0.403297 
16  0.094041  0.532176  0.080579  0.429093  0.499685  0.342231  0.478684  0.513088  0.358770  0.342664  0.805294  0.845855  0.213416  0.353679  0.080579  0.444089 0.0  0.178342  0.080579  0.097661  0.493825  0.420970  0.614680  0.415746  0.503155  0.450993  0.179481  0.801637  0.221123  0.346908  0.441800  0.333187  0.444222  0.455537  0.495851  0.403484  0.415557  0.440661  0.549692  0.448283  0.469250  0.661398  0.488572  0.381096  0.278078  0.188558  0.406247  0.467629  0.397275  0.196365  0.489190  0.200182  0.152922  0.238080  0.420918  0.411190  0.286400  0.165006  0.632033  0.437334  0.080579  0.080579 
17  0.132392  0.413363  0.080579  0.376903  0.538441  0.491619  0.477771  0.492514  0.228681  0.404271  0.867733  0.754585  0.263955  0.411655  0.159075  0.363585  0.178342 0.0  0.129385  0.122071  0.501926  0.445225  0.653172  0.416314  0.396212  0.433538  0.273835  0.690118  0.291745  0.330774  0.457849  0.338186  0.475021  0.523624  0.365114  0.449023  0.428164  0.406391  0.429807  0.444287  0.439495  0.519955  0.465428  0.421595  0.221187  0.167632  0.423941  0.453781  0.542175  0.100835  0.531596  0.170858  0.080579  0.233616  0.450827  0.438884  0.211893  0.289504  0.657701  0.466976  0.080579  0.080579 
18  0.092599  0.335898  0.128561  0.404039  0.453577  0.351732  0.472702  0.493566  0.376650  0.433866  0.764095  0.822526  0.188819  0.535443  0.080579  0.319443  0.080579  0.129385 0.0  0.201173  0.499038  0.438253  0.588786  0.399133  0.545180  0.452546  0.153021  0.739638  0.141917  0.385959  0.434937  0.430399  0.395376  0.428566  0.437751  0.393931  0.381351  0.400766  0.473968  0.512020  0.458278  0.514807  0.469785  0.473408  0.210354  0.351331  0.460169  0.424889  0.388609  0.203363  0.375477  0.119631  0.135707  0.177533  0.420802  0.652641  0.218993  0.231150  0.671331  0.425491  0.080579  0.080579 
19  0.092631  0.536996  0.256428  0.360220  0.458201  0.435576  0.484013  0.476868  0.213896  0.308828  0.864050  0.737598  0.332040  0.495937  0.138107  0.464311  0.097661  0.122071  0.201173 0.0  0.418634  0.481178  0.495684  0.486892  0.483401  0.469950  0.203126  0.613909  0.120905  0.545291  0.371127  0.563167  0.316588  0.330700  0.439636  0.381978  0.363127  0.450703  0.349883  0.459105  0.400888  0.343859  0.457470  0.343161  0.184045  0.329758  0.433844  0.438380  0.490147  0.223619  0.469603  0.162375  0.113421  0.150533  0.494184  0.470022  0.232304  0.310227  0.605853  0.378945  0.107239  0.169419 
20  0.480374  0.489730  0.432967  0.550478  0.080579  0.635189  0.766945  0.711535  0.480747  0.283900  0.497460  0.590561  0.441228  0.238583  0.546776  0.509264  0.493825  0.501926  0.499038  0.418634 0.0  0.157823  0.235319  0.196234  0.585151  0.196677  0.519226  0.522382  0.397599  0.207290  0.096168  0.121340  0.169944  0.096284  0.198120  0.179360  0.189499  0.235552  0.146906  0.260869  0.080579  0.151121  0.558232  0.157809  0.558714  0.538789  0.149211  0.122517  0.146737  0.572394  0.100710  0.490333  0.436302  0.559200  0.100048  0.207788  0.564790  0.484924  0.358927  0.140029  0.579733  0.469401 
21  0.382314  0.489248  0.484330  0.511007  0.181081  0.684272  0.732681  0.638920  0.436698  0.206878  0.544861  0.454253  0.528607  0.081560  0.373105  0.389967  0.420970  0.445225  0.438253  0.481178  0.157823 0.0  0.219240  0.083324  0.529450  0.080579  0.557329  0.477098  0.439975  0.136667  0.080579  0.080579  0.080579  0.081398  0.080579  0.137415  0.080579  0.120490  0.123140  0.091085  0.093382  0.178338  0.523136  0.083138  0.455246  0.478003  0.080579  0.245428  0.107479  0.543624  0.152704  0.494447  0.459389  0.544632  0.080579  0.155164  0.496190  0.434755  0.402838  0.080579  0.462518  0.433094 
22  0.449548  0.559812  0.670898  0.564972  0.169392  0.714429  0.757649  0.625547  0.515049  0.297341  0.411074  0.534253  0.644093  0.124315  0.468848  0.443525  0.614680  0.653172  0.588786  0.495684  0.235319  0.219240 0.0  0.247920  0.556647  0.215223  0.565556  0.332615  0.543297  0.266144  0.080579  0.116387  0.229332  0.142992  0.126647  0.178271  0.152468  0.093915  0.233133  0.196583  0.264960  0.113273  0.539693  0.178576  0.638030  0.723165  0.113597  0.239285  0.136839  0.546125  0.193951  0.569024  0.572175  0.646431  0.160352  0.126888  0.602724  0.503064  0.248463  0.231867  0.600709  0.592460 
23  0.439632  0.461034  0.447954  0.522452  0.140235  0.612499  0.612453  0.625321  0.368672  0.193098  0.533981  0.344814  0.578375  0.086874  0.466831  0.373843  0.415746  0.416314  0.399133  0.486892  0.196234  0.083324  0.247920 0.0  0.526395  0.231987  0.454722  0.506977  0.471967  0.133318  0.213672  0.138447  0.092541  0.121159  0.080579  0.146747  0.080579  0.080579  0.080579  0.080579  0.093621  0.174814  0.522086  0.167228  0.492274  0.488686  0.158154  0.186685  0.124834  0.401453  0.080579  0.489135  0.450440  0.577953  0.105200  0.131329  0.487366  0.466136  0.331787  0.202628  0.416966  0.448216 
24  0.557532  0.104307  0.482762  0.222949  0.561603  0.271946  0.302377  0.192384  0.245621  0.607007  0.647736  0.550994  0.643957  0.438813  0.487291  0.098340  0.503155  0.396212  0.545180  0.483401  0.585151  0.529450  0.556647  0.526395 0.0  0.528041  0.544701  0.518636  0.371210  0.569550  0.548871  0.443743  0.424209  0.511180  0.578961  0.439863  0.527843  0.482221  0.553321  0.489734  0.581299  0.593224  0.080579  0.488324  0.397695  0.608863  0.480535  0.596886  0.476186  0.367275  0.519820  0.505778  0.444224  0.623066  0.529363  0.428016  0.305458  0.385290  0.551123  0.503590  0.427004  0.484700 
25  0.450313  0.372597  0.477953  0.498324  0.179611  0.606081  0.625538  0.713687  0.405973  0.162147  0.520680  0.544742  0.446794  0.176394  0.336969  0.424261  0.450993  0.433538  0.452546  0.469950  0.196677  0.080579  0.215223  0.231987  0.528041 0.0  0.449411  0.517462  0.378687  0.080579  0.147259  0.101218  0.099277  0.080579  0.139263  0.112721  0.139343  0.130520  0.152288  0.080579  0.132829  0.143028  0.465003  0.192910  0.433492  0.455726  0.245788  0.080579  0.084688  0.573865  0.187490  0.387949  0.380838  0.486461  0.105401  0.200469  0.461421  0.542882  0.388099  0.138035  0.363692  0.519787 
26  0.153084  0.640693  0.304162  0.580038  0.544723  0.620276  0.583147  0.565283  0.423843  0.442080  0.821323  0.903935  0.082904  0.442854  0.261027  0.625715  0.179481  0.273835  0.153021  0.203126  0.519226  0.557329  0.565556  0.454722  0.544701  0.449411 0.0  0.764907  0.294321  0.443259  0.550160  0.490154  0.456227  0.496903  0.441743  0.554401  0.498249  0.464487  0.411340  0.423614  0.637015  0.554445  0.665379  0.543868  0.323705  0.162961  0.465563  0.406372  0.486512  0.324858  0.461130  0.275500  0.274690  0.245946  0.494179  0.439263  0.383116  0.344381  0.746441  0.534699  0.213276  0.236802 
27  0.612837  0.344009  0.673934  0.550759  0.394597  0.639699  0.627318  0.476480  0.574427  0.456466  0.129872  0.192881  0.783292  0.468338  0.699551  0.433639  0.801637  0.690118  0.739638  0.613909  0.522382  0.477098  0.332615  0.506977  0.518636  0.517462  0.764907 0.0  0.693376  0.505941  0.430049  0.534677  0.525134  0.471577  0.405441  0.462174  0.548021  0.516647  0.410213  0.610063  0.366123  0.491053  0.384515  0.447001  0.722362  0.919615  0.523220  0.552968  0.523099  0.717659  0.453307  0.741207  0.734138  0.888234  0.512068  0.527929  0.668336  0.578087  0.314620  0.510357  0.783276  0.674886 
28  0.262750  0.350801  0.189685  0.211413  0.530902  0.332179  0.364488  0.324454  0.182329  0.279061  0.712888  0.763085  0.422749  0.391375  0.181516  0.382768  0.221123  0.291745  0.141917  0.120905  0.397599  0.439975  0.543297  0.471967  0.371210  0.378687  0.294321  0.693376 0.0  0.508103  0.387408  0.462572  0.409502  0.409736  0.382432  0.456759  0.450859  0.384689  0.528116  0.465000  0.538677  0.513969  0.458159  0.468676  0.196355  0.308936  0.538860  0.376701  0.447319  0.135392  0.592168  0.236202  0.126112  0.310318  0.426799  0.378003  0.134418  0.177933  0.671883  0.541160  0.080579  0.163194 
29  0.435895  0.450345  0.400079  0.471836  0.240871  0.638144  0.705212  0.702067  0.376932  0.134417  0.509253  0.609991  0.482093  0.099491  0.404466  0.355678  0.346908  0.330774  0.385959  0.545291  0.207290  0.136667  0.266144  0.133318  0.569550  0.080579  0.443259  0.505941  0.508103 0.0  0.121803  0.190269  0.112322  0.247404  0.080579  0.144395  0.080579  0.133905  0.164268  0.106015  0.080579  0.226801  0.591964  0.209256  0.391093  0.498261  0.287137  0.080579  0.094882  0.463702  0.153476  0.392907  0.355734  0.488035  0.175558  0.129696  0.330993  0.375191  0.402367  0.106879  0.551175  0.443733 
30  0.375515  0.617081  0.440253  0.567228  0.170423  0.665867  0.636942  0.670767  0.448480  0.206657  0.393701  0.601364  0.540115  0.080579  0.445781  0.424591  0.441800  0.457849  0.434937  0.371127  0.096168  0.080579  0.080579  0.213672  0.548871  0.147259  0.550160  0.430049  0.387408  0.121803 0.0  0.176461  0.137314  0.137276  0.205168  0.118856  0.189321  0.141592  0.203338  0.080579  0.080579  0.080579  0.495972  0.106264  0.563485  0.460525  0.157231  0.133297  0.110603  0.608979  0.100528  0.450262  0.531638  0.531374  0.080579  0.080579  0.567261  0.581225  0.269880  0.100086  0.416076  0.583757 
31  0.499703  0.525247  0.438112  0.504788  0.194313  0.684447  0.473920  0.581597  0.407932  0.129296  0.563763  0.479178  0.438494  0.130696  0.408698  0.436578  0.333187  0.338186  0.430399  0.563167  0.121340  0.080579  0.116387  0.138447  0.443743  0.101218  0.490154  0.534677  0.462572  0.190269  0.176461 0.0  0.080579  0.080579  0.080579  0.080819  0.080579  0.080579  0.146769  0.080579  0.080579  0.208666  0.441604  0.244452  0.599176  0.478436  0.127799  0.182872  0.080579  0.454003  0.127603  0.485606  0.501808  0.543028  0.249514  0.102494  0.406538  0.433882  0.327488  0.080579  0.446495  0.391812 
32  0.501199  0.515084  0.413656  0.606906  0.172635  0.637451  0.615317  0.674293  0.382901  0.203731  0.499641  0.651851  0.448259  0.153395  0.483024  0.395674  0.444222  0.475021  0.395376  0.316588  0.169944  0.080579  0.229332  0.092541  0.424209  0.099277  0.456227  0.525134  0.409502  0.112322  0.137314  0.080579 0.0  0.080579  0.080579  0.136865  0.080579  0.192563  0.080579  0.120244  0.227304  0.151667  0.608560  0.111854  0.414348  0.524077  0.202292  0.219408  0.162804  0.502282  0.185047  0.403707  0.429570  0.637694  0.125397  0.144456  0.418232  0.457906  0.368566  0.175025  0.378469  0.441919 
33  0.384616  0.384967  0.468438  0.631926  0.245159  0.699780  0.670747  0.710025  0.385675  0.125099  0.479962  0.473140  0.516872  0.213572  0.397548  0.418937  0.455537  0.523624  0.428566  0.330700  0.096284  0.081398  0.142992  0.121159  0.511180  0.080579  0.496903  0.471577  0.409736  0.247404  0.137276  0.080579  0.080579 0.0  0.080579  0.080579  0.080579  0.173122  0.080579  0.080579  0.124404  0.119388  0.571707  0.117484  0.484567  0.538979  0.095983  0.181902  0.118308  0.508651  0.260295  0.428908  0.339869  0.575724  0.152644  0.121728  0.479312  0.374490  0.365338  0.129671  0.403252  0.481653 
34  0.383820  0.517322  0.498894  0.625521  0.264772  0.633839  0.632948  0.587363  0.417434  0.185797  0.528124  0.532175  0.471172  0.080579  0.370251  0.399817  0.495851  0.365114  0.437751  0.439636  0.198120  0.080579  0.126647  0.080579  0.578961  0.139263  0.441743  0.405441  0.382432  0.080579  0.205168  0.080579  0.080579  0.080579 0.0  0.080579  0.143570  0.080579  0.090035  0.094911  0.213094  0.180915  0.506488  0.216788  0.530011  0.404541  0.284731  0.080579  0.080579  0.344555  0.121352  0.448813  0.376004  0.566010  0.225259  0.173005  0.461151  0.504018  0.440928  0.152484  0.441957  0.515151 
35  0.492881  0.515280  0.450638  0.553287  0.207467  0.634036  0.673148  0.679401  0.432322  0.106417  0.543878  0.463798  0.553676  0.151135  0.398952  0.383060  0.403484  0.449023  0.393931  0.381978  0.179360  0.137415  0.178271  0.146747  0.439863  0.112721  0.554401  0.462174  0.456759  0.144395  0.118856  0.080819  0.136865  0.080579  0.080579 0.0  0.080579  0.080579  0.157500  0.181758  0.201418  0.162100  0.544512  0.215173  0.538543  0.578435  0.238527  0.233883  0.080579  0.414707  0.184896  0.425173  0.494903  0.596420  0.080579  0.238480  0.456209  0.408531  0.346904  0.117702  0.446267  0.380105 
36  0.486302  0.353395  0.438184  0.517497  0.087406  0.644028  0.663540  0.651574  0.430263  0.221390  0.569043  0.461621  0.443916  0.080579  0.420064  0.360931  0.415557  0.428164  0.381351  0.363127  0.189499  0.080579  0.152468  0.080579  0.527843  0.139343  0.498249  0.548021  0.450859  0.080579  0.189321  0.080579  0.080579  0.080579  0.143570  0.080579 0.0  0.122394  0.080579  0.080579  0.160311  0.252921  0.436727  0.152285  0.478595  0.385174  0.211313  0.213774  0.080579  0.574776  0.080579  0.327818  0.429279  0.632391  0.132641  0.131543  0.483696  0.375228  0.393251  0.080579  0.454997  0.402390 
37  0.344518  0.356648  0.492571  0.526570  0.207090  0.522573  0.654879  0.466519  0.511506  0.203817  0.471600  0.503245  0.486210  0.154170  0.407887  0.402357  0.440661  0.406391  0.400766  0.450703  0.235552  0.120490  0.093915  0.080579  0.482221  0.130520  0.464487  0.516647  0.384689  0.133905  0.141592  0.080579  0.192563  0.173122  0.080579  0.080579  0.122394 0.0  0.080579  0.080579  0.080579  0.117503  0.487549  0.162818  0.522192  0.558361  0.160562  0.150767  0.084100  0.465854  0.200185  0.339892  0.451536  0.503312  0.125042  0.121196  0.385219  0.391313  0.268226  0.080579  0.517693  0.491091 
38  0.486678  0.445408  0.389033  0.529857  0.143336  0.651639  0.650714  0.675193  0.428009  0.097689  0.427405  0.540369  0.513049  0.230072  0.385632  0.396765  0.549692  0.429807  0.473968  0.349883  0.146906  0.123140  0.233133  0.080579  0.553321  0.152288  0.411340  0.410213  0.528116  0.164268  0.203338  0.146769  0.080579  0.080579  0.090035  0.157500  0.080579  0.080579 0.0  0.080579  0.080579  0.276371  0.504151  0.155751  0.476658  0.564042  0.248357  0.151817  0.186940  0.435408  0.127069  0.451862  0.437581  0.472187  0.080579  0.102615  0.404032  0.412138  0.372560  0.134077  0.459030  0.517792 
39  0.456381  0.442727  0.465420  0.448392  0.161312  0.624743  0.646993  0.690137  0.562259  0.080579  0.521349  0.605958  0.462050  0.080579  0.549821  0.450901  0.448283  0.444287  0.512020  0.459105  0.260869  0.091085  0.196583  0.080579  0.489734  0.080579  0.423614  0.610063  0.465000  0.106015  0.080579  0.080579  0.120244  0.080579  0.094911  0.181758  0.080579  0.080579  0.080579 0.0  0.107466  0.108020  0.416052  0.080579  0.555673  0.601130  0.155114  0.209241  0.080579  0.509183  0.152719  0.479266  0.466576  0.560993  0.214651  0.114153  0.383070  0.538901  0.333514  0.080579  0.481354  0.414953 
40  0.444761  0.579748  0.473048  0.585516  0.154089  0.566845  0.629674  0.695754  0.410125  0.218793  0.559398  0.443328  0.477348  0.157918  0.443099  0.403770  0.469250  0.439495  0.458278  0.400888  0.080579  0.093382  0.264960  0.093621  0.581299  0.132829  0.637015  0.366123  0.538677  0.080579  0.080579  0.080579  0.227304  0.124404  0.213094  0.201418  0.160311  0.080579  0.080579  0.107466 0.0  0.170392  0.443791  0.080579  0.555216  0.579473  0.155524  0.080579  0.113285  0.469721  0.222339  0.500329  0.503739  0.570109  0.188086  0.129091  0.438988  0.412811  0.379766  0.093745  0.520895  0.465339 
41  0.458777  0.563936  0.458090  0.615571  0.144274  0.683314  0.809428  0.750334  0.547479  0.192371  0.394451  0.412328  0.505708  0.156045  0.546529  0.473973  0.661398  0.519955  0.514807  0.343859  0.151121  0.178338  0.113273  0.174814  0.593224  0.143028  0.554445  0.491053  0.513969  0.226801  0.080579  0.208666  0.151667  0.119388  0.180915  0.162100  0.252921  0.117503  0.276371  0.108020  0.170392 0.0  0.584689  0.250293  0.578403  0.627573  0.080579  0.165237  0.144058  0.581549  0.080579  0.505396  0.550470  0.520373  0.080579  0.115803  0.505968  0.452353  0.368558  0.192007  0.476292  0.569465 
42  0.433492  0.140455  0.491625  0.204836  0.594058  0.313509  0.238464  0.141306  0.298078  0.405311  0.613458  0.568508  0.556801  0.434104  0.391306  0.122383  0.488572  0.465428  0.469785  0.457470  0.558232  0.523136  0.539693  0.522086  0.080579  0.465003  0.665379  0.384515  0.458159  0.591964  0.495972  0.441604  0.608560  0.571707  0.506488  0.544512  0.436727  0.487549  0.504151  0.416052  0.443791  0.584689 0.0  0.476596  0.348681  0.620826  0.593110  0.451144  0.485098  0.384287  0.577453  0.468352  0.349394  0.527923  0.663217  0.503545  0.377114  0.420692  0.592310  0.521456  0.470787  0.562993 
43  0.583028  0.458554  0.416823  0.602907  0.095899  0.670058  0.604415  0.623278  0.498570  0.192909  0.477190  0.385733  0.525790  0.175616  0.579314  0.427716  0.381096  0.421595  0.473408  0.343161  0.157809  0.083138  0.178576  0.167228  0.488324  0.192910  0.543868  0.447001  0.468676  0.209256  0.106264  0.244452  0.111854  0.117484  0.216788  0.215173  0.152285  0.162818  0.155751  0.080579  0.080579  0.250293  0.476596 0.0  0.524991  0.544156  0.134087  0.114592  0.080579  0.562214  0.226872  0.452202  0.502691  0.524701  0.120483  0.080579  0.418848  0.415216  0.308523  0.115120  0.445600  0.456062 
44  0.183788  0.475904  0.156984  0.286044  0.474501  0.284518  0.316394  0.456209  0.291904  0.420684  0.793658  0.816844  0.449511  0.528156  0.215469  0.300242  0.278078  0.221187  0.210354  0.184045  0.558714  0.455246  0.638030  0.492274  0.397695  0.433492  0.323705  0.722362  0.196355  0.391093  0.563485  0.599176  0.414348  0.484567  0.530011  0.538543  0.478595  0.522192  0.476658  0.555673  0.555216  0.578403  0.348681  0.524991 0.0  0.165170  0.466719  0.503741  0.462089  0.080579  0.522802  0.124939  0.080579  0.318194  0.541293  0.506953  0.138998  0.154513  0.733430  0.473772  0.086341  0.244110 
45  0.204100  0.645917  0.340356  0.425400  0.613773  0.556510  0.596571  0.566165  0.322965  0.517964  0.895601  0.919419  0.326840  0.647419  0.272818  0.572257  0.188558  0.167632  0.351331  0.329758  0.538789  0.478003  0.723165  0.488686  0.608863  0.455726  0.162961  0.919615  0.308936  0.498261  0.460525  0.478436  0.524077  0.538979  0.404541  0.578435  0.385174  0.558361  0.564042  0.601130  0.579473  0.627573  0.620826  0.544156  0.165170 0.0  0.635033  0.634585  0.493347  0.315818  0.613017  0.266941  0.218824  0.262976  0.601379  0.478637  0.393928  0.317235  0.804182  0.454191  0.232870  0.182142 
46  0.475102  0.611831  0.606829  0.523173  0.208242  0.669270  0.677117  0.611363  0.394292  0.240317  0.470525  0.467594  0.614042  0.201428  0.514822  0.449511  0.406247  0.423941  0.460169  0.433844  0.149211  0.080579  0.113597  0.158154  0.480535  0.245788  0.465563  0.523220  0.538860  0.287137  0.157231  0.127799  0.202292  0.095983  0.284731  0.238527  0.211313  0.160562  0.248357  0.155114  0.155524  0.080579  0.593110  0.134087  0.466719  0.635033 0.0  0.080579  0.136022  0.487572  0.173011  0.588077  0.571990  0.648109  0.152446  0.081969  0.514188  0.481530  0.281459  0.147796  0.511530  0.442190 
47  0.436168  0.395189  0.538054  0.567463  0.104624  0.660648  0.573798  0.616195  0.527373  0.251916  0.379073  0.549102  0.570474  0.141940  0.537367  0.404756  0.467629  0.453781  0.424889  0.438380  0.122517  0.245428  0.239285  0.186685  0.596886  0.080579  0.406372  0.552968  0.376701  0.080579  0.133297  0.182872  0.219408  0.181902  0.080579  0.233883  0.213774  0.150767  0.151817  0.209241  0.080579  0.165237  0.451144  0.114592  0.503741  0.634585  0.080579 0.0  0.223390  0.500349  0.106249  0.470264  0.550223  0.640414  0.121625  0.080579  0.409217  0.489496  0.263460  0.080579  0.486826  0.516307 
48  0.479665  0.505199  0.367329  0.455212  0.146094  0.757485  0.668681  0.542421  0.504229  0.168735  0.417700  0.398617  0.462452  0.080579  0.466895  0.368119  0.397275  0.542175  0.388609  0.490147  0.146737  0.107479  0.136839  0.124834  0.476186  0.084688  0.486512  0.523099  0.447319  0.094882  0.110603  0.080579  0.162804  0.118308  0.080579  0.080579  0.080579  0.084100  0.186940  0.080579  0.113285  0.144058  0.485098  0.080579  0.462089  0.493347  0.136022  0.223390 0.0  0.465660  0.238927  0.403698  0.508586  0.459317  0.080579  0.080579  0.439576  0.476192  0.185433  0.080579  0.427082  0.508488 
49  0.190827  0.327236  0.139952  0.281368  0.477041  0.324293  0.392717  0.363561  0.251832  0.535474  0.852448  0.891406  0.330263  0.554713  0.183794  0.456836  0.196365  0.100835  0.203363  0.223619  0.572394  0.543624  0.546125  0.401453  0.367275  0.573865  0.324858  0.717659  0.135392  0.463702  0.608979  0.454003  0.502282  0.508651  0.344555  0.414707  0.574776  0.465854  0.435408  0.509183  0.469721  0.581549  0.384287  0.562214  0.080579  0.315818  0.487572  0.500349  0.465660 0.0  0.598171  0.101230  0.280373  0.239193  0.547532  0.478272  0.133935  0.191758  0.776269  0.454692  0.104269  0.161322 
50  0.533994  0.421361  0.413322  0.524812  0.080579  0.755599  0.618650  0.731911  0.482831  0.313013  0.423829  0.515798  0.447130  0.292213  0.525924  0.558301  0.489190  0.531596  0.375477  0.469603  0.100710  0.152704  0.193951  0.080579  0.519820  0.187490  0.461130  0.453307  0.592168  0.153476  0.100528  0.127603  0.185047  0.260295  0.121352  0.184896  0.080579  0.200185  0.127069  0.152719  0.222339  0.080579  0.577453  0.226872  0.522802  0.613017  0.173011  0.106249  0.238927  0.598171 0.0  0.477693  0.561722  0.530259  0.133788  0.137135  0.532229  0.649209  0.353569  0.115369  0.543992  0.615882 
51  0.134012  0.471917  0.174337  0.368243  0.583079  0.390258  0.445768  0.426205  0.277876  0.411231  0.800487  0.769122  0.273451  0.501043  0.141384  0.381527  0.200182  0.170858  0.119631  0.162375  0.490333  0.494447  0.569024  0.489135  0.505778  0.387949  0.275500  0.741207  0.236202  0.392907  0.450262  0.485606  0.403707  0.428908  0.448813  0.425173  0.327818  0.339892  0.451862  0.479266  0.500329  0.505396  0.468352  0.452202  0.124939  0.266941  0.588077  0.470264  0.403698  0.101230  0.477693 0.0  0.084785  0.200530  0.492610  0.502556  0.164597  0.218495  0.719461  0.477509  0.080579  0.107062 
52  0.185958  0.423730  0.080579  0.260508  0.443015  0.378255  0.494726  0.392224  0.271445  0.330838  0.764701  0.806727  0.264764  0.514451  0.094535  0.391326  0.152922  0.080579  0.135707  0.113421  0.436302  0.459389  0.572175  0.450440  0.444224  0.380838  0.274690  0.734138  0.126112  0.355734  0.531638  0.501808  0.429570  0.339869  0.376004  0.494903  0.429279  0.451536  0.437581  0.466576  0.503739  0.550470  0.349394  0.502691  0.080579  0.218824  0.571990  0.550223  0.508586  0.280373  0.561722  0.084785 0.0  0.210463  0.377625  0.405022  0.265125  0.243702  0.755036  0.449925  0.080579  0.080579 
53  0.211871  0.522209  0.128005  0.416231  0.684972  0.591378  0.442227  0.491389  0.304425  0.487193  0.973413  1.000000  0.245955  0.528370  0.214824  0.343382  0.238080  0.233616  0.177533  0.150533  0.559200  0.544632  0.646431  0.577953  0.623066  0.486461  0.245946  0.888234  0.310318  0.488035  0.531374  0.543028  0.637694  0.575724  0.566010  0.596420  0.632391  0.503312  0.472187  0.560993  0.570109  0.520373  0.527923  0.524701  0.318194  0.262976  0.648109  0.640414  0.459317  0.239193  0.530259  0.200530  0.210463 0.0  0.648353  0.513412  0.248465  0.224613  0.717357  0.475260  0.251810  0.334680 
54  0.461722  0.448769  0.484865  0.523836  0.126919  0.613388  0.684288  0.547882  0.479340  0.166738  0.552554  0.513916  0.475190  0.117777  0.625577  0.505428  0.420918  0.450827  0.420802  0.494184  0.100048  0.080579  0.160352  0.105200  0.529363  0.105401  0.494179  0.512068  0.426799  0.175558  0.080579  0.249514  0.125397  0.152644  0.225259  0.080579  0.132641  0.125042  0.080579  0.214651  0.188086  0.080579  0.663217  0.120483  0.541293  0.601379  0.152446  0.121625  0.080579  0.547532  0.133788  0.492610  0.377625  0.648353 0.0  0.110541  0.529583  0.559746  0.337364  0.107006  0.433576  0.478328 
55  0.425932  0.503071  0.527282  0.637600  0.080579  0.687164  0.505390  0.628143  0.468570  0.138297  0.380847  0.424334  0.583359  0.160222  0.570366  0.417058  0.411190  0.438884  0.652641  0.470022  0.207788  0.155164  0.126888  0.131329  0.428016  0.200469  0.439263  0.527929  0.378003  0.129696  0.080579  0.102494  0.144456  0.121728  0.173005  0.238480  0.131543  0.121196  0.102615  0.114153  0.129091  0.115803  0.503545  0.080579  0.506953  0.478637  0.081969  0.080579  0.080579  0.478272  0.137135  0.502556  0.405022  0.513412  0.110541 0.0  0.604993  0.507906  0.353930  0.162434  0.533949  0.414451 
56  0.262962  0.328002  0.189482  0.211974  0.588836  0.331545  0.338912  0.409297  0.182842  0.466317  0.771067  0.704809  0.471585  0.459569  0.255501  0.199234  0.286400  0.211893  0.218993  0.232304  0.564790  0.496190  0.602724  0.487366  0.305458  0.461421  0.383116  0.668336  0.134418  0.330993  0.567261  0.406538  0.418232  0.479312  0.461151  0.456209  0.483696  0.385219  0.404032  0.383070  0.438988  0.505968  0.377114  0.418848  0.138998  0.393928  0.514188  0.409217  0.439576  0.133935  0.532229  0.164597  0.265125  0.248465  0.529583  0.604993 0.0  0.162033  0.706957  0.360782  0.172361  0.334255 
57  0.257828  0.237565  0.235426  0.193422  0.556175  0.358141  0.322664  0.434790  0.116197  0.430051  0.833960  0.831282  0.387112  0.452050  0.304460  0.389728  0.165006  0.289504  0.231150  0.310227  0.484924  0.434755  0.503064  0.466136  0.385290  0.542882  0.344381  0.578087  0.177933  0.375191  0.581225  0.433882  0.457906  0.374490  0.504018  0.408531  0.375228  0.391313  0.412138  0.538901  0.412811  0.452353  0.420692  0.415216  0.154513  0.317235  0.481530  0.489496  0.476192  0.191758  0.649209  0.218495  0.243702  0.224613  0.559746  0.507906  0.162033 0.0  0.663975  0.434041  0.136451  0.119124 
58  0.723623  0.618608  0.674809  0.766604  0.429545  0.756684  0.804790  0.722784  0.659640  0.292068  0.255901  0.330181  0.881786  0.336319  0.773679  0.626072  0.632033  0.657701  0.671331  0.605853  0.358927  0.402838  0.248463  0.331787  0.551123  0.388099  0.746441  0.314620  0.671883  0.402367  0.269880  0.327488  0.368566  0.365338  0.440928  0.346904  0.393251  0.268226  0.372560  0.333514  0.379766  0.368558  0.592310  0.308523  0.733430  0.804182  0.281459  0.263460  0.185433  0.776269  0.353569  0.719461  0.755036  0.717357  0.337364  0.353930  0.706957  0.663975 0.0  0.204850  0.768563  0.597587 
59  0.512756  0.504127  0.498605  0.534318  0.080579  0.570868  0.534552  0.697128  0.440102  0.080579  0.529749  0.594699  0.558058  0.080579  0.442823  0.464251  0.437334  0.466976  0.425491  0.378945  0.140029  0.080579  0.231867  0.202628  0.503590  0.138035  0.534699  0.510357  0.541160  0.106879  0.100086  0.080579  0.175025  0.129671  0.152484  0.117702  0.080579  0.080579  0.134077  0.080579  0.093745  0.192007  0.521456  0.115120  0.473772  0.454191  0.147796  0.080579  0.080579  0.454692  0.115369  0.477509  0.449925  0.475260  0.107006  0.162434  0.360782  0.434041  0.204850 0.0  0.445636  0.393217 
60  0.210283  0.391508  0.080579  0.343964  0.473508  0.283521  0.458956  0.507919  0.080579  0.399091  0.824774  0.712652  0.337992  0.449433  0.080579  0.444496  0.080579  0.080579  0.080579  0.107239  0.579733  0.462518  0.600709  0.416966  0.427004  0.363692  0.213276  0.783276  0.080579  0.551175  0.416076  0.446495  0.378469  0.403252  0.441957  0.446267  0.454997  0.517693  0.459030  0.481354  0.520895  0.476292  0.470787  0.445600  0.086341  0.232870  0.511530  0.486826  0.427082  0.104269  0.543992  0.080579  0.080579  0.251810  0.433576  0.533949  0.172361  0.136451  0.768563  0.445636 0.0  0.104077 
61  0.101362  0.530995  0.160460  0.302133  0.467988  0.249510  0.563531  0.458429  0.289014  0.330541  0.771996  0.737380  0.220352  0.440399  0.165533  0.403297  0.080579  0.080579  0.080579  0.169419  0.469401  0.433094  0.592460  0.448216  0.484700  0.519787  0.236802  0.674886  0.163194  0.443733  0.583757  0.391812  0.441919  0.481653  0.515151  0.380105  0.402390  0.491091  0.517792  0.414953  0.465339  0.569465  0.562993  0.456062  0.244110  0.182142  0.442190  0.516307  0.508488  0.161322  0.615882  0.107062  0.080579  0.334680  0.478328  0.414451  0.334255  0.119124  0.597587  0.393217  0.104077 0.0 
