62
0 0.0  0.468306  0.182147  0.303341  0.589987  0.508546  0.401775  0.494347  0.213409  0.330409  0.897908  0.753011  0.268536  0.409939  0.109775  0.453307  0.165816  0.158340  0.075681  0.103750  0.534804  0.468711  0.576808  0.485580  0.465158  0.503196  0.075681  0.807120  0.149611  0.494856  0.454098  0.363193  0.405116  0.425913  0.354564  0.509339  0.499825  0.387915  0.374892  0.479617  0.442867  0.483304  0.528347  0.609516  0.262574  0.306405  0.495041  0.473891  0.476537  0.230582  0.600849  0.083962  0.075681  0.329393  0.476078  0.640494  0.278702  0.277348  0.748968  0.356955  0.075681  0.075681 
1  0.468306 0.0  0.455787  0.385387  0.520319  0.314551  0.282553  0.179240  0.369728  0.381315  0.519076  0.472889  0.553863  0.332575  0.389977  0.128134  0.536185  0.493826  0.281378  0.447376  0.413632  0.435646  0.578560  0.331177  0.183881  0.450886  0.607765  0.404849  0.388727  0.399714  0.480553  0.407386  0.460796  0.403803  0.473398  0.403455  0.413511  0.375880  0.487035  0.501252  0.486451  0.607839  0.166042  0.470685  0.386361  0.642001  0.402046  0.537207  0.494896  0.387228  0.531771  0.484335  0.443268  0.487485  0.550012  0.447108  0.345591  0.258670  0.558631  0.386229  0.554445  0.462106 
2  0.182147  0.455787 0.0  0.323771  0.474793  0.410212  0.434668  0.384803  0.186805  0.391882  0.768624  0.742647  0.309614  0.412098  0.075681  0.380985  0.192009  0.163977  0.181566  0.219437  0.602415  0.478534  0.533712  0.380540  0.355488  0.407497  0.298469  0.639473  0.134393  0.332262  0.488313  0.402286  0.397654  0.364504  0.369727  0.405750  0.368910  0.449108  0.474480  0.477813  0.556092  0.459355  0.391439  0.497241  0.130043  0.291594  0.581812  0.458504  0.512924  0.097605  0.536310  0.075681  0.121245  0.263083  0.483928  0.399375  0.186143  0.178801  0.719770  0.433919  0.176476  0.075681 
3  0.303341  0.385387  0.323771 0.0  0.686597  0.142894  0.163644  0.157400  0.174923  0.368939  0.860154  0.698700  0.517955  0.395602  0.312424  0.263924  0.341594  0.344372  0.350416  0.372979  0.557279  0.471233  0.558183  0.534877  0.248415  0.662581  0.594169  0.552104  0.252869  0.515430  0.520328  0.592660  0.550936  0.614525  0.483816  0.495675  0.641526  0.484509  0.486388  0.443872  0.499983  0.630881  0.177140  0.581147  0.298813  0.533060  0.597106  0.573891  0.549650  0.220054  0.583740  0.381579  0.292246  0.376620  0.644610  0.490580  0.190907  0.310004  0.702461  0.588040  0.353416  0.372939 
4  0.589987  0.520319  0.474793  0.686597 0.0  0.749207  0.744893  0.650418  0.533357  0.202031  0.502411  0.549924  0.535061  0.106707  0.447603  0.532191  0.454783  0.523443  0.527617  0.485561  0.075681  0.075681  0.134651  0.189981  0.524365  0.075681  0.594248  0.535139  0.474430  0.210937  0.123343  0.205575  0.149634  0.198836  0.125743  0.221939  0.184420  0.076192  0.141284  0.160888  0.120918  0.088232  0.520088  0.164338  0.689790  0.592511  0.140040  0.174655  0.075681  0.677449  0.083242  0.485200  0.372099  0.656447  0.075681  0.075681  0.469301  0.515209  0.181760  0.132166  0.501486  0.508037 
5  0.508546  0.314551  0.410212  0.142894  0.749207 0.0  0.219635  0.225566  0.292696  0.514583  0.770966  0.783370  0.606065  0.677551  0.264706  0.344518  0.469880  0.454997  0.478517  0.506358  0.650453  0.744471  0.761847  0.637387  0.361238  0.684123  0.531522  0.598761  0.343791  0.551444  0.728104  0.577986  0.518899  0.575778  0.655821  0.589790  0.713132  0.609505  0.596901  0.708917  0.599329  0.624749  0.364435  0.626236  0.388418  0.602829  0.776784  0.671347  0.633625  0.279671  0.819504  0.451250  0.411529  0.432831  0.645099  0.534216  0.214533  0.360865  0.813365  0.674976  0.465280  0.356030 
6  0.401775  0.282553  0.434668  0.163644  0.744893  0.219635 0.0  0.180615  0.316111  0.537237  0.733190  0.683399  0.577051  0.626715  0.389984  0.355385  0.529618  0.395784  0.406573  0.403787  0.701980  0.752638  0.729061  0.710777  0.271515  0.669526  0.679593  0.706663  0.422532  0.710697  0.696962  0.646723  0.690358  0.615167  0.638446  0.654476  0.544586  0.689078  0.576343  0.643000  0.649892  0.745343  0.337856  0.626494  0.418531  0.604127  0.662830  0.593433  0.723271  0.412599  0.808531  0.457440  0.445633  0.495818  0.621831  0.711592  0.341424  0.328890  0.752295  0.604207  0.416304  0.391884 
7  0.494347  0.179240  0.384803  0.157400  0.650418  0.225566  0.180615 0.0  0.295328  0.563496  0.733717  0.597710  0.732153  0.587504  0.581411  0.239696  0.467254  0.469919  0.550409  0.483316  0.694338  0.541063  0.581823  0.659840  0.257029  0.704319  0.655872  0.538039  0.481618  0.653325  0.648159  0.540451  0.572980  0.577974  0.612813  0.630621  0.558333  0.645851  0.560328  0.646886  0.549757  0.673729  0.271447  0.674805  0.335910  0.609433  0.744893  0.662936  0.717549  0.544423  0.738474  0.436404  0.442641  0.600917  0.694254  0.636880  0.363012  0.409018  0.778008  0.655863  0.487249  0.495363 
8  0.213409  0.369728  0.186805  0.174923  0.533357  0.292696  0.316111  0.295328 0.0  0.243217  0.562226  0.623471  0.466137  0.333216  0.305612  0.262584  0.373082  0.283013  0.274695  0.264733  0.432854  0.455585  0.604892  0.351370  0.294417  0.413342  0.515082  0.534671  0.251211  0.399867  0.364468  0.510573  0.451918  0.502210  0.429846  0.437715  0.397987  0.442761  0.421344  0.394045  0.560124  0.535152  0.351339  0.512083  0.296222  0.434545  0.552164  0.603825  0.423278  0.222056  0.613313  0.230855  0.252429  0.354405  0.429029  0.412151  0.125272  0.075681  0.612753  0.400522  0.375131  0.307517 
9  0.330409  0.381315  0.391882  0.368939  0.202031  0.514583  0.537237  0.563496  0.243217 0.0  0.562232  0.575531  0.519811  0.134095  0.364993  0.377924  0.425599  0.292772  0.292009  0.310264  0.196151  0.225852  0.183165  0.204790  0.421950  0.289289  0.555531  0.620359  0.361986  0.228281  0.216494  0.155972  0.075681  0.177178  0.102837  0.075681  0.196813  0.228227  0.238339  0.168821  0.089264  0.160076  0.587841  0.207914  0.430278  0.513940  0.242276  0.161420  0.180412  0.446765  0.177284  0.333192  0.347202  0.402766  0.229598  0.172432  0.362253  0.439378  0.348574  0.128806  0.298729  0.414143 
10  0.897908  0.519076  0.768624  0.860154  0.502411  0.770966  0.733190  0.733717  0.562226  0.562232 0.0  0.082048  0.914340  0.427431  0.901287  0.669093  0.778058  0.799591  0.787260  0.784460  0.564624  0.453658  0.403261  0.462947  0.641157  0.523286  0.983635  0.259867  0.717433  0.599907  0.538024  0.592659  0.489419  0.580250  0.621133  0.534381  0.628645  0.498873  0.621342  0.545468  0.476262  0.520056  0.671264  0.482340  0.805647  0.964366  0.519997  0.475967  0.597135  0.809958  0.587286  0.824352  0.841526  0.869788  0.413227  0.491219  0.737287  0.873894  0.274620  0.603760  0.873015  0.880654 
11  0.753011  0.472889  0.742647  0.698700  0.549924  0.783370  0.683399  0.597710  0.623471  0.575531  0.082048 0.0  0.932392  0.506243  0.834722  0.657567  0.778057  0.784086  0.850854  0.800074  0.500650  0.492885  0.458299  0.498335  0.555433  0.592299  0.972648  0.159489  0.740357  0.611310  0.500248  0.519254  0.517433  0.417351  0.539615  0.583694  0.528220  0.566840  0.423309  0.510117  0.568044  0.453533  0.675755  0.472309  0.917536  1.000000  0.468184  0.550961  0.470276  0.771929  0.643055  0.943147  0.967887  0.922781  0.558267  0.565867  0.711914  0.788658  0.264730  0.414252  0.802361  0.912267 
12  0.268536  0.553863  0.309614  0.517955  0.535061  0.606065  0.577051  0.732153  0.466137  0.519811  0.914340  0.932392 0.0  0.582569  0.306493  0.563959  0.378830  0.230364  0.257437  0.355621  0.473798  0.493652  0.545917  0.436923  0.615816  0.636188  0.136330  0.902293  0.407534  0.599980  0.491653  0.419895  0.493681  0.546690  0.530390  0.487609  0.352850  0.453328  0.549377  0.469847  0.509507  0.515666  0.648494  0.543157  0.301828  0.202211  0.556948  0.536619  0.490420  0.379799  0.564106  0.352050  0.183118  0.254876  0.360979  0.518598  0.439140  0.395164  0.820161  0.419126  0.216569  0.371940 
13  0.409939  0.332575  0.412098  0.395602  0.106707  0.677551  0.626715  0.587504  0.333216  0.134095  0.427431  0.506243  0.582569 0.0  0.468476  0.430486  0.427867  0.371642  0.368817  0.432073  0.101684  0.096901  0.284247  0.114207  0.490276  0.135779  0.596381  0.401389  0.355218  0.151540  0.153180  0.094608  0.126539  0.084318  0.109580  0.263037  0.075681  0.133114  0.130730  0.169673  0.147868  0.124958  0.566118  0.260854  0.529631  0.418164  0.075681  0.136420  0.117229  0.461082  0.075681  0.474295  0.400703  0.627675  0.159518  0.297538  0.356535  0.431357  0.267716  0.160586  0.455837  0.437412 
14  0.109775  0.389977  0.075681  0.312424  0.447603  0.264706  0.389984  0.581411  0.305612  0.364993  0.901287  0.834722  0.306493  0.468476 0.0  0.351983  0.077582  0.144459  0.091500  0.075681  0.574440  0.487866  0.656392  0.531361  0.492586  0.473396  0.233574  0.696435  0.192368  0.484059  0.617384  0.372086  0.482360  0.435750  0.372136  0.495843  0.430056  0.440427  0.538030  0.410265  0.502968  0.628566  0.519743  0.568786  0.075681  0.213967  0.583091  0.512701  0.424012  0.160233  0.473931  0.100433  0.075681  0.300337  0.530670  0.416859  0.263056  0.115155  0.766199  0.487126  0.117096  0.075681 
15  0.453307  0.128134  0.380985  0.263924  0.532191  0.344518  0.355385  0.239696  0.262584  0.377924  0.669093  0.657567  0.563959  0.430486  0.351983 0.0  0.407859  0.484549  0.382492  0.396225  0.507444  0.496477  0.621471  0.442930  0.250168  0.454593  0.547038  0.467155  0.376952  0.504753  0.598028  0.399323  0.418643  0.482901  0.457250  0.408296  0.401285  0.471380  0.299409  0.465875  0.437152  0.456846  0.104634  0.553735  0.479869  0.509043  0.480713  0.439521  0.404906  0.331999  0.481135  0.293209  0.319476  0.576714  0.407112  0.525482  0.331611  0.300810  0.527204  0.346945  0.356378  0.469040 
16  0.165816  0.536185  0.192009  0.341594  0.454783  0.469880  0.529618  0.467254  0.373082  0.425599  0.778058  0.778057  0.378830  0.427867  0.077582  0.407859 0.0  0.124270  0.110168  0.103061  0.480134  0.423022  0.643767  0.416968  0.430535  0.446325  0.173937  0.750080  0.159627  0.399583  0.528612  0.463458  0.311484  0.449076  0.416728  0.473542  0.501036  0.322021  0.429302  0.332228  0.500441  0.558933  0.435776  0.400668  0.241496  0.197698  0.446967  0.485329  0.417849  0.222801  0.392093  0.132965  0.075681  0.234545  0.503619  0.406041  0.261126  0.167057  0.714834  0.501140  0.163786  0.097081 
17  0.158340  0.493826  0.163977  0.344372  0.523443  0.454997  0.395784  0.469919  0.283013  0.292772  0.799591  0.784086  0.230364  0.371642  0.144459  0.484549  0.124270 0.0  0.077709  0.142979  0.555850  0.478687  0.467847  0.365855  0.512529  0.485391  0.189270  0.711248  0.145885  0.342492  0.524278  0.389942  0.434475  0.371162  0.407318  0.323657  0.379748  0.456583  0.337444  0.435365  0.419119  0.424545  0.426404  0.440439  0.109347  0.222481  0.489620  0.414979  0.385503  0.122359  0.527961  0.189819  0.138060  0.234313  0.498231  0.548872  0.219288  0.274748  0.779102  0.423766  0.187361  0.175801 
18  0.075681  0.281378  0.181566  0.350416  0.527617  0.478517  0.406573  0.550409  0.274695  0.292009  0.787260  0.850854  0.257437  0.368817  0.091500  0.382492  0.110168  0.077709 0.0  0.163397  0.555403  0.366562  0.534374  0.506651  0.555053  0.526928  0.283795  0.713015  0.075681  0.405022  0.499920  0.485392  0.406712  0.494563  0.454800  0.433811  0.495787  0.507341  0.492262  0.472677  0.431381  0.588383  0.496463  0.595305  0.097048  0.204926  0.468600  0.581473  0.495431  0.236819  0.448333  0.075681  0.090898  0.283171  0.456998  0.489265  0.273647  0.109531  0.667751  0.357732  0.160690  0.161836 
19  0.103750  0.447376  0.219437  0.372979  0.485561  0.506358  0.403787  0.483316  0.264733  0.310264  0.784460  0.800074  0.355621  0.432073  0.075681  0.396225  0.103061  0.142979  0.163397 0.0  0.470989  0.540668  0.456485  0.346788  0.473727  0.442211  0.216519  0.672320  0.132655  0.388545  0.400941  0.446563  0.230909  0.304550  0.391460  0.564582  0.487519  0.424229  0.393838  0.449619  0.392171  0.500399  0.544686  0.406413  0.165307  0.316269  0.438399  0.415135  0.493557  0.144762  0.472343  0.185554  0.160665  0.293416  0.503013  0.455215  0.191079  0.175963  0.669938  0.364515  0.185670  0.134513 
20  0.534804  0.413632  0.602415  0.557279  0.075681  0.650453  0.701980  0.694338  0.432854  0.196151  0.564624  0.500650  0.473798  0.101684  0.574440  0.507444  0.480134  0.555850  0.555403  0.470989 0.0  0.101252  0.155005  0.177670  0.585197  0.146631  0.534716  0.517477  0.553692  0.107181  0.147092  0.169842  0.155986  0.075681  0.249576  0.093857  0.097623  0.240015  0.145808  0.126694  0.115398  0.109915  0.617809  0.196556  0.687080  0.531782  0.075681  0.124290  0.166190  0.597265  0.096222  0.551029  0.524928  0.590631  0.075681  0.118173  0.555544  0.460349  0.382414  0.182043  0.550094  0.532395 
21  0.468711  0.435646  0.478534  0.471233  0.075681  0.744471  0.752638  0.541063  0.455585  0.225852  0.453658  0.492885  0.493652  0.096901  0.487866  0.496477  0.423022  0.478687  0.366562  0.540668  0.101252 0.0  0.187394  0.111751  0.534703  0.137247  0.404611  0.560665  0.507830  0.128685  0.142677  0.075681  0.090269  0.075681  0.075681  0.168286  0.075681  0.136675  0.183774  0.130632  0.092895  0.096654  0.642892  0.149796  0.491636  0.522469  0.075681  0.080518  0.075681  0.542174  0.133069  0.547591  0.547984  0.500099  0.075681  0.075681  0.422777  0.409300  0.318913  0.147240  0.549841  0.443413 
22  0.576808  0.578560  0.533712  0.558183  0.134651  0.761847  0.729061  0.581823  0.604892  0.183165  0.403261  0.458299  0.545917  0.284247  0.656392  0.621471  0.643767  0.467847  0.534374  0.456485  0.155005  0.187394 0.0  0.174423  0.513993  0.265364  0.544185  0.419444  0.547279  0.210368  0.202742  0.139728  0.196421  0.166477  0.216763  0.250437  0.197663  0.190572  0.223620  0.203866  0.268274  0.211795  0.516805  0.075681  0.635078  0.606905  0.080892  0.150184  0.150476  0.650988  0.176084  0.591204  0.603044  0.659853  0.195100  0.135966  0.459201  0.562142  0.297870  0.255184  0.535272  0.599057 
23  0.485580  0.331177  0.380540  0.534877  0.189981  0.637387  0.710777  0.659840  0.351370  0.204790  0.462947  0.498335  0.436923  0.114207  0.531361  0.442930  0.416968  0.365855  0.506651  0.346788  0.177670  0.111751  0.174423 0.0  0.443990  0.075681  0.404850  0.454684  0.381783  0.134013  0.075681  0.075681  0.075681  0.075681  0.108133  0.103465  0.075681  0.097631  0.158991  0.156095  0.090159  0.181913  0.397369  0.152871  0.429619  0.679359  0.075681  0.148693  0.121896  0.476200  0.110573  0.552309  0.392126  0.576943  0.123492  0.189900  0.472665  0.435605  0.233611  0.075681  0.480620  0.475755 
24  0.465158  0.183881  0.355488  0.248415  0.524365  0.361238  0.271515  0.257029  0.294417  0.421950  0.641157  0.555433  0.615816  0.490276  0.492586  0.250168  0.430535  0.512529  0.555053  0.473727  0.585197  0.534703  0.513993  0.443990 0.0  0.559024  0.733179  0.462139  0.388733  0.446510  0.574114  0.498800  0.544096  0.478719  0.489461  0.426575  0.558963  0.563045  0.552048  0.526640  0.577430  0.587102  0.094094  0.521652  0.443993  0.611889  0.450889  0.538046  0.518450  0.390518  0.627673  0.606553  0.498845  0.614539  0.606021  0.478601  0.223350  0.428958  0.551588  0.421696  0.423540  0.510418 
25  0.503196  0.450886  0.407497  0.662581  0.075681  0.684123  0.669526  0.704319  0.413342  0.289289  0.523286  0.592299  0.636188  0.135779  0.473396  0.454593  0.446325  0.485391  0.526928  0.442211  0.146631  0.137247  0.265364  0.075681  0.559024 0.0  0.428713  0.503766  0.396774  0.075681  0.075681  0.129637  0.076564  0.109561  0.163332  0.255242  0.075681  0.075681  0.076149  0.164090  0.168592  0.187868  0.485985  0.078791  0.453102  0.568232  0.252427  0.075681  0.098147  0.505150  0.094446  0.444788  0.566422  0.543034  0.089144  0.176183  0.392518  0.407221  0.373831  0.075681  0.459285  0.388217 
26  0.075681  0.607765  0.298469  0.594169  0.594248  0.531522  0.679593  0.655872  0.515082  0.555531  0.983635  0.972648  0.136330  0.596381  0.233574  0.547038  0.173937  0.189270  0.283795  0.216519  0.534716  0.404611  0.544185  0.404850  0.733179  0.428713 0.0  0.841704  0.309567  0.576086  0.553745  0.507701  0.434148  0.468945  0.417297  0.566618  0.402660  0.441055  0.539169  0.549441  0.500046  0.521945  0.635452  0.526218  0.319396  0.229744  0.616073  0.430729  0.500463  0.337454  0.497515  0.245647  0.294249  0.346857  0.533907  0.625293  0.398118  0.188954  0.876783  0.464978  0.154997  0.313080 
27  0.807120  0.404849  0.639473  0.552104  0.535139  0.598761  0.706663  0.538039  0.534671  0.620359  0.259867  0.159489  0.902293  0.401389  0.696435  0.467155  0.750080  0.711248  0.713015  0.672320  0.517477  0.560665  0.419444  0.454684  0.462139  0.503766  0.841704 0.0  0.788325  0.465682  0.498863  0.488972  0.555532  0.496948  0.450886  0.534155  0.464131  0.380428  0.415050  0.516782  0.452591  0.524207  0.494377  0.477509  0.742955  0.802963  0.439210  0.376688  0.479669  0.673927  0.509713  0.868256  0.709207  0.898474  0.629463  0.432716  0.654585  0.686980  0.453654  0.497841  0.707485  0.759554 
28  0.149611  0.388727  0.134393  0.252869  0.474430  0.343791  0.422532  0.481618  0.251211  0.361986  0.717433  0.740357  0.407534  0.355218  0.192368  0.376952  0.159627  0.145885  0.075681  0.132655  0.553692  0.507830  0.547279  0.381783  0.388733  0.396774  0.309567  0.788325 0.0  0.521583  0.609809  0.463171  0.423500  0.487578  0.389105  0.371090  0.454492  0.416745  0.287878  0.474072  0.430687  0.463841  0.374612  0.514157  0.147366  0.333754  0.523523  0.508794  0.379395  0.183696  0.612283  0.149584  0.091286  0.285455  0.533060  0.312990  0.116106  0.121090  0.773738  0.381684  0.167536  0.241593 
29  0.494856  0.399714  0.332262  0.515430  0.210937  0.551444  0.710697  0.653325  0.399867  0.228281  0.599907  0.611310  0.599980  0.151540  0.484059  0.504753  0.399583  0.342492  0.405022  0.388545  0.107181  0.128685  0.210368  0.134013  0.446510  0.075681  0.576086  0.465682  0.521583 0.0  0.097384  0.075681  0.154260  0.166317  0.084865  0.075681  0.075681  0.075681  0.075681  0.075681  0.075681  0.105934  0.497141  0.128332  0.519908  0.444967  0.144461  0.075681  0.075681  0.500223  0.189141  0.520803  0.398139  0.459903  0.089743  0.110832  0.520517  0.387337  0.428346  0.215129  0.448530  0.327131 
30  0.454098  0.480553  0.488313  0.520328  0.123343  0.728104  0.696962  0.648159  0.364468  0.216494  0.538024  0.500248  0.491653  0.153180  0.617384  0.598028  0.528612  0.524278  0.499920  0.400941  0.147092  0.142677  0.202742  0.075681  0.574114  0.075681  0.553745  0.498863  0.609809  0.097384 0.0  0.125778  0.162620  0.086971  0.134081  0.094358  0.075681  0.139950  0.216154  0.084964  0.075681  0.093891  0.589279  0.120812  0.472369  0.671229  0.075681  0.075681  0.101853  0.518740  0.147714  0.550916  0.467882  0.576618  0.197615  0.075681  0.472910  0.489018  0.392222  0.138722  0.377952  0.587730 
31  0.363193  0.407386  0.402286  0.592660  0.205575  0.577986  0.646723  0.540451  0.510573  0.155972  0.592659  0.519254  0.419895  0.094608  0.372086  0.399323  0.463458  0.389942  0.485392  0.446563  0.169842  0.075681  0.139728  0.075681  0.498800  0.129637  0.507701  0.488972  0.463171  0.075681  0.125778 0.0  0.165811  0.140519  0.075681  0.075681  0.186226  0.075681  0.075681  0.075681  0.075681  0.126687  0.475079  0.134747  0.505848  0.541845  0.260409  0.140691  0.131693  0.430665  0.112513  0.523019  0.473633  0.547230  0.158661  0.159530  0.447219  0.430510  0.246136  0.075681  0.452427  0.571989 
32  0.405116  0.460796  0.397654  0.550936  0.149634  0.518899  0.690358  0.572980  0.451918  0.075681  0.489419  0.517433  0.493681  0.126539  0.482360  0.418643  0.311484  0.434475  0.406712  0.230909  0.155986  0.090269  0.196421  0.075681  0.544096  0.076564  0.434148  0.555532  0.423500  0.154260  0.162620  0.165811 0.0  0.150088  0.095014  0.086745  0.075681  0.177095  0.092512  0.075681  0.075681  0.145984  0.527565  0.214200  0.441204  0.491526  0.271773  0.223911  0.078593  0.528730  0.077035  0.491948  0.382920  0.517571  0.188377  0.080175  0.410693  0.403437  0.379391  0.082337  0.395848  0.467014 
33  0.425913  0.403803  0.364504  0.614525  0.198836  0.575778  0.615167  0.577974  0.502210  0.177178  0.580250  0.417351  0.546690  0.084318  0.435750  0.482901  0.449076  0.371162  0.494563  0.304550  0.075681  0.075681  0.166477  0.075681  0.478719  0.109561  0.468945  0.496948  0.487578  0.166317  0.086971  0.140519  0.150088 0.0  0.266755  0.153000  0.075681  0.077602  0.103062  0.109765  0.212126  0.136418  0.523555  0.120473  0.449126  0.689137  0.227028  0.118276  0.075681  0.506773  0.108579  0.426135  0.489717  0.616198  0.102998  0.075681  0.489734  0.544654  0.460270  0.165627  0.435119  0.529184 
34  0.354564  0.473398  0.369727  0.483816  0.125743  0.655821  0.638446  0.612813  0.429846  0.102837  0.621133  0.539615  0.530390  0.109580  0.372136  0.457250  0.416728  0.407318  0.454800  0.391460  0.249576  0.075681  0.216763  0.108133  0.489461  0.163332  0.417297  0.450886  0.389105  0.084865  0.134081  0.075681  0.095014  0.266755 0.0  0.075681  0.110856  0.141287  0.116359  0.075681  0.167493  0.177083  0.470204  0.142440  0.442855  0.456219  0.166449  0.075681  0.167928  0.398787  0.226573  0.538465  0.432445  0.497156  0.118882  0.178096  0.518370  0.532929  0.390965  0.152424  0.373446  0.430600 
35  0.509339  0.403455  0.405750  0.495675  0.221939  0.589790  0.654476  0.630621  0.437715  0.075681  0.534381  0.583694  0.487609  0.263037  0.495843  0.408296  0.473542  0.323657  0.433811  0.564582  0.093857  0.168286  0.250437  0.103465  0.426575  0.255242  0.566618  0.534155  0.371090  0.075681  0.094358  0.075681  0.086745  0.153000  0.075681 0.0  0.099413  0.096779  0.100985  0.081590  0.121984  0.116406  0.432644  0.075681  0.429821  0.499844  0.212357  0.137885  0.087034  0.494249  0.147189  0.420783  0.476996  0.596066  0.125796  0.112000  0.484128  0.421213  0.402024  0.075681  0.423543  0.351039 
36  0.499825  0.413511  0.368910  0.641526  0.184420  0.713132  0.544586  0.558333  0.397987  0.196813  0.628645  0.528220  0.352850  0.075681  0.430056  0.401285  0.501036  0.379748  0.495787  0.487519  0.097623  0.075681  0.197663  0.075681  0.558963  0.075681  0.402660  0.464131  0.454492  0.075681  0.075681  0.186226  0.075681  0.075681  0.110856  0.099413 0.0  0.075681  0.075681  0.075681  0.108117  0.177037  0.466092  0.113033  0.491289  0.524679  0.075681  0.075681  0.177189  0.488436  0.146607  0.393365  0.427251  0.606600  0.075681  0.238997  0.402212  0.447472  0.421074  0.105707  0.532772  0.496532 
37  0.387915  0.375880  0.449108  0.484509  0.076192  0.609505  0.689078  0.645851  0.442761  0.228227  0.498873  0.566840  0.453328  0.133114  0.440427  0.471380  0.322021  0.456583  0.507341  0.424229  0.240015  0.136675  0.190572  0.097631  0.563045  0.075681  0.441055  0.380428  0.416745  0.075681  0.139950  0.075681  0.177095  0.077602  0.141287  0.096779  0.075681 0.0  0.100533  0.075681  0.110874  0.156548  0.451448  0.152034  0.373028  0.553317  0.280084  0.111917  0.075681  0.513402  0.099469  0.422005  0.452946  0.505967  0.089857  0.104305  0.520229  0.444982  0.442218  0.091433  0.352139  0.435758 
38  0.374892  0.487035  0.474480  0.486388  0.141284  0.596901  0.576343  0.560328  0.421344  0.238339  0.621342  0.423309  0.549377  0.130730  0.538030  0.299409  0.429302  0.337444  0.492262  0.393838  0.145808  0.183774  0.223620  0.158991  0.552048  0.076149  0.539169  0.415050  0.287878  0.075681  0.216154  0.075681  0.092512  0.103062  0.116359  0.100985  0.075681  0.100533 0.0  0.075681  0.084298  0.088471  0.455972  0.163015  0.554260  0.524873  0.171272  0.130664  0.078783  0.511561  0.235826  0.356057  0.352912  0.568851  0.075681  0.098549  0.488735  0.482412  0.345014  0.075681  0.413916  0.474056 
39  0.479617  0.501252  0.477813  0.443872  0.160888  0.708917  0.643000  0.646886  0.394045  0.168821  0.545468  0.510117  0.469847  0.169673  0.410265  0.465875  0.332228  0.435365  0.472677  0.449619  0.126694  0.130632  0.203866  0.156095  0.526640  0.164090  0.549441  0.516782  0.474072  0.075681  0.084964  0.075681  0.075681  0.109765  0.075681  0.081590  0.075681  0.075681  0.075681 0.0  0.075681  0.132203  0.479847  0.169812  0.450433  0.603807  0.150142  0.075681  0.075681  0.578823  0.219847  0.384182  0.374183  0.606521  0.203216  0.130362  0.577321  0.390046  0.312941  0.075681  0.461483  0.503203 
40  0.442867  0.486451  0.556092  0.499983  0.120918  0.599329  0.649892  0.549757  0.560124  0.089264  0.476262  0.568044  0.509507  0.147868  0.502968  0.437152  0.500441  0.419119  0.431381  0.392171  0.115398  0.092895  0.268274  0.090159  0.577430  0.168592  0.500046  0.452591  0.430687  0.075681  0.075681  0.075681  0.075681  0.212126  0.167493  0.121984  0.108117  0.110874  0.084298  0.075681 0.0  0.193086  0.491027  0.075681  0.400722  0.474036  0.108843  0.078836  0.108068  0.464499  0.136096  0.510470  0.465200  0.631471  0.075681  0.118121  0.467534  0.436804  0.371214  0.075681  0.423269  0.425093 
41  0.483304  0.607839  0.459355  0.630881  0.088232  0.624749  0.745343  0.673729  0.535152  0.160076  0.520056  0.453533  0.515666  0.124958  0.628566  0.456846  0.558933  0.424545  0.588383  0.500399  0.109915  0.096654  0.211795  0.181913  0.587102  0.187868  0.521945  0.524207  0.463841  0.105934  0.093891  0.126687  0.145984  0.136418  0.177083  0.116406  0.177037  0.156548  0.088471  0.132203  0.193086 0.0  0.545317  0.151932  0.507090  0.596042  0.082588  0.075681  0.221756  0.641847  0.093333  0.513836  0.482203  0.696153  0.109525  0.166801  0.617201  0.641134  0.324613  0.162700  0.474310  0.565006 
42  0.528347  0.166042  0.391439  0.177140  0.520088  0.364435  0.337856  0.271447  0.351339  0.587841  0.671264  0.675755  0.648494  0.566118  0.519743  0.104634  0.435776  0.426404  0.496463  0.544686  0.617809  0.642892  0.516805  0.397369  0.094094  0.485985  0.635452  0.494377  0.374612  0.497141  0.589279  0.475079  0.527565  0.523555  0.470204  0.432644  0.466092  0.451448  0.455972  0.479847  0.491027  0.545317 0.0  0.444588  0.489608  0.721573  0.473052  0.612331  0.534811  0.432394  0.455735  0.424441  0.479482  0.527203  0.512073  0.593897  0.306814  0.332223  0.657617  0.583148  0.466521  0.489475 
43  0.609516  0.470685  0.497241  0.581147  0.164338  0.626236  0.626494  0.674805  0.512083  0.207914  0.482340  0.472309  0.543157  0.260854  0.568786  0.553735  0.400668  0.440439  0.595305  0.406413  0.196556  0.149796  0.075681  0.152871  0.521652  0.078791  0.526218  0.477509  0.514157  0.128332  0.120812  0.134747  0.214200  0.120473  0.142440  0.075681  0.113033  0.152034  0.163015  0.169812  0.075681  0.151932  0.444588 0.0  0.594181  0.609504  0.184206  0.075681  0.081257  0.568957  0.137781  0.633771  0.581115  0.566036  0.079000  0.075681  0.572738  0.527567  0.301807  0.170748  0.507260  0.620104 
44  0.262574  0.386361  0.130043  0.298813  0.689790  0.388418  0.418531  0.335910  0.296222  0.430278  0.805647  0.917536  0.301828  0.529631  0.075681  0.479869  0.241496  0.109347  0.097048  0.165307  0.687080  0.491636  0.635078  0.429619  0.443993  0.453102  0.319396  0.742955  0.147366  0.519908  0.472369  0.505848  0.441204  0.449126  0.442855  0.429821  0.491289  0.373028  0.554260  0.450433  0.400722  0.507090  0.489608  0.594181 0.0  0.200836  0.590580  0.536162  0.544692  0.127066  0.557630  0.168299  0.173220  0.180726  0.488016  0.509942  0.146987  0.118181  0.821852  0.553663  0.250813  0.184264 
45  0.306405  0.642001  0.291594  0.533060  0.592511  0.602829  0.604127  0.609433  0.434545  0.513940  0.964366  1.000000  0.202211  0.418164  0.213967  0.509043  0.197698  0.222481  0.204926  0.316269  0.531782  0.522469  0.606905  0.679359  0.611889  0.568232  0.229744  0.802963  0.333754  0.444967  0.671229  0.541845  0.491526  0.689137  0.456219  0.499844  0.524679  0.553317  0.524873  0.603807  0.474036  0.596042  0.721573  0.609504  0.200836 0.0  0.678338  0.641482  0.622479  0.286964  0.609718  0.189707  0.218435  0.270178  0.654433  0.570454  0.424226  0.386421  0.813275  0.567037  0.245563  0.226369 
46  0.495041  0.402046  0.581812  0.597106  0.140040  0.776784  0.662830  0.744893  0.552164  0.242276  0.519997  0.468184  0.556948  0.075681  0.583091  0.480713  0.446967  0.489620  0.468600  0.438399  0.075681  0.075681  0.080892  0.075681  0.450889  0.252427  0.616073  0.439210  0.523523  0.144461  0.075681  0.260409  0.271773  0.227028  0.166449  0.212357  0.075681  0.280084  0.171272  0.150142  0.108843  0.082588  0.473052  0.184206  0.590580  0.678338 0.0  0.075681  0.131580  0.557557  0.098008  0.523522  0.497953  0.543848  0.085780  0.078361  0.428339  0.500252  0.279502  0.084854  0.513594  0.608635 
47  0.473891  0.537207  0.458504  0.573891  0.174655  0.671347  0.593433  0.662936  0.603825  0.161420  0.475967  0.550961  0.536619  0.136420  0.512701  0.439521  0.485329  0.414979  0.581473  0.415135  0.124290  0.080518  0.150184  0.148693  0.538046  0.075681  0.430729  0.376688  0.508794  0.075681  0.075681  0.140691  0.223911  0.118276  0.075681  0.137885  0.075681  0.111917  0.130664  0.075681  0.078836  0.075681  0.612331  0.075681  0.536162  0.641482  0.075681 0.0  0.219153  0.523020  0.224621  0.467794  0.533946  0.663278  0.099757  0.098913  0.548311  0.555859  0.362301  0.079547  0.551775  0.551433 
48  0.476537  0.494896  0.512924  0.549650  0.075681  0.633625  0.723271  0.717549  0.423278  0.180412  0.597135  0.470276  0.490420  0.117229  0.424012  0.404906  0.417849  0.385503  0.495431  0.493557  0.166190  0.075681  0.150476  0.121896  0.518450  0.098147  0.500463  0.479669  0.379395  0.075681  0.101853  0.131693  0.078593  0.075681  0.167928  0.087034  0.177189  0.075681  0.078783  0.075681  0.108068  0.221756  0.534811  0.081257  0.544692  0.622479  0.131580  0.219153 0.0  0.451685  0.198863  0.463431  0.491891  0.724060  0.156611  0.269003  0.388553  0.379711  0.329193  0.075681  0.504842  0.444799 
49  0.230582  0.387228  0.097605  0.220054  0.677449  0.279671  0.412599  0.544423  0.222056  0.446765  0.809958  0.771929  0.379799  0.461082  0.160233  0.331999  0.222801  0.122359  0.236819  0.144762  0.597265  0.542174  0.650988  0.476200  0.390518  0.505150  0.337454  0.673927  0.183696  0.500223  0.518740  0.430665  0.528730  0.506773  0.398787  0.494249  0.488436  0.513402  0.511561  0.578823  0.464499  0.641847  0.432394  0.568957  0.127066  0.286964  0.557557  0.523020  0.451685 0.0  0.682383  0.222660  0.175412  0.176180  0.603164  0.580112  0.083215  0.089641  0.657955  0.393833  0.165051  0.115917 
50  0.600849  0.531771  0.536310  0.583740  0.083242  0.819504  0.808531  0.738474  0.613313  0.177284  0.587286  0.643055  0.564106  0.075681  0.473931  0.481135  0.392093  0.527961  0.448333  0.472343  0.096222  0.133069  0.176084  0.110573  0.627673  0.094446  0.497515  0.509713  0.612283  0.189141  0.147714  0.112513  0.077035  0.108579  0.226573  0.147189  0.146607  0.099469  0.235826  0.219847  0.136096  0.093333  0.455735  0.137781  0.557630  0.609718  0.098008  0.224621  0.198863  0.682383 0.0  0.621651  0.545452  0.561532  0.225514  0.111965  0.483482  0.518625  0.265261  0.113124  0.516521  0.574546 
51  0.083962  0.484335  0.075681  0.381579  0.485200  0.451250  0.457440  0.436404  0.230855  0.333192  0.824352  0.943147  0.352050  0.474295  0.100433  0.293209  0.132965  0.189819  0.075681  0.185554  0.551029  0.547591  0.591204  0.552309  0.606553  0.444788  0.245647  0.868256  0.149584  0.520803  0.550916  0.523019  0.491948  0.426135  0.538465  0.420783  0.393365  0.422005  0.356057  0.384182  0.510470  0.513836  0.424441  0.633771  0.168299  0.189707  0.523522  0.467794  0.463431  0.222660  0.621651 0.0  0.075681  0.223397  0.513456  0.522414  0.234886  0.154939  0.693572  0.455101  0.078025  0.096086 
52  0.075681  0.443268  0.121245  0.292246  0.372099  0.411529  0.445633  0.442641  0.252429  0.347202  0.841526  0.967887  0.183118  0.400703  0.075681  0.319476  0.075681  0.138060  0.090898  0.160665  0.524928  0.547984  0.603044  0.392126  0.498845  0.566422  0.294249  0.709207  0.091286  0.398139  0.467882  0.473633  0.382920  0.489717  0.432445  0.476996  0.427251  0.452946  0.352912  0.374183  0.465200  0.482203  0.479482  0.581115  0.173220  0.218435  0.497953  0.533946  0.491891  0.175412  0.545452  0.075681 0.0  0.187800  0.488490  0.524798  0.184525  0.112715  0.782192  0.432899  0.075681  0.178040 
53  0.329393  0.487485  0.263083  0.376620  0.656447  0.432831  0.495818  0.600917  0.354405  0.402766  0.869788  0.922781  0.254876  0.627675  0.300337  0.576714  0.234545  0.234313  0.283171  0.293416  0.590631  0.500099  0.659853  0.576943  0.614539  0.543034  0.346857  0.898474  0.285455  0.459903  0.576618  0.547230  0.517571  0.616198  0.497156  0.596066  0.606600  0.505967  0.568851  0.606521  0.631471  0.696153  0.527203  0.566036  0.180726  0.270178  0.543848  0.663278  0.724060  0.176180  0.561532  0.223397  0.187800 0.0  0.661646  0.615840  0.332433  0.255191  0.847360  0.561794  0.223761  0.098764 
54  0.476078  0.550012  0.483928  0.644610  0.075681  0.645099  0.621831  0.694254  0.429029  0.229598  0.413227  0.558267  0.360979  0.159518  0.530670  0.407112  0.503619  0.498231  0.456998  0.503013  0.075681  0.075681  0.195100  0.123492  0.606021  0.089144  0.533907  0.629463  0.533060  0.089743  0.197615  0.158661  0.188377  0.102998  0.118882  0.125796  0.075681  0.089857  0.075681  0.203216  0.075681  0.109525  0.512073  0.079000  0.488016  0.654433  0.085780  0.099757  0.156611  0.603164  0.225514  0.513456  0.488490  0.661646 0.0  0.114355  0.424037  0.541979  0.237682  0.142553  0.479687  0.497962 
55  0.640494  0.447108  0.399375  0.490580  0.075681  0.534216  0.711592  0.636880  0.412151  0.172432  0.491219  0.565867  0.518598  0.297538  0.416859  0.525482  0.406041  0.548872  0.489265  0.455215  0.118173  0.075681  0.135966  0.189900  0.478601  0.176183  0.625293  0.432716  0.312990  0.110832  0.075681  0.159530  0.080175  0.075681  0.178096  0.112000  0.238997  0.104305  0.098549  0.130362  0.118121  0.166801  0.593897  0.075681  0.509942  0.570454  0.078361  0.098913  0.269003  0.580112  0.111965  0.522414  0.524798  0.615840  0.114355 0.0  0.565462  0.454399  0.267304  0.106933  0.521601  0.439448 
56  0.278702  0.345591  0.186143  0.190907  0.469301  0.214533  0.341424  0.363012  0.125272  0.362253  0.737287  0.711914  0.439140  0.356535  0.263056  0.331611  0.261126  0.219288  0.273647  0.191079  0.555544  0.422777  0.459201  0.472665  0.223350  0.392518  0.398118  0.654585  0.116106  0.520517  0.472910  0.447219  0.410693  0.489734  0.518370  0.484128  0.402212  0.520229  0.488735  0.577321  0.467534  0.617201  0.306814  0.572738  0.146987  0.424226  0.428339  0.548311  0.388553  0.083215  0.483482  0.234886  0.184525  0.332433  0.424037  0.565462 0.0  0.192381  0.769866  0.423465  0.276477  0.228554 
57  0.277348  0.258670  0.178801  0.310004  0.515209  0.360865  0.328890  0.409018  0.075681  0.439378  0.873894  0.788658  0.395164  0.431357  0.115155  0.300810  0.167057  0.274748  0.109531  0.175963  0.460349  0.409300  0.562142  0.435605  0.428958  0.407221  0.188954  0.686980  0.121090  0.387337  0.489018  0.430510  0.403437  0.544654  0.532929  0.421213  0.447472  0.444982  0.482412  0.390046  0.436804  0.641134  0.332223  0.527567  0.118181  0.386421  0.500252  0.555859  0.379711  0.089641  0.518625  0.154939  0.112715  0.255191  0.541979  0.454399  0.192381 0.0  0.712072  0.535836  0.231788  0.352199 
58  0.748968  0.558631  0.719770  0.702461  0.181760  0.813365  0.752295  0.778008  0.612753  0.348574  0.274620  0.264730  0.820161  0.267716  0.766199  0.527204  0.714834  0.779102  0.667751  0.669938  0.382414  0.318913  0.297870  0.233611  0.551588  0.373831  0.876783  0.453654  0.773738  0.428346  0.392222  0.246136  0.379391  0.460270  0.390965  0.402024  0.421074  0.442218  0.345014  0.312941  0.371214  0.324613  0.657617  0.301807  0.821852  0.813275  0.279502  0.362301  0.329193  0.657955  0.265261  0.693572  0.782192  0.847360  0.237682  0.267304  0.769866  0.712072 0.0  0.409373  0.730302  0.642415 
59  0.356955  0.386229  0.433919  0.588040  0.132166  0.674976  0.604207  0.655863  0.400522  0.128806  0.603760  0.414252  0.419126  0.160586  0.487126  0.346945  0.501140  0.423766  0.357732  0.364515  0.182043  0.147240  0.255184  0.075681  0.421696  0.075681  0.464978  0.497841  0.381684  0.215129  0.138722  0.075681  0.082337  0.165627  0.152424  0.075681  0.105707  0.091433  0.075681  0.075681  0.075681  0.162700  0.583148  0.170748  0.553663  0.567037  0.084854  0.079547  0.075681  0.393833  0.113124  0.455101  0.432899  0.561794  0.142553  0.106933  0.423465  0.535836  0.409373 0.0  0.414206  0.577805 
60  0.075681  0.554445  0.176476  0.353416  0.501486  0.465280  0.416304  0.487249  0.375131  0.298729  0.873015  0.802361  0.216569  0.455837  0.117096  0.356378  0.163786  0.187361  0.160690  0.185670  0.550094  0.549841  0.535272  0.480620  0.423540  0.459285  0.154997  0.707485  0.167536  0.448530  0.377952  0.452427  0.395848  0.435119  0.373446  0.423543  0.532772  0.352139  0.413916  0.461483  0.423269  0.474310  0.466521  0.507260  0.250813  0.245563  0.513594  0.551775  0.504842  0.165051  0.516521  0.078025  0.075681  0.223761  0.479687  0.521601  0.276477  0.231788  0.730302  0.414206 0.0  0.077935 
61  0.075681  0.462106  0.075681  0.372939  0.508037  0.356030  0.391884  0.495363  0.307517  0.414143  0.880654  0.912267  0.371940  0.437412  0.075681  0.469040  0.097081  0.175801  0.161836  0.134513  0.532395  0.443413  0.599057  0.475755  0.510418  0.388217  0.313080  0.759554  0.241593  0.327131  0.587730  0.571989  0.467014  0.529184  0.430600  0.351039  0.496532  0.435758  0.474056  0.503203  0.425093  0.565006  0.489475  0.620104  0.184264  0.226369  0.608635  0.551433  0.444799  0.115917  0.574546  0.096086  0.178040  0.098764  0.497962  0.439448  0.228554  0.352199  0.642415  0.577805  0.077935 0.0 
