62
0 0.0  0.470278  0.258988  0.455977  0.512228  0.390777  0.513501  0.544193  0.221555  0.468615  0.826682  0.797479  0.256502  0.478046  0.199614  0.455611  0.117960  0.073965  0.080191  0.098585  0.447713  0.551505  0.578196  0.325249  0.488627  0.560112  0.264261  0.760939  0.282863  0.403517  0.465553  0.406659  0.392439  0.359689  0.376043  0.332311  0.354800  0.434977  0.466090  0.525142  0.476942  0.560742  0.488575  0.495158  0.255159  0.215833  0.585537  0.458981  0.412390  0.209083  0.470559  0.104191  0.194850  0.311906  0.468195  0.396255  0.238536  0.288855  0.690253  0.567315  0.117449  0.120125 
1  0.470278 0.0  0.450632  0.272223  0.362782  0.263485  0.290575  0.298840  0.322212  0.320443  0.523730  0.527717  0.723806  0.429345  0.466350  0.148882  0.529773  0.439976  0.435451  0.431667  0.454874  0.537483  0.502119  0.428515  0.073965  0.515213  0.655760  0.529952  0.396031  0.560896  0.344007  0.406343  0.369596  0.402940  0.378720  0.416570  0.500632  0.403789  0.546274  0.497530  0.462370  0.605082  0.202809  0.528611  0.310751  0.658580  0.572546  0.402125  0.405957  0.433582  0.519876  0.447467  0.489960  0.638844  0.501189  0.563878  0.446428  0.303539  0.569919  0.546920  0.383265  0.343732 
2  0.258988  0.450632 0.0  0.225262  0.461179  0.377608  0.424507  0.513945  0.147052  0.358212  0.684626  0.857814  0.335805  0.347360  0.133833  0.371013  0.155255  0.086235  0.200233  0.088118  0.471909  0.428969  0.587186  0.479233  0.336016  0.415563  0.326884  0.815732  0.147034  0.371754  0.555780  0.378610  0.403108  0.485243  0.533293  0.365876  0.499161  0.484617  0.436749  0.408116  0.662641  0.384081  0.429189  0.425038  0.129490  0.297402  0.378742  0.652273  0.469664  0.073965  0.505343  0.162844  0.165833  0.265362  0.608461  0.390109  0.153731  0.143748  0.717043  0.591908  0.073965  0.170519 
3  0.455977  0.272223  0.225262 0.0  0.576613  0.237179  0.191445  0.226402  0.208721  0.485086  0.694871  0.664215  0.600802  0.546225  0.456539  0.180233  0.357868  0.375092  0.350433  0.361665  0.586590  0.630573  0.572376  0.580701  0.237770  0.624462  0.634115  0.692814  0.133472  0.524314  0.601183  0.536569  0.503954  0.615055  0.629631  0.621873  0.645792  0.516270  0.596447  0.427907  0.492025  0.543444  0.278717  0.524312  0.368122  0.479768  0.633659  0.672911  0.618424  0.196577  0.680804  0.232466  0.269441  0.404358  0.594493  0.591464  0.217171  0.282001  0.764007  0.572033  0.451578  0.280965 
4  0.512228  0.362782  0.461179  0.576613 0.0  0.803083  0.703305  0.741063  0.551753  0.121657  0.443468  0.543044  0.553971  0.161413  0.433881  0.522966  0.533654  0.485058  0.502997  0.473215  0.073965  0.169782  0.169986  0.082553  0.553148  0.073965  0.652029  0.488802  0.415964  0.154400  0.073965  0.278680  0.160603  0.192453  0.198832  0.073965  0.086617  0.086837  0.249809  0.150631  0.169100  0.073965  0.663888  0.135732  0.595954  0.669571  0.075701  0.073965  0.087310  0.664976  0.073965  0.528672  0.520888  0.641640  0.122666  0.179369  0.389295  0.495131  0.341615  0.134442  0.460919  0.453066 
5  0.390777  0.263485  0.377608  0.237179  0.803083 0.0  0.073965  0.161217  0.265781  0.497077  0.740614  0.723621  0.633702  0.548808  0.299774  0.355342  0.437557  0.576591  0.414368  0.506857  0.831694  0.696089  0.664652  0.644318  0.310919  0.606481  0.570579  0.588996  0.350050  0.630161  0.693396  0.501146  0.625042  0.534691  0.641537  0.634073  0.710008  0.645657  0.656804  0.693320  0.630680  0.737808  0.243572  0.771699  0.339293  0.570999  0.711447  0.653448  0.608193  0.306969  0.688197  0.465617  0.423550  0.362263  0.716025  0.652753  0.276266  0.265404  0.810370  0.534735  0.286854  0.404978 
6  0.513501  0.290575  0.424507  0.191445  0.703305  0.073965 0.0  0.073965  0.372822  0.625807  0.752682  0.778982  0.652991  0.580181  0.567630  0.337775  0.449922  0.462651  0.453248  0.524192  0.710742  0.792568  0.671398  0.605742  0.244001  0.537967  0.630863  0.688132  0.374361  0.654205  0.688143  0.518125  0.584717  0.560271  0.720348  0.543493  0.730208  0.723477  0.657414  0.589882  0.546026  0.664623  0.295455  0.744081  0.412330  0.621138  0.680112  0.692275  0.671309  0.369663  0.768827  0.427439  0.385009  0.435231  0.646169  0.776415  0.245420  0.308756  0.793644  0.729951  0.553797  0.357851 
7  0.544193  0.298840  0.513945  0.226402  0.741063  0.161217  0.073965 0.0  0.254092  0.623810  0.767960  0.759185  0.721409  0.617555  0.402923  0.283845  0.627065  0.491372  0.509649  0.413566  0.727765  0.711108  0.669585  0.546331  0.214568  0.609726  0.653151  0.586583  0.396035  0.671405  0.632076  0.624794  0.618465  0.590972  0.611108  0.544569  0.739011  0.626544  0.642939  0.563026  0.509709  0.698671  0.245322  0.746208  0.453662  0.683061  0.679392  0.729125  0.672941  0.440938  0.744289  0.589118  0.493591  0.590183  0.638043  0.740436  0.465236  0.421293  0.733428  0.673120  0.623848  0.526048 
8  0.221555  0.322212  0.147052  0.208721  0.551753  0.265781  0.372822  0.254092 0.0  0.378980  0.786925  0.712434  0.478285  0.463351  0.250807  0.170490  0.290027  0.303975  0.332303  0.377740  0.422778  0.406835  0.550009  0.336617  0.330233  0.440618  0.484477  0.601216  0.185047  0.492935  0.447813  0.451384  0.438818  0.503368  0.307550  0.408025  0.565016  0.335433  0.422806  0.453417  0.468069  0.429078  0.350330  0.470831  0.236493  0.372116  0.428836  0.449125  0.489017  0.232688  0.416641  0.264181  0.150199  0.262293  0.474240  0.431460  0.166019  0.151922  0.661318  0.429255  0.244582  0.280416 
9  0.468615  0.320443  0.358212  0.485086  0.121657  0.497077  0.625807  0.623810  0.378980 0.0  0.496013  0.615425  0.466173  0.120741  0.330270  0.373275  0.373989  0.389805  0.473391  0.298875  0.185295  0.101427  0.147942  0.217100  0.441376  0.216262  0.388662  0.463143  0.350784  0.096166  0.226989  0.093564  0.130585  0.209915  0.073965  0.232704  0.073965  0.204124  0.073965  0.122926  0.188864  0.146233  0.407382  0.130087  0.419000  0.419539  0.173699  0.156568  0.073965  0.435824  0.251550  0.486357  0.371634  0.553504  0.116902  0.148291  0.422276  0.342461  0.395330  0.174579  0.312997  0.375345 
10  0.826682  0.523730  0.684626  0.694871  0.443468  0.740614  0.752682  0.767960  0.786925  0.496013 0.0  0.184637  0.991933  0.492830  0.761587  0.536702  0.846403  0.856164  0.783213  0.794987  0.579692  0.512140  0.417525  0.525149  0.627947  0.462013  0.908308  0.248622  0.695903  0.477801  0.520106  0.518461  0.601732  0.607228  0.447810  0.482866  0.542804  0.465357  0.455597  0.477710  0.523447  0.452510  0.600101  0.396011  0.945518  0.975575  0.495301  0.483263  0.575908  0.847208  0.486967  0.902860  0.854173  0.979827  0.462921  0.520384  0.784414  0.701202  0.315768  0.507507  0.853874  0.852842 
11  0.797479  0.527717  0.857814  0.664215  0.543044  0.723621  0.778982  0.759185  0.712434  0.615425  0.184637 0.0  0.883746  0.476952  0.815215  0.501103  0.858556  0.791654  0.816715  0.831050  0.662079  0.547886  0.423627  0.609649  0.577512  0.452051  1.000000  0.136271  0.745223  0.562346  0.367710  0.546785  0.665237  0.602481  0.446198  0.582019  0.544120  0.516537  0.462926  0.491420  0.517568  0.512256  0.479100  0.489469  0.936170  0.944947  0.507828  0.589595  0.456098  0.882824  0.680474  0.882663  0.776412  0.844402  0.635667  0.454891  0.626633  0.662379  0.186801  0.408656  0.776017  0.962137 
12  0.256502  0.723806  0.335805  0.600802  0.553971  0.633702  0.652991  0.721409  0.478285  0.466173  0.991933  0.883746 0.0  0.484835  0.311750  0.522942  0.208514  0.329904  0.231467  0.167013  0.543120  0.526529  0.531687  0.470897  0.615197  0.505435  0.175485  0.810801  0.315250  0.520656  0.543160  0.452154  0.532500  0.533135  0.438430  0.545240  0.602643  0.453988  0.585972  0.560588  0.549850  0.490945  0.650227  0.436710  0.314645  0.134629  0.485146  0.557651  0.523794  0.318316  0.528226  0.232674  0.269455  0.315701  0.564096  0.518152  0.517193  0.480956  0.837123  0.538826  0.323905  0.270959 
13  0.478046  0.429345  0.347360  0.546225  0.161413  0.548808  0.580181  0.617555  0.463351  0.120741  0.492830  0.476952  0.484835 0.0  0.352180  0.341512  0.556510  0.406928  0.471843  0.391946  0.196496  0.159532  0.073965  0.087020  0.363580  0.123218  0.446572  0.419804  0.460713  0.195084  0.087517  0.079499  0.207124  0.117783  0.137059  0.073965  0.073965  0.204743  0.118577  0.103493  0.077781  0.145271  0.490755  0.073965  0.570389  0.470187  0.159307  0.167803  0.084448  0.519047  0.246304  0.464799  0.442452  0.594132  0.132372  0.093859  0.491335  0.533133  0.442883  0.182670  0.339153  0.442211 
14  0.199614  0.466350  0.133833  0.456539  0.433881  0.299774  0.567630  0.402923  0.250807  0.330270  0.761587  0.815215  0.311750  0.352180 0.0  0.347913  0.230566  0.150548  0.073965  0.073965  0.429439  0.412567  0.595139  0.381827  0.507473  0.436509  0.228740  0.751861  0.096656  0.352498  0.550845  0.422499  0.341103  0.550331  0.537457  0.357866  0.420710  0.463667  0.465314  0.494635  0.499686  0.542548  0.388554  0.439183  0.168693  0.369858  0.572533  0.538815  0.536735  0.081556  0.495790  0.103560  0.094141  0.132498  0.517371  0.493401  0.248514  0.163570  0.752710  0.427148  0.156232  0.208527 
15  0.455611  0.148882  0.371013  0.180233  0.522966  0.355342  0.337775  0.283845  0.170490  0.373275  0.536702  0.501103  0.522942  0.341512  0.347913 0.0  0.388691  0.441371  0.397557  0.417674  0.430395  0.469638  0.514296  0.530549  0.163311  0.415967  0.584886  0.456852  0.271807  0.476174  0.420054  0.335209  0.567788  0.507290  0.330326  0.462309  0.392752  0.546884  0.388790  0.391575  0.309174  0.493454  0.076933  0.450232  0.373578  0.594833  0.457979  0.373450  0.477243  0.369087  0.563102  0.343051  0.435338  0.514255  0.462290  0.408451  0.209045  0.269473  0.564293  0.473815  0.396695  0.425538 
16  0.117960  0.529773  0.155255  0.357868  0.533654  0.437557  0.449922  0.627065  0.290027  0.373989  0.846403  0.858556  0.208514  0.556510  0.230566  0.388691 0.0  0.159230  0.073965  0.146761  0.545160  0.478649  0.584297  0.320778  0.548839  0.393570  0.279766  0.717282  0.250643  0.480428  0.490441  0.364577  0.379952  0.440904  0.432227  0.406397  0.425566  0.478542  0.549130  0.418698  0.403484  0.522081  0.562162  0.487652  0.202617  0.218779  0.447300  0.570326  0.416019  0.244867  0.489021  0.171279  0.135710  0.089037  0.497945  0.524295  0.220324  0.245049  0.712966  0.426791  0.148941  0.073965 
17  0.073965  0.439976  0.086235  0.375092  0.485058  0.576591  0.462651  0.491372  0.303975  0.389805  0.856164  0.791654  0.329904  0.406928  0.150548  0.441371  0.159230 0.0  0.090212  0.090954  0.507256  0.336996  0.507539  0.378066  0.491935  0.306431  0.227662  0.730734  0.285598  0.435962  0.508621  0.437590  0.417365  0.458922  0.385364  0.374575  0.490043  0.425992  0.317437  0.466786  0.332207  0.485443  0.470337  0.344098  0.145197  0.277627  0.580668  0.433019  0.413041  0.254969  0.563786  0.180935  0.311690  0.270850  0.458355  0.521670  0.206230  0.240795  0.686899  0.436092  0.073965  0.108582 
18  0.080191  0.435451  0.200233  0.350433  0.502997  0.414368  0.453248  0.509649  0.332303  0.473391  0.783213  0.816715  0.231467  0.471843  0.073965  0.397557  0.073965  0.090212 0.0  0.073965  0.632943  0.528926  0.522567  0.449684  0.470015  0.446435  0.189929  0.755771  0.122450  0.447456  0.591074  0.407738  0.309555  0.438419  0.281655  0.326282  0.443210  0.445771  0.410838  0.456679  0.465973  0.438070  0.376449  0.547218  0.136940  0.205607  0.521892  0.560302  0.369185  0.170600  0.506230  0.198838  0.110062  0.184937  0.514405  0.256701  0.172171  0.267311  0.757101  0.449253  0.073965  0.073965 
19  0.098585  0.431667  0.088118  0.361665  0.473215  0.506857  0.524192  0.413566  0.377740  0.298875  0.794987  0.831050  0.167013  0.391946  0.073965  0.417674  0.146761  0.090954  0.073965 0.0  0.429437  0.509342  0.535999  0.400602  0.485472  0.377643  0.237541  0.643579  0.298438  0.378249  0.425360  0.418854  0.348955  0.377058  0.374980  0.448481  0.359392  0.413708  0.376043  0.473544  0.404019  0.522117  0.499995  0.455155  0.184202  0.244507  0.456623  0.424777  0.427764  0.231991  0.483658  0.106394  0.199852  0.174880  0.473893  0.428554  0.246069  0.148622  0.718082  0.518907  0.073965  0.073965 
20  0.447713  0.454874  0.471909  0.586590  0.073965  0.831694  0.710742  0.727765  0.422778  0.185295  0.579692  0.662079  0.543120  0.196496  0.429439  0.430395  0.545160  0.507256  0.632943  0.429437 0.0  0.186726  0.176606  0.104551  0.550186  0.152994  0.464329  0.469358  0.533623  0.164675  0.134301  0.091881  0.208239  0.073965  0.191371  0.227778  0.185422  0.117375  0.214166  0.165691  0.073965  0.073965  0.586518  0.152921  0.647109  0.561755  0.206327  0.113427  0.200802  0.634344  0.163090  0.527242  0.513512  0.629943  0.078081  0.073965  0.558835  0.585578  0.288583  0.105981  0.525294  0.519986 
21  0.551505  0.537483  0.428969  0.630573  0.169782  0.696089  0.792568  0.711108  0.406835  0.101427  0.512140  0.547886  0.526529  0.159532  0.412567  0.469638  0.478649  0.336996  0.528926  0.509342  0.186726 0.0  0.118204  0.123959  0.539053  0.073965  0.519055  0.472230  0.350178  0.073965  0.073965  0.075315  0.112738  0.073965  0.127452  0.173950  0.159935  0.103920  0.181533  0.199660  0.073965  0.120904  0.464780  0.134757  0.524496  0.533263  0.073965  0.148332  0.075292  0.506464  0.228845  0.419872  0.517992  0.642026  0.073965  0.075504  0.425982  0.492628  0.254785  0.137196  0.446862  0.517763 
22  0.578196  0.502119  0.587186  0.572376  0.169986  0.664652  0.671398  0.669585  0.550009  0.147942  0.417525  0.423627  0.531687  0.073965  0.595139  0.514296  0.584297  0.507539  0.522567  0.535999  0.176606  0.118204 0.0  0.185768  0.618600  0.153483  0.604145  0.426835  0.614193  0.279775  0.150486  0.203045  0.199438  0.156846  0.238405  0.164194  0.185441  0.111590  0.156660  0.196192  0.233875  0.073965  0.568730  0.105427  0.644406  0.603325  0.159184  0.217263  0.073965  0.552475  0.098391  0.618067  0.671749  0.656058  0.073965  0.168275  0.550620  0.557685  0.263809  0.198486  0.635600  0.533398 
23  0.325249  0.428515  0.479233  0.580701  0.082553  0.644318  0.605742  0.546331  0.336617  0.217100  0.525149  0.609649  0.470897  0.087020  0.381827  0.530549  0.320778  0.378066  0.449684  0.400602  0.104551  0.123959  0.185768 0.0  0.492551  0.073965  0.522231  0.540801  0.493086  0.073965  0.073965  0.192541  0.095752  0.086426  0.097273  0.087606  0.073965  0.149534  0.141114  0.105538  0.073965  0.240726  0.487558  0.124040  0.541232  0.565080  0.256107  0.172583  0.137353  0.573903  0.200919  0.508328  0.429386  0.539431  0.176631  0.084914  0.469957  0.469544  0.335688  0.188736  0.449158  0.546480 
24  0.488627  0.073965  0.336016  0.237770  0.553148  0.310919  0.244001  0.214568  0.330233  0.441376  0.627947  0.577512  0.615197  0.363580  0.507473  0.163311  0.548839  0.491935  0.470015  0.485472  0.550186  0.539053  0.618600  0.492551 0.0  0.578679  0.588178  0.664471  0.413796  0.606748  0.482436  0.434793  0.606930  0.501401  0.541122  0.518775  0.585765  0.484964  0.519633  0.579055  0.521447  0.594918  0.141118  0.582265  0.384123  0.614599  0.616760  0.598268  0.433227  0.402520  0.608600  0.480577  0.386813  0.499689  0.545236  0.626173  0.329045  0.378825  0.712808  0.494748  0.549935  0.501441 
25  0.560112  0.515213  0.415563  0.624462  0.073965  0.606481  0.537967  0.609726  0.440618  0.216262  0.462013  0.452051  0.505435  0.123218  0.436509  0.415967  0.393570  0.306431  0.446435  0.377643  0.152994  0.073965  0.153483  0.073965  0.578679 0.0  0.469471  0.481890  0.513780  0.189779  0.094797  0.106473  0.073965  0.176157  0.073965  0.262610  0.084126  0.134704  0.073965  0.073965  0.140444  0.114191  0.591214  0.115789  0.562553  0.572970  0.171851  0.086467  0.108902  0.580059  0.150801  0.492416  0.456405  0.579689  0.103423  0.123051  0.529295  0.353153  0.429735  0.158523  0.500255  0.428803 
26  0.264261  0.655760  0.326884  0.634115  0.652029  0.570579  0.630863  0.653151  0.484477  0.388662  0.908308  1.000000  0.175485  0.446572  0.228740  0.584886  0.279766  0.227662  0.189929  0.237541  0.464329  0.519055  0.604145  0.522231  0.588178  0.469471 0.0  0.770161  0.334523  0.468997  0.529988  0.574903  0.420919  0.476296  0.444114  0.495531  0.463805  0.485939  0.495226  0.534461  0.469053  0.544555  0.670440  0.543031  0.198092  0.188273  0.569648  0.558731  0.550350  0.423297  0.532718  0.273282  0.159752  0.290023  0.481460  0.513034  0.451467  0.401822  0.834693  0.493027  0.214955  0.251366 
27  0.760939  0.529952  0.815732  0.692814  0.488802  0.588996  0.688132  0.586583  0.601216  0.463143  0.248622  0.136271  0.810801  0.419804  0.751861  0.456852  0.717282  0.730734  0.755771  0.643579  0.469358  0.472230  0.426835  0.540801  0.664471  0.481890  0.770161 0.0  0.592309  0.555376  0.589314  0.453394  0.606241  0.611913  0.390960  0.551289  0.462489  0.480895  0.503674  0.503854  0.405835  0.529745  0.517031  0.455188  0.868587  0.942670  0.379706  0.473430  0.451139  0.764021  0.503851  0.827860  0.698275  0.899038  0.517910  0.406065  0.523594  0.675062  0.327532  0.433435  0.674937  0.807724 
28  0.282863  0.396031  0.147034  0.133472  0.415964  0.350050  0.374361  0.396035  0.185047  0.350784  0.695903  0.745223  0.315250  0.460713  0.096656  0.271807  0.250643  0.285598  0.122450  0.298438  0.533623  0.350178  0.614193  0.493086  0.413796  0.513780  0.334523  0.592309 0.0  0.540459  0.456350  0.339165  0.509076  0.423474  0.420751  0.376434  0.392757  0.485170  0.337181  0.418223  0.449218  0.516668  0.441390  0.393807  0.181794  0.346515  0.491916  0.458821  0.379280  0.095866  0.611899  0.073965  0.211584  0.275360  0.514217  0.386330  0.197744  0.073965  0.711310  0.356416  0.166973  0.121315 
29  0.403517  0.560896  0.371754  0.524314  0.154400  0.630161  0.654205  0.671405  0.492935  0.096166  0.477801  0.562346  0.520656  0.195084  0.352498  0.476174  0.480428  0.435962  0.447456  0.378249  0.164675  0.073965  0.279775  0.073965  0.606748  0.189779  0.468997  0.555376  0.540459 0.0  0.132130  0.107537  0.079846  0.073965  0.078028  0.073965  0.166662  0.073965  0.073965  0.178051  0.160819  0.146984  0.590752  0.107921  0.496314  0.490983  0.233322  0.109783  0.140990  0.499208  0.151899  0.437227  0.480237  0.538697  0.225839  0.142237  0.395427  0.434873  0.435133  0.073965  0.350371  0.374260 
30  0.465553  0.344007  0.555780  0.601183  0.073965  0.693396  0.688143  0.632076  0.447813  0.226989  0.520106  0.367710  0.543160  0.087517  0.550845  0.420054  0.490441  0.508621  0.591074  0.425360  0.134301  0.073965  0.150486  0.073965  0.482436  0.094797  0.529988  0.589314  0.456350  0.132130 0.0  0.157406  0.073965  0.073965  0.184765  0.186528  0.123449  0.206378  0.157258  0.073965  0.073965  0.102487  0.577937  0.105795  0.555851  0.550120  0.191874  0.169358  0.090125  0.533172  0.165849  0.531102  0.578127  0.677795  0.114559  0.073965  0.479100  0.483268  0.425619  0.158388  0.437186  0.552158 
31  0.406659  0.406343  0.378610  0.536569  0.278680  0.501146  0.518125  0.624794  0.451384  0.093564  0.518461  0.546785  0.452154  0.079499  0.422499  0.335209  0.364577  0.437590  0.407738  0.418854  0.091881  0.075315  0.203045  0.192541  0.434793  0.106473  0.574903  0.453394  0.339165  0.107537  0.157406 0.0  0.125128  0.073965  0.181286  0.105509  0.080586  0.073965  0.077348  0.073965  0.174702  0.106251  0.527988  0.101271  0.458577  0.496813  0.073965  0.095868  0.073965  0.510820  0.239448  0.479339  0.388934  0.531147  0.128544  0.073965  0.430726  0.461575  0.405217  0.073965  0.461261  0.423005 
32  0.392439  0.369596  0.403108  0.503954  0.160603  0.625042  0.584717  0.618465  0.438818  0.130585  0.601732  0.665237  0.532500  0.207124  0.341103  0.567788  0.379952  0.417365  0.309555  0.348955  0.208239  0.112738  0.199438  0.095752  0.606930  0.073965  0.420919  0.606241  0.509076  0.079846  0.073965  0.125128 0.0  0.224041  0.153992  0.101931  0.151896  0.073965  0.089478  0.101792  0.073965  0.211238  0.483691  0.213418  0.411048  0.570713  0.130173  0.138964  0.121158  0.527770  0.166348  0.509772  0.456555  0.527072  0.106766  0.116760  0.462578  0.337191  0.424663  0.094597  0.347928  0.305219 
33  0.359689  0.402940  0.485243  0.615055  0.192453  0.534691  0.560271  0.590972  0.503368  0.209915  0.607228  0.602481  0.533135  0.117783  0.550331  0.507290  0.440904  0.458922  0.438419  0.377058  0.073965  0.073965  0.156846  0.086426  0.501401  0.176157  0.476296  0.611913  0.423474  0.073965  0.073965  0.073965  0.224041 0.0  0.186716  0.110406  0.109241  0.141613  0.073965  0.092184  0.143327  0.183225  0.467492  0.131058  0.589861  0.585397  0.179161  0.109758  0.073965  0.482034  0.154192  0.414143  0.522237  0.633960  0.139874  0.109151  0.485769  0.463446  0.321137  0.073965  0.575308  0.355009 
34  0.376043  0.378720  0.533293  0.629631  0.198832  0.641537  0.720348  0.611108  0.307550  0.073965  0.447810  0.446198  0.438430  0.137059  0.537457  0.330326  0.432227  0.385364  0.281655  0.374980  0.191371  0.127452  0.238405  0.097273  0.541122  0.073965  0.444114  0.390960  0.420751  0.078028  0.184765  0.181286  0.153992  0.186716 0.0  0.073965  0.088988  0.089804  0.162517  0.073965  0.073965  0.195848  0.510385  0.133728  0.408966  0.530326  0.169169  0.132419  0.130007  0.442771  0.268311  0.469205  0.367505  0.526563  0.095021  0.240655  0.542101  0.425896  0.306355  0.073965  0.393923  0.473710 
35  0.332311  0.416570  0.365876  0.621873  0.073965  0.634073  0.543493  0.544569  0.408025  0.232704  0.482866  0.582019  0.545240  0.073965  0.357866  0.462309  0.406397  0.374575  0.326282  0.448481  0.227778  0.173950  0.164194  0.087606  0.518775  0.262610  0.495531  0.551289  0.376434  0.073965  0.186528  0.105509  0.101931  0.110406  0.073965 0.0  0.073965  0.073965  0.073965  0.105429  0.092141  0.151182  0.480068  0.146830  0.463994  0.556302  0.083434  0.157760  0.074702  0.347226  0.229394  0.391462  0.376105  0.685764  0.139068  0.175343  0.461559  0.406499  0.429635  0.073965  0.370813  0.373593 
36  0.354800  0.500632  0.499161  0.645792  0.086617  0.710008  0.730208  0.739011  0.565016  0.073965  0.542804  0.544120  0.602643  0.073965  0.420710  0.392752  0.425566  0.490043  0.443210  0.359392  0.185422  0.159935  0.185441  0.073965  0.585765  0.084126  0.463805  0.462489  0.392757  0.166662  0.123449  0.080586  0.151896  0.109241  0.088988  0.073965 0.0  0.137979  0.121168  0.073965  0.196015  0.187811  0.477475  0.073965  0.480126  0.570799  0.078553  0.221491  0.073965  0.506886  0.162989  0.482716  0.457742  0.612114  0.073965  0.073965  0.452321  0.508136  0.345271  0.130713  0.592133  0.526670 
37  0.434977  0.403789  0.484617  0.516270  0.086837  0.645657  0.723477  0.626544  0.335433  0.204124  0.465357  0.516537  0.453988  0.204743  0.463667  0.546884  0.478542  0.425992  0.445771  0.413708  0.117375  0.103920  0.111590  0.149534  0.484964  0.134704  0.485939  0.480895  0.485170  0.073965  0.206378  0.073965  0.073965  0.141613  0.089804  0.073965  0.137979 0.0  0.243921  0.108772  0.073965  0.174214  0.607886  0.131378  0.506656  0.536500  0.183949  0.087529  0.085057  0.462499  0.116244  0.458748  0.389478  0.529544  0.167916  0.101274  0.385094  0.328730  0.316865  0.073965  0.364484  0.343094 
38  0.466090  0.546274  0.436749  0.596447  0.249809  0.656804  0.657414  0.642939  0.422806  0.073965  0.455597  0.462926  0.585972  0.118577  0.465314  0.388790  0.549130  0.317437  0.410838  0.376043  0.214166  0.181533  0.156660  0.141114  0.519633  0.073965  0.495226  0.503674  0.337181  0.073965  0.157258  0.077348  0.089478  0.073965  0.162517  0.073965  0.121168  0.243921 0.0  0.073965  0.073965  0.113712  0.444896  0.076682  0.445296  0.530615  0.197234  0.182276  0.180147  0.551981  0.129213  0.495788  0.515127  0.544672  0.116763  0.105191  0.491231  0.554056  0.315960  0.155688  0.499528  0.362662 
39  0.525142  0.497530  0.408116  0.427907  0.150631  0.693320  0.589882  0.563026  0.453417  0.122926  0.477710  0.491420  0.560588  0.103493  0.494635  0.391575  0.418698  0.466786  0.456679  0.473544  0.165691  0.199660  0.196192  0.105538  0.579055  0.073965  0.534461  0.503854  0.418223  0.178051  0.073965  0.073965  0.101792  0.092184  0.073965  0.105429  0.073965  0.108772  0.073965 0.0  0.143302  0.133393  0.497786  0.183990  0.568851  0.573041  0.185173  0.190647  0.093866  0.587885  0.188678  0.519576  0.479880  0.637007  0.073965  0.119607  0.461746  0.415152  0.291967  0.178301  0.429758  0.342548 
40  0.476942  0.462370  0.662641  0.492025  0.169100  0.630680  0.546026  0.509709  0.468069  0.188864  0.523447  0.517568  0.549850  0.077781  0.499686  0.309174  0.403484  0.332207  0.465973  0.404019  0.073965  0.073965  0.233875  0.073965  0.521447  0.140444  0.469053  0.405835  0.449218  0.160819  0.073965  0.174702  0.073965  0.143327  0.073965  0.092141  0.196015  0.073965  0.073965  0.143302 0.0  0.181850  0.628987  0.073965  0.520580  0.450662  0.122556  0.207578  0.164487  0.407532  0.174390  0.535942  0.459281  0.567572  0.073965  0.120828  0.432477  0.540125  0.221571  0.123817  0.482180  0.388100 
41  0.560742  0.605082  0.384081  0.543444  0.073965  0.737808  0.664623  0.698671  0.429078  0.146233  0.452510  0.512256  0.490945  0.145271  0.542548  0.493454  0.522081  0.485443  0.438070  0.522117  0.073965  0.120904  0.073965  0.240726  0.594918  0.114191  0.544555  0.529745  0.516668  0.146984  0.102487  0.106251  0.211238  0.183225  0.195848  0.151182  0.187811  0.174214  0.113712  0.133393  0.181850 0.0  0.502299  0.156932  0.595175  0.684540  0.077768  0.153194  0.204299  0.638426  0.166554  0.468330  0.518027  0.636931  0.073965  0.169056  0.548397  0.492389  0.252386  0.221535  0.509987  0.506051 
42  0.488575  0.202809  0.429189  0.278717  0.663888  0.243572  0.295455  0.245322  0.350330  0.407382  0.600101  0.479100  0.650227  0.490755  0.388554  0.076933  0.562162  0.470337  0.376449  0.499995  0.586518  0.464780  0.568730  0.487558  0.141118  0.591214  0.670440  0.517031  0.441390  0.590752  0.577937  0.527988  0.483691  0.467492  0.510385  0.480068  0.477475  0.607886  0.444896  0.497786  0.628987  0.502299 0.0  0.559979  0.418119  0.620679  0.557822  0.499648  0.494096  0.373257  0.517080  0.441014  0.473979  0.635894  0.477789  0.548145  0.410299  0.350697  0.601040  0.546246  0.514013  0.478393 
43  0.495158  0.528611  0.425038  0.524312  0.135732  0.771699  0.744081  0.746208  0.470831  0.130087  0.396011  0.489469  0.436710  0.073965  0.439183  0.450232  0.487652  0.344098  0.547218  0.455155  0.152921  0.134757  0.105427  0.124040  0.582265  0.115789  0.543031  0.455188  0.393807  0.107921  0.105795  0.101271  0.213418  0.131058  0.133728  0.146830  0.073965  0.131378  0.076682  0.183990  0.073965  0.156932  0.559979 0.0  0.530660  0.561677  0.150305  0.251348  0.211568  0.576687  0.073965  0.514773  0.488360  0.691115  0.226508  0.176889  0.566029  0.463406  0.290498  0.202037  0.595173  0.482617 
44  0.255159  0.310751  0.129490  0.368122  0.595954  0.339293  0.412330  0.453662  0.236493  0.419000  0.945518  0.936170  0.314645  0.570389  0.168693  0.373578  0.202617  0.145197  0.136940  0.184202  0.647109  0.524496  0.644406  0.541232  0.384123  0.562553  0.198092  0.868587  0.181794  0.496314  0.555851  0.458577  0.411048  0.589861  0.408966  0.463994  0.480126  0.506656  0.445296  0.568851  0.520580  0.595175  0.418119  0.530660 0.0  0.337856  0.634343  0.574483  0.526896  0.119897  0.521869  0.172741  0.073965  0.188723  0.383280  0.508198  0.109105  0.159295  0.784038  0.522736  0.215989  0.134175 
45  0.215833  0.658580  0.297402  0.479768  0.669571  0.570999  0.621138  0.683061  0.372116  0.419539  0.975575  0.944947  0.134629  0.470187  0.369858  0.594833  0.218779  0.277627  0.205607  0.244507  0.561755  0.533263  0.603325  0.565080  0.614599  0.572970  0.188273  0.942670  0.346515  0.490983  0.550120  0.496813  0.570713  0.585397  0.530326  0.556302  0.570799  0.536500  0.530615  0.573041  0.450662  0.684540  0.620679  0.561677  0.337856 0.0  0.597406  0.595444  0.479200  0.352710  0.690215  0.275062  0.252317  0.279001  0.582332  0.557661  0.374457  0.270727  0.858956  0.508382  0.252750  0.222670 
46  0.585537  0.572546  0.378742  0.633659  0.075701  0.711447  0.680112  0.679392  0.428836  0.173699  0.495301  0.507828  0.485146  0.159307  0.572533  0.457979  0.447300  0.580668  0.521892  0.456623  0.206327  0.073965  0.159184  0.256107  0.616760  0.171851  0.569648  0.379706  0.491916  0.233322  0.191874  0.073965  0.130173  0.179161  0.169169  0.083434  0.078553  0.183949  0.197234  0.185173  0.122556  0.077768  0.557822  0.150305  0.634343  0.597406 0.0  0.073965  0.073965  0.628561  0.133284  0.498508  0.453725  0.631968  0.151366  0.073965  0.502298  0.414162  0.380231  0.221813  0.563642  0.535571 
47  0.458981  0.402125  0.652273  0.672911  0.073965  0.653448  0.692275  0.729125  0.449125  0.156568  0.483263  0.589595  0.557651  0.167803  0.538815  0.373450  0.570326  0.433019  0.560302  0.424777  0.113427  0.148332  0.217263  0.172583  0.598268  0.086467  0.558731  0.473430  0.458821  0.109783  0.169358  0.095868  0.138964  0.109758  0.132419  0.157760  0.221491  0.087529  0.182276  0.190647  0.207578  0.153194  0.499648  0.251348  0.574483  0.595444  0.073965 0.0  0.146818  0.425632  0.073965  0.652583  0.613170  0.613091  0.073965  0.104894  0.476794  0.496750  0.317042  0.113748  0.625954  0.458780 
48  0.412390  0.405957  0.469664  0.618424  0.087310  0.608193  0.671309  0.672941  0.489017  0.073965  0.575908  0.456098  0.523794  0.084448  0.536735  0.477243  0.416019  0.413041  0.369185  0.427764  0.200802  0.075292  0.073965  0.137353  0.433227  0.108902  0.550350  0.451139  0.379280  0.140990  0.090125  0.073965  0.121158  0.073965  0.130007  0.074702  0.073965  0.085057  0.180147  0.093866  0.164487  0.204299  0.494096  0.211568  0.526896  0.479200  0.073965  0.146818 0.0  0.620639  0.238883  0.383860  0.492225  0.583860  0.138581  0.143501  0.570676  0.492271  0.448954  0.113343  0.479966  0.407390 
49  0.209083  0.433582  0.073965  0.196577  0.664976  0.306969  0.369663  0.440938  0.232688  0.435824  0.847208  0.882824  0.318316  0.519047  0.081556  0.369087  0.244867  0.254969  0.170600  0.231991  0.634344  0.506464  0.552475  0.573903  0.402520  0.580059  0.423297  0.764021  0.095866  0.499208  0.533172  0.510820  0.527770  0.482034  0.442771  0.347226  0.506886  0.462499  0.551981  0.587885  0.407532  0.638426  0.373257  0.576687  0.119897  0.352710  0.628561  0.425632  0.620639 0.0  0.560689  0.174637  0.161419  0.245107  0.492543  0.610032  0.101580  0.107148  0.790694  0.467932  0.314453  0.105890 
50  0.470559  0.519876  0.505343  0.680804  0.073965  0.688197  0.768827  0.744289  0.416641  0.251550  0.486967  0.680474  0.528226  0.246304  0.495790  0.563102  0.489021  0.563786  0.506230  0.483658  0.163090  0.228845  0.098391  0.200919  0.608600  0.150801  0.532718  0.503851  0.611899  0.151899  0.165849  0.239448  0.166348  0.154192  0.268311  0.229394  0.162989  0.116244  0.129213  0.188678  0.174390  0.166554  0.517080  0.073965  0.521869  0.690215  0.133284  0.073965  0.238883  0.560689 0.0  0.511901  0.572331  0.644107  0.073965  0.159153  0.521650  0.489705  0.282728  0.160038  0.499989  0.606752 
51  0.104191  0.447467  0.162844  0.232466  0.528672  0.465617  0.427439  0.589118  0.264181  0.486357  0.902860  0.882663  0.232674  0.464799  0.103560  0.343051  0.171279  0.180935  0.198838  0.106394  0.527242  0.419872  0.618067  0.508328  0.480577  0.492416  0.273282  0.827860  0.073965  0.437227  0.531102  0.479339  0.509772  0.414143  0.469205  0.391462  0.482716  0.458748  0.495788  0.519576  0.535942  0.468330  0.441014  0.514773  0.172741  0.275062  0.498508  0.652583  0.383860  0.174637  0.511901 0.0  0.073965  0.073965  0.462397  0.453978  0.322362  0.177172  0.674199  0.524849  0.131083  0.225602 
52  0.194850  0.489960  0.165833  0.269441  0.520888  0.423550  0.385009  0.493591  0.150199  0.371634  0.854173  0.776412  0.269455  0.442452  0.094141  0.435338  0.135710  0.311690  0.110062  0.199852  0.513512  0.517992  0.671749  0.429386  0.386813  0.456405  0.159752  0.698275  0.211584  0.480237  0.578127  0.388934  0.456555  0.522237  0.367505  0.376105  0.457742  0.389478  0.515127  0.479880  0.459281  0.518027  0.473979  0.488360  0.073965  0.252317  0.453725  0.613170  0.492225  0.161419  0.572331  0.073965 0.0  0.222358  0.447532  0.554690  0.315303  0.140928  0.756656  0.446689  0.073965  0.132410 
53  0.311906  0.638844  0.265362  0.404358  0.641640  0.362263  0.435231  0.590183  0.262293  0.553504  0.979827  0.844402  0.315701  0.594132  0.132498  0.514255  0.089037  0.270850  0.184937  0.174880  0.629943  0.642026  0.656058  0.539431  0.499689  0.579689  0.290023  0.899038  0.275360  0.538697  0.677795  0.531147  0.527072  0.633960  0.526563  0.685764  0.612114  0.529544  0.544672  0.637007  0.567572  0.636931  0.635894  0.691115  0.188723  0.279001  0.631968  0.613091  0.583860  0.245107  0.644107  0.073965  0.222358 0.0  0.604865  0.584086  0.304169  0.210049  0.899133  0.621772  0.225135  0.211809 
54  0.468195  0.501189  0.608461  0.594493  0.122666  0.716025  0.646169  0.638043  0.474240  0.116902  0.462921  0.635667  0.564096  0.132372  0.517371  0.462290  0.497945  0.458355  0.514405  0.473893  0.078081  0.073965  0.073965  0.176631  0.545236  0.103423  0.481460  0.517910  0.514217  0.225839  0.114559  0.128544  0.106766  0.139874  0.095021  0.139068  0.073965  0.167916  0.116763  0.073965  0.073965  0.073965  0.477789  0.226508  0.383280  0.582332  0.151366  0.073965  0.138581  0.492543  0.073965  0.462397  0.447532  0.604865 0.0  0.073965  0.489569  0.424903  0.305803  0.090184  0.453064  0.397633 
55  0.396255  0.563878  0.390109  0.591464  0.179369  0.652753  0.776415  0.740436  0.431460  0.148291  0.520384  0.454891  0.518152  0.093859  0.493401  0.408451  0.524295  0.521670  0.256701  0.428554  0.073965  0.075504  0.168275  0.084914  0.626173  0.123051  0.513034  0.406065  0.386330  0.142237  0.073965  0.073965  0.116760  0.109151  0.240655  0.175343  0.073965  0.101274  0.105191  0.119607  0.120828  0.169056  0.548145  0.176889  0.508198  0.557661  0.073965  0.104894  0.143501  0.610032  0.159153  0.453978  0.554690  0.584086  0.073965 0.0  0.551863  0.499130  0.312597  0.115594  0.531089  0.438193 
56  0.238536  0.446428  0.153731  0.217171  0.389295  0.276266  0.245420  0.465236  0.166019  0.422276  0.784414  0.626633  0.517193  0.491335  0.248514  0.209045  0.220324  0.206230  0.172171  0.246069  0.558835  0.425982  0.550620  0.469957  0.329045  0.529295  0.451467  0.523594  0.197744  0.395427  0.479100  0.430726  0.462578  0.485769  0.542101  0.461559  0.452321  0.385094  0.491231  0.461746  0.432477  0.548397  0.410299  0.566029  0.109105  0.374457  0.502298  0.476794  0.570676  0.101580  0.521650  0.322362  0.315303  0.304169  0.489569  0.551863 0.0  0.120045  0.766941  0.478069  0.292652  0.281010 
57  0.288855  0.303539  0.143748  0.282001  0.495131  0.265404  0.308756  0.421293  0.151922  0.342461  0.701202  0.662379  0.480956  0.533133  0.163570  0.269473  0.245049  0.240795  0.267311  0.148622  0.585578  0.492628  0.557685  0.469544  0.378825  0.353153  0.401822  0.675062  0.073965  0.434873  0.483268  0.461575  0.337191  0.463446  0.425896  0.406499  0.508136  0.328730  0.554056  0.415152  0.540125  0.492389  0.350697  0.463406  0.159295  0.270727  0.414162  0.496750  0.492271  0.107148  0.489705  0.177172  0.140928  0.210049  0.424903  0.499130  0.120045 0.0  0.614757  0.447826  0.254580  0.302717 
58  0.690253  0.569919  0.717043  0.764007  0.341615  0.810370  0.793644  0.733428  0.661318  0.395330  0.315768  0.186801  0.837123  0.442883  0.752710  0.564293  0.712966  0.686899  0.757101  0.718082  0.288583  0.254785  0.263809  0.335688  0.712808  0.429735  0.834693  0.327532  0.711310  0.435133  0.425619  0.405217  0.424663  0.321137  0.306355  0.429635  0.345271  0.316865  0.315960  0.291967  0.221571  0.252386  0.601040  0.290498  0.784038  0.858956  0.380231  0.317042  0.448954  0.790694  0.282728  0.674199  0.756656  0.899133  0.305803  0.312597  0.766941  0.614757 0.0  0.325585  0.766155  0.727451 
59  0.567315  0.546920  0.591908  0.572033  0.134442  0.534735  0.729951  0.673120  0.429255  0.174579  0.507507  0.408656  0.538826  0.182670  0.427148  0.473815  0.426791  0.436092  0.449253  0.518907  0.105981  0.137196  0.198486  0.188736  0.494748  0.158523  0.493027  0.433435  0.356416  0.073965  0.158388  0.073965  0.094597  0.073965  0.073965  0.073965  0.130713  0.073965  0.155688  0.178301  0.123817  0.221535  0.546246  0.202037  0.522736  0.508382  0.221813  0.113748  0.113343  0.467932  0.160038  0.524849  0.446689  0.621772  0.090184  0.115594  0.478069  0.447826  0.325585 0.0  0.457529  0.463125 
60  0.117449  0.383265  0.073965  0.451578  0.460919  0.286854  0.553797  0.623848  0.244582  0.312997  0.853874  0.776017  0.323905  0.339153  0.156232  0.396695  0.148941  0.073965  0.073965  0.073965  0.525294  0.446862  0.635600  0.449158  0.549935  0.500255  0.214955  0.674937  0.166973  0.350371  0.437186  0.461261  0.347928  0.575308  0.393923  0.370813  0.592133  0.364484  0.499528  0.429758  0.482180  0.509987  0.514013  0.595173  0.215989  0.252750  0.563642  0.625954  0.479966  0.314453  0.499989  0.131083  0.073965  0.225135  0.453064  0.531089  0.292652  0.254580  0.766155  0.457529 0.0  0.193057 
61  0.120125  0.343732  0.170519  0.280965  0.453066  0.404978  0.357851  0.526048  0.280416  0.375345  0.852842  0.962137  0.270959  0.442211  0.208527  0.425538  0.073965  0.108582  0.073965  0.073965  0.519986  0.517763  0.533398  0.546480  0.501441  0.428803  0.251366  0.807724  0.121315  0.374260  0.552158  0.423005  0.305219  0.355009  0.473710  0.373593  0.526670  0.343094  0.362662  0.342548  0.388100  0.506051  0.478393  0.482617  0.134175  0.222670  0.535571  0.458780  0.407390  0.105890  0.606752  0.225602  0.132410  0.211809  0.397633  0.438193  0.281010  0.302717  0.727451  0.463125  0.193057 0.0 
