62
0 0.0  0.491599  0.297622  0.414910  0.473343  0.502875  0.537385  0.612000  0.290137  0.407301  0.717227  0.933070  0.213928  0.382340  0.095295  0.282312  0.069034  0.098171  0.115903  0.141129  0.545579  0.283487  0.500240  0.412307  0.431276  0.492640  0.221850  0.730771  0.209053  0.399543  0.462018  0.397384  0.351601  0.431771  0.391911  0.432764  0.447020  0.477597  0.360161  0.262311  0.436018  0.574203  0.452996  0.478233  0.285307  0.140521  0.507548  0.514969  0.434306  0.240847  0.354664  0.108072  0.073773  0.147270  0.550648  0.436903  0.159522  0.069034  0.664407  0.411708  0.069034  0.069034 
1  0.491599 0.0  0.371178  0.252243  0.564053  0.282386  0.248799  0.251974  0.234089  0.394860  0.530661  0.505198  0.677113  0.400409  0.321484  0.138481  0.549259  0.404915  0.531572  0.512159  0.443325  0.451099  0.465633  0.460745  0.115514  0.349778  0.608438  0.367818  0.376000  0.457270  0.504594  0.300656  0.494614  0.501067  0.281342  0.462386  0.371362  0.577951  0.311985  0.518224  0.418552  0.565137  0.069034  0.491095  0.494808  0.604061  0.433283  0.503025  0.491219  0.407431  0.444019  0.454394  0.285141  0.567676  0.537230  0.525505  0.196646  0.390521  0.492747  0.403217  0.453841  0.493891 
2  0.297622  0.371178 0.0  0.343017  0.454413  0.400645  0.381108  0.463642  0.254139  0.348612  0.723445  0.826278  0.263272  0.541299  0.110218  0.335050  0.209003  0.271191  0.146988  0.143234  0.522382  0.442914  0.575644  0.479200  0.424512  0.414302  0.311941  0.718798  0.145485  0.473692  0.513292  0.546800  0.296406  0.406557  0.364054  0.462166  0.316758  0.534835  0.440959  0.454587  0.534458  0.424491  0.410483  0.474855  0.183694  0.315153  0.556597  0.508058  0.536144  0.079244  0.505541  0.129535  0.131815  0.162916  0.417989  0.405145  0.165712  0.069034  0.730944  0.513690  0.084818  0.136442 
3  0.414910  0.252243  0.343017 0.0  0.675159  0.156060  0.155511  0.147967  0.203665  0.356460  0.712267  0.699633  0.649592  0.445054  0.320828  0.262857  0.396950  0.365667  0.334232  0.386883  0.580606  0.561830  0.559667  0.647025  0.140655  0.526003  0.482452  0.650998  0.371433  0.517435  0.610652  0.452986  0.576800  0.513073  0.468668  0.517588  0.489022  0.570852  0.579384  0.545469  0.504915  0.690378  0.313462  0.544029  0.333744  0.444896  0.573935  0.603802  0.451339  0.267466  0.560654  0.336937  0.286983  0.332217  0.688664  0.625258  0.310978  0.184696  0.645320  0.534040  0.379791  0.349991 
4  0.473343  0.564053  0.454413  0.675159 0.0  0.815560  0.590331  0.769693  0.471235  0.230776  0.510715  0.538281  0.560664  0.200031  0.470356  0.556571  0.484340  0.376505  0.517918  0.522721  0.113468  0.123952  0.069034  0.133291  0.561178  0.102130  0.492118  0.393511  0.468316  0.206963  0.170674  0.179400  0.115490  0.143033  0.083293  0.124925  0.183687  0.218730  0.080598  0.165044  0.164829  0.069034  0.633803  0.212195  0.498501  0.558966  0.086246  0.069034  0.144899  0.609710  0.079608  0.526909  0.438044  0.648342  0.203138  0.112041  0.618214  0.519692  0.288942  0.107572  0.458148  0.417303 
5  0.502875  0.282386  0.400645  0.156060  0.815560 0.0  0.069034  0.243976  0.213748  0.571469  0.745416  0.740314  0.541852  0.563137  0.404265  0.309147  0.465851  0.470412  0.420320  0.401179  0.723150  0.628803  0.758712  0.606232  0.267007  0.537932  0.519010  0.635540  0.368342  0.605325  0.723101  0.648430  0.680451  0.580482  0.697994  0.617904  0.648534  0.660344  0.580470  0.624126  0.679830  0.693179  0.282140  0.646388  0.376851  0.598829  0.665355  0.720511  0.642626  0.358297  0.755165  0.468398  0.442638  0.383663  0.613744  0.651313  0.236702  0.315173  0.861637  0.708973  0.332191  0.495160 
6  0.537385  0.248799  0.381108  0.155511  0.590331  0.069034 0.0  0.115404  0.244140  0.566508  0.683826  0.790541  0.632105  0.652079  0.422480  0.292026  0.492067  0.481382  0.479617  0.459849  0.705161  0.691822  0.695969  0.560144  0.194794  0.571831  0.585932  0.575256  0.498636  0.632511  0.699860  0.608773  0.705831  0.665591  0.655491  0.569355  0.752684  0.586758  0.667483  0.717896  0.618828  0.653718  0.225097  0.592287  0.441083  0.667297  0.634677  0.668771  0.756737  0.273859  0.762538  0.472448  0.405527  0.466226  0.669409  0.557696  0.272765  0.372461  0.755465  0.619415  0.390614  0.408756 
7  0.612000  0.251974  0.463642  0.147967  0.769693  0.243976  0.115404 0.0  0.256406  0.651931  0.767746  0.703810  0.677804  0.612001  0.354189  0.308167  0.434353  0.444495  0.494758  0.461584  0.702317  0.647964  0.719092  0.622072  0.165717  0.644704  0.633068  0.528080  0.432536  0.598659  0.652645  0.557183  0.606226  0.558741  0.623762  0.704257  0.588041  0.630684  0.559319  0.720975  0.570281  0.622456  0.133614  0.561712  0.427863  0.612120  0.652060  0.646726  0.539110  0.332951  0.690529  0.414294  0.533817  0.517582  0.662091  0.560224  0.370111  0.308954  0.725227  0.533726  0.581588  0.608063 
8  0.290137  0.234089  0.254139  0.203665  0.471235  0.213748  0.244140  0.256406 0.0  0.379182  0.620878  0.647573  0.447596  0.427502  0.217755  0.211748  0.327285  0.292816  0.232334  0.181504  0.482691  0.433069  0.593565  0.429666  0.227810  0.462623  0.337848  0.576983  0.176640  0.485251  0.451178  0.290231  0.383354  0.461524  0.262810  0.291380  0.481895  0.406975  0.451864  0.441168  0.377066  0.514342  0.306397  0.465543  0.232235  0.287353  0.508445  0.570779  0.470244  0.220813  0.495198  0.297407  0.168750  0.350969  0.541988  0.446572  0.211064  0.069034  0.650171  0.416496  0.270344  0.167075 
9  0.407301  0.394860  0.348612  0.356460  0.230776  0.571469  0.566508  0.651931  0.379182 0.0  0.475936  0.571111  0.322535  0.163581  0.314259  0.343424  0.477558  0.305180  0.290848  0.374102  0.149825  0.250661  0.276193  0.220820  0.452075  0.126281  0.336451  0.438895  0.379314  0.069034  0.167977  0.091328  0.142033  0.195096  0.137819  0.233778  0.137365  0.069034  0.165953  0.226756  0.136633  0.255350  0.410720  0.218258  0.337588  0.375550  0.332404  0.134980  0.127964  0.474249  0.235327  0.403327  0.458472  0.374312  0.195804  0.086951  0.491171  0.220678  0.385128  0.113836  0.372023  0.385152 
10  0.717227  0.530661  0.723445  0.712267  0.510715  0.745416  0.683826  0.767746  0.620878  0.475936 0.0  0.072767  0.838728  0.439285  0.652260  0.609920  0.803016  0.883518  0.736305  0.805378  0.432987  0.585067  0.391588  0.517240  0.561331  0.453629  0.888701  0.253982  0.729071  0.622048  0.526966  0.569391  0.601039  0.480121  0.521864  0.597513  0.504008  0.575023  0.556202  0.471599  0.435027  0.486131  0.553564  0.449018  0.838587  0.897627  0.434076  0.539666  0.400041  0.722476  0.519736  0.739449  0.740623  0.869748  0.533506  0.485665  0.694463  0.629505  0.168234  0.566464  0.934777  0.767403 
11  0.933070  0.505198  0.826278  0.699633  0.538281  0.740314  0.790541  0.703810  0.647573  0.571111  0.072767 0.0  0.895367  0.526554  0.719265  0.541110  0.697906  0.823773  0.751557  0.775425  0.467794  0.458886  0.451738  0.496662  0.577539  0.556222  0.882664  0.264289  0.737030  0.575926  0.445230  0.504410  0.653691  0.534147  0.562915  0.398735  0.586128  0.561203  0.540518  0.486394  0.504072  0.485689  0.580744  0.445910  0.807023  1.000000  0.486310  0.530899  0.514100  0.783214  0.583375  0.858683  0.852806  0.900827  0.569849  0.443104  0.778726  0.595187  0.262507  0.492514  0.762221  0.741669 
12  0.213928  0.677113  0.263272  0.649592  0.560664  0.541852  0.632105  0.677804  0.447596  0.322535  0.838728  0.895367 0.0  0.488035  0.214347  0.560517  0.069034  0.255037  0.193853  0.227849  0.489992  0.566106  0.647875  0.454734  0.659890  0.504572  0.069034  0.984461  0.359717  0.495290  0.530459  0.441793  0.428398  0.406829  0.355381  0.492056  0.442437  0.461246  0.495169  0.515447  0.497454  0.546250  0.761505  0.538965  0.338058  0.197853  0.531776  0.562589  0.352222  0.371775  0.573524  0.239923  0.274978  0.234569  0.466470  0.528657  0.309536  0.355568  0.801144  0.506242  0.297186  0.237426 
13  0.382340  0.400409  0.541299  0.445054  0.200031  0.563137  0.652079  0.612001  0.427502  0.163581  0.439285  0.526554  0.488035 0.0  0.401715  0.359602  0.413911  0.461448  0.376926  0.420311  0.331131  0.155449  0.163700  0.084558  0.437728  0.069034  0.541793  0.441632  0.362110  0.081408  0.108718  0.069034  0.164192  0.121416  0.186424  0.069034  0.113198  0.166549  0.069034  0.157450  0.069034  0.166992  0.496506  0.126542  0.576014  0.649102  0.146057  0.184932  0.069034  0.463161  0.230332  0.565798  0.490091  0.529586  0.157594  0.127021  0.403374  0.372756  0.353295  0.073217  0.364441  0.426376 
14  0.095295  0.321484  0.110218  0.320828  0.470356  0.404265  0.422480  0.354189  0.217755  0.314259  0.652260  0.719265  0.214347  0.401715 0.0  0.346021  0.149781  0.130921  0.069034  0.132773  0.438693  0.492270  0.528479  0.493434  0.379914  0.484244  0.350793  0.697636  0.087673  0.388156  0.498462  0.399678  0.511788  0.418314  0.506568  0.500845  0.502749  0.493632  0.464862  0.357293  0.411478  0.511528  0.426845  0.457621  0.165114  0.382359  0.484804  0.510018  0.423544  0.204057  0.435181  0.181063  0.076122  0.144049  0.397716  0.551901  0.250439  0.177045  0.733048  0.346950  0.069034  0.213654 
15  0.282312  0.138481  0.335050  0.262857  0.556571  0.309147  0.292026  0.308167  0.211748  0.343424  0.609920  0.541110  0.560517  0.359602  0.346021 0.0  0.396130  0.274683  0.379732  0.460739  0.568661  0.416631  0.487105  0.408632  0.216709  0.497145  0.505198  0.418522  0.304481  0.507670  0.446009  0.436849  0.546270  0.324181  0.553787  0.377033  0.420746  0.362124  0.395597  0.425729  0.341756  0.444369  0.218644  0.459810  0.471986  0.623383  0.511812  0.441186  0.520701  0.296443  0.499202  0.427924  0.290865  0.407294  0.469860  0.523498  0.152285  0.281107  0.568529  0.418689  0.486138  0.328178 
16  0.069034  0.549259  0.209003  0.396950  0.484340  0.465851  0.492067  0.434353  0.327285  0.477558  0.803016  0.697906  0.069034  0.413911  0.149781  0.396130 0.0  0.125242  0.170341  0.144775  0.476017  0.436723  0.470881  0.506297  0.408561  0.501160  0.263139  0.682604  0.158508  0.401956  0.386970  0.441508  0.436093  0.417410  0.448017  0.412801  0.393762  0.356126  0.431705  0.399654  0.494698  0.507969  0.483276  0.557687  0.124310  0.164511  0.490001  0.480640  0.469979  0.260847  0.529873  0.078333  0.136216  0.175877  0.483700  0.467816  0.233230  0.187392  0.718974  0.455062  0.069034  0.086895 
17  0.098171  0.404915  0.271191  0.365667  0.376505  0.470412  0.481382  0.444495  0.292816  0.305180  0.883518  0.823773  0.255037  0.461448  0.130921  0.274683  0.125242 0.0  0.094302  0.106010  0.517254  0.528247  0.500150  0.441105  0.626023  0.399319  0.217033  0.764566  0.208140  0.510390  0.391442  0.402146  0.412572  0.487621  0.347982  0.372260  0.492447  0.377267  0.425444  0.425261  0.368448  0.537772  0.500234  0.506383  0.264128  0.178415  0.531266  0.596702  0.426007  0.150389  0.526272  0.069034  0.092102  0.109646  0.554458  0.594077  0.230823  0.285193  0.624333  0.454316  0.082964  0.069034 
18  0.115903  0.531572  0.146988  0.334232  0.517918  0.420320  0.479617  0.494758  0.232334  0.290848  0.736305  0.751557  0.193853  0.376926  0.069034  0.379732  0.170341  0.094302 0.0  0.086627  0.509221  0.467992  0.596652  0.461042  0.536473  0.423067  0.320089  0.744145  0.096779  0.435377  0.539355  0.517535  0.470172  0.411915  0.418110  0.444160  0.369799  0.429417  0.468524  0.438510  0.568091  0.511657  0.511068  0.443807  0.103378  0.232250  0.477844  0.514027  0.403403  0.184779  0.425360  0.069034  0.144929  0.129453  0.414950  0.581016  0.122331  0.248274  0.691618  0.495165  0.102234  0.129720 
19  0.141129  0.512159  0.143234  0.386883  0.522721  0.401179  0.459849  0.461584  0.181504  0.374102  0.805378  0.775425  0.227849  0.420311  0.132773  0.460739  0.144775  0.106010  0.086627 0.0  0.407805  0.373142  0.470198  0.444716  0.508905  0.386781  0.251481  0.651868  0.069034  0.438264  0.464581  0.479140  0.336221  0.299494  0.477192  0.349006  0.308133  0.370697  0.354154  0.453478  0.471524  0.529008  0.386847  0.466639  0.208153  0.225993  0.503825  0.434032  0.392550  0.215500  0.504655  0.088489  0.069034  0.248626  0.444699  0.518966  0.103362  0.260141  0.694781  0.367836  0.161202  0.075784 
20  0.545579  0.443325  0.522382  0.580606  0.113468  0.723150  0.705161  0.702317  0.482691  0.149825  0.432987  0.467794  0.489992  0.331131  0.438693  0.568661  0.476017  0.517254  0.509221  0.407805 0.0  0.109858  0.200750  0.211503  0.533286  0.174339  0.470546  0.563514  0.506247  0.115542  0.193349  0.069034  0.083168  0.127072  0.115034  0.069034  0.192043  0.104193  0.084741  0.069034  0.170147  0.151293  0.545341  0.069034  0.547116  0.514875  0.114379  0.139011  0.177890  0.548945  0.069034  0.606954  0.432906  0.586420  0.088784  0.115678  0.542450  0.486053  0.277829  0.166937  0.548325  0.521225 
21  0.283487  0.451099  0.442914  0.561830  0.123952  0.628803  0.691822  0.647964  0.433069  0.250661  0.585067  0.458886  0.566106  0.155449  0.492270  0.416631  0.436723  0.528247  0.467992  0.373142  0.109858 0.0  0.180115  0.098940  0.551695  0.091496  0.521988  0.465492  0.416730  0.102970  0.111944  0.069034  0.169160  0.069034  0.095945  0.069034  0.069034  0.069034  0.069034  0.069034  0.069034  0.147560  0.494481  0.084118  0.587861  0.590746  0.130920  0.201509  0.082693  0.580542  0.247268  0.504305  0.463911  0.552476  0.160164  0.069034  0.482193  0.472060  0.351554  0.191147  0.416086  0.530082 
22  0.500240  0.465633  0.575644  0.559667  0.069034  0.758712  0.695969  0.719092  0.593565  0.276193  0.391588  0.451738  0.647875  0.163700  0.528479  0.487105  0.470881  0.500150  0.596652  0.470198  0.200750  0.180115 0.0  0.115915  0.506998  0.207256  0.678710  0.457396  0.483796  0.227479  0.124250  0.132834  0.161703  0.233219  0.188547  0.196345  0.227625  0.264976  0.195803  0.279907  0.212733  0.069034  0.544688  0.149474  0.530094  0.677440  0.069034  0.109056  0.146127  0.487010  0.099663  0.558436  0.525392  0.551115  0.227125  0.134294  0.554762  0.592041  0.258120  0.214217  0.557401  0.483893 
23  0.412307  0.460745  0.479200  0.647025  0.133291  0.606232  0.560144  0.622072  0.429666  0.220820  0.517240  0.496662  0.454734  0.084558  0.493434  0.408632  0.506297  0.441105  0.461042  0.444716  0.211503  0.098940  0.115915 0.0  0.417360  0.069034  0.471200  0.491843  0.410046  0.074869  0.069034  0.103191  0.133108  0.069034  0.120324  0.069034  0.069034  0.090853  0.073071  0.145721  0.123209  0.293984  0.365781  0.104173  0.490736  0.547891  0.183774  0.069034  0.069034  0.526484  0.290444  0.425593  0.370977  0.548878  0.076797  0.129846  0.484034  0.452963  0.230089  0.146592  0.447702  0.406876 
24  0.431276  0.115514  0.424512  0.140655  0.561178  0.267007  0.194794  0.165717  0.227810  0.452075  0.561331  0.577539  0.659890  0.437728  0.379914  0.216709  0.408561  0.626023  0.536473  0.508905  0.533286  0.551695  0.506998  0.417360 0.0  0.605740  0.513428  0.465188  0.320231  0.435783  0.570840  0.529392  0.463953  0.569719  0.467150  0.533069  0.512345  0.400671  0.535871  0.608013  0.468373  0.551739  0.069034  0.507866  0.358804  0.639175  0.440859  0.588382  0.425794  0.420152  0.527771  0.513878  0.397203  0.513185  0.497000  0.449711  0.331945  0.354711  0.514556  0.553124  0.461150  0.451318 
25  0.492640  0.349778  0.414302  0.526003  0.102130  0.537932  0.571831  0.644704  0.462623  0.126281  0.453629  0.556222  0.504572  0.069034  0.484244  0.497145  0.501160  0.399319  0.423067  0.386781  0.174339  0.091496  0.207256  0.069034  0.605740 0.0  0.523310  0.510825  0.399741  0.171951  0.132863  0.075613  0.112875  0.114056  0.117736  0.122835  0.069034  0.069034  0.069034  0.069034  0.069034  0.170632  0.494209  0.070780  0.445807  0.500118  0.200356  0.069034  0.077330  0.539747  0.180662  0.429778  0.441491  0.615817  0.072352  0.069034  0.466095  0.398869  0.367229  0.069034  0.521187  0.510333 
26  0.221850  0.608438  0.311941  0.482452  0.492118  0.519010  0.585932  0.633068  0.337848  0.336451  0.888701  0.882664  0.069034  0.541793  0.350793  0.505198  0.263139  0.217033  0.320089  0.251481  0.470546  0.521988  0.678710  0.471200  0.513428  0.523310 0.0  0.939532  0.317168  0.366484  0.442732  0.503561  0.471443  0.591267  0.484303  0.381903  0.374781  0.557491  0.428031  0.408457  0.437618  0.482191  0.644090  0.670900  0.230306  0.189313  0.580923  0.500782  0.571807  0.337535  0.563779  0.251900  0.248971  0.290784  0.448491  0.546211  0.392557  0.363525  0.771944  0.435082  0.154225  0.249975 
27  0.730771  0.367818  0.718798  0.650998  0.393511  0.635540  0.575256  0.528080  0.576983  0.438895  0.253982  0.264289  0.984461  0.441632  0.697636  0.418522  0.682604  0.764566  0.744145  0.651868  0.563514  0.465492  0.457396  0.491843  0.465188  0.510825  0.939532 0.0  0.720275  0.546419  0.510049  0.451908  0.509177  0.468429  0.534595  0.422956  0.551280  0.568365  0.499113  0.511154  0.480665  0.621405  0.476768  0.468405  0.672748  0.947915  0.515618  0.412810  0.500240  0.735012  0.524438  0.679818  0.703295  0.861269  0.554066  0.495866  0.681799  0.629890  0.294760  0.496845  0.667438  0.813623 
28  0.209053  0.376000  0.145485  0.371433  0.468316  0.368342  0.498636  0.432536  0.176640  0.379314  0.729071  0.737030  0.359717  0.362110  0.087673  0.304481  0.158508  0.208140  0.096779  0.069034  0.506247  0.416730  0.483796  0.410046  0.320231  0.399741  0.317168  0.720275 0.0  0.371397  0.402371  0.435590  0.476371  0.419358  0.302359  0.454883  0.358636  0.407877  0.400132  0.420156  0.487150  0.597441  0.308324  0.493177  0.149438  0.324207  0.477434  0.514377  0.353875  0.079570  0.585693  0.093892  0.215187  0.167914  0.465885  0.369291  0.069034  0.069034  0.590001  0.397843  0.160680  0.150783 
29  0.399543  0.457270  0.473692  0.517435  0.206963  0.605325  0.632511  0.598659  0.485251  0.069034  0.622048  0.575926  0.495290  0.081408  0.388156  0.507670  0.401956  0.510390  0.435377  0.438264  0.115542  0.102970  0.227479  0.074869  0.435783  0.171951  0.366484  0.546419  0.371397 0.0  0.069034  0.069034  0.084333  0.069034  0.147006  0.069034  0.154684  0.069034  0.096690  0.075417  0.107316  0.235731  0.386362  0.069034  0.562189  0.444427  0.146324  0.137704  0.093699  0.605196  0.108324  0.449822  0.416703  0.648880  0.095826  0.096234  0.427842  0.357717  0.366995  0.112689  0.402448  0.404827 
30  0.462018  0.504594  0.513292  0.610652  0.170674  0.723101  0.699860  0.652645  0.451178  0.167977  0.526966  0.445230  0.530459  0.108718  0.498462  0.446009  0.386970  0.391442  0.539355  0.464581  0.193349  0.111944  0.124250  0.069034  0.570840  0.132863  0.442732  0.510049  0.402371  0.069034 0.0  0.177172  0.158755  0.076074  0.135887  0.069034  0.093302  0.145081  0.135378  0.124159  0.118443  0.069034  0.573382  0.069034  0.576089  0.548817  0.110986  0.188886  0.094768  0.452290  0.079736  0.477131  0.489496  0.561082  0.069034  0.069034  0.473266  0.406002  0.307748  0.090248  0.413415  0.413472 
31  0.397384  0.300656  0.546800  0.452986  0.179400  0.648430  0.608773  0.557183  0.290231  0.091328  0.569391  0.504410  0.441793  0.069034  0.399678  0.436849  0.441508  0.402146  0.517535  0.479140  0.069034  0.069034  0.132834  0.103191  0.529392  0.075613  0.503561  0.451908  0.435590  0.069034  0.177172 0.0  0.069034  0.075582  0.130847  0.089825  0.097177  0.069034  0.140175  0.078103  0.073313  0.182481  0.398405  0.170095  0.548445  0.596391  0.194460  0.179744  0.069034  0.482677  0.121809  0.422540  0.374631  0.485958  0.211820  0.112678  0.515666  0.413434  0.290468  0.069034  0.360519  0.439945 
32  0.351601  0.494614  0.296406  0.576800  0.115490  0.680451  0.705831  0.606226  0.383354  0.142033  0.601039  0.653691  0.428398  0.164192  0.511788  0.546270  0.436093  0.412572  0.470172  0.336221  0.083168  0.169160  0.161703  0.133108  0.463953  0.112875  0.471443  0.509177  0.476371  0.084333  0.158755  0.069034 0.0  0.069034  0.084990  0.105216  0.069660  0.170589  0.150539  0.139846  0.143186  0.108465  0.566190  0.113620  0.420090  0.499561  0.186152  0.156497  0.178027  0.479024  0.164121  0.395952  0.351244  0.557709  0.202838  0.250994  0.404226  0.481651  0.441620  0.082784  0.339041  0.406889 
33  0.431771  0.501067  0.406557  0.513073  0.143033  0.580482  0.665591  0.558741  0.461524  0.195096  0.480121  0.534147  0.406829  0.121416  0.418314  0.324181  0.417410  0.487621  0.411915  0.299494  0.127072  0.069034  0.233219  0.069034  0.569719  0.114056  0.591267  0.468429  0.419358  0.069034  0.076074  0.075582  0.069034 0.0  0.149239  0.071560  0.069034  0.104527  0.069034  0.138623  0.069561  0.069034  0.527357  0.135826  0.358712  0.472898  0.172852  0.213168  0.112330  0.529031  0.145537  0.409358  0.385565  0.560074  0.114407  0.149648  0.381237  0.501230  0.288066  0.145845  0.471509  0.421646 
34  0.391911  0.281342  0.364054  0.468668  0.083293  0.697994  0.655491  0.623762  0.262810  0.137819  0.521864  0.562915  0.355381  0.186424  0.506568  0.553787  0.448017  0.347982  0.418110  0.477192  0.115034  0.095945  0.188547  0.120324  0.467150  0.117736  0.484303  0.534595  0.302359  0.147006  0.135887  0.130847  0.084990  0.149239 0.0  0.130285  0.069034  0.069034  0.103613  0.091483  0.181865  0.161545  0.392982  0.103291  0.494446  0.570759  0.192754  0.106079  0.069034  0.487927  0.267858  0.448560  0.339752  0.587486  0.147866  0.203261  0.391856  0.432147  0.315641  0.069034  0.290121  0.373587 
35  0.432764  0.462386  0.462166  0.517588  0.124925  0.617904  0.569355  0.704257  0.291380  0.233778  0.597513  0.398735  0.492056  0.069034  0.500845  0.377033  0.412801  0.372260  0.444160  0.349006  0.069034  0.069034  0.196345  0.069034  0.533069  0.122835  0.381903  0.422956  0.454883  0.069034  0.069034  0.089825  0.105216  0.071560  0.130285 0.0  0.195917  0.093643  0.098538  0.128247  0.135208  0.205759  0.453732  0.164445  0.461569  0.622067  0.069034  0.102005  0.069034  0.578721  0.180371  0.433627  0.418884  0.499274  0.086961  0.074134  0.558319  0.418704  0.406865  0.153291  0.443041  0.423694 
36  0.447020  0.371362  0.316758  0.489022  0.183687  0.648534  0.752684  0.588041  0.481895  0.137365  0.504008  0.586128  0.442437  0.113198  0.502749  0.420746  0.393762  0.492447  0.369799  0.308133  0.192043  0.069034  0.227625  0.069034  0.512345  0.069034  0.374781  0.551280  0.358636  0.154684  0.093302  0.097177  0.069660  0.069034  0.069034  0.195917 0.0  0.069034  0.087503  0.158300  0.069034  0.086874  0.504299  0.171863  0.502269  0.608718  0.240998  0.118440  0.069034  0.466732  0.082787  0.274889  0.445392  0.472442  0.156148  0.120869  0.394269  0.423020  0.302400  0.069034  0.345318  0.437317 
37  0.477597  0.577951  0.534835  0.570852  0.218730  0.660344  0.586758  0.630684  0.406975  0.069034  0.575023  0.561203  0.461246  0.166549  0.493632  0.362124  0.356126  0.377267  0.429417  0.370697  0.104193  0.069034  0.264976  0.090853  0.400671  0.069034  0.557491  0.568365  0.407877  0.069034  0.145081  0.069034  0.170589  0.104527  0.069034  0.093643  0.069034 0.0  0.118685  0.069034  0.069034  0.269119  0.390755  0.141983  0.530560  0.583521  0.216483  0.114663  0.079507  0.470736  0.164606  0.513643  0.414118  0.583745  0.127041  0.161676  0.432068  0.362032  0.400056  0.069034  0.372216  0.312811 
38  0.360161  0.311985  0.440959  0.579384  0.080598  0.580470  0.667483  0.559319  0.451864  0.165953  0.556202  0.540518  0.495169  0.069034  0.464862  0.395597  0.431705  0.425444  0.468524  0.354154  0.084741  0.069034  0.195803  0.073071  0.535871  0.069034  0.428031  0.499113  0.400132  0.096690  0.135378  0.140175  0.150539  0.069034  0.103613  0.098538  0.087503  0.118685 0.0  0.089133  0.072046  0.258610  0.505302  0.119133  0.510369  0.577425  0.217136  0.188110  0.081090  0.356194  0.181759  0.506377  0.422589  0.537282  0.120311  0.069034  0.398695  0.365144  0.332769  0.099626  0.368013  0.471026 
39  0.262311  0.518224  0.454587  0.545469  0.165044  0.624126  0.717896  0.720975  0.441168  0.226756  0.471599  0.486394  0.515447  0.157450  0.357293  0.425729  0.399654  0.425261  0.438510  0.453478  0.069034  0.069034  0.279907  0.145721  0.608013  0.069034  0.408457  0.511154  0.420156  0.075417  0.124159  0.078103  0.139846  0.138623  0.091483  0.128247  0.158300  0.069034  0.089133 0.0  0.069034  0.184713  0.489885  0.150930  0.467714  0.528766  0.124671  0.069034  0.069034  0.562499  0.192196  0.393027  0.513738  0.654051  0.123330  0.124100  0.435775  0.379549  0.228216  0.069034  0.412576  0.355739 
40  0.436018  0.418552  0.534458  0.504915  0.164829  0.679830  0.618828  0.570281  0.377066  0.136633  0.435027  0.504072  0.497454  0.069034  0.411478  0.341756  0.494698  0.368448  0.568091  0.471524  0.170147  0.069034  0.212733  0.123209  0.468373  0.069034  0.437618  0.480665  0.487150  0.107316  0.118443  0.073313  0.143186  0.069561  0.181865  0.135208  0.069034  0.069034  0.072046  0.069034 0.0  0.069034  0.460738  0.123102  0.508317  0.581723  0.157576  0.126054  0.092894  0.541976  0.117445  0.393120  0.434142  0.635386  0.185024  0.118600  0.434661  0.416860  0.359545  0.069034  0.534406  0.503533 
41  0.574203  0.565137  0.424491  0.690378  0.069034  0.693179  0.653718  0.622456  0.514342  0.255350  0.486131  0.485689  0.546250  0.166992  0.511528  0.444369  0.507969  0.537772  0.511657  0.529008  0.151293  0.147560  0.069034  0.293984  0.551739  0.170632  0.482191  0.621405  0.597441  0.235731  0.069034  0.182481  0.108465  0.069034  0.161545  0.205759  0.086874  0.269119  0.258610  0.184713  0.069034 0.0  0.533388  0.109006  0.555313  0.614936  0.097667  0.166070  0.120975  0.603004  0.081856  0.524346  0.452187  0.681651  0.176935  0.069034  0.583992  0.452396  0.319181  0.087710  0.453548  0.559407 
42  0.452996  0.069034  0.410483  0.313462  0.633803  0.282140  0.225097  0.133614  0.306397  0.410720  0.553564  0.580744  0.761505  0.496506  0.426845  0.218644  0.483276  0.500234  0.511068  0.386847  0.545341  0.494481  0.544688  0.365781  0.069034  0.494209  0.644090  0.476768  0.308324  0.386362  0.573382  0.398405  0.566190  0.527357  0.392982  0.453732  0.504299  0.390755  0.505302  0.489885  0.460738  0.533388 0.0  0.502231  0.332203  0.619010  0.438963  0.483673  0.469623  0.430232  0.661444  0.478315  0.409935  0.629025  0.519362  0.508754  0.294723  0.349692  0.598799  0.556040  0.500877  0.432779 
43  0.478233  0.491095  0.474855  0.544029  0.212195  0.646388  0.592287  0.561712  0.465543  0.218258  0.449018  0.445910  0.538965  0.126542  0.457621  0.459810  0.557687  0.506383  0.443807  0.466639  0.069034  0.084118  0.149474  0.104173  0.507866  0.070780  0.670900  0.468405  0.493177  0.069034  0.069034  0.170095  0.113620  0.135826  0.103291  0.164445  0.171863  0.141983  0.119133  0.150930  0.123102  0.109006  0.502231 0.0  0.524391  0.619110  0.106706  0.069034  0.222466  0.462914  0.138645  0.425280  0.409206  0.611958  0.134313  0.069034  0.486316  0.536127  0.352895  0.118800  0.502386  0.474812 
44  0.285307  0.494808  0.183694  0.333744  0.498501  0.376851  0.441083  0.427863  0.232235  0.337588  0.838587  0.807023  0.338058  0.576014  0.165114  0.471986  0.124310  0.264128  0.103378  0.208153  0.547116  0.587861  0.530094  0.490736  0.358804  0.445807  0.230306  0.672748  0.149438  0.562189  0.576089  0.548445  0.420090  0.358712  0.494446  0.461569  0.502269  0.530560  0.510369  0.467714  0.508317  0.555313  0.332203  0.524391 0.0  0.248317  0.512743  0.459333  0.529642  0.069034  0.641105  0.192089  0.084770  0.130978  0.548960  0.488314  0.228577  0.234481  0.738772  0.481779  0.143427  0.141184 
45  0.140521  0.604061  0.315153  0.444896  0.558966  0.598829  0.667297  0.612120  0.287353  0.375550  0.897627  1.000000  0.197853  0.649102  0.382359  0.623383  0.164511  0.178415  0.232250  0.225993  0.514875  0.590746  0.677440  0.547891  0.639175  0.500118  0.189313  0.947915  0.324207  0.444427  0.548817  0.596391  0.499561  0.472898  0.570759  0.622067  0.608718  0.583521  0.577425  0.528766  0.581723  0.614936  0.619010  0.619110  0.248317 0.0  0.602429  0.523381  0.488632  0.354250  0.605863  0.200518  0.276368  0.233462  0.575443  0.549238  0.334971  0.424170  0.686738  0.591184  0.156483  0.119480 
46  0.507548  0.433283  0.556597  0.573935  0.086246  0.665355  0.634677  0.652060  0.508445  0.332404  0.434076  0.486310  0.531776  0.146057  0.484804  0.511812  0.490001  0.531266  0.477844  0.503825  0.114379  0.130920  0.069034  0.183774  0.440859  0.200356  0.580923  0.515618  0.477434  0.146324  0.110986  0.194460  0.186152  0.172852  0.192754  0.069034  0.240998  0.216483  0.217136  0.124671  0.157576  0.097667  0.438963  0.106706  0.512743  0.602429 0.0  0.151047  0.161605  0.632283  0.145280  0.506587  0.542752  0.613545  0.077868  0.073037  0.546482  0.566451  0.355806  0.228944  0.626328  0.456498 
47  0.514969  0.503025  0.508058  0.603802  0.069034  0.720511  0.668771  0.646726  0.570779  0.134980  0.539666  0.530899  0.562589  0.184932  0.510018  0.441186  0.480640  0.596702  0.514027  0.434032  0.139011  0.201509  0.109056  0.069034  0.588382  0.069034  0.500782  0.412810  0.514377  0.137704  0.188886  0.179744  0.156497  0.213168  0.106079  0.102005  0.118440  0.114663  0.188110  0.069034  0.126054  0.166070  0.483673  0.069034  0.459333  0.523381  0.151047 0.0  0.117508  0.444818  0.198267  0.506617  0.496692  0.572688  0.069034  0.107461  0.502886  0.510054  0.349176  0.101741  0.506111  0.397960 
48  0.434306  0.491219  0.536144  0.451339  0.144899  0.642626  0.756737  0.539110  0.470244  0.127964  0.400041  0.514100  0.352222  0.069034  0.423544  0.520701  0.469979  0.426007  0.403403  0.392550  0.177890  0.082693  0.146127  0.069034  0.425794  0.077330  0.571807  0.500240  0.353875  0.093699  0.094768  0.069034  0.178027  0.112330  0.069034  0.069034  0.069034  0.079507  0.081090  0.069034  0.092894  0.120975  0.469623  0.222466  0.529642  0.488632  0.161605  0.117508 0.0  0.503034  0.122176  0.405277  0.318016  0.549392  0.187620  0.125188  0.466345  0.386091  0.315857  0.069034  0.328704  0.439126 
49  0.240847  0.407431  0.079244  0.267466  0.609710  0.358297  0.273859  0.332951  0.220813  0.474249  0.722476  0.783214  0.371775  0.463161  0.204057  0.296443  0.260847  0.150389  0.184779  0.215500  0.548945  0.580542  0.487010  0.526484  0.420152  0.539747  0.337535  0.735012  0.079570  0.605196  0.452290  0.482677  0.479024  0.529031  0.487927  0.578721  0.466732  0.470736  0.356194  0.562499  0.541976  0.603004  0.430232  0.462914  0.069034  0.354250  0.632283  0.444818  0.503034 0.0  0.528635  0.134871  0.150234  0.183336  0.576061  0.542817  0.069034  0.120665  0.673095  0.447070  0.187233  0.230569 
50  0.354664  0.444019  0.505541  0.560654  0.079608  0.755165  0.762538  0.690529  0.495198  0.235327  0.519736  0.583375  0.573524  0.230332  0.435181  0.499202  0.529873  0.526272  0.425360  0.504655  0.069034  0.247268  0.099663  0.290444  0.527771  0.180662  0.563779  0.524438  0.585693  0.108324  0.079736  0.121809  0.164121  0.145537  0.267858  0.180371  0.082787  0.164606  0.181759  0.192196  0.117445  0.081856  0.661444  0.138645  0.641105  0.605863  0.145280  0.198267  0.122176  0.528635 0.0  0.522238  0.595736  0.636635  0.069034  0.070339  0.558460  0.544758  0.357126  0.146314  0.466866  0.529207 
51  0.108072  0.454394  0.129535  0.336937  0.526909  0.468398  0.472448  0.414294  0.297407  0.403327  0.739449  0.858683  0.239923  0.565798  0.181063  0.427924  0.078333  0.069034  0.069034  0.088489  0.606954  0.504305  0.558436  0.425593  0.513878  0.429778  0.251900  0.679818  0.093892  0.449822  0.477131  0.422540  0.395952  0.409358  0.448560  0.433627  0.274889  0.513643  0.506377  0.393027  0.393120  0.524346  0.478315  0.425280  0.192089  0.200518  0.506587  0.506617  0.405277  0.134871  0.522238 0.0  0.069034  0.270762  0.509924  0.456867  0.216806  0.220337  0.725072  0.478300  0.069034  0.201550 
52  0.073773  0.285141  0.131815  0.286983  0.438044  0.442638  0.405527  0.533817  0.168750  0.458472  0.740623  0.852806  0.274978  0.490091  0.076122  0.290865  0.136216  0.092102  0.144929  0.069034  0.432906  0.463911  0.525392  0.370977  0.397203  0.441491  0.248971  0.703295  0.215187  0.416703  0.489496  0.374631  0.351244  0.385565  0.339752  0.418884  0.445392  0.414118  0.422589  0.513738  0.434142  0.452187  0.409935  0.409206  0.084770  0.276368  0.542752  0.496692  0.318016  0.150234  0.595736  0.069034 0.0  0.177916  0.453504  0.570751  0.208413  0.214445  0.780254  0.469639  0.069034  0.190521 
53  0.147270  0.567676  0.162916  0.332217  0.648342  0.383663  0.466226  0.517582  0.350969  0.374312  0.869748  0.900827  0.234569  0.529586  0.144049  0.407294  0.175877  0.109646  0.129453  0.248626  0.586420  0.552476  0.551115  0.548878  0.513185  0.615817  0.290784  0.861269  0.167914  0.648880  0.561082  0.485958  0.557709  0.560074  0.587486  0.499274  0.472442  0.583745  0.537282  0.654051  0.635386  0.681651  0.629025  0.611958  0.130978  0.233462  0.613545  0.572688  0.549392  0.183336  0.636635  0.270762  0.177916 0.0  0.518116  0.606412  0.217281  0.225167  0.740708  0.548157  0.241998  0.159377 
54  0.550648  0.537230  0.417989  0.688664  0.203138  0.613744  0.669409  0.662091  0.541988  0.195804  0.533506  0.569849  0.466470  0.157594  0.397716  0.469860  0.483700  0.554458  0.414950  0.444699  0.088784  0.160164  0.227125  0.076797  0.497000  0.072352  0.448491  0.554066  0.465885  0.095826  0.069034  0.211820  0.202838  0.114407  0.147866  0.086961  0.156148  0.127041  0.120311  0.123330  0.185024  0.176935  0.519362  0.134313  0.548960  0.575443  0.077868  0.069034  0.187620  0.576061  0.069034  0.509924  0.453504  0.518116 0.0  0.094670  0.426709  0.415181  0.294005  0.085227  0.458222  0.456872 
55  0.436903  0.525505  0.405145  0.625258  0.112041  0.651313  0.557696  0.560224  0.446572  0.086951  0.485665  0.443104  0.528657  0.127021  0.551901  0.523498  0.467816  0.594077  0.581016  0.518966  0.115678  0.069034  0.134294  0.129846  0.449711  0.069034  0.546211  0.495866  0.369291  0.096234  0.069034  0.112678  0.250994  0.149648  0.203261  0.074134  0.120869  0.161676  0.069034  0.124100  0.118600  0.069034  0.508754  0.069034  0.488314  0.549238  0.073037  0.107461  0.125188  0.542817  0.070339  0.456867  0.570751  0.606412  0.094670 0.0  0.481368  0.586710  0.201663  0.194206  0.480179  0.470668 
56  0.159522  0.196646  0.165712  0.310978  0.618214  0.236702  0.272765  0.370111  0.211064  0.491171  0.694463  0.778726  0.309536  0.403374  0.250439  0.152285  0.233230  0.230823  0.122331  0.103362  0.542450  0.482193  0.554762  0.484034  0.331945  0.466095  0.392557  0.681799  0.069034  0.427842  0.473266  0.515666  0.404226  0.381237  0.391856  0.558319  0.394269  0.432068  0.398695  0.435775  0.434661  0.583992  0.294723  0.486316  0.228577  0.334971  0.546482  0.502886  0.466345  0.069034  0.558460  0.216806  0.208413  0.217281  0.426709  0.481368 0.0  0.076261  0.674017  0.380595  0.296991  0.228243 
57  0.069034  0.390521  0.069034  0.184696  0.519692  0.315173  0.372461  0.308954  0.069034  0.220678  0.629505  0.595187  0.355568  0.372756  0.177045  0.281107  0.187392  0.285193  0.248274  0.260141  0.486053  0.472060  0.592041  0.452963  0.354711  0.398869  0.363525  0.629890  0.069034  0.357717  0.406002  0.413434  0.481651  0.501230  0.432147  0.418704  0.423020  0.362032  0.365144  0.379549  0.416860  0.452396  0.349692  0.536127  0.234481  0.424170  0.566451  0.510054  0.386091  0.120665  0.544758  0.220337  0.214445  0.225167  0.415181  0.586710  0.076261 0.0  0.666896  0.536983  0.264493  0.184268 
58  0.664407  0.492747  0.730944  0.645320  0.288942  0.861637  0.755465  0.725227  0.650171  0.385128  0.168234  0.262507  0.801144  0.353295  0.733048  0.568529  0.718974  0.624333  0.691618  0.694781  0.277829  0.351554  0.258120  0.230089  0.514556  0.367229  0.771944  0.294760  0.590001  0.366995  0.307748  0.290468  0.441620  0.288066  0.315641  0.406865  0.302400  0.400056  0.332769  0.228216  0.359545  0.319181  0.598799  0.352895  0.738772  0.686738  0.355806  0.349176  0.315857  0.673095  0.357126  0.725072  0.780254  0.740708  0.294005  0.201663  0.674017  0.666896 0.0  0.354399  0.678671  0.597775 
59  0.411708  0.403217  0.513690  0.534040  0.107572  0.708973  0.619415  0.533726  0.416496  0.113836  0.566464  0.492514  0.506242  0.073217  0.346950  0.418689  0.455062  0.454316  0.495165  0.367836  0.166937  0.191147  0.214217  0.146592  0.553124  0.069034  0.435082  0.496845  0.397843  0.112689  0.090248  0.069034  0.082784  0.145845  0.069034  0.153291  0.069034  0.069034  0.099626  0.069034  0.069034  0.087710  0.556040  0.118800  0.481779  0.591184  0.228944  0.101741  0.069034  0.447070  0.146314  0.478300  0.469639  0.548157  0.085227  0.194206  0.380595  0.536983  0.354399 0.0  0.483062  0.433329 
60  0.069034  0.453841  0.084818  0.379791  0.458148  0.332191  0.390614  0.581588  0.270344  0.372023  0.934777  0.762221  0.297186  0.364441  0.069034  0.486138  0.069034  0.082964  0.102234  0.161202  0.548325  0.416086  0.557401  0.447702  0.461150  0.521187  0.154225  0.667438  0.160680  0.402448  0.413415  0.360519  0.339041  0.471509  0.290121  0.443041  0.345318  0.372216  0.368013  0.412576  0.534406  0.453548  0.500877  0.502386  0.143427  0.156483  0.626328  0.506111  0.328704  0.187233  0.466866  0.069034  0.069034  0.241998  0.458222  0.480179  0.296991  0.264493  0.678671  0.483062 0.0  0.149738 
61  0.069034  0.493891  0.136442  0.349991  0.417303  0.495160  0.408756  0.608063  0.167075  0.385152  0.767403  0.741669  0.237426  0.426376  0.213654  0.328178  0.086895  0.069034  0.129720  0.075784  0.521225  0.530082  0.483893  0.406876  0.451318  0.510333  0.249975  0.813623  0.150783  0.404827  0.413472  0.439945  0.406889  0.421646  0.373587  0.423694  0.437317  0.312811  0.471026  0.355739  0.503533  0.559407  0.432779  0.474812  0.141184  0.119480  0.456498  0.397960  0.439126  0.230569  0.529207  0.201550  0.190521  0.159377  0.456872  0.470668  0.228243  0.184268  0.597775  0.433329  0.149738 0.0 
